Gaia/vari_eclipsing_binary/VariEclipsingBinary_488352-488377.csv
# %ECSV 1.0
# ---
# delimiter: ','
# meta: !!omap
# - RELEASE: Gaia DR3
# - TABLE: vari_eclipsing_binary
# - DESCRIPTION: >
#     This table describes the properties of the eclipsing binaries resulting from the variability analysis. 
# - CITATION: >
#     How to cite and acknowledge Gaia: 
#     https://gea.esac.esa.int/archive/documentation/credits.html 
# - KNOWN_ISSUES: >
#     Known issues: 
#     https://www.cosmos.esa.int/web/gaia-users/known-issues 
# - DOCUMENTATION: >
#     Tutorials and documentation: 
#     https://www.cosmos.esa.int/web/gaia-users/archive 
# datatype:
# - 
#   name: solution_id
#   datatype: int64
#   description: Solution Identifier
#   meta:
#     ucd: meta.version
# - 
#   name: source_id
#   datatype: int64
#   description: Unique source identifier
#   meta:
#     ucd: meta.id;meta.main
# - 
#   name: global_ranking
#   datatype: float32
#   description: Number between 0 (worst) and 1 (best)
#   meta:
#     ucd: stat.param
# - 
#   name: reference_time
#   datatype: float64
#   unit: d
#   description: Reference time used for the geometric model fit
#   meta:
#     ucd: time.epoch
# - 
#   name: frequency
#   datatype: float64
#   unit: d**-1
#   description: Frequency of geometric model of the eclipsing binary light curve
#   meta:
#     ucd: src.orbital
# - 
#   name: frequency_error
#   datatype: float32
#   unit: d**-1
#   description: "Uncertainty of \\texttt{frequency}"
#   meta:
#     ucd: stat.error
# - 
#   name: geom_model_reference_level
#   datatype: float32
#   unit: mag
#   description: Magnitude reference level of geometric model
#   meta:
#     ucd: phot.mag;em.opt
# - 
#   name: geom_model_reference_level_error
#   datatype: float32
#   unit: mag
#   description: "Uncertainty of \\texttt{geomModelReferenceLevel}"
#   meta:
#     ucd: stat.error;phot.mag;em.opt
# - 
#   name: geom_model_gaussian1_phase
#   datatype: float32
#   description: Phase of the Gaussian 1 component
#   meta:
#     ucd: time.phase
# - 
#   name: geom_model_gaussian1_phase_error
#   datatype: float32
#   description: "Uncertainty of \\texttt{geomModelGaussian1Phase}"
#   meta:
#     ucd: stat.error;time.phase
# - 
#   name: geom_model_gaussian1_sigma
#   datatype: float32
#   description: "Standard deviation [phase] of Gaussian 1 component"
#   meta:
#     ucd: stat.stdev
# - 
#   name: geom_model_gaussian1_sigma_error
#   datatype: float32
#   description: "Uncertainty of \\texttt{geomModelGaussian1Sigma}"
#   meta:
#     ucd: stat.error
# - 
#   name: geom_model_gaussian1_depth
#   datatype: float32
#   unit: mag
#   description: Magnitude depth of Gaussian 1 component
#   meta:
#     ucd: src.var.amplitude
# - 
#   name: geom_model_gaussian1_depth_error
#   datatype: float32
#   unit: mag
#   description: "Uncertainty of \\texttt{geomModelGaussian1Depth}"
#   meta:
#     ucd: stat.error;src.var.amplitude
# - 
#   name: geom_model_gaussian2_phase
#   datatype: float32
#   description: Phase of Gaussian 2 component
#   meta:
#     ucd: time.phase
# - 
#   name: geom_model_gaussian2_phase_error
#   datatype: float32
#   description: "Uncertainty of \\texttt{geomModelGaussian2Phase}"
#   meta:
#     ucd: stat.error;time.phase
# - 
#   name: geom_model_gaussian2_sigma
#   datatype: float32
[...]
#   datatype: float32
#   description: "Secondary eclipse: uncertainty of \\texttt{derivedSecondaryEclDuration}"
#   meta:
#     ucd: stat.error;time.duration
# - 
#   name: derived_secondary_ecl_depth
#   datatype: float32
#   unit: mag
#   description: "Secondary eclipse: depth"
#   meta:
#     ucd: src.var.amplitude
# - 
#   name: derived_secondary_ecl_depth_error
#   datatype: float32
#   unit: mag
#   description: "Secondary eclipse: uncertainty of \\texttt{derivedSecondaryEclDepth}"
#   meta:
#     ucd: stat.error;src.var.amplitude
solution_id,source_id,global_ranking,reference_time,frequency,frequency_error,geom_model_reference_level,geom_model_reference_level_error,geom_model_gaussian1_phase,geom_model_gaussian1_phase_error,geom_model_gaussian1_sigma,geom_model_gaussian1_sigma_error,geom_model_gaussian1_depth,geom_model_gaussian1_depth_error,geom_model_gaussian2_phase,geom_model_gaussian2_phase_error,geom_model_gaussian2_sigma,geom_model_gaussian2_sigma_error,geom_model_gaussian2_depth,geom_model_gaussian2_depth_error,geom_model_cosine_half_period_amplitude,geom_model_cosine_half_period_amplitude_error,geom_model_cosine_half_period_phase,geom_model_cosine_half_period_phase_error,model_type,num_model_parameters,reduced_chi2,derived_primary_ecl_phase,derived_primary_ecl_phase_error,derived_primary_ecl_duration,derived_primary_ecl_duration_error,derived_primary_ecl_depth,derived_primary_ecl_depth_error,derived_secondary_ecl_phase,derived_secondary_ecl_phase_error,derived_secondary_ecl_duration,derived_secondary_ecl_duration_error,derived_secondary_ecl_depth,derived_secondary_ecl_depth_error
[from data line 340]
375316653866487564,4295715758508135552,0.4719105,2151.1898800421823,1.460535762794,1.2876616E-4,19.128511,0.05097316,0.27969825,0.005868151,0.057191618,0.014376128,0.4970317,0.107271954,0.5596934,0.039164465,0.18489404,0.04554466,0.36850175,0.058041777,null,null,null,null,"TWOGAUSSIANS",8,12.149481,0.28621826,0.0034408374,0.32027304,0.079691984,0.59810406,0.09980817,0.5596934,0.039164465,0.4,0.0,0.3492138,0.051198218
375316653866487564,4295715999041847424,0.6447365,2132.9261902296907,0.34443144747588456,7.0189235E-6,15.6831455,0.010390103,0.26009095,0.0019592193,0.062259495,0.005142836,0.2206263,0.020438226,0.7539774,0.0044851177,0.058365595,0.016002057,0.036498908,0.025336683,0.06376848,0.0116462195,0.7539774,0.0044851177,"TWOGAUSSIANS_WITH_ELLIPSOIDAL_ON_ECLIPSE2",9,12.862499,0.25917095,0.0012841198,0.34865317,0.02879988,0.34795287,0.00632583,0.7539774,0.0044851177,0.3268473,0.08961152,0.16398534,0.005681337
375316653866487564,4295717751374239104,0.5061164,2133.7474041664495,1.9187508482888,2.4271605E-5,19.11005,0.033172075,0.3179103,0.009962704,0.06604886,0.009393528,0.43949044,0.04648858,0.7990011,0.007488778,0.069584936,0.013174101,0.21059462,0.036060337,null,null,null,null,"TWOGAUSSIANS",8,6.541547,0.3179103,0.009962704,0.3698736,0.048128948,0.43909308,0.04562093,0.7990011,0.007488778,0.38967562,0.03330766,0.21019727,0.03467857
375316653866487564,4295718094972090880,0.45686278,2113.6127500304137,2.061629038031833,5.275706E-5,19.858114,0.022525448,0.35424027,0.014027275,0.070226714,0.019642204,0.21810327,0.051813994,0.86283445,0.014984001,0.06579276,0.018662613,0.20983532,0.025563234,null,null,null,null,"TWOGAUSSIANS",8,1.9138225,0.35424027,0.014027275,0.3932696,0.08051199,0.21770938,0.052153397,0.86283445,0.014984001,0.36843944,0.073615,0.20944141,0.025273021
375316653866487564,4295718988339270784,0.5256254,2147.039182344546,2.1181848296053225,9.1058944E-5,15.907256,0.005028235,0.21963817,0.004906592,0.040367436,0.0060698637,0.31117305,0.04219046,0.713403,0.022428669,0.07315643,0.030597996,0.090203024,0.013134324,null,null,null,null,"TWOGAUSSIANS",8,72.251305,0.21963817,0.004906592,0.22605763,0.033991236,0.3111604,0.04219902,0.713403,0.022428669,0.4,0.09801164,0.09019035,0.013194744
375316653866487564,4295719091405071360,0.5179259,2183.078492232699,0.9138571259645232,6.464436E-5,19.455418,0.0061850813,0.24755824,0.012291827,0.023516541,0.020778406,0.35072938,116840.26,0.759454,0.045563612,0.04257234,0.019275686,0.6726437,3.7141533,null,null,null,null,"TWOGAUSSIANS",8,1.5757186,0.759454,0.045563612,0.23840511,0.10794385,0.6726437,3.7141533,0.24755824,0.012291827,0.13169263,0.11635908,0.35072938,116840.26
375316653866487564,4295719331936719232,0.49591848,2180.482926499924,0.6799483403044386,1.0263467E-4,17.084044,0.0019880505,0.7864057,0.0055948817,0.037479326,0.008297884,0.12426162,0.019345012,null,null,null,null,null,null,null,null,null,null,"ONEGAUSSIAN",5,4.6980042,0.7864057,0.0055948817,0.20988423,0.04646815,0.12426162,0.0,null,null,null,null,null,null
375316653866487564,4295719435015809536,0.5325153,2180.420880095092,2.4596427305578685,1.1580313E-5,16.2021,0.006507048,0.69867676,0.0019521218,0.041080367,0.02718657,0.02554254,0.012735918,null,null,null,null,null,null,0.12115653,0.009901566,0.69867676,0.0019521218,"ONEGAUSSIAN_WITH_ELLIPSOIDAL",6,39.074516,0.69867676,0.0019521218,0.23005006,0.15224479,0.26785508,0.009776173,null,null,null,null,null,null
375316653866487564,4295719469361377920,0.4375735,2123.4106844165967,2.2011164018187217,1.8370544E-4,19.522785,0.012785593,0.46981597,0.040606212,0.065997794,0.039165813,0.69271547,1.2816287,null,null,null,null,null,null,null,null,null,null,"ONEGAUSSIAN",5,15.4655,0.46981597,0.040606212,0.36958766,0.119337104,0.69271547,0.0,null,null,null,null,null,null
375316653866487564,4295719774290446080,0.5167148,2147.9941217783876,0.7663188364748782,2.7992472E-5,17.536959,0.014871474,0.29392263,0.016279656,0.080367245,0.033851758,0.19537143,0.11698788,0.7825254,0.0046324716,0.096608475,0.016465442,0.08801038,0.01359805,null,null,null,null,"TWOGAUSSIANS",8,2.3792245,0.29392263,0.016279656,0.4,0.0,0.19156237,0.12591165,0.7825254,0.0046324716,0.4,0.0,0.08420099,0.004716088
375316653866487564,4295720186607405056,0.5380305,2102.9105703261134,2.8597676696036154,6.467278E-5,19.347788,0.028055152,0.2702966,0.00505836,0.061041858,0.0073805475,0.5605668,0.111518405,0.75727034,0.018460875,0.071844295,0.022225568,0.4807624,0.038409438,null,null,null,null,"TWOGAUSSIANS",8,6.6866016,0.2702966,0.00505836,0.3418344,0.041331064,0.5599707,0.11149028,0.75727034,0.018460875,0.4,0.07000022,0.48016626,0.037994448
375316653866487564,4295720706326211968,0.5629684,2164.781316097981,1.8132473229057562,1.6035438E-5,17.851122,0.24683414,0.28036153,0.011687981,0.10409011,0.03785624,0.26178423,0.21652827,0.7786825,0.02288153,0.119233236,0.08987338,0.26192433,0.22475544,null,null,null,null,"TWOGAUSSIANS",8,3.4411676,0.7786825,0.02288153,0.4,0.0,0.22004575,0.03186851,0.28037152,0.011134156,0.4,0.0,0.2199802,0.016520295
375316653866487564,4295720706326224640,0.54809403,2143.4391365691226,0.8995980488464891,1.2208209E-5,16.578047,0.01670016,0.27673778,0.016944526,0.13003458,0.057362754,0.07984275,0.012315011,0.7481989,0.0025188348,0.043746114,0.002871022,0.45354402,0.015037063,null,null,null,null,"TWOGAUSSIANS",8,35.80071,0.7481989,0.0025188348,0.24497825,0.016077723,0.45170376,0.011226103,0.27673778,0.016944526,0.4,0.0,0.07787024,0.013737429
375316653866487564,4295720976869965696,0.5546536,2176.46195077065,2.317481620859883,1.8198205E-5,18.08241,0.015385313,0.21194883,0.0032631406,0.0822899,0.0050133825,0.35913,0.018987179,0.7047811,0.007967731,0.08166376,0.0076330947,0.38765478,0.030860731,null,null,null,null,"TWOGAUSSIANS",8,6.290551,0.7047811,0.007967731,0.4,0.0,0.3814183,0.030117784,0.21194883,0.0032631406,0.4,0.0,0.35289353,0.017567413
375316653866487564,4295721427880754176,0.5533931,2139.2670415452144,1.420721130115903,1.0731864E-5,18.050848,0.049417727,0.23087299,0.0031463543,0.08436057,0.016543513,0.35800576,0.03703643,0.7411644,0.0077846586,0.10076064,0.026690349,0.20637758,0.042303238,null,null,null,null,"TWOGAUSSIANS",8,6.751442,0.23087299,0.0031463543,0.4,0.018653302,0.34629285,0.026590217,0.7411644,0.0077846586,0.4,0.0,0.19466259,0.03186751
375316653866487564,4295721771478350464,0.49079007,2133.222243171474,0.9231533546774218,3.5727502E-5,16.76237,0.011118021,0.15656611,0.049427297,0.092182726,0.10623598,0.011971221,0.01311712,0.6593185,0.008722126,0.100993775,0.01636344,0.06729675,0.010978067,null,null,null,null,"TWOGAUSSIANS",8,4.9203315,0.6593185,0.008299596,0.4,0.0,0.0654154,0.00815262,0.15656611,0.049712256,0.4,0.0,0.010090507,0.0086565325
375316653866487564,4295722007674100608,0.6382835,2123.7666952297395,2.9925012941488496,4.700342E-6,18.432146,0.0056581637,0.30251515,0.0012635299,0.0278295,0.0029262982,0.3027104,0.050030097,0.80799824,0.016275438,0.04143368,0.011608604,0.27906403,0.029387299,0.14931211,0.0069864574,0.30251515,0.0012635299,"TWOGAUSSIANS_WITH_ELLIPSOIDAL_ON_ECLIPSE1",9,1.9905443,0.30251515,0.0012635299,0.1558452,0.01638727,0.6013346,0.050122228,0.80799824,0.015809298,0.23202862,0.065008186,0.5773339,0.02925391
375316653866487564,4295722183779271168,0.6147043,2127.376141590921,0.8801814762158752,1.5456504E-5,18.090923,0.04572339,0.1733945,0.027453575,0.100711614,0.042079423,0.23436272,0.027675591,0.65822756,0.0040748045,0.090382315,0.007933112,0.40545762,0.045779534,null,null,null,null,"TWOGAUSSIANS",8,2.3223107,0.65822756,0.0040748045,0.4,0.0,0.38957402,0.019311074,0.1733945,0.027460238,0.4,0.0,0.21847673,0.021263314
375316653866487564,4295722248178966400,0.46296328,2117.209793008027,3.77776325851374,4.6377987E-5,18.21788,0.0076070544,0.30378821,0.009007917,0.023048542,0.01945915,0.08107925,0.065898106,null,null,null,null,null,null,0.09840851,0.011539041,0.30378821,0.009007917,"ONEGAUSSIAN_WITH_ELLIPSOIDAL",6,20.808147,0.30378821,0.009007917,0.12907185,0.108971246,0.27789584,0.07111957,null,null,null,null,null,null
375316653866487564,4295722596096626944,0.5363365,2099.850856449503,2.7160915209878502,3.1296302E-5,19.75739,0.01915877,0.24408239,0.010412298,0.06568539,0.0081513785,0.6313454,0.060262695,0.7312509,0.0143324435,0.060185865,0.0085018715,0.5994422,0.029175969,null,null,null,null,"TWOGAUSSIANS",8,3.5435214,0.24408239,0.010412298,0.36783817,0.045647718,0.6310395,0.060260575,0.7312509,0.0143324435,0.33704084,0.047610477,0.5991363,0.029026449
375316653866487564,4295723352010951296,0.5585702,2097.016992772234,2.8287686733108885,2.2259415E-5,18.186777,0.03127835,0.27448988,0.0058534895,0.103362,0.013951392,0.22668132,0.02994369,0.7733736,0.0078048566,0.10247871,0.019229658,0.23984309,0.029793538,null,null,null,null,"TWOGAUSSIANS",8,1.5593431,0.7733736,0.0078048566,0.4,0.0,0.21576715,0.0069804424,0.27448988,0.005848914,0.4,0.0,0.20260487,0.0113241
375316653866487564,4295723485130094208,0.4416397,2084.374579758714,0.32368162063422684,7.678804E-5,18.69086,0.009108627,0.26061705,0.018913226,0.06158244,0.03615862,0.12307872,0.082001865,0.88656795,0.0050759614,0.013524457,0.0046119955,0.079987,0.08674088,null,null,null,null,"TWOGAUSSIANS",8,5.9862785,0.26061705,0.018913226,0.34486166,0.20104322,0.12307872,0.082001865,0.88656795,0.0050759614,0.07573696,0.025827173,0.079987,0.08674088
375316653866487564,4295723558170024960,0.50689006,2130.393301044496,2.629752336537352,3.809109E-5,19.156422,0.030285412,0.16281538,0.0130152935,0.081595905,0.019985748,0.34708926,0.11062486,0.64704865,0.004955617,0.08777459,0.012283631,0.31628534,0.029438213,null,null,null,null,"TWOGAUSSIANS",8,3.3319557,0.16281538,0.0130152935,0.4,0.015287128,0.34068564,0.11370803,0.64704865,0.004955617,0.4,0.0,0.3098816,0.024998836
375316653866487564,4295723798691733760,0.50325686,2179.505071506541,0.4305847438632458,1.077189E-4,19.012613,0.012311474,0.25117877,0.01971097,0.090998605,0.022317389,0.3235232,0.033669736,0.680784,0.04055029,0.045443874,0.024186905,0.27075827,0.05504546,null,null,null,null,"TWOGAUSSIANS",8,5.668644,0.25117877,0.01971097,0.4,0.0,0.32343096,0.0343273,0.680784,0.04055029,0.2544857,0.13544667,0.27067074,0.050948568
375316653866487564,4295724790799851648,0.6072667,2159.4768359638956,2.904611110385182,1.27348085E-5,17.319693,0.0051623336,0.24533615,0.0060973666,0.07607584,0.0054222927,0.3002191,0.012078758,0.74291044,0.002983054,0.080504656,0.0039845225,0.3005615,0.009870116,null,null,null,null,"TWOGAUSSIANS",8,4.9696474,0.74291044,0.002983054,0.4,0.0,0.2970712,0.010171492,0.24533615,0.0060973666,0.4,0.0,0.29672882,0.012300469
375316653866487564,4295724829484328704,0.5344623,2214.065601111166,0.6922687162922398,2.5790485E-5,19.11733,0.03545572,0.26733148,0.010068576,0.06251363,0.006005041,0.6479404,0.078689605,0.74115384,0.022732088,0.17290099,0.10007732,0.06414314,0.026391525,null,null,null,null,"TWOGAUSSIANS",8,1.0492487,0.26741147,0.010104475,0.35007632,0.03362823,0.63569486,0.07831867,0.74115384,0.022732088,0.4,0.0,0.04977081,0.009825998
375316653866487564,4295725138732808576,0.47996092,2153.6108849048323,0.8178929309861361,6.7778514E-5,17.523178,0.042568587,0.17892756,0.019328859,0.15386389,0.081436425,0.06661722,0.038642142,0.6359741,0.023303524,0.10561536,0.031418413,0.10309351,0.036717553,null,null,null,null,"TWOGAUSSIANS",8,2.1504605,0.6359741,0.023303524,0.4,0.0,0.08690214,0.021095611,0.17905755,0.019161744,0.4,0.0,0.04949493,0.010013007
375316653866487564,4295725310520906752,0.52468276,2147.6312575356083,2.704692186661505,8.467285E-6,19.12185,0.030142019,0.206311,0.005218793,0.06397253,0.01937134,0.59867847,0.21044208,0.70662236,0.017702084,0.071469605,0.016525667,0.59983075,0.101664856,null,null,null,null,"TWOGAUSSIANS",8,7.3907,0.70662236,0.017702084,0.4,0.007953973,0.59852755,0.10183117,0.206311,0.005218793,0.35824618,0.049015712,0.5973753,0.21420586
375316653866487564,4295725340555676416,0.5952162,2144.6472550607527,2.360802760977647,1.55583E-5,18.461994,0.012123683,0.254951,0.0076844497,0.072544344,0.008212199,0.5174933,0.03765955,0.7564276,0.0022290014,0.071667016,0.0043285782,0.35031605,0.01421447,null,null,null,null,"TWOGAUSSIANS",8,3.4435198,0.254951,0.0076844497,0.4,0.012285671,0.51547843,0.03798599,0.7564276,0.0022290014,0.4,0.0066045322,0.34830117,0.013652198
375316653866487564,4295725585398650752,0.48164412,2195.8752430503964,1.0046194907445418,1.5900996E-5,19.27319,0.2324462,0.29294735,0.011620963,0.16007598,0.04292305,0.3719972,0.21219064,0.80169606,0.0040966365,0.16936575,0.040187012,0.39293465,0.22379492,null,null,null,null,"TWOGAUSSIANS",8,1.2061465,0.80313605,0.0036380538,0.4,0.0,0.16649604,0.012884077,0.29093736,0.010825296,0.4,0.0,0.15000239,0.018311843
375316653866487564,4295725757197682816,0.46107337,2148.741037509164,2.518855168941476,3.7838137E-5,19.198133,0.02602288,0.23978822,0.014554081,0.09425827,0.01221961,0.56784135,0.061606944,0.70234865,0.008823057,0.04645901,0.012105361,0.53927225,0.040785518,null,null,null,null,"TWOGAUSSIANS",8,18.88924,0.23978822,0.014554081,0.4,0.0,0.5671278,0.06165193,0.70234865,0.008823057,0.26017046,0.06779002,0.5385622,0.040983506
375316653866487564,4295725860276742656,0.47631314,2127.2236587563075,3.4458697280975543,6.5718414E-5,18.435812,0.2736794,0.32553327,0.0072648074,0.12652054,0.037625466,0.40706536,0.26808318,0.8193647,0.01889042,0.12674263,0.05231455,0.40428284,0.26722586,null,null,null,null,"TWOGAUSSIANS",8,16.978785,0.3256133,0.007112613,0.4,0.0,0.2972949,0.029019095,0.8193647,0.01889042,0.4,0.0,0.29450536,0.02676471
375316653866487564,4295725963351810816,0.5136529,2143.2404064298,2.526542767442537,2.051472E-5,18.880898,0.52766246,0.2839129,0.004855896,0.1603418,0.09604674,0.35174036,0.5184282,0.79294217,0.00887148,0.13133915,0.047584344,0.34437189,0.4124754,null,null,null,null,"TWOGAUSSIANS",8,1.196834,0.2836529,0.0045353486,0.4,0.0,0.20129877,0.0064309845,0.79386216,0.006937188,0.4,0.0,0.19894762,0.011260659
375316653866487564,4295726032086049792,0.66780937,2134.484101312421,1.4311960545160385,9.891075E-6,15.317977,0.006309088,0.22463295,0.0022239443,0.04451638,0.008984642,0.19245082,0.11572141,0.72737086,0.0067741233,0.04486775,0.003249576,0.59341246,0.09360503,0.093836606,0.009694691,0.22463295,0.0022239443,"TWOGAUSSIANS_WITH_ELLIPSOIDAL_ON_ECLIPSE1",9,12.869351,0.72737086,0.0065977415,0.25125942,0.018197626,0.7810298,0.097996935,0.22463295,0.0022239443,0.24929173,0.050313994,0.38012373,0.11493971
375316653866487564,4295726371360553088,0.46157297,2148.1184500250197,3.136768921194406,7.202357E-5,19.552765,0.062439393,0.32259756,0.012317017,0.07552283,0.02055227,0.28809515,0.06671415,0.8477846,0.045048125,0.065896764,0.06898533,0.27725068,0.059734307,null,null,null,null,"TWOGAUSSIANS",8,6.3470454,0.32259756,0.012353695,0.4,0.03259007,0.28752354,0.04898576,0.8477846,0.045048125,0.3690219,0.09880803,0.27667904,0.07433168
375316653866487564,4295726513122371328,0.54031825,2149.326568290612,0.0804314988275882,2.659208E-6,16.655458,0.003397316,0.8030139,1.1419144E-6,0.001302901,1.8886076E-5,0.5666207,0.003279548,null,null,null,null,null,null,null,null,null,null,"ONEGAUSSIAN",5,33.440937,0.8030139,1.1419144E-6,0.0072962455,1.0576203E-4,0.5666207,0.0,null,null,null,null,null,null
375316653866487564,4295726788000323840,0.6385671,2162.308884494137,3.9460070833713075,1.3399128E-5,14.940089,0.0013635692,0.22975796,0.019188793,0.02694865,0.00537586,0.38411635,0.25659308,0.4922566,0.12543423,0.06398496,0.027024962,0.0040959497,0.00265637,null,null,null,null,"TWOGAUSSIANS",8,17.068127,0.22975796,0.019188793,0.15091243,0.030104814,0.38411725,0.25659224,0.4922566,0.12543423,0.3583158,0.15133978,0.0040959497,0.00265637
