Gaia/vari_eclipsing_binary/VariEclipsingBinary_769751-769898.csv
# %ECSV 1.0
# ---
# delimiter: ','
# meta: !!omap
# - RELEASE: Gaia DR3
# - TABLE: vari_eclipsing_binary
# - DESCRIPTION: >
#     This table describes the properties of the eclipsing binaries resulting from the variability analysis. 
# - CITATION: >
#     How to cite and acknowledge Gaia: 
#     https://gea.esac.esa.int/archive/documentation/credits.html 
# - KNOWN_ISSUES: >
#     Known issues: 
#     https://www.cosmos.esa.int/web/gaia-users/known-issues 
# - DOCUMENTATION: >
#     Tutorials and documentation: 
#     https://www.cosmos.esa.int/web/gaia-users/archive 
# datatype:
# - 
#   name: solution_id
#   datatype: int64
#   description: Solution Identifier
#   meta:
#     ucd: meta.version
# - 
#   name: source_id
#   datatype: int64
#   description: Unique source identifier
#   meta:
#     ucd: meta.id;meta.main
# - 
#   name: global_ranking
#   datatype: float32
#   description: Number between 0 (worst) and 1 (best)
#   meta:
#     ucd: stat.param
# - 
#   name: reference_time
#   datatype: float64
#   unit: d
#   description: Reference time used for the geometric model fit
#   meta:
#     ucd: time.epoch
# - 
#   name: frequency
#   datatype: float64
#   unit: d**-1
#   description: Frequency of geometric model of the eclipsing binary light curve
#   meta:
#     ucd: src.orbital
# - 
#   name: frequency_error
#   datatype: float32
#   unit: d**-1
#   description: "Uncertainty of \\texttt{frequency}"
#   meta:
#     ucd: stat.error
# - 
#   name: geom_model_reference_level
#   datatype: float32
#   unit: mag
#   description: Magnitude reference level of geometric model
#   meta:
#     ucd: phot.mag;em.opt
# - 
#   name: geom_model_reference_level_error
#   datatype: float32
#   unit: mag
#   description: "Uncertainty of \\texttt{geomModelReferenceLevel}"
#   meta:
#     ucd: stat.error;phot.mag;em.opt
# - 
#   name: geom_model_gaussian1_phase
#   datatype: float32
#   description: Phase of the Gaussian 1 component
#   meta:
#     ucd: time.phase
# - 
#   name: geom_model_gaussian1_phase_error
#   datatype: float32
#   description: "Uncertainty of \\texttt{geomModelGaussian1Phase}"
#   meta:
#     ucd: stat.error;time.phase
# - 
#   name: geom_model_gaussian1_sigma
#   datatype: float32
#   description: "Standard deviation [phase] of Gaussian 1 component"
#   meta:
#     ucd: stat.stdev
# - 
#   name: geom_model_gaussian1_sigma_error
#   datatype: float32
#   description: "Uncertainty of \\texttt{geomModelGaussian1Sigma}"
#   meta:
#     ucd: stat.error
# - 
#   name: geom_model_gaussian1_depth
#   datatype: float32
#   unit: mag
#   description: Magnitude depth of Gaussian 1 component
#   meta:
#     ucd: src.var.amplitude
# - 
#   name: geom_model_gaussian1_depth_error
#   datatype: float32
#   unit: mag
#   description: "Uncertainty of \\texttt{geomModelGaussian1Depth}"
#   meta:
#     ucd: stat.error;src.var.amplitude
# - 
#   name: geom_model_gaussian2_phase
#   datatype: float32
#   description: Phase of Gaussian 2 component
#   meta:
#     ucd: time.phase
# - 
#   name: geom_model_gaussian2_phase_error
#   datatype: float32
#   description: "Uncertainty of \\texttt{geomModelGaussian2Phase}"
#   meta:
#     ucd: stat.error;time.phase
# - 
#   name: geom_model_gaussian2_sigma
#   datatype: float32
[...]
#   datatype: float32
#   description: "Secondary eclipse: uncertainty of \\texttt{derivedSecondaryEclDuration}"
#   meta:
#     ucd: stat.error;time.duration
# - 
#   name: derived_secondary_ecl_depth
#   datatype: float32
#   unit: mag
#   description: "Secondary eclipse: depth"
#   meta:
#     ucd: src.var.amplitude
# - 
#   name: derived_secondary_ecl_depth_error
#   datatype: float32
#   unit: mag
#   description: "Secondary eclipse: uncertainty of \\texttt{derivedSecondaryEclDepth}"
#   meta:
#     ucd: stat.error;src.var.amplitude
solution_id,source_id,global_ranking,reference_time,frequency,frequency_error,geom_model_reference_level,geom_model_reference_level_error,geom_model_gaussian1_phase,geom_model_gaussian1_phase_error,geom_model_gaussian1_sigma,geom_model_gaussian1_sigma_error,geom_model_gaussian1_depth,geom_model_gaussian1_depth_error,geom_model_gaussian2_phase,geom_model_gaussian2_phase_error,geom_model_gaussian2_sigma,geom_model_gaussian2_sigma_error,geom_model_gaussian2_depth,geom_model_gaussian2_depth_error,geom_model_cosine_half_period_amplitude,geom_model_cosine_half_period_amplitude_error,geom_model_cosine_half_period_phase,geom_model_cosine_half_period_phase_error,model_type,num_model_parameters,reduced_chi2,derived_primary_ecl_phase,derived_primary_ecl_phase_error,derived_primary_ecl_duration,derived_primary_ecl_duration_error,derived_primary_ecl_depth,derived_primary_ecl_depth_error,derived_secondary_ecl_phase,derived_secondary_ecl_phase_error,derived_secondary_ecl_duration,derived_secondary_ecl_duration_error,derived_secondary_ecl_depth,derived_secondary_ecl_depth_error
[from data line 188]
375316653866487564,6771212346709536000,0.504464,2219.962110065551,2.9404219929149464,2.10882E-5,17.435318,0.008304861,null,null,null,null,null,null,null,null,null,null,null,null,0.18852544,0.010796587,0.24236506,0.006793459,"ELLIPSOIDAL",4,59.4263,null,null,null,null,null,null,null,null,null,null,null,null
375316653866487564,6771213686736202880,0.51495194,2230.785594924644,3.2372967846335676,2.2774131E-5,19.593609,0.06136538,0.32202995,0.006331378,0.10489466,0.021979678,0.45100626,0.047868446,0.8128232,0.0066727493,0.07328502,0.021281954,0.40671095,0.05619099,null,null,null,null,"TWOGAUSSIANS",8,2.825711,0.32202995,0.006331378,0.4,0.0,0.43668592,0.030888602,0.8128232,0.0066727493,0.4,0.07367782,0.392402,0.067745276
375316653866487564,6771213824175180544,0.5073831,2154.927980397781,1.2233640788626232,5.2862826E-5,17.292274,0.008464876,0.2092472,0.030417679,0.05822101,0.045660987,0.1332243,342.074,0.75044596,0.0068485434,0.052322313,0.007512938,0.15980476,0.012442831,null,null,null,null,"TWOGAUSSIANS",8,1.5052118,0.75044596,0.0068485434,0.29300496,0.042072453,0.15980296,0.012439461,0.2092472,0.030417679,0.32603765,0.22374254,0.13322248,342.07404
375316653866487564,6771218359659896576,0.5287433,2232.9049940937143,4.327629584025648,1.4330684E-5,18.869629,0.0048402306,0.7354176,0.0041127848,0.017396433,0.026471294,0.075110875,0.1726247,null,null,null,null,null,null,0.12506615,0.015553082,0.7354176,0.0041127848,"ONEGAUSSIAN_WITH_ELLIPSOIDAL",6,3.8875935,0.7354176,0.0041127848,0.09742002,0.14823925,0.32524315,0.17136078,null,null,null,null,null,null
375316653866487564,6771230797889084288,0.6172319,2196.1168803962773,2.699681930578711,1.328221E-5,15.531762,0.015122567,0.26278728,0.0066141603,0.055728514,0.022547347,0.10017032,0.22332878,0.74764055,0.00678732,0.057851586,0.012054852,0.16259609,0.067312546,0.08752734,0.018542254,0.26278728,0.0066141603,"TWOGAUSSIANS_WITH_ELLIPSOIDAL_ON_ECLIPSE1",9,21.195368,0.75099057,0.004642764,0.3239689,0.06750717,0.33640933,0.0781763,0.26278728,0.0066141603,0.3120797,0.12626515,0.27521592,0.22313863
375316653866487564,6771231278925436928,0.5248421,2206.169730887486,3.638930805665647,3.3075943E-5,16.511486,0.011020075,0.24531284,0.011140544,0.093272544,0.012506798,0.22049572,0.018771566,0.76784134,0.007786499,0.06997585,0.008866327,0.25888735,0.023570571,null,null,null,null,"TWOGAUSSIANS",8,45.969242,0.76784134,0.007786499,0.3918648,0.04406396,0.25610805,0.023799669,0.24531284,0.011140544,0.4,0.0,0.21771593,0.01817279
375316653866487564,6771231446426555648,0.5554597,2200.2211611552875,2.463737966305151,8.047944E-5,17.617891,0.0020268504,0.28698164,0.007817279,0.05891991,0.00545542,0.14732893,0.010215062,null,null,null,null,null,null,null,null,null,null,"ONEGAUSSIAN",5,1.0571135,0.28698164,0.007817279,0.3299515,0.030550351,0.14732893,0.0,null,null,null,null,null,null
375316653866487564,6771234573160612096,0.5529624,2256.9495058736425,1.7174522865676736,3.4535326E-5,17.669292,0.0022655837,0.87483466,0.010974604,0.03530192,0.006479122,0.025705857,0.006985301,0.53716844,0.011273203,0.08508404,0.015173371,0.207494,0.105862655,null,null,null,null,"TWOGAUSSIANS",8,0.8822489,0.53716844,0.011273203,0.4,0.0,0.20749396,0.10586333,0.87465465,0.010871759,0.19769076,0.036283083,0.025785008,0.0069860793
375316653866487564,6771234611819449984,0.5817534,2235.1624647817425,0.5171902679324087,1.2297847E-4,16.057373,0.0046546096,0.3699203,1.2537992E-5,0.017160682,1.6328745E-4,0.43715337,0.003756911,0.16792168,0.06069647,0.0077126906,0.03572125,0.13623233,0.13992971,null,null,null,null,"TWOGAUSSIANS",8,33.989426,0.3699203,4.324802E-6,0.096099816,9.1440976E-4,0.43715337,0.0038656078,0.16792168,0.06069647,0.043191068,0.200039,0.13623233,0.13992971
375316653866487564,6771248110897501696,0.49244255,2251.059561048755,2.303265888478184,3.06925E-5,12.773795,0.014902385,0.35888007,0.066954166,0.12874405,0.16402146,0.032515083,0.020673446,0.75582427,0.00334717,0.054571494,0.0065827947,0.20611459,0.024448022,null,null,null,null,"TWOGAUSSIANS",8,415.64255,0.75582427,0.00334717,0.30560037,0.03686365,0.2059637,0.024464566,0.35888007,0.066954166,0.4,0.17194593,0.03208318,0.021182247
375316653866487564,6771249863245858048,0.58422565,2183.516434651211,1.3677365462484714,3.087413E-5,18.84937,0.006497734,0.5399143,0.042416275,0.023579441,0.041639477,0.09223824,0.06878669,0.68162733,1.5407914E-4,0.010116194,1.7834101E-4,0.9980181,0.009992921,null,null,null,null,"TWOGAUSSIANS",8,3.811824,0.68162733,1.5407914E-4,0.056650687,9.987097E-4,0.9980181,0.016064726,0.5399143,0.042416275,0.13204487,0.23318107,0.09223824,0.06878669
375316653866487564,6771251276292759040,0.48306575,2249.736256860445,3.4187522163129693,3.5738416E-5,18.90793,0.7086852,0.18675242,0.01559563,0.12292517,0.05647587,0.49105874,0.5380012,0.7000579,0.007685977,0.16068636,0.15789546,0.45101234,0.674345,null,null,null,null,"TWOGAUSSIANS",8,6.595515,0.18568242,0.014279233,0.4,0.0,0.3192469,0.055438433,0.70025796,0.00773466,0.4,0.0,0.27212134,0.028236024
375316653866487564,6771252508944719616,0.5041451,2247.9500653272266,0.44739534288339766,4.339982E-5,17.708424,0.011013473,0.24000284,0.02482351,0.06821368,0.025931185,0.08839749,0.037834022,0.48677593,0.05202592,0.15121303,0.046804037,0.11130274,0.01786208,null,null,null,null,"TWOGAUSSIANS",8,4.8641863,0.25963283,0.02056757,0.38199663,0.10475041,0.11981973,0.011282948,0.48677593,0.05202592,0.4,0.0,0.1104186,0.0163153
375316653866487564,6771257289247006208,0.49701047,2256.4867283097847,0.3656116279654163,1.3960624E-4,19.431637,0.015988646,0.43836325,0.011674204,0.054330856,0.034435984,0.7087219,0.14034535,0.09652543,0.016012581,0.04055707,0.015603742,0.047269136,0.021728009,0.020403687,0.013488808,0.43836325,0.011674204,"TWOGAUSSIANS_WITH_ELLIPSOIDAL_ON_ECLIPSE1",9,6.864287,0.43836325,0.011674204,0.3042528,0.10017915,0.7495117,0.14497586,0.09652543,0.016012581,0.2271196,0.08738095,0.05939643,0.028846063
375316653866487564,6771262958603813632,0.4779763,2225.878582098845,0.28127968944989346,8.634407E-5,19.082863,0.009578461,0.35344946,0.09283273,0.08227525,0.06395562,0.1986214,0.31621838,0.741127,0.011353388,0.06900153,0.009140755,0.110577434,0.010420155,null,null,null,null,"TWOGAUSSIANS",8,1.9035667,0.35344946,0.09283273,0.4,0.258022,0.19853765,0.3163628,0.741127,0.011353388,0.38640857,0.044403687,0.110496655,0.010298498
375316653866487564,6771263027319190016,0.60320103,2186.0061455859454,3.2249077296938062,1.2274708E-5,18.522238,0.014246688,0.27779746,0.0102202,0.04100434,0.013341854,0.21382204,0.028782317,0.8014015,0.0029549138,0.052342642,0.01838277,0.31429526,0.13172582,0.15115756,0.018341057,0.8014015,0.0029549138,"TWOGAUSSIANS_WITH_ELLIPSOIDAL_ON_ECLIPSE2",9,4.9411883,0.8014015,0.0029549138,0.2931188,0.1029435,0.6166066,0.14545478,0.28150746,0.010572868,0.2296243,0.074714385,0.510561,0.016155517
375316653866487564,6771266630798689408,0.57657164,2262.652737181888,3.614085940908277,5.72309E-6,17.96874,0.0068472615,0.18099831,0.0028151304,0.078800045,0.0037960217,0.22715063,0.009969611,0.6776422,0.0024468498,0.09156281,0.00746387,0.24456567,0.011996875,null,null,null,null,"TWOGAUSSIANS",8,1.3264894,0.6776422,0.0024468498,0.4,0.0,0.23857203,0.013945477,0.18099831,0.0028151304,0.4,0.0,0.22115718,0.009311698
375316653866487564,6771268314425139840,0.44817194,2218.9621616316267,0.223535957184653,4.559167E-5,17.692541,0.018076766,0.19693683,0.0096074855,0.10751146,0.021122709,0.11140507,0.02085087,0.74294263,0.009867387,0.11102721,0.02258957,0.10230911,0.018697543,null,null,null,null,"TWOGAUSSIANS",8,2.6113374,0.19684683,0.009494948,0.4,0.0,0.10202226,0.019371904,0.7430126,0.009791639,0.4,0.0,0.092917,0.007790374
375316653866487564,6771275946585515520,0.62225336,2262.157047666603,0.23703992121068782,2.2977641E-5,17.246744,0.0077495137,0.1468588,0.034715332,0.118806325,0.065882176,0.01415544,0.008032558,0.6234528,8.696954E-4,0.07887886,0.00518454,0.56029123,0.06669458,null,null,null,null,"TWOGAUSSIANS",8,1.3885356,0.6234528,8.696954E-4,0.4,0.0,0.55759466,0.0700567,0.1468588,0.034715332,0.4,0.012347228,0.011453481,0.0048525706
375316653866487564,6771280443415138688,0.48052484,2166.1313910182635,0.06926185941938849,7.344532E-5,18.864838,0.00580284,0.12974901,0.05343359,0.04795934,0.035455097,0.103662305,0.07659853,0.64664435,0.0120310895,0.043093152,0.02083122,0.15777649,0.056465607,null,null,null,null,"TWOGAUSSIANS",8,1.8479309,0.64664435,0.0120310895,0.24132164,0.11665483,0.15777646,0.056466796,0.12974901,0.05343359,0.2685723,0.17052114,0.10366228,0.07660509
375316653866487564,6771284639599199872,0.55851585,2174.714003843752,3.268825547096585,5.0710558E-5,16.40455,0.018430516,0.2572983,0.008545776,0.056027222,0.017703278,0.21935564,0.042145785,0.7917919,0.014672726,0.06399008,0.01585051,0.13819624,0.03797866,0.07155356,0.021999562,0.2572983,0.008545776,"TWOGAUSSIANS_WITH_ELLIPSOIDAL_ON_ECLIPSE1",9,30.07649,0.2572983,0.008545776,0.31375244,0.09913835,0.36244512,0.015234102,0.7917919,0.014672726,0.35834444,0.088762864,0.2746683,0.026857143
375316653866487564,6771285906611909504,0.4789635,2222.0765744800187,0.22367561514603695,8.13785E-5,18.340008,0.11562128,0.2811357,0.026861496,0.09103945,0.03902989,0.24526176,0.11395379,0.76345867,0.031615153,0.11207302,0.07795398,0.249922,0.3764074,null,null,null,null,"TWOGAUSSIANS",8,3.498302,0.76345867,0.031615153,0.4,0.06728421,0.23078325,0.39012143,0.2811557,0.026810443,0.4,0.0,0.22615236,0.018007427
375316653866487564,6771286666823296128,0.5169573,2219.832726331791,3.0697144652863333,1.30941025E-5,18.383848,0.020391524,0.31859708,0.009839293,0.0934128,0.018757397,0.19433662,0.024376245,0.82180816,0.004299209,0.09455346,0.012911492,0.13626313,0.019407751,null,null,null,null,"TWOGAUSSIANS",8,1.9321706,0.31859708,0.009839293,0.4,0.0,0.18533038,0.023637071,0.82180816,0.004299209,0.4,0.0,0.12725689,0.010155216
375316653866487564,6771289724840255616,0.6491103,2227.901985095181,3.8383949234352612,5.3471153E-6,18.02401,0.022153683,0.29989997,0.002242626,0.03936609,0.0066001457,0.45542654,0.08698401,0.79824203,0.0080224285,0.044432994,0.009068282,0.5666923,0.07482533,0.15852481,0.030489484,0.29989997,0.002242626,"TWOGAUSSIANS_WITH_ELLIPSOIDAL_ON_ECLIPSE1",9,6.8604317,0.79837203,0.0073026745,0.24882476,0.050782382,0.8837099,0.075235516,0.29989997,0.002242626,0.2204501,0.036960818,0.77247584,0.09211276
375316653866487564,6771299719227446784,0.5893204,2197.834688392091,0.8983161983979393,2.6662752E-4,17.608725,0.013521134,0.26219434,0.04708425,0.040842783,0.027953062,2.1083546,14.506341,0.71148676,0.09431399,0.03419902,0.041340943,0.09599421,0.05328949,null,null,null,null,"TWOGAUSSIANS",8,49.633163,0.26219434,0.04708425,0.22871958,0.15653715,2.1083546,14.506341,0.71148676,0.09431399,0.19151454,0.20651338,0.09599421,0.053290784
375316653866487564,6771299891026133376,0.54015505,2220.435003948818,4.031713582646534,3.042897E-5,18.964947,0.026173731,0.23731041,0.0055227317,0.081618324,0.011295404,0.4067461,0.025031367,0.7191542,0.015191855,0.09223304,0.019007731,0.25119156,0.09201589,null,null,null,null,"TWOGAUSSIANS",8,4.168118,0.23731041,0.0055227317,0.4,0.0,0.3993832,0.022495817,0.7191542,0.015191855,0.4,0.0,0.24382837,0.09430544
375316653866487564,6771307278365732864,0.51894516,2194.3391852828736,0.37856760209930385,2.2166947E-4,18.85215,0.01711124,0.21668749,0.013484301,0.12303904,0.028146164,0.090381764,0.01681977,0.75557977,0.007975018,0.07388726,0.0064114924,0.34172624,0.020431401,null,null,null,null,"TWOGAUSSIANS",8,2.699473,0.75561976,0.007963832,0.4,0.012504745,0.33536553,0.016390083,0.21668749,0.013484301,0.4,0.0,0.08393425,0.013038053
375316653866487564,6771309511751003776,0.5246181,2205.2941783245174,0.447290749,3.491594E-5,18.810638,0.017781634,0.3655324,0.0029538702,0.027435055,0.010040635,0.112460874,0.008621638,0.6020064,0.01637872,0.16726194,0.025237333,0.1937593,0.022105493,null,null,null,null,"TWOGAUSSIANS",8,2.0744412,0.6020064,0.01637872,0.4,0.0,0.1893145,0.020838514,0.3696824,0.004618194,0.1536363,0.056227557,0.18058778,0.024228694
375316653866487564,6771312810285937408,0.4817066,2253.6951000549857,0.04927731622312338,1.7946699E-5,18.63272,0.011557584,0.28030282,0.023871085,0.021368971,0.009767855,0.32883492,0.18738627,0.73316365,0.074322365,0.08091796,0.03715756,0.24761157,0.06436727,null,null,null,null,"TWOGAUSSIANS",8,6.2648625,0.28030282,0.023871085,0.11966623,0.054699983,0.32883468,0.18738593,0.73316365,0.074322365,0.4,0.15575847,0.2476113,0.06436704
375316653866487564,6771318273484542080,0.58275,2214.921650118654,4.048059710261804,1.7045528E-5,19.486124,0.026064876,0.258069,0.0038318615,0.06681272,0.0063101645,0.5813332,0.024609445,0.7517244,0.015945971,0.067701,0.011587707,0.56271577,0.08826911,null,null,null,null,"TWOGAUSSIANS",8,2.5700357,0.258069,0.0038318615,0.37415123,0.03533692,0.5803751,0.02376504,0.7517244,0.015945971,0.37912557,0.03539011,0.5617576,0.08700937
375316653866487564,6771321541957658880,0.59031665,2219.520281251791,1.3984545234989327,1.69302E-5,11.976209,0.021906702,0.20972882,0.035346538,0.067059055,0.056311734,0.17683424,0.121965796,0.7140658,0.022943685,0.06876143,0.025519088,0.37209696,0.12862691,null,null,null,null,"TWOGAUSSIANS",8,554.38983,0.7140658,0.022943685,0.385064,0.033538,0.3715771,0.13390791,0.20972882,0.035346538,0.3755307,0.062265188,0.1763144,0.12787187
375316653866487564,6771325351588262656,0.6029073,2209.3136180208558,2.346677070134641,1.40289285E-5,17.382782,0.04555608,0.17612337,0.005378325,0.11632704,0.020727858,0.1696503,0.043726668,0.6719076,0.009881363,0.121789396,0.026709331,0.21739323,0.041635845,null,null,null,null,"TWOGAUSSIANS",8,1.0609486,0.6719076,0.009917084,0.4,0.0,0.17657085,0.008048683,0.17615336,0.005342428,0.4,0.0,0.12889057,0.0038808475
375316653866487564,6771330681648069248,0.5815241,2251.604812914807,2.3629183162243104,9.483412E-6,14.536527,0.04713469,0.28403607,0.0039135176,0.07763022,0.008693453,0.53727245,0.043309856,0.7752674,0.031097041,0.072311506,0.047332168,0.66751826,0.3797267,null,null,null,null,"TWOGAUSSIANS",8,550.64935,0.7752674,0.031097041,0.4,0.02935772,0.66375184,0.39684966,0.28403607,0.0039070477,0.4,0.0,0.53350604,0.030783145
375316653866487564,6771354149349925504,0.5647146,2209.2265772595297,3.612903337688215,9.563383E-6,16.580704,0.017968662,0.2530071,0.0026711265,0.07150069,0.005033776,0.40099406,0.032928217,0.7528297,0.0017815632,0.06753956,0.003741422,0.47172078,0.017384049,null,null,null,null,"TWOGAUSSIANS",8,44.149654,0.7528297,0.0017815632,0.3782215,0.020951962,0.47037816,0.016706834,0.2530071,0.0026711265,0.4,0.016867585,0.39965147,0.032823775
375316653866487564,6771362636201965952,0.569903,2279.2253846217827,3.8252036663655953,1.973888E-5,18.926891,0.022521801,0.29847333,0.013493197,0.07541177,0.011658828,0.4168083,0.030568155,0.79657006,0.006909109,0.06654022,0.012492715,0.37701276,0.032394245,null,null,null,null,"TWOGAUSSIANS",8,4.0655637,0.29847333,0.013493197,0.4,0.020068664,0.41527703,0.02876246,0.79657006,0.006909109,0.37262523,0.04711982,0.37548146,0.03412546
375316653866487564,6771366926875208064,0.5674021,2182.368274693137,3.586260873526239,1.6003534E-5,18.487026,0.02384531,0.27646783,0.0033082922,0.07948183,0.0060795513,0.41175583,0.02263803,0.7789891,0.006486295,0.0991319,0.012228249,0.3806447,0.04186166,null,null,null,null,"TWOGAUSSIANS",8,4.462083,0.27646783,0.0033082922,0.4,0.0,0.39681038,0.01510216,0.7789891,0.006486295,0.4,0.0,0.36569697,0.04424484
