Gaia/vari_eclipsing_binary/VariEclipsingBinary_689066-689116.csv
# %ECSV 1.0
# ---
# delimiter: ','
# meta: !!omap
# - RELEASE: Gaia DR3
# - TABLE: vari_eclipsing_binary
# - DESCRIPTION: >
#     This table describes the properties of the eclipsing binaries resulting from the variability analysis. 
# - CITATION: >
#     How to cite and acknowledge Gaia: 
#     https://gea.esac.esa.int/archive/documentation/credits.html 
# - KNOWN_ISSUES: >
#     Known issues: 
#     https://www.cosmos.esa.int/web/gaia-users/known-issues 
# - DOCUMENTATION: >
#     Tutorials and documentation: 
#     https://www.cosmos.esa.int/web/gaia-users/archive 
# datatype:
# - 
#   name: solution_id
#   datatype: int64
#   description: Solution Identifier
#   meta:
#     ucd: meta.version
# - 
#   name: source_id
#   datatype: int64
#   description: Unique source identifier
#   meta:
#     ucd: meta.id;meta.main
# - 
#   name: global_ranking
#   datatype: float32
#   description: Number between 0 (worst) and 1 (best)
#   meta:
#     ucd: stat.param
# - 
#   name: reference_time
#   datatype: float64
#   unit: d
#   description: Reference time used for the geometric model fit
#   meta:
#     ucd: time.epoch
# - 
#   name: frequency
#   datatype: float64
#   unit: d**-1
#   description: Frequency of geometric model of the eclipsing binary light curve
#   meta:
#     ucd: src.orbital
# - 
#   name: frequency_error
#   datatype: float32
#   unit: d**-1
#   description: "Uncertainty of \\texttt{frequency}"
#   meta:
#     ucd: stat.error
# - 
#   name: geom_model_reference_level
#   datatype: float32
#   unit: mag
#   description: Magnitude reference level of geometric model
#   meta:
#     ucd: phot.mag;em.opt
# - 
#   name: geom_model_reference_level_error
#   datatype: float32
#   unit: mag
#   description: "Uncertainty of \\texttt{geomModelReferenceLevel}"
#   meta:
#     ucd: stat.error;phot.mag;em.opt
# - 
#   name: geom_model_gaussian1_phase
#   datatype: float32
#   description: Phase of the Gaussian 1 component
#   meta:
#     ucd: time.phase
# - 
#   name: geom_model_gaussian1_phase_error
#   datatype: float32
#   description: "Uncertainty of \\texttt{geomModelGaussian1Phase}"
#   meta:
#     ucd: stat.error;time.phase
# - 
#   name: geom_model_gaussian1_sigma
#   datatype: float32
#   description: "Standard deviation [phase] of Gaussian 1 component"
#   meta:
#     ucd: stat.stdev
# - 
#   name: geom_model_gaussian1_sigma_error
#   datatype: float32
#   description: "Uncertainty of \\texttt{geomModelGaussian1Sigma}"
#   meta:
#     ucd: stat.error
# - 
#   name: geom_model_gaussian1_depth
#   datatype: float32
#   unit: mag
#   description: Magnitude depth of Gaussian 1 component
#   meta:
#     ucd: src.var.amplitude
# - 
#   name: geom_model_gaussian1_depth_error
#   datatype: float32
#   unit: mag
#   description: "Uncertainty of \\texttt{geomModelGaussian1Depth}"
#   meta:
#     ucd: stat.error;src.var.amplitude
# - 
#   name: geom_model_gaussian2_phase
#   datatype: float32
#   description: Phase of Gaussian 2 component
#   meta:
#     ucd: time.phase
# - 
#   name: geom_model_gaussian2_phase_error
#   datatype: float32
#   description: "Uncertainty of \\texttt{geomModelGaussian2Phase}"
#   meta:
#     ucd: stat.error;time.phase
# - 
#   name: geom_model_gaussian2_sigma
#   datatype: float32
[...]
#   datatype: float32
#   description: "Secondary eclipse: uncertainty of \\texttt{derivedSecondaryEclDuration}"
#   meta:
#     ucd: stat.error;time.duration
# - 
#   name: derived_secondary_ecl_depth
#   datatype: float32
#   unit: mag
#   description: "Secondary eclipse: depth"
#   meta:
#     ucd: src.var.amplitude
# - 
#   name: derived_secondary_ecl_depth_error
#   datatype: float32
#   unit: mag
#   description: "Secondary eclipse: uncertainty of \\texttt{derivedSecondaryEclDepth}"
#   meta:
#     ucd: stat.error;src.var.amplitude
solution_id,source_id,global_ranking,reference_time,frequency,frequency_error,geom_model_reference_level,geom_model_reference_level_error,geom_model_gaussian1_phase,geom_model_gaussian1_phase_error,geom_model_gaussian1_sigma,geom_model_gaussian1_sigma_error,geom_model_gaussian1_depth,geom_model_gaussian1_depth_error,geom_model_gaussian2_phase,geom_model_gaussian2_phase_error,geom_model_gaussian2_sigma,geom_model_gaussian2_sigma_error,geom_model_gaussian2_depth,geom_model_gaussian2_depth_error,geom_model_cosine_half_period_amplitude,geom_model_cosine_half_period_amplitude_error,geom_model_cosine_half_period_phase,geom_model_cosine_half_period_phase_error,model_type,num_model_parameters,reduced_chi2,derived_primary_ecl_phase,derived_primary_ecl_phase_error,derived_primary_ecl_duration,derived_primary_ecl_duration_error,derived_primary_ecl_depth,derived_primary_ecl_depth_error,derived_secondary_ecl_phase,derived_secondary_ecl_phase_error,derived_secondary_ecl_duration,derived_secondary_ecl_duration_error,derived_secondary_ecl_depth,derived_secondary_ecl_depth_error
375316653866487564,6061089532102635648,0.40810996,2216.7140574129667,4.864877352034929,1.4328341E-4,18.0407,0.18117484,0.13073438,0.07244054,0.038462542,0.04309588,0.096278615,0.07096147,0.54145575,0.02110051,0.13940409,0.16588502,0.088088825,0.17383695,null,null,null,null,"TWOGAUSSIANS",8,17.42702,0.1311044,0.067266524,0.21539024,0.19382066,0.096791,0.08570844,0.54145575,0.02110051,0.4,0.0,0.08743708,0.019514853
375316653866487564,6061090008837899904,0.58226883,2211.0828070465154,2.2342557931561355,6.7765995E-6,17.591139,0.013782334,0.2844053,0.0024259835,0.09969526,0.005189257,0.30288061,0.012970372,0.7960738,0.0028409173,0.10936562,0.0073831445,0.21774557,0.0133677935,null,null,null,null,"TWOGAUSSIANS",8,3.170034,0.28439528,0.0024316825,0.4,0.0,0.2775308,0.005619991,0.7960738,0.0028409003,0.4,0.0,0.19238412,0.0062852656
375316653866487564,6061091662425871360,0.5945376,2210.898379729239,1.5290720588561462,5.463727E-6,18.92108,0.0042610657,0.26645893,9.082009E-4,0.042197563,0.001125247,0.72401696,0.018411402,0.76055104,0.0117350565,0.04981313,0.01158485,0.070773736,0.009275091,null,null,null,null,"TWOGAUSSIANS",8,2.6175866,0.26645893,9.082009E-4,0.23630635,0.006301383,0.7240169,0.018411415,0.76055104,0.0117350565,0.27895352,0.064875156,0.070773624,0.009275252
375316653866487564,6061091731126394496,0.48109078,2199.6316627760466,2.4787950418244202,1.4985892E-5,19.017141,0.058206744,0.24185461,0.0061484138,0.110656135,0.018492954,0.30544674,0.055037126,0.749247,0.008699288,0.102674685,0.02223687,0.32693565,0.05190026,null,null,null,null,"TWOGAUSSIANS",8,4.760817,0.749257,0.008705424,0.4,0.0,0.28969774,0.024062097,0.24185461,0.0061519966,0.4,0.0,0.26819026,0.015339912
375316653866487564,6061092379654057728,0.5045333,2208.958822534081,2.9056235900284837,1.0716319E-5,16.688396,0.005405712,0.2084312,0.0040047662,0.102623545,0.0073471903,0.09313821,0.005969603,0.698271,0.0038901605,0.093670145,0.008156199,0.10610188,0.0065134345,null,null,null,null,"TWOGAUSSIANS",8,5.4904294,0.698271,0.0038901605,0.4,0.0,0.09934996,0.006826933,0.2084312,0.0040047662,0.4,0.0,0.086385004,0.004319492
375316653866487564,6061092521402203392,0.4162402,2181.387130727038,0.30522608575908106,1.7375509E-5,19.86311,0.009827097,0.48421976,0.011017302,0.030641241,0.011639522,0.14265274,0.21915643,0.8140493,0.0051832725,0.031996474,0.008195462,0.1737084,0.03831357,null,null,null,null,"TWOGAUSSIANS",8,5.090772,0.8140493,0.0051832725,0.17918025,0.045894586,0.1737084,0.03831357,0.48421976,0.011017302,0.17159095,0.06518132,0.14265274,0.21915643
375316653866487564,6061093071171660928,0.521024,2185.862284284828,0.23633776973558893,1.2338277E-5,14.856009,6.304374E-4,0.39561826,0.0044835857,0.011432655,0.007818593,0.0117537575,112.075294,0.5435766,0.0015605958,0.016484609,0.0014398197,0.08488851,0.0033133093,null,null,null,null,"TWOGAUSSIANS",8,9.445123,0.5435766,0.0015605958,0.092313804,0.00806299,0.08488851,0.0033133093,0.39561826,0.0044835857,0.06402287,0.04378412,0.0117537575,112.075294
375316653866487564,6061094136323589120,0.5413465,2186.9611513936466,0.5430309035414306,1.3712337E-5,16.37668,0.0024820901,0.21962675,0.0041830484,0.01697005,0.0061205584,0.018343177,0.005399884,0.7217607,0.0013226657,0.027185522,0.0013679431,0.23304021,0.007630807,0.011731086,0.0033349541,0.21962675,0.0041830484,"TWOGAUSSIANS_WITH_ELLIPSOIDAL_ON_ECLIPSE1",9,8.877596,0.7217607,0.0013226657,0.15223892,0.0076604816,0.25649816,0.006348988,0.21962675,0.0041830484,0.095032275,0.034275126,0.041805327,0.0035243232
375316653866487564,6061094613042911744,0.60832405,2256.057808484534,1.4372651441264552,5.286728E-6,18.696182,0.0077007613,0.124042444,0.0017739732,0.05037362,0.0022092322,0.5160625,0.02383913,0.6168576,0.007882165,0.04390896,0.009102078,0.06604278,0.04446126,0.06884868,0.011514464,0.124042444,0.0017739732,"TWOGAUSSIANS_WITH_ELLIPSOIDAL_ON_ECLIPSE1",9,2.535016,0.124042444,0.0017739732,0.28209227,0.0123717,0.65375745,0.014991649,0.6185876,0.0056609777,0.24589019,0.05097164,0.20352477,0.036243133
375316653866487564,6061095128438999168,0.4433497,2241.7404034573565,1.196236312573042,4.128582E-5,18.42334,0.049305152,0.28674075,0.014056355,0.114942305,0.043453857,0.15041536,0.045818422,0.7906527,0.0075257365,0.09576745,0.020803522,0.17810962,0.045979377,null,null,null,null,"TWOGAUSSIANS",8,9.895167,0.7906627,0.007537332,0.4,0.0,0.1596592,0.01783267,0.28674075,0.014063138,0.4,0.0,0.13194174,0.013981369
375316653866487564,6061095403312422784,0.57586044,2232.86852290439,2.4216154552779234,8.434007E-6,18.18931,0.011618005,0.21638218,0.0026488202,0.0506395,0.0052254885,0.24918215,0.033487197,0.7187577,0.0045375475,0.048509214,0.0060047735,0.2764158,0.037123993,0.09050329,0.018831909,0.21638218,0.0026488202,"TWOGAUSSIANS_WITH_ELLIPSOIDAL_ON_ECLIPSE1",9,6.3127794,0.7187577,0.0045375475,0.2716516,0.03362673,0.45738038,0.032377157,0.21638218,0.0026488202,0.2835812,0.029262736,0.43018705,0.019117849
375316653866487564,6061095953070830208,0.49476856,2184.8973042082657,2.1400032919512166,6.6875277E-6,19.297827,0.024155427,0.14634815,0.0023612923,0.10720527,0.008963416,0.25199166,0.022263743,0.6489569,0.005122303,0.10782665,0.014483643,0.23575546,0.019986816,null,null,null,null,"TWOGAUSSIANS",8,1.1374023,0.14634815,0.0023612923,0.4,0.0,0.22026785,0.0061706733,0.6489569,0.005121949,0.4,0.0,0.20403108,0.010140896
375316653866487564,6061096227948816768,0.5580317,2161.0805865954185,1.6508449453208789,4.190363E-6,19.288084,0.0035282269,0.29123726,0.0011500042,0.026640665,6.3226325E-4,0.50736845,0.012511817,0.7863367,0.0026833399,0.028064867,0.0021109523,0.77361095,0.03967578,null,null,null,null,"TWOGAUSSIANS",8,2.0152645,0.7863367,0.0026833399,0.15716326,0.011821332,0.77361095,0.03967578,0.29123726,0.0011500042,0.14918773,0.0035406742,0.50736845,0.012511817
375316653866487564,6061096747648786560,0.5422532,2181.1668190203645,2.6365160665367644,1.0010838E-5,19.239546,0.011736022,0.2492718,0.003398866,0.09884373,0.0044373134,0.38407353,0.013387049,0.7597155,0.0028286201,0.08241138,0.0046195253,0.41741255,0.013689275,null,null,null,null,"TWOGAUSSIANS",8,2.151428,0.7597155,0.0028286201,0.4,0.0,0.402369,0.012728131,0.2492718,0.003398866,0.4,0.0,0.36902755,0.010159022
375316653866487564,6061097056886837888,0.48331332,2193.1183729089275,0.5056217309807236,5.700821E-5,19.543089,0.0068651494,0.15177101,9.545916E-4,0.005882937,0.001078488,0.7570507,0.36901987,0.6916634,0.01950459,0.060754854,0.016450314,0.055137478,0.034135412,null,null,null,null,"TWOGAUSSIANS",8,2.9050133,0.15177101,9.545916E-4,0.03294445,0.0060395324,0.7570507,0.36901987,0.6916634,0.01950459,0.3402272,0.09212175,0.055137478,0.034135412
375316653866487564,6061097190021584128,0.45270342,2210.2059786583277,2.674997942450934,2.3708788E-5,19.714895,0.037225366,0.20450805,0.007000963,0.06280129,0.009063819,0.54809225,0.054642078,0.726329,0.020035662,0.07958731,0.023062095,0.42561328,0.10392756,null,null,null,null,"TWOGAUSSIANS",8,11.935988,0.20450805,0.007000963,0.35168722,0.05075739,0.54694915,0.05425155,0.726329,0.020035662,0.4,0.040694278,0.4244702,0.104615726
375316653866487564,6061098774888878464,0.52210385,2182.9033769052367,2.5477006523651764,1.8393692E-5,16.788511,0.050703116,0.27701652,0.0035542503,0.12148626,0.018700304,0.2342468,0.049000528,0.7785051,0.004970471,0.11479911,0.020215495,0.2315595,0.044843316,null,null,null,null,"TWOGAUSSIANS",8,18.936043,0.27701652,0.0035626944,0.4,0.0,0.18531269,0.0077511296,0.7785151,0.0050011394,0.4,0.0,0.18268853,0.011189593
375316653866487564,6061099874385724800,0.5286031,2168.3003538828675,3.2672391404856183,9.532433E-6,19.389872,0.012439026,0.20915037,0.0023951628,0.082421735,0.0036233,0.4933136,0.020591892,0.704493,0.0032726964,0.09209928,0.005008834,0.3887711,0.01321239,null,null,null,null,"TWOGAUSSIANS",8,2.9312508,0.20915037,0.0023951628,0.4,0.0,0.48006204,0.020410117,0.704493,0.0032726964,0.4,0.0,0.37551922,0.011171442
375316653866487564,6061100041877398016,0.5501679,2196.1829274634733,1.7739588400567736,1.0738167E-5,18.070152,0.022052092,0.2884678,0.0018553028,0.116011016,0.00854708,0.27791047,0.019692218,0.808007,0.003726038,0.104923345,0.014121486,0.15080187,0.019677393,null,null,null,null,"TWOGAUSSIANS",8,2.4838948,0.28845778,0.0018586719,0.4,0.0,0.2519504,0.0072891624,0.808107,0.0037389665,0.4,0.0,0.124901615,0.007221948
375316653866487564,6061100080558784000,0.5234051,2195.011972535912,0.09600466876378404,1.0986556E-4,16.550524,0.0011505852,0.19394726,0.0118860165,0.011294312,0.011894885,0.27213332,21.925657,null,null,null,null,null,null,null,null,null,null,"ONEGAUSSIAN",5,8.724404,0.19394726,0.0118860165,0.06324814,0.06661136,0.27213332,0.0,null,null,null,null,null,null
375316653866487564,6061100183637988480,0.5299996,2171.4581398113437,2.360272776838744,1.2323505E-5,17.823214,0.0062273103,0.25308916,0.005407336,0.1002175,0.007611716,0.10897515,0.0073767365,0.751346,0.0023590263,0.08834414,0.0057844603,0.11020055,0.005917326,null,null,null,null,"TWOGAUSSIANS",8,1.8844225,0.751346,0.0023590263,0.4,0.0,0.103860825,0.003788599,0.25308916,0.005407336,0.4,0.0,0.10263459,0.006640476
375316653866487564,6061101656799039360,0.44055805,2208.22626107777,0.5698525600389759,1.8784169E-5,18.97874,0.0036530222,0.18731591,0.009751409,0.012272902,0.010673773,0.21204308,0.1783476,0.6962943,0.003356504,0.02291552,0.0058751614,0.2205282,0.10503813,null,null,null,null,"TWOGAUSSIANS",8,5.714116,0.6962943,0.003356504,0.12832691,0.032900903,0.2205282,0.10503813,0.18731591,0.009751409,0.068728246,0.059773125,0.21204308,0.1783476
375316653866487564,6061102309622708608,0.5344395,2150.7347469289166,1.2601354554920845,7.4031764E-6,19.58994,0.005993311,0.25633574,0.010990486,0.06595498,0.012478384,0.2536149,0.03418097,0.7500335,0.0019589907,0.04957765,0.00203523,0.7106797,0.04478149,null,null,null,null,"TWOGAUSSIANS",8,2.4597023,0.7500335,0.0019589907,0.27763483,0.011397287,0.7106275,0.04479302,0.25633574,0.010990486,0.3693479,0.06432756,0.2535627,0.034228157
375316653866487564,6061104268125492864,0.4404598,2233.0218333175408,2.1018459652770143,1.3217034E-5,18.334944,0.0033753908,0.2308255,0.004569293,0.05418802,0.009722224,0.08991989,0.0117138475,0.734109,0.003059493,0.025358234,0.006516499,0.09595874,0.026899839,null,null,null,null,"TWOGAUSSIANS",8,3.4107125,0.734109,0.003059493,0.14200611,0.036492392,0.09595874,0.02689984,0.2308255,0.004569293,0.30345294,0.05444446,0.08991989,0.011713852
375316653866487564,6061104405567008000,0.43769833,2171.023589953796,0.9907421641605464,3.3455184E-5,19.20145,0.005606523,0.20004952,0.043119002,0.028399836,0.035808437,0.01924205,0.07566185,0.5824139,0.007325947,0.04813401,0.0074468884,0.33361092,0.06829972,null,null,null,null,"TWOGAUSSIANS",8,6.565665,0.5824139,0.007325947,0.26955047,0.041702576,0.33361092,0.06829972,0.20004952,0.043119002,0.1590391,0.20052725,0.01924205,0.07566185
375316653866487564,6061104508643659264,0.59831023,2192.422910036654,3.4375559450152795,3.568191E-6,18.101843,0.00543231,0.23780242,0.0014171602,0.04037606,0.0031983708,0.20139202,0.017478412,0.740397,0.00193433,0.051080737,0.0025504853,0.2866559,0.014323619,0.1152575,0.007754796,0.23780242,0.0014171602,"TWOGAUSSIANS_WITH_ELLIPSOIDAL_ON_ECLIPSE1",9,3.4890451,0.740397,0.00193433,0.28605214,0.014282717,0.51710737,0.011997555,0.23780242,0.0014171602,0.22610593,0.017910877,0.43190476,0.01319859
375316653866487564,6061104512965103104,0.68475294,2208.2731898947313,1.4330629360076859,1.6692125E-6,17.277884,0.0027057973,0.25797313,4.3948236E-4,0.044155788,0.0015134912,0.17684971,0.006067022,0.7594234,0.0044000414,0.046689637,0.0043701297,0.19463347,0.009035164,0.14361624,0.0033092878,0.25797313,4.3948236E-4,"TWOGAUSSIANS_WITH_ELLIPSOIDAL_ON_ECLIPSE1",9,1.7565413,0.7594234,0.004021391,0.26146197,0.024472725,0.48184195,0.008052502,0.25797313,4.3948236E-4,0.24727242,0.00847555,0.46408203,0.0033300766
375316653866487564,6061104783524236544,0.57025194,2191.26273278211,3.4357651238546647,6.193423E-6,18.923006,0.01316219,0.24082042,0.0029870875,0.044946637,0.0065772375,0.3507616,0.030837901,0.74058044,0.0019899688,0.047112588,0.004700482,0.49741182,0.039849766,0.111106865,0.019149257,0.24082042,0.0029870875,"TWOGAUSSIANS_WITH_ELLIPSOIDAL_ON_ECLIPSE1",9,4.0723314,0.74060047,0.0019116643,0.2638305,0.026322698,0.7196244,0.03566317,0.24082042,0.0029870875,0.25170118,0.03683253,0.5729746,0.026976084
375316653866487564,6061105367637237376,0.5384627,2189.5148786772015,1.4148003718811453,6.908403E-6,18.385365,0.004626096,0.16750716,0.005317938,0.06318103,0.007813181,0.07685468,0.0074787345,0.6717172,0.004440232,0.052772265,0.003967037,0.2618895,0.008924161,null,null,null,null,"TWOGAUSSIANS",8,2.156127,0.6717172,0.004440232,0.2955247,0.022215407,0.2618688,0.0089104,0.16750716,0.005317938,0.35381377,0.043753814,0.07683401,0.0074765626
375316653866487564,6061105887340313600,0.57142323,2176.56470983417,2.5194216011326396,3.1454429E-6,19.003044,0.0063504633,0.2641396,0.0020127213,0.0729624,0.0018155765,0.4513189,0.00862346,0.7607276,0.0018019996,0.07102634,0.0022728345,0.53293204,0.012520122,null,null,null,null,"TWOGAUSSIANS",8,2.5795348,0.7607276,0.0018019996,0.3977475,0.010318511,0.53076106,0.012546553,0.2641396,0.0020127213,0.4,0.0,0.4491479,0.00840698
375316653866487564,6061105951752891136,0.48645297,2203.7313145293883,0.3765668603384004,1.3538444E-5,17.72149,0.0049915495,0.33975568,0.0021429262,0.044324417,0.0025219931,0.31520417,0.008538528,0.8429273,0.011326321,0.040366035,0.0062574693,0.11678083,0.020667588,null,null,null,null,"TWOGAUSSIANS",8,17.808205,0.33975568,0.0021429262,0.24821673,0.014123162,0.31520417,0.008538528,0.8429273,0.011326321,0.22604978,0.035041828,0.116780825,0.020667596
375316653866487564,6061106127872854400,0.53064877,2196.2412133715916,0.4804867858519964,4.4452863E-5,14.595218,0.0017065619,0.17199671,0.005678014,0.022358155,0.002694922,0.29196104,0.031461168,0.50291073,0.029643008,0.01507792,0.20493975,0.004946972,86.629196,null,null,null,null,"TWOGAUSSIANS",8,93.16217,0.17199671,0.00567784,0.12520567,0.015091563,0.29196104,0.031474873,0.50291073,0.029643008,0.08443635,0.33452907,0.004946972,86.6292
375316653866487564,6061106329707865472,0.46439117,2181.5731611571728,0.8343044266415423,4.877195E-5,16.95745,0.0024039745,0.28346336,0.0074610645,0.027841954,0.006607188,0.11735078,0.014819467,0.7893423,0.0167855,0.028923733,0.012260689,0.0056026843,0.019480575,0.018042205,0.005250303,0.7893423,0.0167855,"TWOGAUSSIANS_WITH_ELLIPSOIDAL_ON_ECLIPSE2",9,9.155326,0.28357336,0.007233997,0.15591495,0.03700025,0.15338683,0.012549754,0.7893423,0.0167855,0.16197291,0.068659864,0.041687038,0.013096889
375316653866487564,6061106368391881088,0.602587,2178.301275578989,0.9993005176391683,2.814311E-6,17.621742,0.0021290688,0.27275422,0.0020713524,0.049411792,0.0019978909,0.4269273,0.0116310315,0.775325,0.003231671,0.06563589,0.004241719,0.08704551,0.0053850515,null,null,null,null,"TWOGAUSSIANS",8,2.2320156,0.27275422,0.0020713524,0.27670604,0.0111881895,0.42690337,0.011635009,0.775325,0.003231671,0.36756098,0.023753624,0.08702157,0.0053906324
375316653866487564,6061106746336731904,0.4698261,2193.56555015412,0.6187729500860221,2.1238998E-6,18.863049,0.0028368428,0.44901216,6.636616E-5,0.00822236,1.839621E-4,3.3375578,0.39216694,0.7850034,0.010647277,0.010191502,0.011094672,0.05037885,0.011904353,null,null,null,null,"TWOGAUSSIANS",8,2.4350166,0.44901216,6.636616E-5,0.046045218,0.0010301878,3.3375578,0.39216694,0.7850034,0.010647277,0.057072412,0.06213016,0.05037885,0.011904353
375316653866487564,6061107261736516864,0.5191678,2213.0001631360847,3.4771370111269273,1.939276E-5,19.79542,0.0711107,0.22242358,0.005129439,0.091016844,0.019387627,0.33344162,0.06505288,0.71129304,0.009857654,0.10143938,0.02656158,0.40970132,0.0632903,null,null,null,null,"TWOGAUSSIANS",8,2.2002172,0.71129304,0.009857654,0.4,0.0,0.38788176,0.026567528,0.22242358,0.0050533875,0.4,0.0,0.31162682,0.01653191
