Gaia/vari_eclipsing_binary/VariEclipsingBinary_212505-212577.csv
# %ECSV 1.0
# ---
# delimiter: ','
# meta: !!omap
# - RELEASE: Gaia DR3
# - TABLE: vari_eclipsing_binary
# - DESCRIPTION: >
#     This table describes the properties of the eclipsing binaries resulting from the variability analysis. 
# - CITATION: >
#     How to cite and acknowledge Gaia: 
#     https://gea.esac.esa.int/archive/documentation/credits.html 
# - KNOWN_ISSUES: >
#     Known issues: 
#     https://www.cosmos.esa.int/web/gaia-users/known-issues 
# - DOCUMENTATION: >
#     Tutorials and documentation: 
#     https://www.cosmos.esa.int/web/gaia-users/archive 
# datatype:
# - 
#   name: solution_id
#   datatype: int64
#   description: Solution Identifier
#   meta:
#     ucd: meta.version
# - 
#   name: source_id
#   datatype: int64
#   description: Unique source identifier
#   meta:
#     ucd: meta.id;meta.main
# - 
#   name: global_ranking
#   datatype: float32
#   description: Number between 0 (worst) and 1 (best)
#   meta:
#     ucd: stat.param
# - 
#   name: reference_time
#   datatype: float64
#   unit: d
#   description: Reference time used for the geometric model fit
#   meta:
#     ucd: time.epoch
# - 
#   name: frequency
#   datatype: float64
#   unit: d**-1
#   description: Frequency of geometric model of the eclipsing binary light curve
#   meta:
#     ucd: src.orbital
# - 
#   name: frequency_error
#   datatype: float32
#   unit: d**-1
#   description: "Uncertainty of \\texttt{frequency}"
#   meta:
#     ucd: stat.error
# - 
#   name: geom_model_reference_level
#   datatype: float32
#   unit: mag
#   description: Magnitude reference level of geometric model
#   meta:
#     ucd: phot.mag;em.opt
# - 
#   name: geom_model_reference_level_error
#   datatype: float32
#   unit: mag
#   description: "Uncertainty of \\texttt{geomModelReferenceLevel}"
#   meta:
#     ucd: stat.error;phot.mag;em.opt
# - 
#   name: geom_model_gaussian1_phase
#   datatype: float32
#   description: Phase of the Gaussian 1 component
#   meta:
#     ucd: time.phase
# - 
#   name: geom_model_gaussian1_phase_error
#   datatype: float32
#   description: "Uncertainty of \\texttt{geomModelGaussian1Phase}"
#   meta:
#     ucd: stat.error;time.phase
# - 
#   name: geom_model_gaussian1_sigma
#   datatype: float32
#   description: "Standard deviation [phase] of Gaussian 1 component"
#   meta:
#     ucd: stat.stdev
# - 
#   name: geom_model_gaussian1_sigma_error
#   datatype: float32
#   description: "Uncertainty of \\texttt{geomModelGaussian1Sigma}"
#   meta:
#     ucd: stat.error
# - 
#   name: geom_model_gaussian1_depth
#   datatype: float32
#   unit: mag
#   description: Magnitude depth of Gaussian 1 component
#   meta:
#     ucd: src.var.amplitude
# - 
#   name: geom_model_gaussian1_depth_error
#   datatype: float32
#   unit: mag
#   description: "Uncertainty of \\texttt{geomModelGaussian1Depth}"
#   meta:
#     ucd: stat.error;src.var.amplitude
# - 
#   name: geom_model_gaussian2_phase
#   datatype: float32
#   description: Phase of Gaussian 2 component
#   meta:
#     ucd: time.phase
# - 
#   name: geom_model_gaussian2_phase_error
#   datatype: float32
#   description: "Uncertainty of \\texttt{geomModelGaussian2Phase}"
#   meta:
#     ucd: stat.error;time.phase
# - 
#   name: geom_model_gaussian2_sigma
#   datatype: float32
[...]
#   datatype: float32
#   description: "Secondary eclipse: uncertainty of \\texttt{derivedSecondaryEclDuration}"
#   meta:
#     ucd: stat.error;time.duration
# - 
#   name: derived_secondary_ecl_depth
#   datatype: float32
#   unit: mag
#   description: "Secondary eclipse: depth"
#   meta:
#     ucd: src.var.amplitude
# - 
#   name: derived_secondary_ecl_depth_error
#   datatype: float32
#   unit: mag
#   description: "Secondary eclipse: uncertainty of \\texttt{derivedSecondaryEclDepth}"
#   meta:
#     ucd: stat.error;src.var.amplitude
solution_id,source_id,global_ranking,reference_time,frequency,frequency_error,geom_model_reference_level,geom_model_reference_level_error,geom_model_gaussian1_phase,geom_model_gaussian1_phase_error,geom_model_gaussian1_sigma,geom_model_gaussian1_sigma_error,geom_model_gaussian1_depth,geom_model_gaussian1_depth_error,geom_model_gaussian2_phase,geom_model_gaussian2_phase_error,geom_model_gaussian2_sigma,geom_model_gaussian2_sigma_error,geom_model_gaussian2_depth,geom_model_gaussian2_depth_error,geom_model_cosine_half_period_amplitude,geom_model_cosine_half_period_amplitude_error,geom_model_cosine_half_period_phase,geom_model_cosine_half_period_phase_error,model_type,num_model_parameters,reduced_chi2,derived_primary_ecl_phase,derived_primary_ecl_phase_error,derived_primary_ecl_duration,derived_primary_ecl_duration_error,derived_primary_ecl_depth,derived_primary_ecl_depth_error,derived_secondary_ecl_phase,derived_secondary_ecl_phase_error,derived_secondary_ecl_duration,derived_secondary_ecl_duration_error,derived_secondary_ecl_depth,derived_secondary_ecl_depth_error
[from data line 676]
375316653866487564,1869743918451689984,0.47885782,2223.7602808506726,3.349864215581496,1.2985529E-5,18.075262,0.057132468,0.2502102,0.0050886725,0.11892745,0.03651495,0.20932925,0.043394465,0.74078053,0.0047064256,0.0955041,0.016466182,0.27245173,0.051866807,null,null,null,null,"TWOGAUSSIANS",8,11.260374,0.74078053,0.0047064256,0.4,0.0,0.24484615,0.01805325,0.2502102,0.0050890455,0.4,0.0,0.18166041,0.01806429
375316653866487564,1869744227689402752,0.45428586,2203.513707485895,0.08742456999122673,3.612117E-5,19.207283,0.009665044,0.10991781,0.004440973,0.0034872703,0.008062011,0.9728482,0.94892526,0.67132616,0.011401267,0.023078334,0.018717034,0.0685808,0.026530681,0.014830045,0.013379693,0.67132616,0.011401267,"TWOGAUSSIANS_WITH_ELLIPSOIDAL_ON_ECLIPSE2",9,6.2753696,0.10991781,0.004411367,0.019528713,0.04514726,0.9983075,0.9650121,0.67132616,0.011401267,0.12923867,0.10481539,0.098240875,0.031796735
375316653866487564,1869744983603657984,0.5333029,2214.3857362943377,3.146103336881128,9.614606E-6,18.906921,0.007849857,0.27587342,0.0045112986,0.06768123,0.004601734,0.3878889,0.020864148,0.7731381,0.0050334297,0.06840459,0.003849213,0.33712554,0.014832053,null,null,null,null,"TWOGAUSSIANS",8,3.3128948,0.27587342,0.0045112986,0.37901488,0.02576971,0.38710266,0.020938307,0.7731381,0.0050334297,0.3830657,0.021555593,0.3363393,0.01467824
375316653866487564,1869747285706114432,0.4966489,2219.385979538588,3.224158033476368,1.066574E-5,19.161222,0.025427025,0.15972453,0.003135011,0.098055,0.009615495,0.2812869,0.024442598,0.652581,0.0055261073,0.104717225,0.015609797,0.25512177,0.02078612,null,null,null,null,"TWOGAUSSIANS",8,1.5581118,0.15972453,0.0031361,0.4,0.0,0.2578789,0.01670251,0.652581,0.0055261073,0.4,0.0,0.23170911,0.015258136
375316653866487564,1869747801102328704,0.5258145,2201.8265532821642,4.140294979333553,1.3296102E-5,18.780546,0.0073686005,0.26446837,0.0033412608,0.079790786,0.0051171756,0.26561454,0.011203237,0.7479001,0.006072111,0.09453163,0.008026103,0.24516696,0.016992768,null,null,null,null,"TWOGAUSSIANS",8,2.5337965,0.26446837,0.0033412608,0.4,0.0,0.25933972,0.0111039635,0.7479001,0.006072111,0.4,0.0,0.23889156,0.018955763
375316653866487564,1869750721681669760,0.5244585,2254.5108355802963,2.2917969779995344,1.2152307E-5,19.254786,0.010870197,0.258066,0.0035043452,0.07435946,0.0046077976,0.31919497,0.012988584,0.7681302,0.004554124,0.09256192,0.0063507124,0.28463838,0.020671787,null,null,null,null,"TWOGAUSSIANS",8,1.8986021,0.258066,0.0035043452,0.4,0.0,0.3136156,0.01204732,0.7681302,0.004554124,0.4,0.0,0.27905867,0.021141788
375316653866487564,1869751133998591232,0.56234604,2233.244906265557,4.2112787029782455,7.3929673E-6,18.971283,0.007656164,0.32511523,0.001744845,0.07377621,0.0023276305,0.5912823,0.024929572,0.8229858,0.002680431,0.068727985,0.0032126484,0.59149957,0.03251094,null,null,null,null,"TWOGAUSSIANS",8,3.1014223,0.8229858,0.002680431,0.3848767,0.017990831,0.5891197,0.03287451,0.32511523,0.001744845,0.4,0.0,0.5889025,0.025170762
375316653866487564,1869752199150618112,0.45205438,2198.003723562921,3.635750414411529,2.4511484E-5,19.131096,0.14071633,0.29939273,0.0103336545,0.1379785,0.050528027,0.22947237,0.13958246,0.7785293,0.0076301345,0.11782144,0.035085384,0.21982807,0.13080432,null,null,null,null,"TWOGAUSSIANS",8,3.188908,0.29951274,0.009863635,0.4,0.0,0.17314263,0.015511997,0.7785293,0.0076301345,0.4,0.0,0.16416635,0.030473977
375316653866487564,1869753126863585152,0.505903,2198.595085170682,2.6080279171546854,1.3909702E-5,18.415922,0.009566855,0.2420655,0.004198109,0.09112561,0.008340971,0.15671425,0.009660421,0.74185777,0.004458235,0.09578835,0.010571044,0.15425971,0.009620027,null,null,null,null,"TWOGAUSSIANS",8,2.3740103,0.2420655,0.004198109,0.4,0.0,0.14805883,0.007475926,0.74185777,0.004458235,0.4,0.0,0.14560401,0.009258773
375316653866487564,1869753161223364608,0.45145363,2236.3013738694035,0.02710224288929522,1.1682858E-5,18.19821,0.0028634756,0.47582972,4.414931E-4,0.0010324051,5.021167E-4,0.17001162,0.024918515,0.7921954,0.0055869347,0.016448507,0.0038677456,0.0499361,0.011765071,null,null,null,null,"TWOGAUSSIANS",8,4.388061,0.47582972,4.414931E-4,0.0057814685,0.0028118535,0.17001162,0.024918515,0.7921954,0.0055869347,0.09211164,0.021659376,0.0499361,0.011765071
375316653866487564,1869754058879433600,0.6708038,2217.2261170405263,3.8605684801291895,2.486906E-6,16.756002,0.007799511,0.26678836,0.0010563615,0.043466628,0.0015308578,0.60387486,0.018021496,0.7681295,0.004237133,0.039195247,0.0037630608,0.4478512,0.029285058,0.1536628,0.009806445,0.26678836,0.0010563615,"TWOGAUSSIANS_WITH_ELLIPSOIDAL_ON_ECLIPSE1",9,12.204177,0.26678836,0.0010563615,0.24341312,0.008572804,0.91119975,0.0110466285,0.7681295,0.004026895,0.21949337,0.02107314,0.7551543,0.022396583
375316653866487564,1869754604332506240,0.55539984,2208.909437151975,0.8823791590327559,6.82011E-6,18.52647,0.0014593382,0.18620986,0.018247113,0.027389502,0.021464415,0.023158802,0.009214206,0.4091443,0.0010113309,0.035973985,8.8826026E-4,0.314639,0.014625289,null,null,null,null,"TWOGAUSSIANS",8,1.0631052,0.4091443,0.0010113309,0.20145433,0.004974257,0.314639,0.014625289,0.18620986,0.018247113,0.15338121,0.12020073,0.023158804,0.009214206
375316653866487564,1869759105458118016,0.4850397,2201.4539870040903,3.631745531307536,1.4346833E-5,18.766567,0.023738557,0.28390965,0.0041965046,0.09882361,0.014873406,0.14448303,0.021740636,0.7734677,0.005994393,0.11478391,0.021753686,0.1658317,0.017783754,null,null,null,null,"TWOGAUSSIANS",8,1.6095728,0.7734677,0.005994393,0.4,0.0,0.14797477,0.015552127,0.28392965,0.0041677305,0.4,0.0,0.12665223,0.010933473
375316653866487564,1869762270856855168,0.5066275,2219.8315990231968,0.08146989305407243,7.970257E-5,16.670881,0.0021701779,0.24220133,0.011208056,0.015930174,0.014368616,0.07470016,22600.057,0.6289321,0.0097159175,0.011536986,0.0044243257,0.63409126,0.5276696,0.008798847,0.0021417947,0.24220133,0.011208056,"TWOGAUSSIANS_WITH_ELLIPSOIDAL_ON_ECLIPSE1",9,17.995682,0.62895215,0.00961878,0.06460712,0.024776224,0.64418364,0.5286797,0.24220133,0.011208056,0.089208975,0.08046425,0.09229783,22600.057
375316653866487564,1869763988834728704,0.5479045,2207.75563635861,0.25039449378658657,5.8814796E-5,19.4915,0.003551404,0.6211874,0.0014302736,0.020358576,0.0015811669,0.6140125,0.0033669686,0.8109652,0.017143061,0.009982358,0.0063202903,0.7987223,51.738785,null,null,null,null,"TWOGAUSSIANS",8,1.6123794,0.8109652,0.017143061,0.055901203,0.035393625,0.7987223,51.738785,0.6211874,0.0014302736,0.114008024,0.0088545345,0.6140125,0.0033669686
375316653866487564,1869764431217812480,0.4816689,2201.7349770470296,0.19247035754230393,2.8222945E-5,19.280552,0.0033226702,0.23844188,0.0053541223,0.0150067415,0.0033717027,0.38398054,0.10924976,null,null,null,null,null,null,null,null,null,null,"ONEGAUSSIAN",5,2.1493688,0.23844188,0.0053541223,0.08403775,0.018881535,0.38398054,0.0,null,null,null,null,null,null
375316653866487564,1869765255851552768,0.5664962,2222.6939177188874,4.233494281547363,7.804879E-6,18.33989,0.011020568,0.23334241,0.0023769157,0.079548344,0.004258192,0.47277045,0.022460306,0.7275547,0.0022046112,0.080443405,0.003112164,0.40860042,0.0111598065,null,null,null,null,"TWOGAUSSIANS",8,6.3929734,0.23334241,0.0023769157,0.4,0.0,0.46683404,0.023025505,0.7275547,0.0022046112,0.4,0.0,0.402664,0.009461893
375316653866487564,1869765294513997824,0.54892594,2216.975331083651,2.774862150492433,5.982061E-6,16.601137,0.013002612,0.26649377,0.0017489697,0.06291161,0.004387247,0.7892751,0.06087159,0.7755431,0.001875669,0.05627084,0.0030998955,0.58223116,0.036241807,null,null,null,null,"TWOGAUSSIANS",8,92.790306,0.26649377,0.0017489697,0.35230502,0.024568582,0.7891259,0.060994998,0.7755431,0.001875669,0.3151167,0.017359415,0.582082,0.03626969
375316653866487564,1869767356098295808,0.58263874,2212.655828278229,2.8855159319594197,6.820349E-6,16.500443,0.0060134837,0.2119348,0.0018502125,0.080354005,0.002960529,0.32193822,0.0061834645,0.7093031,0.0028448661,0.08465952,0.0035721653,0.4024473,0.015104521,null,null,null,null,"TWOGAUSSIANS",8,14.458675,0.7093031,0.0028448661,0.4,0.0,0.39547327,0.016184218,0.2119348,0.0018502125,0.4,0.0,0.31496418,0.0051825317
375316653866487564,1869767665335979648,0.49658388,2219.087733612015,1.2784253793453022,1.5993872E-5,15.592415,0.020757167,0.27277282,0.0062677795,0.115730524,0.0200061,0.1027506,0.018433467,0.74026984,0.0062448173,0.13045257,0.017231373,0.13234432,0.017705135,null,null,null,null,"TWOGAUSSIANS",8,33.32379,0.74026984,0.0062448173,0.4,0.0,0.10977918,0.006534159,0.27343282,0.005980625,0.4,0.0,0.08040222,0.0045461166
375316653866487564,1869768283811646208,0.53550035,2224.1689572448,2.7191770869252334,8.143778E-6,17.779287,0.045205247,0.23453017,0.0021136003,0.11696469,0.01278266,0.28124702,0.04255748,0.7168496,0.0053965184,0.121902555,0.017825248,0.24061967,0.04367693,null,null,null,null,"TWOGAUSSIANS",8,4.6822224,0.23463017,0.0020152752,0.4,0.0,0.23183179,0.005963509,0.7168496,0.0053965184,0.4,0.0,0.191152,0.009003095
375316653866487564,1869768313862778752,0.5736581,2209.5377936193363,3.7546595971394567,7.5034895E-6,18.644648,0.011489538,0.22571732,0.001692722,0.049162436,0.0064891265,0.26299015,0.055776164,0.71905136,0.004600873,0.050570726,0.008413061,0.19729388,0.026383713,0.11943566,0.017684678,0.22571732,0.001692722,"TWOGAUSSIANS_WITH_ELLIPSOIDAL_ON_ECLIPSE1",9,2.4936302,0.22571732,0.001692722,0.27530965,0.036339108,0.5018597,0.056941632,0.72036135,0.0036942472,0.28319606,0.04711314,0.4358268,0.016324064
375316653866487564,1869768318163932800,0.5208469,2237.80680214259,3.1297184927914294,5.757205E-6,18.954674,0.016648619,0.29335773,0.003295095,0.089762956,0.0052178344,0.42191896,0.020294271,0.7879078,0.003317755,0.09598096,0.00498436,0.41440952,0.018867722,null,null,null,null,"TWOGAUSSIANS",8,3.6661863,0.29335773,0.003295095,0.4,0.0,0.4013155,0.018463988,0.7879078,0.003317755,0.4,0.0,0.39380512,0.014889431
375316653866487564,1869769142796499456,0.5129967,2201.1140122928887,2.6955635006436505,1.1069672E-5,18.281334,0.029060287,0.2970996,0.003302938,0.10694737,0.009917225,0.25337398,0.028619263,0.7895589,0.0052310317,0.10768608,0.014505502,0.2287842,0.026527053,null,null,null,null,"TWOGAUSSIANS",8,3.5475972,0.29710957,0.0033089274,0.4,0.0,0.2239956,0.00953221,0.7895589,0.0052310317,0.4,0.0,0.19940537,0.011188576
375316653866487564,1869770551547005184,0.41400146,2235.224976955402,4.424446627320885,6.593826E-5,18.034449,0.009514989,0.16565605,0.005232285,0.025360534,0.0074061276,0.08037767,0.032270078,0.5216233,0.022293486,0.16412222,0.036524665,0.053792797,0.011106581,null,null,null,null,"TWOGAUSSIANS",8,5.9607577,0.16619605,0.005126916,0.14201899,0.041474316,0.08450115,0.03225815,0.5216233,0.022293486,0.4,0.0,0.05275437,0.010620501
375316653866487564,1869772853656871424,0.57274526,2232.6195392264394,2.768133056911692,1.7665845E-5,17.699337,0.013044209,0.261129,0.0028634083,0.09309332,0.004478529,0.40364712,0.016479738,0.7630185,0.0043552835,0.087597035,0.0054896018,0.43350622,0.016029533,null,null,null,null,"TWOGAUSSIANS",8,11.121706,0.7630185,0.0043552835,0.4,0.0,0.41587073,0.013670397,0.261129,0.0028634083,0.4,0.0,0.38601127,0.015242294
375316653866487564,1869772918067930240,0.518044,2236.01987888946,2.7085149752156177,1.1962659E-5,18.374846,0.0031054076,0.2560573,0.0024397918,0.050168954,0.013579368,0.028037729,0.023043603,null,null,null,null,null,null,0.11437377,0.0043026456,0.2560573,0.0024397918,"ONEGAUSSIAN_WITH_ELLIPSOIDAL",6,4.2127976,0.2560573,0.0024397918,0.28094614,0.076044455,0.25678512,0.022594858,null,null,null,null,null,null
375316653866487564,1869773570903084416,0.53007925,2246.603280084228,2.4232321716337486,1.49473435E-5,17.667786,0.0071400446,0.26343653,0.0032559882,0.09289697,0.0074276756,0.31392676,0.026707828,0.7715222,0.0028227312,0.08129148,0.0045399163,0.3393056,0.010194794,null,null,null,null,"TWOGAUSSIANS",8,9.303018,0.7715222,0.0028227312,0.4,0.0,0.33008385,0.010200779,0.26343653,0.0032559882,0.4,0.0,0.30470467,0.029436545
375316653866487564,1869776220911698816,0.6069066,2248.3476637182957,0.8870212128867072,3.7757668E-6,15.810644,0.002533031,0.283712,6.4729655E-4,0.02231834,0.0012012527,0.485101,0.036958124,0.78413695,0.0020812037,0.021673294,0.0014429842,0.58501494,0.015998187,0.008036087,0.0036783465,0.283712,6.4729655E-4,"TWOGAUSSIANS_WITH_ELLIPSOIDAL_ON_ECLIPSE1",9,51.765278,0.78413695,0.0020812037,0.12137044,0.008080712,0.60108703,0.015885826,0.283712,6.4729655E-4,0.12498271,0.0067270147,0.5011732,0.037958704
375316653866487564,1869779034109813632,0.490885,2215.5401851324877,3.5030147990548004,1.9386966E-5,19.219257,0.016790088,0.21398175,0.005587282,0.08218403,0.011735347,0.27794963,0.019522883,0.73383105,0.0053666616,0.078234166,0.009382737,0.2521071,0.01790473,null,null,null,null,"TWOGAUSSIANS",8,3.5949807,0.21398175,0.005587282,0.4,0.0,0.27517053,0.01999481,0.73383105,0.0053666616,0.4,0.0,0.249328,0.016175034
375316653866487564,1869779446418913408,0.5455304,2242.613689408275,2.8612347151601396,1.9617752E-5,17.987682,0.011200481,0.29816538,0.004204619,0.09719451,0.007641367,0.17960739,0.010899598,0.79220015,0.00367895,0.09560795,0.008125552,0.16983598,0.010552435,null,null,null,null,"TWOGAUSSIANS",8,2.8672068,0.29816538,0.004204619,0.4,0.0,0.1684433,0.005722025,0.79220015,0.00367895,0.4,0.0,0.15867217,0.0056838193
375316653866487564,1869779549498253440,0.57200915,2207.6514489667275,2.0619803760151894,7.866827E-6,18.011162,0.02930197,0.2807902,0.0031049945,0.11822847,0.011511262,0.24598527,0.027957203,0.77782106,0.0028669084,0.111783475,0.010262294,0.2766061,0.027045812,null,null,null,null,"TWOGAUSSIANS",8,2.2153442,0.77782106,0.0028669084,0.4,0.0,0.22905304,0.00665814,0.28080022,0.0031095566,0.4,0.0,0.19839275,0.005439528
375316653866487564,1869781581030961152,0.46341574,2226.740840800687,0.39329642343668986,9.8458426E-5,18.6741,0.010427557,0.20519206,0.0030639847,0.022136047,0.0020697988,1.6552562,0.5451501,0.48067763,0.03338661,0.14520943,0.03728691,0.04798813,0.020650676,null,null,null,null,"TWOGAUSSIANS",8,4.7817163,0.20522206,0.0030552237,0.12396187,0.011590873,1.6629378,0.5455881,0.48067763,0.03338661,0.4,0.0,0.047732506,0.020709662
375316653866487564,1869784158002650112,0.5066741,2210.9862633925836,3.513751340736016,2.0877274E-5,19.634172,0.01121237,0.2876447,0.0055896863,0.060538374,0.0074641276,0.38003644,0.025872469,0.78950953,0.006671523,0.08217986,0.008067389,0.27043098,0.027311994,null,null,null,null,"TWOGAUSSIANS",8,2.3741758,0.2876447,0.0055896863,0.33901492,0.041799113,0.3787668,0.026167125,0.78950953,0.006671523,0.4,0.0,0.26916137,0.027514953
375316653866487564,1869784604679318912,0.5255589,2238.8797147967475,3.290324595976129,1.1623841E-5,16.129597,0.04005474,0.31142846,0.002154224,0.060692634,0.0109012835,0.26595262,0.08088516,0.79680806,0.01093745,0.06908622,0.013382354,0.36647078,0.09560858,0.03717161,0.04451146,0.31142846,0.002154224,"TWOGAUSSIANS_WITH_ELLIPSOIDAL_ON_ECLIPSE1",9,94.72232,0.79783803,0.009150012,0.38688278,0.05643005,0.43994507,0.0509167,0.31142846,0.002154224,0.33987874,0.06104719,0.3400084,0.013650447
375316653866487564,1869785837329794048,0.49745032,2218.633826334622,2.3400589099469187,1.7931588E-5,19.57749,0.0074824165,0.30638933,0.061521966,0.036482684,0.03657811,0.64189243,0.6542574,0.83570427,0.0017329154,0.027172102,0.0015040351,0.43908674,0.023804462,null,null,null,null,"TWOGAUSSIANS",8,2.4210353,0.30638933,0.061521966,0.20430304,0.1982131,0.64189243,0.6542575,0.83570427,0.0017329154,0.15216377,0.008422596,0.43908674,0.02380445
