Gaia/vari_eclipsing_binary/VariEclipsingBinary_333326-333491.csv
# %ECSV 1.0
# ---
# delimiter: ','
# meta: !!omap
# - RELEASE: Gaia DR3
# - TABLE: vari_eclipsing_binary
# - DESCRIPTION: >
#     This table describes the properties of the eclipsing binaries resulting from the variability analysis. 
# - CITATION: >
#     How to cite and acknowledge Gaia: 
#     https://gea.esac.esa.int/archive/documentation/credits.html 
# - KNOWN_ISSUES: >
#     Known issues: 
#     https://www.cosmos.esa.int/web/gaia-users/known-issues 
# - DOCUMENTATION: >
#     Tutorials and documentation: 
#     https://www.cosmos.esa.int/web/gaia-users/archive 
# datatype:
# - 
#   name: solution_id
#   datatype: int64
#   description: Solution Identifier
#   meta:
#     ucd: meta.version
# - 
#   name: source_id
#   datatype: int64
#   description: Unique source identifier
#   meta:
#     ucd: meta.id;meta.main
# - 
#   name: global_ranking
#   datatype: float32
#   description: Number between 0 (worst) and 1 (best)
#   meta:
#     ucd: stat.param
# - 
#   name: reference_time
#   datatype: float64
#   unit: d
#   description: Reference time used for the geometric model fit
#   meta:
#     ucd: time.epoch
# - 
#   name: frequency
#   datatype: float64
#   unit: d**-1
#   description: Frequency of geometric model of the eclipsing binary light curve
#   meta:
#     ucd: src.orbital
# - 
#   name: frequency_error
#   datatype: float32
#   unit: d**-1
#   description: "Uncertainty of \\texttt{frequency}"
#   meta:
#     ucd: stat.error
# - 
#   name: geom_model_reference_level
#   datatype: float32
#   unit: mag
#   description: Magnitude reference level of geometric model
#   meta:
#     ucd: phot.mag;em.opt
# - 
#   name: geom_model_reference_level_error
#   datatype: float32
#   unit: mag
#   description: "Uncertainty of \\texttt{geomModelReferenceLevel}"
#   meta:
#     ucd: stat.error;phot.mag;em.opt
# - 
#   name: geom_model_gaussian1_phase
#   datatype: float32
#   description: Phase of the Gaussian 1 component
#   meta:
#     ucd: time.phase
# - 
#   name: geom_model_gaussian1_phase_error
#   datatype: float32
#   description: "Uncertainty of \\texttt{geomModelGaussian1Phase}"
#   meta:
#     ucd: stat.error;time.phase
# - 
#   name: geom_model_gaussian1_sigma
#   datatype: float32
#   description: "Standard deviation [phase] of Gaussian 1 component"
#   meta:
#     ucd: stat.stdev
# - 
#   name: geom_model_gaussian1_sigma_error
#   datatype: float32
#   description: "Uncertainty of \\texttt{geomModelGaussian1Sigma}"
#   meta:
#     ucd: stat.error
# - 
#   name: geom_model_gaussian1_depth
#   datatype: float32
#   unit: mag
#   description: Magnitude depth of Gaussian 1 component
#   meta:
#     ucd: src.var.amplitude
# - 
#   name: geom_model_gaussian1_depth_error
#   datatype: float32
#   unit: mag
#   description: "Uncertainty of \\texttt{geomModelGaussian1Depth}"
#   meta:
#     ucd: stat.error;src.var.amplitude
# - 
#   name: geom_model_gaussian2_phase
#   datatype: float32
#   description: Phase of Gaussian 2 component
#   meta:
#     ucd: time.phase
# - 
#   name: geom_model_gaussian2_phase_error
#   datatype: float32
#   description: "Uncertainty of \\texttt{geomModelGaussian2Phase}"
#   meta:
#     ucd: stat.error;time.phase
# - 
#   name: geom_model_gaussian2_sigma
#   datatype: float32
[...]
#   datatype: float32
#   description: "Secondary eclipse: uncertainty of \\texttt{derivedSecondaryEclDuration}"
#   meta:
#     ucd: stat.error;time.duration
# - 
#   name: derived_secondary_ecl_depth
#   datatype: float32
#   unit: mag
#   description: "Secondary eclipse: depth"
#   meta:
#     ucd: src.var.amplitude
# - 
#   name: derived_secondary_ecl_depth_error
#   datatype: float32
#   unit: mag
#   description: "Secondary eclipse: uncertainty of \\texttt{derivedSecondaryEclDepth}"
#   meta:
#     ucd: stat.error;src.var.amplitude
solution_id,source_id,global_ranking,reference_time,frequency,frequency_error,geom_model_reference_level,geom_model_reference_level_error,geom_model_gaussian1_phase,geom_model_gaussian1_phase_error,geom_model_gaussian1_sigma,geom_model_gaussian1_sigma_error,geom_model_gaussian1_depth,geom_model_gaussian1_depth_error,geom_model_gaussian2_phase,geom_model_gaussian2_phase_error,geom_model_gaussian2_sigma,geom_model_gaussian2_sigma_error,geom_model_gaussian2_depth,geom_model_gaussian2_depth_error,geom_model_cosine_half_period_amplitude,geom_model_cosine_half_period_amplitude_error,geom_model_cosine_half_period_phase,geom_model_cosine_half_period_phase_error,model_type,num_model_parameters,reduced_chi2,derived_primary_ecl_phase,derived_primary_ecl_phase_error,derived_primary_ecl_duration,derived_primary_ecl_duration_error,derived_primary_ecl_depth,derived_primary_ecl_depth_error,derived_secondary_ecl_phase,derived_secondary_ecl_phase_error,derived_secondary_ecl_duration,derived_secondary_ecl_duration_error,derived_secondary_ecl_depth,derived_secondary_ecl_depth_error
[from data line 37]
375316653866487564,2932026911448196480,0.5250483,2109.328463880999,1.8921472623896805,1.4089106E-5,18.1061,0.0046914415,0.2675039,0.0017362547,0.028305948,0.0019171479,0.65878665,0.028949564,0.77482885,0.028814018,0.026420975,0.021335403,0.094299845,0.08273076,null,null,null,null,"TWOGAUSSIANS",8,15.96088,0.2675039,0.0017362547,0.15851331,0.010736029,0.65878665,0.028949564,0.77482885,0.028814018,0.14795746,0.119478256,0.094299845,0.08273076
375316653866487564,2932027083246969728,0.5387541,2141.6859097454003,3.472267433015915,8.1442695E-6,14.687782,0.0073381737,0.30152777,0.0021938111,0.09129254,0.005179046,0.21750495,0.007493385,0.8031948,0.003664922,0.08837621,0.0057785106,0.21126041,0.011419806,null,null,null,null,"TWOGAUSSIANS",8,109.997215,0.30152777,0.0021938111,0.4,0.0,0.20880958,0.007238318,0.8031948,0.003664922,0.4,0.0,0.20256513,0.011996859
375316653866487564,2932027289405387648,0.64968276,2109.2654498893103,0.394942536355864,7.6350625E-6,16.327595,0.0010021615,0.23776358,0.0012879205,0.023595698,0.0016423425,0.27360013,0.009410996,0.73872906,0.0030350096,0.023481306,0.0024114752,0.32296658,0.011596027,0.008514793,0.0017592487,0.23776358,0.0012879205,"TWOGAUSSIANS_WITH_ELLIPSOIDAL_ON_ECLIPSE1",9,3.7154038,0.73872906,0.0030350096,0.13149531,0.01350426,0.3399955,0.010409907,0.23776358,0.0012879205,0.13213591,0.009197119,0.29062968,0.009653078
375316653866487564,2932029282270106624,0.6053408,2111.187834475828,2.9448751275850604,5.044247E-6,14.282999,0.009575065,0.2514495,0.0014490245,0.04916802,0.0031850191,0.45114246,0.019594952,0.75812906,0.0011878789,0.046720568,0.0021178685,0.40178296,0.021938186,0.12662701,0.011874288,0.75812906,0.0011878789,"TWOGAUSSIANS_WITH_ELLIPSOIDAL_ON_ECLIPSE2",9,295.9425,0.2520995,0.0012953724,0.2753409,0.017836107,0.70399153,0.015742002,0.75812906,0.0011878789,0.26163518,0.011860064,0.6550348,0.009761166
375316653866487564,2932030068238989568,0.6044652,2100.0983355562958,2.905920733610888,4.4224116E-6,16.627281,0.002913069,0.25188538,0.0022009006,0.09084995,0.003430263,0.16284107,0.0035048178,0.7503486,0.0018973618,0.09336429,0.0028642912,0.1546711,0.003615475,null,null,null,null,"TWOGAUSSIANS",8,2.5420063,0.25188538,0.0022009006,0.4,0.0,0.15504675,0.003475158,0.7503486,0.0018973618,0.4,0.0,0.1468767,0.003303582
375316653866487564,2932030931537813760,0.5203215,2107.8082341717122,1.561741108522685,2.6569965E-5,18.180986,0.0019964988,0.29018652,8.5756613E-4,0.014059028,6.554466E-4,0.30091494,0.0036812616,0.56882924,0.03747326,0.048821107,0.047792044,0.010294205,0.107971884,null,null,null,null,"TWOGAUSSIANS",8,1.4147496,0.29018652,8.5756613E-4,0.07873055,0.003670501,0.30091494,0.0036813344,0.56882924,0.03747326,0.2733982,0.26763543,0.010294205,0.107971884
375316653866487564,2932031309494930176,0.6266646,2106.1159778363203,0.6244915046047758,8.381947E-6,15.378476,0.0013308154,0.24379066,0.0027353428,0.018940587,0.002335281,0.34370592,0.026346264,0.7458864,0.004019464,0.019707983,0.0030389635,0.16935726,0.03155911,0.0037951749,0.0020650346,0.24379066,0.0027353428,"TWOGAUSSIANS_WITH_ELLIPSOIDAL_ON_ECLIPSE1",9,10.656968,0.24379066,0.0027353428,0.106067285,0.013077574,0.35129628,0.02727754,0.7458864,0.004019464,0.110364705,0.017018195,0.17694628,0.031765398
375316653866487564,2932032370341839232,0.49346435,2113.0180640108865,0.1662796997019831,7.0888775E-5,18.473091,0.0029639043,0.39648104,0.004106678,0.025685016,0.013183648,0.04681481,0.07298736,0.88080764,0.0069151246,0.007066486,0.004333883,0.47938523,0.24979474,null,null,null,null,"TWOGAUSSIANS",8,6.461421,0.88080764,0.0069151246,0.03957232,0.024269745,0.47938523,0.24979474,0.39648104,0.004106678,0.14383608,0.07382843,0.04681481,0.07298736
375316653866487564,2932034092633418624,0.47540864,2129.5438258152976,0.5327212596951081,8.8086934E-5,15.059482,0.0015161115,0.23651429,0.02817661,0.06449583,0.010499354,0.017310195,0.0068838852,0.7461673,0.0040356633,0.024920367,0.0030834128,0.11737476,0.011252914,null,null,null,null,"TWOGAUSSIANS",8,18.959332,0.7461673,0.0040356633,0.13955405,0.017267112,0.117374755,0.011252918,0.23651429,0.02817661,0.36117667,0.058796387,0.017310191,0.0068838904
375316653866487564,2932035157785185792,0.5835485,2096.9936939405216,3.7685044417867193,7.71615E-6,17.203352,0.0041561583,0.22219352,0.0019044838,0.02894561,0.008517137,0.09270911,0.017735366,0.72265273,0.0048193233,0.055549998,0.005223237,0.10016488,0.00990301,0.100207835,0.0059373737,0.22219352,0.0019044838,"TWOGAUSSIANS_WITH_ELLIPSOIDAL_ON_ECLIPSE1",9,7.2309585,0.72265273,0.0045381817,0.31107998,0.029250128,0.30057433,0.0059883553,0.22219352,0.0019044838,0.16209541,0.047695965,0.2931202,0.022928208
375316653866487564,2932035467022756864,0.46716723,2100.975027426154,1.2711358824373855,3.868257E-5,15.935544,0.011421659,0.11569864,0.02595932,0.031744253,0.0132452315,0.5195042,0.12040912,0.613997,0.015844813,0.03585826,0.018271063,0.2029898,0.078276716,null,null,null,null,"TWOGAUSSIANS",8,96.25154,0.11569864,0.02595932,0.17776781,0.074173294,0.5195042,0.12040912,0.613997,0.015844813,0.20080625,0.10231795,0.2029898,0.078276716
375316653866487564,2932036188577334144,0.60783535,2113.264647349082,3.186597254803506,6.0999687E-6,15.964488,0.0058749304,0.28707534,0.0012918833,0.05614723,0.004724507,0.16927218,0.01581803,0.79039395,0.0029581545,0.040995143,0.005116899,0.10654448,0.013238873,0.1122335,0.008638444,0.28707534,0.0012918833,"TWOGAUSSIANS_WITH_ELLIPSOIDAL_ON_ECLIPSE1",9,28.25682,0.28707534,0.0012918833,0.31442448,0.02645724,0.3937308,0.013084159,0.79039395,0.0029581545,0.22957279,0.028654635,0.3309055,0.006360561
375316653866487564,2932037180704471936,0.553354,2129.222821050365,3.001731130630477,7.101044E-6,19.198807,0.008085469,0.2686534,0.0030634268,0.067582935,0.0037369411,0.45671326,0.014156336,0.76501495,0.002721132,0.066224515,0.0036333264,0.5648323,0.017465979,null,null,null,null,"TWOGAUSSIANS",8,3.2917497,0.76501495,0.002721132,0.3708573,0.020346629,0.5639813,0.017547246,0.2686534,0.0030634268,0.37846443,0.02092687,0.45586225,0.014174674
375316653866487564,2932037700406184576,0.46153173,2129.8003982310197,0.817581389620088,1.6531023E-5,14.5596075,0.027314397,0.2156146,0.0036332342,0.12661545,0.021304192,0.12106292,0.026784576,0.7153845,0.0032001769,0.11474301,0.01645692,0.12885445,0.025575606,null,null,null,null,"TWOGAUSSIANS",8,34.78345,0.7153845,0.0032089523,0.4,0.0,0.099899225,0.0038865518,0.2156146,0.003636902,0.4,0.0,0.092027605,0.0027604292
375316653866487564,2932038318881534208,0.63129795,2116.635426035237,1.3602547900956468,3.2896323E-6,16.155966,0.0028100556,0.21107309,9.4052433E-4,0.09058099,0.001843711,0.20054398,0.0030828833,0.7064837,0.0015265496,0.09847749,0.0022173747,0.20025496,0.0032909983,null,null,null,null,"TWOGAUSSIANS",8,2.985517,0.21107309,9.4052433E-4,0.4,0.0,0.18917713,0.002638257,0.7064837,0.0015265496,0.4,0.0,0.18888716,0.0028221332
375316653866487564,2932038868637431808,0.6689944,2125.2116968965556,3.029714242937234,3.423484E-6,16.056978,0.0034322483,0.2864399,6.450735E-4,0.047316413,0.0011626459,0.3082259,0.009381087,0.7814901,7.801553E-4,0.05054011,0.0010742588,0.35869297,0.008559496,0.115064874,0.0044851815,0.2864399,6.450735E-4,"TWOGAUSSIANS_WITH_ELLIPSOIDAL_ON_ECLIPSE1",9,9.781482,0.7820601,6.8284635E-4,0.2830246,0.0060158493,0.5886228,0.00571938,0.2864399,6.450735E-4,0.2649719,0.006510817,0.5383528,0.006992786
375316653866487564,2932039040435916160,0.6360722,2133.2208035234826,3.3996427578159993,4.7978024E-6,14.751369,0.009116332,0.2403429,0.0029458622,0.044519316,0.005192718,0.20070739,0.018712217,0.7456675,0.0012151671,0.048641615,0.003161079,0.32091856,0.018543364,0.12756594,0.0111314375,0.7456675,0.0012151671,"TWOGAUSSIANS_WITH_ELLIPSOIDAL_ON_ECLIPSE2",9,126.25075,0.7456675,0.0012151671,0.27239305,0.017702043,0.5760495,0.0067300205,0.2412229,0.0025508462,0.24930817,0.02907922,0.45560023,0.012040198
375316653866487564,2932039040435922944,0.47239453,2129.9587514500554,1.1496833986822461,1.6500266E-5,16.444872,0.0033961292,0.35786417,0.06753574,0.046887893,0.08527943,0.020475397,0.011587247,0.8898686,0.002564586,0.027296914,0.0023822892,0.14727585,0.012105125,null,null,null,null,"TWOGAUSSIANS",8,25.272192,0.8898686,0.0025643252,0.15286273,0.01334082,0.14727585,0.012114085,0.35786417,0.06753574,0.2625722,0.20389438,0.020475397,0.011601178
375316653866487564,2932039448447605248,0.53826153,2111.4191523959953,3.788586598514864,1.11831905E-5,19.353828,0.013933838,0.23071525,0.0035938695,0.0899244,0.00616749,0.30108145,0.015555535,0.7277784,0.004652505,0.07834049,0.0058947955,0.40371853,0.018618917,null,null,null,null,"TWOGAUSSIANS",8,1.8249756,0.7277784,0.004652505,0.4,0.0,0.39583397,0.017271904,0.23071525,0.0035938695,0.4,0.0,0.2931968,0.014110851
375316653866487564,2932040758422761728,0.572834,2117.865214973312,1.6720344268927454,3.4074571E-6,18.490023,0.004294241,0.3008555,0.0013877555,0.03884019,0.0014196618,0.39282668,0.0069646845,0.8028637,0.0011078271,0.037433583,0.0016854116,0.5070309,0.013280521,null,null,null,null,"TWOGAUSSIANS",8,4.9636726,0.8028637,0.0011078271,0.20962808,0.009438304,0.5070309,0.013280522,0.3008555,0.0013877555,0.21750507,0.007950106,0.39282668,0.0069646845
375316653866487564,2932043262378834944,0.6627531,2096.3189171144563,4.070262351294515,3.6900033E-6,18.151674,0.008765444,0.27479854,7.3799427E-4,0.045774393,0.0018861564,0.38852972,0.01865913,0.77311283,0.0015421455,0.04768752,0.0024430058,0.43254626,0.019458855,0.14371727,0.010693065,0.27479854,7.3799427E-4,"TWOGAUSSIANS_WITH_ELLIPSOIDAL_ON_ECLIPSE1",9,3.1235857,0.77329284,0.0013746942,0.26705012,0.013680832,0.7199509,0.008528806,0.27479854,7.3799427E-4,0.2563366,0.010562476,0.67596316,0.006049481
375316653866487564,2932043541553280640,0.51024777,2127.8661077243564,3.0572046604583343,1.5167392E-5,19.556654,0.013109898,0.27554944,0.0028254795,0.07389685,0.0052458453,0.35266098,0.013961434,0.7685027,0.00558701,0.07848768,0.0070063435,0.30652848,0.02469884,null,null,null,null,"TWOGAUSSIANS",8,2.7667243,0.27554944,0.0028254795,0.4,0.0,0.35007617,0.01278045,0.7685027,0.00558701,0.4,0.0,0.30394366,0.024543507
375316653866487564,2932044366195276288,0.6189756,2128.338554505604,1.9016043379016798,3.1146424E-6,15.631461,0.015555316,0.27222142,0.0036296055,0.058482993,0.0065309936,0.17117096,0.033207536,0.75732094,8.3626434E-4,0.055441506,0.0037736767,0.34260422,0.03042293,0.11467504,0.018342292,0.75732094,8.3626434E-4,"TWOGAUSSIANS_WITH_ELLIPSOIDAL_ON_ECLIPSE2",9,74.309784,0.75732094,8.3626434E-4,0.31047243,0.02113259,0.57193404,0.011322751,0.26826143,0.002643335,0.32750475,0.036573563,0.39902678,0.008314911
375316653866487564,2932046148598995200,0.47486177,2108.1789969719966,1.2496762268196344,1.04466E-6,18.687746,0.005488761,0.34770745,0.0065259594,0.017259626,0.0042289323,0.5036985,0.008398209,0.83245164,2.4942402E-4,0.007865149,8.955876E-4,0.31183764,0.049191575,null,null,null,null,"TWOGAUSSIANS",8,9.378434,0.34770745,0.0065259594,0.09665391,0.023682022,0.5036985,0.008398209,0.83245164,2.4942402E-4,0.044044834,0.005015291,0.31183764,0.049191575
375316653866487564,2932046152892656896,0.5287659,2112.5413841227482,3.4352599151385474,8.469439E-6,19.561861,0.011128095,0.250832,0.004300742,0.0849682,0.004609508,0.40470937,0.017371424,0.736798,0.0021085625,0.07597773,0.0040529533,0.44846493,0.020941496,null,null,null,null,"TWOGAUSSIANS",8,2.0018277,0.736798,0.0021085625,0.4,0.0,0.44329703,0.02140856,0.250832,0.004300742,0.4,0.0,0.39954144,0.016795708
375316653866487564,2932046389115170560,0.5909745,2119.2163217614716,3.0001886908321844,5.6146464E-6,19.198797,0.010087844,0.17708832,0.0021298267,0.047957007,0.0043909056,0.28854105,0.033855066,0.68328613,0.0024959482,0.045224585,0.0046961103,0.24664679,0.021509152,0.12851754,0.013198504,0.17708832,0.0021298267,"TWOGAUSSIANS_WITH_ELLIPSOIDAL_ON_ECLIPSE1",9,1.8084711,0.17708832,0.0021298267,0.26855922,0.024589071,0.5455754,0.026762273,0.68328613,0.0024959482,0.25325766,0.026298217,0.50329155,0.009790094
375316653866487564,2932048592442802944,0.6126741,2094.455586886794,0.30730909325185246,3.3644305E-6,16.581648,8.175249E-4,0.3266457,5.663037E-4,0.0133952685,5.613366E-4,0.18628894,0.0035543721,0.828063,0.018546378,0.012260914,0.011616419,0.18040842,1.2657604,null,null,null,null,"TWOGAUSSIANS",8,1.9361287,0.3266457,5.663037E-4,0.0750135,0.0031434847,0.18628894,0.0035543721,0.828063,0.018546378,0.068661116,0.06505194,0.18040842,1.2657604
375316653866487564,2932049004759751168,0.6538109,2106.0286257258167,2.886252196920725,6.4620695E-6,13.813754,0.0049645505,0.2816245,0.0012773823,0.048042364,0.0046211723,0.23867457,0.010936501,0.77844083,0.0017662515,0.04665366,0.0022296929,0.21684183,0.011722465,0.11298825,0.0064648837,0.2816245,0.0012773823,"TWOGAUSSIANS_WITH_ELLIPSOIDAL_ON_ECLIPSE1",9,78.678505,0.2816245,0.0012773823,0.26903725,0.025878564,0.4646505,0.007342074,0.7789208,0.0014285378,0.26126048,0.01248628,0.44274107,0.005387701
375316653866487564,2932051856618078336,0.5025807,2103.366002009356,0.08692597302045117,6.241612E-5,17.43486,0.003448012,0.34381926,0.064759865,0.05134866,0.060758032,0.032728184,0.048617665,0.6887918,0.036624394,0.050043672,0.007065665,0.9359403,0.6912205,0.008762617,0.0036884304,0.6887918,0.036624394,"TWOGAUSSIANS_WITH_ELLIPSOIDAL_ON_ECLIPSE2",9,19.419033,0.6887918,0.036624394,0.28024456,0.039567724,0.95346206,0.6877132,0.33513927,0.05314917,0.2875525,0.34024498,0.038700428,0.054566544
375316653866487564,2932052268934900992,0.55286276,2106.7677868397705,0.9613150095632285,1.627284E-5,17.151031,0.0022999481,0.1237277,0.0026399621,0.039592892,0.0026030757,0.048849136,0.004570566,0.62543875,0.0019413142,0.04307917,0.0039529526,0.29906687,0.023059051,null,null,null,null,"TWOGAUSSIANS",8,5.897385,0.62543875,0.0019413142,0.24124336,0.022136534,0.29906687,0.023059059,0.1237277,0.0026399621,0.2217202,0.014577224,0.048849132,0.004570565
375316653866487564,2932052337654370560,0.7260744,2109.8799541201042,2.208763606399335,1.1596627E-6,15.32648,0.0025854476,0.24548598,4.5524232E-4,0.048003536,0.0010653392,0.22049043,0.0068523944,0.74610424,7.4217125E-4,0.048122328,0.0013521933,0.20548435,0.005944367,0.13909476,0.004063352,0.24548598,4.5524232E-4,"TWOGAUSSIANS_WITH_ELLIPSOIDAL_ON_ECLIPSE1",9,6.398824,0.24548598,4.5524232E-4,0.2688198,0.0059658997,0.49867937,0.002982309,0.74610424,7.4217125E-4,0.26948503,0.0075722826,0.4836691,0.0030478563
375316653866487564,2932053437165990400,0.50306624,2104.5239409691926,0.3114560048199572,4.39507E-6,17.441223,0.005614184,0.2614493,0.021826833,0.04122825,0.026677482,0.026478529,0.017747546,0.89412194,3.1020507E-4,0.01592562,5.0712575E-4,0.4664124,0.015927102,0.01836189,0.00854693,0.2614493,0.021826833,"TWOGAUSSIANS_WITH_ELLIPSOIDAL_ON_ECLIPSE1",9,32.1409,0.89412194,3.1020507E-4,0.08918347,0.0028399043,0.48300663,0.018404612,0.2614493,0.021826833,0.23087819,0.1493939,0.06320231,0.019357597
375316653866487564,2932056868833346560,0.5491633,2132.6628228857435,2.7299682724827528,1.1247699E-5,18.496614,0.0076901685,0.30061907,0.0043185074,0.085721225,0.004104425,0.36711344,0.014184698,0.81108737,0.0024896844,0.07942951,0.004009688,0.37445757,0.0122519815,null,null,null,null,"TWOGAUSSIANS",8,3.8896296,0.81108737,0.0024896844,0.4,0.0,0.36821944,0.012710342,0.30061907,0.0043185074,0.4,0.0,0.36087528,0.013360428
