Gaia/vari_eclipsing_binary/VariEclipsingBinary_208114-208201.csv
# %ECSV 1.0
# ---
# delimiter: ','
# meta: !!omap
# - RELEASE: Gaia DR3
# - TABLE: vari_eclipsing_binary
# - DESCRIPTION: >
#     This table describes the properties of the eclipsing binaries resulting from the variability analysis. 
# - CITATION: >
#     How to cite and acknowledge Gaia: 
#     https://gea.esac.esa.int/archive/documentation/credits.html 
# - KNOWN_ISSUES: >
#     Known issues: 
#     https://www.cosmos.esa.int/web/gaia-users/known-issues 
# - DOCUMENTATION: >
#     Tutorials and documentation: 
#     https://www.cosmos.esa.int/web/gaia-users/archive 
# datatype:
# - 
#   name: solution_id
#   datatype: int64
#   description: Solution Identifier
#   meta:
#     ucd: meta.version
# - 
#   name: source_id
#   datatype: int64
#   description: Unique source identifier
#   meta:
#     ucd: meta.id;meta.main
# - 
#   name: global_ranking
#   datatype: float32
#   description: Number between 0 (worst) and 1 (best)
#   meta:
#     ucd: stat.param
# - 
#   name: reference_time
#   datatype: float64
#   unit: d
#   description: Reference time used for the geometric model fit
#   meta:
#     ucd: time.epoch
# - 
#   name: frequency
#   datatype: float64
#   unit: d**-1
#   description: Frequency of geometric model of the eclipsing binary light curve
#   meta:
#     ucd: src.orbital
# - 
#   name: frequency_error
#   datatype: float32
#   unit: d**-1
#   description: "Uncertainty of \\texttt{frequency}"
#   meta:
#     ucd: stat.error
# - 
#   name: geom_model_reference_level
#   datatype: float32
#   unit: mag
#   description: Magnitude reference level of geometric model
#   meta:
#     ucd: phot.mag;em.opt
# - 
#   name: geom_model_reference_level_error
#   datatype: float32
#   unit: mag
#   description: "Uncertainty of \\texttt{geomModelReferenceLevel}"
#   meta:
#     ucd: stat.error;phot.mag;em.opt
# - 
#   name: geom_model_gaussian1_phase
#   datatype: float32
#   description: Phase of the Gaussian 1 component
#   meta:
#     ucd: time.phase
# - 
#   name: geom_model_gaussian1_phase_error
#   datatype: float32
#   description: "Uncertainty of \\texttt{geomModelGaussian1Phase}"
#   meta:
#     ucd: stat.error;time.phase
# - 
#   name: geom_model_gaussian1_sigma
#   datatype: float32
#   description: "Standard deviation [phase] of Gaussian 1 component"
#   meta:
#     ucd: stat.stdev
# - 
#   name: geom_model_gaussian1_sigma_error
#   datatype: float32
#   description: "Uncertainty of \\texttt{geomModelGaussian1Sigma}"
#   meta:
#     ucd: stat.error
# - 
#   name: geom_model_gaussian1_depth
#   datatype: float32
#   unit: mag
#   description: Magnitude depth of Gaussian 1 component
#   meta:
#     ucd: src.var.amplitude
# - 
#   name: geom_model_gaussian1_depth_error
#   datatype: float32
#   unit: mag
#   description: "Uncertainty of \\texttt{geomModelGaussian1Depth}"
#   meta:
#     ucd: stat.error;src.var.amplitude
# - 
#   name: geom_model_gaussian2_phase
#   datatype: float32
#   description: Phase of Gaussian 2 component
#   meta:
#     ucd: time.phase
# - 
#   name: geom_model_gaussian2_phase_error
#   datatype: float32
#   description: "Uncertainty of \\texttt{geomModelGaussian2Phase}"
#   meta:
#     ucd: stat.error;time.phase
# - 
#   name: geom_model_gaussian2_sigma
#   datatype: float32
[...]
#   datatype: float32
#   description: "Secondary eclipse: uncertainty of \\texttt{derivedSecondaryEclDuration}"
#   meta:
#     ucd: stat.error;time.duration
# - 
#   name: derived_secondary_ecl_depth
#   datatype: float32
#   unit: mag
#   description: "Secondary eclipse: depth"
#   meta:
#     ucd: src.var.amplitude
# - 
#   name: derived_secondary_ecl_depth_error
#   datatype: float32
#   unit: mag
#   description: "Secondary eclipse: uncertainty of \\texttt{derivedSecondaryEclDepth}"
#   meta:
#     ucd: stat.error;src.var.amplitude
solution_id,source_id,global_ranking,reference_time,frequency,frequency_error,geom_model_reference_level,geom_model_reference_level_error,geom_model_gaussian1_phase,geom_model_gaussian1_phase_error,geom_model_gaussian1_sigma,geom_model_gaussian1_sigma_error,geom_model_gaussian1_depth,geom_model_gaussian1_depth_error,geom_model_gaussian2_phase,geom_model_gaussian2_phase_error,geom_model_gaussian2_sigma,geom_model_gaussian2_sigma_error,geom_model_gaussian2_depth,geom_model_gaussian2_depth_error,geom_model_cosine_half_period_amplitude,geom_model_cosine_half_period_amplitude_error,geom_model_cosine_half_period_phase,geom_model_cosine_half_period_phase_error,model_type,num_model_parameters,reduced_chi2,derived_primary_ecl_phase,derived_primary_ecl_phase_error,derived_primary_ecl_duration,derived_primary_ecl_duration_error,derived_primary_ecl_depth,derived_primary_ecl_depth_error,derived_secondary_ecl_phase,derived_secondary_ecl_phase_error,derived_secondary_ecl_duration,derived_secondary_ecl_duration_error,derived_secondary_ecl_depth,derived_secondary_ecl_depth_error
[from data line 109]
375316653866487564,1830677346916614400,0.47214139,2255.6790722555406,2.9413617253005553,2.4119554E-5,19.742903,0.040590953,0.30532214,0.017103264,0.10135433,0.025512397,0.42470214,0.045078043,0.7946139,0.0045673978,0.08603984,0.012528879,0.43553236,0.03829395,null,null,null,null,"TWOGAUSSIANS",8,3.3404386,0.7946139,0.0045673978,0.4,0.0,0.41466537,0.033706546,0.30532214,0.017103264,0.4,0.0,0.40383017,0.05342777
375316653866487564,1830677690513579136,0.5085756,2225.8266804745444,2.6812699653364693,4.1604026E-6,18.716852,0.006720664,0.74834245,0.0015464718,0.04623166,0.0034048967,0.40949014,0.035201393,null,null,null,null,null,null,0.04087419,0.010690454,0.74834245,0.0015464718,"ONEGAUSSIAN_WITH_ELLIPSOIDAL",6,10.790597,0.74834245,0.0015464718,0.2588973,0.019067422,0.49123824,0.035855472,null,null,null,null,null,null
375316653866487564,1830680130056117120,0.5062372,2221.6555513649178,0.08598942568881413,6.005835E-6,17.958757,0.002889615,0.66997814,0.013309461,0.03993784,0.010370385,0.017555596,0.008607157,0.9095176,8.2472034E-5,0.0038252147,3.7595487E-4,0.2147871,0.012820542,null,null,null,null,"TWOGAUSSIANS",8,3.8726306,0.9095176,8.2472034E-5,0.021421203,0.0021053473,0.2147871,0.012820543,0.66997814,0.013309461,0.2236519,0.058074154,0.017555596,0.008607157
375316653866487564,1830680439293612288,0.428002,2236.9340902845834,2.694753425333251,2.300147E-5,16.835222,0.07715466,0.20635699,0.005127947,0.18109477,0.016895948,0.2881235,0.06621344,0.7050396,0.004829074,0.17918937,0.022312291,0.30895817,0.0720422,null,null,null,null,"TWOGAUSSIANS",8,26.833271,0.7050396,0.004829074,0.4,0.0,0.095195144,0.004761062,0.206927,0.005621439,0.4,0.0,0.0742137,0.0055479
375316653866487564,1830680679811818880,0.5995131,2220.073979876407,2.2731827998151797,2.2990895E-5,16.41637,0.001085464,0.19125098,2.3292186E-4,0.0040787035,1.3898849E-4,0.4440479,0.011791774,null,null,null,null,null,null,null,null,null,null,"ONEGAUSSIAN",5,5.385663,0.19125098,2.3292186E-4,0.022840738,7.783355E-4,0.4440479,0.0,null,null,null,null,null,null
375316653866487564,1830680744218027776,0.53167766,2202.905039616182,3.5176811536457198,9.753655E-6,18.88551,0.009329654,0.11820276,0.0027441168,0.088283785,0.005264023,0.2374881,0.014599207,0.62680024,0.0034236852,0.08746716,0.005932844,0.2075895,0.009403519,null,null,null,null,"TWOGAUSSIANS",8,1.5898335,0.11820276,0.0027441168,0.4,0.0,0.23074226,0.01417518,0.62680024,0.0034236852,0.4,0.0,0.20084368,0.0073168864
375316653866487564,1830684047066522368,0.6233397,2213.169928924328,2.620186090201278,3.3833207E-6,18.313702,0.011640126,0.23952919,0.0015925922,0.05101004,0.0029331478,0.44984812,0.028289309,0.73429143,0.0025518439,0.04590986,0.0036049255,0.36682114,0.027364392,0.12191043,0.016254928,0.23952919,0.0015925922,"TWOGAUSSIANS_WITH_ELLIPSOIDAL_ON_ECLIPSE1",9,3.2860484,0.23952919,0.0015925922,0.2856562,0.016425628,0.693666,0.014795751,0.7348114,0.0022310151,0.25709522,0.020187583,0.6104013,0.014724374
375316653866487564,1830685009139070848,0.5166993,2216.213648692708,2.5298141766919473,1.4053937E-5,16.934816,0.023439368,0.22491427,0.004303862,0.10024257,0.013431891,0.14382768,0.022707088,0.72222775,0.0042133355,0.12478204,0.020082321,0.13226794,0.020752722,null,null,null,null,"TWOGAUSSIANS",8,8.356101,0.22493427,0.004348894,0.4,0.0,0.121462695,0.004725181,0.72222775,0.0042133355,0.4,0.0,0.1098175,0.0068452037
375316653866487564,1830685107905294976,0.5658506,2203.10484630623,3.7975717834057123,7.6240226E-6,17.717625,0.023700513,0.23342362,0.0056874487,0.065406725,0.013331839,0.18796915,0.045667022,0.7107249,0.0025149689,0.056188185,0.008552717,0.33132952,0.043647278,0.08448631,0.027524728,0.7107249,0.0025149689,"TWOGAUSSIANS_WITH_ELLIPSOIDAL_ON_ECLIPSE2",9,7.511271,0.7107249,0.0025149689,0.31465384,0.047895215,0.5002534,0.0261297,0.22815362,0.0033767635,0.36627766,0.0746583,0.3542656,0.018873561
375316653866487564,1830687066410228608,0.5368569,2218.444485629879,2.548176154994906,1.10151495E-5,18.894447,0.013004846,0.24511044,0.009733951,0.11590778,0.014403595,0.17638442,0.015274273,0.72543097,0.0019142793,0.08844411,0.0038526221,0.37252495,0.0127636185,null,null,null,null,"TWOGAUSSIANS",8,1.7521229,0.72543097,0.0019142793,0.4,0.0,0.35394755,0.009123226,0.24511044,0.009733951,0.4,0.0,0.15776666,0.009304478
375316653866487564,1830687483039960960,0.51964355,2234.1852144119825,2.8111830512048606,1.0262761E-5,18.042223,0.02022266,0.25411546,0.0043606902,0.0982622,0.011200698,0.2167257,0.017848045,0.74961567,0.0034521285,0.11264003,0.01230616,0.21468768,0.016712524,null,null,null,null,"TWOGAUSSIANS",8,3.2655795,0.25412548,0.0043775183,0.4,0.0,0.19214791,0.010491276,0.74961567,0.0034521285,0.4,0.0,0.190088,0.007344882
375316653866487564,1830687547442540928,0.47967035,2210.7498387590167,0.07457734487617669,3.1828495E-6,18.168327,0.0032053476,0.30296326,0.012685443,0.023870906,0.008734647,0.040503845,0.028009478,0.78371245,3.4857893E-4,0.003121212,4.2946392E-4,0.23298492,0.029111609,null,null,null,null,"TWOGAUSSIANS",8,4.56854,0.78371245,3.4857893E-4,0.017478786,0.0024049978,0.23298492,0.029111609,0.30296326,0.012685443,0.13367708,0.048914023,0.040503845,0.028009478
375316653866487564,1830687929718318848,0.47273588,2243.583759707447,1.624105639661465,6.524454E-5,19.269445,0.010798046,0.2651391,0.0053348304,0.05981597,0.0072585433,0.6871791,0.12780604,0.77344567,0.010278082,0.05818155,0.006913633,0.19751093,0.027346088,null,null,null,null,"TWOGAUSSIANS",8,6.64818,0.2651391,0.0053348304,0.33496943,0.040647842,0.68711036,0.12788223,0.77344567,0.010278082,0.3258167,0.038716346,0.19744223,0.027346693
375316653866487564,1830688406436088960,0.5045926,2221.4963131324553,2.6323018490828107,8.8529305E-6,17.749111,0.018084873,0.2536404,0.0045528896,0.1037253,0.011519565,0.19826016,0.016242217,0.7520324,0.0030844193,0.100846715,0.008857543,0.22859439,0.016465437,null,null,null,null,"TWOGAUSSIANS",8,6.0631623,0.7520324,0.0030844193,0.4,0.0,0.20756671,0.00930727,0.2536404,0.0045528896,0.4,0.0,0.177231,0.008959819
375316653866487564,1830689235380698752,0.5029355,2198.9680069270858,3.1817418814999447,1.2791493E-5,18.93043,0.017086944,0.16805173,0.0049598073,0.082393035,0.005632255,0.30040282,0.028581372,0.6494581,0.009444333,0.07892979,0.011009231,0.2808974,0.021010669,null,null,null,null,"TWOGAUSSIANS",8,4.713401,0.16805173,0.0049598073,0.4,0.0,0.29708847,0.028015625,0.6494581,0.009444333,0.4,0.0,0.2775831,0.018778026
375316653866487564,1830689647704187904,0.5130589,2249.546147256339,0.19173230517348602,5.7949437E-5,16.119833,8.02392E-4,0.66717666,0.0022363157,0.018693302,0.0041558878,0.0074563883,0.0012103433,0.35465336,0.028820291,0.010147088,0.013928992,0.32885152,2.01248317E10,null,null,null,null,"TWOGAUSSIANS",8,10.063838,0.35465336,0.028820291,0.056823697,0.078002356,0.32885152,2.01248317E10,0.66717666,0.0022363157,0.10468248,0.02327297,0.0074563883,0.0012103433
375316653866487564,1830690021343965312,0.50474536,2196.870607321758,3.755110340932942,1.3328882E-5,18.255981,0.012786937,0.31171843,0.0058498257,0.09940031,0.009943643,0.21886455,0.012877967,0.786392,0.0040784325,0.09094688,0.0083585,0.1847911,0.012860828,null,null,null,null,"TWOGAUSSIANS",8,4.8681707,0.31171843,0.0058498257,0.4,0.0,0.20991778,0.009897024,0.786392,0.0040784325,0.4,0.0,0.17584674,0.009953504
375316653866487564,1830690437972154368,0.5262358,2207.8774210607294,3.2700072674111547,9.7258E-6,19.223795,0.011100466,0.23939306,0.004844571,0.07281052,0.005648321,0.49800098,0.037176274,0.73627037,0.004996572,0.075516775,0.00621977,0.39414576,0.024229385,null,null,null,null,"TWOGAUSSIANS",8,3.3645694,0.23939306,0.004844571,0.4,0.011826215,0.49519733,0.037591625,0.73627037,0.004996572,0.4,0.0,0.3913421,0.02436436
375316653866487564,1830692362123061248,0.4672259,2202.7645543874373,0.7167730766357212,1.7481128E-5,17.681314,0.0021182513,0.16130894,0.007967756,0.0077639446,0.0076505956,0.056311756,0.008924924,0.711861,0.021632943,0.010957029,0.012673079,0.2831322,7.5594818E10,0.010850034,0.003944402,0.16130894,0.007967756,"TWOGAUSSIANS_WITH_ELLIPSOIDAL_ON_ECLIPSE1",9,5.2183537,0.711861,0.021632943,0.061359357,0.07096924,0.30271563,7.5594818E10,0.16130894,0.007967756,0.04347809,0.042843334,0.07801182,0.008959369
375316653866487564,1830692946230727936,0.5018317,2247.322726203323,3.8533559608105983,2.0496682E-5,18.78683,0.017283058,0.27298674,0.0038576948,0.04846536,0.008063755,0.44561443,0.05081697,0.758986,0.007622392,0.046003826,0.010686302,0.7338406,0.44910607,0.11308752,0.026516015,0.27298674,0.0038576948,"TWOGAUSSIANS_WITH_ELLIPSOIDAL_ON_ECLIPSE1",9,9.163493,0.75966597,0.007259132,0.25762144,0.059843287,0.95835394,0.46369016,0.27298674,0.0038576948,0.27140602,0.04515703,0.6717887,0.04638986
375316653866487564,1830695518902341888,0.53613406,2176.92701218159,2.5779424234473143,1.00570505E-5,18.794172,0.014880324,0.2731898,0.0047320263,0.093651064,0.008307028,0.28125378,0.014447714,0.78659874,0.003094072,0.09243781,0.0056799604,0.32043463,0.014662806,null,null,null,null,"TWOGAUSSIANS",8,2.0090592,0.78659874,0.003094072,0.4,0.0,0.30709314,0.009902602,0.2731898,0.0047320263,0.4,0.0,0.26791218,0.011238962
375316653866487564,1830697477411309696,0.5126347,2224.3869447488855,1.1002745726499736,1.9371853E-5,17.466877,0.0012388651,0.7315387,0.0036528932,0.029982615,0.0071685356,0.045388773,0.008186925,null,null,null,null,null,null,0.032943737,0.0017019779,0.7315387,0.0036528932,"ONEGAUSSIAN_WITH_ELLIPSOIDAL",6,2.189054,0.7315387,0.0036528932,0.16790265,0.0401438,0.11127624,0.00852534,null,null,null,null,null,null
375316653866487564,1830698203278799616,0.57937616,2208.7133877438205,1.0039040641174821,5.6444833E-6,16.413647,0.021556048,0.24090263,0.0018356051,0.116184615,0.010433831,0.22355117,0.018368851,0.73463047,0.0029181426,0.10915282,0.0071002957,0.31409797,0.021624299,null,null,null,null,"TWOGAUSSIANS",8,9.604321,0.73463047,0.0029181426,0.4,0.0,0.2721202,0.006880612,0.24091263,0.0018394563,0.4,0.0,0.18154778,0.0065398803
375316653866487564,1830698375077461888,0.5252359,2217.345068755917,2.484290037367194,9.052195E-6,16.786737,0.10007451,0.25679854,0.004972705,0.04881383,0.050536763,0.11876989,0.13518862,0.7593438,0.00761862,0.050869655,0.035876233,0.11403243,0.18528283,0.09022569,0.09164971,0.25679854,0.004972705,"TWOGAUSSIANS_WITH_ELLIPSOIDAL_ON_ECLIPSE1",9,33.72854,0.25679854,0.004972705,0.27335745,0.14885779,0.2992199,0.060768668,0.7593438,0.0073760767,0.28487006,0.13458514,0.2944363,0.013875936
375316653866487564,1830698851801122176,0.4613029,2214.225306892592,0.3614276777684809,1.5427604E-5,19.312202,0.0034232708,0.50161666,0.0012167157,0.01395576,0.0017738454,0.2777928,0.027718317,0.6623283,0.10312871,0.017688705,0.084602155,0.038225185,0.0030154279,null,null,null,null,"TWOGAUSSIANS",8,2.3807964,0.50161666,0.0012049837,0.078152254,0.009933534,0.2777928,0.011752638,0.6623283,0.10312871,0.09905675,0.2953302,0.038225185,0.0030055742
375316653866487564,1830703013642262656,0.42000476,2257.4223621265587,1.7932420261015638,3.414337E-5,17.40324,0.005071618,null,null,null,null,null,null,null,null,null,null,null,null,0.052286796,0.0079067685,0.2531462,0.010424272,"ELLIPSOIDAL",4,43.07813,null,null,null,null,null,null,null,null,null,null,null,null
375316653866487564,1830703838276116864,0.6323207,2206.1451631030845,0.9783663022598588,2.3264704E-6,14.762425,0.0036992796,0.15477845,0.0031609586,0.03318106,0.0029882663,0.10470088,0.013494083,0.64906424,3.9754255E-4,0.043066632,0.0010360262,0.537646,0.010027904,0.023689691,0.0057334956,0.15477845,0.0031609586,"TWOGAUSSIANS_WITH_ELLIPSOIDAL_ON_ECLIPSE1",9,76.75381,0.6491342,3.9409968E-4,0.24117313,0.0058017466,0.5849651,0.008347712,0.15477845,0.0031609586,0.18581393,0.01673429,0.15208022,0.009787185
375316653866487564,1830704044434498048,0.66391695,2220.419267917101,1.7726991420354785,2.564066E-6,17.384409,0.0051071537,0.24699433,0.0014803247,0.056868535,0.0068662367,0.0570567,0.011133098,0.7420082,0.0010274498,0.055683672,0.001640051,0.49988538,0.011822599,0.05397947,0.0061930628,0.24699433,0.0014803247,"TWOGAUSSIANS_WITH_ELLIPSOIDAL_ON_ECLIPSE1",9,2.2974176,0.74225825,9.694932E-4,0.31182858,0.009184286,0.6077261,0.013183712,0.24699433,0.0014803247,0.3184638,0.038450927,0.16499804,0.0028229076
375316653866487564,1830704177560804352,0.5798835,2220.6056633715148,2.964723568745272,5.234414E-6,19.17623,0.006056423,0.23442872,0.0015842379,0.0540726,0.0024701043,0.7523536,0.040364843,0.7347212,0.0014661528,0.06006935,0.0021714251,0.6180006,0.020513292,null,null,null,null,"TWOGAUSSIANS",8,2.8492186,0.23442872,0.0015842379,0.30280656,0.013832583,0.7522624,0.040398657,0.7347212,0.0014661528,0.33638835,0.012159982,0.6179095,0.020531498
375316653866487564,1830704353672274176,0.50959086,2221.464439434994,2.8718364179567124,8.5152205E-6,16.876701,0.21389453,0.30204707,0.002978198,0.12754272,0.03320707,0.18816182,0.17260067,0.80701196,0.004743693,0.14048724,0.07573795,0.17311607,0.2054926,null,null,null,null,"TWOGAUSSIANS",8,5.32959,0.30188707,0.0029253226,0.4,0.0,0.12787546,0.006049462,0.80710196,0.0047176233,0.4,0.0,0.11238522,0.010376982
375316653866487564,1830706342219929728,0.6177674,2242.0300860986163,3.1397682350576877,4.9771916E-6,19.083878,0.009365073,0.2306007,8.4062835E-4,0.05152524,0.0027794067,0.5822409,0.037366964,0.72215486,0.0012901076,0.045034204,0.0020391727,0.4458416,0.024104154,0.12110696,0.013420054,0.2306007,8.4062835E-4,"TWOGAUSSIANS_WITH_ELLIPSOIDAL_ON_ECLIPSE1",9,1.6990167,0.2306007,8.4062835E-4,0.28854135,0.015564677,0.8244499,0.043414954,0.7228349,0.001190006,0.25219154,0.011419367,0.6874235,0.016354227
375316653866487564,1830706479658889216,0.5739719,2225.122014695514,3.709428782250691,9.6386775E-6,18.560688,0.003751595,0.26987118,0.0032301366,0.065714076,0.003179472,0.44860762,0.011094821,0.7663569,0.0031300366,0.07073186,0.0030097526,0.36196268,0.014043157,null,null,null,null,"TWOGAUSSIANS",8,3.6947684,0.26987118,0.0032301366,0.36799884,0.017805044,0.44772243,0.011109419,0.7663569,0.0031300366,0.39609843,0.015495359,0.36107752,0.014108018
375316653866487564,1830707407371881088,0.5922217,2212.6128288551154,0.8687599767408867,6.4781234E-6,17.806963,0.006564896,0.28123984,0.002059536,0.09337001,0.003750414,0.28750178,0.008719649,0.7783331,0.0036319867,0.09181599,0.004551191,0.35199624,0.01581898,null,null,null,null,"TWOGAUSSIANS",8,2.4340239,0.7783331,0.0036319867,0.4,0.0,0.33609727,0.016715268,0.28123984,0.002059536,0.4,0.0,0.27160275,0.00898018
375316653866487564,1830709606395468800,0.52533305,2183.8104477607567,3.909698950783111,8.287882E-6,19.440254,0.009087795,0.14005354,0.007830208,0.06316618,0.006615394,0.48958647,0.016818834,0.62992567,0.0028634607,0.067947015,0.0029107805,0.4118309,0.017553804,null,null,null,null,"TWOGAUSSIANS",8,2.787906,0.14005354,0.007830208,0.35373062,0.037046205,0.48912486,0.016805753,0.62992567,0.0028634607,0.38050327,0.01630037,0.4113693,0.01749718
375316653866487564,1830712874887160320,0.62943465,2192.8976165226636,2.8069865495658135,5.998507E-6,16.723312,0.012529814,0.24149285,0.0013107728,0.048460864,0.0033528903,0.34742886,0.028074475,0.7401205,0.004101823,0.055119563,0.003936471,0.37960362,0.032319233,0.11706599,0.015270186,0.24149285,0.0013107728,"TWOGAUSSIANS_WITH_ELLIPSOIDAL_ON_ECLIPSE1",9,22.336033,0.7403005,0.0035479711,0.30866954,0.022044238,0.6137064,0.013507168,0.24149285,0.0013107728,0.27138084,0.018776184,0.58154684,0.015802808
375316653866487564,1830713145448365952,0.46544644,2238.8636342974837,1.747281641872937,1.1664943E-5,19.00845,0.0096546635,0.18360117,0.0075553283,0.024668513,0.0040968535,0.32356238,0.060544014,0.6847229,0.0015939842,0.03521618,0.0042850934,0.67432344,0.19928628,null,null,null,null,"TWOGAUSSIANS",8,9.097164,0.6847229,0.0015939842,0.1972106,0.023996525,0.67432344,0.19928628,0.18360117,0.0075553283,0.13814367,0.022942381,0.32356238,0.060544014
