Gaia/vari_eclipsing_binary/VariEclipsingBinary_645214-646044.csv
# %ECSV 1.0
# ---
# delimiter: ','
# meta: !!omap
# - RELEASE: Gaia DR3
# - TABLE: vari_eclipsing_binary
# - DESCRIPTION: >
#     This table describes the properties of the eclipsing binaries resulting from the variability analysis. 
# - CITATION: >
#     How to cite and acknowledge Gaia: 
#     https://gea.esac.esa.int/archive/documentation/credits.html 
# - KNOWN_ISSUES: >
#     Known issues: 
#     https://www.cosmos.esa.int/web/gaia-users/known-issues 
# - DOCUMENTATION: >
#     Tutorials and documentation: 
#     https://www.cosmos.esa.int/web/gaia-users/archive 
# datatype:
# - 
#   name: solution_id
#   datatype: int64
#   description: Solution Identifier
#   meta:
#     ucd: meta.version
# - 
#   name: source_id
#   datatype: int64
#   description: Unique source identifier
#   meta:
#     ucd: meta.id;meta.main
# - 
#   name: global_ranking
#   datatype: float32
#   description: Number between 0 (worst) and 1 (best)
#   meta:
#     ucd: stat.param
# - 
#   name: reference_time
#   datatype: float64
#   unit: d
#   description: Reference time used for the geometric model fit
#   meta:
#     ucd: time.epoch
# - 
#   name: frequency
#   datatype: float64
#   unit: d**-1
#   description: Frequency of geometric model of the eclipsing binary light curve
#   meta:
#     ucd: src.orbital
# - 
#   name: frequency_error
#   datatype: float32
#   unit: d**-1
#   description: "Uncertainty of \\texttt{frequency}"
#   meta:
#     ucd: stat.error
# - 
#   name: geom_model_reference_level
#   datatype: float32
#   unit: mag
#   description: Magnitude reference level of geometric model
#   meta:
#     ucd: phot.mag;em.opt
# - 
#   name: geom_model_reference_level_error
#   datatype: float32
#   unit: mag
#   description: "Uncertainty of \\texttt{geomModelReferenceLevel}"
#   meta:
#     ucd: stat.error;phot.mag;em.opt
# - 
#   name: geom_model_gaussian1_phase
#   datatype: float32
#   description: Phase of the Gaussian 1 component
#   meta:
#     ucd: time.phase
# - 
#   name: geom_model_gaussian1_phase_error
#   datatype: float32
#   description: "Uncertainty of \\texttt{geomModelGaussian1Phase}"
#   meta:
#     ucd: stat.error;time.phase
# - 
#   name: geom_model_gaussian1_sigma
#   datatype: float32
#   description: "Standard deviation [phase] of Gaussian 1 component"
#   meta:
#     ucd: stat.stdev
# - 
#   name: geom_model_gaussian1_sigma_error
#   datatype: float32
#   description: "Uncertainty of \\texttt{geomModelGaussian1Sigma}"
#   meta:
#     ucd: stat.error
# - 
#   name: geom_model_gaussian1_depth
#   datatype: float32
#   unit: mag
#   description: Magnitude depth of Gaussian 1 component
#   meta:
#     ucd: src.var.amplitude
# - 
#   name: geom_model_gaussian1_depth_error
#   datatype: float32
#   unit: mag
#   description: "Uncertainty of \\texttt{geomModelGaussian1Depth}"
#   meta:
#     ucd: stat.error;src.var.amplitude
# - 
#   name: geom_model_gaussian2_phase
#   datatype: float32
#   description: Phase of Gaussian 2 component
#   meta:
#     ucd: time.phase
# - 
#   name: geom_model_gaussian2_phase_error
#   datatype: float32
#   description: "Uncertainty of \\texttt{geomModelGaussian2Phase}"
#   meta:
#     ucd: stat.error;time.phase
# - 
#   name: geom_model_gaussian2_sigma
#   datatype: float32
[...]
#   datatype: float32
#   description: "Secondary eclipse: uncertainty of \\texttt{derivedSecondaryEclDuration}"
#   meta:
#     ucd: stat.error;time.duration
# - 
#   name: derived_secondary_ecl_depth
#   datatype: float32
#   unit: mag
#   description: "Secondary eclipse: depth"
#   meta:
#     ucd: src.var.amplitude
# - 
#   name: derived_secondary_ecl_depth_error
#   datatype: float32
#   unit: mag
#   description: "Secondary eclipse: uncertainty of \\texttt{derivedSecondaryEclDepth}"
#   meta:
#     ucd: stat.error;src.var.amplitude
solution_id,source_id,global_ranking,reference_time,frequency,frequency_error,geom_model_reference_level,geom_model_reference_level_error,geom_model_gaussian1_phase,geom_model_gaussian1_phase_error,geom_model_gaussian1_sigma,geom_model_gaussian1_sigma_error,geom_model_gaussian1_depth,geom_model_gaussian1_depth_error,geom_model_gaussian2_phase,geom_model_gaussian2_phase_error,geom_model_gaussian2_sigma,geom_model_gaussian2_sigma_error,geom_model_gaussian2_depth,geom_model_gaussian2_depth_error,geom_model_cosine_half_period_amplitude,geom_model_cosine_half_period_amplitude_error,geom_model_cosine_half_period_phase,geom_model_cosine_half_period_phase_error,model_type,num_model_parameters,reduced_chi2,derived_primary_ecl_phase,derived_primary_ecl_phase_error,derived_primary_ecl_duration,derived_primary_ecl_duration_error,derived_primary_ecl_depth,derived_primary_ecl_depth_error,derived_secondary_ecl_phase,derived_secondary_ecl_phase_error,derived_secondary_ecl_duration,derived_secondary_ecl_duration_error,derived_secondary_ecl_depth,derived_secondary_ecl_depth_error
[from data line 106]
375316653866487564,5676640893390593408,0.48241097,2271.488203715128,0.060157596586031786,9.2297436E-5,19.574076,0.006109842,0.22970556,0.009768982,0.03115153,0.013784443,0.3423668,0.3920841,0.71520686,0.009920759,0.053500272,0.008218955,0.27571955,0.031214483,null,null,null,null,"TWOGAUSSIANS",8,1.8224804,0.22970556,0.009768982,0.17444856,0.07719288,0.3423668,0.39208436,0.71520686,0.009920759,0.29960153,0.046026148,0.27571955,0.031214494
375316653866487564,5676644260646376064,0.6128295,2289.483287676808,2.780225243285762,4.7899316E-6,14.611344,0.0069555086,0.2164931,0.014723244,0.05763407,0.0101964455,0.06211772,0.014914373,0.7291793,0.0010624633,0.056387905,0.006637104,0.08331137,0.013355753,0.045129433,0.0076561896,0.7291793,0.0010624633,"TWOGAUSSIANS_WITH_ELLIPSOIDAL_ON_ECLIPSE2",9,14.156861,0.7291793,0.0010624633,0.31577227,0.03716778,0.17356345,0.0037168937,0.2199931,0.010687204,0.3227508,0.057100095,0.151955,0.0046675974
375316653866487564,5676671297464686208,0.5114099,2301.638623716724,0.07454111111968394,2.2606712E-6,17.819136,0.0016070731,0.5310746,1.4763701E-5,0.0019840223,3.197759E-5,0.29637688,0.0015390628,0.81851435,0.0012363767,0.0030285849,5.831411E-4,0.032207187,0.025717141,null,null,null,null,"TWOGAUSSIANS",8,2.1709917,0.5310746,1.4763701E-5,0.011110526,1.790745E-4,0.29637688,0.0015390628,0.81851435,0.0012363767,0.016960075,0.0032655902,0.032207187,0.025717141
375316653866487564,5676690680652609024,0.4206991,2280.1245046891813,0.2716567647339443,3.644933E-5,16.650408,0.01123846,0.1780983,0.020231005,0.04924778,0.009839156,0.08103028,0.026646955,0.83112466,0.006118733,0.032167986,0.007383738,0.14044178,0.034819055,null,null,null,null,"TWOGAUSSIANS",8,8.578971,0.83112466,0.006118733,0.18014073,0.041348934,0.14044178,0.034819055,0.1780983,0.020231005,0.27578756,0.05509927,0.08103028,0.026646955
375316653866487564,5676698098061332736,0.53621036,2269.5739310742433,3.1002515907855406,1.1637812E-5,15.322646,0.011805829,0.28993857,0.0026555005,0.11005469,0.007890605,0.1722168,0.010925586,0.79257387,0.0037018098,0.10377383,0.009046093,0.12862019,0.01135668,null,null,null,null,"TWOGAUSSIANS",8,30.524286,0.28993857,0.0026555005,0.4,0.0,0.15338677,0.0044742487,0.79257387,0.0037163002,0.4,0.0,0.10979922,0.0044009876
375316653866487564,5676733527246650880,0.44048098,2309.049089133813,0.937732799875433,1.3584067E-5,17.509909,0.23210609,0.568383,0.010688773,0.23671511,0.1268016,0.16131712,0.21868344,0.051932115,0.0020591766,0.013067383,0.002018217,0.06524386,0.013271267,null,null,null,null,"TWOGAUSSIANS",8,21.497015,0.568383,0.010688773,0.4,0.0,0.12565789,0.0146108465,0.051932115,0.0020591766,0.073177345,0.011302015,0.06449634,0.013268397
375316653866487564,5676764176131880576,0.5297226,2300.4337791389135,1.0930103227222225,1.1193785E-5,19.350285,0.0055905785,0.2459801,0.006369556,0.024096522,0.0064729624,0.16224816,0.023989158,0.7380356,0.0039118477,0.02814237,0.0032273666,0.16458263,0.016488547,0.082894035,0.0072839204,0.2459801,0.006369556,"TWOGAUSSIANS_WITH_ELLIPSOIDAL_ON_ECLIPSE1",9,1.6728864,0.7385056,0.0036078317,0.15759727,0.018073253,0.32998237,0.011739846,0.2459801,0.006369556,0.13494052,0.03624859,0.32803622,0.016237302
375316653866487564,5676774999450828288,0.5782794,2295.844287344639,1.14396707327066,7.949006E-6,16.35182,0.0028339988,0.24073604,8.3020853E-4,0.036337283,9.4183977E-4,0.37825993,0.00924607,0.74780023,0.0033557438,0.02818898,0.0048997244,0.060213704,0.006796908,0.016648237,0.0044039935,0.24073604,8.3020853E-4,"TWOGAUSSIANS_WITH_ELLIPSOIDAL_ON_ECLIPSE1",9,18.504456,0.24073604,8.3020853E-4,0.20348878,0.0052743023,0.41155633,0.009147593,0.74780023,0.0033557438,0.15785828,0.027438456,0.09344454,0.006119952
375316653866487564,5676790804930746880,0.43465817,2394.559487428739,0.1945041458789579,3.4456385E-5,11.149244,0.0021268437,null,null,null,null,null,null,null,null,null,null,null,null,0.02085438,0.0030133077,0.27103862,0.011116989,"ELLIPSOIDAL",4,77.73593,null,null,null,null,null,null,null,null,null,null,null,null
375316653866487564,5676818872540672128,0.5489741,2421.2241756103003,1.9368462709361796,1.0046809E-5,17.376995,0.003542188,0.28414553,0.0024478154,0.07856908,0.0045605996,0.09720564,0.0041725766,0.78523,0.0022719314,0.05999877,0.0030937418,0.16770636,0.005277228,null,null,null,null,"TWOGAUSSIANS",8,2.8281615,0.78523,0.0022719314,0.3359931,0.017324954,0.1673556,0.005229739,0.28414553,0.0024478154,0.4,0.0,0.09685488,0.004091168
375316653866487564,5676818911196705792,0.60663927,2406.036247615643,0.43815416511136807,1.3816464E-4,14.901396,0.0022052473,0.2096615,0.0057052416,0.017270055,0.0035438775,0.7002724,0.34450144,0.595389,0.0036865245,0.011536075,0.00286551,0.05588409,0.012701216,0.0039667585,0.0033712795,0.595389,0.0036865245,"TWOGAUSSIANS_WITH_ELLIPSOIDAL_ON_ECLIPSE2",9,88.809456,0.20964149,0.0057073906,0.096712306,0.019845715,0.7047728,0.34435627,0.595389,0.0036865245,0.06460202,0.016046856,0.063817605,0.013723923
375316653866487564,5676825817502894208,0.41004896,2268.634157466896,0.12015785469914629,2.200622E-5,14.383394,0.0114583075,null,null,null,null,null,null,null,null,null,null,null,null,0.07058866,0.037609186,0.31840253,0.006786288,"ELLIPSOIDAL",4,216.37126,null,null,null,null,null,null,null,null,null,null,null,null
375316653866487564,5676861925292924544,0.48992983,2471.0095860094275,3.8018103384413062,1.8573004E-5,13.826193,0.07328818,0.26171994,0.0031668476,0.19011645,0.020940946,1.2461123,0.29307646,0.7583973,0.00387875,0.2444531,0.038992703,1.5574758,0.09259873,null,null,null,null,"TWOGAUSSIANS",8,134.96254,0.7583973,0.00387875,0.4,0.0,0.18635863,0.004066342,0.26658994,0.0027678108,0.4,0.0,0.18061227,0.0042509586
375316653866487564,5676877185312879104,0.4760552,2484.811929050802,1.2302786759560667,2.5342779E-5,15.232726,0.00750116,0.3183771,0.004283389,0.04485313,0.0048408713,0.12541744,0.0074216546,0.82229465,0.0021160273,0.029760253,0.00552958,0.4044312,0.1300992,null,null,null,null,"TWOGAUSSIANS",8,381.29257,0.82229465,0.0021160273,0.16665742,0.030965649,0.4044312,0.1300992,0.3183771,0.004283389,0.25117752,0.02710888,0.12541744,0.0074216546
375316653866487564,5676887592017789696,0.5897639,2446.3055238530965,2.157809116336585,3.494261E-6,17.387455,0.007941548,0.22758725,0.0011946149,0.053762753,0.0051098284,0.135947,0.016826052,0.7250238,0.0024900886,0.048169382,0.0039473074,0.2163134,0.014796906,0.10068965,0.010093732,0.22758725,0.0011946149,"TWOGAUSSIANS_WITH_ELLIPSOIDAL_ON_ECLIPSE1",9,5.4851327,0.72539383,0.0020426859,0.26974854,0.02210492,0.4176448,0.007261205,0.22758725,0.0011946149,0.3010714,0.028615039,0.33732304,0.0071710316
375316653866487564,5676897934299034752,0.49680924,2372.993546440913,4.213242828096,1.6868347E-5,19.329294,0.019322395,0.27664068,0.005443317,0.09211099,0.011045421,0.23636793,0.018756779,0.7559763,0.0042911563,0.086908124,0.010148453,0.38662583,0.045696855,null,null,null,null,"TWOGAUSSIANS",8,2.2893279,0.7559763,0.0042911563,0.4,0.0,0.37793326,0.048434798,0.27664068,0.005443317,0.4,0.0,0.22767514,0.014461309
375316653866487564,5676917484990362112,0.5666191,2408.5637868886147,1.5718475647963286,4.217332E-6,16.7331,0.0077718263,0.22295864,0.006558176,0.048609756,0.007106553,0.08735926,0.018348804,0.723372,0.003724502,0.05266208,0.0056567066,0.34625694,0.019004326,0.02409988,0.009596408,0.22295864,0.006558176,"TWOGAUSSIANS_WITH_ELLIPSOIDAL_ON_ECLIPSE1",9,12.332725,0.723372,0.0036993267,0.29490763,0.03167756,0.39445168,0.021185257,0.22295864,0.006558176,0.27221462,0.039796695,0.13555433,0.0062346025
375316653866487564,5676944049363653632,0.6231141,2240.6764120093617,3.1491810658808985,1.1994407E-5,17.131159,0.01926137,0.28313825,0.0026386967,0.05179732,0.005346186,0.5135131,0.04134426,0.7922288,0.03408697,0.047638386,0.021251256,0.39232206,0.121907085,0.108391084,0.022975795,0.28313825,0.0026386967,"TWOGAUSSIANS_WITH_ELLIPSOIDAL_ON_ECLIPSE1",9,16.929354,0.28313825,0.0026386967,0.290065,0.029938642,0.73028964,0.01991077,0.7922288,0.03408697,0.26677495,0.11900703,0.6083921,0.11839503
375316653866487564,5676960297223803136,0.5268855,2255.6919553245702,0.5132763996330075,2.6081002E-4,14.989449,0.016058126,0.32417282,0.023675136,0.121558376,0.042469285,0.10717729,0.03153514,0.7942255,0.008322899,0.014803692,0.0047908095,0.71049464,0.114086315,null,null,null,null,"TWOGAUSSIANS",8,394.5786,0.7942255,0.008322899,0.08290067,0.026828533,0.7104648,0.114131235,0.32417282,0.023675136,0.4,0.0,0.1070787,0.032380935
375316653866487564,5676991603241498240,0.6913237,2198.6651972353757,2.6773168636799167,8.144389E-6,14.666925,0.00752191,0.23780479,0.0016388235,0.049313195,0.0087927915,0.1874677,0.017759977,0.73913646,0.0037332869,0.049342338,0.0046113874,0.1770844,0.017258309,0.10480465,0.008746288,0.23780479,0.0016388235,"TWOGAUSSIANS_WITH_ELLIPSOIDAL_ON_ECLIPSE1",9,19.796406,0.23780479,0.0016388235,0.2761539,0.049239635,0.39707568,0.010782451,0.73913646,0.0036950088,0.2763171,0.025823768,0.3866777,0.008806086
375316653866487564,5676996718546965632,0.5452213,2200.9821676839324,2.2871230616712523,4.481923E-5,19.358416,0.011098307,0.18774164,0.03271879,0.0654295,0.035271972,0.11983518,0.6985525,0.714644,0.008125877,0.06053858,0.00775091,0.5279876,0.1013316,null,null,null,null,"TWOGAUSSIANS",8,2.1653636,0.714644,0.008125877,0.33901605,0.043405097,0.5279114,0.10141124,0.18774164,0.03271879,0.3664052,0.18270046,0.11975901,0.69864154
375316653866487564,5677009156771904000,0.60101944,2255.2230988675824,2.8373372732774467,5.0773674E-6,18.026968,0.013775789,0.30068564,0.004070346,0.0825552,0.0050226073,0.41579387,0.020326674,0.7986509,0.0023311544,0.0913677,0.0054327156,0.3638933,0.013481387,null,null,null,null,"TWOGAUSSIANS",8,2.1899004,0.30068564,0.004070346,0.4,0.0,0.40379202,0.01868009,0.7986509,0.0023311544,0.4,0.0,0.35189122,0.011494281
375316653866487564,5677017815425977344,0.51335204,2282.930377506521,3.6480793479108775,1.7359911E-5,17.256798,0.034566294,0.2299272,0.0057409024,0.114886165,0.01982846,0.1834706,0.03226496,0.71829057,0.0044579026,0.114444435,0.01594893,0.17969923,0.03285029,null,null,null,null,"TWOGAUSSIANS",8,5.7755814,0.2299572,0.0057301857,0.4,0.0,0.15334998,0.0111639965,0.71829057,0.0044579026,0.4,0.0,0.14958133,0.0057678763
375316653866487564,5677072894086768384,0.5735232,2483.6984492321612,1.6831722230411075,4.356765E-6,15.030316,0.022566574,0.25208324,0.0016595916,0.116491035,0.009735112,0.18491577,0.020938633,0.759956,0.0014675141,0.12967747,0.010356879,0.19883731,0.021962846,null,null,null,null,"TWOGAUSSIANS",8,9.016132,0.75998604,0.0014703294,0.4,0.0,0.15319851,0.0020373275,0.25197324,0.0016231557,0.4,0.0,0.13947977,0.0030863415
375316653866487564,5677104264527992704,0.5829999,2450.1498917837653,3.9065083036954262,6.160825E-6,18.771175,0.012125674,0.23110546,0.0022289362,0.047660552,0.0052229404,0.17935164,0.028560923,0.7300874,0.0035140936,0.05964399,0.0071672266,0.17012934,0.024430644,0.0971316,0.014591298,0.23110546,0.0022289362,"TWOGAUSSIANS_WITH_ELLIPSOIDAL_ON_ECLIPSE1",9,2.4598684,0.23110546,0.0022289362,0.2668991,0.029248465,0.37359008,0.012885306,0.7303374,0.0026754097,0.33400634,0.040136468,0.36436176,0.009505847
375316653866487564,5677144813314835456,0.59638554,2360.878773052165,2.781463337909434,9.079625E-6,13.715013,0.09951674,0.237666,0.006108371,0.058724385,0.028418578,0.19522491,0.19473201,0.73481363,0.0025504485,0.05903648,0.021523744,0.1951238,0.19871531,0.11922463,0.100689255,0.73481363,0.0025504485,"TWOGAUSSIANS_WITH_ELLIPSOIDAL_ON_ECLIPSE2",9,446.32773,0.236956,0.004485047,0.32885656,0.11130418,0.4335732,0.01890378,0.73481363,0.0025504485,0.33060429,0.0892175,0.43352956,0.017845195
375316653866487564,5677145741027764096,0.528064,2385.197821675789,3.456549422433202,2.3377459E-5,15.717434,0.0038954928,0.26305032,0.0024388197,0.036027826,0.00832244,0.045209248,0.013562338,0.76099396,0.0051794127,0.017705934,0.006841323,0.5844537,1.6993667,0.09824663,0.005390079,0.26305032,0.0024388197,"TWOGAUSSIANS_WITH_ELLIPSOIDAL_ON_ECLIPSE1",9,65.41387,0.7610139,0.005156822,0.099153236,0.038311407,0.78091437,1.7026412,0.26305032,0.0024388197,0.20175584,0.046605665,0.2417025,0.011354964
375316653866487564,5677148691669537408,0.4157758,2458.2310143799496,1.170172428124968,7.3365016E-5,11.665958,0.63465333,0.29267234,0.0143668335,0.08515116,0.18642989,0.071091376,0.6175199,0.79320127,0.0021024244,0.015631434,0.15232484,0.12553062,0.31106314,null,null,null,null,"TWOGAUSSIANS",8,705.1011,0.79320127,0.008961781,0.08753603,0.3074291,0.12553011,0.043727215,0.29267234,0.015407661,0.4,0.0,0.071090855,0.023650873
375316653866487564,5677169513670638336,0.5623278,2448.9417546403433,0.5065254627303,5.444135E-6,18.359642,0.003962581,0.38547152,5.022823E-4,0.009136482,4.5664594E-4,0.4604828,0.009121998,0.88417464,0.0031690216,0.010051368,0.0033576817,0.7169909,0.28019053,null,null,null,null,"TWOGAUSSIANS",8,7.884046,0.88417464,0.0031690216,0.05628766,0.018803017,0.7169909,0.28019053,0.38547152,5.022823E-4,0.051164303,0.0025572171,0.4604828,0.009121998
375316653866487564,5677201193349516672,0.45267385,2487.5004586221635,1.2973354986959555,2.7221107E-4,16.890598,0.004937628,0.17949215,0.018661726,0.016064707,0.01863769,0.018087704,0.12191355,0.5989345,0.010281221,0.1874997,0.020967973,0.05602278,0.0048244516,null,null,null,null,"TWOGAUSSIANS",8,5.572298,0.5989345,0.010281221,0.4,0.0,0.05282218,0.0034377736,0.18017215,0.020194309,0.089962356,0.10437107,0.019955777,0.12224885
375316653866487564,5677217411146506368,0.44707543,2338.5314464741427,3.6381337017788007,9.907363E-5,19.793104,0.010481029,0.190075,0.010192135,0.06834912,0.018566318,0.19500975,0.0427087,0.7075665,0.048955124,0.054191194,0.040802512,0.3392505,0.33850542,null,null,null,null,"TWOGAUSSIANS",8,4.493938,0.7075665,0.048955124,0.3034707,0.22849408,0.33918443,0.33859992,0.190075,0.010192135,0.38275507,0.08742402,0.19494367,0.042856812
375316653866487564,5677234934613181568,0.4942976,2421.654465697473,3.8369637139478985,1.564668E-5,18.480686,0.007453663,0.24197783,0.0064201024,0.067091905,0.008120897,0.111046955,0.009703977,0.7536773,0.004112612,0.08112144,0.008898893,0.13361984,0.0066100257,null,null,null,null,"TWOGAUSSIANS",8,2.1633365,0.7536773,0.004112612,0.4,0.0,0.13298842,0.0064291283,0.24197783,0.0064201024,0.37571466,0.045477025,0.11041553,0.0093525695
375316653866487564,5677254317800913152,0.6748557,2218.6975923907366,2.4847190988173256,3.1559423E-6,14.256784,0.008768929,0.31152198,0.0025371222,0.040291782,0.004775316,0.27307883,0.02272567,0.81468415,0.0015887537,0.050598998,0.0031418845,0.33708066,0.019380325,0.11136737,0.012281539,0.31152198,0.0025371222,"TWOGAUSSIANS_WITH_ELLIPSOIDAL_ON_ECLIPSE1",9,93.500084,0.81468415,0.0015887537,0.28335437,0.017594554,0.55972624,0.00818766,0.31152198,0.0025371222,0.225634,0.026741771,0.49581233,0.0139182815
375316653866487564,5677263968592281600,0.49403426,2285.4027864568493,3.5851948676343888,2.834448E-5,16.162361,0.04921897,0.30422157,0.010342631,0.11425614,0.026400905,0.15495396,0.043226026,0.77992094,0.0053267824,0.11946345,0.02729427,0.18863997,0.042514607,null,null,null,null,"TWOGAUSSIANS",8,29.372915,0.77992094,0.0053267824,0.4,0.0,0.16101904,0.011427832,0.30437157,0.010006483,0.4,0.0,0.12738274,0.015266777
375316653866487564,5677281255835907968,0.5948365,2417.2075536416605,2.2313889271455665,8.078008E-6,12.379605,0.15645579,0.27276507,0.002282278,0.16437249,0.04667318,0.22054005,0.15023431,0.7695907,0.0021441907,0.147072,0.029385403,0.2157978,0.13965818,null,null,null,null,"TWOGAUSSIANS",8,31.192427,0.27304506,0.0022432285,0.4,0.0,0.10374984,0.0038346085,0.7695907,0.0021441907,0.4,0.0,0.101993956,0.0022939043
