Gaia/vari_eclipsing_binary/VariEclipsingBinary_463669-463701.csv
# %ECSV 1.0
# ---
# delimiter: ','
# meta: !!omap
# - RELEASE: Gaia DR3
# - TABLE: vari_eclipsing_binary
# - DESCRIPTION: >
#     This table describes the properties of the eclipsing binaries resulting from the variability analysis. 
# - CITATION: >
#     How to cite and acknowledge Gaia: 
#     https://gea.esac.esa.int/archive/documentation/credits.html 
# - KNOWN_ISSUES: >
#     Known issues: 
#     https://www.cosmos.esa.int/web/gaia-users/known-issues 
# - DOCUMENTATION: >
#     Tutorials and documentation: 
#     https://www.cosmos.esa.int/web/gaia-users/archive 
# datatype:
# - 
#   name: solution_id
#   datatype: int64
#   description: Solution Identifier
#   meta:
#     ucd: meta.version
# - 
#   name: source_id
#   datatype: int64
#   description: Unique source identifier
#   meta:
#     ucd: meta.id;meta.main
# - 
#   name: global_ranking
#   datatype: float32
#   description: Number between 0 (worst) and 1 (best)
#   meta:
#     ucd: stat.param
# - 
#   name: reference_time
#   datatype: float64
#   unit: d
#   description: Reference time used for the geometric model fit
#   meta:
#     ucd: time.epoch
# - 
#   name: frequency
#   datatype: float64
#   unit: d**-1
#   description: Frequency of geometric model of the eclipsing binary light curve
#   meta:
#     ucd: src.orbital
# - 
#   name: frequency_error
#   datatype: float32
#   unit: d**-1
#   description: "Uncertainty of \\texttt{frequency}"
#   meta:
#     ucd: stat.error
# - 
#   name: geom_model_reference_level
#   datatype: float32
#   unit: mag
#   description: Magnitude reference level of geometric model
#   meta:
#     ucd: phot.mag;em.opt
# - 
#   name: geom_model_reference_level_error
#   datatype: float32
#   unit: mag
#   description: "Uncertainty of \\texttt{geomModelReferenceLevel}"
#   meta:
#     ucd: stat.error;phot.mag;em.opt
# - 
#   name: geom_model_gaussian1_phase
#   datatype: float32
#   description: Phase of the Gaussian 1 component
#   meta:
#     ucd: time.phase
# - 
#   name: geom_model_gaussian1_phase_error
#   datatype: float32
#   description: "Uncertainty of \\texttt{geomModelGaussian1Phase}"
#   meta:
#     ucd: stat.error;time.phase
# - 
#   name: geom_model_gaussian1_sigma
#   datatype: float32
#   description: "Standard deviation [phase] of Gaussian 1 component"
#   meta:
#     ucd: stat.stdev
# - 
#   name: geom_model_gaussian1_sigma_error
#   datatype: float32
#   description: "Uncertainty of \\texttt{geomModelGaussian1Sigma}"
#   meta:
#     ucd: stat.error
# - 
#   name: geom_model_gaussian1_depth
#   datatype: float32
#   unit: mag
#   description: Magnitude depth of Gaussian 1 component
#   meta:
#     ucd: src.var.amplitude
# - 
#   name: geom_model_gaussian1_depth_error
#   datatype: float32
#   unit: mag
#   description: "Uncertainty of \\texttt{geomModelGaussian1Depth}"
#   meta:
#     ucd: stat.error;src.var.amplitude
# - 
#   name: geom_model_gaussian2_phase
#   datatype: float32
#   description: Phase of Gaussian 2 component
#   meta:
#     ucd: time.phase
# - 
#   name: geom_model_gaussian2_phase_error
#   datatype: float32
#   description: "Uncertainty of \\texttt{geomModelGaussian2Phase}"
#   meta:
#     ucd: stat.error;time.phase
# - 
#   name: geom_model_gaussian2_sigma
#   datatype: float32
[...]
#   datatype: float32
#   description: "Secondary eclipse: uncertainty of \\texttt{derivedSecondaryEclDuration}"
#   meta:
#     ucd: stat.error;time.duration
# - 
#   name: derived_secondary_ecl_depth
#   datatype: float32
#   unit: mag
#   description: "Secondary eclipse: depth"
#   meta:
#     ucd: src.var.amplitude
# - 
#   name: derived_secondary_ecl_depth_error
#   datatype: float32
#   unit: mag
#   description: "Secondary eclipse: uncertainty of \\texttt{derivedSecondaryEclDepth}"
#   meta:
#     ucd: stat.error;src.var.amplitude
solution_id,source_id,global_ranking,reference_time,frequency,frequency_error,geom_model_reference_level,geom_model_reference_level_error,geom_model_gaussian1_phase,geom_model_gaussian1_phase_error,geom_model_gaussian1_sigma,geom_model_gaussian1_sigma_error,geom_model_gaussian1_depth,geom_model_gaussian1_depth_error,geom_model_gaussian2_phase,geom_model_gaussian2_phase_error,geom_model_gaussian2_sigma,geom_model_gaussian2_sigma_error,geom_model_gaussian2_depth,geom_model_gaussian2_depth_error,geom_model_cosine_half_period_amplitude,geom_model_cosine_half_period_amplitude_error,geom_model_cosine_half_period_phase,geom_model_cosine_half_period_phase_error,model_type,num_model_parameters,reduced_chi2,derived_primary_ecl_phase,derived_primary_ecl_phase_error,derived_primary_ecl_duration,derived_primary_ecl_duration_error,derived_primary_ecl_depth,derived_primary_ecl_depth_error,derived_secondary_ecl_phase,derived_secondary_ecl_phase_error,derived_secondary_ecl_duration,derived_secondary_ecl_duration_error,derived_secondary_ecl_depth,derived_secondary_ecl_depth_error
375316653866487564,4078476518814624640,0.43279192,2277.3117136216983,1.7320397683159103,2.0165236E-4,19.47638,0.07907691,0.24807028,0.062046375,0.16838413,0.04040386,0.19354765,0.05675101,0.62186956,0.037103914,0.14551939,0.05944052,0.22926901,0.06954501,null,null,null,null,"TWOGAUSSIANS",8,3.7868168,0.62186956,0.037103914,0.4,0.0,0.1890098,0.018297674,0.28626028,0.030781073,0.4,0.0,0.14776461,0.010193716
375316653866487564,4078476995582275968,0.500513,2309.7750921491706,1.665973791088353,4.9405582E-5,19.525846,0.018165596,0.2743355,0.028522922,0.097279124,0.03043276,0.09712456,0.053862218,0.78235036,0.00631361,0.053591445,0.010028794,0.23929697,0.05044218,null,null,null,null,"TWOGAUSSIANS",8,0.98664284,0.78235036,0.00631361,0.3001121,0.056161247,0.23843317,0.050506856,0.2743355,0.028522922,0.4,0.0032714317,0.096260376,0.054195832
375316653866487564,4078477068570761472,0.48775578,2279.1566683203455,2.1941036132076754,3.564071E-5,19.792044,0.032095373,0.20815195,0.008055264,0.06683816,0.028512517,0.7053782,0.8975421,0.7101933,0.047535356,0.07007716,0.036130533,0.25790715,0.06854047,null,null,null,null,"TWOGAUSSIANS",8,2.6001754,0.20815195,0.008055264,0.3742937,0.11370239,0.7043752,0.9013782,0.7101933,0.047535356,0.39243206,0.17678684,0.25690416,0.06606718
375316653866487564,4078477098661463040,0.5245134,2294.602100496965,2.8358851383757995,7.217955E-5,19.505995,0.059326757,0.1407452,0.0073798164,0.08730649,0.019653885,0.41011047,0.046776287,0.64079934,0.013822532,0.07088622,0.017966887,0.4659463,0.101971716,null,null,null,null,"TWOGAUSSIANS",8,2.8700445,0.64079934,0.013822532,0.3969628,0.053672593,0.46011183,0.10045524,0.1407452,0.0073798164,0.4,0.0,0.40427595,0.036593042
375316653866487564,4078477132986195328,0.5338547,2271.115025260941,0.9993898153026536,3.1746145E-5,13.090983,0.12587793,0.20838565,0.0047405404,0.14062546,0.07502835,0.06386011,0.11383705,0.7026312,0.015825514,0.14629498,0.08664822,0.06922089,0.118465364,null,null,null,null,"TWOGAUSSIANS",8,9.41597,0.7026312,0.015825514,0.4,0.0,0.041315373,0.0031829854,0.20876564,0.0039949957,0.4,0.0,0.036128726,0.0017370067
375316653866487564,4078477583997810304,0.46867618,2232.9080935408833,0.1917423150297099,1.307984E-4,18.83117,0.044683438,0.24893342,0.031312846,0.06858068,0.026322296,0.33945692,0.07889565,0.7291655,0.049810927,0.0962551,0.039725266,0.2006278,0.064475134,null,null,null,null,"TWOGAUSSIANS",8,8.083148,0.24893342,0.03131485,0.3840518,0.12997422,0.33607772,0.07336434,0.7291655,0.049810927,0.4,0.060619272,0.19724773,0.05456795
375316653866487564,4078477721436756864,0.60190755,2186.7846448669834,2.732855673833115,1.9773051E-5,18.58606,0.014797827,0.2717439,0.01138663,0.08984434,0.009193401,0.34115186,0.028112246,0.7836549,0.0034473129,0.08578523,0.0055125793,0.46106297,0.017894574,null,null,null,null,"TWOGAUSSIANS",8,1.7772094,0.7836549,0.0034473129,0.4,0.0,0.44978872,0.016167192,0.2717439,0.01138663,0.4,0.0,0.3298775,0.026668055
375316653866487564,4078478095084513024,0.5335635,2260.287736462989,3.619022625046108,2.6151964E-5,18.869513,0.055436343,0.25170442,0.006497412,0.10422213,0.015296572,0.39110407,0.05322908,0.760541,0.008274102,0.10633106,0.017489798,0.35,0.05372722,null,null,null,null,"TWOGAUSSIANS",8,2.6872754,0.2516944,0.006502644,0.4,0.0,0.35125217,0.016756183,0.760541,0.008279475,0.4,0.0,0.31014475,0.018680636
375316653866487564,4078478198163600000,0.5021293,2187.3782332134474,2.4506653394383275,4.515751E-5,18.3216,0.43710625,0.36504883,0.028877202,0.09355147,0.16578941,0.19386621,0.43028718,0.86361855,0.012525492,0.08512584,0.03139798,0.22257636,0.22249661,null,null,null,null,"TWOGAUSSIANS",8,7.601257,0.86361855,0.009151753,0.4,0.0,0.21452163,0.028422112,0.36504883,0.029060269,0.4,0.0,0.18581122,0.022869617
375316653866487564,4078478271161243648,0.5704405,2253.9899965097165,2.582368934277147,2.3598403E-5,19.060665,0.0155944,0.25099432,0.0054932167,0.08318824,0.007283062,0.49143854,0.02065773,0.71335196,0.025461046,0.088449985,0.018701376,0.47343543,0.04110865,null,null,null,null,"TWOGAUSSIANS",8,2.6142743,0.25099432,0.0054932167,0.4,0.0,0.4843068,0.019806005,0.71335196,0.025461046,0.4,0.0058612563,0.46630326,0.04236733
375316653866487564,4078478786557437952,0.51934993,2183.3503065321756,0.08801096305908943,4.456291E-5,19.451946,0.014385459,0.17178054,0.017456044,0.04739828,0.013227545,0.2514146,0.036863692,0.67441976,0.010090761,0.040562093,0.028412523,0.22701257,0.0232752,null,null,null,null,"TWOGAUSSIANS",8,1.4955815,0.17178054,0.017456044,0.26543036,0.074074246,0.25141457,0.036864676,0.67441976,0.010090761,0.22714773,0.15911013,0.22701253,0.023283228
375316653866487564,4078479164514685696,0.5567557,2285.5962578557924,0.08798302680936847,3.3600707E-5,19.575184,0.04638522,0.15268028,0.009563408,0.046018012,0.0076861596,0.26969713,0.043359987,0.77383935,0.025945414,0.11818604,0.04305358,0.32957992,0.2022231,null,null,null,null,"TWOGAUSSIANS",8,0.62904674,0.77383935,0.025945414,0.4,0.0,0.32913682,0.20277819,0.15226027,0.009452417,0.25770086,0.043042496,0.2712007,0.046834882
375316653866487564,4078479267594029056,0.45518264,2289.5766869050613,0.42766635155482013,7.727944E-5,19.053358,0.031165982,0.25516343,0.014868276,0.08958648,0.027188834,0.10320729,0.034929875,0.716869,0.032708224,0.073634006,0.05594596,0.18052523,0.15297736,null,null,null,null,"TWOGAUSSIANS",8,2.116161,0.716869,0.032708224,0.4,0.054674573,0.1793843,0.16585106,0.25516343,0.014866483,0.4,0.0,0.10206619,0.022167854
375316653866487564,4078479813049960576,0.46941596,2218.812209347683,0.5723313225091804,8.1328406E-5,18.962627,0.013666461,0.2926796,0.031018022,0.09846441,0.022880552,0.12367174,0.028187327,0.7412255,0.009418014,0.07082229,0.013213214,0.17838606,0.0221301,null,null,null,null,"TWOGAUSSIANS",8,2.9574287,0.7412255,0.009418014,0.39660484,0.03491096,0.1769864,0.022485433,0.2926796,0.031018022,0.4,0.0,0.1222682,0.027726553
375316653866487564,4078480019239906688,0.5076443,2183.120639889293,3.1607086335438455,4.2914795E-5,18.993465,0.017674647,0.31025407,0.008967148,0.082434885,0.015078337,0.33416584,0.044656813,0.8098714,0.006360211,0.08253006,0.006238845,0.38491893,0.025257703,null,null,null,null,"TWOGAUSSIANS",8,4.7699676,0.8098714,0.006360211,0.4,0.0,0.3777129,0.02214028,0.31025407,0.008967148,0.4,0.0,0.32695982,0.047557775
375316653866487564,4078480191003340416,0.4252608,2293.123242124656,0.23561896772632063,2.2074022E-5,17.800192,0.025691519,0.117418356,0.05539495,0.07339076,0.068184376,0.10826551,0.03278758,0.5001322,0.0146666095,0.10248944,0.018180061,0.18867262,0.03695099,null,null,null,null,"TWOGAUSSIANS",8,21.348991,0.5001322,0.0146666095,0.4,0.0,0.18804891,0.036222328,0.11773836,0.05576641,0.4,0.3445376,0.10781965,0.033411257
375316653866487564,4078480294083742464,0.45723495,2310.3780890245766,0.09064734874705245,6.255513E-5,17.006973,0.01833754,0.22696085,0.017147196,0.12981664,0.060084075,0.038434133,0.017704088,0.754552,8.4728736E-4,0.034930203,0.008452566,0.11197541,0.028631302,null,null,null,null,"TWOGAUSSIANS",8,2.7188587,0.754562,7.53319E-4,0.19560914,0.04733437,0.11157739,0.028973132,0.22696085,0.017147196,0.4,0.0,0.037974965,0.01422624
375316653866487564,4078480538935423744,0.5873791,2205.199521088596,1.9621848918647469,7.9454374E-5,19.660322,0.005622208,0.27470645,0.017715432,0.050794307,0.008891441,0.6941017,0.35665953,0.4633422,0.024240727,0.049311098,0.039968032,0.052412387,0.009165158,null,null,null,null,"TWOGAUSSIANS",8,0.5905759,0.27471647,0.017535765,0.28444812,0.04979207,0.69413656,0.3562926,0.4633422,0.024240727,0.27614215,0.1505355,0.0531148,0.008014777
375316653866487564,4078481019940997376,0.49381083,2261.9181581299076,3.2837205177055324,2.3761539E-5,19.452202,0.2768147,0.26060566,0.014452933,0.12715879,0.07501579,0.24061264,0.28548723,0.73858845,0.007962679,0.10170311,0.031966425,0.2436562,0.23088844,null,null,null,null,"TWOGAUSSIANS",8,1.7729132,0.73858845,0.007962679,0.4,0.0,0.20829858,0.016066158,0.26061565,0.014208765,0.4,0.0,0.20500103,0.04376645
375316653866487564,4078481153110478336,0.5445984,2276.9856072182206,1.0240354794662316,5.025548E-5,19.362429,0.009941098,0.34626147,0.03003275,0.1110692,0.03258019,0.12321409,0.053025063,0.8372932,0.014177171,0.03236759,0.018661054,0.5409021,0.35260665,null,null,null,null,"TWOGAUSSIANS",8,1.578509,0.8372932,0.014177171,0.18125851,0.104501896,0.540397,0.3547425,0.34626147,0.03003275,0.4,0.0,0.122698545,0.053444814
375316653866487564,4078481329178792576,0.55486554,2228.022408898922,3.1774786009485285,2.0806398E-5,18.202251,0.013041775,0.21090117,0.004090572,0.040994514,0.009426427,0.18701336,0.14084058,0.7145026,0.057162847,0.04389435,0.045475192,0.29281384,1.637545,0.10313534,0.017518092,0.21090117,0.004090572,"TWOGAUSSIANS_WITH_ELLIPSOIDAL_ON_ECLIPSE1",9,9.298216,0.7145026,0.05653832,0.24580836,0.25466108,0.49897882,1.6518126,0.21090117,0.004090572,0.22956929,0.052787993,0.39328396,0.14115499
375316653866487564,4078481363538660352,0.47586623,2282.4664953550055,0.8522727647419921,3.2489068E-5,18.750494,0.39904255,0.2731628,0.011787602,0.258522,0.12598826,0.44856215,0.3914109,0.8109226,0.022321189,0.10102316,0.024244374,0.17895803,0.08796561,null,null,null,null,"TWOGAUSSIANS",8,3.5024102,0.2731328,0.011729702,0.4,0.0,0.22007813,0.009440923,0.82897264,0.035160873,0.4,0.0,0.09411298,0.03567281
375316653866487564,4078481363538683264,0.57047635,2272.5988471617447,2.6526059253155565,2.2226795E-5,19.124254,0.008579462,0.26414198,0.010649948,0.04847848,0.050321158,0.2668209,0.17159714,0.77740467,0.0056375605,0.07815085,0.006692242,0.18714851,0.00909325,null,null,null,null,"TWOGAUSSIANS",8,0.82409304,0.26414198,0.010649948,0.2714795,0.148396,0.26670858,0.17610691,0.77740467,0.0056375605,0.4,0.0,0.18703619,0.007507064
375316653866487564,4078482390026793600,0.45241192,2273.2996494660247,3.142656403385052,1.3421565E-5,19.276522,0.10019364,0.27646172,0.0030015865,0.10778249,0.02295167,0.50184184,0.07645888,0.78634316,0.006165799,0.067437224,0.0139898695,0.7626271,0.3067803,null,null,null,null,"TWOGAUSSIANS",8,4.9257374,0.78634316,0.0061634704,0.37764847,0.060239922,0.74620897,0.31319004,0.27646172,0.0030015865,0.4,0.0,0.4854005,0.04772725
375316653866487564,4078483077222711168,0.65505606,2225.5312207291277,1.8606273468724415,3.24913E-6,17.06469,0.0055291154,0.2729986,0.0015602023,0.07724209,0.0042207553,0.24933712,0.009846376,0.76630545,9.457346E-4,0.079366736,0.0022176295,0.46634376,0.01031849,null,null,null,null,"TWOGAUSSIANS",8,3.4115636,0.76630545,9.457346E-4,0.4,0.0,0.46270913,0.010705069,0.2729986,0.0015602023,0.4,0.0,0.2457025,0.010464743
375316653866487564,4078483420820093184,0.5283426,2222.657071443618,3.577827561224289,3.0619063E-5,18.581999,0.016635392,0.35805935,0.0071571446,0.08087688,0.011572924,0.31682995,0.033410452,0.8476283,0.007239385,0.0763022,0.009698198,0.30020916,0.01589996,null,null,null,null,"TWOGAUSSIANS",8,6.702605,0.35805935,0.0071571446,0.4,0.0,0.3136652,0.03423595,0.8476283,0.007239385,0.4,0.0,0.29704443,0.012909202
375316653866487564,4078483803080101120,0.52134955,2244.518142661507,3.257666513136466,1.9185292E-5,19.429693,0.018697884,0.30414477,0.0068328464,0.07251243,0.008167902,0.34243554,0.03697495,0.8142961,0.005427413,0.08237577,0.009783051,0.3870011,0.07011257,null,null,null,null,"TWOGAUSSIANS",8,1.5080541,0.8142961,0.005427413,0.4,0.0,0.3837845,0.0719247,0.30414477,0.0068328464,0.4,0.008390299,0.33921894,0.03698596
375316653866487564,4078484279836991872,0.484278,2186.829979102233,0.351824602551575,8.203787E-5,19.169432,0.054792874,0.19137444,0.042023286,0.18513913,0.06088793,0.25355145,0.05525121,0.4898982,0.009071691,0.07099852,0.009584732,0.25192943,0.036563046,null,null,null,null,"TWOGAUSSIANS",8,5.979847,0.4898982,0.009071691,0.3975917,0.035458654,0.30569512,0.021099338,0.19167443,0.042313974,0.4,0.0,0.23805737,0.04851423
375316653866487564,4078485555456888192,0.5645785,2219.4957786589175,0.3335775241421026,3.9504746E-5,16.477398,0.006891733,0.26982737,0.004904504,0.04815854,0.005091886,0.25844604,0.02581914,0.7315327,0.026576707,0.0654103,0.0169171,0.48950955,0.42215982,null,null,null,null,"TWOGAUSSIANS",8,47.19225,0.7315327,0.026576707,0.3662977,0.094735764,0.48949978,0.4221764,0.26982737,0.004904504,0.26968783,0.028514562,0.2584363,0.02582219
375316653866487564,4078485585479763840,0.47740903,2276.328710107316,3.593511429969971,1.07339125E-4,17.459265,0.035532586,0.2563308,0.045057915,0.036542244,0.01983371,0.15471943,0.2214259,0.6301504,0.010442331,0.12039357,0.04430177,0.14153667,0.032220453,null,null,null,null,"TWOGAUSSIANS",8,16.879631,0.25659078,0.045175526,0.20463657,0.11106878,0.1557697,0.22124535,0.6301504,0.010442331,0.4,0.0,0.14144178,0.030170485
375316653866487564,4078486070852983040,0.5830554,2241.7959552529564,0.2542632601715776,2.019077E-5,16.919968,0.004186679,0.13297558,0.015082456,0.12235015,0.043841515,0.012324561,0.005350425,0.47772855,0.014410491,0.044404153,0.010049886,0.16099237,0.07505262,null,null,null,null,"TWOGAUSSIANS",8,1.7234725,0.47772855,0.014410491,0.24866325,0.05627936,0.16120659,0.075062245,0.13297558,0.015082456,0.4,0.0,0.012306134,0.0053487956
375316653866487564,4078487303492814848,0.5321676,2209.1845696373457,2.1829529032590465,4.398048E-5,18.308487,0.04361933,0.2486668,0.03550272,0.14456746,0.044891495,0.1350648,0.04541537,0.7205857,0.00943912,0.09540198,0.015320228,0.1655694,0.040768016,null,null,null,null,"TWOGAUSSIANS",8,2.3734467,0.7205857,0.00943912,0.4,0.0,0.14121921,0.013468002,0.24867679,0.035499163,0.4,0.0,0.10988884,0.015545323
375316653866487564,4078487342133440896,0.4372062,2275.77981328099,1.2240977481308575,8.529424E-5,19.56257,0.008090022,0.31401512,0.0142374365,0.04664303,0.035577618,0.30471838,0.22432038,0.864045,0.07331435,0.03577693,0.022673776,0.19270793,0.32319006,null,null,null,null,"TWOGAUSSIANS",8,2.3270857,0.31401512,0.0142374365,0.26120096,0.14258908,0.30471838,0.22432867,0.864045,0.07331435,0.20035082,0.12697315,0.19270793,0.3231906
375316653866487564,4078487681449816960,0.59580326,2247.5827491865402,2.539746108322812,2.5339667E-5,18.752214,0.015873423,0.21120484,0.0052132416,0.08240366,0.0093002375,0.2841415,0.013837539,0.7042003,0.0070998897,0.08583265,0.015159388,0.34084883,0.015628569,null,null,null,null,"TWOGAUSSIANS",8,1.5052751,0.7042003,0.0070998897,0.4,0.0,0.33420345,0.022846987,0.21120484,0.0052132416,0.4,0.0,0.27749616,0.009147021
375316653866487564,4078488785272941440,0.58141255,2269.1456134942177,2.6797198863564775,2.5827625E-5,16.787924,0.014009726,0.29045016,0.03122237,0.066577464,0.028584141,0.37253553,0.33750984,0.78235567,0.0039287936,0.07194964,0.0051804553,0.4005528,0.023649953,null,null,null,null,"TWOGAUSSIANS",8,34.73107,0.78235567,0.0039287936,0.4,0.0141176805,0.39962608,0.023342146,0.29045016,0.03122237,0.3728338,0.1600712,0.3716088,0.33858788
375316653866487564,4078489781705871232,0.58136106,2298.1853220461076,3.7288679444380946,2.4927509E-5,16.647827,0.031670235,0.32192266,0.013433247,0.08253945,0.04702227,0.3868182,0.17559789,0.81788373,0.0030564207,0.0806212,0.009212101,0.27785835,0.028295662,null,null,null,null,"TWOGAUSSIANS",8,20.535141,0.32192266,0.013433247,0.4,0.0,0.38126367,0.20104992,0.81788373,0.0030564207,0.4,0.0,0.27230382,0.0105455
375316653866487564,4078489846122819456,0.4896328,2263.4059846515834,0.6477503067752354,8.122769E-5,18.822268,0.006114986,0.399635,0.0065886904,0.063919306,0.009483849,0.1327633,0.024173768,null,null,null,null,null,null,null,null,null,null,"ONEGAUSSIAN",5,2.798265,0.399635,0.0065886904,0.35794812,0.053109553,0.1327633,0.0,null,null,null,null,null,null
