Gaia/vari_eclipsing_binary/VariEclipsingBinary_478842-478895.csv
# %ECSV 1.0
# ---
# delimiter: ','
# meta: !!omap
# - RELEASE: Gaia DR3
# - TABLE: vari_eclipsing_binary
# - DESCRIPTION: >
#     This table describes the properties of the eclipsing binaries resulting from the variability analysis. 
# - CITATION: >
#     How to cite and acknowledge Gaia: 
#     https://gea.esac.esa.int/archive/documentation/credits.html 
# - KNOWN_ISSUES: >
#     Known issues: 
#     https://www.cosmos.esa.int/web/gaia-users/known-issues 
# - DOCUMENTATION: >
#     Tutorials and documentation: 
#     https://www.cosmos.esa.int/web/gaia-users/archive 
# datatype:
# - 
#   name: solution_id
#   datatype: int64
#   description: Solution Identifier
#   meta:
#     ucd: meta.version
# - 
#   name: source_id
#   datatype: int64
#   description: Unique source identifier
#   meta:
#     ucd: meta.id;meta.main
# - 
#   name: global_ranking
#   datatype: float32
#   description: Number between 0 (worst) and 1 (best)
#   meta:
#     ucd: stat.param
# - 
#   name: reference_time
#   datatype: float64
#   unit: d
#   description: Reference time used for the geometric model fit
#   meta:
#     ucd: time.epoch
# - 
#   name: frequency
#   datatype: float64
#   unit: d**-1
#   description: Frequency of geometric model of the eclipsing binary light curve
#   meta:
#     ucd: src.orbital
# - 
#   name: frequency_error
#   datatype: float32
#   unit: d**-1
#   description: "Uncertainty of \\texttt{frequency}"
#   meta:
#     ucd: stat.error
# - 
#   name: geom_model_reference_level
#   datatype: float32
#   unit: mag
#   description: Magnitude reference level of geometric model
#   meta:
#     ucd: phot.mag;em.opt
# - 
#   name: geom_model_reference_level_error
#   datatype: float32
#   unit: mag
#   description: "Uncertainty of \\texttt{geomModelReferenceLevel}"
#   meta:
#     ucd: stat.error;phot.mag;em.opt
# - 
#   name: geom_model_gaussian1_phase
#   datatype: float32
#   description: Phase of the Gaussian 1 component
#   meta:
#     ucd: time.phase
# - 
#   name: geom_model_gaussian1_phase_error
#   datatype: float32
#   description: "Uncertainty of \\texttt{geomModelGaussian1Phase}"
#   meta:
#     ucd: stat.error;time.phase
# - 
#   name: geom_model_gaussian1_sigma
#   datatype: float32
#   description: "Standard deviation [phase] of Gaussian 1 component"
#   meta:
#     ucd: stat.stdev
# - 
#   name: geom_model_gaussian1_sigma_error
#   datatype: float32
#   description: "Uncertainty of \\texttt{geomModelGaussian1Sigma}"
#   meta:
#     ucd: stat.error
# - 
#   name: geom_model_gaussian1_depth
#   datatype: float32
#   unit: mag
#   description: Magnitude depth of Gaussian 1 component
#   meta:
#     ucd: src.var.amplitude
# - 
#   name: geom_model_gaussian1_depth_error
#   datatype: float32
#   unit: mag
#   description: "Uncertainty of \\texttt{geomModelGaussian1Depth}"
#   meta:
#     ucd: stat.error;src.var.amplitude
# - 
#   name: geom_model_gaussian2_phase
#   datatype: float32
#   description: Phase of Gaussian 2 component
#   meta:
#     ucd: time.phase
# - 
#   name: geom_model_gaussian2_phase_error
#   datatype: float32
#   description: "Uncertainty of \\texttt{geomModelGaussian2Phase}"
#   meta:
#     ucd: stat.error;time.phase
# - 
#   name: geom_model_gaussian2_sigma
#   datatype: float32
[...]
#   datatype: float32
#   description: "Secondary eclipse: uncertainty of \\texttt{derivedSecondaryEclDuration}"
#   meta:
#     ucd: stat.error;time.duration
# - 
#   name: derived_secondary_ecl_depth
#   datatype: float32
#   unit: mag
#   description: "Secondary eclipse: depth"
#   meta:
#     ucd: src.var.amplitude
# - 
#   name: derived_secondary_ecl_depth_error
#   datatype: float32
#   unit: mag
#   description: "Secondary eclipse: uncertainty of \\texttt{derivedSecondaryEclDepth}"
#   meta:
#     ucd: stat.error;src.var.amplitude
solution_id,source_id,global_ranking,reference_time,frequency,frequency_error,geom_model_reference_level,geom_model_reference_level_error,geom_model_gaussian1_phase,geom_model_gaussian1_phase_error,geom_model_gaussian1_sigma,geom_model_gaussian1_sigma_error,geom_model_gaussian1_depth,geom_model_gaussian1_depth_error,geom_model_gaussian2_phase,geom_model_gaussian2_phase_error,geom_model_gaussian2_sigma,geom_model_gaussian2_sigma_error,geom_model_gaussian2_depth,geom_model_gaussian2_depth_error,geom_model_cosine_half_period_amplitude,geom_model_cosine_half_period_amplitude_error,geom_model_cosine_half_period_phase,geom_model_cosine_half_period_phase_error,model_type,num_model_parameters,reduced_chi2,derived_primary_ecl_phase,derived_primary_ecl_phase_error,derived_primary_ecl_duration,derived_primary_ecl_duration_error,derived_primary_ecl_depth,derived_primary_ecl_depth_error,derived_secondary_ecl_phase,derived_secondary_ecl_phase_error,derived_secondary_ecl_duration,derived_secondary_ecl_duration_error,derived_secondary_ecl_depth,derived_secondary_ecl_depth_error
[from data line 528]
375316653866487564,4212387792320868224,0.6172597,2205.9265742808657,3.220903603538792,4.286744E-6,15.857532,0.006307636,0.3345187,0.0016744201,0.07754908,0.002944903,0.38038898,0.017735723,0.8408515,0.0012697009,0.07668186,0.002004746,0.38195097,0.010317505,null,null,null,null,"TWOGAUSSIANS",8,21.887653,0.8408515,0.0012697009,0.4,0.0,0.37846917,0.010236584,0.3345187,0.0016744201,0.4,0.0,0.37690714,0.018099522
375316653866487564,4212388135918829312,0.537384,2187.4633120892945,2.678090915227141,2.21567E-5,15.175354,0.09820564,0.28074467,0.010105347,0.044020925,0.031524483,0.34766352,0.14634246,0.78600127,0.019886533,0.062922485,0.0352775,0.2271271,0.18824361,0.08632856,0.10078976,0.28074467,0.010105347,"TWOGAUSSIANS_WITH_ELLIPSOIDAL_ON_ECLIPSE1",9,444.46198,0.28074467,0.010105347,0.24651718,0.15982504,0.5202605,0.075113066,0.78600127,0.019886533,0.35236594,0.17262977,0.39953578,0.031534985
375316653866487564,4212388616945922816,0.49765638,2211.4222521147244,3.0675625177919295,8.712731E-5,19.66652,0.028230473,0.29462725,0.047101248,0.08215126,0.09801896,0.24267386,0.18737425,0.8165481,0.007902558,0.06248618,0.019891528,0.23762327,0.042522285,null,null,null,null,"TWOGAUSSIANS",8,1.945307,0.29462725,0.047101248,0.4,0.34032857,0.24196538,0.18998386,0.8165481,0.007898274,0.3499226,0.111392565,0.23691481,0.04159206
375316653866487564,4212388926192296704,0.6551959,2202.544976069011,3.2259254403743167,7.911E-6,15.63124,0.06329802,0.29785594,0.0024577545,0.063165076,0.013787381,0.40054274,0.12756558,0.7962506,0.019705338,0.06297145,0.026988681,0.4287874,0.11054551,0.06808933,0.069720216,0.29785594,0.0024577545,"TWOGAUSSIANS_WITH_ELLIPSOIDAL_ON_ECLIPSE1",9,40.230156,0.7964006,0.018374924,0.35264012,0.15113662,0.5646478,0.07804743,0.29785594,0.0024577545,0.35372445,0.07720934,0.53641576,0.026392594
375316653866487564,4212389574710748928,0.5102614,2173.8600120633087,2.2501068382461886,2.2697788E-5,17.86762,0.0028680998,0.24951427,0.009248933,0.015339098,0.011125514,0.050804097,0.03607557,null,null,null,null,null,null,0.035074223,0.004204719,0.24951427,0.009248933,"ONEGAUSSIAN_WITH_ELLIPSOIDAL",6,1.8539592,0.24951427,0.009248933,0.08589895,0.06230288,0.12095255,0.035549697,null,null,null,null,null,null
375316653866487564,4212389785186271744,0.46866003,2199.6959313730886,0.2448678129063755,2.474325E-5,16.284035,0.03623274,0.23786958,0.01128109,0.092555314,0.016934581,0.28961486,0.034983896,0.964006,0.007839125,0.0575309,0.013157372,0.15322128,0.031631295,null,null,null,null,"TWOGAUSSIANS",8,4.246816,0.23786958,0.011281284,0.4,0.0,0.28961304,0.034985375,0.966716,0.007193306,0.32217303,0.07368129,0.15701136,0.034212466
375316653866487564,4212391052184189568,0.56679374,2185.809177188148,2.885666635285167,2.2298555E-5,19.079481,0.018329244,0.112688504,0.005030316,0.085398726,0.0070303446,0.38443986,0.021072654,0.6030591,0.0073977984,0.08558628,0.009642305,0.3933557,0.047545288,null,null,null,null,"TWOGAUSSIANS",8,1.8569285,0.6030591,0.0073977984,0.4,0.0,0.38419765,0.049305182,0.112688504,0.005030316,0.4,0.0,0.37528178,0.017674888
375316653866487564,4212391159577383680,0.4835088,2222.3643043864554,3.1652394032170945,6.179764E-5,18.04134,0.022256888,0.27480492,0.029378727,0.03625476,0.067099676,0.30164602,0.15329915,0.77719504,0.009712657,0.08016256,0.019232417,0.21508509,0.020380793,null,null,null,null,"TWOGAUSSIANS",8,4.2606926,0.27480492,0.02938689,0.20302667,0.22621725,0.30160615,0.16368708,0.77719504,0.009712657,0.4,0.0,0.21504521,0.011151814
375316653866487564,4212391395777310848,0.49135312,2262.866207577982,1.2207595028651361,5.3338852E-5,19.184906,0.009072533,0.43424702,0.009302737,0.03294843,0.007328039,0.42551756,1.3491836,null,null,null,null,null,null,null,null,null,null,"ONEGAUSSIAN",5,3.6105127,0.43424702,0.009302737,0.18451121,0.04103702,0.42551756,0.0,null,null,null,null,null,null
375316653866487564,4212392533964880640,0.5377255,2200.6593029650176,2.9996239011899646,2.0591815E-5,17.51709,0.012456454,0.27913088,0.003339147,0.028160553,0.0062986277,0.22221586,0.039672505,0.813563,0.027293997,0.060601693,0.030771812,0.2723223,0.13073978,0.10445902,0.02380878,0.27913088,0.003339147,"TWOGAUSSIANS_WITH_ELLIPSOIDAL_ON_ECLIPSE1",9,25.5338,0.813563,0.027293997,0.33936948,0.10887617,0.4716077,0.11874494,0.27913088,0.003339147,0.1576991,0.035272315,0.43112797,0.04690607
375316653866487564,4212393255519513984,0.5018005,2196.1939123465368,0.10847703411239452,2.4071924E-6,16.409,0.0032368395,0.34917578,0.005195959,0.031078573,0.0038532373,0.10144878,0.007973508,0.9750667,3.6788717E-4,0.0034081293,0.0011215043,0.059902396,0.033774868,null,null,null,null,"TWOGAUSSIANS",8,12.066707,0.34917578,0.005195959,0.17404,0.02157813,0.10144878,0.007973508,0.9750667,3.6788717E-4,0.019085525,0.006280424,0.059902396,0.033774868
375316653866487564,4212393873994770432,0.7067168,2199.995393662938,0.959204238772998,3.6539777E-6,13.194012,0.0022080082,0.32116264,6.744902E-4,0.036693882,0.0055734795,0.12409479,0.031145424,0.812868,0.004165867,0.056220602,0.004300722,0.13309945,0.0057677794,0.0901082,0.0030097284,0.32116264,6.744902E-4,"TWOGAUSSIANS_WITH_ELLIPSOIDAL_ON_ECLIPSE1",9,12.292529,0.814958,0.0030061116,0.31483537,0.024084043,0.3129466,0.004098966,0.32116264,6.744902E-4,0.20548575,0.031211484,0.30430764,0.03409864
375316653866487564,4212394080153653248,0.58276385,2168.972511352935,2.576036978231281,1.3904375E-5,18.100468,0.011912088,0.35775375,0.0023922306,0.041011143,0.007413799,0.1535858,0.032278087,0.85444844,0.015684487,0.03316981,0.016574733,0.25570938,0.14486496,0.16201028,0.021153327,0.35775375,0.0023922306,"TWOGAUSSIANS_WITH_ELLIPSOIDAL_ON_ECLIPSE1",9,4.8986793,0.85477847,0.011659578,0.18575095,0.0928185,0.5796038,0.15942596,0.35775375,0.0023922306,0.2296624,0.041517273,0.4776061,0.021272918
375316653866487564,4212394350714859648,0.5518865,2226.5553565688174,1.4773313046887269,2.5521964E-5,18.98834,0.029153034,0.38429594,0.0030685712,0.0742101,0.014185999,0.24176057,0.019227294,0.89053714,0.0068218894,0.070804045,0.011284854,0.2982757,0.027381824,null,null,null,null,"TWOGAUSSIANS",8,2.3996384,0.89053714,0.0068218894,0.39650264,0.048397932,0.2970674,0.025422305,0.38429594,0.0030685712,0.4,0.047327813,0.24055226,0.017472997
375316653866487564,4212394939148613120,0.53134584,2233.9810019170754,2.3275824178911053,3.3279226E-5,19.129032,0.034232307,0.23805986,0.028155709,0.09245318,0.04647982,0.22347859,0.18090335,0.7177123,0.012343154,0.09080468,0.01438986,0.4137902,0.049325783,null,null,null,null,"TWOGAUSSIANS",8,3.693793,0.7177123,0.012343154,0.4,0.0,0.40309945,0.0409698,0.23805986,0.028155709,0.4,0.09178714,0.2127879,0.19000988
375316653866487564,4212396279176515456,0.64593446,2228.9881365688057,2.8877342045385173,5.7925313E-6,15.875178,0.017719118,0.32207108,0.005167051,0.045853607,0.022121914,0.34161043,0.8391433,0.825003,0.0021174562,0.0401321,0.0031641712,0.32477716,0.04361123,0.13157783,0.02258978,0.32207108,0.005167051,"TWOGAUSSIANS_WITH_ELLIPSOIDAL_ON_ECLIPSE1",9,28.698982,0.32207108,0.005167051,0.2567802,0.12388271,0.604766,0.87183166,0.825003,0.0021174562,0.22473978,0.01771936,0.5878434,0.006297022
375316653866487564,4212396996416334080,0.45302203,2168.4403271473752,3.551053107752826,1.7928203E-4,18.314835,0.025263127,0.2564904,0.013471945,0.09613613,0.029955193,0.121244475,0.027375875,0.7514958,0.030912338,0.049744133,0.035751395,0.15111987,0.035218332,null,null,null,null,"TWOGAUSSIANS",8,7.4345245,0.7514958,0.030912338,0.27856714,0.12673295,0.15050434,0.026588107,0.2564904,0.013471945,0.4,0.0,0.120628595,0.022694677
375316653866487564,4212397825364796032,0.52428824,2183.5813537180525,0.2664156967764504,1.2658114E-4,17.862131,0.0017104315,0.25649837,0.010301702,0.0028149022,0.017757325,0.18693428,0.16169454,null,null,null,null,null,null,null,null,null,null,"ONEGAUSSIAN",5,1.1291113,0.25649837,0.010301702,0.015763452,0.099441014,0.18693428,0.0,null,null,null,null,null,null
375316653866487564,4212399165394534912,0.54532826,2192.0550631023793,1.301506097794935,2.0705402E-5,18.57709,0.007786134,0.30384132,0.008029232,0.05612348,0.016040195,0.2528979,0.09857687,0.7650196,0.011893345,0.06699327,0.01413218,0.23119776,0.037136164,null,null,null,null,"TWOGAUSSIANS",8,3.7996094,0.30384132,0.008029232,0.31429148,0.089825094,0.25286463,0.098605074,0.7650196,0.011893345,0.3751623,0.07914021,0.23116452,0.03715181
375316653866487564,4212399268473804800,0.56718093,2173.0484680519417,3.44728913891772,2.688877E-5,16.862057,0.022975361,0.24187216,0.0066177426,0.06677552,0.01040536,0.31575534,0.025937874,0.7589841,0.008806988,0.083778016,0.017832454,0.26549006,0.03197392,null,null,null,null,"TWOGAUSSIANS",8,25.80994,0.24187216,0.0066177426,0.3739429,0.04551584,0.31419498,0.021784898,0.7589841,0.008806988,0.4,0.0,0.2639297,0.031470817
375316653866487564,4212400982145267456,0.58689225,2167.467152900848,1.419723003196245,6.642376E-6,17.240923,0.0074816057,0.2930685,0.0024638488,0.083069004,0.0047203195,0.20894073,0.0075966953,0.7936327,0.005604216,0.08929096,0.007869728,0.18148178,0.016384946,null,null,null,null,"TWOGAUSSIANS",8,3.1900578,0.2930685,0.0024638488,0.4,0.0,0.20322216,0.0064103007,0.7936327,0.005604216,0.4,0.0,0.17576315,0.016894469
375316653866487564,4212401501857289856,0.71736044,2173.8700711152233,1.5203047313851015,1.1086648E-5,15.945634,0.0078190435,0.2817197,9.883863E-4,0.05193642,0.0035076386,0.19622086,0.017063547,0.7815281,0.010598707,0.04902992,0.005129281,0.6460212,0.09064541,0.07545024,0.008999299,0.2817197,9.883863E-4,"TWOGAUSSIANS_WITH_ELLIPSOIDAL_ON_ECLIPSE1",9,5.4569564,0.78153807,0.010589247,0.27456757,0.028723972,0.796918,0.0806983,0.2817197,9.883863E-4,0.29084396,0.019642776,0.3471178,0.010373888
375316653866487564,4212401845454359936,0.55879855,2207.677574811819,2.8255577724735614,1.4613383E-5,15.803937,0.01070145,0.2741397,0.004534874,0.07701561,0.0059585334,0.4263149,0.03224868,0.76649797,0.0058608786,0.07524656,0.004639172,0.46423176,0.035256285,null,null,null,null,"TWOGAUSSIANS",8,33.845543,0.76649797,0.0058608786,0.4,0.0,0.4608019,0.03547193,0.2741397,0.004534874,0.4,0.0,0.42288503,0.03295292
375316653866487564,4212401879807439104,0.5832293,2179.574352100753,2.4186689413479003,1.2271837E-5,18.250912,0.010847979,0.20315711,0.0028834224,0.07716617,0.004198838,0.3417027,0.01824139,0.70277023,0.0042666597,0.07887269,0.0065826494,0.37994808,0.013049549,null,null,null,null,"TWOGAUSSIANS",8,3.046784,0.70277023,0.0042666597,0.4,0.0,0.3757326,0.012498091,0.20315711,0.0028834224,0.4,0.0,0.33748725,0.01779702
375316653866487564,4212404525513969280,0.65452087,2201.909853531631,0.4429052459301135,3.280541E-5,16.939987,9.7335E-4,0.221617,0.05018768,0.07993434,0.067457974,0.0067799888,0.005073826,0.6002925,5.830194E-5,0.020450173,4.3562506E-4,0.31461343,0.004516795,null,null,null,null,"TWOGAUSSIANS",8,1.1416086,0.6002925,5.830194E-5,0.11452097,0.0024395003,0.31461352,0.004516676,0.221617,0.05018768,0.4,0.30500817,0.0067799883,0.0050738268
375316653866487564,4212404628593186944,0.5818444,2201.2512506207527,0.3305843672954984,1.14801E-5,15.500633,0.0022524882,0.63621616,0.0017326869,0.016693087,0.0021630141,0.7620782,0.39458558,0.8631611,0.025344076,0.053790767,0.0111097405,0.012597474,0.004735413,null,null,null,null,"TWOGAUSSIANS",8,13.346589,0.63621616,0.0017326869,0.09348129,0.012112879,0.76207995,0.39458472,0.8631611,0.025344076,0.30122828,0.062214546,0.012597474,0.004735413
375316653866487564,4212404662952923904,0.5497206,2219.7923619343983,3.9000221715524988,2.2322482E-5,19.574242,0.015480703,0.2663118,0.0076951385,0.0783152,0.0062805293,0.5983628,0.0262486,0.7591134,0.004941013,0.0663575,0.0073188916,0.75103885,0.1480656,null,null,null,null,"TWOGAUSSIANS",8,2.337808,0.7591134,0.004941013,0.371602,0.035443593,0.7482066,0.1502884,0.2663118,0.0076951385,0.4,0.0,0.5955306,0.025639312
375316653866487564,4212405762456568064,0.60632235,2157.9459121967993,2.1656286386796832,2.2972865E-5,17.618374,0.008508844,0.20292062,0.009101692,0.09020915,0.008480909,0.28047454,0.02311814,0.7018492,0.0027893358,0.07989607,0.004604948,0.3356693,0.012059135,null,null,null,null,"TWOGAUSSIANS",8,2.9503303,0.7018492,0.0027893358,0.4,0.0,0.3277266,0.0119905565,0.20292062,0.009101692,0.4,0.0,0.27253172,0.023312636
375316653866487564,4212406106061757056,0.60841984,2220.5279489190734,0.9538574482430139,4.8776692E-5,16.38095,0.0012707418,0.3862129,0.022576584,0.05732162,0.020904237,0.13570476,0.011056263,0.93628144,0.07272465,0.044181675,0.036200553,0.0018628638,0.0015916843,null,null,null,null,"TWOGAUSSIANS",8,1.3989028,0.3862129,0.022576584,0.32100105,0.11009623,0.13570474,0.011056632,0.93628144,0.07272465,0.24741738,0.20272309,0.0018628475,0.0015912416
375316653866487564,4212407029458567552,0.508262,2146.7899695454425,0.9025235293873194,3.4553046E-5,19.507402,0.0044593336,6.195656E-4,1.21785815E-4,0.012955694,6.782604E-4,0.08304584,0.0035479614,0.5916935,0.009933558,0.118680686,0.011641705,0.16921271,0.012155419,null,null,null,null,"TWOGAUSSIANS",8,0.64000946,0.5916935,0.009933558,0.4,0.0,0.16916537,0.012203305,5.895656E-4,1.3217468E-4,0.07255189,0.003798258,0.08344647,0.003771409
375316653866487564,4212407235616905216,0.4724262,2206.313250553868,1.6968067447533701,1.2495481E-4,19.23191,0.01823163,0.29440773,0.008494142,0.06080321,0.010557011,0.17063181,0.03177215,0.8097315,0.022040779,0.05009869,0.038695194,0.2154785,0.090155855,null,null,null,null,"TWOGAUSSIANS",8,3.0149193,0.8097315,0.022040779,0.2805527,0.15446208,0.21547078,0.09105309,0.29440773,0.008494142,0.34049797,0.05911926,0.17062409,0.031496175
375316653866487564,4212407888452075776,0.5078878,2256.9181490045485,3.334230095992754,2.0251055E-5,17.550589,0.023567505,0.1468482,0.0035313538,0.088335685,0.013483134,0.27587944,0.029371222,0.6416864,0.010574238,0.09035159,0.018114934,0.20456362,0.027040726,null,null,null,null,"TWOGAUSSIANS",8,7.792046,0.1468482,0.0035313538,0.4,0.0,0.26717472,0.033142176,0.6416864,0.010574238,0.4,0.0,0.19585885,0.02493757
375316653866487564,4212407888452085888,0.54652315,2250.0104179890623,0.8217366479056051,9.598223E-5,19.233532,0.0069995034,0.16660851,0.002083323,0.02989136,0.0028173956,0.65604925,0.31986317,0.4995488,0.056397848,0.037842214,0.11137334,0.42449918,0.4062233,null,null,null,null,"TWOGAUSSIANS",8,0.683488,0.16660851,0.0020533022,0.16739161,0.015777415,0.65604925,0.32061428,0.4995488,0.056397848,0.21191639,0.23366609,0.42449918,0.40649706
375316653866487564,4212408786116236544,0.46705133,2098.906829720185,0.921125585154579,1.4354999E-4,19.727564,0.013878966,0.8162141,0.0051040514,0.059766937,0.010226834,0.16298833,0.025318846,null,null,null,null,null,null,null,null,null,null,"ONEGAUSSIAN",5,2.3876913,0.8162141,0.0051040514,0.33469486,0.057270266,0.16298833,0.0,null,null,null,null,null,null
375316653866487564,4212409404589622784,0.5646185,2221.228530060556,3.3208093337673175,3.1617194E-5,18.857327,0.020180589,0.24980229,0.03212561,0.07781527,0.029183501,0.34094837,0.09909576,0.7481478,0.0073162415,0.08636371,0.00862105,0.37421086,0.022859802,null,null,null,null,"TWOGAUSSIANS",8,2.9959023,0.7481478,0.0073162415,0.4,0.0,0.3674958,0.019098358,0.24980229,0.03212561,0.4,0.110394076,0.3342333,0.10375766
375316653866487564,4212409748187359488,0.45728132,2195.8775818091763,1.7963599974529123,2.3354889E-5,19.457298,0.08201448,0.29186335,0.0071495897,0.14610124,0.030801928,0.34175038,0.07703518,0.8244507,0.019188771,0.09159332,0.019115116,0.35747564,0.1023506,null,null,null,null,"TWOGAUSSIANS",8,2.243855,0.82526064,0.019079367,0.4,0.0,0.30535963,0.026991706,0.29186335,0.0071438528,0.4,0.0,0.2871294,0.020896818
