Gaia/vari_eclipsing_binary/VariEclipsingBinary_468964-468988.csv
# %ECSV 1.0
# ---
# delimiter: ','
# meta: !!omap
# - RELEASE: Gaia DR3
# - TABLE: vari_eclipsing_binary
# - DESCRIPTION: >
#     This table describes the properties of the eclipsing binaries resulting from the variability analysis. 
# - CITATION: >
#     How to cite and acknowledge Gaia: 
#     https://gea.esac.esa.int/archive/documentation/credits.html 
# - KNOWN_ISSUES: >
#     Known issues: 
#     https://www.cosmos.esa.int/web/gaia-users/known-issues 
# - DOCUMENTATION: >
#     Tutorials and documentation: 
#     https://www.cosmos.esa.int/web/gaia-users/archive 
# datatype:
# - 
#   name: solution_id
#   datatype: int64
#   description: Solution Identifier
#   meta:
#     ucd: meta.version
# - 
#   name: source_id
#   datatype: int64
#   description: Unique source identifier
#   meta:
#     ucd: meta.id;meta.main
# - 
#   name: global_ranking
#   datatype: float32
#   description: Number between 0 (worst) and 1 (best)
#   meta:
#     ucd: stat.param
# - 
#   name: reference_time
#   datatype: float64
#   unit: d
#   description: Reference time used for the geometric model fit
#   meta:
#     ucd: time.epoch
# - 
#   name: frequency
#   datatype: float64
#   unit: d**-1
#   description: Frequency of geometric model of the eclipsing binary light curve
#   meta:
#     ucd: src.orbital
# - 
#   name: frequency_error
#   datatype: float32
#   unit: d**-1
#   description: "Uncertainty of \\texttt{frequency}"
#   meta:
#     ucd: stat.error
# - 
#   name: geom_model_reference_level
#   datatype: float32
#   unit: mag
#   description: Magnitude reference level of geometric model
#   meta:
#     ucd: phot.mag;em.opt
# - 
#   name: geom_model_reference_level_error
#   datatype: float32
#   unit: mag
#   description: "Uncertainty of \\texttt{geomModelReferenceLevel}"
#   meta:
#     ucd: stat.error;phot.mag;em.opt
# - 
#   name: geom_model_gaussian1_phase
#   datatype: float32
#   description: Phase of the Gaussian 1 component
#   meta:
#     ucd: time.phase
# - 
#   name: geom_model_gaussian1_phase_error
#   datatype: float32
#   description: "Uncertainty of \\texttt{geomModelGaussian1Phase}"
#   meta:
#     ucd: stat.error;time.phase
# - 
#   name: geom_model_gaussian1_sigma
#   datatype: float32
#   description: "Standard deviation [phase] of Gaussian 1 component"
#   meta:
#     ucd: stat.stdev
# - 
#   name: geom_model_gaussian1_sigma_error
#   datatype: float32
#   description: "Uncertainty of \\texttt{geomModelGaussian1Sigma}"
#   meta:
#     ucd: stat.error
# - 
#   name: geom_model_gaussian1_depth
#   datatype: float32
#   unit: mag
#   description: Magnitude depth of Gaussian 1 component
#   meta:
#     ucd: src.var.amplitude
# - 
#   name: geom_model_gaussian1_depth_error
#   datatype: float32
#   unit: mag
#   description: "Uncertainty of \\texttt{geomModelGaussian1Depth}"
#   meta:
#     ucd: stat.error;src.var.amplitude
# - 
#   name: geom_model_gaussian2_phase
#   datatype: float32
#   description: Phase of Gaussian 2 component
#   meta:
#     ucd: time.phase
# - 
#   name: geom_model_gaussian2_phase_error
#   datatype: float32
#   description: "Uncertainty of \\texttt{geomModelGaussian2Phase}"
#   meta:
#     ucd: stat.error;time.phase
# - 
#   name: geom_model_gaussian2_sigma
#   datatype: float32
[...]
#   datatype: float32
#   description: "Secondary eclipse: uncertainty of \\texttt{derivedSecondaryEclDuration}"
#   meta:
#     ucd: stat.error;time.duration
# - 
#   name: derived_secondary_ecl_depth
#   datatype: float32
#   unit: mag
#   description: "Secondary eclipse: depth"
#   meta:
#     ucd: src.var.amplitude
# - 
#   name: derived_secondary_ecl_depth_error
#   datatype: float32
#   unit: mag
#   description: "Secondary eclipse: uncertainty of \\texttt{derivedSecondaryEclDepth}"
#   meta:
#     ucd: stat.error;src.var.amplitude
solution_id,source_id,global_ranking,reference_time,frequency,frequency_error,geom_model_reference_level,geom_model_reference_level_error,geom_model_gaussian1_phase,geom_model_gaussian1_phase_error,geom_model_gaussian1_sigma,geom_model_gaussian1_sigma_error,geom_model_gaussian1_depth,geom_model_gaussian1_depth_error,geom_model_gaussian2_phase,geom_model_gaussian2_phase_error,geom_model_gaussian2_sigma,geom_model_gaussian2_sigma_error,geom_model_gaussian2_depth,geom_model_gaussian2_depth_error,geom_model_cosine_half_period_amplitude,geom_model_cosine_half_period_amplitude_error,geom_model_cosine_half_period_phase,geom_model_cosine_half_period_phase_error,model_type,num_model_parameters,reduced_chi2,derived_primary_ecl_phase,derived_primary_ecl_phase_error,derived_primary_ecl_duration,derived_primary_ecl_duration_error,derived_primary_ecl_depth,derived_primary_ecl_depth_error,derived_secondary_ecl_phase,derived_secondary_ecl_phase_error,derived_secondary_ecl_duration,derived_secondary_ecl_duration_error,derived_secondary_ecl_depth,derived_secondary_ecl_depth_error
[from data line 514]
375316653866487564,4125255614682795904,0.5307517,2374.2815797141247,3.277654425007122,1.4959878E-5,18.827688,0.028397877,0.19924743,0.005494079,0.092370674,0.015472262,0.43965915,0.020204345,0.70255136,0.0026287248,0.09649118,0.007005768,0.4153096,0.027284717,null,null,null,null,"TWOGAUSSIANS",8,3.1789613,0.19924743,0.005494079,0.4,0.0,0.41516066,0.021929145,0.70255136,0.0026281937,0.4,0.0,0.39081025,0.01484892
375316653866487564,4125255859506897536,0.45661205,2396.7781023855655,0.04001730092980212,4.065042E-5,19.534212,0.008374045,0.30440977,0.017420892,0.09773625,0.013932248,0.18781361,0.013002839,0.5524053,0.04403753,0.032944165,0.016676871,0.25642845,0.16043821,null,null,null,null,"TWOGAUSSIANS",8,2.8659368,0.5524053,0.04403753,0.18448733,0.09339047,0.26393786,0.15326239,0.30440977,0.017420892,0.4,0.0,0.18781283,0.013003763
375316653866487564,4125255992631149696,0.5238151,2367.7754079645215,2.6688875667036753,1.1110365E-5,18.697372,0.019838354,0.19920973,0.00339208,0.103988856,0.009958381,0.23523673,0.017791003,0.6978001,0.0034272876,0.09597324,0.008837085,0.2756738,0.017557044,null,null,null,null,"TWOGAUSSIANS",8,1.5043248,0.6978001,0.0034272876,0.4,0.0,0.25383496,0.007419793,0.19920973,0.00339208,0.4,0.0,0.21339412,0.0118484385
375316653866487564,4125256233147004544,0.5773202,2426.1453518851677,2.022093830202537,1.2184759E-5,18.120071,0.0040115267,0.23778948,0.009288485,0.07361932,0.01072848,0.10526887,0.010102286,0.7486646,0.0023453515,0.055097472,0.001512456,0.39320332,0.012276121,null,null,null,null,"TWOGAUSSIANS",8,3.8024452,0.7486646,0.0023453515,0.30854583,0.008469754,0.39306718,0.012249147,0.23778948,0.009288485,0.4,0.022855027,0.10513274,0.010094253
375316653866487564,4125256409262760192,0.5272288,2383.2398239583167,2.941000823623027,1.5197812E-5,19.711145,0.011108401,0.27099887,0.0029779477,0.07424169,0.0037732217,0.4742806,0.026190182,0.7624257,0.0046059443,0.068574674,0.0062721064,0.46242052,0.035638545,null,null,null,null,"TWOGAUSSIANS",8,1.5653085,0.27099887,0.0029779477,0.4,0.0,0.4726293,0.026118388,0.7624257,0.0046059443,0.38401815,0.035123795,0.46076924,0.036142636
375316653866487564,4125256817264936064,0.51591337,2392.9508761479437,0.9558923117696254,3.669792E-5,18.113134,0.0019608978,0.14542843,0.008054555,0.02251643,0.007620509,0.088823676,0.028855627,0.65694004,1.1818912E-5,0.006925589,5.154234E-5,0.26080456,0.0017456694,null,null,null,null,"TWOGAUSSIANS",8,2.0899546,0.65694004,1.1818912E-5,0.038783297,2.8863712E-4,0.26080456,0.0017456694,0.14542843,0.008054555,0.126092,0.04267485,0.088823676,0.028855627
375316653866487564,4125257268278484992,0.49956894,2405.9989648303595,0.01772209904513206,1.0405377E-6,17.876303,0.0013790224,0.16867553,4.6574687E-6,3.6535642E-4,3.613539E-6,0.33357745,0.0032256637,0.86031723,0.008646565,0.04236624,0.0071536293,0.11692108,0.06109295,null,null,null,null,"TWOGAUSSIANS",8,3.0739467,0.16867553,4.6574687E-6,0.002045996,2.0235819E-5,0.33357745,0.0032256637,0.86031723,0.008646565,0.23725094,0.040060323,0.11692108,0.06109295
375316653866487564,4125257611875961856,0.55577505,2376.745613874471,2.730174498710667,1.4036342E-5,14.6206455,0.01777642,0.123261474,0.0025192893,0.10107809,0.006952466,0.32985005,0.015874488,0.61871517,0.0050247,0.09509218,0.006447905,0.36392584,0.020698514,null,null,null,null,"TWOGAUSSIANS",8,246.77037,0.61871517,0.0050247,0.4,0.0,0.33862755,0.014852987,0.123261474,0.0025192893,0.4,0.0,0.30454922,0.010602404
375316653866487564,4125257818012744064,0.523048,2376.619836501337,1.9013474841543652,1.1901401E-5,19.79682,0.007641694,0.3406422,0.0036802497,0.03691242,0.0049233157,0.619722,0.06486986,0.8474922,0.01575429,0.033455387,0.011625469,0.39978266,0.030078428,null,null,null,null,"TWOGAUSSIANS",8,1.9725146,0.3406422,0.0036802497,0.20670953,0.027570568,0.619722,0.06486986,0.8474922,0.01575429,0.18735017,0.06510262,0.39978266,0.030078432
375316653866487564,4125259256801891072,0.49793234,2362.793915830832,2.119050334818999,3.431678E-5,18.423464,0.003962416,0.27150115,0.002716972,0.05464549,0.004020774,0.16658475,0.011678102,0.7857998,0.01478237,0.06720088,0.01014031,0.04895906,0.0112637235,null,null,null,null,"TWOGAUSSIANS",8,2.1207497,0.27150115,0.002716972,0.30601475,0.022516333,0.16656224,0.011686325,0.7857998,0.01478237,0.37632492,0.052662425,0.048936564,0.011272202
375316653866487564,4125260429352826240,0.5249473,2399.5488023823214,2.7857087082273355,8.2218985E-6,18.842817,0.0077018845,0.24196851,0.0031907905,0.08129837,0.0050464077,0.2636701,0.01088365,0.7550439,0.0038697426,0.0779724,0.004744377,0.24257915,0.011590337,null,null,null,null,"TWOGAUSSIANS",8,1.9955845,0.24196851,0.0031907905,0.4,0.0,0.26084632,0.010765516,0.7550439,0.0038697426,0.4,0.0,0.23975538,0.011214234
375316653866487564,4125260699913155584,0.4828615,2377.581149193627,0.2944735514240093,1.0405377E-6,17.57413,0.0016304279,0.02538781,6.215465E-6,4.5855754E-4,5.9138433E-6,0.29296514,0.0026724606,null,null,null,null,null,null,null,null,null,null,"ONEGAUSSIAN",5,2.9346497,0.02538781,6.215465E-6,0.0025679222,3.311752E-5,0.29296514,0.0,null,null,null,null,null,null
375316653866487564,4125261077868067200,0.57587236,2367.8281278159966,3.299722356485931,1.2074816E-5,18.53242,0.014309642,0.27924383,0.0024139772,0.044510588,0.0045972876,0.38716587,0.05565541,0.7674737,0.008131504,0.038293574,0.013231041,0.8657898,1.9710964,0.124162115,0.018501699,0.27924383,0.0024139772,"TWOGAUSSIANS_WITH_ELLIPSOIDAL_ON_ECLIPSE1",9,4.8663363,0.7678537,0.008384094,0.21444401,0.074093826,1.1128012,1.9966507,0.27924383,0.0024139772,0.2492593,0.02574481,0.6354896,0.05232062
375316653866487564,4125261112227890560,0.41074508,2371.162886240945,2.541380166600014,7.123957E-5,17.883692,0.005613253,null,null,null,null,null,null,null,null,null,null,null,null,0.043245185,0.010740921,0.26702026,0.010730302,"ELLIPSOIDAL",4,18.28366,null,null,null,null,null,null,null,null,null,null,null,null
375316653866487564,4125261769383352064,0.5318349,2391.9128025622954,3.0169257679728756,9.985089E-6,19.125608,0.009656179,0.30036938,0.002430775,0.07681264,0.0049248813,0.45780724,0.026769295,0.7973301,0.0018783164,0.07449305,0.0041286023,0.4055728,0.023748014,null,null,null,null,"TWOGAUSSIANS",8,2.4694908,0.30036938,0.002430775,0.4,0.0,0.45437542,0.027624315,0.7973301,0.0018783164,0.4,0.0,0.40214097,0.024347564
375316653866487564,4125261872462879616,0.47158632,2368.835871726907,3.289148938979856,2.7325505E-5,18.479504,0.07276876,0.20390095,0.0053849267,0.11027953,0.036552638,0.15212806,0.06306477,0.6904275,0.007705526,0.1324022,0.039956283,0.16956408,0.069016136,null,null,null,null,"TWOGAUSSIANS",8,3.247536,0.6904275,0.007705526,0.4,0.0,0.13530351,0.011266466,0.20413095,0.005093556,0.4,0.0,0.11814599,0.012021536
375316653866487564,4125262143021610112,0.58374983,2402.751275129125,1.9392048845767427,1.0865364E-5,16.634604,0.0040647695,0.28979093,0.0025332014,0.09082912,0.0049657514,0.13103443,0.004287897,0.78461194,0.0029699334,0.10161798,0.0047804574,0.14928256,0.004292095,null,null,null,null,"TWOGAUSSIANS",8,3.0923455,0.78461194,0.0029699334,0.4,0.0,0.1403428,0.0035393331,0.28979093,0.0025332014,0.4,0.0,0.12209631,0.0044863145
375316653866487564,4125262490960395392,0.5301413,2419.115772510964,1.3720644631995293,1.1908206E-5,16.890648,0.01541767,0.30767384,0.0029676748,0.12745032,0.015153496,0.10349063,0.0147977155,0.81859154,0.0024672688,0.11054913,0.012904329,0.0997726,0.013726951,null,null,null,null,"TWOGAUSSIANS",8,1.7229247,0.30765384,0.0029780094,0.4,0.0,0.08324098,0.0025138566,0.81870157,0.0024243246,0.4,0.0,0.07961427,0.0049627554
375316653866487564,4125263281217327744,0.51305646,2399.6781198033223,4.336945037649313,2.9740051E-5,18.309027,0.007082872,0.5365845,0.0069802282,0.15472664,0.011333398,0.20410211,0.008523962,0.882187,0.010457282,0.022077482,0.005425533,0.040882707,0.016824767,null,null,null,null,"TWOGAUSSIANS",8,2.9612393,0.5365845,0.0069802282,0.4,0.0,0.20189762,0.0083564995,0.882187,0.010457282,0.123633906,0.030382983,0.055550013,0.018220132
375316653866487564,4125263895368545536,0.5340877,2387.897783749284,2.8858221067395107,1.3198452E-5,17.008612,0.0029031674,0.23871858,0.0034117838,0.013230126,0.0042532887,0.043411672,0.016731026,0.7607034,0.016089834,0.024991265,0.015377829,0.057124224,0.024777828,0.0841143,0.0035878832,0.23871858,0.0034117838,"TWOGAUSSIANS_WITH_ELLIPSOIDAL_ON_ECLIPSE1",9,8.925242,0.7607034,0.016089834,0.13995108,0.08611584,0.22216284,0.03130513,0.23871858,0.0034117838,0.07408871,0.023818417,0.21163991,0.01608938
375316653866487564,4125264140227903360,0.44461474,2402.8783184773183,0.9613103724071953,1.3333283E-5,17.474865,0.012847275,0.30137575,0.006518162,0.03006026,0.01296913,0.16768031,0.030100107,0.8823742,0.0073880446,0.014371988,0.005149264,0.06788374,0.040377304,0.046531834,0.016982343,0.30137575,0.006518162,"TWOGAUSSIANS_WITH_ELLIPSOIDAL_ON_ECLIPSE1",9,70.73476,0.30137575,0.006518162,0.16833745,0.07262713,0.26074386,0.020594228,0.8823742,0.0073880446,0.08048313,0.028835876,0.13885356,0.028453993
375316653866487564,4125264277649374336,0.52542734,2374.8870162119974,3.267712074625925,2.9548739E-5,19.259773,0.013496954,0.23038454,0.0060378164,0.070502825,0.0067507424,0.4931135,0.031423803,0.7421586,0.0046752663,0.07163315,0.006705141,0.35909444,0.029942038,null,null,null,null,"TWOGAUSSIANS",8,3.8432581,0.23038454,0.0060378164,0.39481583,0.028583625,0.4918284,0.031439584,0.7421586,0.0046752663,0.4,0.02514279,0.35780936,0.030084027
375316653866487564,4125264651282810880,0.52391976,2384.5949615138115,3.7108531535402967,1.7154907E-5,15.509543,0.018346585,0.32575884,0.0041459017,0.08631855,0.0075159897,0.41058183,0.018001208,0.79648906,0.004657932,0.07791893,0.0068620816,0.46323597,0.024757871,null,null,null,null,"TWOGAUSSIANS",8,282.8767,0.79648906,0.004657932,0.4,0.0,0.45841244,0.024077918,0.32575884,0.0041459017,0.4,0.0,0.40575817,0.015527132
375316653866487564,4125265308441769600,0.5329947,2360.305533167488,3.3781840630777094,3.1007356E-5,19.419188,0.0094196405,0.20856361,0.0064284876,0.064094365,0.006767818,0.35618988,0.014446336,0.7136604,0.0059794374,0.06188172,0.008426165,0.39346322,0.031977367,null,null,null,null,"TWOGAUSSIANS",8,2.3198705,0.7136604,0.0059794374,0.34653762,0.047186527,0.39322168,0.032120645,0.20856361,0.0064284876,0.35892844,0.037899777,0.35594833,0.01426285
375316653866487564,4125265819514046336,0.4819344,2384.458837502976,2.2589676056077974,2.6810574E-5,17.752699,0.004657942,0.33583826,0.0060135117,0.06356248,0.0133006545,0.09552745,0.0149646,0.83393985,0.006917644,0.06638101,0.0083769,0.06664338,0.0048234686,null,null,null,null,"TWOGAUSSIANS",8,2.2492359,0.33583826,0.0060135117,0.3559499,0.062175583,0.09543601,0.01518491,0.83393985,0.006917644,0.37173364,0.04691064,0.06655194,0.004666005
375316653866487564,4125268881854954240,0.43973064,2394.096890072587,3.4611183550391678,1.6431899E-5,19.501108,0.018720604,0.30375555,0.005808277,0.036150135,0.009509371,0.28106457,0.11483798,0.7388916,5.126872E-5,0.00519818,5.433904E-4,0.22338125,0.032646775,0.11628261,0.032101184,0.30375555,0.005808277,"TWOGAUSSIANS_WITH_ELLIPSOIDAL_ON_ECLIPSE1",9,14.627261,0.30375555,0.005808277,0.20244077,0.053252473,0.51362944,0.11287901,0.7390216,5.373857E-5,0.02910981,0.0030429862,0.41947752,0.030497821
375316653866487564,4125269289850082432,0.50982976,2396.3754862693136,0.3335695326634933,1.7476981E-5,18.596003,0.0042607207,0.3232236,0.002252628,0.023750234,0.0017302248,1.8928415,0.661603,0.8262932,0.0055819503,0.049045958,0.0034747478,0.14131792,0.0076704402,null,null,null,null,"TWOGAUSSIANS",8,4.286997,0.3232236,0.002252628,0.13300131,0.009689259,1.8928415,0.661603,0.8262932,0.0055819503,0.27465737,0.019458588,0.14131792,0.0076704402
375316653866487564,4125269465987416192,0.4272615,2448.077365056179,4.8735525579340635,5.0788167E-5,19.314346,0.017122513,0.28784636,0.01308353,0.02122162,0.008668674,0.56080943,0.17306866,0.73634166,0.07327454,0.12617114,0.045761667,0.09152075,0.0331103,null,null,null,null,"TWOGAUSSIANS",8,6.802829,0.28784636,0.013082411,0.11884107,0.04854458,0.56081754,0.17309365,0.73634166,0.07327454,0.4,0.0,0.09135725,0.03305446
375316653866487564,4125270561158194688,0.57980365,2372.0308254989245,2.077694925623321,9.5127625E-6,17.303946,0.006804181,0.22310375,0.0034345852,0.09081953,0.005012143,0.1917959,0.006624198,0.72139347,0.004007294,0.11042338,0.009591838,0.124406755,0.005700657,null,null,null,null,"TWOGAUSSIANS",8,1.9920732,0.22310375,0.0034345852,0.4,0.0,0.17846973,0.003970641,0.72139347,0.004007294,0.4,0.0,0.111071885,0.0032288274
375316653866487564,4125270737281225088,0.5378429,2384.1192141374086,1.9792822601232802,9.46527E-6,18.539965,0.0054286877,0.25009546,0.01155921,0.06510236,0.011143974,0.206234,0.01736886,0.75300986,0.0031831197,0.05165721,0.0030555082,0.36977524,0.016845342,null,null,null,null,"TWOGAUSSIANS",8,3.2753732,0.75300986,0.0031831197,0.28928038,0.017110845,0.3697258,0.016849207,0.25009546,0.01155921,0.3645732,0.062406257,0.20618455,0.01740396
