Gaia/vari_eclipsing_binary/VariEclipsingBinary_348216-348780.csv
# %ECSV 1.0
# ---
# delimiter: ','
# meta: !!omap
# - RELEASE: Gaia DR3
# - TABLE: vari_eclipsing_binary
# - DESCRIPTION: >
#     This table describes the properties of the eclipsing binaries resulting from the variability analysis. 
# - CITATION: >
#     How to cite and acknowledge Gaia: 
#     https://gea.esac.esa.int/archive/documentation/credits.html 
# - KNOWN_ISSUES: >
#     Known issues: 
#     https://www.cosmos.esa.int/web/gaia-users/known-issues 
# - DOCUMENTATION: >
#     Tutorials and documentation: 
#     https://www.cosmos.esa.int/web/gaia-users/archive 
# datatype:
# - 
#   name: solution_id
#   datatype: int64
#   description: Solution Identifier
#   meta:
#     ucd: meta.version
# - 
#   name: source_id
#   datatype: int64
#   description: Unique source identifier
#   meta:
#     ucd: meta.id;meta.main
# - 
#   name: global_ranking
#   datatype: float32
#   description: Number between 0 (worst) and 1 (best)
#   meta:
#     ucd: stat.param
# - 
#   name: reference_time
#   datatype: float64
#   unit: d
#   description: Reference time used for the geometric model fit
#   meta:
#     ucd: time.epoch
# - 
#   name: frequency
#   datatype: float64
#   unit: d**-1
#   description: Frequency of geometric model of the eclipsing binary light curve
#   meta:
#     ucd: src.orbital
# - 
#   name: frequency_error
#   datatype: float32
#   unit: d**-1
#   description: "Uncertainty of \\texttt{frequency}"
#   meta:
#     ucd: stat.error
# - 
#   name: geom_model_reference_level
#   datatype: float32
#   unit: mag
#   description: Magnitude reference level of geometric model
#   meta:
#     ucd: phot.mag;em.opt
# - 
#   name: geom_model_reference_level_error
#   datatype: float32
#   unit: mag
#   description: "Uncertainty of \\texttt{geomModelReferenceLevel}"
#   meta:
#     ucd: stat.error;phot.mag;em.opt
# - 
#   name: geom_model_gaussian1_phase
#   datatype: float32
#   description: Phase of the Gaussian 1 component
#   meta:
#     ucd: time.phase
# - 
#   name: geom_model_gaussian1_phase_error
#   datatype: float32
#   description: "Uncertainty of \\texttt{geomModelGaussian1Phase}"
#   meta:
#     ucd: stat.error;time.phase
# - 
#   name: geom_model_gaussian1_sigma
#   datatype: float32
#   description: "Standard deviation [phase] of Gaussian 1 component"
#   meta:
#     ucd: stat.stdev
# - 
#   name: geom_model_gaussian1_sigma_error
#   datatype: float32
#   description: "Uncertainty of \\texttt{geomModelGaussian1Sigma}"
#   meta:
#     ucd: stat.error
# - 
#   name: geom_model_gaussian1_depth
#   datatype: float32
#   unit: mag
#   description: Magnitude depth of Gaussian 1 component
#   meta:
#     ucd: src.var.amplitude
# - 
#   name: geom_model_gaussian1_depth_error
#   datatype: float32
#   unit: mag
#   description: "Uncertainty of \\texttt{geomModelGaussian1Depth}"
#   meta:
#     ucd: stat.error;src.var.amplitude
# - 
#   name: geom_model_gaussian2_phase
#   datatype: float32
#   description: Phase of Gaussian 2 component
#   meta:
#     ucd: time.phase
# - 
#   name: geom_model_gaussian2_phase_error
#   datatype: float32
#   description: "Uncertainty of \\texttt{geomModelGaussian2Phase}"
#   meta:
#     ucd: stat.error;time.phase
# - 
#   name: geom_model_gaussian2_sigma
#   datatype: float32
[...]
#   datatype: float32
#   description: "Secondary eclipse: uncertainty of \\texttt{derivedSecondaryEclDuration}"
#   meta:
#     ucd: stat.error;time.duration
# - 
#   name: derived_secondary_ecl_depth
#   datatype: float32
#   unit: mag
#   description: "Secondary eclipse: depth"
#   meta:
#     ucd: src.var.amplitude
# - 
#   name: derived_secondary_ecl_depth_error
#   datatype: float32
#   unit: mag
#   description: "Secondary eclipse: uncertainty of \\texttt{derivedSecondaryEclDepth}"
#   meta:
#     ucd: stat.error;src.var.amplitude
solution_id,source_id,global_ranking,reference_time,frequency,frequency_error,geom_model_reference_level,geom_model_reference_level_error,geom_model_gaussian1_phase,geom_model_gaussian1_phase_error,geom_model_gaussian1_sigma,geom_model_gaussian1_sigma_error,geom_model_gaussian1_depth,geom_model_gaussian1_depth_error,geom_model_gaussian2_phase,geom_model_gaussian2_phase_error,geom_model_gaussian2_sigma,geom_model_gaussian2_sigma_error,geom_model_gaussian2_depth,geom_model_gaussian2_depth_error,geom_model_cosine_half_period_amplitude,geom_model_cosine_half_period_amplitude_error,geom_model_cosine_half_period_phase,geom_model_cosine_half_period_phase_error,model_type,num_model_parameters,reduced_chi2,derived_primary_ecl_phase,derived_primary_ecl_phase_error,derived_primary_ecl_duration,derived_primary_ecl_duration_error,derived_primary_ecl_depth,derived_primary_ecl_depth_error,derived_secondary_ecl_phase,derived_secondary_ecl_phase_error,derived_secondary_ecl_duration,derived_secondary_ecl_duration_error,derived_secondary_ecl_depth,derived_secondary_ecl_depth_error
[from data line 109]
375316653866487564,3063734729269338496,0.49855295,2210.401236004455,3.257268958787728,4.076651E-5,19.719248,0.01937987,0.2985632,0.018028704,0.06295062,0.019882105,0.5224322,0.029890534,0.80077624,0.011516305,0.06451505,0.00913976,0.38895965,0.03195888,null,null,null,null,"TWOGAUSSIANS",8,4.1774526,0.2985632,0.018028704,0.35252345,0.05639782,0.5220494,0.029502738,0.80077624,0.011516305,0.36128426,0.051182657,0.38857687,0.031421244
375316653866487564,3063739226098838784,0.57617354,2201.674001995945,0.6093032914316168,2.2573471E-5,17.6338,0.0035890813,0.5376337,0.047849573,0.032013964,0.0404532,0.028451873,0.02591691,0.81827736,1.9286746E-4,0.014738889,2.341626E-4,0.65312845,0.0060498537,0.0019372771,0.006187181,0.81827736,1.9286746E-4,"TWOGAUSSIANS_WITH_ELLIPSOIDAL_ON_ECLIPSE2",9,7.5905538,0.81827736,1.9286746E-4,0.08253778,0.0013113106,0.657003,0.008996218,0.53730375,0.0478555,0.1792782,0.22653793,0.028595256,0.025910215
375316653866487564,3063751702979978624,0.48222077,2209.87543194996,1.3530586375930966,1.4112686E-5,13.12129,8.319114E-4,0.7704156,0.0032086943,0.021928394,0.005511568,0.010654842,0.0021563326,null,null,null,null,null,null,0.02574561,0.0012266057,0.7704156,0.0032086943,"ONEGAUSSIAN_WITH_ELLIPSOIDAL",6,35.745827,0.7704156,0.0032086943,0.12279901,0.03086478,0.062146038,0.0019852815,null,null,null,null,null,null
375316653866487564,3063754825420180352,0.57037693,2223.4571832450847,3.4217603854151,1.0013265E-5,18.295319,0.008612006,0.27968657,0.005654537,0.03894157,0.011664187,0.15053828,0.054788142,0.7647258,0.0055146622,0.045397937,0.0081321,0.35644573,0.04458787,0.1187234,0.012415835,0.27968657,0.005654537,"TWOGAUSSIANS_WITH_ELLIPSOIDAL_ON_ECLIPSE1",9,7.776195,0.76618576,0.004889883,0.25422844,0.04553976,0.592003,0.046960063,0.27968657,0.005654537,0.2180728,0.06531944,0.3879843,0.050742127
375316653866487564,3063759498348208256,0.45992446,2227.1131445981628,1.4914028992606512,6.872804E-5,18.294855,0.0013572747,0.21204454,0.030760994,0.033108953,0.01716464,0.10665002,0.036455136,0.7185089,0.011792767,0.028551035,0.02403503,0.17343107,2.40922325E16,null,null,null,null,"TWOGAUSSIANS",8,1.392084,0.7185089,0.011792767,0.1598858,0.13459615,0.17343107,2.40922325E16,0.21204454,0.030760994,0.18541014,0.09612198,0.10665002,0.036455136
375316653866487564,3063760052396356864,0.50617576,2193.9955785831808,1.1275423870231187,1.4384804E-5,15.7871,0.0015935962,0.2999109,0.0023047898,0.03517837,0.0021595971,0.080745414,0.003338565,0.7973567,0.011726862,0.0959537,0.009471502,0.017174883,0.0021359352,null,null,null,null,"TWOGAUSSIANS",8,6.2598977,0.2999109,0.0023047898,0.19699888,0.012093743,0.08071662,0.0033338806,0.7973567,0.011726862,0.4,0.0,0.017146047,0.0021144026
375316653866487564,3063769432604979584,0.6483859,2237.9980958146953,2.7601122235865607,3.9371516E-6,14.853956,0.011904857,0.30558595,0.002549231,0.050792526,0.0048684906,0.2610192,0.024773564,0.8090808,0.0012754097,0.0535153,0.0065785195,0.265216,0.02322197,0.11864019,0.0147096785,0.8090808,0.0012754097,"TWOGAUSSIANS_WITH_ELLIPSOIDAL_ON_ECLIPSE2",9,47.876915,0.8090808,0.0012754097,0.2996857,0.03683971,0.50248957,0.027826471,0.30613595,0.0021180527,0.28443816,0.027263548,0.4981962,0.0097197285
375316653866487564,3063773487053722368,0.4964674,2205.9323934710073,1.8432236176923087,5.654635E-5,16.396654,0.008658557,0.16927952,0.006009712,0.02354843,0.007022454,0.17195652,0.042660434,0.66694766,0.031016693,0.017861659,0.026316704,0.45224056,0.20087604,null,null,null,null,"TWOGAUSSIANS",8,86.27005,0.66694766,0.031016693,0.100025296,0.14737354,0.45224056,0.20087604,0.16927952,0.006009712,0.13187121,0.039325744,0.17195652,0.042660434
375316653866487564,3063775445558753920,0.5708511,2236.996674092332,3.059209765023257,8.037838E-6,18.061964,0.010457203,0.29039797,0.0022074978,0.094287835,0.0051531363,0.3508929,0.011313248,0.7987906,0.002104685,0.08633904,0.0029090412,0.34275442,0.0114238495,null,null,null,null,"TWOGAUSSIANS",8,3.074288,0.29039797,0.0022074978,0.4,0.0,0.33769083,0.011009935,0.7987906,0.002104685,0.4,0.0,0.3295529,0.008223231
375316653866487564,3063776506415524864,0.62237304,2241.986288495233,2.4252423325800248,4.2469933E-6,17.381897,0.003974451,0.2246032,0.0010775306,0.08152178,0.0013677478,0.3842563,0.0058996454,0.7283574,0.0012435922,0.08914149,0.0019219628,0.3413924,0.0048274887,null,null,null,null,"TWOGAUSSIANS",8,3.2407591,0.2246032,0.0010775306,0.4,0.0,0.3750066,0.0058566956,0.7283574,0.0012435922,0.4,0.0,0.33214262,0.004761948
375316653866487564,3063777060466430464,0.5101464,2195.1995163858646,2.505942346895638,2.4776384E-5,13.219976,1.6256093,0.2205657,0.0064853216,0.20715195,0.080921896,1.4869536,1.5828446,0.7186064,0.006438835,0.17575009,0.030671801,1.3453368,0.8148717,null,null,null,null,"TWOGAUSSIANS",8,669.8635,0.22145571,0.006576431,0.4,0.0,0.33347553,0.013908842,0.7186064,0.006438835,0.4,0.0,0.30634242,0.015008558
375316653866487564,3063778877236623232,0.6429571,2231.4569767581656,0.4743308633782152,6.6094453E-6,13.716122,4.3338008E-4,0.56196433,0.0010084632,0.031884015,0.001200528,0.19779009,0.002069527,null,null,null,null,null,null,null,null,null,null,"ONEGAUSSIAN",5,8.828434,0.56196433,0.0010084632,0.17855048,0.006722957,0.19779009,0.0,null,null,null,null,null,null
375316653866487564,3063779500007815808,0.5941431,2209.609504215752,2.418468308808654,1.0567187E-5,15.447519,0.0980601,0.29531232,0.009128517,0.052023575,0.043934997,0.10552142,0.1738471,0.7859843,0.008168843,0.070682056,0.023091419,0.122747816,0.17845774,0.081694886,0.08076468,0.29531232,0.009128517,"TWOGAUSSIANS_WITH_ELLIPSOIDAL_ON_ECLIPSE1",9,47.431343,0.7891943,0.004344553,0.39581951,0.027253823,0.28562415,0.009118496,0.29531232,0.009128517,0.29133204,0.12583634,0.26876557,0.014590964
375316653866487564,3063780389065985408,0.6445421,2223.3989823240327,0.8960875622377777,5.4955626E-6,17.22479,0.0035473914,0.24558128,6.265911E-4,0.034556415,7.350387E-4,0.7210563,0.0070824795,0.7453187,0.008217894,0.034232907,0.0067738807,0.06678455,0.015086013,null,null,null,null,"TWOGAUSSIANS",8,5.2206564,0.24558128,6.265911E-4,0.19351593,0.004116217,0.7210563,0.0070824795,0.7453187,0.008217894,0.19170429,0.03793373,0.06678455,0.015086013
375316653866487564,3063787883784300160,0.6122203,2202.585587026587,0.6292679618968398,5.8396686E-6,14.188929,0.0025312467,0.33895156,7.4828113E-4,0.029970286,9.009897E-4,0.41512758,0.013008705,0.85099894,0.0063451948,0.016830606,0.00979496,0.043167688,2.7329495,0.008632977,0.0031205108,0.33895156,7.4828113E-4,"TWOGAUSSIANS_WITH_ELLIPSOIDAL_ON_ECLIPSE1",9,30.854433,0.33895156,7.4828113E-4,0.16783361,0.0050455425,0.43239352,0.01374406,0.85099894,0.0063451948,0.094251394,0.054851774,0.060334887,2.7327871
375316653866487564,3063789086375145472,0.45552674,2208.810205250378,0.14430604947144487,8.827648E-5,19.617125,0.01607813,0.24532486,0.0053187404,0.016011497,0.0090631815,0.11891969,0.052891888,0.6041268,0.015443978,0.10683877,0.020250136,0.21839869,0.022398423,null,null,null,null,"TWOGAUSSIANS",8,2.3458073,0.6041268,0.015443978,0.4,0.0,0.21839103,0.022393605,0.24537486,0.0053142477,0.089664385,0.050753817,0.1196892,0.05298052
375316653866487564,3063795988389116672,0.5071984,2259.7089501020637,0.6549129793972313,3.0570936E-5,18.032148,0.0026600312,0.47892287,0.02255474,0.0625996,0.017047571,0.16036573,0.045243055,0.760809,0.03166787,0.04129922,0.06383691,0.0127916625,0.038386915,null,null,null,null,"TWOGAUSSIANS",8,1.9155505,0.47892287,0.022547761,0.35055774,0.051630065,0.16036573,0.0452481,0.760809,0.03166787,0.23127563,0.26688343,0.012798001,0.038369417
375316653866487564,3063800008476414592,0.5555168,2211.5858317206425,3.6113556127817223,8.384428E-6,15.760833,0.011140221,0.28886005,0.0031285374,0.040773563,0.006445906,0.1817747,0.033670098,0.769703,0.0060740323,0.051558405,0.016392956,0.1786449,0.026101744,0.089832574,0.01615531,0.28886005,0.0031285374,"TWOGAUSSIANS_WITH_ELLIPSOIDAL_ON_ECLIPSE1",9,83.30847,0.28886005,0.0031285374,0.22833195,0.036097072,0.3614394,0.028952813,0.773033,0.004365093,0.28872707,0.09180055,0.35616648,0.03460068
375316653866487564,3063802967709548672,0.5264097,2221.727065088446,2.447499554613632,6.597516E-5,13.798729,0.007889939,0.22365397,0.007116222,0.08489399,0.006865064,0.2873698,0.026255244,0.7345235,0.0065625138,0.061979685,0.0066761966,0.1753483,0.019181285,null,null,null,null,"TWOGAUSSIANS",8,749.5709,0.22365397,0.007116222,0.4,0.0,0.28628233,0.026492715,0.7345235,0.0065625138,0.34708622,0.0373867,0.17426088,0.01907091
375316653866487564,3063806502465800704,0.4457537,2241.1054596751455,1.8941477309503267,7.227221E-5,18.47781,0.005958676,0.07637039,0.005557797,0.040410295,0.019606547,0.1410792,0.23395953,0.59705055,0.018799938,0.023570204,0.014669021,0.13587263,0.15030384,null,null,null,null,"TWOGAUSSIANS",8,5.639802,0.07637039,0.005557797,0.22629766,0.109796666,0.1410792,0.23395953,0.59705055,0.018799938,0.13199314,0.08214652,0.13587263,0.15030384
375316653866487564,3063814993618297088,0.5593619,2207.416030083192,3.5245074139863455,4.2498403E-5,17.629745,0.043799076,0.29211947,0.037728336,0.07139366,0.056422867,0.28597072,0.07902929,0.8216714,0.0031573742,0.07495389,0.011374589,0.3682427,0.039943643,null,null,null,null,"TWOGAUSSIANS",8,20.114866,0.8216714,0.00314483,0.4,0.0,0.3673091,0.031225277,0.29211947,0.037728336,0.3998045,0.17973715,0.2850371,0.08427293
375316653866487564,3063820280721365248,0.49474004,2209.1553750213257,1.5302264714717988,1.2760943E-5,12.748586,0.047566548,0.26185927,0.0027829397,0.2152039,0.038150787,0.5145821,0.0687509,0.7583953,0.0032528022,0.20783807,0.035404917,0.47188413,0.086900055,null,null,null,null,"TWOGAUSSIANS",8,57.41113,0.26563928,0.0019585376,0.4,0.0,0.07945101,0.002993291,0.7583953,0.0032528022,0.4,0.0,0.053684182,0.003631015
375316653866487564,3063834887906115840,0.51820165,2259.9285945538422,3.546658703451791,2.4185798E-5,19.71276,0.014693661,0.2432529,0.0058764345,0.07586806,0.009363698,0.5054789,0.021716464,0.7380319,0.00860522,0.08713476,0.009228103,0.52406186,0.03289793,null,null,null,null,"TWOGAUSSIANS",8,3.2869723,0.7380319,0.00860522,0.4,0.0,0.5156286,0.033243693,0.2432529,0.0058764345,0.4,0.014140337,0.49704576,0.022366606
375316653866487564,3063839797052744448,0.5953761,2250.197472737484,0.21285961603925252,1.935338E-5,14.241099,0.0026985558,0.44519395,0.017206702,0.09982393,0.02329458,0.052737672,0.008033312,0.64872414,0.0019670788,0.022279881,0.0027162847,0.5187408,0.036666892,null,null,null,null,"TWOGAUSSIANS",8,223.77104,0.64872414,0.0019670788,0.12476734,0.015211195,0.52533853,0.037643872,0.44519395,0.017206702,0.4,0.0,0.052737296,0.008036543
375316653866487564,3063840557263632000,0.4661339,2216.5258973610394,3.817743955313474,8.9163004E-5,19.054768,0.15112627,0.21466751,0.019108327,0.178143,0.11785183,0.20803057,0.13914694,0.7383555,0.00811144,0.10355619,0.027559288,0.25054008,0.11909158,null,null,null,null,"TWOGAUSSIANS",8,1.9726808,0.74029547,0.008019049,0.4,0.0,0.18444143,0.03929361,0.21462752,0.019065654,0.4,0.0,0.13330321,0.026377447
375316653866487564,3063846948174952192,0.6777219,2255.914795246576,2.2360457031877283,6.294278E-6,15.285775,0.009327021,0.27535775,0.002336882,0.056072827,0.041499037,0.22532263,0.18274081,0.774423,0.0016377296,0.044424687,0.004801013,0.27621207,0.019536747,0.13476656,0.011254832,0.27535775,0.002336882,"TWOGAUSSIANS_WITH_ELLIPSOIDAL_ON_ECLIPSE1",9,31.823565,0.774543,0.0013578989,0.24877824,0.026885672,0.54572606,0.020905541,0.27535775,0.002336882,0.31400782,0.09456831,0.49484468,0.18021607
375316653866487564,3063847154332511232,0.4446716,2272.8416643405176,0.11675098828698716,1.434294E-4,16.569445,0.0012636492,0.23641631,9.553087E-4,0.0016646822,8.848055E-4,0.0969077,0.086149424,0.5548694,0.026347606,0.07206607,0.02009139,0.12793562,0.020573493,null,null,null,null,"TWOGAUSSIANS",8,3.10508,0.5548694,0.026347606,0.4,0.055599194,0.12793562,0.020573495,0.23641631,9.553087E-4,0.00932222,0.004954911,0.09691506,0.086149506
375316653866487564,3063848528722233088,0.5945634,2259.124675597086,3.0346681176002432,1.159202E-5,12.485891,0.0076924306,0.19872208,0.0013799069,0.055568937,0.007992119,0.10705203,0.019017288,0.68217397,0.009452619,0.038929377,0.012409082,0.16330977,0.049348637,0.061170842,0.012653126,0.19872208,0.0013799069,"TWOGAUSSIANS_WITH_ELLIPSOIDAL_ON_ECLIPSE1",9,98.18412,0.68352395,0.009375356,0.2180045,0.06949086,0.2844364,0.062749386,0.19872208,0.0013799069,0.31118605,0.044755865,0.22938907,0.014802053
375316653866487564,3063849662593393664,0.61601627,2172.0325457532754,1.7673118868904378,8.420022E-6,15.59046,0.0072673014,0.20065038,0.0068986663,0.098584965,0.008735611,0.16280574,0.0070838514,0.70733035,0.00622575,0.075086325,0.006711319,0.34870005,0.027969858,null,null,null,null,"TWOGAUSSIANS",8,10.642431,0.70733035,0.00622575,0.4,0.011451413,0.3424489,0.02928378,0.20065038,0.0068986663,0.4,0.0,0.1565537,0.0039940276
375316653866487564,3063855022712565376,0.5055856,2203.374588915533,1.13723039612542,3.7345413E-5,16.450792,0.0032202445,0.24650303,0.019094473,0.05492627,0.02641046,0.03749129,0.006251751,0.73476136,0.0016786939,0.031024443,0.0019378564,0.12719737,0.004442468,null,null,null,null,"TWOGAUSSIANS",8,12.952543,0.73476136,0.0016786939,0.17373689,0.010851996,0.12719737,0.0044423086,0.24650303,0.019094473,0.30758712,0.12138203,0.037491288,0.006252763
375316653866487564,3063864402924696064,0.5973951,2090.8452246103666,3.0081502942690146,4.5412776E-6,16.840342,0.009278682,0.2035834,0.0015129513,0.0464042,0.0040853247,0.2913886,0.02938164,0.71136004,0.006296881,0.04115874,0.008131529,0.30168474,0.021837026,0.14319019,0.01474644,0.2035834,0.0015129513,"TWOGAUSSIANS_WITH_ELLIPSOIDAL_ON_ECLIPSE1",9,17.877697,0.71136004,0.006296881,0.23048894,0.045536563,0.5873816,0.032454476,0.2035834,0.0015129513,0.25986353,0.02287782,0.5777686,0.026326993
375316653866487564,3063864746522059136,0.5293432,2096.7314153707202,0.20103926489047588,3.0835654E-5,16.375902,0.008063049,0.28859574,0.014191705,0.0048042876,0.005264075,0.8330339,0.8128531,0.61551034,0.046699937,0.06330485,0.060956992,0.04071072,0.009525373,null,null,null,null,"TWOGAUSSIANS",8,63.867565,0.28859574,0.014191705,0.026904011,0.02947882,0.833034,0.8128551,0.61551034,0.046699937,0.35450718,0.21717398,0.04071072,0.009525151
375316653866487564,3063869969202318976,0.6240702,2090.2080930323004,2.4897446329122754,6.1843098E-6,15.385194,0.0011417231,0.2649684,0.0019649628,0.02401393,0.011149388,0.006071501,0.0022672499,0.7640819,0.0021221642,0.05065577,0.0024675573,0.11778209,0.009235176,0.057444375,0.0013055995,0.2649684,0.0019649628,"TWOGAUSSIANS_WITH_ELLIPSOIDAL_ON_ECLIPSE1",9,6.7606783,0.76423186,0.001693319,0.2836723,0.013818321,0.2326673,0.0093345065,0.2649684,0.0019649628,0.134478,0.06243657,0.120959684,0.0014231307
375316653866487564,3063879864807091712,0.6124677,2089.906817141474,0.8987469257066677,1.7960043E-5,18.04225,0.0019613674,0.32600865,0.0034058944,0.042243022,0.0021341695,0.50162363,0.024223214,0.5682863,0.027165528,0.024856314,0.018138353,0.012337191,0.009561739,0.0025266155,0.00305154,0.32600865,0.0034058944,"TWOGAUSSIANS_WITH_ELLIPSOIDAL_ON_ECLIPSE1",9,2.021369,0.32600865,0.0034058944,0.23656094,0.011951349,0.50667685,0.02398805,0.5682863,0.027165528,0.13919537,0.10157478,0.012349102,0.009512557
375316653866487564,3063888523461013120,0.62793213,2106.102813584162,3.0978866071925553,5.900049E-6,17.568888,0.0086230235,0.2840721,0.0018796186,0.051515445,0.0045380774,0.24493626,0.022242632,0.7794034,0.0020261526,0.053847324,0.0034803008,0.33253685,0.021475604,0.102525964,0.011616374,0.2840721,0.0018796186,"TWOGAUSSIANS_WITH_ELLIPSOIDAL_ON_ECLIPSE1",9,5.468282,0.77998334,0.001710175,0.30154502,0.019489685,0.53742766,0.014363729,0.2840721,0.0018796186,0.2884865,0.025413234,0.44998166,0.010728422
