Gaia/vari_eclipsing_binary/VariEclipsingBinary_608731-608813.csv
# %ECSV 1.0
# ---
# delimiter: ','
# meta: !!omap
# - RELEASE: Gaia DR3
# - TABLE: vari_eclipsing_binary
# - DESCRIPTION: >
#     This table describes the properties of the eclipsing binaries resulting from the variability analysis. 
# - CITATION: >
#     How to cite and acknowledge Gaia: 
#     https://gea.esac.esa.int/archive/documentation/credits.html 
# - KNOWN_ISSUES: >
#     Known issues: 
#     https://www.cosmos.esa.int/web/gaia-users/known-issues 
# - DOCUMENTATION: >
#     Tutorials and documentation: 
#     https://www.cosmos.esa.int/web/gaia-users/archive 
# datatype:
# - 
#   name: solution_id
#   datatype: int64
#   description: Solution Identifier
#   meta:
#     ucd: meta.version
# - 
#   name: source_id
#   datatype: int64
#   description: Unique source identifier
#   meta:
#     ucd: meta.id;meta.main
# - 
#   name: global_ranking
#   datatype: float32
#   description: Number between 0 (worst) and 1 (best)
#   meta:
#     ucd: stat.param
# - 
#   name: reference_time
#   datatype: float64
#   unit: d
#   description: Reference time used for the geometric model fit
#   meta:
#     ucd: time.epoch
# - 
#   name: frequency
#   datatype: float64
#   unit: d**-1
#   description: Frequency of geometric model of the eclipsing binary light curve
#   meta:
#     ucd: src.orbital
# - 
#   name: frequency_error
#   datatype: float32
#   unit: d**-1
#   description: "Uncertainty of \\texttt{frequency}"
#   meta:
#     ucd: stat.error
# - 
#   name: geom_model_reference_level
#   datatype: float32
#   unit: mag
#   description: Magnitude reference level of geometric model
#   meta:
#     ucd: phot.mag;em.opt
# - 
#   name: geom_model_reference_level_error
#   datatype: float32
#   unit: mag
#   description: "Uncertainty of \\texttt{geomModelReferenceLevel}"
#   meta:
#     ucd: stat.error;phot.mag;em.opt
# - 
#   name: geom_model_gaussian1_phase
#   datatype: float32
#   description: Phase of the Gaussian 1 component
#   meta:
#     ucd: time.phase
# - 
#   name: geom_model_gaussian1_phase_error
#   datatype: float32
#   description: "Uncertainty of \\texttt{geomModelGaussian1Phase}"
#   meta:
#     ucd: stat.error;time.phase
# - 
#   name: geom_model_gaussian1_sigma
#   datatype: float32
#   description: "Standard deviation [phase] of Gaussian 1 component"
#   meta:
#     ucd: stat.stdev
# - 
#   name: geom_model_gaussian1_sigma_error
#   datatype: float32
#   description: "Uncertainty of \\texttt{geomModelGaussian1Sigma}"
#   meta:
#     ucd: stat.error
# - 
#   name: geom_model_gaussian1_depth
#   datatype: float32
#   unit: mag
#   description: Magnitude depth of Gaussian 1 component
#   meta:
#     ucd: src.var.amplitude
# - 
#   name: geom_model_gaussian1_depth_error
#   datatype: float32
#   unit: mag
#   description: "Uncertainty of \\texttt{geomModelGaussian1Depth}"
#   meta:
#     ucd: stat.error;src.var.amplitude
# - 
#   name: geom_model_gaussian2_phase
#   datatype: float32
#   description: Phase of Gaussian 2 component
#   meta:
#     ucd: time.phase
# - 
#   name: geom_model_gaussian2_phase_error
#   datatype: float32
#   description: "Uncertainty of \\texttt{geomModelGaussian2Phase}"
#   meta:
#     ucd: stat.error;time.phase
# - 
#   name: geom_model_gaussian2_sigma
#   datatype: float32
[...]
#   datatype: float32
#   description: "Secondary eclipse: uncertainty of \\texttt{derivedSecondaryEclDuration}"
#   meta:
#     ucd: stat.error;time.duration
# - 
#   name: derived_secondary_ecl_depth
#   datatype: float32
#   unit: mag
#   description: "Secondary eclipse: depth"
#   meta:
#     ucd: src.var.amplitude
# - 
#   name: derived_secondary_ecl_depth_error
#   datatype: float32
#   unit: mag
#   description: "Secondary eclipse: uncertainty of \\texttt{derivedSecondaryEclDepth}"
#   meta:
#     ucd: stat.error;src.var.amplitude
solution_id,source_id,global_ranking,reference_time,frequency,frequency_error,geom_model_reference_level,geom_model_reference_level_error,geom_model_gaussian1_phase,geom_model_gaussian1_phase_error,geom_model_gaussian1_sigma,geom_model_gaussian1_sigma_error,geom_model_gaussian1_depth,geom_model_gaussian1_depth_error,geom_model_gaussian2_phase,geom_model_gaussian2_phase_error,geom_model_gaussian2_sigma,geom_model_gaussian2_sigma_error,geom_model_gaussian2_depth,geom_model_gaussian2_depth_error,geom_model_cosine_half_period_amplitude,geom_model_cosine_half_period_amplitude_error,geom_model_cosine_half_period_phase,geom_model_cosine_half_period_phase_error,model_type,num_model_parameters,reduced_chi2,derived_primary_ecl_phase,derived_primary_ecl_phase_error,derived_primary_ecl_duration,derived_primary_ecl_duration_error,derived_primary_ecl_depth,derived_primary_ecl_depth_error,derived_secondary_ecl_phase,derived_secondary_ecl_phase_error,derived_secondary_ecl_duration,derived_secondary_ecl_duration_error,derived_secondary_ecl_depth,derived_secondary_ecl_depth_error
[from data line 682]
375316653866487564,5355061981676093696,0.5898134,2112.4861258755236,3.3685141364095865,5.8334044E-6,18.307076,0.009681534,0.1636227,0.0021624344,0.047164176,0.003802731,0.37044376,0.039880276,0.66165906,0.0034470726,0.041028243,0.0042635663,0.2644204,0.02087722,0.1312298,0.012674869,0.1636227,0.0021624344,"TWOGAUSSIANS_WITH_ELLIPSOIDAL_ON_ECLIPSE1",9,5.0524096,0.1636227,0.0021624344,0.2641194,0.021295292,0.6329026,0.03489455,0.6618891,0.0030345272,0.22975816,0.02387597,0.52684397,0.015096935
375316653866487564,5355064111983969408,0.43886876,2106.0734513069565,0.6278327520387884,2.3783778E-5,19.635195,0.021965912,0.21100298,0.012806159,0.084352136,0.019633044,0.10299834,0.026504848,0.6981948,0.014433417,0.0752903,0.019954551,0.15520474,0.027239578,null,null,null,null,"TWOGAUSSIANS",8,2.4514148,0.6981948,0.014433417,0.4,0.011691683,0.15377598,0.024871822,0.21100298,0.012806159,0.4,0.0,0.10156957,0.023442421
375316653866487564,5355066585883475456,0.533136,2086.0364211343717,2.982708043590936,8.502547E-6,19.035212,0.01515788,0.29709724,0.0055986014,0.08347218,0.0070112753,0.37759247,0.020357208,0.79918176,0.005036979,0.07806423,0.008824914,0.38850984,0.017236987,null,null,null,null,"TWOGAUSSIANS",8,2.7666795,0.79918176,0.005036979,0.4,0.0,0.38240093,0.015061331,0.29709724,0.0055986014,0.4,0.0,0.37148353,0.019225996
375316653866487564,5355067341797721856,0.5392132,2081.3348676613396,2.7007092051659893,1.507036E-5,19.112425,0.01820917,0.29016343,0.0037140043,0.08781201,0.007743607,0.45055544,0.024886405,0.78938955,0.0051794797,0.09317229,0.0073127784,0.4129142,0.01897785,null,null,null,null,"TWOGAUSSIANS",8,2.4819062,0.29016343,0.0037140043,0.4,0.0,0.4318294,0.027086029,0.78938955,0.0051794797,0.4,0.0,0.39418775,0.01601158
375316653866487564,5355068754852893056,0.54027003,2100.2114008804724,0.47981512567045814,1.5949676E-5,14.813558,0.0015143304,0.25321794,0.005547044,0.035217516,0.01180414,0.018048447,0.0036144182,0.75070125,0.002478224,0.036633417,0.002547122,0.096102715,0.0069154976,0.01193956,0.0020991736,0.25321794,0.005547044,"TWOGAUSSIANS_WITH_ELLIPSOIDAL_ON_ECLIPSE1",9,19.343744,0.7507613,0.0023812368,0.20514713,0.014263883,0.11997598,0.0068211504,0.25321794,0.005547044,0.19721809,0.06610318,0.041927524,0.0028482962
375316653866487564,5355073255978799232,0.55074006,2143.192580058193,2.533124194713239,9.579851E-6,16.665667,0.014666221,0.28035465,0.003628549,0.09390451,0.0068018623,0.24305001,0.015503992,0.7773013,0.003957037,0.10392619,0.008774648,0.22767115,0.012330515,null,null,null,null,"TWOGAUSSIANS",8,15.58774,0.28035465,0.003628549,0.4,0.0,0.2245659,0.012327247,0.7773013,0.003957037,0.4,0.0,0.20918305,0.00937216
375316653866487564,5355073324698277120,0.5358202,2110.4856347315895,2.5718498765484386,1.14613085E-5,19.407623,0.011585585,0.2161159,0.0044908123,0.075971805,0.0053958828,0.3651994,0.017845588,0.7228697,0.0069117085,0.08887854,0.009428402,0.36841232,0.011965586,null,null,null,null,"TWOGAUSSIANS",8,1.8607057,0.7228697,0.0069117085,0.4,0.0,0.3619226,0.0118861785,0.2161159,0.0044908123,0.4,0.0,0.35870978,0.017235786
375316653866487564,5355073943173432192,0.60000885,2144.602923011026,0.22588614462098097,1.1279329E-5,12.946383,4.990638E-4,0.49649137,0.0068045263,0.03685213,0.0083074635,0.016749604,0.0122461235,0.81684107,5.791943E-6,0.0046832515,1.2391626E-5,0.1888504,5.0286425E-4,null,null,null,null,"TWOGAUSSIANS",8,13.17634,0.81684107,5.791943E-6,0.02622621,6.939311E-5,0.1888504,5.0286425E-4,0.49649137,0.0068045263,0.20637192,0.046521794,0.016749604,0.0122461235
375316653866487564,5355074286770830848,0.5181145,2146.6310078852075,0.5314687122704018,2.1241507E-5,19.392014,0.0031207495,0.3302845,1.4013807E-4,0.012503653,1.6319293E-4,0.35435167,0.0033350883,0.8221317,0.009551855,0.023414666,0.0044443263,0.50962377,0.21874943,null,null,null,null,"TWOGAUSSIANS",8,1.0522418,0.8221317,0.009551855,0.13112213,0.024888227,0.50962377,0.21874943,0.3302845,1.4013807E-4,0.07002045,9.138804E-4,0.35435167,0.0033350883
375316653866487564,5355076932470663936,0.45343667,2131.5548610548026,2.7249431105923994,2.1791868E-5,19.389982,0.060279902,0.2490595,0.008831755,0.08983476,0.035682462,0.15831889,0.054791126,0.7511534,0.013511787,0.08752608,0.032419857,0.14606094,0.0594415,null,null,null,null,"TWOGAUSSIANS",8,3.0567703,0.2490595,0.008831755,0.4,0.0,0.15278544,0.021767618,0.7511534,0.013511787,0.4,0.0,0.14052753,0.024220102
375316653866487564,5355079406371746432,0.45072973,2122.400167950144,3.0251561677692753,4.5197412E-5,12.934801,0.006414032,0.03662205,0.0066054007,0.008898364,0.008750619,0.051218413,2.0782242,0.48678666,0.0045184284,0.05434752,0.006634041,0.22769886,0.021685917,null,null,null,null,"TWOGAUSSIANS",8,1594.4182,0.48678666,0.0045184284,0.3043461,0.03715063,0.22769886,0.021685917,0.03662205,0.0066054007,0.04983084,0.049003467,0.051218413,2.0782242
375316653866487564,5355081910324500864,0.60993254,2111.275512299709,1.3480476285621579,3.2974596E-5,17.750193,0.0025064843,0.4703013,0.0012609544,0.025835564,8.533333E-4,0.79618126,0.014772864,null,null,null,null,null,null,null,null,null,null,"ONEGAUSSIAN",5,5.347691,0.4703013,0.0012609544,0.14467916,0.0047786664,0.79618126,0.0,null,null,null,null,null,null
375316653866487564,5355085792975004800,0.5866968,2109.3290169045013,1.6943362661174064,1.0378263E-5,18.118671,0.0025869135,0.2760943,0.004326018,0.06653754,0.009075194,0.10224148,0.024942294,0.77198863,0.0019573607,0.05269012,0.00283147,0.44492072,0.03806469,null,null,null,null,"TWOGAUSSIANS",8,3.4948487,0.77198863,0.0019573607,0.29506466,0.015856232,0.4448707,0.03808475,0.2760943,0.004326018,0.37261018,0.05082108,0.10219147,0.024977548
375316653866487564,5355086003441304064,0.5217058,2135.663581101316,0.4103137868402229,2.2852575E-5,14.477703,8.425342E-4,0.38704696,0.004813421,0.02521335,0.0033903285,0.10358766,0.012625337,0.88255996,0.005747587,0.016439773,0.007243588,0.024893606,0.0098652765,null,null,null,null,"TWOGAUSSIANS",8,18.884645,0.38704696,0.004813421,0.14119476,0.01898584,0.10358766,0.012625337,0.88255996,0.005747587,0.092062734,0.040564094,0.024893606,0.0098652765
375316653866487564,5355091840289254016,0.5167207,2120.20636147233,1.9221020561748297,7.3327847E-6,17.314533,0.006982444,0.26849663,0.0035757641,0.039194643,0.0047228322,0.27758056,0.034062687,0.75942796,0.013022358,0.026587699,0.0047752177,0.84682775,0.2695076,0.015016068,0.011146113,0.26849663,0.0035757641,"TWOGAUSSIANS_WITH_ELLIPSOIDAL_ON_ECLIPSE1",9,30.892498,0.759448,0.013003538,0.1488911,0.026741218,0.8767627,0.26832786,0.26849663,0.0035757641,0.21949,0.02644786,0.3076127,0.035603344
375316653866487564,5355095177491526400,0.5816548,2127.2980240305023,0.2522228505104144,4.0785748E-5,12.064868,5.8916083E-4,0.22893776,1.5547463E-4,0.0075550918,3.1799416E-4,0.30180636,0.033335812,0.7284449,9.80665E-5,0.010440715,2.2320631E-4,0.062998734,7.633465E-4,0.0026362222,8.084704E-4,0.22893776,1.5547463E-4,"TWOGAUSSIANS_WITH_ELLIPSOIDAL_ON_ECLIPSE1",9,23.954456,0.22893776,1.5547463E-4,0.042308513,0.0017807672,0.30707878,0.034485124,0.7284449,9.80665E-5,0.058468003,0.0012499554,0.06827113,0.0011070614
375316653866487564,5355096066537167488,0.6036345,2101.4955055616742,3.2537300662119346,4.2187107E-6,18.385044,0.0082004275,0.25991258,0.0022865485,0.050295725,0.0030961244,0.38168827,0.02849771,0.76042116,0.0028210885,0.04468338,0.0033107218,0.31108776,0.02184834,0.13790902,0.009295301,0.25991258,0.0022865485,"TWOGAUSSIANS_WITH_ELLIPSOIDAL_ON_ECLIPSE1",9,3.2705019,0.25991258,0.0022865485,0.28165606,0.017338296,0.6575045,0.029650033,0.76042116,0.0027316634,0.2502269,0.018540043,0.5869012,0.018791245
375316653866487564,5355096203977077504,0.62596846,2136.1340869526944,0.7337699032618609,1.980971E-6,17.576443,0.0020537276,0.24588755,5.7675334E-4,0.02792232,3.927942E-4,0.5501549,0.010026868,0.7458572,0.004774659,0.0294002,0.009476426,0.5136022,0.887876,null,null,null,null,"TWOGAUSSIANS",8,3.0233972,0.24588755,5.7675334E-4,0.15636499,0.0021996475,0.5501549,0.010026868,0.7458572,0.004774659,0.16464111,0.053067982,0.5136022,0.887876
375316653866487564,5355097170357766400,0.6212791,2170.860528957432,4.240053593679945,1.0053064E-6,16.201572,6.78067E-4,0.1723697,7.9978514E-7,0.0075584333,9.15896E-6,0.43252543,6.732418E-4,null,null,null,null,null,null,null,null,null,null,"ONEGAUSSIAN",5,4.451793,0.1723697,7.9978514E-7,0.04232723,5.1290175E-5,0.43252543,0.0,null,null,null,null,null,null
375316653866487564,5355097788832880384,0.5423526,2132.1438758308,0.025768059390530954,1.0051283E-6,17.016096,0.0025532441,0.14169142,1.8839338E-6,3.8027822E-4,6.562721E-6,1.8764226,0.09759091,0.5202539,0.0037052387,0.009470266,0.0040004672,0.15287554,0.35320336,null,null,null,null,"TWOGAUSSIANS",8,9.463199,0.14169142,1.8839338E-6,0.002129558,3.6751237E-5,1.8764226,0.09759091,0.5202539,0.0037052387,0.05303349,0.022402616,0.15287554,0.35320336
375316653866487564,5355098098070534656,0.69940764,2140.8949101545045,0.3363703335115845,1.4021957E-6,14.20619,9.653858E-4,0.18997742,4.290226E-4,0.017494384,5.2177964E-4,0.44404435,0.012284823,0.6904577,0.006510501,0.016843077,0.002118176,0.43649024,0.12709896,null,null,null,null,"TWOGAUSSIANS",8,23.900887,0.18997742,4.290226E-4,0.097968556,0.002921966,0.44404435,0.012284823,0.6904577,0.006510501,0.094321236,0.011861786,0.43649024,0.12709896
375316653866487564,5355099128862728064,0.5222208,2133.821132848045,1.5709239459998745,1.29806585E-5,19.015919,0.0055228453,0.29980657,0.009927751,0.028342256,0.0051403684,0.5018201,0.04666855,0.8357922,9.342272E-4,0.013333328,0.0011610944,0.24340385,0.005444029,null,null,null,null,"TWOGAUSSIANS",8,3.9578617,0.29980657,0.009927751,0.15871663,0.028786063,0.5018201,0.04666855,0.8357922,9.342272E-4,0.074666634,0.0065021287,0.24340385,0.005444029
375316653866487564,5355099575529726208,0.45233658,2090.4134477889656,1.6883100156437973,2.4867442E-5,18.745983,0.014020913,0.25278565,0.005466086,0.09160305,0.008561787,0.24661303,0.016889121,0.76477087,0.0050389958,0.08191133,0.011856764,0.24769044,0.030051902,null,null,null,null,"TWOGAUSSIANS",8,3.9938529,0.76477087,0.0050389958,0.4,0.0,0.24134314,0.032823607,0.25278565,0.005466086,0.4,0.0,0.24026552,0.014861006
375316653866487564,5355101770255225600,0.4728226,2111.366438320221,2.1362521183281453,4.2393753E-5,18.481922,0.023664001,0.25886357,0.0068990677,0.10435825,0.017492756,0.13370739,0.021836523,0.7543282,0.008789961,0.111707665,0.024397483,0.12861049,0.023068825,null,null,null,null,"TWOGAUSSIANS",8,2.7103136,0.25887355,0.0068983748,0.4,0.0,0.116578154,0.007969318,0.7543282,0.008789961,0.4,0.0,0.11147242,0.0151092
375316653866487564,5355103286390878208,0.5730672,2137.4998646369945,0.4626593031007552,1.378962E-5,15.356836,0.001158599,0.5512015,4.3496164E-4,0.0046709767,3.1778007E-4,0.23533525,0.021933202,0.7537405,0.0026938578,0.015177188,0.002759119,0.32077184,0.13179985,null,null,null,null,"TWOGAUSSIANS",8,18.330606,0.7537405,0.0026938578,0.08499225,0.015451066,0.32077184,0.13179985,0.5512015,4.3496164E-4,0.02615747,0.0017795684,0.23533525,0.021933202
375316653866487564,5355103389470300544,0.5299903,2135.7825751551545,1.881141414648338,4.8518405E-6,16.686716,0.0038349256,0.17619361,0.0013064581,0.027777053,0.0024744042,0.21978098,0.03162024,0.6721541,0.017980745,0.026718564,0.0148160085,0.26690477,1.0651214,0.013269872,0.005101774,0.17619361,0.0013064581,"TWOGAUSSIANS_WITH_ELLIPSOIDAL_ON_ECLIPSE1",9,14.834621,0.67217416,0.017958166,0.14962396,0.08296965,0.29342747,1.0688885,0.17619361,0.0013064581,0.1555515,0.013856663,0.24632066,0.0320252
375316653866487564,5355103561268782464,0.50565946,2113.7719405309895,2.426799160431804,2.3353481E-5,14.318588,0.0019578987,0.77349126,0.00582983,0.016756315,0.007826221,0.045947626,0.025571015,null,null,null,null,null,null,0.044696648,0.0033351437,0.77349126,0.00582983,"ONEGAUSSIAN_WITH_ELLIPSOIDAL",6,95.88649,0.77349126,0.00582983,0.09383536,0.043826837,0.13534091,0.025985466,null,null,null,null,null,null
375316653866487564,5355105034433209472,0.4526318,2172.953810413118,3.3301640638111136,2.2817387E-5,19.234447,0.0046586837,0.29471466,0.0056177354,0.060815506,0.054746814,0.008746571,0.076074086,null,null,null,null,null,null,0.07685305,0.006910852,0.29471466,0.0056177354,"ONEGAUSSIAN_WITH_ELLIPSOIDAL",6,3.089635,0.29471466,0.0056177354,0.34056684,0.2920114,0.16245061,0.07760737,null,null,null,null,null,null
375316653866487564,5355105451045395072,0.451049,2129.1227493867204,3.698302141471009,1.713562E-5,19.874813,0.0138177425,0.24294196,0.00873469,0.06467513,0.008781645,0.69338936,0.15803477,0.7569122,0.016670896,0.06234959,0.016127294,0.40650472,0.08455026,null,null,null,null,"TWOGAUSSIANS",8,4.11262,0.24294196,0.00873469,0.3621807,0.048132133,0.6930927,0.15829463,0.7569122,0.016670896,0.34915772,0.09031284,0.40620813,0.084722504
375316653866487564,5355106275688371456,0.44111824,2145.0640669041973,1.3258488551356113,6.0435035E-5,14.9121895,0.005822574,0.49320155,0.022716915,0.122047864,0.023072952,0.117116585,0.010918975,0.17605855,0.0017514853,0.015983187,0.006588559,2.5334935,31.204666,null,null,null,null,"TWOGAUSSIANS",8,371.04526,0.17606854,0.0017542207,0.089505844,0.03689593,2.5374439,31.205938,0.49320155,0.022716915,0.4,0.0,0.11706347,0.010920967
375316653866487564,5355106653645479936,0.64336747,2131.1366511277583,2.8062620111361443,3.5793391E-6,17.473028,0.004623889,0.25576094,0.0013958567,0.044724695,0.0027652583,0.37373158,0.04779199,0.7569738,0.0010433064,0.0505736,0.0016034665,0.36431214,0.011047956,0.10284069,0.0073051946,0.25576094,0.0013958567,"TWOGAUSSIANS_WITH_ELLIPSOIDAL_ON_ECLIPSE1",9,4.0460124,0.25576094,0.0013958567,0.2504583,0.015485446,0.57941085,0.047801383,0.7569738,0.0010405517,0.28321216,0.008979413,0.5699794,0.0067921807
375316653866487564,5355107542690749568,0.5126486,2144.0843196530145,0.635829192474591,7.3770454E-5,17.826803,0.0018172251,0.23728143,0.004633507,0.031566363,0.005344673,0.19058628,0.022346457,0.7446423,0.017397316,0.046044424,0.019332608,0.031339377,0.007118511,null,null,null,null,"TWOGAUSSIANS",8,1.9801366,0.23728143,0.004633507,0.17677163,0.029930169,0.19058628,0.022346457,0.7446423,0.017397316,0.25784877,0.108262606,0.031339377,0.007118513
375316653866487564,5355108474711659776,0.588469,2136.728063854063,0.20859816667280826,1.2671173E-5,16.853441,0.0018679696,0.31712127,0.005376727,0.02109641,0.0031601496,0.6080152,0.10745949,0.8264224,0.008417204,0.011775598,0.0055727833,0.035063893,0.12763949,0.024791673,0.0032236895,0.31712127,0.005376727,"TWOGAUSSIANS_WITH_ELLIPSOIDAL_ON_ECLIPSE1",9,8.537742,0.31712127,0.005376727,0.11813989,0.017696837,0.65759856,0.10698421,0.8264224,0.008417204,0.065943345,0.031207588,0.08447809,0.12760332
375316653866487564,5355111395289185152,0.506389,2143.689766511028,0.6450165803915413,1.46449E-5,17.352446,0.0060548824,0.49559605,0.0027438372,0.06609426,0.0041462327,0.16984516,0.007409315,0.798697,0.039727375,0.0119014345,0.0070981737,0.025043782,0.0069286707,null,null,null,null,"TWOGAUSSIANS",8,6.6231613,0.49559605,0.0027438372,0.37012783,0.023218902,0.16984516,0.007409315,0.798697,0.039727375,0.066648036,0.03974977,0.025048388,0.0068973163
375316653866487564,5355111773246156672,0.5879618,2134.716927668484,2.941116030715558,4.1813905E-6,15.376124,0.0028639904,0.20740537,0.009354232,0.040018126,0.011045455,0.034113746,0.0076666563,0.7358461,0.001264548,0.05432491,0.010398388,0.045564402,0.008614305,0.08497472,0.004477875,0.7358461,0.001264548,"TWOGAUSSIANS_WITH_ELLIPSOIDAL_ON_ECLIPSE2",9,25.47217,0.7358461,0.001264548,0.30421948,0.05823097,0.21551257,0.007525938,0.21860537,0.007236924,0.22410151,0.06185455,0.20076518,0.0056828787
