Gaia/vari_eclipsing_binary/VariEclipsingBinary_462548-462560.csv
# %ECSV 1.0
# ---
# delimiter: ','
# meta: !!omap
# - RELEASE: Gaia DR3
# - TABLE: vari_eclipsing_binary
# - DESCRIPTION: >
#     This table describes the properties of the eclipsing binaries resulting from the variability analysis. 
# - CITATION: >
#     How to cite and acknowledge Gaia: 
#     https://gea.esac.esa.int/archive/documentation/credits.html 
# - KNOWN_ISSUES: >
#     Known issues: 
#     https://www.cosmos.esa.int/web/gaia-users/known-issues 
# - DOCUMENTATION: >
#     Tutorials and documentation: 
#     https://www.cosmos.esa.int/web/gaia-users/archive 
# datatype:
# - 
#   name: solution_id
#   datatype: int64
#   description: Solution Identifier
#   meta:
#     ucd: meta.version
# - 
#   name: source_id
#   datatype: int64
#   description: Unique source identifier
#   meta:
#     ucd: meta.id;meta.main
# - 
#   name: global_ranking
#   datatype: float32
#   description: Number between 0 (worst) and 1 (best)
#   meta:
#     ucd: stat.param
# - 
#   name: reference_time
#   datatype: float64
#   unit: d
#   description: Reference time used for the geometric model fit
#   meta:
#     ucd: time.epoch
# - 
#   name: frequency
#   datatype: float64
#   unit: d**-1
#   description: Frequency of geometric model of the eclipsing binary light curve
#   meta:
#     ucd: src.orbital
# - 
#   name: frequency_error
#   datatype: float32
#   unit: d**-1
#   description: "Uncertainty of \\texttt{frequency}"
#   meta:
#     ucd: stat.error
# - 
#   name: geom_model_reference_level
#   datatype: float32
#   unit: mag
#   description: Magnitude reference level of geometric model
#   meta:
#     ucd: phot.mag;em.opt
# - 
#   name: geom_model_reference_level_error
#   datatype: float32
#   unit: mag
#   description: "Uncertainty of \\texttt{geomModelReferenceLevel}"
#   meta:
#     ucd: stat.error;phot.mag;em.opt
# - 
#   name: geom_model_gaussian1_phase
#   datatype: float32
#   description: Phase of the Gaussian 1 component
#   meta:
#     ucd: time.phase
# - 
#   name: geom_model_gaussian1_phase_error
#   datatype: float32
#   description: "Uncertainty of \\texttt{geomModelGaussian1Phase}"
#   meta:
#     ucd: stat.error;time.phase
# - 
#   name: geom_model_gaussian1_sigma
#   datatype: float32
#   description: "Standard deviation [phase] of Gaussian 1 component"
#   meta:
#     ucd: stat.stdev
# - 
#   name: geom_model_gaussian1_sigma_error
#   datatype: float32
#   description: "Uncertainty of \\texttt{geomModelGaussian1Sigma}"
#   meta:
#     ucd: stat.error
# - 
#   name: geom_model_gaussian1_depth
#   datatype: float32
#   unit: mag
#   description: Magnitude depth of Gaussian 1 component
#   meta:
#     ucd: src.var.amplitude
# - 
#   name: geom_model_gaussian1_depth_error
#   datatype: float32
#   unit: mag
#   description: "Uncertainty of \\texttt{geomModelGaussian1Depth}"
#   meta:
#     ucd: stat.error;src.var.amplitude
# - 
#   name: geom_model_gaussian2_phase
#   datatype: float32
#   description: Phase of Gaussian 2 component
#   meta:
#     ucd: time.phase
# - 
#   name: geom_model_gaussian2_phase_error
#   datatype: float32
#   description: "Uncertainty of \\texttt{geomModelGaussian2Phase}"
#   meta:
#     ucd: stat.error;time.phase
# - 
#   name: geom_model_gaussian2_sigma
#   datatype: float32
[...]
#   datatype: float32
#   description: "Secondary eclipse: uncertainty of \\texttt{derivedSecondaryEclDuration}"
#   meta:
#     ucd: stat.error;time.duration
# - 
#   name: derived_secondary_ecl_depth
#   datatype: float32
#   unit: mag
#   description: "Secondary eclipse: depth"
#   meta:
#     ucd: src.var.amplitude
# - 
#   name: derived_secondary_ecl_depth_error
#   datatype: float32
#   unit: mag
#   description: "Secondary eclipse: uncertainty of \\texttt{derivedSecondaryEclDepth}"
#   meta:
#     ucd: stat.error;src.var.amplitude
solution_id,source_id,global_ranking,reference_time,frequency,frequency_error,geom_model_reference_level,geom_model_reference_level_error,geom_model_gaussian1_phase,geom_model_gaussian1_phase_error,geom_model_gaussian1_sigma,geom_model_gaussian1_sigma_error,geom_model_gaussian1_depth,geom_model_gaussian1_depth_error,geom_model_gaussian2_phase,geom_model_gaussian2_phase_error,geom_model_gaussian2_sigma,geom_model_gaussian2_sigma_error,geom_model_gaussian2_depth,geom_model_gaussian2_depth_error,geom_model_cosine_half_period_amplitude,geom_model_cosine_half_period_amplitude_error,geom_model_cosine_half_period_phase,geom_model_cosine_half_period_phase_error,model_type,num_model_parameters,reduced_chi2,derived_primary_ecl_phase,derived_primary_ecl_phase_error,derived_primary_ecl_duration,derived_primary_ecl_duration_error,derived_primary_ecl_depth,derived_primary_ecl_depth_error,derived_secondary_ecl_phase,derived_secondary_ecl_phase_error,derived_secondary_ecl_duration,derived_secondary_ecl_duration_error,derived_secondary_ecl_depth,derived_secondary_ecl_depth_error
[from data line 369]
375316653866487564,4068687257664322432,0.4762218,2514.7234096234833,4.05114856476397,1.5604053E-5,19.625639,0.009426014,0.29325995,0.0023664047,0.031232534,0.002927551,0.3073141,0.028273568,0.9138074,0.005858668,0.0067934287,0.005069443,0.16297086,0.006941091,null,null,null,null,"TWOGAUSSIANS",8,1.3325968,0.29325995,0.0023664047,0.17490219,0.016394285,0.3073141,0.028273568,0.9138074,0.005858668,0.0380432,0.028388882,0.16297086,0.006941091
375316653866487564,4068687321972839936,0.5925104,2394.219368902236,0.10254948055550156,1.0366679E-6,17.56665,0.0022497335,0.181935,3.621105E-6,0.0032936654,2.800845E-5,0.32451108,0.001943643,null,null,null,null,null,null,null,null,null,null,"ONEGAUSSIAN",5,2.4793417,0.181935,3.621105E-6,0.018444527,1.5684731E-4,0.32451108,0.0,null,null,null,null,null,null
375316653866487564,4068687566850366976,0.46704367,2523.359328839073,4.051307494089482,9.4518684E-5,19.531115,0.01453444,0.313291,0.004758429,0.041342914,0.006784714,0.35582867,0.04722757,0.89508563,0.01720648,0.07870798,0.029701727,0.12322022,0.038014628,null,null,null,null,"TWOGAUSSIANS",8,2.270883,0.313291,0.004758429,0.23152031,0.037994396,0.3558261,0.04722768,0.89508563,0.01720648,0.4,0.05790707,0.123217575,0.038021628
375316653866487564,4068687601210233856,0.42424688,2496.4620048937622,1.9570334220017191,6.59951E-5,18.968128,0.00605554,0.19031663,0.015633162,0.03934137,0.013831218,0.09756019,0.023192735,0.7736094,0.020587217,0.08069642,0.022286942,0.14413615,0.044587806,null,null,null,null,"TWOGAUSSIANS",8,4.5978827,0.7736094,0.020587217,0.4,0.0,0.14413437,0.04459967,0.19031663,0.015633162,0.22031169,0.07745482,0.09755864,0.02319387
375316653866487564,4068687876140192640,0.67430097,2421.0327872334024,1.5715553886375362,1.8601962E-6,15.397601,0.005005341,0.17184898,4.8798422E-4,0.050804555,0.0022300095,0.19064792,0.011172146,0.67177296,0.0017175549,0.055128474,0.0032987182,0.17033459,0.010380674,0.09876697,0.006020396,0.17184898,4.8798422E-4,"TWOGAUSSIANS_WITH_ELLIPSOIDAL_ON_ECLIPSE1",9,10.351482,0.17184898,4.8798422E-4,0.28450552,0.012488054,0.38817498,0.0071508368,0.671793,0.0014356694,0.30871946,0.018472822,0.36786163,0.0046390295
375316653866487564,4068687906088504064,0.5717677,2373.6644642792567,1.9158262932658936,1.066042E-5,16.623667,0.0026727887,0.23756059,0.0025002777,0.07593397,0.0037175051,0.14159681,0.0057274327,0.7275202,0.0030738248,0.08816086,0.004714128,0.22408217,0.009552842,null,null,null,null,"TWOGAUSSIANS",8,5.6643996,0.7275202,0.0030738248,0.4,0.0,0.22120121,0.01007935,0.23756059,0.0025002777,0.4,0.0,0.13871591,0.005930435
375316653866487564,4068688047885378176,0.4371471,2363.9331728910347,3.4922246514657425,8.140641E-5,19.868671,0.061163127,0.03656093,0.036303535,0.044252027,0.06523308,0.079075985,0.0772536,0.42071962,0.028351706,0.19197908,0.062039573,0.22782385,0.05743961,null,null,null,null,"TWOGAUSSIANS",8,2.6239254,0.42071962,0.028351706,0.4,0.0,0.21129632,0.040028214,0.04466093,0.06055175,0.24781135,0.32758904,0.095841736,0.08538376
375316653866487564,4068688116605099264,0.49732012,2437.979486100368,2.506972767604397,1.8591732E-5,19.301609,0.034077033,0.2866926,0.007683735,0.0857827,0.018078273,0.2925713,0.042358086,0.777672,0.00740567,0.10265631,0.016828813,0.3194169,0.027666552,null,null,null,null,"TWOGAUSSIANS",8,2.5039165,0.777672,0.00740567,0.4,0.0,0.30350402,0.018771473,0.2866926,0.007693487,0.4,0.0,0.27666327,0.046107262
375316653866487564,4068688185324716928,0.52672523,2390.148447832962,2.4202385494797527,1.988117E-5,16.644613,0.0291299,0.23177893,0.004607824,0.11188613,0.020327872,0.13988714,0.023935692,0.7319047,0.0056767603,0.11862858,0.018616088,0.15910289,0.028020643,null,null,null,null,"TWOGAUSSIANS",8,8.695045,0.7319047,0.0056767603,0.4,0.0,0.13072538,0.005567143,0.23177893,0.004624787,0.4,0.0,0.11154091,0.009554381
375316653866487564,4068688387125004928,0.51637566,2383.6408336799605,1.7934654417218179,7.873836E-6,17.870113,0.0057001156,0.26459113,0.008094851,0.07825388,0.009360155,0.17267244,0.025208099,0.76364535,0.0016537855,0.084073134,0.002883446,0.36812854,0.012772237,null,null,null,null,"TWOGAUSSIANS",8,5.5506964,0.76364535,0.0016537855,0.4,0.0,0.36379096,0.013207919,0.26459113,0.008094851,0.4,0.0,0.16833487,0.02609551
375316653866487564,4068688563285218304,0.4755861,2410.0815211838444,2.745246581494692,2.588369E-5,19.661394,0.018399129,0.24811617,0.011689234,0.08356795,0.015472683,0.38960904,0.034863684,0.758099,0.008241493,0.08240727,0.011232875,0.39960393,0.035866708,null,null,null,null,"TWOGAUSSIANS",8,4.6564927,0.758099,0.008241493,0.4,0.0,0.39257333,0.036722664,0.24811617,0.011689234,0.4,0.0,0.38257843,0.036538612
375316653866487564,4068688597641089664,0.57148594,2371.129483799521,2.439946106123049,7.528277E-6,17.858288,0.020893218,0.21795334,0.0036983688,0.042060405,0.0044223857,0.3289923,0.05942304,0.720494,0.006444347,0.046001047,0.017497115,0.29812497,0.093515255,0.119404726,0.025316365,0.21795334,0.0036983688,"TWOGAUSSIANS_WITH_ELLIPSOIDAL_ON_ECLIPSE1",9,8.313889,0.21795334,0.0036983688,0.23553826,0.02476536,0.5678016,0.022480903,0.720494,0.0058918856,0.25760585,0.097983845,0.5368734,0.13186312
375316653866487564,4068688597641154944,0.4566639,2389.30793104937,1.1368276000612936,2.1672873E-5,19.486498,0.02103287,0.2455011,0.0076869316,0.084443346,0.016943924,0.21069685,0.027014496,0.75080544,0.010176812,0.089433834,0.017080693,0.15952416,0.025049591,null,null,null,null,"TWOGAUSSIANS",8,3.1959105,0.2455011,0.0076869316,0.4,0.0,0.20535564,0.028257288,0.75080544,0.010176812,0.4,0.0,0.15418291,0.022146309
375316653866487564,4068688700773271040,0.5139025,2376.628581459101,0.9049633864585115,3.114349E-5,14.327813,0.0049127406,0.25380698,0.008306439,0.028106282,0.0056907823,0.2466821,0.054267887,0.75723004,0.0016535545,0.033161253,0.0029356685,0.21738465,0.012211767,0.01939101,0.0082774665,0.25380698,0.008306439,"TWOGAUSSIANS_WITH_ELLIPSOIDAL_ON_ECLIPSE1",9,345.162,0.25380698,0.008306439,0.15739517,0.03186838,0.28546405,0.053724714,0.75723004,0.0016535545,0.18570301,0.016439743,0.25614867,0.012826705
375316653866487564,4068689044321651072,0.42945105,2494.4682287314513,2.0415883759051474,5.6719353E-5,19.68706,0.2107329,0.31040663,0.010502157,0.22741017,0.08405243,0.45712942,0.17954247,0.7118379,0.0024143646,0.03533823,0.003132017,0.32246965,0.034270033,null,null,null,null,"TWOGAUSSIANS",8,3.1564689,0.31040663,0.010502157,0.4,0.0,0.37328842,0.0476437,0.7118379,0.0024143646,0.1978941,0.017539294,0.34913078,0.041330997
375316653866487564,4068689594074406656,0.5115656,2366.912455217586,2.1747268625894676,7.2963417E-6,17.408806,0.012354269,0.2814975,0.0028977583,0.049380995,0.0053428104,0.15709125,0.038894624,0.76383024,0.010228069,0.04359494,0.015600889,0.12326083,0.02583905,0.1245874,0.0226895,0.2814975,0.0028977583,"TWOGAUSSIANS_WITH_ELLIPSOIDAL_ON_ECLIPSE1",9,19.34699,0.2814975,0.0028977583,0.27653357,0.02991974,0.40626553,0.018760692,0.7679403,0.008575969,0.24413167,0.08736498,0.37008488,0.022634804
375316653866487564,4068690453069264768,0.4466604,2517.8935964923558,4.045266308002136,3.3656284E-5,19.187754,0.005744643,0.531405,0.018067304,0.037397567,0.040393934,0.036260817,0.07035837,0.72457826,0.0059589427,0.015940076,0.0031621435,0.27099907,0.052376688,0.03393054,0.0073915236,0.531405,0.018067304,"TWOGAUSSIANS_WITH_ELLIPSOIDAL_ON_ECLIPSE1",9,3.337206,0.72457826,0.0059589427,0.08926442,0.017708004,0.27928904,0.052406687,0.531405,0.018067304,0.20942637,0.21060783,0.10412186,0.07069738
375316653866487564,4068690487430840576,0.4496754,2402.599479806721,4.413027499954708,1.2866862E-4,18.88816,0.015962783,0.29522687,0.022610314,0.07548868,0.031157909,0.4522096,0.3814246,0.8063494,0.0107955625,0.029039642,0.014960291,0.54962593,5.9934816,null,null,null,null,"TWOGAUSSIANS",8,7.357442,0.8063494,0.0107955625,0.16262199,0.08377763,0.5496204,5.993492,0.29522687,0.022610314,0.4,0.12394936,0.45220408,0.3814377
375316653866487564,4068690624867862528,0.5393185,2421.0560506851316,1.099528996150508,1.22178635E-5,19.889816,0.015405828,0.2582072,0.013714837,0.051720425,0.008993259,0.32633168,0.039206386,0.75481194,0.0032115576,0.054094855,0.0031111035,0.6626967,0.02852104,null,null,null,null,"TWOGAUSSIANS",8,1.941626,0.75481194,0.0032115576,0.3029312,0.01742218,0.66268533,0.028512511,0.2582072,0.013714837,0.28963438,0.050362248,0.3263203,0.039197054
375316653866487564,4068690689261712256,0.47855145,2405.873759283755,0.9948504090888644,3.544844E-5,18.491379,0.021449251,0.3087556,0.004628201,0.08832022,0.010987039,0.22233573,0.021846358,0.82437855,0.009919369,0.08888046,0.020850787,0.16630524,0.02250994,null,null,null,null,"TWOGAUSSIANS",8,7.757862,0.3087556,0.004628201,0.4,0.0,0.21676956,0.01846364,0.82437855,0.009919369,0.4,5.2504614E-4,0.16073908,0.020288652
375316653866487564,4068690762306652800,0.43051282,2493.3191585547092,4.084561467732789,1.0023478E-4,19.248676,0.012901116,0.22965692,0.03621041,0.050619636,0.022759343,0.09817508,0.029850893,0.6225448,0.02348678,0.07039388,0.019830527,0.2608298,0.05184138,null,null,null,null,"TWOGAUSSIANS",8,8.119571,0.6225448,0.02348678,0.39420575,0.09024302,0.26082864,0.051842324,0.22965692,0.03621041,0.28346997,0.12745231,0.09817395,0.02985119
375316653866487564,4068690762306746624,0.4850116,2418.9395344335717,2.317353853006408,5.495565E-5,19.70557,0.030236878,0.29265767,0.009245573,0.085242875,0.009925778,0.42578265,0.04662885,0.7928452,0.009450681,0.07163078,0.016437303,0.44631508,0.08515685,null,null,null,null,"TWOGAUSSIANS",8,4.532455,0.7928452,0.009450681,0.4,0.060921825,0.44094428,0.088450335,0.29265767,0.009245573,0.4,0.0,0.42041185,0.04370803
375316653866487564,4068691037185119744,0.48533323,2453.690201116502,3.2458382463694004,3.4997618E-5,19.595055,0.124335356,0.16273281,0.0023775792,0.019486468,0.005053985,0.1883917,0.12964465,0.51553947,0.0074176197,0.24191725,0.058836363,0.34235513,0.1193912,null,null,null,null,"TWOGAUSSIANS",8,1.2330832,0.51553947,0.0074176197,0.4,0.0,0.26159573,0.016915765,0.16396281,0.002316617,0.10912423,0.028302316,0.23563497,0.12789437
375316653866487564,4068691208984209792,0.48448008,2386.260361569096,0.6543819329045136,3.4248635E-5,18.861818,0.0031007899,0.21069773,0.020469254,0.05408791,0.015052869,0.062794805,0.021343084,0.71958697,0.018814554,0.052160345,0.011574924,0.24013886,0.021156264,null,null,null,null,"TWOGAUSSIANS",8,2.2339535,0.71958697,0.018814554,0.29209793,0.064819574,0.24013636,0.021158013,0.21069773,0.020469254,0.3028923,0.08429606,0.0627923,0.02134595
375316653866487564,4068691312063419008,0.42555353,2486.278177962067,4.124634927345855,2.9168634E-5,19.851389,0.011359332,0.2983943,0.0063089593,0.0100599695,0.0058019096,0.19598018,2.8370817,0.8754799,0.0334242,0.042643152,0.02687102,0.3739982,0.6207044,null,null,null,null,"TWOGAUSSIANS",8,4.019676,0.8754799,0.0334242,0.23880166,0.1504777,0.3739982,0.6207044,0.2983943,0.0063089593,0.05633583,0.032490693,0.19598018,2.8370817
375316653866487564,4068691376422411904,0.59489876,2434.178083727291,2.828463436348849,1.2402022E-5,18.077719,0.01289663,0.26491046,0.0028128563,0.051377207,0.0054107276,0.37475485,0.04444777,0.75672156,0.0029032365,0.051814612,0.004443198,0.30567586,0.030182647,0.10757776,0.015290304,0.26491046,0.0028128563,"TWOGAUSSIANS_WITH_ELLIPSOIDAL_ON_ECLIPSE1",9,6.9836087,0.26491046,0.0028128563,0.28771237,0.030300075,0.58990633,0.04025034,0.75778157,0.0023667847,0.29016182,0.024881909,0.520332,0.021920234
375316653866487564,4068691690071421568,0.47008717,2453.8189024042035,1.1887434497173024,3.2598873E-5,19.641441,0.012948482,0.18473032,0.033984292,0.028989239,0.05551439,0.06779377,0.034271087,0.71088904,0.0040153703,0.030955704,0.0047491137,0.5388067,0.11920197,null,null,null,null,"TWOGAUSSIANS",8,4.1154385,0.71088904,0.0040153703,0.17335194,0.026595036,0.5388067,0.11920198,0.18473032,0.033984292,0.16233975,0.3108806,0.06779377,0.03427131
375316653866487564,4068691724380236928,0.4614358,2404.602295128155,0.9424175570665814,2.1677315E-5,17.709568,0.007258621,0.13602883,0.014043637,0.033072434,0.014894381,0.31245312,0.5244671,0.623793,0.0027938953,0.023133721,0.0037712674,0.49794525,0.15562832,null,null,null,null,"TWOGAUSSIANS",8,32.92935,0.623793,0.0027938953,0.12954883,0.021119097,0.49794525,0.15562832,0.13602883,0.014043637,0.18520564,0.083408535,0.31245312,0.5244671
375316653866487564,4068691930539016960,0.43066534,2528.6321506361255,3.8496675450605813,1.7763816E-5,19.193277,0.0052015036,0.18958627,0.013874175,0.040580552,0.0076235225,0.1841068,0.032047708,0.62122506,0.025673153,0.03812612,0.017230768,0.08019465,0.045788277,null,null,null,null,"TWOGAUSSIANS",8,3.3829517,0.18958627,0.013874175,0.2272511,0.042691726,0.1841068,0.032047708,0.62122506,0.025673153,0.21350627,0.096492305,0.08019465,0.045788277
375316653866487564,4068692205466822400,0.43771243,2522.217220250341,4.099805304987096,7.214376E-5,19.68441,0.034344003,0.25591964,0.01217058,0.074576475,0.020510474,0.21815938,0.03841097,0.72337973,0.049405295,0.11241839,0.03239233,0.13544315,0.044442717,null,null,null,null,"TWOGAUSSIANS",8,3.45326,0.25593966,0.012128397,0.4,0.030549623,0.2126943,0.039870936,0.72337973,0.049405295,0.4,0.0,0.12995243,0.039912123
375316653866487564,4068692239775223680,0.4338674,2513.1662717122394,3.943360270653863,2.745694E-4,19.352568,0.014461588,0.2708648,0.0044968394,0.03570211,0.006742709,0.30196285,0.05819114,0.8248074,0.026840055,0.038564242,0.014522662,0.12775749,0.15525772,null,null,null,null,"TWOGAUSSIANS",8,3.6691751,0.2708648,0.0044968394,0.19993182,0.03775917,0.30196285,0.05819114,0.8248074,0.026840055,0.21595976,0.08132691,0.12775749,0.15525772
375316653866487564,4068692377214120960,0.4699228,2443.8657418565776,0.38211624286272483,1.8434335E-5,19.05758,0.006153693,0.06655751,0.008531041,0.013148193,0.006859579,0.033935044,0.008662174,0.5526779,0.002614433,0.030699518,0.005007388,0.26752743,0.05445534,null,null,null,null,"TWOGAUSSIANS",8,3.0111532,0.5526779,0.002614433,0.1719173,0.028041372,0.26752743,0.05445534,0.06655751,0.008531041,0.07362988,0.038413644,0.033935044,0.008662174
375316653866487564,4068692445933846016,0.44437388,2471.967213947426,2.0626834590798167,5.2989013E-5,18.531563,0.0110270195,0.13964508,0.017135931,0.039740827,0.019175097,0.11302022,0.029884486,0.62582844,0.006616805,0.039914984,0.012379248,0.13839793,0.025974546,null,null,null,null,"TWOGAUSSIANS",8,3.1703188,0.62582844,0.006616805,0.22352391,0.069323786,0.13839793,0.025974542,0.13964508,0.017135931,0.22254862,0.10738054,0.11302022,0.029884515
375316653866487564,4068692716452878208,0.6512605,2401.531435311352,3.1990786123162507,7.799012E-6,17.160315,0.009059606,0.27127752,0.0015102259,0.043479506,0.0029722538,0.47796258,0.029664595,0.77294856,0.0023239811,0.048044693,0.0022812164,0.68183696,0.024003366,0.10842841,0.01451666,0.27127752,0.0015102259,"TWOGAUSSIANS_WITH_ELLIPSOIDAL_ON_ECLIPSE1",9,11.825364,0.77294856,0.0022952526,0.26905027,0.012774812,0.8986686,0.0106088845,0.27127752,0.0015102259,0.24348524,0.016644621,0.69481814,0.028731648
375316653866487564,4068693133129295872,0.46649247,2419.2501310382186,0.18794605264689773,4.802794E-5,19.323158,0.013115403,0.4239705,0.010862567,0.032373272,0.012557823,0.7232638,0.38486022,0.90889555,0.012765315,0.041041747,0.030330433,0.3716218,0.5345174,null,null,null,null,"TWOGAUSSIANS",8,6.052347,0.4239705,0.010862567,0.18129031,0.07032381,0.7232638,0.38486025,0.90889555,0.012765315,0.2298338,0.16985042,0.3716218,0.53451794
