Gaia/vari_eclipsing_binary/VariEclipsingBinary_466142-466158.csv
# %ECSV 1.0
# ---
# delimiter: ','
# meta: !!omap
# - RELEASE: Gaia DR3
# - TABLE: vari_eclipsing_binary
# - DESCRIPTION: >
#     This table describes the properties of the eclipsing binaries resulting from the variability analysis. 
# - CITATION: >
#     How to cite and acknowledge Gaia: 
#     https://gea.esac.esa.int/archive/documentation/credits.html 
# - KNOWN_ISSUES: >
#     Known issues: 
#     https://www.cosmos.esa.int/web/gaia-users/known-issues 
# - DOCUMENTATION: >
#     Tutorials and documentation: 
#     https://www.cosmos.esa.int/web/gaia-users/archive 
# datatype:
# - 
#   name: solution_id
#   datatype: int64
#   description: Solution Identifier
#   meta:
#     ucd: meta.version
# - 
#   name: source_id
#   datatype: int64
#   description: Unique source identifier
#   meta:
#     ucd: meta.id;meta.main
# - 
#   name: global_ranking
#   datatype: float32
#   description: Number between 0 (worst) and 1 (best)
#   meta:
#     ucd: stat.param
# - 
#   name: reference_time
#   datatype: float64
#   unit: d
#   description: Reference time used for the geometric model fit
#   meta:
#     ucd: time.epoch
# - 
#   name: frequency
#   datatype: float64
#   unit: d**-1
#   description: Frequency of geometric model of the eclipsing binary light curve
#   meta:
#     ucd: src.orbital
# - 
#   name: frequency_error
#   datatype: float32
#   unit: d**-1
#   description: "Uncertainty of \\texttt{frequency}"
#   meta:
#     ucd: stat.error
# - 
#   name: geom_model_reference_level
#   datatype: float32
#   unit: mag
#   description: Magnitude reference level of geometric model
#   meta:
#     ucd: phot.mag;em.opt
# - 
#   name: geom_model_reference_level_error
#   datatype: float32
#   unit: mag
#   description: "Uncertainty of \\texttt{geomModelReferenceLevel}"
#   meta:
#     ucd: stat.error;phot.mag;em.opt
# - 
#   name: geom_model_gaussian1_phase
#   datatype: float32
#   description: Phase of the Gaussian 1 component
#   meta:
#     ucd: time.phase
# - 
#   name: geom_model_gaussian1_phase_error
#   datatype: float32
#   description: "Uncertainty of \\texttt{geomModelGaussian1Phase}"
#   meta:
#     ucd: stat.error;time.phase
# - 
#   name: geom_model_gaussian1_sigma
#   datatype: float32
#   description: "Standard deviation [phase] of Gaussian 1 component"
#   meta:
#     ucd: stat.stdev
# - 
#   name: geom_model_gaussian1_sigma_error
#   datatype: float32
#   description: "Uncertainty of \\texttt{geomModelGaussian1Sigma}"
#   meta:
#     ucd: stat.error
# - 
#   name: geom_model_gaussian1_depth
#   datatype: float32
#   unit: mag
#   description: Magnitude depth of Gaussian 1 component
#   meta:
#     ucd: src.var.amplitude
# - 
#   name: geom_model_gaussian1_depth_error
#   datatype: float32
#   unit: mag
#   description: "Uncertainty of \\texttt{geomModelGaussian1Depth}"
#   meta:
#     ucd: stat.error;src.var.amplitude
# - 
#   name: geom_model_gaussian2_phase
#   datatype: float32
#   description: Phase of Gaussian 2 component
#   meta:
#     ucd: time.phase
# - 
#   name: geom_model_gaussian2_phase_error
#   datatype: float32
#   description: "Uncertainty of \\texttt{geomModelGaussian2Phase}"
#   meta:
#     ucd: stat.error;time.phase
# - 
#   name: geom_model_gaussian2_sigma
#   datatype: float32
[...]
#   datatype: float32
#   description: "Secondary eclipse: uncertainty of \\texttt{derivedSecondaryEclDuration}"
#   meta:
#     ucd: stat.error;time.duration
# - 
#   name: derived_secondary_ecl_depth
#   datatype: float32
#   unit: mag
#   description: "Secondary eclipse: depth"
#   meta:
#     ucd: src.var.amplitude
# - 
#   name: derived_secondary_ecl_depth_error
#   datatype: float32
#   unit: mag
#   description: "Secondary eclipse: uncertainty of \\texttt{derivedSecondaryEclDepth}"
#   meta:
#     ucd: stat.error;src.var.amplitude
solution_id,source_id,global_ranking,reference_time,frequency,frequency_error,geom_model_reference_level,geom_model_reference_level_error,geom_model_gaussian1_phase,geom_model_gaussian1_phase_error,geom_model_gaussian1_sigma,geom_model_gaussian1_sigma_error,geom_model_gaussian1_depth,geom_model_gaussian1_depth_error,geom_model_gaussian2_phase,geom_model_gaussian2_phase_error,geom_model_gaussian2_sigma,geom_model_gaussian2_sigma_error,geom_model_gaussian2_depth,geom_model_gaussian2_depth_error,geom_model_cosine_half_period_amplitude,geom_model_cosine_half_period_amplitude_error,geom_model_cosine_half_period_phase,geom_model_cosine_half_period_phase_error,model_type,num_model_parameters,reduced_chi2,derived_primary_ecl_phase,derived_primary_ecl_phase_error,derived_primary_ecl_duration,derived_primary_ecl_duration_error,derived_primary_ecl_depth,derived_primary_ecl_depth_error,derived_secondary_ecl_phase,derived_secondary_ecl_phase_error,derived_secondary_ecl_duration,derived_secondary_ecl_duration_error,derived_secondary_ecl_depth,derived_secondary_ecl_depth_error
[from data line 489]
375316653866487564,4100338172931485696,0.5004554,2256.3667552272077,2.27596799661675,4.5313052E-5,17.974228,0.034297336,0.25879106,0.024182726,0.08000376,0.039958768,0.2124991,0.039688084,0.77025944,0.008746628,0.08782352,0.01551411,0.22463512,0.035994474,null,null,null,null,"TWOGAUSSIANS",8,9.355416,0.77025944,0.008746628,0.4,0.0,0.22043043,0.020871516,0.25879106,0.024182726,0.4,0.0,0.20829445,0.025163738
375316653866487564,4100338177264213760,0.4616293,2315.5098572431066,1.429831633432058,4.94616E-5,18.782503,1.120453,0.17223038,0.04038944,0.1652845,0.1430766,0.5948597,1.0956166,0.57731575,0.049060345,0.13255529,0.049845964,0.7082458,0.62230664,null,null,null,null,"TWOGAUSSIANS",8,10.166273,0.57731575,0.049060345,0.4,0.0,0.5658229,0.17612135,0.18053038,0.028286302,0.4,0.0,0.42930254,0.18929267
375316653866487564,4100338482168165504,0.50880015,2256.396566527542,2.3835108991935843,1.3673436E-5,16.412146,0.011742723,0.17894456,0.0057778982,0.077215925,0.01566133,0.092629,0.010177624,0.68234444,0.0042833043,0.07302997,0.009161894,0.100864805,0.011380697,null,null,null,null,"TWOGAUSSIANS",8,7.917036,0.68234444,0.0042833043,0.4,0.017615046,0.10016026,0.009910535,0.17894456,0.0057778982,0.4,0.0,0.09192446,0.009247938
375316653866487564,4100338486538999168,0.5121816,2273.3246964129153,2.533018682270361,1.4977142E-5,18.53248,0.11599308,0.29706576,0.007525867,0.10619272,0.035231277,0.25496402,0.10783601,0.8017967,0.0073867203,0.11022035,0.02991319,0.30316007,0.11896686,null,null,null,null,"TWOGAUSSIANS",8,2.014774,0.8017967,0.0074907066,0.4,0.0,0.26649415,0.030543284,0.29705575,0.007496042,0.4,0.0,0.21831109,0.026546078
375316653866487564,4100338516528030592,0.56843525,2273.861561907082,2.6902433138117083,1.28367865E-5,18.705809,0.010528578,0.35327318,0.0022656573,0.070358194,0.004180789,0.44917786,0.033702593,0.84820706,0.0056712115,0.069348454,0.0050042286,0.56043184,0.033493258,null,null,null,null,"TWOGAUSSIANS",8,3.600913,0.84820706,0.0056712115,0.38835135,0.028023679,0.5589767,0.03347308,0.35327318,0.0022656573,0.3940059,0.020101855,0.44772273,0.034172952
375316653866487564,4100339031928090752,0.45871493,2383.81684402056,0.08037902326687692,6.704542E-5,17.190979,0.008535334,0.04270634,0.008081249,0.059597436,0.011387802,0.022932414,0.009699431,0.3861076,0.016036164,0.09230175,0.025865871,0.06863074,0.008975291,null,null,null,null,"TWOGAUSSIANS",8,2.2279665,0.3861076,0.016036164,0.4,0.0,0.068623126,0.008995852,0.04313634,0.007988325,0.33374566,0.06377169,0.022993123,0.009777781
375316653866487564,4100339173702570752,0.5127202,2329.764193330316,3.430727381314524,8.190152E-5,19.552813,0.046165537,0.17251101,0.019744517,0.048366383,0.03768922,0.19943576,9.461153,0.559576,0.015389578,0.18992928,0.036568858,0.24829184,0.044535313,null,null,null,null,"TWOGAUSSIANS",8,1.0359595,0.559576,0.015389578,0.4,0.0,0.22938055,0.024418797,0.17631102,0.01788399,0.27085176,0.21105963,0.2135973,9.462357
375316653866487564,4100339208057984000,0.46467632,2232.1433660885245,0.41037168127583007,7.489386E-5,18.993208,0.0133193815,0.770309,0.004113017,0.014007146,0.0067513287,0.057587996,0.012763156,0.43907252,0.016605785,0.17880166,0.025169712,0.16926107,0.013934605,null,null,null,null,"TWOGAUSSIANS",8,2.0868218,0.43907252,0.016605785,0.4,0.0,0.16247636,0.010761747,0.769229,0.006225533,0.07844002,0.037807442,0.081557974,0.00861761
375316653866487564,4100339616040002816,0.57047653,2272.9577992722657,1.4560273321079087,4.2549003E-5,17.825237,0.005647279,0.17849733,0.009232936,0.066716224,0.009780652,0.116866365,0.012743105,0.6802804,0.0066124485,0.07416119,0.010587742,0.2690868,0.039630912,null,null,null,null,"TWOGAUSSIANS",8,3.676259,0.6802804,0.0066124485,0.4,0.0016045021,0.26845375,0.040366255,0.17849733,0.009232936,0.37361085,0.053237338,0.11623332,0.012798311
375316653866487564,4100340097076611456,0.53363514,2264.063616664357,1.8665790799798407,4.3006057E-5,18.536674,0.044777963,0.2948831,0.011582657,0.09885351,0.02058093,0.3281777,0.048665658,0.8046033,0.0044957474,0.08829387,0.016807793,0.37042928,0.022209212,null,null,null,null,"TWOGAUSSIANS",8,5.6537395,0.8046033,0.00450426,0.4,0.0,0.35345012,0.03201766,0.2948831,0.0115827415,0.4,0.0,0.3111966,0.040759683
375316653866487564,4100340238851258624,0.487552,2346.6880942600133,0.833888211344925,4.4000564E-5,19.66752,0.046127804,0.3381362,0.014749696,0.05832393,0.02012953,0.21054605,0.048874233,0.80112725,0.016152592,0.057964075,0.02150937,0.20951673,0.057733383,null,null,null,null,"TWOGAUSSIANS",8,1.6747012,0.3381362,0.014749696,0.32661402,0.11272537,0.21053621,0.048646852,0.80112725,0.016152592,0.32459882,0.12045247,0.2095069,0.05755244
375316653866487564,4100340445044001024,0.60725564,2243.0240341458525,1.2902416756186976,4.854888E-6,16.686848,0.015886623,0.25482535,0.0053069284,0.09719926,0.011080655,0.19187488,0.019310864,0.74787503,0.0023253942,0.097127534,0.0065089175,0.27740675,0.013700481,null,null,null,null,"TWOGAUSSIANS",8,4.2221155,0.74787503,0.0023253942,0.4,0.0,0.26209694,0.0075518535,0.25482535,0.0053069284,0.4,0.0,0.17656535,0.017609067
375316653866487564,4100340681209501696,0.53342664,2236.491247132996,0.6476532286879647,9.623963E-6,18.837587,0.003957984,0.24206679,0.026912007,0.054839425,0.025684388,0.08252519,0.022991838,0.7456375,0.0035489425,0.041933052,0.0026617504,0.2846816,0.01961081,null,null,null,null,"TWOGAUSSIANS",8,1.5916665,0.7456375,0.0035489425,0.23482509,0.014905803,0.28468123,0.019610817,0.24206679,0.026912007,0.30710077,0.14383258,0.08252483,0.022991875
375316653866487564,4100340857330839168,0.46788085,2375.9258311044387,4.762257262148617,2.5561513E-4,19.77862,0.0313488,0.12578966,0.044255916,0.11855361,0.027139502,0.107017525,0.034760866,0.67442393,8.929067E-4,0.033995256,0.003842563,0.39250746,0.034635913,null,null,null,null,"TWOGAUSSIANS",8,2.8387349,0.67443395,8.944335E-4,0.19037342,0.021518352,0.39222354,0.034587264,0.12578966,0.044255916,0.4,0.0,0.10665503,0.034513485
375316653866487564,4100340891685640960,0.46716318,2364.797302748786,3.3452085607822646,5.8535552E-5,19.690248,0.0761687,0.27411315,0.010568534,0.0977562,0.036650307,0.24840416,0.06340809,0.76908785,0.017416975,0.101362534,0.029822001,0.26891977,0.084549956,null,null,null,null,"TWOGAUSSIANS",8,1.9889923,0.76908785,0.017416975,0.4,0.0,0.24818248,0.058402203,0.27411315,0.010577949,0.4,0.0,0.22766866,0.0430859
375316653866487564,4100340994764051968,0.60531574,2258.2815898419726,3.458964654757883,1.1166871E-5,18.844122,0.008335019,0.2724017,0.0025412384,0.067580506,0.0021978691,0.8730051,0.023398299,0.75559986,0.004972494,0.07666345,0.006812972,0.7048868,0.039634682,null,null,null,null,"TWOGAUSSIANS",8,3.0892296,0.2724017,0.0025412384,0.37845084,0.012308067,0.87047035,0.02345742,0.75559986,0.004972494,0.4,0.0057065575,0.70235205,0.040563766
375316653866487564,4100340994764385152,0.49166858,2312.565540818735,0.23816981884602434,3.950655E-5,19.777136,0.122041225,0.31217664,0.014913172,0.12358766,0.07127726,0.19892327,0.09910723,0.7857285,0.0061274413,0.09875279,0.02444706,0.336018,0.10396174,null,null,null,null,"TWOGAUSSIANS",8,1.4237977,0.7857285,0.0061274413,0.4,0.0,0.3063601,0.03894353,0.31218666,0.014856026,0.4,0.0,0.16911721,0.031914882
375316653866487564,4100340994807504256,0.43656227,2244.5998002285874,0.20525546290693686,3.4082655E-5,16.602608,0.0064531495,0.17919916,0.006881339,0.06745889,0.015820758,0.07456336,0.06449682,null,null,null,null,null,null,0.22888783,0.006218146,0.17919916,0.006881339,"ONEGAUSSIAN_WITH_ELLIPSOIDAL",6,106.28933,0.17919916,0.006881339,0.37776977,0.07129566,0.5322614,0.063200034,null,null,null,null,null,null
375316653866487564,4100341063487874944,0.527958,2252.9646024709587,2.267011928581737,3.9552342E-5,17.93504,0.013285156,0.08319508,0.0025484997,0.07947356,0.0063272733,0.35411572,0.018440612,0.5786298,0.006845825,0.0741286,0.005425188,0.38428798,0.019793624,null,null,null,null,"TWOGAUSSIANS",8,11.0000515,0.5786298,0.006845825,0.4,0.0,0.38094735,0.018592672,0.08319508,0.0025484997,0.4,0.0,0.3507751,0.018715868
375316653866487564,4100341922478945408,0.5103274,2289.616383488255,0.06795990799654862,4.302253E-5,19.120125,0.13753864,0.385405,0.048845053,0.0482955,0.098367095,0.2797494,0.11886382,0.8313035,0.014112722,0.07487816,0.038560778,0.21551664,0.13737483,null,null,null,null,"TWOGAUSSIANS",8,3.6811576,0.385405,0.04886378,0.27045482,0.14299421,0.27973065,0.13561241,0.8313035,0.014219437,0.4,0.011163735,0.2154979,0.041407093
375316653866487564,4100342021222506624,0.56189513,2245.770637820833,2.837695721706839,1.4837544E-5,18.190954,0.009144251,0.3091247,0.0027496072,0.0921332,0.0064263167,0.22337908,0.008186097,0.807986,0.005327751,0.08014274,0.00652537,0.26542422,0.0108657675,null,null,null,null,"TWOGAUSSIANS",8,1.8965507,0.807986,0.005327751,0.4,0.0,0.25841463,0.009207963,0.3091247,0.0027496072,0.4,0.0,0.2163693,0.006332507
375316653866487564,4100342025591984000,0.51741683,2316.85978627667,2.3957229900564543,4.9271745E-5,19.49181,0.02943247,0.22968988,0.015394771,0.09974873,0.013196481,0.48346716,0.035541892,0.7521291,0.005680715,0.07174102,0.010418849,0.34179506,0.040102594,null,null,null,null,"TWOGAUSSIANS",8,4.181148,0.22968988,0.015394771,0.4,0.0,0.47550094,0.031000253,0.7521291,0.005685157,0.4,0.037845112,0.33383447,0.040243257
375316653866487564,4100342163030937984,0.47903326,2286.452436058979,0.9449876247732971,8.1912935E-5,19.301435,0.023294883,0.574592,0.042938203,0.04069083,0.06714371,1.1544406,1.9360573,0.32186025,0.06215408,0.12880006,0.04357861,0.41799557,0.04988751,null,null,null,null,"TWOGAUSSIANS",8,10.739325,0.573242,0.04350116,0.22786866,0.16603158,1.2155906,1.9497494,0.32186025,0.05021921,0.4,0.0,0.41754904,0.033022813
375316653866487564,4100342227397766272,0.51513237,2273.881266472821,2.4492720874025364,4.1751726E-5,18.653603,0.39306983,0.23627816,0.012714452,0.15143864,0.07101606,0.37687624,0.37072015,0.7246787,0.006403302,0.13533343,0.04013642,0.42807773,0.35409987,null,null,null,null,"TWOGAUSSIANS",8,4.2531443,0.7246787,0.006403302,0.4,0.0,0.26917413,0.017345494,0.23675816,0.012222291,0.4,0.0,0.21561697,0.038534917
375316653866487564,4100342300435659648,0.46852872,2308.9856598689803,1.5602667384266917,6.0050617E-5,19.007187,0.031307198,0.62361896,0.00857828,0.13068146,0.020245718,0.29442662,0.058959126,0.9239647,0.045473274,0.01894593,0.047515053,0.234731,0.13786992,null,null,null,null,"TWOGAUSSIANS",8,10.83967,0.62361896,0.00857828,0.4,0.0,0.29403645,0.05859018,0.9239647,0.045473274,0.10609721,0.2660843,0.25532857,0.1486054
375316653866487564,4100342369154505600,0.55941445,2226.8220801782563,3.2716422758141963,5.38011E-5,19.140612,0.023557685,0.27561,0.0028510957,0.06663274,0.005274325,0.5269063,0.04175809,0.76784235,0.013551287,0.06720185,0.010495139,0.52847064,0.04027319,null,null,null,null,"TWOGAUSSIANS",8,3.730735,0.76784235,0.013551287,0.37633038,0.031703584,0.52768046,0.039050844,0.27561,0.0028510957,0.37314337,0.029536221,0.5261161,0.041488253
375316653866487564,4100342369154778752,0.47320953,2288.1617766684744,2.7598977489294776,8.041085E-5,19.463625,0.0145374,0.30829462,0.007754916,0.038903154,0.01941863,0.09525793,0.2747429,0.8023128,0.015485781,0.020434687,0.013635969,0.14893213,2.0350046,0.068053074,0.045066603,0.30829462,0.007754916,"TWOGAUSSIANS_WITH_ELLIPSOIDAL_ON_ECLIPSE1",9,3.7144163,0.8024828,0.015566523,0.11443425,0.076361425,0.2848514,2.039019,0.30829462,0.007754916,0.21785767,0.10874433,0.23136377,0.2652237
375316653866487564,4100342575314223360,0.5284266,2299.863079783094,0.476248459808021,1.15211995E-4,19.408957,0.075082876,0.3117188,0.028465565,0.066475295,0.01963715,0.23064618,0.07222055,0.6874957,0.022122921,0.19204976,0.06264886,0.26129472,0.06691568,null,null,null,null,"TWOGAUSSIANS",8,1.2562913,0.3193388,0.03366602,0.37226167,0.05224549,0.24435787,0.07384833,0.6874957,0.022122921,0.4,0.0,0.23374607,0.026280088
375316653866487564,4100342575314373888,0.5191979,2306.842022493429,2.8979671466650347,1.9703552E-5,19.560797,0.15621777,0.2574381,0.018704167,0.07244029,0.054093234,0.6447577,0.19306041,0.78112376,0.0044970177,0.09090463,0.024084361,0.5421729,0.13768925,null,null,null,null,"TWOGAUSSIANS",8,4.867762,0.2574381,0.01868846,0.4,0.08234487,0.637952,0.2147625,0.78112376,0.0045031626,0.4,0.0,0.5353666,0.03911332
375316653866487564,4100342747147078272,0.4688485,2254.29466116152,0.2051364765373932,1.9635238E-5,18.770695,0.020799804,0.17301723,0.007079085,0.049097072,0.0063731372,0.56329083,0.20904154,0.7055895,0.019873466,0.14996323,0.037217937,0.10502443,0.021572145,null,null,null,null,"TWOGAUSSIANS",8,2.5366845,0.17296724,0.0070403162,0.27494362,0.035689566,0.55723786,0.2100965,0.7055895,0.019873466,0.4,0.0,0.09796354,0.013972536
375316653866487564,4100342781466121728,0.50194967,2268.7478810001858,3.052687656006063,6.168843E-5,19.193663,0.4498258,0.37394917,0.0065866434,0.11255105,0.025481146,0.5918753,0.25692663,0.86636996,0.008857764,0.24973778,0.17259933,0.51783097,0.41219077,null,null,null,null,"TWOGAUSSIANS",8,2.3589113,0.37522918,0.0061273444,0.4,0.0,0.37204087,0.028347628,0.86636996,0.008857764,0.4,0.0,0.15860237,0.078574896
375316653866487564,4100342884545629440,0.47056252,2206.959836013821,2.48459276773065,2.5975398E-5,18.638403,0.011644733,0.30135587,0.0044067665,0.03546242,0.011952194,0.15772486,0.053837433,null,null,null,null,null,null,0.07835965,0.022634896,0.30135587,0.0044067665,"ONEGAUSSIAN_WITH_ELLIPSOIDAL",6,5.8218493,0.30135587,0.0044067665,0.19858955,0.06693229,0.31444392,0.05025732,null,null,null,null,null,null
375316653866487564,4100342884545656960,0.4529813,2250.643245674991,1.064350480366281,3.863778E-5,18.288652,0.018816538,0.17907318,0.041308295,0.049023695,0.03583747,0.27860472,8.762968,0.672976,0.023390295,0.05705914,0.015303787,0.44824716,0.12954143,null,null,null,null,"TWOGAUSSIANS",8,4.399183,0.672976,0.023390295,0.31953117,0.085701205,0.44823897,0.12954502,0.17907318,0.041308295,0.27453268,0.20068984,0.27859652,8.7629795
375316653866487564,4100342953265222528,0.5634545,2231.498375569082,2.4450656692680983,5.279543E-5,16.595354,0.010030979,0.24925722,0.007823258,0.058455564,0.0073001487,0.4195201,0.050398726,0.74949664,0.008075466,0.06792617,0.00614598,0.732063,0.03339247,null,null,null,null,"TWOGAUSSIANS",8,94.23551,0.74949664,0.008075466,0.38038653,0.033521574,0.7316164,0.033342235,0.24925722,0.007823258,0.32735115,0.040880833,0.41907352,0.050582353
375316653866487564,4100343189453302144,0.4378189,2257.253645480119,0.7459170291153541,2.7093167E-5,19.076118,0.0114509715,0.38485125,0.015140341,0.00857955,0.0037183934,0.13709256,0.07760676,0.8437368,0.009580712,0.06418539,0.02561535,0.03800696,0.017537802,0.08107744,0.016609963,0.8437368,0.009580712,"TWOGAUSSIANS_WITH_ELLIPSOIDAL_ON_ECLIPSE2",9,4.583556,0.38458124,0.014128613,0.04804548,0.020823004,0.2887131,0.096069165,0.8437368,0.009580712,0.35943818,0.12551536,0.20014258,0.026855474
375316653866487564,4100343331222057600,0.5645553,2297.945088745162,3.9126995427270037,4.764031E-5,19.439564,0.25271475,0.2676121,0.010478134,0.11669467,0.04305555,0.57490146,0.2429254,0.80214226,0.0061315442,0.08273659,0.026323587,1.0178192,0.17266338,null,null,null,null,"TWOGAUSSIANS",8,1.9630891,0.80218226,0.005577537,0.4,0.0,0.9791044,0.22411361,0.2676121,0.010472508,0.4,0.0,0.5359691,0.08083187
375316653866487564,4100343361252048512,0.4717831,2247.108522497182,0.5156536692898639,6.034033E-5,18.458946,0.0037289227,0.31050575,0.014378918,0.07312083,0.0122107705,0.12064204,0.02103095,0.7585903,0.017077679,0.07203762,0.00947822,0.10732936,0.02469356,null,null,null,null,"TWOGAUSSIANS",8,1.5635836,0.31050575,0.014378918,0.4,0.037030257,0.120476775,0.021101037,0.7585903,0.017077679,0.4,0.0238315,0.10716409,0.024588425
