Gaia/vari_eclipsing_binary/VariEclipsingBinary_674361-674374.csv
# %ECSV 1.0
# ---
# delimiter: ','
# meta: !!omap
# - RELEASE: Gaia DR3
# - TABLE: vari_eclipsing_binary
# - DESCRIPTION: >
#     This table describes the properties of the eclipsing binaries resulting from the variability analysis. 
# - CITATION: >
#     How to cite and acknowledge Gaia: 
#     https://gea.esac.esa.int/archive/documentation/credits.html 
# - KNOWN_ISSUES: >
#     Known issues: 
#     https://www.cosmos.esa.int/web/gaia-users/known-issues 
# - DOCUMENTATION: >
#     Tutorials and documentation: 
#     https://www.cosmos.esa.int/web/gaia-users/archive 
# datatype:
# - 
#   name: solution_id
#   datatype: int64
#   description: Solution Identifier
#   meta:
#     ucd: meta.version
# - 
#   name: source_id
#   datatype: int64
#   description: Unique source identifier
#   meta:
#     ucd: meta.id;meta.main
# - 
#   name: global_ranking
#   datatype: float32
#   description: Number between 0 (worst) and 1 (best)
#   meta:
#     ucd: stat.param
# - 
#   name: reference_time
#   datatype: float64
#   unit: d
#   description: Reference time used for the geometric model fit
#   meta:
#     ucd: time.epoch
# - 
#   name: frequency
#   datatype: float64
#   unit: d**-1
#   description: Frequency of geometric model of the eclipsing binary light curve
#   meta:
#     ucd: src.orbital
# - 
#   name: frequency_error
#   datatype: float32
#   unit: d**-1
#   description: "Uncertainty of \\texttt{frequency}"
#   meta:
#     ucd: stat.error
# - 
#   name: geom_model_reference_level
#   datatype: float32
#   unit: mag
#   description: Magnitude reference level of geometric model
#   meta:
#     ucd: phot.mag;em.opt
# - 
#   name: geom_model_reference_level_error
#   datatype: float32
#   unit: mag
#   description: "Uncertainty of \\texttt{geomModelReferenceLevel}"
#   meta:
#     ucd: stat.error;phot.mag;em.opt
# - 
#   name: geom_model_gaussian1_phase
#   datatype: float32
#   description: Phase of the Gaussian 1 component
#   meta:
#     ucd: time.phase
# - 
#   name: geom_model_gaussian1_phase_error
#   datatype: float32
#   description: "Uncertainty of \\texttt{geomModelGaussian1Phase}"
#   meta:
#     ucd: stat.error;time.phase
# - 
#   name: geom_model_gaussian1_sigma
#   datatype: float32
#   description: "Standard deviation [phase] of Gaussian 1 component"
#   meta:
#     ucd: stat.stdev
# - 
#   name: geom_model_gaussian1_sigma_error
#   datatype: float32
#   description: "Uncertainty of \\texttt{geomModelGaussian1Sigma}"
#   meta:
#     ucd: stat.error
# - 
#   name: geom_model_gaussian1_depth
#   datatype: float32
#   unit: mag
#   description: Magnitude depth of Gaussian 1 component
#   meta:
#     ucd: src.var.amplitude
# - 
#   name: geom_model_gaussian1_depth_error
#   datatype: float32
#   unit: mag
#   description: "Uncertainty of \\texttt{geomModelGaussian1Depth}"
#   meta:
#     ucd: stat.error;src.var.amplitude
# - 
#   name: geom_model_gaussian2_phase
#   datatype: float32
#   description: Phase of Gaussian 2 component
#   meta:
#     ucd: time.phase
# - 
#   name: geom_model_gaussian2_phase_error
#   datatype: float32
#   description: "Uncertainty of \\texttt{geomModelGaussian2Phase}"
#   meta:
#     ucd: stat.error;time.phase
# - 
#   name: geom_model_gaussian2_sigma
#   datatype: float32
[...]
#   datatype: float32
#   description: "Secondary eclipse: uncertainty of \\texttt{derivedSecondaryEclDuration}"
#   meta:
#     ucd: stat.error;time.duration
# - 
#   name: derived_secondary_ecl_depth
#   datatype: float32
#   unit: mag
#   description: "Secondary eclipse: depth"
#   meta:
#     ucd: src.var.amplitude
# - 
#   name: derived_secondary_ecl_depth_error
#   datatype: float32
#   unit: mag
#   description: "Secondary eclipse: uncertainty of \\texttt{derivedSecondaryEclDepth}"
#   meta:
#     ucd: stat.error;src.var.amplitude
solution_id,source_id,global_ranking,reference_time,frequency,frequency_error,geom_model_reference_level,geom_model_reference_level_error,geom_model_gaussian1_phase,geom_model_gaussian1_phase_error,geom_model_gaussian1_sigma,geom_model_gaussian1_sigma_error,geom_model_gaussian1_depth,geom_model_gaussian1_depth_error,geom_model_gaussian2_phase,geom_model_gaussian2_phase_error,geom_model_gaussian2_sigma,geom_model_gaussian2_sigma_error,geom_model_gaussian2_depth,geom_model_gaussian2_depth_error,geom_model_cosine_half_period_amplitude,geom_model_cosine_half_period_amplitude_error,geom_model_cosine_half_period_phase,geom_model_cosine_half_period_phase_error,model_type,num_model_parameters,reduced_chi2,derived_primary_ecl_phase,derived_primary_ecl_phase_error,derived_primary_ecl_duration,derived_primary_ecl_duration_error,derived_primary_ecl_depth,derived_primary_ecl_depth_error,derived_secondary_ecl_phase,derived_secondary_ecl_phase_error,derived_secondary_ecl_duration,derived_secondary_ecl_duration_error,derived_secondary_ecl_depth,derived_secondary_ecl_depth_error
[from data line 72]
375316653866487564,5931757415419099904,0.5308193,2150.4840813395595,2.67437880317543,1.7821467E-5,16.129856,0.035457138,0.26160508,0.0029661858,0.06676802,0.020400904,0.11754878,0.07397905,0.7563432,0.0063372636,0.05880129,0.02211403,0.11291299,0.07530315,0.076209754,0.041261178,0.26160508,0.0029661858,"TWOGAUSSIANS_WITH_ELLIPSOIDAL_ON_ECLIPSE1",9,54.492992,0.26160508,0.0029661858,0.3739009,0.10421664,0.26985398,0.011935585,0.7577632,0.0044850134,0.32928723,0.123838566,0.26509646,0.0111902645
375316653866487564,5931757415419103104,0.57457787,2159.2716063001467,1.923330526380183,5.028609E-6,18.548923,0.00763853,0.13692097,0.0028976947,0.076222606,0.004505677,0.26648888,0.008136869,0.63389987,0.0013237732,0.06460718,0.0018209032,0.739571,0.022055363,null,null,null,null,"TWOGAUSSIANS",8,4.1915665,0.63389987,0.0013237732,0.3618002,0.010197057,0.73815227,0.022127684,0.13692097,0.0028976947,0.4,0.0,0.26507017,0.007934709
375316653866487564,5931757484138680704,0.55037034,2156.634097573611,1.9297289648784393,1.1741312E-5,17.078276,0.0071832333,0.27031314,0.002484504,0.04086861,0.006391819,0.20081356,0.033066005,0.76889896,0.0030041349,0.048073586,0.004539144,0.24156502,0.020451652,0.07224645,0.010641779,0.27031314,0.002484504,"TWOGAUSSIANS_WITH_ELLIPSOIDAL_ON_ECLIPSE1",9,17.099419,0.769039,0.0026902067,0.2692121,0.025419207,0.38604698,0.016498936,0.27031314,0.002484504,0.22886421,0.035794187,0.34530583,0.035869315
375316653866487564,5931757621519631744,0.41919643,2127.578742568251,0.14900662375887275,2.255872E-5,18.919899,0.004662455,0.29514343,0.021596847,0.036548622,0.01693507,0.076642305,0.053645037,0.73578876,0.005705744,0.0026123147,0.0022860796,0.33654472,0.12322291,0.013837143,0.007712817,0.73578876,0.005705744,"TWOGAUSSIANS_WITH_ELLIPSOIDAL_ON_ECLIPSE2",9,6.8905444,0.73578876,0.005705744,0.014628962,0.012802046,0.36421898,0.12252833,0.29314342,0.022321917,0.20467228,0.094836384,0.100760825,0.054026775
375316653866487564,5931757793318599040,0.47074467,2139.696664016717,3.2471586958855023,1.7802258E-5,19.416258,0.012644248,0.25581914,0.0074417065,0.07703154,0.009449871,0.5020652,0.07078077,0.7591512,0.002448861,0.05915083,0.0040622824,0.429843,0.017969925,null,null,null,null,"TWOGAUSSIANS",8,8.409098,0.25581914,0.0074417065,0.4,0.00608723,0.5010598,0.07133976,0.7591512,0.002448861,0.33124465,0.022748783,0.4288376,0.017906116
375316653866487564,5931758102614019456,0.55455244,2134.467979980159,2.9747933881570323,1.1257566E-5,18.564548,0.016829466,0.23195158,0.006060444,0.051685583,0.0117357075,0.2204987,0.033666786,0.7167358,0.0024086845,0.048847355,0.008036721,0.14733836,0.040747102,0.123456806,0.021074746,0.7167358,0.0024086845,"TWOGAUSSIANS_WITH_ELLIPSOIDAL_ON_ECLIPSE2",9,6.3748136,0.22905159,0.0045540323,0.28943926,0.06571996,0.46558866,0.01495258,0.7167358,0.0024086845,0.27354518,0.04500564,0.39425072,0.01807371
375316653866487564,5931758338749116160,0.44345453,2134.5713028250048,0.7739720779519571,2.5719166E-5,18.61443,0.0078369295,0.19660978,0.0029108736,0.030915216,0.004517226,0.18915372,0.025360996,0.6920608,0.004647891,0.06468671,0.017352436,0.20709679,0.08354314,null,null,null,null,"TWOGAUSSIANS",8,7.666549,0.6920608,0.004647891,0.36224556,0.0877506,0.20709644,0.08354637,0.19660978,0.0029108736,0.1731252,0.025296466,0.18915337,0.025360802
375316653866487564,5931758343074614272,0.48500642,2119.8266580567188,0.23784802610916514,3.743441E-5,17.245096,0.0024070942,0.40569416,0.018949306,0.0069203814,0.024954572,0.01984409,0.011923899,0.5801972,0.001368182,0.012031998,0.0010441862,0.15015279,0.015213158,null,null,null,null,"TWOGAUSSIANS",8,8.701753,0.5801972,0.001368182,0.067379184,0.005847443,0.15015279,0.015213158,0.40569416,0.018949306,0.03875414,0.13974561,0.01984409,0.011923899
375316653866487564,5931758377491983360,0.50472385,2136.032491257529,2.465953971312843,9.110893E-6,16.624458,0.0015997023,0.24294756,0.0032521302,0.076532975,0.0040905154,0.062324826,0.00259402,0.7387433,0.0034445385,0.07412759,0.005006458,0.06857496,0.0023683978,null,null,null,null,"TWOGAUSSIANS",8,2.5107706,0.7387433,0.0034445385,0.4,0.0,0.068091884,0.0023822219,0.24294756,0.0032521302,0.4,0.0,0.061841756,0.0025558707
375316653866487564,5931758617952550528,0.4833513,2131.0502530621375,2.0834205771321748,1.4155207E-5,18.840105,0.02038832,0.24297832,0.004231722,0.095584065,0.008052072,0.32138732,0.021891082,0.74177754,0.0034362946,0.08926082,0.01204485,0.33001676,0.043622114,null,null,null,null,"TWOGAUSSIANS",8,8.999919,0.74177754,0.0034362946,0.4,0.0,0.31354263,0.04932336,0.24297832,0.004231722,0.4,0.0,0.30491254,0.017524388
375316653866487564,5931758789808863104,0.45492446,2087.4781984899596,2.685874996917498,2.2955724E-5,19.907309,0.016735367,0.2506958,0.007463349,0.08661469,0.011568282,0.31044078,0.023627356,0.74915123,0.006666538,0.078935124,0.008093599,0.39336592,0.023422271,null,null,null,null,"TWOGAUSSIANS",8,2.1931775,0.74915123,0.006666538,0.4,0.0,0.38632166,0.02055673,0.2506958,0.007463349,0.4,0.0,0.3033965,0.023287093
375316653866487564,5931758824168727424,0.60475296,2145.257581917975,0.15628987647514186,3.8490507E-5,15.595145,6.8725867E-4,0.30740985,0.0056697847,0.008774064,0.0038286694,0.27721456,0.32521603,0.81258106,0.006372725,0.0074789585,0.0048188926,0.4880281,5.1756473,null,null,null,null,"TWOGAUSSIANS",8,8.810681,0.81258106,0.006372725,0.04188217,0.026985798,0.4880281,5.1756473,0.30740985,0.0056697847,0.049134757,0.021440549,0.27721456,0.32521603
375316653866487564,5931758922847491712,0.4821411,2142.452365973219,1.7755554029612597,2.984295E-5,18.387072,0.0060901213,0.2298232,0.008198132,0.04938515,0.0063478607,0.142773,0.022946127,0.72338843,0.0045259767,0.06298315,0.0069884984,0.41422912,0.016497439,null,null,null,null,"TWOGAUSSIANS",8,16.024374,0.72338843,0.0045259767,0.35270563,0.03913559,0.4142092,0.0165127,0.2298232,0.008198132,0.27655685,0.03554802,0.14275308,0.022948463
375316653866487564,5931759202125769088,0.5906236,2129.585687706757,2.3692006543865336,6.90653E-6,17.719908,0.012852187,0.24989246,0.0018963196,0.05382225,0.00638618,0.19118895,0.027377008,0.7443418,0.005047912,0.052042205,0.006625169,0.21294002,0.028307868,0.11568784,0.0155997705,0.24989246,0.0018963196,"TWOGAUSSIANS_WITH_ELLIPSOIDAL_ON_ECLIPSE1",9,7.3588686,0.7453918,0.003997876,0.29143634,0.037100945,0.44408208,0.015553146,0.24989246,0.0018963196,0.3014046,0.035762608,0.42255932,0.012861414
375316653866487564,5931759614442687872,0.48117954,2142.9073176115517,0.5531460017812331,2.6325419E-5,14.751772,0.068532504,0.2793685,0.0056329262,0.17624976,0.0343405,0.11840398,0.05929424,0.778117,0.0039782617,0.19567719,0.04475076,0.12207337,0.064721934,null,null,null,null,"TWOGAUSSIANS",8,9.868366,0.2800485,0.0061690058,0.4,0.0,0.030810544,0.0014476277,0.778117,0.0039782617,0.4,0.0,0.029384768,0.0010002635
375316653866487564,5931759854904775936,0.60963833,2115.7586944079226,2.47275102330296,5.0526714E-6,18.338629,0.011959989,0.23943527,0.0010849509,0.055921644,0.0042317715,0.21510987,0.027793935,0.73926497,0.0023688776,0.052766956,0.00910136,0.1689658,0.0188218,0.13859108,0.01421067,0.23943527,0.0010849509,"TWOGAUSSIANS_WITH_ELLIPSOIDAL_ON_ECLIPSE1",9,3.0466125,0.23943527,0.0010849509,0.31316122,0.02369792,0.4922799,0.013257146,0.739315,0.0020013074,0.29549497,0.050967615,0.44613558,0.0143932225
375316653866487564,5931760198558425728,0.4979699,2130.5057630660694,1.214425175933336,1.2488127E-5,15.567181,0.04923078,0.18264592,0.0071879965,0.16378386,0.06458844,0.04863651,0.04745422,0.6892785,0.003198601,0.14692965,0.026968721,0.082513265,0.042503078,null,null,null,null,"TWOGAUSSIANS",8,5.845683,0.6898185,0.0025945138,0.4,0.0,0.051401895,0.002350011,0.1815959,0.0071134632,0.4,0.0,0.017108208,0.00208494
375316653866487564,5931760267277835008,0.5881074,2120.302600393356,3.456543520134514,4.124714E-6,18.071287,0.009938954,0.2783174,0.0015563127,0.050717086,0.0048240563,0.23434366,0.019251952,0.78126615,0.0026347807,0.054946505,0.004169449,0.29468852,0.019635845,0.10304524,0.012305321,0.2783174,0.0015563127,"TWOGAUSSIANS_WITH_ELLIPSOIDAL_ON_ECLIPSE1",9,4.81011,0.78126615,0.0026347807,0.30770043,0.023348914,0.5006992,0.012337128,0.2783174,0.0015563127,0.2840157,0.027014716,0.44042507,0.009164521
375316653866487564,5931760816978743424,0.4792225,2117.1211377241807,2.439260800905652,1.8740542E-5,18.762112,0.079949565,0.2449644,0.0056465045,0.12486183,0.040827498,0.16133064,0.0769309,0.7371748,0.0054521253,0.11366799,0.025158364,0.20094587,0.075686306,null,null,null,null,"TWOGAUSSIANS",8,2.6376035,0.7371748,0.0054521253,0.4,0.0,0.1640618,0.009526746,0.2449944,0.005683764,0.4,0.0,0.124363475,0.009666968
375316653866487564,5931760954472699648,0.43623716,2121.5866017880257,0.6831275368514566,2.41765E-5,16.54397,0.0027384085,0.24058676,0.009777776,0.031221796,0.025566142,0.06732559,0.04278698,null,null,null,null,null,null,0.00784986,0.0025693274,0.24058676,0.009777776,"ONEGAUSSIAN_WITH_ELLIPSOIDAL",6,8.611784,0.24058676,0.009777776,0.17484206,0.14317039,0.08302531,0.045702517,null,null,null,null,null,null
375316653866487564,5931761160575688448,0.544237,2108.0986644864847,2.3796619162426276,1.0684823E-5,18.874617,0.009598068,0.22182497,0.0027090875,0.086301304,0.0036302381,0.30452487,0.010579558,0.72660387,0.0030661265,0.08394698,0.0050822455,0.29088786,0.011476489,null,null,null,null,"TWOGAUSSIANS",8,2.717169,0.22182497,0.0027090875,0.4,0.0,0.29718116,0.009050014,0.72660387,0.0030661265,0.4,0.0,0.28354418,0.011033268
375316653866487564,5931761194990908672,0.6363805,2114.2920363114954,1.3498185891059342,6.9219336E-6,16.541386,0.0047928947,0.30033207,6.5272563E-4,0.044413183,9.574846E-4,0.5506651,0.011117425,0.80027646,0.0018936731,0.0401738,0.0027432966,0.18955496,0.009984395,0.03897706,0.0050735306,0.30033207,6.5272563E-4,"TWOGAUSSIANS_WITH_ELLIPSOIDAL_ON_ECLIPSE1",9,21.708914,0.30033207,6.5272563E-4,0.24871384,0.0053619137,0.62861896,0.009439287,0.80027646,0.0018603293,0.22497326,0.015362461,0.26750886,0.007967692
375316653866487564,5931761263710414080,0.509841,2122.344551169039,1.2476526624998834,1.9545489E-5,16.293451,0.0071798125,0.23373827,0.0043012425,0.047495864,0.0080730785,0.18280734,0.023139978,0.72433114,0.0057823164,0.042283196,0.005522931,0.12714736,0.021712247,0.055524744,0.012130952,0.23373827,0.0043012425,"TWOGAUSSIANS_WITH_ELLIPSOIDAL_ON_ECLIPSE1",9,72.38464,0.23373827,0.0043012425,0.26597685,0.04520924,0.29385638,0.02248325,0.72536117,0.0050288597,0.23678589,0.030928414,0.23785132,0.01368349
375316653866487564,5931761847770820992,0.49510366,2112.006665615888,2.5909977213374136,1.1765508E-5,19.67756,0.037233766,0.2394007,0.0041590137,0.104241416,0.014346094,0.26218498,0.03422156,0.7348664,0.005519763,0.098658755,0.015335773,0.2795947,0.03181651,null,null,null,null,"TWOGAUSSIANS",8,1.3762202,0.7348664,0.005519763,0.4,0.0,0.25504017,0.012606804,0.2394007,0.0041590137,0.4,0.0,0.23762657,0.012611086
375316653866487564,5931761916545577344,0.61810297,2139.2759800434465,0.8823370253949525,6.78341E-6,15.452477,6.616042E-4,0.30264452,0.059946936,0.009204795,0.009947666,0.01292102,6357.794,0.5087678,0.0022746106,0.0143374605,0.0015856302,0.32020298,0.01829009,null,null,null,null,"TWOGAUSSIANS",8,6.7792425,0.5087678,0.0022746106,0.08028978,0.008879529,0.32020298,0.01829009,0.30264452,0.059946936,0.051546853,0.055706926,0.01292102,6357.794
375316653866487564,5931761950905330048,0.5486656,2118.2373040719317,0.44240550000000006,1.0756303E-6,17.33174,0.0015912176,0.1798571,3.9061376E-9,1.7813168E-4,5.1373996E-7,0.36086154,0.0015189067,0.77623755,0.06836701,0.124362096,0.04928025,0.0040585874,0.002442298,null,null,null,null,"TWOGAUSSIANS",8,3.172419,0.1798571,3.9061376E-9,9.975374E-4,2.8769439E-6,0.36088002,0.0015685075,0.77623755,0.06836701,0.4,0.0,0.00405608,0.002441086
375316653866487564,5931762260088797440,0.5447144,2113.4192519776293,3.6043176066491944,1.46357215E-5,18.946455,0.00795637,0.25329444,0.002445919,0.08283999,0.0032633138,0.48927134,0.008151684,0.7617474,0.0035047014,0.075579286,0.0029012882,0.45582697,0.0141597,null,null,null,null,"TWOGAUSSIANS",8,7.163221,0.25329444,0.002445919,0.4,0.0,0.48379326,0.007468389,0.7617474,0.0035047014,0.4,0.0,0.45034888,0.013976565
375316653866487564,5931762431887296256,0.46339142,2090.4814476679667,2.2541051637900984,1.7121556E-5,19.50222,0.00542864,0.32987076,0.004319651,0.055539493,0.004492576,0.3892887,0.044403467,0.79113877,0.0019853143,0.0026387286,0.0016155096,0.10122681,0.42103192,null,null,null,null,"TWOGAUSSIANS",8,6.403843,0.32987076,0.004319651,0.31102115,0.025158424,0.3892887,0.044403467,0.79113877,0.0019853143,0.014776881,0.0090468535,0.10122681,0.42103192
375316653866487564,5931762672405807616,0.542026,2105.8649791701705,2.709849797817787,7.79265E-6,18.553558,0.0074868873,0.22556877,0.002069052,0.08503041,0.0034980136,0.2674115,0.008480241,0.7240775,0.0025797805,0.0839947,0.0045755715,0.29921252,0.010382126,null,null,null,null,"TWOGAUSSIANS",8,2.7736278,0.7240775,0.0025797805,0.4,0.0,0.29228067,0.01062099,0.22556877,0.002069052,0.4,0.0,0.2604797,0.0074329586
375316653866487564,5931762672459907968,0.5986729,2123.829104842084,1.3656531833467391,4.3114783E-6,17.095524,0.0050601917,0.2609327,0.0013037139,0.04758324,0.008293038,0.11863283,0.013069156,0.7463695,0.0059056315,0.039845284,0.003931311,0.12397039,0.015822796,0.11008978,0.007225968,0.2609327,0.0013037139,"TWOGAUSSIANS_WITH_ELLIPSOIDAL_ON_ECLIPSE1",9,8.350511,0.74901944,0.0052961726,0.2231336,0.02201534,0.34264454,0.010795144,0.2609327,0.0013037139,0.26646614,0.046441015,0.33881223,0.017261708
375316653866487564,5931762878564443392,0.4432026,2122.6599075077893,2.836622814444286,2.0921207E-5,16.81578,0.1271088,0.29005244,0.0062027825,0.25375274,0.039965253,0.5282535,0.122815974,0.784392,0.0056681624,0.13623959,0.014567789,0.41448355,0.06573817,null,null,null,null,"TWOGAUSSIANS",8,25.742832,0.784392,0.0056681624,0.4,0.0,0.16503552,0.015695224,0.29056245,0.0061739436,0.4,0.0,0.12851255,0.0102997385
375316653866487564,5931762947284721280,0.503399,2091.5157075972193,2.6837165301727337,1.812596E-5,19.579048,0.036312994,0.2807584,0.0039059317,0.10594985,0.008315085,0.46240622,0.037450645,0.7725245,0.0028646751,0.1041655,0.009266572,0.44748113,0.033866867,null,null,null,null,"TWOGAUSSIANS",8,2.6608999,0.2807584,0.0039094575,0.4,0.0,0.4136071,0.018104652,0.7725245,0.0028646751,0.4,0.0,0.39868686,0.01526837
375316653866487564,5931762981697558528,0.43219528,2116.6078649261467,2.205047857094975,4.303885E-5,18.573463,0.003466168,null,null,null,null,null,null,null,null,null,null,null,null,0.04899953,0.0047183856,0.25693846,0.00872722,"ELLIPSOIDAL",4,7.07598,null,null,null,null,null,null,null,null,null,null,null,null
375316653866487564,5931762981707794816,0.5041067,2119.3603822043283,3.2064513151114364,2.2311735E-5,18.80366,0.024911571,0.28872424,0.006126828,0.042323556,0.009218495,0.37830007,0.05578965,0.77974284,0.0027723252,0.049020264,0.0057870727,0.52999634,0.08072453,0.14290278,0.038425185,0.77974284,0.0027723252,"TWOGAUSSIANS_WITH_ELLIPSOIDAL_ON_ECLIPSE2",9,23.252699,0.77974284,0.0027723252,0.27451348,0.032407608,0.8158002,0.08047735,0.28785422,0.005485876,0.23701191,0.05162357,0.6632823,0.0415822
375316653866487564,5931763600119160192,0.5651574,2103.697026150286,2.299484828242511,7.4790987E-6,18.5448,0.003675731,0.2502661,0.0014930142,0.03744246,0.0014809071,0.4221626,0.028688723,0.7476198,0.0021388093,0.03651879,0.002529912,0.8028092,0.048134796,null,null,null,null,"TWOGAUSSIANS",8,7.2672834,0.7476198,0.0021388093,0.20450522,0.014167507,0.8028092,0.048134796,0.2502661,0.0014930142,0.20967779,0.008293079,0.4221626,0.028688723
