Gaia/vari_eclipsing_binary/VariEclipsingBinary_513846-513888.csv
# %ECSV 1.0
# ---
# delimiter: ','
# meta: !!omap
# - RELEASE: Gaia DR3
# - TABLE: vari_eclipsing_binary
# - DESCRIPTION: >
#     This table describes the properties of the eclipsing binaries resulting from the variability analysis. 
# - CITATION: >
#     How to cite and acknowledge Gaia: 
#     https://gea.esac.esa.int/archive/documentation/credits.html 
# - KNOWN_ISSUES: >
#     Known issues: 
#     https://www.cosmos.esa.int/web/gaia-users/known-issues 
# - DOCUMENTATION: >
#     Tutorials and documentation: 
#     https://www.cosmos.esa.int/web/gaia-users/archive 
# datatype:
# - 
#   name: solution_id
#   datatype: int64
#   description: Solution Identifier
#   meta:
#     ucd: meta.version
# - 
#   name: source_id
#   datatype: int64
#   description: Unique source identifier
#   meta:
#     ucd: meta.id;meta.main
# - 
#   name: global_ranking
#   datatype: float32
#   description: Number between 0 (worst) and 1 (best)
#   meta:
#     ucd: stat.param
# - 
#   name: reference_time
#   datatype: float64
#   unit: d
#   description: Reference time used for the geometric model fit
#   meta:
#     ucd: time.epoch
# - 
#   name: frequency
#   datatype: float64
#   unit: d**-1
#   description: Frequency of geometric model of the eclipsing binary light curve
#   meta:
#     ucd: src.orbital
# - 
#   name: frequency_error
#   datatype: float32
#   unit: d**-1
#   description: "Uncertainty of \\texttt{frequency}"
#   meta:
#     ucd: stat.error
# - 
#   name: geom_model_reference_level
#   datatype: float32
#   unit: mag
#   description: Magnitude reference level of geometric model
#   meta:
#     ucd: phot.mag;em.opt
# - 
#   name: geom_model_reference_level_error
#   datatype: float32
#   unit: mag
#   description: "Uncertainty of \\texttt{geomModelReferenceLevel}"
#   meta:
#     ucd: stat.error;phot.mag;em.opt
# - 
#   name: geom_model_gaussian1_phase
#   datatype: float32
#   description: Phase of the Gaussian 1 component
#   meta:
#     ucd: time.phase
# - 
#   name: geom_model_gaussian1_phase_error
#   datatype: float32
#   description: "Uncertainty of \\texttt{geomModelGaussian1Phase}"
#   meta:
#     ucd: stat.error;time.phase
# - 
#   name: geom_model_gaussian1_sigma
#   datatype: float32
#   description: "Standard deviation [phase] of Gaussian 1 component"
#   meta:
#     ucd: stat.stdev
# - 
#   name: geom_model_gaussian1_sigma_error
#   datatype: float32
#   description: "Uncertainty of \\texttt{geomModelGaussian1Sigma}"
#   meta:
#     ucd: stat.error
# - 
#   name: geom_model_gaussian1_depth
#   datatype: float32
#   unit: mag
#   description: Magnitude depth of Gaussian 1 component
#   meta:
#     ucd: src.var.amplitude
# - 
#   name: geom_model_gaussian1_depth_error
#   datatype: float32
#   unit: mag
#   description: "Uncertainty of \\texttt{geomModelGaussian1Depth}"
#   meta:
#     ucd: stat.error;src.var.amplitude
# - 
#   name: geom_model_gaussian2_phase
#   datatype: float32
#   description: Phase of Gaussian 2 component
#   meta:
#     ucd: time.phase
# - 
#   name: geom_model_gaussian2_phase_error
#   datatype: float32
#   description: "Uncertainty of \\texttt{geomModelGaussian2Phase}"
#   meta:
#     ucd: stat.error;time.phase
# - 
#   name: geom_model_gaussian2_sigma
#   datatype: float32
[...]
#   datatype: float32
#   description: "Secondary eclipse: uncertainty of \\texttt{derivedSecondaryEclDuration}"
#   meta:
#     ucd: stat.error;time.duration
# - 
#   name: derived_secondary_ecl_depth
#   datatype: float32
#   unit: mag
#   description: "Secondary eclipse: depth"
#   meta:
#     ucd: src.var.amplitude
# - 
#   name: derived_secondary_ecl_depth_error
#   datatype: float32
#   unit: mag
#   description: "Secondary eclipse: uncertainty of \\texttt{derivedSecondaryEclDepth}"
#   meta:
#     ucd: stat.error;src.var.amplitude
solution_id,source_id,global_ranking,reference_time,frequency,frequency_error,geom_model_reference_level,geom_model_reference_level_error,geom_model_gaussian1_phase,geom_model_gaussian1_phase_error,geom_model_gaussian1_sigma,geom_model_gaussian1_sigma_error,geom_model_gaussian1_depth,geom_model_gaussian1_depth_error,geom_model_gaussian2_phase,geom_model_gaussian2_phase_error,geom_model_gaussian2_sigma,geom_model_gaussian2_sigma_error,geom_model_gaussian2_depth,geom_model_gaussian2_depth_error,geom_model_cosine_half_period_amplitude,geom_model_cosine_half_period_amplitude_error,geom_model_cosine_half_period_phase,geom_model_cosine_half_period_phase_error,model_type,num_model_parameters,reduced_chi2,derived_primary_ecl_phase,derived_primary_ecl_phase_error,derived_primary_ecl_duration,derived_primary_ecl_duration_error,derived_primary_ecl_depth,derived_primary_ecl_depth_error,derived_secondary_ecl_phase,derived_secondary_ecl_phase_error,derived_secondary_ecl_duration,derived_secondary_ecl_duration_error,derived_secondary_ecl_depth,derived_secondary_ecl_depth_error
[from data line 471]
375316653866487564,4520135118325859584,0.5292245,2143.1275210915546,1.3367944407234875,1.4023477E-5,18.69192,0.02821334,0.27311957,0.002730746,0.11360824,0.009476349,0.3552109,0.02539742,0.7476449,0.0041921684,0.09670908,0.009443943,0.40082574,0.024624554,null,null,null,null,"TWOGAUSSIANS",8,3.1364825,0.7476449,0.0041921684,0.4,0.0,0.3679376,0.01689371,0.27311957,0.0027352925,0.4,0.0,0.32225946,0.012676133
375316653866487564,4520136011679291264,0.5032326,2130.4974184402713,2.472381939777225,1.6971739E-5,19.694384,0.04643714,0.27433214,0.0051063835,0.10480842,0.014113454,0.34620696,0.04408088,0.77688634,0.0040728054,0.11008796,0.016792389,0.3126943,0.03823185,null,null,null,null,"TWOGAUSSIANS",8,1.4186113,0.27433214,0.0051141456,0.4,0.0,0.3035962,0.017650029,0.77688634,0.004076421,0.4,0.0,0.27007064,0.017755993
375316653866487564,4520136011706947200,0.62008435,2126.9154830710677,0.2823024009207135,1.637675E-6,17.25035,0.0017562706,0.13272442,1.1894617E-4,0.014696242,2.3519904E-4,0.44635287,0.0037912205,0.6320826,0.0010384109,0.01467165,0.0020705464,0.44955826,0.08609448,null,null,null,null,"TWOGAUSSIANS",8,3.4104984,0.6320826,0.0010384109,0.08216124,0.01159506,0.44955826,0.08609448,0.13272442,1.1894617E-4,0.08229896,0.0013171147,0.44635287,0.0037912205
375316653866487564,4520136282259934464,0.5299081,2159.5297045532234,0.49759828407514856,5.2300747E-5,18.179016,0.0019927756,0.6621631,0.038559157,0.028955905,0.029924398,0.4678763,46763.695,0.85994935,5.103892E-4,0.006525876,0.001189665,0.15423477,0.31169298,null,null,null,null,"TWOGAUSSIANS",8,2.898678,0.6621631,0.038559157,0.16215307,0.16757663,0.4678763,46763.695,0.85994935,5.103892E-4,0.036544904,0.0066621243,0.15423477,0.31169298
375316653866487564,4520136424002179968,0.54982096,2153.8327680315133,3.8881249632695964,7.282256E-6,19.159523,0.008827821,0.24846435,0.0027864624,0.07184057,0.0027469362,0.6090111,0.019022968,0.75114125,0.0020478065,0.063106775,0.0020386956,0.62043464,0.01782288,null,null,null,null,"TWOGAUSSIANS",8,3.954336,0.75114125,0.0020478065,0.35339797,0.011416696,0.61924505,0.017800631,0.24846435,0.0027864624,0.4,0.0045581413,0.6078215,0.018985517
375316653866487564,4520136458383858048,0.59779537,2154.5022771113786,0.5639495961494094,3.329861E-6,15.27045,7.3367805E-4,0.26094413,7.9056295E-4,0.025650388,0.001285964,0.06670835,0.0030032457,0.76224816,0.002158275,0.027143829,0.0018489545,0.058032814,0.0032425507,0.038014874,0.0019281016,0.26094413,7.9056295E-4,"TWOGAUSSIANS_WITH_ELLIPSOIDAL_ON_ECLIPSE1",9,9.064421,0.26094413,7.9056295E-4,0.14364217,0.0072013983,0.14273809,0.0027022127,0.76224816,0.0021013431,0.15200545,0.010354145,0.13405745,0.0033131551
375316653866487564,4520136591497636352,0.63350165,2160.4825082999973,2.406564048049609,5.6324234E-6,18.246105,0.0077761654,0.17377676,0.0012426346,0.04896508,0.004519404,0.29131487,0.017970543,0.6707177,0.001552995,0.05094205,0.00228594,0.30553168,0.018647129,0.12925276,0.010214988,0.17377676,0.0012426346,"TWOGAUSSIANS_WITH_ELLIPSOIDAL_ON_ECLIPSE1",9,2.3325179,0.67116773,0.0012722731,0.28527546,0.012801265,0.56395364,0.006714218,0.17377676,0.0012426346,0.27420446,0.025308661,0.5498182,0.017176202
375316653866487564,4520136625857368576,0.47091326,2167.10008234344,0.2107953992764682,1.9794366E-5,18.937387,0.011383482,0.15308413,0.015863135,0.019416844,0.012944575,0.12802847,0.058169533,0.6672679,0.0028900793,0.030130763,0.0032291492,0.70987934,0.10789745,null,null,null,null,"TWOGAUSSIANS",8,19.644175,0.6672679,0.0028900793,0.16873227,0.018083235,0.70987934,0.10789745,0.15308413,0.015863135,0.10873433,0.07248962,0.12802847,0.058169533
375316653866487564,4520138691766874112,0.5301245,2147.6397651632105,3.0570460692553603,1.0336196E-5,17.905098,0.0061017666,0.20578311,0.002146457,0.08091711,0.0037781005,0.25884655,0.0069051366,0.71177083,0.0024364826,0.088734426,0.003483338,0.22479978,0.006841164,null,null,null,null,"TWOGAUSSIANS",8,4.079125,0.20578311,0.002146457,0.4,0.0,0.25322795,0.0064972737,0.71177083,0.0024364826,0.4,0.0,0.2191811,0.00594531
375316653866487564,4520139413321459456,0.5374315,2126.175273715592,2.5934608418375134,1.3321658E-5,18.660559,0.011864645,0.25364348,0.003734176,0.09272149,0.0057006516,0.31331825,0.014750363,0.75327766,0.0031765893,0.096630074,0.0049318545,0.29672778,0.0130860815,null,null,null,null,"TWOGAUSSIANS",8,3.0864067,0.25364348,0.003734176,0.4,0.0,0.29476333,0.012976871,0.75327766,0.0031765893,0.4,0.0,0.27817225,0.009637134
375316653866487564,4520139859976596608,0.5374405,2128.0906939355646,2.959205672569054,9.505381E-6,19.51956,0.0064121415,0.23296218,0.00247771,0.063497916,0.0036762268,0.591705,0.05716988,0.7351647,0.0019990862,0.06884699,0.0021910025,0.6229932,0.018401995,null,null,null,null,"TWOGAUSSIANS",8,2.4539063,0.7351647,0.0019990862,0.38554317,0.012269613,0.622086,0.018429387,0.23296218,0.00247771,0.35558835,0.02058687,0.59079784,0.057564594
375316653866487564,4520140169214084608,0.51721776,2130.6598830542357,0.6167326940801846,3.7810469E-6,17.930794,0.0035189795,0.25749487,0.0022609243,0.018608047,0.0013430031,0.41439986,0.035717327,0.7626244,0.005648775,0.017915113,0.0074403035,0.11155755,0.03577128,0.014127033,0.004101606,0.25749487,0.0022609243,"TWOGAUSSIANS_WITH_ELLIPSOIDAL_ON_ECLIPSE1",9,9.962429,0.25749487,0.0022609243,0.104205064,0.0075208177,0.44265392,0.03640496,0.7626244,0.005648775,0.10032463,0.0416657,0.13978228,0.03684735
375316653866487564,4520140890768913920,0.47596008,2149.630168642141,3.019679633671456,2.4784023E-5,19.74269,0.03715959,0.23527965,0.005034891,0.09868678,0.011231142,0.33692968,0.036492422,0.7416778,0.0057614064,0.11144055,0.01727419,0.31708142,0.03433844,null,null,null,null,"TWOGAUSSIANS",8,1.9238771,0.23526965,0.005039649,0.4,0.0,0.30129123,0.02002656,0.7416778,0.0057614064,0.4,0.0,0.28141704,0.03204427
375316653866487564,4520141646704563968,0.5480392,2151.1152986047687,3.4863458823860447,1.5244324E-5,18.907097,0.013506786,0.22964942,0.0048684864,0.07758944,0.0071325386,0.44048324,0.014748699,0.7438648,0.0036303555,0.08318018,0.006037839,0.37995642,0.014664749,null,null,null,null,"TWOGAUSSIANS",8,4.1396465,0.22964942,0.0048684864,0.4,0.0,0.43558776,0.01366895,0.7438648,0.0036303555,0.4,0.0,0.37506095,0.013260509
375316653866487564,4520141715402890112,0.4771816,2136.2855679031345,1.7597432225744738,1.1150115E-5,19.527359,0.007934154,0.25863877,0.0021883147,0.044675257,0.0026629767,0.4380061,0.03133058,0.77122897,0.010494697,0.052022554,0.011127344,0.11294713,0.014304409,null,null,null,null,"TWOGAUSSIANS",8,3.2899776,0.25863877,0.0021883147,0.25018144,0.01491267,0.43800578,0.03133063,0.77122897,0.010494697,0.29132628,0.06231313,0.1129468,0.014304263
375316653866487564,4520141715402915712,0.5291155,2140.1004464907955,3.303801108667536,1.9840263E-5,18.335012,0.026107969,0.26181468,0.0034724572,0.10596229,0.008835527,0.34736982,0.023903035,0.7598813,0.0040346673,0.10839095,0.01087305,0.32517186,0.02388852,null,null,null,null,"TWOGAUSSIANS",8,5.5059476,0.26181468,0.0034720716,0.4,0.0,0.30407986,0.013262447,0.7598813,0.0040346673,0.4,0.0,0.28187647,0.013018721
375316653866487564,4520142230820187648,0.47775763,2101.3547668940078,2.798658454566213,2.4964229E-5,16.840517,0.0023941435,null,null,null,null,null,null,null,null,null,null,null,null,0.06163065,0.0031784745,0.26979613,0.0046418053,"ELLIPSOIDAL",4,24.33013,null,null,null,null,null,null,null,null,null,null,null,null
375316653866487564,4520142333899359872,0.5265502,2136.0970220078375,0.6378499843859985,7.3896645E-6,16.58184,0.0012194747,0.23296204,0.0037035972,0.030667642,0.005918597,0.033865646,0.0055971122,0.72064036,0.002889925,0.03227954,0.0026333728,0.030596845,0.0029590304,0.015693806,0.001543355,0.23296204,0.0037035972,"TWOGAUSSIANS_WITH_ELLIPSOIDAL_ON_ECLIPSE1",9,2.0533688,0.23296204,0.0037035972,0.17173879,0.033144142,0.06525326,0.005765571,0.72160035,0.002615432,0.18076542,0.014746887,0.061811242,0.0018100033
375316653866487564,4520143914447347200,0.6178933,2140.24643398717,3.000001147135555,8.0149985E-6,18.44066,0.018360233,0.274677,0.0019301815,0.04807666,0.0055155857,0.49532565,0.037638273,0.7757237,0.0011306594,0.039022665,0.004149511,0.36328754,0.037100002,0.13328612,0.02166073,0.274677,0.0019301815,"TWOGAUSSIANS_WITH_ELLIPSOIDAL_ON_ECLIPSE1",9,5.1853647,0.274677,0.0019301815,0.2692293,0.03088728,0.76189697,0.022812257,0.7757237,0.0011289277,0.21852691,0.02323726,0.62984735,0.01623549
375316653866487564,4520144086225048832,0.53814995,2132.093531510791,0.7686451098841878,1.0731616E-5,18.826834,0.0037165694,0.26973724,0.0015706049,0.05172008,0.001968694,0.46532807,0.024210876,0.7600935,0.006339286,0.058752757,0.006417148,0.10725289,0.007339258,null,null,null,null,"TWOGAUSSIANS",8,2.9144123,0.26973724,0.0015706049,0.28963244,0.011024686,0.46531805,0.024213724,0.7600935,0.006339286,0.32901543,0.035936028,0.10724287,0.007341733
375316653866487564,4520144189325301504,0.50472534,2131.159242913184,0.2272289985389049,5.7212574E-6,17.39941,7.8684645E-4,0.35901698,0.00974119,0.0060601663,0.004893792,0.031318698,0.354388,0.5230585,2.0083232E-4,0.012581637,1.674278E-4,0.16863976,0.0021205938,null,null,null,null,"TWOGAUSSIANS",8,1.612757,0.5230585,2.0083232E-4,0.07045717,9.375957E-4,0.16863976,0.0021205938,0.35901698,0.00974119,0.033936933,0.027405234,0.031318698,0.354388
375316653866487564,4520144219353694848,0.41284543,2114.8355581976007,3.007427427563157,3.2446136E-5,18.588139,0.38134432,0.24414667,0.012612939,0.15738732,0.03963863,0.49032778,0.27865404,0.7496389,0.0053326506,0.21600373,0.070481405,0.5872897,0.37106282,null,null,null,null,"TWOGAUSSIANS",8,10.747005,0.75087893,0.005348518,0.4,0.0,0.16275135,0.013629995,0.24077667,0.012231189,0.4,0.0,0.14020105,0.026190188
375316653866487564,4520144391158645632,0.61736745,2136.881133056968,3.9946959230798913,7.802984E-6,18.480934,0.023417413,0.30561164,0.0029557496,0.052706324,0.006324315,0.44880182,0.054804053,0.79606473,0.0023226587,0.051819127,0.0048274337,0.427157,0.05012433,0.111183725,0.027586073,0.30561164,0.0029557496,"TWOGAUSSIANS_WITH_ELLIPSOIDAL_ON_ECLIPSE1",9,4.6841073,0.30561164,0.0029557496,0.2951554,0.035416164,0.67116,0.01636496,0.7970147,0.0020191441,0.2901871,0.027033629,0.64879525,0.009558898
375316653866487564,4520145907292506496,0.48840058,2175.1655020773755,0.22267020847193722,9.5505486E-5,19.26513,0.0034053393,0.749874,0.0044310847,0.019016635,0.002615649,0.04825244,0.011341614,0.8962826,0.0034024722,0.006959486,0.004960107,0.5023983,2.561306,null,null,null,null,"TWOGAUSSIANS",8,1.8094552,0.8962826,0.0034024722,0.038973123,0.027776599,0.5023983,2.561306,0.749874,0.0044310847,0.10649315,0.014647635,0.04825244,0.011341614
375316653866487564,4520146418376911744,0.5998517,2148.1563230152897,3.379316555920455,3.0849365E-6,18.36208,0.013180691,0.24876739,0.0012730141,0.038445707,0.0033737826,0.37778082,0.02999918,0.754594,9.237575E-4,0.04444478,0.0022227436,0.64823276,0.03266583,0.1545746,0.02247106,0.754594,9.237575E-4,"TWOGAUSSIANS_WITH_ELLIPSOIDAL_ON_ECLIPSE2",9,11.116267,0.754594,9.237575E-4,0.24889077,0.012447365,0.9573817,0.024031961,0.24927738,0.0011480555,0.21529596,0.018893182,0.68655175,0.018788729
375316653866487564,4520146487096405376,0.42073476,2158.936691467622,2.81348511974909,4.645046E-5,18.014053,0.009717932,0.29568407,0.007139092,0.06031648,0.10343293,0.008698054,0.027949778,0.72790796,0.028246127,0.06297632,0.021734398,0.05614362,0.022969387,0.041625906,0.016617473,0.29568407,0.007139092,"TWOGAUSSIANS_WITH_ELLIPSOIDAL_ON_ECLIPSE1",9,17.923704,0.74941796,0.018709287,0.35266742,0.11024056,0.12937267,0.013186165,0.29568407,0.007139092,0.33777228,0.5599586,0.091947615,0.018641
375316653866487564,4520146521456126976,0.4803204,2134.2857328982823,2.8290891625981383,1.7782313E-5,19.351433,0.018541744,0.28455734,0.005875762,0.10577443,0.011490667,0.22912492,0.018445738,0.7742082,0.0055093304,0.09232262,0.012044513,0.20736344,0.018316815,null,null,null,null,"TWOGAUSSIANS",8,2.1335335,0.28455734,0.005875762,0.4,0.0,0.21332493,0.012148316,0.7742082,0.0055093304,0.4,0.0,0.19157036,0.01588124
375316653866487564,4520147655327890560,0.55217195,2178.588034898938,0.38969448276114593,4.1223693E-6,18.275846,0.0018637629,0.3655177,3.1065676E-4,0.017737113,5.7225866E-4,0.33265796,0.012530347,0.8657065,0.0012732024,0.018742833,9.893851E-4,0.32467592,0.026066413,null,null,null,null,"TWOGAUSSIANS",8,2.1597676,0.3655177,3.1065676E-4,0.099327825,0.0032046486,0.33265796,0.012530347,0.8657065,0.0012732024,0.10495987,0.0055405567,0.32467592,0.026066413
375316653866487564,4520147728378904832,0.6288141,2166.69595741624,1.1939627741325878,4.162928E-6,15.081734,0.003466458,0.25923997,9.66823E-4,0.101026684,0.0022650836,0.1838678,0.0032481423,0.76795995,0.0012498135,0.09337433,0.0025861464,0.19562502,0.003782075,null,null,null,null,"TWOGAUSSIANS",8,9.197552,0.76795995,0.0012498135,0.4,0.0,0.18329783,0.0037138904,0.25923997,9.66823E-4,0.4,0.0,0.17153893,0.0020804678
375316653866487564,4520147758407217664,0.48419356,2142.1296189823115,2.645208142738847,2.3651774E-5,19.73463,0.03680388,0.25022572,0.009979363,0.1077145,0.018281292,0.17561197,0.036977805,0.74236226,0.0039069746,0.088484965,0.013174796,0.2940489,0.031520247,null,null,null,null,"TWOGAUSSIANS",8,1.5695015,0.74236226,0.0039069746,0.4,0.0,0.27875382,0.01885875,0.25022572,0.009979363,0.4,0.0,0.1603092,0.018505016
375316653866487564,4520147831438822272,0.5729804,2180.133277226916,1.0110810987459868,1.2006353E-5,18.574333,0.0026630654,0.251591,0.0021080235,0.040272873,0.0014959894,0.57021415,0.012345921,0.7552158,0.0049609747,0.046143327,0.0035768838,0.12207848,0.007866267,null,null,null,null,"TWOGAUSSIANS",8,2.2359753,0.251591,0.0021080235,0.22552808,0.008377541,0.57021415,0.012345919,0.7552158,0.0049609747,0.25840265,0.020030549,0.12207846,0.007866262
375316653866487564,4520148449913382144,0.605938,2169.151568651344,1.716002811222927,6.7087612E-6,18.436865,0.007758559,0.25613597,0.0017869602,0.08096591,0.0030601043,0.32510063,0.008257715,0.75538206,0.0013144965,0.08019596,0.001957971,0.55336314,0.010150993,null,null,null,null,"TWOGAUSSIANS",8,2.3062985,0.75538206,0.0013144965,0.4,0.0,0.5466059,0.009534929,0.25613597,0.0017869602,0.4,0.0,0.3183434,0.0073914025
375316653866487564,4520148827890367616,0.6227745,2162.582805796688,0.1578113382077592,5.064231E-6,15.58646,5.215427E-4,0.35892633,0.019136801,0.009550285,0.009030418,0.48935252,145.88106,0.8601909,2.4136485E-4,0.012317938,2.0755075E-4,0.22601648,0.0046891146,null,null,null,null,"TWOGAUSSIANS",8,4.1107955,0.35892633,0.019136801,0.053481594,0.050570335,0.48935252,145.88106,0.8601909,2.4136485E-4,0.06898045,0.0011622842,0.22601648,0.0046891146
375316653866487564,4520148926638518272,0.5004198,2154.658952277094,2.522019950300258,2.5460291E-5,19.457201,0.013026158,0.20818803,0.0035386465,0.07300033,0.0060369824,0.38718048,0.01787335,0.70803165,0.007289425,0.08447119,0.008450213,0.35771924,0.022455215,null,null,null,null,"TWOGAUSSIANS",8,4.138804,0.20818803,0.0035386465,0.4,0.0044472627,0.38241088,0.01818235,0.70803165,0.007289425,0.4,0.0,0.35294965,0.022322161
375316653866487564,4520148960998311808,0.62782335,2161.456959762398,3.217330626029721,6.2070976E-6,18.574242,0.0054129716,0.30150056,7.783881E-4,0.043238025,0.0014665121,0.4528135,0.016232057,0.80208004,0.0015485081,0.04016583,0.0023932997,0.34802875,0.015790295,0.14830598,0.00872117,0.30150056,7.783881E-4,"TWOGAUSSIANS_WITH_ELLIPSOIDAL_ON_ECLIPSE1",9,2.5106494,0.30150056,7.783881E-4,0.24213295,0.008212468,0.7494254,0.013124777,0.80208004,0.0015392717,0.22492865,0.013402479,0.64463675,0.013037883
