Gaia/vari_eclipsing_binary/VariEclipsingBinary_389235-389475.csv
# %ECSV 1.0
# ---
# delimiter: ','
# meta: !!omap
# - RELEASE: Gaia DR3
# - TABLE: vari_eclipsing_binary
# - DESCRIPTION: >
#     This table describes the properties of the eclipsing binaries resulting from the variability analysis. 
# - CITATION: >
#     How to cite and acknowledge Gaia: 
#     https://gea.esac.esa.int/archive/documentation/credits.html 
# - KNOWN_ISSUES: >
#     Known issues: 
#     https://www.cosmos.esa.int/web/gaia-users/known-issues 
# - DOCUMENTATION: >
#     Tutorials and documentation: 
#     https://www.cosmos.esa.int/web/gaia-users/archive 
# datatype:
# - 
#   name: solution_id
#   datatype: int64
#   description: Solution Identifier
#   meta:
#     ucd: meta.version
# - 
#   name: source_id
#   datatype: int64
#   description: Unique source identifier
#   meta:
#     ucd: meta.id;meta.main
# - 
#   name: global_ranking
#   datatype: float32
#   description: Number between 0 (worst) and 1 (best)
#   meta:
#     ucd: stat.param
# - 
#   name: reference_time
#   datatype: float64
#   unit: d
#   description: Reference time used for the geometric model fit
#   meta:
#     ucd: time.epoch
# - 
#   name: frequency
#   datatype: float64
#   unit: d**-1
#   description: Frequency of geometric model of the eclipsing binary light curve
#   meta:
#     ucd: src.orbital
# - 
#   name: frequency_error
#   datatype: float32
#   unit: d**-1
#   description: "Uncertainty of \\texttt{frequency}"
#   meta:
#     ucd: stat.error
# - 
#   name: geom_model_reference_level
#   datatype: float32
#   unit: mag
#   description: Magnitude reference level of geometric model
#   meta:
#     ucd: phot.mag;em.opt
# - 
#   name: geom_model_reference_level_error
#   datatype: float32
#   unit: mag
#   description: "Uncertainty of \\texttt{geomModelReferenceLevel}"
#   meta:
#     ucd: stat.error;phot.mag;em.opt
# - 
#   name: geom_model_gaussian1_phase
#   datatype: float32
#   description: Phase of the Gaussian 1 component
#   meta:
#     ucd: time.phase
# - 
#   name: geom_model_gaussian1_phase_error
#   datatype: float32
#   description: "Uncertainty of \\texttt{geomModelGaussian1Phase}"
#   meta:
#     ucd: stat.error;time.phase
# - 
#   name: geom_model_gaussian1_sigma
#   datatype: float32
#   description: "Standard deviation [phase] of Gaussian 1 component"
#   meta:
#     ucd: stat.stdev
# - 
#   name: geom_model_gaussian1_sigma_error
#   datatype: float32
#   description: "Uncertainty of \\texttt{geomModelGaussian1Sigma}"
#   meta:
#     ucd: stat.error
# - 
#   name: geom_model_gaussian1_depth
#   datatype: float32
#   unit: mag
#   description: Magnitude depth of Gaussian 1 component
#   meta:
#     ucd: src.var.amplitude
# - 
#   name: geom_model_gaussian1_depth_error
#   datatype: float32
#   unit: mag
#   description: "Uncertainty of \\texttt{geomModelGaussian1Depth}"
#   meta:
#     ucd: stat.error;src.var.amplitude
# - 
#   name: geom_model_gaussian2_phase
#   datatype: float32
#   description: Phase of Gaussian 2 component
#   meta:
#     ucd: time.phase
# - 
#   name: geom_model_gaussian2_phase_error
#   datatype: float32
#   description: "Uncertainty of \\texttt{geomModelGaussian2Phase}"
#   meta:
#     ucd: stat.error;time.phase
# - 
#   name: geom_model_gaussian2_sigma
#   datatype: float32
[...]
#   datatype: float32
#   description: "Secondary eclipse: uncertainty of \\texttt{derivedSecondaryEclDuration}"
#   meta:
#     ucd: stat.error;time.duration
# - 
#   name: derived_secondary_ecl_depth
#   datatype: float32
#   unit: mag
#   description: "Secondary eclipse: depth"
#   meta:
#     ucd: src.var.amplitude
# - 
#   name: derived_secondary_ecl_depth_error
#   datatype: float32
#   unit: mag
#   description: "Secondary eclipse: uncertainty of \\texttt{derivedSecondaryEclDepth}"
#   meta:
#     ucd: stat.error;src.var.amplitude
solution_id,source_id,global_ranking,reference_time,frequency,frequency_error,geom_model_reference_level,geom_model_reference_level_error,geom_model_gaussian1_phase,geom_model_gaussian1_phase_error,geom_model_gaussian1_sigma,geom_model_gaussian1_sigma_error,geom_model_gaussian1_depth,geom_model_gaussian1_depth_error,geom_model_gaussian2_phase,geom_model_gaussian2_phase_error,geom_model_gaussian2_sigma,geom_model_gaussian2_sigma_error,geom_model_gaussian2_depth,geom_model_gaussian2_depth_error,geom_model_cosine_half_period_amplitude,geom_model_cosine_half_period_amplitude_error,geom_model_cosine_half_period_phase,geom_model_cosine_half_period_phase_error,model_type,num_model_parameters,reduced_chi2,derived_primary_ecl_phase,derived_primary_ecl_phase_error,derived_primary_ecl_duration,derived_primary_ecl_duration_error,derived_primary_ecl_depth,derived_primary_ecl_depth_error,derived_secondary_ecl_phase,derived_secondary_ecl_phase_error,derived_secondary_ecl_duration,derived_secondary_ecl_duration_error,derived_secondary_ecl_depth,derived_secondary_ecl_depth_error
[from data line 112]
375316653866487564,3423999609715487872,0.55229676,2305.5147876948968,1.4058424031215173,9.757931E-6,11.971214,0.0029177845,0.19878301,0.02006933,0.020008763,0.028913379,0.04535733,1260594.6,0.7877196,0.0017174475,0.06437466,0.004159765,0.09966086,0.0074426485,0.06299343,0.0042271614,0.7877196,0.0017174475,"TWOGAUSSIANS_WITH_ELLIPSOIDAL_ON_ECLIPSE2",9,105.42157,0.7877196,0.0017174475,0.3604981,0.023294682,0.2255953,0.004449435,0.20511301,0.051769584,0.11204908,0.16191493,0.13807802,1260594.6
375316653866487564,3424003144471188608,0.50864583,2279.2419003939353,2.6884333606931734,1.7446333E-5,19.756998,0.025380002,0.2292705,0.0065622046,0.066974886,0.015885372,0.39583206,0.06852473,0.7287712,0.005224547,0.08268184,0.008470758,0.36351126,0.035881635,null,null,null,null,"TWOGAUSSIANS",8,1.8308029,0.2292705,0.0065622046,0.37505937,0.04868155,0.3930356,0.072479375,0.7287712,0.005224547,0.4,0.0,0.3607148,0.034941345
375316653866487564,3424004106543870464,0.47893408,2241.5507778469196,2.4378602149519555,6.412969E-5,19.596746,0.011001445,0.25730893,0.0062540965,0.059682272,0.006859705,0.21725148,0.02643026,0.77914816,0.007627882,0.046813186,0.0080413725,0.15759306,0.018964585,null,null,null,null,"TWOGAUSSIANS",8,2.1347854,0.25730893,0.0062540965,0.3342207,0.038414348,0.21724918,0.026430521,0.77914816,0.007627882,0.26215383,0.045031685,0.15759078,0.018964287
375316653866487564,3424005549652915968,0.6260016,2304.9934919062125,1.2243782831372103,8.278164E-6,14.665934,0.024230028,0.2253147,0.0031270578,0.058265086,0.010814641,0.19114512,0.045877445,0.7234514,0.0021713714,0.062156484,0.0062931213,0.27890515,0.05293615,0.07622546,0.027966216,0.7234514,0.0021713714,"TWOGAUSSIANS_WITH_ELLIPSOIDAL_ON_ECLIPSE2",9,53.955067,0.7234514,0.0021713714,0.3480763,0.035241477,0.43125424,0.010621201,0.2249847,0.0025124212,0.32628447,0.06056199,0.343477,0.01560513
375316653866487564,3424015307825140992,0.555173,2299.5485103877327,3.3465442245966317,1.1277573E-5,19.338625,0.025541192,0.2894292,0.017358035,0.062808104,0.023519851,0.6038145,0.23622417,0.7944589,0.002299517,0.06916646,0.0044280775,0.62676656,0.022613488,null,null,null,null,"TWOGAUSSIANS",8,2.7296228,0.7944589,0.002299517,0.38733217,0.02082199,0.6259536,0.020455929,0.2894292,0.017358035,0.3517254,0.05693501,0.6030015,0.24056768
375316653866487564,3424019465347213952,0.69831246,2315.485632605224,0.8668767903945827,3.0025406E-6,16.448425,0.0041127633,0.21092564,5.4547994E-4,0.04039504,0.0012756991,0.3288771,0.008388358,0.7104853,0.0113102095,0.03925006,0.0044717193,0.36868328,0.09915722,0.03797818,0.00565443,0.21092564,5.4547994E-4,"TWOGAUSSIANS_WITH_ELLIPSOIDAL_ON_ECLIPSE1",9,2.8322794,0.7104953,0.011079031,0.21980034,0.025041627,0.44463906,0.0920214,0.21092564,5.4547994E-4,0.22621223,0.007143915,0.40483347,0.005839196
375316653866487564,3424028265737360128,0.5137048,2297.4221807226345,2.9489158498166743,1.6653315E-5,17.13674,0.0027894166,null,null,null,null,null,null,null,null,null,null,null,null,0.07152484,0.0043683117,0.27396387,0.0038411478,"ELLIPSOIDAL",4,9.627185,null,null,null,null,null,null,null,null,null,null,null,null
375316653866487564,3424032934363935872,0.7427083,2310.414824327488,1.8513211672767613,1.2072167E-6,14.980864,0.0029321497,0.25509176,0.0012364441,0.04527905,0.0045766206,0.14076905,0.015762769,0.7563664,0.0014108155,0.046123054,0.0015993975,0.5032458,0.012167698,0.068125114,0.0039880145,0.25509176,0.0012364441,"TWOGAUSSIANS_WITH_ELLIPSOIDAL_ON_ECLIPSE1",9,6.223936,0.7563664,0.0014013316,0.2582891,0.008956626,0.63948697,0.010767027,0.25509176,0.0012364441,0.25356266,0.025629077,0.27701896,0.020065457
375316653866487564,3424033174882819968,0.51351887,2291.5065650470806,0.8043331580377551,1.0050572E-5,17.862173,0.0023228226,0.2864622,0.011033457,0.025012368,0.019350676,0.028489528,0.018765787,0.56267864,4.3468626E-5,0.0126342885,3.8375857E-4,0.22650935,2.9721536E-4,null,null,null,null,"TWOGAUSSIANS",8,1.6156965,0.56267864,4.3468626E-5,0.07075202,0.002149048,0.22650935,2.9721536E-4,0.2864622,0.011033457,0.14006926,0.108363785,0.028489528,0.018765787
375316653866487564,3424033350979313152,0.6359353,2315.2890788118516,2.5389388049670814,1.2300478E-5,16.896322,0.007121132,0.24813285,0.003329891,0.09226918,0.0045068488,0.31837672,0.008695856,0.75507474,0.004733119,0.09030778,0.005512985,0.36082655,0.016119175,null,null,null,null,"TWOGAUSSIANS",8,4.883285,0.75507474,0.004733119,0.4,0.0,0.34648618,0.0166697,0.24813285,0.003329891,0.4,0.0,0.30403623,0.006382294
375316653866487564,3424035923662045184,0.55748105,2291.7174562418686,2.1347022781285023,3.087564E-5,17.183216,0.0041342513,0.46715733,0.0020507379,0.048118606,0.0032512853,1.3925817,0.36803576,null,null,null,null,null,null,null,null,null,null,"ONEGAUSSIAN",5,5.960928,0.46715733,0.0020507379,0.2694642,0.018207198,1.3925817,0.0,null,null,null,null,null,null
375316653866487564,3424039982408260992,0.65945745,2250.6456202026848,1.0509138814149261,4.81569E-6,12.434328,0.0012958501,0.42818862,0.0036787922,0.054107003,0.0029014964,0.388717,0.014389634,null,null,null,null,null,null,null,null,null,null,"ONEGAUSSIAN",5,77.64703,0.42818862,0.0036787922,0.3029992,0.016248379,0.388717,0.0,null,null,null,null,null,null
375316653866487564,3424041867896783744,0.5354827,2262.209662746626,3.177176106308892,1.12831485E-5,18.656347,0.022313561,0.26155543,0.002275652,0.082579665,0.0059589585,0.3928089,0.019493701,0.76760554,0.004407784,0.082107075,0.008491053,0.341093,0.025180409,null,null,null,null,"TWOGAUSSIANS",8,4.1002803,0.26155543,0.002275652,0.4,0.0,0.3862896,0.015650142,0.76760554,0.004407784,0.4,0.0,0.3345737,0.024483303
375316653866487564,3424044685395324032,0.47491023,2259.6948228282954,2.085443165013878,5.1493815E-5,19.67975,0.08615962,0.35245827,0.01681734,0.09944164,0.047815666,0.175649,0.08127213,0.8376174,0.021799998,0.08773411,0.054929804,0.26245734,0.038461283,null,null,null,null,"TWOGAUSSIANS",8,1.4072758,0.8376174,0.021799998,0.4,0.0,0.2528771,0.052746292,0.35245827,0.01664958,0.4,0.013252546,0.16606736,0.02309462
375316653866487564,3424050457830716928,0.50756615,2328.8126642886587,2.4005477427157866,5.1162206E-5,19.049753,0.006391293,0.6237871,0.017183699,0.027599936,0.004460503,1.6862655,0.8484925,0.3675449,0.029334612,0.024215776,0.08527562,0.13736823,0.10127473,null,null,null,null,"TWOGAUSSIANS",8,1.6214473,0.6237871,0.017182304,0.15455964,0.024978817,1.6862655,0.8487813,0.3675449,0.029334612,0.13560835,0.27539945,0.13736823,0.10127733
375316653866487564,3424053550207229056,0.45967987,2255.6588694827656,2.6807406559947595,4.7125017E-5,17.374393,0.0038605211,0.31099442,0.016951587,0.06123628,0.02556885,0.07962375,0.03340555,0.8376995,0.047615815,0.037285432,0.0380355,0.08768774,0.020478796,null,null,null,null,"TWOGAUSSIANS",8,9.026507,0.8376995,0.047615815,0.20879842,0.2129988,0.087687634,0.02047824,0.31099442,0.016951587,0.34292316,0.14318556,0.079623654,0.03340572
375316653866487564,3424054477920199168,0.5146451,2304.2557298721167,3.394868590793328,2.7001946E-5,18.836267,0.106302515,0.3058155,0.00971461,0.11733083,0.05186645,0.2321822,0.081350476,0.76883715,0.016970547,0.13007851,0.021610945,0.3211694,0.09907444,null,null,null,null,"TWOGAUSSIANS",8,2.0033805,0.76883715,0.016970547,0.4,0.0,0.26918373,0.011030021,0.30664548,0.009699731,0.4,0.0,0.18073249,0.03245266
375316653866487564,3424055100693087872,0.63483006,2294.1265647612468,3.7791111721896016,7.154297E-6,15.577984,0.018559812,0.21297418,0.0043164524,0.044374727,0.007929212,0.31724218,0.06680258,0.6878297,0.007917972,0.04996499,0.0069548585,0.5920452,0.0482648,0.1456071,0.020104965,0.21297418,0.0043164524,"TWOGAUSSIANS_WITH_ELLIPSOIDAL_ON_ECLIPSE1",9,86.57007,0.6900297,0.007109374,0.27980396,0.03894721,0.87667495,0.025197603,0.21297418,0.0043164524,0.24849847,0.04440359,0.6084562,0.060263377
375316653866487564,3424057329779291520,0.48188514,2262.1973756081297,2.9051697338951974,2.5622709E-5,19.563995,0.025426758,0.28701174,0.008040514,0.08773899,0.014901253,0.29558063,0.026950287,0.8040876,0.005611287,0.09359583,0.010017763,0.27365565,0.02524329,null,null,null,null,"TWOGAUSSIANS",8,2.4884362,0.28701174,0.008040514,0.4,0.0,0.2858441,0.023627525,0.8040876,0.005611287,0.4,0.0,0.2639187,0.01659555
375316653866487564,3424058154412038912,0.6329035,2280.602107869802,1.8492818268875628,6.7769097E-6,18.072826,0.0070412457,0.35103196,0.012848357,0.054602917,0.008646698,0.49345428,0.023256397,0.85608137,0.0029692815,0.057847317,0.0045757177,0.14152779,0.0062107537,null,null,null,null,"TWOGAUSSIANS",8,1.989335,0.35103196,0.012848357,0.30577633,0.04842151,0.4934329,0.023197066,0.85608137,0.0029692815,0.323945,0.02562402,0.1415064,0.0061639827
375316653866487564,3424060593954819328,0.51236165,2261.4721900093496,2.719510981356795,9.631788E-6,17.573816,0.19001547,0.31093127,0.014811805,0.15339294,0.047085814,0.32813025,0.18837231,0.7725716,0.013588953,0.12220599,0.035926297,0.29935256,0.16632119,null,null,null,null,"TWOGAUSSIANS",8,8.72918,0.31142125,0.013406182,0.4,0.0,0.23555422,0.05126759,0.7725716,0.013588953,0.4,0.0,0.21075425,0.018301414
375316653866487564,3424061487315815424,0.5017495,2302.4566089796804,3.6183197393389137,8.9495E-5,19.785791,0.02431286,0.29662454,0.055068757,0.07462758,0.04339362,0.4904112,1.698707,0.78107643,0.009776239,0.068795614,0.012409181,0.49787056,0.11761183,null,null,null,null,"TWOGAUSSIANS",8,5.4977264,0.78107643,0.009776239,0.38525546,0.05209771,0.49632666,0.1194958,0.29662454,0.055068757,0.4,0.21797234,0.48886728,1.7003033
375316653866487564,3424062591115804800,0.48115966,2284.6193828115597,2.1568606201790126,3.1519365E-5,18.555168,0.013910979,0.16813688,0.008314618,0.07114804,0.007903889,0.21739227,0.020584164,0.7026799,0.0077027897,0.09892002,0.0084006395,0.19241993,0.0165089,null,null,null,null,"TWOGAUSSIANS",8,4.032492,0.16813688,0.008322066,0.398429,0.030256579,0.21454301,0.019297255,0.7026799,0.0077027897,0.4,0.0,0.1895676,0.015220132
375316653866487564,3424067397181886336,0.4332631,2262.8769049933585,0.19718781203328556,8.9493486E-5,16.93464,0.0065191803,0.2894738,0.009915212,0.070970275,0.0078639155,0.21252884,0.022102328,0.8199711,0.05642746,0.040130693,0.029698884,0.15034002,0.05139698,null,null,null,null,"TWOGAUSSIANS",8,6.931934,0.2894738,0.009915212,0.39743355,0.030253554,0.2125248,0.022071235,0.8199711,0.05642746,0.22473188,0.16631375,0.15033598,0.051267006
375316653866487564,3424074754463402368,0.64475703,2301.6844788083677,2.2234011863668486,5.294033E-6,15.882675,0.008828293,0.2936747,0.0012846942,0.08987032,0.0029474308,0.37109953,0.008234287,0.8013431,0.0026845033,0.09447295,0.0048870207,0.21320939,0.009397835,null,null,null,null,"TWOGAUSSIANS",8,10.431204,0.2936747,0.0012846942,0.4,0.0,0.35859227,0.0062547326,0.8013431,0.0026845033,0.4,0.0,0.2007019,0.007374682
375316653866487564,3424075437363093632,0.4359899,2299.7767105182,0.21837509246547224,8.510465E-5,19.346779,0.31939796,0.39647925,0.07490791,0.14836885,0.07263076,0.38845628,0.18879265,0.82932544,0.05865611,0.23513673,0.08669927,0.39727694,0.31074816,null,null,null,null,"TWOGAUSSIANS",8,3.1116076,0.42460924,0.05760618,0.4,0.023040157,0.23047651,0.009494322,0.82932544,0.05865611,0.4,0.0,0.14564103,0.021471594
375316653866487564,3424078357940857088,0.57178503,2304.837766446768,3.808316020323755,2.534805E-5,19.532482,0.01497713,0.2997198,0.007632985,0.07240672,0.009111972,0.5297905,0.054820135,0.8130539,0.010344436,0.06931292,0.008372259,0.49213642,0.048728034,null,null,null,null,"TWOGAUSSIANS",8,2.1940358,0.2997198,0.007632985,0.4,0.015835686,0.5283438,0.055660374,0.8130539,0.010344436,0.38815236,0.044457145,0.4906897,0.048847087
375316653866487564,3424079697970733568,0.51054084,2293.0751554876692,1.0555213063758184,6.038477E-5,17.830359,0.006204821,0.3054612,0.003389469,0.059863377,0.0056078304,0.13266313,0.0056227935,0.8081972,0.020683182,0.106825575,0.028318593,0.049168017,0.012566009,null,null,null,null,"TWOGAUSSIANS",8,2.232509,0.3054612,0.003389469,0.3352349,0.03140385,0.13128316,0.0038046546,0.8081972,0.020683182,0.4,0.0,0.047786314,0.012772189
375316653866487564,3424081141080837760,0.56108516,2283.069196112717,3.570636828150443,2.0430607E-5,19.733402,0.008346695,0.24017707,0.006129682,0.06321181,0.0056511033,0.35420913,0.01806824,0.74070597,0.022457562,0.06406458,0.013109406,0.27207685,0.06602702,null,null,null,null,"TWOGAUSSIANS",8,0.86987644,0.24017707,0.006129682,0.35398614,0.031646177,0.35393742,0.018021112,0.74070597,0.022457562,0.35876164,0.07341268,0.2718051,0.06605705
375316653866487564,3424082927784498432,0.4833321,2317.95966966715,2.6768805514321183,2.435799E-5,18.386297,0.03567263,0.2527816,0.017126486,0.08969573,0.025207343,0.16496988,0.046833213,0.74468887,0.00951197,0.07421723,0.017447105,0.22291283,0.034081664,null,null,null,null,"TWOGAUSSIANS",8,10.343281,0.74468887,0.00951197,0.4,0.0010903532,0.2198388,0.027461497,0.2527816,0.017126486,0.4,0.0,0.16189577,0.041408986
375316653866487564,3424085783939610752,0.494512,2353.933720329592,2.2103608638860894,2.872695E-5,17.042755,0.0047944654,0.19149582,0.0015647287,0.040455893,0.003364372,0.05813789,0.0058696363,0.7566345,0.009658525,0.0577555,0.010375671,0.14088245,0.056702413,null,null,null,null,"TWOGAUSSIANS",8,10.462451,0.7566345,0.009658525,0.3234308,0.058103755,0.14088243,0.056702446,0.19149582,0.0015647287,0.22655301,0.018840484,0.05813788,0.0058696303
375316653866487564,3424088184824706944,0.4587852,2277.910513837862,3.642748980850936,5.5665358E-5,19.786894,0.03229722,0.19202276,0.010081838,0.07880309,0.013563087,0.29793206,0.061803058,0.70332944,0.025081309,0.079159886,0.029742796,0.2814024,0.041886255,null,null,null,null,"TWOGAUSSIANS",8,2.1029088,0.19202276,0.010081838,0.4,0.0,0.2948585,0.060825035,0.70332944,0.025081309,0.4,0.04993822,0.2783288,0.03854788
375316653866487564,3424091586440257024,0.5145786,2318.007094323774,4.306107530777512,2.9344588E-5,18.890404,0.008458668,0.40002954,0.011678133,0.047522686,0.010251255,0.35037217,0.03233625,0.64508355,0.022420365,0.035693604,0.01567474,0.1540419,0.10272399,0.043553468,0.01943734,0.40002954,0.011678133,"TWOGAUSSIANS_WITH_ELLIPSOIDAL_ON_ECLIPSE1",9,7.2546453,0.40002954,0.011678133,0.26612705,0.057407025,0.4374787,0.027849928,0.64508355,0.02810776,0.19988419,0.087778546,0.15412618,0.10206473
375316653866487564,3424098458386685440,0.47143742,2331.7118320483114,3.0449487122083148,2.3703782E-5,18.680712,0.00825822,0.27870888,0.0058762236,0.10098013,0.011265825,0.14064337,0.014980367,0.7561928,0.0054343804,0.09096735,0.0074171023,0.18090269,0.009761822,null,null,null,null,"TWOGAUSSIANS",8,1.37819,0.7561928,0.0054343804,0.4,0.0,0.17313917,0.008331099,0.27870888,0.0058762236,0.4,0.0,0.13287789,0.016553544
375316653866487564,3424099454818930304,0.4790937,2302.221887912905,3.040666405694448,4.38991E-5,19.303673,0.029334772,0.31409445,0.0070669963,0.07506451,0.01548887,0.20122786,0.061544582,0.8158438,0.009911388,0.08703509,0.023494925,0.20929256,0.020458393,null,null,null,null,"TWOGAUSSIANS",8,1.9885157,0.8158438,0.009911388,0.4,0.0,0.20588689,0.01566462,0.31409445,0.0070669963,0.4,0.023586012,0.19782223,0.06040637
375316653866487564,3424103131311400320,0.47139886,2302.6128512968403,2.310334706217961,3.765713E-5,17.632408,0.0076421103,0.47454557,0.010066981,0.07454516,0.021746779,0.13295138,0.021549862,0.17508397,0.017437855,0.02874739,0.01461238,0.17004427,3.4351037,null,null,null,null,"TWOGAUSSIANS",8,10.77987,0.17509396,0.01754161,0.16098538,0.08182933,0.17008592,3.4350893,0.47454557,0.010066981,0.4,0.07526063,0.13295138,0.021549864
