Gaia/vari_eclipsing_binary/VariEclipsingBinary_468596-468614.csv
# %ECSV 1.0
# ---
# delimiter: ','
# meta: !!omap
# - RELEASE: Gaia DR3
# - TABLE: vari_eclipsing_binary
# - DESCRIPTION: >
#     This table describes the properties of the eclipsing binaries resulting from the variability analysis. 
# - CITATION: >
#     How to cite and acknowledge Gaia: 
#     https://gea.esac.esa.int/archive/documentation/credits.html 
# - KNOWN_ISSUES: >
#     Known issues: 
#     https://www.cosmos.esa.int/web/gaia-users/known-issues 
# - DOCUMENTATION: >
#     Tutorials and documentation: 
#     https://www.cosmos.esa.int/web/gaia-users/archive 
# datatype:
# - 
#   name: solution_id
#   datatype: int64
#   description: Solution Identifier
#   meta:
#     ucd: meta.version
# - 
#   name: source_id
#   datatype: int64
#   description: Unique source identifier
#   meta:
#     ucd: meta.id;meta.main
# - 
#   name: global_ranking
#   datatype: float32
#   description: Number between 0 (worst) and 1 (best)
#   meta:
#     ucd: stat.param
# - 
#   name: reference_time
#   datatype: float64
#   unit: d
#   description: Reference time used for the geometric model fit
#   meta:
#     ucd: time.epoch
# - 
#   name: frequency
#   datatype: float64
#   unit: d**-1
#   description: Frequency of geometric model of the eclipsing binary light curve
#   meta:
#     ucd: src.orbital
# - 
#   name: frequency_error
#   datatype: float32
#   unit: d**-1
#   description: "Uncertainty of \\texttt{frequency}"
#   meta:
#     ucd: stat.error
# - 
#   name: geom_model_reference_level
#   datatype: float32
#   unit: mag
#   description: Magnitude reference level of geometric model
#   meta:
#     ucd: phot.mag;em.opt
# - 
#   name: geom_model_reference_level_error
#   datatype: float32
#   unit: mag
#   description: "Uncertainty of \\texttt{geomModelReferenceLevel}"
#   meta:
#     ucd: stat.error;phot.mag;em.opt
# - 
#   name: geom_model_gaussian1_phase
#   datatype: float32
#   description: Phase of the Gaussian 1 component
#   meta:
#     ucd: time.phase
# - 
#   name: geom_model_gaussian1_phase_error
#   datatype: float32
#   description: "Uncertainty of \\texttt{geomModelGaussian1Phase}"
#   meta:
#     ucd: stat.error;time.phase
# - 
#   name: geom_model_gaussian1_sigma
#   datatype: float32
#   description: "Standard deviation [phase] of Gaussian 1 component"
#   meta:
#     ucd: stat.stdev
# - 
#   name: geom_model_gaussian1_sigma_error
#   datatype: float32
#   description: "Uncertainty of \\texttt{geomModelGaussian1Sigma}"
#   meta:
#     ucd: stat.error
# - 
#   name: geom_model_gaussian1_depth
#   datatype: float32
#   unit: mag
#   description: Magnitude depth of Gaussian 1 component
#   meta:
#     ucd: src.var.amplitude
# - 
#   name: geom_model_gaussian1_depth_error
#   datatype: float32
#   unit: mag
#   description: "Uncertainty of \\texttt{geomModelGaussian1Depth}"
#   meta:
#     ucd: stat.error;src.var.amplitude
# - 
#   name: geom_model_gaussian2_phase
#   datatype: float32
#   description: Phase of Gaussian 2 component
#   meta:
#     ucd: time.phase
# - 
#   name: geom_model_gaussian2_phase_error
#   datatype: float32
#   description: "Uncertainty of \\texttt{geomModelGaussian2Phase}"
#   meta:
#     ucd: stat.error;time.phase
# - 
#   name: geom_model_gaussian2_sigma
#   datatype: float32
[...]
#   datatype: float32
#   description: "Secondary eclipse: uncertainty of \\texttt{derivedSecondaryEclDuration}"
#   meta:
#     ucd: stat.error;time.duration
# - 
#   name: derived_secondary_ecl_depth
#   datatype: float32
#   unit: mag
#   description: "Secondary eclipse: depth"
#   meta:
#     ucd: src.var.amplitude
# - 
#   name: derived_secondary_ecl_depth_error
#   datatype: float32
#   unit: mag
#   description: "Secondary eclipse: uncertainty of \\texttt{derivedSecondaryEclDepth}"
#   meta:
#     ucd: stat.error;src.var.amplitude
solution_id,source_id,global_ranking,reference_time,frequency,frequency_error,geom_model_reference_level,geom_model_reference_level_error,geom_model_gaussian1_phase,geom_model_gaussian1_phase_error,geom_model_gaussian1_sigma,geom_model_gaussian1_sigma_error,geom_model_gaussian1_depth,geom_model_gaussian1_depth_error,geom_model_gaussian2_phase,geom_model_gaussian2_phase_error,geom_model_gaussian2_sigma,geom_model_gaussian2_sigma_error,geom_model_gaussian2_depth,geom_model_gaussian2_depth_error,geom_model_cosine_half_period_amplitude,geom_model_cosine_half_period_amplitude_error,geom_model_cosine_half_period_phase,geom_model_cosine_half_period_phase_error,model_type,num_model_parameters,reduced_chi2,derived_primary_ecl_phase,derived_primary_ecl_phase_error,derived_primary_ecl_duration,derived_primary_ecl_duration_error,derived_primary_ecl_depth,derived_primary_ecl_depth_error,derived_secondary_ecl_phase,derived_secondary_ecl_phase_error,derived_secondary_ecl_duration,derived_secondary_ecl_duration_error,derived_secondary_ecl_depth,derived_secondary_ecl_depth_error
[from data line 409]
375316653866487564,4121924712941759104,0.56753767,2312.035854801001,2.6755676551771366,1.4572764E-5,18.454449,0.011526562,0.24679622,0.0041740527,0.075418495,0.0074148825,0.24424297,0.018997291,0.7354482,0.0027970592,0.08080036,0.009677707,0.46340877,0.041136283,null,null,null,null,"TWOGAUSSIANS",8,3.42626,0.7354482,0.0027970592,0.4,0.0,0.46021646,0.044916596,0.24679622,0.0041740527,0.4,0.0,0.24105068,0.018930102
375316653866487564,4121924854652297216,0.46317673,2331.248660045937,3.176162530285509,2.5702891E-5,19.814905,0.06372695,0.30472532,0.0070446692,0.106542595,0.018805385,0.29825452,0.056431573,0.82872826,0.014384022,0.12404481,0.031259254,0.1910317,0.062375586,null,null,null,null,"TWOGAUSSIANS",8,1.908568,0.30461532,0.0068166843,0.4,0.0,0.26337975,0.019815443,0.82876825,0.014372357,0.4,0.0,0.15602553,0.022785049
375316653866487564,4121925851127198336,0.4906189,2305.282446188548,3.0539839562275337,2.1329673E-5,17.635515,0.033164226,0.21942239,0.008808557,0.09271472,0.017544566,0.16239606,0.033481814,0.7124604,0.005402673,0.09873178,0.021040095,0.16550392,0.02939577,null,null,null,null,"TWOGAUSSIANS",8,11.523908,0.7124604,0.005402673,0.4,0.0,0.15566549,0.011620489,0.21942239,0.008805352,0.4,0.0,0.1525584,0.015969165
375316653866487564,4121926641358829184,0.43684298,2311.760610787284,3.3855857514333056,7.0326525E-5,18.59208,0.052784108,0.2192969,0.011398077,0.11771141,0.028352344,0.19384207,0.053940266,0.6717636,0.022474285,0.10682747,0.028444927,0.21888651,0.06956179,null,null,null,null,"TWOGAUSSIANS",8,6.8631954,0.6717636,0.022474285,0.4,0.0,0.19805154,0.053808827,0.2193769,0.011243601,0.4,0.0,0.17291158,0.025987836
375316653866487564,4121927088030777472,0.5087218,2287.718657196899,2.601349677293842,1.8016803E-5,18.37277,0.03846896,0.2915818,0.004382878,0.10683232,0.022997258,0.17520764,0.033105727,0.7795406,0.008547933,0.0971114,0.025874902,0.1891873,0.034543093,null,null,null,null,"TWOGAUSSIANS",8,3.3949175,0.7795406,0.008547933,0.4,0.0,0.17367484,0.015709952,0.2915818,0.004382245,0.4,0.0,0.159689,0.012105629
375316653866487564,4121927156796962432,0.60643053,2292.313639014201,1.8568644265351362,1.4343215E-5,17.269417,0.004282928,0.26509202,0.0027260506,0.0738909,0.0032907282,0.26896548,0.01377681,0.76436645,0.0025022975,0.08094087,0.0034384134,0.39512426,0.020400442,null,null,null,null,"TWOGAUSSIANS",8,6.0326185,0.76436645,0.0025022975,0.4,0.0,0.39160854,0.02119961,0.26509202,0.0027260506,0.4,0.0,0.26544976,0.014140883
375316653866487564,4121927809590039552,0.5114345,2307.9905984496218,2.929759881503802,3.1505926E-5,18.967741,0.014383819,0.22635819,0.0075286725,0.078621075,0.009761683,0.45379916,0.024560444,0.7228961,0.007220468,0.07570774,0.005288222,0.44147936,0.030744765,null,null,null,null,"TWOGAUSSIANS",8,5.558529,0.22635819,0.0075286725,0.4,0.0,0.4494241,0.024365772,0.7228961,0.007220468,0.4,0.0,0.43710428,0.029281043
375316653866487564,4121928221902572928,0.54679716,2211.2007736535206,2.0773449038161846,1.2153552E-5,19.558374,0.007395189,0.2996404,0.002305555,0.065423876,0.0050646137,0.29154637,0.008379411,0.7893891,0.010534281,0.07880125,0.011842937,0.26563638,0.0404226,null,null,null,null,"TWOGAUSSIANS",8,0.5354377,0.2996404,0.002305555,0.36637372,0.028361836,0.29049084,0.0077543003,0.7893891,0.010534281,0.4,0.017144263,0.26458085,0.040888157
375316653866487564,4121928393698703616,0.47037062,2300.5026408876292,0.18141463549020465,1.1822894E-4,19.934515,0.0113690095,0.2941234,0.013148935,0.046952527,0.014837314,0.28862417,0.09643553,0.8134207,0.010611546,0.038055144,0.006349443,0.3503811,0.058350988,null,null,null,null,"TWOGAUSSIANS",8,2.5681882,0.8134207,0.010611546,0.21310882,0.035556883,0.35038108,0.058350977,0.2941234,0.013148935,0.26293415,0.083088964,0.28862417,0.09643565
375316653866487564,4121928801750290304,0.42656335,2359.895260474828,0.7524868267594647,2.4981613E-5,19.706675,0.014017638,0.27394706,0.014657497,0.05868556,0.009517667,0.2469731,0.031488407,0.7418906,0.04886629,0.02043177,0.030166514,0.1830951,0.19176252,null,null,null,null,"TWOGAUSSIANS",8,2.8920617,0.27394706,0.014657497,0.32863912,0.05329893,0.2469731,0.03148821,0.7418906,0.04886629,0.11441792,0.16893248,0.1830951,0.19176207
375316653866487564,4121928909094914688,0.45234525,2350.6641134258416,2.9468138342279864,6.0411825E-5,19.394026,0.14071396,0.26183853,0.036909986,0.122297116,0.09703556,0.13688084,0.13846654,0.7686118,0.02834911,0.08749455,0.05864971,0.18810053,0.12536274,null,null,null,null,"TWOGAUSSIANS",8,2.0939803,0.76863176,0.028250821,0.4,0.0,0.17167208,0.013528,0.26183853,0.03684164,0.4,0.0,0.12038664,0.027586287
375316653866487564,4121929591994812672,0.5343399,2301.619928942997,1.882061555892369,7.4119635E-5,18.855412,0.01046662,0.27688333,0.007006123,0.043899745,0.01333159,0.4420424,0.22081329,0.78029794,0.0040894845,0.030464422,0.004804427,0.26375157,0.027683312,0.06728457,0.011985234,0.27688333,0.007006123,"TWOGAUSSIANS_WITH_ELLIPSOIDAL_ON_ECLIPSE1",9,6.53613,0.27688333,0.007006123,0.24583857,0.074656904,0.5766114,0.22547661,0.78029794,0.0040711733,0.17060077,0.02690479,0.39825863,0.026672784
375316653866487564,4121929626375861248,0.53787553,2305.9205813821627,2.546307792984777,7.705902E-6,18.471542,0.80268264,0.30579507,0.008078307,0.17127003,0.2583203,0.25059062,0.7975508,0.8002422,0.003006434,0.10394001,0.043254666,0.4055587,0.3808975,null,null,null,null,"TWOGAUSSIANS",8,2.5170555,0.8002422,0.003006434,0.4,0.0,0.30919862,0.014811304,0.3058051,0.0081547825,0.4,0.0,0.1471422,0.025397189
375316653866487564,4121930008615418112,0.46267086,2369.72843226694,3.0593465909761086,2.041012E-5,19.82498,0.06711656,0.22812174,0.005029865,0.13476434,0.026069947,0.28942126,0.062665455,0.7192885,0.0055939513,0.100802355,0.015129978,0.34567082,0.061006863,null,null,null,null,"TWOGAUSSIANS",8,1.2175481,0.7192885,0.0055939513,0.4,0.0,0.28674546,0.017082656,0.22812174,0.0050297454,0.4,0.0,0.22988947,0.01685116
375316653866487564,4121930073030864384,0.5000311,2334.058934529681,1.5103063440404778,5.780735E-5,17.53803,0.010183693,0.31805593,0.10490162,0.08153947,0.102050826,0.0224304,0.03734535,0.6405325,0.020232473,0.016743245,0.036983307,0.5490702,0.6589285,null,null,null,null,"TWOGAUSSIANS",8,3.032851,0.6405325,0.020232473,0.093762174,0.20710652,0.5490792,0.65886754,0.31805593,0.10490162,0.4,0.40259233,0.0224304,0.037345074
375316653866487564,4121930073052442112,0.61744094,2328.9797967280883,1.915461021218696,2.6788557E-5,18.014565,0.009318974,0.15108125,0.002787583,0.08078994,0.008774145,0.11843325,0.009069816,0.6511653,0.0041155163,0.061624784,0.0047593038,0.44139063,0.010285566,null,null,null,null,"TWOGAUSSIANS",8,2.5250347,0.6511653,0.0041155163,0.3450988,0.026652101,0.44054198,0.009856284,0.15108125,0.002787583,0.4,0.0,0.11758459,0.008590739
375316653866487564,4121930485369276032,0.46535963,2343.708883804355,0.03991547254214235,1.7661712E-5,17.12589,0.004384221,0.47121382,0.017729197,0.09745898,0.02419144,0.06282451,0.009521938,0.71758646,0.044966277,0.016810128,0.023205504,0.0603625,0.052488353,null,null,null,null,"TWOGAUSSIANS",8,5.3173013,0.71758646,0.044966277,0.094136715,0.12995082,0.062935196,0.052817766,0.47121382,0.017729197,0.4,0.0,0.062824264,0.009521645
375316653866487564,4121930554067491712,0.56029904,2341.103013337532,3.2003101045828184,1.2791355E-5,18.74584,0.006298181,0.12267577,0.0025795957,0.07163317,0.0034188444,0.5342412,0.014474199,0.62523043,0.0027389864,0.072141364,0.005074353,0.44612893,0.046638925,null,null,null,null,"TWOGAUSSIANS",8,3.2184744,0.12267577,0.0025795957,0.4,0.006887877,0.5320724,0.01446845,0.62523043,0.0027389864,0.4,0.010434094,0.44396013,0.047380626
375316653866487564,4121930897665634688,0.56562096,2329.0584891669914,0.025747929425304072,1.091025E-6,16.65372,0.0010611968,0.35802257,0.002956945,0.0044172728,0.0031476256,0.158298,0.12578875,0.8545386,1.5451062E-5,6.070041E-4,9.833665E-6,0.2996692,0.0034331295,null,null,null,null,"TWOGAUSSIANS",8,3.1713116,0.8545386,1.5451062E-5,0.003399223,5.5068525E-5,0.2996692,0.0034331295,0.35802257,0.002956945,0.024736727,0.017626703,0.158298,0.12578875
375316653866487564,4121930936319917312,0.4515144,2285.2940556136423,3.135094009309384,7.2625364E-5,19.712988,0.043357197,0.30894402,0.009647608,0.10034698,0.017290952,0.4182109,0.05936243,0.8129494,0.020439954,0.064586975,0.011979676,0.55563,0.16298506,null,null,null,null,"TWOGAUSSIANS",8,6.9215603,0.8129494,0.020439954,0.36168706,0.05838765,0.5471301,0.16288468,0.30894402,0.009647608,0.4,0.0,0.40970755,0.057823468
375316653866487564,4121930936368926080,0.5995018,2333.3961278553616,0.6533592494094423,2.3258606E-5,17.226406,0.011914392,0.24256739,0.01839753,0.029641706,0.020185655,0.13031465,0.85575074,0.7368312,0.0068011903,0.035249617,0.0026275713,1.0389104,0.23357372,0.02145158,0.014586697,0.24256739,0.01839753,"TWOGAUSSIANS_WITH_ELLIPSOIDAL_ON_ECLIPSE1",9,27.76052,0.7368512,0.006772488,0.19739786,0.0147144,1.081758,0.23803855,0.24256739,0.01839753,0.16599356,0.113039665,0.1732178,0.87061757
375316653866487564,4121931348636600064,0.46393383,2325.821808194038,0.0533895291105897,2.129516E-5,18.402306,0.0029957383,0.22641435,0.0072009745,0.058670845,0.0074109733,0.16221967,0.030811459,0.50705576,0.028056512,0.0492968,0.018369166,0.19322662,0.2834036,null,null,null,null,"TWOGAUSSIANS",8,2.716636,0.50705576,0.028056512,0.27606207,0.10286733,0.19322836,0.28340542,0.22641435,0.0072009745,0.32855672,0.04150145,0.16221969,0.030811492
375316653866487564,4121931997197820928,0.569207,2330.610942324945,3.505640014987469,2.0152092E-5,18.582623,0.009110952,0.24563907,0.0036630474,0.036552537,0.009891158,0.14939532,0.018041065,0.7306502,0.0031755408,0.050314646,0.0050029797,0.2555303,0.018573426,0.11592726,0.011574508,0.24563907,0.0036630474,"TWOGAUSSIANS_WITH_ELLIPSOIDAL_ON_ECLIPSE1",9,3.4052718,0.7329402,0.0023756784,0.281762,0.028016685,0.48564595,0.0065213777,0.24563907,0.0036630474,0.2046942,0.05539049,0.38124844,0.019201452
375316653866487564,4121932035832395136,0.4385113,2371.6018542357565,1.329592198601184,3.3046803E-5,18.059736,0.009041826,0.11075197,0.0026535902,0.015512364,0.0034476353,0.08048345,0.01824546,0.69462615,0.041703552,0.043618947,0.03509653,0.29954243,0.1079832,null,null,null,null,"TWOGAUSSIANS",8,4.6557164,0.69462615,0.041703552,0.24426611,0.18196262,0.29954243,0.1079832,0.11075197,0.0026535902,0.08686924,0.019306757,0.08048345,0.018245462
375316653866487564,4121932138911609984,0.5517829,2300.6309468735553,2.3297092541186117,1.655397E-5,18.583765,0.019655408,0.20764601,0.005089473,0.10040649,0.007272703,0.42892066,0.01982358,0.7145745,0.004095321,0.08980124,0.010486186,0.43241784,0.047018748,null,null,null,null,"TWOGAUSSIANS",8,4.805191,0.7145745,0.004095321,0.4,0.0,0.40776676,0.054706752,0.20764601,0.005089473,0.4,0.0,0.404266,0.010098313
375316653866487564,4121932138911675136,0.4504574,2361.8338017969522,1.3295651361780159,3.782408E-5,19.491549,0.008708864,0.08517389,0.0023678918,0.016094983,0.0040370263,0.0927216,0.009215333,0.6781947,0.025727918,0.056050822,0.0153191285,0.2232575,0.04203426,null,null,null,null,"TWOGAUSSIANS",8,2.5733082,0.6781947,0.025727918,0.31388462,0.08578712,0.2232575,0.04203426,0.08517389,0.0023678918,0.0901319,0.022607349,0.0927216,0.009215333
375316653866487564,4121932306417486848,0.5955976,2280.2295752104337,1.9589392566963584,1.9115887E-5,17.4338,0.006839568,0.2528907,0.0018390078,0.10410636,0.0052561765,0.15695475,0.0065244273,0.7524869,0.004265822,0.081567675,0.004610669,0.33322695,0.009911446,null,null,null,null,"TWOGAUSSIANS",8,3.8455951,0.7524869,0.004265822,0.4,0.0,0.32196546,0.008112297,0.2528907,0.0018390078,0.4,0.0,0.14569019,0.0038372646
375316653866487564,4121932894825926144,0.5588833,2288.789366349531,2.413716150898683,1.3427186E-5,18.374832,0.010365866,0.2808378,0.0052126553,0.0804926,0.0066326046,0.44163525,0.023041952,0.78689444,0.003766084,0.07743704,0.0042507923,0.4309071,0.017568333,null,null,null,null,"TWOGAUSSIANS",8,7.582118,0.2808378,0.0052126553,0.4,0.0,0.43649265,0.023560679,0.78689444,0.003766084,0.4,0.0,0.4257645,0.017009607
375316653866487564,4121933405926667776,0.5538669,2308.759588076078,1.9015663023703253,1.1102972E-5,17.444553,0.012428254,0.31398365,0.0021547528,0.09687324,0.0063403263,0.18442847,0.012158993,0.8273392,0.0036277063,0.098232515,0.009694452,0.12982965,0.012161832,null,null,null,null,"TWOGAUSSIANS",8,2.433276,0.31398365,0.0021581226,0.4,0.0,0.17475632,0.006528467,0.8273392,0.0036282178,0.4,0.0,0.12015749,0.0071480703
375316653866487564,4121933440294358656,0.5212478,2318.15301098816,0.24178864213300955,3.850925E-5,18.525246,0.010431996,0.24782273,0.014237445,0.025389982,0.010094117,0.86916864,0.5343997,null,null,null,null,null,null,0.08372633,0.014555232,0.24782273,0.014237445,"ONEGAUSSIAN_WITH_ELLIPSOIDAL",6,11.567708,0.24782273,0.014237445,0.1421839,0.05652706,1.0366211,0.54188895,null,null,null,null,null,null
375316653866487564,4121933543385980800,0.5386982,2311.6158534848373,2.4032641290024515,3.0171366E-6,18.437944,0.002242952,0.67354316,0.027194906,0.0225485,0.029852567,0.037245147,0.02094245,0.81828314,7.460072E-4,0.017464168,3.1575447E-4,0.42394948,0.012067056,null,null,null,null,"TWOGAUSSIANS",8,1.6547687,0.81828314,7.460072E-4,0.097799346,0.0017682251,0.42394948,0.012069444,0.67354316,0.027194906,0.1262716,0.16717437,0.037245147,0.02094245
375316653866487564,4121933582021132800,0.52130574,2312.2034563372767,2.2433901829629397,1.9174768E-5,18.307331,0.022249185,0.20093857,0.006649064,0.08651567,0.012528601,0.30284083,0.02041958,0.6978091,0.0044063604,0.07631038,0.005421669,0.3497171,0.02279066,null,null,null,null,"TWOGAUSSIANS",8,6.779295,0.6978091,0.0044063604,0.4,0.0,0.34426022,0.01848054,0.20093857,0.006649064,0.4,0.0,0.2973839,0.016901786
375316653866487564,4121934131777594240,0.5107518,2301.2042414245243,2.662785166433759,1.8051587E-5,19.191055,0.015659863,0.27050087,0.0055874186,0.091241404,0.008133021,0.275269,0.017279066,0.76792955,0.011846866,0.08422718,0.011505858,0.24163961,0.026514163,null,null,null,null,"TWOGAUSSIANS",8,2.090135,0.27050087,0.0055874186,0.4,0.0,0.26672,0.01418277,0.76792955,0.011846866,0.4,0.0,0.23309074,0.025109548
375316653866487564,4121934131777644288,0.5524218,2274.751557751285,1.3808883955393745,6.5218396E-6,18.498335,0.005012947,0.19707431,0.009653265,0.049031246,0.008213853,0.22936851,0.036847543,0.6971126,0.0011795048,0.03562536,0.0010447804,0.38623586,0.011398254,null,null,null,null,"TWOGAUSSIANS",8,2.844893,0.6971126,0.0011795048,0.19950202,0.00585077,0.38623586,0.011398243,0.19707431,0.009653265,0.27457497,0.04599758,0.2293685,0.03684756
375316653866487564,4121934131777692672,0.5259432,2282.812580345052,2.54381004205897,2.6863076E-5,19.661207,0.018765891,0.26561823,0.0062848357,0.075973056,0.006761991,0.4003293,0.02206748,0.77639437,0.003825276,0.08339993,0.010967909,0.45079693,0.025578301,null,null,null,null,"TWOGAUSSIANS",8,2.3440573,0.77639437,0.003825276,0.4,0.0,0.44579017,0.026647106,0.26561823,0.0062848357,0.4,0.0,0.39532256,0.019728925
375316653866487564,4121934264920262400,0.63047725,2307.311040955077,1.455608979478287,4.0391274E-6,14.592913,0.008538208,0.22292346,0.0019043604,0.12493985,0.008995052,0.10782656,0.008143766,0.72081625,7.3671073E-4,0.116197206,0.0041478975,0.15194568,0.008246904,null,null,null,null,"TWOGAUSSIANS",8,4.0335393,0.72081625,7.3671073E-4,0.4,0.0,0.12311297,0.0010372513,0.22293346,0.0019043604,0.4,0.0,0.078950964,0.0014383413
