Gaia/vari_eclipsing_binary/VariEclipsingBinary_705969-706346.csv
# %ECSV 1.0
# ---
# delimiter: ','
# meta: !!omap
# - RELEASE: Gaia DR3
# - TABLE: vari_eclipsing_binary
# - DESCRIPTION: >
#     This table describes the properties of the eclipsing binaries resulting from the variability analysis. 
# - CITATION: >
#     How to cite and acknowledge Gaia: 
#     https://gea.esac.esa.int/archive/documentation/credits.html 
# - KNOWN_ISSUES: >
#     Known issues: 
#     https://www.cosmos.esa.int/web/gaia-users/known-issues 
# - DOCUMENTATION: >
#     Tutorials and documentation: 
#     https://www.cosmos.esa.int/web/gaia-users/archive 
# datatype:
# - 
#   name: solution_id
#   datatype: int64
#   description: Solution Identifier
#   meta:
#     ucd: meta.version
# - 
#   name: source_id
#   datatype: int64
#   description: Unique source identifier
#   meta:
#     ucd: meta.id;meta.main
# - 
#   name: global_ranking
#   datatype: float32
#   description: Number between 0 (worst) and 1 (best)
#   meta:
#     ucd: stat.param
# - 
#   name: reference_time
#   datatype: float64
#   unit: d
#   description: Reference time used for the geometric model fit
#   meta:
#     ucd: time.epoch
# - 
#   name: frequency
#   datatype: float64
#   unit: d**-1
#   description: Frequency of geometric model of the eclipsing binary light curve
#   meta:
#     ucd: src.orbital
# - 
#   name: frequency_error
#   datatype: float32
#   unit: d**-1
#   description: "Uncertainty of \\texttt{frequency}"
#   meta:
#     ucd: stat.error
# - 
#   name: geom_model_reference_level
#   datatype: float32
#   unit: mag
#   description: Magnitude reference level of geometric model
#   meta:
#     ucd: phot.mag;em.opt
# - 
#   name: geom_model_reference_level_error
#   datatype: float32
#   unit: mag
#   description: "Uncertainty of \\texttt{geomModelReferenceLevel}"
#   meta:
#     ucd: stat.error;phot.mag;em.opt
# - 
#   name: geom_model_gaussian1_phase
#   datatype: float32
#   description: Phase of the Gaussian 1 component
#   meta:
#     ucd: time.phase
# - 
#   name: geom_model_gaussian1_phase_error
#   datatype: float32
#   description: "Uncertainty of \\texttt{geomModelGaussian1Phase}"
#   meta:
#     ucd: stat.error;time.phase
# - 
#   name: geom_model_gaussian1_sigma
#   datatype: float32
#   description: "Standard deviation [phase] of Gaussian 1 component"
#   meta:
#     ucd: stat.stdev
# - 
#   name: geom_model_gaussian1_sigma_error
#   datatype: float32
#   description: "Uncertainty of \\texttt{geomModelGaussian1Sigma}"
#   meta:
#     ucd: stat.error
# - 
#   name: geom_model_gaussian1_depth
#   datatype: float32
#   unit: mag
#   description: Magnitude depth of Gaussian 1 component
#   meta:
#     ucd: src.var.amplitude
# - 
#   name: geom_model_gaussian1_depth_error
#   datatype: float32
#   unit: mag
#   description: "Uncertainty of \\texttt{geomModelGaussian1Depth}"
#   meta:
#     ucd: stat.error;src.var.amplitude
# - 
#   name: geom_model_gaussian2_phase
#   datatype: float32
#   description: Phase of Gaussian 2 component
#   meta:
#     ucd: time.phase
# - 
#   name: geom_model_gaussian2_phase_error
#   datatype: float32
#   description: "Uncertainty of \\texttt{geomModelGaussian2Phase}"
#   meta:
#     ucd: stat.error;time.phase
# - 
#   name: geom_model_gaussian2_sigma
#   datatype: float32
[...]
#   datatype: float32
#   description: "Secondary eclipse: uncertainty of \\texttt{derivedSecondaryEclDuration}"
#   meta:
#     ucd: stat.error;time.duration
# - 
#   name: derived_secondary_ecl_depth
#   datatype: float32
#   unit: mag
#   description: "Secondary eclipse: depth"
#   meta:
#     ucd: src.var.amplitude
# - 
#   name: derived_secondary_ecl_depth_error
#   datatype: float32
#   unit: mag
#   description: "Secondary eclipse: uncertainty of \\texttt{derivedSecondaryEclDepth}"
#   meta:
#     ucd: stat.error;src.var.amplitude
solution_id,source_id,global_ranking,reference_time,frequency,frequency_error,geom_model_reference_level,geom_model_reference_level_error,geom_model_gaussian1_phase,geom_model_gaussian1_phase_error,geom_model_gaussian1_sigma,geom_model_gaussian1_sigma_error,geom_model_gaussian1_depth,geom_model_gaussian1_depth_error,geom_model_gaussian2_phase,geom_model_gaussian2_phase_error,geom_model_gaussian2_sigma,geom_model_gaussian2_sigma_error,geom_model_gaussian2_depth,geom_model_gaussian2_depth_error,geom_model_cosine_half_period_amplitude,geom_model_cosine_half_period_amplitude_error,geom_model_cosine_half_period_phase,geom_model_cosine_half_period_phase_error,model_type,num_model_parameters,reduced_chi2,derived_primary_ecl_phase,derived_primary_ecl_phase_error,derived_primary_ecl_duration,derived_primary_ecl_duration_error,derived_primary_ecl_depth,derived_primary_ecl_depth_error,derived_secondary_ecl_phase,derived_secondary_ecl_phase_error,derived_secondary_ecl_duration,derived_secondary_ecl_duration_error,derived_secondary_ecl_depth,derived_secondary_ecl_depth_error
[from data line 75]
375316653866487564,6210312432717529472,0.48576865,2130.173859955208,0.1896706664714854,1.8618052E-4,16.724411,0.04175628,0.27620918,0.023597406,0.08996546,0.032691907,0.19264702,0.23637582,0.76095057,0.017409377,0.06178945,0.044986922,0.58740366,0.40007094,null,null,null,null,"TWOGAUSSIANS",8,49.549404,0.76095057,0.017409377,0.3460209,0.06054875,0.58557856,0.42964926,0.27620918,0.023597406,0.4,0.0,0.19082184,0.23589636
375316653866487564,6210314971039529728,0.46298027,2069.940146085838,0.3202235214743038,4.6065114E-5,18.392738,0.014888511,0.29222757,0.007583587,0.07623976,0.00852187,0.32810807,0.07081429,0.74213785,0.0132038295,0.071823746,0.017579634,0.4096376,0.0991405,null,null,null,null,"TWOGAUSSIANS",8,4.747321,0.74213785,0.0132038295,0.4,0.06253012,0.40890306,0.099775635,0.29222757,0.007583587,0.4,0.007523384,0.32737353,0.07099175
375316653866487564,6210324115028200960,0.5176721,2146.2351220929836,2.9835044352367657,3.0519983E-5,16.455254,0.014543968,0.30298218,0.018212253,0.08925209,0.02901561,0.11688661,0.01390914,0.78690857,0.00977466,0.08695168,0.011540233,0.17657223,0.016265338,null,null,null,null,"TWOGAUSSIANS",8,27.470928,0.78690857,0.00977466,0.4,0.0,0.17265423,0.011665723,0.30298218,0.018212253,0.4,0.0,0.11296859,0.010562235
375316653866487564,6210334044991758336,0.571008,2103.566225540202,3.9696610916669686,9.969487E-6,16.84517,0.012987646,0.28666514,0.0028144834,0.07024863,0.0031244527,0.5296756,0.014230741,0.7731498,0.0048200493,0.088539414,0.010540911,0.3889157,0.04172783,null,null,null,null,"TWOGAUSSIANS",8,28.72071,0.28666514,0.0028144834,0.39339235,0.014623222,0.5249477,0.01204498,0.7731498,0.0048200493,0.4,0.0,0.38418767,0.04429824
375316653866487564,6210338408678599040,0.5573359,2138.1093032382587,2.54993524288969,8.5850215E-6,14.582815,0.011660944,0.20986862,0.0022418385,0.08190903,0.0041923583,0.37865257,0.015502717,0.71609265,0.0035451252,0.09261785,0.0060275714,0.32465592,0.021204293,null,null,null,null,"TWOGAUSSIANS",8,169.65714,0.20986862,0.0022418385,0.4,0.0,0.36828825,0.014882504,0.71609265,0.0035451252,0.4,0.0,0.31429127,0.021838358
375316653866487564,6210339198952555904,0.5654963,2134.083061931292,2.5850483711566348,6.760669E-6,15.393406,0.024702819,0.30269513,0.0032445015,0.09043152,0.012723656,0.39530393,0.050891895,0.8077152,0.0019356883,0.075127326,0.005514973,0.4610487,0.02080829,null,null,null,null,"TWOGAUSSIANS",8,142.98882,0.8077152,0.0019356883,0.4,0.005367696,0.45301092,0.015539838,0.30269513,0.0032445015,0.4,0.0,0.38726595,0.055430982
375316653866487564,6210356099647950976,0.6016005,2153.560783785466,2.4150870965644233,7.497211E-6,17.590734,0.011565629,0.25855473,0.0028301713,0.05425441,0.008353727,0.16922331,0.02930829,0.7430193,0.0042347074,0.054636404,0.008119741,0.17604327,0.02255552,0.08730735,0.014342033,0.25855473,0.0028301713,"TWOGAUSSIANS_WITH_ELLIPSOIDAL_ON_ECLIPSE1",9,4.4722304,0.7459593,0.0032571028,0.30596387,0.04547055,0.34930494,0.013225781,0.25855473,0.0028301713,0.3038247,0.04678087,0.34383103,0.020453935
375316653866487564,6210362013818860160,0.5956989,2136.8979295110207,3.004904442376072,1.0858819E-5,15.833793,0.1286324,0.23427644,0.0053283502,0.094051905,0.042585496,0.44121686,0.038335476,0.7397861,0.005487013,0.105297774,0.020738719,0.4307222,0.12546997,null,null,null,null,"TWOGAUSSIANS",8,43.656574,0.23427644,0.0053459895,0.4,0.0,0.4063143,0.093401186,0.7397861,0.005461678,0.4,0.0,0.39580908,0.012029266
375316653866487564,6210362872812296448,0.5338164,2142.762487865985,3.364745187014888,2.6867414E-5,18.292936,0.358246,0.21592005,0.010547584,0.14167763,0.08967771,0.28713316,0.3564738,0.72101676,0.0051382068,0.108590774,0.039099995,0.31040958,0.30124983,null,null,null,null,"TWOGAUSSIANS",8,3.0904486,0.72114676,0.0061346074,0.4,0.0,0.23508058,0.01480456,0.21591005,0.010425915,0.4,0.0,0.21067742,0.012873972
375316653866487564,6210367026043765632,0.53567404,2161.9718430021867,4.417360914475956,1.3380403E-5,17.184296,0.0050813695,0.22981471,0.003933511,0.07666187,0.0070282053,0.089630514,0.0049215266,0.7311584,0.005843919,0.06719687,0.010038165,0.08929375,0.008446395,null,null,null,null,"TWOGAUSSIANS",8,2.8683236,0.22981471,0.003933511,0.4,0.0,0.089218944,0.004660529,0.7311584,0.005843919,0.37630248,0.04093703,0.08888218,0.008541007
375316653866487564,6210367511376987392,0.48987517,2082.967506498943,0.6965087207562902,8.119757E-5,17.287071,0.016768198,0.1900578,0.00943706,0.08122613,0.018495683,0.13869004,0.0153367445,0.6733694,0.016665729,0.09266751,0.024183799,0.20087878,0.10995399,null,null,null,null,"TWOGAUSSIANS",8,6.6534595,0.6733694,0.016665729,0.4,0.0,0.1968012,0.11363282,0.1900578,0.009429689,0.4,0.0,0.13461274,0.011546702
375316653866487564,6210367850677445760,0.5297186,2056.460167920747,4.284900124222801,3.3020617E-5,18.697279,0.016935706,0.23457584,0.011431515,0.07519314,0.013071043,0.33557603,0.04110843,0.75733316,0.012864732,0.058642935,0.013409516,0.3518748,0.020251423,null,null,null,null,"TWOGAUSSIANS",8,4.893003,0.75733316,0.012864732,0.32840043,0.075093284,0.35154423,0.020194089,0.23457584,0.011431515,0.4,0.0,0.33524546,0.041224636
375316653866487564,6210373485674885248,0.45710796,2129.8992392962846,0.3581043738644684,6.7373054E-5,19.692797,0.020168073,0.4024261,0.013575255,0.05960657,0.020486139,0.32763922,0.09133501,0.8089898,0.014497975,0.0568221,0.012112065,0.3392628,0.051481385,null,null,null,null,"TWOGAUSSIANS",8,3.2566905,0.8089898,0.014497975,0.31820375,0.06782757,0.3392613,0.051481117,0.4024261,0.013575255,0.3337968,0.11472238,0.3276377,0.091343075
375316653866487564,6210374005368171008,0.53534156,2142.6026116746207,3.844027554015714,1.5558062E-5,18.421898,0.017799383,0.25968054,0.008293515,0.08684611,0.0118293315,0.27401513,0.01741947,0.7298597,0.011549314,0.08006722,0.015052666,0.32830122,0.09053887,null,null,null,null,"TWOGAUSSIANS",8,3.935428,0.7298597,0.011549314,0.4,0.0,0.3244307,0.09563,0.25968054,0.008293515,0.4,0.0,0.2701445,0.013903571
375316653866487564,6210374177166343808,0.5613266,2140.695994647862,0.04000329661735554,7.8592675E-5,18.649973,0.009760663,0.24891713,0.014460455,0.15387504,0.02559057,0.072934106,0.009411803,0.7169571,0.0073099495,0.049032565,0.021133756,0.49926066,206.40694,null,null,null,null,"TWOGAUSSIANS",8,1.2651602,0.7169571,0.0073099495,0.2745824,0.11834904,0.49435925,206.40987,0.24891713,0.014460455,0.4,0.0,0.06713311,0.0067043635
375316653866487564,6210375929512954752,0.6301816,2150.0108200530813,2.0817044735309667,5.462283E-6,16.430397,0.004330297,0.24620777,0.0071969028,0.07670932,0.007926776,0.10994008,0.009135597,0.75675017,0.014370414,0.05266074,0.0087788105,0.4501589,0.042784672,null,null,null,null,"TWOGAUSSIANS",8,7.6234465,0.75675017,0.014370414,0.29490015,0.049161337,0.45000365,0.042272955,0.24620777,0.0071969028,0.4,0.0,0.10978484,0.009215044
375316653866487564,6210381736308926720,0.5444777,2120.5906309148772,3.852087959190839,4.878967E-5,19.68571,0.027896151,0.18818858,0.010808911,0.069986135,0.0087159565,0.4893725,0.032016013,0.69425964,0.00955194,0.0760674,0.009088361,0.68867135,0.05989597,null,null,null,null,"TWOGAUSSIANS",8,3.527181,0.69425964,0.00955194,0.4,0.0071953014,0.68578595,0.05964065,0.18818858,0.010808911,0.39192238,0.031508956,0.48648712,0.029981475
375316653866487564,6210393075022710272,0.5856021,2069.671256535368,2.9143278082442747,1.0285441E-5,17.844517,0.0046851435,0.24819976,0.0033011385,0.0780814,0.0036125223,0.48336333,0.014663983,0.75449425,8.732562E-4,0.075613305,0.0016709061,0.46153256,0.011311896,null,null,null,null,"TWOGAUSSIANS",8,6.128452,0.24819976,0.0033011385,0.4,0.0,0.47920415,0.0150186205,0.75449425,8.732562E-4,0.4,0.0,0.45737338,0.011498316
375316653866487564,6210413347267818752,0.59736586,2122.8912414302804,3.0286262096033445,6.1071255E-6,16.901588,0.009121274,0.29478472,0.003581927,0.08745957,0.004001982,0.28836876,0.015459799,0.79145557,0.0020098996,0.08519922,0.004619031,0.29192635,0.008288668,null,null,null,null,"TWOGAUSSIANS",8,6.138647,0.79145557,0.0020098996,0.4,0.0,0.2836424,0.0065692714,0.29478472,0.003581927,0.4,0.0,0.2800848,0.014981905
375316653866487564,6210423414671802112,0.6390768,2134.727875345393,3.2440302915453425,6.4006126E-6,15.827788,0.03624976,0.2210162,0.0018154755,0.062651575,0.00800571,0.28254265,0.07310728,0.71738946,0.0041989773,0.067155704,0.011100725,0.29978582,0.07058003,0.08624588,0.037816502,0.2210162,0.0018154755,"TWOGAUSSIANS_WITH_ELLIPSOIDAL_ON_ECLIPSE1",9,25.486738,0.7180095,0.0034587216,0.37607193,0.06133735,0.4718653,0.014844094,0.2210162,0.0018154755,0.35084882,0.04483198,0.45469645,0.0071553686
375316653866487564,6210423723909469184,0.6174775,2116.6804127589835,2.326283702261296,8.29659E-6,15.554786,0.009412057,0.22585237,0.0025319627,0.09941531,0.0057085482,0.24800234,0.009011191,0.73064125,0.0034901039,0.09308232,0.0049817576,0.2563164,0.00988548,null,null,null,null,"TWOGAUSSIANS",8,12.524758,0.73064125,0.0034901039,0.4,0.0,0.24014214,0.0051164674,0.22585237,0.0025319627,0.4,0.0,0.23182672,0.007115591
375316653866487564,6210436402652869248,0.5519153,2164.5101493404386,3.0415390954495134,1.4775209E-5,17.895214,0.01811923,0.21293646,0.012343949,0.0428574,0.010505274,0.13431539,0.042475395,0.6838581,0.005264221,0.047455046,0.0098769665,0.2081229,0.043230806,0.081768446,0.026231764,0.21293646,0.012343949,"TWOGAUSSIANS_WITH_ELLIPSOIDAL_ON_ECLIPSE1",9,7.3225865,0.6873781,0.004610657,0.26574826,0.055311013,0.3669068,0.022154931,0.21293646,0.012343949,0.24000144,0.05882953,0.29785228,0.030556606
375316653866487564,6210440113504579456,0.61075544,2057.9092525228393,0.6444869522289465,1.6612772E-5,10.16083,0.019241344,0.29165682,0.014746241,0.03549921,0.038570568,0.09511803,0.047386006,0.7746053,0.046909884,0.04238213,0.0401607,0.068625934,0.054765984,0.034331277,0.01995594,0.29165682,0.014746241,"TWOGAUSSIANS_WITH_ELLIPSOIDAL_ON_ECLIPSE1",9,19.275997,0.29165682,0.014746241,0.19879559,0.21599518,0.16378053,0.053418458,0.7767153,0.046256617,0.23733991,0.22489992,0.13660006,0.01850066
375316653866487564,6210440491461716608,0.528128,2154.4182332729583,1.7868314627490058,1.08776934E-4,16.464497,0.013586565,0.29167363,0.0035819132,0.05602994,0.0035877193,0.8378119,0.12602326,0.8018898,0.013513601,0.0371738,0.014474003,0.16890572,0.7644107,null,null,null,null,"TWOGAUSSIANS",8,154.2627,0.29167363,0.0035819132,0.31376767,0.020091228,0.8378116,0.12602344,0.8018898,0.013513601,0.20817327,0.08105441,0.16890545,0.7644109
375316653866487564,6210446298257532544,0.5684671,2193.3974405051636,3.502556996084422,1.39563235E-5,16.90194,0.039140414,0.28128782,0.004341148,0.11564349,0.019646857,0.22799635,0.037186615,0.7744453,0.003644989,0.10905616,0.01699979,0.21444571,0.035954446,null,null,null,null,"TWOGAUSSIANS",8,5.432008,0.2812978,0.004358528,0.4,0.0,0.1932522,0.007609114,0.7744453,0.003644989,0.4,0.0,0.17973043,0.008160979
375316653866487564,6210453651238050816,0.49671593,2127.042327170201,3.487413916113142,2.9004019E-5,19.42436,0.007866938,0.21734302,0.10312156,0.06965759,0.053133085,0.12332402,0.14391027,0.6748765,0.00828896,0.04424825,0.0048885504,0.3864283,0.05831305,null,null,null,null,"TWOGAUSSIANS",8,1.4485533,0.6748765,0.00828896,0.2477902,0.027375882,0.38642392,0.058312427,0.21734302,0.10312156,0.39008248,0.28631157,0.123319626,0.14391908
375316653866487564,6210456704959270144,0.577619,2143.562931943531,1.9740801043401335,1.9759365E-5,19.186705,0.0068543507,0.23982987,7.617314E-4,0.031715814,6.469237E-4,0.5670417,0.008217077,0.7350883,0.0027958534,0.028982162,0.0019462113,0.35743758,0.009522598,null,null,null,null,"TWOGAUSSIANS",8,2.32015,0.23982987,7.617314E-4,0.17760856,0.003622773,0.5670417,0.008217077,0.7350883,0.0027958534,0.16230011,0.010898784,0.35743758,0.009522598
375316653866487564,6210458805198824448,0.50693583,2109.5163992658886,3.9230890768732216,2.2513357E-5,19.682001,0.022003861,0.31580254,0.0031331915,0.09899772,0.009734949,0.30322006,0.01933356,0.8009129,0.047184367,0.06258117,0.03640374,0.34400064,0.62860674,null,null,null,null,"TWOGAUSSIANS",8,1.824053,0.8009129,0.047184367,0.35045454,0.20386095,0.3401484,0.6320819,0.31580254,0.0031331915,0.4,0.0,0.29936555,0.01627859
375316653866487564,6210462752273320192,0.5618627,2098.178942198928,0.5229399352367253,4.2924374E-5,17.14051,0.0029422245,0.22169861,0.11755301,0.025839357,0.050439406,0.23002073,0.48264122,0.7632818,1.8328456E-4,0.037867628,8.638489E-4,0.14364818,0.0026285623,null,null,null,null,"TWOGAUSSIANS",8,4.3542285,0.22169861,0.11755301,0.1447004,0.28246066,0.23002073,0.48264128,0.7632818,1.8328456E-4,0.21205872,0.0048375535,0.14364818,0.0026278596
375316653866487564,6210473025834420864,0.5134655,2127.7535127839137,3.3145422388027126,2.20968E-5,17.686588,0.015072401,0.24478903,0.011473391,0.0843642,0.015377821,0.18670851,0.013541607,0.7586583,0.004975291,0.10481527,0.012797241,0.14430864,0.015340651,null,null,null,null,"TWOGAUSSIANS",8,4.6442275,0.24478903,0.01147356,0.4,0.0,0.17870283,0.011477419,0.7586583,0.004975291,0.4,0.0,0.13629903,0.012657068
375316653866487564,6210485296559680000,0.5671534,2164.9168686141356,3.961464469233366,1.2805212E-5,18.291773,0.009524302,0.25842145,0.038793474,0.041374728,0.026470792,0.15056509,0.04532427,0.81666934,0.003939847,0.038694665,0.010295019,0.2786376,0.36137575,0.121866584,0.013921789,0.81666934,0.003939847,"TWOGAUSSIANS_WITH_ELLIPSOIDAL_ON_ECLIPSE2",9,3.7784774,0.81666934,0.003939847,0.21669014,0.057652105,0.52237064,0.36359638,0.26861143,0.04154258,0.23169848,0.14823644,0.36824453,0.045543786
375316653866487564,6210489071833303808,0.54480326,2164.6472474280176,4.795065184906518,1.502713E-5,19.492977,0.018323082,0.27611312,0.011794734,0.06875772,0.012123284,0.83578694,0.14129849,0.789446,0.00515084,0.07363945,0.007663629,0.49991208,0.052286163,null,null,null,null,"TWOGAUSSIANS",8,2.279188,0.27611312,0.011794734,0.38504326,0.021748677,0.8338638,0.14676012,0.789446,0.00515084,0.4,0.005885998,0.49798894,0.053975508
375316653866487564,6210489277995306624,0.5389423,2140.928868721071,0.06933315333517424,4.2909207E-5,18.089617,0.003871508,0.33934125,0.05668632,0.048995487,0.04489449,0.1335873,0.022424417,0.78151035,0.0013556054,0.022303533,0.002035906,0.29645807,0.031865958,null,null,null,null,"TWOGAUSSIANS",8,2.481332,0.78151035,0.0013556054,0.12489979,0.011401074,0.29645807,0.031866387,0.33934125,0.05668632,0.27437472,0.1383118,0.1335873,0.022439966
375316653866487564,6210498147102451200,0.5600834,2174.9907129316593,3.773728359037736,1.5367677E-5,17.902315,0.009249757,0.29555014,0.0046292976,0.08330123,0.00869806,0.20317945,0.007761879,0.8016338,0.004173797,0.08561121,0.007838414,0.23207119,0.0135228075,null,null,null,null,"TWOGAUSSIANS",8,3.2935956,0.8016338,0.004173797,0.4,0.0,0.2271872,0.014175398,0.29555014,0.0046292976,0.4,0.0,0.19829547,0.005938616
375316653866487564,6210509687675687424,0.5191874,2114.7246336764283,3.5255098379574825,2.4507322E-5,17.933622,0.36567888,0.29091388,0.016519258,0.113467544,0.049002495,0.38535202,0.3170688,0.7924223,0.004945173,0.14242901,0.09206131,0.31712773,0.35354024,null,null,null,null,"TWOGAUSSIANS",8,9.481509,0.2908739,0.016670717,0.4,0.0,0.2867646,0.03706745,0.7924323,0.0049139033,0.4,0.0,0.21724914,0.03406986
375316653866487564,6210512784350587264,0.52165365,2158.7817225978993,2.922602870807046,2.8312583E-5,14.286908,0.97487795,0.19789456,0.019171337,0.20424204,0.15784487,0.7690904,0.8959146,0.6925201,0.011905422,0.20155697,0.12335552,0.7753765,0.84963,null,null,null,null,"TWOGAUSSIANS",8,78.24784,0.6925201,0.011905422,0.4,0.0,0.13953152,0.010731489,0.20310456,0.014421572,0.4,0.0,0.12801826,0.015493638
