Gaia/vari_eclipsing_binary/VariEclipsingBinary_356712-357062.csv
# %ECSV 1.0
# ---
# delimiter: ','
# meta: !!omap
# - RELEASE: Gaia DR3
# - TABLE: vari_eclipsing_binary
# - DESCRIPTION: >
#     This table describes the properties of the eclipsing binaries resulting from the variability analysis. 
# - CITATION: >
#     How to cite and acknowledge Gaia: 
#     https://gea.esac.esa.int/archive/documentation/credits.html 
# - KNOWN_ISSUES: >
#     Known issues: 
#     https://www.cosmos.esa.int/web/gaia-users/known-issues 
# - DOCUMENTATION: >
#     Tutorials and documentation: 
#     https://www.cosmos.esa.int/web/gaia-users/archive 
# datatype:
# - 
#   name: solution_id
#   datatype: int64
#   description: Solution Identifier
#   meta:
#     ucd: meta.version
# - 
#   name: source_id
#   datatype: int64
#   description: Unique source identifier
#   meta:
#     ucd: meta.id;meta.main
# - 
#   name: global_ranking
#   datatype: float32
#   description: Number between 0 (worst) and 1 (best)
#   meta:
#     ucd: stat.param
# - 
#   name: reference_time
#   datatype: float64
#   unit: d
#   description: Reference time used for the geometric model fit
#   meta:
#     ucd: time.epoch
# - 
#   name: frequency
#   datatype: float64
#   unit: d**-1
#   description: Frequency of geometric model of the eclipsing binary light curve
#   meta:
#     ucd: src.orbital
# - 
#   name: frequency_error
#   datatype: float32
#   unit: d**-1
#   description: "Uncertainty of \\texttt{frequency}"
#   meta:
#     ucd: stat.error
# - 
#   name: geom_model_reference_level
#   datatype: float32
#   unit: mag
#   description: Magnitude reference level of geometric model
#   meta:
#     ucd: phot.mag;em.opt
# - 
#   name: geom_model_reference_level_error
#   datatype: float32
#   unit: mag
#   description: "Uncertainty of \\texttt{geomModelReferenceLevel}"
#   meta:
#     ucd: stat.error;phot.mag;em.opt
# - 
#   name: geom_model_gaussian1_phase
#   datatype: float32
#   description: Phase of the Gaussian 1 component
#   meta:
#     ucd: time.phase
# - 
#   name: geom_model_gaussian1_phase_error
#   datatype: float32
#   description: "Uncertainty of \\texttt{geomModelGaussian1Phase}"
#   meta:
#     ucd: stat.error;time.phase
# - 
#   name: geom_model_gaussian1_sigma
#   datatype: float32
#   description: "Standard deviation [phase] of Gaussian 1 component"
#   meta:
#     ucd: stat.stdev
# - 
#   name: geom_model_gaussian1_sigma_error
#   datatype: float32
#   description: "Uncertainty of \\texttt{geomModelGaussian1Sigma}"
#   meta:
#     ucd: stat.error
# - 
#   name: geom_model_gaussian1_depth
#   datatype: float32
#   unit: mag
#   description: Magnitude depth of Gaussian 1 component
#   meta:
#     ucd: src.var.amplitude
# - 
#   name: geom_model_gaussian1_depth_error
#   datatype: float32
#   unit: mag
#   description: "Uncertainty of \\texttt{geomModelGaussian1Depth}"
#   meta:
#     ucd: stat.error;src.var.amplitude
# - 
#   name: geom_model_gaussian2_phase
#   datatype: float32
#   description: Phase of Gaussian 2 component
#   meta:
#     ucd: time.phase
# - 
#   name: geom_model_gaussian2_phase_error
#   datatype: float32
#   description: "Uncertainty of \\texttt{geomModelGaussian2Phase}"
#   meta:
#     ucd: stat.error;time.phase
# - 
#   name: geom_model_gaussian2_sigma
#   datatype: float32
[...]
#   datatype: float32
#   description: "Secondary eclipse: uncertainty of \\texttt{derivedSecondaryEclDuration}"
#   meta:
#     ucd: stat.error;time.duration
# - 
#   name: derived_secondary_ecl_depth
#   datatype: float32
#   unit: mag
#   description: "Secondary eclipse: depth"
#   meta:
#     ucd: src.var.amplitude
# - 
#   name: derived_secondary_ecl_depth_error
#   datatype: float32
#   unit: mag
#   description: "Secondary eclipse: uncertainty of \\texttt{derivedSecondaryEclDepth}"
#   meta:
#     ucd: stat.error;src.var.amplitude
solution_id,source_id,global_ranking,reference_time,frequency,frequency_error,geom_model_reference_level,geom_model_reference_level_error,geom_model_gaussian1_phase,geom_model_gaussian1_phase_error,geom_model_gaussian1_sigma,geom_model_gaussian1_sigma_error,geom_model_gaussian1_depth,geom_model_gaussian1_depth_error,geom_model_gaussian2_phase,geom_model_gaussian2_phase_error,geom_model_gaussian2_sigma,geom_model_gaussian2_sigma_error,geom_model_gaussian2_depth,geom_model_gaussian2_depth_error,geom_model_cosine_half_period_amplitude,geom_model_cosine_half_period_amplitude_error,geom_model_cosine_half_period_phase,geom_model_cosine_half_period_phase_error,model_type,num_model_parameters,reduced_chi2,derived_primary_ecl_phase,derived_primary_ecl_phase_error,derived_primary_ecl_duration,derived_primary_ecl_duration_error,derived_primary_ecl_depth,derived_primary_ecl_depth_error,derived_secondary_ecl_phase,derived_secondary_ecl_phase_error,derived_secondary_ecl_duration,derived_secondary_ecl_duration_error,derived_secondary_ecl_depth,derived_secondary_ecl_depth_error
[from data line 442]
375316653866487564,3139768256136837888,0.52214766,2165.069323247737,4.612695096660496,9.620455E-5,19.921482,0.0070452206,0.2996187,0.0126257315,0.10312168,0.017814616,0.08776029,0.021030154,0.7523091,0.0055472846,0.049673736,0.0032067397,0.44503042,0.021646837,null,null,null,null,"TWOGAUSSIANS",8,0.9891186,0.7523091,0.0055472846,0.2781729,0.017957741,0.4446002,0.02147393,0.2996187,0.0126257315,0.4,0.0,0.08732426,0.021154825
375316653866487564,3139772448025055616,0.47461563,2176.569837313685,3.0863825888368,2.3092036E-5,18.05296,0.011545713,0.28119653,0.011842399,0.088517435,0.017603802,0.10452562,0.0182347,0.7724422,0.010494045,0.08909918,0.018183246,0.11605883,0.012326511,null,null,null,null,"TWOGAUSSIANS",8,3.194942,0.7724422,0.010494045,0.4,0.0,0.11241607,0.010877548,0.28119653,0.011842202,0.4,0.0,0.10088288,0.017651133
375316653866487564,3139776128813648512,0.5528385,2233.2740051925325,2.335265259688382,1.625938E-5,15.376935,0.0082119685,0.110875696,0.0066537666,0.03783238,0.0070372657,0.2697428,0.034555014,0.60900575,0.06716062,0.035584122,0.037099287,0.30707395,1.7724814E7,0.03678097,0.021945605,0.110875696,0.0066537666,"TWOGAUSSIANS_WITH_ELLIPSOIDAL_ON_ECLIPSE1",9,124.48875,0.60904574,0.06707307,0.1992711,0.20775601,0.380626,1.7724814E7,0.110875696,0.0066537666,0.21186133,0.039408688,0.34330472,0.024467273
375316653866487564,3139784134631083392,0.47132543,2187.8923387888512,3.2709887430790423,2.8756423E-5,19.406214,0.008416899,0.29350102,0.0133303115,0.055932064,0.018779423,0.12475779,0.041082174,0.79199463,0.012960182,0.039115142,0.015863778,0.20349148,0.08050234,null,null,null,null,"TWOGAUSSIANS",8,2.106635,0.79199463,0.012960182,0.21904479,0.088837154,0.20349121,0.080508456,0.29350102,0.0133303115,0.31321955,0.10516477,0.12475752,0.041082412
375316653866487564,3139787085272149760,0.5702512,2231.8124738809074,1.0195647719457783,6.995036E-5,18.883608,0.013775819,0.28311262,0.02027223,0.068780646,0.05239548,0.3895841,238812.69,0.7210955,0.02201685,0.06769025,0.015320096,0.84633565,0.48033282,null,null,null,null,"TWOGAUSSIANS",8,2.6266692,0.7210955,0.02201685,0.3790654,0.07649803,0.84609914,0.48104778,0.28311262,0.02027223,0.3851716,0.26157442,0.38934755,238812.69
375316653866487564,3139788189082072576,0.6459925,2213.126518687391,2.2174222801306653,1.0622569E-5,15.90686,0.023243956,0.27129108,0.0023457685,0.053858783,0.008123215,0.29191163,0.053311165,0.76824266,0.006496664,0.06194299,0.011957423,0.21638162,0.04866546,0.1062451,0.027001886,0.27129108,0.0023457685,"TWOGAUSSIANS_WITH_ELLIPSOIDAL_ON_ECLIPSE1",9,12.37026,0.27129108,0.0023457685,0.3016092,0.045490004,0.5043429,0.038565617,0.76894265,0.005025111,0.34688076,0.06696157,0.4287528,0.023481324
375316653866487564,3139788597102767232,0.47243923,2199.3862148959674,4.999319705133062,9.645297E-5,18.219448,0.007667298,0.5181637,0.012901118,0.129453,0.012777382,0.13082413,0.014022734,0.83478737,0.019690746,0.027316164,0.015367569,0.06323612,0.012353712,null,null,null,null,"TWOGAUSSIANS",8,5.247328,0.5181637,0.012901118,0.4,0.0,0.13067338,0.014045588,0.83478737,0.019690746,0.15297052,0.086058386,0.069656976,0.014893652
375316653866487564,3139803444805874560,0.50605446,2209.545983988546,3.3363524848058868,2.4756893E-5,16.282045,0.00467471,0.23859443,0.019656556,0.074874625,0.02061895,0.10196518,0.04967466,0.7409807,0.0081109535,0.08683384,0.0072222888,0.117043,0.0068279933,null,null,null,null,"TWOGAUSSIANS",8,10.195967,0.7409807,0.0081109535,0.4,0.0,0.115286745,0.006037279,0.23859443,0.019656556,0.4,0.08028358,0.10020894,0.05100046
375316653866487564,3139809419102190208,0.44142556,2216.456355280496,0.41540848214988235,3.2918135E-5,17.843752,0.018385677,0.29187638,0.026970027,0.072283044,0.06946857,0.08864124,0.02096605,0.8031787,0.08050896,0.06371829,0.0493704,0.07858815,0.051378902,null,null,null,null,"TWOGAUSSIANS",8,2.615244,0.29187638,0.026948499,0.4,0.055724207,0.08849864,0.0270375,0.8031787,0.08050896,0.3568224,0.08167765,0.078445554,0.04844769
375316653866487564,3139814027602133248,0.47206822,2181.9066669053036,0.09065907267032422,3.0412519E-5,19.481031,0.015999585,0.4345773,0.020820191,0.07117406,0.01679845,0.19645965,0.03250919,0.8373727,0.015537803,0.058162533,0.021540109,0.15560766,0.06396724,null,null,null,null,"TWOGAUSSIANS",8,1.2992241,0.4345773,0.020820191,0.39857477,0.07792623,0.1964514,0.032484915,0.8373727,0.015537803,0.32571018,0.12062461,0.15559942,0.06398027
375316653866487564,3139814847941049088,0.60862577,2228.2123119080766,3.827559208481298,5.3895483E-6,18.545164,0.017162802,0.19411364,0.0018994443,0.03974237,0.004532485,0.5987313,0.064444445,0.6876829,0.0030520465,0.036501307,0.005871442,0.33609834,0.061580155,0.17630722,0.020088289,0.19411364,0.0018994443,"TWOGAUSSIANS_WITH_ELLIPSOIDAL_ON_ECLIPSE1",9,3.8545337,0.19411364,0.0018994443,0.22255728,0.025381915,0.9513453,0.07953952,0.6883229,0.0028520934,0.20440732,0.032880075,0.68819416,0.06729241
375316653866487564,3139823918911967360,0.55186784,2245.1661140133797,2.3084671453928123,9.138667E-5,17.440022,0.009499493,0.31712428,0.011543481,0.0991571,0.012879988,0.17671475,0.016062569,0.80297655,0.02748299,0.0690174,0.01576037,0.19347452,0.02165686,null,null,null,null,"TWOGAUSSIANS",8,7.4581447,0.80297655,0.02748299,0.38649744,0.085447505,0.19011389,0.020157011,0.31712428,0.011543481,0.4,0.0,0.1733528,0.015278179
375316653866487564,3139827084305662720,0.6274784,2242.7117787701277,1.3219698480092281,7.689854E-6,13.782081,0.0019586089,0.77023613,0.0013004909,0.039191376,0.0033560835,0.114756964,0.012559682,null,null,null,null,null,null,0.05934958,0.0030127047,0.77023613,0.0013004909,"ONEGAUSSIAN_WITH_ELLIPSOIDAL",6,12.05907,0.77023613,0.0013004909,0.21947171,0.018794067,0.23345591,0.01395507,null,null,null,null,null,null
375316653866487564,3139830176682034304,0.60295856,2246.508336109846,3.0815118993112454,9.012331E-6,15.796225,0.011982886,0.2762194,0.0046573305,0.0932842,0.007862113,0.26573288,0.011705529,0.76164377,0.004483279,0.08843976,0.008557648,0.2530127,0.011313755,null,null,null,null,"TWOGAUSSIANS",8,26.459196,0.2762194,0.0046573305,0.4,0.0,0.2563176,0.008845423,0.76164377,0.004483279,0.4,0.0,0.24359772,0.0082148155
375316653866487564,3139832032107960064,0.5377389,2229.7574955122163,0.0692257618049927,3.3133194E-5,17.852217,0.015159355,0.26143107,0.03669765,0.069509484,0.031418163,0.18076438,0.045103606,0.7801821,0.079314224,0.06887364,0.032099143,0.4786273,0.36988127,null,null,null,null,"TWOGAUSSIANS",8,5.3533087,0.7801821,0.079314224,0.38569236,0.15385395,0.47811064,0.3706086,0.26143107,0.03669765,0.3892531,0.09735859,0.18024774,0.045842685
375316653866487564,3139849280696454912,0.6121255,2195.5877076650117,2.1553354455653624,8.270126E-6,16.080908,0.0032765048,0.26181448,0.0014779704,0.04691974,0.010598534,0.13897267,0.35654163,0.7220449,0.04989301,0.017225139,0.017438797,0.22216694,2.260587,0.09148464,0.0046051764,0.26181448,0.0014779704,"TWOGAUSSIANS_WITH_ELLIPSOIDAL_ON_ECLIPSE1",9,6.5179343,0.7227649,0.04967916,0.09646078,0.09765727,0.39414644,2.2681632,0.26181448,0.0014779704,0.26275054,0.059351787,0.32194158,0.3575174
375316653866487564,3139855014477408000,0.5557124,2240.333346089294,2.6307308218675542,1.5168963E-5,17.27481,0.020465372,0.36238748,0.00891495,0.08840535,0.016752671,0.29573703,0.022221716,0.8632503,0.0066879694,0.10695391,0.013688433,0.24550663,0.018025354,null,null,null,null,"TWOGAUSSIANS",8,11.651036,0.36238748,0.00891495,0.4,0.0,0.27592903,0.018945806,0.8632503,0.0066879694,0.4,0.0,0.22568989,0.010823521
375316653866487564,3139856736761629184,0.5561269,2234.1081703493514,3.4432885552939965,3.6588477E-5,17.638302,0.025077105,0.28649753,0.014473198,0.034105998,0.012812274,0.16031577,0.09455295,0.7793335,0.017420435,0.049202148,0.025485305,0.26004794,0.0385879,0.07031309,0.0291423,0.28649753,0.014473198,"TWOGAUSSIANS_WITH_ELLIPSOIDAL_ON_ECLIPSE1",9,8.868607,0.7800035,0.015462195,0.275532,0.1427177,0.40041468,0.041727338,0.28649753,0.014473198,0.19099358,0.07174873,0.3009406,0.050324813
375316653866487564,3139857247860479872,0.6029438,2189.2271433507967,1.6726225482024522,1.0661202E-5,16.759254,0.015112454,0.24821353,0.0034563395,0.096206464,0.011008471,0.19488284,0.010765895,0.7408335,0.0038872757,0.11220781,0.011395508,0.13768102,0.014637226,null,null,null,null,"TWOGAUSSIANS",8,1.8024694,0.24822353,0.0034456707,0.4,0.0,0.17835462,0.012603932,0.7408335,0.0038872757,0.4,0.0,0.12113939,0.0038943388
375316653866487564,3139858420386106240,0.5068487,2152.5986868508103,0.9062320501372714,1.0378738E-4,19.912895,0.0074813957,0.27700034,0.010881569,0.03176946,0.012453206,0.61213696,0.45284048,0.77717745,0.018829688,0.052863378,0.02352476,0.09516047,0.01958997,null,null,null,null,"TWOGAUSSIANS",8,0.8817709,0.27700034,0.010881569,0.17790897,0.06973795,0.61213696,0.45284075,0.77717745,0.018829688,0.29603493,0.13173865,0.09516046,0.019590426
375316653866487564,3139860855633072256,0.42684928,2209.5776975637277,0.1889995704940592,7.256745E-5,16.83898,0.0329464,0.27686828,0.014230403,0.03512202,0.011643083,0.060308445,0.018255783,0.6924987,0.016601892,0.15998884,0.044676207,0.13921271,0.03601049,null,null,null,null,"TWOGAUSSIANS",8,8.339276,0.6924987,0.016601892,0.4,0.0,0.13648021,0.028685018,0.2784083,0.013331174,0.1966833,0.06520127,0.06257496,0.02027876
375316653866487564,3139867280902210048,0.51279074,2163.1682026193303,3.164108820881955,1.0967626E-4,19.228659,0.013219824,0.28868714,0.04249355,0.04851547,0.026619574,0.3430362,5.7528768,0.8755643,0.042937938,0.13260318,0.11082748,0.0246368,0.010308712,null,null,null,null,"TWOGAUSSIANS",8,0.8983494,0.28865716,0.0425175,0.27168664,0.14906962,0.34281224,5.753048,0.8755643,0.042937938,0.4,0.14828221,0.02421914,0.009318427
375316653866487564,3139869552943877888,0.6163449,2180.076399025246,2.218851820132078,1.3733276E-5,16.725468,0.011367863,0.29879186,0.0029505356,0.07989227,0.003881837,0.66517806,0.024602886,0.8045861,0.0039177407,0.06956417,0.00672253,0.2829581,0.011808327,null,null,null,null,"TWOGAUSSIANS",8,18.631468,0.29879186,0.0029505356,0.4,0.0,0.6622905,0.024749976,0.8045861,0.0039177407,0.38955936,0.03532087,0.2800706,0.011143501
375316653866487564,3139871885107005184,0.48604116,2154.859031062319,0.22068060272835327,2.920202E-5,18.120394,0.004511363,0.26195154,0.0028225223,0.04610835,0.0036247212,0.12705399,0.0092570735,0.6446385,0.013269082,0.060306106,0.018885111,0.10680189,0.115779534,null,null,null,null,"TWOGAUSSIANS",8,3.7129936,0.26195154,0.0028225223,0.25820678,0.020298438,0.12705399,0.00925709,0.6446385,0.013269082,0.3377142,0.100315064,0.10680188,0.11577961
375316653866487564,3139874633886213632,0.48452035,2198.4591264152677,0.4417689198029973,1.11690584E-4,18.94189,0.009120677,0.43758148,0.04565656,0.060498066,0.026586529,0.2649706,0.1053556,0.65820426,0.05179225,0.11383535,0.087293155,0.22184268,0.49056402,null,null,null,null,"TWOGAUSSIANS",8,3.561038,0.4465715,0.039205823,0.33878917,0.111464694,0.30142993,0.10333773,0.65820426,0.05179225,0.4,0.20850417,0.22215243,0.51031363
375316653866487564,3139879860865488512,0.475067,2246.3660068610916,2.6767457443661797,6.9113965E-5,16.981672,0.015977317,0.34595802,0.017249444,0.10003713,0.025621459,0.09487746,0.015075363,0.6200364,0.067373775,0.03241577,0.043512493,0.16030829,105.94072,null,null,null,null,"TWOGAUSSIANS",8,12.929928,0.6200364,0.067373775,0.1815283,0.24366997,0.16253184,105.941025,0.34595802,0.017249444,0.4,0.0,0.09487675,0.015049752
375316653866487564,3139880852998966656,0.4443219,2169.8093495796115,0.20397399478290146,4.3703374E-5,19.47166,0.01137625,0.20600435,0.0060368497,0.038904708,0.007652665,0.19630234,0.041708555,0.70802253,0.012582446,0.029419549,0.011996612,0.3044652,0.23953433,null,null,null,null,"TWOGAUSSIANS",8,2.2655284,0.70802253,0.012582446,0.16474947,0.06718103,0.3044652,0.23953433,0.20600435,0.0060368497,0.21786636,0.042854924,0.19630234,0.041708555
375316653866487564,3139889477293369472,0.5083451,2213.9284223583973,0.49794056014628385,3.3551325E-5,17.559147,0.011311201,0.1379046,0.031708013,0.066098765,0.0387378,0.07342037,0.018196492,0.65485907,0.004342627,0.06861066,0.011298403,0.141365,0.012324004,null,null,null,null,"TWOGAUSSIANS",8,4.7198896,0.65485907,0.004342627,0.3842197,0.049442176,0.14123549,0.012114747,0.1379046,0.031708013,0.3701531,0.116654955,0.07329084,0.017586354
375316653866487564,3139892092932508288,0.5821607,2146.259653377816,1.4097346673467657,1.3798247E-5,14.303175,0.022133201,0.20418051,0.004366565,0.11835655,0.010189384,0.2669457,0.02106411,0.673478,0.003174321,0.0984128,0.008386863,0.36584395,0.019152822,null,null,null,null,"TWOGAUSSIANS",8,34.4291,0.673478,0.003174321,0.4,0.0,0.33551055,0.0054691923,0.20419051,0.0043612714,0.4,0.0,0.23650229,0.013260516
375316653866487564,3139898616983428352,0.5015028,2209.3325836940908,2.7488229581499013,2.7498712E-5,14.731029,0.5299855,0.22548224,0.011419583,0.13302806,0.05649072,0.43765634,0.4883631,0.71631336,0.008651178,0.13601062,0.06911327,0.4156545,0.49410993,null,null,null,null,"TWOGAUSSIANS",8,641.2114,0.22573224,0.010962442,0.4,0.0,0.29644006,0.027146805,0.71631336,0.008651178,0.4,0.0,0.27421594,0.04432989
375316653866487564,3139911781062308736,0.6334354,2211.3574726910915,1.5616259145181213,3.5148091E-6,15.12114,0.014923609,0.2986238,0.0011051479,0.08874699,0.0042586834,0.36533725,0.0122397365,0.7971165,7.0245616E-4,0.108525224,0.009973031,0.23555268,0.00623872,null,null,null,null,"TWOGAUSSIANS",8,9.607034,0.2986238,0.0011051479,0.4,0.0,0.34299543,0.006631746,0.7971165,7.0245616E-4,0.4,0.0,0.21319935,0.0056613316
375316653866487564,3139912296457455104,0.4515714,2185.245193191632,0.9466288104584053,3.0484587E-5,18.660824,0.019967016,0.24479729,0.058080398,0.10550534,0.06817177,0.07765676,0.07966976,0.69150066,5.436968E-4,0.02666869,0.0026025155,0.17500493,0.01871422,null,null,null,null,"TWOGAUSSIANS",8,4.790381,0.69150066,5.436968E-4,0.14934467,0.014574087,0.17499173,0.01855975,0.24479729,0.058080398,0.4,0.012114329,0.07763353,0.079606526
375316653866487564,3139915762493962752,0.5329494,2170.761887881807,2.2202846506567218,1.3266458E-5,18.094057,0.010605083,0.37805665,0.0024670316,0.06881521,0.003995598,0.24368,0.01391008,0.87629604,0.0075072073,0.08393049,0.0153653985,0.13937202,0.01705486,null,null,null,null,"TWOGAUSSIANS",8,3.2019408,0.37805665,0.0024670316,0.3853652,0.022375347,0.24207269,0.013324632,0.87629604,0.0075072073,0.4,0.0,0.1377647,0.018227085
375316653866487564,3139916213468441472,0.5548982,2219.144061479424,1.5072386750747886,4.0055078E-5,16.175404,0.002886245,0.55453897,0.007812625,0.06815624,0.010998622,0.29409942,0.0354689,null,null,null,null,null,null,null,null,null,null,"ONEGAUSSIAN",5,16.85448,0.55453897,0.007812625,0.38167498,0.030943548,0.29409942,0.0,null,null,null,null,null,null
375316653866487564,3139916277890074112,0.52298015,2166.8404792316837,4.261176362393604,2.0401656E-5,19.326073,0.027768228,0.24541433,0.06792812,0.09906575,0.043834288,0.29248148,0.054070875,0.7451319,0.0053029773,0.07413102,0.008142722,0.4023804,0.03019066,null,null,null,null,"TWOGAUSSIANS",8,3.625475,0.7451319,0.0053029773,0.4,0.0,0.3922077,0.025999445,0.24541433,0.06792812,0.4,0.060671706,0.28230706,0.05164602
375316653866487564,3139917450418982016,0.5744982,2208.534918836996,2.9570428368196153,1.7854543E-5,16.276363,0.0137087535,0.18446307,0.0044529284,0.07596052,0.008892863,0.48513225,0.10744964,0.67772573,0.0048003322,0.07610501,0.0067407065,0.4798613,0.05510329,null,null,null,null,"TWOGAUSSIANS",8,31.596346,0.18446307,0.0044529284,0.4,0.0,0.48138946,0.109826125,0.67772573,0.0048003322,0.4,0.0,0.47611848,0.05646983
