Gaia/vari_eclipsing_binary/VariEclipsingBinary_679793-679810.csv
# %ECSV 1.0
# ---
# delimiter: ','
# meta: !!omap
# - RELEASE: Gaia DR3
# - TABLE: vari_eclipsing_binary
# - DESCRIPTION: >
#     This table describes the properties of the eclipsing binaries resulting from the variability analysis. 
# - CITATION: >
#     How to cite and acknowledge Gaia: 
#     https://gea.esac.esa.int/archive/documentation/credits.html 
# - KNOWN_ISSUES: >
#     Known issues: 
#     https://www.cosmos.esa.int/web/gaia-users/known-issues 
# - DOCUMENTATION: >
#     Tutorials and documentation: 
#     https://www.cosmos.esa.int/web/gaia-users/archive 
# datatype:
# - 
#   name: solution_id
#   datatype: int64
#   description: Solution Identifier
#   meta:
#     ucd: meta.version
# - 
#   name: source_id
#   datatype: int64
#   description: Unique source identifier
#   meta:
#     ucd: meta.id;meta.main
# - 
#   name: global_ranking
#   datatype: float32
#   description: Number between 0 (worst) and 1 (best)
#   meta:
#     ucd: stat.param
# - 
#   name: reference_time
#   datatype: float64
#   unit: d
#   description: Reference time used for the geometric model fit
#   meta:
#     ucd: time.epoch
# - 
#   name: frequency
#   datatype: float64
#   unit: d**-1
#   description: Frequency of geometric model of the eclipsing binary light curve
#   meta:
#     ucd: src.orbital
# - 
#   name: frequency_error
#   datatype: float32
#   unit: d**-1
#   description: "Uncertainty of \\texttt{frequency}"
#   meta:
#     ucd: stat.error
# - 
#   name: geom_model_reference_level
#   datatype: float32
#   unit: mag
#   description: Magnitude reference level of geometric model
#   meta:
#     ucd: phot.mag;em.opt
# - 
#   name: geom_model_reference_level_error
#   datatype: float32
#   unit: mag
#   description: "Uncertainty of \\texttt{geomModelReferenceLevel}"
#   meta:
#     ucd: stat.error;phot.mag;em.opt
# - 
#   name: geom_model_gaussian1_phase
#   datatype: float32
#   description: Phase of the Gaussian 1 component
#   meta:
#     ucd: time.phase
# - 
#   name: geom_model_gaussian1_phase_error
#   datatype: float32
#   description: "Uncertainty of \\texttt{geomModelGaussian1Phase}"
#   meta:
#     ucd: stat.error;time.phase
# - 
#   name: geom_model_gaussian1_sigma
#   datatype: float32
#   description: "Standard deviation [phase] of Gaussian 1 component"
#   meta:
#     ucd: stat.stdev
# - 
#   name: geom_model_gaussian1_sigma_error
#   datatype: float32
#   description: "Uncertainty of \\texttt{geomModelGaussian1Sigma}"
#   meta:
#     ucd: stat.error
# - 
#   name: geom_model_gaussian1_depth
#   datatype: float32
#   unit: mag
#   description: Magnitude depth of Gaussian 1 component
#   meta:
#     ucd: src.var.amplitude
# - 
#   name: geom_model_gaussian1_depth_error
#   datatype: float32
#   unit: mag
#   description: "Uncertainty of \\texttt{geomModelGaussian1Depth}"
#   meta:
#     ucd: stat.error;src.var.amplitude
# - 
#   name: geom_model_gaussian2_phase
#   datatype: float32
#   description: Phase of Gaussian 2 component
#   meta:
#     ucd: time.phase
# - 
#   name: geom_model_gaussian2_phase_error
#   datatype: float32
#   description: "Uncertainty of \\texttt{geomModelGaussian2Phase}"
#   meta:
#     ucd: stat.error;time.phase
# - 
#   name: geom_model_gaussian2_sigma
#   datatype: float32
[...]
#   datatype: float32
#   description: "Secondary eclipse: uncertainty of \\texttt{derivedSecondaryEclDuration}"
#   meta:
#     ucd: stat.error;time.duration
# - 
#   name: derived_secondary_ecl_depth
#   datatype: float32
#   unit: mag
#   description: "Secondary eclipse: depth"
#   meta:
#     ucd: src.var.amplitude
# - 
#   name: derived_secondary_ecl_depth_error
#   datatype: float32
#   unit: mag
#   description: "Secondary eclipse: uncertainty of \\texttt{derivedSecondaryEclDepth}"
#   meta:
#     ucd: stat.error;src.var.amplitude
solution_id,source_id,global_ranking,reference_time,frequency,frequency_error,geom_model_reference_level,geom_model_reference_level_error,geom_model_gaussian1_phase,geom_model_gaussian1_phase_error,geom_model_gaussian1_sigma,geom_model_gaussian1_sigma_error,geom_model_gaussian1_depth,geom_model_gaussian1_depth_error,geom_model_gaussian2_phase,geom_model_gaussian2_phase_error,geom_model_gaussian2_sigma,geom_model_gaussian2_sigma_error,geom_model_gaussian2_depth,geom_model_gaussian2_depth_error,geom_model_cosine_half_period_amplitude,geom_model_cosine_half_period_amplitude_error,geom_model_cosine_half_period_phase,geom_model_cosine_half_period_phase_error,model_type,num_model_parameters,reduced_chi2,derived_primary_ecl_phase,derived_primary_ecl_phase_error,derived_primary_ecl_duration,derived_primary_ecl_duration_error,derived_primary_ecl_depth,derived_primary_ecl_depth_error,derived_secondary_ecl_phase,derived_secondary_ecl_phase_error,derived_secondary_ecl_duration,derived_secondary_ecl_duration_error,derived_secondary_ecl_depth,derived_secondary_ecl_depth_error
[from data line 150]
375316653866487564,5979648568434953600,0.5760251,2223.7483407385316,3.490287623554546,2.215111E-5,19.391615,0.018854083,0.26091906,0.005340397,0.07721111,0.0073072454,0.55425364,0.039975274,0.75990456,0.010448887,0.06251895,0.011827192,0.7613465,0.1943255,null,null,null,null,"TWOGAUSSIANS",8,2.6640892,0.75990456,0.010448887,0.35010612,0.06226471,0.7592995,0.1968131,0.26091906,0.005340397,0.4,0.0,0.5522067,0.040453475
375316653866487564,5979654031634308864,0.46301252,2293.5924687842735,2.3259093637587127,1.13770046E-4,18.600502,0.019120943,0.4603783,0.03248379,0.06672497,0.06986894,0.13899134,0.038212888,0.71940714,0.024711663,0.051420208,0.017790986,0.24344072,0.15253665,null,null,null,null,"TWOGAUSSIANS",8,4.129214,0.71940714,0.024711663,0.28795317,0.09962952,0.24351493,0.15306197,0.4603783,0.03248374,0.37365985,0.064092405,0.1389921,0.03853106
375316653866487564,5979654443895944320,0.47860327,2279.9269064309415,1.6514908078789285,3.8556198E-5,18.433187,0.016128862,0.20404191,0.02201028,0.09715495,0.03756125,0.08803899,0.039454732,0.70821315,0.006156522,0.061403994,0.0067735068,0.42202377,0.057444952,null,null,null,null,"TWOGAUSSIANS",8,20.01293,0.70821315,0.006156522,0.34386235,0.03793164,0.42011565,0.05775862,0.20404191,0.02201028,0.4,0.0,0.08613053,0.04036587
375316653866487564,5979654444002920832,0.5870082,2286.6675758506744,0.3860641884488721,1.78928E-5,17.331635,0.004713673,0.17598829,0.0044011446,0.026437508,0.0059111435,0.09502468,0.019368013,0.6727649,8.222572E-4,0.031520434,0.0025242723,1.0686367,0.12363869,0.017638812,0.007493967,0.17598829,0.0044011446,"TWOGAUSSIANS_WITH_ELLIPSOIDAL_ON_ECLIPSE1",9,12.247494,0.6727749,8.2175346E-4,0.17651442,0.014135924,1.1038998,0.13089639,0.17598829,0.0044011446,0.14805004,0.033102404,0.13030231,0.016701568
375316653866487564,5979655126795759232,0.5376126,2274.907468110907,2.249343613908538,1.6031032E-5,17.520018,0.0074848114,0.22238147,0.003571101,0.073087186,0.004836204,0.2861535,0.009610527,0.71699077,0.003433894,0.084363475,0.0055440464,0.33381823,0.013966328,null,null,null,null,"TWOGAUSSIANS",8,14.003204,0.71699077,0.003433894,0.4,0.0,0.33022827,0.014454559,0.22238147,0.003571101,0.4,0.0010018916,0.28256357,0.009158779
375316653866487564,5979655234277025792,0.5730879,2289.3290703570165,1.1761210511390388,1.224142E-5,16.176287,0.41715562,0.2967436,0.0021520366,0.1773794,0.04304702,0.6119781,0.38092023,0.7958239,0.002464377,0.17974654,0.04826259,0.6166117,0.38818496,null,null,null,null,"TWOGAUSSIANS",8,6.2409477,0.7958239,0.002464377,0.4,0.0,0.1800675,0.0039600967,0.2970936,0.002064359,0.4,0.0,0.17815158,0.004738901
375316653866487564,5979655543408349824,0.45525724,2335.0970905576996,0.34557085357934725,1.5482053E-4,18.57674,0.0092429845,0.28329566,0.010774833,0.08040856,0.01619685,0.13234696,0.018229192,0.62863827,0.0060918843,0.026829109,0.006827673,0.4854813,0.5299515,null,null,null,null,"TWOGAUSSIANS",8,4.4483724,0.62863827,0.0060918843,0.15024301,0.038234968,0.48549435,0.5299449,0.28329566,0.010774833,0.4,0.0,0.13234696,0.018229235
375316653866487564,5979655646594039552,0.5521445,2261.0086641555595,1.347192703102991,1.4282946E-5,17.44727,0.004995114,0.2287708,0.0029117186,0.08512268,0.004616003,0.19508293,0.011459757,0.72880477,0.0032509996,0.086910754,0.0043756734,0.18209657,0.0053121634,null,null,null,null,"TWOGAUSSIANS",8,4.5237026,0.2287708,0.0029117186,0.4,0.0,0.18956825,0.012087013,0.72880477,0.0032509996,0.4,0.0,0.17658189,0.00427714
375316653866487564,5979655783926915072,0.53757036,2264.732957497884,3.581620861466983,1.9601914E-5,18.624548,0.10923537,0.21077874,0.003655799,0.12824017,0.037014607,0.24684685,0.10283419,0.70979625,0.003988401,0.119962364,0.022788418,0.31832346,0.10525314,null,null,null,null,"TWOGAUSSIANS",8,2.1980329,0.70979625,0.003988401,0.4,0.0,0.24610968,0.011372004,0.21078874,0.0036646395,0.4,0.0,0.17449373,0.014649959
375316653866487564,5979655985789274240,0.51017386,2259.5669256203073,2.6840545887565157,2.0066163E-5,17.209383,0.022387164,0.27181098,0.008255942,0.10679268,0.024986431,0.14285432,0.01713051,0.78000546,0.0040960745,0.09426426,0.012748067,0.14090925,0.02147628,null,null,null,null,"TWOGAUSSIANS",8,6.550755,0.27181098,0.008255942,0.4,0.0,0.13124368,0.011521248,0.78000546,0.004095029,0.4,0.0,0.12930363,0.007609174
375316653866487564,5979656161883997184,0.5394393,2284.1617795773514,2.8161433855084543,1.0673296E-5,19.049173,0.015056611,0.22486301,0.0019971586,0.07236433,0.0034352036,0.57689625,0.023215158,0.73479337,0.0038602736,0.07140004,0.0033949346,0.47942,0.027440598,null,null,null,null,"TWOGAUSSIANS",8,6.2341905,0.22486301,0.0019971586,0.4,0.006433471,0.5749459,0.023236359,0.73479337,0.0038602736,0.3998402,0.012415047,0.47746968,0.027214028
375316653866487564,5979656501185466240,0.48887396,2266.27455578124,0.1349767943605984,8.92907E-5,17.14887,0.0020760251,0.47934097,0.003511049,0.007305558,0.0010417966,0.3314484,0.18841274,0.82191837,0.017945798,0.012368854,0.011481611,0.0063116928,0.9826424,0.0070166006,0.0034641575,0.82191837,0.017945798,"TWOGAUSSIANS_WITH_ELLIPSOIDAL_ON_ECLIPSE2",9,8.821086,0.479331,0.0035103187,0.040911123,0.005834061,0.33568513,0.18817675,0.82191837,0.017945798,0.06926559,0.06429703,0.020344881,0.98276114
375316653866487564,5979656505587706496,0.54926825,2292.2065804992953,2.491442867904218,1.5936355E-5,18.549545,0.018759185,0.23694462,0.0029621238,0.09620574,0.007663107,0.287164,0.017251853,0.7324378,0.0021010193,0.109151125,0.0097609125,0.26870614,0.014002315,null,null,null,null,"TWOGAUSSIANS",8,2.0030587,0.23694462,0.00296807,0.4,0.0,0.26014158,0.011635878,0.7324378,0.0021010193,0.4,0.0,0.24166934,0.010811338
375316653866487564,5979656952264092160,0.44723108,2278.8744977212677,2.2072566216368354,5.8460875E-5,19.528667,0.0111326715,0.72191054,0.008272481,0.038419086,0.018532552,0.05268874,0.23620479,null,null,null,null,null,null,0.122498944,0.016744727,0.72191054,0.008272481,"ONEGAUSSIAN_WITH_ELLIPSOIDAL",6,7.373035,0.72191054,0.008272481,0.21514688,0.103782296,0.29768658,0.2344193,null,null,null,null,null,null
375316653866487564,5979656982221770368,0.48867485,2288.921059138762,1.7971364912822168,2.0070845E-5,17.647602,0.0143326,0.27070275,0.0072487765,0.09110053,0.013142367,0.16489848,0.015149393,0.77790207,0.005221109,0.09917969,0.010835813,0.17041902,0.013362604,null,null,null,null,"TWOGAUSSIANS",8,8.974565,0.77790207,0.005221109,0.4,0.0,0.1608155,0.0066976286,0.27070275,0.0072487765,0.4,0.0,0.15529598,0.011309343
375316653866487564,5979657295754578816,0.4676456,2314.1061159922974,2.5134601150451075,4.5979315E-5,18.595562,0.020719342,0.22152305,0.013908418,0.089061074,0.022999823,0.21125703,0.01967793,0.72037435,0.008491368,0.09270589,0.01734819,0.21602295,0.02978385,null,null,null,null,"TWOGAUSSIANS",8,9.294273,0.72037435,0.008491368,0.4,0.0,0.20647192,0.030554892,0.22152305,0.013908418,0.4,0.0,0.20170614,0.01749345
375316653866487564,5979657497617949440,0.5995119,2286.824428126503,1.3844768543176318,1.0488481E-5,15.8246565,0.003318778,0.26381654,0.0018942148,0.048160754,0.00850517,0.020113474,0.007730997,0.7503872,0.007214512,0.052354604,0.008912547,0.04738928,0.0066551245,0.054500923,0.003794944,0.26381654,0.0018942148,"TWOGAUSSIANS_WITH_ELLIPSOIDAL_ON_ECLIPSE1",9,6.174049,0.75485724,0.004756206,0.2931858,0.049910262,0.15587331,0.0017455597,0.26381654,0.0018942148,0.26970023,0.047628954,0.12911497,0.002662355
375316653866487564,5979657536273475072,0.4377906,2352.2732221791766,4.103093518159359,6.702638E-5,17.356716,0.0111929225,0.23746969,0.007900421,0.05478247,0.015943835,0.0709217,0.047765695,0.6346726,0.0166253,0.12880044,0.01668211,0.14342889,0.033745386,null,null,null,null,"TWOGAUSSIANS",8,5.836387,0.6346726,0.0166253,0.4,0.0,0.14244835,0.03341653,0.2387497,0.00707776,0.30678183,0.08928547,0.07119715,0.0484594
375316653866487564,5979657948590610944,0.56181014,2281.493005663889,3.416216088613631,1.8922443E-5,19.180294,0.018541925,0.24220298,0.0019897532,0.03467368,0.007622182,0.56349576,0.38269034,0.74654156,0.0030352857,0.04602064,0.0043400633,0.43162474,0.046043012,0.14323412,0.026326621,0.24220298,0.0019897532,"TWOGAUSSIANS_WITH_ELLIPSOIDAL_ON_ECLIPSE1",9,3.390469,0.24220298,0.0019897532,0.1941726,0.04268422,0.8499632,0.40605465,0.74654156,0.0030352857,0.25771558,0.024304355,0.71787935,0.028150065
375316653866487564,5979658051670154752,0.4650835,2278.392944868561,1.3024307157630508,3.43411E-5,19.084011,0.00555318,0.2490186,0.0052418755,0.05930094,0.008845164,0.3122871,0.08065239,0.747887,0.01849621,0.073132776,0.013107142,0.06449876,0.011871875,null,null,null,null,"TWOGAUSSIANS",8,2.0244603,0.2490186,0.0052418755,0.33208525,0.049532924,0.31209075,0.08090873,0.747887,0.01849621,0.4,0.043297052,0.06430244,0.011855431
375316653866487564,5979658154749284992,0.43965775,2297.6417381942133,2.452954962841942,4.36632E-5,18.94165,0.0057068705,null,null,null,null,null,null,null,null,null,null,null,null,0.081189774,0.0087814275,0.21877904,0.006809497,"ELLIPSOIDAL",4,5.802493,null,null,null,null,null,null,null,null,null,null,null,null
375316653866487564,5979658670147692032,0.4707729,2291.602624485461,0.5765897931770904,3.7265985E-5,19.498892,0.017771956,0.32974035,0.004752266,0.085937984,0.010282383,0.42437974,0.026224371,0.83560765,0.0014685357,0.01597544,0.005891029,0.24517976,0.5463213,null,null,null,null,"TWOGAUSSIANS",8,8.93208,0.32974035,0.004752266,0.4,0.0,0.42437705,0.026226876,0.83560765,0.0014685357,0.08946247,0.032989763,0.24517712,0.5463234
375316653866487564,5979658704505248128,0.4459413,2368.105914910618,2.1325357205926068,9.101707E-5,18.779629,0.03387209,0.30137056,0.008111143,0.05349541,0.0066633453,0.7391879,0.22741339,0.7169203,0.030191815,0.097777426,0.021249047,0.23263222,0.06706867,null,null,null,null,"TWOGAUSSIANS",8,5.3933077,0.30137056,0.008119711,0.2995743,0.03731473,0.7388404,0.22748181,0.7169203,0.030191815,0.4,0.0,0.2322569,0.066812664
375316653866487564,5979658738865161088,0.4180216,2308.8935000887645,1.948596835431233,1.6405842E-4,19.055012,0.009397937,0.1717769,0.016965684,0.06559191,0.030991629,0.12078194,0.023553621,0.663666,0.014592281,0.077538036,0.019191753,0.089971095,0.018930186,null,null,null,null,"TWOGAUSSIANS",8,4.527718,0.1717769,0.016965684,0.3673147,0.15106967,0.120406404,0.024053192,0.663666,0.014592281,0.4,0.0059289006,0.08959556,0.018974695
375316653866487564,5979659009446295552,0.5779088,2261.3499728944726,1.8838177124416928,1.3740888E-5,16.434498,0.004296271,0.20340067,0.0027867777,0.07141799,0.004032005,0.15366521,0.004630736,0.6945519,0.0023101738,0.09080607,0.0030124187,0.28795573,0.0053609293,null,null,null,null,"TWOGAUSSIANS",8,12.922702,0.6945519,0.0023101738,0.4,0.0,0.28479517,0.0049669123,0.20340067,0.0027867777,0.39994073,0.013430662,0.15050481,0.0041206656
375316653866487564,5979659662281469824,0.47653487,2277.138130575803,1.1807656074949404,6.877226E-5,16.368988,7.2923105E-4,0.19899398,0.0055098385,0.03497094,0.0044524097,0.08255831,0.0042443504,0.7346544,0.037258934,0.058814168,0.033425715,0.003440189,0.0022162613,null,null,null,null,"TWOGAUSSIANS",8,4.672368,0.19899398,0.0055098385,0.19583726,0.024933495,0.082558304,0.0042443536,0.7346544,0.037258934,0.32935932,0.18718399,0.0034401873,0.002216264
375316653866487564,5979659666578313216,0.5404537,2292.256288249752,0.9519235627499517,1.264728E-5,18.387676,0.007699748,0.27188405,0.0024731886,0.08025603,0.0035813071,0.33891055,0.0124588525,0.76778483,0.0037308645,0.07828178,0.0053133927,0.3237167,0.014202862,null,null,null,null,"TWOGAUSSIANS",8,4.4023037,0.27188405,0.0024731886,0.4,0.0,0.33468527,0.012270349,0.76778483,0.0037308645,0.4,0.0,0.31949142,0.01443582
375316653866487564,5979659735403388160,0.47299728,2259.0763266547583,0.29758446358759194,2.1770624E-5,16.260769,0.0077762,0.3378592,0.007439126,0.052928697,0.0071735885,0.12540762,0.013271647,0.828441,0.0028321154,0.05072412,0.0051399604,0.23645541,0.018838523,null,null,null,null,"TWOGAUSSIANS",8,58.012413,0.828441,0.0028321154,0.28405508,0.028783778,0.23645347,0.018839607,0.3378592,0.007439126,0.2964007,0.040172096,0.12540568,0.013270435
375316653866487564,5979659769657652224,0.49164432,2255.060933728002,0.2220422050011839,3.1922234E-5,19.467928,0.0053569195,0.26838857,0.033533793,0.044858444,0.03335849,0.046553783,0.094867595,0.5921136,0.004976524,0.016683275,0.0031186622,0.4552639,0.023419661,null,null,null,null,"TWOGAUSSIANS",8,3.393036,0.5921136,0.004976524,0.09342634,0.017464507,0.4552639,0.023419661,0.26838857,0.033533793,0.2512073,0.18680753,0.046553783,0.094867595
375316653866487564,5979660422493775616,0.4240718,2280.0732192707796,2.057803731209846,4.6397996E-5,19.913694,0.024517782,0.13191974,0.023043653,0.008269178,0.016545057,0.017896384,5.326655,0.5837469,4.1719482E-4,0.004401473,9.501331E-4,1.1293399,0.6161256,0.095080264,0.057062723,0.13191974,0.023043653,"TWOGAUSSIANS_WITH_ELLIPSOIDAL_ON_ECLIPSE1",9,5.8929296,0.5837569,4.1719482E-4,0.02464825,0.005320745,1.3026085,0.6990334,0.13191974,0.023043653,0.046307392,0.09265232,0.2080569,5.3283343
375316653866487564,5979660555634784128,0.55616623,2254.8829852146314,2.778393943588235,1.2512878E-5,17.836092,0.010119747,0.16066898,0.0034719848,0.0892501,0.004410814,0.36176798,0.014529522,0.65457785,0.0021290462,0.08846435,0.00418647,0.362811,0.011598943,null,null,null,null,"TWOGAUSSIANS",8,7.781796,0.65457785,0.0021290462,0.4,0.0,0.3502492,0.010824728,0.16066898,0.0034719848,0.4,0.0,0.34920615,0.014045249
375316653866487564,5979660594291764352,0.45582443,2284.863192238742,1.405414468044865,3.6916033E-5,19.298792,0.10825061,0.20973676,0.0056695766,0.05279486,0.00689252,0.41461396,0.07338818,0.7071146,0.026708385,0.18366893,0.16469368,0.112364314,0.09737067,null,null,null,null,"TWOGAUSSIANS",8,6.01377,0.20975678,0.005661607,0.2956512,0.038598113,0.39610794,0.05145911,0.7071146,0.026708385,0.4,0.0,0.08832873,0.021465698
375316653866487564,5979660663011418496,0.47743887,2275.732234252612,3.45490393445072,2.8582293E-5,18.91583,0.0049979477,0.24358518,0.004560021,0.04815992,0.0084871715,0.13281818,0.015331116,0.717479,0.025130043,0.03351597,0.014714938,0.12510884,0.049235273,0.06463358,0.009377079,0.24358518,0.004560021,"TWOGAUSSIANS_WITH_ELLIPSOIDAL_ON_ECLIPSE1",9,4.8592906,0.24358518,0.004560021,0.26969555,0.04752816,0.2620851,0.012411455,0.719649,0.023204995,0.18768944,0.08240365,0.2512119,0.046710245
375316653866487564,5979660697371295232,0.5003426,2266.113752096585,1.6868609786703703,1.7590608E-5,19.001951,0.014557189,0.24671128,0.008125401,0.09207511,0.01468002,0.17169158,0.022634951,0.74528086,0.0029479833,0.08974956,0.006045198,0.2432012,0.014327516,null,null,null,null,"TWOGAUSSIANS",8,2.1407382,0.74528086,0.0029479833,0.4,0.0,0.23412786,0.008709847,0.24671128,0.008125401,0.4,0.0,0.16261822,0.023073658
375316653866487564,5979661178409920768,0.49819744,2300.4901202407027,1.9234337725169903,1.7050334E-5,19.745642,0.011391899,0.23798116,0.010468437,0.07394155,0.0074374406,0.32195684,0.028851945,0.73474026,0.00505181,0.080741026,0.009342523,0.37988257,0.028090196,null,null,null,null,"TWOGAUSSIANS",8,1.8520254,0.73474026,0.00505181,0.4,0.0,0.3763543,0.030089777,0.23798116,0.010468437,0.4,0.0,0.3184286,0.0283616
375316653866487564,5979661345908833792,0.5427999,2282.7714027269326,0.05901475999995202,5.8985283E-5,13.609085,0.0014149249,0.36329162,6.515688E-4,0.0043618875,0.0010410898,0.45725268,0.019084003,null,null,null,null,null,null,0.0016045833,0.0014954316,0.36329162,6.515688E-4,"ONEGAUSSIAN_WITH_ELLIPSOIDAL",6,294.4572,0.36329162,6.515688E-4,0.02442657,0.0058301026,0.46046185,0.01898429,null,null,null,null,null,null
