Gaia/vari_eclipsing_binary/VariEclipsingBinary_481379-481511.csv
# %ECSV 1.0
# ---
# delimiter: ','
# meta: !!omap
# - RELEASE: Gaia DR3
# - TABLE: vari_eclipsing_binary
# - DESCRIPTION: >
#     This table describes the properties of the eclipsing binaries resulting from the variability analysis. 
# - CITATION: >
#     How to cite and acknowledge Gaia: 
#     https://gea.esac.esa.int/archive/documentation/credits.html 
# - KNOWN_ISSUES: >
#     Known issues: 
#     https://www.cosmos.esa.int/web/gaia-users/known-issues 
# - DOCUMENTATION: >
#     Tutorials and documentation: 
#     https://www.cosmos.esa.int/web/gaia-users/archive 
# datatype:
# - 
#   name: solution_id
#   datatype: int64
#   description: Solution Identifier
#   meta:
#     ucd: meta.version
# - 
#   name: source_id
#   datatype: int64
#   description: Unique source identifier
#   meta:
#     ucd: meta.id;meta.main
# - 
#   name: global_ranking
#   datatype: float32
#   description: Number between 0 (worst) and 1 (best)
#   meta:
#     ucd: stat.param
# - 
#   name: reference_time
#   datatype: float64
#   unit: d
#   description: Reference time used for the geometric model fit
#   meta:
#     ucd: time.epoch
# - 
#   name: frequency
#   datatype: float64
#   unit: d**-1
#   description: Frequency of geometric model of the eclipsing binary light curve
#   meta:
#     ucd: src.orbital
# - 
#   name: frequency_error
#   datatype: float32
#   unit: d**-1
#   description: "Uncertainty of \\texttt{frequency}"
#   meta:
#     ucd: stat.error
# - 
#   name: geom_model_reference_level
#   datatype: float32
#   unit: mag
#   description: Magnitude reference level of geometric model
#   meta:
#     ucd: phot.mag;em.opt
# - 
#   name: geom_model_reference_level_error
#   datatype: float32
#   unit: mag
#   description: "Uncertainty of \\texttt{geomModelReferenceLevel}"
#   meta:
#     ucd: stat.error;phot.mag;em.opt
# - 
#   name: geom_model_gaussian1_phase
#   datatype: float32
#   description: Phase of the Gaussian 1 component
#   meta:
#     ucd: time.phase
# - 
#   name: geom_model_gaussian1_phase_error
#   datatype: float32
#   description: "Uncertainty of \\texttt{geomModelGaussian1Phase}"
#   meta:
#     ucd: stat.error;time.phase
# - 
#   name: geom_model_gaussian1_sigma
#   datatype: float32
#   description: "Standard deviation [phase] of Gaussian 1 component"
#   meta:
#     ucd: stat.stdev
# - 
#   name: geom_model_gaussian1_sigma_error
#   datatype: float32
#   description: "Uncertainty of \\texttt{geomModelGaussian1Sigma}"
#   meta:
#     ucd: stat.error
# - 
#   name: geom_model_gaussian1_depth
#   datatype: float32
#   unit: mag
#   description: Magnitude depth of Gaussian 1 component
#   meta:
#     ucd: src.var.amplitude
# - 
#   name: geom_model_gaussian1_depth_error
#   datatype: float32
#   unit: mag
#   description: "Uncertainty of \\texttt{geomModelGaussian1Depth}"
#   meta:
#     ucd: stat.error;src.var.amplitude
# - 
#   name: geom_model_gaussian2_phase
#   datatype: float32
#   description: Phase of Gaussian 2 component
#   meta:
#     ucd: time.phase
# - 
#   name: geom_model_gaussian2_phase_error
#   datatype: float32
#   description: "Uncertainty of \\texttt{geomModelGaussian2Phase}"
#   meta:
#     ucd: stat.error;time.phase
# - 
#   name: geom_model_gaussian2_sigma
#   datatype: float32
[...]
#   datatype: float32
#   description: "Secondary eclipse: uncertainty of \\texttt{derivedSecondaryEclDuration}"
#   meta:
#     ucd: stat.error;time.duration
# - 
#   name: derived_secondary_ecl_depth
#   datatype: float32
#   unit: mag
#   description: "Secondary eclipse: depth"
#   meta:
#     ucd: src.var.amplitude
# - 
#   name: derived_secondary_ecl_depth_error
#   datatype: float32
#   unit: mag
#   description: "Secondary eclipse: uncertainty of \\texttt{derivedSecondaryEclDepth}"
#   meta:
#     ucd: stat.error;src.var.amplitude
solution_id,source_id,global_ranking,reference_time,frequency,frequency_error,geom_model_reference_level,geom_model_reference_level_error,geom_model_gaussian1_phase,geom_model_gaussian1_phase_error,geom_model_gaussian1_sigma,geom_model_gaussian1_sigma_error,geom_model_gaussian1_depth,geom_model_gaussian1_depth_error,geom_model_gaussian2_phase,geom_model_gaussian2_phase_error,geom_model_gaussian2_sigma,geom_model_gaussian2_sigma_error,geom_model_gaussian2_depth,geom_model_gaussian2_depth_error,geom_model_cosine_half_period_amplitude,geom_model_cosine_half_period_amplitude_error,geom_model_cosine_half_period_phase,geom_model_cosine_half_period_phase_error,model_type,num_model_parameters,reduced_chi2,derived_primary_ecl_phase,derived_primary_ecl_phase_error,derived_primary_ecl_duration,derived_primary_ecl_duration_error,derived_primary_ecl_depth,derived_primary_ecl_depth_error,derived_secondary_ecl_phase,derived_secondary_ecl_phase_error,derived_secondary_ecl_duration,derived_secondary_ecl_duration_error,derived_secondary_ecl_depth,derived_secondary_ecl_depth_error
[from data line 475]
375316653866487564,4235323914099537280,0.639227,2097.039484347362,1.2291686928874426,5.434524E-6,13.505613,0.0038325319,0.24100159,0.0012205564,0.100680314,0.0025737826,0.19826552,0.0038583982,0.73773414,0.0019613667,0.090768956,0.003215795,0.24929471,0.0065008444,null,null,null,null,"TWOGAUSSIANS",8,36.89697,0.73773414,0.0019613667,0.4,0.0,0.2353862,0.006848065,0.24100159,0.0012205564,0.4,0.0,0.18435535,0.0027605258
375316653866487564,4235324498215117696,0.6475492,2111.0140037000856,3.5242501714353174,1.9770434E-6,18.26909,0.011753309,0.2602343,6.9029257E-4,0.04852363,0.0026042648,0.4944866,0.021916393,0.7622779,0.0015107212,0.04185573,0.0034564282,0.36032662,0.023428509,0.13188401,0.015299156,0.2602343,6.9029257E-4,"TWOGAUSSIANS_WITH_ELLIPSOIDAL_ON_ECLIPSE1",9,2.1758153,0.2602343,6.9029257E-4,0.27173233,0.014583883,0.7582532,0.015526165,0.7622779,0.0015107212,0.23439209,0.019356,0.6240498,0.018159848
375316653866487564,4235326834677339904,0.61711067,2118.9515721250655,2.6495158143022404,7.605982E-6,15.87619,0.009013127,0.2524289,0.0023052527,0.08733633,0.0033748255,0.44242615,0.009278756,0.7495577,0.002526604,0.09199027,0.002741597,0.4467012,0.012809287,null,null,null,null,"TWOGAUSSIANS",8,29.244568,0.7495577,0.002526604,0.4,0.0,0.4292713,0.010829635,0.2524289,0.0023052527,0.4,0.0,0.42499655,0.0065163216
375316653866487564,4235329750953976064,0.5428201,2109.7784440706155,3.242294319528147,1.0643625E-5,18.602432,0.0045729093,0.26441655,0.002575364,0.052601255,0.0024485493,0.26254582,0.0073020793,0.7702176,0.005109464,0.067163125,0.007420463,0.12889773,0.015650705,null,null,null,null,"TWOGAUSSIANS",8,1.7570903,0.26441655,0.002575364,0.29456705,0.013711875,0.2624993,0.0072859214,0.7702176,0.005109464,0.3761135,0.041554593,0.12885119,0.01567828
375316653866487564,4235331297144367488,0.41104984,2074.5532615369375,0.5031144674188612,9.6214826E-5,19.51447,0.012671546,null,null,null,null,null,null,null,null,null,null,null,null,0.0932414,0.01773935,0.27189428,0.014815927,"ELLIPSOIDAL",4,10.282949,null,null,null,null,null,null,null,null,null,null,null,null
375316653866487564,4235335076713537408,0.4884284,2115.3573926023387,3.228576567729889,5.909481E-5,19.58407,0.017814307,0.26037118,0.0036789502,0.04085532,0.006969691,0.4986378,0.09696533,0.76407045,0.008849632,0.05920456,0.010423706,0.28870192,0.02577365,null,null,null,null,"TWOGAUSSIANS",8,5.247948,0.26037118,0.0036789502,0.22878978,0.03903027,0.49863556,0.096969515,0.76407045,0.008849632,0.33154553,0.05837275,0.2886997,0.025773589
375316653866487564,4235336863416210816,0.57208204,2095.956575653551,1.1244143180994512,3.219739E-5,19.401762,0.008553707,0.24509369,0.0019728618,0.03863044,0.0017090659,0.61916816,0.0103424955,0.7424578,0.01600213,0.041862536,0.010956877,0.12152523,0.041554652,null,null,null,null,"TWOGAUSSIANS",8,2.1070719,0.24509369,0.0019728618,0.21633047,0.009570769,0.61916816,0.010342487,0.7424578,0.01600213,0.2344302,0.06135851,0.12152523,0.041554652
375316653866487564,4235339101103959808,0.5003382,2137.6152920916375,3.1634609531083937,1.8600307E-5,15.111688,0.024636054,0.24397874,0.0063677286,0.099125445,0.017140003,0.1998747,0.022554033,0.74460304,0.006831705,0.10020671,0.014133835,0.18123314,0.025672939,null,null,null,null,"TWOGAUSSIANS",8,129.76013,0.24397874,0.0063677286,0.4,0.0,0.18363592,0.009473603,0.74460304,0.006831705,0.4,0.0,0.16499412,0.016339904
375316653866487564,4235339582140642048,0.6090003,2139.408065959572,3.2036557089442237,4.8488173E-6,15.203004,0.0032674726,0.2983449,0.002997708,0.06256633,0.008489565,0.0696831,0.007738622,0.79538244,0.0037953039,0.054341715,0.005797345,0.061521884,0.007297262,0.032066494,0.0043386086,0.2983449,0.002997708,"TWOGAUSSIANS_WITH_ELLIPSOIDAL_ON_ECLIPSE1",9,8.454542,0.2983449,0.002997708,0.35037148,0.047541562,0.13379128,0.0056046024,0.7959624,0.0028823726,0.3043136,0.03246513,0.1256122,0.0044759694
375316653866487564,4235340509853253120,0.6317353,2127.53330060841,2.6271112003323394,3.885186E-6,16.29493,0.009507141,0.23306584,0.0018607123,0.03952331,0.004382722,0.27384338,0.019697158,0.7256708,0.0018608589,0.0527469,0.00458213,0.32399172,0.021862784,0.110511325,0.013908875,0.23306584,0.0018607123,"TWOGAUSSIANS_WITH_ELLIPSOIDAL_ON_ECLIPSE1",9,22.423563,0.7266308,0.0015337255,0.29538262,0.025659928,0.5445973,0.01600899,0.23306584,0.0018607123,0.22133054,0.024543244,0.49486375,0.016419055
375316653866487564,4235346003106936704,0.53886646,2109.6710874795044,2.3793469178469895,1.6816864E-5,17.980787,0.0035951675,0.20520374,0.004206403,0.06689416,0.005786518,0.12625943,0.00790881,0.6986303,0.0038752572,0.060166474,0.0060722297,0.240417,0.026023025,null,null,null,null,"TWOGAUSSIANS",8,2.5471685,0.6986303,0.0038752572,0.33693227,0.034004487,0.24029663,0.02609328,0.20520374,0.004206403,0.37460726,0.0324045,0.12613906,0.007934051
375316653866487564,4235346213570145152,0.60858315,2113.4601234180495,1.8178031423576073,4.2037063E-6,15.043584,0.50363696,0.31270134,0.0018189052,0.16434328,0.071606174,0.32302275,0.4792037,0.81094855,0.0013516987,0.15241873,0.046293747,0.3196363,0.4238614,null,null,null,null,"TWOGAUSSIANS",8,5.834891,0.31290135,0.0017457003,0.4,0.0,0.14282359,0.0031523413,0.81094855,0.0013516987,0.4,0.0,0.14280796,0.0026511347
375316653866487564,4235349031068631424,0.4922838,2108.7631727365965,1.6954567100494207,2.1338637E-5,13.867004,0.045338012,0.25539142,0.0051332545,0.21604162,0.034658164,0.22504927,0.044085305,0.75418127,0.0042437343,0.16944952,0.023138745,0.20745002,0.041855622,null,null,null,null,"TWOGAUSSIANS",8,34.15023,0.75418127,0.0042437343,0.4,0.0,0.05347351,0.0033975353,0.2559014,0.005585745,0.4,0.0,0.045501705,0.0027290378
375316653866487564,4235352467042477696,0.631732,2106.761169029954,1.5355319388807176,1.6067474E-6,16.663528,0.0032103139,0.30348045,5.7638297E-4,0.050525237,0.001062098,0.25468916,0.005013179,0.80438864,7.536675E-4,0.04199524,9.631764E-4,0.44008654,0.010989337,null,null,null,null,"TWOGAUSSIANS",8,4.836219,0.80438864,7.536675E-4,0.23517334,0.005393788,0.44008628,0.010989395,0.30348045,5.7638297E-4,0.28294134,0.0059477487,0.25468886,0.005013173
375316653866487564,4235353257316378624,0.66004604,2103.4276507563854,1.3217114470516853,4.9726636E-6,13.5792675,6.311319E-4,0.7391361,8.7085314E-4,0.06023781,0.0019429874,0.0886146,0.002033692,null,null,null,null,null,null,0.0541764,9.074351E-4,0.7391361,8.7085314E-4,"ONEGAUSSIAN_WITH_ELLIPSOIDAL",6,8.795051,0.7391361,8.7085314E-4,0.33733174,0.01088073,0.19695103,0.0017632826,null,null,null,null,null,null
375316653866487564,4235353257316542336,0.555382,2124.82371683915,3.6502444601513218,1.632043E-5,16.905458,0.0025391052,0.27561843,0.0039229644,0.08250761,0.005834078,0.106739685,0.0072686737,0.77141523,0.008203973,0.08367066,0.0072347187,0.12341579,0.010229274,null,null,null,null,"TWOGAUSSIANS",8,3.0199757,0.77141523,0.008203973,0.4,0.0,0.12111449,0.010341148,0.27561843,0.0039229644,0.4,0.0,0.10443839,0.007758141
375316653866487564,4235354459906182144,0.49194562,2077.996344194898,1.6048773798144425,2.351612E-5,14.541553,0.016683323,0.23768298,0.01403939,0.104456805,0.027704718,0.06810819,0.015423368,0.7388779,0.0076325433,0.10655675,0.02171546,0.09234647,0.015649695,null,null,null,null,"TWOGAUSSIANS",8,71.97962,0.7388779,0.0076325433,0.4,0.0,0.082907066,0.004337636,0.23768298,0.014049753,0.4,0.0,0.058670413,0.009670143
375316653866487564,4235355658197662080,0.5019677,2054.8329026271504,3.387918616721662,2.9490264E-5,18.466965,0.014514097,0.28488332,0.007012634,0.09579432,0.014238212,0.12659363,0.014109686,0.7663318,0.008033751,0.10213696,0.012392488,0.12254682,0.014817897,null,null,null,null,"TWOGAUSSIANS",8,1.5869099,0.28489333,0.0070163445,0.4,0.0,0.11855242,0.008894996,0.7663318,0.008033751,0.4,0.0,0.114503935,0.007813539
375316653866487564,4235357552282325888,0.42527282,2071.2673829263567,1.309013267313919,3.2299675E-5,16.663425,0.020303527,0.1018118,9.190852E-4,0.014520357,0.0025244902,0.081010535,0.014965194,0.6620794,0.018814158,0.15715301,0.04604978,0.12585694,0.015322454,null,null,null,null,"TWOGAUSSIANS",8,55.35635,0.6620794,0.018814158,0.4,0.0,0.124253035,0.014278424,0.1017118,9.03299E-4,0.081314005,0.014137145,0.08213777,0.016160684
375316653866487564,4235357895879699840,0.5456459,2041.3029088307067,2.466940045164526,1.4134228E-5,15.838945,0.032508593,0.15281838,0.0030472057,0.10585796,0.0120673785,0.26090956,0.030197581,0.662048,0.0030301672,0.094302006,0.010057776,0.27327827,0.031432386,null,null,null,null,"TWOGAUSSIANS",8,47.309547,0.662048,0.0030443524,0.4,0.0,0.25236806,0.014251386,0.15281838,0.0030472057,0.4,0.0,0.23999178,0.01506641
375316653866487564,4235362186548157568,0.60364217,2108.5810187046623,2.9425856997370845,8.187545E-6,17.501034,0.015088025,0.22067282,0.0020059377,0.0903431,0.0044337423,0.3688562,0.014055416,0.7417209,0.0067804134,0.100026675,0.012936608,0.17661127,0.013742276,null,null,null,null,"TWOGAUSSIANS",8,3.6979172,0.22067282,0.0020053228,0.4,0.0,0.3571974,0.008218612,0.7417209,0.0067804134,0.4,0.0,0.1649507,0.00937189
375316653866487564,4235365141492406272,0.56753975,2005.4361222568732,1.9999845730530659,2.125622E-5,18.386114,0.015097876,0.26662093,0.0038514694,0.080870934,0.0054607564,0.30036908,0.01598699,0.76525015,0.0038165094,0.08575413,0.0075660446,0.24838372,0.014321542,null,null,null,null,"TWOGAUSSIANS",8,1.5367535,0.26662093,0.0038514694,0.4,0.0,0.29448596,0.011270767,0.76525015,0.0038165094,0.4,0.0,0.24250056,0.010561585
375316653866487564,4235366034835344256,0.47137484,2063.5206309420787,0.16497375102152023,7.642721E-5,19.235418,0.07370103,0.04342384,0.029306592,0.09055322,0.045195695,0.115633264,0.0397881,0.48002622,0.023658415,0.19141291,0.07500338,0.22204022,0.06819483,null,null,null,null,"TWOGAUSSIANS",8,2.7867517,0.48002622,0.023658415,0.4,0.0,0.17511101,0.01817477,0.05668384,0.031483874,0.4,0.038975403,0.08908642,0.021120002
375316653866487564,4235370024867414400,0.46069613,2079.380299591233,2.744076885722736,3.4747514E-5,17.104391,0.0065532336,0.2300788,0.013644363,0.08010535,0.014198102,0.08390474,0.007871336,0.69851273,0.010247353,0.07171305,0.015944231,0.088685974,0.015722722,null,null,null,null,"TWOGAUSSIANS",8,13.749282,0.69851273,0.010247353,0.4,0.040857825,0.08831153,0.015995812,0.2300788,0.013644363,0.4,0.0,0.0835303,0.0072257067
375316653866487564,4235371360594950400,0.4665268,2037.6570056534795,3.364153059159143,1.9095944E-5,19.160585,0.008921804,null,null,null,null,null,null,null,null,null,null,null,null,0.080763236,0.0148788225,0.21999364,0.006913394,"ELLIPSOIDAL",4,2.8835852,null,null,null,null,null,null,null,null,null,null,null,null
375316653866487564,4235371875994281984,0.4859913,2062.1850792599184,2.8199346429712264,2.1893957E-5,18.168367,0.009024691,0.24514829,0.01083641,0.08051911,0.024016697,0.117934935,0.011251162,0.75504977,0.010722599,0.08316305,0.017997688,0.122905456,0.020509062,null,null,null,null,"TWOGAUSSIANS",8,3.0396118,0.75504977,0.010722599,0.4,0.012401969,0.1210241,0.021394206,0.24514829,0.01083641,0.4,0.004683399,0.11605358,0.0129827075
375316653866487564,4235372258250677632,0.535453,2087.240589690499,2.6413391371111183,1.4814467E-5,14.51435,0.015499657,0.29583743,0.004670394,0.03712402,0.07180177,0.048565634,3.4227557E29,0.76905024,0.020598326,0.061668742,0.08808922,0.039117947,0.02353562,0.083606906,0.025461411,0.29583743,0.004670394,"TWOGAUSSIANS_WITH_ELLIPSOIDAL_ON_ECLIPSE1",9,209.69135,0.29583743,0.004670394,0.2078945,0.4020899,0.21577753,3.4227557E29,0.78428024,0.02282212,0.34534496,0.4895307,0.20427473,0.045352284
375316653866487564,4235372498771871488,0.48202142,2068.9660905442483,3.8410603285860954,1.7692179E-5,19.67235,0.0126247,0.22068195,0.0038708886,0.08158248,0.0058302083,0.30588418,0.023141949,0.71237975,0.0066615324,0.08168189,0.008024604,0.27263454,0.021005508,null,null,null,null,"TWOGAUSSIANS",8,1.5368134,0.22068195,0.0038708886,0.4,0.0,0.30134812,0.023048332,0.71237975,0.0066615324,0.4,0.0,0.26809847,0.020701095
375316653866487564,4235373216024275072,0.47420442,2070.155799041073,0.8827129758250362,2.7716122E-5,19.374062,0.0062939655,0.42663395,0.0044756867,0.030324556,0.0035682495,0.4298443,0.14141332,0.70083207,0.0048934342,0.012111998,0.009435545,0.5146733,0.43249333,null,null,null,null,"TWOGAUSSIANS",8,2.3818958,0.70083207,0.0048934342,0.06782719,0.052839052,0.5146733,0.43249333,0.42663395,0.0044756867,0.1698175,0.019982196,0.4298443,0.14141332
375316653866487564,4235373220322897152,0.5088435,2058.4694660059836,2.8889587166821373,1.9106445E-5,13.17891,0.0211042,0.21535999,0.0051366384,0.09340949,0.009439326,0.25361174,0.020518702,0.71719074,0.0063467342,0.097468704,0.016111098,0.27097762,0.045385417,null,null,null,null,"TWOGAUSSIANS",8,843.1004,0.71719074,0.0063467342,0.4,0.0,0.25442526,0.051696036,0.21535999,0.0051366384,0.4,0.0,0.23706011,0.009381076
375316653866487564,4235373598280028416,0.5213241,2089.9358273165176,2.341533496610852,1.7042617E-5,16.088528,0.03848487,0.23147663,0.008636139,0.10546567,0.022433495,0.24827135,0.035933115,0.731402,0.0037389526,0.112366065,0.014998232,0.25321677,0.035631016,null,null,null,null,"TWOGAUSSIANS",8,52.249744,0.731402,0.0037389526,0.4,0.0,0.21727125,0.011355645,0.23147663,0.008643796,0.4,0.0,0.2123447,0.0133755
375316653866487564,4235374560352964864,0.4826551,2082.0986294581107,1.0353302398770858,9.14509E-6,15.913537,0.0047556213,0.17421664,0.05681821,0.034063715,0.038008142,0.035306305,0.068558,0.6447785,0.0016872626,0.038040236,0.00206579,0.16160639,0.0055710166,null,null,null,null,"TWOGAUSSIANS",8,75.380974,0.6447785,0.0016872626,0.21302532,0.011568423,0.16160639,0.005570947,0.17421664,0.05681821,0.19075681,0.2128456,0.035306305,0.068558
375316653866487564,4235384348578905216,0.5227999,2092.2136653335906,2.776342550248344,1.4629679E-5,19.570518,0.013411665,0.18556984,0.006368275,0.05717662,0.006025354,0.4275326,0.020197093,0.70167357,0.006459197,0.058014244,0.012887581,0.3171306,0.07378025,null,null,null,null,"TWOGAUSSIANS",8,2.7216296,0.18556984,0.006368275,0.32018906,0.03374198,0.42750043,0.020178573,0.70167357,0.006459197,0.32487977,0.07217046,0.3170984,0.073808014
375316653866487564,4235384455957667200,0.5513418,2102.16806118018,0.36185461569676314,1.0386575E-6,19.131638,0.0034190554,0.17853723,7.143361E-7,0.0059438623,2.1353142E-5,14.092724,0.23635955,0.579716,0.014149353,0.028850911,0.011554669,0.04965616,0.0209641,null,null,null,null,"TWOGAUSSIANS",8,1.7791487,0.17853723,7.143361E-7,0.03328563,1.1957759E-4,14.092724,0.23635955,0.579716,0.014149353,0.16156511,0.06470614,0.04965616,0.0209641
375316653866487564,4235385241931213696,0.5087448,2032.589994232408,2.825081089549703,1.8729144E-5,18.750692,0.012295891,0.28048337,0.0047240886,0.07853905,0.008280003,0.18731819,0.017856983,0.788417,0.0053916373,0.06444345,0.013542556,0.11786054,0.011201082,null,null,null,null,"TWOGAUSSIANS",8,1.4937941,0.28048337,0.0047240886,0.4,0.0,0.18676843,0.0173621,0.788417,0.0053916373,0.3608833,0.060304932,0.11731078,0.009853399
375316653866487564,4235385830350432128,0.5284914,2023.9708759151708,3.5238569395869743,1.44058895E-5,19.610756,0.011687729,0.246721,0.0056918245,0.08084385,0.006022522,0.35522273,0.014830819,0.7412782,0.0035466726,0.07380468,0.006996361,0.44682103,0.046397246,null,null,null,null,"TWOGAUSSIANS",8,1.613283,0.7412782,0.0035466726,0.4,0.0,0.44303203,0.048632104,0.246721,0.0056918245,0.4,0.0,0.35143372,0.013678827
375316653866487564,4235387200436432512,0.50497836,2045.7295545150434,0.1691929211046198,5.3229916E-5,16.503508,0.0024487297,0.080557816,0.001245372,0.003429352,0.0016788645,0.33619508,1.8922777,0.45706826,0.003712072,0.049848106,0.0042502005,0.05301726,0.00755981,null,null,null,null,"TWOGAUSSIANS",8,16.191986,0.080557816,0.001245372,0.01920437,0.009401641,0.33619508,1.8922777,0.45706826,0.003712072,0.27914938,0.023801122,0.05301726,0.00755981
