Gaia/vari_eclipsing_binary/VariEclipsingBinary_485820-485941.csv
# %ECSV 1.0
# ---
# delimiter: ','
# meta: !!omap
# - RELEASE: Gaia DR3
# - TABLE: vari_eclipsing_binary
# - DESCRIPTION: >
#     This table describes the properties of the eclipsing binaries resulting from the variability analysis. 
# - CITATION: >
#     How to cite and acknowledge Gaia: 
#     https://gea.esac.esa.int/archive/documentation/credits.html 
# - KNOWN_ISSUES: >
#     Known issues: 
#     https://www.cosmos.esa.int/web/gaia-users/known-issues 
# - DOCUMENTATION: >
#     Tutorials and documentation: 
#     https://www.cosmos.esa.int/web/gaia-users/archive 
# datatype:
# - 
#   name: solution_id
#   datatype: int64
#   description: Solution Identifier
#   meta:
#     ucd: meta.version
# - 
#   name: source_id
#   datatype: int64
#   description: Unique source identifier
#   meta:
#     ucd: meta.id;meta.main
# - 
#   name: global_ranking
#   datatype: float32
#   description: Number between 0 (worst) and 1 (best)
#   meta:
#     ucd: stat.param
# - 
#   name: reference_time
#   datatype: float64
#   unit: d
#   description: Reference time used for the geometric model fit
#   meta:
#     ucd: time.epoch
# - 
#   name: frequency
#   datatype: float64
#   unit: d**-1
#   description: Frequency of geometric model of the eclipsing binary light curve
#   meta:
#     ucd: src.orbital
# - 
#   name: frequency_error
#   datatype: float32
#   unit: d**-1
#   description: "Uncertainty of \\texttt{frequency}"
#   meta:
#     ucd: stat.error
# - 
#   name: geom_model_reference_level
#   datatype: float32
#   unit: mag
#   description: Magnitude reference level of geometric model
#   meta:
#     ucd: phot.mag;em.opt
# - 
#   name: geom_model_reference_level_error
#   datatype: float32
#   unit: mag
#   description: "Uncertainty of \\texttt{geomModelReferenceLevel}"
#   meta:
#     ucd: stat.error;phot.mag;em.opt
# - 
#   name: geom_model_gaussian1_phase
#   datatype: float32
#   description: Phase of the Gaussian 1 component
#   meta:
#     ucd: time.phase
# - 
#   name: geom_model_gaussian1_phase_error
#   datatype: float32
#   description: "Uncertainty of \\texttt{geomModelGaussian1Phase}"
#   meta:
#     ucd: stat.error;time.phase
# - 
#   name: geom_model_gaussian1_sigma
#   datatype: float32
#   description: "Standard deviation [phase] of Gaussian 1 component"
#   meta:
#     ucd: stat.stdev
# - 
#   name: geom_model_gaussian1_sigma_error
#   datatype: float32
#   description: "Uncertainty of \\texttt{geomModelGaussian1Sigma}"
#   meta:
#     ucd: stat.error
# - 
#   name: geom_model_gaussian1_depth
#   datatype: float32
#   unit: mag
#   description: Magnitude depth of Gaussian 1 component
#   meta:
#     ucd: src.var.amplitude
# - 
#   name: geom_model_gaussian1_depth_error
#   datatype: float32
#   unit: mag
#   description: "Uncertainty of \\texttt{geomModelGaussian1Depth}"
#   meta:
#     ucd: stat.error;src.var.amplitude
# - 
#   name: geom_model_gaussian2_phase
#   datatype: float32
#   description: Phase of Gaussian 2 component
#   meta:
#     ucd: time.phase
# - 
#   name: geom_model_gaussian2_phase_error
#   datatype: float32
#   description: "Uncertainty of \\texttt{geomModelGaussian2Phase}"
#   meta:
#     ucd: stat.error;time.phase
# - 
#   name: geom_model_gaussian2_sigma
#   datatype: float32
[...]
#   datatype: float32
#   description: "Secondary eclipse: uncertainty of \\texttt{derivedSecondaryEclDuration}"
#   meta:
#     ucd: stat.error;time.duration
# - 
#   name: derived_secondary_ecl_depth
#   datatype: float32
#   unit: mag
#   description: "Secondary eclipse: depth"
#   meta:
#     ucd: src.var.amplitude
# - 
#   name: derived_secondary_ecl_depth_error
#   datatype: float32
#   unit: mag
#   description: "Secondary eclipse: uncertainty of \\texttt{derivedSecondaryEclDepth}"
#   meta:
#     ucd: stat.error;src.var.amplitude
solution_id,source_id,global_ranking,reference_time,frequency,frequency_error,geom_model_reference_level,geom_model_reference_level_error,geom_model_gaussian1_phase,geom_model_gaussian1_phase_error,geom_model_gaussian1_sigma,geom_model_gaussian1_sigma_error,geom_model_gaussian1_depth,geom_model_gaussian1_depth_error,geom_model_gaussian2_phase,geom_model_gaussian2_phase_error,geom_model_gaussian2_sigma,geom_model_gaussian2_sigma_error,geom_model_gaussian2_depth,geom_model_gaussian2_depth_error,geom_model_cosine_half_period_amplitude,geom_model_cosine_half_period_amplitude_error,geom_model_cosine_half_period_phase,geom_model_cosine_half_period_phase_error,model_type,num_model_parameters,reduced_chi2,derived_primary_ecl_phase,derived_primary_ecl_phase_error,derived_primary_ecl_duration,derived_primary_ecl_duration_error,derived_primary_ecl_depth,derived_primary_ecl_depth_error,derived_secondary_ecl_phase,derived_secondary_ecl_phase_error,derived_secondary_ecl_duration,derived_secondary_ecl_duration_error,derived_secondary_ecl_depth,derived_secondary_ecl_depth_error
[from data line 76]
375316653866487564,4273603613279333376,0.4936509,2284.279875541453,2.8533207572814523,4.2962398E-5,18.6814,0.027335798,0.24185917,0.008325838,0.0952225,0.015157853,0.2574415,0.024702214,0.74693936,0.015277459,0.08974855,0.013784085,0.2504054,0.029518226,null,null,null,null,"TWOGAUSSIANS",8,5.050532,0.24185917,0.008325838,0.4,0.0,0.24523473,0.01770641,0.74693936,0.015277459,0.4,0.0,0.23819908,0.02321354
375316653866487564,4273609385715602816,0.54871714,2210.0645464719832,2.5703042229324184,2.267884E-5,19.589012,0.07394273,0.2566407,0.008503466,0.10677899,0.02183521,0.5072769,0.062389247,0.7669014,0.011340893,0.09410942,0.018575057,0.5387442,0.078707285,null,null,null,null,"TWOGAUSSIANS",8,1.9348456,0.7669113,0.011347578,0.4,0.0,0.49742624,0.0676959,0.2566407,0.008503466,0.4,0.0,0.46594056,0.04123584
375316653866487564,4273610970557302400,0.5532246,2217.5948522803274,2.8573409981485756,1.43556335E-5,19.688368,0.014599636,0.243555,0.0030451906,0.069899626,0.005725252,0.50489897,0.039846264,0.75033975,0.019389367,0.07130561,0.0076537724,0.42452523,0.091310106,null,null,null,null,"TWOGAUSSIANS",8,1.9925647,0.243555,0.0030451906,0.3914379,0.02676261,0.50342333,0.040379856,0.75033975,0.019389367,0.39931142,0.028650636,0.42304963,0.09108857
375316653866487564,4273611039277768576,0.53743255,2248.72501336687,0.9314745343815488,1.3710397E-4,18.881773,0.009540462,0.29220793,6.4399856E-4,0.037780125,0.0017185331,0.39573184,0.0100766495,0.685155,0.031361647,0.096023574,0.0366652,0.06560944,0.015487104,null,null,null,null,"TWOGAUSSIANS",8,1.9044269,0.29220793,6.202929E-4,0.2115687,0.0096237855,0.39574054,0.010169093,0.685155,0.031361647,0.4,0.0,0.06560298,0.015473817
375316653866487564,4273614200379123968,0.57026345,2229.167811613042,2.5936310813845007,2.9509403E-5,16.546284,0.020326,0.24928088,0.005722108,0.090555295,0.008395298,0.2949432,0.022287227,0.74188465,0.0052391854,0.092305936,0.008771745,0.34817833,0.020587124,null,null,null,null,"TWOGAUSSIANS",8,27.048908,0.74188465,0.0052391854,0.4,0.0,0.33453026,0.017726382,0.24928088,0.005722108,0.4,0.0,0.2812953,0.017407883
375316653866487564,4273615884000237056,0.50349426,2257.992788018524,2.1097247652713245,4.2381667E-5,19.774475,0.40693444,0.22705038,0.0066006794,0.08025424,0.030871805,0.4247293,0.25192833,0.74031985,0.032915514,0.10457093,0.12750573,0.2716825,0.3966193,null,null,null,null,"TWOGAUSSIANS",8,2.0273595,0.22705038,0.0065081483,0.4,0.012213888,0.4110278,0.028641816,0.74031985,0.03292289,0.4,0.0,0.25797406,0.048347708
375316653866487564,4273616154591626368,0.5202744,2241.2697951337864,1.9810142211178312,4.7009E-5,19.526558,0.035943776,0.23846248,0.017520685,0.08498733,0.030826941,0.29299352,0.08151947,0.7323783,0.009282094,0.08483228,0.013645108,0.3435559,0.03796138,null,null,null,null,"TWOGAUSSIANS",8,1.7221497,0.7323783,0.009282469,0.4,0.0,0.33607873,0.026603516,0.23846248,0.017520685,0.4,0.0,0.28551635,0.09613532
375316653866487564,4273616571195023488,0.497901,2199.873761208692,2.717069583862504,3.5444144E-5,19.208794,0.010889329,0.2510685,0.00881757,0.055814184,0.009081327,0.32252392,0.05062275,0.74889874,0.009475234,0.074546725,0.011665847,0.24199837,0.024797793,null,null,null,null,"TWOGAUSSIANS",8,2.9894662,0.2510685,0.00881757,0.31255943,0.050855435,0.32220018,0.050726917,0.74889874,0.009475234,0.4,0.023662696,0.24167462,0.024838643
375316653866487564,4273617013577118592,0.5382948,2230.7130276336475,3.6581230650152787,1.6094826E-5,17.846159,0.012587458,0.8192073,0.0030169978,0.02715196,0.007584553,0.23981443,0.20272964,null,null,null,null,null,null,0.19412827,0.026204046,0.8192073,0.0030169978,"ONEGAUSSIAN_WITH_ELLIPSOIDAL",6,21.048557,0.8192073,0.0030169978,0.15205099,0.0424735,0.6280707,0.20811109,null,null,null,null,null,null
375316653866487564,4273619899790092416,0.5090057,2190.137727406144,2.7274326192832596,4.285421E-5,18.11234,0.040604062,0.21270092,0.013296952,0.09378179,0.021283163,0.2517082,0.04534151,0.717973,0.013613442,0.09169762,0.02647314,0.27524403,0.034859583,null,null,null,null,"TWOGAUSSIANS",8,11.189455,0.717973,0.01362171,0.4,0.0,0.2623741,0.027948089,0.21270092,0.013301284,0.4,0.0,0.23883812,0.040529322
375316653866487564,4273622412356299904,0.583248,2188.012441435549,2.5028735823911905,1.0421005E-5,17.930216,0.009355274,0.24083163,0.006454174,0.081439056,0.007869835,0.35013247,0.023956172,0.7437781,0.0014744324,0.0777046,0.002675804,0.3720741,0.011072238,null,null,null,null,"TWOGAUSSIANS",8,5.180052,0.7437781,0.0014744324,0.4,0.0,0.3671856,0.0101949675,0.24083163,0.006454174,0.4,0.0,0.34524396,0.025180612
375316653866487564,4273623129605626880,0.5787723,2253.727633897293,0.46776274290914516,2.2648124E-4,18.43488,0.0037559997,0.616407,7.202114E-4,0.04095848,0.0018228606,0.5380746,0.014919656,null,null,null,null,null,null,null,null,null,null,"ONEGAUSSIAN",5,3.1396985,0.616407,7.202114E-4,0.2293675,0.010208019,0.5380746,0.0,null,null,null,null,null,null
375316653866487564,4273623305702452480,0.551581,2210.335911842697,1.6273948843612538,1.4720726E-5,18.965296,0.008581641,0.24898508,0.0047197877,0.06719567,0.011167054,0.3214934,0.041582763,0.7561683,0.0061030127,0.085152194,0.007876077,0.38422072,0.021231217,null,null,null,null,"TWOGAUSSIANS",8,2.024781,0.7561683,0.0061030127,0.4,0.0,0.38145512,0.021722997,0.24898508,0.0047197877,0.37629575,0.037130613,0.31872782,0.04385522
375316653866487564,4273626496860197376,0.49561897,2253.1183193485913,0.06696814114372036,1.7873432E-5,18.71802,0.0065627648,0.3051797,0.0025101597,0.06657708,0.0040854015,0.20648912,0.0059175007,0.77597994,0.004188362,0.027003122,0.0077011003,1.5369298,11.921476,null,null,null,null,"TWOGAUSSIANS",8,3.2004087,0.77597994,0.004188362,0.15121749,0.043126162,1.5369297,11.921477,0.3051797,0.0025101597,0.37283164,0.022878248,0.20648904,0.005917467
375316653866487564,4273627630731722368,0.5318444,2170.999038793594,2.564046926058288,2.8487022E-5,19.355848,0.036882166,0.272449,0.024488265,0.11143804,0.038780235,0.23490922,0.035079088,0.77322316,0.013420623,0.09331237,0.017641928,0.25009876,0.034815967,null,null,null,null,"TWOGAUSSIANS",8,0.8549979,0.77322316,0.013429299,0.4,0.0,0.22595893,0.014813442,0.272449,0.024488265,0.4,0.0,0.2107497,0.033726417
375316653866487564,4273628249206971264,0.58610296,2272.29704963867,1.0368258098267236,7.935893E-5,18.901749,0.005406328,0.30844334,0.0018188466,0.031006653,0.00129341,0.43253845,0.015203681,0.6690215,0.0060017505,0.020786233,0.009438028,0.13898346,0.112986594,null,null,null,null,"TWOGAUSSIANS",8,1.0704819,0.30844334,0.0018188466,0.17363726,0.007243096,0.43253845,0.015203681,0.6690215,0.0060017505,0.11640291,0.052852955,0.13898346,0.112986594
375316653866487564,4273629078145858432,0.52264416,2202.109349983724,0.571157246068987,5.6676417E-5,19.047049,0.025344774,0.28207234,0.011673759,0.030691255,0.010501574,0.575422,0.11879391,0.78504276,0.011658572,0.034354035,0.007552996,0.46297497,0.09071268,null,null,null,null,"TWOGAUSSIANS",8,12.191916,0.28207234,0.011673759,0.17187104,0.05880881,0.575422,0.11879391,0.78504276,0.011658572,0.19238259,0.04229678,0.46297497,0.09071268
375316653866487564,4273630005858811008,0.5260633,2223.3804848650734,2.751561009894646,3.4177083E-5,18.268887,0.078754716,0.2865732,0.0101424195,0.10953072,0.028582085,0.274004,0.10024606,0.77402693,0.010482501,0.08864891,0.03576452,0.2155139,0.07126824,null,null,null,null,"TWOGAUSSIANS",8,4.721602,0.2865732,0.010141091,0.4,0.0,0.25673467,0.07694153,0.77402693,0.010482501,0.4,0.0,0.19826302,0.015110188
375316653866487564,4273630035913617280,0.53754973,2210.8970359571636,2.8627782023892605,5.8719103E-5,19.338247,0.013478453,0.2836303,0.005919976,0.05933521,0.011764124,0.6166015,0.16555244,0.7841186,0.006552743,0.058405604,0.0069791763,0.62800586,0.0945909,null,null,null,null,"TWOGAUSSIANS",8,5.161639,0.7841186,0.006552743,0.32707137,0.039083388,0.62785745,0.094694875,0.2836303,0.005919976,0.33227718,0.06587909,0.6164532,0.16593543
375316653866487564,4273630521250163712,0.57211715,2235.600384208776,2.163549348955419,2.637767E-5,19.73107,0.012480492,0.24099016,0.0068517867,0.058178682,0.010000696,0.3822962,0.10928784,0.7411998,0.007947818,0.07246343,0.010389328,0.4226508,0.01646841,null,null,null,null,"TWOGAUSSIANS",8,0.7319278,0.7411998,0.007947818,0.4,0.02612017,0.42212403,0.016407995,0.24099016,0.0068517867,0.32580063,0.056003902,0.38176942,0.10964698
375316653866487564,4273631582101724672,0.63521343,2254.1624604215986,0.06951868023803714,2.4571546E-5,18.186396,0.001995443,0.5700986,0.016312426,0.010886315,0.007858201,0.02880837,1.1289062,0.9071245,9.708978E-4,0.012677111,0.00141203,0.35588217,0.008123338,null,null,null,null,"TWOGAUSSIANS",8,1.031802,0.9071245,9.708978E-4,0.07099182,0.007907368,0.35588217,0.008123338,0.5700986,0.016312426,0.060963362,0.044005927,0.02880837,1.1289062
375316653866487564,4273638458343325568,0.47063082,2218.4495579358113,0.8688932110429584,1.9902212E-5,17.64673,0.0046898476,0.26666683,0.019525405,0.046461165,0.011272804,0.09469927,0.061032295,0.6279314,0.0041593285,0.007348322,0.0035950863,0.222536,0.062268198,null,null,null,null,"TWOGAUSSIANS",8,2.7934291,0.6279314,0.0041593285,0.041150603,0.020132484,0.222536,0.062268198,0.26666683,0.019525405,0.26018253,0.063127704,0.09469927,0.061032295
375316653866487564,4273649968858510080,0.535736,2212.370375043377,2.4898444659843633,2.188249E-5,19.012215,0.09187866,0.2586847,0.011822669,0.10715586,0.026269011,0.3819298,0.086562164,0.75941604,0.00736574,0.099447,0.019364165,0.36898258,0.090958945,null,null,null,null,"TWOGAUSSIANS",8,2.5230956,0.2586847,0.011824102,0.4,0.0,0.34212565,0.028480109,0.75941604,0.007368305,0.4,0.0,0.3291903,0.029578103
375316653866487564,4273670722141198720,0.57727486,2222.1030258119326,2.4140034543288875,1.5101775E-5,18.566265,0.017924316,0.26097238,0.006907727,0.078845814,0.009318912,0.37899658,0.054307725,0.7647757,0.008815168,0.08301859,0.010864381,0.4087444,0.018606048,null,null,null,null,"TWOGAUSSIANS",8,3.7721014,0.7647757,0.008815168,0.4,0.0,0.4025391,0.014606717,0.26097238,0.006907727,0.4,0.0,0.3727913,0.054933336
375316653866487564,4273674119457576704,0.55532765,2181.0888874510824,1.3862912133869434,1.605189E-5,18.666662,0.014453537,0.20336595,0.016773341,0.07649565,0.012378903,0.2609844,0.030879851,0.71185,0.0065592565,0.07582781,0.012426631,0.20248501,0.012160319,null,null,null,null,"TWOGAUSSIANS",8,1.4241477,0.20336595,0.016773341,0.4,0.0027447115,0.25923568,0.03032914,0.71185,0.0065592565,0.4,0.039509077,0.20073631,0.01250688
375316653866487564,4273677658510635136,0.6116789,2251.77743896203,2.9999663862620944,1.141045E-5,18.132153,0.020765183,0.28926793,0.0038209101,0.077257216,0.0117561575,0.64020365,0.14216393,0.8034865,0.00511468,0.084053166,0.005956492,0.5928466,0.036057685,null,null,null,null,"TWOGAUSSIANS",8,6.3189163,0.28926793,0.0038209101,0.4,0.0,0.6325683,0.14891002,0.8034865,0.00511468,0.4,0.0,0.5852112,0.034099646
375316653866487564,4273690268534822144,0.57789093,2224.718269671265,4.67302540255768,4.233613E-5,18.557112,0.013371995,0.61709106,2.1132406E-4,0.025356686,5.54072E-4,0.83330023,0.020105338,0.2591506,0.08915881,0.16215694,0.0791887,0.042975046,0.019304933,null,null,null,null,"TWOGAUSSIANS",8,3.8235488,0.61705106,1.4572925E-4,0.14199744,0.0031028031,0.83633703,0.016347913,0.2591506,0.08915881,0.4,0.0,0.04223408,0.018017272
375316653866487564,4273693738868517248,0.62543654,2210.2566818163227,0.532975349749228,6.231396E-6,18.101215,0.004794141,0.12908854,0.0017140097,0.033130076,0.0017440657,0.6586794,0.02981975,0.6309126,0.014387252,0.035266086,0.006438422,0.5358449,0.16714573,null,null,null,null,"TWOGAUSSIANS",8,4.4770207,0.12908854,0.0017140097,0.18552843,0.009766768,0.6586794,0.02981975,0.6309126,0.014387252,0.19749008,0.036055163,0.5358449,0.16714573
375316653866487564,4273696899964566528,0.5315914,2224.8456066023728,2.931862288158677,4.9391627E-5,19.758976,0.020897107,0.24402323,0.0092711225,0.07186285,0.020579325,0.2543397,0.055582043,0.7805078,0.0034885681,0.079586476,0.0064476286,0.29575115,0.027229311,null,null,null,null,"TWOGAUSSIANS",8,1.1600779,0.7805078,0.0034885681,0.4,0.0,0.29471457,0.02611303,0.24402323,0.0092711225,0.4,0.020607946,0.25330314,0.058168467
375316653866487564,4273701366740317184,0.56193423,2251.1611096472748,0.3084722096315169,1.7011257E-4,19.30619,0.008825611,0.61644286,0.030349664,0.02101414,0.043780703,2.3447015,2.8831544,0.77989125,0.026483208,0.035089165,0.03829874,0.08436833,0.02782037,null,null,null,null,"TWOGAUSSIANS",8,2.3151424,0.61644286,0.030349988,0.11767919,0.24517193,2.344703,2.883158,0.77989125,0.026483208,0.19649932,0.21447295,0.08436833,0.028182607
375316653866487564,4273701572889282176,0.60920054,2240.801264462462,2.2057925028734897,1.3686688E-5,17.921371,0.008383147,0.24991184,0.0030125666,0.071858495,0.003950835,0.4764021,0.01918734,0.742489,0.0040917713,0.07704378,0.0046280655,0.4741115,0.024309717,null,null,null,null,"TWOGAUSSIANS",8,6.1321583,0.24991184,0.0030125666,0.4,0.0068972046,0.47354487,0.019442778,0.742489,0.0040917713,0.4,0.0,0.47125426,0.024685895
375316653866487564,4273713564438255104,0.56933653,2185.075996279905,2.549229688644752,2.0610278E-5,19.3672,0.011966075,0.21030317,0.0056540384,0.06945385,0.0058151963,0.52836066,0.043829266,0.7029237,0.0067167133,0.057547927,0.0046933894,0.53147304,0.052726924,null,null,null,null,"TWOGAUSSIANS",8,2.8969438,0.7029237,0.0067167133,0.3222684,0.026282981,0.5311121,0.052600358,0.21030317,0.0056540384,0.3889416,0.028185176,0.5279997,0.043945204
375316653866487564,4273714389070938624,0.533761,2192.840206088724,1.9794728032021625,3.7573907E-5,18.596348,0.018034352,0.2888981,0.009877293,0.08424539,0.008700987,0.41281024,0.026202867,0.8029381,0.006149909,0.07920792,0.009129964,0.41635808,0.06347408,null,null,null,null,"TWOGAUSSIANS",8,6.2306747,0.8029381,0.006149909,0.4,0.0,0.41045976,0.065001294,0.2888981,0.009877293,0.4,0.0,0.4069119,0.02479397
375316653866487564,4273743289908726016,0.5814281,2212.754069369014,2.1561072147990106,5.912261E-6,16.77937,0.27479804,0.2985699,0.0022331302,0.16102967,0.025649019,0.46058202,0.22475523,0.8001648,0.001737781,0.20264412,0.061530784,0.43084577,0.26538152,null,null,null,null,"TWOGAUSSIANS",8,2.1124961,0.29792988,0.0020061103,0.4,0.0,0.16448954,0.0033256556,0.8006548,0.0018457265,0.4,0.0,0.10112425,0.003112945
375316653866487564,4273745484634892928,0.5800599,2197.06696209576,3.432700958216337,2.6674135E-5,19.767809,0.055061873,0.28071326,0.006537468,0.068258256,0.01293223,0.5093106,0.046157934,0.7206152,0.069837116,0.10860356,0.06395124,0.5489169,1.0320805,null,null,null,null,"TWOGAUSSIANS",8,1.4247798,0.7206152,0.069837116,0.4,0.13553573,0.54203105,1.0398896,0.28076327,0.006499114,0.38224623,0.059716444,0.50257605,0.039841324
375316653866487564,4273755315815125376,0.55057734,2223.1302589736733,2.4094938589443307,1.7454515E-5,19.532307,0.049205452,0.3030662,0.002629089,0.08719414,0.019336035,0.36866403,0.04152393,0.7944867,0.008349695,0.09157457,0.017978672,0.33244732,0.05052826,null,null,null,null,"TWOGAUSSIANS",8,1.7109007,0.3030662,0.002629089,0.4,0.0,0.35644954,0.042607814,0.7944867,0.008349695,0.4,0.0,0.32023266,0.03906855
375316653866487564,4273757407465255040,0.58386934,2282.085687055128,1.218495431636248,1.0860246E-4,18.177795,0.0092833545,0.24040477,0.04595704,0.112102084,0.026979603,0.13898677,0.030559162,0.66051286,0.014245047,0.038482454,0.008616352,0.43538928,0.064594254,null,null,null,null,"TWOGAUSSIANS",8,3.1480544,0.66051286,0.014245047,0.21550174,0.048251573,0.43532154,0.06449753,0.24040477,0.04595704,0.4,0.0,0.13879482,0.030121641
