Gaia/vari_eclipsing_binary/VariEclipsingBinary_325434-326719.csv
# %ECSV 1.0
# ---
# delimiter: ','
# meta: !!omap
# - RELEASE: Gaia DR3
# - TABLE: vari_eclipsing_binary
# - DESCRIPTION: >
#     This table describes the properties of the eclipsing binaries resulting from the variability analysis. 
# - CITATION: >
#     How to cite and acknowledge Gaia: 
#     https://gea.esac.esa.int/archive/documentation/credits.html 
# - KNOWN_ISSUES: >
#     Known issues: 
#     https://www.cosmos.esa.int/web/gaia-users/known-issues 
# - DOCUMENTATION: >
#     Tutorials and documentation: 
#     https://www.cosmos.esa.int/web/gaia-users/archive 
# datatype:
# - 
#   name: solution_id
#   datatype: int64
#   description: Solution Identifier
#   meta:
#     ucd: meta.version
# - 
#   name: source_id
#   datatype: int64
#   description: Unique source identifier
#   meta:
#     ucd: meta.id;meta.main
# - 
#   name: global_ranking
#   datatype: float32
#   description: Number between 0 (worst) and 1 (best)
#   meta:
#     ucd: stat.param
# - 
#   name: reference_time
#   datatype: float64
#   unit: d
#   description: Reference time used for the geometric model fit
#   meta:
#     ucd: time.epoch
# - 
#   name: frequency
#   datatype: float64
#   unit: d**-1
#   description: Frequency of geometric model of the eclipsing binary light curve
#   meta:
#     ucd: src.orbital
# - 
#   name: frequency_error
#   datatype: float32
#   unit: d**-1
#   description: "Uncertainty of \\texttt{frequency}"
#   meta:
#     ucd: stat.error
# - 
#   name: geom_model_reference_level
#   datatype: float32
#   unit: mag
#   description: Magnitude reference level of geometric model
#   meta:
#     ucd: phot.mag;em.opt
# - 
#   name: geom_model_reference_level_error
#   datatype: float32
#   unit: mag
#   description: "Uncertainty of \\texttt{geomModelReferenceLevel}"
#   meta:
#     ucd: stat.error;phot.mag;em.opt
# - 
#   name: geom_model_gaussian1_phase
#   datatype: float32
#   description: Phase of the Gaussian 1 component
#   meta:
#     ucd: time.phase
# - 
#   name: geom_model_gaussian1_phase_error
#   datatype: float32
#   description: "Uncertainty of \\texttt{geomModelGaussian1Phase}"
#   meta:
#     ucd: stat.error;time.phase
# - 
#   name: geom_model_gaussian1_sigma
#   datatype: float32
#   description: "Standard deviation [phase] of Gaussian 1 component"
#   meta:
#     ucd: stat.stdev
# - 
#   name: geom_model_gaussian1_sigma_error
#   datatype: float32
#   description: "Uncertainty of \\texttt{geomModelGaussian1Sigma}"
#   meta:
#     ucd: stat.error
# - 
#   name: geom_model_gaussian1_depth
#   datatype: float32
#   unit: mag
#   description: Magnitude depth of Gaussian 1 component
#   meta:
#     ucd: src.var.amplitude
# - 
#   name: geom_model_gaussian1_depth_error
#   datatype: float32
#   unit: mag
#   description: "Uncertainty of \\texttt{geomModelGaussian1Depth}"
#   meta:
#     ucd: stat.error;src.var.amplitude
# - 
#   name: geom_model_gaussian2_phase
#   datatype: float32
#   description: Phase of Gaussian 2 component
#   meta:
#     ucd: time.phase
# - 
#   name: geom_model_gaussian2_phase_error
#   datatype: float32
#   description: "Uncertainty of \\texttt{geomModelGaussian2Phase}"
#   meta:
#     ucd: stat.error;time.phase
# - 
#   name: geom_model_gaussian2_sigma
#   datatype: float32
[...]
#   datatype: float32
#   description: "Secondary eclipse: uncertainty of \\texttt{derivedSecondaryEclDuration}"
#   meta:
#     ucd: stat.error;time.duration
# - 
#   name: derived_secondary_ecl_depth
#   datatype: float32
#   unit: mag
#   description: "Secondary eclipse: depth"
#   meta:
#     ucd: src.var.amplitude
# - 
#   name: derived_secondary_ecl_depth_error
#   datatype: float32
#   unit: mag
#   description: "Secondary eclipse: uncertainty of \\texttt{derivedSecondaryEclDepth}"
#   meta:
#     ucd: stat.error;src.var.amplitude
solution_id,source_id,global_ranking,reference_time,frequency,frequency_error,geom_model_reference_level,geom_model_reference_level_error,geom_model_gaussian1_phase,geom_model_gaussian1_phase_error,geom_model_gaussian1_sigma,geom_model_gaussian1_sigma_error,geom_model_gaussian1_depth,geom_model_gaussian1_depth_error,geom_model_gaussian2_phase,geom_model_gaussian2_phase_error,geom_model_gaussian2_sigma,geom_model_gaussian2_sigma_error,geom_model_gaussian2_depth,geom_model_gaussian2_depth_error,geom_model_cosine_half_period_amplitude,geom_model_cosine_half_period_amplitude_error,geom_model_cosine_half_period_phase,geom_model_cosine_half_period_phase_error,model_type,num_model_parameters,reduced_chi2,derived_primary_ecl_phase,derived_primary_ecl_phase_error,derived_primary_ecl_duration,derived_primary_ecl_duration_error,derived_primary_ecl_depth,derived_primary_ecl_depth_error,derived_secondary_ecl_phase,derived_secondary_ecl_phase_error,derived_secondary_ecl_duration,derived_secondary_ecl_duration_error,derived_secondary_ecl_depth,derived_secondary_ecl_depth_error
[from data line 178]
375316653866487564,2868141089678702464,0.54135036,2131.297904493676,0.635075055858948,2.04625E-6,12.683527,4.0829042E-4,0.21819802,2.1071776E-4,0.019761197,6.872273E-4,0.100477345,0.006123429,null,null,null,null,null,null,null,null,null,null,"ONEGAUSSIAN",5,16.460499,0.21819802,2.1071776E-4,0.1106627,0.0038484728,0.100477345,0.0,null,null,null,null,null,null
375316653866487564,2868183077279742976,0.49667144,2137.486158273593,1.0343809869129608,7.615589E-6,19.860857,0.0036428696,0.19661465,0.0014245874,0.032653384,0.001501045,0.37926498,0.008288703,0.7015091,0.004592211,0.02646202,0.0042358357,0.2730165,0.028287575,null,null,null,null,"TWOGAUSSIANS",8,1.134071,0.19661465,0.0014245874,0.18285894,0.008405851,0.37926498,0.008288703,0.7015091,0.004592211,0.14818731,0.02372068,0.2730165,0.028287575
375316653866487564,2868219532962267392,0.5404664,2100.597671013401,1.6317939512066646,3.2992243E-6,17.728626,0.0027243493,0.25398326,0.0018300262,0.021492658,0.0014280652,0.20663755,0.0045630485,0.75068873,0.001141887,0.021929208,0.001607484,0.28724626,0.01975005,null,null,null,null,"TWOGAUSSIANS",8,5.3388333,0.75068873,0.001141887,0.12280356,0.009001911,0.28724626,0.01975005,0.25398326,0.0018300262,0.120358884,0.007997165,0.20663755,0.0045630485
375316653866487564,2868239083653402240,0.5721648,2111.5113686995705,4.216414694648743,5.260085E-6,18.678028,0.015841711,0.23503378,0.0027370136,0.07459293,0.0044597746,0.44694957,0.012232876,0.73851794,0.0021401937,0.076983795,0.005014792,0.44021043,0.019518532,null,null,null,null,"TWOGAUSSIANS",8,3.2229762,0.23503378,0.0027370136,0.4,7.791608E-4,0.44338492,0.010991663,0.73851794,0.0021401937,0.4,0.0,0.43664578,0.019034091
375316653866487564,2868255099586871680,0.6204879,2105.525864470347,3.8344202321697014,5.7586176E-6,14.328675,0.009420105,0.17601678,0.0016273467,0.11108284,0.0052530426,0.19946922,0.008702891,0.6762201,0.0019911046,0.10797655,0.0048363227,0.23780215,0.008747571,null,null,null,null,"TWOGAUSSIANS",8,24.541649,0.6762201,0.0019911046,0.4,0.0,0.20577338,0.004547119,0.17601678,0.0016273467,0.4,0.0,0.16743506,0.0019525547
375316653866487564,2868312892666853120,0.635576,2101.8411021917705,3.3607927057280538,5.01684E-6,15.510886,0.007571818,0.26379514,0.0014535586,0.050331302,0.0021685946,0.34923044,0.018688684,0.7674015,0.0032990372,0.049966563,0.003976219,0.25087973,0.019859744,0.090734765,0.010844589,0.26379514,0.0014535586,"TWOGAUSSIANS_WITH_ELLIPSOIDAL_ON_ECLIPSE1",9,35.75846,0.26379514,0.0014535586,0.2818553,0.01214413,0.53069717,0.009448156,0.7674015,0.0032990372,0.27981275,0.022266826,0.43225333,0.010522179
375316653866487564,2868329316622627584,0.41196862,2100.4771652633576,3.5609426110202627,1.4952781E-5,17.666607,0.3590857,0.20340972,0.008878471,0.11074454,0.015678065,0.25532877,0.08068947,0.68333465,0.013030802,0.29239336,0.15331209,0.42802837,0.34799314,null,null,null,null,"TWOGAUSSIANS",8,12.226756,0.20886971,0.008592644,0.4,0.0,0.1422962,0.018783268,0.68333465,0.013030802,0.4,0.0,0.117954366,0.0156120565
375316653866487564,2868411779993946112,0.5063311,2133.7196287152183,2.7660358612028855,8.416652E-6,12.360119,0.05045614,0.25883743,0.0029367502,0.1906253,0.044370558,0.6276587,0.11298519,0.7599017,0.002753487,0.20808136,0.042380717,0.67574704,0.065144435,null,null,null,null,"TWOGAUSSIANS",8,113.01872,0.7606617,0.002853966,0.4,0.0,0.12292086,0.004450205,0.25784743,0.0033239739,0.4,0.0,0.10990734,0.009554159
375316653866487564,2868446174091873408,0.42705262,2098.738803784172,0.5344061809094793,3.051829E-5,13.51061,0.004405146,0.27767113,0.012856172,0.05330213,0.025040723,0.07479414,0.018919302,0.61299473,0.0078362385,0.05400091,0.01981878,0.11929886,0.10910079,null,null,null,null,"TWOGAUSSIANS",8,718.9451,0.61299473,0.0078362385,0.30240512,0.11098517,0.11929885,0.10910079,0.27767113,0.012856172,0.29849195,0.13598132,0.07479414,0.018919403
375316653866487564,2868470054110097152,0.56966144,2107.5523786440444,2.01267379692634,1.8559063E-5,12.996658,8.2898606E-4,0.28306475,0.0035553367,0.002911342,0.015495484,0.009962063,0.012736237,0.7350216,0.004509073,0.024865597,0.0027964974,0.26985934,0.08404894,null,null,null,null,"TWOGAUSSIANS",8,34.613247,0.7350216,0.004509073,0.13924734,0.015660387,0.26985934,0.08404894,0.28306475,0.0035553367,0.016303515,0.08677471,0.009962063,0.012736237
375316653866487564,2868510456866660736,0.61816496,2090.9564632454985,3.5079549583851164,3.4494522E-6,19.052385,0.010384555,0.27313343,0.0011712817,0.04596111,0.002058798,0.61156625,0.02755302,0.7720244,0.002925627,0.036528926,0.0032826164,0.46125752,0.02649254,0.13752148,0.013382399,0.27313343,0.0011712817,"TWOGAUSSIANS_WITH_ELLIPSOIDAL_ON_ECLIPSE1",9,1.819229,0.27313343,0.0011712817,0.2573822,0.011529269,0.88660884,0.024807515,0.77209437,0.0027609768,0.204562,0.018382652,0.73628753,0.017600348
375316653866487564,2868552341387698816,0.5631284,2121.092348171185,3.766951450818832,7.890665E-6,16.514572,0.006339492,0.21207206,0.002708867,0.038380153,0.006509482,0.08362693,0.013497998,0.7150036,0.0077644545,0.03781202,0.01289893,0.05408632,0.014252656,0.083276756,0.008507405,0.21207206,0.002708867,"TWOGAUSSIANS_WITH_ELLIPSOIDAL_ON_ECLIPSE1",9,14.014991,0.21207206,0.002708867,0.21492885,0.036453098,0.25018036,0.0070988243,0.7150036,0.0070974473,0.21174732,0.072234005,0.22058326,0.010736857
375316653866487564,2868567567047652224,0.43297473,2119.253853938913,0.11059419961457974,2.7377662E-5,15.904256,0.0024306746,0.45964324,0.02374408,0.0523715,0.008176724,0.19790207,0.090788774,0.83286756,0.009093719,0.07639097,0.008687502,0.10522983,0.020712566,null,null,null,null,"TWOGAUSSIANS",8,21.44665,0.45964324,0.02374408,0.2932804,0.04578966,0.19790085,0.09079134,0.83286756,0.009093719,0.4,2.8825048E-4,0.105227925,0.020714
375316653866487564,2868587594479652864,0.5015081,2171.455245184856,2.820346841835673,1.3595009E-5,18.917742,0.0022856847,0.3922581,0.0021678638,0.007727291,0.0017353458,0.25767317,0.2832985,0.3037084,0.0010473639,0.011351933,0.0037030152,0.97410774,0.4019469,null,null,null,null,"TWOGAUSSIANS",8,3.0325074,0.3037084,0.0010473639,0.06357083,0.020736884,0.97410774,0.4019469,0.3922581,0.0021678638,0.04327283,0.009717937,0.25767317,0.2832985
375316653866487564,2868591103468301568,0.51664466,2119.5816739769216,0.6595540043134961,4.261167E-5,16.643417,0.0014150607,0.26041865,5.223315E-4,0.010042672,0.00365319,0.24248981,0.044384778,0.73910683,0.004391606,0.014597504,0.0020645608,0.057344053,0.02098491,null,null,null,null,"TWOGAUSSIANS",8,4.634015,0.26041865,5.223315E-4,0.05623896,0.020457866,0.24248981,0.044384778,0.73910683,0.004391606,0.08174603,0.01156154,0.057344053,0.02098491
375316653866487564,2868614983486449280,0.5496731,2081.234651338586,2.404668409513414,1.1707157E-5,13.304399,0.014781415,0.2245786,0.004437707,0.0812438,0.006475977,0.4129616,0.018674552,0.72451556,0.0033563545,0.0821698,0.005650577,0.4334117,0.02396164,null,null,null,null,"TWOGAUSSIANS",8,1087.8602,0.72451556,0.0033563545,0.4,0.0,0.42557532,0.024124688,0.2245786,0.004437707,0.4,0.0,0.40512526,0.018371915
375316653866487564,2868651714046940160,0.5545072,2120.545040868853,3.4816008827495923,1.8788547E-5,14.412629,0.4638917,0.20409516,0.0033500425,0.1432668,0.055548448,0.28090635,0.41537836,0.7017,0.0029324172,0.15806772,0.058660105,0.3203532,0.4369261,null,null,null,null,"TWOGAUSSIANS",8,71.69113,0.7017,0.0029324172,0.4,0.0,0.17186837,0.0064588413,0.20440516,0.00351005,0.4,0.0,0.13545628,0.0052812393
375316653866487564,2868652328225903744,0.46639064,2161.016707889253,0.036898489566190934,5.833059E-5,18.361729,0.0033648182,0.1825485,0.0026863734,0.044393513,0.005208277,0.13554695,0.015135823,0.43504688,0.011712884,0.05826223,0.014244966,0.1348696,0.04685914,null,null,null,null,"TWOGAUSSIANS",8,2.8708684,0.18255849,0.0026761189,0.24860367,0.029166352,0.13555822,0.015130318,0.43504688,0.011712884,0.3262685,0.07977181,0.13486962,0.046859127
375316653866487564,2868669615470470016,0.6038046,2079.8866372116554,0.37297661003085536,1.3415913E-4,14.371396,7.291639E-4,0.47235265,0.012367822,0.046941977,0.010629158,0.0049524885,0.001840949,0.8142128,3.433843E-4,0.015781127,2.1701319E-4,0.16973248,0.0017257264,null,null,null,null,"TWOGAUSSIANS",8,8.411784,0.8142128,3.433843E-4,0.08837431,0.0012152739,0.16973248,0.0017257264,0.47235265,0.012367822,0.26287508,0.059523284,0.0049524885,0.001840949
375316653866487564,2868704589387949696,0.46843323,2128.808336695842,1.8919397879509183,4.9650313E-5,19.90269,0.019758586,0.23899226,0.005994971,0.038671967,0.005874491,0.3600062,0.04311543,0.7545615,0.05301218,0.050398327,0.06528068,0.15369949,0.27973413,null,null,null,null,"TWOGAUSSIANS",8,2.1136177,0.23899226,0.005994971,0.21656302,0.03289715,0.3600062,0.04311183,0.7545615,0.05301218,0.28223065,0.3170163,0.15369946,0.27974018
375316653866487564,2868723594619378304,0.47112757,2155.0546996774137,0.37285586947370014,5.277836E-5,13.8766365,0.0055166283,0.17794129,0.0065315203,0.015547175,0.022280635,0.011768497,0.008893472,0.70109814,0.012491825,0.04785817,0.047311023,0.07972454,0.046306696,0.008747923,0.004167288,0.17794129,0.0065315203,"TWOGAUSSIANS_WITH_ELLIPSOIDAL_ON_ECLIPSE1",9,59.8905,0.70109814,0.012491825,0.26800576,0.1844597,0.09685244,0.051296674,0.17794129,0.0065315203,0.08706418,0.12477156,0.029264173,0.007807316
375316653866487564,2868744068728427392,0.46489593,2128.315248367213,2.942288137272344,4.751559E-6,18.483303,0.005982216,0.24028105,0.01783266,0.028639259,0.009761725,0.11415599,0.041506566,0.73413336,0.0017399685,0.028002543,0.0025353944,0.2563815,0.01732996,null,null,null,null,"TWOGAUSSIANS",8,9.627612,0.73413336,0.0017399685,0.15681423,0.014198208,0.2563815,0.01732996,0.24028105,0.01783266,0.16037986,0.054665655,0.11415599,0.041506566
375316653866487564,2868777225875513344,0.5652139,2117.2296475246726,2.6976130579594892,1.1440307E-5,15.794838,1.0743957,0.21569645,0.010720496,0.15799092,0.049383186,0.45093465,0.7109374,0.72599465,0.0062212497,0.19163263,0.13461019,0.48384354,1.0437331,null,null,null,null,"TWOGAUSSIANS",8,7.7804713,0.7280447,0.0032742657,0.4,0.0,0.16862415,0.0042792126,0.21164645,0.0041890596,0.4,0.0,0.16209224,0.005704133
375316653866487564,2868783105686264960,0.5572594,2132.3907224979375,0.6587633144862429,1.7639674E-6,17.424181,0.0045291386,0.7097847,0.017725384,0.06578984,0.012196797,0.028356332,0.01126316,0.85577554,4.416852E-4,0.011080199,4.283344E-4,0.6271748,0.01021458,0.0048517757,0.0058762017,0.7097847,0.017725384,"TWOGAUSSIANS_WITH_ELLIPSOIDAL_ON_ECLIPSE1",9,23.00209,0.85577554,4.416852E-4,0.062049113,0.0023986727,0.6331592,0.010807087,0.7097847,0.017725384,0.3684231,0.0608475,0.03803999,0.0063638883
375316653866487564,2868891441941994624,0.640677,2089.280948860501,4.0862281143045465,3.5296696E-6,15.378839,0.008941984,0.2365723,0.0015453153,0.042503092,0.003415685,0.3087907,0.02161147,0.7327632,0.0018710042,0.044730514,0.0048545864,0.46831626,0.02183252,0.15766713,0.0099356985,0.2365723,0.0015453153,"TWOGAUSSIANS_WITH_ELLIPSOIDAL_ON_ECLIPSE1",9,31.265217,0.73313314,0.0016486514,0.25049087,0.027185686,0.7834871,0.028869383,0.2365723,0.0015453153,0.2380173,0.019127836,0.62412477,0.017957494
375316653866487564,2868893503526360704,0.5965571,2112.5410749702028,0.9840196014264414,4.263617E-6,14.919028,0.0077485153,0.32508677,0.002180843,0.041760795,0.002877568,0.33073834,0.024570117,0.82503825,0.0018860963,0.03842325,0.002051525,0.71659476,0.036778856,0.08121501,0.013337519,0.32508677,0.002180843,"TWOGAUSSIANS_WITH_ELLIPSOIDAL_ON_ECLIPSE1",9,304.90805,0.82503825,0.0018389099,0.2151702,0.01148854,0.87902474,0.035899762,0.32508677,0.002180843,0.23386045,0.01611438,0.49316835,0.018825721
375316653866487564,2868961054771980032,0.618984,2085.6130757781357,3.84533977516211,3.473044E-6,13.796879,0.008185061,0.27992046,0.0038950096,0.049872722,0.0038679652,0.4227124,0.035464223,0.77622056,0.0013461667,0.04608635,0.0034052373,0.27349737,0.019840999,0.13279593,0.01278635,0.77622056,0.0013461667,"TWOGAUSSIANS_WITH_ELLIPSOIDAL_ON_ECLIPSE2",9,287.6541,0.27951047,0.0033591115,0.27928725,0.021660605,0.68817496,0.03579987,0.77622056,0.0013461667,0.25808355,0.019069329,0.5390877,0.009900407
375316653866487564,2868968064158596096,0.54499686,2105.204709183654,3.092372789878184,6.1440487E-6,15.110128,0.008679477,0.2360239,0.0028809109,0.09394919,0.007222187,0.2708523,0.013012976,0.7411067,0.0027930061,0.08902866,0.0052633863,0.20744537,0.009111113,null,null,null,null,"TWOGAUSSIANS",8,59.35257,0.2360239,0.0028809109,0.4,0.0,0.260325,0.016431777,0.7411067,0.0027930061,0.4,0.0,0.19691844,0.0072238836
375316653866487564,2868993559084529792,0.5749575,2060.675558768006,3.3568378797006133,5.864774E-6,17.815414,0.007471017,0.27422637,0.002544315,0.098945774,0.0041657495,0.24640243,0.007878247,0.7744133,0.0024595284,0.09061558,0.004065376,0.24325068,0.007612956,null,null,null,null,"TWOGAUSSIANS",8,2.8939488,0.27422637,0.002544315,0.4,0.0,0.2313486,0.0060026944,0.7744133,0.0024595284,0.4,0.0,0.22819814,0.005705824
375316653866487564,2868997476094806656,0.5259847,2087.665469863759,3.9021616293005787,1.5765456E-5,17.773897,0.02412474,0.3047233,0.0075982884,0.08936386,0.0061023347,0.38150993,0.031245306,0.7936417,0.00497591,0.088076085,0.008427978,0.42553926,0.029325055,null,null,null,null,"TWOGAUSSIANS",8,22.801437,0.7936417,0.00497591,0.4,0.0,0.4128189,0.02632729,0.3047233,0.0075982884,0.4,0.0,0.36878952,0.023888176
375316653866487564,2869032900984926080,0.5169569,2105.5834883051325,0.6418319277500771,3.7084006E-5,15.036616,0.0045251395,0.18629761,0.05040735,0.06174604,0.024649886,0.055500325,0.015830861,0.8730089,0.0035878434,0.01683363,0.0014046181,0.28884378,0.024225267,0.009399674,0.0058315163,0.8730089,0.0035878434,"TWOGAUSSIANS_WITH_ELLIPSOIDAL_ON_ECLIPSE2",9,190.25558,0.8730089,0.0035878434,0.09426832,0.007865862,0.30764315,0.024378862,0.19254762,0.055224176,0.3457778,0.13108206,0.058582835,0.01577382
375316653866487564,2869076159895534976,0.55495894,2110.194125092508,0.2634005477826088,8.567368E-5,12.674052,6.0580333E-4,0.22550246,7.6739467E-4,0.013788599,7.7843777E-4,0.08916404,0.0052595907,0.7039409,0.03711408,0.10372765,0.031505506,0.0042469907,0.0031513947,null,null,null,null,"TWOGAUSSIANS",8,13.169296,0.22550246,7.6739467E-4,0.077216156,0.0043592514,0.08916372,0.005259631,0.7039409,0.03711408,0.4,0.0,0.004246554,0.0031516468
375316653866487564,2869109965581776256,0.53446835,2118.694160784225,3.8978458911183607,1.1825545E-5,18.30711,0.01555893,0.24808405,0.004373779,0.066012934,0.02161735,0.12806912,0.025838,0.75578016,0.019643312,0.032933615,0.020968085,0.069873944,0.05047835,0.076453455,0.017180348,0.24808405,0.004373779,"TWOGAUSSIANS_WITH_ELLIPSOIDAL_ON_ECLIPSE1",9,5.527743,0.24808405,0.004373779,0.36967245,0.120095134,0.2808789,0.013063784,0.75578016,0.019221993,0.18442826,0.11742127,0.22232646,0.040886134
375316653866487564,2869157794339090688,0.5373986,2121.00719347051,3.019697499504811,7.722434E-6,17.409466,0.00517528,0.27182692,0.002050988,0.045086782,0.006793568,0.07026064,0.019553563,0.7665097,0.01076384,0.04658066,0.016364822,0.07064978,0.019273484,0.08058352,0.008183305,0.27182692,0.002050988,"TWOGAUSSIANS_WITH_ELLIPSOIDAL_ON_ECLIPSE1",9,5.902456,0.7679997,0.008823695,0.2608517,0.091643006,0.23168723,0.019113395,0.27182692,0.002050988,0.252486,0.03804398,0.2314274,0.015121083
375316653866487564,2869179337893178624,0.5246423,2092.577230281378,0.41123093559797325,7.038019E-5,17.795967,0.0020222072,0.23833886,0.00700846,0.014582336,0.0056011984,0.15572588,0.15516673,0.7399235,0.0061147497,0.025953047,0.0061445,0.031342823,0.0046129953,null,null,null,null,"TWOGAUSSIANS",8,1.9880497,0.23833886,0.00700846,0.08166108,0.03136671,0.15572588,0.15516673,0.7399235,0.0061147497,0.14533706,0.0344092,0.031342823,0.0046129953
