Gaia/vari_eclipsing_binary/VariEclipsingBinary_626765-626947.csv
# %ECSV 1.0
# ---
# delimiter: ','
# meta: !!omap
# - RELEASE: Gaia DR3
# - TABLE: vari_eclipsing_binary
# - DESCRIPTION: >
#     This table describes the properties of the eclipsing binaries resulting from the variability analysis. 
# - CITATION: >
#     How to cite and acknowledge Gaia: 
#     https://gea.esac.esa.int/archive/documentation/credits.html 
# - KNOWN_ISSUES: >
#     Known issues: 
#     https://www.cosmos.esa.int/web/gaia-users/known-issues 
# - DOCUMENTATION: >
#     Tutorials and documentation: 
#     https://www.cosmos.esa.int/web/gaia-users/archive 
# datatype:
# - 
#   name: solution_id
#   datatype: int64
#   description: Solution Identifier
#   meta:
#     ucd: meta.version
# - 
#   name: source_id
#   datatype: int64
#   description: Unique source identifier
#   meta:
#     ucd: meta.id;meta.main
# - 
#   name: global_ranking
#   datatype: float32
#   description: Number between 0 (worst) and 1 (best)
#   meta:
#     ucd: stat.param
# - 
#   name: reference_time
#   datatype: float64
#   unit: d
#   description: Reference time used for the geometric model fit
#   meta:
#     ucd: time.epoch
# - 
#   name: frequency
#   datatype: float64
#   unit: d**-1
#   description: Frequency of geometric model of the eclipsing binary light curve
#   meta:
#     ucd: src.orbital
# - 
#   name: frequency_error
#   datatype: float32
#   unit: d**-1
#   description: "Uncertainty of \\texttt{frequency}"
#   meta:
#     ucd: stat.error
# - 
#   name: geom_model_reference_level
#   datatype: float32
#   unit: mag
#   description: Magnitude reference level of geometric model
#   meta:
#     ucd: phot.mag;em.opt
# - 
#   name: geom_model_reference_level_error
#   datatype: float32
#   unit: mag
#   description: "Uncertainty of \\texttt{geomModelReferenceLevel}"
#   meta:
#     ucd: stat.error;phot.mag;em.opt
# - 
#   name: geom_model_gaussian1_phase
#   datatype: float32
#   description: Phase of the Gaussian 1 component
#   meta:
#     ucd: time.phase
# - 
#   name: geom_model_gaussian1_phase_error
#   datatype: float32
#   description: "Uncertainty of \\texttt{geomModelGaussian1Phase}"
#   meta:
#     ucd: stat.error;time.phase
# - 
#   name: geom_model_gaussian1_sigma
#   datatype: float32
#   description: "Standard deviation [phase] of Gaussian 1 component"
#   meta:
#     ucd: stat.stdev
# - 
#   name: geom_model_gaussian1_sigma_error
#   datatype: float32
#   description: "Uncertainty of \\texttt{geomModelGaussian1Sigma}"
#   meta:
#     ucd: stat.error
# - 
#   name: geom_model_gaussian1_depth
#   datatype: float32
#   unit: mag
#   description: Magnitude depth of Gaussian 1 component
#   meta:
#     ucd: src.var.amplitude
# - 
#   name: geom_model_gaussian1_depth_error
#   datatype: float32
#   unit: mag
#   description: "Uncertainty of \\texttt{geomModelGaussian1Depth}"
#   meta:
#     ucd: stat.error;src.var.amplitude
# - 
#   name: geom_model_gaussian2_phase
#   datatype: float32
#   description: Phase of Gaussian 2 component
#   meta:
#     ucd: time.phase
# - 
#   name: geom_model_gaussian2_phase_error
#   datatype: float32
#   description: "Uncertainty of \\texttt{geomModelGaussian2Phase}"
#   meta:
#     ucd: stat.error;time.phase
# - 
#   name: geom_model_gaussian2_sigma
#   datatype: float32
[...]
#   datatype: float32
#   description: "Secondary eclipse: uncertainty of \\texttt{derivedSecondaryEclDuration}"
#   meta:
#     ucd: stat.error;time.duration
# - 
#   name: derived_secondary_ecl_depth
#   datatype: float32
#   unit: mag
#   description: "Secondary eclipse: depth"
#   meta:
#     ucd: src.var.amplitude
# - 
#   name: derived_secondary_ecl_depth_error
#   datatype: float32
#   unit: mag
#   description: "Secondary eclipse: uncertainty of \\texttt{derivedSecondaryEclDepth}"
#   meta:
#     ucd: stat.error;src.var.amplitude
solution_id,source_id,global_ranking,reference_time,frequency,frequency_error,geom_model_reference_level,geom_model_reference_level_error,geom_model_gaussian1_phase,geom_model_gaussian1_phase_error,geom_model_gaussian1_sigma,geom_model_gaussian1_sigma_error,geom_model_gaussian1_depth,geom_model_gaussian1_depth_error,geom_model_gaussian2_phase,geom_model_gaussian2_phase_error,geom_model_gaussian2_sigma,geom_model_gaussian2_sigma_error,geom_model_gaussian2_depth,geom_model_gaussian2_depth_error,geom_model_cosine_half_period_amplitude,geom_model_cosine_half_period_amplitude_error,geom_model_cosine_half_period_phase,geom_model_cosine_half_period_phase_error,model_type,num_model_parameters,reduced_chi2,derived_primary_ecl_phase,derived_primary_ecl_phase_error,derived_primary_ecl_duration,derived_primary_ecl_duration_error,derived_primary_ecl_depth,derived_primary_ecl_depth_error,derived_secondary_ecl_phase,derived_secondary_ecl_phase_error,derived_secondary_ecl_duration,derived_secondary_ecl_duration_error,derived_secondary_ecl_depth,derived_secondary_ecl_depth_error
[from data line 401]
375316653866487564,5514058784758217344,0.59086615,2187.6610004062536,2.352751837864875,7.5830976E-6,17.615717,0.018653084,0.30100068,0.0054481146,0.11109153,0.008190266,0.26753962,0.022765033,0.78074265,0.0022032722,0.09325837,0.004838367,0.4534843,0.017844193,null,null,null,null,"TWOGAUSSIANS",8,5.7245874,0.78074265,0.0022032722,0.4,0.0,0.42726478,0.009456421,0.30100068,0.0054481146,0.4,0.0,0.2412925,0.011842293
375316653866487564,5514059751130008576,0.6385977,2266.1194463701554,1.1341251293014736,6.051069E-6,15.645966,0.0022753854,0.29292664,0.0013892407,0.03275682,0.0018025159,0.3112287,0.014099127,0.7934203,0.0028954982,0.033992715,0.0015225377,0.3971347,0.02083163,0.015986623,0.003090361,0.29292664,0.0013892407,"TWOGAUSSIANS_WITH_ELLIPSOIDAL_ON_ECLIPSE1",9,15.778974,0.7934203,0.0028766831,0.1903592,0.008526212,0.4291076,0.020206327,0.29292664,0.0013892407,0.1834382,0.010094089,0.3432019,0.014868554
375316653866487564,5514062633049878912,0.5616171,2220.911982885673,3.867243465775543,6.3971133E-6,18.609844,0.011284893,0.3195649,0.0058087287,0.07849609,0.006487993,0.35074437,0.036258046,0.814856,0.0017765806,0.07101788,0.0032984337,0.3301002,0.009555469,null,null,null,null,"TWOGAUSSIANS",8,2.9348288,0.3195649,0.0058087287,0.4,0.0,0.34846118,0.036567118,0.814856,0.0017765806,0.39770013,0.011152123,0.32781702,0.008479601
375316653866487564,5514062980945040896,0.4502512,2230.4958612044893,3.090964612176456,2.5785472E-5,17.257912,0.21626222,0.30521375,0.011067697,0.14896367,0.081987746,0.17506239,0.21038711,0.7963255,0.009938461,0.13740367,0.051448837,0.18624017,0.19780305,null,null,null,null,"TWOGAUSSIANS",8,11.225954,0.7963255,0.009938461,0.4,0.0,0.11329343,0.00815199,0.30559373,0.010659248,0.4,0.0,0.10134975,0.00870574
375316653866487564,5514066790578339840,0.51942503,2246.69938992963,3.523547977252211,2.392018E-5,19.327034,0.015408087,0.22365856,0.022372244,0.065974325,0.016574543,0.21041542,0.02577706,0.7248967,0.0038718844,0.062050305,0.0072701974,0.5446943,0.033976853,null,null,null,null,"TWOGAUSSIANS",8,5.1874094,0.7248967,0.0038718844,0.3474817,0.040713105,0.544384,0.034089286,0.22365856,0.022372244,0.3694562,0.09281745,0.21010512,0.025612665
375316653866487564,5514069646734323328,0.56585956,2241.324038246663,2.8508708616641156,8.696288E-6,15.213688,0.013220731,0.25369024,0.0029537443,0.096069835,0.0054411893,0.30778772,0.01350918,0.763742,0.008150893,0.09260663,0.011637794,0.26430908,0.024367291,null,null,null,null,"TWOGAUSSIANS",8,72.29814,0.25369024,0.0029537443,0.4,0.0,0.2930056,0.008608418,0.763742,0.008150893,0.4,0.0,0.24952759,0.028339338
375316653866487564,5514071222984889728,0.50718266,2207.266378183241,2.493258082452297,1.0547675E-5,17.5339,0.0032463844,0.25826004,0.003135109,0.057151582,0.0035782822,0.12089552,0.0081194965,0.74848014,0.015451976,0.056976907,0.016082015,0.12578325,0.01730336,null,null,null,null,"TWOGAUSSIANS",8,3.267368,0.74848014,0.015451976,0.31907067,0.08349625,0.12577178,0.017318003,0.25826004,0.003135109,0.32004884,0.020038381,0.120884046,0.008115963
375316653866487564,5514071257344650112,0.571737,2226.5923278318423,2.445499281173853,6.264278E-6,17.428572,0.016279805,0.28225476,0.002318099,0.07943603,0.0037127133,0.43027857,0.015798416,0.78797865,0.0028786357,0.08064248,0.0051954594,0.4346076,0.013996212,null,null,null,null,"TWOGAUSSIANS",8,13.508752,0.78797865,0.0028786357,0.4,0.0,0.4287233,0.012358961,0.28225476,0.002318099,0.4,0.0,0.42439425,0.013424607
375316653866487564,5514076381242976384,0.4945325,2243.8271316665064,2.5603397962693593,2.2553499E-5,13.271693,0.82677454,0.17886607,0.021682022,0.17959568,0.0662162,0.40399906,0.6247823,0.66380167,0.019449992,0.20088466,0.13845411,0.39603764,0.7615628,null,null,null,null,"TWOGAUSSIANS",8,257.5972,0.18766607,0.012177589,0.4,0.0,0.12161967,0.005401345,0.66380167,0.019449992,0.4,0.0,0.09422438,0.0092993695
375316653866487564,5514076892341933056,0.48168403,2213.4888530189746,3.6248463470261783,3.182809E-5,19.06144,0.01128944,0.27505124,0.0102240145,0.09615755,0.017505938,0.15084721,0.015967578,0.7609346,0.008172287,0.075181,0.01006233,0.12782595,0.012557806,null,null,null,null,"TWOGAUSSIANS",8,2.190499,0.27505124,0.0102240145,0.4,0.0,0.14775962,0.016504435,0.7609346,0.008172287,0.4,0.0060234135,0.12473888,0.010281204
375316653866487564,5514078782125974528,0.5197957,2187.898638056111,2.7478891544664257,2.0276797E-5,18.84898,0.013113288,0.13896081,0.0026301425,0.089415245,0.0057068835,0.25067294,0.015643856,0.6339306,0.005647351,0.08275485,0.00975741,0.24907956,0.02152514,null,null,null,null,"TWOGAUSSIANS",8,2.734051,0.13896081,0.0026301425,0.4,0.0,0.24391165,0.014036759,0.6339306,0.005647351,0.4,0.0,0.24231835,0.023258917
375316653866487564,5514078820784243456,0.6079993,2192.6656882271664,0.13375284529817055,2.836004E-5,17.254566,0.0019015758,0.09547747,0.006388082,0.036797203,0.010427057,0.011441371,0.0017151103,0.6945271,8.640795E-4,0.010443857,4.800991E-4,0.4506984,0.015298314,null,null,null,null,"TWOGAUSSIANS",8,2.060857,0.6945271,8.640795E-4,0.0584856,0.0026885548,0.4506984,0.015298314,0.09547747,0.006388082,0.20606434,0.05839152,0.011441371,0.0017151103
375316653866487564,5514082492977777792,0.6072654,2187.988099504431,3.473533843414379,5.910445E-6,16.889257,0.0110563105,0.2187209,0.002404164,0.04671864,0.0052013663,0.36992225,0.04076627,0.7133002,0.003441291,0.05104157,0.0049543744,0.37050536,0.046013482,0.109309144,0.018086787,0.2187209,0.002404164,"TWOGAUSSIANS_WITH_ELLIPSOIDAL_ON_ECLIPSE1",9,18.847752,0.71389025,0.0029605792,0.2858328,0.027744498,0.5888955,0.04632261,0.2187209,0.002404164,0.26162437,0.02912765,0.58853847,0.03912027
375316653866487564,5514082840867876224,0.4684416,2187.6348562838034,1.8864681061399577,6.7193665E-5,19.287506,0.026219375,0.35690075,0.02034494,0.08672211,0.035870597,0.12766053,0.058345772,0.8171035,0.028785082,0.0759986,0.03038271,0.40069988,0.1811626,null,null,null,null,"TWOGAUSSIANS",8,5.5627055,0.8171035,0.028785082,0.4,0.13214341,0.3989629,0.18287277,0.35690075,0.02034494,0.4,0.053987,0.12592344,0.05910829
375316653866487564,5514089541023509632,0.55017173,2224.801887605433,3.960980499968357,1.3411902E-5,18.093594,0.05686786,0.21915565,0.0036879438,0.047665074,0.020617137,0.16213965,0.110520706,0.7140008,0.02060713,0.044206154,0.0332109,0.27040422,0.22677009,0.12753312,0.060223628,0.21915565,0.0036879438,"TWOGAUSSIANS_WITH_ELLIPSOIDAL_ON_ECLIPSE1",9,10.773939,0.7146508,0.018928468,0.24755447,0.17357509,0.5252364,0.22969256,0.21915565,0.0036879438,0.2669244,0.11545596,0.41720536,0.013924621
375316653866487564,5514094420107203456,0.5539084,2262.8425898702762,0.4251531185733602,5.075597E-5,15.397571,0.0016135332,0.46603206,0.0021867321,0.020010177,0.0014845704,0.42698556,0.030980373,0.75178236,0.031249803,0.051173206,0.01931253,0.008339356,0.0071505224,null,null,null,null,"TWOGAUSSIANS",8,32.958755,0.46603206,0.0021867321,0.11205699,0.008313594,0.42698556,0.030980384,0.75178236,0.031249803,0.28656995,0.10815017,0.008339356,0.0071505224
375316653866487564,5514099123089026176,0.46315727,2238.581260967547,3.3960969614647136,2.6447047E-5,18.961094,0.08591129,0.25260913,0.007947738,0.107836284,0.044419456,0.16691566,0.070737734,0.7339045,0.0123352,0.12543635,0.045595836,0.16304487,0.08326476,null,null,null,null,"TWOGAUSSIANS",8,2.0144308,0.25275913,0.0076939138,0.4,0.0,0.13933468,0.023340687,0.7339045,0.0123352,0.4,0.0,0.13533804,0.014072989
375316653866487564,5514101979248303104,0.5655398,2260.758721097146,0.2607339401585198,9.774567E-6,16.789415,0.003596727,0.15432815,3.414388E-5,0.0017084352,5.0891464E-5,0.6178466,0.02213077,0.66489005,0.0027745103,0.020155782,0.0027351296,0.4731296,0.14605634,null,null,null,null,"TWOGAUSSIANS",8,19.604227,0.15432815,3.414388E-5,0.009567237,2.849922E-4,0.6178466,0.02213077,0.66489005,0.0027745103,0.11287238,0.015316726,0.4731296,0.14605634
375316653866487564,5514105518301269760,0.46734193,2257.2161819326016,2.5310708546526817,1.2128943E-5,16.230629,0.1523101,0.28064853,0.009211811,0.33339664,0.022066139,0.6657227,0.1411944,0.7456723,0.0049529956,0.101729,0.0081781205,0.33006543,0.03201307,null,null,null,null,"TWOGAUSSIANS",8,30.975168,0.7456723,0.0049529956,0.4,0.0,0.22674347,0.010042957,0.28072855,0.00914516,0.4,0.0,0.14176522,0.012167389
375316653866487564,5514108748116668288,0.5908936,2260.94883102371,3.320266913099165,1.5448102E-5,16.177124,0.007903731,0.2237526,0.0052735787,0.07912278,0.0058563333,0.3804695,0.013802985,0.73271453,0.00315496,0.07282769,0.004547974,0.34167674,0.014365506,null,null,null,null,"TWOGAUSSIANS",8,24.26865,0.2237526,0.0052735787,0.4,0.0,0.3778246,0.013394536,0.73271453,0.00315496,0.4,0.011221344,0.33903185,0.014346822
375316653866487564,5514109980766670080,0.5278977,2238.8018382645796,2.9557050894674366,1.1516974E-5,18.478745,0.011545621,0.29438746,0.0039377343,0.08108017,0.007750074,0.26821265,0.013584168,0.79782206,0.006204536,0.0710187,0.009386656,0.30411956,0.036702596,null,null,null,null,"TWOGAUSSIANS",8,3.8691995,0.79782206,0.006204536,0.39770472,0.02475939,0.30174977,0.038033467,0.29438746,0.0039377343,0.4,0.0,0.26584285,0.013291084
375316653866487564,5514111767473263488,0.5856611,2244.0119090526346,3.067841765114357,9.959499E-6,18.358295,0.005836523,0.28890678,0.0021592055,0.08018027,0.004111545,0.28642285,0.007823038,0.7788084,0.0037249967,0.077439174,0.0053845174,0.33455592,0.0072849337,null,null,null,null,"TWOGAUSSIANS",8,1.7760898,0.7788084,0.0037249967,0.4,0.0,0.33127016,0.0070867534,0.28890678,0.0021592055,0.4,0.0,0.28313708,0.007740041
375316653866487564,5514113352321671552,0.53277034,2253.105746722354,2.6519668616175434,4.1621374E-6,16.024088,0.031922977,0.19686078,8.871578E-4,0.1667645,0.004801303,1.1347904,0.07380294,0.69176304,9.6926605E-4,0.25185993,0.009027819,1.5294261,0.029599065,null,null,null,null,"TWOGAUSSIANS",8,11.016933,0.20165077,0.0010730174,0.4,0.0,0.25819036,0.0026912391,0.69176304,9.6926605E-4,0.4,0.0,0.25258818,0.0041523436
375316653866487564,5514113489760616448,0.5330636,2210.367218248448,4.210230747075798,1.03132996E-4,16.604393,0.0015172061,0.5308315,0.027429225,0.029087046,0.044408098,0.010135621,0.005485979,0.65742946,0.0022941753,0.0119164875,0.0021560125,0.17440407,0.03413937,null,null,null,null,"TWOGAUSSIANS",8,3.2252252,0.65742946,0.0022941753,0.06673233,0.01207367,0.17440484,0.03414769,0.5308315,0.027429225,0.16288747,0.24868535,0.010135621,0.005485979
375316653866487564,5514113524120353664,0.6892962,2237.090182849559,2.327156380494193,2.3013397E-6,16.38033,0.0036516127,0.30517045,5.5645726E-4,0.050903838,0.0025704275,0.15334891,0.0073508825,0.80307215,7.069673E-4,0.054579455,0.0019081711,0.16628581,0.007852654,0.104458526,0.0047210925,0.30517045,5.5645726E-4,"TWOGAUSSIANS_WITH_ELLIPSOIDAL_ON_ECLIPSE1",9,2.155448,0.80355215,5.203825E-4,0.30564493,0.010685759,0.37516993,0.0029909983,0.30517045,5.5645726E-4,0.2850615,0.014394393,0.36226106,0.0043787425
375316653866487564,5514120224269166592,0.63255703,2228.244749516337,2.846014595351959,1.46937955E-5,14.76584,0.053821,0.27902383,0.0040464983,0.060214598,0.014834784,0.32579875,0.106897995,0.7720372,0.009141635,0.06784762,0.014857281,0.3014761,0.110259764,0.07778223,0.056640152,0.27902383,0.0040464983,"TWOGAUSSIANS_WITH_ELLIPSOIDAL_ON_ECLIPSE1",9,96.19585,0.27902383,0.0040464983,0.33720174,0.083074786,0.48107538,0.013893422,0.7731372,0.0072629666,0.37994665,0.0787257,0.4565004,0.008201062
375316653866487564,5514121182041316096,0.5255581,2186.9022299061753,2.1564940551764997,1.5366395E-5,19.832155,0.008563887,0.26741788,0.015404023,0.04988426,0.022396578,0.2874593,0.024677835,0.7650118,0.017493045,0.03699483,0.01582295,0.46879318,0.027435802,null,null,null,null,"TWOGAUSSIANS",8,2.0422914,0.7650118,0.017493045,0.20717104,0.08860852,0.46879312,0.027436143,0.26741788,0.015404023,0.27935186,0.12542084,0.28745928,0.024678051
375316653866487564,5514121766156968704,0.5098146,2234.0845427829036,3.0850151289745398,2.0107858E-5,17.712925,0.13606036,0.26522917,0.009322735,0.11099326,0.035408877,0.19144721,0.13125123,0.7654919,0.008904346,0.114848495,0.058806565,0.17245667,0.13243683,null,null,null,null,"TWOGAUSSIANS",8,9.519593,0.26522917,0.009231115,0.4,0.0,0.16027002,0.015894568,0.7654919,0.008912588,0.4,0.0,0.14126806,0.019112809
375316653866487564,5514121907896546944,0.6304362,2248.003065800675,0.9771572117835721,7.0399365E-6,17.524427,0.003074609,0.27858838,0.0079438565,0.028200256,0.0044588544,0.059245516,0.012790082,0.773279,6.0636434E-4,0.03017195,6.6045107E-4,1.1300948,0.045022618,0.018224362,0.004336732,0.27858838,0.0079438565,"TWOGAUSSIANS_WITH_ELLIPSOIDAL_ON_ECLIPSE1",9,6.199778,0.77328897,6.054905E-4,0.16896293,0.003698526,1.1665031,0.045561504,0.27858838,0.0079438565,0.15792143,0.024969585,0.09569424,0.007990472
375316653866487564,5514124446217057664,0.6108902,2251.2462738967497,2.392254275744129,4.9950213E-6,15.50534,0.025215836,0.086064294,0.0014428933,0.059526447,0.0098490445,0.15300703,0.050401162,0.575447,0.0033503026,0.06768373,0.007366734,0.49636304,0.022801455,0.04321666,0.026514627,0.086064294,0.0014428933,"TWOGAUSSIANS_WITH_ELLIPSOIDAL_ON_ECLIPSE1",9,41.919266,0.576077,0.0029726618,0.3790289,0.02383144,0.582128,0.05949777,0.086064294,0.0014428933,0.3333481,0.055154648,0.2391334,0.005331798
375316653866487564,5514127607313098624,0.55523086,2251.683301395065,2.3856819533405527,1.6203481E-5,17.753645,0.04453041,0.17742603,0.0039175716,0.05789278,0.026571078,0.225052,0.08308827,0.6781227,0.005767894,0.044911053,0.012106087,0.31002164,0.10401262,0.10768268,0.049394943,0.17742603,0.0039175716,"TWOGAUSSIANS_WITH_ELLIPSOIDAL_ON_ECLIPSE1",9,21.368874,0.6781227,0.005393533,0.2515019,0.067794085,0.52536273,0.05464174,0.17742603,0.0039175716,0.3241996,0.14879805,0.44039723,0.041500703
375316653866487564,5514127920850617856,0.5390699,2249.014103755205,1.7096844400143514,1.135186E-5,17.982265,0.0072261617,0.105352156,0.0034229937,0.02620385,0.0041505164,0.21511431,0.043801583,0.6010391,9.858528E-4,0.027862182,0.0010821864,0.73198956,0.03672926,0.027851982,0.010878538,0.105352156,0.0034229937,"TWOGAUSSIANS_WITH_ELLIPSOIDAL_ON_ECLIPSE1",9,16.299004,0.60105914,9.84992E-4,0.15602823,0.0060602436,0.78765285,0.036867436,0.105352156,0.0034229937,0.14674157,0.02324289,0.2708183,0.046418484
375316653866487564,5514128191428601856,0.50571936,2246.0936029589225,1.0884111713250846,2.9710991E-5,17.147713,0.004979279,0.24963894,0.0031693268,0.03339434,0.0024540634,0.67937857,0.15455197,0.7886341,0.029935196,0.03380155,0.011325071,0.22974916,0.13421391,null,null,null,null,"TWOGAUSSIANS",8,25.998129,0.24963894,0.0031693268,0.1870083,0.013742755,0.67937857,0.15455197,0.7886341,0.029935196,0.18928868,0.06342039,0.22974916,0.13421391
375316653866487564,5514130566550916352,0.5527234,2225.78418605273,0.07556367937062419,3.440804E-5,17.061417,0.0017399951,0.21251726,0.0017261505,0.05278688,0.0016486181,0.18806303,0.01163502,0.5547823,0.0022816344,0.0077313245,0.0019046721,0.023707755,0.013095955,5.973475E-4,0.0014874564,0.21251726,0.0017261505,"TWOGAUSSIANS_WITH_ELLIPSOIDAL_ON_ECLIPSE1",9,2.518132,0.21251726,0.0017261505,0.29560652,0.009232261,0.18925542,0.011542355,0.5548023,0.0022927443,0.043295417,0.010666165,0.024064003,0.01307369
375316653866487564,5514131421245347456,0.5288452,2189.8131811129488,3.2495731473533485,2.3366292E-5,19.826103,0.067586996,0.30113858,0.004614768,0.106932886,0.018831298,0.4050124,0.061276957,0.79478085,0.0055157286,0.10297393,0.021216452,0.37686196,0.055490993,null,null,null,null,"TWOGAUSSIANS",8,1.0368937,0.30113858,0.0046122638,0.4,0.0,0.36241478,0.017732272,0.79478085,0.0055157286,0.4,0.0,0.33427337,0.022505913
