Gaia/vari_eclipsing_binary/VariEclipsingBinary_413664-415451.csv
# %ECSV 1.0
# ---
# delimiter: ','
# meta: !!omap
# - RELEASE: Gaia DR3
# - TABLE: vari_eclipsing_binary
# - DESCRIPTION: >
#     This table describes the properties of the eclipsing binaries resulting from the variability analysis. 
# - CITATION: >
#     How to cite and acknowledge Gaia: 
#     https://gea.esac.esa.int/archive/documentation/credits.html 
# - KNOWN_ISSUES: >
#     Known issues: 
#     https://www.cosmos.esa.int/web/gaia-users/known-issues 
# - DOCUMENTATION: >
#     Tutorials and documentation: 
#     https://www.cosmos.esa.int/web/gaia-users/archive 
# datatype:
# - 
#   name: solution_id
#   datatype: int64
#   description: Solution Identifier
#   meta:
#     ucd: meta.version
# - 
#   name: source_id
#   datatype: int64
#   description: Unique source identifier
#   meta:
#     ucd: meta.id;meta.main
# - 
#   name: global_ranking
#   datatype: float32
#   description: Number between 0 (worst) and 1 (best)
#   meta:
#     ucd: stat.param
# - 
#   name: reference_time
#   datatype: float64
#   unit: d
#   description: Reference time used for the geometric model fit
#   meta:
#     ucd: time.epoch
# - 
#   name: frequency
#   datatype: float64
#   unit: d**-1
#   description: Frequency of geometric model of the eclipsing binary light curve
#   meta:
#     ucd: src.orbital
# - 
#   name: frequency_error
#   datatype: float32
#   unit: d**-1
#   description: "Uncertainty of \\texttt{frequency}"
#   meta:
#     ucd: stat.error
# - 
#   name: geom_model_reference_level
#   datatype: float32
#   unit: mag
#   description: Magnitude reference level of geometric model
#   meta:
#     ucd: phot.mag;em.opt
# - 
#   name: geom_model_reference_level_error
#   datatype: float32
#   unit: mag
#   description: "Uncertainty of \\texttt{geomModelReferenceLevel}"
#   meta:
#     ucd: stat.error;phot.mag;em.opt
# - 
#   name: geom_model_gaussian1_phase
#   datatype: float32
#   description: Phase of the Gaussian 1 component
#   meta:
#     ucd: time.phase
# - 
#   name: geom_model_gaussian1_phase_error
#   datatype: float32
#   description: "Uncertainty of \\texttt{geomModelGaussian1Phase}"
#   meta:
#     ucd: stat.error;time.phase
# - 
#   name: geom_model_gaussian1_sigma
#   datatype: float32
#   description: "Standard deviation [phase] of Gaussian 1 component"
#   meta:
#     ucd: stat.stdev
# - 
#   name: geom_model_gaussian1_sigma_error
#   datatype: float32
#   description: "Uncertainty of \\texttt{geomModelGaussian1Sigma}"
#   meta:
#     ucd: stat.error
# - 
#   name: geom_model_gaussian1_depth
#   datatype: float32
#   unit: mag
#   description: Magnitude depth of Gaussian 1 component
#   meta:
#     ucd: src.var.amplitude
# - 
#   name: geom_model_gaussian1_depth_error
#   datatype: float32
#   unit: mag
#   description: "Uncertainty of \\texttt{geomModelGaussian1Depth}"
#   meta:
#     ucd: stat.error;src.var.amplitude
# - 
#   name: geom_model_gaussian2_phase
#   datatype: float32
#   description: Phase of Gaussian 2 component
#   meta:
#     ucd: time.phase
# - 
#   name: geom_model_gaussian2_phase_error
#   datatype: float32
#   description: "Uncertainty of \\texttt{geomModelGaussian2Phase}"
#   meta:
#     ucd: stat.error;time.phase
# - 
#   name: geom_model_gaussian2_sigma
#   datatype: float32
[...]
#   datatype: float32
#   description: "Secondary eclipse: uncertainty of \\texttt{derivedSecondaryEclDuration}"
#   meta:
#     ucd: stat.error;time.duration
# - 
#   name: derived_secondary_ecl_depth
#   datatype: float32
#   unit: mag
#   description: "Secondary eclipse: depth"
#   meta:
#     ucd: src.var.amplitude
# - 
#   name: derived_secondary_ecl_depth_error
#   datatype: float32
#   unit: mag
#   description: "Secondary eclipse: uncertainty of \\texttt{derivedSecondaryEclDepth}"
#   meta:
#     ucd: stat.error;src.var.amplitude
solution_id,source_id,global_ranking,reference_time,frequency,frequency_error,geom_model_reference_level,geom_model_reference_level_error,geom_model_gaussian1_phase,geom_model_gaussian1_phase_error,geom_model_gaussian1_sigma,geom_model_gaussian1_sigma_error,geom_model_gaussian1_depth,geom_model_gaussian1_depth_error,geom_model_gaussian2_phase,geom_model_gaussian2_phase_error,geom_model_gaussian2_sigma,geom_model_gaussian2_sigma_error,geom_model_gaussian2_depth,geom_model_gaussian2_depth_error,geom_model_cosine_half_period_amplitude,geom_model_cosine_half_period_amplitude_error,geom_model_cosine_half_period_phase,geom_model_cosine_half_period_phase_error,model_type,num_model_parameters,reduced_chi2,derived_primary_ecl_phase,derived_primary_ecl_phase_error,derived_primary_ecl_duration,derived_primary_ecl_duration_error,derived_primary_ecl_depth,derived_primary_ecl_depth_error,derived_secondary_ecl_phase,derived_secondary_ecl_phase_error,derived_secondary_ecl_duration,derived_secondary_ecl_duration_error,derived_secondary_ecl_depth,derived_secondary_ecl_depth_error
[from data line 37]
375316653866487564,3641008329902534016,0.53168297,2247.4437635162594,1.3825456660898738,2.7022445E-5,10.636473,0.19272411,0.22850093,0.009531036,0.11850335,0.048766028,0.102453634,0.1314563,0.71842515,0.013701428,0.13536605,0.11751141,0.06960186,0.18914647,null,null,null,null,"TWOGAUSSIANS",8,25.309353,0.22865093,0.009024385,0.4,0.0,0.08074704,0.0048318272,0.71842515,0.013701428,0.4,0.0,0.04776775,0.007240938
375316653866487564,3641076186090103168,0.47482255,2225.350115351344,1.405171765562035,4.2440122E-5,19.09617,0.031018348,0.24745291,0.008547463,0.0778699,0.013587917,0.3057567,0.03948692,0.72485536,0.018628832,0.06745868,0.004541037,0.4464609,0.112369366,null,null,null,null,"TWOGAUSSIANS",8,14.2445135,0.72485536,0.018628832,0.3777686,0.02542981,0.44533256,0.11171659,0.24745291,0.008547463,0.4,0.013037285,0.3046283,0.039459392
375316653866487564,3641143565536820992,0.55588233,2229.703433330812,4.648244906752787,1.4701862E-5,15.585864,0.006204191,0.21277061,0.003273372,0.02263881,0.013272144,0.11232782,1688.763,null,null,null,null,null,null,0.14028731,0.01107898,0.21277061,0.003273372,"ONEGAUSSIAN_WITH_ELLIPSOIDAL",6,117.004776,0.21277061,0.003273372,0.12677734,0.074324004,0.39290205,1688.7621,null,null,null,null,null,null
375316653866487564,3641191158069947520,0.551518,2203.734416885959,2.6378952041389607,1.1728698E-5,15.222832,0.0015497722,null,null,null,null,null,null,null,null,null,null,null,null,0.07147233,0.0015459098,0.32709703,0.0028500613,"ELLIPSOIDAL",4,21.138618,null,null,null,null,null,null,null,null,null,null,null,null
375316653866487564,3641312134412988288,0.54071724,2216.4141282436917,4.427685202274629,1.0405645E-5,19.556131,0.02129835,0.22334506,0.0073018493,0.07415677,0.011868662,0.4336261,0.042984016,0.73879796,0.003970388,0.08041139,0.0062971083,0.43438002,0.025720162,null,null,null,null,"TWOGAUSSIANS",8,1.7169427,0.73879796,0.003970388,0.4,0.0,0.43104348,0.023540586,0.22334506,0.0073018493,0.4,0.009176156,0.43028954,0.0468606
375316653866487564,3641317047855646592,0.55996925,2246.9953466785296,4.792879495920311,4.183203E-5,19.805372,0.014775514,0.22145896,0.004447193,0.067454964,0.005312752,0.5802385,0.038014196,0.72712255,0.018532518,0.074366644,0.0174677,0.46590537,0.12632738,null,null,null,null,"TWOGAUSSIANS",8,2.0952911,0.22145896,0.004447193,0.3777478,0.029751413,0.5784473,0.03822898,0.72712255,0.018532518,0.4,0.07409762,0.46411416,0.127361
375316653866487564,3641354263749288576,0.50943834,2204.740524897722,1.5927775468695162,1.2861615E-5,19.204811,0.016785946,0.15080117,5.7339785E-4,0.010665141,0.0013288333,0.28158015,0.017631702,0.7040165,0.003144742,0.029554566,0.0046243253,1.3477912,0.45634863,null,null,null,null,"TWOGAUSSIANS",8,8.790049,0.7040165,0.003144742,0.16550557,0.025896221,1.3477912,0.45634863,0.15080117,5.7339785E-4,0.05972479,0.007441466,0.28158015,0.017631702
375316653866487564,3641358867952297600,0.49567193,2210.51126046496,1.5349224381261655,1.7378072E-5,17.47124,0.035419136,0.2578596,0.0043232115,0.11284227,0.017996678,0.1876129,0.034638032,0.7594711,0.0061117886,0.12217671,0.019833332,0.1611229,0.034967847,null,null,null,null,"TWOGAUSSIANS",8,7.3569245,0.25784957,0.004348414,0.4,0.0,0.15224062,0.008157127,0.7594711,0.006112551,0.4,0.0,0.12569664,0.008483978
375316653866487564,3641358867952547712,0.48585966,2261.9006980864547,0.024012429055377756,8.111543E-6,18.006052,0.04310061,0.107511215,0.0152646005,0.15035355,0.07031294,0.059303448,0.042576052,0.5167334,0.0024869337,0.053488,0.008469567,0.58113927,0.20221883,null,null,null,null,"TWOGAUSSIANS",8,2.650281,0.5167334,0.0024869337,0.2995328,0.047429573,0.5800523,0.20389475,0.107511215,0.0152646005,0.4,0.0,0.056729708,0.029807243
375316653866487564,3641358971033056384,0.46018118,2231.7751611486583,2.1521043946087994,2.8569653E-5,16.85989,0.022062218,0.094597995,0.013509375,0.074139886,0.03222991,0.094624415,0.029335245,0.5750011,0.006960438,0.07285872,0.016100224,0.18190527,0.039033312,null,null,null,null,"TWOGAUSSIANS",8,6.146585,0.5750011,0.006960438,0.4,0.021418234,0.18140113,0.038623042,0.094597995,0.013509375,0.4,0.075504415,0.09412029,0.028764078
375316653866487564,3641358971033104384,0.45052096,2197.4091757401484,0.5825034842313108,3.751585E-5,17.919327,0.020637851,0.28701895,0.008771358,0.09826016,0.023379937,0.14346114,0.014736058,0.750312,0.016076725,0.069769815,0.029577592,0.16467886,0.04001193,null,null,null,null,"TWOGAUSSIANS",8,6.440835,0.750312,0.016076725,0.39071095,0.0797503,0.16286284,0.043036148,0.28701895,0.008771358,0.4,0.0,0.14164294,0.012877472
375316653866487564,3641358971033112960,0.4565913,2200.65435853286,0.2661267873075513,7.227167E-6,19.745249,0.012668595,0.052699268,0.043035757,0.016862558,0.012619309,0.23186949,0.95117086,0.60564214,0.012102655,0.0305481,0.010045278,0.11258281,0.020436889,null,null,null,null,"TWOGAUSSIANS",8,1.9165783,0.052699268,0.043035757,0.09443033,0.07066813,0.23186949,0.95117086,0.60564214,0.012102655,0.17106935,0.056253556,0.11258281,0.020436889
375316653866487564,3641359177191556096,0.46707115,2174.161644754565,1.486323079138694,5.539789E-5,17.985054,0.009866266,0.3036364,0.0029748236,0.028329372,0.007314172,0.1262974,0.03698606,0.6871483,0.01460398,0.15774664,0.03439591,0.09378205,0.018112687,null,null,null,null,"TWOGAUSSIANS",8,2.6953592,0.30410638,0.002749072,0.15864448,0.040959362,0.12998949,0.037278704,0.6871483,0.01460398,0.4,0.0,0.09252895,0.019599391
375316653866487564,3641443354253743872,0.5512563,2224.1708246246453,1.6444836874800428,2.6673852E-5,19.15559,0.010596466,0.6721252,2.965354E-4,0.024298832,0.0049155275,1.2511324,0.9596067,0.8082758,3.6090634E-5,0.016394142,2.3380824E-4,1.133747,0.010482696,null,null,null,null,"TWOGAUSSIANS",8,5.1042466,0.6721252,2.965354E-4,0.13607346,0.027526954,1.2511324,0.9596067,0.8082758,3.6090634E-5,0.0918072,0.0013093262,1.1337472,0.010478692
375316653866487564,3641467238567715072,0.48314393,2202.0771069105645,1.8748218545067226,2.5642103E-5,15.2401285,0.00940146,0.17258519,0.013578166,0.032523878,0.012159557,0.12868834,0.08763568,0.81376034,0.007056096,0.031809554,0.010922564,0.16227269,0.028912336,0.07265749,0.014075528,0.81376034,0.007056096,"TWOGAUSSIANS_WITH_ELLIPSOIDAL_ON_ECLIPSE2",9,313.3459,0.81376034,0.007056096,0.17813349,0.06116636,0.30758744,0.03174732,0.18025519,0.010674522,0.18213372,0.068093516,0.19006568,0.09032281
375316653866487564,3641592166280795520,0.6280697,2176.6618727663426,4.079373752275926,1.7506229E-5,15.845996,0.014544061,0.30012494,0.0024054348,0.049399566,0.0047616893,0.42244616,0.04845173,0.79481816,0.0023073636,0.05492897,0.0045979004,0.43317202,0.040496085,0.09415373,0.02319138,0.30012494,0.0024054348,"TWOGAUSSIANS_WITH_ELLIPSOIDAL_ON_ECLIPSE1",9,26.207483,0.7953182,0.0020675561,0.30760223,0.025748242,0.6212797,0.04377777,0.30012494,0.0024054348,0.27663758,0.02666546,0.6107435,0.039071504
375316653866487564,3641657454078488448,0.5459961,2249.240111938526,3.2187730540647,2.8962617E-5,16.25892,0.08157702,0.344265,0.007808333,0.12863709,0.037566565,0.20635542,0.08120589,0.84286624,0.0043479227,0.0968375,0.017439093,0.23116848,0.07636345,null,null,null,null,"TWOGAUSSIANS",8,17.557947,0.84286624,0.0043470464,0.4,0.0,0.19536027,0.011669523,0.344265,0.007820853,0.4,0.0,0.17033151,0.015982164
375316653866487564,3641657552862730368,0.43623334,2217.329692491044,0.4900379490595963,5.2063715E-5,18.972672,0.016427752,0.30157167,0.034682397,0.09671953,0.02623305,0.10834828,0.022073185,0.9342126,0.030015634,0.018044585,0.012980001,0.47107196,0.35206386,null,null,null,null,"TWOGAUSSIANS",8,3.128053,0.9342126,0.030007632,0.10104968,0.072688006,0.47115144,0.35212052,0.30157167,0.034682397,0.4,0.0,0.10834794,0.022069423
375316653866487564,3641756062233116800,0.48992887,2228.1902397688223,1.5975665541119923,1.6024509E-5,19.513983,0.008604251,0.30670008,0.056190383,0.115772836,0.034929387,0.08153208,0.013876771,0.6780173,0.0020148002,0.024418863,0.0018871508,1.7599621,0.5324628,null,null,null,null,"TWOGAUSSIANS",8,2.6826012,0.6780173,0.0020148002,0.13674563,0.010568044,1.7604228,0.5324702,0.30670008,0.056190383,0.4,0.0,0.08151678,0.013838034
375316653866487564,3641811351346676096,0.47297534,2211.25988923973,0.10207994491891399,1.1878439E-4,19.655512,0.0064004525,0.21006763,0.011532498,0.06390621,0.013841429,0.2586041,0.049817767,0.72593653,0.02511483,0.077870436,0.030976541,0.17311186,0.00790855,null,null,null,null,"TWOGAUSSIANS",8,0.94646317,0.21006763,0.011532498,0.35787478,0.077512,0.2580553,0.050280172,0.72593653,0.02511483,0.4,0.12657826,0.17256306,0.007812863
375316653866487564,3641841244319968384,0.4581785,2216.6465462630144,2.0424864724025373,1.07286854E-4,17.987383,0.0030241383,0.32153714,0.032983556,0.040162746,0.014888829,0.22780988,0.30848533,0.828884,0.0031645948,0.04581072,0.0047535766,0.05883539,0.0060890797,null,null,null,null,"TWOGAUSSIANS",8,2.0354462,0.32153714,0.032983556,0.22491139,0.083377436,0.22780986,0.30848536,0.828884,0.0031645948,0.25654006,0.026620029,0.058835384,0.0060890727
375316653866487564,3641896357340103296,0.573389,2109.628905469709,0.9903517571672641,2.984265E-5,16.3578,0.007732648,0.124754004,0.0032747067,0.02029766,0.0046395105,0.3981631,0.17151625,0.706181,0.013351883,0.04726976,0.036491167,0.051765047,7091.3955,0.04296259,0.011617357,0.706181,0.013351883,"TWOGAUSSIANS_WITH_ELLIPSOIDAL_ON_ECLIPSE2",9,30.837757,0.12523401,0.0029891678,0.11366689,0.02598126,0.46360138,0.1757213,0.706181,0.013351883,0.26471066,0.20435053,0.13769001,7091.388
375316653866487564,3641920718394682880,0.45582214,2168.5534721357008,1.9180872337104404,1.0785376E-4,15.896508,0.01091693,0.24319845,0.06225447,0.06352311,0.048556287,0.065500624,0.11137396,0.5955009,0.044943806,0.14652015,0.041369393,0.15491839,0.014664584,null,null,null,null,"TWOGAUSSIANS",8,3.5315037,0.5955009,0.044943806,0.4,0.0,0.15288064,0.012556393,0.25325847,0.06830809,0.3557294,0.2440749,0.07277711,0.11854833
375316653866487564,3642126223989871872,0.4357538,2229.75286080358,0.3080223075157533,1.2087739E-4,17.354897,0.0041333647,0.18609728,0.0075322646,0.01668845,0.008515182,0.12341594,0.05830257,0.6619294,0.06679183,0.098663464,0.038757846,0.042752896,0.0067973696,null,null,null,null,"TWOGAUSSIANS",8,12.303476,0.18609728,0.0075322646,0.09345532,0.047685016,0.12341393,0.05830823,0.6619294,0.06679183,0.4,0.032096412,0.04275047,0.0068080546
375316653866487564,3642169135007725056,0.5922056,2197.293901851524,2.2542318159006625,4.1220624E-6,17.069372,0.010278548,0.2180323,0.0012329026,0.036846623,0.0021970249,0.43005988,0.029025072,null,null,null,null,null,null,0.05926832,0.01712985,0.2180323,0.0012329026,"ONEGAUSSIAN_WITH_ELLIPSOIDAL",6,20.137114,0.2180323,0.0012329026,0.20634109,0.012303338,0.5485965,0.018101644,null,null,null,null,null,null
375316653866487564,3642228169333584768,0.69334644,2230.541349617616,0.7910885026856235,5.3191874E-5,18.227957,0.006326735,0.3884634,0.018945623,0.0318183,0.009303069,0.82623893,0.28957304,0.8559903,0.0020288618,0.020766905,0.0015780557,0.73641765,0.030351318,0.052370287,0.009739755,0.8559903,0.0020288618,"TWOGAUSSIANS_WITH_ELLIPSOIDAL_ON_ECLIPSE2",9,2.541206,0.38814342,0.018745773,0.17818248,0.052097186,0.9267206,0.2770736,0.8559903,0.0020288618,0.11629467,0.008837111,0.84115815,0.030712664
375316653866487564,3642233804329851136,0.5849404,2203.3370109697394,1.7725981179124137,8.0324035E-6,10.816796,0.034697518,0.31602997,0.023273906,0.0713463,0.021773573,0.41528898,0.1508957,0.8248265,0.0055362373,0.05309281,0.010950806,0.3227317,0.08435037,0.044216096,0.05350292,0.8248265,0.0055362373,"TWOGAUSSIANS_WITH_ELLIPSOIDAL_ON_ECLIPSE2",9,473.1256,0.31671995,0.016229272,0.3995393,0.019050179,0.5029403,0.07880679,0.8248265,0.0055362373,0.29731974,0.06132451,0.41063166,0.03152917
375316653866487564,3642276749708075008,0.6018132,2162.3490884496005,3.6085370255462794,6.2638355E-6,16.178856,0.019569876,0.28569236,0.0049912995,0.05856957,0.008168493,0.39421427,0.09543367,0.7845596,0.0011883689,0.048614495,0.0049878936,0.36633432,0.045437075,0.09990495,0.030102791,0.28569236,0.0049912995,"TWOGAUSSIANS_WITH_ELLIPSOIDAL_ON_ECLIPSE1",9,45.558872,0.28569236,0.0049912995,0.32798958,0.045743566,0.5939791,0.10104874,0.7846596,9.2149514E-4,0.27224118,0.027932202,0.56609,0.02436471
375316653866487564,3642333546356141568,0.5069846,2219.390545685882,0.8495188645003894,3.5820653E-5,12.759359,0.0055024894,0.25588065,0.007778691,0.09755127,0.024978852,0.051872533,0.012733145,0.7535343,0.006371401,0.10032601,0.016862562,0.04334683,0.0044994378,null,null,null,null,"TWOGAUSSIANS",8,17.191746,0.25588065,0.007778691,0.4,0.0,0.04810155,0.0151449535,0.7535343,0.006371401,0.4,0.0,0.039575703,0.002319546
375316653866487564,3642341762628754944,0.5149473,2194.0390798351505,1.674013072264606,8.638793E-5,18.613058,0.0069983075,0.17287372,0.015503919,0.033794068,0.012320856,0.06752589,0.036026634,0.4554135,0.009731613,0.0654725,0.008246915,0.24271901,0.056641825,null,null,null,null,"TWOGAUSSIANS",8,2.359429,0.4554135,0.009731613,0.366646,0.04618273,0.24271901,0.056641825,0.17289372,0.015550665,0.18924677,0.06899679,0.06754785,0.036016762
375316653866487564,3642364405696563456,0.49786583,2221.2081670265334,1.3302655307824496,4.187227E-5,17.288446,0.12954022,0.23513512,0.014727101,0.048233014,0.017785348,0.45087925,0.099887535,0.73631084,0.026283128,0.1297466,0.12775645,0.09039543,0.12413476,null,null,null,null,"TWOGAUSSIANS",8,2.8838184,0.23513512,0.014864073,0.2701049,0.09959795,0.44660375,0.057984944,0.73631084,0.026283128,0.4,0.0,0.08601212,0.035512574
375316653866487564,3642423710604822528,0.6135889,2228.016604141716,3.258366289260013,7.556239E-6,15.235656,0.0066010244,0.21238025,0.011109707,0.018517116,0.016779346,0.20563078,0.066330574,0.7577205,0.00199698,0.053037446,0.007828643,0.17483474,0.039492317,0.13157116,0.011846185,0.7577205,0.00199698,"TWOGAUSSIANS_WITH_ELLIPSOIDAL_ON_ECLIPSE2",9,55.63318,0.21383025,0.013173746,0.10369585,0.093964346,0.44863096,0.060985338,0.7577205,0.00199698,0.2970097,0.043840397,0.43797404,0.038140543
375316653866487564,3642613715662091264,0.51791316,2194.639985112342,3.533784821736862,2.4256156E-5,19.644487,0.01391646,0.2457627,0.005205193,0.07562619,0.004161531,0.41381794,0.019253917,0.8384029,4.2142405E-4,0.035728294,0.0013329914,0.30814406,0.014685205,null,null,null,null,"TWOGAUSSIANS",8,2.2994459,0.2457627,0.005205193,0.4,0.0,0.41381744,0.019253615,0.8384029,4.2142405E-4,0.20007846,0.007464752,0.3081438,0.014684949
375316653866487564,3642713805579915008,0.5224783,2222.277137256095,0.07579279624008414,2.9557146E-5,19.470768,0.012161962,0.07961358,0.0017311393,0.005554548,0.0063108294,0.31310678,0.32534552,0.700074,0.011084756,0.07974663,0.023967294,0.45947212,0.25232077,null,null,null,null,"TWOGAUSSIANS",8,1.5808811,0.700074,0.011084756,0.4,0.0,0.45947212,0.25232434,0.07961358,0.0017311393,0.031105468,0.035340644,0.3131123,0.3253292
375316653866487564,3642765005885957248,0.6169759,2199.4818242645515,3.543294220438831,7.232968E-6,14.880271,0.027031107,0.39365155,0.0044735693,0.070734575,0.015887069,0.10510979,0.060666915,0.8927911,0.0038656387,0.050733097,0.012220778,0.15000343,0.055908334,0.113069065,0.03284008,0.39365155,0.0044735693,"TWOGAUSSIANS_WITH_ELLIPSOIDAL_ON_ECLIPSE1",9,96.49376,0.89299107,0.0030424304,0.28410536,0.068436354,0.37593478,0.01610476,0.39365155,0.0044735693,0.39611363,0.058037683,0.3310462,0.011425596
