Gaia/vari_eclipsing_binary/VariEclipsingBinary_483752-483775.csv
# %ECSV 1.0
# ---
# delimiter: ','
# meta: !!omap
# - RELEASE: Gaia DR3
# - TABLE: vari_eclipsing_binary
# - DESCRIPTION: >
#     This table describes the properties of the eclipsing binaries resulting from the variability analysis. 
# - CITATION: >
#     How to cite and acknowledge Gaia: 
#     https://gea.esac.esa.int/archive/documentation/credits.html 
# - KNOWN_ISSUES: >
#     Known issues: 
#     https://www.cosmos.esa.int/web/gaia-users/known-issues 
# - DOCUMENTATION: >
#     Tutorials and documentation: 
#     https://www.cosmos.esa.int/web/gaia-users/archive 
# datatype:
# - 
#   name: solution_id
#   datatype: int64
#   description: Solution Identifier
#   meta:
#     ucd: meta.version
# - 
#   name: source_id
#   datatype: int64
#   description: Unique source identifier
#   meta:
#     ucd: meta.id;meta.main
# - 
#   name: global_ranking
#   datatype: float32
#   description: Number between 0 (worst) and 1 (best)
#   meta:
#     ucd: stat.param
# - 
#   name: reference_time
#   datatype: float64
#   unit: d
#   description: Reference time used for the geometric model fit
#   meta:
#     ucd: time.epoch
# - 
#   name: frequency
#   datatype: float64
#   unit: d**-1
#   description: Frequency of geometric model of the eclipsing binary light curve
#   meta:
#     ucd: src.orbital
# - 
#   name: frequency_error
#   datatype: float32
#   unit: d**-1
#   description: "Uncertainty of \\texttt{frequency}"
#   meta:
#     ucd: stat.error
# - 
#   name: geom_model_reference_level
#   datatype: float32
#   unit: mag
#   description: Magnitude reference level of geometric model
#   meta:
#     ucd: phot.mag;em.opt
# - 
#   name: geom_model_reference_level_error
#   datatype: float32
#   unit: mag
#   description: "Uncertainty of \\texttt{geomModelReferenceLevel}"
#   meta:
#     ucd: stat.error;phot.mag;em.opt
# - 
#   name: geom_model_gaussian1_phase
#   datatype: float32
#   description: Phase of the Gaussian 1 component
#   meta:
#     ucd: time.phase
# - 
#   name: geom_model_gaussian1_phase_error
#   datatype: float32
#   description: "Uncertainty of \\texttt{geomModelGaussian1Phase}"
#   meta:
#     ucd: stat.error;time.phase
# - 
#   name: geom_model_gaussian1_sigma
#   datatype: float32
#   description: "Standard deviation [phase] of Gaussian 1 component"
#   meta:
#     ucd: stat.stdev
# - 
#   name: geom_model_gaussian1_sigma_error
#   datatype: float32
#   description: "Uncertainty of \\texttt{geomModelGaussian1Sigma}"
#   meta:
#     ucd: stat.error
# - 
#   name: geom_model_gaussian1_depth
#   datatype: float32
#   unit: mag
#   description: Magnitude depth of Gaussian 1 component
#   meta:
#     ucd: src.var.amplitude
# - 
#   name: geom_model_gaussian1_depth_error
#   datatype: float32
#   unit: mag
#   description: "Uncertainty of \\texttt{geomModelGaussian1Depth}"
#   meta:
#     ucd: stat.error;src.var.amplitude
# - 
#   name: geom_model_gaussian2_phase
#   datatype: float32
#   description: Phase of Gaussian 2 component
#   meta:
#     ucd: time.phase
# - 
#   name: geom_model_gaussian2_phase_error
#   datatype: float32
#   description: "Uncertainty of \\texttt{geomModelGaussian2Phase}"
#   meta:
#     ucd: stat.error;time.phase
# - 
#   name: geom_model_gaussian2_sigma
#   datatype: float32
[...]
#   datatype: float32
#   description: "Secondary eclipse: uncertainty of \\texttt{derivedSecondaryEclDuration}"
#   meta:
#     ucd: stat.error;time.duration
# - 
#   name: derived_secondary_ecl_depth
#   datatype: float32
#   unit: mag
#   description: "Secondary eclipse: depth"
#   meta:
#     ucd: src.var.amplitude
# - 
#   name: derived_secondary_ecl_depth_error
#   datatype: float32
#   unit: mag
#   description: "Secondary eclipse: uncertainty of \\texttt{derivedSecondaryEclDepth}"
#   meta:
#     ucd: stat.error;src.var.amplitude
solution_id,source_id,global_ranking,reference_time,frequency,frequency_error,geom_model_reference_level,geom_model_reference_level_error,geom_model_gaussian1_phase,geom_model_gaussian1_phase_error,geom_model_gaussian1_sigma,geom_model_gaussian1_sigma_error,geom_model_gaussian1_depth,geom_model_gaussian1_depth_error,geom_model_gaussian2_phase,geom_model_gaussian2_phase_error,geom_model_gaussian2_sigma,geom_model_gaussian2_sigma_error,geom_model_gaussian2_depth,geom_model_gaussian2_depth_error,geom_model_cosine_half_period_amplitude,geom_model_cosine_half_period_amplitude_error,geom_model_cosine_half_period_phase,geom_model_cosine_half_period_phase_error,model_type,num_model_parameters,reduced_chi2,derived_primary_ecl_phase,derived_primary_ecl_phase_error,derived_primary_ecl_duration,derived_primary_ecl_duration_error,derived_primary_ecl_depth,derived_primary_ecl_depth_error,derived_secondary_ecl_phase,derived_secondary_ecl_phase_error,derived_secondary_ecl_duration,derived_secondary_ecl_duration_error,derived_secondary_ecl_depth,derived_secondary_ecl_depth_error
[from data line 301]
375316653866487564,4255266031377987840,0.6024392,2236.4053478811848,2.178520442297455,6.766418E-6,18.853823,0.03484349,0.2843767,0.00463323,0.04528858,0.014254414,0.21046245,0.07668754,0.7831958,0.02430461,0.03804129,0.023079569,0.1895488,0.10581422,0.13666011,0.045785293,0.2843767,0.00463323,"TWOGAUSSIANS_WITH_ELLIPSOIDAL_ON_ECLIPSE1",9,2.4508674,0.2843767,0.00463323,0.25361606,0.079824716,0.48378235,0.036560085,0.78336585,0.02408507,0.21303122,0.12924558,0.4628558,0.029695863
375316653866487564,4255266061426551680,0.46940598,2263.3146701421415,2.3204226445534952,6.567427E-5,19.072424,0.029862735,0.27769676,0.011475272,0.08881681,0.016157081,0.18572778,0.03195875,0.75870544,0.074560024,0.09807033,0.07559514,0.17086367,2.315297,null,null,null,null,"TWOGAUSSIANS",8,3.9993565,0.27769676,0.011475153,0.4,0.0,0.17822103,0.019358335,0.75870544,0.074560024,0.4,0.21769497,0.16335584,2.3221345
375316653866487564,4255266443693964544,0.5123321,2233.576350850794,3.350691502051285,3.6167286E-5,19.778881,0.027424702,0.12429116,0.13203922,0.04216162,0.07726083,0.11124052,0.21511838,0.7522124,0.0076609384,0.08999659,0.0104356175,0.26376536,0.03812622,null,null,null,null,"TWOGAUSSIANS",8,1.0211805,0.7522124,0.007659677,0.4,0.0,0.26376066,0.03253475,0.12425116,0.13208172,0.23610507,0.24514732,0.111287095,0.20748575
375316653866487564,4255266542462879232,0.65767354,2213.1640142523793,2.110232011128864,4.4755707E-6,17.15379,0.008318139,0.16774793,0.001901925,0.033630382,0.029556205,0.0809692,0.01493167,0.6529395,0.0066454606,0.04138516,0.01016866,0.090726264,0.017546909,0.1146601,0.010638764,0.16774793,0.001901925,"TWOGAUSSIANS_WITH_ELLIPSOIDAL_ON_ECLIPSE1",9,2.2342234,0.65670955,0.004945502,0.2317569,0.056944497,0.3185692,0.0090990905,0.16774793,0.001901925,0.18833014,0.16551475,0.31028914,0.009527641
375316653866487564,4255267165250503808,0.5152683,2246.8804796285567,1.5833135139790904,2.3029335E-5,15.869031,0.50827795,0.2697029,0.007537097,0.15947872,0.1278612,0.22287847,0.5022962,0.76385546,0.0055930987,0.120038055,0.04075702,0.23432425,0.32195017,null,null,null,null,"TWOGAUSSIANS",8,24.52576,0.76385546,0.0055996166,0.4,0.0,0.15043567,0.009767705,0.2697629,0.007685084,0.4,0.0,0.13578144,0.0093776155
375316653866487564,4255267302687974528,0.57058394,2262.9019632336053,2.924460070959057,1.8525747E-5,19.51874,0.04801684,0.22175609,0.0031407927,0.08321884,0.014897547,0.4604222,0.041696165,0.7234208,0.008024226,0.11487979,0.015822249,0.45241562,0.043959405,null,null,null,null,"TWOGAUSSIANS",8,1.7829838,0.22175609,0.003141117,0.4,0.0,0.42414084,0.024424523,0.7234208,0.008024226,0.4,0.0,0.41606447,0.018288715
375316653866487564,4255267371407382912,0.53925586,2299.2349318531615,1.8875209214869118,3.4901466E-5,19.29964,0.0136125265,0.15148316,0.011900563,0.072524674,0.015155445,0.31637192,0.055171262,0.6453977,0.026154328,0.047833085,0.026939116,0.8163473,4.921521,null,null,null,null,"TWOGAUSSIANS",8,4.3286467,0.6453977,0.026154328,0.26786527,0.15085906,0.8162182,4.9216485,0.15148316,0.011900563,0.4,0.06304533,0.31624284,0.055270292
375316653866487564,4255267813773310464,0.5568188,2241.7298567521207,1.0956132832374084,1.871221E-4,18.764214,0.0027261595,0.23274815,0.022650892,0.052748486,0.027302375,0.06844051,0.023487763,0.57998574,0.05843864,0.050100014,0.031469014,0.40015543,0.16115619,null,null,null,null,"TWOGAUSSIANS",8,0.9316575,0.57998574,0.05843864,0.28056008,0.16684712,0.40015543,0.16115917,0.23274815,0.022650892,0.29539153,0.13027802,0.068440504,0.02348792
375316653866487564,4255267882506694784,0.67594784,2251.0391004120056,0.7864078423873416,1.4514431E-4,17.659119,0.0045631696,0.21830979,7.731804E-4,0.02530932,6.293633E-4,0.52505326,0.0124194,0.74966216,0.07106141,0.15999445,0.09458222,0.011276026,0.0057633333,null,null,null,null,"TWOGAUSSIANS",8,1.4419072,0.21830979,7.7768223E-4,0.1417322,0.0035244343,0.5248449,0.0123463655,0.74966216,0.07106141,0.4,0.0,0.010867687,0.0053533423
375316653866487564,4255268058602510208,0.6435258,2218.869122756369,4.71154420656826,3.279259E-5,17.06973,0.005826717,0.7490044,0.110020466,0.0782238,0.121364705,0.024824504,0.007865904,0.43200585,0.014251855,0.025666548,0.0069975136,0.713617,0.5945665,null,null,null,null,"TWOGAUSSIANS",8,6.8587103,0.43200585,0.014253685,0.14373267,0.039186075,0.71362376,0.5944608,0.7490044,0.110020466,0.4,0.40040603,0.024824504,0.007869083
375316653866487564,4255269158143913344,0.56249696,2205.793605828699,3.214311638911887,1.5926471E-5,18.643877,0.02825877,0.27232313,0.0069778436,0.0755356,0.010486636,0.31089038,0.027499251,0.78927255,0.0053621996,0.08937938,0.013327557,0.36626026,0.020843562,null,null,null,null,"TWOGAUSSIANS",8,2.9121099,0.78927255,0.0053621996,0.4,0.0,0.3612825,0.016167346,0.27232313,0.0069778436,0.4,0.009992624,0.3059128,0.022273412
375316653866487564,4255269329915817088,0.55788904,2237.4445734129094,2.586437617796395,1.9334562E-5,18.72801,0.013449617,0.25036186,0.009080744,0.07861171,0.007172677,0.3441227,0.020186773,0.7527712,0.009430637,0.08716739,0.010320396,0.30247515,0.049454045,null,null,null,null,"TWOGAUSSIANS",8,1.9469601,0.25036186,0.009080744,0.4,0.0,0.3376216,0.018203732,0.7527712,0.009430637,0.4,0.0,0.29597402,0.051164303
375316653866487564,4255269772277022976,0.5274109,2174.160165639318,0.5626798329225073,7.076892E-5,19.021685,0.02555882,0.20578893,0.009048087,0.08167264,0.02669595,0.18203576,0.06470986,0.55920416,0.025244296,0.066280775,0.023548935,0.37462643,0.17644261,null,null,null,null,"TWOGAUSSIANS",8,1.6410869,0.55920416,0.025244296,0.37117237,0.06939251,0.3746066,0.17639022,0.20578893,0.008994468,0.4,0.0,0.18200056,0.064907596
375316653866487564,4255270085856978560,0.5105617,2220.099780357023,2.1044441737542954,2.166091E-5,19.523668,0.041810077,0.25053498,0.01097357,0.10096576,0.022210874,0.34219235,0.031960126,0.75260895,0.005387746,0.0868845,0.012141723,0.37485307,0.04771517,null,null,null,null,"TWOGAUSSIANS",8,2.7741215,0.75260895,0.0053921747,0.4,0.0,0.35487217,0.039481945,0.25053498,0.01097357,0.4,0.0,0.32220823,0.03653326
375316653866487564,4255270463788424320,0.45266888,2253.930967688768,0.1052099893553103,3.760443E-5,19.598064,0.016879832,null,null,null,null,null,null,null,null,null,null,null,null,0.17815967,0.03078943,0.16343252,0.0082692765,"ELLIPSOIDAL",4,6.498991,null,null,null,null,null,null,null,null,null,null,null,null
375316653866487564,4255272250520480128,0.6070234,2238.9740377823896,3.0920732922123846,2.3094684E-5,15.1695795,0.024037661,0.27666533,0.009011484,0.082842246,0.012678581,0.47209403,0.022571336,0.7731513,0.002477063,0.08620548,0.0057335687,0.46103507,0.026257908,null,null,null,null,"TWOGAUSSIANS",8,120.828064,0.27666533,0.009011484,0.4,0.0,0.46104708,0.020838799,0.7731513,0.002477063,0.4,0.0,0.4499881,0.018256351
375316653866487564,4255272284853896192,0.50069183,2240.4828687773797,2.8377613920485443,8.3403655E-5,19.055338,0.011003502,0.42838913,0.018686503,0.065716274,0.015351361,0.14390817,0.020763695,0.6712121,0.04167973,0.015896661,0.017897686,0.3487508,0.39477903,null,null,null,null,"TWOGAUSSIANS",8,4.167178,0.6712121,0.04167973,0.08902131,0.10022704,0.34890687,0.3947542,0.42838913,0.018686503,0.36801115,0.08596762,0.14390817,0.020763695
375316653866487564,4255273659244835840,0.4629956,2230.035791488096,0.8421974328578256,6.695531E-5,18.092741,0.19052276,0.26898322,0.012041447,0.24774913,0.12140161,0.27596176,0.18119127,0.8390553,0.008055129,0.042640783,0.024457762,0.12731563,0.04989571,null,null,null,null,"TWOGAUSSIANS",8,3.7373805,0.26898322,0.012041447,0.4,0.0,0.19721921,0.05070768,0.8427753,0.01049656,0.2387884,0.13696347,0.12964793,0.052322388
375316653866487564,4255274204683723776,0.6685861,2168.8150543096763,1.1807098690660804,1.1236508E-5,16.951492,0.013957586,0.28234115,0.005001796,0.07778531,0.007553551,0.3849803,0.010053348,0.7845135,0.007862322,0.09530357,0.010771462,0.18753694,0.013095895,null,null,null,null,"TWOGAUSSIANS",8,4.498366,0.28234115,0.005001796,0.4,0.0,0.37742254,0.0073534716,0.7845135,0.007862322,0.4,0.0,0.1799788,0.009578287
375316653866487564,4255274754442414464,0.6481265,2237.503084135802,2.2598140740611234,5.155908E-6,18.271875,0.0069294074,0.19224034,0.0021011156,0.03825387,0.003935976,0.28363344,0.031652775,0.706143,0.01027645,0.027848082,0.010172991,0.46440265,0.25267607,0.1543858,0.011509408,0.19224034,0.0021011156,"TWOGAUSSIANS_WITH_ELLIPSOIDAL_ON_ECLIPSE1",9,1.5935847,0.706143,0.01027645,0.15594925,0.05696875,0.77082366,0.26365906,0.19224034,0.0021011156,0.21422169,0.022041464,0.59240454,0.030361641
375316653866487564,4255274793116813440,0.5365537,2190.2930279435855,2.011743800443838,2.6871012E-5,19.79116,0.082039565,0.2165606,0.10979493,0.1109317,0.07694312,0.31848273,0.17656496,0.72929573,0.016895488,0.077506684,0.021299364,0.61434996,0.111146756,null,null,null,null,"TWOGAUSSIANS",8,1.4746635,0.72929573,0.016888121,0.4,0.0061721355,0.59448326,0.13365935,0.2165606,0.10979493,0.4,0.0,0.29858813,0.12924843
375316653866487564,4255275166759297664,0.64018893,2197.2732546318407,2.0775320525789467,4.475881E-6,15.859916,0.0072375913,0.25460023,0.0037112737,0.08446703,0.0056988415,0.33596954,0.021632887,0.7521665,0.0017892469,0.080774404,0.002986825,0.37614173,0.007831674,null,null,null,null,"TWOGAUSSIANS",8,12.647139,0.7521665,0.0017892469,0.4,0.0,0.36916813,0.0072629065,0.25460023,0.0037112737,0.4,0.0,0.3289959,0.022925744
375316653866487564,4255278435253195136,0.57556456,2278.5907049640564,1.5849924922836665,3.0771993E-5,19.16001,0.006903897,0.5136463,0.0050592604,0.057481438,0.006509308,0.23887329,0.012744922,null,null,null,null,null,null,0.104565084,0.009248492,0.5136463,0.0050592604,"ONEGAUSSIAN_WITH_ELLIPSOIDAL",6,1.9575719,0.5136463,0.0050592604,0.32189605,0.036452126,0.44798484,0.018134331,null,null,null,null,null,null
375316653866487564,4255278499660172288,0.5247102,2240.8715591518094,1.4892375848106854,3.42366E-5,18.481012,0.00809616,0.289604,0.005644579,0.0777915,0.008217203,0.21562399,0.023716552,0.7927056,0.01720484,0.089826405,0.018092569,0.09893501,0.01349615,null,null,null,null,"TWOGAUSSIANS",8,1.884643,0.289604,0.005644579,0.4,0.0,0.21253128,0.024688818,0.7927056,0.01720484,0.4,0.0,0.09584227,0.012628007
375316653866487564,4255278568373554432,0.50820553,2223.022308909058,1.6734801123134606,3.5727026E-5,18.157043,0.012988641,0.20512992,0.021578629,0.08625201,0.027221393,0.13044803,0.027234646,0.7143959,0.004711884,0.070077315,0.007624824,0.2363891,0.039745044,null,null,null,null,"TWOGAUSSIANS",8,3.570217,0.7143959,0.004711884,0.39243296,0.03566429,0.23472226,0.039657082,0.20512992,0.021578629,0.4,0.0,0.12878117,0.0261759
375316653866487564,4255279500426904704,0.5436507,2277.445745178433,0.5386435632639656,1.2198297E-4,16.524128,0.0019472995,0.80898905,0.0059725316,0.040922612,0.006729048,0.36361492,0.063005306,null,null,null,null,null,null,null,null,null,null,"ONEGAUSSIAN",5,36.989735,0.80898905,0.0059725316,0.22916663,0.03768267,0.36361492,0.0,null,null,null,null,null,null
375316653866487564,4255280634297707520,0.4991607,2277.4194073350927,1.9081809808378145,3.0110648E-5,19.059273,0.50121915,0.21981321,0.013157038,0.14769588,0.10732445,0.27637643,0.48042297,0.7035693,0.010015841,0.13688827,0.04627606,0.3515937,0.40870133,null,null,null,null,"TWOGAUSSIANS",8,3.3097014,0.7035693,0.010015841,0.4,0.0,0.23449227,0.021991841,0.22062321,0.012084339,0.4,0.0,0.15833968,0.022227123
375316653866487564,4255282313585607040,0.6487151,2263.0195223025366,1.2372928171570035,1.1680379E-5,17.39993,0.0075153927,0.2435107,0.002144065,0.08059516,0.0034473024,0.25645828,0.0075717405,0.7429952,0.006278216,0.072813064,0.006485237,0.5305966,0.046966836,null,null,null,null,"TWOGAUSSIANS",8,1.9302682,0.7429952,0.006278216,0.4,0.0,0.52709675,0.04799818,0.2435107,0.002144065,0.4,0.0,0.25295842,0.0060884994
375316653866487564,4255283413097491840,0.55945987,2288.6339139841434,0.45610718576606024,1.31769175E-5,13.335374,0.0010418858,0.26970473,0.0026450853,0.020890145,0.0023000906,0.040441513,0.0026776725,null,null,null,null,null,null,0.028066382,0.0014780599,0.26970473,0.0026450853,"ONEGAUSSIAN_WITH_ELLIPSOIDAL",6,19.109152,0.26970473,0.0026450853,0.11698481,0.012880507,0.0965742,0.0014228558,null,null,null,null,null,null
375316653866487564,4255283417416275328,0.548861,2271.997034200087,0.8848081214681006,5.898939E-5,18.203377,0.008519671,0.30219284,0.010995707,0.05946754,0.02836691,0.8001857,0.6219664,0.77359164,0.002813096,0.045211885,0.0039078468,0.1759909,0.013367925,null,null,null,null,"TWOGAUSSIANS",8,3.8441103,0.30219284,0.010995707,0.3330182,0.080738574,0.8001833,0.62211263,0.77359164,0.002813096,0.25318655,0.021883942,0.17598853,0.013303553
375316653866487564,4255283692314605312,0.63067985,2272.817606688963,2.5533935562488996,1.4962828E-5,16.571375,0.00928751,0.21235898,0.004485421,0.08632643,0.0052223015,0.3158665,0.009668678,0.7150597,0.0036366316,0.089143276,0.0049035987,0.2848481,0.013962628,null,null,null,null,"TWOGAUSSIANS",8,5.601297,0.21235898,0.004485421,0.4,0.0,0.3059738,0.0056729717,0.7150597,0.0036366316,0.4,0.0,0.2749553,0.01214989
375316653866487564,4255284070251079168,0.48953608,2278.658045508403,2.3527443584831205,4.4410866E-5,19.82678,0.035046175,0.24787976,0.008749417,0.080905594,0.028962683,0.26022694,0.040341172,0.7685675,0.005873859,0.08076939,0.013392041,0.2814896,0.04243644,null,null,null,null,"TWOGAUSSIANS",8,1.3098578,0.7685675,0.0058746273,0.4,0.0,0.27846193,0.037601165,0.24787976,0.008749417,0.4,0.004416252,0.25719926,0.05051221
375316653866487564,4255284207690017792,0.5826265,2256.2063796077387,1.5270287210811404,7.2578355E-6,18.428476,0.0074268905,0.19474885,0.001679912,0.065947,0.0021354996,0.62336814,0.016924584,0.6972679,0.005072739,0.08650839,0.005749597,0.28558812,0.015846806,null,null,null,null,"TWOGAUSSIANS",8,5.1139727,0.19474885,0.001679912,0.3693032,0.011958797,0.61994576,0.017075906,0.6972679,0.005072739,0.4,0.0,0.28216568,0.016890451
375316653866487564,4255285955714247168,0.5863662,2167.0053030438494,0.7548298428899207,2.1604978E-4,16.932726,0.0031874592,0.38863367,0.0071033547,0.025549142,0.006059173,0.32145804,0.17186652,0.5975203,0.03248313,0.10496552,0.032968063,0.011999821,0.0063742683,null,null,null,null,"TWOGAUSSIANS",8,6.2634163,0.3886937,0.0070971763,0.1430752,0.033931367,0.32311532,0.17226368,0.5975203,0.03248313,0.4,0.0,0.011999537,0.0063743843
375316653866487564,4255286127513278208,0.5174615,2210.819321236854,3.5674859781658577,2.4687042E-5,18.119804,0.008305624,0.2916547,0.004541941,0.07333622,0.007825123,0.13980539,0.010158042,0.7976188,0.007893454,0.06447109,0.0077283783,0.10637809,0.00834745,null,null,null,null,"TWOGAUSSIANS",8,2.1144707,0.2916547,0.004541941,0.4,0.013150778,0.13951506,0.00998843,0.7976188,0.007893454,0.3610381,0.043278918,0.10608777,0.007986718
375316653866487564,4255286200546885760,0.42250815,2145.5879370921057,2.202249783980762,5.580336E-5,17.374973,1.2142967,0.1634684,0.033863597,0.15244983,0.052794024,0.70922905,0.83689815,0.63216215,0.015959712,0.1743692,0.12900482,0.68935776,1.1848657,null,null,null,null,"TWOGAUSSIANS",8,22.527502,0.1703484,0.023050899,0.4,0.0,0.36383665,0.08353713,0.63216215,0.015959712,0.4,0.0,0.32605356,0.09113055
375316653866487564,4255286264954768384,0.48993272,2154.9839616887334,0.7721553580198424,7.812891E-5,12.80459,0.024856519,0.2830642,0.009825013,0.025522947,0.012691165,0.10608946,0.027179975,0.64008594,0.10012546,0.035569094,0.11444985,0.23978864,0.19543226,null,null,null,null,"TWOGAUSSIANS",8,1084.0824,0.64008594,0.10012546,0.19918692,0.22186849,0.23978864,0.19671498,0.2830642,0.0098169595,0.1429285,0.07107053,0.10608946,0.02677302
