Gaia/vari_eclipsing_binary/VariEclipsingBinary_076420-077686.csv
# %ECSV 1.0
# ---
# delimiter: ','
# meta: !!omap
# - RELEASE: Gaia DR3
# - TABLE: vari_eclipsing_binary
# - DESCRIPTION: >
#     This table describes the properties of the eclipsing binaries resulting from the variability analysis. 
# - CITATION: >
#     How to cite and acknowledge Gaia: 
#     https://gea.esac.esa.int/archive/documentation/credits.html 
# - KNOWN_ISSUES: >
#     Known issues: 
#     https://www.cosmos.esa.int/web/gaia-users/known-issues 
# - DOCUMENTATION: >
#     Tutorials and documentation: 
#     https://www.cosmos.esa.int/web/gaia-users/archive 
# datatype:
# - 
#   name: solution_id
#   datatype: int64
#   description: Solution Identifier
#   meta:
#     ucd: meta.version
# - 
#   name: source_id
#   datatype: int64
#   description: Unique source identifier
#   meta:
#     ucd: meta.id;meta.main
# - 
#   name: global_ranking
#   datatype: float32
#   description: Number between 0 (worst) and 1 (best)
#   meta:
#     ucd: stat.param
# - 
#   name: reference_time
#   datatype: float64
#   unit: d
#   description: Reference time used for the geometric model fit
#   meta:
#     ucd: time.epoch
# - 
#   name: frequency
#   datatype: float64
#   unit: d**-1
#   description: Frequency of geometric model of the eclipsing binary light curve
#   meta:
#     ucd: src.orbital
# - 
#   name: frequency_error
#   datatype: float32
#   unit: d**-1
#   description: "Uncertainty of \\texttt{frequency}"
#   meta:
#     ucd: stat.error
# - 
#   name: geom_model_reference_level
#   datatype: float32
#   unit: mag
#   description: Magnitude reference level of geometric model
#   meta:
#     ucd: phot.mag;em.opt
# - 
#   name: geom_model_reference_level_error
#   datatype: float32
#   unit: mag
#   description: "Uncertainty of \\texttt{geomModelReferenceLevel}"
#   meta:
#     ucd: stat.error;phot.mag;em.opt
# - 
#   name: geom_model_gaussian1_phase
#   datatype: float32
#   description: Phase of the Gaussian 1 component
#   meta:
#     ucd: time.phase
# - 
#   name: geom_model_gaussian1_phase_error
#   datatype: float32
#   description: "Uncertainty of \\texttt{geomModelGaussian1Phase}"
#   meta:
#     ucd: stat.error;time.phase
# - 
#   name: geom_model_gaussian1_sigma
#   datatype: float32
#   description: "Standard deviation [phase] of Gaussian 1 component"
#   meta:
#     ucd: stat.stdev
# - 
#   name: geom_model_gaussian1_sigma_error
#   datatype: float32
#   description: "Uncertainty of \\texttt{geomModelGaussian1Sigma}"
#   meta:
#     ucd: stat.error
# - 
#   name: geom_model_gaussian1_depth
#   datatype: float32
#   unit: mag
#   description: Magnitude depth of Gaussian 1 component
#   meta:
#     ucd: src.var.amplitude
# - 
#   name: geom_model_gaussian1_depth_error
#   datatype: float32
#   unit: mag
#   description: "Uncertainty of \\texttt{geomModelGaussian1Depth}"
#   meta:
#     ucd: stat.error;src.var.amplitude
# - 
#   name: geom_model_gaussian2_phase
#   datatype: float32
#   description: Phase of Gaussian 2 component
#   meta:
#     ucd: time.phase
# - 
#   name: geom_model_gaussian2_phase_error
#   datatype: float32
#   description: "Uncertainty of \\texttt{geomModelGaussian2Phase}"
#   meta:
#     ucd: stat.error;time.phase
# - 
#   name: geom_model_gaussian2_sigma
#   datatype: float32
[...]
#   datatype: float32
#   description: "Secondary eclipse: uncertainty of \\texttt{derivedSecondaryEclDuration}"
#   meta:
#     ucd: stat.error;time.duration
# - 
#   name: derived_secondary_ecl_depth
#   datatype: float32
#   unit: mag
#   description: "Secondary eclipse: depth"
#   meta:
#     ucd: src.var.amplitude
# - 
#   name: derived_secondary_ecl_depth_error
#   datatype: float32
#   unit: mag
#   description: "Secondary eclipse: uncertainty of \\texttt{derivedSecondaryEclDepth}"
#   meta:
#     ucd: stat.error;src.var.amplitude
solution_id,source_id,global_ranking,reference_time,frequency,frequency_error,geom_model_reference_level,geom_model_reference_level_error,geom_model_gaussian1_phase,geom_model_gaussian1_phase_error,geom_model_gaussian1_sigma,geom_model_gaussian1_sigma_error,geom_model_gaussian1_depth,geom_model_gaussian1_depth_error,geom_model_gaussian2_phase,geom_model_gaussian2_phase_error,geom_model_gaussian2_sigma,geom_model_gaussian2_sigma_error,geom_model_gaussian2_depth,geom_model_gaussian2_depth_error,geom_model_cosine_half_period_amplitude,geom_model_cosine_half_period_amplitude_error,geom_model_cosine_half_period_phase,geom_model_cosine_half_period_phase_error,model_type,num_model_parameters,reduced_chi2,derived_primary_ecl_phase,derived_primary_ecl_phase_error,derived_primary_ecl_duration,derived_primary_ecl_duration_error,derived_primary_ecl_depth,derived_primary_ecl_depth_error,derived_secondary_ecl_phase,derived_secondary_ecl_phase_error,derived_secondary_ecl_duration,derived_secondary_ecl_duration_error,derived_secondary_ecl_depth,derived_secondary_ecl_depth_error
[from data line 256]
375316653866487564,675928591402886144,0.46856925,2162.073181607135,1.2164768009279863,2.3956043E-5,15.397376,0.0046656197,0.15203166,0.0034074846,0.009624945,0.0068040816,0.046963975,0.005939906,0.6860743,0.0075332415,0.090998046,0.0075442716,0.13482122,0.012382536,null,null,null,null,"TWOGAUSSIANS",8,10.274086,0.6860743,0.0075332415,0.4,0.0,0.13482107,0.012382688,0.15203166,0.0034074846,0.05389969,0.038102858,0.046964113,0.0059400024
375316653866487564,675930000152143872,0.40620306,2135.6168963901987,0.6938637754188663,1.4191076E-4,15.251206,0.7869559,0.29499486,0.06910895,0.1464637,0.10705331,0.33085725,0.52786684,0.7689515,0.051537618,0.26421654,0.27744666,0.4732853,0.73047715,null,null,null,null,"TWOGAUSSIANS",8,211.5487,0.31077486,0.0616813,0.4,0.0,0.12987897,0.054304752,0.7689515,0.051537618,0.4,0.105502024,0.11420477,0.03417144
375316653866487564,675939620878864000,0.55055875,2040.4903333364864,3.666541091572049,1.540651E-5,16.28781,0.022659203,0.28374246,0.0048497366,0.09525579,0.008735018,0.27777165,0.021531792,0.7791381,0.007927388,0.090370744,0.014482244,0.24743623,0.028302649,null,null,null,null,"TWOGAUSSIANS",8,25.28922,0.28374246,0.0048497366,0.4,0.0,0.26472563,0.010279901,0.7791381,0.007927388,0.4,0.0,0.23439068,0.022542955
375316653866487564,675943606608418944,0.5938611,2091.8136760838715,2.736127424353046,1.6573516E-5,16.26031,0.025859734,0.2888644,0.012649194,0.036367845,0.014014041,0.33005327,0.07130614,0.7983704,9.879107E-4,0.04205346,0.0037240623,0.5170314,0.058892883,0.056820586,0.03654269,0.7983704,9.879107E-4,"TWOGAUSSIANS_WITH_ELLIPSOIDAL_ON_ECLIPSE2",9,72.599174,0.7983704,9.879107E-4,0.23549938,0.020854749,0.6306724,0.02253008,0.2891944,0.012419309,0.20365992,0.07847863,0.44330338,0.058362875
375316653866487564,675966799431302912,0.597037,2157.0918381658885,4.420822354297814,1.5672244E-5,18.321272,0.009671398,0.23822865,0.002814983,0.067177504,0.003105327,0.5977386,0.024197225,0.72995454,0.0032492687,0.07224157,0.0032351485,0.6061934,0.012391925,null,null,null,null,"TWOGAUSSIANS",8,7.127292,0.72995454,0.0032492687,0.4,0.008388007,0.6046289,0.012158894,0.23822865,0.002814983,0.376194,0.01738983,0.5961741,0.024237176
375316653866487564,675989889176267648,0.6971289,2123.192910581341,2.4240564908238746,4.958477E-6,13.103439,0.011300681,0.20324233,0.0014638914,0.052451544,0.0058870707,0.28074053,0.020983158,0.70335644,0.0018538693,0.046227552,0.0037991374,0.259429,0.025208607,0.115472846,0.014790718,0.20324233,0.0014638914,"TWOGAUSSIANS_WITH_ELLIPSOIDAL_ON_ECLIPSE1",9,76.9233,0.20324233,0.0014638914,0.29372865,0.032967597,0.5116825,0.011353299,0.70335644,0.0016992158,0.2588743,0.02127517,0.49037084,0.012135113
375316653866487564,676034380741086464,0.6718203,2097.9918682880643,1.7476154492429499,2.360382E-6,12.515702,0.0031080565,0.18184204,0.0020953312,0.04341778,0.010020789,0.0580868,0.06383254,0.6806403,9.5788937E-4,0.05042171,0.001568229,0.19797134,0.0077063027,0.05878359,0.0050410316,0.18184204,0.0020953312,"TWOGAUSSIANS_WITH_ELLIPSOIDAL_ON_ECLIPSE1",9,37.16822,0.6807703,7.258754E-4,0.2823616,0.008782082,0.3155317,0.0049360436,0.18184204,0.0020953312,0.24313956,0.056116417,0.17565314,0.06516738
375316653866487564,676050259236493824,0.48905468,2069.1107673486813,1.1217273396341456,7.79448E-5,17.455393,0.010460609,0.31993586,0.033317715,0.029136555,0.043515988,0.31101257,0.6368908,0.82045954,0.016190689,0.026174815,0.018017113,1.0895935,84.18527,null,null,null,null,"TWOGAUSSIANS",8,48.973976,0.82045954,0.016190689,0.14657897,0.10089584,1.0895935,84.18527,0.31993586,0.033317715,0.1631647,0.24368954,0.31101257,0.6368908
375316653866487564,676097263358494080,0.54231393,2157.2011850514177,4.059803533990512,1.387549E-5,19.414688,0.014844543,0.2651882,0.0032978936,0.07146325,0.0027911847,0.6868939,0.021863243,0.77676815,0.004673712,0.07073577,0.0063403198,0.57927924,0.03414948,null,null,null,null,"TWOGAUSSIANS",8,3.0141883,0.2651882,0.0032978936,0.4,0.008226036,0.6849415,0.021113466,0.77676815,0.004673712,0.39612028,0.027571583,0.57732683,0.03446104
375316653866487564,676123406823798400,0.52885866,2152.689671078276,0.6337774925593795,1.0321136E-6,19.047577,0.0052895327,0.30920655,1.3815529E-5,0.0019061996,5.0084946E-5,0.6887292,0.012394469,0.8099273,5.5130647E-4,0.009448067,5.2718195E-4,0.576047,0.07398179,null,null,null,null,"TWOGAUSSIANS",8,2.6937838,0.30920655,1.3815529E-5,0.010674718,2.8047568E-4,0.6887292,0.012394469,0.8099273,5.5130647E-4,0.052909177,0.002952219,0.576047,0.07398179
375316653866487564,676153956927779072,0.63501155,2098.5823521873976,4.312096348398773,3.4507768E-6,15.584661,0.003336826,0.17947553,0.0012926982,0.09205861,0.0022261932,0.23311156,0.003919763,0.67729264,0.001332089,0.09185814,0.0020151476,0.25034535,0.0036129022,null,null,null,null,"TWOGAUSSIANS",8,5.694444,0.67729264,0.001332089,0.4,0.0,0.23872875,0.002681516,0.17947553,0.0012926982,0.4,0.0,0.22149496,0.0037951905
375316653866487564,676230235546880256,0.6326624,2106.89713861314,3.2773840146323914,5.0591225E-6,14.364274,0.007458501,0.19108234,0.0017400744,0.047701977,0.0054857535,0.22038205,0.015994655,0.69368404,0.003034631,0.051025134,0.005287848,0.30384463,0.04175152,0.09736674,0.01069316,0.19108234,0.0017400744,"TWOGAUSSIANS_WITH_ELLIPSOIDAL_ON_ECLIPSE1",9,118.79278,0.69368404,0.003034631,0.28574076,0.029611949,0.49852335,0.048769217,0.19108234,0.0017400744,0.2671311,0.030720219,0.41511282,0.007537298
375316653866487564,676288574085482880,0.46626648,2119.3758108719867,3.3989209884845857,1.0582873E-4,19.883804,0.022389445,0.25736117,0.02687131,0.12951602,0.05757968,0.08767965,0.024190068,0.81008536,0.0012291446,0.008496966,0.001150733,0.7077193,0.04616673,null,null,null,null,"TWOGAUSSIANS",8,3.0469456,0.81008536,0.0012291446,0.047583014,0.0064441045,0.7078528,0.04668796,0.25736117,0.02687131,0.4,0.0,0.087577865,0.023500819
375316653866487564,676304693103352704,0.5882345,2094.423464031393,2.8888113719608475,1.057633E-5,14.900306,0.03796216,0.2753267,0.0050630076,0.071338445,0.015622866,0.24095178,0.06610812,0.76655155,0.0047912295,0.061434492,0.015909282,0.21793427,0.068658374,0.085267395,0.037021723,0.2753267,0.0050630076,"TWOGAUSSIANS_WITH_ELLIPSOIDAL_ON_ECLIPSE1",9,129.62282,0.2753267,0.0050630076,0.39949527,0.053252243,0.41095498,0.016593747,0.76821154,0.0035591836,0.34403315,0.08909199,0.3875173,0.011801114
375316653866487564,676310495598861696,0.5405589,2108.714123871498,4.622346576548615,7.1556415E-6,19.463741,0.013687565,0.29455623,0.0073997783,0.0698749,0.008306196,0.24869972,0.016749686,0.7896485,0.0035303447,0.07069819,0.0064514545,0.3758147,0.027104106,null,null,null,null,"TWOGAUSSIANS",8,1.3979855,0.7896485,0.0035303447,0.39590988,0.019134685,0.37484917,0.027363542,0.29455623,0.0073997783,0.39129943,0.043382227,0.24773419,0.016062995
375316653866487564,676327920286431232,0.65212077,2134.534224672902,0.3854211013002637,1.6049133E-5,11.851385,7.6472585E-4,0.6406558,0.015280605,0.056886017,0.017454121,0.0082531655,0.0030504363,0.8783513,4.821235E-4,0.020681571,0.0013246656,0.42352068,0.07141077,null,null,null,null,"TWOGAUSSIANS",8,11.1496935,0.8783513,4.821235E-4,0.115816794,0.0074181277,0.42352203,0.07140996,0.6406558,0.015280605,0.31856167,0.09774308,0.0082531655,0.0030504363
375316653866487564,676328293942821632,0.46075806,2096.034153726966,3.239226081681461,2.1014923E-5,19.317667,0.014498761,0.23377998,0.028160598,0.117104106,0.032964293,0.08467941,0.014514156,0.7092907,0.0028484948,0.03445109,0.006818432,0.30618542,0.041444015,null,null,null,null,"TWOGAUSSIANS",8,3.2033348,0.7092907,0.0028484948,0.1929261,0.038183216,0.3057463,0.041550927,0.23377998,0.028160598,0.4,0.0,0.084214285,0.01426434
375316653866487564,676375920840895616,0.5848644,2132.6923410562704,2.068060319940456,8.056235E-6,14.636646,0.053004306,0.20614184,0.0028480787,0.13683382,0.032589898,0.11639045,0.05153646,0.7069238,0.0013539694,0.12593095,0.017014768,0.15722065,0.050437137,null,null,null,null,"TWOGAUSSIANS",8,7.9773145,0.7069438,0.0013674966,0.4,0.0,0.114118725,0.002803843,0.20613185,0.0029199012,0.4,0.0,0.07311371,0.0027347088
375316653866487564,676402996310610560,0.56826067,2092.9589755996753,3.498843825145733,1.0624705E-5,14.22581,0.030237501,0.2438094,0.0023438095,0.099731505,0.012953055,0.23703754,0.026630774,0.74508023,0.0049536494,0.10687909,0.014294814,0.27655146,0.025554534,null,null,null,null,"TWOGAUSSIANS",8,117.93775,0.74508023,0.0049536494,0.4,0.0,0.24951601,0.010238183,0.2438094,0.00234356,0.4,0.0,0.21001025,0.008894239
375316653866487564,676438519983597952,0.51893896,2126.3984755123593,4.553488345181887,2.3007673E-5,19.315054,0.049398296,0.35284206,0.0057380423,0.09220681,0.020018172,0.2333924,0.045453593,0.81636864,0.013744109,0.08992155,0.02396693,0.24348965,0.056714423,null,null,null,null,"TWOGAUSSIANS",8,1.53768,0.81636864,0.013744109,0.4,0.0,0.23726612,0.043235734,0.35284206,0.0057597295,0.4,0.0,0.2271685,0.02338132
375316653866487564,676447904488575104,0.5954093,2082.20668903988,2.9065518087638207,1.4267998E-5,15.236369,0.0579336,0.19307403,0.0035045387,0.031711362,0.042551454,0.09287324,0.10191995,0.69820064,0.004360823,0.046405397,0.036990184,0.17051746,0.10104929,0.107249156,0.064475566,0.69820064,0.004360823,"TWOGAUSSIANS_WITH_ELLIPSOIDAL_ON_ECLIPSE2",9,63.92244,0.69820064,0.004360823,0.2598702,0.19302751,0.38501516,0.030652547,0.19386403,0.0026052669,0.17758362,0.23828815,0.3071829,0.031805713
375316653866487564,676458556007623808,0.57851064,2130.856758520516,4.051615417397795,8.457488E-6,17.122961,0.030544737,0.23616502,0.002149813,0.05061529,0.014743822,0.3096154,0.062253594,0.7441191,0.0035047247,0.048543915,0.009554551,0.35038117,0.06557463,0.11450453,0.039388377,0.7441191,0.0035047247,"TWOGAUSSIANS_WITH_ELLIPSOIDAL_ON_ECLIPSE2",9,25.525976,0.7441191,0.0035047247,0.2718459,0.053505488,0.57938766,0.025896125,0.23719501,0.0015454126,0.28344563,0.0825654,0.5381246,0.094500914
375316653866487564,676505113452857216,0.59845644,2118.527514894126,3.0541617240630714,1.1791322E-5,14.967172,0.029224347,0.27718115,0.0038181108,0.048932265,0.012042867,0.36406538,0.03758835,0.774868,0.003923318,0.064851105,0.009524244,0.35631612,0.06646222,0.10234297,0.03293914,0.774868,0.003923318,"TWOGAUSSIANS_WITH_ELLIPSOIDAL_ON_ECLIPSE2",9,131.08667,0.27696115,0.0033946491,0.2740207,0.067440055,0.56850356,0.046067204,0.774868,0.003923318,0.36316618,0.053335764,0.56079334,0.04521068
375316653866487564,676505418394556416,0.6385591,2131.626238673812,4.337342069245402,5.112527E-6,18.715422,0.007789068,0.27299154,0.0016081451,0.044253487,0.0037685547,0.51805335,0.05782684,0.77273595,0.0025817256,0.039831143,0.0042936173,0.41247985,0.030615488,0.1463317,0.010608621,0.27299154,0.0016081451,"TWOGAUSSIANS_WITH_ELLIPSOIDAL_ON_ECLIPSE1",9,1.5318743,0.27299154,0.0016081451,0.24781953,0.021103906,0.8107167,0.06096282,0.772756,0.0024444435,0.2230544,0.024044257,0.70514244,0.033026088
375316653866487564,676508205829329152,0.5717795,2144.24147958266,2.2811831305090307,1.1614476E-5,14.154511,0.05258052,0.25033206,0.005433276,0.115248725,0.04548645,0.13177964,0.040303126,0.74150497,0.003001458,0.11088437,0.016566206,0.2275291,0.048578124,null,null,null,null,"TWOGAUSSIANS",8,51.94355,0.74150497,0.003001458,0.4,0.0,0.20044193,0.00606887,0.25035208,0.0054526804,0.4,0.0,0.10468835,0.014188738
375316653866487564,676508583786449152,0.44146645,2115.3375820367796,0.15616242826664517,3.5502057E-5,16.743605,0.0037774448,0.2997213,0.059006944,0.10243494,0.06116708,0.07923816,0.04996929,0.84164226,0.0017612164,0.026164008,0.014227867,0.36304185,0.32331616,null,null,null,null,"TWOGAUSSIANS",8,16.168966,0.84164226,0.0017612164,0.14651845,0.079676054,0.36302146,0.32338384,0.2997213,0.059006944,0.4,0.13948359,0.07921411,0.050004203
375316653866487564,676517105001541760,0.4943194,2113.9235133683082,0.9216597367715476,1.0434163E-5,13.370493,0.00860565,0.2383059,0.0062366966,0.1083046,0.016735598,0.04048652,0.008530047,0.73890054,0.00528599,0.11614068,0.023523608,0.039251674,0.007768977,null,null,null,null,"TWOGAUSSIANS",8,10.151146,0.2383059,0.0062521705,0.4,0.0,0.03387503,0.0022399016,0.73890054,0.0052849296,0.4,0.0,0.032634676,0.0013486351
375316653866487564,676573145735099136,0.5895951,2107.3763897627923,3.213835939274224,6.879467E-6,15.542137,0.043085333,0.26061508,0.005932197,0.06737223,0.0068129343,0.48299944,0.10382263,0.7714142,0.0025446399,0.060933106,0.009148365,0.42440304,0.083597004,0.059450395,0.047147952,0.7714142,0.0025446399,"TWOGAUSSIANS_WITH_ELLIPSOIDAL_ON_ECLIPSE2",9,118.30074,0.26148507,0.0050452603,0.3772845,0.03815243,0.6010384,0.055502724,0.7714142,0.0025446399,0.3412254,0.05123084,0.54294443,0.02335636
375316653866487564,676584347009743232,0.45653883,2039.8431313266658,0.02526191336674953,5.5876535E-5,15.043978,0.0011883795,0.20847096,0.06164527,0.030665485,0.02009775,0.30479106,0.46143654,0.6467445,0.010911204,0.061684724,0.008434637,0.08508551,0.020863852,null,null,null,null,"TWOGAUSSIANS",8,5.8679714,0.20847096,0.06164527,0.17172672,0.11254739,0.30479103,0.46143654,0.6467445,0.010911204,0.34543446,0.04723397,0.085085504,0.020863874
375316653866487564,676596437340989056,0.4675095,2146.0974367349686,1.6210197753294622,2.0641544E-5,18.685022,0.005512532,0.1833428,0.007460139,0.082681514,0.015108378,0.0934486,0.005289982,0.64652336,0.0075742966,0.07310334,0.007999567,0.08549407,0.007177292,null,null,null,null,"TWOGAUSSIANS",8,1.0939429,0.1833428,0.007460139,0.4,0.0,0.09297634,0.00507462,0.64652336,0.0075742966,0.4,0.016798748,0.085021816,0.006866631
375316653866487564,676599740172568960,0.5697857,2152.0330853075966,2.064271952520981,4.1702597E-6,18.203722,0.021590674,0.26948965,0.03938238,0.21969683,0.11627023,0.034748204,0.02171574,0.87380075,0.0034030664,0.020680001,0.0021225356,0.6341591,0.035630118,null,null,null,null,"TWOGAUSSIANS",8,6.0590134,0.87383074,0.0034173238,0.11580801,0.0118862,0.63659734,0.036984812,0.26948965,0.03938238,0.4,0.0,0.029533917,0.01084237
375316653866487564,676609051660361600,0.5979543,2117.171826360476,4.56805311832474,1.138425E-5,16.763102,0.014130425,0.2502436,0.0045325034,0.037720323,0.0052035106,0.37910077,0.078550585,0.7531599,0.0043554255,0.041937985,0.0056277076,0.5843577,0.03785274,0.16734813,0.020932047,0.2502436,0.0045325034,"TWOGAUSSIANS_WITH_ELLIPSOIDAL_ON_ECLIPSE1",9,47.370758,0.7531599,0.0043554255,0.2348527,0.031515162,0.91894084,0.0325876,0.2502436,0.0045325034,0.2112338,0.02913966,0.71379626,0.06744645
375316653866487564,676622447663047680,0.49168208,2126.4881569729673,1.6732125108066724,5.6317625E-5,18.880892,0.011863548,0.16482086,0.021044567,0.054664288,0.03414773,0.07674022,0.03002416,0.55696845,0.01782891,0.13533576,0.02041425,0.14897463,0.013780905,null,null,null,null,"TWOGAUSSIANS",8,2.4393399,0.55696845,0.01782891,0.4,0.0,0.14761098,0.011335421,0.16675086,0.01709273,0.30612,0.11147447,0.07766717,0.033465337
375316653866487564,676695363324161664,0.62889344,2189.2236789971003,2.860290804952639,8.359772E-6,15.348794,0.014360824,0.23442508,0.001658538,0.04616899,0.0043837694,0.3281322,0.03135278,0.7316339,0.0031275027,0.05961204,0.005728266,0.48720554,0.029546838,0.090176105,0.01655784,0.23442508,0.001658538,"TWOGAUSSIANS_WITH_ELLIPSOIDAL_ON_ECLIPSE1",9,109.903496,0.7318939,0.0028094333,0.33382744,0.032078292,0.66744685,0.019287951,0.23442508,0.001658538,0.25854635,0.02454911,0.50842375,0.021992886
375316653866487564,676696325396833408,0.6131639,2192.970358657345,1.6806904532078946,5.65035E-6,12.9707365,0.007808252,0.18044622,0.0050490964,0.036390718,0.016158907,0.052422233,0.014849316,0.6944707,0.0043205963,0.055752154,0.0056683808,0.09257914,0.01672071,0.07186937,0.007863293,0.18044622,0.0050490964,"TWOGAUSSIANS_WITH_ELLIPSOIDAL_ON_ECLIPSE1",9,64.040504,0.6944707,0.0043205963,0.31221205,0.03174293,0.23520342,0.006741875,0.18044622,0.0050490964,0.20378803,0.09048987,0.19615972,0.0074608834
