Gaia/vari_eclipsing_binary/VariEclipsingBinary_666284-666301.csv
# %ECSV 1.0
# ---
# delimiter: ','
# meta: !!omap
# - RELEASE: Gaia DR3
# - TABLE: vari_eclipsing_binary
# - DESCRIPTION: >
#     This table describes the properties of the eclipsing binaries resulting from the variability analysis. 
# - CITATION: >
#     How to cite and acknowledge Gaia: 
#     https://gea.esac.esa.int/archive/documentation/credits.html 
# - KNOWN_ISSUES: >
#     Known issues: 
#     https://www.cosmos.esa.int/web/gaia-users/known-issues 
# - DOCUMENTATION: >
#     Tutorials and documentation: 
#     https://www.cosmos.esa.int/web/gaia-users/archive 
# datatype:
# - 
#   name: solution_id
#   datatype: int64
#   description: Solution Identifier
#   meta:
#     ucd: meta.version
# - 
#   name: source_id
#   datatype: int64
#   description: Unique source identifier
#   meta:
#     ucd: meta.id;meta.main
# - 
#   name: global_ranking
#   datatype: float32
#   description: Number between 0 (worst) and 1 (best)
#   meta:
#     ucd: stat.param
# - 
#   name: reference_time
#   datatype: float64
#   unit: d
#   description: Reference time used for the geometric model fit
#   meta:
#     ucd: time.epoch
# - 
#   name: frequency
#   datatype: float64
#   unit: d**-1
#   description: Frequency of geometric model of the eclipsing binary light curve
#   meta:
#     ucd: src.orbital
# - 
#   name: frequency_error
#   datatype: float32
#   unit: d**-1
#   description: "Uncertainty of \\texttt{frequency}"
#   meta:
#     ucd: stat.error
# - 
#   name: geom_model_reference_level
#   datatype: float32
#   unit: mag
#   description: Magnitude reference level of geometric model
#   meta:
#     ucd: phot.mag;em.opt
# - 
#   name: geom_model_reference_level_error
#   datatype: float32
#   unit: mag
#   description: "Uncertainty of \\texttt{geomModelReferenceLevel}"
#   meta:
#     ucd: stat.error;phot.mag;em.opt
# - 
#   name: geom_model_gaussian1_phase
#   datatype: float32
#   description: Phase of the Gaussian 1 component
#   meta:
#     ucd: time.phase
# - 
#   name: geom_model_gaussian1_phase_error
#   datatype: float32
#   description: "Uncertainty of \\texttt{geomModelGaussian1Phase}"
#   meta:
#     ucd: stat.error;time.phase
# - 
#   name: geom_model_gaussian1_sigma
#   datatype: float32
#   description: "Standard deviation [phase] of Gaussian 1 component"
#   meta:
#     ucd: stat.stdev
# - 
#   name: geom_model_gaussian1_sigma_error
#   datatype: float32
#   description: "Uncertainty of \\texttt{geomModelGaussian1Sigma}"
#   meta:
#     ucd: stat.error
# - 
#   name: geom_model_gaussian1_depth
#   datatype: float32
#   unit: mag
#   description: Magnitude depth of Gaussian 1 component
#   meta:
#     ucd: src.var.amplitude
# - 
#   name: geom_model_gaussian1_depth_error
#   datatype: float32
#   unit: mag
#   description: "Uncertainty of \\texttt{geomModelGaussian1Depth}"
#   meta:
#     ucd: stat.error;src.var.amplitude
# - 
#   name: geom_model_gaussian2_phase
#   datatype: float32
#   description: Phase of Gaussian 2 component
#   meta:
#     ucd: time.phase
# - 
#   name: geom_model_gaussian2_phase_error
#   datatype: float32
#   description: "Uncertainty of \\texttt{geomModelGaussian2Phase}"
#   meta:
#     ucd: stat.error;time.phase
# - 
#   name: geom_model_gaussian2_sigma
#   datatype: float32
[...]
#   datatype: float32
#   description: "Secondary eclipse: uncertainty of \\texttt{derivedSecondaryEclDuration}"
#   meta:
#     ucd: stat.error;time.duration
# - 
#   name: derived_secondary_ecl_depth
#   datatype: float32
#   unit: mag
#   description: "Secondary eclipse: depth"
#   meta:
#     ucd: src.var.amplitude
# - 
#   name: derived_secondary_ecl_depth_error
#   datatype: float32
#   unit: mag
#   description: "Secondary eclipse: uncertainty of \\texttt{derivedSecondaryEclDepth}"
#   meta:
#     ucd: stat.error;src.var.amplitude
solution_id,source_id,global_ranking,reference_time,frequency,frequency_error,geom_model_reference_level,geom_model_reference_level_error,geom_model_gaussian1_phase,geom_model_gaussian1_phase_error,geom_model_gaussian1_sigma,geom_model_gaussian1_sigma_error,geom_model_gaussian1_depth,geom_model_gaussian1_depth_error,geom_model_gaussian2_phase,geom_model_gaussian2_phase_error,geom_model_gaussian2_sigma,geom_model_gaussian2_sigma_error,geom_model_gaussian2_depth,geom_model_gaussian2_depth_error,geom_model_cosine_half_period_amplitude,geom_model_cosine_half_period_amplitude_error,geom_model_cosine_half_period_phase,geom_model_cosine_half_period_phase_error,model_type,num_model_parameters,reduced_chi2,derived_primary_ecl_phase,derived_primary_ecl_phase_error,derived_primary_ecl_duration,derived_primary_ecl_duration_error,derived_primary_ecl_depth,derived_primary_ecl_depth_error,derived_secondary_ecl_phase,derived_secondary_ecl_phase_error,derived_secondary_ecl_duration,derived_secondary_ecl_duration_error,derived_secondary_ecl_depth,derived_secondary_ecl_depth_error
[from data line 509]
375316653866487564,5860803662240157696,0.4717839,2221.63081651262,0.8760002219664063,1.7483178E-5,18.193703,0.046069514,0.19376233,0.0073760757,0.09946931,0.019039836,0.29365185,0.04068064,0.68593484,0.0067879073,0.07569309,0.024464766,0.5140234,0.1023129,null,null,null,null,"TWOGAUSSIANS",8,13.068645,0.68593484,0.0067879073,0.4,7.5854047E-4,0.5030642,0.12771723,0.19376233,0.0073760757,0.4,0.0,0.2826906,0.026127132
375316653866487564,5860803662240228224,0.5011556,2249.323880940353,2.300594788547734,2.4724399E-5,15.998342,0.20858188,0.15316485,0.008686147,0.29273537,0.03726236,1.3642684,0.20196308,0.6389787,0.0045181424,0.14967215,0.01737732,0.9136992,0.25245497,null,null,null,null,"TWOGAUSSIANS",8,40.545155,0.6389787,0.0045181424,0.4,0.0,0.35850158,0.012069894,0.15699485,0.0072766826,0.4,0.0,0.18840963,0.016821405
375316653866487564,5860803760990645504,0.61002403,2255.3043888949105,2.761245790546449,3.4326138E-6,16.796198,0.009111393,0.19465981,0.0016463402,0.047934227,0.0030965642,0.33591816,0.01993985,0.70556265,0.0041972045,0.047398355,0.0030148146,0.30991882,0.022512747,0.11656737,0.012981506,0.70556265,0.0041972045,"TWOGAUSSIANS_WITH_ELLIPSOIDAL_ON_ECLIPSE2",9,21.110447,0.19587982,0.0012125678,0.26843166,0.017340759,0.56808174,0.0114570875,0.70556265,0.0041972045,0.2654308,0.016882962,0.54305303,0.010045018
375316653866487564,5860803971477902080,0.5298999,2218.251281078624,2.8077018367178908,1.226393E-5,18.662256,0.013766063,0.25927138,0.0031531563,0.09883591,0.00612176,0.25725326,0.013478886,0.7480721,0.007138374,0.09982197,0.011377848,0.25850937,0.012704513,null,null,null,null,"TWOGAUSSIANS",8,2.7800426,0.7480721,0.007138374,0.4,0.0,0.23969318,0.008845005,0.25927138,0.0031524324,0.4,0.0,0.23843752,0.008149547
375316653866487564,5860804001530839168,0.43345094,2238.1996278737665,1.4208840070927802,3.8990423E-5,18.655825,0.008350902,0.24738225,0.01793112,0.02604461,0.025411857,0.096881635,1222.4548,0.7125853,0.0027071105,0.022507446,0.0050920728,0.120874785,0.017108453,0.032867137,0.011662669,0.24738225,0.01793112,"TWOGAUSSIANS_WITH_ELLIPSOIDAL_ON_ECLIPSE1",9,7.2071095,0.71330523,0.002480529,0.1260417,0.028515609,0.18357944,0.016103888,0.24738225,0.01793112,0.14584982,0.1423064,0.16261588,1222.4623
375316653866487564,5860804693032704128,0.57147545,2229.189820333772,2.543579199287188,8.9821815E-6,18.952635,0.0074603804,0.28079885,0.004564843,0.06943875,0.0035996211,0.48643374,0.028107975,0.7730809,0.0021260385,0.064942464,0.0025148804,0.6385413,0.015764952,null,null,null,null,"TWOGAUSSIANS",8,3.2939336,0.7730809,0.0021260385,0.3636778,0.01408333,0.6376606,0.015795682,0.28079885,0.004564843,0.388857,0.02015788,0.48555312,0.028155694
375316653866487564,5860805169739918080,0.53875875,2248.268020252395,1.8963921548704956,1.0710434E-5,18.436699,0.012229959,0.24023023,0.0027215572,0.039025303,0.011122773,0.194201,0.026676375,0.7424418,0.012263976,0.04144086,0.017009204,0.1528982,0.031077001,0.15919389,0.015830029,0.24023023,0.0027215572,"TWOGAUSSIANS_WITH_ELLIPSOIDAL_ON_ECLIPSE1",9,9.608171,0.24023023,0.0027215572,0.2185417,0.062287528,0.512588,0.0147884125,0.7424418,0.0118035935,0.2320688,0.095251545,0.47122377,0.04020568
375316653866487564,5860805341567399936,0.57198316,2226.9623071345045,0.3706320684738755,3.3885074E-6,18.758831,0.004607396,0.22128983,6.992812E-4,0.043998066,0.0015441844,0.61819947,0.026183233,0.7348843,0.013891075,0.06435801,0.008856902,0.21665138,0.018323904,null,null,null,null,"TWOGAUSSIANS",8,2.3098295,0.22128983,6.992812E-4,0.24638917,0.008647433,0.61819094,0.0261865,0.7348843,0.013891075,0.36040485,0.049598653,0.21664284,0.018330907
375316653866487564,5860805483306911104,0.51483715,2209.9842771043764,2.9324021666227,1.1254344E-5,19.073124,0.011590559,0.2537418,0.0050158496,0.08609951,0.0061890204,0.4247169,0.03302446,0.7648628,0.0048915143,0.062155668,0.006469632,0.39016062,0.0141642485,null,null,null,null,"TWOGAUSSIANS",8,5.2883306,0.2537418,0.0050158496,0.4,0.0,0.42259473,0.033347446,0.7648628,0.0048915143,0.34807175,0.03622994,0.3880385,0.013618537
375316653866487564,5860805517710772736,0.64914346,2217.746651567797,1.076184612493575,8.164214E-6,16.554382,0.015898434,0.26237857,0.009942913,0.043168616,0.011348066,0.21179008,0.045165114,0.7586395,0.0016910384,0.071059205,0.0078593725,0.15182798,0.030688569,0.10560054,0.01678212,0.7586395,0.0016910384,"TWOGAUSSIANS_WITH_ELLIPSOIDAL_ON_ECLIPSE2",9,7.2916365,0.26189858,0.008600558,0.24174425,0.06354917,0.42258427,0.017824944,0.7586395,0.0016910384,0.39793155,0.02326963,0.3627238,0.007755919
375316653866487564,5860805650775095424,0.51996315,2195.766543518121,0.61291,1.1900012E-6,17.602007,0.0018581125,0.10692615,0.012884109,0.018184388,0.014084726,0.13010854,0.11002765,0.7023927,4.5025718E-5,0.006857008,5.0623046E-5,0.42943248,0.0027284157,null,null,null,null,"TWOGAUSSIANS",8,4.288541,0.7023927,4.5025718E-5,0.038399246,2.8348906E-4,0.42943248,0.0027284157,0.10692615,0.012884109,0.101832576,0.07887446,0.13010854,0.11002765
375316653866487564,5860805655105857792,0.49247065,2208.8451480071963,2.5440129639771962,1.3291833E-5,19.220226,0.015230016,0.31901965,0.0067137987,0.08307397,0.010283213,0.29659474,0.02568912,0.8158722,0.0039362623,0.09034191,0.007976827,0.26802996,0.01494953,null,null,null,null,"TWOGAUSSIANS",8,3.0668426,0.31901965,0.0067137987,0.4,0.0,0.28824463,0.027712988,0.8158722,0.0039362623,0.4,0.0,0.25967973,0.011555657
375316653866487564,5860805891292962560,0.5548663,2205.6601321148796,1.7143613452590032,5.125726E-6,17.672737,0.009847344,0.15942101,0.0027599374,0.09357632,0.004353119,0.28878734,0.010073277,0.65860677,0.004899931,0.10015419,0.007440109,0.22667488,0.011559934,null,null,null,null,"TWOGAUSSIANS",8,3.3898187,0.15942101,0.0027599374,0.4,0.0,0.2708034,0.005775376,0.65860677,0.004899931,0.4,0.0,0.20868956,0.009862357
375316653866487564,5860806273625423616,0.52607125,2289.3383541635694,0.28363304715760235,5.0615276E-6,17.514456,0.0013410824,0.44282722,0.012454404,0.011369248,0.00936466,0.01608229,0.02495474,0.7129503,1.6851042E-4,0.009196149,2.2051686E-4,0.25910154,0.011752916,null,null,null,null,"TWOGAUSSIANS",8,1.9300102,0.7129503,1.6851042E-4,0.051498435,0.0012348944,0.25910154,0.011752916,0.44282722,0.012454404,0.06366779,0.052442096,0.01608229,0.02495474
375316653866487564,5860806376661753472,0.52493715,2261.4469278653996,2.8400516816008055,9.575309E-6,19.30671,0.013866613,0.27334785,0.0050549055,0.06664799,0.0061558373,0.5610204,0.03547199,0.77433085,0.0022395276,0.068056926,0.005011034,0.51260155,0.01967442,null,null,null,null,"TWOGAUSSIANS",8,4.6590962,0.27334785,0.0050549055,0.37322876,0.03447269,0.5599572,0.035787415,0.77433085,0.0022395276,0.38111877,0.028061792,0.5115383,0.019845307
375316653866487564,5860806514100617344,0.46425813,2245.5545749256585,2.482491072171576,2.6527583E-5,19.023096,0.017710086,0.26101926,0.017835256,0.06769279,0.024261985,0.3455145,0.11624157,0.7778306,0.0060628704,0.07369848,0.0075324355,0.29329124,0.03147659,null,null,null,null,"TWOGAUSSIANS",8,11.894342,0.26101926,0.017835256,0.37907958,0.062463854,0.34471893,0.119120896,0.7778306,0.0060628704,0.4,0.0031813616,0.29249567,0.030662881
375316653866487564,5860806514143554688,0.5659105,2271.7486350466293,2.720630952454839,8.479717E-6,17.836174,0.01152396,0.2525491,0.0034251432,0.074806444,0.005693817,0.3399439,0.013126936,0.7529604,0.0020677045,0.07947049,0.0038243064,0.3903623,0.013104146,null,null,null,null,"TWOGAUSSIANS",8,8.054839,0.7529604,0.0020677045,0.4,0.0,0.38657263,0.012106671,0.2525491,0.0034251432,0.4,4.2486718E-4,0.33615422,0.012669116
375316653866487564,5860806548503315584,0.49140275,2304.046562194118,1.1611689144510184,1.6986223E-5,18.600296,0.0083990125,0.27532947,0.0037400546,0.03256674,0.007701155,0.4315416,0.12776257,0.7576617,0.046489153,0.03858687,0.03364061,0.060720228,0.05021446,0.08208265,0.016459016,0.27532947,0.0037400546,"TWOGAUSSIANS_WITH_ELLIPSOIDAL_ON_ECLIPSE1",9,9.564838,0.27532947,0.0037400546,0.18237376,0.043126468,0.59570664,0.13829385,0.76193166,0.037535015,0.21608646,0.18838741,0.22335404,0.05126463
375316653866487564,5860806647208675840,0.5688708,2290.0590012375446,0.356825677751949,4.8755934E-5,17.122765,0.002048613,0.14524016,0.06192898,0.03869783,0.04309715,0.011465938,0.083028674,0.7439929,0.009113223,0.015367766,0.005877494,0.2916337,0.07306974,null,null,null,null,"TWOGAUSSIANS",8,4.384616,0.7439929,0.009113223,0.08605949,0.032913968,0.2916337,0.07306974,0.14524016,0.06192898,0.21670786,0.24134403,0.011465938,0.083028674
375316653866487564,5860806715949696768,0.4771841,2240.999345052518,1.0720302708598346,1.8983909E-6,19.135035,0.008251838,0.2579807,0.0023349584,0.024714032,0.0044646873,0.5196877,0.4302377,0.7584367,0.021565478,0.030034011,0.054425586,0.4412302,0.3875806,null,null,null,null,"TWOGAUSSIANS",8,3.6372185,0.2579807,0.0023349584,0.13839857,0.02500225,0.5196877,0.43023783,0.7584367,0.021565478,0.16819046,0.22741127,0.4412302,0.38758302
375316653866487564,5860806788976639104,0.5326727,2258.941204692787,2.6230778909399586,1.7217024E-5,18.960701,0.017669957,0.2336815,0.0060520545,0.08536631,0.009149857,0.36674303,0.018182267,0.7297831,0.002959409,0.09706964,0.006396062,0.32694164,0.01834509,null,null,null,null,"TWOGAUSSIANS",8,2.6657102,0.2336815,0.0060520545,0.4,0.0,0.35157788,0.010558388,0.7297831,0.002959409,0.4,0.0,0.31177536,0.013330749
375316653866487564,5860806819028514944,0.5911824,2260.844216167277,1.4411504359548324,6.3680254E-6,18.372492,0.005709366,0.19657259,7.649541E-4,0.052266087,0.0027397897,0.4902007,0.04150207,0.7055527,0.008524394,0.04064561,0.009124366,0.052731577,0.040811144,0.08984874,0.009472019,0.19657259,7.649541E-4,"TWOGAUSSIANS_WITH_ELLIPSOIDAL_ON_ECLIPSE1",9,3.0053077,0.19657259,7.649541E-4,0.2926901,0.015342822,0.6698927,0.04460253,0.7055527,0.008524394,0.22761542,0.051096447,0.23185213,0.036490697
375316653866487564,5860807029496634240,0.5471355,2230.9075710343477,3.8159209352978642,8.811345E-6,19.903082,0.024391353,0.23077357,0.0026657388,0.047761638,0.008190282,0.38364065,0.047710694,0.7456504,0.0062635713,0.034550034,0.0068212035,0.43577793,0.13673574,0.1385558,0.027931262,0.23077357,0.0026657388,"TWOGAUSSIANS_WITH_ELLIPSOIDAL_ON_ECLIPSE1",9,3.1034272,0.7456504,0.0062635713,0.1934802,0.03819874,0.71047443,0.13411176,0.23077357,0.0026657388,0.26746517,0.045865577,0.66075134,0.04322597
375316653866487564,5860807300043744896,0.48818046,2271.962093445124,3.060850616556121,1.710439E-5,17.437136,0.12969251,0.24518408,0.0026551327,0.19495744,0.022475276,0.8526582,0.12145114,0.7461309,0.0028325105,0.17028634,0.011664565,0.8332234,0.09977727,null,null,null,null,"TWOGAUSSIANS",8,9.239133,0.7465909,0.003108116,0.4,0.0,0.24025464,0.00860235,0.24484408,0.0027740814,0.4,0.0,0.21845089,0.012702316
375316653866487564,5860807819813241472,0.5761425,2225.0963204923783,2.5354817395721456,9.205542E-6,18.51701,0.010637543,0.27335453,0.00199046,0.080796465,0.0033446818,0.4199397,0.010339707,0.7705601,0.0038376825,0.08534682,0.006037697,0.45096382,0.015852788,null,null,null,null,"TWOGAUSSIANS",8,3.4510791,0.7705601,0.0038376825,0.4,0.0,0.44202557,0.016578803,0.27335453,0.00199046,0.4,0.0,0.41100147,0.007642119
375316653866487564,5860807854130279552,0.48705786,2254.867414676078,3.2099305773172135,1.1473139E-5,19.255762,0.010194019,0.28846675,0.0109973755,0.016650556,0.023066526,0.20463413,0.15820944,0.81113255,0.0035466931,0.037858587,0.005971925,0.33386788,0.1024831,0.17663871,0.02150338,0.81113255,0.0035466931,"TWOGAUSSIANS_WITH_ELLIPSOIDAL_ON_ECLIPSE2",9,10.428863,0.81113255,0.0035466931,0.21200809,0.03344278,0.68714523,0.099139206,0.28928676,0.012606918,0.09324311,0.12917255,0.55104923,0.15642075
375316653866487564,5860807991612142976,0.5255643,2235.0566673038966,1.5967995510506041,2.1665128E-5,16.840794,0.0016209345,0.730052,0.003185346,0.018253498,0.0028573659,0.32542607,0.021257851,null,null,null,null,null,null,null,null,null,null,"ONEGAUSSIAN",5,15.494557,0.730052,0.003185346,0.10221958,0.016001249,0.32542607,0.0,null,null,null,null,null,null
375316653866487564,5860808605712214016,0.5066358,2204.0518916733645,0.4203926510719708,4.2434194E-6,11.477009,7.1718416E-4,0.3075183,0.017776297,0.06792262,0.015071488,0.0070224456,0.0047232476,0.7279835,0.0016633025,0.021869099,0.0049719475,0.020847704,0.0023650639,0.026902677,9.092279E-4,0.7279835,0.0016633025,"TWOGAUSSIANS_WITH_ELLIPSOIDAL_ON_ECLIPSE2",9,14.408783,0.7279835,0.0016633025,0.12246695,0.027842905,0.07465301,0.003020723,0.24279831,0.015042586,0.38036668,0.08440033,0.05780045,0.0025853924
375316653866487564,5860808816201783936,0.44795135,2217.5605839436002,3.0069170906909326,3.705046E-5,19.174696,0.009014414,0.3089549,0.018663699,0.05339017,0.014329947,0.14806756,0.021759642,0.84133846,0.011034741,0.053304397,0.012756838,0.08914119,0.021687843,null,null,null,null,"TWOGAUSSIANS",8,3.741218,0.3089549,0.018663699,0.29898494,0.0802477,0.14806665,0.02175202,0.84133846,0.011034741,0.29850462,0.07143829,0.08914029,0.021689149
375316653866487564,5860808919281284480,0.5687742,2239.772070425357,2.69886611259584,1.0448187E-5,18.867577,0.009703234,0.13436896,0.0032847326,0.06128389,0.0037874414,0.48166806,0.024084821,0.6316652,0.002944847,0.06907991,0.004033938,0.5902303,0.027173225,null,null,null,null,"TWOGAUSSIANS",8,4.687683,0.6316652,0.002944847,0.3868475,0.02232648,0.5895982,0.027322799,0.13436896,0.0032847326,0.34318978,0.021209672,0.48103595,0.024134982
375316653866487564,5860809194202942592,0.62057644,2226.1395883059336,1.390319067874042,8.368296E-6,17.072832,0.0038637242,0.31626073,0.0016917356,0.07093706,0.0022788218,0.23973593,0.008004702,0.81635165,0.001999212,0.08434684,0.0023988395,0.17346145,0.00517472,null,null,null,null,"TWOGAUSSIANS",8,3.0897233,0.31626073,0.0016917356,0.39724752,0.012128938,0.23750103,0.007983056,0.81635165,0.001999212,0.4,0.0,0.17122653,0.004835259
375316653866487564,5860809400361287680,0.6077605,2260.704669206029,1.2519075092107879,3.9772794E-6,15.739521,0.003665754,0.3402239,5.882793E-4,0.04688704,0.0016498929,0.22793126,0.006843362,0.84596694,0.0030226484,0.043411516,0.0063363058,0.050441187,0.007309724,0.039513335,0.004156022,0.3402239,5.882793E-4,"TWOGAUSSIANS_WITH_ELLIPSOIDAL_ON_ECLIPSE1",9,13.762,0.3402239,5.882793E-4,0.26256743,0.0092394,0.30695772,0.0053983643,0.84596694,0.0030226484,0.24310449,0.03548331,0.12936479,0.002050952
375316653866487564,5860809469036971520,0.5215453,2225.493333188092,3.4787873363251185,2.1016285E-5,18.86464,0.10653285,0.22769274,0.005988287,0.12170423,0.028301196,0.26557827,0.10375037,0.7241729,0.005026019,0.1165046,0.025900649,0.28625485,0.103706315,null,null,null,null,"TWOGAUSSIANS",8,2.1358528,0.7241729,0.005026019,0.4,0.0,0.22740425,0.013797317,0.22770274,0.0060251094,0.4,0.0,0.20666982,0.0147776315
375316653866487564,5860809537800287104,0.5694292,2219.9137612019736,1.5492710633118238,7.1432078E-6,18.652847,0.005198286,0.26555058,0.0046012686,0.046410315,0.0060136714,0.19637288,0.016601594,0.75919,0.0024923221,0.039363693,0.0021182094,0.62923855,0.032250956,null,null,null,null,"TWOGAUSSIANS",8,4.812386,0.75919,0.0024923221,0.22043668,0.0118619725,0.62923855,0.032250963,0.26555058,0.0046012686,0.25989777,0.03367656,0.19637287,0.016601626
