Gaia/vari_eclipsing_binary/VariEclipsingBinary_415452-417656.csv
# %ECSV 1.0
# ---
# delimiter: ','
# meta: !!omap
# - RELEASE: Gaia DR3
# - TABLE: vari_eclipsing_binary
# - DESCRIPTION: >
#     This table describes the properties of the eclipsing binaries resulting from the variability analysis. 
# - CITATION: >
#     How to cite and acknowledge Gaia: 
#     https://gea.esac.esa.int/archive/documentation/credits.html 
# - KNOWN_ISSUES: >
#     Known issues: 
#     https://www.cosmos.esa.int/web/gaia-users/known-issues 
# - DOCUMENTATION: >
#     Tutorials and documentation: 
#     https://www.cosmos.esa.int/web/gaia-users/archive 
# datatype:
# - 
#   name: solution_id
#   datatype: int64
#   description: Solution Identifier
#   meta:
#     ucd: meta.version
# - 
#   name: source_id
#   datatype: int64
#   description: Unique source identifier
#   meta:
#     ucd: meta.id;meta.main
# - 
#   name: global_ranking
#   datatype: float32
#   description: Number between 0 (worst) and 1 (best)
#   meta:
#     ucd: stat.param
# - 
#   name: reference_time
#   datatype: float64
#   unit: d
#   description: Reference time used for the geometric model fit
#   meta:
#     ucd: time.epoch
# - 
#   name: frequency
#   datatype: float64
#   unit: d**-1
#   description: Frequency of geometric model of the eclipsing binary light curve
#   meta:
#     ucd: src.orbital
# - 
#   name: frequency_error
#   datatype: float32
#   unit: d**-1
#   description: "Uncertainty of \\texttt{frequency}"
#   meta:
#     ucd: stat.error
# - 
#   name: geom_model_reference_level
#   datatype: float32
#   unit: mag
#   description: Magnitude reference level of geometric model
#   meta:
#     ucd: phot.mag;em.opt
# - 
#   name: geom_model_reference_level_error
#   datatype: float32
#   unit: mag
#   description: "Uncertainty of \\texttt{geomModelReferenceLevel}"
#   meta:
#     ucd: stat.error;phot.mag;em.opt
# - 
#   name: geom_model_gaussian1_phase
#   datatype: float32
#   description: Phase of the Gaussian 1 component
#   meta:
#     ucd: time.phase
# - 
#   name: geom_model_gaussian1_phase_error
#   datatype: float32
#   description: "Uncertainty of \\texttt{geomModelGaussian1Phase}"
#   meta:
#     ucd: stat.error;time.phase
# - 
#   name: geom_model_gaussian1_sigma
#   datatype: float32
#   description: "Standard deviation [phase] of Gaussian 1 component"
#   meta:
#     ucd: stat.stdev
# - 
#   name: geom_model_gaussian1_sigma_error
#   datatype: float32
#   description: "Uncertainty of \\texttt{geomModelGaussian1Sigma}"
#   meta:
#     ucd: stat.error
# - 
#   name: geom_model_gaussian1_depth
#   datatype: float32
#   unit: mag
#   description: Magnitude depth of Gaussian 1 component
#   meta:
#     ucd: src.var.amplitude
# - 
#   name: geom_model_gaussian1_depth_error
#   datatype: float32
#   unit: mag
#   description: "Uncertainty of \\texttt{geomModelGaussian1Depth}"
#   meta:
#     ucd: stat.error;src.var.amplitude
# - 
#   name: geom_model_gaussian2_phase
#   datatype: float32
#   description: Phase of Gaussian 2 component
#   meta:
#     ucd: time.phase
# - 
#   name: geom_model_gaussian2_phase_error
#   datatype: float32
#   description: "Uncertainty of \\texttt{geomModelGaussian2Phase}"
#   meta:
#     ucd: stat.error;time.phase
# - 
#   name: geom_model_gaussian2_sigma
#   datatype: float32
[...]
#   datatype: float32
#   description: "Secondary eclipse: uncertainty of \\texttt{derivedSecondaryEclDuration}"
#   meta:
#     ucd: stat.error;time.duration
# - 
#   name: derived_secondary_ecl_depth
#   datatype: float32
#   unit: mag
#   description: "Secondary eclipse: depth"
#   meta:
#     ucd: src.var.amplitude
# - 
#   name: derived_secondary_ecl_depth_error
#   datatype: float32
#   unit: mag
#   description: "Secondary eclipse: uncertainty of \\texttt{derivedSecondaryEclDepth}"
#   meta:
#     ucd: stat.error;src.var.amplitude
solution_id,source_id,global_ranking,reference_time,frequency,frequency_error,geom_model_reference_level,geom_model_reference_level_error,geom_model_gaussian1_phase,geom_model_gaussian1_phase_error,geom_model_gaussian1_sigma,geom_model_gaussian1_sigma_error,geom_model_gaussian1_depth,geom_model_gaussian1_depth_error,geom_model_gaussian2_phase,geom_model_gaussian2_phase_error,geom_model_gaussian2_sigma,geom_model_gaussian2_sigma_error,geom_model_gaussian2_depth,geom_model_gaussian2_depth_error,geom_model_cosine_half_period_amplitude,geom_model_cosine_half_period_amplitude_error,geom_model_cosine_half_period_phase,geom_model_cosine_half_period_phase_error,model_type,num_model_parameters,reduced_chi2,derived_primary_ecl_phase,derived_primary_ecl_phase_error,derived_primary_ecl_duration,derived_primary_ecl_duration_error,derived_primary_ecl_depth,derived_primary_ecl_depth_error,derived_secondary_ecl_phase,derived_secondary_ecl_phase_error,derived_secondary_ecl_duration,derived_secondary_ecl_duration_error,derived_secondary_ecl_depth,derived_secondary_ecl_depth_error
[from data line 38]
375316653866487564,3656843629508727040,0.5365842,2216.4390598689374,0.0871279646212526,1.0984493E-6,19.147934,0.0051919525,0.4073845,8.039541E-5,0.009997155,0.0014321059,0.062491085,0.0041736104,0.6174617,2.524947E-5,0.005169022,1.2161093E-4,0.3346365,0.0023368082,null,null,null,null,"TWOGAUSSIANS",8,1.5932889,0.6174617,2.524947E-5,0.028946523,6.8102125E-4,0.3346365,0.0023368082,0.4073845,8.039541E-5,0.055984065,0.008019793,0.062491085,0.0041736104
375316653866487564,3656891050243112960,0.547973,2211.2041873732464,3.999814592928523,1.874193E-5,16.850485,0.2804745,0.3082488,0.008180773,0.118854225,0.05164575,0.22963849,0.24766973,0.7978062,0.00600778,0.13581209,0.079552375,0.21423954,0.26971182,null,null,null,null,"TWOGAUSSIANS",8,8.997205,0.3084688,0.0075443774,0.4,0.0,0.17099847,0.01016376,0.7978062,0.00600778,0.4,0.0,0.1551628,0.01629582
375316653866487564,3656891870581435904,0.55081606,2221.4874824335748,2.7734650976419317,3.196274E-5,18.624878,0.01005705,0.2598906,0.025254836,0.046257906,0.012368416,0.33918738,0.23067328,0.7829039,0.035552762,0.0491135,0.021172035,0.42418942,0.21938561,null,null,null,null,"TWOGAUSSIANS",8,3.524698,0.7829039,0.035552762,0.27503562,0.1185634,0.42418918,0.21939592,0.2598906,0.025254836,0.25904426,0.06926313,0.33918718,0.23066713
375316653866487564,3656995052875506048,0.52863723,2189.297440111233,2.752131355190468,3.007914E-5,18.46155,0.03591892,0.27228355,0.015760133,0.098906815,0.026169388,0.23597485,0.025318759,0.7502292,0.008149627,0.096579194,0.018598622,0.21267949,0.03632282,null,null,null,null,"TWOGAUSSIANS",8,3.364528,0.27228355,0.015751962,0.4,0.0,0.22330298,0.021335203,0.7502292,0.008149627,0.4,0.0,0.20000872,0.016342785
375316653866487564,3657036976051911936,0.48616728,2175.6764691018057,0.4241631063208509,1.0948232E-6,16.821644,0.004615787,0.7748697,0.0013779621,0.013822286,0.0019733428,0.5033073,0.0512365,0.6175156,0.06626265,0.11475771,0.09090067,0.08929428,1.2175411,null,null,null,null,"TWOGAUSSIANS",8,45.374187,0.7747097,0.0012739897,0.077404805,0.01105072,0.538205,0.07556014,0.6175156,0.06626265,0.4,0.25094914,0.0892808,1.2175554
375316653866487564,3657105381995552640,0.5397042,2212.637188065588,1.2436662822494737,3.7714868E-5,17.151585,0.012585932,0.2751187,0.0076836203,0.040501755,0.011828983,0.20462075,0.075694054,0.80013317,0.04196981,0.05747677,0.055838734,0.04576288,1.2101068E7,0.028723491,0.016439162,0.2751187,0.0076836203,"TWOGAUSSIANS_WITH_ELLIPSOIDAL_ON_ECLIPSE1",9,8.987809,0.2751187,0.0076836203,0.22680983,0.06624231,0.26206684,0.07740264,0.80013317,0.04196981,0.3218699,0.30088958,0.10180154,1.2101068E7
375316653866487564,3657105729888690816,0.5677877,2202.33068708357,2.181663974346839,1.4425426E-5,19.199314,0.013051732,0.21338157,0.0070640966,0.06625086,0.007033406,0.58319575,0.030784892,0.7024634,0.0033348303,0.088068075,0.009160709,0.280976,0.013084344,null,null,null,null,"TWOGAUSSIANS",8,2.8986516,0.21338157,0.0070640966,0.37100485,0.039387073,0.58006316,0.03012733,0.7024634,0.0033348303,0.4,0.0,0.2778433,0.014093314
375316653866487564,3657109195926521472,0.53728575,2180.259082322235,2.1702596979041457,3.4853034E-5,19.413548,0.006991482,0.2766432,0.0055020037,0.04926056,0.009555454,0.31266835,0.04518054,0.74978465,0.021087546,0.059343606,0.01627335,0.59974635,0.50293994,null,null,null,null,"TWOGAUSSIANS",8,2.084828,0.74978465,0.021087546,0.3323242,0.091130756,0.59973943,0.50294703,0.2766432,0.0055020037,0.27585915,0.053510547,0.31266144,0.045194276
375316653866487564,3657144796910973312,0.52763784,2241.5926337172814,0.5650141732571488,2.4172137E-5,16.134632,0.0022105782,0.25189075,0.0063842833,0.0641325,0.0057840063,0.16347669,0.026545804,0.7276466,0.012761313,0.047783732,0.012722755,0.03911221,0.010452284,null,null,null,null,"TWOGAUSSIANS",8,8.034731,0.25189075,0.0063842833,0.359142,0.032390434,0.1634737,0.026547855,0.7276466,0.012761313,0.26758888,0.07124743,0.03910921,0.010453285
375316653866487564,3657252098078383104,0.5010164,2198.62503722256,3.4178047005934817,4.832863E-5,17.178764,0.010042018,0.30721092,0.012727243,0.13265239,0.027205138,0.060185213,0.0103714345,0.7304175,0.012861691,0.072212115,0.015134561,0.10899393,0.010513336,null,null,null,null,"TWOGAUSSIANS",8,5.0054493,0.7304175,0.012861691,0.4,0.027711397,0.10673209,0.011099922,0.30721092,0.012727243,0.4,0.0,0.05754771,0.00848682
375316653866487564,3657320783199229824,0.46867523,2207.201978930507,0.9562270331110584,4.506226E-5,19.711674,0.063043706,0.23330939,0.017809954,0.059781138,0.020347405,0.25046673,0.14134876,0.65757865,0.022782512,0.20704177,0.051403288,0.24941984,0.061497197,null,null,null,null,"TWOGAUSSIANS",8,1.3522022,0.23677939,0.018032186,0.33477437,0.11394546,0.24189815,0.14764392,0.65757865,0.022782512,0.4,0.0,0.20467535,0.015442002
375316653866487564,3657438946335520384,0.5208081,2248.740931198949,4.089564026665771,1.776342E-5,19.589882,0.030485738,0.14605835,0.0060250694,0.06523494,0.012822619,0.2529597,0.02766694,0.6652393,0.008301701,0.08212897,0.01308485,0.282959,0.029275991,null,null,null,null,"TWOGAUSSIANS",8,2.6475224,0.6652393,0.008301701,0.4,0.0,0.2818801,0.026531253,0.14605835,0.0060250694,0.36531565,0.060742527,0.25188082,0.024862332
375316653866487564,3657494407248657152,0.55634224,2247.499670908545,3.820260679547465,1.2747699E-5,16.219885,0.02566318,0.34173608,0.013463816,0.05987011,0.018723318,0.7914526,0.28476965,0.8478378,0.0034343465,0.06892446,0.00485209,0.58286554,0.035587683,null,null,null,null,"TWOGAUSSIANS",8,86.81644,0.34173608,0.013463816,0.3352726,0.07304403,0.79085886,0.2871092,0.8478378,0.0034343465,0.38597697,0.027171703,0.5822718,0.035243258
375316653866487564,3657644868543012096,0.49988306,2197.928184330613,2.601865689353302,1.1299693E-5,16.689068,0.03383346,0.34584728,0.05953223,0.042574354,0.045056943,0.08932049,0.052672267,0.7493336,0.020301765,0.03715687,0.012252831,0.07613469,0.15920164,0.11942829,0.031850085,0.7493336,0.020301765,"TWOGAUSSIANS_WITH_ELLIPSOIDAL_ON_ECLIPSE2",9,73.74401,0.7493336,0.020301765,0.20807847,0.068615854,0.31499022,0.1542852,0.31706727,0.056856588,0.23841637,0.24825741,0.269219,0.032602392
375316653866487564,3657647479883184384,0.46076277,2278.9381374189884,0.21573007447323475,4.570923E-5,15.111606,0.0070352736,0.25029233,7.3596404E-4,0.004457899,6.572856E-4,0.059262093,0.022561714,0.6503673,0.013911995,0.17445785,0.0355292,0.07619375,0.023520043,null,null,null,null,"TWOGAUSSIANS",8,8.792155,0.6503673,0.013911995,0.4,0.0,0.073685996,0.025032569,0.25031233,7.354759E-4,0.024964234,0.0036807994,0.062455922,0.022611443
375316653866487564,3657674246119470208,0.468502,2200.632200570457,1.346236739979389,2.611598E-5,18.675898,0.0043957313,0.24166799,0.006734063,0.038944915,0.0062167887,0.078279644,0.022839125,0.7217064,0.004623854,0.049152408,0.008615717,0.09119498,0.018328262,null,null,null,null,"TWOGAUSSIANS",8,1.4830142,0.7217064,0.004623854,0.27525347,0.048248015,0.09119497,0.01832827,0.24166799,0.006734063,0.21809152,0.034814015,0.07827964,0.022839127
375316653866487564,3657677510294575744,0.69725114,2211.269328041873,3.149293645752254,4.6911327E-6,16.045565,0.010262329,0.35658678,0.0017936043,0.048780426,0.003042615,0.5873558,0.032565888,0.85569286,0.0022905637,0.045736536,0.0030453592,0.45493442,0.025346948,0.13321127,0.01561557,0.35658678,0.0017936043,"TWOGAUSSIANS_WITH_ELLIPSOIDAL_ON_ECLIPSE1",9,18.236132,0.35658678,0.0017936043,0.27317038,0.017038643,0.853777,0.022261797,0.8557729,0.002083343,0.25612462,0.017054012,0.721348,0.009130553
375316653866487564,3657783166489994496,0.5396163,2244.6709201567264,2.2446536090079214,4.5007986E-5,17.904352,0.007893494,0.7817363,0.0141974045,0.037443437,0.009666013,0.042230412,0.010243639,0.4399676,0.0017409314,0.05247143,0.0016276457,0.56255156,0.009737726,null,null,null,null,"TWOGAUSSIANS",8,15.577837,0.4399676,0.0017409314,0.29384,0.009114816,0.56255156,0.009737726,0.7817363,0.0141974045,0.20968324,0.05412967,0.042230412,0.01024364
375316653866487564,3657924247575776384,0.52421004,2158.7857383341507,2.61436565124612,4.8096987E-5,13.692639,0.0444127,0.30633265,0.009399154,0.07515827,0.013752887,0.5426847,0.15128402,0.79434043,0.007383062,0.106129706,0.016192744,0.35280776,0.041381765,null,null,null,null,"TWOGAUSSIANS",8,1764.2743,0.30633265,0.009407372,0.4,0.020709602,0.5274452,0.15645616,0.79434043,0.007383062,0.4,0.0,0.3375561,0.025319781
375316653866487564,3657954449785858816,0.5966738,2221.663187765103,3.5334046299680884,7.672525E-6,16.480026,0.008119185,0.2082886,0.0023283928,0.06853764,0.0032596884,0.4819272,0.026827967,0.7026808,0.0070543066,0.070640504,0.005750117,0.46671146,0.023700759,null,null,null,null,"TWOGAUSSIANS",8,19.89862,0.2082886,0.0023283928,0.3838108,0.018254254,0.4806355,0.026988588,0.7026808,0.0070543066,0.39558682,0.028491225,0.46541977,0.023406152
375316653866487564,3658075563568559488,0.47336265,2178.953754328212,4.5693005371195055,3.5718902E-5,19.770658,0.026164083,0.219921,0.012578382,0.08944769,0.0165809,0.34296885,0.06369849,0.7433459,0.0120664155,0.0779017,0.01662607,0.40459034,0.095941685,null,null,null,null,"TWOGAUSSIANS",8,2.7119002,0.7433459,0.0120664155,0.4,0.0,0.39904663,0.103126906,0.219921,0.012578382,0.4,0.0,0.3374249,0.06513014
375316653866487564,3658084394022058240,0.48111716,2258.087581153477,0.0304544968948901,1.1596845E-4,18.810215,0.0026699158,0.27698597,0.012155281,0.052351125,0.011236511,0.5272597,0.42479083,0.9094028,0.053157862,0.023929052,0.030490011,0.09816525,126916.77,null,null,null,null,"TWOGAUSSIANS",8,1.2285297,0.27698597,0.012155281,0.29316628,0.06292447,0.5272597,0.42479083,0.9094028,0.053157862,0.1340027,0.17074406,0.09816525,126916.77
375316653866487564,3658238639181970432,0.54301906,2236.1722290797584,4.20825102073719,1.4575922E-5,17.87167,0.028021783,0.22076803,0.008005324,0.06980194,0.052844133,0.08088293,0.06420071,0.7011516,0.0122963395,0.059687886,0.017871298,0.16208579,0.053706255,0.094844125,0.029123772,0.22076803,0.008005324,"TWOGAUSSIANS_WITH_ELLIPSOIDAL_ON_ECLIPSE1",9,13.839547,0.70600164,0.00787398,0.33425218,0.10007927,0.34947327,0.02485957,0.22076803,0.008005324,0.39089087,0.20056386,0.2704328,0.05791357
375316653866487564,3658315669420449920,0.5562145,2216.9052524825643,2.4686927627588897,5.912025E-5,18.063414,0.0031743962,0.1381581,0.060698796,0.028841695,0.021770032,0.25554165,0.4278563,0.57870203,0.029421613,0.062644824,0.016243719,0.013970898,0.0041647,null,null,null,null,"TWOGAUSSIANS",8,2.0524156,0.1381581,0.060698796,0.16151349,0.12191218,0.25554165,0.42785627,0.57870203,0.029421613,0.350811,0.090964824,0.0139708975,0.0041646864
375316653866487564,3658331371820688768,0.48585433,2301.425209422133,0.7377336286620001,2.9352936E-5,18.970572,0.0027762419,0.275182,0.004863983,0.055670723,0.019505834,0.019842733,0.05903267,null,null,null,null,null,null,0.066557586,0.0040236316,0.275182,0.004863983,"ONEGAUSSIAN_WITH_ELLIPSOIDAL",6,1.608427,0.275182,0.004863983,0.31175604,0.109232664,0.15295696,0.05883013,null,null,null,null,null,null
375316653866487564,3658345699833161728,0.47331885,2255.4428416046962,0.4175611716239567,8.018215E-5,15.286421,0.0012301966,0.1856955,3.835528E-4,0.025727205,0.0015850663,0.12536913,0.016623436,0.68581694,0.05292524,0.03821724,0.020656703,0.08035811,0.008246395,null,null,null,null,"TWOGAUSSIANS",8,8.224793,0.1856955,3.835528E-4,0.14407234,0.008876371,0.12536913,0.016623436,0.68581694,0.05292524,0.21401653,0.115677536,0.08035811,0.008246395
375316653866487564,3658352576074141824,0.45586747,2369.301200116189,0.133857984638153,3.431233E-5,17.898214,0.006149347,0.74057513,0.022692,0.018385012,0.04788373,0.22363797,0.081580155,null,null,null,null,null,null,0.04387919,0.010256491,0.74057513,0.022692,"ONEGAUSSIAN_WITH_ELLIPSOIDAL",6,14.066027,0.74057513,0.022692,0.102956064,0.2681489,0.31139633,0.07387959,null,null,null,null,null,null
375316653866487564,3658593055587766400,0.5047959,2220.838654689513,3.5158830986332275,1.3528784E-5,18.583677,0.056002986,0.16729718,0.005876984,0.09802093,0.012362597,0.37176934,0.051806863,0.62212557,0.008633647,0.12666263,0.02639729,0.38763213,0.05267589,null,null,null,null,"TWOGAUSSIANS",8,4.249036,0.62212557,0.008633647,0.4,0.0,0.34791434,0.07326426,0.16771719,0.0056445613,0.4,0.0,0.33269826,0.020453108
375316653866487564,3658629549925185792,0.6029662,2254.7375856101007,3.1169635869348746,2.8904029E-5,11.513214,0.021143652,0.26305172,0.005592771,0.043415196,0.011495467,0.3497198,0.02897104,0.76664746,0.010302215,0.057731736,0.010947937,0.43000534,0.060144555,0.10389207,0.024311647,0.26305172,0.005592771,"TWOGAUSSIANS_WITH_ELLIPSOIDAL_ON_ECLIPSE1",9,368.0119,0.76664746,0.010296682,0.32329774,0.061308447,0.63765436,0.04418073,0.26305172,0.005592771,0.2431251,0.06437462,0.55747485,0.026774228
375316653866487564,3658666143046581248,0.64255655,2148.3195687433617,2.6725569015885418,4.643208E-6,13.991033,0.009068956,0.3365736,0.0015931729,0.09025784,0.002321537,0.39413124,0.009139053,0.83426535,0.0021204727,0.08826999,0.0055177235,0.19859725,0.009540044,null,null,null,null,"TWOGAUSSIANS",8,44.76152,0.3365736,0.0015931729,0.4,0.0,0.38348913,0.006110875,0.83426535,0.0021204727,0.4,0.0,0.18795528,0.00802229
375316653866487564,3658674625606399616,0.5680809,2210.789694798989,4.7845369794787596,1.2015062E-5,18.206299,0.02677968,0.2615778,0.0040488145,0.045607705,0.015599128,0.32198724,0.09531034,0.7515641,0.0040102806,0.045182392,0.0066485163,0.5178903,0.09818213,0.15755382,0.034148738,0.2615778,0.0040488145,"TWOGAUSSIANS_WITH_ELLIPSOIDAL_ON_ECLIPSE1",9,19.167303,0.75245404,0.0032599217,0.2530214,0.03723169,0.8318625,0.10270706,0.2615778,0.0040488145,0.25540313,0.087355115,0.6370944,0.11727487
375316653866487564,3659106566172898176,0.5030441,2217.4769847433827,3.807520243282245,3.6411726E-5,11.646455,0.10607086,0.29414892,0.015833743,0.33374342,0.03087619,1.243199,0.10840336,0.8087021,0.009346139,0.13215037,0.022139698,0.45352855,0.16905637,null,null,null,null,"TWOGAUSSIANS",8,564.96924,0.29321894,0.014967475,0.4,0.0,0.18250677,0.01174114,0.8164821,0.009158142,0.4,0.0,0.17516184,0.013322633
375316653866487564,3659190640157346048,0.6524877,2254.236332939462,3.9821121348132857,9.028328E-6,15.502056,0.048343863,0.24523525,0.008002614,0.051531877,0.015179646,0.44498837,0.11227115,0.74177724,0.0029052845,0.053871095,0.009033709,0.4204878,0.089448266,0.116714984,0.04971214,0.24523525,0.008002614,"TWOGAUSSIANS_WITH_ELLIPSOIDAL_ON_ECLIPSE1",9,69.287125,0.24523525,0.008002614,0.2885785,0.08500602,0.6784077,0.09477399,0.74216723,0.0018308437,0.30167815,0.050588768,0.6538094,0.01580144
375316653866487564,3659205552283817088,0.5784273,2170.713553555599,4.711720613334766,3.604745E-5,18.686457,0.007847456,0.21955882,0.010714206,0.013131909,0.0062623867,1.5789179,2.3278308,0.6143815,0.03933008,0.040106177,0.07133608,0.061632134,0.027382804,null,null,null,null,"TWOGAUSSIANS",8,3.2433362,0.21955882,0.010714206,0.07353869,0.035069365,1.5789179,2.3278291,0.6143815,0.03933008,0.2245946,0.24657653,0.061632134,0.027382843
375316653866487564,3659229707179930240,0.5632739,2191.0430879079063,2.5517041687696285,1.9011788E-5,18.94527,0.014481703,0.24474843,0.008888428,0.053356227,0.00949123,0.30596453,0.02046194,0.7477395,0.0044997525,0.049626347,0.007878911,0.38368872,0.31804517,null,null,null,null,"TWOGAUSSIANS",8,3.7382207,0.7477395,0.0044997525,0.27790755,0.044121902,0.3836842,0.31804916,0.24474843,0.008888428,0.29879487,0.053150892,0.30596003,0.02044897
