Gaia/vari_eclipsing_binary/VariEclipsingBinary_500277-501155.csv
# %ECSV 1.0
# ---
# delimiter: ','
# meta: !!omap
# - RELEASE: Gaia DR3
# - TABLE: vari_eclipsing_binary
# - DESCRIPTION: >
#     This table describes the properties of the eclipsing binaries resulting from the variability analysis. 
# - CITATION: >
#     How to cite and acknowledge Gaia: 
#     https://gea.esac.esa.int/archive/documentation/credits.html 
# - KNOWN_ISSUES: >
#     Known issues: 
#     https://www.cosmos.esa.int/web/gaia-users/known-issues 
# - DOCUMENTATION: >
#     Tutorials and documentation: 
#     https://www.cosmos.esa.int/web/gaia-users/archive 
# datatype:
# - 
#   name: solution_id
#   datatype: int64
#   description: Solution Identifier
#   meta:
#     ucd: meta.version
# - 
#   name: source_id
#   datatype: int64
#   description: Unique source identifier
#   meta:
#     ucd: meta.id;meta.main
# - 
#   name: global_ranking
#   datatype: float32
#   description: Number between 0 (worst) and 1 (best)
#   meta:
#     ucd: stat.param
# - 
#   name: reference_time
#   datatype: float64
#   unit: d
#   description: Reference time used for the geometric model fit
#   meta:
#     ucd: time.epoch
# - 
#   name: frequency
#   datatype: float64
#   unit: d**-1
#   description: Frequency of geometric model of the eclipsing binary light curve
#   meta:
#     ucd: src.orbital
# - 
#   name: frequency_error
#   datatype: float32
#   unit: d**-1
#   description: "Uncertainty of \\texttt{frequency}"
#   meta:
#     ucd: stat.error
# - 
#   name: geom_model_reference_level
#   datatype: float32
#   unit: mag
#   description: Magnitude reference level of geometric model
#   meta:
#     ucd: phot.mag;em.opt
# - 
#   name: geom_model_reference_level_error
#   datatype: float32
#   unit: mag
#   description: "Uncertainty of \\texttt{geomModelReferenceLevel}"
#   meta:
#     ucd: stat.error;phot.mag;em.opt
# - 
#   name: geom_model_gaussian1_phase
#   datatype: float32
#   description: Phase of the Gaussian 1 component
#   meta:
#     ucd: time.phase
# - 
#   name: geom_model_gaussian1_phase_error
#   datatype: float32
#   description: "Uncertainty of \\texttt{geomModelGaussian1Phase}"
#   meta:
#     ucd: stat.error;time.phase
# - 
#   name: geom_model_gaussian1_sigma
#   datatype: float32
#   description: "Standard deviation [phase] of Gaussian 1 component"
#   meta:
#     ucd: stat.stdev
# - 
#   name: geom_model_gaussian1_sigma_error
#   datatype: float32
#   description: "Uncertainty of \\texttt{geomModelGaussian1Sigma}"
#   meta:
#     ucd: stat.error
# - 
#   name: geom_model_gaussian1_depth
#   datatype: float32
#   unit: mag
#   description: Magnitude depth of Gaussian 1 component
#   meta:
#     ucd: src.var.amplitude
# - 
#   name: geom_model_gaussian1_depth_error
#   datatype: float32
#   unit: mag
#   description: "Uncertainty of \\texttt{geomModelGaussian1Depth}"
#   meta:
#     ucd: stat.error;src.var.amplitude
# - 
#   name: geom_model_gaussian2_phase
#   datatype: float32
#   description: Phase of Gaussian 2 component
#   meta:
#     ucd: time.phase
# - 
#   name: geom_model_gaussian2_phase_error
#   datatype: float32
#   description: "Uncertainty of \\texttt{geomModelGaussian2Phase}"
#   meta:
#     ucd: stat.error;time.phase
# - 
#   name: geom_model_gaussian2_sigma
#   datatype: float32
[...]
#   datatype: float32
#   description: "Secondary eclipse: uncertainty of \\texttt{derivedSecondaryEclDuration}"
#   meta:
#     ucd: stat.error;time.duration
# - 
#   name: derived_secondary_ecl_depth
#   datatype: float32
#   unit: mag
#   description: "Secondary eclipse: depth"
#   meta:
#     ucd: src.var.amplitude
# - 
#   name: derived_secondary_ecl_depth_error
#   datatype: float32
#   unit: mag
#   description: "Secondary eclipse: uncertainty of \\texttt{derivedSecondaryEclDepth}"
#   meta:
#     ucd: stat.error;src.var.amplitude
solution_id,source_id,global_ranking,reference_time,frequency,frequency_error,geom_model_reference_level,geom_model_reference_level_error,geom_model_gaussian1_phase,geom_model_gaussian1_phase_error,geom_model_gaussian1_sigma,geom_model_gaussian1_sigma_error,geom_model_gaussian1_depth,geom_model_gaussian1_depth_error,geom_model_gaussian2_phase,geom_model_gaussian2_phase_error,geom_model_gaussian2_sigma,geom_model_gaussian2_sigma_error,geom_model_gaussian2_depth,geom_model_gaussian2_depth_error,geom_model_cosine_half_period_amplitude,geom_model_cosine_half_period_amplitude_error,geom_model_cosine_half_period_phase,geom_model_cosine_half_period_phase_error,model_type,num_model_parameters,reduced_chi2,derived_primary_ecl_phase,derived_primary_ecl_phase_error,derived_primary_ecl_duration,derived_primary_ecl_duration_error,derived_primary_ecl_depth,derived_primary_ecl_depth_error,derived_secondary_ecl_phase,derived_secondary_ecl_phase_error,derived_secondary_ecl_duration,derived_secondary_ecl_duration_error,derived_secondary_ecl_depth,derived_secondary_ecl_depth_error
[from data line 290]
375316653866487564,4407950950507805440,0.511631,2012.1587333155162,4.567219112272663,1.9647074E-5,14.651784,0.0072694034,0.518382,0.0058545633,0.12821423,0.009104567,0.27501044,0.019016793,0.9083875,4.90544E-6,0.002922509,2.3071525E-4,0.9374986,0.3617126,null,null,null,null,"TWOGAUSSIANS",8,417.63785,0.9083875,4.90544E-6,0.016366052,0.0012920054,0.93992025,0.36095026,0.518382,0.0058545633,0.4,0.0,0.27473623,0.019243712
375316653866487564,4407968366594839424,0.47456726,1984.230571879667,2.2448654943833017,8.374327E-6,19.59078,0.00788285,0.3964185,0.001779412,0.030186253,0.0016901153,0.39922002,0.020157075,0.886489,0.009337949,0.025686868,0.0064327964,0.39450604,0.10273517,null,null,null,null,"TWOGAUSSIANS",8,2.7656057,0.3964185,0.001779412,0.169043,0.009464646,0.39922002,0.020157075,0.886489,0.009337949,0.14384645,0.036023658,0.39450604,0.10273517
375316653866487564,4407968778911006080,0.49318507,2053.6105617303288,3.0183025163489354,4.1832882E-5,19.3188,0.006033228,0.13308682,0.0033378191,0.008602832,0.003476931,1.8915856,1.3645813,0.58015966,0.0101750735,0.019689497,0.008519142,0.08781928,0.1288763,null,null,null,null,"TWOGAUSSIANS",8,2.6950583,0.13308682,0.0033378191,0.04817586,0.019470815,1.8915856,1.3645813,0.58015966,0.0101750735,0.11026118,0.047707193,0.08781928,0.1288763
375316653866487564,4407989841430839040,0.46015143,2056.2659277607227,2.533178892477508,3.7368776E-5,18.75601,0.43582848,0.282622,0.0072530448,0.16619363,0.075022765,0.61444914,0.4347855,0.7778295,0.009050536,0.09734134,0.023333391,0.49630636,0.30162296,null,null,null,null,"TWOGAUSSIANS",8,20.675404,0.282622,0.0072641983,0.4,0.0,0.43990606,0.040371902,0.7778295,0.009050536,0.4,0.0,0.33511198,0.041690823
375316653866487564,4408022006446949760,0.6709064,2013.6951237154615,4.0871603959542,3.1467791E-6,17.097105,0.006713345,0.2977182,0.0011365002,0.045312803,0.0017486071,0.47792587,0.016981749,0.79706913,0.0028031124,0.04832106,0.002792448,0.4722155,0.048018996,0.14303744,0.009568868,0.2977182,0.0011365002,"TWOGAUSSIANS_WITH_ELLIPSOIDAL_ON_ECLIPSE1",9,7.8191414,0.2977182,0.0011365002,0.2537517,0.0097922,0.7639995,0.009297427,0.7971391,0.002603981,0.27059793,0.015637709,0.75828487,0.049877122
375316653866487564,4408029290711597312,0.6260182,2043.8477841912716,3.7164123385492616,4.421075E-6,17.176998,0.014051568,0.27604216,0.001351686,0.05465135,0.0043333387,0.33370197,0.03995879,0.77782923,0.0013756524,0.052939344,0.0045766598,0.28075293,0.03121849,0.123602875,0.018853866,0.27604216,0.001351686,"TWOGAUSSIANS_WITH_ELLIPSOIDAL_ON_ECLIPSE1",9,7.480661,0.27604216,0.001351686,0.30604756,0.024266696,0.58089346,0.032954354,0.77782923,0.0013756524,0.29646033,0.025629295,0.5279132,0.010484252
375316653866487564,4408038121164462464,0.49438924,2001.3204294204038,1.768762224910616,3.9007755E-5,15.794285,0.014053769,0.24525458,0.006839608,0.029336987,0.008291253,0.16024084,0.03995504,0.75260323,0.015381484,0.036098298,0.019987293,0.22816886,0.09442688,0.015027698,0.020940619,0.24525458,0.006839608,"TWOGAUSSIANS_WITH_ELLIPSOIDAL_ON_ECLIPSE1",9,110.62406,0.75260323,0.015370475,0.20215046,0.111928836,0.25816014,0.119141266,0.24525458,0.006839608,0.16428714,0.046431012,0.19029617,0.023686433
375316653866487564,4408073305537020032,0.50468045,1971.597409583909,3.975150314962436,6.257324E-5,17.186304,0.0046953848,0.3595823,0.020197753,0.05389315,0.026465196,0.048715528,0.04620471,0.81126356,0.0063762823,0.041441824,0.013905668,0.073348805,0.039845053,0.058983512,0.008536525,0.81126356,0.0063762823,"TWOGAUSSIANS_WITH_ELLIPSOIDAL_ON_ECLIPSE2",9,7.987586,0.81126356,0.0063762823,0.23207423,0.07787174,0.19131562,0.035250116,0.34201232,0.025941128,0.30180165,0.13397336,0.15981229,0.036734235
375316653866487564,4408076157395484928,0.46503615,1968.8212038529764,0.022093395978676614,2.5032545E-4,16.743813,0.016262908,0.3183997,6.065862E-4,0.019985765,0.0063366173,3.014505,2.4214413,0.8158583,0.00448921,0.061787937,0.074477784,0.91441107,0.74248743,null,null,null,null,"TWOGAUSSIANS",8,10.878464,0.3183997,6.065862E-4,0.11192029,0.03548506,3.014505,2.4235342,0.8158583,0.00448921,0.34601244,0.0549269,0.914411,0.7453081
375316653866487564,4408087874066421504,0.5372034,2118.4489132793333,3.096900340047393,1.206773E-5,16.455454,0.039274853,0.31724483,0.0060962387,0.10434383,0.012568775,0.30397713,0.038112275,0.78952426,0.0059286766,0.112938404,0.018835258,0.28897575,0.03456005,null,null,null,null,"TWOGAUSSIANS",8,27.819353,0.31729484,0.0060826447,0.4,0.0,0.2730521,0.018402522,0.78952426,0.0059286766,0.4,0.0,0.25801098,0.026924271
375316653866487564,4408099277198403968,0.5559896,1995.7874231536375,2.9612981137685193,4.775556E-6,19.475765,0.006142843,0.2884318,0.0030689908,0.06449592,0.003225165,0.61310816,0.021102998,0.7905746,0.0023218004,0.07141823,0.00290981,0.56056464,0.029633189,null,null,null,null,"TWOGAUSSIANS",8,1.545433,0.2884318,0.0030689908,0.36117715,0.018060924,0.61183935,0.02118191,0.7905746,0.0023218004,0.39994213,0.0072222264,0.55929583,0.02990011
375316653866487564,4408136454435091712,0.50313056,2021.9445399524832,2.5450200146135105,2.23417E-6,19.017818,0.0073293783,0.24286176,1.4051357E-6,4.3825826E-4,7.252555E-6,0.7529139,5.105154E-4,0.77009314,0.05275903,0.11646552,0.031754766,0.030306054,0.018478844,null,null,null,null,"TWOGAUSSIANS",8,3.1345875,0.24286176,1.4051357E-6,0.0024542464,4.0614308E-5,0.75291693,5.225675E-4,0.77009314,0.05275903,0.4,0.0,0.030300023,0.018475067
375316653866487564,4408142059373664256,0.62280184,2047.7939624807477,1.0910373307279269,4.7689587E-6,13.038135,0.021353615,0.20423116,0.0015439317,0.1067256,0.006103799,0.338267,0.01819231,0.7059715,0.0018916475,0.12460973,0.008159101,0.2727963,0.02101333,null,null,null,null,"TWOGAUSSIANS",8,67.319496,0.20422116,0.0015478111,0.4,0.0,0.2815268,0.007570456,0.7059715,0.0018916475,0.4,0.0,0.2158934,0.0031582466
375316653866487564,4408167623019001984,0.615802,2020.1955079592344,0.42138202171119876,3.999081E-6,15.286159,0.0020191576,0.14577703,6.481373E-4,0.023843393,0.001891159,1.1380832,0.23159546,0.647636,0.002393909,0.028074488,0.0020775911,0.095907405,0.0056150635,0.036208257,0.0029640796,0.14577703,6.481373E-4,"TWOGAUSSIANS_WITH_ELLIPSOIDAL_ON_ECLIPSE1",9,26.779621,0.14577703,6.481373E-4,0.133523,0.01059049,1.2104996,0.23408599,0.647636,0.0023855246,0.15721713,0.01163451,0.168314,0.0041857413
375316653866487564,4408176380451551744,0.5422692,2017.0497485264102,3.7643681362781,2.0545598E-5,18.297073,0.07885935,0.19084878,0.008286901,0.1331249,0.044258047,0.2058062,0.074859016,0.6863541,0.007313541,0.07270779,0.014816725,0.44746757,0.06841481,null,null,null,null,"TWOGAUSSIANS",8,7.2494802,0.6863541,0.007313541,0.4,0.0025007462,0.4231201,0.012602668,0.19084878,0.008286901,0.4,0.0,0.1811002,0.013431808
375316653866487564,4408176556545259520,0.51838183,2159.5123235574083,0.1668029121904085,2.4449693E-5,17.41312,0.007993259,0.1951353,0.06288922,0.051826317,0.06625434,0.099021316,0.3214694,0.7130995,0.0051617622,0.0750872,0.008113379,0.17263763,0.0066112163,null,null,null,null,"TWOGAUSSIANS",8,4.1947417,0.7130995,0.0051617622,0.4,0.009825069,0.17257227,0.0064903833,0.1951353,0.06288922,0.29022738,0.3710243,0.09895596,0.32161108
375316653866487564,4408179683284986496,0.57628846,2095.653279827617,3.7306981511024873,7.671491E-6,15.895331,0.009903935,0.20442647,0.0017568849,0.086021885,0.0037067547,0.29451218,0.009473641,0.69439715,0.0032763525,0.08963938,0.004829183,0.2583548,0.010697407,null,null,null,null,"TWOGAUSSIANS",8,28.175066,0.20442647,0.0017568849,0.4,0.0,0.28638002,0.0074099493,0.69439715,0.0032763525,0.4,0.0,0.2502226,0.0087604625
375316653866487564,4408212943511415168,0.4796768,2022.233676828324,2.6831692015345756,1.8079943E-5,15.928558,0.0019602287,0.3582671,0.010424791,0.0125172315,0.00835894,0.048065353,0.03760873,0.8658779,0.010883868,0.028638674,0.00595986,0.080089875,0.014450958,0.01987345,0.0026561678,0.3582671,0.010424791,"TWOGAUSSIANS_WITH_ELLIPSOIDAL_ON_ECLIPSE1",9,20.92567,0.8658779,0.0108615095,0.16037658,0.033375215,0.11974592,0.012989709,0.3582671,0.010424791,0.0700965,0.04681006,0.087812215,0.036653407
