Gaia/vari_eclipsing_binary/VariEclipsingBinary_669246-669277.csv
# %ECSV 1.0
# ---
# delimiter: ','
# meta: !!omap
# - RELEASE: Gaia DR3
# - TABLE: vari_eclipsing_binary
# - DESCRIPTION: >
#     This table describes the properties of the eclipsing binaries resulting from the variability analysis. 
# - CITATION: >
#     How to cite and acknowledge Gaia: 
#     https://gea.esac.esa.int/archive/documentation/credits.html 
# - KNOWN_ISSUES: >
#     Known issues: 
#     https://www.cosmos.esa.int/web/gaia-users/known-issues 
# - DOCUMENTATION: >
#     Tutorials and documentation: 
#     https://www.cosmos.esa.int/web/gaia-users/archive 
# datatype:
# - 
#   name: solution_id
#   datatype: int64
#   description: Solution Identifier
#   meta:
#     ucd: meta.version
# - 
#   name: source_id
#   datatype: int64
#   description: Unique source identifier
#   meta:
#     ucd: meta.id;meta.main
# - 
#   name: global_ranking
#   datatype: float32
#   description: Number between 0 (worst) and 1 (best)
#   meta:
#     ucd: stat.param
# - 
#   name: reference_time
#   datatype: float64
#   unit: d
#   description: Reference time used for the geometric model fit
#   meta:
#     ucd: time.epoch
# - 
#   name: frequency
#   datatype: float64
#   unit: d**-1
#   description: Frequency of geometric model of the eclipsing binary light curve
#   meta:
#     ucd: src.orbital
# - 
#   name: frequency_error
#   datatype: float32
#   unit: d**-1
#   description: "Uncertainty of \\texttt{frequency}"
#   meta:
#     ucd: stat.error
# - 
#   name: geom_model_reference_level
#   datatype: float32
#   unit: mag
#   description: Magnitude reference level of geometric model
#   meta:
#     ucd: phot.mag;em.opt
# - 
#   name: geom_model_reference_level_error
#   datatype: float32
#   unit: mag
#   description: "Uncertainty of \\texttt{geomModelReferenceLevel}"
#   meta:
#     ucd: stat.error;phot.mag;em.opt
# - 
#   name: geom_model_gaussian1_phase
#   datatype: float32
#   description: Phase of the Gaussian 1 component
#   meta:
#     ucd: time.phase
# - 
#   name: geom_model_gaussian1_phase_error
#   datatype: float32
#   description: "Uncertainty of \\texttt{geomModelGaussian1Phase}"
#   meta:
#     ucd: stat.error;time.phase
# - 
#   name: geom_model_gaussian1_sigma
#   datatype: float32
#   description: "Standard deviation [phase] of Gaussian 1 component"
#   meta:
#     ucd: stat.stdev
# - 
#   name: geom_model_gaussian1_sigma_error
#   datatype: float32
#   description: "Uncertainty of \\texttt{geomModelGaussian1Sigma}"
#   meta:
#     ucd: stat.error
# - 
#   name: geom_model_gaussian1_depth
#   datatype: float32
#   unit: mag
#   description: Magnitude depth of Gaussian 1 component
#   meta:
#     ucd: src.var.amplitude
# - 
#   name: geom_model_gaussian1_depth_error
#   datatype: float32
#   unit: mag
#   description: "Uncertainty of \\texttt{geomModelGaussian1Depth}"
#   meta:
#     ucd: stat.error;src.var.amplitude
# - 
#   name: geom_model_gaussian2_phase
#   datatype: float32
#   description: Phase of Gaussian 2 component
#   meta:
#     ucd: time.phase
# - 
#   name: geom_model_gaussian2_phase_error
#   datatype: float32
#   description: "Uncertainty of \\texttt{geomModelGaussian2Phase}"
#   meta:
#     ucd: stat.error;time.phase
# - 
#   name: geom_model_gaussian2_sigma
#   datatype: float32
[...]
#   datatype: float32
#   description: "Secondary eclipse: uncertainty of \\texttt{derivedSecondaryEclDuration}"
#   meta:
#     ucd: stat.error;time.duration
# - 
#   name: derived_secondary_ecl_depth
#   datatype: float32
#   unit: mag
#   description: "Secondary eclipse: depth"
#   meta:
#     ucd: src.var.amplitude
# - 
#   name: derived_secondary_ecl_depth_error
#   datatype: float32
#   unit: mag
#   description: "Secondary eclipse: uncertainty of \\texttt{derivedSecondaryEclDepth}"
#   meta:
#     ucd: stat.error;src.var.amplitude
solution_id,source_id,global_ranking,reference_time,frequency,frequency_error,geom_model_reference_level,geom_model_reference_level_error,geom_model_gaussian1_phase,geom_model_gaussian1_phase_error,geom_model_gaussian1_sigma,geom_model_gaussian1_sigma_error,geom_model_gaussian1_depth,geom_model_gaussian1_depth_error,geom_model_gaussian2_phase,geom_model_gaussian2_phase_error,geom_model_gaussian2_sigma,geom_model_gaussian2_sigma_error,geom_model_gaussian2_depth,geom_model_gaussian2_depth_error,geom_model_cosine_half_period_amplitude,geom_model_cosine_half_period_amplitude_error,geom_model_cosine_half_period_phase,geom_model_cosine_half_period_phase_error,model_type,num_model_parameters,reduced_chi2,derived_primary_ecl_phase,derived_primary_ecl_phase_error,derived_primary_ecl_duration,derived_primary_ecl_duration_error,derived_primary_ecl_depth,derived_primary_ecl_depth_error,derived_secondary_ecl_phase,derived_secondary_ecl_phase_error,derived_secondary_ecl_duration,derived_secondary_ecl_duration_error,derived_secondary_ecl_depth,derived_secondary_ecl_depth_error
[from data line 258]
375316653866487564,5886905411124458240,0.6413983,2173.272387354837,1.972274084081915,9.281806E-6,18.293148,0.012545786,0.23704666,0.0021850676,0.054925144,0.005112953,0.29966146,0.030792082,0.7519325,0.0013889518,0.04702089,0.0049627232,0.27000213,0.026768368,0.1400164,0.016200155,0.23704666,0.0021850676,"TWOGAUSSIANS_WITH_ELLIPSOIDAL_ON_ECLIPSE1",9,2.8571327,0.23704666,0.0021850676,0.3075808,0.028632538,0.5796837,0.014209337,0.7519325,0.0013889518,0.263317,0.027791249,0.54758185,0.010623783
375316653866487564,5886905449803885696,0.48249853,2167.615213501676,2.7320383746530594,1.13752585E-5,19.395487,0.024360074,0.22827941,0.0094250245,0.09856098,0.014907332,0.19932082,0.024318278,0.7340558,0.004999089,0.09596121,0.011771873,0.22635883,0.025416274,null,null,null,null,"TWOGAUSSIANS",8,1.17509,0.7340558,0.004999089,0.4,0.0,0.21192005,0.020343296,0.22827941,0.0094250245,0.4,0.0,0.18488157,0.0133954305
375316653866487564,5886905655970479744,0.45430723,2182.3391027285957,0.10137156961875639,2.6696142E-5,10.834337,8.420976E-4,0.25905964,0.004019455,0.012410316,0.0021251997,0.06452417,0.019823797,null,null,null,null,null,null,0.01181719,0.0018568308,0.25905964,0.004019455,"ONEGAUSSIAN_WITH_ELLIPSOIDAL",6,62.844803,0.25905964,0.004019455,0.069497764,0.011901118,0.08815854,0.018655019,null,null,null,null,null,null
375316653866487564,5886906510636173440,0.4616077,2143.248481959663,2.8411850834516783,7.1089194E-6,18.528547,0.004410657,0.23670024,0.012340545,0.028767355,0.010080168,0.052125182,0.024425274,0.6701019,0.0029499377,0.017497148,0.0034675163,0.33384642,0.18673924,null,null,null,null,"TWOGAUSSIANS",8,6.5784593,0.6701019,0.0029499377,0.09798403,0.01941809,0.33384642,0.18673924,0.23670024,0.012340545,0.1610972,0.056448944,0.052125182,0.024425274
375316653866487564,5886906544996110080,0.49026743,2200.436335818576,0.7567831626575335,2.0171743E-5,18.931492,0.0032362016,0.23678884,0.0030213061,0.04025022,0.008122665,0.37242877,0.12947075,0.750339,0.0043270034,0.03157279,0.004552949,0.07088512,0.00354089,null,null,null,null,"TWOGAUSSIANS",8,1.2153287,0.23678884,0.0030213061,0.22540122,0.045486923,0.37242877,0.12947075,0.750339,0.0043270034,0.17680761,0.025496516,0.07088512,0.0035408898
375316653866487564,5886907030352006016,0.44812435,2179.8146806231266,1.0794542129970093,2.2678201E-5,19.318346,0.023103295,0.27578694,0.026195105,0.07878786,0.046756737,0.21389924,0.25225794,0.76294094,0.0053778943,0.064084426,0.016400497,0.16761832,0.020500721,null,null,null,null,"TWOGAUSSIANS",8,2.7253368,0.27578694,0.026195105,0.4,0.14539924,0.21329163,0.25376862,0.76294094,0.0053778943,0.35887277,0.091842785,0.16701072,0.02004894
375316653866487564,5886907270878313600,0.5687143,2180.2811634764817,1.4293992794783619,1.2694683E-5,16.971733,0.006358144,0.24045812,0.0022622333,0.06852093,0.0047659,0.1641267,0.008812581,0.73301077,0.0035559097,0.07915779,0.0038048634,0.33630183,0.011670596,null,null,null,null,"TWOGAUSSIANS",8,13.33059,0.73301077,0.0035559097,0.4,0.0,0.33499396,0.0115574505,0.24045812,0.0022622333,0.38371724,0.02668904,0.1628188,0.0087748105
375316653866487564,5886907507068677376,0.54587144,2148.303976182844,0.9969921685945323,7.291914E-6,18.75334,0.009408913,0.2804084,0.0018556989,0.032801848,0.0018645774,0.40109622,0.009321213,0.77937984,0.0026489717,0.033437923,0.0022840952,0.5966975,0.06805383,null,null,null,null,"TWOGAUSSIANS",8,6.7354145,0.77937984,0.0026489717,0.18725237,0.012790933,0.5966975,0.06805383,0.2804084,0.0018556989,0.18369034,0.010441633,0.40109622,0.009321213
375316653866487564,5886907683195192576,0.5100481,2178.1504039022775,3.7667238829548535,2.9746192E-5,17.411827,0.035559323,0.2375289,0.008505965,0.09270445,0.015981283,0.3010724,0.033099174,0.7309243,0.011499425,0.09628706,0.023949547,0.33630598,0.028472487,null,null,null,null,"TWOGAUSSIANS",8,35.67332,0.7309243,0.011499425,0.4,0.0,0.31877565,0.03922416,0.2375289,0.008504782,0.4,0.0,0.28354272,0.021909494
375316653866487564,5886907958065239936,0.44842115,2187.3866771754847,2.0146366184009037,9.756642E-5,19.921068,0.04299265,0.23433363,0.017607022,0.052203897,0.061304465,0.32188106,0.17604041,0.7316528,0.017828932,0.06707614,0.018762892,0.4746439,0.11290001,null,null,null,null,"TWOGAUSSIANS",8,8.250276,0.7316528,0.017828932,0.3756264,0.067709014,0.47453332,0.112594925,0.23433363,0.017607022,0.29234183,0.15917167,0.3217705,0.18525426
375316653866487564,5886907958073091712,0.5929864,2206.442963269015,3.019779950004194,6.999181E-6,16.594803,0.015112896,0.14882736,0.0020572832,0.050200023,0.0057675275,0.18511778,0.03501732,0.6491818,0.0031623207,0.05180161,0.0071166516,0.29781547,0.035020497,0.10078315,0.019409543,0.14882736,0.0020572832,"TWOGAUSSIANS_WITH_ELLIPSOIDAL_ON_ECLIPSE1",9,16.145239,0.6491818,0.0029901068,0.290089,0.03985325,0.49937728,0.04361894,0.14882736,0.0020572832,0.28112012,0.03229815,0.3866806,0.00691474
375316653866487564,5886908129863936000,0.48836952,2173.210003569377,3.2482870780046897,2.2874823E-5,18.418589,0.009060588,0.25036538,0.010581597,0.06759673,0.011613297,0.32839206,0.038912825,0.7407042,0.0056250123,0.07578614,0.0089325365,0.21602328,0.02165225,null,null,null,null,"TWOGAUSSIANS",8,11.490556,0.25036538,0.010581597,0.3785417,0.046120033,0.32744652,0.03930407,0.7407042,0.0056250123,0.4,0.006056479,0.21507774,0.02183192
375316653866487564,5886908370382197248,0.5335248,2189.6484349194066,0.22430264161114655,1.5363735E-6,19.51922,0.00930671,0.35418376,0.06820305,0.018789068,0.02181223,0.8124069,3.0267115,0.85751027,3.1016517E-4,0.015402612,3.0226877E-4,0.9358874,0.011563236,null,null,null,null,"TWOGAUSSIANS",8,4.726794,0.85751027,3.1016517E-4,0.086254634,0.0016927051,0.9358874,0.011563236,0.35418376,0.06820305,0.105218776,0.12214849,0.8124069,3.0267115
375316653866487564,5886910122753926144,0.5296059,2179.5182584194713,0.2260455753934184,1.2415322E-4,16.795588,0.0017387251,0.45879185,0.001693224,0.023314588,0.0018717551,0.20031214,0.021125402,0.77192,0.017930962,0.03235329,0.016580768,0.014408337,0.011846828,null,null,null,null,"TWOGAUSSIANS",8,3.8171432,0.45879185,0.001693224,0.1305617,0.010481829,0.20031214,0.021125402,0.77192,0.017930962,0.18117842,0.0928523,0.014408337,0.011846828
375316653866487564,5886910535070816384,0.5489722,2171.5840479495682,0.38249622530010163,7.1407635E-6,16.421795,0.0016005265,0.46793076,0.0011252819,0.03138611,0.0016817263,0.26666418,0.008064822,null,null,null,null,null,null,null,null,null,null,"ONEGAUSSIAN",5,13.156992,0.46793076,0.0011252819,0.17576222,0.009417668,0.26666418,0.0,null,null,null,null,null,null
375316653866487564,5886911149204193664,0.44489086,2147.158464770436,3.3182283704935562,2.0625072E-5,19.590511,0.023799859,0.3435101,0.0071820454,0.065589234,0.009217043,0.3141265,0.046817068,0.8420144,0.028561177,0.07941376,0.029380538,0.1802714,0.041114632,null,null,null,null,"TWOGAUSSIANS",8,2.6802876,0.3435101,0.0071820454,0.36729974,0.051615443,0.31296775,0.046696402,0.8420144,0.028561177,0.4,0.04241397,0.17911266,0.041940864
375316653866487564,5886911286634308736,0.56947166,2145.4639655170354,1.3544127792202465,9.2171995E-6,18.24802,0.004762186,0.28777847,0.0014894011,0.04729174,0.0013774119,0.5235632,0.014023622,0.7972352,0.005725584,0.049638208,0.0048757414,0.16197777,0.013109309,null,null,null,null,"TWOGAUSSIANS",8,3.6782467,0.28777847,0.0014894011,0.26483375,0.007713507,0.52356267,0.014023636,0.7972352,0.005725584,0.27797398,0.027304152,0.16197719,0.013109366
375316653866487564,5886911286643152896,0.44307762,2143.2332030895636,2.062709166562124,5.5723267E-5,18.873322,0.014726367,0.36990127,0.0073822984,0.049437046,0.0068535954,0.1916357,0.029427834,0.664484,0.078043975,0.061554816,0.037566416,0.042068277,0.018418556,null,null,null,null,"TWOGAUSSIANS",8,4.7022333,0.36990127,0.0073822984,0.27684745,0.038380135,0.19163615,0.029428776,0.664484,0.078043975,0.34470698,0.21037193,0.04206828,0.018418556
375316653866487564,5886911290928185088,0.5882208,2168.311341231587,3.160055942871056,8.622015E-6,17.96953,0.020018749,0.2380166,0.0016648202,0.051903695,0.005530413,0.31730562,0.0458583,0.7433947,0.0119053,0.04698373,0.015319448,0.2649089,0.041787986,0.07301744,0.024546837,0.2380166,0.0016648202,"TWOGAUSSIANS_WITH_ELLIPSOIDAL_ON_ECLIPSE1",9,5.297405,0.2380166,0.0016648202,0.29066068,0.03097031,0.46333724,0.028751828,0.7433947,0.01131581,0.2631089,0.085788906,0.41077387,0.02291782
375316653866487564,5886912661024012928,0.54016125,2176.744418649589,0.938502280029975,3.0506382E-5,19.04339,0.0063785324,0.3036744,0.011187626,0.03781394,0.013870283,0.5483887,0.28340152,0.19178396,0.007771031,0.024864437,0.00563335,0.17652287,0.07838223,null,null,null,null,"TWOGAUSSIANS",8,2.4522831,0.3036744,0.011188602,0.21175806,0.077673584,0.5483958,0.28340536,0.19398397,0.0065282956,0.13924085,0.03154676,0.18399683,0.0717885
375316653866487564,5886912768397290240,0.48417723,2152.9567354886212,0.9729507104336519,5.3925898E-5,19.610369,0.017732484,0.24520046,0.009546769,0.093588725,0.015000764,0.14453548,0.026415017,0.7461592,0.008096309,0.08052611,0.011169311,0.31357533,0.028382016,null,null,null,null,"TWOGAUSSIANS",8,1.911613,0.7461592,0.008096309,0.4,0.0,0.3070965,0.0286434,0.24520046,0.009546769,0.4,0.0,0.1380565,0.024898814
375316653866487564,5886913386929110144,0.6364163,2147.7751417644354,2.096351359627607,3.7624204E-6,16.14065,0.014283244,0.2868092,9.932718E-4,0.069734015,0.0336245,0.04913213,0.023791634,0.78031147,0.0036477218,0.05461894,0.014951883,0.08805139,0.02229886,0.099210635,0.0160828,0.2868092,9.932718E-4,"TWOGAUSSIANS_WITH_ELLIPSOIDAL_ON_ECLIPSE1",9,5.630778,0.7825614,0.0024694619,0.30586606,0.08373055,0.28617442,0.013175688,0.2868092,9.932718E-4,0.39051047,0.17790553,0.24747114,0.011571844
375316653866487564,5886913799189342080,0.4654119,2159.7455100186467,1.5440760350998046,6.618849E-5,19.611467,0.009212892,0.43138483,0.008323714,0.03989164,0.011347749,0.31617898,0.12746538,0.7909525,0.004696821,0.013333903,0.0048173484,0.4876193,0.45633936,null,null,null,null,"TWOGAUSSIANS",8,3.670805,0.7909525,0.004696821,0.07466985,0.026977152,0.4876193,0.45633936,0.43138483,0.008323714,0.2233932,0.063547395,0.31617898,0.12746538
375316653866487564,5886913863614797184,0.52739346,2133.020037806247,0.45094740886097223,2.1483122E-5,19.504005,0.009864057,0.22497241,0.008797738,0.032775383,0.0075136805,0.21335565,0.06312267,0.72774565,0.0055320165,0.02358626,0.0050406833,0.78153205,0.08282427,null,null,null,null,"TWOGAUSSIANS",8,3.1777651,0.72774565,0.0055320165,0.13208306,0.028227825,0.78153205,0.08282427,0.22497241,0.008797738,0.18354215,0.04207661,0.21335565,0.06312267
375316653866487564,5886914207220787840,0.46535996,2137.029104348172,0.17581663612644777,4.073904E-5,19.280825,0.014756635,0.24185936,0.006682461,0.0489057,0.009291118,0.34321564,0.281973,0.7179537,0.005653311,0.04118463,0.00557841,0.46831527,0.12681888,null,null,null,null,"TWOGAUSSIANS",8,5.6125784,0.7179537,0.005653311,0.23063393,0.031239094,0.46831524,0.12681891,0.24185936,0.006682461,0.27387193,0.052030258,0.3432156,0.28197303
375316653866487564,5886914967420812672,0.51690716,2141.6403149998614,1.0346500013762405,6.306437E-6,18.023733,0.0030206,0.26448315,0.0017095051,0.029622314,0.0019640375,0.28353962,0.029398365,0.70316833,0.04291731,0.0927546,0.032243732,0.021825051,0.019680737,null,null,null,null,"TWOGAUSSIANS",8,2.5041037,0.26448315,0.0017095051,0.16588496,0.0109986095,0.28353813,0.029398745,0.70316833,0.04291731,0.4,0.0,0.02182325,0.019683009
375316653866487564,5886914997486120448,0.5328533,2151.8740734902976,2.9180604818704943,1.3714181E-5,18.81574,0.008781093,0.25446767,0.008532585,0.075284034,0.009425644,0.21381968,0.013823585,0.7560334,0.003974046,0.0815219,0.004455999,0.27503115,0.014281368,null,null,null,null,"TWOGAUSSIANS",8,2.6072404,0.7560334,0.003974046,0.4,0.0,0.27210855,0.013941754,0.25446767,0.008532585,0.4,0.0,0.2108971,0.0139962165
375316653866487564,5886915379737409024,0.47939193,2158.9670771241385,0.0507223715975019,1.1099378E-6,19.031097,0.017422356,0.32042918,0.015007308,0.111358814,0.03607106,0.10895229,0.022343826,0.68782824,8.810891E-7,7.459174E-4,1.3009612E-5,7.4582553,0.4418105,null,null,null,null,"TWOGAUSSIANS",8,7.3549137,0.68782824,8.810891E-7,0.0041771373,7.285383E-5,7.458718,0.44034114,0.32042918,0.015007308,0.4,0.0,0.10894316,0.02236599
375316653866487564,5886916990360015232,0.4970086,2148.678369313689,2.1419307731048445,2.0202055E-5,19.901724,0.030296426,0.23874621,0.017412864,0.06337557,0.020243391,0.34379318,0.03205694,0.7297523,0.004251885,0.07558048,0.008976137,0.36681524,0.043171395,null,null,null,null,"TWOGAUSSIANS",8,3.3500543,0.7297523,0.004251885,0.4,0.0,0.36594933,0.04185717,0.23874621,0.017412864,0.35490316,0.07630027,0.3429273,0.028364306
375316653866487564,5886917849344594304,0.5340231,2170.749264128548,3.396094507280654,1.0798132E-5,18.134996,0.013161516,0.15087172,0.0050325724,0.06833761,0.0070433463,0.46877852,0.049525607,0.66656363,0.0025800015,0.072987795,0.004944976,0.35395887,0.016058262,null,null,null,null,"TWOGAUSSIANS",8,11.200345,0.15087172,0.0050325724,0.38269064,0.03390048,0.46773854,0.05007212,0.66656363,0.0025800015,0.4,0.0,0.3529189,0.015792405
375316653866487564,5886917918072848256,0.5407162,2134.611510215136,2.8141908629776777,1.1172416E-5,17.306492,0.051629655,0.24060607,0.0027854834,0.10403236,0.011250931,0.32598296,0.04845496,0.7302086,0.0035866024,0.12874408,0.018471723,0.30187157,0.0494719,null,null,null,null,"TWOGAUSSIANS",8,7.4257383,0.24070606,0.0028265526,0.4,0.0,0.27032202,0.012233939,0.7302086,0.0035866024,0.4,0.0,0.24588232,0.011192755
375316653866487564,5886918197238439808,0.5048425,2172.667321106064,0.2644747037593508,1.0509435E-4,18.28274,0.002133017,0.5009248,0.0067149648,0.010715085,0.0030161534,0.31511003,0.09969059,null,null,null,null,null,null,null,null,null,null,"ONEGAUSSIAN",5,2.5171857,0.5009248,0.0067149648,0.06000448,0.016890459,0.31511003,0.0,null,null,null,null,null,null
375316653866487564,5886918987512452480,0.49682418,2161.07769043428,1.543200015527684,1.9150988E-5,19.946037,0.0072829225,0.26614222,0.0038393985,0.05798015,0.0039918735,0.4972344,0.07187542,0.7719996,0.0068135695,0.04742223,0.0059887925,0.2754926,0.03569201,null,null,null,null,"TWOGAUSSIANS",8,1.3278462,0.26614222,0.0038393985,0.32468882,0.022354493,0.49722686,0.071880005,0.7719996,0.0068135695,0.26556447,0.03353724,0.27548504,0.035699304
375316653866487564,5886919365524001664,0.43044466,2178.725330860353,0.23179508103990362,4.0154766E-5,15.374671,0.00439306,0.22735842,0.0012150661,0.0139017645,0.0018179641,0.04315112,0.0050963718,0.57346046,0.03597306,0.120154925,0.023186758,0.09767649,0.009560922,null,null,null,null,"TWOGAUSSIANS",8,22.04127,0.57346046,0.03597306,0.4,0.0,0.097642556,0.009528237,0.22752841,0.0011507842,0.07784988,0.010180599,0.044662353,0.005585006
375316653866487564,5886919777840814720,0.45452914,2164.27800977037,1.1634955691441577,1.8735525E-5,17.574497,0.0041701873,0.24445733,0.0037029823,0.042472165,0.0066897785,0.14643458,0.010409989,null,null,null,null,null,null,0.046920974,0.0051939366,0.24445733,0.0037029823,"ONEGAUSSIAN_WITH_ELLIPSOIDAL",6,6.7332406,0.24445733,0.0037029823,0.23784412,0.03746276,0.24027652,0.010972063,null,null,null,null,null,null
375316653866487564,5886921255309647232,0.51514125,2176.1602210690853,0.25782624152881956,7.808592E-5,15.596679,0.005317464,0.1494788,0.0050693275,0.020930722,0.004889376,0.2376504,0.014584988,0.6440092,0.04608755,0.02548514,0.04384515,0.21250038,0.16669662,null,null,null,null,"TWOGAUSSIANS",8,89.16415,0.1494788,0.0050693275,0.11721204,0.027380506,0.2376504,0.014584988,0.6440092,0.04608755,0.14271678,0.24553284,0.21250038,0.16669662
