Gaia/vari_eclipsing_binary/VariEclipsingBinary_663253-663268.csv
# %ECSV 1.0
# ---
# delimiter: ','
# meta: !!omap
# - RELEASE: Gaia DR3
# - TABLE: vari_eclipsing_binary
# - DESCRIPTION: >
#     This table describes the properties of the eclipsing binaries resulting from the variability analysis. 
# - CITATION: >
#     How to cite and acknowledge Gaia: 
#     https://gea.esac.esa.int/archive/documentation/credits.html 
# - KNOWN_ISSUES: >
#     Known issues: 
#     https://www.cosmos.esa.int/web/gaia-users/known-issues 
# - DOCUMENTATION: >
#     Tutorials and documentation: 
#     https://www.cosmos.esa.int/web/gaia-users/archive 
# datatype:
# - 
#   name: solution_id
#   datatype: int64
#   description: Solution Identifier
#   meta:
#     ucd: meta.version
# - 
#   name: source_id
#   datatype: int64
#   description: Unique source identifier
#   meta:
#     ucd: meta.id;meta.main
# - 
#   name: global_ranking
#   datatype: float32
#   description: Number between 0 (worst) and 1 (best)
#   meta:
#     ucd: stat.param
# - 
#   name: reference_time
#   datatype: float64
#   unit: d
#   description: Reference time used for the geometric model fit
#   meta:
#     ucd: time.epoch
# - 
#   name: frequency
#   datatype: float64
#   unit: d**-1
#   description: Frequency of geometric model of the eclipsing binary light curve
#   meta:
#     ucd: src.orbital
# - 
#   name: frequency_error
#   datatype: float32
#   unit: d**-1
#   description: "Uncertainty of \\texttt{frequency}"
#   meta:
#     ucd: stat.error
# - 
#   name: geom_model_reference_level
#   datatype: float32
#   unit: mag
#   description: Magnitude reference level of geometric model
#   meta:
#     ucd: phot.mag;em.opt
# - 
#   name: geom_model_reference_level_error
#   datatype: float32
#   unit: mag
#   description: "Uncertainty of \\texttt{geomModelReferenceLevel}"
#   meta:
#     ucd: stat.error;phot.mag;em.opt
# - 
#   name: geom_model_gaussian1_phase
#   datatype: float32
#   description: Phase of the Gaussian 1 component
#   meta:
#     ucd: time.phase
# - 
#   name: geom_model_gaussian1_phase_error
#   datatype: float32
#   description: "Uncertainty of \\texttt{geomModelGaussian1Phase}"
#   meta:
#     ucd: stat.error;time.phase
# - 
#   name: geom_model_gaussian1_sigma
#   datatype: float32
#   description: "Standard deviation [phase] of Gaussian 1 component"
#   meta:
#     ucd: stat.stdev
# - 
#   name: geom_model_gaussian1_sigma_error
#   datatype: float32
#   description: "Uncertainty of \\texttt{geomModelGaussian1Sigma}"
#   meta:
#     ucd: stat.error
# - 
#   name: geom_model_gaussian1_depth
#   datatype: float32
#   unit: mag
#   description: Magnitude depth of Gaussian 1 component
#   meta:
#     ucd: src.var.amplitude
# - 
#   name: geom_model_gaussian1_depth_error
#   datatype: float32
#   unit: mag
#   description: "Uncertainty of \\texttt{geomModelGaussian1Depth}"
#   meta:
#     ucd: stat.error;src.var.amplitude
# - 
#   name: geom_model_gaussian2_phase
#   datatype: float32
#   description: Phase of Gaussian 2 component
#   meta:
#     ucd: time.phase
# - 
#   name: geom_model_gaussian2_phase_error
#   datatype: float32
#   description: "Uncertainty of \\texttt{geomModelGaussian2Phase}"
#   meta:
#     ucd: stat.error;time.phase
# - 
#   name: geom_model_gaussian2_sigma
#   datatype: float32
[...]
#   datatype: float32
#   description: "Secondary eclipse: uncertainty of \\texttt{derivedSecondaryEclDuration}"
#   meta:
#     ucd: stat.error;time.duration
# - 
#   name: derived_secondary_ecl_depth
#   datatype: float32
#   unit: mag
#   description: "Secondary eclipse: depth"
#   meta:
#     ucd: src.var.amplitude
# - 
#   name: derived_secondary_ecl_depth_error
#   datatype: float32
#   unit: mag
#   description: "Secondary eclipse: uncertainty of \\texttt{derivedSecondaryEclDepth}"
#   meta:
#     ucd: stat.error;src.var.amplitude
solution_id,source_id,global_ranking,reference_time,frequency,frequency_error,geom_model_reference_level,geom_model_reference_level_error,geom_model_gaussian1_phase,geom_model_gaussian1_phase_error,geom_model_gaussian1_sigma,geom_model_gaussian1_sigma_error,geom_model_gaussian1_depth,geom_model_gaussian1_depth_error,geom_model_gaussian2_phase,geom_model_gaussian2_phase_error,geom_model_gaussian2_sigma,geom_model_gaussian2_sigma_error,geom_model_gaussian2_depth,geom_model_gaussian2_depth_error,geom_model_cosine_half_period_amplitude,geom_model_cosine_half_period_amplitude_error,geom_model_cosine_half_period_phase,geom_model_cosine_half_period_phase_error,model_type,num_model_parameters,reduced_chi2,derived_primary_ecl_phase,derived_primary_ecl_phase_error,derived_primary_ecl_duration,derived_primary_ecl_duration_error,derived_primary_ecl_depth,derived_primary_ecl_depth_error,derived_secondary_ecl_phase,derived_secondary_ecl_phase_error,derived_secondary_ecl_duration,derived_secondary_ecl_duration_error,derived_secondary_ecl_depth,derived_secondary_ecl_depth_error
[from data line 328]
375316653866487564,5834111089028740992,0.5108449,2153.1105754025184,0.4876520800271625,1.0736887E-6,18.215693,0.0015793393,0.17405094,2.8625425E-7,0.013741811,2.7907983E-4,0.32620054,0.0095020635,0.5194746,2.6566613E-5,0.0061468575,1.4587124E-4,0.39762703,0.016472774,null,null,null,null,"TWOGAUSSIANS",8,1.8410215,0.5194746,2.6566613E-5,0.0344224,8.168789E-4,0.39762703,0.016472774,0.17405094,2.8625425E-7,0.07695414,0.0015628472,0.32620054,0.0095020635
375316653866487564,5834111093391997056,0.63873947,2180.3217227164914,0.2074895400308107,5.7385165E-5,13.433618,7.4582145E-4,0.7604222,0.0575746,0.123124026,0.04369994,0.0044457144,0.0017077959,0.8649732,7.7187695E-4,0.006583031,3.2981602E-4,0.50567216,0.035490267,null,null,null,null,"TWOGAUSSIANS",8,19.774427,0.8649732,7.7187695E-4,0.036864974,0.0018469696,0.50876987,0.035627995,0.7604222,0.0575746,0.4,0.0,0.0044433814,0.0017079968
375316653866487564,5834111363906583424,0.5192548,2158.023981313049,2.640205762626149,1.6371938E-5,19.35461,0.017810557,0.1889116,0.0032764862,0.09140403,0.0061057047,0.42152244,0.01810145,0.67576855,0.006029573,0.07985982,0.010604831,0.41687152,0.03560387,null,null,null,null,"TWOGAUSSIANS",8,3.5977204,0.1889116,0.0032764862,0.4,0.0,0.4121226,0.01450433,0.67576855,0.006029573,0.4,0.0,0.40747204,0.03839993
375316653866487564,5834111540068643840,0.46358213,2157.39983678685,0.6788106281511391,2.705169E-5,14.585936,0.0060184216,0.24438484,0.009432176,0.105613716,0.017675746,0.042516552,0.0059175813,0.7355536,0.0108393375,0.10688147,0.02278207,0.037014216,0.005593567,null,null,null,null,"TWOGAUSSIANS",8,18.303473,0.24439484,0.009432139,0.4,0.0,0.038010135,0.002878171,0.7355536,0.0108393375,0.4,0.0,0.032507636,0.002885458
375316653866487564,5834111608759994368,0.56017745,2155.573147625045,2.4759545440392916,1.1394644E-5,18.163166,0.011767325,0.2658842,0.009475532,0.043419853,0.010815321,0.28280345,0.037049834,0.7872609,0.002847078,0.03798712,0.0075168046,0.27691382,0.032043483,0.14436716,0.023336068,0.7872609,0.002847078,"TWOGAUSSIANS_WITH_ELLIPSOIDAL_ON_ECLIPSE2",9,14.796716,0.2686842,0.009498361,0.24315117,0.060565796,0.5670337,0.026289757,0.7872609,0.002847078,0.21272787,0.042094108,0.5656473,0.024570493
375316653866487564,5834111746227166720,0.58101237,2163.5792666763764,1.3183983861770072,5.801936E-6,13.765449,0.38387856,0.24643141,0.0012255718,0.16151646,0.06083263,0.21332265,0.31607127,0.7462577,0.0014997273,0.17985411,0.09903173,0.21719788,0.36591795,null,null,null,null,"TWOGAUSSIANS",8,10.892897,0.2464814,0.0013301576,0.4,0.0,0.075494386,0.0020251349,0.7462577,0.0015193691,0.4,0.0,0.07379793,0.0012538204
375316653866487564,5834111780587061760,0.5502361,2163.196468737709,3.297471453158336,9.604982E-6,18.07523,0.011047962,0.17309435,0.0027253414,0.05095985,0.010505533,0.10797231,0.03222432,0.66084284,0.005431361,0.06172851,0.008348524,0.15665455,0.024116399,0.09472746,0.013642596,0.17309435,0.0027253414,"TWOGAUSSIANS_WITH_ELLIPSOIDAL_ON_ECLIPSE1",9,6.6820207,0.6641128,0.00361641,0.34567964,0.046751734,0.34526718,0.013124802,0.17309435,0.0027253414,0.28537518,0.058830984,0.29740727,0.026868273
375316653866487564,5834111849311462784,0.45892477,2121.1412501257773,2.7071171840785855,3.248805E-5,18.951044,0.018229526,0.3316362,0.009929994,0.07587427,0.013320954,0.43825692,0.0867099,0.8298633,0.00382313,0.076542,0.0064159296,0.34922287,0.018383332,null,null,null,null,"TWOGAUSSIANS",8,1.9550722,0.3316362,0.009929994,0.4,0.024813894,0.43479368,0.08966682,0.8298633,0.00382313,0.4,0.0,0.34575963,0.014578695
375316653866487564,5834111986717548160,0.4708105,2163.2242727716484,2.5961119738263365,2.5262105E-5,19.177671,0.06477602,0.27547452,0.012050774,0.102936946,0.035839103,0.21124816,0.057309058,0.7912703,0.0073686163,0.101657085,0.03235081,0.25000632,0.05490624,null,null,null,null,"TWOGAUSSIANS",8,4.1866326,0.7912703,0.0073419865,0.4,0.0,0.23088141,0.017615745,0.27546453,0.012072377,0.4,0.0,0.1921228,0.025708104
375316653866487564,5834112261623111936,0.6651386,2147.113394244807,0.5907328815174357,2.6041614E-6,17.895409,0.0024372975,0.11183284,0.014553019,0.021763116,0.012914899,0.15278888,0.35286328,0.6099795,4.1375632E-4,0.024039643,0.0015999038,1.0016918,0.023976041,0.025098791,0.0052138134,0.11183284,0.014553019,"TWOGAUSSIANS_WITH_ELLIPSOIDAL_ON_ECLIPSE1",9,3.674151,0.6099795,4.0824126E-4,0.13462201,0.008959461,1.0518826,0.025581578,0.11183284,0.014553019,0.12187345,0.072323434,0.20298645,0.35509452
375316653866487564,5834112295955766784,0.48786148,2156.1655325097836,2.772296596912651,2.1499267E-5,19.773438,0.04765368,0.29681447,0.008114276,0.10418969,0.021123398,0.31863716,0.04237768,0.7940953,0.0061814883,0.10165614,0.016444309,0.36347055,0.043715224,null,null,null,null,"TWOGAUSSIANS",8,2.2333162,0.7940953,0.0061813546,0.4,0.0,0.32903284,0.034101177,0.29681447,0.008114276,0.4,0.0,0.28419712,0.027641583
375316653866487564,5834112399062133120,0.6078932,2157.576038706456,1.2058278563099525,5.4708917E-6,15.703773,0.0017257108,0.19188942,0.0045383326,0.038374495,0.004147044,0.06938883,0.009045014,0.68992996,9.08682E-4,0.044658944,8.852998E-4,0.40081167,0.009327726,null,null,null,null,"TWOGAUSSIANS",8,25.375076,0.68992996,9.08682E-4,0.2500901,0.0049576787,0.40081167,0.009327727,0.19188942,0.0045383326,0.21489717,0.023223445,0.06938882,0.009045019
375316653866487564,5834112605220505088,0.63497806,2171.127206296924,1.5881564763754021,3.4190753E-6,15.713082,0.006768235,0.28132388,0.0013976009,0.101144336,0.0034352918,0.27858847,0.0061533577,0.7680687,0.0016991332,0.09291982,0.002861944,0.27739686,0.0067125587,null,null,null,null,"TWOGAUSSIANS",8,10.61948,0.28132388,0.0013976009,0.4,0.0,0.2617706,0.004978014,0.7680687,0.0016991332,0.4,0.0,0.26058194,0.0035020022
375316653866487564,5834112742631267328,0.5082156,2158.372459424266,3.0245946698063966,1.1003071E-5,16.96023,0.019761061,0.29550695,0.003545513,0.09634057,0.00881325,0.2552227,0.018803433,0.8065598,0.004422692,0.08910721,0.010618329,0.19654237,0.018968163,null,null,null,null,"TWOGAUSSIANS",8,23.104918,0.29550695,0.003545513,0.4,0.0,0.24513628,0.013673673,0.8065598,0.004422692,0.4,0.0,0.18645673,0.013985163
375316653866487564,5834112811350810880,0.42186886,2152.072112742191,0.6848694325368665,8.381594E-5,18.96009,0.041933086,0.22016746,0.009639643,0.08797271,0.025885977,0.1571417,0.038434967,0.7180731,0.026014734,0.09135301,0.057531286,0.12724899,0.031091036,null,null,null,null,"TWOGAUSSIANS",8,10.3066225,0.22016746,0.009636146,0.4,0.0,0.15154709,0.020738626,0.7180731,0.026014734,0.4,0.0,0.121654324,0.02454228
375316653866487564,5834113120616757504,0.54477316,2152.8427408740795,2.8288098074094723,1.7696122E-5,18.740702,0.008220825,0.23790461,0.0031291705,0.06659822,0.0038031244,0.31885973,0.013283349,0.7346476,0.0032552131,0.06791306,0.0045908345,0.3671379,0.02920917,null,null,null,null,"TWOGAUSSIANS",8,3.1961682,0.7346476,0.0032552131,0.38031316,0.025708674,0.36651292,0.029404027,0.23790461,0.0031291705,0.37295005,0.021297496,0.31823474,0.013187526
375316653866487564,5834113292387361920,0.47813928,2156.8918842614944,1.4191448077133233,1.4030123E-5,19.826513,0.0071138744,0.17016208,9.0193585E-4,0.039669033,0.004385199,0.5414946,0.09326496,0.67198765,0.0030014399,0.042680923,0.0036052915,0.2609578,0.0118642505,null,null,null,null,"TWOGAUSSIANS",8,1.9079977,0.17016208,9.0193585E-4,0.22214657,0.024557114,0.5414946,0.093264975,0.67198765,0.0030014399,0.23901317,0.020189632,0.2609578,0.01186425
375316653866487564,5834113361107003392,0.44294503,2092.418372125564,2.559446705830123,4.2845644E-5,19.433613,0.0337424,0.3182275,0.0237527,0.07638996,0.038199462,0.23085326,0.048164044,0.7754556,0.006952216,0.092205785,0.0120087,0.3631212,0.034998868,null,null,null,null,"TWOGAUSSIANS",8,2.6658027,0.7754556,0.006952216,0.4,0.0,0.35981718,0.028197419,0.3182275,0.023777422,0.4,0.022744285,0.22755088,0.05085427
375316653866487564,5834113498573901568,0.59390515,2151.1159656188865,0.33249016673421095,4.87722E-6,13.232674,4.5485405E-4,0.19007704,0.0015302934,0.020899437,0.0021790878,0.105187185,0.014708861,0.68873364,0.0021016789,0.017930336,0.0016870789,0.17166516,0.03344995,0.009340061,6.788777E-4,0.19007704,0.0015302934,"TWOGAUSSIANS_WITH_ELLIPSOIDAL_ON_ECLIPSE1",9,9.016425,0.68873364,0.0021013732,0.10040989,0.009447642,0.19034393,0.03373055,0.19007704,0.0015302934,0.11703685,0.0122028915,0.12386729,0.01489948
375316653866487564,5834113704704424704,0.49051672,2152.9156881300355,1.2705563197478895,1.4455191E-5,17.09492,0.0010052731,null,null,null,null,null,null,null,null,null,null,null,null,0.035032995,0.0016766476,0.18691425,0.0031806368,"ELLIPSOIDAL",4,3.4947512,null,null,null,null,null,null,null,null,null,null,null,null
375316653866487564,5834113739092042368,0.61862034,2145.9471200373173,0.7084258515060535,7.235234E-6,15.650215,0.0014398188,0.30250654,0.0013144425,0.029254526,0.0011250358,0.3143502,0.005961753,0.8053782,0.001541681,0.03179352,0.0019373454,0.10134667,0.006220046,0.016486697,0.0020825125,0.30250654,0.0013144425,"TWOGAUSSIANS_WITH_ELLIPSOIDAL_ON_ECLIPSE1",9,9.2522545,0.30250654,0.0013144425,0.16382535,0.0063002002,0.3473236,0.005569054,0.8053782,0.001541681,0.17804371,0.010849134,0.13430932,0.0057852725
375316653866487564,5834114013942384128,0.51645666,2137.9694191506183,2.798755804136037,1.3046459E-5,19.549149,0.010820505,0.2966448,0.0046794666,0.08295979,0.0065432405,0.30523184,0.016534997,0.7938782,0.0048367735,0.082175106,0.006545034,0.32132727,0.014232772,null,null,null,null,"TWOGAUSSIANS",8,1.8542043,0.7938782,0.0048367735,0.4,0.0,0.3152474,0.014599592,0.2966448,0.0046794666,0.4,0.0,0.29915196,0.016278582
375316653866487564,5834114460651098624,0.47363082,2149.492853722573,3.389783341292766,3.173253E-5,19.44151,0.038239602,0.21606624,0.008409653,0.07047409,0.010063629,0.43517196,0.060452983,0.69248223,0.0092015825,0.08047197,0.014541338,0.3684804,0.03562783,null,null,null,null,"TWOGAUSSIANS",8,9.349573,0.21606624,0.008409653,0.3946549,0.05024888,0.43323496,0.059986617,0.69248223,0.0092015825,0.4,0.008016418,0.36654344,0.034479726
375316653866487564,5834114593697072512,0.63884103,2164.831082159157,2.4482820219503365,7.046838E-6,18.147738,0.008982994,0.21635017,8.5903896E-4,0.042681355,0.0021863661,0.34924424,0.022226945,0.71528983,0.0015250897,0.044724565,0.0022444206,0.41391504,0.020806748,0.13765292,0.010855426,0.21635017,8.5903896E-4,"TWOGAUSSIANS_WITH_ELLIPSOIDAL_ON_ECLIPSE1",9,4.6109557,0.71538985,0.0013748684,0.25045758,0.012568755,0.6892096,0.013205785,0.21635017,8.5903896E-4,0.2390156,0.01224365,0.6245498,0.014988992
375316653866487564,5834114632420432896,0.43134078,2183.361236743491,1.2583349249613973,8.382987E-5,19.310923,0.12950368,0.26180622,0.0078394385,0.06590167,0.015435062,0.24289906,0.059363704,0.7452611,0.03144688,0.08633297,0.23942862,0.08436423,0.08766952,null,null,null,null,"TWOGAUSSIANS",8,5.6162252,0.26180622,0.007445896,0.3690493,0.0689151,0.24208002,0.02980523,0.7452611,0.03144688,0.4,0.071918935,0.08354516,0.035599533
375316653866487564,5834115697572865792,0.5158964,2175.416219549452,2.0123380209229893,1.068202E-5,19.286745,0.009589315,0.24307248,0.016517883,0.0352127,0.018665014,0.16904412,0.13410488,0.7371514,0.0032175859,0.056552753,0.0038545015,0.56098545,0.021674009,null,null,null,null,"TWOGAUSSIANS",8,6.0608654,0.7371514,0.0032175859,0.31669542,0.021585207,0.5609853,0.021673804,0.24307248,0.016517883,0.1971911,0.104524076,0.16904394,0.13410537
375316653866487564,5834115697601755392,0.5398829,2202.249796115599,3.45041180260874,2.4970317E-5,17.801937,0.008875106,0.28027633,0.0026368408,0.070710115,0.0037321267,0.50520945,0.018065618,0.7757575,0.0055758613,0.0685806,0.009322617,0.350287,0.026840797,null,null,null,null,"TWOGAUSSIANS",8,19.835817,0.28027633,0.0026368408,0.39597663,0.017702365,0.50401574,0.018125271,0.7757575,0.0055758613,0.38405132,0.029145764,0.3490933,0.027538123
375316653866487564,5834116419128110080,0.52412987,2150.67012822404,4.3696817197918465,2.1360907E-5,18.688202,0.007406499,0.25912416,0.0074943034,0.07022299,0.005689135,0.4085277,0.016992461,0.757397,0.009302491,0.07569049,0.009103743,0.3696288,0.07105954,null,null,null,null,"TWOGAUSSIANS",8,3.9097888,0.25912416,0.0074943034,0.3932487,0.031103216,0.40642932,0.016939824,0.757397,0.009302491,0.4,0.014276333,0.3675304,0.07202716
375316653866487564,5834116453486624384,0.5575312,2159.9182100315943,2.4700027488041294,8.089804E-6,19.702728,0.01416963,0.20258622,0.0024944898,0.04048822,0.0052579157,0.37167785,0.036298193,0.70154667,0.003399821,0.04258116,0.0054945624,0.42647848,0.041014057,0.1448022,0.02272204,0.20258622,0.0024944898,"TWOGAUSSIANS_WITH_ELLIPSOIDAL_ON_ECLIPSE1",9,3.6003268,0.7016367,0.0030842314,0.23845449,0.03076955,0.71607137,0.03485999,0.20258622,0.0024944898,0.22673403,0.02944433,0.661282,0.032539863
375316653866487564,5834116487871539584,0.5253307,2173.178688218459,0.47664170792773225,1.7486249E-5,17.504404,0.002539624,0.29623598,8.20416E-4,0.0142272,5.5469107E-4,0.39933574,0.016605237,0.81237054,0.0024047946,0.015604273,7.587935E-4,0.46614674,0.09046649,null,null,null,null,"TWOGAUSSIANS",8,6.1282516,0.81237054,0.0024047946,0.08738393,0.0042492435,0.46614674,0.09046649,0.29623598,8.20416E-4,0.07967232,0.00310627,0.39933574,0.016605237
375316653866487564,5834116620925038080,0.4787693,2185.004334693793,2.087998677418486,2.6664886E-5,17.68987,0.42956376,0.2190996,0.0060188505,0.14095905,0.10459663,0.19419234,0.4201294,0.72074175,0.0059281946,0.11924018,0.054840542,0.22346325,0.343553,null,null,null,null,"TWOGAUSSIANS",8,8.432011,0.72079176,0.0059977197,0.4,0.0,0.16010188,0.013854764,0.2190896,0.006046001,0.4,0.0,0.13017882,0.014530673
375316653866487564,5834116930162248704,0.5193876,2169.760535733075,0.3609796599317483,2.3377057E-5,17.769073,0.0014434141,0.18167138,0.0021465824,0.022714306,0.002094156,0.14420216,0.003580773,0.6760111,0.0031973335,0.02291315,0.0022979553,0.063163765,0.0034808265,null,null,null,null,"TWOGAUSSIANS",8,1.6245855,0.18167138,0.0021465824,0.12720011,0.011727274,0.14420216,0.003580773,0.6760111,0.0031973335,0.12831365,0.01286855,0.063163765,0.0034808265
375316653866487564,5834117003267693952,0.5886017,2190.032203938148,1.5203873579039018,5.810408E-6,17.329664,0.014931087,0.27612558,0.007218145,0.097973816,0.010839283,0.16517952,0.016707689,0.755717,0.0017977466,0.097612746,0.0056341384,0.2837416,0.013602668,null,null,null,null,"TWOGAUSSIANS",8,3.9816952,0.755717,0.0017977466,0.4,0.0,0.2712609,0.008051486,0.27612558,0.0072263023,0.4,0.0,0.15269946,0.010543301
375316653866487564,5834117209401470976,0.41655397,2173.930341171303,2.327431759465239,6.491793E-5,19.139393,0.0068480135,null,null,null,null,null,null,null,null,null,null,null,null,0.062247347,0.009864132,0.30648574,0.011625561,"ELLIPSOIDAL",4,7.1636176,null,null,null,null,null,null,null,null,null,null,null,null
375316653866487564,5834118446377124224,0.51637167,2177.35925375908,0.16369309179700095,2.1337813E-5,18.091257,0.0015024091,0.553711,0.01107214,0.008624552,0.0051408424,0.58789736,4.591635,0.79281485,0.012125176,0.024008289,0.028074548,0.045456376,7.104186,null,null,null,null,"TWOGAUSSIANS",8,3.2457879,0.553711,0.01107214,0.04829749,0.028788717,0.58789736,4.591635,0.79281485,0.012125176,0.13444643,0.15721747,0.045456376,7.104186
375316653866487564,5834118686899027840,0.6015761,2185.4281291585703,0.6982225590494022,9.883774E-6,18.11376,0.003504708,0.25484672,0.011956188,0.022348033,0.02794816,0.082183674,1.5433619E22,0.7537409,0.008031805,0.027554842,0.0044323406,1.3798466,0.2134135,null,null,null,null,"TWOGAUSSIANS",8,9.444732,0.7537409,0.008031805,0.15430711,0.024821108,1.3798466,0.2134135,0.25484672,0.011956188,0.12514898,0.1565097,0.082183674,1.5433619E22
