Gaia/vari_eclipsing_binary/VariEclipsingBinary_638915-639040.csv
# %ECSV 1.0
# ---
# delimiter: ','
# meta: !!omap
# - RELEASE: Gaia DR3
# - TABLE: vari_eclipsing_binary
# - DESCRIPTION: >
#     This table describes the properties of the eclipsing binaries resulting from the variability analysis. 
# - CITATION: >
#     How to cite and acknowledge Gaia: 
#     https://gea.esac.esa.int/archive/documentation/credits.html 
# - KNOWN_ISSUES: >
#     Known issues: 
#     https://www.cosmos.esa.int/web/gaia-users/known-issues 
# - DOCUMENTATION: >
#     Tutorials and documentation: 
#     https://www.cosmos.esa.int/web/gaia-users/archive 
# datatype:
# - 
#   name: solution_id
#   datatype: int64
#   description: Solution Identifier
#   meta:
#     ucd: meta.version
# - 
#   name: source_id
#   datatype: int64
#   description: Unique source identifier
#   meta:
#     ucd: meta.id;meta.main
# - 
#   name: global_ranking
#   datatype: float32
#   description: Number between 0 (worst) and 1 (best)
#   meta:
#     ucd: stat.param
# - 
#   name: reference_time
#   datatype: float64
#   unit: d
#   description: Reference time used for the geometric model fit
#   meta:
#     ucd: time.epoch
# - 
#   name: frequency
#   datatype: float64
#   unit: d**-1
#   description: Frequency of geometric model of the eclipsing binary light curve
#   meta:
#     ucd: src.orbital
# - 
#   name: frequency_error
#   datatype: float32
#   unit: d**-1
#   description: "Uncertainty of \\texttt{frequency}"
#   meta:
#     ucd: stat.error
# - 
#   name: geom_model_reference_level
#   datatype: float32
#   unit: mag
#   description: Magnitude reference level of geometric model
#   meta:
#     ucd: phot.mag;em.opt
# - 
#   name: geom_model_reference_level_error
#   datatype: float32
#   unit: mag
#   description: "Uncertainty of \\texttt{geomModelReferenceLevel}"
#   meta:
#     ucd: stat.error;phot.mag;em.opt
# - 
#   name: geom_model_gaussian1_phase
#   datatype: float32
#   description: Phase of the Gaussian 1 component
#   meta:
#     ucd: time.phase
# - 
#   name: geom_model_gaussian1_phase_error
#   datatype: float32
#   description: "Uncertainty of \\texttt{geomModelGaussian1Phase}"
#   meta:
#     ucd: stat.error;time.phase
# - 
#   name: geom_model_gaussian1_sigma
#   datatype: float32
#   description: "Standard deviation [phase] of Gaussian 1 component"
#   meta:
#     ucd: stat.stdev
# - 
#   name: geom_model_gaussian1_sigma_error
#   datatype: float32
#   description: "Uncertainty of \\texttt{geomModelGaussian1Sigma}"
#   meta:
#     ucd: stat.error
# - 
#   name: geom_model_gaussian1_depth
#   datatype: float32
#   unit: mag
#   description: Magnitude depth of Gaussian 1 component
#   meta:
#     ucd: src.var.amplitude
# - 
#   name: geom_model_gaussian1_depth_error
#   datatype: float32
#   unit: mag
#   description: "Uncertainty of \\texttt{geomModelGaussian1Depth}"
#   meta:
#     ucd: stat.error;src.var.amplitude
# - 
#   name: geom_model_gaussian2_phase
#   datatype: float32
#   description: Phase of Gaussian 2 component
#   meta:
#     ucd: time.phase
# - 
#   name: geom_model_gaussian2_phase_error
#   datatype: float32
#   description: "Uncertainty of \\texttt{geomModelGaussian2Phase}"
#   meta:
#     ucd: stat.error;time.phase
# - 
#   name: geom_model_gaussian2_sigma
#   datatype: float32
[...]
#   datatype: float32
#   description: "Secondary eclipse: uncertainty of \\texttt{derivedSecondaryEclDuration}"
#   meta:
#     ucd: stat.error;time.duration
# - 
#   name: derived_secondary_ecl_depth
#   datatype: float32
#   unit: mag
#   description: "Secondary eclipse: depth"
#   meta:
#     ucd: src.var.amplitude
# - 
#   name: derived_secondary_ecl_depth_error
#   datatype: float32
#   unit: mag
#   description: "Secondary eclipse: uncertainty of \\texttt{derivedSecondaryEclDepth}"
#   meta:
#     ucd: stat.error;src.var.amplitude
solution_id,source_id,global_ranking,reference_time,frequency,frequency_error,geom_model_reference_level,geom_model_reference_level_error,geom_model_gaussian1_phase,geom_model_gaussian1_phase_error,geom_model_gaussian1_sigma,geom_model_gaussian1_sigma_error,geom_model_gaussian1_depth,geom_model_gaussian1_depth_error,geom_model_gaussian2_phase,geom_model_gaussian2_phase_error,geom_model_gaussian2_sigma,geom_model_gaussian2_sigma_error,geom_model_gaussian2_depth,geom_model_gaussian2_depth_error,geom_model_cosine_half_period_amplitude,geom_model_cosine_half_period_amplitude_error,geom_model_cosine_half_period_phase,geom_model_cosine_half_period_phase_error,model_type,num_model_parameters,reduced_chi2,derived_primary_ecl_phase,derived_primary_ecl_phase_error,derived_primary_ecl_duration,derived_primary_ecl_duration_error,derived_primary_ecl_depth,derived_primary_ecl_depth_error,derived_secondary_ecl_phase,derived_secondary_ecl_phase_error,derived_secondary_ecl_duration,derived_secondary_ecl_duration_error,derived_secondary_ecl_depth,derived_secondary_ecl_depth_error
[from data line 361]
375316653866487564,5620368261943440640,0.5516319,2206.2189314174134,2.024734196296577,1.0885952E-5,17.464521,0.089485526,0.24635811,0.0030426632,0.16292945,0.050686553,0.14500806,0.08786122,0.74941057,0.0030431524,0.12291587,0.017514579,0.18507221,0.07509061,null,null,null,null,"TWOGAUSSIANS",8,1.4999021,0.7496306,0.0030234598,0.4,0.0,0.12093571,0.0032805123,0.24629812,0.0030297502,0.4,0.0,0.078347676,0.0033808053
375316653866487564,5620371874011160960,0.4438187,2172.914445440001,3.0249764474949274,3.360844E-5,19.396214,0.0056593088,0.13814953,0.011154386,0.023806626,0.014618295,0.84676397,0.747862,null,null,null,null,null,null,null,null,null,null,"ONEGAUSSIAN",5,8.045372,0.13814953,0.011154386,0.13331711,0.08186246,0.84676397,0.0,null,null,null,null,null,null
375316653866487564,5620372698644885504,0.5051497,2189.1474284713304,2.3967138101071614,2.4260084E-5,19.501375,0.014592158,0.2427436,0.0044105877,0.08203722,0.0048617264,0.35149527,0.023391131,0.7380789,0.0052635195,0.09336322,0.009269653,0.30543435,0.02014264,null,null,null,null,"TWOGAUSSIANS",8,2.9387403,0.2427436,0.0044105877,0.4,0.0,0.34113443,0.022013621,0.7380789,0.0052635195,0.4,0.0,0.29507312,0.020352406
375316653866487564,5620374416641680512,0.5850069,2212.4106070370167,0.3619654756057842,3.39171E-5,14.535011,7.2029734E-4,0.25783518,0.002900452,0.019374043,0.0015217147,0.19215219,0.026831849,0.75555176,0.015754351,0.021201205,0.04099366,0.20150445,0.2275686,null,null,null,null,"TWOGAUSSIANS",8,13.80934,0.75555176,0.015754351,0.118726745,0.2295645,0.20150445,0.2275686,0.25783518,0.002900452,0.10849464,0.0085216025,0.19215219,0.026831849
375316653866487564,5620374893375564544,0.49348953,2204.78042548591,2.565741136135268,5.2728796E-5,18.378317,0.004308217,0.098844565,0.024148514,0.035691097,0.023719184,0.05161994,0.01518508,0.60832137,0.0073647522,0.040807996,0.0103664445,0.21581669,0.016000638,null,null,null,null,"TWOGAUSSIANS",8,6.7486672,0.60832137,0.0073647522,0.22852477,0.05805209,0.21581669,0.016000643,0.098844565,0.024148514,0.19987014,0.13282743,0.05161994,0.015185096
375316653866487564,5620375000757259904,0.590467,2229.989683674609,3.5026402783239403,5.249031E-6,17.73484,0.009548987,0.21518405,0.0015260912,0.043617327,0.0040828376,0.3088916,0.02400263,0.7182171,0.0018531992,0.048539616,0.0027882596,0.37270662,0.024512652,0.12879874,0.015199364,0.21518405,0.0015260912,"TWOGAUSSIANS_WITH_ELLIPSOIDAL_ON_ECLIPSE1",9,9.7575445,0.7182171,0.0018531992,0.27182186,0.015614254,0.63020927,0.015391058,0.21518405,0.0015260912,0.24425703,0.022863891,0.5664878,0.018470738
375316653866487564,5620375202613300352,0.555765,2198.9377622103984,2.230070514361741,8.292989E-6,17.456327,0.008539131,0.24907199,0.004258619,0.103697814,0.010011173,0.13445996,0.0077889147,0.73283243,0.0016925853,0.094172396,0.004606725,0.20173183,0.007827527,null,null,null,null,"TWOGAUSSIANS",8,3.2299411,0.73283243,0.0016925853,0.4,0.0,0.19095606,0.004089028,0.24907199,0.004258619,0.4,0.0,0.12368154,0.006137136
375316653866487564,5620375928470122496,0.48446286,2224.3623172621164,0.5163036029770658,1.5614589E-5,18.12897,0.0020409431,0.3434613,0.006813761,0.02036671,0.005324446,0.06006857,0.014026865,0.83822393,4.4913925E-4,0.017150212,0.0010550146,0.24996054,0.023189751,null,null,null,null,"TWOGAUSSIANS",8,3.4716053,0.83822393,4.4913925E-4,0.09604119,0.0059080813,0.24996054,0.023189751,0.3434613,0.006813761,0.11405358,0.029816898,0.06006857,0.014026865
375316653866487564,5620377710876874752,0.6256818,2178.2248848709255,1.6081710425768438,1.743374E-5,17.036293,0.002066229,0.29821527,0.005689244,0.039514497,0.0067969384,0.3671829,0.010965844,0.79964364,0.00824732,0.031705927,0.004985527,0.06524087,0.0053086043,0.025255073,0.0027784065,0.29821527,0.005689244,"TWOGAUSSIANS_WITH_ELLIPSOIDAL_ON_ECLIPSE1",9,3.8591416,0.29821527,0.005689244,0.22128119,0.038062856,0.417693,0.010105185,0.79964364,0.00815768,0.17755319,0.027918952,0.115746886,0.0028503502
375316653866487564,5620377715176521088,0.52286464,2171.81923005538,0.15260922041277605,1.2793781E-5,15.977819,8.7980914E-4,0.70710623,0.0032629764,0.011015873,0.004015808,0.025921581,0.0071242535,0.8750598,0.0069118906,0.0074245017,0.0021172392,0.25156972,0.23872526,null,null,null,null,"TWOGAUSSIANS",8,3.8574443,0.8750598,0.0069118906,0.04157721,0.011856539,0.25156972,0.23872526,0.70710623,0.0032629764,0.06168889,0.022488525,0.025921581,0.0071242535
375316653866487564,5620378196212775296,0.5416116,2184.5267140661877,0.8616606224025593,2.5953763E-5,16.645718,0.0013596988,0.14119986,0.0024704235,0.024204345,0.0038072474,0.031241909,0.004876641,0.64452237,0.011645231,0.024973478,0.0043463325,0.14102633,0.038665317,0.012640614,0.0019251879,0.14119986,0.0024704235,"TWOGAUSSIANS_WITH_ELLIPSOIDAL_ON_ECLIPSE1",9,3.4804826,0.64452237,0.011645231,0.13985148,0.024339462,0.16629651,0.03775155,0.14119986,0.0024704235,0.13554433,0.021320585,0.0565231,0.0045670737
375316653866487564,5620380773193045632,0.5701469,2169.966999642841,1.8013981071273286,2.2741468E-5,17.238106,8.0484577E-4,0.5695272,0.005659688,0.019770477,0.0044676517,0.40830338,0.19899961,0.71232414,0.008888144,0.0066719814,0.003606524,0.21877792,1.7243446,null,null,null,null,"TWOGAUSSIANS",8,1.7709113,0.5695272,0.005659688,0.110714674,0.02501885,0.40830338,0.19899961,0.71232414,0.008888144,0.037363097,0.020196535,0.21877792,1.7243446
375316653866487564,5620381421726338048,0.5230485,2157.447861668289,0.9324939011242305,1.990186E-5,18.342936,0.0024397257,0.22715433,0.006596063,0.027695142,0.0076118046,0.018228631,0.008409389,0.7352951,0.0031535607,0.029819505,0.002472943,0.14853126,0.017240923,0.029014748,0.0033404173,0.22715433,0.006596063,"TWOGAUSSIANS_WITH_ELLIPSOIDAL_ON_ECLIPSE1",9,1.3386531,0.7352951,0.0031535607,0.16698924,0.01384848,0.20640899,0.017153306,0.22715433,0.006596063,0.15509279,0.042626105,0.076258056,0.006518321
375316653866487564,5620381563467088512,0.43246222,2190.530884973235,0.015797190509151956,3.9677E-5,18.636942,0.026796155,0.26738217,0.017768748,0.08210129,0.036600158,0.09684707,0.028646147,0.7575754,0.011600368,0.14085253,0.033276066,0.116137974,0.023668036,null,null,null,null,"TWOGAUSSIANS",8,4.2658496,0.7575754,0.011600368,0.4,0.0,0.10083179,0.009112159,0.26755217,0.01773655,0.4,0.10261565,0.08197942,0.03614112
375316653866487564,5620383865569650048,0.42022708,2178.624984134354,2.684741886582994,9.4767885E-5,17.505705,0.00494515,0.57819045,0.017431745,0.1464192,0.021880293,0.05341964,0.0066165794,0.9315047,0.029148938,0.041560534,0.019283025,0.016944971,0.008486884,null,null,null,null,"TWOGAUSSIANS",8,6.771685,0.57819045,0.017431745,0.4,0.0,0.0530844,0.0063719735,0.9315047,0.029148938,0.23273899,0.10798494,0.019518942,0.008651132
375316653866487564,5620389466208315392,0.46781087,2189.3213159100183,1.8351441048114672,2.3745146E-5,17.953297,0.005507692,0.66607624,0.0060815313,0.069476254,0.077101745,0.01490695,2398292.0,null,null,null,null,null,null,0.08024168,0.0065886206,0.66607624,0.0060815313,"ONEGAUSSIAN_WITH_ELLIPSOIDAL",6,15.845909,0.66607624,0.0060815313,0.38906702,0.39143795,0.17536695,2398292.0,null,null,null,null,null,null
375316653866487564,5620389668062432768,0.57113975,2196.1406651244197,4.151138977748651,1.2126029E-5,18.375431,0.008280753,0.30171975,0.0032354847,0.0826216,0.0048231026,0.25311646,0.010056692,0.8122205,0.0024447716,0.07896805,0.0040032174,0.29167026,0.00919483,null,null,null,null,"TWOGAUSSIANS",8,2.58942,0.8122205,0.0024447716,0.4,0.0,0.2879815,0.008779286,0.30171975,0.0032354847,0.4,0.0,0.2494277,0.009258624
375316653866487564,5620389809805691136,0.66916764,2177.562065478618,1.94756741473706,3.6758133E-6,17.138845,0.0036642489,0.2590462,5.787378E-4,0.053975884,0.001071504,0.35275048,0.00905121,0.7626088,0.0034062008,0.048865248,0.0047639175,0.046622053,0.009103593,0.048918642,0.0053036995,0.2590462,5.787378E-4,"TWOGAUSSIANS_WITH_ELLIPSOIDAL_ON_ECLIPSE1",9,2.0222862,0.2590462,5.787378E-4,0.30226496,0.0060004224,0.4505799,0.0051219817,0.7626088,0.0034062008,0.2736454,0.026677938,0.14440246,0.0032247114
375316653866487564,5620390428281006592,0.5658938,2139.94351283486,0.7578832198559088,1.0838631E-5,16.769526,0.0010292608,0.2498133,0.0021560658,0.025545247,0.006625552,0.04750398,0.0061181504,0.74084485,0.0043318127,0.02752319,0.004739499,0.05847438,0.016160104,0.035079792,0.0018700539,0.2498133,0.0021560658,"TWOGAUSSIANS_WITH_ELLIPSOIDAL_ON_ECLIPSE1",9,2.3928509,0.7414448,0.00418027,0.15412986,0.026541196,0.12842618,0.016375516,0.2498133,0.0021560658,0.14305338,0.03710309,0.11766347,0.0068497234
375316653866487564,5620390600079432960,0.4476412,2169.222690765805,0.0376209182569505,1.2408497E-4,17.444294,0.0031541714,0.28072795,0.013825393,0.057789322,0.011992446,0.0955485,0.016530013,0.74570006,0.0032223207,0.017565295,0.008857604,0.035976227,0.6816343,null,null,null,null,"TWOGAUSSIANS",8,5.3958097,0.28072795,0.013825393,0.3236202,0.0671577,0.0955485,0.016530013,0.74570006,0.0032223207,0.09836565,0.049602583,0.035976227,0.6816343
375316653866487564,5620391596511979136,0.5271266,2184.0293744893597,0.6301876318367202,1.6216602E-5,15.348867,7.87085E-4,null,null,null,null,null,null,null,null,null,null,null,null,0.027148912,0.0010836765,0.2587809,0.003375398,"ELLIPSOIDAL",4,8.003061,null,null,null,null,null,null,null,null,null,null,null,null
375316653866487564,5620394237905971840,0.53402895,2128.719808629429,4.2842659422458915,1.2684968E-5,19.701433,0.010475764,0.19927113,0.0041642003,0.07289233,0.005598382,0.55381703,0.05653344,0.7056353,0.0029773863,0.070700176,0.0038841416,0.6660257,0.034270633,null,null,null,null,"TWOGAUSSIANS",8,2.263239,0.7056353,0.0029773863,0.39592096,0.021269713,0.66360825,0.03463102,0.19927113,0.0041642003,0.4,0.004561026,0.5513996,0.05767964
375316653866487564,5620396166357258880,0.4731771,2169.7377120555784,1.9391362003016142,4.7657144E-5,15.135973,0.013534006,0.31512117,0.06213903,0.053167325,0.044232666,0.10038771,0.045567922,0.76670045,0.005193129,0.037260763,0.012798943,0.15636268,0.03609191,0.05426891,0.01830114,0.76670045,0.005193129,"TWOGAUSSIANS_WITH_ELLIPSOIDAL_ON_ECLIPSE2",9,433.03275,0.76670045,0.005193129,0.20866029,0.07167408,0.26490006,0.04049259,0.30590117,0.026046729,0.297737,0.24566741,0.20097439,0.039209783
375316653866487564,5620397712545142912,0.5244613,2186.6732307825964,1.494144192457225,1.9377036E-5,17.106083,0.093111716,0.19188836,0.00561422,0.13748464,0.036135603,0.117962986,0.081854,0.6950492,0.005362067,0.16597109,0.062852174,0.114248276,0.09201035,null,null,null,null,"TWOGAUSSIANS",8,1.5149629,0.19147837,0.0055719903,0.4,0.0,0.06222418,0.0033816344,0.6952092,0.0052373866,0.4,0.0,0.056379084,0.0026739368
375316653866487564,5620398674609294336,0.51359135,2191.214399214762,3.1538650047215877,1.8690504E-5,18.55721,0.0041913274,0.5761977,1.0680593E-4,0.0031324357,1.18809425E-4,0.46342075,0.02697248,0.26920623,0.014023554,0.0179693,0.016972799,0.02023621,204.633,null,null,null,null,"TWOGAUSSIANS",8,3.1427886,0.5761977,1.0680593E-4,0.01754164,6.653328E-4,0.46342075,0.02697248,0.26920623,0.014023554,0.10062807,0.09504767,0.02023621,204.633
375316653866487564,5620399872903459712,0.5493434,2164.0218943566483,1.6528610644423698,7.826843E-6,18.66448,0.0054493803,0.2780236,0.004598732,0.057795253,0.004247646,0.28986564,0.0213642,0.78956443,0.0019151391,0.05731399,0.0036945664,0.19657703,0.010729759,null,null,null,null,"TWOGAUSSIANS",8,1.9937881,0.2780236,0.004598732,0.32365343,0.023786815,0.2898411,0.02137626,0.78956443,0.0019151391,0.32095835,0.020689571,0.19655246,0.010736783
375316653866487564,5620400010349566080,0.48107785,2182.2117863079034,0.5116079041872119,1.2860014E-4,18.69417,0.008525386,0.2691376,0.0090762805,0.06868948,0.012497025,0.15958379,0.017589157,0.77876437,0.0069295857,0.072569504,0.008451877,0.1534445,0.022834588,null,null,null,null,"TWOGAUSSIANS",8,3.8841531,0.2691376,0.0090762805,0.38466108,0.050454136,0.15911734,0.017783074,0.77876437,0.0069295857,0.4,0.0295352,0.15297805,0.022852715
375316653866487564,5620401389037238400,0.45021963,2151.8007518949057,2.609646542335492,4.3763288E-5,15.878166,0.0075493455,0.22127649,0.00882138,0.08491624,0.012199694,0.0833588,0.007956584,0.7325002,0.0092676375,0.082233086,0.0159957,0.0983972,0.0145705985,null,null,null,null,"TWOGAUSSIANS",8,61.628895,0.7325002,0.0092676375,0.4,0.0,0.096714914,0.0149465455,0.22127649,0.00882138,0.4,0.0,0.081676506,0.006690678
375316653866487564,5620401560835916672,0.54338396,2171.8909194048397,0.8443849299094018,1.6261578E-5,18.129974,0.0014949859,0.25031766,0.025078531,0.052309703,0.020313995,0.013949417,0.003376216,0.4698055,7.852315E-4,0.004792946,4.608861E-4,0.53429943,0.14966062,null,null,null,null,"TWOGAUSSIANS",8,1.2996874,0.4698055,7.852315E-4,0.026840499,0.0025809621,0.5343015,0.14966159,0.25031766,0.025078531,0.29293433,0.11375837,0.013949417,0.003376216
375316653866487564,5620402866505818240,0.6474293,2144.638267550767,1.814885761197338,3.5975836E-6,15.834734,0.0060490035,0.2604244,0.0012213739,0.045533814,0.0075400867,0.070740744,0.01362581,0.75621057,0.004948869,0.05344704,0.010398059,0.06162434,0.012743187,0.085146524,0.0076577086,0.2604244,0.0012213739,"TWOGAUSSIANS_WITH_ELLIPSOIDAL_ON_ECLIPSE1",9,5.03724,0.2604244,0.0012213739,0.25498936,0.042224485,0.24103214,0.0076891836,0.75783056,0.0027123266,0.29930344,0.05822913,0.2318422,0.0037080315
375316653866487564,5620405340399335296,0.52525944,2154.744823473395,1.9624417839763735,2.4677845E-5,19.656843,0.007107877,0.21797757,0.008088293,0.021618912,0.010122165,0.20227315,0.05330197,0.7168161,0.0012101898,0.025689134,0.0012610606,0.43694094,0.018248087,null,null,null,null,"TWOGAUSSIANS",8,2.131289,0.7168161,0.0012101898,0.14385915,0.007061939,0.43694094,0.018248087,0.21797757,0.008088293,0.12106591,0.056684125,0.20227315,0.05330197
375316653866487564,5620405477846326400,0.5743619,2174.3409017789245,3.115883573465694,5.348488E-6,16.946867,0.008124549,0.25990087,0.0034360127,0.09080193,0.005621232,0.23650059,0.012735617,0.74175733,0.0013650634,0.09113277,0.0045885337,0.29689035,0.009920008,null,null,null,null,"TWOGAUSSIANS",8,7.771115,0.74175733,0.0013650634,0.4,0.0,0.28771323,0.010888633,0.25990087,0.0034360127,0.4,0.0,0.22732353,0.012903049
375316653866487564,5620405954577798656,0.52429795,2169.6837487422113,3.8653909236150072,1.7851076E-5,18.157116,0.04733303,0.2973276,0.007243893,0.10720373,0.017469931,0.22022825,0.04699177,0.7739624,0.003642202,0.12409134,0.024279987,0.16456403,0.045265492,null,null,null,null,"TWOGAUSSIANS",8,2.6471205,0.2974576,0.0069581685,0.4,0.0,0.1914767,0.008766432,0.7739624,0.003642202,0.4,0.0,0.13569947,0.0059694215
375316653866487564,5620406852235764224,0.6820869,2173.7671309915113,0.40923071775913966,3.6282315E-6,14.958809,2.8016194E-4,0.5192675,0.0014071792,0.018916985,6.725184E-4,0.2835983,0.00953978,null,null,null,null,null,null,null,null,null,null,"ONEGAUSSIAN",5,1.4541658,0.5192675,0.0014071792,0.10593512,0.003766103,0.2835983,0.0,null,null,null,null,null,null
375316653866487564,5620407195833093248,0.5494256,2146.4484001044125,2.0761185538597218,7.0555775E-6,17.169058,0.005136878,0.18718821,0.0023377948,0.05293972,0.002546749,0.33659872,0.006527086,0.68208355,0.0021454005,0.05417469,0.0022508558,0.36097583,0.010044613,null,null,null,null,"TWOGAUSSIANS",8,21.743725,0.68208355,0.0021454005,0.30337828,0.012604793,0.36096546,0.010043727,0.18718821,0.0023377948,0.29646245,0.014261795,0.33658838,0.006524281
