Gaia/vari_eclipsing_binary/VariEclipsingBinary_670777-670818.csv
# %ECSV 1.0
# ---
# delimiter: ','
# meta: !!omap
# - RELEASE: Gaia DR3
# - TABLE: vari_eclipsing_binary
# - DESCRIPTION: >
#     This table describes the properties of the eclipsing binaries resulting from the variability analysis. 
# - CITATION: >
#     How to cite and acknowledge Gaia: 
#     https://gea.esac.esa.int/archive/documentation/credits.html 
# - KNOWN_ISSUES: >
#     Known issues: 
#     https://www.cosmos.esa.int/web/gaia-users/known-issues 
# - DOCUMENTATION: >
#     Tutorials and documentation: 
#     https://www.cosmos.esa.int/web/gaia-users/archive 
# datatype:
# - 
#   name: solution_id
#   datatype: int64
#   description: Solution Identifier
#   meta:
#     ucd: meta.version
# - 
#   name: source_id
#   datatype: int64
#   description: Unique source identifier
#   meta:
#     ucd: meta.id;meta.main
# - 
#   name: global_ranking
#   datatype: float32
#   description: Number between 0 (worst) and 1 (best)
#   meta:
#     ucd: stat.param
# - 
#   name: reference_time
#   datatype: float64
#   unit: d
#   description: Reference time used for the geometric model fit
#   meta:
#     ucd: time.epoch
# - 
#   name: frequency
#   datatype: float64
#   unit: d**-1
#   description: Frequency of geometric model of the eclipsing binary light curve
#   meta:
#     ucd: src.orbital
# - 
#   name: frequency_error
#   datatype: float32
#   unit: d**-1
#   description: "Uncertainty of \\texttt{frequency}"
#   meta:
#     ucd: stat.error
# - 
#   name: geom_model_reference_level
#   datatype: float32
#   unit: mag
#   description: Magnitude reference level of geometric model
#   meta:
#     ucd: phot.mag;em.opt
# - 
#   name: geom_model_reference_level_error
#   datatype: float32
#   unit: mag
#   description: "Uncertainty of \\texttt{geomModelReferenceLevel}"
#   meta:
#     ucd: stat.error;phot.mag;em.opt
# - 
#   name: geom_model_gaussian1_phase
#   datatype: float32
#   description: Phase of the Gaussian 1 component
#   meta:
#     ucd: time.phase
# - 
#   name: geom_model_gaussian1_phase_error
#   datatype: float32
#   description: "Uncertainty of \\texttt{geomModelGaussian1Phase}"
#   meta:
#     ucd: stat.error;time.phase
# - 
#   name: geom_model_gaussian1_sigma
#   datatype: float32
#   description: "Standard deviation [phase] of Gaussian 1 component"
#   meta:
#     ucd: stat.stdev
# - 
#   name: geom_model_gaussian1_sigma_error
#   datatype: float32
#   description: "Uncertainty of \\texttt{geomModelGaussian1Sigma}"
#   meta:
#     ucd: stat.error
# - 
#   name: geom_model_gaussian1_depth
#   datatype: float32
#   unit: mag
#   description: Magnitude depth of Gaussian 1 component
#   meta:
#     ucd: src.var.amplitude
# - 
#   name: geom_model_gaussian1_depth_error
#   datatype: float32
#   unit: mag
#   description: "Uncertainty of \\texttt{geomModelGaussian1Depth}"
#   meta:
#     ucd: stat.error;src.var.amplitude
# - 
#   name: geom_model_gaussian2_phase
#   datatype: float32
#   description: Phase of Gaussian 2 component
#   meta:
#     ucd: time.phase
# - 
#   name: geom_model_gaussian2_phase_error
#   datatype: float32
#   description: "Uncertainty of \\texttt{geomModelGaussian2Phase}"
#   meta:
#     ucd: stat.error;time.phase
# - 
#   name: geom_model_gaussian2_sigma
#   datatype: float32
[...]
#   datatype: float32
#   description: "Secondary eclipse: uncertainty of \\texttt{derivedSecondaryEclDuration}"
#   meta:
#     ucd: stat.error;time.duration
# - 
#   name: derived_secondary_ecl_depth
#   datatype: float32
#   unit: mag
#   description: "Secondary eclipse: depth"
#   meta:
#     ucd: src.var.amplitude
# - 
#   name: derived_secondary_ecl_depth_error
#   datatype: float32
#   unit: mag
#   description: "Secondary eclipse: uncertainty of \\texttt{derivedSecondaryEclDepth}"
#   meta:
#     ucd: stat.error;src.var.amplitude
solution_id,source_id,global_ranking,reference_time,frequency,frequency_error,geom_model_reference_level,geom_model_reference_level_error,geom_model_gaussian1_phase,geom_model_gaussian1_phase_error,geom_model_gaussian1_sigma,geom_model_gaussian1_sigma_error,geom_model_gaussian1_depth,geom_model_gaussian1_depth_error,geom_model_gaussian2_phase,geom_model_gaussian2_phase_error,geom_model_gaussian2_sigma,geom_model_gaussian2_sigma_error,geom_model_gaussian2_depth,geom_model_gaussian2_depth_error,geom_model_cosine_half_period_amplitude,geom_model_cosine_half_period_amplitude_error,geom_model_cosine_half_period_phase,geom_model_cosine_half_period_phase_error,model_type,num_model_parameters,reduced_chi2,derived_primary_ecl_phase,derived_primary_ecl_phase_error,derived_primary_ecl_duration,derived_primary_ecl_duration_error,derived_primary_ecl_depth,derived_primary_ecl_depth_error,derived_secondary_ecl_phase,derived_secondary_ecl_phase_error,derived_secondary_ecl_duration,derived_secondary_ecl_duration_error,derived_secondary_ecl_depth,derived_secondary_ecl_depth_error
[from data line 148]
375316653866487564,5900300284543487488,0.42632994,2176.7480010290933,1.1741722075855994,4.1103693E-5,18.704357,0.23373178,0.233752,0.01628821,0.14676113,0.07167375,0.20939386,0.21021868,0.7603618,0.015279206,0.1483731,0.046386413,0.19518228,0.20659298,null,null,null,null,"TWOGAUSSIANS",8,5.3612123,0.231842,0.013792932,0.4,0.0,0.12871988,0.028795341,0.7624618,0.012104761,0.4,0.0,0.11443627,0.013458653
375316653866487564,5900300348963377280,0.5153715,2171.9526269593275,1.2960128095825394,3.9316394E-5,19.012941,0.005892273,0.26568285,0.004015809,0.038290218,0.005839952,0.4798118,0.13614596,0.7684076,0.014649608,0.047207598,0.010561893,0.26336572,0.028199753,null,null,null,null,"TWOGAUSSIANS",8,2.4411829,0.26568285,0.004015809,0.21442522,0.03270373,0.4798118,0.1361461,0.7684076,0.014649608,0.26436254,0.0591466,0.2633657,0.028199645
375316653866487564,5900301006129884288,0.49588192,2107.17414821045,2.32908586080703,3.094829E-5,19.656742,0.00510604,0.4205549,0.004087578,0.05554014,0.0041966652,0.48866993,0.02908649,null,null,null,null,null,null,null,null,null,null,"ONEGAUSSIAN",5,1.7899284,0.4205549,0.004087578,0.31102479,0.023501325,0.48866993,0.0,null,null,null,null,null,null
375316653866487564,5900301792072142592,0.54727805,2123.9889207158785,2.539687996619125,1.1093156E-5,18.646484,0.01200501,0.28800055,0.0034422877,0.0892377,0.0070685614,0.2703793,0.011538442,0.775642,0.002158233,0.08393493,0.005645032,0.2583099,0.011957485,null,null,null,null,"TWOGAUSSIANS",8,1.4795434,0.28800055,0.0034422877,0.4,0.0,0.26373634,0.009119382,0.775642,0.002158233,0.4,0.0,0.25166702,0.010895908
375316653866487564,5900302174361057280,0.6124317,2160.0523302035103,2.6357598438720244,4.611295E-6,14.496241,0.007720334,0.22501333,0.0011895933,0.048799094,0.00417106,0.21350498,0.017848952,0.7271533,0.0015995506,0.047455225,0.0032201915,0.17093614,0.018597761,0.115643166,0.010360753,0.22501333,0.0011895933,"TWOGAUSSIANS_WITH_ELLIPSOIDAL_ON_ECLIPSE1",9,98.34589,0.22501333,0.0011895933,0.27327493,0.023357935,0.44479066,0.011881471,0.7271533,0.0015995506,0.26574928,0.018033072,0.40218002,0.0066795023
375316653866487564,5900302243080546176,0.6610421,2180.863162995369,0.2600853674446643,2.2891078E-5,15.239586,0.0026546963,0.25997016,7.898221E-4,0.030588476,8.288451E-4,0.8894108,0.012857527,0.755454,0.0028668821,0.032695238,0.0044243927,0.22025113,0.13808893,0.04438752,0.0049794246,0.755454,0.0028668821,"TWOGAUSSIANS_WITH_ELLIPSOIDAL_ON_ECLIPSE2",9,46.738106,0.25994015,7.8128127E-4,0.17129546,0.0046415324,0.9781149,0.012120045,0.755454,0.0028668821,0.18309334,0.0247766,0.30902615,0.13871157
375316653866487564,5900302346159776768,0.48670048,2119.3317553596003,2.4121365405242488,2.3622642E-5,18.52082,0.035865378,0.31704113,0.010615582,0.10303377,0.021011014,0.16625871,0.03604805,0.8200838,0.0058362526,0.10104168,0.02397313,0.1695298,0.032568276,null,null,null,null,"TWOGAUSSIANS",8,3.216719,0.8200838,0.0058362526,0.4,0.0,0.15344173,0.013263094,0.31704113,0.010615582,0.4,0.0,0.1501697,0.019564627
375316653866487564,5900303102074011008,0.5718921,2162.991441649021,2.8161585326363197,6.082943E-6,18.094841,0.011385172,0.27116898,0.0036563054,0.044551257,0.0044997646,0.32756513,0.03464997,0.7721047,0.0029564756,0.040124893,0.004400594,0.36664078,0.029870583,0.13188621,0.019349324,0.27116898,0.0036563054,"TWOGAUSSIANS_WITH_ELLIPSOIDAL_ON_ECLIPSE1",9,14.044018,0.7721047,0.0028906278,0.2246994,0.024643326,0.6304038,0.021354754,0.27116898,0.0036563054,0.24948704,0.025198681,0.59133726,0.029661506
375316653866487564,5900303136433752960,0.45167616,2144.6542041860944,0.8913047640431184,3.104414E-5,17.27678,0.008686353,0.115505524,0.0052654576,0.08433199,0.014362746,0.054883532,0.008068074,0.6172452,0.007381761,0.08836427,0.029670315,0.107810095,0.033942584,null,null,null,null,"TWOGAUSSIANS",8,3.2553248,0.6172452,0.007381761,0.4,0.0,0.10554747,0.039568327,0.115505524,0.0052607674,0.4,0.0,0.05262093,0.004611619
375316653866487564,5900303235181439360,0.61953807,2186.1989322489744,1.1215441917702471,5.977595E-6,17.815111,0.0021763542,0.19408171,0.017801553,0.02866002,0.025688602,0.06819434,5.063786,0.7108125,0.0011826829,0.038614377,5.6366756E-4,0.39063245,0.0084290225,null,null,null,null,"TWOGAUSSIANS",8,1.8700502,0.7108125,0.0011826829,0.21624051,0.0031565384,0.39063245,0.0084290225,0.19408171,0.017801553,0.16049612,0.14385617,0.06819434,5.063786
375316653866487564,5900303819303850240,0.47914,2163.496507212912,0.34634897840542406,7.420726E-6,18.827494,0.0044374717,0.5901083,0.0026051807,0.010099214,0.0021604176,0.3617435,0.11089046,0.7693835,0.0037654892,0.005593125,0.0013943535,0.5360343,1.7958268,null,null,null,null,"TWOGAUSSIANS",8,3.8369195,0.7693835,0.0037654892,0.0313215,0.0078083794,0.5360343,1.7958268,0.5901083,0.0026051807,0.056555595,0.012098338,0.3617435,0.11089046
375316653866487564,5900303892348019200,0.49997768,2166.6950817347915,2.2859080182134655,1.9326379E-5,15.587196,0.3889179,0.3414885,0.004814729,0.18752381,0.07598208,0.68605554,0.39929575,0.8423452,0.006687291,0.18407567,0.04515334,0.5567448,0.18161821,null,null,null,null,"TWOGAUSSIANS",8,57.541435,0.3411785,0.004693263,0.4,0.0,0.21731636,0.016698843,0.8429552,0.009304535,0.4,0.0,0.0994054,0.019653369
375316653866487564,5900303961075202304,0.5185381,2163.076450500393,1.627546968980243,1.5322135E-5,17.396217,0.014251387,0.21938871,0.006818475,0.08833878,0.007471079,0.22430559,0.014658509,0.72808844,0.005170166,0.08817691,0.011671787,0.23770362,0.012075947,null,null,null,null,"TWOGAUSSIANS",8,7.1247005,0.72808844,0.005170166,0.4,0.0,0.23044272,0.008311125,0.21938871,0.006818475,0.4,0.0,0.21704467,0.009648242
375316653866487564,5900304098474718720,0.5816548,2149.5407299888384,2.0750030127943724,6.7287033E-6,18.62142,0.003440925,0.08978454,0.03059159,0.02407507,0.02971482,0.02112453,490.34454,0.72750366,0.0012251682,0.058148056,0.00192021,0.31174418,0.012465747,0.05876741,0.0040080003,0.72750366,0.0012251682,"TWOGAUSSIANS_WITH_ELLIPSOIDAL_ON_ECLIPSE2",9,1.4029922,0.72750366,0.0012251682,0.32562912,0.010753175,0.42924887,0.011357217,0.22750454,0.23067538,0.1348204,0.166403,0.117504686,490.2941
375316653866487564,5900304407744119680,0.5480753,2183.527517726694,2.301161084855099,9.835817E-6,17.852888,0.009891899,0.24927135,0.0032245843,0.045550562,0.010821066,0.17719282,0.05173277,0.7537542,0.0069167116,0.043089036,0.008573949,0.21749337,0.07006772,0.1278873,0.01372109,0.24927135,0.0032245843,"TWOGAUSSIANS_WITH_ELLIPSOIDAL_ON_ECLIPSE1",9,9.456079,0.7537542,0.0069167116,0.2412986,0.048014116,0.4730645,0.07495181,0.24927135,0.0032245843,0.25508314,0.06059797,0.43296683,0.06102687
375316653866487564,5900306606767731456,0.4780852,2217.497091370486,2.4831809009983434,1.3582848E-5,16.454304,0.022262225,0.25274056,0.0027509485,0.12589672,0.004571844,0.26305678,0.010485708,0.74888825,0.0049132872,0.2885314,0.012028155,0.378219,0.023609929,null,null,null,null,"TWOGAUSSIANS",8,12.949427,0.25399056,0.0020479858,0.4,0.0,0.12529574,0.0016814974,0.74888825,0.0049132872,0.4,0.0,0.073948056,0.0018142338
375316653866487564,5900306709817300864,0.49762547,2176.4167814028656,2.0865262699141143,2.481936E-5,18.629488,0.0052300496,0.23924166,0.0040217508,0.054289468,0.004788696,0.24540283,0.014144415,0.7249572,0.0045194193,0.07610251,0.007715951,0.13144635,0.010290642,null,null,null,null,"TWOGAUSSIANS",8,1.6397762,0.23924166,0.0040217508,0.304021,0.026816696,0.24526311,0.014186718,0.7249572,0.0045194193,0.4,0.0,0.13130663,0.010337323
375316653866487564,5900307083472273792,0.5560587,2171.8670347686348,3.231283362180829,1.5318812E-5,17.678087,0.006861456,0.24403548,0.0028352921,0.08576667,0.0049495986,0.25819662,0.010611896,0.753816,0.0046023168,0.082285196,0.0062735677,0.2648654,0.011201368,null,null,null,null,"TWOGAUSSIANS",8,6.169923,0.753816,0.0046023168,0.4,0.0,0.25961578,0.011102516,0.24403548,0.0028352921,0.4,0.0,0.25294694,0.01049516
375316653866487564,5900307255271079424,0.5138449,2134.746881058694,1.5199844141207217,2.6964764E-5,18.457972,0.008516653,0.1957056,0.009067641,0.061399557,0.0099925855,0.16870351,0.022456279,0.71177983,0.005305434,0.06561286,0.005938148,0.3868362,0.025381688,null,null,null,null,"TWOGAUSSIANS",8,9.420296,0.71177983,0.005305434,0.36743203,0.03325363,0.38670218,0.025425557,0.1957056,0.009067641,0.34383753,0.05595848,0.16856948,0.022489306
375316653866487564,5900307805027143168,0.598533,2183.059387733106,2.2871700655761047,7.048316E-6,17.662882,0.0042483583,0.27009904,0.0017224309,0.088346,0.0020653692,0.3708587,0.009599103,0.7716838,0.0019042635,0.0827206,0.002206562,0.41683158,0.00882486,null,null,null,null,"TWOGAUSSIANS",8,3.8607004,0.7716838,0.0019042635,0.4,0.0,0.40617847,0.0096956715,0.27009904,0.0017224309,0.4,0.0,0.3602055,0.009439104
375316653866487564,5900308633992374528,0.44622007,2150.8048224381073,1.7588612211226662,8.436324E-5,19.081072,0.02084501,0.29432455,0.020715853,0.06384124,0.02745744,0.19019371,0.03072778,0.7570908,0.03437591,0.06691436,0.0642882,0.06845232,0.046909392,null,null,null,null,"TWOGAUSSIANS",8,7.0460453,0.29432455,0.020715853,0.35751092,0.14936782,0.19014548,0.03058284,0.7570908,0.03437591,0.37472042,0.32250515,0.068404086,0.047021165
375316653866487564,5900308702711603200,0.5836875,2178.409690078433,2.9814100915080113,1.6693026E-5,18.295256,0.01008625,0.30050406,0.0049059386,0.0627179,0.008970515,0.0821189,0.020596324,0.7978737,0.014740076,0.03859749,0.013449749,0.1353286,0.020524008,0.11272472,0.009604645,0.30050406,0.0049059386,"TWOGAUSSIANS_WITH_ELLIPSOIDAL_ON_ECLIPSE1",9,3.8485568,0.79830366,0.01340221,0.21614595,0.0753186,0.3606975,0.00991484,0.30050406,0.0049059386,0.35122025,0.05023488,0.30753928,0.0071690558
375316653866487564,5900309699114557568,0.47263062,2128.927303321986,2.5497460569252124,4.1475858E-5,19.06541,0.06802357,0.23303121,0.010557203,0.08256899,0.018805593,0.38134712,0.06524712,0.7476007,0.015256829,0.0968368,0.035681393,0.34333605,0.05632924,null,null,null,null,"TWOGAUSSIANS",8,10.314639,0.23303121,0.010557915,0.4,0.0,0.36961365,0.041152004,0.7476007,0.015256829,0.4,0.0,0.33160114,0.049026962
375316653866487564,5900309939662389248,0.5945912,2203.2128948491563,2.9410533513376085,7.931278E-6,17.303009,0.0121825505,0.21187063,0.0034703645,0.0390304,0.0064648907,0.4333921,0.0530725,0.7120383,0.0017996483,0.052222848,0.0033573257,0.4377211,0.025380485,0.11051152,0.015443874,0.21187063,0.0034703645,"TWOGAUSSIANS_WITH_ELLIPSOIDAL_ON_ECLIPSE1",9,22.09717,0.7120383,0.0017366884,0.29244795,0.018801024,0.65873915,0.01775796,0.21187063,0.0034703645,0.21857023,0.036203388,0.6544104,0.067489386
375316653866487564,5900309939662395392,0.5330449,2199.5375357788294,2.0161319786086787,2.486515E-5,18.300133,0.025173629,0.29447225,0.0076654037,0.08185297,0.009814669,0.3276241,0.025158871,0.8461879,0.033579968,0.102129415,0.043418135,0.10466013,0.028852817,null,null,null,null,"TWOGAUSSIANS",8,8.970195,0.29446226,0.0076454296,0.4,0.0,0.32388315,0.014972635,0.8461879,0.033579968,0.4,0.0,0.10091237,0.022820938
375316653866487564,5900310382007494400,0.4989171,2178.418352703027,3.1604064993296896,1.8881528E-5,18.93015,0.012564121,0.29088068,0.006243708,0.08036562,0.008322845,0.21155709,0.014322337,0.78441054,0.0056786244,0.097995326,0.013489819,0.17466486,0.012255349,null,null,null,null,"TWOGAUSSIANS",8,1.8193604,0.29088068,0.006243708,0.4,0.0,0.2048503,0.011177272,0.78441054,0.0056786244,0.4,0.0,0.16795723,0.012375711
375316653866487564,5900311073540530048,0.47722605,2201.138244996879,0.6525084937946309,3.2721797E-5,18.868177,0.006822328,0.20638102,3.078976E-5,0.0018921533,4.30891E-5,0.49542132,0.008385243,0.6912503,0.05364146,0.0125033045,0.04721127,0.07774574,0.042532142,null,null,null,null,"TWOGAUSSIANS",8,5.3987923,0.20638102,3.078976E-5,0.010596058,2.4129897E-4,0.49542132,0.008385243,0.6912503,0.05364146,0.07001851,0.2643831,0.07774574,0.042532142
375316653866487564,5900311451490908160,0.5513343,2198.149563726794,2.4197204722009307,7.75725E-6,17.399376,0.010502301,0.24250446,0.0033489035,0.10895286,0.0098562995,0.16116695,0.008773566,0.7488041,0.0021435127,0.09584291,0.0053587183,0.18517499,0.009926417,null,null,null,null,"TWOGAUSSIANS",8,2.6692154,0.7488041,0.0021539337,0.4,0.0,0.16905075,0.0044886293,0.24250446,0.0033489035,0.4,0.0,0.1450343,0.006873585
375316653866487564,5900311515883755904,0.5424608,2217.1332931865527,2.9158102731256044,1.1996531E-5,17.30224,0.026361093,0.21739921,0.0041866093,0.10438086,0.014958015,0.20713012,0.020442467,0.7098624,0.0028793798,0.117629506,0.012039669,0.2151997,0.024180457,null,null,null,null,"TWOGAUSSIANS",8,6.52502,0.7098624,0.0028793798,0.4,0.0,0.18427579,0.0074543455,0.2174292,0.004205672,0.4,0.0,0.17625482,0.012045438
375316653866487564,5900311966887030400,0.5791089,2184.660122699684,2.894331318026224,5.8397654E-6,16.30853,0.007327975,0.2546776,0.002291744,0.07640687,0.0026931635,0.36725366,0.014164619,0.76633644,0.0019345548,0.07542199,0.002718096,0.32289723,0.007935046,null,null,null,null,"TWOGAUSSIANS",8,25.206284,0.2546776,0.002291744,0.4,0.0,0.3648982,0.014020245,0.76633644,0.0019345548,0.4,0.0,0.32054177,0.0073898006
375316653866487564,5900315467248464384,0.44492343,2123.936434054026,2.4407163134254963,3.4263896E-5,19.000824,0.17193794,0.28719744,0.01105382,0.10912296,0.057172492,0.14033419,0.15729515,0.7730886,0.012450445,0.11667954,0.08757718,0.12268938,0.16924614,null,null,null,null,"TWOGAUSSIANS",8,2.6546476,0.28723744,0.010701428,0.4,0.0,0.120791085,0.017449722,0.7730886,0.012450445,0.4,0.0,0.10312683,0.019519562
375316653866487564,5900315677710873472,0.5012761,2072.581773161226,3.4125294332795018,4.094778E-5,18.984268,0.0255075,0.24643417,0.008173079,0.10041972,0.017928675,0.2275314,0.027878314,0.75055546,0.007799672,0.100996524,0.015263431,0.20577693,0.025387464,null,null,null,null,"TWOGAUSSIANS",8,2.2709284,0.24643417,0.00817321,0.4,0.0,0.20866348,0.027226703,0.75055546,0.007807526,0.4,0.0,0.18690893,0.011861662
375316653866487564,5900316261854589184,0.47184935,2169.5696024851227,2.601463497415873,1.4103997E-5,16.360933,0.004838665,0.26173645,0.028340477,0.06586233,0.012480185,0.030946467,0.017702634,0.6885152,0.006853088,0.010384679,0.01569619,0.044578332,0.012674214,0.023966514,0.007484856,0.6885152,0.006853088,"TWOGAUSSIANS_WITH_ELLIPSOIDAL_ON_ECLIPSE2",9,13.710888,0.6885152,0.006853088,0.0581542,0.087898664,0.092510834,0.006863727,0.23609646,0.0166845,0.368829,0.06988904,0.072462566,0.012496344
375316653866487564,5900316566760342912,0.5974392,2150.0883006868335,3.9056316077560433,6.9445014E-6,18.740314,0.006245978,0.29333302,0.0029810404,0.070050694,0.0044095553,0.52655405,0.021289378,0.7932867,0.0031090793,0.0753899,0.003375902,0.44083312,0.016523395,null,null,null,null,"TWOGAUSSIANS",8,2.4826994,0.29333302,0.0029810404,0.3922839,0.024693511,0.5239534,0.021812411,0.7932867,0.0031090793,0.4,0.0,0.43823242,0.016772775
375316653866487564,5900316704199303040,0.4700601,2167.61618827328,1.455427466996836,2.8267083E-5,19.130644,0.009508227,0.17100321,0.00877422,0.04493802,0.004262419,0.7521591,0.09748212,0.8752705,0.006569972,0.025399422,0.009079772,0.10133098,0.025405278,null,null,null,null,"TWOGAUSSIANS",8,2.2631888,0.17100321,0.00877422,0.25165293,0.023869548,0.7521591,0.09748212,0.8752705,0.006569972,0.14223677,0.050846722,0.10133098,0.02540528
375316653866487564,5900317395726086656,0.5355164,2150.4573100550606,2.888031412250824,1.3353396E-5,16.467602,0.04753053,0.26820013,0.0034982346,0.119916104,0.016308386,0.27588633,0.044803716,0.7865718,0.00538248,0.10949322,0.021773003,0.21690293,0.043965664,null,null,null,null,"TWOGAUSSIANS",8,19.969345,0.26818013,0.0034377214,0.4,0.0,0.2376678,0.009003552,0.78668183,0.0055240816,0.4,0.0,0.17877874,0.010655191
