Gaia/vari_eclipsing_binary/VariEclipsingBinary_673435-673467.csv
# %ECSV 1.0
# ---
# delimiter: ','
# meta: !!omap
# - RELEASE: Gaia DR3
# - TABLE: vari_eclipsing_binary
# - DESCRIPTION: >
#     This table describes the properties of the eclipsing binaries resulting from the variability analysis. 
# - CITATION: >
#     How to cite and acknowledge Gaia: 
#     https://gea.esac.esa.int/archive/documentation/credits.html 
# - KNOWN_ISSUES: >
#     Known issues: 
#     https://www.cosmos.esa.int/web/gaia-users/known-issues 
# - DOCUMENTATION: >
#     Tutorials and documentation: 
#     https://www.cosmos.esa.int/web/gaia-users/archive 
# datatype:
# - 
#   name: solution_id
#   datatype: int64
#   description: Solution Identifier
#   meta:
#     ucd: meta.version
# - 
#   name: source_id
#   datatype: int64
#   description: Unique source identifier
#   meta:
#     ucd: meta.id;meta.main
# - 
#   name: global_ranking
#   datatype: float32
#   description: Number between 0 (worst) and 1 (best)
#   meta:
#     ucd: stat.param
# - 
#   name: reference_time
#   datatype: float64
#   unit: d
#   description: Reference time used for the geometric model fit
#   meta:
#     ucd: time.epoch
# - 
#   name: frequency
#   datatype: float64
#   unit: d**-1
#   description: Frequency of geometric model of the eclipsing binary light curve
#   meta:
#     ucd: src.orbital
# - 
#   name: frequency_error
#   datatype: float32
#   unit: d**-1
#   description: "Uncertainty of \\texttt{frequency}"
#   meta:
#     ucd: stat.error
# - 
#   name: geom_model_reference_level
#   datatype: float32
#   unit: mag
#   description: Magnitude reference level of geometric model
#   meta:
#     ucd: phot.mag;em.opt
# - 
#   name: geom_model_reference_level_error
#   datatype: float32
#   unit: mag
#   description: "Uncertainty of \\texttt{geomModelReferenceLevel}"
#   meta:
#     ucd: stat.error;phot.mag;em.opt
# - 
#   name: geom_model_gaussian1_phase
#   datatype: float32
#   description: Phase of the Gaussian 1 component
#   meta:
#     ucd: time.phase
# - 
#   name: geom_model_gaussian1_phase_error
#   datatype: float32
#   description: "Uncertainty of \\texttt{geomModelGaussian1Phase}"
#   meta:
#     ucd: stat.error;time.phase
# - 
#   name: geom_model_gaussian1_sigma
#   datatype: float32
#   description: "Standard deviation [phase] of Gaussian 1 component"
#   meta:
#     ucd: stat.stdev
# - 
#   name: geom_model_gaussian1_sigma_error
#   datatype: float32
#   description: "Uncertainty of \\texttt{geomModelGaussian1Sigma}"
#   meta:
#     ucd: stat.error
# - 
#   name: geom_model_gaussian1_depth
#   datatype: float32
#   unit: mag
#   description: Magnitude depth of Gaussian 1 component
#   meta:
#     ucd: src.var.amplitude
# - 
#   name: geom_model_gaussian1_depth_error
#   datatype: float32
#   unit: mag
#   description: "Uncertainty of \\texttt{geomModelGaussian1Depth}"
#   meta:
#     ucd: stat.error;src.var.amplitude
# - 
#   name: geom_model_gaussian2_phase
#   datatype: float32
#   description: Phase of Gaussian 2 component
#   meta:
#     ucd: time.phase
# - 
#   name: geom_model_gaussian2_phase_error
#   datatype: float32
#   description: "Uncertainty of \\texttt{geomModelGaussian2Phase}"
#   meta:
#     ucd: stat.error;time.phase
# - 
#   name: geom_model_gaussian2_sigma
#   datatype: float32
[...]
#   datatype: float32
#   description: "Secondary eclipse: uncertainty of \\texttt{derivedSecondaryEclDuration}"
#   meta:
#     ucd: stat.error;time.duration
# - 
#   name: derived_secondary_ecl_depth
#   datatype: float32
#   unit: mag
#   description: "Secondary eclipse: depth"
#   meta:
#     ucd: src.var.amplitude
# - 
#   name: derived_secondary_ecl_depth_error
#   datatype: float32
#   unit: mag
#   description: "Secondary eclipse: uncertainty of \\texttt{derivedSecondaryEclDepth}"
#   meta:
#     ucd: stat.error;src.var.amplitude
solution_id,source_id,global_ranking,reference_time,frequency,frequency_error,geom_model_reference_level,geom_model_reference_level_error,geom_model_gaussian1_phase,geom_model_gaussian1_phase_error,geom_model_gaussian1_sigma,geom_model_gaussian1_sigma_error,geom_model_gaussian1_depth,geom_model_gaussian1_depth_error,geom_model_gaussian2_phase,geom_model_gaussian2_phase_error,geom_model_gaussian2_sigma,geom_model_gaussian2_sigma_error,geom_model_gaussian2_depth,geom_model_gaussian2_depth_error,geom_model_cosine_half_period_amplitude,geom_model_cosine_half_period_amplitude_error,geom_model_cosine_half_period_phase,geom_model_cosine_half_period_phase_error,model_type,num_model_parameters,reduced_chi2,derived_primary_ecl_phase,derived_primary_ecl_phase_error,derived_primary_ecl_duration,derived_primary_ecl_duration_error,derived_primary_ecl_depth,derived_primary_ecl_depth_error,derived_secondary_ecl_phase,derived_secondary_ecl_phase_error,derived_secondary_ecl_duration,derived_secondary_ecl_duration_error,derived_secondary_ecl_depth,derived_secondary_ecl_depth_error
[from data line 290]
375316653866487564,5923732114302106368,0.5190034,2139.8322003298663,4.462012901127069,2.5059895E-5,19.751734,0.020521216,0.27794954,0.005447325,0.06940499,0.0057739564,0.65535915,0.050991572,0.7729819,0.004448998,0.074859016,0.0059681097,0.5320262,0.026467804,null,null,null,null,"TWOGAUSSIANS",8,3.997831,0.27794954,0.005447325,0.3886679,0.030156348,0.6527927,0.05091129,0.7729819,0.004448998,0.4,0.0,0.5294598,0.025655827
375316653866487564,5923732144343667712,0.5320315,2174.705991054054,1.7029263844038103,1.3942203E-5,18.227428,0.0024812864,0.24985619,0.0024046937,0.05365359,0.003348152,0.22487684,0.017519077,0.7331622,0.0052466244,0.06124957,0.003867972,0.17960319,0.007158039,null,null,null,null,"TWOGAUSSIANS",8,2.2108028,0.24985619,0.0024046937,0.3004601,0.01874965,0.22486065,0.01752565,0.7331622,0.0052466244,0.34299758,0.021660643,0.17958702,0.0071575074
375316653866487564,5923732354819410560,0.5131194,2161.7555107551543,2.9265218439103244,2.0471987E-5,19.065783,0.12858334,0.22522017,0.0047612847,0.09540265,0.021464033,0.4025868,0.12252697,0.7304691,0.010059415,0.114340074,0.03193354,0.3718079,0.12579334,null,null,null,null,"TWOGAUSSIANS",8,5.3426533,0.22521017,0.004757513,0.4,0.0,0.36052084,0.021200003,0.7304691,0.010059415,0.4,0.0,0.3296895,0.039443932
375316653866487564,5923732831537377280,0.44110954,2159.840339248938,0.9859957450672446,6.0343275E-5,17.889187,0.0055748974,0.101159215,0.015154403,0.04630612,0.017605325,0.03869058,0.01253507,0.60435945,0.014581619,0.09811924,0.024698276,0.09949235,0.022174718,null,null,null,null,"TWOGAUSSIANS",8,5.588184,0.60435945,0.014581619,0.4,0.0,0.099174224,0.022802165,0.101159215,0.015154403,0.25931427,0.09858982,0.03837292,0.012706597
375316653866487564,5923732938935150336,0.454309,2162.7257179513313,0.0745765994442247,1.7807248E-5,17.854712,0.21456823,0.33428842,0.009751969,0.21974108,0.12268059,0.21385637,0.20821823,0.8141135,0.0073568835,0.08461596,0.01656685,0.105214864,0.046183057,null,null,null,null,"TWOGAUSSIANS",8,4.2778783,0.33428842,0.009751969,0.4,0.0,0.13738534,0.012459535,0.8141135,0.0073568835,0.4,0.0,0.061423413,0.0060167243
375316653866487564,5923733690531908480,0.575386,2168.43228651419,2.792588024953582,1.0797115E-5,17.336933,0.014291781,0.27212757,0.0026697472,0.05652656,0.0067659416,0.16645783,0.037920408,0.77435464,0.0068983845,0.048914846,0.009487524,0.20762582,0.031744793,0.119857356,0.019615266,0.27212757,0.0026697472,"TWOGAUSSIANS_WITH_ELLIPSOIDAL_ON_ECLIPSE1",9,21.414495,0.77435464,0.0062732613,0.27392313,0.05313013,0.4472836,0.01558667,0.27212757,0.0026697472,0.31654873,0.037889272,0.40616253,0.016881926
375316653866487564,5923733797949840000,0.5696128,2189.950507664475,3.9810178495888158,8.54483E-6,17.383902,0.0024705916,0.25108355,0.0030299986,0.07635229,0.0031563768,0.17833254,0.004845642,0.75505483,0.0027512421,0.07464991,0.004222206,0.20524372,0.01748435,null,null,null,null,"TWOGAUSSIANS",8,2.1037242,0.75505483,0.0027512421,0.4,0.0,0.20378649,0.017882993,0.25108355,0.0030299986,0.4,0.0,0.17687531,0.004704402
375316653866487564,5923734210266770176,0.53879297,2159.662474560196,1.7984815140090717,1.1374447E-5,16.84503,0.006611194,0.27701426,0.0065064696,0.05342945,0.03810151,0.27043977,0.18222724,0.7871536,0.00637522,0.031455074,0.014225082,0.046060316,0.007123819,0.020673428,0.0042867586,0.27701426,0.0065064696,"TWOGAUSSIANS_WITH_ELLIPSOIDAL_ON_ECLIPSE1",9,7.605869,0.27701426,0.0065064696,0.29920492,0.10040511,0.31178185,0.18912037,0.7871536,0.00637522,0.17614841,0.07966045,0.08723482,0.0058715255
375316653866487564,5923734416425214464,0.6580477,2149.7732893787934,1.7029984324341103,4.696104E-6,16.64024,0.0031777085,0.24412338,9.2648604E-4,0.08514733,0.0017493764,0.34118295,0.003708756,0.74382603,0.0014519054,0.08889925,0.0021079795,0.29821703,0.007373189,null,null,null,null,"TWOGAUSSIANS",8,2.7622125,0.24412338,9.2648604E-4,0.4,0.0,0.33095938,0.0037617406,0.74382603,0.0014519054,0.4,0.0,0.28799337,0.0076936646
375316653866487564,5923734656947091072,0.43481043,2155.5923572144084,2.7562707955415764,4.3368396E-5,18.513294,0.0053086537,null,null,null,null,null,null,null,null,null,null,null,null,0.056713004,0.0072176284,0.13649026,0.01077415,"ELLIPSOIDAL",4,8.438943,null,null,null,null,null,null,null,null,null,null,null,null
375316653866487564,5923735236717640576,0.57832277,2161.451199261954,2.7311547375612095,1.0067213E-5,17.671574,0.017994262,0.2584738,0.0018848808,0.05349244,0.0080607,0.21274617,0.036091406,0.75553346,0.007519265,0.06434301,0.0075218324,0.19328028,0.04246678,0.14679535,0.019581065,0.2584738,0.0018848808,"TWOGAUSSIANS_WITH_ELLIPSOIDAL_ON_ECLIPSE1",9,13.668406,0.2584738,0.0018848808,0.2995577,0.045139924,0.50624704,0.017995628,0.7565135,0.00491898,0.36032087,0.042122263,0.48671418,0.01935072
375316653866487564,5923736031311782400,0.5154164,2040.7683443123394,3.4027802171762738,1.2115098E-5,19.43829,0.013345086,0.22584891,0.0049787797,0.060830094,0.0056547713,0.57802325,0.051547535,0.72681004,0.0047431313,0.061377868,0.0041520265,0.7213453,0.018183224,null,null,null,null,"TWOGAUSSIANS",8,3.2672865,0.72681004,0.0047431313,0.34371606,0.023251347,0.72105545,0.018120041,0.22584891,0.0049787797,0.34064853,0.03166672,0.5777334,0.05163666
375316653866487564,5923736924686241152,0.52739424,2163.8092772079717,2.105364273771783,8.933514E-6,17.225119,0.031318817,0.2820967,0.0036206148,0.11586245,0.014955678,0.18443209,0.030182725,0.7765669,0.0046290793,0.1080674,0.01412424,0.17088532,0.030796496,null,null,null,null,"TWOGAUSSIANS",8,8.056912,0.2821067,0.0036360994,0.4,0.0,0.15664695,0.0088533405,0.7765669,0.0046290793,0.4,0.0,0.14312631,0.010521916
375316653866487564,5923736993384854016,0.443398,2162.2837867427806,0.9653348870100014,2.2900284E-5,19.339188,0.04072183,0.27708143,0.014633127,0.098622985,0.026256988,0.17314266,0.04109106,0.7851418,0.009643506,0.09877102,0.021883264,0.18933602,0.038432024,null,null,null,null,"TWOGAUSSIANS",8,3.6671655,0.7851418,0.009645278,0.4,0.0,0.17614576,0.017028615,0.27708143,0.014632555,0.4,0.0,0.15995254,0.02153733
375316653866487564,5923737130844657152,0.56608564,2154.1987152651373,0.43913518579210353,9.80202E-6,15.998653,0.0013112237,0.26451042,0.0018831299,0.031928714,0.004228563,0.039483607,0.0030700518,0.75834066,0.0038481196,0.032030948,0.005767472,0.053473793,0.006034225,0.028764006,0.0019792945,0.26451042,0.0018831299,"TWOGAUSSIANS_WITH_ELLIPSOIDAL_ON_ECLIPSE1",9,5.4886303,0.75883067,0.0036276558,0.17937331,0.032297846,0.110922314,0.0050913,0.26451042,0.0018831299,0.17880079,0.023679953,0.09701162,0.0026836332
375316653866487564,5923737332663334144,0.6488385,2150.014625155447,1.9831363728398508,2.9821165E-6,17.75822,0.0060353605,0.19816758,0.0010026261,0.037008118,0.0010851534,0.70392317,0.018168729,0.6958238,0.0021073353,0.037064828,0.0022893324,0.628235,0.018716546,0.08183344,0.00920834,0.19816758,0.0010026261,"TWOGAUSSIANS_WITH_ELLIPSOIDAL_ON_ECLIPSE1",9,6.5871744,0.19816758,0.0010026261,0.20724545,0.0060768593,0.8675897,0.009994171,0.69588375,0.0020400132,0.20756303,0.012820262,0.791867,0.019195894
375316653866487564,5923738127277300736,0.6011039,2163.322076755076,1.6356814615954711,7.802968E-6,16.691578,0.0024322353,0.20935537,0.0011610969,0.049717154,0.0014549604,0.4522693,0.01780895,0.71845424,0.0038323845,0.06579976,0.004250717,0.11955907,0.0042245393,null,null,null,null,"TWOGAUSSIANS",8,7.354546,0.20935537,0.0011610969,0.27841607,0.008147779,0.45224428,0.017814035,0.71845424,0.0038323845,0.36847866,0.023804015,0.11953406,0.0042245034
375316653866487564,5923738367795444992,0.5623649,2130.378252885863,0.4615245529882786,1.727752E-5,15.850259,0.0044176956,0.38518915,0.0018912958,0.014327859,0.002485854,0.42731676,0.070680864,null,null,null,null,null,null,0.010717326,0.00948168,0.38518915,0.0018912958,"ONEGAUSSIAN_WITH_ELLIPSOIDAL",6,63.75832,0.38518915,0.0018912958,0.08023601,0.013920783,0.44875142,0.07186866,null,null,null,null,null,null
375316653866487564,5923740253253842560,0.45096758,2165.263664222313,0.03703189386109471,9.0083966E-5,19.024837,0.004639845,0.4646948,0.025444956,0.05100092,0.011178424,0.109623164,0.04069992,0.6004469,0.021948403,0.08662891,0.023661105,0.14395414,0.024346184,null,null,null,null,"TWOGAUSSIANS",8,3.9395852,0.4898648,0.03326427,0.28560513,0.062599175,0.16079094,0.015475966,0.6004469,0.021948403,0.4,0.026024826,0.1471268,0.02024523
375316653866487564,5923740326300627712,0.43538773,2149.604437151641,2.493227340209576,3.8070266E-5,16.381775,0.06836975,0.23365076,0.012522372,0.09909376,0.028945081,0.19517788,0.067092955,0.7127344,0.015391002,0.10482936,0.046753507,0.22821794,0.05740591,null,null,null,null,"TWOGAUSSIANS",8,215.65225,0.7127344,0.015391002,0.4,0.0,0.2120335,0.056102354,0.23366076,0.012526194,0.4,0.0,0.17899925,0.021787047
375316653866487564,5923742490964271232,0.57355696,2164.4932825935502,2.6309962451396656,6.8892114E-6,17.572527,0.0072773024,0.2667094,0.0021855382,0.08777606,0.0033992059,0.2850649,0.0071110195,0.76352,0.00287585,0.094267614,0.004928261,0.29285136,0.007359136,null,null,null,null,"TWOGAUSSIANS",8,4.7730284,0.76352,0.00287585,0.4,0.0,0.28018436,0.006743371,0.2667094,0.0021855382,0.4,0.0,0.27239832,0.004620927
375316653866487564,5923742697122689280,0.5528186,2177.9717851081878,3.398277576151612,1.0733957E-5,17.377436,0.012308676,0.27312452,0.004718566,0.02075946,0.01050374,0.22296563,0.055269234,0.7954255,0.0047176676,0.05515833,0.008255173,0.22152285,0.027423061,0.055987995,0.014672106,0.27312452,0.004718566,"TWOGAUSSIANS_WITH_ELLIPSOIDAL_ON_ECLIPSE1",9,13.198197,0.27312452,0.004718566,0.11625298,0.058820944,0.33493975,0.06377895,0.7954255,0.0047176676,0.30888665,0.04622897,0.3313128,0.02233315
375316653866487564,5923742800182765056,0.45607468,2172.82541671892,0.03701525467895079,8.495746E-5,18.822472,0.012055912,0.29048207,0.013333817,0.10582305,0.015803652,0.17983009,0.016873507,0.84392893,0.023210496,0.03865211,0.021367637,0.1206584,0.044960074,null,null,null,null,"TWOGAUSSIANS",8,4.4711246,0.29048207,0.013333817,0.4,0.0,0.17964248,0.01672716,0.84393895,0.023242166,0.21645181,0.11965877,0.12049545,0.045041908
375316653866487564,5923743418677288448,0.4898381,2222.3832413433292,4.041396095500061,4.3356224E-5,17.661266,0.0023925533,0.49648649,0.0044767433,0.032765146,0.0040717865,0.25638127,0.023124581,0.84121305,0.0015381796,0.0068304194,0.0016730768,0.26742163,0.045737345,null,null,null,null,"TWOGAUSSIANS",8,2.1065364,0.84121305,0.0015381796,0.03825035,0.00936923,0.26742163,0.045737345,0.49648649,0.0044767433,0.18348482,0.022802005,0.25638127,0.023124581
375316653866487564,5923744823087521920,0.5290732,2153.5738130182594,0.06365709759280853,1.0277513E-5,18.536266,0.005730272,0.1267109,0.0015054008,0.007894052,5.39839E-4,0.80424106,0.22644886,0.6195385,0.0010482465,0.0010770606,0.0022974806,0.64792275,0.5715381,null,null,null,null,"TWOGAUSSIANS",8,4.9708757,0.1267109,0.0015054008,0.044206694,0.0030230982,0.80424106,0.22644886,0.6195385,0.0010482465,0.0060315393,0.012865892,0.64792275,0.5715381
375316653866487564,5923745171005159424,0.46095696,2163.150195321719,0.03710792870764414,3.9462462E-5,19.064615,0.006476445,0.19787249,0.01839818,0.06744869,0.01692433,0.057996787,0.009447965,0.6029342,0.006018642,0.05646705,0.013618848,0.22822395,0.020652983,null,null,null,null,"TWOGAUSSIANS",8,3.754308,0.6029342,0.006018642,0.3162155,0.07626555,0.22822185,0.020669347,0.19787249,0.01839818,0.37771264,0.08727276,0.057994686,0.00944347
375316653866487564,5923745201043764096,0.57029945,2153.7910736065564,1.7025932098641663,9.324967E-6,18.710314,0.0053672614,0.27392727,0.0040302123,0.03992329,0.004841781,0.43651566,0.05824802,0.7769183,0.0027803804,0.03396898,0.004026859,0.6931247,0.049347583,null,null,null,null,"TWOGAUSSIANS",8,5.628457,0.7769183,0.0027803804,0.19022629,0.022550412,0.6931247,0.049347583,0.27392727,0.0040302123,0.22357042,0.027113974,0.43651566,0.058248024
375316653866487564,5923745342804356480,0.47458503,2184.5917322812347,3.6223097507436077,2.0298246E-5,19.652344,0.05092319,0.2564048,0.03493411,0.20087951,0.14256875,0.07238224,0.044529118,0.6378272,0.001721434,0.026686937,0.0019838642,0.40397024,0.02403557,null,null,null,null,"TWOGAUSSIANS",8,1.4826471,0.6378272,0.001721434,0.14944685,0.011109639,0.40998212,0.027531777,0.2564048,0.03493411,0.4,0.0,0.0658299,0.016896084
375316653866487564,5923745411542153088,0.45075732,2176.6890033830296,3.1172146867819333,3.092296E-5,17.51883,0.084391765,0.21332487,0.016394615,0.1291652,0.07944387,0.09003521,0.08037558,0.6808356,0.01173104,0.11660245,0.03798878,0.1480549,0.07336058,null,null,null,null,"TWOGAUSSIANS",8,9.241245,0.6808356,0.01173104,0.4,0.0,0.12668505,0.012430761,0.21360488,0.016022317,0.4,0.0,0.068570696,0.011581875
375316653866487564,5923746030017474944,0.48637632,2172.9246824736406,0.3423892430809704,7.630082E-6,17.635956,0.0023009714,0.8532239,0.0028930088,0.012740516,0.0020937158,0.19867139,0.04705852,null,null,null,null,null,null,null,null,null,null,"ONEGAUSSIAN",5,8.432499,0.8532239,0.0028930088,0.071346894,0.011724808,0.19867139,0.0,null,null,null,null,null,null
375316653866487564,5923746511054035200,0.511368,2134.546781231935,0.43861698207544464,3.913112E-5,18.261398,0.00995543,0.29806048,0.0059485,0.028545994,0.004259576,0.78828305,0.2773528,0.78749955,0.0067448756,0.033834223,0.0064445906,0.17540954,0.030370697,0.043608204,0.012696233,0.29806048,0.0059485,"TWOGAUSSIANS_WITH_ELLIPSOIDAL_ON_ECLIPSE1",9,11.614943,0.29806048,0.0059485,0.15985757,0.023853626,0.8754995,0.29493076,0.78794956,0.0064929514,0.18947166,0.036089707,0.26225892,0.014578277
375316653866487564,5923746712870249344,0.5306133,2137.9682925402876,0.5295830594964717,2.5869654E-6,15.67532,0.0025454583,0.19801638,0.009655165,0.008233897,0.01525939,0.014567719,3.531228E19,0.69013894,8.455195E-4,0.025994299,0.0018678531,0.19758657,0.0070036347,0.017139735,0.003744244,0.19801638,0.009655165,"TWOGAUSSIANS_WITH_ELLIPSOIDAL_ON_ECLIPSE1",9,28.132893,0.6902089,7.8924967E-4,0.14556807,0.010459977,0.23178288,0.009537425,0.19801638,0.009655165,0.046109825,0.08545258,0.04884718,3.531228E19
375316653866487564,5923747228281577600,0.5538219,2136.9661345385484,3.480306399161976,8.140178E-6,19.435177,0.014810244,0.25017655,0.0021951566,0.07786226,0.0039858175,0.5755185,0.02030314,0.74677503,0.0039718407,0.07294663,0.003581086,0.50107604,0.027517296,null,null,null,null,"TWOGAUSSIANS",8,2.6952505,0.25017655,0.0021951566,0.4,0.0,0.5714234,0.020099085,0.74677503,0.0039718407,0.4,0.0036908933,0.49698097,0.027141005
375316653866487564,5923747438767014656,0.55877966,2140.73012295134,2.6351343293672715,8.037754E-6,17.4953,0.008055802,0.24975881,0.0034824784,0.046497285,0.0074769254,0.19874151,0.030074192,0.7562801,0.0023710667,0.04332475,0.0028800215,0.2555174,0.0189099,0.057680506,0.009796544,0.24975881,0.0034824784,"TWOGAUSSIANS_WITH_ELLIPSOIDAL_ON_ECLIPSE1",9,9.475603,0.7562801,0.0023710667,0.2426186,0.016128121,0.37068442,0.0091313785,0.24975881,0.0034824784,0.2603848,0.04187078,0.3141021,0.032397125
375316653866487564,5923748263400802944,0.6247166,2113.1919694013595,0.48591720981521214,2.4241886E-6,16.144669,0.0025140229,0.27098185,5.969614E-4,0.032776475,6.6744327E-4,0.4044322,0.0073224315,0.7722961,0.009621787,0.02405145,0.0073488588,0.06515889,0.00659201,0.018319502,0.0039015024,0.27098185,5.969614E-4,"TWOGAUSSIANS_WITH_ELLIPSOIDAL_ON_ECLIPSE1",9,13.869536,0.27098185,5.969614E-4,0.18354827,0.0037376822,0.4410712,0.0044320663,0.7722961,0.009514527,0.13468812,0.04115361,0.10179539,0.003978484
