Gaia/vari_eclipsing_binary/VariEclipsingBinary_487174-487224.csv
# %ECSV 1.0
# ---
# delimiter: ','
# meta: !!omap
# - RELEASE: Gaia DR3
# - TABLE: vari_eclipsing_binary
# - DESCRIPTION: >
#     This table describes the properties of the eclipsing binaries resulting from the variability analysis. 
# - CITATION: >
#     How to cite and acknowledge Gaia: 
#     https://gea.esac.esa.int/archive/documentation/credits.html 
# - KNOWN_ISSUES: >
#     Known issues: 
#     https://www.cosmos.esa.int/web/gaia-users/known-issues 
# - DOCUMENTATION: >
#     Tutorials and documentation: 
#     https://www.cosmos.esa.int/web/gaia-users/archive 
# datatype:
# - 
#   name: solution_id
#   datatype: int64
#   description: Solution Identifier
#   meta:
#     ucd: meta.version
# - 
#   name: source_id
#   datatype: int64
#   description: Unique source identifier
#   meta:
#     ucd: meta.id;meta.main
# - 
#   name: global_ranking
#   datatype: float32
#   description: Number between 0 (worst) and 1 (best)
#   meta:
#     ucd: stat.param
# - 
#   name: reference_time
#   datatype: float64
#   unit: d
#   description: Reference time used for the geometric model fit
#   meta:
#     ucd: time.epoch
# - 
#   name: frequency
#   datatype: float64
#   unit: d**-1
#   description: Frequency of geometric model of the eclipsing binary light curve
#   meta:
#     ucd: src.orbital
# - 
#   name: frequency_error
#   datatype: float32
#   unit: d**-1
#   description: "Uncertainty of \\texttt{frequency}"
#   meta:
#     ucd: stat.error
# - 
#   name: geom_model_reference_level
#   datatype: float32
#   unit: mag
#   description: Magnitude reference level of geometric model
#   meta:
#     ucd: phot.mag;em.opt
# - 
#   name: geom_model_reference_level_error
#   datatype: float32
#   unit: mag
#   description: "Uncertainty of \\texttt{geomModelReferenceLevel}"
#   meta:
#     ucd: stat.error;phot.mag;em.opt
# - 
#   name: geom_model_gaussian1_phase
#   datatype: float32
#   description: Phase of the Gaussian 1 component
#   meta:
#     ucd: time.phase
# - 
#   name: geom_model_gaussian1_phase_error
#   datatype: float32
#   description: "Uncertainty of \\texttt{geomModelGaussian1Phase}"
#   meta:
#     ucd: stat.error;time.phase
# - 
#   name: geom_model_gaussian1_sigma
#   datatype: float32
#   description: "Standard deviation [phase] of Gaussian 1 component"
#   meta:
#     ucd: stat.stdev
# - 
#   name: geom_model_gaussian1_sigma_error
#   datatype: float32
#   description: "Uncertainty of \\texttt{geomModelGaussian1Sigma}"
#   meta:
#     ucd: stat.error
# - 
#   name: geom_model_gaussian1_depth
#   datatype: float32
#   unit: mag
#   description: Magnitude depth of Gaussian 1 component
#   meta:
#     ucd: src.var.amplitude
# - 
#   name: geom_model_gaussian1_depth_error
#   datatype: float32
#   unit: mag
#   description: "Uncertainty of \\texttt{geomModelGaussian1Depth}"
#   meta:
#     ucd: stat.error;src.var.amplitude
# - 
#   name: geom_model_gaussian2_phase
#   datatype: float32
#   description: Phase of Gaussian 2 component
#   meta:
#     ucd: time.phase
# - 
#   name: geom_model_gaussian2_phase_error
#   datatype: float32
#   description: "Uncertainty of \\texttt{geomModelGaussian2Phase}"
#   meta:
#     ucd: stat.error;time.phase
# - 
#   name: geom_model_gaussian2_sigma
#   datatype: float32
[...]
#   datatype: float32
#   description: "Secondary eclipse: uncertainty of \\texttt{derivedSecondaryEclDuration}"
#   meta:
#     ucd: stat.error;time.duration
# - 
#   name: derived_secondary_ecl_depth
#   datatype: float32
#   unit: mag
#   description: "Secondary eclipse: depth"
#   meta:
#     ucd: src.var.amplitude
# - 
#   name: derived_secondary_ecl_depth_error
#   datatype: float32
#   unit: mag
#   description: "Secondary eclipse: uncertainty of \\texttt{derivedSecondaryEclDepth}"
#   meta:
#     ucd: stat.error;src.var.amplitude
solution_id,source_id,global_ranking,reference_time,frequency,frequency_error,geom_model_reference_level,geom_model_reference_level_error,geom_model_gaussian1_phase,geom_model_gaussian1_phase_error,geom_model_gaussian1_sigma,geom_model_gaussian1_sigma_error,geom_model_gaussian1_depth,geom_model_gaussian1_depth_error,geom_model_gaussian2_phase,geom_model_gaussian2_phase_error,geom_model_gaussian2_sigma,geom_model_gaussian2_sigma_error,geom_model_gaussian2_depth,geom_model_gaussian2_depth_error,geom_model_cosine_half_period_amplitude,geom_model_cosine_half_period_amplitude_error,geom_model_cosine_half_period_phase,geom_model_cosine_half_period_phase_error,model_type,num_model_parameters,reduced_chi2,derived_primary_ecl_phase,derived_primary_ecl_phase_error,derived_primary_ecl_duration,derived_primary_ecl_duration_error,derived_primary_ecl_depth,derived_primary_ecl_depth_error,derived_secondary_ecl_phase,derived_secondary_ecl_phase_error,derived_secondary_ecl_duration,derived_secondary_ecl_duration_error,derived_secondary_ecl_depth,derived_secondary_ecl_depth_error
375316653866487564,4285228028164578176,0.5743696,2226.9355059972604,1.2693315979685316,1.4477108E-5,15.034635,0.02433464,0.14979836,0.0069150706,0.12383892,0.020419385,0.13312347,0.022758579,0.6444005,0.0025445428,0.108380735,0.010440724,0.19958255,0.021983115,null,null,null,null,"TWOGAUSSIANS",8,13.2494,0.6444005,0.0025445428,0.4,0.0,0.16989446,0.0062895985,0.14980836,0.0069322726,0.4,0.0,0.10336722,0.007159927
375316653866487564,4285228440477187584,0.5563426,2242.75985861664,2.6139759019308912,1.9973004E-5,18.714659,0.0074361986,0.11844553,0.0021260143,0.06741907,0.0025047243,0.41161963,0.0163393,0.6179479,0.0056940066,0.06760529,0.014195957,0.3785352,0.05593632,null,null,null,null,"TWOGAUSSIANS",8,3.1622698,0.11844553,0.0021260143,0.37754676,0.0140264565,0.41079977,0.016146997,0.6179479,0.0056940066,0.3785896,0.040319916,0.37771538,0.057608515
375316653866487564,4285228715359789184,0.5774296,2222.159357427437,2.9403547304834703,6.8541444E-6,18.17703,0.0053376774,0.21469705,0.002903677,0.0772064,0.0034216288,0.39221957,0.02481309,0.7169144,0.004804837,0.07182041,0.0047354065,0.44343778,0.029789831,null,null,null,null,"TWOGAUSSIANS",8,4.025291,0.7169144,0.004804837,0.4,0.0036781682,0.44059545,0.030361997,0.21469705,0.002903677,0.4,0.0,0.38937724,0.025329087
375316653866487564,4285230334567030656,0.57235444,2224.425443096675,2.5142200092847844,2.0453597E-5,19.477848,0.013105175,0.2167662,0.006130119,0.061394393,0.0056604,0.632564,0.106717,0.7150807,0.009536996,0.05649847,0.0059570023,0.53299296,0.037498422,null,null,null,null,"TWOGAUSSIANS",8,2.644564,0.2167662,0.006130119,0.3438086,0.031698238,0.63242793,0.10678333,0.7150807,0.009536996,0.31639144,0.033359215,0.5328569,0.037435863
375316653866487564,4285232804173789312,0.6280455,2208.922230434638,2.765982658661595,1.1723528E-5,18.098646,0.008368364,0.26295218,0.0035229924,0.06910266,0.0043011797,0.54354286,0.019515919,0.7666467,0.00201999,0.061307456,0.0034864473,0.5473152,0.010180991,null,null,null,null,"TWOGAUSSIANS",8,4.470418,0.7666467,0.00201999,0.34332177,0.019524105,0.5466879,0.010149958,0.26295218,0.0035229924,0.3869749,0.022635533,0.5429156,0.019581532
375316653866487564,4285234556516565888,0.44421288,2189.2321898009295,0.7964538049360718,1.4300513E-5,16.780804,0.002223443,0.15208495,0.023191353,0.09257953,0.027698135,0.018537352,0.0055917855,0.6569511,0.004409529,0.05675221,0.008984051,0.037234865,0.0042278464,null,null,null,null,"TWOGAUSSIANS",8,3.6633532,0.6569511,0.004409529,0.31781238,0.050310686,0.037082516,0.004310644,0.15208495,0.023191353,0.4,0.014464441,0.018384984,0.005665745
375316653866487564,4285236656786883072,0.54074967,2191.5413723701768,3.1685362974663627,1.304793E-5,19.454718,0.045806866,0.28979918,0.03223808,0.09435671,0.033451315,0.50558656,0.20743783,0.80016524,0.005869888,0.09073907,0.0103880195,0.4966156,0.0448489,null,null,null,null,"TWOGAUSSIANS",8,2.9474683,0.28979918,0.03223808,0.4,0.0,0.48319906,0.2321931,0.80016524,0.005869888,0.4,0.0,0.4742287,0.02613854
375316653866487564,4285236892973172992,0.5517623,2172.9986722100084,0.1581051728263646,2.7874363E-5,18.78191,0.0062176813,0.18589248,9.772512E-5,0.005275983,1.3677466E-4,0.76512736,0.022720372,0.7173589,0.012022364,0.02140861,0.018880611,0.05820355,91.42669,null,null,null,null,"TWOGAUSSIANS",8,4.202177,0.18589248,9.772512E-5,0.029545505,7.659381E-4,0.76512736,0.022720372,0.7173589,0.012022364,0.119888216,0.10573142,0.05820355,91.42669
375316653866487564,4285236927332944512,0.57319444,2206.58819427671,2.89098694235649,1.384206E-5,18.186008,0.010062326,0.2861219,0.005337711,0.08247235,0.006668238,0.2736621,0.012767531,0.7756794,0.0057111387,0.08696109,0.0076981806,0.2453433,0.0124169,null,null,null,null,"TWOGAUSSIANS",8,3.3746877,0.2861219,0.005337711,0.4,0.0,0.268132,0.0102838315,0.7756794,0.0057111387,0.4,0.0,0.23981318,0.011649755
375316653866487564,4285237893709712896,0.6065907,2183.6003494216166,2.2760747315505383,2.5834397E-5,18.511711,0.009237139,0.2333409,0.003076251,0.08730717,0.00433907,0.2759979,0.008636858,0.73314077,0.0026935434,0.08177583,0.011822425,0.27888533,0.04046145,null,null,null,null,"TWOGAUSSIANS",8,1.0745118,0.73314077,0.0026935434,0.4,0.0,0.27191135,0.045233037,0.2333409,0.003076251,0.4,0.0,0.26902387,0.0053271498
375316653866487564,4285239195075877504,0.5692403,2203.3246032565344,3.6109245787459225,9.386091E-6,17.613213,0.008770011,0.24457262,0.009739206,0.07382386,0.00917062,0.37087595,0.04581805,0.7516613,0.0070108306,0.078136265,0.01074191,0.38858083,0.07916817,null,null,null,null,"TWOGAUSSIANS",8,9.690985,0.7516613,0.0070108306,0.4,0.0,0.3856799,0.0810847,0.24457262,0.009739206,0.4,0.0050687026,0.36797503,0.04638765
375316653866487564,4285241467123160960,0.5503615,2197.68596516835,3.3247242492548783,1.5635796E-5,19.310131,0.02080818,0.32196748,0.010666178,0.07810144,0.010631475,0.282584,0.025029907,0.8160123,0.004549089,0.07608421,0.010033911,0.3823633,0.03607987,null,null,null,null,"TWOGAUSSIANS",8,1.5528466,0.8160123,0.004549089,0.4,0.0021630963,0.3793565,0.03738892,0.32196748,0.010666178,0.4,0.0,0.2795772,0.022645183
375316653866487564,4285242532275569280,0.52192974,2184.1527149773515,0.7184644215537899,2.3603112E-5,19.816074,0.011819498,0.23942721,0.0014344061,0.042621914,0.0012842113,0.66025484,0.018693645,0.90306246,0.049618524,0.11202771,0.031599432,0.06596684,0.023795143,null,null,null,null,"TWOGAUSSIANS",8,2.8196414,0.2393772,0.0013925842,0.23868272,0.007191583,0.6609609,0.018874243,0.90306246,0.049618524,0.4,0.0,0.06594507,0.02381648
375316653866487564,4285243425628235776,0.56121343,2210.76298952302,2.312283420112003,8.467661E-6,18.624363,0.008087422,0.31494284,0.002725128,0.08611934,0.0049076946,0.262907,0.01054413,0.8316799,0.005142301,0.08073055,0.008148572,0.1575116,0.008974289,null,null,null,null,"TWOGAUSSIANS",8,1.1240296,0.31494284,0.002725128,0.4,0.0,0.25952694,0.010138706,0.8316799,0.005142301,0.4,0.0,0.15413158,0.008275501
375316653866487564,4285245590294960640,0.45478702,2180.1179631532154,0.25862145873918146,3.7170114E-5,19.400345,0.013261347,0.71443886,0.04942507,0.048252486,0.019588612,0.41553813,0.20688507,null,null,null,null,null,null,null,null,null,null,"ONEGAUSSIAN",5,6.1723924,0.71443886,0.04942507,0.27021393,0.109696224,0.41553813,0.0,null,null,null,null,null,null
375316653866487564,4285246105691011584,0.5179031,2203.3808653418832,2.1860748264374465,3.967385E-5,19.185793,0.038200688,0.17713353,0.023253702,0.06695978,0.03142541,0.42992252,0.061177675,0.6972449,0.013389369,0.071414255,0.018370671,0.19294408,0.045895126,null,null,null,null,"TWOGAUSSIANS",8,3.8037019,0.17713353,0.023253702,0.3749748,0.05747539,0.42943984,0.06359571,0.6972449,0.013389369,0.39991984,0.046403427,0.1924614,0.038324904
375316653866487564,4285247067763832320,0.49718165,2159.6064241391186,1.8910599554653338,5.4247073E-5,19.53979,0.015124111,0.3198774,0.068189576,0.07983663,0.035397593,0.2764316,0.2673133,0.79093105,0.012801183,0.08648037,0.018307004,0.21055438,0.02406953,null,null,null,null,"TWOGAUSSIANS",8,1.1127205,0.3198774,0.068189576,0.4,0.118554465,0.2733858,0.26815486,0.79093105,0.012801183,0.4,0.0,0.20750853,0.02798555
375316653866487564,4285248094251289600,0.5528617,2214.336200260045,3.102639342340196,3.2900174E-5,19.036768,0.021999992,0.27088872,0.0035572008,0.07952702,0.005603275,0.3378178,0.026988233,0.7465865,0.0048725777,0.080203906,0.010948853,0.41158184,0.049971446,null,null,null,null,"TWOGAUSSIANS",8,2.6064348,0.7465865,0.0048725777,0.4,0.0,0.40816963,0.051852033,0.27088872,0.0035572008,0.4,0.0,0.33440557,0.02449002
375316653866487564,4285249507326192128,0.5812452,2247.760039689333,2.3845597697713816,3.430903E-5,17.582514,0.02306565,0.34411865,0.0071123433,0.042962745,0.020079372,0.24477327,0.052485324,0.8207483,0.014444034,0.040303923,0.014721389,0.18908732,0.048290994,0.12047614,0.02656371,0.34411865,0.0071123433,"TWOGAUSSIANS_WITH_ELLIPSOIDAL_ON_ECLIPSE1",9,10.7881565,0.34411865,0.0071123433,0.24059136,0.11244448,0.48572555,0.054980714,0.82400835,0.012467851,0.22570197,0.08243978,0.4255954,0.010463422
375316653866487564,4285249743519441536,0.5705639,2240.3513099780344,2.6284043435425137,1.5793976E-5,18.480686,0.012494113,0.2954627,0.0059136106,0.0848956,0.005514003,0.41566676,0.037291467,0.8049206,0.017192584,0.07763247,0.01340484,0.30596575,0.024663191,null,null,null,null,"TWOGAUSSIANS",8,3.9607534,0.2954627,0.0059136106,0.4,0.0,0.4103958,0.037434716,0.8049206,0.017192584,0.4,0.018333957,0.30069482,0.024858389
375316653866487564,4285252904615533312,0.63273394,2212.5125797645633,0.1488825764699962,3.654208E-5,17.853987,0.006774746,0.24701105,0.114485234,0.014575338,0.022116158,1.5562135,536.7344,null,null,null,null,null,null,null,null,null,null,"ONEGAUSSIAN",5,11.809987,0.24701105,0.114485234,0.08162189,0.12385048,1.5562135,0.0,null,null,null,null,null,null
375316653866487564,4285253046382452736,0.5544199,2227.92190562112,0.09394803753985553,3.9150596E-5,19.94076,0.020331133,0.21677245,0.021764833,0.040154867,0.022987543,2.0598226,1.6616603,0.44180688,7.6180923E-4,0.0064082704,0.0017530308,0.572229,0.5008854,null,null,null,null,"TWOGAUSSIANS",8,2.3190048,0.21677245,0.021764833,0.22486725,0.12873024,2.0598226,1.6616603,0.44180688,7.6180923E-4,0.035886314,0.009816973,0.5722293,0.5008177
375316653866487564,4285253183797724416,0.5885036,2179.2563756042478,3.542900651422796,8.0595586E-5,18.806707,0.05150204,0.27778932,0.008709489,0.09115857,0.008762629,0.87807333,0.060556833,0.7601148,0.0055196555,0.10185626,0.019169306,0.5742875,0.056842897,null,null,null,null,"TWOGAUSSIANS",8,4.113101,0.27778932,0.008705826,0.4,0.0,0.83988166,0.039753668,0.7601148,0.0055196555,0.4,0.0,0.53608745,0.0913082
375316653866487564,4285253183817891968,0.48845747,2168.6997992373235,0.10594456952323349,7.441279E-5,17.282946,0.0038343002,0.50956184,0.013343844,0.10169101,0.012296456,0.10497681,0.010568694,0.87443036,0.009781867,0.039034702,0.007645875,0.05912529,0.038361028,null,null,null,null,"TWOGAUSSIANS",8,1.0913233,0.50956184,0.013343844,0.4,0.0,0.10497065,0.010564307,0.87443036,0.009781867,0.21859433,0.0428169,0.059287235,0.03837095
375316653866487564,4285253389956192512,0.550771,2189.386146753021,2.788225106176192,2.7028633E-5,19.554607,0.01925349,0.30371675,0.0033277487,0.074242614,0.0054356023,0.38634887,0.017574085,0.80229986,0.019483246,0.09156187,0.021631295,0.3013296,0.055738598,null,null,null,null,"TWOGAUSSIANS",8,1.330114,0.30371675,0.0033268046,0.4,0.0,0.37945062,0.012270634,0.80229986,0.019483246,0.4,0.0,0.29443115,0.059739247
375316653866487564,4285253660529919872,0.51539266,2245.111302496004,1.3317792731499254,1.9750192E-5,18.164387,0.23922677,0.24354744,0.012845447,0.12767163,0.030116474,0.23897907,0.12780908,0.76250005,0.008149345,0.22678848,0.11170277,0.25840226,0.2379502,null,null,null,null,"TWOGAUSSIANS",8,0.90274143,0.23779744,0.00822765,0.4,0.0,0.12157335,0.015880728,0.7633101,0.00713405,0.4,0.0,0.09500752,0.0031801818
375316653866487564,4285255588981158272,0.48707476,2193.63892022206,0.2249348100308894,4.8561058E-5,19.111757,0.09773622,0.28372058,0.03377923,0.072485074,0.072559945,0.32161483,0.24145664,0.7953503,0.017892113,0.08495549,0.04810164,0.35487953,0.08528132,null,null,null,null,"TWOGAUSSIANS",8,1.6770488,0.7953503,0.017892113,0.4,0.0,0.35143632,0.045375165,0.28372058,0.033795536,0.4,0.31177998,0.31817165,0.23741393
375316653866487564,4285255722118201472,0.5163621,2302.6044302814203,4.343322890558092,2.1587532E-5,18.402008,0.008895834,0.8016175,0.036404233,0.059201833,0.029113816,0.13266097,0.07491699,0.5523453,0.032755718,0.10911926,0.046239987,0.27697936,0.048856746,null,null,null,null,"TWOGAUSSIANS",8,4.498256,0.5524053,0.032552853,0.4,0.0,0.2769743,0.050513737,0.7868475,0.22752526,0.33153027,0.16098164,0.15608749,0.119009845
375316653866487564,4285255825193577600,0.6005932,2264.4207402869865,1.2511007171320838,2.4241168E-5,17.543564,0.0078004166,0.25240982,0.006702508,0.0765288,0.005404239,0.44649622,0.031673804,0.7408191,0.004769938,0.082596086,0.0062869047,0.3333152,0.011826422,null,null,null,null,"TWOGAUSSIANS",8,7.03354,0.25240982,0.006702508,0.4,0.0,0.4421375,0.032045756,0.7408191,0.004769938,0.4,0.0,0.3289565,0.011606544
375316653866487564,4285255962632619520,0.5650907,2316.5204183241785,1.6544428647446847,1.5124135E-5,16.140827,0.026953992,0.20214647,0.008730516,0.11380612,0.025519848,0.14421253,0.023087503,0.6806165,0.002925019,0.12094195,0.012301472,0.21068576,0.025159797,null,null,null,null,"TWOGAUSSIANS",8,5.9798474,0.6806165,0.002925019,0.4,0.0,0.18109895,0.0073324037,0.20233646,0.008802593,0.4,0.0,0.114704445,0.011958731
375316653866487564,4285256031352152704,0.5393659,2268.9450409408787,2.1734024949429815,2.0335945E-5,16.832956,0.018932953,0.8218759,0.0028987038,0.028901672,0.018520717,0.15981258,0.06271839,null,null,null,null,null,null,0.16258025,0.033743296,0.8218759,0.0028987038,"ONEGAUSSIAN_WITH_ELLIPSOIDAL",6,45.882797,0.8218759,0.0028987038,0.16184936,0.103716016,0.4849726,0.078446224,null,null,null,null,null,null
375316653866487564,4285256478028495488,0.67449826,2276.442089045596,0.9528273186396654,4.30533E-6,15.487269,0.0018127349,0.32380947,4.2502765E-4,0.037613668,7.377892E-4,0.39151078,0.0040215263,0.57080317,0.1115019,0.058176495,0.08108742,0.010368102,3.7295048,0.0055479673,0.0027976388,0.32380947,4.2502765E-4,"TWOGAUSSIANS_WITH_ELLIPSOIDAL_ON_ECLIPSE1",9,9.165784,0.32380947,4.2502765E-4,0.21063654,0.0041316194,0.40260795,0.003537614,0.57080317,0.11455014,0.32578838,0.45408952,0.010372031,3.7292616
375316653866487564,4285256722855170560,0.5460546,2311.1578236323685,2.730489697968683,2.9549947E-5,19.698345,0.013679826,0.28281417,0.0070849173,0.080478504,0.00835422,0.48582733,0.05042694,0.7859933,0.012205079,0.06734426,0.022254447,0.48437017,0.03583776,null,null,null,null,"TWOGAUSSIANS",8,1.9464391,0.28281417,0.0070849173,0.4,0.0,0.4828828,0.05068282,0.7859933,0.012205079,0.37712786,0.12068688,0.4814256,0.037535433
375316653866487564,4285256963372956544,0.5313974,2321.4494238571883,1.7619710597423988,1.3760784E-5,19.42335,0.014215392,0.13208212,0.005653042,0.05002727,0.012430556,0.4936623,0.14135556,0.6382882,0.0036902262,0.072555125,0.0066661197,0.51327205,0.044373922,null,null,null,null,"TWOGAUSSIANS",8,2.6265342,0.6382882,0.0036902262,0.4,0.018366728,0.5130754,0.044645015,0.13208212,0.005653042,0.2801527,0.06961112,0.4934656,0.1421271
375316653866487564,4285257272610633984,0.5236621,2263.5721088281553,3.277985425653867,3.0771276E-5,19.692457,0.1952941,0.2104442,0.007994648,0.10991712,0.023692144,0.5457604,0.19019999,0.6978475,0.011161889,0.1297813,0.045668434,0.5756024,0.1648226,null,null,null,null,"TWOGAUSSIANS",8,2.5494657,0.6978475,0.011161889,0.4,0.0,0.4619279,0.05753249,0.2106042,0.008065432,0.4,0.0,0.43278083,0.05725926
375316653866487564,4285257684927958912,0.44862926,2278.741060892271,0.8042253188956157,8.792574E-5,19.714912,0.12564656,0.3254001,0.057225123,0.11633244,0.10511779,0.19191888,0.10655453,0.8690831,0.01501912,0.072511,0.028104832,0.27419946,0.11363184,null,null,null,null,"TWOGAUSSIANS",8,3.3116016,0.86913306,0.014837571,0.4,0.07937582,0.26757202,0.053483758,0.3254001,0.057225123,0.4,0.0,0.18520038,0.06037909
375316653866487564,4285259574730095616,0.62181,2301.913751397886,0.34488207966038176,3.9302995E-5,16.936575,0.0019609958,0.43189985,0.010138664,0.089364275,0.0065719984,0.23964795,0.024559017,0.080215015,0.0048090946,0.01575143,0.0024292625,0.17147313,0.16010594,null,null,null,null,"TWOGAUSSIANS",8,3.0117612,0.43189985,0.010138664,0.4,0.0,0.23964788,0.024559256,0.08022501,0.004808098,0.08820801,0.01360387,0.17157695,0.16008238
375316653866487564,4285260468067799168,0.4662958,2286.480092437685,0.7915058397168261,3.1950927E-5,19.672634,0.03630751,0.20774281,0.008657273,0.059081707,0.011811146,0.40141976,0.030250428,0.6241337,0.05024752,0.14149903,0.06544806,0.19262081,0.06358997,null,null,null,null,"TWOGAUSSIANS",8,2.6618059,0.20819281,0.008149578,0.33085755,0.06614241,0.39783522,0.031726785,0.6241337,0.05024752,0.4,0.0,0.18644872,0.059266433
