Gaia/vari_eclipsing_binary/VariEclipsingBinary_208537-208596.csv
# %ECSV 1.0
# ---
# delimiter: ','
# meta: !!omap
# - RELEASE: Gaia DR3
# - TABLE: vari_eclipsing_binary
# - DESCRIPTION: >
#     This table describes the properties of the eclipsing binaries resulting from the variability analysis. 
# - CITATION: >
#     How to cite and acknowledge Gaia: 
#     https://gea.esac.esa.int/archive/documentation/credits.html 
# - KNOWN_ISSUES: >
#     Known issues: 
#     https://www.cosmos.esa.int/web/gaia-users/known-issues 
# - DOCUMENTATION: >
#     Tutorials and documentation: 
#     https://www.cosmos.esa.int/web/gaia-users/archive 
# datatype:
# - 
#   name: solution_id
#   datatype: int64
#   description: Solution Identifier
#   meta:
#     ucd: meta.version
# - 
#   name: source_id
#   datatype: int64
#   description: Unique source identifier
#   meta:
#     ucd: meta.id;meta.main
# - 
#   name: global_ranking
#   datatype: float32
#   description: Number between 0 (worst) and 1 (best)
#   meta:
#     ucd: stat.param
# - 
#   name: reference_time
#   datatype: float64
#   unit: d
#   description: Reference time used for the geometric model fit
#   meta:
#     ucd: time.epoch
# - 
#   name: frequency
#   datatype: float64
#   unit: d**-1
#   description: Frequency of geometric model of the eclipsing binary light curve
#   meta:
#     ucd: src.orbital
# - 
#   name: frequency_error
#   datatype: float32
#   unit: d**-1
#   description: "Uncertainty of \\texttt{frequency}"
#   meta:
#     ucd: stat.error
# - 
#   name: geom_model_reference_level
#   datatype: float32
#   unit: mag
#   description: Magnitude reference level of geometric model
#   meta:
#     ucd: phot.mag;em.opt
# - 
#   name: geom_model_reference_level_error
#   datatype: float32
#   unit: mag
#   description: "Uncertainty of \\texttt{geomModelReferenceLevel}"
#   meta:
#     ucd: stat.error;phot.mag;em.opt
# - 
#   name: geom_model_gaussian1_phase
#   datatype: float32
#   description: Phase of the Gaussian 1 component
#   meta:
#     ucd: time.phase
# - 
#   name: geom_model_gaussian1_phase_error
#   datatype: float32
#   description: "Uncertainty of \\texttt{geomModelGaussian1Phase}"
#   meta:
#     ucd: stat.error;time.phase
# - 
#   name: geom_model_gaussian1_sigma
#   datatype: float32
#   description: "Standard deviation [phase] of Gaussian 1 component"
#   meta:
#     ucd: stat.stdev
# - 
#   name: geom_model_gaussian1_sigma_error
#   datatype: float32
#   description: "Uncertainty of \\texttt{geomModelGaussian1Sigma}"
#   meta:
#     ucd: stat.error
# - 
#   name: geom_model_gaussian1_depth
#   datatype: float32
#   unit: mag
#   description: Magnitude depth of Gaussian 1 component
#   meta:
#     ucd: src.var.amplitude
# - 
#   name: geom_model_gaussian1_depth_error
#   datatype: float32
#   unit: mag
#   description: "Uncertainty of \\texttt{geomModelGaussian1Depth}"
#   meta:
#     ucd: stat.error;src.var.amplitude
# - 
#   name: geom_model_gaussian2_phase
#   datatype: float32
#   description: Phase of Gaussian 2 component
#   meta:
#     ucd: time.phase
# - 
#   name: geom_model_gaussian2_phase_error
#   datatype: float32
#   description: "Uncertainty of \\texttt{geomModelGaussian2Phase}"
#   meta:
#     ucd: stat.error;time.phase
# - 
#   name: geom_model_gaussian2_sigma
#   datatype: float32
[...]
#   datatype: float32
#   description: "Secondary eclipse: uncertainty of \\texttt{derivedSecondaryEclDuration}"
#   meta:
#     ucd: stat.error;time.duration
# - 
#   name: derived_secondary_ecl_depth
#   datatype: float32
#   unit: mag
#   description: "Secondary eclipse: depth"
#   meta:
#     ucd: src.var.amplitude
# - 
#   name: derived_secondary_ecl_depth_error
#   datatype: float32
#   unit: mag
#   description: "Secondary eclipse: uncertainty of \\texttt{derivedSecondaryEclDepth}"
#   meta:
#     ucd: stat.error;src.var.amplitude
solution_id,source_id,global_ranking,reference_time,frequency,frequency_error,geom_model_reference_level,geom_model_reference_level_error,geom_model_gaussian1_phase,geom_model_gaussian1_phase_error,geom_model_gaussian1_sigma,geom_model_gaussian1_sigma_error,geom_model_gaussian1_depth,geom_model_gaussian1_depth_error,geom_model_gaussian2_phase,geom_model_gaussian2_phase_error,geom_model_gaussian2_sigma,geom_model_gaussian2_sigma_error,geom_model_gaussian2_depth,geom_model_gaussian2_depth_error,geom_model_cosine_half_period_amplitude,geom_model_cosine_half_period_amplitude_error,geom_model_cosine_half_period_phase,geom_model_cosine_half_period_phase_error,model_type,num_model_parameters,reduced_chi2,derived_primary_ecl_phase,derived_primary_ecl_phase_error,derived_primary_ecl_duration,derived_primary_ecl_duration_error,derived_primary_ecl_depth,derived_primary_ecl_depth_error,derived_secondary_ecl_phase,derived_secondary_ecl_phase_error,derived_secondary_ecl_duration,derived_secondary_ecl_duration_error,derived_secondary_ecl_depth,derived_secondary_ecl_depth_error
[from data line 502]
375316653866487564,1834686647343127552,0.58392805,2271.264103863589,1.1335712709114658,2.472654E-6,18.61946,0.0025702526,0.28995728,0.0010313505,0.035041105,0.0010071781,0.5065428,0.009255796,0.79317546,0.0042285584,0.040645856,0.003716617,0.19466864,0.010955067,null,null,null,null,"TWOGAUSSIANS",8,1.758154,0.28995728,0.0010313505,0.19623019,0.005640197,0.5065428,0.009255796,0.79317546,0.0042285584,0.2276168,0.020813053,0.19466864,0.010955067
375316653866487564,1834688537113633664,0.46825394,2254.6835038944514,1.295419160199653,1.3242402E-5,19.944983,0.01234383,0.108081125,0.005549401,0.04097167,0.0045195236,0.27271178,0.018945513,0.61350715,0.005505506,0.046691295,0.003395601,0.27816293,0.028932475,null,null,null,null,"TWOGAUSSIANS",8,3.7353818,0.61350715,0.005505506,0.26147124,0.019015366,0.2781629,0.028932462,0.108081125,0.005549401,0.22944136,0.025309332,0.27271175,0.018945495
375316653866487564,1834688708912910720,0.4993185,2293.022925853056,2.043201271605578,1.0816993E-5,19.787542,0.011275136,0.1731227,0.0041777063,0.071258225,0.004715904,0.3586544,0.03166923,0.6812243,0.0055644563,0.074064806,0.0058458243,0.5303567,0.014672217,null,null,null,null,"TWOGAUSSIANS",8,2.0602853,0.6812243,0.0055644563,0.4,0.0,0.52841985,0.014257103,0.1731227,0.0041777063,0.39904606,0.016914578,0.35671756,0.03154427
375316653866487564,1834689460531339008,0.5150936,2230.5721282869035,2.4763118158801096,1.7524177E-5,19.861525,0.009026861,0.20595522,0.013465175,0.06978245,0.015161425,0.2744891,0.02743539,0.7052495,0.0051628924,0.07916841,0.0052772122,0.35720685,0.027469289,null,null,null,null,"TWOGAUSSIANS",8,1.1627256,0.7052495,0.0051628924,0.4,0.0,0.35499054,0.02741595,0.20595522,0.013465175,0.39078173,0.07025963,0.2722728,0.028587125
375316653866487564,1834690422604136320,0.5462523,2233.4400278737803,2.622170629674916,9.848529E-6,18.181025,0.08785458,0.25571406,0.002727058,0.057586435,0.03138935,0.088265516,0.16904728,0.73124814,0.02978067,0.028487718,0.052130703,0.103136815,0.17704003,0.097610414,0.08560293,0.25571406,0.002727058,"TWOGAUSSIANS_WITH_ELLIPSOIDAL_ON_ECLIPSE1",9,5.282128,0.73387814,0.027183656,0.15953122,0.24643807,0.29425973,0.08769609,0.25571406,0.002727058,0.32248402,0.089081004,0.28347877,0.01603652
375316653866487564,1834690529980991744,0.51130426,2239.8670176119576,2.404830326227147,8.282757E-6,19.363531,0.03811944,0.2416512,0.0034987305,0.092084005,0.011360397,0.41748476,0.030545646,0.742275,0.0032728463,0.10734565,0.012110389,0.37157685,0.034289133,null,null,null,null,"TWOGAUSSIANS",8,2.6691098,0.2416512,0.0034987305,0.4,0.0,0.38407275,0.018194158,0.742275,0.0032728463,0.4,0.0,0.33815068,0.017979385
375316653866487564,1834690770499115776,0.55607474,2204.2156223483776,3.111547363755105,1.2877292E-5,19.749508,0.010893821,0.26189867,0.0031318483,0.03476202,0.0053055896,0.51520383,0.05852836,0.75860745,0.005312991,0.042536594,0.004273185,0.6235556,0.07829258,0.13143866,0.018107872,0.26189867,0.0031318483,"TWOGAUSSIANS_WITH_ELLIPSOIDAL_ON_ECLIPSE1",9,1.5874279,0.7587974,0.00488262,0.23820494,0.023929834,0.88632673,0.07095797,0.26189867,0.0031318483,0.19466731,0.029711302,0.778081,0.08165004
375316653866487564,1834691419035952768,0.46837762,2246.792823015084,1.3113448421851337,1.2730805E-5,19.736696,0.018787794,0.32037625,0.047705434,0.005299275,0.010958905,0.058476403,7507.317,0.6998006,0.0044200844,0.055274792,0.010105641,0.35540292,0.0529639,null,null,null,null,"TWOGAUSSIANS",8,3.7125587,0.6998006,0.0044200844,0.30953884,0.05659159,0.35540292,0.0529639,0.32037625,0.047705434,0.029675938,0.06136987,0.058476403,7507.317
375316653866487564,1834693480620853504,0.4770687,2252.85498818247,1.5182778201860117,2.3148716E-5,19.255733,0.009627802,0.26749414,0.0074868435,0.02621864,0.015366627,0.11043552,0.030406773,0.75986695,0.005791174,0.045938373,0.005565209,0.4060563,0.045792047,0.10854859,0.023547942,0.26749414,0.0074868435,"TWOGAUSSIANS_WITH_ELLIPSOIDAL_ON_ECLIPSE1",9,11.769721,0.76048696,0.005234669,0.2572549,0.031165171,0.62269557,0.038078446,0.26749414,0.0074868435,0.14682437,0.08605311,0.32753235,0.036447834
375316653866487564,1834693691090055040,0.63803947,2238.2088614719864,1.593032918466679,3.6072088E-6,17.156599,0.004870364,0.23383719,0.0012328876,0.04851848,0.0051099765,0.09591046,0.0102450475,0.7404385,0.0033117947,0.057645958,0.0038656036,0.15525322,0.011436788,0.087128356,0.0063861716,0.23383719,0.0012328876,"TWOGAUSSIANS_WITH_ELLIPSOIDAL_ON_ECLIPSE1",9,2.541287,0.7404385,0.0033117947,0.32281736,0.02164738,0.32920176,0.005111541,0.23383719,0.0012328876,0.27170348,0.028615868,0.27015862,0.0045763287
375316653866487564,1834695026809320448,0.4685642,2236.607167433725,2.930680353067187,2.2925871E-5,18.581161,0.53191125,0.2925098,0.009328898,0.16565643,0.13932179,0.25382376,0.52434164,0.78162533,0.008240995,0.13118106,0.06472618,0.24148954,0.396991,null,null,null,null,"TWOGAUSSIANS",8,3.8020864,0.29283977,0.008352952,0.4,0.0,0.14223424,0.011266947,0.78162533,0.008240995,0.4,0.0,0.13497637,0.012599504
375316653866487564,1834695198608014208,0.53167003,2229.4311140884515,0.5692993282467411,1.0833314E-5,18.93584,0.003299636,0.3320969,8.913646E-4,0.025683189,8.48889E-4,0.35622644,0.007886927,0.8375473,0.00879407,0.01815661,0.00805757,0.052399736,0.0083668865,null,null,null,null,"TWOGAUSSIANS",8,2.885151,0.3320969,8.913646E-4,0.14382586,0.004753778,0.35622644,0.007886927,0.8375473,0.00879407,0.101677015,0.04512239,0.052399736,0.0083668865
375316653866487564,1834699154288503296,0.63227206,2270.179346167715,3.149394063348381,2.464267E-6,13.796086,0.0053112227,0.22507094,7.103875E-4,0.04964887,0.001713113,0.25656676,0.012125053,0.73195255,0.004265623,0.047073245,0.007325894,0.15423311,0.013500982,0.10170631,0.0077565433,0.22507094,7.103875E-4,"TWOGAUSSIANS_WITH_ELLIPSOIDAL_ON_ECLIPSE1",9,144.48132,0.22507094,7.103875E-4,0.27803367,0.009593433,0.45997825,0.005143655,0.73195255,0.004265623,0.26361015,0.04102501,0.35726455,0.012644415
375316653866487564,1834700764884726400,0.47607443,2253.3191605863963,0.8648412098208614,9.11165E-6,18.914415,0.017389162,0.2718176,0.0032163507,0.08125226,0.008002274,0.18338147,0.015645033,0.7647948,0.013008341,0.12186054,0.027335325,0.09017842,0.017231472,null,null,null,null,"TWOGAUSSIANS",8,1.9491698,0.27182758,0.003215612,0.4,0.0,0.17328863,0.0068200347,0.7647948,0.013008341,0.4,0.0,0.08004469,0.010095713
375316653866487564,1834701211561323392,0.50584084,2245.3614741801157,2.677299668825736,2.0580423E-5,18.657417,0.01304861,0.23550212,0.005644392,0.09404065,0.010897383,0.2075283,0.010020575,0.7332513,0.0043195994,0.0859814,0.008773326,0.19390112,0.013837226,null,null,null,null,"TWOGAUSSIANS",8,2.054261,0.23550212,0.005644392,0.4,0.0,0.19933629,0.008168056,0.7332513,0.0043195994,0.4,0.0,0.1857094,0.011865857
375316653866487564,1834701490738619776,0.5355971,2236.303566360809,2.942621390299148,7.5450766E-6,19.449444,0.007209847,0.19479711,0.0038569823,0.075309895,0.0046709585,0.3706576,0.023436997,0.6831107,0.0035148382,0.080027774,0.004174468,0.44802317,0.021285191,null,null,null,null,"TWOGAUSSIANS",8,2.4134793,0.6831107,0.0035148382,0.4,0.0,0.44442552,0.021541893,0.19479711,0.0038569823,0.4,0.0,0.36705995,0.023776451
375316653866487564,1834701593829929344,0.6256525,2250.3879244261,2.5755201362507507,3.5631588E-6,17.621412,0.0068066213,0.25115877,5.503675E-4,0.053027336,0.0025166438,0.24326324,0.013883437,0.75047123,0.003683641,0.056741886,0.0054885186,0.20630766,0.028257951,0.0970435,0.008450137,0.25115877,5.503675E-4,"TWOGAUSSIANS_WITH_ELLIPSOIDAL_ON_ECLIPSE1",9,3.3463995,0.25115877,5.503675E-4,0.29695308,0.014093206,0.43733442,0.0055559133,0.75060123,0.003414345,0.31775457,0.030735705,0.40037593,0.031595748
375316653866487564,1834701868707822464,0.5037588,2247.3778254350646,0.4337948543260341,1.2314133E-5,14.692973,7.8561495E-4,0.22410025,0.0015947378,0.0137724895,0.0021135965,0.053102344,0.0051497016,null,null,null,null,null,null,0.015133773,0.0014245947,0.22410025,0.0015947378,"ONEGAUSSIAN_WITH_ELLIPSOIDAL",6,15.923918,0.22410025,0.0015947378,0.07712594,0.01183614,0.08336987,0.005502948,null,null,null,null,null,null
375316653866487564,1834704892351911168,0.46657604,2261.013708527633,0.5535653851470165,4.6574958E-5,18.934278,0.0065131346,0.37647107,0.1314023,0.008868908,0.031320445,0.26700616,2074.5042,0.82838947,0.0032833836,0.03410775,0.0032805733,0.24200629,0.030599149,null,null,null,null,"TWOGAUSSIANS",8,6.395909,0.37647107,0.1314023,0.049665883,0.17539449,0.26700616,2074.5042,0.82838947,0.0032833836,0.1910034,0.01837121,0.24200629,0.030599149
375316653866487564,1834706232382591232,0.51877564,2285.4496153441637,3.244121504303415,9.925322E-6,19.695843,0.015029662,0.2058283,0.0044585844,0.06725376,0.0063232454,0.4160319,0.019426772,0.71536094,0.0038498775,0.07771676,0.008879608,0.49269328,0.057148952,null,null,null,null,"TWOGAUSSIANS",8,2.6939228,0.71536094,0.0038498775,0.4,0.0,0.4908052,0.05850919,0.2058283,0.0044585844,0.37662104,0.035410173,0.41414383,0.01887682
375316653866487564,1834707057016559488,0.5049712,2250.278153824133,3.80860118255318,1.2641028E-5,19.772078,0.014588305,0.30659756,0.0042004804,0.07930376,0.0052654,0.43341503,0.021198409,0.8053593,0.0031839411,0.09054554,0.011122547,0.29048142,0.033888184,null,null,null,null,"TWOGAUSSIANS",8,1.3973389,0.30659756,0.0042004804,0.4,0.0,0.42447683,0.020127777,0.8053593,0.0031839411,0.4,0.0,0.28154308,0.03824588
375316653866487564,1834709393490912384,0.5255687,2274.4253282127124,1.8900990625598668,8.413307E-6,19.024584,0.0048172222,0.098132305,0.016495818,0.013063403,0.019423854,0.042206332,0.02779334,0.48422065,0.001190052,0.04580319,0.0017206729,0.38751617,0.011743132,null,null,null,null,"TWOGAUSSIANS",8,2.8225842,0.48422065,0.001190052,0.25649786,0.009635768,0.38751617,0.011743132,0.098132305,0.016495818,0.07315505,0.10877358,0.042206332,0.02779334
375316653866487564,1834709874526964608,0.5491782,2292.454981016361,0.4740383065711755,7.2723446E-6,14.897625,0.0025623438,0.37169966,0.0046899924,0.011040798,0.0019992157,0.42121178,0.16586494,0.87120897,6.3666084E-4,0.010016662,4.208217E-4,0.5565584,0.019926678,null,null,null,null,"TWOGAUSSIANS",8,221.16312,0.87120897,6.3666084E-4,0.05609331,0.0023566016,0.5565584,0.019926678,0.37169966,0.0046899924,0.06182847,0.0111956075,0.42121178,0.16586494
375316653866487564,1834710115033700864,0.5075143,2293.2000405591384,2.312668499256753,1.2020071E-5,19.671324,0.018782716,0.2293694,0.0038048932,0.07527564,0.008218595,0.41529173,0.02938548,0.7229924,0.0031712083,0.07212876,0.009747629,0.47541168,0.056814715,null,null,null,null,"TWOGAUSSIANS",8,2.5513382,0.7229924,0.0031712083,0.4,0.0069341254,0.47298363,0.059491225,0.2293694,0.0038048932,0.4,0.0032682454,0.41286367,0.030323807
375316653866487564,1834712657666059776,0.4947136,2268.4291632165264,1.0604284167755986,4.7916815E-6,16.361254,0.0059283893,0.342482,0.012824877,0.12807691,0.02641339,0.06605071,0.008966995,0.8606545,7.0284243E-4,0.01581991,6.2335335E-4,0.3095322,0.0107215885,null,null,null,null,"TWOGAUSSIANS",8,30.22743,0.8606545,7.0284243E-4,0.08859149,0.0034907789,0.30943853,0.010626065,0.342482,0.012824877,0.4,0.0,0.06588281,0.009111577
375316653866487564,1834712962593338496,0.5592617,2280.005743732203,0.4148960837596519,1.0166538E-5,17.158352,0.00175329,0.6407351,0.10361336,0.09283806,0.09031169,0.0028521817,0.0140106,0.8277622,0.0020450447,0.033207323,0.0033407041,0.215602,0.011659373,null,null,null,null,"TWOGAUSSIANS",8,3.5500038,0.8277622,0.0020450447,0.18596101,0.018707942,0.21597688,0.012012344,0.6407451,0.20862302,0.4,0.31306455,0.0028522068,0.20959426
375316653866487564,1834713031312792832,0.54349196,2257.5984684706796,1.0464372713778265,6.7831966E-6,18.843405,0.011940867,0.19474918,0.0067734234,0.05761373,0.011066625,0.074024245,0.016899638,0.68930405,0.0011687728,0.04726019,0.003808611,0.48663917,0.038709313,null,null,null,null,"TWOGAUSSIANS",8,4.7024536,0.68930405,0.0011687728,0.26465708,0.021328222,0.48663613,0.03870868,0.19474918,0.0067734234,0.3226369,0.0619731,0.074021205,0.016889041
375316653866487564,1834713855946551680,0.45736834,2289.599802189646,2.2423111307722365,3.1723528E-5,19.058863,0.0056600994,0.21228798,0.007932516,0.064521655,0.024494626,0.017431611,0.0186944,null,null,null,null,null,null,0.06267675,0.0065868427,0.21228798,0.007932516,"ONEGAUSSIAN_WITH_ELLIPSOIDAL",6,3.8876674,0.21228798,0.007932516,0.36132127,0.135068,0.14277548,0.017266007,null,null,null,null,null,null
375316653866487564,1834713993387608064,0.5708198,2265.005307303734,2.2324721388227564,7.226153E-6,19.666754,0.006245985,0.23663972,0.0016001168,0.0540047,0.0016014631,0.7684267,0.018212484,0.750363,0.004691864,0.06537444,0.005350708,0.24545275,0.026922468,null,null,null,null,"TWOGAUSSIANS",8,1.4284445,0.23663972,0.0016001168,0.3024263,0.008968193,0.7683497,0.018211875,0.750363,0.004691864,0.36609685,0.029963965,0.24537572,0.026960198
375316653866487564,1834715195978531968,0.52329034,2246.2390224446303,0.7262727191802375,4.161033E-5,18.73651,0.0065670633,0.5790102,2.9649918E-5,0.008693388,1.1565205E-4,3.2249625,0.14969233,0.88451475,0.026546884,0.03242272,0.081912085,0.022625996,0.0466225,null,null,null,null,"TWOGAUSSIANS",8,5.1274166,0.5790102,2.9649918E-5,0.048682973,6.476515E-4,3.2249625,0.14969233,0.88451475,0.026546884,0.18156724,0.45870766,0.022625996,0.0466225
375316653866487564,1834715200286496384,0.581655,2279.349500109819,0.2185097649113645,3.4255052E-6,17.49259,0.0015386037,0.19388543,4.6437202E-4,0.010097599,6.3637993E-4,0.40449908,0.031156536,0.6945222,0.0027693068,0.008191179,9.7388966E-4,0.43833205,0.10581112,null,null,null,null,"TWOGAUSSIANS",8,3.3055716,0.6945222,0.0027693068,0.0458706,0.005453782,0.43833205,0.10581112,0.19388543,4.6437202E-4,0.056546554,0.0035637275,0.40449908,0.031156536
375316653866487564,1834717188841307136,0.5368382,2263.2252245654013,1.1852913416664776,1.0642619E-5,17.954922,0.0042300406,0.26811984,0.0031018828,0.088562265,0.004287846,0.21791172,0.007301382,0.7679298,0.004106646,0.07968512,0.0049955947,0.12463563,0.005823891,null,null,null,null,"TWOGAUSSIANS",8,3.039935,0.26811984,0.0031018828,0.4,0.0,0.21390149,0.007318816,0.7679298,0.004106646,0.4,0.0,0.12062546,0.00532868
375316653866487564,1834721655607592576,0.54201317,2250.9764493455295,2.0762051837634474,6.2389604E-6,18.721252,0.0071236733,0.19675937,0.002336731,0.07180623,0.004531184,0.2387947,0.010636292,0.6920019,0.0025933795,0.08844755,0.0040054647,0.33640292,0.008406029,null,null,null,null,"TWOGAUSSIANS",8,2.3913345,0.6920019,0.0025933795,0.4,0.0,0.33238006,0.007871644,0.19675937,0.002336731,0.4,0.009611563,0.23477192,0.01084584
375316653866487564,1834725057224345728,0.58930045,2261.9588246279886,3.0594809223558275,5.918432E-6,16.883184,0.0076430347,0.2926866,0.0042186067,0.053689905,0.0059482697,0.2174962,0.017343553,0.80439454,0.0019608443,0.044487406,0.006410414,0.11577126,0.020720571,0.10899308,0.010127884,0.80439454,0.0019608443,"TWOGAUSSIANS_WITH_ELLIPSOIDAL_ON_ECLIPSE2",9,16.535097,0.2948566,0.0033103689,0.30066347,0.03331031,0.4345211,0.012443135,0.80439454,0.0019608443,0.24912947,0.035898317,0.3337557,0.011793794
375316653866487564,1834725405129494528,0.68259615,2258.8217996219983,0.3765215103428356,1.9654428E-6,15.713192,5.5499165E-4,0.19503912,6.374725E-4,0.015420262,4.756887E-4,0.52931607,0.010720189,0.6930616,0.0023171739,0.013719378,0.0013844646,0.33659595,0.05523819,null,null,null,null,"TWOGAUSSIANS",8,5.2040205,0.19503912,6.374725E-4,0.086353466,0.0026638568,0.52931607,0.010720189,0.6930616,0.0023171739,0.07682852,0.0077530015,0.33659595,0.05523819
