Gaia/vari_eclipsing_binary/VariEclipsingBinary_466120-466141.csv
# %ECSV 1.0
# ---
# delimiter: ','
# meta: !!omap
# - RELEASE: Gaia DR3
# - TABLE: vari_eclipsing_binary
# - DESCRIPTION: >
#     This table describes the properties of the eclipsing binaries resulting from the variability analysis. 
# - CITATION: >
#     How to cite and acknowledge Gaia: 
#     https://gea.esac.esa.int/archive/documentation/credits.html 
# - KNOWN_ISSUES: >
#     Known issues: 
#     https://www.cosmos.esa.int/web/gaia-users/known-issues 
# - DOCUMENTATION: >
#     Tutorials and documentation: 
#     https://www.cosmos.esa.int/web/gaia-users/archive 
# datatype:
# - 
#   name: solution_id
#   datatype: int64
#   description: Solution Identifier
#   meta:
#     ucd: meta.version
# - 
#   name: source_id
#   datatype: int64
#   description: Unique source identifier
#   meta:
#     ucd: meta.id;meta.main
# - 
#   name: global_ranking
#   datatype: float32
#   description: Number between 0 (worst) and 1 (best)
#   meta:
#     ucd: stat.param
# - 
#   name: reference_time
#   datatype: float64
#   unit: d
#   description: Reference time used for the geometric model fit
#   meta:
#     ucd: time.epoch
# - 
#   name: frequency
#   datatype: float64
#   unit: d**-1
#   description: Frequency of geometric model of the eclipsing binary light curve
#   meta:
#     ucd: src.orbital
# - 
#   name: frequency_error
#   datatype: float32
#   unit: d**-1
#   description: "Uncertainty of \\texttt{frequency}"
#   meta:
#     ucd: stat.error
# - 
#   name: geom_model_reference_level
#   datatype: float32
#   unit: mag
#   description: Magnitude reference level of geometric model
#   meta:
#     ucd: phot.mag;em.opt
# - 
#   name: geom_model_reference_level_error
#   datatype: float32
#   unit: mag
#   description: "Uncertainty of \\texttt{geomModelReferenceLevel}"
#   meta:
#     ucd: stat.error;phot.mag;em.opt
# - 
#   name: geom_model_gaussian1_phase
#   datatype: float32
#   description: Phase of the Gaussian 1 component
#   meta:
#     ucd: time.phase
# - 
#   name: geom_model_gaussian1_phase_error
#   datatype: float32
#   description: "Uncertainty of \\texttt{geomModelGaussian1Phase}"
#   meta:
#     ucd: stat.error;time.phase
# - 
#   name: geom_model_gaussian1_sigma
#   datatype: float32
#   description: "Standard deviation [phase] of Gaussian 1 component"
#   meta:
#     ucd: stat.stdev
# - 
#   name: geom_model_gaussian1_sigma_error
#   datatype: float32
#   description: "Uncertainty of \\texttt{geomModelGaussian1Sigma}"
#   meta:
#     ucd: stat.error
# - 
#   name: geom_model_gaussian1_depth
#   datatype: float32
#   unit: mag
#   description: Magnitude depth of Gaussian 1 component
#   meta:
#     ucd: src.var.amplitude
# - 
#   name: geom_model_gaussian1_depth_error
#   datatype: float32
#   unit: mag
#   description: "Uncertainty of \\texttt{geomModelGaussian1Depth}"
#   meta:
#     ucd: stat.error;src.var.amplitude
# - 
#   name: geom_model_gaussian2_phase
#   datatype: float32
#   description: Phase of Gaussian 2 component
#   meta:
#     ucd: time.phase
# - 
#   name: geom_model_gaussian2_phase_error
#   datatype: float32
#   description: "Uncertainty of \\texttt{geomModelGaussian2Phase}"
#   meta:
#     ucd: stat.error;time.phase
# - 
#   name: geom_model_gaussian2_sigma
#   datatype: float32
[...]
#   datatype: float32
#   description: "Secondary eclipse: uncertainty of \\texttt{derivedSecondaryEclDuration}"
#   meta:
#     ucd: stat.error;time.duration
# - 
#   name: derived_secondary_ecl_depth
#   datatype: float32
#   unit: mag
#   description: "Secondary eclipse: depth"
#   meta:
#     ucd: src.var.amplitude
# - 
#   name: derived_secondary_ecl_depth_error
#   datatype: float32
#   unit: mag
#   description: "Secondary eclipse: uncertainty of \\texttt{derivedSecondaryEclDepth}"
#   meta:
#     ucd: stat.error;src.var.amplitude
solution_id,source_id,global_ranking,reference_time,frequency,frequency_error,geom_model_reference_level,geom_model_reference_level_error,geom_model_gaussian1_phase,geom_model_gaussian1_phase_error,geom_model_gaussian1_sigma,geom_model_gaussian1_sigma_error,geom_model_gaussian1_depth,geom_model_gaussian1_depth_error,geom_model_gaussian2_phase,geom_model_gaussian2_phase_error,geom_model_gaussian2_sigma,geom_model_gaussian2_sigma_error,geom_model_gaussian2_depth,geom_model_gaussian2_depth_error,geom_model_cosine_half_period_amplitude,geom_model_cosine_half_period_amplitude_error,geom_model_cosine_half_period_phase,geom_model_cosine_half_period_phase_error,model_type,num_model_parameters,reduced_chi2,derived_primary_ecl_phase,derived_primary_ecl_phase_error,derived_primary_ecl_duration,derived_primary_ecl_duration_error,derived_primary_ecl_depth,derived_primary_ecl_depth_error,derived_secondary_ecl_phase,derived_secondary_ecl_phase_error,derived_secondary_ecl_duration,derived_secondary_ecl_duration_error,derived_secondary_ecl_depth,derived_secondary_ecl_depth_error
[from data line 190]
375316653866487564,4100071678800310784,0.51097125,2263.2629210855525,0.8074087198511605,5.8936483E-5,19.414291,0.01330374,0.29867488,0.051071376,0.062511735,0.019444382,0.20381202,0.1471427,0.78452945,0.006937461,0.0768734,0.012323038,0.17838927,0.021843884,null,null,null,null,"TWOGAUSSIANS",8,1.1241812,0.29867488,0.051071376,0.3500657,0.061153095,0.20339411,0.14640287,0.78452945,0.006937461,0.4,0.0,0.17797136,0.021831898
375316653866487564,4100071717491096320,0.48171455,2190.7740186577807,0.43147274710578143,7.970647E-5,18.636797,0.035421215,0.33747283,0.01800952,0.067512676,0.036919102,0.12916854,0.15309507,0.81943977,0.014718386,0.06947702,0.021008637,0.2498461,0.035559613,null,null,null,null,"TWOGAUSSIANS",8,2.743436,0.81943977,0.014718386,0.38907132,0.04305952,0.24956386,0.02965337,0.33747283,0.01800952,0.378071,0.13872096,0.1288863,0.15348476
375316653866487564,4100071717516364928,0.4658125,2223.8647379736003,2.7570991585319904,6.161814E-5,19.495104,0.02628687,0.1862248,0.047464173,0.101282865,0.037184276,0.2477269,0.03483277,0.6746355,0.0016920251,0.055584606,0.0040037595,1.5413792,0.25335473,null,null,null,null,"TWOGAUSSIANS",8,4.471563,0.6746355,0.0016920251,0.31127378,0.022421055,1.5372148,0.25916904,0.1862248,0.047464173,0.4,0.0,0.24355948,0.031104146
375316653866487564,4100071747519689728,0.5830972,2231.308846288279,2.5994231812797746,1.3330844E-5,17.362087,0.026180433,0.3051456,0.0032415069,0.10392229,0.012571103,0.23207037,0.022184972,0.80299205,0.0046112034,0.09743153,0.017574739,0.24991143,0.012793673,null,null,null,null,"TWOGAUSSIANS",8,3.4481692,0.80299205,0.0046112034,0.4,0.0,0.22847427,0.018893022,0.3051456,0.003242907,0.4,0.0,0.21062978,0.008247163
375316653866487564,4100071816232173056,0.6302198,2253.0470122680713,1.5559106893670995,7.742423E-6,12.418144,0.007274273,0.2909827,0.0028795633,0.09969409,0.0074277665,0.18032534,0.007833567,0.7829393,0.0035438258,0.09951167,0.0062945927,0.15015335,0.007849214,null,null,null,null,"TWOGAUSSIANS",8,37.862675,0.2909827,0.0028795633,0.4,0.0,0.1676006,0.009926211,0.7829393,0.0035438258,0.4,0.0,0.13742891,0.0038487015
375316653866487564,4100071854954339072,0.49926066,2196.219834247007,1.701282072045727,4.3557335E-5,14.689045,0.015265506,0.1812985,0.089917414,0.04010187,0.050758425,0.11523829,0.6924218,0.7825335,0.016327925,0.048956215,0.019490106,0.115441106,0.044637892,0.01988422,0.0201275,0.7825335,0.016327925,"TWOGAUSSIANS_WITH_ELLIPSOIDAL_ON_ECLIPSE2",9,36.398857,0.7825335,0.016327925,0.2741548,0.1091446,0.15520929,0.026482744,0.18459849,0.08810115,0.22457048,0.22949332,0.14136589,0.69762456
375316653866487564,4100072297275553792,0.45763302,2109.2506045283894,0.10789410236551866,2.8845574E-5,18.8701,0.01393457,0.08670662,0.048655722,0.08167163,0.03887767,0.21761745,0.04378669,0.5707624,0.013422349,0.06395476,0.013377048,0.26593015,0.03719855,null,null,null,null,"TWOGAUSSIANS",8,2.8196244,0.5707624,0.013422349,0.35814667,0.07491147,0.2650446,0.03713087,0.08670662,0.048655722,0.4,0.031066952,0.21673192,0.042770322
375316653866487564,4100072331635398656,0.49245325,2212.5133761113525,1.6201127880373458,2.3124661E-5,13.369848,0.0036927285,null,null,null,null,null,null,null,null,null,null,null,null,0.055445146,0.0060982956,0.3268326,0.00527448,"ELLIPSOIDAL",4,176.7899,null,null,null,null,null,null,null,null,null,null,null,null
375316653866487564,4100072542151610112,0.43259117,2223.837375660701,0.9263438154359203,1.6516345E-4,15.832336,0.043046653,0.13181278,0.02319228,0.1873805,0.085816555,0.12364901,0.03838084,0.5166811,0.021221649,0.096728116,0.022888388,0.3925693,0.19286801,null,null,null,null,"TWOGAUSSIANS",8,42.165936,0.5166811,0.021221649,0.4,0.0,0.37721646,0.20164134,0.13360277,0.02144686,0.4,0.0,0.09287895,0.010838288
375316653866487564,4100072881391696896,0.5237429,2184.279079387301,1.1177840439102114,4.8792364E-5,15.28651,0.009784432,0.26367912,0.0019474613,0.022349427,0.0029350377,0.45279345,0.098867305,null,null,null,null,null,null,0.067728035,0.014897182,0.26367912,0.0019474613,"ONEGAUSSIAN_WITH_ELLIPSOIDAL",6,284.75378,0.26367912,0.0019474613,0.12515679,0.01643621,0.5882494,0.10478194,null,null,null,null,null,null
375316653866487564,4100072950111201152,0.5171585,2142.239353458235,3.1725577450502453,6.41958E-5,18.480268,0.01764029,0.28660926,0.019069739,0.08735788,0.03496547,0.13559142,0.01484111,0.76654375,0.005141365,0.09863645,0.0150137665,0.1643576,0.016443264,null,null,null,null,"TWOGAUSSIANS",8,1.7400651,0.76654375,0.005141365,0.4,0.0,0.15834567,0.009875274,0.28660926,0.019061424,0.4,0.0,0.12958078,0.015972115
375316653866487564,4100073469838011648,0.4548816,2175.4091732823185,2.0687730520978316,5.0270577E-5,18.167336,0.008686833,0.18413989,0.026827572,0.017993562,0.01624034,0.25641343,112.411644,0.7897732,0.022829,0.053706385,0.036432244,0.037706964,0.009240223,null,null,null,null,"TWOGAUSSIANS",8,4.1846685,0.18413989,0.026827572,0.100763954,0.09094591,0.25641343,112.411644,0.7897732,0.022829,0.30075574,0.20402056,0.037706964,0.009240223
375316653866487564,4100073916514448384,0.4937314,2173.1301627780995,3.5792809158587877,6.234699E-5,18.52806,0.16549884,0.20923744,0.0076546213,0.098173425,0.030649671,0.2653416,0.13879049,0.68903935,0.016535271,0.10646037,0.08663273,0.25101933,0.11219109,null,null,null,null,"TWOGAUSSIANS",8,6.421556,0.20924744,0.0075634457,0.4,0.0,0.2450048,0.031259276,0.68903935,0.016535271,0.4,0.0,0.23067306,0.07325462
375316653866487564,4100074294495816832,0.48538545,2229.244056238321,2.749256448645783,1.2485227E-5,17.399551,0.02360881,0.24324714,0.0058067744,0.041844998,0.014819536,0.25309277,0.06368056,0.7743183,0.03698829,0.058297195,0.020167187,0.12542379,0.09983788,0.14234968,0.05504417,0.24324714,0.0058067744,"TWOGAUSSIANS_WITH_ELLIPSOIDAL_ON_ECLIPSE1",9,72.21275,0.24324714,0.0058067744,0.23433198,0.0829894,0.5377903,0.075680725,0.7743183,0.03698829,0.3264643,0.11106228,0.39940768,0.07679699
375316653866487564,4100074702457681792,0.5430131,2183.243958608972,0.4399814251483978,5.950216E-5,17.950691,0.019834014,0.23323192,0.0010139592,0.04542298,0.003441418,0.4058455,0.007349863,0.7283499,0.02845966,0.20654212,0.101922914,0.041167207,0.022943866,null,null,null,null,"TWOGAUSSIANS",8,2.6293938,0.23324192,9.855054E-4,0.2543687,0.019271942,0.39896637,0.0117923785,0.7283499,0.02845966,0.4,0.0,0.029887093,0.02341642
375316653866487564,4100074844251787776,0.49019155,2212.093342691668,2.7917680881805467,5.3992637E-5,18.697334,0.039858263,0.31483337,0.019334298,0.09293143,0.03331207,0.34896365,0.34535006,0.79802674,0.010806691,0.088707276,0.014399728,0.37799236,0.0466626,null,null,null,null,"TWOGAUSSIANS",8,8.266204,0.79802674,0.010806691,0.4,0.0,0.36532688,0.040374044,0.31483337,0.019334298,0.4,0.02798811,0.33629775,0.35489497
375316653866487564,4100075222208844544,0.59322375,2207.7989853023123,1.947684484013222,9.050438E-6,16.612637,0.040898483,0.19267496,0.009449654,0.105876535,0.013141399,0.33553168,0.041699976,0.69847804,0.003304595,0.11954293,0.016772496,0.3077745,0.034950163,null,null,null,null,"TWOGAUSSIANS",8,9.402619,0.19265497,0.009454295,0.4,0.0,0.28408256,0.010635513,0.69847804,0.0033047793,0.4,0.0,0.2562356,0.012089131
375316653866487564,4100075458372575488,0.5372335,2173.088220219608,0.39204617138657455,1.2503518E-4,18.191418,0.0037911003,0.34958017,0.006444252,0.10627584,0.0142132705,0.105614424,0.0066334903,0.8089393,0.007771208,0.047444806,0.0063993386,0.27530605,0.17330447,null,null,null,null,"TWOGAUSSIANS",8,0.8589463,0.8089393,0.007771208,0.26569092,0.035836294,0.27478763,0.17365101,0.34958017,0.006444252,0.4,0.0,0.10508647,0.0069655487
375316653866487564,4100075527111644160,0.61070275,2204.615186107824,3.05383206329039,8.387393E-6,17.547148,0.01682543,0.25263393,0.00810984,0.08121019,0.0062399004,0.51594126,0.0350576,0.7528061,0.002423057,0.073039874,0.0034091973,0.44960144,0.019640166,null,null,null,null,"TWOGAUSSIANS",8,8.792557,0.25263393,0.00810984,0.4,0.0,0.51091176,0.03392519,0.7528061,0.002423057,0.4,5.923045E-4,0.44457194,0.017641172
375316653866487564,4100075531446541952,0.61301833,2206.0239953845226,1.355776321678849,2.419339E-5,16.62064,0.0010600288,0.16407865,0.0049382136,0.052973107,0.004051629,0.113003545,0.0030217082,0.6829178,7.4687865E-5,0.035276223,7.3141506E-4,0.09127773,4.5103172E-4,null,null,null,null,"TWOGAUSSIANS",8,1.945369,0.16407865,0.0049382136,0.2966494,0.022689123,0.113003545,0.0030217068,0.6829178,7.4687865E-5,0.19754684,0.0040959246,0.091277726,4.5104587E-4
375316653866487564,4100075703222420224,0.51354414,2269.7204754951945,2.200087985060289,2.029068E-5,19.632835,0.052561555,0.4241938,0.006587098,0.10127715,0.014840891,0.54463595,0.04703486,0.9060602,0.011420212,0.093722,0.016815478,0.53101695,0.05991782,null,null,null,null,"TWOGAUSSIANS",8,2.5372841,0.4241938,0.0065878555,0.4,0.0,0.51313096,0.027523309,0.9060602,0.011420212,0.4,0.0,0.49951863,0.03645317
375316653866487564,4100076493519354368,0.5025556,2247.9833618720513,0.4929219108860677,2.081594E-5,16.992579,0.004890533,0.36045793,0.008611637,0.06113913,0.008039226,0.08582414,0.01158049,0.88739586,0.007448438,0.016805252,0.0032714028,0.19429246,0.06035858,null,null,null,null,"TWOGAUSSIANS",8,10.629465,0.88739586,0.007448438,0.094109416,0.018319855,0.19429246,0.06035858,0.36045793,0.008611637,0.34237912,0.045019664,0.08582414,0.01158049
375316653866487564,4100076527856496512,0.58092695,2145.9631705932297,2.6421850928671864,1.0604734E-5,18.037916,0.009787237,0.22352861,0.004033301,0.091373265,0.005688134,0.34042925,0.01199943,0.713769,0.003317414,0.090738535,0.0066721602,0.38860756,0.03302845,null,null,null,null,"TWOGAUSSIANS",8,2.9630384,0.713769,0.003317414,0.4,0.0,0.37414813,0.037047945,0.22352861,0.004033301,0.4,0.0,0.3259698,0.010490877
375316653866487564,4100077215073615616,0.4091746,2196.1158437133754,0.10531745784203979,2.3689903E-5,17.199978,0.011439291,null,null,null,null,null,null,null,null,null,null,null,null,0.11759847,0.012390623,0.30870503,0.011917205,"ELLIPSOIDAL",4,7.4649,null,null,null,null,null,null,null,null,null,null,null,null
375316653866487564,4100077382518595584,0.6097117,2230.6397860523907,2.6732772722073253,2.1994583E-5,16.48111,0.047110196,0.29416445,0.0064771003,0.036069922,0.017429998,0.27351725,0.086495504,0.80046415,0.0047004363,0.025196936,0.022750838,0.14332218,0.098141365,0.2000642,0.052572865,0.80046415,0.0047004363,"TWOGAUSSIANS_WITH_ELLIPSOIDAL_ON_ECLIPSE2",9,25.137709,0.29498446,0.005350029,0.20199156,0.09760799,0.6731007,0.04443737,0.80046415,0.0047004363,0.14110284,0.12740469,0.5434505,0.013556525
375316653866487564,4100077627367207168,0.48098186,2179.677283159962,2.6253648271303205,3.7457903E-5,18.787663,0.013367471,0.23776107,0.008052671,0.09074621,0.009752013,0.25995755,0.025114791,0.7176633,0.005610455,0.08286771,0.009030489,0.19963844,0.011510111,null,null,null,null,"TWOGAUSSIANS",8,0.63860935,0.23776107,0.008052671,0.4,0.0,0.2548075,0.024805535,0.7176633,0.005610455,0.4,0.0,0.19448864,0.009133902
375316653866487564,4100078039709907584,0.6100413,2180.695684416497,0.10511596145047214,3.2382268E-5,18.663338,0.0043462617,0.099815324,0.112826206,0.023347065,0.0327602,0.6781373,11.736956,0.6270148,0.00704682,0.084139995,0.008798082,0.59321105,0.020028442,null,null,null,null,"TWOGAUSSIANS",8,1.8940134,0.099815324,0.112826206,0.13074356,0.18345712,0.6781312,11.736818,0.6270148,0.00704682,0.4,0.0,0.5932049,0.020031022
375316653866487564,4100078177123912448,0.4824461,2237.9221195738414,0.5830992149540314,6.8756955E-5,19.394579,0.08164352,0.17658158,0.013668889,0.09579939,0.03389572,0.23663522,0.08069624,0.70048356,0.008621128,0.103361905,0.025838973,0.27949992,0.09287479,null,null,null,null,"TWOGAUSSIANS",8,1.644749,0.70048356,0.00861907,0.4,0.0,0.2632962,0.06289982,0.17657158,0.01365875,0.4,0.0,0.22043805,0.031538177
375316653866487564,4100079276658758272,0.55899215,2218.8899802239785,2.668849087945793,3.6518835E-5,17.265814,0.026474603,0.22952294,0.007506784,0.06046629,0.011193175,0.5097918,0.056175664,0.7420802,0.033401176,0.08283896,0.053228054,0.3070996,30.852348,null,null,null,null,"TWOGAUSSIANS",8,48.54905,0.22952294,0.007506784,0.33861122,0.06268178,0.50854737,0.05566582,0.7420802,0.033401176,0.4,0.22686943,0.30585513,30.853867
375316653866487564,4100079512822247296,0.5433373,2092.090456613569,3.0005797213263166,6.765733E-5,18.600395,0.011704785,0.20056711,0.008522943,0.07880514,0.00958117,0.38005304,0.031481788,0.7094169,5.191842E-4,0.06558624,0.0035669445,0.34816325,0.026262145,null,null,null,null,"TWOGAUSSIANS",8,3.8846793,0.20056711,0.008522943,0.4,0.0,0.37859106,0.03179215,0.7094169,5.191842E-4,0.36728293,0.01997489,0.3467013,0.026148517
375316653866487564,4100079718980763904,0.61797655,2149.6466854335063,0.4614269980366747,1.15659195E-5,18.208315,0.003971584,0.39782348,0.009471515,0.077751644,0.009321816,0.2946784,0.2636575,0.85356647,0.013985423,0.03627203,0.0047010584,0.6413827,0.5031281,null,null,null,null,"TWOGAUSSIANS",8,1.5241318,0.85356647,0.013985423,0.20312336,0.026325926,0.6413748,0.5031306,0.39782348,0.009471515,0.4,0.011623647,0.29467052,0.2636629
375316653866487564,4100080616669693568,0.5307893,2188.575149877131,1.4683934430573575,1.0557079E-4,18.542337,0.0073161162,0.2719201,0.040122885,0.03634658,0.02391492,0.35905698,0.7605112,0.065421864,0.050686162,0.05778326,0.056201223,0.010351737,0.5993753,null,null,null,null,"TWOGAUSSIANS",8,2.1068096,0.2719201,0.040151395,0.20354085,0.13392356,0.35907444,0.7604689,0.065421864,0.050240666,0.32358626,0.31472683,0.0103517715,0.59937197
375316653866487564,4100081024640308736,0.6448509,2277.1337191292405,0.7969512501049836,3.526555E-6,17.555418,0.006247194,0.79705685,7.2371477E-4,0.030446952,0.0012373923,0.55435395,0.019069396,null,null,null,null,null,null,0.023213416,0.011993235,0.79705685,7.2371477E-4,"ONEGAUSSIAN_WITH_ELLIPSOIDAL",6,4.8970737,0.79705685,7.2371477E-4,0.17050293,0.0069293967,0.6007808,0.019304344,null,null,null,null,null,null
375316653866487564,4100081097724844672,0.6097383,2231.479417775078,1.7888250077860581,9.132329E-6,16.801828,0.011525081,0.27590767,0.0031894918,0.11688985,0.01098975,0.12051145,0.010650703,0.78041303,0.002888457,0.094988674,0.007477441,0.20620726,0.008878885,null,null,null,null,"TWOGAUSSIANS",8,1.7672172,0.780423,0.0028911703,0.4,0.0,0.18857685,0.0051359558,0.27590767,0.0031894918,0.4,0.0,0.10285548,0.003857368
375316653866487564,4100081132084615936,0.53307676,2216.9864297088716,3.199022212343407,2.5156734E-5,17.07307,0.11862544,0.35206312,0.012312703,0.10331464,0.024658788,0.48887762,0.12739207,0.85895574,0.0073242043,0.09931095,0.02577515,0.45289806,0.11778455,null,null,null,null,"TWOGAUSSIANS",8,64.59882,0.35206312,0.012323336,0.4,0.0,0.44767728,0.07138548,0.85895574,0.007312468,0.4,0.0,0.41170314,0.054897934
375316653866487564,4100081333888716672,0.5589397,2132.885326753029,0.2810854528259309,6.770202E-5,18.910551,0.0044627967,0.81194556,0.009047378,0.061887108,0.0067442283,0.3672628,0.19564556,null,null,null,null,null,null,null,null,null,null,"ONEGAUSSIAN",5,1.7514944,0.81194556,0.009047378,0.3465678,0.03776768,0.3672628,0.0,null,null,null,null,null,null
375316653866487564,4100081887985749504,0.57367575,2268.4350487492043,2.7669443858995484,2.044008E-5,19.325466,0.021543607,0.25569198,0.0030537855,0.08597407,0.008679749,0.26460788,0.021428457,0.74425614,0.010680095,0.080812685,0.011870372,0.3757229,0.052580114,null,null,null,null,"TWOGAUSSIANS",8,0.77065164,0.74425614,0.010680095,0.4,0.0,0.37004313,0.05370948,0.25569198,0.0030537855,0.4,0.0,0.2589281,0.019385668
