Gaia/vari_eclipsing_binary/VariEclipsingBinary_675714-675735.csv
# %ECSV 1.0
# ---
# delimiter: ','
# meta: !!omap
# - RELEASE: Gaia DR3
# - TABLE: vari_eclipsing_binary
# - DESCRIPTION: >
#     This table describes the properties of the eclipsing binaries resulting from the variability analysis. 
# - CITATION: >
#     How to cite and acknowledge Gaia: 
#     https://gea.esac.esa.int/archive/documentation/credits.html 
# - KNOWN_ISSUES: >
#     Known issues: 
#     https://www.cosmos.esa.int/web/gaia-users/known-issues 
# - DOCUMENTATION: >
#     Tutorials and documentation: 
#     https://www.cosmos.esa.int/web/gaia-users/archive 
# datatype:
# - 
#   name: solution_id
#   datatype: int64
#   description: Solution Identifier
#   meta:
#     ucd: meta.version
# - 
#   name: source_id
#   datatype: int64
#   description: Unique source identifier
#   meta:
#     ucd: meta.id;meta.main
# - 
#   name: global_ranking
#   datatype: float32
#   description: Number between 0 (worst) and 1 (best)
#   meta:
#     ucd: stat.param
# - 
#   name: reference_time
#   datatype: float64
#   unit: d
#   description: Reference time used for the geometric model fit
#   meta:
#     ucd: time.epoch
# - 
#   name: frequency
#   datatype: float64
#   unit: d**-1
#   description: Frequency of geometric model of the eclipsing binary light curve
#   meta:
#     ucd: src.orbital
# - 
#   name: frequency_error
#   datatype: float32
#   unit: d**-1
#   description: "Uncertainty of \\texttt{frequency}"
#   meta:
#     ucd: stat.error
# - 
#   name: geom_model_reference_level
#   datatype: float32
#   unit: mag
#   description: Magnitude reference level of geometric model
#   meta:
#     ucd: phot.mag;em.opt
# - 
#   name: geom_model_reference_level_error
#   datatype: float32
#   unit: mag
#   description: "Uncertainty of \\texttt{geomModelReferenceLevel}"
#   meta:
#     ucd: stat.error;phot.mag;em.opt
# - 
#   name: geom_model_gaussian1_phase
#   datatype: float32
#   description: Phase of the Gaussian 1 component
#   meta:
#     ucd: time.phase
# - 
#   name: geom_model_gaussian1_phase_error
#   datatype: float32
#   description: "Uncertainty of \\texttt{geomModelGaussian1Phase}"
#   meta:
#     ucd: stat.error;time.phase
# - 
#   name: geom_model_gaussian1_sigma
#   datatype: float32
#   description: "Standard deviation [phase] of Gaussian 1 component"
#   meta:
#     ucd: stat.stdev
# - 
#   name: geom_model_gaussian1_sigma_error
#   datatype: float32
#   description: "Uncertainty of \\texttt{geomModelGaussian1Sigma}"
#   meta:
#     ucd: stat.error
# - 
#   name: geom_model_gaussian1_depth
#   datatype: float32
#   unit: mag
#   description: Magnitude depth of Gaussian 1 component
#   meta:
#     ucd: src.var.amplitude
# - 
#   name: geom_model_gaussian1_depth_error
#   datatype: float32
#   unit: mag
#   description: "Uncertainty of \\texttt{geomModelGaussian1Depth}"
#   meta:
#     ucd: stat.error;src.var.amplitude
# - 
#   name: geom_model_gaussian2_phase
#   datatype: float32
#   description: Phase of Gaussian 2 component
#   meta:
#     ucd: time.phase
# - 
#   name: geom_model_gaussian2_phase_error
#   datatype: float32
#   description: "Uncertainty of \\texttt{geomModelGaussian2Phase}"
#   meta:
#     ucd: stat.error;time.phase
# - 
#   name: geom_model_gaussian2_sigma
#   datatype: float32
[...]
#   datatype: float32
#   description: "Secondary eclipse: uncertainty of \\texttt{derivedSecondaryEclDuration}"
#   meta:
#     ucd: stat.error;time.duration
# - 
#   name: derived_secondary_ecl_depth
#   datatype: float32
#   unit: mag
#   description: "Secondary eclipse: depth"
#   meta:
#     ucd: src.var.amplitude
# - 
#   name: derived_secondary_ecl_depth_error
#   datatype: float32
#   unit: mag
#   description: "Secondary eclipse: uncertainty of \\texttt{derivedSecondaryEclDepth}"
#   meta:
#     ucd: stat.error;src.var.amplitude
solution_id,source_id,global_ranking,reference_time,frequency,frequency_error,geom_model_reference_level,geom_model_reference_level_error,geom_model_gaussian1_phase,geom_model_gaussian1_phase_error,geom_model_gaussian1_sigma,geom_model_gaussian1_sigma_error,geom_model_gaussian1_depth,geom_model_gaussian1_depth_error,geom_model_gaussian2_phase,geom_model_gaussian2_phase_error,geom_model_gaussian2_sigma,geom_model_gaussian2_sigma_error,geom_model_gaussian2_depth,geom_model_gaussian2_depth_error,geom_model_cosine_half_period_amplitude,geom_model_cosine_half_period_amplitude_error,geom_model_cosine_half_period_phase,geom_model_cosine_half_period_phase_error,model_type,num_model_parameters,reduced_chi2,derived_primary_ecl_phase,derived_primary_ecl_phase_error,derived_primary_ecl_duration,derived_primary_ecl_duration_error,derived_primary_ecl_depth,derived_primary_ecl_depth_error,derived_secondary_ecl_phase,derived_secondary_ecl_phase_error,derived_secondary_ecl_duration,derived_secondary_ecl_duration_error,derived_secondary_ecl_depth,derived_secondary_ecl_depth_error
375316653866487564,5943643273464042624,0.5239384,2128.0845140505953,4.339440682366515,2.519506E-5,19.020136,0.019306127,0.24454957,0.006432456,0.176573,0.011527456,0.4121607,0.020754624,0.89427,0.012705795,0.034897216,0.0092333015,0.07674787,0.03134548,null,null,null,null,"TWOGAUSSIANS",8,3.7610443,0.24454957,0.006432456,0.4,0.0,0.3971936,0.018206071,0.90612,0.015170439,0.1954244,0.05170649,0.12351902,0.033810254
375316653866487564,5943643273495124096,0.631368,2173.8793218363453,0.7785783072963273,5.9555246E-6,15.969481,0.002432842,0.25258964,0.0018060753,0.029648306,0.0017672294,0.11436945,0.008338657,0.75369114,7.7269075E-4,0.03037032,0.0012563549,0.5099413,0.019048328,0.01342505,0.003392734,0.25258964,0.0018060753,"TWOGAUSSIANS_WITH_ELLIPSOIDAL_ON_ECLIPSE1",9,10.654525,0.75369114,7.7269075E-4,0.17007379,0.007035587,0.5367901,0.019794842,0.25258964,0.0018060753,0.16603051,0.009896485,0.14121954,0.004610355
375316653866487564,5943643376574340480,0.44311863,2129.122269304139,1.4071200367433534,2.5415442E-5,17.785398,0.006136091,0.36028573,0.0043006185,0.029484954,0.0051274314,0.1361715,0.025072694,0.8298882,0.003600595,0.042497452,0.007358884,0.17489971,0.010261201,null,null,null,null,"TWOGAUSSIANS",8,19.83351,0.8298882,0.003600595,0.23798573,0.04120975,0.17489971,0.010261201,0.36028573,0.0043006185,0.16511574,0.028713614,0.1361715,0.025072694
375316653866487564,5943643479622532480,0.44472185,2179.0522217671382,0.12661267827914982,5.446149E-5,19.54429,0.013703991,0.24887761,0.030029573,0.006244552,0.019689916,0.8507242,0.8114603,0.7644997,0.027191926,0.06559079,0.027599337,0.07520012,0.6427567,0.058334548,0.01740709,0.7644997,0.027191926,"TWOGAUSSIANS_WITH_ELLIPSOIDAL_ON_ECLIPSE2",9,10.665076,0.24888761,0.024843713,0.03496949,0.11026353,0.96622086,0.8307425,0.7644997,0.027191926,0.36730844,0.15455629,0.19181688,0.6380857
375316653866487564,5943643857610713984,0.5034286,2163.281752366952,0.42525258860122184,3.46264E-6,15.937914,0.001549986,0.39426565,0.0064879456,0.00864011,0.0066490807,0.029959848,0.6988985,0.767466,6.497931E-4,0.009881745,0.001576079,0.68747157,0.3224071,null,null,null,null,"TWOGAUSSIANS",8,17.097763,0.767466,6.497931E-4,0.05533777,0.0088260425,0.68747157,0.3224071,0.39426565,0.0064879456,0.048384614,0.037234854,0.029959848,0.6988985
375316653866487564,5943644098098015232,0.5139471,2138.795635354477,2.159520600780838,1.632171E-5,18.838598,0.18876,0.22576039,0.0063215536,0.123887144,0.04368457,0.32494158,0.17433023,0.7260238,0.0039511635,0.13025373,0.042934146,0.32414472,0.18316488,null,null,null,null,"TWOGAUSSIANS",8,2.213725,0.22576039,0.0063300766,0.4,0.0,0.23187327,0.018348388,0.7260238,0.0040220036,0.4,0.0,0.23085582,0.009438063
375316653866487564,5943644888402938240,0.50051236,2152.2242505965664,2.512473918103646,1.6714219E-5,18.186384,0.012997002,0.29811794,0.0045951316,0.09249495,0.0062200474,0.27610657,0.01470551,0.78398097,0.005210564,0.0855809,0.007821783,0.27514732,0.0148804225,null,null,null,null,"TWOGAUSSIANS",8,9.130585,0.29811794,0.0045951316,0.4,0.0,0.2675768,0.01181373,0.78398097,0.005210564,0.4,0.0,0.26661786,0.012940564
375316653866487564,5943644957134417408,0.51040477,2102.8188436046075,2.309478402430971,1.7700573E-5,19.654915,0.016450377,0.23686786,0.004134384,0.07587222,0.006033698,0.5087115,0.02685967,0.72426677,0.0069997003,0.08058897,0.014028622,0.46104774,0.09411149,null,null,null,null,"TWOGAUSSIANS",8,2.8308747,0.23686786,0.004134384,0.4,0.0,0.50419915,0.027012715,0.72426677,0.0069997003,0.4,0.0,0.45653543,0.09859623
375316653866487564,5943645197610133120,0.5221151,2147.7242488703137,0.7276925408037994,1.5664677E-5,19.278921,0.014852609,0.23621815,0.009200004,0.07509213,0.010239696,0.14226764,0.026442017,0.7491386,0.010330407,0.050405286,0.008082024,0.525749,0.04726046,null,null,null,null,"TWOGAUSSIANS",8,4.209609,0.7491386,0.010330407,0.2822696,0.04525933,0.52564013,0.04713769,0.23621815,0.009200004,0.4,0.0038429224,0.14215875,0.026463797
375316653866487564,5943645266360131456,0.44729853,2191.7043965220387,0.6643934494435211,2.0843396E-5,15.859893,0.004280017,0.28283733,0.0047705015,0.060309175,0.005040498,0.2302125,0.021410227,0.7624147,0.0063366564,0.02256291,0.011186903,0.12883592,0.033586677,null,null,null,null,"TWOGAUSSIANS",8,57.228867,0.28283733,0.0047705015,0.3377314,0.028226787,0.2302125,0.021410227,0.7624147,0.0063366564,0.1263523,0.06264666,0.1288359,0.03358672
375316653866487564,5943645541207022336,0.52458787,2127.243116470688,3.0981585169418726,1.7669441E-5,19.14875,0.022633042,0.22414453,0.0049954657,0.08181354,0.007552354,0.4067547,0.025370141,0.70053697,0.00482957,0.105779625,0.010043104,0.38973865,0.02325359,null,null,null,null,"TWOGAUSSIANS",8,3.1800508,0.22415453,0.004994779,0.4,0.0,0.3907796,0.020828022,0.70053697,0.00482957,0.4,0.0,0.37374637,0.019928046
375316653866487564,5943645541207023872,0.45558134,2122.767667234811,1.992341760645477,1.0482042E-5,19.555004,0.2673467,0.15493241,0.0062612896,0.087633274,0.01581414,0.30812615,0.08176082,0.6655198,0.027304243,0.28117847,0.20604491,0.2522794,0.26491195,null,null,null,null,"TWOGAUSSIANS",8,2.0966098,0.15412241,0.0055213287,0.4,0.0,0.24081126,0.016041484,0.6655198,0.027304243,0.4,0.0,0.08188004,0.020886237
375316653866487564,5943645777396578048,0.5785604,2142.1807633286053,2.0296822417910945,6.966302E-6,17.899261,0.004880834,0.26305977,0.001584832,0.084227845,0.00222873,0.41698804,0.0069455244,0.7701199,0.0033424282,0.08794458,0.0049759024,0.17780294,0.008306262,null,null,null,null,"TWOGAUSSIANS",8,3.4468858,0.26305977,0.001584832,0.4,0.0,0.41002306,0.006646433,0.7701199,0.0033424282,0.4,0.0,0.17083795,0.008494878
375316653866487564,5943645811756335232,0.5381031,2159.402860568983,2.2800624571180106,1.5065192E-5,18.674374,0.008372543,0.24496725,0.0046470556,0.08347327,0.005559576,0.36964884,0.01645996,0.7458179,0.0028771446,0.089284055,0.0035397436,0.380243,0.010374438,null,null,null,null,"TWOGAUSSIANS",8,3.3022354,0.7458179,0.0028771446,0.4,0.0,0.369029,0.008863401,0.24496725,0.0046470556,0.4,0.0,0.35843492,0.016718758
375316653866487564,5943646022274310144,0.5844115,2181.2355573547156,3.144113126447783,4.670215E-6,16.443249,0.006058765,0.29141876,0.0019936652,0.04701066,0.0063555697,0.058578543,0.016716963,0.779137,0.0040432634,0.06148303,0.007807984,0.09589017,0.0117274355,0.07996194,0.007884812,0.29141876,0.0019936652,"TWOGAUSSIANS_WITH_ELLIPSOIDAL_ON_ECLIPSE1",9,9.184434,0.783217,0.0025788145,0.34430495,0.04372471,0.2551669,0.0061820387,0.29141876,0.0019936652,0.26325968,0.035591193,0.21849048,0.007886252
375316653866487564,5943646743798542080,0.53756005,2139.59407988705,3.3380021506440234,7.7723025E-6,18.959333,0.013713542,0.24303396,0.0051647476,0.09073003,0.0074530146,0.29705238,0.016867196,0.729108,0.002276168,0.085058875,0.00464903,0.36931396,0.015236819,null,null,null,null,"TWOGAUSSIANS",8,2.748043,0.729108,0.002276168,0.4,0.0,0.36013338,0.013507322,0.24303396,0.0051647476,0.4,0.0,0.28787163,0.015102124
375316653866487564,5943646778188630784,0.4998324,2172.0147282237067,0.3447360206798619,1.6615424E-5,16.886887,0.0019900866,0.25484535,0.0018672883,0.021155657,0.0027961794,0.102496,0.005415567,null,null,null,null,null,null,0.025140928,0.0024250124,0.25484535,0.0018672883,"ONEGAUSSIAN_WITH_ELLIPSOIDAL",6,7.3390827,0.25484535,0.0018672883,0.11847168,0.015658606,0.1527778,0.0050981403,null,null,null,null,null,null
375316653866487564,5943646915627614336,0.51341075,2172.285973571776,2.266283763728405,2.071936E-5,18.298475,0.016731523,0.260366,0.0053270017,0.10130808,0.012455747,0.20931084,0.017539619,0.75539994,0.003629693,0.10186603,0.010183864,0.20012654,0.016445776,null,null,null,null,"TWOGAUSSIANS",8,3.9160254,0.260366,0.0053270017,0.4,0.0,0.19066294,0.017254068,0.75539994,0.003629693,0.4,0.0,0.18147843,0.011888092
375316653866487564,5943647259225029888,0.50915134,2136.5821696562784,2.503369731077071,8.686604E-6,18.853096,0.014455081,0.23694615,0.004191678,0.068904296,0.0053110067,0.49886674,0.027411252,0.74128956,0.0036764015,0.073818155,0.0042017116,0.58751714,0.04313012,null,null,null,null,"TWOGAUSSIANS",8,7.949547,0.74128956,0.0036764015,0.4,0.0,0.5854091,0.043407023,0.23694615,0.004191678,0.38586405,0.029741637,0.4967587,0.027551765
375316653866487564,5943647602822305920,0.4567091,2111.3932926017014,3.6277447342517517,4.105279E-5,19.65669,0.040788695,0.24767101,0.022655522,0.070201054,0.020105748,0.4651753,0.06566442,0.73496944,0.0068366053,0.07904714,0.014671,0.47169095,0.043607883,null,null,null,null,"TWOGAUSSIANS",8,10.575851,0.73496944,0.0068366053,0.4,0.011420682,0.46912915,0.043286163,0.24767101,0.022655522,0.3931259,0.07513168,0.46261346,0.065147564
375316653866487564,5943647873340518272,0.5972703,2192.950683751901,0.37186785416437473,2.0541936E-5,17.991611,0.0015544748,0.6902174,0.024709346,0.013938538,0.005881948,0.026917508,0.014983842,0.8966379,3.156573E-4,0.012651134,4.0622902E-4,0.6940375,0.024569755,null,null,null,null,"TWOGAUSSIANS",8,2.0442438,0.8966379,3.156573E-4,0.07084635,0.0022748825,0.6940375,0.024569755,0.6902174,0.024709346,0.07805581,0.03293891,0.026917508,0.014983842
375316653866487564,5943647912060037120,0.5409012,2199.3544647963777,0.12757242885210748,1.9112453E-5,16.409191,0.007550779,0.34223706,0.0075708604,0.037743717,0.005641577,0.12493854,0.0244707,0.84951127,0.0029318412,0.020386145,0.0025454971,1.0491441,0.083702266,0.07486409,0.0137864,0.84951127,0.0029318412,"TWOGAUSSIANS_WITH_ELLIPSOIDAL_ON_ECLIPSE2",9,180.70496,0.84951127,0.0029318412,0.114162415,0.014254784,1.1988722,0.08837943,0.34309706,0.006415317,0.21136482,0.03159283,0.27439117,0.020634124
375316653866487564,5943648221267299712,0.5059022,2127.5964782563715,2.766538502135541,1.6357602E-5,19.177204,0.1627122,0.21799634,0.0064738975,0.14419559,0.035167113,0.346646,0.16039956,0.73518854,0.00638339,0.12235813,0.024110202,0.36089653,0.1504727,null,null,null,null,"TWOGAUSSIANS",8,1.4196068,0.7358685,0.0054147933,0.4,0.0,0.25578403,0.011321593,0.21780634,0.00628985,0.4,0.0,0.23989376,0.014460203
375316653866487564,5943648457456421632,0.6121122,2194.448282392861,2.0098548649433448,5.848693E-6,17.668833,0.0046850764,0.18405488,0.0016029265,0.078958414,0.0022953984,0.3074537,0.006047739,0.68478596,0.00197956,0.083524115,0.0032584534,0.2999039,0.005386851,null,null,null,null,"TWOGAUSSIANS",8,3.138526,0.18405488,0.0016029265,0.4,0.0,0.3021964,0.0056789564,0.68478596,0.00197956,0.4,0.0,0.29464662,0.0051437546
375316653866487564,5943648491816109824,0.4659498,2182.7636676618176,1.242898290903209,2.5241074E-5,18.00098,0.027071344,0.2527907,0.0060816477,0.104559235,0.016259756,0.15827736,0.025805505,0.7554847,0.0052486314,0.1139542,0.015507799,0.21494421,0.024000563,null,null,null,null,"TWOGAUSSIANS",8,6.4344864,0.7554847,0.0052486314,0.4,0.0,0.1886733,0.011589138,0.2527807,0.0060985186,0.4,0.0,0.1320315,0.008604949
375316653866487564,5943648633614638592,0.45482776,2189.492738557219,0.7612503850207036,1.0157219E-5,18.250443,0.0031051417,0.18832894,0.002725793,0.024738254,0.0030106483,0.25892898,0.05853403,0.6995423,0.0069250898,0.03634615,0.006624878,0.07051634,0.00726137,null,null,null,null,"TWOGAUSSIANS",8,5.5251403,0.18832894,0.002725793,0.13853422,0.016859632,0.25892898,0.05853403,0.6995423,0.0069250898,0.20353843,0.037099317,0.07051634,0.00726137
375316653866487564,5943649350809749632,0.47098505,2157.6322972663406,3.8301873180410926,2.6683849E-5,18.121552,0.014569914,0.29527584,0.0063636648,0.076134115,0.011887257,0.21654153,0.016227059,0.7947589,0.009031631,0.08884828,0.013371159,0.18730572,0.01569828,null,null,null,null,"TWOGAUSSIANS",8,14.602178,0.29527584,0.0063636648,0.4,0.0,0.21253996,0.014729219,0.7947589,0.009031631,0.4,0.0,0.18330412,0.014115128
375316653866487564,5943649698736858752,0.512601,2132.9008281669044,0.318928348468305,6.953377E-5,19.890005,0.006626191,0.308461,0.00272433,0.035897117,0.004202233,0.8326469,0.10602597,0.80680144,0.007406586,0.037447076,0.008111418,0.11827548,0.015736474,null,null,null,null,"TWOGAUSSIANS",8,1.9173356,0.308461,0.00272433,0.20102386,0.023532506,0.8326469,0.10602597,0.80680144,0.007406586,0.20970362,0.045423944,0.11827548,0.015736474
375316653866487564,5943649870535939200,0.51018405,2155.3128585699324,0.7778248711020048,8.2938E-6,18.924723,0.0066929585,0.16178457,0.0017378522,0.019190643,0.0036425777,0.3172532,0.17620005,0.6851186,0.0034995268,0.040573493,0.0034790474,0.6298361,0.050017763,null,null,null,null,"TWOGAUSSIANS",8,6.887382,0.6851186,0.0034995268,0.22721156,0.019482665,0.6298361,0.050017763,0.16178457,0.0017378522,0.1074676,0.020398434,0.3172532,0.17620005
375316653866487564,5943649973644628096,0.57106507,2176.3010788865586,0.3544635792155234,1.6777849E-5,18.109962,0.0034884396,0.269305,0.00536909,0.028106011,0.003843265,0.06527867,0.009366242,0.77265686,0.0016080235,0.031048182,0.0012735034,0.7185417,0.015490485,null,null,null,null,"TWOGAUSSIANS",8,5.3322034,0.77265686,0.0016080235,0.17386982,0.0071316194,0.7185417,0.015490485,0.269305,0.00536909,0.15739366,0.021522284,0.06527867,0.009366242
375316653866487564,5943650179772958848,0.44332802,2096.9785620870875,2.0678838830511985,3.989994E-5,19.759804,0.012167856,0.12120637,0.0102688875,0.022302851,0.012717275,0.1031594,0.16425458,0.7309991,0.004540782,0.047520574,0.009956582,0.3238147,0.031861484,null,null,null,null,"TWOGAUSSIANS",8,6.9293623,0.7309991,0.004540782,0.26611522,0.055756863,0.3238147,0.031861484,0.12120637,0.0102688875,0.12489596,0.07121674,0.1031594,0.16425458
375316653866487564,5943650450321661696,0.5937037,2162.4128026863373,0.5155284556333736,3.6511378E-6,18.123426,0.0040922975,0.24944602,0.0010784597,0.042397168,0.0010670018,0.74168843,0.011600495,0.7480709,0.0024662977,0.04889819,0.002686487,0.13299598,0.00777081,null,null,null,null,"TWOGAUSSIANS",8,6.6008215,0.24944602,0.0010784597,0.23742414,0.0059752106,0.74168825,0.011600492,0.7480709,0.0024662977,0.27382988,0.015044328,0.13299581,0.007770812
375316653866487564,5943650935687888640,0.5067456,2128.778012584364,1.0004509629695109,1.7104514E-5,19.085989,0.0039217025,0.28464878,0.015915858,0.042623587,0.011119753,0.22279048,0.022981443,0.78340524,0.0019552992,0.040116906,0.003472193,0.19628498,0.013716479,null,null,null,null,"TWOGAUSSIANS",8,2.1775892,0.28464878,0.015915858,0.23869209,0.062270615,0.22279048,0.022981415,0.78340524,0.0019552992,0.22465467,0.019444281,0.19628498,0.013716481
375316653866487564,5943651141875643008,0.6041365,2153.062675205996,1.7219890940397875,7.1019786E-6,18.746403,0.0077140876,0.25886464,0.0022720955,0.03946731,0.0038675303,0.22287637,0.021872249,0.7649726,0.0013632409,0.04108294,0.0020971315,0.88125974,0.02320556,0.067986764,0.0125577925,0.25886464,0.0022720955,"TWOGAUSSIANS_WITH_ELLIPSOIDAL_ON_ECLIPSE1",9,3.4017084,0.7649726,0.0013632409,0.23006447,0.011743936,1.017033,0.022030266,0.25886464,0.0022720955,0.22101693,0.02165817,0.35884976,0.015542759
375316653866487564,5943651554192530176,0.4602901,2163.6172187582342,0.38865263963557306,2.0098429E-5,11.732801,0.002290247,0.2545768,0.0018505397,0.026542218,0.0032141653,0.21553509,0.017314449,0.7518891,0.0026382962,0.023005445,0.008200382,0.015410341,0.0045531136,0.0120291645,0.0049097487,0.2545768,0.0018505397,"TWOGAUSSIANS_WITH_ELLIPSOIDAL_ON_ECLIPSE1",9,341.84424,0.2545768,0.0018505397,0.14863643,0.017999327,0.23959342,0.018462438,0.7520491,0.0024386924,0.12883049,0.04592214,0.039462224,0.0066485675
375316653866487564,5943652310107159936,0.6483173,2162.0424418849875,1.4898717602168008,2.2511747E-6,15.35152,0.00627756,0.266856,0.0013051957,0.049648225,0.002583667,0.22257222,0.0142235365,0.76307243,0.0014420795,0.047599357,0.0035520769,0.25961542,0.024222627,0.13531986,0.007945055,0.76307243,0.0014420795,"TWOGAUSSIANS_WITH_ELLIPSOIDAL_ON_ECLIPSE2",9,31.717554,0.76307243,0.0014420795,0.26655638,0.01989163,0.53025436,0.020405902,0.26613602,9.206213E-4,0.27803007,0.014468535,0.4930875,0.009096854
