Gaia/vari_eclipsing_binary/VariEclipsingBinary_256330-257285.csv
# %ECSV 1.0
# ---
# delimiter: ','
# meta: !!omap
# - RELEASE: Gaia DR3
# - TABLE: vari_eclipsing_binary
# - DESCRIPTION: >
#     This table describes the properties of the eclipsing binaries resulting from the variability analysis. 
# - CITATION: >
#     How to cite and acknowledge Gaia: 
#     https://gea.esac.esa.int/archive/documentation/credits.html 
# - KNOWN_ISSUES: >
#     Known issues: 
#     https://www.cosmos.esa.int/web/gaia-users/known-issues 
# - DOCUMENTATION: >
#     Tutorials and documentation: 
#     https://www.cosmos.esa.int/web/gaia-users/archive 
# datatype:
# - 
#   name: solution_id
#   datatype: int64
#   description: Solution Identifier
#   meta:
#     ucd: meta.version
# - 
#   name: source_id
#   datatype: int64
#   description: Unique source identifier
#   meta:
#     ucd: meta.id;meta.main
# - 
#   name: global_ranking
#   datatype: float32
#   description: Number between 0 (worst) and 1 (best)
#   meta:
#     ucd: stat.param
# - 
#   name: reference_time
#   datatype: float64
#   unit: d
#   description: Reference time used for the geometric model fit
#   meta:
#     ucd: time.epoch
# - 
#   name: frequency
#   datatype: float64
#   unit: d**-1
#   description: Frequency of geometric model of the eclipsing binary light curve
#   meta:
#     ucd: src.orbital
# - 
#   name: frequency_error
#   datatype: float32
#   unit: d**-1
#   description: "Uncertainty of \\texttt{frequency}"
#   meta:
#     ucd: stat.error
# - 
#   name: geom_model_reference_level
#   datatype: float32
#   unit: mag
#   description: Magnitude reference level of geometric model
#   meta:
#     ucd: phot.mag;em.opt
# - 
#   name: geom_model_reference_level_error
#   datatype: float32
#   unit: mag
#   description: "Uncertainty of \\texttt{geomModelReferenceLevel}"
#   meta:
#     ucd: stat.error;phot.mag;em.opt
# - 
#   name: geom_model_gaussian1_phase
#   datatype: float32
#   description: Phase of the Gaussian 1 component
#   meta:
#     ucd: time.phase
# - 
#   name: geom_model_gaussian1_phase_error
#   datatype: float32
#   description: "Uncertainty of \\texttt{geomModelGaussian1Phase}"
#   meta:
#     ucd: stat.error;time.phase
# - 
#   name: geom_model_gaussian1_sigma
#   datatype: float32
#   description: "Standard deviation [phase] of Gaussian 1 component"
#   meta:
#     ucd: stat.stdev
# - 
#   name: geom_model_gaussian1_sigma_error
#   datatype: float32
#   description: "Uncertainty of \\texttt{geomModelGaussian1Sigma}"
#   meta:
#     ucd: stat.error
# - 
#   name: geom_model_gaussian1_depth
#   datatype: float32
#   unit: mag
#   description: Magnitude depth of Gaussian 1 component
#   meta:
#     ucd: src.var.amplitude
# - 
#   name: geom_model_gaussian1_depth_error
#   datatype: float32
#   unit: mag
#   description: "Uncertainty of \\texttt{geomModelGaussian1Depth}"
#   meta:
#     ucd: stat.error;src.var.amplitude
# - 
#   name: geom_model_gaussian2_phase
#   datatype: float32
#   description: Phase of Gaussian 2 component
#   meta:
#     ucd: time.phase
# - 
#   name: geom_model_gaussian2_phase_error
#   datatype: float32
#   description: "Uncertainty of \\texttt{geomModelGaussian2Phase}"
#   meta:
#     ucd: stat.error;time.phase
# - 
#   name: geom_model_gaussian2_sigma
#   datatype: float32
[...]
#   datatype: float32
#   description: "Secondary eclipse: uncertainty of \\texttt{derivedSecondaryEclDuration}"
#   meta:
#     ucd: stat.error;time.duration
# - 
#   name: derived_secondary_ecl_depth
#   datatype: float32
#   unit: mag
#   description: "Secondary eclipse: depth"
#   meta:
#     ucd: src.var.amplitude
# - 
#   name: derived_secondary_ecl_depth_error
#   datatype: float32
#   unit: mag
#   description: "Secondary eclipse: uncertainty of \\texttt{derivedSecondaryEclDepth}"
#   meta:
#     ucd: stat.error;src.var.amplitude
solution_id,source_id,global_ranking,reference_time,frequency,frequency_error,geom_model_reference_level,geom_model_reference_level_error,geom_model_gaussian1_phase,geom_model_gaussian1_phase_error,geom_model_gaussian1_sigma,geom_model_gaussian1_sigma_error,geom_model_gaussian1_depth,geom_model_gaussian1_depth_error,geom_model_gaussian2_phase,geom_model_gaussian2_phase_error,geom_model_gaussian2_sigma,geom_model_gaussian2_sigma_error,geom_model_gaussian2_depth,geom_model_gaussian2_depth_error,geom_model_cosine_half_period_amplitude,geom_model_cosine_half_period_amplitude_error,geom_model_cosine_half_period_phase,geom_model_cosine_half_period_phase_error,model_type,num_model_parameters,reduced_chi2,derived_primary_ecl_phase,derived_primary_ecl_phase_error,derived_primary_ecl_duration,derived_primary_ecl_duration_error,derived_primary_ecl_depth,derived_primary_ecl_depth_error,derived_secondary_ecl_phase,derived_secondary_ecl_phase_error,derived_secondary_ecl_duration,derived_secondary_ecl_duration_error,derived_secondary_ecl_depth,derived_secondary_ecl_depth_error
[from data line 284]
375316653866487564,2260553133129940224,0.64172596,2203.8599742486294,1.5504185884360735,9.520735E-6,13.16476,7.0396357E-4,0.74203795,0.0012993362,0.05805252,0.0018705691,0.31461075,0.009617699,null,null,null,null,null,null,0.08135574,0.0010056618,0.74203795,0.0012993362,"ONEGAUSSIAN_WITH_ELLIPSOIDAL",6,21.498901,0.74203795,0.0012993362,0.3250941,0.010475188,0.47729257,0.009275706,null,null,null,null,null,null
375316653866487564,2260572439006962688,0.5947431,2219.9986131177507,1.9264315450862277,1.1396692E-4,18.321619,0.0054329624,0.21189307,8.31021E-6,0.020794932,1.5203797E-4,0.8266404,0.0031666697,0.6917015,0.06605059,0.016861476,0.029132241,1.2642059,0.7975147,null,null,null,null,"TWOGAUSSIANS",8,5.810778,0.6917015,0.06605059,0.09442427,0.16314055,1.2642059,0.7975147,0.21189307,8.31021E-6,0.11645162,8.5141265E-4,0.8266404,0.0031666697
375316653866487564,2260577013148254080,0.5133856,2215.988468634434,3.8228777164209293,3.3501216E-5,17.01783,0.011968785,0.22095144,0.009439741,0.08683985,0.0112677915,0.2615439,0.03176611,0.72678816,0.00764594,0.07527503,0.0068577738,0.23665227,0.018335432,null,null,null,null,"TWOGAUSSIANS",8,31.788218,0.22095144,0.009439741,0.4,0.0,0.25771406,0.032435775,0.72678816,0.00764594,0.4,0.0,0.23282245,0.016879374
375316653866487564,2260586496436004480,0.5930215,2164.599825913382,0.35071173398793537,5.833659E-6,14.322622,8.0187427E-4,0.4526498,4.736174E-4,0.0136325,8.349773E-4,0.17176358,0.014125857,0.83202714,0.0070481263,0.0070736194,0.0241806,0.0075556105,0.011395551,null,null,null,null,"TWOGAUSSIANS",8,17.223854,0.4526498,4.736174E-4,0.076342,0.004675873,0.17176358,0.014125857,0.83202714,0.0070481263,0.039612267,0.13541135,0.0075556105,0.011395551
375316653866487564,2260594188720752000,0.5412291,2136.359048302099,0.6979765843616397,2.3963585E-5,19.252295,0.005170364,0.30013075,3.78275E-4,0.025738768,5.278449E-4,0.8179883,0.0068835793,0.6739547,0.031888288,0.01933638,0.013637733,0.051460356,0.038684424,null,null,null,null,"TWOGAUSSIANS",8,2.3736978,0.30013075,3.78275E-4,0.1441371,0.0029559312,0.8179883,0.0068835793,0.6739547,0.031888288,0.10828373,0.076371305,0.051460356,0.038684424
375316653866487564,2260617312824560896,0.554177,2192.189817859064,2.7286622791208486,2.786364E-5,18.268211,0.013436739,0.23864645,0.008600242,0.105768226,0.011022862,0.17775914,0.015436683,0.7388744,0.006146534,0.0795699,0.008121291,0.33116356,0.021857727,null,null,null,null,"TWOGAUSSIANS",8,4.231887,0.7388744,0.006146534,0.4,0.0,0.3193142,0.019627942,0.23864645,0.008600242,0.4,0.0,0.16590479,0.011308325
375316653866487564,2260648683265777408,0.5604013,2163.0781493651148,3.1528970683035036,9.756522E-6,17.263395,0.021500355,0.13683847,0.004298083,0.07732287,0.006648606,0.3760342,0.026234152,0.62382823,0.005933144,0.08393458,0.007363679,0.42418316,0.024330286,null,null,null,null,"TWOGAUSSIANS",8,23.176407,0.62382823,0.005933144,0.4,0.0,0.41910738,0.02132098,0.13683847,0.004298083,0.4,0.0,0.37095845,0.023820397
375316653866487564,2260656384143900544,0.47410446,2192.66982907871,3.6118215846794985,2.9746037E-5,17.036259,0.024503687,0.19466516,0.02412807,0.08108743,0.037883926,0.12507245,0.022856185,0.6945542,0.0116115855,0.096964,0.023300545,0.11648082,0.023112496,null,null,null,null,"TWOGAUSSIANS",8,16.264732,0.19466516,0.02416235,0.4,0.0,0.12043804,0.0150822345,0.6945542,0.011606256,0.4,0.0,0.11184603,0.011067794
375316653866487564,2260714413445757440,0.49474052,2216.064988631235,4.482096320624428,1.2697655E-5,17.72687,0.0068662013,0.51380664,0.021644285,0.036843244,0.017342784,1.1621174,226.69981,0.8431176,0.017989023,0.022410743,0.019194974,1.2497524,2.124301E23,null,null,null,null,"TWOGAUSSIANS",8,24.210814,0.8431176,0.017989023,0.12550016,0.10749185,1.2497524,2.124301E23,0.51380664,0.021644285,0.20632218,0.09711959,1.1621174,226.69981
375316653866487564,2260756267903026944,0.52722484,2212.3993667320583,3.5075422544047217,2.222533E-5,16.155964,0.004219783,0.3001205,0.0059472797,0.045671076,0.00751851,0.12962718,0.020603208,0.81303316,0.0036922826,0.04619575,0.007619949,0.10955828,0.047364604,0.038503043,0.0062815463,0.81303316,0.0036922826,"TWOGAUSSIANS_WITH_ELLIPSOIDAL_ON_ECLIPSE2",9,18.05857,0.3012705,0.0054580034,0.25575802,0.042103656,0.2061721,0.022234954,0.81303316,0.0036922826,0.2586962,0.042671714,0.18656413,0.04715363
375316653866487564,2260765957349269888,0.50453365,2206.6782701543902,3.9601005040763018,1.9308232E-5,17.444038,0.019931749,0.26960242,0.008055904,0.0996042,0.016809244,0.13566303,0.020096857,0.7507992,0.007884104,0.09760364,0.020741986,0.17963006,0.014807062,null,null,null,null,"TWOGAUSSIANS",8,7.377199,0.7507992,0.007884104,0.4,0.0,0.16985571,0.011568639,0.26960242,0.00805633,0.4,0.0,0.12588842,0.01475939
375316653866487564,2260821413967744384,0.4582703,1938.1204709941064,2.0364159586406236,4.7574093E-5,14.498024,0.013095321,0.3500798,0.012639839,0.017754866,0.008103374,0.3551689,0.16135736,0.9299327,0.010030082,0.014240624,0.0058931657,1.9613783,20.719507,0.04197425,0.021482369,0.3500798,0.012639839,"TWOGAUSSIANS_WITH_ELLIPSOIDAL_ON_ECLIPSE1",9,152.59583,0.9299327,0.010030082,0.0797475,0.03300173,2.025909,20.712336,0.3500798,0.012639839,0.09942725,0.045378897,0.4391174,0.16597822
375316653866487564,2260823166314476160,0.64869916,1995.5302032384877,2.0535412074218087,1.724681E-6,14.706489,9.852081E-4,0.31394187,7.9883786E-4,0.055395793,9.1692794E-4,0.17060587,0.0020326609,null,null,null,null,null,null,0.056925703,0.0011298283,0.31394187,7.9883786E-4,"ONEGAUSSIAN_WITH_ELLIPSOIDAL",6,13.072057,0.31394187,7.9883786E-4,0.31021646,0.0051347963,0.2844507,0.0018392582,null,null,null,null,null,null
375316653866487564,2260824300185864960,0.4622064,1998.2595795646025,2.1459642587259142,4.406484E-6,19.466915,0.0062149884,0.4058702,0.00969073,0.04872928,0.010573246,0.12623543,0.025607044,0.8914702,9.768058E-4,0.024155226,0.0033235517,0.29831797,0.019492507,null,null,null,null,"TWOGAUSSIANS",8,2.6901162,0.8914702,9.768058E-4,0.13526925,0.01861189,0.29831797,0.019492507,0.4058702,0.00969073,0.27288395,0.059210174,0.12623543,0.025607044
375316653866487564,2260832924480142976,0.5271032,1994.97008308389,3.6012886416058745,2.0357546E-5,16.879057,0.011437928,0.2401107,0.0053862114,0.07665526,0.008196487,0.4870608,0.038344443,0.7496996,0.0038969424,0.070649914,0.005963157,0.36180866,0.01415277,null,null,null,null,"TWOGAUSSIANS",8,66.25044,0.2401107,0.0053862114,0.4,0.0,0.48493546,0.03955697,0.7496996,0.0038969424,0.39563954,0.026482573,0.35968333,0.0134893805
375316653866487564,2260858007089402112,0.46595067,2066.3389571491653,0.7024774196150144,9.899096E-6,15.911643,0.004517559,0.18000655,0.04332847,0.016719704,0.017515983,0.2511981,0.47882348,0.67768365,0.0032682552,0.011963305,0.0027830522,0.54159015,1.0766783,null,null,null,null,"TWOGAUSSIANS",8,156.27586,0.67768365,0.0032682552,0.06699451,0.015585092,0.54159015,1.0766783,0.18000655,0.04332847,0.09363034,0.09808951,0.2511981,0.47882348
375316653866487564,2260868796047220864,0.59809256,2063.878406031243,2.949032180818979,3.963749E-6,12.883425,0.015157441,0.23709084,0.0014400712,0.052401938,0.00846939,0.48653236,0.06130364,0.73249495,0.0037591106,0.045517158,0.005314014,0.3198256,0.031602677,0.111651905,0.019922359,0.23709084,0.0014400712,"TWOGAUSSIANS_WITH_ELLIPSOIDAL_ON_ECLIPSE1",9,280.78745,0.23709084,0.0014400712,0.29345086,0.047428582,0.7098305,0.091476694,0.732965,0.003325807,0.25489607,0.02975848,0.54295665,0.015105424
375316653866487564,2260914906814505216,0.4659598,2102.5537292708655,4.255010321601758,1.869688E-5,19.099873,0.05339363,0.23751344,0.0064612487,0.10142378,0.017856097,0.24984144,0.050036248,0.75074464,0.012034585,0.11187049,0.039998412,0.16344376,0.047676418,null,null,null,null,"TWOGAUSSIANS",8,3.1605322,0.23750344,0.0064711925,0.4,0.0,0.22792065,0.015006381,0.7507546,0.012058733,0.4,0.0,0.14150909,0.017552923
375316653866487564,2260918274070512768,0.51461184,2074.140157239868,1.839447502977073,1.2503317E-5,11.526768,0.14724594,0.22838788,0.008099799,0.14366871,0.05162743,0.079225846,0.12931292,0.71892077,0.0043835263,0.15769769,0.059492934,0.10015349,0.1388682,null,null,null,null,"TWOGAUSSIANS",8,30.94401,0.71892077,0.0043835263,0.4,0.0,0.05772237,0.0027348616,0.22973788,0.006825956,0.4,0.0,0.03775338,0.0029504034
375316653866487564,2260937034487793024,0.55931723,2125.6065579095334,1.8739917613660029,1.8267061E-5,15.968914,0.005567203,0.22117878,0.0035464764,0.036791276,0.0029194697,0.49906218,0.046146855,0.7153986,9.765798E-4,0.04016861,0.0032712063,0.63618284,0.04504337,null,null,null,null,"TWOGAUSSIANS",8,102.87618,0.7153986,9.765798E-4,0.2249442,0.018318756,0.63618284,0.04504337,0.22117878,0.0035464764,0.20603116,0.01634903,0.49906218,0.046146855
375316653866487564,2260945139089734528,0.44013348,2181.7433101743527,2.263294466174128,2.7099217E-5,18.714987,0.004820932,null,null,null,null,null,null,null,null,null,null,null,null,0.06776331,0.0070144017,0.25985008,0.008270331,"ELLIPSOIDAL",4,6.282109,null,null,null,null,null,null,null,null,null,null,null,null
375316653866487564,2260968954683858816,0.6060003,2179.2474214665403,3.1426996155054803,5.842076E-6,16.154697,0.003190015,0.19314083,0.002021077,0.08176738,0.0025859096,0.21504709,0.00394182,0.688011,0.0021435537,0.082994305,0.0032346474,0.20847066,0.004008774,null,null,null,null,"TWOGAUSSIANS",8,5.9632,0.19314083,0.002021077,0.4,0.0,0.21119472,0.0035391822,0.688011,0.0021435537,0.4,0.0,0.20461829,0.0039749495
375316653866487564,2260980190318487808,0.5069347,2203.834427719659,1.4535293772984603,2.9784589E-5,19.180614,0.008246402,0.2244714,0.011593992,0.022284094,0.0076037543,0.39527875,0.04644205,0.720293,0.018328438,0.020381825,0.011971621,0.2024276,0.03693685,null,null,null,null,"TWOGAUSSIANS",8,4.334456,0.2244714,0.011593992,0.12479092,0.042581026,0.39527875,0.04644205,0.720293,0.018328438,0.11413822,0.06704108,0.2024276,0.03693685
375316653866487564,2260984828883255168,0.55490285,2197.031686297048,0.5925171022243595,1.0343969E-5,19.234833,0.006112483,0.18425013,0.0054941354,0.019400716,0.0028855691,0.50494653,0.11949912,0.6823543,9.4270805E-4,0.020381553,8.676965E-4,0.48656854,0.010158498,null,null,null,null,"TWOGAUSSIANS",8,2.6225562,0.18425013,0.0054941354,0.10864401,0.016159186,0.50494653,0.11949912,0.6823543,9.4270805E-4,0.114136696,0.0048591006,0.48656854,0.010158498
375316653866487564,2260985550437771648,0.45868024,2160.203365114375,3.7422806211836264,7.30301E-5,14.039265,5.880342E-4,0.24700548,0.017936116,0.03481948,0.026646657,0.015763206,0.011287474,0.55556506,0.026112879,0.004887328,0.007869222,0.016644849,0.23952527,null,null,null,null,"TWOGAUSSIANS",8,11.294837,0.55556506,0.026112879,0.027369037,0.044067647,0.016644849,0.23952527,0.24700548,0.017936116,0.19498909,0.14922127,0.015763206,0.011287474
375316653866487564,2260987504646338944,0.59480405,2161.9611530672805,2.959382021043551,1.0945541E-5,15.817055,0.005149009,0.24463838,0.016226226,0.06144021,0.013409784,0.09907139,0.014940636,0.7791179,0.0026684862,0.040360447,0.011396292,0.06588619,0.01326781,0.08664178,0.007482619,0.7791179,0.0026684862,"TWOGAUSSIANS_WITH_ELLIPSOIDAL_ON_ECLIPSE2",9,21.801807,0.25648838,0.0115706595,0.3440652,0.07509479,0.26704633,0.009734051,0.7791179,0.0026684862,0.2260185,0.06381923,0.23916648,0.008904741
375316653866487564,2261006883539038080,0.525098,2179.4939595808682,2.538748955315666,1.1490478E-5,18.250896,0.0072368365,0.2091682,0.0037367307,0.043113798,0.0054727565,0.23809469,0.009466405,0.71183175,0.0076500336,0.044784464,0.008548814,0.21843939,0.039934505,null,null,null,null,"TWOGAUSSIANS",8,3.9152007,0.2091682,0.0037367307,0.24143727,0.030647436,0.23809464,0.009466261,0.71183175,0.0076500336,0.250793,0.04787336,0.21843936,0.039934855
375316653866487564,2261017986030891776,0.59771246,2155.468402944045,0.835818341637906,4.0593393E-5,17.418673,0.0038255563,0.30809307,0.02522099,0.12732461,0.060939174,0.01688084,0.007938285,0.79201853,7.634243E-4,0.03358425,0.0016654453,0.35591462,0.004588478,null,null,null,null,"TWOGAUSSIANS",8,1.8436141,0.79201853,7.634243E-4,0.18807179,0.009326493,0.35565954,0.0047514862,0.30809307,0.02522099,0.4,0.0,0.016608883,0.0084018065
375316653866487564,2261030832276621056,0.5412423,2183.2885541390992,4.0510402815184845,1.9154942E-5,19.673588,0.011446266,0.30720615,0.0062031075,0.06857149,0.006219639,0.44529608,0.048635572,0.80736774,0.0051288977,0.068341605,0.0048366725,0.44749212,0.027296469,null,null,null,null,"TWOGAUSSIANS",8,1.5672379,0.80736774,0.0051288977,0.38271296,0.027085364,0.44636273,0.027243016,0.30720615,0.0062031075,0.38400036,0.030422417,0.4441667,0.04904835
375316653866487564,2261035887454605952,0.48194286,2133.3208856722804,0.10975830205700207,5.6004086E-5,18.96897,0.020047408,0.24752198,0.008782347,0.09626959,0.025104536,0.20712203,0.05570746,0.8049256,0.005660142,0.048128933,0.0064871404,0.21103013,0.0211396,null,null,null,null,"TWOGAUSSIANS",8,2.215236,0.8049256,0.005663919,0.269522,0.036327988,0.21080746,0.020593574,0.24752198,0.008782347,0.4,0.0,0.20689401,0.05610342
375316653866487564,2261037124404878080,0.47515732,2200.0268477404343,3.5377397791575986,1.325685E-5,14.193169,0.04949116,0.27717045,0.01190634,0.36007676,0.016960505,0.59861195,0.048014585,0.80048096,0.0038795355,0.0881939,0.007728813,0.30755204,0.024695637,null,null,null,null,"TWOGAUSSIANS",8,436.497,0.8025909,0.003473026,0.4,0.0,0.23931892,0.022650829,0.27717045,0.011905946,0.4,0.0,0.097980484,0.016525107
375316653866487564,2261039460867093120,0.56024414,2239.6659909539935,2.543404124095166,9.834408E-6,15.082969,0.029892327,0.21810941,0.005209883,0.102970295,0.017476259,0.17599796,0.027514143,0.69697374,0.0021030009,0.10940309,0.013675444,0.19981447,0.028255228,null,null,null,null,"TWOGAUSSIANS",8,32.47264,0.69697374,0.0021030009,0.4,0.0,0.18131956,0.008341802,0.21813941,0.0051314174,0.4,0.0,0.15751521,0.007008517
375316653866487564,2261053479640424192,0.58975905,2190.5541711307455,2.0565862928955045,1.664935E-5,16.858862,0.004385715,0.31278864,0.005903786,0.02469109,0.0049272566,0.43992114,0.07338275,0.8145419,0.026184693,0.023868673,0.009866175,0.657151,0.748696,null,null,null,null,"TWOGAUSSIANS",8,15.873455,0.8145419,0.026184693,0.13366458,0.05525058,0.657151,0.748696,0.31278864,0.005903786,0.13827011,0.027592637,0.43992114,0.07338275
375316653866487564,2261056434577921280,0.4928806,2216.4371338670685,2.4437871091217307,2.7534541E-5,12.65596,0.22001733,0.25346842,0.017975004,0.104342125,0.09581937,0.099250875,0.2072808,0.7695345,0.006413565,0.112301245,0.0585968,0.08617908,0.19205965,null,null,null,null,"TWOGAUSSIANS",8,56.0772,0.25344843,0.017769722,0.4,0.0,0.088472135,0.008782819,0.76954454,0.0064406362,0.4,0.0,0.07539271,0.007934619
375316653866487564,2261059939271215872,0.65828985,2216.9344436493175,1.7033118803761056,3.0171902E-6,12.855165,0.0026400434,0.26793912,0.0032334013,0.041345503,0.003797448,0.11145961,0.010555025,0.77391154,6.7581946E-4,0.045818787,0.0011130207,0.50861615,0.008984359,0.03619081,0.0035967943,0.77391154,6.7581946E-4,"TWOGAUSSIANS_WITH_ELLIPSOIDAL_ON_ECLIPSE2",9,61.853863,0.77391154,6.7581946E-4,0.2565852,0.006232916,0.5809975,0.009321103,0.26841912,0.0030080245,0.23153481,0.02126571,0.18374735,0.009949287
375316653866487564,2261094642606741248,0.5495225,2103.924100295333,3.8423673088060246,9.38673E-6,17.365023,0.012217082,0.181992,0.0023639463,0.084588155,0.0053486866,0.27023786,0.011889246,0.6695601,0.0022636363,0.09039323,0.0064330986,0.31625095,0.014637977,null,null,null,null,"TWOGAUSSIANS",8,11.699825,0.6695601,0.0022636363,0.4,0.0,0.30820674,0.014731233,0.181992,0.0023639463,0.4,0.0,0.2621938,0.009652669
