Gaia/vari_eclipsing_binary/VariEclipsingBinary_606562-606587.csv
# %ECSV 1.0
# ---
# delimiter: ','
# meta: !!omap
# - RELEASE: Gaia DR3
# - TABLE: vari_eclipsing_binary
# - DESCRIPTION: >
#     This table describes the properties of the eclipsing binaries resulting from the variability analysis. 
# - CITATION: >
#     How to cite and acknowledge Gaia: 
#     https://gea.esac.esa.int/archive/documentation/credits.html 
# - KNOWN_ISSUES: >
#     Known issues: 
#     https://www.cosmos.esa.int/web/gaia-users/known-issues 
# - DOCUMENTATION: >
#     Tutorials and documentation: 
#     https://www.cosmos.esa.int/web/gaia-users/archive 
# datatype:
# - 
#   name: solution_id
#   datatype: int64
#   description: Solution Identifier
#   meta:
#     ucd: meta.version
# - 
#   name: source_id
#   datatype: int64
#   description: Unique source identifier
#   meta:
#     ucd: meta.id;meta.main
# - 
#   name: global_ranking
#   datatype: float32
#   description: Number between 0 (worst) and 1 (best)
#   meta:
#     ucd: stat.param
# - 
#   name: reference_time
#   datatype: float64
#   unit: d
#   description: Reference time used for the geometric model fit
#   meta:
#     ucd: time.epoch
# - 
#   name: frequency
#   datatype: float64
#   unit: d**-1
#   description: Frequency of geometric model of the eclipsing binary light curve
#   meta:
#     ucd: src.orbital
# - 
#   name: frequency_error
#   datatype: float32
#   unit: d**-1
#   description: "Uncertainty of \\texttt{frequency}"
#   meta:
#     ucd: stat.error
# - 
#   name: geom_model_reference_level
#   datatype: float32
#   unit: mag
#   description: Magnitude reference level of geometric model
#   meta:
#     ucd: phot.mag;em.opt
# - 
#   name: geom_model_reference_level_error
#   datatype: float32
#   unit: mag
#   description: "Uncertainty of \\texttt{geomModelReferenceLevel}"
#   meta:
#     ucd: stat.error;phot.mag;em.opt
# - 
#   name: geom_model_gaussian1_phase
#   datatype: float32
#   description: Phase of the Gaussian 1 component
#   meta:
#     ucd: time.phase
# - 
#   name: geom_model_gaussian1_phase_error
#   datatype: float32
#   description: "Uncertainty of \\texttt{geomModelGaussian1Phase}"
#   meta:
#     ucd: stat.error;time.phase
# - 
#   name: geom_model_gaussian1_sigma
#   datatype: float32
#   description: "Standard deviation [phase] of Gaussian 1 component"
#   meta:
#     ucd: stat.stdev
# - 
#   name: geom_model_gaussian1_sigma_error
#   datatype: float32
#   description: "Uncertainty of \\texttt{geomModelGaussian1Sigma}"
#   meta:
#     ucd: stat.error
# - 
#   name: geom_model_gaussian1_depth
#   datatype: float32
#   unit: mag
#   description: Magnitude depth of Gaussian 1 component
#   meta:
#     ucd: src.var.amplitude
# - 
#   name: geom_model_gaussian1_depth_error
#   datatype: float32
#   unit: mag
#   description: "Uncertainty of \\texttt{geomModelGaussian1Depth}"
#   meta:
#     ucd: stat.error;src.var.amplitude
# - 
#   name: geom_model_gaussian2_phase
#   datatype: float32
#   description: Phase of Gaussian 2 component
#   meta:
#     ucd: time.phase
# - 
#   name: geom_model_gaussian2_phase_error
#   datatype: float32
#   description: "Uncertainty of \\texttt{geomModelGaussian2Phase}"
#   meta:
#     ucd: stat.error;time.phase
# - 
#   name: geom_model_gaussian2_sigma
#   datatype: float32
[...]
#   datatype: float32
#   description: "Secondary eclipse: uncertainty of \\texttt{derivedSecondaryEclDuration}"
#   meta:
#     ucd: stat.error;time.duration
# - 
#   name: derived_secondary_ecl_depth
#   datatype: float32
#   unit: mag
#   description: "Secondary eclipse: depth"
#   meta:
#     ucd: src.var.amplitude
# - 
#   name: derived_secondary_ecl_depth_error
#   datatype: float32
#   unit: mag
#   description: "Secondary eclipse: uncertainty of \\texttt{derivedSecondaryEclDepth}"
#   meta:
#     ucd: stat.error;src.var.amplitude
solution_id,source_id,global_ranking,reference_time,frequency,frequency_error,geom_model_reference_level,geom_model_reference_level_error,geom_model_gaussian1_phase,geom_model_gaussian1_phase_error,geom_model_gaussian1_sigma,geom_model_gaussian1_sigma_error,geom_model_gaussian1_depth,geom_model_gaussian1_depth_error,geom_model_gaussian2_phase,geom_model_gaussian2_phase_error,geom_model_gaussian2_sigma,geom_model_gaussian2_sigma_error,geom_model_gaussian2_depth,geom_model_gaussian2_depth_error,geom_model_cosine_half_period_amplitude,geom_model_cosine_half_period_amplitude_error,geom_model_cosine_half_period_phase,geom_model_cosine_half_period_phase_error,model_type,num_model_parameters,reduced_chi2,derived_primary_ecl_phase,derived_primary_ecl_phase_error,derived_primary_ecl_duration,derived_primary_ecl_duration_error,derived_primary_ecl_depth,derived_primary_ecl_depth_error,derived_secondary_ecl_phase,derived_secondary_ecl_phase_error,derived_secondary_ecl_duration,derived_secondary_ecl_duration_error,derived_secondary_ecl_depth,derived_secondary_ecl_depth_error
[from data line 511]
375316653866487564,5335508546064891008,0.49081075,2170.2609836817874,3.220123442235346,2.2892122E-5,19.183027,0.014619775,0.24314831,0.007590333,0.09605506,0.009655028,0.2209791,0.020532865,0.7641833,0.004207444,0.093003735,0.0106251035,0.201912,0.015070979,null,null,null,null,"TWOGAUSSIANS",8,1.9958673,0.24314831,0.007590333,0.4,0.0,0.21150012,0.019818297,0.7641833,0.004207444,0.4,0.0,0.19243363,0.0148888165
375316653866487564,5335508958421595008,0.51614434,2191.8632312036125,2.997303471818234,1.747483E-5,18.606344,0.012265814,0.22766209,0.0046497425,0.05087833,0.007824234,0.20857292,0.043342464,0.74435663,0.0050822655,0.043747243,0.0071009304,0.16076593,0.027777275,0.07932223,0.016828177,0.22766209,0.0046497425,"TWOGAUSSIANS_WITH_ELLIPSOIDAL_ON_ECLIPSE1",9,6.5292053,0.22766209,0.0046497425,0.28491864,0.043815706,0.36721596,0.034334864,0.74435663,0.0050822655,0.24498457,0.039765213,0.31766978,0.012298895
375316653866487564,5335509027140729856,0.6201614,2194.4836776841134,0.3563572793036235,1.722232E-5,16.546534,0.0011770661,0.24835779,0.0036120396,0.029798482,0.0028603734,0.3292726,0.023248684,null,null,null,null,null,null,null,null,null,null,"ONEGAUSSIAN",5,4.0272875,0.24835779,0.0036120396,0.16687149,0.01601809,0.3292726,0.0,null,null,null,null,null,null
375316653866487564,5335509783055070464,0.67230135,2213.489245674048,0.5814893828736778,1.231998E-6,16.512596,0.0016609625,0.14811237,8.720939E-4,0.021969216,0.0013339162,0.6551807,0.038859762,0.6485695,5.77752E-4,0.02309797,8.136247E-4,0.58755195,0.011031628,0.006904723,0.0024087375,0.14811237,8.720939E-4,"TWOGAUSSIANS_WITH_ELLIPSOIDAL_ON_ECLIPSE1",9,4.9479446,0.14811237,8.720939E-4,0.12302761,0.007469931,0.66899014,0.03946389,0.6485695,5.77752E-4,0.12934862,0.0045562983,0.6013613,0.011495526
375316653866487564,5335509954814365312,0.4984223,2179.1440220825116,1.8988326920121859,1.3440943E-5,19.712584,0.015864868,0.2732201,0.007967388,0.07853812,0.010914678,0.2622298,0.027548596,0.773277,0.0031053845,0.05511851,0.003425723,0.6531414,0.045491185,null,null,null,null,"TWOGAUSSIANS",8,4.748732,0.773277,0.0031053845,0.30866367,0.01918405,0.65246445,0.04539414,0.2732201,0.007967388,0.4,0.0,0.2615529,0.027566731
375316653866487564,5335509954854164352,0.5395296,2206.444257528225,3.2091049992900587,1.0450666E-5,16.63224,0.007416151,0.21905828,0.0031472773,0.09558156,0.005300996,0.19725673,0.007903056,0.7295315,0.0028049008,0.09635974,0.00635038,0.19574332,0.0066948733,null,null,null,null,"TWOGAUSSIANS",8,12.224437,0.21905828,0.0031472773,0.4,0.0,0.18581603,0.006072253,0.7295315,0.0028049008,0.4,0.0,0.18430251,0.0056058043
375316653866487564,5335510126652764928,0.5191543,2202.7336791735447,0.4580710288551834,2.1696607E-5,16.780922,0.003111094,0.31734213,0.0017960521,0.019558229,0.0011212393,0.15239045,0.015125018,0.817522,0.00364325,0.017348766,0.0025397288,0.43133956,0.037108947,null,null,null,null,"TWOGAUSSIANS",8,28.69976,0.817522,0.00364325,0.09715309,0.01422248,0.43133956,0.037108947,0.31734213,0.0017960521,0.109526075,0.00627894,0.15239045,0.015125018
375316653866487564,5335510809526470016,0.4697063,2182.9928088126044,4.317378311268439,2.9124234E-5,18.843866,0.012991915,0.23874176,0.012504208,0.061308354,0.021609517,0.18817124,0.016806213,0.75119627,0.013953705,0.08275639,0.010858087,0.18859492,0.021863323,null,null,null,null,"TWOGAUSSIANS",8,5.8620167,0.75119627,0.013953705,0.4,0.0,0.18792897,0.020927068,0.23874176,0.012504208,0.34332678,0.09237235,0.1875053,0.017541679
375316653866487564,5335511191815547776,0.6195416,2224.909696893538,2.2709504879512643,6.0250873E-6,15.737336,0.014298891,0.19598131,0.003564657,0.063193455,0.007882493,0.29810816,0.032600302,0.6936484,0.0057848776,0.05224768,0.008043869,0.32170036,0.027856074,0.11820008,0.017878998,0.19598131,0.003564657,"TWOGAUSSIANS_WITH_ELLIPSOIDAL_ON_ECLIPSE1",9,54.552555,0.6939684,0.00503644,0.292587,0.045045666,0.55793506,0.0130188335,0.19598131,0.003564657,0.35388336,0.044141956,0.53438675,0.021295033
375316653866487564,5335511221825470848,0.535753,2211.2467008591934,0.7042580004595181,1.6430231E-5,17.161797,9.884536E-4,0.23084922,0.007396347,0.015397162,0.0046044835,0.0705238,0.017532518,0.7352231,0.017159978,0.020368107,0.008784826,0.08946198,0.034557644,0.01030301,0.0012419927,0.23084922,0.007396347,"TWOGAUSSIANS_WITH_ELLIPSOIDAL_ON_ECLIPSE1",9,1.4915018,0.7352231,0.017159978,0.1140614,0.049195025,0.11005243,0.033062823,0.23084922,0.007396347,0.08622411,0.025785107,0.0911298,0.017285213
375316653866487564,5335511535401826048,0.59782887,2193.930561323744,3.8071368084573125,6.294435E-6,13.551436,0.014532085,0.24985203,0.0019310829,0.053804617,0.006116849,0.26529616,0.034969565,0.7506114,0.003213461,0.045151714,0.0052945702,0.30805337,0.036469642,0.114474215,0.021795018,0.24985203,0.0019310829,"TWOGAUSSIANS_WITH_ELLIPSOIDAL_ON_ECLIPSE1",9,446.1701,0.7506114,0.0031920709,0.2528496,0.029649593,0.5369908,0.029030187,0.24985203,0.0019310829,0.30130586,0.034254353,0.49423882,0.01641521
375316653866487564,5335512222555634944,0.5577115,2181.723842011098,1.2937236206134421,7.002081E-6,18.798021,0.016689613,0.2211095,0.0056391275,0.11071998,0.010520656,0.26182655,0.02115336,0.7197087,0.0014494862,0.09925331,0.004116252,0.3951331,0.015688816,null,null,null,null,"TWOGAUSSIANS",8,2.14016,0.7197087,0.0014494862,0.4,0.0,0.35871226,0.0079428535,0.2211095,0.0056391275,0.4,0.0,0.22538857,0.019750943
375316653866487564,5335512355696811008,0.4885722,2199.7227688894654,1.0295897359762467,1.0647234E-5,17.272816,0.0036645392,0.3111641,0.0025219899,0.07480156,0.005007292,0.08473409,0.00334244,0.8092202,0.0061548566,0.091221966,0.008512771,0.04600656,0.004107241,null,null,null,null,"TWOGAUSSIANS",8,2.0242448,0.3111641,0.0025219899,0.4,0.0,0.083497785,0.0027714123,0.8092202,0.0061548566,0.4,0.0,0.044770226,0.0035762165
375316653866487564,5335512664960816512,0.5159921,2194.090097275737,2.5997022901408715,1.6167876E-5,19.108053,0.014378026,0.23205754,0.0065555754,0.07106177,0.0070444164,0.34228882,0.018661357,0.7377379,0.0070289914,0.0747697,0.00899615,0.31467566,0.035177343,null,null,null,null,"TWOGAUSSIANS",8,4.32743,0.23205754,0.0065555754,0.3979459,0.028169787,0.34068346,0.01813955,0.7377379,0.0070289914,0.4,0.007639929,0.31307027,0.035503857
375316653866487564,5335512841071816192,0.49780774,2196.5321531806094,1.7279217192294511,2.7864557E-5,17.514046,0.002573369,0.6393039,0.007757977,0.02165416,0.009356978,2.0783613,43.76226,0.8837667,0.013924786,0.020865073,0.009945404,0.024541486,0.012229881,null,null,null,null,"TWOGAUSSIANS",8,5.0760503,0.6393039,0.007757977,0.121263295,0.052399077,2.0783613,43.76226,0.8837667,0.013924786,0.116844416,0.05569426,0.024541486,0.012229881
375316653866487564,5335513012829860352,0.5800452,2214.5516039933727,2.7547605074620556,1.11363415E-5,18.314995,0.00690256,0.2426369,0.0035473162,0.0809747,0.003626456,0.1848216,0.009752819,0.73553437,0.003774872,0.0676379,0.0032634872,0.60823804,0.017206786,null,null,null,null,"TWOGAUSSIANS",8,4.180627,0.73553437,0.003774872,0.37877226,0.018275527,0.6064022,0.016807929,0.2426369,0.0035473162,0.4,0.0,0.18298578,0.0094394535
375316653866487564,5335513042891812352,0.49043354,2192.872053764239,0.7971203447276889,1.3344607E-5,18.06379,0.003045209,0.7137159,0.0030801753,0.0533895,0.015088737,0.036700796,0.006165776,null,null,null,null,null,null,0.06738395,0.0047123386,0.7137159,0.0030801753,"ONEGAUSSIAN_WITH_ELLIPSOIDAL",6,5.236879,0.7137159,0.0030801753,0.2989812,0.08449693,0.17146775,0.005954957,null,null,null,null,null,null
375316653866487564,5335513700065202944,0.4800723,2201.7867952092192,0.9093169987014325,2.4423327E-5,16.423725,0.0039159306,0.38723823,0.0054398626,0.020740233,0.0037388683,0.3519376,0.34029683,0.8845257,0.0041292887,0.016811473,0.0016243631,0.36407617,0.1022599,0.012345374,0.0073820623,0.38723823,0.0054398626,"TWOGAUSSIANS_WITH_ELLIPSOIDAL_ON_ECLIPSE1",9,45.020004,0.8845257,0.004118165,0.09414425,0.009096433,0.38875973,0.10290281,0.38723823,0.0054398626,0.116145305,0.020937663,0.3766283,0.34048873
375316653866487564,5335513871863950080,0.5115726,2232.847212278337,0.045986652676085905,3.298631E-5,16.536217,0.0015107692,0.056069642,0.028714651,0.016142046,0.010261841,0.022023497,0.011908056,0.3108272,4.2397302E-4,0.0038216456,6.1683566E-4,0.18745609,0.013184315,null,null,null,null,"TWOGAUSSIANS",8,6.241618,0.3108272,4.2397302E-4,0.021401215,0.0034542796,0.18745609,0.013184315,0.056069642,0.028714651,0.09039546,0.05746631,0.022023497,0.011908056
375316653866487564,5335513940543077376,0.45430806,2266.6237730186313,0.03061197643356814,8.5424304E-5,17.77691,0.010274917,0.39589685,0.005012302,0.050221063,0.0044222814,0.24132337,0.028847605,0.8240821,0.013631981,0.080778144,0.011755503,0.17072213,0.044504844,null,null,null,null,"TWOGAUSSIANS",8,3.9504747,0.39589685,0.005012302,0.28123796,0.024764776,0.24129596,0.02884246,0.8240821,0.013631981,0.4,0.0,0.17069459,0.044530082
375316653866487564,5335514112393291136,0.48684144,2184.800008187216,0.5310820425132311,2.4771241E-5,14.91832,0.0031739362,0.3715349,4.043351E-5,0.011608904,4.9248414E-5,2.0950706,0.03072108,0.635402,0.12971655,0.14106773,0.073087946,0.017233992,0.005652438,null,null,null,null,"TWOGAUSSIANS",8,65.21248,0.3715349,4.043351E-5,0.06500986,2.7579113E-4,2.098003,0.02976769,0.635402,0.12971655,0.4,0.0043629683,0.017169507,0.0056530475
375316653866487564,5335514318551732608,0.5770034,2229.029096350942,2.209732913282487,6.3955476E-6,18.280802,0.007165999,0.22169293,0.001636057,0.07832285,0.0030415603,0.31462705,0.01092137,0.71858394,0.002914767,0.07499885,0.0038235139,0.5027016,0.016433852,null,null,null,null,"TWOGAUSSIANS",8,3.0570855,0.71858394,0.002914767,0.4,0.0,0.4990816,0.016617881,0.22169293,0.001636057,0.4,0.0,0.31100705,0.010854725
375316653866487564,5335514352900331264,0.5845704,2235.353062120421,0.7390405187216593,1.0091991E-6,16.284264,4.4203576E-4,0.5400665,2.0645231E-4,0.03497047,2.1724738E-4,0.3264022,0.0011794491,0.6723668,5.237712E-4,0.013300756,4.426835E-4,0.011784565,4.8944395E-4,1.1969105E-6,3.474173E-4,0.5400665,2.0645231E-4,"TWOGAUSSIANS_WITH_ELLIPSOIDAL_ON_ECLIPSE1",9,7.76944,0.5400665,2.0645231E-4,0.19583464,0.0012165853,0.32640457,0.0012725099,0.6723668,5.237712E-4,0.07448423,0.0024790275,0.012040223,6.0685014E-4
375316653866487564,5335514627737931520,0.47978598,2163.571014006991,2.5331996898299383,1.6037327E-5,19.142654,0.014511776,0.2913074,0.006344303,0.081330344,0.011162126,0.20667204,0.016051918,0.80569357,0.0030647204,0.07995993,0.011170976,0.2202862,0.024936128,null,null,null,null,"TWOGAUSSIANS",8,2.9473138,0.80569357,0.0030647204,0.4,0.0,0.21764748,0.026375193,0.2913074,0.006344303,0.4,0.0,0.20403332,0.015053876
375316653866487564,5335515074454956800,0.59345406,2182.6137363754074,1.9818807049210616,8.405275E-6,17.853455,0.007958836,0.22842462,0.004136355,0.08954666,0.0070155547,0.18412226,0.00832124,0.71999204,0.0041923923,0.06864117,0.004327694,0.56045383,0.016469201,null,null,null,null,"TWOGAUSSIANS",8,5.102672,0.71999204,0.0041923923,0.38439056,0.017550275,0.55715615,0.016249469,0.22842462,0.004136355,0.4,0.0,0.18082447,0.0073517403
375316653866487564,5335515722978279808,0.53945184,2209.8410412012263,2.4354270585268205,8.414045E-6,18.676497,0.023144554,0.23221022,0.0071527264,0.099662535,0.011878426,0.389717,0.026076354,0.7385914,0.0024521428,0.08967822,0.0066757086,0.4304634,0.024347486,null,null,null,null,"TWOGAUSSIANS",8,6.247916,0.7385914,0.0024521428,0.4,0.0,0.4076584,0.021798292,0.23221022,0.0071527264,0.4,0.0,0.36690935,0.020373177
375316653866487564,5335516410153277696,0.5255558,2166.0481247001467,2.6005795493439234,8.645935E-6,17.655619,0.004483205,0.2787291,0.0030578277,0.041848723,0.0081198495,0.09261815,0.03633898,0.78252065,0.014957869,0.021448417,0.0078113033,0.21583094,0.13702273,0.1162885,0.008493698,0.2787291,0.0030578277,"TWOGAUSSIANS_WITH_ELLIPSOIDAL_ON_ECLIPSE1",9,15.562395,0.78252065,0.014683957,0.12011113,0.043743297,0.4482756,0.13814154,0.2787291,0.0030578277,0.23435284,0.045471158,0.32519478,0.036320813
375316653866487564,5335516586283953664,0.4228646,2167.1031321958085,0.8846990265777004,2.3667757E-5,19.529394,0.016263328,0.39671728,0.0068949466,0.03240144,0.005628839,0.3382553,0.03869793,0.72039497,0.02247344,0.079446964,0.014517137,0.10857007,0.038111947,null,null,null,null,"TWOGAUSSIANS",8,6.9281616,0.39671728,0.006893272,0.18144806,0.0315215,0.3382823,0.038678084,0.72039497,0.02247344,0.4,0.0,0.10857007,0.038111955
375316653866487564,5335517681456384640,0.5953264,2180.599595677703,0.06849359394551881,2.0024522E-6,16.800394,0.002035513,0.24187,0.004707053,0.012215984,0.0029863184,0.02475668,0.022743652,0.75654733,0.008969716,0.009120222,0.0025830586,0.4090359,0.49065682,0.0467783,0.0024547586,0.24187,0.004707053,"TWOGAUSSIANS_WITH_ELLIPSOIDAL_ON_ECLIPSE1",9,7.060629,0.75654733,0.008969716,0.051073246,0.014465128,0.501799,0.49008596,0.24187,0.004707053,0.06840951,0.016723383,0.11831322,0.02202597
375316653866487564,5335517754515088896,0.5637516,2209.3908216012546,2.5819691398533196,7.5166145E-6,15.157559,0.012574576,0.2602633,0.003168971,0.08847274,0.005391897,0.32649758,0.014842809,0.7594144,0.002519642,0.10281692,0.0056528,0.30751264,0.011715669,null,null,null,null,"TWOGAUSSIANS",8,61.761757,0.2602633,0.003168971,0.4,0.0,0.30605286,0.01179635,0.7594144,0.002519642,0.4,0.0,0.28706348,0.0066790837
375316653866487564,5335517994994763904,0.471343,2149.4094238543853,2.1165984390988037,2.5146928E-5,19.48299,0.026055224,0.24299559,0.01264505,0.0911683,0.018568154,0.22258766,0.035134416,0.7457698,0.0058408356,0.088147976,0.010074487,0.32530367,0.030111996,null,null,null,null,"TWOGAUSSIANS",8,4.747722,0.7457698,0.0058408356,0.4,0.0,0.31480706,0.025486277,0.24299559,0.01264505,0.4,0.0,0.21209097,0.03326005
375316653866487564,5335518063714442496,0.48815763,2174.918646617587,2.8247967219906687,2.096E-5,19.732546,0.032257944,0.3001629,0.0041489853,0.10352268,0.010644011,0.40039206,0.034541022,0.7906241,0.006946571,0.09895602,0.013243075,0.3953035,0.05328091,null,null,null,null,"TWOGAUSSIANS",8,3.36644,0.3001629,0.0041483343,0.4,0.0,0.36685595,0.029089093,0.7906241,0.006946571,0.4,0.0,0.36177242,0.0580143
375316653866487564,5335518750959330560,0.49532992,2204.912753201997,1.1185129922628956,6.449713E-5,18.623617,0.003911212,0.23115535,0.041320104,0.058638703,0.031902313,0.018297441,0.008036346,0.5056113,0.009119231,0.032500416,0.003743497,0.67722565,0.107349515,null,null,null,null,"TWOGAUSSIANS",8,1.4070672,0.5056113,0.009119231,0.18200234,0.020963583,0.67722595,0.107349105,0.23115535,0.041320104,0.32837674,0.15004635,0.018297441,0.008036346
375316653866487564,5335518888386683520,0.44855183,2101.609749024436,4.482355695246142,3.9188253E-5,12.943167,0.010660171,0.23388822,0.011431009,0.06965858,0.011990575,0.18705504,0.100082055,0.7685485,0.018296784,0.03496735,0.008826513,0.26076573,0.16062516,null,null,null,null,"TWOGAUSSIANS",8,94.09181,0.7685485,0.018296784,0.19581717,0.04942847,0.2607649,0.1606256,0.23388822,0.011431009,0.39008802,0.06714722,0.1870542,0.100082636
375316653866487564,5335519502541087616,0.52685565,2179.3197848685422,4.025036599794188,1.6070018E-5,18.963291,0.010327164,0.24324787,0.004913253,0.083582446,0.0073142457,0.24979961,0.015259439,0.736167,0.0049681845,0.078244165,0.0059541888,0.30880934,0.018746797,null,null,null,null,"TWOGAUSSIANS",8,2.875802,0.736167,0.0049681845,0.4,0.0,0.30473205,0.018330615,0.24324787,0.004913253,0.4,0.0,0.24572234,0.015096934
375316653866487564,5335519644263726080,0.47429663,2148.19642863508,1.9961640764105222,8.615605E-6,19.650822,0.018949986,0.2781438,0.0061664893,0.079420835,0.007042994,0.44014066,0.03990638,0.77575576,0.0036322195,0.09766467,0.007909953,0.36305895,0.021327881,null,null,null,null,"TWOGAUSSIANS",8,2.2490275,0.2781438,0.0061664893,0.4,0.0,0.42610428,0.03914076,0.77575576,0.0036322195,0.4,0.0,0.34902108,0.020651955
