Gaia/vari_eclipsing_binary/VariEclipsingBinary_666626-666643.csv
# %ECSV 1.0
# ---
# delimiter: ','
# meta: !!omap
# - RELEASE: Gaia DR3
# - TABLE: vari_eclipsing_binary
# - DESCRIPTION: >
#     This table describes the properties of the eclipsing binaries resulting from the variability analysis. 
# - CITATION: >
#     How to cite and acknowledge Gaia: 
#     https://gea.esac.esa.int/archive/documentation/credits.html 
# - KNOWN_ISSUES: >
#     Known issues: 
#     https://www.cosmos.esa.int/web/gaia-users/known-issues 
# - DOCUMENTATION: >
#     Tutorials and documentation: 
#     https://www.cosmos.esa.int/web/gaia-users/archive 
# datatype:
# - 
#   name: solution_id
#   datatype: int64
#   description: Solution Identifier
#   meta:
#     ucd: meta.version
# - 
#   name: source_id
#   datatype: int64
#   description: Unique source identifier
#   meta:
#     ucd: meta.id;meta.main
# - 
#   name: global_ranking
#   datatype: float32
#   description: Number between 0 (worst) and 1 (best)
#   meta:
#     ucd: stat.param
# - 
#   name: reference_time
#   datatype: float64
#   unit: d
#   description: Reference time used for the geometric model fit
#   meta:
#     ucd: time.epoch
# - 
#   name: frequency
#   datatype: float64
#   unit: d**-1
#   description: Frequency of geometric model of the eclipsing binary light curve
#   meta:
#     ucd: src.orbital
# - 
#   name: frequency_error
#   datatype: float32
#   unit: d**-1
#   description: "Uncertainty of \\texttt{frequency}"
#   meta:
#     ucd: stat.error
# - 
#   name: geom_model_reference_level
#   datatype: float32
#   unit: mag
#   description: Magnitude reference level of geometric model
#   meta:
#     ucd: phot.mag;em.opt
# - 
#   name: geom_model_reference_level_error
#   datatype: float32
#   unit: mag
#   description: "Uncertainty of \\texttt{geomModelReferenceLevel}"
#   meta:
#     ucd: stat.error;phot.mag;em.opt
# - 
#   name: geom_model_gaussian1_phase
#   datatype: float32
#   description: Phase of the Gaussian 1 component
#   meta:
#     ucd: time.phase
# - 
#   name: geom_model_gaussian1_phase_error
#   datatype: float32
#   description: "Uncertainty of \\texttt{geomModelGaussian1Phase}"
#   meta:
#     ucd: stat.error;time.phase
# - 
#   name: geom_model_gaussian1_sigma
#   datatype: float32
#   description: "Standard deviation [phase] of Gaussian 1 component"
#   meta:
#     ucd: stat.stdev
# - 
#   name: geom_model_gaussian1_sigma_error
#   datatype: float32
#   description: "Uncertainty of \\texttt{geomModelGaussian1Sigma}"
#   meta:
#     ucd: stat.error
# - 
#   name: geom_model_gaussian1_depth
#   datatype: float32
#   unit: mag
#   description: Magnitude depth of Gaussian 1 component
#   meta:
#     ucd: src.var.amplitude
# - 
#   name: geom_model_gaussian1_depth_error
#   datatype: float32
#   unit: mag
#   description: "Uncertainty of \\texttt{geomModelGaussian1Depth}"
#   meta:
#     ucd: stat.error;src.var.amplitude
# - 
#   name: geom_model_gaussian2_phase
#   datatype: float32
#   description: Phase of Gaussian 2 component
#   meta:
#     ucd: time.phase
# - 
#   name: geom_model_gaussian2_phase_error
#   datatype: float32
#   description: "Uncertainty of \\texttt{geomModelGaussian2Phase}"
#   meta:
#     ucd: stat.error;time.phase
# - 
#   name: geom_model_gaussian2_sigma
#   datatype: float32
[...]
#   datatype: float32
#   description: "Secondary eclipse: uncertainty of \\texttt{derivedSecondaryEclDuration}"
#   meta:
#     ucd: stat.error;time.duration
# - 
#   name: derived_secondary_ecl_depth
#   datatype: float32
#   unit: mag
#   description: "Secondary eclipse: depth"
#   meta:
#     ucd: src.var.amplitude
# - 
#   name: derived_secondary_ecl_depth_error
#   datatype: float32
#   unit: mag
#   description: "Secondary eclipse: uncertainty of \\texttt{derivedSecondaryEclDepth}"
#   meta:
#     ucd: stat.error;src.var.amplitude
solution_id,source_id,global_ranking,reference_time,frequency,frequency_error,geom_model_reference_level,geom_model_reference_level_error,geom_model_gaussian1_phase,geom_model_gaussian1_phase_error,geom_model_gaussian1_sigma,geom_model_gaussian1_sigma_error,geom_model_gaussian1_depth,geom_model_gaussian1_depth_error,geom_model_gaussian2_phase,geom_model_gaussian2_phase_error,geom_model_gaussian2_sigma,geom_model_gaussian2_sigma_error,geom_model_gaussian2_depth,geom_model_gaussian2_depth_error,geom_model_cosine_half_period_amplitude,geom_model_cosine_half_period_amplitude_error,geom_model_cosine_half_period_phase,geom_model_cosine_half_period_phase_error,model_type,num_model_parameters,reduced_chi2,derived_primary_ecl_phase,derived_primary_ecl_phase_error,derived_primary_ecl_duration,derived_primary_ecl_duration_error,derived_primary_ecl_depth,derived_primary_ecl_depth_error,derived_secondary_ecl_phase,derived_secondary_ecl_phase_error,derived_secondary_ecl_duration,derived_secondary_ecl_duration_error,derived_secondary_ecl_depth,derived_secondary_ecl_depth_error
375316653866487564,5863704345745033856,0.43789023,2202.569149302168,0.2945422618890845,3.2295884E-5,19.166948,0.016653161,0.39930668,0.0017662507,0.009804937,0.0079962965,0.8015381,null,0.7291143,0.03940205,0.14273901,0.039292604,0.05302169,0.019097252,null,null,null,null,"TWOGAUSSIANS",8,5.7418184,0.39931667,0.0017588844,0.054907646,0.04477926,0.8049838,null,0.7291143,0.03940205,0.4,0.0,0.052792065,0.018581139
375316653866487564,5863704929800313856,0.49590763,2208.562278261752,2.764920912462366,1.2076574E-5,19.422653,0.016159559,0.29832572,0.0054055536,0.08007857,0.0073881857,0.3102243,0.017869843,0.7851435,0.0037463887,0.08304283,0.005901627,0.35961297,0.01530027,null,null,null,null,"TWOGAUSSIANS",8,2.6232896,0.7851435,0.0037463887,0.4,0.0,0.35487026,0.013095518,0.29832572,0.0054055536,0.4,0.0,0.30548158,0.016508216
375316653866487564,5863704998520543872,0.54240215,2216.2789549719405,1.5264002409753272,6.204856E-6,19.002169,0.025816262,0.27898604,0.0063713836,0.09086854,0.024291832,0.24412595,0.010956011,0.7663063,0.0030346543,0.0855384,0.007727604,0.39798066,0.021547887,null,null,null,null,"TWOGAUSSIANS",8,1.9733155,0.7663063,0.0030346543,0.4,0.0,0.38896254,0.009965777,0.27898604,0.0063713836,0.4,0.0,0.2351077,0.022798972
375316653866487564,5863705170378813568,0.65389556,2249.699361557845,1.3624761183863334,2.324171E-6,17.78421,0.0035207022,0.2078956,0.0028398915,0.08252344,0.003566251,0.1297307,0.0053321747,0.71199363,5.768349E-4,0.06000383,5.9460517E-4,0.5360791,0.0049331216,null,null,null,null,"TWOGAUSSIANS",8,2.308973,0.71199363,5.768349E-4,0.33602145,0.003329789,0.5352119,0.0047791516,0.2078956,0.0028398915,0.4,0.0,0.12886348,0.00527862
375316653866487564,5863705440924905216,0.44974515,2197.308834050997,2.8173990730307583,9.8957025E-5,19.603834,0.030992148,0.27945492,0.030810524,0.08373337,0.034011625,0.17432353,0.036695495,0.78381616,0.027151246,0.04143225,0.062223367,0.23086542,0.051623177,null,null,null,null,"TWOGAUSSIANS",8,4.8547344,0.78381616,0.027151246,0.23202059,0.2687612,0.23075862,0.05832796,0.27945492,0.030810524,0.4,0.0035555519,0.17421672,0.029586544
375316653866487564,5863705651354962176,0.53234655,2207.727434864469,1.8680478742672577,1.4078875E-5,19.009308,0.005784808,0.2538242,0.0049198996,0.08252071,0.0074966927,0.34893745,0.03631955,0.766387,0.0038573015,0.0861718,0.0054868837,0.24528888,0.011781608,null,null,null,null,"TWOGAUSSIANS",8,1.6667751,0.2538242,0.0049198996,0.4,0.0,0.34318668,0.038511876,0.766387,0.0038573015,0.4,0.0,0.23953807,0.012170971
375316653866487564,5863705857573599104,0.5411834,2240.428322602706,1.8805203213910329,8.869393E-6,17.88506,0.040840454,0.2182764,0.008264682,0.1341102,0.017226784,0.21328527,0.03887657,0.6799554,0.005188338,0.12221195,0.010457826,0.29207996,0.039301187,null,null,null,null,"TWOGAUSSIANS",8,3.5137,0.6799554,0.005188338,0.4,0.0,0.2384877,0.00921756,0.2188364,0.008034525,0.4,0.0,0.15930815,0.008046358
375316653866487564,5863705990680421120,0.48826352,2234.342904378255,1.639708371373504,2.1161391E-5,18.738373,0.018102689,0.27224433,0.006478332,0.11073474,0.01508332,0.124958776,0.017961435,0.7514541,0.008776544,0.09140136,0.018724382,0.11135354,0.015753658,null,null,null,null,"TWOGAUSSIANS",8,1.6116396,0.27224433,0.006477255,0.4,0.0,0.11641415,0.0095439665,0.7514541,0.008776544,0.4,0.0,0.10282148,0.00996055
375316653866487564,5863706471686492288,0.48215258,2253.931681341008,2.0534315246424164,1.2194321E-5,18.083906,0.010419965,0.36778775,0.0035168845,0.09026887,0.0075363126,0.14051536,0.011044919,0.85427517,0.009008916,0.09813757,0.01785399,0.073920146,0.010262587,null,null,null,null,"TWOGAUSSIANS",8,2.6184013,0.36778775,0.0035162694,0.4,0.0,0.135668,0.0080203675,0.85427517,0.009008916,0.4,0.0,0.06907244,0.0076386845
375316653866487564,5863706544708845952,0.57640123,2212.8680114479534,2.979132851293324,1.1319503E-5,19.434904,0.006855204,0.26944098,0.0020797737,0.067870215,0.002610259,0.6663419,0.041932046,0.7660251,0.0036228653,0.06532824,0.004439261,0.5885995,0.02176031,null,null,null,null,"TWOGAUSSIANS",8,2.1231883,0.26944098,0.0020797737,0.38007322,0.014617451,0.6653501,0.042110946,0.7660251,0.0036228653,0.36583814,0.02485986,0.58760774,0.021825949
375316653866487564,5863706579128302208,0.45880422,2208.7675698607504,3.585223698976732,2.0416419E-5,19.300013,0.0109539535,0.3001111,0.009137343,0.08701253,0.011512652,0.21838106,0.01715088,0.79037434,0.004895778,0.060329307,0.010464341,0.29850104,0.081547506,null,null,null,null,"TWOGAUSSIANS",8,5.194773,0.79037434,0.004895778,0.3378441,0.05860031,0.29727757,0.08227876,0.3001111,0.009137343,0.4,0.0,0.21715756,0.016902747
375316653866487564,5863706922725731200,0.5727232,2232.5436325088945,1.227971357647574,7.883346E-6,11.573951,0.0030016268,0.2714695,0.0013226192,0.043202553,0.0032775854,0.10118685,0.0075722015,0.7625567,0.004200005,0.04817084,0.004015372,0.09299081,0.009161809,0.014559827,0.00522859,0.2714695,0.0013226192,"TWOGAUSSIANS_WITH_ELLIPSOIDAL_ON_ECLIPSE1",9,41.116745,0.2714695,0.0013226192,0.2419343,0.018354477,0.13030621,0.004511272,0.76303667,0.0038962034,0.26975667,0.022486083,0.12202389,0.004508704
375316653866487564,5863706952752967552,0.48863098,2246.4026669514014,2.7962780862603664,2.2209713E-5,18.675434,0.020169819,0.24896601,0.007853887,0.08207618,0.010374524,0.23061895,0.022665532,0.7360307,0.012716521,0.1043715,0.019929575,0.22473335,0.018829606,null,null,null,null,"TWOGAUSSIANS",8,5.1027207,0.24896601,0.007865768,0.4,0.0,0.22038043,0.017466806,0.7360307,0.012716521,0.4,0.0,0.21448937,0.016331566
375316653866487564,5863707163184407936,0.5240429,2191.0956752759266,2.690943187974757,9.015201E-6,19.190128,0.008208068,0.2689964,0.0032129765,0.08585637,0.005215648,0.355659,0.012913396,0.77180445,0.0037224256,0.0816459,0.003435039,0.38788027,0.021496797,null,null,null,null,"TWOGAUSSIANS",8,2.4042435,0.77180445,0.0037224256,0.4,0.0,0.37968642,0.02143677,0.2689964,0.0032129765,0.4,0.0,0.34746513,0.013537342
375316653866487564,5863707231963677184,0.6034841,2236.331078890344,3.242534222561443,2.529002E-5,15.150698,4.6465054E-4,0.6493055,4.73586E-4,0.014840205,4.2449404E-4,0.20703746,0.009401817,null,null,null,null,null,null,null,null,null,null,"ONEGAUSSIAN",5,3.6984353,0.6493055,4.73586E-4,0.08310515,0.0023771666,0.20703746,0.0,null,null,null,null,null,null
375316653866487564,5863707575501422336,0.51203674,2212.8428363436265,2.5718155944996424,1.1803124E-5,19.187357,0.016811842,0.2536306,0.004839486,0.08755857,0.008042794,0.27356905,0.0162698,0.7599417,0.0056023006,0.08106893,0.010586239,0.24151614,0.016002383,null,null,null,null,"TWOGAUSSIANS",8,2.5162094,0.2536306,0.004839486,0.4,0.0,0.2678921,0.012064198,0.7599417,0.0056023006,0.4,0.0,0.23583923,0.013027295
375316653866487564,5863707953517910400,0.48768368,2251.5858040193903,1.9207973535980611,2.518429E-5,17.406937,0.00796997,0.29938337,0.0073940884,0.07861822,0.009832814,0.2083781,0.039179035,0.7999159,0.012166223,0.07869874,0.014852952,0.115508504,0.008487875,null,null,null,null,"TWOGAUSSIANS",8,8.180711,0.29938337,0.0073940884,0.4,0.0,0.20642188,0.04010555,0.7999159,0.012166223,0.4,0.01625961,0.11355229,0.008172022
375316653866487564,5863708120983915392,0.44078913,2225.2134553295436,4.641027260021525,1.373234E-4,18.949743,0.7287311,0.41324136,0.03919319,0.1820011,0.14581692,0.4318891,0.7256707,0.8222178,0.08215324,0.08429521,0.083894245,0.13149442,0.14878942,null,null,null,null,"TWOGAUSSIANS",8,33.660583,0.41324136,0.039145414,0.4,0.0,0.38247952,0.051887434,0.8222178,0.08215324,0.4,0.30928108,0.11888404,0.13953154
375316653866487564,5863708331415799936,0.59094316,2218.945917811385,0.5338493354653068,1.0803429E-5,18.620806,0.004560327,0.63340026,0.003319076,0.03017489,0.0034417135,0.9715399,0.055085324,null,null,null,null,null,null,null,null,null,null,"ONEGAUSSIAN",5,3.618137,0.63340026,0.003319076,0.16897938,0.019273596,0.9715399,0.0,null,null,null,null,null,null
375316653866487564,5863708606369169408,0.4366603,2222.9786338538524,3.7067760672826897,5.9968304E-5,18.811577,0.03392878,0.08683248,0.03476474,0.049601085,0.021694435,0.06106164,0.032276075,0.5087323,0.01728615,0.1607018,0.03241054,0.28404102,0.042898443,null,null,null,null,"TWOGAUSSIANS",8,15.740348,0.5087323,0.01728615,0.4,0.0,0.27550092,0.040153604,0.09302248,0.04051393,0.27776608,0.12148884,0.062437154,0.030845476
375316653866487564,5863708675013302912,0.5415059,2198.9810265808374,2.998467622739112,1.7995737E-5,19.703999,0.009110802,0.2848557,0.012231771,0.055797383,0.009726494,0.8774134,0.13377342,0.78891397,0.0052169445,0.05830275,0.0048473477,0.61027634,0.04536864,null,null,null,null,"TWOGAUSSIANS",8,3.9567232,0.2848557,0.012231771,0.31246534,0.054468367,0.8773292,0.13374053,0.78891397,0.0052169445,0.3264954,0.027145147,0.6101921,0.04538319
375316653866487564,5863708778151375104,0.44561914,2238.137259471347,0.5771179660667494,1.6253563E-5,17.730556,0.002323501,0.15855049,0.028053727,0.033352673,0.0276942,0.047954254,0.7115234,0.65298814,0.0025129332,0.038353406,0.003253662,0.112810396,0.008953465,null,null,null,null,"TWOGAUSSIANS",8,4.3983364,0.65298814,0.0025129332,0.21477908,0.018220507,0.112810396,0.008953465,0.15855049,0.028053727,0.18677497,0.15508752,0.047954254,0.7115234
375316653866487564,5863708812451588864,0.4662568,2249.0843058250116,0.4365624548081679,8.883565E-6,19.906828,0.011068799,0.2199338,0.0041498365,0.043209314,0.005437585,0.30028626,0.02179485,0.70220995,0.005482932,0.04385628,0.008517907,0.35701454,0.1441168,null,null,null,null,"TWOGAUSSIANS",8,2.8748326,0.70220995,0.005482932,0.24559519,0.04770028,0.35701454,0.14411695,0.2199338,0.0041498365,0.24197215,0.030450476,0.30028623,0.021794856
375316653866487564,5863708915530209408,0.48349527,2257.767235991586,1.2906855584806853,3.180897E-5,18.866238,0.03279323,0.269644,0.0059003155,0.102724,0.017262906,0.16763419,0.03136918,0.75670415,0.01042322,0.10538453,0.027083494,0.12726857,0.030359725,null,null,null,null,"TWOGAUSSIANS",8,2.6677957,0.26965398,0.0058955713,0.4,0.0,0.1536867,0.012271636,0.75670415,0.01042322,0.4,0.0,0.11332008,0.016750481
375316653866487564,5863708915530233344,0.5732436,2201.540851457452,0.6568127360724743,9.600318E-6,19.595423,0.003305127,0.21482459,0.005070975,0.028413696,0.002354457,0.5282809,0.04188167,0.4360211,0.034652084,0.022485292,0.02270028,0.039839514,0.010808897,null,null,null,null,"TWOGAUSSIANS",8,0.66922474,0.21482459,0.005070975,0.1591167,0.013184959,0.5282809,0.04188212,0.4360211,0.034652084,0.12591763,0.12712157,0.039839514,0.010808897
375316653866487564,5863708949889996160,0.4797947,2220.7015340070625,2.7890753842194993,1.344967E-5,19.393734,0.035539504,0.25470468,0.0045993254,0.083742715,0.014032956,0.2903361,0.02787654,0.7540482,0.0058860946,0.108861014,0.018466497,0.32825437,0.03462643,null,null,null,null,"TWOGAUSSIANS",8,2.631022,0.7540482,0.0058860946,0.4,0.0,0.30722013,0.03715606,0.25470468,0.0045993254,0.4,0.0,0.26931912,0.024409374
375316653866487564,5863708984249669632,0.57579327,2244.103653593999,2.076983754502665,7.882359E-6,17.834631,0.0070850495,0.23675855,0.00236265,0.08924925,0.0035698465,0.26761484,0.008229372,0.7483335,0.0032648337,0.093987346,0.004399577,0.2593914,0.008574628,null,null,null,null,"TWOGAUSSIANS",8,3.2494226,0.23675855,0.00236265,0.4,0.0,0.25692943,0.006977329,0.7483335,0.0032648337,0.4,0.0,0.24870563,0.0071103456
375316653866487564,5863708984309806464,0.49486285,2221.2790146052703,2.6353836254289282,1.9842759E-5,19.68662,0.032368246,0.2838481,0.0065399776,0.08056321,0.0103869075,0.51755106,0.034719188,0.7776437,0.0075939894,0.069835484,0.009386768,0.5360818,0.063107684,null,null,null,null,"TWOGAUSSIANS",8,5.972107,0.7776437,0.0075939894,0.3910787,0.045024857,0.5324434,0.06314363,0.2838481,0.0065399776,0.4,0.0,0.5139127,0.032527775
375316653866487564,5863709117393001600,0.56482023,2239.958797050625,2.1766261269444125,7.4045474E-6,18.04672,0.010120178,0.26086143,0.001877814,0.086908944,0.0034936299,0.34266144,0.011461723,0.7663366,0.002151615,0.083339505,0.0036388212,0.32972133,0.010379433,null,null,null,null,"TWOGAUSSIANS",8,3.9390671,0.26086143,0.001877814,0.4,0.0,0.3344685,0.010342435,0.7663366,0.002151615,0.4,0.0,0.32152846,0.008968589
375316653866487564,5863709121688692224,0.61837375,2238.178043891647,2.2754511931337005,5.7382836E-6,17.613018,0.026762255,0.18633021,0.0011924104,0.059259586,0.0060022967,0.39699587,0.051037904,0.6945836,0.008500268,0.066152446,0.008562983,0.26473355,0.06460373,0.086094216,0.029187948,0.18633021,0.0011924104,"TWOGAUSSIANS_WITH_ELLIPSOIDAL_ON_ECLIPSE1",9,7.1318016,0.18633021,0.0011924104,0.3318537,0.033612862,0.56899977,0.012602665,0.6945836,0.008500268,0.37045372,0.047952708,0.43627483,0.03364255
375316653866487564,5863709156108539520,0.592668,2250.021951348716,1.3688438819068236,5.2947607E-6,16.442623,0.005489694,0.23385087,7.8541593E-4,0.046079673,0.0017303037,0.38785765,0.0155796,0.7342716,0.0034550342,0.041625995,0.007865936,0.1760999,0.033729367,0.03377438,0.01119378,0.23385087,7.8541593E-4,"TWOGAUSSIANS_WITH_ELLIPSOIDAL_ON_ECLIPSE1",9,30.789608,0.23385087,7.8541593E-4,0.25804618,0.009689701,0.4554062,0.012340423,0.7342716,0.003426274,0.23310558,0.04404924,0.24364798,0.04244513
375316653866487564,5863709774524001024,0.5465541,2242.141976418322,3.4854456647532337,1.1991232E-5,19.956268,0.017417178,0.2680744,0.0042385794,0.04771587,0.006230797,0.5513727,0.1386056,0.7499722,0.006342281,0.037959147,0.0053363387,0.4389347,0.056045726,0.13092494,0.022398287,0.2680744,0.0042385794,"TWOGAUSSIANS_WITH_ELLIPSOIDAL_ON_ECLIPSE1",9,1.8646746,0.2680744,0.0042385794,0.26720887,0.034892462,0.81322193,0.14085269,0.7511122,0.005972819,0.21257122,0.029883496,0.6976231,0.03441245
375316653866487564,5863709912022998272,0.556008,2246.1834334275654,0.03828324770269033,5.1472316E-6,17.439878,0.0011946056,0.2441764,1.1276062E-5,0.0014671455,1.3144803E-5,0.26326525,0.0013106718,0.44610873,0.0061128843,0.022922803,0.0066790697,0.05150302,0.10419326,null,null,null,null,"TWOGAUSSIANS",8,2.6783607,0.2441764,1.1276062E-5,0.008216015,7.36109E-5,0.26326525,0.0013106718,0.44610873,0.0061128843,0.12836769,0.03740279,0.05150302,0.10419326
375316653866487564,5863711183333179904,0.612173,2239.420855056391,0.1806249421388114,1.1364715E-5,17.18154,0.0035952614,0.7101394,8.6522085E-4,0.019877648,0.0011419071,0.38965145,0.010326352,null,null,null,null,null,null,0.030643208,0.004927497,0.7101394,8.6522085E-4,"ONEGAUSSIAN_WITH_ELLIPSOIDAL",6,4.7238507,0.7101394,8.6522085E-4,0.111314826,0.0063946797,0.4509378,0.00752588,null,null,null,null,null,null
375316653866487564,5863711694407453184,0.439353,2202.6813320923775,0.0823770732845708,3.7175334E-5,19.630192,0.013329442,0.10908406,0.004337381,0.052118577,0.005758659,0.24977458,0.025561413,0.46809795,0.009307752,0.03166894,0.011889404,1.0169369,8.847192,null,null,null,null,"TWOGAUSSIANS",8,3.3785872,0.46809795,0.009307752,0.17734605,0.06658066,1.0169369,8.847192,0.10908406,0.004337381,0.29186404,0.03224849,0.24977458,0.025561413
375316653866487564,5863711767389831168,0.5197374,2217.415823155542,2.7182373482615554,1.6637923E-5,18.974072,0.0105220955,0.2660456,0.004700211,0.08621636,0.011150898,0.2990416,0.022871507,0.7692402,0.006880027,0.08673702,0.007955249,0.2823886,0.012186846,null,null,null,null,"TWOGAUSSIANS",8,3.115908,0.2660456,0.004700211,0.4,0.0,0.29060447,0.026827063,0.7692402,0.006880027,0.4,0.0,0.27395147,0.009706446
375316653866487564,5863711870528227456,0.54921716,2248.5414603271674,0.5405217051854335,2.182107E-5,18.801996,0.004096342,0.23368374,0.004273865,0.03335185,0.002361765,0.59358823,0.06364882,0.7426602,0.0104610175,0.02511227,0.006905554,0.076223165,0.013087609,null,null,null,null,"TWOGAUSSIANS",8,2.4034894,0.23368374,0.004273865,0.18677036,0.013225883,0.59358823,0.06364882,0.7426602,0.0104610175,0.14062871,0.038671102,0.076223165,0.013087609
