Gaia/vari_eclipsing_binary/VariEclipsingBinary_724205-725020.csv
# %ECSV 1.0
# ---
# delimiter: ','
# meta: !!omap
# - RELEASE: Gaia DR3
# - TABLE: vari_eclipsing_binary
# - DESCRIPTION: >
#     This table describes the properties of the eclipsing binaries resulting from the variability analysis. 
# - CITATION: >
#     How to cite and acknowledge Gaia: 
#     https://gea.esac.esa.int/archive/documentation/credits.html 
# - KNOWN_ISSUES: >
#     Known issues: 
#     https://www.cosmos.esa.int/web/gaia-users/known-issues 
# - DOCUMENTATION: >
#     Tutorials and documentation: 
#     https://www.cosmos.esa.int/web/gaia-users/archive 
# datatype:
# - 
#   name: solution_id
#   datatype: int64
#   description: Solution Identifier
#   meta:
#     ucd: meta.version
# - 
#   name: source_id
#   datatype: int64
#   description: Unique source identifier
#   meta:
#     ucd: meta.id;meta.main
# - 
#   name: global_ranking
#   datatype: float32
#   description: Number between 0 (worst) and 1 (best)
#   meta:
#     ucd: stat.param
# - 
#   name: reference_time
#   datatype: float64
#   unit: d
#   description: Reference time used for the geometric model fit
#   meta:
#     ucd: time.epoch
# - 
#   name: frequency
#   datatype: float64
#   unit: d**-1
#   description: Frequency of geometric model of the eclipsing binary light curve
#   meta:
#     ucd: src.orbital
# - 
#   name: frequency_error
#   datatype: float32
#   unit: d**-1
#   description: "Uncertainty of \\texttt{frequency}"
#   meta:
#     ucd: stat.error
# - 
#   name: geom_model_reference_level
#   datatype: float32
#   unit: mag
#   description: Magnitude reference level of geometric model
#   meta:
#     ucd: phot.mag;em.opt
# - 
#   name: geom_model_reference_level_error
#   datatype: float32
#   unit: mag
#   description: "Uncertainty of \\texttt{geomModelReferenceLevel}"
#   meta:
#     ucd: stat.error;phot.mag;em.opt
# - 
#   name: geom_model_gaussian1_phase
#   datatype: float32
#   description: Phase of the Gaussian 1 component
#   meta:
#     ucd: time.phase
# - 
#   name: geom_model_gaussian1_phase_error
#   datatype: float32
#   description: "Uncertainty of \\texttt{geomModelGaussian1Phase}"
#   meta:
#     ucd: stat.error;time.phase
# - 
#   name: geom_model_gaussian1_sigma
#   datatype: float32
#   description: "Standard deviation [phase] of Gaussian 1 component"
#   meta:
#     ucd: stat.stdev
# - 
#   name: geom_model_gaussian1_sigma_error
#   datatype: float32
#   description: "Uncertainty of \\texttt{geomModelGaussian1Sigma}"
#   meta:
#     ucd: stat.error
# - 
#   name: geom_model_gaussian1_depth
#   datatype: float32
#   unit: mag
#   description: Magnitude depth of Gaussian 1 component
#   meta:
#     ucd: src.var.amplitude
# - 
#   name: geom_model_gaussian1_depth_error
#   datatype: float32
#   unit: mag
#   description: "Uncertainty of \\texttt{geomModelGaussian1Depth}"
#   meta:
#     ucd: stat.error;src.var.amplitude
# - 
#   name: geom_model_gaussian2_phase
#   datatype: float32
#   description: Phase of Gaussian 2 component
#   meta:
#     ucd: time.phase
# - 
#   name: geom_model_gaussian2_phase_error
#   datatype: float32
#   description: "Uncertainty of \\texttt{geomModelGaussian2Phase}"
#   meta:
#     ucd: stat.error;time.phase
# - 
#   name: geom_model_gaussian2_sigma
#   datatype: float32
[...]
#   datatype: float32
#   description: "Secondary eclipse: uncertainty of \\texttt{derivedSecondaryEclDuration}"
#   meta:
#     ucd: stat.error;time.duration
# - 
#   name: derived_secondary_ecl_depth
#   datatype: float32
#   unit: mag
#   description: "Secondary eclipse: depth"
#   meta:
#     ucd: src.var.amplitude
# - 
#   name: derived_secondary_ecl_depth_error
#   datatype: float32
#   unit: mag
#   description: "Secondary eclipse: uncertainty of \\texttt{derivedSecondaryEclDepth}"
#   meta:
#     ucd: stat.error;src.var.amplitude
solution_id,source_id,global_ranking,reference_time,frequency,frequency_error,geom_model_reference_level,geom_model_reference_level_error,geom_model_gaussian1_phase,geom_model_gaussian1_phase_error,geom_model_gaussian1_sigma,geom_model_gaussian1_sigma_error,geom_model_gaussian1_depth,geom_model_gaussian1_depth_error,geom_model_gaussian2_phase,geom_model_gaussian2_phase_error,geom_model_gaussian2_sigma,geom_model_gaussian2_sigma_error,geom_model_gaussian2_depth,geom_model_gaussian2_depth_error,geom_model_cosine_half_period_amplitude,geom_model_cosine_half_period_amplitude_error,geom_model_cosine_half_period_phase,geom_model_cosine_half_period_phase_error,model_type,num_model_parameters,reduced_chi2,derived_primary_ecl_phase,derived_primary_ecl_phase_error,derived_primary_ecl_duration,derived_primary_ecl_duration_error,derived_primary_ecl_depth,derived_primary_ecl_depth_error,derived_secondary_ecl_phase,derived_secondary_ecl_phase_error,derived_secondary_ecl_duration,derived_secondary_ecl_duration_error,derived_secondary_ecl_depth,derived_secondary_ecl_depth_error
[from data line 283]
375316653866487564,6375813461251159808,0.602441,2204.002255610977,3.888567359660494,4.60582E-6,18.4375,0.009936193,0.23149717,0.002351549,0.047726758,0.005216524,0.22712056,0.030723196,0.7305323,0.0025356507,0.054090764,0.00412679,0.394881,0.025360003,0.113135345,0.01554302,0.23149717,0.002351549,"TWOGAUSSIANS_WITH_ELLIPSOIDAL_ON_ECLIPSE1",9,4.5005493,0.7306423,0.0022754783,0.30290827,0.023110023,0.6211343,0.022655938,0.23149717,0.002351549,0.26726985,0.029212534,0.45338115,0.019344317
375316653866487564,6375824460664400384,0.583428,2227.0867636380995,3.687006173447249,6.7617448E-6,16.409077,0.010832659,0.23246649,0.0021580395,0.04975059,0.0037446935,0.24417101,0.026670542,0.73736215,0.0022860104,0.055601634,0.004647653,0.32111725,0.028072698,0.08714293,0.012669982,0.23246649,0.0021580395,"TWOGAUSSIANS_WITH_ELLIPSOIDAL_ON_ECLIPSE1",9,40.27859,0.73736215,0.0022860104,0.31136915,0.026026858,0.49522868,0.022909835,0.23246649,0.0021580395,0.2786033,0.020970283,0.4184473,0.010545361
375316653866487564,6375842392150540288,0.5799862,2187.2564294423796,3.1980854160717964,9.0973745E-6,15.059812,0.017068828,0.25843972,0.0052160765,0.061233148,0.013963076,0.13653514,0.03434992,0.7259972,0.005720436,0.06760317,0.009417433,0.21226741,0.03178863,0.08628518,0.017716011,0.25843972,0.0052160765,"TWOGAUSSIANS_WITH_ELLIPSOIDAL_ON_ECLIPSE1",9,94.81896,0.73329717,0.003905318,0.37857777,0.052737627,0.37926438,0.01665878,0.25843972,0.0052160765,0.3429056,0.078193225,0.30903706,0.006793071
375316653866487564,6375896405659924096,0.5890984,2205.235683682485,3.481340595253635,7.696613E-6,18.670631,0.010151917,0.17145535,0.0017444029,0.038828935,0.0040429113,0.35608336,0.028124368,0.66969585,0.004136266,0.048132394,0.004835505,0.33541518,0.03715491,0.1309938,0.015358265,0.17145535,0.0017444029,"TWOGAUSSIANS_WITH_ELLIPSOIDAL_ON_ECLIPSE1",9,3.967589,0.17145535,0.0017444029,0.21744205,0.022640303,0.6180704,0.021942992,0.66991585,0.0036209777,0.2695414,0.02707883,0.5973742,0.034306273
375316653866487564,6375930838412592384,0.46901384,2218.683168650496,0.2492381540269381,1.7445293E-5,19.643984,0.004558476,0.19468948,0.0014161861,0.007473,0.0010407805,0.43752488,0.056962136,0.83357334,0.0121609885,0.030744113,0.015613978,0.63819444,2.1079738,null,null,null,null,"TWOGAUSSIANS",8,2.0167048,0.83357334,0.0121609885,0.17216703,0.08743827,0.63819444,2.1079738,0.19468948,0.0014161861,0.041848797,0.0058283703,0.43752488,0.056962136
375316653866487564,6375932036708747904,0.5342375,2212.8425608809703,2.2665166090720654,1.2210369E-5,19.162012,0.0072700637,0.18330976,0.0019431114,0.029551283,0.0017974873,0.65606827,0.025854496,0.68233454,0.00530604,0.057732146,0.008745841,0.17230721,0.020823,null,null,null,null,"TWOGAUSSIANS",8,3.9423294,0.18330976,0.0019431114,0.16548719,0.010065928,0.65606827,0.02585449,0.68233454,0.00530604,0.3233,0.04897671,0.17230716,0.020823093
375316653866487564,6375953034804979200,0.49916682,2217.4202513716696,2.5256253805964484,1.3812242E-5,17.429066,0.047217675,0.2150993,0.0031705853,0.03520456,0.0069745043,0.33616668,0.064871736,0.7079755,0.065907076,0.024645532,0.111890934,0.047189854,0.0468691,0.020560391,0.022130346,0.7079755,0.065907076,"TWOGAUSSIANS_WITH_ELLIPSOIDAL_ON_ECLIPSE2",9,40.970924,0.21501932,0.0030865266,0.19714554,0.039057225,0.37720612,0.028507946,0.7079755,0.065907076,0.13801499,0.26205894,0.08831064,0.015699292
375316653866487564,6375963166631979008,0.48702005,2220.7337106865725,3.171347086228244,1.956326E-5,18.38148,0.005727977,0.36373875,0.012615354,0.04633676,0.011938681,0.15991598,0.017020153,0.84778136,0.0063645737,0.04812961,0.0077540874,0.23028943,0.031036673,null,null,null,null,"TWOGAUSSIANS",8,6.060513,0.84778136,0.0063645737,0.26952583,0.04342289,0.2302893,0.031036781,0.36373875,0.012615354,0.25948584,0.066856615,0.15991586,0.017020257
375316653866487564,6375966778700355712,0.57933784,2195.0977501246603,3.588967867813579,4.696662E-6,16.149977,0.01474067,0.20736909,0.0024142826,0.08089829,0.00656356,0.3138029,0.010611497,0.7176445,0.0014884581,0.07693295,0.0041223783,0.3731876,0.011720366,null,null,null,null,"TWOGAUSSIANS",8,35.410847,0.7176445,0.0014884581,0.4,0.0,0.36952096,0.01003583,0.20736909,0.0024142826,0.4,0.0,0.31013626,0.010018472
375316653866487564,6375977773814702336,0.4589632,2192.521368060121,4.106014104683907,1.4907073E-5,16.270046,1.2395754,0.27585447,0.0058529177,0.14293087,0.16259098,0.29777613,1.1982954,0.7646881,0.009225918,0.12905358,0.07550634,0.29861203,0.93967825,null,null,null,null,"TWOGAUSSIANS",8,12.293269,0.7646881,0.009225918,0.4,0.0,0.1981759,0.0058138417,0.27607447,0.0039758305,0.4,0.0,0.1963301,0.013316557
375316653866487564,6375978151773688704,0.56952256,2183.688576010221,3.1852575559159284,1.1088126E-5,17.347256,0.024959957,0.21500517,0.0064515844,0.040404454,0.01261543,0.119421855,0.055898834,0.69576555,0.0040607424,0.04702011,0.006325724,0.4687979,0.04430341,0.13437328,0.028495757,0.21500517,0.0064515844,"TWOGAUSSIANS_WITH_ELLIPSOIDAL_ON_ECLIPSE1",9,37.76183,0.6975056,0.003354974,0.2633126,0.035424057,0.7339875,0.020898588,0.21500517,0.0064515844,0.22626494,0.070646405,0.38816836,0.016085465
375316653866487564,6375986982226406528,0.5490899,2220.790857953516,1.4256016864184846,6.777777E-6,17.974266,0.006778625,0.3542155,0.014658837,0.021883637,0.012687983,0.93772125,7.5484304,0.847588,8.581655E-4,0.024815047,0.0016673224,0.3783667,0.03266297,0.023492267,0.017403351,0.3542155,0.014658837,"TWOGAUSSIANS_WITH_ELLIPSOIDAL_ON_ECLIPSE1",9,17.32552,0.3542155,0.014658837,0.122548364,0.0710527,0.98470575,7.54847,0.847628,8.3200104E-4,0.13896427,0.009337005,0.4252703,0.03316803
375316653866487564,6375997835607915008,0.47316992,2247.250593475155,2.305837066092109,8.465814E-6,17.000189,0.0017345183,0.1655997,0.002013884,0.027720265,0.0023629994,0.06972375,0.005368308,0.6543386,0.015238567,0.060439702,0.029344918,0.02199419,0.007972812,null,null,null,null,"TWOGAUSSIANS",8,2.891531,0.1655997,0.002013884,0.15523349,0.013232796,0.06972375,0.0053683,0.6543386,0.015238567,0.33846232,0.15817279,0.021994188,0.007972897
375316653866487564,6376060370330683008,0.56789345,2241.66621242781,1.4341858508070768,4.8849843E-6,18.049105,0.005230132,0.28804076,0.0015909796,0.030112108,0.0021008353,0.8775959,0.08143235,0.78647715,0.0032061464,0.02769138,0.003447872,0.23090103,0.015048076,0.049832024,0.011634212,0.28804076,0.0015909796,"TWOGAUSSIANS_WITH_ELLIPSOIDAL_ON_ECLIPSE1",9,12.983704,0.28804076,0.0015909796,0.1686278,0.011764678,0.97725993,0.085978426,0.78651714,0.0031463655,0.15507172,0.019308083,0.3305557,0.014051442
375316653866487564,6376078340474410496,0.506281,2213.1356943087253,3.9943228839818326,1.5537807E-5,17.86711,0.011031689,0.26497674,0.0042804596,0.081980154,0.0067026066,0.19691008,0.011221709,0.75353724,0.007973814,0.105929,0.010877256,0.18276723,0.0118447635,null,null,null,null,"TWOGAUSSIANS",8,7.4884925,0.26497674,0.0042838464,0.4,0.0,0.1877109,0.0070984936,0.75353724,0.007973814,0.4,0.0,0.17356208,0.009458462
375316653866487564,6376083430012224768,0.6262741,2208.550422798283,2.066689536351643,6.9454995E-6,13.217349,0.0072049447,0.24149175,0.003100929,0.032256678,0.0065638865,0.12466618,0.018975293,0.74717855,0.0013638594,0.046916645,0.0016940971,0.6393162,0.024249926,0.10150085,0.010642828,0.24149175,0.003100929,"TWOGAUSSIANS_WITH_ELLIPSOIDAL_ON_ECLIPSE1",9,428.10666,0.74717855,0.0013638594,0.26273322,0.0094869435,0.84205866,0.02082422,0.24149175,0.003100929,0.18063739,0.036757763,0.32766765,0.009000752
375316653866487564,6376141734192224384,0.5570299,2226.3894464988593,3.448823128568359,7.2363896E-6,18.829277,0.0048215464,0.2850138,0.0042484677,0.07940809,0.004956511,0.2924807,0.018428583,0.7839393,0.002760044,0.07120434,0.003572526,0.27472025,0.012865058,null,null,null,null,"TWOGAUSSIANS",8,1.4890072,0.2850138,0.0042484677,0.4,0.0,0.2902409,0.018853255,0.7839393,0.002760044,0.39874431,0.010869137,0.2724805,0.013116668
375316653866487564,6376186887182622208,0.50838476,2216.477708294646,1.370328838965828,1.9371639E-5,18.155176,0.0018250593,0.2864739,0.0044053667,0.019757941,0.01178556,0.059336524,0.022222938,0.77062696,0.0045961533,0.019575244,0.0030483308,0.055235468,0.0059649264,0.034448784,0.0030867627,0.2864739,0.0044053667,"TWOGAUSSIANS_WITH_ELLIPSOIDAL_ON_ECLIPSE1",9,1.7703577,0.2864739,0.0044053667,0.110644475,0.065999135,0.12823407,0.022990495,0.77119696,0.00458899,0.10962136,0.017070651,0.12347676,0.005066599
375316653866487564,6376192174287091968,0.4819304,2218.5811610041396,3.389067713151051,1.613197E-5,18.217535,0.85059977,0.21279722,0.005062405,0.10766633,0.041948244,0.4694641,0.4977405,0.70790833,0.008633227,0.16927364,0.22221836,0.33388174,0.840124,null,null,null,null,"TWOGAUSSIANS",8,13.355712,0.21308722,0.0041989493,0.4,0.0,0.34094694,0.022909371,0.70790833,0.008633227,0.4,0.0,0.19684342,0.024954027
375316653866487564,6376200184401383424,0.533531,2173.577887548581,3.922562323944384,1.2272592E-5,16.298483,0.01990892,0.17258106,0.0032681215,0.094132476,0.012536385,0.2675485,0.015904535,0.65484416,0.0031324567,0.09401741,0.00929107,0.314473,0.01685916,null,null,null,null,"TWOGAUSSIANS",8,38.388935,0.65484416,0.0031324567,0.4,0.0,0.3013199,0.013762738,0.17258106,0.0032681215,0.4,0.0,0.25439546,0.02067924
375316653866487564,6376202039829020288,0.47157782,2242.0200896852816,2.925676777371026,1.2072864E-5,17.214357,0.005093841,0.27710667,0.06774022,0.022996834,0.09572891,0.048408218,3411.2896,0.7966303,0.0030154479,0.0048392094,0.0034245932,0.46088,460.10114,null,null,null,null,"TWOGAUSSIANS",8,28.534668,0.7966303,0.0030154479,0.027099572,0.019177722,0.46088,460.10114,0.27710667,0.06774022,0.12878226,0.29102108,0.048408218,3411.2896
375316653866487564,6376340784452844800,0.55339134,2245.7958853635673,0.7543583213876779,1.2754724E-5,18.08401,0.0020338446,0.38048217,0.008883727,0.009246337,0.0075954073,0.6265419,0.47115377,0.67039245,2.5806262E-4,0.0012542607,1.3111815E-4,0.054624386,0.00686767,null,null,null,null,"TWOGAUSSIANS",8,2.7380676,0.38048217,0.008883727,0.05177949,0.04253428,0.6265419,0.47115377,0.67039245,2.5806262E-4,0.0070238593,7.3426164E-4,0.054624386,0.00686767
375316653866487564,6376368959438364160,0.54839146,2212.2197859994767,2.8308860285915194,8.476427E-6,12.559967,0.011021631,0.2866607,0.0028451632,0.094799794,0.0064005028,0.256622,0.011298094,0.77162516,0.0041317632,0.09390121,0.007634761,0.21469523,0.0114112655,null,null,null,null,"TWOGAUSSIANS",8,511.25153,0.2866607,0.0028451632,0.4,0.0,0.24530022,0.010117043,0.77162516,0.0041317632,0.4,0.0,0.20337369,0.009129518
375316653866487564,6376406888292038144,0.70704895,2206.696372544362,1.5787441807740448,3.273546E-6,10.972265,0.004543307,0.24353471,0.0022202479,0.051431376,0.00636077,0.08995555,0.018311651,0.7422044,6.965459E-4,0.04330367,7.8789704E-4,0.78519046,0.01516183,0.06909668,0.005947142,0.24353471,0.0022202479,"TWOGAUSSIANS_WITH_ELLIPSOIDAL_ON_ECLIPSE1",9,87.730835,0.7422344,6.6655735E-4,0.24250054,0.0044122236,0.92337364,0.015336307,0.24353471,0.0022202479,0.28801572,0.035620313,0.22814818,0.011990061
375316653866487564,6376432589376918016,0.6480656,2192.3073210969724,1.3919656825767317,2.1687827E-6,17.526644,0.0025022742,0.2891546,8.091138E-4,0.031131187,7.406996E-4,0.5800488,0.023002049,0.7885905,9.5503865E-4,0.032172784,0.0012889756,0.45246375,0.018287314,0.048003998,0.0038398767,0.2891546,8.091138E-4,"TWOGAUSSIANS_WITH_ELLIPSOIDAL_ON_ECLIPSE1",9,2.1994727,0.2891546,8.091138E-4,0.17433465,0.004147918,0.67605674,0.02335747,0.78860044,9.4315724E-4,0.18016759,0.0072182636,0.5484705,0.01978595
375316653866487564,6376487500536015360,0.5295646,2198.9807665872486,0.09160610460767037,7.3036476E-6,13.677427,0.10952898,0.2913193,0.0026159128,0.14788821,0.013828761,0.41496283,0.08739715,0.78401464,0.003322424,0.31890586,0.022841271,0.87924993,0.10558753,null,null,null,null,"TWOGAUSSIANS",8,93.13453,0.2959693,0.0032618097,0.4,0.0,0.13674933,0.008249281,0.78401464,0.003322424,0.4,0.0,0.10187572,0.0073499647
375316653866487564,6376520039208183808,0.46645668,2241.167038790322,0.3901369267255168,5.6532874E-5,17.219814,0.005517009,0.31742316,0.0030204179,0.01185177,0.0040427474,1.33506,14.965326,0.8293286,0.23703706,0.096558765,0.18731536,0.021491922,1.54668186E9,null,null,null,null,"TWOGAUSSIANS",8,33.347275,0.31742316,0.0030204179,0.06636991,0.022639386,1.3350595,14.965327,0.8293286,0.23703706,0.4,0.74036247,0.021491282,1.54668186E9
375316653866487564,6376523028505443968,0.52314544,2227.8110661756346,2.6174088395139194,1.2891092E-5,16.980602,0.0043329466,0.26236847,0.0021963564,0.049534813,0.005942095,0.07416916,0.01613208,0.760575,0.0031731965,0.0116033,0.009753662,0.10794524,0.047712676,0.11812347,0.0063553886,0.26236847,0.0021963564,"TWOGAUSSIANS_WITH_ELLIPSOIDAL_ON_ECLIPSE1",9,27.952253,0.760615,0.00312813,0.06497848,0.054620508,0.34416246,0.05050157,0.26236847,0.0021963564,0.27739495,0.033275735,0.3104157,0.0130267525
375316653866487564,6376549927882878336,0.5856598,2217.803758984449,3.183111254990565,4.4816666E-6,18.87391,0.0037019786,0.26204744,0.0033662987,0.039803028,0.0027092306,0.38678792,0.013048951,0.7607085,8.870941E-4,0.035880826,9.079485E-4,0.7429502,0.022168932,null,null,null,null,"TWOGAUSSIANS",8,2.4675484,0.7607085,8.870941E-4,0.20093264,0.0050845114,0.7429502,0.022168932,0.26204744,0.0033662987,0.22289695,0.015171692,0.38678792,0.013048951
375316653866487564,6376550516295743488,0.5506404,2205.0665411977016,3.366878969118037,5.9733457E-6,16.877464,0.004403727,0.16796666,0.001589389,0.04511325,0.004426115,0.18689698,0.017191859,0.63589746,0.012661883,0.017489927,0.010085091,0.1292232,0.013652739,0.14357066,0.0069337296,0.16796666,0.001589389,"TWOGAUSSIANS_WITH_ELLIPSOIDAL_ON_ECLIPSE1",9,41.73135,0.16796666,0.001589389,0.2526342,0.024786247,0.47403824,0.016803106,0.6374975,0.009389708,0.0979436,0.05647651,0.4054289,0.009083283
375316653866487564,6376555292299457152,0.4486544,2199.6696543772655,0.24472367767835423,4.4432018E-5,14.740821,0.007584932,0.11075994,0.006614249,0.04080352,0.005952883,0.24325387,0.022699606,0.774633,0.0037359053,0.009515389,0.002897874,0.44114947,0.04502649,0.011500775,0.00900918,0.774633,0.0037359053,"TWOGAUSSIANS_WITH_ELLIPSOIDAL_ON_ECLIPSE2",9,1200.7179,0.774633,0.0037359053,0.05328618,0.016228095,0.46415102,0.045283124,0.11163995,0.0065175006,0.2284997,0.033336144,0.24941345,0.024490347
375316653866487564,6376562679643167104,0.53893906,2193.0978034139353,2.87275813807293,6.7644123E-6,15.998924,0.008545234,0.25653008,0.0038160076,0.043850522,0.019039236,0.04451869,0.018075574,0.74437594,0.0046621864,0.051552285,0.013080786,0.0568889,0.016819624,0.06088347,0.010905749,0.25653008,0.0038160076,"TWOGAUSSIANS_WITH_ELLIPSOIDAL_ON_ECLIPSE1",9,18.544926,0.74814594,0.002584375,0.2886928,0.0732524,0.1781651,0.0075286794,0.25653008,0.0038160076,0.24556293,0.10661972,0.1662844,0.009863494
375316653866487564,6376563362540631424,0.5510691,2252.826739068068,3.854261979933737,1.1223629E-5,17.661562,0.0068581663,0.23596112,0.0040115393,0.09215625,0.007311988,0.19365424,0.008055865,0.74027926,0.0024228187,0.09652997,0.004443919,0.20732637,0.006918972,null,null,null,null,"TWOGAUSSIANS",8,4.018757,0.74027926,0.0024228187,0.4,0.0,0.19605829,0.004852557,0.23596112,0.0040115393,0.4,0.0,0.18238662,0.007855286
375316653866487564,6376577626129299712,0.6100521,2211.2743350900387,1.9604893183178642,8.637409E-6,11.126701,0.011622917,0.2943824,0.0022348857,0.08928927,0.0053530815,0.377917,0.011979842,0.7946189,0.0031514256,0.09984913,0.0048702313,0.35152656,0.013860927,null,null,null,null,"TWOGAUSSIANS",8,175.47934,0.2943824,0.0022348857,0.4,0.0,0.35594633,0.013032972,0.7946189,0.0031514256,0.4,0.0,0.32955348,0.010395173
