Gaia/vari_eclipsing_binary/VariEclipsingBinary_669463-669486.csv
# %ECSV 1.0
# ---
# delimiter: ','
# meta: !!omap
# - RELEASE: Gaia DR3
# - TABLE: vari_eclipsing_binary
# - DESCRIPTION: >
#     This table describes the properties of the eclipsing binaries resulting from the variability analysis. 
# - CITATION: >
#     How to cite and acknowledge Gaia: 
#     https://gea.esac.esa.int/archive/documentation/credits.html 
# - KNOWN_ISSUES: >
#     Known issues: 
#     https://www.cosmos.esa.int/web/gaia-users/known-issues 
# - DOCUMENTATION: >
#     Tutorials and documentation: 
#     https://www.cosmos.esa.int/web/gaia-users/archive 
# datatype:
# - 
#   name: solution_id
#   datatype: int64
#   description: Solution Identifier
#   meta:
#     ucd: meta.version
# - 
#   name: source_id
#   datatype: int64
#   description: Unique source identifier
#   meta:
#     ucd: meta.id;meta.main
# - 
#   name: global_ranking
#   datatype: float32
#   description: Number between 0 (worst) and 1 (best)
#   meta:
#     ucd: stat.param
# - 
#   name: reference_time
#   datatype: float64
#   unit: d
#   description: Reference time used for the geometric model fit
#   meta:
#     ucd: time.epoch
# - 
#   name: frequency
#   datatype: float64
#   unit: d**-1
#   description: Frequency of geometric model of the eclipsing binary light curve
#   meta:
#     ucd: src.orbital
# - 
#   name: frequency_error
#   datatype: float32
#   unit: d**-1
#   description: "Uncertainty of \\texttt{frequency}"
#   meta:
#     ucd: stat.error
# - 
#   name: geom_model_reference_level
#   datatype: float32
#   unit: mag
#   description: Magnitude reference level of geometric model
#   meta:
#     ucd: phot.mag;em.opt
# - 
#   name: geom_model_reference_level_error
#   datatype: float32
#   unit: mag
#   description: "Uncertainty of \\texttt{geomModelReferenceLevel}"
#   meta:
#     ucd: stat.error;phot.mag;em.opt
# - 
#   name: geom_model_gaussian1_phase
#   datatype: float32
#   description: Phase of the Gaussian 1 component
#   meta:
#     ucd: time.phase
# - 
#   name: geom_model_gaussian1_phase_error
#   datatype: float32
#   description: "Uncertainty of \\texttt{geomModelGaussian1Phase}"
#   meta:
#     ucd: stat.error;time.phase
# - 
#   name: geom_model_gaussian1_sigma
#   datatype: float32
#   description: "Standard deviation [phase] of Gaussian 1 component"
#   meta:
#     ucd: stat.stdev
# - 
#   name: geom_model_gaussian1_sigma_error
#   datatype: float32
#   description: "Uncertainty of \\texttt{geomModelGaussian1Sigma}"
#   meta:
#     ucd: stat.error
# - 
#   name: geom_model_gaussian1_depth
#   datatype: float32
#   unit: mag
#   description: Magnitude depth of Gaussian 1 component
#   meta:
#     ucd: src.var.amplitude
# - 
#   name: geom_model_gaussian1_depth_error
#   datatype: float32
#   unit: mag
#   description: "Uncertainty of \\texttt{geomModelGaussian1Depth}"
#   meta:
#     ucd: stat.error;src.var.amplitude
# - 
#   name: geom_model_gaussian2_phase
#   datatype: float32
#   description: Phase of Gaussian 2 component
#   meta:
#     ucd: time.phase
# - 
#   name: geom_model_gaussian2_phase_error
#   datatype: float32
#   description: "Uncertainty of \\texttt{geomModelGaussian2Phase}"
#   meta:
#     ucd: stat.error;time.phase
# - 
#   name: geom_model_gaussian2_sigma
#   datatype: float32
[...]
#   datatype: float32
#   description: "Secondary eclipse: uncertainty of \\texttt{derivedSecondaryEclDuration}"
#   meta:
#     ucd: stat.error;time.duration
# - 
#   name: derived_secondary_ecl_depth
#   datatype: float32
#   unit: mag
#   description: "Secondary eclipse: depth"
#   meta:
#     ucd: src.var.amplitude
# - 
#   name: derived_secondary_ecl_depth_error
#   datatype: float32
#   unit: mag
#   description: "Secondary eclipse: uncertainty of \\texttt{derivedSecondaryEclDepth}"
#   meta:
#     ucd: stat.error;src.var.amplitude
solution_id,source_id,global_ranking,reference_time,frequency,frequency_error,geom_model_reference_level,geom_model_reference_level_error,geom_model_gaussian1_phase,geom_model_gaussian1_phase_error,geom_model_gaussian1_sigma,geom_model_gaussian1_sigma_error,geom_model_gaussian1_depth,geom_model_gaussian1_depth_error,geom_model_gaussian2_phase,geom_model_gaussian2_phase_error,geom_model_gaussian2_sigma,geom_model_gaussian2_sigma_error,geom_model_gaussian2_depth,geom_model_gaussian2_depth_error,geom_model_cosine_half_period_amplitude,geom_model_cosine_half_period_amplitude_error,geom_model_cosine_half_period_phase,geom_model_cosine_half_period_phase_error,model_type,num_model_parameters,reduced_chi2,derived_primary_ecl_phase,derived_primary_ecl_phase_error,derived_primary_ecl_duration,derived_primary_ecl_duration_error,derived_primary_ecl_depth,derived_primary_ecl_depth_error,derived_secondary_ecl_phase,derived_secondary_ecl_phase_error,derived_secondary_ecl_duration,derived_secondary_ecl_duration_error,derived_secondary_ecl_depth,derived_secondary_ecl_depth_error
[from data line 550]
375316653866487564,5888814648665480320,0.55060035,2095.4116010297057,1.1171539088927278,3.0689247E-5,19.664244,0.004552013,0.23850556,0.008660677,0.04975139,0.0055868207,0.14951958,0.01836545,0.74635404,0.002318133,0.052623052,0.002006896,0.4386408,0.024142383,null,null,null,null,"TWOGAUSSIANS",8,0.97796315,0.74635404,0.002318133,0.2946891,0.011238618,0.43863845,0.02414299,0.23850556,0.008660677,0.2786078,0.031286195,0.14951724,0.01836573
375316653866487564,5888814751769737600,0.59451723,2198.6585500316946,2.7406369146260143,1.1619663E-5,12.712073,0.031512175,0.32009363,0.0055747363,0.06898153,0.009993963,0.2732299,0.066572644,0.7988852,0.0054463493,0.06795668,0.007483836,0.25582322,0.06525161,0.0803769,0.03273275,0.32009363,0.0055747363,"TWOGAUSSIANS_WITH_ELLIPSOIDAL_ON_ECLIPSE1",9,441.9462,0.32009363,0.0055747363,0.38629657,0.043341126,0.43351865,0.02041356,0.80281526,0.003170453,0.3805574,0.041909482,0.41379732,0.011626403
375316653866487564,5888815438940872704,0.537908,2173.6924858223183,2.608234639219876,1.1471887E-5,18.80946,0.016883362,0.27259663,0.015396495,0.036895145,0.0051493156,0.38533625,0.107957706,0.7847232,0.019773208,0.036343705,0.012330611,0.58373,0.15372063,0.086957805,0.018783525,0.27259663,0.015396495,"TWOGAUSSIANS_WITH_ELLIPSOIDAL_ON_ECLIPSE1",9,4.693576,0.7847232,0.019773208,0.20352475,0.06905142,0.7566378,0.15121256,0.27259663,0.015396495,0.20661281,0.028836166,0.55925184,0.1357997
375316653866487564,5888816023056229632,0.548369,2084.4769872714282,3.267296957971809,3.33377E-5,19.807747,0.03882227,0.21096241,0.004933375,0.059147988,0.007229097,0.69201756,0.041191075,0.7056932,0.0060041924,0.06380729,0.0077200597,0.7927179,0.08568998,null,null,null,null,"TWOGAUSSIANS",8,3.6072953,0.7056932,0.0060041924,0.35732082,0.043232333,0.7923982,0.085674144,0.21096241,0.004933375,0.33122873,0.040482946,0.69169796,0.04053888
375316653866487564,5888817466166506624,0.5666068,2186.7787150374234,3.076377096224226,1.1667978E-5,17.790407,0.0047763437,0.31368074,0.011108752,0.08814335,0.008999913,0.23666514,0.027307728,0.7896497,0.0025718305,0.05955536,0.0036076305,0.5046564,0.012803531,null,null,null,null,"TWOGAUSSIANS",8,12.919227,0.7896497,0.0025718305,0.33351,0.02020273,0.5035075,0.0128478,0.31368074,0.011108752,0.4,0.0,0.23551616,0.02757572
375316653866487564,5888818119024530432,0.5192238,2173.2849644305793,0.5834416224791851,5.5550816E-5,19.054703,0.006388249,0.49670753,0.017254485,0.05171962,0.020229677,0.054220196,0.013279389,0.78824365,0.01938389,0.017206257,0.008039736,0.5140343,0.22232409,null,null,null,null,"TWOGAUSSIANS",8,3.406226,0.78824365,0.01938389,0.09635504,0.045022525,0.5140343,0.22232397,0.49670753,0.017254485,0.28962988,0.11328619,0.054220196,0.013279389
375316653866487564,5888820627262954112,0.42364582,2133.6691692438876,1.0300394972484463,3.758701E-5,19.75092,0.02219751,0.43866718,0.0032360773,0.01857684,0.008422821,0.5655887,9.828261,0.89166164,0.011902019,0.02820986,0.031398837,0.24791586,0.13215002,null,null,null,null,"TWOGAUSSIANS",8,6.596142,0.43866718,0.0032360773,0.104030296,0.047167797,0.5655887,9.828261,0.89166164,0.011902019,0.15797521,0.1758335,0.24791586,0.13215002
375316653866487564,5888820691659566080,0.4832874,2157.6166090477727,3.269544299981588,2.2857548E-5,16.695919,0.05102838,0.18321635,0.00940794,0.13413619,0.031968214,0.16023955,0.044475235,0.70888644,0.0063246633,0.12615772,0.022802802,0.15613952,0.047020197,null,null,null,null,"TWOGAUSSIANS",8,14.884796,0.18286635,0.008989836,0.4,0.0,0.11923841,0.011386498,0.7095164,0.0057572564,0.4,0.0,0.11536291,0.00782089
375316653866487564,5888820902170071552,0.57691216,2164.7700703395335,3.6648701101589127,1.0469249E-5,18.6465,0.015093143,0.21046287,0.003603883,0.046783794,0.0057225362,0.3467305,0.039516903,0.70521694,0.0017899956,0.041376285,0.007836339,0.52790904,0.093326434,0.044394147,0.021325119,0.21046287,0.003603883,"TWOGAUSSIANS_WITH_ELLIPSOIDAL_ON_ECLIPSE1",9,5.5105004,0.7053369,0.0017565072,0.2317072,0.043883495,0.6166028,0.11787327,0.21046287,0.003603883,0.26198924,0.032046203,0.43551853,0.027555447
375316653866487564,5888821108328496896,0.52465135,2139.5772642720885,2.98601026303085,1.1478756E-5,15.885127,0.33315206,0.2546132,0.0033577722,0.12891926,0.06646011,0.16206616,0.3128864,0.75334,0.0048221475,0.123673394,0.063253105,0.15580395,0.30383012,null,null,null,null,"TWOGAUSSIANS",8,12.9441,0.2546232,0.0033399586,0.4,0.0,0.117787026,0.0047747614,0.75334,0.0049916035,0.4,0.0,0.11161245,0.00552807
375316653866487564,5888821172697432960,0.5361641,2153.0369248691054,0.37141861154196665,1.4761601E-5,18.552156,0.0042507607,0.16707258,0.0020655778,0.013504812,0.0037270614,0.09003767,0.020247722,0.6737707,0.006403908,0.024988532,0.008272962,0.84196764,0.41950718,0.024176884,0.0061010327,0.16707258,0.0020655778,"TWOGAUSSIANS_WITH_ELLIPSOIDAL_ON_ECLIPSE1",9,3.5736177,0.6737707,0.006403908,0.13993578,0.046328586,0.8902358,0.422545,0.16707258,0.0020655778,0.07562695,0.020871544,0.13839139,0.021570286
375316653866487564,5888821829876398720,0.60472804,2146.8243391448486,1.5191726482484684,1.6670714E-5,13.264975,8.955579E-4,0.8298975,0.029013481,0.023038803,0.022454131,0.006792161,0.0032643557,0.38790816,7.215781E-5,0.00777731,9.78418E-5,0.26344785,6.4607407E-4,null,null,null,null,"TWOGAUSSIANS",8,29.755823,0.38790816,7.215781E-5,0.043552935,5.479141E-4,0.26344785,6.4607407E-4,0.8298975,0.029013481,0.1290173,0.12574314,0.006792161,0.0032643557
375316653866487564,5888821928606174848,0.4682058,2083.4404217311326,3.1515480684591424,5.1014937E-5,19.111153,0.04458151,0.26228976,0.010705204,0.081884995,0.031192496,0.18918127,0.039398026,0.7809858,0.016729595,0.112918764,0.026697826,0.19042917,0.043957368,null,null,null,null,"TWOGAUSSIANS",8,3.1133418,0.7809858,0.016729595,0.4,0.0,0.17962301,0.021666266,0.26226977,0.01067918,0.4,0.0013588178,0.17840171,0.032467257
375316653866487564,5888822169133556608,0.48961994,2146.512646747544,3.3539820462917245,5.1765182E-5,18.891245,0.044399075,0.19711421,0.007048329,0.09795549,0.01773821,0.24218336,0.042535957,0.6934701,0.013089519,0.113837175,0.03500078,0.18711758,0.03860692,null,null,null,null,"TWOGAUSSIANS",8,3.236171,0.19711421,0.007064153,0.4,0.0,0.2174405,0.014334484,0.6934701,0.013089519,0.4,0.0,0.16235137,0.015901914
375316653866487564,5888823032467375616,0.4045999,2176.756234976636,0.07871458175725575,2.525338E-5,16.844648,0.00902965,0.5583721,0.022831878,0.07718974,0.045166995,0.24156329,3.720477,0.8972436,0.003917745,0.033424255,0.008363312,0.037842263,0.009704729,null,null,null,null,"TWOGAUSSIANS",8,36.410442,0.5583721,0.022831878,0.4,0.1285975,0.24156329,3.720477,0.8972436,0.003917745,0.18717583,0.046834547,0.03785803,0.009685179
375316653866487564,5888823066827102464,0.5314809,2146.138585232322,2.1416899432819756,1.3269759E-5,18.920294,0.011798688,0.2778235,0.0029569275,0.07626885,0.0057787606,0.27689582,0.017693335,0.77766937,0.008636208,0.065744,0.014216528,0.31492695,0.049365044,null,null,null,null,"TWOGAUSSIANS",8,2.09292,0.77766937,0.008636208,0.3681664,0.0597818,0.3137405,0.05114666,0.2778235,0.0029569275,0.4,0.0,0.27570936,0.017120497
375316653866487564,5888823410424515200,0.5797608,2178.478835232928,0.21678648896032238,2.0568483E-5,13.481217,0.0016994616,0.2864667,0.012555017,0.031663068,0.046886478,0.051056117,0.054347206,0.78300095,0.0011366179,0.021347903,0.0012120293,0.162934,0.005745133,null,null,null,null,"TWOGAUSSIANS",8,28.914598,0.78300095,0.0011366179,0.11954825,0.0067873634,0.162934,0.005745129,0.2864667,0.012555017,0.17731316,0.23151614,0.051056117,0.05434725
375316653866487564,5888823715337002496,0.6468496,2146.500137011208,1.0879147346676639,8.354754E-6,18.071468,0.004609701,0.28641626,0.0045828037,0.066939086,0.0042928066,0.13262562,0.0070599415,0.78369224,0.0013110462,0.05262186,0.0010650358,0.75258327,0.005706658,null,null,null,null,"TWOGAUSSIANS",8,3.0399864,0.78369224,0.0013110462,0.2946824,0.0059642005,0.7525036,0.005688757,0.28641626,0.0045828037,0.37485886,0.024039717,0.13254598,0.007050931
375316653866487564,5888823818399939072,0.5583202,2121.4945869004723,2.891395674359364,1.6590491E-5,19.295769,0.029638754,0.31151524,0.004416065,0.07306598,0.0049281996,0.57689893,0.034405734,0.787413,0.0062512313,0.086381786,0.010104017,0.47496203,0.028223636,null,null,null,null,"TWOGAUSSIANS",8,3.6527772,0.31151524,0.004416065,0.4,0.0033009083,0.572242,0.03181152,0.787413,0.0062512313,0.4,0.0,0.47030497,0.025332171
375316653866487564,5888824063237134208,0.4971776,2146.944611109079,2.562093535616853,2.885334E-5,19.645897,0.07910451,0.29100934,0.025797918,0.058417927,0.02536213,0.25666097,0.21726033,0.80184895,0.011414996,0.023268668,0.043579668,0.17382832,0.16180836,0.16377334,0.094216526,0.80184895,0.011414996,"TWOGAUSSIANS_WITH_ELLIPSOIDAL_ON_ECLIPSE2",9,8.107317,0.29377934,0.019538285,0.3271404,0.12822327,0.5830645,0.1549507,0.80184895,0.011414996,0.13030455,0.24404614,0.50136155,0.08281078
375316653866487564,5888824402516700672,0.5272871,2088.7988846096555,3.2669897848451344,4.0431987E-5,19.609404,0.03206143,0.25507894,0.009777353,0.08860215,0.015677296,0.5084514,0.049066626,0.747351,0.0053744833,0.09169363,0.011938091,0.40994042,0.033113845,null,null,null,null,"TWOGAUSSIANS",8,2.055812,0.25507894,0.009777353,0.4,0.0,0.49118882,0.055291448,0.747351,0.0053744833,0.4,0.0,0.39267766,0.026283087
375316653866487564,5888824917909012608,0.512418,2158.8629276110023,0.5111310064215011,1.664668E-5,18.377853,0.003960154,0.31177512,0.0011435621,0.014943323,0.0014239353,0.2748197,0.020525886,0.51534045,0.02780745,0.022617124,0.027690541,0.061756097,0.07571568,null,null,null,null,"TWOGAUSSIANS",8,4.2445936,0.31177512,0.0011435621,0.08368261,0.007974038,0.2748197,0.020525878,0.51534045,0.02780745,0.12665589,0.15506703,0.061756097,0.07571568
375316653866487564,5888825403289469952,0.6182209,2129.75045533503,0.608723721565259,7.9620695E-5,19.084587,0.0045794393,0.21619739,0.037548292,0.039725,0.033662647,0.035997357,0.012779624,0.78787893,0.0111132115,0.009938665,0.008278356,1.4850155,1.0236797,0.039860144,0.00580802,0.78787893,0.0111132115,"TWOGAUSSIANS_WITH_ELLIPSOIDAL_ON_ECLIPSE2",9,1.4325875,0.78787893,0.0111132115,0.055656526,0.046358794,1.5647354,1.020506,0.2315774,0.0380316,0.22245999,0.18851084,0.10355096,0.010728514
375316653866487564,5888826262283048064,0.5108896,2132.7924683687943,0.4300334422362391,4.4758588E-5,17.472004,0.0061259316,0.2111781,0.0068649156,0.07812788,0.0086178705,0.13267504,0.010690596,0.7084969,0.007703891,0.073099464,0.010343358,0.052232623,0.008841333,null,null,null,null,"TWOGAUSSIANS",8,4.9976745,0.2111781,0.0068649156,0.4,0.0,0.13200732,0.01061057,0.7084969,0.007703891,0.4,0.023358718,0.051564906,0.008606766
375316653866487564,5888826464091252864,0.6072361,2146.6419023877093,2.8753238866358783,5.732667E-6,17.86278,0.018960608,0.25611195,0.004269606,0.044732068,0.006511509,0.32546344,0.04187492,0.75168705,0.005120217,0.04460123,0.0083025005,0.4902979,0.04967496,0.12459722,0.024860509,0.25611195,0.004269606,"TWOGAUSSIANS_WITH_ELLIPSOIDAL_ON_ECLIPSE1",9,9.105146,0.752017,0.004534271,0.2497669,0.046494,0.7393138,0.0514996,0.25611195,0.004269606,0.25049958,0.03646445,0.5746577,0.018053792
375316653866487564,5888826640240423040,0.6611359,2156.7038914588525,1.953450671617419,6.1744577E-6,16.391405,0.015950063,0.24697997,0.0020229688,0.057767168,0.0044029946,0.25137183,0.03353705,0.7461687,0.0018875437,0.06105314,0.0034952718,0.3825902,0.033127975,0.08428514,0.016879803,0.24697997,0.0020229688,"TWOGAUSSIANS_WITH_ELLIPSOIDAL_ON_ECLIPSE1",9,10.760482,0.7462587,0.0016071358,0.34189758,0.019573523,0.55105233,0.01291463,0.24697997,0.0020229688,0.32349616,0.024656769,0.41983783,0.008289404
375316653866487564,5888826983817817088,0.46206817,2170.9223169457064,4.238068503397303,2.9554849E-5,14.609708,0.011807918,0.3856701,0.01624991,0.06876799,0.018124608,0.06795398,0.013311706,0.7161909,0.005496478,0.06687977,0.007039664,0.23176001,0.06332498,null,null,null,null,"TWOGAUSSIANS",8,2.9391217,0.7161909,0.005496478,0.3745267,0.039422117,0.23175938,0.0633262,0.3856801,0.016258134,0.38510075,0.07831699,0.06795386,0.013307136
375316653866487564,5888827220005528448,0.50687146,2129.107961462477,2.5306102698290993,3.0655625E-5,18.641716,0.023763355,0.2511296,0.0060169403,0.08798718,0.012229938,0.34408575,0.022769483,0.74212766,0.007020299,0.08603663,0.009385929,0.34988135,0.022979576,null,null,null,null,"TWOGAUSSIANS",8,7.509682,0.74212766,0.007020299,0.4,0.0,0.3402523,0.014853361,0.2511296,0.0060169403,0.4,0.0,0.33445668,0.018905554
375316653866487564,5888827804121347584,0.4630182,2150.8544927644107,0.7177554952789348,2.5040288E-5,19.000828,0.0068088076,0.2715417,0.002627857,0.012491197,0.0024803523,0.16769198,0.029893186,0.4446172,0.048316274,0.11898957,0.0735423,0.05925015,0.023360655,null,null,null,null,"TWOGAUSSIANS",8,2.1447313,0.27177173,0.0026604324,0.06995071,0.013889973,0.18827586,0.032103125,0.4446172,0.048316274,0.4,0.029716268,0.05923279,0.023488859
375316653866487564,5888828117709063168,0.537404,2165.6064666135553,1.3612854471634739,9.053429E-6,18.626558,0.0070065316,0.28994516,0.004049283,0.0773757,0.0052053356,0.16273408,0.007903251,0.7852828,0.0046031037,0.082675375,0.004816985,0.27262598,0.011379617,null,null,null,null,"TWOGAUSSIANS",8,1.4874719,0.7852828,0.0046031037,0.4,0.0,0.2696891,0.010998664,0.28994516,0.004049283,0.4,0.0,0.15979722,0.007155673
375316653866487564,5888828285157744384,0.59551406,2161.129218339241,2.604239444760008,9.197623E-6,18.073458,0.010014485,0.31763634,0.0025781041,0.087371305,0.004220044,0.41605577,0.013654331,0.8226722,0.0036132575,0.094445184,0.0054865037,0.3730466,0.010092987,null,null,null,null,"TWOGAUSSIANS",8,2.6833653,0.31763634,0.0025781041,0.4,0.0,0.39947903,0.013747931,0.8226722,0.0036132575,0.4,0.0,0.35646933,0.007985489
375316653866487564,5888828456956433024,0.5162656,2153.5220871374713,2.7454604867936196,1.8405326E-5,17.551073,0.011727105,0.25757146,0.004252083,0.080535375,0.0060150153,0.26122388,0.015483773,0.7736676,0.004435531,0.08794237,0.0069228527,0.25834295,0.016560946,null,null,null,null,"TWOGAUSSIANS",8,14.443804,0.25757146,0.004252083,0.4,0.0,0.25646606,0.014887559,0.7736676,0.004435531,0.4,0.0,0.25358507,0.016085207
375316653866487564,5888828736164648960,0.51446986,2164.024990412236,2.6349508815483906,2.0916488E-5,18.899334,0.00865581,0.21251059,0.0044261753,0.08223598,0.0041598217,0.40358916,0.01940293,0.7188314,0.004543085,0.07737104,0.004811767,0.44802168,0.032377698,null,null,null,null,"TWOGAUSSIANS",8,4.8489532,0.7188314,0.004543085,0.4,0.0,0.44248328,0.032904156,0.21251059,0.0044261753,0.4,0.0,0.39805073,0.019221397
375316653866487564,5888829045402335104,0.5102118,2098.2923416874305,2.75143995914192,1.0059657E-4,19.317621,0.02621895,0.27747563,0.005751139,0.088185355,0.010884207,0.38220164,0.025973216,0.7750283,0.013921231,0.07114411,0.023060022,0.32588378,0.029972546,null,null,null,null,"TWOGAUSSIANS",8,4.2000036,0.27747563,0.005751139,0.4,0.0,0.37729868,0.022986373,0.7750283,0.013921231,0.398407,0.106580876,0.32098088,0.030014824
375316653866487564,5888829384683158016,0.52387077,2163.725027916889,4.289346039858932,3.5084817E-5,18.141533,0.0040901825,0.5036059,0.011872133,0.01618512,0.0057732714,0.4031918,0.11210058,0.79834324,9.277942E-4,0.017356612,7.954984E-4,0.28987178,0.004858943,null,null,null,null,"TWOGAUSSIANS",8,7.266621,0.5036059,0.011872133,0.09063667,0.03233032,0.4031918,0.11210058,0.79834324,9.277942E-4,0.097197026,0.0044547906,0.28987178,0.004858943
