Gaia/vari_eclipsing_binary/VariEclipsingBinary_490068-490103.csv
# %ECSV 1.0
# ---
# delimiter: ','
# meta: !!omap
# - RELEASE: Gaia DR3
# - TABLE: vari_eclipsing_binary
# - DESCRIPTION: >
#     This table describes the properties of the eclipsing binaries resulting from the variability analysis. 
# - CITATION: >
#     How to cite and acknowledge Gaia: 
#     https://gea.esac.esa.int/archive/documentation/credits.html 
# - KNOWN_ISSUES: >
#     Known issues: 
#     https://www.cosmos.esa.int/web/gaia-users/known-issues 
# - DOCUMENTATION: >
#     Tutorials and documentation: 
#     https://www.cosmos.esa.int/web/gaia-users/archive 
# datatype:
# - 
#   name: solution_id
#   datatype: int64
#   description: Solution Identifier
#   meta:
#     ucd: meta.version
# - 
#   name: source_id
#   datatype: int64
#   description: Unique source identifier
#   meta:
#     ucd: meta.id;meta.main
# - 
#   name: global_ranking
#   datatype: float32
#   description: Number between 0 (worst) and 1 (best)
#   meta:
#     ucd: stat.param
# - 
#   name: reference_time
#   datatype: float64
#   unit: d
#   description: Reference time used for the geometric model fit
#   meta:
#     ucd: time.epoch
# - 
#   name: frequency
#   datatype: float64
#   unit: d**-1
#   description: Frequency of geometric model of the eclipsing binary light curve
#   meta:
#     ucd: src.orbital
# - 
#   name: frequency_error
#   datatype: float32
#   unit: d**-1
#   description: "Uncertainty of \\texttt{frequency}"
#   meta:
#     ucd: stat.error
# - 
#   name: geom_model_reference_level
#   datatype: float32
#   unit: mag
#   description: Magnitude reference level of geometric model
#   meta:
#     ucd: phot.mag;em.opt
# - 
#   name: geom_model_reference_level_error
#   datatype: float32
#   unit: mag
#   description: "Uncertainty of \\texttt{geomModelReferenceLevel}"
#   meta:
#     ucd: stat.error;phot.mag;em.opt
# - 
#   name: geom_model_gaussian1_phase
#   datatype: float32
#   description: Phase of the Gaussian 1 component
#   meta:
#     ucd: time.phase
# - 
#   name: geom_model_gaussian1_phase_error
#   datatype: float32
#   description: "Uncertainty of \\texttt{geomModelGaussian1Phase}"
#   meta:
#     ucd: stat.error;time.phase
# - 
#   name: geom_model_gaussian1_sigma
#   datatype: float32
#   description: "Standard deviation [phase] of Gaussian 1 component"
#   meta:
#     ucd: stat.stdev
# - 
#   name: geom_model_gaussian1_sigma_error
#   datatype: float32
#   description: "Uncertainty of \\texttt{geomModelGaussian1Sigma}"
#   meta:
#     ucd: stat.error
# - 
#   name: geom_model_gaussian1_depth
#   datatype: float32
#   unit: mag
#   description: Magnitude depth of Gaussian 1 component
#   meta:
#     ucd: src.var.amplitude
# - 
#   name: geom_model_gaussian1_depth_error
#   datatype: float32
#   unit: mag
#   description: "Uncertainty of \\texttt{geomModelGaussian1Depth}"
#   meta:
#     ucd: stat.error;src.var.amplitude
# - 
#   name: geom_model_gaussian2_phase
#   datatype: float32
#   description: Phase of Gaussian 2 component
#   meta:
#     ucd: time.phase
# - 
#   name: geom_model_gaussian2_phase_error
#   datatype: float32
#   description: "Uncertainty of \\texttt{geomModelGaussian2Phase}"
#   meta:
#     ucd: stat.error;time.phase
# - 
#   name: geom_model_gaussian2_sigma
#   datatype: float32
[...]
#   datatype: float32
#   description: "Secondary eclipse: uncertainty of \\texttt{derivedSecondaryEclDuration}"
#   meta:
#     ucd: stat.error;time.duration
# - 
#   name: derived_secondary_ecl_depth
#   datatype: float32
#   unit: mag
#   description: "Secondary eclipse: depth"
#   meta:
#     ucd: src.var.amplitude
# - 
#   name: derived_secondary_ecl_depth_error
#   datatype: float32
#   unit: mag
#   description: "Secondary eclipse: uncertainty of \\texttt{derivedSecondaryEclDepth}"
#   meta:
#     ucd: stat.error;src.var.amplitude
solution_id,source_id,global_ranking,reference_time,frequency,frequency_error,geom_model_reference_level,geom_model_reference_level_error,geom_model_gaussian1_phase,geom_model_gaussian1_phase_error,geom_model_gaussian1_sigma,geom_model_gaussian1_sigma_error,geom_model_gaussian1_depth,geom_model_gaussian1_depth_error,geom_model_gaussian2_phase,geom_model_gaussian2_phase_error,geom_model_gaussian2_sigma,geom_model_gaussian2_sigma_error,geom_model_gaussian2_depth,geom_model_gaussian2_depth_error,geom_model_cosine_half_period_amplitude,geom_model_cosine_half_period_amplitude_error,geom_model_cosine_half_period_phase,geom_model_cosine_half_period_phase_error,model_type,num_model_parameters,reduced_chi2,derived_primary_ecl_phase,derived_primary_ecl_phase_error,derived_primary_ecl_duration,derived_primary_ecl_duration_error,derived_primary_ecl_depth,derived_primary_ecl_depth_error,derived_secondary_ecl_phase,derived_secondary_ecl_phase_error,derived_secondary_ecl_duration,derived_secondary_ecl_duration_error,derived_secondary_ecl_depth,derived_secondary_ecl_depth_error
[from data line 451]
375316653866487564,4310978865372050048,0.49648273,2182.0400695224134,3.0989083654366194,2.1297878E-5,18.520761,0.01188329,0.2508808,0.019666342,0.080236174,0.015022434,0.19060306,0.040522657,0.7485404,0.005722774,0.091647476,0.009067813,0.22005816,0.012857716,null,null,null,null,"TWOGAUSSIANS",8,4.2669735,0.7485404,0.005722774,0.4,0.0,0.21431978,0.010884821,0.2508808,0.019666342,0.4,0.0,0.18486485,0.0409073
375316653866487564,4310979007104167680,0.52482736,2190.6721931047387,0.3905162686909165,4.7010508E-5,19.830927,0.009637451,0.3369329,2.0931776E-4,0.018791268,9.784459E-4,2.0233128,0.30189022,0.8228536,0.012586037,0.026762577,0.0180904,1.0659369,0.8316914,null,null,null,null,"TWOGAUSSIANS",8,1.7574496,0.3369329,2.0931776E-4,0.1052311,0.0054792967,2.0233128,0.30189022,0.8228536,0.012586037,0.14987043,0.101306245,1.0659369,0.8316914
375316653866487564,4310979071530432000,0.5466209,2173.2522293531265,1.5651741290527734,1.4323507E-4,18.633198,0.0056376616,0.19101019,0.02838375,0.061984636,0.018884959,0.024640804,0.0064897304,0.56556636,0.09448377,0.049669404,0.025734726,0.4991039,0.43379563,null,null,null,null,"TWOGAUSSIANS",8,1.8147601,0.56556636,0.09448377,0.27814865,0.14261198,0.49910387,0.4338733,0.19101019,0.028383879,0.34711397,0.10575577,0.024640778,0.006456556
375316653866487564,4310979140250049408,0.54135734,2209.101784525297,1.9007490937463456,1.4206951E-5,18.152956,0.0052032233,0.78206974,0.01960299,0.016416743,0.012377606,0.09859722,0.17128134,0.9325427,8.838891E-6,0.0042894525,3.3907472E-5,7.2107882,0.20466222,0.009531212,0.0076889982,0.78206974,0.01960299,"TWOGAUSSIANS_WITH_ELLIPSOIDAL_ON_ECLIPSE1",9,9.405251,0.9325427,8.838891E-6,0.024020933,1.8988186E-4,7.2173204,0.2056525,0.78206974,0.01960299,0.091933765,0.06931459,0.11765964,0.16966479
375316653866487564,4310979385061590400,0.69285226,2215.2719417181156,0.4016263996281619,2.0305345E-6,17.952972,0.004670778,0.068248235,0.0036825538,0.039642066,0.0031815777,0.15031572,0.008220454,0.5681637,4.9367093E-4,0.03644535,5.5520027E-4,0.8520613,0.0056529506,null,null,null,null,"TWOGAUSSIANS",8,2.0499082,0.5681637,4.9367093E-4,0.20409395,0.0031091215,0.8520613,0.0056529506,0.068248235,0.0036825538,0.22199558,0.017816836,0.15031572,0.008220454
375316653866487564,4310980342833725056,0.48628455,2224.131543344658,2.3828766865041833,3.4496563E-5,18.562754,0.012108163,0.3039285,0.008622611,0.03378068,0.011763944,0.14151612,0.04822162,0.8513531,0.0023608645,0.029586744,0.006909951,0.17957126,0.030046597,0.08279158,0.019768117,0.3039285,0.008622611,"TWOGAUSSIANS_WITH_ELLIPSOIDAL_ON_ECLIPSE1",9,14.333194,0.8513531,0.0023608645,0.16568576,0.038695727,0.33088207,0.018273953,0.3039285,0.008622611,0.1891718,0.065878086,0.30709916,0.04453841
375316653866487564,4310980622017348224,0.5054396,2189.4165969183396,2.843838665598087,3.1373398E-5,19.225245,0.013129527,null,null,null,null,null,null,null,null,null,null,null,null,0.18116672,0.018019078,0.66311276,0.007821475,"ELLIPSOIDAL",4,7.2995477,null,null,null,null,null,null,null,null,null,null,null,null
375316653866487564,4310980656377189120,0.47928262,2175.2576373757165,1.589112191889078,2.1635145E-5,19.147934,0.0285256,0.33227906,0.03601232,0.03182346,0.031131204,0.22843958,38.59395,0.71862966,0.006071837,0.13447443,0.02138261,0.20621625,0.025041096,null,null,null,null,"TWOGAUSSIANS",8,1.1004914,0.33259904,0.035067882,0.17821138,0.17433475,0.23128074,38.594852,0.71862966,0.006071837,0.4,0.0,0.20571409,0.023496963
375316653866487564,4310980686430974336,0.46487486,2189.4334922382895,2.1078778687856876,5.3881064E-5,19.675901,0.053607017,0.275456,0.014375778,0.09323745,0.024526585,0.25917125,0.05757463,0.76212114,0.0071205636,0.11039782,0.024877,0.26918945,0.045281794,null,null,null,null,"TWOGAUSSIANS",8,1.5754627,0.76212114,0.0071205636,0.4,0.0,0.24721472,0.023593478,0.275466,0.014366156,0.4,0.0,0.23721778,0.04589328
375316653866487564,4310982202566063232,0.4827201,2259.781008796831,4.276205164562346,3.582301E-5,19.424732,0.030426878,0.1662175,0.003266492,0.038471185,0.008835997,0.22764197,0.11807906,0.9132093,0.018483708,0.057744022,0.017279701,0.35453767,0.14405864,0.122244164,0.08845091,0.1662175,0.003266492,"TWOGAUSSIANS_WITH_ELLIPSOIDAL_ON_ECLIPSE1",9,4.676036,0.1662075,0.003231942,0.21543863,0.049481586,0.47215396,0.07773252,0.9132093,0.019389901,0.32336652,0.09676633,0.35462463,0.14440778
375316653866487564,4310982271285265408,0.54479486,2177.9919295647805,1.9870294410277867,1.8452387E-5,19.557072,0.012617312,0.30089855,0.004770463,0.013729092,0.0058903093,0.52105796,1.1977789,0.80198175,0.002243751,0.024099626,0.00733407,0.5158741,0.6595839,0.14323357,0.019737752,0.80198175,0.002243751,"TWOGAUSSIANS_WITH_ELLIPSOIDAL_ON_ECLIPSE2",9,6.5776405,0.30090857,0.0047637615,0.07688291,0.032985732,0.8075119,1.2054218,0.80198175,0.002243751,0.13495791,0.04107079,0.80234116,0.6622704
375316653866487564,4310982580523192704,0.555947,2268.9741602473064,1.3694664848065334,2.3457902E-5,16.485815,0.06680903,0.20422398,0.0070076194,0.09406197,0.03481472,0.16389985,0.037600633,0.704005,0.0051430673,0.11890342,0.046177767,0.096195824,0.06518138,null,null,null,null,"TWOGAUSSIANS",8,3.880001,0.20422398,0.007055251,0.4,0.0,0.14883992,0.028051883,0.704005,0.0051430673,0.4,0.0,0.081108324,0.005161911
375316653866487564,4310982713657391360,0.60731626,2206.429998633255,0.03592529383020871,1.9285163E-4,18.849796,0.0030914207,0.15208988,0.0024691222,0.012478373,5.6904386E-4,8.71042,2.3678756,0.5275554,0.023471102,0.057633184,0.04552345,0.046285175,3387.3804,null,null,null,null,"TWOGAUSSIANS",8,0.8472083,0.15208988,0.0024691222,0.06987889,0.0031866457,8.71042,2.3678756,0.5275554,0.023471102,0.32274583,0.25288832,0.046285175,3387.3804
375316653866487564,4310982924160143872,0.4352898,2188.1204026067517,0.037218683389706256,2.0078402E-5,19.550596,0.019449983,0.4433363,0.005925661,0.037584085,0.008917551,0.39088655,0.045836236,0.92766863,0.073561996,0.027320545,0.0364228,0.75282025,1.5498089,null,null,null,null,"TWOGAUSSIANS",8,3.437778,0.92766863,0.073561996,0.15299506,0.20396769,0.75282025,1.5498089,0.4433363,0.005925661,0.21047087,0.04993828,0.39088655,0.045836236
375316653866487564,4310983783109146112,0.49719286,2179.9763291689405,2.1069485831335766,3.7888312E-5,19.252731,0.02918398,0.3118999,0.060231697,0.08127576,0.08176806,0.31440875,31.76077,0.81577885,0.008612197,0.06551494,0.013632401,0.37888804,0.03792215,null,null,null,null,"TWOGAUSSIANS",8,7.779723,0.81577885,0.008612197,0.36688367,0.06468805,0.37701398,0.0382082,0.3118999,0.060231697,0.4,0.36839157,0.31253472,31.762754
375316653866487564,4310984539028745600,0.50443554,2122.253761317008,2.7463160534652884,2.059996E-5,19.463837,0.09173053,0.24617176,0.017924303,0.081615634,0.035467893,0.8456374,0.6102066,0.70663506,0.007978914,0.09174034,0.029679736,0.60519546,0.106420964,null,null,null,null,"TWOGAUSSIANS",8,7.40185,0.24617176,0.017925592,0.4,0.06766478,0.8345235,0.62747717,0.70663506,0.007978914,0.4,0.0,0.5940796,0.12606363
375316653866487564,4310984573383676544,0.58482945,2170.7562454424406,1.4373155021482187,9.666924E-6,19.067936,0.010552746,0.21563996,0.0042581637,0.076149546,0.006683367,0.30481684,0.01863741,0.7086004,0.005684808,0.06363857,0.0081561385,0.7052829,0.13275184,null,null,null,null,"TWOGAUSSIANS",8,1.0585043,0.7086004,0.005684808,0.35637596,0.045674376,0.7040591,0.13428369,0.21563996,0.0042581637,0.4,0.0,0.30359304,0.018734377
375316653866487564,4310984603449319808,0.5786918,2175.5120487332742,2.3108778992914294,1.1447944E-5,19.149778,0.008869222,0.19577809,0.0022232619,0.023623498,0.003798177,0.26003549,0.038696013,0.67318326,0.0053603565,0.029345911,0.02247367,0.6667254,1.46257854E11,0.18256822,0.017799033,0.19577809,0.0022232619,"TWOGAUSSIANS_WITH_ELLIPSOIDAL_ON_ECLIPSE1",9,3.0045173,0.6739832,0.005893113,0.1643371,0.12585256,1.0248091,1.46257854E11,0.19577809,0.0022232619,0.13229159,0.02126979,0.62517154,0.040065713
375316653866487564,4310985428081980672,0.5319077,2177.182278768172,0.5941255379297,4.9289796E-5,19.467354,0.031389367,0.66998565,0.047082163,0.11654033,0.05273183,0.12703508,0.035848,0.46928662,0.0030767696,0.051907808,0.006853276,0.898618,0.061387625,null,null,null,null,"TWOGAUSSIANS",8,9.064069,0.47057664,0.003026822,0.29068372,0.038378347,0.92770267,0.08142942,0.6637756,0.31911302,0.4,0.0,0.12763298,1.263144
375316653866487564,4310985737319744128,0.5699709,2231.915257546201,0.26669904243100906,5.952425E-6,18.06334,0.002834217,0.369498,0.002435569,0.021845132,0.0065190196,0.08853088,0.09208056,0.8214255,1.8790226E-4,0.011074671,2.9962164E-4,0.3976779,0.008550679,null,null,null,null,"TWOGAUSSIANS",8,1.5347838,0.8214255,1.8790226E-4,0.062018156,0.0016778811,0.3976779,0.008550679,0.369498,0.002435569,0.12233274,0.03650651,0.08853088,0.09208056
375316653866487564,4310986149636514560,0.4752257,2162.4464441290115,2.7437170110287643,1.4972066E-5,19.36961,0.16745381,0.22536878,0.0073261485,0.119302206,0.04286672,0.230439,0.1617995,0.71366036,0.0099992035,0.122281246,0.04884371,0.2962055,0.1476975,null,null,null,null,"TWOGAUSSIANS",8,1.9428918,0.71366036,0.0099992035,0.4,0.0,0.24085675,0.036313772,0.22547878,0.0071063936,0.4,0.0,0.17516272,0.028733402
375316653866487564,4310986527586365952,0.51168686,2138.803615696788,1.0947244975365755,2.2102955E-5,19.027794,0.02488469,0.24451318,0.010441433,0.08630307,0.014630278,0.39578,0.026835615,0.77397364,0.006023465,0.08129741,0.014599729,0.16828716,0.023363546,null,null,null,null,"TWOGAUSSIANS",8,2.9013278,0.24451318,0.010441433,0.4,0.0,0.39225405,0.026158137,0.77397364,0.0060209776,0.4,0.0,0.16476133,0.017310444
375316653866487564,4310986634967980800,0.47393402,2184.155984699773,1.7960622599189018,3.3124164E-5,19.359173,0.37516823,0.17638093,0.02266832,0.19110486,0.17255755,0.31877658,0.35524002,0.6377361,0.02093998,0.10588734,0.022198489,0.45806104,0.23646702,null,null,null,null,"TWOGAUSSIANS",8,2.8020065,0.6377361,0.02093998,0.4,0.0,0.3518646,0.072723806,0.17654094,0.022831304,0.4,0.0,0.18931812,0.035422496
375316653866487564,4310987077342700800,0.47564065,2203.0339607815504,2.14416229049633,2.3062641E-5,18.037788,0.0148832975,0.21363425,0.015666334,0.051899724,0.012366271,0.120118804,0.04604064,0.6993012,0.008669576,0.031862475,0.03635942,0.22195417,2.2544042E22,0.08122995,0.03141569,0.6993012,0.008669576,"TWOGAUSSIANS_WITH_ELLIPSOIDAL_ON_ECLIPSE2",9,28.687834,0.6993012,0.008669576,0.17842986,0.20361274,0.384413,2.2544042E22,0.21043426,0.01162997,0.29063845,0.06925111,0.28155586,0.032829825
375316653866487564,4310987631401508864,0.55437464,2139.877363532997,0.427508935319459,3.4992267E-5,19.38706,0.011825004,0.15451193,0.029769028,0.039886083,0.018893452,0.6051601,0.27106503,0.7133718,0.027995978,0.06554522,0.009316181,0.74054885,0.38945568,null,null,null,null,"TWOGAUSSIANS",8,2.849561,0.7133718,0.027995978,0.36705327,0.05190614,0.74054784,0.38946107,0.15451193,0.029769028,0.22336207,0.10580333,0.60515904,0.27106577
375316653866487564,4310988352960308864,0.54872483,2156.963813156884,1.5962377873266627,1.6297814E-5,19.033546,0.017340342,0.13763279,0.027650798,0.033788938,0.02763983,0.06658323,0.028232014,0.77263385,0.0067997016,0.049956907,0.004767313,0.8189997,0.063835636,null,null,null,null,"TWOGAUSSIANS",8,6.4261856,0.77263385,0.0067997016,0.27975866,0.026696954,0.8189997,0.063835636,0.13763279,0.027650798,0.18921806,0.15478306,0.06658323,0.028232012
375316653866487564,4310988795337523456,0.5166738,2128.3529519813587,1.5185935899336256,3.586128E-5,17.538118,0.020452911,0.30232912,0.009458042,0.10356854,0.022992775,0.21480806,0.023406088,0.7781768,0.033950012,0.08641439,0.026923437,0.24220358,0.021148685,null,null,null,null,"TWOGAUSSIANS",8,16.477863,0.7781768,0.033950012,0.4,0.0632132,0.23217645,0.01443585,0.30232912,0.009458042,0.4,0.0,0.20477481,0.025067981
375316653866487564,4310989448164041728,0.5133563,2168.7157414855837,4.33203838020683,2.7008942E-5,18.80713,0.0072086826,0.19108848,0.0034047994,0.024172097,0.0024624816,0.20474091,0.008707048,0.69967306,0.06933681,0.07502588,0.069616795,0.049525637,0.08908087,null,null,null,null,"TWOGAUSSIANS",8,1.2035202,0.19108848,0.0034047994,0.13536374,0.013789897,0.20474067,0.008670418,0.69967306,0.06933681,0.4,0.13524358,0.049525402,0.089103095
375316653866487564,4310989555546534016,0.52860624,2148.4574995334974,0.9240143835755062,9.443156E-5,19.656834,0.010859327,0.22400415,0.011010404,0.075723216,0.01652634,0.08928853,0.011476382,0.74512917,0.078484245,0.03612538,0.04067152,0.5267492,0.99052286,null,null,null,null,"TWOGAUSSIANS",8,0.8666661,0.74512917,0.078484245,0.20230213,0.20718832,0.52674365,0.99073064,0.22400415,0.011010404,0.4,0.009279708,0.08928297,0.010961652
375316653866487564,4310989619963250048,0.44881073,2143.824020596684,0.8061370650796128,7.546073E-5,18.900639,0.037403766,0.5805402,0.108502656,0.12970734,0.046418343,0.1902465,0.076814674,0.4177184,0.04098099,0.04825046,0.04418306,0.19355151,0.09433584,null,null,null,null,"TWOGAUSSIANS",8,12.433411,0.4283784,0.038116828,0.27020258,0.20877299,0.28426376,0.085594036,0.5747502,0.17624474,0.4,0.0,0.19080135,0.1365095
375316653866487564,4310990929937297536,0.5901362,2174.9418606915287,2.4607065235369454,1.0148703E-5,18.644493,0.02723332,0.21221562,0.00435479,0.08695451,0.008342157,0.34376162,0.026105914,0.71712345,0.0069194883,0.09288292,0.0189395,0.30597055,0.036877174,null,null,null,null,"TWOGAUSSIANS",8,1.646594,0.21221562,0.00435479,0.4,0.0,0.33120126,0.016287683,0.71712345,0.0069194883,0.4,0.0,0.2934099,0.046093937
375316653866487564,4310991479727478528,0.5295571,2155.1254557435755,1.5733410800653382,2.0995789E-5,17.499079,0.013572822,0.1657884,0.02248902,0.019218314,0.019154863,0.37186408,0.6255782,0.6761519,0.002924574,0.042980697,0.0037459303,0.29488307,0.033964045,0.026801264,0.021313036,0.1657884,0.02248902,"TWOGAUSSIANS_WITH_ELLIPSOIDAL_ON_ECLIPSE1",9,26.634605,0.1657884,0.02248902,0.107622564,0.10726724,0.42546654,0.6187996,0.6761519,0.0028854492,0.24069192,0.02097721,0.34825855,0.024309572
375316653866487564,4310991685885464320,0.55515,2225.0445735017734,1.0467651333442445,2.3198532E-5,17.456667,0.027008535,0.33503652,0.0042106286,0.07545291,0.008199787,0.31061512,0.025349239,0.8254797,0.012171387,0.109634966,0.03124593,0.12601462,0.0265842,null,null,null,null,"TWOGAUSSIANS",8,8.863726,0.33503652,0.0042083547,0.4,0.0,0.30276352,0.013933047,0.8254797,0.012171387,0.4,0.0,0.11815477,0.01969198
375316653866487564,4310991720208556928,0.60445416,2230.0885161127258,0.6384232545026836,6.8697576E-5,17.108715,0.01121102,0.30846843,0.00944841,0.038194623,0.01175264,0.5075374,0.085870855,0.80187345,0.018913915,0.03317102,0.019795211,0.11200818,0.9015053,0.012558192,0.013523626,0.30846843,0.00944841,"TWOGAUSSIANS_WITH_ELLIPSOIDAL_ON_ECLIPSE1",9,11.537252,0.30846843,0.00944841,0.21388988,0.065814786,0.5326538,0.089481816,0.80200344,0.018775957,0.18575773,0.11085319,0.13708226,0.9009137
375316653866487564,4310991926367465600,0.5199654,2150.1625044496855,2.8715499368946715,3.300654E-5,18.998983,0.0141757,0.18524982,0.0036797328,0.060383014,0.008395822,0.2708505,0.043406222,0.6720649,0.00963118,0.07884439,0.009814171,0.27701584,0.02148279,null,null,null,null,"TWOGAUSSIANS",8,2.3733711,0.6720649,0.00963118,0.4,0.0,0.27640623,0.021250563,0.18524982,0.0036797328,0.3381449,0.047016602,0.2702409,0.043761488
375316653866487564,4310992166885284864,0.48245817,2182.324774172776,2.5433219820731003,2.936353E-5,18.823334,0.01739072,0.25922894,0.006630455,0.093814366,0.015294893,0.22319901,0.012928572,0.75464773,0.018675268,0.08895598,0.01832332,0.15383035,0.027982421,null,null,null,null,"TWOGAUSSIANS",8,3.5229144,0.25922894,0.006630455,0.4,0.0,0.21497597,0.012171991,0.75464773,0.018675268,0.4,0.0,0.14560758,0.026908105
