Gaia/vari_eclipsing_binary/VariEclipsingBinary_238941-239195.csv
# %ECSV 1.0
# ---
# delimiter: ','
# meta: !!omap
# - RELEASE: Gaia DR3
# - TABLE: vari_eclipsing_binary
# - DESCRIPTION: >
#     This table describes the properties of the eclipsing binaries resulting from the variability analysis. 
# - CITATION: >
#     How to cite and acknowledge Gaia: 
#     https://gea.esac.esa.int/archive/documentation/credits.html 
# - KNOWN_ISSUES: >
#     Known issues: 
#     https://www.cosmos.esa.int/web/gaia-users/known-issues 
# - DOCUMENTATION: >
#     Tutorials and documentation: 
#     https://www.cosmos.esa.int/web/gaia-users/archive 
# datatype:
# - 
#   name: solution_id
#   datatype: int64
#   description: Solution Identifier
#   meta:
#     ucd: meta.version
# - 
#   name: source_id
#   datatype: int64
#   description: Unique source identifier
#   meta:
#     ucd: meta.id;meta.main
# - 
#   name: global_ranking
#   datatype: float32
#   description: Number between 0 (worst) and 1 (best)
#   meta:
#     ucd: stat.param
# - 
#   name: reference_time
#   datatype: float64
#   unit: d
#   description: Reference time used for the geometric model fit
#   meta:
#     ucd: time.epoch
# - 
#   name: frequency
#   datatype: float64
#   unit: d**-1
#   description: Frequency of geometric model of the eclipsing binary light curve
#   meta:
#     ucd: src.orbital
# - 
#   name: frequency_error
#   datatype: float32
#   unit: d**-1
#   description: "Uncertainty of \\texttt{frequency}"
#   meta:
#     ucd: stat.error
# - 
#   name: geom_model_reference_level
#   datatype: float32
#   unit: mag
#   description: Magnitude reference level of geometric model
#   meta:
#     ucd: phot.mag;em.opt
# - 
#   name: geom_model_reference_level_error
#   datatype: float32
#   unit: mag
#   description: "Uncertainty of \\texttt{geomModelReferenceLevel}"
#   meta:
#     ucd: stat.error;phot.mag;em.opt
# - 
#   name: geom_model_gaussian1_phase
#   datatype: float32
#   description: Phase of the Gaussian 1 component
#   meta:
#     ucd: time.phase
# - 
#   name: geom_model_gaussian1_phase_error
#   datatype: float32
#   description: "Uncertainty of \\texttt{geomModelGaussian1Phase}"
#   meta:
#     ucd: stat.error;time.phase
# - 
#   name: geom_model_gaussian1_sigma
#   datatype: float32
#   description: "Standard deviation [phase] of Gaussian 1 component"
#   meta:
#     ucd: stat.stdev
# - 
#   name: geom_model_gaussian1_sigma_error
#   datatype: float32
#   description: "Uncertainty of \\texttt{geomModelGaussian1Sigma}"
#   meta:
#     ucd: stat.error
# - 
#   name: geom_model_gaussian1_depth
#   datatype: float32
#   unit: mag
#   description: Magnitude depth of Gaussian 1 component
#   meta:
#     ucd: src.var.amplitude
# - 
#   name: geom_model_gaussian1_depth_error
#   datatype: float32
#   unit: mag
#   description: "Uncertainty of \\texttt{geomModelGaussian1Depth}"
#   meta:
#     ucd: stat.error;src.var.amplitude
# - 
#   name: geom_model_gaussian2_phase
#   datatype: float32
#   description: Phase of Gaussian 2 component
#   meta:
#     ucd: time.phase
# - 
#   name: geom_model_gaussian2_phase_error
#   datatype: float32
#   description: "Uncertainty of \\texttt{geomModelGaussian2Phase}"
#   meta:
#     ucd: stat.error;time.phase
# - 
#   name: geom_model_gaussian2_sigma
#   datatype: float32
[...]
#   datatype: float32
#   description: "Secondary eclipse: uncertainty of \\texttt{derivedSecondaryEclDuration}"
#   meta:
#     ucd: stat.error;time.duration
# - 
#   name: derived_secondary_ecl_depth
#   datatype: float32
#   unit: mag
#   description: "Secondary eclipse: depth"
#   meta:
#     ucd: src.var.amplitude
# - 
#   name: derived_secondary_ecl_depth_error
#   datatype: float32
#   unit: mag
#   description: "Secondary eclipse: uncertainty of \\texttt{derivedSecondaryEclDepth}"
#   meta:
#     ucd: stat.error;src.var.amplitude
solution_id,source_id,global_ranking,reference_time,frequency,frequency_error,geom_model_reference_level,geom_model_reference_level_error,geom_model_gaussian1_phase,geom_model_gaussian1_phase_error,geom_model_gaussian1_sigma,geom_model_gaussian1_sigma_error,geom_model_gaussian1_depth,geom_model_gaussian1_depth_error,geom_model_gaussian2_phase,geom_model_gaussian2_phase_error,geom_model_gaussian2_sigma,geom_model_gaussian2_sigma_error,geom_model_gaussian2_depth,geom_model_gaussian2_depth_error,geom_model_cosine_half_period_amplitude,geom_model_cosine_half_period_amplitude_error,geom_model_cosine_half_period_phase,geom_model_cosine_half_period_phase_error,model_type,num_model_parameters,reduced_chi2,derived_primary_ecl_phase,derived_primary_ecl_phase_error,derived_primary_ecl_duration,derived_primary_ecl_duration_error,derived_primary_ecl_depth,derived_primary_ecl_depth_error,derived_secondary_ecl_phase,derived_secondary_ecl_phase_error,derived_secondary_ecl_duration,derived_secondary_ecl_duration_error,derived_secondary_ecl_depth,derived_secondary_ecl_depth_error
[from data line 216]
375316653866487564,2102551937828366080,0.4190521,2264.3585409729894,1.0730521277619556,8.398484E-5,18.754389,0.010941097,0.46271107,0.018078152,0.094608575,0.02463844,0.09432802,0.019302292,0.795032,0.014847243,0.009548185,0.0044097477,0.6670423,0.6398117,null,null,null,null,"TWOGAUSSIANS",8,5.9151516,0.795032,0.014847243,0.053469837,0.024694588,0.66723955,0.6395165,0.46271107,0.018078152,0.4,0.0,0.09432786,0.01930591
375316653866487564,2102555683044431616,0.5123031,2270.520407767055,2.83593083469325,1.9326515E-5,16.02057,0.0022044969,0.74453014,0.004528909,0.054084793,0.012153506,0.0026113074,0.0058844034,null,null,null,null,null,null,0.049180906,0.003182821,0.74453014,0.004528909,"ONEGAUSSIAN_WITH_ELLIPSOIDAL",6,21.330393,0.74453014,0.004528909,0.30287483,0.06805964,0.100973055,0.006248277,null,null,null,null,null,null
375316653866487564,2102560837001204608,0.44003126,2235.4216394101263,0.39430773477131725,4.9500668E-5,18.74364,0.006221284,0.3041463,0.012908432,0.027531259,0.00903321,0.17130058,0.09378948,0.7298995,0.026731592,0.06460933,0.015112075,0.15705495,0.048303876,null,null,null,null,"TWOGAUSSIANS",8,3.9661584,0.3041463,0.012908432,0.15417506,0.05058597,0.17130058,0.09378949,0.7298995,0.026731592,0.36181223,0.07940057,0.15705495,0.048303876
375316653866487564,2102564955875416704,0.41393957,2234.0372912810635,0.29933741327635965,2.4868918E-5,19.776558,0.014147033,0.5424441,0.013305787,0.03022461,0.010211127,0.1606401,0.05180011,0.85078025,0.013315482,0.035792373,0.018999787,0.28352612,0.2244346,null,null,null,null,"TWOGAUSSIANS",8,5.440198,0.85078025,0.013315482,0.20043729,0.106398806,0.28352612,0.2244346,0.5424441,0.013305787,0.16925782,0.057182312,0.1606401,0.05180011
375316653866487564,2102569285202008832,0.5408474,2238.357361698078,3.51216216786457,1.552459E-5,19.009169,0.012199971,0.17522058,0.0023456414,0.07200215,0.0045082076,0.4060241,0.019569635,0.68170637,0.010394923,0.08309525,0.0140458215,0.32798636,0.020900248,null,null,null,null,"TWOGAUSSIANS",8,2.7151732,0.17522058,0.0023456414,0.4,0.0066233966,0.40253696,0.019641448,0.68170637,0.010394923,0.4,0.0,0.3244992,0.019519357
375316653866487564,2102575504314877440,0.42334664,2242.019640450008,3.172277321018624,1.9480613E-5,18.121347,0.0052218144,0.24987552,5.3116684E-5,0.0064777196,4.2629894E-4,0.26895258,0.02120011,0.7667494,0.010740292,0.028921263,0.0076016793,0.07547684,0.03452394,0.018394409,0.008681271,0.7667494,0.010740292,"TWOGAUSSIANS_WITH_ELLIPSOIDAL_ON_ECLIPSE2",9,11.391119,0.24988551,4.8558006E-5,0.03627523,0.002387274,0.3053295,0.036045875,0.7667494,0.010740292,0.16195908,0.042569403,0.11226558,0.035387814
375316653866487564,2102581281050174208,0.5638954,2196.5503658518796,1.3068120602989113,5.0091135E-6,15.566297,0.0033240267,0.19379872,0.0012234512,0.033248264,0.0024710712,0.11860282,0.006387493,0.6880199,0.002122433,0.03102049,0.0031285242,0.19082609,0.06242158,0.022161748,0.004800967,0.19379872,0.0012234512,"TWOGAUSSIANS_WITH_ELLIPSOIDAL_ON_ECLIPSE1",9,13.749698,0.6881198,0.0020684374,0.17371474,0.017519737,0.23509215,0.063073836,0.19379872,0.0012234512,0.18619028,0.013837999,0.16292629,0.0060313237
375316653866487564,2102583578853424896,0.53376365,2233.373070420463,0.944908728807719,4.2550993E-5,17.498005,0.003882871,0.26080507,0.0055098003,0.052318536,0.005887066,0.18435295,0.020347677,0.7694357,0.043647353,0.049902994,0.012191004,0.33965623,0.25958207,null,null,null,null,"TWOGAUSSIANS",8,7.435793,0.7694357,0.043647353,0.27945676,0.068269625,0.33965415,0.25957605,0.26080507,0.0055098003,0.2929838,0.032967567,0.18435088,0.020350067
375316653866487564,2102586778608017792,0.59830165,2218.7982531883517,1.2974326860894918,6.286836E-6,16.42345,0.00761592,0.23223822,0.0021957199,0.09161798,0.0032071355,0.29678878,0.00890509,0.7338733,0.0014872709,0.091402546,0.0043534264,0.2511584,0.006848977,null,null,null,null,"TWOGAUSSIANS",8,9.820198,0.23223822,0.0021957199,0.4,0.0,0.2840317,0.007041244,0.7338733,0.0014872709,0.4,0.0,0.23840135,0.0055106594
375316653866487564,2102587186626539136,0.48777485,2230.1454521617493,3.8564893199420656,1.8598768E-5,18.804302,0.13602683,0.26628816,0.013510016,0.12399053,0.044776186,0.1706015,0.12986925,0.77625453,0.0075090392,0.12650543,0.050790653,0.1851969,0.13200054,null,null,null,null,"TWOGAUSSIANS",8,1.5943941,0.77634454,0.0073070996,0.4,0.0,0.14053646,0.011610865,0.26615816,0.01339655,0.4,0.0,0.12599269,0.012577287
375316653866487564,2102589767905626240,0.55027074,2254.9425537873435,3.5486914943464325,1.6938477E-5,15.461407,0.04152546,0.2653285,0.005446403,0.12083637,0.017773818,0.2890882,0.039596956,0.75551033,0.0036191654,0.10493778,0.01416944,0.29975194,0.035547,null,null,null,null,"TWOGAUSSIANS",8,96.96972,0.75551033,0.0036191654,0.4,0.0,0.25409073,0.011671601,0.26533848,0.005450033,0.4,0.0,0.24331804,0.009480922
375316653866487564,2102589939704341760,0.4876254,2244.774703152167,3.7282425643916532,1.7437396E-5,16.11626,0.0062057013,0.28667146,0.007232156,0.022816962,0.03441761,0.10866242,0.023144178,null,null,null,null,null,null,0.10719608,0.009656956,0.28667146,0.007232156,"ONEGAUSSIAN_WITH_ELLIPSOIDAL",6,118.58491,0.28667146,0.007232156,0.12777498,0.19273862,0.32305443,0.017537393,null,null,null,null,null,null
375316653866487564,2102589969765339264,0.49991354,2217.822367581067,4.4461445795819845,3.368379E-5,19.204123,0.032887533,0.2555038,0.016398871,0.095498145,0.04136412,0.15663049,0.0220011,0.73113185,0.0043033245,0.075969994,0.012544721,0.29092628,0.027146896,null,null,null,null,"TWOGAUSSIANS",8,3.2910273,0.73113185,0.0043033245,0.4,0.0,0.28715187,0.015918037,0.2555038,0.016398871,0.4,0.0,0.1528554,0.019066785
375316653866487564,2102597739364995072,0.5967448,2217.4748227377736,2.448232364400061,6.5759596E-6,14.342202,0.014194096,0.28004727,0.0017319678,0.031899843,0.0019621763,0.4585761,0.034624346,0.7792874,0.0031804026,0.043715026,0.0044289166,0.6699886,0.04736123,0.15026301,0.017371992,0.28004727,0.0017319678,"TWOGAUSSIANS_WITH_ELLIPSOIDAL_ON_ECLIPSE1",9,441.0544,0.7793374,0.0029394825,0.24480414,0.024801932,0.97050816,0.057057362,0.28004727,0.0017319678,0.17863913,0.010988187,0.7591021,0.013752695
375316653866487564,2102600453784385408,0.5839236,2206.2186632465427,0.4085902164999561,4.762365E-6,16.081562,0.0023343633,0.25738782,0.0015330238,0.028261876,0.0030652604,0.07385174,0.007388449,0.7570396,0.0013029609,0.028152304,0.0013510269,0.5340513,0.040455718,0.010768423,0.0040497896,0.25738782,0.0015330238,"TWOGAUSSIANS_WITH_ELLIPSOIDAL_ON_ECLIPSE1",9,13.756617,0.7570396,0.0013029609,0.1576529,0.0075657507,0.555588,0.04180882,0.25738782,0.0015330238,0.1582665,0.017165458,0.09538858,0.0075514913
375316653866487564,2102608317862904192,0.6170964,2268.7852372662896,1.7466542690442932,8.392038E-6,12.16194,0.0024003226,0.22718608,0.0031130898,0.07464177,0.005013127,0.10466922,0.009194864,0.7229884,0.0020637917,0.060677283,0.0017434524,0.34772712,0.0100650815,null,null,null,null,"TWOGAUSSIANS",8,164.81271,0.7229884,0.0020637917,0.3397928,0.009763333,0.3473886,0.010068059,0.22718608,0.0031130898,0.4,0.0014356821,0.104330696,0.009293088
375316653866487564,2102610967864259200,0.49870768,2236.911246482677,2.8679531352684364,2.2099175E-5,14.824479,0.6810904,0.23421279,0.013367174,0.20621671,0.15093705,0.4669772,0.6500403,0.72953385,0.007537729,0.16769484,0.091313936,0.43218762,0.5612061,null,null,null,null,"TWOGAUSSIANS",8,86.330124,0.72953385,0.007537729,0.4,0.0,0.120924175,0.014871916,0.23585278,0.011283871,0.4,0.0,0.1164439,0.010523403
375316653866487564,2102611964294275584,0.5195686,2233.0699409492468,2.2954224863506028,1.3351708E-4,17.632803,0.003612435,0.50202197,0.03663765,0.042140312,0.016474493,0.39858705,0.060305912,null,null,null,null,null,null,null,null,null,null,"ONEGAUSSIAN",5,9.903687,0.50202197,0.03663765,0.23598574,0.092257164,0.39858705,0.0,null,null,null,null,null,null
375316653866487564,2102615395972441216,0.5166747,2258.2126500869526,4.8747546981984495,5.0273182E-5,19.287674,0.010270881,0.3124044,0.0024403576,0.016007535,0.0038011342,0.08385634,0.035702728,0.597675,0.025218565,0.065862745,0.017364508,0.7396575,0.15876336,null,null,null,null,"TWOGAUSSIANS",8,6.690895,0.597675,0.025218565,0.36883137,0.051903978,0.7396575,0.15876336,0.3124144,0.002433434,0.08964219,0.021286352,0.08391878,0.035738252
375316653866487564,2102618664445401344,0.5421513,2222.5199751694186,2.8634925532531934,1.0714839E-5,17.756279,0.05154785,0.13122441,0.002777669,0.116791636,0.01638972,0.27670133,0.048241414,0.64043474,0.0044930405,0.11489795,0.020606967,0.26215246,0.050895344,null,null,null,null,"TWOGAUSSIANS",8,3.9369462,0.13119441,0.0027639873,0.4,0.0,0.22860783,0.008206419,0.6404647,0.004508043,0.4,0.0,0.21407723,0.008692723
375316653866487564,2102623303010184832,0.48083916,2238.8216074538095,0.758278355551745,2.9284047E-5,17.31809,0.0028725625,0.3341317,0.009883856,0.05638157,0.007452638,0.117768735,0.014116897,0.839133,0.010150297,0.06582918,0.016620267,0.03710883,0.0054002223,null,null,null,null,"TWOGAUSSIANS",8,4.1255693,0.3341317,0.009883856,0.3157368,0.04173477,0.11774435,0.014112472,0.839133,0.010150297,0.3686434,0.08921353,0.037084445,0.005425381
375316653866487564,2102623852767905920,0.64586663,2264.7599860834107,0.7799454594086729,2.5111826E-6,13.599766,0.010180236,0.19201909,0.002870602,0.043308917,0.007958438,0.18730403,0.10857841,0.69468224,7.4229186E-4,0.04538385,0.001543362,0.50005585,0.020248115,0.04193896,0.010369237,0.19201909,0.002870602,"TWOGAUSSIANS_WITH_ELLIPSOIDAL_ON_ECLIPSE1",9,147.48941,0.69468224,7.4229186E-4,0.25414956,0.008642827,0.5839101,0.008086973,0.19201909,0.002870602,0.24252994,0.044567253,0.27118173,0.11253644
375316653866487564,2102624776179591168,0.6674774,2209.6682421406017,2.0481786361109053,2.6155624E-6,11.181633,0.0057903756,0.2296987,3.1930747E-4,0.05634751,0.001629842,0.2610997,0.011906534,0.7359398,0.0017875135,0.048695557,0.0034122004,0.18467748,0.01142129,0.09521844,0.0068769334,0.2296987,3.1930747E-4,"TWOGAUSSIANS_WITH_ELLIPSOIDAL_ON_ECLIPSE1",9,75.16812,0.2296987,3.1930747E-4,0.31554607,0.009127115,0.45152193,0.0032179446,0.7359398,0.0017875135,0.27269512,0.019108322,0.374807,0.011902643
375316653866487564,2102625020997151488,0.58695745,2231.120743596077,2.8056971430146294,9.447198E-6,16.139915,0.0074382476,0.21341763,0.0035745343,0.042176403,0.0067013465,0.100627854,0.020720275,0.70265657,0.007680331,0.06245157,0.009690912,0.16639344,0.02877903,0.10148983,0.012746369,0.21341763,0.0035745343,"TWOGAUSSIANS_WITH_ELLIPSOIDAL_ON_ECLIPSE1",9,28.971813,0.70559657,0.005616428,0.3497288,0.05426911,0.36867037,0.022488544,0.21341763,0.0035745343,0.23618786,0.03752754,0.30357885,0.009075602
375316653866487564,2102626807703633920,0.5045278,2215.871865481268,3.420148905727611,4.4675715E-5,17.986614,0.22962993,0.27743995,0.014077017,0.11796288,0.043841593,0.5181047,0.21565033,0.7746422,0.005940816,0.12260788,0.04120686,0.46511877,0.22223775,null,null,null,null,"TWOGAUSSIANS",8,27.142942,0.27745995,0.014096779,0.4,0.0,0.40802422,0.032809254,0.7746422,0.005940816,0.4,0.0,0.35494035,0.02220635
375316653866487564,2102629659562192384,0.55704457,2189.2277844338646,3.2530579153874806,1.3532591E-5,19.471684,0.010086056,0.25067863,0.0032761146,0.068116255,0.0031192482,0.5604162,0.021162141,0.74380624,0.0039764186,0.07506384,0.0047770543,0.49815556,0.04568034,null,null,null,null,"TWOGAUSSIANS",8,1.9635999,0.25067863,0.0032761146,0.38145104,0.01746779,0.5584179,0.021128692,0.74380624,0.0039764186,0.4,0.0,0.4961573,0.046261795
375316653866487564,2102629934434582400,0.51256996,2195.4301350032265,3.4917108183187775,1.601021E-5,19.165121,0.023963146,0.30478355,0.011291895,0.08316312,0.0145807555,0.3096745,0.026371067,0.8030843,0.0053272,0.08941135,0.009806356,0.32752407,0.029575177,null,null,null,null,"TWOGAUSSIANS",8,3.9837282,0.8030843,0.0053272,0.4,0.0,0.31821167,0.02746755,0.30478355,0.011291895,0.4,0.0,0.30036223,0.020644296
375316653866487564,2102632202182672896,0.5405979,2152.1945455230093,4.333132060932326,1.2802828E-5,19.677008,0.011000675,0.31844565,0.0073404456,0.06966487,0.00756106,0.5689924,0.11370876,0.80693084,0.0034656867,0.06456027,0.0032722235,0.6813413,0.025564255,null,null,null,null,"TWOGAUSSIANS",8,2.3465252,0.80693084,0.0034656867,0.36153752,0.018324452,0.68047094,0.025470318,0.31844565,0.0073404456,0.39012328,0.030319842,0.568122,0.11413305
375316653866487564,2102633610932027264,0.47189292,2217.8227698467,3.971351773028311,3.09762E-5,19.198391,0.009030176,0.1390499,0.007551275,0.011542406,0.00825897,0.11573658,10.780001,0.671292,0.01043626,0.07267223,0.01250052,0.2330496,0.024803527,null,null,null,null,"TWOGAUSSIANS",8,3.9665556,0.671292,0.01043626,0.4,0.009021378,0.2330496,0.02480358,0.1390499,0.007551275,0.064637475,0.04625023,0.11573658,10.780001
375316653866487564,2102634126328141184,0.5321632,2204.474814725097,2.4626230546314423,1.2577369E-5,15.011591,0.29863787,0.22240177,0.00592836,0.12145518,0.050823413,0.13899593,0.23995213,0.71419317,0.004468459,0.14602135,0.07452877,0.16825649,0.2909299,null,null,null,null,"TWOGAUSSIANS",8,23.159264,0.71419317,0.004468459,0.4,0.0,0.117782235,0.004846366,0.22284177,0.0048334934,0.4,0.0,0.089435786,0.0042018467
375316653866487564,2102641032635146880,0.48494333,2258.8473439800932,3.00715168094863,2.0971156E-5,16.407764,1.2350402,0.20518722,0.006067067,0.20790261,0.21836084,0.48816565,1.2148184,0.71497226,0.008249165,0.12824842,0.038042087,0.45593625,0.46110034,null,null,null,null,"TWOGAUSSIANS",8,43.52844,0.7176723,0.0050342153,0.4,0.0,0.22057205,0.021785427,0.2048272,0.0056846105,0.4,0.0,0.19876526,0.01873216
375316653866487564,2102647114309189120,0.692086,2227.5344994447173,0.2533530184144262,3.572175E-6,17.560268,0.0040544877,0.24550611,6.4530666E-4,0.028308857,8.7756047E-4,0.6099164,0.011379495,0.7490047,0.06814553,0.05325354,0.039854724,0.07853471,142.63762,0.041356303,0.0053984467,0.24550611,6.4530666E-4,"TWOGAUSSIANS_WITH_ELLIPSOIDAL_ON_ECLIPSE1",9,2.6681325,0.24550611,6.4530666E-4,0.15852961,0.0049143387,0.6926281,0.01124002,0.7490047,0.06814553,0.29821983,0.22318646,0.16120641,142.63307
375316653866487564,2102651168758259584,0.57682526,2214.429578491895,3.065944532644039,1.2030765E-5,17.036602,0.010659613,0.28546885,0.0037932463,0.033705555,0.010531248,0.0781863,0.02196759,0.7623764,0.012058369,0.062198024,0.014735699,0.09910327,0.021526666,0.094218574,0.011013256,0.28546885,0.0037932463,"TWOGAUSSIANS_WITH_ELLIPSOIDAL_ON_ECLIPSE1",9,13.758886,0.7708764,0.006575721,0.34830892,0.08251991,0.2850316,0.012547247,0.28546885,0.0037932463,0.18875112,0.05897499,0.2666154,0.0070614293
375316653866487564,2102657078633542016,0.46582815,2218.937229537736,1.4607968110478782,7.392356E-6,15.677628,0.0019654906,0.1806343,0.0021091104,0.020523427,0.0028394146,0.06800156,0.0056694564,0.67048955,0.0026552114,0.017591417,0.0025938065,0.04513404,0.004466058,0.011367622,0.0031934315,0.1806343,0.0021091104,"TWOGAUSSIANS_WITH_ELLIPSOIDAL_ON_ECLIPSE1",9,16.519032,0.1806343,0.0021091104,0.114931196,0.015900722,0.09073676,0.005242066,0.67060953,0.002646979,0.098511934,0.014525317,0.06777812,0.003085052
375316653866487564,2102657383572225536,0.5736167,2217.173398449378,2.044479038238776,5.1449265E-6,19.061592,0.0070342952,0.28442824,0.0019450168,0.0494329,0.0017453893,0.7533308,0.030681523,0.79134285,0.0060497927,0.06587784,0.0070374766,0.19832124,0.016241584,null,null,null,null,"TWOGAUSSIANS",8,3.4707723,0.28442824,0.0019450168,0.27682424,0.00977418,0.7532873,0.030689606,0.79134285,0.0060497927,0.36891592,0.038664084,0.19827774,0.016271219
