Gaia/vari_eclipsing_binary/VariEclipsingBinary_498100-498534.csv
# %ECSV 1.0
# ---
# delimiter: ','
# meta: !!omap
# - RELEASE: Gaia DR3
# - TABLE: vari_eclipsing_binary
# - DESCRIPTION: >
#     This table describes the properties of the eclipsing binaries resulting from the variability analysis. 
# - CITATION: >
#     How to cite and acknowledge Gaia: 
#     https://gea.esac.esa.int/archive/documentation/credits.html 
# - KNOWN_ISSUES: >
#     Known issues: 
#     https://www.cosmos.esa.int/web/gaia-users/known-issues 
# - DOCUMENTATION: >
#     Tutorials and documentation: 
#     https://www.cosmos.esa.int/web/gaia-users/archive 
# datatype:
# - 
#   name: solution_id
#   datatype: int64
#   description: Solution Identifier
#   meta:
#     ucd: meta.version
# - 
#   name: source_id
#   datatype: int64
#   description: Unique source identifier
#   meta:
#     ucd: meta.id;meta.main
# - 
#   name: global_ranking
#   datatype: float32
#   description: Number between 0 (worst) and 1 (best)
#   meta:
#     ucd: stat.param
# - 
#   name: reference_time
#   datatype: float64
#   unit: d
#   description: Reference time used for the geometric model fit
#   meta:
#     ucd: time.epoch
# - 
#   name: frequency
#   datatype: float64
#   unit: d**-1
#   description: Frequency of geometric model of the eclipsing binary light curve
#   meta:
#     ucd: src.orbital
# - 
#   name: frequency_error
#   datatype: float32
#   unit: d**-1
#   description: "Uncertainty of \\texttt{frequency}"
#   meta:
#     ucd: stat.error
# - 
#   name: geom_model_reference_level
#   datatype: float32
#   unit: mag
#   description: Magnitude reference level of geometric model
#   meta:
#     ucd: phot.mag;em.opt
# - 
#   name: geom_model_reference_level_error
#   datatype: float32
#   unit: mag
#   description: "Uncertainty of \\texttt{geomModelReferenceLevel}"
#   meta:
#     ucd: stat.error;phot.mag;em.opt
# - 
#   name: geom_model_gaussian1_phase
#   datatype: float32
#   description: Phase of the Gaussian 1 component
#   meta:
#     ucd: time.phase
# - 
#   name: geom_model_gaussian1_phase_error
#   datatype: float32
#   description: "Uncertainty of \\texttt{geomModelGaussian1Phase}"
#   meta:
#     ucd: stat.error;time.phase
# - 
#   name: geom_model_gaussian1_sigma
#   datatype: float32
#   description: "Standard deviation [phase] of Gaussian 1 component"
#   meta:
#     ucd: stat.stdev
# - 
#   name: geom_model_gaussian1_sigma_error
#   datatype: float32
#   description: "Uncertainty of \\texttt{geomModelGaussian1Sigma}"
#   meta:
#     ucd: stat.error
# - 
#   name: geom_model_gaussian1_depth
#   datatype: float32
#   unit: mag
#   description: Magnitude depth of Gaussian 1 component
#   meta:
#     ucd: src.var.amplitude
# - 
#   name: geom_model_gaussian1_depth_error
#   datatype: float32
#   unit: mag
#   description: "Uncertainty of \\texttt{geomModelGaussian1Depth}"
#   meta:
#     ucd: stat.error;src.var.amplitude
# - 
#   name: geom_model_gaussian2_phase
#   datatype: float32
#   description: Phase of Gaussian 2 component
#   meta:
#     ucd: time.phase
# - 
#   name: geom_model_gaussian2_phase_error
#   datatype: float32
#   description: "Uncertainty of \\texttt{geomModelGaussian2Phase}"
#   meta:
#     ucd: stat.error;time.phase
# - 
#   name: geom_model_gaussian2_sigma
#   datatype: float32
[...]
#   datatype: float32
#   description: "Secondary eclipse: uncertainty of \\texttt{derivedSecondaryEclDuration}"
#   meta:
#     ucd: stat.error;time.duration
# - 
#   name: derived_secondary_ecl_depth
#   datatype: float32
#   unit: mag
#   description: "Secondary eclipse: depth"
#   meta:
#     ucd: src.var.amplitude
# - 
#   name: derived_secondary_ecl_depth_error
#   datatype: float32
#   unit: mag
#   description: "Secondary eclipse: uncertainty of \\texttt{derivedSecondaryEclDepth}"
#   meta:
#     ucd: stat.error;src.var.amplitude
solution_id,source_id,global_ranking,reference_time,frequency,frequency_error,geom_model_reference_level,geom_model_reference_level_error,geom_model_gaussian1_phase,geom_model_gaussian1_phase_error,geom_model_gaussian1_sigma,geom_model_gaussian1_sigma_error,geom_model_gaussian1_depth,geom_model_gaussian1_depth_error,geom_model_gaussian2_phase,geom_model_gaussian2_phase_error,geom_model_gaussian2_sigma,geom_model_gaussian2_sigma_error,geom_model_gaussian2_depth,geom_model_gaussian2_depth_error,geom_model_cosine_half_period_amplitude,geom_model_cosine_half_period_amplitude_error,geom_model_cosine_half_period_phase,geom_model_cosine_half_period_phase_error,model_type,num_model_parameters,reduced_chi2,derived_primary_ecl_phase,derived_primary_ecl_phase_error,derived_primary_ecl_duration,derived_primary_ecl_duration_error,derived_primary_ecl_depth,derived_primary_ecl_depth_error,derived_secondary_ecl_phase,derived_secondary_ecl_phase_error,derived_secondary_ecl_duration,derived_secondary_ecl_duration_error,derived_secondary_ecl_depth,derived_secondary_ecl_depth_error
[from data line 179]
375316653866487564,4382957432001109888,0.5244489,2114.0211965726667,1.7970790095993392,3.5070938E-5,18.780508,0.35081476,0.27347273,0.010732949,0.09704819,0.031187594,0.35935387,0.215998,0.77837145,0.006958527,0.1440537,0.12720047,0.19892424,0.34191006,null,null,null,null,"TWOGAUSSIANS",8,3.0394993,0.27340275,0.010913157,0.4,0.0,0.3068127,0.022209408,0.77837145,0.006954502,0.4,0.0,0.14541504,0.023935378
375316653866487564,4382966610347863680,0.58202755,2144.2946764812477,0.7088534191008815,6.403761E-5,17.019981,0.0021869983,0.4135207,0.0033218414,0.024530267,0.0016882513,0.53707236,0.020029992,0.9899558,0.962643,0.023093652,0.018835675,0.024340946,442.8901,null,null,null,null,"TWOGAUSSIANS",8,10.277386,0.4135207,0.0033218414,0.1373695,0.009454207,0.53707236,0.020029992,0.9899558,0.962643,0.12932445,0.105479784,0.024340946,442.8901
375316653866487564,4382970389919130368,0.424238,2163.5848941472545,0.14451164450921827,2.1509954E-5,17.429575,0.055826586,0.19148642,0.009084085,0.02063002,0.004304005,0.106280655,0.04156474,0.6055225,0.0128248,0.23238549,0.06075843,0.17111717,0.04932786,null,null,null,null,"TWOGAUSSIANS",8,7.634798,0.6055225,0.0128248,0.4,0.0,0.13732219,0.016693523,0.19225642,0.008892928,0.115528114,0.024102427,0.11464315,0.042230446
375316653866487564,4382994098137668608,0.5827294,2181.6882774647497,2.7448981465427273,1.1135127E-5,15.111666,0.023722108,0.25062567,0.0022297793,0.062169954,0.007634913,0.31810534,0.05163009,0.7527518,0.0027793047,0.0634177,0.008126341,0.30456665,0.039587677,0.114240296,0.024544079,0.25062567,0.0022297793,"TWOGAUSSIANS_WITH_ELLIPSOIDAL_ON_ECLIPSE1",9,152.90433,0.25062567,0.0022297793,0.34815174,0.042755514,0.5463753,0.04118922,0.7527518,0.0027793047,0.3551391,0.045507506,0.5327958,0.023686923
375316653866487564,4382994609237810176,0.47084957,2137.90521043344,0.9945684203722397,1.435635E-4,17.70843,0.005600527,0.29591134,0.014088209,0.034223825,0.01839421,0.250025,0.26036903,0.8102912,0.0011829218,0.023502348,0.0016705655,0.5386975,0.106771424,null,null,null,null,"TWOGAUSSIANS",8,13.875768,0.8102912,0.0011829218,0.13161315,0.009355167,0.5386975,0.106771424,0.29591134,0.014088209,0.19165343,0.10300757,0.250025,0.26036903
375316653866487564,4383009113343703424,0.5465979,2165.519189539104,3.057522628536802,1.9904692E-5,15.167107,0.0018406325,0.27337882,0.0037830712,0.08482984,0.004359961,0.10486737,0.0053929747,0.77811897,0.0052766097,0.06987511,0.006256063,0.093954645,0.0054293876,null,null,null,null,"TWOGAUSSIANS",8,16.793732,0.27337882,0.0037830712,0.4,0.0,0.10389754,0.0054605957,0.77811897,0.0052766097,0.39130065,0.023190495,0.09298482,0.0055293622
375316653866487564,4383022273123316736,0.47603568,2224.300021613478,0.044719339000000004,1.1412413E-6,16.673538,0.0042318855,0.9886111,6.6954456E-8,8.505848E-5,1.5760379E-6,2.6021318,0.19861442,0.51979715,0.010023152,0.03709844,0.006853193,0.039601527,0.0068489113,null,null,null,null,"TWOGAUSSIANS",8,26.99794,0.9886111,6.6954456E-8,4.7632746E-4,8.825812E-6,2.6021318,0.19861442,0.51979715,0.010023152,0.20775126,0.03837788,0.039601527,0.0068489113
375316653866487564,4383024777088059136,0.6018348,2170.0822585510678,2.099111891237014,8.892096E-6,14.5416975,0.0017550698,0.32581514,0.0012482138,0.049483016,0.0013741277,0.1477271,0.0038932078,0.8361731,0.0028464198,0.034272302,0.003912669,0.034830604,0.005337582,0.017799078,0.0024835365,0.8361731,0.0028464198,"TWOGAUSSIANS_WITH_ELLIPSOIDAL_ON_ECLIPSE2",9,15.037965,0.32627514,0.0011380396,0.27710488,0.007695115,0.18318099,0.0022312056,0.8361731,0.0028464198,0.19192488,0.021910949,0.07042838,0.0024904236
375316653866487564,4383027491510433920,0.534728,2197.440194858728,4.976871486000825,2.1791596E-4,18.224506,0.0017542505,0.5901306,0.05031474,0.043152764,0.038135376,0.01140734,0.012205554,0.4838657,0.0027864734,0.019830367,0.0016484358,0.26757812,0.00741662,null,null,null,null,"TWOGAUSSIANS",8,1.8729342,0.48391572,0.002703169,0.111050054,0.0092312405,0.2681289,0.0073557524,0.5901206,0.05036889,0.24165548,0.2135581,0.0114074955,0.012206074
375316653866487564,4383057384480354304,0.5949761,2207.664043053203,4.174742135214182,7.991602E-6,18.428276,0.009910635,0.2656348,0.002517549,0.046019636,0.0061884467,0.34014788,0.07333477,0.7674038,0.0015950103,0.04135808,0.0027562263,0.5563964,0.03259751,0.14803113,0.013688803,0.2656348,0.002517549,"TWOGAUSSIANS_WITH_ELLIPSOIDAL_ON_ECLIPSE1",9,4.365521,0.7674038,0.0015887595,0.23160525,0.015434868,0.85242176,0.033630922,0.2656348,0.002517549,0.25770998,0.034655303,0.63620985,0.07030666
375316653866487564,4383066013070114176,0.53648853,2141.4506135080796,0.3506222323046938,1.1718731E-4,17.243828,0.001260598,0.13342588,0.01357236,0.020481287,0.0038511255,0.011838715,0.0024761236,0.572306,0.0205554,0.049338527,0.0140590435,0.14663759,0.04029625,null,null,null,null,"TWOGAUSSIANS",8,2.0561376,0.572306,0.0205554,0.27629575,0.07873064,0.14663759,0.04029625,0.13342588,0.01357236,0.11469521,0.021566303,0.011838715,0.0024761236
375316653866487564,4383077454862996608,0.6408785,2176.118339138472,2.7086229804971325,4.428979E-6,13.821492,0.0052490802,0.25926495,0.001980306,0.08851134,0.002336412,0.43174392,0.006741941,0.7592565,0.0012259668,0.08205506,0.0018444789,0.458989,0.0071896752,null,null,null,null,"TWOGAUSSIANS",8,109.553535,0.7592565,0.0012259668,0.4,0.0,0.4468956,0.006674359,0.25926495,0.001980306,0.4,0.0,0.4196504,0.005401853
375316653866487564,4383112256981502464,0.5367744,2183.3793760817507,2.9964418494813865,2.6078455E-5,19.359167,0.008703881,0.31849903,0.0039820727,0.038645227,0.007269485,0.43623525,0.027396759,0.80345255,0.012697872,0.058660608,0.015784867,0.11216795,0.017480066,null,null,null,null,"TWOGAUSSIANS",8,2.899861,0.31849903,0.0039820727,0.21641326,0.040709116,0.43623492,0.02739666,0.80345255,0.012697872,0.3284994,0.08839526,0.11216764,0.017480826
375316653866487564,4383114593443752576,0.46328032,2159.428603609992,3.1676228127507366,4.7823767E-5,17.863195,0.0061248313,0.20905241,0.0050008656,0.0546258,0.0059165526,0.13960522,0.010657697,0.71547663,0.025862226,0.07895177,0.02290812,0.086095646,0.017645197,null,null,null,null,"TWOGAUSSIANS",8,7.1680684,0.20905241,0.0050008656,0.3059045,0.033132695,0.13945006,0.010663795,0.71547663,0.025862226,0.4,0.0,0.08594048,0.017692136
375316653866487564,4383116624965019264,0.50290996,2149.3774313056456,2.1519506048561845,2.9476769E-5,16.496235,0.011406978,0.2503053,0.071178414,0.036974456,0.023164077,0.124777384,0.13916287,0.7217614,0.00931222,0.031839676,0.013612562,0.27898034,0.12693137,0.024486858,0.01552047,0.7217614,0.00931222,"TWOGAUSSIANS_WITH_ELLIPSOIDAL_ON_ECLIPSE2",9,27.900639,0.7217614,0.00931222,0.1783022,0.07623035,0.32795396,0.13425012,0.2491653,0.07010108,0.20705695,0.12971883,0.17225409,0.14084955
375316653866487564,4383123423897622912,0.48937038,2181.156712034704,2.485704548520578,2.8142062E-5,19.194633,0.004426248,0.30684835,0.008715018,0.016063098,0.00910177,0.05702528,0.020713326,0.6023272,0.0133136315,0.044399258,0.007249791,0.30431524,0.05530236,null,null,null,null,"TWOGAUSSIANS",8,1.7521353,0.6023272,0.0133136315,0.24863584,0.04059883,0.30431524,0.05530236,0.30684835,0.008715018,0.08995335,0.050969914,0.05702528,0.020713326
375316653866487564,4383165312714270720,0.6378436,2149.659983278004,3.2229792302612337,5.104308E-6,15.437767,0.00604941,0.2368979,0.001452108,0.048033517,0.002013004,0.45582736,0.01394823,0.7399546,8.9560624E-4,0.044769228,0.001503104,0.3576893,0.016038451,0.12276496,0.0074991495,0.7399546,8.9560624E-4,"TWOGAUSSIANS_WITH_ELLIPSOIDAL_ON_ECLIPSE2",9,50.90475,0.23716791,0.0013064214,0.2689877,0.011272822,0.7012739,0.0093736565,0.7399546,8.9560624E-4,0.2507077,0.008417383,0.6032183,0.011506064
375316653866487564,4383169710761075712,0.62690735,2155.273676045796,0.431231829423249,3.0533527E-6,17.49646,0.0015162012,0.23771253,0.0025069949,0.01598301,0.0014274718,0.51212704,0.13034752,0.7384327,3.9249676E-4,0.017021067,4.3597503E-4,0.45472428,0.0033238607,null,null,null,null,"TWOGAUSSIANS",8,2.7518167,0.23771253,0.0025069949,0.08950486,0.007993842,0.51212704,0.13034752,0.7384327,3.9249676E-4,0.095317975,0.00244146,0.45472428,0.0033238607
375316653866487564,4383170707193557632,0.5844056,2181.7624457275606,0.4851014065313655,6.0635184E-6,13.449757,0.0042909263,0.2651556,0.0037105582,0.024963258,0.002494215,0.4029969,0.033598773,0.7662296,0.007688555,0.03340105,0.007404856,0.2578555,0.00896822,0.0023285851,0.0057891854,0.2651556,0.0037105582,"TWOGAUSSIANS_WITH_ELLIPSOIDAL_ON_ECLIPSE1",9,312.30365,0.2651556,0.0037105582,0.13979425,0.013967603,0.40765405,0.03219517,0.7662296,0.007687529,0.18704587,0.041467194,0.26251245,0.0063825976
375316653866487564,4383183935692535040,0.51401234,2156.3483410115687,2.9255210004361274,4.128723E-5,16.085518,0.0024250892,null,null,null,null,null,null,null,null,null,null,null,null,0.07416171,0.002730121,0.27175868,0.0049726884,"ELLIPSOIDAL",4,37.286175,null,null,null,null,null,null,null,null,null,null,null,null
375316653866487564,4383184073131491840,0.6413008,2146.3730237365203,2.2582221036817183,7.5035227E-6,14.555666,0.009945295,0.25287086,0.0012674305,0.058922112,0.005064971,0.18065348,0.021158163,0.74885637,0.0020141504,0.066075,0.0031348409,0.36495283,0.021346612,0.06621511,0.011138482,0.25287086,0.0012674305,"TWOGAUSSIANS_WITH_ELLIPSOIDAL_ON_ECLIPSE1",9,65.60425,0.7493063,0.0017343938,0.37001997,0.017555108,0.49706626,0.010604226,0.25287086,0.0012674305,0.32996383,0.028363837,0.3128418,0.014405589
375316653866487564,4383192177733770112,0.511579,2161.094676209429,0.6211284572265794,1.1440525E-6,19.321875,0.0048382934,0.42704412,0.0013022857,0.015720818,0.0017772821,0.49340516,0.008261566,0.90875655,2.3201726E-6,6.2677957E-4,2.73377E-5,0.25677162,0.004461646,null,null,null,null,"TWOGAUSSIANS",8,3.0278778,0.42704412,0.0013022857,0.08803658,0.00995278,0.49340516,0.008261566,0.90875655,2.3201726E-6,0.0035099657,1.5309112E-4,0.25677162,0.004461646
375316653866487564,4383196511355040384,0.50661,2185.707911814073,0.9680758673466393,2.5787056E-5,19.762299,0.004730425,0.33099166,0.0015650409,0.018035447,0.0013725299,0.38250428,0.04536003,0.823207,0.017919846,0.010446844,0.00839738,0.46595737,0.3812291,null,null,null,null,"TWOGAUSSIANS",8,1.6356014,0.823207,0.017919846,0.058502324,0.047025327,0.46595737,0.3812291,0.33099166,0.0015650409,0.100998506,0.0076861675,0.38250428,0.04536003
375316653866487564,4383200905105899776,0.5020788,2195.2587730618015,0.3554770477830068,1.3155549E-5,18.790867,0.0021046,0.6109036,0.014320896,0.0400097,0.005709351,0.4829975,0.057183612,0.9547215,6.4272026E-4,9.5234497E-4,3.2903845E-4,0.0651477,0.008600572,null,null,null,null,"TWOGAUSSIANS",8,4.029326,0.6109036,0.014320896,0.22405432,0.031972367,0.4829975,0.057183612,0.9547215,6.4272026E-4,0.0053331316,0.0018426153,0.0651477,0.008600572
375316653866487564,4383203997482401664,0.596819,2178.258867050554,2.961728640755792,7.0142955E-6,16.499277,0.0082018515,0.16531819,0.0019539383,0.09517643,0.0032048747,0.3172443,0.009129072,0.6717567,0.0016355892,0.08890207,0.003087487,0.36591375,0.012619263,null,null,null,null,"TWOGAUSSIANS",8,11.676469,0.6717567,0.0016355892,0.4,0.0,0.3504926,0.012562817,0.16531819,0.0019539383,0.4,0.0,0.30182254,0.0068840687
375316653866487564,4383210839367773184,0.6252427,2165.7405534881304,1.4448387132604188,6.6093667E-6,12.707533,0.0050770375,0.27294883,0.0018319528,0.08141727,0.0018604023,0.5143593,0.0069418936,0.77803665,0.0028484697,0.07907221,0.0024480363,0.2684798,0.0088561885,null,null,null,null,"TWOGAUSSIANS",8,204.582,0.27294883,0.0018319528,0.4,0.0,0.5091104,0.006346151,0.77803665,0.0028484697,0.4,0.0,0.2632309,0.008384515
375316653866487564,4383214309701368960,0.64061654,2146.4350890859405,3.327725412683711,5.6779163E-6,15.891804,0.003779655,0.29047891,0.0014323869,0.07808924,0.0015241812,0.5430949,0.010736682,0.7971023,0.0012762819,0.076712385,0.0010935954,0.44964978,0.004965285,null,null,null,null,"TWOGAUSSIANS",8,25.01773,0.29047891,0.0014323869,0.4,0.0,0.53842497,0.011131077,0.7971023,0.0012762819,0.4,0.0,0.44497988,0.0045634434
375316653866487564,4383242136793463424,0.4716165,2154.3652615764295,3.3923139563033153,3.316008E-5,19.591518,0.012610928,0.17698415,0.033783454,0.044880386,0.02211229,0.07787873,0.017232228,0.5205094,0.012886805,0.013090267,0.006653287,1.0632764,12.131015,0.02325624,0.0152839,0.5205094,0.012886805,"TWOGAUSSIANS_WITH_ELLIPSOIDAL_ON_ECLIPSE2",9,3.3623502,0.5205094,0.012886805,0.073305495,0.03725841,1.1097888,12.134991,0.16967414,0.027713086,0.25133017,0.12382882,0.09315462,0.020443538
375316653866487564,4383265432697147648,0.497174,2129.34967843035,1.2529223097713933,1.1373857E-5,17.263365,0.0033686163,0.33656457,0.0017772341,0.018246118,0.0017170706,0.3508053,0.038569126,0.8279776,0.003699535,0.016364336,0.004418571,0.1617614,0.031206189,null,null,null,null,"TWOGAUSSIANS",8,21.325254,0.33656457,0.0017772341,0.10217826,0.009615595,0.3508053,0.038569126,0.8279776,0.003699535,0.09164028,0.024743998,0.1617614,0.031206189
375316653866487564,4383266807084585984,0.4240049,2142.8515500078734,1.9160088885828428,8.5314314E-5,19.791367,0.02435585,0.19347577,9.255903E-4,0.007092656,0.0015595726,1.2677313,1.0232701,0.69588643,0.072625935,0.052648123,0.083104946,0.1844454,0.16241129,null,null,null,null,"TWOGAUSSIANS",8,4.755079,0.19347577,9.255903E-4,0.039718874,0.008733607,1.2677313,1.0232701,0.69588643,0.072625935,0.2948295,0.46538767,0.1844454,0.16241129
375316653866487564,4383267670375133824,0.5848712,2148.119866245336,3.5849742998269463,1.8342334E-5,17.023241,0.0042260643,0.20369409,0.0014096551,0.092330724,0.0024599154,0.23788226,0.0042680176,0.7038794,0.0023310436,0.086903095,0.0036102764,0.22734863,0.0046390626,null,null,null,null,"TWOGAUSSIANS",8,4.242402,0.20369409,0.0014096551,0.4,0.0,0.22840783,0.0032411886,0.7038794,0.0023310436,0.4,0.0,0.2178744,0.004186266
375316653866487564,4383275195157433856,0.57263154,2179.4153247082772,3.30999848714786,1.0950961E-5,16.23894,0.022256212,0.24728233,0.003581088,0.051480252,0.006722563,0.30746,0.047334444,0.7521743,0.0027699256,0.05598033,0.0075257444,0.45897323,0.042663924,0.07421258,0.026615247,0.7521743,0.0027699256,"TWOGAUSSIANS_WITH_ELLIPSOIDAL_ON_ECLIPSE2",9,58.72162,0.7521743,0.0027699256,0.31348985,0.04214417,0.6073743,0.05223478,0.24773233,0.0031796426,0.28828943,0.037646353,0.4557338,0.008713346
375316653866487564,4383310929285447808,0.5801807,2133.889476979466,2.5496482033233776,4.9378045E-6,16.214207,0.0040772352,0.15534587,0.0035967976,0.030722158,0.002227584,0.60827005,0.03271726,0.6563875,5.8827375E-4,0.032088917,0.0020402076,0.4631286,0.040722586,0.03602975,0.0068521197,0.15534587,0.0035967976,"TWOGAUSSIANS_WITH_ELLIPSOIDAL_ON_ECLIPSE1",9,31.689901,0.15534587,0.0035967976,0.17204408,0.01247447,0.68032956,0.026697678,0.6563875,5.8827375E-4,0.17969793,0.011425163,0.535185,0.044641178
375316653866487564,4383312338034749824,0.5856188,2139.6385477962713,2.5789351616863927,6.8672775E-6,15.565948,0.051359426,0.17777416,0.004020949,0.06849963,0.012489841,0.32310405,0.09909426,0.67328006,0.0018666034,0.06702222,0.00984087,0.33735442,0.10241418,0.059391808,0.055325676,0.67328006,0.0018666034,"TWOGAUSSIANS_WITH_ELLIPSOIDAL_ON_ECLIPSE2",9,73.36414,0.67328006,0.0018666034,0.37532443,0.05510887,0.45549095,0.014008169,0.17723416,0.003509349,0.38359794,0.06339461,0.44115722,0.018887006
375316653866487564,4383333361898540928,0.6318428,2169.1205323574995,2.716326824248941,3.4862971E-6,18.393822,0.0076960702,0.2549968,8.9858513E-4,0.04098665,0.001581445,0.79254615,0.029809503,0.7523317,0.0031264336,0.041120667,0.0041177245,0.43834373,0.028734118,0.0774025,0.010370826,0.2549968,8.9858513E-4,"TWOGAUSSIANS_WITH_ELLIPSOIDAL_ON_ECLIPSE1",9,3.4041448,0.2549968,8.9858513E-4,0.22952524,0.008856092,0.94735116,0.03154843,0.7524517,0.0029921345,0.23027574,0.023059256,0.5931073,0.03210676
