Gaia/vari_eclipsing_binary/VariEclipsingBinary_384633-384965.csv
# %ECSV 1.0
# ---
# delimiter: ','
# meta: !!omap
# - RELEASE: Gaia DR3
# - TABLE: vari_eclipsing_binary
# - DESCRIPTION: >
#     This table describes the properties of the eclipsing binaries resulting from the variability analysis. 
# - CITATION: >
#     How to cite and acknowledge Gaia: 
#     https://gea.esac.esa.int/archive/documentation/credits.html 
# - KNOWN_ISSUES: >
#     Known issues: 
#     https://www.cosmos.esa.int/web/gaia-users/known-issues 
# - DOCUMENTATION: >
#     Tutorials and documentation: 
#     https://www.cosmos.esa.int/web/gaia-users/archive 
# datatype:
# - 
#   name: solution_id
#   datatype: int64
#   description: Solution Identifier
#   meta:
#     ucd: meta.version
# - 
#   name: source_id
#   datatype: int64
#   description: Unique source identifier
#   meta:
#     ucd: meta.id;meta.main
# - 
#   name: global_ranking
#   datatype: float32
#   description: Number between 0 (worst) and 1 (best)
#   meta:
#     ucd: stat.param
# - 
#   name: reference_time
#   datatype: float64
#   unit: d
#   description: Reference time used for the geometric model fit
#   meta:
#     ucd: time.epoch
# - 
#   name: frequency
#   datatype: float64
#   unit: d**-1
#   description: Frequency of geometric model of the eclipsing binary light curve
#   meta:
#     ucd: src.orbital
# - 
#   name: frequency_error
#   datatype: float32
#   unit: d**-1
#   description: "Uncertainty of \\texttt{frequency}"
#   meta:
#     ucd: stat.error
# - 
#   name: geom_model_reference_level
#   datatype: float32
#   unit: mag
#   description: Magnitude reference level of geometric model
#   meta:
#     ucd: phot.mag;em.opt
# - 
#   name: geom_model_reference_level_error
#   datatype: float32
#   unit: mag
#   description: "Uncertainty of \\texttt{geomModelReferenceLevel}"
#   meta:
#     ucd: stat.error;phot.mag;em.opt
# - 
#   name: geom_model_gaussian1_phase
#   datatype: float32
#   description: Phase of the Gaussian 1 component
#   meta:
#     ucd: time.phase
# - 
#   name: geom_model_gaussian1_phase_error
#   datatype: float32
#   description: "Uncertainty of \\texttt{geomModelGaussian1Phase}"
#   meta:
#     ucd: stat.error;time.phase
# - 
#   name: geom_model_gaussian1_sigma
#   datatype: float32
#   description: "Standard deviation [phase] of Gaussian 1 component"
#   meta:
#     ucd: stat.stdev
# - 
#   name: geom_model_gaussian1_sigma_error
#   datatype: float32
#   description: "Uncertainty of \\texttt{geomModelGaussian1Sigma}"
#   meta:
#     ucd: stat.error
# - 
#   name: geom_model_gaussian1_depth
#   datatype: float32
#   unit: mag
#   description: Magnitude depth of Gaussian 1 component
#   meta:
#     ucd: src.var.amplitude
# - 
#   name: geom_model_gaussian1_depth_error
#   datatype: float32
#   unit: mag
#   description: "Uncertainty of \\texttt{geomModelGaussian1Depth}"
#   meta:
#     ucd: stat.error;src.var.amplitude
# - 
#   name: geom_model_gaussian2_phase
#   datatype: float32
#   description: Phase of Gaussian 2 component
#   meta:
#     ucd: time.phase
# - 
#   name: geom_model_gaussian2_phase_error
#   datatype: float32
#   description: "Uncertainty of \\texttt{geomModelGaussian2Phase}"
#   meta:
#     ucd: stat.error;time.phase
# - 
#   name: geom_model_gaussian2_sigma
#   datatype: float32
[...]
#   datatype: float32
#   description: "Secondary eclipse: uncertainty of \\texttt{derivedSecondaryEclDuration}"
#   meta:
#     ucd: stat.error;time.duration
# - 
#   name: derived_secondary_ecl_depth
#   datatype: float32
#   unit: mag
#   description: "Secondary eclipse: depth"
#   meta:
#     ucd: src.var.amplitude
# - 
#   name: derived_secondary_ecl_depth_error
#   datatype: float32
#   unit: mag
#   description: "Secondary eclipse: uncertainty of \\texttt{derivedSecondaryEclDepth}"
#   meta:
#     ucd: stat.error;src.var.amplitude
solution_id,source_id,global_ranking,reference_time,frequency,frequency_error,geom_model_reference_level,geom_model_reference_level_error,geom_model_gaussian1_phase,geom_model_gaussian1_phase_error,geom_model_gaussian1_sigma,geom_model_gaussian1_sigma_error,geom_model_gaussian1_depth,geom_model_gaussian1_depth_error,geom_model_gaussian2_phase,geom_model_gaussian2_phase_error,geom_model_gaussian2_sigma,geom_model_gaussian2_sigma_error,geom_model_gaussian2_depth,geom_model_gaussian2_depth_error,geom_model_cosine_half_period_amplitude,geom_model_cosine_half_period_amplitude_error,geom_model_cosine_half_period_phase,geom_model_cosine_half_period_phase_error,model_type,num_model_parameters,reduced_chi2,derived_primary_ecl_phase,derived_primary_ecl_phase_error,derived_primary_ecl_duration,derived_primary_ecl_duration_error,derived_primary_ecl_depth,derived_primary_ecl_depth_error,derived_secondary_ecl_phase,derived_secondary_ecl_phase_error,derived_secondary_ecl_duration,derived_secondary_ecl_duration_error,derived_secondary_ecl_depth,derived_secondary_ecl_depth_error
[from data line 664]
375316653866487564,3385804083298792576,0.5079093,2221.045956377746,0.12536757589076128,1.5776877E-5,19.300213,0.07308365,0.25437653,0.0030954129,0.045160096,0.00964858,0.32465553,0.075422466,0.79653573,0.022724535,0.10413145,0.042376712,0.26013824,0.080632165,null,null,null,null,"TWOGAUSSIANS",8,3.2912135,0.25437653,0.0030910324,0.25289655,0.05403205,0.32397613,0.06803941,0.79653573,0.022724535,0.4,0.0,0.259442,0.07300871
375316653866487564,3385807244394756352,0.6107934,2173.3070422168576,3.861896383367099,1.7515036E-5,18.39982,0.06439438,0.35083607,0.0063945637,0.07365538,0.010415736,0.59620696,0.059949625,0.8346785,0.06225168,0.07595704,0.046276845,0.6606952,0.3081459,null,null,null,null,"TWOGAUSSIANS",8,9.921815,0.8346785,0.06225168,0.4,0.013727829,0.65742517,0.31777132,0.35083607,0.006254777,0.4,0.030571263,0.59293693,0.04912006
375316653866487564,3385810203628857088,0.68377477,2272.9876225704593,2.305449022149626,7.3878173E-6,16.04529,0.026920192,0.22274101,0.0032880274,0.057239376,0.022134703,0.17319615,0.15997092,0.7195035,0.008332051,0.06013656,0.012341292,0.2626868,0.056615088,0.08847072,0.02915589,0.22274101,0.0032880274,"TWOGAUSSIANS_WITH_ELLIPSOIDAL_ON_ECLIPSE1",9,6.806589,0.7200235,0.0068640574,0.33676475,0.06911123,0.43951732,0.012938654,0.22274101,0.0032880274,0.32054052,0.12395434,0.35008806,0.1712746
375316653866487564,3385812982469681792,0.58793163,2273.2074559083703,2.813769318749546,1.3065275E-5,16.612625,0.021930393,0.20685874,0.002703989,0.058853656,0.0112297265,0.21465707,0.06298364,0.71104956,0.048502136,0.055659585,0.04477754,0.2338318,0.10579119,0.09049444,0.028432362,0.20685874,0.002703989,"TWOGAUSSIANS_WITH_ELLIPSOIDAL_ON_ECLIPSE1",9,21.76723,0.71104956,0.048502136,0.31169367,0.25075424,0.4146607,0.11224544,0.20685874,0.002703989,0.32958046,0.06288647,0.3956114,0.048004415
375316653866487564,3385821709844869504,0.47337967,2211.7419150520727,0.4523906535489177,6.7786685E-5,17.792057,0.014293508,0.30265027,0.033938672,0.109374374,0.03601298,0.12251239,0.019601583,0.5904645,0.021825409,0.052400406,0.043048605,0.22519304,0.07239814,null,null,null,null,"TWOGAUSSIANS",8,12.298515,0.5904645,0.021825409,0.29344228,0.12604709,0.22901665,0.07644777,0.30265027,0.03330923,0.4,0.0,0.122494325,0.019656623
375316653866487564,3385825042743760768,0.5954986,2247.425034699081,2.7574379508981717,5.785087E-6,16.55412,0.019430574,0.31667528,0.0020037587,0.11402495,0.009369898,0.22028764,0.016730404,0.81428224,0.0027142446,0.103542574,0.0073306584,0.25340593,0.017553493,null,null,null,null,"TWOGAUSSIANS",8,3.5778039,0.81428224,0.0027142446,0.4,0.0,0.22078304,0.005005896,0.31667528,0.0020037587,0.4,0.0,0.18763961,0.0044096066
375316653866487564,3385827005540471808,0.5270909,2258.021167487861,2.7854832020081366,1.5105045E-5,16.849678,0.040901892,0.25655377,0.009087578,0.10345882,0.024046939,0.24003026,0.036537673,0.7537726,0.011949444,0.1039014,0.03537282,0.15278113,0.03702536,null,null,null,null,"TWOGAUSSIANS",8,21.785564,0.25655377,0.009086651,0.4,0.0,0.21989335,0.024514662,0.7537726,0.011954944,0.4,0.0,0.13264544,0.028717618
375316653866487564,3385829062828756992,0.52088904,2217.876183823154,3.369459205516493,4.10381E-5,17.916492,0.04562715,0.222454,0.009050467,0.12011573,0.021139333,0.19678272,0.040034756,0.7157338,0.0062649543,0.11453699,0.020092817,0.25141814,0.04051452,null,null,null,null,"TWOGAUSSIANS",8,6.487132,0.7157338,0.0062649543,0.4,0.0,0.20853743,0.016251406,0.222484,0.009031371,0.4,0.0,0.15387002,0.01342528
375316653866487564,3385829750023572096,0.6203707,2275.041468764002,3.6670678022281264,6.463315E-6,18.310165,0.010698738,0.27034956,0.0025282688,0.07622859,0.0033158003,0.4867365,0.016008794,0.7638061,0.004631016,0.06769762,0.005863179,0.41977668,0.026321908,null,null,null,null,"TWOGAUSSIANS",8,3.571928,0.27034956,0.0025282688,0.4,0.0,0.48488453,0.015722273,0.7638061,0.004631016,0.37910667,0.029573834,0.41792473,0.02635061
375316653866487564,3385834221085731968,0.724638,2277.011309127891,2.8213824718663014,4.27202E-6,16.90835,0.003178766,0.20559894,0.0011094671,0.08434626,0.0014384883,0.4363819,0.00363745,0.70443827,0.0012014853,0.08189288,0.001389883,0.38953653,0.005737011,null,null,null,null,"TWOGAUSSIANS",8,1.4614602,0.20559894,0.0011094671,0.4,0.0,0.4276122,0.0032314148,0.70443827,0.0012014853,0.4,0.0,0.3807668,0.005613815
375316653866487564,3385836179590778240,0.58453304,2248.674313069727,2.808870774679503,8.264462E-6,14.989207,0.26089767,0.2409952,0.0023374555,0.1304589,0.03429049,0.2811634,0.22582397,0.7382426,0.0031618678,0.15555413,0.06584995,0.27379882,0.25709763,null,null,null,null,"TWOGAUSSIANS",8,23.910868,0.2412152,0.0022234926,0.4,0.0,0.16678688,0.0074414853,0.7382426,0.0031618678,0.4,0.0,0.15665622,0.006382521
375316653866487564,3385836553254924160,0.43468848,2299.645931305475,3.84211361604886,8.683455E-5,17.030857,0.15445893,0.34826425,0.04931612,0.20169647,0.11561091,0.26872733,0.13940349,0.68659323,0.022688815,0.07887325,0.029765619,1.1309856,11.2282715,null,null,null,null,"TWOGAUSSIANS",8,9.734456,0.68659323,0.022688815,0.4,0.09550084,1.153309,11.240707,0.34925425,0.050923463,0.4,0.0,0.22411934,0.04873441
375316653866487564,3385838305601870720,0.52936065,2252.716448435033,3.526935498957149,1.9746856E-5,16.383467,0.03510812,0.17794001,0.007043698,0.08949033,0.016667219,0.43091026,0.062294476,0.6743484,0.012069732,0.08719032,0.013409706,0.4662117,0.041039206,null,null,null,null,"TWOGAUSSIANS",8,149.09041,0.6743484,0.012069732,0.4,0.0,0.45079345,0.029473204,0.17794001,0.007043698,0.4,0.0,0.4154919,0.067878634
375316653866487564,3385839512485339264,0.68844795,2249.385574309627,3.1512773691622415,4.6975515E-6,17.203196,0.011314226,0.29855296,0.0011761208,0.04984242,0.0035200508,0.32095253,0.025542619,0.7991141,0.011893943,0.04472716,0.0062571345,0.24111784,0.050262246,0.11745328,0.014821814,0.29855296,0.0011761208,"TWOGAUSSIANS_WITH_ELLIPSOIDAL_ON_ECLIPSE1",9,4.7516894,0.29855296,0.0011761208,0.27911755,0.019712284,0.55585796,0.0063314163,0.7991141,0.011892131,0.2504721,0.035039954,0.47602034,0.052734155
375316653866487564,3385840543277543552,0.70433617,2253.191629300135,0.9421476461265974,5.120922E-6,15.880032,0.0013501944,0.22800475,0.0014373681,0.030445892,0.002856045,0.23131844,0.025108062,0.7218343,0.0011979911,0.034069344,9.2258456E-4,0.19900593,0.005816486,0.036651812,0.0019741112,0.22800475,0.0014373681,"TWOGAUSSIANS_WITH_ELLIPSOIDAL_ON_ECLIPSE1",9,1.4137373,0.22800475,0.0014373681,0.170497,0.015993852,0.30462205,0.025171144,0.72203434,0.001138682,0.19078833,0.005166474,0.27220303,0.005145166
375316653866487564,3385840989954132864,0.5669719,2249.312254367423,3.107941623768558,7.583195E-6,15.738137,0.0033991756,0.7202517,0.002006692,0.055231266,0.015964726,0.054165106,0.010878874,null,null,null,null,null,null,0.08846995,0.0067666294,0.7202517,0.002006692,"ONEGAUSSIAN_WITH_ELLIPSOIDAL",6,21.40386,0.7202517,0.002006692,0.3092951,0.08940247,0.2311027,0.010225551,null,null,null,null,null,null
375316653866487564,3385846208338399360,0.5555454,2246.7404651572956,4.3634759137702765,6.9851453E-6,17.465454,0.0052441345,0.3062755,0.0057950104,0.072039954,0.003876635,0.48412886,0.014053404,0.8054482,0.0033361951,0.07005089,0.0026993859,0.48424786,0.014261226,null,null,null,null,"TWOGAUSSIANS",8,11.382606,0.8054482,0.0033361951,0.392285,0.014669639,0.48230547,0.013880857,0.3062755,0.0057950104,0.4,0.0052320044,0.48218644,0.014165925
375316653866487564,3385848858334030208,0.63845366,2269.634019583749,3.0544069612707565,2.7420722E-6,16.802872,0.013652567,0.30546376,0.0010931813,0.06651569,0.006560398,0.29105642,0.031910975,0.80316895,9.270756E-4,0.048881963,0.004423807,0.37106562,0.019685948,0.1204848,0.01761702,0.30546376,0.0010931813,"TWOGAUSSIANS_WITH_ELLIPSOIDAL_ON_ECLIPSE1",9,8.440013,0.80341893,7.753531E-4,0.27373898,0.024773318,0.6117449,0.016915405,0.30546376,0.0010931813,0.3724879,0.036738228,0.5317803,0.033553693
375316653866487564,3385863285126491904,0.5752569,2201.112033455917,1.2960973730956344,2.330676E-5,12.910241,0.0020541383,0.32428443,0.009951207,0.044199675,0.0070291576,0.20240079,0.036680125,0.8264048,0.014557398,0.033747558,0.013142634,0.057292096,0.012234847,0.012601335,0.0032045676,0.32428443,0.009951207,"TWOGAUSSIANS_WITH_ELLIPSOIDAL_ON_ECLIPSE1",9,37.803432,0.32428443,0.009951207,0.24751818,0.039363284,0.22760339,0.036182787,0.8264048,0.013831636,0.18898633,0.07359875,0.08249023,0.013809265
375316653866487564,3385869572958764928,0.56593376,2290.591446133772,1.184893321288331,3.5914938E-5,16.493044,0.0015228475,0.26068738,0.050062075,0.018966578,0.027634356,0.36084032,0.3388937,0.6426137,0.0126293665,0.0307604,0.007168656,0.0028072635,0.0017545607,null,null,null,null,"TWOGAUSSIANS",8,3.592219,0.26068738,0.050062075,0.10621283,0.15475239,0.36084032,0.3388937,0.6426137,0.0126293665,0.17225824,0.040144477,0.0028072635,0.0017545607
375316653866487564,3385880052678798080,0.6740291,2269.42957744664,2.6026593985147906,4.9644113E-6,12.018247,0.0037871618,0.21351573,0.0029683614,0.047417507,0.003888858,0.09228778,0.011243068,0.7111007,0.0038734088,0.046534467,0.005622964,0.08652607,0.01148716,0.041882575,0.0076817023,0.21351573,0.0029683614,"TWOGAUSSIANS_WITH_ELLIPSOIDAL_ON_ECLIPSE1",9,18.432627,0.21351573,0.0029683614,0.26553804,0.021777606,0.17605278,0.0054587517,0.7114407,0.00326987,0.26059303,0.031488597,0.17027453,0.008357256
375316653866487564,3385891769350200576,0.5480737,2249.468240794497,1.8954183179779758,5.7395333E-5,18.185051,0.0085322065,0.4603422,0.012520265,0.08466056,0.010185239,0.6098577,0.18772072,0.847233,0.0074167806,0.0482272,0.008439939,0.06632177,0.024676092,null,null,null,null,"TWOGAUSSIANS",8,3.593297,0.4603422,0.012520265,0.4,0.0,0.60984534,0.18773368,0.847233,0.0074167806,0.2700723,0.047263652,0.066327244,0.024685808
375316653866487564,3385893216756548608,0.5598727,2264.923511008647,2.1696619782514563,9.3664585E-6,15.223068,0.01751865,0.26293704,0.0022192313,0.037635118,0.0038609197,0.38295436,0.030876892,0.7824895,0.0108448025,0.06236056,0.009967078,0.19554764,0.044576045,0.024762345,0.019642897,0.26293704,0.0022192313,"TWOGAUSSIANS_WITH_ELLIPSOIDAL_ON_ECLIPSE1",9,200.78195,0.26293704,0.0022192313,0.21075666,0.02162115,0.43246204,0.01635755,0.7824895,0.0108448025,0.3492191,0.05581564,0.24431163,0.029525433
375316653866487564,3385903623460787200,0.58384675,2267.8989833551645,1.3942186685179647,8.953319E-5,19.251568,0.005992793,0.368033,1.9801278E-6,0.007612385,5.123717E-5,3.7013874,0.053773727,0.5781224,0.06814001,0.048611052,0.09178793,0.048620593,110846.39,null,null,null,null,"TWOGAUSSIANS",8,1.7945522,0.368033,1.9801278E-6,0.042629354,2.8692815E-4,3.7013917,0.05377027,0.5781224,0.06814001,0.2722219,0.5140124,0.048620593,110846.39
375316653866487564,3385906818916490368,0.5252158,2192.1285271070387,3.896888493105284,6.123719E-5,18.23097,0.01270774,0.22571558,0.009473397,0.08568496,0.012758567,0.18607794,0.017309953,0.7132647,0.012078006,0.09542579,0.013650044,0.21477756,0.015700482,null,null,null,null,"TWOGAUSSIANS",8,4.204613,0.7132647,0.012078006,0.4,0.0,0.20745899,0.012183014,0.22571558,0.009473397,0.4,0.0,0.17875993,0.01448948
375316653866487564,3385910877662338944,0.5591765,2229.187855875397,2.4521898009368592,2.9368344E-5,15.433914,0.02186358,0.22840804,0.00191221,0.086566396,0.006193394,0.40935206,0.021781802,0.71049595,0.015182034,0.07928908,0.018940927,0.4507877,0.100247726,null,null,null,null,"TWOGAUSSIANS",8,121.9561,0.71049595,0.015182034,0.4,0.037349634,0.44425488,0.1050098,0.22840804,0.00191221,0.4,0.0,0.40281916,0.01728457
375316653866487564,3385929771226060288,0.4878786,2253.063897205973,1.500408249243652,1.1826027E-4,16.969273,0.004579089,0.3059206,0.006871827,0.029840631,0.011895192,0.12150943,0.16587305,0.50272596,0.0034493501,0.01443869,0.008911882,0.25801373,0.20349713,null,null,null,null,"TWOGAUSSIANS",8,3.1365368,0.50272596,0.0034493501,0.080856666,0.049906537,0.25801373,0.20349714,0.3059206,0.006871827,0.16710754,0.06661308,0.12150943,0.16587305
375316653866487564,3385932215059309696,0.6384981,2233.1620517513834,2.594775197251193,1.1415781E-5,13.729164,0.010574671,0.15969183,0.0033327572,0.05482993,0.009412753,0.29005986,0.053022515,0.63753635,0.03146435,0.03616927,0.021064479,0.286807,0.102082364,0.13911462,0.014072553,0.15969183,0.0033327572,"TWOGAUSSIANS_WITH_ELLIPSOIDAL_ON_ECLIPSE1",9,240.55995,0.15969183,0.0033327572,0.3070476,0.05271142,0.56827956,0.061979476,0.6395363,0.02883524,0.20254791,0.11796109,0.56015015,0.09698921
375316653866487564,3385938154997008256,0.5190775,2212.526442134655,2.5180090515192406,6.45168E-5,19.302559,0.030820213,0.09344376,0.027696861,0.042277783,0.07403107,1.1388681,0.97756684,0.61031693,0.017864853,0.07247367,0.018771589,0.31267774,0.056958143,null,null,null,null,"TWOGAUSSIANS",8,2.9263964,0.09344376,0.027696861,0.2367556,0.15585023,1.1388307,0.9921662,0.61031693,0.017864853,0.4,0.07614267,0.31264028,0.053282674
375316653866487564,3385939666825592448,0.49975848,2186.3414025176435,1.2269700603493434,1.0554401E-5,18.228785,0.012633024,0.66152376,0.009564063,0.02114075,0.0047506923,0.5571898,0.10521499,null,null,null,null,null,null,0.035381425,0.014403726,0.66152376,0.009564063,"ONEGAUSSIAN_WITH_ELLIPSOIDAL",6,23.619862,0.66152376,0.009564063,0.1183882,0.026603876,0.62795264,0.10294445,null,null,null,null,null,null
375316653866487564,3385940667555387648,0.44453663,2253.765142674307,0.42486752322077215,4.2769865E-5,16.053387,0.06617694,0.22721185,0.009637127,0.15206549,0.07241055,0.19148757,0.04013463,0.76542753,0.006809103,0.078095704,0.00971519,0.4481951,0.08225723,null,null,null,null,"TWOGAUSSIANS",8,2.882094,0.76583755,0.006261304,0.4,0.0,0.4205488,0.08131527,0.22721185,0.009637127,0.4,0.0,0.16156667,0.03616772
375316653866487564,3385948261057456896,0.42167726,2267.3829452483865,3.3213583832015434,2.1429569E-5,18.114998,0.0068493774,null,null,null,null,null,null,null,null,null,null,null,null,0.114771426,0.076752804,0.8625872,0.007966023,"ELLIPSOIDAL",4,14.24759,null,null,null,null,null,null,null,null,null,null,null,null
375316653866487564,3385948634716573184,0.60240716,2263.973622491993,0.47750790074478566,2.036414E-5,12.34742,0.0047090366,0.25700805,0.0040162797,0.07953188,0.0068772663,0.099172845,0.0046209344,0.7633427,0.0067827543,0.102651104,0.01567716,0.039732337,0.004328184,null,null,null,null,"TWOGAUSSIANS",8,25.17725,0.25700805,0.0040162797,0.4,0.0,0.09676265,0.002773615,0.7633427,0.0067827543,0.4,0.0,0.037321556,0.0028833144
375316653866487564,3385955987701938688,0.4948699,2255.9911813983535,1.9234767099233936,5.1049225E-5,19.034388,0.019312397,0.32780507,0.04459616,0.13163222,0.081600234,0.06905454,0.11219226,0.77778727,0.016217146,0.0369516,0.018281009,0.51803946,7.036428,null,null,null,null,"TWOGAUSSIANS",8,5.540229,0.77778727,0.016217146,0.20692897,0.10237365,0.5174297,7.0370517,0.32780507,0.04459616,0.4,0.0,0.06823339,0.1130139
375316653866487564,3385957847424528896,0.6236447,2261.8221511342736,2.2818480640959904,9.416871E-6,14.380319,0.02526185,0.33739352,0.0051614246,0.09947821,0.009731807,0.35550585,0.026222967,0.83626664,0.001034639,0.09115841,0.006184199,0.38548946,0.023746366,null,null,null,null,"TWOGAUSSIANS",8,89.875656,0.83626664,0.001034639,0.4,0.0,0.36218217,0.010495742,0.33739352,0.0051614246,0.4,0.0,0.33219647,0.016271899
375316653866487564,3385961897576719872,0.46056664,2287.935219135512,0.29173209184678356,1.9333324E-5,18.731249,0.55025756,0.22677283,0.01157425,0.16113676,0.09010552,0.35578215,0.5391606,0.7073871,0.013410725,0.1388706,0.04412863,0.3615432,0.42606717,null,null,null,null,"TWOGAUSSIANS",8,2.0119884,0.7073871,0.013410725,0.4,0.0,0.20819406,0.029038958,0.22782283,0.009197112,0.4,0.0,0.19754201,0.015332459
