Gaia/vari_eclipsing_binary/VariEclipsingBinary_764479-764522.csv
# %ECSV 1.0
# ---
# delimiter: ','
# meta: !!omap
# - RELEASE: Gaia DR3
# - TABLE: vari_eclipsing_binary
# - DESCRIPTION: >
#     This table describes the properties of the eclipsing binaries resulting from the variability analysis. 
# - CITATION: >
#     How to cite and acknowledge Gaia: 
#     https://gea.esac.esa.int/archive/documentation/credits.html 
# - KNOWN_ISSUES: >
#     Known issues: 
#     https://www.cosmos.esa.int/web/gaia-users/known-issues 
# - DOCUMENTATION: >
#     Tutorials and documentation: 
#     https://www.cosmos.esa.int/web/gaia-users/archive 
# datatype:
# - 
#   name: solution_id
#   datatype: int64
#   description: Solution Identifier
#   meta:
#     ucd: meta.version
# - 
#   name: source_id
#   datatype: int64
#   description: Unique source identifier
#   meta:
#     ucd: meta.id;meta.main
# - 
#   name: global_ranking
#   datatype: float32
#   description: Number between 0 (worst) and 1 (best)
#   meta:
#     ucd: stat.param
# - 
#   name: reference_time
#   datatype: float64
#   unit: d
#   description: Reference time used for the geometric model fit
#   meta:
#     ucd: time.epoch
# - 
#   name: frequency
#   datatype: float64
#   unit: d**-1
#   description: Frequency of geometric model of the eclipsing binary light curve
#   meta:
#     ucd: src.orbital
# - 
#   name: frequency_error
#   datatype: float32
#   unit: d**-1
#   description: "Uncertainty of \\texttt{frequency}"
#   meta:
#     ucd: stat.error
# - 
#   name: geom_model_reference_level
#   datatype: float32
#   unit: mag
#   description: Magnitude reference level of geometric model
#   meta:
#     ucd: phot.mag;em.opt
# - 
#   name: geom_model_reference_level_error
#   datatype: float32
#   unit: mag
#   description: "Uncertainty of \\texttt{geomModelReferenceLevel}"
#   meta:
#     ucd: stat.error;phot.mag;em.opt
# - 
#   name: geom_model_gaussian1_phase
#   datatype: float32
#   description: Phase of the Gaussian 1 component
#   meta:
#     ucd: time.phase
# - 
#   name: geom_model_gaussian1_phase_error
#   datatype: float32
#   description: "Uncertainty of \\texttt{geomModelGaussian1Phase}"
#   meta:
#     ucd: stat.error;time.phase
# - 
#   name: geom_model_gaussian1_sigma
#   datatype: float32
#   description: "Standard deviation [phase] of Gaussian 1 component"
#   meta:
#     ucd: stat.stdev
# - 
#   name: geom_model_gaussian1_sigma_error
#   datatype: float32
#   description: "Uncertainty of \\texttt{geomModelGaussian1Sigma}"
#   meta:
#     ucd: stat.error
# - 
#   name: geom_model_gaussian1_depth
#   datatype: float32
#   unit: mag
#   description: Magnitude depth of Gaussian 1 component
#   meta:
#     ucd: src.var.amplitude
# - 
#   name: geom_model_gaussian1_depth_error
#   datatype: float32
#   unit: mag
#   description: "Uncertainty of \\texttt{geomModelGaussian1Depth}"
#   meta:
#     ucd: stat.error;src.var.amplitude
# - 
#   name: geom_model_gaussian2_phase
#   datatype: float32
#   description: Phase of Gaussian 2 component
#   meta:
#     ucd: time.phase
# - 
#   name: geom_model_gaussian2_phase_error
#   datatype: float32
#   description: "Uncertainty of \\texttt{geomModelGaussian2Phase}"
#   meta:
#     ucd: stat.error;time.phase
# - 
#   name: geom_model_gaussian2_sigma
#   datatype: float32
[...]
#   datatype: float32
#   description: "Secondary eclipse: uncertainty of \\texttt{derivedSecondaryEclDuration}"
#   meta:
#     ucd: stat.error;time.duration
# - 
#   name: derived_secondary_ecl_depth
#   datatype: float32
#   unit: mag
#   description: "Secondary eclipse: depth"
#   meta:
#     ucd: src.var.amplitude
# - 
#   name: derived_secondary_ecl_depth_error
#   datatype: float32
#   unit: mag
#   description: "Secondary eclipse: uncertainty of \\texttt{derivedSecondaryEclDepth}"
#   meta:
#     ucd: stat.error;src.var.amplitude
solution_id,source_id,global_ranking,reference_time,frequency,frequency_error,geom_model_reference_level,geom_model_reference_level_error,geom_model_gaussian1_phase,geom_model_gaussian1_phase_error,geom_model_gaussian1_sigma,geom_model_gaussian1_sigma_error,geom_model_gaussian1_depth,geom_model_gaussian1_depth_error,geom_model_gaussian2_phase,geom_model_gaussian2_phase_error,geom_model_gaussian2_sigma,geom_model_gaussian2_sigma_error,geom_model_gaussian2_depth,geom_model_gaussian2_depth_error,geom_model_cosine_half_period_amplitude,geom_model_cosine_half_period_amplitude_error,geom_model_cosine_half_period_phase,geom_model_cosine_half_period_phase_error,model_type,num_model_parameters,reduced_chi2,derived_primary_ecl_phase,derived_primary_ecl_phase_error,derived_primary_ecl_duration,derived_primary_ecl_duration_error,derived_primary_ecl_depth,derived_primary_ecl_depth_error,derived_secondary_ecl_phase,derived_secondary_ecl_phase_error,derived_secondary_ecl_duration,derived_secondary_ecl_duration_error,derived_secondary_ecl_depth,derived_secondary_ecl_depth_error
[from data line 110]
375316653866487564,6724504779228254976,0.45486033,2369.57783502635,1.6192092988998665,6.528553E-5,18.05313,0.008099723,0.298433,0.0100467205,0.011537531,0.011813076,0.08795824,569.52246,0.79363954,0.020043112,0.05709376,0.023469292,0.08527776,0.026578557,0.016615838,0.009236527,0.298433,0.0100467205,"TWOGAUSSIANS_WITH_ELLIPSOIDAL_ON_ECLIPSE1",9,6.413565,0.298433,0.0100467205,0.064610176,0.06615323,0.12118556,569.5378,0.79407954,0.018838352,0.31972507,0.13142803,0.118477695,0.022162689
375316653866487564,6724504955325560576,0.5867565,2364.9878159911445,3.8735531739065565,2.132785E-5,18.078804,0.0059499145,0.32854506,0.0027625717,0.06143286,0.004791558,0.6357598,0.04046028,0.8130586,0.003868372,0.06957519,0.0041089947,0.62219745,0.036437914,null,null,null,null,"TWOGAUSSIANS",8,9.36295,0.32854506,0.0027625717,0.34402403,0.026832724,0.6352145,0.040719386,0.8130586,0.003868372,0.38962105,0.020140013,0.6216522,0.0366171
375316653866487564,6724505019745369856,0.5979419,2378.372450548615,1.6059752710226838,8.802975E-6,16.1603,0.02852437,0.27975136,0.0023598198,0.11823642,0.012777018,0.21506858,0.026169514,0.77470404,0.006383232,0.109818265,0.020192234,0.13874581,0.026269862,null,null,null,null,"TWOGAUSSIANS",8,5.149363,0.27975136,0.0023547679,0.4,0.0,0.18523626,0.005122257,0.77470404,0.006383232,0.4,0.0,0.10896172,0.0053635826
375316653866487564,6724505230203585920,0.42767286,2426.0822809299216,2.15248030169887,6.4158514E-5,19.726656,0.08996136,0.26568252,0.060339842,0.10506173,0.066939324,0.1868564,0.120062985,0.8023808,0.0152671095,0.09389457,0.027322391,0.28894365,0.10273909,null,null,null,null,"TWOGAUSSIANS",8,4.7104864,0.80239075,0.015062602,0.4,0.0,0.27697507,0.055363983,0.26568252,0.060324438,0.4,0.05185001,0.17487773,0.08904044
375316653866487564,6724505367642231808,0.495259,2388.4609303790553,0.5239671961167023,1.2047509E-4,19.23288,0.01130768,0.3853491,0.0010743939,0.022119861,0.0016715435,0.5557575,0.05321912,0.7892626,0.05362341,0.12503384,0.042388514,0.03349586,0.013835277,null,null,null,null,"TWOGAUSSIANS",8,2.7762506,0.3853491,0.0010698544,0.12387122,0.009360643,0.55591255,0.05312666,0.7892626,0.05362341,0.4,0.0,0.033469,0.013727255
375316653866487564,6724505573815941632,0.47647402,2372.6512724327786,0.9027333232406463,2.7729846E-5,14.734674,0.008929787,0.23212494,0.0072949803,0.10053636,0.0245756,0.032738257,0.007956108,0.74392736,0.013067793,0.098789886,0.015363902,0.057999548,0.01004911,null,null,null,null,"TWOGAUSSIANS",8,9.908614,0.74392736,0.013064992,0.4,0.0,0.054807,0.0067994213,0.23212494,0.007303007,0.4,0.0,0.029545762,0.0035883351
375316653866487564,6724507188706936320,0.49954614,2338.670890317565,3.2797560751240504,1.779681E-5,19.453434,0.06322918,0.2566399,0.0055283797,0.08771321,0.019786298,0.36281592,0.04946635,0.740814,0.01125132,0.10446718,0.01902179,0.36744657,0.07432889,null,null,null,null,"TWOGAUSSIANS",8,4.8857884,0.740814,0.01125132,0.4,0.0,0.34761074,0.062047128,0.2566499,0.0055246684,0.4,0.0,0.3429898,0.033404026
375316653866487564,6724508455715478656,0.5391522,2370.363269729178,1.5656508225727064,3.3614204E-5,16.873455,0.0034556002,0.0849496,0.012866826,0.029332593,0.014994191,0.4017104,6.90149,0.6466261,0.0081369495,0.022237496,0.009023102,0.5207764,2.4893658,null,null,null,null,"TWOGAUSSIANS",8,15.5779,0.6466261,0.0081369495,0.12452998,0.050529372,0.5207764,2.4893658,0.0849496,0.012866826,0.16426252,0.08396747,0.4017104,6.90149
375316653866487564,6724508631833407488,0.60178965,2402.1034253057333,3.018537531803586,1.12995185E-5,18.294268,0.043212626,0.2585721,0.006373521,0.09469912,0.014018777,0.3857699,0.038976982,0.7604037,0.005862224,0.10740687,0.015634757,0.36631185,0.041580163,null,null,null,null,"TWOGAUSSIANS",8,3.120729,0.2585721,0.006373521,0.4,0.0,0.351471,0.015841717,0.7604037,0.005862224,0.4,0.0,0.33199918,0.01181507
375316653866487564,6724509559546483328,0.56661826,2351.03178367238,3.8306123193834285,1.0942892E-5,18.424965,0.02077429,0.30525702,0.008702034,0.096939735,0.015245213,0.2955813,0.031070096,0.80672264,0.0038440598,0.092267774,0.00841781,0.31049755,0.018716954,null,null,null,null,"TWOGAUSSIANS",8,2.0620959,0.80672264,0.0038420798,0.4,0.0,0.29244244,0.015497769,0.30525702,0.008702034,0.4,0.0,0.27752545,0.035971254
375316653866487564,6724510001905597184,0.4781268,2330.9011072069734,0.09064043592766022,2.0157662E-5,19.286495,0.007300397,0.099982925,0.009199296,0.04425851,0.006982214,0.10912451,0.024515709,0.76468015,0.01245704,0.06713224,0.03205084,0.37077242,8.387431,0.06199931,0.007248857,0.76468015,0.01245704,"TWOGAUSSIANS_WITH_ELLIPSOIDAL_ON_ECLIPSE2",9,1.310291,0.76468015,0.01245704,0.37594056,0.1782964,0.49442798,8.385617,0.113912925,0.011534133,0.24784765,0.039100397,0.14578141,0.019796519
375316653866487564,6724510349806340608,0.57395726,2351.674515100987,2.73896527824712,1.4804144E-5,19.457735,0.015709968,0.20035385,0.0070395083,0.070257224,0.0051806127,0.5643233,0.0621284,0.68926585,0.0047845696,0.07378115,0.005115597,0.5948259,0.01878661,null,null,null,null,"TWOGAUSSIANS",8,2.4230871,0.68926585,0.0047845696,0.4,0.009282818,0.59268695,0.01792581,0.20035385,0.0070395083,0.39344043,0.02336602,0.56218433,0.062247016
375316653866487564,6724511208800484864,0.5785241,2385.6843622824413,3.8264487410686208,3.3896864E-5,19.008698,0.014458426,0.26181972,0.009778604,0.031672753,0.005495219,0.1880312,0.023578465,0.74041533,0.0045781387,0.050010324,0.0049792216,0.24676572,0.028824493,0.10021883,0.015366889,0.26181972,0.009778604,"TWOGAUSSIANS_WITH_ELLIPSOIDAL_ON_ECLIPSE1",9,2.617175,0.74335533,0.0028491744,0.28005782,0.027883641,0.44409126,0.017298795,0.26181972,0.009778604,0.17736742,0.030773226,0.38846847,0.017745882
375316653866487564,6724511930368299136,0.6058778,2313.780940125985,3.409461841003021,5.358978E-6,17.496777,0.022292802,0.23661377,0.0020625913,0.045442887,0.00877221,0.2292866,0.04326546,0.73541296,0.012510823,0.051047258,0.018691791,0.18515787,0.047162116,0.09766625,0.027002035,0.23661377,0.0020625913,"TWOGAUSSIANS_WITH_ELLIPSOIDAL_ON_ECLIPSE1",9,6.980171,0.23661377,0.0020625913,0.25448018,0.049124375,0.42461765,0.016636502,0.73562294,0.0119170295,0.28586465,0.104674034,0.38047978,0.023418628
375316653866487564,6724512480111339136,0.47318307,2334.1249204326014,3.4762360987441014,1.7810555E-4,17.515263,0.007375847,0.47670013,0.009381948,0.050134715,0.006766818,0.16950472,0.029101904,0.9110608,0.028407114,0.093393445,0.028313044,0.04218677,0.014858111,null,null,null,null,"TWOGAUSSIANS",8,4.855057,0.47670013,0.009381948,0.28075442,0.037894182,0.16945167,0.029110568,0.9110608,0.028407114,0.4,0.0054418063,0.042132877,0.01485729
375316653866487564,6724513403529485952,0.45179993,2359.458952734546,1.8464503085785386,9.02696E-5,19.44328,0.013113329,0.3370635,0.005519658,0.044956103,0.005143244,0.26813024,0.029023685,0.8457359,0.0046451543,0.025815291,0.004291624,0.1983494,0.01735992,null,null,null,null,"TWOGAUSSIANS",8,8.112694,0.3370635,0.005519658,0.25175416,0.028802166,0.26813024,0.029023685,0.8457359,0.0046451543,0.14456564,0.024033094,0.1983494,0.01735992
375316653866487564,6724514331232275712,0.5358982,2334.0459250134063,3.4384717372374403,1.0897397E-5,18.634428,0.008801709,0.21929646,0.004227821,0.07162728,0.006274571,0.3769287,0.035210896,0.7187191,0.0074554854,0.073818274,0.0060658064,0.42538387,0.026064573,null,null,null,null,"TWOGAUSSIANS",8,4.9275413,0.7187191,0.0074554854,0.4,0.0014548613,0.42323744,0.026189342,0.21929646,0.004227821,0.4,0.013818074,0.37478226,0.035937063
375316653866487564,6724514816573007488,0.5282342,2294.5178299154272,2.7671498873922644,1.0943164E-5,19.432283,0.012902681,0.750191,0.003350032,0.033468667,0.026245007,0.21251915,0.07910394,null,null,null,null,null,null,0.2524234,0.021329116,0.750191,0.003350032,"ONEGAUSSIAN_WITH_ELLIPSOIDAL",6,7.9307065,0.750191,0.003350032,0.18742454,0.14697205,0.7173652,0.081634484,null,null,null,null,null,null
375316653866487564,6724514880987022976,0.56337017,2354.662192154068,1.1921705077733082,1.306833E-5,15.131179,0.015941232,0.19867194,0.0021059527,0.100453116,0.009207643,0.15152854,0.014025784,0.7041037,0.010163499,0.12357654,0.017811587,0.10871628,0.015934488,null,null,null,null,"TWOGAUSSIANS",8,10.290671,0.19865194,0.0021182757,0.4,0.0,0.13206293,0.004201902,0.7041037,0.010163857,0.4,0.0,0.08919046,0.0040028077
375316653866487564,6724514954011891840,0.5157084,2309.158478945759,3.8553992284294125,1.36724575E-5,19.51149,0.018664775,0.27820605,0.0039193463,0.06988986,0.008388742,0.39012352,0.018555908,0.7800893,0.007710528,0.080851264,0.010788105,0.47236547,0.06421144,null,null,null,null,"TWOGAUSSIANS",8,2.6315954,0.7800893,0.007710528,0.4,0.0,0.46898845,0.06655735,0.27820605,0.0039193463,0.3913832,0.029168703,0.38674653,0.017841706
375316653866487564,6724515606847694592,0.55529934,2352.0152194566053,2.8890409328980766,1.2659408E-5,18.464504,0.017234357,0.27233192,0.0058254255,0.093837805,0.010453648,0.34089577,0.03020036,0.7633896,0.008099944,0.08756103,0.009580997,0.38167125,0.021559145,null,null,null,null,"TWOGAUSSIANS",8,4.845325,0.7633896,0.008099944,0.4,0.0,0.36762655,0.020849178,0.27233192,0.0058254255,0.4,0.0,0.32685062,0.032572586
375316653866487564,6724516603278664192,0.50690234,2324.7428273844957,0.13222909386429993,1.3520155E-4,18.453953,0.0039962404,0.32244104,0.062464014,0.027315728,0.041038934,1.1806302,9.163795,0.8048379,0.021567373,0.05347547,0.01217025,0.14704444,0.016536582,null,null,null,null,"TWOGAUSSIANS",8,3.1753032,0.32244104,0.062464014,0.15296808,0.22981803,1.1806302,9.163796,0.8048379,0.021567373,0.29946262,0.068153396,0.14704444,0.016536342
375316653866487564,6724516770773379200,0.56441814,2310.0931744060626,2.955490721252233,1.3234681E-5,18.02638,0.012541487,0.24172355,0.0038423128,0.075018354,0.0056754216,0.4144585,0.023716368,0.7534723,0.0052053407,0.06972441,0.005679851,0.33425966,0.016417053,null,null,null,null,"TWOGAUSSIANS",8,7.1398396,0.24172355,0.0038423128,0.4,0.0,0.41301727,0.02392852,0.7534723,0.0052053407,0.39045668,0.02571343,0.33281842,0.015827173
375316653866487564,6724518110823994624,0.49184185,2289.2455725625005,2.5034227384690415,2.8688291E-5,15.686995,0.31027746,0.2031639,0.029648907,0.17216833,0.1841645,0.08858882,0.30476683,0.67023706,0.01891444,0.14107056,0.04143335,0.13770069,0.17643864,null,null,null,null,"TWOGAUSSIANS",8,20.915226,0.67023706,0.01891444,0.4,0.0,0.09136631,0.005803244,0.20718391,0.02526658,0.4,0.0,0.039988074,0.0075937677
375316653866487564,6724518110823995008,0.45634383,2297.7423499642414,0.08531168631273743,2.1744863E-5,17.60931,0.0061840783,0.24419686,0.03404104,0.11181973,0.029215358,0.09740038,0.011381347,0.8543547,0.004258264,0.053762536,0.003318954,0.11847025,0.007983487,null,null,null,null,"TWOGAUSSIANS",8,2.9897115,0.8545247,0.004246035,0.3010702,0.018586142,0.11847642,0.007729354,0.24419686,0.03404104,0.4,0.0,0.097182445,0.010856647
375316653866487564,6724518286906081408,0.54120886,2254.838514067092,2.6175582461940006,1.6511842E-5,17.103268,0.017394012,0.31143782,0.012147997,0.0772287,0.010624616,0.30321172,0.023681607,0.8078908,0.0037051868,0.08891073,0.008259748,0.3034508,0.020882918,null,null,null,null,"TWOGAUSSIANS",8,23.28941,0.8078908,0.0037051868,0.4,0.0,0.29732716,0.020273201,0.31143782,0.012147997,0.4,0.0,0.29708818,0.020876301
375316653866487564,6724518321279545472,0.6095246,2306.682281851144,2.509941596192326,6.706232E-6,14.68859,0.0063926056,0.25668588,0.0015428354,0.080431074,0.0024927745,0.36615485,0.0083657075,0.75242233,0.0020688723,0.075388476,0.0018186688,0.4090013,0.009674131,null,null,null,null,"TWOGAUSSIANS",8,113.56331,0.75242233,0.0020688723,0.4,0.0,0.40489563,0.009180447,0.25668588,0.0015428354,0.4,0.0,0.3620492,0.008169143
375316653866487564,6724518939754754432,0.54509157,2313.216121673742,1.4792180924448195,1.5871296E-5,15.375888,0.005059857,0.31617832,0.0111436015,0.03024814,0.033082865,0.1359788,20867.912,0.8000816,0.0012275081,0.042447373,0.0022783391,0.43454045,0.018052205,0.026848542,0.017489707,0.31617832,0.0111436015,"TWOGAUSSIANS_WITH_ELLIPSOIDAL_ON_ECLIPSE1",9,177.03429,0.8003616,0.0011072629,0.23770529,0.012758699,0.48769945,0.026768068,0.31617832,0.0111436015,0.16938959,0.18526405,0.18967587,20867.912
375316653866487564,6724520275471093504,0.5824985,2352.0517937705126,1.4250508740224892,1.0656369E-5,18.587954,0.00540499,0.24194427,7.515383E-4,0.033200193,9.4194454E-4,0.7540204,0.01460364,0.74698687,0.008675246,0.048615467,0.01542873,0.12231854,0.04146651,null,null,null,null,"TWOGAUSSIANS",8,4.489395,0.24194427,7.515383E-4,0.18592107,0.0052748895,0.7540204,0.014603638,0.74698687,0.008675246,0.2722466,0.08640089,0.12231854,0.04146655
375316653866487564,6724520726461165312,0.64335465,2324.9811799976414,1.5742883838523494,4.3583377E-6,15.319276,0.0028996468,0.25166228,0.0014771724,0.08585878,0.001866595,0.2743463,0.006302798,0.75188565,0.001203041,0.09360268,0.0018474396,0.2578787,0.0029699765,null,null,null,null,"TWOGAUSSIANS",8,7.871607,0.25166228,0.0014771724,0.4,0.0,0.26344126,0.0063569606,0.75188565,0.001203041,0.4,0.0,0.24697337,0.0022261334
375316653866487564,6724521619800938880,0.52144736,2307.057511314,3.2092841416633777,3.777148E-5,18.806835,0.011162354,0.2733866,0.0124163935,0.056018453,0.011007246,0.47423536,0.03511551,0.76443565,0.005262116,0.062982716,0.0083894655,0.4628326,0.04452781,null,null,null,null,"TWOGAUSSIANS",8,10.953385,0.2733866,0.0124163935,0.31370333,0.061640576,0.47413567,0.03514237,0.76443565,0.005262116,0.35270318,0.04698101,0.46273288,0.044613454
375316653866487564,6724521894696600576,0.44012362,2347.5761733613795,0.011871162844970234,4.0073537E-5,19.675968,0.20116624,0.38285458,0.019176193,0.13056876,0.051359855,0.27729395,0.19536458,0.8956803,0.02051145,0.12841088,0.056364022,0.2606315,0.19589159,null,null,null,null,"TWOGAUSSIANS",8,2.5433865,0.3826646,0.019173414,0.4,0.0,0.20187524,0.03371285,0.89592034,0.020153342,0.4,0.0,0.18531497,0.032870505
375316653866487564,6724523127326728192,0.60047734,2319.9144655134287,1.6129607799107695,7.4607246E-6,12.508062,0.018755263,0.24692143,0.003054684,0.1198797,0.00914351,0.20863336,0.01867982,0.73378414,0.0021211724,0.1047279,0.005941382,0.32147205,0.017772742,null,null,null,null,"TWOGAUSSIANS",8,115.36474,0.73378414,0.0021211724,0.4,0.0,0.28443632,0.004818349,0.24693143,0.0030551136,0.4,0.0,0.17152952,0.005639926
375316653866487564,6724524471659374976,0.4796438,2347.7227201817836,3.584051429562832,2.2596245E-5,19.526352,0.014923,0.20284064,0.006763643,0.081165954,0.010325691,0.25943026,0.032690257,0.7340302,0.008296376,0.061714683,0.010899095,0.21597655,0.018016512,null,null,null,null,"TWOGAUSSIANS",8,2.3016663,0.20284064,0.006763643,0.4,0.0,0.25895673,0.032753006,0.7340302,0.008296376,0.3456022,0.061034933,0.21550307,0.017820302
375316653866487564,6724524609111734400,0.49938065,2315.150086800988,2.106384569119993,4.3475535E-5,19.673037,0.0033203724,0.326219,0.025993686,0.024550421,0.015431076,0.05396025,0.026624624,0.70535314,0.009441835,0.02772651,0.0051917224,1.5302266,1.9616232,null,null,null,null,"TWOGAUSSIANS",8,0.90565664,0.70535314,0.009441835,0.15526846,0.029073646,1.5302266,1.9616232,0.326219,0.025993686,0.13748236,0.086414024,0.05396025,0.026624624
375316653866487564,6724526120940614912,0.6658617,2363.1600244026686,1.0454848007622366,2.487417E-6,10.602449,0.00340749,0.28833947,8.524303E-4,0.10095512,0.0014552844,0.26569533,0.0035025263,0.78801745,0.0013301184,0.09296226,0.0017688372,0.310373,0.004547089,null,null,null,null,"TWOGAUSSIANS",8,49.459423,0.78801745,0.0013301184,0.4,0.0,0.28989425,0.004458325,0.28833947,8.524303E-4,0.4,0.0,0.24521439,0.0022474313
375316653866487564,6724526361446590336,0.54265237,2365.40857633166,3.3273046229282675,3.448344E-5,18.56458,0.016471405,0.31541842,0.0072675366,0.08006692,0.014754573,0.48027235,0.08429922,0.8364192,0.005152313,0.07168011,0.0066012847,0.2886508,0.01749008,null,null,null,null,"TWOGAUSSIANS",8,4.879862,0.31541842,0.0072675366,0.4,0.0,0.4781975,0.0877935,0.8364192,0.005152313,0.4,0.010931207,0.28657594,0.015253301
