Gaia/vari_eclipsing_binary/VariEclipsingBinary_668929-668945.csv
# %ECSV 1.0
# ---
# delimiter: ','
# meta: !!omap
# - RELEASE: Gaia DR3
# - TABLE: vari_eclipsing_binary
# - DESCRIPTION: >
#     This table describes the properties of the eclipsing binaries resulting from the variability analysis. 
# - CITATION: >
#     How to cite and acknowledge Gaia: 
#     https://gea.esac.esa.int/archive/documentation/credits.html 
# - KNOWN_ISSUES: >
#     Known issues: 
#     https://www.cosmos.esa.int/web/gaia-users/known-issues 
# - DOCUMENTATION: >
#     Tutorials and documentation: 
#     https://www.cosmos.esa.int/web/gaia-users/archive 
# datatype:
# - 
#   name: solution_id
#   datatype: int64
#   description: Solution Identifier
#   meta:
#     ucd: meta.version
# - 
#   name: source_id
#   datatype: int64
#   description: Unique source identifier
#   meta:
#     ucd: meta.id;meta.main
# - 
#   name: global_ranking
#   datatype: float32
#   description: Number between 0 (worst) and 1 (best)
#   meta:
#     ucd: stat.param
# - 
#   name: reference_time
#   datatype: float64
#   unit: d
#   description: Reference time used for the geometric model fit
#   meta:
#     ucd: time.epoch
# - 
#   name: frequency
#   datatype: float64
#   unit: d**-1
#   description: Frequency of geometric model of the eclipsing binary light curve
#   meta:
#     ucd: src.orbital
# - 
#   name: frequency_error
#   datatype: float32
#   unit: d**-1
#   description: "Uncertainty of \\texttt{frequency}"
#   meta:
#     ucd: stat.error
# - 
#   name: geom_model_reference_level
#   datatype: float32
#   unit: mag
#   description: Magnitude reference level of geometric model
#   meta:
#     ucd: phot.mag;em.opt
# - 
#   name: geom_model_reference_level_error
#   datatype: float32
#   unit: mag
#   description: "Uncertainty of \\texttt{geomModelReferenceLevel}"
#   meta:
#     ucd: stat.error;phot.mag;em.opt
# - 
#   name: geom_model_gaussian1_phase
#   datatype: float32
#   description: Phase of the Gaussian 1 component
#   meta:
#     ucd: time.phase
# - 
#   name: geom_model_gaussian1_phase_error
#   datatype: float32
#   description: "Uncertainty of \\texttt{geomModelGaussian1Phase}"
#   meta:
#     ucd: stat.error;time.phase
# - 
#   name: geom_model_gaussian1_sigma
#   datatype: float32
#   description: "Standard deviation [phase] of Gaussian 1 component"
#   meta:
#     ucd: stat.stdev
# - 
#   name: geom_model_gaussian1_sigma_error
#   datatype: float32
#   description: "Uncertainty of \\texttt{geomModelGaussian1Sigma}"
#   meta:
#     ucd: stat.error
# - 
#   name: geom_model_gaussian1_depth
#   datatype: float32
#   unit: mag
#   description: Magnitude depth of Gaussian 1 component
#   meta:
#     ucd: src.var.amplitude
# - 
#   name: geom_model_gaussian1_depth_error
#   datatype: float32
#   unit: mag
#   description: "Uncertainty of \\texttt{geomModelGaussian1Depth}"
#   meta:
#     ucd: stat.error;src.var.amplitude
# - 
#   name: geom_model_gaussian2_phase
#   datatype: float32
#   description: Phase of Gaussian 2 component
#   meta:
#     ucd: time.phase
# - 
#   name: geom_model_gaussian2_phase_error
#   datatype: float32
#   description: "Uncertainty of \\texttt{geomModelGaussian2Phase}"
#   meta:
#     ucd: stat.error;time.phase
# - 
#   name: geom_model_gaussian2_sigma
#   datatype: float32
[...]
#   datatype: float32
#   description: "Secondary eclipse: uncertainty of \\texttt{derivedSecondaryEclDuration}"
#   meta:
#     ucd: stat.error;time.duration
# - 
#   name: derived_secondary_ecl_depth
#   datatype: float32
#   unit: mag
#   description: "Secondary eclipse: depth"
#   meta:
#     ucd: src.var.amplitude
# - 
#   name: derived_secondary_ecl_depth_error
#   datatype: float32
#   unit: mag
#   description: "Secondary eclipse: uncertainty of \\texttt{derivedSecondaryEclDepth}"
#   meta:
#     ucd: stat.error;src.var.amplitude
solution_id,source_id,global_ranking,reference_time,frequency,frequency_error,geom_model_reference_level,geom_model_reference_level_error,geom_model_gaussian1_phase,geom_model_gaussian1_phase_error,geom_model_gaussian1_sigma,geom_model_gaussian1_sigma_error,geom_model_gaussian1_depth,geom_model_gaussian1_depth_error,geom_model_gaussian2_phase,geom_model_gaussian2_phase_error,geom_model_gaussian2_sigma,geom_model_gaussian2_sigma_error,geom_model_gaussian2_depth,geom_model_gaussian2_depth_error,geom_model_cosine_half_period_amplitude,geom_model_cosine_half_period_amplitude_error,geom_model_cosine_half_period_phase,geom_model_cosine_half_period_phase_error,model_type,num_model_parameters,reduced_chi2,derived_primary_ecl_phase,derived_primary_ecl_phase_error,derived_primary_ecl_duration,derived_primary_ecl_duration_error,derived_primary_ecl_depth,derived_primary_ecl_depth_error,derived_secondary_ecl_phase,derived_secondary_ecl_phase_error,derived_secondary_ecl_duration,derived_secondary_ecl_duration_error,derived_secondary_ecl_depth,derived_secondary_ecl_depth_error
[from data line 325]
375316653866487564,5884027198923283968,0.6246243,2200.5287415100383,2.5468706524997264,7.0033316E-6,18.096474,0.015976164,0.29228845,0.0021393963,0.0560989,0.0041187475,0.43530342,0.04176885,0.7903135,0.0015096671,0.050598003,0.004214394,0.42933834,0.03376062,0.09633163,0.02112237,0.29228845,0.0021393963,"TWOGAUSSIANS_WITH_ELLIPSOIDAL_ON_ECLIPSE1",9,5.135674,0.29228845,0.0021393963,0.31415385,0.023064986,0.62794363,0.025085896,0.79047346,0.0013384785,0.28334883,0.023600604,0.62195134,0.011975112
375316653866487564,5884027817398114560,0.54718155,2176.971207035382,0.6972735103047684,1.21732055E-5,17.383844,0.0036715572,0.25765163,0.0030640303,0.031315695,0.002380924,0.34320426,0.017946154,0.7425308,0.036214173,0.025923707,0.012135678,0.2111492,0.4201991,null,null,null,null,"TWOGAUSSIANS",8,10.393668,0.25765163,0.0030640303,0.17536789,0.013333174,0.34320426,0.017946154,0.7425308,0.036214173,0.14517276,0.0679598,0.2111492,0.4201991
375316653866487564,5884028057916379648,0.50630367,2215.7457149483007,0.46856884508911684,1.7226559E-5,16.897726,0.0046316846,0.17651469,0.0140563445,0.024760928,0.013012464,0.031000571,0.014874971,0.6796065,0.0075424043,0.032047532,0.0041352743,0.28704995,0.061464824,0.012221499,0.0070839687,0.17651469,0.0140563445,"TWOGAUSSIANS_WITH_ELLIPSOIDAL_ON_ECLIPSE1",9,15.960381,0.6796065,0.007537415,0.17946619,0.023157535,0.3114837,0.062978946,0.17651469,0.0140563445,0.13866119,0.0728698,0.055443563,0.013776621
375316653866487564,5884028096652532992,0.5417723,2223.751985942055,2.5835587388368335,1.743039E-5,16.433887,0.017864112,0.2341595,0.0035380083,0.09843723,0.006032639,0.3711765,0.019456303,0.72860485,0.0035565186,0.091695786,0.0056374087,0.3691606,0.020937594,null,null,null,null,"TWOGAUSSIANS",8,52.663094,0.2341595,0.0035380083,0.4,0.0,0.349603,0.014193892,0.72860485,0.0035565186,0.4,0.0,0.34758872,0.016564531
375316653866487564,5884028298434678784,0.5193022,2183.5782785697625,3.4917896503719823,1.7380664E-5,19.024324,0.046044566,0.2614804,0.0058941497,0.10898391,0.017366745,0.31226838,0.04136801,0.7507014,0.007103023,0.10215845,0.020189347,0.25796694,0.040791966,null,null,null,null,"TWOGAUSSIANS",8,3.2462025,0.2614804,0.0058918656,0.4,0.0,0.28177512,0.015637629,0.7507014,0.007103023,0.4,0.0,0.22748849,0.014131443
375316653866487564,5884028337170697216,0.6108908,2194.6911114272666,3.4321901319988832,9.073749E-6,19.210825,0.017538212,0.2599877,0.002390724,0.048275113,0.0044568875,0.37570205,0.044581328,0.75884664,0.0017525018,0.04229787,0.0039490387,0.30472437,0.03743341,0.14583325,0.020922087,0.2599877,0.002390724,"TWOGAUSSIANS_WITH_ELLIPSOIDAL_ON_ECLIPSE1",9,1.6023757,0.2599877,0.002390724,0.27034062,0.024958571,0.667368,0.016394801,0.75898665,0.0014622197,0.23686807,0.022114618,0.5963771,0.010232501
375316653866487564,5884028818207078272,0.54453504,2182.513207018651,0.2572920604613511,1.0017855E-5,14.252049,4.3876615E-4,0.2799201,0.005198351,0.0148629,0.0024120163,0.071999334,0.018605072,0.7925934,0.008937974,0.00897932,0.0076557626,0.006572489,1.0202892,0.0058766366,6.862779E-4,0.2799201,0.005198351,"TWOGAUSSIANS_WITH_ELLIPSOIDAL_ON_ECLIPSE1",9,4.3810673,0.2799201,0.005198351,0.08323224,0.013507291,0.0837526,0.018193593,0.7925934,0.008937974,0.05028419,0.04287227,0.01825139,1.0202136
375316653866487564,5884029058636385920,0.5669511,2200.474812489102,0.8396437452771813,5.2154805E-6,18.597046,0.0074413703,0.22016418,0.0024224112,0.04090777,0.0030031744,0.45149732,0.026771462,0.72539407,0.004406394,0.03633483,0.0058793025,0.5035881,0.08289995,0.041646842,0.010390676,0.22016418,0.0024224112,"TWOGAUSSIANS_WITH_ELLIPSOIDAL_ON_ECLIPSE1",9,3.6932333,0.72539407,0.004406394,0.20347506,0.032924093,0.5867917,0.08891447,0.22016418,0.0024224112,0.22908352,0.016817776,0.5347909,0.022867465
375316653866487564,5884029088708783872,0.55243134,2192.7932990952386,1.0283010651489506,6.407178E-5,17.698769,0.0036739216,0.3000319,0.037608605,0.06831276,0.027484987,0.012659443,0.0044801533,0.61282396,5.0518173E-7,4.8076507E-4,5.6867852E-6,2.6958437,0.09437641,null,null,null,null,"TWOGAUSSIANS",8,7.420439,0.61282396,5.0518173E-7,0.0026922845,3.1845997E-5,2.695844,0.094375215,0.3000319,0.037608605,0.38255146,0.13493504,0.012659443,0.0044801533
375316653866487564,5884029093085057408,0.5615693,2224.68600036069,0.03129214365349747,5.0255407E-5,16.812218,0.009502641,0.46202317,0.036533386,0.18097566,0.058663856,0.041228067,0.009501623,0.7635773,0.0030164171,0.022271266,0.0060759303,0.63756466,0.22781776,null,null,null,null,"TWOGAUSSIANS",8,9.516825,0.7635773,0.0030164171,0.12471909,0.03402521,0.6460615,0.22889507,0.46202317,0.036533386,0.4,0.0,0.039413735,0.0075476114
375316653866487564,5884029539673070592,0.46093768,2185.668702361815,1.857677565272067,8.201525E-5,19.570194,0.01584464,0.13632035,0.00900583,0.032722183,0.012621523,0.21956679,0.15297097,0.6302546,0.023556774,0.043819882,0.052368842,0.27288267,0.14083102,null,null,null,null,"TWOGAUSSIANS",8,3.1061428,0.6302546,0.023556774,0.24539134,0.19837078,0.27288267,0.1409432,0.13632035,0.00900583,0.18324421,0.07068053,0.21956679,0.15296777
375316653866487564,5884029638459863680,0.4789496,2205.460548337329,2.695232920862047,2.3665763E-5,18.13487,0.2745475,0.27177635,0.0027959545,0.16308518,0.059764095,0.28092015,0.24496287,0.77200943,0.0031656313,0.17199329,0.054603446,0.3299395,0.25953576,null,null,null,null,"TWOGAUSSIANS",8,2.9777439,0.7720494,0.0032735965,0.4,0.0,0.13509372,0.0041694217,0.27170637,0.0031121378,0.4,0.0,0.090608604,0.011152551
375316653866487564,5884029711471846784,0.49993104,2194.0465816375936,2.4794639451623204,4.6032845E-5,19.45878,0.0046840417,0.35687637,0.016403388,0.024282346,0.039181985,0.22470526,0.19733077,0.91508603,0.01037452,0.0064284764,0.0054894066,1.0938705,84.01325,null,null,null,null,"TWOGAUSSIANS",8,1.6316292,0.91508603,0.01037452,0.03599947,0.030740678,1.0938705,84.01325,0.35687637,0.016403388,0.13598113,0.21941912,0.22470526,0.19733077
375316653866487564,5884030123877205504,0.5970376,2196.6774948295288,0.9133103183933436,4.9620044E-6,12.564304,0.0025113267,0.24991912,0.0012204831,0.093920834,0.0032842343,0.09860811,0.0021941995,0.7574658,0.0026546475,0.10829459,0.0051778057,0.06498188,0.002341149,null,null,null,null,"TWOGAUSSIANS",8,21.728863,0.24991912,0.0012266511,0.4,0.0,0.09191663,0.001667168,0.7574658,0.0026546475,0.4,0.0,0.05828735,0.0010222546
375316653866487564,5884031979303295744,0.58379257,2207.8998957888175,0.782882357541112,1.0043007E-5,15.438481,0.0077144597,0.2558171,0.003368001,0.1148308,0.010353731,0.08605117,0.0074472385,0.7500582,0.0024349417,0.10112847,0.006295623,0.13154285,0.0072662896,null,null,null,null,"TWOGAUSSIANS",8,7.112971,0.7500582,0.0024349417,0.4,0.0,0.11817088,0.0031045307,0.2558171,0.0033706292,0.4,0.0,0.07266711,0.0020341615
375316653866487564,5884032249804875904,0.5491158,2172.5115331296843,3.3896248490984604,1.0411376E-5,17.23183,0.0031624546,0.2202556,0.0027395065,0.07943606,0.003127555,0.16909668,0.007475225,0.71191317,0.002314423,0.078963034,0.002644227,0.14628643,0.0045975125,null,null,null,null,"TWOGAUSSIANS",8,3.8947432,0.2202556,0.0027395065,0.4,0.0,0.16727158,0.0075035333,0.71191317,0.002314423,0.4,0.0,0.14446133,0.0043582898
375316653866487564,5884032662121877120,0.5213924,2181.3827705224585,0.2790034139968587,7.1486675E-6,17.84688,0.003086274,0.14839034,8.53898E-6,0.0035802657,1.8825413E-5,0.5071238,0.0029713307,null,null,null,null,null,null,null,null,null,null,"ONEGAUSSIAN",5,12.148609,0.14839034,8.53898E-6,0.020049488,1.0542231E-4,0.5071238,0.0,null,null,null,null,null,null
375316653866487564,5884032799583497984,0.42272115,2152.810520974675,0.16506598066501943,1.7134778E-4,19.808258,0.025235208,0.11843533,0.011748535,0.10809638,0.015141723,0.18440822,0.026687896,0.5196141,0.02547227,0.045136742,0.019418675,0.218611,0.070939034,null,null,null,null,"TWOGAUSSIANS",8,3.1760077,0.5196141,0.02547227,0.25276574,0.108744584,0.21862893,0.071915045,0.11843533,0.011748535,0.4,0.0,0.18423782,0.02604944
375316653866487564,5884032833920723456,0.4805683,2181.312289986251,2.653017171236016,3.3118657E-5,18.907574,0.055223964,0.24346675,0.017508164,0.106985345,0.030904256,0.21079184,0.05599147,0.75913435,0.0067235297,0.10951117,0.030416312,0.18169557,0.0492352,null,null,null,null,"TWOGAUSSIANS",8,3.4378073,0.24344674,0.017455464,0.4,0.0,0.18789877,0.016259722,0.7591544,0.0067084203,0.4,0.0,0.1587988,0.01432649
375316653866487564,5884033353608639872,0.4511924,2188.5904049030023,2.964214341238273,2.0485906E-5,18.280333,0.0060689063,0.21697298,9.7493123E-4,0.0035529186,2.7814935E-4,0.92585933,0.23017101,0.8563313,0.029859921,0.055637367,0.041479427,0.06302696,0.039398782,null,null,null,null,"TWOGAUSSIANS",8,9.831563,0.21697298,9.7493123E-4,0.019896343,0.0015576364,0.92585933,0.23017019,0.8563313,0.029859921,0.31156927,0.124635644,0.06302696,0.03939882
375316653866487564,5884033525491962112,0.53258973,2181.844209899095,0.5141222010917836,9.324448E-6,17.624466,0.0021344859,0.6787194,0.0028872415,0.013658462,6.491506E-4,3.5473409,0.76889664,0.87917376,0.009436516,0.018205428,0.009267481,0.022426616,0.066698484,null,null,null,null,"TWOGAUSSIANS",8,7.9720945,0.6787194,0.0028872415,0.076487385,0.0036352433,3.5473409,0.76889664,0.87917376,0.009436516,0.1019504,0.05189789,0.022426616,0.066698484
375316653866487564,5884033594125007360,0.55108774,2165.094148665806,2.293880616467978,9.336932E-6,19.156008,0.011504959,0.1792185,0.003015145,0.0628549,0.0040408517,0.45789096,0.025108714,0.6788747,0.0010186671,0.06854146,0.0019196941,0.5969033,0.022434022,null,null,null,null,"TWOGAUSSIANS",8,4.662447,0.6788747,0.0010186671,0.3838322,0.010750287,0.59615725,0.022349857,0.1792185,0.003015145,0.35198742,0.022628771,0.4571449,0.02516596
375316653866487564,5884033628484687104,0.54864377,2146.719345975091,3.9034118071937276,1.8781968E-5,19.638615,0.01748308,0.21660607,0.005576227,0.086586125,0.007890176,0.4493575,0.026810203,0.6971779,0.00980945,0.08143582,0.0122933565,0.4350554,0.01767662,null,null,null,null,"TWOGAUSSIANS",8,1.5874366,0.21660607,0.005576227,0.4,0.0,0.4419207,0.026487404,0.6971779,0.00980945,0.4,0.0,0.42761868,0.011360444
375316653866487564,5884033662930977152,0.6516031,2194.9886744481896,0.8648983699558647,1.2636413E-6,16.62444,0.002063928,0.24679099,1.7505225E-4,0.02918755,3.532491E-4,0.44054067,0.004369504,0.74821687,0.0025029525,0.029429434,0.0019543623,0.22269468,0.0073159635,0.011854866,0.0028383692,0.24679099,1.7505225E-4,"TWOGAUSSIANS_WITH_ELLIPSOIDAL_ON_ECLIPSE1",9,5.7804255,0.24679099,1.7505225E-4,0.16345029,0.001978195,0.46425036,0.0030768453,0.74821687,0.0024934958,0.16480483,0.010944429,0.24640247,0.005825483
375316653866487564,5884033972082266112,0.50685334,2162.894725958119,2.3550087870776397,1.5231705E-5,19.569384,0.008721983,0.24540816,0.0037403435,0.08396337,0.0050341487,0.34200642,0.014289768,0.75933236,0.014490577,0.0802926,0.018703897,0.1587944,0.028959226,null,null,null,null,"TWOGAUSSIANS",8,1.47563,0.24540816,0.0037403435,0.4,0.0,0.33851406,0.013713798,0.75933236,0.014490577,0.4,0.02393873,0.15530208,0.030498257
375316653866487564,5884034384398679040,0.50334847,2182.1424791181907,2.2544139178971476,1.9319985E-5,18.770788,0.010604546,0.27815852,0.003190241,0.08401186,0.008369141,0.20787372,0.0121591,0.7741507,0.005037147,0.09910995,0.008596801,0.18789856,0.011711951,null,null,null,null,"TWOGAUSSIANS",8,2.7772849,0.27815852,0.003190241,0.4,0.0,0.19900134,0.013259232,0.7741507,0.005037147,0.4,0.0,0.17902505,0.009592277
375316653866487564,5884034693638460032,0.5286008,2150.0971420159144,3.648850680634821,1.4974813E-5,19.588184,0.018509597,0.1742432,0.0055296337,0.07659767,0.011211207,0.5108327,0.043043263,0.6700746,0.003855916,0.06541648,0.005162015,0.6562986,0.06571932,null,null,null,null,"TWOGAUSSIANS",8,3.5714133,0.6700746,0.003855916,0.36633226,0.028907286,0.6542067,0.06649684,0.1742432,0.0055296337,0.4,0.0,0.50874084,0.04510599
375316653866487564,5884034968514525696,0.5354881,2186.1052071819618,3.1484859655550848,1.3380549E-5,18.428907,0.037404623,0.30679423,0.006091694,0.11348479,0.013667398,0.2762409,0.038872052,0.8093376,0.003600577,0.104549065,0.015475843,0.26390007,0.030908328,null,null,null,null,"TWOGAUSSIANS",8,3.1068654,0.30679423,0.006098103,0.4,0.0,0.23833008,0.016221453,0.8093476,0.0036152701,0.4,0.0,0.22601734,0.0139717
375316653866487564,5884035586990321280,0.4505665,2190.284009978315,3.268808783432783,1.2564523E-5,18.701939,0.018372364,0.30747384,0.008547196,0.06652345,0.11558742,0.0773302,3.9810836,0.84651953,1.9036166E-4,0.008606249,0.0022646256,0.67124754,0.6588628,0.08892605,0.01622763,0.30747384,0.008547196,"TWOGAUSSIANS_WITH_ELLIPSOIDAL_ON_ECLIPSE1",9,15.111483,0.84651953,1.9036166E-4,0.04819499,0.012681903,0.8385423,0.6816463,0.30747384,0.008547196,0.3725313,0.5800302,0.2551163,4.0053744
375316653866487564,5884035720133899136,0.51021683,2115.6910545604337,3.7228981051673853,1.6365879E-5,19.868382,0.012953317,0.14668903,0.008821275,0.076977395,0.009397976,0.37889174,0.060336802,0.64913756,0.0032829822,0.0773353,0.0044410815,0.3266128,0.01696864,null,null,null,null,"TWOGAUSSIANS",8,1.5980556,0.14668903,0.008821275,0.4,0.0053061577,0.37538466,0.061689857,0.64913756,0.0032829822,0.4,0.0,0.32310572,0.016075267
375316653866487564,5884035724429389440,0.5018318,2209.056637678028,0.13837050256105007,3.135019E-5,18.074705,0.0017553043,0.69540447,4.432051E-8,0.007150552,4.0293344E-5,0.34359565,0.0016276824,null,null,null,null,null,null,null,null,null,null,"ONEGAUSSIAN",5,3.3313673,0.69540447,4.432051E-8,0.04004309,2.2564273E-4,0.34359565,0.0,null,null,null,null,null,null
375316653866487564,5884036549149024256,0.49952963,2189.457039775128,3.884738006823767,2.1795453E-5,17.020947,0.003417695,0.21233767,0.0059260554,0.07166577,0.010477979,0.12319309,0.009044737,0.70517796,0.005247138,0.068456,0.0047924183,0.12090796,0.007166257,null,null,null,null,"TWOGAUSSIANS",8,12.5137615,0.21233767,0.0059260554,0.4,0.01612429,0.12284404,0.009298485,0.70517796,0.005247138,0.38335362,0.026837543,0.1205589,0.007032973
375316653866487564,5884036549149038208,0.50611264,2148.1741959014416,1.20236511908642,2.1459462E-5,19.704435,0.011609939,0.2656744,0.005366577,0.051742464,0.008180134,0.20125249,0.024771187,0.740867,0.0037811212,0.06290374,0.0054211514,0.39263073,0.032840353,null,null,null,null,"TWOGAUSSIANS",8,2.482293,0.740867,0.0037811212,0.35226095,0.030358449,0.39261445,0.032849323,0.2656744,0.005366577,0.2897578,0.04580875,0.20123622,0.024779554
375316653866487564,5884036858300803328,0.42261866,2182.1473924101992,0.46574255298161493,1.1565977E-5,18.84074,0.0031596872,0.5277201,9.169832E-6,0.0037092722,7.657269E-5,0.22773099,0.0015668897,0.8895522,0.009642862,0.013191476,0.010264255,0.07309584,0.089434326,null,null,null,null,"TWOGAUSSIANS",8,4.1479383,0.5277201,9.169832E-6,0.020771924,4.2880705E-4,0.22773099,0.0015668897,0.8895522,0.009642862,0.07387227,0.05747983,0.07309584,0.089434326
375316653866487564,5884036858386795520,0.4869331,2197.8606735012568,0.5291494667942706,2.9163144E-5,15.870156,0.0016612988,0.3604538,0.0047283294,0.05629596,0.0064210356,0.08797095,0.004834469,0.86318666,0.0046135145,0.035762127,0.007050367,0.028374854,0.0055950885,null,null,null,null,"TWOGAUSSIANS",8,17.595572,0.3604538,0.0047283294,0.3152574,0.0359578,0.08797091,0.0048345043,0.86318666,0.0046135145,0.20026791,0.039482057,0.028374817,0.0055951476
