Gaia/vari_eclipsing_binary/VariEclipsingBinary_490104-490136.csv
# %ECSV 1.0
# ---
# delimiter: ','
# meta: !!omap
# - RELEASE: Gaia DR3
# - TABLE: vari_eclipsing_binary
# - DESCRIPTION: >
#     This table describes the properties of the eclipsing binaries resulting from the variability analysis. 
# - CITATION: >
#     How to cite and acknowledge Gaia: 
#     https://gea.esac.esa.int/archive/documentation/credits.html 
# - KNOWN_ISSUES: >
#     Known issues: 
#     https://www.cosmos.esa.int/web/gaia-users/known-issues 
# - DOCUMENTATION: >
#     Tutorials and documentation: 
#     https://www.cosmos.esa.int/web/gaia-users/archive 
# datatype:
# - 
#   name: solution_id
#   datatype: int64
#   description: Solution Identifier
#   meta:
#     ucd: meta.version
# - 
#   name: source_id
#   datatype: int64
#   description: Unique source identifier
#   meta:
#     ucd: meta.id;meta.main
# - 
#   name: global_ranking
#   datatype: float32
#   description: Number between 0 (worst) and 1 (best)
#   meta:
#     ucd: stat.param
# - 
#   name: reference_time
#   datatype: float64
#   unit: d
#   description: Reference time used for the geometric model fit
#   meta:
#     ucd: time.epoch
# - 
#   name: frequency
#   datatype: float64
#   unit: d**-1
#   description: Frequency of geometric model of the eclipsing binary light curve
#   meta:
#     ucd: src.orbital
# - 
#   name: frequency_error
#   datatype: float32
#   unit: d**-1
#   description: "Uncertainty of \\texttt{frequency}"
#   meta:
#     ucd: stat.error
# - 
#   name: geom_model_reference_level
#   datatype: float32
#   unit: mag
#   description: Magnitude reference level of geometric model
#   meta:
#     ucd: phot.mag;em.opt
# - 
#   name: geom_model_reference_level_error
#   datatype: float32
#   unit: mag
#   description: "Uncertainty of \\texttt{geomModelReferenceLevel}"
#   meta:
#     ucd: stat.error;phot.mag;em.opt
# - 
#   name: geom_model_gaussian1_phase
#   datatype: float32
#   description: Phase of the Gaussian 1 component
#   meta:
#     ucd: time.phase
# - 
#   name: geom_model_gaussian1_phase_error
#   datatype: float32
#   description: "Uncertainty of \\texttt{geomModelGaussian1Phase}"
#   meta:
#     ucd: stat.error;time.phase
# - 
#   name: geom_model_gaussian1_sigma
#   datatype: float32
#   description: "Standard deviation [phase] of Gaussian 1 component"
#   meta:
#     ucd: stat.stdev
# - 
#   name: geom_model_gaussian1_sigma_error
#   datatype: float32
#   description: "Uncertainty of \\texttt{geomModelGaussian1Sigma}"
#   meta:
#     ucd: stat.error
# - 
#   name: geom_model_gaussian1_depth
#   datatype: float32
#   unit: mag
#   description: Magnitude depth of Gaussian 1 component
#   meta:
#     ucd: src.var.amplitude
# - 
#   name: geom_model_gaussian1_depth_error
#   datatype: float32
#   unit: mag
#   description: "Uncertainty of \\texttt{geomModelGaussian1Depth}"
#   meta:
#     ucd: stat.error;src.var.amplitude
# - 
#   name: geom_model_gaussian2_phase
#   datatype: float32
#   description: Phase of Gaussian 2 component
#   meta:
#     ucd: time.phase
# - 
#   name: geom_model_gaussian2_phase_error
#   datatype: float32
#   description: "Uncertainty of \\texttt{geomModelGaussian2Phase}"
#   meta:
#     ucd: stat.error;time.phase
# - 
#   name: geom_model_gaussian2_sigma
#   datatype: float32
[...]
#   datatype: float32
#   description: "Secondary eclipse: uncertainty of \\texttt{derivedSecondaryEclDuration}"
#   meta:
#     ucd: stat.error;time.duration
# - 
#   name: derived_secondary_ecl_depth
#   datatype: float32
#   unit: mag
#   description: "Secondary eclipse: depth"
#   meta:
#     ucd: src.var.amplitude
# - 
#   name: derived_secondary_ecl_depth_error
#   datatype: float32
#   unit: mag
#   description: "Secondary eclipse: uncertainty of \\texttt{derivedSecondaryEclDepth}"
#   meta:
#     ucd: stat.error;src.var.amplitude
solution_id,source_id,global_ranking,reference_time,frequency,frequency_error,geom_model_reference_level,geom_model_reference_level_error,geom_model_gaussian1_phase,geom_model_gaussian1_phase_error,geom_model_gaussian1_sigma,geom_model_gaussian1_sigma_error,geom_model_gaussian1_depth,geom_model_gaussian1_depth_error,geom_model_gaussian2_phase,geom_model_gaussian2_phase_error,geom_model_gaussian2_sigma,geom_model_gaussian2_sigma_error,geom_model_gaussian2_depth,geom_model_gaussian2_depth_error,geom_model_cosine_half_period_amplitude,geom_model_cosine_half_period_amplitude_error,geom_model_cosine_half_period_phase,geom_model_cosine_half_period_phase_error,model_type,num_model_parameters,reduced_chi2,derived_primary_ecl_phase,derived_primary_ecl_phase_error,derived_primary_ecl_duration,derived_primary_ecl_duration_error,derived_primary_ecl_depth,derived_primary_ecl_depth_error,derived_secondary_ecl_phase,derived_secondary_ecl_phase_error,derived_secondary_ecl_duration,derived_secondary_ecl_duration_error,derived_secondary_ecl_depth,derived_secondary_ecl_depth_error
[from data line 224]
375316653866487564,4311121904955124608,0.5834928,2206.373425074955,2.3568455033141285,1.2306651E-5,18.70204,0.020176608,0.21540542,0.0029487063,0.08656793,0.006203525,0.3980105,0.020276593,0.7221315,0.0049577127,0.091236085,0.010450128,0.2555187,0.01926011,null,null,null,null,"TWOGAUSSIANS",8,2.2501864,0.21540542,0.0029487063,0.4,0.0,0.3871336,0.016433615,0.7221315,0.0049577127,0.4,0.0,0.24464169,0.01677529
375316653866487564,4311122665198205696,0.5548781,2152.5513951528224,2.506189252245937,6.742719E-6,18.513714,0.012699879,0.22387993,0.003244711,0.043111697,0.006579797,0.19508292,0.026346378,0.71835375,0.010344789,0.036164086,0.02607426,0.35914356,328.60266,0.10291133,0.013160438,0.22387993,0.003244711,"TWOGAUSSIANS_WITH_ELLIPSOIDAL_ON_ECLIPSE1",9,3.0994546,0.71866375,0.01010588,0.20251888,0.14601585,0.56473196,328.6038,0.22387993,0.003244711,0.2414255,0.03684686,0.4009055,0.013238281
375316653866487564,4311122798308380032,0.52630067,2188.017571102421,1.5508706210975267,7.6009506E-5,19.525898,0.0136451,0.263706,0.030606732,0.07115501,0.020076726,0.41740635,0.033975378,0.74550676,0.024678305,0.09721176,0.022789756,0.06871623,0.02144937,null,null,null,null,"TWOGAUSSIANS",8,1.3824078,0.263706,0.030615732,0.39846805,0.040318582,0.41500735,0.03424765,0.74550676,0.024678305,0.4,0.0,0.06631688,0.01869596
375316653866487564,4311123661603826688,0.47174522,2052.4783806301493,3.2413654966980046,4.1696338E-5,19.618507,0.0138806235,0.31570083,0.009917209,0.102371946,0.020745207,0.20130932,0.023885548,0.7747944,0.0054503474,0.067233264,0.0073636384,0.16612238,0.015355447,null,null,null,null,"TWOGAUSSIANS",8,2.1435072,0.31570083,0.009917209,0.4,0.0,0.1990521,0.026076177,0.7747944,0.0054503474,0.37650627,0.041236375,0.16387397,0.013501011
375316653866487564,4311125654495803008,0.44960442,2082.722657248559,3.418835316647181,1.0568058E-4,19.780313,0.054722186,0.27457002,0.009196499,0.059011273,0.02829004,0.5886753,0.19690756,0.7186596,0.034621824,0.013868572,0.02016663,0.61681896,5.0927862E10,0.056223176,0.06786679,0.7186596,0.034621824,"TWOGAUSSIANS_WITH_ELLIPSOIDAL_ON_ECLIPSE2",9,28.607763,0.7186596,0.034621824,0.077664,0.11293312,0.72926396,5.0927862E10,0.27197003,0.008761839,0.33046314,0.08363241,0.6883979,0.11820474
375316653866487564,4311126101172305152,0.4895073,2111.792635777418,2.6144968257744643,2.324254E-5,18.480465,0.017444886,0.2585864,0.0055854865,0.08255729,0.01195866,0.19057348,0.017404944,0.75446284,0.011229461,0.08281902,0.011444055,0.16691904,0.021032393,null,null,null,null,"TWOGAUSSIANS",8,4.0858126,0.2585864,0.0055854865,0.4,0.0,0.18715106,0.015882896,0.75446284,0.011229461,0.4,0.0,0.1634966,0.017177457
375316653866487564,4311126990201623808,0.5545904,2117.6435672895395,2.0750203905228357,8.237552E-6,18.452055,0.009750857,0.20298837,0.0041115074,0.07003595,0.005060752,0.17333357,0.01360477,0.69748586,0.003607372,0.09551151,0.0058540325,0.26589686,0.011997893,null,null,null,null,"TWOGAUSSIANS",8,3.1595278,0.69748586,0.003607372,0.4,0.0,0.26175496,0.011511017,0.20298837,0.0041115074,0.39220133,0.019762484,0.16919228,0.012664138
375316653866487564,4311127024557436416,0.47838244,2130.7892803425707,1.4373774098824026,4.9929517E-5,18.04832,0.0033471936,0.20023176,0.025307143,0.07870781,0.021898262,0.034341797,0.010785026,0.6978001,0.007839041,0.066081144,0.0064901146,0.08945702,0.010712237,null,null,null,null,"TWOGAUSSIANS",8,1.8006135,0.6978001,0.007839041,0.37005442,0.036344644,0.089203514,0.010631802,0.20023176,0.025307143,0.4,0.04428513,0.034088295,0.010908765
375316653866487564,4311127230715889408,0.5779613,2115.4102145193647,0.36367421368689695,1.0015466E-5,18.230892,0.0051227547,0.26046795,0.012696859,0.03167499,0.018945388,0.12419888,14.399381,0.76307535,4.1099853E-4,0.029878987,0.0011382448,0.92174625,0.066487454,null,null,null,null,"TWOGAUSSIANS",8,3.6920147,0.76307535,4.1099853E-4,0.16732232,0.006374171,0.92174625,0.066487454,0.26046795,0.012696859,0.17737995,0.106094174,0.12419888,14.399381
375316653866487564,4311127475561883776,0.676578,2133.914145147846,0.9015074282274393,2.9605499E-6,17.193222,0.0105422335,0.3053621,0.0019113313,0.061225947,0.0055550947,0.13822336,0.020814922,0.79928714,0.015600236,0.05707553,0.0070257373,0.16453737,0.030701872,0.11344559,0.011010082,0.3053621,0.0019113313,"TWOGAUSSIANS_WITH_ELLIPSOIDAL_ON_ECLIPSE1",9,1.500724,0.80087715,0.013920948,0.31962296,0.03934413,0.39114413,0.026404554,0.3053621,0.0019113313,0.3428653,0.03110853,0.36507407,0.00539652
375316653866487564,4311127578641106176,0.59179664,2141.380207301182,1.6790213260435243,7.2008647E-6,17.442247,0.010473112,0.22813146,0.0073448573,0.08454071,0.008514879,0.29794946,0.01176851,0.7353476,0.0017630444,0.082601905,0.0036529938,0.46371856,0.013168758,null,null,null,null,"TWOGAUSSIANS",8,5.537642,0.7353476,0.0017630444,0.4,0.0,0.45632342,0.012981136,0.22813146,0.0073448573,0.4,0.0,0.2905543,0.009672099
375316653866487564,4311127716053774720,0.46870434,2106.8202916588425,0.10643928476122114,4.289885E-5,19.149166,0.0143312905,0.25154942,0.04424569,0.019662634,0.018115262,0.09710346,247.03246,0.6895391,0.0062760087,0.12555416,0.010899725,0.32300925,0.024817504,null,null,null,null,"TWOGAUSSIANS",8,3.5483477,0.6895391,0.0062760087,0.4,0.0,0.32271618,0.024844406,0.2516294,0.0442091,0.110110745,0.10144547,0.09756128,247.03397
375316653866487564,4311128575073609088,0.6021546,2094.2745848577865,1.7311909108440604,8.009539E-6,15.491005,0.028251313,0.22010852,0.0025765835,0.10537298,0.011962075,0.2240474,0.0249599,0.7261314,0.002395648,0.11644309,0.0121451765,0.23289894,0.025973681,null,null,null,null,"TWOGAUSSIANS",8,12.572246,0.7261314,0.0024062216,0.4,0.0,0.19905657,0.0061480356,0.22008853,0.0025945348,0.4,0.0,0.1902463,0.008417293
375316653866487564,4311128849925519488,0.511693,2080.1731643104376,4.898810935582274,2.3890816E-5,19.504734,0.023384456,0.3781409,0.009259211,0.16053846,0.019722506,0.31931642,0.025811767,0.8865751,0.0012659974,0.018899433,0.013056148,0.25628,0.20191617,null,null,null,null,"TWOGAUSSIANS",8,2.6395962,0.3781409,0.009259211,0.4,0.0,0.31081188,0.025999052,0.88659513,0.0011379274,0.10583683,0.07311443,0.2528346,0.20333116
375316653866487564,4311129017422147712,0.5905603,2123.4527604176424,0.85440585826108,1.9446557E-5,17.73413,0.0022464774,0.33237815,0.035246,0.046172235,0.023691358,0.058309283,0.077729054,0.83658016,0.0012171088,0.028640693,0.0014636634,0.4244017,0.045686763,null,null,null,null,"TWOGAUSSIANS",8,2.6161447,0.83658016,0.0012171088,0.16038787,0.008196515,0.4244017,0.045686763,0.33237815,0.035246,0.25856453,0.13267161,0.058309283,0.077729054
375316653866487564,4311129330962152320,0.49017978,2074.826663373761,2.1250519827263696,2.854298E-5,18.383118,0.040401433,0.2740531,0.009395335,0.09109123,0.030862872,0.26777244,0.04013637,0.7819754,0.019533472,0.09439864,0.023590356,0.18823987,0.039991807,null,null,null,null,"TWOGAUSSIANS",8,4.7170978,0.2740531,0.009395335,0.4,0.0,0.2572674,0.06865895,0.7819754,0.019533414,0.4,0.0,0.17773464,0.01753892
375316653866487564,4311130293060501888,0.5793927,2130.3831100055354,1.5832899650565326,1.0110544E-5,16.824184,0.0037308917,0.26928815,0.002289616,0.051656432,0.007407806,0.076367036,0.011815366,0.77659273,0.023160413,0.033614714,0.009320858,0.04252242,0.017094815,0.072985336,0.0050384216,0.26928815,0.002289616,"TWOGAUSSIANS_WITH_ELLIPSOIDAL_ON_ECLIPSE1",9,5.262094,0.26928815,0.002289616,0.28927603,0.04148371,0.22233678,0.010035193,0.77659273,0.023160413,0.18824239,0.0521968,0.1881849,0.02160236
375316653866487564,4311131873582715648,0.50068676,2113.6425676942695,3.2267325875443875,1.7050968E-5,19.614428,0.046713006,0.3306233,0.0066274116,0.08996145,0.01870029,0.28680468,0.046037335,0.8226261,0.010471384,0.09433354,0.018172668,0.3400791,0.046556592,null,null,null,null,"TWOGAUSSIANS",8,2.3065372,0.8226261,0.010471384,0.4,0.0,0.3260713,0.028236018,0.3306233,0.006627379,0.4,0.0,0.27279735,0.04150917
375316653866487564,4311132389004833536,0.57742107,2144.9205900131947,1.317152038233424,6.650173E-6,17.21594,0.0047018356,0.17953078,0.0043224846,0.0659049,0.007596233,0.097916216,0.0048919,0.67804015,0.002152857,0.05746897,0.0031735485,0.2721319,0.009818943,null,null,null,null,"TWOGAUSSIANS",8,5.3194914,0.67804015,0.002152857,0.32182622,0.017771872,0.2720515,0.009845046,0.17953078,0.0043224846,0.36906746,0.042538907,0.09783584,0.0048765535
375316653866487564,4311132865712166528,0.5781414,2151.518027962199,2.9691735899714797,6.493785E-6,19.030924,0.010150512,0.27203527,0.006720106,0.067434885,0.004487271,0.6715616,0.07309858,0.77021354,0.0027745215,0.07509484,0.0049193995,0.53693295,0.01492315,null,null,null,null,"TWOGAUSSIANS",8,2.3410192,0.27203527,0.006720106,0.37763536,0.025128717,0.6691407,0.07350994,0.77021354,0.0027745215,0.4,0.0,0.53451204,0.014810927
375316653866487564,4311133110559463040,0.51892364,2125.1273590477267,2.2481932882692983,3.6025445E-5,19.238995,0.010921278,0.2868053,0.016763654,0.057159573,0.013507879,0.20514736,0.031088285,0.808927,0.07664845,0.053430926,0.032903478,0.5424256,0.14989604,null,null,null,null,"TWOGAUSSIANS",8,4.806221,0.808927,0.07664845,0.29921317,0.18425947,0.54241616,0.149889,0.2868053,0.016763654,0.3200936,0.07564412,0.20513794,0.031091383
375316653866487564,4311134411901729536,0.56510246,2157.11803711143,2.7675839183008635,1.7767634E-5,18.627565,0.01156226,0.19135699,0.005863224,0.07010922,0.008734045,0.47348952,0.07391341,0.690055,0.0046107643,0.07557858,0.004322277,0.49477324,0.018611012,null,null,null,null,"TWOGAUSSIANS",8,4.7408423,0.690055,0.0046107643,0.4,0.0,0.49217352,0.017973602,0.19135699,0.005863224,0.39261162,0.0189238,0.4708898,0.075425975
375316653866487564,4311134897241737984,0.51407075,2144.9691620905905,2.1887191467607754,2.1551406E-5,19.405893,0.056306068,0.23140718,0.008860103,0.10501772,0.02179974,0.32060546,0.054583732,0.7307254,0.0024545775,0.09510128,0.014784549,0.31648,0.050339676,null,null,null,null,"TWOGAUSSIANS",8,2.1217227,0.23140718,0.008860103,0.4,0.0,0.29277885,0.030625107,0.7307254,0.0024579912,0.4,0.0,0.28866044,0.016482184
375316653866487564,4311135339613408768,0.48874354,2175.60229088128,2.267851645773074,1.4721571E-5,18.53989,0.007792729,0.2255347,0.011341882,0.02995295,0.011487743,0.19244608,0.016407425,0.7362579,0.007390623,0.031085791,0.007937228,0.21876892,0.09553688,0.04253423,0.0123468,0.2255347,0.011341882,"TWOGAUSSIANS_WITH_ELLIPSOIDAL_ON_ECLIPSE1",9,11.271159,0.7362579,0.0073860683,0.17408043,0.04444848,0.30345178,0.09494719,0.2255347,0.011341882,0.16773652,0.06433136,0.27751452,0.013038424
375316653866487564,4311135584460877056,0.45407385,2197.6220069912883,3.2676930571569867,3.1856667E-5,19.655989,0.033405986,0.184895,0.008894568,0.097644135,0.029102009,0.33750787,0.05859876,0.6933675,0.011764706,0.08552791,0.01349153,0.40367,0.08033543,null,null,null,null,"TWOGAUSSIANS",8,4.746875,0.6933675,0.01176435,0.4,0.0,0.38816124,0.07992441,0.184895,0.008894568,0.4,0.0,0.32199764,0.077077016
375316653866487564,4311136645283083904,0.4934625,2163.5845125473907,3.2015440547260123,5.0430877E-5,18.146809,0.008477085,0.17066433,0.006685392,0.07067047,0.013328956,0.12862079,0.012018384,0.69512093,0.025838882,0.048209127,0.02314441,0.12879305,0.03831403,null,null,null,null,"TWOGAUSSIANS",8,4.660425,0.69512093,0.025838882,0.2699711,0.12960869,0.12877804,0.038352516,0.17066433,0.006685392,0.39575464,0.049218547,0.12860578,0.011999806
375316653866487564,4311137474222574720,0.48386103,2170.4677664853575,1.6778414898563916,8.5144E-5,19.50604,0.0067368713,0.36345547,0.0061552385,0.04223829,0.0060004108,0.32816184,0.02971085,0.62151223,0.02310586,0.022897039,0.02275166,0.20052439,0.13396813,null,null,null,null,"TWOGAUSSIANS",8,3.0286107,0.36345547,0.0061552385,0.23653445,0.0336023,0.32816184,0.02971085,0.62151223,0.02310586,0.12822342,0.1274093,0.20052439,0.13396813
375316653866487564,4311137920898353792,0.45405513,2131.336188069448,4.965943353662041,2.637972E-5,18.61045,0.00745496,0.4116377,0.010609364,0.036122423,0.018548612,0.14535885,0.035493273,0.6785475,0.029681688,0.08244663,0.02088651,0.23472519,0.0636825,null,null,null,null,"TWOGAUSSIANS",8,8.207273,0.6785475,0.029681688,0.4,0.0,0.23472519,0.06368274,0.41208768,0.010323102,0.20228556,0.103872225,0.14661348,0.037767373
375316653866487564,4311140291745005952,0.42043942,2154.4730087918983,2.391722067796282,6.426295E-5,19.596733,0.14788707,0.46704245,0.026088422,0.14700522,0.06362085,0.44694215,0.16508819,0.856308,0.042922154,0.024240986,0.060926974,0.24691176,0.23529312,null,null,null,null,"TWOGAUSSIANS",8,13.509288,0.46704245,0.026086368,0.4,0.0,0.44418615,0.14577225,0.856308,0.042922154,0.13574952,0.31435335,0.25765303,0.23900948
375316653866487564,4311141528674017792,0.47758684,2123.7491252689297,2.6812530026252257,4.4867287E-5,17.69319,0.032498457,0.23976527,0.011208734,0.1341605,0.029961841,0.16542125,0.028805345,0.76070386,0.008481943,0.08891486,0.014202824,0.20995307,0.03133925,null,null,null,null,"TWOGAUSSIANS",8,13.725761,0.7608939,0.008563855,0.4,0.0,0.18725945,0.017236585,0.23976527,0.011208734,0.4,0.0,0.14235753,0.022715863
375316653866487564,4311142181508361600,0.5629262,2118.0189010605495,2.19589197866887,8.862238E-6,19.133154,0.013652471,0.23912703,0.0030124697,0.08309179,0.0047863466,0.4850854,0.01826387,0.72942615,0.0031830277,0.08910584,0.0038795895,0.5045663,0.02028792,null,null,null,null,"TWOGAUSSIANS",8,2.4956605,0.72942615,0.0031830277,0.4,0.0,0.49218062,0.018506696,0.23912703,0.0030124697,0.4,0.0,0.47269985,0.018045751
375316653866487564,4311142834365985408,0.57559,2112.00929977894,0.014612037390977573,1.0815924E-6,17.575275,0.00224326,0.010269161,6.005754E-6,6.9421774E-4,1.5783708E-5,0.50632364,0.0035299042,0.80041707,0.045949288,0.067591034,0.026949784,0.01814777,0.0057553286,null,null,null,null,"TWOGAUSSIANS",8,3.635398,0.010269161,6.005754E-6,0.0038876194,8.838876E-5,0.5064701,0.003483542,0.80041707,0.045949288,0.37850976,0.15091878,0.01814777,0.0057553286
375316653866487564,4311142903064012032,0.43727398,2096.5956342004515,2.0132836807330072,4.4472206E-5,19.065138,0.01029424,0.14475401,0.010115614,0.037994172,0.018242722,0.25606456,3.1191308,0.7792485,0.018693503,0.015934441,0.017069938,0.04573862,1.7958486E7,0.05274955,0.009014649,0.7792485,0.018693503,"TWOGAUSSIANS_WITH_ELLIPSOIDAL_ON_ECLIPSE2",9,4.621014,0.14850402,0.009605226,0.21276738,0.10215925,0.30376506,3.1214511,0.7792485,0.018693503,0.08923288,0.09559165,0.1512374,1.7958486E7
375316653866487564,4311143207999138432,0.5760886,2121.778034113733,3.4470715403846914,1.045341E-5,18.595385,0.04515638,0.24328248,0.002476257,0.050897583,0.008767491,0.50108236,0.089287005,0.7468724,0.0047981814,0.055983964,0.015026782,0.3864796,0.08244298,0.09799054,0.051949006,0.24328248,0.002476257,"TWOGAUSSIANS_WITH_ELLIPSOIDAL_ON_ECLIPSE1",9,8.48291,0.24328248,0.002476257,0.28502646,0.049097948,0.6970465,0.026949398,0.7468724,0.0047981814,0.3135102,0.08414998,0.58234406,0.031095931
375316653866487564,4311143212300647552,0.42861262,2075.3404402843294,2.0009319866755404,1.5988486E-4,19.72738,0.03258502,0.34235543,0.006119729,0.014961101,0.011940204,0.20007876,0.09044187,0.7459167,0.015637273,0.11255344,0.03540268,0.23927781,0.031140238,null,null,null,null,"TWOGAUSSIANS",8,5.7489824,0.7459167,0.015637273,0.4,0.0,0.239253,0.031168144,0.3423654,0.0061052875,0.083782166,0.06686514,0.20044082,0.0907618
375316653866487564,4311143452818553344,0.51726645,2139.022779695307,2.223810337009986,3.0248226E-5,19.357086,0.0087161325,0.19945073,0.0068707326,0.082524985,0.0061834385,0.28433824,0.019918276,0.6951729,0.0094065685,0.08049854,0.008347126,0.30767888,0.032674324,null,null,null,null,"TWOGAUSSIANS",8,2.0095065,0.6951729,0.0094065685,0.4,0.0,0.3027364,0.033132765,0.19945073,0.0068707326,0.4,0.0,0.27939576,0.01936089
