Gaia/vari_eclipsing_binary/VariEclipsingBinary_056375-056973.csv
# %ECSV 1.0
# ---
# delimiter: ','
# meta: !!omap
# - RELEASE: Gaia DR3
# - TABLE: vari_eclipsing_binary
# - DESCRIPTION: >
#     This table describes the properties of the eclipsing binaries resulting from the variability analysis. 
# - CITATION: >
#     How to cite and acknowledge Gaia: 
#     https://gea.esac.esa.int/archive/documentation/credits.html 
# - KNOWN_ISSUES: >
#     Known issues: 
#     https://www.cosmos.esa.int/web/gaia-users/known-issues 
# - DOCUMENTATION: >
#     Tutorials and documentation: 
#     https://www.cosmos.esa.int/web/gaia-users/archive 
# datatype:
# - 
#   name: solution_id
#   datatype: int64
#   description: Solution Identifier
#   meta:
#     ucd: meta.version
# - 
#   name: source_id
#   datatype: int64
#   description: Unique source identifier
#   meta:
#     ucd: meta.id;meta.main
# - 
#   name: global_ranking
#   datatype: float32
#   description: Number between 0 (worst) and 1 (best)
#   meta:
#     ucd: stat.param
# - 
#   name: reference_time
#   datatype: float64
#   unit: d
#   description: Reference time used for the geometric model fit
#   meta:
#     ucd: time.epoch
# - 
#   name: frequency
#   datatype: float64
#   unit: d**-1
#   description: Frequency of geometric model of the eclipsing binary light curve
#   meta:
#     ucd: src.orbital
# - 
#   name: frequency_error
#   datatype: float32
#   unit: d**-1
#   description: "Uncertainty of \\texttt{frequency}"
#   meta:
#     ucd: stat.error
# - 
#   name: geom_model_reference_level
#   datatype: float32
#   unit: mag
#   description: Magnitude reference level of geometric model
#   meta:
#     ucd: phot.mag;em.opt
# - 
#   name: geom_model_reference_level_error
#   datatype: float32
#   unit: mag
#   description: "Uncertainty of \\texttt{geomModelReferenceLevel}"
#   meta:
#     ucd: stat.error;phot.mag;em.opt
# - 
#   name: geom_model_gaussian1_phase
#   datatype: float32
#   description: Phase of the Gaussian 1 component
#   meta:
#     ucd: time.phase
# - 
#   name: geom_model_gaussian1_phase_error
#   datatype: float32
#   description: "Uncertainty of \\texttt{geomModelGaussian1Phase}"
#   meta:
#     ucd: stat.error;time.phase
# - 
#   name: geom_model_gaussian1_sigma
#   datatype: float32
#   description: "Standard deviation [phase] of Gaussian 1 component"
#   meta:
#     ucd: stat.stdev
# - 
#   name: geom_model_gaussian1_sigma_error
#   datatype: float32
#   description: "Uncertainty of \\texttt{geomModelGaussian1Sigma}"
#   meta:
#     ucd: stat.error
# - 
#   name: geom_model_gaussian1_depth
#   datatype: float32
#   unit: mag
#   description: Magnitude depth of Gaussian 1 component
#   meta:
#     ucd: src.var.amplitude
# - 
#   name: geom_model_gaussian1_depth_error
#   datatype: float32
#   unit: mag
#   description: "Uncertainty of \\texttt{geomModelGaussian1Depth}"
#   meta:
#     ucd: stat.error;src.var.amplitude
# - 
#   name: geom_model_gaussian2_phase
#   datatype: float32
#   description: Phase of Gaussian 2 component
#   meta:
#     ucd: time.phase
# - 
#   name: geom_model_gaussian2_phase_error
#   datatype: float32
#   description: "Uncertainty of \\texttt{geomModelGaussian2Phase}"
#   meta:
#     ucd: stat.error;time.phase
# - 
#   name: geom_model_gaussian2_sigma
#   datatype: float32
[...]
#   datatype: float32
#   description: "Secondary eclipse: uncertainty of \\texttt{derivedSecondaryEclDuration}"
#   meta:
#     ucd: stat.error;time.duration
# - 
#   name: derived_secondary_ecl_depth
#   datatype: float32
#   unit: mag
#   description: "Secondary eclipse: depth"
#   meta:
#     ucd: src.var.amplitude
# - 
#   name: derived_secondary_ecl_depth_error
#   datatype: float32
#   unit: mag
#   description: "Secondary eclipse: uncertainty of \\texttt{derivedSecondaryEclDepth}"
#   meta:
#     ucd: stat.error;src.var.amplitude
solution_id,source_id,global_ranking,reference_time,frequency,frequency_error,geom_model_reference_level,geom_model_reference_level_error,geom_model_gaussian1_phase,geom_model_gaussian1_phase_error,geom_model_gaussian1_sigma,geom_model_gaussian1_sigma_error,geom_model_gaussian1_depth,geom_model_gaussian1_depth_error,geom_model_gaussian2_phase,geom_model_gaussian2_phase_error,geom_model_gaussian2_sigma,geom_model_gaussian2_sigma_error,geom_model_gaussian2_depth,geom_model_gaussian2_depth_error,geom_model_cosine_half_period_amplitude,geom_model_cosine_half_period_amplitude_error,geom_model_cosine_half_period_phase,geom_model_cosine_half_period_phase_error,model_type,num_model_parameters,reduced_chi2,derived_primary_ecl_phase,derived_primary_ecl_phase_error,derived_primary_ecl_duration,derived_primary_ecl_duration_error,derived_primary_ecl_depth,derived_primary_ecl_depth_error,derived_secondary_ecl_phase,derived_secondary_ecl_phase_error,derived_secondary_ecl_duration,derived_secondary_ecl_duration_error,derived_secondary_ecl_depth,derived_secondary_ecl_depth_error
[from data line 563]
375316653866487564,500374964276341632,0.67102206,2228.0657862018356,3.4448795052125636,2.0645396E-6,15.833221,0.004068111,0.24666972,7.1631465E-4,0.04784526,0.0013128134,0.47818246,0.012792828,0.7440721,0.0013578951,0.045133103,0.0017475229,0.4325289,0.012199353,0.13165183,0.0052503943,0.24666972,7.1631465E-4,"TWOGAUSSIANS_WITH_ELLIPSOIDAL_ON_ECLIPSE1",9,17.759487,0.24666972,7.1631465E-4,0.26793343,0.007351755,0.7414851,0.011537423,0.7443021,0.0012192025,0.25274536,0.009786128,0.6957677,0.012551757
375316653866487564,500385164821142528,0.49382484,2231.7170013522514,1.7687335739638177,1.6523813E-5,19.449823,0.0066802567,0.16658488,0.01196062,0.046453297,0.013860779,0.25704086,0.06615676,0.6706809,0.010096312,0.03252741,0.008407943,0.39406914,0.07573877,null,null,null,null,"TWOGAUSSIANS",8,3.3678493,0.6706809,0.010096312,0.1821535,0.04708448,0.39406914,0.07573878,0.16658488,0.01196062,0.26013845,0.077620365,0.25704083,0.06615676
375316653866487564,500392247224915456,0.53084254,2244.6132707139936,3.2897401263173673,1.2549498E-5,17.522314,0.022273198,0.30555552,0.024295004,0.062818296,0.031747982,0.09587612,0.048347563,0.7850019,0.0044380412,0.047888663,0.019955806,0.11120638,0.045215935,0.10907902,0.026556421,0.7850019,0.0044380412,"TWOGAUSSIANS_WITH_ELLIPSOIDAL_ON_ECLIPSE2",9,19.659452,0.7850019,0.0044380412,0.26817653,0.11175252,0.32935527,0.015626514,0.2970055,0.013984161,0.35178244,0.17778869,0.31190243,0.024762785
375316653866487564,500392350304120832,0.6070037,2238.2563630371465,1.91904238862299,5.3303124E-6,14.941574,0.0037131805,0.17627817,0.0018043317,0.0777303,0.0031345163,0.27707264,0.0057484177,0.6739861,0.0023313954,0.09169499,0.002781171,0.23722656,0.0057067634,null,null,null,null,"TWOGAUSSIANS",8,31.457937,0.17627817,0.0018043317,0.4,0.0,0.27081567,0.0060995426,0.6739861,0.0023313954,0.4,0.0,0.23096941,0.0053517194
375316653866487564,500399905149781888,0.6490614,2229.397010347865,0.3019597461671445,5.8581256E-5,16.131044,0.0010036579,0.66290724,0.0050514857,0.025287883,0.0036504348,0.4524799,0.018102309,null,null,null,null,null,null,null,null,null,null,"ONEGAUSSIAN",5,5.966514,0.66290724,0.0050514857,0.14161214,0.020442436,0.4524799,0.0,null,null,null,null,null,null
375316653866487564,500400974598358144,0.6387985,2248.3445316316706,1.6221338834636652,3.6023207E-6,15.372043,0.006669007,0.22789045,6.513335E-4,0.0534094,0.005113021,0.10594199,0.014041494,0.72652376,0.011765048,0.06717755,0.011666001,0.096293956,0.015928077,0.07758744,0.008929364,0.22789045,6.513335E-4,"TWOGAUSSIANS_WITH_ELLIPSOIDAL_ON_ECLIPSE1",9,11.730438,0.22789045,6.513335E-4,0.29909265,0.028632918,0.26102763,0.005033327,0.7270238,0.007277477,0.37619427,0.05859741,0.25137234,0.009251044
375316653866487564,500407949625174144,0.62845576,2237.21956150886,4.198123560916921,3.6937597E-6,17.236622,0.009378276,0.22029793,0.0013866848,0.055362817,0.004295499,0.22240098,0.019926488,0.7098901,0.0060080085,0.059007503,0.0065869587,0.2202138,0.022523807,0.058137737,0.011605577,0.22029793,0.0013866848,"TWOGAUSSIANS_WITH_ELLIPSOIDAL_ON_ECLIPSE1",9,3.8568451,0.22029793,0.0013866848,0.31003177,0.024054794,0.33865455,0.008150703,0.71121013,0.005213225,0.330442,0.036886968,0.33603358,0.009606941
375316653866487564,500414203097336960,0.59003603,2241.6994808924073,3.555335438369194,4.339546E-6,14.884337,0.01360086,0.112251125,0.0012195917,0.056237496,0.004170444,0.3536224,0.026532004,0.6004677,0.0035314516,0.0689293,0.003361109,0.32636824,0.04011256,0.09601481,0.014791323,0.112251125,0.0012195917,"TWOGAUSSIANS_WITH_ELLIPSOIDAL_ON_ECLIPSE1",9,127.16713,0.112251125,0.0012195917,0.31493,0.023354484,0.5453974,0.021778893,0.6025977,0.0026647642,0.38600406,0.01882221,0.51728183,0.025571829
375316653866487564,500430730131632128,0.48208174,2171.326324521463,0.7254492334266484,1.2039992E-5,10.37355,2.7322827E-4,0.7681099,0.0012995978,0.022273446,0.0033964582,0.034931067,0.0057239784,null,null,null,null,null,null,0.008310241,3.8026628E-4,0.7681099,0.0012995978,"ONEGAUSSIAN_WITH_ELLIPSOIDAL",6,6.0608335,0.7681099,0.0012995978,0.12473129,0.019020166,0.051551543,0.005605001,null,null,null,null,null,null
375316653866487564,500433302814708992,0.56157374,2227.1688465981792,3.222189496194544,7.1095615E-6,17.575407,0.016902488,0.2539289,0.0034051172,0.11167041,0.010636466,0.17194314,0.015693638,0.75291044,0.0027111175,0.11174835,0.008259564,0.21278684,0.015903147,null,null,null,null,"TWOGAUSSIANS",8,2.6055276,0.75291044,0.0027111175,0.4,0.0,0.18189175,0.0054668947,0.2539289,0.0034130483,0.4,0.0,0.14105195,0.005120968
375316653866487564,500447871343027840,0.57811654,2262.85633524479,3.5589706817785727,6.641547E-6,18.30785,0.016199099,0.28147534,0.0021530155,0.057935055,0.006049948,0.26835975,0.04427486,0.7855081,0.00487343,0.045950547,0.010081985,0.22146015,0.043210477,0.0959513,0.03037334,0.28147534,0.0021530155,"TWOGAUSSIANS_WITH_ELLIPSOIDAL_ON_ECLIPSE1",9,5.801968,0.28147534,0.0021530155,0.3244363,0.03387971,0.4602381,0.02305801,0.7855081,0.00487343,0.25732306,0.056459118,0.4132153,0.024357392
375316653866487564,500456942314083968,0.62600386,2260.2249837843274,2.6582146289605535,4.663153E-6,17.114988,0.009589683,0.2389449,0.0023671316,0.06894093,0.011952001,0.03401879,0.022220626,0.73179096,0.0021223784,0.057441447,0.0033343171,0.34404427,0.022718485,0.083279,0.01172112,0.2389449,0.0023671316,"TWOGAUSSIANS_WITH_ELLIPSOIDAL_ON_ECLIPSE1",9,4.561957,0.732591,0.001809603,0.3216721,0.018672176,0.5102408,0.016988914,0.2389449,0.0023671316,0.38606924,0.058679495,0.20051397,0.004799989
375316653866487564,500466773498011776,0.4919229,2212.7905717521985,0.5952987394972965,3.473547E-5,14.731403,0.0054306043,0.2719285,0.008010667,0.011809223,0.0045571374,0.18433681,0.09725311,0.7683044,0.004510871,0.011689353,0.0014987199,0.95741546,0.26845124,null,null,null,null,"TWOGAUSSIANS",8,457.35004,0.7683044,0.004510871,0.06546038,0.008392831,0.95741546,0.26845124,0.2719285,0.008010667,0.06613165,0.025519969,0.18433681,0.09725311
375316653866487564,500472271056121984,0.5677036,2224.068734180301,3.4187954339221283,5.351469E-6,15.956722,0.0066753994,0.1751768,0.0023451636,0.09036492,0.0038788216,0.31996453,0.008241074,0.6866549,0.0019443819,0.08704066,0.003078978,0.32887495,0.008615713,null,null,null,null,"TWOGAUSSIANS",8,31.473112,0.6866549,0.0019443819,0.4,0.0,0.3187151,0.008181491,0.1751768,0.0023451636,0.4,0.0,0.3098046,0.0078701535
375316653866487564,500473473646955520,0.61641365,2200.1976397916746,3.1681591888957032,5.341853E-6,17.166857,0.008293644,0.15050763,0.0010976171,0.047596507,0.0047939722,0.2088663,0.020035164,0.65407544,0.003139646,0.04663255,0.0038373016,0.27560547,0.019500414,0.11649581,0.011374436,0.15050763,0.0010976171,"TWOGAUSSIANS_WITH_ELLIPSOIDAL_ON_ECLIPSE1",9,8.811332,0.65407544,0.003139646,0.26114228,0.021488888,0.5084796,0.007987741,0.15050763,0.0010976171,0.26654044,0.026846243,0.4418575,0.018402178
375316653866487564,500481646967408640,0.4919663,2202.4434987833656,3.423763408994975,1.0906638E-5,18.566776,0.02249829,0.2174322,0.0040477775,0.098716706,0.012447992,0.24297084,0.01932823,0.7148905,0.0053294855,0.09736779,0.00898158,0.2826772,0.024286697,null,null,null,null,"TWOGAUSSIANS",8,6.2811885,0.7148905,0.0053294855,0.4,0.0,0.2630607,0.014966991,0.2174322,0.0040477775,0.4,0.0,0.22335409,0.012539241
375316653866487564,500482986996523520,0.44491938,2224.9460321975216,2.008872714689075,1.6423786E-5,17.584887,0.0043055806,0.250633,0.032299116,0.04434661,0.027154632,0.051041227,0.046314087,0.7086915,0.004991174,0.024001013,0.0056277043,0.14734457,0.033024564,null,null,null,null,"TWOGAUSSIANS",8,17.836529,0.7086915,0.004991174,0.13440567,0.031515144,0.14734457,0.033024564,0.250633,0.032299116,0.24834101,0.15206593,0.051041227,0.046314087
375316653866487564,500491065832970496,0.62446874,2244.6984241978816,2.160202916510984,3.0424094E-6,16.28598,0.0069092945,0.25692278,7.105685E-4,0.063069224,0.0025416003,0.22213602,0.013293357,0.7695834,0.006654258,0.06406238,0.0063730585,0.059059426,0.014551904,0.05208628,0.0073407055,0.25692278,7.105685E-4,"TWOGAUSSIANS_WITH_ELLIPSOIDAL_ON_ECLIPSE1",9,5.3743615,0.25692278,7.105685E-4,0.35318768,0.014232961,0.32621053,0.004127277,0.7695834,0.006654258,0.35874933,0.035689127,0.16247612,0.0039963787
375316653866487564,500506081039424384,0.5285181,2237.12332850071,2.0397308275572077,1.9046784E-5,18.571112,0.005441349,0.24769545,0.0075226733,0.07734001,0.0079604415,0.09565283,0.006873755,0.75059175,0.0038782577,0.05298968,0.0035478761,0.42535022,0.040719252,null,null,null,null,"TWOGAUSSIANS",8,3.29503,0.75059175,0.0038782577,0.2967422,0.019868106,0.42515445,0.040782608,0.24769545,0.0075226733,0.4,0.0,0.095457055,0.006807939
375316653866487564,500510444726169984,0.42283648,2198.964381316761,0.10125551604333864,3.8260518E-5,18.891157,0.0067269746,0.44439468,0.010821341,0.027613204,0.011863107,0.21895544,0.08054532,0.81780434,0.030233335,0.054921225,0.025844496,0.11453902,0.016186416,null,null,null,null,"TWOGAUSSIANS",8,7.4165854,0.44439468,0.010821341,0.15463395,0.0664334,0.21895544,0.08054532,0.81780434,0.030233335,0.30755886,0.14472917,0.11453902,0.016186416
375316653866487564,500512678108262912,0.47868085,2178.4378413934733,0.5388260385881642,9.357064E-6,14.44529,0.0023543928,0.35817567,0.024413792,0.009836492,0.008893478,0.4118994,3.658444,0.8568593,0.0025272032,0.009747196,0.003231545,0.19836959,0.049393166,null,null,null,null,"TWOGAUSSIANS",8,202.35057,0.35817567,0.024413792,0.055084355,0.049803477,0.4118994,3.658444,0.8568593,0.0025272032,0.0545843,0.018096652,0.19836959,0.049393166
375316653866487564,500514048199450880,0.4546388,2184.764902471926,2.394204239909622,2.4365754E-5,18.771402,0.012274297,0.21289326,0.020241214,0.05328784,0.038738295,0.08029349,0.015865292,0.7151071,0.0072151097,0.06273983,0.01882562,0.1770941,0.027927417,null,null,null,null,"TWOGAUSSIANS",8,11.2925625,0.7151071,0.0072151097,0.35134304,0.10542347,0.17707318,0.027986202,0.21289326,0.020241214,0.2984119,0.21693446,0.08027257,0.015828798
375316653866487564,500515834906544256,0.41913003,2241.7179772493964,4.168852136180394,3.1660064E-5,18.651287,0.004618636,0.71704996,0.0039463392,0.022297198,0.006268745,0.16078065,0.45410243,null,null,null,null,null,null,0.031788923,0.005730889,0.71704996,0.0039463392,"ONEGAUSSIAN_WITH_ELLIPSOIDAL",6,7.2575755,0.71704996,0.0039463392,0.12486431,0.03510497,0.22435847,0.45382848,null,null,null,null,null,null
375316653866487564,500534908859185920,0.6324931,2261.9401547969164,3.307889738709857,4.6802484E-6,16.512064,0.007532718,0.22876681,8.5438E-4,0.05166035,0.0025495158,0.35470355,0.019332847,0.73140806,0.0051848628,0.04559875,0.0060189865,0.27729067,0.025779178,0.115012586,0.010046261,0.22876681,8.5438E-4,"TWOGAUSSIANS_WITH_ELLIPSOIDAL_ON_ECLIPSE1",9,21.014767,0.22876681,8.5438E-4,0.28929797,0.014277289,0.5847252,0.017788136,0.73140806,0.0051848628,0.255353,0.033706326,0.507249,0.018634398
375316653866487564,500538241753507328,0.53006744,2241.8056580352963,0.6810031208441552,9.710852E-6,15.129786,0.0046449993,0.3474688,0.0010606248,0.016887147,0.0016325497,0.47944838,0.04574842,0.8472901,0.0020455588,0.016994653,0.0019461687,0.39964357,0.028597128,0.0055920985,0.008002958,0.3474688,0.0010606248,"TWOGAUSSIANS_WITH_ELLIPSOIDAL_ON_ECLIPSE1",9,354.27972,0.3474688,0.0010606248,0.09456802,0.009142278,0.49063256,0.045322996,0.8472901,0.0020455588,0.09517006,0.010898545,0.41082776,0.027407654
375316653866487564,500542674160808064,0.55497724,2242.8826763676766,0.685737387685605,9.097699E-5,17.535583,0.0015665208,0.2543154,0.010175434,0.019977434,0.014188271,0.03802983,0.09963134,0.7593508,0.00656429,0.02761242,0.0042576008,0.25922233,0.017945193,null,null,null,null,"TWOGAUSSIANS",8,2.478518,0.7593508,0.00656429,0.15462954,0.023842566,0.25922233,0.017945193,0.2543154,0.010175434,0.11187363,0.07945432,0.03802983,0.09963134
375316653866487564,500544628367406464,0.42727807,2242.54327943885,3.4998393530550396,5.166686E-5,19.613775,0.008432488,0.737651,0.0117121255,0.06978075,0.041396707,0.09457233,0.049996905,null,null,null,null,null,null,0.060562603,0.013217714,0.737651,0.0117121255,"ONEGAUSSIAN_WITH_ELLIPSOIDAL",6,6.204611,0.737651,0.0117121255,0.3907722,0.12250777,0.21554564,0.049324643,null,null,null,null,null,null
375316653866487564,500556211896660096,0.5900107,2210.186958092493,1.757497550643715,3.6390177E-6,15.357377,0.0066279415,0.24653426,0.0026695698,0.045996945,0.007306266,0.08670437,0.015600595,0.7414241,6.73624E-4,0.04348438,0.0016143158,0.42699873,0.013520651,0.05318357,0.009580224,0.24653426,0.0026695698,"TWOGAUSSIANS_WITH_ELLIPSOIDAL_ON_ECLIPSE1",9,60.602924,0.7416041,6.236939E-4,0.24351253,0.0090401685,0.5332601,0.009611007,0.24653426,0.0026695698,0.2575829,0.04091509,0.19307142,0.008809133
375316653866487564,500562912045574656,0.51997226,2252.991833302204,0.6042165226503495,4.9806845E-6,17.062157,0.0024839567,0.18531188,0.03027691,0.015829999,0.022529682,0.084810674,2.64265191E12,0.68885016,6.7841774E-4,0.015683906,8.796039E-4,0.37000644,0.04160281,0.00845762,0.004186072,0.18531188,0.03027691,"TWOGAUSSIANS_WITH_ELLIPSOIDAL_ON_ECLIPSE1",9,9.775052,0.68885016,6.7841774E-4,0.08782987,0.004925782,0.3869133,0.04211989,0.18531188,0.03027691,0.088648,0.12616622,0.1017259,2.64265191E12
375316653866487564,500577274416378112,0.48378626,2239.3620447865137,0.5496678634109188,4.8348225E-5,14.640218,0.0026026214,0.260675,0.0133192,0.07586426,0.020636551,0.027433569,0.003837866,0.72765684,0.0054236897,0.034355015,0.009166032,0.16536117,0.012858808,null,null,null,null,"TWOGAUSSIANS",8,62.337788,0.72765684,0.0054236897,0.19238807,0.05132978,0.16536044,0.012859353,0.260675,0.0133192,0.4,0.012420482,0.027432844,0.0038382732
375316653866487564,500581569383440384,0.4845176,2236.98316677483,3.648801830511486,8.692657E-6,17.259024,0.004978095,0.05824266,0.003572345,0.006634943,0.0060298075,0.11430776,59.843384,0.84631336,0.001991031,0.05536628,0.0020103273,0.5649182,0.04676176,null,null,null,null,"TWOGAUSSIANS",8,47.39628,0.84631336,0.001991031,0.31005117,0.011257833,0.5649182,0.04676176,0.05823266,0.0035631144,0.03715568,0.03376692,0.114679754,59.843384
375316653866487564,500586963862395648,0.47676465,2245.892325971583,3.904235987535496,3.039211E-5,17.889946,0.06761193,0.19126005,0.0075739967,0.10874679,0.023414107,0.27351096,0.06150473,0.71314085,0.010445935,0.12544604,0.0319293,0.21528578,0.06466741,null,null,null,null,"TWOGAUSSIANS",8,19.842018,0.19111006,0.0073210397,0.4,0.0,0.23380406,0.015429147,0.71318084,0.010409651,0.4,0.0,0.1754103,0.015985332
375316653866487564,500586993924207104,0.41261247,2240.971116471986,0.3047647747076377,3.6301448E-5,17.628096,0.00963779,0.2519305,0.013527929,0.0355964,0.014152643,0.21495987,0.13657752,0.67552805,0.011437858,0.050888643,0.0138307335,0.14834374,0.029767625,0.013851079,0.011550034,0.2519305,0.013527929,"TWOGAUSSIANS_WITH_ELLIPSOIDAL_ON_ECLIPSE1",9,15.243374,0.2519305,0.013527929,0.19933984,0.0792548,0.24266203,0.13622229,0.677968,0.010771655,0.2849764,0.07745211,0.17031124,0.028702112
375316653866487564,500591288891528960,0.42668667,2235.2791559759394,1.046096749915293,6.2959E-5,18.476267,0.008292372,0.24880885,0.008046307,0.04244881,0.006961002,0.14771748,0.027085584,0.7742323,0.012381612,0.075623244,0.018521665,0.078021675,0.01272264,null,null,null,null,"TWOGAUSSIANS",8,10.291511,0.24880885,0.008046307,0.23771334,0.03898161,0.14770812,0.02708314,0.7742323,0.012381612,0.4,0.029725986,0.07801231,0.012724339
