Gaia/vari_eclipsing_binary/VariEclipsingBinary_768884-768959.csv
# %ECSV 1.0
# ---
# delimiter: ','
# meta: !!omap
# - RELEASE: Gaia DR3
# - TABLE: vari_eclipsing_binary
# - DESCRIPTION: >
#     This table describes the properties of the eclipsing binaries resulting from the variability analysis. 
# - CITATION: >
#     How to cite and acknowledge Gaia: 
#     https://gea.esac.esa.int/archive/documentation/credits.html 
# - KNOWN_ISSUES: >
#     Known issues: 
#     https://www.cosmos.esa.int/web/gaia-users/known-issues 
# - DOCUMENTATION: >
#     Tutorials and documentation: 
#     https://www.cosmos.esa.int/web/gaia-users/archive 
# datatype:
# - 
#   name: solution_id
#   datatype: int64
#   description: Solution Identifier
#   meta:
#     ucd: meta.version
# - 
#   name: source_id
#   datatype: int64
#   description: Unique source identifier
#   meta:
#     ucd: meta.id;meta.main
# - 
#   name: global_ranking
#   datatype: float32
#   description: Number between 0 (worst) and 1 (best)
#   meta:
#     ucd: stat.param
# - 
#   name: reference_time
#   datatype: float64
#   unit: d
#   description: Reference time used for the geometric model fit
#   meta:
#     ucd: time.epoch
# - 
#   name: frequency
#   datatype: float64
#   unit: d**-1
#   description: Frequency of geometric model of the eclipsing binary light curve
#   meta:
#     ucd: src.orbital
# - 
#   name: frequency_error
#   datatype: float32
#   unit: d**-1
#   description: "Uncertainty of \\texttt{frequency}"
#   meta:
#     ucd: stat.error
# - 
#   name: geom_model_reference_level
#   datatype: float32
#   unit: mag
#   description: Magnitude reference level of geometric model
#   meta:
#     ucd: phot.mag;em.opt
# - 
#   name: geom_model_reference_level_error
#   datatype: float32
#   unit: mag
#   description: "Uncertainty of \\texttt{geomModelReferenceLevel}"
#   meta:
#     ucd: stat.error;phot.mag;em.opt
# - 
#   name: geom_model_gaussian1_phase
#   datatype: float32
#   description: Phase of the Gaussian 1 component
#   meta:
#     ucd: time.phase
# - 
#   name: geom_model_gaussian1_phase_error
#   datatype: float32
#   description: "Uncertainty of \\texttt{geomModelGaussian1Phase}"
#   meta:
#     ucd: stat.error;time.phase
# - 
#   name: geom_model_gaussian1_sigma
#   datatype: float32
#   description: "Standard deviation [phase] of Gaussian 1 component"
#   meta:
#     ucd: stat.stdev
# - 
#   name: geom_model_gaussian1_sigma_error
#   datatype: float32
#   description: "Uncertainty of \\texttt{geomModelGaussian1Sigma}"
#   meta:
#     ucd: stat.error
# - 
#   name: geom_model_gaussian1_depth
#   datatype: float32
#   unit: mag
#   description: Magnitude depth of Gaussian 1 component
#   meta:
#     ucd: src.var.amplitude
# - 
#   name: geom_model_gaussian1_depth_error
#   datatype: float32
#   unit: mag
#   description: "Uncertainty of \\texttt{geomModelGaussian1Depth}"
#   meta:
#     ucd: stat.error;src.var.amplitude
# - 
#   name: geom_model_gaussian2_phase
#   datatype: float32
#   description: Phase of Gaussian 2 component
#   meta:
#     ucd: time.phase
# - 
#   name: geom_model_gaussian2_phase_error
#   datatype: float32
#   description: "Uncertainty of \\texttt{geomModelGaussian2Phase}"
#   meta:
#     ucd: stat.error;time.phase
# - 
#   name: geom_model_gaussian2_sigma
#   datatype: float32
[...]
#   datatype: float32
#   description: "Secondary eclipse: uncertainty of \\texttt{derivedSecondaryEclDuration}"
#   meta:
#     ucd: stat.error;time.duration
# - 
#   name: derived_secondary_ecl_depth
#   datatype: float32
#   unit: mag
#   description: "Secondary eclipse: depth"
#   meta:
#     ucd: src.var.amplitude
# - 
#   name: derived_secondary_ecl_depth_error
#   datatype: float32
#   unit: mag
#   description: "Secondary eclipse: uncertainty of \\texttt{derivedSecondaryEclDepth}"
#   meta:
#     ucd: stat.error;src.var.amplitude
solution_id,source_id,global_ranking,reference_time,frequency,frequency_error,geom_model_reference_level,geom_model_reference_level_error,geom_model_gaussian1_phase,geom_model_gaussian1_phase_error,geom_model_gaussian1_sigma,geom_model_gaussian1_sigma_error,geom_model_gaussian1_depth,geom_model_gaussian1_depth_error,geom_model_gaussian2_phase,geom_model_gaussian2_phase_error,geom_model_gaussian2_sigma,geom_model_gaussian2_sigma_error,geom_model_gaussian2_depth,geom_model_gaussian2_depth_error,geom_model_cosine_half_period_amplitude,geom_model_cosine_half_period_amplitude_error,geom_model_cosine_half_period_phase,geom_model_cosine_half_period_phase_error,model_type,num_model_parameters,reduced_chi2,derived_primary_ecl_phase,derived_primary_ecl_phase_error,derived_primary_ecl_duration,derived_primary_ecl_duration_error,derived_primary_ecl_depth,derived_primary_ecl_depth_error,derived_secondary_ecl_phase,derived_secondary_ecl_phase_error,derived_secondary_ecl_duration,derived_secondary_ecl_duration_error,derived_secondary_ecl_depth,derived_secondary_ecl_depth_error
[from data line 189]
375316653866487564,6763536174997527936,0.5750445,2232.338763083513,0.20384204552430368,6.806413E-5,18.03328,0.009886931,0.23539597,0.01270667,0.10025889,0.011693134,0.21084799,0.012896246,0.720645,0.0026840477,0.08501772,0.0046870345,0.21871802,0.011450251,null,null,null,null,"TWOGAUSSIANS",8,2.1108189,0.720645,0.0026840477,0.4,0.0,0.20971707,0.0072541144,0.23539597,0.01270667,0.4,0.0,0.20184493,0.007928257
375316653866487564,6763540087714747520,0.47581422,2229.4954011716623,0.5157508371235784,4.7538182E-5,19.418869,0.036784112,0.35881847,0.015561632,0.068329506,0.03113839,0.17108364,0.052830115,0.85880005,0.017462946,0.11851813,0.041941434,0.15337974,0.04660447,null,null,null,null,"TWOGAUSSIANS",8,2.7100198,0.35881847,0.015596616,0.38264522,0.12348034,0.16261831,0.055871624,0.85880005,0.017462946,0.4,0.0,0.14487255,0.041869227
375316653866487564,6763540779202543744,0.5541686,2205.240790656077,2.3998863988063266,8.6927444E-5,19.174397,0.0041830502,0.28133592,0.0037174919,0.03552875,0.0021715008,0.3648605,0.043275107,0.56900394,1.5888963E-4,0.040947843,0.0017243519,0.21953572,0.0048280996,null,null,null,null,"TWOGAUSSIANS",8,0.89500225,0.28133592,0.0037174919,0.198961,0.012160405,0.3648605,0.043275107,0.56900394,1.5888963E-4,0.22930792,0.009656371,0.21953572,0.0048280996
375316653866487564,6763542767769873152,0.48516816,2204.3798984881323,2.3160527195228204,2.1222773E-5,13.615757,0.0021464222,null,null,null,null,null,null,null,null,null,null,null,null,0.036741752,0.0022861871,0.18878064,0.0064720092,"ELLIPSOIDAL",4,81.97786,null,null,null,null,null,null,null,null,null,null,null,null
375316653866487564,6763544627503600640,0.47353324,2202.1042584736792,2.49259561920581,6.80977E-5,18.35791,0.26545927,0.20155293,0.012632416,0.15125333,0.079194106,0.3200003,0.2622953,0.71862423,0.01779525,0.09112277,0.03557288,0.206651,0.16879338,null,null,null,null,"TWOGAUSSIANS",8,10.581317,0.20155293,0.012600835,0.4,0.0,0.265919,0.027600052,0.7194842,0.018797323,0.4,0.0,0.15546253,0.024719177
375316653866487564,6763546203742729216,0.62477076,2248.427451034081,3.5265685043329036,8.927173E-6,15.200469,0.012805987,0.21172702,0.008513279,0.040309034,0.008150602,0.2803956,0.046581827,0.7293451,0.001345129,0.04415155,0.0038385496,0.29666248,0.032456536,0.1409059,0.019216731,0.7293451,0.001345129,"TWOGAUSSIANS_WITH_ELLIPSOIDAL_ON_ECLIPSE2",9,77.904724,0.7293451,0.001345129,0.24724868,0.021495879,0.57847404,0.01989835,0.21372701,0.00764557,0.22573058,0.04564337,0.55915713,0.06453402
375316653866487564,6763546345490557952,0.6341001,2182.03617155119,1.4877386846255327,7.431613E-6,17.901041,0.0045367037,0.277646,0.0025246413,0.07285,0.0018502293,0.31733444,0.0050855284,0.7942425,0.0018022603,0.055548076,0.0035005508,0.35445744,0.030180445,null,null,null,null,"TWOGAUSSIANS",8,1.8245801,0.7942425,0.0018022603,0.31106922,0.019603085,0.35425618,0.030268967,0.277646,0.0025246413,0.4,0.0,0.3171332,0.005018285
375316653866487564,6763547131456519040,0.5828864,2194.5277995746346,3.249655746785863,9.762876E-6,15.321176,0.015317387,0.26626983,0.0038704157,0.09825736,0.009016168,0.3130364,0.014550553,0.76454276,0.002590503,0.08398681,0.012158621,0.3642771,0.052522887,null,null,null,null,"TWOGAUSSIANS",8,53.56166,0.76454276,0.002590503,0.4,0.0,0.34917554,0.06330495,0.26626983,0.0038704157,0.4,0.0,0.29793337,0.009684926
375316653866487564,6763548544502169984,0.4573461,2192.1993452099528,0.32103492040768594,2.4897825E-5,19.563133,0.010238194,0.3220173,0.009640982,0.06719411,0.011799359,0.21935323,0.032052364,0.77892196,0.0068454184,0.0724772,0.017670456,0.33568263,0.1636907,null,null,null,null,"TWOGAUSSIANS",8,2.0571911,0.77892196,0.0068454184,0.4,0.061255224,0.3353981,0.16419792,0.3220173,0.009640982,0.37628704,0.06039416,0.2190687,0.032287546
375316653866487564,6763552388496642944,0.57321745,2245.6590343318535,3.6869604852124,1.5096347E-5,17.916119,0.023330143,0.27421534,0.006453904,0.106369026,0.012522803,0.3063505,0.021278959,0.7618032,0.009582739,0.09688892,0.012008247,0.22238217,0.027122915,null,null,null,null,"TWOGAUSSIANS",8,3.5760968,0.27421534,0.006453904,0.4,0.0,0.28447914,0.016018603,0.7618032,0.009582739,0.4,0.0,0.20052111,0.013430965
375316653866487564,6763553286157920896,0.57252365,2170.517538397835,0.2845061427224488,3.4855755E-5,14.704761,0.0015024296,0.28951135,0.1491988,0.057715654,0.037188414,0.07159764,0.13944675,0.684103,1.0055189E-4,0.01591099,9.830641E-4,0.15910988,0.0012628657,0.00449517,0.0037126364,0.684103,1.0055189E-4,"TWOGAUSSIANS_WITH_ELLIPSOIDAL_ON_ECLIPSE2",9,35.2383,0.684103,1.0055189E-4,0.08910155,0.005505159,0.1681002,0.0071776905,0.28698134,0.14468668,0.32320768,0.17868152,0.077257626,0.13997488
375316653866487564,6763553526676028160,0.5588897,2216.0423535769864,2.8295889588144756,2.2788516E-5,17.06181,0.023048097,0.22294903,0.008304382,0.11401761,0.019083166,0.13106023,0.023592832,0.70158863,0.004500042,0.10378182,0.010679508,0.20923735,0.022865865,null,null,null,null,"TWOGAUSSIANS",8,3.0685346,0.70158863,0.004500042,0.4,0.0,0.19076887,0.0075835465,0.22296903,0.008286612,0.4,0.0,0.112574175,0.010103886
375316653866487564,6763558573254764160,0.54021084,2217.864501759487,2.757684767152069,1.1197384E-5,17.716497,0.0017167622,0.8089752,0.002415758,0.048533604,0.03810482,0.028409524,0.009748549,null,null,null,null,null,null,0.0819455,0.0043291254,0.8089752,0.002415758,"ONEGAUSSIAN_WITH_ELLIPSOIDAL",6,3.6906836,0.8089752,0.002415758,0.27178818,0.213387,0.19230044,0.008959448,null,null,null,null,null,null
375316653866487564,6763558676334252544,0.5836816,2240.460657103058,4.2897225540821,1.5995665E-5,19.328186,0.013325026,0.32016936,0.006404826,0.082897246,0.0055030375,0.60505724,0.07152608,0.8062805,0.0028728957,0.07223533,0.005546075,0.59454244,0.0318583,null,null,null,null,"TWOGAUSSIANS",8,2.9585505,0.32016936,0.006404826,0.4,0.0,0.6000984,0.07239299,0.8062805,0.0028728957,0.4,0.013511481,0.5895836,0.03376861
375316653866487564,6763561566854924928,0.65883684,2219.460583854799,3.215732894694257,1.1939603E-5,16.424917,0.014606208,0.2512177,0.001605392,0.042778417,0.0054779663,0.29894885,0.03917003,0.7490505,0.024839638,0.04239037,0.017478611,0.37174147,0.08914889,0.10341793,0.0154603915,0.2512177,0.001605392,"TWOGAUSSIANS_WITH_ELLIPSOIDAL_ON_ECLIPSE1",9,9.722688,0.7492105,0.02237323,0.23738606,0.09788023,0.5785414,0.06390211,0.2512177,0.001605392,0.23955914,0.03067661,0.50578433,0.036686968
375316653866487564,6763562799501929984,0.61838114,2261.4814630881797,2.727172037138438,9.718308E-6,17.567106,0.009762724,0.30488247,0.0026670613,0.07750395,0.0044711716,0.5260232,0.0088922,0.79237515,0.0041797934,0.07059586,0.0040828832,0.51824164,0.020044083,null,null,null,null,"TWOGAUSSIANS",8,9.711692,0.30488247,0.0026670613,0.4,0.0,0.5234044,0.008752862,0.79237515,0.0041797934,0.39533684,0.014421739,0.51562285,0.020011669
375316653866487564,6763562803790957184,0.50524044,2231.3164560347095,4.0049170454493295,2.1271459E-5,19.255777,0.015313265,0.31523436,0.11587823,0.08679186,0.07080715,0.326632,37277.82,0.8051036,0.0050780713,0.0686617,0.009092714,0.3636402,0.04315662,null,null,null,null,"TWOGAUSSIANS",8,4.160524,0.8051036,0.0050780713,0.3845055,0.047029864,0.36052343,0.044411957,0.31523436,0.11587823,0.4,0.30297405,0.32351518,37277.824
375316653866487564,6763562872510446848,0.4533302,2283.743323013237,3.339104218928206,1.9585112E-5,19.429636,0.028813211,0.19393934,0.01663727,0.07986384,0.023205662,0.20934217,0.08338768,0.71841925,0.0030707347,0.09037844,0.012409783,0.24959545,0.02749622,null,null,null,null,"TWOGAUSSIANS",8,1.687152,0.71841925,0.0030707347,0.4,0.0,0.24560879,0.024940891,0.19393934,0.01663727,0.4,0.061441634,0.20535575,0.0853502
375316653866487564,6763564242612846336,0.56547785,2242.8254696504855,3.0214477433211133,7.398861E-6,17.632196,0.009291558,0.27576685,0.004790404,0.082456216,0.0057201437,0.3068219,0.024692776,0.75469506,0.0029294232,0.08162127,0.006032765,0.39465442,0.01686389,null,null,null,null,"TWOGAUSSIANS",8,6.7568717,0.75469506,0.0029294232,0.4,0.0,0.39016813,0.017559122,0.27576685,0.004790404,0.4,0.0,0.30233562,0.024736557
375316653866487564,6763564934094915072,0.51341754,2188.630133461645,1.5532426828903019,4.2705506E-5,18.414875,0.0111124,0.20213634,0.0071772668,0.07073366,0.015176251,0.17582336,0.0294796,0.6906126,0.0058680526,0.070725605,0.021949941,0.16549447,0.03622543,null,null,null,null,"TWOGAUSSIANS",8,3.904169,0.20213634,0.0071772668,0.39610848,0.025631376,0.1753295,0.030771691,0.6906126,0.0058680526,0.3960634,0.073360205,0.16500063,0.036988687
375316653866487564,6763565552570279680,0.553121,2225.905959635819,2.6156721834086802,2.4063023E-5,18.528877,0.019993296,0.23162833,0.0063124145,0.04477054,0.013027189,0.17752881,0.06467312,0.73935485,0.02628042,0.03968714,0.020719081,0.48995927,17.225288,0.11956344,0.025948642,0.23162833,0.0063124145,"TWOGAUSSIANS_WITH_ELLIPSOIDAL_ON_ECLIPSE1",9,9.570229,0.73935485,0.025512287,0.222248,0.116026856,0.7285228,17.223803,0.23162833,0.0063124145,0.25071502,0.072952256,0.41665545,0.041350935
375316653866487564,6763568675019218048,0.4989965,2157.0729936862667,3.5449112159023635,3.3503817E-5,18.451078,0.014191147,0.27705833,0.010465156,0.0897807,0.022353128,0.0900923,0.0144380685,0.80519,0.00940228,0.07860168,0.018052137,0.11725505,0.022411095,null,null,null,null,"TWOGAUSSIANS",8,1.4695945,0.80519,0.009404296,0.4,0.0010861575,0.11577255,0.02227799,0.27705833,0.010465156,0.4,0.0,0.08860972,0.013370032
375316653866487564,6763569400861244160,0.45279798,2219.246439749724,0.5539679329893408,8.859527E-5,17.617424,0.0510435,0.38593692,0.016148135,0.19405177,0.043667693,0.25178364,0.045833483,0.79885566,0.032018606,0.05430734,0.034811962,0.14987418,0.061502982,null,null,null,null,"TWOGAUSSIANS",8,36.107075,0.38593692,0.016148135,0.4,0.0,0.22481072,0.016178552,0.79885566,0.032018606,0.3041211,0.19494697,0.15166208,0.06245212
375316653866487564,6763571801752561664,0.6374067,2219.4765940581974,1.8591015980028045,6.1785254E-6,12.84767,0.017510813,0.3233818,0.017057963,0.055390522,0.01738133,0.23935975,0.04146073,0.8173527,0.0014940881,0.050658505,0.010691416,0.14413683,0.03588268,0.095659755,0.019370565,0.8173527,0.0014940881,"TWOGAUSSIANS_WITH_ELLIPSOIDAL_ON_ECLIPSE2",9,138.5394,0.3224018,0.013848648,0.31018692,0.09733544,0.43044257,0.017321195,0.8173527,0.0014940881,0.28368762,0.05987193,0.3354496,0.027872127
375316653866487564,6763571806057761152,0.6342591,2208.5617376839837,2.274995866120269,8.817423E-6,12.77035,0.0068971934,0.26830095,0.0062212297,0.09631801,0.0072908592,0.35775828,0.02039152,0.7684117,9.482733E-4,0.08364153,0.0022293879,0.43271983,0.00852152,null,null,null,null,"TWOGAUSSIANS",8,130.67215,0.7684117,9.482733E-4,0.4,0.0,0.41635022,0.0086057745,0.26830095,0.0062212297,0.4,0.0,0.34138766,0.022524085
375316653866487564,6763572046560764928,0.5030862,2203.5033579975293,3.39824139622948,1.8210929E-5,19.52156,0.043343425,0.18753281,0.004998053,0.09088183,0.013577234,0.37949246,0.028832251,0.68323344,0.0058150003,0.094524354,0.01810808,0.37352294,0.03449924,null,null,null,null,"TWOGAUSSIANS",8,1.9217687,0.18753281,0.004998053,0.4,0.0,0.36086702,0.009193391,0.68323344,0.0058150003,0.4,0.0,0.35489705,0.0384717
375316653866487564,6763572214070729600,0.56156904,2183.8959286976533,3.1684986986719923,2.2346161E-5,18.952051,0.018343743,0.3320222,0.00998163,0.07682157,0.009798556,0.32175002,0.028233346,0.83243316,0.0067973244,0.0690274,0.008594677,0.3152253,0.025026415,null,null,null,null,"TWOGAUSSIANS",8,2.0562549,0.3320222,0.00998163,0.4,0.0,0.3199822,0.027212743,0.83243316,0.0067973244,0.38655347,0.03312633,0.31345746,0.023972504
375316653866487564,6763573249155874944,0.51610416,2258.036377037506,3.988629119070779,2.0058707E-5,19.452387,0.004283636,null,null,null,null,null,null,null,null,null,null,null,null,0.11413001,0.0057768025,0.27795717,0.0047446843,"ELLIPSOIDAL",4,1.0839396,null,null,null,null,null,null,null,null,null,null,null,null
375316653866487564,6763573622818887808,0.64958507,2231.690680270343,3.30650001992262,9.301353E-6,17.15756,0.021068282,0.26777568,0.0024022094,0.0507896,0.0071598147,0.37297377,0.056569353,0.7688856,0.009826061,0.04493774,0.0087938085,0.34153616,0.05438907,0.14592035,0.029156554,0.26777568,0.0024022094,"TWOGAUSSIANS_WITH_ELLIPSOIDAL_ON_ECLIPSE1",9,15.376784,0.26777568,0.0024022094,0.28442174,0.04009496,0.6648116,0.043368004,0.7688856,0.009058619,0.25165135,0.049245328,0.63335985,0.029018011
375316653866487564,6763577264951872512,0.5116561,2184.432676070271,2.221421982489792,4.969577E-5,17.310448,0.022705313,0.20473869,0.017334668,0.026629107,0.023696942,0.32102898,23.863754,0.61621845,0.04579103,0.05931796,0.061740734,0.22100994,0.05566238,0.066690624,0.021116387,0.20473869,0.017334668,"TWOGAUSSIANS_WITH_ELLIPSOIDAL_ON_ECLIPSE1",9,32.048042,0.20473869,0.017322136,0.149123,0.13270289,0.45441,23.8834,0.6274384,0.040979158,0.3321806,0.111443885,0.32140586,0.04959944
375316653866487564,6763579223457738752,0.6030265,2167.8593671569092,2.1060460805619163,9.7411075E-6,18.025892,0.008019569,0.29550633,0.009177909,0.048168216,0.009665945,0.7512385,0.19596249,0.78669524,0.0017158416,0.037701648,0.0014118055,0.59968495,0.031011315,null,null,null,null,"TWOGAUSSIANS",8,11.048643,0.29550633,0.009177909,0.269742,0.05412929,0.7512385,0.19596356,0.78669524,0.0017158416,0.21112923,0.007906111,0.59968495,0.031011231
375316653866487564,6763582182699073280,0.55755204,2234.575788629632,2.836703249465301,1.7315218E-5,18.009846,0.009647201,0.30028734,0.0039137104,0.087220944,0.0051787384,0.32387918,0.012873034,0.8312529,0.004861027,0.08132215,0.0063195326,0.32608923,0.02180085,null,null,null,null,"TWOGAUSSIANS",8,6.6807995,0.8312529,0.004861027,0.4,0.0,0.32154498,0.022812547,0.30028734,0.0039137104,0.4,0.0,0.31933475,0.012217805
375316653866487564,6763582521994074368,0.48299897,2190.4005608446764,3.440102248998934,2.1037127E-5,19.299282,0.050422642,0.28853306,0.012894106,0.08609687,0.033208568,0.37297842,0.19095923,0.77089155,0.008833881,0.08175748,0.019419517,0.38122025,0.047942515,null,null,null,null,"TWOGAUSSIANS",8,5.314177,0.77089155,0.008833881,0.4,0.0,0.3747335,0.045456503,0.28853306,0.012894106,0.4,0.015600648,0.36649162,0.20120518
375316653866487564,6763583247851045504,0.54587847,2213.4522520223213,3.4141952399747897,2.6628475E-5,17.880194,0.013480633,0.282458,0.0041941823,0.08270955,0.006059398,0.26686233,0.015224052,0.78061694,0.008627583,0.0937448,0.011582901,0.22333996,0.013573905,null,null,null,null,"TWOGAUSSIANS",8,6.3797784,0.282458,0.0041941823,0.4,0.0,0.2583845,0.012138668,0.78061694,0.008627583,0.4,0.0,0.21486184,0.008189231
375316653866487564,6763584450441992064,0.58254594,2295.3293591326815,3.080861904228065,9.256772E-6,18.822725,0.019031515,0.26684514,0.0022822279,0.07681898,0.004738266,0.39020336,0.017817762,0.77004266,0.0052575106,0.08298938,0.0059936354,0.413763,0.022209847,null,null,null,null,"TWOGAUSSIANS",8,2.049095,0.77004266,0.0052575106,0.4,0.0,0.4081091,0.019702293,0.26684514,0.0022822279,0.4,0.0,0.3845495,0.015340508
375316653866487564,6763585756098391808,0.4927996,2263.0904367848684,1.8888169992985355,5.947436E-5,19.877851,0.012348852,0.23900531,0.0075358036,0.07904354,0.010871988,0.14914346,0.019324107,0.74080455,0.017202158,0.06653316,0.014296207,0.26283336,0.06582579,null,null,null,null,"TWOGAUSSIANS",8,1.1028095,0.74080455,0.017202158,0.37258574,0.05649557,0.26182678,0.065733835,0.23900531,0.0075358036,0.4,0.0,0.1481369,0.01903643
