Gaia/vari_eclipsing_binary/VariEclipsingBinary_651903-652954.csv
# %ECSV 1.0
# ---
# delimiter: ','
# meta: !!omap
# - RELEASE: Gaia DR3
# - TABLE: vari_eclipsing_binary
# - DESCRIPTION: >
#     This table describes the properties of the eclipsing binaries resulting from the variability analysis. 
# - CITATION: >
#     How to cite and acknowledge Gaia: 
#     https://gea.esac.esa.int/archive/documentation/credits.html 
# - KNOWN_ISSUES: >
#     Known issues: 
#     https://www.cosmos.esa.int/web/gaia-users/known-issues 
# - DOCUMENTATION: >
#     Tutorials and documentation: 
#     https://www.cosmos.esa.int/web/gaia-users/archive 
# datatype:
# - 
#   name: solution_id
#   datatype: int64
#   description: Solution Identifier
#   meta:
#     ucd: meta.version
# - 
#   name: source_id
#   datatype: int64
#   description: Unique source identifier
#   meta:
#     ucd: meta.id;meta.main
# - 
#   name: global_ranking
#   datatype: float32
#   description: Number between 0 (worst) and 1 (best)
#   meta:
#     ucd: stat.param
# - 
#   name: reference_time
#   datatype: float64
#   unit: d
#   description: Reference time used for the geometric model fit
#   meta:
#     ucd: time.epoch
# - 
#   name: frequency
#   datatype: float64
#   unit: d**-1
#   description: Frequency of geometric model of the eclipsing binary light curve
#   meta:
#     ucd: src.orbital
# - 
#   name: frequency_error
#   datatype: float32
#   unit: d**-1
#   description: "Uncertainty of \\texttt{frequency}"
#   meta:
#     ucd: stat.error
# - 
#   name: geom_model_reference_level
#   datatype: float32
#   unit: mag
#   description: Magnitude reference level of geometric model
#   meta:
#     ucd: phot.mag;em.opt
# - 
#   name: geom_model_reference_level_error
#   datatype: float32
#   unit: mag
#   description: "Uncertainty of \\texttt{geomModelReferenceLevel}"
#   meta:
#     ucd: stat.error;phot.mag;em.opt
# - 
#   name: geom_model_gaussian1_phase
#   datatype: float32
#   description: Phase of the Gaussian 1 component
#   meta:
#     ucd: time.phase
# - 
#   name: geom_model_gaussian1_phase_error
#   datatype: float32
#   description: "Uncertainty of \\texttt{geomModelGaussian1Phase}"
#   meta:
#     ucd: stat.error;time.phase
# - 
#   name: geom_model_gaussian1_sigma
#   datatype: float32
#   description: "Standard deviation [phase] of Gaussian 1 component"
#   meta:
#     ucd: stat.stdev
# - 
#   name: geom_model_gaussian1_sigma_error
#   datatype: float32
#   description: "Uncertainty of \\texttt{geomModelGaussian1Sigma}"
#   meta:
#     ucd: stat.error
# - 
#   name: geom_model_gaussian1_depth
#   datatype: float32
#   unit: mag
#   description: Magnitude depth of Gaussian 1 component
#   meta:
#     ucd: src.var.amplitude
# - 
#   name: geom_model_gaussian1_depth_error
#   datatype: float32
#   unit: mag
#   description: "Uncertainty of \\texttt{geomModelGaussian1Depth}"
#   meta:
#     ucd: stat.error;src.var.amplitude
# - 
#   name: geom_model_gaussian2_phase
#   datatype: float32
#   description: Phase of Gaussian 2 component
#   meta:
#     ucd: time.phase
# - 
#   name: geom_model_gaussian2_phase_error
#   datatype: float32
#   description: "Uncertainty of \\texttt{geomModelGaussian2Phase}"
#   meta:
#     ucd: stat.error;time.phase
# - 
#   name: geom_model_gaussian2_sigma
#   datatype: float32
[...]
#   datatype: float32
#   description: "Secondary eclipse: uncertainty of \\texttt{derivedSecondaryEclDuration}"
#   meta:
#     ucd: stat.error;time.duration
# - 
#   name: derived_secondary_ecl_depth
#   datatype: float32
#   unit: mag
#   description: "Secondary eclipse: depth"
#   meta:
#     ucd: src.var.amplitude
# - 
#   name: derived_secondary_ecl_depth_error
#   datatype: float32
#   unit: mag
#   description: "Secondary eclipse: uncertainty of \\texttt{derivedSecondaryEclDepth}"
#   meta:
#     ucd: stat.error;src.var.amplitude
solution_id,source_id,global_ranking,reference_time,frequency,frequency_error,geom_model_reference_level,geom_model_reference_level_error,geom_model_gaussian1_phase,geom_model_gaussian1_phase_error,geom_model_gaussian1_sigma,geom_model_gaussian1_sigma_error,geom_model_gaussian1_depth,geom_model_gaussian1_depth_error,geom_model_gaussian2_phase,geom_model_gaussian2_phase_error,geom_model_gaussian2_sigma,geom_model_gaussian2_sigma_error,geom_model_gaussian2_depth,geom_model_gaussian2_depth_error,geom_model_cosine_half_period_amplitude,geom_model_cosine_half_period_amplitude_error,geom_model_cosine_half_period_phase,geom_model_cosine_half_period_phase_error,model_type,num_model_parameters,reduced_chi2,derived_primary_ecl_phase,derived_primary_ecl_phase_error,derived_primary_ecl_duration,derived_primary_ecl_duration_error,derived_primary_ecl_depth,derived_primary_ecl_depth_error,derived_secondary_ecl_phase,derived_secondary_ecl_phase_error,derived_secondary_ecl_duration,derived_secondary_ecl_duration_error,derived_secondary_ecl_depth,derived_secondary_ecl_depth_error
[from data line 71]
375316653866487564,5734744924663335680,0.5762055,2229.887499460201,2.7362295025378125,9.02648E-6,17.17681,0.05355198,0.18534735,0.0036721055,0.06461079,0.017416779,0.27949125,0.10307072,0.6988079,0.004556261,0.066329464,0.012518185,0.2841055,0.10345366,0.08542024,0.054617427,0.18534735,0.0036721055,"TWOGAUSSIANS_WITH_ELLIPSOIDAL_ON_ECLIPSE1",9,24.276855,0.6988079,0.004556261,0.371445,0.068948105,0.45346373,0.021198189,0.18534735,0.0036721055,0.36182043,0.09162251,0.4500686,0.016589336
375316653866487564,5734747024903587968,0.5256079,2236.5092785497004,3.6125893919050944,1.6329355E-5,16.505444,0.076346226,0.22786221,0.009471799,0.14207941,0.037293915,0.195622,0.07212258,0.6990913,0.009022218,0.12881558,0.023618387,0.19148512,0.07176508,null,null,null,null,"TWOGAUSSIANS",8,9.131606,0.22843221,0.009329617,0.4,0.0,0.13835174,0.011188019,0.6990913,0.009022218,0.4,0.0,0.13492508,0.004897138
375316653866487564,5734750117279885184,0.51989335,2221.3980157469773,3.3107297221870597,7.5941457E-6,17.489006,0.005630717,0.18798175,0.0073815635,0.051642165,0.009531771,0.15594047,0.029576426,0.70456237,0.0014186426,0.053944644,0.0017616865,0.37510464,0.010389924,null,null,null,null,"TWOGAUSSIANS",8,14.504191,0.70456237,0.0014186426,0.30209,0.009865444,0.37510154,0.010389858,0.18798175,0.0073815635,0.2891961,0.053377915,0.15593739,0.029580217
375316653866487564,5734752243287868800,0.55730265,2221.1473752296856,4.010004683280074,1.0114181E-5,18.546919,0.012577832,0.19790481,0.003365498,0.08443225,0.0060232184,0.28058025,0.011876281,0.6875582,0.00700909,0.08031577,0.007891042,0.3643361,0.021241076,null,null,null,null,"TWOGAUSSIANS",8,4.6452403,0.6875582,0.00700909,0.4,0.0,0.35908923,0.020830682,0.19790481,0.003365498,0.4,0.0,0.27533337,0.010172752
375316653866487564,5734755404383679360,0.5627239,2266.0022594647876,3.5702607961084496,5.398744E-5,19.20061,0.005113423,0.6099021,0.0019261634,0.019358164,0.0022139917,0.7542925,0.028836358,0.8278476,0.027319511,0.022853488,0.04216358,0.062487453,1.99413184E14,null,null,null,null,"TWOGAUSSIANS",8,2.6688893,0.6099021,0.0019261634,0.10840572,0.012398354,0.7542925,0.028836358,0.8278476,0.027319511,0.12797953,0.23611607,0.062487453,1.99413184E14
375316653866487564,5734767709465939456,0.45957848,2242.5509980962247,0.5349112401105008,3.0389498E-5,14.941694,0.002015585,0.15803824,0.007273036,0.041362397,0.0072913645,0.06770255,0.008861413,0.6597512,0.013911397,0.05074175,0.00767332,0.046330612,0.012409631,null,null,null,null,"TWOGAUSSIANS",8,47.313194,0.15803824,0.007273036,0.23162942,0.04083164,0.06770251,0.008861455,0.6597512,0.013911397,0.28415382,0.042970594,0.046330575,0.0124096805
375316653866487564,5734770350869221632,0.562991,2242.203526817334,4.368815575395681,8.360286E-6,17.050293,0.0013362762,0.81730616,0.0019499034,0.009929702,0.010369361,0.022548908,0.03517476,null,null,null,null,null,null,0.083577104,0.002324867,0.81730616,0.0019499034,"ONEGAUSSIAN_WITH_ELLIPSOIDAL",6,4.7528872,0.81730616,0.0019499034,0.055606328,0.058068424,0.18970273,0.035610415,null,null,null,null,null,null
375316653866487564,5734800312562831616,0.53462803,2335.8268727204663,0.3046723948585281,1.2594499E-5,18.2866,0.0021796296,0.19561468,3.1763662E-4,0.007838018,3.3440418E-4,0.39698565,0.012656885,0.7051259,0.012324262,0.011641788,0.0073808325,0.5747458,0.5482495,null,null,null,null,"TWOGAUSSIANS",8,5.2883964,0.7051259,0.012324262,0.06519402,0.041332662,0.5747458,0.5482495,0.19561468,3.1763662E-4,0.0438929,0.0018726635,0.39698565,0.012656885
375316653866487564,5734801759966739968,0.5859331,2347.453066968205,3.0366675263511858,5.979426E-6,16.777569,0.0053202515,0.2355965,0.0018228287,0.080548964,0.0021926358,0.48468655,0.007865469,0.73052675,0.0021735139,0.08301693,0.0023943728,0.45101318,0.01356809,null,null,null,null,"TWOGAUSSIANS",8,30.066477,0.2355965,0.0018228287,0.4,0.0,0.47674218,0.0075116428,0.73052675,0.0021735139,0.4,0.0,0.4430688,0.013719742
375316653866487564,5734810040663822208,0.60379267,2323.802650882166,1.9821394454565178,3.488913E-6,16.192963,0.0039494867,0.31377953,0.0016293111,0.08051902,0.0026135012,0.2697721,0.0039906274,0.81101483,0.0023397505,0.099204786,0.003741449,0.13881813,0.004247419,null,null,null,null,"TWOGAUSSIANS",8,4.990226,0.31377953,0.0016293111,0.4,0.0,0.26244143,0.003559167,0.81101483,0.0023397505,0.4,0.0,0.13148656,0.0029237163
375316653866487564,5734810315541717632,0.5321795,2317.7708406737625,2.4267660196266956,1.1734598E-5,12.971192,0.009001967,0.23349121,0.003865562,0.04918525,0.022484817,0.047763724,0.018302783,0.7479261,0.049849875,0.05518599,0.03630833,0.034023743,0.036286324,0.068912014,0.01047272,0.23349121,0.003865562,"TWOGAUSSIANS_WITH_ELLIPSOIDAL_ON_ECLIPSE1",9,200.76256,0.23349121,0.003865562,0.27543738,0.12591498,0.18558729,0.006263974,0.7479261,0.049569715,0.30904153,0.20332666,0.17071667,0.043116096
375316653866487564,5734825120292825088,0.45642126,2412.717141600938,0.07572077815644505,1.3679569E-4,18.73996,0.0628198,0.31671038,0.10301372,0.18696448,0.13672702,0.06947443,0.062269077,0.63337815,0.107675664,0.046800338,0.044238802,0.7133141,73.60518,null,null,null,null,"TWOGAUSSIANS",8,3.8543715,0.63337815,0.107675664,0.2620819,0.24773729,0.72590053,73.59666,0.31671038,0.10301347,0.4,0.0,0.065420136,0.017000012
375316653866487564,5734831442485239680,0.5155965,2356.5878924894555,3.2519715431986285,1.1647087E-5,18.480833,0.012097283,0.24301718,0.0038042855,0.090731815,0.007828911,0.17025198,0.011761987,0.7442691,0.0038014653,0.101924494,0.008221988,0.19771357,0.011134203,null,null,null,null,"TWOGAUSSIANS",8,3.3774915,0.7442691,0.0038014653,0.4,0.0,0.18524562,0.0059033767,0.24301718,0.0038042855,0.4,0.0,0.1577863,0.0078351395
375316653866487564,5734832404557956352,0.5899952,2340.0512861501243,0.4884006765295345,6.1173837E-6,17.378178,0.0014024219,0.12499996,6.119875E-4,0.012240632,5.498976E-4,0.6961463,0.040175572,0.62673247,0.0012273424,0.011468663,0.0018496176,0.11433712,0.016299821,null,null,null,null,"TWOGAUSSIANS",8,7.7552342,0.12499996,6.119875E-4,0.06854754,0.0030794267,0.6961463,0.040175572,0.62673247,0.0012273424,0.06422451,0.010357859,0.11433712,0.016299821
375316653866487564,5734847213604539392,0.5726793,2342.702881649183,0.2323616858019621,7.484205E-6,18.147516,0.0014186918,0.44991952,0.0019544272,0.009986252,0.0016923759,0.44958067,0.16664049,0.94693357,7.1867474E-4,0.009082623,3.955441E-4,0.27505124,0.012525759,null,null,null,null,"TWOGAUSSIANS",8,1.6989652,0.44991952,0.0019544272,0.055923007,0.009477304,0.44958067,0.16664049,0.94693357,7.1867474E-4,0.05086269,0.002215047,0.27505124,0.012525759
375316653866487564,5734849275188904064,0.5126575,2351.6945206023197,1.3611844199186407,2.0432473E-5,18.974356,0.0027910583,0.13339402,4.4451805E-4,0.005227522,2.7389996E-4,0.5411526,0.024631865,0.31384584,0.011866499,0.03468888,0.012772005,0.02050653,0.013693553,null,null,null,null,"TWOGAUSSIANS",8,2.5566492,0.13339402,4.4451805E-4,0.029274123,0.0015338399,0.54115266,0.024631873,0.31384584,0.011866499,0.19425772,0.07152323,0.02050653,0.013693553
375316653866487564,5734856422014974848,0.5451509,2350.4125463134774,0.9367713215931207,4.895552E-6,17.597967,0.0024060076,0.09906709,0.0039727767,0.020310795,0.0035001775,0.12534694,0.030920522,0.5974247,7.3712016E-4,0.018847717,7.606497E-4,0.73959285,0.03478397,null,null,null,null,"TWOGAUSSIANS",8,11.642052,0.5974247,7.3712016E-4,0.10554721,0.0042596385,0.73959285,0.03478397,0.09906709,0.0039727767,0.11374045,0.019600995,0.12534694,0.030920522
375316653866487564,5734864294690648960,0.53867686,2317.739307714564,0.6331546587449233,1.2424363E-5,15.715989,0.0022968843,0.3630751,0.001943353,0.01243047,0.00822859,0.27040562,0.038793515,0.8628088,0.003009815,0.016935267,0.0046505425,0.06672579,0.01992842,null,null,null,null,"TWOGAUSSIANS",8,52.71799,0.3630751,0.001943353,0.06961063,0.0460801,0.27040562,0.038793515,0.8628088,0.003009815,0.094837494,0.026043037,0.06672579,0.01992842
375316653866487564,5734870234629883776,0.55379957,2344.8530452242744,0.3427653947295661,8.297304E-6,18.68238,0.0025315683,0.27262294,0.0012375361,0.029144416,0.0072061275,0.17139176,0.049935445,0.77209824,0.0016707367,0.025773909,0.0020794962,0.38732967,0.0059636002,null,null,null,null,"TWOGAUSSIANS",8,2.6446934,0.77209824,0.0016707367,0.1443339,0.011645179,0.38732967,0.0059636002,0.27262294,0.0012375361,0.16320872,0.040354315,0.17139176,0.049935445
375316653866487564,5734877523189818112,0.6565552,2349.32403971081,3.7685552681523777,3.866027E-6,16.25257,0.0038109943,0.262162,5.0006E-4,0.04645114,0.0011150333,0.3663332,0.008887644,0.761169,9.500398E-4,0.048232824,0.0011902644,0.43311906,0.01016559,0.122593835,0.0054635196,0.262162,5.0006E-4,"TWOGAUSSIANS_WITH_ELLIPSOIDAL_ON_ECLIPSE1",9,13.38921,0.761259,8.487667E-4,0.2701038,0.0066654803,0.6782971,0.0071328557,0.262162,5.0006E-4,0.26012638,0.0062441863,0.6115199,0.0043597333
375316653866487564,5734904285130816640,0.5191773,2320.674136027163,0.7078472543565189,1.5647154E-5,17.656025,0.0016422499,0.69029546,0.0051775584,0.024176601,0.003755398,0.31514728,0.02507037,null,null,null,null,null,null,0.009631447,0.0023210559,0.69029546,0.0051775584,"ONEGAUSSIAN_WITH_ELLIPSOIDAL",6,4.859731,0.69029546,0.0051775584,0.13538897,0.021030229,0.33441016,0.02618308,null,null,null,null,null,null
375316653866487564,5734905109764579072,0.4914036,2316.7573823053904,0.8907200662070217,9.85551E-6,15.051534,0.004948319,0.36261413,0.042754382,0.06521153,0.032871205,0.04300997,0.015846469,0.93476444,9.186789E-4,0.015580096,5.474924E-4,0.531675,0.012236877,null,null,null,null,"TWOGAUSSIANS",8,502.44232,0.93476444,9.186789E-4,0.08724854,0.0030659575,0.531675,0.012236877,0.36261413,0.042754382,0.36518455,0.18407874,0.04300997,0.015846469
375316653866487564,5734915215822963840,0.48900813,2351.8419845438107,1.559363258966706,3.1696316E-5,16.172085,0.0048729386,0.2903022,0.00660944,0.10446433,0.012602077,0.06101682,0.004843777,0.7982924,0.009621898,0.08395626,0.01436782,0.053001236,0.005000944,null,null,null,null,"TWOGAUSSIANS",8,4.4475665,0.2903022,0.00660944,0.4,0.0,0.058009125,0.0029246213,0.7982924,0.009620844,0.4,0.0,0.049994912,0.005362309
375316653866487564,5734923114267002496,0.45157346,2353.4237716387793,1.8870639304084995,5.567893E-5,17.537024,0.008436599,0.17779444,1.3780304E-5,0.005849197,1.7510676E-4,0.6488357,0.018818166,0.66517,0.025495883,0.13703535,0.025872534,0.058359914,0.01008726,null,null,null,null,"TWOGAUSSIANS",8,19.278027,0.17779444,1.3780304E-5,0.0327555,9.805978E-4,0.6488275,0.018797822,0.66517,0.025495883,0.4,0.0,0.058193732,0.009911935
375316653866487564,5734964934365140736,0.40791184,2381.779400704819,3.912647165335622,5.7097655E-5,16.355486,0.025965894,0.3331448,0.0131047405,0.083960734,0.015360075,0.18441038,0.023674361,0.76251453,0.027217213,0.13021506,0.054862175,0.08465983,0.018935446,null,null,null,null,"TWOGAUSSIANS",8,5.8298345,0.3334948,0.012367572,0.4,0.0,0.17851147,0.030400801,0.76251453,0.027217213,0.4,0.0,0.07838526,0.020652203
375316653866487564,5734974761249276672,0.6058298,2347.6942497303826,2.8885572683203935,2.5045183E-6,15.348443,0.012021178,0.25524554,0.0020639226,0.051077195,0.0037746239,0.3700523,0.022977568,0.7438835,0.0012773717,0.050094746,0.0041208556,0.28355774,0.022068778,0.099421754,0.012637516,0.7438835,0.0012773717,"TWOGAUSSIANS_WITH_ELLIPSOIDAL_ON_ECLIPSE2",9,70.85231,0.25411555,0.0018137163,0.2860323,0.021137895,0.56798255,0.017179482,0.7438835,0.0012773717,0.28053057,0.023076793,0.48239928,0.008400814
375316653866487564,5734991185204356992,0.5378919,2364.9097549073167,1.7198076108226343,7.2194694E-6,18.31651,0.007389978,0.20766066,0.015073328,0.07041015,0.017695662,0.157446,0.027383624,0.7125457,0.0016493188,0.04754427,0.0014224813,0.729257,0.023321228,null,null,null,null,"TWOGAUSSIANS",8,16.861263,0.7125457,0.0016493188,0.26624793,0.007965894,0.7291982,0.023309277,0.20766066,0.015073328,0.39429682,0.082973294,0.15738726,0.027453069
375316653866487564,5735005891172210432,0.5174282,2315.929114144962,2.6867836633722044,1.8631263E-5,17.971346,0.010475622,0.2573475,0.00419458,0.08219608,0.0042315777,0.3917661,0.018248728,0.760095,0.006567314,0.08737128,0.007545526,0.3064719,0.0154268425,null,null,null,null,"TWOGAUSSIANS",8,11.7881565,0.2573475,0.00419458,0.4,0.0,0.38326517,0.017974662,0.760095,0.006567314,0.4,0.0,0.29797092,0.012888233
375316653866487564,5735021318694803200,0.579719,2393.4186078020443,3.1739365490549516,4.820908E-6,18.032017,0.006783263,0.29970545,0.0012010338,0.057572026,0.001955774,0.4428527,0.014944176,0.7956869,0.0016495246,0.061031908,0.002152098,0.5018678,0.01637379,null,null,null,null,"TWOGAUSSIANS",8,9.245459,0.7956869,0.0016495246,0.3417787,0.012051749,0.5017546,0.0163761,0.29970545,0.0012010338,0.32240334,0.010952335,0.44273952,0.014955119
375316653866487564,5735026713173699072,0.5497627,2389.2541463959265,4.057324744750287,5.9151694E-6,18.555296,0.0045417277,0.23068444,0.0016838937,0.038501535,0.0026994317,0.26200998,0.0112542985,0.7328921,0.0019874605,0.045075428,0.0036989797,0.232831,0.014649484,0.039073385,0.006497728,0.23068444,0.0016838937,"TWOGAUSSIANS_WITH_ELLIPSOIDAL_ON_ECLIPSE1",9,3.113646,0.23068444,0.0016838937,0.21560858,0.015116818,0.34015658,0.008810994,0.7328921,0.0019874605,0.2524224,0.020714287,0.31096256,0.013213834
375316653866487564,5735029148418631040,0.56335795,2411.8259240688058,2.852124942747217,9.428569E-6,19.08674,0.0059765056,0.29544646,0.0021260625,0.073391356,0.002267414,0.42935303,0.015952177,0.7932611,0.0020641228,0.0703321,0.00211303,0.4531463,0.0072517972,null,null,null,null,"TWOGAUSSIANS",8,1.6346476,0.7932611,0.0020641228,0.39385977,0.011693981,0.45117813,0.0067643663,0.29544646,0.0021260625,0.4,0.0,0.42738488,0.015957264
375316653866487564,5735030630184165248,0.48924434,2405.5575184854083,0.2349037259673353,2.5264224E-5,19.309612,0.0027579132,0.1407049,0.007791295,0.009823859,0.0038561535,0.5600009,0.26706222,0.8092526,0.021798568,0.016442973,0.013705312,0.060381394,0.039211065,null,null,null,null,"TWOGAUSSIANS",8,1.4396449,0.1407049,0.007791295,0.05501361,0.02159446,0.5600009,0.26706222,0.8092526,0.021798568,0.09208065,0.07674975,0.060381394,0.039211065
375316653866487564,5735037257317377920,0.5733148,2394.3503481453013,4.17708949215461,8.432857E-6,19.150486,0.009582151,0.23700123,0.0018936603,0.07049877,0.0026261962,0.59188044,0.019543843,0.7347427,0.0018633124,0.068320274,0.002761847,0.6050999,0.023420194,null,null,null,null,"TWOGAUSSIANS",8,4.2770815,0.7347427,0.0018633124,0.38259354,0.015466344,0.6033801,0.023525221,0.23700123,0.0018936603,0.39479312,0.013233112,0.5901606,0.019598763
375316653866487564,5735055918951636096,0.515366,2289.874119751286,2.57625214703767,1.8011537E-5,16.263252,0.3691615,0.2667592,0.0074230917,0.13725615,0.04329701,0.3255605,0.3385389,0.7466835,0.008732853,0.1386426,0.056581475,0.33742565,0.35030866,null,null,null,null,"TWOGAUSSIANS",8,39.17139,0.7466835,0.008732853,0.4,0.0,0.22622734,0.010378474,0.2675492,0.0053247814,0.4,0.0,0.21453881,0.009154948
375316653866487564,5735085086073750912,0.50914484,2259.0260767605905,0.9232503854680154,9.894652E-6,18.880774,0.0047800224,0.51949716,0.0014255093,0.016120639,7.495685E-4,0.77329755,0.08803931,null,null,null,null,null,null,null,null,null,null,"ONEGAUSSIAN",5,4.0810466,0.51949716,0.0014255093,0.09027558,0.004197584,0.77329755,0.0,null,null,null,null,null,null
