Gaia/vari_eclipsing_binary/VariEclipsingBinary_665852-665882.csv
# %ECSV 1.0
# ---
# delimiter: ','
# meta: !!omap
# - RELEASE: Gaia DR3
# - TABLE: vari_eclipsing_binary
# - DESCRIPTION: >
#     This table describes the properties of the eclipsing binaries resulting from the variability analysis. 
# - CITATION: >
#     How to cite and acknowledge Gaia: 
#     https://gea.esac.esa.int/archive/documentation/credits.html 
# - KNOWN_ISSUES: >
#     Known issues: 
#     https://www.cosmos.esa.int/web/gaia-users/known-issues 
# - DOCUMENTATION: >
#     Tutorials and documentation: 
#     https://www.cosmos.esa.int/web/gaia-users/archive 
# datatype:
# - 
#   name: solution_id
#   datatype: int64
#   description: Solution Identifier
#   meta:
#     ucd: meta.version
# - 
#   name: source_id
#   datatype: int64
#   description: Unique source identifier
#   meta:
#     ucd: meta.id;meta.main
# - 
#   name: global_ranking
#   datatype: float32
#   description: Number between 0 (worst) and 1 (best)
#   meta:
#     ucd: stat.param
# - 
#   name: reference_time
#   datatype: float64
#   unit: d
#   description: Reference time used for the geometric model fit
#   meta:
#     ucd: time.epoch
# - 
#   name: frequency
#   datatype: float64
#   unit: d**-1
#   description: Frequency of geometric model of the eclipsing binary light curve
#   meta:
#     ucd: src.orbital
# - 
#   name: frequency_error
#   datatype: float32
#   unit: d**-1
#   description: "Uncertainty of \\texttt{frequency}"
#   meta:
#     ucd: stat.error
# - 
#   name: geom_model_reference_level
#   datatype: float32
#   unit: mag
#   description: Magnitude reference level of geometric model
#   meta:
#     ucd: phot.mag;em.opt
# - 
#   name: geom_model_reference_level_error
#   datatype: float32
#   unit: mag
#   description: "Uncertainty of \\texttt{geomModelReferenceLevel}"
#   meta:
#     ucd: stat.error;phot.mag;em.opt
# - 
#   name: geom_model_gaussian1_phase
#   datatype: float32
#   description: Phase of the Gaussian 1 component
#   meta:
#     ucd: time.phase
# - 
#   name: geom_model_gaussian1_phase_error
#   datatype: float32
#   description: "Uncertainty of \\texttt{geomModelGaussian1Phase}"
#   meta:
#     ucd: stat.error;time.phase
# - 
#   name: geom_model_gaussian1_sigma
#   datatype: float32
#   description: "Standard deviation [phase] of Gaussian 1 component"
#   meta:
#     ucd: stat.stdev
# - 
#   name: geom_model_gaussian1_sigma_error
#   datatype: float32
#   description: "Uncertainty of \\texttt{geomModelGaussian1Sigma}"
#   meta:
#     ucd: stat.error
# - 
#   name: geom_model_gaussian1_depth
#   datatype: float32
#   unit: mag
#   description: Magnitude depth of Gaussian 1 component
#   meta:
#     ucd: src.var.amplitude
# - 
#   name: geom_model_gaussian1_depth_error
#   datatype: float32
#   unit: mag
#   description: "Uncertainty of \\texttt{geomModelGaussian1Depth}"
#   meta:
#     ucd: stat.error;src.var.amplitude
# - 
#   name: geom_model_gaussian2_phase
#   datatype: float32
#   description: Phase of Gaussian 2 component
#   meta:
#     ucd: time.phase
# - 
#   name: geom_model_gaussian2_phase_error
#   datatype: float32
#   description: "Uncertainty of \\texttt{geomModelGaussian2Phase}"
#   meta:
#     ucd: stat.error;time.phase
# - 
#   name: geom_model_gaussian2_sigma
#   datatype: float32
[...]
#   datatype: float32
#   description: "Secondary eclipse: uncertainty of \\texttt{derivedSecondaryEclDuration}"
#   meta:
#     ucd: stat.error;time.duration
# - 
#   name: derived_secondary_ecl_depth
#   datatype: float32
#   unit: mag
#   description: "Secondary eclipse: depth"
#   meta:
#     ucd: src.var.amplitude
# - 
#   name: derived_secondary_ecl_depth_error
#   datatype: float32
#   unit: mag
#   description: "Secondary eclipse: uncertainty of \\texttt{derivedSecondaryEclDepth}"
#   meta:
#     ucd: stat.error;src.var.amplitude
solution_id,source_id,global_ranking,reference_time,frequency,frequency_error,geom_model_reference_level,geom_model_reference_level_error,geom_model_gaussian1_phase,geom_model_gaussian1_phase_error,geom_model_gaussian1_sigma,geom_model_gaussian1_sigma_error,geom_model_gaussian1_depth,geom_model_gaussian1_depth_error,geom_model_gaussian2_phase,geom_model_gaussian2_phase_error,geom_model_gaussian2_sigma,geom_model_gaussian2_sigma_error,geom_model_gaussian2_depth,geom_model_gaussian2_depth_error,geom_model_cosine_half_period_amplitude,geom_model_cosine_half_period_amplitude_error,geom_model_cosine_half_period_phase,geom_model_cosine_half_period_phase_error,model_type,num_model_parameters,reduced_chi2,derived_primary_ecl_phase,derived_primary_ecl_phase_error,derived_primary_ecl_duration,derived_primary_ecl_duration_error,derived_primary_ecl_depth,derived_primary_ecl_depth_error,derived_secondary_ecl_phase,derived_secondary_ecl_phase_error,derived_secondary_ecl_duration,derived_secondary_ecl_duration_error,derived_secondary_ecl_depth,derived_secondary_ecl_depth_error
[from data line 365]
375316653866487564,5857031169130466304,0.5279097,2202.335868928015,1.197352971396679,8.8495235E-6,15.357201,0.0021101674,0.33882788,0.074547604,0.08531359,0.026408976,0.050796326,0.027566405,0.8090529,0.0013153569,0.0426084,0.0017178846,0.11644978,0.003699266,null,null,null,null,"TWOGAUSSIANS",8,18.119884,0.8090529,0.0013153569,0.23860705,0.009620153,0.11642628,0.0036896195,0.33882788,0.074547604,0.4,0.04532484,0.05077281,0.027526319
375316653866487564,5857031581427644416,0.5751537,2159.2935623570233,3.4594446557212555,7.3179745E-6,18.08082,0.008631785,0.24200428,0.0033931248,0.08708976,0.003999649,0.43276215,0.010187351,0.73297393,0.0023091838,0.07922148,0.002786381,0.50462395,0.012674806,null,null,null,null,"TWOGAUSSIANS",8,7.2196727,0.73297393,0.0023091838,0.4,0.0,0.49603453,0.012227934,0.24200428,0.0033931248,0.4,0.0,0.42417264,0.009372168
375316653866487564,5857032337342311040,0.5591523,2182.9001025717344,3.7559790866125695,6.0916313E-6,17.52589,0.019152747,0.21225347,0.0031912935,0.04540593,0.008953594,0.22310145,0.039800726,0.71412855,0.003701526,0.057609376,0.0071105,0.18999536,0.043597054,0.11114973,0.023445016,0.21225347,0.0031912935,"TWOGAUSSIANS_WITH_ELLIPSOIDAL_ON_ECLIPSE1",9,15.840452,0.21225347,0.0031912935,0.25427324,0.050140124,0.44538683,0.017112544,0.71412855,0.0036565159,0.3226125,0.0398188,0.4122499,0.015308066
375316653866487564,5857032921457171968,0.4171343,2162.4349722033776,1.7837608138084728,4.6887435E-5,18.364986,0.006151009,0.76905066,0.005854879,0.051057573,0.010966505,0.440732,0.5470661,null,null,null,null,null,null,null,null,null,null,"ONEGAUSSIAN",5,10.259752,0.76905066,0.005854879,0.2859224,0.061412428,0.440732,0.0,null,null,null,null,null,null
375316653866487564,5857033329480660352,0.4843479,2178.5083391107987,3.5540387017207467,2.226004E-5,19.487146,0.025090387,0.20830403,0.004564018,0.09026932,0.011777216,0.2531396,0.023625743,0.6876666,0.011353937,0.106935635,0.018899273,0.22176784,0.02814646,null,null,null,null,"TWOGAUSSIANS",8,2.096119,0.20831403,0.004552744,0.4,0.0,0.2387837,0.018084208,0.6876666,0.011353937,0.4,0.0,0.20740096,0.022745123
375316653866487564,5857033368133941248,0.56980634,2194.5765095817897,2.820182854579311,5.7590814E-6,17.715319,0.024984347,0.2533341,0.0029443037,0.10531118,0.008880621,0.33341926,0.022875333,0.7435365,0.0027717466,0.098175004,0.007205468,0.35527745,0.024786709,null,null,null,null,"TWOGAUSSIANS",8,6.11709,0.7435365,0.0027717466,0.4,0.0,0.32550618,0.015330321,0.2533341,0.0029443037,0.4,0.0,0.30364054,0.010378699
375316653866487564,5857033471232947072,0.5537482,2166.223584088178,1.0290875414380192,7.009232E-6,14.7763195,0.0025598295,0.23145628,0.004756443,0.049785126,0.0038832764,0.26559246,0.005795298,0.72211677,0.003648818,0.064141035,0.004871544,0.13111746,0.006672273,null,null,null,null,"TWOGAUSSIANS",8,37.41865,0.23145628,0.004756443,0.2787967,0.021746349,0.26557636,0.0057948437,0.72211677,0.003648818,0.3591898,0.027280645,0.13110138,0.006675696
375316653866487564,5857033952269230720,0.6854634,2176.6232069452303,0.8628076864725409,2.8322659E-6,13.866409,0.002217953,0.25205874,4.853856E-4,0.052139103,0.0015145323,0.1973715,0.0050295135,0.749792,0.0067072753,0.04940469,0.007823765,0.018679544,0.005390627,0.049108267,0.0026369859,0.25205874,4.853856E-4,"TWOGAUSSIANS_WITH_ELLIPSOIDAL_ON_ECLIPSE1",9,10.789821,0.25205874,4.853856E-4,0.29197899,0.0084813805,0.295586,0.0051616523,0.750932,0.003685419,0.27666625,0.043813087,0.11688413,0.0020353855
375316653866487564,5857034089711123072,0.5188204,2195.2267527020012,0.41850501134059875,1.287397E-4,16.473394,0.0022994292,0.12689507,0.0074229133,0.019824317,0.008342372,0.31615978,0.0672076,0.32431775,0.024706474,0.07203427,0.027060013,0.018799735,0.0046346043,null,null,null,null,"TWOGAUSSIANS",8,12.03609,0.12691507,0.0074184076,0.11101617,0.046717282,0.3165996,0.067428656,0.32431775,0.024706474,0.4,0.06346371,0.018799735,0.004634609
375316653866487564,5857034192767791744,0.4761075,2188.4554798542713,2.961205540324855,2.5466454E-5,18.205488,0.017964913,0.23179184,0.008743851,0.080831386,0.011952548,0.35897893,0.026527047,0.7169656,0.006652935,0.07645541,0.006486871,0.30701473,0.019816583,null,null,null,null,"TWOGAUSSIANS",8,15.441811,0.23179184,0.008743851,0.4,0.0,0.35584253,0.024621664,0.7169656,0.006652935,0.4,0.0,0.30387837,0.016964484
375316653866487564,5857034532071476736,0.5480819,2183.8134162970955,3.1920171992684443,7.802875E-6,18.957775,0.012413986,0.25980717,0.003403916,0.08283535,0.004876774,0.40840265,0.015866507,0.7590727,0.0023942005,0.079916894,0.0040182793,0.34073836,0.014286777,null,null,null,null,"TWOGAUSSIANS",8,2.8870149,0.25980717,0.003403916,0.4,0.0,0.401829,0.015113221,0.7590727,0.0023942005,0.4,0.0,0.3341647,0.013077512
375316653866487564,5857034566431213696,0.5113411,2195.528753232399,2.9597287930310694,1.149465E-5,19.77365,0.009447934,0.26714444,0.0056555932,0.09161795,0.0053516594,0.34235373,0.02273231,0.7678751,0.0021436303,0.068132296,0.0038090392,0.5033275,0.050019827,null,null,null,null,"TWOGAUSSIANS",8,1.3437201,0.7678751,0.0021436303,0.38154086,0.02133062,0.4974929,0.05103892,0.26714444,0.0056555932,0.4,0.0,0.33651894,0.022774981
375316653866487564,5857034948701718912,0.66911745,2213.8410338916533,0.31786420830401635,1.7527959E-6,16.532412,0.0026340405,0.2793208,0.0045649926,0.024860723,0.0017232996,1.6568984,0.23773746,0.78567976,0.040524025,0.021877423,0.02102551,0.13845511,9.027836,0.029305346,0.0043250113,0.2793208,0.0045649926,"TWOGAUSSIANS_WITH_ELLIPSOIDAL_ON_ECLIPSE1",9,11.184122,0.2793208,0.0045649926,0.13922006,0.009650477,1.715509,0.23731363,0.78567976,0.040524025,0.12251357,0.11774286,0.19697219,9.028001
375316653866487564,5857035189220045184,0.5827624,2208.9733316498186,2.5395048815267938,1.4265728E-5,18.207382,0.006701519,0.29279673,0.0023179783,0.07997744,0.0025896006,0.41107047,0.010235426,0.78957766,0.0032120247,0.08910436,0.0040676584,0.38229704,0.010855079,null,null,null,null,"TWOGAUSSIANS",8,3.8349295,0.29279673,0.0023179783,0.4,0.0,0.4016503,0.009520394,0.78957766,0.0032120247,0.4,0.0,0.37287676,0.01056424
375316653866487564,5857035464097954816,0.5247998,2206.8578039095014,2.488797045108655,1.6673639E-5,16.500639,0.011321012,0.33673403,0.036301825,0.034459956,0.017857006,0.056500167,0.02666333,0.6322328,0.0035923535,0.06959917,0.003261407,0.665405,0.043707892,0.011714345,0.015910728,0.6322328,0.0035923535,"TWOGAUSSIANS_WITH_ELLIPSOIDAL_ON_ECLIPSE2",9,98.57403,0.6322328,0.0035923535,0.3897553,0.018263878,0.6881533,0.04050571,0.33510405,0.037807334,0.19297576,0.09999923,0.057825062,0.027215254
375316653866487564,5857035910774469888,0.56810683,2213.6497692490148,2.2469016398779527,9.616676E-6,16.650658,0.008599516,0.26779598,0.0025893117,0.0992136,0.0051194867,0.22610544,0.0076673394,0.77283514,0.0022973204,0.10064504,0.006444846,0.20201448,0.0077518793,null,null,null,null,"TWOGAUSSIANS",8,7.0926104,0.26779598,0.0025893117,0.4,0.0,0.20857231,0.0034300664,0.77283514,0.0022973204,0.4,0.0,0.18448095,0.0063532162
375316653866487564,5857036597969268992,0.497987,2191.384887406701,2.954321355410534,1.4458215E-5,18.2291,0.0046107606,0.099521235,0.0010339182,0.012813443,0.0011308774,0.42696917,0.11332099,0.49249533,0.024602141,0.010650987,0.012924719,0.5403384,0.49697894,null,null,null,null,"TWOGAUSSIANS",8,11.891555,0.49249533,0.024602141,0.059645522,0.07237843,0.5403384,0.49697894,0.099521235,0.0010339182,0.07175528,0.0063329134,0.42696917,0.11332099
375316653866487564,5857036597969281536,0.5017723,2174.9146922588484,1.3411166027917034,1.740745E-5,16.545547,0.005203003,0.31672326,0.045522604,0.05871991,0.10690042,0.01849884,0.6832668,0.79643947,0.0021110175,0.040567968,0.0034823413,0.101600334,0.008278562,null,null,null,null,"TWOGAUSSIANS",8,7.039821,0.79643947,0.0021110175,0.22718063,0.01950111,0.10160026,0.008278215,0.31672326,0.045522604,0.3288315,0.5930456,0.018498762,0.68326724
375316653866487564,5857036868515754240,0.55180424,2186.8661522859834,1.7097498942375597,1.015921E-5,17.726864,0.002472986,0.21586357,0.0027749497,0.05699606,0.0027340418,0.24708278,0.008637407,0.72221357,0.00665398,0.077775255,0.0068631177,0.072320305,0.006754962,null,null,null,null,"TWOGAUSSIANS",8,2.0132895,0.21586357,0.0027749497,0.31917793,0.015310633,0.24688041,0.008622005,0.72221357,0.00665398,0.4,0.0,0.07211793,0.0067902436
375316653866487564,5857037560027922048,0.53976065,2215.8080136801764,2.6656800233368094,1.0666644E-5,17.675789,0.017078716,0.29895204,0.003902289,0.09296789,0.007069839,0.3092679,0.022754703,0.800597,0.0028455835,0.09050402,0.007388354,0.32820344,0.015651045,null,null,null,null,"TWOGAUSSIANS",8,13.477181,0.800597,0.0028455835,0.4,0.0,0.3130451,0.011349204,0.29895204,0.003902289,0.4,0.0,0.2941094,0.021871421
375316653866487564,5857037693154385152,0.6639398,2228.2835285337505,2.0474417505125717,4.60078E-6,16.021423,0.0048524565,0.24951911,0.0017105199,0.09273267,0.002352476,0.3541544,0.006289117,0.7447027,0.0013082734,0.08659624,0.0020261256,0.39874566,0.005152445,null,null,null,null,"TWOGAUSSIANS",8,9.046537,0.7447027,0.0013082734,0.4,0.0,0.3844963,0.0035550846,0.24951911,0.0017105199,0.4,0.0,0.33990476,0.0056930874
375316653866487564,5857038178502115712,0.59646076,2226.4836289097802,3.232467455280586,6.3274247E-6,18.682333,0.005623394,0.24847633,0.0022414431,0.06653948,0.0034910957,0.45182317,0.018451896,0.74677426,0.0021125867,0.06554073,0.0019619344,0.40688375,0.008367552,null,null,null,null,"TWOGAUSSIANS",8,2.433143,0.24847633,0.0022414431,0.3726211,0.019550135,0.45119175,0.01860405,0.74677426,0.0021125867,0.36702812,0.010986833,0.40625235,0.00828084
375316653866487564,5857038315956426112,0.6789059,2210.841250587057,2.3628064682266334,3.6059596E-6,17.812431,0.0058514406,0.25057238,8.073042E-4,0.045098428,0.0022028254,0.4121811,0.019989593,0.75244206,7.327434E-4,0.043945406,0.0016166037,0.4209026,0.010658829,0.13876276,0.0075269314,0.25057238,8.073042E-4,"TWOGAUSSIANS_WITH_ELLIPSOIDAL_ON_ECLIPSE1",9,2.356717,0.75244206,7.327434E-4,0.24609426,0.009052981,0.69838965,0.0060880827,0.25057238,8.073042E-4,0.2525512,0.012335822,0.68970644,0.02401468
375316653866487564,5857038384660561792,0.57078385,2246.540447894059,3.1531879013402437,3.6134784E-6,19.328419,0.016072918,0.27250713,0.0021006058,0.050191816,0.004123653,0.39654425,0.040748894,0.7767423,0.0017045418,0.04389558,0.0020422784,0.6802346,0.033785902,0.0995678,0.01751293,0.27250713,0.0021006058,"TWOGAUSSIANS_WITH_ELLIPSOIDAL_ON_ECLIPSE1",9,3.4860032,0.7767423,0.0017045418,0.24581525,0.011436759,0.8792276,0.009384702,0.27250713,0.0021006058,0.28107417,0.023092456,0.5956782,0.029267404
375316653866487564,5857038552143389312,0.51286715,2213.1211156608965,1.5779140062910066,1.0287196E-5,16.417328,0.07368035,0.2683324,0.0027032255,0.12319763,0.04107896,0.1268283,0.06696785,0.77409804,0.0036731903,0.12451215,0.0335669,0.12869097,0.070210926,null,null,null,null,"TWOGAUSSIANS",8,5.5570335,0.77414805,0.0035643908,0.4,0.0,0.09697757,0.0051656915,0.26827237,0.002660357,0.4,0.0,0.09512894,0.006412332
375316653866487564,5857039136262699008,0.59310234,2232.759576808938,2.3824873616713735,6.3656885E-6,18.72734,0.007301642,0.22838494,0.002200088,0.061407473,0.0024939408,0.44254938,0.015023133,0.7214419,0.0026668292,0.07191184,0.0023295158,0.76658356,0.016843999,null,null,null,null,"TWOGAUSSIANS",8,3.9448931,0.7214419,0.0026668292,0.4,0.0014422643,0.76572424,0.016776294,0.22838494,0.002200088,0.34388185,0.013966068,0.44169003,0.015039298
375316653866487564,5857039965210072960,0.47776014,2202.771490789893,2.6714212363062333,2.917948E-5,18.013273,0.012207117,0.80607224,0.00754941,0.030986024,0.029142333,0.03428111,0.07587062,null,null,null,null,null,null,0.15303086,0.019862616,0.80607224,0.00754941,"ONEGAUSSIAN_WITH_ELLIPSOIDAL",6,44.898903,0.80607224,0.00754941,0.17352174,0.16319707,0.34034282,0.093681954,null,null,null,null,null,null
375316653866487564,5857040961656557952,0.5995775,2193.96656832247,3.350898421262512,5.612639E-6,16.958223,0.009078596,0.26672813,0.001799086,0.04243195,0.0037429295,0.20583338,0.022863181,0.77621305,0.0010281176,0.04892443,0.0034455154,0.27650648,0.021775613,0.123379014,0.014902619,0.77621305,0.0010281176,"TWOGAUSSIANS_WITH_ELLIPSOIDAL_ON_ECLIPSE2",9,23.42538,0.77621305,0.0010281176,0.27397683,0.019294886,0.5232635,0.0137452455,0.26810813,0.0014969718,0.23761892,0.020960405,0.45184225,0.0120314285
375316653866487564,5857041300926202624,0.5405501,2197.2616049110857,3.497596566150576,1.0814897E-5,18.663757,0.012350285,0.24083433,0.004051385,0.07721775,0.0072278203,0.40953797,0.01935983,0.7498252,0.0028691639,0.056062184,0.0039324793,0.34998068,0.013336755,null,null,null,null,"TWOGAUSSIANS",8,5.4509864,0.24083433,0.004051385,0.4,0.0,0.40902263,0.019516226,0.7498252,0.0028691639,0.31394824,0.022021884,0.34946534,0.013120121
375316653866487564,5857041545771847936,0.51376206,2196.876715661655,3.0233440380187186,9.959146E-6,16.92483,0.010476864,0.19336045,0.0033128746,0.08834391,0.007935743,0.18144345,0.013477221,0.7040273,0.0045242873,0.0963621,0.008028223,0.17972398,0.009955243,null,null,null,null,"TWOGAUSSIANS",8,13.598761,0.19336045,0.0033128746,0.4,0.0,0.17355031,0.0133250365,0.7040273,0.0045242873,0.4,0.0,0.17183027,0.006822008
375316653866487564,5857041614491327616,0.62026936,2206.5932923222526,0.6032466760214613,3.3693887E-5,16.519747,0.0012286399,0.18229513,0.0066548996,0.01745206,0.005574294,0.011489877,0.016643383,0.3907648,0.003687556,0.011097119,0.001209517,1.7737552,0.67715245,0.007068794,0.0017689371,0.18229513,0.0066548996,"TWOGAUSSIANS_WITH_ELLIPSOIDAL_ON_ECLIPSE1",9,3.811871,0.3907648,0.003687556,0.062143866,0.006773295,1.7746961,0.67726636,0.18229513,0.0066548996,0.09773153,0.031216046,0.025627391,0.016661292
375316653866487564,5857041889353970048,0.46934164,2236.562275820099,3.188739353247493,1.3746832E-5,19.49344,0.05685831,0.20465767,0.0029934952,0.09213459,0.018896451,0.28600147,0.045354042,0.71708673,0.03806914,0.09813489,0.05203243,0.2325981,0.056662735,null,null,null,null,"TWOGAUSSIANS",8,2.0975552,0.20465767,0.0029939832,0.4,0.0,0.27234915,0.01859008,0.71708673,0.03806914,0.4,0.095890865,0.21894476,0.032009557
375316653866487564,5857041889355225856,0.527827,2252.44676974726,2.8735998152822972,1.22872925E-5,19.025349,0.019088482,0.23009567,0.004060328,0.09654023,0.0058076666,0.43065527,0.02009021,0.7282977,0.0045200093,0.09188629,0.0070838723,0.4726451,0.021945138,null,null,null,null,"TWOGAUSSIANS",8,4.5135183,0.7282977,0.0045200093,0.4,0.0,0.44667324,0.019458037,0.23009567,0.004060328,0.4,0.0,0.40468246,0.011904523
375316653866487564,5857042198592938496,0.42026433,2241.0346769303087,0.9822329476801457,4.7225003E-5,18.626535,0.007588457,0.170783,0.014293234,0.028106915,0.013014572,0.11055629,0.08759258,0.8039476,0.002662455,0.010651705,0.0022379255,0.1202952,0.016863542,0.027275482,0.011376232,0.8039476,0.002662455,"TWOGAUSSIANS_WITH_ELLIPSOIDAL_ON_ECLIPSE2",9,11.092915,0.8039476,0.002662455,0.059649546,0.012532383,0.17484583,0.017015385,0.17323299,0.013088371,0.15739872,0.0728816,0.13545519,0.08952074
375316653866487564,5857042232966792064,0.4897443,2233.9548797441075,1.534790803368448,4.5846996E-6,18.067163,0.008539966,0.30312443,0.0016511129,0.038802005,0.002780207,0.4075617,0.048823606,0.69876397,0.004594004,0.051475216,0.0077000386,0.07865339,0.019510038,null,null,null,null,"TWOGAUSSIANS",8,13.888092,0.30312443,0.0016511129,0.21729124,0.015569159,0.4075617,0.048823606,0.69876397,0.004594004,0.2882612,0.043120217,0.07865339,0.019510038
