Gaia/vari_eclipsing_binary/VariEclipsingBinary_628806-628957.csv
# %ECSV 1.0
# ---
# delimiter: ','
# meta: !!omap
# - RELEASE: Gaia DR3
# - TABLE: vari_eclipsing_binary
# - DESCRIPTION: >
#     This table describes the properties of the eclipsing binaries resulting from the variability analysis. 
# - CITATION: >
#     How to cite and acknowledge Gaia: 
#     https://gea.esac.esa.int/archive/documentation/credits.html 
# - KNOWN_ISSUES: >
#     Known issues: 
#     https://www.cosmos.esa.int/web/gaia-users/known-issues 
# - DOCUMENTATION: >
#     Tutorials and documentation: 
#     https://www.cosmos.esa.int/web/gaia-users/archive 
# datatype:
# - 
#   name: solution_id
#   datatype: int64
#   description: Solution Identifier
#   meta:
#     ucd: meta.version
# - 
#   name: source_id
#   datatype: int64
#   description: Unique source identifier
#   meta:
#     ucd: meta.id;meta.main
# - 
#   name: global_ranking
#   datatype: float32
#   description: Number between 0 (worst) and 1 (best)
#   meta:
#     ucd: stat.param
# - 
#   name: reference_time
#   datatype: float64
#   unit: d
#   description: Reference time used for the geometric model fit
#   meta:
#     ucd: time.epoch
# - 
#   name: frequency
#   datatype: float64
#   unit: d**-1
#   description: Frequency of geometric model of the eclipsing binary light curve
#   meta:
#     ucd: src.orbital
# - 
#   name: frequency_error
#   datatype: float32
#   unit: d**-1
#   description: "Uncertainty of \\texttt{frequency}"
#   meta:
#     ucd: stat.error
# - 
#   name: geom_model_reference_level
#   datatype: float32
#   unit: mag
#   description: Magnitude reference level of geometric model
#   meta:
#     ucd: phot.mag;em.opt
# - 
#   name: geom_model_reference_level_error
#   datatype: float32
#   unit: mag
#   description: "Uncertainty of \\texttt{geomModelReferenceLevel}"
#   meta:
#     ucd: stat.error;phot.mag;em.opt
# - 
#   name: geom_model_gaussian1_phase
#   datatype: float32
#   description: Phase of the Gaussian 1 component
#   meta:
#     ucd: time.phase
# - 
#   name: geom_model_gaussian1_phase_error
#   datatype: float32
#   description: "Uncertainty of \\texttt{geomModelGaussian1Phase}"
#   meta:
#     ucd: stat.error;time.phase
# - 
#   name: geom_model_gaussian1_sigma
#   datatype: float32
#   description: "Standard deviation [phase] of Gaussian 1 component"
#   meta:
#     ucd: stat.stdev
# - 
#   name: geom_model_gaussian1_sigma_error
#   datatype: float32
#   description: "Uncertainty of \\texttt{geomModelGaussian1Sigma}"
#   meta:
#     ucd: stat.error
# - 
#   name: geom_model_gaussian1_depth
#   datatype: float32
#   unit: mag
#   description: Magnitude depth of Gaussian 1 component
#   meta:
#     ucd: src.var.amplitude
# - 
#   name: geom_model_gaussian1_depth_error
#   datatype: float32
#   unit: mag
#   description: "Uncertainty of \\texttt{geomModelGaussian1Depth}"
#   meta:
#     ucd: stat.error;src.var.amplitude
# - 
#   name: geom_model_gaussian2_phase
#   datatype: float32
#   description: Phase of Gaussian 2 component
#   meta:
#     ucd: time.phase
# - 
#   name: geom_model_gaussian2_phase_error
#   datatype: float32
#   description: "Uncertainty of \\texttt{geomModelGaussian2Phase}"
#   meta:
#     ucd: stat.error;time.phase
# - 
#   name: geom_model_gaussian2_sigma
#   datatype: float32
[...]
#   datatype: float32
#   description: "Secondary eclipse: uncertainty of \\texttt{derivedSecondaryEclDuration}"
#   meta:
#     ucd: stat.error;time.duration
# - 
#   name: derived_secondary_ecl_depth
#   datatype: float32
#   unit: mag
#   description: "Secondary eclipse: depth"
#   meta:
#     ucd: src.var.amplitude
# - 
#   name: derived_secondary_ecl_depth_error
#   datatype: float32
#   unit: mag
#   description: "Secondary eclipse: uncertainty of \\texttt{derivedSecondaryEclDepth}"
#   meta:
#     ucd: stat.error;src.var.amplitude
solution_id,source_id,global_ranking,reference_time,frequency,frequency_error,geom_model_reference_level,geom_model_reference_level_error,geom_model_gaussian1_phase,geom_model_gaussian1_phase_error,geom_model_gaussian1_sigma,geom_model_gaussian1_sigma_error,geom_model_gaussian1_depth,geom_model_gaussian1_depth_error,geom_model_gaussian2_phase,geom_model_gaussian2_phase_error,geom_model_gaussian2_sigma,geom_model_gaussian2_sigma_error,geom_model_gaussian2_depth,geom_model_gaussian2_depth_error,geom_model_cosine_half_period_amplitude,geom_model_cosine_half_period_amplitude_error,geom_model_cosine_half_period_phase,geom_model_cosine_half_period_phase_error,model_type,num_model_parameters,reduced_chi2,derived_primary_ecl_phase,derived_primary_ecl_phase_error,derived_primary_ecl_duration,derived_primary_ecl_duration_error,derived_primary_ecl_depth,derived_primary_ecl_depth_error,derived_secondary_ecl_phase,derived_secondary_ecl_phase_error,derived_secondary_ecl_duration,derived_secondary_ecl_duration_error,derived_secondary_ecl_depth,derived_secondary_ecl_depth_error
[from data line 510]
375316653866487564,5531786588690006016,0.6265388,2223.0726504111176,0.6685782940359701,2.5825366E-6,16.82385,0.001767324,0.25631303,0.04780292,0.032302402,0.034039572,0.0839312,1389.2898,0.75724995,5.2158564E-4,0.03649832,5.722754E-4,0.35942656,0.007530433,null,null,null,null,"TWOGAUSSIANS",8,2.9680953,0.75724995,5.2158564E-4,0.20439059,0.0032047422,0.35942656,0.007530433,0.25631303,0.04780292,0.18089345,0.19062161,0.0839312,1389.2898
375316653866487564,5531789994602794752,0.66020745,2212.9265955469177,1.1720143149759186,4.9450564E-6,10.582829,0.0197418,0.26526025,0.0012192986,0.068312384,0.0061864792,0.2015417,0.037847035,0.77010316,0.0036366656,0.070502415,0.006617128,0.32922873,0.03633532,0.061748855,0.019247584,0.26526025,0.0012192986,"TWOGAUSSIANS_WITH_ELLIPSOIDAL_ON_ECLIPSE1",9,94.71729,0.77010316,0.0036366656,0.3948135,0.025933553,0.4518894,0.011904642,0.26526025,0.0012192986,0.38254935,0.034644283,0.32431668,0.0052275853
375316653866487564,5531790406914496896,0.5532466,2176.7980192186596,2.674705584802595,1.2519406E-5,12.182511,0.0056376997,0.24766846,0.0014316349,0.020603187,0.0023663044,1.4970595,0.80207354,0.74574566,0.0027732614,0.042120088,0.017506598,0.059729517,0.018884642,0.08600053,0.012230961,0.74574566,0.0027732614,"TWOGAUSSIANS_WITH_ELLIPSOIDAL_ON_ECLIPSE2",9,116.07947,0.24765846,0.0014216371,0.11537785,0.013251305,1.6690351,0.8251554,0.74574566,0.0027732614,0.23587249,0.098036945,0.23173015,0.018852362
375316653866487564,5531790475639216896,0.64067805,2243.6586379006135,1.6788016310411003,4.487933E-6,14.967729,0.002933077,0.2888574,0.0018731195,0.04287278,0.0029911473,0.035901852,0.0075250766,0.7858806,0.0021240064,0.048769202,0.0028403595,0.21447545,0.015627163,0.05042196,0.0038351773,0.2888574,0.0018731195,"TWOGAUSSIANS_WITH_ELLIPSOIDAL_ON_ECLIPSE1",9,8.393942,0.7861206,0.0018488292,0.27310753,0.015906014,0.31528652,0.017481383,0.2888574,0.0018731195,0.24008755,0.016750425,0.13674533,0.0015891098
375316653866487564,5531790544358679040,0.6068508,2252.9710897089644,0.45184601908557626,3.1226864E-5,16.619139,0.0016688379,0.29530704,0.006551834,0.017654492,0.012982876,0.38802,4.121127,0.78569126,0.0032287214,0.024430804,0.0036644752,0.07220258,0.0048407908,0.014377896,0.0027693664,0.29530704,0.006551834,"TWOGAUSSIANS_WITH_ELLIPSOIDAL_ON_ECLIPSE1",9,4.149801,0.29530704,0.006551834,0.09886515,0.07270411,0.41677573,4.120784,0.78587127,0.0031931757,0.1368125,0.020521061,0.10085539,0.0038735152
375316653866487564,5531790819231337216,0.5131637,2200.2906288746967,2.942663472912934,3.0123338E-5,18.88831,0.01702636,0.23012519,0.01163503,0.09337577,0.017872322,0.2395528,0.013733789,0.74019057,0.005701112,0.09623482,0.010169439,0.24577174,0.01657418,null,null,null,null,"TWOGAUSSIANS",8,2.7863615,0.74019057,0.005701112,0.4,0.0,0.2327508,0.009764039,0.23012519,0.01163503,0.4,0.0,0.2265323,0.013097368
375316653866487564,5531790853596300416,0.5733367,2206.9425631223166,0.29301033148113553,1.2631638E-5,15.667994,0.0022659376,0.34782922,0.009227671,0.01200635,0.010001948,0.3415085,28232.646,0.84884745,0.0093235895,0.011542779,0.0040259175,0.6770514,0.7670465,null,null,null,null,"TWOGAUSSIANS",8,31.766426,0.84884745,0.0093235895,0.06463957,0.022545137,0.6770514,0.7670465,0.34782922,0.009227671,0.06723556,0.05601091,0.3415085,28232.646
375316653866487564,5531791742653010816,0.4955938,2239.569798560159,0.38845652611185133,1.0924825E-6,17.451792,0.004737917,0.4455,3.6463396E-5,0.0038394958,1.3196176E-4,1.009346,0.08833782,0.9528884,0.010043029,0.0097464165,0.0063218665,0.5130295,36.36444,null,null,null,null,"TWOGAUSSIANS",8,21.276342,0.4455,3.6463396E-5,0.021501176,7.3898584E-4,1.009346,0.08833782,0.9528884,0.010043029,0.054579932,0.03540245,0.5130295,36.36444
375316653866487564,5531795728380476160,0.50990355,2204.051369298815,3.575681056111324,1.967031E-5,19.296377,0.016635673,0.31796643,0.0036844504,0.06998605,0.0059202127,0.33255315,0.027881699,0.823694,0.006473099,0.07605941,0.008337266,0.33816198,0.033666085,null,null,null,null,"TWOGAUSSIANS",8,2.6271827,0.823694,0.006473099,0.4,0.0090218,0.33649257,0.033713974,0.31796643,0.0036844504,0.3919219,0.025139676,0.33088374,0.027782893
375316653866487564,5531800302524582272,0.6069031,2196.076405952061,1.3115762858245819,1.0153229E-5,17.225023,0.004817256,0.22111723,0.0024005508,0.08797719,0.003376163,0.3033556,0.005218476,0.714796,0.0044510528,0.07640499,0.0047543957,0.36034966,0.017847009,null,null,null,null,"TWOGAUSSIANS",8,5.514201,0.714796,0.0044510528,0.4,0.0,0.35464934,0.018468162,0.22111723,0.0024005508,0.4,0.0,0.29765522,0.004381536
375316653866487564,5531803497979880832,0.5495474,2213.5634637202106,1.2001038520054437,7.583967E-6,15.785105,0.0017908135,0.43202937,0.0023458337,0.016557686,0.0010308551,0.2717777,0.033867806,null,null,null,null,null,null,0.005075597,0.0023772505,0.43202937,0.0023458337,"ONEGAUSSIAN_WITH_ELLIPSOIDAL",6,12.346759,0.43202937,0.0023458337,0.09272304,0.0057727885,0.28192887,0.034266956,null,null,null,null,null,null
375316653866487564,5531803837279042688,0.63195556,2223.2049639934603,1.9905268952618154,8.7329045E-6,17.005928,0.0044897036,0.23173533,0.0030797864,0.04099311,0.007170982,0.081161804,0.03483291,0.7243124,0.002010033,0.054653723,0.002671935,0.35980362,0.015553594,0.08168776,0.0073990626,0.23173533,0.0030797864,"TWOGAUSSIANS_WITH_ELLIPSOIDAL_ON_ECLIPSE1",9,8.925865,0.7250324,0.0017333967,0.30606085,0.014962835,0.52285254,0.013876728,0.23173533,0.0030797864,0.2295614,0.0401575,0.24453159,0.035209976
375316653866487564,5531803837279050880,0.62724245,2235.487390535166,1.8875727415488663,3.1183747E-6,16.767582,0.0021205763,0.26057708,7.263114E-4,0.06688836,0.0015130679,0.23097996,0.0076117623,null,null,null,null,null,null,0.07004889,0.0029915965,0.26057708,7.263114E-4,"ONEGAUSSIAN_WITH_ELLIPSOIDAL",6,4.959269,0.26057708,7.263114E-4,0.37457484,0.00847318,0.37086993,0.006766598,null,null,null,null,null,null
375316653866487564,5531804838009687296,0.49990067,2220.41973542468,3.6506881813130665,2.4578112E-5,19.183521,0.017730227,0.32315665,0.0034059433,0.07667187,0.0060156877,0.3123849,0.021226509,0.8053085,0.010296934,0.071538076,0.009002998,0.29349488,0.028670747,null,null,null,null,"TWOGAUSSIANS",8,3.800542,0.32315665,0.0034059433,0.4,0.0,0.31103143,0.020286983,0.8053085,0.010296934,0.4,0.024356501,0.2921414,0.027500624
375316653866487564,5531805490839269888,0.5831428,2219.073654979885,3.4841283596546178,9.042037E-6,18.73868,0.007669084,0.26950204,0.0016994558,0.06942758,0.00233077,0.4726817,0.010442121,0.77565545,0.006080061,0.07079554,0.00398235,0.50293744,0.078915946,null,null,null,null,"TWOGAUSSIANS",8,3.0043905,0.77565545,0.006080061,0.39645505,0.015658073,0.50149244,0.07942804,0.26950204,0.0016994558,0.38879442,0.013052313,0.47123665,0.010304931
375316653866487564,5531808926812740608,0.42515627,2225.496724090578,2.3915391676694955,6.0906994E-5,19.855618,0.0144549245,0.17160796,0.013243451,0.05303059,0.011555568,0.15582792,0.048478752,0.7062256,0.025068335,0.029976726,0.026894215,0.45244,0.14534357,null,null,null,null,"TWOGAUSSIANS",8,5.154757,0.7062256,0.025068335,0.16786967,0.1506076,0.45244,0.1453451,0.17160796,0.013243451,0.2969713,0.06471118,0.15582791,0.048478637
375316653866487564,5531810369927857280,0.54837215,2256.5917598744345,0.6150368985889733,9.270643E-5,17.153107,0.0021933548,0.2465793,0.005555023,0.01031549,0.0020125313,0.30218923,0.16040249,0.7273491,0.012131118,0.016496336,0.00948286,0.3961713,430.83478,null,null,null,null,"TWOGAUSSIANS",8,4.377482,0.7273491,0.012131118,0.09237948,0.053104017,0.3961713,430.83478,0.2465793,0.005555023,0.057766743,0.011270176,0.30218923,0.16040249
375316653866487564,5531811125842089472,0.5886802,2213.14139893693,2.0959931088156,6.743184E-6,14.562839,0.01733229,0.3238804,0.0014231759,0.11093836,0.0068305717,0.25147617,0.015707236,0.84195834,0.0041763023,0.11133317,0.012677492,0.14428411,0.016408473,null,null,null,null,"TWOGAUSSIANS",8,31.625439,0.3238604,0.0014095821,0.4,0.0,0.22653773,0.004935254,0.84200835,0.00418249,0.4,0.0,0.11935522,0.005383647
375316653866487564,5531811980537105664,0.5506427,2207.1013594734272,3.5221539416742607,1.3015727E-5,18.872845,0.0037984939,0.23980802,0.0032886667,0.07022405,0.0024946337,0.3933712,0.010928836,0.7393945,0.003660398,0.07158557,0.0033017625,0.34428182,0.025152564,null,null,null,null,"TWOGAUSSIANS",8,2.3084986,0.23980802,0.0032886667,0.39325467,0.013403878,0.39191717,0.0109151015,0.7393945,0.003660398,0.4,0.0074466574,0.3428278,0.025426582
375316653866487564,5531812981268909952,0.4758102,2198.6603537223646,1.4904679467580508,2.5707497E-5,16.787266,0.0058798455,0.29147494,0.0050622793,0.05331122,0.039090626,0.14542525,0.044248935,null,null,null,null,null,null,0.040784266,0.0074091824,0.29147494,0.0050622793,"ONEGAUSSIAN_WITH_ELLIPSOIDAL",6,49.87696,0.29147494,0.0050622793,0.29854286,0.1038934,0.22699133,0.041996483,null,null,null,null,null,null
375316653866487564,5531818234009805184,0.53850114,2180.465445849133,3.3771355845481947,1.1319629E-5,19.336111,0.011503511,0.21222946,0.0049740965,0.08575044,0.0063160295,0.34772602,0.014790803,0.71208423,0.0039942954,0.08823151,0.0064638485,0.36416328,0.01837198,null,null,null,null,"TWOGAUSSIANS",8,1.4412937,0.71208423,0.0039942954,0.4,0.0,0.35273674,0.01892673,0.21222946,0.0049740965,0.4,0.0,0.33629954,0.013525175
375316653866487564,5531819234740012032,0.5419774,2192.8462891195036,3.3547444767783503,8.316912E-5,18.01684,0.0022635667,0.5132847,1.946955E-6,0.0092039695,6.486506E-5,0.2501267,0.0020719399,0.800075,0.0017808637,0.025722003,0.0049943454,0.022682143,0.0016348516,null,null,null,null,"TWOGAUSSIANS",8,3.3988898,0.5132847,1.946955E-6,0.05154223,3.6324435E-4,0.2501267,0.0020719399,0.800075,0.0017808637,0.1440432,0.027968332,0.022682143,0.0016348516
375316653866487564,5531829027266236288,0.7607862,2252.9652102587047,0.2631893562913141,1.0929933E-6,15.444276,5.748033E-4,0.7001714,0.011861447,0.01452606,0.006946013,0.60568345,0.19311371,null,null,null,null,null,null,null,null,null,null,"ONEGAUSSIAN",5,3.4887915,0.7001714,0.011861447,0.08134594,0.03889767,0.60568345,0.0,null,null,null,null,null,null
375316653866487564,5531844175611199360,0.5507282,2171.5589470673126,0.5304978742614049,1.908478E-5,19.79303,0.008650496,0.17680067,0.0033258046,0.039305657,0.0061197965,0.2242598,0.014208913,0.67143816,0.0022126678,0.025606148,0.003908153,1.5867789,0.5148375,null,null,null,null,"TWOGAUSSIANS",8,1.6480314,0.67143816,0.0022126678,0.14339443,0.021885658,1.5867789,0.5148375,0.17680067,0.0033258046,0.22011167,0.03427086,0.2242598,0.014208913
375316653866487564,5531846134114504064,0.5268979,2241.5932734778667,2.761899252714799,1.1519715E-5,18.702307,0.01683656,0.26124692,0.007428784,0.09403854,0.010013064,0.20183568,0.018565534,0.7638291,0.004413384,0.10488135,0.010402701,0.20467974,0.015066718,null,null,null,null,"TWOGAUSSIANS",8,1.7442012,0.7638291,0.004413384,0.4,0.0,0.18799362,0.008931189,0.26124692,0.007428784,0.4,0.0,0.18515402,0.011419595
375316653866487564,5531849467009505920,0.5038834,2230.5347118569043,0.21039328643846023,4.6069E-6,17.475824,0.0031674677,0.16226237,0.01971972,0.039025515,0.019018259,0.023998339,0.013167537,0.5132373,0.013184066,0.011776572,0.0037741973,0.47347775,0.58764136,0.015384744,0.0053240787,0.16226237,0.01971972,"TWOGAUSSIANS_WITH_ELLIPSOIDAL_ON_ECLIPSE1",9,8.610709,0.5132873,0.013170586,0.0659488,0.021135505,0.4842929,0.59009767,0.16226237,0.01971972,0.21854287,0.10650226,0.0547678,0.012331318
375316653866487564,5531849746188312320,0.50351095,2237.870761122707,0.855027884772963,9.410306E-6,13.715272,7.412809E-4,0.2859681,0.005170036,0.021728186,0.041340232,0.07909336,0.06628001,null,null,null,null,null,null,0.016763661,7.8820484E-4,0.2859681,0.005170036,"ONEGAUSSIAN_WITH_ELLIPSOIDAL",6,8.489658,0.2859681,0.005170036,0.121677846,0.23150529,0.11262068,0.06695868,null,null,null,null,null,null
375316653866487564,5531851154933584896,0.45086944,2231.6904361718966,1.6268648299007094,4.8151025E-5,17.319,0.002205671,0.24599893,0.010108066,0.051554024,0.0076568583,0.066254266,0.008233277,0.55774975,0.007754235,0.02141201,0.038483035,0.070789404,0.045020968,null,null,null,null,"TWOGAUSSIANS",8,2.5167434,0.55774975,0.007754235,0.11990725,0.21550499,0.070789404,0.04502096,0.24599893,0.010108066,0.28870252,0.042878404,0.066254266,0.008233283
375316653866487564,5531856373317065216,0.45029503,2204.7778433635435,0.6681994530492985,1.8731405E-5,17.517546,0.0060756374,0.3554643,0.007429023,0.020507585,0.008143807,0.15889975,0.034954645,0.61583304,0.05623059,0.062736735,0.072316796,0.06522407,20869.027,null,null,null,null,"TWOGAUSSIANS",8,22.863018,0.3554643,0.007428581,0.114842474,0.045605317,0.15891162,0.03495449,0.61583304,0.05623059,0.35132572,0.40497404,0.06522407,20869.027
375316653866487564,5531856923073976832,0.47983047,2209.5837848765914,4.002382126095553,8.087373E-5,17.426338,0.0023632066,0.44121802,4.3760607E-5,0.011853516,3.201236E-4,0.3507379,0.005534956,0.86483663,0.0056615216,0.0130142905,0.0029684736,0.017279334,0.0038204726,null,null,null,null,"TWOGAUSSIANS",8,6.829227,0.44121802,4.3760607E-5,0.06637969,0.0017926922,0.3507379,0.005534956,0.86483663,0.0056615216,0.07288003,0.016623452,0.017279334,0.0038204726
375316653866487564,5531865616088003200,0.4564679,2173.217366205587,0.38514648312875044,5.4586508E-5,18.332817,0.0067945123,0.31440356,0.009747847,0.027896455,0.029112313,0.22273582,0.1653616,0.6906351,0.029862601,0.1112574,0.024545725,0.05245091,0.009771171,null,null,null,null,"TWOGAUSSIANS",8,6.2882566,0.31442356,0.009928038,0.15622014,0.16302896,0.22290231,0.16542797,0.6906351,0.029862601,0.4,0.0,0.052444935,0.009731406
375316653866487564,5531870190228356096,0.5535088,2240.8784991740245,1.8782193390200381,6.5874747E-6,16.26215,0.0953934,0.2657565,0.0020091482,0.21816279,0.022675578,0.73649204,0.09767182,0.77034104,0.0019150062,0.19042867,0.014403743,0.69647074,0.072661884,null,null,null,null,"TWOGAUSSIANS",8,2.290258,0.774851,0.0017829258,0.4,0.0,0.1339974,0.0025054165,0.26174647,0.0017654548,0.4,0.0,0.11179127,0.0036581373
375316653866487564,5531880768732694528,0.58787215,2208.8613884573247,2.8430213837360823,6.278636E-6,18.05998,0.0087448,0.26071772,0.002492323,0.08875359,0.004500188,0.31387824,0.009239535,0.7539735,0.0035531959,0.09619178,0.005479408,0.28393307,0.008391604,null,null,null,null,"TWOGAUSSIANS",8,2.1667182,0.26071772,0.002492323,0.4,0.0,0.29993773,0.006730713,0.7539735,0.0035531959,0.4,0.0,0.26999184,0.006486451
375316653866487564,5531882113062235904,0.50474304,2204.1607336920133,3.7797338620649623,3.7840156E-5,16.986122,0.004421737,0.21231699,0.060859483,0.043964237,0.06630186,0.02577509,0.033889554,0.82668805,0.0069514527,0.018063078,0.011908018,0.3312845,0.27716953,null,null,null,null,"TWOGAUSSIANS",8,6.558872,0.82668805,0.0069514527,0.10115323,0.0666849,0.3312845,0.27716953,0.21231699,0.060859483,0.24619973,0.37129042,0.02577509,0.033889554
375316653866487564,5531882765896635136,0.65582055,2201.2229039825565,1.7949985033892415,4.192087E-6,14.562587,6.380157E-4,0.75469446,9.5988595E-4,0.056229174,0.0020336662,0.112272,0.0036401434,null,null,null,null,null,null,0.058991358,7.088005E-4,0.75469446,9.5988595E-4,"ONEGAUSSIAN_WITH_ELLIPSOIDAL",6,8.100966,0.75469446,9.5988595E-4,0.31488338,0.011388532,0.23024891,0.003698171,null,null,null,null,null,null
