Gaia/vari_eclipsing_binary/VariEclipsingBinary_490458-490482.csv
# %ECSV 1.0
# ---
# delimiter: ','
# meta: !!omap
# - RELEASE: Gaia DR3
# - TABLE: vari_eclipsing_binary
# - DESCRIPTION: >
#     This table describes the properties of the eclipsing binaries resulting from the variability analysis. 
# - CITATION: >
#     How to cite and acknowledge Gaia: 
#     https://gea.esac.esa.int/archive/documentation/credits.html 
# - KNOWN_ISSUES: >
#     Known issues: 
#     https://www.cosmos.esa.int/web/gaia-users/known-issues 
# - DOCUMENTATION: >
#     Tutorials and documentation: 
#     https://www.cosmos.esa.int/web/gaia-users/archive 
# datatype:
# - 
#   name: solution_id
#   datatype: int64
#   description: Solution Identifier
#   meta:
#     ucd: meta.version
# - 
#   name: source_id
#   datatype: int64
#   description: Unique source identifier
#   meta:
#     ucd: meta.id;meta.main
# - 
#   name: global_ranking
#   datatype: float32
#   description: Number between 0 (worst) and 1 (best)
#   meta:
#     ucd: stat.param
# - 
#   name: reference_time
#   datatype: float64
#   unit: d
#   description: Reference time used for the geometric model fit
#   meta:
#     ucd: time.epoch
# - 
#   name: frequency
#   datatype: float64
#   unit: d**-1
#   description: Frequency of geometric model of the eclipsing binary light curve
#   meta:
#     ucd: src.orbital
# - 
#   name: frequency_error
#   datatype: float32
#   unit: d**-1
#   description: "Uncertainty of \\texttt{frequency}"
#   meta:
#     ucd: stat.error
# - 
#   name: geom_model_reference_level
#   datatype: float32
#   unit: mag
#   description: Magnitude reference level of geometric model
#   meta:
#     ucd: phot.mag;em.opt
# - 
#   name: geom_model_reference_level_error
#   datatype: float32
#   unit: mag
#   description: "Uncertainty of \\texttt{geomModelReferenceLevel}"
#   meta:
#     ucd: stat.error;phot.mag;em.opt
# - 
#   name: geom_model_gaussian1_phase
#   datatype: float32
#   description: Phase of the Gaussian 1 component
#   meta:
#     ucd: time.phase
# - 
#   name: geom_model_gaussian1_phase_error
#   datatype: float32
#   description: "Uncertainty of \\texttt{geomModelGaussian1Phase}"
#   meta:
#     ucd: stat.error;time.phase
# - 
#   name: geom_model_gaussian1_sigma
#   datatype: float32
#   description: "Standard deviation [phase] of Gaussian 1 component"
#   meta:
#     ucd: stat.stdev
# - 
#   name: geom_model_gaussian1_sigma_error
#   datatype: float32
#   description: "Uncertainty of \\texttt{geomModelGaussian1Sigma}"
#   meta:
#     ucd: stat.error
# - 
#   name: geom_model_gaussian1_depth
#   datatype: float32
#   unit: mag
#   description: Magnitude depth of Gaussian 1 component
#   meta:
#     ucd: src.var.amplitude
# - 
#   name: geom_model_gaussian1_depth_error
#   datatype: float32
#   unit: mag
#   description: "Uncertainty of \\texttt{geomModelGaussian1Depth}"
#   meta:
#     ucd: stat.error;src.var.amplitude
# - 
#   name: geom_model_gaussian2_phase
#   datatype: float32
#   description: Phase of Gaussian 2 component
#   meta:
#     ucd: time.phase
# - 
#   name: geom_model_gaussian2_phase_error
#   datatype: float32
#   description: "Uncertainty of \\texttt{geomModelGaussian2Phase}"
#   meta:
#     ucd: stat.error;time.phase
# - 
#   name: geom_model_gaussian2_sigma
#   datatype: float32
[...]
#   datatype: float32
#   description: "Secondary eclipse: uncertainty of \\texttt{derivedSecondaryEclDuration}"
#   meta:
#     ucd: stat.error;time.duration
# - 
#   name: derived_secondary_ecl_depth
#   datatype: float32
#   unit: mag
#   description: "Secondary eclipse: depth"
#   meta:
#     ucd: src.var.amplitude
# - 
#   name: derived_secondary_ecl_depth_error
#   datatype: float32
#   unit: mag
#   description: "Secondary eclipse: uncertainty of \\texttt{derivedSecondaryEclDepth}"
#   meta:
#     ucd: stat.error;src.var.amplitude
solution_id,source_id,global_ranking,reference_time,frequency,frequency_error,geom_model_reference_level,geom_model_reference_level_error,geom_model_gaussian1_phase,geom_model_gaussian1_phase_error,geom_model_gaussian1_sigma,geom_model_gaussian1_sigma_error,geom_model_gaussian1_depth,geom_model_gaussian1_depth_error,geom_model_gaussian2_phase,geom_model_gaussian2_phase_error,geom_model_gaussian2_sigma,geom_model_gaussian2_sigma_error,geom_model_gaussian2_depth,geom_model_gaussian2_depth_error,geom_model_cosine_half_period_amplitude,geom_model_cosine_half_period_amplitude_error,geom_model_cosine_half_period_phase,geom_model_cosine_half_period_phase_error,model_type,num_model_parameters,reduced_chi2,derived_primary_ecl_phase,derived_primary_ecl_phase_error,derived_primary_ecl_duration,derived_primary_ecl_duration_error,derived_primary_ecl_depth,derived_primary_ecl_depth_error,derived_secondary_ecl_phase,derived_secondary_ecl_phase_error,derived_secondary_ecl_duration,derived_secondary_ecl_duration_error,derived_secondary_ecl_depth,derived_secondary_ecl_depth_error
[from data line 219]
375316653866487564,4314169446240687232,0.470348,2117.9789182259487,2.3119208144214727,1.2979555E-5,19.673168,0.31937242,0.20709147,0.0042067254,0.102669336,0.03897577,0.34899902,0.26499814,0.7100122,0.01576507,0.14017347,0.08475689,0.3349489,0.31361443,null,null,null,null,"TWOGAUSSIANS",8,1.3670628,0.20703146,0.0043688715,0.4,0.0,0.2716225,0.029978018,0.7100122,0.01575728,0.4,0.0,0.2564179,0.023631087
375316653866487564,4314169996030421760,0.5875918,2144.3676383135326,2.8550535650573856,6.228437E-6,16.891035,0.01045166,0.24065307,0.00147226,0.055439245,0.004837418,0.14833608,0.02284084,0.7444503,0.004993282,0.047511965,0.007560341,0.17531304,0.029593937,0.09773138,0.013187276,0.24065307,0.00147226,"TWOGAUSSIANS_WITH_ELLIPSOIDAL_ON_ECLIPSE1",9,10.477412,0.7444503,0.004993282,0.266067,0.04233791,0.3706585,0.027713401,0.24065307,0.00147226,0.31045976,0.02708954,0.34379277,0.007391035
375316653866487564,4314170026066693888,0.5780986,2161.1016213400994,2.820473096758163,1.578904E-5,18.376247,0.01578827,0.23879398,0.0053349487,0.07580713,0.007575683,0.51391906,0.018000204,0.73981,0.0026822067,0.07505655,0.004312859,0.48236248,0.019467467,null,null,null,null,"TWOGAUSSIANS",8,6.627904,0.23879398,0.0053349487,0.4,0.0,0.50990725,0.016434558,0.73981,0.0026822067,0.4,0.0,0.4783507,0.018309917
375316653866487564,4314170369664066048,0.5569764,2140.26091762645,3.7379143854155625,1.5101559E-5,18.430475,0.009043154,0.27686796,0.0052506183,0.10266957,0.008650342,0.22138809,0.009666693,0.78090084,0.0036080198,0.08804469,0.0061175996,0.21116655,0.0107267955,null,null,null,null,"TWOGAUSSIANS",8,1.3276812,0.27686796,0.0052506183,0.4,0.0,0.20824698,0.00740243,0.78090084,0.0036080198,0.4,0.0,0.1980286,0.008305673
375316653866487564,4314170820630685696,0.54163563,2152.907626734046,2.4400523663887963,1.0406956E-5,17.355806,0.12162877,0.24002005,0.003250109,0.12131881,0.028094824,0.29318112,0.11674906,0.7349498,0.006251202,0.117877916,0.028813388,0.30668196,0.12027621,null,null,null,null,"TWOGAUSSIANS",8,7.97402,0.7349498,0.006251202,0.4,0.0,0.24230957,0.014750331,0.24004005,0.003275321,0.4,0.0,0.2287641,0.010474572
375316653866487564,4314171301706964992,0.49959087,2132.771986503676,4.062536998073075,3.5370398E-5,19.87314,0.02367794,0.18250556,0.01179493,0.08267737,0.019370308,0.23126332,0.17157625,0.679542,0.004934498,0.05341883,0.0069687404,0.31245086,0.037701573,null,null,null,null,"TWOGAUSSIANS",8,1.7866632,0.679542,0.004934498,0.29914546,0.039024945,0.3119034,0.037348095,0.18250556,0.01179493,0.4,0.027311156,0.23071584,0.17195773
375316653866487564,4314172091974639488,0.56116956,2134.264269639929,2.9638612286025676,1.4190856E-5,16.271988,0.049377393,0.18158312,0.0040110415,0.09657136,0.023559343,0.1386983,0.047019847,0.68754596,0.010709495,0.11458387,0.033695698,0.1592877,0.047188565,null,null,null,null,"TWOGAUSSIANS",8,6.126542,0.68754596,0.01071555,0.4,0.0,0.14240825,0.009499235,0.18157311,0.0039592288,0.4,0.0,0.121842325,0.0075601763
375316653866487564,4314173603770131072,0.49800116,2134.265494037753,4.719774763869374,2.9636984E-5,19.395935,0.03154733,0.2474118,0.0041464516,0.07602644,0.010289944,0.49746308,0.025301006,0.74029356,0.028492713,0.10668423,0.044751327,0.11046278,0.030461818,null,null,null,null,"TWOGAUSSIANS",8,3.1509964,0.2474118,0.0041418984,0.4,0.021650948,0.48930514,0.014630595,0.74029356,0.028492713,0.4,0.0,0.10230091,0.034563553
375316653866487564,4314173839997772672,0.58037716,2163.9156851078346,2.5368004858409336,1.40998345E-5,18.267313,0.0077477917,0.16407543,0.0040518893,0.07300192,0.0058156336,0.31073046,0.011620983,0.66789204,0.0046592816,0.07073135,0.004402139,0.33493656,0.019112637,null,null,null,null,"TWOGAUSSIANS",8,3.1742506,0.66789204,0.0046592816,0.39609554,0.01804065,0.3335517,0.019069146,0.16407543,0.0040518893,0.4,0.0013978854,0.3093456,0.011894651
375316653866487564,4314174222278468608,0.5880249,2125.939520619466,1.516429582309204,8.406902E-6,16.05334,0.015317655,0.21276523,0.015705198,0.04123716,0.021906845,0.12725577,0.040982652,0.73365337,0.0031337554,0.050253686,0.0137791615,0.12177212,0.032583687,0.0940401,0.020316778,0.73365337,0.0031337554,"TWOGAUSSIANS_WITH_ELLIPSOIDAL_ON_ECLIPSE2",9,20.48623,0.21621524,0.013384578,0.23092811,0.12267833,0.3126418,0.038269565,0.73365337,0.0031337554,0.28142065,0.0771633,0.30985162,0.017725874
375316653866487564,4314174286674607104,0.5033534,2120.613953466781,0.7163994447543753,4.954293E-5,17.45589,0.0060088704,0.21167396,0.0055450657,0.072334014,0.011839602,0.092216425,0.009230522,0.6978119,0.0037637728,0.089646645,0.012505105,0.05612469,0.005540945,null,null,null,null,"TWOGAUSSIANS",8,2.1959884,0.21167396,0.0055450657,0.4,0.023513343,0.0913134,0.009765766,0.6978119,0.0037637728,0.4,0.0,0.05522164,0.0048370147
375316653866487564,4314176008950834944,0.53259456,2104.2904433737503,2.747003440908509,2.10896E-5,19.05839,0.021966238,0.23949371,0.004279181,0.08373642,0.006874852,0.3529881,0.022056215,0.7369042,0.007712459,0.082455136,0.012725546,0.3540089,0.041863307,null,null,null,null,"TWOGAUSSIANS",8,3.1889427,0.7369042,0.007712459,0.4,0.0,0.34670562,0.04623293,0.23949371,0.004279181,0.4,0.0,0.34568477,0.016551768
375316653866487564,4314176386948142720,0.45307893,2155.960209489881,0.30518678870268034,3.7494898E-5,19.27572,0.014866439,0.4046773,0.0068335687,0.021494525,0.0074154492,0.36982626,0.062842555,0.67551285,0.013095585,0.027426304,0.011533979,0.22726823,0.044120163,null,null,null,null,"TWOGAUSSIANS",8,2.8568592,0.4046773,0.0068335687,0.12036934,0.041526515,0.36982626,0.062842555,0.67551285,0.013095585,0.1535873,0.06459028,0.22726823,0.044120163
375316653866487564,4314177894447522816,0.52852434,2159.806609411453,2.9594169942173876,1.4724153E-5,18.243912,0.013276914,0.18977877,0.0043382216,0.09545919,0.008319496,0.23888342,0.016850611,0.6907861,0.007377081,0.09357504,0.011801153,0.21975057,0.019447777,null,null,null,null,"TWOGAUSSIANS",8,4.5183682,0.18977877,0.0043382216,0.4,0.0,0.22520937,0.016791413,0.6907861,0.007377081,0.4,0.0,0.20607677,0.020898756
375316653866487564,4314178139259631488,0.48580527,2174.3548436616966,2.6667163114959926,8.1919345E-5,19.408415,0.026716037,0.194049,0.014294375,0.08285515,0.018906549,0.24162848,0.029842079,0.71006644,0.0138523355,0.09271987,0.016384462,0.26809978,0.037913695,null,null,null,null,"TWOGAUSSIANS",8,3.1485643,0.71006644,0.0138523355,0.4,0.0,0.26131287,0.037903592,0.194049,0.014294375,0.4,0.0,0.23484193,0.025806991
375316653866487564,4314179097038364544,0.5610732,2184.8339129147116,3.3617773294141062,5.7186376E-6,18.392635,0.0076992833,0.20608577,0.0020173946,0.080905855,0.002215542,0.42424807,0.010091707,0.7088371,0.0029372904,0.075517334,0.00446467,0.46161896,0.034654204,null,null,null,null,"TWOGAUSSIANS",8,2.8916357,0.7088371,0.0029372904,0.4,0.0,0.456574,0.035676185,0.20608577,0.0020173946,0.4,0.0,0.4192031,0.00937931
375316653866487564,4314179234477471872,0.48912713,2184.232810133511,0.29880975291116996,5.9030048E-5,18.185328,0.008810078,0.2840568,0.067585886,0.06519511,0.06796087,0.025389774,0.012393117,0.67349243,0.009281204,0.012328656,0.005295705,0.24094592,0.080178715,null,null,null,null,"TWOGAUSSIANS",8,2.874856,0.67349243,0.009281204,0.06904048,0.029655946,0.24094592,0.08018081,0.2840568,0.067585886,0.3650926,0.1995279,0.025389774,0.012362009
375316653866487564,4314180097794511616,0.5628257,2191.9039796965353,1.2886343584872322,1.32215055E-5,17.700626,0.02864164,0.18713607,0.010834259,0.0955885,0.022368591,0.14025544,0.026522404,0.69427353,0.0039999858,0.1069485,0.024693621,0.1286917,0.026963301,null,null,null,null,"TWOGAUSSIANS",8,1.0970318,0.18713607,0.010833454,0.4,0.0,0.12862706,0.007309557,0.69427353,0.0039999858,0.4,0.0,0.117058836,0.0050042076
375316653866487564,4314180681909370752,0.5588374,2170.24707470965,3.9357151636556362,1.2379177E-4,19.301737,0.011533643,0.43455502,0.13268155,0.07404083,0.04443695,0.36613214,0.3044087,0.6346688,0.029959517,0.085990295,0.020674648,0.5284495,0.07974592,null,null,null,null,"TWOGAUSSIANS",8,3.467656,0.6346688,0.029959517,0.4,0.0,0.53793925,0.059646968,0.45942503,0.15897961,0.4,0.20166317,0.41228905,0.34125018
375316653866487564,4314180849385093248,0.5423439,2142.1624665017484,2.4846492727288823,2.7781734E-5,18.604544,0.0153695075,0.23254158,0.0152902175,0.08241222,0.013881223,0.29283854,0.059845813,0.74672914,0.0065115257,0.07606075,0.00602255,0.3971931,0.018771095,null,null,null,null,"TWOGAUSSIANS",8,4.64228,0.74672914,0.0065115257,0.4,0.0,0.39369392,0.01488912,0.23254158,0.0152902175,0.4,0.0,0.28933933,0.058610097
375316653866487564,4314181162913110528,0.4732802,2167.1989370367355,2.84822436907934,2.9846431E-5,19.198566,0.072195895,0.2771404,0.01523545,0.10379092,0.04294663,0.20419273,0.05333999,0.7521513,0.007447125,0.11347745,0.036314093,0.1986378,0.06252687,null,null,null,null,"TWOGAUSSIANS",8,2.1733117,0.27719042,0.015028857,0.4,0.0,0.18253136,0.046685442,0.7521513,0.007447125,0.4,0.0,0.17694713,0.014488628
375316653866487564,4314181300384685440,0.5541283,2120.4858653041315,1.0214509751586012,1.0178748E-5,17.595577,0.01476422,0.261877,0.0030058748,0.10134933,0.011129605,0.15624355,0.012368583,0.7707183,0.00321161,0.09410286,0.012362287,0.16793779,0.018372243,null,null,null,null,"TWOGAUSSIANS",8,2.0179353,0.7707183,0.00321161,0.4,0.0,0.15703364,0.020037407,0.261877,0.0030058748,0.4,0.0,0.14533792,0.0072338376
375316653866487564,4314182228097691648,0.6152665,2114.806809871123,1.3640247702994888,1.5832482E-5,17.530762,0.00892115,0.3063145,0.0042077717,0.066914186,0.008728786,0.08620252,0.010885574,0.8057093,0.0013141646,0.05740017,0.0022865988,0.35673967,0.011692479,null,null,null,null,"TWOGAUSSIANS",8,3.5673413,0.8057093,0.0013141646,0.32144094,0.012804953,0.3566419,0.01159747,0.3063145,0.0042077717,0.37471944,0.041089106,0.08610474,0.010817605
375316653866487564,4314184083491417728,0.5039219,2157.227519021246,3.0567128740149845,3.899185E-5,19.667221,0.034665857,0.20750855,0.0060236133,0.0858162,0.02189584,0.30174735,0.03510485,0.7175466,0.025131322,0.09199561,0.06022951,0.2582429,0.17038912,null,null,null,null,"TWOGAUSSIANS",8,1.4460949,0.20750855,0.0060236133,0.4,0.0,0.2926608,0.04394217,0.7175466,0.025131322,0.4,0.2082724,0.24915616,0.17828123
375316653866487564,4314184491518558464,0.4941544,2186.3848418787284,0.15805320689019856,1.3873861E-4,18.199636,0.004393354,0.3561726,0.044447176,0.06166109,0.03869858,0.028908303,0.009360379,0.88697726,0.012708248,0.019312147,0.0164782,0.49681488,0.44573975,null,null,null,null,"TWOGAUSSIANS",8,2.971779,0.88697726,0.012708248,0.10814802,0.092277914,0.49681488,0.44573987,0.3561726,0.044447176,0.3453021,0.16033846,0.028908303,0.009360371
375316653866487564,4314184701970478208,0.5250526,2179.9804486069766,3.4750383591427143,2.7646176E-5,19.425081,0.017421896,0.18943557,0.026854636,0.0649615,0.029289434,0.16355385,0.26109406,0.5405556,0.0045351214,0.04951161,0.0038350734,0.81046426,0.066026516,null,null,null,null,"TWOGAUSSIANS",8,7.535257,0.5405556,0.0045351214,0.277265,0.02147641,0.81046426,0.06602669,0.18943557,0.026854636,0.3637844,0.15989478,0.16355379,0.26109427
375316653866487564,4314186999778119040,0.4113283,2159.408651582835,0.06378376276558007,8.65618E-5,18.263779,0.07493692,null,null,null,null,null,null,null,null,null,null,null,null,0.1496126,0.09588356,0.23965691,0.019341946,"ELLIPSOIDAL",4,129.37886,null,null,null,null,null,null,null,null,null,null,null,null
375316653866487564,4314187485137693696,0.53971833,2169.677308301858,0.030558960980256594,1.9152176E-5,10.00683,0.0023923723,0.35548764,0.0031957342,0.014247817,0.0048660366,0.3121964,0.53505623,0.6898385,0.008987578,0.046013985,0.008455946,0.06923663,0.008455205,0.054626305,0.0037435004,0.35548764,0.0031957342,"TWOGAUSSIANS_WITH_ELLIPSOIDAL_ON_ECLIPSE1",9,45.51356,0.35548764,0.0031957342,0.079787776,0.027249806,0.42144838,0.53851974,0.7131385,0.010826046,0.25767833,0.047353297,0.10371606,0.007918668
375316653866487564,4314187721332944128,0.46563697,2114.762327507947,2.5696426417286524,8.606042E-5,18.098364,0.031304777,0.17857367,0.027959835,0.058924664,0.05154069,0.14213358,0.03084195,0.6699329,0.0040562013,0.06422649,0.011817262,0.17519924,0.02958539,null,null,null,null,"TWOGAUSSIANS",8,10.720492,0.6699329,0.0040562013,0.35966837,0.055604838,0.17513666,0.02558672,0.17857367,0.027959835,0.3299781,0.12914117,0.142071,0.033616096
375316653866487564,4314187759984011008,0.49992064,2163.297863506291,2.5001437976107876,4.4989163E-5,19.649397,0.02040952,0.26543197,0.010756182,0.076964885,0.018116388,0.26932442,0.034532096,0.7730944,0.009573296,0.07613668,0.01683875,0.18569544,0.07740197,null,null,null,null,"TWOGAUSSIANS",8,1.8783582,0.26543197,0.010756182,0.4,0.048331164,0.2674929,0.034480117,0.7730944,0.009573296,0.4,0.037197776,0.18386391,0.07808272
375316653866487564,4314187759984070656,0.57274693,2108.606215312591,0.4882087370932328,2.8351464E-5,18.154652,0.0023980413,0.29305732,0.03532044,0.018261679,0.023466839,0.058865782,3.3943577E25,0.73400664,0.0031933454,0.060713906,0.002182778,2.3433936,0.5061395,null,null,null,null,"TWOGAUSSIANS",8,1.133509,0.73400664,0.0031933454,0.33999786,0.012223557,2.3433936,0.5061395,0.29305732,0.03532044,0.102265395,0.1314143,0.058865782,3.3943577E25
375316653866487564,4314188859496428416,0.4731877,2153.927132574966,1.9899888055646682,2.4198129E-5,19.228918,0.027790857,0.21915105,0.020200875,0.08870411,0.034246877,0.1529344,0.02195391,0.7229443,0.010430492,0.08107823,0.016691828,0.21630514,0.053006805,null,null,null,null,"TWOGAUSSIANS",8,1.6318184,0.7229443,0.010430492,0.4,0.0,0.21190225,0.051475767,0.21915105,0.020200875,0.4,0.0,0.14853147,0.014600618
375316653866487564,4314189439319645824,0.5214697,2175.999722183012,1.020391409021607,1.6130698E-5,18.060852,0.035859942,0.17827915,0.0039156373,0.092706,0.01500657,0.23274055,0.03378215,0.6965443,0.0046314388,0.083471626,0.016068097,0.2637484,0.030895794,null,null,null,null,"TWOGAUSSIANS",8,4.2660513,0.6965443,0.0046314388,0.4,0.011815885,0.25723907,0.030684415,0.17827915,0.0039156373,0.4,0.0,0.22623086,0.028104471
375316653866487564,4314189443643121152,0.5860219,2181.5505041393612,2.3145397999811985,2.9878753E-5,18.736465,0.006834702,0.2433254,0.0053939903,0.03085836,0.005556831,0.14942136,0.023576813,0.723558,0.005498029,0.04900749,0.0043039373,0.5107484,0.04881428,0.05538566,0.011734365,0.2433254,0.0053939903,"TWOGAUSSIANS_WITH_ELLIPSOIDAL_ON_ECLIPSE1",9,3.2111583,0.72432804,0.005146139,0.27444196,0.024102049,0.61988527,0.049311932,0.2433254,0.0053939903,0.17280681,0.031118255,0.26019207,0.01642709
375316653866487564,4314190268246751616,0.54060185,2200.085470373786,1.124371358893314,1.2142709E-4,19.361553,0.0063126963,0.22980377,0.025187436,0.0610745,0.012837677,0.053452555,0.016323091,0.6268126,0.0016658679,0.034746096,0.0014053313,0.54931176,0.032460432,null,null,null,null,"TWOGAUSSIANS",8,2.157872,0.6268126,0.0016658679,0.19457813,0.0078698555,0.54931176,0.032460432,0.22980377,0.025187436,0.34201717,0.071890995,0.053452555,0.01632309
375316653866487564,4314190989801533440,0.69406617,2151.5588253807127,1.470291160615418,4.4005956E-5,18.297915,0.0015013685,0.25458696,0.0279507,0.031944823,0.011387671,0.5354728,0.21137865,0.46708977,0.06275124,0.0124774035,0.014545124,0.017765446,1.9707569,null,null,null,null,"TWOGAUSSIANS",8,0.5096161,0.25458696,0.0279507,0.178891,0.06377096,0.5354728,0.21137865,0.46708977,0.06275124,0.06987346,0.08145269,0.017765446,1.9707569
375316653866487564,4314190989801547904,0.5730623,2131.111258763391,2.8694115781071607,6.3652938E-6,19.156136,0.015300034,0.26089475,0.0017836229,0.07042496,0.0025703881,0.6217379,0.027663788,0.75548,0.0012817639,0.069139406,0.004913639,0.51526636,0.043282725,null,null,null,null,"TWOGAUSSIANS",8,2.0588367,0.26089475,0.0017836229,0.39437976,0.013834347,0.6201297,0.027475363,0.75548,0.0012817639,0.38718066,0.020697705,0.51365817,0.04381387
