Gaia/vari_eclipsing_binary/VariEclipsingBinary_478450-478577.csv
# %ECSV 1.0
# ---
# delimiter: ','
# meta: !!omap
# - RELEASE: Gaia DR3
# - TABLE: vari_eclipsing_binary
# - DESCRIPTION: >
#     This table describes the properties of the eclipsing binaries resulting from the variability analysis. 
# - CITATION: >
#     How to cite and acknowledge Gaia: 
#     https://gea.esac.esa.int/archive/documentation/credits.html 
# - KNOWN_ISSUES: >
#     Known issues: 
#     https://www.cosmos.esa.int/web/gaia-users/known-issues 
# - DOCUMENTATION: >
#     Tutorials and documentation: 
#     https://www.cosmos.esa.int/web/gaia-users/archive 
# datatype:
# - 
#   name: solution_id
#   datatype: int64
#   description: Solution Identifier
#   meta:
#     ucd: meta.version
# - 
#   name: source_id
#   datatype: int64
#   description: Unique source identifier
#   meta:
#     ucd: meta.id;meta.main
# - 
#   name: global_ranking
#   datatype: float32
#   description: Number between 0 (worst) and 1 (best)
#   meta:
#     ucd: stat.param
# - 
#   name: reference_time
#   datatype: float64
#   unit: d
#   description: Reference time used for the geometric model fit
#   meta:
#     ucd: time.epoch
# - 
#   name: frequency
#   datatype: float64
#   unit: d**-1
#   description: Frequency of geometric model of the eclipsing binary light curve
#   meta:
#     ucd: src.orbital
# - 
#   name: frequency_error
#   datatype: float32
#   unit: d**-1
#   description: "Uncertainty of \\texttt{frequency}"
#   meta:
#     ucd: stat.error
# - 
#   name: geom_model_reference_level
#   datatype: float32
#   unit: mag
#   description: Magnitude reference level of geometric model
#   meta:
#     ucd: phot.mag;em.opt
# - 
#   name: geom_model_reference_level_error
#   datatype: float32
#   unit: mag
#   description: "Uncertainty of \\texttt{geomModelReferenceLevel}"
#   meta:
#     ucd: stat.error;phot.mag;em.opt
# - 
#   name: geom_model_gaussian1_phase
#   datatype: float32
#   description: Phase of the Gaussian 1 component
#   meta:
#     ucd: time.phase
# - 
#   name: geom_model_gaussian1_phase_error
#   datatype: float32
#   description: "Uncertainty of \\texttt{geomModelGaussian1Phase}"
#   meta:
#     ucd: stat.error;time.phase
# - 
#   name: geom_model_gaussian1_sigma
#   datatype: float32
#   description: "Standard deviation [phase] of Gaussian 1 component"
#   meta:
#     ucd: stat.stdev
# - 
#   name: geom_model_gaussian1_sigma_error
#   datatype: float32
#   description: "Uncertainty of \\texttt{geomModelGaussian1Sigma}"
#   meta:
#     ucd: stat.error
# - 
#   name: geom_model_gaussian1_depth
#   datatype: float32
#   unit: mag
#   description: Magnitude depth of Gaussian 1 component
#   meta:
#     ucd: src.var.amplitude
# - 
#   name: geom_model_gaussian1_depth_error
#   datatype: float32
#   unit: mag
#   description: "Uncertainty of \\texttt{geomModelGaussian1Depth}"
#   meta:
#     ucd: stat.error;src.var.amplitude
# - 
#   name: geom_model_gaussian2_phase
#   datatype: float32
#   description: Phase of Gaussian 2 component
#   meta:
#     ucd: time.phase
# - 
#   name: geom_model_gaussian2_phase_error
#   datatype: float32
#   description: "Uncertainty of \\texttt{geomModelGaussian2Phase}"
#   meta:
#     ucd: stat.error;time.phase
# - 
#   name: geom_model_gaussian2_sigma
#   datatype: float32
[...]
#   datatype: float32
#   description: "Secondary eclipse: uncertainty of \\texttt{derivedSecondaryEclDuration}"
#   meta:
#     ucd: stat.error;time.duration
# - 
#   name: derived_secondary_ecl_depth
#   datatype: float32
#   unit: mag
#   description: "Secondary eclipse: depth"
#   meta:
#     ucd: src.var.amplitude
# - 
#   name: derived_secondary_ecl_depth_error
#   datatype: float32
#   unit: mag
#   description: "Secondary eclipse: uncertainty of \\texttt{derivedSecondaryEclDepth}"
#   meta:
#     ucd: stat.error;src.var.amplitude
solution_id,source_id,global_ranking,reference_time,frequency,frequency_error,geom_model_reference_level,geom_model_reference_level_error,geom_model_gaussian1_phase,geom_model_gaussian1_phase_error,geom_model_gaussian1_sigma,geom_model_gaussian1_sigma_error,geom_model_gaussian1_depth,geom_model_gaussian1_depth_error,geom_model_gaussian2_phase,geom_model_gaussian2_phase_error,geom_model_gaussian2_sigma,geom_model_gaussian2_sigma_error,geom_model_gaussian2_depth,geom_model_gaussian2_depth_error,geom_model_cosine_half_period_amplitude,geom_model_cosine_half_period_amplitude_error,geom_model_cosine_half_period_phase,geom_model_cosine_half_period_phase_error,model_type,num_model_parameters,reduced_chi2,derived_primary_ecl_phase,derived_primary_ecl_phase_error,derived_primary_ecl_duration,derived_primary_ecl_duration_error,derived_primary_ecl_depth,derived_primary_ecl_depth_error,derived_secondary_ecl_phase,derived_secondary_ecl_phase_error,derived_secondary_ecl_duration,derived_secondary_ecl_duration_error,derived_secondary_ecl_depth,derived_secondary_ecl_depth_error
[from data line 149]
375316653866487564,4208819121158393472,0.63735825,1920.777908990516,3.1685802372969265,8.761295E-6,16.61785,0.0076710526,0.2739562,0.0014062234,0.049090218,0.0030533844,0.36812642,0.023555972,0.773393,0.008198555,0.046555087,0.007194644,0.23234625,0.024309546,0.11399707,0.010079039,0.2739562,0.0014062234,"TWOGAUSSIANS_WITH_ELLIPSOIDAL_ON_ECLIPSE1",9,12.001802,0.2739562,0.0014062234,0.27490523,0.017098954,0.5961195,0.023033218,0.77347296,0.007942573,0.26070848,0.040290006,0.46033692,0.012361687
375316653866487564,4208820495547970048,0.56451064,1996.016432014582,1.905920766877764,7.0266537E-6,14.862023,0.018778866,0.16969281,0.0021594858,0.16325386,0.0098680025,0.27028543,0.018539816,0.66971433,0.0027422088,0.22114311,0.019491542,0.30751628,0.019584369,null,null,null,null,"TWOGAUSSIANS",8,5.483134,0.16968282,0.0020002013,0.4,0.0,0.0711479,0.0015846242,0.6697243,0.0029015064,0.4,0.0,0.06563173,0.0019225691
375316653866487564,4208822522772574464,0.5022134,2019.2510722249842,3.6281379364015893,3.1912376E-5,17.47424,0.013648901,0.2805581,0.00505047,0.083268024,0.008036538,0.33065566,0.025374414,0.7729938,0.008235735,0.083696686,0.010888516,0.21514021,0.016996605,null,null,null,null,"TWOGAUSSIANS",8,16.035145,0.2805581,0.00505047,0.4,0.0,0.32542098,0.026330875,0.7729938,0.008235735,0.4,0.0,0.20990552,0.015917072
375316653866487564,4208823965881577216,0.42807716,1979.2975689981026,4.034838746137292,1.6445825E-4,17.03233,0.0050850487,0.14992411,2.0705182E-4,0.004016249,2.9309353E-4,0.20955822,0.002757235,0.8114915,0.015572274,0.038845703,0.00722987,0.03255606,0.009375622,null,null,null,null,"TWOGAUSSIANS",8,33.39427,0.14992411,2.0705182E-4,0.022490995,0.0016413238,0.20955822,0.002757235,0.8114915,0.015572274,0.21753593,0.040487275,0.03255606,0.009375622
375316653866487564,4208827436215497728,0.5957147,2173.8211205144166,0.8761502562731369,2.4155022E-5,15.297984,0.014722991,0.20420726,0.010910764,0.027768893,0.013922095,0.1404822,0.023033489,0.7137637,0.023760678,0.046141487,0.02295187,0.6327793,0.37194714,0.02327222,0.015821557,0.7137637,0.023760678,"TWOGAUSSIANS_WITH_ELLIPSOIDAL_ON_ECLIPSE2",9,24.322214,0.7137637,0.023760678,0.25839233,0.12853047,0.6793234,0.39981592,0.20439726,0.010554624,0.1555058,0.07796373,0.186862,0.022952413
375316653866487564,4208833792767071744,0.6119642,2235.842455230786,1.4540967973547263,4.630191E-6,14.488558,0.0040614475,0.31739822,0.0010194124,0.025725162,0.002372571,0.6571654,0.05819667,null,null,null,null,null,null,0.013130258,0.0059671113,0.31739822,0.0010194124,"ONEGAUSSIAN_WITH_ELLIPSOIDAL",6,194.45811,0.31739822,0.0010194124,0.1440609,0.013286397,0.6834259,0.059754364,null,null,null,null,null,null
375316653866487564,4208834063342195968,0.57490945,2217.3245068288247,2.4338816282692837,8.108934E-6,18.00343,0.006942576,0.26550344,0.0027279838,0.0709585,0.0039711148,0.19880596,0.008262025,0.75588995,0.0045046997,0.08196685,0.0044973604,0.28623557,0.020891791,null,null,null,null,"TWOGAUSSIANS",8,2.8500745,0.75588995,0.0045046997,0.4,0.0,0.28436705,0.02097149,0.26550344,0.0027279838,0.39736763,0.01327438,0.19693747,0.007871699
375316653866487564,4208835884412013824,0.55719733,2213.1427540437503,2.867923365060605,1.7335813E-5,16.235348,0.13793546,0.23668401,0.03366976,0.035117105,0.07319266,0.11779937,0.16616814,0.7193684,0.010321828,0.025284393,0.06472742,0.056380607,0.24112892,0.11217708,0.10784088,0.7193684,0.010321828,"TWOGAUSSIANS_WITH_ELLIPSOIDAL_ON_ECLIPSE2",9,20.348742,0.23398401,0.027183553,0.19665578,0.22246923,0.33991906,0.07150569,0.7193684,0.010329172,0.1415926,0.27555588,0.2807347,0.035122085
375316653866487564,4208839457822514432,0.5106122,2204.2111274836743,2.65851190982752,1.6236836E-4,19.25568,0.013130595,0.31951365,0.015716372,0.069924526,0.037492033,0.05959287,0.024007626,0.75230825,0.021829842,0.035852924,0.051835004,0.2762197,0.19262199,null,null,null,null,"TWOGAUSSIANS",8,0.75674814,0.75230825,0.021829842,0.20077637,0.19294754,0.27621958,0.19505475,0.31951365,0.015716372,0.39157733,0.071459465,0.059592765,0.024549004
375316653866487564,4208842279622630144,0.4514547,2198.1241051115753,2.7768530043105586,4.333722E-5,16.538794,0.009837816,0.35020578,0.004078692,0.027502507,0.012686432,0.11964876,0.040254418,0.84266984,0.0014191765,0.028379362,0.004286094,0.20369412,0.055113804,0.035161436,0.015961966,0.84266984,0.0014191765,"TWOGAUSSIANS_WITH_ELLIPSOIDAL_ON_ECLIPSE2",9,117.03303,0.84266984,0.0014191765,0.15892443,0.024002127,0.27401698,0.056034442,0.34994575,0.0037780982,0.15401404,0.07104402,0.1898194,0.06784443
375316653866487564,4208850762177022336,0.48457366,2236.533552120994,4.184437841667121,6.486723E-5,19.578508,0.01972701,0.25022236,0.014751843,0.084402755,0.019840857,0.26158908,0.022711772,0.7679201,0.057144906,0.090298526,0.05359495,0.28761324,0.15338403,null,null,null,null,"TWOGAUSSIANS",8,3.2469234,0.7679201,0.057144906,0.4,0.17860581,0.2808075,0.15805149,0.25022236,0.014751843,0.4,0.0,0.2547835,0.015707122
375316653866487564,4208852136566458880,0.5339436,2157.6674091603068,3.2625732296400947,2.5408448E-5,19.288641,0.051239364,0.23778847,0.0095035825,0.08099634,0.014541097,0.3238099,0.05255103,0.74922353,0.02472048,0.0726469,0.0673151,0.30199772,0.094944805,null,null,null,null,"TWOGAUSSIANS",8,3.0659704,0.23778847,0.009481687,0.4,0.0,0.3213533,0.026844976,0.74922353,0.02472048,0.4,0.008199403,0.2995411,0.12958816
375316653866487564,4208853858854500224,0.5069254,2204.8849885473105,0.15413101067665005,8.714558E-5,15.934748,0.00470583,0.25979778,0.026501993,0.02262839,0.012565351,0.20969468,0.9380906,0.55659515,0.022614999,0.04102645,0.0061741085,0.98323125,0.6101251,0.016532402,0.0068861526,0.25979778,0.026501993,"TWOGAUSSIANS_WITH_ELLIPSOIDAL_ON_ECLIPSE1",9,61.41449,0.5567951,0.022654664,0.22974811,0.034575008,0.98601985,0.6111162,0.25979778,0.026501993,0.12671898,0.070365965,0.24275944,0.9391943
375316653866487564,4208858188177369728,0.45957372,2174.0751506366028,0.20615725450954855,3.5856072E-5,19.285011,0.40496954,0.28273767,0.009333041,0.099500276,0.036343027,0.41701132,0.2577138,0.7738485,0.035104275,0.16649717,0.11900897,0.3991069,0.38945258,null,null,null,null,"TWOGAUSSIANS",8,4.496533,0.28330767,0.0068576797,0.4,0.0,0.30141994,0.08799811,0.7738485,0.035104275,0.4,0.0,0.27462512,0.03880199
375316653866487564,4208859837449105408,0.47977084,2217.3799713476265,0.484598265524351,2.4915678E-5,15.652376,0.001113409,0.55227876,0.007870884,0.0424016,0.006907748,0.17445625,0.032220718,0.25573015,0.023694245,0.05087552,0.01636068,0.16276863,0.059402075,3.193788E-4,0.001088832,0.25573015,0.023694245,"TWOGAUSSIANS_WITH_ELLIPSOIDAL_ON_ECLIPSE2",9,10.835348,0.5522987,0.007862044,0.23744896,0.03868339,0.17450853,0.03221374,0.25573015,0.023694245,0.2849029,0.091619805,0.16340654,0.059269007
375316653866487564,4208860692141131008,0.50175,2117.6513352478455,1.752317772205505,1.8490211E-5,18.037045,0.002155039,null,null,null,null,null,null,null,null,null,null,null,null,0.04992576,0.002737741,0.24009024,0.004654513,"ELLIPSOIDAL",4,1.8287964,null,null,null,null,null,null,null,null,null,null,null,null
375316653866487564,4208867259152850304,0.5971776,2156.2003539590582,2.479493462331334,4.423043E-6,14.189071,0.010972957,0.25721994,0.0019001092,0.037989464,0.009163143,0.4026482,0.25221944,0.75268567,0.0085206125,0.057540804,0.009583724,0.12691467,0.022262061,0.1210744,0.011505751,0.25721994,0.0019001092,"TWOGAUSSIANS_WITH_ELLIPSOIDAL_ON_ECLIPSE1",9,271.68048,0.25721994,0.0019001092,0.212741,0.051313598,0.6447893,0.25513643,0.75419563,0.006213616,0.32222852,0.05366885,0.36892465,0.009054525
375316653866487564,4208869453875164416,0.50022316,2045.866365265465,3.437358433187213,2.630235E-5,18.22661,0.035466634,0.27746132,0.0059226966,0.1134756,0.015189583,0.20291889,0.03494103,0.80447996,0.0065277605,0.12285982,0.017680714,0.21892887,0.03318473,null,null,null,null,"TWOGAUSSIANS",8,3.686083,0.80455995,0.006501724,0.4,0.0,0.18386453,0.013076087,0.27724132,0.00587013,0.4,0.0,0.16797099,0.008636125
375316653866487564,4208871107443661440,0.52752364,2028.8810704366695,0.46395127227606314,3.8084105E-5,15.454599,0.0025991942,0.15612265,0.0059608123,0.029341249,0.008375728,0.042298947,0.051419295,0.625168,0.009016607,0.05260254,0.006611814,0.27607453,0.01326614,null,null,null,null,"TWOGAUSSIANS",8,32.72362,0.625168,0.009016607,0.29457423,0.03702616,0.27607453,0.013266141,0.15612265,0.0059608123,0.16431099,0.046904072,0.042298947,0.051419295
375316653866487564,4208876467562873088,0.6886558,2021.4736520097792,1.331101175499371,2.0675825E-6,15.23073,0.0014203213,0.21354581,0.0024735027,0.040072676,0.0034812598,0.06605687,0.008311769,0.70971984,4.4982592E-4,0.043634515,7.0249406E-4,0.24199441,0.0032762086,0.019265156,0.0019425721,0.21354581,0.0024735027,"TWOGAUSSIANS_WITH_ELLIPSOIDAL_ON_ECLIPSE1",9,4.4839683,0.70980984,4.3160305E-4,0.24435328,0.0039339666,0.28050295,0.0017830073,0.21354581,0.0024735027,0.22440697,0.019495055,0.10458714,0.0076657333
375316653866487564,4208878666585922432,0.48143262,2126.4621717783652,2.6041805185340126,1.5974463E-5,19.724184,0.011795435,0.3381477,0.0123640075,0.08550392,0.024256371,0.26848805,0.100315556,0.84351724,0.0033535482,0.06986076,0.008594529,0.299173,0.032305874,null,null,null,null,"TWOGAUSSIANS",8,0.99690676,0.84351724,0.0033535482,0.39122024,0.020004889,0.29634923,0.03404766,0.3381477,0.0123640075,0.4,0.016209323,0.26566428,0.10307306
375316653866487564,4208880758230358912,0.45743394,2147.659506503299,3.750540477340644,3.3014345E-5,19.038507,0.11599909,0.33464825,0.020249406,0.1623012,0.06219783,0.26285273,0.11381682,0.801943,0.020853309,0.080708236,0.026513288,0.22084783,0.07842957,null,null,null,null,"TWOGAUSSIANS",8,4.7413044,0.33464825,0.020244407,0.4,0.0,0.22072348,0.023356488,0.801943,0.020853309,0.4,0.0,0.18408713,0.04512485
375316653866487564,4208884988777893376,0.6058712,2155.3313980733146,2.6169879945043872,1.5624826E-5,16.7045,0.014906763,0.24177343,0.0021319133,0.04860963,0.0074071726,0.20056422,0.029708287,0.7398863,0.004086269,0.048766844,0.0067483224,0.18389308,0.03152415,0.15039125,0.017028356,0.24177343,0.0021319133,"TWOGAUSSIANS_WITH_ELLIPSOIDAL_ON_ECLIPSE1",9,22.443302,0.24177343,0.0021319133,0.2722139,0.04148017,0.5013455,0.009274613,0.7403263,0.0031068528,0.27309433,0.037790604,0.484642,0.010891058
375316653866487564,4208886569326069504,0.5024052,2108.84436653825,1.606756169109493,1.9752906E-5,14.289208,0.013377659,0.17407088,0.008424549,0.11766486,0.021542732,0.064799555,0.0133757545,0.6853774,0.007041008,0.100321576,0.023006199,0.06953557,0.010863206,null,null,null,null,"TWOGAUSSIANS",8,32.41405,0.68540746,0.0070402906,0.4,0.0,0.061041012,0.008429538,0.17407088,0.008415609,0.4,0.0,0.056288864,0.003834518
375316653866487564,4208888626610450560,0.47946703,2053.335074894699,3.4300310769703115,2.2864551E-5,19.685799,0.013231836,0.24082778,0.0053380243,0.036149334,0.008784463,0.29678267,0.06601131,0.751862,0.008588201,0.05506159,0.008912781,0.29026335,0.026603745,null,null,null,null,"TWOGAUSSIANS",8,2.3773575,0.24082778,0.0053380243,0.20243627,0.049192995,0.29678258,0.0660119,0.751862,0.008588201,0.3083449,0.049911574,0.29026327,0.026603568
375316653866487564,4208889073286382720,0.5349046,2047.875690556194,1.9710884245485534,1.9220228E-5,16.736773,0.004586365,0.21607788,0.006414876,0.073218994,0.005707539,0.10897518,0.0074103056,0.7288949,0.0069195046,0.09905448,0.011478823,0.058899265,0.0046099033,null,null,null,null,"TWOGAUSSIANS",8,2.6641715,0.21607788,0.006414876,0.4,0.006484042,0.10719704,0.006923246,0.7288949,0.0069195046,0.4,0.0,0.05712071,0.0037556381
375316653866487564,4208889730421920000,0.5125199,2042.5892975015686,2.4302173233316946,1.7249566E-5,17.65626,0.21615233,0.23026204,0.0037849576,0.11848956,0.06068418,0.13345577,0.20062706,0.7304273,0.012045818,0.11920255,0.074867986,0.117890865,0.20559125,null,null,null,null,"TWOGAUSSIANS",8,3.4074123,0.23026204,0.0038967624,0.4,0.0,0.10610193,0.006355052,0.7304273,0.012143409,0.4,0.0,0.09053766,0.010412798
375316653866487564,4208890726854351488,0.5669665,2022.6098356509326,0.45777983558232255,1.5769972E-5,15.449789,0.0017643535,0.23522776,0.0021408277,0.027749108,0.002748366,0.24994005,0.01854177,0.7360158,0.010945789,0.018741043,0.0057435655,0.03126164,0.007979241,null,null,null,null,"TWOGAUSSIANS",8,24.10466,0.23522776,0.0021408277,0.155395,0.015390849,0.24994005,0.01854177,0.7360158,0.010945789,0.10494984,0.032163966,0.03126164,0.007979241
375316653866487564,4208895945231676032,0.49951676,2235.4086015870953,3.9706103612155412,4.2599957E-5,19.305868,0.024222037,0.13083066,0.007624161,0.07016186,0.011714423,0.4023121,0.029563924,0.6301777,0.019086566,0.07456422,0.020202702,0.3465208,0.08232316,null,null,null,null,"TWOGAUSSIANS",8,4.3321977,0.13083066,0.007624161,0.3929064,0.038841054,0.4004362,0.02844598,0.6301777,0.019086566,0.4,0.08522435,0.3446449,0.08218582
375316653866487564,4208897392641637632,0.49180633,2164.3560933645467,0.9596532383829146,3.0797233E-5,16.059727,0.005366559,0.31924978,0.009216011,0.071979314,0.015043587,0.07114005,0.006619026,0.8582965,0.022405282,0.059144687,0.017968727,0.01287265,0.006365069,null,null,null,null,"TWOGAUSSIANS",8,9.121803,0.31924978,0.009216011,0.4,0.04446012,0.0711263,0.006593259,0.8582965,0.022405282,0.33121023,0.100624874,0.01285889,0.006307348
375316653866487564,4208899071968016256,0.4460232,2168.279444609428,1.2053922634413068,4.2741438E-5,17.960228,0.012993797,0.23915048,0.08597495,0.12208571,0.062383454,0.029789146,0.015698211,0.82182074,0.004512544,0.043594413,0.008245204,0.16986994,0.031742275,null,null,null,null,"TWOGAUSSIANS",8,3.5869343,0.8218508,0.00450734,0.24412872,0.04617314,0.16979356,0.03177772,0.23915048,0.08597495,0.4,0.06542263,0.029625969,0.015641063
375316653866487564,4208900171478435584,0.58121717,2224.771973708905,1.4338731616896554,2.3311477E-5,16.764004,0.0021978721,0.26475602,0.0055124117,0.013531256,0.005630147,0.016051931,0.0051561776,0.76967335,0.0020122707,0.03921698,0.0030347377,0.12657604,0.008317808,0.018029027,0.0034632077,0.26475602,0.0055124117,"TWOGAUSSIANS_WITH_ELLIPSOIDAL_ON_ECLIPSE1",9,2.2295003,0.76967335,0.0020122707,0.2196151,0.01699453,0.1625996,0.008816294,0.26475602,0.0055124117,0.075775035,0.031528827,0.0521099,0.0028631252
375316653866487564,4208900416298647552,0.6111417,2200.0477473870346,2.4213054881103395,1.0478747E-5,16.378548,0.010534509,0.38795933,0.0041847834,0.07015031,0.005593295,0.4702224,0.022689471,0.8884554,0.0017226809,0.06969118,0.0021753826,0.4943207,0.011898251,null,null,null,null,"TWOGAUSSIANS",8,25.957825,0.8884554,0.0017226809,0.39027062,0.012182143,0.49272618,0.011281169,0.38795933,0.0041847834,0.3928417,0.018205928,0.4686279,0.022924382
375316653866487564,4208902404861517440,0.60054463,2211.14343070946,3.9693297905341782,8.77117E-6,18.937017,0.013824533,0.37372446,0.0044678813,0.057571065,0.007466119,0.80719304,0.13020295,0.8746564,0.001281555,0.05908702,0.0017929352,0.6953248,0.017516017,null,null,null,null,"TWOGAUSSIANS",8,3.3907151,0.37372446,0.0044678813,0.32239798,0.041810267,0.8070446,0.13043538,0.8746564,0.001281555,0.3308873,0.010040437,0.69517636,0.017453702
375316653866487564,4208903817914761984,0.49276546,2209.716119476937,0.2634875780996759,6.661837E-5,19.549551,0.010557914,0.61396724,0.074967034,0.11468599,0.044876225,0.15312076,0.043193575,0.4714748,0.003868568,0.015269614,0.011711818,0.5253133,0.21867202,null,null,null,null,"TWOGAUSSIANS",8,1.9023942,0.4718148,0.0037551308,0.08550984,0.06558618,0.59618694,0.27867824,0.61396724,0.074967034,0.4,0.0,0.15309793,0.043193553
