Gaia/vari_eclipsing_binary/VariEclipsingBinary_489398-489444.csv
# %ECSV 1.0
# ---
# delimiter: ','
# meta: !!omap
# - RELEASE: Gaia DR3
# - TABLE: vari_eclipsing_binary
# - DESCRIPTION: >
#     This table describes the properties of the eclipsing binaries resulting from the variability analysis. 
# - CITATION: >
#     How to cite and acknowledge Gaia: 
#     https://gea.esac.esa.int/archive/documentation/credits.html 
# - KNOWN_ISSUES: >
#     Known issues: 
#     https://www.cosmos.esa.int/web/gaia-users/known-issues 
# - DOCUMENTATION: >
#     Tutorials and documentation: 
#     https://www.cosmos.esa.int/web/gaia-users/archive 
# datatype:
# - 
#   name: solution_id
#   datatype: int64
#   description: Solution Identifier
#   meta:
#     ucd: meta.version
# - 
#   name: source_id
#   datatype: int64
#   description: Unique source identifier
#   meta:
#     ucd: meta.id;meta.main
# - 
#   name: global_ranking
#   datatype: float32
#   description: Number between 0 (worst) and 1 (best)
#   meta:
#     ucd: stat.param
# - 
#   name: reference_time
#   datatype: float64
#   unit: d
#   description: Reference time used for the geometric model fit
#   meta:
#     ucd: time.epoch
# - 
#   name: frequency
#   datatype: float64
#   unit: d**-1
#   description: Frequency of geometric model of the eclipsing binary light curve
#   meta:
#     ucd: src.orbital
# - 
#   name: frequency_error
#   datatype: float32
#   unit: d**-1
#   description: "Uncertainty of \\texttt{frequency}"
#   meta:
#     ucd: stat.error
# - 
#   name: geom_model_reference_level
#   datatype: float32
#   unit: mag
#   description: Magnitude reference level of geometric model
#   meta:
#     ucd: phot.mag;em.opt
# - 
#   name: geom_model_reference_level_error
#   datatype: float32
#   unit: mag
#   description: "Uncertainty of \\texttt{geomModelReferenceLevel}"
#   meta:
#     ucd: stat.error;phot.mag;em.opt
# - 
#   name: geom_model_gaussian1_phase
#   datatype: float32
#   description: Phase of the Gaussian 1 component
#   meta:
#     ucd: time.phase
# - 
#   name: geom_model_gaussian1_phase_error
#   datatype: float32
#   description: "Uncertainty of \\texttt{geomModelGaussian1Phase}"
#   meta:
#     ucd: stat.error;time.phase
# - 
#   name: geom_model_gaussian1_sigma
#   datatype: float32
#   description: "Standard deviation [phase] of Gaussian 1 component"
#   meta:
#     ucd: stat.stdev
# - 
#   name: geom_model_gaussian1_sigma_error
#   datatype: float32
#   description: "Uncertainty of \\texttt{geomModelGaussian1Sigma}"
#   meta:
#     ucd: stat.error
# - 
#   name: geom_model_gaussian1_depth
#   datatype: float32
#   unit: mag
#   description: Magnitude depth of Gaussian 1 component
#   meta:
#     ucd: src.var.amplitude
# - 
#   name: geom_model_gaussian1_depth_error
#   datatype: float32
#   unit: mag
#   description: "Uncertainty of \\texttt{geomModelGaussian1Depth}"
#   meta:
#     ucd: stat.error;src.var.amplitude
# - 
#   name: geom_model_gaussian2_phase
#   datatype: float32
#   description: Phase of Gaussian 2 component
#   meta:
#     ucd: time.phase
# - 
#   name: geom_model_gaussian2_phase_error
#   datatype: float32
#   description: "Uncertainty of \\texttt{geomModelGaussian2Phase}"
#   meta:
#     ucd: stat.error;time.phase
# - 
#   name: geom_model_gaussian2_sigma
#   datatype: float32
[...]
#   datatype: float32
#   description: "Secondary eclipse: uncertainty of \\texttt{derivedSecondaryEclDuration}"
#   meta:
#     ucd: stat.error;time.duration
# - 
#   name: derived_secondary_ecl_depth
#   datatype: float32
#   unit: mag
#   description: "Secondary eclipse: depth"
#   meta:
#     ucd: src.var.amplitude
# - 
#   name: derived_secondary_ecl_depth_error
#   datatype: float32
#   unit: mag
#   description: "Secondary eclipse: uncertainty of \\texttt{derivedSecondaryEclDepth}"
#   meta:
#     ucd: stat.error;src.var.amplitude
solution_id,source_id,global_ranking,reference_time,frequency,frequency_error,geom_model_reference_level,geom_model_reference_level_error,geom_model_gaussian1_phase,geom_model_gaussian1_phase_error,geom_model_gaussian1_sigma,geom_model_gaussian1_sigma_error,geom_model_gaussian1_depth,geom_model_gaussian1_depth_error,geom_model_gaussian2_phase,geom_model_gaussian2_phase_error,geom_model_gaussian2_sigma,geom_model_gaussian2_sigma_error,geom_model_gaussian2_depth,geom_model_gaussian2_depth_error,geom_model_cosine_half_period_amplitude,geom_model_cosine_half_period_amplitude_error,geom_model_cosine_half_period_phase,geom_model_cosine_half_period_phase_error,model_type,num_model_parameters,reduced_chi2,derived_primary_ecl_phase,derived_primary_ecl_phase_error,derived_primary_ecl_duration,derived_primary_ecl_duration_error,derived_primary_ecl_depth,derived_primary_ecl_depth_error,derived_secondary_ecl_phase,derived_secondary_ecl_phase_error,derived_secondary_ecl_duration,derived_secondary_ecl_duration_error,derived_secondary_ecl_depth,derived_secondary_ecl_depth_error
[from data line 475]
375316653866487564,4305057278006949632,0.5968914,2144.0686251094894,1.7740088475781914,8.102237E-6,15.276045,0.011995122,0.25852555,0.0025667693,0.10691948,0.005792733,0.2633768,0.011875894,0.73900145,0.0028979853,0.10075632,0.004265604,0.40533975,0.016948773,null,null,null,null,"TWOGAUSSIANS",8,43.427254,0.73900145,0.0028979853,0.4,0.0,0.37711245,0.014894567,0.25853553,0.0025667693,0.4,0.0,0.23514205,0.008228483
375316653866487564,4305057308050220288,0.55878127,2156.467726714161,1.9893159787349166,1.7698942E-5,18.829231,0.008790076,0.21703595,0.0028911883,0.048196714,0.0023625167,0.6475239,0.032462858,0.7179309,0.010856156,0.053306848,0.017960945,0.16141102,0.008563171,null,null,null,null,"TWOGAUSSIANS",8,4.080516,0.21703595,0.0028911883,0.2699016,0.013230093,0.6475207,0.03245773,0.7179309,0.010856156,0.29851836,0.100581296,0.16140784,0.0085675735
375316653866487564,4305057862122587392,0.5306103,2146.636579065755,1.7138453942813945,2.4338779E-5,18.323587,0.002087692,0.085991524,0.042656276,0.014525032,0.010731612,0.038041882,0.20415276,0.8184795,0.0052936887,0.0067196833,0.0018525503,0.5010125,0.4452753,null,null,null,null,"TWOGAUSSIANS",8,3.5007288,0.8184795,0.0052936887,0.037630226,0.010374282,0.5010125,0.4452753,0.085991524,0.042656276,0.08134018,0.060097028,0.038041882,0.20415276
375316653866487564,4305058618036875136,0.4959678,2146.4239724158806,1.5139438755535342,1.6875481E-5,17.247257,0.008529511,0.30597353,0.006097201,0.045940783,0.0073909927,0.09021814,0.022521185,0.8192079,0.0129227815,0.031249996,0.016464828,0.11121303,0.03960067,0.059363253,0.010299526,0.30597353,0.006097201,"TWOGAUSSIANS_WITH_ELLIPSOIDAL_ON_ECLIPSE1",9,27.30838,0.8192079,0.0129227815,0.17499998,0.092203036,0.22912042,0.04690092,0.30597353,0.006097201,0.2572684,0.041389562,0.20894459,0.016579194
375316653866487564,4305058785518885760,0.44024515,2172.040053934283,2.803717595335733,2.7664797E-5,19.034222,0.010127259,null,null,null,null,null,null,null,null,null,null,null,null,0.10618924,0.015323831,0.26101404,0.006845303,"ELLIPSOIDAL",4,13.512808,null,null,null,null,null,null,null,null,null,null,null,null
375316653866487564,4305058789840643200,0.45998797,2147.4299941412005,3.4618148800678705,2.4503051E-5,18.855633,0.0058105947,0.22259071,0.010166098,0.021651573,0.012288576,0.06101935,0.028424907,0.69166785,0.015797589,0.048376936,0.015166361,0.08722106,0.023913473,0.048881322,0.007162349,0.22259071,0.010166098,"TWOGAUSSIANS_WITH_ELLIPSOIDAL_ON_ECLIPSE1",9,3.9019918,0.69692785,0.0107834395,0.27091086,0.08493162,0.18194923,0.02397738,0.22259071,0.010166098,0.12124881,0.06881602,0.15878142,0.024829153
375316653866487564,4305059030353749376,0.48961788,2152.7347838901164,0.3452251075822674,7.974595E-6,14.954846,0.0010911429,0.16370629,0.0057511707,0.045049753,0.0031627838,0.035833567,0.0037387575,0.6655987,0.0014946028,0.05108891,0.0026826127,0.034648106,0.0019764293,null,null,null,null,"TWOGAUSSIANS",8,6.9882326,0.16370629,0.0057511707,0.25227863,0.01771159,0.03583348,0.0037387407,0.6655987,0.0014946028,0.2860979,0.015022632,0.03464802,0.0019764483
375316653866487564,4305061916571772928,0.5862596,2149.111062336519,3.128837690543617,9.940323E-6,18.615456,0.014817227,0.2594319,0.0019580184,0.046464432,0.0044056047,0.33177963,0.040763255,0.7550684,0.0035557158,0.05599273,0.0050241477,0.38270175,0.036496297,0.11219718,0.022163851,0.2594319,0.0019580184,"TWOGAUSSIANS_WITH_ELLIPSOIDAL_ON_ECLIPSE1",9,5.063301,0.75561845,0.003091178,0.3135593,0.028135227,0.606934,0.018460372,0.2594319,0.0019580184,0.2602008,0.024671387,0.5561592,0.025819624
375316653866487564,4305063428400523904,0.57970804,2153.2388701131867,2.4872039197113285,6.0291777E-6,15.101839,0.0162344,0.21193337,0.0015648586,0.0656204,0.00512052,0.26937377,0.03245834,0.71840274,0.0020113403,0.058394104,0.006217828,0.2572285,0.028698567,0.071764246,0.017842626,0.21193337,0.0015648586,"TWOGAUSSIANS_WITH_ELLIPSOIDAL_ON_ECLIPSE1",9,89.715454,0.21193337,0.0015648586,0.36747426,0.028674914,0.4126992,0.0074456246,0.71840274,0.0020113403,0.327007,0.034819838,0.4003169,0.018568845
375316653866487564,4305064527912211712,0.6244351,2133.5992671685194,2.036417405612441,4.3385057E-6,15.606569,0.007917171,0.27579945,0.013638842,0.034139045,0.0076678884,0.13932103,0.026729785,0.74506134,0.0013280839,0.06165509,0.0040598935,0.2891382,0.02459308,0.103338435,0.009369076,0.74506134,0.0013280839,"TWOGAUSSIANS_WITH_ELLIPSOIDAL_ON_ECLIPSE2",9,24.285027,0.74506134,0.0013280839,0.3452685,0.022735404,0.49573752,0.021920003,0.27214944,0.013311119,0.19117863,0.042940177,0.33919692,0.02801402
375316653866487564,4305066001072319616,0.49474946,2161.847849654834,2.6681046432468642,4.259922E-5,19.258081,0.17586024,0.2817424,0.008185137,0.13906118,0.05149569,0.27859417,0.17335005,0.78529644,0.008569946,0.12311545,0.034178067,0.31335562,0.17428277,null,null,null,null,"TWOGAUSSIANS",8,1.8248404,0.78538644,0.008645934,0.4,0.0,0.22154735,0.024148759,0.2817024,0.008138481,0.4,0.0,0.1860793,0.011605318
375316653866487564,4305066619539887872,0.5202527,2163.994175169234,3.2086374687596524,2.1813026E-5,16.740942,0.013079497,0.20930685,0.0043532993,0.10119631,0.009162759,0.16201746,0.01305182,0.7197888,0.0031461997,0.099884644,0.011707536,0.1700012,0.009085426,null,null,null,null,"TWOGAUSSIANS",8,10.944527,0.7197888,0.0031422072,0.4,0.0,0.15677689,0.010380999,0.20930685,0.0043535708,0.4,0.0,0.14879274,0.0054147863
375316653866487564,4305067895166635520,0.5998746,2163.5711425509594,0.8006817858157368,8.322759E-6,17.730492,0.0017838286,0.25795797,0.0013834683,0.037658297,0.0014008916,0.28216755,0.008897885,0.7720941,0.05376133,0.033833474,0.013840268,0.041819837,0.023360346,0.020793015,0.0030548861,0.25795797,0.0013834683,"TWOGAUSSIANS_WITH_ELLIPSOIDAL_ON_ECLIPSE1",9,1.944217,0.25795797,0.0013834683,0.21088646,0.007844993,0.32375357,0.008728222,0.7720941,0.051280916,0.18946746,0.0775055,0.08307865,0.02608261
375316653866487564,4305069819311929600,0.6620551,2151.834768226251,3.5761874388391846,2.5202232E-6,17.460981,0.0063628457,0.28448096,9.106903E-4,0.044838928,0.0016137119,0.56603616,0.024458287,0.78278595,4.938419E-4,0.03903253,0.0010482097,0.5544583,0.01576422,0.13634045,0.0085394485,0.28448096,9.106903E-4,"TWOGAUSSIANS_WITH_ELLIPSOIDAL_ON_ECLIPSE1",9,6.763954,0.28448096,9.106903E-4,0.251098,0.009036787,0.8387169,0.021661902,0.78287596,4.6017923E-4,0.21858217,0.005869975,0.8271099,0.010565406
375316653866487564,4305070364751650688,0.526963,2147.350880606354,2.5952242088724584,1.4383025E-5,17.411234,0.09697911,0.23713602,0.004004724,0.120742366,0.023155356,0.2549048,0.09013016,0.71758485,0.0033224171,0.13634023,0.02928253,0.2588063,0.0933671,null,null,null,null,"TWOGAUSSIANS",8,7.171737,0.71758485,0.0033224171,0.4,0.0,0.1923912,0.009580996,0.23762603,0.0031405455,0.4,0.0,0.18907693,0.009564307
375316653866487564,4305070678305391744,0.43637857,2140.310528067187,2.254883476545773,6.9917514E-5,15.880562,0.18894163,0.21399972,0.007901741,0.17233323,0.03931189,0.312615,0.16781868,0.711101,0.006303139,0.18265857,0.05257093,0.32830018,0.1754945,null,null,null,null,"TWOGAUSSIANS",8,76.84224,0.711101,0.006303139,0.4,0.0,0.10253229,0.011742511,0.21515973,0.008412913,0.4,0.0,0.09305798,0.010171972
375316653866487564,4305070708348938112,0.5610622,2170.455605682671,3.2162023330708833,1.3975065E-5,18.196527,0.029081805,0.27567318,0.002632377,0.10353956,0.008736873,0.3823804,0.024210516,0.7681826,0.0043018977,0.10743678,0.00931578,0.39162794,0.028954782,null,null,null,null,"TWOGAUSSIANS",8,4.4751563,0.7681826,0.0043018977,0.4,0.0,0.34875074,0.013183256,0.2756832,0.0026326943,0.4,0.0,0.33951253,0.015261166
375316653866487564,4305071979658669440,0.4470655,2118.1349027598994,2.9925857806896734,4.1604573E-5,17.121277,0.2857545,0.31941912,0.010593288,0.19335075,0.07215088,0.34241396,0.27232674,0.8169244,0.008842468,0.15848297,0.05080104,0.33538345,0.25016204,null,null,null,null,"TWOGAUSSIANS",8,22.873173,0.8169244,0.008824098,0.4,0.0,0.116787136,0.016375558,0.31996912,0.011204995,0.4,0.0,0.10425922,0.015387139
375316653866487564,4305072155774556928,0.55958474,2149.403984418917,3.394040729877676,9.062791E-6,16.40147,0.02438508,0.2901213,0.0041666827,0.10131522,0.008249073,0.43284938,0.02223971,0.81507504,0.0032219235,0.10162977,0.007623932,0.39571863,0.022108268,null,null,null,null,"TWOGAUSSIANS",8,57.722298,0.29011127,0.0041679153,0.4,0.0,0.40369153,0.011669375,0.81508505,0.0032237056,0.4,0.0,0.36656094,0.010336418
375316653866487564,4305073491494776320,0.56523454,2125.9393348254453,3.053664031736112,9.955883E-6,18.313423,0.0074970187,0.2466683,0.00371428,0.078386754,0.0041921185,0.3458081,0.014814616,0.7450629,0.0020903547,0.078821786,0.0034841949,0.30291015,0.0087866895,null,null,null,null,"TWOGAUSSIANS",8,4.624763,0.2466683,0.00371428,0.4,0.0,0.34182462,0.014612116,0.7450629,0.0020903547,0.4,0.0,0.29892668,0.008347027
375316653866487564,4305073491494793216,0.57034147,2120.2002466913714,3.4168793060759772,1.0890894E-5,17.269531,0.009638348,0.23776414,0.0017398903,0.046203393,0.010121202,0.23161785,0.051312502,0.7416704,0.006619865,0.038116544,0.0071260496,0.13691632,0.027869904,0.10495605,0.014320871,0.23776414,0.0017398903,"TWOGAUSSIANS_WITH_ELLIPSOIDAL_ON_ECLIPSE1",9,12.115045,0.23776414,0.0017398903,0.25873902,0.05667873,0.44152945,0.061012857,0.7416704,0.0065733106,0.21345265,0.039905876,0.3467015,0.014897165
375316653866487564,4305076519461422848,0.66769177,2141.993481738069,2.1312191432516,2.7029484E-6,15.329726,0.010157461,0.19641823,8.4985734E-4,0.048269246,0.002465422,0.34484318,0.023955997,0.6985748,9.3833206E-4,0.058546245,0.0026970608,0.30468786,0.022555448,0.14542437,0.0135223325,0.19641823,8.4985734E-4,"TWOGAUSSIANS_WITH_ELLIPSOIDAL_ON_ECLIPSE1",9,39.431686,0.19641823,8.4985734E-4,0.27030778,0.013806364,0.63566273,0.01392999,0.6985748,9.3833206E-4,0.32785898,0.01510354,0.59545404,0.007824666
375316653866487564,4305076759979546496,0.6395947,2135.5249318226165,3.5783715363996587,3.607001E-6,15.466086,0.009472539,0.2342822,6.398924E-4,0.045895934,0.0024551458,0.33511224,0.02032262,0.7363804,0.0030138034,0.046661165,0.005401668,0.4442411,0.05745668,0.12116513,0.012108869,0.2342822,6.398924E-4,"TWOGAUSSIANS_WITH_ELLIPSOIDAL_ON_ECLIPSE1",9,41.871002,0.7363804,0.0030138034,0.26130253,0.030249342,0.6865285,0.066271015,0.2342822,6.398924E-4,0.25701723,0.013748817,0.5774418,0.006317933
375316653866487564,4305076966137981824,0.64125544,2139.4604008744736,1.2267882428758368,5.4669335E-6,16.235302,0.0025736706,0.25389975,0.0012686868,0.05542647,0.003540341,0.10122486,0.005965372,0.75145984,0.008428467,0.047142696,0.008442286,0.05599022,0.012933296,0.07496423,0.0034290296,0.25389975,0.0012686868,"TWOGAUSSIANS_WITH_ELLIPSOIDAL_ON_ECLIPSE1",9,3.293722,0.25389975,0.0012686868,0.31038824,0.01982591,0.25114933,0.0021972677,0.7522398,0.0059510865,0.2639991,0.047276802,0.20589072,0.012791904
375316653866487564,4305077374145455744,0.57535535,2150.191763777613,4.275382555062007,6.419383E-6,19.205027,0.013137932,0.30641702,0.003127278,0.0722638,0.0023182028,0.6212899,0.030457886,0.79408044,0.0021529233,0.07106713,0.0047164094,0.50140524,0.022673823,null,null,null,null,"TWOGAUSSIANS",8,2.3557136,0.30641702,0.003127278,0.4,5.6845177E-4,0.6194129,0.030266348,0.79408044,0.0021529233,0.39797592,0.010106865,0.49952826,0.02301842
375316653866487564,4305077855181957120,0.5851846,2123.0650042805078,2.5023339572110967,1.0936873E-5,17.055994,0.017915219,0.2302394,0.0030474619,0.06295833,0.00838171,0.29965466,0.046252098,0.7433647,0.0030732753,0.048739262,0.0064702053,0.28478536,0.03447508,0.109776296,0.021284372,0.2302394,0.0030474619,"TWOGAUSSIANS_WITH_ELLIPSOIDAL_ON_ECLIPSE1",9,26.599485,0.2302394,0.0030474619,0.35256663,0.046937577,0.5190954,0.02498685,0.7433647,0.0030732753,0.27293986,0.03623315,0.50273633,0.010963174
375316653866487564,4305080161593687680,0.6609822,2165.296077270659,2.6989055348502746,3.200684E-6,16.785667,0.0049072965,0.2691703,7.6188194E-4,0.04582619,0.002756689,0.18690577,0.012232135,0.7666015,0.0010934117,0.044352695,0.0018599306,0.23616596,0.011294447,0.13803901,0.0067374404,0.2691703,7.6188194E-4,"TWOGAUSSIANS_WITH_ELLIPSOIDAL_ON_ECLIPSE1",9,5.5329084,0.7669915,9.291104E-4,0.2483751,0.010415611,0.5121828,0.005630969,0.2691703,7.6188194E-4,0.25662667,0.015437459,0.46298346,0.009280083
375316653866487564,4305080848788698752,0.6415172,2157.779483536011,0.7800816656496572,5.636571E-6,13.543747,0.0030842745,0.30472696,4.7974964E-4,0.037805922,8.5822924E-4,0.70452744,0.016652012,0.80198556,0.004884066,0.0399632,0.0036235973,0.052872922,0.008672202,0.018827705,0.0037310862,0.80198556,0.004884066,"TWOGAUSSIANS_WITH_ELLIPSOIDAL_ON_ECLIPSE2",9,85.66286,0.30470696,4.6759387E-4,0.21171318,0.0048060836,0.7421717,0.018971547,0.80198556,0.004884066,0.22379394,0.020292144,0.090528324,0.004465756
375316653866487564,4305081123666642048,0.51137537,2174.89064632053,2.5621235808126395,1.3639663E-5,15.594627,0.030954124,0.2743742,0.0032515607,0.09765149,0.009153295,0.33782592,0.028122107,0.7686109,0.0062000123,0.104755394,0.014814517,0.30033186,0.028737126,null,null,null,null,"TWOGAUSSIANS",8,159.44191,0.2743742,0.003245667,0.4,0.0,0.3098532,0.014091457,0.7686109,0.0062000123,0.4,0.0,0.27235356,0.011123135
375316653866487564,4305081192386065536,0.5560294,2158.7234395249043,0.28093378729426743,2.8958748E-6,15.545622,0.0027417873,0.30716005,0.011813516,0.016414547,0.0065186173,0.25441217,0.11163498,0.80734247,0.0017742651,0.0166917,0.0012566125,0.25141463,0.011967772,0.011827005,0.004147001,0.30716005,0.011813516,"TWOGAUSSIANS_WITH_ELLIPSOIDAL_ON_ECLIPSE1",9,44.141594,0.30716005,0.011813516,0.09192147,0.036504254,0.2780662,0.11263562,0.80734247,0.001773406,0.09347352,0.0070370296,0.27506858,0.013071319
375316653866487564,4305082257538019968,0.64400816,2156.968939973783,0.6559550109195943,4.7999965E-6,17.472834,0.0021902537,0.19490929,0.0015925429,0.027510619,0.0025579447,0.08563745,0.0056946278,0.6958991,5.4619263E-4,0.027456466,4.4360993E-4,0.6483812,0.008445381,0.018664652,0.0034763925,0.19490929,0.0015925429,"TWOGAUSSIANS_WITH_ELLIPSOIDAL_ON_ECLIPSE1",9,2.9488056,0.6958991,5.4619263E-4,0.1537562,0.0024842154,0.68570906,0.008685033,0.19490929,0.0015925429,0.15405947,0.014324491,0.12296675,0.004886252
375316653866487564,4305083013435223936,0.4413437,2177.1416699387178,3.5361935546289516,6.062234E-5,18.635086,0.0052464283,0.24755368,0.009811251,0.03018036,0.007958631,0.026964113,0.020627024,null,null,null,null,null,null,0.057492282,0.0081474865,0.24755368,0.009811251,"ONEGAUSSIAN_WITH_ELLIPSOIDAL",6,10.460771,0.24755368,0.009811251,0.16901001,0.044568334,0.14194866,0.020061387,null,null,null,null,null,null
375316653866487564,4305083593251151360,0.54069805,2164.3242338249224,2.7496058203971767,1.4315927E-5,18.110147,0.0052113384,0.14076944,0.00420486,0.069197364,0.0055204616,0.2131139,0.013009616,0.633873,0.0027437788,0.09171592,0.003436681,0.4103988,0.011105404,null,null,null,null,"TWOGAUSSIANS",8,7.217715,0.633873,0.0027437788,0.4,0.0,0.40611392,0.011289981,0.14076944,0.00420486,0.38750523,0.02939698,0.20882933,0.013523973
375316653866487564,4305084727122554368,0.57988656,2180.936829526584,3.3269070447446425,8.020245E-6,18.145983,0.0039324,0.20677397,0.0035065862,0.07710762,0.0050944895,0.36190295,0.008454791,0.7121085,0.0020219574,0.07867065,0.0034397568,0.27560714,0.007962458,null,null,null,null,"TWOGAUSSIANS",8,3.3407984,0.20677397,0.0035065862,0.4,0.0,0.3586345,0.008807442,0.7121085,0.0020219574,0.4,0.0,0.27233872,0.00828574
