Gaia/vari_eclipsing_binary/VariEclipsingBinary_459053-459066.csv
# %ECSV 1.0
# ---
# delimiter: ','
# meta: !!omap
# - RELEASE: Gaia DR3
# - TABLE: vari_eclipsing_binary
# - DESCRIPTION: >
#     This table describes the properties of the eclipsing binaries resulting from the variability analysis. 
# - CITATION: >
#     How to cite and acknowledge Gaia: 
#     https://gea.esac.esa.int/archive/documentation/credits.html 
# - KNOWN_ISSUES: >
#     Known issues: 
#     https://www.cosmos.esa.int/web/gaia-users/known-issues 
# - DOCUMENTATION: >
#     Tutorials and documentation: 
#     https://www.cosmos.esa.int/web/gaia-users/archive 
# datatype:
# - 
#   name: solution_id
#   datatype: int64
#   description: Solution Identifier
#   meta:
#     ucd: meta.version
# - 
#   name: source_id
#   datatype: int64
#   description: Unique source identifier
#   meta:
#     ucd: meta.id;meta.main
# - 
#   name: global_ranking
#   datatype: float32
#   description: Number between 0 (worst) and 1 (best)
#   meta:
#     ucd: stat.param
# - 
#   name: reference_time
#   datatype: float64
#   unit: d
#   description: Reference time used for the geometric model fit
#   meta:
#     ucd: time.epoch
# - 
#   name: frequency
#   datatype: float64
#   unit: d**-1
#   description: Frequency of geometric model of the eclipsing binary light curve
#   meta:
#     ucd: src.orbital
# - 
#   name: frequency_error
#   datatype: float32
#   unit: d**-1
#   description: "Uncertainty of \\texttt{frequency}"
#   meta:
#     ucd: stat.error
# - 
#   name: geom_model_reference_level
#   datatype: float32
#   unit: mag
#   description: Magnitude reference level of geometric model
#   meta:
#     ucd: phot.mag;em.opt
# - 
#   name: geom_model_reference_level_error
#   datatype: float32
#   unit: mag
#   description: "Uncertainty of \\texttt{geomModelReferenceLevel}"
#   meta:
#     ucd: stat.error;phot.mag;em.opt
# - 
#   name: geom_model_gaussian1_phase
#   datatype: float32
#   description: Phase of the Gaussian 1 component
#   meta:
#     ucd: time.phase
# - 
#   name: geom_model_gaussian1_phase_error
#   datatype: float32
#   description: "Uncertainty of \\texttt{geomModelGaussian1Phase}"
#   meta:
#     ucd: stat.error;time.phase
# - 
#   name: geom_model_gaussian1_sigma
#   datatype: float32
#   description: "Standard deviation [phase] of Gaussian 1 component"
#   meta:
#     ucd: stat.stdev
# - 
#   name: geom_model_gaussian1_sigma_error
#   datatype: float32
#   description: "Uncertainty of \\texttt{geomModelGaussian1Sigma}"
#   meta:
#     ucd: stat.error
# - 
#   name: geom_model_gaussian1_depth
#   datatype: float32
#   unit: mag
#   description: Magnitude depth of Gaussian 1 component
#   meta:
#     ucd: src.var.amplitude
# - 
#   name: geom_model_gaussian1_depth_error
#   datatype: float32
#   unit: mag
#   description: "Uncertainty of \\texttt{geomModelGaussian1Depth}"
#   meta:
#     ucd: stat.error;src.var.amplitude
# - 
#   name: geom_model_gaussian2_phase
#   datatype: float32
#   description: Phase of Gaussian 2 component
#   meta:
#     ucd: time.phase
# - 
#   name: geom_model_gaussian2_phase_error
#   datatype: float32
#   description: "Uncertainty of \\texttt{geomModelGaussian2Phase}"
#   meta:
#     ucd: stat.error;time.phase
# - 
#   name: geom_model_gaussian2_sigma
#   datatype: float32
[...]
#   datatype: float32
#   description: "Secondary eclipse: uncertainty of \\texttt{derivedSecondaryEclDuration}"
#   meta:
#     ucd: stat.error;time.duration
# - 
#   name: derived_secondary_ecl_depth
#   datatype: float32
#   unit: mag
#   description: "Secondary eclipse: depth"
#   meta:
#     ucd: src.var.amplitude
# - 
#   name: derived_secondary_ecl_depth_error
#   datatype: float32
#   unit: mag
#   description: "Secondary eclipse: uncertainty of \\texttt{derivedSecondaryEclDepth}"
#   meta:
#     ucd: stat.error;src.var.amplitude
solution_id,source_id,global_ranking,reference_time,frequency,frequency_error,geom_model_reference_level,geom_model_reference_level_error,geom_model_gaussian1_phase,geom_model_gaussian1_phase_error,geom_model_gaussian1_sigma,geom_model_gaussian1_sigma_error,geom_model_gaussian1_depth,geom_model_gaussian1_depth_error,geom_model_gaussian2_phase,geom_model_gaussian2_phase_error,geom_model_gaussian2_sigma,geom_model_gaussian2_sigma_error,geom_model_gaussian2_depth,geom_model_gaussian2_depth_error,geom_model_cosine_half_period_amplitude,geom_model_cosine_half_period_amplitude_error,geom_model_cosine_half_period_phase,geom_model_cosine_half_period_phase_error,model_type,num_model_parameters,reduced_chi2,derived_primary_ecl_phase,derived_primary_ecl_phase_error,derived_primary_ecl_duration,derived_primary_ecl_duration_error,derived_primary_ecl_depth,derived_primary_ecl_depth_error,derived_secondary_ecl_phase,derived_secondary_ecl_phase_error,derived_secondary_ecl_duration,derived_secondary_ecl_duration_error,derived_secondary_ecl_depth,derived_secondary_ecl_depth_error
[from data line 518]
375316653866487564,4037953502453912704,0.43305713,2485.5656291557693,4.039530657855189,1.7790173E-5,18.110926,0.015234904,0.0460201,0.0054033855,0.010522333,0.0034552487,0.5290951,0.20485692,0.30933353,0.051193222,0.04853746,0.056690793,0.14549245,0.035710834,null,null,null,null,"TWOGAUSSIANS",8,7.8881435,0.0460201,0.005403338,0.058925062,0.019349393,0.5290952,0.2048707,0.30933353,0.051193222,0.27180976,0.13360576,0.14549245,0.035712555
375316653866487564,4037953536751927680,0.5030298,2436.3274673668698,0.006440545724776135,2.4055907E-5,18.23582,0.0210963,0.1961155,0.003576841,0.06600495,0.0068784948,0.7007688,0.159815,0.772392,0.0141358785,0.1197085,0.018082984,0.20973021,0.03750812,null,null,null,null,"TWOGAUSSIANS",8,4.829866,0.19604549,0.0034877602,0.3696277,0.038519572,0.6963617,0.16290407,0.772392,0.0141358785,0.4,0.0,0.2049217,0.037602603
375316653866487564,4037953674191088768,0.5531326,2405.071638289286,3.0477622966774205,6.7212586E-6,19.036287,0.0074879383,0.18745548,0.0025299496,0.071101144,0.0028274548,0.49983862,0.012726164,0.6829039,0.0026951618,0.07701252,0.0038911032,0.41489354,0.023183191,null,null,null,null,"TWOGAUSSIANS",8,2.4797437,0.18745548,0.0025299496,0.39816642,0.010638216,0.4971018,0.0123732,0.6829039,0.0026951618,0.4,0.0,0.4121567,0.023799209
375316653866487564,4037953944750202112,0.44810888,2396.1091973617154,2.1567491405908656,4.2490672E-5,17.886679,0.03668798,0.16804768,0.011055946,0.08723702,0.020268062,0.20458917,0.03653861,0.66169935,0.01138603,0.096256666,0.026447816,0.22093634,0.032217216,null,null,null,null,"TWOGAUSSIANS",8,31.13067,0.66169935,0.01138603,0.4,0.0,0.21148768,0.027237192,0.16804768,0.011055935,0.4,0.0,0.19514112,0.024518766
375316653866487564,4037954155226965504,0.45452836,2407.080282152054,1.7830462996985708,1.9356578E-4,18.745228,0.006622535,0.2797588,0.0028108964,0.030066552,0.0029983695,0.16887802,0.0097300485,0.7678653,0.016124494,0.06092421,0.018972263,0.12174663,0.035985403,null,null,null,null,"TWOGAUSSIANS",8,4.698027,0.2797588,0.0028108964,0.16837269,0.01679087,0.16887799,0.0097298855,0.7678653,0.016124494,0.34117556,0.10568344,0.1217466,0.035985507
375316653866487564,4037954430102800768,0.44511053,2375.6621076366614,2.7738975367655083,7.698873E-5,18.761992,0.014580088,0.25247964,0.009111184,0.056488838,0.013364474,0.19139613,0.04012296,0.7653333,0.010749808,0.05648221,0.012799211,0.3279759,0.104349814,null,null,null,null,"TWOGAUSSIANS",8,10.079663,0.7653333,0.010749808,0.31630036,0.071675576,0.32795915,0.10438102,0.25247964,0.009111184,0.3163375,0.07484105,0.19137938,0.04014874
375316653866487564,4037954464462817792,0.43218455,2407.582895703737,2.9796829926355444,1.9611813E-5,19.675014,0.010215222,null,null,null,null,null,null,null,null,null,null,null,null,0.1514856,0.022115579,0.14172116,0.006631767,"ELLIPSOIDAL",4,4.4224014,null,null,null,null,null,null,null,null,null,null,null,null
375316653866487564,4037954498886147584,0.6367418,2372.948563082702,2.53097522833829,4.7670574E-6,15.418728,0.013009315,0.26260743,0.0017415513,0.06600551,0.009188705,0.13972662,0.026800588,0.759267,0.0061556855,0.049731683,0.009970251,0.22324258,0.030652057,0.11892077,0.014945902,0.26260743,0.0017415513,"TWOGAUSSIANS_WITH_ELLIPSOIDAL_ON_ECLIPSE1",9,26.177233,0.7598469,0.005522506,0.27849743,0.055833407,0.46088994,0.029691873,0.26260743,0.0017415513,0.36963087,0.051456746,0.37746072,0.0051408806
375316653866487564,4037954533182713728,0.5518038,2431.7481293629626,0.018599572960202707,1.794922E-5,18.96042,0.033079665,0.36295602,0.05962737,0.075356126,0.02855072,0.18513288,0.11850181,0.7849824,0.010747738,0.107503146,0.014303424,0.37896955,0.039314076,null,null,null,null,"TWOGAUSSIANS",8,1.8757749,0.7849824,0.010747738,0.4,0.0,0.37521514,0.035324134,0.363146,0.060154926,0.4,0.07099537,0.1815499,0.119697146
375316653866487564,4037954567542370816,0.5164858,2379.865072953062,3.2333933827412245,1.485782E-5,19.192553,0.018041192,0.23773111,0.0053323144,0.08029482,0.0075154994,0.3714494,0.027407309,0.7402926,0.0037909923,0.08130726,0.0074292757,0.30043525,0.01661419,null,null,null,null,"TWOGAUSSIANS",8,2.7680652,0.23773111,0.0053323144,0.4,0.0,0.36615086,0.02632853,0.7402926,0.0037909923,0.4,0.0,0.2951367,0.013400673
375316653866487564,4037954808060069504,0.5143944,2365.685935881806,3.3962229075803285,2.0241294E-5,19.563475,0.023783801,0.20558147,0.008072943,0.077769026,0.011318532,0.36146533,0.03618055,0.7044475,0.003847525,0.07506256,0.008424908,0.47810024,0.02785711,null,null,null,null,"TWOGAUSSIANS",8,3.1783097,0.7044475,0.003847525,0.4,0.009981113,0.47426808,0.02769783,0.20558147,0.008072943,0.4,0.009211293,0.3576332,0.036019478
375316653866487564,4037955323457161344,0.49888462,2476.98145175134,4.007514435730609,1.3214144E-5,17.866728,0.017652214,0.17612457,0.0032561938,0.06542255,0.0063274037,0.5235169,0.06729127,0.88367194,0.007917156,0.03188604,0.004594782,0.6344609,0.2301962,null,null,null,null,"TWOGAUSSIANS",8,1.6376611,0.88367194,0.007924356,0.17856184,0.02573078,0.6344849,0.23017891,0.17612457,0.0032561938,0.3663663,0.03543346,0.5235169,0.06729127
375316653866487564,4037955357879684224,0.5823403,2399.87999719845,2.6313472296721057,8.287665E-6,16.086184,0.031093335,0.24296084,0.003903822,0.05176478,0.007210664,0.3981798,0.07608989,0.7362298,0.0026040087,0.052317288,0.009533862,0.42052877,0.0678186,0.097349964,0.044303514,0.7362298,0.0026040087,"TWOGAUSSIANS_WITH_ELLIPSOIDAL_ON_ECLIPSE2",9,118.07655,0.7362298,0.0026040087,0.2929768,0.053389624,0.61522174,0.025764922,0.24233085,0.0036003245,0.28988275,0.040379718,0.5925573,0.036452945
375316653866487564,4037955563976112896,0.5384576,2381.0510579208385,3.2795536561814203,1.460888E-5,19.282051,0.014596909,0.26879737,0.0073612668,0.0738355,0.005319263,0.4619315,0.033569448,0.7743363,0.0043680584,0.06515348,0.005525683,0.4261213,0.020454891,null,null,null,null,"TWOGAUSSIANS",8,3.815066,0.26879737,0.0073612668,0.4,0.0020016409,0.4607413,0.03353103,0.7743363,0.0043680584,0.36485946,0.030943824,0.4249311,0.020349298
375316653866487564,4037955873214462976,0.51454467,2410.5662355607406,0.038239613970152714,3.613445E-5,19.63904,0.039284594,0.19631456,0.025592348,0.06584293,0.020234635,0.6435991,0.21400912,0.9182705,0.01913671,0.04957983,0.04551867,0.090590395,0.08020798,null,null,null,null,"TWOGAUSSIANS",8,2.029884,0.19631456,0.025592348,0.36872038,0.11304737,0.64359915,0.21400915,0.9184205,0.018980727,0.27764705,0.25490457,0.09067719,0.08033081
375316653866487564,4037956079371940608,0.55292964,2333.8560059904275,3.3176153937720483,1.653118E-5,19.202084,0.012429801,0.25129485,0.003984572,0.078648135,0.005164522,0.41183227,0.012783421,0.7541502,0.002223798,0.07826292,0.004310134,0.3988576,0.014742468,null,null,null,null,"TWOGAUSSIANS",8,1.9613671,0.25129485,0.003984572,0.4,0.0,0.40706053,0.0110543985,0.7541502,0.002223798,0.4,0.0,0.39408585,0.01385595
375316653866487564,4037956178136875264,0.5690181,2408.137272221289,1.9932115827414392,1.0745382E-5,16.840271,0.0054667527,0.16029808,0.019959357,0.05823841,0.014591247,0.14800125,0.0079643,0.695985,0.0037673505,0.08819139,0.0035757823,0.29652292,0.0082188565,null,null,null,null,"TWOGAUSSIANS",8,7.9120708,0.695985,0.0037673505,0.4,0.0,0.2959766,0.008175561,0.16029808,0.019959357,0.3261351,0.08171098,0.14745525,0.007545957
375316653866487564,4037956182451763968,0.58031833,2343.2001580619212,2.059056781416645,9.475185E-6,18.244984,0.011758944,0.3045583,0.004555596,0.039977636,0.0046882783,0.13565488,0.033269826,0.80739725,0.0029338466,0.03678057,0.005878306,0.21035983,0.03044267,0.13050783,0.014636238,0.3045583,0.004555596,"TWOGAUSSIANS_WITH_ELLIPSOIDAL_ON_ECLIPSE1",9,5.7933598,0.80739725,0.0029079379,0.20597118,0.032918513,0.47129244,0.024749156,0.3045583,0.004555596,0.22387476,0.026254358,0.39667052,0.015042662
375316653866487564,4037956251171820544,0.5793987,2370.7363864102153,3.818466806627689,7.5102885E-6,19.0981,0.028493175,0.31115812,0.00501414,0.051852144,0.009052888,0.47561657,0.09012181,0.80517906,0.0069122533,0.038731374,0.009949786,0.4294744,0.07797871,0.14093025,0.0445775,0.31115812,0.00501414,"TWOGAUSSIANS_WITH_ELLIPSOIDAL_ON_ECLIPSE1",9,3.9632146,0.31115812,0.00501414,0.290372,0.050696168,0.75747275,0.050149668,0.80560905,0.0062703737,0.21689568,0.055718802,0.71096164,0.055795137
375316653866487564,4037956487369106432,0.51627886,2420.28767529983,1.3929876792435303,1.4523807E-5,16.69308,0.03431455,0.29770324,0.003934743,0.13041073,0.034357034,0.08656268,0.03262124,0.7939521,0.0053875367,0.115312725,0.028409941,0.08687677,0.03131844,null,null,null,null,"TWOGAUSSIANS",8,2.6065152,0.7939521,0.0053875367,0.4,0.0,0.065835014,0.00582308,0.29771325,0.0039349403,0.4,0.0,0.065423526,0.0027475804
375316653866487564,4037956629128945024,0.5192236,2406.6191092240497,2.7420839414288563,1.1777139E-5,18.46523,0.012371181,0.23352642,0.0042973445,0.07829769,0.007770679,0.27980614,0.014312539,0.73412615,0.0037698306,0.07446016,0.0042687897,0.34293804,0.014253703,null,null,null,null,"TWOGAUSSIANS",8,6.3311596,0.73412615,0.0037698306,0.4,0.0,0.34006387,0.012804342,0.23352642,0.0042973445,0.4,0.0,0.27693197,0.0144481575
375316653866487564,4037956663488948352,0.4857346,2398.5528205758883,2.025507220534845,3.671959E-5,19.405848,0.0072693885,0.43102837,0.008088089,0.029415028,0.0074415323,0.060447603,0.020220526,0.7443277,0.011034508,0.03691105,0.00926187,0.60693276,0.33549383,null,null,null,null,"TWOGAUSSIANS",8,2.2602842,0.7443277,0.011034508,0.2067019,0.051866468,0.60693276,0.33549383,0.43102837,0.008088089,0.16472416,0.04167258,0.060447603,0.020220526
375316653866487564,4037956766568742272,0.51561046,2435.299317442598,2.9579939009112683,1.6238138E-5,18.623539,0.002821592,null,null,null,null,null,null,null,null,null,null,null,null,0.10194087,0.0032828662,0.2856019,0.004055167,"ELLIPSOIDAL",4,3.0491292,null,null,null,null,null,null,null,null,null,null,null,null
375316653866487564,4037956766568748928,0.5389513,2399.4621916076753,2.7161289696216566,1.9393958E-5,19.57688,0.014468072,0.24237593,0.0038045442,0.065090425,0.0077512036,0.5289094,0.07596362,0.7416278,0.0016765735,0.065517984,0.0029745726,0.68561167,0.051000815,null,null,null,null,"TWOGAUSSIANS",8,3.0567937,0.7416278,0.0016765735,0.3669007,0.016657606,0.6848376,0.051064853,0.24237593,0.0038045442,0.3645064,0.04340674,0.5281353,0.07655992
375316653866487564,4037956904007790592,0.53032064,2446.6212749176057,2.1664932492907725,1.1840775E-5,17.758253,0.012535052,0.17402174,0.00384721,0.08932291,0.0065791896,0.2686932,0.012416802,0.67929417,0.0039540036,0.090383135,0.0050649894,0.34041774,0.016654534,null,null,null,null,"TWOGAUSSIANS",8,10.237283,0.67929417,0.0039540036,0.4,0.0,0.32880485,0.014911317,0.17402174,0.00384721,0.4,0.0,0.25708038,0.010348938
375316653866487564,4037957071514948608,0.4433826,2446.420836843763,0.025636854184875633,2.1798083E-5,18.631853,0.020602297,0.3105998,0.0251962,0.05994308,0.04489967,0.2845486,0.080860764,0.751157,0.0045850095,0.039634477,0.005099107,0.29485974,0.024219891,null,null,null,null,"TWOGAUSSIANS",8,4.5159454,0.751157,0.0045850095,0.22195308,0.028554998,0.29485968,0.024181843,0.3105998,0.0251962,0.33568126,0.095904686,0.28454855,0.08098405
375316653866487564,4037957144524961024,0.56719744,2419.510867350539,2.818168882458045,6.869344E-6,18.919718,0.012735179,0.25759184,0.0023081622,0.06490615,0.0026930475,0.5772229,0.020891163,0.75249064,0.00261232,0.06706062,0.0027344692,0.6570986,0.021310389,null,null,null,null,"TWOGAUSSIANS",8,3.9914227,0.75249064,0.00261232,0.37553945,0.015313027,0.65628624,0.021214783,0.25759184,0.0023081622,0.36347443,0.015081066,0.57641053,0.020772038
375316653866487564,4037957659922872704,0.44108716,2468.9812181524776,4.1307736789301455,4.167797E-5,19.291624,0.0143173,0.34383696,0.009657876,0.04926165,0.0052918466,0.377697,0.036576338,0.83812726,0.023501359,0.07845425,0.042775687,0.07837306,0.102520615,null,null,null,null,"TWOGAUSSIANS",8,5.6216903,0.34383696,0.009657876,0.27586523,0.029634342,0.3775902,0.036365543,0.83812726,0.023501359,0.4,0.12778154,0.07826626,0.10263661
375316653866487564,4037957861758967680,0.6642408,2445.346037518482,3.250094941155294,4.2825177E-6,16.24563,0.0043812543,0.2887042,9.107628E-4,0.04481685,0.0011490039,0.5132766,0.019365817,0.79132503,8.530042E-4,0.041281696,0.002059919,0.42259023,0.016864633,0.14265049,0.007887609,0.79132503,8.530042E-4,"TWOGAUSSIANS_WITH_ELLIPSOIDAL_ON_ECLIPSE2",9,17.528809,0.28891417,8.1943395E-4,0.25097436,0.0064344215,0.79850584,0.018535446,0.79132503,8.530042E-4,0.2311775,0.011535547,0.70789057,0.0181501
375316653866487564,4037957861788684416,0.611398,2430.171950676884,0.9269379607816426,9.594053E-6,18.18684,0.0043177353,0.30393696,0.0023257397,0.028737472,0.001475541,0.79778576,0.020644654,0.8060392,0.0054350593,0.025080081,0.005218169,0.12652588,0.02861285,0.023613382,0.007204429,0.30393696,0.0023257397,"TWOGAUSSIANS_WITH_ELLIPSOIDAL_ON_ECLIPSE1",9,4.3934307,0.30393696,0.0023257397,0.16092984,0.00826303,0.8450125,0.017079938,0.8060392,0.0054238182,0.14044845,0.029221749,0.17374438,0.027034046
375316653866487564,4037957964843026944,0.5750911,2442.7927298623235,1.3196636115963807,4.293056E-6,17.429258,0.002551754,0.23874123,0.005043806,0.050415475,0.0063723847,0.085555494,0.0075688898,0.7447816,5.810763E-4,0.043093514,0.0015256697,0.4630466,0.024919992,null,null,null,null,"TWOGAUSSIANS",8,3.3502831,0.7447816,5.810763E-4,0.24132366,0.00854375,0.46304643,0.02492011,0.23874123,0.005043806,0.28232667,0.035685353,0.08555534,0.007569037
375316653866487564,4037958072240676992,0.45051435,2424.080971921147,3.9205429066437074,2.948438E-5,18.679037,0.011061441,0.2077296,0.0015454842,0.030882522,0.002829502,0.47116533,0.052560743,0.5091421,0.013508376,0.08986295,0.014065862,0.15573785,0.021441378,null,null,null,null,"TWOGAUSSIANS",8,4.357288,0.2077696,0.0015247212,0.17294213,0.015845211,0.4717273,0.05232503,0.5091421,0.013508376,0.4,0.0,0.15573779,0.021441372
375316653866487564,4037958140958990464,0.43335217,2432.0987191397644,2.8949088192792587,5.6541583E-5,18.930677,0.62973577,0.27975738,0.0081022475,0.1912159,0.22480963,0.26195195,0.6228046,0.78812426,0.008271171,0.110613614,0.053119726,0.2949439,0.27919152,null,null,null,null,"TWOGAUSSIANS",8,5.838132,0.7891942,0.0077109085,0.4,0.0,0.18735477,0.032154802,0.2797174,0.008011508,0.4,0.0,0.13711764,0.023103558
375316653866487564,4037958244038442368,0.43866655,2501.389304913882,1.9754348458950104,4.506909E-5,19.16178,0.0066251084,0.30784756,0.016318997,0.024436912,0.0128984,0.21997213,0.31790656,0.84157544,0.02228263,0.03592807,0.010136449,0.4342522,0.33712688,null,null,null,null,"TWOGAUSSIANS",8,3.1279511,0.84157544,0.02228263,0.20119719,0.056764115,0.4342522,0.33712688,0.30784756,0.016318997,0.1368467,0.07223105,0.21997213,0.31790656
375316653866487564,4037958308435744128,0.59088904,2436.9238627753803,2.8292921849412527,7.502572E-6,12.634245,0.41493806,0.24992709,0.0031254815,0.15255217,0.08221778,0.24088417,0.40430424,0.7537629,0.0029888873,0.13568161,0.041573595,0.2467619,0.33846098,null,null,null,null,"TWOGAUSSIANS",8,68.302124,0.7540529,0.0026563972,0.4,0.0,0.14356777,0.004243855,0.2497771,0.0030053505,0.4,0.0,0.13600127,0.0052440423
