Gaia/vari_eclipsing_binary/VariEclipsingBinary_667692-667721.csv
# %ECSV 1.0
# ---
# delimiter: ','
# meta: !!omap
# - RELEASE: Gaia DR3
# - TABLE: vari_eclipsing_binary
# - DESCRIPTION: >
#     This table describes the properties of the eclipsing binaries resulting from the variability analysis. 
# - CITATION: >
#     How to cite and acknowledge Gaia: 
#     https://gea.esac.esa.int/archive/documentation/credits.html 
# - KNOWN_ISSUES: >
#     Known issues: 
#     https://www.cosmos.esa.int/web/gaia-users/known-issues 
# - DOCUMENTATION: >
#     Tutorials and documentation: 
#     https://www.cosmos.esa.int/web/gaia-users/archive 
# datatype:
# - 
#   name: solution_id
#   datatype: int64
#   description: Solution Identifier
#   meta:
#     ucd: meta.version
# - 
#   name: source_id
#   datatype: int64
#   description: Unique source identifier
#   meta:
#     ucd: meta.id;meta.main
# - 
#   name: global_ranking
#   datatype: float32
#   description: Number between 0 (worst) and 1 (best)
#   meta:
#     ucd: stat.param
# - 
#   name: reference_time
#   datatype: float64
#   unit: d
#   description: Reference time used for the geometric model fit
#   meta:
#     ucd: time.epoch
# - 
#   name: frequency
#   datatype: float64
#   unit: d**-1
#   description: Frequency of geometric model of the eclipsing binary light curve
#   meta:
#     ucd: src.orbital
# - 
#   name: frequency_error
#   datatype: float32
#   unit: d**-1
#   description: "Uncertainty of \\texttt{frequency}"
#   meta:
#     ucd: stat.error
# - 
#   name: geom_model_reference_level
#   datatype: float32
#   unit: mag
#   description: Magnitude reference level of geometric model
#   meta:
#     ucd: phot.mag;em.opt
# - 
#   name: geom_model_reference_level_error
#   datatype: float32
#   unit: mag
#   description: "Uncertainty of \\texttt{geomModelReferenceLevel}"
#   meta:
#     ucd: stat.error;phot.mag;em.opt
# - 
#   name: geom_model_gaussian1_phase
#   datatype: float32
#   description: Phase of the Gaussian 1 component
#   meta:
#     ucd: time.phase
# - 
#   name: geom_model_gaussian1_phase_error
#   datatype: float32
#   description: "Uncertainty of \\texttt{geomModelGaussian1Phase}"
#   meta:
#     ucd: stat.error;time.phase
# - 
#   name: geom_model_gaussian1_sigma
#   datatype: float32
#   description: "Standard deviation [phase] of Gaussian 1 component"
#   meta:
#     ucd: stat.stdev
# - 
#   name: geom_model_gaussian1_sigma_error
#   datatype: float32
#   description: "Uncertainty of \\texttt{geomModelGaussian1Sigma}"
#   meta:
#     ucd: stat.error
# - 
#   name: geom_model_gaussian1_depth
#   datatype: float32
#   unit: mag
#   description: Magnitude depth of Gaussian 1 component
#   meta:
#     ucd: src.var.amplitude
# - 
#   name: geom_model_gaussian1_depth_error
#   datatype: float32
#   unit: mag
#   description: "Uncertainty of \\texttt{geomModelGaussian1Depth}"
#   meta:
#     ucd: stat.error;src.var.amplitude
# - 
#   name: geom_model_gaussian2_phase
#   datatype: float32
#   description: Phase of Gaussian 2 component
#   meta:
#     ucd: time.phase
# - 
#   name: geom_model_gaussian2_phase_error
#   datatype: float32
#   description: "Uncertainty of \\texttt{geomModelGaussian2Phase}"
#   meta:
#     ucd: stat.error;time.phase
# - 
#   name: geom_model_gaussian2_sigma
#   datatype: float32
[...]
#   datatype: float32
#   description: "Secondary eclipse: uncertainty of \\texttt{derivedSecondaryEclDuration}"
#   meta:
#     ucd: stat.error;time.duration
# - 
#   name: derived_secondary_ecl_depth
#   datatype: float32
#   unit: mag
#   description: "Secondary eclipse: depth"
#   meta:
#     ucd: src.var.amplitude
# - 
#   name: derived_secondary_ecl_depth_error
#   datatype: float32
#   unit: mag
#   description: "Secondary eclipse: uncertainty of \\texttt{derivedSecondaryEclDepth}"
#   meta:
#     ucd: stat.error;src.var.amplitude
solution_id,source_id,global_ranking,reference_time,frequency,frequency_error,geom_model_reference_level,geom_model_reference_level_error,geom_model_gaussian1_phase,geom_model_gaussian1_phase_error,geom_model_gaussian1_sigma,geom_model_gaussian1_sigma_error,geom_model_gaussian1_depth,geom_model_gaussian1_depth_error,geom_model_gaussian2_phase,geom_model_gaussian2_phase_error,geom_model_gaussian2_sigma,geom_model_gaussian2_sigma_error,geom_model_gaussian2_depth,geom_model_gaussian2_depth_error,geom_model_cosine_half_period_amplitude,geom_model_cosine_half_period_amplitude_error,geom_model_cosine_half_period_phase,geom_model_cosine_half_period_phase_error,model_type,num_model_parameters,reduced_chi2,derived_primary_ecl_phase,derived_primary_ecl_phase_error,derived_primary_ecl_duration,derived_primary_ecl_duration_error,derived_primary_ecl_depth,derived_primary_ecl_depth_error,derived_secondary_ecl_phase,derived_secondary_ecl_phase_error,derived_secondary_ecl_duration,derived_secondary_ecl_duration_error,derived_secondary_ecl_depth,derived_secondary_ecl_depth_error
[from data line 606]
375316653866487564,5873314210454018560,0.5669962,2413.325028484717,3.141609642018815,3.0624908E-6,18.060833,0.0048343884,0.24453963,0.0018411049,0.07298314,0.002232032,0.30943844,0.0068089934,0.7458419,0.0012633876,0.07442055,0.0021093294,0.4060406,0.00841958,null,null,null,null,"TWOGAUSSIANS",8,7.3380194,0.7458419,0.0012633876,0.4,0.0,0.4038562,0.008461461,0.24453963,0.0018411049,0.4,0.0,0.307254,0.006672609
375316653866487564,5873314416623700608,0.5568855,2432.7250127770203,2.1287585759731034,4.694022E-6,18.308672,0.008720374,0.25016445,0.0036140475,0.113485426,0.0073232995,0.14429781,0.008830746,0.7422711,0.0018558612,0.09138333,0.0036679683,0.2875551,0.008260857,null,null,null,null,"TWOGAUSSIANS",8,2.2587276,0.7422711,0.0018558612,0.4,0.0,0.26985717,0.005075202,0.25016445,0.0036140475,0.4,0.0,0.12658171,0.004541557
375316653866487564,5873314622773451136,0.44490838,2400.5469187461567,2.9827061217892843,2.5823161E-5,18.695124,0.0026557867,null,null,null,null,null,null,null,null,null,null,null,null,0.053254403,0.002902053,0.23904261,0.008247531,"ELLIPSOIDAL",4,6.0070934,null,null,null,null,null,null,null,null,null,null,null,null
375316653866487564,5873315967134604800,0.51380074,2414.850086645624,2.624830623337127,8.417431E-6,19.438702,0.008732656,0.2571376,0.00402894,0.059679583,0.0064978576,0.256008,0.0189912,0.7527128,0.003700161,0.055117477,0.005972075,0.62297523,0.085837305,null,null,null,null,"TWOGAUSSIANS",8,4.4389563,0.7527128,0.003700161,0.30865788,0.03344362,0.62292516,0.085892946,0.2571376,0.00402894,0.33420566,0.036388002,0.25595796,0.019012177
375316653866487564,5873316448162621440,0.6347117,2462.728812872401,0.15311934160899046,1.2853009E-5,15.488177,5.44739E-4,0.31685746,0.003998398,0.0139176585,0.0039996337,0.37502787,0.14497496,0.8176667,0.002570492,0.013723756,0.0042271283,0.34295326,4.740785,null,null,null,null,"TWOGAUSSIANS",8,6.9633207,0.31685746,0.003998398,0.07793889,0.022397948,0.37502787,0.14497496,0.8176667,0.002570492,0.07685303,0.023671918,0.34295326,4.740785
375316653866487564,5873316723019582464,0.5188768,2442.826032654938,2.773096081595603,7.68228E-6,19.710176,0.013170991,0.24452129,0.0040680505,0.07870757,0.004977731,0.37098417,0.015447803,0.75119096,0.0028715485,0.07897078,0.0051151467,0.50281566,0.032352306,null,null,null,null,"TWOGAUSSIANS",8,2.6962502,0.75119096,0.0028715485,0.4,0.0,0.49787396,0.03326023,0.24452129,0.0040680505,0.4,0.0,0.36604246,0.01461466
375316653866487564,5873316826098697344,0.5069909,2459.670390868761,3.010083015299295,9.663585E-6,19.669975,0.014789033,0.18102491,0.0034249395,0.071507834,0.0048265005,0.34915513,0.023319326,0.6776638,0.0028576402,0.06850377,0.00432066,0.4621167,0.02150753,null,null,null,null,"TWOGAUSSIANS",8,2.6657166,0.6776638,0.0028576402,0.3836211,0.024195697,0.46086788,0.02146386,0.18102491,0.0034249395,0.4,0.015964575,0.34790632,0.02308425
375316653866487564,5873316856151193472,0.63369614,2445.766995181823,1.8433398896566413,2.302644E-6,17.309668,0.0064052413,0.2944863,0.001184116,0.049511813,0.004286123,0.14241634,0.013933718,0.7911249,0.003122001,0.06040166,0.0059328447,0.11547207,0.013117061,0.08662663,0.007949413,0.2944863,0.001184116,"TWOGAUSSIANS_WITH_ELLIPSOIDAL_ON_ECLIPSE1",9,2.1735544,0.2944863,0.001184116,0.27726614,0.02400229,0.31565022,0.004590764,0.7921349,0.0019775778,0.3382493,0.03322393,0.288652,0.0047412417
375316653866487564,5873316924874297984,0.5256906,2460.5353248396996,2.2657047964298,7.685886E-6,18.595093,0.012801137,0.27336162,0.0032340533,0.094685405,0.0058555724,0.26476407,0.013133057,0.7727779,0.0027177583,0.10570405,0.0082274135,0.24689956,0.010332083,null,null,null,null,"TWOGAUSSIANS",8,2.8800604,0.27336162,0.0032340533,0.4,0.0,0.24228749,0.008806653,0.7727779,0.0027177583,0.4,0.0,0.2244166,0.0072105154
375316653866487564,5873317994350931712,0.468742,2430.8741733418246,3.1633800758527637,1.1961887E-5,19.537508,0.03194845,0.20305711,0.004936574,0.08971797,0.014750033,0.35374728,0.035625346,0.7034419,0.0049105124,0.09261341,0.013946885,0.36760288,0.037073147,null,null,null,null,"TWOGAUSSIANS",8,5.5907464,0.7034419,0.0049105124,0.4,0.0,0.35090366,0.037711073,0.20305711,0.004936574,0.4,0.0,0.33704826,0.040762957
375316653866487564,5873318475387440128,0.60171807,2444.390895591116,0.17435382871016253,2.2289016E-6,14.625418,0.001551036,0.27104825,3.2478693E-4,0.027174348,0.0010081436,0.5435913,0.03781315,0.768114,0.0014282529,0.020919945,0.0018411936,0.043918476,0.003655193,0.025157468,0.0020901638,0.27104825,3.2478693E-4,"TWOGAUSSIANS_WITH_ELLIPSOIDAL_ON_ECLIPSE1",9,60.612244,0.27104825,3.2478693E-4,0.15217635,0.0056456043,0.5939063,0.038835544,0.76822394,0.0013819447,0.1171517,0.010310684,0.09421696,0.0030295926
375316653866487564,5873319746697808896,0.6246763,2424.3177519181795,2.1697742556139787,2.9639648E-6,14.24337,0.0048575597,0.24438795,0.0011122505,0.08775051,0.0015627488,0.3415511,0.006281177,0.7419518,0.0011913277,0.09656779,0.0028243123,0.26125637,0.004955153,null,null,null,null,"TWOGAUSSIANS",8,56.873894,0.24438795,0.0011122505,0.4,0.0,0.32715186,0.005399333,0.7419518,0.0011913277,0.4,0.0,0.24685639,0.0045668962
375316653866487564,5873320296453678720,0.50546354,2425.311344009542,4.403937025794762,1.1030207E-5,18.44373,0.0032818106,0.27178344,0.004017405,0.07503265,0.0049110884,0.13003542,0.009082789,0.77483946,0.003982668,0.06936312,0.004628745,0.1336229,0.005619665,null,null,null,null,"TWOGAUSSIANS",8,1.8472916,0.77483946,0.003982668,0.38843346,0.02592097,0.13301353,0.0055818646,0.27178344,0.004017405,0.4,0.0,0.12942603,0.00919239
375316653866487564,5873320743111762688,0.50935,2444.2696263175053,2.6745821503783827,1.2844933E-5,19.505356,0.010913194,0.2536865,0.004413556,0.07932398,0.0058871047,0.26210967,0.013327667,0.75431013,0.005429119,0.08219606,0.006217133,0.27154046,0.0137121985,null,null,null,null,"TWOGAUSSIANS",8,1.4434685,0.75431013,0.005429119,0.4,0.0,0.26716316,0.012365375,0.2536865,0.004413556,0.4,0.0,0.25773233,0.011739864
375316653866487564,5873321155447168128,0.6597845,2411.2951964310478,0.16041064864938614,4.776226E-6,17.935272,0.0013656581,0.21952412,0.0029917138,0.025509778,0.0035092647,0.0986761,0.010395684,0.7186488,4.6041035E-4,0.019393994,2.3751018E-4,1.6697978,0.058630973,0.029620817,0.003171422,0.21952412,0.0029917138,"TWOGAUSSIANS_WITH_ELLIPSOIDAL_ON_ECLIPSE1",9,2.5316522,0.7186488,4.6041035E-4,0.10860636,0.0013300569,1.7290376,0.05822963,0.21952412,0.0029917138,0.14285477,0.019651882,0.15791772,0.009667332
375316653866487564,5873321185482378752,0.59095865,2412.923068903443,1.8859184625404994,3.52697E-6,16.687748,0.0042475183,0.28076947,0.0013295915,0.08103108,0.0023362313,0.20399219,0.0043197204,0.78135735,0.0016400551,0.10269962,0.0043758005,0.113644704,0.0038847425,null,null,null,null,"TWOGAUSSIANS",8,3.122561,0.28076947,0.0013295915,0.4,0.0,0.19694474,0.0032028384,0.78135735,0.0016400551,0.4,0.0,0.10659564,0.002419431
375316653866487564,5873321499044534016,0.5888815,2402.1009880531255,0.9905141687106508,3.9055462E-6,17.87683,0.0038629663,0.29803526,0.0014566124,0.085580915,0.0021574118,0.24832916,0.004050813,0.80240214,0.0015959637,0.08826731,0.0026365465,0.20725136,0.0042013023,null,null,null,null,"TWOGAUSSIANS",8,1.7437357,0.29803526,0.0014566124,0.4,0.0,0.24159747,0.0030842992,0.80240214,0.0015959637,0.4,0.0,0.20051964,0.003482902
375316653866487564,5873321980088509568,0.4336593,2429.2922708771766,0.6734215785333475,3.538634E-5,12.426757,0.006148556,0.25705943,0.023902047,0.019108271,0.018823558,0.03143932,0.116527185,0.6460535,0.014170523,0.005525388,0.004679586,7.8309245,11.374,0.025416978,0.009364989,0.6460535,0.014170523,"TWOGAUSSIANS_WITH_ELLIPSOIDAL_ON_ECLIPSE2",9,665.02423,0.6460535,0.014170523,0.030942172,0.02620568,7.881758,11.366831,0.25336942,0.024236312,0.10700633,0.10541193,0.061877377,0.12017811
375316653866487564,5873322044475946496,0.5146683,2406.4440440978933,2.3852889092444034,1.3969937E-5,17.705446,0.023462012,0.24340928,0.0041295234,0.105923876,0.0100406185,0.33132315,0.021021107,0.7375835,0.0054018362,0.09248574,0.009104565,0.3765887,0.02922885,null,null,null,null,"TWOGAUSSIANS",8,19.588861,0.7375835,0.0054018362,0.4,0.0,0.34942096,0.024716383,0.24340928,0.0041295234,0.4,0.0,0.30414587,0.012858329
375316653866487564,5873322113195416704,0.6042853,2415.672604444948,3.1126748643935023,4.2119045E-6,18.02075,0.008135177,0.23383898,0.0014745784,0.049801935,0.0025415395,0.4431569,0.019549353,0.7357369,0.0012600238,0.042972356,0.0029609476,0.28718176,0.016064275,0.11588351,0.0097609805,0.23383898,0.0014745784,"TWOGAUSSIANS_WITH_ELLIPSOIDAL_ON_ECLIPSE1",9,5.5306807,0.23383898,0.0014745784,0.27889082,0.0142326215,0.67492217,0.0122479,0.7357369,0.0012600238,0.2406452,0.016581306,0.5189141,0.0112944795
375316653866487564,5873322598556247296,0.5969542,2435.4041335757115,1.7000103103366604,4.2121947E-6,16.789919,0.0018781697,0.25482717,0.0014307224,0.047067128,0.0030533392,0.08018526,0.0049553895,0.7510425,0.0019272254,0.042876247,0.002383863,0.089261495,0.004911219,0.027071211,0.002628505,0.25482717,0.0014307224,"TWOGAUSSIANS_WITH_ELLIPSOIDAL_ON_ECLIPSE1",9,1.9376127,0.7513524,0.0017489489,0.240107,0.013349633,0.14337565,0.003059249,0.25482717,0.0014307224,0.2635759,0.0170987,0.13432755,0.0037558505
375316653866487564,5873322937825031296,0.5837038,2408.3723897192817,1.4350745633240483,2.068687E-6,15.723575,0.0012199241,0.17681263,0.0025625424,0.026052205,0.006399836,0.031960435,0.0059467433,0.6715133,5.070203E-4,0.040798895,0.0010857277,0.18540393,0.004774141,0.016669353,0.0019515338,0.17681263,0.0025625424,"TWOGAUSSIANS_WITH_ELLIPSOIDAL_ON_ECLIPSE1",9,9.06693,0.6716333,4.832237E-4,0.2284738,0.0060800747,0.21870652,0.004829375,0.17681263,0.0025625424,0.14589235,0.03583908,0.06529912,0.0074304156
375316653866487564,5873322942153566976,0.5379338,2428.5517647690085,2.3435724924541086,5.590922E-6,17.051128,0.09411868,0.27862123,0.0017866109,0.2141117,0.025206452,0.40999562,0.09204645,0.77778435,0.001732731,0.1605607,0.0078786705,0.3650443,0.053660408,null,null,null,null,"TWOGAUSSIANS",8,2.18016,0.77778435,0.001732731,0.4,0.0,0.102999896,0.0030717235,0.27885124,0.0019090067,0.4,0.0,0.10002896,0.004092578
375316653866487564,5873323178347039104,0.58145887,2428.010057039737,2.8298275248014577,3.4611817E-6,18.916681,0.008750292,0.25963783,0.0012290205,0.053648766,0.0040279487,0.21419993,0.018599067,0.7483316,0.0028802457,0.054111768,0.0035826252,0.21833245,0.023339514,0.097113326,0.011078231,0.25963783,0.0012290205,"TWOGAUSSIANS_WITH_ELLIPSOIDAL_ON_ECLIPSE1",9,1.7520366,0.7502616,0.0023507285,0.3030259,0.0200627,0.4117398,0.011902439,0.25963783,0.0012290205,0.3004331,0.022556512,0.40841943,0.008203598
375316653866487564,5873323594969364992,0.4608581,2450.9314238342254,3.9436386150852223,1.6312464E-5,19.76015,0.01552879,0.26415417,0.006729942,0.07638662,0.009796771,0.32821164,0.021337265,0.7776995,0.00779672,0.08418463,0.006201087,0.36612707,0.028856868,null,null,null,null,"TWOGAUSSIANS",8,2.8122163,0.7776995,0.00779672,0.4,0.0,0.36195418,0.027124254,0.26415417,0.006729942,0.4,0.0,0.32403877,0.021167329
375316653866487564,5873324007286284672,0.51060814,2423.686759630717,2.9209867913765923,1.3456946E-5,19.19686,0.021136943,0.19265051,0.0042892545,0.10944852,0.011305417,0.33543962,0.01655573,0.6740913,0.0025564479,0.09783472,0.0066613858,0.31471753,0.019808205,null,null,null,null,"TWOGAUSSIANS",8,2.4375484,0.19265051,0.0042912937,0.4,0.0,0.30700627,0.016983368,0.6740913,0.0025564479,0.4,0.0,0.28630775,0.010312492
375316653866487564,5873324385262701184,0.49472395,2412.9512418180516,2.61803531351256,1.0844436E-5,18.977169,0.009348046,0.22492859,0.0033510318,0.043628298,0.011162935,0.11178409,0.030026207,0.70416886,0.018933555,0.04028418,0.02005692,0.08077713,0.03567665,0.1260124,0.016391711,0.22492859,0.0033510318,"TWOGAUSSIANS_WITH_ELLIPSOIDAL_ON_ECLIPSE1",9,8.611556,0.22492859,0.0033510318,0.24431847,0.062512435,0.36380887,0.022568133,0.71011883,0.018266711,0.2255914,0.112318754,0.32974967,0.03374828
375316653866487564,5873325003738054656,0.55738235,2380.863503224993,2.9847845060458624,4.9933847E-6,17.586447,0.016122738,0.23659474,0.0020408412,0.05622516,0.006277967,0.20379612,0.036182627,0.7380072,0.003367953,0.056407046,0.008257775,0.26668653,0.027352387,0.08265394,0.018688127,0.23659474,0.0020408412,"TWOGAUSSIANS_WITH_ELLIPSOIDAL_ON_ECLIPSE1",9,9.47258,0.7380072,0.003199421,0.31587943,0.04624354,0.43195802,0.031986065,0.23659474,0.0020408412,0.31486088,0.03515661,0.3690806,0.012730956
375316653866487564,5873325038097666432,0.539188,2431.047517527594,2.4185387687183035,6.792359E-6,17.29151,9.780456E-4,0.7456427,0.0014632895,0.011753019,0.011632807,0.043540116,43.686428,null,null,null,null,null,null,0.08022807,0.0014855481,0.7456427,0.0014632895,"ONEGAUSSIAN_WITH_ELLIPSOIDAL",6,4.157708,0.7456427,0.0014632895,0.06581691,0.06514372,0.2039961,43.686623,null,null,null,null,null,null
375316653866487564,5873325824040616064,0.51821834,2409.104535625576,1.764874813668027,9.023695E-6,18.543167,0.7906467,0.23625803,0.008774858,0.11978091,0.19293429,0.15180689,0.77596176,0.71388066,0.011569633,0.11207384,0.058464013,0.23987974,0.49125144,null,null,null,null,"TWOGAUSSIANS",8,2.1748762,0.71388066,0.011569633,0.4,0.0,0.21028136,0.011709111,0.23633803,0.006532904,0.4,0.0,0.12217565,0.011902731
375316653866487564,5873326515547690880,0.5201394,2434.0402117124177,0.5189777385555485,1.467623E-5,19.181831,0.0048234574,0.23317102,0.010930911,0.035930913,0.008739578,0.09722763,0.014256053,0.73020744,8.1056723E-4,0.030098101,0.0015135427,1.2811375,0.15036497,null,null,null,null,"TWOGAUSSIANS",8,2.8676164,0.73020744,8.1056723E-4,0.16854937,0.008475839,1.2811375,0.15036497,0.23317102,0.010930911,0.2012131,0.04894163,0.09722763,0.014256053
375316653866487564,5873326790444502016,0.66830575,2386.5141098540203,0.26050639240964707,1.91152E-6,16.095055,0.0013810159,0.18342985,2.2590462E-4,0.021427182,3.9478167E-4,1.4124635,0.046047743,0.68496025,0.02262899,0.02270342,0.02284163,0.15896045,79.284775,0.02161795,0.0022884307,0.18342985,2.2590462E-4,"TWOGAUSSIANS_WITH_ELLIPSOIDAL_ON_ECLIPSE1",9,13.428578,0.18342985,2.2590462E-4,0.11999223,0.0022107773,1.4556994,0.04672573,0.68496025,0.022621041,0.12713915,0.12791313,0.20219235,79.28543
375316653866487564,5873328267896168576,0.5862176,2327.333860050472,1.801074598045604,2.8844065E-6,18.187029,0.006991883,0.2877429,9.797325E-4,0.05362728,0.0018426419,0.41064352,0.018999249,0.78534806,0.012437153,0.048750207,0.010569221,0.03155931,0.01695235,0.051578537,0.007996963,0.2877429,9.797325E-4,"TWOGAUSSIANS_WITH_ELLIPSOIDAL_ON_ECLIPSE1",9,3.8604264,0.2877429,9.797325E-4,0.30031276,0.010318794,0.51379234,0.015062062,0.78625804,0.009508954,0.27300116,0.059187643,0.13469368,0.0061268676
375316653866487564,5873329260021763968,0.5443692,2353.6044490011473,1.8595312115078686,4.1265607E-6,19.397667,0.006962465,0.18390428,0.0031799562,0.055527825,0.011054242,0.03384323,0.020774245,0.6865348,0.0016728104,0.049790885,0.0021232858,0.48688132,0.017223028,0.07675536,0.009631374,0.18390428,0.0031799562,"TWOGAUSSIANS_WITH_ELLIPSOIDAL_ON_ECLIPSE1",9,2.1050034,0.6865348,0.0016728104,0.27882895,0.011890401,0.64034665,0.01184893,0.18390428,0.0031799562,0.31095582,0.061903752,0.18735047,0.010479032
375316653866487564,5873332047484650240,0.5265006,2346.1730543578747,2.921177309679101,6.846642E-6,18.723053,0.00612883,0.2550422,0.0017348019,0.0877289,0.0031636513,0.25516507,0.006045875,0.7598781,0.003004632,0.087879755,0.0040133093,0.24805887,0.008765179,null,null,null,null,"TWOGAUSSIANS",8,2.6794884,0.2550422,0.0017348019,0.4,0.0,0.24709019,0.004787363,0.7598781,0.003004632,0.4,0.0,0.23998399,0.008489276
