Gaia/vari_eclipsing_binary/VariEclipsingBinary_484927-484946.csv
# %ECSV 1.0
# ---
# delimiter: ','
# meta: !!omap
# - RELEASE: Gaia DR3
# - TABLE: vari_eclipsing_binary
# - DESCRIPTION: >
#     This table describes the properties of the eclipsing binaries resulting from the variability analysis. 
# - CITATION: >
#     How to cite and acknowledge Gaia: 
#     https://gea.esac.esa.int/archive/documentation/credits.html 
# - KNOWN_ISSUES: >
#     Known issues: 
#     https://www.cosmos.esa.int/web/gaia-users/known-issues 
# - DOCUMENTATION: >
#     Tutorials and documentation: 
#     https://www.cosmos.esa.int/web/gaia-users/archive 
# datatype:
# - 
#   name: solution_id
#   datatype: int64
#   description: Solution Identifier
#   meta:
#     ucd: meta.version
# - 
#   name: source_id
#   datatype: int64
#   description: Unique source identifier
#   meta:
#     ucd: meta.id;meta.main
# - 
#   name: global_ranking
#   datatype: float32
#   description: Number between 0 (worst) and 1 (best)
#   meta:
#     ucd: stat.param
# - 
#   name: reference_time
#   datatype: float64
#   unit: d
#   description: Reference time used for the geometric model fit
#   meta:
#     ucd: time.epoch
# - 
#   name: frequency
#   datatype: float64
#   unit: d**-1
#   description: Frequency of geometric model of the eclipsing binary light curve
#   meta:
#     ucd: src.orbital
# - 
#   name: frequency_error
#   datatype: float32
#   unit: d**-1
#   description: "Uncertainty of \\texttt{frequency}"
#   meta:
#     ucd: stat.error
# - 
#   name: geom_model_reference_level
#   datatype: float32
#   unit: mag
#   description: Magnitude reference level of geometric model
#   meta:
#     ucd: phot.mag;em.opt
# - 
#   name: geom_model_reference_level_error
#   datatype: float32
#   unit: mag
#   description: "Uncertainty of \\texttt{geomModelReferenceLevel}"
#   meta:
#     ucd: stat.error;phot.mag;em.opt
# - 
#   name: geom_model_gaussian1_phase
#   datatype: float32
#   description: Phase of the Gaussian 1 component
#   meta:
#     ucd: time.phase
# - 
#   name: geom_model_gaussian1_phase_error
#   datatype: float32
#   description: "Uncertainty of \\texttt{geomModelGaussian1Phase}"
#   meta:
#     ucd: stat.error;time.phase
# - 
#   name: geom_model_gaussian1_sigma
#   datatype: float32
#   description: "Standard deviation [phase] of Gaussian 1 component"
#   meta:
#     ucd: stat.stdev
# - 
#   name: geom_model_gaussian1_sigma_error
#   datatype: float32
#   description: "Uncertainty of \\texttt{geomModelGaussian1Sigma}"
#   meta:
#     ucd: stat.error
# - 
#   name: geom_model_gaussian1_depth
#   datatype: float32
#   unit: mag
#   description: Magnitude depth of Gaussian 1 component
#   meta:
#     ucd: src.var.amplitude
# - 
#   name: geom_model_gaussian1_depth_error
#   datatype: float32
#   unit: mag
#   description: "Uncertainty of \\texttt{geomModelGaussian1Depth}"
#   meta:
#     ucd: stat.error;src.var.amplitude
# - 
#   name: geom_model_gaussian2_phase
#   datatype: float32
#   description: Phase of Gaussian 2 component
#   meta:
#     ucd: time.phase
# - 
#   name: geom_model_gaussian2_phase_error
#   datatype: float32
#   description: "Uncertainty of \\texttt{geomModelGaussian2Phase}"
#   meta:
#     ucd: stat.error;time.phase
# - 
#   name: geom_model_gaussian2_sigma
#   datatype: float32
[...]
#   datatype: float32
#   description: "Secondary eclipse: uncertainty of \\texttt{derivedSecondaryEclDuration}"
#   meta:
#     ucd: stat.error;time.duration
# - 
#   name: derived_secondary_ecl_depth
#   datatype: float32
#   unit: mag
#   description: "Secondary eclipse: depth"
#   meta:
#     ucd: src.var.amplitude
# - 
#   name: derived_secondary_ecl_depth_error
#   datatype: float32
#   unit: mag
#   description: "Secondary eclipse: uncertainty of \\texttt{derivedSecondaryEclDepth}"
#   meta:
#     ucd: stat.error;src.var.amplitude
solution_id,source_id,global_ranking,reference_time,frequency,frequency_error,geom_model_reference_level,geom_model_reference_level_error,geom_model_gaussian1_phase,geom_model_gaussian1_phase_error,geom_model_gaussian1_sigma,geom_model_gaussian1_sigma_error,geom_model_gaussian1_depth,geom_model_gaussian1_depth_error,geom_model_gaussian2_phase,geom_model_gaussian2_phase_error,geom_model_gaussian2_sigma,geom_model_gaussian2_sigma_error,geom_model_gaussian2_depth,geom_model_gaussian2_depth_error,geom_model_cosine_half_period_amplitude,geom_model_cosine_half_period_amplitude_error,geom_model_cosine_half_period_phase,geom_model_cosine_half_period_phase_error,model_type,num_model_parameters,reduced_chi2,derived_primary_ecl_phase,derived_primary_ecl_phase_error,derived_primary_ecl_duration,derived_primary_ecl_duration_error,derived_primary_ecl_depth,derived_primary_ecl_depth_error,derived_secondary_ecl_phase,derived_secondary_ecl_phase_error,derived_secondary_ecl_duration,derived_secondary_ecl_duration_error,derived_secondary_ecl_depth,derived_secondary_ecl_depth_error
[from data line 188]
375316653866487564,4265514231355195520,0.5956421,2250.37525526049,1.8007257353657327,1.0676233E-5,17.160515,0.006866073,0.27070156,0.0027850254,0.097272106,0.006425144,0.16877095,0.007518834,0.7730178,0.0030668508,0.09588153,0.005811155,0.20583282,0.009148249,null,null,null,null,"TWOGAUSSIANS",8,1.7935165,0.7730178,0.0030668508,0.4,0.0,0.19318254,0.010059523,0.27070156,0.0027850254,0.4,0.0,0.15612057,0.007539778
375316653866487564,4265514368793184896,0.46055612,2281.4828583971776,0.44538875324862626,1.4729462E-4,18.859861,0.0034925605,0.29249692,0.024654416,0.038035188,0.027355324,0.25199816,0.20422806,0.7887057,0.015150179,0.06399878,0.0192008,0.1028113,0.065736555,null,null,null,null,"TWOGAUSSIANS",8,2.5886645,0.29249692,0.024654416,0.21299706,0.15318981,0.25199676,0.20430793,0.7887057,0.015150179,0.3583932,0.07387184,0.1028099,0.06574575
375316653866487564,4265514476183819008,0.62375355,2226.935787211135,1.7520173346834433,3.1199266E-5,18.52467,0.0077834437,0.22220477,0.0031387524,0.038384825,0.0028133118,0.40488538,0.024119599,0.7309751,0.008309357,0.04739264,0.0023063384,0.47515297,0.061570436,null,null,null,null,"TWOGAUSSIANS",8,3.0515823,0.7309751,0.008309357,0.2653988,0.012915495,0.47515297,0.061570443,0.22220477,0.0031387524,0.21495502,0.015754547,0.40488538,0.024119617
375316653866487564,4265514957216222080,0.57563096,2230.6323172200305,2.3173113651694806,1.50487285E-5,19.327394,0.018839039,0.28792742,0.002945498,0.069909915,0.004141973,0.46403435,0.02027326,0.7959732,0.016885616,0.068259135,0.033122636,0.48203507,5.498016,null,null,null,null,"TWOGAUSSIANS",8,1.6694223,0.7959732,0.016885616,0.38225117,0.18006088,0.480939,5.4991207,0.28792742,0.002945498,0.39149553,0.022569034,0.46293828,0.019250603
375316653866487564,4265515433942489856,0.4647467,2218.1849937346215,0.22385902960927978,4.649523E-5,18.38363,0.024463212,0.15862218,0.029954799,0.035329305,0.045799714,0.32905218,0.20373514,0.62808186,0.008604168,0.09894945,0.02414531,0.15653285,0.030411163,null,null,null,null,"TWOGAUSSIANS",8,12.836996,0.15862218,0.030140316,0.19784412,0.19703582,0.32891896,0.20846294,0.62808186,0.008604168,0.4,0.0,0.15639752,0.028490609
375316653866487564,4265516052417427584,0.59828895,2187.5600146889665,2.7568166417029043,1.0152209E-5,18.688187,0.012699626,0.25836658,0.0015983192,0.08936637,0.0055790767,0.31989577,0.02457095,0.7610822,0.0029079753,0.08343096,0.0038655386,0.38111183,0.014659602,null,null,null,null,"TWOGAUSSIANS",8,0.7265327,0.7610822,0.0029079753,0.4,0.0,0.3710155,0.010995068,0.25836658,0.0015983192,0.4,0.0,0.30979934,0.025549006
375316653866487564,4265516400371261440,0.62121457,2276.936218195176,0.6621514253567794,4.455946E-5,14.752689,0.027853312,0.24495398,0.0067467196,0.08310723,0.011113437,0.51509297,0.032445792,0.79572815,0.0026071146,0.08785886,0.009087902,0.4227012,0.025121879,null,null,null,null,"TWOGAUSSIANS",8,162.45905,0.24495398,0.0067467196,0.4,0.0,0.50991017,0.030867945,0.79572815,0.0026071146,0.4,0.0,0.41751775,0.019905623
375316653866487564,4265517255008529920,0.578394,2255.391485924472,2.3565225645930528,1.9423864E-5,17.546677,0.016969904,0.2890507,0.00352577,0.08793589,0.022308428,0.16280584,0.019663628,0.78592384,0.0058519403,0.096029446,0.01407622,0.16341808,0.014760258,null,null,null,null,"TWOGAUSSIANS",8,1.4524442,0.78592384,0.0058519403,0.4,0.0,0.1556756,0.010064154,0.2890507,0.00352577,0.4,0.0,0.15506376,0.031433742
375316653866487564,4265517534207814912,0.4734291,2297.964160855732,3.281281467914297,3.6832567E-5,18.675121,0.063126214,0.38296774,0.008831758,0.08795336,0.013841322,0.59505826,0.069981255,0.8557075,0.017485697,0.077076055,0.017532362,0.68551695,0.23881541,null,null,null,null,"TWOGAUSSIANS",8,31.58667,0.8557075,0.017485697,0.4,0.047234718,0.6778196,0.24050693,0.38296774,0.008831758,0.4,0.0,0.5873606,0.062356997
375316653866487564,4265517667346318080,0.489059,2358.834235425906,0.21153322673061448,2.0304549E-4,19.203617,0.020693682,0.24960044,0.021859795,0.098765746,0.019387534,0.114079356,0.022707507,0.783485,0.0040707523,0.07990397,0.0119131785,0.19263667,0.020963173,null,null,null,null,"TWOGAUSSIANS",8,1.6258442,0.783485,0.0040675513,0.4,0.0,0.18936439,0.019828562,0.24960044,0.021859795,0.4,0.0,0.11080537,0.018564602
375316653866487564,4265517980919184000,0.65537727,2289.1258841200506,1.5690205365908534,2.0592704E-5,15.936643,0.28809756,0.2162749,0.0063491818,0.17034161,0.124308065,0.2156472,0.28561547,0.7114279,0.005945818,0.10196434,0.022232449,0.369758,0.17853397,null,null,null,null,"TWOGAUSSIANS",8,9.543535,0.7114279,0.005952821,0.4,0.0,0.2881069,0.010514113,0.2162849,0.006343236,0.4,0.0,0.12817691,0.006538871
375316653866487564,4265518217081366528,0.60854334,2323.2284079931615,1.7267837641556527,1.9930536E-5,17.887363,0.004400541,0.29138586,0.06244152,0.073851086,0.039336007,0.11438445,0.037261296,0.7847407,0.0019475684,0.0641386,0.0022185356,0.3481132,0.008067689,null,null,null,null,"TWOGAUSSIANS",8,2.1471493,0.7847407,0.0019475684,0.35917613,0.0124238,0.3476676,0.008024002,0.29138586,0.06244152,0.4,0.19246669,0.11393885,0.0375083
375316653866487564,4265518393201669120,0.50432724,2350.262513898324,2.616492649594701,3.519363E-5,19.313438,0.012536705,0.32298657,0.0133618405,0.059308577,0.011654391,0.39089745,0.043704096,0.8195681,0.0076445444,0.06743198,0.0067390036,0.40463126,0.05256147,null,null,null,null,"TWOGAUSSIANS",8,2.7660947,0.8195681,0.0076445444,0.37761906,0.03726102,0.40433314,0.05267052,0.32298657,0.0133618405,0.33212802,0.06526459,0.39059934,0.043649573
375316653866487564,4265518496277190784,0.5111621,2282.074623033674,0.02665525538988344,4.901228E-5,18.2221,0.06319535,0.26866472,0.040612675,0.104364425,0.032886796,0.11081443,0.054340106,0.74164003,0.02063701,0.17466283,0.1055212,0.101072416,0.058311194,null,null,null,null,"TWOGAUSSIANS",8,0.9882017,0.27098474,0.039307527,0.4,0.0,0.08094288,0.010912307,0.74164003,0.02063701,0.4,0.0,0.06753025,0.004220988
375316653866487564,4265519149114870528,0.57313454,2369.828715208,2.017440120410969,4.8768066E-5,17.624683,0.014913753,0.25766462,0.005442498,0.08930959,0.008360992,0.24864906,0.022208605,0.74389285,0.007769107,0.087336875,0.014052438,0.26629826,0.030176597,null,null,null,null,"TWOGAUSSIANS",8,5.2447286,0.74389285,0.007769107,0.4,0.0,0.25880972,0.033373736,0.25766462,0.005442498,0.4,0.0,0.24116048,0.02002182
375316653866487564,4265519630186179200,0.5326871,2261.6533792217233,2.432157130694276,2.6933389E-5,15.956591,0.008544852,0.23800261,0.008749546,0.03592333,0.013736178,0.07691364,0.024852281,0.77214926,0.018013528,0.042095993,0.011317593,0.07203322,0.01840565,0.07085032,0.009703191,0.23800261,0.008749546,"TWOGAUSSIANS_WITH_ELLIPSOIDAL_ON_ECLIPSE1",9,57.821808,0.23800261,0.008749546,0.20117064,0.076922596,0.21861413,0.0146692535,0.77214926,0.018013528,0.23573755,0.06337852,0.20731048,0.015926426
375316653866487564,4265519797633200256,0.63371545,2316.7834251143627,2.5855370636569726,1.7473598E-5,16.382998,0.012261234,0.28583494,0.0031510666,0.04642292,0.011005654,0.25152513,0.104165256,0.78907484,0.0011660527,0.044479422,0.003289672,0.23526141,0.026281802,0.12885575,0.016254954,0.28583494,0.0031510666,"TWOGAUSSIANS_WITH_ELLIPSOIDAL_ON_ECLIPSE1",9,22.215622,0.28583494,0.0031510666,0.25996837,0.06163166,0.50923604,0.11185447,0.78907484,0.0011660527,0.24908476,0.018422164,0.49286556,0.0077726943
375316653866487564,4265519801984787328,0.5626029,2316.362117458843,2.5248653501510034,2.2522263E-5,18.735395,0.047910653,0.26824042,0.006710661,0.094047934,0.014782432,0.6203149,0.06119826,0.7446973,0.009757484,0.07886391,0.013338697,0.6745439,0.048334267,null,null,null,null,"TWOGAUSSIANS",8,10.0641775,0.7446973,0.009757484,0.4,9.5177244E-4,0.6614406,0.036465254,0.26824042,0.006710661,0.4,0.0,0.60720986,0.052990798
375316653866487564,4265519905064093824,0.54628307,2308.9975092914697,0.8411601815179345,3.6971323E-5,17.164366,0.005219377,0.23172945,0.006868123,0.079212934,0.016426008,0.05109105,0.00676496,0.649257,0.015681852,0.10440188,0.019519113,0.06843879,0.010167777,null,null,null,null,"TWOGAUSSIANS",8,1.304551,0.649257,0.015681852,0.4,0.0,0.0676585,0.010002724,0.23183945,0.006783556,0.4,0.0,0.05033379,0.006994301
375316653866487564,4265519939385820672,0.4568625,2289.4763188261995,1.3714311975763829,1.801033E-4,19.203907,0.16212477,0.2453965,0.023380492,0.14500023,0.06940717,0.31865227,0.16109662,0.919892,0.023769947,0.042120155,0.024313062,0.11152398,0.09872219,null,null,null,null,"TWOGAUSSIANS",8,9.227513,0.2453965,0.023380492,0.4,0.0,0.31696475,0.12268326,0.926862,0.025203913,0.23587288,0.13615315,0.13686101,0.13846067
375316653866487564,4265519969431911424,0.5161295,2263.522823983541,0.9508064251851208,9.015163E-5,17.848454,0.0023906787,0.17138055,0.057908896,0.034541596,0.057958223,0.47416908,0.56902266,0.6575721,0.008338457,0.05809276,0.005447567,0.17429362,0.010059551,null,null,null,null,"TWOGAUSSIANS",8,1.9984092,0.17138055,0.057908896,0.19343294,0.24151324,0.474169,0.5690608,0.6575721,0.008338457,0.32531947,0.030506374,0.17429352,0.010055603
375316653866487564,4265520145544274688,0.5827523,2251.8613180314965,3.5524588348484873,1.5160375E-5,18.55238,0.0073858113,0.21077323,0.0039046889,0.07328616,0.0054568634,0.48410392,0.036462627,0.7103877,0.0026166637,0.07624038,0.004110109,0.45787996,0.01214182,null,null,null,null,"TWOGAUSSIANS",8,3.7319257,0.21077323,0.0039046889,0.4,0.006096081,0.4806224,0.037835076,0.7103877,0.0026166637,0.4,0.0,0.45439845,0.012026294
375316653866487564,4265520351739946240,0.48627558,2269.116998541911,4.159508917240678,4.889872E-5,16.443956,0.021314694,0.22830775,0.01552393,0.05216964,0.015853329,0.19664337,0.06411476,0.58023524,0.008494442,0.07464192,0.027206212,0.3902553,3.821524,null,null,null,null,"TWOGAUSSIANS",8,33.5107,0.58023524,0.008494442,0.4,0.13033608,0.39025405,3.8215256,0.22831775,0.015537539,0.29215,0.088778645,0.19664794,0.06411267
375316653866487564,4265520420418359552,0.50123155,2319.5330295369317,0.5206616912735688,1.9836632E-5,19.166252,0.06459807,0.11198889,0.018236704,0.069356166,0.040917758,0.22734015,0.048109375,0.68235445,0.043895796,0.08069155,0.06448854,0.16528744,0.06161362,null,null,null,null,"TWOGAUSSIANS",8,2.0363314,0.11198889,0.018107027,0.38839453,0.08565676,0.2270626,0.046124626,0.68235445,0.043887537,0.4,0.073157094,0.16500977,0.035707537
375316653866487564,4265520759705710464,0.6037074,2303.1694837543096,0.8984632159217978,1.3047722E-5,16.51993,0.013791279,0.246403,0.0029090373,0.10425004,0.009482201,0.23349713,0.011465811,0.7383743,0.003446916,0.09250874,0.006469523,0.26320326,0.0141716255,null,null,null,null,"TWOGAUSSIANS",8,7.144769,0.7383743,0.003446916,0.4,0.0,0.24563627,0.011328366,0.246403,0.0029090373,0.4,0.0,0.21592537,0.008392566
375316653866487564,4265520764022706688,0.49539477,2325.620629505984,0.42350587991397287,5.4931665E-5,18.91198,0.04292897,0.2768446,0.093222104,0.08510268,0.043308802,0.082559146,0.08363319,0.6746748,0.02373336,0.19235003,0.0550687,0.215268,0.032294184,null,null,null,null,"TWOGAUSSIANS",8,1.0429057,0.6746748,0.02373336,0.4,0.0,0.18482012,0.0151020745,0.30773458,0.4894737,0.4,0.0901501,0.08269567,0.14539437
375316653866487564,4265520862781288704,0.56759655,2271.3269581753275,0.41622224536234265,8.815122E-5,18.022894,0.004631557,0.5240812,0.01153063,0.025467105,0.016986966,0.67715603,0.55426604,0.83731455,0.022756847,0.052529816,0.03082913,0.047773726,368.02344,0.01968498,0.008605422,0.83731455,0.022756847,"TWOGAUSSIANS_WITH_ELLIPSOIDAL_ON_ECLIPSE2",9,5.4143114,0.5239112,0.011047512,0.1426158,0.09512701,0.68306476,0.55310816,0.83731455,0.022756847,0.29416698,0.17264313,0.08714302,368.02005
375316653866487564,4265520901460825088,0.5875793,2259.6862984329427,2.9718961404188184,2.5138424E-5,18.220274,0.16690607,0.19692662,0.008672023,0.109008946,0.036237296,0.42482296,0.1493228,0.69045275,0.002459709,0.11415815,0.02458849,0.37953347,0.16353387,null,null,null,null,"TWOGAUSSIANS",8,2.5286894,0.19693662,0.008804435,0.4,0.0,0.36387694,0.020389343,0.69045275,0.002459709,0.4,0.0,0.31855786,0.018465826
375316653866487564,4265521451210877312,0.55284643,2267.2133308541725,1.8989220696728768,1.0390316E-5,18.414274,0.029500611,0.20405605,0.004716946,0.105728015,0.018530624,0.24139796,0.020307213,0.68737453,0.009553042,0.10001739,0.012990361,0.42885622,0.028425893,null,null,null,null,"TWOGAUSSIANS",8,2.9473143,0.68737453,0.009553042,0.4,0.0,0.40185958,0.012242121,0.20406607,0.00471071,0.4,0.0,0.21439707,0.02577019
375316653866487564,4265521863527856640,0.6536865,2316.5049723201505,1.2255977866155363,1.7155224E-5,17.026892,0.01111448,0.18703397,0.0041100336,0.038733557,0.011461765,0.14582522,0.007675769,0.69824505,0.033077784,0.035728063,0.044135436,0.9458204,0.8233128,null,null,null,null,"TWOGAUSSIANS",8,11.151144,0.69824505,0.033077784,0.20007716,0.19867201,0.9458204,0.8234353,0.18703397,0.0041100336,0.21690793,0.06418588,0.14582522,0.007595699
375316653866487564,4265522065375995264,0.4841429,2349.940683695475,4.502369900760766,1.0220854E-5,16.28797,0.002647975,0.15045062,0.0030603071,0.016653452,0.002600624,0.112139806,0.025798632,0.5465068,0.0020464084,0.058537025,0.002211281,0.10618787,0.0058334954,null,null,null,null,"TWOGAUSSIANS",8,17.827887,0.15045062,0.0030603071,0.09325933,0.014563494,0.112139806,0.025798632,0.5465068,0.0020464084,0.32780734,0.012383174,0.10618787,0.0058334954
375316653866487564,4265522172806255744,0.53439546,2268.076233659194,2.6157521041893963,1.825895E-5,19.161575,0.006140077,null,null,null,null,null,null,null,null,null,null,null,null,0.15701658,0.009383482,0.29445985,0.0039556897,"ELLIPSOIDAL",4,1.7223939,null,null,null,null,null,null,null,null,null,null,null,null
375316653866487564,4265522340250516608,0.5759701,2320.1042706659155,2.5843395494457178,2.0352565E-5,18.105938,0.010233438,0.30498412,0.005593124,0.080213174,0.007365329,0.26386076,0.019563423,0.80476713,0.002635812,0.08592684,0.0055228095,0.23710075,0.010125108,null,null,null,null,"TWOGAUSSIANS",8,1.7970585,0.30498412,0.005593124,0.4,0.0,0.2584966,0.019866526,0.80476713,0.002635812,0.4,0.0,0.2317366,0.007898833
375316653866487564,4265522477691095936,0.58008784,2311.5755728863373,1.9625626602355601,3.9928815E-5,18.68727,0.008670298,0.2305393,0.030497823,0.047527567,0.013883742,0.25710148,0.064944714,0.7314017,0.009222743,0.066384226,0.007656364,0.57370543,0.11894509,null,null,null,null,"TWOGAUSSIANS",8,3.8251643,0.7314017,0.009222743,0.37175167,0.039592076,0.57365423,0.11901246,0.2305393,0.030497823,0.26615438,0.077748954,0.25705025,0.06490277
375316653866487564,4265522993105827968,0.53029054,2298.146974855939,2.282677601700542,5.877096E-5,19.139725,0.04533875,0.27073386,0.019502066,0.07443992,0.027833357,0.5192733,0.10635183,0.78315234,0.008933973,0.09154163,0.015128581,0.4767406,0.04778964,null,null,null,null,"TWOGAUSSIANS",8,3.8627303,0.27073386,0.019502066,0.4,0.028731516,0.5108876,0.123709716,0.78315234,0.008933973,0.4,0.0,0.46835446,0.032604158
375316653866487564,4265523100481794432,0.5678672,2291.647115666779,0.4855001832519126,6.066625E-5,18.38876,0.004802609,0.27425975,0.00344486,0.06158047,0.0045039295,0.2893055,0.0042340998,0.046616733,0.018656876,0.0086724525,0.01674049,0.13940282,0.23394372,null,null,null,null,"TWOGAUSSIANS",8,1.8546163,0.27425975,0.00344486,0.34485063,0.025222005,0.2893055,0.0042340998,0.04662673,0.018534124,0.048565734,0.093746744,0.13971476,0.23434703
