Gaia/vari_eclipsing_binary/VariEclipsingBinary_685148-685161.csv
# %ECSV 1.0
# ---
# delimiter: ','
# meta: !!omap
# - RELEASE: Gaia DR3
# - TABLE: vari_eclipsing_binary
# - DESCRIPTION: >
#     This table describes the properties of the eclipsing binaries resulting from the variability analysis. 
# - CITATION: >
#     How to cite and acknowledge Gaia: 
#     https://gea.esac.esa.int/archive/documentation/credits.html 
# - KNOWN_ISSUES: >
#     Known issues: 
#     https://www.cosmos.esa.int/web/gaia-users/known-issues 
# - DOCUMENTATION: >
#     Tutorials and documentation: 
#     https://www.cosmos.esa.int/web/gaia-users/archive 
# datatype:
# - 
#   name: solution_id
#   datatype: int64
#   description: Solution Identifier
#   meta:
#     ucd: meta.version
# - 
#   name: source_id
#   datatype: int64
#   description: Unique source identifier
#   meta:
#     ucd: meta.id;meta.main
# - 
#   name: global_ranking
#   datatype: float32
#   description: Number between 0 (worst) and 1 (best)
#   meta:
#     ucd: stat.param
# - 
#   name: reference_time
#   datatype: float64
#   unit: d
#   description: Reference time used for the geometric model fit
#   meta:
#     ucd: time.epoch
# - 
#   name: frequency
#   datatype: float64
#   unit: d**-1
#   description: Frequency of geometric model of the eclipsing binary light curve
#   meta:
#     ucd: src.orbital
# - 
#   name: frequency_error
#   datatype: float32
#   unit: d**-1
#   description: "Uncertainty of \\texttt{frequency}"
#   meta:
#     ucd: stat.error
# - 
#   name: geom_model_reference_level
#   datatype: float32
#   unit: mag
#   description: Magnitude reference level of geometric model
#   meta:
#     ucd: phot.mag;em.opt
# - 
#   name: geom_model_reference_level_error
#   datatype: float32
#   unit: mag
#   description: "Uncertainty of \\texttt{geomModelReferenceLevel}"
#   meta:
#     ucd: stat.error;phot.mag;em.opt
# - 
#   name: geom_model_gaussian1_phase
#   datatype: float32
#   description: Phase of the Gaussian 1 component
#   meta:
#     ucd: time.phase
# - 
#   name: geom_model_gaussian1_phase_error
#   datatype: float32
#   description: "Uncertainty of \\texttt{geomModelGaussian1Phase}"
#   meta:
#     ucd: stat.error;time.phase
# - 
#   name: geom_model_gaussian1_sigma
#   datatype: float32
#   description: "Standard deviation [phase] of Gaussian 1 component"
#   meta:
#     ucd: stat.stdev
# - 
#   name: geom_model_gaussian1_sigma_error
#   datatype: float32
#   description: "Uncertainty of \\texttt{geomModelGaussian1Sigma}"
#   meta:
#     ucd: stat.error
# - 
#   name: geom_model_gaussian1_depth
#   datatype: float32
#   unit: mag
#   description: Magnitude depth of Gaussian 1 component
#   meta:
#     ucd: src.var.amplitude
# - 
#   name: geom_model_gaussian1_depth_error
#   datatype: float32
#   unit: mag
#   description: "Uncertainty of \\texttt{geomModelGaussian1Depth}"
#   meta:
#     ucd: stat.error;src.var.amplitude
# - 
#   name: geom_model_gaussian2_phase
#   datatype: float32
#   description: Phase of Gaussian 2 component
#   meta:
#     ucd: time.phase
# - 
#   name: geom_model_gaussian2_phase_error
#   datatype: float32
#   description: "Uncertainty of \\texttt{geomModelGaussian2Phase}"
#   meta:
#     ucd: stat.error;time.phase
# - 
#   name: geom_model_gaussian2_sigma
#   datatype: float32
[...]
#   datatype: float32
#   description: "Secondary eclipse: uncertainty of \\texttt{derivedSecondaryEclDuration}"
#   meta:
#     ucd: stat.error;time.duration
# - 
#   name: derived_secondary_ecl_depth
#   datatype: float32
#   unit: mag
#   description: "Secondary eclipse: depth"
#   meta:
#     ucd: src.var.amplitude
# - 
#   name: derived_secondary_ecl_depth_error
#   datatype: float32
#   unit: mag
#   description: "Secondary eclipse: uncertainty of \\texttt{derivedSecondaryEclDepth}"
#   meta:
#     ucd: stat.error;src.var.amplitude
solution_id,source_id,global_ranking,reference_time,frequency,frequency_error,geom_model_reference_level,geom_model_reference_level_error,geom_model_gaussian1_phase,geom_model_gaussian1_phase_error,geom_model_gaussian1_sigma,geom_model_gaussian1_sigma_error,geom_model_gaussian1_depth,geom_model_gaussian1_depth_error,geom_model_gaussian2_phase,geom_model_gaussian2_phase_error,geom_model_gaussian2_sigma,geom_model_gaussian2_sigma_error,geom_model_gaussian2_depth,geom_model_gaussian2_depth_error,geom_model_cosine_half_period_amplitude,geom_model_cosine_half_period_amplitude_error,geom_model_cosine_half_period_phase,geom_model_cosine_half_period_phase_error,model_type,num_model_parameters,reduced_chi2,derived_primary_ecl_phase,derived_primary_ecl_phase_error,derived_primary_ecl_duration,derived_primary_ecl_duration_error,derived_primary_ecl_depth,derived_primary_ecl_depth_error,derived_secondary_ecl_phase,derived_secondary_ecl_phase_error,derived_secondary_ecl_duration,derived_secondary_ecl_duration_error,derived_secondary_ecl_depth,derived_secondary_ecl_depth_error
[from data line 330]
375316653866487564,6026711273842064896,0.42369863,2327.288432651226,0.42798002737297225,2.994139E-5,19.51058,0.024160061,0.2800967,0.0123759555,0.038211778,0.012007519,0.29422307,0.0572188,0.5142564,0.003106781,0.022691716,0.0028252327,0.44776946,0.08348728,null,null,null,null,"TWOGAUSSIANS",8,13.694684,0.5142564,0.003106781,0.12707362,0.015821304,0.44776946,0.08348728,0.2800967,0.0123759555,0.21398595,0.0672421,0.29422307,0.0572188
375316653866487564,6026711754883122560,0.5240823,2293.897659625741,2.2325353038641396,1.5402547E-5,18.333675,0.006304188,0.2563077,0.0020221078,0.08354784,0.005584933,0.12406357,0.0062665287,0.7404796,0.006143475,0.09059819,0.010247457,0.12664017,0.009365816,null,null,null,null,"TWOGAUSSIANS",8,1.6219258,0.7404796,0.006143475,0.4,0.0,0.12352303,0.009936747,0.2563077,0.0020221078,0.4,0.0,0.1209465,0.005012359
375316653866487564,6026711995395198720,0.4805427,2244.4666961040443,4.06150897354496,1.0855885E-6,19.69683,0.0052924575,0.479436,2.9705025E-5,9.205521E-4,4.777878E-5,0.98066527,0.112781905,0.720743,0.0031610054,0.025785062,0.0028837495,0.09031374,0.009782746,null,null,null,null,"TWOGAUSSIANS",8,1.7694111,0.479436,2.9705025E-5,0.005155092,2.6756118E-4,0.98066527,0.112781905,0.720743,0.0031610054,0.14439635,0.016148997,0.09031374,0.009782746
375316653866487564,6026712098526259328,0.44580758,2270.8452118073187,1.6293688715747336,6.094469E-5,17.790863,0.007450222,0.20117928,0.01007966,0.09489475,0.014618105,0.07573339,0.0072065643,0.7047683,0.009937691,0.08020509,0.021171205,0.068553045,0.009327355,null,null,null,null,"TWOGAUSSIANS",8,3.151867,0.20117928,0.01007966,0.4,0.0,0.0734274,0.005789431,0.7047683,0.009937691,0.4,0.018523807,0.066247195,0.010409318
375316653866487564,6026712132834505600,0.43454143,2300.9710657450896,0.07188384084376562,2.1090511E-5,19.385382,0.010352058,0.21453929,0.008683496,0.06147412,0.007985533,0.23684813,0.036157474,0.77602,0.024992323,0.015520917,0.01206047,1.0045387,0.8143411,null,null,null,null,"TWOGAUSSIANS",8,6.3646874,0.77602,0.024992323,0.08691714,0.06753863,1.0045387,0.8143411,0.21453929,0.008683496,0.34425506,0.04471899,0.23684813,0.036157474
375316653866487564,6026712265960216192,0.43629852,2273.4239600895953,1.9137554464447157,2.5036625E-5,19.288893,0.00700265,null,null,null,null,null,null,null,null,null,null,null,null,0.11180836,0.009736414,0.27319732,0.0065533137,"ELLIPSOIDAL",4,5.404126,null,null,null,null,null,null,null,null,null,null,null,null
375316653866487564,6026713575996397440,0.4701517,2307.342847838709,1.9633678974432134,3.5008772E-5,18.766304,0.0028906867,0.71125895,0.0052020266,0.0664736,0.02288145,0.03314453,0.0067103505,null,null,null,null,null,null,0.04119677,0.0037290703,0.71125895,0.0052020266,"ONEGAUSSIAN_WITH_ELLIPSOIDAL",6,1.1635629,0.71125895,0.0052020266,0.37225217,0.089266375,0.11550949,0.0068506477,null,null,null,null,null,null
375316653866487564,6026713743470484608,0.44041824,2270.230085958138,2.618691134873719,6.4023596E-5,19.533632,0.024843257,0.25022995,0.021983908,0.07200721,0.032839324,0.1743871,0.039579973,0.7229459,0.007436392,0.082482316,0.021835562,0.19741943,0.023224037,null,null,null,null,"TWOGAUSSIANS",8,3.2624316,0.7229459,0.007436392,0.4,0.0,0.19632098,0.023082739,0.25022995,0.021983908,0.4,0.14463234,0.17328864,0.040560406
375316653866487564,6026714121393504896,0.5519065,2297.2407927136364,0.6847105274750495,1.6713193E-5,18.624218,0.002697259,0.46811613,0.0030827024,0.0358023,0.0024544853,0.2900857,0.01354247,0.7830867,0.018076643,0.022278769,0.013958357,0.025406558,0.01039503,null,null,null,null,"TWOGAUSSIANS",8,1.7658073,0.46811613,0.0030827024,0.20049289,0.013745118,0.2900857,0.01354247,0.7830867,0.018076643,0.124761105,0.078166805,0.025406558,0.01039503
375316653866487564,6026714847307379840,0.5818946,2300.278096395008,1.1311498262986432,1.0199677E-5,16.407675,0.0013336049,0.29384828,9.969303E-4,0.03928818,0.0021596234,0.08057127,0.00544482,0.79905725,0.005937382,0.027080031,0.011198017,0.03095558,0.007212988,0.019373206,0.0017915103,0.29384828,9.969303E-4,"TWOGAUSSIANS_WITH_ELLIPSOIDAL_ON_ECLIPSE1",9,1.5198753,0.29384828,9.969303E-4,0.22001383,0.01209389,0.11931763,0.004932712,0.79905725,0.005937382,0.15164818,0.06270889,0.06966044,0.008725391
375316653866487564,6026715117824088192,0.5646119,2282.441831845654,0.6004226453625562,8.798185E-6,17.200777,0.011163907,0.2010155,9.853243E-4,0.043784097,0.0024941359,0.43670204,0.026747651,0.6863735,0.013475062,0.02874061,0.030356608,0.17625949,4.8175,0.06763194,0.01695546,0.2010155,9.853243E-4,"TWOGAUSSIANS_WITH_ELLIPSOIDAL_ON_ECLIPSE1",9,21.141663,0.2010155,9.853243E-4,0.24519093,0.013967161,0.5719658,0.012998303,0.68706346,0.013575126,0.16094743,0.169997,0.31043568,4.822104
375316653866487564,6026715740659933440,0.46113312,2285.807620838012,2.7095668804764848,3.6418063E-5,18.915777,0.60711855,0.19513193,0.0049805865,0.10706015,0.035661846,0.44585323,0.3116587,0.6903909,0.013706745,0.17863926,0.22294477,0.2536838,0.59512776,null,null,null,null,"TWOGAUSSIANS",8,6.504876,0.19541194,0.004957068,0.4,0.0,0.33528343,0.02647054,0.6903909,0.013706745,0.4,0.0,0.13300832,0.024637885
375316653866487564,6026716359083239296,0.43330446,2293.5820537555933,1.778735318645608,3.2243166E-5,19.016752,0.008672433,0.31127626,0.0077517633,0.050729204,0.012144914,0.28487566,0.082463995,0.5693244,0.017816033,0.059423715,0.02205832,0.122678556,0.05771394,null,null,null,null,"TWOGAUSSIANS",8,8.001753,0.31128627,0.007731832,0.28408355,0.06801152,0.28488553,0.08248385,0.5693244,0.017816033,0.3327728,0.10408812,0.12267924,0.05771494
375316653866487564,6026716633961912192,0.4913153,2274.296673099702,2.576703457310759,2.6180252E-5,18.667395,0.011178203,0.2410755,0.009638771,0.085497655,0.0100337155,0.14297418,0.01296454,0.74203944,0.007725526,0.08763534,0.010594921,0.22914441,0.012770626,null,null,null,null,"TWOGAUSSIANS",8,3.257144,0.74203944,0.007725526,0.4,0.0,0.22364333,0.013022329,0.2410755,0.009638771,0.4,0.0,0.13747315,0.010610403
375316653866487564,6026716840191453952,0.51266795,2276.806162296286,0.1908748077933994,2.9438548E-5,18.512499,0.00673483,0.26307338,0.0330174,0.052155044,0.032225206,0.31410256,4.1246457,0.52372366,0.001080021,0.016969504,0.0011326858,0.40930948,0.014512351,0.02176987,0.007364657,0.26307338,0.0330174,"TWOGAUSSIANS_WITH_ELLIPSOIDAL_ON_ECLIPSE1",9,3.5896804,0.52375364,0.001080151,0.09502922,0.0063430406,0.4095026,0.014470967,0.26307338,0.0330174,0.29206824,0.18046115,0.3576391,4.1255155
375316653866487564,6026717492955638528,0.49783492,2253.10347285521,2.0958133575456444,3.0676165E-5,18.88421,0.006445072,0.23617928,0.017785894,0.06066022,0.03047415,0.084415324,0.02386523,0.74936867,0.0033287606,0.064668134,0.0045852615,0.17994338,0.007966426,null,null,null,null,"TWOGAUSSIANS",8,1.8839296,0.74936867,0.0033287606,0.36214155,0.025677463,0.17988656,0.007822901,0.23617928,0.017785894,0.33969724,0.14412537,0.08435851,0.024258127
375316653866487564,6026717527315374592,0.46220073,2266.0427292469617,2.5651254517809656,2.7835398E-5,18.016655,0.14065796,0.19563983,0.013864649,0.14675812,0.10053997,0.110103674,0.13902482,0.6903647,0.006414448,0.11020397,0.047069877,0.13069345,0.11867482,null,null,null,null,"TWOGAUSSIANS",8,3.302154,0.6903647,0.006414335,0.4,0.0,0.09771256,0.0063009444,0.19564983,0.013875997,0.4,0.0,0.07646306,0.008315512
375316653866487564,6026717630445791360,0.59166396,2273.0611529511752,1.7118817576076975,6.8240793E-6,14.985194,0.009366416,0.27337736,0.0035730486,0.108656526,0.006167644,0.18481171,0.009384012,0.77358055,0.0017737552,0.10577456,0.0074996823,0.15793735,0.0072091357,null,null,null,null,"TWOGAUSSIANS",8,20.054817,0.27337736,0.0035730486,0.4,0.0,0.16231288,0.0029492907,0.77358055,0.0017737552,0.4,0.0,0.13544339,0.0038690874
375316653866487564,6026717900998787840,0.5108372,2283.0145016960096,2.5534446379318796,2.3709945E-5,19.327686,0.01870142,0.21798262,0.005179894,0.08245048,0.010009264,0.27698165,0.019772092,0.71457726,0.0038012755,0.07876927,0.007514949,0.31234145,0.03396435,null,null,null,null,"TWOGAUSSIANS",8,2.213132,0.71457726,0.0038012755,0.4,0.0,0.30785882,0.034025956,0.21798262,0.005179894,0.4,0.0,0.27249902,0.018143976
375316653866487564,6026718111431697536,0.51329213,2259.985332590361,1.7739594044009084,2.1363343E-5,19.810762,0.011830601,0.2191126,0.006462604,0.081051774,0.013945382,0.20537685,0.031131577,0.7247591,0.0043533687,0.077844836,0.005267235,0.43954456,0.033041824,null,null,null,null,"TWOGAUSSIANS",8,1.7083998,0.7247591,0.0043533687,0.4,0.0,0.4358062,0.033081785,0.2191126,0.006462604,0.4,0.002276744,0.2016385,0.033259634
375316653866487564,6026718175845856896,0.45911166,2287.0756310882725,3.2212045144786394,1.887426E-5,18.864353,0.0125531275,0.19028534,0.0062425626,0.06338728,0.014042799,0.1329007,0.021011613,0.70073116,0.008388584,0.089859955,0.01604387,0.13671811,0.016395777,null,null,null,null,"TWOGAUSSIANS",8,3.6137772,0.70073116,0.008388584,0.4,0.0,0.13568166,0.016384194,0.19028534,0.0062425626,0.3549688,0.07863968,0.13186431,0.02131378
375316653866487564,6026718244596175872,0.50652474,2279.1073462994323,2.563816269128382,2.7840251E-5,19.098139,0.119752474,0.29383352,0.00828972,0.10706376,0.025582047,0.4361108,0.11456213,0.79420525,0.012458871,0.10620838,0.029305996,0.47288725,0.115987964,null,null,null,null,"TWOGAUSSIANS",8,4.914693,0.79420525,0.012458871,0.4,0.0,0.41499344,0.023803245,0.29383352,0.008269035,0.4,0.0,0.37821552,0.03556003
375316653866487564,6026719039145201792,0.52979463,2297.650537196564,4.0360388897046535,1.4740449E-5,19.611492,0.016866524,0.17323744,0.0054250467,0.0700828,0.0074386653,0.48736638,0.018577121,0.67273337,0.0052052275,0.070970364,0.0058178105,0.48338684,0.046653017,null,null,null,null,"TWOGAUSSIANS",8,2.1084938,0.17323744,0.0054250467,0.39246368,0.029884288,0.48557523,0.018375948,0.67273337,0.0052052275,0.39743403,0.02500059,0.48159567,0.046512924
375316653866487564,6026719417152412416,0.55289155,2317.300003539932,1.679816557500055,9.384134E-6,18.040867,0.008679437,0.34050965,0.002302212,0.09068203,0.0045174495,0.23208363,0.008900497,0.8466196,0.003456113,0.100833274,0.0053290264,0.1842162,0.009078089,null,null,null,null,"TWOGAUSSIANS",8,2.0441782,0.34050965,0.002302212,0.4,0.0,0.21961851,0.0069286814,0.8466196,0.003456113,0.4,0.0,0.17174944,0.006350601
375316653866487564,6026719760700380800,0.57347476,2269.3131514160486,4.3379801198018235,9.434491E-6,19.127016,0.021027029,0.2335043,0.001954922,0.041903757,0.0049113506,0.5088517,0.052593045,0.73272985,0.0061847884,0.03568183,0.009258351,0.48489642,0.0713686,0.16417727,0.033053536,0.2335043,0.001954922,"TWOGAUSSIANS_WITH_ELLIPSOIDAL_ON_ECLIPSE1",9,6.3244233,0.2335043,0.001954922,0.23466104,0.027503561,0.8372062,0.05148505,0.73277986,0.005800141,0.19981824,0.051846765,0.8132437,0.093611196
375316653866487564,6026719863779754880,0.42526564,2313.3724787296874,1.0482025225349165,3.0284084E-5,17.77092,0.0066764867,0.20463721,0.010027975,0.025242683,0.017850729,0.18918405,11.154799,0.6424682,0.003021151,0.023289481,0.00567879,0.15863468,0.033579405,0.0193582,0.0142719615,0.20463721,0.010027975,"TWOGAUSSIANS_WITH_ELLIPSOIDAL_ON_ECLIPSE1",9,14.035303,0.20463721,0.010027975,0.14135902,0.09996408,0.22790042,11.155048,0.6430482,0.002745574,0.13042109,0.031801224,0.19178775,0.04204321
375316653866487564,6026720104296432640,0.4695493,2265.7281575201714,1.5913352227595767,2.815673E-5,16.98211,0.0025925487,null,null,null,null,null,null,null,null,null,null,null,null,0.045531426,0.004742007,0.28858635,0.006061036,"ELLIPSOIDAL",4,16.320023,null,null,null,null,null,null,null,null,null,null,null,null
375316653866487564,6026720447944504704,0.55021304,2288.0692308142816,0.04199338939582492,1.1191832E-4,17.03454,0.0010550196,0.23199227,0.0144054415,0.0031089026,0.006341213,0.33148485,0.5516808,0.5151778,0.011331765,0.02506783,0.020337548,0.026982825,0.004578514,0.005481965,0.0016876693,0.23199227,0.0144054415,"TWOGAUSSIANS_WITH_ELLIPSOIDAL_ON_ECLIPSE1",9,2.41166,0.23199227,0.0144054415,0.017409855,0.035510793,0.34244877,0.551543,0.5158378,0.011502599,0.14037985,0.11389027,0.02746187,0.0048746476
375316653866487564,6026720649737345536,0.5439838,2266.4570635880636,0.812878971954339,3.4883076E-5,17.904703,0.0066616824,0.2219133,0.0027296753,0.030174874,0.007022114,0.16503534,0.016768202,0.7298208,0.023646737,0.02551476,0.01597883,0.6708242,3.5375109,0.01944641,0.0077302125,0.2219133,0.0027296753,"TWOGAUSSIANS_WITH_ELLIPSOIDAL_ON_ECLIPSE1",9,6.686448,0.7298208,0.023638213,0.14288266,0.08948144,0.70962113,3.5403075,0.2219133,0.0027296753,0.16897929,0.039323837,0.20392816,0.019291533
375316653866487564,6026720684097136512,0.5200656,2296.221213332615,2.314533421663717,2.9633009E-5,16.153542,0.02331143,0.2813561,0.005994372,0.0932789,0.009515227,0.27899396,0.024295203,0.7677114,0.008203686,0.08250207,0.013863925,0.2963237,0.019897334,null,null,null,null,"TWOGAUSSIANS",8,64.12754,0.7677114,0.008203686,0.4,0.0,0.2883121,0.012012217,0.2813561,0.005994372,0.4,0.0,0.27098197,0.017906552
375316653866487564,6026720894571159552,0.47753882,2241.1121072501705,0.09654373164969925,3.035114E-4,19.386066,0.011021744,0.264478,0.007913352,0.036843594,0.017203571,0.53950226,31.463934,0.7797359,0.041721046,0.021233562,0.023872865,0.7542642,0.45097488,null,null,null,null,"TWOGAUSSIANS",8,8.238101,0.7797359,0.041721046,0.11890795,0.13368805,0.7542642,0.45097488,0.264478,0.007913352,0.20632413,0.09634,0.53950226,31.463934
375316653866487564,6026720894621096832,0.51063794,2285.575304551029,1.3071546015630553,1.5323922E-5,15.198269,0.11789791,0.260123,0.002579578,0.17029,0.040812265,0.14806186,0.11069644,0.7630131,0.0037813464,0.16037846,0.037824698,0.14399828,0.104633026,null,null,null,null,"TWOGAUSSIANS",8,9.909317,0.25962302,0.0024378707,0.4,0.0,0.058424104,0.0024508515,0.7636731,0.0038679354,0.4,0.0,0.056105454,0.0033988173
375316653866487564,6026720928931122432,0.524824,2266.4289816864316,2.277854137887298,2.4217718E-5,18.927006,0.013144203,0.30424145,0.007408717,0.072340675,0.009579479,0.41298383,0.035407633,0.8016668,0.0056179278,0.07896372,0.006995785,0.38374755,0.020694498,null,null,null,null,"TWOGAUSSIANS",8,5.535348,0.30424145,0.007408717,0.4,0.028193371,0.40979257,0.036166698,0.8016668,0.0056179278,0.4,0.0,0.3805563,0.02028515
375316653866487564,6026721066369991168,0.48198488,2265.19033951078,2.727228850113039,3.9078295E-5,18.16373,0.03965653,0.28444582,0.005801681,0.07015821,0.028045563,0.18613225,0.06709261,0.8107314,0.021739878,0.05512677,0.024726152,0.1644796,0.10245431,0.08564256,0.044045463,0.28444582,0.005801681,"TWOGAUSSIANS_WITH_ELLIPSOIDAL_ON_ECLIPSE1",9,25.467562,0.28444582,0.005801681,0.39288598,0.14312728,0.35710078,0.043527894,0.8107314,0.021739878,0.30870992,0.13846646,0.3308183,0.08929302
375316653866487564,6026721714923649408,0.5030436,2283.071177058162,0.9194501346351448,4.3628414E-5,19.475605,0.008415341,0.6264591,0.025207685,0.010220716,0.01879635,0.019775081,2.1591256E22,0.90909714,0.0039563477,0.023220519,0.0029859755,0.4636147,0.027911257,0.021973215,0.011899683,0.6264591,0.025207685,"TWOGAUSSIANS_WITH_ELLIPSOIDAL_ON_ECLIPSE1",9,2.1515627,0.90922713,0.003957991,0.1300349,0.016721463,0.46544412,0.028604267,0.6264591,0.025207685,0.05723601,0.10525957,0.0637215,2.1591256E22
375316653866487564,6026721822353678720,0.42834744,2251.359927048334,1.9983409904484208,1.1650267E-6,18.878777,0.010635974,0.2755243,9.933602E-4,0.0012064832,4.2354458E-4,0.71545786,0.24491233,0.46544746,0.09443831,0.052830506,0.13157335,0.03592464,0.097873606,null,null,null,null,"TWOGAUSSIANS",8,11.598934,0.2755243,9.933602E-4,0.006756306,0.0023718497,0.71551394,0.24200921,0.46544746,0.09443831,0.29585084,0.21814822,0.03592464,0.09805093
