Gaia/vari_eclipsing_binary/VariEclipsingBinary_463161-463223.csv
# %ECSV 1.0
# ---
# delimiter: ','
# meta: !!omap
# - RELEASE: Gaia DR3
# - TABLE: vari_eclipsing_binary
# - DESCRIPTION: >
#     This table describes the properties of the eclipsing binaries resulting from the variability analysis. 
# - CITATION: >
#     How to cite and acknowledge Gaia: 
#     https://gea.esac.esa.int/archive/documentation/credits.html 
# - KNOWN_ISSUES: >
#     Known issues: 
#     https://www.cosmos.esa.int/web/gaia-users/known-issues 
# - DOCUMENTATION: >
#     Tutorials and documentation: 
#     https://www.cosmos.esa.int/web/gaia-users/archive 
# datatype:
# - 
#   name: solution_id
#   datatype: int64
#   description: Solution Identifier
#   meta:
#     ucd: meta.version
# - 
#   name: source_id
#   datatype: int64
#   description: Unique source identifier
#   meta:
#     ucd: meta.id;meta.main
# - 
#   name: global_ranking
#   datatype: float32
#   description: Number between 0 (worst) and 1 (best)
#   meta:
#     ucd: stat.param
# - 
#   name: reference_time
#   datatype: float64
#   unit: d
#   description: Reference time used for the geometric model fit
#   meta:
#     ucd: time.epoch
# - 
#   name: frequency
#   datatype: float64
#   unit: d**-1
#   description: Frequency of geometric model of the eclipsing binary light curve
#   meta:
#     ucd: src.orbital
# - 
#   name: frequency_error
#   datatype: float32
#   unit: d**-1
#   description: "Uncertainty of \\texttt{frequency}"
#   meta:
#     ucd: stat.error
# - 
#   name: geom_model_reference_level
#   datatype: float32
#   unit: mag
#   description: Magnitude reference level of geometric model
#   meta:
#     ucd: phot.mag;em.opt
# - 
#   name: geom_model_reference_level_error
#   datatype: float32
#   unit: mag
#   description: "Uncertainty of \\texttt{geomModelReferenceLevel}"
#   meta:
#     ucd: stat.error;phot.mag;em.opt
# - 
#   name: geom_model_gaussian1_phase
#   datatype: float32
#   description: Phase of the Gaussian 1 component
#   meta:
#     ucd: time.phase
# - 
#   name: geom_model_gaussian1_phase_error
#   datatype: float32
#   description: "Uncertainty of \\texttt{geomModelGaussian1Phase}"
#   meta:
#     ucd: stat.error;time.phase
# - 
#   name: geom_model_gaussian1_sigma
#   datatype: float32
#   description: "Standard deviation [phase] of Gaussian 1 component"
#   meta:
#     ucd: stat.stdev
# - 
#   name: geom_model_gaussian1_sigma_error
#   datatype: float32
#   description: "Uncertainty of \\texttt{geomModelGaussian1Sigma}"
#   meta:
#     ucd: stat.error
# - 
#   name: geom_model_gaussian1_depth
#   datatype: float32
#   unit: mag
#   description: Magnitude depth of Gaussian 1 component
#   meta:
#     ucd: src.var.amplitude
# - 
#   name: geom_model_gaussian1_depth_error
#   datatype: float32
#   unit: mag
#   description: "Uncertainty of \\texttt{geomModelGaussian1Depth}"
#   meta:
#     ucd: stat.error;src.var.amplitude
# - 
#   name: geom_model_gaussian2_phase
#   datatype: float32
#   description: Phase of Gaussian 2 component
#   meta:
#     ucd: time.phase
# - 
#   name: geom_model_gaussian2_phase_error
#   datatype: float32
#   description: "Uncertainty of \\texttt{geomModelGaussian2Phase}"
#   meta:
#     ucd: stat.error;time.phase
# - 
#   name: geom_model_gaussian2_sigma
#   datatype: float32
[...]
#   datatype: float32
#   description: "Secondary eclipse: uncertainty of \\texttt{derivedSecondaryEclDuration}"
#   meta:
#     ucd: stat.error;time.duration
# - 
#   name: derived_secondary_ecl_depth
#   datatype: float32
#   unit: mag
#   description: "Secondary eclipse: depth"
#   meta:
#     ucd: src.var.amplitude
# - 
#   name: derived_secondary_ecl_depth_error
#   datatype: float32
#   unit: mag
#   description: "Secondary eclipse: uncertainty of \\texttt{derivedSecondaryEclDepth}"
#   meta:
#     ucd: stat.error;src.var.amplitude
solution_id,source_id,global_ranking,reference_time,frequency,frequency_error,geom_model_reference_level,geom_model_reference_level_error,geom_model_gaussian1_phase,geom_model_gaussian1_phase_error,geom_model_gaussian1_sigma,geom_model_gaussian1_sigma_error,geom_model_gaussian1_depth,geom_model_gaussian1_depth_error,geom_model_gaussian2_phase,geom_model_gaussian2_phase_error,geom_model_gaussian2_sigma,geom_model_gaussian2_sigma_error,geom_model_gaussian2_depth,geom_model_gaussian2_depth_error,geom_model_cosine_half_period_amplitude,geom_model_cosine_half_period_amplitude_error,geom_model_cosine_half_period_phase,geom_model_cosine_half_period_phase_error,model_type,num_model_parameters,reduced_chi2,derived_primary_ecl_phase,derived_primary_ecl_phase_error,derived_primary_ecl_duration,derived_primary_ecl_duration_error,derived_primary_ecl_depth,derived_primary_ecl_depth_error,derived_secondary_ecl_phase,derived_secondary_ecl_phase_error,derived_secondary_ecl_duration,derived_secondary_ecl_duration_error,derived_secondary_ecl_depth,derived_secondary_ecl_depth_error
[from data line 301]
375316653866487564,4074347985785079808,0.45399696,2275.151735783299,2.7555120602088583,4.5436755E-5,17.428087,0.11556153,0.22850873,0.012278897,0.16792628,0.10373511,0.12748273,0.11124365,0.70770615,0.013730484,0.085036196,0.02706735,0.16052538,0.072739586,null,null,null,null,"TWOGAUSSIANS",8,12.218696,0.70770615,0.013730484,0.4,0.0,0.13317654,0.016385546,0.22850873,0.012277496,0.4,0.0,0.09692078,0.0125142755
375316653866487564,4074348913499956096,0.5347964,2207.8571368472644,3.5938788397290087,2.1955826E-5,18.671953,0.0899562,0.24631059,0.004819308,0.12358193,0.040053084,0.22422685,0.08326355,0.7450279,0.005328178,0.10525977,0.022380237,0.26501784,0.086602114,null,null,null,null,"TWOGAUSSIANS",8,1.4196763,0.7450279,0.0053291116,0.4,0.0,0.22146632,0.009818792,0.24631059,0.0048484686,0.4,0.0,0.18055685,0.011696947
375316653866487564,4074349360174631040,0.55242443,2236.098799511413,3.265293530414542,2.2111473E-5,16.875025,0.014661364,0.23973669,0.0030779673,0.09009788,0.0058174,0.2707002,0.014267438,0.7431492,0.0049301293,0.08757064,0.015292151,0.19065712,0.013299426,null,null,null,null,"TWOGAUSSIANS",8,17.659946,0.23973669,0.0030779673,0.4,0.0,0.2624907,0.00872917,0.7431492,0.0049301293,0.4,0.0,0.18244773,0.012115259
375316653866487564,4074349669414228864,0.49738747,2263.804290635059,4.114230217725236,6.3061765E-5,18.673008,0.015549715,0.25282285,0.019541325,0.016924746,0.048280135,0.11670123,2.177572,0.70773476,0.021424785,0.028305408,0.018265486,0.11426859,0.058094647,0.074003056,0.02257951,0.25282285,0.019541325,"TWOGAUSSIANS_WITH_ELLIPSOIDAL_ON_ECLIPSE1",9,5.1210594,0.25282285,0.019541325,0.094778575,0.27036875,0.26470715,2.2086208,0.71102476,0.020155612,0.15851028,0.10228672,0.2515295,0.031308062
375316653866487564,4074351082455771008,0.50728655,2213.019626290046,0.3633861343121713,5.2950178E-5,17.98316,0.0056319293,0.2747547,5.2687456E-4,0.019985165,0.0013116956,0.11525968,0.006118664,0.7692856,0.038527854,0.028447347,0.06957885,0.11453237,0.12361438,null,null,null,null,"TWOGAUSSIANS",8,1.6434667,0.2747547,5.2687456E-4,0.11191692,0.007345495,0.11525968,0.0061158706,0.7692856,0.038527854,0.15930514,0.2332672,0.11453237,0.12361717
375316653866487564,4074351460428524032,0.6956674,2235.9491191435595,1.006627703025447,4.5209167E-6,12.606144,0.0051459842,0.19277292,0.0038025668,0.045905426,0.003767467,0.6005783,0.026641283,null,null,null,null,null,null,0.030734755,0.005699984,0.19277292,0.0038025668,"ONEGAUSSIAN_WITH_ELLIPSOIDAL",6,72.120186,0.19277292,0.0038025668,0.2570704,0.021097817,0.6620475,0.027598184,null,null,null,null,null,null
375316653866487564,4074351529147977856,0.55544484,2240.2077898060074,2.4847394902028475,6.179914E-5,18.073568,0.0037590181,0.44655916,0.009886962,0.01337972,0.0066385474,0.496129,0.44057998,0.6729216,0.056183644,0.11566608,0.027334899,0.015598124,0.0062467377,null,null,null,null,"TWOGAUSSIANS",8,1.9465281,0.44656917,0.009906291,0.07492643,0.037175864,0.4984248,0.44058877,0.6729216,0.056183644,0.4,0.0,0.015595392,0.006243815
375316653866487564,4074351696639352192,0.52859694,2233.2168054897575,2.9450757195033304,2.6169846E-5,17.826603,0.018817,0.2514168,0.0117005175,0.085281596,0.02321784,0.25156757,0.03874952,0.7568063,0.012413876,0.084368326,0.012525804,0.21161439,0.022363482,null,null,null,null,"TWOGAUSSIANS",8,6.829065,0.2514168,0.0117005175,0.4,0.0,0.2461086,0.04708203,0.7568063,0.012413876,0.4,0.0,0.20615543,0.01828812
375316653866487564,4074352113248107776,0.6042584,2227.3404838143206,3.189831203393785,1.3671135E-5,17.310793,0.014570531,0.22825527,0.0046324893,0.06950507,0.021402406,0.36164546,0.085639484,0.73613995,0.0023850335,0.046208434,0.0050611645,0.32212362,0.049257986,0.10371538,0.019425005,0.22825527,0.0046324893,"TWOGAUSSIANS_WITH_ELLIPSOIDAL_ON_ECLIPSE1",9,12.949968,0.22825527,0.0046324893,0.38922843,0.05028483,0.5685375,0.06792811,0.73613995,0.0023850335,0.25876725,0.028342523,0.52850693,0.050562024
375316653866487564,4074353556372535552,0.6241651,2204.5726402393343,3.3609254338801366,2.5617082E-5,15.558123,0.020501,0.21839127,0.00612905,0.04213532,0.008249773,0.3276554,0.043821286,0.7038727,0.013284894,0.04848547,0.009299795,0.5862781,0.26000375,0.09678454,0.025943495,0.21839127,0.00612905,"TWOGAUSSIANS_WITH_ELLIPSOIDAL_ON_ECLIPSE1",9,82.15666,0.7047027,0.011884164,0.27151862,0.05207885,0.7783313,0.2690739,0.21839127,0.00612905,0.2359578,0.04619873,0.5212229,0.015154018
375316653866487564,4074355098253487360,0.52750325,2223.773562049227,2.5098202682621853,4.1153675E-5,18.100828,0.03788977,0.23146811,0.006992373,0.097855076,0.012478706,0.39020494,0.044075694,0.70684886,0.009928791,0.0882314,0.017982932,0.42769894,0.06899129,null,null,null,null,"TWOGAUSSIANS",8,17.893152,0.70684886,0.009928791,0.4,0.0,0.41241008,0.07456923,0.23146811,0.006992373,0.4,0.0,0.37491316,0.03741063
375316653866487564,4074355789755657344,0.4683636,2251.354980625618,1.0486246341389514,5.4481396E-5,18.56428,0.03234175,0.2215184,0.011530172,0.10076679,0.023171915,0.142126,0.03364957,0.7399764,0.014815637,0.06806631,0.02174681,0.17997454,0.034101386,null,null,null,null,"TWOGAUSSIANS",8,4.488735,0.7399764,0.014797213,0.38117132,0.060291212,0.1772427,0.021218779,0.2215184,0.011530172,0.4,0.0,0.13939233,0.022267936
375316653866487564,4074360840641292032,0.6251861,2191.5216621658315,3.127360021312287,2.5565012E-5,17.185642,0.017144248,0.21182165,0.0027517434,0.0462043,0.0059942612,0.5421903,0.04815016,0.7041097,0.0313699,0.04120367,0.02184519,0.37554404,0.035872396,0.11165328,0.022997476,0.21182165,0.0027517434,"TWOGAUSSIANS_WITH_ELLIPSOIDAL_ON_ECLIPSE1",9,20.286234,0.21182165,0.0027517434,0.25874406,0.033567864,0.76549643,0.051818036,0.7046797,0.030629156,0.23074055,0.122333065,0.5983649,0.042707443
375316653866487564,4074362932271945984,0.57187134,2165.4253127627926,3.487297130537213,1.9885778E-5,18.837652,0.021287706,0.26504505,0.0056359745,0.09600993,0.010140633,0.3611952,0.021105103,0.7660454,0.005069129,0.08439304,0.007436497,0.3705964,0.026847979,null,null,null,null,"TWOGAUSSIANS",8,2.3809822,0.7660454,0.005069129,0.4,0.0,0.35517362,0.02201454,0.26504505,0.0056359745,0.4,0.0,0.34577146,0.016873775
375316653866487564,4074366608769204992,0.5672341,2199.567766335674,1.856374922406902,3.7676473E-5,18.28043,0.007687236,0.24085239,0.04985655,0.07457971,0.024400022,0.12852067,0.070521705,0.70707583,0.013855766,0.047991354,0.010306744,0.35876495,0.021859461,null,null,null,null,"TWOGAUSSIANS",8,3.2990773,0.70707583,0.013855766,0.2687516,0.057717763,0.35873675,0.021773012,0.24085239,0.04985655,0.4,0.0350828,0.12849246,0.07056254
375316653866487564,4074367021083201664,0.60697705,2205.794685552177,2.72473277964762,7.035812E-6,17.476633,0.004461351,0.27632824,0.0037071006,0.08124728,0.0039468966,0.27414668,0.007915252,0.78700215,0.0010921501,0.078978345,0.002438838,0.266642,0.004989048,null,null,null,null,"TWOGAUSSIANS",8,2.2651694,0.27632824,0.0037071006,0.4,0.0,0.2707801,0.008074416,0.78700215,0.0010921501,0.4,0.0,0.26327544,0.0048281876
375316653866487564,4074367609505688064,0.51861304,2209.5630992515953,0.6162339308377939,2.4669822E-5,12.865519,0.0037727926,0.20189103,0.014915249,0.09102295,0.015441597,0.044852626,0.0040215533,0.7228709,0.017920673,0.049440484,0.019589933,0.13861036,0.03902,null,null,null,null,"TWOGAUSSIANS",8,45.79488,0.7228709,0.017920673,0.2768667,0.10970362,0.13848232,0.0403526,0.20189103,0.014915249,0.4,0.0,0.044724543,0.0033374063
375316653866487564,4074367746944638592,0.47868547,2226.084940468606,0.14559069041964162,4.424269E-5,18.520529,0.0027385992,0.4120619,0.013835971,0.018584685,0.013372805,0.03768634,0.028701317,0.75287896,0.05452082,0.016028013,0.021419698,0.14274952,0.3754218,null,null,null,null,"TWOGAUSSIANS",8,1.7169111,0.75287896,0.05452082,0.089756876,0.11995031,0.14274952,0.3754218,0.4120619,0.013835971,0.10407423,0.07488771,0.03768634,0.028701317
375316653866487564,4074368812081712256,0.5714693,2229.0531585790445,3.0964622728791613,8.782331E-6,18.589823,0.017084397,0.2506635,0.008498565,0.07248108,0.0077594947,0.52123547,0.07413642,0.7574146,0.0013552352,0.06505799,0.0025973425,0.56366193,0.019463547,null,null,null,null,"TWOGAUSSIANS",8,4.914518,0.7574146,0.0013552352,0.36432475,0.0145451175,0.5624439,0.018917926,0.2506635,0.008498565,0.4,0.024853127,0.52001745,0.074785255
375316653866487564,4074369052599982976,0.48206294,2276.274819849198,4.118810333782143,1.95893E-5,19.542637,0.07763183,0.3417627,0.041686792,0.096412286,0.06331268,0.21343465,0.078820094,0.81736296,0.00478181,0.083562195,0.016999228,0.2672308,0.06877132,null,null,null,null,"TWOGAUSSIANS",8,2.359489,0.81736296,0.004622011,0.4,0.0,0.2604714,0.019144233,0.3417627,0.041686792,0.4,0.0,0.20667407,0.025134185
375316653866487564,4074369598065692800,0.47483993,2217.508823993555,0.2639110953870599,9.317589E-5,19.478477,0.038327154,0.21830899,0.027755978,0.11484085,0.05132884,0.16823488,0.029151902,0.7418875,0.041729726,0.08905715,0.033042476,0.22638576,0.06314924,null,null,null,null,"TWOGAUSSIANS",8,1.8931688,0.74191755,0.041656278,0.4,0.021250248,0.21245526,0.046000935,0.21830899,0.027757553,0.4,0.0,0.15426853,0.025729628
375316653866487564,4074370182181331584,0.5511604,2214.2696667695277,3.1610792756983046,2.9209676E-5,18.974043,0.03263331,0.2708852,0.009059359,0.049292818,0.009094325,0.7054416,0.07962944,0.7742105,0.005765039,0.068376645,0.007159511,0.78148144,0.056992274,null,null,null,null,"TWOGAUSSIANS",8,15.855118,0.7742105,0.005765039,0.3829092,0.04009326,0.78132427,0.05702133,0.2708852,0.009059359,0.27603978,0.05092822,0.7052844,0.07971554
375316653866487564,4074370598803008384,0.6081295,2232.0802929783977,2.7835452518368866,1.7324584E-5,15.722767,0.0049835304,0.2575775,0.0019439944,0.06382739,0.001661847,0.36790314,0.006824418,0.7475984,6.028356E-4,0.06152037,9.833727E-4,0.3731272,0.005273552,null,null,null,null,"TWOGAUSSIANS",8,41.555466,0.7475984,6.028356E-4,0.34451407,0.005506887,0.37293866,0.00524081,0.2575775,0.0019439944,0.35743338,0.009306343,0.3677146,0.0067821844
375316653866487564,4074370663217755136,0.4828336,2202.105852734445,2.6230932537954854,5.1978757E-5,18.260077,0.49085957,0.21072377,0.015288885,0.12268646,0.076832265,0.27314407,0.44983014,0.7167543,0.0064342143,0.13416609,0.086173415,0.2775405,0.4698051,null,null,null,null,"TWOGAUSSIANS",8,9.895521,0.71681434,0.0063523524,0.4,0.0,0.1986685,0.016463123,0.21059376,0.01497136,0.4,0.0,0.19467668,0.022428462
375316653866487564,4074373549435909248,0.5093349,2243.2442407486265,0.19592173982396738,2.101171E-5,18.557745,0.005971389,0.32299298,0.0045882463,0.03851643,0.0063687004,0.1682055,0.042386435,0.8356261,0.015654296,0.025952663,0.020684918,0.11469854,0.0254775,null,null,null,null,"TWOGAUSSIANS",8,2.2415867,0.32299298,0.0045882463,0.215692,0.035664722,0.1682055,0.042386435,0.8356261,0.015654296,0.14533491,0.11583555,0.11469854,0.0254775
375316653866487564,4074374790691218944,0.55327713,2253.668472994031,2.2464611817482396,4.426134E-5,16.653711,0.0776478,0.21546842,0.0040290756,0.054254364,0.01902105,0.3627182,0.13564694,0.70805556,0.019056952,0.048506368,0.04214294,0.58254206,0.367151,0.060783368,0.07581356,0.70805556,0.019056952,"TWOGAUSSIANS_WITH_ELLIPSOIDAL_ON_ECLIPSE2",9,66.18135,0.70805556,0.019056952,0.27163565,0.18244733,0.7041031,0.4623682,0.21492842,0.003441141,0.30382442,0.10651787,0.4840347,0.02223886
375316653866487564,4074375645380256128,0.5541686,2206.230139232842,2.891458428733608,1.5053934E-5,18.67943,0.04335104,0.19123764,0.0032720368,0.10870384,0.021235202,0.23375417,0.03575881,0.68821883,0.023829384,0.09650736,0.028419724,0.27574357,0.054567974,null,null,null,null,"TWOGAUSSIANS",8,1.1354994,0.68821883,0.023829384,0.4,0.0,0.2508002,0.04508998,0.19123764,0.0032720368,0.4,0.0,0.20879963,0.010581398
375316653866487564,4074376405585371904,0.503389,2239.125342031792,2.293652826738492,4.2927833E-5,18.080246,0.08490232,0.27693063,0.023859886,0.13069823,0.046232384,0.2572482,0.0765654,0.7784977,0.006048341,0.095454305,0.016769864,0.3285563,0.07948763,null,null,null,null,"TWOGAUSSIANS",8,10.065227,0.7785077,0.0060789296,0.4,0.0,0.28117532,0.02091184,0.27693063,0.023859886,0.4,0.0,0.2095261,0.055534743
375316653866487564,4074376577383184512,0.46083498,2139.317225637042,1.1963971435916836,4.387407E-5,19.339502,0.060279626,0.4852369,0.07463522,0.13092105,0.051461276,0.26648957,0.07556544,0.86567295,0.06970938,0.10529468,0.053791344,0.1324899,0.07129977,null,null,null,null,"TWOGAUSSIANS",8,2.8021064,0.4856669,0.07389584,0.4,0.0,0.25429896,0.073659316,0.86567295,0.06970938,0.4,0.046524767,0.12401701,0.045274694
375316653866487564,4074378772113854336,0.49110067,2211.9701432038055,2.22979742516621,1.8764227E-5,18.338697,0.012222861,0.3407484,0.08581761,0.19163285,0.09049662,0.029384164,0.014067431,0.71429193,0.0045133904,0.028285546,0.0016675052,1.007166,0.26449144,null,null,null,null,"TWOGAUSSIANS",8,1.5628275,0.71429193,0.0045133904,0.15839906,0.00933803,1.0097262,0.26130182,0.3407484,0.08581761,0.4,0.0,0.02740817,0.009912231
375316653866487564,4074378909559128064,0.4285242,2217.130004672506,0.5662134215698591,7.6414195E-5,18.06372,0.51837045,0.2640515,0.016395435,0.12840837,0.07768921,0.35931617,0.36631897,0.74352735,0.009778201,0.17560823,0.19488707,0.27193102,0.5057847,null,null,null,null,"TWOGAUSSIANS",8,15.129102,0.2663515,0.0119380215,0.4,0.07956193,0.23254135,0.052326083,0.74352735,0.009778201,0.4,0.0,0.13563597,0.06914273
375316653866487564,4074380082075972480,0.507228,2227.567181205123,0.48519299086249446,1.951588E-5,19.639875,0.033540007,0.26548994,0.012666509,0.13657477,0.03251576,0.23052776,0.0389388,0.8003093,0.0026782406,0.05177647,0.005143525,0.3309525,0.036751032,null,null,null,null,"TWOGAUSSIANS",8,1.2700222,0.8004293,0.0026464018,0.28994823,0.028803742,0.32379922,0.030794794,0.26548994,0.012666509,0.4,0.0,0.22256829,0.039151765
375316653866487564,4074381559563504000,0.47428802,2160.1845558656914,4.014051449547769,5.0612824E-5,19.029245,0.1719315,0.2513584,0.008257062,0.12509331,0.06565189,0.37601286,0.116078466,0.74435335,0.0041097556,0.09519576,0.026165573,0.5581595,0.15685253,null,null,null,null,"TWOGAUSSIANS",8,4.2249236,0.74435335,0.0041097556,0.4,0.0,0.49665958,0.0674534,0.2513584,0.008256559,0.4,0.015446036,0.31425282,0.029196145
375316653866487564,4074383513761212672,0.5641021,2239.7069991192016,1.671280564711216,5.0325474E-5,18.49465,0.0076901913,0.26006246,0.004735339,0.05681644,0.008044549,0.17192072,0.08462522,0.75102615,0.016235342,0.045330264,0.026804278,0.46179983,0.29792953,null,null,null,null,"TWOGAUSSIANS",8,1.4143974,0.75102615,0.016235342,0.25384948,0.14012823,0.4617977,0.29815447,0.26006246,0.004735339,0.31817207,0.045049474,0.17191859,0.08462633
375316653866487564,4074383792942688000,0.61570305,2241.969057098058,2.7255271049124343,6.177856E-6,17.532892,0.0115647875,0.23103325,0.0039294916,0.09927611,0.008011061,0.25856793,0.012853865,0.72959334,0.0014029676,0.09926632,0.0044921627,0.27631396,0.010770285,null,null,null,null,"TWOGAUSSIANS",8,1.9480377,0.72959334,0.0014029676,0.4,0.0,0.25429332,0.0057077566,0.23103325,0.0039294916,0.4,0.0,0.23654741,0.014763484
375316653866487564,4074384166599103104,0.53591144,2176.245537607913,0.21306944322981156,2.3837922E-5,18.457432,0.0069478485,0.46378106,0.006940022,0.042252604,0.010918776,0.1179884,0.012838854,0.25888744,0.020741142,0.07654822,0.04756206,0.15574007,0.20752609,null,null,null,null,"TWOGAUSSIANS",8,1.183066,0.25888744,0.020771137,0.4,0.17226672,0.15574099,0.20759207,0.46131104,0.0033976978,0.23661457,0.061145145,0.122506835,0.010208893
375316653866487564,4074384170899812352,0.50246716,2201.3964716193323,2.2884192238590515,1.2325222E-5,16.092405,0.0938227,0.22823472,0.0044729207,0.059932437,0.019305129,0.24464813,0.19054104,null,null,null,null,null,null,0.10724912,0.101812966,0.22823472,0.0044729207,"ONEGAUSSIAN_WITH_ELLIPSOIDAL",6,185.9043,0.22823472,0.0044729207,0.33562163,0.0849472,0.4591058,0.031220797,null,null,null,null,null,null
