Gaia/vari_eclipsing_binary/VariEclipsingBinary_676547-676568.csv
# %ECSV 1.0
# ---
# delimiter: ','
# meta: !!omap
# - RELEASE: Gaia DR3
# - TABLE: vari_eclipsing_binary
# - DESCRIPTION: >
#     This table describes the properties of the eclipsing binaries resulting from the variability analysis. 
# - CITATION: >
#     How to cite and acknowledge Gaia: 
#     https://gea.esac.esa.int/archive/documentation/credits.html 
# - KNOWN_ISSUES: >
#     Known issues: 
#     https://www.cosmos.esa.int/web/gaia-users/known-issues 
# - DOCUMENTATION: >
#     Tutorials and documentation: 
#     https://www.cosmos.esa.int/web/gaia-users/archive 
# datatype:
# - 
#   name: solution_id
#   datatype: int64
#   description: Solution Identifier
#   meta:
#     ucd: meta.version
# - 
#   name: source_id
#   datatype: int64
#   description: Unique source identifier
#   meta:
#     ucd: meta.id;meta.main
# - 
#   name: global_ranking
#   datatype: float32
#   description: Number between 0 (worst) and 1 (best)
#   meta:
#     ucd: stat.param
# - 
#   name: reference_time
#   datatype: float64
#   unit: d
#   description: Reference time used for the geometric model fit
#   meta:
#     ucd: time.epoch
# - 
#   name: frequency
#   datatype: float64
#   unit: d**-1
#   description: Frequency of geometric model of the eclipsing binary light curve
#   meta:
#     ucd: src.orbital
# - 
#   name: frequency_error
#   datatype: float32
#   unit: d**-1
#   description: "Uncertainty of \\texttt{frequency}"
#   meta:
#     ucd: stat.error
# - 
#   name: geom_model_reference_level
#   datatype: float32
#   unit: mag
#   description: Magnitude reference level of geometric model
#   meta:
#     ucd: phot.mag;em.opt
# - 
#   name: geom_model_reference_level_error
#   datatype: float32
#   unit: mag
#   description: "Uncertainty of \\texttt{geomModelReferenceLevel}"
#   meta:
#     ucd: stat.error;phot.mag;em.opt
# - 
#   name: geom_model_gaussian1_phase
#   datatype: float32
#   description: Phase of the Gaussian 1 component
#   meta:
#     ucd: time.phase
# - 
#   name: geom_model_gaussian1_phase_error
#   datatype: float32
#   description: "Uncertainty of \\texttt{geomModelGaussian1Phase}"
#   meta:
#     ucd: stat.error;time.phase
# - 
#   name: geom_model_gaussian1_sigma
#   datatype: float32
#   description: "Standard deviation [phase] of Gaussian 1 component"
#   meta:
#     ucd: stat.stdev
# - 
#   name: geom_model_gaussian1_sigma_error
#   datatype: float32
#   description: "Uncertainty of \\texttt{geomModelGaussian1Sigma}"
#   meta:
#     ucd: stat.error
# - 
#   name: geom_model_gaussian1_depth
#   datatype: float32
#   unit: mag
#   description: Magnitude depth of Gaussian 1 component
#   meta:
#     ucd: src.var.amplitude
# - 
#   name: geom_model_gaussian1_depth_error
#   datatype: float32
#   unit: mag
#   description: "Uncertainty of \\texttt{geomModelGaussian1Depth}"
#   meta:
#     ucd: stat.error;src.var.amplitude
# - 
#   name: geom_model_gaussian2_phase
#   datatype: float32
#   description: Phase of Gaussian 2 component
#   meta:
#     ucd: time.phase
# - 
#   name: geom_model_gaussian2_phase_error
#   datatype: float32
#   description: "Uncertainty of \\texttt{geomModelGaussian2Phase}"
#   meta:
#     ucd: stat.error;time.phase
# - 
#   name: geom_model_gaussian2_sigma
#   datatype: float32
[...]
#   datatype: float32
#   description: "Secondary eclipse: uncertainty of \\texttt{derivedSecondaryEclDuration}"
#   meta:
#     ucd: stat.error;time.duration
# - 
#   name: derived_secondary_ecl_depth
#   datatype: float32
#   unit: mag
#   description: "Secondary eclipse: depth"
#   meta:
#     ucd: src.var.amplitude
# - 
#   name: derived_secondary_ecl_depth_error
#   datatype: float32
#   unit: mag
#   description: "Secondary eclipse: uncertainty of \\texttt{derivedSecondaryEclDepth}"
#   meta:
#     ucd: stat.error;src.var.amplitude
solution_id,source_id,global_ranking,reference_time,frequency,frequency_error,geom_model_reference_level,geom_model_reference_level_error,geom_model_gaussian1_phase,geom_model_gaussian1_phase_error,geom_model_gaussian1_sigma,geom_model_gaussian1_sigma_error,geom_model_gaussian1_depth,geom_model_gaussian1_depth_error,geom_model_gaussian2_phase,geom_model_gaussian2_phase_error,geom_model_gaussian2_sigma,geom_model_gaussian2_sigma_error,geom_model_gaussian2_depth,geom_model_gaussian2_depth_error,geom_model_cosine_half_period_amplitude,geom_model_cosine_half_period_amplitude_error,geom_model_cosine_half_period_phase,geom_model_cosine_half_period_phase_error,model_type,num_model_parameters,reduced_chi2,derived_primary_ecl_phase,derived_primary_ecl_phase_error,derived_primary_ecl_duration,derived_primary_ecl_duration_error,derived_primary_ecl_depth,derived_primary_ecl_depth_error,derived_secondary_ecl_phase,derived_secondary_ecl_phase_error,derived_secondary_ecl_duration,derived_secondary_ecl_duration_error,derived_secondary_ecl_depth,derived_secondary_ecl_depth_error
[from data line 410]
375316653866487564,5951102390376844800,0.4565605,2175.164208296098,2.003749967026795,7.468564E-5,15.769396,0.042293534,0.3269319,0.0213381,0.20290306,0.10588068,0.07318292,0.03636795,0.8745356,0.058247425,0.063756965,0.051477786,0.026896121,0.019077117,null,null,null,null,"TWOGAUSSIANS",8,3.6081,0.3269319,0.0213381,0.4,0.0,0.06000906,0.010491723,0.8818256,0.05121549,0.357039,0.2882756,0.02188391,0.011894675
375316653866487564,5951102463441132800,0.5848206,2268.30140695705,0.03774511057484905,1.7438414E-4,16.364822,0.00536252,0.4858591,2.1873425E-4,0.0036857724,2.719246E-4,1.650462,0.14581302,0.8835875,0.04700148,0.023096045,0.027421001,0.17457871,4.6577597,null,null,null,null,"TWOGAUSSIANS",8,115.77275,0.4858591,2.1873425E-4,0.020640325,0.0015227777,1.650462,0.14581302,0.8835875,0.04700148,0.12933786,0.1535576,0.17457871,4.6577597
375316653866487564,5951102837053019264,0.6189966,2223.528974444418,3.106550941854452,7.820357E-6,17.482279,0.004872463,0.25570467,0.004181075,0.078518175,0.005375127,0.57799363,0.02574618,0.7523197,0.0029170476,0.07069283,0.0026160772,0.53168863,0.010240664,null,null,null,null,"TWOGAUSSIANS",8,6.123182,0.25570467,0.004181075,0.4,0.0,0.57424635,0.026374964,0.7523197,0.0029170476,0.39587983,0.0086789625,0.5279414,0.010430803
375316653866487564,5951102871412779904,0.6168069,2212.307328349154,2.676255078275986,1.7080616E-5,18.506765,0.023504568,0.26627308,0.0033041437,0.055447754,0.0074088643,0.3828883,0.046100773,0.76701885,0.00386796,0.04626762,0.006049358,0.36476022,0.05175217,0.10855333,0.028778194,0.26627308,0.0033041437,"TWOGAUSSIANS_WITH_ELLIPSOIDAL_ON_ECLIPSE1",9,3.6922023,0.26627308,0.0033041437,0.31050742,0.04148964,0.5999798,0.018107211,0.76701885,0.0038452973,0.25909868,0.033876404,0.581847,0.016179975
375316653866487564,5951103318090271872,0.52267367,2274.4234634702016,1.6707696386666588,2.8742103E-5,18.225582,0.01682712,0.30360144,0.008300915,0.04698864,0.009399331,0.31142944,0.06018388,0.79529595,0.0025490844,0.05541142,0.005175415,0.4825425,0.03181769,null,null,null,null,"TWOGAUSSIANS",8,17.217613,0.79529595,0.0025490844,0.31030396,0.028982325,0.482539,0.031824715,0.30360144,0.008300915,0.2631364,0.05263626,0.31142592,0.060188778
375316653866487564,5951103524248243584,0.5154253,2253.567074978311,0.8765403948531111,7.4253454E-5,17.700182,0.007469412,0.24469934,0.09515737,0.05932953,0.03373621,0.14769351,3.0407455,0.66257375,0.025133407,0.09032376,0.013147134,0.24474926,0.031812932,null,null,null,null,"TWOGAUSSIANS",8,5.22616,0.66257375,0.025133407,0.4,0.0,0.2445461,0.030396493,0.24470934,0.09596288,0.33224535,0.18892278,0.14749588,3.0409122
375316653866487564,5951103528539206272,0.45597506,2280.504057796895,0.7716874034062775,1.3642682E-4,19.656307,0.038331036,0.37069407,0.009688798,0.025535528,0.0059823017,0.47153702,0.08635233,0.112082854,0.03477638,0.08589668,0.024183601,0.09635957,0.05097578,null,null,null,null,"TWOGAUSSIANS",8,5.5855484,0.37064406,0.009679372,0.14299895,0.03350089,0.47257444,0.08716599,0.112082854,0.03477638,0.4,0.0,0.096359566,0.050975405
375316653866487564,5951103730419145088,0.46095943,2248.7746584917295,0.22493487897784184,5.272314E-5,19.318745,0.09839321,0.19903003,0.016803434,0.083992556,0.06563571,0.35747087,0.07340437,0.62449753,0.015656114,0.10442609,0.02217646,0.34003654,0.124491595,null,null,null,null,"TWOGAUSSIANS",8,5.9870577,0.19910002,0.016506469,0.4,0.0,0.3509448,0.12515573,0.62449753,0.015656114,0.4,0.0,0.33342674,0.1009553
375316653866487564,5951103970924497536,0.48227626,2210.8891300034093,2.617278483748526,1.752597E-5,18.172249,0.0027530913,0.7008731,0.005605136,0.02821064,0.019003097,0.15486288,5.7363956E7,null,null,null,null,null,null,0.051401358,0.0031019412,0.7008731,0.005605136,"ONEGAUSSIAN_WITH_ELLIPSOIDAL",6,2.1755028,0.7008731,0.005605136,0.15797958,0.10641734,0.25766557,5.7363956E7,null,null,null,null,null,null
375316653866487564,5951104074004151808,0.5633272,2222.973603427116,2.855719277759152,2.5669404E-5,19.130901,0.012608008,0.33282483,0.0077221277,0.068346724,0.011526684,0.51849097,0.15310636,0.836431,0.0028127905,0.07007578,0.0041609434,0.619121,0.016222112,null,null,null,null,"TWOGAUSSIANS",8,2.8401914,0.836431,0.0028127905,0.39242437,0.015429677,0.61760587,0.016006362,0.33282483,0.0077221277,0.38274163,0.036730543,0.5169758,0.15488519
375316653866487564,5951104147014834432,0.4670726,2214.9008132361605,1.5623647611210008,6.974561E-5,18.546698,0.011310142,0.30466112,0.016161963,0.11814001,0.022659924,0.09704893,0.013194632,0.7961041,0.007880314,0.05373076,0.009493788,0.3310671,0.040044963,null,null,null,null,"TWOGAUSSIANS",8,9.245677,0.7961041,0.007880314,0.30089226,0.053165212,0.32793093,0.04084203,0.30466112,0.016161963,0.4,0.0,0.09388662,0.011246343
375316653866487564,5951104314521916800,0.5575741,2223.7216710070998,2.641563603501583,2.1864385E-5,18.515236,0.015318507,0.24405162,0.0059700264,0.08366944,0.008353607,0.2740571,0.01871398,0.757991,0.0057417797,0.08194449,0.0065663233,0.35161522,0.016993273,null,null,null,null,"TWOGAUSSIANS",8,4.1544847,0.757991,0.0057417797,0.4,0.0,0.34659413,0.014510991,0.24405162,0.0059700264,0.4,0.0,0.269036,0.016106246
375316653866487564,5951104834209398528,0.57176197,2262.605407650381,2.4844059850039915,1.559527E-5,18.45505,0.019380998,0.2878321,0.01119062,0.084453195,0.010935637,0.37249947,0.024653511,0.8007106,0.005900178,0.09609079,0.008604289,0.3297024,0.023305034,null,null,null,null,"TWOGAUSSIANS",8,2.936137,0.2878321,0.01119062,0.4,0.0,0.36019108,0.019204453,0.8007106,0.005900178,0.4,0.0,0.31739298,0.022109449
375316653866487564,5951104971648595584,0.44933355,2258.0237507818974,2.372950462259636,2.8261615E-5,16.611628,0.004339285,null,null,null,null,null,null,null,null,null,null,null,null,0.059263326,0.0067294273,0.3169507,0.0072425785,"ELLIPSOIDAL",4,28.071049,null,null,null,null,null,null,null,null,null,null,null,null
375316653866487564,5951105040367748480,0.5018058,2245.044314015037,3.0065782156826066,9.884323E-6,19.747345,0.0072795674,0.2661519,0.003310024,0.013073329,0.0027367165,0.53630847,0.6424548,null,null,null,null,null,null,0.11560959,0.012047015,0.2661519,0.003310024,"ONEGAUSSIAN_WITH_ELLIPSOIDAL",6,2.6254718,0.2661519,0.003310024,0.07321064,0.015325612,0.76752746,0.6444872,null,null,null,null,null,null
375316653866487564,5951105139155660288,0.55377924,2248.8093307980025,3.7657316213418954,2.6521197E-5,17.560413,0.010314766,0.2585621,0.008440964,0.08801781,0.01134793,0.23662826,0.013797734,0.7758228,0.005497286,0.08461196,0.006313963,0.2977462,0.012554132,null,null,null,null,"TWOGAUSSIANS",8,7.0509486,0.7758228,0.005497286,0.4,0.0,0.29180497,0.010243362,0.2585621,0.008440964,0.4,0.0,0.23068699,0.013217185
375316653866487564,5951105452684900864,0.50380075,2271.029024204229,2.588476256665961,2.9594148E-5,19.032091,0.01791154,0.1295543,0.012449867,0.073447905,0.028132869,0.37230986,0.12380616,0.6483124,0.010979204,0.073516615,0.014988924,0.35121372,0.025506193,null,null,null,null,"TWOGAUSSIANS",8,4.9274106,0.1295543,0.012449867,0.4,0.04346737,0.37088534,0.13129047,0.6483124,0.010979204,0.4,0.01202126,0.34978917,0.023411779
375316653866487564,5951105658907309568,0.50316775,2230.13015875961,2.5945169176224616,3.125967E-5,19.082756,0.010959823,0.26029494,0.008592418,0.065773845,0.00892696,0.4891101,0.08324632,0.77645975,0.0052637565,0.07318177,0.0061398577,0.3627594,0.04181975,null,null,null,null,"TWOGAUSSIANS",8,5.432644,0.26029494,0.008592418,0.36833352,0.045892406,0.48826963,0.08355287,0.77645975,0.0052637565,0.4,0.007738748,0.36191893,0.04195646
375316653866487564,5951105693203384192,0.52699244,2235.1648095589153,2.5369239947245537,3.408333E-5,19.064327,0.019935135,0.30003116,0.0065827016,0.07646621,0.007873108,0.4018425,0.01945885,0.7715611,0.011405535,0.07230999,0.014089057,0.32022393,0.03351889,null,null,null,null,"TWOGAUSSIANS",8,4.8060308,0.30003116,0.0065827016,0.4,0.0,0.40053308,0.018518567,0.7715611,0.011405535,0.4,0.036993675,0.3189145,0.0333108
375316653866487564,5951105865002149120,0.5573239,2244.3816232732665,2.2089577543919825,1.5654474E-5,18.503777,0.011890438,0.24181196,0.0029149423,0.0921359,0.005764591,0.24914922,0.013310342,0.7346419,0.0032695932,0.08780608,0.005077283,0.2863421,0.013037817,null,null,null,null,"TWOGAUSSIANS",8,2.2272446,0.7346419,0.0032695932,0.4,0.0,0.27630582,0.010053517,0.24181196,0.0029149423,0.4,0.0,0.23911276,0.010830816
375316653866487564,5951106719703579008,0.6196502,2229.6053271912792,0.6630348189205351,6.5453987E-6,18.293692,0.0048241685,0.101283215,0.006239751,0.032330446,0.0027693724,1.1097777,0.110035926,0.59618396,0.010106442,0.034085635,0.010533456,0.11178605,0.0071578645,null,null,null,null,"TWOGAUSSIANS",8,3.627623,0.101283215,0.006239751,0.18105051,0.015508485,1.1097777,0.110035926,0.59618396,0.010106442,0.19087955,0.058987353,0.11178605,0.0071578645
375316653866487564,5951106895794443648,0.4624679,2229.9430937506318,4.422989298841267,2.9484523E-5,19.514286,0.014826302,0.19484398,0.016606765,0.088941425,0.022238387,0.21487105,0.029527009,0.7187307,0.0075750775,0.07947208,0.009643629,0.22009656,0.022039138,null,null,null,null,"TWOGAUSSIANS",8,1.7734045,0.7187307,0.0075750775,0.4,0.0,0.2166604,0.021255258,0.19484398,0.016606765,0.4,0.0,0.21143475,0.03359498
375316653866487564,5951107028941151872,0.5026699,2273.1462026036465,3.100041890844032,3.200061E-5,19.217438,0.06205421,0.27761558,0.0076400083,0.10158916,0.017926551,0.42472818,0.058107525,0.7577944,0.014351143,0.10716225,0.015887767,0.49882135,0.06345536,null,null,null,null,"TWOGAUSSIANS",8,3.4159687,0.7577944,0.014351143,0.4,0.0,0.45731047,0.019035758,0.27763557,0.0076137814,0.4,0.0,0.3832361,0.02265204
375316653866487564,5951107033286557312,0.54004705,2261.5705782247906,1.2418272349035353,4.5518147E-5,18.318985,0.0055157826,0.196468,0.010754249,0.04018924,0.013551928,0.4733585,0.25322622,0.73094714,0.043970235,0.028736612,0.036673468,0.33202454,0.32293507,null,null,null,null,"TWOGAUSSIANS",8,3.0752199,0.196468,0.010754249,0.22505975,0.075890794,0.4733585,0.25322616,0.73094714,0.043970235,0.16092502,0.20537142,0.33202454,0.3229361
375316653866487564,5951107303819618432,0.5926428,2251.0155953309527,2.5840755195717224,1.5087019E-5,16.663218,0.01295263,0.26972806,0.006727107,0.106356025,0.0127227055,0.13234733,0.012584666,0.75761586,0.0028705052,0.10640411,0.007857197,0.20370297,0.011608295,null,null,null,null,"TWOGAUSSIANS",8,2.7639935,0.75761586,0.0028705052,0.4,0.0,0.18566754,0.004623429,0.26973808,0.006742092,0.4,0.0,0.11431455,0.0049737166
375316653866487564,5951107406898908800,0.5414988,2237.0942979914244,0.8152511783091305,2.6467596E-5,16.510588,0.0016308927,0.23644654,0.009563883,0.04017953,0.008964237,0.049415898,0.015132071,0.7358023,0.0031589502,0.048074152,0.0049591106,0.15482979,0.016583668,null,null,null,null,"TWOGAUSSIANS",8,4.7497416,0.7358023,0.0031589502,0.26921526,0.027771018,0.15482977,0.016583735,0.23644654,0.009563883,0.22500537,0.05019973,0.04941588,0.01513209
375316653866487564,5951107578697914624,0.4941307,2257.7095095069226,0.7284644358729147,8.805997E-5,17.510311,0.0028431015,0.3539841,0.009966398,0.04213029,0.012246428,0.024512878,0.04896041,0.7237273,0.0049479823,0.0467064,0.007960362,0.1387209,0.03980288,0.017955754,0.003819369,0.3539841,0.009966398,"TWOGAUSSIANS_WITH_ELLIPSOIDAL_ON_ECLIPSE1",9,3.8346326,0.7272873,0.00482179,0.26155585,0.044578027,0.15589142,0.04069502,0.3539841,0.009966398,0.23592962,0.06858,0.060424365,0.049290568
375316653866487564,5951107887935229312,0.42759234,2245.8494648472533,1.9533498494553176,4.1266187E-5,15.528391,0.0022800153,null,null,null,null,null,null,null,null,null,null,null,null,0.017961908,0.0023582447,0.2064143,0.014369557,"ELLIPSOIDAL",4,24.006424,null,null,null,null,null,null,null,null,null,null,null,null
375316653866487564,5951108373264061184,0.58563364,2280.9946896090937,0.07405504680903018,3.4804216E-6,18.165249,0.0021989734,0.21541902,0.12502778,0.11490336,0.064326525,0.008060058,0.0077941385,0.678661,5.4345343E-5,0.0026958096,7.112639E-5,0.33011886,0.005144378,null,null,null,null,"TWOGAUSSIANS",8,0.48115957,0.678661,5.4345343E-5,0.015096533,3.9830778E-4,0.33012015,0.005143257,0.21541902,0.12502778,0.4,0.0,0.008058812,0.00779524
375316653866487564,5951108441983686912,0.543552,2278.462792467862,2.5560489451766606,1.7162954E-5,19.812557,0.013584231,0.24366866,0.0028734412,0.07185614,0.004931714,0.48532072,0.037708253,0.752901,0.0053388597,0.08756985,0.0064712767,0.4181143,0.031251784,null,null,null,null,"TWOGAUSSIANS",8,1.2158239,0.24366866,0.0028734412,0.4,0.0072654793,0.47990984,0.038634323,0.752901,0.0053388597,0.4,0.0,0.41270337,0.03138095
375316653866487564,5951108648194365824,0.5322421,2248.7378858149004,1.3459688626650261,1.177965E-4,15.465611,0.0020346695,0.2784358,0.007101864,0.035631854,0.011457387,0.06958507,0.013319932,0.7893291,0.010507562,0.038087595,0.013239431,0.16827229,0.120628655,0.011344887,0.0034580056,0.7893291,0.010507562,"TWOGAUSSIANS_WITH_ELLIPSOIDAL_ON_ECLIPSE2",9,19.873203,0.7893291,0.010507562,0.21329053,0.07414082,0.19096203,0.12297851,0.2787758,0.006841707,0.19953838,0.06416137,0.09217202,0.013593096
375316653866487564,5951108888659555584,0.5249914,2238.1792489666386,2.9037357207180894,1.5692303E-5,18.734852,0.014718238,0.22400506,0.029863123,0.06609884,0.02622608,0.283577,0.046798646,0.7378839,0.003684642,0.08760758,0.007691517,0.2798646,0.014797572,null,null,null,null,"TWOGAUSSIANS",8,4.512913,0.22400506,0.029863123,0.37015352,0.14686604,0.28149444,0.045373805,0.7378839,0.003684642,0.4,0.0,0.277782,0.014301372
375316653866487564,5951109021824590848,0.49616528,2244.4765874001832,0.13744595127307016,3.248818E-5,16.291235,0.036974788,0.45807618,0.07322824,0.22995117,0.17974854,0.030504895,0.032598816,0.86510456,0.0071227984,0.038533155,0.0038911586,0.41446835,0.10716964,null,null,null,null,"TWOGAUSSIANS",8,15.019706,0.86510456,0.0071227984,0.21578567,0.021790488,0.4153291,0.10521563,0.45807618,0.07322824,0.4,0.0,0.023904638,0.0068987925
375316653866487564,5951109163540664576,0.44573066,2259.507491424857,0.08528051285518237,4.0442486E-5,19.224394,0.03971564,0.13026853,0.012533549,0.1214608,0.051004793,0.1447843,0.023572594,0.60205984,0.01716913,0.06334946,0.018226352,0.22066073,0.09543475,null,null,null,null,"TWOGAUSSIANS",8,2.7867985,0.60205984,0.01716913,0.35475698,0.10206757,0.21548401,0.09319007,0.13026853,0.012533549,0.4,0.0,0.1395196,0.022493398
375316653866487564,5951109266669624064,0.5631715,2226.3190317335466,2.446409593499032,1.4918137E-5,16.1032,0.026176665,0.28218514,0.0061481297,0.046323076,0.025642358,0.096842244,0.059414677,0.788704,0.028099084,0.046895336,0.02667201,0.115654886,0.4041305,0.10384231,0.031099644,0.28218514,0.0061481297,"TWOGAUSSIANS_WITH_ELLIPSOIDAL_ON_ECLIPSE1",9,42.586376,0.788704,0.023624165,0.26261386,0.14936325,0.3229909,0.4035084,0.28218514,0.0061481297,0.25940922,0.1435972,0.30452648,0.019354237
375316653866487564,5951109296684088576,0.57975674,2220.0346335421605,2.314787595778593,5.026978E-5,18.238113,0.011217598,0.23035713,0.0046907184,0.019505082,0.006146993,0.3062497,0.2235928,0.6870232,0.008822595,0.048069656,0.01096732,0.23343225,0.050312698,0.11072666,0.01503322,0.23035713,0.0046907184,"TWOGAUSSIANS_WITH_ELLIPSOIDAL_ON_ECLIPSE1",9,4.3713427,0.23035713,0.0046907184,0.10922846,0.03442316,0.5277018,0.24081798,0.69326323,0.00946476,0.26919007,0.061416987,0.44111258,0.05224569
