Gaia/vari_eclipsing_binary/VariEclipsingBinary_470029-470065.csv
# %ECSV 1.0
# ---
# delimiter: ','
# meta: !!omap
# - RELEASE: Gaia DR3
# - TABLE: vari_eclipsing_binary
# - DESCRIPTION: >
#     This table describes the properties of the eclipsing binaries resulting from the variability analysis. 
# - CITATION: >
#     How to cite and acknowledge Gaia: 
#     https://gea.esac.esa.int/archive/documentation/credits.html 
# - KNOWN_ISSUES: >
#     Known issues: 
#     https://www.cosmos.esa.int/web/gaia-users/known-issues 
# - DOCUMENTATION: >
#     Tutorials and documentation: 
#     https://www.cosmos.esa.int/web/gaia-users/archive 
# datatype:
# - 
#   name: solution_id
#   datatype: int64
#   description: Solution Identifier
#   meta:
#     ucd: meta.version
# - 
#   name: source_id
#   datatype: int64
#   description: Unique source identifier
#   meta:
#     ucd: meta.id;meta.main
# - 
#   name: global_ranking
#   datatype: float32
#   description: Number between 0 (worst) and 1 (best)
#   meta:
#     ucd: stat.param
# - 
#   name: reference_time
#   datatype: float64
#   unit: d
#   description: Reference time used for the geometric model fit
#   meta:
#     ucd: time.epoch
# - 
#   name: frequency
#   datatype: float64
#   unit: d**-1
#   description: Frequency of geometric model of the eclipsing binary light curve
#   meta:
#     ucd: src.orbital
# - 
#   name: frequency_error
#   datatype: float32
#   unit: d**-1
#   description: "Uncertainty of \\texttt{frequency}"
#   meta:
#     ucd: stat.error
# - 
#   name: geom_model_reference_level
#   datatype: float32
#   unit: mag
#   description: Magnitude reference level of geometric model
#   meta:
#     ucd: phot.mag;em.opt
# - 
#   name: geom_model_reference_level_error
#   datatype: float32
#   unit: mag
#   description: "Uncertainty of \\texttt{geomModelReferenceLevel}"
#   meta:
#     ucd: stat.error;phot.mag;em.opt
# - 
#   name: geom_model_gaussian1_phase
#   datatype: float32
#   description: Phase of the Gaussian 1 component
#   meta:
#     ucd: time.phase
# - 
#   name: geom_model_gaussian1_phase_error
#   datatype: float32
#   description: "Uncertainty of \\texttt{geomModelGaussian1Phase}"
#   meta:
#     ucd: stat.error;time.phase
# - 
#   name: geom_model_gaussian1_sigma
#   datatype: float32
#   description: "Standard deviation [phase] of Gaussian 1 component"
#   meta:
#     ucd: stat.stdev
# - 
#   name: geom_model_gaussian1_sigma_error
#   datatype: float32
#   description: "Uncertainty of \\texttt{geomModelGaussian1Sigma}"
#   meta:
#     ucd: stat.error
# - 
#   name: geom_model_gaussian1_depth
#   datatype: float32
#   unit: mag
#   description: Magnitude depth of Gaussian 1 component
#   meta:
#     ucd: src.var.amplitude
# - 
#   name: geom_model_gaussian1_depth_error
#   datatype: float32
#   unit: mag
#   description: "Uncertainty of \\texttt{geomModelGaussian1Depth}"
#   meta:
#     ucd: stat.error;src.var.amplitude
# - 
#   name: geom_model_gaussian2_phase
#   datatype: float32
#   description: Phase of Gaussian 2 component
#   meta:
#     ucd: time.phase
# - 
#   name: geom_model_gaussian2_phase_error
#   datatype: float32
#   description: "Uncertainty of \\texttt{geomModelGaussian2Phase}"
#   meta:
#     ucd: stat.error;time.phase
# - 
#   name: geom_model_gaussian2_sigma
#   datatype: float32
[...]
#   datatype: float32
#   description: "Secondary eclipse: uncertainty of \\texttt{derivedSecondaryEclDuration}"
#   meta:
#     ucd: stat.error;time.duration
# - 
#   name: derived_secondary_ecl_depth
#   datatype: float32
#   unit: mag
#   description: "Secondary eclipse: depth"
#   meta:
#     ucd: src.var.amplitude
# - 
#   name: derived_secondary_ecl_depth_error
#   datatype: float32
#   unit: mag
#   description: "Secondary eclipse: uncertainty of \\texttt{derivedSecondaryEclDepth}"
#   meta:
#     ucd: stat.error;src.var.amplitude
solution_id,source_id,global_ranking,reference_time,frequency,frequency_error,geom_model_reference_level,geom_model_reference_level_error,geom_model_gaussian1_phase,geom_model_gaussian1_phase_error,geom_model_gaussian1_sigma,geom_model_gaussian1_sigma_error,geom_model_gaussian1_depth,geom_model_gaussian1_depth_error,geom_model_gaussian2_phase,geom_model_gaussian2_phase_error,geom_model_gaussian2_sigma,geom_model_gaussian2_sigma_error,geom_model_gaussian2_depth,geom_model_gaussian2_depth_error,geom_model_cosine_half_period_amplitude,geom_model_cosine_half_period_amplitude_error,geom_model_cosine_half_period_phase,geom_model_cosine_half_period_phase_error,model_type,num_model_parameters,reduced_chi2,derived_primary_ecl_phase,derived_primary_ecl_phase_error,derived_primary_ecl_duration,derived_primary_ecl_duration_error,derived_primary_ecl_depth,derived_primary_ecl_depth_error,derived_secondary_ecl_phase,derived_secondary_ecl_phase_error,derived_secondary_ecl_duration,derived_secondary_ecl_duration_error,derived_secondary_ecl_depth,derived_secondary_ecl_depth_error
[from data line 332]
375316653866487564,4134620090782031744,0.53794044,2263.9429024618557,3.1008773232234614,1.7352893E-5,19.022879,0.056041144,0.30661824,0.0041382434,0.099226944,0.01832658,0.31717744,0.049209796,0.81682837,0.010111861,0.10477548,0.02898322,0.27285478,0.04930981,null,null,null,null,"TWOGAUSSIANS",8,1.2646409,0.30661824,0.0041229045,0.4,0.0,0.29148558,0.014648731,0.81682837,0.010122095,0.4,0.0,0.24715824,0.047729768
375316653866487564,4134620537479009792,0.67088765,2261.594578131509,0.6205422653548044,7.617594E-6,16.895737,0.003187725,0.23564684,3.255403E-4,0.031294513,9.423057E-4,0.31096888,0.00677892,0.73233324,1.8371952E-4,0.03418063,7.428991E-4,0.30264917,0.012941139,0.010664374,0.0045144362,0.23564684,3.255403E-4,"TWOGAUSSIANS_WITH_ELLIPSOIDAL_ON_ECLIPSE1",9,2.9467516,0.23564684,3.255403E-4,0.17524928,0.0052769124,0.3322976,0.0053512896,0.7323532,1.9315534E-4,0.19141153,0.0041602347,0.3239687,0.0073886747
375316653866487564,4134620773679293312,0.5995924,2231.3568195491707,1.983964434926463,9.812945E-6,17.960386,0.010610401,0.23367508,0.004873753,0.08779639,0.0057187574,0.38751444,0.01455406,0.7345129,0.00331973,0.09537045,0.005905948,0.2951142,0.011299208,null,null,null,null,"TWOGAUSSIANS",8,2.8655746,0.23367508,0.004873753,0.4,0.0,0.37156397,0.014267503,0.7345129,0.00331973,0.4,0.0,0.27916315,0.009696
375316653866487564,4134623148801684736,0.45073023,2249.4784913629023,3.063261867807292,6.4671425E-5,18.731258,0.049388032,0.25764406,0.020500785,0.069426335,0.031060139,0.50608844,1.3642141,0.7691346,0.013116369,0.082530156,0.02306196,0.38829282,0.043957353,null,null,null,null,"TWOGAUSSIANS",8,12.015906,0.25764406,0.020500785,0.38878748,0.15967298,0.5030695,1.3673136,0.7691346,0.013116369,0.4,0.0,0.3852739,0.041266672
375316653866487564,4134624037856961664,0.57718337,2302.0913809282442,2.718644156410573,1.1375639E-5,17.966736,0.0036381467,0.2933909,0.0023566943,0.020320248,0.009423391,0.05998592,0.02476583,0.7893036,0.004755375,0.04590621,0.0053364336,0.08482756,0.01030489,0.0718052,0.004703353,0.2933909,0.0023566943,"TWOGAUSSIANS_WITH_ELLIPSOIDAL_ON_ECLIPSE1",9,2.0180483,0.7902036,0.0035013286,0.25707477,0.029884027,0.22836389,0.007749722,0.2933909,0.0023566943,0.11379338,0.05277099,0.20359614,0.028974531
375316653866487564,4134624037856970496,0.61123633,2305.3464529130697,1.6065103857017764,1.0576345E-5,16.142466,0.016933342,0.29107773,0.0044616796,0.080668285,0.007452634,0.4487099,0.016308894,0.8016184,0.0033851692,0.09247355,0.009563425,0.18314572,0.015155079,null,null,null,null,"TWOGAUSSIANS",8,18.445457,0.29107773,0.0044616796,0.4,0.0,0.44165167,0.01163328,0.8016184,0.0033851692,0.4,0.0,0.1760873,0.009222363
375316653866487564,4134624381454394368,0.5391019,2308.280986078527,2.2003807972231497,1.3257055E-5,18.249908,0.009014222,0.21554177,0.0035394696,0.08069502,0.005989523,0.2924343,0.019054355,0.7205657,0.0030073337,0.07753292,0.004016418,0.31875208,0.011398404,null,null,null,null,"TWOGAUSSIANS",8,4.6128483,0.7205657,0.0030073337,0.4,0.0,0.31501025,0.010649003,0.21554177,0.0035394696,0.4,0.0,0.2886925,0.019893652
375316653866487564,4134624591929031552,0.6305411,2249.3258272836765,3.2805941421451084,6.765925E-6,14.867859,0.020097,0.20908727,0.0024203828,0.05753399,0.010561737,0.23453872,0.03766977,0.7065341,0.0036967755,0.05641413,0.0042122942,0.33605516,0.04903854,0.10554414,0.021847213,0.20908727,0.0024203828,"TWOGAUSSIANS_WITH_ELLIPSOIDAL_ON_ECLIPSE1",9,91.07516,0.7068841,0.003219397,0.31591913,0.02358885,0.5470628,0.022239102,0.20908727,0.0024203828,0.32219034,0.05914573,0.4455933,0.010758133
375316653866487564,4134625347843348096,0.6342882,2278.027285345261,2.264287515376052,7.880547E-6,15.966753,0.003694398,0.3010778,0.0015545094,0.04834003,0.008059966,0.082032785,0.011493563,0.80956423,0.016488213,0.045926414,0.01575104,0.0533883,0.013102938,0.103193626,0.005370559,0.3010778,0.0015545094,"TWOGAUSSIANS_WITH_ELLIPSOIDAL_ON_ECLIPSE1",9,8.548671,0.3010778,0.0015545094,0.27070418,0.04513581,0.28841984,0.00762003,0.80956423,0.016488213,0.25718793,0.08820583,0.25918913,0.012799251
375316653866487564,4134625618401770496,0.533782,2213.060481816174,2.8563149333268907,1.3784298E-5,17.552937,0.50460356,0.24717991,0.006515577,0.12763765,0.048527993,0.28239113,0.3662056,0.7514418,0.0034811662,0.16315867,0.092843845,0.3033351,0.49684078,null,null,null,null,"TWOGAUSSIANS",8,5.2322297,0.7515318,0.0032609506,0.4,0.0,0.17407377,0.0070178215,0.24669991,0.0068033165,0.4,0.0,0.15842474,0.0120021645
375316653866487564,4134626133806272640,0.6134429,2222.546941442423,1.701086544464304,9.636941E-6,17.009796,0.006312418,0.22200425,0.0020424544,0.09006421,0.006390779,0.2546442,0.0072949133,0.72553045,0.0034881728,0.084196195,0.003695431,0.31703484,0.011569236,null,null,null,null,"TWOGAUSSIANS",8,4.2439303,0.72553045,0.0034881728,0.4,0.0,0.3083436,0.010926018,0.22200425,0.0020424544,0.4,0.0,0.24595284,0.00877132
375316653866487564,4134626997093260288,0.41771245,2203.4455602791954,4.382529933022862,1.4741832E-4,19.436623,0.022356732,0.3735159,0.027666368,0.107437134,0.02782172,0.14596571,0.029167319,0.696026,0.016803445,0.059337962,0.019120624,0.14634104,0.09008578,null,null,null,null,"TWOGAUSSIANS",8,6.4711113,0.696026,0.016803445,0.3322926,0.1070755,0.14788057,0.090611786,0.3735159,0.027673095,0.4,0.0,0.14589274,0.029079512
375316653866487564,4134627065812676608,0.47735238,2199.46540171232,1.084169397389284,1.2571915E-5,18.658274,0.013180497,0.28923738,0.036264732,0.12184024,0.032103732,0.0582139,0.016154056,0.69436646,5.5163633E-5,0.003996596,2.553182E-4,1.0544609,0.11745872,null,null,null,null,"TWOGAUSSIANS",8,8.292213,0.69436646,5.5163633E-5,0.022380939,0.001429782,1.0546669,0.11720422,0.28923738,0.036264732,0.4,0.0,0.058188245,0.016114745
375316653866487564,4134627886147747840,0.47531152,2241.8561213639305,1.7771294309830894,2.5715697E-5,17.942394,0.0039883694,0.14220308,0.01161374,0.06456884,0.01536416,0.05344212,0.00784592,0.66423285,0.004261704,0.06190288,0.0066016964,0.1163344,0.009366782,null,null,null,null,"TWOGAUSSIANS",8,2.176129,0.66423285,0.004261704,0.3466561,0.036969498,0.11630333,0.0093694255,0.14220308,0.01161374,0.3615855,0.06779156,0.053411048,0.007860229
375316653866487564,4134627954881981824,0.4828455,2290.4918283448455,0.26615143506705896,6.5929584E-5,18.986052,0.0068424353,0.3757129,0.018170848,0.07738716,0.012050829,0.15771471,0.0101524675,0.6182579,0.0146861,0.054882277,0.023563882,0.0658394,0.022602068,null,null,null,null,"TWOGAUSSIANS",8,1.8214304,0.37572291,0.018148324,0.4,0.0060101226,0.15771848,0.010162319,0.6182579,0.0146861,0.30734077,0.13195774,0.06700037,0.022419881
375316653866487564,4134628435903664256,0.59311223,2268.928188588181,1.199798969489729,5.3457952E-5,18.480038,0.008367365,0.22375038,0.0076487665,0.037103817,0.011180494,0.26228887,0.10136377,0.72750294,0.0028956626,0.0445973,0.002483779,1.0573189,0.040554397,null,null,null,null,"TWOGAUSSIANS",8,10.234052,0.72750294,0.0028956626,0.24974489,0.013909163,1.0573188,0.040554404,0.22375038,0.0076487665,0.20778137,0.06261076,0.26228887,0.10136389
375316653866487564,4134629432336142720,0.5025825,2239.2674740042385,1.3391378108141017,4.5756802E-5,18.3502,0.020413464,0.22039564,0.007080601,0.04890789,0.012896197,0.2074083,0.044604864,0.7056103,0.014531188,0.025069388,0.008228096,0.44183353,0.1291996,0.07744285,0.025417421,0.22039564,0.007080601,"TWOGAUSSIANS_WITH_ELLIPSOIDAL_ON_ECLIPSE1",9,20.644161,0.70586026,0.014139262,0.14038856,0.04607734,0.5954085,0.11192318,0.22039564,0.007080601,0.27388418,0.07221871,0.3622935,0.027585236
375316653866487564,4134629883311408512,0.47685838,2208.5595007328748,3.0050344521415844,4.9042897E-5,18.860754,0.018193226,0.31184053,0.008531126,0.06749361,0.010241322,0.22886364,0.02452262,0.8223416,0.0057079154,0.07671968,0.010944964,0.2220015,0.03342246,null,null,null,null,"TWOGAUSSIANS",8,6.687881,0.31184053,0.008531126,0.3779642,0.04962037,0.22800954,0.023646401,0.8223416,0.0057079154,0.4,0.0,0.22114739,0.033265647
375316653866487564,4134630188254807424,0.4631505,2300.65344711083,3.539786714878126,6.9441754E-5,18.793444,0.013952904,0.24595685,0.00624495,0.07104978,0.011281852,0.12011624,0.012615553,0.7740901,0.018144976,0.064629614,0.029804092,0.098562494,0.029181883,null,null,null,null,"TWOGAUSSIANS",8,3.2023337,0.24595685,0.00624495,0.39787877,0.02561647,0.12000429,0.011580617,0.7740901,0.018144976,0.36192584,0.09499717,0.098450534,0.029014869
375316653866487564,4134630295645578112,0.6216131,2283.8039521932988,0.912123961031658,3.5904704E-6,16.847864,0.0018943468,0.25630388,9.0712873E-4,0.03643119,0.0012855257,0.31515577,0.0057621375,0.7501431,0.0026896007,0.048976038,0.0037362694,0.09690536,0.0037605688,null,null,null,null,"TWOGAUSSIANS",8,3.8216646,0.25630388,9.0712873E-4,0.20401466,0.0071989438,0.31515577,0.0057621384,0.7501431,0.0026896007,0.2742658,0.020923108,0.09690535,0.0037605735
375316653866487564,4134630536144825216,0.5507954,2286.8427525422417,0.3450542879793362,2.6672106E-4,18.410748,0.0024834608,0.17718878,0.0014050567,0.025573656,8.487627E-4,0.3160268,0.009810294,0.7367862,0.057430554,0.037198424,0.070613,0.058627885,16.523558,null,null,null,null,"TWOGAUSSIANS",8,1.3129972,0.17718878,0.0014050567,0.14321248,0.004753071,0.3160268,0.009810294,0.7367862,0.057430554,0.20831117,0.3954328,0.058627885,16.523558
375316653866487564,4134630841089869568,0.42844537,2289.987219892209,0.6147120910593541,8.375193E-5,18.322508,0.010365003,0.3440719,0.029886875,0.106180094,0.031373102,0.06627169,0.011958381,0.811873,0.016945088,0.06373174,0.014094731,0.11815022,0.03903441,null,null,null,null,"TWOGAUSSIANS",8,6.580038,0.811873,0.016945088,0.3568977,0.0789305,0.11699064,0.03901405,0.3440719,0.029886875,0.4,0.0,0.065107845,0.010913037
375316653866487564,4134631493937072256,0.53974706,2282.3154407399193,3.045182100279487,1.2838773E-5,19.047691,0.014173494,0.24515861,0.003073157,0.07252349,0.007941528,0.40250835,0.03883642,0.7385578,0.009607547,0.08330958,0.011462346,0.5510048,0.030345589,null,null,null,null,"TWOGAUSSIANS",8,5.02396,0.7385578,0.009607547,0.4,0.0,0.5461896,0.03224108,0.24515861,0.003073157,0.4,0.020885568,0.39769316,0.04063795
375316653866487564,4134631910535118464,0.5441265,2255.2936145549793,1.4625424993904166,3.5169425E-5,18.248674,0.011091147,0.19044045,0.01179695,0.053934578,0.00873787,0.16302325,0.012845656,0.67036724,0.0067906627,0.03133726,0.006192165,1.1220434,1.1305867,null,null,null,null,"TWOGAUSSIANS",8,11.304387,0.67036724,0.0067906627,0.17548867,0.034676123,1.1220434,1.1305869,0.19044045,0.01179695,0.30203363,0.048932068,0.16302325,0.012845646
375316653866487564,4134633594162225152,0.5533171,2324.484462063528,3.4285603992745965,1.0066106E-5,19.420397,0.012767906,0.25935248,0.0052653803,0.08040392,0.0053134053,0.5429432,0.020744517,0.75653356,0.0031737722,0.07439513,0.0047396533,0.4331316,0.029407106,null,null,null,null,"TWOGAUSSIANS",8,1.6117486,0.25935248,0.0052653803,0.4,0.0,0.53796464,0.020220753,0.75653356,0.0031737722,0.4,9.762385E-4,0.428153,0.029793598
375316653866487564,4134634831131729408,0.5867558,2277.994835266029,0.8338390329098812,8.395835E-6,8.191062,0.0023038157,0.23484486,0.0017201523,0.038632195,0.0023240093,0.17475212,0.00864495,0.73120695,0.017843004,0.047997635,0.012052877,0.09620577,0.013192413,0.018785425,0.0033472066,0.23484486,0.0017201523,"TWOGAUSSIANS_WITH_ELLIPSOIDAL_ON_ECLIPSE1",9,26.464046,0.23484486,0.0017201523,0.21634029,0.0130144525,0.21232285,0.009890345,0.731447,0.01758731,0.26878676,0.06749611,0.13375819,0.010620156
375316653866487564,4134635312149559808,0.53352827,2235.6992287801017,3.2530195602092067,1.9077697E-5,19.286863,0.024189478,0.2719794,0.0048823925,0.07343644,0.010106555,0.38608485,0.021961834,0.7759999,0.017653082,0.070070006,0.020599322,0.38321236,0.042836033,null,null,null,null,"TWOGAUSSIANS",8,3.8851147,0.2719794,0.0048823925,0.4,0.011923652,0.38447273,0.021224536,0.7759999,0.017653082,0.39239204,0.05572766,0.3816002,0.04089089
375316653866487564,4134635891967215104,0.5516052,2220.212094826774,2.216383957797775,1.3063417E-5,18.125538,0.012909314,0.31483406,0.0034655468,0.08668958,0.007450607,0.40574902,0.03099286,0.8183341,0.005171434,0.086134486,0.005476114,0.3862363,0.027537277,null,null,null,null,"TWOGAUSSIANS",8,7.3718934,0.31483406,0.0034655468,0.4,0.0,0.39438415,0.034002554,0.8183341,0.005171434,0.4,0.0,0.37487146,0.02671882
375316653866487564,4134637030136587264,0.5804684,2277.2545070768656,3.3671909134450195,6.0674474E-6,18.947308,0.01579343,0.2714479,0.003837437,0.06746885,0.004218068,0.72942376,0.041345533,0.7582076,0.004551463,0.07078761,0.004364152,0.6548676,0.043258186,null,null,null,null,"TWOGAUSSIANS",8,5.430159,0.2714479,0.003837437,0.37782556,0.02362118,0.7280195,0.041478846,0.7582076,0.004551463,0.39641058,0.020917881,0.65346324,0.043282833
375316653866487564,4134637300733071104,0.43704358,2300.026437428246,1.892609175244496,5.737932E-5,19.178396,0.011748696,0.19635339,0.012762609,0.08799588,0.022380983,0.12997022,0.022084618,0.6655374,0.0053680823,0.058756255,0.010833047,0.26398265,0.040999077,null,null,null,null,"TWOGAUSSIANS",8,3.24419,0.6655374,0.0053680823,0.329035,0.060665064,0.2635006,0.041546337,0.19635339,0.012762609,0.4,0.0,0.12948808,0.02250762
375316653866487564,4134639126081251072,0.51981366,2230.4194405214976,3.2154119382693542,2.3932356E-5,19.201477,0.036894407,0.258572,0.006932186,0.09375575,0.013616713,0.3525655,0.035289403,0.77674174,0.0032441255,0.0876055,0.011222633,0.34450424,0.034082465,null,null,null,null,"TWOGAUSSIANS",8,2.5491042,0.258572,0.006932186,0.4,0.0,0.34080148,0.024980446,0.77674174,0.0032441255,0.4,0.0,0.33274084,0.025525695
375316653866487564,4134639882013010176,0.49996397,2259.1273545539184,0.06837526425678483,1.0916227E-6,16.998194,0.004311365,0.08891264,4.3994303E-5,0.0016271762,6.720929E-5,0.51595736,0.02363902,null,null,null,null,null,null,null,null,null,null,"ONEGAUSSIAN",5,27.459404,0.08891264,4.3994303E-5,0.009112187,3.7637202E-4,0.51595736,0.0,null,null,null,null,null,null
375316653866487564,4134641084603743360,0.5975569,2210.1838033012727,1.7790203792545518,1.7993834E-5,17.494667,0.022207262,0.30697402,0.002649269,0.086093515,0.005878964,0.46979704,0.01981446,0.81081134,0.005145108,0.097453535,0.009595886,0.21333063,0.023373844,null,null,null,null,"TWOGAUSSIANS",8,5.4788494,0.30697402,0.002649269,0.4,0.0,0.45576906,0.013870463,0.81081134,0.005145108,0.4,0.0,0.19930185,0.019714184
375316653866487564,4134641118946008960,0.49831334,2217.0830232122703,2.853409183583198,2.2202767E-5,19.176773,0.24165453,0.25052148,0.0069379276,0.13856377,0.05536555,0.27926368,0.22605292,0.7506109,0.003882829,0.1376785,0.05046402,0.28976104,0.23133451,null,null,null,null,"TWOGAUSSIANS",8,0.89727974,0.7506109,0.0038982912,0.4,0.0,0.18009846,0.011077668,0.25052148,0.006956565,0.4,0.0,0.16956288,0.027459966
375316653866487564,4134641428183873792,0.43772736,2183.589200142939,3.254976983051812,3.5949673E-5,18.472383,0.026314242,0.25304535,0.012074752,0.0839826,0.023209134,0.21838704,0.057539966,0.76319444,0.006229741,0.08506251,0.017110424,0.20993352,0.066067964,null,null,null,null,"TWOGAUSSIANS",8,10.112457,0.25304535,0.012074752,0.4,0.0,0.21387899,0.06040868,0.76319444,0.006229741,0.4,0.0,0.20542547,0.06703044
375316653866487564,4134642871293235072,0.530083,2251.0395085763425,2.945817975490644,2.4861358E-5,18.42026,0.07350588,0.30100292,0.020995645,0.09297162,0.027645225,0.34261104,0.105799615,0.78567195,0.013238298,0.09474357,0.032312337,0.36772618,0.04807632,null,null,null,null,"TWOGAUSSIANS",8,8.713583,0.78567195,0.013238298,0.4,0.0,0.35132977,0.03436704,0.30100292,0.020972483,0.4,0.0,0.32621506,0.09160499
