Gaia/vari_eclipsing_binary/VariEclipsingBinary_209772-209960.csv
# %ECSV 1.0
# ---
# delimiter: ','
# meta: !!omap
# - RELEASE: Gaia DR3
# - TABLE: vari_eclipsing_binary
# - DESCRIPTION: >
#     This table describes the properties of the eclipsing binaries resulting from the variability analysis. 
# - CITATION: >
#     How to cite and acknowledge Gaia: 
#     https://gea.esac.esa.int/archive/documentation/credits.html 
# - KNOWN_ISSUES: >
#     Known issues: 
#     https://www.cosmos.esa.int/web/gaia-users/known-issues 
# - DOCUMENTATION: >
#     Tutorials and documentation: 
#     https://www.cosmos.esa.int/web/gaia-users/archive 
# datatype:
# - 
#   name: solution_id
#   datatype: int64
#   description: Solution Identifier
#   meta:
#     ucd: meta.version
# - 
#   name: source_id
#   datatype: int64
#   description: Unique source identifier
#   meta:
#     ucd: meta.id;meta.main
# - 
#   name: global_ranking
#   datatype: float32
#   description: Number between 0 (worst) and 1 (best)
#   meta:
#     ucd: stat.param
# - 
#   name: reference_time
#   datatype: float64
#   unit: d
#   description: Reference time used for the geometric model fit
#   meta:
#     ucd: time.epoch
# - 
#   name: frequency
#   datatype: float64
#   unit: d**-1
#   description: Frequency of geometric model of the eclipsing binary light curve
#   meta:
#     ucd: src.orbital
# - 
#   name: frequency_error
#   datatype: float32
#   unit: d**-1
#   description: "Uncertainty of \\texttt{frequency}"
#   meta:
#     ucd: stat.error
# - 
#   name: geom_model_reference_level
#   datatype: float32
#   unit: mag
#   description: Magnitude reference level of geometric model
#   meta:
#     ucd: phot.mag;em.opt
# - 
#   name: geom_model_reference_level_error
#   datatype: float32
#   unit: mag
#   description: "Uncertainty of \\texttt{geomModelReferenceLevel}"
#   meta:
#     ucd: stat.error;phot.mag;em.opt
# - 
#   name: geom_model_gaussian1_phase
#   datatype: float32
#   description: Phase of the Gaussian 1 component
#   meta:
#     ucd: time.phase
# - 
#   name: geom_model_gaussian1_phase_error
#   datatype: float32
#   description: "Uncertainty of \\texttt{geomModelGaussian1Phase}"
#   meta:
#     ucd: stat.error;time.phase
# - 
#   name: geom_model_gaussian1_sigma
#   datatype: float32
#   description: "Standard deviation [phase] of Gaussian 1 component"
#   meta:
#     ucd: stat.stdev
# - 
#   name: geom_model_gaussian1_sigma_error
#   datatype: float32
#   description: "Uncertainty of \\texttt{geomModelGaussian1Sigma}"
#   meta:
#     ucd: stat.error
# - 
#   name: geom_model_gaussian1_depth
#   datatype: float32
#   unit: mag
#   description: Magnitude depth of Gaussian 1 component
#   meta:
#     ucd: src.var.amplitude
# - 
#   name: geom_model_gaussian1_depth_error
#   datatype: float32
#   unit: mag
#   description: "Uncertainty of \\texttt{geomModelGaussian1Depth}"
#   meta:
#     ucd: stat.error;src.var.amplitude
# - 
#   name: geom_model_gaussian2_phase
#   datatype: float32
#   description: Phase of Gaussian 2 component
#   meta:
#     ucd: time.phase
# - 
#   name: geom_model_gaussian2_phase_error
#   datatype: float32
#   description: "Uncertainty of \\texttt{geomModelGaussian2Phase}"
#   meta:
#     ucd: stat.error;time.phase
# - 
#   name: geom_model_gaussian2_sigma
#   datatype: float32
[...]
#   datatype: float32
#   description: "Secondary eclipse: uncertainty of \\texttt{derivedSecondaryEclDuration}"
#   meta:
#     ucd: stat.error;time.duration
# - 
#   name: derived_secondary_ecl_depth
#   datatype: float32
#   unit: mag
#   description: "Secondary eclipse: depth"
#   meta:
#     ucd: src.var.amplitude
# - 
#   name: derived_secondary_ecl_depth_error
#   datatype: float32
#   unit: mag
#   description: "Secondary eclipse: uncertainty of \\texttt{derivedSecondaryEclDepth}"
#   meta:
#     ucd: stat.error;src.var.amplitude
solution_id,source_id,global_ranking,reference_time,frequency,frequency_error,geom_model_reference_level,geom_model_reference_level_error,geom_model_gaussian1_phase,geom_model_gaussian1_phase_error,geom_model_gaussian1_sigma,geom_model_gaussian1_sigma_error,geom_model_gaussian1_depth,geom_model_gaussian1_depth_error,geom_model_gaussian2_phase,geom_model_gaussian2_phase_error,geom_model_gaussian2_sigma,geom_model_gaussian2_sigma_error,geom_model_gaussian2_depth,geom_model_gaussian2_depth_error,geom_model_cosine_half_period_amplitude,geom_model_cosine_half_period_amplitude_error,geom_model_cosine_half_period_phase,geom_model_cosine_half_period_phase_error,model_type,num_model_parameters,reduced_chi2,derived_primary_ecl_phase,derived_primary_ecl_phase_error,derived_primary_ecl_duration,derived_primary_ecl_duration_error,derived_primary_ecl_depth,derived_primary_ecl_depth_error,derived_secondary_ecl_phase,derived_secondary_ecl_phase_error,derived_secondary_ecl_duration,derived_secondary_ecl_duration_error,derived_secondary_ecl_depth,derived_secondary_ecl_depth_error
[from data line 107]
375316653866487564,1845470721799325696,0.49154106,2224.43584477347,4.605510672953428,1.6751974E-5,19.678734,0.023710243,0.2764245,0.0029105411,0.03875267,0.00945832,0.60644066,0.46744433,0.7708236,0.0051812413,0.030482361,0.0054691047,0.5720054,0.079929955,0.07260857,0.035424035,0.2764245,0.0029105411,"TWOGAUSSIANS_WITH_ELLIPSOIDAL_ON_ECLIPSE1",9,5.7831006,0.2764245,0.0029105411,0.21701495,0.05296659,0.7516578,0.483468,0.77092355,0.00509594,0.17070122,0.030626986,0.71704596,0.06630301
375316653866487564,1845472718961774464,0.55577064,2189.283522525957,1.2662587172413375,7.6248643E-6,17.513708,0.00245516,0.22330774,0.004405674,0.06705272,0.004861987,0.103406385,0.0067779887,0.7208747,0.0023301744,0.049375277,0.0023795061,0.37003276,0.03237916,null,null,null,null,"TWOGAUSSIANS",8,4.651508,0.7208747,0.0023301744,0.27650154,0.013325235,0.37000155,0.03238728,0.22330774,0.004405674,0.37549525,0.02722713,0.10337519,0.0067836456
375316653866487564,1845475364661716224,0.618976,2236.2642137037237,2.4243420437100163,5.3001627E-6,14.871136,0.010421103,0.24467538,0.0011789361,0.05803459,0.013484015,0.079891376,0.019812433,0.74045676,0.008990224,0.05131125,0.010901817,0.06623354,0.024749128,0.10486411,0.012979918,0.24467538,0.0011789361,"TWOGAUSSIANS_WITH_ELLIPSOIDAL_ON_ECLIPSE1",9,33.326767,0.24467538,0.0011789361,0.3249937,0.07551049,0.28961107,0.009465977,0.74212676,0.0062178657,0.287343,0.061050177,0.2758644,0.0063370764
375316653866487564,1845476979569450752,0.6060609,2212.902969373279,3.2486827177994426,3.2347784E-6,16.020342,0.0068310117,0.16334277,0.001268975,0.050257597,0.0027330213,0.27277794,0.015651185,0.66140527,0.002027453,0.05317134,0.0029885818,0.35146067,0.014063075,0.104400575,0.008311539,0.16334277,0.001268975,"TWOGAUSSIANS_WITH_ELLIPSOIDAL_ON_ECLIPSE1",9,24.010387,0.6616352,0.0017441113,0.2977595,0.016736059,0.560227,0.007474497,0.16334277,0.001268975,0.28144255,0.015304919,0.48157158,0.0101447925
375316653866487564,1845478663196768768,0.60109735,2231.6008104164157,2.6911173105446586,5.9728063E-6,15.391562,0.0063394024,0.22418061,0.0018426045,0.09650249,0.0032636726,0.35070983,0.0100383,0.7222962,0.0014362847,0.08956625,0.0027153254,0.35921413,0.007649977,null,null,null,null,"TWOGAUSSIANS",8,38.84944,0.7222962,0.0014362847,0.4,0.0,0.34056184,0.007931075,0.22418061,0.0018426045,0.4,0.0,0.3320566,0.0107868025
375316653866487564,1845478800635715072,0.57417333,2227.632234583131,3.8878521475710808,1.5013802E-5,15.651652,0.024114074,0.26198483,0.0055499165,0.055860303,0.018223576,0.10125256,0.04693391,0.75845575,0.0035667063,0.048232827,0.011783449,0.12561062,0.04790666,0.068676986,0.025872895,0.26198483,0.0055499165,"TWOGAUSSIANS_WITH_ELLIPSOIDAL_ON_ECLIPSE1",9,39.299187,0.7590457,0.00267574,0.27010384,0.06598731,0.2629037,0.006950193,0.26198483,0.0055499165,0.3128177,0.10205203,0.23860186,0.0074121165
375316653866487564,1845478865057263744,0.47737348,2215.4710502994385,2.5077257752771227,1.896163E-5,19.51554,0.013920671,0.27113628,0.0060270512,0.062043596,0.0094560245,0.3187188,0.019141346,0.78129107,0.0060508996,0.07335886,0.0066398038,0.35367444,0.030427868,null,null,null,null,"TWOGAUSSIANS",8,5.4825883,0.78129107,0.0060508996,0.4,0.00473293,0.3531187,0.03034751,0.27113628,0.0060270512,0.34744412,0.05295374,0.31816304,0.019099332
375316653866487564,1845482477127525632,0.5656537,2178.9062114333483,3.639906465017535,9.653719E-6,17.677198,0.01333373,0.3009095,0.003018743,0.086356595,0.0041072606,0.4410163,0.014202077,0.7771787,0.0021027308,0.08879985,0.0036712638,0.5181874,0.014555194,null,null,null,null,"TWOGAUSSIANS",8,17.134005,0.7771787,0.0021027308,0.4,0.0,0.50723743,0.012741453,0.3009095,0.003018743,0.4,0.0,0.43006656,0.011795485
375316653866487564,1845482855084666752,0.51751417,2219.0473295498014,4.780610596829891,3.3835775E-5,15.516576,0.022095151,0.13186981,0.02018787,0.052596293,0.013587581,0.056765966,0.020113878,0.5675728,0.007956985,0.15998758,0.013960251,0.41332275,0.021781728,null,null,null,null,"TWOGAUSSIANS",8,257.27838,0.5675728,0.007956985,0.4,0.0,0.3995372,0.015465163,0.14083982,0.024970524,0.29453924,0.076090455,0.054621503,0.018839164
375316653866487564,1845484160754720128,0.5507235,2226.04243182221,0.4358661097280601,3.4774907E-6,15.694625,0.0015547125,0.32200232,0.043637864,0.019757025,0.1830377,0.016011989,1.05894176E9,0.7763977,4.392593E-4,0.016931191,4.892071E-4,0.1365385,0.0028198734,null,null,null,null,"TWOGAUSSIANS",8,6.1033616,0.7763977,4.392593E-4,0.094814666,0.0027395599,0.1365385,0.0028430168,0.32200232,0.043637864,0.11063933,0.3232209,0.016011989,1.05894176E9
375316653866487564,1845487592429278464,0.5359798,2205.6819542216463,0.9689940937675882,7.5705825E-6,18.45064,0.009056512,0.2351729,0.0043516885,0.102325976,0.007072149,0.1978473,0.011464754,0.728047,0.0029670969,0.09954648,0.0055313366,0.22864485,0.008716856,null,null,null,null,"TWOGAUSSIANS",8,1.5020374,0.728047,0.0029670969,0.4,0.0,0.21054855,0.005031681,0.2351729,0.0043516885,0.4,0.0,0.1797499,0.01035851
375316653866487564,1845489555233754240,0.60744476,2208.493983316304,3.424765489682881,4.01351E-6,17.738354,0.010578881,0.2631758,0.0030590075,0.061877795,0.0026393433,0.452262,0.025850259,0.75192684,0.001129442,0.052358553,0.0038490784,0.32553983,0.019612487,0.10136312,0.013503861,0.75192684,0.001129442,"TWOGAUSSIANS_WITH_ELLIPSOIDAL_ON_ECLIPSE2",9,6.518531,0.26183578,0.0026070485,0.34651566,0.014780322,0.6540325,0.011540585,0.75192684,0.001129442,0.29320788,0.021554839,0.52820116,0.011609992
375316653866487564,1845491719897762176,0.53543955,2228.1703270615985,3.2868267315692967,1.5206102E-5,18.083437,0.025510838,0.24475992,0.0041750036,0.10456197,0.012623746,0.21451326,0.02446143,0.7344356,0.004917963,0.10647423,0.01483561,0.21487255,0.023263017,null,null,null,null,"TWOGAUSSIANS",8,3.9946363,0.7344356,0.004917963,0.4,0.0,0.19180708,0.008337545,0.24476992,0.004177797,0.4,0.0,0.19145033,0.006562755
375316653866487564,1845503500986744448,0.6120895,2240.379768502567,4.378745579667032,2.617334E-6,18.709787,0.007923578,0.24061874,0.0020201628,0.04582875,0.0033648906,0.47665918,0.056630127,0.7405047,0.0011187012,0.04492636,0.0023351004,0.4575598,0.021735119,0.11959416,0.016032767,0.24061874,0.0020201628,"TWOGAUSSIANS_WITH_ELLIPSOIDAL_ON_ECLIPSE1",9,3.976087,0.24061874,0.0020201628,0.256641,0.018843388,0.7158471,0.059768282,0.7405147,0.0010139957,0.25158763,0.013076563,0.6967476,0.017578658
375316653866487564,1845503574001351296,0.5204141,2224.480720907043,1.3387511243054833,1.1803653E-4,18.045946,0.0034599563,0.09296053,0.007215232,0.01095584,0.004296908,0.48769993,0.8911168,0.29522252,0.07565185,0.053388324,0.10702466,0.02341316,0.51123786,null,null,null,null,"TWOGAUSSIANS",8,3.4622562,0.09296053,0.007215232,0.061352707,0.024062686,0.48771784,0.89110225,0.29522252,0.07565185,0.2989746,0.5993381,0.02341316,0.51123786
375316653866487564,1845504398641270272,0.6042076,2215.4849019514036,0.10394766608554105,1.1155179E-4,16.479637,7.5315277E-4,0.34594378,0.001413984,0.011012268,0.0032286267,1.0239756,2.0071223,0.67627996,0.002993679,0.005100411,0.004663089,0.41449097,0.4181127,null,null,null,null,"TWOGAUSSIANS",8,3.5509126,0.34594378,0.001413984,0.061668705,0.018080309,1.0239756,2.0071223,0.67627996,0.002993679,0.028562302,0.026113298,0.41449097,0.4181127
375316653866487564,1845507353578983936,0.57570624,2240.984022607896,2.872505867235393,9.70425E-6,16.739428,0.0055727484,0.21732846,0.0103410175,0.045957595,0.013628257,0.05612215,0.013433025,0.7327092,0.0019671186,0.039937094,0.0069042565,0.06515804,0.013430943,0.10870595,0.007654087,0.7327092,0.0019671186,"TWOGAUSSIANS_WITH_ELLIPSOIDAL_ON_ECLIPSE2",9,15.41618,0.7327092,0.0019671186,0.22364771,0.038663834,0.2825695,0.006144174,0.22338846,0.006276935,0.25736254,0.07631824,0.27230301,0.006444124
375316653866487564,1845507697176375936,0.53414863,2226.7762744498514,2.7275788224786597,9.5009655E-6,16.347332,0.017697562,0.23641588,0.0033628636,0.1080285,0.0097111575,0.2189292,0.015479711,0.7367259,0.003207271,0.0991523,0.008783889,0.21290505,0.016368475,null,null,null,null,"TWOGAUSSIANS",8,17.498882,0.23641588,0.0033628636,0.4,0.0,0.19555205,0.0073573515,0.7367259,0.003207271,0.4,0.0,0.1895364,0.006106511
375316653866487564,1845509994977121664,0.59670526,2204.335315043502,0.3645308058668399,6.593132E-5,18.277039,0.0012370659,0.38590747,1.0599817E-6,0.0054251826,1.4846375E-5,6.040677,0.06418283,0.56563574,0.036082514,0.066691004,0.023570905,0.0066474616,0.002956655,null,null,null,null,"TWOGAUSSIANS",8,0.88411427,0.38590747,1.0599817E-6,0.030381022,8.31397E-5,6.040853,0.06444214,0.56563574,0.036082514,0.37346962,0.107529216,0.0066474616,0.002956655
375316653866487564,1845514977138548224,0.44331557,2226.3504351999613,3.2053454291592853,5.5564404E-5,17.785988,0.35207254,0.26432166,0.019756442,0.11361314,0.22219424,0.07884058,0.3436573,0.7870555,0.016173927,0.10455241,0.070580676,0.15152761,0.25697514,null,null,null,null,"TWOGAUSSIANS",8,18.400812,0.7870855,0.011660208,0.4,0.0,0.13950239,0.016645202,0.26429164,0.019333765,0.4,0.0,0.06680684,0.01709105
375316653866487564,1845515909156519808,0.5885181,2213.888214431698,3.646950416567949,1.7667133E-5,15.298499,0.004102954,0.24775118,0.0030222996,0.042241797,0.012621603,0.048476927,0.009171545,0.73698676,0.0027074986,0.054243334,0.0056656147,0.06352518,0.008502564,0.026434632,0.005098802,0.24775118,0.0030222996,"TWOGAUSSIANS_WITH_ELLIPSOIDAL_ON_ECLIPSE1",9,5.97474,0.7387268,0.0020225693,0.30376267,0.03172744,0.116191246,0.0024811556,0.24775118,0.0030222996,0.23655407,0.070680976,0.101345465,0.0038824484
375316653866487564,1845516080952477568,0.51903456,2231.446917047731,2.882488305867559,1.5586407E-5,16.797411,0.009490818,0.26263228,0.0036891059,0.08374258,0.0046470533,0.3120389,0.014523272,0.7711162,0.003448997,0.09019355,0.0063277544,0.26620853,0.011899015,null,null,null,null,"TWOGAUSSIANS",8,39.484653,0.26263228,0.0036891059,0.4,0.0,0.30404085,0.014072956,0.7711162,0.003448997,0.4,0.0,0.25821036,0.012115258
375316653866487564,1845516351528213504,0.51730144,2203.78025120828,3.4339984458919806,1.1664433E-5,18.838755,0.008294685,0.19859673,0.00364767,0.07406133,0.004241072,0.23140895,0.009206338,0.69242144,0.0044122264,0.08179677,0.0061944677,0.2847369,0.014343892,null,null,null,null,"TWOGAUSSIANS",8,3.1245704,0.69242144,0.0044122264,0.4,0.0,0.28209558,0.014364483,0.19859673,0.00364767,0.4,0.0,0.22876765,0.008274789
375316653866487564,1845518486134092032,0.532427,2228.1494873767415,0.7980138356363298,1.0187406E-5,16.047354,0.0028458212,0.30397287,0.0014480973,0.017212473,0.0016817444,0.74094576,0.20927152,0.80607224,0.041311238,0.022069376,0.011426751,0.5952532,0.6479997,null,null,null,null,"TWOGAUSSIANS",8,43.78125,0.30397287,0.0014480973,0.096389845,0.009417769,0.74094576,0.20927152,0.80607224,0.041311238,0.1235885,0.0639898,0.5952532,0.6479997
375316653866487564,1845524735307324032,0.48151177,2167.146320134391,2.434977606719645,3.9852224E-5,18.506117,0.0028220736,0.407626,3.7773146E-4,0.011522067,4.2162044E-4,0.320422,0.006585233,0.76912636,0.020002795,0.04554187,0.018666474,0.037281975,0.022389414,null,null,null,null,"TWOGAUSSIANS",8,3.5275161,0.407626,3.7773146E-4,0.06452358,0.0023610746,0.320422,0.006585233,0.76912636,0.020002795,0.25503448,0.10453226,0.037281975,0.022389414
375316653866487564,1845524941465659264,0.5118789,2219.5794526934033,1.889297426282639,8.049568E-6,18.087616,0.0098642055,0.199757,0.0017751796,0.030807126,0.0025991446,0.3682709,0.025283381,0.6988764,0.0043487796,0.029046407,0.005529029,0.26844287,0.020834435,0.02234698,0.014304586,0.199757,0.0017751796,"TWOGAUSSIANS_WITH_ELLIPSOIDAL_ON_ECLIPSE1",9,18.06956,0.199757,0.0017751796,0.1725199,0.01455521,0.4129648,0.017316937,0.6988864,0.0042902767,0.16265988,0.03096256,0.3131354,0.017781692
375316653866487564,1845525044544858752,0.5723661,2204.0272487746793,3.6963085130238844,8.020557E-6,19.219645,0.013534905,0.27509135,0.0019123527,0.050830342,0.0035135774,0.3551092,0.033110935,0.77929306,0.0022163384,0.05019193,0.00466006,0.40483707,0.027491696,0.11495814,0.018513214,0.27509135,0.0019123527,"TWOGAUSSIANS_WITH_ELLIPSOIDAL_ON_ECLIPSE1",9,2.8056931,0.77929306,0.0022163384,0.28107482,0.026096337,0.6345886,0.020337466,0.27509135,0.0019123527,0.2846499,0.019676033,0.58502096,0.01399756
375316653866487564,1845527037407543296,0.5560534,2237.291677093228,0.9824029184997953,8.539974E-6,17.705242,0.0040731686,0.23142563,7.145309E-4,0.019686116,6.189058E-4,0.6158187,0.02831425,0.7283124,9.054766E-4,0.01943696,6.9305225E-4,0.6046826,0.022565445,null,null,null,null,"TWOGAUSSIANS",8,14.36003,0.23142563,7.145309E-4,0.11024225,0.0034658725,0.6158187,0.02831425,0.7283124,9.054766E-4,0.10884697,0.0038810924,0.6046826,0.022565445
375316653866487564,1845527277925738496,0.4896832,2212.099859971411,2.494320132938305,1.600735E-5,18.172115,0.0025462445,0.19673158,0.0034080367,0.037268728,0.0028000062,0.15755872,0.014176215,0.68979186,0.0030569944,0.035297018,0.0026686222,0.1853622,0.020235324,null,null,null,null,"TWOGAUSSIANS",8,3.7401187,0.68979186,0.0030569944,0.19766329,0.014944283,0.1853622,0.020235324,0.19673158,0.0034080367,0.20870489,0.015680036,0.15755872,0.014176215
375316653866487564,1845529236430867840,0.5382211,2225.365281847635,2.201383037209168,7.262847E-6,19.243752,0.009303255,0.2501518,0.0022495976,0.04262537,0.0057097464,0.21045908,0.02431275,0.7553145,0.0034274592,0.037145626,0.005519796,0.20152839,0.02181883,0.12469285,0.013614568,0.2501518,0.0022495976,"TWOGAUSSIANS_WITH_ELLIPSOIDAL_ON_ECLIPSE1",9,3.1425202,0.2501518,0.0022495976,0.23870209,0.03197458,0.45984456,0.020475335,0.7553145,0.0034274592,0.20801552,0.030910859,0.45065153,0.01459406
375316653866487564,1845531130520735872,0.5478309,2218.7504409886246,2.1426229952533133,7.0582932E-6,19.210009,0.0071792016,0.2180895,0.006951588,0.094373226,0.007628015,0.23077472,0.013142846,0.71667224,0.0014157695,0.06977523,0.002023615,0.52623,0.014803405,null,null,null,null,"TWOGAUSSIANS",8,2.1989553,0.71667224,0.0014157695,0.39074132,0.011332243,0.5202405,0.01470398,0.2180895,0.006951588,0.4,0.0,0.22478487,0.013207645
375316653866487564,1845534910089756160,0.7085026,2227.0160372993328,4.053179418596824,1.1164375E-6,14.183652,2.0799568E-4,0.67457676,2.9205526E-6,0.0052171256,7.592513E-6,3.2093036,0.026146432,null,null,null,null,null,null,null,null,null,null,"ONEGAUSSIAN",5,2.7652316,0.67457676,2.9205526E-6,0.029215902,4.2518073E-5,3.2093036,0.0,null,null,null,null,null,null
375316653866487564,1845537074747878272,0.53297716,2211.3308380126628,2.8150379463251176,9.085714E-6,14.97824,0.027969558,0.20146519,0.0021557114,0.12495843,0.016166415,0.18998341,0.02389316,0.7035845,0.002819525,0.10781038,0.011771231,0.20338482,0.0255665,null,null,null,null,"TWOGAUSSIANS",8,51.634155,0.7035945,0.0028418154,0.4,0.0,0.16539334,0.006164445,0.20146519,0.0021533787,0.4,0.0,0.15187359,0.0068198913
375316653866487564,1845538925878331264,0.5164098,2215.7221045063807,2.5369655543706298,1.48339595E-5,19.167467,0.008012088,0.24625492,0.005530447,0.09660846,0.0071202656,0.18551844,0.008517738,0.7413737,0.00287236,0.077278525,0.00337816,0.41673777,0.01149402,null,null,null,null,"TWOGAUSSIANS",8,2.4644392,0.7413737,0.00287236,0.4,0.0,0.40906927,0.010510295,0.24625492,0.005530447,0.4,0.0,0.17784937,0.0070312433
375316653866487564,1845543087707303424,0.5245524,2226.469320690424,0.5149092479344692,5.1287043E-5,13.932569,0.009414143,0.24798694,0.06917081,0.01781504,0.030507278,0.10782785,0.24102235,0.76804996,0.001588055,0.014457394,0.0018976155,1.214661,0.08004195,null,null,null,null,"TWOGAUSSIANS",8,1523.0123,0.76804996,0.001588055,0.08096141,0.010626647,1.214661,0.08004195,0.24798694,0.06917081,0.09976422,0.17084076,0.10782785,0.24102235
