Gaia/vari_eclipsing_binary/VariEclipsingBinary_512298-512335.csv
# %ECSV 1.0
# ---
# delimiter: ','
# meta: !!omap
# - RELEASE: Gaia DR3
# - TABLE: vari_eclipsing_binary
# - DESCRIPTION: >
#     This table describes the properties of the eclipsing binaries resulting from the variability analysis. 
# - CITATION: >
#     How to cite and acknowledge Gaia: 
#     https://gea.esac.esa.int/archive/documentation/credits.html 
# - KNOWN_ISSUES: >
#     Known issues: 
#     https://www.cosmos.esa.int/web/gaia-users/known-issues 
# - DOCUMENTATION: >
#     Tutorials and documentation: 
#     https://www.cosmos.esa.int/web/gaia-users/archive 
# datatype:
# - 
#   name: solution_id
#   datatype: int64
#   description: Solution Identifier
#   meta:
#     ucd: meta.version
# - 
#   name: source_id
#   datatype: int64
#   description: Unique source identifier
#   meta:
#     ucd: meta.id;meta.main
# - 
#   name: global_ranking
#   datatype: float32
#   description: Number between 0 (worst) and 1 (best)
#   meta:
#     ucd: stat.param
# - 
#   name: reference_time
#   datatype: float64
#   unit: d
#   description: Reference time used for the geometric model fit
#   meta:
#     ucd: time.epoch
# - 
#   name: frequency
#   datatype: float64
#   unit: d**-1
#   description: Frequency of geometric model of the eclipsing binary light curve
#   meta:
#     ucd: src.orbital
# - 
#   name: frequency_error
#   datatype: float32
#   unit: d**-1
#   description: "Uncertainty of \\texttt{frequency}"
#   meta:
#     ucd: stat.error
# - 
#   name: geom_model_reference_level
#   datatype: float32
#   unit: mag
#   description: Magnitude reference level of geometric model
#   meta:
#     ucd: phot.mag;em.opt
# - 
#   name: geom_model_reference_level_error
#   datatype: float32
#   unit: mag
#   description: "Uncertainty of \\texttt{geomModelReferenceLevel}"
#   meta:
#     ucd: stat.error;phot.mag;em.opt
# - 
#   name: geom_model_gaussian1_phase
#   datatype: float32
#   description: Phase of the Gaussian 1 component
#   meta:
#     ucd: time.phase
# - 
#   name: geom_model_gaussian1_phase_error
#   datatype: float32
#   description: "Uncertainty of \\texttt{geomModelGaussian1Phase}"
#   meta:
#     ucd: stat.error;time.phase
# - 
#   name: geom_model_gaussian1_sigma
#   datatype: float32
#   description: "Standard deviation [phase] of Gaussian 1 component"
#   meta:
#     ucd: stat.stdev
# - 
#   name: geom_model_gaussian1_sigma_error
#   datatype: float32
#   description: "Uncertainty of \\texttt{geomModelGaussian1Sigma}"
#   meta:
#     ucd: stat.error
# - 
#   name: geom_model_gaussian1_depth
#   datatype: float32
#   unit: mag
#   description: Magnitude depth of Gaussian 1 component
#   meta:
#     ucd: src.var.amplitude
# - 
#   name: geom_model_gaussian1_depth_error
#   datatype: float32
#   unit: mag
#   description: "Uncertainty of \\texttt{geomModelGaussian1Depth}"
#   meta:
#     ucd: stat.error;src.var.amplitude
# - 
#   name: geom_model_gaussian2_phase
#   datatype: float32
#   description: Phase of Gaussian 2 component
#   meta:
#     ucd: time.phase
# - 
#   name: geom_model_gaussian2_phase_error
#   datatype: float32
#   description: "Uncertainty of \\texttt{geomModelGaussian2Phase}"
#   meta:
#     ucd: stat.error;time.phase
# - 
#   name: geom_model_gaussian2_sigma
#   datatype: float32
[...]
#   datatype: float32
#   description: "Secondary eclipse: uncertainty of \\texttt{derivedSecondaryEclDuration}"
#   meta:
#     ucd: stat.error;time.duration
# - 
#   name: derived_secondary_ecl_depth
#   datatype: float32
#   unit: mag
#   description: "Secondary eclipse: depth"
#   meta:
#     ucd: src.var.amplitude
# - 
#   name: derived_secondary_ecl_depth_error
#   datatype: float32
#   unit: mag
#   description: "Secondary eclipse: uncertainty of \\texttt{derivedSecondaryEclDepth}"
#   meta:
#     ucd: stat.error;src.var.amplitude
solution_id,source_id,global_ranking,reference_time,frequency,frequency_error,geom_model_reference_level,geom_model_reference_level_error,geom_model_gaussian1_phase,geom_model_gaussian1_phase_error,geom_model_gaussian1_sigma,geom_model_gaussian1_sigma_error,geom_model_gaussian1_depth,geom_model_gaussian1_depth_error,geom_model_gaussian2_phase,geom_model_gaussian2_phase_error,geom_model_gaussian2_sigma,geom_model_gaussian2_sigma_error,geom_model_gaussian2_depth,geom_model_gaussian2_depth_error,geom_model_cosine_half_period_amplitude,geom_model_cosine_half_period_amplitude_error,geom_model_cosine_half_period_phase,geom_model_cosine_half_period_phase_error,model_type,num_model_parameters,reduced_chi2,derived_primary_ecl_phase,derived_primary_ecl_phase_error,derived_primary_ecl_duration,derived_primary_ecl_duration_error,derived_primary_ecl_depth,derived_primary_ecl_depth_error,derived_secondary_ecl_phase,derived_secondary_ecl_phase_error,derived_secondary_ecl_duration,derived_secondary_ecl_duration_error,derived_secondary_ecl_depth,derived_secondary_ecl_depth_error
[from data line 148]
375316653866487564,4506323667428568064,0.56898236,2193.5327606438614,1.9078609177107901,1.7804256E-5,18.128294,0.012837138,0.24101257,0.00239397,0.033321053,0.009027189,0.19056,0.019469742,0.78551745,0.072908066,0.044809937,0.034864064,0.13210034,0.09583673,0.13241976,0.015253039,0.24101257,0.00239397,"TWOGAUSSIANS_WITH_ELLIPSOIDAL_ON_ECLIPSE1",9,5.7983556,0.24101257,0.00239397,0.1865979,0.050552256,0.45539713,0.017009003,0.78551745,0.07009871,0.25093564,0.19523877,0.37676272,0.1172541
375316653866487564,4506323873587064064,0.625467,2186.152526219783,2.214745727372467,1.3365985E-5,17.12295,0.012707195,0.23680045,0.0031061752,0.08813289,0.004806696,0.39359584,0.013120614,0.73201424,0.0026614156,0.08716982,0.0053765667,0.4303417,0.011520818,null,null,null,null,"TWOGAUSSIANS",8,4.591034,0.73201424,0.0026614156,0.4,0.0,0.4173164,0.006908545,0.23680045,0.0031061752,0.4,0.0,0.38057053,0.009912965
375316653866487564,4506324354631635072,0.550508,2219.7906452544444,3.753181674232904,1.072012E-5,18.131958,0.011807632,0.3349687,0.0031050798,0.04482392,0.010008371,0.12839033,0.06445083,0.86831635,0.05194239,0.055147737,0.03562727,0.084118135,0.5425164,0.11117322,0.017107125,0.3349687,0.0031050798,"TWOGAUSSIANS_WITH_ELLIPSOIDAL_ON_ECLIPSE1",9,5.9335136,0.3349687,0.0031050798,0.25101393,0.056046877,0.3507353,0.06593961,0.86831635,0.05194239,0.30882734,0.1995127,0.29684353,0.54235405
375316653866487564,4506324530725785984,0.51182735,2206.408206212021,3.5830289204253556,1.5692456E-5,19.671667,0.034438454,0.24203679,0.003817263,0.076626934,0.0066047944,0.55464906,0.034853976,0.7476,0.008866048,0.06825929,0.009896479,0.40474877,0.070451014,null,null,null,null,"TWOGAUSSIANS",8,2.058183,0.24203679,0.003817263,0.4,0.0,0.55248266,0.03311105,0.7476,0.008866048,0.382252,0.05354636,0.40258235,0.07001037
375316653866487564,4506324599463171328,0.58840346,2122.109122072371,3.4924599875943683,1.3465326E-5,15.124096,0.013332581,0.30113515,0.009054113,0.05716425,0.019069273,0.10092936,0.026572667,0.8079013,0.003952678,0.047910865,0.023802932,0.055594552,0.20511894,0.0978315,0.01472055,0.8079013,0.003952678,"TWOGAUSSIANS_WITH_ELLIPSOIDAL_ON_ECLIPSE2",9,61.502586,0.30339515,0.005830963,0.3201198,0.10678793,0.2963514,0.012415108,0.8079013,0.003952678,0.26830086,0.13329642,0.25125226,0.19809732
375316653866487564,4506325282336579200,0.587319,2183.8376764885206,2.104658748303365,1.302989E-5,18.354671,0.017734515,0.28956658,0.0026758413,0.09157154,0.008304549,0.2824725,0.014806039,0.78737825,0.008087598,0.08267626,0.0079606045,0.34330866,0.027154904,null,null,null,null,"TWOGAUSSIANS",8,2.0570383,0.78737825,0.008087598,0.4,0.0,0.33359605,0.023221524,0.28956658,0.0026758413,0.4,0.0,0.27275974,0.0103488155
375316653866487564,4506325625933849728,0.4807021,2183.847827593168,2.6884599556563935,7.7113385E-5,19.06998,0.049812846,0.26695696,0.019449692,0.07202207,0.03833489,0.17498894,0.0600335,0.7806822,0.007587281,0.09189559,0.027852718,0.1880142,0.045460865,null,null,null,null,"TWOGAUSSIANS",8,2.271648,0.7806822,0.007587281,0.4,0.0,0.18535158,0.028399345,0.26695696,0.019446822,0.4,0.07029476,0.17232652,0.06127905
375316653866487564,4506326283090639616,0.5833712,2172.1589179586135,2.297694618522125,1.4747636E-5,17.927477,0.007466167,0.1671423,0.0049986276,0.07640019,0.006643663,0.34471917,0.011615268,0.6740468,0.004173349,0.08281737,0.005402034,0.29554558,0.012441214,null,null,null,null,"TWOGAUSSIANS",8,3.0933092,0.1671423,0.0049986276,0.4,0.0,0.34071937,0.011322317,0.6740468,0.004173349,0.4,0.0,0.29154575,0.012539445
375316653866487564,4506326661047129600,0.635209,2149.167596652319,1.7862860830607525,5.6893596E-6,16.284575,0.007047513,0.22595675,0.0011913687,0.046080735,0.0070191994,0.12235537,0.014517237,0.72616726,0.0087215835,0.06736535,0.009170458,0.10634574,0.014143336,0.10270606,0.007017358,0.22595675,0.0011913687,"TWOGAUSSIANS_WITH_ELLIPSOIDAL_ON_ECLIPSE1",9,5.187248,0.22595675,0.0011913687,0.2580521,0.039307516,0.32766095,0.01834689,0.72616726,0.007947844,0.37724593,0.051099285,0.31165096,0.0070470897
375316653866487564,4506327004644499328,0.5489866,2226.86672317314,2.3876211952717465,1.6426004E-5,18.786621,0.030775653,0.2808255,0.009016861,0.08591696,0.01447838,0.5688579,0.04492368,0.7675065,0.006791583,0.09593488,0.00931044,0.52322,0.028951451,null,null,null,null,"TWOGAUSSIANS",8,5.194503,0.2808255,0.009016861,0.4,0.0,0.5486411,0.047669347,0.7675065,0.006791583,0.4,0.0,0.50300163,0.019237826
375316653866487564,4506328447753619584,0.54856706,2186.554033090282,1.2856461446308567,4.8317608E-5,18.20844,0.0033825655,0.26000676,0.012327439,0.06125436,0.014815476,0.07128775,0.0076265885,0.7594782,0.001990399,0.055987112,0.0030584869,0.2026459,0.006160299,null,null,null,null,"TWOGAUSSIANS",8,0.96796775,0.7594782,0.001990399,0.31352785,0.017127527,0.20262028,0.00614835,0.26000676,0.012327439,0.34302443,0.08296666,0.071262136,0.007626516
375316653866487564,4506328482094258816,0.49398693,2188.3769773015806,0.45166918594248234,8.876826E-5,19.762865,0.011293106,0.40967667,0.0070507056,0.032009073,0.006704601,0.13743404,0.042435076,0.77148044,0.020530354,0.026920047,0.015679691,0.892298,1.8132306,null,null,null,null,"TWOGAUSSIANS",8,1.9714589,0.77148044,0.020530354,0.15075226,0.08780627,0.892298,1.8132306,0.40967667,0.0070507056,0.1792508,0.037545767,0.13743404,0.042435076
375316653866487564,4506330058345454336,0.4516101,2248.9761698638667,3.216102134953025,7.456958E-5,18.779266,0.015654473,0.21503599,0.016811758,0.027310472,0.039995614,0.15241718,0.01783818,0.7101237,0.021806719,0.072751775,0.038821306,0.13912354,0.8882058,null,null,null,null,"TWOGAUSSIANS",8,6.389672,0.21503599,0.016811758,0.15293865,0.22397543,0.15241642,0.018063638,0.7101237,0.021806719,0.4,0.19870508,0.13912278,0.8882223
375316653866487564,4506330951698252672,0.48234043,2216.1535393534264,1.8985181112608152,4.906275E-5,17.453,0.02553811,0.2296355,0.015471702,0.16041787,0.030965863,0.15085751,0.024666227,0.6669639,0.023229398,0.07256333,0.015252934,0.1412775,0.08657984,null,null,null,null,"TWOGAUSSIANS",8,8.418409,0.2296355,0.015471702,0.4,0.0,0.13607673,0.0116229905,0.6669639,0.023229398,0.4,0.066796444,0.13048853,0.0878314
375316653866487564,4506332261666136832,0.53418165,2263.4706644563553,3.5766877873635172,4.8399556E-6,18.508537,0.0060592233,0.20088424,0.0016346934,0.07029328,0.0026305038,0.5452004,0.049993236,0.69266415,0.002247289,0.06873921,0.0025784979,0.6509041,0.022599276,null,null,null,null,"TWOGAUSSIANS",8,1.8676778,0.69266415,0.002247289,0.38493958,0.0144395875,0.6494116,0.022769505,0.20088424,0.0016346934,0.39364234,0.014730821,0.5437079,0.05030729
375316653866487564,4506333253801449984,0.549058,2231.0769295414952,0.12159489523328432,3.435262E-5,19.056122,0.0037020978,0.30548212,3.7942053E-4,0.0056233113,7.757938E-4,0.07479846,0.006045804,0.48428828,0.0017089981,0.030223548,0.0011974736,0.4000336,0.009854225,null,null,null,null,"TWOGAUSSIANS",8,1.3502668,0.48428828,0.0017089981,0.16925187,0.0067058518,0.4000336,0.009854225,0.30548212,3.7942053E-4,0.031490542,0.004344445,0.074798465,0.0060457946
375316653866487564,4506333356880588800,0.5204379,2235.2045933644845,2.9093927234582266,1.7430384E-5,18.282927,0.0052219415,0.31276432,0.0027976995,0.025917882,0.087814085,0.04883204,0.040448524,null,null,null,null,null,null,0.12234311,0.008242279,0.31276432,0.0027976995,"ONEGAUSSIAN_WITH_ELLIPSOIDAL",6,4.975997,0.31276432,0.0027976995,0.14514014,0.31315786,0.29351786,0.04158117,null,null,null,null,null,null
375316653866487564,4506333464256667776,0.5037087,2235.2976562376543,3.148078128713219,2.4126042E-5,19.76327,0.049622092,0.22050796,0.0041420413,0.08355785,0.013349749,0.42192963,0.04482064,0.73089075,0.009614928,0.0871422,0.015846495,0.4701758,0.07476441,null,null,null,null,"TWOGAUSSIANS",8,2.6545408,0.73089075,0.009614928,0.4,0.0,0.45996836,0.07389187,0.22050796,0.0041420413,0.4,0.0,0.41172227,0.030690443
375316653866487564,4506334078435594752,0.50059736,2234.2255421223244,0.8034401724050435,4.035221E-5,18.741907,0.0062101088,0.25301123,0.003879777,0.058254384,0.004740056,0.26995358,0.015906692,0.75561816,0.014619832,0.05697713,0.009839999,0.13818505,0.013256024,null,null,null,null,"TWOGAUSSIANS",8,3.9332497,0.25301123,0.003879777,0.32622454,0.026544314,0.26992497,0.01591566,0.75561816,0.014619832,0.31907192,0.055103995,0.13815647,0.013258714
375316653866487564,4506334284593814912,0.6218623,2228.910229083793,2.2384409312496554,7.860118E-6,17.801048,0.010804643,0.2568641,0.0020984677,0.086631335,0.004358748,0.46790555,0.0144517245,0.76768637,0.012737303,0.091222316,0.008209745,0.40371504,0.02881218,null,null,null,null,"TWOGAUSSIANS",8,3.3659663,0.2568641,0.0020984677,0.4,0.0,0.45389068,0.01577477,0.76768637,0.012737303,0.4,0.0,0.38969994,0.022405574
375316653866487564,4506335487184241664,0.56436753,2199.862980145327,2.5855154151437096,2.9937088E-5,18.953709,0.032254174,0.29483846,0.015963983,0.0734984,0.031021232,0.5066723,0.20344904,0.791758,0.004909239,0.070602514,0.01117299,0.5986789,0.04493115,null,null,null,null,"TWOGAUSSIANS",8,7.345468,0.791758,0.004909239,0.3953741,0.038864873,0.59619904,0.043610476,0.29483846,0.015963983,0.4,0.010186868,0.5041925,0.21460696
375316653866487564,4506335903821379072,0.50947475,2196.925218453118,2.0328487876505377,3.9101968E-5,18.59401,0.008998589,0.18663892,0.006346862,0.022040611,0.018815469,0.29757902,711.21625,0.894528,0.020646356,0.03966597,0.020296525,0.5585385,0.39185223,null,null,null,null,"TWOGAUSSIANS",8,6.282169,0.894528,0.020646356,0.22212943,0.113660544,0.5585385,0.39185223,0.18663892,0.006346862,0.12342742,0.105366625,0.29757902,711.21625
375316653866487564,4506336865872601856,0.522337,2220.6461868492656,0.447630692649434,6.67927E-5,19.12216,0.004148957,0.25300673,0.010882452,0.05232261,0.003585325,1.1448064,0.33064273,0.8930251,0.005936369,0.01786709,0.010101854,0.061976098,0.31575286,null,null,null,null,"TWOGAUSSIANS",8,0.73747283,0.25300673,0.010882452,0.29300663,0.02007782,1.1448064,0.33064273,0.8930251,0.005936369,0.10005571,0.05657038,0.061976098,0.31575286
375316653866487564,4506337342604189312,0.5020653,2190.6649365057847,0.5949548505690012,3.6869304E-5,12.118106,0.0018165018,0.27156228,0.010847798,0.011680265,0.012831524,0.28006828,2001.2488,null,null,null,null,null,null,null,null,null,null,"ONEGAUSSIAN",5,672.70807,0.27156228,0.010847798,0.06540948,0.071856536,0.28006828,0.0,null,null,null,null,null,null
375316653866487564,4506337720561887488,0.44280362,2116.6139989702265,2.8437769271748357,2.6897189E-5,18.60567,0.00614877,null,null,null,null,null,null,null,null,null,null,null,null,0.06360962,0.008318916,0.23090509,0.010165822,"ELLIPSOIDAL",4,6.078908,null,null,null,null,null,null,null,null,null,null,null,null
375316653866487564,4506337892360651520,0.5089546,2109.1555387885574,1.1904773406323732,1.8289013E-5,18.354084,0.0023873777,0.43111908,0.0044120895,0.0642022,0.004768739,0.1598691,0.010807356,0.08766293,5.5034972E-5,0.020290013,0.0013205248,0.022147818,0.0023874792,null,null,null,null,"TWOGAUSSIANS",8,1.3774498,0.43111908,0.0044120895,0.35953233,0.02670494,0.1598691,0.010807356,0.08766293,5.5034972E-5,0.11362407,0.0073949387,0.022147916,0.002387594
375316653866487564,4506339030553426816,0.5775127,2155.366199827996,0.8064162638986347,1.1035982E-4,15.118828,0.042360716,0.25526026,0.017877271,0.05243202,0.04293277,0.07594767,8.8826921E9,0.77926314,0.0034880412,0.034173273,0.006766582,0.6353763,0.086740114,0.047308624,0.048338525,0.25526026,0.017877271,"TWOGAUSSIANS_WITH_ELLIPSOIDAL_ON_ECLIPSE1",9,323.5325,0.77926314,0.0034880412,0.19137034,0.03789286,0.72785664,0.06504793,0.25526026,0.017877271,0.2936193,0.2382936,0.17056383,8.8826921E9
375316653866487564,4506339919591142912,0.5274524,2243.3949520751107,2.8932182637902732,2.4055988E-5,17.669254,0.007899452,0.20244616,0.01132051,0.073243454,0.01624752,0.31461447,0.19863397,0.7290303,0.010689198,0.08470127,0.010411808,0.24347863,0.019388473,null,null,null,null,"TWOGAUSSIANS",8,8.814241,0.20244616,0.01132051,0.4,0.071543016,0.3125084,0.20056881,0.7290303,0.010689198,0.4,0.0,0.24137251,0.019787626
375316653866487564,4506339992625777024,0.57905334,2246.4545663046692,1.5266275252876704,3.113524E-5,17.898815,0.0038382881,0.26277,0.021232856,0.038992576,0.011403157,0.49180368,0.10132033,0.76144344,0.0018788504,0.033991273,0.0016232198,0.8053889,0.07333767,null,null,null,null,"TWOGAUSSIANS",8,5.779372,0.76144344,0.0018788504,0.19035114,0.009090031,0.8053889,0.07333767,0.26277,0.021232856,0.21835844,0.06385768,0.49180368,0.10132033
375316653866487564,4506340061328694144,0.44503403,2233.5852202252004,3.0288907628586523,3.000476E-5,18.88268,0.0041445117,null,null,null,null,null,null,null,null,null,null,null,null,0.06133144,0.007547903,0.2826048,0.006160335,"ELLIPSOIDAL",4,3.082682,null,null,null,null,null,null,null,null,null,null,null,null
375316653866487564,4506341057759198080,0.43622175,2290.1997822278086,4.872338270118999,3.0699903E-5,18.960115,0.00804365,0.24008223,0.020553628,0.056252338,0.02440013,0.0685661,0.043222073,0.7774647,0.0071766605,0.044600386,0.008605934,0.1747477,0.05756359,null,null,null,null,"TWOGAUSSIANS",8,3.762762,0.7774647,0.0071766605,0.24976216,0.04819323,0.17474756,0.057563834,0.24008223,0.020553628,0.31501308,0.13664073,0.06856596,0.04322216
375316653866487564,4506341195217039232,0.44507188,2284.715046151629,2.1496381060519028,3.6752466E-5,17.22673,0.01904631,0.26436913,0.009960508,0.07099274,0.03959787,0.0871734,0.03899806,null,null,null,null,null,null,0.04221488,0.024173873,0.26436913,0.009960508,"ONEGAUSSIAN_WITH_ELLIPSOIDAL",6,36.25646,0.26436913,0.009960508,0.39755934,0.18147218,0.17143175,0.032766346,null,null,null,null,null,null
375316653866487564,4506341298296223360,0.4919152,2259.823851035356,2.751302233382036,6.402877E-5,16.161991,0.01017025,0.28341773,0.0074595604,0.03923585,0.023375312,0.08584782,0.096830465,0.746735,0.019735333,0.06392976,0.024651326,0.09278461,0.060554493,0.0718228,0.016924271,0.28341773,0.0074595604,"TWOGAUSSIANS_WITH_ELLIPSOIDAL_ON_ECLIPSE1",9,73.60801,0.75897497,0.013871067,0.35800666,0.10485135,0.23137864,0.057360914,0.28341773,0.0074595604,0.21972075,0.13090174,0.22948848,0.10455095
375316653866487564,4506342913187192960,0.54713285,2230.271244972344,3.1479126878355213,3.228776E-5,19.52252,0.038961824,0.32145303,0.008439186,0.099257454,0.018166766,0.25265104,0.037704177,0.8175469,0.0069865417,0.101288475,0.018518224,0.3167389,0.028868083,null,null,null,null,"TWOGAUSSIANS",8,0.7463392,0.8175469,0.0069865417,0.4,0.0,0.29265684,0.021365846,0.32145303,0.008437413,0.4,0.0,0.2285707,0.020301254
375316653866487564,4506343222441597568,0.53624654,2262.4346713654745,2.441683242648956,1.5718695E-5,18.410845,0.0039228946,0.2086559,0.0038943617,0.05526556,0.017544193,0.030703317,0.014047717,null,null,null,null,null,null,0.090377256,0.0068724733,0.2086559,0.0038943617,"ONEGAUSSIAN_WITH_ELLIPSOIDAL",6,2.5647042,0.2086559,0.0038943617,0.30948713,0.09824748,0.21145643,0.011173267,null,null,null,null,null,null
375316653866487564,4506344248915090560,0.53300405,2281.4341951058186,1.5445357782219165,1.7889417E-5,18.384035,0.0035763665,0.17339772,0.0051987814,0.055257533,0.005549514,0.12778252,0.010729762,0.6617755,0.0048931725,0.04835089,0.004155292,0.19829813,0.01276893,null,null,null,null,"TWOGAUSSIANS",8,1.739721,0.6617755,0.0048931725,0.27076498,0.023269637,0.19829653,0.012768866,0.17339772,0.0051987814,0.30944216,0.03107728,0.12778094,0.010730208
