Gaia/vari_eclipsing_binary/VariEclipsingBinary_047061-047323.csv
# %ECSV 1.0
# ---
# delimiter: ','
# meta: !!omap
# - RELEASE: Gaia DR3
# - TABLE: vari_eclipsing_binary
# - DESCRIPTION: >
#     This table describes the properties of the eclipsing binaries resulting from the variability analysis. 
# - CITATION: >
#     How to cite and acknowledge Gaia: 
#     https://gea.esac.esa.int/archive/documentation/credits.html 
# - KNOWN_ISSUES: >
#     Known issues: 
#     https://www.cosmos.esa.int/web/gaia-users/known-issues 
# - DOCUMENTATION: >
#     Tutorials and documentation: 
#     https://www.cosmos.esa.int/web/gaia-users/archive 
# datatype:
# - 
#   name: solution_id
#   datatype: int64
#   description: Solution Identifier
#   meta:
#     ucd: meta.version
# - 
#   name: source_id
#   datatype: int64
#   description: Unique source identifier
#   meta:
#     ucd: meta.id;meta.main
# - 
#   name: global_ranking
#   datatype: float32
#   description: Number between 0 (worst) and 1 (best)
#   meta:
#     ucd: stat.param
# - 
#   name: reference_time
#   datatype: float64
#   unit: d
#   description: Reference time used for the geometric model fit
#   meta:
#     ucd: time.epoch
# - 
#   name: frequency
#   datatype: float64
#   unit: d**-1
#   description: Frequency of geometric model of the eclipsing binary light curve
#   meta:
#     ucd: src.orbital
# - 
#   name: frequency_error
#   datatype: float32
#   unit: d**-1
#   description: "Uncertainty of \\texttt{frequency}"
#   meta:
#     ucd: stat.error
# - 
#   name: geom_model_reference_level
#   datatype: float32
#   unit: mag
#   description: Magnitude reference level of geometric model
#   meta:
#     ucd: phot.mag;em.opt
# - 
#   name: geom_model_reference_level_error
#   datatype: float32
#   unit: mag
#   description: "Uncertainty of \\texttt{geomModelReferenceLevel}"
#   meta:
#     ucd: stat.error;phot.mag;em.opt
# - 
#   name: geom_model_gaussian1_phase
#   datatype: float32
#   description: Phase of the Gaussian 1 component
#   meta:
#     ucd: time.phase
# - 
#   name: geom_model_gaussian1_phase_error
#   datatype: float32
#   description: "Uncertainty of \\texttt{geomModelGaussian1Phase}"
#   meta:
#     ucd: stat.error;time.phase
# - 
#   name: geom_model_gaussian1_sigma
#   datatype: float32
#   description: "Standard deviation [phase] of Gaussian 1 component"
#   meta:
#     ucd: stat.stdev
# - 
#   name: geom_model_gaussian1_sigma_error
#   datatype: float32
#   description: "Uncertainty of \\texttt{geomModelGaussian1Sigma}"
#   meta:
#     ucd: stat.error
# - 
#   name: geom_model_gaussian1_depth
#   datatype: float32
#   unit: mag
#   description: Magnitude depth of Gaussian 1 component
#   meta:
#     ucd: src.var.amplitude
# - 
#   name: geom_model_gaussian1_depth_error
#   datatype: float32
#   unit: mag
#   description: "Uncertainty of \\texttt{geomModelGaussian1Depth}"
#   meta:
#     ucd: stat.error;src.var.amplitude
# - 
#   name: geom_model_gaussian2_phase
#   datatype: float32
#   description: Phase of Gaussian 2 component
#   meta:
#     ucd: time.phase
# - 
#   name: geom_model_gaussian2_phase_error
#   datatype: float32
#   description: "Uncertainty of \\texttt{geomModelGaussian2Phase}"
#   meta:
#     ucd: stat.error;time.phase
# - 
#   name: geom_model_gaussian2_sigma
#   datatype: float32
[...]
#   datatype: float32
#   description: "Secondary eclipse: uncertainty of \\texttt{derivedSecondaryEclDuration}"
#   meta:
#     ucd: stat.error;time.duration
# - 
#   name: derived_secondary_ecl_depth
#   datatype: float32
#   unit: mag
#   description: "Secondary eclipse: depth"
#   meta:
#     ucd: src.var.amplitude
# - 
#   name: derived_secondary_ecl_depth_error
#   datatype: float32
#   unit: mag
#   description: "Secondary eclipse: uncertainty of \\texttt{derivedSecondaryEclDepth}"
#   meta:
#     ucd: stat.error;src.var.amplitude
solution_id,source_id,global_ranking,reference_time,frequency,frequency_error,geom_model_reference_level,geom_model_reference_level_error,geom_model_gaussian1_phase,geom_model_gaussian1_phase_error,geom_model_gaussian1_sigma,geom_model_gaussian1_sigma_error,geom_model_gaussian1_depth,geom_model_gaussian1_depth_error,geom_model_gaussian2_phase,geom_model_gaussian2_phase_error,geom_model_gaussian2_sigma,geom_model_gaussian2_sigma_error,geom_model_gaussian2_depth,geom_model_gaussian2_depth_error,geom_model_cosine_half_period_amplitude,geom_model_cosine_half_period_amplitude_error,geom_model_cosine_half_period_phase,geom_model_cosine_half_period_phase_error,model_type,num_model_parameters,reduced_chi2,derived_primary_ecl_phase,derived_primary_ecl_phase_error,derived_primary_ecl_duration,derived_primary_ecl_duration_error,derived_primary_ecl_depth,derived_primary_ecl_depth_error,derived_secondary_ecl_phase,derived_secondary_ecl_phase_error,derived_secondary_ecl_duration,derived_secondary_ecl_duration_error,derived_secondary_ecl_depth,derived_secondary_ecl_depth_error
[from data line 532]
375316653866487564,415309013811603584,0.54970264,2212.3247509737753,0.35373584501123817,7.166735E-6,13.492982,0.0034643689,0.22490354,0.0037619835,0.033204623,0.0038672404,0.1913547,0.012833529,0.7250571,0.0038029798,0.028890673,0.0033163002,0.5192846,0.08827903,0.02158576,0.0052431873,0.22490354,0.0037619835,"TWOGAUSSIANS_WITH_ELLIPSOIDAL_ON_ECLIPSE1",9,155.5318,0.7250571,0.0037844067,0.16178776,0.018571282,0.5624561,0.088618785,0.22490354,0.0037619835,0.18594588,0.021656547,0.23452622,0.009798899
375316653866487564,415314442650224512,0.55222905,2225.2552130848603,0.38474613864057966,2.133701E-6,13.874409,0.0017976651,0.7313784,0.0014244828,0.028973062,0.0012456354,0.1701105,0.005533191,null,null,null,null,null,null,0.022021355,0.0023804526,0.7313784,0.0014244828,"ONEGAUSSIAN_WITH_ELLIPSOIDAL",6,131.0861,0.7313784,0.0014244828,0.16224915,0.0069755586,0.21415319,0.004754743,null,null,null,null,null,null
375316653866487564,415315885759221248,0.4955829,2266.4717181645083,0.088306967344882,3.5408822E-5,15.832774,0.0038477774,0.2773177,0.0076394808,0.046051756,0.005593843,0.37976044,0.05464958,0.5187127,0.04593073,0.022626579,0.01724457,0.072694406,0.09494254,0.015516608,0.0048821256,0.2773177,0.0076394808,"TWOGAUSSIANS_WITH_ELLIPSOIDAL_ON_ECLIPSE1",9,16.300602,0.2773177,0.0076394808,0.25788984,0.03132552,0.4107934,0.055052437,0.5187127,0.046587843,0.12670884,0.09656959,0.0727852,0.09602559
375316653866487564,415317187131262848,0.45550513,2194.443042803767,1.6850289928012492,4.4757315E-5,18.286272,0.0064961216,0.26788628,0.01335864,0.09893162,0.02434502,0.068058856,0.010326921,0.7454394,0.010824848,0.064098716,0.008379664,0.122724816,0.009312413,null,null,null,null,"TWOGAUSSIANS",8,4.766236,0.7454394,0.010824848,0.3589528,0.046926122,0.12175055,0.00861986,0.26788628,0.01335864,0.4,0.0,0.06708394,0.011307446
375316653866487564,415320180726886272,0.57463753,2159.217441545454,3.6480843149240716,6.6246357E-6,19.131447,0.011629529,0.33465442,0.0017309086,0.048855897,0.004110034,0.37392494,0.025294423,0.8342591,0.004291808,0.046632025,0.005596289,0.29245865,0.033386417,0.11423466,0.01785223,0.33465442,0.0017309086,"TWOGAUSSIANS_WITH_ELLIPSOIDAL_ON_ECLIPSE1",9,2.0756843,0.33465442,0.0017309086,0.27359304,0.02301619,0.60239327,0.019236285,0.8343091,0.0040499903,0.26113933,0.031339217,0.52092576,0.027050037
375316653866487564,415320760543834240,0.63585174,2125.4940200421665,0.2148083262385518,4.097363E-6,15.472228,0.001748996,0.36446872,0.10268437,0.070703804,0.08213236,0.007836359,8.1393549E8,0.6453539,7.0069183E-4,0.01814124,5.1242416E-4,0.5698069,0.012454041,0.004320167,0.00297899,0.6453539,7.0069183E-4,"TWOGAUSSIANS_WITH_ELLIPSOIDAL_ON_ECLIPSE2",9,13.650492,0.6453539,7.0069183E-4,0.10159095,0.0028695753,0.5784501,0.0131566785,0.3416987,0.14931533,0.39594132,0.42516595,0.008385632,8.1393549E8
375316653866487564,415323444901996544,0.65676165,2151.007168426448,0.5540756557690419,1.2619886E-5,11.729168,6.05373E-4,0.60817677,0.0025134303,0.023367126,8.603066E-4,0.5092865,0.038648754,null,null,null,null,null,null,null,null,null,null,"ONEGAUSSIAN",5,15.967027,0.60817677,0.0025134303,0.1308559,0.004817717,0.5092865,0.0,null,null,null,null,null,null
375316653866487564,415326120663451520,0.52651954,2158.011639777326,3.5073269890434386,1.0614413E-5,19.725838,0.013407717,0.24787132,0.0051048207,0.055235893,0.0032352568,1.0395305,0.054083087,0.7659289,0.0036011657,0.054454464,0.0053881817,0.38519704,0.016112534,null,null,null,null,"TWOGAUSSIANS",8,3.5640652,0.24787132,0.0051048207,0.309321,0.018117437,1.0395124,0.0540805,0.7659289,0.0036011657,0.304945,0.030173818,0.38517892,0.01612299
375316653866487564,415328770661405696,0.5706957,2124.565963531196,3.0782934382713907,4.310908E-6,15.579656,0.017751273,0.17522512,0.0018043278,0.048820194,0.00493722,0.36797544,0.044384122,0.67150307,0.0019024389,0.060336426,0.0048963823,0.29410806,0.05196437,0.07188062,0.032174647,0.17522512,0.0018043278,"TWOGAUSSIANS_WITH_ELLIPSOIDAL_ON_ECLIPSE1",9,31.932701,0.17522512,0.0018043278,0.2733931,0.027648432,0.5116926,0.028879,0.6719631,0.0015948156,0.33788398,0.02741974,0.43775627,0.023624428
375316653866487564,415328942460083712,0.439625,2163.8332310162937,1.4531248874255775,3.38824E-5,18.230865,0.008575774,0.14368767,0.007432979,0.019541664,0.0052612466,0.091588736,0.04201216,0.5756924,0.0015222261,0.023649879,0.004958721,0.2494213,0.032420065,null,null,null,null,"TWOGAUSSIANS",8,21.09705,0.5756924,0.0015222261,0.13243933,0.027768837,0.2494213,0.032420065,0.14368767,0.007432979,0.10943332,0.029462982,0.091588736,0.04201216
375316653866487564,415334371298968576,0.5855792,2172.3686490416812,2.0907007683532135,4.4566336E-6,16.853859,0.0059469254,0.258624,0.0032651955,0.100698926,0.0050713853,0.24253286,0.011968904,0.75974244,0.0013704539,0.08882106,0.0034086052,0.3167782,0.0061328113,null,null,null,null,"TWOGAUSSIANS",8,4.3264823,0.75974244,0.0013704539,0.4,0.0,0.3001944,0.0072889407,0.258624,0.0032651955,0.4,0.0,0.22594698,0.012809689
375316653866487564,415341410747349760,0.48212945,2197.024328908942,0.09893945411273058,9.438614E-5,18.359585,0.0030598994,0.14413704,0.04169575,0.026602352,0.02933818,0.063993104,0.11204741,0.8618542,0.0040806895,0.031793773,0.0053380514,0.28814226,0.07744635,null,null,null,null,"TWOGAUSSIANS",8,2.8311355,0.8618542,0.0040806895,0.17804512,0.029893087,0.28814226,0.07744635,0.14413704,0.04169575,0.14897318,0.16429381,0.063993104,0.11204741
375316653866487564,415342961234693888,0.5142217,2141.4185041989062,1.9247559294781518,6.8256973E-6,13.153823,0.015642114,0.15309556,0.024320884,0.028333107,0.022999283,0.10793622,0.059829477,0.628285,0.0015398887,0.04919466,0.011115806,0.09706843,0.034705944,0.09440062,0.02176981,0.628285,0.0015398887,"TWOGAUSSIANS_WITH_ELLIPSOIDAL_ON_ECLIPSE2",9,116.528854,0.15063556,0.021154314,0.1586654,0.12879598,0.2926321,0.039506175,0.628285,0.0015398887,0.27549008,0.062248513,0.28586936,0.0111384755
375316653866487564,415347874675823488,0.44368386,2217.939848394189,0.026382962676961302,3.204698E-5,17.51699,0.18972452,0.27901837,0.0092583345,0.30913383,0.12502833,0.2658351,0.18123506,0.7414887,0.008363849,0.081365526,0.008553645,0.14414914,0.020048765,null,null,null,null,"TWOGAUSSIANS",8,4.008078,0.7414887,0.008363849,0.4,0.0,0.110314205,0.007850306,0.27901837,0.0092583345,0.4,0.0,0.08939298,0.008052444
375316653866487564,415349450926456064,0.4660899,2219.346537223232,0.026356574713744828,1.3780335E-5,18.132925,0.015315098,0.35543758,0.013010112,0.071368165,0.013766402,0.31205764,0.049357478,0.6654069,0.005983703,0.044550285,0.007838391,0.37626386,0.07855333,0.0739324,0.019797862,0.6654069,0.005983703,"TWOGAUSSIANS_WITH_ELLIPSOIDAL_ON_ECLIPSE2",9,8.910433,0.6654069,0.005983703,0.2494816,0.043894988,0.5241522,0.09225019,0.34332758,0.018310806,0.39966172,0.060998525,0.3359064,0.04617688
375316653866487564,415353440953499264,0.66337633,2117.54656218272,1.3861186591688812,1.911429E-6,13.662765,0.0024748698,0.22330377,4.6449798E-4,0.053413846,0.0016253572,0.18607998,0.004609853,0.727868,0.009915643,0.038530797,0.0064691324,0.020824235,0.0088135945,0.075979844,0.0028999823,0.22330377,4.6449798E-4,"TWOGAUSSIANS_WITH_ELLIPSOIDAL_ON_ECLIPSE1",9,19.27114,0.22330377,4.6449798E-4,0.29911754,0.009102001,0.33803627,0.0026974594,0.727868,0.009915643,0.21577246,0.03622714,0.1726556,0.0067228163
375316653866487564,415359518329922304,0.544667,2177.41998772183,1.646927750461602,1.6310965E-5,18.591393,0.00562194,0.30785394,0.021352319,0.037522785,0.013476318,0.81431687,0.17300016,0.80005753,0.0041975486,0.0510456,0.010765418,0.27340007,0.0907138,null,null,null,null,"TWOGAUSSIANS",8,7.0316005,0.30785394,0.021352319,0.21012759,0.07546738,0.8143168,0.17300153,0.80005753,0.0041975486,0.28585538,0.060286343,0.2734,0.090714596
375316653866487564,415368387439502336,0.67714924,2187.256828133023,2.473112226063376,2.538532E-6,16.945187,0.006304401,0.28266397,7.617676E-4,0.05091702,0.0024527495,0.29607326,0.014231258,0.7835642,0.0012998199,0.050443083,0.0020995003,0.32863522,0.015587628,0.114303,0.009564933,0.28266397,7.617676E-4,"TWOGAUSSIANS_WITH_ELLIPSOIDAL_ON_ECLIPSE1",9,5.636216,0.7835642,0.0012998199,0.28248128,0.0117572015,0.55723065,0.00782119,0.28266397,7.617676E-4,0.2851353,0.013735398,0.52467597,0.008770853
375316653866487564,415379824934055680,0.71934474,2186.6863550252265,0.2984388119688745,1.4556856E-5,13.1927805,4.3937762E-4,0.3595447,0.007792689,0.025912557,0.003754875,0.62914896,0.09776104,null,null,null,null,null,null,null,null,null,null,"ONEGAUSSIAN",5,19.685057,0.3595447,0.007792689,0.14511031,0.0210273,0.62914896,0.0,null,null,null,null,null,null
375316653866487564,415382470633996928,0.5917813,2163.26104306797,1.1175127264565368,5.516374E-6,17.082706,0.0057798894,0.2757543,0.0010230844,0.023575554,9.598648E-4,0.7905297,0.008195826,0.7768082,0.0024663347,0.025214285,0.0021816571,0.40296042,0.04273501,null,null,null,null,"TWOGAUSSIANS",8,37.045868,0.2757543,0.0010230844,0.1320231,0.005375243,0.7905297,0.008195826,0.7768082,0.0024663347,0.14119999,0.01221728,0.40296042,0.04273501
375316653866487564,415400445075433472,0.5650683,2219.6215839726565,2.3705663819771723,5.0167205E-6,18.00487,0.008438944,0.30911544,0.0015688513,0.09254068,0.005171174,0.21729724,0.009419593,0.80532455,0.0032050023,0.09688416,0.0058548963,0.2105507,0.00786857,null,null,null,null,"TWOGAUSSIANS",8,1.5533305,0.30911544,0.0015688513,0.4,0.0,0.20485386,0.009261784,0.80532455,0.0032050023,0.4,0.0,0.19810683,0.00630178
375316653866487564,415400646937070208,0.50052017,2229.816980806553,3.951224905272902,1.81556E-5,18.729162,0.0024534888,0.17499693,0.0024299119,0.025833094,0.00515884,0.11013929,0.060101263,0.51014405,0.0108509995,0.031912547,0.0071186596,0.27072796,0.46979526,null,null,null,null,"TWOGAUSSIANS",8,1.4288228,0.51014405,0.0108509995,0.17871027,0.039864495,0.27072796,0.46979526,0.17499693,0.0024299119,0.14466533,0.028889505,0.11013929,0.060101263
375316653866487564,415403881049722624,0.5713683,2247.5414402640095,3.8765773070740774,7.3281585E-6,18.072432,0.022548722,0.30341116,0.004001297,0.049676497,0.0059863804,0.49605185,0.04865224,0.7931217,0.002688552,0.06263117,0.005230635,0.4107983,0.046446245,0.10550982,0.028817696,0.30341116,0.004001297,"TWOGAUSSIANS_WITH_ELLIPSOIDAL_ON_ECLIPSE1",9,7.9715543,0.30341116,0.004001297,0.27818838,0.03352373,0.70699644,0.02069359,0.7945317,0.0020243349,0.35073453,0.029291555,0.62098265,0.019496461
375316653866487564,415408141656474880,0.5243914,2210.669379374049,2.7306493849683675,1.96351E-5,15.186139,0.009624934,0.22730395,0.005493345,0.082044125,0.0066887746,0.36086452,0.018400997,0.73111945,0.0049443822,0.08542185,0.006700593,0.32904944,0.016595112,null,null,null,null,"TWOGAUSSIANS",8,330.71222,0.22730395,0.005493345,0.4,0.0,0.35341087,0.018975528,0.73111945,0.0049443822,0.4,0.0,0.32159576,0.016701568
375316653866487564,415412329246439040,0.61870056,2280.0588606776323,0.0848731011358333,4.4019741E-4,17.449703,9.141547E-4,0.57090694,0.0043095555,0.0024972118,0.0016841351,0.8187371,1.0205227,null,null,null,null,null,null,7.135085E-4,0.0012812808,0.57090694,0.0043095555,"ONEGAUSSIAN_WITH_ELLIPSOIDAL",6,2.21418,0.57090694,0.0043095555,0.013984386,0.009431156,0.82016414,1.0205913,null,null,null,null,null,null
375316653866487564,415413394400214912,0.523013,2236.5109026008,1.1417043474157655,3.8396006E-6,17.778427,0.0042609414,0.2470282,0.057408348,0.006962481,0.037519585,0.3823052,0.5498837,0.941305,1.436579E-6,7.602845E-4,8.149584E-6,0.48507997,0.0029791342,0.0021403404,0.006129792,0.941305,1.436579E-6,"TWOGAUSSIANS_WITH_ELLIPSOIDAL_ON_ECLIPSE2",9,9.427335,0.941305,1.436579E-6,0.0042575933,4.563767E-5,0.48936063,0.010365449,0.2470282,0.057618126,0.038989894,0.21010968,0.38280883,0.5500051
375316653866487564,415415215463638784,0.5383809,2269.9811691987898,0.12094684445398156,4.85482E-5,16.914402,7.8801677E-4,0.30780587,0.04480814,0.039824504,0.032476705,0.004988628,0.00899215,0.6241907,0.032155696,0.027884271,0.015760498,0.16803432,0.038139883,null,null,null,null,"TWOGAUSSIANS",8,1.4787803,0.6241907,0.032155696,0.15615192,0.08825879,0.16803432,0.038139883,0.30780587,0.04480814,0.22301723,0.18186954,0.004988628,0.00899215
375316653866487564,415416280615593984,0.44817472,2266.1790516090896,3.2893865431638867,4.041335E-5,18.458956,0.02654802,0.23976979,0.018929102,0.08604918,0.03114064,0.1352646,0.024879199,0.73605317,0.007570496,0.09831697,0.02327674,0.1236677,0.024701936,null,null,null,null,"TWOGAUSSIANS",8,5.7583857,0.23976979,0.018959139,0.4,0.0,0.12911107,0.015129728,0.73605317,0.007570496,0.4,0.0,0.11751356,0.011593366
375316653866487564,415418552657136768,0.6416322,2264.954008119737,0.5204456346437482,2.0521952E-6,10.419218,8.3602115E-4,0.20008144,0.0010328564,0.02263352,0.0014054164,0.333782,0.022486888,0.7070054,3.3776215E-4,0.022917131,5.4352795E-4,0.5907133,0.022034438,0.0058112238,0.0012859905,0.20008144,0.0010328564,"TWOGAUSSIANS_WITH_ELLIPSOIDAL_ON_ECLIPSE1",9,29.115274,0.7070054,3.3776215E-4,0.12833594,0.0030437566,0.60231376,0.022772074,0.20008144,0.0010328564,0.12674771,0.007870332,0.34540442,0.023110151
375316653866487564,415422160430062976,0.56019145,2203.7440019388478,0.36604651767879204,1.0146388E-5,15.836356,5.065235E-4,0.19206657,0.0016415792,0.02068469,0.001501216,0.083892375,0.0021919494,0.7024718,0.01661302,0.02004117,0.013891739,0.012368476,0.010661692,null,null,null,null,"TWOGAUSSIANS",8,2.661518,0.19206657,0.0016415792,0.11583426,0.0084068095,0.083892375,0.0021919494,0.7024718,0.01661302,0.112230554,0.07779374,0.012368476,0.010661692
375316653866487564,415424561313524480,0.52723974,2183.804641754511,2.8198473479797443,8.511463E-6,19.474781,0.01037185,0.22820376,0.006064126,0.073815055,0.0072326693,0.27321893,0.026479365,0.7185848,0.004438736,0.07688994,0.0075937,0.5613252,0.05225252,null,null,null,null,"TWOGAUSSIANS",8,2.2544837,0.7185848,0.004438736,0.4,0.0,0.5587458,0.054137997,0.22820376,0.006064126,0.4,0.007469549,0.27063954,0.026954925
375316653866487564,415433258625396352,0.5770627,2242.684451098022,3.3318088388776035,1.1503891E-5,18.351221,0.010138461,0.26194584,0.0025133907,0.04555705,0.0117280055,0.07984429,0.021230351,0.7562224,0.0042577344,0.04195482,0.006268909,0.14529353,0.023291076,0.11975106,0.012986456,0.26194584,0.0025133907,"TWOGAUSSIANS_WITH_ELLIPSOIDAL_ON_ECLIPSE1",9,4.116555,0.75729245,0.0033818486,0.23494698,0.03510589,0.38454366,0.014212331,0.26194584,0.0025133907,0.25511947,0.06567683,0.31934634,0.008634541
375316653866487564,415437205696673664,0.49958533,2235.5285447972074,3.6282891854522084,1.0851138E-5,19.648924,0.011489841,0.23862034,0.004465765,0.07828641,0.006898627,0.29086018,0.017591966,0.736427,0.003561321,0.082544155,0.006598185,0.27736354,0.01394427,null,null,null,null,"TWOGAUSSIANS",8,1.4642149,0.23862034,0.004465765,0.4,0.0,0.28652763,0.017914165,0.736427,0.003561321,0.4,0.0,0.273031,0.0133461505
375316653866487564,415438893622397952,0.48776022,2237.863177333927,0.5572875781489183,1.3957023E-5,15.722965,0.016076284,0.13348679,7.746932E-4,0.010767383,0.0017873067,0.55230767,0.13204274,0.62533545,0.01407449,0.015672637,0.1305627,0.6949881,0.6369277,null,null,null,null,"TWOGAUSSIANS",8,288.03232,0.62533545,0.01407449,0.08776677,0.30991158,0.6949881,0.63737446,0.13348679,7.746932E-4,0.060297344,0.010008918,0.55230767,0.13204041
375316653866487564,415442226517085056,0.5218871,2249.999302786388,3.966950278905122,9.630861E-6,18.771101,0.011421618,0.24483669,0.0024657492,0.093297526,0.0067682145,0.28548273,0.009641419,0.7312191,0.0021738033,0.08589663,0.0041719787,0.35180187,0.011736259,null,null,null,null,"TWOGAUSSIANS",8,3.1409724,0.7312191,0.0021738033,0.4,0.0,0.34144726,0.009559798,0.24483669,0.0024657492,0.4,0.0,0.2751277,0.008440144
