Gaia/vari_eclipsing_binary/VariEclipsingBinary_227864-227939.csv
# %ECSV 1.0
# ---
# delimiter: ','
# meta: !!omap
# - RELEASE: Gaia DR3
# - TABLE: vari_eclipsing_binary
# - DESCRIPTION: >
#     This table describes the properties of the eclipsing binaries resulting from the variability analysis. 
# - CITATION: >
#     How to cite and acknowledge Gaia: 
#     https://gea.esac.esa.int/archive/documentation/credits.html 
# - KNOWN_ISSUES: >
#     Known issues: 
#     https://www.cosmos.esa.int/web/gaia-users/known-issues 
# - DOCUMENTATION: >
#     Tutorials and documentation: 
#     https://www.cosmos.esa.int/web/gaia-users/archive 
# datatype:
# - 
#   name: solution_id
#   datatype: int64
#   description: Solution Identifier
#   meta:
#     ucd: meta.version
# - 
#   name: source_id
#   datatype: int64
#   description: Unique source identifier
#   meta:
#     ucd: meta.id;meta.main
# - 
#   name: global_ranking
#   datatype: float32
#   description: Number between 0 (worst) and 1 (best)
#   meta:
#     ucd: stat.param
# - 
#   name: reference_time
#   datatype: float64
#   unit: d
#   description: Reference time used for the geometric model fit
#   meta:
#     ucd: time.epoch
# - 
#   name: frequency
#   datatype: float64
#   unit: d**-1
#   description: Frequency of geometric model of the eclipsing binary light curve
#   meta:
#     ucd: src.orbital
# - 
#   name: frequency_error
#   datatype: float32
#   unit: d**-1
#   description: "Uncertainty of \\texttt{frequency}"
#   meta:
#     ucd: stat.error
# - 
#   name: geom_model_reference_level
#   datatype: float32
#   unit: mag
#   description: Magnitude reference level of geometric model
#   meta:
#     ucd: phot.mag;em.opt
# - 
#   name: geom_model_reference_level_error
#   datatype: float32
#   unit: mag
#   description: "Uncertainty of \\texttt{geomModelReferenceLevel}"
#   meta:
#     ucd: stat.error;phot.mag;em.opt
# - 
#   name: geom_model_gaussian1_phase
#   datatype: float32
#   description: Phase of the Gaussian 1 component
#   meta:
#     ucd: time.phase
# - 
#   name: geom_model_gaussian1_phase_error
#   datatype: float32
#   description: "Uncertainty of \\texttt{geomModelGaussian1Phase}"
#   meta:
#     ucd: stat.error;time.phase
# - 
#   name: geom_model_gaussian1_sigma
#   datatype: float32
#   description: "Standard deviation [phase] of Gaussian 1 component"
#   meta:
#     ucd: stat.stdev
# - 
#   name: geom_model_gaussian1_sigma_error
#   datatype: float32
#   description: "Uncertainty of \\texttt{geomModelGaussian1Sigma}"
#   meta:
#     ucd: stat.error
# - 
#   name: geom_model_gaussian1_depth
#   datatype: float32
#   unit: mag
#   description: Magnitude depth of Gaussian 1 component
#   meta:
#     ucd: src.var.amplitude
# - 
#   name: geom_model_gaussian1_depth_error
#   datatype: float32
#   unit: mag
#   description: "Uncertainty of \\texttt{geomModelGaussian1Depth}"
#   meta:
#     ucd: stat.error;src.var.amplitude
# - 
#   name: geom_model_gaussian2_phase
#   datatype: float32
#   description: Phase of Gaussian 2 component
#   meta:
#     ucd: time.phase
# - 
#   name: geom_model_gaussian2_phase_error
#   datatype: float32
#   description: "Uncertainty of \\texttt{geomModelGaussian2Phase}"
#   meta:
#     ucd: stat.error;time.phase
# - 
#   name: geom_model_gaussian2_sigma
#   datatype: float32
[...]
#   datatype: float32
#   description: "Secondary eclipse: uncertainty of \\texttt{derivedSecondaryEclDuration}"
#   meta:
#     ucd: stat.error;time.duration
# - 
#   name: derived_secondary_ecl_depth
#   datatype: float32
#   unit: mag
#   description: "Secondary eclipse: depth"
#   meta:
#     ucd: src.var.amplitude
# - 
#   name: derived_secondary_ecl_depth_error
#   datatype: float32
#   unit: mag
#   description: "Secondary eclipse: uncertainty of \\texttt{derivedSecondaryEclDepth}"
#   meta:
#     ucd: stat.error;src.var.amplitude
solution_id,source_id,global_ranking,reference_time,frequency,frequency_error,geom_model_reference_level,geom_model_reference_level_error,geom_model_gaussian1_phase,geom_model_gaussian1_phase_error,geom_model_gaussian1_sigma,geom_model_gaussian1_sigma_error,geom_model_gaussian1_depth,geom_model_gaussian1_depth_error,geom_model_gaussian2_phase,geom_model_gaussian2_phase_error,geom_model_gaussian2_sigma,geom_model_gaussian2_sigma_error,geom_model_gaussian2_depth,geom_model_gaussian2_depth_error,geom_model_cosine_half_period_amplitude,geom_model_cosine_half_period_amplitude_error,geom_model_cosine_half_period_phase,geom_model_cosine_half_period_phase_error,model_type,num_model_parameters,reduced_chi2,derived_primary_ecl_phase,derived_primary_ecl_phase_error,derived_primary_ecl_duration,derived_primary_ecl_duration_error,derived_primary_ecl_depth,derived_primary_ecl_depth_error,derived_secondary_ecl_phase,derived_secondary_ecl_phase_error,derived_secondary_ecl_duration,derived_secondary_ecl_duration_error,derived_secondary_ecl_depth,derived_secondary_ecl_depth_error
[from data line 715]
375316653866487564,2004830264944596736,0.60232866,2101.541805224479,1.0739454162734905,3.790305E-5,15.538046,8.162992E-4,0.23741786,0.006654641,0.015279637,0.0061082835,0.014662852,0.010740365,0.71284556,9.189439E-4,0.016587673,0.0010828007,0.104181625,0.0027028066,0.011493695,0.0012291183,0.23741786,0.006654641,"TWOGAUSSIANS_WITH_ELLIPSOIDAL_ON_ECLIPSE1",9,4.228442,0.71296555,9.275008E-4,0.09289096,0.006063684,0.12662792,0.0025269429,0.23741786,0.006654641,0.08556596,0.034206387,0.03765024,0.010200317
375316653866487564,2004830436743286912,0.5550401,2087.5185389565463,0.33752332860206097,1.5691034E-5,14.460087,0.0011236238,0.66669685,0.026665816,0.047672268,0.0171972,0.010125942,0.0066554765,0.90392077,0.0053042397,0.008332378,0.0024021526,0.31749186,0.1615598,null,null,null,null,"TWOGAUSSIANS",8,29.715807,0.90392077,0.0053042397,0.046661317,0.013452055,0.31749192,0.16155972,0.66669685,0.026665816,0.2669647,0.09630431,0.010125942,0.0066554765
375316653866487564,2004832498327952256,0.68251085,2179.4965988537606,0.6941987589934877,9.134897E-6,15.456695,0.0012188645,0.27239162,5.467426E-4,0.023604998,4.2388798E-4,0.48529944,0.013734267,0.77326095,0.013155928,0.022907583,0.00786711,0.7508479,2.3470628,0.012306379,0.0017237993,0.27239162,5.467426E-4,"TWOGAUSSIANS_WITH_ELLIPSOIDAL_ON_ECLIPSE1",9,7.446036,0.77326095,0.013155928,0.12828247,0.044055816,0.7754599,2.3476562,0.27239162,5.467426E-4,0.13218799,0.0023737727,0.5099122,0.012986269
375316653866487564,2004832528376161280,0.45646974,2139.5068405991,4.224578566376008,1.0433194E-5,17.739382,0.0028003915,0.17342208,0.0061917584,0.024355194,0.010410767,0.1440638,0.0926457,0.5179973,0.012143362,0.007802238,0.0014261453,0.2049488,0.17249672,null,null,null,null,"TWOGAUSSIANS",8,7.996715,0.5179973,0.012143362,0.043692533,0.007986413,0.2049488,0.17249672,0.17342208,0.0061917584,0.13638909,0.058300294,0.1440638,0.0926457
375316653866487564,2004832738831381888,0.5109726,2125.9344977251562,0.2237651669426483,4.307802E-5,19.590736,0.0059605604,0.5750593,0.0365045,0.030080995,0.013894829,1.1014729,3.27951,0.80930895,0.026265347,0.0649951,0.023040812,0.042605203,0.013215488,null,null,null,null,"TWOGAUSSIANS",8,1.7023418,0.5750593,0.036513496,0.16845357,0.07781104,1.1015373,3.2794704,0.80930895,0.026265347,0.36397257,0.12902854,0.042605203,0.013215488
375316653866487564,2004833116802903424,0.5981849,2114.1609442714675,0.2907628204003287,1.5097429E-6,13.784711,5.1381404E-4,0.21185312,0.0010422199,0.009449103,5.2289694E-4,0.19319242,0.02684097,0.70899713,0.0016921293,0.008548945,0.0016315249,0.10158006,0.005802168,null,null,null,null,"TWOGAUSSIANS",8,12.498428,0.21185312,0.0010422199,0.052914977,0.002928223,0.19319242,0.02684097,0.70899713,0.0016921293,0.047874093,0.00913654,0.10158006,0.005802168
375316653866487564,2004833597839448576,0.61027527,2101.5096540295267,0.25831612948760313,1.4935103E-5,14.025134,0.0036245862,0.28395846,0.001463858,0.031265922,8.692132E-4,1.0120126,0.035444576,0.7790024,0.0054594614,0.029368496,0.016206471,0.31014466,64.81645,0.045977686,0.0057281153,0.7790024,0.0054594614,"TWOGAUSSIANS_WITH_ELLIPSOIDAL_ON_ECLIPSE2",9,320.9333,0.28392848,0.001447192,0.17508915,0.0048675938,1.1038795,0.033342183,0.7790024,0.0054594614,0.16446358,0.09075624,0.40210003,64.816025
375316653866487564,2004834628631793792,0.4668083,2127.4579957134956,2.547040956191661,1.3959946E-5,14.904523,0.5093259,0.22122243,0.0074289455,0.14228117,0.12927349,0.17665185,0.49446627,0.7206354,0.007431833,0.1267297,0.08514262,0.18081403,0.441932,null,null,null,null,"TWOGAUSSIANS",8,153.79198,0.7206354,0.00764336,0.4,0.0,0.11847576,0.011130663,0.22123243,0.0075959074,0.4,0.0,0.11372886,0.012191613
375316653866487564,2004835620755081472,0.51689947,2146.109555396874,4.437435920277831,1.129468E-5,18.91483,0.026016792,0.30380723,0.0037361996,0.10707812,0.01169487,0.2367718,0.024210194,0.79552,0.004338363,0.10507557,0.01412327,0.20082262,0.024468891,null,null,null,null,"TWOGAUSSIANS",8,1.4919599,0.30380723,0.003740304,0.4,0.0,0.21204585,0.012520672,0.79552,0.004338363,0.4,0.0,0.17610075,0.008440316
375316653866487564,2004836067438883712,0.5420127,2150.43950297588,3.864857481539973,6.235854E-6,17.76792,0.0110002635,0.17933731,0.002791712,0.045255926,0.005007712,0.3738415,0.06148645,0.6754895,0.004872845,0.05158575,0.005064719,0.3959784,0.03152697,0.116888344,0.015223832,0.17933731,0.002791712,"TWOGAUSSIANS_WITH_ELLIPSOIDAL_ON_ECLIPSE1",9,18.214434,0.67590946,0.004248841,0.2888802,0.028362425,0.6296296,0.020528613,0.17933731,0.002791712,0.2534332,0.028043188,0.6076143,0.061045736
375316653866487564,2004836827654814592,0.5745349,2127.8479462714376,3.654137670855742,9.1692655E-6,16.11086,0.0073176757,0.24914798,0.0019223087,0.062851556,0.0018380247,0.5052495,0.014712672,0.74596715,0.005215829,0.0833278,0.0055712024,0.50593835,0.0437884,null,null,null,null,"TWOGAUSSIANS",8,57.61477,0.74596715,0.005215829,0.4,0.0,0.5032632,0.044601604,0.24914798,0.0019223087,0.35196874,0.010292939,0.5025744,0.014591115
375316653866487564,2004837205597205376,0.46878192,2138.503319890331,0.9609435964770875,9.796975E-6,16.783577,0.0025223074,0.171271,0.00444154,0.02732811,0.0027001735,0.09526218,0.011716508,0.6954105,0.010072251,0.01947379,0.014571807,0.026144879,63.79315,0.019159127,0.0041309204,0.6954105,0.010072251,"TWOGAUSSIANS_WITH_ELLIPSOIDAL_ON_ECLIPSE2",9,16.09591,0.171821,0.0043034595,0.15303741,0.015120972,0.1327255,0.011186767,0.6954105,0.010072251,0.109053224,0.08160213,0.06446313,63.794765
375316653866487564,2004837441823841408,0.49076793,2097.756901461107,3.135104575678887,1.4294932E-5,19.575653,0.0161446,0.22933678,0.006757926,0.08785745,0.007859011,0.31838545,0.016727833,0.73948365,0.004744368,0.08979984,0.00842494,0.26311705,0.020104872,null,null,null,null,"TWOGAUSSIANS",8,1.8621794,0.22933678,0.006757926,0.4,0.0,0.30902615,0.012090867,0.73948365,0.004744368,0.4,0.0,0.2537577,0.018804487
375316653866487564,2004838339468496128,0.61010605,2147.6843223315,0.5701105962435175,2.4694144E-5,18.436808,0.005701181,0.21988033,0.0076706796,0.028051417,0.0053774277,0.070902236,0.01767443,0.7081107,0.0020507558,0.029926404,0.0012076604,1.0918678,0.03590788,0.025211483,0.007933371,0.21988033,0.0076706796,"TWOGAUSSIANS_WITH_ELLIPSOIDAL_ON_ECLIPSE1",9,4.6453366,0.70815074,0.0020405473,0.16758786,0.0067628985,1.1420164,0.033734515,0.21988033,0.0076706796,0.15708794,0.030113595,0.12132519,0.0117852455
375316653866487564,2004838648721163520,0.5186002,2155.4367102863594,1.9617845266666385,1.0648832E-5,18.77641,0.0043072025,0.21662396,0.009889854,0.06796134,0.007312322,0.18266636,0.019614091,0.7220852,0.0031848154,0.063789114,0.003664573,0.25322762,0.015136204,null,null,null,null,"TWOGAUSSIANS",8,2.272018,0.7220852,0.0031848154,0.35721904,0.02052161,0.2529557,0.015167462,0.21662396,0.009889854,0.3805835,0.040949006,0.18239443,0.019550173
375316653866487564,2004839091091314176,0.49911663,2159.5880008799086,2.9779682845469275,1.882921E-5,19.41308,0.010511543,0.2275085,0.008977945,0.06885897,0.010817202,0.19958837,0.021267787,0.7259797,0.004466819,0.063588604,0.010088206,0.245456,0.019666348,null,null,null,null,"TWOGAUSSIANS",8,2.3166416,0.7259797,0.004466819,0.35609618,0.056493957,0.245117,0.019905735,0.2275085,0.008977945,0.38561025,0.059975937,0.19924936,0.021228714
375316653866487564,2004839164117232384,0.5023242,2146.7388869187207,3.0209475994912616,1.8672976E-5,19.552734,0.01663519,0.21701702,0.011653126,0.08026379,0.016976532,0.2507784,0.024478514,0.71608853,0.008221348,0.0758119,0.013202466,0.24072066,0.039790854,null,null,null,null,"TWOGAUSSIANS",8,2.4418056,0.21701702,0.011653126,0.4,4.115603E-4,0.24792935,0.02578918,0.71608853,0.008221348,0.4,0.035582818,0.23787159,0.040316064
375316653866487564,2004839267196449024,0.6450147,2156.296540360574,2.190816260553594,2.8411318E-6,16.620062,0.00825327,0.25418636,6.47522E-4,0.054063056,0.0036003366,0.2294591,0.014353586,0.7548909,0.0044623045,0.05255324,0.01200013,0.19755034,0.055307128,0.11260636,0.009533427,0.25418636,6.47522E-4,"TWOGAUSSIANS_WITH_ELLIPSOIDAL_ON_ECLIPSE1",9,4.3813334,0.25418636,6.47522E-4,0.30275312,0.020161884,0.45466378,0.008229981,0.7548909,0.004421228,0.29429814,0.06720073,0.42275062,0.067493565
375316653866487564,2004839404621127680,0.6132261,2157.618657893713,2.6691129127290907,4.6199066E-6,16.85598,0.011226285,0.3007334,0.0013834088,0.049155902,0.0056998725,0.24169949,0.021099309,0.8024755,0.0024249454,0.05193864,0.0048095705,0.22673325,0.023024501,0.12404411,0.0126439,0.3007334,0.0013834088,"TWOGAUSSIANS_WITH_ELLIPSOIDAL_ON_ECLIPSE1",9,12.713189,0.3007334,0.0013834088,0.27527305,0.031919286,0.48978502,0.011630428,0.8024755,0.0024249454,0.2908564,0.026933596,0.47478905,0.00956494
375316653866487564,2004839404635391360,0.6049435,2170.608496934688,0.4700134535831092,3.639484E-6,16.702518,0.005942047,0.24331093,7.826444E-4,0.03822555,0.0021049534,0.9079634,0.07465703,0.7481407,0.018164981,0.033250425,0.020624183,0.086797245,7.5863547,0.015078735,0.008646935,0.24331093,7.826444E-4,"TWOGAUSSIANS_WITH_ELLIPSOIDAL_ON_ECLIPSE1",9,16.474316,0.24331093,7.826444E-4,0.21406308,0.011787739,0.9381208,0.083705686,0.7481407,0.018164981,0.18620239,0.11549543,0.116926916,7.5813303
375316653866487564,2004839404635392384,0.5869073,2160.263711574243,1.8127759857709105,3.8928947E-6,14.804233,0.0030489145,0.30630752,0.0030602647,0.047990546,0.004181289,0.05203348,0.007191554,0.81220007,0.0022246689,0.037916977,0.007109459,0.043216333,0.007904795,0.06470084,0.0032401765,0.81220007,0.0022246689,"TWOGAUSSIANS_WITH_ELLIPSOIDAL_ON_ECLIPSE2",9,24.389858,0.30814752,0.0017884914,0.26874703,0.023415219,0.18131283,0.004398083,0.81220007,0.0022246689,0.21233507,0.03981297,0.1726178,0.0075789066
375316653866487564,2004839606484805632,0.65477765,2131.40934948668,0.8516375436744555,1.14800305E-5,17.767162,0.00679837,0.21679571,0.0015041823,0.035331436,0.0030283325,1.0347043,0.06293858,0.7231317,0.0017180326,0.041677978,0.0035684626,0.15428789,0.01578668,0.06638516,0.009180223,0.21679571,0.0015041823,"TWOGAUSSIANS_WITH_ELLIPSOIDAL_ON_ECLIPSE1",9,5.63321,0.21679571,0.0015041823,0.19785604,0.016958661,1.1674745,0.06833942,0.7231317,0.0017180326,0.23339668,0.01998339,0.28684774,0.007915799
375316653866487564,2004839645157757824,0.45087156,2134.1511111036452,3.1079305966372686,5.5443586E-5,19.77824,0.04051496,0.2198979,0.014780488,0.08258456,0.024569372,0.3317469,0.055396166,0.691486,0.0064442293,0.088111214,0.010961552,0.44299558,0.052745014,null,null,null,null,"TWOGAUSSIANS",8,9.034271,0.691486,0.0064442293,0.4,0.0,0.43660966,0.04724983,0.2198979,0.014780488,0.4,0.0,0.32536122,0.05420998
375316653866487564,2004839915722553856,0.49897578,2157.981002797845,2.052756266127278,1.1799564E-5,18.307281,0.026081465,0.22416508,0.004603618,0.101956636,0.015911166,0.2075386,0.02055391,0.72828335,0.005449192,0.10386574,0.012118634,0.24351792,0.025685381,null,null,null,null,"TWOGAUSSIANS",8,3.924172,0.72828335,0.0054505547,0.4,0.0,0.2211196,0.012912477,0.22416508,0.004601369,0.4,0.0,0.18514235,0.013955714
375316653866487564,2004840297988580352,0.4600236,2176.3163318452184,1.474687972554907,3.630996E-5,14.759443,0.15921196,0.23429272,0.008633555,0.17277977,0.16841657,0.068108015,0.15735537,0.7304762,0.007507032,0.11749622,0.05509348,0.048949726,0.08314958,null,null,null,null,"TWOGAUSSIANS",8,20.07589,0.23431271,0.00857733,0.4,0.0,0.04215999,0.0037980548,0.7304762,0.007507032,0.4,0.0,0.025062812,0.003176342
375316653866487564,2004841809817526272,0.5513803,2161.299994538029,2.178483958383496,8.979312E-6,14.827323,0.31399998,0.29963553,0.0040654037,0.14600934,0.0303499,0.2557738,0.22402729,0.80433106,0.0056845127,0.16964708,0.10118426,0.18521649,0.3061501,null,null,null,null,"TWOGAUSSIANS",8,28.672323,0.29907554,0.0035122107,0.4,0.0,0.14319074,0.004442046,0.80493104,0.0056267725,0.4,0.0,0.069266886,0.0059918
375316653866487564,2004842183463376384,0.4695615,2150.4015001073526,1.6771147129505948,2.3142067E-5,16.838848,0.533135,0.2651033,0.008588615,0.12006164,0.035938714,0.3128322,0.20904706,0.7593085,0.007150421,0.27788347,0.23283386,0.41566536,0.52683824,null,null,null,null,"TWOGAUSSIANS",8,12.760746,0.2667333,0.0072013712,0.4,0.0,0.15979329,0.012912612,0.7593085,0.007150421,0.4,0.0,0.0991919,0.0073408014
375316653866487564,2004843665243759360,0.568577,2139.8689634741622,1.4507156908731489,7.656534E-6,15.661349,0.02126804,0.24504727,0.0023418523,0.1356266,0.01439131,0.12225378,0.020474708,0.73080665,0.002835044,0.12614404,0.014543909,0.09658763,0.02061466,null,null,null,null,"TWOGAUSSIANS",8,2.8865032,0.24519728,0.0022298887,0.4,0.0,0.09069949,0.0018667578,0.73080665,0.002835044,0.4,0.0,0.065243974,0.0021338856
375316653866487564,2004843764010850944,0.5910968,2132.5181144247113,2.6674400934671665,5.1540374E-6,17.895605,0.022480821,0.2862602,0.002469677,0.052396487,0.007393553,0.30862564,0.05701709,0.79383934,0.0038908715,0.05540836,0.008765681,0.3105738,0.05350303,0.08554287,0.0344509,0.2862602,0.002469677,"TWOGAUSSIANS_WITH_ELLIPSOIDAL_ON_ECLIPSE1",9,6.2407804,0.79383934,0.0038908715,0.31028682,0.049087815,0.48126146,0.018019926,0.2862602,0.002469677,0.29342034,0.041403897,0.47970098,0.028605055
375316653866487564,2004844348127164160,0.46259055,2101.0379794281516,3.552680776393714,1.0835215E-5,19.376148,0.006888032,null,null,null,null,null,null,null,null,null,null,null,null,0.10203789,0.0102619855,0.22361034,0.007830788,"ELLIPSOIDAL",4,4.555966,null,null,null,null,null,null,null,null,null,null,null,null
375316653866487564,2004845486309505280,0.5233943,2132.3195057740404,2.8677881849442355,8.330567E-6,18.79809,0.00793283,0.2789849,0.002875278,0.055685796,0.009417255,0.16952898,0.028982423,0.776474,0.005106316,0.033143595,0.0073501165,0.15089253,0.030717298,0.12025496,0.018461209,0.2789849,0.002875278,"TWOGAUSSIANS_WITH_ELLIPSOIDAL_ON_ECLIPSE1",9,5.029052,0.2789849,0.002875278,0.31184044,0.05273663,0.41003174,0.022213621,0.776774,0.004664084,0.18560414,0.04116065,0.3913427,0.025714561
375316653866487564,2004845658108202752,0.5371858,2143.231396810365,0.6182808082854049,3.935073E-5,16.447098,9.610847E-4,0.5802374,0.0026877203,0.02492654,0.0031063466,0.15751195,0.017568411,0.7294467,0.030526822,0.043573726,0.012545656,0.009775631,0.0037105693,null,null,null,null,"TWOGAUSSIANS",8,4.220323,0.5802474,0.0026972657,0.13958862,0.017395541,0.15753974,0.017555537,0.7294467,0.030526822,0.24401288,0.070255674,0.009775633,0.0037105673
375316653866487564,2004846169192623872,0.5550788,2092.248432746502,3.439215466402054,1.3325581E-5,19.214437,0.011798286,0.24094899,0.0027206275,0.06431623,0.008908414,0.56459415,0.10081697,0.7319481,0.004099894,0.07282453,0.004298547,0.62486446,0.026905512,null,null,null,null,"TWOGAUSSIANS",8,2.804087,0.7319481,0.004099894,0.4,0.0049133804,0.623651,0.026696784,0.24094899,0.0027206275,0.36017087,0.042862125,0.56338066,0.10238108
375316653866487564,2004847307375804288,0.45736232,2114.554180513216,1.2648211328959829,2.1399592E-5,16.117165,0.0042649102,0.22723778,0.012031805,0.023109661,0.01633027,0.009950127,15.158172,0.70624334,0.013339101,0.03188953,0.015733153,0.12273665,0.01068183,0.021591863,0.0064594373,0.22723778,0.012031805,"TWOGAUSSIANS_WITH_ELLIPSOIDAL_ON_ECLIPSE1",9,30.065834,0.70681334,0.01254146,0.17858137,0.08810565,0.16519338,0.011690396,0.22723778,0.012031805,0.12941411,0.091449514,0.053133756,15.1568165
375316653866487564,2004848235076804608,0.571278,2164.1860644779326,3.0290491438676135,8.737613E-6,19.58424,0.009498796,0.25507915,0.0029893178,0.07634562,0.0037917183,0.5375008,0.013527207,0.74333245,0.0032495572,0.06845369,0.0033868111,0.6338543,0.023012826,null,null,null,null,"TWOGAUSSIANS",8,1.5350063,0.74333245,0.0032495572,0.3833407,0.018966142,0.631605,0.023020217,0.25507915,0.0029893178,0.4,0.0,0.5352515,0.01334384
