Gaia/vari_eclipsing_binary/VariEclipsingBinary_765597-765623.csv
# %ECSV 1.0
# ---
# delimiter: ','
# meta: !!omap
# - RELEASE: Gaia DR3
# - TABLE: vari_eclipsing_binary
# - DESCRIPTION: >
#     This table describes the properties of the eclipsing binaries resulting from the variability analysis. 
# - CITATION: >
#     How to cite and acknowledge Gaia: 
#     https://gea.esac.esa.int/archive/documentation/credits.html 
# - KNOWN_ISSUES: >
#     Known issues: 
#     https://www.cosmos.esa.int/web/gaia-users/known-issues 
# - DOCUMENTATION: >
#     Tutorials and documentation: 
#     https://www.cosmos.esa.int/web/gaia-users/archive 
# datatype:
# - 
#   name: solution_id
#   datatype: int64
#   description: Solution Identifier
#   meta:
#     ucd: meta.version
# - 
#   name: source_id
#   datatype: int64
#   description: Unique source identifier
#   meta:
#     ucd: meta.id;meta.main
# - 
#   name: global_ranking
#   datatype: float32
#   description: Number between 0 (worst) and 1 (best)
#   meta:
#     ucd: stat.param
# - 
#   name: reference_time
#   datatype: float64
#   unit: d
#   description: Reference time used for the geometric model fit
#   meta:
#     ucd: time.epoch
# - 
#   name: frequency
#   datatype: float64
#   unit: d**-1
#   description: Frequency of geometric model of the eclipsing binary light curve
#   meta:
#     ucd: src.orbital
# - 
#   name: frequency_error
#   datatype: float32
#   unit: d**-1
#   description: "Uncertainty of \\texttt{frequency}"
#   meta:
#     ucd: stat.error
# - 
#   name: geom_model_reference_level
#   datatype: float32
#   unit: mag
#   description: Magnitude reference level of geometric model
#   meta:
#     ucd: phot.mag;em.opt
# - 
#   name: geom_model_reference_level_error
#   datatype: float32
#   unit: mag
#   description: "Uncertainty of \\texttt{geomModelReferenceLevel}"
#   meta:
#     ucd: stat.error;phot.mag;em.opt
# - 
#   name: geom_model_gaussian1_phase
#   datatype: float32
#   description: Phase of the Gaussian 1 component
#   meta:
#     ucd: time.phase
# - 
#   name: geom_model_gaussian1_phase_error
#   datatype: float32
#   description: "Uncertainty of \\texttt{geomModelGaussian1Phase}"
#   meta:
#     ucd: stat.error;time.phase
# - 
#   name: geom_model_gaussian1_sigma
#   datatype: float32
#   description: "Standard deviation [phase] of Gaussian 1 component"
#   meta:
#     ucd: stat.stdev
# - 
#   name: geom_model_gaussian1_sigma_error
#   datatype: float32
#   description: "Uncertainty of \\texttt{geomModelGaussian1Sigma}"
#   meta:
#     ucd: stat.error
# - 
#   name: geom_model_gaussian1_depth
#   datatype: float32
#   unit: mag
#   description: Magnitude depth of Gaussian 1 component
#   meta:
#     ucd: src.var.amplitude
# - 
#   name: geom_model_gaussian1_depth_error
#   datatype: float32
#   unit: mag
#   description: "Uncertainty of \\texttt{geomModelGaussian1Depth}"
#   meta:
#     ucd: stat.error;src.var.amplitude
# - 
#   name: geom_model_gaussian2_phase
#   datatype: float32
#   description: Phase of Gaussian 2 component
#   meta:
#     ucd: time.phase
# - 
#   name: geom_model_gaussian2_phase_error
#   datatype: float32
#   description: "Uncertainty of \\texttt{geomModelGaussian2Phase}"
#   meta:
#     ucd: stat.error;time.phase
# - 
#   name: geom_model_gaussian2_sigma
#   datatype: float32
[...]
#   datatype: float32
#   description: "Secondary eclipse: uncertainty of \\texttt{derivedSecondaryEclDuration}"
#   meta:
#     ucd: stat.error;time.duration
# - 
#   name: derived_secondary_ecl_depth
#   datatype: float32
#   unit: mag
#   description: "Secondary eclipse: depth"
#   meta:
#     ucd: src.var.amplitude
# - 
#   name: derived_secondary_ecl_depth_error
#   datatype: float32
#   unit: mag
#   description: "Secondary eclipse: uncertainty of \\texttt{derivedSecondaryEclDepth}"
#   meta:
#     ucd: stat.error;src.var.amplitude
solution_id,source_id,global_ranking,reference_time,frequency,frequency_error,geom_model_reference_level,geom_model_reference_level_error,geom_model_gaussian1_phase,geom_model_gaussian1_phase_error,geom_model_gaussian1_sigma,geom_model_gaussian1_sigma_error,geom_model_gaussian1_depth,geom_model_gaussian1_depth_error,geom_model_gaussian2_phase,geom_model_gaussian2_phase_error,geom_model_gaussian2_sigma,geom_model_gaussian2_sigma_error,geom_model_gaussian2_depth,geom_model_gaussian2_depth_error,geom_model_cosine_half_period_amplitude,geom_model_cosine_half_period_amplitude_error,geom_model_cosine_half_period_phase,geom_model_cosine_half_period_phase_error,model_type,num_model_parameters,reduced_chi2,derived_primary_ecl_phase,derived_primary_ecl_phase_error,derived_primary_ecl_duration,derived_primary_ecl_duration_error,derived_primary_ecl_depth,derived_primary_ecl_depth_error,derived_secondary_ecl_phase,derived_secondary_ecl_phase_error,derived_secondary_ecl_duration,derived_secondary_ecl_duration_error,derived_secondary_ecl_depth,derived_secondary_ecl_depth_error
[from data line 152]
375316653866487564,6734348947372969728,0.5964497,2208.204837079645,2.933247011100399,1.2747061E-5,18.274866,0.013469109,0.27696967,0.005778723,0.09082624,0.005687826,0.39598522,0.015936745,0.7734985,0.0016767788,0.08931737,0.004900594,0.4623295,0.0131677445,null,null,null,null,"TWOGAUSSIANS",8,2.5946858,0.7734985,0.0016767788,0.4,0.0,0.4451241,0.014248057,0.27696967,0.005778723,0.4,0.0,0.3787797,0.01175869
375316653866487564,6734349157811690752,0.46587852,2309.7636598425574,2.828749219860576,4.008681E-5,18.918514,0.09185566,0.29193202,0.02743093,0.11257507,0.03190056,0.26167804,0.09357486,0.81184906,0.009235066,0.115354,0.02606674,0.27453265,0.09072337,null,null,null,null,"TWOGAUSSIANS",8,4.8706417,0.81188905,0.0092091365,0.4,0.0,0.23480727,0.0342509,0.291872,0.027422978,0.4,0.0,0.2219754,0.033317998
375316653866487564,6734349467049429760,0.5954221,2289.023937564939,3.7094029794562875,6.7077253E-6,18.977345,0.0066041215,0.16878963,0.0035718905,0.07280794,0.0029142925,0.63593113,0.0162558,0.66407436,0.0012526,0.069194965,0.0024804305,0.57375103,0.030927692,null,null,null,null,"TWOGAUSSIANS",8,2.3350422,0.16878963,0.0035718905,0.4,0.0013831864,0.63374615,0.016208002,0.66407436,0.0012526,0.38749182,0.013890411,0.57156605,0.03123515
375316653866487564,6734349741931827584,0.55001765,2332.0117525531223,3.475761259598477,2.3001405E-5,19.850248,0.023396194,0.2576348,0.007092368,0.06614483,0.009631371,0.6107362,0.08521467,0.7691738,0.0068390816,0.05973944,0.018705454,0.74984837,0.40147266,null,null,null,null,"TWOGAUSSIANS",8,2.2874029,0.7691738,0.0068390816,0.33454087,0.080053836,0.74949944,0.40281525,0.2576348,0.007092368,0.37041107,0.03717081,0.61038727,0.08569296
375316653866487564,6734350527896771200,0.47858787,2263.6769162613864,0.1510111092154987,2.1112328E-5,18.201332,0.07829542,0.37638488,0.0068506612,0.08581123,0.014515257,0.26329154,0.07251841,0.84973526,0.013016197,0.16494581,0.0685587,0.19915257,0.06762903,null,null,null,null,"TWOGAUSSIANS",8,2.3126295,0.3773349,0.005649422,0.4,0.0,0.223007,0.02771466,0.84973526,0.013016197,0.4,0.0,0.1543922,0.030840904
375316653866487564,6734350630992606592,0.5315809,2313.364229617149,2.9048763544270604,9.321728E-6,16.759771,0.07178022,0.22979629,0.0026199268,0.08977537,0.022535276,0.3791776,0.05142815,0.70750517,0.016396834,0.102252424,0.03819167,0.43484297,0.22000246,null,null,null,null,"TWOGAUSSIANS",8,15.733645,0.70750517,0.016396834,0.4,0.016989607,0.4146945,0.24279769,0.22980629,0.0026253285,0.4,0.0,0.3590377,0.054486886
375316653866487564,6734351356838915200,0.463374,2307.2876610031803,2.1662623487987083,1.3088468E-4,18.563068,0.010972193,0.24501355,0.016063157,0.09858786,0.02622989,0.103580475,0.016046032,0.72635186,0.016710138,0.0737143,0.01611013,0.11315573,0.014065652,null,null,null,null,"TWOGAUSSIANS",8,2.8664198,0.72635186,0.016710138,0.4,0.046822634,0.110867515,0.010622738,0.24501355,0.016063157,0.4,0.0,0.10129147,0.01604977
375316653866487564,6734351459919015424,0.5094637,2352.0924788138227,3.4138611578187392,4.833158E-5,18.599108,0.30492127,0.2549684,0.014458023,0.15147565,0.086648725,0.35164475,0.29764962,0.745366,0.011996001,0.09664483,0.025904812,0.449269,0.2148634,null,null,null,null,"TWOGAUSSIANS",8,6.2583475,0.745366,0.011996001,0.4,0.0,0.3622847,0.06766518,0.2549684,0.014457839,0.4,0.0,0.2615736,0.030438708
375316653866487564,6734351734796089984,0.4986411,2334.2956195087754,0.06744826451845093,1.9529145E-5,19.080097,0.0048525324,0.30779865,0.007974835,0.013421873,0.011389027,0.47576255,4.6561564E7,0.6991909,0.02214149,0.00423042,0.004986172,0.09854922,3.7106133,null,null,null,null,"TWOGAUSSIANS",8,1.4810978,0.30779865,0.007974835,0.075162485,0.06377856,0.47576255,4.6561564E7,0.6991909,0.02214149,0.023690354,0.027922563,0.09854922,3.7106133
375316653866487564,6734352005389771776,0.5309239,2327.8909553497965,3.293812980542722,4.1216703E-5,19.324072,0.017798083,0.26363382,0.010042122,0.08819545,0.00996869,0.37128347,0.037133664,0.7449409,0.0068946937,0.07730001,0.011206149,0.41901663,0.099535756,null,null,null,null,"TWOGAUSSIANS",8,3.343731,0.7449409,0.0068946937,0.4,0.01864615,0.41325068,0.10242038,0.26363382,0.010042122,0.4,0.0,0.3655174,0.03614037
375316653866487564,6734352353271232256,0.5020258,2333.7565473345244,3.4810011435900674,9.0209156E-5,19.582499,0.012571383,0.25514093,0.07226988,0.06387982,0.10215522,0.09450385,4791.4736,0.76621073,0.01184438,0.077360645,0.01791264,0.18629697,0.020877033,null,null,null,null,"TWOGAUSSIANS",8,1.1472925,0.76621073,0.01184438,0.4,0.057375148,0.1859063,0.020541674,0.25514093,0.07226988,0.35772696,0.56598383,0.094113186,4791.474
375316653866487564,6734352937414740096,0.5727604,2357.767472172188,3.2100190631042835,1.662654E-5,18.962215,0.024390712,0.22140813,0.003662318,0.084269956,0.0070020817,0.4827909,0.024623666,0.73134005,0.042856455,0.08819706,0.07459524,0.36271983,155.4166,null,null,null,null,"TWOGAUSSIANS",8,2.1922042,0.22140813,0.003662318,0.4,0.0,0.47226802,0.021637946,0.73134005,0.042856455,0.4,0.291975,0.35219687,155.4266
375316653866487564,6734354204410004864,0.47770104,2214.5596442475703,1.2371596783031737,2.9731767E-5,18.71618,0.03199223,0.32588205,0.019488005,0.12244502,0.05107175,0.0751704,0.046225127,0.8068241,0.007309885,0.072864816,0.01584332,0.18600325,0.030066842,null,null,null,null,"TWOGAUSSIANS",8,2.5441988,0.8068241,0.007309885,0.4,0.05617359,0.18029112,0.020948634,0.32588205,0.019488005,0.4,0.0,0.06941528,0.042529304
375316653866487564,6734355303921293568,0.48923486,2278.0953832614678,2.455257405946203,4.6175774E-5,18.592232,0.053675883,0.19015075,0.037123773,0.10755163,0.06595837,0.17659286,0.040568557,0.7278943,0.019923668,0.09112818,0.031452365,0.23323566,0.049769387,null,null,null,null,"TWOGAUSSIANS",8,4.6809883,0.72791433,0.019930374,0.4,0.03910178,0.22303094,0.03200563,0.19015075,0.037120074,0.4,0.07943357,0.16637088,0.021401115
375316653866487564,6734355445647675264,0.5078441,2299.241158265337,3.275227682837274,1.0450993E-4,18.951641,0.020770246,0.21671373,0.046370886,0.05346445,0.046626676,0.23740833,0.17168564,0.735347,0.011019932,0.09729787,0.016030088,0.15495487,0.032505553,null,null,null,null,"TWOGAUSSIANS",8,1.5753632,0.21671373,0.046370886,0.29940093,0.13882127,0.23648888,0.17856273,0.735347,0.011019932,0.4,0.0,0.15403457,0.027762504
375316653866487564,6734355922374658048,0.45396617,2290.0653232842965,0.9317572176429376,2.2418388E-5,15.969672,0.088541694,0.27607128,0.070052244,0.12412638,0.11866355,0.069158755,0.09700656,0.6543898,0.010187123,0.0810051,0.016505681,0.20331462,0.051327545,null,null,null,null,"TWOGAUSSIANS",8,5.2204413,0.6543898,0.010187123,0.4,0.0,0.20194763,0.019030357,0.2761213,0.070064,0.4,0.0,0.06713047,0.028506324
375316653866487564,6734355995403590144,0.52916735,2340.3292991060553,2.6285617010960123,1.2410346E-5,17.075695,0.04101961,0.30466437,0.004394432,0.118613996,0.020564623,0.22002077,0.037345212,0.80874425,0.0070227617,0.11251828,0.017138658,0.21107985,0.039364796,null,null,null,null,"TWOGAUSSIANS",8,8.946881,0.3046544,0.0043949103,0.4,0.0,0.18007196,0.008752613,0.8087643,0.0070303218,0.4,0.0,0.17117059,0.00984986
375316653866487564,6734356304641147008,0.54860425,2305.993491132242,2.7406272122784823,1.7612156E-5,18.970545,0.012220211,0.17342855,0.006745811,0.08109211,0.006505238,0.49593374,0.017958706,0.67540634,0.0068932213,0.07556368,0.006783338,0.43716595,0.02643462,null,null,null,null,"TWOGAUSSIANS",8,3.5827134,0.17342855,0.006745811,0.4,0.0,0.49043605,0.016194312,0.67540634,0.0068932213,0.4,0.0,0.43166825,0.026359465
375316653866487564,6734356437770793728,0.49613664,2333.33939131766,2.7787056521480826,2.5145164E-5,15.99168,0.31910303,0.35448927,0.011955299,0.1411227,0.11177548,0.15161313,0.312832,0.82785726,0.014519014,0.119770825,0.055607248,0.16129827,0.26594806,null,null,null,null,"TWOGAUSSIANS",8,22.285501,0.82785726,0.014519014,0.4,0.0,0.12153274,0.02023981,0.35472926,0.009987585,0.4,0.0,0.111233525,0.017161058
375316653866487564,6734357713387370112,0.4896603,2231.0341867265392,3.908971778503781,3.337737E-5,19.634794,0.1268733,0.14415969,0.007303975,0.09025918,0.020476837,0.42234144,0.13668238,0.6441453,0.017107014,0.11300944,0.084984705,0.29252157,1.9682846,null,null,null,null,"TWOGAUSSIANS",8,3.5655563,0.14415969,0.0074032024,0.4,0.0,0.389438,0.05047733,0.6441453,0.017106986,0.4,0.100975536,0.25958547,2.0090294
375316653866487564,6734359564509059072,0.49656284,2166.2581486918834,2.9615900461111315,1.810057E-5,18.142294,0.09984792,0.12829286,0.0086294515,0.11198463,0.031731106,0.19648847,0.09722045,0.62624323,0.003843795,0.12709934,0.039462373,0.21436837,0.095723085,null,null,null,null,"TWOGAUSSIANS",8,3.1619172,0.62624323,0.003843795,0.4,0.0,0.16909021,0.014144917,0.12831286,0.008698826,0.4,0.0,0.15137911,0.023477087
375316653866487564,6734359706258041216,0.5134489,2307.384936882533,4.976639008606867,5.3881973E-5,19.591211,0.01189238,0.28349403,0.011032087,0.06974038,0.01370135,0.26726967,0.05842221,0.7921935,0.012560869,0.06425531,0.017414087,0.31647116,0.08713332,null,null,null,null,"TWOGAUSSIANS",8,2.039539,0.7921935,0.012560869,0.35982972,0.061954856,0.31604165,0.088818565,0.28349403,0.011032087,0.3905461,0.04296052,0.26684016,0.058846395
375316653866487564,6734359908126879744,0.4766693,2294.1323973146987,0.06456924632777856,1.475174E-4,19.288834,0.022148576,0.24124977,0.028102199,0.10894431,0.038988095,0.13653381,0.02371903,0.6535901,0.012689726,0.09043477,0.022371033,0.16665845,0.035165332,null,null,null,null,"TWOGAUSSIANS",8,1.4517318,0.6535901,0.012689726,0.4,0.0,0.16290759,0.0378721,0.24126977,0.028137797,0.4,0.0,0.13268217,0.022097386
375316653866487564,6734360908849299456,0.4900045,2299.7559675205916,0.17613402314415796,6.672335E-5,19.493343,0.017177377,0.24770476,0.004236739,0.06164598,0.0070735016,0.31051844,0.037946973,0.82324696,0.027457042,0.08166985,0.02816492,0.30664328,0.0651882,null,null,null,null,"TWOGAUSSIANS",8,2.3558524,0.24770476,0.004236816,0.3452175,0.03961161,0.31032676,0.037671637,0.82324696,0.027457042,0.4,0.0,0.30645117,0.06635108
375316653866487564,6734360938895426688,0.6063974,2264.1405739132133,2.7554397338763534,2.5676925E-5,16.320951,0.026174558,0.29093835,0.042989142,0.052759796,0.017849147,0.31828332,0.15835546,0.7735698,0.0021307457,0.04709338,0.008257788,0.62231356,0.115557306,0.1044621,0.030995071,0.7735698,0.0021307457,"TWOGAUSSIANS_WITH_ELLIPSOIDAL_ON_ECLIPSE2",9,59.80168,0.7735698,0.0021307457,0.26372293,0.046243608,0.8312347,0.14224851,0.28875834,0.036875114,0.29545486,0.09995522,0.5250359,0.15745595
375316653866487564,6734362489397150208,0.5086333,2323.993001461188,0.06457193757192292,3.5158093E-5,19.471338,0.031714916,0.30302316,0.0032688035,0.07879401,0.0066038314,0.28449625,0.03286364,0.72022974,0.018784493,0.1265963,0.026968895,0.19721018,0.03429879,null,null,null,null,"TWOGAUSSIANS",8,1.4681059,0.30351314,0.002868889,0.4,0.0,0.2775753,0.026623966,0.72022974,0.018784493,0.4,0.0,0.18941498,0.028035047
375316653866487564,6734362661195800064,0.5327846,2254.7031523686364,4.210772560778536,1.3848268E-5,18.966114,0.023238275,0.30218893,0.006258232,0.09489895,0.009781142,0.25426376,0.023971017,0.80614185,0.006327106,0.101716936,0.009285042,0.27916098,0.029717816,null,null,null,null,"TWOGAUSSIANS",8,1.4084727,0.80614185,0.006327106,0.4,0.0,0.25918734,0.020513952,0.30218893,0.006258232,0.4,0.0,0.23429286,0.015542378
375316653866487564,6734362970459503104,0.5804737,2204.051500463004,3.4673725659400323,9.694777E-6,15.348012,0.011803469,0.18487465,0.0026738907,0.06608061,0.004016206,0.6172144,0.038449194,0.68842536,0.0038199525,0.06968375,0.007111606,0.5027755,0.08779108,null,null,null,null,"TWOGAUSSIANS",8,185.70488,0.18487465,0.0026738907,0.37005138,0.022490755,0.6160713,0.038853657,0.68842536,0.0038199525,0.39022902,0.034109425,0.50163233,0.0885291
375316653866487564,6734363107872619136,0.49811786,2260.5898198994073,3.6138853209907476,2.0782889E-5,18.511196,0.80246156,0.28139248,0.010646926,0.15975496,0.07101359,0.7158954,0.59173,0.77514243,0.0106432,0.22967198,0.12976274,0.8565759,0.7850018,null,null,null,null,"TWOGAUSSIANS",8,2.4222271,0.28564247,0.0069389464,0.4,0.0,0.20222358,0.0061443206,0.77514243,0.0106432,0.4,0.0,0.1932256,0.012746381
375316653866487564,6734363795067985664,0.4943573,2316.7145555530815,3.9728507436581855,4.9850816E-5,19.365772,0.020410001,0.3344527,0.0052336883,0.07253296,0.013442759,0.5028908,0.09002074,0.80696267,0.0069263945,0.081606485,0.010055929,0.42786148,0.0786197,null,null,null,null,"TWOGAUSSIANS",8,3.9884832,0.3344527,0.0052336883,0.4,0.022318222,0.5002534,0.093207695,0.80696267,0.0069263945,0.4,0.0,0.425224,0.07984598
375316653866487564,6734364654061912960,0.5534677,2280.64487520551,3.5900792128421917,2.3109902E-5,19.208803,0.016153747,0.30274358,0.00477759,0.08506544,0.007688786,0.38548967,0.026848186,0.80563486,0.009644115,0.083923966,0.007899605,0.46385804,0.036639646,null,null,null,null,"TWOGAUSSIANS",8,3.4414897,0.80563486,0.009644115,0.4,0.0,0.45377335,0.03446572,0.30274358,0.00477759,0.4,0.0,0.375405,0.027746303
375316653866487564,6734365616135415168,0.5572367,2350.9409238618227,3.8373999801816163,1.2375366E-5,19.217144,0.020403855,0.29180112,0.006173038,0.061743557,0.0058743996,0.5661145,0.032670453,0.7883335,0.03926713,0.07271741,0.01702334,0.45116404,0.16893534,null,null,null,null,"TWOGAUSSIANS",8,2.5319524,0.29180112,0.006173038,0.34576392,0.032896638,0.5652147,0.031902593,0.7883335,0.03926713,0.4,0.07886321,0.45026422,0.16843668
375316653866487564,6734365714899395456,0.52268636,2261.7038900737007,1.4406649779252518,1.252725E-5,16.665115,0.022243585,0.23421308,0.0071946667,0.107514955,0.021379894,0.07632107,0.02268922,0.72019047,0.017850865,0.113344155,0.04927304,0.058391806,0.01723541,null,null,null,null,"TWOGAUSSIANS",8,1.5434284,0.23423308,0.0071876,0.4,0.0,0.067490675,0.00489024,0.72019047,0.017850865,0.4,0.0,0.049557086,0.008514376
375316653866487564,6734365753574435584,0.47911066,2214.2491259319245,0.13303774294509033,3.6296864E-5,19.068008,0.3758507,0.14379993,0.012766054,0.12293731,0.04510649,0.35883301,0.2977192,0.6636093,0.022561803,0.15009515,0.07370638,0.40420932,0.37863028,null,null,null,null,"TWOGAUSSIANS",8,1.1588942,0.6638293,0.02197583,0.4,0.0,0.27997524,0.022229835,0.14251994,0.011307318,0.4,0.0,0.23782152,0.055901002
375316653866487564,6734366131555567872,0.5646669,2231.205264866589,2.961990319154472,9.49527E-6,17.56794,0.007951299,0.3204863,0.0030674832,0.038102742,0.03465235,0.13314095,2.9721441,0.81100106,0.008158772,0.04630262,0.013584711,0.15625292,0.03461784,0.109917045,0.018028924,0.3204863,0.0030674832,"TWOGAUSSIANS_WITH_ELLIPSOIDAL_ON_ECLIPSE1",9,8.234723,0.8128211,0.0067387745,0.2592947,0.07607438,0.37545654,0.033749845,0.3204863,0.0030674832,0.21337534,0.19405314,0.35297477,2.9764485
375316653866487564,6734366268969625472,0.5762363,2275.8864927606583,4.249989026464149,2.174151E-5,19.178303,0.017464176,0.25861412,0.019539105,0.04224795,0.025137292,0.37377045,0.09032407,0.7649902,0.005149849,0.038377296,0.027782654,0.28452653,4582812.5,0.14090353,0.021726413,0.7649902,0.005149849,"TWOGAUSSIANS_WITH_ELLIPSOIDAL_ON_ECLIPSE2",9,5.4975743,0.25922412,0.019576073,0.23658854,0.14076884,0.65516883,0.08341256,0.7649902,0.005149849,0.21491286,0.15558288,0.56633353,4582812.5
375316653866487564,6734366509487324416,0.47076622,2268.24458693732,3.3957282419775763,3.2048767E-5,19.090115,0.013860294,0.25071454,0.010497505,0.0911183,0.01554579,0.15273856,0.014159497,0.7567006,0.02014088,0.085785136,0.02319764,0.122892804,0.0313923,null,null,null,null,"TWOGAUSSIANS",8,1.566313,0.25071454,0.010497505,0.4,0.0,0.14814271,0.013246449,0.7567006,0.02014088,0.4,0.0,0.11829704,0.032988254
