Gaia/vari_eclipsing_binary/VariEclipsingBinary_226462-226644.csv
# %ECSV 1.0
# ---
# delimiter: ','
# meta: !!omap
# - RELEASE: Gaia DR3
# - TABLE: vari_eclipsing_binary
# - DESCRIPTION: >
#     This table describes the properties of the eclipsing binaries resulting from the variability analysis. 
# - CITATION: >
#     How to cite and acknowledge Gaia: 
#     https://gea.esac.esa.int/archive/documentation/credits.html 
# - KNOWN_ISSUES: >
#     Known issues: 
#     https://www.cosmos.esa.int/web/gaia-users/known-issues 
# - DOCUMENTATION: >
#     Tutorials and documentation: 
#     https://www.cosmos.esa.int/web/gaia-users/archive 
# datatype:
# - 
#   name: solution_id
#   datatype: int64
#   description: Solution Identifier
#   meta:
#     ucd: meta.version
# - 
#   name: source_id
#   datatype: int64
#   description: Unique source identifier
#   meta:
#     ucd: meta.id;meta.main
# - 
#   name: global_ranking
#   datatype: float32
#   description: Number between 0 (worst) and 1 (best)
#   meta:
#     ucd: stat.param
# - 
#   name: reference_time
#   datatype: float64
#   unit: d
#   description: Reference time used for the geometric model fit
#   meta:
#     ucd: time.epoch
# - 
#   name: frequency
#   datatype: float64
#   unit: d**-1
#   description: Frequency of geometric model of the eclipsing binary light curve
#   meta:
#     ucd: src.orbital
# - 
#   name: frequency_error
#   datatype: float32
#   unit: d**-1
#   description: "Uncertainty of \\texttt{frequency}"
#   meta:
#     ucd: stat.error
# - 
#   name: geom_model_reference_level
#   datatype: float32
#   unit: mag
#   description: Magnitude reference level of geometric model
#   meta:
#     ucd: phot.mag;em.opt
# - 
#   name: geom_model_reference_level_error
#   datatype: float32
#   unit: mag
#   description: "Uncertainty of \\texttt{geomModelReferenceLevel}"
#   meta:
#     ucd: stat.error;phot.mag;em.opt
# - 
#   name: geom_model_gaussian1_phase
#   datatype: float32
#   description: Phase of the Gaussian 1 component
#   meta:
#     ucd: time.phase
# - 
#   name: geom_model_gaussian1_phase_error
#   datatype: float32
#   description: "Uncertainty of \\texttt{geomModelGaussian1Phase}"
#   meta:
#     ucd: stat.error;time.phase
# - 
#   name: geom_model_gaussian1_sigma
#   datatype: float32
#   description: "Standard deviation [phase] of Gaussian 1 component"
#   meta:
#     ucd: stat.stdev
# - 
#   name: geom_model_gaussian1_sigma_error
#   datatype: float32
#   description: "Uncertainty of \\texttt{geomModelGaussian1Sigma}"
#   meta:
#     ucd: stat.error
# - 
#   name: geom_model_gaussian1_depth
#   datatype: float32
#   unit: mag
#   description: Magnitude depth of Gaussian 1 component
#   meta:
#     ucd: src.var.amplitude
# - 
#   name: geom_model_gaussian1_depth_error
#   datatype: float32
#   unit: mag
#   description: "Uncertainty of \\texttt{geomModelGaussian1Depth}"
#   meta:
#     ucd: stat.error;src.var.amplitude
# - 
#   name: geom_model_gaussian2_phase
#   datatype: float32
#   description: Phase of Gaussian 2 component
#   meta:
#     ucd: time.phase
# - 
#   name: geom_model_gaussian2_phase_error
#   datatype: float32
#   description: "Uncertainty of \\texttt{geomModelGaussian2Phase}"
#   meta:
#     ucd: stat.error;time.phase
# - 
#   name: geom_model_gaussian2_sigma
#   datatype: float32
[...]
#   datatype: float32
#   description: "Secondary eclipse: uncertainty of \\texttt{derivedSecondaryEclDuration}"
#   meta:
#     ucd: stat.error;time.duration
# - 
#   name: derived_secondary_ecl_depth
#   datatype: float32
#   unit: mag
#   description: "Secondary eclipse: depth"
#   meta:
#     ucd: src.var.amplitude
# - 
#   name: derived_secondary_ecl_depth_error
#   datatype: float32
#   unit: mag
#   description: "Secondary eclipse: uncertainty of \\texttt{derivedSecondaryEclDepth}"
#   meta:
#     ucd: stat.error;src.var.amplitude
solution_id,source_id,global_ranking,reference_time,frequency,frequency_error,geom_model_reference_level,geom_model_reference_level_error,geom_model_gaussian1_phase,geom_model_gaussian1_phase_error,geom_model_gaussian1_sigma,geom_model_gaussian1_sigma_error,geom_model_gaussian1_depth,geom_model_gaussian1_depth_error,geom_model_gaussian2_phase,geom_model_gaussian2_phase_error,geom_model_gaussian2_sigma,geom_model_gaussian2_sigma_error,geom_model_gaussian2_depth,geom_model_gaussian2_depth_error,geom_model_cosine_half_period_amplitude,geom_model_cosine_half_period_amplitude_error,geom_model_cosine_half_period_phase,geom_model_cosine_half_period_phase_error,model_type,num_model_parameters,reduced_chi2,derived_primary_ecl_phase,derived_primary_ecl_phase_error,derived_primary_ecl_duration,derived_primary_ecl_duration_error,derived_primary_ecl_depth,derived_primary_ecl_depth_error,derived_secondary_ecl_phase,derived_secondary_ecl_phase_error,derived_secondary_ecl_duration,derived_secondary_ecl_duration_error,derived_secondary_ecl_depth,derived_secondary_ecl_depth_error
[from data line 142]
375316653866487564,1992221439246646912,0.50514555,2218.1800866320486,0.4387998056193896,4.0167947E-6,15.210181,7.0604146E-4,0.27297264,0.13902768,0.021613602,0.0523292,0.025749484,1.0701298,0.67649364,0.005813072,0.019359166,0.0034775734,0.054935344,0.0056891395,0.005259217,0.0013165381,0.67649364,0.005813072,"TWOGAUSSIANS_WITH_ELLIPSOIDAL_ON_ECLIPSE2",9,4.027567,0.67649364,0.005813072,0.108411334,0.019474411,0.065453775,0.005697279,0.27185264,0.1277578,0.121036164,0.29304352,0.032888122,1.0710291
375316653866487564,1992221885923168128,0.5477936,2228.3033262360727,4.6050677536895,8.008789E-6,19.86539,0.013785069,0.25799188,0.005586371,0.048320156,0.0088467505,0.5163217,0.10176346,0.7517998,0.0054890607,0.04383768,0.0068911524,0.39864698,0.036939986,0.13489673,0.02014116,0.25799188,0.005586371,"TWOGAUSSIANS_WITH_ELLIPSOIDAL_ON_ECLIPSE1",9,1.9395856,0.25799188,0.005586371,0.27059287,0.0495418,0.7861144,0.11027657,0.75237983,0.004852193,0.24549101,0.038590454,0.6680694,0.0298353
375316653866487564,1992222474339105664,0.5864201,2198.7865718370067,0.8598144164942736,5.0175513E-6,14.476461,0.0015041475,0.26406172,0.0014735016,0.02614374,0.0010588482,0.26236737,0.010203683,0.76460034,0.0063533057,0.028131586,0.008535509,0.037827168,0.008404505,0.0064953924,0.0022428434,0.26406172,0.0014735016,"TWOGAUSSIANS_WITH_ELLIPSOIDAL_ON_ECLIPSE1",9,44.52452,0.26406172,0.0014735016,0.14640495,0.00592955,0.27535814,0.009304878,0.76460034,0.0063435934,0.15753688,0.04779885,0.050817803,0.009042066
375316653866487564,1992222749216820480,0.56520456,2245.5731063889466,1.0498276404746152,1.7845721E-5,15.232991,0.003498255,0.11430717,0.08291946,0.046416532,0.08896061,0.043310653,0.33216465,0.8122691,0.0013365921,0.023018906,8.634943E-4,0.5823108,0.033372857,0.0025337655,0.0064302576,0.11430717,0.08291946,"TWOGAUSSIANS_WITH_ELLIPSOIDAL_ON_ECLIPSE1",9,192.87845,0.8122691,0.0013365921,0.12890588,0.004835568,0.58283347,0.033370167,0.11430717,0.08291946,0.25993258,0.2813112,0.048378166,0.3267451
375316653866487564,1992222813635932928,0.56922686,2258.0467160344274,1.489316140706654,1.31241095E-5,18.541817,0.00462115,0.20456876,0.0015993939,0.03883981,0.0035334642,0.80722076,0.11383574,0.70548975,0.0073577594,0.03845621,0.009098677,0.12162258,0.012274801,null,null,null,null,"TWOGAUSSIANS",8,4.1434855,0.20456876,0.0015993939,0.21750292,0.0197874,0.80722076,0.113835745,0.70548975,0.0073577594,0.21535477,0.05095259,0.12162258,0.012274802
375316653866487564,1992222886655777152,0.55549496,2244.186230539517,2.349889105947808,1.49155085E-5,15.794321,0.012375782,0.29709354,0.007281189,0.094434,0.012536145,0.17986417,0.013854009,0.78027344,0.00196197,0.09599389,0.005768384,0.22188407,0.011508781,null,null,null,null,"TWOGAUSSIANS",8,29.01349,0.78027344,0.00196197,0.4,0.0,0.21183454,0.0059929304,0.29709354,0.007281189,0.4,0.0,0.169815,0.011936746
375316653866487564,1992226318327641856,0.5125379,2232.1866368251817,3.539634726518802,2.4742812E-5,19.031038,0.016501527,0.28150806,0.0046835127,0.080635674,0.0076000015,0.34788534,0.019889044,0.77373195,0.0074609914,0.08740771,0.008644481,0.34360352,0.021818971,null,null,null,null,"TWOGAUSSIANS",8,5.3560004,0.28150806,0.0046835127,0.4,0.0,0.3406976,0.018596318,0.77373195,0.0074609914,0.4,0.0,0.3364157,0.020162838
375316653866487564,1992227314762879104,0.57681686,2228.429115423107,2.8175340446853263,9.272166E-6,18.823263,0.016339941,0.22236064,0.0021209419,0.0510779,0.00508507,0.5088695,0.06488956,0.72171086,0.0030715237,0.04392933,0.004603959,0.33421215,0.049379613,0.12213904,0.021886341,0.22236064,0.0021209419,"TWOGAUSSIANS_WITH_ELLIPSOIDAL_ON_ECLIPSE1",9,6.7876124,0.22236064,0.0021209419,0.28603622,0.028476393,0.75314426,0.0662987,0.7217809,0.0027492768,0.24600425,0.02578217,0.5784833,0.032534834
375316653866487564,1992229071408569472,0.5297773,2238.142211564654,0.05763962484868749,1.350684E-4,16.630753,0.0104550775,0.30625936,0.034278594,0.040461328,0.07264854,0.048309114,0.43538547,0.52865577,0.017773533,0.010142697,0.0044189394,7.041436,10.380322,0.010440567,0.014711855,0.30625936,0.034278594,"TWOGAUSSIANS_WITH_ELLIPSOIDAL_ON_ECLIPSE1",9,40.848698,0.52865577,0.017773533,0.056799103,0.024746062,7.042058,10.380643,0.30625936,0.034278594,0.22658345,0.40683183,0.06919021,0.4623256
375316653866487564,1992229449367649792,0.6435507,2198.989670269284,1.104319438379999,1.768669E-5,13.89872,0.0030364417,0.21604963,0.008179478,0.028902981,0.0067037945,0.09286309,0.010240171,0.71327585,0.0011416989,0.028620766,0.0010909548,0.49847522,0.020011099,0.012967762,0.0041816127,0.21604963,0.008179478,"TWOGAUSSIANS_WITH_ELLIPSOIDAL_ON_ECLIPSE1",9,37.996162,0.71328586,0.0011406841,0.1602763,0.0061093466,0.5244029,0.019535264,0.21604963,0.008179478,0.1618567,0.03754125,0.118798606,0.007901208
375316653866487564,1992230578938169088,0.56820756,2231.867600606393,3.909694219815652,1.2819482E-5,18.711666,0.01435351,0.27971017,0.018343536,0.0639075,0.02066329,0.41553265,0.027033549,0.78631765,0.0021518623,0.08367073,0.005009612,0.31725144,0.014404682,null,null,null,null,"TWOGAUSSIANS",8,3.6014,0.27971017,0.018343536,0.357882,0.05650345,0.41358742,0.026476076,0.78631765,0.0021518623,0.4,0.0,0.3153062,0.0116166845
375316653866487564,1992234122290074240,0.6924122,2198.8605920959176,0.7422038231200276,6.195401E-6,13.896186,0.0011256953,0.27101937,0.0015180334,0.023413884,0.005137324,0.46651867,0.116248555,0.771206,0.0017919131,0.024925902,0.0012242838,0.3453741,0.006593035,0.006617261,0.0015297051,0.27101937,0.0015180334,"TWOGAUSSIANS_WITH_ELLIPSOIDAL_ON_ECLIPSE1",9,15.973723,0.27101937,0.0015180334,0.13111775,0.028769014,0.4797532,0.116841756,0.771206,0.0017919131,0.13958506,0.0068559893,0.3586086,0.0053540966
375316653866487564,1992236561831553664,0.5001384,2248.6580782901774,1.5548417114830089,2.6448151E-5,17.226353,0.009721165,0.24702309,0.033904664,0.052441806,0.044496704,0.03776067,1.1949065,0.71113336,0.003961141,0.040233728,0.0043941797,0.3385249,0.056868155,0.023095753,0.013419689,0.24702309,0.033904664,"TWOGAUSSIANS_WITH_ELLIPSOIDAL_ON_ECLIPSE1",9,25.666195,0.7117334,0.0037400473,0.22530888,0.024607407,0.38244432,0.05842905,0.24702309,0.033904664,0.2936741,0.24918154,0.08395174,1.1792637
375316653866487564,1992237111587343232,0.6849831,2243.3531678951254,2.1126913646221137,1.5251543E-6,14.764687,0.0067549087,0.27348235,3.944621E-4,0.055566795,0.002021742,0.3375229,0.013662875,0.77360696,0.0012486681,0.0582828,0.002184339,0.2876555,0.014694939,0.10113058,0.00837187,0.27348235,3.944621E-4,"TWOGAUSSIANS_WITH_ELLIPSOIDAL_ON_ECLIPSE1",9,23.099989,0.27348235,3.944621E-4,0.31117404,0.011321756,0.53974164,0.0093847895,0.77360696,0.001157146,0.32638368,0.012232299,0.4898741,0.0072984914
375316653866487564,1992239688567974912,0.57581675,2226.1932625192794,1.5822957552460561,1.5431362E-5,14.11517,0.00538099,0.26768422,0.0025577361,0.045407515,0.0027902427,0.26576462,0.013810122,0.78184116,0.010391244,0.031800065,0.019884346,0.027233787,0.02017925,0.018751767,0.0073205144,0.78184116,0.010391244,"TWOGAUSSIANS_WITH_ELLIPSOIDAL_ON_ECLIPSE2",9,59.749886,0.2680042,0.00243298,0.2542821,0.01562536,0.30297863,0.009807073,0.78184116,0.010391244,0.17808035,0.11135233,0.06473716,0.021313202
375316653866487564,1992241711490665216,0.5361716,2271.8467782823045,0.8203511701180131,8.66737E-6,18.526968,0.010518141,0.24775393,0.0013809366,0.01805394,0.0014713439,0.6522156,0.07304294,0.56928456,0.05470267,0.1378266,0.1366403,0.031647723,0.015250956,null,null,null,null,"TWOGAUSSIANS",8,4.632871,0.24777393,0.0013779359,0.10110206,0.008239526,0.6542107,0.07434223,0.56928456,0.05470267,0.4,0.0,0.0315599,0.018145598
375316653866487564,1992244597712614912,0.4625741,2218.85709269894,2.656323431624988,9.648635E-5,19.179089,0.0060310033,0.29168153,0.01032346,0.06251205,0.010084588,0.30141494,0.1564081,0.7695844,0.0036812532,0.037264965,0.0033385651,0.29747963,0.039898627,null,null,null,null,"TWOGAUSSIANS",8,3.7374616,0.29168153,0.01032346,0.35006744,0.05647369,0.30141425,0.15641019,0.7695844,0.0036812532,0.2086838,0.018695965,0.29747897,0.039899327
375316653866487564,1992246762372152192,0.525679,2230.5126659877847,3.7014727993183407,1.1866345E-5,18.372591,0.0062895683,0.29118314,0.0036773088,0.08401155,0.0051825037,0.23018676,0.008090469,0.8053077,0.0032896558,0.07787309,0.0040696114,0.21194921,0.009255242,null,null,null,null,"TWOGAUSSIANS",8,2.9908507,0.29118314,0.0036773088,0.4,0.0,0.22733285,0.007988203,0.8053077,0.0032896558,0.4,0.0,0.20909531,0.008938166
375316653866487564,1992248274200688512,0.64805305,2195.1819116328334,0.5271023982465479,4.2516403E-6,17.03211,0.0011033345,0.19819961,0.01475155,0.017878076,0.0043011317,0.4371613,0.32369238,0.70598066,3.7323963E-4,0.021887116,4.3651115E-4,0.49307433,0.002203079,0.007906652,0.0019271338,0.19819961,0.01475155,"TWOGAUSSIANS_WITH_ELLIPSOIDAL_ON_ECLIPSE1",9,2.7066267,0.70598066,3.7323963E-4,0.122567855,0.0024444624,0.5088498,0.0026120855,0.19819961,0.01475155,0.10011723,0.024086338,0.45297456,0.32301605
375316653866487564,1992250198345964928,0.6529357,2227.4543499760966,3.282830868911508,2.0576692E-6,17.84535,0.0057782056,0.17653695,6.997347E-4,0.045816366,0.0018643375,0.33700246,0.013722393,0.6761256,0.0010899814,0.040827792,0.0020031836,0.26762396,0.013643473,0.13393578,0.008373276,0.17653695,6.997347E-4,"TWOGAUSSIANS_WITH_ELLIPSOIDAL_ON_ECLIPSE1",9,2.4235907,0.17653695,6.997347E-4,0.25657165,0.01044029,0.6048738,0.010950347,0.67617553,9.749285E-4,0.22863564,0.011217828,0.53549373,0.0067746723
375316653866487564,1992252156849560448,0.5133419,2247.9838462551106,3.426906068529033,1.7958564E-5,19.883305,0.022043822,0.24465995,0.0070198546,0.07340824,0.011914403,0.54123,0.09921398,0.7363086,0.008712724,0.061154027,0.0078948485,0.7373181,0.09005623,null,null,null,null,"TWOGAUSSIANS",8,2.9838057,0.7363086,0.008712724,0.34246254,0.044211153,0.73633283,0.09016064,0.24465995,0.0070198546,0.4,0.030366592,0.54024476,0.10033124
375316653866487564,1992253187641882112,0.5232605,2232.667783319522,1.5127821187706645,1.4805972E-5,18.860176,0.0059838053,0.23498926,0.01744896,0.023668963,0.039300583,0.4623074,0.44860023,0.73479044,0.00698563,0.021573484,0.003063232,0.5997882,0.2835094,null,null,null,null,"TWOGAUSSIANS",8,2.5151236,0.73479044,0.00698563,0.120811515,0.0171541,0.5997882,0.2835094,0.23498926,0.01744896,0.13254619,0.22008327,0.4623074,0.44860023
375316653866487564,1992258620784535680,0.666737,2212.055165081915,2.0313908170884933,3.5972184E-6,15.981126,0.0052654445,0.28531277,5.067442E-4,0.05222897,0.001217902,0.5260753,0.012318542,0.7920441,0.003995308,0.06277168,0.005667508,0.075353235,0.012491233,0.062336136,0.006678066,0.28531277,5.067442E-4,"TWOGAUSSIANS_WITH_ELLIPSOIDAL_ON_ECLIPSE1",9,9.640784,0.28531277,5.067442E-4,0.29248223,0.0068202517,0.65072405,0.011322597,0.7920441,0.003995308,0.3515214,0.031738047,0.1997791,0.005381525
375316653866487564,1992260574985869568,0.46891657,2201.626658631895,1.054030133033796,6.108103E-6,18.421741,0.004095596,0.25599757,0.04479343,0.04725141,0.022519043,0.02575908,0.015182674,0.6965807,9.2402013E-4,0.017830193,0.0015638609,0.22839701,0.010484509,null,null,null,null,"TWOGAUSSIANS",8,5.1222615,0.6965807,9.2402013E-4,0.09984908,0.008757621,0.22839701,0.010484509,0.25599757,0.04479343,0.2646079,0.12610663,0.02575908,0.015182674
375316653866487564,1992261472642763008,0.5825683,2191.5138537036282,2.856872537212944,1.0002902E-5,16.794373,0.01044104,0.25843984,0.004200032,0.094165295,0.006562644,0.33727458,0.013192548,0.75441796,0.0036424538,0.08760144,0.0048082485,0.369742,0.011748943,null,null,null,null,"TWOGAUSSIANS",8,18.686655,0.75441796,0.0036424538,0.4,0.0,0.35467184,0.009760456,0.25843984,0.004200032,0.4,0.0,0.32220393,0.012149374
375316653866487564,1992263289404834432,0.52261794,2194.862892636841,4.32079139197739,1.2542307E-5,19.536848,0.011158427,0.24795352,0.0038300557,0.081737265,0.0047559873,0.42027146,0.018111931,0.7467155,0.00581981,0.079796925,0.005511289,0.3792298,0.025503324,null,null,null,null,"TWOGAUSSIANS",8,2.2668545,0.24795352,0.0038300557,0.4,0.0,0.41379037,0.018121151,0.7467155,0.00581981,0.4,0.0,0.37274873,0.025498208
375316653866487564,1992267038920039424,0.65404177,2201.6639867589165,3.292280616179244,4.905981E-6,16.848585,0.009593681,0.2654687,0.0014596868,0.037225936,0.0025458853,0.4474831,0.024749724,0.7621175,0.0012596344,0.04613093,0.0029474145,0.57199514,0.021353297,0.13968585,0.011698792,0.7621175,0.0012596344,"TWOGAUSSIANS_WITH_ELLIPSOIDAL_ON_ECLIPSE2",9,19.55054,0.7621175,0.0012596344,0.2583332,0.01650552,0.8513665,0.019518435,0.2652587,0.0013482176,0.20846525,0.014256958,0.7267385,0.021782223
375316653866487564,1992267519956379264,0.5160779,2207.5198825326042,4.138027810448018,1.5829244E-5,12.685039,0.1631258,0.2999919,0.0041226577,0.20551649,0.035184037,0.64348274,0.14789088,0.79759175,0.0035260671,0.17536381,0.02505066,0.6112534,0.14445332,null,null,null,null,"TWOGAUSSIANS",8,378.32004,0.79759175,0.0035260671,0.4,0.0,0.1531125,0.0076627145,0.3011219,0.0045230878,0.4,0.0,0.13961387,0.007503644
375316653866487564,1992269130560695424,0.51496893,2205.991524205512,3.7586448621228854,1.43442785E-5,18.964495,0.021618443,0.24044289,0.0040777097,0.07823169,0.005574753,0.43205687,0.021356115,0.73182184,0.004560943,0.08235729,0.006668667,0.5294173,0.04685641,null,null,null,null,"TWOGAUSSIANS",8,6.653453,0.73182184,0.004560943,0.4,0.0,0.52305967,0.047142338,0.24044289,0.0040777097,0.4,0.0,0.4256993,0.018674938
375316653866487564,1992271230802225792,0.5102067,2196.537665530415,4.179121888941298,6.82112E-6,18.99978,0.003739251,0.1440889,0.002931008,0.031860266,0.0060068364,0.117724925,0.038053773,0.633991,0.024502052,0.027465193,0.022947915,0.13155775,5.2304435,0.1198069,0.007892926,0.1440889,0.002931008,"TWOGAUSSIANS_WITH_ELLIPSOIDAL_ON_ECLIPSE1",9,2.960259,0.634981,0.025207698,0.15380508,0.12850831,0.3703019,5.230316,0.1440889,0.002931008,0.17841749,0.033638284,0.35733837,0.039132614
375316653866487564,1992272502118727040,0.58293486,2218.089583716823,2.5999604385035084,9.028767E-6,15.050727,0.0038353947,0.28876036,0.0231128,0.049436163,0.01620058,0.025080308,0.011893877,0.75821906,0.002231202,0.069737785,0.02251915,0.026799351,0.008804664,0.081609316,0.0045793103,0.75821906,0.002231202,"TWOGAUSSIANS_WITH_ELLIPSOIDAL_ON_ECLIPSE2",9,29.814838,0.75821906,0.002231202,0.39053157,0.11235499,0.18997382,0.0026722653,0.27132037,0.011304104,0.27684253,0.090723254,0.18563817,0.008798226
375316653866487564,1992274494983542016,0.5618827,2195.486518934783,0.41027411072056463,1.6162625E-5,16.156736,0.0014516489,0.2782833,0.04488658,0.01784684,0.015155259,0.31274888,0.55718815,0.80399895,0.012867154,0.019545,0.004893309,0.24364723,0.08207986,0.0045128814,0.0030599681,0.2782833,0.04488658,"TWOGAUSSIANS_WITH_ELLIPSOIDAL_ON_ECLIPSE1",9,9.411454,0.2782833,0.04488658,0.099942304,0.084869444,0.3217746,0.55998313,0.80399895,0.012866993,0.109452,0.02740253,0.25243938,0.08173654
375316653866487564,1992275079099102464,0.6043252,2200.9787602487004,2.62048382271485,4.2127836E-6,18.452993,0.010724837,0.26095477,0.0012830672,0.054200742,0.003888491,0.29988596,0.028631683,0.7570697,0.0020883607,0.051922243,0.0031524322,0.31216878,0.025293326,0.11514021,0.013226726,0.26095477,0.0012830672,"TWOGAUSSIANS_WITH_ELLIPSOIDAL_ON_ECLIPSE1",9,2.2515569,0.7575997,0.0017532158,0.29076454,0.01765362,0.5423214,0.012943548,0.26095477,0.0012830672,0.30352417,0.02177555,0.53015715,0.022740083
