Gaia/vari_eclipsing_binary/VariEclipsingBinary_503325-504180.csv
# %ECSV 1.0
# ---
# delimiter: ','
# meta: !!omap
# - RELEASE: Gaia DR3
# - TABLE: vari_eclipsing_binary
# - DESCRIPTION: >
#     This table describes the properties of the eclipsing binaries resulting from the variability analysis. 
# - CITATION: >
#     How to cite and acknowledge Gaia: 
#     https://gea.esac.esa.int/archive/documentation/credits.html 
# - KNOWN_ISSUES: >
#     Known issues: 
#     https://www.cosmos.esa.int/web/gaia-users/known-issues 
# - DOCUMENTATION: >
#     Tutorials and documentation: 
#     https://www.cosmos.esa.int/web/gaia-users/archive 
# datatype:
# - 
#   name: solution_id
#   datatype: int64
#   description: Solution Identifier
#   meta:
#     ucd: meta.version
# - 
#   name: source_id
#   datatype: int64
#   description: Unique source identifier
#   meta:
#     ucd: meta.id;meta.main
# - 
#   name: global_ranking
#   datatype: float32
#   description: Number between 0 (worst) and 1 (best)
#   meta:
#     ucd: stat.param
# - 
#   name: reference_time
#   datatype: float64
#   unit: d
#   description: Reference time used for the geometric model fit
#   meta:
#     ucd: time.epoch
# - 
#   name: frequency
#   datatype: float64
#   unit: d**-1
#   description: Frequency of geometric model of the eclipsing binary light curve
#   meta:
#     ucd: src.orbital
# - 
#   name: frequency_error
#   datatype: float32
#   unit: d**-1
#   description: "Uncertainty of \\texttt{frequency}"
#   meta:
#     ucd: stat.error
# - 
#   name: geom_model_reference_level
#   datatype: float32
#   unit: mag
#   description: Magnitude reference level of geometric model
#   meta:
#     ucd: phot.mag;em.opt
# - 
#   name: geom_model_reference_level_error
#   datatype: float32
#   unit: mag
#   description: "Uncertainty of \\texttt{geomModelReferenceLevel}"
#   meta:
#     ucd: stat.error;phot.mag;em.opt
# - 
#   name: geom_model_gaussian1_phase
#   datatype: float32
#   description: Phase of the Gaussian 1 component
#   meta:
#     ucd: time.phase
# - 
#   name: geom_model_gaussian1_phase_error
#   datatype: float32
#   description: "Uncertainty of \\texttt{geomModelGaussian1Phase}"
#   meta:
#     ucd: stat.error;time.phase
# - 
#   name: geom_model_gaussian1_sigma
#   datatype: float32
#   description: "Standard deviation [phase] of Gaussian 1 component"
#   meta:
#     ucd: stat.stdev
# - 
#   name: geom_model_gaussian1_sigma_error
#   datatype: float32
#   description: "Uncertainty of \\texttt{geomModelGaussian1Sigma}"
#   meta:
#     ucd: stat.error
# - 
#   name: geom_model_gaussian1_depth
#   datatype: float32
#   unit: mag
#   description: Magnitude depth of Gaussian 1 component
#   meta:
#     ucd: src.var.amplitude
# - 
#   name: geom_model_gaussian1_depth_error
#   datatype: float32
#   unit: mag
#   description: "Uncertainty of \\texttt{geomModelGaussian1Depth}"
#   meta:
#     ucd: stat.error;src.var.amplitude
# - 
#   name: geom_model_gaussian2_phase
#   datatype: float32
#   description: Phase of Gaussian 2 component
#   meta:
#     ucd: time.phase
# - 
#   name: geom_model_gaussian2_phase_error
#   datatype: float32
#   description: "Uncertainty of \\texttt{geomModelGaussian2Phase}"
#   meta:
#     ucd: stat.error;time.phase
# - 
#   name: geom_model_gaussian2_sigma
#   datatype: float32
[...]
#   datatype: float32
#   description: "Secondary eclipse: uncertainty of \\texttt{derivedSecondaryEclDuration}"
#   meta:
#     ucd: stat.error;time.duration
# - 
#   name: derived_secondary_ecl_depth
#   datatype: float32
#   unit: mag
#   description: "Secondary eclipse: depth"
#   meta:
#     ucd: src.var.amplitude
# - 
#   name: derived_secondary_ecl_depth_error
#   datatype: float32
#   unit: mag
#   description: "Secondary eclipse: uncertainty of \\texttt{derivedSecondaryEclDepth}"
#   meta:
#     ucd: stat.error;src.var.amplitude
solution_id,source_id,global_ranking,reference_time,frequency,frequency_error,geom_model_reference_level,geom_model_reference_level_error,geom_model_gaussian1_phase,geom_model_gaussian1_phase_error,geom_model_gaussian1_sigma,geom_model_gaussian1_sigma_error,geom_model_gaussian1_depth,geom_model_gaussian1_depth_error,geom_model_gaussian2_phase,geom_model_gaussian2_phase_error,geom_model_gaussian2_sigma,geom_model_gaussian2_sigma_error,geom_model_gaussian2_depth,geom_model_gaussian2_depth_error,geom_model_cosine_half_period_amplitude,geom_model_cosine_half_period_amplitude_error,geom_model_cosine_half_period_phase,geom_model_cosine_half_period_phase_error,model_type,num_model_parameters,reduced_chi2,derived_primary_ecl_phase,derived_primary_ecl_phase_error,derived_primary_ecl_duration,derived_primary_ecl_duration_error,derived_primary_ecl_depth,derived_primary_ecl_depth_error,derived_secondary_ecl_phase,derived_secondary_ecl_phase_error,derived_secondary_ecl_duration,derived_secondary_ecl_duration_error,derived_secondary_ecl_depth,derived_secondary_ecl_depth_error
[from data line 289]
375316653866487564,4434397499390368128,0.5136759,2169.874672428592,4.587842183213323,1.7505883E-5,18.287788,0.034297638,0.21759357,0.012963929,0.094124936,0.0182444,0.19827572,0.03360584,0.7103631,0.004152226,0.09585208,0.015766487,0.19836606,0.03305227,null,null,null,null,"TWOGAUSSIANS",8,3.593385,0.7103631,0.004152226,0.4,0.0,0.18713565,0.016247807,0.21759357,0.012964129,0.4,0.0,0.18704551,0.015336073
375316653866487564,4434414649196847616,0.46209356,2204.262557335068,0.03711556316381206,6.071246E-5,18.667065,0.021104869,0.23973595,0.005379146,0.05785871,0.010396718,0.13367708,0.015089072,0.728188,0.01478637,0.12594949,0.01895705,0.26115316,0.029548464,null,null,null,null,"TWOGAUSSIANS",8,7.8397255,0.728188,0.01478637,0.4,0.0,0.25295132,0.023653077,0.23978595,0.00537914,0.3240088,0.05822162,0.12568526,0.0075381384
375316653866487564,4434414992794245760,0.5995819,2189.1798503074497,3.2755588309825248,1.2241796E-5,15.030741,0.0066898135,0.21036188,0.002413086,0.045269452,0.003297397,0.10970833,0.016792359,0.7150919,0.002693169,0.049576577,0.006942802,0.16028126,0.011052917,0.068294086,0.00836314,0.21036188,0.002413086,"TWOGAUSSIANS_WITH_ELLIPSOIDAL_ON_ECLIPSE1",9,46.591633,0.7150919,0.002693169,0.2776288,0.038879693,0.29674846,0.011302598,0.21036188,0.002413086,0.25350893,0.018465424,0.24629614,0.008151997
375316653866487564,4434419322121485696,0.5437363,2168.4631589601304,1.1675607544679367,1.4466835E-5,17.464384,0.0011728375,0.2922723,0.081580535,0.048840877,0.04956853,0.016913518,0.04391854,0.66747385,0.004620302,0.01295583,0.0012816949,1.8035221,0.81316465,null,null,null,null,"TWOGAUSSIANS",8,2.3070753,0.66747385,0.004620302,0.07255265,0.0071774907,1.8035221,0.81316465,0.2922723,0.081580535,0.2735089,0.27758378,0.016913518,0.04391854
375316653866487564,4434439731805920640,0.6163177,2166.783867259213,2.9183109197224297,6.740884E-6,14.890104,0.012294521,0.31164926,0.00954117,0.04432334,0.016740723,0.3757548,0.71650404,0.81631637,0.0010355044,0.052017767,0.003014529,0.44353744,0.029153984,0.11513371,0.01773493,0.81631637,0.0010355044,"TWOGAUSSIANS_WITH_ELLIPSOIDAL_ON_ECLIPSE2",9,62.403828,0.81631637,0.0010355044,0.2912995,0.016881362,0.6737999,0.013908474,0.31204927,0.009485557,0.24821071,0.09374805,0.60583645,0.72893894
375316653866487564,4434456121402186496,0.5283832,2155.5221976668277,2.6376378698262095,9.2300055E-5,17.674831,0.0054124827,0.13136905,0.010485248,0.029112766,0.0052902303,0.48366442,0.0820858,0.6212488,0.0028238415,0.030015621,0.0026191678,0.18527332,0.012587255,null,null,null,null,"TWOGAUSSIANS",8,16.263067,0.13136905,0.010485248,0.16303149,0.02962529,0.48366442,0.0820858,0.6212488,0.0028238415,0.16808748,0.01466734,0.18527332,0.012587255
375316653866487564,4434469075022492672,0.5805813,2150.6271825935974,2.911364348918308,1.9291101E-5,16.241253,0.021513298,0.26795816,0.0045172884,0.09795663,0.0076788226,0.37249914,0.021138724,0.77287847,0.0034943556,0.103361875,0.008427573,0.35166326,0.019839425,null,null,null,null,"TWOGAUSSIANS",8,33.61017,0.26795816,0.0045172884,0.4,0.0,0.3413808,0.011018111,0.77287847,0.0034943556,0.4,0.0,0.32054067,0.011806921
375316653866487564,4434475053617261440,0.6883273,2168.1912944614455,0.9701200994576065,3.317573E-6,12.030502,0.0038170114,0.24902023,6.8875623E-4,0.06053603,0.0026679835,0.12793557,0.008250903,0.75173295,0.001579625,0.05356196,0.0035547074,0.09108188,0.008415344,0.07829339,0.0048260475,0.24902023,6.8875623E-4,"TWOGAUSSIANS_WITH_ELLIPSOIDAL_ON_ECLIPSE1",9,25.961979,0.24902023,6.8875623E-4,0.33900177,0.014940708,0.28449503,0.002786069,0.75173295,0.001579625,0.29994696,0.019906363,0.24759585,0.00251457
375316653866487564,4434477561878060672,0.4423899,2147.083437618413,0.22789350615344542,8.606381E-5,16.728174,0.004833326,0.1705968,0.019373648,0.04225435,0.018318487,0.09107077,0.025668366,0.6696497,0.010943055,0.039533015,0.007786347,0.088566035,0.014265558,null,null,null,null,"TWOGAUSSIANS",8,29.988924,0.1705968,0.019373648,0.23662436,0.10258353,0.09107077,0.025668368,0.6696497,0.010943055,0.22138488,0.043603543,0.088566035,0.014265559
375316653866487564,4434483128155537536,0.50220066,2203.1813086293687,0.20358247892585016,3.428932E-5,18.578865,0.014119083,0.30127725,0.01387383,0.067150556,0.034582842,0.049267597,0.07251178,0.7671672,0.004654539,0.03495243,0.0074089305,0.75899976,2.5438397,null,null,null,null,"TWOGAUSSIANS",8,2.4948733,0.7671672,0.004654539,0.19573359,0.04149001,0.75899947,2.5438404,0.30127725,0.01387383,0.3760431,0.1729055,0.049267337,0.07251171
375316653866487564,4434517178656444416,0.523791,2186.701218861491,3.3100728428279043,1.7139233E-5,16.22145,7.641676E-4,0.45638013,0.0011035131,0.008540339,5.1881134E-4,0.08792065,0.009920445,0.8618998,0.013302673,0.011458471,0.0091876965,0.008259294,0.0028388437,null,null,null,null,"TWOGAUSSIANS",8,1.5178428,0.45638013,0.0011035131,0.047825895,0.0029053434,0.08792065,0.009920445,0.8618998,0.013302673,0.06416744,0.051451102,0.008259294,0.0028388437
375316653866487564,4434531334868675968,0.5645973,2151.619349850784,2.8582292496436223,1.4462326E-5,12.741242,0.004588884,0.24399677,0.0027177294,0.044843256,0.009883622,0.053730916,0.014237738,0.74402225,0.02579052,0.052521877,0.018536396,0.05569362,0.0150689455,0.03399582,0.0048707374,0.24399677,0.0027177294,"TWOGAUSSIANS_WITH_ELLIPSOIDAL_ON_ECLIPSE1",9,54.41462,0.74402225,0.0186648,0.29412252,0.10380382,0.12368457,0.009623785,0.24399677,0.0027177294,0.25112224,0.05534828,0.12172187,0.013184959
375316653866487564,4434597679226594560,0.5248266,2165.270354243302,3.949008981910181,2.6529773E-5,18.658628,0.032710575,0.2681635,0.0044764588,0.09389587,0.012130006,0.29803398,0.03142255,0.7399199,0.004828943,0.11216883,0.012655083,0.33867338,0.030665545,null,null,null,null,"TWOGAUSSIANS",8,4.3489933,0.7399199,0.004828943,0.4,0.0,0.3148613,0.01763755,0.2682135,0.004486427,0.4,0.0,0.27427495,0.020825148
375316653866487564,4434598950537602304,0.57142866,2198.1595453123487,3.0064587879531715,1.4704551E-5,17.836422,0.012814445,0.24884813,0.0045958995,0.09255812,0.006876777,0.32556728,0.015490822,0.75689936,0.002957239,0.09904284,0.008641414,0.24055359,0.011101229,null,null,null,null,"TWOGAUSSIANS",8,3.6588688,0.24884813,0.0045958995,0.4,0.0,0.30906782,0.013211134,0.75689936,0.002957239,0.4,0.0,0.22405292,0.009943802
375316653866487564,4434640770634847872,0.5108636,2162.372429848721,1.108633015267931,1.1310017E-5,12.614275,0.030015465,0.19144249,0.0034060655,0.24079205,0.03194217,0.32006732,0.029406622,0.68854874,0.0030274892,0.1762715,0.017403431,0.2638874,0.046678815,null,null,null,null,"TWOGAUSSIANS",8,14.128857,0.68854874,0.0030274892,0.4,0.0,0.054500878,0.0015596881,0.19329248,0.0032147414,0.4,0.0,0.046111975,0.002068471
375316653866487564,4434658637698863104,0.48840588,2188.417792663974,2.8707021669077775,3.17339E-5,16.28375,0.035707068,0.25092915,0.010248447,0.107607305,0.037397612,0.068700425,0.034857295,0.7622132,0.005723924,0.10549693,0.025620554,0.11155429,0.0333529,null,null,null,null,"TWOGAUSSIANS",8,16.38392,0.7622232,0.005746019,0.4,0.0,0.10180009,0.0076904967,0.25091916,0.010273426,0.4,0.0,0.058946412,0.009882093
375316653866487564,4434676882719881600,0.58636904,2174.9461737795846,2.915160297318517,9.933095E-6,13.113482,0.01080513,0.2667129,0.014110724,0.033289544,0.022159891,0.059600905,0.021615574,0.74441534,0.0016546447,0.07097238,0.00961197,0.09506697,0.026387561,0.0846566,0.012143657,0.74441534,0.0016546447,"TWOGAUSSIANS_WITH_ELLIPSOIDAL_ON_ECLIPSE2",9,180.7326,0.74441534,0.0016546447,0.39744532,0.03697619,0.26419124,0.0136150075,0.2622729,0.014080787,0.18642144,0.12409539,0.22607478,0.013579228
375316653866487564,4434684441862605568,0.55101466,2168.4812247640475,2.4539401711379107,2.6884218E-5,18.502932,0.006178858,0.24447878,0.0028162398,0.0272081,0.0026943793,0.72732925,0.040785007,0.7504648,0.004551221,0.0260762,0.005888486,0.19205754,0.025782516,0.029402465,0.011139664,0.7504648,0.004551221,"TWOGAUSSIANS_WITH_ELLIPSOIDAL_ON_ECLIPSE2",9,7.680256,0.24450877,0.0028124992,0.15236536,0.015088524,0.78605145,0.04107664,0.7504648,0.004551221,0.14602672,0.03297552,0.25086245,0.026735064
375316653866487564,4434705843682532864,0.6142754,2161.4777277996704,1.5501699800512672,3.5840505E-6,18.63418,0.0051195836,0.24750346,0.0021232704,0.052328773,0.0044375435,0.23968773,0.009925085,0.74864644,9.077731E-4,0.03790699,9.965877E-4,0.82354724,0.019837312,null,null,null,null,"TWOGAUSSIANS",8,1.9221519,0.74864644,9.077731E-4,0.21227913,0.005580891,0.82354707,0.019837333,0.24750346,0.0021232704,0.29304114,0.024850242,0.23968756,0.00992518
375316653866487564,4434745396038349696,0.48422077,2195.9264034308635,0.9734604599818077,2.9890549E-5,16.713766,0.015543246,0.33683163,0.01270783,0.115064174,0.022853445,0.113891564,0.019050777,0.79378676,0.005567891,0.06282283,0.0070995647,0.21293342,0.019465817,null,null,null,null,"TWOGAUSSIANS",8,38.502533,0.79378676,0.005567891,0.35180786,0.039757565,0.210453,0.01777933,0.33683163,0.01270783,0.4,0.0,0.111366645,0.018115466
375316653866487564,4434746426830476032,0.5442353,2170.133547107797,3.264662221956357,7.045279E-5,16.828054,0.004225453,0.20197025,0.0036167048,0.055043206,0.0031534235,0.35151973,0.02176521,0.44056487,0.054807853,0.078078255,0.021987073,0.02587619,0.009730083,null,null,null,null,"TWOGAUSSIANS",8,19.591715,0.20205025,0.003537489,0.30824196,0.017659172,0.35176286,0.02199137,0.44056487,0.054807853,0.4,0.053989563,0.025905412,0.009689243
375316653866487564,4434780129436174976,0.45631132,2171.6500507078076,0.637560249162807,7.8326826E-5,18.800062,0.34110257,0.25254086,0.027840558,0.11237684,0.081607945,0.19810535,0.27702805,0.74073905,0.033622455,0.13187616,0.11524675,0.1603948,0.32875937,null,null,null,null,"TWOGAUSSIANS",8,5.148824,0.25268084,0.027961643,0.4,0.056616984,0.15932606,0.021289174,0.74073905,0.033622455,0.4,0.0,0.12138178,0.035808805
375316653866487564,4434800680857399296,0.48675182,2182.7448891491445,2.77601854649324,3.7371232E-5,16.624521,0.78944325,0.15913352,0.008549532,0.120594166,0.14874277,0.19681343,0.7752595,0.6642644,0.004770286,0.111881986,0.042082705,0.31061053,0.45572227,null,null,null,null,"TWOGAUSSIANS",8,53.090515,0.6642844,0.00471202,0.4,0.0,0.26488394,0.023245253,0.15911353,0.0085220495,0.4,0.0,0.15104213,0.054233324
375316653866487564,4434815107649805696,0.58793557,2174.201855536582,0.16979908555318088,1.1008793E-6,13.721268,0.001452045,0.84170747,9.3218446E-8,0.0070152874,2.944074E-5,0.37323773,0.0013460623,null,null,null,null,null,null,null,null,null,null,"ONEGAUSSIAN",5,75.39079,0.84170747,9.3218446E-8,0.039285608,1.6486815E-4,0.37323773,0.0,null,null,null,null,null,null
375316653866487564,4434815352465605888,0.5833557,2174.4505039018986,2.5773210099044794,7.766077E-6,17.02679,0.31215128,0.24131438,0.0054726503,0.20200147,0.056302767,0.5767803,0.30878112,0.7155446,0.005622939,0.13146639,0.011039417,0.6160101,0.20537089,null,null,null,null,"TWOGAUSSIANS",8,5.1868916,0.7155446,0.005622939,0.4,0.0,0.34316275,0.010503117,0.24273437,0.0045159026,0.4,0.0,0.24892339,0.008801938
