Gaia/vari_eclipsing_binary/VariEclipsingBinary_680277-680324.csv
# %ECSV 1.0
# ---
# delimiter: ','
# meta: !!omap
# - RELEASE: Gaia DR3
# - TABLE: vari_eclipsing_binary
# - DESCRIPTION: >
#     This table describes the properties of the eclipsing binaries resulting from the variability analysis. 
# - CITATION: >
#     How to cite and acknowledge Gaia: 
#     https://gea.esac.esa.int/archive/documentation/credits.html 
# - KNOWN_ISSUES: >
#     Known issues: 
#     https://www.cosmos.esa.int/web/gaia-users/known-issues 
# - DOCUMENTATION: >
#     Tutorials and documentation: 
#     https://www.cosmos.esa.int/web/gaia-users/archive 
# datatype:
# - 
#   name: solution_id
#   datatype: int64
#   description: Solution Identifier
#   meta:
#     ucd: meta.version
# - 
#   name: source_id
#   datatype: int64
#   description: Unique source identifier
#   meta:
#     ucd: meta.id;meta.main
# - 
#   name: global_ranking
#   datatype: float32
#   description: Number between 0 (worst) and 1 (best)
#   meta:
#     ucd: stat.param
# - 
#   name: reference_time
#   datatype: float64
#   unit: d
#   description: Reference time used for the geometric model fit
#   meta:
#     ucd: time.epoch
# - 
#   name: frequency
#   datatype: float64
#   unit: d**-1
#   description: Frequency of geometric model of the eclipsing binary light curve
#   meta:
#     ucd: src.orbital
# - 
#   name: frequency_error
#   datatype: float32
#   unit: d**-1
#   description: "Uncertainty of \\texttt{frequency}"
#   meta:
#     ucd: stat.error
# - 
#   name: geom_model_reference_level
#   datatype: float32
#   unit: mag
#   description: Magnitude reference level of geometric model
#   meta:
#     ucd: phot.mag;em.opt
# - 
#   name: geom_model_reference_level_error
#   datatype: float32
#   unit: mag
#   description: "Uncertainty of \\texttt{geomModelReferenceLevel}"
#   meta:
#     ucd: stat.error;phot.mag;em.opt
# - 
#   name: geom_model_gaussian1_phase
#   datatype: float32
#   description: Phase of the Gaussian 1 component
#   meta:
#     ucd: time.phase
# - 
#   name: geom_model_gaussian1_phase_error
#   datatype: float32
#   description: "Uncertainty of \\texttt{geomModelGaussian1Phase}"
#   meta:
#     ucd: stat.error;time.phase
# - 
#   name: geom_model_gaussian1_sigma
#   datatype: float32
#   description: "Standard deviation [phase] of Gaussian 1 component"
#   meta:
#     ucd: stat.stdev
# - 
#   name: geom_model_gaussian1_sigma_error
#   datatype: float32
#   description: "Uncertainty of \\texttt{geomModelGaussian1Sigma}"
#   meta:
#     ucd: stat.error
# - 
#   name: geom_model_gaussian1_depth
#   datatype: float32
#   unit: mag
#   description: Magnitude depth of Gaussian 1 component
#   meta:
#     ucd: src.var.amplitude
# - 
#   name: geom_model_gaussian1_depth_error
#   datatype: float32
#   unit: mag
#   description: "Uncertainty of \\texttt{geomModelGaussian1Depth}"
#   meta:
#     ucd: stat.error;src.var.amplitude
# - 
#   name: geom_model_gaussian2_phase
#   datatype: float32
#   description: Phase of Gaussian 2 component
#   meta:
#     ucd: time.phase
# - 
#   name: geom_model_gaussian2_phase_error
#   datatype: float32
#   description: "Uncertainty of \\texttt{geomModelGaussian2Phase}"
#   meta:
#     ucd: stat.error;time.phase
# - 
#   name: geom_model_gaussian2_sigma
#   datatype: float32
[...]
#   datatype: float32
#   description: "Secondary eclipse: uncertainty of \\texttt{derivedSecondaryEclDuration}"
#   meta:
#     ucd: stat.error;time.duration
# - 
#   name: derived_secondary_ecl_depth
#   datatype: float32
#   unit: mag
#   description: "Secondary eclipse: depth"
#   meta:
#     ucd: src.var.amplitude
# - 
#   name: derived_secondary_ecl_depth_error
#   datatype: float32
#   unit: mag
#   description: "Secondary eclipse: uncertainty of \\texttt{derivedSecondaryEclDepth}"
#   meta:
#     ucd: stat.error;src.var.amplitude
solution_id,source_id,global_ranking,reference_time,frequency,frequency_error,geom_model_reference_level,geom_model_reference_level_error,geom_model_gaussian1_phase,geom_model_gaussian1_phase_error,geom_model_gaussian1_sigma,geom_model_gaussian1_sigma_error,geom_model_gaussian1_depth,geom_model_gaussian1_depth_error,geom_model_gaussian2_phase,geom_model_gaussian2_phase_error,geom_model_gaussian2_sigma,geom_model_gaussian2_sigma_error,geom_model_gaussian2_depth,geom_model_gaussian2_depth_error,geom_model_cosine_half_period_amplitude,geom_model_cosine_half_period_amplitude_error,geom_model_cosine_half_period_phase,geom_model_cosine_half_period_phase_error,model_type,num_model_parameters,reduced_chi2,derived_primary_ecl_phase,derived_primary_ecl_phase_error,derived_primary_ecl_duration,derived_primary_ecl_duration_error,derived_primary_ecl_depth,derived_primary_ecl_depth_error,derived_secondary_ecl_phase,derived_secondary_ecl_phase_error,derived_secondary_ecl_duration,derived_secondary_ecl_duration_error,derived_secondary_ecl_depth,derived_secondary_ecl_depth_error
[from data line 111]
375316653866487564,5983868837634329088,0.62683976,2189.8807630188066,0.16109062185522308,1.1500383E-6,17.471203,0.0020997685,0.08247544,1.6093456E-4,0.01103574,1.373472E-4,0.5861505,0.011784685,null,null,null,null,null,null,null,null,null,null,"ONEGAUSSIAN",5,3.5242128,0.08247544,1.6093456E-4,0.06180015,7.691444E-4,0.5861505,0.0,null,null,null,null,null,null
375316653866487564,5983871410300743680,0.51580495,2056.4071272831957,1.9479087080761777,1.3545228E-5,19.58141,0.038557876,0.22167346,0.01405402,0.088056915,0.014774329,0.4246416,0.05227382,0.71243495,0.0051793265,0.085213795,0.014849473,0.39433756,0.028630033,null,null,null,null,"TWOGAUSSIANS",8,2.391621,0.22167346,0.01405402,0.4,0.0,0.41373846,0.047829695,0.71243495,0.0051793265,0.4,0.0,0.3834345,0.024093807
375316653866487564,5983872819040478848,0.5495852,2140.1478070011244,3.1227925899156075,9.4419365E-6,18.902136,0.01363662,0.19374256,0.004016415,0.0764629,0.0069432165,0.3499114,0.013811451,0.69355947,0.0031914115,0.0769499,0.004798325,0.45773384,0.02563806,null,null,null,null,"TWOGAUSSIANS",8,2.8072484,0.69355947,0.0031914115,0.4,0.0,0.45379987,0.02576563,0.19374256,0.004016415,0.4,0.0,0.34597743,0.013323386
375316653866487564,5983875572135053184,0.5250008,2075.360658932187,3.546028817579278,2.0826958E-5,19.22008,0.03353476,0.3201461,0.0065371105,0.11203995,0.022224946,0.20349386,0.030200182,0.81400317,0.0043393346,0.09052562,0.013599637,0.24778005,0.030314608,null,null,null,null,"TWOGAUSSIANS",8,0.93012756,0.81400317,0.0043393346,0.4,0.0,0.22839457,0.01303191,0.3201461,0.0065371105,0.4,0.0,0.18408868,0.021233782
375316653866487564,5983878114762547712,0.5788861,2099.789877465527,2.8495862113159562,5.9419235E-6,15.435684,0.005197233,0.19282918,0.0016121818,0.0404397,0.002307056,0.3383335,0.012585943,0.6949076,0.0010182603,0.043393634,0.0018018541,0.35620967,0.013836037,0.11106157,0.007307058,0.6949076,0.0010182603,"TWOGAUSSIANS_WITH_ELLIPSOIDAL_ON_ECLIPSE2",9,52.24132,0.6949076,0.0010182603,0.24300435,0.010090384,0.5783328,0.010581967,0.19298917,0.0014823937,0.2264623,0.0129195135,0.5604217,0.012382171
375316653866487564,5983878320916908928,0.6211305,2107.5541845356643,1.8364029667719761,3.71776E-6,15.093762,0.028653326,0.23501317,9.5215236E-4,0.14691967,0.015931387,0.12907656,0.02829228,0.7341995,9.4042567E-4,0.13197394,0.011190044,0.1455828,0.027028583,null,null,null,null,"TWOGAUSSIANS",8,2.2673314,0.7341995,9.4042567E-4,0.4,0.0,0.092106186,0.0010233248,0.23503317,9.746639E-4,0.4,0.0,0.07503368,9.033177E-4
375316653866487564,5983881447653170944,0.5798808,2102.0823471805234,0.5049335553586035,6.636713E-6,15.423681,7.5044984E-4,0.8085479,9.196871E-4,0.02068909,0.0017246709,0.29434633,0.07619483,null,null,null,null,null,null,null,null,null,null,"ONEGAUSSIAN",5,7.3637023,0.8085479,9.196871E-4,0.115858905,0.009658157,0.29434633,0.0,null,null,null,null,null,null
375316653866487564,5983883543596816512,0.50981355,2108.348041612068,0.6134636498039402,5.3527998E-5,15.560393,0.0037994983,0.24237153,0.008573291,0.01449959,0.009672432,0.53695357,0.54188305,0.7503529,0.010055195,0.02274944,0.0050727627,0.3674591,0.05993842,null,null,null,null,"TWOGAUSSIANS",8,61.503605,0.24237153,0.008573291,0.0811977,0.05416562,0.53695357,0.54188305,0.7503529,0.010055195,0.12739687,0.028407471,0.3674591,0.05993842
375316653866487564,5983885772664269952,0.44376904,2081.6622302723044,0.8814352319361107,8.344949E-6,19.424463,0.007745703,0.71221846,0.0059154774,0.014493089,0.006665054,0.21213105,0.06937873,0.9169323,0.010621251,0.015449599,0.0064987824,0.35325018,0.35985208,null,null,null,null,"TWOGAUSSIANS",8,3.1398034,0.9169323,0.010621251,0.08651776,0.03639318,0.35325018,0.35985208,0.71221846,0.0059154774,0.0811613,0.037324302,0.21213105,0.06937873
375316653866487564,5983892644612052608,0.5454881,2088.462500939658,1.6548277015868684,7.1765685E-6,18.48074,0.0044354647,0.39768237,0.0013078229,0.022193983,8.9046446E-4,0.5416471,0.019727351,0.7025076,0.115961075,0.06224245,0.09303,0.018922875,0.02707092,null,null,null,null,"TWOGAUSSIANS",8,3.8342404,0.39768237,0.0013078229,0.1242863,0.004986601,0.5416472,0.019742034,0.7025076,0.115961075,0.3485577,0.34394053,0.018922875,0.027070995
375316653866487564,5983892889445723904,0.5395212,2096.026344722533,2.869116562704934,1.3168031E-5,16.572601,0.056400158,0.260596,0.00519579,0.10422792,0.024163797,0.2870636,0.04563365,0.73694736,0.0055319895,0.103488594,0.022304071,0.32294014,0.04752449,null,null,null,null,"TWOGAUSSIANS",8,28.551271,0.73694736,0.0055319895,0.4,0.0,0.29758134,0.014688985,0.26060602,0.0052313637,0.4,0.0,0.2617045,0.014612625
375316653866487564,5983894435634114688,0.5876873,2115.1328618634816,2.571510427650042,5.574172E-6,15.535244,0.02111486,0.18724203,0.006135534,0.070104726,0.008161731,0.21763888,0.041639578,0.679094,0.001419129,0.059318822,0.0065874243,0.26354086,0.042077415,0.10378892,0.02380976,0.679094,0.001419129,"TWOGAUSSIANS_WITH_ELLIPSOIDAL_ON_ECLIPSE2",9,79.274475,0.679094,0.001419129,0.33218542,0.036889575,0.47083616,0.011859469,0.18504204,0.0040045353,0.39258647,0.043307625,0.42453727,0.017428134
375316653866487564,5983895054109414784,0.5083216,2123.185457507239,0.3674011102355955,4.1714324E-5,18.646177,0.0034198177,0.5747358,0.0058260486,0.009395669,0.0016271928,0.19255775,0.13824081,0.80799663,0.0020217702,0.0255769,0.0019281697,0.437446,0.040953994,null,null,null,null,"TWOGAUSSIANS",8,4.156658,0.80799663,0.0020217702,0.14323065,0.010797751,0.437446,0.040953994,0.5747358,0.0058260486,0.05261575,0.00911228,0.19255775,0.13824081
375316653866487564,5983895427753146496,0.4904796,2114.463132763839,0.19038209767814773,6.8461773E-6,18.256498,0.0044543473,0.35209608,0.009035401,0.05056273,0.011674071,0.054833885,0.0069428934,0.86075085,0.0016910682,0.018177133,0.002331468,0.32024103,0.06414933,null,null,null,null,"TWOGAUSSIANS",8,6.558223,0.86075085,0.0016910682,0.10179195,0.0130562205,0.32024103,0.06414933,0.35209608,0.009035401,0.28315127,0.0653748,0.054833885,0.0069428934
375316653866487564,5983895981822363264,0.5386139,2117.6348366296797,2.7657301580210003,9.792723E-6,15.77704,0.17871846,0.17441383,0.0017291179,0.15480487,0.00843233,0.5758367,0.10582276,0.6742678,0.002134974,0.2184708,0.022937477,0.65164363,0.17543389,null,null,null,null,"TWOGAUSSIANS",8,13.551696,0.17449382,0.0017508687,0.4,0.0,0.17488062,0.005821804,0.6742678,0.0021661595,0.4,0.0,0.16199136,0.004117823
375316653866487564,5983899276040414464,0.4619627,2083.231662788539,3.1346673964063845,3.3080258E-5,17.354858,0.31461132,0.27617267,0.0068892366,0.18964179,0.045305863,1.2559888,0.28913942,0.76878923,0.00694194,0.20144832,0.051600784,1.349701,0.34185123,null,null,null,null,"TWOGAUSSIANS",8,16.995224,0.76878923,0.00694194,0.4,0.0,0.3025668,0.018669823,0.28226268,0.005818024,0.4,0.0,0.2555919,0.02215602
375316653866487564,5983901582459585152,0.63113797,2117.055817942027,1.6748224742230136,4.989762E-6,16.308056,0.005798575,0.20222712,0.0010554485,0.04113294,0.0028110463,0.16726938,0.012663229,0.7023829,0.0013373047,0.041139748,0.0023933684,0.8240697,0.047478735,0.045102347,0.007980431,0.20222712,0.0010554485,"TWOGAUSSIANS_WITH_ELLIPSOIDAL_ON_ECLIPSE1",9,21.313972,0.7023829,0.0013270822,0.23038259,0.0134028625,0.9142741,0.05674759,0.20222712,0.0010554485,0.23034447,0.015741859,0.2574739,0.007123124
375316653866487564,5983905121489740416,0.4982206,2118.863113885049,0.47742674477214403,5.82524E-6,17.499287,0.025123205,0.5902634,0.070259675,0.16027711,0.18684497,0.02365743,0.02174187,0.877121,8.036023E-4,0.012468001,0.0010852402,0.3360527,0.013441499,null,null,null,null,"TWOGAUSSIANS",8,15.65634,0.877121,8.036023E-4,0.06982081,0.006077345,0.34045795,0.013961156,0.5902634,0.070259675,0.4,0.0,0.023292888,0.00838142
375316653866487564,5983910309833224064,0.5517446,2101.693409533734,3.3446747792706555,6.184411E-6,14.991517,0.011787807,0.23862223,0.0017687866,0.09883814,0.0064399764,0.1808518,0.010709029,0.7465508,0.0021662787,0.10301366,0.007542944,0.18660504,0.009545977,null,null,null,null,"TWOGAUSSIANS",8,40.631584,0.7465508,0.0021662787,0.4,0.0,0.17110984,0.005323985,0.23862223,0.00176943,0.4,0.0,0.16535859,0.00461589
375316653866487564,5983911611191881984,0.4929339,2076.2404505835916,2.1094069510889146,2.0094792E-5,19.875175,0.032382414,0.21653889,0.009736134,0.093060285,0.021226184,0.21673863,0.02768469,0.70243376,0.0052080546,0.0981621,0.012883445,0.3166268,0.028252691,null,null,null,null,"TWOGAUSSIANS",8,1.4856247,0.70243376,0.0052080546,0.4,0.0,0.30247506,0.015891448,0.21653889,0.0097437315,0.4,0.0,0.20258845,0.015103148
375316653866487564,5983912577576306048,0.55765915,2103.809490324198,2.8645700143806265,1.071432E-5,16.877062,0.0033394804,0.22705595,0.0024349855,0.06298569,0.008246636,0.050215255,0.009882331,0.65877193,0.00386924,0.02575545,0.0034941938,0.035427727,0.008183638,0.0947208,0.0042001894,0.22705595,0.0024349855,"TWOGAUSSIANS_WITH_ELLIPSOIDAL_ON_ECLIPSE1",9,10.379679,0.22705595,0.0024349855,0.35271987,0.046181165,0.23963787,0.007148572,0.67536193,0.007069011,0.14423051,0.019567484,0.19892037,0.0052000415
375316653866487564,5983913947649850240,0.52293944,2059.5585610929356,0.4283756988122909,2.0374247E-5,19.175556,0.004976213,0.29060182,0.014254213,0.043328438,0.010028436,0.4075051,0.03621622,0.77656543,0.0120972395,0.030474575,0.010264561,0.33898896,0.33427146,null,null,null,null,"TWOGAUSSIANS",8,2.0855513,0.29060182,0.014254213,0.24263924,0.05615924,0.4075051,0.03621622,0.77656543,0.0120972395,0.17065762,0.05748154,0.33898896,0.33427146
375316653866487564,5983918659250091520,0.6400792,2113.289557391556,3.588325021841246,2.9212924E-6,17.111862,0.009496774,0.31123483,8.2175905E-4,0.048834786,0.003261827,0.29745665,0.02668096,0.81241924,0.0011367647,0.05464964,0.0024070323,0.43540594,0.028232157,0.09907503,0.018657759,0.31123483,8.2175905E-4,"TWOGAUSSIANS_WITH_ELLIPSOIDAL_ON_ECLIPSE1",9,10.184274,0.81241924,0.0011367647,0.306038,0.013479381,0.63353205,0.017168788,0.31123483,8.2175905E-4,0.27347478,0.01826623,0.49559373,0.012276232
375316653866487564,5983919204693759104,0.5025372,2080.6126895583066,2.113677589178742,1.3576846E-5,19.737976,0.07436168,0.2632746,0.0065854015,0.114951946,0.02248717,0.38073006,0.06622184,0.7707535,0.004528332,0.10608117,0.019785399,0.38542807,0.067738034,null,null,null,null,"TWOGAUSSIANS",8,1.9557714,0.77077353,0.0045298855,0.4,0.0,0.3306509,0.019164816,0.26326463,0.0065947217,0.4,0.0,0.32590345,0.02805267
375316653866487564,5983921682907037056,0.4915238,2119.684535939279,3.4752621950868328,2.1090456E-5,17.740585,0.033863265,0.14173126,0.0060110926,0.11710283,0.018944426,0.21893616,0.029388174,0.6354327,0.0039010583,0.10574787,0.01678048,0.15736386,0.03244549,null,null,null,null,"TWOGAUSSIANS",8,8.020853,0.14173126,0.006025216,0.4,0.0,0.19067746,0.012174616,0.6354327,0.0039010583,0.4,0.0,0.12914994,0.008389328
375316653866487564,5983921953472865024,0.43402788,2098.8919840622416,3.951163300003225,7.96909E-6,18.830187,0.004304552,0.07536627,0.004176682,0.01836622,0.0020624239,0.1836412,0.020170433,0.5733454,0.023817174,0.014430359,0.006967026,0.63596153,0.8186999,null,null,null,null,"TWOGAUSSIANS",8,4.2814083,0.5733454,0.023817174,0.08081001,0.039015345,0.63596153,0.8186999,0.07536627,0.004176682,0.10285083,0.011549574,0.1836412,0.020170433
375316653866487564,5983922163943376768,0.63327783,2121.018363399993,2.191864743646969,2.8645418E-6,17.41939,0.005748288,0.22757462,0.0022765275,0.039526697,0.0026733878,0.31860504,0.018413791,0.72858673,6.0910237E-4,0.03765052,8.8378356E-4,0.90534526,0.018041095,0.059318975,0.007741872,0.22757462,0.0022765275,"TWOGAUSSIANS_WITH_ELLIPSOIDAL_ON_ECLIPSE1",9,10.8744135,0.72858673,6.061798E-4,0.2108429,0.004949188,1.0239784,0.018516656,0.22757462,0.0022765275,0.22134951,0.014970971,0.43724293,0.012326479
375316653866487564,5983923297814753664,0.5622855,2095.219751856182,0.44166632890790275,7.4326554E-6,19.108025,0.008969457,0.35514274,0.0014662544,0.027566107,0.0013578169,0.8283029,0.021965098,0.8582179,0.0052481093,0.023407094,0.0047508623,0.102643125,0.01426268,null,null,null,null,"TWOGAUSSIANS",8,3.952316,0.35514274,0.0014662544,0.1543702,0.0076037743,0.8283029,0.021965098,0.8582179,0.0052481093,0.13107972,0.026604827,0.102643125,0.01426268
375316653866487564,5983928073818551680,0.55211985,2135.873020097681,3.0984833241969647,1.2876142E-5,16.853777,0.010012414,0.21602394,0.002216309,0.095555626,0.005233013,0.19369881,0.009624978,0.7157201,0.0034446358,0.09925489,0.007533923,0.20917238,0.008941532,null,null,null,null,"TWOGAUSSIANS",8,9.140939,0.7157201,0.0034446358,0.4,0.0,0.19428194,0.006709975,0.21602394,0.002216309,0.4,0.0,0.17880921,0.004883302
375316653866487564,5983929993647867264,0.4395365,2087.206386205916,2.200376720448432,1.2339354E-5,19.118187,0.009900875,0.3253549,0.0019727964,0.01315188,0.001816524,0.59114003,0.19387089,0.8027012,0.048428252,0.026941221,0.049410466,0.06880229,0.2397668,null,null,null,null,"TWOGAUSSIANS",8,2.6411505,0.3253549,0.0019727964,0.07365053,0.010172534,0.59114003,0.19387089,0.8027012,0.048428252,0.15087083,0.27669862,0.06880229,0.2397668
375316653866487564,5983933017305004544,0.56627,2064.4205211774392,0.2220610550333172,1.7858234E-5,19.58402,0.007359613,0.15129757,0.0031444503,0.02760024,0.0024395902,0.62958145,0.01957914,0.6514156,0.005336056,0.02634645,0.006332231,0.15135796,0.061921883,0.036974497,0.0105529055,0.15129757,0.0031444503,"TWOGAUSSIANS_WITH_ELLIPSOIDAL_ON_ECLIPSE1",9,2.2011573,0.15129757,0.0031444503,0.15456136,0.013661706,0.70353043,0.014087951,0.6514156,0.005268106,0.14754012,0.035460494,0.22530688,0.06363743
375316653866487564,5983935255004013184,0.45092112,2082.038421730566,0.5984648576126588,1.24145E-5,18.546478,0.0066800904,0.29449952,0.0143251065,0.022540282,0.03341215,0.031907942,0.13580431,0.790199,0.0019557003,0.016221562,0.004902105,0.30792305,0.04499057,null,null,null,null,"TWOGAUSSIANS",8,12.767873,0.790199,0.0019557003,0.09084075,0.027451787,0.30792305,0.04499057,0.29449952,0.0143251065,0.12622558,0.18710805,0.031907942,0.13580431
375316653866487564,5983935319408036096,0.46904156,2085.446703677243,0.7196890825026233,2.1852826E-5,18.422514,0.002999449,0.31498408,0.008784077,0.033475768,0.011367268,0.120161146,0.022373915,0.7929673,0.024802485,0.008750732,0.038722385,0.018039737,4.53984992E8,0.02045486,0.005307778,0.7929673,0.024802485,"TWOGAUSSIANS_WITH_ELLIPSOIDAL_ON_ECLIPSE2",9,2.4310122,0.31434408,0.0090883495,0.18746431,0.0636567,0.1603153,0.02456385,0.7929673,0.024802485,0.0490041,0.21684535,0.058949444,4.53984992E8
375316653866487564,5983936560674071808,0.5927395,2099.7361578184987,3.3307666106206257,7.0939172E-6,17.822283,0.005790408,0.25960448,0.0011552131,0.049231637,0.0027275465,0.25422898,0.016303662,0.7617489,0.0027130202,0.04466394,0.0038630583,0.17156729,0.015459932,0.106968544,0.010330122,0.25960448,0.0011552131,"TWOGAUSSIANS_WITH_ELLIPSOIDAL_ON_ECLIPSE1",9,4.3249145,0.25960448,0.0011552131,0.27569717,0.01527426,0.46816534,0.007850969,0.7617489,0.0027130202,0.25011805,0.021633126,0.3854648,0.008692736
375316653866487564,5983938690957293440,0.528285,2107.541620675254,0.5502829067329015,6.946745E-5,18.018492,0.0040445137,0.26751384,0.0014913055,0.015876332,0.0012563432,0.5087095,0.03692139,0.78726304,0.018994337,0.016631147,0.012270322,0.080740646,0.03586144,null,null,null,null,"TWOGAUSSIANS",8,10.954433,0.26751384,0.0014913055,0.08890746,0.007035522,0.5087095,0.03692139,0.78726304,0.018994337,0.093134426,0.0687138,0.080740646,0.03586144
