Gaia/vari_eclipsing_binary/VariEclipsingBinary_681353-681402.csv
# %ECSV 1.0
# ---
# delimiter: ','
# meta: !!omap
# - RELEASE: Gaia DR3
# - TABLE: vari_eclipsing_binary
# - DESCRIPTION: >
#     This table describes the properties of the eclipsing binaries resulting from the variability analysis. 
# - CITATION: >
#     How to cite and acknowledge Gaia: 
#     https://gea.esac.esa.int/archive/documentation/credits.html 
# - KNOWN_ISSUES: >
#     Known issues: 
#     https://www.cosmos.esa.int/web/gaia-users/known-issues 
# - DOCUMENTATION: >
#     Tutorials and documentation: 
#     https://www.cosmos.esa.int/web/gaia-users/archive 
# datatype:
# - 
#   name: solution_id
#   datatype: int64
#   description: Solution Identifier
#   meta:
#     ucd: meta.version
# - 
#   name: source_id
#   datatype: int64
#   description: Unique source identifier
#   meta:
#     ucd: meta.id;meta.main
# - 
#   name: global_ranking
#   datatype: float32
#   description: Number between 0 (worst) and 1 (best)
#   meta:
#     ucd: stat.param
# - 
#   name: reference_time
#   datatype: float64
#   unit: d
#   description: Reference time used for the geometric model fit
#   meta:
#     ucd: time.epoch
# - 
#   name: frequency
#   datatype: float64
#   unit: d**-1
#   description: Frequency of geometric model of the eclipsing binary light curve
#   meta:
#     ucd: src.orbital
# - 
#   name: frequency_error
#   datatype: float32
#   unit: d**-1
#   description: "Uncertainty of \\texttt{frequency}"
#   meta:
#     ucd: stat.error
# - 
#   name: geom_model_reference_level
#   datatype: float32
#   unit: mag
#   description: Magnitude reference level of geometric model
#   meta:
#     ucd: phot.mag;em.opt
# - 
#   name: geom_model_reference_level_error
#   datatype: float32
#   unit: mag
#   description: "Uncertainty of \\texttt{geomModelReferenceLevel}"
#   meta:
#     ucd: stat.error;phot.mag;em.opt
# - 
#   name: geom_model_gaussian1_phase
#   datatype: float32
#   description: Phase of the Gaussian 1 component
#   meta:
#     ucd: time.phase
# - 
#   name: geom_model_gaussian1_phase_error
#   datatype: float32
#   description: "Uncertainty of \\texttt{geomModelGaussian1Phase}"
#   meta:
#     ucd: stat.error;time.phase
# - 
#   name: geom_model_gaussian1_sigma
#   datatype: float32
#   description: "Standard deviation [phase] of Gaussian 1 component"
#   meta:
#     ucd: stat.stdev
# - 
#   name: geom_model_gaussian1_sigma_error
#   datatype: float32
#   description: "Uncertainty of \\texttt{geomModelGaussian1Sigma}"
#   meta:
#     ucd: stat.error
# - 
#   name: geom_model_gaussian1_depth
#   datatype: float32
#   unit: mag
#   description: Magnitude depth of Gaussian 1 component
#   meta:
#     ucd: src.var.amplitude
# - 
#   name: geom_model_gaussian1_depth_error
#   datatype: float32
#   unit: mag
#   description: "Uncertainty of \\texttt{geomModelGaussian1Depth}"
#   meta:
#     ucd: stat.error;src.var.amplitude
# - 
#   name: geom_model_gaussian2_phase
#   datatype: float32
#   description: Phase of Gaussian 2 component
#   meta:
#     ucd: time.phase
# - 
#   name: geom_model_gaussian2_phase_error
#   datatype: float32
#   description: "Uncertainty of \\texttt{geomModelGaussian2Phase}"
#   meta:
#     ucd: stat.error;time.phase
# - 
#   name: geom_model_gaussian2_sigma
#   datatype: float32
[...]
#   datatype: float32
#   description: "Secondary eclipse: uncertainty of \\texttt{derivedSecondaryEclDuration}"
#   meta:
#     ucd: stat.error;time.duration
# - 
#   name: derived_secondary_ecl_depth
#   datatype: float32
#   unit: mag
#   description: "Secondary eclipse: depth"
#   meta:
#     ucd: src.var.amplitude
# - 
#   name: derived_secondary_ecl_depth_error
#   datatype: float32
#   unit: mag
#   description: "Secondary eclipse: uncertainty of \\texttt{derivedSecondaryEclDepth}"
#   meta:
#     ucd: stat.error;src.var.amplitude
solution_id,source_id,global_ranking,reference_time,frequency,frequency_error,geom_model_reference_level,geom_model_reference_level_error,geom_model_gaussian1_phase,geom_model_gaussian1_phase_error,geom_model_gaussian1_sigma,geom_model_gaussian1_sigma_error,geom_model_gaussian1_depth,geom_model_gaussian1_depth_error,geom_model_gaussian2_phase,geom_model_gaussian2_phase_error,geom_model_gaussian2_sigma,geom_model_gaussian2_sigma_error,geom_model_gaussian2_depth,geom_model_gaussian2_depth_error,geom_model_cosine_half_period_amplitude,geom_model_cosine_half_period_amplitude_error,geom_model_cosine_half_period_phase,geom_model_cosine_half_period_phase_error,model_type,num_model_parameters,reduced_chi2,derived_primary_ecl_phase,derived_primary_ecl_phase_error,derived_primary_ecl_duration,derived_primary_ecl_duration_error,derived_primary_ecl_depth,derived_primary_ecl_depth_error,derived_secondary_ecl_phase,derived_secondary_ecl_phase_error,derived_secondary_ecl_duration,derived_secondary_ecl_duration_error,derived_secondary_ecl_depth,derived_secondary_ecl_depth_error
[from data line 334]
375316653866487564,5993536495459456384,0.57560605,2077.9870360433792,0.419327507801346,1.8858931E-5,18.01177,0.006339193,0.24226823,0.004288387,0.031251792,0.0057725376,0.0894882,0.014083198,0.73695976,0.002064003,0.029922312,0.0017160856,0.8774744,0.03497751,0.017754674,0.008550116,0.24226823,0.004288387,"TWOGAUSSIANS_WITH_ELLIPSOIDAL_ON_ECLIPSE1",9,9.374324,0.7369797,0.0020551723,0.16756494,0.009610079,0.9129443,0.03438839,0.24226823,0.004288387,0.17501004,0.03232621,0.12499748,0.008735127
375316653866487564,5993536912097721984,0.5883078,2052.020438892137,1.4946311697202168,1.0994721E-5,17.76421,0.007525191,0.2347375,0.0016848845,0.08281408,0.0054420815,0.24632172,0.007769544,0.732759,0.002158656,0.08888153,0.0035576203,0.38399935,0.008645946,null,null,null,null,"TWOGAUSSIANS",8,4.8842545,0.732759,0.002158656,0.4,0.0,0.37539008,0.0076543833,0.2347375,0.0016848845,0.4,0.0,0.23771256,0.00867842
375316653866487564,5993543298691406976,0.44107863,2081.6778189480037,3.951194083828802,8.638108E-5,18.727978,0.010135501,0.36523104,0.053566054,0.07048083,0.038265336,0.05891845,0.017664792,0.7468209,0.010725921,0.01902807,0.021618707,0.2553029,1.33147006E15,0.0630548,0.011902161,0.7468209,0.010725921,"TWOGAUSSIANS_WITH_ELLIPSOIDAL_ON_ECLIPSE2",9,11.239462,0.7468209,0.010725921,0.10655719,0.12106476,0.3814123,1.33147006E15,0.30146104,0.02097587,0.39469266,0.18754919,0.15094832,0.016677286
375316653866487564,5993543509167639296,0.5428709,2081.2970865627303,0.49836001737517927,1.4800254E-5,16.795485,0.002149254,0.267357,0.0024784475,0.02482514,0.002538007,0.21683596,0.024554294,0.7696058,0.005734662,0.019867977,0.0047359,0.047608424,0.007373855,0.028159387,0.0031030425,0.267357,0.0024784475,"TWOGAUSSIANS_WITH_ELLIPSOIDAL_ON_ECLIPSE1",9,9.714881,0.267357,0.0024784475,0.13902079,0.014212839,0.27315468,0.023156123,0.7696058,0.005734662,0.11126067,0.02652104,0.1039159,0.005511823
375316653866487564,5993543779724367744,0.54614043,2065.7069020662484,0.7688006731354161,3.505912E-5,19.036406,0.00429994,0.2485512,0.002618756,0.034565456,0.0021729437,0.6609822,0.025549214,0.74728113,0.007148084,0.03690762,0.006155199,0.11399685,0.014091714,null,null,null,null,"TWOGAUSSIANS",8,2.8069718,0.2485512,0.002618756,0.19356655,0.012168485,0.6609822,0.025549214,0.74728113,0.007148084,0.20668268,0.034469113,0.11399685,0.014091714
375316653866487564,5993545600794374144,0.54499733,2086.006147427416,3.3344786059041516,1.5910155E-5,19.739916,0.014319718,0.2851656,0.002132345,0.0664229,0.005159619,0.83040917,0.07389569,0.7825472,0.0043076095,0.06589461,0.0063337977,0.586685,0.034857534,null,null,null,null,"TWOGAUSSIANS",8,2.9342659,0.2851656,0.002132345,0.37196827,0.028893866,0.82938224,0.07448451,0.7825472,0.0043076095,0.3690098,0.035469268,0.5856581,0.03517875
375316653866487564,5993545910028480640,0.53197354,2078.6537002782507,3.9896582817638255,2.2603721E-5,19.060196,0.0075559085,0.3739997,0.15181029,0.06786944,0.19866912,0.061614636,1.87994074E9,0.7780256,0.0075981743,0.029552747,0.0038233723,0.13889831,0.07030713,0.1011507,0.009898956,0.7780256,0.0075981743,"TWOGAUSSIANS_WITH_ELLIPSOIDAL_ON_ECLIPSE2",9,1.798705,0.7780256,0.0075981743,0.16549538,0.021410884,0.34119958,0.06322786,0.3132497,0.11181429,0.38006887,0.35433736,0.23382944,1.87994074E9
375316653866487564,5993546940820962176,0.48513004,2065.1121788012924,3.6615221638750826,2.6566995E-5,18.829233,0.013641509,0.26281434,0.0061922264,0.08463113,0.012074307,0.18943982,0.012168688,0.75934273,0.007935778,0.0804675,0.0113456575,0.1787524,0.0129118245,null,null,null,null,"TWOGAUSSIANS",8,4.486973,0.26281434,0.0061922264,0.4,0.0,0.18591827,0.010520871,0.75934273,0.007935778,0.4,0.0,0.17523086,0.010331994
375316653866487564,5993547116940239744,0.47249582,2076.0990210933355,0.16048376170201634,3.500471E-5,18.243746,0.0022036214,0.24099654,0.0047269384,0.023758315,0.0051734797,0.05036259,0.0065296236,0.7448362,0.016147235,0.022201315,0.013263912,0.08742155,0.05655885,0.018634507,0.003001878,0.24099654,0.0047269384,"TWOGAUSSIANS_WITH_ELLIPSOIDAL_ON_ECLIPSE1",9,2.6146388,0.7448362,0.016126484,0.12432736,0.07427791,0.124668874,0.058878414,0.24099654,0.0047269384,0.13304655,0.028971486,0.087631606,0.00544234
375316653866487564,5993552232219831552,0.52010244,2091.835830728442,2.5068372011919053,3.5117155E-5,18.939253,0.0058755088,0.23672923,0.0037415377,0.053028695,0.004799029,0.31047386,0.03330719,null,null,null,null,null,null,0.06358869,0.0072727916,0.23672923,0.0037415377,"ONEGAUSSIAN_WITH_ELLIPSOIDAL",6,4.9924574,0.23672923,0.0037415377,0.2969607,0.02687456,0.4376462,0.034039985,null,null,null,null,null,null
375316653866487564,5993552232219838336,0.47168761,2095.900609479312,0.8803574098750685,7.236469E-5,18.514997,0.0037591658,0.3049685,0.014342502,0.046275266,0.019090109,0.33924907,0.8713078,0.805885,0.0038240163,0.03844792,0.0046382076,0.07944428,0.0075848796,null,null,null,null,"TWOGAUSSIANS",8,3.1525726,0.3049685,0.014342502,0.2591415,0.1069046,0.33924907,0.87130785,0.805885,0.0038240163,0.21530835,0.025973963,0.07944427,0.007584886
375316653866487564,5993553847127990912,0.52022207,2070.5382941934354,2.5744102219592238,2.3686822E-5,18.953146,0.015350143,0.2635943,0.0052737044,0.09496357,0.008182661,0.33120364,0.01760268,0.7507725,0.003962945,0.083751455,0.009113571,0.35999364,0.032973733,null,null,null,null,"TWOGAUSSIANS",8,3.2539365,0.7507725,0.003962945,0.4,0.0,0.3488019,0.035965648,0.2635943,0.0052737044,0.4,0.0,0.32001117,0.015541794
375316653866487564,5993555530755276032,0.49586624,2082.714848079926,1.588211542709346,3.6040943E-5,19.306986,0.013067995,0.13955836,0.0026833646,0.06321239,0.0066039227,0.32747495,0.029854378,0.6025748,0.03231776,0.11762335,0.039138477,0.08707175,0.012889691,null,null,null,null,"TWOGAUSSIANS",8,1.6859617,0.13956837,0.0026813652,0.35398936,0.036981966,0.32445908,0.03098582,0.6025748,0.03231776,0.4,0.0,0.084015675,0.010038106
375316653866487564,5993555535077919232,0.48177597,2076.735601508485,1.702625981788324,4.0779218E-5,19.103737,0.010678086,0.32514808,0.008857293,0.0826498,0.012021795,0.17334227,0.024695776,0.81521994,0.004682491,0.08607418,0.0059480523,0.29611546,0.014648075,null,null,null,null,"TWOGAUSSIANS",8,2.7127159,0.81521994,0.004682491,0.4,0.0,0.29140124,0.014025414,0.32514808,0.008857293,0.4,0.0,0.16862808,0.025840033
375316653866487564,5993556084832180736,0.43823707,2055.3045364184445,3.1647289986804448,4.064229E-5,16.839096,0.004924004,0.23046727,0.009443935,0.059040155,0.04185363,0.14334649,0.033154987,0.4603135,0.13095953,0.08292616,0.14219922,0.027752208,0.0537193,null,null,null,null,"TWOGAUSSIANS",8,45.827206,0.23095727,0.007915345,0.33062488,0.10371354,0.14394715,0.030574864,0.4603135,0.13095953,0.4,0.4805343,0.027825503,0.055523735
375316653866487564,5993556772027068160,0.6634363,2064.528989278885,2.3648205533305364,3.948222E-6,16.42721,0.006266901,0.25698537,9.418983E-4,0.050419115,0.0037134835,0.27087188,0.016631829,0.7522224,7.8419765E-4,0.05008983,0.0021247244,0.2682721,0.0145723745,0.118018515,0.008919543,0.7522224,7.8419765E-4,"TWOGAUSSIANS_WITH_ELLIPSOIDAL_ON_ECLIPSE2",9,9.491764,0.25627536,7.215419E-4,0.28234702,0.020795507,0.50672674,0.020843089,0.7522224,7.8419765E-4,0.28050303,0.011898457,0.50430685,0.007124561
375316653866487564,5993556973864224896,0.48466623,2080.1735517221955,3.1216752208968033,2.1514528E-5,18.549162,0.021603141,0.20809159,0.0055392366,0.09839706,0.013856175,0.18282798,0.01884272,0.6970725,0.006832594,0.11225796,0.016422223,0.18024834,0.018899944,null,null,null,null,"TWOGAUSSIANS",8,3.1165044,0.20811158,0.005554176,0.4,0.0,0.16375956,0.0085497,0.6970725,0.006832594,0.4,0.0,0.16116157,0.011314545
375316653866487564,5993557253063432704,0.62504506,2070.6690385562906,3.3382651615413637,5.456625E-6,18.038582,0.008630618,0.2251394,0.001200146,0.046264198,0.00296892,0.37259457,0.018828172,0.72253084,9.222602E-4,0.04883134,0.0017599355,0.48158723,0.017568458,0.12513323,0.011243513,0.2251394,0.001200146,"TWOGAUSSIANS_WITH_ELLIPSOIDAL_ON_ECLIPSE1",9,5.257526,0.72276086,8.2246657E-4,0.2734555,0.009855639,0.73179126,0.009691425,0.2251394,0.001200146,0.2590795,0.016625952,0.62285984,0.01657257
375316653866487564,5993558318215349632,0.52014506,2076.8827036741313,1.2077791252238312,2.0458789E-5,16.357845,0.054218378,0.25522745,0.0058886847,0.13432173,0.030142304,0.10291327,0.050196435,0.74744976,0.0029349988,0.14553592,0.033347543,0.10361756,0.05284858,null,null,null,null,"TWOGAUSSIANS",8,3.2382312,0.74744976,0.0029349988,0.4,0.0,0.06404001,0.0020696302,0.25564745,0.0055658137,0.4,0.0,0.06370573,0.004300318
375316653866487564,5993558348254158848,0.5365313,2074.37916220134,2.13329954216036,7.1878985E-6,18.786772,0.0067954822,0.2146501,0.0015577978,0.03222739,0.0016259128,0.7313655,0.040854003,0.71300024,0.0021691802,0.032727428,0.0023556312,0.59253186,0.08281833,null,null,null,null,"TWOGAUSSIANS",8,7.485811,0.2146501,0.0015577978,0.18047339,0.0091051115,0.7313655,0.040854003,0.71300024,0.0021691802,0.1832736,0.013191535,0.59253186,0.08281833
375316653866487564,5993558524373804800,0.6056627,2078.0670824394733,0.9989021404410516,7.953842E-6,15.933563,0.005223041,0.30119258,0.0024878131,0.09082509,0.0034688252,0.17072824,0.0065041757,0.79963875,0.0014494867,0.09914557,0.0037067775,0.15961793,0.0048663816,null,null,null,null,"TWOGAUSSIANS",8,4.55704,0.30119258,0.0024878131,0.4,0.0,0.16064057,0.004683543,0.79963875,0.0014494867,0.4,0.0,0.1495294,0.002770198
375316653866487564,5993559550845485952,0.45708156,2030.9792623723918,1.7952931134617698,6.104178E-5,17.996855,0.14484906,0.30765578,0.019928996,0.16882958,0.07308391,0.13278002,0.14638515,0.7348079,0.02948507,0.068806194,0.062438477,0.054089483,0.083009385,null,null,null,null,"TWOGAUSSIANS",8,8.242542,0.30765578,0.019206999,0.4,0.0,0.12228034,0.017558396,0.7348079,0.02948507,0.38531467,0.10352481,0.049418606,0.0108208675
375316653866487564,5993559619565059968,0.5731628,2068.1106440849494,2.904478822249331,9.705183E-6,17.746222,0.0042293975,0.27694228,0.002793507,0.07467549,0.0028198254,0.2870055,0.007262672,0.7770219,0.002830098,0.07083411,0.003553333,0.28451315,0.009200325,null,null,null,null,"TWOGAUSSIANS",8,4.1738997,0.27694228,0.002793507,0.4,0.0,0.2854487,0.007142794,0.7770219,0.002830098,0.39667103,0.012556507,0.28295636,0.009335194
375316653866487564,5993560482867646720,0.5388234,2083.183973881449,3.5762194200697146,8.2997485E-6,19.756418,0.026092365,0.28777194,0.0055140993,0.06948055,0.0061411452,0.5448431,0.030250955,0.79126865,0.0021631469,0.07915301,0.0060396735,0.53273517,0.021109648,null,null,null,null,"TWOGAUSSIANS",8,2.3918245,0.28777194,0.0055140993,0.3890911,0.027091136,0.541381,0.02839917,0.79126865,0.0021631469,0.4,0.0,0.5292731,0.018342277
375316653866487564,5993562407024358272,0.4629126,2051.4002783630945,3.5843164673070183,2.9059162E-5,19.569824,0.4357488,0.3038042,0.017239096,0.10912704,0.06359972,0.32910243,0.3895198,0.82269204,0.012766484,0.12686464,0.095157295,0.22070448,0.4287887,null,null,null,null,"TWOGAUSSIANS",8,3.0846224,0.30368418,0.015329626,0.4,0.0,0.28256273,0.041513503,0.82274204,0.013163807,0.4,0.0,0.17397073,0.053096246
375316653866487564,5993563399136507392,0.5248857,2079.4983367694767,2.6684401621096137,2.8888404E-5,18.044508,0.026243467,0.2769136,0.005866904,0.106805734,0.014692065,0.24744207,0.024929514,0.7892616,0.004713071,0.10078245,0.012420146,0.2549435,0.023038128,null,null,null,null,"TWOGAUSSIANS",8,6.157026,0.7892716,0.0047208504,0.4,0.0,0.23108697,0.012035485,0.2769136,0.0058674556,0.4,0.0,0.22357841,0.019614544
375316653866487564,5993563712684781056,0.50847566,2081.151632952554,2.8098946642470444,1.7677427E-5,18.546452,0.004708949,0.77338874,0.004579983,0.019983258,0.016551338,0.04065487,0.022810247,null,null,null,null,null,null,0.10518166,0.008051436,0.77338874,0.004579983,"ONEGAUSSIAN_WITH_ELLIPSOIDAL",6,5.8042197,0.77338874,0.004579983,0.111906245,0.092687495,0.25101802,0.027452363,null,null,null,null,null,null
375316653866487564,5993563987563373696,0.5112572,2113.710472248717,3.5621024295368855,5.2580595E-5,19.843225,0.00978756,0.24129932,0.00774602,0.07813709,0.011470382,0.3883257,0.041663863,0.7201086,0.0073146443,0.061968468,0.0058446,0.4859795,0.02069269,null,null,null,null,"TWOGAUSSIANS",8,2.073655,0.7201086,0.0073146443,0.34702343,0.03272976,0.4851388,0.02059896,0.24129932,0.00774602,0.4,0.0,0.387485,0.042270713
375316653866487564,5993565529440244864,0.54169035,2066.4077471723617,2.864579005545087,1.4648587E-5,19.555883,0.020490134,0.19298053,0.0044242456,0.07767261,0.009416352,0.30001253,0.024651766,0.6807401,0.0029271378,0.10039822,0.0043974547,0.49492893,0.026116325,null,null,null,null,"TWOGAUSSIANS",8,1.3918447,0.6807401,0.0029271378,0.4,0.0,0.48234266,0.021933319,0.19298053,0.0044242456,0.4,0.0,0.28743106,0.024966594
375316653866487564,5993565842998263424,0.45821634,2056.0531693653656,0.9915511245959455,3.0706473E-5,16.969969,0.006432839,0.43158147,0.00651478,0.014636572,0.006137606,0.07197663,0.014078238,0.7729368,0.012978337,0.026377086,0.010205884,0.10804986,0.035553016,0.05287972,0.011406161,0.7729368,0.012978337,"TWOGAUSSIANS_WITH_ELLIPSOIDAL_ON_ECLIPSE2",9,68.56873,0.7729368,0.012978337,0.14771168,0.057152957,0.21380928,0.03691752,0.42974147,0.005936701,0.081964806,0.034370597,0.1037136,0.016130105
375316653866487564,5993565842998269568,0.43296102,2069.1512190030485,0.610384359145417,3.453604E-5,17.332401,0.04234339,0.3420008,0.009221308,0.19715363,0.060393643,0.38172665,0.08471181,0.8338697,0.008914355,0.20663303,0.0652939,0.37848288,0.08253364,null,null,null,null,"TWOGAUSSIANS",8,5.93202,0.34920081,0.007679224,0.4,0.0,0.077659,0.008036035,0.8338697,0.008914355,0.4,0.0,0.064386256,0.0065505705
375316653866487564,5993566220955519872,0.5259331,2083.374474998628,2.6163997250100617,1.5715252E-5,19.905983,0.009943817,0.2689701,0.0088109765,0.06398786,0.007797485,0.51858044,0.04705292,0.77052814,0.0031647182,0.07338163,0.003276879,0.53716266,0.028884843,null,null,null,null,"TWOGAUSSIANS",8,1.3375021,0.77052814,0.0031647182,0.4,0.0,0.53581935,0.028866608,0.2689701,0.0088109765,0.358332,0.043665916,0.5172371,0.047248356
375316653866487564,5993568518738299776,0.5499655,2088.1152138332523,2.7747193457794497,1.1651867E-5,18.436779,0.013126585,0.2749747,0.004944068,0.0956438,0.007594469,0.21218961,0.015034372,0.77784336,0.0041670986,0.09825458,0.009138959,0.21459728,0.012429788,null,null,null,null,"TWOGAUSSIANS",8,2.1453922,0.77784336,0.0041670986,0.4,0.0,0.19981849,0.0066858474,0.2749747,0.004944068,0.4,0.0,0.19741137,0.009163702
375316653866487564,5993569618250114688,0.552484,2084.0631982267914,3.4219998468191823,1.8263137E-5,19.218609,0.010256307,0.2479961,0.002674039,0.06895168,0.0034873066,0.41391617,0.017051846,0.7545055,0.003570463,0.06989032,0.004585028,0.44590193,0.024851225,null,null,null,null,"TWOGAUSSIANS",8,3.2962933,0.7545055,0.003570463,0.3913858,0.022948274,0.4447944,0.024965752,0.2479961,0.002674039,0.3861294,0.019528918,0.41280866,0.01693725
375316653866487564,5993570275404882560,0.5056409,2074.0959659814166,0.22286343489665508,1.2155525E-5,17.073744,0.0014500616,0.32618207,0.0015886714,0.007578248,0.0040416825,0.12538682,0.22985454,0.82771957,5.6638196E-4,0.008970998,8.011874E-4,0.099872276,0.0065595964,null,null,null,null,"TWOGAUSSIANS",8,4.8522744,0.32618207,0.0015886714,0.04243819,0.02263342,0.12538682,0.22985454,0.82771957,5.6638196E-4,0.050237592,0.0044866498,0.099872276,0.0065595964
