Gaia/vari_eclipsing_binary/VariEclipsingBinary_767083-767466.csv
# %ECSV 1.0
# ---
# delimiter: ','
# meta: !!omap
# - RELEASE: Gaia DR3
# - TABLE: vari_eclipsing_binary
# - DESCRIPTION: >
#     This table describes the properties of the eclipsing binaries resulting from the variability analysis. 
# - CITATION: >
#     How to cite and acknowledge Gaia: 
#     https://gea.esac.esa.int/archive/documentation/credits.html 
# - KNOWN_ISSUES: >
#     Known issues: 
#     https://www.cosmos.esa.int/web/gaia-users/known-issues 
# - DOCUMENTATION: >
#     Tutorials and documentation: 
#     https://www.cosmos.esa.int/web/gaia-users/archive 
# datatype:
# - 
#   name: solution_id
#   datatype: int64
#   description: Solution Identifier
#   meta:
#     ucd: meta.version
# - 
#   name: source_id
#   datatype: int64
#   description: Unique source identifier
#   meta:
#     ucd: meta.id;meta.main
# - 
#   name: global_ranking
#   datatype: float32
#   description: Number between 0 (worst) and 1 (best)
#   meta:
#     ucd: stat.param
# - 
#   name: reference_time
#   datatype: float64
#   unit: d
#   description: Reference time used for the geometric model fit
#   meta:
#     ucd: time.epoch
# - 
#   name: frequency
#   datatype: float64
#   unit: d**-1
#   description: Frequency of geometric model of the eclipsing binary light curve
#   meta:
#     ucd: src.orbital
# - 
#   name: frequency_error
#   datatype: float32
#   unit: d**-1
#   description: "Uncertainty of \\texttt{frequency}"
#   meta:
#     ucd: stat.error
# - 
#   name: geom_model_reference_level
#   datatype: float32
#   unit: mag
#   description: Magnitude reference level of geometric model
#   meta:
#     ucd: phot.mag;em.opt
# - 
#   name: geom_model_reference_level_error
#   datatype: float32
#   unit: mag
#   description: "Uncertainty of \\texttt{geomModelReferenceLevel}"
#   meta:
#     ucd: stat.error;phot.mag;em.opt
# - 
#   name: geom_model_gaussian1_phase
#   datatype: float32
#   description: Phase of the Gaussian 1 component
#   meta:
#     ucd: time.phase
# - 
#   name: geom_model_gaussian1_phase_error
#   datatype: float32
#   description: "Uncertainty of \\texttt{geomModelGaussian1Phase}"
#   meta:
#     ucd: stat.error;time.phase
# - 
#   name: geom_model_gaussian1_sigma
#   datatype: float32
#   description: "Standard deviation [phase] of Gaussian 1 component"
#   meta:
#     ucd: stat.stdev
# - 
#   name: geom_model_gaussian1_sigma_error
#   datatype: float32
#   description: "Uncertainty of \\texttt{geomModelGaussian1Sigma}"
#   meta:
#     ucd: stat.error
# - 
#   name: geom_model_gaussian1_depth
#   datatype: float32
#   unit: mag
#   description: Magnitude depth of Gaussian 1 component
#   meta:
#     ucd: src.var.amplitude
# - 
#   name: geom_model_gaussian1_depth_error
#   datatype: float32
#   unit: mag
#   description: "Uncertainty of \\texttt{geomModelGaussian1Depth}"
#   meta:
#     ucd: stat.error;src.var.amplitude
# - 
#   name: geom_model_gaussian2_phase
#   datatype: float32
#   description: Phase of Gaussian 2 component
#   meta:
#     ucd: time.phase
# - 
#   name: geom_model_gaussian2_phase_error
#   datatype: float32
#   description: "Uncertainty of \\texttt{geomModelGaussian2Phase}"
#   meta:
#     ucd: stat.error;time.phase
# - 
#   name: geom_model_gaussian2_sigma
#   datatype: float32
[...]
#   datatype: float32
#   description: "Secondary eclipse: uncertainty of \\texttt{derivedSecondaryEclDuration}"
#   meta:
#     ucd: stat.error;time.duration
# - 
#   name: derived_secondary_ecl_depth
#   datatype: float32
#   unit: mag
#   description: "Secondary eclipse: depth"
#   meta:
#     ucd: src.var.amplitude
# - 
#   name: derived_secondary_ecl_depth_error
#   datatype: float32
#   unit: mag
#   description: "Secondary eclipse: uncertainty of \\texttt{derivedSecondaryEclDepth}"
#   meta:
#     ucd: stat.error;src.var.amplitude
solution_id,source_id,global_ranking,reference_time,frequency,frequency_error,geom_model_reference_level,geom_model_reference_level_error,geom_model_gaussian1_phase,geom_model_gaussian1_phase_error,geom_model_gaussian1_sigma,geom_model_gaussian1_sigma_error,geom_model_gaussian1_depth,geom_model_gaussian1_depth_error,geom_model_gaussian2_phase,geom_model_gaussian2_phase_error,geom_model_gaussian2_sigma,geom_model_gaussian2_sigma_error,geom_model_gaussian2_depth,geom_model_gaussian2_depth_error,geom_model_cosine_half_period_amplitude,geom_model_cosine_half_period_amplitude_error,geom_model_cosine_half_period_phase,geom_model_cosine_half_period_phase_error,model_type,num_model_parameters,reduced_chi2,derived_primary_ecl_phase,derived_primary_ecl_phase_error,derived_primary_ecl_duration,derived_primary_ecl_duration_error,derived_primary_ecl_depth,derived_primary_ecl_depth_error,derived_secondary_ecl_phase,derived_secondary_ecl_phase_error,derived_secondary_ecl_duration,derived_secondary_ecl_duration_error,derived_secondary_ecl_depth,derived_secondary_ecl_depth_error
[from data line 257]
375316653866487564,6749463761894878592,0.45222214,2169.918016213635,0.08293005531852699,3.0138213E-5,17.712793,0.010696361,0.311872,0.027903434,0.090001404,0.027661921,0.12310617,0.032690518,0.8496699,0.012101912,0.09186343,0.01560285,0.13096015,0.016859453,null,null,null,null,"TWOGAUSSIANS",8,2.230198,0.8496699,0.012102475,0.4,0.0,0.1277542,0.014974089,0.311872,0.027903445,0.4,0.017924095,0.119900405,0.03492505
375316653866487564,6749470668200519552,0.52719027,2140.187552199432,3.5326394423892578,3.3197484E-5,18.371939,0.018845623,0.21108347,0.009753427,0.083541974,0.012486846,0.32019198,0.022725675,0.72100574,0.011059218,0.07855382,0.009457755,0.30342197,0.017266588,null,null,null,null,"TWOGAUSSIANS",8,8.462051,0.21108347,0.009753427,0.4,0.0,0.31576583,0.02355406,0.72100574,0.011059218,0.4,0.0,0.29899582,0.014344223
375316653866487564,6749482114291036928,0.5625827,2163.8448918352183,1.393949194909018,3.9036677E-6,15.687212,0.0019448783,0.24932262,0.0018503182,0.06684792,0.004605729,0.06944329,0.0026726674,0.7546363,0.0061185174,0.06303953,0.0069539202,0.18993348,0.09567485,null,null,null,null,"TWOGAUSSIANS",8,4.0081525,0.7546363,0.0061185174,0.35302135,0.038941953,0.18981767,0.09574702,0.24932262,0.0018503182,0.37434834,0.025792083,0.06932748,0.0026962622
375316653866487564,6749489810872682112,0.6377429,2137.344316166336,2.7104037738762368,7.0736237E-6,14.980028,0.03015564,0.23843448,0.008775597,0.04852467,0.0066376496,0.23319706,0.049588922,0.7695455,0.060849883,0.0590366,0.03037542,0.3361858,0.2016851,0.112672575,0.03132461,0.23843448,0.008775597,"TWOGAUSSIANS_WITH_ELLIPSOIDAL_ON_ECLIPSE1",9,54.096622,0.7695455,0.056608874,0.33060497,0.17010234,0.553025,0.1634269,0.23843448,0.008775597,0.27173814,0.03717084,0.45853776,0.025869245
375316653866487564,6749491322701149824,0.5619259,2090.3292592545317,2.217085134930282,7.0336566E-5,18.020573,0.0028792007,0.54025155,0.04432519,0.0362245,0.033051547,0.5479662,1.1879079,0.83338815,0.02497412,0.025755081,0.017674776,0.022713955,0.03531414,null,null,null,null,"TWOGAUSSIANS",8,1.3252928,0.54025155,0.04432519,0.2028572,0.18508865,0.5479662,1.1879079,0.83338815,0.02497412,0.14422844,0.09897874,0.022713955,0.03531402
375316653866487564,6749494861754263424,0.4302132,2112.3210133433595,0.5191394273319844,1.7997938E-6,15.733993,0.0059408457,0.1227161,2.4338074E-4,0.0022146816,4.5538548E-4,0.2595854,0.23974316,0.60394615,0.12824067,0.10890242,0.13629185,0.0605507,0.084246375,null,null,null,null,"TWOGAUSSIANS",8,13.631755,0.1227161,2.4338074E-4,0.012402217,0.0025501586,0.25958642,0.23973818,0.60394615,0.12824067,0.4,0.19748487,0.060547497,0.08425976
375316653866487564,6749498465231166848,0.46209657,2108.3199986824698,3.7839646707156556,5.4150394E-5,17.830359,0.025071489,0.32218826,0.014640556,0.101831295,0.05192609,0.094400965,0.010695518,0.78943074,0.020252952,0.08510988,0.022910027,0.13305904,0.027751971,null,null,null,null,"TWOGAUSSIANS",8,5.655229,0.78943074,0.020252952,0.4,0.008006578,0.12929031,0.018885888,0.32218826,0.014633836,0.4,0.0,0.090629645,0.020832293
375316653866487564,6749500153153905408,0.5587824,2102.198475705129,1.2858272072597718,6.596973E-6,16.18986,0.004558615,0.31705078,0.0034669589,0.019766238,0.0019858794,0.26588273,0.013555091,0.8199985,0.0036195442,0.021001399,0.0017276831,0.29794365,0.029965468,null,null,null,null,"TWOGAUSSIANS",8,26.895308,0.8199985,0.0036195442,0.117607825,0.009675025,0.29794365,0.029965468,0.31705078,0.0034669589,0.11069093,0.011120924,0.26588273,0.013555091
375316653866487564,6749529629513294848,0.6431824,2191.3620955597826,0.5089126007298062,3.46087E-5,18.78242,0.0066242223,0.21223888,0.0032087867,0.03015333,0.0016846034,1.5598457,0.096613735,0.7094241,0.013804457,0.02914884,0.024164801,0.21047167,0.07465859,null,null,null,null,"TWOGAUSSIANS",8,2.3420327,0.21223888,0.0032087867,0.16885866,0.009433779,1.5598457,0.096613735,0.7094241,0.013804457,0.1632335,0.13532288,0.21047167,0.07465859
375316653866487564,6749540315392246400,0.49033284,2130.545678571156,2.3645846727971973,1.4597937E-5,17.626167,0.10050649,0.28902093,0.023824608,0.1391877,0.09220502,0.1467558,0.09090577,0.74587923,0.009893364,0.089413956,0.033885866,0.313889,0.07087315,null,null,null,null,"TWOGAUSSIANS",8,20.858341,0.74587923,0.009893364,0.4,0.012317807,0.29247913,0.04215389,0.28903094,0.023781218,0.4,0.0,0.12460252,0.03221583
375316653866487564,6749544060603583232,0.6594174,2155.094220067674,3.196406365269736,6.7482147E-6,19.336304,0.004789644,0.48013946,2.4593528E-4,0.02885073,3.2831414E-4,1.210916,0.0060694283,null,null,null,null,null,null,null,null,null,null,"ONEGAUSSIAN",5,1.1147721,0.48013946,2.4593528E-4,0.1615641,0.0018385592,1.210916,0.0,null,null,null,null,null,null
375316653866487564,6749565024340134016,0.5288326,2146.6397447732256,1.0605248609188171,1.1784433E-4,13.587914,0.038599256,0.31631675,0.019206986,0.05843528,0.016816568,0.08399871,0.02097146,0.7654621,0.0225865,0.22653463,0.21124968,0.021389745,0.036845148,null,null,null,null,"TWOGAUSSIANS",8,18.35216,0.31690675,0.018981237,0.32723758,0.094172776,0.08133078,0.020624133,0.7654621,0.0225865,0.4,0.0,0.014611456,0.0034642387
375316653866487564,6749565157481924352,0.54947776,2143.9968764807013,4.227411145719521,2.076146E-5,19.625526,0.044579245,0.21021883,0.037523385,0.07946756,0.033259127,0.40012264,0.08284558,0.7147186,0.008868233,0.06903058,0.012874651,0.4679825,0.08862056,null,null,null,null,"TWOGAUSSIANS",8,1.7223266,0.7147186,0.008868233,0.3865713,0.038714606,0.46530932,0.088549495,0.21021883,0.037523385,0.4,0.0,0.39744943,0.06770516
375316653866487564,6749566089492014720,0.5883641,2072.7577907866053,1.3406284496342542,9.358202E-6,15.3968,0.013392165,0.3283381,0.0028911082,0.11126163,0.006928563,0.25195545,0.011766237,0.8260692,0.0021813684,0.09851016,0.005767773,0.30991086,0.011445342,null,null,null,null,"TWOGAUSSIANS",8,24.406027,0.8260692,0.0021813684,0.4,0.0,0.27847806,0.010069561,0.3283381,0.0028911082,0.4,0.0,0.22050339,0.006219302
375316653866487564,6749568524735305600,0.48876697,2119.316219594604,3.5542458537822528,1.790271E-5,18.631798,0.026008999,0.22623901,0.0039977394,0.0869095,0.011338821,0.32780778,0.029826377,0.7244306,0.009260998,0.078795366,0.0132391695,0.43748707,0.065919586,null,null,null,null,"TWOGAUSSIANS",8,15.858394,0.7244306,0.009260998,0.4,0.0,0.4298428,0.06929727,0.22623901,0.0039977394,0.4,0.0,0.32016346,0.0283808
375316653866487564,6749572166867582720,0.5092868,2097.7161908200046,3.560198852728703,1.4780531E-5,17.591688,0.024084968,0.18013586,0.003539662,0.12094893,0.016812244,0.13702428,0.02292806,0.6983475,0.0046566846,0.110867076,0.017260917,0.15503573,0.020500734,null,null,null,null,"TWOGAUSSIANS",8,2.6600747,0.6984375,0.004627413,0.4,0.0,0.13125704,0.006477938,0.18009585,0.0035236902,0.4,0.0,0.11319737,0.00461827
375316653866487564,6749580864179573248,0.5265485,2102.0654925372914,2.3604312520153674,1.6362152E-5,15.543927,0.003680032,0.6253631,0.0027409939,0.023613192,0.001565439,0.7729362,0.14382221,null,null,null,null,null,null,null,null,null,null,"ONEGAUSSIAN",5,98.18935,0.6253631,0.0027409939,0.13223387,0.008766458,0.7729362,0.0,null,null,null,null,null,null
375316653866487564,6749586224298732032,0.5189312,2162.7445636950097,0.635600520693651,1.4921488E-5,17.772366,0.0027966434,null,null,null,null,null,null,null,null,null,null,null,null,0.04953432,0.0040067215,0.28372234,0.0044465903,"ELLIPSOIDAL",4,2.0899851,null,null,null,null,null,null,null,null,null,null,null,null
375316653866487564,6749598078408720384,0.5978531,2126.8492115153313,3.63304616162037,4.6174755E-6,17.617065,0.0068650325,0.29964858,0.0017352368,0.07284619,0.00231521,0.4726548,0.013330331,0.8001052,0.0034617821,0.06755842,0.004276533,0.442376,0.033347998,null,null,null,null,"TWOGAUSSIANS",8,6.1965613,0.29964858,0.0017352368,0.4,0.0,0.47106013,0.013267215,0.8001052,0.0034617821,0.37832716,0.023948586,0.44078133,0.033836894
375316653866487564,6749601200846765824,0.54519993,2126.402470668058,3.635726989630258,1.6685606E-5,19.150768,0.008017035,0.2906682,0.03786364,0.07296638,0.034428608,0.36975676,0.17119093,0.78904647,0.005402823,0.08904415,0.004358942,0.3686925,0.017403316,null,null,null,null,"TWOGAUSSIANS",8,2.1298296,0.2906682,0.03786364,0.4,0.1820933,0.36367318,0.17732666,0.78904647,0.005402823,0.4,0.0,0.36260882,0.016286725
375316653866487564,6749613299772885376,0.55000865,2153.0381143394125,3.355313374185015,1.52098255E-5,16.475634,0.019512458,0.2865532,0.0050589284,0.09618128,0.0126696,0.3270341,0.034700587,0.7636819,0.0029549354,0.08128457,0.0072628125,0.42813712,0.023888035,null,null,null,null,"TWOGAUSSIANS",8,52.924168,0.7636819,0.0029549354,0.4,0.0,0.4185586,0.024901614,0.2865532,0.0050589284,0.4,0.0,0.31745395,0.03874373
375316653866487564,6749627314248245888,0.47221076,2148.252281823904,0.33865097079079554,4.6077545E-5,18.44753,0.011167129,0.21925858,0.019272694,0.061659552,0.036465105,0.05108907,0.007409924,0.60652155,0.037485175,0.04497039,0.023009846,0.46,0.5887474,null,null,null,null,"TWOGAUSSIANS",8,9.862061,0.60652155,0.037485175,0.25183418,0.12885514,0.45999998,0.5887477,0.21925858,0.019272694,0.3452935,0.14809108,0.051089052,0.0074036573
375316653866487564,6749639103935944064,0.4254839,2121.370628012018,2.0524606196383726,4.98312E-5,19.235933,0.011532118,0.27228606,0.0011043646,0.023621855,0.0014188701,0.27753934,0.015526279,0.7624199,0.027233329,0.031914193,0.043815643,0.88888913,1.1370332,null,null,null,null,"TWOGAUSSIANS",8,2.9872952,0.7624199,0.027233329,0.17871948,0.2453676,0.88888913,1.1370332,0.27228606,0.0011043646,0.13228239,0.007945673,0.27753934,0.015526267
375316653866487564,6749645250032217600,0.59701246,2134.34523657347,0.7035134239672282,2.8779837E-6,17.617903,0.0038802142,0.3495545,0.01686886,0.032282997,0.021306608,0.086009115,0.29017326,0.858178,2.7498466E-4,0.02647096,8.9356414E-4,0.45318767,0.0030097754,0.023576256,0.0069074077,0.3495545,0.01686886,"TWOGAUSSIANS_WITH_ELLIPSOIDAL_ON_ECLIPSE1",9,3.5727367,0.858178,2.7498466E-4,0.14823736,0.0050039594,0.5002019,0.012822435,0.3495545,0.01686886,0.18078479,0.11931701,0.13316163,0.2948384
375316653866487564,6749651366065475456,0.48143396,2116.7567789950763,0.02235886391947388,5.320694E-5,19.870363,0.01897467,0.18801877,0.0020950933,0.028030504,0.003776603,2.4755697,2.135882,0.6720593,0.051949296,0.06792488,0.043994088,0.06517095,0.05044012,null,null,null,null,"TWOGAUSSIANS",8,2.9244149,0.18801877,0.0020950933,0.15697083,0.021148976,2.4755695,2.1358829,0.6720593,0.051949296,0.38037932,0.2361847,0.06517079,0.050439425
375316653866487564,6749654527161549056,0.5582942,2153.2046075069306,1.1040051888379132,1.5912045E-5,17.577682,0.011867404,0.24002652,0.0047495314,0.09207328,0.009704078,0.14855969,0.010866649,0.7121659,0.005622331,0.100887805,0.010006758,0.20319022,0.012227511,null,null,null,null,"TWOGAUSSIANS",8,3.1875513,0.7121659,0.005622331,0.4,0.0,0.19490747,0.01012177,0.24003652,0.0047492823,0.4,0.0,0.14028046,0.005978098
375316653866487564,6749660613131720448,0.52812237,2126.359585956631,3.9509230900512047,3.666461E-5,18.678228,0.023942735,0.2726795,0.010004921,0.08066076,0.021581164,0.3128023,0.019980099,0.76213855,0.008065581,0.08662109,0.013266864,0.2702792,0.024516897,null,null,null,null,"TWOGAUSSIANS",8,7.548497,0.2726795,0.010004921,0.4,0.0,0.30730408,0.019330725,0.76213855,0.008065581,0.4,0.0,0.26478094,0.0203896
375316653866487564,6749678888216480128,0.41957197,2116.9461159482685,0.763791897863042,9.127238E-5,19.285517,0.016884472,0.34898522,0.04196453,0.109496266,0.060053878,0.14675137,0.027057614,0.65796363,0.033342477,0.09653016,0.022533245,0.13575771,0.028096892,null,null,null,null,"TWOGAUSSIANS",8,2.4810958,0.35133523,0.04275582,0.4,0.0,0.14657311,0.029291887,0.65796363,0.033342477,0.4,0.0,0.13747735,0.016420007
375316653866487564,6749696553418261120,0.51011044,2152.754366541095,3.199891836023453,2.5253514E-5,18.384932,0.0047804588,0.26452908,0.0038315386,0.017298587,0.0028170953,0.2794643,0.046144877,0.7320562,0.02488422,0.034045245,0.014166942,0.061897323,0.020238569,null,null,null,null,"TWOGAUSSIANS",8,4.563234,0.26452908,0.0038315386,0.096872084,0.015775733,0.2794643,0.046144877,0.7320562,0.02488422,0.19065337,0.07933487,0.061897323,0.020238569
375316653866487564,6749732764285030912,0.54300785,2138.0854989924287,3.440366166381799,9.353803E-6,17.591234,0.015253804,0.19412352,0.0091603985,0.07224705,0.008128603,0.32021937,0.025574248,0.67391425,0.0068495353,0.06984151,0.0105921645,0.3295332,0.02782744,null,null,null,null,"TWOGAUSSIANS",8,12.019622,0.67391425,0.0068495353,0.39111248,0.026291925,0.32873535,0.028459676,0.19412352,0.0091603985,0.4,0.016703827,0.31942153,0.024580497
375316653866487564,6749734520929347584,0.59171784,2176.8570849340545,2.415623507141173,6.2343784E-6,16.225195,0.015158584,0.20589484,0.0025911822,0.10165902,0.0075736414,0.1963699,0.014828191,0.718449,0.0025511112,0.10536072,0.011012688,0.17541091,0.011264401,null,null,null,null,"TWOGAUSSIANS",8,4.6362104,0.20588484,0.0025903431,0.4,0.0,0.1790866,0.0069839265,0.718449,0.0025488818,0.4,0.0,0.15812497,0.00612533
375316653866487564,6749739434369990144,0.4585394,2170.289044526185,0.08938463313421013,1.447518E-5,18.879042,0.0063090753,0.23770025,0.002125844,0.015476093,0.0030300731,0.10003265,0.011920416,0.7417886,0.022927744,0.07165049,0.015327122,0.07691442,0.01487288,null,null,null,null,"TWOGAUSSIANS",8,1.8081807,0.23770025,0.002125844,0.08666612,0.016968409,0.10003264,0.011920406,0.7417886,0.022927744,0.4,0.042271115,0.076914415,0.014872881
375316653866487564,6749741319859917568,0.48957288,2141.6233072300583,1.909529643780492,1.0287325E-6,18.26981,0.0079452535,0.27307436,0.005734738,0.015136146,0.01848757,0.14946254,0.017905843,0.73324776,3.729917E-4,0.0090643475,0.0010502205,0.37599987,0.07845729,0.053536467,0.011849913,0.27307436,0.005734738,"TWOGAUSSIANS_WITH_ELLIPSOIDAL_ON_ECLIPSE1",9,10.5941515,0.73331773,3.9741895E-4,0.050760347,0.0058812345,0.47651812,0.08655745,0.27307436,0.005734738,0.08476242,0.1035304,0.25653544,0.017041236
375316653866487564,6749744584036572672,0.52202463,2139.0558408294273,3.654300104162079,2.1832046E-5,17.47556,0.0418207,0.2409329,0.0061606467,0.11066907,0.023299519,0.1940522,0.037996866,0.74316436,0.005389174,0.10941489,0.016096694,0.24242021,0.040861897,null,null,null,null,"TWOGAUSSIANS",8,7.8161154,0.74316436,0.0053937524,0.4,0.0,0.2104098,0.013237089,0.2409329,0.0061685094,0.4,0.0,0.16204162,0.009546473
375316653866487564,6749744863210441088,0.6384153,2138.9175203220825,3.16807220309413,5.8119185E-6,13.723775,0.0141069265,0.31346226,0.002655266,0.048749175,0.008334375,0.24550909,0.028496018,0.8092088,0.0040144864,0.058724817,0.0066440282,0.18168454,0.030830134,0.11147768,0.016261514,0.31346226,0.002655266,"TWOGAUSSIANS_WITH_ELLIPSOIDAL_ON_ECLIPSE1",9,210.65466,0.31346226,0.002655266,0.27299538,0.046672497,0.46844667,0.023830393,0.8102788,0.0028537032,0.32885897,0.037206557,0.40450278,0.011298357
375316653866487564,6749760359452596224,0.5194296,2124.8574276898075,2.2687662567000833,1.5560636E-5,14.945506,0.0075787734,0.2562417,0.010247487,0.09295076,0.015396196,0.053961106,0.008964986,0.76967233,0.0047144145,0.10228105,0.018339053,0.046998106,0.007068271,null,null,null,null,"TWOGAUSSIANS",8,7.078696,0.2562417,0.010245419,0.4,0.0,0.050807755,0.0061993613,0.76967233,0.0047212467,0.4,0.0,0.0438441,0.002852758
