Gaia/vari_eclipsing_binary/VariEclipsingBinary_475702-475789.csv
# %ECSV 1.0
# ---
# delimiter: ','
# meta: !!omap
# - RELEASE: Gaia DR3
# - TABLE: vari_eclipsing_binary
# - DESCRIPTION: >
#     This table describes the properties of the eclipsing binaries resulting from the variability analysis. 
# - CITATION: >
#     How to cite and acknowledge Gaia: 
#     https://gea.esac.esa.int/archive/documentation/credits.html 
# - KNOWN_ISSUES: >
#     Known issues: 
#     https://www.cosmos.esa.int/web/gaia-users/known-issues 
# - DOCUMENTATION: >
#     Tutorials and documentation: 
#     https://www.cosmos.esa.int/web/gaia-users/archive 
# datatype:
# - 
#   name: solution_id
#   datatype: int64
#   description: Solution Identifier
#   meta:
#     ucd: meta.version
# - 
#   name: source_id
#   datatype: int64
#   description: Unique source identifier
#   meta:
#     ucd: meta.id;meta.main
# - 
#   name: global_ranking
#   datatype: float32
#   description: Number between 0 (worst) and 1 (best)
#   meta:
#     ucd: stat.param
# - 
#   name: reference_time
#   datatype: float64
#   unit: d
#   description: Reference time used for the geometric model fit
#   meta:
#     ucd: time.epoch
# - 
#   name: frequency
#   datatype: float64
#   unit: d**-1
#   description: Frequency of geometric model of the eclipsing binary light curve
#   meta:
#     ucd: src.orbital
# - 
#   name: frequency_error
#   datatype: float32
#   unit: d**-1
#   description: "Uncertainty of \\texttt{frequency}"
#   meta:
#     ucd: stat.error
# - 
#   name: geom_model_reference_level
#   datatype: float32
#   unit: mag
#   description: Magnitude reference level of geometric model
#   meta:
#     ucd: phot.mag;em.opt
# - 
#   name: geom_model_reference_level_error
#   datatype: float32
#   unit: mag
#   description: "Uncertainty of \\texttt{geomModelReferenceLevel}"
#   meta:
#     ucd: stat.error;phot.mag;em.opt
# - 
#   name: geom_model_gaussian1_phase
#   datatype: float32
#   description: Phase of the Gaussian 1 component
#   meta:
#     ucd: time.phase
# - 
#   name: geom_model_gaussian1_phase_error
#   datatype: float32
#   description: "Uncertainty of \\texttt{geomModelGaussian1Phase}"
#   meta:
#     ucd: stat.error;time.phase
# - 
#   name: geom_model_gaussian1_sigma
#   datatype: float32
#   description: "Standard deviation [phase] of Gaussian 1 component"
#   meta:
#     ucd: stat.stdev
# - 
#   name: geom_model_gaussian1_sigma_error
#   datatype: float32
#   description: "Uncertainty of \\texttt{geomModelGaussian1Sigma}"
#   meta:
#     ucd: stat.error
# - 
#   name: geom_model_gaussian1_depth
#   datatype: float32
#   unit: mag
#   description: Magnitude depth of Gaussian 1 component
#   meta:
#     ucd: src.var.amplitude
# - 
#   name: geom_model_gaussian1_depth_error
#   datatype: float32
#   unit: mag
#   description: "Uncertainty of \\texttt{geomModelGaussian1Depth}"
#   meta:
#     ucd: stat.error;src.var.amplitude
# - 
#   name: geom_model_gaussian2_phase
#   datatype: float32
#   description: Phase of Gaussian 2 component
#   meta:
#     ucd: time.phase
# - 
#   name: geom_model_gaussian2_phase_error
#   datatype: float32
#   description: "Uncertainty of \\texttt{geomModelGaussian2Phase}"
#   meta:
#     ucd: stat.error;time.phase
# - 
#   name: geom_model_gaussian2_sigma
#   datatype: float32
[...]
#   datatype: float32
#   description: "Secondary eclipse: uncertainty of \\texttt{derivedSecondaryEclDuration}"
#   meta:
#     ucd: stat.error;time.duration
# - 
#   name: derived_secondary_ecl_depth
#   datatype: float32
#   unit: mag
#   description: "Secondary eclipse: depth"
#   meta:
#     ucd: src.var.amplitude
# - 
#   name: derived_secondary_ecl_depth_error
#   datatype: float32
#   unit: mag
#   description: "Secondary eclipse: uncertainty of \\texttt{derivedSecondaryEclDepth}"
#   meta:
#     ucd: stat.error;src.var.amplitude
solution_id,source_id,global_ranking,reference_time,frequency,frequency_error,geom_model_reference_level,geom_model_reference_level_error,geom_model_gaussian1_phase,geom_model_gaussian1_phase_error,geom_model_gaussian1_sigma,geom_model_gaussian1_sigma_error,geom_model_gaussian1_depth,geom_model_gaussian1_depth_error,geom_model_gaussian2_phase,geom_model_gaussian2_phase_error,geom_model_gaussian2_sigma,geom_model_gaussian2_sigma_error,geom_model_gaussian2_depth,geom_model_gaussian2_depth_error,geom_model_cosine_half_period_amplitude,geom_model_cosine_half_period_amplitude_error,geom_model_cosine_half_period_phase,geom_model_cosine_half_period_phase_error,model_type,num_model_parameters,reduced_chi2,derived_primary_ecl_phase,derived_primary_ecl_phase_error,derived_primary_ecl_duration,derived_primary_ecl_duration_error,derived_primary_ecl_depth,derived_primary_ecl_depth_error,derived_secondary_ecl_phase,derived_secondary_ecl_phase_error,derived_secondary_ecl_duration,derived_secondary_ecl_duration_error,derived_secondary_ecl_depth,derived_secondary_ecl_depth_error
[from data line 485]
375316653866487564,4185041529384017536,0.5572907,2210.1270860000636,2.827802122661987,2.2917959E-5,17.232273,0.016438417,0.2689219,0.012304728,0.0813472,0.009569351,0.29941326,0.020733643,0.76819164,0.0034140795,0.078560196,0.0064223334,0.24902752,0.018476656,null,null,null,null,"TWOGAUSSIANS",8,23.890663,0.2689219,0.012304728,0.4,0.0,0.2953531,0.018356824,0.76819164,0.0034140795,0.4,0.0,0.24496737,0.016484821
375316653866487564,4185041563743726336,0.59982795,2219.7063026475844,1.3566728626246474,8.678089E-6,13.657443,0.009336249,0.23762251,0.012523525,0.04641594,0.01736528,0.12642337,0.026273482,0.72637266,0.003761451,0.04622092,0.0028938414,0.3880127,0.033035554,0.044781107,0.013561933,0.23762251,0.012523525,"TWOGAUSSIANS_WITH_ELLIPSOIDAL_ON_ECLIPSE1",9,370.76736,0.7267927,0.0034548722,0.25883716,0.016205512,0.47714427,0.019750856,0.23762251,0.012523525,0.25992927,0.09724557,0.21598502,0.012115949
375316653866487564,4185041666807824512,0.6255231,2232.817745293894,2.848128088986022,8.991496E-6,19.017818,0.008989867,0.1443605,0.0053443722,0.07195186,0.0035228631,0.58023196,0.025713652,0.64584917,0.0041671717,0.0688781,0.0041363942,0.6873643,0.04782588,null,null,null,null,"TWOGAUSSIANS",8,1.8508842,0.64584917,0.0041671717,0.38571733,0.019481566,0.685142,0.04832671,0.1443605,0.0053443722,0.4,0.011912235,0.57800967,0.025533114
375316653866487564,4185042903773503616,0.69650227,2212.2617565463147,0.8801792196031021,7.749759E-6,15.930523,0.005034189,0.33073825,0.026470121,0.027620997,0.04500529,0.07889418,null,0.8352169,0.0012777888,0.03297022,0.0015746701,0.34571618,0.011175757,0.021148112,0.0066224253,0.33073825,0.026470121,"TWOGAUSSIANS_WITH_ELLIPSOIDAL_ON_ECLIPSE1",9,6.322517,0.8352169,0.0012775689,0.18463324,0.008818152,0.38797888,0.0052997996,0.33073825,0.026470121,0.15467758,0.25202963,0.12119037,null
375316653866487564,4185043694032501760,0.59344935,2227.210776129122,3.1227468877562052,5.2257234E-5,19.566063,0.009432693,0.22605516,0.0056735245,0.06749701,0.008478126,0.376829,0.029139193,0.71587175,0.020068971,0.06040047,0.016358811,0.49640155,0.07841499,null,null,null,null,"TWOGAUSSIANS",8,1.407046,0.71587175,0.020068971,0.33824265,0.077052444,0.49610147,0.0783928,0.22605516,0.0056735245,0.37798324,0.035726473,0.37652892,0.029567024
375316653866487564,4185043797126718976,0.53134865,2200.6842700620823,2.2217274372845237,1.7405344E-5,16.255936,0.03487112,0.3999428,0.0058621094,0.10285279,0.015300811,0.26905692,0.03333751,0.92059344,0.020357553,0.075645775,0.036253534,0.11986055,0.03772183,null,null,null,null,"TWOGAUSSIANS",8,48.659626,0.3999428,0.0058621094,0.4,0.0,0.26371455,0.024534058,0.92060345,0.020430895,0.4,0.050349806,0.11452411,0.030584294
375316653866487564,4185043934550683648,0.6088336,2211.0401663302673,4.656331475704457,1.4416102E-5,19.1312,0.009970101,0.14817135,0.002388792,0.07050539,0.0029620868,0.56350166,0.01911049,0.64276224,0.00638986,0.066376075,0.007918087,0.5719144,0.042436037,null,null,null,null,"TWOGAUSSIANS",8,2.5721636,0.64276224,0.00638986,0.371706,0.044341285,0.5706714,0.042996444,0.14817135,0.002388792,0.39483017,0.016364878,0.56225866,0.018954774
375316653866487564,4185046099229480320,0.5718307,2259.1989519308263,4.065280762338252,2.6624144E-5,19.591738,0.008050281,0.29399687,0.0020217905,0.06250606,0.0023000536,0.44460526,0.008920009,0.7975481,0.0015087889,0.060918625,0.0018120364,0.5715697,0.013081489,null,null,null,null,"TWOGAUSSIANS",8,1.2837815,0.7975481,0.0015087889,0.3411443,0.010147404,0.5713252,0.01306617,0.29399687,0.0020217905,0.3500339,0.012880299,0.44436082,0.008841987
375316653866487564,4185046648985299072,0.46320474,2254.8438085978282,1.1755407844810604,5.8905767E-5,16.249052,0.0032222029,null,null,null,null,null,null,null,null,null,null,null,null,0.044562023,0.004777012,0.27836165,0.0069301063,"ELLIPSOIDAL",4,19.067762,null,null,null,null,null,null,null,null,null,null,null,null
375316653866487564,4185046889503498752,0.44190797,2233.10335484745,1.9565061005363493,6.307145E-5,17.34036,0.004361431,0.19347785,0.041294187,0.022009786,0.020273956,0.5761558,148.37694,0.7193075,0.01176698,0.03212158,0.010520996,0.16676044,0.0679065,null,null,null,null,"TWOGAUSSIANS",8,19.164345,0.19347785,0.041294187,0.123254806,0.11353415,0.5761558,148.37694,0.7193075,0.01176698,0.17988086,0.058917575,0.16676044,0.0679065
375316653866487564,4185047370525082624,0.57692367,2223.718918033307,3.3511989901092774,2.1170295E-5,18.972061,0.012777681,0.20578508,0.003469385,0.0664074,0.005039514,0.43779346,0.012393476,0.68551165,0.0073883757,0.06824346,0.007650023,0.4460273,0.052447658,null,null,null,null,"TWOGAUSSIANS",8,3.5776756,0.68551165,0.0073883757,0.38216338,0.040105227,0.4455209,0.052556794,0.20578508,0.003469385,0.37188143,0.028221278,0.4372871,0.012102009
375316653866487564,4185048744914892544,0.4723634,2257.434750764352,2.7071109204302184,3.151359E-5,18.902538,0.018328136,0.24303976,0.013365257,0.06597759,0.0124033885,0.41790828,0.08005485,0.74429643,0.016834611,0.06851186,0.023064094,0.39134493,0.10105503,null,null,null,null,"TWOGAUSSIANS",8,25.95975,0.24303976,0.013365257,0.3694745,0.06598391,0.41713,0.08057208,0.74429643,0.016834611,0.3836664,0.07817889,0.39056668,0.10242506
375316653866487564,4185049466468182400,0.56630266,2205.1577546561657,0.09746767064285974,2.4447487E-5,19.070442,0.0035880662,0.41104454,0.21127167,0.06801392,0.037160657,0.725015,0.7060063,0.8311472,0.004117301,0.06025682,0.0070557897,0.23449992,0.0137407165,null,null,null,null,"TWOGAUSSIANS",8,0.7410959,0.41104454,0.21212053,0.38087794,0.2080997,0.7249841,0.7054408,0.8311472,0.004117301,0.3374382,0.039512422,0.23446907,0.013798478
375316653866487564,4185049569547201152,0.48179325,2188.371261959598,4.004264398041759,6.435322E-5,19.470734,0.03994212,0.25245568,0.013450922,0.07144416,0.032466702,0.38886696,1.0891619,0.7138279,0.019403962,0.09537821,0.03738144,0.19033596,0.031254306,null,null,null,null,"TWOGAUSSIANS",8,2.295774,0.25245568,0.013451942,0.4,0.14582849,0.3861166,1.0931064,0.7138279,0.019403962,0.4,0.0137475785,0.187584,0.028949637
375316653866487564,4185050596046309248,0.44755337,2224.9879726628105,2.082276506365311,1.3831147E-4,18.848318,0.02024075,0.7601191,0.015018025,0.11159178,0.028769271,0.11071073,0.021280432,0.53653675,0.023076944,0.051676422,0.01836398,0.14441064,0.033522237,null,null,null,null,"TWOGAUSSIANS",8,6.478413,0.5418667,0.025267398,0.28938797,0.10283829,0.15998635,0.034673993,0.7599991,0.014710542,0.4,0.0,0.11071347,0.02124313
375316653866487564,4185050875232856192,0.46911985,2205.089972900437,0.050643325800078964,3.0524683E-5,17.88816,0.24927194,0.27148852,0.052387834,0.08045421,0.076358974,0.31525162,0.15342158,0.76037544,0.053829703,0.17669204,0.1843034,0.15157093,0.23860297,null,null,null,null,"TWOGAUSSIANS",8,8.032374,0.2717785,0.052051958,0.4,0.035246436,0.2748675,0.13866188,0.76037544,0.053829703,0.4,0.0,0.10557712,0.020422934
375316653866487564,4185051150110805248,0.57774454,2188.5097360422983,2.736877133708863,6.2009076E-6,17.495504,0.28895536,0.33312184,0.01036146,0.10940902,0.056073293,0.36443812,0.2870176,0.84692353,0.0035953068,0.093183726,0.03425859,0.43653604,0.25590655,null,null,null,null,"TWOGAUSSIANS",8,8.353368,0.84693354,0.0032405348,0.4,0.0,0.40497527,0.053538844,0.33312184,0.010327309,0.4,0.0,0.3328533,0.044829454
375316653866487564,4185054032020507648,0.48145124,2226.6238497052996,3.0673265793672355,2.2645105E-5,17.65143,0.0030925435,null,null,null,null,null,null,null,null,null,null,null,null,0.050966278,0.004518703,0.20303088,0.0066474923,"ELLIPSOIDAL",4,4.565909,null,null,null,null,null,null,null,null,null,null,null,null
375316653866487564,4185055754300957056,0.5509306,2190.334547955159,3.267971452216238,6.161025E-5,18.13697,0.050690975,0.2577934,0.008357677,0.12537417,0.021449652,0.2898399,0.050372507,0.74259275,0.006114244,0.10706994,0.016322065,0.26609275,0.04751694,null,null,null,null,"TWOGAUSSIANS",8,3.3482969,0.2578134,0.008355307,0.4,0.0,0.24221914,0.008220752,0.74259275,0.006114244,0.4,0.0,0.21868668,0.013333227
375316653866487564,4185055926099795072,0.49812448,2147.3157476027905,4.0504737022154,4.1902706E-5,19.060629,0.021909302,0.21259904,0.036788553,0.06516385,0.024341146,0.32438496,0.071697384,0.7072112,0.020237416,0.08561946,0.027403494,0.34801495,0.0942825,null,null,null,null,"TWOGAUSSIANS",8,3.2103372,0.7072112,0.020237416,0.4,0.0,0.34558412,0.09887978,0.21259904,0.036788553,0.36491758,0.12562145,0.32195413,0.06884696
375316653866487564,4185056441510541312,0.560095,2225.156488055707,0.7111582396115639,5.090262E-5,15.867651,0.0063640424,0.24770346,0.005990434,0.04683135,0.004630018,0.29824427,0.040271115,0.7575271,0.007433973,0.065859966,0.017452104,0.07195099,0.0068724263,null,null,null,null,"TWOGAUSSIANS",8,43.86344,0.24770346,0.005990434,0.26225555,0.025928102,0.29823524,0.040274277,0.7575271,0.007433973,0.36881584,0.08916182,0.07194196,0.006852523
375316653866487564,4185057197410959872,0.49280813,2187.5290007739313,3.4023583316940087,2.9043465E-5,19.520998,0.030623492,0.22336222,0.006852937,0.09078865,0.010588442,0.30999568,0.039082676,0.7133775,0.009594473,0.079725556,0.019063843,0.40653515,0.05290115,null,null,null,null,"TWOGAUSSIANS",8,2.6947231,0.7133775,0.009594473,0.4,0.0,0.39853683,0.061604187,0.22336222,0.006852937,0.4,0.0,0.30199718,0.031615734
375316653866487564,4185058262577016192,0.47483367,2218.4884356172142,3.6527745252496375,2.5374224E-5,18.786524,0.079917036,0.24999036,0.005339527,0.108265504,0.02252512,0.33606288,0.07480689,0.7424938,0.0082539255,0.1135124,0.027255978,0.27670792,0.07726572,null,null,null,null,"TWOGAUSSIANS",8,10.657922,0.25000036,0.0053416938,0.4,0.0,0.29180637,0.02613887,0.7424938,0.0082539255,0.4,0.0,0.23243263,0.030429685
375316653866487564,4185060289801480704,0.6094638,2254.6624183984345,3.6498543301675603,1.3768453E-5,17.890797,0.037170824,0.20804913,0.006751025,0.055954006,0.019144163,0.41619915,0.06740273,0.71558076,0.033115804,0.048056785,0.021362465,0.30515966,0.12587538,0.1055174,0.044529803,0.20804913,0.006751025,"TWOGAUSSIANS_WITH_ELLIPSOIDAL_ON_ECLIPSE1",9,9.969262,0.20804913,0.006751025,0.31334245,0.10720731,0.62721384,0.048407197,0.71558076,0.033115804,0.26911798,0.1196298,0.5157021,0.10946747
375316653866487564,4185060594730505344,0.4489653,2248.1110934897597,0.08286838276818966,1.2281214E-5,18.102158,0.00858374,0.31178635,0.04072103,0.059607025,0.015320902,0.1530755,0.064123675,0.8401068,0.0066185333,0.048684556,0.00630243,0.3261126,0.099739164,null,null,null,null,"TWOGAUSSIANS",8,2.4803286,0.8401068,0.0066185333,0.27263352,0.03529361,0.3261097,0.09974112,0.31178635,0.04072103,0.33379933,0.08579705,0.15307261,0.06411221
375316653866487564,4185061316285043328,0.62117374,2193.1437258663527,2.1702277087171296,1.0228394E-5,15.9499445,0.011376322,0.19524024,0.0036849307,0.047437537,0.013919299,0.06328229,0.025280252,0.67733884,0.058000624,0.050740886,0.04178087,0.096958004,0.06735006,0.07568424,0.01321257,0.19524024,0.0036849307,"TWOGAUSSIANS_WITH_ELLIPSOIDAL_ON_ECLIPSE1",9,8.873745,0.68164885,0.053831358,0.28414896,0.1246294,0.24687548,0.06810492,0.19524024,0.0036849307,0.2656502,0.07794807,0.21465011,0.0033402692
375316653866487564,4185062145227580416,0.5991363,2241.2181173525637,3.2318670506000666,9.362604E-6,15.950027,0.008430443,0.1390339,0.0029324945,0.07204182,0.0037843855,0.3876501,0.021194404,0.64066416,0.0026879963,0.07954578,0.003930647,0.38383377,0.0111811,null,null,null,null,"TWOGAUSSIANS",8,29.584236,0.1390339,0.0029324945,0.4,0.003645713,0.38442323,0.021535724,0.64066416,0.0026879963,0.4,0.0,0.3806069,0.010982022
375316653866487564,4185063141647456768,0.57374465,2244.4205788368986,2.847495736001255,1.3404944E-5,19.354343,0.041846782,0.2890088,0.011997856,0.089576066,0.023113651,0.4705179,0.06596016,0.8052535,0.0026494253,0.08029132,0.00781521,0.48359886,0.039412573,null,null,null,null,"TWOGAUSSIANS",8,1.6942896,0.8052535,0.002650529,0.4,0.0,0.4742038,0.026600508,0.2890088,0.011997856,0.4,0.0,0.4611226,0.076525666
375316653866487564,4185064236863090816,0.60860395,2201.245883014641,2.4261610711521153,1.0339208E-5,17.339811,0.016928528,0.29509467,0.0042982334,0.10952366,0.008681744,0.2980353,0.017653337,0.78882265,0.003525894,0.09330398,0.0064074732,0.3260387,0.016424835,null,null,null,null,"TWOGAUSSIANS",8,3.7981954,0.78882265,0.003525894,0.4,0.0,0.29862165,0.007926221,0.29509467,0.0042982334,0.4,0.0,0.27060032,0.009362855
375316653866487564,4185065512469380736,0.56782645,2241.134839425393,0.10849176905894649,3.9247552E-5,19.3955,0.0042137816,0.48729166,0.006082149,0.027403934,0.009897392,0.3236017,0.5300893,0.8019583,0.009844071,0.025226427,0.0022913148,2.589533,1.445019,null,null,null,null,"TWOGAUSSIANS",8,1.0973396,0.8019583,0.009844071,0.141268,0.012831363,2.589533,1.445019,0.48729166,0.006082149,0.15346202,0.055425398,0.3236017,0.5300893
375316653866487564,4185065959158754432,0.54730755,2182.8330126197,0.23297441150073944,8.146448E-5,17.39756,0.0032744969,0.24902117,0.0020997955,0.04535247,0.004422025,0.31080782,0.046042915,0.76423067,0.03503007,0.048894353,0.016339945,0.19764626,0.056649227,null,null,null,null,"TWOGAUSSIANS",8,5.2381043,0.24902117,0.0020997955,0.25397384,0.02476334,0.31080765,0.046043307,0.76423067,0.03503007,0.2738084,0.09150369,0.1976461,0.056646615
375316653866487564,4185066642045413632,0.4736979,2197.9654869703263,0.23317535414900067,3.891927E-5,18.192135,0.14117931,0.24355696,0.013753458,0.1330618,0.04084962,0.25030258,0.13161118,0.7923545,0.024371136,0.10681946,0.04941658,0.2718676,0.13259174,null,null,null,null,"TWOGAUSSIANS",8,3.6291564,0.79315454,0.023026668,0.4,0.0,0.23512313,0.08143309,0.24345696,0.012592475,0.4,0.0,0.2127395,0.039058242
375316653866487564,4185066783792055680,0.5188386,2220.9392810458594,2.6228951066714146,1.7169512E-5,17.495382,0.1092552,0.310727,0.0032701816,0.112223566,0.018905045,0.44927505,0.10367577,0.8009365,0.020414917,0.1124218,0.030630026,0.48341835,0.11377011,null,null,null,null,"TWOGAUSSIANS",8,15.390673,0.8009365,0.020414917,0.4,0.0,0.41248527,0.05333185,0.310747,0.0031966986,0.4,0.0,0.37834734,0.020647371
375316653866487564,4185067264828382336,0.49416655,2241.4011444535904,3.476501634442812,1.7885668E-5,17.811249,0.00984649,0.27468595,0.017344663,0.11353793,0.021894943,0.15034996,0.024548605,0.7421898,0.0032363385,0.069305755,0.0058101206,0.15200001,0.010144553,null,null,null,null,"TWOGAUSSIANS",8,4.4767656,0.7421898,0.0032363385,0.38811222,0.030537996,0.14782953,0.0076373382,0.27468595,0.017344663,0.4,0.0,0.14614567,0.025368974
375316653866487564,4185067539706341632,0.64563346,2242.8087901795616,2.3119036347576265,9.552038E-6,15.781717,0.007815485,0.2741822,0.0030864852,0.08747956,0.00518444,0.24373241,0.008853531,0.77431035,0.002746851,0.09666566,0.0049322303,0.22198614,0.006310215,null,null,null,null,"TWOGAUSSIANS",8,7.9575667,0.2741822,0.0030864852,0.4,0.0,0.23214465,0.00886267,0.77431035,0.002746851,0.4,0.0,0.21039775,0.0031888727
375316653866487564,4185070013594164480,0.44780573,2194.204510423103,1.1023992585065963,1.8101537E-5,19.770306,0.0130249765,null,null,null,null,null,null,null,null,null,null,null,null,0.23382682,0.026783766,0.31365246,0.006374508,"ELLIPSOIDAL",4,5.157889,null,null,null,null,null,null,null,null,null,null,null,null
375316653866487564,4185072178271297536,0.52601343,2194.0359957604715,2.516212238403932,2.3181152E-5,16.857574,0.03240756,0.29012817,0.0050722267,0.080062926,0.009704708,0.45764422,0.049560577,0.7970836,0.0058841947,0.082177304,0.008881314,0.42366517,0.041803796,null,null,null,null,"TWOGAUSSIANS",8,94.85195,0.29012817,0.0050722267,0.4,0.0,0.4509715,0.04904273,0.7970836,0.0058841947,0.4,0.0,0.41699246,0.037382305
