Gaia/vari_eclipsing_binary/VariEclipsingBinary_694238-694455.csv
# %ECSV 1.0
# ---
# delimiter: ','
# meta: !!omap
# - RELEASE: Gaia DR3
# - TABLE: vari_eclipsing_binary
# - DESCRIPTION: >
#     This table describes the properties of the eclipsing binaries resulting from the variability analysis. 
# - CITATION: >
#     How to cite and acknowledge Gaia: 
#     https://gea.esac.esa.int/archive/documentation/credits.html 
# - KNOWN_ISSUES: >
#     Known issues: 
#     https://www.cosmos.esa.int/web/gaia-users/known-issues 
# - DOCUMENTATION: >
#     Tutorials and documentation: 
#     https://www.cosmos.esa.int/web/gaia-users/archive 
# datatype:
# - 
#   name: solution_id
#   datatype: int64
#   description: Solution Identifier
#   meta:
#     ucd: meta.version
# - 
#   name: source_id
#   datatype: int64
#   description: Unique source identifier
#   meta:
#     ucd: meta.id;meta.main
# - 
#   name: global_ranking
#   datatype: float32
#   description: Number between 0 (worst) and 1 (best)
#   meta:
#     ucd: stat.param
# - 
#   name: reference_time
#   datatype: float64
#   unit: d
#   description: Reference time used for the geometric model fit
#   meta:
#     ucd: time.epoch
# - 
#   name: frequency
#   datatype: float64
#   unit: d**-1
#   description: Frequency of geometric model of the eclipsing binary light curve
#   meta:
#     ucd: src.orbital
# - 
#   name: frequency_error
#   datatype: float32
#   unit: d**-1
#   description: "Uncertainty of \\texttt{frequency}"
#   meta:
#     ucd: stat.error
# - 
#   name: geom_model_reference_level
#   datatype: float32
#   unit: mag
#   description: Magnitude reference level of geometric model
#   meta:
#     ucd: phot.mag;em.opt
# - 
#   name: geom_model_reference_level_error
#   datatype: float32
#   unit: mag
#   description: "Uncertainty of \\texttt{geomModelReferenceLevel}"
#   meta:
#     ucd: stat.error;phot.mag;em.opt
# - 
#   name: geom_model_gaussian1_phase
#   datatype: float32
#   description: Phase of the Gaussian 1 component
#   meta:
#     ucd: time.phase
# - 
#   name: geom_model_gaussian1_phase_error
#   datatype: float32
#   description: "Uncertainty of \\texttt{geomModelGaussian1Phase}"
#   meta:
#     ucd: stat.error;time.phase
# - 
#   name: geom_model_gaussian1_sigma
#   datatype: float32
#   description: "Standard deviation [phase] of Gaussian 1 component"
#   meta:
#     ucd: stat.stdev
# - 
#   name: geom_model_gaussian1_sigma_error
#   datatype: float32
#   description: "Uncertainty of \\texttt{geomModelGaussian1Sigma}"
#   meta:
#     ucd: stat.error
# - 
#   name: geom_model_gaussian1_depth
#   datatype: float32
#   unit: mag
#   description: Magnitude depth of Gaussian 1 component
#   meta:
#     ucd: src.var.amplitude
# - 
#   name: geom_model_gaussian1_depth_error
#   datatype: float32
#   unit: mag
#   description: "Uncertainty of \\texttt{geomModelGaussian1Depth}"
#   meta:
#     ucd: stat.error;src.var.amplitude
# - 
#   name: geom_model_gaussian2_phase
#   datatype: float32
#   description: Phase of Gaussian 2 component
#   meta:
#     ucd: time.phase
# - 
#   name: geom_model_gaussian2_phase_error
#   datatype: float32
#   description: "Uncertainty of \\texttt{geomModelGaussian2Phase}"
#   meta:
#     ucd: stat.error;time.phase
# - 
#   name: geom_model_gaussian2_sigma
#   datatype: float32
[...]
#   datatype: float32
#   description: "Secondary eclipse: uncertainty of \\texttt{derivedSecondaryEclDuration}"
#   meta:
#     ucd: stat.error;time.duration
# - 
#   name: derived_secondary_ecl_depth
#   datatype: float32
#   unit: mag
#   description: "Secondary eclipse: depth"
#   meta:
#     ucd: src.var.amplitude
# - 
#   name: derived_secondary_ecl_depth_error
#   datatype: float32
#   unit: mag
#   description: "Secondary eclipse: uncertainty of \\texttt{derivedSecondaryEclDepth}"
#   meta:
#     ucd: stat.error;src.var.amplitude
solution_id,source_id,global_ranking,reference_time,frequency,frequency_error,geom_model_reference_level,geom_model_reference_level_error,geom_model_gaussian1_phase,geom_model_gaussian1_phase_error,geom_model_gaussian1_sigma,geom_model_gaussian1_sigma_error,geom_model_gaussian1_depth,geom_model_gaussian1_depth_error,geom_model_gaussian2_phase,geom_model_gaussian2_phase_error,geom_model_gaussian2_sigma,geom_model_gaussian2_sigma_error,geom_model_gaussian2_depth,geom_model_gaussian2_depth_error,geom_model_cosine_half_period_amplitude,geom_model_cosine_half_period_amplitude_error,geom_model_cosine_half_period_phase,geom_model_cosine_half_period_phase_error,model_type,num_model_parameters,reduced_chi2,derived_primary_ecl_phase,derived_primary_ecl_phase_error,derived_primary_ecl_duration,derived_primary_ecl_duration_error,derived_primary_ecl_depth,derived_primary_ecl_depth_error,derived_secondary_ecl_phase,derived_secondary_ecl_phase_error,derived_secondary_ecl_duration,derived_secondary_ecl_duration_error,derived_secondary_ecl_depth,derived_secondary_ecl_depth_error
[from data line 149]
375316653866487564,6107208547322952192,0.5935002,2320.829837492667,0.6895131623106329,5.1596442E-5,17.011011,0.005978493,0.16267788,0.0062271957,0.027295003,0.0070693437,0.06762447,0.0145948455,0.67256534,0.015937777,0.03142879,0.019245993,0.2797241,0.11880929,0.021237314,0.008956006,0.16267788,0.0062271957,"TWOGAUSSIANS_WITH_ELLIPSOIDAL_ON_ECLIPSE1",9,3.4192455,0.67256534,0.015937777,0.17600124,0.10777756,0.3220349,0.12797816,0.16267788,0.0062271957,0.15285201,0.039588325,0.110099,0.005443171
375316653866487564,6107214216680703488,0.6287236,2308.307412607466,3.794451346075343,4.7700114E-6,18.330404,0.014794138,0.29433012,0.0015497633,0.043808974,0.0030099163,0.53510016,0.039650798,0.787759,0.0015719992,0.044243257,0.0043652426,0.42882138,0.027892454,0.13780877,0.023903435,0.29433012,0.0015497633,"TWOGAUSSIANS_WITH_ELLIPSOIDAL_ON_ECLIPSE1",9,4.7351527,0.29433012,0.0015497633,0.24533026,0.01685553,0.81071705,0.017553097,0.78834903,0.0013715198,0.24776223,0.024445359,0.7040111,0.030790985
375316653866487564,6107216518782061312,0.6184033,2273.9381427142616,3.5916132645953547,6.9633393E-6,16.778877,0.0075909663,0.26587424,0.0020814284,0.050085258,0.023160115,0.1795231,0.0822958,0.7569454,0.00294868,0.05111221,0.0035009165,0.26173708,0.014285489,0.09928015,0.0081325,0.26587424,0.0020814284,"TWOGAUSSIANS_WITH_ELLIPSOIDAL_ON_ECLIPSE1",9,7.606523,0.7581554,0.0025181144,0.28622836,0.019605132,0.45975584,0.010571497,0.26587424,0.0020814284,0.28047743,0.12969664,0.37808186,0.0940962
375316653866487564,6107219989115657728,0.60390216,2301.178388887084,3.7172606812485784,1.7435923E-5,16.179075,0.018221559,0.24801564,0.0018342832,0.055725463,0.00523163,0.35313272,0.04069087,0.76894134,0.07476337,0.061567377,0.085506454,0.35545778,0.2943927,0.09822711,0.025862338,0.24801564,0.0018342832,"TWOGAUSSIANS_WITH_ELLIPSOIDAL_ON_ECLIPSE1",9,55.443653,0.24801564,0.0017517081,0.3120626,0.029297128,0.54954785,0.02550131,0.76894134,0.07476337,0.34477732,0.072697446,0.5484963,0.3400053
375316653866487564,6107231735846140288,0.5123924,2308.693818271472,1.9387159071868698,4.4589375E-5,19.458057,0.004923651,0.35194114,0.023563761,0.09124811,0.018730827,0.04894819,0.010898475,0.7219791,7.490833E-4,0.009039543,6.823278E-4,0.7425284,0.18120882,null,null,null,null,"TWOGAUSSIANS",8,1.0186427,0.7219791,7.490833E-4,0.05062144,0.0038210356,0.7425415,0.1812099,0.35194114,0.023563761,0.4,0.0,0.04894816,0.010898466
375316653866487564,6107232496060731904,0.5376708,2311.7840243886317,3.5920771374082316,1.3328982E-5,18.185692,0.013119641,0.21000893,0.0061426447,0.08399555,0.008578702,0.2636173,0.019630551,0.72429204,0.004952933,0.08672381,0.013095781,0.22460163,0.022831999,null,null,null,null,"TWOGAUSSIANS",8,3.398118,0.21000893,0.0061426447,0.4,0.0,0.25841954,0.019653773,0.72429204,0.004952933,0.4,0.0,0.21940383,0.026040899
375316653866487564,6107235446699819136,0.48920453,2282.731193144789,2.8066179967928164,4.4011864E-5,15.303957,0.019565787,0.20804939,0.0123807825,0.09348957,0.031418364,0.20007445,0.20981462,0.7057102,0.0061797933,0.09338303,0.013477871,0.1898798,0.017730663,null,null,null,null,"TWOGAUSSIANS",8,149.17732,0.20804939,0.0123807825,0.4,0.043224987,0.18956149,0.21820946,0.7057102,0.0061797933,0.4,0.0,0.17936686,0.012274667
375316653866487564,6107236992888193024,0.5488617,2236.893554547466,4.629296605084465,2.9904186E-5,18.12436,0.024020273,0.18779531,0.0052235625,0.08927108,0.0119997775,0.21355473,0.024208764,0.6829595,0.011302617,0.06768968,0.012317622,0.46866333,0.029008163,null,null,null,null,"TWOGAUSSIANS",8,9.329083,0.6829595,0.011302617,0.3790622,0.031216437,0.46534443,0.02340726,0.18779531,0.0052235625,0.4,0.0,0.21023577,0.017604781
375316653866487564,6107239879106232832,0.63845456,2241.6356388916474,3.1249506539672725,5.825637E-6,17.998276,0.016525434,0.16001897,0.0047196206,0.051946115,0.007208485,0.29785618,0.03789314,0.6610543,0.0022132806,0.044959094,0.005233303,0.26287043,0.04641257,0.14188668,0.02221185,0.6610543,0.0022132806,"TWOGAUSSIANS_WITH_ELLIPSOIDAL_ON_ECLIPSE2",9,3.784296,0.16018897,0.0039101145,0.29089826,0.040367518,0.5816162,0.016011802,0.6610543,0.0022132806,0.25177094,0.0293065,0.54664046,0.038500186
375316653866487564,6107244723826446336,0.45816818,2253.2893805629406,0.31309224613847114,5.8550955E-5,18.981356,0.021105375,0.23354457,0.030608835,0.08728454,0.044284884,0.14244336,0.034610864,0.6070088,0.0076064575,0.09667276,0.011481038,0.3015709,0.030247666,null,null,null,null,"TWOGAUSSIANS",8,3.3037252,0.6070088,0.0076064575,0.4,0.0,0.3003147,0.034768093,0.23392458,0.030218367,0.4,0.0,0.14134663,0.039877295
375316653866487564,6107248232820368768,0.6003741,2273.313645129199,1.8921263940179887,5.8140836E-6,17.901169,0.012590898,0.22297694,0.0073796916,0.10634182,0.01663422,0.17029232,0.03257972,0.7136635,0.0021465155,0.07518985,0.0034702255,0.443685,0.017339405,null,null,null,null,"TWOGAUSSIANS",8,2.2581623,0.7136635,0.0021465155,0.4,0.0,0.43422472,0.014758507,0.22297694,0.0073796916,0.4,0.0,0.16082622,0.035338495
375316653866487564,6107252940104443136,0.5877702,2180.8069708419976,2.746738793614085,1.4082134E-5,17.233112,0.021256173,0.21521659,0.0065147597,0.09804752,0.008902249,0.40664813,0.026180428,0.7219293,0.0027057247,0.09563573,0.006020271,0.35737464,0.02080391,null,null,null,null,"TWOGAUSSIANS",8,9.824869,0.21521659,0.0065147597,0.4,0.0,0.38174948,0.01697672,0.7219293,0.0027057247,0.4,0.0,0.33247706,0.012285021
375316653866487564,6107265167874166016,0.5417107,2273.8976924950243,1.2226194593286785,1.2479111E-5,18.960735,0.008594678,0.7287483,0.004335163,0.028188344,0.0030293842,0.5959082,0.05884953,null,null,null,null,null,null,0.034468304,0.011706316,0.7287483,0.004335163,"ONEGAUSSIAN_WITH_ELLIPSOIDAL",6,6.5474486,0.7287483,0.004335163,0.15785472,0.016964551,0.6648447,0.062380508,null,null,null,null,null,null
375316653866487564,6107266409122057216,0.6266531,2259.5654971014064,2.951504139757992,7.656957E-6,15.404331,0.02535799,0.20637827,0.0013546002,0.049563896,0.0050403737,0.42189866,0.05601951,0.7062319,0.0010157599,0.040788606,0.005472624,0.33305573,0.057566393,0.14318566,0.031914666,0.20637827,0.0013546002,"TWOGAUSSIANS_WITH_ELLIPSOIDAL_ON_ECLIPSE1",9,151.61656,0.20637827,0.0013546002,0.27755782,0.02822609,0.70826864,0.027600791,0.7062419,9.28467E-4,0.22841619,0.030646697,0.61942554,0.034458697
375316653866487564,6107268947442170624,0.6111747,2303.4312740815103,1.1856434518674481,5.4179413E-6,15.084088,0.08070051,0.26803336,0.002408143,0.13825625,0.015627008,0.31818843,0.07773561,0.7783668,0.005094424,0.13908415,0.028479243,0.20726787,0.07795113,null,null,null,null,"TWOGAUSSIANS",8,12.685651,0.26777336,0.001895822,0.4,0.0,0.22535773,0.004688982,0.7789668,0.0053465366,0.4,0.0,0.11472046,0.005965594
375316653866487564,6107270257412935424,0.63299596,2307.5248022500473,0.7471116227403964,2.9652313E-6,12.89452,0.0012611089,0.20639826,0.0037467622,0.033050623,0.0030995887,0.08959776,0.0065019764,0.7052148,0.005448813,0.03685903,0.0047113,0.53774613,0.1249931,0.023384105,0.0030480125,0.20639826,0.0037467622,"TWOGAUSSIANS_WITH_ELLIPSOIDAL_ON_ECLIPSE1",9,70.30986,0.7052248,0.0054340158,0.20641059,0.026383279,0.58451176,0.1257721,0.20639826,0.0037467622,0.18508348,0.017357696,0.13636597,0.007535368
375316653866487564,6107272112839136384,0.63297325,2340.5211566761122,1.154483023175654,1.2037446E-5,13.358266,0.0029364165,0.23123042,0.0022656682,0.03448815,0.021341022,0.15810184,47.941654,0.7241073,0.010895106,0.046589267,0.0063267504,0.081975505,0.009311048,0.07318653,0.0048901215,0.23123042,0.0022656682,"TWOGAUSSIANS_WITH_ELLIPSOIDAL_ON_ECLIPSE1",9,31.815235,0.23123042,0.0022656682,0.19313362,0.11950972,0.30447453,47.94374,0.7257773,0.009135429,0.2608999,0.0354298,0.22812378,0.004579089
375316653866487564,6107274140063173632,0.68211055,2295.099648701897,2.794349735596874,8.33569E-6,17.101261,0.013645282,0.27294955,0.004029858,0.052465834,0.003835481,0.5433207,0.037322477,0.77757615,0.003882386,0.044831682,0.00435304,0.408558,0.030370863,0.1197829,0.018130135,0.27294955,0.004029858,"TWOGAUSSIANS_WITH_ELLIPSOIDAL_ON_ECLIPSE1",9,7.282125,0.27294955,0.004029858,0.29380867,0.021478694,0.7828799,0.031023927,0.77757615,0.003882386,0.25105742,0.024377024,0.6479148,0.0126205385
375316653866487564,6107278057073880704,0.60006267,2341.598002679255,0.07122428423442467,1.7669138E-4,15.52945,0.0011551976,0.27526313,0.008231938,0.07148137,0.002212849,1.0559076,0.118246585,0.5763917,0.19144176,0.11562714,0.10587682,0.010332646,0.0146063985,null,null,null,null,"TWOGAUSSIANS",8,5.3085556,0.27530313,0.008110453,0.4,0.011264806,1.0561671,0.11571682,0.5763917,0.19144176,0.4,0.22719446,0.0103920335,0.09852759
375316653866487564,6107286711427599616,0.6388259,2279.4483485972605,3.6964334443155904,5.8709675E-6,17.976841,0.013040763,0.30562705,0.0021595783,0.03645019,0.0048381574,0.3693268,0.034151286,0.80732703,0.0030435864,0.042532235,0.0048341956,0.3195318,0.031347837,0.2220576,0.019131947,0.30562705,0.0021595783,"TWOGAUSSIANS_WITH_ELLIPSOIDAL_ON_ECLIPSE1",9,6.6979103,0.30562705,0.0021595783,0.20412105,0.027093682,0.8134419,0.02007718,0.80732703,0.00302669,0.23818052,0.027071495,0.76359624,0.009582897
375316653866487564,6107295713679377920,0.49914128,2307.30622006357,1.0292370730075229,5.536031E-5,18.198753,0.0053550713,0.28651503,0.001707619,0.03563884,0.0029696235,0.28329897,0.03028555,0.7717969,0.06981566,0.033979513,0.013087491,0.040240172,0.019329559,null,null,null,null,"TWOGAUSSIANS",8,4.039357,0.28651503,0.001707619,0.1995775,0.016629891,0.28329897,0.03028555,0.7717969,0.06981566,0.19028527,0.07328995,0.040240172,0.019329559
375316653866487564,6107296641392459776,0.5436363,2308.0583760446248,0.35574972486089795,1.244856E-4,15.927332,0.014955448,0.15984346,0.04742003,0.030492198,0.026947105,3.1245399,21241.236,0.6860387,0.0427086,0.025385736,0.021979352,3.0518103,649.8994,null,null,null,null,"TWOGAUSSIANS",8,718.65533,0.15984346,0.04742003,0.17075631,0.15090379,3.1245399,21241.236,0.6860387,0.0427086,0.14216012,0.123084374,3.0518103,649.8994
375316653866487564,6107302315049232896,0.5733437,2317.284487008063,3.5723058814681408,9.933676E-6,16.972343,0.010187815,0.3112906,0.007801776,0.09419903,0.00973947,0.22111878,0.010190023,0.81148875,0.0021580288,0.09273178,0.0046416824,0.263995,0.010214988,null,null,null,null,"TWOGAUSSIANS",8,7.729646,0.81148875,0.0021580288,0.4,0.0,0.25054625,0.007393741,0.3112906,0.007801776,0.4,0.0,0.20766996,0.009355594
375316653866487564,6107305300044380928,0.5560732,2273.564410019577,3.60536936388644,1.6415559E-5,18.0369,0.03651394,0.25101215,0.0056993566,0.1037878,0.022043392,0.23298529,0.022076227,0.7468063,0.0047693267,0.107747376,0.015468294,0.21382155,0.03556498,null,null,null,null,"TWOGAUSSIANS",8,2.564664,0.25101215,0.0057022893,0.4,0.0,0.20696642,0.020349767,0.7468063,0.0047693267,0.4,0.0,0.18779784,0.006950702
375316653866487564,6107308328001994880,0.5342646,2285.2064187228043,3.4202624939127557,2.3496923E-5,19.258514,0.042223494,0.2763224,0.011858782,0.09511923,0.018676277,0.3551439,0.046169978,0.7680803,0.0044970475,0.09881176,0.013016866,0.35628238,0.03866137,null,null,null,null,"TWOGAUSSIANS",8,1.9124374,0.7680803,0.0044970475,0.4,0.0,0.33334082,0.025513403,0.2763224,0.011865762,0.4,0.0,0.3322037,0.025757939
375316653866487564,6107308946477290496,0.5335013,2251.3634669415173,0.549754160627401,9.612337E-6,16.008026,0.021392375,0.29183248,0.051269904,0.046487726,0.019871235,0.3057215,0.20193437,0.78088266,0.0046278457,0.025717823,0.0050830357,1.590481,0.52438724,null,null,null,null,"TWOGAUSSIANS",8,420.04642,0.78088266,0.0046278457,0.14401981,0.028465,1.590481,0.52438724,0.29183248,0.051269904,0.26033127,0.11127892,0.3057215,0.20193437
375316653866487564,6107309595011818880,0.5461565,2227.1025593684676,2.928362193939648,1.9936673E-5,19.685047,0.03773245,0.2817821,0.023406409,0.059255645,0.02899203,0.5051121,0.065173015,0.798329,0.004009953,0.07733189,0.009684348,0.47292784,0.02979595,null,null,null,null,"TWOGAUSSIANS",8,1.5340673,0.2817821,0.023406409,0.3318316,0.0859022,0.5043562,0.07621606,0.798329,0.004009953,0.4,0.0,0.47217193,0.024083389
375316653866487564,6107310625804003200,0.50966036,2263.8999736817736,3.3069140972534505,2.5398569E-5,19.252851,0.03178593,0.21565698,0.005848959,0.0875183,0.013281566,0.28344768,0.032698784,0.71741366,0.014370995,0.0838783,0.021627564,0.2930165,0.040352434,null,null,null,null,"TWOGAUSSIANS",8,2.2848077,0.71741366,0.014370995,0.4,0.0,0.28508297,0.037711173,0.21565698,0.005848959,0.4,0.0,0.27551413,0.025250986
375316653866487564,6107310870622698752,0.59792405,2286.483635751211,4.419971119104903,1.2151229E-5,17.11388,0.010064599,0.22989532,0.0033456539,0.07206125,0.003100957,0.52267736,0.014086011,0.75327086,0.03710974,0.074489914,0.014692508,0.43866244,0.119801186,null,null,null,null,"TWOGAUSSIANS",8,18.7639,0.22989532,0.0033456539,0.4,0.0048544374,0.5210525,0.014501778,0.75327086,0.03710974,0.4,0.051262755,0.4370376,0.11819884
375316653866487564,6107322720432011648,0.6019034,2238.693965422462,3.0088616837874995,1.99764E-5,19.017195,0.017243495,0.28461328,0.0030499278,0.069116406,0.006817052,0.46742648,0.018232608,0.774748,0.005728072,0.08815556,0.008725203,0.46162558,0.019929586,null,null,null,null,"TWOGAUSSIANS",8,2.1012886,0.28461328,0.0030499278,0.38705185,0.022460947,0.46261927,0.016827846,0.774748,0.005728072,0.4,0.0,0.45681825,0.017937448
375316653866487564,6107326229427517696,0.5355783,2313.158275998456,1.965178810657623,4.9410326E-5,11.696145,0.016246984,0.2727064,0.011045676,0.0850949,0.016091958,0.32644144,0.037492063,0.7631425,0.0010493475,0.07032344,0.0033719428,0.66198033,0.04545513,null,null,null,null,"TWOGAUSSIANS",8,21.580475,0.7631425,0.0010493475,0.39381123,0.0131721515,0.6578767,0.0457671,0.2727064,0.011045676,0.4,0.0,0.32233778,0.03973864
375316653866487564,6107329184363465728,0.48401314,2276.650155397947,0.7541735531167119,2.6841479E-5,16.872278,0.0035233016,0.17321356,0.010730878,0.027468674,0.00875729,0.046094507,0.02166006,0.6914314,9.379505E-4,0.023328094,0.001959898,0.14751026,0.020370936,0.022317015,0.0069394778,0.17321356,0.010730878,"TWOGAUSSIANS_WITH_ELLIPSOIDAL_ON_ECLIPSE1",9,13.892077,0.6914314,9.379505E-4,0.13063732,0.010975429,0.19156195,0.025441067,0.17321356,0.010730878,0.15382458,0.049040828,0.09072846,0.019093152
375316653866487564,6107341824450904576,0.5654804,2311.97582426404,1.8778605014647864,2.7520584E-5,19.174755,0.003379584,0.74483395,0.04301615,0.12929055,0.023803623,0.030137727,0.009326966,0.36260986,7.162215E-5,0.012035493,1.1607032E-4,0.6182075,0.0040249745,null,null,null,null,"TWOGAUSSIANS",8,1.2983884,0.36260986,7.162215E-5,0.06739876,6.499938E-4,0.61855507,0.004037397,0.74483395,0.04301615,0.4,0.0,0.03010364,0.009334262
375316653866487564,6107355740143020544,0.57259,2365.6346733339196,4.024518556938113,1.778208E-5,19.115744,0.018922474,0.31862113,0.009453587,0.06775529,0.009203865,0.53699183,0.027410652,0.8081244,0.0037286566,0.074873924,0.0043254425,0.5883655,0.023076326,null,null,null,null,"TWOGAUSSIANS",8,3.3076885,0.8081244,0.0037286566,0.4,0.0,0.58650553,0.022839686,0.31862113,0.009453587,0.3794296,0.029713295,0.5351319,0.02654903
375316653866487564,6107357428068583680,0.54768693,2301.9399958910144,2.7587810119226472,1.2130742E-5,14.017517,0.018997466,0.19291341,0.002980638,0.087448925,0.007995866,0.35428467,0.017869495,0.6857357,0.004185023,0.07047629,0.007833663,0.36084658,0.020889968,null,null,null,null,"TWOGAUSSIANS",8,542.1463,0.6857357,0.004185023,0.39466724,0.030156938,0.35675842,0.019233853,0.19291341,0.002980638,0.4,0.0,0.35019642,0.016511122
