Gaia/vari_eclipsing_binary/VariEclipsingBinary_615412-615562.csv
# %ECSV 1.0
# ---
# delimiter: ','
# meta: !!omap
# - RELEASE: Gaia DR3
# - TABLE: vari_eclipsing_binary
# - DESCRIPTION: >
#     This table describes the properties of the eclipsing binaries resulting from the variability analysis. 
# - CITATION: >
#     How to cite and acknowledge Gaia: 
#     https://gea.esac.esa.int/archive/documentation/credits.html 
# - KNOWN_ISSUES: >
#     Known issues: 
#     https://www.cosmos.esa.int/web/gaia-users/known-issues 
# - DOCUMENTATION: >
#     Tutorials and documentation: 
#     https://www.cosmos.esa.int/web/gaia-users/archive 
# datatype:
# - 
#   name: solution_id
#   datatype: int64
#   description: Solution Identifier
#   meta:
#     ucd: meta.version
# - 
#   name: source_id
#   datatype: int64
#   description: Unique source identifier
#   meta:
#     ucd: meta.id;meta.main
# - 
#   name: global_ranking
#   datatype: float32
#   description: Number between 0 (worst) and 1 (best)
#   meta:
#     ucd: stat.param
# - 
#   name: reference_time
#   datatype: float64
#   unit: d
#   description: Reference time used for the geometric model fit
#   meta:
#     ucd: time.epoch
# - 
#   name: frequency
#   datatype: float64
#   unit: d**-1
#   description: Frequency of geometric model of the eclipsing binary light curve
#   meta:
#     ucd: src.orbital
# - 
#   name: frequency_error
#   datatype: float32
#   unit: d**-1
#   description: "Uncertainty of \\texttt{frequency}"
#   meta:
#     ucd: stat.error
# - 
#   name: geom_model_reference_level
#   datatype: float32
#   unit: mag
#   description: Magnitude reference level of geometric model
#   meta:
#     ucd: phot.mag;em.opt
# - 
#   name: geom_model_reference_level_error
#   datatype: float32
#   unit: mag
#   description: "Uncertainty of \\texttt{geomModelReferenceLevel}"
#   meta:
#     ucd: stat.error;phot.mag;em.opt
# - 
#   name: geom_model_gaussian1_phase
#   datatype: float32
#   description: Phase of the Gaussian 1 component
#   meta:
#     ucd: time.phase
# - 
#   name: geom_model_gaussian1_phase_error
#   datatype: float32
#   description: "Uncertainty of \\texttt{geomModelGaussian1Phase}"
#   meta:
#     ucd: stat.error;time.phase
# - 
#   name: geom_model_gaussian1_sigma
#   datatype: float32
#   description: "Standard deviation [phase] of Gaussian 1 component"
#   meta:
#     ucd: stat.stdev
# - 
#   name: geom_model_gaussian1_sigma_error
#   datatype: float32
#   description: "Uncertainty of \\texttt{geomModelGaussian1Sigma}"
#   meta:
#     ucd: stat.error
# - 
#   name: geom_model_gaussian1_depth
#   datatype: float32
#   unit: mag
#   description: Magnitude depth of Gaussian 1 component
#   meta:
#     ucd: src.var.amplitude
# - 
#   name: geom_model_gaussian1_depth_error
#   datatype: float32
#   unit: mag
#   description: "Uncertainty of \\texttt{geomModelGaussian1Depth}"
#   meta:
#     ucd: stat.error;src.var.amplitude
# - 
#   name: geom_model_gaussian2_phase
#   datatype: float32
#   description: Phase of Gaussian 2 component
#   meta:
#     ucd: time.phase
# - 
#   name: geom_model_gaussian2_phase_error
#   datatype: float32
#   description: "Uncertainty of \\texttt{geomModelGaussian2Phase}"
#   meta:
#     ucd: stat.error;time.phase
# - 
#   name: geom_model_gaussian2_sigma
#   datatype: float32
[...]
#   datatype: float32
#   description: "Secondary eclipse: uncertainty of \\texttt{derivedSecondaryEclDuration}"
#   meta:
#     ucd: stat.error;time.duration
# - 
#   name: derived_secondary_ecl_depth
#   datatype: float32
#   unit: mag
#   description: "Secondary eclipse: depth"
#   meta:
#     ucd: src.var.amplitude
# - 
#   name: derived_secondary_ecl_depth_error
#   datatype: float32
#   unit: mag
#   description: "Secondary eclipse: uncertainty of \\texttt{derivedSecondaryEclDepth}"
#   meta:
#     ucd: stat.error;src.var.amplitude
solution_id,source_id,global_ranking,reference_time,frequency,frequency_error,geom_model_reference_level,geom_model_reference_level_error,geom_model_gaussian1_phase,geom_model_gaussian1_phase_error,geom_model_gaussian1_sigma,geom_model_gaussian1_sigma_error,geom_model_gaussian1_depth,geom_model_gaussian1_depth_error,geom_model_gaussian2_phase,geom_model_gaussian2_phase_error,geom_model_gaussian2_sigma,geom_model_gaussian2_sigma_error,geom_model_gaussian2_depth,geom_model_gaussian2_depth_error,geom_model_cosine_half_period_amplitude,geom_model_cosine_half_period_amplitude_error,geom_model_cosine_half_period_phase,geom_model_cosine_half_period_phase_error,model_type,num_model_parameters,reduced_chi2,derived_primary_ecl_phase,derived_primary_ecl_phase_error,derived_primary_ecl_duration,derived_primary_ecl_duration_error,derived_primary_ecl_depth,derived_primary_ecl_depth_error,derived_secondary_ecl_phase,derived_secondary_ecl_phase_error,derived_secondary_ecl_duration,derived_secondary_ecl_duration_error,derived_secondary_ecl_depth,derived_secondary_ecl_depth_error
[from data line 496]
375316653866487564,5414156853321279872,0.51882654,2159.2657047461607,2.4457736208109626,1.2266997E-5,15.508047,0.07207162,0.18395847,0.004943122,0.11511634,0.025986819,0.16853331,0.06849717,0.6776074,0.003762984,0.13480486,0.02326074,0.2848027,0.06975174,null,null,null,null,"TWOGAUSSIANS",8,71.9031,0.6776074,0.003762984,0.4,0.0,0.2278725,0.008894235,0.18416847,0.0048800693,0.4,0.0,0.11217046,0.008572703
375316653866487564,5414157226978971264,0.52137893,2183.4774089553935,2.4546853974107976,8.436338E-6,18.777393,0.016994622,0.25003666,0.0049664197,0.09301881,0.008220582,0.30732518,0.017120538,0.7516666,0.0037178118,0.09819915,0.007532377,0.3085753,0.016763447,null,null,null,null,"TWOGAUSSIANS",8,3.6145627,0.7516666,0.0037178118,0.4,0.0,0.28885227,0.011683501,0.25003666,0.0049664197,0.4,0.0,0.28760332,0.012942573
375316653866487564,5414157226978986240,0.5598325,2184.985699037075,3.6392391015472305,5.0001454E-6,17.858822,0.0062159155,0.20717749,0.0026627653,0.074686304,0.0033284887,0.30221772,0.011064328,0.7117396,0.0021652528,0.080587246,0.00366648,0.38179052,0.01757843,null,null,null,null,"TWOGAUSSIANS",8,6.2722054,0.7117396,0.0021652528,0.4,0.0,0.37831756,0.018227609,0.20717749,0.0026627653,0.4,0.0,0.29874477,0.010828373
375316653866487564,5414158944965940608,0.55138224,2179.9196682575925,2.914418437395045,6.558457E-6,17.784576,0.009929835,0.21035457,0.0031346965,0.09182015,0.0067397323,0.3063259,0.009759292,0.7064199,0.0038294052,0.08636648,0.0074942517,0.2724601,0.010884664,null,null,null,null,"TWOGAUSSIANS",8,6.7290015,0.21035457,0.0031346965,0.4,0.0,0.29572052,0.009847507,0.7064199,0.0038294052,0.4,0.0,0.2618549,0.011481831
375316653866487564,5414159395941888128,0.58709174,2190.7378995609306,0.21735083279697798,4.1516552E-5,15.635924,0.002336327,0.27372447,0.051453047,0.08778693,0.051632807,0.009996288,0.005270903,0.8254033,0.0020923903,0.013098916,0.0013230651,0.5318585,0.07030923,null,null,null,null,"TWOGAUSSIANS",8,23.362799,0.8254033,0.0020923903,0.07335393,0.0074091647,0.5318585,0.070309214,0.27372447,0.051453047,0.4,0.13256662,0.00999628,0.005270913
375316653866487564,5414162655817698176,0.51208663,2195.892316914846,3.738098714515791,6.748581E-6,18.492573,0.01575881,0.19435139,0.0021736438,0.09428826,0.007462786,0.24318726,0.013603008,0.6804549,0.0042156344,0.09749557,0.008746276,0.20381641,0.016095608,null,null,null,null,"TWOGAUSSIANS",8,2.4687696,0.19435139,0.0021736438,0.4,0.0,0.23093008,0.009176011,0.6804549,0.0042156344,0.4,0.0,0.19155873,0.011993615
375316653866487564,5414165202737738112,0.5629473,2189.110965189488,0.3692041088953058,1.7391603E-5,16.622065,0.0010036932,0.15835048,6.3934026E-4,0.01569413,0.0011542808,0.15317643,0.007814795,0.8248821,0.0071194344,0.012631878,0.011154409,0.16601937,0.7512664,null,null,null,null,"TWOGAUSSIANS",8,3.6924226,0.8248821,0.0071194344,0.07073852,0.062464684,0.16601937,0.7512664,0.15835048,6.3934026E-4,0.08788713,0.006463973,0.15317643,0.007814795
375316653866487564,5414165408896168064,0.532047,2175.688221224018,0.9187109795546364,8.483155E-6,17.399578,0.0062813796,0.4983578,0.050427396,0.042429324,0.04507203,0.013741408,0.022687301,0.6517721,7.749107E-4,0.016765578,5.508081E-4,0.68904305,0.02126285,null,null,null,null,"TWOGAUSSIANS",8,37.086494,0.6517721,7.749107E-4,0.09388723,0.0030845252,0.68906295,0.021281635,0.4983578,0.050427396,0.23760423,0.25240335,0.013741408,0.022687301
375316653866487564,5414169459046203520,0.4991702,2180.5370698152265,0.032712780537954796,1.0451543E-5,18.851807,0.0038392027,0.19435844,0.0040041883,0.0120970225,0.0035032013,0.19206303,0.032056957,0.72993684,1.794485E-5,0.004449576,1.8937513E-4,0.103202604,0.0069430703,0.07264259,0.005236016,0.19435844,0.0040041883,"TWOGAUSSIANS_WITH_ELLIPSOIDAL_ON_ECLIPSE1",9,4.4354763,0.19435844,0.0040041883,0.067743324,0.019617928,0.33734816,0.033851046,0.72993684,1.794485E-5,0.024917627,0.0010605007,0.24134758,0.0066472352
375316653866487564,5414169532064776448,0.5788986,2194.3710214430275,3.1930963671130956,3.5212847E-6,13.400614,0.007048539,0.27701765,0.0024071096,0.089345604,0.0028042507,0.44343504,0.011208695,0.7748543,0.0013714302,0.08505893,0.0028442913,0.44032356,0.008050668,null,null,null,null,"TWOGAUSSIANS",8,448.3979,0.27701765,0.0024071096,0.4,0.0,0.429438,0.010871503,0.7748543,0.0013714302,0.4,0.0,0.42632663,0.008089234
375316653866487564,5414172487001214464,0.57818276,2192.225224284899,3.2325344799149023,7.927629E-6,16.10747,0.026776163,0.2684614,0.0031938343,0.049822927,0.018576521,0.15183036,0.049542997,0.769852,0.004645902,0.06756152,0.01468933,0.21832126,0.042676214,0.08082167,0.029077878,0.2684614,0.0031938343,"TWOGAUSSIANS_WITH_ELLIPSOIDAL_ON_ECLIPSE1",9,36.25227,0.769852,0.0044289245,0.37834454,0.07688417,0.37974182,0.024366433,0.2684614,0.0031938343,0.2790084,0.104028516,0.31326327,0.010950179
375316653866487564,5414174857823084416,0.5043104,2158.6651742456947,4.205537361671891,3.0718038E-5,16.350187,0.008682523,0.30985314,0.0039674193,0.046372067,0.01052528,0.091164745,0.022180755,0.8392916,0.019843824,0.03474822,0.019637175,0.066527836,0.040789384,0.115486726,0.012912915,0.30985314,0.0039674193,"TWOGAUSSIANS_WITH_ELLIPSOIDAL_ON_ECLIPSE1",9,43.59138,0.30985314,0.0039674193,0.25968358,0.05894157,0.32213777,0.012426648,0.8392916,0.019843824,0.19459002,0.10996818,0.28968832,0.04155308
375316653866487564,5414175471997075968,0.4887296,2165.877728309412,0.152353924283242,3.2031854E-5,17.876345,0.0020385438,0.19423923,0.0073393434,0.018337505,0.011014375,0.019901201,0.008202964,0.69049555,3.068558E-4,0.0071289316,3.792358E-4,0.33258864,0.05612213,null,null,null,null,"TWOGAUSSIANS",8,3.6286383,0.69049555,3.068558E-4,0.039922018,0.0021237205,0.33258864,0.05612213,0.19423923,0.0073393434,0.10269003,0.061680496,0.019901201,0.008202964
375316653866487564,5414181523612356352,0.57714593,2181.5189337671113,0.31563067291214014,2.1456523E-5,16.494072,0.0016203738,0.7977854,0.0010955838,0.006862569,0.0017141938,0.36109188,0.018647794,null,null,null,null,null,null,0.008656986,0.002498705,0.7977854,0.0010955838,"ONEGAUSSIAN_WITH_ELLIPSOIDAL",6,12.636498,0.7977854,0.0010955838,0.038430385,0.009599485,0.3784058,0.018824402,null,null,null,null,null,null
375316653866487564,5414184822147244544,0.55907923,2131.4686441132267,3.4298406547807168,8.94907E-6,16.717154,0.010277388,0.23642218,0.0034023512,0.04506819,0.012378842,0.14586812,0.021871962,0.7422418,0.0032064284,0.048999853,0.0045739273,0.19368678,0.028748043,0.10138372,0.015047333,0.23642218,0.0034023512,"TWOGAUSSIANS_WITH_ELLIPSOIDAL_ON_ECLIPSE1",9,30.60118,0.7422418,0.0032064284,0.2743992,0.025613992,0.39618292,0.014067287,0.23642218,0.0034023512,0.25238186,0.06932151,0.3486353,0.020340247
375316653866487564,5414186295314993408,0.52166766,2147.31254027542,2.6249976244303195,9.695613E-6,15.398203,0.03141056,0.19834723,0.0028370712,0.053093445,0.007757087,0.33996788,0.07697254,0.6783796,0.008333201,0.05412231,0.020046506,0.27115473,0.11225898,0.091505654,0.041871496,0.19834723,0.0028370712,"TWOGAUSSIANS_WITH_ELLIPSOIDAL_ON_ECLIPSE1",9,385.72675,0.19834723,0.0028370712,0.2973233,0.043439686,0.5229719,0.02846741,0.6810596,0.008399422,0.30308494,0.11226044,0.4516757,0.12350063
375316653866487564,5414188051962569088,0.62097204,2156.171306341274,1.7899677038258328,4.5862316E-6,16.86949,0.005545084,0.11472963,0.0020604562,0.04891585,0.0026360154,0.264676,0.014241986,0.60867614,0.004839764,0.06260739,0.008808184,0.062876955,0.012024705,0.022658542,0.0068949405,0.11472963,0.0020604562,"TWOGAUSSIANS_WITH_ELLIPSOIDAL_ON_ECLIPSE1",9,2.9755378,0.11472963,0.0020604562,0.2739288,0.014761686,0.30997795,0.004398163,0.60977614,0.0038545437,0.35060138,0.04932583,0.10812531,0.0033820635
375316653866487564,5414191968972716288,0.6246085,2167.4911413713676,0.5019927653699817,2.728889E-6,14.759154,0.0038620606,0.2208376,0.0011128848,0.024009142,0.0013054293,2.1930227,0.25793085,0.72096056,9.261001E-4,0.022352373,0.0024419662,0.08785751,0.008536159,0.010830343,0.005981004,0.2208376,0.0011128848,"TWOGAUSSIANS_WITH_ELLIPSOIDAL_ON_ECLIPSE1",9,134.05145,0.2208376,0.0011128848,0.1344512,0.007310404,2.2146835,0.2640496,0.72096056,9.178287E-4,0.12517329,0.013675011,0.10951816,0.005502361
375316653866487564,5414193790038727552,0.6288307,2185.377468972351,2.7450776606447667,3.6908614E-6,16.830942,0.0073796283,0.22952895,0.0012052498,0.04895848,0.002650334,0.37231493,0.01864773,0.7298351,0.0021003296,0.058760766,0.0021775179,0.3940623,0.019186007,0.10165948,0.009216311,0.22952895,0.0012052498,"TWOGAUSSIANS_WITH_ELLIPSOIDAL_ON_ECLIPSE1",9,13.225018,0.7298351,0.002026852,0.3290603,0.0121941,0.5973346,0.011774371,0.22952895,0.0012052498,0.27416748,0.014841871,0.575588,0.015287633
375316653866487564,5414194953969060992,0.6198324,2178.135469153259,2.8545841809137884,3.082121E-6,16.90813,0.0044584814,0.24570408,0.0010816198,0.04957846,0.004022458,0.14207344,0.011047681,0.7501659,0.0022289818,0.04830074,0.0037613614,0.15101826,0.012185067,0.121091895,0.005926951,0.24570408,0.0010816198,"TWOGAUSSIANS_WITH_ELLIPSOIDAL_ON_ECLIPSE1",9,6.473177,0.7501659,0.0022289818,0.27048415,0.021063624,0.39301077,0.0089474395,0.24570408,0.0010816198,0.2776394,0.022525767,0.38425624,0.007799082
375316653866487564,5414195164424005504,0.6026813,2185.2719860649,2.4291393711581106,3.9395077E-6,18.220654,0.0070888344,0.23500177,0.0011468601,0.09072537,0.0027329843,0.3057603,0.007336318,0.73462087,0.0014311611,0.08563425,0.0024682095,0.3387782,0.007556939,null,null,null,null,"TWOGAUSSIANS",8,1.5991082,0.73462087,0.0014311611,0.4,0.0,0.32730657,0.0060630417,0.23500177,0.0011468601,0.4,0.0,0.2942885,0.006040103
375316653866487564,5414196465797586304,0.6161025,2159.242571693209,3.141590283820992,2.5064335E-6,17.692844,0.014339011,0.21612245,0.0013522349,0.053840466,0.0031429315,0.4199915,0.027589606,0.7235216,0.0014295146,0.048533484,0.003241769,0.3823635,0.026575034,0.103753686,0.015668243,0.7235216,0.0014295146,"TWOGAUSSIANS_WITH_ELLIPSOIDAL_ON_ECLIPSE2",9,6.962161,0.21687245,0.0012048518,0.3015066,0.017600417,0.6270909,0.011721647,0.7235216,0.0014295146,0.2717875,0.018153906,0.5898656,0.013957798
375316653866487564,5414201482319892736,0.5843672,2152.18417969723,3.542011972488303,8.331074E-6,18.070744,0.014607389,0.25053492,0.0029578856,0.053779125,0.0062107514,0.30213207,0.034155894,0.7452928,0.004005537,0.052147493,0.0051045283,0.21398027,0.03827466,0.097377434,0.020713842,0.25053492,0.0029578856,"TWOGAUSSIANS_WITH_ELLIPSOIDAL_ON_ECLIPSE1",9,7.5417724,0.25053492,0.0029578856,0.3011631,0.034780208,0.4968776,0.015613285,0.74615276,0.0033008745,0.29202595,0.02858536,0.4085491,0.013090521
375316653866487564,5414202929729183360,0.5139283,2138.517340829932,2.3673075218161443,8.579422E-6,17.511406,0.014722867,0.16414861,0.0039977897,0.103597246,0.011833108,0.14621274,0.013376429,0.6791944,0.0048776506,0.10979692,0.013186527,0.1169446,0.013933229,null,null,null,null,"TWOGAUSSIANS",8,3.021584,0.1641386,0.003984841,0.4,0.0,0.13209397,0.0057299584,0.6792044,0.0048749154,0.4,0.0,0.10282027,0.0050196215
375316653866487564,5414202929729208704,0.58005726,2171.0041118429717,0.47617775164644227,1.13291135E-5,15.626209,0.0020028548,0.29801923,0.0011777973,0.022382045,9.0832316E-4,0.4775114,0.025347076,0.7931961,0.004036102,0.020907616,0.0035136314,0.036186874,0.005471394,0.017404921,0.003653195,0.29801923,0.0011777973,"TWOGAUSSIANS_WITH_ELLIPSOIDAL_ON_ECLIPSE1",9,27.642471,0.29801923,0.0011777973,0.12533945,0.0050866096,0.51232123,0.02537112,0.7933461,0.003923467,0.117082655,0.019676335,0.07096578,0.0051227678
375316653866487564,5414205472345125760,0.5116025,2155.7759227119304,2.2178077624149584,8.038764E-6,19.39834,0.009895043,0.32861096,0.007836686,0.05777672,0.0072835954,0.34604928,0.027662553,0.8113208,0.0020593551,0.039252512,0.0029119607,0.56367236,0.038712192,null,null,null,null,"TWOGAUSSIANS",8,4.677361,0.8113208,0.0020593551,0.21981406,0.01630698,0.5636718,0.03871242,0.32861096,0.007836686,0.32354963,0.040788136,0.3460487,0.02766279
375316653866487564,5414205712867925760,0.546373,2186.288604769888,2.3789051275457433,8.409881E-6,13.179818,0.08776775,0.20612785,0.0055709486,0.26470655,0.03510574,0.4004886,0.08561964,0.7012573,0.002868938,0.15360998,0.012662949,0.34458435,0.066666394,null,null,null,null,"TWOGAUSSIANS",8,42.782112,0.7012573,0.002868938,0.4,0.0,0.1293417,0.004603036,0.20775785,0.0062216967,0.4,0.0,0.054752007,0.004129894
375316653866487564,5414208835303630976,0.49308097,2145.458909706173,0.09645431460523701,5.445082E-5,17.333483,0.002337281,0.36259317,0.02302406,0.10202919,0.021513935,0.03968846,0.0068947067,0.7808205,3.921349E-5,0.0059874593,6.511306E-5,0.29456767,0.0026635092,null,null,null,null,"TWOGAUSSIANS",8,6.7432833,0.7808205,3.921349E-5,0.033529773,3.6463313E-4,0.2945761,0.0026789452,0.36259317,0.02302406,0.4,0.0,0.039687976,0.0068968376
375316653866487564,5414208942684202368,0.59981096,2179.261198529097,2.337074199559448,5.461161E-6,15.495975,0.01104601,0.23195215,0.004893824,0.10150407,0.0120590925,0.12317996,0.009105663,0.70887136,0.0018057404,0.09926816,0.0053021754,0.22584304,0.009682739,null,null,null,null,"TWOGAUSSIANS",8,11.0596695,0.70887136,0.0018057404,0.4,0.0,0.21477732,0.0043849777,0.23196214,0.004898961,0.4,0.0,0.11211445,0.0054919603
375316653866487564,5414210454509060608,0.511395,2146.7363825437033,3.8411338939042516,1.5879743E-5,19.649727,0.010386523,0.24299988,0.0038878575,0.03425825,0.0034710811,0.20977853,0.025241027,0.74417526,0.008090459,0.044000123,0.0073281513,0.22789961,0.034240834,0.07374337,0.013457089,0.24299988,0.0038878575,"TWOGAUSSIANS_WITH_ELLIPSOIDAL_ON_ECLIPSE1",9,2.5950499,0.74417526,0.007954888,0.24640068,0.041037645,0.37537828,0.029054822,0.24299988,0.0038878575,0.1918462,0.019438054,0.35726526,0.009925627
375316653866487564,5414211244786508672,0.56419677,2160.4360960975964,1.886653127076113,6.47232E-6,17.511114,0.0142004555,0.23966162,0.006471927,0.09705273,0.012362786,0.15685806,0.013804978,0.7221409,0.0039187414,0.09999866,0.008809254,0.2267493,0.012178526,null,null,null,null,"TWOGAUSSIANS",8,3.794828,0.7221409,0.0039187414,0.4,0.0,0.21475884,0.008573164,0.23966162,0.006484822,0.4,0.0,0.14486916,0.007104718
375316653866487564,5414214818195441408,0.5902736,2156.9212855750675,0.46524793351944327,5.0427307E-6,17.66656,0.004411204,0.19495633,0.0038124297,0.033230588,0.0038264445,0.0843159,0.011523466,0.6936661,0.0017152448,0.02480451,0.001679561,1.8939173,0.26006854,null,null,null,null,"TWOGAUSSIANS",8,14.572291,0.6936661,0.0017152448,0.13890526,0.009405542,1.8939173,0.26006854,0.19495633,0.0038124297,0.18609129,0.02142809,0.0843159,0.011523466
375316653866487564,5414217704417467776,0.67157555,2169.527747236325,0.45228018102403045,2.8069831E-5,13.581941,5.196208E-4,0.3895005,5.1317265E-4,0.01725585,5.085139E-4,0.45021132,0.012187141,0.58569115,0.015533093,0.025515817,0.01767411,0.0052116886,0.0010280823,null,null,null,null,"TWOGAUSSIANS",8,13.071462,0.3895005,5.1317265E-4,0.09663276,0.0028476778,0.45021132,0.012187141,0.58569115,0.015533093,0.14288858,0.098975025,0.0052116886,0.0010280823
375316653866487564,5414218151090542720,0.6013042,2162.702788906315,3.32945867450187,5.826209E-6,18.027735,0.018833065,0.26813114,0.0026281413,0.04451355,0.0073452126,0.19862473,0.04048245,0.76709026,0.003809032,0.051206455,0.008615726,0.27154705,0.02817286,0.103247076,0.022729723,0.26813114,0.0026281413,"TWOGAUSSIANS_WITH_ELLIPSOIDAL_ON_ECLIPSE1",9,5.4718404,0.7672303,0.0033737507,0.28675616,0.04824806,0.47803178,0.022645457,0.26813114,0.0026281413,0.24927588,0.04113319,0.4051171,0.011984861
