Gaia/vari_eclipsing_binary/VariEclipsingBinary_616510-616636.csv
# %ECSV 1.0
# ---
# delimiter: ','
# meta: !!omap
# - RELEASE: Gaia DR3
# - TABLE: vari_eclipsing_binary
# - DESCRIPTION: >
#     This table describes the properties of the eclipsing binaries resulting from the variability analysis. 
# - CITATION: >
#     How to cite and acknowledge Gaia: 
#     https://gea.esac.esa.int/archive/documentation/credits.html 
# - KNOWN_ISSUES: >
#     Known issues: 
#     https://www.cosmos.esa.int/web/gaia-users/known-issues 
# - DOCUMENTATION: >
#     Tutorials and documentation: 
#     https://www.cosmos.esa.int/web/gaia-users/archive 
# datatype:
# - 
#   name: solution_id
#   datatype: int64
#   description: Solution Identifier
#   meta:
#     ucd: meta.version
# - 
#   name: source_id
#   datatype: int64
#   description: Unique source identifier
#   meta:
#     ucd: meta.id;meta.main
# - 
#   name: global_ranking
#   datatype: float32
#   description: Number between 0 (worst) and 1 (best)
#   meta:
#     ucd: stat.param
# - 
#   name: reference_time
#   datatype: float64
#   unit: d
#   description: Reference time used for the geometric model fit
#   meta:
#     ucd: time.epoch
# - 
#   name: frequency
#   datatype: float64
#   unit: d**-1
#   description: Frequency of geometric model of the eclipsing binary light curve
#   meta:
#     ucd: src.orbital
# - 
#   name: frequency_error
#   datatype: float32
#   unit: d**-1
#   description: "Uncertainty of \\texttt{frequency}"
#   meta:
#     ucd: stat.error
# - 
#   name: geom_model_reference_level
#   datatype: float32
#   unit: mag
#   description: Magnitude reference level of geometric model
#   meta:
#     ucd: phot.mag;em.opt
# - 
#   name: geom_model_reference_level_error
#   datatype: float32
#   unit: mag
#   description: "Uncertainty of \\texttt{geomModelReferenceLevel}"
#   meta:
#     ucd: stat.error;phot.mag;em.opt
# - 
#   name: geom_model_gaussian1_phase
#   datatype: float32
#   description: Phase of the Gaussian 1 component
#   meta:
#     ucd: time.phase
# - 
#   name: geom_model_gaussian1_phase_error
#   datatype: float32
#   description: "Uncertainty of \\texttt{geomModelGaussian1Phase}"
#   meta:
#     ucd: stat.error;time.phase
# - 
#   name: geom_model_gaussian1_sigma
#   datatype: float32
#   description: "Standard deviation [phase] of Gaussian 1 component"
#   meta:
#     ucd: stat.stdev
# - 
#   name: geom_model_gaussian1_sigma_error
#   datatype: float32
#   description: "Uncertainty of \\texttt{geomModelGaussian1Sigma}"
#   meta:
#     ucd: stat.error
# - 
#   name: geom_model_gaussian1_depth
#   datatype: float32
#   unit: mag
#   description: Magnitude depth of Gaussian 1 component
#   meta:
#     ucd: src.var.amplitude
# - 
#   name: geom_model_gaussian1_depth_error
#   datatype: float32
#   unit: mag
#   description: "Uncertainty of \\texttt{geomModelGaussian1Depth}"
#   meta:
#     ucd: stat.error;src.var.amplitude
# - 
#   name: geom_model_gaussian2_phase
#   datatype: float32
#   description: Phase of Gaussian 2 component
#   meta:
#     ucd: time.phase
# - 
#   name: geom_model_gaussian2_phase_error
#   datatype: float32
#   description: "Uncertainty of \\texttt{geomModelGaussian2Phase}"
#   meta:
#     ucd: stat.error;time.phase
# - 
#   name: geom_model_gaussian2_sigma
#   datatype: float32
[...]
#   datatype: float32
#   description: "Secondary eclipse: uncertainty of \\texttt{derivedSecondaryEclDuration}"
#   meta:
#     ucd: stat.error;time.duration
# - 
#   name: derived_secondary_ecl_depth
#   datatype: float32
#   unit: mag
#   description: "Secondary eclipse: depth"
#   meta:
#     ucd: src.var.amplitude
# - 
#   name: derived_secondary_ecl_depth_error
#   datatype: float32
#   unit: mag
#   description: "Secondary eclipse: uncertainty of \\texttt{derivedSecondaryEclDepth}"
#   meta:
#     ucd: stat.error;src.var.amplitude
solution_id,source_id,global_ranking,reference_time,frequency,frequency_error,geom_model_reference_level,geom_model_reference_level_error,geom_model_gaussian1_phase,geom_model_gaussian1_phase_error,geom_model_gaussian1_sigma,geom_model_gaussian1_sigma_error,geom_model_gaussian1_depth,geom_model_gaussian1_depth_error,geom_model_gaussian2_phase,geom_model_gaussian2_phase_error,geom_model_gaussian2_sigma,geom_model_gaussian2_sigma_error,geom_model_gaussian2_depth,geom_model_gaussian2_depth_error,geom_model_cosine_half_period_amplitude,geom_model_cosine_half_period_amplitude_error,geom_model_cosine_half_period_phase,geom_model_cosine_half_period_phase_error,model_type,num_model_parameters,reduced_chi2,derived_primary_ecl_phase,derived_primary_ecl_phase_error,derived_primary_ecl_duration,derived_primary_ecl_duration_error,derived_primary_ecl_depth,derived_primary_ecl_depth_error,derived_secondary_ecl_phase,derived_secondary_ecl_phase_error,derived_secondary_ecl_duration,derived_secondary_ecl_duration_error,derived_secondary_ecl_depth,derived_secondary_ecl_depth_error
[from data line 580]
375316653866487564,5423683571822800640,0.6111775,2258.618188190389,0.15070375449794024,2.532637E-5,17.314205,9.334208E-4,0.19225076,0.009542033,0.024374714,0.039388742,0.024395116,5161.7183,0.770051,0.0025010994,0.011793918,0.0017108949,0.36282018,0.051421702,null,null,null,null,"TWOGAUSSIANS",8,1.0108094,0.770051,0.0025010994,0.06604594,0.009581011,0.36282018,0.051421702,0.19225076,0.009542033,0.13649839,0.22057696,0.024395116,5161.7183
375316653866487564,5423685560383328896,0.51626796,2240.3677648465873,3.3826757260275664,1.6677053E-5,19.742216,0.027745279,0.2842068,0.00542607,0.10638401,0.0107391765,0.43489918,0.031495847,0.7761365,0.0041563255,0.095229745,0.0066103903,0.46624202,0.031855524,null,null,null,null,"TWOGAUSSIANS",8,1.689844,0.7761365,0.0041563255,0.4,0.0,0.42878327,0.020158269,0.2842068,0.00542607,0.4,0.0,0.39742675,0.034540538
375316653866487564,5423685903980829440,0.5800411,2267.5359331530176,2.1151383294641835,3.9956476E-6,18.410906,0.004964485,0.24817401,0.0026624117,0.09630799,0.0048418827,0.3076255,0.00997101,0.7518895,0.0013294375,0.079256915,0.0026352545,0.330873,0.0066009094,null,null,null,null,"TWOGAUSSIANS",8,1.4493586,0.7518895,0.0013294375,0.4,0.0,0.3205637,0.006710638,0.24817401,0.0026624117,0.4,0.0,0.29731533,0.011328256
375316653866487564,5423686114443489792,0.5143645,2234.67315999038,0.5186079905507911,9.9517565E-6,14.625011,0.003344404,0.3562822,0.0026175382,0.01734137,0.0036147025,0.16416557,0.010977677,0.8619139,0.0023990662,0.018803703,0.0016189908,0.31785724,0.03496653,0.011399959,0.0053422535,0.3562822,0.0026175382,"TWOGAUSSIANS_WITH_ELLIPSOIDAL_ON_ECLIPSE1",9,253.69666,0.8619139,0.0023990662,0.10530073,0.009066349,0.3406286,0.03511233,0.3562822,0.0026175382,0.09711167,0.020242333,0.18696547,0.010439036
375316653866487564,5423686561112957568,0.49771252,2234.189432430642,1.837203038918193,2.366891E-5,19.733011,0.0078115426,0.20539819,0.006752973,0.030257499,0.007267247,0.3337827,0.037179314,0.6978192,0.002582047,0.04084284,0.0021707017,0.47708195,0.021329762,null,null,null,null,"TWOGAUSSIANS",8,2.4874732,0.6978192,0.002582047,0.22871989,0.01215593,0.47708195,0.021329762,0.20539819,0.006752973,0.169442,0.040696584,0.3337827,0.037179314
375316653866487564,5423687381449812864,0.58915013,2266.5240197053686,2.617974041917548,5.627818E-6,18.320423,0.006908655,0.30735597,0.0026589416,0.07663896,0.0030857222,0.37256598,0.014293789,0.80782074,0.0011642982,0.07935022,0.002508116,0.34574538,0.006894444,null,null,null,null,"TWOGAUSSIANS",8,1.9567088,0.30735597,0.0026589416,0.4,0.0,0.36839324,0.014532673,0.80782074,0.0011642982,0.4,0.0,0.34157264,0.0060712765
375316653866487564,5423687896845901184,0.5400098,2256.9087527465745,1.9066279061601494,9.409422E-6,18.030909,0.0020402586,0.65482146,0.0032420857,0.031424727,0.0019752057,0.29569513,0.021050332,0.8488859,0.0072572934,0.010160369,0.007737575,0.06268366,531.38416,null,null,null,null,"TWOGAUSSIANS",8,2.991379,0.65482146,0.0032420857,0.17597847,0.0110611515,0.29569513,0.021050332,0.8488859,0.0072572934,0.056898065,0.04333042,0.06268366,531.38416
375316653866487564,5423687935509572736,0.6736061,2246.208407783795,0.3336214823017209,1.3803793E-6,16.440794,0.0010223831,0.29428375,1.359702E-4,0.015550962,1.6529577E-4,0.5431264,0.007455693,0.7304164,0.0052284417,0.020196188,0.006575859,0.19693041,0.025769677,null,null,null,null,"TWOGAUSSIANS",8,3.5392282,0.29428375,1.359702E-4,0.08708539,9.256563E-4,0.5431264,0.007455693,0.7304164,0.0052284417,0.11309866,0.03682481,0.19693041,0.025769677
375316653866487564,5423689855350380288,0.49384454,2213.9602771990008,3.5827529980011,1.8110672E-5,18.853962,0.008896593,0.1901145,0.005400614,0.0738135,0.0065085664,0.18866216,0.019334203,0.67541176,0.006885151,0.09512877,0.010319314,0.10657966,0.0089660995,null,null,null,null,"TWOGAUSSIANS",8,1.6124032,0.1901145,0.005400614,0.4,0.0019148717,0.18606979,0.019765707,0.67541176,0.006885151,0.4,0.0,0.10398699,0.0075714677
375316653866487564,5423691023585885312,0.5840428,2248.0238043751915,0.2675876473995708,2.3642106E-5,18.247568,0.0023919612,0.44867256,0.0017359699,0.01332833,0.0010735958,0.3780177,0.013859485,0.78084564,0.0025513992,0.012515247,0.0017688539,0.36751637,0.011976344,null,null,null,null,"TWOGAUSSIANS",8,2.7087295,0.44867256,0.0017359699,0.07463865,0.0060121366,0.3780177,0.013859485,0.78084564,0.0025513992,0.070085384,0.009905582,0.36751637,0.011976344
375316653866487564,5423691538977849984,0.5406157,2224.917948521517,3.517833580559397,1.459247E-5,17.808348,0.07184922,0.18103261,0.0039998745,0.11534007,0.015844874,0.33050564,0.06892377,0.68862647,0.0049915826,0.13004921,0.026993837,0.2682417,0.06911437,null,null,null,null,"TWOGAUSSIANS",8,4.9456267,0.18095262,0.0040201047,0.4,0.0,0.26158363,0.011526154,0.68866646,0.004994916,0.4,0.0,0.19903788,0.011379817
375316653866487564,5423692466690805632,0.5224001,2223.1563622393833,2.8281953862723186,1.04746005E-5,18.83267,0.015867583,0.25191846,0.0033549934,0.06799791,0.009502084,0.4010727,0.032257155,0.7509627,0.0062966966,0.08240877,0.008573541,0.35818726,0.020717358,null,null,null,null,"TWOGAUSSIANS",8,5.444407,0.25191846,0.0033549934,0.38078833,0.03873512,0.3981486,0.033794045,0.7509627,0.0062966966,0.4,0.0,0.35526314,0.020617701
375316653866487564,5423693604858112128,0.5323455,2201.5652161754383,2.8182863002514216,1.4178462E-5,19.140987,0.02430971,0.25037718,0.008366532,0.096318804,0.013195938,0.29946947,0.025868386,0.75719285,0.005471752,0.09558922,0.008348584,0.33764517,0.026115555,null,null,null,null,"TWOGAUSSIANS",8,1.8581346,0.75719285,0.005471752,0.4,0.0,0.318205,0.0110189915,0.25037718,0.008366532,0.4,0.0,0.28002924,0.016341697
375316653866487564,5423696937762192640,0.5330504,2267.2415801018124,1.7263390062877375,7.907146E-6,18.571066,0.0026960268,0.7418712,0.0022014738,0.05472495,0.013465364,0.032526236,0.0071163136,null,null,null,null,null,null,0.10972683,0.0040426766,0.7418712,0.0022014738,"ONEGAUSSIAN_WITH_ELLIPSOIDAL",6,2.5434554,0.7418712,0.0022014738,0.30645972,0.075406045,0.2519788,0.005586055,null,null,null,null,null,null
375316653866487564,5423697517572409856,0.5304471,2251.3398100060654,2.91633555023601,6.550779E-6,17.65093,0.057856858,0.21763362,0.0035432465,0.12073435,0.018897701,0.3006175,0.05236154,0.7172223,0.0030712916,0.11729011,0.014494505,0.3077397,0.055485584,null,null,null,null,"TWOGAUSSIANS",8,5.4147935,0.7172223,0.0030729386,0.4,0.0,0.24114129,0.0097364215,0.21763362,0.0035597894,0.4,0.0,0.23397529,0.012758156
375316653866487564,5423698307846595072,0.50337976,2235.461355988258,2.9911195289107506,1.5618181E-5,19.500349,0.024626488,0.2063602,0.00903312,0.08039841,0.016117387,0.29133993,0.020593254,0.7164002,0.006182982,0.082355335,0.012819559,0.24886209,0.028690118,null,null,null,null,"TWOGAUSSIANS",8,1.7182193,0.2063602,0.00903312,0.4,0.0,0.2873765,0.016523743,0.7164002,0.006182982,0.4,0.0,0.24489865,0.026374487
375316653866487564,5423698995041363840,0.58792263,2253.126577152149,0.4384794958027224,1.6054053E-4,17.133228,0.0013993536,0.7155409,0.0051054917,0.02615804,0.0036575492,0.40942994,0.045345396,null,null,null,null,null,null,null,null,null,null,"ONEGAUSSIAN",5,4.105155,0.7155409,0.0051054917,0.14648503,0.020482276,0.40942994,0.0,null,null,null,null,null,null
375316653866487564,5423703083850487680,0.43528885,2228.6025304776513,2.6896247634988937,3.0803196E-5,19.36179,0.009193919,null,null,null,null,null,null,null,null,null,null,null,null,0.07322778,0.011731814,0.17718154,0.010627851,"ELLIPSOIDAL",4,6.041774,null,null,null,null,null,null,null,null,null,null,null,null
375316653866487564,5423703324368685312,0.44166136,2226.6381572051882,3.358216997702037,4.7418827E-5,18.62303,0.92211455,0.22772913,0.011467004,0.2400568,0.1675562,0.80243945,0.9155338,0.7166772,0.008901647,0.13712257,0.057712328,0.6584224,0.5064804,null,null,null,null,"TWOGAUSSIANS",8,10.657405,0.7166772,0.008901647,0.4,0.0,0.26812017,0.03773476,0.22870913,0.010453012,0.4,0.0,0.2301402,0.043441553
375316653866487564,5423706794705060608,0.6107411,2265.8683341477144,3.293001629024229,5.5504916E-6,18.132187,0.009454647,0.24531561,0.0012048838,0.049239952,0.0032306574,0.38803333,0.024360333,0.7455367,0.0038371559,0.047846347,0.004472068,0.24360834,0.027570706,0.10861312,0.012816107,0.24531561,0.0012048838,"TWOGAUSSIANS_WITH_ELLIPSOIDAL_ON_ECLIPSE1",9,6.182198,0.24531561,0.0012048838,0.27574372,0.01809168,0.60525805,0.021803182,0.7455367,0.0036884153,0.26793957,0.02504358,0.46083263,0.018696614
375316653866487564,5423707932878211712,0.6079029,2273.514118662668,1.786307228218952,4.7702956E-6,17.193462,0.005120396,0.20468205,0.0030287302,0.086142436,0.004203592,0.24115208,0.0056164735,0.7045173,0.0015335862,0.09111703,0.0032002197,0.25338465,0.00587986,null,null,null,null,"TWOGAUSSIANS",8,3.4204876,0.7045173,0.0015335862,0.4,0.0,0.2441511,0.005529741,0.20468205,0.0030287302,0.4,0.0,0.23191865,0.0045078597
375316653866487564,5423709509120220416,0.5558209,2248.969475249056,0.7327383645939629,1.603755E-5,18.499416,0.0019552612,0.3814275,0.0013248309,0.03046866,0.0010604388,0.4473891,0.0040675835,0.5298232,0.02811211,0.051725198,0.011220792,0.018148718,0.008063353,null,null,null,null,"TWOGAUSSIANS",8,1.3224273,0.38145748,0.0013094213,0.1706245,0.0059384573,0.44768557,0.0041234335,0.5298232,0.02811211,0.2896611,0.06283644,0.018151877,0.008063541
375316653866487564,5423711295831603456,0.47235358,2251.8247049392044,3.330536137244381,1.732111E-5,19.678413,0.01896292,0.15544021,0.011672611,0.09187645,0.015643982,0.23906288,0.026530802,0.6222797,0.0045220545,0.074719444,0.011255453,0.36870092,0.044467546,null,null,null,null,"TWOGAUSSIANS",8,2.7578773,0.6222797,0.0045220545,0.4,0.0,0.36527172,0.047606893,0.15544021,0.011672611,0.4,0.0,0.23563308,0.025416417
375316653866487564,5423711471931264512,0.66714305,2275.918881221458,1.0352041473373692,3.5501496E-6,18.230108,0.004759432,0.13261035,0.0049739107,0.038615603,0.03781069,0.6826138,0.6284206,0.63830227,8.490284E-4,0.03793088,0.0010224216,0.63475686,0.011972454,0.031185713,0.00713075,0.13261035,0.0049739107,"TWOGAUSSIANS_WITH_ELLIPSOIDAL_ON_ECLIPSE1",9,1.5801193,0.13261035,0.0049739107,0.21624738,0.18058072,0.74498504,0.6297623,0.63830227,8.490284E-4,0.21241292,0.0057255607,0.6970484,0.010584884
375316653866487564,5423712708881883648,0.52540445,2224.499803756049,0.5962146054074325,5.2348973E-5,16.982094,0.0029502953,0.7542614,0.0019109226,0.023888411,0.0018334166,0.24399649,0.00886383,null,null,null,null,null,null,0.026843326,0.0034883553,0.7542614,0.0019109226,"ONEGAUSSIAN_WITH_ELLIPSOIDAL",6,13.911359,0.7542614,0.0019109226,0.1337751,0.010267133,0.29768303,0.009720913,null,null,null,null,null,null
375316653866487564,5423713907168233344,0.57967544,2264.676071880875,2.5254265594440017,1.3574748E-5,18.321075,0.007713853,0.2217205,0.003092565,0.04336255,0.014458886,0.15741004,0.19708954,0.7098673,0.0033809084,0.042221963,0.004610937,0.17132153,0.017690225,0.13045052,0.009082618,0.2217205,0.003092565,"TWOGAUSSIANS_WITH_ELLIPSOIDAL_ON_ECLIPSE1",9,3.7377756,0.7119573,0.002634488,0.236443,0.025821248,0.43103155,0.010531973,0.2217205,0.003092565,0.24283028,0.080969766,0.4183104,0.20121647
375316653866487564,5423715075402241536,0.5002447,2233.86290204777,3.130619127939656,2.5819138E-5,19.44755,0.021584207,0.2098534,0.017869387,0.037486922,0.016188193,0.28756163,0.12714487,0.7087032,0.04269848,0.03582662,0.019416658,0.5700153,0.6682808,0.07125678,0.022938449,0.2098534,0.017869387,"TWOGAUSSIANS_WITH_ELLIPSOIDAL_ON_ECLIPSE1",9,7.4964056,0.7087332,0.042607393,0.20062909,0.10873329,0.7125215,0.6618185,0.2098534,0.017869387,0.20992675,0.09065388,0.43007514,0.13684349
375316653866487564,5423715693878141440,0.61624074,2203.902570813159,0.13146774581320247,4.7552703E-6,18.831295,0.006622997,0.18394151,6.8938104E-4,0.029076358,0.0011387008,0.94028336,0.04252132,0.6836714,0.0062205996,0.031572696,0.004803008,0.32112572,0.035873555,0.04617389,0.017569322,0.18394151,6.8938104E-4,"TWOGAUSSIANS_WITH_ELLIPSOIDAL_ON_ECLIPSE1",9,3.3056495,0.18394151,6.8938104E-4,0.1628276,0.006376724,1.0326312,0.048580203,0.6836814,0.006207887,0.1768071,0.026896844,0.41347322,0.039789274
375316653866487564,5423716381069436800,0.4730624,2265.204182478438,0.021034566692148107,1.47264645E-5,19.690617,0.009839669,0.4584135,0.0022351942,0.03056327,0.0038063794,1.0313648,1.0828327,0.98547727,4.1478776E-4,7.5849885E-4,1.759994E-4,0.1042383,0.031384062,null,null,null,null,"TWOGAUSSIANS",8,5.178262,0.4584135,0.0022351942,0.17115432,0.021315724,1.0313648,1.0828327,0.98547727,4.1478776E-4,0.004247593,9.855967E-4,0.1042383,0.031384062
375316653866487564,5423716488447694976,0.43505925,2224.9871196181602,0.842687084057472,3.462626E-5,18.995085,0.010824673,0.24351516,2.2418265E-6,0.0014399437,4.32575E-5,0.39401898,0.006813695,0.7815307,0.03175416,0.0829975,0.02255544,0.05211318,0.018476326,null,null,null,null,"TWOGAUSSIANS",8,7.9803843,0.24351516,2.2418265E-6,0.008063684,2.4224201E-4,0.39401898,0.0068137096,0.7815307,0.03175416,0.4,0.024288205,0.05211318,0.018476326
375316653866487564,5423716694611435136,0.4721124,2229.893715055013,2.352484653222586,3.064188E-5,14.923812,0.013408183,0.21917309,0.0097049875,0.035710018,0.024459612,0.17731087,0.08504433,0.740482,0.006256377,0.038422897,0.012531011,0.16727439,0.043900672,0.07730804,0.026277687,0.740482,0.006256377,"TWOGAUSSIANS_WITH_ELLIPSOIDAL_ON_ECLIPSE2",9,881.9146,0.2208831,0.010590054,0.19997609,0.13697383,0.32939094,0.09955911,0.740482,0.006256377,0.21516822,0.070173666,0.32189047,0.041702934
375316653866487564,5423716866410129792,0.5664543,2255.343415717193,1.7882423907604315,6.9483144E-6,17.301367,0.011856782,0.23738578,0.0019045129,0.042668045,0.00341832,0.31662112,0.024315098,0.7479826,0.009198102,0.034426335,0.008315071,0.31003273,0.045745753,0.048597436,0.014679819,0.7479826,0.009198102,"TWOGAUSSIANS_WITH_ELLIPSOIDAL_ON_ECLIPSE2",9,20.919468,0.23783578,0.001651385,0.23894104,0.019142592,0.4134038,0.01131082,0.7479826,0.009198102,0.19278747,0.0465644,0.40722755,0.044676457
375316653866487564,5423717583663752832,0.5619152,2204.7178384862127,3.02418894825878,1.06115385E-5,19.173567,0.0064849304,0.27642548,0.0039794967,0.07088639,0.0057969927,0.5305808,0.0424803,0.77354854,0.0029119968,0.07158459,0.003714695,0.46048412,0.026115747,null,null,null,null,"TWOGAUSSIANS",8,3.0413694,0.27642548,0.0039794967,0.39696378,0.023717009,0.5286332,0.043352433,0.77354854,0.0029119968,0.4,0.006637238,0.45853654,0.026483752
375316653866487564,5423718756195721344,0.58847046,2247.7944705808045,0.5662311004781442,6.939302E-6,16.924984,0.002173941,0.23315309,6.920832E-4,0.05350473,0.0014664215,0.221355,0.006569825,0.7322626,0.005809607,0.039270837,0.004213315,0.05545051,0.0056588966,0.015682895,0.0033634393,0.23315309,6.920832E-4,"TWOGAUSSIANS_WITH_ELLIPSOIDAL_ON_ECLIPSE1",9,4.61121,0.23315309,6.920832E-4,0.2996265,0.00821196,0.2527168,0.0057248445,0.73232263,0.005650094,0.21991669,0.023594566,0.086811386,0.0027362674
375316653866487564,5423721672469419520,0.5167795,2248.764392992577,2.6788073713040172,1.1741607E-5,17.556602,0.017531257,0.2809728,0.0057944385,0.10640164,0.008681606,0.31675273,0.017727721,0.76102114,0.0030377863,0.09291326,0.0062983516,0.34646356,0.019688101,null,null,null,null,"TWOGAUSSIANS",8,17.62102,0.76102114,0.0030377863,0.4,0.0,0.32456437,0.017047854,0.2809728,0.0057944385,0.4,0.0,0.29484007,0.010770795
