Gaia/vari_eclipsing_binary/VariEclipsingBinary_233440-233536.csv
# %ECSV 1.0
# ---
# delimiter: ','
# meta: !!omap
# - RELEASE: Gaia DR3
# - TABLE: vari_eclipsing_binary
# - DESCRIPTION: >
#     This table describes the properties of the eclipsing binaries resulting from the variability analysis. 
# - CITATION: >
#     How to cite and acknowledge Gaia: 
#     https://gea.esac.esa.int/archive/documentation/credits.html 
# - KNOWN_ISSUES: >
#     Known issues: 
#     https://www.cosmos.esa.int/web/gaia-users/known-issues 
# - DOCUMENTATION: >
#     Tutorials and documentation: 
#     https://www.cosmos.esa.int/web/gaia-users/archive 
# datatype:
# - 
#   name: solution_id
#   datatype: int64
#   description: Solution Identifier
#   meta:
#     ucd: meta.version
# - 
#   name: source_id
#   datatype: int64
#   description: Unique source identifier
#   meta:
#     ucd: meta.id;meta.main
# - 
#   name: global_ranking
#   datatype: float32
#   description: Number between 0 (worst) and 1 (best)
#   meta:
#     ucd: stat.param
# - 
#   name: reference_time
#   datatype: float64
#   unit: d
#   description: Reference time used for the geometric model fit
#   meta:
#     ucd: time.epoch
# - 
#   name: frequency
#   datatype: float64
#   unit: d**-1
#   description: Frequency of geometric model of the eclipsing binary light curve
#   meta:
#     ucd: src.orbital
# - 
#   name: frequency_error
#   datatype: float32
#   unit: d**-1
#   description: "Uncertainty of \\texttt{frequency}"
#   meta:
#     ucd: stat.error
# - 
#   name: geom_model_reference_level
#   datatype: float32
#   unit: mag
#   description: Magnitude reference level of geometric model
#   meta:
#     ucd: phot.mag;em.opt
# - 
#   name: geom_model_reference_level_error
#   datatype: float32
#   unit: mag
#   description: "Uncertainty of \\texttt{geomModelReferenceLevel}"
#   meta:
#     ucd: stat.error;phot.mag;em.opt
# - 
#   name: geom_model_gaussian1_phase
#   datatype: float32
#   description: Phase of the Gaussian 1 component
#   meta:
#     ucd: time.phase
# - 
#   name: geom_model_gaussian1_phase_error
#   datatype: float32
#   description: "Uncertainty of \\texttt{geomModelGaussian1Phase}"
#   meta:
#     ucd: stat.error;time.phase
# - 
#   name: geom_model_gaussian1_sigma
#   datatype: float32
#   description: "Standard deviation [phase] of Gaussian 1 component"
#   meta:
#     ucd: stat.stdev
# - 
#   name: geom_model_gaussian1_sigma_error
#   datatype: float32
#   description: "Uncertainty of \\texttt{geomModelGaussian1Sigma}"
#   meta:
#     ucd: stat.error
# - 
#   name: geom_model_gaussian1_depth
#   datatype: float32
#   unit: mag
#   description: Magnitude depth of Gaussian 1 component
#   meta:
#     ucd: src.var.amplitude
# - 
#   name: geom_model_gaussian1_depth_error
#   datatype: float32
#   unit: mag
#   description: "Uncertainty of \\texttt{geomModelGaussian1Depth}"
#   meta:
#     ucd: stat.error;src.var.amplitude
# - 
#   name: geom_model_gaussian2_phase
#   datatype: float32
#   description: Phase of Gaussian 2 component
#   meta:
#     ucd: time.phase
# - 
#   name: geom_model_gaussian2_phase_error
#   datatype: float32
#   description: "Uncertainty of \\texttt{geomModelGaussian2Phase}"
#   meta:
#     ucd: stat.error;time.phase
# - 
#   name: geom_model_gaussian2_sigma
#   datatype: float32
[...]
#   datatype: float32
#   description: "Secondary eclipse: uncertainty of \\texttt{derivedSecondaryEclDuration}"
#   meta:
#     ucd: stat.error;time.duration
# - 
#   name: derived_secondary_ecl_depth
#   datatype: float32
#   unit: mag
#   description: "Secondary eclipse: depth"
#   meta:
#     ucd: src.var.amplitude
# - 
#   name: derived_secondary_ecl_depth_error
#   datatype: float32
#   unit: mag
#   description: "Secondary eclipse: uncertainty of \\texttt{derivedSecondaryEclDepth}"
#   meta:
#     ucd: stat.error;src.var.amplitude
solution_id,source_id,global_ranking,reference_time,frequency,frequency_error,geom_model_reference_level,geom_model_reference_level_error,geom_model_gaussian1_phase,geom_model_gaussian1_phase_error,geom_model_gaussian1_sigma,geom_model_gaussian1_sigma_error,geom_model_gaussian1_depth,geom_model_gaussian1_depth_error,geom_model_gaussian2_phase,geom_model_gaussian2_phase_error,geom_model_gaussian2_sigma,geom_model_gaussian2_sigma_error,geom_model_gaussian2_depth,geom_model_gaussian2_depth_error,geom_model_cosine_half_period_amplitude,geom_model_cosine_half_period_amplitude_error,geom_model_cosine_half_period_phase,geom_model_cosine_half_period_phase_error,model_type,num_model_parameters,reduced_chi2,derived_primary_ecl_phase,derived_primary_ecl_phase_error,derived_primary_ecl_duration,derived_primary_ecl_duration_error,derived_primary_ecl_depth,derived_primary_ecl_depth_error,derived_secondary_ecl_phase,derived_secondary_ecl_phase_error,derived_secondary_ecl_duration,derived_secondary_ecl_duration_error,derived_secondary_ecl_depth,derived_secondary_ecl_depth_error
[from data line 361]
375316653866487564,2053780041585374208,0.49972105,2256.232925139044,1.7593554837846166,5.9556118E-5,15.557127,0.007288371,0.1519174,0.009527068,0.015709836,0.011116637,0.051317435,0.033234067,0.6860648,0.013932214,0.052914355,0.015839783,0.19840798,0.02427857,0.011909017,0.010237789,0.1519174,0.009527068,"TWOGAUSSIANS_WITH_ELLIPSOIDAL_ON_ECLIPSE1",9,98.7038,0.6860648,0.013932214,0.29632038,0.08870279,0.22114596,0.021303806,0.1519174,0.009527068,0.087975085,0.06225317,0.075135134,0.031826194
375316653866487564,2053782171878917760,0.6244757,2228.274917044956,1.2310643016276346,4.19872E-6,17.28583,0.007898182,0.26585588,0.0015780864,0.06312034,0.004127672,0.25418553,0.019852193,0.7642062,0.0036651709,0.05695948,0.005177107,0.14486337,0.017436227,0.08086681,0.008772392,0.26585588,0.0015780864,"TWOGAUSSIANS_WITH_ELLIPSOIDAL_ON_ECLIPSE1",9,3.1966033,0.26585588,0.0015780864,0.35347393,0.023114963,0.41581112,0.01796603,0.7645762,0.0027542966,0.31897306,0.0289918,0.30647546,0.009862428
375316653866487564,2053783546255135872,0.47268903,2210.938826341928,0.26038155820810116,7.841741E-5,19.619171,0.011021819,0.29404765,0.009355312,0.023096304,0.022695765,0.6137534,30.301477,0.77997744,0.014095514,0.0833841,0.013185339,0.09893254,0.013219367,null,null,null,null,"TWOGAUSSIANS",8,2.8397336,0.29404765,0.009355312,0.12933931,0.1270963,0.6137513,30.301481,0.77997744,0.014095514,0.4,0.0,0.098930456,0.01319712
375316653866487564,2053784778915136000,0.47616416,2180.0453056173587,0.522436235867197,2.0674646E-5,18.929224,0.0030081912,0.2251013,0.0058005466,0.024822518,0.0035813113,0.24947923,0.06855641,0.72180384,0.0028534248,0.030941276,0.003148134,0.078031145,0.0074642096,null,null,null,null,"TWOGAUSSIANS",8,1.5113075,0.2251013,0.0058005466,0.13900611,0.020055344,0.24947923,0.06855641,0.72180384,0.0028534248,0.17327115,0.01762955,0.078031145,0.0074642096
375316653866487564,2053787394545902976,0.53503346,2234.1345935026416,1.01123653661337,8.1412E-6,18.857431,0.0037665681,0.40202674,0.0074203433,0.007294823,0.0041720434,0.040172126,0.017999182,0.5366566,0.0015099933,0.024619225,8.1860134E-4,0.4682962,0.019360341,null,null,null,null,"TWOGAUSSIANS",8,3.2319314,0.5366566,0.0015099933,0.13786766,0.0045841676,0.4682962,0.019360341,0.40202674,0.0074203433,0.04085101,0.023363441,0.04017228,0.017998943
375316653866487564,2053789108247406080,0.57139933,2207.5216719007803,2.923172511529486,9.002351E-6,19.653488,0.006846475,0.21995592,0.0020110148,0.06457289,0.002627144,0.6204276,0.022533309,0.71520996,0.013146777,0.06734337,0.007952408,0.45837584,0.0786417,null,null,null,null,"TWOGAUSSIANS",8,1.8317201,0.21995592,0.0020110148,0.3616082,0.014712008,0.6197246,0.022620581,0.71520996,0.013146777,0.37712288,0.044533484,0.45767277,0.07868644
375316653866487564,2053790207750018304,0.53046066,2228.0738826742786,2.5355840737318442,1.7284883E-5,16.343157,0.013425966,0.24185078,0.006776199,0.07638164,0.0102720605,0.22349627,0.01989741,0.71873456,0.007423234,0.08015036,0.008377401,0.47185755,0.03466328,null,null,null,null,"TWOGAUSSIANS",8,107.46053,0.71873456,0.007423234,0.4,0.0,0.46941063,0.035068817,0.24185078,0.006776199,0.4,0.002329358,0.22104938,0.019713946
375316653866487564,2053792548519988096,0.64607924,2221.558407630352,3.047553169753169,3.3844822E-6,17.672335,0.008231864,0.2287988,8.458386E-4,0.04901956,0.002029393,0.52567047,0.017638307,0.72445714,0.005113182,0.04526071,0.0032292865,0.40631512,0.022452332,0.12835038,0.010243175,0.2287988,8.458386E-4,"TWOGAUSSIANS_WITH_ELLIPSOIDAL_ON_ECLIPSE1",9,5.012709,0.2287988,8.458386E-4,0.27450955,0.011364602,0.7823696,0.012414711,0.72485715,0.00461885,0.25345996,0.018084005,0.662841,0.012835584
375316653866487564,2053794227839795968,0.52159923,2192.8305627021186,1.0071772299797364,5.8274795E-6,18.622835,0.0032144887,0.31262738,0.003798561,0.044018693,0.0037244607,0.20187223,0.011513817,0.8196347,0.0012429757,0.034316476,0.0024843167,0.3271613,0.03017374,null,null,null,null,"TWOGAUSSIANS",8,2.305304,0.8196347,0.0012429757,0.19217227,0.013912173,0.3271613,0.03017374,0.31262738,0.003798561,0.2465047,0.02085698,0.20187223,0.011513817
375316653866487564,2053794232147115392,0.49982694,2245.544828037995,3.7059618511961006,1.4792028E-5,19.563046,0.04327416,0.14808482,0.008501567,0.09666382,0.019886844,0.40163398,0.053622574,0.6581364,0.0030999877,0.068301335,0.006512647,0.71120995,0.06022475,null,null,null,null,"TWOGAUSSIANS",8,7.779844,0.6581364,0.0030999877,0.38248748,0.036470823,0.70288897,0.058087673,0.14808482,0.008501567,0.4,0.0,0.39331162,0.055173546
375316653866487564,2053794983754078464,0.4784369,2187.3255220745004,2.633657606542841,1.9786692E-5,19.552414,0.034741018,0.22722206,0.009332073,0.0892214,0.01824691,0.24750063,0.03211316,0.73348147,0.0067000976,0.105357744,0.015657835,0.23977217,0.034717947,null,null,null,null,"TWOGAUSSIANS",8,2.459767,0.22722206,0.009333794,0.4,0.0,0.23108892,0.017380156,0.73348147,0.0067000976,0.4,0.0,0.22335415,0.018448127
375316653866487564,2053795636588778240,0.4318638,2242.618432501203,1.3576962184535735,5.056944E-5,19.027956,0.014912134,0.35572183,0.008567442,0.057620663,0.0105545735,0.24584256,0.022911169,0.78024447,0.012463232,0.059405107,0.017314127,0.13693008,0.020269712,null,null,null,null,"TWOGAUSSIANS",8,15.231312,0.35572183,0.008567442,0.3226757,0.059105612,0.2458405,0.022908457,0.78024447,0.012463232,0.3326686,0.096959114,0.13692804,0.020269474
375316653866487564,2053797221431349248,0.538341,2223.849022126684,3.002020221670698,1.2490004E-5,19.463541,0.014409136,0.260766,0.0030600836,0.077194355,0.0037843997,0.45960045,0.023488399,0.7553237,0.009448287,0.07728765,0.0073691965,0.5629002,0.10722927,null,null,null,null,"TWOGAUSSIANS",8,3.3855102,0.7553237,0.009448287,0.4,0.0,0.55808425,0.108080074,0.260766,0.0030600836,0.4,0.0,0.45478448,0.022853386
375316653866487564,2053798011718708352,0.5131337,2210.828702360381,1.7726484898586325,1.6919907E-5,18.061552,0.0038719245,0.39016467,0.07899432,0.04515846,0.07647263,0.02010068,0.02004629,0.6207086,0.003219394,0.07192532,0.004190081,0.16359243,0.0047041965,null,null,null,null,"TWOGAUSSIANS",8,3.777928,0.6207086,0.003219394,0.4,0.007786205,0.16359247,0.004706404,0.39559466,0.3202403,0.2528874,0.4193133,0.02117664,0.19565412
375316653866487564,2053798939431383424,0.5122817,2215.9548855678527,0.3772090803792261,2.1620952E-5,16.196415,0.0010324597,0.23793319,0.0052920026,0.024732186,0.007116011,0.05602614,0.018927338,0.7385155,0.00393688,0.019304855,0.0040256833,0.011717641,0.0025915252,0.021267246,0.0017458935,0.23793319,0.0052920026,"TWOGAUSSIANS_WITH_ELLIPSOIDAL_ON_ECLIPSE1",9,3.6738052,0.23793319,0.0052920026,0.13850024,0.03984966,0.098560624,0.019693673,0.7385155,0.0039263093,0.10810718,0.022543827,0.05425156,0.0016449791
375316653866487564,2053798969483906944,0.5125792,2157.5619043412034,1.9642491500845094,1.0418904E-5,19.59687,0.021964187,0.20474395,0.0026912303,0.092950895,0.006898864,0.3358584,0.020684851,0.6982281,0.0045268936,0.08089496,0.008089416,0.3813492,0.022162743,null,null,null,null,"TWOGAUSSIANS",8,1.6330029,0.6982281,0.0045268936,0.4,0.0,0.3711641,0.017602608,0.20474395,0.0026912303,0.4,0.0,0.32567295,0.015977256
375316653866487564,2053799214309264512,0.44387838,2208.122220649083,0.19040341323883703,1.790012E-5,16.649677,0.097225584,0.21851842,0.020444877,0.25749317,0.17500988,0.074424565,0.09311089,0.6425548,0.003483078,0.020909145,0.0034260952,0.22162668,0.01031778,null,null,null,null,"TWOGAUSSIANS",8,25.670801,0.6425548,0.003483078,0.117091216,0.019186134,0.22421736,0.011139242,0.21851842,0.020444877,0.4,0.0,0.051815912,0.008281986
375316653866487564,2053799622319215104,0.52907085,2207.991821041364,2.3585557529415304,1.4353201E-5,18.878632,0.008480171,0.3027093,0.0054035746,0.07683177,0.005576588,0.33421275,0.015474903,0.8147025,0.0069073453,0.08460733,0.01231059,0.16696344,0.011156796,null,null,null,null,"TWOGAUSSIANS",8,3.4728417,0.3027093,0.0054035746,0.4,0.0,0.3312011,0.014890484,0.8147025,0.0069073453,0.4,0.0,0.16395175,0.011342723
375316653866487564,2053800519979672960,0.59932595,2249.6720516627483,0.3092586725265952,8.843412E-6,11.748125,8.2719396E-4,0.3977816,0.0041340515,0.019445552,0.0023654115,0.28014758,0.018958768,0.61592674,0.02284273,0.017142251,0.026411701,0.00600503,0.004598558,0.0011302312,0.0013243855,0.3977816,0.0041340515,"TWOGAUSSIANS_WITH_ELLIPSOIDAL_ON_ECLIPSE1",9,49.40881,0.3977816,0.0041340515,0.108895086,0.013246305,0.28240803,0.018805537,0.61592674,0.02284273,0.09599661,0.14790553,0.0060943696,0.0046971072
375316653866487564,2053801997448435712,0.5707222,2227.5332015033546,0.4253364532933487,1.072598E-5,16.08294,7.3085085E-4,0.2935074,9.969184E-4,0.013778384,0.0010144021,0.13315776,0.006832683,0.7918028,0.0055701453,0.013622973,0.007402425,0.26472715,0.15068851,null,null,null,null,"TWOGAUSSIANS",8,5.3856053,0.7918028,0.0055701453,0.07628865,0.04145358,0.26472715,0.15068851,0.2935074,9.969184E-4,0.07715895,0.005680652,0.13315776,0.006832683
375316653866487564,2053802237970291968,0.48727483,2243.1879765408285,2.4684298031675707,9.085858E-6,13.521206,0.014411652,0.27997765,0.0028045196,0.08300462,0.0038289009,0.48219475,0.014455806,0.78176796,0.007158164,0.07413674,0.008376003,0.5062211,0.018467572,null,null,null,null,"TWOGAUSSIANS",8,679.15765,0.78176796,0.007158164,0.4,0.0,0.5002067,0.018314887,0.27997765,0.0028045196,0.4,0.0,0.47618034,0.013255236
375316653866487564,2053803779855302656,0.48676002,2236.375227746348,3.703100029695229,1.7947543E-5,18.953768,0.00323903,0.74174815,0.004172454,0.015653552,0.0051451735,0.009856709,0.0069185416,null,null,null,null,null,null,0.08245443,0.004620242,0.74174815,0.004172454,"ONEGAUSSIAN_WITH_ELLIPSOIDAL",6,2.6822412,0.74174815,0.004172454,0.087659895,0.028812973,0.17476518,0.00532818,null,null,null,null,null,null
375316653866487564,2053803852874079104,0.46411607,2231.5147252419897,1.4299929610070794,1.5922506E-5,16.293028,0.002278764,0.3284119,0.012765915,0.037873298,0.008100262,0.058679808,0.010785782,0.81630224,0.0052189254,0.033897445,0.003394223,0.11089138,0.009315134,null,null,null,null,"TWOGAUSSIANS",8,20.975986,0.81630224,0.0052189254,0.18982568,0.01900765,0.11089138,0.009315134,0.3284119,0.012765915,0.21209048,0.045361467,0.058679808,0.010785782
375316653866487564,2053803921579460992,0.52413213,2207.4464609814922,2.842540634679273,1.247023E-5,19.675238,0.027029341,0.13310006,0.0036189875,0.09110614,0.008006484,0.4625964,0.027841166,0.641056,0.0048630936,0.09163665,0.007944277,0.44671664,0.026486482,null,null,null,null,"TWOGAUSSIANS",8,1.5633094,0.13310006,0.0036189875,0.4,0.0,0.44350353,0.02408381,0.641056,0.0048630936,0.4,0.0,0.42762375,0.017606383
375316653866487564,2053804265194849152,0.5728473,2221.7727920313846,2.4563926449323015,5.650388E-6,18.716007,0.009287498,0.29006016,0.0023765708,0.079591684,0.0029201575,0.43288895,0.012089581,0.786939,0.0013758002,0.078790955,0.0038888378,0.4526238,0.019346055,null,null,null,null,"TWOGAUSSIANS",8,2.8606176,0.786939,0.0013758002,0.4,0.0,0.44692475,0.020335943,0.29006016,0.0023765708,0.4,0.0,0.4271899,0.011270691
375316653866487564,2053804535761065088,0.47628433,2208.2600010377896,2.099792244281167,1.9743347E-5,18.580069,0.0067777312,0.31790775,0.0048632394,0.050871156,0.0042112973,0.21770583,0.018600194,0.80880547,0.0028561335,0.039563727,0.005663857,0.35648048,0.06873375,null,null,null,null,"TWOGAUSSIANS",8,7.9268556,0.80880547,0.0028561335,0.22155687,0.0317176,0.35648042,0.06873395,0.31790775,0.0048632394,0.2848785,0.023583265,0.21770576,0.01860021
375316653866487564,2053805360394854528,0.547986,2231.425896340335,1.9248743822687866,1.4290809E-5,18.293667,0.0044763363,0.18832411,0.008230253,0.06756183,0.007243058,0.12611045,0.010728,0.6932139,0.0023847574,0.057130266,0.0030527439,0.3175108,0.0091400575,null,null,null,null,"TWOGAUSSIANS",8,3.9494233,0.6932139,0.0023847574,0.31992948,0.017095366,0.31740615,0.009127111,0.18832411,0.008230253,0.37834623,0.040561125,0.12600578,0.010750075
375316653866487564,2053805600913048832,0.5761697,2225.842975317969,3.4347831447025734,7.91584E-6,18.772835,0.01723797,0.22813034,0.0016818278,0.05174553,0.006027397,0.25577593,0.035144906,0.7236616,0.004207429,0.05369669,0.0066540577,0.28738064,0.037611134,0.097980484,0.021503622,0.22813034,0.0016818278,"TWOGAUSSIANS_WITH_ELLIPSOIDAL_ON_ECLIPSE1",9,3.243351,0.72426164,0.0036317809,0.30070144,0.037262723,0.4832017,0.015581074,0.22813034,0.0016818278,0.28977498,0.03375342,0.4517307,0.013839335
375316653866487564,2053808040454975744,0.48199728,2219.9600678904735,2.776235889787156,2.5201036E-5,19.760935,0.02859586,0.23731299,0.008753983,0.097648725,0.015543199,0.29994506,0.02851174,0.7512913,0.005902502,0.09448072,0.011494865,0.3291488,0.027502494,null,null,null,null,"TWOGAUSSIANS",8,2.0676064,0.7512913,0.005901742,0.4,0.0,0.31162274,0.020132516,0.23731299,0.008753983,0.4,0.0,0.28241816,0.020292044
375316653866487564,2053808388346541440,0.52836984,2203.0054475589454,1.8831594658208308,1.6742826E-5,19.95048,0.008150533,0.2947097,0.031174269,0.038080618,0.014674006,0.61564875,0.2727371,0.79237723,0.003980104,0.04400883,0.0040957103,0.55914694,0.078173496,null,null,null,null,"TWOGAUSSIANS",8,1.6862756,0.2947097,0.031174269,0.21325146,0.082174435,0.61564875,0.2727367,0.79237723,0.003980104,0.24644944,0.022935979,0.55914694,0.07817351
375316653866487564,2053810003267272064,0.5927254,2230.9336718213417,1.7925485388652245,7.5097255E-6,16.144127,0.0068775695,0.27650422,0.003393565,0.09138042,0.006292767,0.18986726,0.006335185,0.7764371,0.0027299,0.07771676,0.0049726106,0.12826465,0.007318531,null,null,null,null,"TWOGAUSSIANS",8,9.037559,0.27650422,0.003393565,0.4,0.0,0.18588263,0.0051424527,0.7764371,0.0027299,0.4,0.0,0.12428015,0.0059452853
375316653866487564,2053810686155027200,0.5596132,2262.6513392173597,3.064773066334363,6.876972E-6,19.127413,0.0058831368,0.21723095,0.0015484699,0.07961295,0.0024597964,0.37795496,0.0075335293,0.72651845,0.0030540237,0.080339506,0.005068203,0.31407985,0.018899048,null,null,null,null,"TWOGAUSSIANS",8,1.3095084,0.21723095,0.0015484699,0.4,0.0,0.37362522,0.0069623487,0.72651845,0.0030540237,0.4,0.0,0.3097501,0.019813059
375316653866487564,2053810759181406080,0.5716561,2232.8501725989177,3.0628201094415592,7.8139665E-6,17.48342,0.015527766,0.29970473,0.0032001862,0.09746412,0.006899732,0.29956138,0.013687064,0.8078073,0.0033950096,0.0910108,0.007988834,0.26750663,0.013151899,null,null,null,null,"TWOGAUSSIANS",8,5.948474,0.29970473,0.0032001862,0.4,0.0,0.28458676,0.008522089,0.8078073,0.0033950096,0.4,0.0,0.25253314,0.012217248
375316653866487564,2053811407709572224,0.5711791,2184.8031460444204,1.2439128453626378,4.6560303E-6,19.115782,0.005108785,0.26440632,0.0018685387,0.041448593,0.002347414,0.28941587,0.013056236,0.7767017,0.004727565,0.029318988,0.0049982807,0.0851301,0.01588348,0.09057142,0.0076831137,0.26440632,0.0018685387,"TWOGAUSSIANS_WITH_ELLIPSOIDAL_ON_ECLIPSE1",9,1.7970096,0.26440632,0.0018685387,0.23211212,0.0131455185,0.4705586,0.0069826767,0.7767017,0.004727565,0.16418633,0.027990373,0.2651939,0.012404114
375316653866487564,2053811545148647680,0.6342365,2212.1727990225536,1.473181866540455,4.984905E-6,18.610868,0.009546145,0.26249978,0.001205048,0.049005117,0.0021025573,0.64813155,0.03201887,0.7612545,0.007602583,0.044445585,0.009287687,0.11837041,0.027153322,0.076705135,0.011433766,0.26249978,0.001205048,"TWOGAUSSIANS_WITH_ELLIPSOIDAL_ON_ECLIPSE1",9,1.3578136,0.26249978,0.001205048,0.27442864,0.011774321,0.8015404,0.032937367,0.76146454,0.0067026652,0.24889527,0.05201105,0.2717714,0.018572398
