Gaia/vari_eclipsing_binary/VariEclipsingBinary_462402-462443.csv
# %ECSV 1.0
# ---
# delimiter: ','
# meta: !!omap
# - RELEASE: Gaia DR3
# - TABLE: vari_eclipsing_binary
# - DESCRIPTION: >
#     This table describes the properties of the eclipsing binaries resulting from the variability analysis. 
# - CITATION: >
#     How to cite and acknowledge Gaia: 
#     https://gea.esac.esa.int/archive/documentation/credits.html 
# - KNOWN_ISSUES: >
#     Known issues: 
#     https://www.cosmos.esa.int/web/gaia-users/known-issues 
# - DOCUMENTATION: >
#     Tutorials and documentation: 
#     https://www.cosmos.esa.int/web/gaia-users/archive 
# datatype:
# - 
#   name: solution_id
#   datatype: int64
#   description: Solution Identifier
#   meta:
#     ucd: meta.version
# - 
#   name: source_id
#   datatype: int64
#   description: Unique source identifier
#   meta:
#     ucd: meta.id;meta.main
# - 
#   name: global_ranking
#   datatype: float32
#   description: Number between 0 (worst) and 1 (best)
#   meta:
#     ucd: stat.param
# - 
#   name: reference_time
#   datatype: float64
#   unit: d
#   description: Reference time used for the geometric model fit
#   meta:
#     ucd: time.epoch
# - 
#   name: frequency
#   datatype: float64
#   unit: d**-1
#   description: Frequency of geometric model of the eclipsing binary light curve
#   meta:
#     ucd: src.orbital
# - 
#   name: frequency_error
#   datatype: float32
#   unit: d**-1
#   description: "Uncertainty of \\texttt{frequency}"
#   meta:
#     ucd: stat.error
# - 
#   name: geom_model_reference_level
#   datatype: float32
#   unit: mag
#   description: Magnitude reference level of geometric model
#   meta:
#     ucd: phot.mag;em.opt
# - 
#   name: geom_model_reference_level_error
#   datatype: float32
#   unit: mag
#   description: "Uncertainty of \\texttt{geomModelReferenceLevel}"
#   meta:
#     ucd: stat.error;phot.mag;em.opt
# - 
#   name: geom_model_gaussian1_phase
#   datatype: float32
#   description: Phase of the Gaussian 1 component
#   meta:
#     ucd: time.phase
# - 
#   name: geom_model_gaussian1_phase_error
#   datatype: float32
#   description: "Uncertainty of \\texttt{geomModelGaussian1Phase}"
#   meta:
#     ucd: stat.error;time.phase
# - 
#   name: geom_model_gaussian1_sigma
#   datatype: float32
#   description: "Standard deviation [phase] of Gaussian 1 component"
#   meta:
#     ucd: stat.stdev
# - 
#   name: geom_model_gaussian1_sigma_error
#   datatype: float32
#   description: "Uncertainty of \\texttt{geomModelGaussian1Sigma}"
#   meta:
#     ucd: stat.error
# - 
#   name: geom_model_gaussian1_depth
#   datatype: float32
#   unit: mag
#   description: Magnitude depth of Gaussian 1 component
#   meta:
#     ucd: src.var.amplitude
# - 
#   name: geom_model_gaussian1_depth_error
#   datatype: float32
#   unit: mag
#   description: "Uncertainty of \\texttt{geomModelGaussian1Depth}"
#   meta:
#     ucd: stat.error;src.var.amplitude
# - 
#   name: geom_model_gaussian2_phase
#   datatype: float32
#   description: Phase of Gaussian 2 component
#   meta:
#     ucd: time.phase
# - 
#   name: geom_model_gaussian2_phase_error
#   datatype: float32
#   description: "Uncertainty of \\texttt{geomModelGaussian2Phase}"
#   meta:
#     ucd: stat.error;time.phase
# - 
#   name: geom_model_gaussian2_sigma
#   datatype: float32
[...]
#   datatype: float32
#   description: "Secondary eclipse: uncertainty of \\texttt{derivedSecondaryEclDuration}"
#   meta:
#     ucd: stat.error;time.duration
# - 
#   name: derived_secondary_ecl_depth
#   datatype: float32
#   unit: mag
#   description: "Secondary eclipse: depth"
#   meta:
#     ucd: src.var.amplitude
# - 
#   name: derived_secondary_ecl_depth_error
#   datatype: float32
#   unit: mag
#   description: "Secondary eclipse: uncertainty of \\texttt{derivedSecondaryEclDepth}"
#   meta:
#     ucd: stat.error;src.var.amplitude
solution_id,source_id,global_ranking,reference_time,frequency,frequency_error,geom_model_reference_level,geom_model_reference_level_error,geom_model_gaussian1_phase,geom_model_gaussian1_phase_error,geom_model_gaussian1_sigma,geom_model_gaussian1_sigma_error,geom_model_gaussian1_depth,geom_model_gaussian1_depth_error,geom_model_gaussian2_phase,geom_model_gaussian2_phase_error,geom_model_gaussian2_sigma,geom_model_gaussian2_sigma_error,geom_model_gaussian2_depth,geom_model_gaussian2_depth_error,geom_model_cosine_half_period_amplitude,geom_model_cosine_half_period_amplitude_error,geom_model_cosine_half_period_phase,geom_model_cosine_half_period_phase_error,model_type,num_model_parameters,reduced_chi2,derived_primary_ecl_phase,derived_primary_ecl_phase_error,derived_primary_ecl_duration,derived_primary_ecl_duration_error,derived_primary_ecl_depth,derived_primary_ecl_depth_error,derived_secondary_ecl_phase,derived_secondary_ecl_phase_error,derived_secondary_ecl_duration,derived_secondary_ecl_duration_error,derived_secondary_ecl_depth,derived_secondary_ecl_depth_error
[from data line 543]
375316653866487564,4067630970476474752,0.51103896,2442.7164063329888,2.322635580437944,2.7378986E-5,19.683487,0.015033497,0.27827057,0.010061478,0.06818814,0.008897573,0.6930493,0.074918136,0.76557755,0.003649075,0.070121385,0.0047674077,0.58515054,0.04574323,null,null,null,null,"TWOGAUSSIANS",8,6.151661,0.27827057,0.010061478,0.38185358,0.038882095,0.69172895,0.07521494,0.76557755,0.003649075,0.39267975,0.02468774,0.5838302,0.0459539
375316653866487564,4067631034895222784,0.47574675,2401.7023955068553,1.078226362548094,1.0221386E-5,17.693502,0.0041942364,0.20782022,0.025357107,0.10336714,0.024458531,0.026048867,0.008090556,0.7572775,0.005085454,0.037456755,0.0032148703,0.18061718,0.014201967,null,null,null,null,"TWOGAUSSIANS",8,7.3709054,0.7572775,0.005085266,0.20975782,0.018003274,0.1805827,0.014187669,0.20782022,0.025357107,0.4,0.0,0.02601241,0.008090849
375316653866487564,4067631619007934720,0.59280056,2398.33313075239,0.27651565497874486,1.0495702E-5,17.639034,0.0021823547,0.22725435,0.020336805,0.014833227,0.008282132,0.44316947,0.49999675,0.73097074,0.0014500611,0.009594861,4.8417534E-4,0.36863863,0.04848498,null,null,null,null,"TWOGAUSSIANS",8,3.2315965,0.22725435,0.020336805,0.08306607,0.046379942,0.44316947,0.49999675,0.73097074,0.0014500611,0.053731225,0.002711382,0.36863863,0.04848498
375316653866487564,4067631653367647488,0.47847253,2441.4273484483256,3.1149276167363453,1.944929E-5,18.094778,0.083517954,0.19483683,0.0069856,0.11510949,0.037991665,0.24337666,0.06864135,0.70184755,0.008391065,0.10778315,0.03289203,0.22020768,0.07762457,null,null,null,null,"TWOGAUSSIANS",8,10.23924,0.19482683,0.0069683325,0.4,0.0,0.20851317,0.018941417,0.7018676,0.008400197,0.4,0.0,0.18537466,0.016345417
375316653866487564,4067631692031152768,0.5413326,2395.396854384213,0.2108884411304463,3.698287E-5,19.147772,0.0034955228,0.24439932,0.007952279,0.022696078,0.008081934,0.027284345,0.019659936,0.34635836,4.6193015E-4,0.014708822,4.7329042E-4,0.53189635,0.021299653,null,null,null,null,"TWOGAUSSIANS",8,1.7281669,0.34635836,4.6193015E-4,0.0823694,0.0026504265,0.5318975,0.021295503,0.24439932,0.007952279,0.12709804,0.04525883,0.027284345,0.019659936
375316653866487564,4067631966909001728,0.50292385,2368.1878903254437,2.352014077958791,1.3242195E-5,19.414822,0.013308668,0.2907964,0.008439987,0.07459444,0.009200683,0.20249532,0.022180503,0.7792979,0.0060012494,0.0806226,0.01302798,0.19282682,0.013538218,null,null,null,null,"TWOGAUSSIANS",8,1.2014178,0.2907964,0.008439987,0.4,0.006499054,0.20076585,0.021707255,0.7792979,0.0060012494,0.4,0.0,0.19109735,0.012958391
375316653866487564,4067632237482119424,0.6622627,2374.09351935309,0.9849751962598654,3.4892184E-6,12.266866,0.0050535398,0.2488775,0.0016467107,0.04647939,0.0018247545,0.5468651,0.020255862,0.74578464,9.5620047E-4,0.041776095,0.0015663954,0.29849273,0.011866757,0.09549572,0.006881348,0.74578464,9.5620047E-4,"TWOGAUSSIANS_WITH_ELLIPSOIDAL_ON_ECLIPSE2",9,232.6139,0.2487075,0.0015383292,0.26028457,0.010218625,0.7377879,0.023050204,0.74578464,9.5620047E-4,0.23394613,0.008771814,0.48948362,0.0043980293
375316653866487564,4067632482340857984,0.5896229,2419.916238768073,2.558486658079873,4.9809146E-6,15.586566,0.006307623,0.23873009,0.0024693054,0.10368249,0.006807207,0.10911087,0.005468695,0.7335346,0.002499828,0.104045324,0.004769915,0.15512106,0.0063022804,null,null,null,null,"TWOGAUSSIANS",8,5.7537355,0.7335346,0.002499828,0.4,0.0,0.14164084,0.0033894917,0.23873009,0.0024680353,0.4,0.0,0.095631726,0.0027702155
375316653866487564,4067632619743945472,0.4330841,2446.5704814975293,2.0320374704328117,4.5985747E-5,19.340002,0.13908677,0.22354089,0.008292799,0.06266173,0.011128881,0.6760017,0.33701557,0.6796378,0.031767774,0.1580711,0.15786077,0.16830036,0.112008214,null,null,null,null,"TWOGAUSSIANS",8,6.836532,0.22376089,0.007973519,0.35090566,0.062321734,0.6591148,0.33976665,0.6796378,0.031767774,0.4,0.0037776006,0.14833768,0.069992125
375316653866487564,4067632825903785344,0.542442,2408.786010022958,0.6466363546042512,5.271747E-5,17.31617,0.0019823273,0.28492406,0.0033399232,0.02745843,0.002181425,0.494504,0.024622835,null,null,null,null,null,null,null,null,null,null,"ONEGAUSSIAN",5,12.667884,0.28492406,0.0033399232,0.1537672,0.01221598,0.494504,0.0,null,null,null,null,null,null
375316653866487564,4067633684931741952,0.4351033,2494.0295399977417,2.041757503413961,2.554917E-5,18.55636,0.0047016796,0.13254392,0.0038595637,0.026631389,0.0049841427,0.11225316,0.05184039,0.6449822,0.017097129,0.023576891,0.01565049,0.1104046,0.08012901,null,null,null,null,"TWOGAUSSIANS",8,3.1301851,0.13254392,0.0038595637,0.14913578,0.0279112,0.11225316,0.05184039,0.6449822,0.017097129,0.13203059,0.08764275,0.1104046,0.08012901
375316653866487564,4067633959809993984,0.54574114,2417.8200901771042,1.314447982183824,6.875029E-6,17.26951,0.0048754658,0.21130314,0.0016740483,0.06879307,0.002294573,0.3561229,0.0146641,0.7106064,0.004633139,0.06482441,0.0072421827,0.20154981,0.009611633,null,null,null,null,"TWOGAUSSIANS",8,9.372101,0.21130314,0.0016740483,0.3852412,0.012849608,0.3556417,0.01470602,0.7106064,0.004633139,0.3630167,0.040556222,0.2010686,0.009776304
375316653866487564,4067634367789985920,0.5147413,2410.962284145823,0.29468189769550834,1.4701543E-5,11.813346,9.79201E-4,0.19183214,0.0066703423,0.030381324,0.008387104,0.03874905,0.013804452,0.7107589,0.0029551412,0.03548844,0.0057725646,0.08589535,0.014815874,0.025705434,0.0015166125,0.7107589,0.0029551412,"TWOGAUSSIANS_WITH_ELLIPSOIDAL_ON_ECLIPSE2",9,33.580208,0.7107589,0.0029551412,0.19873527,0.032326363,0.13730614,0.014783928,0.19349214,0.00667642,0.17013541,0.046967782,0.089499295,0.014113215
375316653866487564,4067634475170038784,0.5677798,2421.0856480267544,2.783652527388235,1.4674952E-5,18.254114,0.012789315,0.1970234,0.0035055992,0.076835,0.004626493,0.4666172,0.017850455,0.6871194,0.003100258,0.07831719,0.0039740317,0.4938533,0.021557469,null,null,null,null,"TWOGAUSSIANS",8,9.773745,0.6871194,0.003100258,0.4,0.0,0.4895181,0.021414885,0.1970234,0.0035055992,0.4,0.0,0.46228197,0.01768196
375316653866487564,4067634750048014720,0.50666755,2420.6160674293233,0.20319767655152193,4.5422068E-5,18.995169,0.0038727308,0.29920143,7.742272E-4,0.012793514,5.795103E-4,0.6017795,0.07814284,0.80033875,0.0019551958,0.0129366685,0.0033809014,0.45910594,0.24435732,null,null,null,null,"TWOGAUSSIANS",8,2.8142598,0.29920143,7.742272E-4,0.07164368,0.0032452575,0.6017795,0.07814284,0.80033875,0.0019551958,0.07244534,0.018933048,0.45910594,0.24435732
375316653866487564,4067634750049565440,0.4870962,2447.5018649165054,2.7123368593311503,1.9625646E-5,19.787558,0.11058524,0.23575458,0.008918573,0.112834334,0.030385971,0.25596592,0.10364758,0.707867,0.006789603,0.13434452,0.028798295,0.41716266,0.09849306,null,null,null,null,"TWOGAUSSIANS",8,1.7764027,0.707867,0.006789603,0.4,0.0,0.34945065,0.023510635,0.23664458,0.009160389,0.4,0.0,0.18927006,0.017625956
375316653866487564,4067634818767538560,0.4488321,2576.3888327098994,0.7862883663502807,1.6066493E-4,19.707727,0.012675109,0.65436584,0.0060654106,0.055632576,0.0046995655,0.5669737,0.1250073,0.9378466,0.0077921986,0.008272844,0.0034935463,0.2576216,0.07036303,null,null,null,null,"TWOGAUSSIANS",8,3.8433511,0.65436584,0.0060654106,0.31154242,0.026317567,0.5669737,0.1250073,0.9378466,0.0077921986,0.046327926,0.01956386,0.2576229,0.07036409
375316653866487564,4067635540357674752,0.55228996,2406.615598059791,1.4711502464092452,1.5456792E-5,17.199146,0.005214295,0.24670194,0.001959584,0.089482024,0.003921091,0.14852624,0.0056321835,0.74223685,0.0029012805,0.10172683,0.0061889035,0.1268397,0.0051115295,null,null,null,null,"TWOGAUSSIANS",8,2.4168904,0.24670194,0.001959584,0.4,0.0,0.14014697,0.0044091,0.74223685,0.0029012805,0.4,0.0,0.118459,0.004155498
375316653866487564,4067635570377949824,0.6135833,2428.4776309200956,0.3623851822919811,3.2897E-6,17.310717,0.0027979496,0.23995577,0.0035439066,0.03652229,0.0042630425,0.13631696,0.012892384,0.7299192,0.002634542,0.03004981,9.916173E-4,1.0048623,0.033555746,null,null,null,null,"TWOGAUSSIANS",8,10.768875,0.7299192,0.002634542,0.16827893,0.005553057,1.0048623,0.033555746,0.23995577,0.0035439066,0.20452484,0.023873039,0.13631696,0.012892384
375316653866487564,4067635707817000320,0.58070153,2422.2311896237716,2.202420125607298,1.1173859E-5,17.32574,0.017531801,0.1531324,0.004100994,0.091386914,0.009549263,0.26487607,0.014942039,0.65505433,0.0020707545,0.09903341,0.007452727,0.25136158,0.015000099,null,null,null,null,"TWOGAUSSIANS",8,5.6247673,0.1531324,0.004100994,0.4,0.0,0.24891627,0.00625815,0.65505433,0.0020707545,0.4,0.0,0.23540045,0.0070001124
375316653866487564,4067635883919608576,0.6166745,2417.7759287238973,0.8090730990565547,4.0901746E-6,16.934166,0.0016992147,0.30696216,0.0015904314,0.036968444,0.0035612187,0.13711059,0.008340104,0.8046857,9.867946E-4,0.036642183,0.0011508424,0.24008945,0.0061339666,0.02799021,0.0027280021,0.30696216,0.0015904314,"TWOGAUSSIANS_WITH_ELLIPSOIDAL_ON_ECLIPSE1",9,2.9367692,0.8047357,9.531505E-4,0.20519622,0.0064447178,0.29605865,0.005979973,0.30696216,0.0015904314,0.2070233,0.019942826,0.19309099,0.010101602
375316653866487564,4067635986998851584,0.450261,2499.825677462617,2.6352655515247543,7.546232E-6,16.980438,0.007457603,0.55392337,0.0060762884,0.026982838,0.003809633,0.41769695,0.17565699,0.78867793,0.0077706934,0.0315126,0.008778172,0.21281397,0.06246047,null,null,null,null,"TWOGAUSSIANS",8,4.36138,0.55392337,0.0060762884,0.1511039,0.021333944,0.41769695,0.17565699,0.78867793,0.0077706934,0.17647055,0.04915776,0.21281397,0.06246047
375316653866487564,4067636227516981760,0.4557849,2451.232949217192,4.118730790870534,1.8468807E-5,19.931145,0.0076739606,0.16489075,0.005135808,0.029095307,0.006240207,0.5822638,0.19042209,0.6636209,0.0147306295,0.045035668,0.011610765,0.25021058,0.129157,null,null,null,null,"TWOGAUSSIANS",8,2.5832114,0.16489075,0.005135808,0.16293372,0.034945156,0.5822638,0.19042209,0.6636209,0.0147306295,0.25219974,0.06502028,0.25021058,0.129157
375316653866487564,4067636944770327552,0.5717419,2392.4794965077667,3.261703867679249,2.581451E-5,18.732319,0.0042362995,0.2533322,0.0050001284,0.069374286,0.006018019,0.25766876,0.013252137,0.7445373,0.0016435211,0.06168925,0.001885451,0.340545,0.00610532,null,null,null,null,"TWOGAUSSIANS",8,2.0063226,0.7445373,0.0016435211,0.3454598,0.010558526,0.3402321,0.006065486,0.2533322,0.0050001284,0.388496,0.032824967,0.25735587,0.013331389
375316653866487564,4067637150932012160,0.43456033,2485.7169399640966,0.980386244060589,3.136603E-5,19.09554,0.0059455726,0.3453157,0.011464754,0.03630596,0.011228481,0.23241875,0.1324029,0.54101175,0.02994396,0.023896469,0.028942704,0.12599318,52527.7,null,null,null,null,"TWOGAUSSIANS",8,2.7686927,0.3453157,0.011464754,0.20331337,0.062879495,0.23241875,0.1324029,0.54101175,0.02994396,0.13382022,0.16207914,0.12599328,52527.7
375316653866487564,4067637155229796608,0.41604137,2443.3135686584965,2.4106459030240135,2.0168021E-5,19.0669,0.0060143718,0.300623,0.0050390386,0.021844054,0.005347037,0.16589864,0.047964904,0.7530389,0.08025525,0.032760523,0.039495863,0.18397784,0.27960035,null,null,null,null,"TWOGAUSSIANS",8,3.8368654,0.7530389,0.08025525,0.18345892,0.22117683,0.18397784,0.27960035,0.300623,0.0050390386,0.1223267,0.029943408,0.16589864,0.047964904
375316653866487564,4067637185288544128,0.52269167,2399.0335390319456,2.004572826512702,1.3014708E-5,18.192871,0.007503033,0.3224991,0.0057494706,0.08063471,0.0064298436,0.13214587,0.008923738,0.807487,0.0046080607,0.07840364,0.0062100077,0.23819254,0.0077302074,null,null,null,null,"TWOGAUSSIANS",8,4.0462804,0.807487,0.0046080607,0.4,0.0,0.23633508,0.007022651,0.3224991,0.0057494706,0.4,0.0,0.13028839,0.008285588
375316653866487564,4067637254008013440,0.5306463,2447.939659482176,3.1597808757241332,2.1115262E-5,18.605268,0.027216926,0.25385925,0.002201824,0.053471837,0.008267618,0.35404375,0.06362508,0.74585116,0.004377113,0.053362492,0.009879999,0.2147193,0.054463778,0.09821934,0.029313358,0.25385925,0.002201824,"TWOGAUSSIANS_WITH_ELLIPSOIDAL_ON_ECLIPSE1",9,11.1525,0.25385925,0.002201824,0.2994423,0.04629866,0.55047405,0.05266209,0.7472212,0.0035859374,0.29882997,0.055327993,0.41073734,0.016464535
375316653866487564,4067637773705106560,0.4514706,2401.14618872664,2.134956320354129,2.9897948E-5,19.513483,0.021279683,0.23041213,0.012733562,0.0889221,0.020507868,0.21311867,0.027874295,0.7349637,0.00729989,0.086964205,0.01680653,0.2544023,0.02261168,null,null,null,null,"TWOGAUSSIANS",8,3.834847,0.7349637,0.00729989,0.4,0.0,0.2468081,0.024518132,0.23041213,0.012733562,0.4,0.0,0.20552443,0.030022066
375316653866487564,4067637838121097344,0.5258081,2409.349263557449,2.9149624783023578,2.2616643E-5,18.428621,0.008983413,0.14630617,0.0033522109,0.07643506,0.0054528336,0.27876523,0.018121608,0.644525,0.004314756,0.088443495,0.005157543,0.29548097,0.015239214,null,null,null,null,"TWOGAUSSIANS",8,5.061921,0.644525,0.004314756,0.4,0.0,0.28989,0.014879359,0.14630617,0.0033522109,0.4,0.0,0.27317432,0.018653402
375316653866487564,4067638117304165632,0.43093556,2446.957830468915,3.9156619325338005,2.393771E-5,19.926582,0.014890199,0.06936781,0.00806861,0.028529909,0.010438676,0.31860676,0.14932175,0.5513515,0.03749413,0.08711993,0.089134775,0.08219456,0.30563664,null,null,null,null,"TWOGAUSSIANS",8,3.8643527,0.06936781,0.00806872,0.15976748,0.058456585,0.3185982,0.14933759,0.5513515,0.03749413,0.4,0.16750437,0.08218597,0.30573106
375316653866487564,4067638151662421504,0.44156158,2456.8131634546007,1.1035045633076364,2.510963E-5,19.863594,0.019266991,0.099024616,0.008389527,0.03183226,0.007125606,0.48147854,0.06071357,0.5446318,0.008983183,0.0095784785,0.0044404245,0.54090136,1.21978,null,null,null,null,"TWOGAUSSIANS",8,7.0033045,0.5446318,0.008983183,0.053639483,0.024866378,0.54090136,1.21978,0.099024616,0.008389527,0.17826065,0.03990339,0.48147854,0.06071357
375316653866487564,4067638220417940864,0.58273816,2395.7516095004407,0.30925251981726737,1.3519199E-5,19.288403,0.009169764,0.31104544,9.944777E-4,0.033631667,9.413352E-4,1.398172,0.036400575,0.8146648,0.0042202948,0.032294527,0.004595542,0.30486092,0.048931383,null,null,null,null,"TWOGAUSSIANS",8,4.021896,0.31104544,9.944777E-4,0.18833734,0.005271477,1.398172,0.036400575,0.8146648,0.0042202948,0.18084936,0.025735034,0.30486092,0.048931383
375316653866487564,4067638632700188672,0.43665668,2480.2714652758427,3.9534962785857455,1.6097982E-5,19.844196,0.01053791,0.08926774,0.00463981,0.022148333,0.0037365817,0.33168545,0.04889933,0.545332,0.046529636,0.09842359,0.035176083,0.07992369,0.034620307,null,null,null,null,"TWOGAUSSIANS",8,3.165004,0.08926774,0.00463981,0.124030665,0.020924857,0.33168104,0.048899546,0.545332,0.046529636,0.4,0.0,0.0799175,0.034642097
375316653866487564,4067639796623866880,0.59875375,2405.1363829663565,1.8182876260893275,7.252547E-6,16.492228,0.007481894,0.09948596,0.0016991668,0.047270928,0.004631247,0.1834562,0.015595651,0.5976752,0.004176037,0.047994982,0.0047238013,0.20186803,0.025177026,0.10163441,0.009155269,0.09948596,0.0016991668,"TWOGAUSSIANS_WITH_ELLIPSOIDAL_ON_ECLIPSE1",9,14.527005,0.5979552,0.0037468846,0.26877192,0.026453286,0.405114,0.02243017,0.09948596,0.0016991668,0.2647172,0.025934983,0.38672438,0.0058940346
375316653866487564,4067640037142011264,0.6117577,2417.972131446265,1.9674230516181301,6.0047164E-6,17.452364,0.003466168,0.1945049,0.0014686127,0.05042179,0.002989635,0.20578825,0.010735661,0.72107685,0.010112422,0.04593781,0.006460158,0.050582524,0.00901478,0.075916484,0.0041981647,0.1945049,0.0014686127,"TWOGAUSSIANS_WITH_ELLIPSOIDAL_ON_ECLIPSE1",9,1.7889491,0.1945049,0.0014686127,0.282362,0.016741956,0.35762027,0.013786235,0.72107685,0.010112422,0.25725174,0.036176886,0.19822143,0.0064512715
