Gaia/vari_eclipsing_binary/VariEclipsingBinary_686315-686403.csv
# %ECSV 1.0
# ---
# delimiter: ','
# meta: !!omap
# - RELEASE: Gaia DR3
# - TABLE: vari_eclipsing_binary
# - DESCRIPTION: >
#     This table describes the properties of the eclipsing binaries resulting from the variability analysis. 
# - CITATION: >
#     How to cite and acknowledge Gaia: 
#     https://gea.esac.esa.int/archive/documentation/credits.html 
# - KNOWN_ISSUES: >
#     Known issues: 
#     https://www.cosmos.esa.int/web/gaia-users/known-issues 
# - DOCUMENTATION: >
#     Tutorials and documentation: 
#     https://www.cosmos.esa.int/web/gaia-users/archive 
# datatype:
# - 
#   name: solution_id
#   datatype: int64
#   description: Solution Identifier
#   meta:
#     ucd: meta.version
# - 
#   name: source_id
#   datatype: int64
#   description: Unique source identifier
#   meta:
#     ucd: meta.id;meta.main
# - 
#   name: global_ranking
#   datatype: float32
#   description: Number between 0 (worst) and 1 (best)
#   meta:
#     ucd: stat.param
# - 
#   name: reference_time
#   datatype: float64
#   unit: d
#   description: Reference time used for the geometric model fit
#   meta:
#     ucd: time.epoch
# - 
#   name: frequency
#   datatype: float64
#   unit: d**-1
#   description: Frequency of geometric model of the eclipsing binary light curve
#   meta:
#     ucd: src.orbital
# - 
#   name: frequency_error
#   datatype: float32
#   unit: d**-1
#   description: "Uncertainty of \\texttt{frequency}"
#   meta:
#     ucd: stat.error
# - 
#   name: geom_model_reference_level
#   datatype: float32
#   unit: mag
#   description: Magnitude reference level of geometric model
#   meta:
#     ucd: phot.mag;em.opt
# - 
#   name: geom_model_reference_level_error
#   datatype: float32
#   unit: mag
#   description: "Uncertainty of \\texttt{geomModelReferenceLevel}"
#   meta:
#     ucd: stat.error;phot.mag;em.opt
# - 
#   name: geom_model_gaussian1_phase
#   datatype: float32
#   description: Phase of the Gaussian 1 component
#   meta:
#     ucd: time.phase
# - 
#   name: geom_model_gaussian1_phase_error
#   datatype: float32
#   description: "Uncertainty of \\texttt{geomModelGaussian1Phase}"
#   meta:
#     ucd: stat.error;time.phase
# - 
#   name: geom_model_gaussian1_sigma
#   datatype: float32
#   description: "Standard deviation [phase] of Gaussian 1 component"
#   meta:
#     ucd: stat.stdev
# - 
#   name: geom_model_gaussian1_sigma_error
#   datatype: float32
#   description: "Uncertainty of \\texttt{geomModelGaussian1Sigma}"
#   meta:
#     ucd: stat.error
# - 
#   name: geom_model_gaussian1_depth
#   datatype: float32
#   unit: mag
#   description: Magnitude depth of Gaussian 1 component
#   meta:
#     ucd: src.var.amplitude
# - 
#   name: geom_model_gaussian1_depth_error
#   datatype: float32
#   unit: mag
#   description: "Uncertainty of \\texttt{geomModelGaussian1Depth}"
#   meta:
#     ucd: stat.error;src.var.amplitude
# - 
#   name: geom_model_gaussian2_phase
#   datatype: float32
#   description: Phase of Gaussian 2 component
#   meta:
#     ucd: time.phase
# - 
#   name: geom_model_gaussian2_phase_error
#   datatype: float32
#   description: "Uncertainty of \\texttt{geomModelGaussian2Phase}"
#   meta:
#     ucd: stat.error;time.phase
# - 
#   name: geom_model_gaussian2_sigma
#   datatype: float32
[...]
#   datatype: float32
#   description: "Secondary eclipse: uncertainty of \\texttt{derivedSecondaryEclDuration}"
#   meta:
#     ucd: stat.error;time.duration
# - 
#   name: derived_secondary_ecl_depth
#   datatype: float32
#   unit: mag
#   description: "Secondary eclipse: depth"
#   meta:
#     ucd: src.var.amplitude
# - 
#   name: derived_secondary_ecl_depth_error
#   datatype: float32
#   unit: mag
#   description: "Secondary eclipse: uncertainty of \\texttt{derivedSecondaryEclDepth}"
#   meta:
#     ucd: stat.error;src.var.amplitude
solution_id,source_id,global_ranking,reference_time,frequency,frequency_error,geom_model_reference_level,geom_model_reference_level_error,geom_model_gaussian1_phase,geom_model_gaussian1_phase_error,geom_model_gaussian1_sigma,geom_model_gaussian1_sigma_error,geom_model_gaussian1_depth,geom_model_gaussian1_depth_error,geom_model_gaussian2_phase,geom_model_gaussian2_phase_error,geom_model_gaussian2_sigma,geom_model_gaussian2_sigma_error,geom_model_gaussian2_depth,geom_model_gaussian2_depth_error,geom_model_cosine_half_period_amplitude,geom_model_cosine_half_period_amplitude_error,geom_model_cosine_half_period_phase,geom_model_cosine_half_period_phase_error,model_type,num_model_parameters,reduced_chi2,derived_primary_ecl_phase,derived_primary_ecl_phase_error,derived_primary_ecl_duration,derived_primary_ecl_duration_error,derived_primary_ecl_depth,derived_primary_ecl_depth_error,derived_secondary_ecl_phase,derived_secondary_ecl_phase_error,derived_secondary_ecl_duration,derived_secondary_ecl_duration_error,derived_secondary_ecl_depth,derived_secondary_ecl_depth_error
[from data line 400]
375316653866487564,6037649593463797120,0.61397666,2134.4292673419704,0.9859113797445769,1.8757146E-5,16.018417,0.002131459,0.22255076,0.0043382384,0.046624675,0.003763132,0.059230473,0.0037231008,0.7286437,9.1671787E-4,0.040405527,0.0014940001,0.30518842,0.009518903,null,null,null,null,"TWOGAUSSIANS",8,7.5926113,0.7286437,9.1671787E-4,0.22627094,0.0083664,0.30518842,0.009518907,0.22255076,0.0043382384,0.26109818,0.021073539,0.05923046,0.003723102
375316653866487564,6037653991499880448,0.52878606,2162.5913657139085,3.007225326120097,1.9945748E-5,18.537127,0.0149238035,0.23034894,0.0047376473,0.0946962,0.009979061,0.23520581,0.014768511,0.7080246,0.0061343224,0.09649801,0.010028029,0.26307824,0.015228242,null,null,null,null,"TWOGAUSSIANS",8,2.745012,0.7080246,0.0061343224,0.4,0.0,0.25115755,0.010849006,0.23034894,0.0047370754,0.4,0.0,0.22328576,0.012140683
375316653866487564,6037657010862345984,0.5810844,2246.751347781514,2.748994876911577,1.2384201E-5,18.82651,0.005221211,0.2691633,0.0027937826,0.06029526,0.0036851824,0.30677158,0.0087485,0.76846826,0.0050877756,0.05538969,0.0047055553,0.36560524,0.0285541,null,null,null,null,"TWOGAUSSIANS",8,1.251244,0.76846826,0.0050877756,0.31018227,0.02635111,0.3655482,0.028569937,0.2691633,0.0027937826,0.33765346,0.020637022,0.30671456,0.0087514995
375316653866487564,6037657972935073536,0.5031419,2237.4074864861527,3.7214064367811392,2.5364609E-5,18.818993,0.023912977,0.31198385,0.006206527,0.12321023,0.015210776,0.19565508,0.02398026,0.7926676,0.010847591,0.087543935,0.018124439,0.18397415,0.01993735,null,null,null,null,"TWOGAUSSIANS",8,2.5737057,0.31198385,0.006206527,0.4,0.0,0.1776286,0.012864124,0.7926676,0.010847591,0.4,0.0,0.1660717,0.01611082
375316653866487564,6037661099671296000,0.528958,2231.4905101927266,2.5486072427950734,6.6668166E-5,18.63225,0.0059437254,0.3374329,0.017645909,0.06355519,0.02201867,0.10882429,0.08868391,0.8424042,0.0030653623,0.025402246,0.0024221118,0.6505317,0.1263743,null,null,null,null,"TWOGAUSSIANS",8,2.4125564,0.8424042,0.0030653623,0.14225258,0.013563826,0.65053165,0.12637433,0.3374329,0.017645909,0.35590908,0.123304546,0.10882426,0.08868395
375316653866487564,6037662753243752064,0.5363826,2221.826070860083,3.0221850626364595,1.3126372E-5,18.479595,0.01585233,0.27037954,0.0059890775,0.093777135,0.011740097,0.22184013,0.014461009,0.7748925,0.014554681,0.09389402,0.024975305,0.13329065,0.054038268,null,null,null,null,"TWOGAUSSIANS",8,2.0250566,0.27037954,0.0059890775,0.4,0.0,0.21261826,0.016701711,0.7748925,0.014554681,0.4,0.0036101183,0.12406889,0.05796869
375316653866487564,6037662821956642944,0.50126654,2198.3556383915875,2.8814936146670656,2.8694096E-5,18.949572,0.016506521,0.27255923,0.008879361,0.08331392,0.012427981,0.1707232,0.01671734,0.7737474,0.00815817,0.06822736,0.013362483,0.19794574,0.023867652,null,null,null,null,"TWOGAUSSIANS",8,2.2624443,0.7737474,0.00815817,0.38207322,0.048887912,0.19641714,0.024078237,0.27255923,0.008879361,0.4,0.0,0.16919458,0.014739841
375316653866487564,6037662890677093888,0.4872536,2234.1240787620272,2.920849893065817,2.809372E-5,19.487108,0.06427728,0.2416305,0.011581334,0.11982935,0.026776796,0.32531986,0.060335685,0.71196264,0.0073347813,0.093309134,0.021098537,0.3159213,0.05715452,null,null,null,null,"TWOGAUSSIANS",8,2.8398013,0.2416305,0.011585657,0.4,0.0,0.29628816,0.030094119,0.71196264,0.0073347813,0.4,0.0,0.28705412,0.039957933
375316653866487564,6037664986630380032,0.58709395,2214.0714927402487,1.631470675249933,9.682597E-6,17.263008,0.016968887,0.26204285,0.004437578,0.08562109,0.011024166,0.24767807,0.038154833,0.7609362,0.0016315384,0.079986684,0.0066496427,0.27695182,0.014481407,null,null,null,null,"TWOGAUSSIANS",8,7.175262,0.7609362,0.0016315384,0.4,0.0,0.27158475,0.010835931,0.26204285,0.004437578,0.4,0.0,0.242311,0.0392105
375316653866487564,6037667632326529920,0.61841106,2164.6630763378084,3.3122408703127304,1.3542306E-5,16.846285,0.029313069,0.27282053,0.0033749372,0.054160606,0.008607429,0.31710094,0.06020929,0.7683608,0.004608152,0.05777924,0.008572593,0.4078233,0.055849925,0.0812003,0.031095244,0.27282053,0.0033749372,"TWOGAUSSIANS_WITH_ELLIPSOIDAL_ON_ECLIPSE1",9,19.32275,0.76878077,0.004080111,0.32356375,0.048006523,0.570076,0.024173096,0.27282053,0.0033749372,0.3032994,0.048201606,0.479469,0.016783424
375316653866487564,6037667804115310848,0.5763153,2180.2500051715015,3.2337917694107534,1.5233756E-5,17.78719,0.028255725,0.2712707,0.00393024,0.099627435,0.0103138415,0.40912738,0.026009636,0.77284527,0.005671196,0.097783566,0.011746796,0.3873383,0.028071322,null,null,null,null,"TWOGAUSSIANS",8,7.225446,0.2712707,0.00393024,0.4,0.0,0.3775568,0.010670756,0.77284527,0.005671196,0.4,0.0,0.35576886,0.021010723
375316653866487564,6037670170653412992,0.46598238,2203.167574004351,0.3309595369096935,4.1842562E-5,19.444437,0.007696602,0.29258174,0.004290749,0.076598704,0.011241681,0.22822195,0.05075553,0.7553499,0.031380508,0.04459526,0.012956054,1.8510537,2.4425735,null,null,null,null,"TWOGAUSSIANS",8,1.8270949,0.7553499,0.031380508,0.24973345,0.0725539,1.8510044,2.4419398,0.29258174,0.004290749,0.4,0.0,0.22817256,0.05111411
375316653866487564,6037670686040950784,0.47417238,2170.780249807748,1.1781953590409373,1.1995198E-4,19.705763,0.00939881,0.23317671,0.02263034,0.11183609,0.021144187,0.079239495,0.019513259,0.725976,0.014400067,0.0338101,0.008732911,0.4378893,0.26967815,null,null,null,null,"TWOGAUSSIANS",8,1.5693275,0.725976,0.014400067,0.18933657,0.048904303,0.43745264,0.26980385,0.23317671,0.02263034,0.4,0.0,0.07879533,0.019632958
