Gaia/vari_eclipsing_binary/VariEclipsingBinary_668110-668142.csv
# %ECSV 1.0
# ---
# delimiter: ','
# meta: !!omap
# - RELEASE: Gaia DR3
# - TABLE: vari_eclipsing_binary
# - DESCRIPTION: >
#     This table describes the properties of the eclipsing binaries resulting from the variability analysis. 
# - CITATION: >
#     How to cite and acknowledge Gaia: 
#     https://gea.esac.esa.int/archive/documentation/credits.html 
# - KNOWN_ISSUES: >
#     Known issues: 
#     https://www.cosmos.esa.int/web/gaia-users/known-issues 
# - DOCUMENTATION: >
#     Tutorials and documentation: 
#     https://www.cosmos.esa.int/web/gaia-users/archive 
# datatype:
# - 
#   name: solution_id
#   datatype: int64
#   description: Solution Identifier
#   meta:
#     ucd: meta.version
# - 
#   name: source_id
#   datatype: int64
#   description: Unique source identifier
#   meta:
#     ucd: meta.id;meta.main
# - 
#   name: global_ranking
#   datatype: float32
#   description: Number between 0 (worst) and 1 (best)
#   meta:
#     ucd: stat.param
# - 
#   name: reference_time
#   datatype: float64
#   unit: d
#   description: Reference time used for the geometric model fit
#   meta:
#     ucd: time.epoch
# - 
#   name: frequency
#   datatype: float64
#   unit: d**-1
#   description: Frequency of geometric model of the eclipsing binary light curve
#   meta:
#     ucd: src.orbital
# - 
#   name: frequency_error
#   datatype: float32
#   unit: d**-1
#   description: "Uncertainty of \\texttt{frequency}"
#   meta:
#     ucd: stat.error
# - 
#   name: geom_model_reference_level
#   datatype: float32
#   unit: mag
#   description: Magnitude reference level of geometric model
#   meta:
#     ucd: phot.mag;em.opt
# - 
#   name: geom_model_reference_level_error
#   datatype: float32
#   unit: mag
#   description: "Uncertainty of \\texttt{geomModelReferenceLevel}"
#   meta:
#     ucd: stat.error;phot.mag;em.opt
# - 
#   name: geom_model_gaussian1_phase
#   datatype: float32
#   description: Phase of the Gaussian 1 component
#   meta:
#     ucd: time.phase
# - 
#   name: geom_model_gaussian1_phase_error
#   datatype: float32
#   description: "Uncertainty of \\texttt{geomModelGaussian1Phase}"
#   meta:
#     ucd: stat.error;time.phase
# - 
#   name: geom_model_gaussian1_sigma
#   datatype: float32
#   description: "Standard deviation [phase] of Gaussian 1 component"
#   meta:
#     ucd: stat.stdev
# - 
#   name: geom_model_gaussian1_sigma_error
#   datatype: float32
#   description: "Uncertainty of \\texttt{geomModelGaussian1Sigma}"
#   meta:
#     ucd: stat.error
# - 
#   name: geom_model_gaussian1_depth
#   datatype: float32
#   unit: mag
#   description: Magnitude depth of Gaussian 1 component
#   meta:
#     ucd: src.var.amplitude
# - 
#   name: geom_model_gaussian1_depth_error
#   datatype: float32
#   unit: mag
#   description: "Uncertainty of \\texttt{geomModelGaussian1Depth}"
#   meta:
#     ucd: stat.error;src.var.amplitude
# - 
#   name: geom_model_gaussian2_phase
#   datatype: float32
#   description: Phase of Gaussian 2 component
#   meta:
#     ucd: time.phase
# - 
#   name: geom_model_gaussian2_phase_error
#   datatype: float32
#   description: "Uncertainty of \\texttt{geomModelGaussian2Phase}"
#   meta:
#     ucd: stat.error;time.phase
# - 
#   name: geom_model_gaussian2_sigma
#   datatype: float32
[...]
#   datatype: float32
#   description: "Secondary eclipse: uncertainty of \\texttt{derivedSecondaryEclDuration}"
#   meta:
#     ucd: stat.error;time.duration
# - 
#   name: derived_secondary_ecl_depth
#   datatype: float32
#   unit: mag
#   description: "Secondary eclipse: depth"
#   meta:
#     ucd: src.var.amplitude
# - 
#   name: derived_secondary_ecl_depth_error
#   datatype: float32
#   unit: mag
#   description: "Secondary eclipse: uncertainty of \\texttt{derivedSecondaryEclDepth}"
#   meta:
#     ucd: stat.error;src.var.amplitude
solution_id,source_id,global_ranking,reference_time,frequency,frequency_error,geom_model_reference_level,geom_model_reference_level_error,geom_model_gaussian1_phase,geom_model_gaussian1_phase_error,geom_model_gaussian1_sigma,geom_model_gaussian1_sigma_error,geom_model_gaussian1_depth,geom_model_gaussian1_depth_error,geom_model_gaussian2_phase,geom_model_gaussian2_phase_error,geom_model_gaussian2_sigma,geom_model_gaussian2_sigma_error,geom_model_gaussian2_depth,geom_model_gaussian2_depth_error,geom_model_cosine_half_period_amplitude,geom_model_cosine_half_period_amplitude_error,geom_model_cosine_half_period_phase,geom_model_cosine_half_period_phase_error,model_type,num_model_parameters,reduced_chi2,derived_primary_ecl_phase,derived_primary_ecl_phase_error,derived_primary_ecl_duration,derived_primary_ecl_duration_error,derived_primary_ecl_depth,derived_primary_ecl_depth_error,derived_secondary_ecl_phase,derived_secondary_ecl_phase_error,derived_secondary_ecl_duration,derived_secondary_ecl_duration_error,derived_secondary_ecl_depth,derived_secondary_ecl_depth_error
[from data line 539]
375316653866487564,5876967891896079872,0.6009841,2262.189953452655,3.105005279934773,8.703853E-6,18.867704,0.009009815,0.2535451,0.0014085264,0.039069165,0.0023123384,0.573824,0.04256472,0.75399286,0.0030889933,0.04315943,0.0036963609,0.56627333,0.031703725,0.14349334,0.01217321,0.2535451,0.0014085264,"TWOGAUSSIANS_WITH_ELLIPSOIDAL_ON_ECLIPSE1",9,3.2001545,0.2535451,0.0014085264,0.21878731,0.012949096,0.86081064,0.0432375,0.75399286,0.003052552,0.24169281,0.02069962,0.8532577,0.0394251
375316653866487564,5876968059394842368,0.5065621,2215.977335602293,0.5357662034202694,6.425921E-5,19.940458,0.006056567,0.40614435,0.00415855,0.04562167,0.0030077426,0.79857963,0.068143,0.5831816,0.005366982,0.013578332,0.010730072,2.526045,3348926.5,null,null,null,null,"TWOGAUSSIANS",8,1.5098103,0.5831816,0.005366982,0.07603866,0.060088404,2.526474,3348926.5,0.40614435,0.00415855,0.25548136,0.016843358,0.79857963,0.068143
375316653866487564,5876968441672709888,0.43842492,2250.9656156193532,0.1913463339039161,2.1312352E-4,11.503033,0.0064372667,0.24927065,0.0106697,0.058751132,0.0112360455,0.07206804,0.019743837,0.75565815,0.014941912,0.051084038,0.016679408,0.04019719,0.014672132,0.009543933,0.009085323,0.75565815,0.014941912,"TWOGAUSSIANS_WITH_ELLIPSOIDAL_ON_ECLIPSE2",9,243.65297,0.24970065,0.0094124265,0.32900634,0.06292185,0.091121644,0.019674068,0.75565815,0.014941912,0.28607062,0.09340469,0.059279453,0.0072249905
375316653866487564,5876970537593484544,0.5261612,2210.3904484625027,2.3664687747612407,1.6443026E-5,18.871962,0.007955996,0.19438863,0.0031033768,0.078866474,0.004134293,0.28610817,0.011336819,0.68204254,0.004073353,0.07159995,0.004288745,0.5664116,0.030207396,null,null,null,null,"TWOGAUSSIANS",8,4.252968,0.68204254,0.004073353,0.4,0.010981033,0.56402683,0.030700317,0.19438863,0.0031033768,0.4,0.0,0.2837234,0.011087319
375316653866487564,5876972427402728064,0.51495725,2209.2424601297016,0.09831982143494615,1.4184973E-5,16.850706,0.00283996,0.76324534,0.0018347359,0.009821959,0.0021943036,0.34699398,0.07203548,null,null,null,null,null,null,0.006791774,0.0053884117,0.76324534,0.0018347359,"ONEGAUSSIAN_WITH_ELLIPSOIDAL",6,22.608667,0.76324534,0.0018347359,0.05500297,0.0122881,0.3605775,0.07580176,null,null,null,null,null,null
375316653866487564,5876972663594412160,0.6599957,2219.2861390691705,0.5227008996117688,1.8093683E-6,18.049814,0.002478822,0.17660317,0.0051917466,0.0267046,0.017206509,0.0943929,0.025986442,0.6772722,3.8258074E-4,0.027026461,4.6036454E-4,1.0353847,0.021012725,0.018378738,0.0040018125,0.17660317,0.0051917466,"TWOGAUSSIANS_WITH_ELLIPSOIDAL_ON_ECLIPSE1",9,3.0472622,0.6772722,3.8258074E-4,0.15134819,0.0025780413,1.0721414,0.021651868,0.17660317,0.0051917466,0.14954576,0.09635645,0.13115034,0.026281074
375316653866487564,5876973217679130496,0.49234718,2181.190323035095,2.307925691119305,2.4823828E-5,19.79911,0.020250274,0.19768964,0.006270374,0.063904285,0.009352882,0.367618,0.029366937,0.68501145,0.0063326797,0.07451132,0.015163318,0.5118787,0.05276722,null,null,null,null,"TWOGAUSSIANS",8,4.8371415,0.68501145,0.0063326797,0.4,0.04465071,0.5109595,0.053732894,0.19768964,0.006270374,0.35786402,0.05237614,0.3666988,0.029071726
375316653866487564,5876973389452019584,0.49768934,2172.031870793231,2.0488069152451414,5.6334124E-5,19.642315,0.017563667,0.20897463,0.013688326,0.075848855,0.02457628,0.18102135,0.04111351,0.70381904,0.0071519567,0.059803702,0.007882686,0.49249786,0.043677017,null,null,null,null,"TWOGAUSSIANS",8,4.977673,0.70381904,0.0071519567,0.33490074,0.044143043,0.4919609,0.043652236,0.20897463,0.013688326,0.4,0.049872812,0.1804844,0.041800626
375316653866487564,5876973389475370624,0.44032532,2224.3982586663583,0.8901024354289905,1.2055027E-5,15.567167,0.002966267,0.32273513,0.006386641,0.030300682,0.0038463145,0.06829705,0.021094544,0.81218123,0.0036836658,0.02026647,0.0028930567,0.11654395,0.017593116,null,null,null,null,"TWOGAUSSIANS",8,93.00766,0.81218123,0.0036836658,0.11349223,0.016201118,0.11654395,0.017593116,0.32273513,0.006386641,0.16968381,0.021539362,0.06829705,0.021094544
375316653866487564,5876973866189697280,0.45454317,2206.6707255450965,2.860973943387206,1.845549E-5,18.266083,0.0047617345,null,null,null,null,null,null,null,null,null,null,null,null,0.09042897,0.008167637,0.18089855,0.0045875846,"ELLIPSOIDAL",4,16.800362,null,null,null,null,null,null,null,null,null,null,null,null
375316653866487564,5876974454604247936,0.4902124,2161.930993507707,1.0604368560405548,7.157958E-5,19.306858,0.0047924826,0.21139765,0.0077505508,0.0318313,0.0048517077,0.10690357,0.021141462,0.7210392,0.0048581865,0.04342731,0.0040678345,0.53537786,0.11130603,null,null,null,null,"TWOGAUSSIANS",8,2.625051,0.7210392,0.0048581865,0.24319294,0.022779873,0.53537786,0.11130603,0.21139765,0.0077505508,0.17825529,0.027169565,0.10690357,0.021141462
375316653866487564,5876974523323764736,0.4932942,2169.8092769900504,1.6199620410290754,1.4692677E-5,19.085255,0.045374967,0.28996274,0.0057226014,0.09477373,0.0091360025,0.34719732,0.040276904,0.81920975,0.009719641,0.1441071,0.0381874,0.17694746,0.0390265,null,null,null,null,"TWOGAUSSIANS",8,1.7881517,0.28959274,0.005354578,0.4,0.0,0.31068432,0.010367488,0.81921977,0.009717186,0.4,0.0,0.13937269,0.014950919
375316653866487564,5876975244878497536,0.5233086,2168.256449763657,1.1884420876708734,7.8662415E-6,19.161976,0.0056444947,0.23065357,0.0020577179,0.034648634,0.001935097,0.31880176,0.023923172,0.72514534,0.0024744978,0.033747703,0.0020848408,0.49428597,0.023505805,null,null,null,null,"TWOGAUSSIANS",8,3.4005418,0.72514534,0.0024744978,0.18898714,0.011675108,0.49428597,0.023505805,0.23065357,0.0020577179,0.19403236,0.0108365435,0.31880176,0.023923172
375316653866487564,5876976305726813440,0.4457101,2237.467302832364,0.8398921606289671,2.2504253E-5,18.208052,0.0033943774,0.10710909,9.884763E-4,0.0162575,9.716792E-4,0.12432309,0.0045625637,0.6011423,0.01526485,0.014633615,0.01676512,0.33310553,0.25753748,null,null,null,null,"TWOGAUSSIANS",8,7.467273,0.6011423,0.01526485,0.08194824,0.09388467,0.33310553,0.25753748,0.10710909,9.884763E-4,0.091042005,0.0054414035,0.12432309,0.0045625637
375316653866487564,5876977443901953408,0.5222717,2186.0496420624236,3.040385644541541,1.6256849E-5,19.065342,0.021143448,0.2505575,0.007700539,0.09266518,0.013995214,0.38377452,0.022767628,0.7665214,0.003926933,0.085742936,0.008788949,0.2998878,0.019394983,null,null,null,null,"TWOGAUSSIANS",8,4.443864,0.2505575,0.007700539,0.4,0.0,0.37337804,0.021551672,0.7665214,0.003926933,0.4,0.0,0.2894918,0.012658685
375316653866487564,5876977443901984000,0.47203675,2176.1369490597262,2.5001297000937974,1.6186299E-5,19.858818,0.011074207,0.26843184,0.0028799446,0.076689094,0.004817536,0.3641484,0.018873405,0.7738898,0.0071426537,0.07986172,0.010831394,0.32178837,0.04213753,null,null,null,null,"TWOGAUSSIANS",8,2.0333183,0.26843184,0.0028799446,0.4,0.0,0.36042434,0.018871835,0.7738898,0.0071426537,0.4,0.0,0.3180643,0.043746863
375316653866487564,5876978539108977920,0.5071851,2256.5420905751985,2.1752860099198994,1.5582007E-5,17.89092,0.0026942915,null,null,null,null,null,null,null,null,null,null,null,null,0.0885482,0.0044657686,0.27012846,0.0028369417,"ELLIPSOIDAL",4,7.002267,null,null,null,null,null,null,null,null,null,null,null,null
375316653866487564,5876981287894810112,0.45941278,2245.7488384070484,1.4242264496877572,7.08453E-5,19.809868,0.007118652,0.32805648,0.008431372,0.104691856,0.007843421,0.34455058,0.031850446,0.7103001,0.04484092,0.025819747,0.028249197,0.106348455,6.555795,null,null,null,null,"TWOGAUSSIANS",8,1.6285603,0.32805648,0.008431372,0.4,0.0,0.34454164,0.031855397,0.7103001,0.04484092,0.14459059,0.15819551,0.10677859,6.5557156
375316653866487564,5876981979389152896,0.45731705,2190.6479572621183,2.344089187623655,3.625264E-5,19.491081,0.023574313,0.22971328,0.010380599,0.062153917,0.025519505,0.244321,0.024114147,0.73688513,0.016936168,0.07369787,0.013536014,0.22781605,0.029947424,null,null,null,null,"TWOGAUSSIANS",8,5.0122666,0.22971328,0.010380599,0.34806195,0.09305467,0.24388011,0.025108788,0.73688513,0.016936168,0.4,0.030666122,0.22737515,0.028371483
375316653866487564,5876983864875751040,0.4335134,2198.6287758917288,1.4275204529739751,1.0641389E-4,19.664276,0.014163972,0.3377789,0.013929473,0.06362684,0.0222116,0.16818649,0.04698494,0.8347186,0.0068875356,0.050910193,0.010087776,0.3094216,0.0882909,null,null,null,null,"TWOGAUSSIANS",8,5.1988964,0.8347186,0.0068875356,0.2850971,0.056491543,0.30939335,0.08834054,0.3377789,0.013929473,0.35631028,0.0991245,0.16815825,0.047061868
375316653866487564,5876985514137064448,0.589564,2197.6980648091694,0.870475712883272,3.3408305E-6,18.43126,0.0023412204,0.1889655,0.004486118,0.0184804,0.0036043297,0.6051877,0.2890958,0.6918705,0.0017140767,0.024381448,0.0010388436,0.6698473,0.043557443,null,null,null,null,"TWOGAUSSIANS",8,2.425426,0.6918705,0.0017140767,0.1365361,0.005817524,0.6698473,0.043557443,0.1889655,0.004486118,0.10349023,0.020184247,0.6051877,0.2890958
375316653866487564,5876985995180087424,0.52597195,2179.680017925647,0.4290901450573896,3.7761078E-5,19.043617,0.0035698193,0.26992902,0.005258388,0.021596778,0.0069656055,0.1470174,0.13603146,0.7682238,0.005068215,0.020726006,0.0073887357,0.43856037,0.06593618,null,null,null,null,"TWOGAUSSIANS",8,2.0690277,0.7682238,0.005068215,0.11606564,0.04137692,0.43856037,0.06593618,0.26992902,0.005258388,0.12094196,0.03900739,0.1470174,0.13603146
375316653866487564,5876986166972168192,0.5363236,2209.6630696012257,0.9038480892879412,8.941661E-6,18.710161,0.004346989,0.29746866,0.0012562064,0.036700778,0.0019166427,0.3999169,0.022137435,0.79070383,0.010550514,0.027460696,0.009568656,0.11987639,0.07842479,0.05048036,0.00656624,0.29746866,0.0012562064,"TWOGAUSSIANS_WITH_ELLIPSOIDAL_ON_ECLIPSE1",9,2.9868276,0.29746866,0.0012562064,0.20552436,0.010733198,0.50087756,0.023242615,0.79102385,0.01016059,0.1537799,0.053584475,0.22066349,0.07808941
375316653866487564,5876986171277327616,0.45481777,2218.672500343243,0.39513018104623415,5.1046336E-5,18.431581,0.0028072381,0.15111987,4.839524E-4,0.015602796,7.679936E-4,0.2610164,0.031474493,0.66433924,8.8761764E-4,0.011059565,0.0064882874,0.11466061,0.013502759,null,null,null,null,"TWOGAUSSIANS",8,4.371589,0.15111987,4.839524E-4,0.087375656,0.0043007643,0.2610164,0.031474493,0.66433924,8.8761764E-4,0.06193356,0.036334407,0.11466061,0.013502759
375316653866487564,5876987369559810432,0.57723624,2226.308991127456,2.4111564800684637,1.0616253E-5,18.65363,0.02081623,0.16564114,0.002909359,0.050381295,0.005791537,0.33021528,0.047027282,0.66262764,0.0034213995,0.05599085,0.0086036315,0.4911028,0.037234332,0.084682256,0.02512706,0.16564114,0.002909359,"TWOGAUSSIANS_WITH_ELLIPSOIDAL_ON_ECLIPSE1",9,4.294562,0.6628676,0.0031223525,0.31354874,0.048180334,0.6603917,0.034158938,0.16564114,0.002909359,0.28213525,0.03243261,0.49956006,0.022903066
375316653866487564,5876987442592264192,0.4378899,2206.6735365425197,1.6323893835660526,5.3086787E-5,19.61203,0.012310202,0.20879488,0.019052364,0.06071496,0.010281687,0.4973617,0.15481439,0.69782114,0.0038402376,0.040257417,0.0057650562,0.17240523,0.030903462,null,null,null,null,"TWOGAUSSIANS",8,6.5168314,0.20879488,0.019052364,0.3400038,0.057577446,0.49735996,0.15481552,0.69782114,0.0038402376,0.22544155,0.032284316,0.17240347,0.030905003
375316653866487564,5876988645192924928,0.5171643,2231.638878091334,1.6983126137690854,1.4000754E-5,17.26473,0.002883326,0.28742996,0.0026999998,0.08618273,0.003973421,0.102366224,0.0041009616,0.7921003,0.0049659926,0.0825588,0.0075664367,0.05420794,0.0028789102,null,null,null,null,"TWOGAUSSIANS",8,2.0278618,0.28742996,0.0026999998,0.4,0.0,0.10066306,0.003856227,0.7921003,0.0049659926,0.4,0.0,0.05250478,0.0024652546
375316653866487564,5876989366755401984,0.45094788,2212.9828030068725,0.9446559362400774,1.0976828E-4,19.943151,0.007767763,0.30346423,0.016501673,0.038541682,0.017654978,0.31971592,0.55013925,0.7944275,0.008200421,0.042335197,0.0058786306,0.71300304,0.30479395,null,null,null,null,"TWOGAUSSIANS",8,2.4605014,0.7944275,0.008200421,0.2370771,0.03292033,0.71300304,0.30479395,0.30346423,0.016501673,0.21583343,0.09886788,0.31971592,0.5501393
375316653866487564,5876989641633316224,0.5936017,2225.21900531629,2.565083571843239,6.376285E-6,15.435965,0.00808484,0.26530853,0.0014410166,0.074560605,0.002379498,0.4323362,0.009406351,0.7549276,0.0023996017,0.07868645,0.002814592,0.5374793,0.011868755,null,null,null,null,"TWOGAUSSIANS",8,103.64101,0.7549276,0.0023996017,0.4,0.0,0.5337077,0.011592327,0.26530853,0.0014410166,0.4,0.0,0.4285646,0.009109234
375316653866487564,5876992665283159424,0.49969214,2227.911276544669,0.3845033264557524,4.910574E-6,17.457258,0.003954307,0.40186182,0.004007251,0.020557579,0.0018329287,0.327402,0.034126177,0.8515993,4.948471E-4,0.015865453,0.001913548,0.25253558,0.018782487,null,null,null,null,"TWOGAUSSIANS",8,15.296078,0.40186182,0.004007251,0.11512244,0.010264401,0.327402,0.034126177,0.8515993,4.948471E-4,0.088846534,0.010715869,0.25253558,0.018782487
375316653866487564,5876993279434989696,0.527411,2245.7517325721515,2.8008895134328076,2.0712172E-5,18.195942,0.010325503,0.24847503,0.0047102435,0.093986206,0.009389714,0.17685255,0.010990993,0.7462261,0.0032782299,0.08880243,0.0069488697,0.20365019,0.009744918,null,null,null,null,"TWOGAUSSIANS",8,3.4262264,0.7462261,0.0032782299,0.4,0.0,0.19497131,0.007703866,0.24847503,0.0047102435,0.4,0.0,0.16817346,0.009802962
375316653866487564,5876993691751915776,0.52597517,2215.831949741907,0.26538525357813353,1.7569073E-5,18.80612,0.0025228083,0.23723985,0.00403391,0.018651186,0.0020646283,0.4387088,0.040037606,0.8096218,0.0015600867,0.022372162,0.001059842,0.3258738,0.01673535,null,null,null,null,"TWOGAUSSIANS",8,2.0220413,0.23723985,0.00403391,0.10444664,0.011561918,0.4387088,0.040037606,0.8096218,0.0015600867,0.1252841,0.005935115,0.3258738,0.01673535
375316653866487564,5876994967385045248,0.554564,2232.906475483255,0.8793478975531273,1.7089724E-5,16.255053,0.0022450304,0.2578566,0.0027806668,0.03553036,0.0054697064,0.18857141,0.017934663,0.74176484,0.008322024,0.019896531,0.015586023,0.023938302,0.009722314,0.0177298,0.0024758775,0.74176484,0.008322024,"TWOGAUSSIANS_WITH_ELLIPSOIDAL_ON_ECLIPSE2",9,11.611776,0.2575666,0.0027615004,0.19897002,0.030630356,0.22367626,0.017739631,0.74176484,0.008322024,0.11142057,0.087281734,0.05939783,0.009490379
375316653866487564,5876996685362171520,0.4523885,2195.4667406365475,2.1721897764300686,3.582598E-5,19.731018,0.009839672,0.37024367,0.028001139,0.049868677,0.019902764,0.057581928,0.022811564,0.65286696,0.005390328,0.045733504,0.011515467,0.44816667,0.14261118,null,null,null,null,"TWOGAUSSIANS",8,2.7291093,0.65286696,0.005390328,0.25610763,0.064486615,0.4481667,0.14261115,0.37024367,0.028001139,0.27926457,0.11145548,0.057581928,0.022811616
375316653866487564,5876996887206554112,0.70577574,2232.6388720979803,0.5871772566257948,2.2926336E-6,15.639568,9.3148055E-4,0.28620967,3.3199706E-4,0.0320462,3.726766E-4,0.5577494,0.0053276434,0.7858304,8.9599675E-4,0.03063679,6.004563E-4,0.5365503,0.015492423,0.015989983,0.0018309483,0.28620967,3.3199706E-4,"TWOGAUSSIANS_WITH_ELLIPSOIDAL_ON_ECLIPSE1",9,7.0595107,0.28620967,3.3199706E-4,0.17945871,0.0020869889,0.5897293,0.005309493,0.7858304,8.9599675E-4,0.17156602,0.0033625553,0.56853,0.015593969
375316653866487564,5876998639554407808,0.5401049,2214.8358918856447,2.231635207100293,1.3054126E-5,17.926653,0.026783133,0.2599393,0.0039898907,0.1092709,0.010506837,0.22175473,0.025971053,0.7530419,0.0029317439,0.121191375,0.014795712,0.21015124,0.023187889,null,null,null,null,"TWOGAUSSIANS",8,2.4434996,0.25996932,0.003990397,0.4,0.0,0.18354027,0.0057810694,0.7530419,0.0029317439,0.4,0.0,0.17186305,0.013188935
