Gaia/vari_eclipsing_binary/VariEclipsingBinary_248986-249150.csv
# %ECSV 1.0
# ---
# delimiter: ','
# meta: !!omap
# - RELEASE: Gaia DR3
# - TABLE: vari_eclipsing_binary
# - DESCRIPTION: >
#     This table describes the properties of the eclipsing binaries resulting from the variability analysis. 
# - CITATION: >
#     How to cite and acknowledge Gaia: 
#     https://gea.esac.esa.int/archive/documentation/credits.html 
# - KNOWN_ISSUES: >
#     Known issues: 
#     https://www.cosmos.esa.int/web/gaia-users/known-issues 
# - DOCUMENTATION: >
#     Tutorials and documentation: 
#     https://www.cosmos.esa.int/web/gaia-users/archive 
# datatype:
# - 
#   name: solution_id
#   datatype: int64
#   description: Solution Identifier
#   meta:
#     ucd: meta.version
# - 
#   name: source_id
#   datatype: int64
#   description: Unique source identifier
#   meta:
#     ucd: meta.id;meta.main
# - 
#   name: global_ranking
#   datatype: float32
#   description: Number between 0 (worst) and 1 (best)
#   meta:
#     ucd: stat.param
# - 
#   name: reference_time
#   datatype: float64
#   unit: d
#   description: Reference time used for the geometric model fit
#   meta:
#     ucd: time.epoch
# - 
#   name: frequency
#   datatype: float64
#   unit: d**-1
#   description: Frequency of geometric model of the eclipsing binary light curve
#   meta:
#     ucd: src.orbital
# - 
#   name: frequency_error
#   datatype: float32
#   unit: d**-1
#   description: "Uncertainty of \\texttt{frequency}"
#   meta:
#     ucd: stat.error
# - 
#   name: geom_model_reference_level
#   datatype: float32
#   unit: mag
#   description: Magnitude reference level of geometric model
#   meta:
#     ucd: phot.mag;em.opt
# - 
#   name: geom_model_reference_level_error
#   datatype: float32
#   unit: mag
#   description: "Uncertainty of \\texttt{geomModelReferenceLevel}"
#   meta:
#     ucd: stat.error;phot.mag;em.opt
# - 
#   name: geom_model_gaussian1_phase
#   datatype: float32
#   description: Phase of the Gaussian 1 component
#   meta:
#     ucd: time.phase
# - 
#   name: geom_model_gaussian1_phase_error
#   datatype: float32
#   description: "Uncertainty of \\texttt{geomModelGaussian1Phase}"
#   meta:
#     ucd: stat.error;time.phase
# - 
#   name: geom_model_gaussian1_sigma
#   datatype: float32
#   description: "Standard deviation [phase] of Gaussian 1 component"
#   meta:
#     ucd: stat.stdev
# - 
#   name: geom_model_gaussian1_sigma_error
#   datatype: float32
#   description: "Uncertainty of \\texttt{geomModelGaussian1Sigma}"
#   meta:
#     ucd: stat.error
# - 
#   name: geom_model_gaussian1_depth
#   datatype: float32
#   unit: mag
#   description: Magnitude depth of Gaussian 1 component
#   meta:
#     ucd: src.var.amplitude
# - 
#   name: geom_model_gaussian1_depth_error
#   datatype: float32
#   unit: mag
#   description: "Uncertainty of \\texttt{geomModelGaussian1Depth}"
#   meta:
#     ucd: stat.error;src.var.amplitude
# - 
#   name: geom_model_gaussian2_phase
#   datatype: float32
#   description: Phase of Gaussian 2 component
#   meta:
#     ucd: time.phase
# - 
#   name: geom_model_gaussian2_phase_error
#   datatype: float32
#   description: "Uncertainty of \\texttt{geomModelGaussian2Phase}"
#   meta:
#     ucd: stat.error;time.phase
# - 
#   name: geom_model_gaussian2_sigma
#   datatype: float32
[...]
#   datatype: float32
#   description: "Secondary eclipse: uncertainty of \\texttt{derivedSecondaryEclDuration}"
#   meta:
#     ucd: stat.error;time.duration
# - 
#   name: derived_secondary_ecl_depth
#   datatype: float32
#   unit: mag
#   description: "Secondary eclipse: depth"
#   meta:
#     ucd: src.var.amplitude
# - 
#   name: derived_secondary_ecl_depth_error
#   datatype: float32
#   unit: mag
#   description: "Secondary eclipse: uncertainty of \\texttt{derivedSecondaryEclDepth}"
#   meta:
#     ucd: stat.error;src.var.amplitude
solution_id,source_id,global_ranking,reference_time,frequency,frequency_error,geom_model_reference_level,geom_model_reference_level_error,geom_model_gaussian1_phase,geom_model_gaussian1_phase_error,geom_model_gaussian1_sigma,geom_model_gaussian1_sigma_error,geom_model_gaussian1_depth,geom_model_gaussian1_depth_error,geom_model_gaussian2_phase,geom_model_gaussian2_phase_error,geom_model_gaussian2_sigma,geom_model_gaussian2_sigma_error,geom_model_gaussian2_depth,geom_model_gaussian2_depth_error,geom_model_cosine_half_period_amplitude,geom_model_cosine_half_period_amplitude_error,geom_model_cosine_half_period_phase,geom_model_cosine_half_period_phase_error,model_type,num_model_parameters,reduced_chi2,derived_primary_ecl_phase,derived_primary_ecl_phase_error,derived_primary_ecl_duration,derived_primary_ecl_duration_error,derived_primary_ecl_depth,derived_primary_ecl_depth_error,derived_secondary_ecl_phase,derived_secondary_ecl_phase_error,derived_secondary_ecl_duration,derived_secondary_ecl_duration_error,derived_secondary_ecl_depth,derived_secondary_ecl_depth_error
[from data line 289]
375316653866487564,2190682222905237760,0.46325108,2018.840185431621,2.352676871972711,4.5399996E-5,19.75085,0.006699694,0.30594283,0.0070264707,0.034046546,0.025548352,0.1691411,0.03920783,0.7931952,0.023535289,0.04515137,0.016025383,0.2920565,0.058260877,null,null,null,null,"TWOGAUSSIANS",8,1.5385228,0.7931952,0.023535289,0.2528477,0.08974214,0.2920565,0.058260877,0.30594283,0.0070264707,0.19066067,0.14307077,0.16914108,0.039207835
375316653866487564,2190683704678265984,0.5047145,2081.607796427912,2.977024574736891,1.77132E-5,17.701174,0.004020025,0.21729088,0.008500931,0.07200366,0.004722326,0.13607566,0.011971891,0.70583797,0.0051675444,0.07306409,0.0075643538,0.16618465,0.007343768,null,null,null,null,"TWOGAUSSIANS",8,5.519617,0.70583797,0.0051675444,0.4,0.009957529,0.16558303,0.0073999404,0.21729088,0.008500931,0.4,0.014764684,0.13547404,0.011789657
375316653866487564,2190686964548754304,0.56900257,2110.7473643334515,0.6474754874146946,9.18379E-6,17.679132,0.007042387,0.23207435,0.0052371416,0.039793953,0.0054678298,0.108617336,0.019439148,0.72768396,0.0011932827,0.03685525,0.0015351817,0.9766006,0.0902733,0.028212085,0.008860411,0.23207435,0.0052371416,"TWOGAUSSIANS_WITH_ELLIPSOIDAL_ON_ECLIPSE1",9,7.6148763,0.727714,0.0011752886,0.20638941,0.008597017,1.0329821,0.093398705,0.23207435,0.0052371416,0.22284614,0.030619847,0.16504149,0.008635204
375316653866487564,2190687312447009280,0.5265758,2108.3954616491606,2.972328137994954,1.3419772E-5,19.815105,0.011703691,0.21217012,0.0054321107,0.06785758,0.008371989,0.6484075,0.103460394,0.7149899,0.006507937,0.068021715,0.005746978,0.55840343,0.02145499,null,null,null,null,"TWOGAUSSIANS",8,2.219606,0.21217012,0.0054321107,0.38000244,0.03345304,0.64712864,0.104495905,0.7149899,0.006507937,0.3809216,0.032183077,0.5571246,0.021687265
375316653866487564,2190687583024185344,0.6590937,2062.6278279914727,0.6993973092214337,8.9848045E-6,17.126566,0.0027832075,0.35927278,0.002258828,0.025210941,0.0018459441,1.3436383,0.091632575,0.8567324,0.0043697716,0.02417508,0.005243687,0.08956106,0.010256341,null,null,null,null,"TWOGAUSSIANS",8,11.3050165,0.35927278,0.002258828,0.14118126,0.010337287,1.3436383,0.091632575,0.8567324,0.0043697716,0.13538045,0.029364647,0.08956106,0.010256341
375316653866487564,2190693149302417024,0.47600785,2060.792202781081,2.548746634146462,2.518141E-5,19.490086,0.016365634,0.24800168,0.014391349,0.061863303,0.014832302,0.25691143,0.027982885,0.75041217,0.0072581633,0.08449762,0.008921381,0.37493,0.027355583,null,null,null,null,"TWOGAUSSIANS",8,3.241732,0.75041217,0.0072581633,0.4,0.0,0.37318555,0.026853198,0.24800168,0.014391349,0.3464345,0.076263994,0.25516704,0.026494112
375316653866487564,2190693394123921280,0.6020779,2086.213837945883,0.9707439425006493,1.9842441E-6,15.680342,0.0027992136,0.25324088,0.112460606,0.1381195,0.10336601,0.005096337,0.0037254747,0.56943184,3.840264E-4,0.0301292,5.005255E-4,0.49223402,0.01589667,null,null,null,null,"TWOGAUSSIANS",8,13.445048,0.56943184,3.840264E-4,0.16872352,0.002802943,0.4925904,0.016065033,0.25324088,0.112460606,0.4,0.07075688,0.00508179,0.003686124
375316653866487564,2190694356193715584,0.5103658,2018.4107824030073,2.701685215953111,3.0460595E-5,19.560606,0.036358275,0.29187465,0.008734249,0.0870609,0.016948566,0.44378805,0.048427816,0.7892366,0.00882378,0.07174324,0.010171576,0.53804296,0.048279274,null,null,null,null,"TWOGAUSSIANS",8,7.15643,0.7892366,0.00882378,0.4,0.035935234,0.53162026,0.046285037,0.29187465,0.008734249,0.4,0.0,0.43736532,0.050489716
375316653866487564,2190694837230028928,0.54790473,2019.2811450563863,3.8374303989804686,9.169698E-6,19.525417,0.0171474,0.29634857,0.004274935,0.07663358,0.0049743587,0.4836644,0.018356023,0.7910463,0.004417819,0.082759224,0.0064134314,0.4777281,0.039191745,null,null,null,null,"TWOGAUSSIANS",8,2.0925546,0.29634857,0.004274935,0.4,0.0,0.47735336,0.016427733,0.7910463,0.004417819,0.4,0.0,0.47141707,0.039825782
375316653866487564,2190694936008733056,0.49382776,2061.1867406949577,2.8698221283967444,1.7860757E-5,19.070568,0.0064050322,0.20577422,0.009796825,0.06771624,0.013026519,0.16890718,0.04328719,0.7073556,0.0050096605,0.08141124,0.006284048,0.19116537,0.008616148,null,null,null,null,"TWOGAUSSIANS",8,1.4241302,0.7073556,0.0050096605,0.4,0.0,0.18990745,0.008317617,0.20577422,0.009796825,0.37921092,0.04056108,0.16764925,0.044270873
375316653866487564,2190695760642545664,0.48185354,2072.7651712198485,2.784932896852996,1.50194965E-5,19.003819,0.060079858,0.2543214,0.006728707,0.13057984,0.028310806,0.22837201,0.0576267,0.7622514,0.0041077873,0.112525165,0.016062774,0.25354758,0.058490172,null,null,null,null,"TWOGAUSSIANS",8,1.8229581,0.76235133,0.004162166,0.4,0.0,0.2000833,0.010030859,0.2543014,0.0067328895,0.4,0.0,0.17462832,0.011423651
375316653866487564,2190696207319290624,0.50961775,2017.0887855775427,3.1866151102125184,8.254361E-6,19.616194,0.00967496,0.32895675,0.003625398,0.07251163,0.003112404,0.46765172,0.016829465,0.82533556,0.0050415513,0.07028571,0.0041828887,0.46079665,0.029891336,null,null,null,null,"TWOGAUSSIANS",8,2.0007875,0.32895675,0.003625398,0.4,0.003145864,0.46580327,0.016494723,0.82533556,0.0050415513,0.39359996,0.016965061,0.4589482,0.02986718
375316653866487564,2190696486500482944,0.563359,2041.3246776524695,1.0337149169772433,5.293764E-6,17.808258,0.004132178,0.3075691,0.013897221,0.0393331,0.008201917,0.4789416,0.07770108,0.8059052,0.0020598613,0.048247755,0.00328144,0.1673029,0.00998299,null,null,null,null,"TWOGAUSSIANS",8,3.7839358,0.3075691,0.013897221,0.22026536,0.045930736,0.47894156,0.077701144,0.8059052,0.0020598613,0.2701874,0.018376064,0.16730288,0.009982945
375316653866487564,2190697757810737920,0.46751922,1996.1675405886447,0.08483181142382473,4.433961E-5,19.317236,0.02851512,0.44041795,0.04931298,0.10172931,0.065868445,0.06531339,0.028978532,0.7545752,0.009007248,0.07658149,0.015100595,0.3914274,0.053480517,null,null,null,null,"TWOGAUSSIANS",8,4.945131,0.7545752,0.009007248,0.4,0.0064720577,0.3918174,0.05282348,0.44118795,0.05449646,0.4,0.0,0.06523716,0.028488373
375316653866487564,2190699127897016192,0.48960847,2045.342728803765,2.789441029072521,2.1313546E-5,18.707245,0.036449164,0.23785582,0.006430572,0.09536579,0.013689315,0.19999072,0.03683317,0.738247,0.009607708,0.109463,0.02743954,0.20054986,0.032519605,null,null,null,null,"TWOGAUSSIANS",8,3.332168,0.738247,0.009607708,0.4,0.0,0.18034303,0.011162858,0.23785582,0.006426151,0.4,0.0,0.17979528,0.014342249
375316653866487564,2190701189484816896,0.4747108,2003.0789012809862,3.0323218360604294,1.2974953E-5,19.850443,0.013883278,0.1942219,0.0056546945,0.08297524,0.0063866656,0.33752793,0.024357483,0.6909782,0.0056680455,0.086000316,0.012621018,0.34976977,0.047173917,null,null,null,null,"TWOGAUSSIANS",8,1.4893554,0.6909782,0.0056680455,0.4,0.0,0.34162048,0.051553585,0.1942219,0.0056546945,0.4,0.0,0.32937866,0.02345537
375316653866487564,2190701365580452352,0.49945983,2048.659492827676,1.7718441506781781,3.9626477E-5,19.449583,0.011940223,0.20131886,0.017725214,0.059080154,0.020298855,0.12023098,0.04162883,0.6620907,0.0065730982,0.0406303,0.0056883935,0.4337985,0.042285893,null,null,null,null,"TWOGAUSSIANS",8,2.8971612,0.6620907,0.0065730982,0.22752967,0.031855002,0.4337983,0.04228582,0.20131886,0.017725214,0.33084884,0.11367359,0.12023081,0.041628867
375316653866487564,2190701571741797632,0.5110199,2040.44894989816,0.5877271588174161,2.5330051E-5,13.674787,5.221331E-4,0.1964142,0.003169596,0.025153883,0.0019370827,0.050945938,0.002648691,0.72517735,0.03442969,0.027452353,0.031117428,0.0033470388,0.0016271006,0.004709512,7.10773E-4,0.1964142,0.003169596,"TWOGAUSSIANS_WITH_ELLIPSOIDAL_ON_ECLIPSE1",9,15.832241,0.1964142,0.003169596,0.14086175,0.0108476635,0.06036496,0.001971608,0.72517735,0.032939773,0.15373318,0.17425759,0.01246176,0.0014918391
375316653866487564,2190703079266671872,0.50364923,2108.3465160046358,0.6748751070759581,1.7265926E-5,17.92889,0.0017441987,0.17967719,1.0758531E-5,0.004384702,1.4480723E-4,0.066468686,0.0027749266,0.48542005,0.008609691,0.024104564,0.0035349394,0.20076694,0.02914032,null,null,null,null,"TWOGAUSSIANS",8,2.1919818,0.48542005,0.008609691,0.13498555,0.019795662,0.20076694,0.02914032,0.17967719,1.0758531E-5,0.02455433,8.109205E-4,0.066468686,0.0027749266
375316653866487564,2190703083570052864,0.5964968,2099.591485218134,2.19515221011323,5.551148E-6,16.75575,0.008058605,0.33767214,0.0018579663,0.047039412,0.005633349,0.13376248,0.025498733,0.831538,0.0057280594,0.042060338,0.0063197725,0.14120771,0.021714494,0.11764316,0.0137712695,0.33767214,0.0018579663,"TWOGAUSSIANS_WITH_ELLIPSOIDAL_ON_ECLIPSE1",9,14.455964,0.832698,0.004639638,0.2355379,0.035390723,0.37621042,0.010689165,0.33767214,0.0018579663,0.2634207,0.031546757,0.36904863,0.016495112
375316653866487564,2190704938995983616,0.49212658,2076.1106143131997,2.3395318237002667,3.4785025E-5,18.439568,0.019382749,0.21473375,0.01864546,0.031394616,0.040925458,0.13917363,54.934696,0.7074629,0.008189082,0.035360992,0.012280039,0.16578275,0.050536122,0.07864983,0.021836465,0.21473375,0.01864546,"TWOGAUSSIANS_WITH_ELLIPSOIDAL_ON_ECLIPSE1",9,9.023834,0.70808285,0.0073166797,0.19802155,0.06876822,0.32278207,0.030339492,0.21473375,0.01864546,0.17580986,0.22918257,0.29647294,54.944656
375316653866487564,2190717995696718976,0.603374,2072.761153267001,2.37925499521412,4.946244E-6,15.877608,0.0041554123,0.3009887,0.0012275127,0.07948729,0.0018006003,0.36326158,0.009312105,0.80164677,0.0030186516,0.08281152,0.0030440537,0.31481037,0.0071404628,null,null,null,null,"TWOGAUSSIANS",8,15.400763,0.3009887,0.0012275127,0.4,0.0,0.35746872,0.009439301,0.80164677,0.0030186516,0.4,0.0,0.30901748,0.0067379735
375316653866487564,2190719576244719360,0.58109266,2086.6285854321773,3.2605811370499893,1.11619E-5,16.5314,0.037649117,0.3038857,0.0037939413,0.05316157,0.015764518,0.21766941,0.072176784,0.79012406,0.0030522782,0.05201325,0.019966852,0.16603404,0.072012365,0.099152796,0.041804537,0.79012406,0.0030522782,"TWOGAUSSIANS_WITH_ELLIPSOIDAL_ON_ECLIPSE2",9,24.34308,0.3015657,0.0030697254,0.2977048,0.0882813,0.41474208,0.018054806,0.79012406,0.0030522782,0.2912742,0.11181437,0.364337,0.02289357
375316653866487564,2190723660751553536,0.57319695,2064.1228320925356,1.327804043933132,3.8112096E-6,18.637878,0.0054121185,0.2534745,0.014878153,0.048606988,0.010349338,0.8107377,0.32721668,0.759495,9.697973E-4,0.051683396,0.0027523355,0.29281527,0.011972522,null,null,null,null,"TWOGAUSSIANS",8,2.5609035,0.2534745,0.014878153,0.27219912,0.057956293,0.8107349,0.32722762,0.759495,9.697973E-4,0.289427,0.0154130785,0.29281244,0.011973579
375316653866487564,2190726551268636800,0.52302,2059.9436091856373,2.6883578193170057,1.6659673E-5,14.6656475,0.005965511,0.24262215,0.0046221255,0.032872345,0.0378918,0.018853571,0.012489659,0.7809159,0.039798606,0.040863615,0.027987009,0.025820224,0.02446458,0.040152043,0.008779719,0.24262215,0.0046221255,"TWOGAUSSIANS_WITH_ELLIPSOIDAL_ON_ECLIPSE1",9,37.176556,0.7809159,0.039798606,0.22883624,0.15672725,0.10156433,0.02260274,0.24262215,0.0046221255,0.18408513,0.2121941,0.0991576,0.006110402
375316653866487564,2190728952151302144,0.5016101,2051.054729306435,0.6244845824382151,2.190697E-5,19.464815,0.0072330977,0.2541661,0.0142756505,0.037433427,0.0056488626,0.4406437,0.098799,0.7655215,0.03751175,0.043635834,0.025498116,0.09834424,0.068075,null,null,null,null,"TWOGAUSSIANS",8,1.6647817,0.2541661,0.0142756505,0.2096272,0.03163363,0.4406437,0.098799,0.7655215,0.03751175,0.24436067,0.14278945,0.09834424,0.068075
375316653866487564,2190729403127040896,0.56277674,2073.665129465714,0.2459409476324397,1.862765E-6,16.037619,0.011714996,0.22686888,0.006264752,0.030212155,0.0045472705,0.29993257,0.04284701,0.7216283,0.008321702,0.04016064,0.0071878135,0.5025633,0.039478343,0.02962998,0.014487989,0.22686888,0.006264752,"TWOGAUSSIANS_WITH_ELLIPSOIDAL_ON_ECLIPSE1",9,64.58632,0.7217083,0.0082306005,0.22489959,0.040251754,0.56175995,0.018181195,0.22686888,0.006264752,0.16918807,0.025464714,0.3591925,0.042094413
375316653866487564,2190731185534523008,0.5673206,2048.432652672998,2.829871153367482,7.688332E-6,18.079636,0.009105535,0.27343118,0.0038439455,0.10106737,0.00841016,0.20081799,0.008032629,0.7511693,0.002378208,0.1023779,0.0051578954,0.22865388,0.007833941,null,null,null,null,"TWOGAUSSIANS",8,1.22349,0.7511693,0.002378208,0.4,0.0,0.21276848,0.004632557,0.2734412,0.0038516892,0.4,0.0,0.18493424,0.0073309005
375316653866487564,2190731842668566272,0.50766116,2037.6037259546317,2.3065482849154475,5.197296E-6,17.132318,0.0036904442,0.34027267,0.0021505358,0.046188414,0.0023497974,0.24317412,0.008830067,0.8594512,0.0010853694,0.0037892275,0.0022929236,0.06341073,0.045940306,0.017588418,0.005275924,0.34027267,0.0021505358,"TWOGAUSSIANS_WITH_ELLIPSOIDAL_ON_ECLIPSE1",9,17.829813,0.34027267,0.0021505358,0.25865513,0.013158865,0.2783508,0.009917957,0.8594512,0.0010853694,0.021219674,0.0128403725,0.09807909,0.053979598
375316653866487564,2190734282209871104,0.46235603,2045.4694461485703,1.5595629566069298,2.0472427E-5,14.170462,0.10078176,0.15809709,0.017670125,0.120165065,0.047145043,0.27565476,0.09138304,0.6526974,0.0043472764,0.097153015,0.02258817,0.32985294,0.09553943,null,null,null,null,"TWOGAUSSIANS",8,369.32773,0.6526974,0.0043472764,0.4,0.0,0.29036698,0.024218842,0.15809709,0.017675228,0.4,0.0,0.23607257,0.029534377
375316653866487564,2190736618672183296,0.5306241,2054.966907766679,1.3301749104818046,7.6619845E-6,16.145615,0.0015230122,0.20268346,0.0018136435,0.05459554,0.0037947102,0.07799451,0.0049184347,0.7434137,0.007903689,0.011368707,0.0126371505,0.023050006,0.014277482,0.017355599,0.002660035,0.20268346,0.0018136435,"TWOGAUSSIANS_WITH_ELLIPSOIDAL_ON_ECLIPSE1",9,5.694825,0.20268346,0.0018136435,0.30573502,0.021250376,0.11270341,0.0051359865,0.7434137,0.007903689,0.06366476,0.07076804,0.05553477,0.013357169
375316653866487564,2190739607969201920,0.59808385,2074.898755450574,1.0536273738879964,7.2837147E-6,17.36089,0.0060960604,0.23789519,0.002045382,0.08459605,0.003522112,0.26688123,0.0074495585,0.7450759,0.003146657,0.10778674,0.006562207,0.13563655,0.0062017115,null,null,null,null,"TWOGAUSSIANS",8,2.3084779,0.23789519,0.002045382,0.4,0.0,0.25584933,0.0070486628,0.7450759,0.003146657,0.4,0.0,0.12459864,0.0046428405
375316653866487564,2190743555038349440,0.45157644,2066.088419807567,2.8497402498060738,1.5499363E-5,18.850727,0.011901712,0.30458555,0.0058136554,0.08060308,0.0083491765,0.17455058,0.01521418,0.8044509,0.013265586,0.08081363,0.0124647105,0.14170907,0.023388872,null,null,null,null,"TWOGAUSSIANS",8,4.829791,0.30458555,0.0058136554,0.4,0.0,0.17196397,0.014092211,0.8044509,0.013265586,0.4,0.0,0.13912247,0.02291399
375316653866487564,2190746166380528128,0.46076974,2052.2873048643046,3.006030149924609,5.0054692E-5,18.530972,0.0076704924,0.25073898,0.015650572,0.06835856,0.0140865,0.12654082,0.014653453,0.77335423,0.019031111,0.08762848,0.022042854,0.09854663,0.014333122,null,null,null,null,"TWOGAUSSIANS",8,3.897826,0.25073898,0.015650572,0.38280794,0.078442134,0.12574609,0.01432422,0.77335423,0.019031111,0.4,0.0,0.09775185,0.014264946
375316653866487564,2190751870095272704,0.59951377,2025.360097103382,2.708805355408561,7.2607186E-6,19.369041,0.017828291,0.22214612,0.0028835356,0.043075375,0.0038263241,0.6019524,0.047540713,0.72044045,0.0015239556,0.046655342,0.0037793643,0.4804604,0.037246928,0.12229949,0.026211692,0.22214612,0.0028835356,"TWOGAUSSIANS_WITH_ELLIPSOIDAL_ON_ECLIPSE1",9,1.6043972,0.22214612,0.0028835356,0.2412221,0.021427415,0.8465508,0.0288687,0.7205804,0.0013531202,0.2612699,0.02116444,0.725033,0.019573646
