Gaia/vari_eclipsing_binary/VariEclipsingBinary_489020-489073.csv
# %ECSV 1.0
# ---
# delimiter: ','
# meta: !!omap
# - RELEASE: Gaia DR3
# - TABLE: vari_eclipsing_binary
# - DESCRIPTION: >
#     This table describes the properties of the eclipsing binaries resulting from the variability analysis. 
# - CITATION: >
#     How to cite and acknowledge Gaia: 
#     https://gea.esac.esa.int/archive/documentation/credits.html 
# - KNOWN_ISSUES: >
#     Known issues: 
#     https://www.cosmos.esa.int/web/gaia-users/known-issues 
# - DOCUMENTATION: >
#     Tutorials and documentation: 
#     https://www.cosmos.esa.int/web/gaia-users/archive 
# datatype:
# - 
#   name: solution_id
#   datatype: int64
#   description: Solution Identifier
#   meta:
#     ucd: meta.version
# - 
#   name: source_id
#   datatype: int64
#   description: Unique source identifier
#   meta:
#     ucd: meta.id;meta.main
# - 
#   name: global_ranking
#   datatype: float32
#   description: Number between 0 (worst) and 1 (best)
#   meta:
#     ucd: stat.param
# - 
#   name: reference_time
#   datatype: float64
#   unit: d
#   description: Reference time used for the geometric model fit
#   meta:
#     ucd: time.epoch
# - 
#   name: frequency
#   datatype: float64
#   unit: d**-1
#   description: Frequency of geometric model of the eclipsing binary light curve
#   meta:
#     ucd: src.orbital
# - 
#   name: frequency_error
#   datatype: float32
#   unit: d**-1
#   description: "Uncertainty of \\texttt{frequency}"
#   meta:
#     ucd: stat.error
# - 
#   name: geom_model_reference_level
#   datatype: float32
#   unit: mag
#   description: Magnitude reference level of geometric model
#   meta:
#     ucd: phot.mag;em.opt
# - 
#   name: geom_model_reference_level_error
#   datatype: float32
#   unit: mag
#   description: "Uncertainty of \\texttt{geomModelReferenceLevel}"
#   meta:
#     ucd: stat.error;phot.mag;em.opt
# - 
#   name: geom_model_gaussian1_phase
#   datatype: float32
#   description: Phase of the Gaussian 1 component
#   meta:
#     ucd: time.phase
# - 
#   name: geom_model_gaussian1_phase_error
#   datatype: float32
#   description: "Uncertainty of \\texttt{geomModelGaussian1Phase}"
#   meta:
#     ucd: stat.error;time.phase
# - 
#   name: geom_model_gaussian1_sigma
#   datatype: float32
#   description: "Standard deviation [phase] of Gaussian 1 component"
#   meta:
#     ucd: stat.stdev
# - 
#   name: geom_model_gaussian1_sigma_error
#   datatype: float32
#   description: "Uncertainty of \\texttt{geomModelGaussian1Sigma}"
#   meta:
#     ucd: stat.error
# - 
#   name: geom_model_gaussian1_depth
#   datatype: float32
#   unit: mag
#   description: Magnitude depth of Gaussian 1 component
#   meta:
#     ucd: src.var.amplitude
# - 
#   name: geom_model_gaussian1_depth_error
#   datatype: float32
#   unit: mag
#   description: "Uncertainty of \\texttt{geomModelGaussian1Depth}"
#   meta:
#     ucd: stat.error;src.var.amplitude
# - 
#   name: geom_model_gaussian2_phase
#   datatype: float32
#   description: Phase of Gaussian 2 component
#   meta:
#     ucd: time.phase
# - 
#   name: geom_model_gaussian2_phase_error
#   datatype: float32
#   description: "Uncertainty of \\texttt{geomModelGaussian2Phase}"
#   meta:
#     ucd: stat.error;time.phase
# - 
#   name: geom_model_gaussian2_sigma
#   datatype: float32
[...]
#   datatype: float32
#   description: "Secondary eclipse: uncertainty of \\texttt{derivedSecondaryEclDuration}"
#   meta:
#     ucd: stat.error;time.duration
# - 
#   name: derived_secondary_ecl_depth
#   datatype: float32
#   unit: mag
#   description: "Secondary eclipse: depth"
#   meta:
#     ucd: src.var.amplitude
# - 
#   name: derived_secondary_ecl_depth_error
#   datatype: float32
#   unit: mag
#   description: "Secondary eclipse: uncertainty of \\texttt{derivedSecondaryEclDepth}"
#   meta:
#     ucd: stat.error;src.var.amplitude
solution_id,source_id,global_ranking,reference_time,frequency,frequency_error,geom_model_reference_level,geom_model_reference_level_error,geom_model_gaussian1_phase,geom_model_gaussian1_phase_error,geom_model_gaussian1_sigma,geom_model_gaussian1_sigma_error,geom_model_gaussian1_depth,geom_model_gaussian1_depth_error,geom_model_gaussian2_phase,geom_model_gaussian2_phase_error,geom_model_gaussian2_sigma,geom_model_gaussian2_sigma_error,geom_model_gaussian2_depth,geom_model_gaussian2_depth_error,geom_model_cosine_half_period_amplitude,geom_model_cosine_half_period_amplitude_error,geom_model_cosine_half_period_phase,geom_model_cosine_half_period_phase_error,model_type,num_model_parameters,reduced_chi2,derived_primary_ecl_phase,derived_primary_ecl_phase_error,derived_primary_ecl_duration,derived_primary_ecl_duration_error,derived_primary_ecl_depth,derived_primary_ecl_depth_error,derived_secondary_ecl_phase,derived_secondary_ecl_phase_error,derived_secondary_ecl_duration,derived_secondary_ecl_duration_error,derived_secondary_ecl_depth,derived_secondary_ecl_depth_error
[from data line 296]
375316653866487564,4301689302092934912,0.6062675,2166.5665801239497,1.4313383906228736,8.790879E-6,16.88424,0.003385417,0.26845315,0.002256626,0.047862295,0.004021928,0.09300336,0.010256028,0.76649404,0.0016050263,0.04092406,0.0021277908,0.39317438,0.025493436,0.020496342,0.0056880093,0.26845315,0.002256626,"TWOGAUSSIANS_WITH_ELLIPSOIDAL_ON_ECLIPSE1",9,3.5049438,0.766524,0.001576266,0.22917473,0.011915629,0.43416083,0.026318952,0.26845315,0.002256626,0.26802886,0.022522798,0.13399592,0.0054671816
375316653866487564,4301689748768972672,0.44361442,2152.39859736733,3.9664368298346884,3.230263E-5,17.82753,0.025777046,0.18617027,0.009557383,0.032978605,0.010598713,0.30038998,0.1485987,0.7482624,0.018852951,0.040315576,0.02076868,0.0856123,0.22442725,0.0713585,0.034907047,0.7482624,0.018852951,"TWOGAUSSIANS_WITH_ELLIPSOIDAL_ON_ECLIPSE2",9,75.18807,0.18839027,0.008632484,0.1846802,0.05935279,0.42316484,0.1450169,0.7482624,0.018852951,0.22576723,0.116304606,0.22832899,0.20596871
375316653866487564,4301690264165015936,0.5290749,2152.1895741493063,3.012641989771351,9.449374E-6,17.881388,0.01041251,0.2756412,0.004599893,0.07844333,0.006029232,0.34014252,0.017241433,0.7875136,0.0055114804,0.07302175,0.008822137,0.28568807,0.019420242,null,null,null,null,"TWOGAUSSIANS",8,10.899287,0.2756412,0.004599893,0.4,0.0,0.3380728,0.017119009,0.7875136,0.0055114804,0.4,0.010344743,0.2836184,0.020004792
375316653866487564,4301690569093896320,0.6473223,2163.324683186745,0.8306784456952494,1.006017E-5,17.377079,0.0046476466,0.28938836,0.0057499064,0.016443532,0.004671006,0.1346188,0.01759666,0.8090938,0.0016563965,0.026394548,0.001799858,1.5097376,0.10710534,0.05088379,0.0070802146,0.28938836,0.0057499064,"TWOGAUSSIANS_WITH_ELLIPSOIDAL_ON_ECLIPSE1",9,16.770247,0.8090938,0.0016563965,0.14780946,0.010079205,1.6099529,0.10857403,0.28938836,0.0057499064,0.09208378,0.026157634,0.2363863,0.01767694
375316653866487564,4301690740892624384,0.6448413,2150.9901781155413,2.7071636172541576,3.4829693E-6,14.838604,0.0072225775,0.2939126,0.0015016993,0.048804168,0.0036757078,0.34164914,0.024872793,0.7964811,0.0012657344,0.047685556,0.0029830094,0.26623562,0.019150348,0.118371725,0.011095411,0.7964811,0.0012657344,"TWOGAUSSIANS_WITH_ELLIPSOIDAL_ON_ECLIPSE2",9,61.675022,0.29421258,0.0012799224,0.27330336,0.020583963,0.5783372,0.031839527,0.7964811,0.0012657344,0.26703912,0.016704852,0.5029782,0.010774253
375316653866487564,4301690848265009280,0.5111826,2123.9696513652016,3.4428461650095694,2.9822042E-5,18.4959,0.08706109,0.21567121,0.003090429,0.11901388,0.02248764,0.26033998,0.083897516,0.71905583,0.0044322573,0.11806844,0.03232339,0.2787856,0.06891507,null,null,null,null,"TWOGAUSSIANS",8,2.790868,0.7190758,0.004431367,0.4,0.0,0.22232412,0.038609117,0.21565121,0.0030936438,0.4,0.0,0.20387308,0.009878829
375316653866487564,4301691810339895680,0.5288469,2181.9039268387664,1.3099218583533343,2.3452782E-5,19.566095,0.005597632,0.22549938,0.021142231,0.04874984,0.011740571,0.082552776,0.036787264,0.7159964,0.00145378,0.0385942,0.0013953123,0.44264677,0.012722129,null,null,null,null,"TWOGAUSSIANS",8,1.5441365,0.7159964,0.00145378,0.21612753,0.007813749,0.44264674,0.012722142,0.22549938,0.021142231,0.2729991,0.065747194,0.08255276,0.03678731
375316653866487564,4301692050872045056,0.52151227,2185.3838172721426,2.623846141733023,1.0312236E-5,16.933208,0.9348087,0.19891378,0.003470265,0.15969986,0.10303953,0.580753,0.92287076,0.70013607,0.003842886,0.13057368,0.04497821,0.604041,0.7398256,null,null,null,null,"TWOGAUSSIANS",8,27.07666,0.70024604,0.003963901,0.4,0.0,0.34871623,0.017835438,0.19888377,0.0035208499,0.4,0.0,0.31757805,0.016362032
375316653866487564,4301692252721149568,0.54231924,2180.057684834135,0.0812761339964619,4.3975033E-5,16.329027,0.0037150458,0.31944135,0.07525291,0.037347097,0.028323747,0.11367288,0.31412363,0.7994124,0.0022298114,0.0020874408,5.6962395E-4,0.5164187,0.21609882,null,null,null,null,"TWOGAUSSIANS",8,45.3828,0.7994124,0.0022298114,0.0116896685,0.0031898941,0.5164187,0.21609882,0.31944135,0.07525291,0.20914374,0.15861298,0.11367288,0.31412363
375316653866487564,4301692458879608832,0.5824739,2135.649889055392,3.7015542929120575,5.8501664E-6,18.555582,0.004946392,0.22848353,0.003433241,0.07626161,0.0031270639,0.5677547,0.02101242,0.72001946,0.0019653456,0.06985837,0.0032191086,0.50857425,0.013390884,null,null,null,null,"TWOGAUSSIANS",8,2.6134198,0.22848353,0.003433241,0.4,0.0,0.56522816,0.021246735,0.72001946,0.0019653456,0.3912069,0.018027008,0.5060477,0.013709236
375316653866487564,4301693180434167936,0.58536756,2161.4942095387823,3.4943041460194837,9.294055E-6,19.024118,0.026545376,0.3188195,0.0034769732,0.042268135,0.012612066,0.4967761,0.05682467,0.81611425,0.004349883,0.036440495,0.0058835987,0.27270818,0.06852039,0.16946125,0.034648094,0.3188195,0.0034769732,"TWOGAUSSIANS_WITH_ELLIPSOIDAL_ON_ECLIPSE1",9,4.4077225,0.3188195,0.0034769732,0.23670156,0.07062757,0.83569777,0.065012105,0.81642425,0.0039845337,0.20406677,0.032948155,0.6115432,0.020459997
375316653866487564,4301694108141677056,0.54384625,2106.2226493688513,3.532914765505345,1.0273652E-5,19.496105,0.012900454,0.24423395,0.008667414,0.06985558,0.005671094,0.74606264,0.07807389,0.7518254,0.0038435236,0.06619605,0.006562766,0.5602458,0.055537116,null,null,null,null,"TWOGAUSSIANS",8,3.5751646,0.24423395,0.008667414,0.39119124,0.030130005,0.7448312,0.07797471,0.7518254,0.0038435236,0.3706979,0.03675149,0.5590144,0.056039352
375316653866487564,4301694490398148608,0.44732276,2056.11563325561,3.1212345469187124,2.204788E-5,19.325602,0.5491833,0.33416995,0.020035861,0.18739769,0.16343108,0.278676,0.5324115,0.87266546,0.03906214,0.10592556,0.072266854,0.17430846,0.19302282,null,null,null,null,"TWOGAUSSIANS",8,2.666862,0.33409995,0.018771434,0.4,0.0,0.19429459,0.026946183,0.8812155,0.045277778,0.4,0.08672739,0.10829174,0.046078935
375316653866487564,4301695276373225472,0.52320814,2109.807505421578,2.74483855067494,4.5553894E-5,18.932217,0.024082676,0.27592105,0.010360365,0.0918276,0.009736735,0.45151317,0.028913299,0.77171224,0.0067970804,0.08598074,0.008689577,0.39019457,0.042058527,null,null,null,null,"TWOGAUSSIANS",8,5.6895576,0.27592105,0.010360365,0.4,0.0,0.4364243,0.022938248,0.77171224,0.0067970804,0.4,0.0,0.375106,0.039169557
375316653866487564,4301696448918163968,0.42037842,2146.9051383722817,2.955558718893116,4.754873E-5,18.793678,0.009978982,0.27667072,0.033195674,0.09973204,0.0189104,0.078295775,0.016852295,0.74262506,0.012313711,0.05968328,0.02160634,0.10699479,0.013263001,null,null,null,null,"TWOGAUSSIANS",8,7.63315,0.74262506,0.012313711,0.33422637,0.1209955,0.106377594,0.013128979,0.27667072,0.033195674,0.4,0.0,0.07767711,0.01635218
375316653866487564,4301696586357177088,0.49597466,2147.4399586140917,3.892002685753068,1.365728E-5,18.55312,0.010204621,0.24003989,0.0036942791,0.097398944,0.01024148,0.15277676,0.0089022685,0.727821,0.0047025643,0.097701244,0.008359321,0.16758442,0.01157564,null,null,null,null,"TWOGAUSSIANS",8,1.6920807,0.727821,0.0047025643,0.4,0.0,0.15739004,0.01025081,0.24003989,0.0036942791,0.4,0.0,0.14258252,0.007286716
375316653866487564,4301697269239099648,0.62730116,2156.9358911144577,2.899476192368261,6.439528E-6,17.81631,0.0032794026,0.25127348,0.0017062414,0.07626901,0.0014783192,0.45125374,0.006583057,0.75175124,0.0012310864,0.06853956,0.0016250641,0.465574,0.006272016,null,null,null,null,"TWOGAUSSIANS",8,3.0638714,0.75175124,0.0012310864,0.38382152,0.009100359,0.4632438,0.0063176267,0.25127348,0.0017062414,0.4,0.0,0.44892356,0.006539039
375316653866487564,4301697818991451008,0.5469909,2148.2376283038907,3.464012792039094,5.5628792E-5,19.741201,0.005142018,0.23009652,0.020284738,0.014352639,0.024734035,0.4378953,0.9634863,0.5662606,0.0014421665,0.022784015,0.0020397846,0.57747227,0.008882086,null,null,null,null,"TWOGAUSSIANS",8,1.0418481,0.5662606,0.0014421665,0.12759049,0.011422793,0.57747227,0.008882086,0.23009652,0.020284738,0.08037478,0.1385106,0.4378953,0.9634863
375316653866487564,4301698987225754880,0.6221168,2121.0615669611234,0.8553893728336021,4.680391E-6,14.16455,0.0031425194,0.22535433,0.010289924,0.032208003,0.007862529,0.055747,0.013043919,0.72215414,6.7387306E-4,0.0354375,6.616157E-4,0.4496858,0.0052214363,null,null,null,null,"TWOGAUSSIANS",8,130.28268,0.72215414,6.7387306E-4,0.19844998,0.003705048,0.4496858,0.0052214363,0.22535433,0.010289924,0.18036482,0.04403016,0.055747,0.013043919
375316653866487564,4301700709511000192,0.57199794,2142.0168003900662,3.808432696736322,1.3527295E-5,19.81497,0.0146918995,0.20008905,0.005406846,0.07863401,0.005080747,0.74036324,0.027886342,0.69056195,0.0032801314,0.0750719,0.0029987162,0.61743075,0.029195232,null,null,null,null,"TWOGAUSSIANS",8,1.3290089,0.20008905,0.005406846,0.4,0.0,0.734797,0.027334314,0.69056195,0.0032801314,0.4,0.0,0.6118645,0.028520333
375316653866487564,4301700773932455808,0.5105341,2134.2279423181003,2.3845520621323764,2.4585242E-5,18.634161,0.008077371,0.28697917,0.0052958694,0.0426636,0.0045469883,0.30029178,0.01710209,0.7956681,0.008343338,0.048737776,0.024665374,0.1445547,0.018095057,null,null,null,null,"TWOGAUSSIANS",8,5.7296944,0.28697917,0.0052958694,0.23891616,0.025463134,0.3002917,0.017099155,0.7956681,0.008343338,0.27293155,0.13812609,0.14455463,0.01810891
375316653866487564,4301703045987897472,0.5806242,2126.26294955919,2.6611243574109933,9.53035E-6,14.884541,0.023857027,0.22051081,0.0024629338,0.11605918,0.0129369395,0.15967384,0.022527412,0.7185381,0.0033382298,0.118355885,0.01522764,0.1627432,0.021847498,null,null,null,null,"TWOGAUSSIANS",8,14.531708,0.7185381,0.0033382298,0.4,0.0,0.13021313,0.0038010853,0.22052081,0.0024682807,0.4,0.0,0.12715738,0.0040944587
375316653866487564,4301703595744223744,0.5917092,2219.5105674481565,2.4775179573751647,4.2773495E-6,17.080095,0.008661987,0.3114821,0.0026325465,0.08780641,0.0047256253,0.3564579,0.017369596,0.8094378,0.0019213463,0.06819948,0.0037069342,0.21468681,0.007924692,null,null,null,null,"TWOGAUSSIANS",8,6.877795,0.3114821,0.0026325465,0.4,0.0,0.35326478,0.018306319,0.8094378,0.0019213463,0.38191706,0.020758832,0.21149378,0.006714412
375316653866487564,4301703698809494912,0.5093784,2222.988366450142,2.652571081417965,2.6764354E-5,17.021345,0.12027218,0.21270846,0.0049757645,0.13015333,0.042781275,0.2583797,0.11475296,0.7193397,0.005647177,0.11304048,0.026541283,0.2801507,0.114519894,null,null,null,null,"TWOGAUSSIANS",8,23.164808,0.7194197,0.005639485,0.4,0.0,0.21947551,0.012415751,0.21268846,0.0050083455,0.4,0.0,0.1974087,0.01337286
375316653866487564,4301704454737757696,0.5137587,2152.998503003066,4.028796345541248,3.6809477E-5,19.778736,0.021578189,0.23254833,0.006167838,0.060766846,0.017823601,0.8589967,0.29330727,0.7397612,0.009127302,0.057758037,0.01278351,0.67407846,0.38761002,null,null,null,null,"TWOGAUSSIANS",8,4.9872947,0.23254833,0.006167838,0.34029433,0.061314512,0.8588356,0.2946413,0.7397612,0.009127302,0.323445,0.07158765,0.67391735,0.38775682
375316653866487564,4301704557816454400,0.43910754,2169.346590404139,4.87521469835069,3.5285062E-5,14.461643,0.01238247,0.03907726,0.023159444,0.02644751,0.016321896,0.02784138,0.029811554,0.7255718,0.010929535,0.09455307,0.020062827,0.13747612,0.014385397,null,null,null,null,"TWOGAUSSIANS",8,480.05005,0.7255718,0.010929535,0.4,0.0,0.13747588,0.014385432,0.03857726,0.02365973,0.14810605,0.09140261,0.028409775,0.03010237
375316653866487564,4301704660895692800,0.5951736,2155.928422783117,3.1486656843485594,7.5122402E-6,15.991689,0.010419206,0.28822374,0.0028642062,0.09256669,0.007477285,0.23347689,0.010567657,0.78735507,0.0024922863,0.091483526,0.0042906418,0.3240233,0.009600381,null,null,null,null,"TWOGAUSSIANS",8,19.973743,0.78735507,0.0024922863,0.4,0.0,0.31050658,0.0065794275,0.28822374,0.0028642062,0.4,0.0,0.21996017,0.011403014
375316653866487564,4301705137623160576,0.44692767,2155.2809102610963,0.22902663058282335,5.265293E-5,18.833517,0.17703548,0.24469873,0.017110711,0.13842809,0.1054081,0.13600759,0.1724954,0.75038695,0.02116374,0.11711332,0.08254973,0.13183181,0.15704453,null,null,null,null,"TWOGAUSSIANS",8,3.251456,0.24466874,0.017145457,0.4,0.0,0.09835048,0.011954907,0.750537,0.021289704,0.4,0.01655665,0.094548814,0.013837916
375316653866487564,4301705519889580032,0.6068271,2185.3519212523934,3.3525298597910336,5.468209E-6,17.400661,0.011719445,0.221057,0.0029393092,0.046792746,0.0075232163,0.21699184,0.029836735,0.71290773,0.0023227443,0.051268633,0.003934337,0.38043454,0.025135802,0.1203898,0.017086355,0.221057,0.0029393092,"TWOGAUSSIANS_WITH_ELLIPSOIDAL_ON_ECLIPSE1",9,13.070476,0.7138577,0.0019097849,0.28710434,0.022032287,0.62065506,0.018923612,0.221057,0.0029393092,0.26203936,0.042130012,0.45777002,0.013881151
375316653866487564,4301706653747766016,0.5797131,2181.2819798256196,2.5664089423323913,6.94787E-6,18.012741,0.011305248,0.2757548,0.0033561,0.054301362,0.0038938662,0.6206441,0.049955476,0.7771734,0.004866162,0.037512373,0.005351234,0.5546859,0.07293945,0.08830754,0.019345228,0.2757548,0.0033561,"TWOGAUSSIANS_WITH_ELLIPSOIDAL_ON_ECLIPSE1",9,15.333779,0.2757548,0.0033561,0.30408764,0.021805651,0.797243,0.042348873,0.7771734,0.004768505,0.21006928,0.029966911,0.7312708,0.06622132
375316653866487564,4301707787632025472,0.50331295,2168.8209091461695,0.9339213927381704,2.7050433E-5,15.48487,0.013346243,0.25862485,0.0071944557,0.10472501,0.026673963,0.035568677,0.013008286,0.7732766,0.02077708,0.087040044,0.046056695,0.03656147,0.013181648,null,null,null,null,"TWOGAUSSIANS",8,4.0735674,0.77328664,0.020785451,0.4,0.0,0.034606885,0.0034494433,0.25862485,0.0071956366,0.4,0.0,0.033613123,0.002159884
375316653866487564,4301708195637103616,0.64699876,2164.386221907905,3.613474124605874,1.8703446E-6,17.459785,0.007815063,0.28542247,0.0014350147,0.044172056,0.0036453507,0.48164615,0.031351965,0.78573865,5.0232245E-4,0.040755667,0.0014630114,0.4876678,0.019245425,0.12933666,0.0130325835,0.28542247,0.0014350147,"TWOGAUSSIANS_WITH_ELLIPSOIDAL_ON_ECLIPSE1",9,9.051717,0.78573865,4.9825525E-4,0.22823174,0.008192863,0.7463399,0.014326061,0.28542247,0.0014350147,0.24736351,0.020413963,0.74031925,0.036079016
375316653866487564,4301708474812057216,0.5362533,2137.9543047658467,1.1374125874989702,3.0381096E-5,18.783802,0.0044284235,0.24890132,0.010537676,0.06179078,0.00857665,0.15679732,0.020782199,0.7438278,0.004363058,0.05631927,0.0046787453,0.40917233,0.03606127,null,null,null,null,"TWOGAUSSIANS",8,2.2225618,0.7438278,0.004363058,0.3153879,0.026200974,0.4091198,0.036098223,0.24890132,0.010537676,0.34602836,0.04802924,0.15674481,0.02079694
375316653866487564,4301709539979038592,0.6762567,2190.148572478537,0.46183270684461386,2.8596585E-6,16.27607,0.0028581787,0.2164127,0.0033869417,0.034074225,0.0038989056,0.12936029,0.009342112,0.71692127,0.0011632822,0.036313783,0.0010927283,0.6867972,0.013680641,0.014859916,0.0041423845,0.2164127,0.0033869417,"TWOGAUSSIANS_WITH_ELLIPSOIDAL_ON_ECLIPSE1",9,13.698816,0.71692127,0.0011632822,0.20335719,0.006119279,0.71651673,0.01337575,0.2164127,0.0033869417,0.19081566,0.02183387,0.1590801,0.007493628
375316653866487564,4301710364612766464,0.4911373,2195.374732350589,2.7113157205684963,1.5387892E-5,17.406927,0.04255888,0.15984093,0.005289065,0.10713209,0.017789092,0.21937431,0.041066676,0.6569905,0.007739616,0.10627326,0.029912492,0.204967,0.026368404,null,null,null,null,"TWOGAUSSIANS",8,22.645044,0.15984093,0.0052832467,0.4,0.0,0.19296703,0.009968309,0.6569905,0.007739616,0.4,0.0,0.17856151,0.026307305
