Gaia/vari_eclipsing_binary/VariEclipsingBinary_595416-595466.csv
# %ECSV 1.0
# ---
# delimiter: ','
# meta: !!omap
# - RELEASE: Gaia DR3
# - TABLE: vari_eclipsing_binary
# - DESCRIPTION: >
#     This table describes the properties of the eclipsing binaries resulting from the variability analysis. 
# - CITATION: >
#     How to cite and acknowledge Gaia: 
#     https://gea.esac.esa.int/archive/documentation/credits.html 
# - KNOWN_ISSUES: >
#     Known issues: 
#     https://www.cosmos.esa.int/web/gaia-users/known-issues 
# - DOCUMENTATION: >
#     Tutorials and documentation: 
#     https://www.cosmos.esa.int/web/gaia-users/archive 
# datatype:
# - 
#   name: solution_id
#   datatype: int64
#   description: Solution Identifier
#   meta:
#     ucd: meta.version
# - 
#   name: source_id
#   datatype: int64
#   description: Unique source identifier
#   meta:
#     ucd: meta.id;meta.main
# - 
#   name: global_ranking
#   datatype: float32
#   description: Number between 0 (worst) and 1 (best)
#   meta:
#     ucd: stat.param
# - 
#   name: reference_time
#   datatype: float64
#   unit: d
#   description: Reference time used for the geometric model fit
#   meta:
#     ucd: time.epoch
# - 
#   name: frequency
#   datatype: float64
#   unit: d**-1
#   description: Frequency of geometric model of the eclipsing binary light curve
#   meta:
#     ucd: src.orbital
# - 
#   name: frequency_error
#   datatype: float32
#   unit: d**-1
#   description: "Uncertainty of \\texttt{frequency}"
#   meta:
#     ucd: stat.error
# - 
#   name: geom_model_reference_level
#   datatype: float32
#   unit: mag
#   description: Magnitude reference level of geometric model
#   meta:
#     ucd: phot.mag;em.opt
# - 
#   name: geom_model_reference_level_error
#   datatype: float32
#   unit: mag
#   description: "Uncertainty of \\texttt{geomModelReferenceLevel}"
#   meta:
#     ucd: stat.error;phot.mag;em.opt
# - 
#   name: geom_model_gaussian1_phase
#   datatype: float32
#   description: Phase of the Gaussian 1 component
#   meta:
#     ucd: time.phase
# - 
#   name: geom_model_gaussian1_phase_error
#   datatype: float32
#   description: "Uncertainty of \\texttt{geomModelGaussian1Phase}"
#   meta:
#     ucd: stat.error;time.phase
# - 
#   name: geom_model_gaussian1_sigma
#   datatype: float32
#   description: "Standard deviation [phase] of Gaussian 1 component"
#   meta:
#     ucd: stat.stdev
# - 
#   name: geom_model_gaussian1_sigma_error
#   datatype: float32
#   description: "Uncertainty of \\texttt{geomModelGaussian1Sigma}"
#   meta:
#     ucd: stat.error
# - 
#   name: geom_model_gaussian1_depth
#   datatype: float32
#   unit: mag
#   description: Magnitude depth of Gaussian 1 component
#   meta:
#     ucd: src.var.amplitude
# - 
#   name: geom_model_gaussian1_depth_error
#   datatype: float32
#   unit: mag
#   description: "Uncertainty of \\texttt{geomModelGaussian1Depth}"
#   meta:
#     ucd: stat.error;src.var.amplitude
# - 
#   name: geom_model_gaussian2_phase
#   datatype: float32
#   description: Phase of Gaussian 2 component
#   meta:
#     ucd: time.phase
# - 
#   name: geom_model_gaussian2_phase_error
#   datatype: float32
#   description: "Uncertainty of \\texttt{geomModelGaussian2Phase}"
#   meta:
#     ucd: stat.error;time.phase
# - 
#   name: geom_model_gaussian2_sigma
#   datatype: float32
[...]
#   datatype: float32
#   description: "Secondary eclipse: uncertainty of \\texttt{derivedSecondaryEclDuration}"
#   meta:
#     ucd: stat.error;time.duration
# - 
#   name: derived_secondary_ecl_depth
#   datatype: float32
#   unit: mag
#   description: "Secondary eclipse: depth"
#   meta:
#     ucd: src.var.amplitude
# - 
#   name: derived_secondary_ecl_depth_error
#   datatype: float32
#   unit: mag
#   description: "Secondary eclipse: uncertainty of \\texttt{derivedSecondaryEclDepth}"
#   meta:
#     ucd: stat.error;src.var.amplitude
solution_id,source_id,global_ranking,reference_time,frequency,frequency_error,geom_model_reference_level,geom_model_reference_level_error,geom_model_gaussian1_phase,geom_model_gaussian1_phase_error,geom_model_gaussian1_sigma,geom_model_gaussian1_sigma_error,geom_model_gaussian1_depth,geom_model_gaussian1_depth_error,geom_model_gaussian2_phase,geom_model_gaussian2_phase_error,geom_model_gaussian2_sigma,geom_model_gaussian2_sigma_error,geom_model_gaussian2_depth,geom_model_gaussian2_depth_error,geom_model_cosine_half_period_amplitude,geom_model_cosine_half_period_amplitude_error,geom_model_cosine_half_period_phase,geom_model_cosine_half_period_phase_error,model_type,num_model_parameters,reduced_chi2,derived_primary_ecl_phase,derived_primary_ecl_phase_error,derived_primary_ecl_duration,derived_primary_ecl_duration_error,derived_primary_ecl_depth,derived_primary_ecl_depth_error,derived_secondary_ecl_phase,derived_secondary_ecl_phase_error,derived_secondary_ecl_duration,derived_secondary_ecl_duration_error,derived_secondary_ecl_depth,derived_secondary_ecl_depth_error
[from data line 620]
375316653866487564,5237653862323453568,0.45472533,2196.6253711939794,2.7005432909037648,5.2295927E-5,19.022911,0.015862342,0.28981227,0.014780883,0.04184981,0.021219091,0.27202833,0.055062436,0.824689,0.020993445,0.09098199,0.033464983,0.09407472,0.017239602,null,null,null,null,"TWOGAUSSIANS",8,7.6062374,0.28981227,0.014782651,0.23435895,0.11882692,0.27195632,0.055241104,0.824689,0.020993445,0.4,0.0,0.09400249,0.017029867
375316653866487564,5237653969713318656,0.536758,2232.7826894565546,2.751016744888204,1.1425533E-5,19.861044,0.015593903,0.25690663,0.0039284057,0.07358921,0.0081995735,0.48002324,0.03873208,0.7562621,0.0033517443,0.0713864,0.004863468,0.47626662,0.032831956,null,null,null,null,"TWOGAUSSIANS",8,1.2306465,0.25690663,0.0039284057,0.4,0.0074370275,0.4775628,0.04012018,0.7562621,0.0033517443,0.39976382,0.020875406,0.47380617,0.03274724
375316653866487564,5237654313307599232,0.58307415,2213.5809418413123,1.2962255017261803,8.585991E-6,19.715513,0.011322861,0.29518858,0.022056557,0.04650667,0.012755407,0.33446902,0.05365764,0.79747677,0.0017613658,0.041172754,0.0017110128,1.1740832,0.078696854,null,null,null,null,"TWOGAUSSIANS",8,2.4636517,0.79747677,0.0017613658,0.23056743,0.009581671,1.1740831,0.07869694,0.29518858,0.022056557,0.26043734,0.07143027,0.33446893,0.053655997
375316653866487564,5237654691273334912,0.53426504,2204.944456771435,0.4519282107980409,3.4643905E-5,16.289192,0.0021419486,0.31418872,0.029749667,0.032408364,0.017825423,0.24605273,61.546707,0.5209193,0.016064234,0.06627823,0.014822521,0.014298853,0.0053362753,null,null,null,null,"TWOGAUSSIANS",8,7.792247,0.31420872,0.029769512,0.18148683,0.09982237,0.24616311,61.546715,0.5209193,0.016064234,0.3711581,0.07601366,0.014298854,0.0053362753
375316653866487564,5237656237452425216,0.5412679,2191.829220876804,1.8289548203572814,1.11587715E-5,19.10892,0.01789504,0.2447103,0.0030981502,0.09157777,0.007924237,0.29380518,0.015146918,0.75975525,0.00614138,0.105216675,0.01183331,0.19115381,0.016963532,null,null,null,null,"TWOGAUSSIANS",8,1.2858063,0.2447103,0.0031019947,0.4,0.0,0.27874792,0.008405687,0.75975525,0.00614138,0.4,0.0,0.17609096,0.009562636
375316653866487564,5237657886729009792,0.52748114,2213.7509274312692,1.6019702801328157,7.433475E-5,14.195135,0.0011714072,0.6227057,0.0015951203,0.04035996,0.0018228794,0.13948011,0.0046949377,0.8951475,0.07496876,0.05099041,0.063889116,0.006259315,0.03545758,null,null,null,null,"TWOGAUSSIANS",8,25.4877,0.6227057,0.0015951203,0.22601578,0.010208124,0.13948011,0.0046950406,0.8951475,0.07496876,0.2855463,0.35777906,0.006259315,0.035457663
375316653866487564,5237658814433522432,0.47021043,2198.8737785842877,1.7801740176481662,3.4580095E-5,19.617714,0.004087955,0.2803214,0.0063227536,0.032105684,0.016060635,0.05206353,0.012781771,null,null,null,null,null,null,0.083552316,0.008623801,0.2803214,0.0063227536,"ONEGAUSSIAN_WITH_ELLIPSOIDAL",6,2.3561742,0.2803214,0.0063227536,0.17979182,0.08993956,0.21916787,0.010368664,null,null,null,null,null,null
375316653866487564,5237659226749963904,0.4836214,2233.717586726678,2.599145354022574,2.4983477E-5,19.7537,0.031540148,0.3086193,0.0056534014,0.07990629,0.015056326,0.34640017,0.037808206,0.8140116,0.0048218006,0.08646759,0.014106691,0.27436614,0.032168433,null,null,null,null,"TWOGAUSSIANS",8,2.51273,0.3086193,0.0056534014,0.4,0.0,0.34032843,0.04109832,0.8140116,0.0048218006,0.4,0.0,0.26829433,0.02996452
375316653866487564,5237660738587568512,0.51908666,2221.694818156986,1.487117739169264,2.1934185E-5,17.831749,0.27519882,0.1947361,0.006118693,0.15724494,0.1022761,0.15121318,0.2722841,0.6755016,0.015798075,0.12402062,0.030839304,0.2111863,0.16493529,null,null,null,null,"TWOGAUSSIANS",8,2.087486,0.6755016,0.015798075,0.4,0.0,0.1509411,0.0060883486,0.1951561,0.005670251,0.4,0.0,0.089056626,0.0047662975
375316653866487564,5237662112968907648,0.5803298,2221.330899642064,3.4274841171388166,7.611557E-6,19.395704,0.021757321,0.14131175,0.003336756,0.06629416,0.004690327,0.6982351,0.03276625,0.64792943,0.0050715487,0.065599956,0.004573851,0.5737676,0.031331945,null,null,null,null,"TWOGAUSSIANS",8,3.2119915,0.14131175,0.003336756,0.37124732,0.026265832,0.69744307,0.032637313,0.64792943,0.0050715487,0.36735976,0.025613565,0.5729756,0.031063525
375316653866487564,5237662250416112512,0.59820086,2196.7457784913445,2.027755541980332,4.519851E-6,18.31936,0.004685508,0.32994533,9.0033107E-4,0.035519175,0.0011537591,0.74460864,0.013454038,0.8240127,0.0069677895,0.03986793,0.004765704,0.13573405,0.021160748,null,null,null,null,"TWOGAUSSIANS",8,5.0794535,0.32994533,9.0033107E-4,0.19890739,0.0064610504,0.74460864,0.013454038,0.8240127,0.0069677895,0.22326042,0.02668794,0.13573405,0.021160748
375316653866487564,5237662422215136128,0.57073236,2189.8746230963857,2.335453987249101,8.278549E-6,15.877888,0.0067114937,0.18946052,0.0029343227,0.1024881,0.0051200744,0.1687119,0.006495065,0.69790554,0.0055137933,0.08600561,0.008328242,0.08848045,0.0076015643,null,null,null,null,"TWOGAUSSIANS",8,9.434776,0.18946052,0.0029343227,0.4,0.0,0.16215439,0.003895734,0.69790554,0.005521845,0.4,0.0,0.08192539,0.005458488
375316653866487564,5237663899683656704,0.5828299,2193.539879453382,1.2225731483503899,6.058437E-6,15.406896,0.043254796,0.24502291,0.005965938,0.11273944,0.035708517,0.13568659,0.03387805,0.7300419,0.004479449,0.11291746,0.01737237,0.23178448,0.039738823,null,null,null,null,"TWOGAUSSIANS",8,15.780565,0.7300419,0.004479449,0.4,0.0,0.205781,0.00637644,0.2450729,0.0061215237,0.4,0.0,0.109696046,0.0072741075
375316653866487564,5237664208913395328,0.52312243,2186.6097316105297,3.920929539974004,1.2539477E-5,19.843142,0.0163677,0.24422449,0.007013877,0.07351776,0.007776572,0.578966,0.04986492,0.74293625,0.0032071,0.06517074,0.0045819622,0.67540485,0.04439577,null,null,null,null,"TWOGAUSSIANS",8,3.2567227,0.74293625,0.0032071,0.36495614,0.02565899,0.67359704,0.0447008,0.24422449,0.007013877,0.4,0.013749644,0.5771582,0.050340515
375316653866487564,5237664277640852864,0.63898,2172.965357173433,0.483607967092328,3.4776025E-5,16.450615,0.0010577007,0.29021302,0.0011825515,0.0137445675,0.001570275,0.68317807,0.11455917,null,null,null,null,null,null,null,null,null,null,"ONEGAUSSIAN",5,4.181406,0.29021302,0.0011825515,0.07696958,0.00879354,0.68317807,0.0,null,null,null,null,null,null
375316653866487564,5237664346360346496,0.5314074,2193.571991123211,0.7757499777264033,2.3175036E-5,16.806807,0.0023086052,0.11451798,0.0070020854,0.027527055,0.004661133,0.10825251,0.027139824,0.6069359,0.0016631831,0.022967663,0.0024256597,0.35732716,0.05031197,null,null,null,null,"TWOGAUSSIANS",8,13.8744755,0.6069359,0.0016631831,0.12861891,0.013583694,0.35732716,0.05031197,0.11451798,0.0070020854,0.1541515,0.026102345,0.10825251,0.027139824
375316653866487564,5237665819512863616,0.5809879,2212.5541090187826,0.7590781329748008,4.0148152E-5,18.692818,0.002507754,0.5220247,0.0050543146,0.044499606,0.003403312,0.44118786,0.03036931,0.8669155,0.06882979,0.060679577,0.058387786,0.00842455,0.46766683,null,null,null,null,"TWOGAUSSIANS",8,1.1076494,0.5220247,0.0050543146,0.2491978,0.019058548,0.44118786,0.03036931,0.8669155,0.06882979,0.33980563,0.32697162,0.00842455,0.46766683
375316653866487564,5237665819514720512,0.5315772,2239.068872335261,2.14801531474918,1.9277344E-5,19.362047,0.023111805,0.24725063,0.010162014,0.07711403,0.01036773,0.40023297,0.029346103,0.7437251,0.01733252,0.08540488,0.01898283,0.40790606,0.050770983,null,null,null,null,"TWOGAUSSIANS",8,4.2103376,0.7437251,0.01733252,0.4,0.0025988978,0.40125895,0.05290515,0.24725063,0.010162014,0.4,0.0,0.39358592,0.026636787
375316653866487564,5237666060042038016,0.6016763,2210.918183468325,1.4698096283438296,2.5407235E-6,18.289476,0.005948311,0.20963895,0.0025152077,0.03980115,0.004450282,0.27658004,0.037664045,0.70915437,0.0020072595,0.036512304,0.0015977062,0.5316082,0.015920738,0.051160146,0.008930744,0.20963895,0.0025152077,"TWOGAUSSIANS_WITH_ELLIPSOIDAL_ON_ECLIPSE1",9,3.0606372,0.7091644,0.001993887,0.2044689,0.0089471545,0.6339274,0.010389711,0.20963895,0.0025152077,0.22288644,0.02492158,0.3789002,0.040410906
375316653866487564,5237666304865202176,0.58827037,2231.4041407806208,2.2879966009215735,5.043769E-6,17.37967,0.008758047,0.20573644,0.0017312748,0.075866126,0.003714401,0.18426609,0.009061556,0.6893642,0.0026886794,0.09099284,0.0047071762,0.33834532,0.009963082,null,null,null,null,"TWOGAUSSIANS",8,5.5872984,0.6893642,0.0026886794,0.4,0.0,0.33410016,0.009649149,0.20573644,0.0017312748,0.4,0.0,0.18002123,0.0076885573
375316653866487564,5237666334909022848,0.565659,2178.4804658862126,2.003806029788199,1.3148153E-5,18.952238,0.007338533,0.28600428,0.0011927019,0.07925131,0.0033183403,0.39460075,0.012716173,0.78736144,0.0026042366,0.07828326,0.002882614,0.42902905,0.011558216,null,null,null,null,"TWOGAUSSIANS",8,1.7534946,0.78736144,0.0026042366,0.4,0.0,0.4238308,0.011071808,0.28600428,0.0011927019,0.4,0.0,0.3894025,0.013234001
375316653866487564,5237666373584684032,0.52827626,2233.6062583893727,1.3696180867053043,1.2161957E-5,17.634638,0.16706721,0.24781947,0.007343465,0.15698387,0.07879498,0.1491837,0.16344096,0.73967314,0.004940397,0.13631514,0.033926677,0.1937455,0.14709693,null,null,null,null,"TWOGAUSSIANS",8,1.9011524,0.73967314,0.004940397,0.4,0.0,0.121448606,0.003700897,0.24825947,0.0070664245,0.4,0.0,0.075468674,0.0046622683
375316653866487564,5237666987745987328,0.43843633,2205.531211816528,0.2700519107943951,7.728336E-5,19.50946,0.012340126,0.31055403,0.0035887791,0.032277647,0.0060201623,1.6836258,2.7370439,0.643614,0.05269985,0.102791384,0.105618395,0.07760451,0.10002932,null,null,null,null,"TWOGAUSSIANS",8,3.3593297,0.310564,0.00358918,0.18075483,0.03371291,1.6840317,2.7371082,0.643614,0.05269985,0.4,0.24527416,0.077602886,0.100044824
375316653866487564,5237668637011884672,0.5540842,2236.846143911413,0.577742260025869,1.8733723E-5,18.770424,0.012759599,0.43916655,0.0011878966,0.038640194,0.002120879,0.49107262,0.033860777,0.7589097,0.102890246,0.17851149,0.20141873,0.011252077,0.012351745,null,null,null,null,"TWOGAUSSIANS",8,1.7996688,0.43923655,0.0011698799,0.21638508,0.011876922,0.4928922,0.03453239,0.7589097,0.102890246,0.4,0.23484614,0.010800601,0.008042729
375316653866487564,5237669049329933696,0.48760664,2202.1908118137394,3.3219815283933603,1.769107E-5,19.64883,0.03324304,0.24654128,0.0073413104,0.08991689,0.0115505485,0.36974853,0.032962985,0.75569993,0.0070649907,0.0918803,0.016743261,0.27671298,0.03270551,null,null,null,null,"TWOGAUSSIANS",8,2.6695037,0.24654128,0.0073413104,0.4,0.0,0.3571228,0.021552397,0.75569993,0.0070649907,0.4,0.0,0.2640872,0.027925147
375316653866487564,5237669770882682112,0.4994295,2222.741000694913,2.8351423898139987,1.51054055E-5,17.952356,0.028485294,0.2646825,0.009774264,0.12655556,0.023405988,0.146256,0.028503006,0.7501381,0.004798404,0.10019213,0.014191742,0.16404971,0.02543227,null,null,null,null,"TWOGAUSSIANS",8,3.7106688,0.7501381,0.004798404,0.4,0.0,0.14098008,0.01093985,0.2646925,0.009769266,0.4,0.0,0.12305703,0.0074524665
375316653866487564,5237670015716550144,0.6271606,2209.2596720530223,2.5434225752506414,6.787177E-6,16.604471,0.008157208,0.27886516,0.0016116891,0.055009153,0.004556541,0.23213583,0.018855195,0.7775819,0.0027507015,0.053617522,0.0034187562,0.2129546,0.020225532,0.07916726,0.011619797,0.27886516,0.0016116891,"TWOGAUSSIANS_WITH_ELLIPSOIDAL_ON_ECLIPSE1",9,9.954224,0.27886516,0.0016116891,0.30805126,0.02551663,0.3904589,0.0065729427,0.77777183,0.0024529544,0.30025813,0.019145034,0.37126887,0.010059046
375316653866487564,5237671115221368576,0.51071733,2204.1753888491085,1.4893350135710868,7.3618085E-6,19.417727,0.01216254,0.33576363,0.0014531738,0.050722685,0.005015224,0.87599564,0.20927572,0.83610797,0.0022876924,0.07049266,0.0060963943,0.26038086,0.014672076,null,null,null,null,"TWOGAUSSIANS",8,2.4656668,0.33576363,0.0014531738,0.28404704,0.028085256,0.8758282,0.20938814,0.83610797,0.0022876924,0.3947589,0.0320354,0.26021343,0.014676095
375316653866487564,5237671321386737792,0.5491373,2230.605984084281,1.0806438002286085,9.583199E-6,16.3801,0.0037998143,0.122421,0.0038427433,0.07274121,0.004291872,0.16403441,0.005348771,0.6211837,0.005426624,0.09101145,0.008336454,0.08260498,0.005296472,null,null,null,null,"TWOGAUSSIANS",8,7.168279,0.122421,0.0038427433,0.4,0.0017056816,0.16200227,0.004972088,0.6211837,0.005426624,0.4,0.0,0.08057278,0.0052263755
375316653866487564,5237672695767790080,0.51895034,2192.971467634754,2.429402467408092,1.4573815E-5,19.571976,0.036061943,0.21424942,0.0026346187,0.10679943,0.01128998,0.36387902,0.030313745,0.7236847,0.006325546,0.109604746,0.012085048,0.37849367,0.037903447,null,null,null,null,"TWOGAUSSIANS",8,1.2189316,0.7236947,0.0063392976,0.4,0.0,0.33203045,0.024549136,0.21423942,0.0026299616,0.4,0.0,0.31742674,0.013709123
375316653866487564,5237673138137294848,0.5318368,2214.844162643492,0.6617468005789994,7.2172074E-6,17.614979,0.0031770405,0.6863618,0.0020735813,0.043955,0.0038886624,0.086975396,0.009640879,null,null,null,null,null,null,0.031280857,0.005322995,0.6863618,0.0020735813,"ONEGAUSSIAN_WITH_ELLIPSOIDAL",6,3.1888344,0.6863618,0.0020735813,0.246148,0.02177651,0.14953709,0.006948934,null,null,null,null,null,null
375316653866487564,5237673486050137344,0.58083487,2198.9254184527986,1.1097921929328722,2.117675E-6,17.544905,0.001984537,0.27840906,0.0037147244,0.03106383,0.00899241,0.07470253,0.013432564,0.77678376,9.804312E-4,0.036700565,0.002156139,0.23255423,0.014386692,0.039412044,0.0030238256,0.27840906,0.0037147244,"TWOGAUSSIANS_WITH_ELLIPSOIDAL_ON_ECLIPSE1",9,2.2037747,0.7768437,9.1399625E-4,0.20552316,0.012074377,0.31137034,0.015304113,0.27840906,0.0037147244,0.17395745,0.050357495,0.15352657,0.01178674
375316653866487564,5237673550455796864,0.52987623,2169.2739590267342,1.9643292141976734,1.1501769E-5,19.449041,0.007842045,0.22455907,0.0029566789,0.08037394,0.0049041514,0.2548218,0.013649188,0.7264134,0.003303208,0.07186693,0.0039009855,0.4677577,0.0311329,null,null,null,null,"TWOGAUSSIANS",8,1.7014087,0.7264134,0.003303208,0.4,0.0044882703,0.46481574,0.031529542,0.22455907,0.0029566789,0.4,0.0,0.25187984,0.013791328
375316653866487564,5237674070156852736,0.43091023,2165.376063490009,0.2563082073609225,7.916173E-5,18.859716,0.018371765,0.18225853,0.0039875465,0.025864393,0.0045092907,0.42329767,0.029786129,0.78068787,0.020605493,0.06441952,0.012973517,0.07076823,0.023271427,null,null,null,null,"TWOGAUSSIANS",8,20.791801,0.18225853,0.0039875465,0.1448406,0.025252027,0.42329767,0.029786129,0.78068787,0.020605493,0.36074933,0.0726517,0.07076823,0.023271427
375316653866487564,5237674207604743040,0.54354256,2174.4946235565644,0.4856488275942023,1.554629E-5,12.527978,0.0028578893,0.2192227,0.011264913,0.03241201,0.007266662,0.030153217,0.008707591,0.7316807,0.0036452303,0.045606997,0.009027819,0.15852237,0.0067211147,0.0034601188,0.0033696366,0.2192227,0.011264913,"TWOGAUSSIANS_WITH_ELLIPSOIDAL_ON_ECLIPSE1",9,316.58713,0.7316807,0.0036452303,0.2553992,0.050555788,0.16540025,0.00827659,0.2192227,0.011264913,0.18150726,0.04069331,0.03707343,0.008148177
375316653866487564,5237674993563130112,0.4339135,2212.785777452745,2.58503433037906,6.219465E-5,19.16008,0.0071975277,0.7550978,0.012940747,0.013839865,0.015913215,0.084438436,969204.8,null,null,null,null,null,null,0.058842015,0.00827527,0.7550978,0.012940747,"ONEGAUSSIAN_WITH_ELLIPSOIDAL",6,8.5837965,0.7550978,0.012940747,0.07750324,0.089114,0.20212243,969204.8,null,null,null,null,null,null
