Gaia/vari_eclipsing_binary/VariEclipsingBinary_459402-459414.csv
# %ECSV 1.0
# ---
# delimiter: ','
# meta: !!omap
# - RELEASE: Gaia DR3
# - TABLE: vari_eclipsing_binary
# - DESCRIPTION: >
#     This table describes the properties of the eclipsing binaries resulting from the variability analysis. 
# - CITATION: >
#     How to cite and acknowledge Gaia: 
#     https://gea.esac.esa.int/archive/documentation/credits.html 
# - KNOWN_ISSUES: >
#     Known issues: 
#     https://www.cosmos.esa.int/web/gaia-users/known-issues 
# - DOCUMENTATION: >
#     Tutorials and documentation: 
#     https://www.cosmos.esa.int/web/gaia-users/archive 
# datatype:
# - 
#   name: solution_id
#   datatype: int64
#   description: Solution Identifier
#   meta:
#     ucd: meta.version
# - 
#   name: source_id
#   datatype: int64
#   description: Unique source identifier
#   meta:
#     ucd: meta.id;meta.main
# - 
#   name: global_ranking
#   datatype: float32
#   description: Number between 0 (worst) and 1 (best)
#   meta:
#     ucd: stat.param
# - 
#   name: reference_time
#   datatype: float64
#   unit: d
#   description: Reference time used for the geometric model fit
#   meta:
#     ucd: time.epoch
# - 
#   name: frequency
#   datatype: float64
#   unit: d**-1
#   description: Frequency of geometric model of the eclipsing binary light curve
#   meta:
#     ucd: src.orbital
# - 
#   name: frequency_error
#   datatype: float32
#   unit: d**-1
#   description: "Uncertainty of \\texttt{frequency}"
#   meta:
#     ucd: stat.error
# - 
#   name: geom_model_reference_level
#   datatype: float32
#   unit: mag
#   description: Magnitude reference level of geometric model
#   meta:
#     ucd: phot.mag;em.opt
# - 
#   name: geom_model_reference_level_error
#   datatype: float32
#   unit: mag
#   description: "Uncertainty of \\texttt{geomModelReferenceLevel}"
#   meta:
#     ucd: stat.error;phot.mag;em.opt
# - 
#   name: geom_model_gaussian1_phase
#   datatype: float32
#   description: Phase of the Gaussian 1 component
#   meta:
#     ucd: time.phase
# - 
#   name: geom_model_gaussian1_phase_error
#   datatype: float32
#   description: "Uncertainty of \\texttt{geomModelGaussian1Phase}"
#   meta:
#     ucd: stat.error;time.phase
# - 
#   name: geom_model_gaussian1_sigma
#   datatype: float32
#   description: "Standard deviation [phase] of Gaussian 1 component"
#   meta:
#     ucd: stat.stdev
# - 
#   name: geom_model_gaussian1_sigma_error
#   datatype: float32
#   description: "Uncertainty of \\texttt{geomModelGaussian1Sigma}"
#   meta:
#     ucd: stat.error
# - 
#   name: geom_model_gaussian1_depth
#   datatype: float32
#   unit: mag
#   description: Magnitude depth of Gaussian 1 component
#   meta:
#     ucd: src.var.amplitude
# - 
#   name: geom_model_gaussian1_depth_error
#   datatype: float32
#   unit: mag
#   description: "Uncertainty of \\texttt{geomModelGaussian1Depth}"
#   meta:
#     ucd: stat.error;src.var.amplitude
# - 
#   name: geom_model_gaussian2_phase
#   datatype: float32
#   description: Phase of Gaussian 2 component
#   meta:
#     ucd: time.phase
# - 
#   name: geom_model_gaussian2_phase_error
#   datatype: float32
#   description: "Uncertainty of \\texttt{geomModelGaussian2Phase}"
#   meta:
#     ucd: stat.error;time.phase
# - 
#   name: geom_model_gaussian2_sigma
#   datatype: float32
[...]
#   datatype: float32
#   description: "Secondary eclipse: uncertainty of \\texttt{derivedSecondaryEclDuration}"
#   meta:
#     ucd: stat.error;time.duration
# - 
#   name: derived_secondary_ecl_depth
#   datatype: float32
#   unit: mag
#   description: "Secondary eclipse: depth"
#   meta:
#     ucd: src.var.amplitude
# - 
#   name: derived_secondary_ecl_depth_error
#   datatype: float32
#   unit: mag
#   description: "Secondary eclipse: uncertainty of \\texttt{derivedSecondaryEclDepth}"
#   meta:
#     ucd: stat.error;src.var.amplitude
solution_id,source_id,global_ranking,reference_time,frequency,frequency_error,geom_model_reference_level,geom_model_reference_level_error,geom_model_gaussian1_phase,geom_model_gaussian1_phase_error,geom_model_gaussian1_sigma,geom_model_gaussian1_sigma_error,geom_model_gaussian1_depth,geom_model_gaussian1_depth_error,geom_model_gaussian2_phase,geom_model_gaussian2_phase_error,geom_model_gaussian2_sigma,geom_model_gaussian2_sigma_error,geom_model_gaussian2_depth,geom_model_gaussian2_depth_error,geom_model_cosine_half_period_amplitude,geom_model_cosine_half_period_amplitude_error,geom_model_cosine_half_period_phase,geom_model_cosine_half_period_phase_error,model_type,num_model_parameters,reduced_chi2,derived_primary_ecl_phase,derived_primary_ecl_phase_error,derived_primary_ecl_duration,derived_primary_ecl_duration_error,derived_primary_ecl_depth,derived_primary_ecl_depth_error,derived_secondary_ecl_phase,derived_secondary_ecl_phase_error,derived_secondary_ecl_duration,derived_secondary_ecl_duration_error,derived_secondary_ecl_depth,derived_secondary_ecl_depth_error
[from data line 1038]
375316653866487564,4041055083028437248,0.4694988,2394.2735419519263,0.2846162535180596,6.0506423E-5,19.245773,0.00874655,0.33986673,0.011071875,0.020546881,0.011658908,0.14097281,0.24165031,0.68303573,0.016442146,0.064648144,0.020532275,0.1671091,0.03481879,null,null,null,null,"TWOGAUSSIANS",8,4.110964,0.68303573,0.016442146,0.36202958,0.08417309,0.1671091,0.03481879,0.33986673,0.011071907,0.115062535,0.065289885,0.14097294,0.24164915
375316653866487564,4041055190326783488,0.44277006,2450.481256932433,0.0447193324711608,3.4308636E-5,19.266056,0.108646445,0.07832439,0.015513565,0.096338525,0.03752209,0.16456532,0.10252001,0.44659278,0.01643782,0.10711688,0.028218178,0.3960412,0.12472453,null,null,null,null,"TWOGAUSSIANS",8,3.4611318,0.44659278,0.01643782,0.4,0.0,0.39198,0.107681744,0.08039439,0.012290268,0.4,0.0,0.16150343,0.07762575
375316653866487564,4041055289186669696,0.5158725,2392.4520705664,1.064898775271596,1.2416498E-5,19.061903,0.010146014,0.26109737,0.0042478456,0.06046322,0.0035503556,0.37494797,0.023779558,0.7753547,0.004575047,0.055418305,0.0056637465,0.33215824,0.022604434,null,null,null,null,"TWOGAUSSIANS",8,4.9507885,0.26109737,0.0042478456,0.33859405,0.019881992,0.37491056,0.023776073,0.7753547,0.004575047,0.3103425,0.03171698,0.33212084,0.022613756
375316653866487564,4041055293470879360,0.488228,2473.2014732157904,0.032903332807788774,2.7342408E-5,19.722792,0.008768537,0.2559414,0.015388286,0.043677174,0.011274959,0.25417715,0.03638676,0.85136884,0.012678802,0.060458865,0.009061992,0.19086649,0.03281769,null,null,null,null,"TWOGAUSSIANS",8,1.5602647,0.2559414,0.015388286,0.24459217,0.063139774,0.25417712,0.03638674,0.85136884,0.012678802,0.33856964,0.050747156,0.19086644,0.0328177
375316653866487564,4041055323475297536,0.62375635,2373.945282989925,2.1932282751110423,8.423186E-6,16.580788,0.013531981,0.23201373,0.00184237,0.06250375,0.0045173285,0.31069258,0.029413678,0.7349163,0.002477373,0.058093462,0.0044687577,0.37574095,0.030704567,0.09241547,0.01483514,0.23201373,0.00184237,"TWOGAUSSIANS_WITH_ELLIPSOIDAL_ON_ECLIPSE1",9,15.222251,0.7349163,0.002477373,0.32532337,0.025025044,0.5603777,0.0284289,0.23201373,0.00184237,0.35002097,0.025297038,0.4953908,0.018156927
375316653866487564,4041055392268019456,0.4906632,2382.9619763146015,1.689335837721615,1.9467378E-5,19.225796,0.026487546,0.28860816,0.011791999,0.091929145,0.021615047,0.1598628,0.023367977,0.77753514,0.009273244,0.09038785,0.017710643,0.22846143,0.027971596,null,null,null,null,"TWOGAUSSIANS",8,1.9223553,0.77753514,0.009273244,0.4,0.0,0.2209765,0.023282837,0.28860816,0.011791999,0.4,0.0,0.15237786,0.01560149
375316653866487564,4041055598427004416,0.5186903,2429.727646436312,2.2092798860569856,1.5273581E-5,18.769913,0.014845771,0.23111664,0.0030887679,0.0743593,0.0054925187,0.53444993,0.031507414,0.73234975,0.003702099,0.06947169,0.0061268494,0.57530606,0.034443714,null,null,null,null,"TWOGAUSSIANS",8,6.256611,0.73234975,0.003702099,0.38904145,0.023516813,0.5727537,0.035028264,0.23111664,0.0030887679,0.4,0.0,0.5318976,0.032178085
375316653866487564,4041055602643452672,0.43311888,2489.538465113768,2.3600894208564096,1.3014211E-4,19.87582,0.014146916,0.21896434,0.008355281,0.03348298,0.004137465,0.15428315,0.014085311,0.5402613,0.013516097,0.109088905,0.017002618,0.6126216,0.19544119,null,null,null,null,"TWOGAUSSIANS",8,3.8992887,0.5402613,0.013516097,0.4,0.0,0.6125879,0.19555719,0.22060435,0.009076436,0.1875047,0.023169804,0.16243392,0.017220436
375316653866487564,4041055602645148288,0.48362064,2530.660895025851,4.290160470069142,2.7047314E-5,19.462723,0.0524905,0.15200198,0.048146416,0.07699586,0.1022823,0.070183024,0.048079208,0.57895756,0.008578161,0.03452,0.021026595,0.26532552,0.08702118,null,null,null,null,"TWOGAUSSIANS",8,1.5495721,0.57895756,0.008578161,0.19331199,0.11774893,0.26532516,0.08428213,0.15200198,0.048146416,0.4,0.034966998,0.070182666,0.04217821
375316653866487564,4041055804585128576,0.4831452,2380.6262010974497,0.05692328286951702,2.8830365E-5,19.711065,0.0067070075,0.044627205,0.008418327,0.017006105,0.0059979255,0.1755818,0.021998977,0.64294165,0.0098356055,0.055369593,0.007666248,0.26496124,0.032440837,null,null,null,null,"TWOGAUSSIANS",8,1.5603477,0.64294165,0.0098356055,0.3100697,0.042930987,0.26496124,0.032440837,0.044627205,0.008418327,0.09523419,0.033588383,0.1755818,0.021998977
375316653866487564,4041055838944907520,0.43477386,2554.2007960819433,0.573757166911974,4.0186645E-5,19.867193,0.016689798,0.19602783,0.0035055487,0.02021316,0.0031390153,0.38700482,0.06698235,0.7046526,0.09920404,0.08425677,0.08835322,0.23674026,1.35620432E8,null,null,null,null,"TWOGAUSSIANS",8,3.9938452,0.19602783,0.0035055487,0.1131937,0.017578486,0.38700184,0.06698067,0.7046526,0.09920404,0.4,0.38848615,0.23673727,1.35620432E8
375316653866487564,4041055907666702208,0.4303447,2448.5176762030037,0.18869158547015544,8.3055975E-6,19.143904,0.011355317,0.3009589,0.0010115051,0.0068575903,0.0020600578,0.51465,0.36593413,0.6873603,0.0032798795,0.019391287,0.0030315334,0.2191268,0.05740228,null,null,null,null,"TWOGAUSSIANS",8,6.3332295,0.3009589,0.0010115051,0.038402505,0.011536324,0.51465,0.36593413,0.6873603,0.0032798795,0.10859121,0.016976587,0.2191268,0.05740228
375316653866487564,4041055980665831808,0.43993062,2391.1144044789503,0.156284474251843,4.9416478E-5,19.44232,0.093614385,0.30054545,0.025049979,0.14407626,0.04170956,0.37265566,0.08537069,0.69800603,0.04257209,0.09625142,0.030653432,0.25205156,0.09655285,null,null,null,null,"TWOGAUSSIANS",8,8.307606,0.30066544,0.02474513,0.4,0.0,0.345726,0.058838174,0.69800603,0.04257209,0.4,0.0,0.23342481,0.08148098
375316653866487564,4041056186759497728,0.5895519,2399.8042555923757,2.688256500468346,9.540469E-6,17.345646,0.013275925,0.3231938,0.001797723,0.0429707,0.0043693543,0.57321084,0.06320867,0.8251998,0.00426308,0.04426851,0.0039998638,0.50283813,0.03619644,0.12106842,0.018627547,0.3231938,0.001797723,"TWOGAUSSIANS_WITH_ELLIPSOIDAL_ON_ECLIPSE1",9,15.817625,0.3231938,0.001797723,0.2406359,0.024468383,0.81534743,0.06676627,0.8251998,0.0042465953,0.24790366,0.022399237,0.7449363,0.016979203
375316653866487564,4041056186824356864,0.43463284,2358.127936788551,0.1558648293521889,8.18822E-5,19.061771,0.7172886,0.15131667,0.010488708,0.049776707,0.014305599,0.68576896,0.20433028,0.5077802,0.031671345,0.17595944,0.11444119,1.0093927,0.6309696,null,null,null,null,"TWOGAUSSIANS",8,7.876573,0.5077802,0.031671345,0.4,0.0,0.9690712,0.1437842,0.15692668,0.010570283,0.27874956,0.080111355,0.7804925,0.2029211
375316653866487564,4041056457475814528,0.5000239,2377.652408151451,1.9640316205097437,1.708213E-5,19.728098,0.029836077,0.21522312,0.011230483,0.085432306,0.017587297,0.30090848,0.02668718,0.70299274,0.009842035,0.0931835,0.013624545,0.35691035,0.033414878,null,null,null,null,"TWOGAUSSIANS",8,1.7891843,0.70299274,0.009842035,0.4,0.0,0.34614977,0.025933787,0.21522312,0.011230483,0.4,0.0,0.29014835,0.024101669
375316653866487564,4041056461637695616,0.45248085,2398.5372402830953,1.8105583984906208,1.1532716E-5,19.215263,0.018085925,0.24782388,0.025427004,0.041129064,0.08464739,0.051934212,3.758992E8,0.6973407,0.004080371,0.032064557,0.008001115,0.6216352,0.33090943,0.073895134,0.04258118,0.24782388,0.025427004,"TWOGAUSSIANS_WITH_ELLIPSOIDAL_ON_ECLIPSE1",9,17.551546,0.6982407,0.003551706,0.17956153,0.044806242,0.75529444,0.34207174,0.24782388,0.025427004,0.23032275,0.4460161,0.1997243,3.758992E8
375316653866487564,4041056491706156544,0.48023337,2442.2424964211955,0.03867700858836868,7.866601E-5,18.954386,0.034934487,0.38445953,0.008910172,0.14803353,0.0185644,0.29032868,0.03920835,0.84928256,0.01942152,0.067484565,0.0139436545,0.31024775,0.047295164,null,null,null,null,"TWOGAUSSIANS",8,3.8908212,0.84928256,0.01942152,0.37791356,0.0645026,0.28781956,0.043714076,0.38445953,0.008910172,0.4,0.0,0.26538044,0.027603183
375316653866487564,4041056663580935936,0.42964324,2435.6855322835495,0.17840368064848786,7.841467E-5,19.487013,0.013022233,0.41912,0.058945972,0.03219821,0.04136832,0.18072031,0.5488594,0.6067063,0.012505391,0.084942505,0.016388176,0.12314957,0.017062327,null,null,null,null,"TWOGAUSSIANS",8,3.8529315,0.42078,0.0560967,0.18030997,0.23166259,0.19170223,0.56374985,0.6067063,0.012505391,0.4,0.0,0.123149574,0.01706235
375316653866487564,4041056663581066368,0.42390934,2472.2087309543717,2.2884943442920993,2.6794454E-5,19.163645,0.039616674,0.24801658,0.0058893473,0.041392226,0.011656388,0.3621136,0.34720513,0.64035064,0.03186789,0.16824315,0.050063938,0.19242246,0.059754733,null,null,null,null,"TWOGAUSSIANS",8,7.4524083,0.24882658,0.004980167,0.23179646,0.06527577,0.3688338,0.3483653,0.64035064,0.03186789,0.4,0.0,0.18610235,0.05815376
375316653866487564,4041056702155629312,0.42780343,2413.2468850260707,0.21765476887917207,4.391604E-5,19.368813,0.5284613,0.26569554,0.04546883,0.139877,0.082339026,0.37837917,0.49643627,0.7469707,0.017652906,0.14546949,0.073628314,0.3934091,0.49259838,null,null,null,null,"TWOGAUSSIANS",8,4.3159432,0.7469707,0.017652906,0.4,0.0,0.24693812,0.038563296,0.26684552,0.046667684,0.4,0.0,0.23284681,0.12128504
375316653866487564,4041056770939970816,0.47021252,2374.1322437653002,1.6898830977932078,2.2668984E-5,18.277555,0.024108676,0.23045933,0.007593344,0.09656783,0.0126764495,0.3686815,0.03546061,0.74304664,0.008852663,0.07287514,0.010154822,0.32395852,0.0359958,null,null,null,null,"TWOGAUSSIANS",8,22.16718,0.23045933,0.007593344,0.4,0.0,0.3615705,0.035235915,0.74304664,0.008852663,0.4,0.018826222,0.3168489,0.033898205
375316653866487564,4041057011524688896,0.4269398,2409.726215782258,1.0937801528483975,7.213247E-5,18.887146,0.040484335,0.25433853,0.05592941,0.07051543,0.09973965,0.11626355,0.11429028,0.76689804,0.010032815,0.0541905,0.013706483,0.29576406,0.06984626,null,null,null,null,"TWOGAUSSIANS",8,24.37121,0.76689804,0.009874438,0.30346683,0.076756306,0.29569063,0.06805603,0.25433853,0.05592941,0.39488643,0.1278516,0.11619012,0.11455564
