Gaia/vari_eclipsing_binary/VariEclipsingBinary_352946-353142.csv
# %ECSV 1.0
# ---
# delimiter: ','
# meta: !!omap
# - RELEASE: Gaia DR3
# - TABLE: vari_eclipsing_binary
# - DESCRIPTION: >
#     This table describes the properties of the eclipsing binaries resulting from the variability analysis. 
# - CITATION: >
#     How to cite and acknowledge Gaia: 
#     https://gea.esac.esa.int/archive/documentation/credits.html 
# - KNOWN_ISSUES: >
#     Known issues: 
#     https://www.cosmos.esa.int/web/gaia-users/known-issues 
# - DOCUMENTATION: >
#     Tutorials and documentation: 
#     https://www.cosmos.esa.int/web/gaia-users/archive 
# datatype:
# - 
#   name: solution_id
#   datatype: int64
#   description: Solution Identifier
#   meta:
#     ucd: meta.version
# - 
#   name: source_id
#   datatype: int64
#   description: Unique source identifier
#   meta:
#     ucd: meta.id;meta.main
# - 
#   name: global_ranking
#   datatype: float32
#   description: Number between 0 (worst) and 1 (best)
#   meta:
#     ucd: stat.param
# - 
#   name: reference_time
#   datatype: float64
#   unit: d
#   description: Reference time used for the geometric model fit
#   meta:
#     ucd: time.epoch
# - 
#   name: frequency
#   datatype: float64
#   unit: d**-1
#   description: Frequency of geometric model of the eclipsing binary light curve
#   meta:
#     ucd: src.orbital
# - 
#   name: frequency_error
#   datatype: float32
#   unit: d**-1
#   description: "Uncertainty of \\texttt{frequency}"
#   meta:
#     ucd: stat.error
# - 
#   name: geom_model_reference_level
#   datatype: float32
#   unit: mag
#   description: Magnitude reference level of geometric model
#   meta:
#     ucd: phot.mag;em.opt
# - 
#   name: geom_model_reference_level_error
#   datatype: float32
#   unit: mag
#   description: "Uncertainty of \\texttt{geomModelReferenceLevel}"
#   meta:
#     ucd: stat.error;phot.mag;em.opt
# - 
#   name: geom_model_gaussian1_phase
#   datatype: float32
#   description: Phase of the Gaussian 1 component
#   meta:
#     ucd: time.phase
# - 
#   name: geom_model_gaussian1_phase_error
#   datatype: float32
#   description: "Uncertainty of \\texttt{geomModelGaussian1Phase}"
#   meta:
#     ucd: stat.error;time.phase
# - 
#   name: geom_model_gaussian1_sigma
#   datatype: float32
#   description: "Standard deviation [phase] of Gaussian 1 component"
#   meta:
#     ucd: stat.stdev
# - 
#   name: geom_model_gaussian1_sigma_error
#   datatype: float32
#   description: "Uncertainty of \\texttt{geomModelGaussian1Sigma}"
#   meta:
#     ucd: stat.error
# - 
#   name: geom_model_gaussian1_depth
#   datatype: float32
#   unit: mag
#   description: Magnitude depth of Gaussian 1 component
#   meta:
#     ucd: src.var.amplitude
# - 
#   name: geom_model_gaussian1_depth_error
#   datatype: float32
#   unit: mag
#   description: "Uncertainty of \\texttt{geomModelGaussian1Depth}"
#   meta:
#     ucd: stat.error;src.var.amplitude
# - 
#   name: geom_model_gaussian2_phase
#   datatype: float32
#   description: Phase of Gaussian 2 component
#   meta:
#     ucd: time.phase
# - 
#   name: geom_model_gaussian2_phase_error
#   datatype: float32
#   description: "Uncertainty of \\texttt{geomModelGaussian2Phase}"
#   meta:
#     ucd: stat.error;time.phase
# - 
#   name: geom_model_gaussian2_sigma
#   datatype: float32
[...]
#   datatype: float32
#   description: "Secondary eclipse: uncertainty of \\texttt{derivedSecondaryEclDuration}"
#   meta:
#     ucd: stat.error;time.duration
# - 
#   name: derived_secondary_ecl_depth
#   datatype: float32
#   unit: mag
#   description: "Secondary eclipse: depth"
#   meta:
#     ucd: src.var.amplitude
# - 
#   name: derived_secondary_ecl_depth_error
#   datatype: float32
#   unit: mag
#   description: "Secondary eclipse: uncertainty of \\texttt{derivedSecondaryEclDepth}"
#   meta:
#     ucd: stat.error;src.var.amplitude
solution_id,source_id,global_ranking,reference_time,frequency,frequency_error,geom_model_reference_level,geom_model_reference_level_error,geom_model_gaussian1_phase,geom_model_gaussian1_phase_error,geom_model_gaussian1_sigma,geom_model_gaussian1_sigma_error,geom_model_gaussian1_depth,geom_model_gaussian1_depth_error,geom_model_gaussian2_phase,geom_model_gaussian2_phase_error,geom_model_gaussian2_sigma,geom_model_gaussian2_sigma_error,geom_model_gaussian2_depth,geom_model_gaussian2_depth_error,geom_model_cosine_half_period_amplitude,geom_model_cosine_half_period_amplitude_error,geom_model_cosine_half_period_phase,geom_model_cosine_half_period_phase_error,model_type,num_model_parameters,reduced_chi2,derived_primary_ecl_phase,derived_primary_ecl_phase_error,derived_primary_ecl_duration,derived_primary_ecl_duration_error,derived_primary_ecl_depth,derived_primary_ecl_depth_error,derived_secondary_ecl_phase,derived_secondary_ecl_phase_error,derived_secondary_ecl_duration,derived_secondary_ecl_duration_error,derived_secondary_ecl_depth,derived_secondary_ecl_depth_error
[from data line 150]
375316653866487564,3104941401423890304,0.6219629,2236.518289942558,0.40360422029037823,1.973576E-5,14.961237,0.0018603868,0.27281725,8.965297E-4,0.027186932,0.0013399902,0.17821762,0.005812392,0.7630443,0.022836098,0.03392913,0.04437978,0.1741946,0.1618237,null,null,null,null,"TWOGAUSSIANS",8,8.13789,0.27281725,8.965297E-4,0.15224682,0.0075039454,0.17821762,0.0058123004,0.7630443,0.022836098,0.19000311,0.20595266,0.1741946,0.16182438
375316653866487564,3104945387153505536,0.46632156,2159.7749080068247,0.1560098871936698,2.8084947E-5,16.520844,0.0026557303,0.25541905,0.007216082,0.03305438,0.01053476,0.12795606,0.06956096,null,null,null,null,null,null,null,null,null,null,"ONEGAUSSIAN",5,8.253672,0.25541905,0.007216082,0.18510453,0.058994655,0.12795606,0.0,null,null,null,null,null,null
375316653866487564,3104947551817046784,0.46298033,2226.324167138309,0.44877874147927915,9.85194E-5,16.757706,0.0072606993,0.3199061,0.015799481,0.051215816,0.013936869,0.038711574,0.008024793,0.7079716,0.009317125,0.054584276,0.010461102,0.30683896,0.1720132,null,null,null,null,"TWOGAUSSIANS",8,20.807331,0.7079716,0.009317125,0.30567196,0.05858217,0.30683896,0.17201331,0.3199061,0.015799481,0.28680858,0.07804646,0.03871156,0.008024667
375316653866487564,3104948062913647104,0.6092557,2189.902242092602,2.5468653264469583,1.642536E-5,18.572258,0.011541086,0.24644253,0.005042153,0.0791545,0.005182611,0.44024193,0.016368082,0.7334037,0.008851877,0.07787437,0.008144739,0.44424358,0.08459261,null,null,null,null,"TWOGAUSSIANS",8,2.7369945,0.7334037,0.008851877,0.4,0.0,0.43998998,0.08665188,0.24644253,0.005042153,0.4,0.0,0.43598834,0.014610648
375316653866487564,3104949712181113984,0.5305489,2185.3917148676783,3.4024297106243013,1.5938349E-5,18.996494,0.025266757,0.34040493,0.026465727,0.06986325,0.024138322,0.2990804,0.028615903,0.85157156,0.001928557,0.072484516,0.008671432,0.3926524,0.036344707,null,null,null,null,"TWOGAUSSIANS",8,2.4131296,0.85157156,0.001928557,0.4,0.011960191,0.39156455,0.03763175,0.34040493,0.026465727,0.39123422,0.09191377,0.29799253,0.028469194
375316653866487564,3104950541113557120,0.53761476,2172.5645808999375,2.686739080481539,1.6768025E-5,18.470839,0.040478792,0.28149372,0.034776445,0.11295984,0.03626535,0.12741283,0.03906525,0.7968738,0.004724825,0.12609741,0.026944017,0.14071755,0.03814541,null,null,null,null,"TWOGAUSSIANS",8,0.6089943,0.7969138,0.0046427962,0.4,0.0,0.114487655,0.011451664,0.2813337,0.034828916,0.4,0.0,0.101286836,0.017057732
375316653866487564,3104950605536219776,0.50242025,2193.0389722731998,2.877580702102123,2.784972E-5,19.272026,0.027083209,0.28186086,0.0115648545,0.09417004,0.013893198,0.26236147,0.031464797,0.7907827,0.00537355,0.096256696,0.011535962,0.2788979,0.02240528,null,null,null,null,"TWOGAUSSIANS",8,1.4546762,0.7907827,0.00537355,0.4,0.0,0.2636805,0.014283646,0.28186086,0.0115648545,0.4,0.0,0.24714448,0.014967331
375316653866487564,3104953839651892736,0.60070014,2222.682141589532,0.586518962873774,2.0340776E-5,15.409032,8.970188E-4,0.6563624,0.0133335935,0.026320916,0.004301626,0.40074402,0.17889357,null,null,null,null,null,null,null,null,null,null,"ONEGAUSSIAN",5,9.768511,0.6563624,0.0133335935,0.14739713,0.024089104,0.40074402,0.0,null,null,null,null,null,null
375316653866487564,3104956932023768448,0.5995686,2235.916827470714,1.841358833838011,6.467488E-6,18.132322,0.012677889,0.21324669,7.5605034E-4,0.04349245,0.0021033455,0.57754743,0.03744671,0.7662524,0.0054125427,0.048707563,0.0030284836,0.5382075,0.029698763,0.06378402,0.027434101,0.21324669,7.5605034E-4,"TWOGAUSSIANS_WITH_ELLIPSOIDAL_ON_ECLIPSE1",9,8.644958,0.21324669,7.5605034E-4,0.24355772,0.011778735,0.7051152,0.02049666,0.7662524,0.0054125427,0.27276236,0.016959507,0.65214103,0.058733035
375316653866487564,3104958375136817280,0.49587637,2159.732732272153,3.5918973096666886,1.2265312E-5,19.356398,0.030849915,0.19524096,0.013085019,0.068601236,0.018775623,0.3124654,0.12605098,0.7034347,0.0043204557,0.054828163,0.008729953,0.37898096,0.042427856,null,null,null,null,"TWOGAUSSIANS",8,3.2165189,0.7034347,0.0043204557,0.3070377,0.048887737,0.37884012,0.0423244,0.19524096,0.013085019,0.38416693,0.069216795,0.31232458,0.12636518
375316653866487564,3104958576995708160,0.45132148,2195.9511335631746,1.6832313301404558,2.766293E-5,18.79681,0.01977418,0.29299897,0.008752166,0.082299314,0.0133455545,0.18173528,0.018514352,0.760855,0.016580852,0.071238205,0.021962164,0.0806604,0.021096472,null,null,null,null,"TWOGAUSSIANS",8,3.513393,0.29299897,0.008752166,0.4,0.0,0.18112569,0.017079009,0.760855,0.016580852,0.39893398,0.0891393,0.080050826,0.02008864
375316653866487564,3104962494007115392,0.53240424,2210.9619779662526,3.011486192400013,2.6381249E-5,19.63104,0.023975091,0.25031602,0.024941146,0.06534763,0.020471184,0.58391976,0.07840451,0.74166846,0.0058293883,0.059407663,0.011285181,0.52495056,0.090979524,null,null,null,null,"TWOGAUSSIANS",8,3.251841,0.25031602,0.024941146,0.3659467,0.054708976,0.5836473,0.078131296,0.74166846,0.0058293883,0.3326829,0.06319702,0.5246782,0.091434486
375316653866487564,3104963391659001088,0.5103298,2238.625524924012,3.903200749986204,2.0203968E-5,19.483353,0.027499136,0.26316383,0.0035388623,0.10025878,0.009201641,0.43016678,0.024127264,0.7376644,0.04036158,0.10538262,0.031951275,0.307118,0.12047207,null,null,null,null,"TWOGAUSSIANS",8,1.5499158,0.26317385,0.003539176,0.4,0.0,0.4026329,0.016489148,0.7376644,0.04036158,0.4,0.0,0.27957708,0.12619817
375316653866487564,3104963494738206592,0.5411651,2267.6745123181413,0.06882884191638766,3.7219448E-5,18.634253,0.009573845,0.46925193,0.051906846,0.0041428655,0.011530273,0.43199047,1471.7996,0.9178165,0.0062669883,0.029415974,0.010342336,0.09015323,0.08167268,null,null,null,null,"TWOGAUSSIANS",8,3.1286993,0.46925193,0.051906846,0.023200046,0.064569525,0.43199047,1471.7996,0.9178165,0.0062669883,0.16472946,0.057917085,0.09015323,0.08167268
375316653866487564,3104964796108440064,0.534059,2219.603781354881,3.7376276483376456,2.797886E-5,18.413376,0.007147505,0.25731793,0.0033556202,0.07930916,0.0045926273,0.20371337,0.008403969,0.7553224,0.005730446,0.063799955,0.009516894,0.19882116,0.03132327,null,null,null,null,"TWOGAUSSIANS",8,1.7966533,0.25731793,0.0033556202,0.4,0.0,0.20286077,0.008054467,0.7553224,0.005730446,0.35727975,0.050472796,0.19796856,0.03211485
375316653866487564,3104967480467879424,0.5252437,2289.9846807262593,0.5040820508241037,4.5351902E-5,18.88427,0.009545834,0.33643013,2.3069912E-4,0.00590085,2.9060539E-4,0.37702087,0.023453385,0.8494251,0.023675593,0.013979789,0.015085188,0.6163761,2.396038,null,null,null,null,"TWOGAUSSIANS",8,3.3769267,0.8494251,0.023675593,0.07828682,0.08447705,0.6163761,2.396038,0.33643013,2.3069912E-4,0.03304476,0.0016273902,0.37702087,0.023453385
375316653866487564,3104967824065246592,0.6309928,2254.963056206342,2.9082440350520296,6.017347E-6,17.446753,0.014970178,0.23302715,0.003966878,0.07053647,0.004486549,0.64530253,0.015456686,0.73713046,0.002104177,0.07118021,0.0032959003,0.53532386,0.015434546,null,null,null,null,"TWOGAUSSIANS",8,8.895047,0.23302715,0.003966878,0.39500424,0.016271573,0.6432019,0.014318206,0.73713046,0.002104177,0.3986092,0.014705434,0.5332232,0.014241023
375316653866487564,3104975928667762560,0.4737609,2242.1402564538043,2.9735150269078994,6.393187E-5,18.839806,0.020734666,0.27272213,0.0058009773,0.078277476,0.015461999,0.13729182,0.026021129,0.78234875,0.022772856,0.102814525,0.03364052,0.10176091,0.020597233,null,null,null,null,"TWOGAUSSIANS",8,2.6158328,0.27272213,0.005801648,0.4,0.0,0.13294213,0.02362006,0.78234875,0.022772856,0.4,0.0,0.097409576,0.014161789
375316653866487564,3104977818449521280,0.5012426,2209.1189742864913,3.96610881962602,1.10267365E-5,19.192617,0.047116406,0.27895132,0.018652769,0.11622209,0.042938672,0.26531124,0.043130174,0.7364898,0.0069749705,0.097439356,0.011818428,0.28337893,0.038894936,null,null,null,null,"TWOGAUSSIANS",8,1.5376087,0.7364898,0.0069749705,0.4,0.0,0.26182806,0.013915426,0.27896133,0.018654121,0.4,0.0,0.24364574,0.06593359
375316653866487564,3104978578662855936,0.56616664,2237.657743352544,0.07162231731735572,1.4412255E-6,17.465673,0.0017840904,0.16089247,0.0075496025,0.020548081,0.0042722696,0.040180054,0.026049253,0.51080877,9.88345E-6,0.003274183,1.8436249E-4,4.5639625,2.462875,0.002852709,0.0023827737,0.16089247,0.0075496025,"TWOGAUSSIANS_WITH_ELLIPSOIDAL_ON_ECLIPSE1",9,1.5765309,0.51080877,9.88345E-6,0.018335424,0.00103243,4.565931,2.462433,0.16089247,0.0075496025,0.11506925,0.023924708,0.045885473,0.025353914
375316653866487564,3104979403296522880,0.51406616,2228.750716954437,0.95739858999035,9.603628E-6,18.28738,0.0037494986,0.32257286,0.122696646,0.036175378,0.01614891,0.020931872,0.010627659,0.537786,0.021858029,0.013738436,0.020603761,0.89907306,0.9872207,null,null,null,null,"TWOGAUSSIANS",8,1.468473,0.537786,0.021858029,0.07693524,0.11538106,0.89907306,0.9872207,0.32257286,0.122696646,0.20258212,0.090433896,0.020931872,0.010627659
375316653866487564,3104992249539799296,0.5774106,2214.1379703735197,3.1130543637359134,1.2904716E-5,18.34317,0.012240957,0.15312757,0.012070717,0.048869904,0.009866707,0.3310536,0.050492946,0.6651006,0.0021527326,0.06850402,0.0035250955,0.4479138,0.020830303,null,null,null,null,"TWOGAUSSIANS",8,6.6157937,0.6651006,0.0021527326,0.38362253,0.019740535,0.44785625,0.02083761,0.15312757,0.012070717,0.27367145,0.055253558,0.3309961,0.0505347
375316653866487564,3104992386978782592,0.4696441,2193.577708156013,0.3866282166501661,9.6167154E-5,17.055828,0.0037927243,0.374132,0.027937863,0.04731265,0.027584888,0.05966328,0.010643479,0.6402533,0.046887808,0.086062774,0.03198541,0.08528329,0.022133525,null,null,null,null,"TWOGAUSSIANS",8,2.8850954,0.6402533,0.046887808,0.4,0.0,0.08528326,0.022129616,0.375132,0.027316125,0.26495084,0.15447538,0.060391523,0.007837796
375316653866487564,3104992494357264512,0.5729572,2223.889066619627,3.258102778342746,1.7313967E-5,18.49234,0.00990774,0.16401242,0.0027661424,0.039578326,0.0039867996,0.23409843,0.026569385,0.67205054,0.008317519,0.058840055,0.008275929,0.31251618,0.039518796,0.10482162,0.014924749,0.16401242,0.0027661424,"TWOGAUSSIANS_WITH_ELLIPSOIDAL_ON_ECLIPSE1",9,6.935916,0.67205054,0.008317519,0.3295043,0.0463452,0.52160233,0.038318496,0.16401242,0.0027661424,0.22163863,0.022326076,0.44371888,0.021918187
375316653866487564,3104993696948131840,0.50743514,2229.515812615926,0.26613707596516767,1.5493817E-5,19.595257,0.012894605,0.4287968,0.0041725216,0.02346801,0.004830199,0.81777334,0.23263085,0.8829825,6.382404E-4,0.005591635,0.0010742183,0.72110873,0.47503033,null,null,null,null,"TWOGAUSSIANS",8,4.1895843,0.4287968,0.0041725216,0.13142085,0.027049115,0.81777334,0.23263085,0.8829825,6.382404E-4,0.031313155,0.006015623,0.72110873,0.47503033
375316653866487564,3104993868746801536,0.53198755,2243.9602770448005,4.426999061391424,3.8471586E-5,19.623415,0.04009045,0.22816756,0.019806596,0.06454794,0.038319595,0.43165985,0.19008948,0.748159,0.013541319,0.06635662,0.013414508,0.36556518,0.04942784,null,null,null,null,"TWOGAUSSIANS",8,2.795264,0.22816756,0.019806596,0.36146846,0.05942748,0.43136263,0.19823615,0.748159,0.013541319,0.3715971,0.056921203,0.36526796,0.044509225
375316653866487564,3104994074905195008,0.47491574,2209.5838698934117,3.7027327651207917,2.6456337E-5,18.365582,0.39696738,0.29848978,0.004198424,0.24396975,0.10922312,0.5594654,0.39731732,0.7967301,0.0067300145,0.13332172,0.033058442,0.46035668,0.23368534,null,null,null,null,"TWOGAUSSIANS",8,3.1983826,0.7967301,0.006813363,0.4,0.0,0.18617393,0.011051796,0.29860976,0.0041866535,0.4,0.0,0.14932868,0.008866696
375316653866487564,3104994448563076736,0.51160634,2210.2932628774975,0.7174723888399299,3.0388666E-4,17.817583,0.007351509,0.48155814,0.007457424,0.03036363,0.0066431947,0.08091405,0.011439806,0.7863277,0.0014292636,0.04558651,0.0035073413,0.45415324,0.024116991,null,null,null,null,"TWOGAUSSIANS",8,21.806955,0.7863277,0.0014292636,0.25528446,0.01964111,0.45415324,0.024116991,0.48155814,0.007457424,0.17003633,0.03720189,0.08091405,0.011439806
375316653866487564,3104994792160494336,0.5232281,2204.5582926312322,3.414494551867835,2.8009754E-5,16.475914,0.043172777,0.26419023,0.014385141,0.095416136,0.027029568,0.17321102,0.04654658,0.75825846,0.0069122757,0.08805019,0.025216259,0.17446972,0.04061398,null,null,null,null,"TWOGAUSSIANS",8,24.609507,0.75825846,0.0069122757,0.4,0.0,0.16671811,0.028387945,0.26419023,0.014401547,0.4,0.0,0.16545904,0.023785317
375316653866487564,3104995827248036480,0.56299174,2169.7931129506505,4.398708977202109,2.4402078E-5,19.824986,0.017973538,0.22557092,0.005873465,0.07263793,0.0139832385,0.651754,0.16072372,0.7202627,0.007955139,0.06419896,0.006093537,0.8442415,0.091528,null,null,null,null,"TWOGAUSSIANS",8,2.0535822,0.7202627,0.007955139,0.3595142,0.03412381,0.8426373,0.091892235,0.22557092,0.005873465,0.4,0.01083626,0.6501498,0.16359396
375316653866487564,3104998640451531264,0.5792357,2243.4447228140766,1.0926900388212577,7.3864816E-5,18.556286,0.0059989328,0.26460388,0.0039377687,0.044778887,0.010030248,0.3942483,0.22199258,0.782689,0.073084846,0.03842077,0.07636,0.022742312,0.018442504,null,null,null,null,"TWOGAUSSIANS",8,1.395939,0.26460388,0.0039377687,0.25076178,0.05616939,0.3942483,0.22198893,0.782689,0.073084846,0.2151563,0.2720161,0.022742312,0.01842488
375316653866487564,3105000053499660288,0.56114155,2175.1639664195995,0.6774210913667498,1.4813048E-4,16.575485,0.0042692753,0.38322234,0.08928806,0.121041834,0.05427436,0.015309671,0.0092318775,0.73197144,7.256117E-4,0.022317464,0.0012487995,0.14336918,0.0035519698,null,null,null,null,"TWOGAUSSIANS",8,7.3349447,0.73197144,7.256117E-4,0.12497779,0.006993277,0.14360432,0.0041797548,0.38322234,0.08928806,0.4,0.0,0.015303635,0.009168959
375316653866487564,3105000117920201344,0.5211581,2205.7922755582395,3.384683852076136,2.1489303E-5,18.617056,0.07655749,0.28676507,0.008447834,0.13514845,0.032841254,0.25442907,0.07096699,0.77103525,0.006979511,0.1144659,0.024264017,0.26680794,0.07222215,null,null,null,null,"TWOGAUSSIANS",8,2.6327765,0.77103525,0.006979511,0.4,0.0,0.20618188,0.0074460916,0.28682506,0.0084408475,0.4,0.0,0.19325851,0.0123183485
375316653866487564,3105000431456775296,0.6286421,2228.77374909205,2.5436356743879833,6.3558978E-6,18.083881,0.019839533,0.29414174,0.0020013484,0.09699899,0.005645875,0.38752404,0.020128,0.79795533,0.0011261571,0.10289904,0.0069652395,0.337961,0.014849465,null,null,null,null,"TWOGAUSSIANS",8,1.1454724,0.29414174,0.0020013484,0.4,0.0,0.35741213,0.01469177,0.79795533,0.0011261571,0.4,0.0,0.3078453,0.007817339
375316653866487564,3105002321242321792,0.56092185,2209.553651402121,0.9756249250133604,1.8239996E-5,11.636117,0.002481582,0.47120485,4.477485E-4,0.024365343,5.6161365E-4,0.5005704,0.014700641,null,null,null,null,null,null,null,null,null,null,"ONEGAUSSIAN",5,447.47272,0.47120485,4.477485E-4,0.13644592,0.0031450363,0.5005704,0.0,null,null,null,null,null,null
375316653866487564,3105005340605027200,0.62800467,2252.895437283906,2.473518980159988,7.668569E-6,17.32221,0.0048096664,0.23926166,0.0032189568,0.075006925,0.0037010105,0.48754498,0.023868555,0.73813564,0.002167441,0.0769494,0.00501517,0.5324465,0.048136115,null,null,null,null,"TWOGAUSSIANS",8,3.3339064,0.73813564,0.002167441,0.4,0.0,0.52801275,0.0498463,0.23926166,0.0032189568,0.4,0.0,0.4831112,0.024645414
