Gaia/vari_eclipsing_binary/VariEclipsingBinary_668245-668296.csv
# %ECSV 1.0
# ---
# delimiter: ','
# meta: !!omap
# - RELEASE: Gaia DR3
# - TABLE: vari_eclipsing_binary
# - DESCRIPTION: >
#     This table describes the properties of the eclipsing binaries resulting from the variability analysis. 
# - CITATION: >
#     How to cite and acknowledge Gaia: 
#     https://gea.esac.esa.int/archive/documentation/credits.html 
# - KNOWN_ISSUES: >
#     Known issues: 
#     https://www.cosmos.esa.int/web/gaia-users/known-issues 
# - DOCUMENTATION: >
#     Tutorials and documentation: 
#     https://www.cosmos.esa.int/web/gaia-users/archive 
# datatype:
# - 
#   name: solution_id
#   datatype: int64
#   description: Solution Identifier
#   meta:
#     ucd: meta.version
# - 
#   name: source_id
#   datatype: int64
#   description: Unique source identifier
#   meta:
#     ucd: meta.id;meta.main
# - 
#   name: global_ranking
#   datatype: float32
#   description: Number between 0 (worst) and 1 (best)
#   meta:
#     ucd: stat.param
# - 
#   name: reference_time
#   datatype: float64
#   unit: d
#   description: Reference time used for the geometric model fit
#   meta:
#     ucd: time.epoch
# - 
#   name: frequency
#   datatype: float64
#   unit: d**-1
#   description: Frequency of geometric model of the eclipsing binary light curve
#   meta:
#     ucd: src.orbital
# - 
#   name: frequency_error
#   datatype: float32
#   unit: d**-1
#   description: "Uncertainty of \\texttt{frequency}"
#   meta:
#     ucd: stat.error
# - 
#   name: geom_model_reference_level
#   datatype: float32
#   unit: mag
#   description: Magnitude reference level of geometric model
#   meta:
#     ucd: phot.mag;em.opt
# - 
#   name: geom_model_reference_level_error
#   datatype: float32
#   unit: mag
#   description: "Uncertainty of \\texttt{geomModelReferenceLevel}"
#   meta:
#     ucd: stat.error;phot.mag;em.opt
# - 
#   name: geom_model_gaussian1_phase
#   datatype: float32
#   description: Phase of the Gaussian 1 component
#   meta:
#     ucd: time.phase
# - 
#   name: geom_model_gaussian1_phase_error
#   datatype: float32
#   description: "Uncertainty of \\texttt{geomModelGaussian1Phase}"
#   meta:
#     ucd: stat.error;time.phase
# - 
#   name: geom_model_gaussian1_sigma
#   datatype: float32
#   description: "Standard deviation [phase] of Gaussian 1 component"
#   meta:
#     ucd: stat.stdev
# - 
#   name: geom_model_gaussian1_sigma_error
#   datatype: float32
#   description: "Uncertainty of \\texttt{geomModelGaussian1Sigma}"
#   meta:
#     ucd: stat.error
# - 
#   name: geom_model_gaussian1_depth
#   datatype: float32
#   unit: mag
#   description: Magnitude depth of Gaussian 1 component
#   meta:
#     ucd: src.var.amplitude
# - 
#   name: geom_model_gaussian1_depth_error
#   datatype: float32
#   unit: mag
#   description: "Uncertainty of \\texttt{geomModelGaussian1Depth}"
#   meta:
#     ucd: stat.error;src.var.amplitude
# - 
#   name: geom_model_gaussian2_phase
#   datatype: float32
#   description: Phase of Gaussian 2 component
#   meta:
#     ucd: time.phase
# - 
#   name: geom_model_gaussian2_phase_error
#   datatype: float32
#   description: "Uncertainty of \\texttt{geomModelGaussian2Phase}"
#   meta:
#     ucd: stat.error;time.phase
# - 
#   name: geom_model_gaussian2_sigma
#   datatype: float32
[...]
#   datatype: float32
#   description: "Secondary eclipse: uncertainty of \\texttt{derivedSecondaryEclDuration}"
#   meta:
#     ucd: stat.error;time.duration
# - 
#   name: derived_secondary_ecl_depth
#   datatype: float32
#   unit: mag
#   description: "Secondary eclipse: depth"
#   meta:
#     ucd: src.var.amplitude
# - 
#   name: derived_secondary_ecl_depth_error
#   datatype: float32
#   unit: mag
#   description: "Secondary eclipse: uncertainty of \\texttt{derivedSecondaryEclDepth}"
#   meta:
#     ucd: stat.error;src.var.amplitude
solution_id,source_id,global_ranking,reference_time,frequency,frequency_error,geom_model_reference_level,geom_model_reference_level_error,geom_model_gaussian1_phase,geom_model_gaussian1_phase_error,geom_model_gaussian1_sigma,geom_model_gaussian1_sigma_error,geom_model_gaussian1_depth,geom_model_gaussian1_depth_error,geom_model_gaussian2_phase,geom_model_gaussian2_phase_error,geom_model_gaussian2_sigma,geom_model_gaussian2_sigma_error,geom_model_gaussian2_depth,geom_model_gaussian2_depth_error,geom_model_cosine_half_period_amplitude,geom_model_cosine_half_period_amplitude_error,geom_model_cosine_half_period_phase,geom_model_cosine_half_period_phase_error,model_type,num_model_parameters,reduced_chi2,derived_primary_ecl_phase,derived_primary_ecl_phase_error,derived_primary_ecl_duration,derived_primary_ecl_duration_error,derived_primary_ecl_depth,derived_primary_ecl_depth_error,derived_secondary_ecl_phase,derived_secondary_ecl_phase_error,derived_secondary_ecl_duration,derived_secondary_ecl_duration_error,derived_secondary_ecl_depth,derived_secondary_ecl_depth_error
375316653866487564,5877945426473998592,0.57824737,2215.575510067291,0.6169039005090924,1.1675815E-5,16.516106,0.00829365,0.24948685,0.0055556,0.11366791,0.01183828,0.11207762,0.00774172,0.75161856,0.0020628013,0.092690885,0.0053929514,0.18248814,0.007421846,null,null,null,null,"TWOGAUSSIANS",8,3.6930897,0.75161856,0.0020628013,0.4,0.0,0.16829354,0.0048037823,0.24948685,0.0055556,0.4,0.0,0.09786906,0.0033352599
375316653866487564,5877946178059058432,0.5810144,2219.985046941444,0.5253129483775022,8.060733E-6,18.659386,0.005149936,0.27155653,0.0052990606,0.040376306,0.0036890777,0.80304366,0.07950475,0.75985456,0.011279887,0.029892098,0.010927593,0.118451886,0.017891265,null,null,null,null,"TWOGAUSSIANS",8,4.6539345,0.27155653,0.0052990606,0.2261073,0.020658834,0.80304366,0.07950475,0.75985456,0.011279887,0.16739574,0.061194524,0.118451886,0.017891265
375316653866487564,5877946216756619776,0.4853358,2219.3785859887066,0.705085552420322,1.4233428E-5,18.91485,0.009908036,0.18262224,0.0034788055,0.0456605,0.004428581,0.18402727,0.018966641,0.40296376,0.11520718,0.20786427,0.20247401,0.018346166,0.020379003,null,null,null,null,"TWOGAUSSIANS",8,1.8309656,0.18322223,0.0032242814,0.2556988,0.024800053,0.19248666,0.019012058,0.40296376,0.11520718,0.4,0.27880237,0.01631504,0.022619195
375316653866487564,5877946560354002688,0.46933082,2227.327448494419,0.9005066021037639,2.1626262E-5,18.798313,0.0029168325,0.34088933,0.006359063,0.03945281,0.00605249,0.3411525,0.101614624,0.8088897,0.001163992,0.010803215,0.001056644,0.09350598,0.017654372,null,null,null,null,"TWOGAUSSIANS",8,2.2043378,0.34088933,0.006359063,0.22093573,0.033893943,0.3411525,0.101614624,0.8088897,0.001163992,0.060498003,0.0059172064,0.09350598,0.017654372
375316653866487564,5877947728576585984,0.6162002,2216.6243899540646,0.022195810498873734,1.0716678E-6,15.779641,7.2568975E-4,0.022768896,2.9668354E-7,0.0010249704,1.5028297E-6,0.38273606,7.374776E-4,null,null,null,null,null,null,null,null,null,null,"ONEGAUSSIAN",5,6.922782,0.022768896,2.9668354E-7,0.0057398346,8.415846E-6,0.38273606,0.0,null,null,null,null,null,null
375316653866487564,5877947934716780160,0.49997237,2181.8032791535056,2.080406404118932,1.107613E-5,19.454319,0.018601457,0.29781872,0.0048296787,0.09263142,0.007998184,0.2850215,0.018530529,0.8064793,0.010047898,0.095559955,0.01510032,0.20191503,0.020392993,null,null,null,null,"TWOGAUSSIANS",8,1.2267048,0.29781872,0.0048296787,0.4,0.0,0.27265587,0.012038768,0.8064793,0.010047898,0.4,0.0,0.1895492,0.010599933
375316653866487564,5877948587552109568,0.49475878,2165.5583610100803,1.969835936173324,3.752764E-5,19.23316,0.0075683887,0.21512933,0.013482714,0.060452666,0.010753404,0.10455105,0.023118481,0.70645946,0.0048404476,0.04828494,0.006074276,0.3583494,0.03624862,null,null,null,null,"TWOGAUSSIANS",8,2.8066225,0.70645946,0.0048404476,0.27039567,0.034015946,0.35834312,0.03625208,0.21512933,0.013482714,0.33853495,0.06021906,0.104544766,0.023119515
375316653866487564,5877949102948345600,0.5231549,2179.255758361467,2.294821658705249,1.8574554E-5,19.801285,0.01629184,0.22270037,0.0046274983,0.07186192,0.009530684,0.28829184,0.02715885,0.68758315,0.005321202,0.090746224,0.0072590886,0.5638947,0.030025577,null,null,null,null,"TWOGAUSSIANS",8,1.7953964,0.68758315,0.005321202,0.4,0.0,0.5601976,0.030316433,0.22270037,0.0046274983,0.4,0.023652058,0.28459588,0.027971804
375316653866487564,5877949579675821824,0.5025906,2241.28196921498,0.40261274091426325,1.2823913E-5,17.645424,0.0023811804,0.21001303,0.0012927514,0.021523228,0.0021148873,0.2159837,0.01060085,0.70981854,0.0036013988,0.026781753,0.004063456,0.25652525,0.07053307,null,null,null,null,"TWOGAUSSIANS",8,3.0492587,0.70981854,0.0036013988,0.14997782,0.022755353,0.25652525,0.07053307,0.21001303,0.0012927514,0.120530084,0.011843369,0.2159837,0.01060085
375316653866487564,5877950408644782592,0.51340544,2222.188203279085,0.5159570484821683,4.4419317E-6,19.01643,0.0035309303,0.31333384,2.0919395E-4,0.028657293,4.0074144E-4,0.4832578,0.012103161,null,null,null,null,null,null,null,null,null,null,"ONEGAUSSIAN",5,2.5096183,0.31333384,2.0919395E-4,0.16048084,0.0022441521,0.4832578,0.0,null,null,null,null,null,null
375316653866487564,5877950919722306432,0.4943637,2224.682585052229,0.06116122126667241,9.6472424E-5,18.172255,0.004700483,0.10952385,0.0050652535,0.024522074,0.007140056,0.15202974,0.047651507,0.38094652,0.06339417,0.007068269,0.017998962,0.8475272,270.28592,null,null,null,null,"TWOGAUSSIANS",8,10.715949,0.38094652,0.06339417,0.039582305,0.10079419,0.8475272,270.28592,0.10952385,0.0050652535,0.1373236,0.039984316,0.15202974,0.047651507
375316653866487564,5877951061471425920,0.47702459,2228.311607019157,0.16308261539445898,2.1155238E-5,16.014515,0.004417245,0.27711922,0.020792173,0.107421204,0.024952643,0.1266353,0.025172735,0.81088656,0.0020188738,0.015857385,0.0023238806,0.055152204,0.0056019346,null,null,null,null,"TWOGAUSSIANS",8,29.793106,0.27711922,0.020792173,0.4,0.0,0.12662071,0.02545688,0.81088656,0.0020190056,0.088801354,0.013013732,0.055148453,0.0055121216
375316653866487564,5877951336349344384,0.50815475,2229.9941634405936,0.34301444227943184,1.9584897E-5,17.341118,0.001582401,0.21897222,0.00862716,0.0156703,0.008904607,0.091320865,0.12543242,0.7131115,0.0022246754,0.01703217,0.0018792939,0.17896774,0.0063557136,null,null,null,null,"TWOGAUSSIANS",8,3.6698537,0.7131115,0.0022246754,0.09538016,0.010524047,0.17896774,0.0063557136,0.21897222,0.00862716,0.08775368,0.0498658,0.091320865,0.12543242
375316653866487564,5877951370709071872,0.6264407,2216.3590824581834,1.3760005709902006,4.6851824E-6,16.776478,0.010259736,0.28608713,0.001955753,0.056881208,0.004658009,0.17977901,0.02215071,0.77697927,0.00133055,0.0492261,0.0044033546,0.22113456,0.022416882,0.113864094,0.013000065,0.77697927,0.00133055,"TWOGAUSSIANS_WITH_ELLIPSOIDAL_ON_ECLIPSE2",9,9.247943,0.77697927,0.00133055,0.27566618,0.024658786,0.44885656,0.009274156,0.2838571,0.0014117657,0.31853476,0.02608485,0.40693787,0.005427874
375316653866487564,5877952023544100352,0.6090639,2203.6873623929996,0.618029446267954,4.6059663E-6,17.061481,0.005702777,0.104127616,0.0019518273,0.029543428,0.0021069092,0.17880376,0.014865167,0.60405755,9.48398E-4,0.03539766,0.0019226652,1.2390543,0.12094428,0.035664264,0.0077009425,0.104127616,0.0019518273,"TWOGAUSSIANS_WITH_ELLIPSOIDAL_ON_ECLIPSE1",9,13.7192,0.60405755,9.4803947E-4,0.1982269,0.010766925,1.3103827,0.12762222,0.104127616,0.0019518273,0.1654432,0.011798691,0.25013214,0.009228746
375316653866487564,5877952092263654144,0.54722565,2226.2646253997427,0.3242427093915286,1.9079462E-5,15.947966,0.0011143909,0.13449767,5.935552E-4,0.018214835,9.6481974E-4,0.20307194,0.023700543,0.73617154,0.01713579,0.07896363,0.011946198,0.012907421,0.0017915886,null,null,null,null,"TWOGAUSSIANS",8,6.3454595,0.13449767,5.935552E-4,0.102003075,0.0054029906,0.20307198,0.023700537,0.73617154,0.01713579,0.4,0.0,0.012907421,0.001791588
375316653866487564,5877954016394829952,0.5751253,2287.16712822672,2.6439420307249857,1.02434105E-5,19.155611,0.0065789674,0.22458723,0.0024332707,0.07198191,0.002385124,0.48985767,0.018935982,0.7254963,0.0021082335,0.06794003,0.00231008,0.5854947,0.013362885,null,null,null,null,"TWOGAUSSIANS",8,2.537358,0.7254963,0.0021082335,0.38046417,0.012936449,0.58373517,0.013345886,0.22458723,0.0024332707,0.4,0.0019449348,0.4880981,0.018983644
375316653866487564,5877954360006680448,0.57251483,2294.127556899479,0.0732180613632853,9.5570385E-6,15.39105,0.0039819106,0.3078985,0.0025040968,0.019459048,0.0011822205,1.2877856,0.21897267,0.80238444,0.0029644107,0.047409188,0.0039675143,0.14651324,0.012133629,0.052652467,0.007439913,0.80238444,0.0029644107,"TWOGAUSSIANS_WITH_ELLIPSOIDAL_ON_ECLIPSE2",9,59.193546,0.30788848,0.0024982495,0.10897067,0.006620435,1.3929642,0.21573149,0.80238444,0.0029644107,0.26549146,0.02221808,0.2518179,0.008563235
375316653866487564,5877954875402789504,0.567401,2271.849852912037,0.3571680116075555,1.4574225E-4,15.342034,0.0010349455,0.6470642,0.010719495,0.02741473,0.010984169,0.22516063,0.07392782,0.42933884,0.05367542,0.046941902,0.041879706,0.004940455,0.0030446341,null,null,null,null,"TWOGAUSSIANS",8,14.1997,0.6470642,0.010719318,0.15352249,0.06151135,0.22516073,0.07392741,0.42933884,0.05367542,0.26287466,0.23241557,0.004940455,0.003044634
375316653866487564,5877955145955882240,0.4735147,2277.9645037885134,2.1430628738528767,2.5323456E-5,19.437817,0.00613351,0.26955965,0.0038314646,0.05346835,0.009787436,0.31091532,0.0688907,0.76650774,0.010923352,0.04579458,0.010357824,0.1410288,0.012324495,null,null,null,null,"TWOGAUSSIANS",8,2.4524512,0.26955965,0.0038314646,0.29942277,0.05480964,0.3109142,0.06889649,0.76650774,0.010923352,0.25644964,0.058003813,0.14102767,0.012323389
375316653866487564,5877955150280669440,0.5468849,2297.627869998612,0.12154271617272933,1.0773404E-5,18.31929,0.0022955856,0.23563811,0.001030457,0.019764485,0.0014364221,0.15287559,0.009755713,0.7352846,7.381698E-4,0.019583125,0.0010186697,0.481061,0.05253634,0.030291459,0.0037790188,0.23563811,0.001030457,"TWOGAUSSIANS_WITH_ELLIPSOIDAL_ON_ECLIPSE1",9,2.5526717,0.7352846,7.381698E-4,0.10966549,0.0057045505,0.54164356,0.052340794,0.23563811,0.001030457,0.11068112,0.008043963,0.21345845,0.009725464
375316653866487564,5877955390798852224,0.49384424,2270.8328627249425,0.21442278970034334,5.7806934E-5,16.995024,0.0012363725,0.26121852,0.0029837014,0.018667258,0.0026153873,0.09563419,0.0088041425,0.5605764,0.020955175,0.04006551,0.021950914,0.01895411,0.005370674,null,null,null,null,"TWOGAUSSIANS",8,3.590873,0.26121852,0.0029837014,0.104536645,0.014646169,0.09563419,0.0088041425,0.5605764,0.020955175,0.22436684,0.12292511,0.01895411,0.005370674
375316653866487564,5877957143145442304,0.52775747,2217.0225998326114,0.18605826821702942,1.5946443E-5,14.578948,5.850055E-4,0.21612598,0.010289488,0.007935535,0.003769767,0.09224809,0.098549396,0.6949579,0.0029265902,0.019168718,0.008031165,0.02156867,0.003929789,0.005999813,0.001196377,0.6949579,0.0029265902,"TWOGAUSSIANS_WITH_ELLIPSOIDAL_ON_ECLIPSE2",9,6.2186832,0.21611598,0.010289493,0.044438995,0.021110695,0.104036815,0.097346656,0.6949579,0.0029265902,0.10734482,0.044974525,0.033568297,0.0038906992
375316653866487564,5877957143145442944,0.58710486,2224.4681483907157,1.3916706523365043,9.449876E-6,17.137842,0.006334478,0.2755549,0.0022816842,0.086257644,0.0027648765,0.23657994,0.0078013586,0.7756889,0.0033069148,0.11906363,0.008778791,0.10226722,0.005846998,null,null,null,null,"TWOGAUSSIANS",8,2.4301925,0.2755549,0.0022816842,0.4,0.0,0.22229095,0.0052269683,0.7756889,0.0033069148,0.4,0.0,0.08794795,0.0028894849
375316653866487564,5877957177487221120,0.42454392,2212.282008115841,2.6491738704171954,4.5526565E-5,19.821543,0.01631044,0.21980235,0.016223459,0.065909825,0.02663994,0.23759392,0.039606288,0.7363807,0.023276752,0.0482738,0.027991284,0.23771337,0.07946971,null,null,null,null,"TWOGAUSSIANS",8,5.787371,0.7363807,0.023276752,0.2703333,0.15675119,0.2376965,0.07947437,0.21980235,0.016223459,0.36909503,0.12566122,0.23757705,0.039703067
375316653866487564,5877957241895299840,0.4869062,2207.7191413885594,0.9470645538895655,1.5103026E-5,18.47837,0.006388164,0.3350052,0.01773429,0.05978111,0.013908415,0.052421156,0.02868054,0.8187189,0.003976228,0.04842611,0.0047115902,0.26914024,0.021804957,null,null,null,null,"TWOGAUSSIANS",8,6.170955,0.8187189,0.003976228,0.2711862,0.026384905,0.26913783,0.021807296,0.3350052,0.01773429,0.33477423,0.077887125,0.05241873,0.028681688
375316653866487564,5877958551894996608,0.5041027,2300.23140275288,0.053968349962996855,1.13069555E-5,16.152882,0.0022247583,0.3512918,0.0073555894,0.0058209756,0.005732761,0.07924382,3.8646135,0.83290076,0.00126604,0.008660031,0.0016952296,0.11169952,0.03276769,null,null,null,null,"TWOGAUSSIANS",8,7.9456725,0.83290076,0.00126604,0.04849617,0.009493286,0.11169952,0.03276769,0.3512918,0.0073555894,0.032597464,0.03210346,0.07924382,3.8646135
375316653866487564,5877958895492240768,0.66093355,2303.5823911871653,1.5106172255761097,3.2814057E-6,16.898422,0.0034287109,0.23637578,0.0014540117,0.04204339,0.002502782,0.11674413,0.008313017,0.7317867,9.488784E-4,0.046368487,0.0011508532,0.41515532,0.008939833,0.038710535,0.00472417,0.23637578,0.0014540117,"TWOGAUSSIANS_WITH_ELLIPSOIDAL_ON_ECLIPSE1",9,3.4583867,0.73192674,9.143321E-4,0.25966352,0.006444778,0.49251363,0.0061653783,0.23637578,0.0014540117,0.235443,0.01401558,0.19416481,0.004085528
375316653866487564,5877959239089649280,0.64648145,2284.1575674827245,1.4974482270076386,1.6415867E-6,17.249,0.0026171352,0.308367,4.3328438E-4,0.050263073,7.5060915E-4,0.6843047,0.017122058,0.8100917,8.409485E-4,0.061107595,0.002444243,0.16948742,0.0076646437,null,null,null,null,"TWOGAUSSIANS",8,3.969516,0.308367,4.3328438E-4,0.28147322,0.0042034113,0.6842803,0.017124914,0.8100917,8.409485E-4,0.3422025,0.013687761,0.169463,0.0076710396
375316653866487564,5877959853235360256,0.5176239,2273.43878494202,0.7277979829570909,1.3192013E-5,18.60624,0.007789521,0.24218118,0.0036364684,0.067825854,0.0051369965,0.24022584,0.016986383,0.7471729,0.004979479,0.08572816,0.006886856,0.20942949,0.009903392,null,null,null,null,"TWOGAUSSIANS",8,2.9366627,0.24218118,0.0036364684,0.3798248,0.028767182,0.23824795,0.017180152,0.7471729,0.004979479,0.4,0.0,0.20745158,0.009356711
375316653866487564,5877959887596011008,0.5729279,2290.5050038479144,0.8146216045841972,4.9713376E-6,18.122585,0.0040304526,0.100082085,0.0059867846,0.011913375,0.005117766,0.032722425,0.015261115,0.78626853,0.0014822144,0.046746414,0.0015876,0.51363707,0.015597175,null,null,null,null,"TWOGAUSSIANS",8,6.0743256,0.78626853,0.0014822144,0.2617799,0.00889056,0.51363707,0.015597175,0.100082085,0.0059867846,0.0667149,0.028659489,0.032722425,0.015261115
375316653866487564,5877964083813079936,0.51076895,2219.873570595129,0.17349449219737384,1.4404957E-5,16.916498,0.0011703335,0.20268738,0.0050881305,0.011095018,0.0037444513,0.11564705,0.048626844,0.70477825,0.013584314,0.009502093,0.00617432,0.15593511,0.35561138,null,null,null,null,"TWOGAUSSIANS",8,3.8815415,0.70477825,0.013584314,0.053211726,0.034576192,0.15593511,0.35561138,0.20268738,0.0050881305,0.062132105,0.020968927,0.11564705,0.048626844
375316653866487564,5877964324313073792,0.45808294,2209.192008636118,1.8509638242933475,5.3073945E-5,19.904345,0.028706549,0.2703213,0.0262912,0.05457948,0.0474378,0.08316522,0.039223365,0.7652999,0.021521103,0.059472263,0.025243396,0.3464865,0.06483772,null,null,null,null,"TWOGAUSSIANS",8,3.6648443,0.7652999,0.021521103,0.33304468,0.09021268,0.3464674,0.06456681,0.2703213,0.0262912,0.30564508,0.23990485,0.083146125,0.03864869
375316653866487564,5877964393050759296,0.55236715,2216.150251044453,0.5565145271501762,1.4342967E-5,17.957914,0.0017445249,0.5593379,0.0016301697,0.024664853,0.0012287656,0.48844877,0.05486954,0.8545162,0.0035805805,0.015054125,0.0029757314,0.029767854,0.008670217,null,null,null,null,"TWOGAUSSIANS",8,2.8776453,0.5593379,0.0016301697,0.13812318,0.0068810876,0.48844877,0.05486954,0.8545162,0.0035805805,0.0843031,0.016664095,0.029767854,0.008670217
375316653866487564,5877964564849434496,0.46848065,2167.148341467061,4.560272322335059,3.8121358E-5,19.470072,0.041854326,0.095136374,0.030368742,0.026997026,0.02706243,0.2253718,2.8315215,0.54467875,0.005409306,0.10632301,0.014896603,0.7223921,0.07751148,null,null,null,null,"TWOGAUSSIANS",8,15.443463,0.54467875,0.005409306,0.4,0.0,0.72220373,0.07782993,0.09514637,0.030332828,0.15118335,0.15154961,0.22527935,2.8317995
375316653866487564,5877965458202654080,0.52307457,2211.4525468134534,0.4521347936490207,3.1310303E-6,18.625763,0.0017013213,0.39005932,0.009308834,0.021855207,0.013583175,0.30345368,37.531006,0.9046464,7.2481565E-4,0.016637372,0.0010766161,0.3247048,0.022617348,null,null,null,null,"TWOGAUSSIANS",8,1.2122082,0.9046464,7.2481565E-4,0.09316929,0.0060290503,0.3247048,0.022617348,0.39005932,0.009308834,0.12238916,0.07606578,0.30345368,37.531006
