Gaia/vari_eclipsing_binary/VariEclipsingBinary_667817-667839.csv
# %ECSV 1.0
# ---
# delimiter: ','
# meta: !!omap
# - RELEASE: Gaia DR3
# - TABLE: vari_eclipsing_binary
# - DESCRIPTION: >
#     This table describes the properties of the eclipsing binaries resulting from the variability analysis. 
# - CITATION: >
#     How to cite and acknowledge Gaia: 
#     https://gea.esac.esa.int/archive/documentation/credits.html 
# - KNOWN_ISSUES: >
#     Known issues: 
#     https://www.cosmos.esa.int/web/gaia-users/known-issues 
# - DOCUMENTATION: >
#     Tutorials and documentation: 
#     https://www.cosmos.esa.int/web/gaia-users/archive 
# datatype:
# - 
#   name: solution_id
#   datatype: int64
#   description: Solution Identifier
#   meta:
#     ucd: meta.version
# - 
#   name: source_id
#   datatype: int64
#   description: Unique source identifier
#   meta:
#     ucd: meta.id;meta.main
# - 
#   name: global_ranking
#   datatype: float32
#   description: Number between 0 (worst) and 1 (best)
#   meta:
#     ucd: stat.param
# - 
#   name: reference_time
#   datatype: float64
#   unit: d
#   description: Reference time used for the geometric model fit
#   meta:
#     ucd: time.epoch
# - 
#   name: frequency
#   datatype: float64
#   unit: d**-1
#   description: Frequency of geometric model of the eclipsing binary light curve
#   meta:
#     ucd: src.orbital
# - 
#   name: frequency_error
#   datatype: float32
#   unit: d**-1
#   description: "Uncertainty of \\texttt{frequency}"
#   meta:
#     ucd: stat.error
# - 
#   name: geom_model_reference_level
#   datatype: float32
#   unit: mag
#   description: Magnitude reference level of geometric model
#   meta:
#     ucd: phot.mag;em.opt
# - 
#   name: geom_model_reference_level_error
#   datatype: float32
#   unit: mag
#   description: "Uncertainty of \\texttt{geomModelReferenceLevel}"
#   meta:
#     ucd: stat.error;phot.mag;em.opt
# - 
#   name: geom_model_gaussian1_phase
#   datatype: float32
#   description: Phase of the Gaussian 1 component
#   meta:
#     ucd: time.phase
# - 
#   name: geom_model_gaussian1_phase_error
#   datatype: float32
#   description: "Uncertainty of \\texttt{geomModelGaussian1Phase}"
#   meta:
#     ucd: stat.error;time.phase
# - 
#   name: geom_model_gaussian1_sigma
#   datatype: float32
#   description: "Standard deviation [phase] of Gaussian 1 component"
#   meta:
#     ucd: stat.stdev
# - 
#   name: geom_model_gaussian1_sigma_error
#   datatype: float32
#   description: "Uncertainty of \\texttt{geomModelGaussian1Sigma}"
#   meta:
#     ucd: stat.error
# - 
#   name: geom_model_gaussian1_depth
#   datatype: float32
#   unit: mag
#   description: Magnitude depth of Gaussian 1 component
#   meta:
#     ucd: src.var.amplitude
# - 
#   name: geom_model_gaussian1_depth_error
#   datatype: float32
#   unit: mag
#   description: "Uncertainty of \\texttt{geomModelGaussian1Depth}"
#   meta:
#     ucd: stat.error;src.var.amplitude
# - 
#   name: geom_model_gaussian2_phase
#   datatype: float32
#   description: Phase of Gaussian 2 component
#   meta:
#     ucd: time.phase
# - 
#   name: geom_model_gaussian2_phase_error
#   datatype: float32
#   description: "Uncertainty of \\texttt{geomModelGaussian2Phase}"
#   meta:
#     ucd: stat.error;time.phase
# - 
#   name: geom_model_gaussian2_sigma
#   datatype: float32
[...]
#   datatype: float32
#   description: "Secondary eclipse: uncertainty of \\texttt{derivedSecondaryEclDuration}"
#   meta:
#     ucd: stat.error;time.duration
# - 
#   name: derived_secondary_ecl_depth
#   datatype: float32
#   unit: mag
#   description: "Secondary eclipse: depth"
#   meta:
#     ucd: src.var.amplitude
# - 
#   name: derived_secondary_ecl_depth_error
#   datatype: float32
#   unit: mag
#   description: "Secondary eclipse: uncertainty of \\texttt{derivedSecondaryEclDepth}"
#   meta:
#     ucd: stat.error;src.var.amplitude
solution_id,source_id,global_ranking,reference_time,frequency,frequency_error,geom_model_reference_level,geom_model_reference_level_error,geom_model_gaussian1_phase,geom_model_gaussian1_phase_error,geom_model_gaussian1_sigma,geom_model_gaussian1_sigma_error,geom_model_gaussian1_depth,geom_model_gaussian1_depth_error,geom_model_gaussian2_phase,geom_model_gaussian2_phase_error,geom_model_gaussian2_sigma,geom_model_gaussian2_sigma_error,geom_model_gaussian2_depth,geom_model_gaussian2_depth_error,geom_model_cosine_half_period_amplitude,geom_model_cosine_half_period_amplitude_error,geom_model_cosine_half_period_phase,geom_model_cosine_half_period_phase_error,model_type,num_model_parameters,reduced_chi2,derived_primary_ecl_phase,derived_primary_ecl_phase_error,derived_primary_ecl_duration,derived_primary_ecl_duration_error,derived_primary_ecl_depth,derived_primary_ecl_depth_error,derived_secondary_ecl_phase,derived_secondary_ecl_phase_error,derived_secondary_ecl_duration,derived_secondary_ecl_duration_error,derived_secondary_ecl_depth,derived_secondary_ecl_depth_error
[from data line 251]
375316653866487564,5874251582769501056,0.5004212,2227.9152988053306,2.65336415869484,1.38452615E-5,18.797802,0.013064008,0.24735911,0.0051203924,0.1013483,0.010958988,0.192713,0.011077146,0.7555293,0.0033391658,0.099812105,0.007761409,0.21241194,0.012240464,null,null,null,null,"TWOGAUSSIANS",8,2.0737271,0.7555293,0.0033391658,0.4,0.0,0.19577919,0.008375642,0.24735911,0.0051203924,0.4,0.0,0.17607974,0.012215183
375316653866487564,5874252300025220352,0.46634865,2191.8258583451525,0.3174076264947758,3.104901E-5,18.700954,0.0030857022,0.51321477,0.0032446948,0.018219372,0.0016223763,0.44273722,0.14763227,0.83957195,8.922144E-4,0.004708504,0.0035708854,0.5037218,19446.977,null,null,null,null,"TWOGAUSSIANS",8,2.4750698,0.83957195,8.922144E-4,0.026367623,0.019996958,0.5037218,19446.977,0.51321477,0.0032446948,0.10202848,0.009085307,0.44273722,0.14763227
375316653866487564,5874252609263742080,0.45689473,2212.0677370065946,2.330198820247929,3.820361E-5,19.55503,0.029040493,0.22709492,0.0043793553,0.07308532,0.010046666,0.35722393,0.029772487,0.727594,0.015990075,0.03831249,0.04680053,0.44275555,0.12870833,null,null,null,null,"TWOGAUSSIANS",8,7.260651,0.727594,0.015990075,0.21454994,0.1836956,0.4427254,0.13399751,0.22709492,0.0043793553,0.4,0.009561075,0.35719377,0.028050903
375316653866487564,5874252952869409280,0.5051425,2232.0856476319686,3.238877948758214,7.4693166E-6,18.815271,0.012973846,0.3027927,0.0043944186,0.07793614,0.005219073,0.2878049,0.019183042,0.7916544,0.0039709136,0.08086717,0.0064881537,0.35529107,0.031912375,null,null,null,null,"TWOGAUSSIANS",8,5.003195,0.7916544,0.0039709136,0.4,0.0,0.3516865,0.032603886,0.3027927,0.0043944186,0.4,0.0,0.28420034,0.018660873
375316653866487564,5874253021579712640,0.4783324,2243.205496198939,1.7802100147293964,2.8667215E-5,18.482965,0.058330316,0.5152221,0.1746608,0.2449029,0.34695092,0.0386728,0.055928405,0.6979701,0.002646179,0.03160459,0.008739776,0.6376342,2.1588402,null,null,null,null,"TWOGAUSSIANS",8,6.142971,0.6979701,0.002646179,0.17698571,0.04894275,0.6574338,2.1664698,0.5152321,0.17470296,0.4,0.0,0.029068261,0.010752015
375316653866487564,5874254159804529280,0.48534673,2240.547068832836,0.6695807467350501,1.43512125E-5,16.947622,0.0021892465,0.20453706,0.008224388,0.043265715,0.004358617,0.058816187,0.0075502982,0.70411855,0.0044107595,0.03856941,0.0046202224,0.19473447,0.030897472,null,null,null,null,"TWOGAUSSIANS",8,7.9953136,0.70411855,0.0044107595,0.2159887,0.025873246,0.19473447,0.03089748,0.20453706,0.008224388,0.242288,0.024408257,0.058816183,0.0075502964
375316653866487564,5874254262829521408,0.47151068,2239.908002483498,1.0404970245303455,3.1746375E-5,18.767113,0.007096808,0.23915702,0.00785157,0.04785303,0.011917617,0.0854351,0.014205599,0.7102687,0.0023637083,0.04974718,0.0059463764,0.33665654,0.06414502,null,null,null,null,"TWOGAUSSIANS",8,3.4606938,0.7102687,0.0023637083,0.2785842,0.033299707,0.33665642,0.06414555,0.23915702,0.00785157,0.26797697,0.06673866,0.08543495,0.014205779
375316653866487564,5874254400268637952,0.4835719,2228.0247543014784,2.381519602539959,3.345191E-5,18.776974,0.018586388,0.25806665,0.014151165,0.080648035,0.024177887,0.18863001,0.03860656,0.73520416,0.0054782806,0.0744492,0.009139811,0.40399683,0.026487205,null,null,null,null,"TWOGAUSSIANS",8,9.617767,0.73520416,0.0054782806,0.4,0.0010801648,0.40216225,0.026748482,0.25806665,0.014151165,0.4,0.044906266,0.18679546,0.04028618
375316653866487564,5874254743920164480,0.6260573,2192.7420214437534,3.4321329590546443,9.1340835E-6,18.395044,0.017181102,0.26863146,0.0064432216,0.04264477,0.008123275,0.44944793,0.042083845,0.7728178,0.0017525749,0.047822036,0.0025719698,0.5787573,0.037105355,0.11650683,0.020636868,0.26863146,0.0064432216,"TWOGAUSSIANS_WITH_ELLIPSOIDAL_ON_ECLIPSE1",9,4.0966935,0.7728178,0.0016411484,0.2678034,0.01440303,0.8116092,0.013685445,0.26863146,0.0064432216,0.2388107,0.045490343,0.682461,0.011335902
375316653866487564,5874254846945368704,0.49029574,2259.683245309063,2.8756059484692544,4.2296993E-5,19.681993,0.11688197,0.21964458,0.004813569,0.09365738,0.027143424,0.32588223,0.10736719,0.7079897,0.013547171,0.11744286,0.04993046,0.24268928,0.10858648,null,null,null,null,"TWOGAUSSIANS",8,2.1989384,0.21966457,0.0049972353,0.4,0.0,0.29700157,0.021410381,0.7079897,0.013547171,0.4,0.0,0.21374808,0.01889308
375316653866487564,5874255121877363840,0.43903926,2265.0326136992007,2.1340294090836416,3.8665614E-5,16.73474,0.0015703103,0.295911,0.007871152,0.033862643,0.008748233,0.06914014,0.008880249,0.7986169,0.005940778,0.021627894,0.0042716125,0.013915951,0.0072317454,null,null,null,null,"TWOGAUSSIANS",8,4.421243,0.295911,0.007871152,0.1896308,0.048990108,0.06914014,0.008880249,0.7986169,0.005940778,0.121116206,0.023921032,0.013915951,0.0072317454
375316653866487564,5874255328035631232,0.57381064,2203.3954184579306,2.3322307833069855,8.907689E-6,17.517546,0.00969597,0.2324045,0.0035335664,0.08662753,0.0051974757,0.32138535,0.011892218,0.7290307,0.0020990456,0.07941374,0.003117025,0.3553273,0.010471423,null,null,null,null,"TWOGAUSSIANS",8,7.665534,0.7290307,0.0020990456,0.4,0.0,0.3485266,0.008708337,0.2324045,0.0035335664,0.4,0.0,0.31458458,0.011129676
375316653866487564,5874255564226653184,0.5413972,2211.348938469986,2.5680436717618336,8.874325E-6,18.858713,0.007122846,0.29132754,0.0025626966,0.07814334,0.003183652,0.4894625,0.01889018,0.79866296,0.0028496308,0.07849221,0.0034884305,0.46693623,0.030308789,null,null,null,null,"TWOGAUSSIANS",8,3.3396733,0.29132754,0.0025626966,0.4,0.0,0.48442185,0.01900591,0.79866296,0.0028496308,0.4,0.0,0.46189559,0.030979734
375316653866487564,5874255912097218048,0.4916324,2238.616750911951,1.9339681536132367,1.9023786E-5,18.835154,0.007653937,0.26922226,0.0035407853,0.03190195,0.006695685,0.1088235,0.04848692,0.7701978,0.011296454,0.061553117,0.013853621,0.19713634,0.079274535,0.049356546,0.010464948,0.26922226,0.0035407853,"TWOGAUSSIANS_WITH_ELLIPSOIDAL_ON_ECLIPSE1",9,3.35616,0.7701978,0.010816193,0.34469745,0.07290474,0.29579762,0.07747368,0.26922226,0.0035407853,0.1786509,0.037495837,0.20748849,0.04782316
375316653866487564,5874256186975237888,0.48880637,2228.858858389106,1.165329070795201,1.6700606E-5,19.771046,0.007009672,0.20347877,0.0064587593,0.02288757,0.0038629929,0.74542487,0.28349695,0.6956239,0.013447515,0.017729837,0.010404852,0.37855205,0.93559086,null,null,null,null,"TWOGAUSSIANS",8,3.2685177,0.20347877,0.0064587593,0.1281704,0.021632759,0.74542487,0.28349695,0.6956239,0.013447515,0.099287085,0.058267172,0.37855205,0.93559086
375316653866487564,5874256564932433280,0.5355694,2214.22238151327,0.6241215895002994,1.1835305E-5,19.713146,0.005972034,0.27435365,0.011101587,0.03877901,0.008876965,0.12667556,0.024732918,0.76392263,0.002936499,0.0483031,0.0028645948,0.69612706,0.0559108,null,null,null,null,"TWOGAUSSIANS",8,1.5492823,0.76392263,0.002936499,0.27049738,0.016041731,0.69612706,0.055910826,0.27435365,0.011101587,0.21716245,0.049711008,0.12667555,0.024732793
375316653866487564,5874256977249426048,0.53624743,2235.526623779521,2.9454342406501826,1.4925814E-5,19.754814,0.0116306525,0.2825225,0.0026367658,0.06877498,0.0043388424,0.51085216,0.020740036,0.77213454,0.01595201,0.07214298,0.026098188,0.38465914,0.01645853,null,null,null,null,"TWOGAUSSIANS",8,1.7341111,0.2825225,0.0026367658,0.38513988,0.024297517,0.50960165,0.02058744,0.77213454,0.01595201,0.4,0.13447215,0.38340864,0.016455438
375316653866487564,5874257625784533888,0.59373903,2228.962950448942,0.43253468919845306,3.6719453E-6,13.747846,0.0031555048,0.6942853,5.573888E-4,0.030064631,0.0011246079,0.47545344,0.0110732205,null,null,null,null,null,null,0.014884007,0.0051243883,0.6942853,5.573888E-4,"ONEGAUSSIAN_WITH_ELLIPSOIDAL",6,132.79709,0.6942853,5.573888E-4,0.16836193,0.006297804,0.5052214,0.0111792805,null,null,null,null,null,null
375316653866487564,5874258729596307584,0.45354015,2238.0269994030978,2.551967173148423,5.6417255E-5,19.747253,0.23636071,0.2832557,0.02064016,0.08844369,0.03654028,0.54685384,0.22437772,0.8088182,0.008520705,0.08992405,0.061119415,0.45704064,0.16669609,null,null,null,null,"TWOGAUSSIANS",8,10.390933,0.2832557,0.020589693,0.4,0.0,0.53384954,0.119039126,0.8088182,0.008636495,0.4,0.0,0.44403622,0.03594702
375316653866487564,5874258794015684096,0.48543933,2251.250630576858,3.3567575853760885,2.0425496E-5,17.457733,0.032549903,0.22246534,0.007866734,0.09976954,0.012283055,0.2600772,0.038528632,0.7400527,0.0037088883,0.09299497,0.014299832,0.27193224,0.024836322,null,null,null,null,"TWOGAUSSIANS",8,33.525066,0.7400527,0.0037081174,0.4,0.0,0.25749472,0.016253104,0.22246534,0.00787115,0.4,0.0,0.2456376,0.028318139
375316653866487564,5874258901395052800,0.50904447,2227.930562870821,3.0544211877269185,1.0889024E-5,19.756727,0.053462394,0.30698904,0.004273794,0.116230436,0.01987708,0.35170442,0.050077066,0.8122378,0.003430773,0.09917328,0.011304224,0.36364594,0.050413378,null,null,null,null,"TWOGAUSSIANS",8,1.0683405,0.8122478,0.0034349137,0.4,0.0,0.31827968,0.01608279,0.30698904,0.004273794,0.4,0.0,0.3062718,0.009662684
375316653866487564,5874259451150939520,0.5090492,2224.0951991726047,2.8252155483240116,1.1554403E-5,19.316929,0.018016756,0.26657316,0.005889319,0.085434325,0.0069557475,0.37926576,0.025610818,0.7543918,0.0036396857,0.085973024,0.0076758675,0.40920284,0.01810126,null,null,null,null,"TWOGAUSSIANS",8,3.1975212,0.7543918,0.0036396857,0.4,0.0,0.40013134,0.016942644,0.26657316,0.005889319,0.4,0.0,0.37019426,0.024443062
375316653866487564,5874259485510669440,0.4663201,2249.327904452645,0.7108173794995255,1.7554821E-5,19.581543,0.005271266,0.2112171,0.009118221,0.05404135,0.008511233,0.12484887,0.012730523,0.69828343,0.010339847,0.052406106,0.0072666015,0.302011,0.054792486,null,null,null,null,"TWOGAUSSIANS",8,1.6605362,0.69828343,0.010339847,0.2934742,0.040692966,0.30200753,0.05479154,0.2112171,0.009118221,0.30263156,0.047662906,0.124845386,0.012731773
375316653866487564,5874259584289349504,0.59370506,2246.469312691904,0.2867264085576662,1.8027558E-5,12.198932,0.0013247372,0.26868966,5.990868E-4,0.019124418,0.0012036988,0.39371562,0.10948219,0.77052695,0.0071659894,0.013087617,0.007684577,0.5502374,0.087788716,null,null,null,null,"TWOGAUSSIANS",8,70.05222,0.77052695,0.0071659894,0.07329066,0.04303363,0.5502374,0.087788716,0.26868966,5.990868E-4,0.10709674,0.0067407135,0.39371562,0.10948219
375316653866487564,5874260275838618880,0.47824174,2217.2768990092686,3.02789685578882,3.5215227E-5,16.91978,0.012798229,0.26344955,0.0055195205,0.09121608,0.010803983,0.17529762,0.015777837,0.75644445,0.006507832,0.09778473,0.009747067,0.17604774,0.014643409,null,null,null,null,"TWOGAUSSIANS",8,38.033157,0.75644445,0.006507832,0.4,0.0,0.16643444,0.011168033,0.26344955,0.0055195205,0.4,0.0,0.16568501,0.014748656
375316653866487564,5874260825594460544,0.48940805,2185.506009619871,1.6201019872270832,1.7311368E-5,19.69313,0.014424356,0.1997384,0.0020534662,0.023418527,0.0016597947,0.6872539,0.039283767,0.69451994,0.019544635,0.046847887,0.034445964,0.2494558,0.0875353,null,null,null,null,"TWOGAUSSIANS",8,4.6978188,0.1997384,0.0020534662,0.13114375,0.009294851,0.6872539,0.039283756,0.69451994,0.019544635,0.26234818,0.1928974,0.2494558,0.087535374
375316653866487564,5874261164840708992,0.55876535,2197.811728512879,2.2113056172762042,1.1000093E-5,18.358543,0.014621718,0.27256438,0.0018063954,0.05336522,0.0055489107,0.2846942,0.034108035,0.7702797,0.003990798,0.052688558,0.0056315414,0.3113915,0.035380088,0.1121379,0.01952447,0.27256438,0.0018063954,"TWOGAUSSIANS_WITH_ELLIPSOIDAL_ON_ECLIPSE1",9,8.463169,0.7705897,0.0033646103,0.29505593,0.03153663,0.5356176,0.016662551,0.27256438,0.0018063954,0.29884523,0.0310739,0.5089602,0.018511934
375316653866487564,5874261684587987840,0.6360426,2208.0184827347766,1.6360805593293073,3.5010817E-6,15.65984,0.008421278,0.26290688,0.0023083363,0.052746695,0.002961886,0.28600156,0.019579144,0.7577362,8.773206E-4,0.045320503,0.0023096032,0.42022607,0.018688692,0.12936844,0.011270685,0.7577362,8.773206E-4,"TWOGAUSSIANS_WITH_ELLIPSOIDAL_ON_ECLIPSE2",9,46.857903,0.7577362,8.773206E-4,0.25379482,0.012933778,0.67895967,0.016266724,0.26204687,0.0018912981,0.2953815,0.016586563,0.5445074,0.0075521655
375316653866487564,5874261787667235200,0.63708204,2211.9782421683294,0.3339820643553051,1.5323001E-5,15.137788,6.6846353E-4,0.097279124,0.011393329,0.0092096,0.019225936,0.00767568,8.0035283E8,0.30033237,0.0015135906,0.014203005,0.0010196442,0.42971343,0.057347212,8.346751E-4,0.0010412432,0.30033237,0.0015135906,"TWOGAUSSIANS_WITH_ELLIPSOIDAL_ON_ECLIPSE2",9,8.606791,0.30033237,0.0015135906,0.079536825,0.0057100076,0.43138278,0.05763242,0.09733912,0.011528565,0.05157376,0.10766525,0.007816951,8.0035283E8
375316653866487564,5874262367454771200,0.4746758,2193.8410569264274,3.375661901716557,1.616832E-5,19.036097,0.014277453,0.27878332,0.005701856,0.035088062,0.0066429833,0.18895575,0.03188707,0.72032315,0.0063382704,0.033610545,0.01798691,0.12552595,0.07156248,0.13257349,0.018648623,0.72032315,0.0063382704,"TWOGAUSSIANS_WITH_ELLIPSOIDAL_ON_ECLIPSE2",9,11.257338,0.27209333,0.0060065393,0.19649315,0.037200708,0.4236199,0.023732321,0.72032315,0.0063382704,0.18821904,0.100726694,0.39067265,0.06803556
375316653866487564,5874262779746326016,0.51263547,2220.6262387590295,2.9932696637360965,1.7327286E-5,19.095812,0.013051421,0.25317484,0.005104059,0.08715292,0.0069245943,0.2504062,0.014270499,0.7421275,0.0050105187,0.084924944,0.0077865915,0.2861351,0.013440402,null,null,null,null,"TWOGAUSSIANS",8,2.5062208,0.7421275,0.0050105187,0.4,0.0,0.2796369,0.011911814,0.25317484,0.005104059,0.4,0.0,0.24390797,0.011745628
375316653866487564,5874263883559764224,0.48163062,2193.4977447426036,2.3257773035898315,5.6266083E-5,19.20091,0.02275414,0.23523274,0.0076207174,0.07799156,0.016773535,0.34973973,0.028031748,0.7395188,0.014402926,0.10222502,0.015990902,0.30895886,0.034339402,null,null,null,null,"TWOGAUSSIANS",8,6.313122,0.23523274,0.0076207174,0.4,0.0,0.33689624,0.03216573,0.7395188,0.014402926,0.4,0.0,0.29611138,0.029582458
375316653866487564,5874264566460811392,0.46086034,2204.7579411421298,2.179146877319053,2.6226613E-5,19.566387,0.027975364,0.31174457,0.008249476,0.09750723,0.015329947,0.2346706,0.026304709,0.8049495,0.01879991,0.08832245,0.02892458,0.17974548,0.031827632,null,null,null,null,"TWOGAUSSIANS",8,2.784918,0.31174457,0.008249476,0.4,0.0,0.22465543,0.01978098,0.8049495,0.01879991,0.4,0.0,0.16973124,0.023278955
375316653866487564,5874265631607127040,0.4638935,2184.9339304774903,1.6644067422526239,9.379353E-6,19.236065,0.0056584994,0.30152708,0.0067211078,0.033511784,0.004311475,0.16771437,0.026850866,0.8042971,0.001443167,0.014771563,0.006610919,0.82677865,4.625666,null,null,null,null,"TWOGAUSSIANS",8,4.3299546,0.8042971,0.001443167,0.08272075,0.037021145,0.82677865,4.625666,0.30152708,0.0067211078,0.18766598,0.02414426,0.16771437,0.026850866
375316653866487564,5874265945195666688,0.5778476,2196.246244086772,3.3212387761692206,9.16924E-6,18.967735,0.012885412,0.26937762,0.0018656629,0.043054376,0.0040213163,0.52415264,0.038964987,0.76606035,0.0021304593,0.036189005,0.0025685523,0.31218365,0.035781555,0.15714322,0.017029045,0.26937762,0.0018656629,"TWOGAUSSIANS_WITH_ELLIPSOIDAL_ON_ECLIPSE1",9,5.3512516,0.26937762,0.0018656629,0.2411045,0.022519372,0.8384388,0.037649848,0.7663703,0.0018845783,0.20265841,0.014383893,0.6263462,0.017679522
