Gaia/vari_eclipsing_binary/VariEclipsingBinary_466086-466100.csv
# %ECSV 1.0
# ---
# delimiter: ','
# meta: !!omap
# - RELEASE: Gaia DR3
# - TABLE: vari_eclipsing_binary
# - DESCRIPTION: >
#     This table describes the properties of the eclipsing binaries resulting from the variability analysis. 
# - CITATION: >
#     How to cite and acknowledge Gaia: 
#     https://gea.esac.esa.int/archive/documentation/credits.html 
# - KNOWN_ISSUES: >
#     Known issues: 
#     https://www.cosmos.esa.int/web/gaia-users/known-issues 
# - DOCUMENTATION: >
#     Tutorials and documentation: 
#     https://www.cosmos.esa.int/web/gaia-users/archive 
# datatype:
# - 
#   name: solution_id
#   datatype: int64
#   description: Solution Identifier
#   meta:
#     ucd: meta.version
# - 
#   name: source_id
#   datatype: int64
#   description: Unique source identifier
#   meta:
#     ucd: meta.id;meta.main
# - 
#   name: global_ranking
#   datatype: float32
#   description: Number between 0 (worst) and 1 (best)
#   meta:
#     ucd: stat.param
# - 
#   name: reference_time
#   datatype: float64
#   unit: d
#   description: Reference time used for the geometric model fit
#   meta:
#     ucd: time.epoch
# - 
#   name: frequency
#   datatype: float64
#   unit: d**-1
#   description: Frequency of geometric model of the eclipsing binary light curve
#   meta:
#     ucd: src.orbital
# - 
#   name: frequency_error
#   datatype: float32
#   unit: d**-1
#   description: "Uncertainty of \\texttt{frequency}"
#   meta:
#     ucd: stat.error
# - 
#   name: geom_model_reference_level
#   datatype: float32
#   unit: mag
#   description: Magnitude reference level of geometric model
#   meta:
#     ucd: phot.mag;em.opt
# - 
#   name: geom_model_reference_level_error
#   datatype: float32
#   unit: mag
#   description: "Uncertainty of \\texttt{geomModelReferenceLevel}"
#   meta:
#     ucd: stat.error;phot.mag;em.opt
# - 
#   name: geom_model_gaussian1_phase
#   datatype: float32
#   description: Phase of the Gaussian 1 component
#   meta:
#     ucd: time.phase
# - 
#   name: geom_model_gaussian1_phase_error
#   datatype: float32
#   description: "Uncertainty of \\texttt{geomModelGaussian1Phase}"
#   meta:
#     ucd: stat.error;time.phase
# - 
#   name: geom_model_gaussian1_sigma
#   datatype: float32
#   description: "Standard deviation [phase] of Gaussian 1 component"
#   meta:
#     ucd: stat.stdev
# - 
#   name: geom_model_gaussian1_sigma_error
#   datatype: float32
#   description: "Uncertainty of \\texttt{geomModelGaussian1Sigma}"
#   meta:
#     ucd: stat.error
# - 
#   name: geom_model_gaussian1_depth
#   datatype: float32
#   unit: mag
#   description: Magnitude depth of Gaussian 1 component
#   meta:
#     ucd: src.var.amplitude
# - 
#   name: geom_model_gaussian1_depth_error
#   datatype: float32
#   unit: mag
#   description: "Uncertainty of \\texttt{geomModelGaussian1Depth}"
#   meta:
#     ucd: stat.error;src.var.amplitude
# - 
#   name: geom_model_gaussian2_phase
#   datatype: float32
#   description: Phase of Gaussian 2 component
#   meta:
#     ucd: time.phase
# - 
#   name: geom_model_gaussian2_phase_error
#   datatype: float32
#   description: "Uncertainty of \\texttt{geomModelGaussian2Phase}"
#   meta:
#     ucd: stat.error;time.phase
# - 
#   name: geom_model_gaussian2_sigma
#   datatype: float32
[...]
#   datatype: float32
#   description: "Secondary eclipse: uncertainty of \\texttt{derivedSecondaryEclDuration}"
#   meta:
#     ucd: stat.error;time.duration
# - 
#   name: derived_secondary_ecl_depth
#   datatype: float32
#   unit: mag
#   description: "Secondary eclipse: depth"
#   meta:
#     ucd: src.var.amplitude
# - 
#   name: derived_secondary_ecl_depth_error
#   datatype: float32
#   unit: mag
#   description: "Secondary eclipse: uncertainty of \\texttt{derivedSecondaryEclDepth}"
#   meta:
#     ucd: stat.error;src.var.amplitude
solution_id,source_id,global_ranking,reference_time,frequency,frequency_error,geom_model_reference_level,geom_model_reference_level_error,geom_model_gaussian1_phase,geom_model_gaussian1_phase_error,geom_model_gaussian1_sigma,geom_model_gaussian1_sigma_error,geom_model_gaussian1_depth,geom_model_gaussian1_depth_error,geom_model_gaussian2_phase,geom_model_gaussian2_phase_error,geom_model_gaussian2_sigma,geom_model_gaussian2_sigma_error,geom_model_gaussian2_depth,geom_model_gaussian2_depth_error,geom_model_cosine_half_period_amplitude,geom_model_cosine_half_period_amplitude_error,geom_model_cosine_half_period_phase,geom_model_cosine_half_period_phase_error,model_type,num_model_parameters,reduced_chi2,derived_primary_ecl_phase,derived_primary_ecl_phase_error,derived_primary_ecl_duration,derived_primary_ecl_duration_error,derived_primary_ecl_depth,derived_primary_ecl_depth_error,derived_secondary_ecl_phase,derived_secondary_ecl_phase_error,derived_secondary_ecl_duration,derived_secondary_ecl_duration_error,derived_secondary_ecl_depth,derived_secondary_ecl_depth_error
[from data line 375]
375316653866487564,4099789417905675264,0.4971445,2220.739910558891,0.055205414627668904,2.640642E-5,18.338902,0.0040551424,0.25934404,0.01501125,0.06106003,0.010353871,0.1845002,0.017715625,0.7049466,0.013509571,0.082159095,0.014538342,0.1232596,0.02327637,null,null,null,null,"TWOGAUSSIANS",8,2.05837,0.25934404,0.01501125,0.34193617,0.057981677,0.1843395,0.01779481,0.7049466,0.013509571,0.4,0.0,0.12309884,0.023434082
375316653866487564,4099789452265460992,0.44766206,2205.378388646422,1.764144783874176,3.6968817E-5,19.330257,0.16296169,0.20135753,0.062107593,0.06747214,0.10125027,0.2168224,0.106975034,0.5355451,0.009268158,0.06532004,0.026016153,0.42312655,0.14240889,null,null,null,null,"TWOGAUSSIANS",8,7.620825,0.5355451,0.009268158,0.3657922,0.10555779,0.42312548,0.14188798,0.20135753,0.06207141,0.37784395,0.21597043,0.2168212,0.10489885
375316653866487564,4099789727143677440,0.5288973,2192.6312688064245,0.3275803525295025,4.9435894E-5,18.977901,0.13403182,0.25676066,0.020328669,0.08432515,0.046526466,0.46702957,0.30135643,0.7812515,0.010714409,0.11099405,0.04306063,0.3964476,0.1327568,null,null,null,null,"TWOGAUSSIANS",8,3.2969866,0.25674066,0.020335963,0.4,0.13624816,0.44424975,0.31104687,0.7812515,0.010706948,0.4,0.0,0.3736212,0.034443732
375316653866487564,4099789795888014080,0.57919437,2199.4672450940907,0.5720208121830369,4.3440873E-6,17.889557,0.009749347,0.19326767,0.03968644,0.06329604,0.023467096,0.18359718,0.2603421,0.72212714,9.1436226E-4,0.05092858,0.0018813444,0.6652557,0.033941846,null,null,null,null,"TWOGAUSSIANS",8,14.487551,0.72212714,9.1436226E-4,0.28520006,0.010535529,0.6652416,0.03394267,0.19326767,0.03968644,0.35445786,0.13141574,0.18358302,0.2603562
375316653866487564,4099790276899444352,0.5337202,2197.0745654590696,2.557598720619186,1.5755277E-5,18.590471,0.013293849,0.3186303,0.0077188807,0.06551832,0.008502492,0.3332852,0.014073198,0.8338197,0.0049780835,0.06981754,0.0063821957,0.3497257,0.03351183,null,null,null,null,"TWOGAUSSIANS",8,3.4833727,0.8338197,0.0049780835,0.39097825,0.027606905,0.34923846,0.033643123,0.3186303,0.0077188807,0.3669026,0.047613952,0.33279797,0.0135483
375316653866487564,4099790414338402816,0.4510055,2218.6771315455558,0.20514436785160262,4.4608303E-5,18.71677,0.06302371,0.17673586,0.040797986,0.06102149,0.044244137,0.60865086,0.199699,0.72253406,0.012969134,0.088787034,0.02199878,0.3937212,0.06068714,null,null,null,null,"TWOGAUSSIANS",8,7.6776094,0.17673586,0.040797986,0.34172034,0.06727215,0.60744745,0.24500991,0.72253406,0.012969134,0.4,0.0,0.39251697,0.03650327
375316653866487564,4099790414338416640,0.5008456,2239.4365072599508,1.0320495673656866,6.116264E-5,19.478594,0.018385464,0.22864616,0.0075955144,0.0909656,0.015956666,0.19969489,0.02345798,0.7388682,0.01299105,0.078900285,0.018781908,0.19774325,0.11921536,null,null,null,null,"TWOGAUSSIANS",8,1.8263346,0.22864616,0.0075955144,0.4,0.0,0.19533873,0.02403199,0.7388682,0.01299105,0.4,0.04014311,0.19338723,0.12149524
375316653866487564,4099790620521778560,0.55595416,2206.915071983527,0.7832615182314183,2.5480746E-5,17.664675,0.03714775,0.25712192,0.0016202941,0.12582305,0.019132204,0.17179963,0.03498932,0.7598102,0.0068488484,0.13146709,0.023032574,0.18583357,0.035523232,null,null,null,null,"TWOGAUSSIANS",8,1.7956947,0.7598402,0.0068582543,0.4,0.0,0.13294147,0.0062852465,0.2570719,0.0016450102,0.4,0.0,0.11904858,0.0028968765
375316653866487564,4099790861014531200,0.5948869,2203.315252958779,2.4592067387766123,9.45366E-6,18.60561,0.009007261,0.26175168,0.005824744,0.065627396,0.0048399847,0.43285355,0.027147152,0.7423873,0.003886073,0.073258795,0.004230211,0.5268932,0.039589386,null,null,null,null,"TWOGAUSSIANS",8,1.6382424,0.7423873,0.003886073,0.4,0.0,0.52601177,0.03983421,0.26175168,0.005824744,0.36751345,0.027103916,0.43197212,0.026906094
375316653866487564,4099790861014641280,0.56085885,2206.4543340388173,2.738776189523985,1.7486764E-5,19.119446,0.007916874,0.2107796,0.005708434,0.08301157,0.010254276,0.29744557,0.044987652,0.69406223,0.0034008755,0.09864089,0.0060199224,0.3218436,0.014885856,null,null,null,null,"TWOGAUSSIANS",8,1.1476266,0.69406223,0.0034008755,0.4,0.0,0.3110211,0.016211815,0.2107796,0.005708434,0.4,0.0,0.2866254,0.04916182
375316653866487564,4099791200258804736,0.57719094,2232.16947230176,1.1723097745277216,1.1598289E-5,14.974512,0.0020925186,null,null,null,null,null,null,null,null,null,null,null,null,0.07038663,0.0025973255,0.22197643,0.0034285027,"ELLIPSOIDAL",4,33.704334,null,null,null,null,null,null,null,null,null,null,null,null
375316653866487564,4099791337697781760,0.47530004,2251.795672030532,4.651907032110384,3.8008962E-5,16.102049,0.06039138,0.08218078,0.05761584,0.07158554,0.052076336,0.22483449,0.0576147,0.49701956,0.016356163,0.19456144,0.0388705,0.41947064,0.04533905,null,null,null,null,"TWOGAUSSIANS",8,18.79615,0.49701956,0.016356163,0.4,0.0,0.35849413,0.032033242,0.09269078,0.07242424,0.4,0.26394647,0.21371876,0.060026493
375316653866487564,4099791440777146496,0.47816667,2310.5765704053633,0.790658365059289,1.5542618E-4,16.754456,0.00805089,0.31026185,0.004190751,0.0076712747,0.0020495837,0.8358409,0.09794378,null,null,null,null,null,null,0.037735384,0.0127771525,0.31026185,0.004190751,"ONEGAUSSIAN_WITH_ELLIPSOIDAL",6,133.87679,0.31026185,0.004190751,0.04295914,0.011477669,0.91131157,0.098334506,null,null,null,null,null,null
375316653866487564,4099791475162876416,0.5794014,2295.5310303939755,1.628601857172171,1.2335378E-4,18.658255,0.009914251,0.33954582,0.020534685,0.061510455,0.01045756,0.61159223,0.21573187,0.7807143,0.016126852,0.07639677,0.020710317,0.05211719,0.014684216,null,null,null,null,"TWOGAUSSIANS",8,2.7487123,0.33954582,0.020534685,0.34445855,0.05856234,0.6115123,0.21576484,0.7807143,0.016126852,0.4,0.037135422,0.052037306,0.014536103
375316653866487564,4099791960526745216,0.52079964,2234.758773622665,3.5803730897288024,3.0922794E-5,19.371904,0.24389373,0.17148393,0.012959307,0.11660011,0.06331116,0.39052588,0.22871113,0.6658271,0.016479172,0.116731994,0.042920787,0.4426895,0.23906888,null,null,null,null,"TWOGAUSSIANS",8,2.750867,0.6658271,0.016479172,0.4,0.0,0.36335796,0.027138798,0.17150393,0.013047851,0.4,0.0,0.31120706,0.099710785
375316653866487564,4099792059252482944,0.64536583,2270.225569330533,1.0573221095938468,1.16156325E-5,16.938583,0.013991632,0.20666817,0.004080856,0.10871683,0.011196679,0.14599231,0.0134759825,0.70434064,5.8489566E-4,0.07699382,0.0023247239,0.3657939,0.013794812,null,null,null,null,"TWOGAUSSIANS",8,2.555389,0.70434064,5.8489566E-4,0.4,0.0,0.35526192,0.006759415,0.20666817,0.004080856,0.4,0.0,0.1354528,0.0068772146
375316653866487564,4099792505955052032,0.5500888,2202.499658641991,2.78630854069847,4.9575354E-4,19.52197,0.008973739,0.3524234,0.0010210946,0.045991957,0.004175694,0.5447249,0.17044772,null,null,null,null,null,null,null,null,null,null,"ONEGAUSSIAN",5,2.9459114,0.3524234,0.0010210946,0.25755495,0.02338389,0.5447249,0.0,null,null,null,null,null,null
375316653866487564,4099792544647454464,0.5868717,2268.681716039204,1.0987099426053544,1.380021E-4,18.442465,0.004409963,0.20682852,2.1528403E-4,0.02833746,0.0015285362,0.2926929,3.653377E-4,0.61040974,0.015315388,0.083353944,0.057827745,0.07145641,3.027988,null,null,null,null,"TWOGAUSSIANS",8,0.9153053,0.20682852,2.1528403E-4,0.15868977,0.008559803,0.29269338,3.5536636E-4,0.61040974,0.015315388,0.4,0.19424857,0.0714563,3.0279884
375316653866487564,4099793128758350592,0.51299995,2222.5023081479076,0.49400377662043066,1.02978054E-4,19.098812,0.017419912,0.34246895,0.051528174,0.061836038,0.03700518,0.22482404,0.17231141,0.76936686,0.015238003,0.086293235,0.023074148,0.17597443,0.06580371,null,null,null,null,"TWOGAUSSIANS",8,2.0108452,0.34246895,0.051528174,0.3462818,0.10010667,0.22460943,0.17224373,0.76936686,0.015238003,0.4,0.009004957,0.17575896,0.06606367
375316653866487564,4099793231837615488,0.46030203,2152.2598392778964,1.1483749231687037,1.0747001E-4,19.027187,0.02471428,0.23266713,0.011176583,0.06405088,0.023377793,0.10701934,0.028777437,0.728248,0.030224856,0.03673483,0.04520626,0.2533552,0.11671725,null,null,null,null,"TWOGAUSSIANS",8,4.729055,0.728248,0.030224856,0.20571506,0.21103309,0.2533542,0.117236294,0.23266713,0.011176583,0.35868493,0.11638824,0.10701833,0.028351491
375316653866487564,4099793437996354048,0.45505387,2221.335155097229,1.8317619791407282,1.677367E-5,17.788471,0.031893976,0.20159386,0.008216449,0.062547944,0.01453367,0.38237652,0.034484223,0.69380826,0.040859833,0.09627997,0.04020266,0.18278025,0.046633884,null,null,null,null,"TWOGAUSSIANS",8,42.48517,0.20159386,0.008219376,0.35026848,0.0625168,0.37954304,0.03144396,0.69380826,0.040859833,0.4,0.0,0.1799462,0.03826391
375316653866487564,4099793609794775680,0.45061287,2170.2016989540907,2.3253919297567256,7.2893854E-5,18.42687,0.06699695,0.26317164,0.020351695,0.18477157,0.13723646,0.06700701,0.06521659,0.70327675,0.010475654,0.058775585,0.029632054,0.12511018,0.060262702,null,null,null,null,"TWOGAUSSIANS",8,3.2509322,0.70327675,0.010475654,0.3291433,0.16593951,0.12031895,0.061266333,0.26317164,0.020351695,0.4,0.0,0.057608355,0.028535035
375316653866487564,4099794537532153728,0.60093653,2234.941806741972,1.86198923701105,6.5793806E-6,16.956758,0.008386044,0.35230517,0.0013685266,0.06003621,0.002510929,0.41465726,0.02003412,0.8450765,0.0065096766,0.064675406,0.007596153,0.21414514,0.015330974,null,null,null,null,"TWOGAUSSIANS",8,5.5782332,0.35230517,0.0013685266,0.33620277,0.014061203,0.41450742,0.020051746,0.8450765,0.0065096766,0.36218226,0.042538457,0.21399531,0.015360181
375316653866487564,4099794778050247040,0.4802245,2268.8476729605463,3.8481175055100634,5.1548854E-5,19.018229,0.0078575,0.2742422,9.614095E-6,0.004926628,3.327819E-4,0.1102756,0.005763228,0.6935244,0.011294985,0.07477933,0.023707202,0.14031973,0.026257819,null,null,null,null,"TWOGAUSSIANS",8,1.8023955,0.6935244,0.011294985,0.4,0.01624654,0.14031973,0.026258023,0.2742422,9.614095E-6,0.027589116,0.0018635787,0.11027562,0.005765716
375316653866487564,4099794911102706944,0.47705722,2300.878539298146,2.754795755732381,4.9094433E-5,17.80181,0.020072175,0.23064715,0.009070673,0.059513047,0.010261566,0.3366365,0.08415523,0.75139225,0.025326345,0.082065254,0.025395487,0.09789398,0.052393746,null,null,null,null,"TWOGAUSSIANS",8,4.22371,0.23064715,0.009070673,0.33327308,0.05746477,0.33627003,0.08406695,0.75139225,0.025326345,0.4,0.023608726,0.097527504,0.052232414
375316653866487564,4099795087264390656,0.48484161,2202.7092597500036,0.20514746827061395,4.1459076E-5,19.499643,0.040843856,0.29481044,0.0025453963,0.05760959,0.012197466,0.21325,0.034073222,0.7254641,0.013601428,0.14676388,0.045300767,0.20225124,0.022103451,null,null,null,null,"TWOGAUSSIANS",8,2.3360162,0.29563043,0.002508525,0.32261372,0.068305805,0.20849489,0.030623017,0.7254641,0.013601428,0.4,0.0,0.19463569,0.020741452
375316653866487564,4099795155983974272,0.5367075,2224.4105069530924,1.2325609114734972,1.1058726E-5,19.753708,0.03157857,0.14476652,0.0024235703,0.040164962,0.00383764,0.5256632,0.056243,0.6390678,0.003551615,0.04092246,0.0049087917,0.5326967,0.035563424,null,null,null,null,"TWOGAUSSIANS",8,3.8391607,0.6390678,0.003551615,0.22916578,0.027489234,0.5326967,0.035563394,0.14476652,0.0024235703,0.2249238,0.021490784,0.5256632,0.056242984
375316653866487564,4099795602659811840,0.4827049,2260.3976101875805,2.778142661663513,1.025096E-4,18.435307,0.14756432,0.23273304,0.009693184,0.19395784,0.05878896,0.39022285,0.14434324,0.7479919,0.0040266193,0.03214485,0.018114418,0.6825129,0.42127317,null,null,null,null,"TWOGAUSSIANS",8,6.058573,0.7480919,0.004007123,0.18001115,0.101440735,0.6624037,0.43856713,0.23273304,0.009693184,0.4,0.0,0.3414815,0.07365362
375316653866487564,4099796251141167616,0.46639988,2309.0538432159365,4.126708722731282,2.9906578E-5,16.037317,0.1018387,0.39266178,0.021173228,0.21417063,0.12510915,0.14045572,0.097736806,0.8626745,0.0077287024,0.0867773,0.025552941,0.16540188,0.058952074,null,null,null,null,"TWOGAUSSIANS",8,8.688955,0.8626745,0.0077287024,0.4,0.044804174,0.12910098,0.02069753,0.39266178,0.021175109,0.4,0.0,0.08494704,0.021362007
375316653866487564,4099796319852020480,0.53774226,2247.935463348325,0.41039005373951065,3.6088106E-5,18.554247,0.0046366127,0.28081167,0.019137189,0.07448064,0.033115294,0.12383113,0.016000735,0.5001253,0.017717233,0.095876336,0.027348204,0.13765289,0.0059506563,null,null,null,null,"TWOGAUSSIANS",8,1.1934144,0.5001253,0.017717233,0.4,0.0027775376,0.13926771,0.007122618,0.29503167,0.01143765,0.4,0.13358456,0.13555534,0.00807242
375316653866487564,4099796392957989632,0.5181395,2259.486875484566,1.0900069927571654,9.038869E-6,18.040707,0.00355889,0.31555468,0.0025130159,0.032283053,0.004572995,0.20109314,0.032593064,0.80627924,0.019479102,0.04410323,0.014101446,0.045792446,0.021848736,null,null,null,null,"TWOGAUSSIANS",8,2.103804,0.31555468,0.0025130159,0.18078509,0.025608772,0.20109314,0.032593064,0.80627924,0.019479102,0.2469781,0.07896809,0.045792446,0.021848736
375316653866487564,4099796422955998208,0.4871847,2237.534773062863,0.20788498996564594,3.6138164E-5,18.655884,0.022235053,0.1872656,0.0111444425,0.06779274,0.013210789,0.43156484,0.027578158,0.75366193,0.017896453,0.073480286,0.024515964,0.42283022,0.05553522,null,null,null,null,"TWOGAUSSIANS",8,10.144681,0.1872656,0.0111444425,0.37963936,0.045581505,0.43128893,0.027775636,0.75366193,0.017896453,0.4,0.116536565,0.4225543,0.05573863
375316653866487564,4099796530396935936,0.52905804,2262.5488649894323,0.2051495685963964,3.6196903E-5,17.725142,0.004081346,0.18443558,0.017988889,0.029408885,0.009216573,0.46785498,1.0062598,0.7420698,0.0043818345,0.042969536,0.005279741,0.1521031,0.012618451,null,null,null,null,"TWOGAUSSIANS",8,3.9521904,0.18443558,0.017988889,0.16468976,0.05161281,0.46785498,1.0062598,0.7420698,0.0043818345,0.2406294,0.029566549,0.1521031,0.012618451
375316653866487564,4099796702172130944,0.52702355,2240.1757884331014,0.49329729770908537,3.0784533E-5,19.3208,0.0168464,0.19712073,0.007187001,0.043700594,0.015671616,0.22578424,0.82970595,0.67926663,0.0122271795,0.11301596,0.015755534,0.46254665,0.037690382,null,null,null,null,"TWOGAUSSIANS",8,2.1679108,0.67926663,0.0122271795,0.4,0.0,0.45963523,0.038886085,0.19713072,0.0071882755,0.24472332,0.08776105,0.22293724,0.83160585
375316653866487564,4099797011414547712,0.44925395,2435.125753956687,1.6773491566768246,3.7056405E-5,17.677938,0.008996936,0.25180203,0.02601398,0.039652772,0.016051644,0.085630365,0.03051529,0.55439657,0.03545504,0.077067025,0.015733838,0.36185992,0.22756955,null,null,null,null,"TWOGAUSSIANS",8,5.189804,0.55439657,0.03545504,0.4,0.030357992,0.36185992,0.22756958,0.25195202,0.026232032,0.22205554,0.089889206,0.0857935,0.030684393
375316653866487564,4099797080134218240,0.49962807,2307.4241505811633,2.100204542554258,2.6303336E-5,18.510178,0.016579466,0.29924318,0.0058668107,0.09624064,0.010178623,0.17409876,0.015441546,0.7793068,0.0060530924,0.09492943,0.015294664,0.17280686,0.016133554,null,null,null,null,"TWOGAUSSIANS",8,2.457598,0.29924318,0.0058668107,0.4,0.0,0.16550958,0.007638457,0.7793068,0.0060530924,0.4,0.0,0.1642179,0.017018711
