Gaia/vari_eclipsing_binary/VariEclipsingBinary_606296-606327.csv
# %ECSV 1.0
# ---
# delimiter: ','
# meta: !!omap
# - RELEASE: Gaia DR3
# - TABLE: vari_eclipsing_binary
# - DESCRIPTION: >
#     This table describes the properties of the eclipsing binaries resulting from the variability analysis. 
# - CITATION: >
#     How to cite and acknowledge Gaia: 
#     https://gea.esac.esa.int/archive/documentation/credits.html 
# - KNOWN_ISSUES: >
#     Known issues: 
#     https://www.cosmos.esa.int/web/gaia-users/known-issues 
# - DOCUMENTATION: >
#     Tutorials and documentation: 
#     https://www.cosmos.esa.int/web/gaia-users/archive 
# datatype:
# - 
#   name: solution_id
#   datatype: int64
#   description: Solution Identifier
#   meta:
#     ucd: meta.version
# - 
#   name: source_id
#   datatype: int64
#   description: Unique source identifier
#   meta:
#     ucd: meta.id;meta.main
# - 
#   name: global_ranking
#   datatype: float32
#   description: Number between 0 (worst) and 1 (best)
#   meta:
#     ucd: stat.param
# - 
#   name: reference_time
#   datatype: float64
#   unit: d
#   description: Reference time used for the geometric model fit
#   meta:
#     ucd: time.epoch
# - 
#   name: frequency
#   datatype: float64
#   unit: d**-1
#   description: Frequency of geometric model of the eclipsing binary light curve
#   meta:
#     ucd: src.orbital
# - 
#   name: frequency_error
#   datatype: float32
#   unit: d**-1
#   description: "Uncertainty of \\texttt{frequency}"
#   meta:
#     ucd: stat.error
# - 
#   name: geom_model_reference_level
#   datatype: float32
#   unit: mag
#   description: Magnitude reference level of geometric model
#   meta:
#     ucd: phot.mag;em.opt
# - 
#   name: geom_model_reference_level_error
#   datatype: float32
#   unit: mag
#   description: "Uncertainty of \\texttt{geomModelReferenceLevel}"
#   meta:
#     ucd: stat.error;phot.mag;em.opt
# - 
#   name: geom_model_gaussian1_phase
#   datatype: float32
#   description: Phase of the Gaussian 1 component
#   meta:
#     ucd: time.phase
# - 
#   name: geom_model_gaussian1_phase_error
#   datatype: float32
#   description: "Uncertainty of \\texttt{geomModelGaussian1Phase}"
#   meta:
#     ucd: stat.error;time.phase
# - 
#   name: geom_model_gaussian1_sigma
#   datatype: float32
#   description: "Standard deviation [phase] of Gaussian 1 component"
#   meta:
#     ucd: stat.stdev
# - 
#   name: geom_model_gaussian1_sigma_error
#   datatype: float32
#   description: "Uncertainty of \\texttt{geomModelGaussian1Sigma}"
#   meta:
#     ucd: stat.error
# - 
#   name: geom_model_gaussian1_depth
#   datatype: float32
#   unit: mag
#   description: Magnitude depth of Gaussian 1 component
#   meta:
#     ucd: src.var.amplitude
# - 
#   name: geom_model_gaussian1_depth_error
#   datatype: float32
#   unit: mag
#   description: "Uncertainty of \\texttt{geomModelGaussian1Depth}"
#   meta:
#     ucd: stat.error;src.var.amplitude
# - 
#   name: geom_model_gaussian2_phase
#   datatype: float32
#   description: Phase of Gaussian 2 component
#   meta:
#     ucd: time.phase
# - 
#   name: geom_model_gaussian2_phase_error
#   datatype: float32
#   description: "Uncertainty of \\texttt{geomModelGaussian2Phase}"
#   meta:
#     ucd: stat.error;time.phase
# - 
#   name: geom_model_gaussian2_sigma
#   datatype: float32
[...]
#   datatype: float32
#   description: "Secondary eclipse: uncertainty of \\texttt{derivedSecondaryEclDuration}"
#   meta:
#     ucd: stat.error;time.duration
# - 
#   name: derived_secondary_ecl_depth
#   datatype: float32
#   unit: mag
#   description: "Secondary eclipse: depth"
#   meta:
#     ucd: src.var.amplitude
# - 
#   name: derived_secondary_ecl_depth_error
#   datatype: float32
#   unit: mag
#   description: "Secondary eclipse: uncertainty of \\texttt{derivedSecondaryEclDepth}"
#   meta:
#     ucd: stat.error;src.var.amplitude
solution_id,source_id,global_ranking,reference_time,frequency,frequency_error,geom_model_reference_level,geom_model_reference_level_error,geom_model_gaussian1_phase,geom_model_gaussian1_phase_error,geom_model_gaussian1_sigma,geom_model_gaussian1_sigma_error,geom_model_gaussian1_depth,geom_model_gaussian1_depth_error,geom_model_gaussian2_phase,geom_model_gaussian2_phase_error,geom_model_gaussian2_sigma,geom_model_gaussian2_sigma_error,geom_model_gaussian2_depth,geom_model_gaussian2_depth_error,geom_model_cosine_half_period_amplitude,geom_model_cosine_half_period_amplitude_error,geom_model_cosine_half_period_phase,geom_model_cosine_half_period_phase_error,model_type,num_model_parameters,reduced_chi2,derived_primary_ecl_phase,derived_primary_ecl_phase_error,derived_primary_ecl_duration,derived_primary_ecl_duration_error,derived_primary_ecl_depth,derived_primary_ecl_depth_error,derived_secondary_ecl_phase,derived_secondary_ecl_phase_error,derived_secondary_ecl_duration,derived_secondary_ecl_duration_error,derived_secondary_ecl_depth,derived_secondary_ecl_depth_error
[from data line 73]
375316653866487564,5333065809208804608,0.51834965,2205.3339458158557,2.775333489121427,6.161892E-6,19.325869,0.012661205,0.2659338,0.004792377,0.08690553,0.007245102,0.35772982,0.028829912,0.7734283,0.0039104186,0.07893732,0.0060822866,0.40779334,0.030032387,null,null,null,null,"TWOGAUSSIANS",8,3.0650418,0.7734283,0.0039104186,0.4,0.0,0.4007558,0.03125566,0.2659338,0.004792377,0.4,0.0,0.3506922,0.02951833
375316653866487564,5333065873610233600,0.51742566,2237.6429243407774,2.356109902877767,5.879258E-6,18.400913,0.006454,0.6863983,0.04406744,0.08382393,0.057445865,0.034423586,0.010115635,0.48817536,4.9855036E-4,0.0015394256,1.6027213E-4,0.79283714,0.36318275,null,null,null,null,"TWOGAUSSIANS",8,2.3499923,0.48817536,4.9855036E-4,0.008620783,8.975239E-4,0.79493874,0.36318338,0.6863983,0.04406744,0.4,0.14055039,0.034423586,0.010115657
375316653866487564,5333065912288147712,0.41054708,2238.280999311847,1.9843557157923934,2.261449E-5,17.900547,0.008123267,0.57651705,0.013103087,0.015446033,0.008494239,0.1295861,0.06599234,0.8487457,0.014025297,0.03225383,0.0143720135,0.116461396,0.02581129,null,null,null,null,"TWOGAUSSIANS",8,20.54047,0.57651705,0.013103087,0.08649778,0.047567744,0.1295861,0.06599234,0.8487457,0.014025297,0.18062146,0.08048327,0.116461396,0.02581129
375316653866487564,5333066152831587584,0.580359,2215.807633598163,0.6348329688382578,5.2219466E-6,17.201317,0.0074992958,0.2925584,0.0013122872,0.06869101,0.0023844452,0.297987,0.007841189,0.7901805,0.003908286,0.08271213,0.014654928,0.18684605,0.047175024,null,null,null,null,"TWOGAUSSIANS",8,6.28213,0.2925584,0.0013122872,0.38466963,0.013352893,0.29612654,0.0065274267,0.7901805,0.003908286,0.4,0.0,0.18498558,0.0493222
375316653866487564,5333066530763710336,0.6845061,2234.2775603795562,2.001661670415547,2.4982082E-6,17.595928,0.0047648475,0.25345773,5.4951163E-4,0.05022156,0.0021058365,0.24827386,0.011015937,0.7540652,0.0078124995,0.044216685,0.009427729,0.23420838,0.0434672,0.16240387,0.0067785718,0.25345773,5.4951163E-4,"TWOGAUSSIANS_WITH_ELLIPSOIDAL_ON_ECLIPSE1",9,2.0168824,0.25345773,5.4951163E-4,0.28124073,0.011792684,0.57308054,0.0032979653,0.7540652,0.006377681,0.24761344,0.05279528,0.5590103,0.05007926
375316653866487564,5333067213639013760,0.5045896,2239.1054374121536,1.1937387760106812,5.18036E-6,12.483955,0.003477748,0.22600515,0.002747891,0.028867427,0.020832641,0.10723381,180.9723,0.7228251,0.0013935859,0.046965636,0.00579441,0.21829033,0.017099898,0.07586232,0.0054947673,0.22600515,0.002747891,"TWOGAUSSIANS_WITH_ELLIPSOIDAL_ON_ECLIPSE1",9,82.53226,0.72316515,0.0011526328,0.26300758,0.032448698,0.3699608,0.016656077,0.22600515,0.002747891,0.16165759,0.11666279,0.25895834,180.97284
375316653866487564,5333067217983344896,0.509925,2214.706452285711,3.4564804073224504,7.860175E-6,14.141613,0.027497683,0.21686375,0.003418708,0.1841807,0.03135743,0.728597,0.14492835,0.71566486,0.0028452203,0.22250842,0.050106313,0.797336,0.059954163,null,null,null,null,"TWOGAUSSIANS",8,79.38013,0.21800375,0.004144174,0.4,0.0,0.14183061,0.020205956,0.71566486,0.0028452203,0.4,0.0,0.11950168,0.004832501
375316653866487564,5333067252343366912,0.47358787,2273.1307284432555,0.751295528072984,1.1846682E-5,16.99695,0.0018977312,0.05918776,0.005597287,0.025811797,0.004159041,0.02621683,0.0039091627,0.56010294,0.0015048574,0.02069979,0.0021217847,0.11079049,0.016895799,null,null,null,null,"TWOGAUSSIANS",8,4.3320084,0.56010294,0.0015048574,0.11591882,0.011881995,0.11079049,0.016895799,0.05918776,0.005597287,0.14454606,0.02329063,0.02621683,0.0039091627
375316653866487564,5333067286679047296,0.5376878,2215.3940422586375,0.4151320404211783,2.669711E-6,18.015036,0.0025573408,0.29663652,0.018781679,0.020447517,0.008838026,0.21162131,0.1352883,0.79065263,6.853692E-4,0.024075596,7.4328814E-4,0.23426113,0.0054123066,null,null,null,null,"TWOGAUSSIANS",8,2.8805597,0.79065263,6.853692E-4,0.13482334,0.0041624135,0.23426113,0.0054123066,0.29663652,0.018781679,0.114506096,0.049492944,0.21162131,0.1352883
375316653866487564,5333067355396423808,0.52998155,2201.715373851852,1.8018585162584075,4.4598608E-5,19.363491,0.012068775,0.22671813,0.06759819,0.08500552,0.115621775,0.0408859,0.08565204,0.564696,0.0062766294,0.050340936,0.005747767,0.6752071,0.08039062,null,null,null,null,"TWOGAUSSIANS",8,3.2544954,0.564696,0.0062766294,0.28190923,0.032187495,0.67522085,0.080361865,0.22671813,0.06759819,0.4,0.46893916,0.040884543,0.0856602
375316653866487564,5333068111336758016,0.54315436,2206.128949205519,4.913906479919642,2.1533948E-5,15.841194,0.006203809,0.84702945,0.036329817,0.013747724,0.021335945,0.033758234,0.04189544,0.48030472,0.005579697,0.14888883,0.0071844477,0.34159115,0.007929563,null,null,null,null,"TWOGAUSSIANS",8,78.208176,0.48030472,0.005579697,0.4,0.0,0.3391609,0.007985268,0.8454694,0.03908201,0.07698725,0.11948129,0.048027538,0.050010834
375316653866487564,5333068214391740672,0.5674164,2199.876497082762,3.0461419109520955,8.857352E-6,19.126064,0.008035329,0.22166009,0.0023573698,0.06647802,0.002448874,0.5416012,0.022514248,0.7239637,0.0024213525,0.06810079,0.003367336,0.43154764,0.035366938,null,null,null,null,"TWOGAUSSIANS",8,2.8283463,0.22166009,0.0023573698,0.37227693,0.013713695,0.5406903,0.022535348,0.7239637,0.0024213525,0.3813644,0.018857082,0.43063673,0.03552505
375316653866487564,5333068386190421632,0.4494351,2215.6487856192607,1.5573665664307526,4.0236344E-5,18.297771,0.013666977,0.22682232,0.008099751,0.1293473,0.021715643,0.111038625,0.011703663,0.72030777,0.0039562765,0.07473257,0.0068790102,0.21850157,0.021201892,null,null,null,null,"TWOGAUSSIANS",8,3.4438965,0.72030777,0.0039562765,0.4,0.0,0.20640989,0.02090047,0.22682232,0.008099751,0.4,0.0,0.0988183,0.007957306
375316653866487564,5333068489293920128,0.59093446,2234.237681646004,3.3762938075005318,7.89402E-6,16.904354,0.027763667,0.24852246,0.002261495,0.050137006,0.014415568,0.18064317,0.04929869,0.75523925,0.0043463274,0.063622296,0.008502174,0.28386497,0.05739193,0.090218335,0.031539,0.24852246,0.002261495,"TWOGAUSSIANS_WITH_ELLIPSOIDAL_ON_ECLIPSE1",9,17.171371,0.75523925,0.0043463274,0.3562849,0.047612175,0.46389714,0.012188598,0.24852246,0.002261495,0.28076723,0.080727175,0.3609965,0.023031304
375316653866487564,5333068656749103488,0.52174324,2219.3580377451663,1.943748099815507,1.1518018E-5,17.382982,0.01198778,0.29023802,0.0041761575,0.08090289,0.008885002,0.2418502,0.0171468,0.7923556,0.0070634605,0.05950203,0.0094740195,0.15933205,0.014210684,null,null,null,null,"TWOGAUSSIANS",8,11.751834,0.29023802,0.0041761575,0.4,0.0,0.24118108,0.017223813,0.7923556,0.0070634605,0.3332114,0.05305451,0.15866293,0.013955768
375316653866487564,5333068695452365440,0.6997889,2240.7307653923835,1.4608110800409735,4.345994E-6,12.250396,0.0029613813,0.15288816,0.0015210676,0.05219307,0.0010152622,0.40060318,0.008895986,0.6543753,0.0010603787,0.0539724,0.0023290175,0.09716131,0.0066815754,0.061883833,0.0036969155,0.6543753,0.0010603787,"TWOGAUSSIANS_WITH_ELLIPSOIDAL_ON_ECLIPSE2",9,75.28282,0.15297817,0.001395703,0.2922812,0.005685468,0.52435493,0.006154519,0.6543753,0.0010603787,0.30224544,0.013042497,0.2209232,0.0018261916
375316653866487564,5333068935946387328,0.46353093,2209.477192788348,2.104034184119779,3.8801678E-5,19.545229,0.0176328,0.24702668,0.02146087,0.09227054,0.027450712,0.22282194,0.020588528,0.73687804,0.0040561534,0.068810806,0.009501456,0.5234518,0.10561681,null,null,null,null,"TWOGAUSSIANS",8,4.9437795,0.73687804,0.0040561534,0.3853405,0.030519543,0.5193092,0.10862228,0.24702668,0.02146087,0.4,0.026357599,0.21867916,0.021992736
375316653866487564,5333068935970478720,0.5932411,2236.6392410171247,1.1414971826851812,8.104172E-6,16.83305,0.0025841915,0.252159,0.0028446657,0.035763793,0.005905123,0.030420981,0.0086826105,0.75050634,0.002112135,0.040852003,0.0037572735,0.07264969,0.0065916246,0.040065184,0.0037607758,0.252159,0.0028446657,"TWOGAUSSIANS_WITH_ELLIPSOIDAL_ON_ECLIPSE1",9,2.4366322,0.7507163,0.0017006507,0.22877121,0.021040732,0.15277243,0.004528064,0.252159,0.0028446657,0.20027724,0.033068687,0.11055127,0.005638338
375316653866487564,5333068970330420480,0.5551759,2242.5081021511696,3.1437491324333244,8.055924E-6,16.422853,0.009225586,0.2672278,0.00715809,0.09007371,0.0065253964,0.22249608,0.015297377,0.7657152,0.0018724707,0.09325934,0.0050935466,0.2500515,0.0071169087,null,null,null,null,"TWOGAUSSIANS",8,15.205894,0.7657152,0.0018724707,0.4,0.0,0.23885429,0.0054099923,0.2672278,0.00715809,0.4,0.0,0.21129906,0.013797305
375316653866487564,5333069039024389120,0.5535111,2233.800144880971,1.1476944577527255,1.0622498E-6,16.279236,0.0014440502,0.07706735,0.006335863,0.017675819,0.01148833,0.046513148,26.267645,0.23960434,9.397986E-6,0.0018939024,8.313951E-6,0.90545136,0.0027796011,null,null,null,null,"TWOGAUSSIANS",8,11.77547,0.23960434,9.397986E-6,0.010605854,4.6558125E-5,0.90545136,0.0027796011,0.07706735,0.006335863,0.09898459,0.064334646,0.046513148,26.267645
375316653866487564,5333069137784016128,0.64751,2223.166576456235,0.4948225383950445,1.5302124E-6,11.604496,0.007297934,0.20017934,8.5698423E-4,0.03199122,0.0017307238,0.9672305,0.048750836,0.69908243,6.7571684E-4,0.027530458,0.0013987537,0.29258963,0.018845158,0.09174123,0.011852061,0.69908243,6.7571684E-4,"TWOGAUSSIANS_WITH_ELLIPSOIDAL_ON_ECLIPSE2",9,272.9536,0.20015934,8.4465445E-4,0.17915085,0.009692053,1.1507043,0.057022173,0.69908243,6.7571684E-4,0.15417056,0.007833021,0.47607198,0.0074449307
375316653866487564,5333069137785822336,0.4222667,2243.3613861418667,0.10516246802275793,2.0385805E-5,18.718517,0.007007813,0.30094367,0.039828524,0.0490106,0.031556897,0.057741318,0.17127346,0.5732829,0.0066697076,0.06955567,0.010032096,0.16827382,0.053396426,null,null,null,null,"TWOGAUSSIANS",8,9.985559,0.5732829,0.0066697076,0.38951176,0.051276483,0.16827384,0.053396445,0.30113366,0.039691526,0.27445936,0.17671862,0.057820626,0.17180596
375316653866487564,5333069313927720704,0.56065047,2230.3307315474444,3.868953349760189,7.892102E-6,17.012728,0.0029908938,0.24450319,0.0030875166,0.077184655,0.0026139843,0.13876434,0.0047553997,0.72703624,0.0050474205,0.07944136,0.006196914,0.13610072,0.0036453586,null,null,null,null,"TWOGAUSSIANS",8,3.6510289,0.24450319,0.0030875166,0.4,0.0,0.13759282,0.004502741,0.72703624,0.0050474205,0.4,0.0,0.1349292,0.00347224
375316653866487564,5333069829323826944,0.57695717,2236.818228154631,3.0161144593852107,1.0884417E-5,17.438257,0.011619976,0.26765132,0.0037628645,0.09259504,0.007124364,0.24557003,0.010589427,0.764639,0.003313419,0.091166995,0.0068963743,0.25366277,0.012129229,null,null,null,null,"TWOGAUSSIANS",8,6.924729,0.764639,0.003313419,0.4,0.0,0.24188381,0.010834306,0.26765132,0.0037628645,0.4,0.0,0.23379101,0.0074665183
375316653866487564,5333069966762787968,0.5683676,2243.8978523645214,0.09209014817351696,3.9095856E-5,16.282242,6.9237745E-4,0.1205683,0.005958668,0.023683848,0.0047126687,0.016910356,0.005165408,0.43902925,9.435088E-5,0.006102599,8.452576E-5,0.13681352,0.001057282,null,null,null,null,"TWOGAUSSIANS",8,2.7056994,0.43902925,9.435088E-5,0.034174558,4.7334426E-4,0.13681352,0.001057282,0.1205683,0.005958668,0.13262954,0.026390944,0.016910356,0.005165408
375316653866487564,5333070138561407744,0.56801254,2240.684589232533,3.9792683934902433,6.7896635E-6,14.944058,4.8164945E-4,0.050244693,2.0546844E-4,0.0063078483,1.7474813E-4,0.09236796,9.350796E-4,0.75849247,0.0048260186,0.0078982115,0.0020601086,0.11433656,0.03770539,null,null,null,null,"TWOGAUSSIANS",8,5.1009083,0.75849247,0.0048260186,0.044229984,0.011536608,0.11433656,0.03770539,0.050244693,2.0546844E-4,0.035323948,9.785895E-4,0.09236796,9.350796E-4
375316653866487564,5333071268090550656,0.46784416,2160.1646502240446,3.8790309690265747,2.549361E-5,17.248762,0.004763358,0.32494152,0.0053296494,0.019107327,0.005285906,1.0079442,3.5920527,0.7604243,0.00758955,0.022712065,0.028593617,0.289109,0.23406182,null,null,null,null,"TWOGAUSSIANS",8,40.684883,0.32494152,0.0053296494,0.10700103,0.029601075,1.0079442,3.5920527,0.7604243,0.00758955,0.12718756,0.16012426,0.289109,0.23406182
375316653866487564,5333071581670765440,0.5674062,2189.5424338074727,0.2456482776632086,1.839979E-5,16.455307,0.0010689473,0.29486486,0.0033271378,0.0064579262,0.0030695153,0.056549944,0.027203824,0.7635088,0.032291207,0.027229993,0.0151393395,0.46501425,0.3398353,null,null,null,null,"TWOGAUSSIANS",8,5.4425516,0.7635088,0.032291207,0.15248796,0.0847803,0.46501425,0.3398353,0.29486486,0.0033271378,0.036164388,0.017189285,0.056549944,0.027203824
375316653866487564,5333072367604852992,0.6090488,2212.3661841439557,3.0885329550186253,5.272232E-6,17.204832,0.019076928,0.17887713,0.0025187808,0.042023025,0.012716592,0.12742107,0.044206202,0.67441875,0.003618008,0.053978916,0.013536998,0.19389218,0.026844354,0.101226605,0.021848572,0.17887713,0.0025187808,"TWOGAUSSIANS_WITH_ELLIPSOIDAL_ON_ECLIPSE1",9,6.34747,0.6752788,0.0025997504,0.30228192,0.07580719,0.3962144,0.02422363,0.17887713,0.0025187808,0.23532894,0.07121292,0.3298714,0.03826955
375316653866487564,5333072818621405312,0.6764878,2183.8899662519666,0.7189720162157857,1.2312317E-6,13.889178,0.0011064253,0.17303346,0.0012366544,0.036454722,0.0019372784,0.1675558,0.007381352,0.67288065,0.0013225774,0.03691147,0.001265685,0.16583948,0.0039444366,0.02533904,0.0020574694,0.17303346,0.0012366544,"TWOGAUSSIANS_WITH_ELLIPSOIDAL_ON_ECLIPSE1",9,10.018017,0.17303346,0.0012366544,0.20414644,0.01084876,0.21823385,0.008144975,0.67288065,0.0013071523,0.20670423,0.007087836,0.21651748,0.002680701
375316653866487564,5333073437077062528,0.4267444,2156.6930359599573,0.6180472625123652,1.9675648E-5,18.607933,0.0051869354,0.151401,0.03147076,0.079393975,0.031762112,0.042114254,0.02877794,0.6446579,0.003846755,0.033669125,0.003564744,0.09093116,0.01266111,null,null,null,null,"TWOGAUSSIANS",8,3.1141348,0.6446579,0.003846755,0.1885471,0.019962566,0.09092699,0.012660328,0.151401,0.03147076,0.4,0.08502648,0.04211008,0.028783457
375316653866487564,5333073540156364032,0.4167427,2149.6287865671593,1.2424765043722656,3.5217628E-4,19.789913,0.038416702,0.24145688,0.017358461,0.037050486,0.039359752,0.3057062,0.1558758,0.78447676,0.006331197,0.06819612,0.01103228,0.20062345,0.048715994,null,null,null,null,"TWOGAUSSIANS",8,5.200595,0.24145688,0.017358461,0.20748271,0.19777042,0.3057055,0.15623496,0.78447676,0.006331197,0.38189825,0.060815107,0.20062272,0.04865833
375316653866487564,5333073643235774080,0.48059288,2148.177329036562,4.567095452657355,7.294052E-5,19.342485,0.003697012,0.37732798,0.028010176,0.03817182,0.024031205,0.049742825,0.022851529,0.78045017,0.0030911032,0.014771784,0.0016407119,0.32344112,0.026698755,null,null,null,null,"TWOGAUSSIANS",8,1.4241289,0.78045017,0.0030911032,0.082721986,0.009187986,0.32344112,0.026698755,0.37732798,0.028010176,0.2137622,0.13457476,0.049742825,0.022851529
375316653866487564,5333073677615279744,0.4822002,2129.780925917441,2.1118830692330164,8.6462416E-5,18.381218,0.057743486,0.24394783,0.022025304,0.025152205,0.04335443,0.098670736,0.041435484,0.6928342,0.011321124,0.17522311,0.039942533,0.23684102,0.05204995,null,null,null,null,"TWOGAUSSIANS",8,4.6765866,0.6928342,0.011321124,0.4,0.0,0.22737359,0.021332612,0.24459784,0.019643744,0.14085235,0.2427848,0.09981915,0.050656293
