Gaia/vari_eclipsing_binary/VariEclipsingBinary_480387-480809.csv
# %ECSV 1.0
# ---
# delimiter: ','
# meta: !!omap
# - RELEASE: Gaia DR3
# - TABLE: vari_eclipsing_binary
# - DESCRIPTION: >
#     This table describes the properties of the eclipsing binaries resulting from the variability analysis. 
# - CITATION: >
#     How to cite and acknowledge Gaia: 
#     https://gea.esac.esa.int/archive/documentation/credits.html 
# - KNOWN_ISSUES: >
#     Known issues: 
#     https://www.cosmos.esa.int/web/gaia-users/known-issues 
# - DOCUMENTATION: >
#     Tutorials and documentation: 
#     https://www.cosmos.esa.int/web/gaia-users/archive 
# datatype:
# - 
#   name: solution_id
#   datatype: int64
#   description: Solution Identifier
#   meta:
#     ucd: meta.version
# - 
#   name: source_id
#   datatype: int64
#   description: Unique source identifier
#   meta:
#     ucd: meta.id;meta.main
# - 
#   name: global_ranking
#   datatype: float32
#   description: Number between 0 (worst) and 1 (best)
#   meta:
#     ucd: stat.param
# - 
#   name: reference_time
#   datatype: float64
#   unit: d
#   description: Reference time used for the geometric model fit
#   meta:
#     ucd: time.epoch
# - 
#   name: frequency
#   datatype: float64
#   unit: d**-1
#   description: Frequency of geometric model of the eclipsing binary light curve
#   meta:
#     ucd: src.orbital
# - 
#   name: frequency_error
#   datatype: float32
#   unit: d**-1
#   description: "Uncertainty of \\texttt{frequency}"
#   meta:
#     ucd: stat.error
# - 
#   name: geom_model_reference_level
#   datatype: float32
#   unit: mag
#   description: Magnitude reference level of geometric model
#   meta:
#     ucd: phot.mag;em.opt
# - 
#   name: geom_model_reference_level_error
#   datatype: float32
#   unit: mag
#   description: "Uncertainty of \\texttt{geomModelReferenceLevel}"
#   meta:
#     ucd: stat.error;phot.mag;em.opt
# - 
#   name: geom_model_gaussian1_phase
#   datatype: float32
#   description: Phase of the Gaussian 1 component
#   meta:
#     ucd: time.phase
# - 
#   name: geom_model_gaussian1_phase_error
#   datatype: float32
#   description: "Uncertainty of \\texttt{geomModelGaussian1Phase}"
#   meta:
#     ucd: stat.error;time.phase
# - 
#   name: geom_model_gaussian1_sigma
#   datatype: float32
#   description: "Standard deviation [phase] of Gaussian 1 component"
#   meta:
#     ucd: stat.stdev
# - 
#   name: geom_model_gaussian1_sigma_error
#   datatype: float32
#   description: "Uncertainty of \\texttt{geomModelGaussian1Sigma}"
#   meta:
#     ucd: stat.error
# - 
#   name: geom_model_gaussian1_depth
#   datatype: float32
#   unit: mag
#   description: Magnitude depth of Gaussian 1 component
#   meta:
#     ucd: src.var.amplitude
# - 
#   name: geom_model_gaussian1_depth_error
#   datatype: float32
#   unit: mag
#   description: "Uncertainty of \\texttt{geomModelGaussian1Depth}"
#   meta:
#     ucd: stat.error;src.var.amplitude
# - 
#   name: geom_model_gaussian2_phase
#   datatype: float32
#   description: Phase of Gaussian 2 component
#   meta:
#     ucd: time.phase
# - 
#   name: geom_model_gaussian2_phase_error
#   datatype: float32
#   description: "Uncertainty of \\texttt{geomModelGaussian2Phase}"
#   meta:
#     ucd: stat.error;time.phase
# - 
#   name: geom_model_gaussian2_sigma
#   datatype: float32
[...]
#   datatype: float32
#   description: "Secondary eclipse: uncertainty of \\texttt{derivedSecondaryEclDuration}"
#   meta:
#     ucd: stat.error;time.duration
# - 
#   name: derived_secondary_ecl_depth
#   datatype: float32
#   unit: mag
#   description: "Secondary eclipse: depth"
#   meta:
#     ucd: src.var.amplitude
# - 
#   name: derived_secondary_ecl_depth_error
#   datatype: float32
#   unit: mag
#   description: "Secondary eclipse: uncertainty of \\texttt{derivedSecondaryEclDepth}"
#   meta:
#     ucd: stat.error;src.var.amplitude
solution_id,source_id,global_ranking,reference_time,frequency,frequency_error,geom_model_reference_level,geom_model_reference_level_error,geom_model_gaussian1_phase,geom_model_gaussian1_phase_error,geom_model_gaussian1_sigma,geom_model_gaussian1_sigma_error,geom_model_gaussian1_depth,geom_model_gaussian1_depth_error,geom_model_gaussian2_phase,geom_model_gaussian2_phase_error,geom_model_gaussian2_sigma,geom_model_gaussian2_sigma_error,geom_model_gaussian2_depth,geom_model_gaussian2_depth_error,geom_model_cosine_half_period_amplitude,geom_model_cosine_half_period_amplitude_error,geom_model_cosine_half_period_phase,geom_model_cosine_half_period_phase_error,model_type,num_model_parameters,reduced_chi2,derived_primary_ecl_phase,derived_primary_ecl_phase_error,derived_primary_ecl_duration,derived_primary_ecl_duration_error,derived_primary_ecl_depth,derived_primary_ecl_depth_error,derived_secondary_ecl_phase,derived_secondary_ecl_phase_error,derived_secondary_ecl_duration,derived_secondary_ecl_duration_error,derived_secondary_ecl_depth,derived_secondary_ecl_depth_error
375316653866487564,4225539699418354560,0.45042884,2212.2454683936003,2.5391600427659853,1.9252318E-5,18.001076,0.017773457,0.36158794,0.019404069,0.1291788,0.022952659,0.1431852,0.018547587,0.78402966,0.0014993522,0.04032313,0.0033033781,0.41717532,0.027271071,null,null,null,null,"TWOGAUSSIANS",8,35.212036,0.78402966,0.0014993522,0.22580954,0.018498918,0.4169311,0.027418328,0.36158794,0.019404069,0.4,0.0,0.14225261,0.017809084
375316653866487564,4225554886421013632,0.48032308,2204.5524280260483,3.3072322579851443,2.667847E-5,19.738445,0.021680435,0.20824553,0.003997495,0.084810816,0.009986643,0.38906613,0.028444897,0.7081144,0.0088494485,0.09703181,0.014455656,0.19382516,0.024788504,null,null,null,null,"TWOGAUSSIANS",8,2.710026,0.20824553,0.003997495,0.4,0.0,0.37703353,0.03192118,0.7081144,0.0088494485,0.4,0.0,0.18179193,0.021042306
375316653866487564,4225584474452284544,0.65811974,2255.340073828566,0.4990572080270112,8.676324E-6,13.510567,8.508006E-4,0.55689025,5.7436916E-4,0.027251566,8.5686427E-4,0.4565063,0.01670986,null,null,null,null,null,null,null,null,null,null,"ONEGAUSSIAN",5,46.82468,0.55689025,5.7436916E-4,0.15260877,0.00479844,0.4565063,0.0,null,null,null,null,null,null
375316653866487564,4225586398597477120,0.49092522,2244.6518961390684,1.1231925487456547,3.438067E-4,17.691643,0.0045527196,0.49829957,0.0076102237,0.02423603,0.012125292,0.5602819,0.116853066,null,null,null,null,null,null,null,null,null,null,"ONEGAUSSIAN",5,28.811838,0.49829957,0.0076102237,0.13572177,0.06790163,0.5602819,0.0,null,null,null,null,null,null
375316653866487564,4225600589169464704,0.55584323,2264.1028832907546,3.2328675815299,1.5969294E-5,18.100637,0.0082800295,0.2847778,0.0028162645,0.0655,0.0029734557,0.3688748,0.013107822,0.78554994,0.002559819,0.07388637,0.0029946137,0.67404693,0.024230776,null,null,null,null,"TWOGAUSSIANS",8,13.313812,0.78554994,0.002559819,0.4,0.0,0.6724542,0.024403412,0.2847778,0.0028162645,0.3668,0.016651353,0.36728203,0.012910005
375316653866487564,4225600791034265600,0.5169352,2255.6773126796165,0.2760106091957039,5.2711704E-5,17.9401,0.0011372281,0.20583901,0.0031422626,0.006351652,0.00306045,0.014168529,0.005512511,0.80459327,2.3932655E-5,0.0062447186,6.908009E-5,0.5460422,0.0110402545,null,null,null,null,"TWOGAUSSIANS",8,1.2855101,0.80459327,2.3932655E-5,0.034970425,3.868485E-4,0.5460422,0.0110402545,0.20583901,0.0031422626,0.03556925,0.01713852,0.014168529,0.005512511
375316653866487564,4225622373243876224,0.6334315,2227.535922236508,3.622591302576074,4.1559833E-6,16.633348,0.0067327092,0.22380568,8.87955E-4,0.043541808,0.0021184464,0.2660511,0.01661752,0.7263322,0.0010202412,0.05110485,0.0028918716,0.36764985,0.019088427,0.11941478,0.008270823,0.7263322,0.0010202412,"TWOGAUSSIANS_WITH_ELLIPSOIDAL_ON_ECLIPSE2",9,14.110947,0.7263322,0.0010202412,0.28618717,0.016194481,0.60647684,0.017800141,0.22410569,7.5414014E-4,0.24383412,0.0118633,0.50482506,0.010368889
375316653866487564,4225624091230779648,0.5395403,2207.8210170089897,3.5438638330158896,9.030742E-6,18.67005,0.0035213586,0.16615301,0.0017960928,0.046629433,0.0030464928,0.18433744,0.010609902,0.66642267,0.0035881617,0.054249547,0.0040065683,0.4977833,0.03422118,null,null,null,null,"TWOGAUSSIANS",8,4.532431,0.66642267,0.0035881617,0.30379745,0.022436785,0.49778044,0.034223564,0.16615301,0.0017960928,0.26112482,0.01706036,0.18433458,0.010611132
375316653866487564,4225627527204924928,0.52477115,2242.574414947299,2.7639035202522284,2.057276E-5,18.10168,0.012247683,0.22739424,0.005406551,0.046751592,0.010763593,0.12433773,0.030034486,0.7267371,0.006444927,0.05619532,0.009808016,0.13628809,0.027757052,0.073461056,0.01661052,0.22739424,0.005406551,"TWOGAUSSIANS_WITH_ELLIPSOIDAL_ON_ECLIPSE1",9,8.120366,0.72687703,0.005389179,0.31469378,0.05492489,0.28320083,0.0142456945,0.22739424,0.005406551,0.26180893,0.06027612,0.27125245,0.012272205
375316653866487564,4225636151499309696,0.53329295,2237.5626686258697,0.7741451980245911,6.479251E-6,18.123205,0.0060545485,0.253547,6.601513E-4,0.013030905,5.5671006E-4,0.739428,0.014016323,0.75377494,0.0033078135,0.017194452,0.0041934163,0.16453303,0.03274005,0.025444474,0.011541531,0.253547,6.601513E-4,"TWOGAUSSIANS_WITH_ELLIPSOIDAL_ON_ECLIPSE1",9,22.593985,0.253547,6.601513E-4,0.07297307,0.0031175762,0.79031694,0.012759589,0.75377494,0.0032964982,0.09628893,0.023483131,0.21542189,0.036925424
375316653866487564,4225648761522780032,0.58395165,2203.0264587986935,1.337758508671268,5.393011E-6,16.741684,0.0041239886,0.26915443,4.5397622E-4,0.04342178,0.0012230132,0.32141784,0.008693015,0.7752447,0.0062602293,0.012848303,0.016731767,0.03837043,0.0107981255,0.021332057,0.005568807,0.26915443,4.5397622E-4,"TWOGAUSSIANS_WITH_ELLIPSOIDAL_ON_ECLIPSE1",9,10.10487,0.26915443,4.5397622E-4,0.24316196,0.0068488736,0.3640819,0.006302516,0.7752447,0.0062602293,0.071950495,0.09369789,0.080972046,0.012351411
375316653866487564,4225660306395341568,0.5267884,2254.3330712184134,3.997702694664939,2.4966419E-5,19.035873,0.015590672,0.2764975,0.0031607833,0.080167405,0.008477191,0.5117705,0.018140573,0.77605885,0.0038779739,0.08199798,0.004619371,0.6953613,0.068429284,null,null,null,null,"TWOGAUSSIANS",8,4.491532,0.77605885,0.0038779739,0.4,0.0,0.6851531,0.06959975,0.2764975,0.0031607833,0.4,0.0,0.50156224,0.020740489
375316653866487564,4225677280106199424,0.55241823,2250.3689012474174,3.226685221157945,9.561933E-6,19.412912,0.006739565,0.2739131,0.0018336939,0.07116154,0.0023228424,0.5112263,0.016850607,0.7577097,0.003416725,0.07014365,0.0048421016,0.36608237,0.019848952,null,null,null,null,"TWOGAUSSIANS",8,1.6599488,0.2739131,0.0018336939,0.39850464,0.009773894,0.51013136,0.0168943,0.7577097,0.003416725,0.39280444,0.021873528,0.3649874,0.020119764
375316653866487564,4225678379617164928,0.5655398,2231.920978119311,0.05660204988750409,6.735723E-6,12.753336,5.9678126E-4,null,null,null,null,null,null,null,null,null,null,null,null,0.039650757,8.5581164E-4,0.21871102,0.001797796,"ELLIPSOIDAL",4,34.391872,null,null,null,null,null,null,null,null,null,null,null,null
375316653866487564,4225679857085930240,0.49630958,2226.993209109439,0.27292090168003086,4.9917155E-5,13.750284,0.031454723,0.3100617,0.013696615,0.13976867,0.0409223,0.041123528,0.030915795,0.78139627,0.012024324,0.12852097,0.047479395,0.022284769,0.029544335,null,null,null,null,"TWOGAUSSIANS",8,8.026825,0.3103517,0.011977792,0.4,0.0,0.032469116,0.001709718,0.78139627,0.012024324,0.4,0.0,0.013770493,0.0013188157
375316653866487564,4225681811294643200,0.62506473,2226.8487971592344,3.666546971893645,4.8003362E-6,18.12092,0.009188066,0.25227663,0.0012650809,0.04422548,0.002604322,0.36074755,0.02251624,0.7524334,0.0021986763,0.04719575,0.0025125495,0.42166656,0.027188232,0.13241531,0.013308195,0.25227663,0.0012650809,"TWOGAUSSIANS_WITH_ELLIPSOIDAL_ON_ECLIPSE1",9,5.013365,0.7524334,0.0020790868,0.2642962,0.014070277,0.686496,0.019122839,0.25227663,0.0012650809,0.2476627,0.014584203,0.6255773,0.011119693
375316653866487564,4225695314671983360,0.56505126,2206.6670437537578,0.12289812438769364,2.2849823E-4,16.727398,0.002210569,0.6991625,0.014634495,0.06430364,0.008610543,0.04591746,0.0045384476,0.93553805,0.010530135,0.014215978,0.008838033,0.38369173,1.862057,null,null,null,null,"TWOGAUSSIANS",8,13.182515,0.93553805,0.010530135,0.079609476,0.049492985,0.38374516,1.8620131,0.6991625,0.014634495,0.3601004,0.048219044,0.04591746,0.0045384476
375316653866487564,4225696384120145024,0.5301422,2257.5790244439663,4.438290901117392,1.732761E-5,17.719225,0.0029898882,0.4476012,0.00773782,0.013186402,0.0076342025,0.70862895,40.149937,0.8309343,9.913518E-4,0.011162614,0.0016684827,0.8399528,0.830563,null,null,null,null,"TWOGAUSSIANS",8,10.163701,0.8309343,9.913518E-4,0.06251064,0.009343503,0.8399528,0.830563,0.4476012,0.00773782,0.073843844,0.042751532,0.70862895,40.149937
375316653866487564,4225705111494300800,0.536962,2257.485994993894,3.396426231661681,2.0183275E-5,14.780554,0.013158619,0.25511366,0.0044368897,0.08711328,0.0055667083,0.39989632,0.01812808,0.7590487,0.005336461,0.082706995,0.006315801,0.4066159,0.02571677,null,null,null,null,"TWOGAUSSIANS",8,431.35028,0.7590487,0.005336461,0.4,0.0,0.39674947,0.02531079,0.25511366,0.0044368897,0.4,0.0,0.39002985,0.016707785
375316653866487564,4225721020052712704,0.56439114,2189.529768035285,3.510181014435345,1.1504151E-5,19.011297,0.005328661,0.22892465,0.0024349524,0.07263776,0.0028612672,0.7557727,0.031885482,0.73115283,0.0017619503,0.060809363,0.0014256479,0.50839436,0.009784959,null,null,null,null,"TWOGAUSSIANS",8,3.283534,0.22892465,0.0024349524,0.4,0.0,0.75471735,0.032123383,0.73115283,0.0017619503,0.34053245,0.007983628,0.507339,0.009719645
375316653866487564,4225725727336817152,0.42840633,2232.4595805044137,1.1149945095466802,4.779737E-5,18.33599,0.031107591,0.20941417,0.015605882,0.10811729,0.027606085,0.13333966,0.03076736,0.6813502,0.010825506,0.11980886,0.030476859,0.12241122,0.028810248,null,null,null,null,"TWOGAUSSIANS",8,6.996035,0.20954417,0.015419202,0.4,0.0,0.116025716,0.011003102,0.6813502,0.010825506,0.4,0.0,0.10504808,0.008709968
375316653866487564,4225729674410872832,0.45229223,2234.210249555775,0.07083801201484151,3.536644E-5,17.882175,0.0036476487,0.2231653,0.0034502717,0.04994743,0.003520103,0.27958825,0.050500374,0.6982123,0.010564973,0.110617004,0.024971673,0.054994896,0.010244932,null,null,null,null,"TWOGAUSSIANS",8,4.061475,0.2231653,0.0034501483,0.27970558,0.019712577,0.27883145,0.050689187,0.6982123,0.010564973,0.4,0.0,0.054231938,0.011251106
375316653866487564,4225731568492461184,0.5688492,2203.8480759646736,2.425312492546261,1.1709144E-5,18.053022,0.014243417,0.17230913,0.0019172172,0.045869432,0.0037836786,0.37693354,0.02775247,0.6693915,0.0029504856,0.06642472,0.0060429187,0.58344537,0.047691133,0.07855742,0.015279897,0.17230913,0.0019172172,"TWOGAUSSIANS_WITH_ELLIPSOIDAL_ON_ECLIPSE1",9,12.299589,0.6696415,0.0026929714,0.37197843,0.033840343,0.74011755,0.054250564,0.17230913,0.0019172172,0.2568688,0.0211886,0.53365403,0.012036316
375316653866487564,4225744620896040448,0.59876996,2208.343520504709,3.0954314627850104,6.1748065E-6,17.756649,0.008755237,0.27846235,0.001254929,0.050039425,0.003104047,0.33499965,0.025470542,0.7767273,0.0018757506,0.0520333,0.0026561073,0.3053887,0.022120858,0.1197471,0.01257503,0.27846235,0.001254929,"TWOGAUSSIANS_WITH_ELLIPSOIDAL_ON_ECLIPSE1",9,6.6599345,0.27846235,0.001254929,0.28022078,0.017382663,0.57448906,0.021451747,0.77697736,0.0015938753,0.2913865,0.0148742,0.5448537,0.010585879
375316653866487564,4225756857260080768,0.5420113,2229.489390241119,2.8049516152525023,1.6850167E-5,16.245975,0.009088069,0.25478795,0.0034889383,0.052591108,0.020047385,0.08757386,0.028259147,0.7604212,0.008508223,0.041648205,0.009327325,0.13611938,0.060816884,0.10118865,0.014019598,0.25478795,0.0034889383,"TWOGAUSSIANS_WITH_ELLIPSOIDAL_ON_ECLIPSE1",9,44.832256,0.7604212,0.008508223,0.23322995,0.05223302,0.33824176,0.061407793,0.25478795,0.0034889383,0.2945102,0.11226536,0.2899497,0.024787223
375316653866487564,4225766821585910272,0.5764046,2237.469704755775,4.073839304472359,1.5392832E-5,18.70404,0.019924538,0.26665995,0.0025761952,0.04082185,0.0040404163,0.3363511,0.047028612,0.7536404,0.0038694772,0.038222227,0.0065769115,0.20201187,0.045462925,0.15036607,0.024447024,0.7536404,0.0038694772,"TWOGAUSSIANS_WITH_ELLIPSOIDAL_ON_ECLIPSE2",9,7.3683085,0.26528993,0.0022749086,0.22860236,0.022626333,0.63528526,0.018788194,0.7536404,0.0038694772,0.21404447,0.036830705,0.5027438,0.018952567
375316653866487564,4225780217586366208,0.44914994,2223.102208714243,0.6217054147876881,2.2595277E-5,19.405735,0.0063535045,0.22372596,0.0033415435,0.03592093,0.004261658,0.53468597,0.19941086,0.73090124,0.008804954,0.054886527,0.013230266,0.13360284,0.01330703,null,null,null,null,"TWOGAUSSIANS",8,2.8311732,0.22372596,0.0033415435,0.2011572,0.023865286,0.5346859,0.19941097,0.73090124,0.008804954,0.30736455,0.07408949,0.13360277,0.013307193
375316653866487564,4225786677218222336,0.4882534,2271.555647036744,0.8336483485186006,6.47325E-5,18.90704,0.0040538646,0.31093127,0.017210344,0.025574308,0.0074044405,0.7172791,1.3533497,null,null,null,null,null,null,null,null,null,null,"ONEGAUSSIAN",5,6.1047654,0.31093127,0.017210344,0.14321612,0.04146487,0.7172791,0.0,null,null,null,null,null,null
375316653866487564,4225792346572368512,0.5029477,2291.3439465034426,4.128563168947258,2.0264963E-5,19.773424,0.0056274477,0.8083669,0.005512612,0.0040568183,0.0046014823,0.15281318,0.12717201,0.49786463,2.2880895E-5,0.0015500749,2.4663406E-5,0.7102854,0.0081633935,null,null,null,null,"TWOGAUSSIANS",8,1.9528947,0.49786463,2.2880895E-5,0.00868042,1.3811508E-4,0.7102854,0.0081633935,0.8083669,0.005512612,0.022718182,0.0257683,0.15281318,0.12717201
375316653866487564,4225794751754086528,0.61395055,2265.9193961785277,4.121694818590942,3.5206397E-6,18.410507,0.007418907,0.23334648,8.4376434E-4,0.042820532,0.0025878097,0.34306732,0.021869466,0.7350316,0.004332435,0.049311593,0.0037715,0.31398457,0.02052312,0.1326603,0.012031799,0.23334648,8.4376434E-4,"TWOGAUSSIANS_WITH_ELLIPSOIDAL_ON_ECLIPSE1",9,3.0806704,0.23334648,8.4376434E-4,0.23979498,0.014491734,0.608387,0.021251949,0.7350316,0.0042054174,0.27614492,0.0211204,0.57927454,0.0123803895
375316653866487564,4225808843543850496,0.555638,2289.1187518021916,0.5373330749246354,6.588286E-6,17.63111,0.001796834,0.24243619,0.0023194365,0.02565522,0.0017442909,0.2157391,0.0056884415,0.74660385,0.0019870487,0.025460124,0.0014985112,0.18752573,0.0030542212,null,null,null,null,"TWOGAUSSIANS",8,2.6183262,0.24243619,0.0023194365,0.14366922,0.00976803,0.2157391,0.0056884415,0.74660385,0.0019870487,0.1425767,0.0083916625,0.18752573,0.0030542212
375316653866487564,4225816780643571712,0.57403743,2268.787909617765,2.665728785129476,7.683907E-6,17.299726,0.005106597,0.16762422,0.001661357,0.08926981,0.0027568634,0.24371307,0.0062318146,0.66510415,0.0040442636,0.09547774,0.006077478,0.13240291,0.0075505776,null,null,null,null,"TWOGAUSSIANS",8,3.6278327,0.16762422,0.001661357,0.4,0.0,0.23499805,0.0052608736,0.66510415,0.0040442636,0.4,0.0,0.12368767,0.007719488
375316653866487564,4225817085587923968,0.5238822,2295.5315209916907,3.8619208827168556,2.1652857E-5,19.117186,0.014973486,0.25551942,0.0025637161,0.08020448,0.0059087207,0.35252038,0.016719846,0.7574874,0.004438629,0.09972229,0.007428752,0.35487443,0.015939243,null,null,null,null,"TWOGAUSSIANS",8,2.448572,0.7574874,0.004438629,0.4,0.0,0.34052554,0.014011686,0.25551942,0.0025637161,0.4,0.0,0.33817396,0.0161711
375316653866487564,4225818326831794176,0.6557636,2277.37544291942,3.1722490685468188,3.032005E-6,16.307953,0.005755928,0.24944137,4.309419E-4,0.048087448,0.0013339442,0.49747238,0.012671494,0.75152284,0.0021990733,0.046796314,0.002289324,0.36307994,0.017351633,0.13254204,0.0077480683,0.24944137,4.309419E-4,"TWOGAUSSIANS_WITH_ELLIPSOIDAL_ON_ECLIPSE1",9,14.177518,0.24944137,4.309419E-4,0.26928973,0.007470087,0.76255554,0.011343698,0.75152284,0.0021990733,0.26205936,0.012820215,0.6281178,0.012675191
375316653866487564,4225830318380807680,0.49312186,2229.0868607321054,1.8702842457981,2.8945313E-5,19.564646,0.013431372,0.22879277,0.00991905,0.06116275,0.010891137,0.18528725,0.024245806,0.72306603,0.009583744,0.05882295,0.01603329,0.4818603,0.17338924,null,null,null,null,"TWOGAUSSIANS",8,3.95466,0.72306603,0.009583744,0.32940853,0.07414951,0.4817787,0.17404103,0.22879277,0.00991905,0.34251142,0.060990363,0.18520565,0.02407735
375316653866487564,4225830352740311424,0.58742136,2225.0832374267716,0.6087448194332715,1.0745094E-6,18.561176,0.0017526281,0.79228425,1.5236922E-5,0.0020972525,1.4457225E-5,0.7587089,0.004014891,null,null,null,null,null,null,null,null,null,null,"ONEGAUSSIAN",5,1.8411382,0.79228425,1.5236922E-5,0.011744615,8.096046E-5,0.7587089,0.0,null,null,null,null,null,null
