Gaia/vari_eclipsing_binary/VariEclipsingBinary_603105-603165.csv
# %ECSV 1.0
# ---
# delimiter: ','
# meta: !!omap
# - RELEASE: Gaia DR3
# - TABLE: vari_eclipsing_binary
# - DESCRIPTION: >
#     This table describes the properties of the eclipsing binaries resulting from the variability analysis. 
# - CITATION: >
#     How to cite and acknowledge Gaia: 
#     https://gea.esac.esa.int/archive/documentation/credits.html 
# - KNOWN_ISSUES: >
#     Known issues: 
#     https://www.cosmos.esa.int/web/gaia-users/known-issues 
# - DOCUMENTATION: >
#     Tutorials and documentation: 
#     https://www.cosmos.esa.int/web/gaia-users/archive 
# datatype:
# - 
#   name: solution_id
#   datatype: int64
#   description: Solution Identifier
#   meta:
#     ucd: meta.version
# - 
#   name: source_id
#   datatype: int64
#   description: Unique source identifier
#   meta:
#     ucd: meta.id;meta.main
# - 
#   name: global_ranking
#   datatype: float32
#   description: Number between 0 (worst) and 1 (best)
#   meta:
#     ucd: stat.param
# - 
#   name: reference_time
#   datatype: float64
#   unit: d
#   description: Reference time used for the geometric model fit
#   meta:
#     ucd: time.epoch
# - 
#   name: frequency
#   datatype: float64
#   unit: d**-1
#   description: Frequency of geometric model of the eclipsing binary light curve
#   meta:
#     ucd: src.orbital
# - 
#   name: frequency_error
#   datatype: float32
#   unit: d**-1
#   description: "Uncertainty of \\texttt{frequency}"
#   meta:
#     ucd: stat.error
# - 
#   name: geom_model_reference_level
#   datatype: float32
#   unit: mag
#   description: Magnitude reference level of geometric model
#   meta:
#     ucd: phot.mag;em.opt
# - 
#   name: geom_model_reference_level_error
#   datatype: float32
#   unit: mag
#   description: "Uncertainty of \\texttt{geomModelReferenceLevel}"
#   meta:
#     ucd: stat.error;phot.mag;em.opt
# - 
#   name: geom_model_gaussian1_phase
#   datatype: float32
#   description: Phase of the Gaussian 1 component
#   meta:
#     ucd: time.phase
# - 
#   name: geom_model_gaussian1_phase_error
#   datatype: float32
#   description: "Uncertainty of \\texttt{geomModelGaussian1Phase}"
#   meta:
#     ucd: stat.error;time.phase
# - 
#   name: geom_model_gaussian1_sigma
#   datatype: float32
#   description: "Standard deviation [phase] of Gaussian 1 component"
#   meta:
#     ucd: stat.stdev
# - 
#   name: geom_model_gaussian1_sigma_error
#   datatype: float32
#   description: "Uncertainty of \\texttt{geomModelGaussian1Sigma}"
#   meta:
#     ucd: stat.error
# - 
#   name: geom_model_gaussian1_depth
#   datatype: float32
#   unit: mag
#   description: Magnitude depth of Gaussian 1 component
#   meta:
#     ucd: src.var.amplitude
# - 
#   name: geom_model_gaussian1_depth_error
#   datatype: float32
#   unit: mag
#   description: "Uncertainty of \\texttt{geomModelGaussian1Depth}"
#   meta:
#     ucd: stat.error;src.var.amplitude
# - 
#   name: geom_model_gaussian2_phase
#   datatype: float32
#   description: Phase of Gaussian 2 component
#   meta:
#     ucd: time.phase
# - 
#   name: geom_model_gaussian2_phase_error
#   datatype: float32
#   description: "Uncertainty of \\texttt{geomModelGaussian2Phase}"
#   meta:
#     ucd: stat.error;time.phase
# - 
#   name: geom_model_gaussian2_sigma
#   datatype: float32
[...]
#   datatype: float32
#   description: "Secondary eclipse: uncertainty of \\texttt{derivedSecondaryEclDuration}"
#   meta:
#     ucd: stat.error;time.duration
# - 
#   name: derived_secondary_ecl_depth
#   datatype: float32
#   unit: mag
#   description: "Secondary eclipse: depth"
#   meta:
#     ucd: src.var.amplitude
# - 
#   name: derived_secondary_ecl_depth_error
#   datatype: float32
#   unit: mag
#   description: "Secondary eclipse: uncertainty of \\texttt{derivedSecondaryEclDepth}"
#   meta:
#     ucd: stat.error;src.var.amplitude
solution_id,source_id,global_ranking,reference_time,frequency,frequency_error,geom_model_reference_level,geom_model_reference_level_error,geom_model_gaussian1_phase,geom_model_gaussian1_phase_error,geom_model_gaussian1_sigma,geom_model_gaussian1_sigma_error,geom_model_gaussian1_depth,geom_model_gaussian1_depth_error,geom_model_gaussian2_phase,geom_model_gaussian2_phase_error,geom_model_gaussian2_sigma,geom_model_gaussian2_sigma_error,geom_model_gaussian2_depth,geom_model_gaussian2_depth_error,geom_model_cosine_half_period_amplitude,geom_model_cosine_half_period_amplitude_error,geom_model_cosine_half_period_phase,geom_model_cosine_half_period_phase_error,model_type,num_model_parameters,reduced_chi2,derived_primary_ecl_phase,derived_primary_ecl_phase_error,derived_primary_ecl_duration,derived_primary_ecl_duration_error,derived_primary_ecl_depth,derived_primary_ecl_depth_error,derived_secondary_ecl_phase,derived_secondary_ecl_phase_error,derived_secondary_ecl_duration,derived_secondary_ecl_duration_error,derived_secondary_ecl_depth,derived_secondary_ecl_depth_error
[from data line 288]
375316653866487564,5305180167098307200,0.49157682,2082.884510699277,1.839832777474747,1.9099583E-5,15.2649555,0.004592699,0.23367848,0.023711454,0.019511236,0.018847326,0.091019176,1.21000016E14,0.72149086,0.0048259017,0.035216898,0.004263455,0.25457665,0.012832675,0.027251754,0.0068395715,0.23367848,0.023711454,"TWOGAUSSIANS_WITH_ELLIPSOIDAL_ON_ECLIPSE1",9,200.58702,0.7217409,0.0045791306,0.19721463,0.023875348,0.30876762,0.012218537,0.23367848,0.023711454,0.10926292,0.10554502,0.14552261,1.21000016E14
375316653866487564,5305181193579164160,0.5948106,2074.127470086737,1.351384460542336,2.3309167E-6,17.032135,0.0017898018,0.26527232,7.482884E-4,0.03685426,0.0015113131,0.18061055,0.0040443344,0.7546245,0.004948151,0.036789287,0.005936872,0.048244543,0.00816792,0.013039964,0.0029723702,0.26527232,7.482884E-4,"TWOGAUSSIANS_WITH_ELLIPSOIDAL_ON_ECLIPSE1",9,2.4309735,0.26527232,7.482884E-4,0.20638387,0.008463354,0.20669042,0.0030506733,0.7552045,0.0046114144,0.20602,0.033246484,0.07421419,0.00754851
375316653866487564,5305181300959918336,0.5195458,2108.9612299612722,3.3888529021171645,8.540205E-6,19.78084,0.012905968,0.22656652,0.0038201455,0.068389684,0.004645213,0.42670152,0.0212552,0.7327047,0.003148168,0.07216659,0.0051931934,0.4489414,0.03723851,null,null,null,null,"TWOGAUSSIANS",8,1.4120636,0.7327047,0.003148168,0.4,0.00932596,0.44760275,0.037572123,0.22656652,0.0038201455,0.38298225,0.026013194,0.42536286,0.021062102
375316653866487564,5305181335329449728,0.47015467,2080.8571829384696,2.6667541505890067,2.0725734E-5,15.476325,0.47192675,0.24592115,0.0072786394,0.13967991,0.10207226,0.17046794,0.44907483,0.74974424,0.00601889,0.13378292,0.07616024,0.16504285,0.40147537,null,null,null,null,"TWOGAUSSIANS",8,83.88972,0.24582115,0.007406807,0.4,0.0,0.10931142,0.011309754,0.7498942,0.0059457934,0.4,0.0,0.10414406,0.012571185
375316653866487564,5305181605892495616,0.56019145,2116.113357751564,3.479316591158777,7.5533176E-6,15.890224,0.0018584388,0.2979897,0.0034699,0.081935495,0.00524401,0.09865361,0.0055439062,0.7966855,0.0017300162,0.07327804,0.0036527994,0.08791334,0.0030053058,null,null,null,null,"TWOGAUSSIANS",8,4.429475,0.2979897,0.0034699,0.4,0.0,0.09764039,0.0058101583,0.7966855,0.0017300162,0.4,0.0018213773,0.08690012,0.0030836235
375316653866487564,5305182705408081664,0.48869798,2072.9751872259867,1.7007427052604898,1.3204559E-5,18.569872,0.059794255,0.28579032,0.0055015027,0.11392055,0.021505048,0.1629444,0.053587534,0.76702726,0.007362827,0.13830933,0.04118147,0.12030133,0.058450807,null,null,null,null,"TWOGAUSSIANS",8,1.5972924,0.2861303,0.0049340446,0.4,0.0,0.13050988,0.010440365,0.76702726,0.007362827,0.4,0.0,0.08750415,0.007740424
375316653866487564,5305182808487460736,0.4907966,2104.775417714969,1.8564340205811207,1.4907988E-5,17.32099,0.026123125,0.25037974,0.007057839,0.09444119,0.014725693,0.27344778,0.024561767,0.76240426,0.0045622624,0.09945356,0.012532204,0.24360673,0.023737688,null,null,null,null,"TWOGAUSSIANS",8,13.946201,0.25037974,0.007057839,0.4,0.0,0.25769183,0.019427206,0.76240426,0.0045622624,0.4,0.0,0.22784947,0.016187003
375316653866487564,5305185282388697728,0.6185224,2079.8648261118747,1.9559835652533661,4.145107E-6,17.211943,0.0065096403,0.23803881,0.0020219611,0.08884179,0.0029008947,0.34248048,0.007861717,0.7357756,8.4551953E-4,0.093508996,0.0027230552,0.29167885,0.005081395,null,null,null,null,"TWOGAUSSIANS",8,3.3963256,0.23803881,0.0020219611,0.4,0.0,0.32829016,0.006258538,0.7357756,8.4551953E-4,0.4,0.0,0.27748826,0.003337141
375316653866487564,5305186386210846976,0.5565105,2123.8691319929912,0.6586338985812151,8.462784E-6,16.089787,0.018450629,0.22647466,0.00441641,0.12691978,0.015978634,0.12794867,0.016788052,0.7258923,0.0019140405,0.10465854,0.009573801,0.17670032,0.015333607,null,null,null,null,"TWOGAUSSIANS",8,6.0048327,0.7258923,0.0019098234,0.4,0.0,0.14856339,0.0049689547,0.22647466,0.00441641,0.4,0.0,0.09970646,0.004983223
375316653866487564,5305186592369248128,0.65816456,2086.9225805595697,0.388477769768657,3.5736177E-6,16.180086,0.001078967,0.083569065,1.1087993E-4,0.0045850887,2.7189666E-4,0.052454855,0.0012172934,0.8870668,5.2003674E-5,0.0111362375,8.313159E-5,0.48986655,0.003630363,null,null,null,null,"TWOGAUSSIANS",8,2.2839174,0.8870668,5.2003674E-5,0.06236293,4.6553693E-4,0.48986655,0.003630363,0.083569065,1.1087993E-4,0.025676498,0.0015226214,0.052454855,0.0012172934
375316653866487564,5305186725497876736,0.469129,2072.6597085603094,1.7691788749564386,3.1691176E-5,18.31345,0.005827633,0.586193,5.6817837E-4,0.004399981,8.361087E-4,0.63899374,0.22970228,0.46511042,0.011415175,0.05633506,0.020498093,0.14282341,0.04651977,null,null,null,null,"TWOGAUSSIANS",8,10.82078,0.58617306,5.589983E-4,0.024639891,0.004682209,0.6531775,0.23530312,0.46511042,0.011415175,0.31547636,0.11478932,0.14282341,0.04651977
375316653866487564,5305186867246960768,0.47677198,2081.878327520014,0.9176684038586698,1.5051449E-5,18.392015,0.006274851,0.20989525,0.020636342,0.09956042,0.025307324,0.054615796,0.00950115,0.7345676,1.3690744E-5,0.0097659975,1.2421503E-4,2.470521,0.08839133,null,null,null,null,"TWOGAUSSIANS",8,4.9407163,0.7345676,1.3690744E-5,0.054689586,6.956042E-4,2.4705205,0.08839154,0.20989525,0.020636342,0.4,0.0,0.054614782,0.009505298
375316653866487564,5305187004685925888,0.5052198,2078.7980635748345,0.3085819102409748,6.557759E-5,16.751451,0.0024632842,0.31192932,0.017176697,0.020823108,0.010888119,0.4466556,353.15842,null,null,null,null,null,null,0.016665904,0.003319606,0.31192932,0.017176697,"ONEGAUSSIAN_WITH_ELLIPSOIDAL",6,11.519117,0.31192932,0.017176697,0.11660941,0.06097347,0.47998738,353.1578,null,null,null,null,null,null
375316653866487564,5305187588789986560,0.5336846,2088.6551419751536,2.9764912034355184,7.943448E-6,19.870544,0.0094064465,0.21955755,0.0034695494,0.040963262,0.0067561534,0.4098098,0.038487572,0.7467588,0.007590069,0.014550565,0.004421682,0.49030682,0.38972318,0.15810987,0.021036027,0.21955755,0.0034695494,"TWOGAUSSIANS_WITH_ELLIPSOIDAL_ON_ECLIPSE1",9,2.7910252,0.7467588,0.007590069,0.08148316,0.02476142,0.79737914,0.4075312,0.21955755,0.0034695494,0.22939427,0.037834458,0.72602946,0.036092374
375316653866487564,5305187863667897728,0.5843029,2088.761102527669,0.917730636722104,1.05313E-5,18.884703,0.0036701162,0.2931091,0.0013044378,0.03327147,0.0012129361,1.453942,0.14314897,0.7968587,0.0035476543,0.042128958,0.0033628533,0.12058836,0.008556637,null,null,null,null,"TWOGAUSSIANS",8,1.8066549,0.2931091,0.0013044378,0.18632022,0.0067924424,1.453942,0.14314897,0.7968587,0.0035476543,0.23592217,0.01883198,0.12058836,0.008556637
375316653866487564,5305188207276638592,0.6012315,2096.9598690673033,1.3623756664018527,4.472733E-6,18.4732,0.0039811395,0.32395488,8.699176E-4,0.040783405,0.0013409539,0.5302092,0.012917246,0.81951827,0.0032155146,0.049591627,0.004596601,0.12975265,0.009733958,null,null,null,null,"TWOGAUSSIANS",8,2.598078,0.32395488,8.699176E-4,0.22838706,0.0075093415,0.5302091,0.012917251,0.81951827,0.0032155146,0.27771312,0.025740964,0.12975258,0.0097340215
375316653866487564,5305189925252346880,0.5755505,2110.7310862782538,0.588292197778591,3.4468112E-6,17.751467,0.0025772708,0.23564334,0.0031691012,0.018368317,0.0037042233,0.23735838,0.039349474,0.7341919,0.001255495,0.021851579,0.001040713,0.7124954,0.07568641,0.016117116,0.0037867895,0.23564334,0.0031691012,"TWOGAUSSIANS_WITH_ELLIPSOIDAL_ON_ECLIPSE1",9,6.347385,0.7341919,0.0012551462,0.122368835,0.005827993,0.7447269,0.07706961,0.23564334,0.0031691012,0.10286257,0.020743651,0.26959258,0.038030818
375316653866487564,5305191196562127360,0.46445256,2048.510301889665,4.557035760215355,2.4504898E-5,19.32375,0.087538496,0.31689912,0.011735327,0.10356412,0.030681036,0.31775138,0.08078659,0.8408545,0.0062009245,0.118630216,0.032156043,0.30153742,0.08064852,null,null,null,null,"TWOGAUSSIANS",8,4.3538413,0.31680912,0.011973786,0.4,0.0,0.27966323,0.039978363,0.84087455,0.0060378546,0.4,0.0,0.26334468,0.019162074
375316653866487564,5305191535855855488,0.46179807,2070.8851971539443,2.734686737585759,2.7255343E-5,17.947733,0.029231837,0.2558324,0.012871182,0.11244344,0.02283752,0.17911309,0.028531631,0.77106756,0.008917354,0.103294395,0.017253954,0.18202755,0.030647257,null,null,null,null,"TWOGAUSSIANS",8,9.513035,0.7710976,0.008915053,0.4,0.0,0.16123004,0.01344493,0.25582242,0.012871292,0.4,0.0,0.15829787,0.013555581
375316653866487564,5305192261725584384,0.50353396,2040.8534759511483,3.0684907402062245,1.1288165E-5,19.733257,0.018086469,0.3017281,0.007853922,0.08420869,0.012580771,0.36813152,0.03477945,0.7958521,0.0032609766,0.08732319,0.005186178,0.36869437,0.018209444,null,null,null,null,"TWOGAUSSIANS",8,1.3817942,0.7958521,0.0032609766,0.4,0.0,0.35917413,0.012862266,0.3017281,0.007853922,0.4,0.0,0.35861135,0.040277738
375316653866487564,5305193631799883008,0.46841273,2056.2213584482556,0.4264924023094812,1.9174255E-5,17.604885,0.0018140324,0.16868924,0.004638096,0.023723071,0.0045413496,0.07222598,0.0067276135,0.5485833,0.0061786105,0.009056688,0.0040842844,0.008037073,0.0019879472,null,null,null,null,"TWOGAUSSIANS",8,3.1653333,0.16868924,0.004638096,0.1328492,0.025431558,0.07222598,0.0067276135,0.5485833,0.0061786105,0.050717454,0.022871992,0.008037073,0.0019879472
375316653866487564,5305193837958373888,0.59110427,2062.8669823264763,3.3267455605636633,4.7688104E-6,18.857798,0.014965304,0.21661754,0.0028536594,0.052378155,0.00617097,0.39746705,0.05268156,0.71364427,0.0020696651,0.046853792,0.0044860467,0.34181243,0.03289597,0.12441897,0.020544259,0.21661754,0.0028536594,"TWOGAUSSIANS_WITH_ELLIPSOIDAL_ON_ECLIPSE1",9,2.3305259,0.21661754,0.0028536594,0.29331768,0.034557432,0.6462999,0.05042775,0.71397424,0.0017097987,0.26238126,0.025121862,0.5905682,0.017259924
375316653866487564,5305194838706024320,0.5781685,2045.066768044404,0.4274289957505482,8.4216545E-6,15.345292,5.757263E-4,0.14447778,0.0029247608,0.016503591,0.002556306,0.08952592,0.0019364485,0.6367335,2.4329219E-4,0.007600405,8.5552473E-4,0.030338993,0.0029023555,0.013671155,9.426929E-4,0.14447778,0.0029247608,"TWOGAUSSIANS_WITH_ELLIPSOIDAL_ON_ECLIPSE1",9,3.2508712,0.14447778,0.0029247608,0.092420116,0.014315314,0.11686822,0.0018732426,0.63676345,2.27606E-4,0.042562265,0.0047909385,0.057616875,0.0026357623
375316653866487564,5305195246707828992,0.5141551,2057.9423020145623,3.2115637169204883,1.4944285E-5,17.577818,0.05866443,0.24897362,0.0049377796,0.12082463,0.027417483,0.1725523,0.056410503,0.74152815,0.0055364496,0.12132743,0.032692127,0.15365545,0.05520832,null,null,null,null,"TWOGAUSSIANS",8,4.4268594,0.24901363,0.0049393303,0.4,0.0,0.13640086,0.0079950625,0.74152815,0.0055364496,0.4,0.0,0.11750704,0.00679331
375316653866487564,5305196621107489152,0.5435754,2075.2068012848413,3.851324444578757,1.1459916E-5,18.78142,0.009012852,0.25583088,0.0041503743,0.08773947,0.006808086,0.33015683,0.024842193,0.7705847,0.0046019214,0.08200088,0.004950139,0.32946765,0.020015111,null,null,null,null,"TWOGAUSSIANS",8,3.4802058,0.25583088,0.0041503743,0.4,0.0,0.32351875,0.026025815,0.7705847,0.0046019214,0.4,0.0,0.32282963,0.020398574
375316653866487564,5305197140808713472,0.55162567,2084.076403274211,3.1420422225425195,8.4326075E-6,16.913607,0.0061092614,0.270263,0.002406636,0.06721876,0.0033813403,0.30055246,0.012317217,0.76367563,0.0046859575,0.07049216,0.005068675,0.37257445,0.011003533,null,null,null,null,"TWOGAUSSIANS",8,21.138872,0.76367563,0.0046859575,0.3947561,0.0138798645,0.3718017,0.010897064,0.270263,0.002406636,0.37642506,0.018935505,0.29977974,0.012359797
375316653866487564,5305197754968605696,0.516791,2052.0691237604046,3.6221860342109227,1.6008269E-5,17.866325,0.032950833,0.2389591,0.003881672,0.09717186,0.011310867,0.28853387,0.0315661,0.7473235,0.0039813532,0.10144705,0.012644947,0.25032383,0.030818276,null,null,null,null,"TWOGAUSSIANS",8,7.3418245,0.2389591,0.003881672,0.4,0.0,0.2682709,0.019269247,0.7473235,0.0039813532,0.4,0.0,0.23005913,0.017832106
375316653866487564,5305198102881200512,0.4708547,2053.699556351567,1.1962301686795682,5.644415E-5,17.690798,0.005685444,0.3483155,0.0041454225,0.022260496,0.0038386756,0.24717773,0.03325739,0.86138535,0.03266136,0.030673763,0.031475805,0.03708995,0.070353396,null,null,null,null,"TWOGAUSSIANS",8,16.341116,0.3483155,0.0041454225,0.12465878,0.021496583,0.24717773,0.03325739,0.86138535,0.03266136,0.17177306,0.17626451,0.03708995,0.070353396
375316653866487564,5305198545242822400,0.5100677,2085.268932521792,3.278354842681778,1.1954215E-5,19.855713,0.014777283,0.23121114,0.0040088263,0.061348572,0.010902316,0.46908066,0.053595707,0.74653155,0.003242089,0.07516153,0.0051303506,0.4618955,0.04918138,null,null,null,null,"TWOGAUSSIANS",8,2.6168334,0.23121114,0.0040088263,0.343552,0.06105297,0.46833614,0.054688666,0.74653155,0.003242089,0.4,0.0,0.461151,0.049276914
375316653866487564,5305198686996961664,0.46990645,2085.428586994674,2.494416749404822,2.6281556E-5,17.04241,0.0032268062,null,null,null,null,null,null,null,null,null,null,null,null,0.046399754,0.0047145397,0.2829812,0.0067019695,"ELLIPSOIDAL",4,14.699569,null,null,null,null,null,null,null,null,null,null,null,null
375316653866487564,5305202049936146432,0.57332814,2055.9453009303056,3.4175185657444835,6.64858E-6,18.891117,0.006291852,0.18152994,0.0025523577,0.06579541,0.0024344167,0.5922834,0.019179823,0.6792431,0.001850652,0.065834224,0.0038580366,0.67428106,0.047793914,null,null,null,null,"TWOGAUSSIANS",8,2.9888492,0.6792431,0.001850652,0.36867163,0.021605005,0.6734105,0.048164427,0.18152994,0.0025523577,0.36845428,0.013632732,0.5914129,0.019255215
375316653866487564,5305202672726268672,0.50012994,2032.3995714582798,3.0084859621938866,1.5605194E-5,17.912586,0.32857063,0.2898392,0.009884901,0.13647404,0.09121929,0.18458001,0.32405153,0.7998629,0.009206618,0.11256602,0.051255412,0.19304168,0.2647944,null,null,null,null,"TWOGAUSSIANS",8,4.36205,0.8000629,0.008646128,0.4,0.0,0.14755134,0.019712565,0.2898092,0.009753525,0.4,0.0,0.13864656,0.011358504
375316653866487564,5305203149447906432,0.55925894,2077.988509880718,2.490471104574975,5.389691E-6,18.897493,0.010948554,0.29047605,0.0034255218,0.08353315,0.005192746,0.3157966,0.011271217,0.7830432,0.0044275587,0.09520282,0.0056925844,0.26464376,0.014298736,null,null,null,null,"TWOGAUSSIANS",8,1.3942311,0.29047605,0.0034255218,0.4,0.0,0.30561784,0.009161042,0.7830432,0.0044275587,0.4,0.0,0.25446442,0.011453012
375316653866487564,5305203325549525376,0.47776777,2070.897769100869,3.4376628294188687,1.1590102E-5,19.551872,0.0050101546,0.72679824,0.0036979544,0.05888283,0.01155831,0.071181044,0.016862482,null,null,null,null,null,null,0.11825747,0.008220096,0.72679824,0.0036979544,"ONEGAUSSIAN_WITH_ELLIPSOIDAL",6,2.360023,0.72679824,0.0036979544,0.32974383,0.06472654,0.30768713,0.014433189,null,null,null,null,null,null
375316653866487564,5305203462988514304,0.5135606,2079.1249263057016,3.944002405621841,1.0145741E-5,19.851667,0.02252916,0.33819517,0.0044293846,0.08527786,0.010681273,0.45516366,0.042555105,0.83059525,0.004445166,0.09217604,0.006775154,0.4441452,0.026124142,null,null,null,null,"TWOGAUSSIANS",8,1.6607118,0.33819517,0.0044293846,0.4,0.0,0.4401486,0.047388256,0.83059525,0.004445166,0.4,0.0,0.42912975,0.022730287
375316653866487564,5305203871002535936,0.5355445,2083.9115851407564,2.888676299899322,8.597764E-6,19.503748,0.010266327,0.25414476,0.002325711,0.057349775,0.0042211977,0.5149112,0.068022355,0.7420237,0.00396863,0.054266915,0.005021999,0.8379548,0.06886547,null,null,null,null,"TWOGAUSSIANS",8,5.120435,0.7420237,0.00396863,0.30389473,0.028123196,0.83791983,0.06889878,0.25414476,0.002325711,0.32115874,0.023638707,0.51487625,0.06804046
