Gaia/vari_eclipsing_binary/VariEclipsingBinary_609163-609233.csv
# %ECSV 1.0
# ---
# delimiter: ','
# meta: !!omap
# - RELEASE: Gaia DR3
# - TABLE: vari_eclipsing_binary
# - DESCRIPTION: >
#     This table describes the properties of the eclipsing binaries resulting from the variability analysis. 
# - CITATION: >
#     How to cite and acknowledge Gaia: 
#     https://gea.esac.esa.int/archive/documentation/credits.html 
# - KNOWN_ISSUES: >
#     Known issues: 
#     https://www.cosmos.esa.int/web/gaia-users/known-issues 
# - DOCUMENTATION: >
#     Tutorials and documentation: 
#     https://www.cosmos.esa.int/web/gaia-users/archive 
# datatype:
# - 
#   name: solution_id
#   datatype: int64
#   description: Solution Identifier
#   meta:
#     ucd: meta.version
# - 
#   name: source_id
#   datatype: int64
#   description: Unique source identifier
#   meta:
#     ucd: meta.id;meta.main
# - 
#   name: global_ranking
#   datatype: float32
#   description: Number between 0 (worst) and 1 (best)
#   meta:
#     ucd: stat.param
# - 
#   name: reference_time
#   datatype: float64
#   unit: d
#   description: Reference time used for the geometric model fit
#   meta:
#     ucd: time.epoch
# - 
#   name: frequency
#   datatype: float64
#   unit: d**-1
#   description: Frequency of geometric model of the eclipsing binary light curve
#   meta:
#     ucd: src.orbital
# - 
#   name: frequency_error
#   datatype: float32
#   unit: d**-1
#   description: "Uncertainty of \\texttt{frequency}"
#   meta:
#     ucd: stat.error
# - 
#   name: geom_model_reference_level
#   datatype: float32
#   unit: mag
#   description: Magnitude reference level of geometric model
#   meta:
#     ucd: phot.mag;em.opt
# - 
#   name: geom_model_reference_level_error
#   datatype: float32
#   unit: mag
#   description: "Uncertainty of \\texttt{geomModelReferenceLevel}"
#   meta:
#     ucd: stat.error;phot.mag;em.opt
# - 
#   name: geom_model_gaussian1_phase
#   datatype: float32
#   description: Phase of the Gaussian 1 component
#   meta:
#     ucd: time.phase
# - 
#   name: geom_model_gaussian1_phase_error
#   datatype: float32
#   description: "Uncertainty of \\texttt{geomModelGaussian1Phase}"
#   meta:
#     ucd: stat.error;time.phase
# - 
#   name: geom_model_gaussian1_sigma
#   datatype: float32
#   description: "Standard deviation [phase] of Gaussian 1 component"
#   meta:
#     ucd: stat.stdev
# - 
#   name: geom_model_gaussian1_sigma_error
#   datatype: float32
#   description: "Uncertainty of \\texttt{geomModelGaussian1Sigma}"
#   meta:
#     ucd: stat.error
# - 
#   name: geom_model_gaussian1_depth
#   datatype: float32
#   unit: mag
#   description: Magnitude depth of Gaussian 1 component
#   meta:
#     ucd: src.var.amplitude
# - 
#   name: geom_model_gaussian1_depth_error
#   datatype: float32
#   unit: mag
#   description: "Uncertainty of \\texttt{geomModelGaussian1Depth}"
#   meta:
#     ucd: stat.error;src.var.amplitude
# - 
#   name: geom_model_gaussian2_phase
#   datatype: float32
#   description: Phase of Gaussian 2 component
#   meta:
#     ucd: time.phase
# - 
#   name: geom_model_gaussian2_phase_error
#   datatype: float32
#   description: "Uncertainty of \\texttt{geomModelGaussian2Phase}"
#   meta:
#     ucd: stat.error;time.phase
# - 
#   name: geom_model_gaussian2_sigma
#   datatype: float32
[...]
#   datatype: float32
#   description: "Secondary eclipse: uncertainty of \\texttt{derivedSecondaryEclDuration}"
#   meta:
#     ucd: stat.error;time.duration
# - 
#   name: derived_secondary_ecl_depth
#   datatype: float32
#   unit: mag
#   description: "Secondary eclipse: depth"
#   meta:
#     ucd: src.var.amplitude
# - 
#   name: derived_secondary_ecl_depth_error
#   datatype: float32
#   unit: mag
#   description: "Secondary eclipse: uncertainty of \\texttt{derivedSecondaryEclDepth}"
#   meta:
#     ucd: stat.error;src.var.amplitude
solution_id,source_id,global_ranking,reference_time,frequency,frequency_error,geom_model_reference_level,geom_model_reference_level_error,geom_model_gaussian1_phase,geom_model_gaussian1_phase_error,geom_model_gaussian1_sigma,geom_model_gaussian1_sigma_error,geom_model_gaussian1_depth,geom_model_gaussian1_depth_error,geom_model_gaussian2_phase,geom_model_gaussian2_phase_error,geom_model_gaussian2_sigma,geom_model_gaussian2_sigma_error,geom_model_gaussian2_depth,geom_model_gaussian2_depth_error,geom_model_cosine_half_period_amplitude,geom_model_cosine_half_period_amplitude_error,geom_model_cosine_half_period_phase,geom_model_cosine_half_period_phase_error,model_type,num_model_parameters,reduced_chi2,derived_primary_ecl_phase,derived_primary_ecl_phase_error,derived_primary_ecl_duration,derived_primary_ecl_duration_error,derived_primary_ecl_depth,derived_primary_ecl_depth_error,derived_secondary_ecl_phase,derived_secondary_ecl_phase_error,derived_secondary_ecl_duration,derived_secondary_ecl_duration_error,derived_secondary_ecl_depth,derived_secondary_ecl_depth_error
[from data line 759]
375316653866487564,5358786822132925696,0.4641222,2191.736485093406,0.2292951544311135,4.886458E-5,16.204626,0.004497411,0.41082716,0.032379776,0.05436715,0.03058224,0.027477214,0.012986448,0.8528319,0.010306336,0.015318605,0.0049371887,0.5523472,2.72501,null,null,null,null,"TWOGAUSSIANS",8,7.2896314,0.8528319,0.010306336,0.08578419,0.027648257,0.5523472,2.72501,0.41082716,0.032379776,0.30445603,0.17126054,0.027477214,0.012986448
375316653866487564,5358787509339467136,0.659136,2135.371757425403,0.46548845496653324,1.5127649E-6,16.864744,0.0012982765,0.15786491,3.8097135E-4,0.017680425,4.918214E-4,0.5373331,0.014505523,0.657636,0.006555963,0.0180947,0.004042464,0.47948766,0.1933162,null,null,null,null,"TWOGAUSSIANS",8,3.466514,0.15786491,3.8097135E-4,0.099010386,0.0027541996,0.5373331,0.014505523,0.657636,0.006555963,0.10133032,0.022637798,0.47948766,0.1933162
375316653866487564,5358788810701069440,0.52124286,2139.8657020315736,4.388661699541846,1.0694904E-5,18.373293,0.027609173,0.2670695,0.0058480557,0.103385,0.013542378,0.32973132,0.028824054,0.7475209,0.0031981743,0.101668276,0.010755833,0.30174634,0.025129652,null,null,null,null,"TWOGAUSSIANS",8,5.215397,0.2670795,0.0058504515,0.4,0.0,0.30426738,0.027975652,0.7475209,0.0031981743,0.4,0.0,0.27628532,0.018922407
375316653866487564,5358789497895980416,0.5863254,2134.3786164636053,0.758771682937015,8.339819E-5,18.158209,0.002078141,0.44934016,0.00868471,0.030300401,0.0035019196,0.5367552,0.10611806,0.6668018,0.061674222,0.05962073,0.07445306,0.01019221,0.8231985,null,null,null,null,"TWOGAUSSIANS",8,1.5732894,0.44934016,0.008671767,0.16968225,0.01961075,0.5367684,0.10613081,0.6668018,0.061674222,0.3338761,0.41693717,0.01019221,0.8231985
375316653866487564,5358789845801724288,0.57039046,2171.718828173879,3.220019741335585,7.055491E-6,16.995056,0.1205256,0.25386998,0.040939156,0.04763174,0.06526661,0.038464412,0.20895313,0.7229212,0.0022918368,0.069878176,0.037763387,0.048826892,0.20655826,0.10012417,0.08639875,0.7229212,0.0022918368,"TWOGAUSSIANS_WITH_ELLIPSOIDAL_ON_ECLIPSE2",9,9.0080385,0.7229212,0.0022918368,0.39131775,0.048658453,0.24899428,0.0068917708,0.23858999,0.022838151,0.26673776,0.18682952,0.23476806,0.015437792
375316653866487564,5358790013292022400,0.60067064,2135.957475846681,3.2094655605273217,2.4907822E-6,18.8516,0.00887498,0.23702458,0.0026448849,0.03447671,0.0034012597,0.5625839,0.022652654,0.7360941,0.00898298,0.04079761,0.0066820183,0.5495888,0.04997742,0.17504378,0.010663896,0.23702458,0.0026448849,"TWOGAUSSIANS_WITH_ELLIPSOIDAL_ON_ECLIPSE1",9,3.8949797,0.23702458,0.0026448849,0.19306956,0.019047055,0.91267145,0.02148708,0.73616415,0.008775355,0.22846662,0.037419304,0.8996653,0.05673006
375316653866487564,5358790872285584768,0.50147736,2178.6158697055744,3.350409900767895,2.0439933E-5,18.89909,0.21043608,0.26688358,0.008413111,0.12167832,0.039472267,0.48082963,0.20011596,0.7672238,0.0044587217,0.11540789,0.03229021,0.5308267,0.19484407,null,null,null,null,"TWOGAUSSIANS",8,8.976498,0.7672238,0.0044704634,0.4,0.0,0.4223102,0.027626526,0.26688358,0.008488201,0.4,0.0,0.37219512,0.03894319
375316653866487564,5358791323272070784,0.48782575,2165.3043771743232,1.7996927092088078,9.742344E-6,18.809214,0.004960782,0.30235696,0.0028936781,0.0422955,0.0030541704,0.14658469,0.012327813,0.7997745,0.0066612815,0.04027128,0.0048584603,0.15287194,0.013953027,null,null,null,null,"TWOGAUSSIANS",8,2.7058408,0.7997745,0.0066612815,0.22551917,0.027207376,0.15287192,0.013953027,0.30235696,0.0028936781,0.23685479,0.017103355,0.14658469,0.012327812
375316653866487564,5358792732021172992,0.63229436,2136.0621795880816,2.458007743177379,3.3073798E-6,15.782725,0.01074629,0.32776165,0.0012210018,0.11489461,0.0046665627,0.25468194,0.009689605,0.8287943,9.257922E-4,0.10723419,0.0037510435,0.2670404,0.009815654,null,null,null,null,"TWOGAUSSIANS",8,5.839679,0.8287943,9.2489517E-4,0.4,0.0,0.22617759,0.0034134646,0.32776165,0.0012210018,0.4,0.0,0.21378994,0.0032596695
375316653866487564,5358793522295174272,0.5240642,2154.0414316445226,1.6623003259540086,1.2752399E-5,17.625912,0.00707868,0.19728506,0.005206473,0.04266028,0.004846915,0.26850092,0.017453933,0.6947325,0.0027860308,0.037536476,0.0041118646,0.82325,0.120663695,null,null,null,null,"TWOGAUSSIANS",8,41.08058,0.6947325,0.0027860308,0.21020426,0.02302644,0.82325,0.1206637,0.19728506,0.005206473,0.23889758,0.027142726,0.26850092,0.017453935
375316653866487564,5358794484359345920,0.5141202,2130.317458280608,2.783689690962366,1.1143726E-5,19.79311,0.02017569,0.2810419,0.0033345371,0.06927231,0.004258701,0.5144289,0.027775098,0.7950438,0.011076017,0.0832932,0.011102132,0.37860134,0.0366862,null,null,null,null,"TWOGAUSSIANS",8,3.0629256,0.2810419,0.0033345371,0.38792494,0.02350291,0.51146513,0.026730387,0.7950438,0.011076017,0.4,0.0,0.3756376,0.0368055
375316653866487564,5358794656166551168,0.5379884,2162.744075848044,1.2755169955283843,4.41108E-6,12.865671,0.011472941,0.2506322,0.0021819288,0.12105531,0.01004025,0.12106425,0.010368925,0.7503172,0.0013439417,0.10703763,0.0059119677,0.17830496,0.010228568,null,null,null,null,"TWOGAUSSIANS",8,24.568686,0.7503172,0.0013439417,0.4,0.0,0.15242793,0.0036656775,0.2506322,0.0021819288,0.4,0.0,0.095145926,0.0034113943
375316653866487564,5358794759237265152,0.5561183,2141.908972855148,3.2678667525277594,5.271481E-6,18.276466,0.012141564,0.2644784,0.006428528,0.08491463,0.0066759842,0.4032222,0.023371957,0.7748228,0.0022602293,0.08214033,0.0050584334,0.3348334,0.011682539,null,null,null,null,"TWOGAUSSIANS",8,4.051155,0.2644784,0.006428528,0.4,0.0,0.39630193,0.023236778,0.7748228,0.0022602293,0.4,0.0,0.32791314,0.010899264
375316653866487564,5358796236714494080,0.5628114,2172.973712604534,2.15389008251221,5.6007866E-6,17.40037,0.010864412,0.24076688,0.002570932,0.11728515,0.007896673,0.16658643,0.009978816,0.7352696,0.0021747344,0.105133906,0.006349121,0.18132734,0.009631047,null,null,null,null,"TWOGAUSSIANS",8,1.7595553,0.7352696,0.0021747344,0.4,0.0,0.15522526,0.004437049,0.24076688,0.002570289,0.4,0.0,0.14045052,0.004681324
375316653866487564,5358796717752466432,0.5616021,2165.6477206761106,2.0082375002264055,5.8024048E-6,19.245441,0.003940308,0.23403797,0.0139259165,0.061573286,0.013206294,0.10005565,0.0073216334,0.7375415,0.0022241222,0.051160436,0.0029659742,0.49803016,0.026609272,null,null,null,null,"TWOGAUSSIANS",8,1.1835585,0.7375415,0.0022241222,0.28649843,0.016609455,0.4980113,0.026615627,0.23403797,0.0139259165,0.3448104,0.073955245,0.10003681,0.007321176
375316653866487564,5358797508024587904,0.48572567,2185.0273199926905,2.515443697422533,1.5900323E-5,17.148966,0.0034040536,0.79432553,0.0040262234,0.009658629,0.005211755,0.039549977,9.372133,null,null,null,null,null,null,0.081374414,0.005208467,0.79432553,0.0040262234,"ONEGAUSSIAN_WITH_ELLIPSOIDAL",6,20.272324,0.79432553,0.0040262234,0.054088324,0.029185828,0.2022985,9.371628,null,null,null,null,null,null
375316653866487564,5358798023420696704,0.50687796,2175.3904580663175,1.931896780771705,1.2937119E-5,17.693544,0.004944693,0.2398802,0.0041751144,0.10952221,0.01023939,0.08394313,0.004334862,0.7426191,0.003218066,0.08744191,0.0070595504,0.077834696,0.006028852,null,null,null,null,"TWOGAUSSIANS",8,1.1939353,0.2398802,0.0041751144,0.4,0.0,0.07773703,0.0031180738,0.7426191,0.003218066,0.4,0.0,0.071633615,0.0055882335
375316653866487564,5358799256063117440,0.52370787,2166.560627434668,1.2346707170321283,3.09262E-6,17.935349,0.002068999,0.5330778,0.023875868,0.01823995,0.01039593,0.052684058,0.024932705,0.7082202,1.9303661E-4,0.009275599,2.566491E-4,0.6066938,0.034546133,null,null,null,null,"TWOGAUSSIANS",8,4.3097625,0.7082202,1.9303661E-4,0.051943354,0.0014372349,0.6066938,0.034546133,0.5330778,0.023875868,0.10214373,0.05821721,0.052684058,0.024932705
375316653866487564,5358799427861918080,0.5085551,2159.5681917450247,1.9115898618937168,1.2921721E-5,19.08312,0.0047449283,0.25698406,0.0047277934,0.045515098,0.0041492647,0.22390419,0.01724452,0.7663363,0.004700243,0.038246725,0.0032020798,0.26751468,0.03153637,null,null,null,null,"TWOGAUSSIANS",8,3.2376666,0.7663363,0.004700243,0.21418166,0.017931646,0.26751468,0.031536374,0.25698406,0.0047277934,0.25488454,0.023235882,0.22390419,0.017244523
375316653866487564,5358802554593955712,0.5137905,2129.4151236181665,1.429959197464232,1.854305E-5,18.300676,0.007530087,0.24878614,0.0065217954,0.056359917,0.0066132597,0.46363643,0.027611772,0.74089664,0.0021744766,0.04675522,0.0021582264,0.35838306,0.012399641,null,null,null,null,"TWOGAUSSIANS",8,14.349169,0.24878614,0.0065217954,0.31561553,0.037034255,0.463632,0.027613036,0.74089664,0.0021744766,0.26182923,0.012086067,0.35837862,0.012398411
375316653866487564,5358802765064927104,0.54288816,2166.2772292411637,0.9849304282341143,1.9307849E-5,17.682617,0.005319363,0.24801017,0.0024185462,0.024568768,0.0016368894,0.33741122,0.014172438,0.74514824,0.01655527,0.11622955,0.036750086,0.028157799,0.005417082,null,null,null,null,"TWOGAUSSIANS",8,5.337451,0.24801017,0.0024185462,0.1375851,0.009166581,0.3373086,0.014090729,0.74514824,0.01655527,0.4,0.0,0.028049728,0.0053593447
375316653866487564,5358803933297600896,0.5102117,2117.7227133471565,1.0764514351408419,1.3256077E-5,16.142384,0.0012796179,0.19191784,0.0024914576,0.016882513,0.007363837,0.18556917,0.13981898,0.67062277,0.0020734526,0.016430233,0.004871556,0.18087718,0.1032428,null,null,null,null,"TWOGAUSSIANS",8,9.010626,0.19191784,0.0024914576,0.09454207,0.04123749,0.18556917,0.13981898,0.67062277,0.0020734526,0.092009306,0.027280714,0.18087718,0.1032428
375316653866487564,5358804753621423360,0.5696806,2146.9759178585505,1.6031628827276814,4.687214E-6,16.28296,0.014976799,0.21703771,0.0023771536,0.07957133,0.003918193,0.43800658,0.01392663,0.74225235,0.0037691062,0.08884513,0.0074099842,0.23868062,0.014729864,null,null,null,null,"TWOGAUSSIANS",8,43.647713,0.21703771,0.0023771536,0.4,0.0,0.43313363,0.011469664,0.74225235,0.0037691062,0.4,0.0,0.2338075,0.012985163
375316653866487564,5358805342045006720,0.5484061,2174.261506502932,2.4598956263407747,9.325903E-6,17.167091,0.010622363,0.2633047,0.0019966336,0.09506095,0.0045015845,0.3343288,0.010543649,0.76317364,0.005826946,0.090911776,0.006947057,0.35821772,0.017318059,null,null,null,null,"TWOGAUSSIANS",8,16.250628,0.76317364,0.005826946,0.4,0.0,0.33963227,0.016335843,0.2633047,0.0019966336,0.4,0.0,0.31574288,0.009075084
375316653866487564,5358805754361976960,0.521304,2180.3956989607327,3.5628165148347644,1.09444E-5,18.105755,0.0065443064,0.2904138,0.003043979,0.06693667,0.0042127883,0.18351585,0.008019578,0.7905283,0.004809809,0.07847894,0.007034498,0.14794463,0.008196298,null,null,null,null,"TWOGAUSSIANS",8,3.4314427,0.2904138,0.003043979,0.37484536,0.023591613,0.18263733,0.007750945,0.7905283,0.004809809,0.4,0.0,0.1470661,0.0081122685
375316653866487564,5358806024931993344,0.48770013,2149.7690280109427,0.370549574799952,1.5203805E-5,16.340887,0.0015841783,0.31064874,0.004572891,0.020817425,0.0042899195,0.067901894,0.0035847772,null,null,null,null,null,null,0.029937683,0.0026703626,0.31064874,0.004572891,"ONEGAUSSIAN_WITH_ELLIPSOIDAL",6,9.55796,0.31064874,0.004572891,0.11657758,0.024023548,0.12777725,0.0032894022,null,null,null,null,null,null
375316653866487564,5358806338467986944,0.521223,2079.4807681974057,3.291527056547701,1.2412921E-5,18.917398,0.00998952,0.23118086,0.0077452674,0.06776253,0.007958253,0.30654466,0.03918067,0.71815115,0.003816297,0.07825959,0.005940152,0.38028944,0.017953165,null,null,null,null,"TWOGAUSSIANS",8,5.3968415,0.71815115,0.003816297,0.4,0.0,0.37885678,0.018064264,0.23118086,0.0077452674,0.37947017,0.03906111,0.30511203,0.03967755
375316653866487564,5358806510276170240,0.47926712,2135.197791670211,2.973138671163203,1.3927381E-5,16.619558,1.0369947,0.23551604,0.004500545,0.16401652,0.07890962,0.5078018,0.8750109,0.7361164,0.00425107,0.17287132,0.10324605,0.516566,0.962904,null,null,null,null,"TWOGAUSSIANS",8,31.749525,0.7362464,0.0044687768,0.4,0.0,0.18673676,0.015013136,0.23535605,0.004876436,0.4,0.0,0.18399046,0.0131382635
375316653866487564,5358806991312529664,0.6311237,2126.2920427243275,1.1569074047644166,4.536623E-6,15.344629,0.01545498,0.18001202,0.001655672,0.12628053,0.006735392,0.24890095,0.015089464,0.67918015,8.46119E-4,0.11002495,0.0041485694,0.2938413,0.014187427,null,null,null,null,"TWOGAUSSIANS",8,8.799195,0.67918015,8.46119E-4,0.4,0.0,0.23744504,0.0040867208,0.18001202,0.001655672,0.4,0.0,0.19232765,0.0026592484
375316653866487564,5358811732946774656,0.5030603,2164.151353358348,3.0916010994408705,1.9528545E-5,19.07827,0.07829604,0.27848226,0.003893423,0.10875956,0.019321397,0.3086822,0.07327823,0.78477526,0.008772201,0.12747306,0.035580214,0.26407403,0.07246696,null,null,null,null,"TWOGAUSSIANS",8,2.2482479,0.27843225,0.0039549815,0.4,0.0,0.25221178,0.016093446,0.7847853,0.008764607,0.4,0.0,0.20737486,0.015907302
375316653866487564,5358811732956103936,0.5699925,2162.9308750955893,2.069582638128561,6.3018324E-6,16.192495,0.010883322,0.20504013,0.0052953106,0.08425357,0.008001741,0.16403463,0.011010689,0.6856013,0.0025841277,0.08617745,0.0046471404,0.30180213,0.010051133,null,null,null,null,"TWOGAUSSIANS",8,18.950352,0.6856013,0.0025841277,0.4,0.0,0.29753107,0.007633538,0.20504013,0.0052953106,0.4,0.0,0.15976363,0.009211647
375316653866487564,5358812347123838720,0.5034249,2181.358055120649,3.41701015661547,1.1549709E-5,18.715523,0.08606125,0.26157716,0.0053088707,0.13219698,0.028151937,0.25715733,0.079485886,0.73935276,0.009696793,0.1311693,0.028975926,0.21950485,0.08478368,null,null,null,null,"TWOGAUSSIANS",8,2.160199,0.26196715,0.004681887,0.4,0.0,0.19103271,0.0077819517,0.73935276,0.009696793,0.4,0.0,0.153491,0.011937811
375316653866487564,5358812518922548352,0.47969055,2189.635890026075,0.12480771030693605,3.3564686E-6,17.02082,0.0012562069,0.098905586,0.0027609004,0.0024366286,0.002105078,0.079308145,0.31467333,0.5943793,0.0036332686,0.0044288593,0.0010506199,0.1746104,0.15593576,null,null,null,null,"TWOGAUSSIANS",8,3.2360704,0.5943793,0.0036332686,0.024801612,0.005883471,0.1746104,0.15593576,0.098905586,0.0027609004,0.013645121,0.011788436,0.079308145,0.31467333
375316653866487564,5358813687153527936,0.52416176,2147.5684080981096,3.3975045614758628,1.5510821E-5,19.728348,0.018596841,0.27764177,0.005144733,0.07410216,0.006272309,0.61383003,0.054653935,0.7667269,0.0033061695,0.07215984,0.0074768215,0.54240865,0.025053278,null,null,null,null,"TWOGAUSSIANS",8,2.9274142,0.27764177,0.005144733,0.4,0.0,0.6112425,0.055038188,0.7667269,0.0033061695,0.4,0.015653927,0.5398211,0.025297584
375316653866487564,5358813687153585920,0.5483064,2185.873987193258,1.144134896055053,1.8739003E-5,17.685488,0.0046620825,0.09092242,1.4559024E-4,0.00393159,1.3727612E-4,0.84570825,0.024219016,0.6620246,0.004561873,0.013540607,0.005353994,0.12901688,0.029238056,0.013612668,0.008966238,0.6620246,0.004561873,"TWOGAUSSIANS_WITH_ELLIPSOIDAL_ON_ECLIPSE2",9,23.791544,0.09092242,1.4559024E-4,0.022016903,7.6874625E-4,0.86785185,0.02553131,0.6620246,0.004561873,0.075827405,0.029982368,0.15624219,0.029596254
375316653866487564,5358814309938417920,0.40033957,2211.8666133055713,0.010712111996068235,3.7253398E-5,18.964777,0.10592829,0.28840858,0.0130004985,0.098254874,0.020114828,0.4863063,0.09468016,0.7200879,0.025922969,0.13730925,0.03665493,0.41479185,0.10412395,null,null,null,null,"TWOGAUSSIANS",8,34.776417,0.28974858,0.01195745,0.4,0.0,0.44205946,0.047585126,0.7200879,0.025922969,0.4,0.0,0.3674914,0.05229439
