Gaia/vari_eclipsing_binary/VariEclipsingBinary_685335-685345.csv
# %ECSV 1.0
# ---
# delimiter: ','
# meta: !!omap
# - RELEASE: Gaia DR3
# - TABLE: vari_eclipsing_binary
# - DESCRIPTION: >
#     This table describes the properties of the eclipsing binaries resulting from the variability analysis. 
# - CITATION: >
#     How to cite and acknowledge Gaia: 
#     https://gea.esac.esa.int/archive/documentation/credits.html 
# - KNOWN_ISSUES: >
#     Known issues: 
#     https://www.cosmos.esa.int/web/gaia-users/known-issues 
# - DOCUMENTATION: >
#     Tutorials and documentation: 
#     https://www.cosmos.esa.int/web/gaia-users/archive 
# datatype:
# - 
#   name: solution_id
#   datatype: int64
#   description: Solution Identifier
#   meta:
#     ucd: meta.version
# - 
#   name: source_id
#   datatype: int64
#   description: Unique source identifier
#   meta:
#     ucd: meta.id;meta.main
# - 
#   name: global_ranking
#   datatype: float32
#   description: Number between 0 (worst) and 1 (best)
#   meta:
#     ucd: stat.param
# - 
#   name: reference_time
#   datatype: float64
#   unit: d
#   description: Reference time used for the geometric model fit
#   meta:
#     ucd: time.epoch
# - 
#   name: frequency
#   datatype: float64
#   unit: d**-1
#   description: Frequency of geometric model of the eclipsing binary light curve
#   meta:
#     ucd: src.orbital
# - 
#   name: frequency_error
#   datatype: float32
#   unit: d**-1
#   description: "Uncertainty of \\texttt{frequency}"
#   meta:
#     ucd: stat.error
# - 
#   name: geom_model_reference_level
#   datatype: float32
#   unit: mag
#   description: Magnitude reference level of geometric model
#   meta:
#     ucd: phot.mag;em.opt
# - 
#   name: geom_model_reference_level_error
#   datatype: float32
#   unit: mag
#   description: "Uncertainty of \\texttt{geomModelReferenceLevel}"
#   meta:
#     ucd: stat.error;phot.mag;em.opt
# - 
#   name: geom_model_gaussian1_phase
#   datatype: float32
#   description: Phase of the Gaussian 1 component
#   meta:
#     ucd: time.phase
# - 
#   name: geom_model_gaussian1_phase_error
#   datatype: float32
#   description: "Uncertainty of \\texttt{geomModelGaussian1Phase}"
#   meta:
#     ucd: stat.error;time.phase
# - 
#   name: geom_model_gaussian1_sigma
#   datatype: float32
#   description: "Standard deviation [phase] of Gaussian 1 component"
#   meta:
#     ucd: stat.stdev
# - 
#   name: geom_model_gaussian1_sigma_error
#   datatype: float32
#   description: "Uncertainty of \\texttt{geomModelGaussian1Sigma}"
#   meta:
#     ucd: stat.error
# - 
#   name: geom_model_gaussian1_depth
#   datatype: float32
#   unit: mag
#   description: Magnitude depth of Gaussian 1 component
#   meta:
#     ucd: src.var.amplitude
# - 
#   name: geom_model_gaussian1_depth_error
#   datatype: float32
#   unit: mag
#   description: "Uncertainty of \\texttt{geomModelGaussian1Depth}"
#   meta:
#     ucd: stat.error;src.var.amplitude
# - 
#   name: geom_model_gaussian2_phase
#   datatype: float32
#   description: Phase of Gaussian 2 component
#   meta:
#     ucd: time.phase
# - 
#   name: geom_model_gaussian2_phase_error
#   datatype: float32
#   description: "Uncertainty of \\texttt{geomModelGaussian2Phase}"
#   meta:
#     ucd: stat.error;time.phase
# - 
#   name: geom_model_gaussian2_sigma
#   datatype: float32
[...]
#   datatype: float32
#   description: "Secondary eclipse: uncertainty of \\texttt{derivedSecondaryEclDuration}"
#   meta:
#     ucd: stat.error;time.duration
# - 
#   name: derived_secondary_ecl_depth
#   datatype: float32
#   unit: mag
#   description: "Secondary eclipse: depth"
#   meta:
#     ucd: src.var.amplitude
# - 
#   name: derived_secondary_ecl_depth_error
#   datatype: float32
#   unit: mag
#   description: "Secondary eclipse: uncertainty of \\texttt{derivedSecondaryEclDepth}"
#   meta:
#     ucd: stat.error;src.var.amplitude
solution_id,source_id,global_ranking,reference_time,frequency,frequency_error,geom_model_reference_level,geom_model_reference_level_error,geom_model_gaussian1_phase,geom_model_gaussian1_phase_error,geom_model_gaussian1_sigma,geom_model_gaussian1_sigma_error,geom_model_gaussian1_depth,geom_model_gaussian1_depth_error,geom_model_gaussian2_phase,geom_model_gaussian2_phase_error,geom_model_gaussian2_sigma,geom_model_gaussian2_sigma_error,geom_model_gaussian2_depth,geom_model_gaussian2_depth_error,geom_model_cosine_half_period_amplitude,geom_model_cosine_half_period_amplitude_error,geom_model_cosine_half_period_phase,geom_model_cosine_half_period_phase_error,model_type,num_model_parameters,reduced_chi2,derived_primary_ecl_phase,derived_primary_ecl_phase_error,derived_primary_ecl_duration,derived_primary_ecl_duration_error,derived_primary_ecl_depth,derived_primary_ecl_depth_error,derived_secondary_ecl_phase,derived_secondary_ecl_phase_error,derived_secondary_ecl_duration,derived_secondary_ecl_duration_error,derived_secondary_ecl_depth,derived_secondary_ecl_depth_error
[from data line 373]
375316653866487564,6028335042052925440,0.5207189,2301.863310880477,0.2799846653298996,3.1723324E-5,18.776873,0.0055506253,0.2780312,0.010466548,0.028313518,0.00871394,0.115555815,0.014839642,0.76362723,0.0069816117,0.024044873,0.00923038,0.2857652,0.05218108,0.06735353,0.008524971,0.76362723,0.0069816117,"TWOGAUSSIANS_WITH_ELLIPSOIDAL_ON_ECLIPSE2",9,4.825735,0.76362723,0.0069816117,0.13465129,0.05169013,0.4204722,0.05096806,0.2770412,0.009587514,0.15855569,0.048798066,0.24923757,0.009305201
375316653866487564,6028335213846354176,0.45997542,2314.741257360569,2.3485897943002225,4.1254796E-5,19.166391,0.037412763,0.2513444,0.005997358,0.10435432,0.015070505,0.3533314,0.03487745,0.7519576,0.017077178,0.05528312,0.017376428,0.48805368,0.49561882,null,null,null,null,"TWOGAUSSIANS",8,12.622258,0.7519576,0.017077178,0.30958548,0.097308,0.482609,0.49855298,0.2513444,0.005997358,0.4,0.0,0.34787938,0.031950906
375316653866487564,6028335218234710144,0.4905628,2305.9340471782157,2.3793393168147055,5.734681E-5,19.377014,0.0088361055,0.30944762,0.008215629,0.05868147,0.01107096,0.2394695,0.03341436,0.8053364,0.0068956604,0.06484731,0.013801356,0.13842502,0.014483883,null,null,null,null,"TWOGAUSSIANS",8,2.3610013,0.30944762,0.008215629,0.32861623,0.061997376,0.23938298,0.03345731,0.8053364,0.0068956604,0.36314496,0.070660554,0.1383385,0.014524851
375316653866487564,6028335424388808704,0.4526677,2321.7385758509863,0.38561821433674354,1.2545474E-4,17.763947,0.030414833,0.23154254,0.009005005,0.07513853,0.02008938,0.091198295,0.027132908,0.75169384,0.023418054,0.14939709,0.11673815,0.045046907,0.024897719,null,null,null,null,"TWOGAUSSIANS",8,4.4552674,0.23134254,0.009065318,0.4,0.05862669,0.08450732,0.014552657,0.75169384,0.023418054,0.4,0.0,0.03799145,0.008905539
375316653866487564,6028335454364422400,0.63548803,2311.8075407134165,0.535480031761616,1.5804944E-5,18.046658,0.0022331504,0.20075338,0.005471139,0.022726675,0.0028920786,0.89923507,0.11407974,null,null,null,null,null,null,0.028514603,0.0034654422,0.20075338,0.005471139,"ONEGAUSSIAN_WITH_ELLIPSOIDAL",6,1.9755766,0.20075338,0.005471139,0.12726939,0.01619564,0.9562642,0.11444347,null,null,null,null,null,null
375316653866487564,6028335664911362688,0.43545568,2320.929448687028,1.5531383724174237,1.8679604E-5,19.89189,0.02726761,0.12930913,0.0036196897,0.027148264,0.006656386,0.1560382,0.038330536,0.83587843,0.022940533,0.080812894,0.022441348,0.3654404,0.03395219,null,null,null,null,"TWOGAUSSIANS",8,2.3951643,0.83587843,0.022940533,0.4,0.0,0.3654404,0.033951998,0.12919913,0.003582876,0.15203027,0.03727576,0.1565405,0.03893593
375316653866487564,6028336008508750848,0.49652722,2293.1189172966187,2.6995351678409856,2.912087E-5,18.848057,0.22480324,0.28049958,0.005632309,0.16681917,0.060008846,0.41821998,0.216645,0.77148944,0.0136933755,0.1123555,0.028850894,0.4546078,0.19184925,null,null,null,null,"TWOGAUSSIANS",8,2.9131246,0.77148944,0.0136933755,0.4,0.0,0.30485147,0.022270128,0.28053957,0.005595288,0.4,0.0,0.25903404,0.013572932
375316653866487564,6028336352106246144,0.47843698,2313.4470059186156,2.3862877226708927,3.770106E-5,19.376863,0.0122523885,0.28427154,0.0061590006,0.038317934,0.009312381,0.33273232,0.03253074,0.7602213,0.015197075,0.030791467,0.016502513,0.111474365,0.74240506,null,null,null,null,"TWOGAUSSIANS",8,7.603705,0.28427154,0.0061590006,0.21458043,0.052149333,0.33273232,0.03253074,0.7602213,0.015197075,0.17243221,0.092414066,0.111474365,0.74240506
375316653866487564,6028336420821326208,0.48341605,2314.2637788514335,3.2059146291108007,2.7859123E-5,19.605822,0.027783094,0.26436725,0.0090000965,0.09358129,0.015389687,0.30270228,0.034622386,0.75376135,0.004290998,0.09265255,0.010025866,0.41331765,0.032372627,null,null,null,null,"TWOGAUSSIANS",8,3.3815353,0.75376135,0.004290998,0.4,0.0,0.3968689,0.030705929,0.26436725,0.0090000965,0.4,0.0,0.28625354,0.032950494
375316653866487564,6028336455228481280,0.43660063,2307.252681864615,3.9503171884346795,2.3721876E-5,15.881733,0.0012552532,0.45799252,0.0017296801,0.0075779986,0.0015033109,0.35886687,0.2637993,0.7830461,0.0019324593,0.015968747,0.0027660483,0.22935866,0.02859738,1.4533052E-4,0.0019933586,0.45799252,0.0017296801,"TWOGAUSSIANS_WITH_ELLIPSOIDAL_ON_ECLIPSE1",9,21.469412,0.45799252,0.0017296801,0.04243679,0.0084185405,0.35915753,0.26396295,0.7830461,0.0019302152,0.08942499,0.015489871,0.22941865,0.028640417
375316653866487564,6028336730049142528,0.41831145,2305.4640077603153,1.2258115418238598,7.421642E-5,17.911537,0.030048976,0.2292445,0.010054068,0.093721025,0.022300845,0.1655685,0.032889083,0.6862437,0.037153795,0.082478754,0.04213966,0.17923006,0.04145188,null,null,null,null,"TWOGAUSSIANS",8,28.284729,0.6862437,0.037153795,0.4,0.08292611,0.17626148,0.03441722,0.2292445,0.010050526,0.4,0.0,0.16259882,0.026416183
375316653866487564,6028336867488091264,0.46096835,2284.756399717657,2.936092575645825,5.1155144E-5,18.766258,0.0049517965,0.26908463,0.007224331,0.0135503225,0.04370754,0.1528847,347.2997,null,null,null,null,null,null,0.0644322,0.00552226,0.26908463,0.007224331,"ONEGAUSSIAN_WITH_ELLIPSOIDAL",6,4.8458858,0.26908463,0.007224331,0.07588181,0.24476221,0.28174907,347.2997,null,null,null,null,null,null
375316653866487564,6028337275430600192,0.44565102,2303.2935138890584,2.707780405736195,3.4465116E-5,17.193867,0.004494228,0.258713,0.008657915,0.015844977,0.018559057,0.108302385,0.23938759,null,null,null,null,null,null,0.054585896,0.0062960153,0.258713,0.008657915,"ONEGAUSSIAN_WITH_ELLIPSOIDAL",6,27.895102,0.258713,0.008657915,0.08873186,0.10393072,0.217474,0.23924091,null,null,null,null,null,null
375316653866487564,6028337279805009920,0.50576663,2303.5117951841257,2.2103728458724596,1.7457005E-5,19.206226,0.016235076,0.17380732,0.004664678,0.096897446,0.009089238,0.20019418,0.01489671,0.69405967,0.0059816786,0.08767667,0.010714825,0.19893259,0.02115589,null,null,null,null,"TWOGAUSSIANS",8,1.3398825,0.17380732,0.004664678,0.4,0.0,0.19268885,0.010221799,0.69405967,0.005984044,0.4,0.0,0.19142824,0.020567125
375316653866487564,6028337485963465088,0.46790293,2274.5726169184563,2.636955021821667,1.1568734E-4,19.475445,0.07217679,0.15997925,0.025223028,0.08513374,0.06279517,0.30102456,0.04609502,0.6714639,0.0075161825,0.069574945,0.014907024,0.45835948,0.06724158,null,null,null,null,"TWOGAUSSIANS",8,8.080994,0.6714639,0.007409044,0.3896197,0.041597974,0.4553118,0.04081421,0.15997925,0.025223028,0.4,0.0,0.29797685,0.07342765
375316653866487564,6028337657762182656,0.42860997,2312.9378553287042,2.029949444374044,1.0099246E-5,19.458004,0.009904658,0.3506781,0.0012434288,0.019634232,0.0033007318,0.69517744,0.47901842,0.7595039,0.014757208,0.016428746,0.015974063,0.046860386,0.071343735,0.029694546,0.014124379,0.3506781,0.0012434288,"TWOGAUSSIANS_WITH_ELLIPSOIDAL_ON_ECLIPSE1",9,6.0894094,0.3506781,0.0012434288,0.1099517,0.018484097,0.7545665,0.48209962,0.7614539,0.014490548,0.09200098,0.089454755,0.08913065,0.07417843
375316653866487564,6028337726538903808,0.55888546,2265.052910018044,2.392632713664091,1.2213021E-5,18.603188,0.007947542,0.24148993,0.0039711776,0.08662658,0.0049807476,0.33912706,0.02075586,0.74273604,0.00216692,0.08397172,0.0033382722,0.2920158,0.009894893,null,null,null,null,"TWOGAUSSIANS",8,2.0149727,0.24148993,0.0039711776,0.4,0.0,0.3307185,0.022129737,0.74273604,0.00216692,0.4,0.0,0.28360724,0.00856145
375316653866487564,6028338035719318272,0.45675448,2312.1316451386565,2.1659749802085577,6.4725165E-5,19.228788,0.0064756065,0.21570358,0.013473572,0.04747187,0.016894478,0.26142064,0.30375692,0.72683203,0.0055112336,0.061303448,0.0060806754,0.2238453,0.0123281665,null,null,null,null,"TWOGAUSSIANS",8,4.682396,0.21570358,0.013473572,0.26584247,0.09460908,0.26141304,0.30377656,0.72683203,0.0055112336,0.3432993,0.034051783,0.22383769,0.012329359
375316653866487564,6028338065727430400,0.44126305,2314.339653902867,1.9285303349954852,1.4818157E-4,19.278385,0.016615698,0.32135904,0.027282361,0.0830294,0.025995567,0.2789811,0.1254278,0.67907375,0.037125017,0.023305872,0.014238355,0.4766941,0.6566843,null,null,null,null,"TWOGAUSSIANS",8,5.509586,0.67907375,0.037125017,0.13051288,0.07973479,0.4767201,0.65665716,0.32135904,0.027282361,0.4,0.05723039,0.2789811,0.12542783
375316653866487564,6028338138809698304,0.450666,2318.42092218794,0.35418527513833226,2.531769E-5,19.61843,0.019469867,0.10602649,0.0035114544,0.027173925,0.004493794,0.2394154,0.02755391,0.6053736,0.0508986,0.0517976,0.11007923,0.1813011,0.13667445,null,null,null,null,"TWOGAUSSIANS",8,2.8627374,0.10602649,0.0035093576,0.15217398,0.025165247,0.2394154,0.027361883,0.6053736,0.0508986,0.29006654,0.15041591,0.1813011,0.13853084
375316653866487564,6028338237503422336,0.5094386,2314.782347664684,0.47132591823670417,5.1235314E-5,18.22522,0.0024329994,0.31339052,9.388754E-4,0.040883146,0.0012483106,0.36489612,0.014009144,0.8069243,0.0073183984,0.046016637,0.012309797,0.048461147,0.013295123,null,null,null,null,"TWOGAUSSIANS",8,2.401684,0.31339052,9.388754E-4,0.22894563,0.006990539,0.3648961,0.014009149,0.8069243,0.0073183984,0.25769317,0.068934865,0.048461135,0.013295205
375316653866487564,6028338340582672384,0.4902931,2299.4697117863043,2.86481910455621,1.0403591E-5,15.064157,0.0061856336,0.27683297,0.0049263383,0.043945048,0.011187609,0.077532336,0.0150376875,0.7772085,0.004332865,0.03087479,0.006931067,0.07576105,0.015527011,0.02466517,0.00859155,0.27683297,0.0049263383,"TWOGAUSSIANS_WITH_ELLIPSOIDAL_ON_ECLIPSE1",9,87.96069,0.27683297,0.0049263383,0.24609226,0.06265061,0.12686259,0.009963644,0.7772085,0.0042155916,0.17289883,0.038813975,0.12509103,0.009822571
375316653866487564,6028338963490282752,0.51022613,2316.2410261870086,1.5094861394923142,1.9322302E-5,18.955065,0.0024827207,0.30089763,0.011068914,0.03128197,0.0051098135,0.25861648,0.023461705,0.7714532,0.002520573,0.032098282,0.0050996356,0.24964489,0.08475325,null,null,null,null,"TWOGAUSSIANS",8,1.0653026,0.30089763,0.011068914,0.17517905,0.028614957,0.25861648,0.023461705,0.7714532,0.002520573,0.17975038,0.028557958,0.24964489,0.08475325
375316653866487564,6028338993417720832,0.4333953,2306.3950235510156,3.0428607990356173,1.8037907E-4,19.658028,0.061257154,0.30249277,0.019010775,0.13238032,0.038328946,0.30319828,0.056125447,0.79494596,0.016446508,0.06853476,0.016913708,0.47710636,0.08897376,null,null,null,null,"TWOGAUSSIANS",8,9.619344,0.79494596,0.016446508,0.38379467,0.06663144,0.4505969,0.07972488,0.30249277,0.019010775,0.4,0.0,0.27619416,0.044015836
375316653866487564,6028339032162768640,0.4344717,2345.83787556828,4.825468965670884,1.649327E-4,19.676174,0.07050134,0.18186975,0.003689143,0.02462258,0.009917514,0.44488856,1.6579828,0.5657272,0.022629032,0.17115122,0.09167227,0.19227237,0.052062914,null,null,null,null,"TWOGAUSSIANS",8,3.9815025,0.18213974,0.0037833205,0.13788645,0.055538077,0.45535937,1.6573166,0.5657272,0.022629032,0.4,0.0,0.18687499,0.041850694
375316653866487564,6028339684997913088,0.5025423,2239.829456075994,3.9017225848187147,1.4609663E-4,19.175846,0.015792767,0.09548262,0.011717953,0.027996955,0.033627395,0.036269497,0.0111993505,0.530448,0.01572289,0.06309198,0.067755796,0.32449755,0.24812539,null,null,null,null,"TWOGAUSSIANS",8,1.1658784,0.530448,0.01572289,0.35331506,0.056501605,0.32449755,0.24914163,0.09548262,0.012351236,0.15678294,0.18831341,0.036269493,0.010922725
375316653866487564,6028339719357916672,0.455772,2322.1987128699825,2.676356221250976,2.799116E-5,19.417799,0.016361987,0.2565892,0.01270769,0.0923993,0.025424771,0.19342723,0.023432491,0.75553113,0.008615828,0.084554195,0.011218151,0.18569916,0.018877687,null,null,null,null,"TWOGAUSSIANS",8,3.3040183,0.2565892,0.01270769,0.4,0.0,0.18654715,0.029788066,0.75553113,0.008615828,0.4,0.0,0.17881924,0.014625687
375316653866487564,6028340299082813952,0.5366184,2324.070297788138,0.4335335109522571,1.2302264E-5,18.009493,0.010571847,0.270799,0.0020213842,0.036458008,0.0019678846,0.71659094,0.039001796,0.7703455,0.0043184995,0.064355634,0.013413913,0.13393259,0.014628685,null,null,null,null,"TWOGAUSSIANS",8,16.290766,0.270799,0.0020213842,0.20416485,0.011020154,0.71658885,0.039001357,0.7703455,0.0043184995,0.36039153,0.075117916,0.13393053,0.014632176
375316653866487564,6028340750196949888,0.6802706,2300.004301766495,1.5058661814684808,7.936476E-6,14.704599,0.0043576085,0.21834892,0.0011736476,0.04495301,0.002513566,0.117822096,0.010629021,0.7176629,0.0019114631,0.0439349,0.0021523107,0.7498838,0.055334732,0.06304543,0.005495376,0.21834892,0.0011736476,"TWOGAUSSIANS_WITH_ELLIPSOIDAL_ON_ECLIPSE1",9,22.747717,0.7176829,0.001877504,0.24603544,0.01205294,0.8759722,0.05988773,0.21834892,0.0011736476,0.25173688,0.01407597,0.24391279,0.0035956693
375316653866487564,6028340990660662784,0.46698865,2304.299762634637,0.43325651223703926,1.9044142E-5,19.267086,0.00667067,0.38595572,0.017855784,0.021986121,0.011287372,0.2082301,0.06767684,0.8939637,0.0047322307,0.006876205,0.0041456143,0.25469568,0.09628602,null,null,null,null,"TWOGAUSSIANS",8,3.585093,0.8939637,0.0047322307,0.03850675,0.023215441,0.25469568,0.09628602,0.38595572,0.017855784,0.12312228,0.06320928,0.2082301,0.06767684
375316653866487564,6028341162459660672,0.5077236,2316.572725358457,0.08616370062547199,2.4573228E-4,19.400923,0.006083676,0.42685342,0.057454363,0.09802143,0.07223445,0.09917863,137.96617,0.8430974,0.0027902885,0.01426801,7.797055E-4,1.637048,0.2874823,null,null,null,null,"TWOGAUSSIANS",8,2.1276684,0.8430974,0.0027902885,0.07990085,0.0043663504,1.6370596,0.28748214,0.42685342,0.057454363,0.4,0.24932908,0.099178165,137.96617
375316653866487564,6028341609136165504,0.5837349,2313.3295379100487,3.5474357942359447,5.0072467E-6,18.967438,0.010806278,0.26687175,0.0015894982,0.042660568,0.0026597746,0.3157187,0.025944918,0.7708388,0.011953037,0.044674695,0.012373475,0.23418908,0.045758672,0.1170884,0.013648729,0.26687175,0.0015894982,"TWOGAUSSIANS_WITH_ELLIPSOIDAL_ON_ECLIPSE1",9,1.7966554,0.26687175,0.0015894982,0.23889917,0.014894738,0.5498952,0.011796091,0.7708388,0.011953037,0.25017828,0.069291465,0.46822014,0.042485803
375316653866487564,6028341746630888448,0.7318658,2294.591986840723,2.112479289054799,3.4127952E-6,16.960766,0.0056536184,0.2118133,6.0682977E-4,0.04583711,0.0024311575,0.23310839,0.0128519405,0.7131218,0.0028216008,0.050136972,0.0035518198,0.29241642,0.01360171,0.19765621,0.0074322755,0.2118133,6.0682977E-4,"TWOGAUSSIANS_WITH_ELLIPSOIDAL_ON_ECLIPSE1",9,2.670602,0.7131218,0.002470862,0.28076705,0.019890191,0.6877004,0.009675233,0.2118133,6.0682977E-4,0.25668782,0.013614482,0.6284191,0.0051934333
375316653866487564,6028341746630904192,0.47668472,2349.1692292773937,0.020675922706834642,6.203954E-5,17.948997,0.1329001,0.082806915,0.017499037,0.2960387,0.026856815,0.87977034,0.13474901,0.61466306,0.005671673,0.09538249,0.008536405,2.424223,0.37000647,null,null,null,null,"TWOGAUSSIANS",8,24.700226,0.61576307,0.0053274836,0.4,0.0,2.1733506,0.39921972,0.08272692,0.01753439,0.4,0.0,0.2074579,0.031891298
375316653866487564,6028341884069889408,0.49005982,2271.587666539634,2.125689301714523,1.2581612E-4,19.82877,0.026004557,0.231091,0.008482094,0.056007445,0.021081457,0.35785842,0.042009566,0.726014,0.008697571,0.07707973,0.009327056,0.49110475,0.034722973,null,null,null,null,"TWOGAUSSIANS",8,4.098957,0.726014,0.008697571,0.4,0.0,0.49047154,0.034278084,0.231091,0.008482094,0.3136417,0.11458882,0.3572252,0.0435076
