Gaia/vari_eclipsing_binary/VariEclipsingBinary_232082-232239.csv
# %ECSV 1.0
# ---
# delimiter: ','
# meta: !!omap
# - RELEASE: Gaia DR3
# - TABLE: vari_eclipsing_binary
# - DESCRIPTION: >
#     This table describes the properties of the eclipsing binaries resulting from the variability analysis. 
# - CITATION: >
#     How to cite and acknowledge Gaia: 
#     https://gea.esac.esa.int/archive/documentation/credits.html 
# - KNOWN_ISSUES: >
#     Known issues: 
#     https://www.cosmos.esa.int/web/gaia-users/known-issues 
# - DOCUMENTATION: >
#     Tutorials and documentation: 
#     https://www.cosmos.esa.int/web/gaia-users/archive 
# datatype:
# - 
#   name: solution_id
#   datatype: int64
#   description: Solution Identifier
#   meta:
#     ucd: meta.version
# - 
#   name: source_id
#   datatype: int64
#   description: Unique source identifier
#   meta:
#     ucd: meta.id;meta.main
# - 
#   name: global_ranking
#   datatype: float32
#   description: Number between 0 (worst) and 1 (best)
#   meta:
#     ucd: stat.param
# - 
#   name: reference_time
#   datatype: float64
#   unit: d
#   description: Reference time used for the geometric model fit
#   meta:
#     ucd: time.epoch
# - 
#   name: frequency
#   datatype: float64
#   unit: d**-1
#   description: Frequency of geometric model of the eclipsing binary light curve
#   meta:
#     ucd: src.orbital
# - 
#   name: frequency_error
#   datatype: float32
#   unit: d**-1
#   description: "Uncertainty of \\texttt{frequency}"
#   meta:
#     ucd: stat.error
# - 
#   name: geom_model_reference_level
#   datatype: float32
#   unit: mag
#   description: Magnitude reference level of geometric model
#   meta:
#     ucd: phot.mag;em.opt
# - 
#   name: geom_model_reference_level_error
#   datatype: float32
#   unit: mag
#   description: "Uncertainty of \\texttt{geomModelReferenceLevel}"
#   meta:
#     ucd: stat.error;phot.mag;em.opt
# - 
#   name: geom_model_gaussian1_phase
#   datatype: float32
#   description: Phase of the Gaussian 1 component
#   meta:
#     ucd: time.phase
# - 
#   name: geom_model_gaussian1_phase_error
#   datatype: float32
#   description: "Uncertainty of \\texttt{geomModelGaussian1Phase}"
#   meta:
#     ucd: stat.error;time.phase
# - 
#   name: geom_model_gaussian1_sigma
#   datatype: float32
#   description: "Standard deviation [phase] of Gaussian 1 component"
#   meta:
#     ucd: stat.stdev
# - 
#   name: geom_model_gaussian1_sigma_error
#   datatype: float32
#   description: "Uncertainty of \\texttt{geomModelGaussian1Sigma}"
#   meta:
#     ucd: stat.error
# - 
#   name: geom_model_gaussian1_depth
#   datatype: float32
#   unit: mag
#   description: Magnitude depth of Gaussian 1 component
#   meta:
#     ucd: src.var.amplitude
# - 
#   name: geom_model_gaussian1_depth_error
#   datatype: float32
#   unit: mag
#   description: "Uncertainty of \\texttt{geomModelGaussian1Depth}"
#   meta:
#     ucd: stat.error;src.var.amplitude
# - 
#   name: geom_model_gaussian2_phase
#   datatype: float32
#   description: Phase of Gaussian 2 component
#   meta:
#     ucd: time.phase
# - 
#   name: geom_model_gaussian2_phase_error
#   datatype: float32
#   description: "Uncertainty of \\texttt{geomModelGaussian2Phase}"
#   meta:
#     ucd: stat.error;time.phase
# - 
#   name: geom_model_gaussian2_sigma
#   datatype: float32
[...]
#   datatype: float32
#   description: "Secondary eclipse: uncertainty of \\texttt{derivedSecondaryEclDuration}"
#   meta:
#     ucd: stat.error;time.duration
# - 
#   name: derived_secondary_ecl_depth
#   datatype: float32
#   unit: mag
#   description: "Secondary eclipse: depth"
#   meta:
#     ucd: src.var.amplitude
# - 
#   name: derived_secondary_ecl_depth_error
#   datatype: float32
#   unit: mag
#   description: "Secondary eclipse: uncertainty of \\texttt{derivedSecondaryEclDepth}"
#   meta:
#     ucd: stat.error;src.var.amplitude
solution_id,source_id,global_ranking,reference_time,frequency,frequency_error,geom_model_reference_level,geom_model_reference_level_error,geom_model_gaussian1_phase,geom_model_gaussian1_phase_error,geom_model_gaussian1_sigma,geom_model_gaussian1_sigma_error,geom_model_gaussian1_depth,geom_model_gaussian1_depth_error,geom_model_gaussian2_phase,geom_model_gaussian2_phase_error,geom_model_gaussian2_sigma,geom_model_gaussian2_sigma_error,geom_model_gaussian2_depth,geom_model_gaussian2_depth_error,geom_model_cosine_half_period_amplitude,geom_model_cosine_half_period_amplitude_error,geom_model_cosine_half_period_phase,geom_model_cosine_half_period_phase_error,model_type,num_model_parameters,reduced_chi2,derived_primary_ecl_phase,derived_primary_ecl_phase_error,derived_primary_ecl_duration,derived_primary_ecl_duration_error,derived_primary_ecl_depth,derived_primary_ecl_depth_error,derived_secondary_ecl_phase,derived_secondary_ecl_phase_error,derived_secondary_ecl_duration,derived_secondary_ecl_duration_error,derived_secondary_ecl_depth,derived_secondary_ecl_depth_error
[from data line 322]
375316653866487564,2042442289984308864,0.62375045,2253.0177814819226,2.263500663101084,3.9370775E-6,12.757304,0.0048942883,0.1813081,0.0013928732,0.086135514,0.0028946546,0.16200602,0.005059053,0.683649,0.0038241874,0.10071084,0.005301042,0.14391729,0.005421793,null,null,null,null,"TWOGAUSSIANS",8,38.75547,0.1813081,0.0013928732,0.4,0.0,0.15385468,0.0038007759,0.683649,0.0038241874,0.4,0.0,0.13576467,0.004157897
375316653866487564,2042442457478840704,0.5343717,2294.9651821269495,2.613875977855824,9.0995745E-6,18.268,0.011340758,0.16221663,0.0033561434,0.07605095,0.0057604467,0.3015271,0.015383545,0.6670179,0.0020743501,0.072472766,0.0055716448,0.28708354,0.01755123,null,null,null,null,"TWOGAUSSIANS",8,4.3408847,0.16221663,0.0033561434,0.4,0.0,0.29970145,0.015385141,0.6670179,0.0020743501,0.4,0.014321459,0.28525785,0.017832061
375316653866487564,2042443698731141888,0.44637558,2274.601981136571,0.4972122506666339,1.3590536E-5,14.2980995,8.315117E-4,0.7487337,0.0044775056,0.023812316,0.014486269,0.07431346,0.057055365,null,null,null,null,null,null,0.0077034226,0.0011222031,0.7487337,0.0044775056,"ONEGAUSSIAN_WITH_ELLIPSOIDAL",6,23.581635,0.7487337,0.0044775056,0.13334897,0.081123106,0.08972027,0.057361238,null,null,null,null,null,null
375316653866487564,2042444003666670464,0.4920088,2242.491620189823,2.268454300692906,2.1339358E-5,18.582964,0.019403424,0.28895506,0.011200436,0.09635403,0.017346647,0.19472325,0.02064541,0.81014365,0.009107269,0.090295106,0.012922166,0.20796897,0.02004333,null,null,null,null,"TWOGAUSSIANS",8,4.113033,0.81014365,0.009107359,0.4,0.0,0.19982713,0.011911654,0.28895506,0.011200436,0.4,0.0,0.18658064,0.013430174
375316653866487564,2042446855525814272,0.45945787,2225.1085272481814,3.5944544975967525,1.9455843E-5,16.383493,0.013027926,0.24365582,0.0050179823,0.07721442,0.013208708,0.099278204,0.012327791,0.730302,0.010394772,0.09813747,0.022086045,0.10129607,0.012585421,null,null,null,null,"TWOGAUSSIANS",8,32.974125,0.730302,0.010394772,0.4,0.0,0.09855293,0.010168297,0.24365582,0.0050190664,0.4,0.009128495,0.09653564,0.009587907
375316653866487564,2042447203424361344,0.522731,2232.967732510245,3.6367878240525644,1.17030095E-5,16.535868,0.0069781486,0.16363649,0.0031380276,0.08612736,0.005367248,0.108844206,0.006834415,0.6829997,0.004557187,0.12510766,0.010840331,0.07702412,0.0069828033,null,null,null,null,"TWOGAUSSIANS",8,4.441916,0.16356649,0.0031525684,0.4,0.0,0.10052029,0.0036311804,0.6829997,0.004557187,0.4,0.0,0.06863819,0.0040938165
375316653866487564,2042448234219135104,0.46962997,2235.3217633996287,0.8191642699891775,1.1985601E-5,16.244959,0.0031203954,0.3202037,0.004885206,0.021243295,0.0028126456,0.3018795,0.0563075,0.82117116,0.007908671,0.020836612,0.007380194,0.09942927,0.10378399,null,null,null,null,"TWOGAUSSIANS",8,55.681965,0.3202037,0.004885206,0.118962444,0.015750816,0.3018795,0.0563075,0.82117116,0.007908671,0.11668503,0.041329086,0.09942927,0.10378399
375316653866487564,2042449917843787904,0.6603272,2287.989138282066,0.5486746016147447,4.1671447E-6,13.913269,4.084924E-4,0.24119842,0.0023320673,0.02219244,0.0015291837,0.18647365,0.007560393,0.7432748,0.002377364,0.016815323,0.0010605537,0.20950377,0.01974704,0.0071558356,5.9033197E-4,0.24119842,0.0023320673,"TWOGAUSSIANS_WITH_ELLIPSOIDAL_ON_ECLIPSE1",9,6.7147,0.7432748,0.002377364,0.09416581,0.0059391004,0.22381297,0.019665413,0.24119842,0.0023320673,0.124277666,0.008563429,0.2007853,0.0074390336
375316653866487564,2042453285098727296,0.5056452,2203.224534756222,0.09284342526264455,1.0657418E-5,15.8907795,0.0077260267,0.27901506,0.003065397,0.0866247,0.008429608,0.10638851,0.006863121,0.78727084,0.0042674164,0.104829654,0.016304398,0.06705557,0.0058388645,null,null,null,null,"TWOGAUSSIANS",8,8.836313,0.27901506,0.003065397,0.4,0.0,0.10158051,0.0042316625,0.78727084,0.0042674164,0.4,0.0,0.062245943,0.0027476514
375316653866487564,2042454522049320576,0.52844393,2214.9954258214248,1.6086830907506207,1.4168312E-5,14.221616,0.043263048,0.22914861,0.0028956672,0.17733249,0.021946723,0.1825144,0.03615115,0.72666174,0.0025611783,0.22586188,0.03220984,0.24066213,0.04227675,null,null,null,null,"TWOGAUSSIANS",8,11.53624,0.72666174,0.0025611783,0.4,0.0,0.051360164,0.0020571603,0.2321486,0.0039518066,0.4,0.0,0.027869185,0.0018520053
375316653866487564,2042456544969038208,0.6031309,2217.7099779886626,3.804138718508242,5.0096205E-6,18.51087,0.005049766,0.265012,0.0018267905,0.05010868,0.0044733956,0.23656543,0.011507532,0.7626529,0.0031828675,0.03482724,0.0048688273,0.1466679,0.02398486,0.11959535,0.007000995,0.265012,0.0018267905,"TWOGAUSSIANS_WITH_ELLIPSOIDAL_ON_ECLIPSE1",9,2.0305886,0.265012,0.0018267905,0.2806086,0.025051014,0.47575518,0.0071294676,0.76297283,0.002722169,0.19503255,0.027265433,0.3858122,0.025494054
375316653866487564,2042458920095887872,0.50716835,2208.6738163215987,2.2645081589285514,4.6329693E-5,15.621239,0.058466583,0.30196002,0.0073506176,0.041223615,0.033189118,0.16567655,0.090150945,0.79118925,0.024754575,0.043956343,0.037243053,0.21497542,0.110748544,0.042971466,0.06311037,0.30196002,0.0073506176,"TWOGAUSSIANS_WITH_ELLIPSOIDAL_ON_ECLIPSE1",9,181.89812,0.79180926,0.024242828,0.24615552,0.20856111,0.3005478,0.07072182,0.30196002,0.0073506176,0.23085225,0.18585907,0.25161943,0.05311749
375316653866487564,2042459637345551232,0.5204204,2249.449416794594,2.416425596533456,1.6294243E-5,18.462322,0.0077403695,0.26121753,0.006735341,0.08923043,0.0071981438,0.18914708,0.01154701,0.7549623,0.0048439745,0.08130852,0.009455291,0.17861281,0.008827886,null,null,null,null,"TWOGAUSSIANS",8,2.4143343,0.26121753,0.006735341,0.4,0.0,0.18466055,0.011034655,0.7549623,0.0048439745,0.4,0.0,0.17412634,0.009095481
375316653866487564,2042462768386502912,0.5954623,2245.217665998778,1.4811006936183706,2.8771715E-6,16.18427,0.0015491372,0.6319678,0.0025379653,0.0027087033,0.0018258238,0.122567795,0.06586955,0.73862386,3.520318E-4,3.7348527E-4,1.10282665E-4,2.393384,3.3845482,null,null,null,null,"TWOGAUSSIANS",8,9.043575,0.73862386,3.520318E-4,0.0020915174,6.1758293E-4,2.393384,3.3845482,0.6319678,0.0025379653,0.015168739,0.010224613,0.122567795,0.06586955
375316653866487564,2042463382558806912,0.5898699,2225.3221066857955,3.381717688440426,7.0580677E-6,18.174473,0.014725102,0.23509201,0.0017028104,0.051806334,0.006416811,0.21781696,0.037798285,0.7284722,0.004105145,0.048640896,0.007907416,0.16767527,0.034888897,0.10452662,0.022395344,0.23509201,0.0017028104,"TWOGAUSSIANS_WITH_ELLIPSOIDAL_ON_ECLIPSE1",9,5.322221,0.23509201,0.0017028104,0.29011548,0.035934143,0.42686805,0.019899566,0.72972214,0.0031213192,0.27238902,0.044281527,0.3764331,0.013589714
375316653866487564,2042464344631580288,0.5425475,2260.6044233850553,2.7443481545512824,1.1028992E-5,17.40547,0.09991817,0.27687848,0.0046334364,0.13384558,0.0383462,0.21034859,0.09637256,0.7786437,0.0018590277,0.12009039,0.029006885,0.22221182,0.09003603,null,null,null,null,"TWOGAUSSIANS",8,4.1713285,0.7786737,0.0018897624,0.4,0.0,0.16147092,0.008110076,0.27686846,0.0046436707,0.4,0.0,0.14929152,0.005135781
375316653866487564,2042464589447371776,0.4722411,2217.040287226665,2.191462124825388,1.0119078E-5,19.299116,0.009322476,0.3381795,0.0040774476,0.021379612,0.0037688192,0.41733918,0.057341293,0.8011223,0.0021455109,0.017999511,0.0023605514,0.5104618,0.089456975,null,null,null,null,"TWOGAUSSIANS",8,7.6685805,0.8011223,0.0021455109,0.10079726,0.013219087,0.5104618,0.089456975,0.3381795,0.0040774476,0.11972583,0.021105386,0.41733918,0.057341293
375316653866487564,2042468094146215424,0.4881878,2238.074792168408,1.7493113114707988,2.7023689E-5,18.177462,0.11249534,0.20282075,0.011947439,0.11130633,0.050293364,0.11606107,0.10462306,0.7257966,0.007314784,0.13381131,0.05806317,0.14022613,0.10792812,null,null,null,null,"TWOGAUSSIANS",8,1.876359,0.7258466,0.00689821,0.4,0.0,0.11392205,0.0066329604,0.20233074,0.010177169,0.4,0.0,0.090055816,0.009954231
375316653866487564,2042470151428224128,0.5688884,2206.949345942381,2.9408160513514625,6.3089483E-6,16.62776,0.010038119,0.19170894,0.0018051068,0.085002005,0.0030945428,0.39302337,0.013280377,0.69254506,0.0017753987,0.08743087,0.0035136328,0.3565362,0.009647675,null,null,null,null,"TWOGAUSSIANS",8,28.889568,0.19170894,0.0018051068,0.4,0.0,0.38200966,0.012367574,0.69254506,0.0017753987,0.4,0.0,0.34552246,0.0071587074
375316653866487564,2042476099965169152,0.58850324,2201.5471827199585,3.866195178366414,2.3044408E-6,18.614603,0.007082702,0.18159598,7.217902E-4,0.049132783,0.0024974498,0.2761313,0.018095024,0.6901065,0.006765972,0.053469393,0.0062462045,0.20468462,0.054944716,0.102496065,0.011014892,0.18159598,7.217902E-4,"TWOGAUSSIANS_WITH_ELLIPSOIDAL_ON_ECLIPSE1",9,1.3571022,0.18159598,7.217902E-4,0.27514356,0.013985719,0.48112085,0.0124038905,0.6901065,0.006765972,0.2994286,0.034978744,0.40908855,0.053749394
375316653866487564,2042479394197442304,0.44205895,2219.308234701364,3.174776123412503,4.2639156E-5,18.57809,0.07818719,0.31444928,0.018316496,0.0957822,0.08939522,0.14212854,0.041402202,0.7739954,0.009412909,0.093057655,0.030632472,0.15363044,0.06983218,null,null,null,null,"TWOGAUSSIANS",8,7.029642,0.7739954,0.009412909,0.4,0.0,0.14871573,0.018451812,0.31444928,0.0181867,0.4,0.0,0.13721319,0.041514814
375316653866487564,2042479531634709504,0.66931343,2242.4948926873267,0.09843374645129455,1.7609667E-5,12.83747,6.370288E-4,0.0544319,0.007973715,0.012072262,0.006624266,0.0023560177,0.0015061866,0.27188313,9.901847E-4,0.005555206,9.077544E-4,0.70245886,0.046486918,null,null,null,null,"TWOGAUSSIANS",8,48.867504,0.27188313,9.901847E-4,0.031109154,0.005083425,0.70245886,0.046486918,0.0544319,0.007973715,0.06760467,0.03709589,0.0023560177,0.0015061866
375316653866487564,2042479639018334208,0.57768357,2232.175587114709,3.19107796728983,6.2530617E-6,15.064984,0.012552013,0.16911435,0.0027954255,0.09126344,0.0061338893,0.3228873,0.011805762,0.666145,0.0024142035,0.100444406,0.006777745,0.3141031,0.00941547,null,null,null,null,"TWOGAUSSIANS",8,67.23425,0.16911435,0.0027954255,0.4,0.0,0.302545,0.010755318,0.666145,0.0024142035,0.4,0.0,0.2937584,0.006469841
375316653866487564,2042481494444190848,0.57095313,2200.6294088318036,3.6515333091059703,1.060613E-5,15.945968,0.0023904988,0.2841005,0.0031609095,0.04675867,0.008560399,0.045743227,0.0076475064,0.7752853,0.00725322,0.039600402,0.006806942,0.038488336,0.0059288037,0.03201071,0.0034643898,0.2841005,0.0031609095,"TWOGAUSSIANS_WITH_ELLIPSOIDAL_ON_ECLIPSE1",9,3.9778144,0.2841005,0.0031609095,0.26184854,0.04793823,0.10976461,0.007097714,0.7767853,0.0059977216,0.22176225,0.038118877,0.102346964,0.003193878
375316653866487564,2042484891756276864,0.5781786,2214.5096930780237,0.900951081865867,9.607315E-6,18.04952,0.0033653914,0.29821473,0.0024584949,0.07093004,0.0037279627,0.12684932,0.004368133,0.790107,0.0014777258,0.052452642,0.0019148423,0.41013172,0.013780773,null,null,null,null,"TWOGAUSSIANS",8,1.967597,0.790107,0.0014777258,0.2937348,0.010723117,0.41004726,0.013794418,0.29821473,0.0024584949,0.39720824,0.016352631,0.12676488,0.0043651666
375316653866487564,2042485269713506304,0.46390495,2236.872729242475,0.06493924652797282,1.8386404E-6,17.64344,0.007109642,0.31925035,4.4952467E-5,0.001448963,5.776304E-5,0.9919044,0.05345355,0.79323506,0.009317095,0.02799888,0.007842025,0.56546855,0.8387665,0.019756986,0.011394292,0.79323506,0.009317095,"TWOGAUSSIANS_WITH_ELLIPSOIDAL_ON_ECLIPSE2",9,35.204445,0.31925035,4.4952467E-5,0.008114193,3.2347304E-4,1.0303719,0.07080854,0.79323506,0.009317095,0.15679373,0.043915335,0.6049825,0.8465573
375316653866487564,2042486094347323648,0.55113953,2221.8883224547767,2.557293434252407,4.635482E-6,18.837927,0.0074949767,0.23987903,0.004191968,0.0971775,0.005577239,0.251832,0.008686547,0.73832947,0.002737149,0.0845876,0.0035920364,0.3097651,0.009615579,null,null,null,null,"TWOGAUSSIANS",8,1.3513874,0.73832947,0.002737149,0.4,0.0,0.29750156,0.0083255945,0.23987903,0.004191968,0.4,0.0,0.23956755,0.007446035
375316653866487564,2042492176021035904,0.4739555,2228.484735197073,0.26986389706480496,3.4283523E-5,17.172716,0.0039699315,0.26555264,0.0051734247,0.044908334,0.0069667804,0.12581271,0.021079125,0.7593478,0.008838125,0.022094026,0.007547939,0.23954047,0.07943023,null,null,null,null,"TWOGAUSSIANS",8,16.77083,0.7593478,0.008838125,0.12372655,0.04226846,0.23954047,0.07943023,0.26555264,0.0051734247,0.2514867,0.03901397,0.12581271,0.021079125
375316653866487564,2042492588337364096,0.51579523,2230.153945953182,3.674539870954585,1.3439645E-5,19.03243,0.015754705,0.28011945,0.008140838,0.09620262,0.009974408,0.28213108,0.01648692,0.79497397,0.0037709982,0.0978214,0.007873603,0.29885733,0.016228084,null,null,null,null,"TWOGAUSSIANS",8,2.2255287,0.79497397,0.0037709982,0.4,0.0,0.28167748,0.015090656,0.28011945,0.008140838,0.4,0.0,0.2649519,0.009568966
375316653866487564,2042494168885812480,0.591983,2195.734187441785,3.2029290863920643,5.869838E-6,16.776207,0.018164359,0.27741498,0.0031551863,0.06624494,0.007852879,0.23079608,0.041016933,0.75647926,0.0036470646,0.060441524,0.0065154964,0.3307588,0.03767947,0.10230261,0.02256179,0.27741498,0.0031551863,"TWOGAUSSIANS_WITH_ELLIPSOIDAL_ON_ECLIPSE1",9,27.577902,0.7596293,0.0028224578,0.33847255,0.03648678,0.53217226,0.012904778,0.27741498,0.0031551863,0.37097165,0.043976124,0.43520296,0.020251168
375316653866487564,2042494787361097472,0.5175678,2215.3092212098413,0.7358182459853905,2.6979071E-6,18.450054,0.0027270392,0.30284297,6.733423E-4,0.014407719,0.0017765953,0.25453565,0.15251793,0.8008969,5.4023267E-6,0.013612029,1.4011044E-4,0.39982614,0.0013323579,null,null,null,null,"TWOGAUSSIANS",8,2.7062576,0.8008969,5.4023267E-6,0.07622737,7.846185E-4,0.39982614,0.0013323579,0.30284297,6.733423E-4,0.080683224,0.0099489335,0.25453565,0.15251793
375316653866487564,2042497540438111104,0.44127947,2259.2439806932834,0.6264547299869345,1.0416761E-5,19.73284,0.009581109,0.18399939,0.004959087,0.014599086,0.0044191284,0.46206003,0.1580042,0.92601573,0.0019802048,0.01645144,0.0025025443,0.21934585,0.023924101,null,null,null,null,"TWOGAUSSIANS",8,5.5636353,0.18399939,0.004959087,0.08175488,0.024747118,0.46206003,0.1580042,0.92601573,0.0019802048,0.09212807,0.014014248,0.21934585,0.023924101
375316653866487564,2042498124558043008,0.6084049,2234.7951696848045,2.3851716694035545,4.1185513E-6,15.966197,0.0076836753,0.2465103,0.0021649231,0.05737281,0.006794676,0.08774443,0.01593052,0.7423207,0.0052709384,0.07016528,0.0065497784,0.18190002,0.015465043,0.064237446,0.008069762,0.2465103,0.0021649231,"TWOGAUSSIANS_WITH_ELLIPSOIDAL_ON_ECLIPSE1",9,11.7142315,0.7432207,0.003780694,0.39292556,0.018276999,0.3100485,0.015253392,0.2465103,0.0021649231,0.32128772,0.038050186,0.21596272,0.0046605244
375316653866487564,2042499460285987968,0.5209928,2247.3677223562995,3.459241774608852,1.36709605E-5,18.550068,0.023804892,0.2798789,0.0027178316,0.1056751,0.008610705,0.30374366,0.022490826,0.7823521,0.004466278,0.09644908,0.012137967,0.33690715,0.03609783,null,null,null,null,"TWOGAUSSIANS",8,4.707368,0.7823521,0.004466278,0.4,0.0,0.30792862,0.04297786,0.2798789,0.0027178316,0.4,0.0,0.2747577,0.006703151
375316653866487564,2042504682966545152,0.6135943,2228.3968486090666,3.3654936311493655,1.2085309E-5,18.316193,0.013377589,0.26908907,0.0026380597,0.059900735,0.0047388077,0.43956918,0.033817466,0.76693034,0.0019278746,0.05593631,0.003754089,0.344566,0.026910959,0.08702164,0.015385784,0.26908907,0.0026380597,"TWOGAUSSIANS_WITH_ELLIPSOIDAL_ON_ECLIPSE1",9,3.8993807,0.26908907,0.0026380597,0.33544412,0.026537322,0.6135268,0.022825852,0.76717037,0.0016667399,0.31324333,0.021022897,0.5184952,0.0075044115
