Gaia/vari_eclipsing_binary/VariEclipsingBinary_473031-473060.csv
# %ECSV 1.0
# ---
# delimiter: ','
# meta: !!omap
# - RELEASE: Gaia DR3
# - TABLE: vari_eclipsing_binary
# - DESCRIPTION: >
#     This table describes the properties of the eclipsing binaries resulting from the variability analysis. 
# - CITATION: >
#     How to cite and acknowledge Gaia: 
#     https://gea.esac.esa.int/archive/documentation/credits.html 
# - KNOWN_ISSUES: >
#     Known issues: 
#     https://www.cosmos.esa.int/web/gaia-users/known-issues 
# - DOCUMENTATION: >
#     Tutorials and documentation: 
#     https://www.cosmos.esa.int/web/gaia-users/archive 
# datatype:
# - 
#   name: solution_id
#   datatype: int64
#   description: Solution Identifier
#   meta:
#     ucd: meta.version
# - 
#   name: source_id
#   datatype: int64
#   description: Unique source identifier
#   meta:
#     ucd: meta.id;meta.main
# - 
#   name: global_ranking
#   datatype: float32
#   description: Number between 0 (worst) and 1 (best)
#   meta:
#     ucd: stat.param
# - 
#   name: reference_time
#   datatype: float64
#   unit: d
#   description: Reference time used for the geometric model fit
#   meta:
#     ucd: time.epoch
# - 
#   name: frequency
#   datatype: float64
#   unit: d**-1
#   description: Frequency of geometric model of the eclipsing binary light curve
#   meta:
#     ucd: src.orbital
# - 
#   name: frequency_error
#   datatype: float32
#   unit: d**-1
#   description: "Uncertainty of \\texttt{frequency}"
#   meta:
#     ucd: stat.error
# - 
#   name: geom_model_reference_level
#   datatype: float32
#   unit: mag
#   description: Magnitude reference level of geometric model
#   meta:
#     ucd: phot.mag;em.opt
# - 
#   name: geom_model_reference_level_error
#   datatype: float32
#   unit: mag
#   description: "Uncertainty of \\texttt{geomModelReferenceLevel}"
#   meta:
#     ucd: stat.error;phot.mag;em.opt
# - 
#   name: geom_model_gaussian1_phase
#   datatype: float32
#   description: Phase of the Gaussian 1 component
#   meta:
#     ucd: time.phase
# - 
#   name: geom_model_gaussian1_phase_error
#   datatype: float32
#   description: "Uncertainty of \\texttt{geomModelGaussian1Phase}"
#   meta:
#     ucd: stat.error;time.phase
# - 
#   name: geom_model_gaussian1_sigma
#   datatype: float32
#   description: "Standard deviation [phase] of Gaussian 1 component"
#   meta:
#     ucd: stat.stdev
# - 
#   name: geom_model_gaussian1_sigma_error
#   datatype: float32
#   description: "Uncertainty of \\texttt{geomModelGaussian1Sigma}"
#   meta:
#     ucd: stat.error
# - 
#   name: geom_model_gaussian1_depth
#   datatype: float32
#   unit: mag
#   description: Magnitude depth of Gaussian 1 component
#   meta:
#     ucd: src.var.amplitude
# - 
#   name: geom_model_gaussian1_depth_error
#   datatype: float32
#   unit: mag
#   description: "Uncertainty of \\texttt{geomModelGaussian1Depth}"
#   meta:
#     ucd: stat.error;src.var.amplitude
# - 
#   name: geom_model_gaussian2_phase
#   datatype: float32
#   description: Phase of Gaussian 2 component
#   meta:
#     ucd: time.phase
# - 
#   name: geom_model_gaussian2_phase_error
#   datatype: float32
#   description: "Uncertainty of \\texttt{geomModelGaussian2Phase}"
#   meta:
#     ucd: stat.error;time.phase
# - 
#   name: geom_model_gaussian2_sigma
#   datatype: float32
[...]
#   datatype: float32
#   description: "Secondary eclipse: uncertainty of \\texttt{derivedSecondaryEclDuration}"
#   meta:
#     ucd: stat.error;time.duration
# - 
#   name: derived_secondary_ecl_depth
#   datatype: float32
#   unit: mag
#   description: "Secondary eclipse: depth"
#   meta:
#     ucd: src.var.amplitude
# - 
#   name: derived_secondary_ecl_depth_error
#   datatype: float32
#   unit: mag
#   description: "Secondary eclipse: uncertainty of \\texttt{derivedSecondaryEclDepth}"
#   meta:
#     ucd: stat.error;src.var.amplitude
solution_id,source_id,global_ranking,reference_time,frequency,frequency_error,geom_model_reference_level,geom_model_reference_level_error,geom_model_gaussian1_phase,geom_model_gaussian1_phase_error,geom_model_gaussian1_sigma,geom_model_gaussian1_sigma_error,geom_model_gaussian1_depth,geom_model_gaussian1_depth_error,geom_model_gaussian2_phase,geom_model_gaussian2_phase_error,geom_model_gaussian2_sigma,geom_model_gaussian2_sigma_error,geom_model_gaussian2_depth,geom_model_gaussian2_depth_error,geom_model_cosine_half_period_amplitude,geom_model_cosine_half_period_amplitude_error,geom_model_cosine_half_period_phase,geom_model_cosine_half_period_phase_error,model_type,num_model_parameters,reduced_chi2,derived_primary_ecl_phase,derived_primary_ecl_phase_error,derived_primary_ecl_duration,derived_primary_ecl_duration_error,derived_primary_ecl_depth,derived_primary_ecl_depth_error,derived_secondary_ecl_phase,derived_secondary_ecl_phase_error,derived_secondary_ecl_duration,derived_secondary_ecl_duration_error,derived_secondary_ecl_depth,derived_secondary_ecl_depth_error
[from data line 339]
375316653866487564,4160980916440320384,0.5779352,2246.329728162696,2.516474189165486,7.636225E-6,19.53205,0.014279398,0.2644193,0.0054758415,0.07350121,0.0054637487,0.6220814,0.024707375,0.7816396,0.0021597992,0.07101175,0.0032089395,0.56311053,0.022434106,null,null,null,null,"TWOGAUSSIANS",8,1.5748774,0.2644193,0.0054758415,0.4,0.012592177,0.62012255,0.024710529,0.7816396,0.0021597992,0.39766583,0.0126506165,0.5611516,0.022179186
375316653866487564,4160981530600002048,0.5267252,2303.75879911088,2.9980155448777936,1.0088127E-4,18.535276,0.009907965,0.10815334,0.013483468,0.1634129,0.063177824,0.02476416,0.008955157,0.54045945,0.0021388284,0.04800731,0.0021818671,0.31088307,0.0133533375,null,null,null,null,"TWOGAUSSIANS",8,1.408834,0.54045945,0.0021388284,0.26884094,0.012218456,0.3099088,0.012769461,0.10815334,0.013483468,0.4,0.0,0.022982245,0.005942611
375316653866487564,4160982084696515072,0.47071034,2256.045010729025,2.683701287420509,9.0692476E-5,19.4959,0.025504492,0.28054038,0.006779616,0.050206237,0.01724883,0.8825773,0.48343864,0.8148894,0.017755779,0.042657327,0.026458759,0.45220613,0.025182057,null,null,null,null,"TWOGAUSSIANS",8,7.6309314,0.28054038,0.006779616,0.28115493,0.09659345,0.8825772,0.48348516,0.8148894,0.017755779,0.23888104,0.14816906,0.45220605,0.025153697
375316653866487564,4160982222134877184,0.61499566,2240.6363920878657,0.8419074115752057,1.6094958E-5,17.767365,0.011125023,0.25424227,0.004289273,0.10549486,0.008286817,0.20806561,0.012908421,0.7536307,0.0037749652,0.095436916,0.0054876697,0.33431327,0.012074737,null,null,null,null,"TWOGAUSSIANS",8,1.8462983,0.7536307,0.0037749652,0.4,0.0,0.3111344,0.009363811,0.25424227,0.004289273,0.4,0.0,0.18488196,0.0120814545
375316653866487564,4160983630862001280,0.5248547,2254.0827286094864,2.236553942738222,3.2306114E-5,19.781834,0.0926579,0.2174664,0.0084771365,0.12003495,0.03329778,0.4628146,0.07190569,0.7696728,0.010731019,0.064827174,0.023729783,0.39426675,0.14170554,null,null,null,null,"TWOGAUSSIANS",8,1.5830181,0.2174664,0.0084771365,0.4,0.0,0.45318678,0.043283988,0.76981276,0.01058956,0.3630322,0.10259101,0.38509154,0.14318922
375316653866487564,4160984038861127424,0.6000153,2300.351057579926,2.3517981399184538,1.2472427E-5,17.314915,0.013150769,0.28993338,0.0021530346,0.06583185,0.0035669652,0.71255386,0.034842256,0.8034349,0.00251677,0.062077913,0.002437166,0.74404085,0.016397988,null,null,null,null,"TWOGAUSSIANS",8,22.069761,0.8034349,0.00251677,0.3476363,0.01364813,0.7435805,0.016206503,0.28993338,0.0021530346,0.36865836,0.019975005,0.71209353,0.03496903
375316653866487564,4160984696017563648,0.46671313,2287.382608433305,1.8314854171551629,2.990575E-5,19.198551,0.057298716,0.37888163,0.024433436,0.1024579,0.036638938,0.19410701,0.056638747,0.85234517,0.006991373,0.07403495,0.042460863,0.16269967,0.027714858,null,null,null,null,"TWOGAUSSIANS",8,2.1797686,0.37888163,0.024427107,0.4,0.0,0.18995276,0.03465646,0.85234517,0.006991373,0.4,0.062172763,0.15855025,0.029723946
375316653866487564,4160985211413393408,0.5745556,2319.798950797783,2.5913174972075605,1.0842841E-5,18.78897,0.026223961,0.17239377,0.0035119497,0.094693266,0.0075234147,0.43137702,0.02831036,0.6779219,0.0040134727,0.10673419,0.0103333285,0.35129142,0.025491567,null,null,null,null,"TWOGAUSSIANS",8,1.4469639,0.17239377,0.003512941,0.4,0.0,0.39834973,0.020155499,0.6779219,0.0040134727,0.4,0.0,0.31825253,0.022048986
375316653866487564,4160986310944760320,0.4967154,2316.477678467498,0.8309081296224197,2.4372775E-5,17.98597,0.004571119,0.21241939,1.1221817E-5,0.0025709406,7.3697505E-5,0.6200402,0.021283584,0.64005303,0.06929896,0.11551937,0.076415055,0.027802717,0.0549,null,null,null,null,"TWOGAUSSIANS",8,3.9030375,0.21241939,1.1221817E-5,0.014397268,4.1270602E-4,0.6200649,0.021207387,0.64005303,0.06929896,0.4,0.025161793,0.027797963,0.054913674
375316653866487564,4160987169918772096,0.41547504,2218.490111889199,1.4825611897839797,1.2929695E-4,19.722935,0.107715264,0.37864494,0.027811961,0.21220767,0.16984515,0.2505956,0.24796996,0.9350798,0.011650754,0.030629948,0.013710745,0.08857186,0.04315126,null,null,null,null,"TWOGAUSSIANS",8,3.1769598,0.37864494,0.027811961,0.4,0.09871086,0.21642053,0.2762567,0.93703985,0.009904809,0.17152771,0.07678017,0.09081579,0.04357024
375316653866487564,4160987272997967360,0.46868005,2226.990177582194,1.217493116876866,1.8196453E-5,19.081877,0.011078283,0.3581043,0.010319712,0.041064516,0.009746074,0.19565415,0.05713336,0.85506475,0.08386119,0.05817734,0.05860469,0.19473304,1.2051351E7,null,null,null,null,"TWOGAUSSIANS",8,2.9412699,0.3581043,0.010319712,0.22996129,0.05457801,0.19565314,0.057134442,0.85506475,0.08386119,0.3257931,0.32818627,0.19473203,1.2051351E7
375316653866487564,4160987685312109824,0.46876016,2252.1132006354387,1.7403000499310288,3.711361E-5,19.62436,0.07823315,0.39798796,0.029320352,0.21741366,0.05511484,0.26857215,0.08595185,0.8392269,0.009956924,0.07701663,0.012264272,0.32540202,0.040140852,null,null,null,null,"TWOGAUSSIANS",8,2.479638,0.8392269,0.009956924,0.4,0.0134684015,0.2863989,0.026069464,0.39798796,0.029320352,0.4,0.0,0.18545148,0.021721892
375316653866487564,4160987749713101312,0.5307984,2332.732821831037,2.384665836251265,2.405202E-5,18.624601,0.04755407,0.10577745,0.008055039,0.08345341,0.014312648,0.41601828,0.044949222,0.6136609,0.008322673,0.088934764,0.015464697,0.4074082,0.057962064,null,null,null,null,"TWOGAUSSIANS",8,9.641765,0.10577745,0.008055039,0.4,0.0,0.40529335,0.037279595,0.6136609,0.008322673,0.4,0.0,0.3966832,0.052020855
375316653866487564,4160988230749672832,0.5838481,2295.8037730576452,1.3482218669196067,3.4002314E-5,18.42758,0.011090677,0.24888176,0.004671634,0.07633371,0.004105444,0.46881017,0.022272622,0.76933783,0.018492926,0.093152866,0.019485276,0.13082649,0.010757569,null,null,null,null,"TWOGAUSSIANS",8,3.4571762,0.24888176,0.004671634,0.4,0.0,0.4647928,0.021997109,0.76933783,0.018492926,0.4,0.0,0.12680884,0.008036728
375316653866487564,4160988608706932352,0.5694123,2274.001055319361,2.216818304247929,9.347372E-6,18.338003,0.008102148,0.24997936,5.111227E-4,0.021933239,0.0015486454,1.2059135,0.17468613,0.7603214,0.0014796115,0.03150228,0.0024929482,0.39452434,0.030744078,0.033304587,0.014481482,0.7603214,0.0014796115,"TWOGAUSSIANS_WITH_ELLIPSOIDAL_ON_ECLIPSE2",9,8.486001,0.24999936,5.111227E-4,0.122826144,0.008672414,1.2722423,0.19952528,0.7603214,0.0014796115,0.17641276,0.0139605105,0.46113342,0.026577258
375316653866487564,4160988716126047232,0.61123914,2289.310790539852,2.0148731000782534,1.629353E-5,17.114664,0.010850159,0.24637319,0.0028628893,0.09995389,0.00575906,0.2790022,0.01169112,0.74517304,0.0031608345,0.09367286,0.006587158,0.28978753,0.010064124,null,null,null,null,"TWOGAUSSIANS",8,5.3505363,0.74517304,0.0031608345,0.4,0.0,0.26986748,0.010037384,0.24637319,0.0028628893,0.4,0.0,0.25908044,0.0075883125
375316653866487564,4160988853543861376,0.49383864,2245.80188596344,3.8054882576519873,2.6547621E-5,19.555695,0.13224626,0.30250704,0.018497799,0.1111531,0.03745595,0.36114696,0.12271113,0.8243726,0.004619089,0.10593572,0.033433855,0.3481963,0.12042776,null,null,null,null,"TWOGAUSSIANS",8,1.5333253,0.30248705,0.018511284,0.4,0.0,0.32171744,0.043984495,0.8244126,0.004535087,0.4,0.0,0.30879238,0.045631025
375316653866487564,4160988887924782592,0.4663763,2222.6871130060413,1.8892520424227428,7.368057E-5,18.773495,0.020890102,0.23212016,0.012839832,0.09419204,0.021404365,0.15008235,0.01923012,0.71926963,0.012569473,0.100046545,0.02631159,0.13962899,0.022013776,null,null,null,null,"TWOGAUSSIANS",8,3.4632893,0.23212016,0.012842841,0.4,0.0,0.14123067,0.012237442,0.71926963,0.012569473,0.4,0.0,0.13077633,0.022400977
375316653866487564,4160989124103227264,0.5529612,2305.401598819321,0.9175299720749487,7.6291806E-5,17.033455,0.0050725276,0.24871099,0.0043967715,0.0495806,0.0036848816,0.5284117,0.11485119,0.7732489,8.1736414E-4,0.05133218,0.008432894,0.08716036,0.0064019156,null,null,null,null,"TWOGAUSSIANS",8,20.874165,0.24871099,0.0043967715,0.27765137,0.020635337,0.5284111,0.114851646,0.7732489,8.1736414E-4,0.2874602,0.047224205,0.0871598,0.0064035575
375316653866487564,4160989364621699200,0.52117145,2256.85202153138,2.3199790952086414,1.7189503E-5,18.492306,0.016406234,0.35322326,0.005142086,0.07749128,0.009235092,0.2223668,0.024026724,0.85722125,0.009560016,0.09036382,0.016883463,0.14475961,0.014644319,null,null,null,null,"TWOGAUSSIANS",8,3.8367376,0.35322326,0.005142086,0.4,0.0,0.21850729,0.022730032,0.85722125,0.009560016,0.4,0.0,0.14090005,0.011535
375316653866487564,4160990979529766016,0.559476,2280.9258499577995,2.6543860145758935,2.951589E-5,17.978561,0.010289752,0.28238025,0.0031115615,0.085180394,0.0045422325,0.3062729,0.011273561,0.77438486,0.010346789,0.08577179,0.018776951,0.25019422,0.03922648,null,null,null,null,"TWOGAUSSIANS",8,4.6853566,0.28238025,0.0031115615,0.4,0.0,0.29958457,0.008115624,0.77438486,0.010346789,0.4,0.0,0.24350591,0.045963213
375316653866487564,4160991013889538560,0.602708,2271.6599586247166,2.044933064158766,1.6273312E-5,17.742224,0.010937931,0.27163258,0.0043322127,0.0876999,0.00881166,0.41866836,0.048254725,0.7645838,0.0034313696,0.07919466,0.0036236863,0.42979795,0.015284984,null,null,null,null,"TWOGAUSSIANS",8,3.8495865,0.7645838,0.0034313696,0.4,0.0,0.4214168,0.013286355,0.27163258,0.0043322127,0.4,0.0,0.41028708,0.051499497
375316653866487564,4160991602344567552,0.5236588,2279.86772515189,2.1132986656309525,6.366218E-5,18.623127,0.0052272934,0.4070466,0.032961987,0.16513777,0.029173767,0.10896215,0.013821177,0.8002967,0.010625745,0.0235201,0.007826784,0.24769734,0.07065383,null,null,null,null,"TWOGAUSSIANS",8,1.7968554,0.8002967,0.010625745,0.13171257,0.043829992,0.25198698,0.07071033,0.4070466,0.032961987,0.4,0.0,0.10672868,0.015180457
375316653866487564,4160991877197663488,0.5509611,2209.4610414362483,1.8091158868688424,1.7560527E-5,19.417603,0.029492833,0.29809004,0.005282126,0.07492662,0.009623349,0.318296,0.02629178,0.79149157,0.00434229,0.08871776,0.010155399,0.36670443,0.032444652,null,null,null,null,"TWOGAUSSIANS",8,0.88588977,0.79149157,0.00434229,0.4,0.0,0.36102062,0.03159037,0.29809004,0.005282126,0.4,0.013711371,0.3126123,0.022101725
375316653866487564,4160993835703231232,0.55337226,2262.087434956115,2.629876527228043,1.7314751E-5,18.765905,0.01999794,0.14994785,0.0071757054,0.07472599,0.012452264,0.42483294,0.03386646,0.6612965,0.008377152,0.08120771,0.009953463,0.37254578,0.052381363,null,null,null,null,"TWOGAUSSIANS",8,3.314381,0.14994785,0.0071757054,0.4,0.0074135647,0.42116982,0.038358897,0.6612965,0.008377152,0.4,0.0,0.36888266,0.05218023
375316653866487564,4160994351122615296,0.47303,2234.3498525416244,1.3752923390979812,8.014988E-6,16.060461,0.0048728758,0.2834387,0.0041486425,0.047595423,0.0062024263,0.27368626,0.029876549,null,null,null,null,null,null,0.0775245,0.006622823,0.2834387,0.0041486425,"ONEGAUSSIAN_WITH_ELLIPSOIDAL",6,71.719124,0.2834387,0.0041486425,0.26653436,0.034733586,0.4287349,0.03035263,null,null,null,null,null,null
375316653866487564,4160994621660990720,0.5165532,2224.187306107062,2.3892276890344752,1.9481216E-5,19.56302,0.007735748,0.359872,0.0033052338,0.079003066,0.004663093,0.2770575,0.010068572,0.8656607,0.0057625645,0.09255336,0.006659325,0.22728652,0.0114319725,null,null,null,null,"TWOGAUSSIANS",8,0.7387717,0.359872,0.0033052338,0.4,0.0,0.27063826,0.009520614,0.8656607,0.0057625645,0.4,0.0,0.22086705,0.0107080955
375316653866487564,4160995652453380096,0.5303558,2259.3224921305173,1.24784702059521,1.9558933E-5,18.76768,0.018988397,0.2567931,0.008442049,0.085230604,0.017454978,0.17836832,0.013957824,0.774009,0.025390219,0.09847287,0.04259538,0.09405738,0.06534728,null,null,null,null,"TWOGAUSSIANS",8,1.0131427,0.2567931,0.008433613,0.4,0.0,0.17362471,0.010286754,0.774009,0.025390219,0.4,0.03919784,0.08931313,0.068386406
375316653866487564,4160996343987532544,0.53972983,2274.1709366029763,0.6377825681288016,4.089225E-5,16.905636,0.03514837,0.3362622,0.06493962,0.17338184,0.331159,0.025435604,0.17870243,0.8679469,0.021237029,0.039025236,0.0062040617,0.57805604,0.290826,null,null,null,null,"TWOGAUSSIANS",8,17.768559,0.8679669,0.02123722,0.21854132,0.034742743,0.5763012,0.29138494,0.3362622,0.06493962,0.4,0.4588374,0.022787286,0.18240646
375316653866487564,4160996786324542848,0.55806255,2190.34265579477,2.465590533386342,4.667889E-5,18.118847,0.028261239,0.25119528,0.0142386425,0.08392227,0.023194375,0.22030888,0.042181462,0.73458517,0.013043592,0.09146454,0.018538345,0.2376213,0.030869486,null,null,null,null,"TWOGAUSSIANS",8,3.6967263,0.73458517,0.013043592,0.4,0.0,0.2316403,0.01942025,0.25119528,0.014236988,0.4,0.0,0.21432808,0.048147872
375316653866487564,4160997439159618304,0.427454,2256.303799024353,0.23439460522038935,3.6720165E-5,18.707151,0.038246226,0.3552892,0.0024237079,0.0644802,0.004684258,0.30915913,0.049956918,0.7888715,0.012610976,0.15316902,0.033525903,0.26799846,0.034911714,null,null,null,null,"TWOGAUSSIANS",8,3.6755896,0.3564292,0.001051127,0.36108914,0.026231844,0.2972231,0.04508983,0.7888715,0.012610976,0.4,0.0,0.2508509,0.030314073
375316653866487564,4160998955304373632,0.49933404,2280.31264365802,2.0011131627465635,5.9788494E-5,19.611376,0.056555543,0.24726142,0.06352921,0.048280574,0.030118678,1.2976551,2.9758186,0.7767295,0.008302312,0.08458912,0.019806424,0.5737577,0.089325175,null,null,null,null,"TWOGAUSSIANS",8,1.9194251,0.24726142,0.06352921,0.27037123,0.1559341,1.297133,2.969242,0.7767295,0.008302312,0.4,0.0,0.57323545,0.090131596
375316653866487564,4160999019708477824,0.57099676,2284.5887363445827,2.213485888864878,1.34285865E-5,17.785397,0.036761604,0.21542129,0.017996024,0.07960746,0.02352074,0.43201497,0.04658396,0.71121013,0.004454959,0.08784887,0.010709495,0.4318661,0.041148175,null,null,null,null,"TWOGAUSSIANS",8,11.350697,0.21542129,0.017996024,0.4,0.019938221,0.4227428,0.0383806,0.71121013,0.004454959,0.4,0.0,0.42259386,0.036209982
375316653866487564,4160999401984660992,0.557587,2245.323076932269,2.6696385621763015,2.0520025E-5,19.5195,0.01548318,0.31774908,0.0075546466,0.07496278,0.007821553,0.2873949,0.027278148,0.80259824,0.0063385125,0.075726405,0.0071074804,0.3856391,0.050591197,null,null,null,null,"TWOGAUSSIANS",8,1.4224964,0.80259824,0.0063385125,0.4,0.0,0.3837095,0.05076962,0.31774908,0.0075546466,0.4,0.0067051947,0.2854653,0.026507385
375316653866487564,4160999535104439680,0.5052274,2273.102727706457,2.1351924001337594,2.6750713E-5,18.029629,0.015558484,0.31432042,0.0045666876,0.020261753,0.02674581,0.11022244,0.4079633,0.8635608,0.02449656,0.03493476,0.013616416,0.18849182,0.44324446,0.17359014,0.02403925,0.31432042,0.0045666876,"TWOGAUSSIANS_WITH_ELLIPSOIDAL_ON_ECLIPSE1",9,18.033716,0.8635608,0.02449656,0.19563465,0.07625193,0.5034861,0.45440367,0.31432042,0.0045666876,0.113465816,0.14977653,0.4574019,0.4011451
375316653866487564,4160999711219093888,0.47519833,2226.3057141104223,0.4505317504650377,2.5016468E-5,18.749052,0.0041277525,0.20776883,0.0034394916,0.009210759,0.006450401,0.04299309,0.011115033,0.71152353,0.009088211,0.052242197,0.00852756,0.76395303,0.5123447,null,null,null,null,"TWOGAUSSIANS",8,1.4791254,0.71152353,0.009088211,0.29255632,0.047754336,0.76395303,0.5123447,0.20776883,0.0034394916,0.051580247,0.036122248,0.04299309,0.011115033
