Gaia/vari_eclipsing_binary/VariEclipsingBinary_231778-231849.csv
# %ECSV 1.0
# ---
# delimiter: ','
# meta: !!omap
# - RELEASE: Gaia DR3
# - TABLE: vari_eclipsing_binary
# - DESCRIPTION: >
#     This table describes the properties of the eclipsing binaries resulting from the variability analysis. 
# - CITATION: >
#     How to cite and acknowledge Gaia: 
#     https://gea.esac.esa.int/archive/documentation/credits.html 
# - KNOWN_ISSUES: >
#     Known issues: 
#     https://www.cosmos.esa.int/web/gaia-users/known-issues 
# - DOCUMENTATION: >
#     Tutorials and documentation: 
#     https://www.cosmos.esa.int/web/gaia-users/archive 
# datatype:
# - 
#   name: solution_id
#   datatype: int64
#   description: Solution Identifier
#   meta:
#     ucd: meta.version
# - 
#   name: source_id
#   datatype: int64
#   description: Unique source identifier
#   meta:
#     ucd: meta.id;meta.main
# - 
#   name: global_ranking
#   datatype: float32
#   description: Number between 0 (worst) and 1 (best)
#   meta:
#     ucd: stat.param
# - 
#   name: reference_time
#   datatype: float64
#   unit: d
#   description: Reference time used for the geometric model fit
#   meta:
#     ucd: time.epoch
# - 
#   name: frequency
#   datatype: float64
#   unit: d**-1
#   description: Frequency of geometric model of the eclipsing binary light curve
#   meta:
#     ucd: src.orbital
# - 
#   name: frequency_error
#   datatype: float32
#   unit: d**-1
#   description: "Uncertainty of \\texttt{frequency}"
#   meta:
#     ucd: stat.error
# - 
#   name: geom_model_reference_level
#   datatype: float32
#   unit: mag
#   description: Magnitude reference level of geometric model
#   meta:
#     ucd: phot.mag;em.opt
# - 
#   name: geom_model_reference_level_error
#   datatype: float32
#   unit: mag
#   description: "Uncertainty of \\texttt{geomModelReferenceLevel}"
#   meta:
#     ucd: stat.error;phot.mag;em.opt
# - 
#   name: geom_model_gaussian1_phase
#   datatype: float32
#   description: Phase of the Gaussian 1 component
#   meta:
#     ucd: time.phase
# - 
#   name: geom_model_gaussian1_phase_error
#   datatype: float32
#   description: "Uncertainty of \\texttt{geomModelGaussian1Phase}"
#   meta:
#     ucd: stat.error;time.phase
# - 
#   name: geom_model_gaussian1_sigma
#   datatype: float32
#   description: "Standard deviation [phase] of Gaussian 1 component"
#   meta:
#     ucd: stat.stdev
# - 
#   name: geom_model_gaussian1_sigma_error
#   datatype: float32
#   description: "Uncertainty of \\texttt{geomModelGaussian1Sigma}"
#   meta:
#     ucd: stat.error
# - 
#   name: geom_model_gaussian1_depth
#   datatype: float32
#   unit: mag
#   description: Magnitude depth of Gaussian 1 component
#   meta:
#     ucd: src.var.amplitude
# - 
#   name: geom_model_gaussian1_depth_error
#   datatype: float32
#   unit: mag
#   description: "Uncertainty of \\texttt{geomModelGaussian1Depth}"
#   meta:
#     ucd: stat.error;src.var.amplitude
# - 
#   name: geom_model_gaussian2_phase
#   datatype: float32
#   description: Phase of Gaussian 2 component
#   meta:
#     ucd: time.phase
# - 
#   name: geom_model_gaussian2_phase_error
#   datatype: float32
#   description: "Uncertainty of \\texttt{geomModelGaussian2Phase}"
#   meta:
#     ucd: stat.error;time.phase
# - 
#   name: geom_model_gaussian2_sigma
#   datatype: float32
[...]
#   datatype: float32
#   description: "Secondary eclipse: uncertainty of \\texttt{derivedSecondaryEclDuration}"
#   meta:
#     ucd: stat.error;time.duration
# - 
#   name: derived_secondary_ecl_depth
#   datatype: float32
#   unit: mag
#   description: "Secondary eclipse: depth"
#   meta:
#     ucd: src.var.amplitude
# - 
#   name: derived_secondary_ecl_depth_error
#   datatype: float32
#   unit: mag
#   description: "Secondary eclipse: uncertainty of \\texttt{derivedSecondaryEclDepth}"
#   meta:
#     ucd: stat.error;src.var.amplitude
solution_id,source_id,global_ranking,reference_time,frequency,frequency_error,geom_model_reference_level,geom_model_reference_level_error,geom_model_gaussian1_phase,geom_model_gaussian1_phase_error,geom_model_gaussian1_sigma,geom_model_gaussian1_sigma_error,geom_model_gaussian1_depth,geom_model_gaussian1_depth_error,geom_model_gaussian2_phase,geom_model_gaussian2_phase_error,geom_model_gaussian2_sigma,geom_model_gaussian2_sigma_error,geom_model_gaussian2_depth,geom_model_gaussian2_depth_error,geom_model_cosine_half_period_amplitude,geom_model_cosine_half_period_amplitude_error,geom_model_cosine_half_period_phase,geom_model_cosine_half_period_phase_error,model_type,num_model_parameters,reduced_chi2,derived_primary_ecl_phase,derived_primary_ecl_phase_error,derived_primary_ecl_duration,derived_primary_ecl_duration_error,derived_primary_ecl_depth,derived_primary_ecl_depth_error,derived_secondary_ecl_phase,derived_secondary_ecl_phase_error,derived_secondary_ecl_duration,derived_secondary_ecl_duration_error,derived_secondary_ecl_depth,derived_secondary_ecl_depth_error
[from data line 217]
375316653866487564,2038920962253147648,0.5434999,2257.1939021391418,3.5470844420202963,3.336597E-6,19.47268,0.007759727,0.21954449,0.0010234286,0.056717377,0.002102331,0.6413649,0.025311429,0.72266465,0.0046437597,0.06502761,0.0029773344,0.66498685,0.04920319,null,null,null,null,"TWOGAUSSIANS",8,2.9234805,0.72266465,0.0046437597,0.3641546,0.016673073,0.6647315,0.049203303,0.21954449,0.0010234286,0.3176173,0.011773054,0.6411096,0.025360575
375316653866487564,2038921202770531968,0.522694,2232.8816516059023,3.1958886110546603,1.5785838E-5,18.29872,0.020988436,0.20113188,0.0064481646,0.088780366,0.011093341,0.37332028,0.019929402,0.69804585,0.004363904,0.08528586,0.0067542214,0.34270388,0.02489462,null,null,null,null,"TWOGAUSSIANS",8,13.599119,0.20113188,0.0064481646,0.4,0.0,0.36233222,0.016960405,0.69804585,0.004363904,0.4,0.0,0.3317159,0.020130174
375316653866487564,2038921378881487744,0.6128656,2233.5291100506233,1.311169154880361,3.844851E-6,15.987877,0.008078707,0.2907049,0.0015848357,0.10247479,0.005200403,0.1436069,0.0075883763,0.79210424,0.001507216,0.11931955,0.0064848266,0.14587753,0.00721193,null,null,null,null,"TWOGAUSSIANS",8,2.065754,0.79210424,0.001507216,0.4,0.0,0.123459555,0.002599305,0.2906949,0.0015977654,0.4,0.0,0.12123191,0.0023295658
375316653866487564,2038922302282509056,0.62665594,2222.154211222769,0.6958274051308272,1.0880066E-6,18.753819,0.0024660518,0.0733297,0.004608293,0.025402695,0.004354574,0.1194045,0.036328565,0.5674208,1.0900168E-4,0.02720418,3.1850723E-4,1.0854485,0.012493272,0.025849205,0.0043202783,0.0733297,0.004608293,"TWOGAUSSIANS_WITH_ELLIPSOIDAL_ON_ECLIPSE1",9,1.4701903,0.5674408,1.092439E-4,0.1523434,0.0017836405,1.1370759,0.015301923,0.0733297,0.004608293,0.1422551,0.024385614,0.17110291,0.037214026
375316653866487564,2038922581472656640,0.4581817,2244.006662294798,3.617485079535951,3.3203745E-5,19.088694,0.0047959,0.784076,0.008149859,0.025950551,0.035653293,0.051894724,0.053580567,null,null,null,null,null,null,0.08646682,0.00874994,0.784076,0.008149859,"ONEGAUSSIAN_WITH_ELLIPSOIDAL",6,6.2275352,0.784076,0.008149859,0.14532308,0.19965844,0.22482835,0.050785076,null,null,null,null,null,null
375316653866487564,2038922680239862016,0.47678763,2226.78210000492,1.4141670922337592,3.184868E-5,17.52938,0.03619392,0.23149385,0.008757924,0.10580736,0.024443079,0.112440355,0.032066386,0.7452458,0.008084477,0.13437037,0.03327656,0.102805555,0.034519468,null,null,null,null,"TWOGAUSSIANS",8,4.695815,0.23129384,0.008562967,0.4,0.0,0.091180936,0.007787422,0.74526584,0.008059406,0.4,0.0,0.08133351,0.006115236
375316653866487564,2038922993789202944,0.65671074,2206.745604100455,3.025648432660277,4.9921537E-6,16.66346,0.0104568405,0.25638938,9.112074E-4,0.05256718,0.003503118,0.2968507,0.023257475,0.75758463,0.0017966384,0.05083551,0.0025790788,0.42775828,0.023898507,0.10019678,0.012595766,0.25638938,9.112074E-4,"TWOGAUSSIANS_WITH_ELLIPSOIDAL_ON_ECLIPSE1",9,12.102955,0.75758463,0.0017650188,0.28467885,0.0144428415,0.62813467,0.011687173,0.25638938,9.112074E-4,0.29437622,0.01961746,0.4972384,0.015074065
375316653866487564,2038923199947671040,0.64814657,2212.3278551619633,0.15017715139395543,4.3107793E-5,15.849342,7.759131E-4,0.17585821,2.8860968E-4,0.0092322305,3.3890322E-4,0.34880847,0.005246214,null,null,null,null,null,null,null,null,null,null,"ONEGAUSSIAN",5,5.0139055,0.17585821,2.8860968E-4,0.05170049,0.0018978581,0.34880847,0.0,null,null,null,null,null,null
375316653866487564,2038923543531850880,0.46942967,2225.231520274276,1.46342831877709,2.4323623E-5,18.603561,0.008535422,0.17768343,0.0036426268,0.021715915,0.00319536,0.4922306,0.26369545,0.680643,0.013490426,0.060140394,0.03981695,0.13359398,0.74962276,null,null,null,null,"TWOGAUSSIANS",8,6.481122,0.17768343,0.0036426268,0.12160913,0.017894017,0.4922306,0.26369545,0.680643,0.013490426,0.3367862,0.21936676,0.13359398,0.74962276
375316653866487564,2038923887142374784,0.5538511,2228.222574772983,1.0486464590921736,1.2836876E-5,16.676767,0.002549467,0.105161674,0.009221911,0.036026698,0.0070476877,0.023255061,0.003959665,0.5972741,0.0014315998,0.043525953,0.0014884463,0.15767267,0.0036151332,null,null,null,null,"TWOGAUSSIANS",8,6.7537823,0.5972741,0.0014315998,0.24374533,0.008335299,0.15767267,0.0036151323,0.105161674,0.009221911,0.2017495,0.03946705,0.02325506,0.003959664
375316653866487564,2038924295148305024,0.61166006,2253.4268345381192,2.487407891820004,6.4027718E-6,17.921534,0.009481508,0.25950676,0.002676198,0.097348005,0.004351965,0.3688929,0.0113144005,0.7681115,0.0017025156,0.09290136,0.002998081,0.40193143,0.010421283,null,null,null,null,"TWOGAUSSIANS",8,2.4264543,0.7681115,0.0017025156,0.4,0.0,0.3803572,0.00798904,0.25950676,0.002676198,0.4,0.0,0.34731764,0.008902333
375316653866487564,2038924570026002816,0.4793578,2204.837283470056,0.4582075669793719,1.0401725E-5,18.631014,0.0034640806,0.16547461,6.6332624E-4,0.00609176,0.0012336896,2.5366685,7.9650254,0.6562736,7.5269194E-4,0.009223962,0.0017061544,0.1037081,0.015073523,null,null,null,null,"TWOGAUSSIANS",8,5.1218877,0.16547461,6.6332624E-4,0.034113858,0.0069086617,2.5366685,7.9650254,0.6562736,7.5269194E-4,0.05165419,0.009554465,0.1037081,0.015073523
375316653866487564,2038929487779865472,0.53791577,2251.05477724933,3.166642777735124,2.0460713E-5,17.652798,0.019071303,0.27316537,0.0036014079,0.101857536,0.014331476,0.25433633,0.016869973,0.7600889,0.0027520133,0.103999935,0.009690627,0.24503875,0.016622562,null,null,null,null,"TWOGAUSSIANS",8,6.900032,0.2731754,0.0036045308,0.4,0.0,0.23199098,0.020687323,0.7600889,0.0027520133,0.4,0.0,0.22269145,0.010600654
375316653866487564,2038929831364724352,0.622668,2225.7942115623205,2.3593921686967474,4.425311E-6,15.980714,0.014950072,0.26519617,0.0016714152,0.06102407,0.004602877,0.277762,0.032876063,0.76468873,0.0012405711,0.061157253,0.0041101654,0.26239526,0.03237006,0.09116262,0.018636717,0.26519617,0.0016714152,"TWOGAUSSIANS_WITH_ELLIPSOIDAL_ON_ECLIPSE1",9,27.550823,0.26519617,0.0016714152,0.3417348,0.025776112,0.45996442,0.013124483,0.76477873,0.0010128038,0.34248063,0.023016928,0.44459614,0.0071346285
375316653866487564,2038930651700319104,0.54154325,2244.7561860486785,3.9341049381028363,5.6808135E-6,17.388584,0.0028054346,0.2598593,0.0016078687,0.07129239,0.0032904784,0.12670603,0.003819839,0.7585056,0.0025222183,0.07948525,0.004681226,0.11103474,0.0028500592,null,null,null,null,"TWOGAUSSIANS",8,1.7815654,0.2598593,0.0016078687,0.3992374,0.011736234,0.12576893,0.00379432,0.7585056,0.0025222183,0.4,0.0,0.11009763,0.0027701496
375316653866487564,2038931171393944064,0.49549612,2228.563277033873,3.3379965339565683,2.0532372E-5,18.616898,0.0033225308,0.71678287,0.004108895,0.06637937,0.015972992,0.015178286,0.012079986,null,null,null,null,null,null,0.07620953,0.00469981,0.71678287,0.004108895,"ONEGAUSSIAN_WITH_ELLIPSOIDAL",6,2.9437933,0.71678287,0.004108895,0.3717245,0.08932234,0.16758466,0.0109961955,null,null,null,null,null,null
375316653866487564,2038934950968296064,0.6195226,2266.998289906243,2.44793252489797,7.574018E-6,16.404009,0.011010223,0.25143352,0.0010957129,0.052111886,0.0039198254,0.3975135,0.027403776,0.74386597,0.0036088761,0.057314493,0.005433522,0.39254096,0.023845354,0.09785622,0.012226128,0.25143352,0.0010957129,"TWOGAUSSIANS_WITH_ELLIPSOIDAL_ON_ECLIPSE1",9,26.460993,0.25143352,0.0010957129,0.29182658,0.021951022,0.59320396,0.031162646,0.74473596,0.0032349068,0.32096115,0.030427724,0.5878398,0.013056335
375316653866487564,2038936114895941632,0.6332684,2240.142402296078,0.3253149564745725,4.0180016E-6,17.652237,0.01016843,0.20978843,0.004688145,0.04050147,0.006172984,0.23998418,0.021134902,0.71019846,9.117968E-4,0.03828438,0.0020088663,1.178116,0.061566062,0.038316727,0.012305736,0.20978843,0.004688145,"TWOGAUSSIANS_WITH_ELLIPSOIDAL_ON_ECLIPSE1",9,13.462657,0.71019846,9.104332E-4,0.21439253,0.011249651,1.2547488,0.075354286,0.20978843,0.004688145,0.22680824,0.034568712,0.31661755,0.011411662
375316653866487564,2038936256649852416,0.4841321,2235.509456067363,2.454836625349997,1.0582237E-5,19.151764,0.036570057,0.28688452,0.021172168,0.083702296,0.041313563,0.31170955,0.089177504,0.7894877,0.0032631543,0.07447766,0.012619303,0.3217386,0.03881242,null,null,null,null,"TWOGAUSSIANS",8,3.8925276,0.7894877,0.0032628584,0.4,0.002262632,0.31768262,0.035413403,0.28688452,0.021172168,0.4,0.0,0.30765358,0.105899066
375316653866487564,2038937012555607168,0.46035945,2254.1003709529273,3.2982057337694815,4.2197906E-5,19.119003,0.031168567,0.2896193,0.012206058,0.09884332,0.017994223,0.19442049,0.02928618,0.76590943,0.008380716,0.09421446,0.021237144,0.21680611,0.024463221,null,null,null,null,"TWOGAUSSIANS",8,4.294153,0.76590943,0.008380716,0.4,0.0,0.206466,0.023025898,0.2896193,0.012205588,0.4,0.0,0.1840791,0.017444175
375316653866487564,2038937837197014528,0.42887813,2262.403444905269,2.731122250899737,3.7946855E-5,18.685398,0.0908708,0.2626317,0.009587579,0.10664251,0.024014248,0.29784274,0.08647977,0.7426264,0.021542015,0.1250492,0.04232126,0.25162423,0.08106248,null,null,null,null,"TWOGAUSSIANS",8,14.191405,0.2627617,0.009386512,0.4,0.0,0.2545083,0.020108454,0.7426264,0.021542015,0.4,0.0,0.20810023,0.038907234
375316653866487564,2038938008995798144,0.442953,2248.9877887445627,2.6892863242099723,2.930686E-5,16.871,0.012930671,0.26470262,0.006849549,0.084473185,0.018460838,0.12438045,0.011267487,0.7637225,0.00773887,0.09989983,0.01629134,0.10261367,0.015683983,null,null,null,null,"TWOGAUSSIANS",8,24.91901,0.26470262,0.006849549,0.4,0.0,0.11882653,0.011300669,0.7637225,0.00773887,0.4,0.0,0.09705902,0.014484735
375316653866487564,2038938421312557568,0.55137956,2225.2777910501954,3.6073904869094404,8.884831E-6,16.456726,0.041363966,0.173539,0.0044496134,0.09311592,0.015973074,0.3090074,0.033304326,0.69369656,0.015032257,0.08127139,0.01995676,0.33799285,0.05278478,null,null,null,null,"TWOGAUSSIANS",8,29.933077,0.69369656,0.01505093,0.4,0.0,0.33047968,0.036669858,0.173539,0.0044504236,0.4,0.0,0.30149367,0.019286063
375316653866487564,2038939967501606912,0.5270864,2224.6573870366715,1.7954333421731976,1.2249575E-5,18.97302,0.006406073,0.16721544,0.0076708277,0.09022924,0.009088632,0.12706678,0.008543929,0.6491042,0.0017638847,0.0736104,0.003046229,0.29162586,0.007048972,null,null,null,null,"TWOGAUSSIANS",8,1.592067,0.6491042,0.0017638847,0.4,0.0,0.2891873,0.0066093756,0.16721544,0.0076708277,0.4,0.0,0.12462814,0.008522609
375316653866487564,2038940512942967680,0.56922907,2241.777760259287,0.4660804503401664,2.9343307E-6,18.778238,0.002162831,0.39095536,3.7527195E-4,0.015440847,0.0038826133,0.59731555,0.3902623,0.8890894,0.019942753,0.018189877,0.013411027,0.49837294,4.896017,null,null,null,null,"TWOGAUSSIANS",8,1.3033793,0.39095536,3.7527195E-4,0.08646874,0.021742634,0.59731555,0.3902623,0.8890894,0.019942753,0.10186332,0.075101756,0.49837294,4.896017
375316653866487564,2038940929573784192,0.5731357,2230.4618483398103,3.0108317605908903,1.1263234E-5,18.516743,0.0094463425,0.19529943,0.0033786313,0.08489565,0.0047524483,0.48979345,0.019150663,0.69912964,0.0031688286,0.08334105,0.004039026,0.46966654,0.018182943,null,null,null,null,"TWOGAUSSIANS",8,5.155516,0.19529943,0.0033786313,0.4,0.0,0.47896594,0.020065846,0.69912964,0.0031688286,0.4,0.0,0.45883906,0.018289303
375316653866487564,2038942097804795264,0.5319021,2215.3365610741807,2.8118457956897114,2.0869442E-5,17.043402,0.013282567,0.28059903,0.009007531,0.08841096,0.011240231,0.38702917,0.0173502,0.78154814,0.004490668,0.085838206,0.0058406456,0.38925365,0.019552631,null,null,null,null,"TWOGAUSSIANS",8,42.380898,0.78154814,0.004490668,0.4,0.0,0.37680176,0.017282678,0.28059903,0.009007531,0.4,0.0,0.37457725,0.02062333
375316653866487564,2038942681920338432,0.60551757,2226.806959502877,1.307861111421572,4.4231174E-6,13.833407,0.00973202,0.2781732,0.0012622772,0.093762375,0.003305132,0.29506293,0.009280521,0.78400797,0.003438116,0.090366326,0.007680977,0.192544,0.009600286,null,null,null,null,"TWOGAUSSIANS",8,108.498695,0.2781732,0.0012622772,0.4,0.0,0.28410265,0.006165731,0.78400797,0.003438116,0.4,0.0,0.18158402,0.008111296
375316653866487564,2038942815055349504,0.5679791,2250.1330242345157,2.0765052951188494,6.5046647E-6,17.980099,0.0052189133,0.30284196,0.0030947556,0.034059335,0.002744432,0.6025288,0.06279382,0.8016158,0.0019870766,0.036657445,0.0014991198,0.6173367,0.012225981,null,null,null,null,"TWOGAUSSIANS",8,15.1334505,0.8016158,0.0019870766,0.20528169,0.008395071,0.6173367,0.012225981,0.30284196,0.0030947556,0.19073227,0.01536882,0.6025288,0.06279382
375316653866487564,2038943197308456064,0.4671025,2248.509328812264,3.2353692400907343,2.733205E-5,19.485937,0.009041505,0.24148558,0.009579346,0.06745183,0.008115151,0.24278902,0.03602941,0.7256434,0.010397142,0.048679087,0.012660855,0.2831993,0.02936089,null,null,null,null,"TWOGAUSSIANS",8,4.8212748,0.7256434,0.010397142,0.2726029,0.07090079,0.2831728,0.029427808,0.24148558,0.009579346,0.37773022,0.042990066,0.24276249,0.03602204
375316653866487564,2038943643992722176,0.5834796,2227.433819850948,3.3946063420763273,4.758423E-6,18.09088,0.0126306005,0.2912592,0.0031344795,0.044603966,0.007533123,0.1486885,0.040899266,0.79255027,0.004111786,0.053268604,0.006748394,0.22551738,0.02141565,0.10297451,0.015320345,0.2912592,0.0031344795,"TWOGAUSSIANS_WITH_ELLIPSOIDAL_ON_ECLIPSE1",9,3.4943066,0.79255027,0.003761971,0.2983042,0.037791006,0.43144876,0.023626745,0.2912592,0.0031344795,0.2497822,0.042185485,0.35463345,0.025952375
375316653866487564,2038944704842485120,0.54873514,2232.1084118354447,2.4911944473455216,1.0489914E-5,19.350607,0.014901776,0.25280163,0.0037582554,0.07997815,0.0049798544,0.5011062,0.018854959,0.7572676,0.0046465653,0.09073599,0.007963205,0.36277536,0.01655165,null,null,null,null,"TWOGAUSSIANS",8,1.5848204,0.25280163,0.0037582554,0.4,0.0,0.49044168,0.016722826,0.7572676,0.0046465653,0.4,0.0,0.35211068,0.013849951
375316653866487564,2038944910990083968,0.42204157,2200.473333618276,3.4342143585158817,5.3623822E-5,18.243467,0.022121448,0.502848,0.041927643,0.19489625,0.093330294,0.06788119,0.016996812,0.7857746,0.029868469,0.029565258,0.038117316,0.08950015,10.259642,null,null,null,null,"TWOGAUSSIANS",8,4.849806,0.7857746,0.029868469,0.16556545,0.21345697,0.108191445,10.26165,0.502848,0.04189594,0.4,0.0,0.06282788,0.007891167
375316653866487564,2038946564570486400,0.43167418,2235.4707795041563,1.7149353090522321,3.4910485E-5,18.091072,0.027764749,0.4117265,0.022746906,0.19570881,0.0583693,0.091884695,0.026417743,0.78744256,0.0081036175,0.028266586,0.007693943,0.069525994,0.027838415,null,null,null,null,"TWOGAUSSIANS",8,8.522753,0.4117265,0.022746906,0.4,0.0,0.08485112,0.01218174,0.78744256,0.0081036175,0.15829289,0.04308608,0.07761188,0.028653454
375316653866487564,2038947659769170176,0.51567906,2200.7448461295858,2.981718730150699,1.8477782E-5,18.344494,0.011731214,0.25225592,0.005384408,0.081435494,0.0045498745,0.41083217,0.0303521,0.76521635,0.006552604,0.070802875,0.009267688,0.3543119,0.061134674,null,null,null,null,"TWOGAUSSIANS",8,13.454967,0.25225592,0.005384408,0.4,0.0,0.40821138,0.03030022,0.76521635,0.006552604,0.3964961,0.028870571,0.3516911,0.062696435
375316653866487564,2038948828000694912,0.548975,2256.06302691059,2.262089973503566,1.05421495E-5,19.019058,0.0076054647,0.14856552,0.002614377,0.07722417,0.003821548,0.3709579,0.013279843,0.65757066,0.0034922159,0.07428177,0.003797656,0.35030222,0.009978305,null,null,null,null,"TWOGAUSSIANS",8,2.3016734,0.14856552,0.002614377,0.4,0.0,0.36840457,0.013344367,0.65757066,0.0034922159,0.4,0.0,0.3477489,0.00958932
