Gaia/vari_eclipsing_binary/VariEclipsingBinary_208291-208363.csv
# %ECSV 1.0
# ---
# delimiter: ','
# meta: !!omap
# - RELEASE: Gaia DR3
# - TABLE: vari_eclipsing_binary
# - DESCRIPTION: >
#     This table describes the properties of the eclipsing binaries resulting from the variability analysis. 
# - CITATION: >
#     How to cite and acknowledge Gaia: 
#     https://gea.esac.esa.int/archive/documentation/credits.html 
# - KNOWN_ISSUES: >
#     Known issues: 
#     https://www.cosmos.esa.int/web/gaia-users/known-issues 
# - DOCUMENTATION: >
#     Tutorials and documentation: 
#     https://www.cosmos.esa.int/web/gaia-users/archive 
# datatype:
# - 
#   name: solution_id
#   datatype: int64
#   description: Solution Identifier
#   meta:
#     ucd: meta.version
# - 
#   name: source_id
#   datatype: int64
#   description: Unique source identifier
#   meta:
#     ucd: meta.id;meta.main
# - 
#   name: global_ranking
#   datatype: float32
#   description: Number between 0 (worst) and 1 (best)
#   meta:
#     ucd: stat.param
# - 
#   name: reference_time
#   datatype: float64
#   unit: d
#   description: Reference time used for the geometric model fit
#   meta:
#     ucd: time.epoch
# - 
#   name: frequency
#   datatype: float64
#   unit: d**-1
#   description: Frequency of geometric model of the eclipsing binary light curve
#   meta:
#     ucd: src.orbital
# - 
#   name: frequency_error
#   datatype: float32
#   unit: d**-1
#   description: "Uncertainty of \\texttt{frequency}"
#   meta:
#     ucd: stat.error
# - 
#   name: geom_model_reference_level
#   datatype: float32
#   unit: mag
#   description: Magnitude reference level of geometric model
#   meta:
#     ucd: phot.mag;em.opt
# - 
#   name: geom_model_reference_level_error
#   datatype: float32
#   unit: mag
#   description: "Uncertainty of \\texttt{geomModelReferenceLevel}"
#   meta:
#     ucd: stat.error;phot.mag;em.opt
# - 
#   name: geom_model_gaussian1_phase
#   datatype: float32
#   description: Phase of the Gaussian 1 component
#   meta:
#     ucd: time.phase
# - 
#   name: geom_model_gaussian1_phase_error
#   datatype: float32
#   description: "Uncertainty of \\texttt{geomModelGaussian1Phase}"
#   meta:
#     ucd: stat.error;time.phase
# - 
#   name: geom_model_gaussian1_sigma
#   datatype: float32
#   description: "Standard deviation [phase] of Gaussian 1 component"
#   meta:
#     ucd: stat.stdev
# - 
#   name: geom_model_gaussian1_sigma_error
#   datatype: float32
#   description: "Uncertainty of \\texttt{geomModelGaussian1Sigma}"
#   meta:
#     ucd: stat.error
# - 
#   name: geom_model_gaussian1_depth
#   datatype: float32
#   unit: mag
#   description: Magnitude depth of Gaussian 1 component
#   meta:
#     ucd: src.var.amplitude
# - 
#   name: geom_model_gaussian1_depth_error
#   datatype: float32
#   unit: mag
#   description: "Uncertainty of \\texttt{geomModelGaussian1Depth}"
#   meta:
#     ucd: stat.error;src.var.amplitude
# - 
#   name: geom_model_gaussian2_phase
#   datatype: float32
#   description: Phase of Gaussian 2 component
#   meta:
#     ucd: time.phase
# - 
#   name: geom_model_gaussian2_phase_error
#   datatype: float32
#   description: "Uncertainty of \\texttt{geomModelGaussian2Phase}"
#   meta:
#     ucd: stat.error;time.phase
# - 
#   name: geom_model_gaussian2_sigma
#   datatype: float32
[...]
#   datatype: float32
#   description: "Secondary eclipse: uncertainty of \\texttt{derivedSecondaryEclDuration}"
#   meta:
#     ucd: stat.error;time.duration
# - 
#   name: derived_secondary_ecl_depth
#   datatype: float32
#   unit: mag
#   description: "Secondary eclipse: depth"
#   meta:
#     ucd: src.var.amplitude
# - 
#   name: derived_secondary_ecl_depth_error
#   datatype: float32
#   unit: mag
#   description: "Secondary eclipse: uncertainty of \\texttt{derivedSecondaryEclDepth}"
#   meta:
#     ucd: stat.error;src.var.amplitude
solution_id,source_id,global_ranking,reference_time,frequency,frequency_error,geom_model_reference_level,geom_model_reference_level_error,geom_model_gaussian1_phase,geom_model_gaussian1_phase_error,geom_model_gaussian1_sigma,geom_model_gaussian1_sigma_error,geom_model_gaussian1_depth,geom_model_gaussian1_depth_error,geom_model_gaussian2_phase,geom_model_gaussian2_phase_error,geom_model_gaussian2_sigma,geom_model_gaussian2_sigma_error,geom_model_gaussian2_depth,geom_model_gaussian2_depth_error,geom_model_cosine_half_period_amplitude,geom_model_cosine_half_period_amplitude_error,geom_model_cosine_half_period_phase,geom_model_cosine_half_period_phase_error,model_type,num_model_parameters,reduced_chi2,derived_primary_ecl_phase,derived_primary_ecl_phase_error,derived_primary_ecl_duration,derived_primary_ecl_duration_error,derived_primary_ecl_depth,derived_primary_ecl_depth_error,derived_secondary_ecl_phase,derived_secondary_ecl_phase_error,derived_secondary_ecl_duration,derived_secondary_ecl_duration_error,derived_secondary_ecl_depth,derived_secondary_ecl_depth_error
[from data line 467]
375316653866487564,1832541152254491648,0.5588878,2196.824775072719,2.9721890017401424,3.973668E-6,18.29433,0.009899284,0.2590087,0.0018458738,0.09283976,0.003651065,0.33205605,0.010916543,0.75550735,0.0016488676,0.08571834,0.0038802337,0.3785625,0.013237331,null,null,null,null,"TWOGAUSSIANS",8,2.6441414,0.75550735,0.0016488676,0.4,0.0,0.36531156,0.01358254,0.2590087,0.0018458738,0.4,0.0,0.31880477,0.009350891
375316653866487564,1832542908889182720,0.51538396,2129.8547394466564,0.7916753533427221,6.3815146E-6,19.001799,0.007403035,0.29028812,0.0034974632,0.020550856,0.0021464282,0.55730665,0.0644313,0.78674275,0.004459219,0.01816175,0.002125739,0.7033117,0.107931495,null,null,null,null,"TWOGAUSSIANS",8,6.28926,0.78674275,0.004459219,0.101705804,0.011904138,0.7033117,0.107931495,0.29028812,0.0034974632,0.1150848,0.012019997,0.55730665,0.0644313
375316653866487564,1832542938958125440,0.5201549,2145.522002953492,3.719758393527891,1.0536199E-5,18.609291,0.010880606,0.23377275,0.003869152,0.091563776,0.006443369,0.21089324,0.011380867,0.7298764,0.0039585037,0.09635955,0.0069801384,0.21045572,0.010925039,null,null,null,null,"TWOGAUSSIANS",8,2.181612,0.23377275,0.003869152,0.4,0.0,0.19932717,0.008187811,0.7298764,0.0039585037,0.4,0.0,0.19888918,0.007752417
375316653866487564,1832543080702626304,0.6072667,2149.59312369495,0.568235946770128,6.005779E-6,16.321507,0.0011474253,0.1924137,0.0065747174,0.024680318,0.004360653,0.11021817,0.022813756,0.69170135,0.0012748154,0.026076587,0.0020041943,0.19410431,0.0062184925,0.013179349,0.001637084,0.1924137,0.0065747174,"TWOGAUSSIANS_WITH_ELLIPSOIDAL_ON_ECLIPSE1",9,3.3121693,0.69171137,0.0012640042,0.14602889,0.011223488,0.22046249,0.0066019907,0.1924137,0.0065747174,0.13820979,0.024419656,0.13657686,0.02314201
375316653866487564,1832543733537949568,0.6012528,2148.520722531939,1.689086864675922,3.7430366E-6,16.878038,0.0026787382,0.24079336,0.0013185898,0.046350036,0.0033390124,0.05962125,0.0062673944,0.74962837,0.010301519,0.03668898,0.010047482,0.05787049,0.007689987,0.07505168,0.003543617,0.24079336,0.0013185898,"TWOGAUSSIANS_WITH_ELLIPSOIDAL_ON_ECLIPSE1",9,3.3559344,0.24079336,0.0013185898,0.2595602,0.01869847,0.20972435,0.0028764182,0.74962837,0.010301519,0.2054583,0.056265898,0.20751151,0.005951992
375316653866487564,1832545245366463488,0.5785414,2148.2921821016157,0.10661710914941537,2.5974823E-6,15.1075325,7.5461617E-4,0.21573658,0.010472701,0.02728649,0.020364245,0.0027343242,0.0054015783,0.37130985,2.2165485E-4,0.0048379987,3.4184926E-4,0.45092013,0.076207265,null,null,null,null,"TWOGAUSSIANS",8,11.8254385,0.37130985,2.2165485E-4,0.027092792,0.0019143559,0.45092013,0.076207265,0.21573658,0.010472701,0.15280434,0.11403977,0.0027343242,0.0054015783
375316653866487564,1832546791554730624,0.41889468,2140.3487921110723,0.5854804137800617,1.6895854E-5,19.123646,0.009104856,0.20439358,0.0024764892,0.015505437,0.002060758,0.35727894,0.06555176,0.62732697,0.011330814,0.053623084,0.012202844,0.32919732,0.055535913,null,null,null,null,"TWOGAUSSIANS",8,11.475331,0.20439358,0.0024764892,0.086830445,0.011540245,0.35727894,0.06555176,0.62732697,0.011330814,0.30028927,0.06833593,0.32919732,0.055535913
375316653866487564,1832548887498866688,0.4516137,2175.6093754882,2.2118517833667615,3.05877E-5,17.362453,0.91902494,0.23079807,0.01683347,0.19940306,0.13862517,0.58566946,0.90902656,0.7243951,0.010448928,0.14598435,0.045791104,0.5751725,0.525229,null,null,null,null,"TWOGAUSSIANS",8,38.91984,0.7243951,0.010448928,0.4,0.0,0.2365227,0.026398396,0.23160806,0.016696723,0.4,0.0,0.1996766,0.017101156
375316653866487564,1832550708550948224,0.52296025,2165.176645733396,3.6980609768295927,6.4482683E-6,18.952192,0.007258049,0.2583535,0.002703268,0.076027356,0.0039030903,0.31389964,0.009290803,0.7676191,0.004266868,0.079136625,0.0036961136,0.4174344,0.023788594,null,null,null,null,"TWOGAUSSIANS",8,3.088986,0.7676191,0.004266868,0.4,0.0,0.4141125,0.023815414,0.2583535,0.002703268,0.4,0.0,0.31057775,0.009082798
375316653866487564,1832551223946172672,0.50473887,2137.729577675056,3.3526196387507956,1.265647E-5,18.755474,0.006200173,0.28460455,0.0048065777,0.07052904,0.0057344357,0.17269751,0.013943331,0.77691317,0.0040849806,0.08401029,0.005121095,0.19179456,0.008389888,null,null,null,null,"TWOGAUSSIANS",8,2.10351,0.77691317,0.0040849806,0.4,0.0,0.19014321,0.007936879,0.28460455,0.0048065777,0.39496264,0.025731748,0.17104617,0.014045348
375316653866487564,1832555239741095168,0.5473065,2130.6367972545095,3.415252753268073,5.953649E-6,19.426952,0.017619852,0.25042292,0.0022023136,0.05033979,0.0053251814,0.50841033,0.097954124,0.7487911,0.00243212,0.04133265,0.004096669,0.41870445,0.04118129,0.12681666,0.023312949,0.25042292,0.0022023136,"TWOGAUSSIANS_WITH_ELLIPSOIDAL_ON_ECLIPSE1",9,2.6998632,0.25042292,0.0022023136,0.28190282,0.029821016,0.76204133,0.10016541,0.74891114,0.0021915194,0.23146284,0.022941347,0.6723108,0.0135545945
375316653866487564,1832555622007407872,0.4368475,2150.5080691237763,3.9871869097932726,1.7744034E-6,18.168682,0.0025095497,0.12584852,0.008759657,0.055377852,0.012579303,0.05537525,0.027425129,0.76238054,7.6212996E-4,0.01654178,0.0019063463,0.48099416,0.15500616,null,null,null,null,"TWOGAUSSIANS",8,2.830946,0.76238054,7.6212996E-4,0.09263398,0.010675539,0.48099416,0.15500616,0.12584852,0.008759657,0.31011596,0.0704441,0.05537525,0.027425129
375316653866487564,1832557855390225024,0.5649373,2159.089820977468,2.796784201146079,1.6786002E-5,16.809586,0.043554083,0.24416292,0.0085694175,0.062048286,0.018031755,0.16265507,0.08351514,0.7355632,0.0033998126,0.0690127,0.01534162,0.1522878,0.08598183,0.10900312,0.044171497,0.7355632,0.0033998126,"TWOGAUSSIANS_WITH_ELLIPSOIDAL_ON_ECLIPSE2",9,29.968855,0.24167292,0.00564164,0.3474704,0.08885294,0.37996885,0.023760509,0.7355632,0.0033998126,0.38647112,0.05135897,0.3700536,0.012745804
375316653866487564,1832559985693999360,0.61595947,2140.742182706965,0.7627558099554456,2.412727E-6,16.831017,0.0022854076,0.18590277,6.960054E-4,0.028669061,0.0012780926,0.13682057,0.0054290253,0.6854879,0.001724971,0.028549975,0.0024121767,1.0613136,0.31010655,0.018315736,0.00313498,0.18590277,6.960054E-4,"TWOGAUSSIANS_WITH_ELLIPSOIDAL_ON_ECLIPSE1",9,5.3520527,0.6854879,0.001724971,0.15987986,0.0135081895,1.0979449,0.31151375,0.18590277,6.960054E-4,0.16054675,0.0071573188,0.17345203,0.0031193283
375316653866487564,1832560501077818368,0.52866066,2157.264751520823,4.242588149564198,8.579163E-6,19.708204,0.008542156,0.2647171,0.002310855,0.06671517,0.002629741,0.59757125,0.016451934,0.76692486,0.0027255206,0.06674756,0.0027492463,0.68290746,0.036097813,null,null,null,null,"TWOGAUSSIANS",8,1.8632537,0.76692486,0.0027255206,0.37378633,0.015395779,0.68183184,0.03616351,0.2647171,0.002310855,0.37360498,0.01472655,0.5964956,0.016414545
375316653866487564,1832564619949839104,0.5485276,2182.3321914955195,3.1676480781908682,1.2364565E-5,18.333677,0.008853771,0.22080712,0.0025068964,0.08256423,0.0043959976,0.3587606,0.010400655,0.72092515,0.0032465316,0.07855054,0.0044441335,0.30271626,0.013503771,null,null,null,null,"TWOGAUSSIANS",8,5.2103047,0.22080712,0.0025068964,0.4,0.0,0.35342285,0.009967093,0.72092515,0.0032465316,0.4,0.0,0.2973785,0.013131391
375316653866487564,1832565444583268864,0.5071178,2177.174882779663,1.2087376940348051,1.2759034E-5,18.735304,0.0061349627,0.24653217,0.0071214717,0.06935284,0.012225373,0.11547791,0.00846608,0.747549,0.002603574,0.054979295,0.0026702816,0.30643162,0.009449767,null,null,null,null,"TWOGAUSSIANS",8,1.9521298,0.747549,0.002603574,0.30788404,0.014953576,0.30632764,0.009422287,0.24653217,0.0071214717,0.3883759,0.05823942,0.11537394,0.008534509
375316653866487564,1832565517598949376,0.4626704,2173.042618870218,1.8431285385077245,1.4947574E-5,19.034369,0.016344186,0.24892198,0.009198674,0.09793219,0.01760833,0.13411814,0.014675513,0.71054935,0.0077158534,0.09561635,0.013351645,0.18523192,0.016836254,null,null,null,null,"TWOGAUSSIANS",8,2.386602,0.71054935,0.0077158534,0.4,0.0,0.17867698,0.015935464,0.24893197,0.009193021,0.4,0.0,0.12756278,0.009107645
375316653866487564,1832565959979363456,0.5679352,2158.709145516315,0.17458877927123834,9.7312895E-6,17.69473,0.0013411801,0.16348182,0.0020177865,0.012220835,0.0067482353,0.559115,12.904582,0.50112486,0.010571077,0.015389653,0.0048775356,0.30859756,0.42600396,0.0013118767,0.0017798181,0.16348182,0.0020177865,"TWOGAUSSIANS_WITH_ELLIPSOIDAL_ON_ECLIPSE1",9,2.110524,0.16348182,0.0020177865,0.068436675,0.037790116,0.5617387,12.904769,0.5011349,0.010580397,0.08618206,0.0273142,0.309316,0.42586356
375316653866487564,1832566067368249472,0.50900704,2181.8555451514426,3.071598710654378,1.0761951E-5,18.544476,0.020943215,0.26494464,0.0035249735,0.09461234,0.008872327,0.26043656,0.01885584,0.7769129,0.006128928,0.108205386,0.012143012,0.22137544,0.021510981,null,null,null,null,"TWOGAUSSIANS",8,3.6333096,0.26493466,0.0035230026,0.4,0.0,0.24078849,0.0092729395,0.7769129,0.006128928,0.4,0.0,0.20171641,0.013946912
375316653866487564,1832567785354732672,0.6129338,2177.9896992455506,0.7609022437563598,1.835576E-5,15.122451,0.0031870652,0.30459175,0.0027418025,0.030308463,0.002405211,0.99454,0.08851386,0.806006,0.015285731,0.031077208,0.010493399,0.06417247,0.008069688,0.0072660116,0.0037136376,0.30459175,0.0027418025,"TWOGAUSSIANS_WITH_ELLIPSOIDAL_ON_ECLIPSE1",9,55.623425,0.30459175,0.0027418025,0.1697274,0.013469183,1.009072,0.08863685,0.806006,0.015159163,0.17403236,0.05876303,0.078703344,0.0049836966
375316653866487564,1832570598544484736,0.5036156,2201.0291812433074,0.4258474938744734,1.8813582E-5,17.039808,9.484649E-4,0.5176273,0.0047393837,0.005757262,0.0014685334,0.28507027,0.22649744,0.76715076,0.0100060245,0.016699418,0.0060899993,0.012554528,0.004004212,null,null,null,null,"TWOGAUSSIANS",8,2.4436662,0.5176273,0.0047393837,0.032240666,0.008223787,0.28507027,0.22649744,0.76715076,0.0100060245,0.093516745,0.034103997,0.012554528,0.004004212
375316653866487564,1832570976501818112,0.5025708,2163.2389482174144,0.46827291052654035,5.428394E-6,19.174898,0.004179757,0.44491008,0.0020234692,0.0153275775,8.8182295E-4,0.36865258,0.021444805,0.7987927,0.014648185,0.04637817,0.019651955,0.0437129,0.03177544,null,null,null,null,"TWOGAUSSIANS",8,1.9246719,0.44491008,0.0020234692,0.085834436,0.0049382085,0.36865258,0.021444805,0.7987927,0.014648185,0.25971776,0.11005095,0.0437129,0.03177544
375316653866487564,1832574068878413696,0.5322703,2166.5905881580297,3.357886192535692,8.869856E-6,18.578613,0.006882681,0.19750492,0.0022752886,0.07920933,0.0033864798,0.30034193,0.011615118,0.6973966,0.002679526,0.07385474,0.0032619373,0.3701184,0.010118476,null,null,null,null,"TWOGAUSSIANS",8,3.444699,0.6973966,0.002679526,0.4,0.0,0.36692947,0.009830655,0.19750492,0.0022752886,0.4,0.0,0.297153,0.011632236
375316653866487564,1832574244985540992,0.68493783,2170.5198255462656,2.6588333702662674,1.4861564E-6,14.790845,0.002051877,0.280712,6.7241985E-4,0.08693927,7.9464633E-4,0.4272474,0.003996959,0.7823086,6.941167E-4,0.09302984,9.8968E-4,0.37037724,0.0023916601,null,null,null,null,"TWOGAUSSIANS",8,14.745862,0.280712,6.7241985E-4,0.4,0.0,0.41094542,0.0041027316,0.7823086,6.941167E-4,0.4,0.0,0.35407493,0.0021268881
375316653866487564,1832576237850363264,0.43223026,2185.7249951923454,1.0869409300193844,1.1572742E-4,15.192218,0.0067181285,0.19709542,0.019534651,0.05737404,0.019546531,0.111498415,0.08261544,0.68157744,0.010245718,0.07653626,0.008577623,0.39425546,0.03916086,null,null,null,null,"TWOGAUSSIANS",8,123.25302,0.68157744,0.010245718,0.4,0.0,0.3939829,0.03915354,0.19709542,0.019534651,0.32129464,0.10946058,0.11122586,0.082840405
375316653866487564,1832576783298407808,0.5037396,2130.131081367852,1.2814832589788483,7.336059E-6,19.43523,0.00636688,0.17413205,0.0024450894,0.029272335,0.0017608743,0.42157048,0.016533855,0.68331385,0.02292101,0.023850285,0.010402288,0.30860943,0.07956764,null,null,null,null,"TWOGAUSSIANS",8,2.9752789,0.17413205,0.0024450894,0.16392507,0.0098608965,0.42157048,0.016533855,0.68331385,0.02292101,0.1335616,0.058252815,0.30860943,0.07956764
375316653866487564,1832578260770208000,0.517014,2145.5562891587947,0.5328751052301226,1.8550207E-5,18.76361,0.005415469,0.14825727,0.002020569,0.010210322,0.0017822563,0.7644463,0.030494044,0.649174,0.004797269,0.010779626,0.0033113242,0.5130088,0.42382902,null,null,null,null,"TWOGAUSSIANS",8,10.656315,0.14825727,0.002020569,0.057177808,0.009980636,0.7644463,0.030494044,0.649174,0.004797269,0.060365904,0.018543415,0.5130088,0.42382902
375316653866487564,1832579330227605248,0.47731623,2164.427311286551,0.6433735835805893,2.1759128E-5,18.378946,0.005219441,0.2726272,0.002311362,0.02193304,0.0018795317,0.4313343,0.04268884,0.7678065,0.003708851,0.019552112,0.0033995179,0.097540796,0.028899597,0.011972351,0.009387147,0.2726272,0.002311362,"TWOGAUSSIANS_WITH_ELLIPSOIDAL_ON_ECLIPSE1",9,13.974876,0.2726272,0.002311362,0.12282503,0.0105253775,0.45527896,0.0432162,0.76784647,0.0036646978,0.10949183,0.019037299,0.121463686,0.02638889
375316653866487564,1832579428997264384,0.55799854,2156.0461038980475,3.56943146991535,5.49036E-6,18.310549,0.006806926,0.23525906,0.002190059,0.041914165,0.004821178,0.10797425,0.019340063,0.73813933,0.0023506829,0.044453345,0.005652896,0.16558729,0.015723096,0.06966532,0.011321452,0.23525906,0.002190059,"TWOGAUSSIANS_WITH_ELLIPSOIDAL_ON_ECLIPSE1",9,2.469624,0.73813933,0.0023506829,0.24893872,0.03165622,0.304872,0.014848249,0.23525906,0.002190059,0.23471934,0.026998596,0.24730459,0.008324226
375316653866487564,1832581288732627840,0.43127254,2150.181776757812,2.3681272736457117,2.2819624E-5,17.326595,0.4361175,0.2211481,0.015334393,0.3180095,0.12226042,0.6887745,0.4109766,0.68715113,0.00690466,0.124315426,0.015657797,0.3543373,0.0788653,null,null,null,null,"TWOGAUSSIANS",8,23.348913,0.68715113,0.00690466,0.4,0.0,0.19505413,0.014299822,0.2226181,0.0141496565,0.4,0.0,0.13605957,0.020255173
375316653866487564,1832584857840218752,0.62983364,2134.7975668160425,3.0677572018716006,3.6082154E-6,18.265316,0.013680967,0.29064357,0.0013579255,0.055298455,0.0057971794,0.40776986,0.041583654,0.7927698,0.0017562412,0.05136314,0.0030214535,0.3818676,0.029801331,0.11657343,0.0163374,0.29064357,0.0013579255,"TWOGAUSSIANS_WITH_ELLIPSOIDAL_ON_ECLIPSE1",9,3.1345067,0.29064357,0.0013579255,0.30967137,0.032464206,0.6408994,0.057178132,0.7927698,0.0017562412,0.28763357,0.01692014,0.61495554,0.014531621
375316653866487564,1832585652419505664,0.6463221,2151.9338834560417,3.3814249955050903,2.8230659E-6,16.302828,0.015062631,0.26637873,0.0018311377,0.05677851,0.003655867,0.50690943,0.030107055,0.76726705,0.0012671198,0.052948393,0.0029224542,0.41712585,0.030605765,0.08739782,0.017205996,0.26637873,0.0018311377,"TWOGAUSSIANS_WITH_ELLIPSOIDAL_ON_ECLIPSE1",9,25.053047,0.26637873,0.0018311377,0.31795967,0.020472856,0.6816684,0.007884366,0.76726705,0.0012555377,0.296511,0.016365744,0.59187937,0.0073244995
375316653866487564,1832586236535124608,0.6631272,2154.956204247949,1.5081714940070274,1.8332771E-6,15.8499155,0.0038225513,0.22261228,7.0459326E-4,0.052952345,0.0024820569,0.14144452,0.009162229,0.72328025,0.0012976567,0.05957567,0.0017241127,0.23957506,0.0087188305,0.0845614,0.0051551573,0.22261228,7.0459326E-4,"TWOGAUSSIANS_WITH_ELLIPSOIDAL_ON_ECLIPSE1",9,9.522164,0.72328025,0.0012976567,0.33362374,0.009655031,0.4086587,0.0035091762,0.22261228,7.0459326E-4,0.29653314,0.013899518,0.31053117,0.004782871
