Gaia/vari_eclipsing_binary/VariEclipsingBinary_462888-462913.csv
# %ECSV 1.0
# ---
# delimiter: ','
# meta: !!omap
# - RELEASE: Gaia DR3
# - TABLE: vari_eclipsing_binary
# - DESCRIPTION: >
#     This table describes the properties of the eclipsing binaries resulting from the variability analysis. 
# - CITATION: >
#     How to cite and acknowledge Gaia: 
#     https://gea.esac.esa.int/archive/documentation/credits.html 
# - KNOWN_ISSUES: >
#     Known issues: 
#     https://www.cosmos.esa.int/web/gaia-users/known-issues 
# - DOCUMENTATION: >
#     Tutorials and documentation: 
#     https://www.cosmos.esa.int/web/gaia-users/archive 
# datatype:
# - 
#   name: solution_id
#   datatype: int64
#   description: Solution Identifier
#   meta:
#     ucd: meta.version
# - 
#   name: source_id
#   datatype: int64
#   description: Unique source identifier
#   meta:
#     ucd: meta.id;meta.main
# - 
#   name: global_ranking
#   datatype: float32
#   description: Number between 0 (worst) and 1 (best)
#   meta:
#     ucd: stat.param
# - 
#   name: reference_time
#   datatype: float64
#   unit: d
#   description: Reference time used for the geometric model fit
#   meta:
#     ucd: time.epoch
# - 
#   name: frequency
#   datatype: float64
#   unit: d**-1
#   description: Frequency of geometric model of the eclipsing binary light curve
#   meta:
#     ucd: src.orbital
# - 
#   name: frequency_error
#   datatype: float32
#   unit: d**-1
#   description: "Uncertainty of \\texttt{frequency}"
#   meta:
#     ucd: stat.error
# - 
#   name: geom_model_reference_level
#   datatype: float32
#   unit: mag
#   description: Magnitude reference level of geometric model
#   meta:
#     ucd: phot.mag;em.opt
# - 
#   name: geom_model_reference_level_error
#   datatype: float32
#   unit: mag
#   description: "Uncertainty of \\texttt{geomModelReferenceLevel}"
#   meta:
#     ucd: stat.error;phot.mag;em.opt
# - 
#   name: geom_model_gaussian1_phase
#   datatype: float32
#   description: Phase of the Gaussian 1 component
#   meta:
#     ucd: time.phase
# - 
#   name: geom_model_gaussian1_phase_error
#   datatype: float32
#   description: "Uncertainty of \\texttt{geomModelGaussian1Phase}"
#   meta:
#     ucd: stat.error;time.phase
# - 
#   name: geom_model_gaussian1_sigma
#   datatype: float32
#   description: "Standard deviation [phase] of Gaussian 1 component"
#   meta:
#     ucd: stat.stdev
# - 
#   name: geom_model_gaussian1_sigma_error
#   datatype: float32
#   description: "Uncertainty of \\texttt{geomModelGaussian1Sigma}"
#   meta:
#     ucd: stat.error
# - 
#   name: geom_model_gaussian1_depth
#   datatype: float32
#   unit: mag
#   description: Magnitude depth of Gaussian 1 component
#   meta:
#     ucd: src.var.amplitude
# - 
#   name: geom_model_gaussian1_depth_error
#   datatype: float32
#   unit: mag
#   description: "Uncertainty of \\texttt{geomModelGaussian1Depth}"
#   meta:
#     ucd: stat.error;src.var.amplitude
# - 
#   name: geom_model_gaussian2_phase
#   datatype: float32
#   description: Phase of Gaussian 2 component
#   meta:
#     ucd: time.phase
# - 
#   name: geom_model_gaussian2_phase_error
#   datatype: float32
#   description: "Uncertainty of \\texttt{geomModelGaussian2Phase}"
#   meta:
#     ucd: stat.error;time.phase
# - 
#   name: geom_model_gaussian2_sigma
#   datatype: float32
[...]
#   datatype: float32
#   description: "Secondary eclipse: uncertainty of \\texttt{derivedSecondaryEclDuration}"
#   meta:
#     ucd: stat.error;time.duration
# - 
#   name: derived_secondary_ecl_depth
#   datatype: float32
#   unit: mag
#   description: "Secondary eclipse: depth"
#   meta:
#     ucd: src.var.amplitude
# - 
#   name: derived_secondary_ecl_depth_error
#   datatype: float32
#   unit: mag
#   description: "Secondary eclipse: uncertainty of \\texttt{derivedSecondaryEclDepth}"
#   meta:
#     ucd: stat.error;src.var.amplitude
solution_id,source_id,global_ranking,reference_time,frequency,frequency_error,geom_model_reference_level,geom_model_reference_level_error,geom_model_gaussian1_phase,geom_model_gaussian1_phase_error,geom_model_gaussian1_sigma,geom_model_gaussian1_sigma_error,geom_model_gaussian1_depth,geom_model_gaussian1_depth_error,geom_model_gaussian2_phase,geom_model_gaussian2_phase_error,geom_model_gaussian2_sigma,geom_model_gaussian2_sigma_error,geom_model_gaussian2_depth,geom_model_gaussian2_depth_error,geom_model_cosine_half_period_amplitude,geom_model_cosine_half_period_amplitude_error,geom_model_cosine_half_period_phase,geom_model_cosine_half_period_phase_error,model_type,num_model_parameters,reduced_chi2,derived_primary_ecl_phase,derived_primary_ecl_phase_error,derived_primary_ecl_duration,derived_primary_ecl_duration_error,derived_primary_ecl_depth,derived_primary_ecl_depth_error,derived_secondary_ecl_phase,derived_secondary_ecl_phase_error,derived_secondary_ecl_duration,derived_secondary_ecl_duration_error,derived_secondary_ecl_depth,derived_secondary_ecl_depth_error
[from data line 189]
375316653866487564,4071669304915173376,0.51736814,2259.548078903728,4.427339533723822,2.0446027E-5,19.724764,0.030081447,0.3335458,0.016491314,0.08022852,0.0163989,0.5938331,0.06988948,0.8434697,0.008243547,0.06068251,0.014141261,0.6483012,0.16112229,null,null,null,null,"TWOGAUSSIANS",8,3.4175563,0.8434697,0.008243547,0.33982205,0.07294106,0.64655215,0.16455078,0.3335458,0.016491314,0.4,0.02958018,0.59208405,0.06958479
375316653866487564,4071669476712496512,0.5947609,2297.910063158202,3.33996578637469,1.4584011E-5,19.0516,0.10162805,0.29137135,0.005728716,0.08662511,0.018485209,0.48174635,0.080492795,0.79251546,0.004154829,0.14476562,0.036071893,0.37229145,0.08151875,null,null,null,null,"TWOGAUSSIANS",8,0.79118377,0.29135135,0.005806643,0.4,0.0,0.40889728,0.03085805,0.79251546,0.004154829,0.4,0.0,0.29752958,0.025783155
375316653866487564,4071669820309020672,0.5210656,2220.7984627185447,2.0694035068537957,5.183182E-5,18.958912,0.02489075,0.53550446,1.49294E-4,0.020088196,8.1068324E-4,0.82160735,0.012444641,0.4234354,0.081888795,0.18695146,0.14161748,0.044404138,0.022744413,null,null,null,null,"TWOGAUSSIANS",8,2.8762288,0.53544444,9.562258E-5,0.112493895,0.0045398264,0.85622853,0.033214726,0.4234654,0.19525413,0.4,0.0,0.04191989,1.2918637
375316653866487564,4071670095203627520,0.48587027,2208.5296269758983,0.228272493663515,5.6871075E-5,18.345966,0.053641982,0.15477197,0.0931271,0.0781698,0.06568363,0.050825227,0.038398072,0.6176675,0.026179437,0.17251551,0.077076055,0.09811361,0.052367967,null,null,null,null,"TWOGAUSSIANS",8,1.7501463,0.6176675,0.026179437,0.4,0.0,0.083034486,0.0065386137,0.15847197,0.45267028,0.4,0.06788334,0.03924949,0.046220195
375316653866487564,4071670297022961152,0.49373627,2245.710191573416,2.810722456003828,2.7386055E-5,18.050983,0.31367087,0.31426278,0.014997087,0.11312747,0.050767846,0.14027418,0.20213616,0.82195324,0.056129638,0.10373338,0.1533965,0.13868007,0.30909395,null,null,null,null,"TWOGAUSSIANS",8,2.6742206,0.31426278,0.009485796,0.4,0.0,0.12228593,0.011767682,0.82196325,0.056116756,0.4,0.03864286,0.12070595,0.022662992
375316653866487564,4071670335705249152,0.4993247,2198.648828881113,1.246678824803147,5.2167135E-5,18.451946,0.009308749,0.40963992,0.051158927,0.026323028,0.0805358,0.15931173,0.20879748,0.9128332,0.0038793953,0.026713973,0.014421454,0.05019067,0.022807838,null,null,null,null,"TWOGAUSSIANS",8,1.471998,0.40963992,0.051158927,0.14740896,0.25827852,0.15931173,0.20890476,0.9128332,0.0038793953,0.14959826,0.08076014,0.05019067,0.02280854
375316653866487564,4071670782382240896,0.48625928,2255.5264537539565,0.8151733469688306,7.335644E-5,19.393248,0.013724574,0.44257525,0.020711029,0.14370397,0.032844935,0.11940321,0.0123993065,0.8415474,0.030687632,0.03461683,0.028515495,0.0519823,0.51892674,null,null,null,null,"TWOGAUSSIANS",8,1.0125247,0.44257525,0.020711029,0.4,0.0,0.11867718,0.0103722885,0.8415474,0.030687632,0.19385426,0.15968677,0.053805847,0.51869065
375316653866487564,4071670919821093376,0.45438355,2171.293529268965,1.188289977934144,1.3886523E-4,18.997478,0.14201064,0.23104437,0.016504174,0.12200136,0.053312875,0.206857,0.11758954,0.73025227,0.02609406,0.11868248,0.096568845,0.21163125,0.11003056,null,null,null,null,"TWOGAUSSIANS",8,2.9345007,0.73025227,0.02636949,0.4,0.0,0.16370675,0.05822049,0.23104437,0.015122842,0.4,0.0,0.1588985,0.015648369
375316653866487564,4071672702225441664,0.5949551,2290.7863221591456,1.2623003613727093,1.0520251E-5,18.376585,0.008373942,0.3130052,0.0041641975,0.09109055,0.004901349,0.25362477,0.012525231,0.80966336,0.0029703598,0.08383254,0.0040705465,0.3309518,0.015106929,null,null,null,null,"TWOGAUSSIANS",8,1.669117,0.80966336,0.0029703598,0.4,0.0,0.32180345,0.0156846,0.3130052,0.0041641975,0.4,0.0,0.24447626,0.011439713
375316653866487564,4071672878327063040,0.5451487,2232.9070632549383,2.3996803297551477,2.5386218E-5,18.0022,0.017634192,0.24583392,0.013153387,0.09618767,0.016863085,0.2036523,0.019663678,0.74209446,0.010443174,0.08872351,0.014816452,0.22397844,0.019407686,null,null,null,null,"TWOGAUSSIANS",8,4.30188,0.74209446,0.010443174,0.4,0.0,0.21356535,0.01567349,0.24583392,0.013153387,0.4,0.0,0.19323869,0.018902434
375316653866487564,4071673080161785984,0.4251282,2289.714873313829,2.0203757932997832,8.798812E-5,18.997957,0.010823778,0.39887032,0.009375292,0.04041372,0.006380433,0.2314012,0.05008505,0.8689372,0.054464057,0.06407975,0.036848955,0.08458416,0.06252639,null,null,null,null,"TWOGAUSSIANS",8,3.0821793,0.39887032,0.009375292,0.22631682,0.03573043,0.23140058,0.05008455,0.8689372,0.054464057,0.35884658,0.2004204,0.084583536,0.06252634
375316653866487564,4071673668601280256,0.4895084,2274.988404114392,3.696756992487984,2.0394024E-5,19.569519,0.0221633,0.23427053,0.015615877,0.07510982,0.019155076,0.28559282,0.10113218,0.738763,0.006664452,0.08151145,0.008055352,0.36199117,0.026034733,null,null,null,null,"TWOGAUSSIANS",8,4.2649627,0.738763,0.006664452,0.4,0.0,0.35838628,0.023661032,0.23427053,0.015615877,0.4,0.041021388,0.28198794,0.10449958
375316653866487564,4071673733009401472,0.4839626,2282.550889307441,0.02403923299027443,3.5206715E-5,19.700369,0.010466485,0.24326956,0.0027515125,0.012594557,0.004946957,0.24016511,0.17243074,0.57836074,0.009028134,0.11730104,0.03058985,0.35352683,0.0594499,null,null,null,null,"TWOGAUSSIANS",8,1.5917976,0.57836074,0.009028134,0.4,0.0,0.35344666,0.06083864,0.24336956,0.0028640376,0.07052952,0.027702957,0.2460674,0.17329875
375316653866487564,4071673977839250048,0.5396401,2180.226554006141,2.8244705207183394,1.4336848E-5,18.27952,0.21716876,0.24183175,0.002373973,0.093170226,0.025005251,0.32016042,0.18523961,0.74324185,0.009948469,0.104975216,0.08465839,0.2632475,0.16406143,null,null,null,null,"TWOGAUSSIANS",8,4.0704803,0.24183175,0.002135288,0.4,0.0,0.29677203,0.023934035,0.74324185,0.010017018,0.4,0.0,0.23985322,0.039079323
375316653866487564,4071674557626514944,0.60588336,2260.5684409767955,1.9618210166926202,1.14589675E-5,17.354815,0.014786684,0.25334787,0.0037712352,0.08179997,0.00493508,0.48728055,0.020197542,0.7697703,0.0048253224,0.08825293,0.009354175,0.20554206,0.015903756,null,null,null,null,"TWOGAUSSIANS",8,8.0960045,0.25334787,0.0037712352,0.4,0.0,0.48117754,0.018865751,0.7697703,0.0048253224,0.4,0.0,0.19943902,0.01510083
375316653866487564,4071674561955179264,0.53682566,2212.142728278441,2.7165541154907262,3.0511332E-5,18.655443,0.0052233012,0.2553248,0.0064784433,0.025865689,0.028581746,0.26748267,1.4375852,null,null,null,null,null,null,0.080335796,0.005889481,0.2553248,0.0064784433,"ONEGAUSSIAN_WITH_ELLIPSOIDAL",6,2.4155865,0.2553248,0.0064784433,0.14484785,0.16005778,0.42815405,1.4432017,null,null,null,null,null,null
375316653866487564,4071674699408745984,0.43108135,2246.9401175862567,0.39451569940291403,2.7109216E-5,18.747711,0.31647512,0.29148215,0.026712773,0.22834781,0.106560655,0.4586183,0.30146876,0.7367589,0.047124594,0.08834469,0.029124703,0.21265072,0.06582735,null,null,null,null,"TWOGAUSSIANS",8,4.567742,0.29148215,0.026547609,0.4,0.0,0.3022817,0.04161657,0.7367589,0.047124594,0.4,0.0,0.14874722,0.04839837
375316653866487564,4071675004305574016,0.55225277,2256.036003941112,3.2224550165096897,1.42067665E-5,18.261553,0.021066552,0.23016845,0.005950056,0.08857249,0.0084775025,0.398778,0.021160852,0.7138584,0.006149783,0.07971119,0.01015557,0.34866482,0.019529797,null,null,null,null,"TWOGAUSSIANS",8,6.638553,0.23016845,0.005950056,0.4,0.0,0.39202526,0.01699559,0.7138584,0.006149783,0.4,0.0,0.34191224,0.014438712
375316653866487564,4071675210463987328,0.6718319,2240.492371019771,1.050840068472836,1.5676698E-5,18.314806,0.0027452367,0.2871825,0.005593948,0.023436785,0.005802109,0.29604775,0.07660258,0.7818592,0.003927101,0.027086534,0.0026993202,0.8046324,0.07891247,0.038434513,0.0043332367,0.2871825,0.005593948,"TWOGAUSSIANS_WITH_ELLIPSOIDAL_ON_ECLIPSE1",9,1.2353499,0.7818892,0.003903483,0.1516846,0.015116193,0.8814159,0.07844791,0.2871825,0.005593948,0.131246,0.03249181,0.3729167,0.0761839
375316653866487564,4071675347902956544,0.52195364,2208.072019144242,2.4941052337324456,2.846908E-5,18.469784,0.055219196,0.23949866,0.026946647,0.09240257,0.047453124,0.21382147,0.046669964,0.74735,0.009515496,0.09897736,0.023214191,0.24113528,0.053817846,null,null,null,null,"TWOGAUSSIANS",8,4.289329,0.74735,0.009480212,0.4,0.0,0.2276859,0.018829213,0.23949866,0.026969464,0.4,0.0,0.20037337,0.06802455
375316653866487564,4071675382285172224,0.53173107,2206.140004892767,3.0889520175683414,1.9303676E-5,19.610369,0.023526099,0.23703912,0.0071537797,0.07800863,0.01025458,0.5612513,0.06657984,0.7525585,0.016221387,0.06900444,0.008913613,0.48733512,0.07597008,null,null,null,null,"TWOGAUSSIANS",8,2.8747025,0.23703912,0.0071537797,0.4,0.0,0.55901,0.06783597,0.7525585,0.016221387,0.38642484,0.041854437,0.48509386,0.07346086
375316653866487564,4071675451004639616,0.4614725,2203.9724986318524,0.360507559483798,5.4906915E-5,18.325718,0.40315643,0.2684271,0.008689692,0.08829454,0.019613467,0.23496522,0.038781535,0.74318945,0.011269204,0.29206765,0.121447526,0.5424347,0.38638774,null,null,null,null,"TWOGAUSSIANS",8,6.442622,0.74318945,0.011269204,0.4,0.0,0.20258705,0.020224776,0.2742471,0.0090262825,0.4,0.0,0.14484882,0.04494424
375316653866487564,4071675519724125952,0.46255857,2241.8669717783714,0.029335662200458135,8.045519E-5,19.156775,0.024548464,0.21055533,0.0055571357,0.079977274,0.025928386,0.49086508,0.21820004,0.6024988,0.093205206,0.079290174,0.055658113,0.122555666,0.054915734,null,null,null,null,"TWOGAUSSIANS",8,5.179921,0.21055533,0.005565262,0.4,0.0,0.49053514,0.22052607,0.6024988,0.093205206,0.4,0.027420882,0.122228086,0.036594488
375316653866487564,4071675558402386944,0.55404896,2235.6523223563886,1.3973372605423628,9.741012E-6,16.023848,0.0017301068,0.22932988,0.0061894855,0.06915826,0.017764436,0.13487212,0.06340562,0.71885896,0.0037795245,0.05045265,0.0031132104,0.08574133,0.004566619,null,null,null,null,"TWOGAUSSIANS",8,2.8260546,0.22932988,0.0061894855,0.3872863,0.025363596,0.13484772,0.063533,0.71885896,0.0037795245,0.28253484,0.017433979,0.085716926,0.004551315
375316653866487564,4071676211237430912,0.5780829,2222.5773623774835,1.4309701366971672,1.1043127E-5,16.01163,0.02840392,0.20367567,0.0043655145,0.09769398,0.012323079,0.22246377,0.026724413,0.7018465,0.0072521353,0.11218062,0.019822162,0.19644764,0.026494192,null,null,null,null,"TWOGAUSSIANS",8,10.347529,0.20367567,0.00438455,0.4,0.0,0.19870897,0.006770685,0.7018465,0.0072521353,0.4,0.0,0.17267461,0.016014386
375316653866487564,4071676245597165568,0.45171613,2245.45516382002,0.20393065484229464,8.5546875E-5,16.072021,0.0030521313,0.3336368,0.072353,0.07838154,0.029731773,0.21139434,0.07783083,0.80680597,0.009796553,0.062935315,0.008634574,0.2613433,0.073466375,null,null,null,null,"TWOGAUSSIANS",8,6.893582,0.80680597,0.009796553,0.35243773,0.048353612,0.26090083,0.07375823,0.3336368,0.072353,0.4,0.12544475,0.21095186,0.07763707
375316653866487564,4071676623500945024,0.52870595,2193.7753961859844,3.5319746556357763,3.4962515E-5,19.24367,0.15540002,0.19370756,0.0124443825,0.12117893,0.036810156,0.4237663,0.15231334,0.6662913,0.004490081,0.10335389,0.015073112,0.59761715,0.14842197,null,null,null,null,"TWOGAUSSIANS",8,3.011566,0.6662913,0.004490081,0.4,0.0,0.53557277,0.03724784,0.19372755,0.012419099,0.4,0.0,0.3614967,0.04009276
375316653866487564,4071676864057982976,0.619373,2253.168664338605,1.4786740203175832,5.1189722E-6,15.953232,0.009037513,0.25055993,0.0049771722,0.093627304,0.0058740703,0.2923962,0.011921272,0.74627256,0.0019650063,0.097000346,0.005070189,0.20730387,0.008485951,null,null,null,null,"TWOGAUSSIANS",8,9.743882,0.25055993,0.0049771722,0.4,0.0,0.2776059,0.010746712,0.74627256,0.0019650063,0.4,0.0,0.19251324,0.004922522
375316653866487564,4071677203347221888,0.48871428,2196.7866242989826,2.86388556898905,2.3248558E-5,18.372063,0.659829,0.31015247,0.014382651,0.14164808,0.04411054,0.5253049,0.44370085,0.8011747,0.010965103,0.20640993,0.1677995,0.4836444,0.6498544,null,null,null,null,"TWOGAUSSIANS",8,4.3016,0.31275246,0.011071178,0.4,0.0,0.24558994,0.042208888,0.8011747,0.010965103,0.4,0.0,0.1543004,0.010567756
375316653866487564,4071677241976047744,0.4956012,2237.5604045330088,2.251007982618595,7.506046E-5,17.43215,0.037145626,0.23737586,0.006510059,0.09313338,0.01060902,0.43865964,0.03650689,0.6902286,0.010338074,0.075009406,0.01106125,0.41763017,0.07307657,null,null,null,null,"TWOGAUSSIANS",8,40.342632,0.23737586,0.006510059,0.4,0.0,0.4343779,0.0335391,0.6902286,0.010338074,0.4,0.010717351,0.41335166,0.07294885
375316653866487564,4071678032250478720,0.5713955,2199.928283878488,1.798031231399728,1.0314763E-5,17.862993,0.0073442664,0.1354519,0.004351729,0.047168892,0.0056520007,0.45217335,0.041832864,0.6290399,0.015303612,0.06784967,0.022952626,0.11026566,0.029376104,null,null,null,null,"TWOGAUSSIANS",8,9.1866665,0.1354519,0.004351729,0.2641458,0.031651203,0.45214993,0.04188058,0.6290399,0.015303612,0.37995818,0.050198533,0.11024224,0.029546402
375316653866487564,4071678199755058176,0.43776938,2208.643944867476,0.5459057958758213,5.875803E-5,18.113508,0.017698217,0.7489084,0.0467512,0.031780925,0.07999254,0.6274771,0.9167353,null,null,null,null,null,null,null,null,null,null,"ONEGAUSSIAN",5,23.139,0.7489084,0.0467512,0.17797317,0.22231425,0.6274771,0.0,null,null,null,null,null,null
375316653866487564,4071678341526900736,0.6275042,2191.5380134830557,2.4299370745233198,4.129485E-6,17.430552,0.009733362,0.258085,0.0016935515,0.084152736,0.0034740376,0.3291,0.008962272,0.7531943,0.0023969577,0.09715107,0.005381094,0.2274017,0.009034194,null,null,null,null,"TWOGAUSSIANS",8,2.577446,0.258085,0.0016935515,0.4,0.0,0.318005,0.007006798,0.7531943,0.0023969577,0.4,0.0,0.21630588,0.006471192
375316653866487564,4071678375886665344,0.46888834,2216.8201855499833,0.5144161193812601,2.8308597E-5,19.337635,0.30650142,0.19581793,0.01296227,0.09396246,0.02739925,0.45029086,0.19845998,0.70342404,0.009869732,0.18187946,0.09580379,0.4075318,0.2959986,null,null,null,null,"TWOGAUSSIANS",8,2.4695644,0.19522794,0.013511397,0.4,0.0,0.32501715,0.04662602,0.70342404,0.009871729,0.4,0.0,0.26351774,0.02335498
375316653866487564,4071678822524146176,0.48605075,2219.890293385182,0.5635727482613068,5.234877E-5,19.404654,0.040369596,0.08607884,0.011288966,0.11066815,0.046761498,0.15582696,0.025110167,0.55928797,0.0117399795,0.08145035,0.017326197,0.23392807,0.03636947,null,null,null,null,"TWOGAUSSIANS",8,2.1625497,0.55928797,0.0117399795,0.4,0.0,0.22549897,0.020073751,0.08607884,0.011288966,0.4,0.0,0.14737931,0.028037813
375316653866487564,4071679677223847296,0.47964206,2188.97280757945,4.720142359960461,3.9359064E-5,18.507395,0.0070262817,0.28190926,0.0097151715,0.058208648,0.015557536,0.12191759,0.039118636,0.80576664,0.0070387553,0.07074877,0.010644658,0.10489926,0.009749077,null,null,null,null,"TWOGAUSSIANS",8,1.5387756,0.28190926,0.0097151715,0.32596844,0.0871222,0.12185931,0.039175484,0.80576664,0.0070387553,0.39619312,0.041699115,0.10484098,0.0097608
375316653866487564,4071679883383908224,0.4980329,2176.5112983357108,0.09769983021257564,1.0291679E-4,18.831478,0.010877793,0.3556513,0.19676636,0.07636054,0.07954355,0.036067177,0.008932294,0.8176491,0.01177915,0.05483568,0.0097046,0.2759801,0.068294026,null,null,null,null,"TWOGAUSSIANS",8,2.4516482,0.8176491,0.01177915,0.3070798,0.05434576,0.27594444,0.06811032,0.3556513,0.19679353,0.4,0.1679564,0.03603154,0.009240145
375316653866487564,4071680295700805248,0.5881495,2196.185758742716,0.9975713060696455,4.3295244E-5,18.373241,0.027317364,0.24234627,0.028193187,0.06549457,0.013861967,0.39976493,0.1265871,0.7663456,0.09061891,0.116723776,0.13350447,0.03794328,0.3431682,null,null,null,null,"TWOGAUSSIANS",8,1.2775005,0.24234627,0.028027846,0.36676958,0.0608023,0.39736703,0.1381062,0.7663456,0.09061891,0.4,0.14939235,0.035534497,0.3465859
