Gaia/vari_eclipsing_binary/VariEclipsingBinary_666053-666066.csv
# %ECSV 1.0
# ---
# delimiter: ','
# meta: !!omap
# - RELEASE: Gaia DR3
# - TABLE: vari_eclipsing_binary
# - DESCRIPTION: >
#     This table describes the properties of the eclipsing binaries resulting from the variability analysis. 
# - CITATION: >
#     How to cite and acknowledge Gaia: 
#     https://gea.esac.esa.int/archive/documentation/credits.html 
# - KNOWN_ISSUES: >
#     Known issues: 
#     https://www.cosmos.esa.int/web/gaia-users/known-issues 
# - DOCUMENTATION: >
#     Tutorials and documentation: 
#     https://www.cosmos.esa.int/web/gaia-users/archive 
# datatype:
# - 
#   name: solution_id
#   datatype: int64
#   description: Solution Identifier
#   meta:
#     ucd: meta.version
# - 
#   name: source_id
#   datatype: int64
#   description: Unique source identifier
#   meta:
#     ucd: meta.id;meta.main
# - 
#   name: global_ranking
#   datatype: float32
#   description: Number between 0 (worst) and 1 (best)
#   meta:
#     ucd: stat.param
# - 
#   name: reference_time
#   datatype: float64
#   unit: d
#   description: Reference time used for the geometric model fit
#   meta:
#     ucd: time.epoch
# - 
#   name: frequency
#   datatype: float64
#   unit: d**-1
#   description: Frequency of geometric model of the eclipsing binary light curve
#   meta:
#     ucd: src.orbital
# - 
#   name: frequency_error
#   datatype: float32
#   unit: d**-1
#   description: "Uncertainty of \\texttt{frequency}"
#   meta:
#     ucd: stat.error
# - 
#   name: geom_model_reference_level
#   datatype: float32
#   unit: mag
#   description: Magnitude reference level of geometric model
#   meta:
#     ucd: phot.mag;em.opt
# - 
#   name: geom_model_reference_level_error
#   datatype: float32
#   unit: mag
#   description: "Uncertainty of \\texttt{geomModelReferenceLevel}"
#   meta:
#     ucd: stat.error;phot.mag;em.opt
# - 
#   name: geom_model_gaussian1_phase
#   datatype: float32
#   description: Phase of the Gaussian 1 component
#   meta:
#     ucd: time.phase
# - 
#   name: geom_model_gaussian1_phase_error
#   datatype: float32
#   description: "Uncertainty of \\texttt{geomModelGaussian1Phase}"
#   meta:
#     ucd: stat.error;time.phase
# - 
#   name: geom_model_gaussian1_sigma
#   datatype: float32
#   description: "Standard deviation [phase] of Gaussian 1 component"
#   meta:
#     ucd: stat.stdev
# - 
#   name: geom_model_gaussian1_sigma_error
#   datatype: float32
#   description: "Uncertainty of \\texttt{geomModelGaussian1Sigma}"
#   meta:
#     ucd: stat.error
# - 
#   name: geom_model_gaussian1_depth
#   datatype: float32
#   unit: mag
#   description: Magnitude depth of Gaussian 1 component
#   meta:
#     ucd: src.var.amplitude
# - 
#   name: geom_model_gaussian1_depth_error
#   datatype: float32
#   unit: mag
#   description: "Uncertainty of \\texttt{geomModelGaussian1Depth}"
#   meta:
#     ucd: stat.error;src.var.amplitude
# - 
#   name: geom_model_gaussian2_phase
#   datatype: float32
#   description: Phase of Gaussian 2 component
#   meta:
#     ucd: time.phase
# - 
#   name: geom_model_gaussian2_phase_error
#   datatype: float32
#   description: "Uncertainty of \\texttt{geomModelGaussian2Phase}"
#   meta:
#     ucd: stat.error;time.phase
# - 
#   name: geom_model_gaussian2_sigma
#   datatype: float32
[...]
#   datatype: float32
#   description: "Secondary eclipse: uncertainty of \\texttt{derivedSecondaryEclDuration}"
#   meta:
#     ucd: stat.error;time.duration
# - 
#   name: derived_secondary_ecl_depth
#   datatype: float32
#   unit: mag
#   description: "Secondary eclipse: depth"
#   meta:
#     ucd: src.var.amplitude
# - 
#   name: derived_secondary_ecl_depth_error
#   datatype: float32
#   unit: mag
#   description: "Secondary eclipse: uncertainty of \\texttt{derivedSecondaryEclDepth}"
#   meta:
#     ucd: stat.error;src.var.amplitude
solution_id,source_id,global_ranking,reference_time,frequency,frequency_error,geom_model_reference_level,geom_model_reference_level_error,geom_model_gaussian1_phase,geom_model_gaussian1_phase_error,geom_model_gaussian1_sigma,geom_model_gaussian1_sigma_error,geom_model_gaussian1_depth,geom_model_gaussian1_depth_error,geom_model_gaussian2_phase,geom_model_gaussian2_phase_error,geom_model_gaussian2_sigma,geom_model_gaussian2_sigma_error,geom_model_gaussian2_depth,geom_model_gaussian2_depth_error,geom_model_cosine_half_period_amplitude,geom_model_cosine_half_period_amplitude_error,geom_model_cosine_half_period_phase,geom_model_cosine_half_period_phase_error,model_type,num_model_parameters,reduced_chi2,derived_primary_ecl_phase,derived_primary_ecl_phase_error,derived_primary_ecl_duration,derived_primary_ecl_duration_error,derived_primary_ecl_depth,derived_primary_ecl_depth_error,derived_secondary_ecl_phase,derived_secondary_ecl_phase_error,derived_secondary_ecl_duration,derived_secondary_ecl_duration_error,derived_secondary_ecl_depth,derived_secondary_ecl_depth_error
[from data line 437]
375316653866487564,5858736713494917888,0.5614455,2235.6326905088436,0.6549240135070229,1.3746184E-5,17.69079,0.0021441989,0.27624443,0.005016545,0.029731484,0.007219416,0.042912506,0.0071433308,0.76931447,0.005455151,0.030892627,0.0033674596,0.18331191,0.019914737,0.019210279,0.0036062545,0.27624443,0.005016545,"TWOGAUSSIANS_WITH_ELLIPSOIDAL_ON_ECLIPSE1",9,1.9348264,0.76942444,0.005359065,0.17299871,0.018857773,0.22166073,0.019313313,0.27624443,0.005016545,0.1664963,0.04042873,0.08133299,0.006819451
375316653866487564,5858736752239390464,0.58592945,2285.076088643191,2.095882146242705,1.0223059E-5,18.231945,0.005655458,0.2939801,0.0014738913,0.0820965,0.0024119583,0.29325595,0.0062574553,0.7945484,0.0018969533,0.08812759,0.0024913333,0.27887958,0.0076060416,null,null,null,null,"TWOGAUSSIANS",8,2.225924,0.2939801,0.0014738913,0.4,0.0,0.2856903,0.0054817065,0.7945484,0.0018969533,0.4,0.0,0.27131388,0.00688886
375316653866487564,5858736820907109632,0.47289696,2188.425189873145,3.229945862074721,1.7217E-5,19.501608,0.009371425,0.34385398,0.020582436,0.016251644,0.011668477,0.2848385,12.213061,0.8167288,0.003976197,0.068863876,0.02665951,0.07135773,0.047103986,0.11832036,0.012705049,0.8167288,0.003976197,"TWOGAUSSIANS_WITH_ELLIPSOIDAL_ON_ECLIPSE2",9,4.5618706,0.343404,0.020160187,0.09100921,0.06534348,0.51468706,12.215618,0.8167288,0.003976197,0.3856377,0.10246033,0.30790105,0.041995108
375316653866487564,5858736889626684416,0.48426706,2229.771634251531,0.5046984065594631,3.7258364E-5,17.073275,0.0041246307,0.18381895,0.039085347,0.020950992,0.018406205,0.7907603,106816.26,0.8194861,0.004069255,0.015460512,0.025367612,0.36560214,0.31027606,null,null,null,null,"TWOGAUSSIANS",8,22.60977,0.18381895,0.039085347,0.11732556,0.103074744,0.7907603,106816.26,0.8194861,0.004069255,0.08657887,0.14205863,0.36560214,0.31027606
375316653866487564,5858736924038112384,0.48349223,2240.565361607942,2.0839872551364094,2.8942568E-5,19.334723,0.01896313,0.2279802,0.007717077,0.100722425,0.018527742,0.15412933,0.027017318,0.70743126,0.008592011,0.088588946,0.011499783,0.2437004,0.024391977,null,null,null,null,"TWOGAUSSIANS",8,2.4901206,0.70743126,0.008592011,0.4,0.0,0.23506227,0.021312272,0.2279802,0.007717077,0.4,0.0,0.1454892,0.026773594
375316653866487564,5858737027065610112,0.51847506,2238.1335783685035,3.2413886944624477,1.2850025E-5,19.283321,0.01372271,0.24470088,0.004113755,0.08175635,0.006704919,0.53329736,0.0486487,0.75056624,0.00379283,0.0769732,0.0049612587,0.4408274,0.020660602,null,null,null,null,"TWOGAUSSIANS",8,3.5743082,0.24470088,0.004113755,0.4,0.0,0.52724177,0.050084844,0.75056624,0.00379283,0.4,0.0,0.43477184,0.01990458
375316653866487564,5858737194533863680,0.5469786,2235.879356520197,2.711822400711982,1.3264098E-5,19.007776,0.010304379,0.26708475,0.002239069,0.069793075,0.0029522907,0.5950763,0.019701002,0.7607092,0.003918544,0.07505409,0.004581747,0.54068947,0.012313464,null,null,null,null,"TWOGAUSSIANS",8,2.7672024,0.26708475,0.002239069,0.39084122,0.016532829,0.5925659,0.019749183,0.7607092,0.003918544,0.4,0.0,0.53817904,0.011809741
375316653866487564,5858737198864428416,0.4394419,2275.4695673254696,2.2528337735839754,1.9184943E-5,19.083324,0.012524608,0.2935498,0.032999873,0.011029857,0.011377546,0.21045914,0.12179674,0.7409255,0.0054339366,0.031578664,0.008871213,0.18897471,0.21556927,0.08281893,0.021766946,0.7409255,0.0054339366,"TWOGAUSSIANS_WITH_ELLIPSOIDAL_ON_ECLIPSE2",9,17.767576,0.2931798,0.033719726,0.061767202,0.06371426,0.35875586,0.07853992,0.7409255,0.0054339366,0.17684053,0.04967879,0.35461253,0.21306403
375316653866487564,5858737263271419520,0.5386892,2240.5691912154452,1.7721716043745517,1.5119881E-5,18.743486,0.011198109,0.27662057,0.0032657597,0.07805004,0.0059277704,0.45830625,0.028876752,0.7775081,0.008764053,0.07775794,0.010151755,0.215462,0.011958193,null,null,null,null,"TWOGAUSSIANS",8,4.1431503,0.27662057,0.0032657597,0.4,0.0,0.4547487,0.030011194,0.7775081,0.008764053,0.4,0.0,0.21190444,0.011072018
375316653866487564,5858737538131259648,0.5261386,2272.951542139786,2.5894309741161483,1.9560895E-5,17.040085,0.007992714,0.26752466,0.0053640106,0.10118232,0.0115544,0.10296666,0.0071973153,0.76207656,0.0031698039,0.10009125,0.008912414,0.101775445,0.0071989875,null,null,null,null,"TWOGAUSSIANS",8,3.6043062,0.26752466,0.0053640106,0.4,0.0,0.094221376,0.0048282593,0.76207656,0.0031698039,0.4,0.0,0.09303042,0.0034562475
375316653866487564,5858737782980656896,0.5149166,2258.447496796339,2.593147172833978,2.0714326E-5,18.99292,0.024820767,0.30563453,0.01758664,0.09948082,0.029043574,0.1709859,0.02525993,0.79730904,0.0028944684,0.09262551,0.008249955,0.29861197,0.025501627,null,null,null,null,"TWOGAUSSIANS",8,3.1898491,0.79730904,0.0028944684,0.4,0.0,0.28523064,0.016966786,0.30563453,0.01758664,0.4,0.0,0.15760365,0.018346176
375316653866487564,5858738160988774272,0.55267996,2227.0266926520508,0.18365630999139795,2.1000491E-5,16.398163,0.0022255604,0.23793897,0.0054762796,0.004109548,0.0010968879,4.4482474,15.243174,null,null,null,null,null,null,0.005378528,0.005639479,0.23793897,0.0054762796,"ONEGAUSSIAN_WITH_ELLIPSOIDAL",6,32.82087,0.23793897,0.0054762796,0.023013469,0.006142572,4.459005,15.235862,null,null,null,null,null,null
375316653866487564,5858738229708260608,0.6219681,2248.779337105367,0.3859316645718629,1.0026019E-4,15.902658,8.314239E-4,0.11042193,0.001961604,0.01503591,0.0090234885,0.02185669,39.912346,0.80896986,0.021541925,0.02567387,0.014100787,0.2474068,0.04214146,null,null,null,null,"TWOGAUSSIANS",8,3.603126,0.80896986,0.021541925,0.14377367,0.07896441,0.2474068,0.04214146,0.11042193,0.001961604,0.0842011,0.050531533,0.02185669,39.912346
375316653866487564,5858738328423190016,0.5872909,2285.466676845603,2.093005895075807,5.837677E-6,18.88246,0.01875238,0.24115844,0.00260869,0.051788162,0.006644867,0.2864651,0.0483564,0.7384687,0.0022354957,0.054692328,0.004728918,0.35197347,0.04634731,0.113568455,0.0303151,0.24115844,0.00260869,"TWOGAUSSIANS_WITH_ELLIPSOIDAL_ON_ECLIPSE1",9,3.7659187,0.73882866,0.0017990654,0.30627704,0.02648194,0.57904315,0.02012281,0.24115844,0.00260869,0.29001373,0.037211254,0.51359105,0.020346818
375316653866487564,5858738607614668672,0.5313764,2242.0464662221734,0.2668728374054494,1.3395396E-6,19.161446,0.0033213124,0.30456984,7.938375E-4,0.011093522,0.0021054985,0.07516501,0.03438991,0.5648001,1.17490024E-4,0.0062932386,1.0175509E-4,0.6250804,0.022221383,null,null,null,null,"TWOGAUSSIANS",8,1.6918036,0.5648001,1.17490024E-4,0.035242137,5.698285E-4,0.6250804,0.022221383,0.30456984,7.938375E-4,0.062123727,0.0117907915,0.07516501,0.03438991
375316653866487564,5858738912513821184,0.58079934,2227.2228052004853,1.6870035718030587,7.4306085E-6,17.69449,0.008156296,0.22444981,0.0032799446,0.050693486,0.0073742396,0.09980584,0.02945775,0.72567666,0.0023321426,0.05754928,0.006271966,0.15595086,0.014592269,0.06569686,0.009380208,0.22444981,0.0032799446,"TWOGAUSSIANS_WITH_ELLIPSOIDAL_ON_ECLIPSE1",9,3.6350675,0.72567666,0.002276564,0.32227597,0.03512301,0.28732488,0.008778703,0.22444981,0.0032799446,0.2838835,0.04129574,0.23118767,0.02120631
375316653866487564,5858738951263056000,0.60354483,2223.940071270935,0.37451215184100034,3.5072233E-6,15.492726,0.0014688419,0.23247801,0.0041409153,0.026658101,0.0015825131,0.42307705,0.028261092,0.7355164,0.0023680718,0.025046654,0.0023073026,0.38578683,0.06857482,null,null,null,null,"TWOGAUSSIANS",8,42.62357,0.23247801,0.0041409153,0.14928536,0.0088620735,0.42307705,0.028261092,0.7355164,0.0023680718,0.14026126,0.012920895,0.38578683,0.06857482
375316653866487564,5858739500969343104,0.50221497,2276.978479453709,2.90784595156346,1.8833438E-5,17.762552,0.98517704,0.27848902,0.0031754551,0.193733,0.11804339,0.64811724,0.9685255,0.777083,0.003923917,0.1475142,0.044345506,0.6195225,0.6785432,null,null,null,null,"TWOGAUSSIANS",8,8.26335,0.777083,0.003923917,0.4,0.0,0.2397369,0.014446857,0.278669,0.0033949648,0.4,0.0,0.2259194,0.012829333
375316653866487564,5858739707125639936,0.5772644,2242.1755077832636,1.7697496056116853,3.6293736E-6,18.122517,0.0027388774,0.29298803,0.002210523,0.04787855,0.0016978681,0.40483236,0.013974578,0.79988945,0.009211349,0.046177477,0.006632307,0.075345024,0.009200555,null,null,null,null,"TWOGAUSSIANS",8,2.524156,0.29298803,0.002210523,0.26811987,0.009508061,0.40483218,0.013974556,0.79988945,0.009211349,0.2585939,0.03714092,0.07534485,0.0092004305
375316653866487564,5858739775896899712,0.52238905,2245.965931962437,1.4322089411187244,9.212901E-6,17.142397,0.012039455,0.25813454,0.004234431,0.053751376,0.011801088,0.043643203,0.038457364,0.75274676,0.002132727,0.045044694,0.003792793,0.5203872,0.044791095,0.08401959,0.016582731,0.25813454,0.004234431,"TWOGAUSSIANS_WITH_ELLIPSOIDAL_ON_ECLIPSE1",9,30.723183,0.75300676,0.0020170263,0.25225028,0.02123964,0.6882423,0.048188798,0.25813454,0.004234431,0.30100772,0.06608609,0.21168135,0.019034967
375316653866487564,5858739840231301632,0.42057025,2246.847538993603,4.450786085345005,3.2660028E-5,17.956242,0.007045729,0.273365,0.0072283163,0.009765896,0.0072779125,0.066307314,0.051344696,0.9079138,0.007312098,0.04504354,0.010829965,0.09922708,0.06260816,0.023655418,0.013343039,0.9079138,0.007312098,"TWOGAUSSIANS_WITH_ELLIPSOIDAL_ON_ECLIPSE2",9,6.0592165,0.9079138,0.007312098,0.25224382,0.060647804,0.14653778,0.064137444,0.27379498,0.00719596,0.054689016,0.040756308,0.08719359,0.055280127
375316653866487564,5858739947646297344,0.64336836,2239.329781990741,3.104014521880574,4.2550428E-6,18.131666,0.0072058607,0.24406919,8.879682E-4,0.047790527,0.0018499485,0.46648732,0.020457003,0.75061315,0.0016308503,0.039552104,0.0020162317,0.36367744,0.018587178,0.13204297,0.010878842,0.24406919,8.879682E-4,"TWOGAUSSIANS_WITH_ELLIPSOIDAL_ON_ECLIPSE1",9,3.8674283,0.24406919,8.879682E-4,0.26762694,0.010359712,0.7305727,0.015230078,0.75061315,0.0016308503,0.22149177,0.011290898,0.6273166,0.012050459
375316653866487564,5858740050724741888,0.52562493,2258.7938894642757,1.4897908123629875,1.3637089E-5,18.564363,0.010842532,0.23884341,0.0038422553,0.04467839,0.006036117,0.25780773,0.049001005,0.6973712,0.050596848,0.06398156,0.08578888,0.027582344,0.034286156,0.10604128,0.010863961,0.23884341,0.0038422553,"TWOGAUSSIANS_WITH_ELLIPSOIDAL_ON_ECLIPSE1",9,6.146663,0.23884341,0.0038422553,0.250199,0.033802256,0.46988925,0.050556656,0.72786117,0.017617973,0.35829675,0.47225493,0.235695,0.045873173
375316653866487564,5858740153804153856,0.48538294,2217.1364391952493,2.155228883404616,1.5408885E-5,19.700884,0.031023175,0.28992033,0.0054546525,0.084911406,0.010067592,0.49602354,0.030273888,0.8077214,0.007577093,0.09754746,0.012734433,0.2380379,0.030466696,null,null,null,null,"TWOGAUSSIANS",8,2.6340241,0.28992033,0.0054546525,0.4,0.0,0.48426494,0.028158013,0.8077214,0.007577093,0.4,0.0,0.22627802,0.021524677
375316653866487564,5858740153804175104,0.4942621,2221.5796005424268,3.747586555708038,1.2634809E-5,18.612675,0.026950797,0.15471633,0.0034650408,0.081063695,0.009026049,0.40391684,0.031166181,0.64870834,0.006967187,0.08895407,0.016352106,0.2767503,0.028682915,null,null,null,null,"TWOGAUSSIANS",8,8.962758,0.15471633,0.0034650408,0.4,0.0,0.39604703,0.031113947,0.64870834,0.006967187,0.4,0.0,0.2688804,0.02988419
375316653866487564,5858740218207440512,0.45158038,2243.599734430433,3.1756064933288277,4.374161E-5,19.347445,0.04979275,0.23442619,0.010288872,0.09193734,0.024882806,0.26285362,0.04768382,0.7287171,0.008230268,0.08727033,0.03076865,0.29559186,0.034637995,null,null,null,null,"TWOGAUSSIANS",8,7.6379,0.7287171,0.008230268,0.4,0.0,0.28521654,0.024442133,0.23442619,0.010288872,0.4,0.0,0.25247815,0.028052978
375316653866487564,5858740321280983552,0.44260892,2249.4335031250243,2.0250975094809487,1.9759125E-5,19.023766,0.0052978457,0.26931855,0.009177546,0.054282084,0.011809823,0.21845956,0.038596902,0.79721266,0.005580299,0.01639056,0.004891693,0.1133201,0.02441289,null,null,null,null,"TWOGAUSSIANS",8,4.0706487,0.26931855,0.009177546,0.30397967,0.06613501,0.21845956,0.038596902,0.79721266,0.005580299,0.091787145,0.027393483,0.1133201,0.02441289
375316653866487564,5858740325652630144,0.5282581,2244.4497924745924,2.703930623791068,1.228031E-5,16.449064,0.022482913,0.14610913,0.0039181374,0.059470154,0.008198521,0.22554508,0.043583408,0.6333079,0.003911169,0.070820935,0.010674136,0.2318089,0.047343533,0.036806278,0.024530493,0.6333079,0.003911169,"TWOGAUSSIANS_WITH_ELLIPSOIDAL_ON_ECLIPSE2",9,36.52218,0.6333079,0.003911169,0.39659727,0.051213406,0.30498612,0.033919096,0.14503914,0.0032599475,0.33303285,0.04591172,0.29828656,0.015092303
375316653866487564,5858740428682079104,0.46432474,2215.04211240694,0.30063601101849136,4.647389E-6,19.70356,0.008414174,0.1591385,0.020540703,0.06125526,0.04766578,0.046765137,0.02826785,0.39707947,0.0101802945,0.017858837,0.0036310456,0.5882027,0.22510585,null,null,null,null,"TWOGAUSSIANS",8,2.609469,0.39707947,0.0101802945,0.100009486,0.020333856,0.5882275,0.22512875,0.1591385,0.020540703,0.34302947,0.26692837,0.046765137,0.02826785
375316653866487564,5858740497451371520,0.597636,2220.774322892938,2.0446612004483717,8.994102E-6,17.949715,0.013155556,0.2612708,0.0026682226,0.052866973,0.0047867186,0.27267656,0.031525373,0.76531065,0.0028641105,0.056277633,0.005019058,0.29064205,0.03112402,0.10147496,0.018157283,0.2612708,0.0026682226,"TWOGAUSSIANS_WITH_ELLIPSOIDAL_ON_ECLIPSE1",9,5.595621,0.76531065,0.0028641105,0.31515473,0.028106725,0.4934459,0.016736804,0.2612708,0.0026682226,0.29605505,0.026805624,0.47561115,0.014858157
375316653866487564,5858740669200726912,0.44483665,2257.847589374592,0.6251444194480755,9.3206845E-6,18.20233,0.0033029895,0.30972514,0.003953758,0.026994662,0.005207898,0.11058994,0.025955278,0.8052317,0.0034592221,0.022333357,0.0052574244,0.11791133,0.037146214,null,null,null,null,"TWOGAUSSIANS",8,4.371077,0.8052317,0.0034592221,0.1250668,0.029441576,0.11791133,0.037146214,0.30972514,0.003953758,0.1511701,0.029164229,0.11058994,0.025955278
375316653866487564,5858740737920304128,0.56531864,2205.9873995578373,2.0684414501788932,1.0035552E-5,19.092424,0.004500105,0.23583305,0.002874286,0.079936214,0.0026187755,0.27752775,0.010489028,0.7373037,0.0030397612,0.07815215,0.0055711693,0.39102367,0.017618889,null,null,null,null,"TWOGAUSSIANS",8,1.4448311,0.7373037,0.0030397612,0.4,0.0,0.38673666,0.01873361,0.23583305,0.002874286,0.4,0.0,0.27324075,0.010449632
375316653866487564,5858740772280068224,0.48265162,2253.2393729232263,3.5187022922088262,1.827973E-5,19.713789,0.06113684,0.20184176,0.011495397,0.09320788,0.024790853,0.4875894,0.06194068,0.6590238,0.0049744304,0.08037968,0.012294217,0.57981235,0.06069607,null,null,null,null,"TWOGAUSSIANS",8,7.2175746,0.6590238,0.0049744304,0.4,0.0,0.5718944,0.051050343,0.20184176,0.011495397,0.4,0.0,0.47966862,0.055733588
375316653866487564,5858741012798334976,0.5042787,2273.5402581017515,1.803279420654498,1.2401679E-5,18.408627,0.056067992,0.26089656,0.003135002,0.11039068,0.021871563,0.18909335,0.051456675,0.7594628,0.0044257655,0.123980574,0.026481112,0.18878299,0.05365431,null,null,null,null,"TWOGAUSSIANS",8,1.9683957,0.26090655,0.0031411175,0.4,0.0,0.15097222,0.0091337655,0.7594628,0.0044257655,0.4,0.0,0.15056404,0.00829845
375316653866487564,5858741459523750784,0.42531994,2225.7857484606448,2.26036038471583,7.161553E-5,19.32753,0.025395235,0.29921135,0.01655801,0.057317033,0.021299934,0.18498553,0.04359369,0.7713425,0.011865829,0.09693839,0.020092621,0.25642788,0.037826333,null,null,null,null,"TWOGAUSSIANS",8,12.723409,0.7713425,0.011865829,0.4,0.0,0.25516957,0.037839133,0.29921135,0.016556742,0.3209754,0.11927962,0.18372913,0.0438426
