Gaia/vari_eclipsing_binary/VariEclipsingBinary_460184-460197.csv
# %ECSV 1.0
# ---
# delimiter: ','
# meta: !!omap
# - RELEASE: Gaia DR3
# - TABLE: vari_eclipsing_binary
# - DESCRIPTION: >
#     This table describes the properties of the eclipsing binaries resulting from the variability analysis. 
# - CITATION: >
#     How to cite and acknowledge Gaia: 
#     https://gea.esac.esa.int/archive/documentation/credits.html 
# - KNOWN_ISSUES: >
#     Known issues: 
#     https://www.cosmos.esa.int/web/gaia-users/known-issues 
# - DOCUMENTATION: >
#     Tutorials and documentation: 
#     https://www.cosmos.esa.int/web/gaia-users/archive 
# datatype:
# - 
#   name: solution_id
#   datatype: int64
#   description: Solution Identifier
#   meta:
#     ucd: meta.version
# - 
#   name: source_id
#   datatype: int64
#   description: Unique source identifier
#   meta:
#     ucd: meta.id;meta.main
# - 
#   name: global_ranking
#   datatype: float32
#   description: Number between 0 (worst) and 1 (best)
#   meta:
#     ucd: stat.param
# - 
#   name: reference_time
#   datatype: float64
#   unit: d
#   description: Reference time used for the geometric model fit
#   meta:
#     ucd: time.epoch
# - 
#   name: frequency
#   datatype: float64
#   unit: d**-1
#   description: Frequency of geometric model of the eclipsing binary light curve
#   meta:
#     ucd: src.orbital
# - 
#   name: frequency_error
#   datatype: float32
#   unit: d**-1
#   description: "Uncertainty of \\texttt{frequency}"
#   meta:
#     ucd: stat.error
# - 
#   name: geom_model_reference_level
#   datatype: float32
#   unit: mag
#   description: Magnitude reference level of geometric model
#   meta:
#     ucd: phot.mag;em.opt
# - 
#   name: geom_model_reference_level_error
#   datatype: float32
#   unit: mag
#   description: "Uncertainty of \\texttt{geomModelReferenceLevel}"
#   meta:
#     ucd: stat.error;phot.mag;em.opt
# - 
#   name: geom_model_gaussian1_phase
#   datatype: float32
#   description: Phase of the Gaussian 1 component
#   meta:
#     ucd: time.phase
# - 
#   name: geom_model_gaussian1_phase_error
#   datatype: float32
#   description: "Uncertainty of \\texttt{geomModelGaussian1Phase}"
#   meta:
#     ucd: stat.error;time.phase
# - 
#   name: geom_model_gaussian1_sigma
#   datatype: float32
#   description: "Standard deviation [phase] of Gaussian 1 component"
#   meta:
#     ucd: stat.stdev
# - 
#   name: geom_model_gaussian1_sigma_error
#   datatype: float32
#   description: "Uncertainty of \\texttt{geomModelGaussian1Sigma}"
#   meta:
#     ucd: stat.error
# - 
#   name: geom_model_gaussian1_depth
#   datatype: float32
#   unit: mag
#   description: Magnitude depth of Gaussian 1 component
#   meta:
#     ucd: src.var.amplitude
# - 
#   name: geom_model_gaussian1_depth_error
#   datatype: float32
#   unit: mag
#   description: "Uncertainty of \\texttt{geomModelGaussian1Depth}"
#   meta:
#     ucd: stat.error;src.var.amplitude
# - 
#   name: geom_model_gaussian2_phase
#   datatype: float32
#   description: Phase of Gaussian 2 component
#   meta:
#     ucd: time.phase
# - 
#   name: geom_model_gaussian2_phase_error
#   datatype: float32
#   description: "Uncertainty of \\texttt{geomModelGaussian2Phase}"
#   meta:
#     ucd: stat.error;time.phase
# - 
#   name: geom_model_gaussian2_sigma
#   datatype: float32
[...]
#   datatype: float32
#   description: "Secondary eclipse: uncertainty of \\texttt{derivedSecondaryEclDuration}"
#   meta:
#     ucd: stat.error;time.duration
# - 
#   name: derived_secondary_ecl_depth
#   datatype: float32
#   unit: mag
#   description: "Secondary eclipse: depth"
#   meta:
#     ucd: src.var.amplitude
# - 
#   name: derived_secondary_ecl_depth_error
#   datatype: float32
#   unit: mag
#   description: "Secondary eclipse: uncertainty of \\texttt{derivedSecondaryEclDepth}"
#   meta:
#     ucd: stat.error;src.var.amplitude
solution_id,source_id,global_ranking,reference_time,frequency,frequency_error,geom_model_reference_level,geom_model_reference_level_error,geom_model_gaussian1_phase,geom_model_gaussian1_phase_error,geom_model_gaussian1_sigma,geom_model_gaussian1_sigma_error,geom_model_gaussian1_depth,geom_model_gaussian1_depth_error,geom_model_gaussian2_phase,geom_model_gaussian2_phase_error,geom_model_gaussian2_sigma,geom_model_gaussian2_sigma_error,geom_model_gaussian2_depth,geom_model_gaussian2_depth_error,geom_model_cosine_half_period_amplitude,geom_model_cosine_half_period_amplitude_error,geom_model_cosine_half_period_phase,geom_model_cosine_half_period_phase_error,model_type,num_model_parameters,reduced_chi2,derived_primary_ecl_phase,derived_primary_ecl_phase_error,derived_primary_ecl_duration,derived_primary_ecl_duration_error,derived_primary_ecl_depth,derived_primary_ecl_depth_error,derived_secondary_ecl_phase,derived_secondary_ecl_phase_error,derived_secondary_ecl_duration,derived_secondary_ecl_duration_error,derived_secondary_ecl_depth,derived_secondary_ecl_depth_error
375316653866487564,4047821584902317312,0.5469202,2261.781793648055,2.774530712403421,9.518379E-6,19.385395,0.01665916,0.24328557,0.003262272,0.08440134,0.0059959874,0.4457468,0.023117114,0.7386537,0.004671492,0.09495296,0.0066712163,0.48768756,0.049500264,null,null,null,null,"TWOGAUSSIANS",8,1.0082448,0.7386537,0.004671492,0.4,0.0,0.4698623,0.052689426,0.24328557,0.003262272,0.4,0.0,0.42792246,0.020609582
375316653866487564,4047821786731155072,0.5979043,2283.624961133303,2.3792452900574235,2.7386659E-5,17.22237,0.042570304,0.2282367,0.014592971,0.06700261,0.009204945,0.24644397,0.09167202,0.6933688,0.021113163,0.05496632,0.0366294,0.18525752,0.063845575,0.12364646,0.041521225,0.6933688,0.021113163,"TWOGAUSSIANS_WITH_ELLIPSOIDAL_ON_ECLIPSE2",9,29.058315,0.2191467,0.0077668293,0.3752146,0.04988518,0.4850121,0.031942643,0.6933688,0.021113163,0.30781138,0.20412031,0.43251398,0.03847997
375316653866487564,4047821825420156288,0.5215163,2232.529648481391,0.3410597957424343,4.002384E-5,18.701738,0.038473565,0.2813672,0.01111514,0.06174568,0.049206924,0.3224042,0.07937409,0.68690336,0.030488683,0.056225315,0.017517386,0.3254863,0.07853574,0.11319199,0.07092021,0.2813672,0.01111514,"TWOGAUSSIANS_WITH_ELLIPSOIDAL_ON_ECLIPSE1",9,14.628983,0.2813672,0.01111514,0.3457758,0.08909067,0.5487003,0.07852222,0.69906336,0.025334679,0.31486177,0.098097354,0.4889259,0.09686159
375316653866487564,4047822439593421440,0.5599519,2239.504530729597,3.3590702430037847,3.839367E-5,18.610785,0.3414254,0.30755654,0.013014773,0.17546432,0.06827938,0.501651,0.3374704,0.8271456,0.012134021,0.11985078,0.023127714,0.5199964,0.2447716,null,null,null,null,"TWOGAUSSIANS",8,1.6057093,0.8296056,0.009950817,0.4,0.0,0.3273457,0.031976137,0.30730653,0.012740552,0.4,0.0,0.29104084,0.014109505
375316653866487564,4047822650102122368,0.60075045,2299.956896067166,2.7171751794056687,2.1808257E-5,17.44267,0.00846486,0.16806653,0.0038567143,0.09782575,0.005328137,0.2893363,0.010852317,0.6769951,0.004719111,0.09673868,0.006675198,0.17110455,0.0089974655,null,null,null,null,"TWOGAUSSIANS",8,2.650727,0.16806653,0.0038567143,0.4,0.0,0.27485546,0.009545266,0.6769951,0.004719111,0.4,0.0,0.15662447,0.0061780815
375316653866487564,4047822783166012928,0.5939104,2269.1646399207693,2.3371203916005308,2.4149806E-5,18.163958,0.020597612,0.15548968,0.009050532,0.07997856,0.0083572315,0.55051357,0.0282374,0.6627542,0.004156901,0.08244067,0.006744763,0.5391794,0.025303053,null,null,null,null,"TWOGAUSSIANS",8,7.754913,0.15548968,0.009050532,0.4,0.0,0.5422135,0.031113775,0.6627542,0.004156901,0.4,0.0,0.5308793,0.024981923
375316653866487564,4047822856213820544,0.58792275,2270.881134404039,2.4759471064125957,1.2847677E-5,18.56364,0.033889327,0.3039643,0.0015277758,0.080594875,0.008278854,0.50250745,0.05135483,0.81461835,0.007128412,0.093740635,0.009962005,0.5925036,0.03530467,null,null,null,null,"TWOGAUSSIANS",8,3.6575854,0.81461835,0.007128412,0.4,0.0,0.5774956,0.02980878,0.3039643,0.0015277758,0.4,0.0,0.48750037,0.051447723
375316653866487564,4047823028012053248,0.53686684,2279.9157292801847,2.631894450021862,1.4908747E-5,18.493862,0.020176997,0.22212514,6.409995E-4,0.07311179,0.0044185803,0.41576704,0.015246763,0.70588917,0.0069989725,0.089888975,0.00928767,0.36074102,0.017744316,null,null,null,null,"TWOGAUSSIANS",8,5.353355,0.22212514,6.409995E-4,0.4,0.0015975403,0.41069946,0.012833454,0.70588917,0.0069989725,0.4,0.0,0.35567322,0.01452609
375316653866487564,4047823646486355712,0.5977289,2247.5177210939837,2.4035136742115006,2.2319302E-5,18.202003,0.031989917,0.25267598,0.004605672,0.08888511,0.010186321,0.4142478,0.029118232,0.76010245,0.013095812,0.08863264,0.01550033,0.37609926,0.038466748,null,null,null,null,"TWOGAUSSIANS",8,6.1714687,0.25267598,0.004605672,0.4,0.0,0.40097344,0.01676764,0.76010245,0.013095812,0.4,0.0,0.3628249,0.028008813
375316653866487564,4047823680846272896,0.5227214,2222.1378661230906,2.66219504549582,3.1091073E-5,18.644524,0.020144258,0.3043971,0.03358103,0.040061973,0.04213618,0.35822242,0.11852541,0.81857276,0.0050485022,0.07928626,0.00843997,0.2633219,0.021403199,null,null,null,null,"TWOGAUSSIANS",8,5.271079,0.3043971,0.03358103,0.22434705,0.22680157,0.3581712,0.11962533,0.81857276,0.0050485022,0.4,0.0,0.2632707,0.019515002
375316653866487564,4047823955724619776,0.5534603,2241.701677746936,2.1334732636748894,1.2930664E-5,17.961939,0.00882223,0.2643248,0.010733762,0.074505046,0.011640963,0.48736253,0.05495944,0.7688041,0.0029955273,0.07143323,0.004792181,0.46636006,0.023624517,null,null,null,null,"TWOGAUSSIANS",8,10.071462,0.2643248,0.010733762,0.4,0.016291704,0.48493764,0.05729964,0.7688041,0.0029955273,0.4,0.017817648,0.46393517,0.024101138
375316653866487564,4047824058803206656,0.46577156,2226.6679916166595,0.8287316478551371,4.644558E-5,18.82492,0.052366655,0.250431,0.017996553,0.13218307,0.04591998,0.15677767,0.050773475,0.74638706,0.008931546,0.080602676,0.026704056,0.19365846,0.044140954,null,null,null,null,"TWOGAUSSIANS",8,2.7843938,0.74638706,0.008943811,0.4,0.037511647,0.17420632,0.030152062,0.250431,0.017996553,0.4,0.0,0.13707891,0.015099032
375316653866487564,4047824368041469952,0.47410414,2242.9545564033547,1.0397922804707191,2.44978E-5,17.867657,0.012936394,0.20413844,0.040264294,0.047378905,0.018195724,0.20203096,0.07420457,0.4720234,0.0533023,0.106131904,0.07867774,0.12710151,0.046121817,null,null,null,null,"TWOGAUSSIANS",8,6.6603003,0.20556843,0.040990163,0.26532188,0.10189605,0.2073724,0.07156235,0.4720234,0.0533023,0.4,0.15724471,0.1270969,0.046093363
375316653866487564,4047824574199980544,0.5902103,2265.3984914489724,1.971519059477459,9.826523E-6,17.7201,0.01409351,0.30919078,0.011781322,0.07758548,0.006790283,0.51446885,0.045470797,0.8065412,0.0040139467,0.0781605,0.005645605,0.4971154,0.018246744,null,null,null,null,"TWOGAUSSIANS",8,6.3532834,0.30919078,0.011781322,0.4,1.8301127E-4,0.5089338,0.042356282,0.8065412,0.0040139467,0.4,0.0,0.4915803,0.017518263
375316653866487564,4047824574206422528,0.5820672,2283.2678093718973,2.865124845220305,1.2756241E-5,19.342327,0.013282802,0.16927697,0.0029859638,0.076330826,0.005874024,0.6270025,0.02289407,0.68496203,0.0055955914,0.07277994,0.010170702,0.45424163,0.09604459,null,null,null,null,"TWOGAUSSIANS",8,1.7070241,0.16927697,0.0029859638,0.4,0.0,0.6242968,0.02389173,0.68496203,0.0055955914,0.4,0.034035627,0.45153594,0.09747529
375316653866487564,4047824677337290368,0.5242047,2266.1974942635784,1.3604984132530455,2.442692E-5,19.251177,0.05465294,0.09091905,0.014465219,0.04644356,0.048609637,0.16026202,102306.57,0.5100328,0.020908026,0.16081129,0.03711095,0.43655506,0.053680122,null,null,null,null,"TWOGAUSSIANS",8,2.7479587,0.5100328,0.020908026,0.4,0.0,0.42371663,0.034711007,0.09407905,0.0089004235,0.2600839,0.27221397,0.16303913,102306.57
375316653866487564,4047824952157809024,0.45855662,2293.974298184353,0.29324284767789194,4.984085E-5,19.282494,0.04347205,0.2185083,0.0063544945,0.082216024,0.017618338,0.2092791,0.047425274,0.69452053,0.11462916,0.10658547,0.10935301,0.053346597,3.400928,null,null,null,null,"TWOGAUSSIANS",8,4.713411,0.2185083,0.006301008,0.4,0.0,0.20539086,0.03618758,0.69452053,0.11462916,0.4,0.118071504,0.049455564,3.4058323
375316653866487564,4047824986517472768,0.61608195,2285.064840776809,1.9296258638284483,1.0378601E-5,18.078642,0.007909574,0.22263646,0.001842529,0.0795502,0.002678911,0.44940567,0.0131330425,0.72122896,0.008689857,0.081867926,0.007965239,0.4317226,0.01781104,null,null,null,null,"TWOGAUSSIANS",8,3.645563,0.22263646,0.001842529,0.4,0.0,0.44233307,0.013047562,0.72122896,0.008689857,0.4,0.0,0.42465,0.018939257
375316653866487564,4047825055236977408,0.42528495,2217.279124021813,0.47634298096932737,1.31459E-4,18.57221,0.096493885,0.15001282,0.008354984,0.10116094,0.020651665,0.5384668,0.0946792,0.7547092,0.042688332,0.12997383,0.08955795,0.5148882,0.079666495,null,null,null,null,"TWOGAUSSIANS",8,6.698854,0.14766282,0.0044840313,0.4,0.0,0.509714,0.05926788,0.75503916,0.04264422,0.4,0.121895745,0.48120132,0.052694853
375316653866487564,4047825364474303616,0.49569926,2268.117478487499,2.44050244849006,3.4169294E-5,18.42688,0.025045592,0.205179,0.0043045566,0.075510375,0.013204112,0.2692,0.012600516,0.6223409,0.0018525117,0.031755023,0.009239258,0.1271012,0.017201485,null,null,null,null,"TWOGAUSSIANS",8,8.352034,0.205179,0.0043045566,0.4,0.008365152,0.26919985,0.012599736,0.6223409,0.0018525117,0.17782813,0.051739845,0.12710111,0.017191352
375316653866487564,4047825708118894592,0.5473189,2310.414607994851,0.23134834669184592,4.7060723E-5,17.150896,0.019128574,0.18132797,0.008067187,0.028737722,0.008702028,0.23358582,0.056176055,0.68082094,0.041413642,0.026591271,0.011032093,0.8012255,4.121553,0.032007363,0.016291168,0.68082094,0.041413642,"TWOGAUSSIANS_WITH_ELLIPSOIDAL_ON_ECLIPSE2",9,20.342749,0.68082094,0.041413642,0.14891112,0.061779723,0.8652402,4.1521325,0.18131797,0.0077806623,0.16093124,0.048731353,0.29759988,0.04118322
375316653866487564,4047825845511181312,0.5740961,2241.351365190991,2.441303614710688,2.7414984E-5,18.373144,0.023113806,0.21421756,0.012292787,0.07710421,0.01704276,0.44845936,0.024454363,0.72544754,0.005843271,0.07644259,0.012057934,0.43753412,0.15918954,null,null,null,null,"TWOGAUSSIANS",8,5.2311077,0.21421756,0.012292787,0.4,0.0,0.44498962,0.027119504,0.72544754,0.005843271,0.4,0.032143645,0.4340644,0.16112669
375316653866487564,4047826463986808448,0.48675084,2225.5271202264344,0.4384759049573459,2.568372E-5,19.360128,0.008495889,0.34474784,0.016478833,0.076931335,0.01169675,0.16981757,0.015889172,0.8589378,0.01434746,0.029158575,0.015117976,0.17228313,0.05518153,null,null,null,null,"TWOGAUSSIANS",8,1.5936414,0.8589378,0.01434746,0.16328801,0.084660664,0.1722807,0.05518852,0.34474784,0.016478833,0.4,0.027531112,0.16981515,0.015881868
375316653866487564,4047826635785606528,0.54870266,2246.6837854560754,2.9287617687971155,3.864867E-5,18.909117,0.06911364,0.28213778,0.032276668,0.06730316,0.11058315,0.4462991,0.28246722,0.7827086,0.007900782,0.07346634,0.011482185,0.42120492,0.063931175,null,null,null,null,"TWOGAUSSIANS",8,2.8637288,0.28213778,0.032276668,0.3768977,0.033658452,0.44474545,0.3427095,0.7827086,0.0079003805,0.4,0.012519563,0.41965127,0.035561733
375316653866487564,4047826635785626368,0.49900877,2320.4067565775754,0.3412249701137784,3.4465556E-5,19.479904,0.059199825,0.27666524,0.010011822,0.11921855,0.03620541,0.18827817,0.056052998,0.79436505,0.0061237854,0.08850141,0.020555427,0.38477844,0.105961174,null,null,null,null,"TWOGAUSSIANS",8,0.7451214,0.794395,0.0060912087,0.4,0.0,0.3627472,0.11632421,0.27666524,0.010013157,0.4,0.0,0.16617933,0.018446764
375316653866487564,4047826807584699264,0.6018795,2222.850271081551,3.150851729726979,2.0292868E-5,19.020704,0.018123785,0.32680318,0.067290284,0.08134828,0.02481371,0.8433601,0.50223505,0.7715442,0.0038995005,0.08626433,0.0047252434,0.64974636,0.015852598,null,null,null,null,"TWOGAUSSIANS",8,2.9474754,0.32680318,0.0673091,0.4,0.0,0.83726627,0.4976846,0.7715442,0.0038995005,0.4,0.0,0.64365166,0.01471258
375316653866487564,4047827009433874432,0.49189347,2259.7563089673044,2.340240056436667,4.1540487E-5,18.741692,0.007854784,0.44282386,0.025979005,0.11757756,0.028060146,0.07547857,0.01619968,0.8520334,0.0059303474,0.06758455,0.006971558,0.12803814,0.010514666,null,null,null,null,"TWOGAUSSIANS",8,1.1812787,0.8520334,0.0059303474,0.37847352,0.039040726,0.12714416,0.009882215,0.44282386,0.025979005,0.4,0.0,0.07440752,0.016415177
375316653866487564,4047827013749284224,0.46162182,2311.948546174891,0.5682861682386647,6.532381E-5,18.968737,0.03442959,0.29496294,0.024324317,0.11406334,0.04346276,0.17858705,0.04831559,0.8457661,0.026950886,0.07757817,0.028418642,0.18865709,0.052594867,null,null,null,null,"TWOGAUSSIANS",8,2.9923034,0.8458462,0.026944188,0.4,0.05249804,0.18298812,0.04668239,0.29496294,0.024325443,0.4,0.0,0.17283985,0.0469152
375316653866487564,4047827529139602432,0.613133,2199.7927667954987,3.941146546474819,1.5910005E-5,18.103712,0.002969339,0.3420192,1.3273799E-4,0.02054266,2.0661399E-4,0.5346881,0.0032355373,0.6664329,0.0029905627,0.031609744,0.006617171,0.13071378,0.1716977,null,null,null,null,"TWOGAUSSIANS",8,1.086835,0.3420192,1.3273799E-4,0.1150389,0.0011570383,0.5346881,0.0032355373,0.6664329,0.0029905627,0.17701456,0.03705616,0.13071378,0.1716977
375316653866487564,4047827632218906368,0.606646,2221.9740585657123,1.5746083772030188,5.8260182E-5,18.567856,0.012866296,0.12610675,0.0088173095,0.022264404,0.018376334,0.56192046,0.13790028,0.6008209,0.012012492,0.041016653,0.0072395587,0.63645774,0.1584583,null,null,null,null,"TWOGAUSSIANS",8,4.791614,0.6008209,0.012012492,0.22969325,0.04054153,0.63645774,0.1584583,0.12610675,0.0088173095,0.12468066,0.10290747,0.56192046,0.13790028
375316653866487564,4047827632218907776,0.4432118,2283.118432205289,0.8185465426079238,2.9717747E-5,19.418388,0.23663424,0.28253087,0.008453677,0.13347699,0.055278514,0.48643863,0.18736623,0.76182544,0.008003474,0.14003628,0.053309944,0.4553217,0.22550735,null,null,null,null,"TWOGAUSSIANS",8,5.9778295,0.28328088,0.008671426,0.4,0.0,0.33475462,0.07583003,0.76182544,0.008003474,0.4,0.0,0.30288783,0.058828726
375316653866487564,4047827700938669312,0.5446481,2302.039624324884,3.1070854711412323,1.8646011E-5,19.646376,0.021830006,0.21713436,0.0083675245,0.06135969,0.012381566,0.71001387,0.09271119,0.7222455,0.009926646,0.07991145,0.012682212,0.5106826,0.08181349,null,null,null,null,"TWOGAUSSIANS",8,2.4315555,0.21713436,0.0083675245,0.34361425,0.06827462,0.70806384,0.09608163,0.7222455,0.009926646,0.4,0.0,0.50873256,0.08312361
375316653866487564,4047827769657947648,0.4893237,2162.0286762987967,2.475409760596865,3.9999286E-5,18.2729,0.021558674,0.5301496,0.021699656,0.061178837,0.015374338,0.27357802,0.046008788,0.15975007,0.021617562,0.13211088,0.028397644,0.19672169,0.026840162,null,null,null,null,"TWOGAUSSIANS",8,1.6751515,0.5290096,0.021538137,0.34260148,0.086096294,0.27548072,0.045056734,0.15975007,0.021617562,0.4,0.0,0.19471233,0.025616586
375316653866487564,4047828108945806080,0.49363926,2264.8867506575943,1.2314211106106747,1.4845596E-5,18.366999,0.010409853,0.26930586,0.036661927,0.17113197,0.10414128,0.04225143,0.019412857,0.57022655,0.0064132563,0.060961988,0.0061528757,0.1183463,0.009660458,null,null,null,null,"TWOGAUSSIANS",8,1.5460536,0.57022655,0.0064132563,0.34138715,0.034456104,0.12594306,0.009449336,0.26933584,0.036699995,0.4,0.0,0.040835097,0.020589212
375316653866487564,4047828761756293248,0.59396094,2285.7342141316294,2.1950525248458623,1.6524884E-5,17.288069,0.009783293,0.2864478,0.0051324693,0.09838385,0.010925001,0.1807142,0.006861163,0.7904097,0.0025072873,0.08285456,0.004841794,0.22580574,0.009570233,null,null,null,null,"TWOGAUSSIANS",8,2.4161606,0.7904097,0.0025072873,0.4,0.0,0.2174809,0.0061576143,0.2864478,0.0051324693,0.4,0.0,0.17238845,0.006505067
375316653866487564,4047828800449502336,0.46104613,2243.750227308907,0.6204950724209214,1.0297741E-5,19.35246,0.045993436,0.12222212,0.09406565,0.04857982,0.02463541,1.2059187,2.2163486,0.68146044,0.016695928,0.14661296,0.03988787,0.19868928,0.044275045,null,null,null,null,"TWOGAUSSIANS",8,2.1396017,0.12214212,0.09502219,0.27204698,0.1379583,1.1999755,2.2105787,0.68146044,0.016695928,0.4,0.0,0.19044097,0.025561174
375316653866487564,4047828967913245568,0.59993356,2322.8275687596642,0.20067571777228446,3.1062864E-5,16.610043,0.007467312,0.22029641,0.00304789,0.034703262,0.003244591,0.5526471,0.028352484,null,null,null,null,null,null,0.051746525,0.009845202,0.22029641,0.00304789,"ONEGAUSSIAN_WITH_ELLIPSOIDAL",6,39.883976,0.22029641,0.00304789,0.19433826,0.01816971,0.65614,0.025066132,null,null,null,null,null,null
