Gaia/vari_eclipsing_binary/VariEclipsingBinary_510032-510271.csv
# %ECSV 1.0
# ---
# delimiter: ','
# meta: !!omap
# - RELEASE: Gaia DR3
# - TABLE: vari_eclipsing_binary
# - DESCRIPTION: >
#     This table describes the properties of the eclipsing binaries resulting from the variability analysis. 
# - CITATION: >
#     How to cite and acknowledge Gaia: 
#     https://gea.esac.esa.int/archive/documentation/credits.html 
# - KNOWN_ISSUES: >
#     Known issues: 
#     https://www.cosmos.esa.int/web/gaia-users/known-issues 
# - DOCUMENTATION: >
#     Tutorials and documentation: 
#     https://www.cosmos.esa.int/web/gaia-users/archive 
# datatype:
# - 
#   name: solution_id
#   datatype: int64
#   description: Solution Identifier
#   meta:
#     ucd: meta.version
# - 
#   name: source_id
#   datatype: int64
#   description: Unique source identifier
#   meta:
#     ucd: meta.id;meta.main
# - 
#   name: global_ranking
#   datatype: float32
#   description: Number between 0 (worst) and 1 (best)
#   meta:
#     ucd: stat.param
# - 
#   name: reference_time
#   datatype: float64
#   unit: d
#   description: Reference time used for the geometric model fit
#   meta:
#     ucd: time.epoch
# - 
#   name: frequency
#   datatype: float64
#   unit: d**-1
#   description: Frequency of geometric model of the eclipsing binary light curve
#   meta:
#     ucd: src.orbital
# - 
#   name: frequency_error
#   datatype: float32
#   unit: d**-1
#   description: "Uncertainty of \\texttt{frequency}"
#   meta:
#     ucd: stat.error
# - 
#   name: geom_model_reference_level
#   datatype: float32
#   unit: mag
#   description: Magnitude reference level of geometric model
#   meta:
#     ucd: phot.mag;em.opt
# - 
#   name: geom_model_reference_level_error
#   datatype: float32
#   unit: mag
#   description: "Uncertainty of \\texttt{geomModelReferenceLevel}"
#   meta:
#     ucd: stat.error;phot.mag;em.opt
# - 
#   name: geom_model_gaussian1_phase
#   datatype: float32
#   description: Phase of the Gaussian 1 component
#   meta:
#     ucd: time.phase
# - 
#   name: geom_model_gaussian1_phase_error
#   datatype: float32
#   description: "Uncertainty of \\texttt{geomModelGaussian1Phase}"
#   meta:
#     ucd: stat.error;time.phase
# - 
#   name: geom_model_gaussian1_sigma
#   datatype: float32
#   description: "Standard deviation [phase] of Gaussian 1 component"
#   meta:
#     ucd: stat.stdev
# - 
#   name: geom_model_gaussian1_sigma_error
#   datatype: float32
#   description: "Uncertainty of \\texttt{geomModelGaussian1Sigma}"
#   meta:
#     ucd: stat.error
# - 
#   name: geom_model_gaussian1_depth
#   datatype: float32
#   unit: mag
#   description: Magnitude depth of Gaussian 1 component
#   meta:
#     ucd: src.var.amplitude
# - 
#   name: geom_model_gaussian1_depth_error
#   datatype: float32
#   unit: mag
#   description: "Uncertainty of \\texttt{geomModelGaussian1Depth}"
#   meta:
#     ucd: stat.error;src.var.amplitude
# - 
#   name: geom_model_gaussian2_phase
#   datatype: float32
#   description: Phase of Gaussian 2 component
#   meta:
#     ucd: time.phase
# - 
#   name: geom_model_gaussian2_phase_error
#   datatype: float32
#   description: "Uncertainty of \\texttt{geomModelGaussian2Phase}"
#   meta:
#     ucd: stat.error;time.phase
# - 
#   name: geom_model_gaussian2_sigma
#   datatype: float32
[...]
#   datatype: float32
#   description: "Secondary eclipse: uncertainty of \\texttt{derivedSecondaryEclDuration}"
#   meta:
#     ucd: stat.error;time.duration
# - 
#   name: derived_secondary_ecl_depth
#   datatype: float32
#   unit: mag
#   description: "Secondary eclipse: depth"
#   meta:
#     ucd: src.var.amplitude
# - 
#   name: derived_secondary_ecl_depth_error
#   datatype: float32
#   unit: mag
#   description: "Secondary eclipse: uncertainty of \\texttt{derivedSecondaryEclDepth}"
#   meta:
#     ucd: stat.error;src.var.amplitude
solution_id,source_id,global_ranking,reference_time,frequency,frequency_error,geom_model_reference_level,geom_model_reference_level_error,geom_model_gaussian1_phase,geom_model_gaussian1_phase_error,geom_model_gaussian1_sigma,geom_model_gaussian1_sigma_error,geom_model_gaussian1_depth,geom_model_gaussian1_depth_error,geom_model_gaussian2_phase,geom_model_gaussian2_phase_error,geom_model_gaussian2_sigma,geom_model_gaussian2_sigma_error,geom_model_gaussian2_depth,geom_model_gaussian2_depth_error,geom_model_cosine_half_period_amplitude,geom_model_cosine_half_period_amplitude_error,geom_model_cosine_half_period_phase,geom_model_cosine_half_period_phase_error,model_type,num_model_parameters,reduced_chi2,derived_primary_ecl_phase,derived_primary_ecl_phase_error,derived_primary_ecl_duration,derived_primary_ecl_duration_error,derived_primary_ecl_depth,derived_primary_ecl_depth_error,derived_secondary_ecl_phase,derived_secondary_ecl_phase_error,derived_secondary_ecl_duration,derived_secondary_ecl_duration_error,derived_secondary_ecl_depth,derived_secondary_ecl_depth_error
[from data line 289]
375316653866487564,4487706564749538176,0.46035957,2301.5986849539245,0.4377596713762331,2.4581517E-5,18.561914,0.0055949576,0.34927046,0.015050374,0.06800977,0.01875979,0.062404897,0.086643316,0.7969402,0.0074973493,0.004110025,0.002795104,0.9130004,4.540726,0.02183274,0.007887158,0.34927046,0.015050374,"TWOGAUSSIANS_WITH_ELLIPSOIDAL_ON_ECLIPSE1",9,7.7199054,0.7969402,0.0074973493,0.02301614,0.015652582,0.95204234,4.5410867,0.34927046,0.015050374,0.38085473,0.105054826,0.105999865,0.0853727
375316653866487564,4487720377365056512,0.49660262,2302.921928099421,2.3651976586011263,3.425196E-5,17.702824,0.008657654,0.2367785,0.0077493256,0.004589167,0.0195151,1.1856563,1.973067,0.7323081,0.0027969123,0.033743076,0.003610509,0.3898107,0.043247003,0.071231626,0.01341548,0.2367785,0.0077493256,"TWOGAUSSIANS_WITH_ELLIPSOIDAL_ON_ECLIPSE1",9,42.45582,0.2367785,0.0077493256,0.025699336,0.109284565,1.3281193,1.9856825,0.7324481,0.0027188773,0.18896122,0.020218851,0.53216493,0.042990923
375316653866487564,4487720793975118464,0.41381738,2365.067140238699,1.1134001039044108,1.502452E-4,16.35784,0.014258428,0.16652265,0.022810528,0.06956459,0.059859786,0.051716525,0.072199784,0.72789276,0.028300688,0.06483815,0.04409834,0.05316541,0.06429437,null,null,null,null,"TWOGAUSSIANS",8,7.7623744,0.72789276,0.028300688,0.36309364,0.2369836,0.05314835,0.064312555,0.16652265,0.022810528,0.3895617,0.3116137,0.051699463,0.07222101
375316653866487564,4487729383913943936,0.59015423,2304.5821939141506,2.727289252738844,1.12687185E-5,18.086527,0.00906399,0.21323004,0.0026763494,0.035419557,0.0035437075,0.38464153,0.037693713,0.71119404,0.0015026712,0.03725376,0.0023332392,0.65494424,0.03145188,0.055828664,0.013184843,0.21323004,0.0026763494,"TWOGAUSSIANS_WITH_ELLIPSOIDAL_ON_ECLIPSE1",9,8.989743,0.71123403,0.0014708155,0.20862104,0.01306614,0.7665834,0.037504207,0.21323004,0.0026763494,0.1983495,0.019844763,0.4962986,0.034954727
375316653866487564,4487730655224275456,0.5257595,2315.4559782453575,3.3968903645311306,1.9366356E-5,16.630615,0.004659414,0.25097743,0.0047176755,0.01980726,0.01267613,0.028560039,0.01889034,0.7514135,0.008954701,0.028570926,0.00637317,0.05080241,0.010077521,0.09365657,0.0051398897,0.25097743,0.0047176755,"TWOGAUSSIANS_WITH_ELLIPSOIDAL_ON_ECLIPSE1",9,36.425594,0.7514135,0.007896485,0.1599972,0.035689753,0.23811413,0.0064020264,0.25097743,0.0047176755,0.11092066,0.07098633,0.21587318,0.017222924
375316653866487564,4487732270131504512,0.6310427,2260.9334356715467,2.384364193080109,6.5066706E-6,16.626375,0.0037283637,0.25180736,0.002156514,0.0842654,0.002231084,0.3472803,0.004595652,0.7554718,0.0026516856,0.083297536,0.0029054834,0.20919111,0.0070201633,null,null,null,null,"TWOGAUSSIANS",8,5.2827373,0.25180736,0.002156514,0.4,0.0,0.34140915,0.0040791873,0.7554718,0.0026516856,0.4,0.0,0.20331998,0.0067955926
375316653866487564,4487735499946934656,0.46654004,2275.9490352027424,1.6737126050555942,2.5100806E-5,16.030403,0.002512436,0.19315712,0.0077539375,0.030480977,0.00667048,0.035598136,0.009089291,0.73469263,0.0061841724,0.033323478,0.04388317,0.00473028,0.006579081,0.03324281,0.0038998337,0.73469263,0.0061841724,"TWOGAUSSIANS_WITH_ELLIPSOIDAL_ON_ECLIPSE2",9,15.385011,0.19806713,0.0066213943,0.17069347,0.03735469,0.09816558,0.008176849,0.73469263,0.0061841724,0.18661147,0.24574576,0.071215786,0.007857478
375316653866487564,4487736079764988928,0.46007663,2283.5468935383215,2.9973640357756226,5.1909257E-5,19.251028,0.014049718,0.28052908,0.01325174,0.086790524,0.017616494,0.16605307,0.024829125,0.69335866,0.015868818,0.073721156,0.021121226,0.22393133,0.016825229,null,null,null,null,"TWOGAUSSIANS",8,4.647905,0.69335866,0.015868818,0.4,0.039633762,0.22346257,0.016703341,0.28052908,0.013248499,0.4,0.0,0.16558231,0.024874613
375316653866487564,4487740271653132416,0.62839687,2270.7841700165995,0.41326400782735684,2.2676077E-5,17.73727,0.0059116296,0.27542484,0.0034978867,0.022132175,0.004461865,1.4852571,0.13655645,0.7757146,0.008217262,0.038818784,0.0084212925,0.119764425,0.014743993,0.033559483,0.010450842,0.27542484,0.0034978867,"TWOGAUSSIANS_WITH_ELLIPSOIDAL_ON_ECLIPSE1",9,6.8801665,0.27542484,0.0034978867,0.12394018,0.024986444,1.5523762,0.1433535,0.7757146,0.007700915,0.21738519,0.04715924,0.18688314,0.009833491
375316653866487564,4487742371894619264,0.49874336,2284.5203082483918,0.1369540768818487,6.360434E-5,16.285654,0.005453724,0.51849717,0.03293212,0.033106245,0.02897087,0.4640571,0.3126007,0.7955787,0.00914822,0.022350496,0.038786475,0.026868919,7.8585663,0.015150268,0.013831528,0.7955787,0.00914822,"TWOGAUSSIANS_WITH_ELLIPSOIDAL_ON_ECLIPSE2",9,34.453556,0.51834714,0.033626378,0.18539497,0.16223687,0.4649305,0.31186393,0.7955787,0.00914822,0.12516278,0.21720427,0.057169195,7.8639717
375316653866487564,4487744669699736704,0.49532416,2271.4945820042094,4.139790462352644,2.0069983E-5,18.494022,0.30148986,0.2653534,0.0053048064,0.12268467,0.04307439,0.2490863,0.2665497,0.76797366,0.0051956144,0.128713,0.07157671,0.25608334,0.28314456,null,null,null,null,"TWOGAUSSIANS",8,3.6781466,0.7679937,0.0052248165,0.4,0.0,0.18774912,0.017788509,0.2653134,0.005313059,0.4,0.0,0.18090001,0.011181373
375316653866487564,4487747800733641216,0.5394405,2279.597325525151,2.767405325162905,8.814799E-6,19.918488,0.01243268,0.27424118,0.01717428,0.05250964,0.015040549,0.74299544,0.35122752,0.79156464,0.0046073543,0.047760434,0.0033601911,0.6314835,0.06314411,null,null,null,null,"TWOGAUSSIANS",8,1.9865175,0.27424118,0.01717428,0.294054,0.08422708,0.7429932,0.35128683,0.79156464,0.0046073543,0.26745844,0.018817069,0.63148123,0.06314583
375316653866487564,4487755596095194624,0.57063544,2272.779264373095,2.3447658014558708,1.1076883E-5,17.89154,0.027029468,0.35792276,0.003349291,0.10817432,0.010991664,0.2946599,0.024831085,0.85144866,0.0041257804,0.094437785,0.008391714,0.31422737,0.027068056,null,null,null,null,"TWOGAUSSIANS",8,3.203033,0.85144866,0.0041257804,0.4,0.0,0.28762847,0.013519858,0.35792276,0.003349291,0.4,0.0,0.26804757,0.009034335
375316653866487564,4487761368531414528,0.50721115,2273.6939102036263,1.3627173793102558,1.7736513E-5,17.707172,0.0022191186,0.29393846,0.005805257,0.053806327,0.005834503,0.13551682,0.010672028,0.79127485,0.0064933896,0.047046043,0.005407492,0.07431441,0.0054114433,null,null,null,null,"TWOGAUSSIANS",8,2.7687237,0.29393846,0.005805257,0.30131546,0.032673217,0.135516,0.010672562,0.79127485,0.0064933896,0.26345786,0.030281957,0.07431358,0.005411177
375316653866487564,4487769997124163584,0.6702436,2306.831930147874,1.0513904398088978,2.0050495E-6,13.446692,0.0055915928,0.21828455,5.671703E-4,0.05581617,0.0030571853,0.17308787,0.010451015,0.7151516,0.0045758095,0.04959082,0.0056355647,0.10342707,0.014120434,0.093171716,0.006612266,0.21828455,5.671703E-4,"TWOGAUSSIANS_WITH_ELLIPSOIDAL_ON_ECLIPSE1",9,42.278008,0.21828455,5.671703E-4,0.31257054,0.017120238,0.3594231,0.0047507966,0.71596164,0.0033893816,0.2777086,0.03155916,0.28970882,0.006299847
375316653866487564,4487776731633442688,0.6154172,2327.7853868188618,1.1235208198760627,5.825059E-6,14.563143,0.003216755,0.28364626,0.0014660425,0.038523823,0.0017523132,0.40463993,0.0125228185,0.7876485,0.0033458287,0.035622243,0.0033543524,0.072188824,0.008421863,0.012683502,0.0049891067,0.28364626,0.0014660425,"TWOGAUSSIANS_WITH_ELLIPSOIDAL_ON_ECLIPSE1",9,51.47314,0.28364626,0.0014660425,0.21573341,0.009812954,0.43000692,0.012183463,0.7876485,0.0033458287,0.19948456,0.018784374,0.09753978,0.0048898826
375316653866487564,4487788001627107968,0.4795787,2318.9290535342166,0.0318354023205696,8.608152E-6,16.099329,0.0030014655,0.5068784,0.010562103,0.14225636,0.011417758,0.12981437,0.011061164,0.8976697,0.003642839,0.017718287,0.0023793327,0.04913332,0.01048066,null,null,null,null,"TWOGAUSSIANS",8,2.287201,0.5068784,0.010562103,0.4,0.0,0.12927513,0.011328683,0.8976697,0.003642839,0.09922241,0.0133242635,0.051590353,0.010660504
375316653866487564,4487797411899037696,0.53657424,2279.008092160279,3.950665147167862,2.005892E-5,18.628193,0.040155143,0.31205213,0.0046226825,0.09270156,0.011215173,0.266771,0.039594803,0.8140469,0.0059141116,0.103615634,0.027469995,0.25580373,0.028682102,null,null,null,null,"TWOGAUSSIANS",8,3.7634704,0.31205213,0.0046220156,0.4,0.0,0.2469686,0.017686874,0.8140469,0.0059141116,0.4,0.0,0.2359971,0.041533157
375316653866487564,4487798721865489152,0.49260873,2301.984959418065,2.2207093119070316,1.7341597E-5,12.672259,0.0018963169,0.22100557,0.0013296505,0.0069332505,0.0018691731,0.0884768,0.05834204,null,null,null,null,null,null,0.031353347,0.0031816019,0.22100557,0.0013296505,"ONEGAUSSIAN_WITH_ELLIPSOIDAL",6,63.211754,0.22100557,0.0013296505,0.0388262,0.01046737,0.15118349,0.05864122,null,null,null,null,null,null
375316653866487564,4487805525093959168,0.5414905,2284.7442975127647,3.0323233717324136,5.793452E-6,17.332027,0.010175234,0.1857778,0.0022798977,0.08050363,0.0058192722,0.35741022,0.02207336,0.6767044,0.0028480815,0.08812909,0.0083080465,0.30714568,0.023595732,null,null,null,null,"TWOGAUSSIANS",8,8.1599245,0.1857778,0.0022798977,0.4,0.0,0.35049152,0.023727257,0.6767044,0.0028480815,0.4,0.0,0.30022693,0.026856344
375316653866487564,4487810026219733248,0.55167377,2291.885086832081,3.248153957242763,1.6184675E-5,15.70921,0.016227836,0.27195373,0.0056847204,0.049056638,0.01173118,0.13469306,0.032322057,0.7786199,0.004311976,0.05071627,0.017013771,0.17521243,0.032551862,0.0885074,0.018308593,0.7786199,0.004311976,"TWOGAUSSIANS_WITH_ELLIPSOIDAL_ON_ECLIPSE2",9,125.65034,0.7786199,0.004311976,0.28401113,0.095277116,0.35222608,0.011602394,0.27328372,0.0040159686,0.27471718,0.06569461,0.31145832,0.011710272
375316653866487564,4487818749294879488,0.4888239,2303.9590870215116,1.2287085518504728,6.681065E-6,19.316492,0.0039948965,0.29445502,2.482184E-5,0.006166722,1.2464839E-4,0.4358388,0.0036407071,0.8071916,0.042553652,0.020708147,0.015822003,0.32125142,0.33244398,null,null,null,null,"TWOGAUSSIANS",8,1.4981079,0.29445502,2.482184E-5,0.034533642,6.980309E-4,0.4358388,0.0036407071,0.8071916,0.042553652,0.11596563,0.08860321,0.32125142,0.33244398
375316653866487564,4487819612586742400,0.5895517,2267.4048861896795,3.4936484378264017,5.6151143E-6,17.53862,0.0096331,0.29892287,0.002263566,0.05613593,0.006266782,0.24214645,0.024779264,0.80099344,0.005123303,0.04546769,0.004972938,0.20222925,0.030658992,0.092706546,0.012009472,0.29892287,0.002263566,"TWOGAUSSIANS_WITH_ELLIPSOIDAL_ON_ECLIPSE1",9,6.6494775,0.29892287,0.002263566,0.3143612,0.035093978,0.42754728,0.023304584,0.80099344,0.0050080176,0.25461906,0.027848452,0.3875987,0.02393227
375316653866487564,4487819818742465536,0.4251652,2320.8854585299505,2.372740798971025,7.3161515E-5,19.443995,0.019130178,0.13690382,0.08767085,0.12644795,0.116023384,0.04553684,0.02347712,0.5238584,0.012379436,0.07026608,0.031477965,0.27691957,0.10381474,null,null,null,null,"TWOGAUSSIANS",8,6.614922,0.5238584,0.012379436,0.39349005,0.16666715,0.2761329,0.1099167,0.13690382,0.08773421,0.4,0.06875949,0.044328336,0.023479328
375316653866487564,4487820536002944896,0.5189495,2288.7167457734577,4.093381848984073,2.1430697E-5,19.61253,0.014483436,0.23649958,0.0031585451,0.07689485,0.004757388,0.49211925,0.022010865,0.73255986,0.009827924,0.072730154,0.009611634,0.41529277,0.048474353,null,null,null,null,"TWOGAUSSIANS",8,2.25365,0.23649958,0.0031585451,0.4,0.0,0.48900166,0.022337403,0.73255986,0.009827924,0.4,0.0084454175,0.41217518,0.048529096
375316653866487564,4487822700664738048,0.44555148,2291.9402459931093,0.061508884450941936,2.5923247E-5,18.620758,0.012233211,0.3067825,0.012552732,0.09875899,0.011280063,0.3344886,0.049607396,0.70827377,0.0035690553,0.039411664,0.004311608,0.27242,0.01866586,null,null,null,null,"TWOGAUSSIANS",8,8.760565,0.3067825,0.012552732,0.4,0.0,0.33444038,0.049632248,0.70827377,0.0035690553,0.22070533,0.024145005,0.27245802,0.01868965
375316653866487564,4487835761663838464,0.49860972,2273.6052394969884,3.0439695848604758,2.71149E-5,16.398197,0.07855549,0.28118977,0.0106574185,0.10756896,0.02594263,0.36315382,0.072587274,0.765458,0.007114698,0.1030873,0.020918775,0.35874194,0.0752784,null,null,null,null,"TWOGAUSSIANS",8,152.94391,0.28119978,0.010644488,0.4,0.0,0.32711115,0.02012405,0.765458,0.007114698,0.4,0.0,0.3227103,0.019331537
375316653866487564,4487840567729607040,0.4184194,2287.30654445435,0.13052235569833903,6.3342544E-5,18.132948,0.0035933475,0.97418606,0.009479411,0.023395518,0.0063386816,0.05535217,0.012502782,0.28100893,0.030488983,0.014356874,0.015468748,1.2957602,2.0616374E7,null,null,null,null,"TWOGAUSSIANS",8,11.204581,0.28100893,0.030488983,0.08039849,0.08662499,1.2957602,2.0616374E7,0.97418606,0.009479411,0.1310149,0.035496615,0.05535217,0.012502782
375316653866487564,4487843767484051840,0.43233925,2302.1134801081507,3.7670519766921737,2.531618E-5,14.591018,0.011257204,0.26929462,0.0072818296,0.08357787,0.011276985,0.13222021,0.010278434,0.75125825,0.012419532,0.07588353,0.014956221,0.11462284,0.014914887,null,null,null,null,"TWOGAUSSIANS",8,100.10077,0.26929462,0.0072818296,0.4,0.0,0.13095963,0.009322428,0.75125825,0.012419532,0.4,0.02307422,0.11336227,0.014645848
375316653866487564,4487846752482604032,0.56981707,2261.720637651906,1.8209074332109325,3.5790886E-6,18.545746,0.0038357486,0.26245278,4.0248144E-4,0.024190389,5.344816E-4,0.79670465,0.0138467355,0.76062673,9.872467E-4,0.026472066,0.0011159676,0.57200867,0.029536456,null,null,null,null,"TWOGAUSSIANS",8,3.612433,0.26245278,4.0248144E-4,0.13546617,0.0029930968,0.79670465,0.0138467355,0.76062673,9.872467E-4,0.14824356,0.006249419,0.57200867,0.029536456
375316653866487564,4487852868516218240,0.5664172,2257.8173038497425,3.268624344847979,6.85337E-5,18.823298,0.0038487012,0.15728721,8.778086E-4,0.011843698,4.9210625E-4,0.94511664,0.04222717,0.4131136,3.9573024E-6,0.0038786312,2.5038832E-4,0.18626459,0.0057573286,null,null,null,null,"TWOGAUSSIANS",8,2.5648935,0.15728721,8.778086E-4,0.06632471,0.002755795,0.94511664,0.04222717,0.4131136,3.9573024E-6,0.021720335,0.0014021746,0.18626459,0.0057573286
375316653866487564,4487854315923806848,0.62328386,2253.676845065703,3.403350341361865,4.403016E-6,15.621925,0.006469659,0.25369444,8.4874465E-4,0.051553093,0.0030742786,0.48134938,0.04950097,0.7540939,0.0019115799,0.040415145,0.002562283,0.38948148,0.016301066,0.11235121,0.009680044,0.25369444,8.4874465E-4,"TWOGAUSSIANS_WITH_ELLIPSOIDAL_ON_ECLIPSE1",9,50.813515,0.25369444,8.4874465E-4,0.28869733,0.01721596,0.70604765,0.05215522,0.7540939,0.0018597653,0.22632481,0.014348785,0.6141783,0.011623911
375316653866487564,4487864344668889600,0.45948347,2264.607628073923,0.7605000983781183,4.548649E-5,18.488308,0.007045706,0.42684266,0.0340002,0.16810879,0.037366208,0.052643906,0.0085698515,0.54421675,0.0036128764,0.012481455,0.0036030884,0.4041039,0.6003912,null,null,null,null,"TWOGAUSSIANS",8,5.770277,0.54421675,0.0036128764,0.06989615,0.020177295,0.44409725,0.5999724,0.42684266,0.0340002,0.4,0.0,0.051380802,0.007834314
375316653866487564,4487868094179118464,0.60077286,2230.9049887516385,2.2239273416575807,5.77019E-6,15.121908,0.019651573,0.20601079,0.0012646901,0.104000345,0.005083219,0.29188472,0.018959038,0.698933,0.0034571278,0.119268976,0.009756304,0.25669864,0.018663151,null,null,null,null,"TWOGAUSSIANS",8,22.495209,0.20603079,0.0012573751,0.4,0.0,0.25080833,0.004590159,0.698933,0.0034571278,0.4,0.0,0.21554744,0.0058723255
