Gaia/vari_eclipsing_binary/VariEclipsingBinary_460594-460604.csv
# %ECSV 1.0
# ---
# delimiter: ','
# meta: !!omap
# - RELEASE: Gaia DR3
# - TABLE: vari_eclipsing_binary
# - DESCRIPTION: >
#     This table describes the properties of the eclipsing binaries resulting from the variability analysis. 
# - CITATION: >
#     How to cite and acknowledge Gaia: 
#     https://gea.esac.esa.int/archive/documentation/credits.html 
# - KNOWN_ISSUES: >
#     Known issues: 
#     https://www.cosmos.esa.int/web/gaia-users/known-issues 
# - DOCUMENTATION: >
#     Tutorials and documentation: 
#     https://www.cosmos.esa.int/web/gaia-users/archive 
# datatype:
# - 
#   name: solution_id
#   datatype: int64
#   description: Solution Identifier
#   meta:
#     ucd: meta.version
# - 
#   name: source_id
#   datatype: int64
#   description: Unique source identifier
#   meta:
#     ucd: meta.id;meta.main
# - 
#   name: global_ranking
#   datatype: float32
#   description: Number between 0 (worst) and 1 (best)
#   meta:
#     ucd: stat.param
# - 
#   name: reference_time
#   datatype: float64
#   unit: d
#   description: Reference time used for the geometric model fit
#   meta:
#     ucd: time.epoch
# - 
#   name: frequency
#   datatype: float64
#   unit: d**-1
#   description: Frequency of geometric model of the eclipsing binary light curve
#   meta:
#     ucd: src.orbital
# - 
#   name: frequency_error
#   datatype: float32
#   unit: d**-1
#   description: "Uncertainty of \\texttt{frequency}"
#   meta:
#     ucd: stat.error
# - 
#   name: geom_model_reference_level
#   datatype: float32
#   unit: mag
#   description: Magnitude reference level of geometric model
#   meta:
#     ucd: phot.mag;em.opt
# - 
#   name: geom_model_reference_level_error
#   datatype: float32
#   unit: mag
#   description: "Uncertainty of \\texttt{geomModelReferenceLevel}"
#   meta:
#     ucd: stat.error;phot.mag;em.opt
# - 
#   name: geom_model_gaussian1_phase
#   datatype: float32
#   description: Phase of the Gaussian 1 component
#   meta:
#     ucd: time.phase
# - 
#   name: geom_model_gaussian1_phase_error
#   datatype: float32
#   description: "Uncertainty of \\texttt{geomModelGaussian1Phase}"
#   meta:
#     ucd: stat.error;time.phase
# - 
#   name: geom_model_gaussian1_sigma
#   datatype: float32
#   description: "Standard deviation [phase] of Gaussian 1 component"
#   meta:
#     ucd: stat.stdev
# - 
#   name: geom_model_gaussian1_sigma_error
#   datatype: float32
#   description: "Uncertainty of \\texttt{geomModelGaussian1Sigma}"
#   meta:
#     ucd: stat.error
# - 
#   name: geom_model_gaussian1_depth
#   datatype: float32
#   unit: mag
#   description: Magnitude depth of Gaussian 1 component
#   meta:
#     ucd: src.var.amplitude
# - 
#   name: geom_model_gaussian1_depth_error
#   datatype: float32
#   unit: mag
#   description: "Uncertainty of \\texttt{geomModelGaussian1Depth}"
#   meta:
#     ucd: stat.error;src.var.amplitude
# - 
#   name: geom_model_gaussian2_phase
#   datatype: float32
#   description: Phase of Gaussian 2 component
#   meta:
#     ucd: time.phase
# - 
#   name: geom_model_gaussian2_phase_error
#   datatype: float32
#   description: "Uncertainty of \\texttt{geomModelGaussian2Phase}"
#   meta:
#     ucd: stat.error;time.phase
# - 
#   name: geom_model_gaussian2_sigma
#   datatype: float32
[...]
#   datatype: float32
#   description: "Secondary eclipse: uncertainty of \\texttt{derivedSecondaryEclDuration}"
#   meta:
#     ucd: stat.error;time.duration
# - 
#   name: derived_secondary_ecl_depth
#   datatype: float32
#   unit: mag
#   description: "Secondary eclipse: depth"
#   meta:
#     ucd: src.var.amplitude
# - 
#   name: derived_secondary_ecl_depth_error
#   datatype: float32
#   unit: mag
#   description: "Secondary eclipse: uncertainty of \\texttt{derivedSecondaryEclDepth}"
#   meta:
#     ucd: stat.error;src.var.amplitude
solution_id,source_id,global_ranking,reference_time,frequency,frequency_error,geom_model_reference_level,geom_model_reference_level_error,geom_model_gaussian1_phase,geom_model_gaussian1_phase_error,geom_model_gaussian1_sigma,geom_model_gaussian1_sigma_error,geom_model_gaussian1_depth,geom_model_gaussian1_depth_error,geom_model_gaussian2_phase,geom_model_gaussian2_phase_error,geom_model_gaussian2_sigma,geom_model_gaussian2_sigma_error,geom_model_gaussian2_depth,geom_model_gaussian2_depth_error,geom_model_cosine_half_period_amplitude,geom_model_cosine_half_period_amplitude_error,geom_model_cosine_half_period_phase,geom_model_cosine_half_period_phase_error,model_type,num_model_parameters,reduced_chi2,derived_primary_ecl_phase,derived_primary_ecl_phase_error,derived_primary_ecl_duration,derived_primary_ecl_duration_error,derived_primary_ecl_depth,derived_primary_ecl_depth_error,derived_secondary_ecl_phase,derived_secondary_ecl_phase_error,derived_secondary_ecl_duration,derived_secondary_ecl_duration_error,derived_secondary_ecl_depth,derived_secondary_ecl_depth_error
[from data line 604]
375316653866487564,4051481309384662528,0.48516083,2302.780576961981,1.6027635826636688,3.484191E-5,19.107061,0.009539854,0.2789946,0.014785328,0.06500398,0.013754446,0.6394706,0.17155996,0.8043572,0.011605188,0.03940888,0.019392971,0.72980595,11.109705,null,null,null,null,"TWOGAUSSIANS",8,2.1024384,0.8043572,0.011605188,0.22068974,0.10860064,0.72980183,11.109714,0.2789946,0.014785328,0.3640223,0.05591313,0.63946646,0.17160909
375316653866487564,4051481412463775616,0.53197676,2269.369313665332,0.3153318043454967,5.582548E-5,19.374496,0.018093534,0.12090842,0.013843304,0.050572917,0.007999603,0.13161455,0.034941535,0.67037934,0.02670523,0.14098282,0.042674538,0.29626513,0.047770694,null,null,null,null,"TWOGAUSSIANS",8,1.5258282,0.67037934,0.02670523,0.4,0.0,0.2892733,0.053908706,0.120188415,0.013810776,0.2832083,0.044797774,0.12658037,0.031404175
375316653866487564,4051481515543443712,0.47420338,2357.0125255165876,4.4071342211019084,4.593781E-5,17.763853,0.03675254,0.2532505,0.020912169,0.098007575,0.03244001,0.16749921,0.04987444,0.80628,0.015498113,0.062324822,0.014363706,0.33200112,0.068592414,null,null,null,null,"TWOGAUSSIANS",8,2.825278,0.80628,0.015496552,0.34901902,0.07757624,0.33090916,0.066719614,0.2532505,0.020912169,0.4,0.0,0.16640213,0.049516432
375316653866487564,4051481618621109760,0.50648594,2355.1417481326944,0.29952155518646284,1.6953076E-4,18.95291,0.013628463,0.29753587,0.07258316,0.051547334,0.05217816,0.111034915,1.3435593,0.61896724,0.011479716,0.1154723,0.020032985,0.29490042,0.026954982,null,null,null,null,"TWOGAUSSIANS",8,3.272391,0.61896724,0.011479716,0.4,0.0,0.2947871,0.027184498,0.30137587,0.069586374,0.2886651,0.29201123,0.11732916,1.3461084
375316653866487564,4051481652980864384,0.5299438,2303.827066308954,2.3702197947421952,4.609709E-5,17.3772,0.01404207,0.21545476,0.00794119,0.080461204,0.016094694,0.22216587,0.016300904,0.72221196,0.005657243,0.086622834,0.008197089,0.25743696,0.02624505,null,null,null,null,"TWOGAUSSIANS",8,11.671247,0.72221196,0.005657243,0.4,0.0,0.25261673,0.025310328,0.21545476,0.00794119,0.4,0.0,0.21734568,0.01911725
375316653866487564,4051481790426517888,0.45838043,2332.373873069705,3.424663510866308,9.224773E-5,18.336071,0.025478898,0.26258296,8.230302E-4,0.052974146,0.012932335,0.30700642,0.041640908,0.7445678,0.033003286,0.0395464,0.036661208,0.41378266,0.25377327,null,null,null,null,"TWOGAUSSIANS",8,3.5360706,0.7445678,0.033003286,0.22145984,0.17401727,0.41378257,0.25411785,0.26258296,8.230302E-4,0.29665524,0.072421074,0.30700633,0.04161127
375316653866487564,4051481824779635712,0.5159924,2291.082876443387,0.6985030596812148,1.2099378E-4,19.249123,0.12944674,0.28347436,0.05196913,0.11704363,0.05744361,0.52732086,0.21465407,0.7965153,0.024374377,0.08259413,0.025484873,0.5951497,0.17169681,null,null,null,null,"TWOGAUSSIANS",8,4.9260907,0.7965353,0.024362544,0.4,0.013731825,0.55526,0.1395162,0.28347436,0.05196913,0.4,0.0,0.48730376,0.21060002
375316653866487564,4051481962220709888,0.45364854,2305.0022302018115,0.5524799490450251,6.719735E-5,18.949438,0.025269942,0.19943786,0.0053890613,0.075966656,0.010697105,0.22270651,0.028600967,0.71772426,0.024974164,0.08737288,0.05860171,0.16126177,0.075144485,null,null,null,null,"TWOGAUSSIANS",8,5.927574,0.19943786,0.0053890613,0.4,0.0,0.22027896,0.02618744,0.71772426,0.024974164,0.4,0.20898373,0.15883417,0.076950185
375316653866487564,4051482095303104000,0.4385401,2337.203329442825,3.4245947369761143,9.539175E-5,17.566969,0.009580715,0.20128404,0.028770134,0.054268513,0.018510181,0.16121612,0.075153984,0.69583154,0.04634733,0.064363316,0.050044212,0.18352541,607.1131,null,null,null,null,"TWOGAUSSIANS",8,4.084822,0.69583154,0.04634733,0.36043456,0.27908033,0.18348601,607.1131,0.20128404,0.028770134,0.30390367,0.103657015,0.16117673,0.07522018
375316653866487564,4051482134018794112,0.49529162,2297.0098913842276,2.1089327888647578,1.5593327E-5,17.483057,0.0039152554,0.2558592,0.0054833866,0.026269311,0.02046532,0.057249986,0.04541283,0.037457507,0.016488146,0.021364752,0.006304298,0.041669197,0.017735906,0.059807036,0.007446386,0.2558592,0.0054833866,"TWOGAUSSIANS_WITH_ELLIPSOIDAL_ON_ECLIPSE1",9,9.141684,0.2558592,0.0054833866,0.14710814,0.11460579,0.17686346,0.042393368,0.04102751,0.018892972,0.11964261,0.03530407,0.0468369,0.021847332
375316653866487564,4051482168378882560,0.4876894,2296.7514206183114,1.8218554391494155,4.7957936E-5,17.96707,0.04256134,0.09079978,0.015256673,0.09686636,0.026183195,0.09304007,0.039716095,0.6068792,0.009672446,0.14065638,0.035984393,0.1572705,0.039432805,null,null,null,null,"TWOGAUSSIANS",8,3.3462894,0.6068792,0.009669304,0.4,0.0,0.13372879,0.012869221,0.09022978,0.015086949,0.4,0.0,0.070110165,0.012979581
375316653866487564,4051482340177566464,0.41965687,2317.9846936572253,2.010703461997851,3.0298897E-5,19.084408,0.332064,0.28534585,0.026103001,0.16818064,0.11499647,0.4212852,0.2689401,0.75149494,0.010555009,0.0770414,0.014117117,0.47688589,0.4463682,null,null,null,null,"TWOGAUSSIANS",8,7.128599,0.75149494,0.010555009,0.4,0.016512947,0.41376433,0.34949175,0.28534585,0.026103001,0.4,0.0,0.34638688,0.07265588
375316653866487564,4051482340177678976,0.60118604,2251.272689203492,1.5850973475638146,9.347205E-6,17.504171,0.007054328,0.22264835,0.0015056721,0.06754756,0.0030617134,0.35022566,0.013397128,0.721822,0.0044383546,0.08822018,0.005090012,0.49777186,0.016715854,null,null,null,null,"TWOGAUSSIANS",8,4.54226,0.721822,0.0044383546,0.4,0.0,0.49294952,0.01701634,0.22264835,0.0015056721,0.37826636,0.017145596,0.34540343,0.013644273
375316653866487564,4051482374537693184,0.550819,2276.272170093092,1.8422412987244026,2.54712E-5,18.213747,0.016363813,0.209967,0.008407244,0.07911899,0.010596557,0.3554583,0.03992508,0.6995052,0.036866084,0.07416374,0.06071966,0.1817127,0.2658626,null,null,null,null,"TWOGAUSSIANS",8,7.4331584,0.209967,0.008407244,0.4,0.0,0.35346112,0.039654296,0.6995052,0.036866084,0.4,0.2779586,0.17971554,0.26843315
375316653866487564,4051482546336275712,0.5550227,2296.9020136423896,3.644580802184637,1.939396E-5,18.008144,0.025693545,0.317755,0.006373314,0.08848708,0.010686153,0.32398823,0.03155775,0.82455915,0.00517672,0.083767705,0.009062175,0.3303485,0.028082239,null,null,null,null,"TWOGAUSSIANS",8,8.696917,0.82455915,0.00517672,0.4,0.0,0.3217234,0.021979548,0.317755,0.006373314,0.4,0.0,0.31536308,0.02982886
375316653866487564,4051482546336424064,0.49380863,2309.0113475417834,0.5366627193279494,2.9665665E-5,18.734766,0.02224278,0.22156839,0.04454689,0.022244634,0.04162037,0.18719524,0.2221117,0.76667315,0.008034818,0.116533145,0.021451043,0.18731928,0.019176045,null,null,null,null,"TWOGAUSSIANS",8,2.2097914,0.76667315,0.008034818,0.4,0.0,0.18718825,0.015540476,0.22155839,0.044559035,0.12456995,0.23307407,0.18715954,0.22009608
375316653866487564,4051482615056165376,0.523368,2282.6824987918403,0.6077732371791118,1.2791228E-4,17.691496,0.0011902624,0.66894066,0.05930635,0.046865843,0.032133646,0.041794367,0.022838129,0.5244876,0.025863517,0.056128345,0.01113223,0.09358808,0.039801,null,null,null,null,"TWOGAUSSIANS",8,0.4833585,0.5253276,0.0150833605,0.31431875,0.062340487,0.09395959,0.019798392,0.65423065,0.22760572,0.26244873,0.16157219,0.046256244,0.08028742
375316653866487564,4051482821212712576,0.5051423,2286.2155383788727,1.4770626484407476,2.6765574E-5,17.190235,0.05320361,0.22568697,0.0073719686,0.13634683,0.05373577,0.10885323,0.045426805,0.7074753,0.005257046,0.107283376,0.023868956,0.121526025,0.04687139,null,null,null,null,"TWOGAUSSIANS",8,2.6101966,0.7074753,0.005257046,0.4,0.0,0.098290056,0.00799848,0.22571696,0.0073026475,0.4,0.0,0.08533231,0.007555842
375316653866487564,4051482958652168960,0.5348058,2375.47991614476,3.2579304629276367,7.826373E-5,19.510748,0.008867087,0.25771555,0.007750192,0.033243563,0.022609368,2.0237412,2.3019657,0.6718485,0.018932993,0.04284621,0.017325025,1.0106926,0.8588496,null,null,null,null,"TWOGAUSSIANS",8,1.1401669,0.25771555,0.007750192,0.18616395,0.12661245,2.0237412,2.3019657,0.6718485,0.018932993,0.23993877,0.097020134,1.0106926,0.8588496
375316653866487564,4051482993012215424,0.57638127,2290.8823359571597,1.1070834955139803,1.32649E-5,17.432705,0.009394492,0.23584798,0.0033625686,0.07126544,0.0056110127,0.20900203,0.0105715,0.7337748,0.005284725,0.07654566,0.004595526,0.40559492,0.029652728,null,null,null,null,"TWOGAUSSIANS",8,9.280861,0.7337748,0.005284725,0.4,0.0,0.40376326,0.029798375,0.23584798,0.0033625686,0.39908645,0.017015686,0.20717038,0.010149966
375316653866487564,4051483164810851968,0.47881192,2301.143192802173,0.48627891613158153,3.7469963E-5,18.845324,0.18563469,0.21426614,0.01247703,0.02667069,0.01225782,0.08938807,0.029035142,0.69317853,0.01627194,0.24098983,0.12600963,0.1826438,0.17709579,null,null,null,null,"TWOGAUSSIANS",8,1.4097421,0.69317853,0.01627194,0.4,0.0,0.13513008,0.0117296465,0.21467614,0.012874936,0.14935586,0.06864379,0.084805265,0.032187514
375316653866487564,4051483233533639296,0.6667672,2276.347755140866,3.2509504354968883,1.4076031E-5,18.112236,0.030813662,0.30573887,0.006764859,0.05342868,0.010321613,0.699149,0.121017,0.8025785,0.0025854153,0.048278436,0.0055322666,0.5089509,0.063501135,0.08330044,0.03595147,0.30573887,0.006764859,"TWOGAUSSIANS_WITH_ELLIPSOIDAL_ON_ECLIPSE1",9,3.6526124,0.30573887,0.006764859,0.2992006,0.057801038,0.8657361,0.12334259,0.8027585,0.002416177,0.27035925,0.030980691,0.6754761,0.015118243
375316653866487564,4051483508411753216,0.498641,2316.0494476211557,2.147480237637613,1.5049831E-5,17.9653,0.01100261,0.102590054,0.006050977,0.06966943,0.0121209,0.2662922,0.040099394,0.5899313,0.022320129,0.08062589,0.021706432,0.20918489,0.060554154,null,null,null,null,"TWOGAUSSIANS",8,10.822963,0.102590054,0.006050977,0.39014882,0.050167337,0.26490605,0.041241415,0.5899313,0.022320129,0.4,0.0,0.20779872,0.061311346
375316653866487564,4051483542835813120,0.48340815,2342.255446041318,2.1068103421931816,4.936357E-5,19.387886,0.04416816,0.2351883,0.045730054,0.093298286,0.06462254,0.33210006,0.14847215,0.7077924,0.005413916,0.090253234,0.01467998,0.3970519,0.08047618,null,null,null,null,"TWOGAUSSIANS",8,1.3190119,0.7077924,0.005413916,0.4,0.0,0.3853758,0.07895008,0.2351883,0.045730054,0.4,0.19043437,0.3204235,0.15716462
375316653866487564,4051483542835813248,0.6442645,2306.608783078884,1.5077361860060756,7.862428E-6,15.945999,0.005988614,0.25188604,9.333111E-4,0.03908175,0.0013743162,0.85915697,0.043041218,0.74679166,0.020106906,0.044420622,0.03416547,0.09386911,0.05169247,0.04148813,0.009742167,0.25188604,9.333111E-4,"TWOGAUSSIANS_WITH_ELLIPSOIDAL_ON_ECLIPSE1",9,32.318607,0.25188604,9.333111E-4,0.21885778,0.007696171,0.9421332,0.043193303,0.74741167,0.020309547,0.24875547,0.19132663,0.17677061,0.05586539
375316653866487564,4051483748994260864,0.45933372,2297.313233255638,0.8392436623771224,3.1483436E-5,18.087183,0.0071370644,0.19272558,0.10523406,0.039910994,0.041296843,0.04261536,0.027119216,0.7320479,0.0104468055,0.09649841,0.018747728,0.11705931,0.02825237,null,null,null,null,"TWOGAUSSIANS",8,3.3909955,0.7320479,0.010445642,0.4,0.0,0.11699503,0.028322157,0.19272558,0.10871637,0.22350158,0.17564976,0.04255241,0.026971733
375316653866487564,4051483847683722496,0.4967636,2291.9026280656026,2.5381033218982076,2.701826E-5,18.850342,0.010867927,0.82834625,0.0066299606,0.033148378,0.04972722,0.034104843,0.020032773,null,null,null,null,null,null,0.09755887,0.013558287,0.82834625,0.0066299606,"ONEGAUSSIAN_WITH_ELLIPSOIDAL",6,3.631697,0.82834625,0.0066299606,0.18563092,0.27847242,0.22922218,0.012784023,null,null,null,null,null,null
375316653866487564,4051483886369094272,0.47618973,2314.929542540369,0.3517940805391496,8.265431E-5,19.549038,0.024446873,0.33935824,0.036445007,0.1112457,0.032180525,0.3401959,0.29372993,0.74479187,0.0512386,0.07345322,0.028409433,0.31150916,0.13513152,null,null,null,null,"TWOGAUSSIANS",8,3.6567962,0.33935824,0.036445007,0.4,0.0,0.3365853,0.29673743,0.74479187,0.0512386,0.4,0.1343835,0.30834287,0.13198651
375316653866487564,4051483989445010176,0.45766354,2356.0051478282157,2.415184205013629,5.6415854E-5,19.52754,0.032384057,0.30639723,0.041975655,0.1047158,0.04531703,0.301645,0.09042772,0.7453586,0.0093008345,0.04349041,0.025723115,0.24779956,0.09913494,null,null,null,null,"TWOGAUSSIANS",8,2.6636171,0.30639723,0.041975655,0.4,0.012580732,0.30124322,0.0911913,0.7453586,0.0093008345,0.24354629,0.14404945,0.24744406,0.10054683
375316653866487564,4051484023805057280,0.5211882,2329.732458716329,0.9948417354448509,1.9919325E-5,19.151545,0.04726901,0.2965718,0.07755391,0.10674065,0.056238808,0.19461045,0.08157819,0.79004276,0.0033693286,0.07638118,0.015883334,0.30668324,0.031802997,null,null,null,null,"TWOGAUSSIANS",8,1.786194,0.79004276,0.0033715896,0.4,0.0,0.29668275,0.022961292,0.2965718,0.07755391,0.4,0.039867125,0.18460298,0.06792262
375316653866487564,4051484023805131008,0.45074624,2303.2542503001696,0.44973221173643774,8.4493964E-5,18.374123,0.004337225,0.29503077,0.0077238292,0.034813996,0.01200957,0.08323805,0.0159794,0.670292,0.03847046,0.056714512,0.031238325,0.03446107,0.026249368,null,null,null,null,"TWOGAUSSIANS",8,2.7885761,0.29503077,0.0077238292,0.19495839,0.0672536,0.08323805,0.0159794,0.670292,0.03847046,0.31760126,0.17493463,0.03446107,0.026249368
375316653866487564,4051484023872313472,0.47580343,2282.9264165441273,0.807961621321798,1.1159934E-5,18.909443,0.42802143,0.30869463,0.019523606,0.20008583,0.0957256,0.45032862,0.42052764,0.7746489,0.014865022,0.12994511,0.021229891,0.49471313,0.2174631,null,null,null,null,"TWOGAUSSIANS",8,2.6142633,0.7746489,0.014865022,0.4,0.0,0.29452398,0.012385917,0.31046462,0.018744832,0.4,0.0,0.20836724,0.037016645
375316653866487564,4051484264390520320,0.5118741,2319.9871270245303,2.043336928786803,2.8504273E-5,18.020554,0.036081474,0.36315867,0.007394736,0.09067272,0.01542001,0.2940339,0.032562494,0.872313,0.007979019,0.09212179,0.011305028,0.22029814,0.038770154,null,null,null,null,"TWOGAUSSIANS",8,8.902549,0.36315867,0.007394736,0.4,0.0,0.28354433,0.025805812,0.872313,0.007979019,0.4,0.0,0.20980853,0.031999663
375316653866487564,4051484333045752832,0.6342935,2313.606218723849,1.2224373397565598,2.7356617E-5,17.393661,0.010176321,0.318166,0.0053909253,0.072097234,0.0057705767,0.5679671,0.03731719,0.81818235,0.0081885345,0.08130575,0.007917173,0.19667047,0.011685758,null,null,null,null,"TWOGAUSSIANS",8,7.430354,0.318166,0.0053909253,0.4,0.019310998,0.5648364,0.038197935,0.81818235,0.0081885345,0.4,0.0,0.1935397,0.010084324
375316653866487564,4051484333045758208,0.4995434,2296.8193028298797,2.7799024306412288,3.2697037E-5,18.405396,0.3273684,0.29807568,0.0059475815,0.09010791,0.042880394,0.71390194,0.24692589,0.82763475,0.009785465,0.096929714,0.04247643,0.54111624,0.34578177,null,null,null,null,"TWOGAUSSIANS",8,3.1645124,0.29807568,0.0059152762,0.4,0.0,0.6915,0.13023101,0.82763475,0.00957621,0.4,0.013585398,0.51871085,0.17661688
375316653866487564,4051484367469616768,0.609896,2297.909055801664,1.5788616349918763,1.2378275E-5,16.533274,0.0074005313,0.24664992,0.007910727,0.09082662,0.009674559,0.261211,0.00983486,0.7453945,0.0021821994,0.08577553,0.003645451,0.30771846,0.009193308,null,null,null,null,"TWOGAUSSIANS",8,6.844358,0.7453945,0.0021821994,0.4,0.0,0.2976568,0.00843827,0.24664992,0.007910727,0.4,0.0,0.25114924,0.009802597
375316653866487564,4051484500479888768,0.62845534,2293.4745680512865,0.36566256132068387,2.3025792E-4,16.834196,0.008295828,0.19415118,0.012512192,0.022600146,0.0047267126,1.3221736,0.4347748,0.5531,0.04828884,0.12794903,0.045015216,0.06360312,0.041745167,null,null,null,null,"TWOGAUSSIANS",8,34.45613,0.19416118,0.012514334,0.12656082,0.02646959,1.3233556,0.43484727,0.5531,0.04828884,0.4,0.0,0.06354167,0.041916247
