Gaia/vari_eclipsing_binary/VariEclipsingBinary_075229-076419.csv
# %ECSV 1.0
# ---
# delimiter: ','
# meta: !!omap
# - RELEASE: Gaia DR3
# - TABLE: vari_eclipsing_binary
# - DESCRIPTION: >
#     This table describes the properties of the eclipsing binaries resulting from the variability analysis. 
# - CITATION: >
#     How to cite and acknowledge Gaia: 
#     https://gea.esac.esa.int/archive/documentation/credits.html 
# - KNOWN_ISSUES: >
#     Known issues: 
#     https://www.cosmos.esa.int/web/gaia-users/known-issues 
# - DOCUMENTATION: >
#     Tutorials and documentation: 
#     https://www.cosmos.esa.int/web/gaia-users/archive 
# datatype:
# - 
#   name: solution_id
#   datatype: int64
#   description: Solution Identifier
#   meta:
#     ucd: meta.version
# - 
#   name: source_id
#   datatype: int64
#   description: Unique source identifier
#   meta:
#     ucd: meta.id;meta.main
# - 
#   name: global_ranking
#   datatype: float32
#   description: Number between 0 (worst) and 1 (best)
#   meta:
#     ucd: stat.param
# - 
#   name: reference_time
#   datatype: float64
#   unit: d
#   description: Reference time used for the geometric model fit
#   meta:
#     ucd: time.epoch
# - 
#   name: frequency
#   datatype: float64
#   unit: d**-1
#   description: Frequency of geometric model of the eclipsing binary light curve
#   meta:
#     ucd: src.orbital
# - 
#   name: frequency_error
#   datatype: float32
#   unit: d**-1
#   description: "Uncertainty of \\texttt{frequency}"
#   meta:
#     ucd: stat.error
# - 
#   name: geom_model_reference_level
#   datatype: float32
#   unit: mag
#   description: Magnitude reference level of geometric model
#   meta:
#     ucd: phot.mag;em.opt
# - 
#   name: geom_model_reference_level_error
#   datatype: float32
#   unit: mag
#   description: "Uncertainty of \\texttt{geomModelReferenceLevel}"
#   meta:
#     ucd: stat.error;phot.mag;em.opt
# - 
#   name: geom_model_gaussian1_phase
#   datatype: float32
#   description: Phase of the Gaussian 1 component
#   meta:
#     ucd: time.phase
# - 
#   name: geom_model_gaussian1_phase_error
#   datatype: float32
#   description: "Uncertainty of \\texttt{geomModelGaussian1Phase}"
#   meta:
#     ucd: stat.error;time.phase
# - 
#   name: geom_model_gaussian1_sigma
#   datatype: float32
#   description: "Standard deviation [phase] of Gaussian 1 component"
#   meta:
#     ucd: stat.stdev
# - 
#   name: geom_model_gaussian1_sigma_error
#   datatype: float32
#   description: "Uncertainty of \\texttt{geomModelGaussian1Sigma}"
#   meta:
#     ucd: stat.error
# - 
#   name: geom_model_gaussian1_depth
#   datatype: float32
#   unit: mag
#   description: Magnitude depth of Gaussian 1 component
#   meta:
#     ucd: src.var.amplitude
# - 
#   name: geom_model_gaussian1_depth_error
#   datatype: float32
#   unit: mag
#   description: "Uncertainty of \\texttt{geomModelGaussian1Depth}"
#   meta:
#     ucd: stat.error;src.var.amplitude
# - 
#   name: geom_model_gaussian2_phase
#   datatype: float32
#   description: Phase of Gaussian 2 component
#   meta:
#     ucd: time.phase
# - 
#   name: geom_model_gaussian2_phase_error
#   datatype: float32
#   description: "Uncertainty of \\texttt{geomModelGaussian2Phase}"
#   meta:
#     ucd: stat.error;time.phase
# - 
#   name: geom_model_gaussian2_sigma
#   datatype: float32
[...]
#   datatype: float32
#   description: "Secondary eclipse: uncertainty of \\texttt{derivedSecondaryEclDuration}"
#   meta:
#     ucd: stat.error;time.duration
# - 
#   name: derived_secondary_ecl_depth
#   datatype: float32
#   unit: mag
#   description: "Secondary eclipse: depth"
#   meta:
#     ucd: src.var.amplitude
# - 
#   name: derived_secondary_ecl_depth_error
#   datatype: float32
#   unit: mag
#   description: "Secondary eclipse: uncertainty of \\texttt{derivedSecondaryEclDepth}"
#   meta:
#     ucd: stat.error;src.var.amplitude
solution_id,source_id,global_ranking,reference_time,frequency,frequency_error,geom_model_reference_level,geom_model_reference_level_error,geom_model_gaussian1_phase,geom_model_gaussian1_phase_error,geom_model_gaussian1_sigma,geom_model_gaussian1_sigma_error,geom_model_gaussian1_depth,geom_model_gaussian1_depth_error,geom_model_gaussian2_phase,geom_model_gaussian2_phase_error,geom_model_gaussian2_sigma,geom_model_gaussian2_sigma_error,geom_model_gaussian2_depth,geom_model_gaussian2_depth_error,geom_model_cosine_half_period_amplitude,geom_model_cosine_half_period_amplitude_error,geom_model_cosine_half_period_phase,geom_model_cosine_half_period_phase_error,model_type,num_model_parameters,reduced_chi2,derived_primary_ecl_phase,derived_primary_ecl_phase_error,derived_primary_ecl_duration,derived_primary_ecl_duration_error,derived_primary_ecl_depth,derived_primary_ecl_depth_error,derived_secondary_ecl_phase,derived_secondary_ecl_phase_error,derived_secondary_ecl_duration,derived_secondary_ecl_duration_error,derived_secondary_ecl_depth,derived_secondary_ecl_depth_error
[from data line 109]
375316653866487564,664978864339321472,0.59533006,2181.383820973593,3.201531020789529,5.5471173E-6,15.61237,0.029523082,0.29474488,0.003977048,0.05840587,0.0067766085,0.303065,0.06697258,0.7917665,0.0025366228,0.05955394,0.005684856,0.4470967,0.062236164,0.060305778,0.034049507,0.29474488,0.003977048,"TWOGAUSSIANS_WITH_ELLIPSOIDAL_ON_ECLIPSE1",9,84.54274,0.7919765,0.0021635988,0.33350208,0.03183519,0.5675832,0.01821879,0.29474488,0.003977048,0.32707286,0.037949007,0.42359075,0.011628443
375316653866487564,665019816851126144,0.50823605,2180.735140811353,4.306964463053843,3.1769076E-5,18.335527,0.048500486,0.30469733,0.0061698756,0.1152156,0.02192452,0.22957885,0.046155673,0.7943304,0.0040407074,0.11360452,0.01426801,0.27027297,0.047667917,null,null,null,null,"TWOGAUSSIANS",8,5.1278095,0.7943304,0.0040407074,0.4,0.0,0.22896549,0.010552145,0.30472732,0.006171416,0.4,0.0,0.18826751,0.010449251
375316653866487564,665043834308620800,0.5059175,2180.5433774557973,3.426655051431721,2.7710426E-5,19.343586,0.009726067,0.41233352,0.0058454713,0.04170757,0.005395521,0.6434848,0.12456258,0.18524742,0.014397526,0.038565613,0.013240818,0.09168232,0.16571188,null,null,null,null,"TWOGAUSSIANS",8,5.3359427,0.41233352,0.0058454713,0.23356241,0.030214917,0.6434848,0.124562584,0.18524742,0.014397099,0.21596743,0.07414858,0.09168255,0.16571185
375316653866487564,665055246037907840,0.5481385,2170.5853992756324,2.8745582394819107,3.2258988E-5,14.279038,0.012123059,0.2797187,0.0041866954,0.08536381,0.006475994,0.3185231,0.014459441,0.79175735,0.003997481,0.09303162,0.00880887,0.2897215,0.01253356,null,null,null,null,"TWOGAUSSIANS",8,285.1416,0.2797187,0.0041866954,0.4,0.0,0.30867964,0.0132316975,0.79175735,0.003997481,0.4,0.0,0.27987766,0.012077997
375316653866487564,665087956508702848,0.4542871,2184.9380258810297,0.34753266271629957,2.8724276E-5,14.470052,0.002668479,0.23038608,0.005416536,0.009264412,0.0020966113,0.4079301,0.19662935,0.8111238,0.05250113,0.07067835,0.035300013,0.043386884,0.05362442,0.015988573,0.003614316,0.8111238,0.05250113,"TWOGAUSSIANS_WITH_ELLIPSOIDAL_ON_ECLIPSE2",9,417.9396,0.23042607,0.0054162266,0.05188071,0.011741023,0.4322832,0.196567,0.8111238,0.05250113,0.39579877,0.17722952,0.07528395,0.049702317
375316653866487564,665092217116297856,0.482249,2152.8508531917782,1.6839417807678823,1.6375013E-4,16.672064,0.003908575,0.5042993,0.027606934,0.021009553,0.019767286,0.45288077,3495.2876,0.8672165,0.012475229,0.010269667,0.009261109,0.2041226,0.09561264,null,null,null,null,"TWOGAUSSIANS",8,40.58104,0.5042993,0.027606934,0.117653504,0.11069681,0.45288077,3495.2876,0.8672165,0.012475229,0.057510138,0.05186221,0.2041226,0.09561264
375316653866487564,665128015667408384,0.5513072,2216.4062785294986,3.05145914022715,6.772432E-6,19.270224,0.01569422,0.27561766,0.017250078,0.07208479,0.025392434,0.44253471,0.029839551,0.77113324,0.002012442,0.074538626,0.0033899823,0.4365535,0.017142128,null,null,null,null,"TWOGAUSSIANS",8,1.88751,0.27561766,0.017250078,0.4,0.124037564,0.44017288,0.028922634,0.77113324,0.002012442,0.4,0.0,0.43419167,0.014828148
375316653866487564,665135750905160576,0.6340483,2168.856956247435,3.28107537258163,3.3536962E-6,15.470302,0.028307427,0.24835382,0.00123817,0.065232635,0.005338385,0.37314877,0.056653254,0.75607437,0.0019004778,0.060129773,0.009204553,0.33298787,0.05104523,0.060755808,0.030205986,0.75607437,0.0019004778,"TWOGAUSSIANS_WITH_ELLIPSOIDAL_ON_ECLIPSE2",9,37.24249,0.24911383,8.9227303E-4,0.36530274,0.029894954,0.4941931,0.0063656,0.75607437,0.0019004778,0.33672673,0.051545497,0.4542898,0.015418949
375316653866487564,665168942412406016,0.5280431,2171.629220601477,2.709149332204884,8.937762E-6,13.152943,0.0030645924,0.22859499,0.0027404786,0.023108402,0.014657828,0.03965464,40.513485,0.6527419,0.034276698,0.067645654,0.029267907,0.016093,0.0064778863,0.06227092,0.0037153962,0.22859499,0.0027404786,"TWOGAUSSIANS_WITH_ELLIPSOIDAL_ON_ECLIPSE1",9,101.97034,0.22859499,0.0027404786,0.12940705,0.082083836,0.16419561,40.51391,0.7139719,0.00937061,0.37881568,0.095758334,0.13417637,0.0054958276
375316653866487564,665242953288766208,0.49285704,2172.836253622691,0.06724487148668506,3.9761348E-5,15.394411,0.5285116,0.21349521,0.020365952,0.3298682,0.2738049,0.42926255,0.5075783,0.77109456,0.018831665,0.085341655,0.027705727,0.38308784,0.07475055,null,null,null,null,"TWOGAUSSIANS",8,61.398163,0.7747945,0.014783878,0.4,0.07112044,0.33564034,0.022002384,0.21348521,0.020373782,0.4,0.0,0.11260891,0.054205604
375316653866487564,665251057890768512,0.5703348,2130.1281499347556,2.225235662851794,6.2948693E-6,17.513254,0.0041524973,0.22745165,0.00226589,0.05832973,0.0022597893,0.23336649,0.008164422,0.7250118,0.0022744418,0.06329637,0.00260697,0.198908,0.0063772127,null,null,null,null,"TWOGAUSSIANS",8,3.927277,0.22745165,0.00226589,0.3266465,0.0126548195,0.233282,0.008162526,0.7250118,0.0022744418,0.35445967,0.014599032,0.1988235,0.0063718692
375316653866487564,665255597672379648,0.4914544,2058.6826078460285,1.3520868903856746,8.534826E-6,14.201008,0.006607257,0.22382449,0.003641452,0.111868404,0.0123662185,0.065484904,0.00578379,0.7265627,0.0044300803,0.10528837,0.014454302,0.055291645,0.005493579,null,null,null,null,"TWOGAUSSIANS",8,13.170567,0.22382449,0.0036415774,0.4,0.0,0.05721872,0.0039184364,0.7265727,0.0044454606,0.4,0.0,0.0470301,0.0024701993
375316653866487564,665290266648563456,0.5667859,2168.6354053319146,3.677233577261533,1.723428E-5,13.800685,0.006570568,0.24952728,0.0027194945,0.08468541,0.004363871,0.30526984,0.008342781,0.7367662,0.0061578853,0.08410985,0.006410605,0.24355114,0.01338037,null,null,null,null,"TWOGAUSSIANS",8,324.69946,0.24952728,0.0027194945,0.4,0.0,0.29986635,0.0076434156,0.7367662,0.0061578853,0.4,0.0,0.23814766,0.013260835
375316653866487564,665299028381827968,0.612598,2196.030279585058,4.088299847166663,4.666415E-6,17.589458,0.007777104,0.18914811,0.0017752607,0.04840145,0.004669795,0.17981614,0.017873479,0.6951533,0.0025095714,0.049275883,0.006307165,0.13403499,0.017072354,0.113052025,0.011563136,0.18914811,0.0017752607,"TWOGAUSSIANS_WITH_ELLIPSOIDAL_ON_ECLIPSE1",9,3.1762025,0.18914811,0.0017752607,0.27104813,0.02615085,0.40591896,0.009281499,0.6951533,0.0025095714,0.27594495,0.035320126,0.35981607,0.007365808
375316653866487564,665365892432609664,0.47471067,2187.284073707147,0.18738866735500656,2.040697E-5,16.278502,0.0037910466,0.06477355,0.005206403,0.0052338433,0.0016859338,1.6960498,3.9118261,0.855102,0.019433886,0.04260855,0.020322878,0.0352129,0.017307952,null,null,null,null,"TWOGAUSSIANS",8,44.554214,0.06477355,0.005206403,0.029309522,0.0094412295,1.69605,3.9118261,0.855102,0.019433886,0.23860788,0.11380811,0.0352129,0.017307952
375316653866487564,665388118887411840,0.4781919,2157.4669957326855,1.6854716029369043,1.2708292E-5,16.983961,0.008194946,0.31772768,0.0060249795,0.09109139,0.0064066877,0.28853667,0.015400016,0.81499654,0.0028454235,0.025885023,0.003692328,0.2972933,0.065441,null,null,null,null,"TWOGAUSSIANS",8,77.91043,0.81499654,0.0028454235,0.14495613,0.020677038,0.29724574,0.06545924,0.31772768,0.0060249795,0.4,0.0,0.28848892,0.01540682
375316653866487564,665412587317415296,0.5099595,2065.6844543939555,0.44845749890338155,5.385608E-5,11.551276,0.0029336857,0.26978695,0.010974701,0.014725714,0.008556768,0.020321975,0.029374687,0.7611953,0.007879009,0.023066849,0.004412269,0.333107,0.07046772,0.018704565,0.0040983497,0.26978695,0.010974701,"TWOGAUSSIANS_WITH_ELLIPSOIDAL_ON_ECLIPSE1",9,95.17762,0.7612353,0.007803841,0.12917435,0.024708709,0.37040767,0.0711785,0.26978695,0.010974701,0.082463995,0.047917906,0.057731025,0.028474541
375316653866487564,665430385661802240,0.632654,2110.018091204038,3.5399056087054843,5.746844E-6,17.615618,0.006763019,0.22462504,7.9527625E-4,0.042673633,0.0023268303,0.3117643,0.018207159,0.7238919,0.0022231275,0.05135986,0.0026182877,0.4889004,0.03577143,0.11686657,0.010391599,0.22462504,7.9527625E-4,"TWOGAUSSIANS_WITH_ELLIPSOIDAL_ON_ECLIPSE1",9,6.8584166,0.7239619,0.002012672,0.2876152,0.014662411,0.7226251,0.034360487,0.22462504,7.9527625E-4,0.23897235,0.01303025,0.5454935,0.01664923
375316653866487564,665443339283214336,0.5732114,2073.780032786332,1.0134053449475031,3.869014E-6,14.664291,0.0033405274,0.6505156,0.0011982546,0.032289732,0.0010037887,0.52296025,0.014008949,0.90774536,0.046170983,0.032963593,0.06286906,0.0129989665,0.038145542,0.0052952436,0.003795477,0.90774536,0.046170983,"TWOGAUSSIANS_WITH_ELLIPSOIDAL_ON_ECLIPSE2",9,167.88084,0.6505056,0.0011876726,0.18082249,0.0056212167,0.522982,0.013950664,0.90774536,0.046170983,0.18459612,0.35206673,0.023589382,0.03917999
375316653866487564,665490923224496768,0.44779626,2067.6830045847573,0.5773780717928296,6.694511E-5,19.754044,0.008355795,0.24827552,0.008528032,0.033833575,0.00926188,0.19517455,0.047941152,0.44049004,0.036052752,0.09158238,0.04101526,0.17043597,0.07140881,null,null,null,null,"TWOGAUSSIANS",8,3.6787128,0.25093552,0.007489865,0.18946803,0.05186653,0.21458521,0.013645108,0.44049004,0.036052752,0.4,0.022328153,0.17043586,0.07140214
375316653866487564,665554115080131456,0.5876178,2064.4434513803967,4.346648311330422,6.3915504E-6,17.020773,0.014937743,0.2558344,0.0014262513,0.09664976,0.005112994,0.3183847,0.013317412,0.77175355,0.003782273,0.08933655,0.00703364,0.25468728,0.014158863,null,null,null,null,"TWOGAUSSIANS",8,7.459746,0.2558344,0.0014262513,0.4,0.0,0.30619502,0.008645227,0.77175355,0.003782273,0.4,0.0,0.24249882,0.0103865955
375316653866487564,665565896173179136,0.4497621,2063.9600612920653,0.15742962103989203,3.6466954E-5,17.55037,0.005030716,0.32774335,0.017489726,0.11504296,0.03323666,0.043814898,0.010546041,0.75556177,0.0054102116,0.05145556,0.0056335935,0.1254164,0.014469582,null,null,null,null,"TWOGAUSSIANS",8,6.7828465,0.75556177,0.0054102116,0.28815114,0.031548124,0.1251629,0.014420068,0.32774335,0.017489726,0.4,0.0,0.04351769,0.011035839
375316653866487564,665574387325749888,0.6358913,2072.594164744772,3.04050613470462,3.6230977E-6,16.382742,0.008878661,0.26868942,9.405258E-4,0.046028484,0.0029436674,0.41581854,0.028941598,0.76626664,6.7020615E-4,0.052856605,0.0017166054,0.49693727,0.024841968,0.10512046,0.017482096,0.26868942,9.405258E-4,"TWOGAUSSIANS_WITH_ELLIPSOIDAL_ON_ECLIPSE1",9,22.709787,0.7664767,5.957323E-4,0.295997,0.00961299,0.70712715,0.012060781,0.26868942,9.405258E-4,0.2577595,0.016484538,0.626053,0.030387193
375316653866487564,665591704633931520,0.49879545,2057.18326369362,1.7073387056541585,1.8525797E-4,15.853086,0.0014868645,0.67327535,0.006068719,0.014085133,0.005636627,0.15681617,0.007635669,null,null,null,null,null,null,null,null,null,null,"ONEGAUSSIAN",5,17.65235,0.67327535,0.006068719,0.07887674,0.03156511,0.15681617,0.0,null,null,null,null,null,null
375316653866487564,665591704633931648,0.45243502,2074.4297702742524,0.05067890219404907,9.020979E-5,17.18275,0.21280353,0.24764128,0.018789468,0.16135006,0.1596279,0.095871694,0.20517096,0.83781576,0.007425438,0.037140734,0.011881564,0.32719204,0.13075444,null,null,null,null,"TWOGAUSSIANS",8,5.57679,0.8380558,0.007166187,0.20798811,0.06653676,0.3286136,0.13159418,0.24764128,0.018789468,0.4,0.0,0.09335847,0.030893797
375316653866487564,665593216462416512,0.45703235,2045.530538693938,0.05400528770842219,2.9476034E-5,17.633268,0.0072329124,0.3622502,0.01542811,0.16376534,0.024473157,0.081167944,0.010151679,0.83363044,0.0077667325,0.040854868,0.01019336,0.14961314,0.18215261,null,null,null,null,"TWOGAUSSIANS",8,3.571311,0.83363044,0.0077667325,0.22878726,0.057082817,0.14612295,0.18352078,0.3622502,0.01542811,0.4,0.0,0.07594518,0.010529492
375316653866487564,665627984220839424,0.49119422,2091.2046758309057,0.0786631439472906,2.6547987E-5,18.630257,0.004149759,0.21261223,0.0134116355,0.045657236,0.010141411,0.11669471,0.011530142,0.7225098,0.021163015,0.0237856,0.016566742,0.25931376,0.2287457,null,null,null,null,"TWOGAUSSIANS",8,2.3155873,0.7225098,0.021163015,0.13319936,0.09277376,0.25931376,0.2287457,0.21261223,0.0134116355,0.25568053,0.0567919,0.11669471,0.011530142
375316653866487564,665633108118521600,0.5357546,2101.268490367612,3.2587400292936612,8.873986E-6,14.235339,0.018495005,0.2698971,0.004707221,0.092945635,0.008195915,0.27009335,0.019870311,0.77272296,0.0045002443,0.11216811,0.010652614,0.21784408,0.017537637,null,null,null,null,"TWOGAUSSIANS",8,108.15953,0.2698971,0.0047068736,0.4,0.0,0.24651623,0.014339844,0.77272296,0.0045002443,0.4,0.0,0.19424602,0.0088585615
375316653866487564,665682861019625856,0.5070265,2087.4663711488124,1.885884116159418,1.09574685E-5,18.107279,0.0047097686,0.24297562,0.0027522233,0.064299576,0.0061151767,0.2890534,0.027786689,0.73728245,0.005326933,0.06511152,0.007849583,0.15396245,0.019921457,null,null,null,null,"TWOGAUSSIANS",8,4.0402102,0.24297562,0.0027522233,0.36007765,0.034244988,0.28885064,0.027965184,0.73728245,0.005326933,0.3646245,0.04395767,0.15375967,0.020007864
375316653866487564,665683754372779904,0.6709252,2094.2249415699243,0.366044181629179,1.1592453E-5,13.533148,7.2794635E-4,0.18997897,2.7801338E-4,0.014726393,2.6422637E-4,0.33122206,0.0054351506,0.69043154,0.0021314225,0.014850257,0.0018258056,0.35915482,0.19044226,null,null,null,null,"TWOGAUSSIANS",8,19.984718,0.69043154,0.0021314225,0.083161436,0.010224512,0.35915482,0.19044226,0.18997897,2.7801338E-4,0.0824678,0.0014796677,0.33122206,0.0054351506
375316653866487564,665788345414311424,0.4685863,2085.2662839023556,0.13780553070639914,7.8498095E-5,19.49346,0.04172829,0.3138893,0.008515032,0.09523178,0.02385855,0.30563205,0.16449073,0.79456925,0.007494179,0.09379432,0.023674177,0.27588126,0.037206184,null,null,null,null,"TWOGAUSSIANS",8,3.743753,0.3138893,0.008514346,0.4,0.0,0.292294,0.17020297,0.79456925,0.007494179,0.4,0.0,0.2625436,0.02414711
375316653866487564,665808995618615552,0.51950634,2113.6946709779236,3.4939475713989796,1.3798753E-5,19.419113,0.0063712676,0.32751483,0.02099468,0.084380925,0.009292461,0.06638257,0.0097082015,0.56655324,9.1259286E-4,0.005290164,3.796853E-4,0.64274144,0.06732512,null,null,null,null,"TWOGAUSSIANS",8,1.9290488,0.56655324,9.1259286E-4,0.029624918,0.0021262378,0.6439422,0.067418255,0.32751483,0.02099468,0.4,0.0,0.06638257,0.009708204
375316653866487564,665817619912907776,0.5505178,2095.1753602497233,3.929878234076544,2.1892396E-5,15.275644,0.00579791,0.25154573,0.0025511875,0.05141804,0.009622405,0.07518457,0.020696614,0.7564393,0.020366855,0.043300938,0.015832294,0.0592442,0.014242156,0.09780639,0.008834126,0.25154573,0.0025511875,"TWOGAUSSIANS_WITH_ELLIPSOIDAL_ON_ECLIPSE1",9,80.43207,0.25154573,0.0025511875,0.28794104,0.053885467,0.27079678,0.018802136,0.7564393,0.020247215,0.24248526,0.08866084,0.2546715,0.009005124
375316653866487564,665827339422832256,0.4201103,2049.409500304008,1.8912240127448259,3.6102952E-5,15.921716,0.008005313,0.4975665,0.0022967479,0.0449083,0.005179741,0.2951738,0.08150983,0.8939956,0.013169514,0.040163886,0.0066494183,0.04165432,0.016130107,null,null,null,null,"TWOGAUSSIANS",8,10.598533,0.4975665,0.0022967479,0.25148648,0.029006548,0.2951738,0.08150983,0.8939956,0.013169514,0.22491775,0.037236743,0.04165432,0.016130107
375316653866487564,665837411122456960,0.45707878,2118.9754548583014,0.19165323314253677,9.085149E-5,19.433325,0.0057421164,0.27580044,0.013666848,0.046523698,0.015994867,0.18176621,0.04517129,0.7887454,0.008266102,0.062989034,0.012546998,0.16687775,0.021853672,null,null,null,null,"TWOGAUSSIANS",8,2.1393037,0.27580044,0.013666848,0.2605327,0.08957126,0.18176033,0.04520238,0.7887454,0.008266102,0.3527386,0.07026319,0.16687186,0.021861156
