Gaia/vari_eclipsing_binary/VariEclipsingBinary_490252-490283.csv
# %ECSV 1.0
# ---
# delimiter: ','
# meta: !!omap
# - RELEASE: Gaia DR3
# - TABLE: vari_eclipsing_binary
# - DESCRIPTION: >
#     This table describes the properties of the eclipsing binaries resulting from the variability analysis. 
# - CITATION: >
#     How to cite and acknowledge Gaia: 
#     https://gea.esac.esa.int/archive/documentation/credits.html 
# - KNOWN_ISSUES: >
#     Known issues: 
#     https://www.cosmos.esa.int/web/gaia-users/known-issues 
# - DOCUMENTATION: >
#     Tutorials and documentation: 
#     https://www.cosmos.esa.int/web/gaia-users/archive 
# datatype:
# - 
#   name: solution_id
#   datatype: int64
#   description: Solution Identifier
#   meta:
#     ucd: meta.version
# - 
#   name: source_id
#   datatype: int64
#   description: Unique source identifier
#   meta:
#     ucd: meta.id;meta.main
# - 
#   name: global_ranking
#   datatype: float32
#   description: Number between 0 (worst) and 1 (best)
#   meta:
#     ucd: stat.param
# - 
#   name: reference_time
#   datatype: float64
#   unit: d
#   description: Reference time used for the geometric model fit
#   meta:
#     ucd: time.epoch
# - 
#   name: frequency
#   datatype: float64
#   unit: d**-1
#   description: Frequency of geometric model of the eclipsing binary light curve
#   meta:
#     ucd: src.orbital
# - 
#   name: frequency_error
#   datatype: float32
#   unit: d**-1
#   description: "Uncertainty of \\texttt{frequency}"
#   meta:
#     ucd: stat.error
# - 
#   name: geom_model_reference_level
#   datatype: float32
#   unit: mag
#   description: Magnitude reference level of geometric model
#   meta:
#     ucd: phot.mag;em.opt
# - 
#   name: geom_model_reference_level_error
#   datatype: float32
#   unit: mag
#   description: "Uncertainty of \\texttt{geomModelReferenceLevel}"
#   meta:
#     ucd: stat.error;phot.mag;em.opt
# - 
#   name: geom_model_gaussian1_phase
#   datatype: float32
#   description: Phase of the Gaussian 1 component
#   meta:
#     ucd: time.phase
# - 
#   name: geom_model_gaussian1_phase_error
#   datatype: float32
#   description: "Uncertainty of \\texttt{geomModelGaussian1Phase}"
#   meta:
#     ucd: stat.error;time.phase
# - 
#   name: geom_model_gaussian1_sigma
#   datatype: float32
#   description: "Standard deviation [phase] of Gaussian 1 component"
#   meta:
#     ucd: stat.stdev
# - 
#   name: geom_model_gaussian1_sigma_error
#   datatype: float32
#   description: "Uncertainty of \\texttt{geomModelGaussian1Sigma}"
#   meta:
#     ucd: stat.error
# - 
#   name: geom_model_gaussian1_depth
#   datatype: float32
#   unit: mag
#   description: Magnitude depth of Gaussian 1 component
#   meta:
#     ucd: src.var.amplitude
# - 
#   name: geom_model_gaussian1_depth_error
#   datatype: float32
#   unit: mag
#   description: "Uncertainty of \\texttt{geomModelGaussian1Depth}"
#   meta:
#     ucd: stat.error;src.var.amplitude
# - 
#   name: geom_model_gaussian2_phase
#   datatype: float32
#   description: Phase of Gaussian 2 component
#   meta:
#     ucd: time.phase
# - 
#   name: geom_model_gaussian2_phase_error
#   datatype: float32
#   description: "Uncertainty of \\texttt{geomModelGaussian2Phase}"
#   meta:
#     ucd: stat.error;time.phase
# - 
#   name: geom_model_gaussian2_sigma
#   datatype: float32
[...]
#   datatype: float32
#   description: "Secondary eclipse: uncertainty of \\texttt{derivedSecondaryEclDuration}"
#   meta:
#     ucd: stat.error;time.duration
# - 
#   name: derived_secondary_ecl_depth
#   datatype: float32
#   unit: mag
#   description: "Secondary eclipse: depth"
#   meta:
#     ucd: src.var.amplitude
# - 
#   name: derived_secondary_ecl_depth_error
#   datatype: float32
#   unit: mag
#   description: "Secondary eclipse: uncertainty of \\texttt{derivedSecondaryEclDepth}"
#   meta:
#     ucd: stat.error;src.var.amplitude
solution_id,source_id,global_ranking,reference_time,frequency,frequency_error,geom_model_reference_level,geom_model_reference_level_error,geom_model_gaussian1_phase,geom_model_gaussian1_phase_error,geom_model_gaussian1_sigma,geom_model_gaussian1_sigma_error,geom_model_gaussian1_depth,geom_model_gaussian1_depth_error,geom_model_gaussian2_phase,geom_model_gaussian2_phase_error,geom_model_gaussian2_sigma,geom_model_gaussian2_sigma_error,geom_model_gaussian2_depth,geom_model_gaussian2_depth_error,geom_model_cosine_half_period_amplitude,geom_model_cosine_half_period_amplitude_error,geom_model_cosine_half_period_phase,geom_model_cosine_half_period_phase_error,model_type,num_model_parameters,reduced_chi2,derived_primary_ecl_phase,derived_primary_ecl_phase_error,derived_primary_ecl_duration,derived_primary_ecl_duration_error,derived_primary_ecl_depth,derived_primary_ecl_depth_error,derived_secondary_ecl_phase,derived_secondary_ecl_phase_error,derived_secondary_ecl_duration,derived_secondary_ecl_duration_error,derived_secondary_ecl_depth,derived_secondary_ecl_depth_error
[from data line 38]
375316653866487564,4312332673422041728,0.5606663,2213.0804461718126,2.4945034944828572,8.942198E-6,18.63512,0.010957695,0.24041528,0.009253607,0.0804771,0.009613633,0.34457362,0.013251681,0.73159367,0.0053102584,0.08696841,0.0065711937,0.36547711,0.026151497,null,null,null,null,"TWOGAUSSIANS",8,2.2605314,0.73159367,0.0053102584,0.4,0.0,0.35845932,0.027686238,0.24041528,0.009253607,0.4,0.0,0.33755586,0.017371088
375316653866487564,4312332815176707200,0.47948653,2255.499273889418,0.9368250723515547,8.465353E-5,19.623344,0.015599498,0.29452464,0.023741325,0.13642012,0.04558407,0.11364202,0.023012377,0.6563209,0.012886437,0.070632875,0.011306329,0.5202526,0.23009232,null,null,null,null,"TWOGAUSSIANS",8,3.8425553,0.6563209,0.012886437,0.39554408,0.05835056,0.52066356,0.23144254,0.29453462,0.02373352,0.4,0.0,0.110677324,0.025621498
375316653866487564,4312333605447899264,0.44388887,2239.041347277449,1.0436151228351143,1.8306613E-6,19.894438,0.013662241,0.25339147,4.8579756E-4,0.037517637,0.0018044749,0.34910572,0.013247701,null,null,null,null,null,null,null,null,null,null,"ONEGAUSSIAN",5,2.8940165,0.25339147,4.8579756E-4,0.21009877,0.0101050595,0.34910572,0.0,null,null,null,null,null,null
375316653866487564,4312333674167270400,0.47718853,2239.4740790017863,2.30259414238776,4.6924324E-5,19.332212,0.16895242,0.2143522,0.017238386,0.14548129,0.08126364,0.26630402,0.16267546,0.6803024,0.012306029,0.0999791,0.031646498,0.37404263,0.1425958,null,null,null,null,"TWOGAUSSIANS",8,3.4386888,0.6803024,0.012306029,0.4,0.0,0.3204458,0.046315018,0.2143822,0.017164508,0.4,0.0,0.2108218,0.03483538
375316653866487564,4312334464442225664,0.45480976,2132.109753950272,2.4221955092397613,1.6226545E-4,14.494105,0.017578142,0.282301,0.010539339,0.050404433,0.028827423,0.06933694,0.054400828,0.65737784,0.03443515,0.06403874,0.031588737,0.72461474,1.2661355,null,null,null,null,"TWOGAUSSIANS",8,86.869896,0.65737784,0.03443515,0.35861695,0.097865924,0.72461456,1.266164,0.282301,0.010536588,0.28226483,0.16143358,0.069336794,0.0544056
375316653866487564,4312335357797348352,0.54903644,2237.803766565228,2.877165975041736,1.7565812E-5,19.10516,0.039417613,0.27938274,0.004935361,0.08976141,0.01375798,0.3235934,0.0328824,0.78262717,0.014045159,0.09736611,0.021231767,0.36953595,0.04323091,null,null,null,null,"TWOGAUSSIANS",8,2.3593907,0.78262717,0.014045159,0.4,0.0,0.35090837,0.026519433,0.27938274,0.0049324725,0.4,0.0,0.3049671,0.020923464
375316653866487564,4312336659151782016,0.53098243,2214.4600292270516,2.845110902831494,9.346331E-6,18.191118,0.014741928,0.16019112,0.0026536598,0.07450475,0.0067242035,0.2141009,0.01993717,0.66980416,0.014024589,0.080411494,0.016205113,0.18639238,0.021684378,null,null,null,null,"TWOGAUSSIANS",8,2.5941062,0.16019112,0.0026536598,0.4,0.0019284502,0.21232255,0.019184517,0.66980416,0.014024589,0.4,0.0,0.18461402,0.022103446
375316653866487564,4312336869626142208,0.57391614,2223.866143185818,1.9149137334778352,1.0716696E-5,18.993036,0.028678881,0.2124225,0.008406924,0.047862113,0.004843537,0.35660717,0.040836323,0.710903,0.0063630384,0.04376737,0.008339813,0.48115328,0.109069765,0.13726985,0.03849188,0.2124225,0.008406924,"TWOGAUSSIANS_WITH_ELLIPSOIDAL_ON_ECLIPSE1",9,3.9418712,0.711023,0.0059007946,0.24509728,0.04670295,0.7556694,0.11459994,0.2124225,0.008406924,0.2680278,0.027123809,0.6311464,0.048189864
375316653866487564,4312338106579479296,0.48824662,2203.043083053133,2.0447482686846903,6.457243E-5,18.74563,0.0038383424,0.17246754,0.024695678,0.016416023,0.017127477,0.06767018,0.04341313,0.5139816,0.013033714,0.1053508,0.011114096,0.19426069,0.02393103,null,null,null,null,"TWOGAUSSIANS",8,2.2580807,0.5139816,0.013033714,0.4,0.0,0.1942557,0.02393576,0.17258754,0.024054997,0.09192972,0.09591387,0.068682194,0.043948162
375316653866487564,4312339137337654400,0.58410794,2224.6979113666425,3.9022698951336494,2.1688626E-5,19.507158,0.013291331,0.31837344,0.009744862,0.058253027,0.0054057953,0.7223951,0.11005901,0.8134273,0.0047817067,0.07416446,0.005267789,0.44429684,0.021632757,null,null,null,null,"TWOGAUSSIANS",8,2.093042,0.31837344,0.009744862,0.32621694,0.030272452,0.7216384,0.109921105,0.8134273,0.0047817067,0.4,0.0,0.4435401,0.021599771
375316653866487564,4312339270487351552,0.5211364,2153.3092022560104,4.263429383574383,3.715157E-5,19.568884,0.53512,0.36979583,0.008679039,0.2253614,0.10547391,0.49789256,0.519,0.89888656,0.006171127,0.045569498,0.017163597,0.08559946,0.025598595,null,null,null,null,"TWOGAUSSIANS",8,1.7950708,0.36979583,0.008679039,0.4,0.0,0.38904488,0.012322291,0.9044266,0.00677228,0.2551892,0.09611615,0.06497019,0.01568521
375316653866487564,4312339584013846784,0.4954653,2192.430370875011,1.8598035421715289,8.019141E-6,18.472849,0.0075961193,0.32469872,0.0044952924,0.03146905,0.00949013,0.36444315,0.15748924,0.7893454,0.01663276,0.0346987,0.012139174,0.1991243,0.10772991,null,null,null,null,"TWOGAUSSIANS",8,3.3191347,0.32469872,0.0044952924,0.17622669,0.053144727,0.36444315,0.15748924,0.7893454,0.01663276,0.1943127,0.06797937,0.1991243,0.10772991
375316653866487564,4312340408647809408,0.47630858,2201.4352711485662,1.4153839174792426,1.8090623E-5,18.619629,0.004020691,0.26927593,0.0052079577,0.04891968,0.0046669594,0.2186927,0.01319551,null,null,null,null,null,null,null,null,null,null,"ONEGAUSSIAN",5,2.0837755,0.26927593,0.0052079577,0.27395022,0.026134973,0.2186927,0.0,null,null,null,null,null,null
375316653866487564,4312340679237261440,0.49266642,2183.8641266812247,0.6486440352303272,1.1274657E-5,19.835413,0.006782144,0.2833062,0.010554019,0.038334955,0.006033925,0.34348655,0.07329524,0.78464407,0.011354146,0.025268722,0.020750942,0.058961283,0.020837218,null,null,null,null,"TWOGAUSSIANS",8,1.1407323,0.2833062,0.010554019,0.21467574,0.033789977,0.34348655,0.07329524,0.78464407,0.011354146,0.14150484,0.11620527,0.058961283,0.02083722
375316653866487564,4312342057919926272,0.536921,2225.4153376688814,3.685780837468764,2.0735397E-5,19.665337,0.0063586705,0.17392236,0.04293914,0.030245908,0.013623642,0.31162402,0.7230335,0.46582708,0.010381772,0.025361914,0.020699985,0.96427226,2563843.0,null,null,null,null,"TWOGAUSSIANS",8,0.7991179,0.46582708,0.010381772,0.14202672,0.11591992,0.96427226,2563843.0,0.17392236,0.04293914,0.16937709,0.076292396,0.31162402,0.7230335
375316653866487564,4312342092279614976,0.5493117,2254.242118006134,3.048160138593568,1.8487453E-5,18.604784,0.03490086,0.29035208,0.006065942,0.07542153,0.01200216,0.43359867,0.043730296,0.78478336,0.009791146,0.0757157,0.020180777,0.35673562,0.042766258,null,null,null,null,"TWOGAUSSIANS",8,4.0111837,0.29035208,0.006065942,0.4,0.023130793,0.43067637,0.04339695,0.78478336,0.009791146,0.4,0.047480404,0.35381335,0.043632332
375316653866487564,4312342122350562816,0.5670002,2230.923966994428,2.173966096933633,9.962019E-6,19.234133,0.011604834,0.30970287,0.0048297206,0.09156222,0.009144313,0.42913073,0.0875301,0.8053542,0.003015071,0.07866504,0.00481999,0.5482708,0.03453155,null,null,null,null,"TWOGAUSSIANS",8,0.72293526,0.8053542,0.003015071,0.4,0.0,0.5364048,0.03851061,0.30970287,0.0048297206,0.4,0.0,0.4172644,0.09111073
375316653866487564,4312343123071379968,0.44455808,2238.120410911696,0.8327317647218588,1.1555031E-4,18.819162,0.01001598,0.35014194,0.06872479,0.14564657,0.049367182,0.08466841,0.034096215,0.74125665,0.008995966,0.030321036,0.0055291676,0.31351745,0.05526389,null,null,null,null,"TWOGAUSSIANS",8,2.6778295,0.74125665,0.008995966,0.16979781,0.030963339,0.3152789,0.056396034,0.35014194,0.06872479,0.4,0.0,0.08411573,0.034309074
375316653866487564,4312343947701769984,0.55403805,2194.9853676039615,3.148309886227598,2.5159568E-5,19.253454,0.014755873,0.31425303,0.0046855067,0.0588144,0.004349461,0.6790753,0.036079597,0.82183903,0.021016354,0.0616431,0.0137292845,0.42727548,0.14820892,null,null,null,null,"TWOGAUSSIANS",8,3.3011065,0.31425303,0.0046855067,0.32936063,0.02435698,0.67892617,0.03602367,0.82183903,0.021016354,0.34520137,0.07114858,0.4271264,0.14814693
375316653866487564,4312347830351506560,0.5751545,2117.1520679927166,2.762861021116078,2.4157463E-5,18.996706,0.0168526,0.31122863,0.005161605,0.07653467,0.0055292533,0.5017785,0.038706105,0.80879986,0.006979138,0.06910069,0.008574655,0.42950937,0.028571365,null,null,null,null,"TWOGAUSSIANS",8,3.385844,0.31122863,0.005161605,0.4,0.0,0.49935436,0.038623016,0.80879986,0.006979138,0.38696387,0.04801807,0.42708525,0.028840603
375316653866487564,4312348105269828352,0.5726192,2117.2588162422835,3.016843572156188,1.9091505E-5,19.78035,0.0100129545,0.28154635,0.0069161654,0.060962092,0.0045842533,0.6630011,0.049765885,0.775432,0.0017013311,0.05837388,0.0025191095,0.5741275,0.033716395,null,null,null,null,"TWOGAUSSIANS",8,1.4089553,0.28154635,0.0069161654,0.34138772,0.02567182,0.66284764,0.049840026,0.775432,0.0017013311,0.32689372,0.014107013,0.573974,0.033734575
375316653866487564,4312348208308807424,0.5408425,2090.790712411533,2.3001038833028313,4.6363944E-5,19.870626,0.034013323,0.24057172,0.02783041,0.06119502,0.033652425,0.55267733,0.036099866,0.74695164,0.011148364,0.06682734,0.011254052,0.6308298,0.1216501,null,null,null,null,"TWOGAUSSIANS",8,3.5489764,0.74695164,0.011148364,0.3742331,0.055465497,0.6303558,0.1208332,0.24057172,0.02783041,0.3426921,0.06866936,0.5522033,0.03557795
375316653866487564,4312348620625279616,0.5090908,2153.5666201108343,3.129516663676337,4.3927845E-5,19.648136,0.014641962,0.2646732,0.020686846,0.063120544,0.015032256,0.39940852,0.044180043,0.7671119,0.021623412,0.070765026,0.010991356,0.38260567,0.14612332,null,null,null,null,"TWOGAUSSIANS",8,2.6214,0.2646732,0.020686846,0.35347503,0.0793829,0.39872652,0.043825824,0.7671119,0.021623412,0.39628416,0.053539075,0.38192365,0.14616789
375316653866487564,4312349440973354112,0.5355379,2189.625416002031,2.7218987627441313,7.526574E-5,18.888708,0.01739348,0.2757777,0.009325204,0.06355066,0.0058617857,0.3993555,0.024652667,0.7787726,0.012251751,0.069399245,0.013374006,0.40686482,0.030378524,null,null,null,null,"TWOGAUSSIANS",8,7.149494,0.7787726,0.012251751,0.38863575,0.032407086,0.40623665,0.030755067,0.2757777,0.009325204,0.3558837,0.032826003,0.39872733,0.024025083
375316653866487564,4312349440973356416,0.56606907,2170.8572521612027,1.2796356383820027,1.1613019E-5,19.10134,0.025862927,0.30706075,0.0049819294,0.08412385,0.008920707,0.35411528,0.03387941,0.8095641,0.0020130617,0.07046838,0.0072760107,0.73961776,0.07365458,null,null,null,null,"TWOGAUSSIANS",8,4.3110914,0.8095641,0.0020130617,0.39462292,0.020109082,0.73465997,0.07676132,0.30706075,0.0049819294,0.4,0.0,0.34915745,0.03232297
375316653866487564,4312349651417682048,0.47489563,2160.7001341781197,0.742264380314184,4.9808856E-5,19.57826,0.021144375,0.2680181,0.015658513,0.09596066,0.03008979,0.397458,0.22288395,0.82406974,0.009333742,0.018427094,0.004334025,0.30620903,0.10063644,null,null,null,null,"TWOGAUSSIANS",8,2.4047396,0.2680181,0.015658513,0.4,0.0,0.39745355,0.22291996,0.82406974,0.00933328,0.103191726,0.02427054,0.3062136,0.100644186
375316653866487564,4312350922728393984,0.5265481,2155.8945446774133,1.9688827205383017,1.5551423E-5,19.555597,0.042661946,0.735468,0.0067506293,0.035685778,0.009951599,0.22453372,0.1430811,null,null,null,null,null,null,0.20303452,0.058321495,0.735468,0.0067506293,"ONEGAUSSIAN_WITH_ELLIPSOIDAL",6,5.682857,0.735468,0.0067506293,0.19984035,0.055728957,0.6306028,0.087436356,null,null,null,null,null,null
375316653866487564,4312351094560821120,0.57778,2163.1504170673443,3.5228434461276743,9.691995E-6,14.286808,0.010615803,0.22377601,0.0039424933,0.04486227,0.005672207,0.30814454,0.045350302,0.7352758,0.0036741905,0.03669328,0.0062551,0.13434495,0.034001242,0.13123022,0.013230255,0.7352758,0.0036741905,"TWOGAUSSIANS_WITH_ELLIPSOIDAL_ON_ECLIPSE2",9,421.25226,0.22514601,0.0033362934,0.25122872,0.031764362,0.56939906,0.047276735,0.7352758,0.0036741905,0.20548236,0.035028562,0.3968049,0.031861685
375316653866487564,4312351713002456832,0.4896815,2172.867195326815,0.20054748594231323,2.8940043E-5,19.906343,0.023329765,0.18635622,0.029117556,0.07871963,0.038479295,0.1798055,0.15136476,0.7608348,6.1815364E-5,0.0080520855,6.6318235E-4,0.7213513,0.017258817,null,null,null,null,"TWOGAUSSIANS",8,2.7103493,0.7608348,6.1815364E-5,0.04509168,0.003713821,0.7213514,0.017255899,0.18635622,0.029117556,0.4,0.086437166,0.1798055,0.15136588
375316653866487564,4312352537669888896,0.52646476,2155.694064218409,0.4539861051801427,5.0634295E-5,15.915899,0.0038648597,0.29876488,0.014911316,0.048805803,0.03237615,0.18659543,0.12305865,0.78551847,0.009139864,0.032648336,0.011071011,0.20297761,0.12675793,null,null,null,null,"TWOGAUSSIANS",8,18.690788,0.78551847,0.009139864,0.18283068,0.061997663,0.20297761,0.1267583,0.29876488,0.014911316,0.27331248,0.12723567,0.18659543,0.12306798
375316653866487564,4312353499742464256,0.6044459,2168.2969105705106,3.367529107401294,1.387378E-5,16.180372,0.006725739,0.21637277,0.0020269977,0.0767691,0.0024134747,0.45522094,0.009463777,0.71232426,0.0023438607,0.08394745,0.0037248344,0.508765,0.03607236,null,null,null,null,"TWOGAUSSIANS",8,26.766869,0.71232426,0.0023438607,0.4,0.0,0.5017155,0.037305977,0.21637277,0.0020269977,0.4,0.0,0.44817147,0.008785727
375316653866487564,4312354427421844224,0.5772225,2135.1423507091354,0.6236664408856144,2.7059003E-5,19.282574,0.00743452,0.30201828,0.003142208,0.04661883,0.0036889196,0.67151624,0.0473644,0.81108344,0.008335931,0.0558979,0.006452969,0.257617,0.034357447,null,null,null,null,"TWOGAUSSIANS",8,1.5061595,0.30201828,0.003142208,0.26106545,0.02065795,0.6715128,0.047366094,0.81108344,0.008335931,0.31302825,0.036136627,0.2576135,0.03435805
375316653866487564,4312356385930480128,0.6109856,2300.3630721353297,0.9191603573772684,6.273896E-6,17.962294,0.0043069697,0.2052435,0.009134501,0.031566814,0.0049327035,0.40297008,0.10730764,0.70237595,4.905147E-4,0.027757278,6.5970747E-4,0.6815306,0.004762779,null,null,null,null,"TWOGAUSSIANS",8,4.7175946,0.70237595,4.905147E-4,0.15544076,0.0036943618,0.6815306,0.004762779,0.2052435,0.009134501,0.17677416,0.02762314,0.40297008,0.10730764
375316653866487564,4312357378074670592,0.5452182,2169.178781406418,1.6915145402962501,1.1828335E-5,19.453989,0.005879385,0.23222396,0.0034736309,0.036732446,0.0058762147,0.35414988,0.020182995,null,null,null,null,null,null,0.12195229,0.009276027,0.23222396,0.0034736309,"ONEGAUSSIAN_WITH_ELLIPSOIDAL",6,2.80003,0.23222396,0.0034736309,0.2057017,0.032906804,0.5980539,0.023964461,null,null,null,null,null,null
375316653866487564,4312357893466710144,0.4601205,2181.794102373977,0.9496429281348071,5.511855E-6,19.893232,0.016299998,0.30413157,0.02483326,0.053301696,0.033058625,0.3244502,0.19787094,0.81689644,0.01719647,0.048501983,0.009411701,0.18423767,0.025348838,null,null,null,null,"TWOGAUSSIANS",8,2.4474618,0.30413157,0.02483326,0.2984895,0.1851283,0.32444867,0.19787385,0.81689644,0.01719647,0.2716111,0.052705526,0.18423614,0.025344701
375316653866487564,4312358894191217152,0.4822937,2234.451200139482,2.6818218025456706,1.1426389E-4,19.75576,0.014133557,0.23792073,0.015704185,0.08155267,0.015817532,0.38535556,0.04001001,0.7319381,0.0042412593,0.07359834,0.007928398,0.39577883,0.021204978,null,null,null,null,"TWOGAUSSIANS",8,3.2568932,0.7319381,0.0042412593,0.4,0.01215343,0.391957,0.022255572,0.23792073,0.015704185,0.4,0.0016554353,0.38153374,0.04102903
375316653866487564,4312360096782075776,0.46119148,2258.104901426899,3.3545480664748912,2.3561295E-5,19.378323,0.008364047,null,null,null,null,null,null,null,null,null,null,null,null,0.1318058,0.015869182,0.27224466,0.0056578643,"ELLIPSOIDAL",4,5.5939627,null,null,null,null,null,null,null,null,null,null,null,null
