Gaia/vari_eclipsing_binary/VariEclipsingBinary_060362-060555.csv
# %ECSV 1.0
# ---
# delimiter: ','
# meta: !!omap
# - RELEASE: Gaia DR3
# - TABLE: vari_eclipsing_binary
# - DESCRIPTION: >
#     This table describes the properties of the eclipsing binaries resulting from the variability analysis. 
# - CITATION: >
#     How to cite and acknowledge Gaia: 
#     https://gea.esac.esa.int/archive/documentation/credits.html 
# - KNOWN_ISSUES: >
#     Known issues: 
#     https://www.cosmos.esa.int/web/gaia-users/known-issues 
# - DOCUMENTATION: >
#     Tutorials and documentation: 
#     https://www.cosmos.esa.int/web/gaia-users/archive 
# datatype:
# - 
#   name: solution_id
#   datatype: int64
#   description: Solution Identifier
#   meta:
#     ucd: meta.version
# - 
#   name: source_id
#   datatype: int64
#   description: Unique source identifier
#   meta:
#     ucd: meta.id;meta.main
# - 
#   name: global_ranking
#   datatype: float32
#   description: Number between 0 (worst) and 1 (best)
#   meta:
#     ucd: stat.param
# - 
#   name: reference_time
#   datatype: float64
#   unit: d
#   description: Reference time used for the geometric model fit
#   meta:
#     ucd: time.epoch
# - 
#   name: frequency
#   datatype: float64
#   unit: d**-1
#   description: Frequency of geometric model of the eclipsing binary light curve
#   meta:
#     ucd: src.orbital
# - 
#   name: frequency_error
#   datatype: float32
#   unit: d**-1
#   description: "Uncertainty of \\texttt{frequency}"
#   meta:
#     ucd: stat.error
# - 
#   name: geom_model_reference_level
#   datatype: float32
#   unit: mag
#   description: Magnitude reference level of geometric model
#   meta:
#     ucd: phot.mag;em.opt
# - 
#   name: geom_model_reference_level_error
#   datatype: float32
#   unit: mag
#   description: "Uncertainty of \\texttt{geomModelReferenceLevel}"
#   meta:
#     ucd: stat.error;phot.mag;em.opt
# - 
#   name: geom_model_gaussian1_phase
#   datatype: float32
#   description: Phase of the Gaussian 1 component
#   meta:
#     ucd: time.phase
# - 
#   name: geom_model_gaussian1_phase_error
#   datatype: float32
#   description: "Uncertainty of \\texttt{geomModelGaussian1Phase}"
#   meta:
#     ucd: stat.error;time.phase
# - 
#   name: geom_model_gaussian1_sigma
#   datatype: float32
#   description: "Standard deviation [phase] of Gaussian 1 component"
#   meta:
#     ucd: stat.stdev
# - 
#   name: geom_model_gaussian1_sigma_error
#   datatype: float32
#   description: "Uncertainty of \\texttt{geomModelGaussian1Sigma}"
#   meta:
#     ucd: stat.error
# - 
#   name: geom_model_gaussian1_depth
#   datatype: float32
#   unit: mag
#   description: Magnitude depth of Gaussian 1 component
#   meta:
#     ucd: src.var.amplitude
# - 
#   name: geom_model_gaussian1_depth_error
#   datatype: float32
#   unit: mag
#   description: "Uncertainty of \\texttt{geomModelGaussian1Depth}"
#   meta:
#     ucd: stat.error;src.var.amplitude
# - 
#   name: geom_model_gaussian2_phase
#   datatype: float32
#   description: Phase of Gaussian 2 component
#   meta:
#     ucd: time.phase
# - 
#   name: geom_model_gaussian2_phase_error
#   datatype: float32
#   description: "Uncertainty of \\texttt{geomModelGaussian2Phase}"
#   meta:
#     ucd: stat.error;time.phase
# - 
#   name: geom_model_gaussian2_sigma
#   datatype: float32
[...]
#   datatype: float32
#   description: "Secondary eclipse: uncertainty of \\texttt{derivedSecondaryEclDuration}"
#   meta:
#     ucd: stat.error;time.duration
# - 
#   name: derived_secondary_ecl_depth
#   datatype: float32
#   unit: mag
#   description: "Secondary eclipse: depth"
#   meta:
#     ucd: src.var.amplitude
# - 
#   name: derived_secondary_ecl_depth_error
#   datatype: float32
#   unit: mag
#   description: "Secondary eclipse: uncertainty of \\texttt{derivedSecondaryEclDepth}"
#   meta:
#     ucd: stat.error;src.var.amplitude
solution_id,source_id,global_ranking,reference_time,frequency,frequency_error,geom_model_reference_level,geom_model_reference_level_error,geom_model_gaussian1_phase,geom_model_gaussian1_phase_error,geom_model_gaussian1_sigma,geom_model_gaussian1_sigma_error,geom_model_gaussian1_depth,geom_model_gaussian1_depth_error,geom_model_gaussian2_phase,geom_model_gaussian2_phase_error,geom_model_gaussian2_sigma,geom_model_gaussian2_sigma_error,geom_model_gaussian2_depth,geom_model_gaussian2_depth_error,geom_model_cosine_half_period_amplitude,geom_model_cosine_half_period_amplitude_error,geom_model_cosine_half_period_phase,geom_model_cosine_half_period_phase_error,model_type,num_model_parameters,reduced_chi2,derived_primary_ecl_phase,derived_primary_ecl_phase_error,derived_primary_ecl_duration,derived_primary_ecl_duration_error,derived_primary_ecl_depth,derived_primary_ecl_depth_error,derived_secondary_ecl_phase,derived_secondary_ecl_phase_error,derived_secondary_ecl_duration,derived_secondary_ecl_duration_error,derived_secondary_ecl_depth,derived_secondary_ecl_depth_error
[from data line 220]
375316653866487564,531480045150982656,0.6430803,2207.2199160412556,2.7386508280619015,3.219643E-6,15.755881,0.0076154545,0.26134357,0.0013669962,0.050326187,0.0031659487,0.39319763,0.016690036,0.7644015,7.807339E-4,0.04573699,0.0018634973,0.33540857,0.017441425,0.11151512,0.010789995,0.26134357,0.0013669962,"TWOGAUSSIANS_WITH_ELLIPSOIDAL_ON_ECLIPSE1",9,30.975649,0.26134357,0.0013669962,0.28182665,0.017729312,0.61622584,0.010681254,0.7644015,7.807339E-4,0.25612715,0.010435585,0.5583545,0.007957271
375316653866487564,531480796763939328,0.50430685,2203.8282277512412,3.7302020439855696,9.363133E-6,18.06331,0.003277885,0.27019313,0.0037299548,0.006543073,0.002073725,0.37725827,0.050399717,0.8084812,0.03606292,0.054401282,0.019601148,0.012694602,0.0061846706,null,null,null,null,"TWOGAUSSIANS",8,6.3065853,0.27019313,0.0037299548,0.03664121,0.01161286,0.37725827,0.050399717,0.8084812,0.03606292,0.30464718,0.10976643,0.012694602,0.0061846706
375316653866487564,531481350820967936,0.59625196,2212.034532191994,1.5024431829095135,5.624682E-6,17.005028,0.0020603056,0.25410742,0.0014501432,0.03478651,0.0020545693,0.09487138,0.005558657,0.7546444,0.0035069257,0.04513068,0.0029029928,0.12680767,0.009403283,0.034773648,0.0026335088,0.25410742,0.0014501432,"TWOGAUSSIANS_WITH_ELLIPSOIDAL_ON_ECLIPSE1",9,2.3507564,0.7546444,0.0032970898,0.25273183,0.016256759,0.19635412,0.0090500545,0.25410742,0.0014501432,0.19480446,0.011505588,0.16441862,0.0037845662
375316653866487564,531484030880435456,0.45936996,2211.9351618614123,0.5752795664776043,2.4297857E-5,17.927357,0.0021789228,0.15023443,0.0017289307,0.0090476,0.002240885,0.015364234,0.005191895,0.79060227,0.006092155,0.032010578,0.004124272,0.05925999,0.0061641145,0.021233156,0.0026265443,0.79060227,0.006092155,"TWOGAUSSIANS_WITH_ELLIPSOIDAL_ON_ECLIPSE2",9,5.3038507,0.79060227,0.006092155,0.17925924,0.023095924,0.10172629,0.006840886,0.15165442,0.0018159049,0.050666563,0.012548957,0.032706723,0.0051758415
375316653866487564,531485400971951616,0.5284478,2232.0381867832143,1.4845256109829088,2.5349776E-5,17.53904,0.010951723,0.25647396,0.018171085,0.051017575,0.034911077,0.11055825,0.015801499,0.76788247,0.006006423,0.02980869,0.010833843,0.054037154,0.043250963,0.020364843,0.011396436,0.25647396,0.018171085,"TWOGAUSSIANS_WITH_ELLIPSOIDAL_ON_ECLIPSE1",9,3.2580438,0.25647396,0.018171085,0.2856984,0.19550203,0.15128726,0.014677328,0.76788247,0.006006423,0.16692866,0.060669515,0.09455724,0.03480631
375316653866487564,531486126824806272,0.5432676,2227.923372196659,0.37050650944274316,1.6632066E-6,16.38873,9.657227E-4,0.105048746,1.2504096E-4,0.012274949,3.9222717E-4,0.11475405,0.0034178444,0.6047318,0.0022180714,0.011983235,0.005402739,0.10406744,0.10121666,0.005172129,0.001855905,0.105048746,1.2504096E-4,"TWOGAUSSIANS_WITH_ELLIPSOIDAL_ON_ECLIPSE1",9,2.9210887,0.105048746,1.2504096E-4,0.06873971,0.0021964721,0.12509829,0.0043227053,0.6047318,0.0022180714,0.06710612,0.03025534,0.11441164,0.102052554
375316653866487564,531486745299867904,0.4848843,2220.490050766234,3.3607957882467923,1.9276218E-5,12.553256,0.09261851,0.22965339,0.0037381314,0.14455718,0.020898266,0.58043355,0.2049287,0.706136,0.010393135,0.33919087,0.032029733,1.5206016,0.10406144,null,null,null,null,"TWOGAUSSIANS",8,522.9408,0.24382338,0.0056305104,0.4,0.0,0.22831947,0.0158918,0.706136,0.010393135,0.4,0.0,0.1803488,0.011215409
375316653866487564,531487776092005248,0.5898158,2184.787583702476,1.301281875293779,5.1592647E-6,17.745255,0.009790993,0.20294331,0.0015599573,0.049327623,0.0032832636,0.31276044,0.0251597,0.69731057,0.005121628,0.04867496,0.006712329,0.19261171,0.023246957,0.07279477,0.0142294625,0.20294331,0.0015599573,"TWOGAUSSIANS_WITH_ELLIPSOIDAL_ON_ECLIPSE1",9,7.607619,0.20294331,0.0015599573,0.2762347,0.018386276,0.45834896,0.017694382,0.69801056,0.0044793817,0.2725798,0.037589043,0.3380405,0.010872614
375316653866487564,531488802586102144,0.48507974,2187.8892547106425,1.0454339734798699,7.2167554E-6,18.540388,0.0024223477,0.34789392,0.0027882627,0.030401574,0.00460662,0.1876772,0.048326917,0.83098716,0.0013797975,0.0135900425,0.0043202927,0.68896616,1.724774,0.0434326,0.006794497,0.34789392,0.0027882627,"TWOGAUSSIANS_WITH_ELLIPSOIDAL_ON_ECLIPSE1",9,3.1972713,0.8310172,0.0014071945,0.07610424,0.02419364,0.7748564,1.7254778,0.34789392,0.0027882627,0.1702488,0.025797073,0.27454227,0.05185941
375316653866487564,531489597158079360,0.59528404,2193.2197067992015,0.27299989841113065,5.70555E-6,14.84009,0.002998436,0.751005,5.1902834E-4,0.020108987,6.715768E-4,0.46694997,0.0086325435,null,null,null,null,null,null,0.013369686,0.004932363,0.751005,5.1902834E-4,"ONEGAUSSIAN_WITH_ELLIPSOIDAL",6,65.38218,0.751005,5.1902834E-4,0.112610325,0.0037608303,0.49368933,0.0066934344,null,null,null,null,null,null
375316653866487564,531493136211129216,0.61472017,2219.8719649068003,1.9343027107334738,7.5441376E-6,15.804399,0.0061519644,0.30176127,0.0019958331,0.08794166,0.0035579968,0.29055238,0.0056952788,0.8120038,0.0024509782,0.09512517,0.0030891125,0.2894843,0.009059966,null,null,null,null,"TWOGAUSSIANS",8,16.437414,0.30176127,0.0019958331,0.4,0.0,0.27863672,0.0041719065,0.8120038,0.0024509782,0.4,0.0,0.27756804,0.008468122
375316653866487564,531498114071350016,0.48836383,2188.869515939816,1.9704762829484486,3.1303563E-5,18.080463,0.011833018,0.31180492,0.013526827,0.0991711,0.014169913,0.14736938,0.021261878,0.8207316,0.0057824776,0.0903948,0.009872719,0.13802369,0.01153923,null,null,null,null,"TWOGAUSSIANS",8,3.4284468,0.31180492,0.013526827,0.4,0.0,0.1396018,0.020007621,0.8207316,0.005780912,0.4,0.0,0.13025701,0.007050991
375316653866487564,531500248677778048,0.48957768,2236.1576355151687,3.1202347196753792,2.0621828E-5,18.53199,0.0502173,0.22704963,0.006057311,0.115564495,0.026658952,0.19711398,0.043415207,0.7131806,0.0057675233,0.11796946,0.020666232,0.22519733,0.04801586,null,null,null,null,"TWOGAUSSIANS",8,2.8740866,0.7131806,0.0057675233,0.4,0.0,0.1877902,0.010084524,0.22711964,0.0060849437,0.4,0.0,0.15973184,0.012527939
375316653866487564,531501382549180416,0.50362426,2211.815611985215,0.6197658870449433,2.5885678E-5,15.676093,0.0010109771,null,null,null,null,null,null,null,null,null,null,null,null,0.02081861,0.0011584985,0.23763166,0.005619257,"ELLIPSOIDAL",4,5.7054167,null,null,null,null,null,null,null,null,null,null,null,null
375316653866487564,531504608062323072,0.52978677,2186.866416988157,3.4503018509793266,9.705717E-6,19.209787,0.011901071,0.27584234,0.004383502,0.0931871,0.007335483,0.2816324,0.014658715,0.77032673,0.004146343,0.08943927,0.0052118516,0.3511381,0.018484237,null,null,null,null,"TWOGAUSSIANS",8,1.4896451,0.77032673,0.004146343,0.4,0.0,0.33754897,0.016724195,0.27584234,0.004383502,0.4,0.0,0.26804307,0.014037204
375316653866487564,531508529374660608,0.5686463,2211.7464733128595,3.364206333607682,9.548231E-6,15.376994,0.0021082987,0.13780966,0.002102335,0.038679555,0.0070536463,0.05039171,0.007997794,0.6472831,0.00536535,0.02855982,0.0036623096,0.07092633,0.0078355465,0.068789996,0.0029375104,0.13780966,0.002102335,"TWOGAUSSIANS_WITH_ELLIPSOIDAL_ON_ECLIPSE1",9,20.81918,0.6472831,0.00536535,0.159935,0.020508934,0.2080194,0.0068807965,0.13780966,0.002102335,0.21660551,0.03950042,0.18797167,0.007719828
375316653866487564,531510792817041792,0.49833667,2211.3211710620367,3.3410357788833243,1.1179734E-5,19.166271,0.022504747,0.23094341,0.004211113,0.09822464,0.010436417,0.22160798,0.02140748,0.7321098,0.010415486,0.10411546,0.017904567,0.24719027,0.02002809,null,null,null,null,"TWOGAUSSIANS",8,1.7186064,0.7321098,0.010415486,0.4,0.0,0.2253796,0.015773011,0.23094341,0.004211113,0.4,0.0,0.19980113,0.009231258
375316653866487564,531512613888510848,0.52135,2199.135584764329,2.8579649390581885,1.17008085E-5,19.525013,0.013231334,0.22963494,0.0065251603,0.08117057,0.009353657,0.34256634,0.050982356,0.7279084,0.0030640184,0.07990964,0.0043352754,0.59243345,0.032185778,null,null,null,null,"TWOGAUSSIANS",8,2.1909645,0.7279084,0.0030640184,0.4,0.0,0.58543354,0.032831516,0.22963494,0.0065251603,0.4,0.0,0.33556643,0.053455714
375316653866487564,531513026201998848,0.5055216,2224.1013770805716,3.1605506650318813,1.8140689E-5,17.016756,0.0035496638,0.34751222,0.0066955346,0.09662007,0.0128167905,0.053821575,0.003906655,0.8458804,0.0026253203,0.07831335,0.006170587,0.06934254,0.0052791736,null,null,null,null,"TWOGAUSSIANS",8,1.97253,0.8458804,0.0026253203,0.4,0.0,0.06738511,0.0051724175,0.34751222,0.0066955346,0.4,0.0,0.05186398,0.0036271447
375316653866487564,531513060561730176,0.55578417,2204.3807349290964,2.615954098960411,1.0335541E-5,19.57845,0.019097226,0.23350495,0.004455549,0.07599254,0.00947664,0.56618893,0.035483547,0.7498761,0.0061147143,0.07767745,0.0049681677,0.56652015,0.034393515,null,null,null,null,"TWOGAUSSIANS",8,2.6316736,0.7498761,0.0061147143,0.4,0.0,0.56251836,0.03366305,0.23350495,0.004455549,0.4,0.0,0.56218714,0.037900887
375316653866487564,531513747754185728,0.54900354,2187.44136355603,2.33039077177362,1.1065682E-5,19.564743,0.008279372,0.18967772,0.003944344,0.062652625,0.0030004892,0.47822008,0.022546517,0.6898565,0.010725297,0.06547935,0.009096224,0.6234902,0.11950209,null,null,null,null,"TWOGAUSSIANS",8,1.6930597,0.6898565,0.010725297,0.36668438,0.050938856,0.6229528,0.11998389,0.18967772,0.003944344,0.3508547,0.01680274,0.47768268,0.022560429
375316653866487564,531518455038516224,0.50374615,2185.4462859128926,0.45113004196338286,1.6548647E-5,18.18422,0.002867483,0.09250273,0.0028518892,0.0114345215,0.0055590677,0.1503923,0.44596383,0.58673394,0.0020725203,0.0096562905,0.003700948,0.25560415,0.0692387,null,null,null,null,"TWOGAUSSIANS",8,3.9830925,0.58673394,0.0020725203,0.05407523,0.02072531,0.25560415,0.0692387,0.09250273,0.0028518892,0.06403332,0.03113078,0.1503923,0.44596383
375316653866487564,531525601864828672,0.46584156,2228.8461954371583,3.213837476553114,4.5193647E-5,18.920683,0.0152810095,0.2550035,0.008974978,0.06837556,0.008611385,0.45191374,0.05879371,0.74643666,0.0147055695,0.039698765,0.0077333474,0.5588353,0.032164223,null,null,null,null,"TWOGAUSSIANS",8,28.07763,0.74643666,0.0147055695,0.22231309,0.043306746,0.5588207,0.032167256,0.2550035,0.008974978,0.38290313,0.038741592,0.45189914,0.05880334
375316653866487564,531525773663533184,0.47090572,2206.9327996825314,2.0768774253618405,1.3270014E-5,19.479895,0.008716623,0.23428787,0.005324149,0.04268511,0.0139905475,0.035547752,0.03257128,0.7316036,0.031756625,0.04258546,0.026737656,0.11623631,0.12870762,0.075772,0.013250626,0.23428787,0.005324149,"TWOGAUSSIANS_WITH_ELLIPSOIDAL_ON_ECLIPSE1",9,2.6091957,0.73202366,0.030141365,0.23847857,0.14973088,0.26774377,0.1314576,0.23428787,0.005324149,0.23903662,0.078347065,0.18709151,0.018910898
375316653866487564,531526082900880512,0.53319734,2181.3889246114422,2.6417833496037364,7.5943453E-6,17.848507,0.025684772,0.3139768,0.0047046053,0.07332063,0.007682882,0.6570225,0.045352463,0.8421397,0.0028554832,0.07509582,0.0074824076,0.3235018,0.02469638,null,null,null,null,"TWOGAUSSIANS",8,21.330938,0.3139768,0.0047046053,0.4,0.010034867,0.6553988,0.046035174,0.8421397,0.0028554832,0.4,0.004797878,0.32187808,0.023502894
375316653866487564,531526568237118848,0.5807045,2175.9549622570917,2.577403472837147,6.188942E-6,18.990364,0.013533855,0.27892503,0.0021781859,0.042513423,0.0041706273,0.4223347,0.09818672,0.77980417,0.0035855933,0.042241547,0.0047799246,0.43977192,0.032349583,0.13602626,0.017403152,0.27892503,0.0021781859,"TWOGAUSSIANS_WITH_ELLIPSOIDAL_ON_ECLIPSE1",9,4.066513,0.77980417,0.0035422293,0.23655266,0.02676758,0.711816,0.020495532,0.27892503,0.0021781859,0.23807517,0.023355514,0.6943871,0.09720209
375316653866487564,531526774395545344,0.5343452,2194.0737583573155,2.877996936354479,7.2010607E-6,17.152933,0.004057892,0.28485778,0.0021026947,0.083641216,0.0044172457,0.12405813,0.0040724925,0.7931609,0.0030940736,0.083657764,0.00469892,0.12700495,0.005782722,null,null,null,null,"TWOGAUSSIANS",8,3.1237533,0.7931609,0.0030940736,0.4,0.0,0.12452057,0.0055714822,0.28485778,0.0021026947,0.4,0.0,0.12157375,0.0037221748
375316653866487564,531527805180110976,0.5404866,2188.1354001226127,3.696542837815785,1.2087896E-5,19.84956,0.01675608,0.23984168,0.0034415617,0.071406856,0.006326433,0.65703183,0.058224246,0.7476553,0.0035983315,0.073526956,0.005299808,0.59951824,0.021279778,null,null,null,null,"TWOGAUSSIANS",8,2.6153953,0.23984168,0.0034415617,0.39987838,0.020861479,0.6543245,0.05936946,0.7476553,0.0035983315,0.4,0.005310489,0.5968109,0.02111276
375316653866487564,531530171710253952,0.5951954,2191.5964994803016,0.6116314084705671,1.7946635E-6,17.89334,0.0021289159,0.20157276,0.018359741,0.022935057,0.020818565,0.24771574,4.935656,0.70292145,8.322595E-4,0.022624468,6.6886155E-4,0.42679146,0.012222728,null,null,null,null,"TWOGAUSSIANS",8,2.8647206,0.70292145,8.322595E-4,0.12669702,0.0037456248,0.42679146,0.012222728,0.20157276,0.018359741,0.12843633,0.116583966,0.24771574,4.935656
375316653866487564,531530480947221504,0.5162648,2213.425400339076,3.2494222347906088,1.1361291E-5,18.921137,0.0060756267,0.8133984,0.050740678,0.03574616,0.018466508,0.047526065,0.033633385,0.55661243,0.0019243457,0.06933907,0.0026786965,0.46056333,0.0208375,null,null,null,null,"TWOGAUSSIANS",8,3.9785695,0.55661243,0.0019227334,0.38829878,0.0150007,0.46056333,0.020838846,0.8126784,0.2515407,0.20017849,0.10341244,0.04801976,0.40712652
375316653866487564,531532027135650944,0.54159284,2213.0687346443883,2.758271671854442,1.655435E-5,18.67146,0.014701687,0.24835871,0.0029570295,0.092330605,0.0054492904,0.32512602,0.014946355,0.7514854,0.004661694,0.0936135,0.008604889,0.31167945,0.014451799,null,null,null,null,"TWOGAUSSIANS",8,3.5623014,0.24835871,0.0029570295,0.4,0.0,0.3087579,0.010197912,0.7514854,0.004661694,0.4,0.0,0.2953112,0.011226139
375316653866487564,531532576891475072,0.52824104,2205.2836441889485,0.12976564935126012,7.946534E-6,17.808262,0.0015601957,0.47146177,0.002143701,0.0032316877,0.0016885671,0.3706221,0.28044337,0.083019085,0.0011767544,0.0066068377,0.00112631,0.06218995,0.02711984,null,null,null,null,"TWOGAUSSIANS",8,2.439149,0.47146177,0.002143701,0.018097451,0.009455976,0.3706221,0.28044337,0.083019085,0.0011767544,0.03699829,0.006307336,0.06218995,0.02711984
375316653866487564,531533371466060672,0.56204695,2197.048645992119,1.0104670068937547,4.2805345E-6,19.05704,0.0047802897,0.16614257,7.1813026E-4,0.020841546,0.001464442,0.6623299,0.048707925,0.6645277,9.145752E-4,0.021507295,0.0011600725,0.56937915,0.035517618,null,null,null,null,"TWOGAUSSIANS",8,3.2516046,0.16614257,7.1813026E-4,0.11671266,0.0082008755,0.6623299,0.048707925,0.6645277,9.145752E-4,0.12044085,0.006496406,0.56937915,0.035517618
375316653866487564,531534501037131520,0.55135995,2217.157278659404,3.000977702016553,7.6547685E-6,18.98428,0.012321832,0.23009828,0.0023027977,0.06362928,0.003244155,0.48061356,0.015445617,0.7323243,0.0028871999,0.06782878,0.0036259692,0.55946654,0.027073393,null,null,null,null,"TWOGAUSSIANS",8,5.121359,0.7323243,0.0028871999,0.37984118,0.020305427,0.55876315,0.027128715,0.23009828,0.0023027977,0.35632396,0.018167268,0.47991017,0.01539469
375316653866487564,531537563354096896,0.5725616,2206.9961380677487,0.9839978873002971,1.3743139E-5,16.539402,0.0021990614,0.25098333,0.0025863813,0.03836505,0.0046385927,0.12600753,0.006042224,0.7819937,0.049499515,0.062803805,0.037313502,0.010202555,0.007985011,0.015604517,0.002622425,0.25098333,0.0025863813,"TWOGAUSSIANS_WITH_ELLIPSOIDAL_ON_ECLIPSE1",9,2.4383018,0.25098333,0.0025863813,0.2148443,0.02597612,0.15721582,0.0060307845,0.7819937,0.048415747,0.35170132,0.2089556,0.04024095,0.0070626824
