Gaia/vari_eclipsing_binary/VariEclipsingBinary_471755-471783.csv
# %ECSV 1.0
# ---
# delimiter: ','
# meta: !!omap
# - RELEASE: Gaia DR3
# - TABLE: vari_eclipsing_binary
# - DESCRIPTION: >
#     This table describes the properties of the eclipsing binaries resulting from the variability analysis. 
# - CITATION: >
#     How to cite and acknowledge Gaia: 
#     https://gea.esac.esa.int/archive/documentation/credits.html 
# - KNOWN_ISSUES: >
#     Known issues: 
#     https://www.cosmos.esa.int/web/gaia-users/known-issues 
# - DOCUMENTATION: >
#     Tutorials and documentation: 
#     https://www.cosmos.esa.int/web/gaia-users/archive 
# datatype:
# - 
#   name: solution_id
#   datatype: int64
#   description: Solution Identifier
#   meta:
#     ucd: meta.version
# - 
#   name: source_id
#   datatype: int64
#   description: Unique source identifier
#   meta:
#     ucd: meta.id;meta.main
# - 
#   name: global_ranking
#   datatype: float32
#   description: Number between 0 (worst) and 1 (best)
#   meta:
#     ucd: stat.param
# - 
#   name: reference_time
#   datatype: float64
#   unit: d
#   description: Reference time used for the geometric model fit
#   meta:
#     ucd: time.epoch
# - 
#   name: frequency
#   datatype: float64
#   unit: d**-1
#   description: Frequency of geometric model of the eclipsing binary light curve
#   meta:
#     ucd: src.orbital
# - 
#   name: frequency_error
#   datatype: float32
#   unit: d**-1
#   description: "Uncertainty of \\texttt{frequency}"
#   meta:
#     ucd: stat.error
# - 
#   name: geom_model_reference_level
#   datatype: float32
#   unit: mag
#   description: Magnitude reference level of geometric model
#   meta:
#     ucd: phot.mag;em.opt
# - 
#   name: geom_model_reference_level_error
#   datatype: float32
#   unit: mag
#   description: "Uncertainty of \\texttt{geomModelReferenceLevel}"
#   meta:
#     ucd: stat.error;phot.mag;em.opt
# - 
#   name: geom_model_gaussian1_phase
#   datatype: float32
#   description: Phase of the Gaussian 1 component
#   meta:
#     ucd: time.phase
# - 
#   name: geom_model_gaussian1_phase_error
#   datatype: float32
#   description: "Uncertainty of \\texttt{geomModelGaussian1Phase}"
#   meta:
#     ucd: stat.error;time.phase
# - 
#   name: geom_model_gaussian1_sigma
#   datatype: float32
#   description: "Standard deviation [phase] of Gaussian 1 component"
#   meta:
#     ucd: stat.stdev
# - 
#   name: geom_model_gaussian1_sigma_error
#   datatype: float32
#   description: "Uncertainty of \\texttt{geomModelGaussian1Sigma}"
#   meta:
#     ucd: stat.error
# - 
#   name: geom_model_gaussian1_depth
#   datatype: float32
#   unit: mag
#   description: Magnitude depth of Gaussian 1 component
#   meta:
#     ucd: src.var.amplitude
# - 
#   name: geom_model_gaussian1_depth_error
#   datatype: float32
#   unit: mag
#   description: "Uncertainty of \\texttt{geomModelGaussian1Depth}"
#   meta:
#     ucd: stat.error;src.var.amplitude
# - 
#   name: geom_model_gaussian2_phase
#   datatype: float32
#   description: Phase of Gaussian 2 component
#   meta:
#     ucd: time.phase
# - 
#   name: geom_model_gaussian2_phase_error
#   datatype: float32
#   description: "Uncertainty of \\texttt{geomModelGaussian2Phase}"
#   meta:
#     ucd: stat.error;time.phase
# - 
#   name: geom_model_gaussian2_sigma
#   datatype: float32
[...]
#   datatype: float32
#   description: "Secondary eclipse: uncertainty of \\texttt{derivedSecondaryEclDuration}"
#   meta:
#     ucd: stat.error;time.duration
# - 
#   name: derived_secondary_ecl_depth
#   datatype: float32
#   unit: mag
#   description: "Secondary eclipse: depth"
#   meta:
#     ucd: src.var.amplitude
# - 
#   name: derived_secondary_ecl_depth_error
#   datatype: float32
#   unit: mag
#   description: "Secondary eclipse: uncertainty of \\texttt{derivedSecondaryEclDepth}"
#   meta:
#     ucd: stat.error;src.var.amplitude
solution_id,source_id,global_ranking,reference_time,frequency,frequency_error,geom_model_reference_level,geom_model_reference_level_error,geom_model_gaussian1_phase,geom_model_gaussian1_phase_error,geom_model_gaussian1_sigma,geom_model_gaussian1_sigma_error,geom_model_gaussian1_depth,geom_model_gaussian1_depth_error,geom_model_gaussian2_phase,geom_model_gaussian2_phase_error,geom_model_gaussian2_sigma,geom_model_gaussian2_sigma_error,geom_model_gaussian2_depth,geom_model_gaussian2_depth_error,geom_model_cosine_half_period_amplitude,geom_model_cosine_half_period_amplitude_error,geom_model_cosine_half_period_phase,geom_model_cosine_half_period_phase_error,model_type,num_model_parameters,reduced_chi2,derived_primary_ecl_phase,derived_primary_ecl_phase_error,derived_primary_ecl_duration,derived_primary_ecl_duration_error,derived_primary_ecl_depth,derived_primary_ecl_depth_error,derived_secondary_ecl_phase,derived_secondary_ecl_phase_error,derived_secondary_ecl_duration,derived_secondary_ecl_duration_error,derived_secondary_ecl_depth,derived_secondary_ecl_depth_error
[from data line 151]
375316653866487564,4149661233755675648,0.5047842,2298.275610331193,3.742935043399502,2.0940768E-5,17.042572,0.23344925,0.22951317,0.007409922,0.15587321,0.06965804,0.25514007,0.22592089,0.709718,0.0076365713,0.13251685,0.027617995,0.28741938,0.19287144,null,null,null,null,"TWOGAUSSIANS",8,12.524356,0.709718,0.0076365713,0.4,0.0,0.18521325,0.019521834,0.23022318,0.0065606325,0.4,0.0,0.15027304,0.014598153
375316653866487564,4149661611712602368,0.7149913,2246.9880847252794,0.3699607071725336,3.1791462E-6,18.289585,0.0042731813,0.16158867,3.6917935E-4,0.025613476,3.7584375E-4,1.5010985,0.018910622,0.66108286,0.01595767,0.027831646,0.012279774,0.11396685,0.018009681,0.014376194,0.0096116,0.16158867,3.6917935E-4,"TWOGAUSSIANS_WITH_ELLIPSOIDAL_ON_ECLIPSE1",9,2.1263824,0.16158867,3.6917935E-4,0.14343546,0.002104725,1.5298508,0.020878257,0.6610929,0.015941145,0.15585722,0.068766735,0.14271893,0.017496808
375316653866487564,4149661787805480960,0.4877569,2274.3442337874217,0.15765255572788572,3.9059916E-5,18.568432,0.036798876,0.27508798,0.008780786,0.0822634,0.01603899,0.22403803,0.0385303,0.8076474,0.024935873,0.10409523,0.03779757,0.11891354,0.038046118,null,null,null,null,"TWOGAUSSIANS",8,2.3987038,0.27507797,0.008783477,0.4,0.0,0.21884511,0.030664472,0.8076474,0.02493606,0.4,0.0,0.11371542,0.028403189
375316653866487564,4149662509358167424,0.49010968,2311.143165843873,2.0739660195141836,5.4298696E-5,19.83188,0.034980167,0.2746369,0.017468218,0.11988558,0.0579334,0.12470179,0.019779444,0.79495704,0.0046064933,0.056147736,0.0063047353,0.44533488,0.06803449,null,null,null,null,"TWOGAUSSIANS",8,1.8842049,0.794967,0.004609868,0.31442732,0.03530652,0.44117853,0.06538625,0.2746369,0.017468218,0.4,0.0,0.12049367,0.016391112
375316653866487564,4149662543717909760,0.47966704,2314.692295199404,0.23363520356414416,2.9995274E-5,19.4417,0.013477317,0.33465394,0.016155839,0.090669125,0.027825154,0.20718855,0.09852996,0.82627743,0.007456023,0.030734885,0.013206738,0.22077574,0.028133435,null,null,null,null,"TWOGAUSSIANS",8,2.657009,0.82627743,0.007456023,0.17211536,0.073957734,0.2207185,0.028237637,0.33465394,0.016155839,0.4,0.0,0.2071312,0.09892419
375316653866487564,4149662578077597824,0.45379964,2284.246474721742,3.123750390172484,2.0843714E-5,19.518826,0.2934866,0.19999851,0.009191281,0.12937526,0.07399903,0.35574898,0.27214685,0.70591944,0.0027039156,0.09550182,0.02864628,0.49147663,0.23762442,null,null,null,null,"TWOGAUSSIANS",8,2.284063,0.70595944,0.0025737577,0.4,0.0,0.42839086,0.018875835,0.19999851,0.0091936635,0.4,0.0,0.2922521,0.037924904
375316653866487564,4149663883748014720,0.4834726,2320.6721396566118,2.9367693334921507,1.9884543E-5,19.267418,0.3031935,0.23013012,0.0074801696,0.12708312,0.069314554,0.28258952,0.29050508,0.7337149,0.011882496,0.10922822,0.050498124,0.31487966,0.28697783,null,null,null,null,"TWOGAUSSIANS",8,2.5793698,0.73374486,0.011909273,0.4,0.0,0.25409913,0.031026585,0.23012012,0.0073773074,0.4,0.0,0.22157957,0.020365236
375316653866487564,4149664158625819264,0.50802577,2295.122862957272,4.814476568368526,4.133764E-5,16.711866,0.025192248,0.4455401,0.06428789,0.13236676,0.06663223,0.1167889,0.03406976,0.6734454,0.049731083,0.09522022,0.025504809,0.09042915,0.059619587,null,null,null,null,"TWOGAUSSIANS",8,14.954646,0.4949701,0.22310203,0.4,0.0,0.123859204,0.024374273,0.6734454,0.049731083,0.4,0.0,0.11627992,0.015608444
375316653866487564,4149664326129408512,0.55914044,2300.4315233452003,1.7394621426889536,2.1544258E-5,18.528025,0.082821146,0.2336609,0.021892408,0.08372373,0.105146304,0.21283852,0.04541002,0.7396929,0.0034679044,0.08345887,0.012806871,0.29851818,0.06580091,null,null,null,null,"TWOGAUSSIANS",8,2.1891797,0.7396929,0.0034679044,0.4,0.0,0.29336303,0.01256705,0.2336609,0.021901485,0.4,0.0,0.20768334,0.10748819
375316653866487564,4149665082055715584,0.5337367,2289.3227607119234,2.7971194036837432,4.859915E-5,16.793554,0.058977466,0.19423312,0.014703277,0.10416686,0.032256212,0.25624242,0.04948671,0.72308177,0.006555578,0.09749289,0.015613639,0.26413152,0.057097413,null,null,null,null,"TWOGAUSSIANS",8,23.133831,0.7230917,0.0065096696,0.4,0.0,0.24745658,0.017017178,0.19423312,0.014679809,0.4,0.0,0.23955995,0.016817912
375316653866487564,4149665086379795584,0.59807515,2256.270812433712,1.1631289936298541,8.114956E-6,17.433277,0.011352433,0.2632959,0.009750058,0.10438591,0.011623135,0.185662,0.01235529,0.75770855,0.002503022,0.09279634,0.0055047413,0.24799253,0.010961929,null,null,null,null,"TWOGAUSSIANS",8,2.0395656,0.75770855,0.002503022,0.4,0.0,0.23218572,0.0068812114,0.2632959,0.009750058,0.4,0.0,0.16985147,0.009426123
375316653866487564,4149665288202169728,0.55941916,2298.1638131160257,2.666121155320055,1.5667825E-5,18.532015,0.02973378,0.27773625,0.0037447456,0.079438016,0.007544658,0.34738064,0.030644398,0.78077036,0.015245728,0.058057886,0.022937778,0.32915553,0.052296434,null,null,null,null,"TWOGAUSSIANS",8,4.8174214,0.27773625,0.0037447456,0.4,0.0,0.346549,0.027546039,0.78077036,0.015245728,0.32512417,0.11390249,0.3283239,0.05344543
375316653866487564,4149665700528102400,0.57908225,2267.473869423354,2.3083559820497093,6.6349207E-6,19.338928,0.01274637,0.2980986,0.005812843,0.044955958,0.011955463,0.5314984,0.9862039,0.77979827,0.002666995,0.049277127,0.0018012509,0.8192365,0.022354065,null,null,null,null,"TWOGAUSSIANS",8,4.2483344,0.77979827,0.002666995,0.27595192,0.010087005,0.81923616,0.022353519,0.2980986,0.005812843,0.25175336,0.0669506,0.531498,0.98620456
375316653866487564,4149665842293126656,0.6525514,2288.288336107676,1.8951412870295188,5.229017E-6,16.775797,0.005823382,0.2568236,0.0021527063,0.07901876,0.0044063623,0.33597466,0.0059950347,0.7565633,0.0028007927,0.07847771,0.0022186327,0.4488218,0.010869382,null,null,null,null,"TWOGAUSSIANS",8,5.3325315,0.7565633,0.0028007927,0.4,0.0,0.44382527,0.010285041,0.2568236,0.0021527063,0.4,0.0,0.33097813,0.0072428896
375316653866487564,4149665876621900160,0.5126268,2331.7172450765283,2.3321868659671106,5.1011288E-5,19.385904,0.011896534,0.23979613,0.009665206,0.07186515,0.0109549435,0.33244646,0.043402195,0.7321279,0.03898171,0.080654874,0.04206648,0.13026436,0.07714518,null,null,null,null,"TWOGAUSSIANS",8,1.7787127,0.23979613,0.009664889,0.4,0.040622167,0.3308789,0.043891493,0.7321279,0.03898171,0.4,0.088691264,0.12869681,0.07840508
375316653866487564,4149666731311462272,0.5530319,2296.0862056639608,1.8810746921242376,2.0603744E-5,16.43435,0.24000773,0.31352785,0.006224481,0.16323434,0.05086373,0.27235577,0.22924304,0.8328536,0.008298051,0.14668179,0.03633655,0.19147441,0.19980752,null,null,null,null,"TWOGAUSSIANS",8,6.778616,0.31236786,0.0042818757,0.4,0.0,0.16099034,0.004480429,0.8370736,0.0035054449,0.4,0.0,0.084205225,0.0075717983
375316653866487564,4149667216642813440,0.48044708,2274.882467852436,2.069728329156633,4.478441E-5,18.732769,0.10824121,0.24376564,0.008158123,0.1238638,0.062191676,0.15957922,0.10512106,0.74704176,0.007929659,0.10973504,0.033677515,0.17865849,0.10071369,null,null,null,null,"TWOGAUSSIANS",8,2.1248488,0.7470618,0.007919314,0.4,0.0,0.14582655,0.018945202,0.24375564,0.00818515,0.4,0.0,0.12666558,0.01007768
375316653866487564,4149667693383894656,0.520798,2297.973203779507,0.2504257286977623,4.057673E-5,18.744438,0.0043945285,0.06459618,0.0012217021,0.004379257,0.0018445245,0.08931617,0.08530862,0.81684893,0.038373612,0.024251763,0.024742838,1.123584,1352.1454,0.010266679,0.00581685,0.81684893,0.038373612,"TWOGAUSSIANS_WITH_ELLIPSOIDAL_ON_ECLIPSE2",9,3.3765314,0.81684893,0.038373612,0.13580987,0.1385599,1.1441174,1352.1418,0.06459618,0.0012217021,0.024523841,0.010329338,0.08932021,0.085840195
375316653866487564,4149669759304310912,0.5987531,2331.7836863076514,1.4848865209821058,2.9963381E-5,17.846092,0.007832541,0.2583348,0.02325716,0.06875206,0.011686577,0.48377326,0.06868127,0.75934017,0.006485983,0.090144955,0.008108479,0.16830632,0.018053139,null,null,null,null,"TWOGAUSSIANS",8,3.621219,0.2583348,0.02325716,0.3850115,0.021352518,0.4802041,0.06655363,0.75934017,0.006485983,0.4,0.0,0.1647371,0.018328605
375316653866487564,4149670068508552832,0.5765419,2307.9601134249287,3.2934772413182687,3.7814465E-5,19.093685,0.026993014,0.19560763,0.011446333,0.041025177,0.020055372,0.35253105,0.055438247,0.70385444,0.004554404,0.03418819,0.007725855,0.26069534,0.042522203,0.13150455,0.028549638,0.19560763,0.011446333,"TWOGAUSSIANS_WITH_ELLIPSOIDAL_ON_ECLIPSE1",9,3.4489937,0.19560763,0.011446333,0.22974099,0.11231008,0.61553985,0.031204142,0.70385444,0.004554404,0.19145386,0.043264788,0.52299863,0.033244535
375316653866487564,4149672435036878592,0.5781581,2321.0472779705533,3.2401294215330796,8.984068E-6,18.615189,0.011274053,0.22349595,0.007397259,0.075956844,0.0052612512,0.5026908,0.02532233,0.72022486,0.0018550892,0.06641146,0.0026898133,0.48696035,0.012186039,null,null,null,null,"TWOGAUSSIANS",8,3.9848752,0.22349595,0.007397259,0.4,0.0,0.50077933,0.024054969,0.72022486,0.0018550892,0.37190416,0.015062953,0.4850489,0.011295302
375316653866487564,4149672641188678144,0.6023714,2315.2692639867514,2.150434833501851,5.971521E-6,18.25165,0.010451505,0.20544146,0.0021577128,0.07210155,0.0046107923,0.42342424,0.012769372,0.7099902,0.006328846,0.07823906,0.0074706315,0.4389935,0.012251184,null,null,null,null,"TWOGAUSSIANS",8,4.1815534,0.7099902,0.006328846,0.4,0.0,0.43590352,0.012018792,0.20544146,0.0021577128,0.4,0.007052207,0.42033428,0.01302259
375316653866487564,4149673023440341632,0.49865052,2244.818614308281,0.4390464854758974,6.152449E-5,19.213388,0.028663209,0.36468226,0.013432621,0.13960902,0.024150563,0.19469135,0.028920451,0.8317031,0.01512265,0.08575449,0.043189406,0.1245655,1.5954438,null,null,null,null,"TWOGAUSSIANS",8,1.114281,0.36468226,0.013432634,0.4,0.0,0.17521252,0.0108448025,0.8317031,0.01512265,0.4,0.12927026,0.10594324,1.6086161
375316653866487564,4149673744994734720,0.48233125,2275.543992096187,3.3644200748087734,2.2556704E-5,19.718624,0.036165375,0.26268896,0.018326394,0.08246052,0.028053582,0.27530617,0.3312174,0.75239867,0.0060979305,0.086181805,0.01913369,0.26727778,0.042058613,null,null,null,null,"TWOGAUSSIANS",8,1.6137822,0.26268896,0.018326394,0.4,0.06305623,0.26973492,0.33502987,0.75239867,0.0060979305,0.4,0.0,0.26170647,0.044437736
375316653866487564,4149675531701304064,0.4879893,2298.8976420658832,0.3516873708194573,5.0120663E-5,19.536165,0.38563222,0.44888026,0.011948622,0.2013837,0.12605394,0.37691903,0.36662742,0.9575401,0.0037362103,0.061161645,0.026228793,0.17185646,0.09612167,null,null,null,null,"TWOGAUSSIANS",8,2.2104445,0.44888026,0.011948622,0.4,0.0,0.29151627,0.027319804,0.9584601,0.0038765133,0.34250522,0.14688124,0.121202506,0.04195438
375316653866487564,4149675944057253376,0.5043518,2340.722229289086,0.037960858610869494,1.0773998E-6,18.238192,0.008941821,0.33043802,0.1856772,0.044296753,0.06650076,0.35841575,0.5167298,0.8503477,1.2246141E-4,0.009264171,3.1657814E-4,2.3454828,0.28876418,null,null,null,null,"TWOGAUSSIANS",8,9.883933,0.8503477,1.2246141E-4,0.05187936,0.0017728376,2.3454828,0.28876418,0.33043802,0.1856772,0.24806182,0.37240425,0.35841575,0.5167298
375316653866487564,4149676047102824064,0.51959604,2300.1145042042494,2.9664222086630323,2.492932E-5,19.620253,0.022261469,0.2679874,0.015046833,0.06473769,0.012203708,0.34041274,0.0712021,0.7684198,0.0066037625,0.10204634,0.017008463,0.21678378,0.019590264,null,null,null,null,"TWOGAUSSIANS",8,1.1177253,0.2679874,0.015046833,0.36253107,0.06834076,0.33489382,0.07106876,0.7684198,0.0066037625,0.4,0.0,0.21126221,0.01753719
375316653866487564,4149676871737979648,0.5375331,2352.193276879691,3.1042794378482754,1.3650801E-5,19.24521,0.014468814,0.19294101,0.004429724,0.07791497,0.0057721045,0.3403679,0.017831845,0.6944897,0.007093046,0.09443169,0.01827997,0.33874354,0.055802528,null,null,null,null,"TWOGAUSSIANS",8,1.556746,0.19294101,0.004429724,0.4,0.0,0.33058164,0.014619932,0.6944897,0.007093046,0.4,0.0,0.32895672,0.065122016
375316653866487564,4149676871770213120,0.5241354,2314.3845369189416,0.5473379884258569,3.1681073E-5,17.242052,0.004527547,0.26049006,0.009989039,0.06351376,0.00919881,0.3198836,0.11431378,0.9085268,0.021117752,0.026592724,0.014489777,0.047963705,0.0922551,null,null,null,null,"TWOGAUSSIANS",8,5.936847,0.26049006,0.009989039,0.3556771,0.05135024,0.3198836,0.11431378,0.9085268,0.021117752,0.14891925,0.08114275,0.047963776,0.09225511
375316653866487564,4149678795876649344,0.4898627,2317.280492507701,3.035894022939883,4.0953826E-5,19.034649,0.014250799,0.27214754,0.013300981,0.085553646,0.019080153,0.14874215,0.01592135,0.7782273,0.009787421,0.073157415,0.012308937,0.22465138,0.030082246,null,null,null,null,"TWOGAUSSIANS",8,3.2871034,0.7782273,0.009787421,0.4,0.031240333,0.22243862,0.030314194,0.27214754,0.013300981,0.4,0.0,0.14652938,0.014977448
375316653866487564,4149680204665704192,0.429655,2277.8587847110607,0.4114656335275831,4.2739674E-5,16.555334,0.0047176406,0.16680963,0.014967109,0.050989423,0.011667493,0.11234264,0.038233943,0.5335983,0.030954476,0.15744475,0.077978745,0.06814121,0.047049515,null,null,null,null,"TWOGAUSSIANS",8,6.8108144,0.16837963,0.014003725,0.28554076,0.06533796,0.11546659,0.038876858,0.5335983,0.030954476,0.4,0.0,0.06667471,0.04938753
375316653866487564,4149680307744995840,0.49656653,2326.882992585362,3.557191934473279,1.5627922E-4,19.271664,0.01931258,0.25975358,0.008408755,0.08434826,0.012544003,0.4254789,0.049714427,0.68277544,0.04827681,0.059546236,0.03469237,0.27251875,0.021168701,null,null,null,null,"TWOGAUSSIANS",8,9.660708,0.25975358,0.008408755,0.4,0.0,0.42525396,0.048697,0.68277544,0.04827681,0.33345893,0.09767991,0.27229527,0.028698117
375316653866487564,4149680445183935872,0.6048809,2276.015352840315,0.48942406896134316,3.675914E-5,17.915894,0.0090231,0.22519313,9.006253E-4,0.02461016,0.0013956901,0.91130054,0.029290503,null,null,null,null,null,null,0.045016594,0.016563198,0.22519313,9.006253E-4,"ONEGAUSSIAN_WITH_ELLIPSOIDAL",6,18.399902,0.22519313,9.006253E-4,0.13781689,0.007815865,1.0013336,0.03635992,null,null,null,null,null,null
375316653866487564,4149680891829455744,0.58666307,2224.204863174617,2.4170056699434794,1.4306237E-5,18.632433,0.053055763,0.1975496,0.002525872,0.09648603,0.009746655,0.45337525,0.04820344,0.6978993,0.012667012,0.10338048,0.029182341,0.43699753,0.07929183,null,null,null,null,"TWOGAUSSIANS",8,2.8516004,0.1975496,0.002507999,0.4,0.0,0.4146597,0.012132576,0.6978993,0.012667012,0.4,0.0,0.39827606,0.10239099
375316653866487564,4149682025701593344,0.55161434,2298.4309717696133,2.072365833500683,2.5777896E-5,18.419584,0.026326219,0.05817661,0.018298212,0.10825685,0.034982648,0.1055192,0.027575979,0.56571287,0.0046802443,0.08638687,0.012090353,0.215494,0.023976274,null,null,null,null,"TWOGAUSSIANS",8,1.2805744,0.56571287,0.004672273,0.4,0.0,0.20606224,0.0094664395,0.05817661,0.018298212,0.4,0.0,0.09608229,0.009971378
375316653866487564,4149682468074176640,0.5584647,2254.451688774954,0.21672073663698913,1.63E-5,17.88047,0.004372691,0.7772529,3.467361E-5,0.013621771,2.368937E-4,0.46268576,0.002494784,0.9806216,1.2230491E-5,0.0047506094,4.6962907E-4,0.041404847,0.0042742975,null,null,null,null,"TWOGAUSSIANS",8,7.4277716,0.7772529,3.467361E-5,0.07628192,0.0013266047,0.46268576,0.002494784,0.9806216,1.2230491E-5,0.026603412,0.0026299227,0.041404847,0.0042742975
