Gaia/vari_eclipsing_binary/VariEclipsingBinary_359434-360011.csv
# %ECSV 1.0
# ---
# delimiter: ','
# meta: !!omap
# - RELEASE: Gaia DR3
# - TABLE: vari_eclipsing_binary
# - DESCRIPTION: >
#     This table describes the properties of the eclipsing binaries resulting from the variability analysis. 
# - CITATION: >
#     How to cite and acknowledge Gaia: 
#     https://gea.esac.esa.int/archive/documentation/credits.html 
# - KNOWN_ISSUES: >
#     Known issues: 
#     https://www.cosmos.esa.int/web/gaia-users/known-issues 
# - DOCUMENTATION: >
#     Tutorials and documentation: 
#     https://www.cosmos.esa.int/web/gaia-users/archive 
# datatype:
# - 
#   name: solution_id
#   datatype: int64
#   description: Solution Identifier
#   meta:
#     ucd: meta.version
# - 
#   name: source_id
#   datatype: int64
#   description: Unique source identifier
#   meta:
#     ucd: meta.id;meta.main
# - 
#   name: global_ranking
#   datatype: float32
#   description: Number between 0 (worst) and 1 (best)
#   meta:
#     ucd: stat.param
# - 
#   name: reference_time
#   datatype: float64
#   unit: d
#   description: Reference time used for the geometric model fit
#   meta:
#     ucd: time.epoch
# - 
#   name: frequency
#   datatype: float64
#   unit: d**-1
#   description: Frequency of geometric model of the eclipsing binary light curve
#   meta:
#     ucd: src.orbital
# - 
#   name: frequency_error
#   datatype: float32
#   unit: d**-1
#   description: "Uncertainty of \\texttt{frequency}"
#   meta:
#     ucd: stat.error
# - 
#   name: geom_model_reference_level
#   datatype: float32
#   unit: mag
#   description: Magnitude reference level of geometric model
#   meta:
#     ucd: phot.mag;em.opt
# - 
#   name: geom_model_reference_level_error
#   datatype: float32
#   unit: mag
#   description: "Uncertainty of \\texttt{geomModelReferenceLevel}"
#   meta:
#     ucd: stat.error;phot.mag;em.opt
# - 
#   name: geom_model_gaussian1_phase
#   datatype: float32
#   description: Phase of the Gaussian 1 component
#   meta:
#     ucd: time.phase
# - 
#   name: geom_model_gaussian1_phase_error
#   datatype: float32
#   description: "Uncertainty of \\texttt{geomModelGaussian1Phase}"
#   meta:
#     ucd: stat.error;time.phase
# - 
#   name: geom_model_gaussian1_sigma
#   datatype: float32
#   description: "Standard deviation [phase] of Gaussian 1 component"
#   meta:
#     ucd: stat.stdev
# - 
#   name: geom_model_gaussian1_sigma_error
#   datatype: float32
#   description: "Uncertainty of \\texttt{geomModelGaussian1Sigma}"
#   meta:
#     ucd: stat.error
# - 
#   name: geom_model_gaussian1_depth
#   datatype: float32
#   unit: mag
#   description: Magnitude depth of Gaussian 1 component
#   meta:
#     ucd: src.var.amplitude
# - 
#   name: geom_model_gaussian1_depth_error
#   datatype: float32
#   unit: mag
#   description: "Uncertainty of \\texttt{geomModelGaussian1Depth}"
#   meta:
#     ucd: stat.error;src.var.amplitude
# - 
#   name: geom_model_gaussian2_phase
#   datatype: float32
#   description: Phase of Gaussian 2 component
#   meta:
#     ucd: time.phase
# - 
#   name: geom_model_gaussian2_phase_error
#   datatype: float32
#   description: "Uncertainty of \\texttt{geomModelGaussian2Phase}"
#   meta:
#     ucd: stat.error;time.phase
# - 
#   name: geom_model_gaussian2_sigma
#   datatype: float32
[...]
#   datatype: float32
#   description: "Secondary eclipse: uncertainty of \\texttt{derivedSecondaryEclDuration}"
#   meta:
#     ucd: stat.error;time.duration
# - 
#   name: derived_secondary_ecl_depth
#   datatype: float32
#   unit: mag
#   description: "Secondary eclipse: depth"
#   meta:
#     ucd: src.var.amplitude
# - 
#   name: derived_secondary_ecl_depth_error
#   datatype: float32
#   unit: mag
#   description: "Secondary eclipse: uncertainty of \\texttt{derivedSecondaryEclDepth}"
#   meta:
#     ucd: stat.error;src.var.amplitude
solution_id,source_id,global_ranking,reference_time,frequency,frequency_error,geom_model_reference_level,geom_model_reference_level_error,geom_model_gaussian1_phase,geom_model_gaussian1_phase_error,geom_model_gaussian1_sigma,geom_model_gaussian1_sigma_error,geom_model_gaussian1_depth,geom_model_gaussian1_depth_error,geom_model_gaussian2_phase,geom_model_gaussian2_phase_error,geom_model_gaussian2_sigma,geom_model_gaussian2_sigma_error,geom_model_gaussian2_depth,geom_model_gaussian2_depth_error,geom_model_cosine_half_period_amplitude,geom_model_cosine_half_period_amplitude_error,geom_model_cosine_half_period_phase,geom_model_cosine_half_period_phase_error,model_type,num_model_parameters,reduced_chi2,derived_primary_ecl_phase,derived_primary_ecl_phase_error,derived_primary_ecl_duration,derived_primary_ecl_duration_error,derived_primary_ecl_depth,derived_primary_ecl_depth_error,derived_secondary_ecl_phase,derived_secondary_ecl_phase_error,derived_secondary_ecl_duration,derived_secondary_ecl_duration_error,derived_secondary_ecl_depth,derived_secondary_ecl_depth_error
[from data line 441]
375316653866487564,3164779538624832256,0.5064626,2161.913862699463,2.4089011105650404,4.0556337E-5,14.327461,0.014353073,0.19577903,0.010697535,0.1045029,0.023405667,0.085998416,0.012616647,0.6763885,0.019519804,0.10234204,0.027111493,0.06364689,0.014474421,null,null,null,null,"TWOGAUSSIANS",8,24.266571,0.19578902,0.01066771,0.4,0.0,0.079677194,0.0061889137,0.6763885,0.019519804,0.4,0.0,0.05732704,0.007173579
375316653866487564,3164803006326089344,0.6127232,2181.529672173462,3.4278174356469644,7.065615E-6,15.0055895,0.005042575,0.35992026,0.0021379595,0.086201094,0.0047136066,0.24983235,0.0056144902,0.8630135,0.0031526994,0.07854875,0.0048429263,0.20249225,0.0069340277,null,null,null,null,"TWOGAUSSIANS",8,24.958735,0.35992026,0.0021379595,0.4,0.0,0.24556898,0.0056703165,0.8630135,0.0031526994,0.4,0.0,0.19822891,0.0067516845
375316653866487564,3164813657844969344,0.6078864,2218.456642036104,2.710451538386719,1.0782575E-5,16.969908,0.008615678,0.19898643,0.009433227,0.039651703,0.012368779,0.072672956,0.018499939,0.69706136,0.0021042265,0.056923483,0.007959901,0.110921174,0.018552074,0.092378296,0.009751799,0.69706136,0.0021042265,"TWOGAUSSIANS_WITH_ELLIPSOIDAL_ON_ECLIPSE2",9,6.8184857,0.69706136,0.0021042265,0.3187715,0.044575445,0.29567042,0.00773992,0.19852643,0.006755081,0.22204953,0.069265164,0.25740165,0.0038952455
375316653866487564,3164817570558556672,0.48587626,2256.238185926104,1.9570268002575055,4.965575E-5,19.602682,0.022638042,0.34700844,0.009661795,0.047326814,0.030082982,0.3205339,0.16493438,0.8635156,0.11385227,0.057005413,0.057642985,0.3836766,225.46735,null,null,null,null,"TWOGAUSSIANS",8,3.246121,0.8635156,0.11385227,0.31923032,0.32280073,0.38367322,225.46742,0.34700844,0.009661795,0.26503015,0.14517872,0.32053053,0.16558003
375316653866487564,3164820735951077760,0.5922027,2228.3949290861315,2.586145262701178,1.6404765E-5,15.449532,0.012015004,0.27620956,0.0043292018,0.09459295,0.0077648596,0.24056618,0.011961371,0.77934635,0.003125065,0.099751964,0.0075878142,0.24767071,0.015185771,null,null,null,null,"TWOGAUSSIANS",8,28.523321,0.77934635,0.003125065,0.4,0.0,0.23056298,0.015797155,0.27620956,0.0043292018,0.4,0.0,0.22345978,0.007427977
375316653866487564,3164842447009387136,0.6039573,2244.5900460596245,4.42909178234956,5.4428133E-6,18.57033,0.0049704337,0.23517942,0.0061009275,0.06597651,0.0029162187,0.6436903,0.04394743,0.7390721,0.0019271361,0.07949145,0.003011976,0.5022008,0.0275873,null,null,null,null,"TWOGAUSSIANS",8,2.0697756,0.23517942,0.0061009275,0.36946845,0.016330825,0.6409202,0.043854374,0.7390721,0.0019271361,0.4,0.0,0.49943072,0.028048042
375316653866487564,3164842859326253952,0.5595425,2234.565539341864,2.83256351943273,3.332235E-5,19.574684,0.020746304,0.30136234,0.008027683,0.0698709,0.009220438,0.555329,0.058782347,0.8039996,0.006691098,0.063935526,0.0075743957,0.73117495,0.08394632,null,null,null,null,"TWOGAUSSIANS",8,3.131436,0.8039996,0.006691098,0.35803893,0.042416617,0.7300846,0.08450304,0.30136234,0.008027683,0.39127702,0.028796235,0.5542387,0.05894581
375316653866487564,3164854919594448256,0.62892234,2252.13096895334,3.608628133486825,1.1476909E-5,15.695694,0.3105961,0.19934045,0.0055569834,0.16405082,0.038163234,0.5718294,0.29602614,0.68883157,0.004178199,0.16090928,0.03201329,0.605594,0.29363805,null,null,null,null,"TWOGAUSSIANS",8,6.805092,0.68883157,0.004178199,0.4,0.0,0.2743882,0.002802119,0.20124045,0.0042680204,0.4,0.0,0.23934892,0.009019045
375316653866487564,3164863994861441152,0.57488525,2168.4923222700686,3.2535030851136777,9.96845E-6,19.045559,0.01199292,0.26377591,0.004108263,0.089593396,0.006831354,0.4206859,0.02479272,0.7594542,0.002427154,0.079646535,0.0033143947,0.52230334,0.019031586,null,null,null,null,"TWOGAUSSIANS",8,2.3915038,0.7594542,0.002427154,0.4,0.0,0.5113528,0.017894516,0.26377591,0.004108263,0.4,0.0,0.4097351,0.026217239
375316653866487564,3164869801657335424,0.4916629,2175.8945945624487,0.2344883605285319,1.3006765E-4,16.706486,0.025905201,0.1707586,0.05886217,0.029867878,0.02223494,0.28165045,0.46197173,0.5236787,0.03671418,0.20205726,0.050622646,0.16448791,0.02439543,null,null,null,null,"TWOGAUSSIANS",8,1.21855,0.1716986,0.05898298,0.16726011,0.12451567,0.3031457,0.4614806,0.5236787,0.03671418,0.4,0.0,0.14908887,0.0128845535
375316653866487564,3164872649218481920,0.49158296,2167.400798338096,2.1482885537464105,1.860688E-5,16.77059,0.0023936795,0.18830663,0.023971122,0.046565965,0.056914058,0.023941848,null,0.6826134,0.01409055,0.091138616,0.01767585,0.08587869,0.0149005065,null,null,null,null,"TWOGAUSSIANS",8,2.799639,0.6826134,0.01409055,0.4,0.0,0.08575443,0.015322606,0.18830663,0.023971122,0.2607694,0.31871873,0.023817644,null
375316653866487564,3164872722235059072,0.4504534,2155.8726832139732,0.08928438621678411,4.225161E-5,17.524748,0.0039804024,0.26239383,0.004942725,0.07971314,0.005370574,0.13286865,0.0071071354,0.71289545,0.03612814,0.0413722,0.023521356,0.18363303,0.06467119,null,null,null,null,"TWOGAUSSIANS",8,2.4482098,0.71289545,0.03612814,0.23168433,0.1317196,0.18362358,0.06473236,0.26239383,0.004942725,0.4,0.0,0.13285919,0.007092795
375316653866487564,3164879559822987648,0.5745905,2185.2770144256447,4.218283390059602,2.209504E-5,17.082708,0.043844223,0.27788776,0.005013998,0.037334766,0.012127472,0.31110117,0.09783723,null,null,null,null,null,null,0.21405143,0.05525943,0.27788776,0.005013998,"ONEGAUSSIAN_WITH_ELLIPSOIDAL",6,68.090904,0.27788776,0.005013998,0.20907469,0.067913845,0.7392037,0.025836421,null,null,null,null,null,null
375316653866487564,3164881754549276800,0.5319841,2191.787531448699,0.46028319439574944,2.0496289E-5,16.977858,0.0074515264,0.36667544,0.034293856,0.051006727,0.033751596,0.4319046,0.2780846,0.73409975,0.008560549,0.013171704,0.009178593,0.07194208,2.7728283,null,null,null,null,"TWOGAUSSIANS",8,12.901208,0.36667544,0.034293856,0.28563768,0.14200337,0.4319046,0.2780846,0.73409975,0.008560549,0.073761545,0.05140012,0.07194208,2.7728283
375316653866487564,3164882338664871168,0.51837766,2150.408257491651,0.20512217573928848,1.7362305E-4,18.387407,0.010022162,0.27170336,0.00488453,0.060788743,0.014441197,0.20590656,0.02238,0.7495019,0.033742707,0.044275388,0.038946565,0.3402503,0.43461058,null,null,null,null,"TWOGAUSSIANS",8,4.0527177,0.7495019,0.033742707,0.24794216,0.2027544,0.34024817,0.43473855,0.27170336,0.00488453,0.34041697,0.075256154,0.2059044,0.022382319
375316653866487564,3164904122739109376,0.49119633,2144.345182843596,0.17726644749719503,1.4950885E-5,18.211838,0.048094306,0.31487715,0.00744,0.12316517,0.04626493,0.16288634,0.037956357,0.8390756,0.012734678,0.08034361,0.01636338,0.1500105,0.045281794,null,null,null,null,"TWOGAUSSIANS",8,2.275407,0.31487715,0.00744,0.4,0.0,0.15173538,0.015205302,0.8391756,0.012757664,0.4,0.001924149,0.13897224,0.019724293
375316653866487564,3164914022640603776,0.45964286,2236.7063045408345,0.06537111102006221,5.8629652E-5,18.379416,0.015559202,0.1917673,0.013940094,0.08313844,0.014172067,0.2578318,0.024033532,0.68457955,0.026485747,0.05373731,0.038200267,0.5013724,14.370366,null,null,null,null,"TWOGAUSSIANS",8,3.1229737,0.68457955,0.026485747,0.30092892,0.2139215,0.5006974,14.371292,0.1917673,0.013940094,0.4,0.0,0.2571568,0.024121657
375316653866487564,3164916011208176896,0.5106617,2251.9184610609896,0.9566000873164778,3.292269E-5,18.754414,0.011527643,0.20462567,0.08302793,0.054827806,0.030740483,1.079859,0.52768886,0.6735377,0.0073868176,0.03903263,0.007634093,0.1068524,0.020734679,null,null,null,null,"TWOGAUSSIANS",8,9.46227,0.20462567,0.08302793,0.3070357,0.17214671,1.0798589,0.52768886,0.6735377,0.0073868176,0.21858273,0.04275092,0.10685231,0.020734636
375316653866487564,3164919309743314432,0.46544436,2256.656689384588,0.21452305348927916,4.1501422E-5,18.981176,0.014600194,0.25342166,0.0058615636,0.017396603,0.010680092,0.17352967,0.06855867,0.80602735,0.016161956,0.050240707,0.012275662,0.101362705,0.03324684,0.10663965,0.017098831,0.25342166,0.0058615636,"TWOGAUSSIANS_WITH_ELLIPSOIDAL_ON_ECLIPSE1",9,8.503522,0.25342166,0.0058615636,0.097420976,0.05980851,0.3868089,0.07374441,0.80602735,0.016161956,0.28134796,0.06874371,0.29217732,0.014901193
375316653866487564,3164933981351815168,0.586198,2189.2355051450877,4.143412541012447,4.308355E-5,18.268326,0.045850802,0.28934556,0.007367128,0.05496737,0.028249843,0.21614733,0.10615428,0.7860746,0.010119251,0.04430554,0.01895896,0.32174104,0.09793312,0.11255527,0.056371205,0.28934556,0.007367128,"TWOGAUSSIANS_WITH_ELLIPSOIDAL_ON_ECLIPSE1",9,6.9931045,0.78639454,0.009306668,0.24811102,0.10617018,0.5467586,0.06289095,0.28934556,0.007367128,0.30781725,0.15740483,0.44125062,0.08239978
375316653866487564,3164948897773959552,0.5311884,2218.346570732311,2.6925788968542217,3.414525E-5,18.513681,0.07316679,0.19850539,0.0070497193,0.10603919,0.020943616,0.26495245,0.06937099,0.69546795,0.0064821877,0.11209447,0.03314342,0.24420908,0.05828002,null,null,null,null,"TWOGAUSSIANS",8,2.4734688,0.19850539,0.0071215034,0.4,0.0,0.22942977,0.012065158,0.69546795,0.0064821877,0.4,0.0,0.20867084,0.026194543
375316653866487564,3164953875640624128,0.47015417,2202.880414490342,0.08941127514589914,3.5603847E-5,19.403574,0.037836157,0.24104694,0.026317906,0.048776574,0.022605052,0.5146954,1.1219605,0.7107399,0.030997518,0.10915056,0.047784366,0.13277228,0.03862194,null,null,null,null,"TWOGAUSSIANS",8,1.8668808,0.24104694,0.026312463,0.27314883,0.1265883,0.51343405,1.1255115,0.7107399,0.030997518,0.4,0.0,0.1314973,0.02754993
375316653866487564,3164968207947835520,0.54676884,2151.841450251565,1.9218256165479906,1.4980506E-5,15.55127,0.010306866,0.21993013,0.0050371974,0.10580882,0.012655731,0.12089517,0.010421268,0.7394075,0.0043279845,0.10258739,0.016949935,0.0824498,0.008601828,null,null,null,null,"TWOGAUSSIANS",8,8.3811655,0.21993013,0.0050316392,0.4,0.0,0.11196429,0.010700393,0.7394275,0.0043323683,0.4,0.0,0.073522,0.0042397943
375316653866487564,3164969990357299456,0.5890041,2227.969291935756,4.471137275505998,6.8815925E-6,18.672606,0.015674977,0.18978643,0.009945397,0.080052465,0.008927969,0.36946622,0.01913764,0.6806686,0.0023975095,0.09715619,0.006166342,0.33513418,0.014748823,null,null,null,null,"TWOGAUSSIANS",8,1.4219822,0.18978643,0.009945397,0.4,0.0,0.35823712,0.0139719555,0.6806686,0.0023975095,0.4,0.0,0.32390374,0.011235844
375316653866487564,3164977446420795392,0.555861,2176.104875553684,2.9292696983331994,2.9194554E-5,17.92147,0.017187411,0.24336712,0.00540307,0.041894604,0.0076981625,0.30928102,0.084652536,0.74736726,0.0073760888,0.04527045,0.0063665323,0.29615203,0.041777983,0.10758709,0.025124501,0.24336712,0.00540307,"TWOGAUSSIANS_WITH_ELLIPSOIDAL_ON_ECLIPSE1",9,11.410922,0.24336712,0.00540307,0.23460978,0.04310971,0.524455,0.07301174,0.74736726,0.0072188927,0.25351453,0.03565258,0.5111901,0.017092677
375316653866487564,3164977790018207488,0.6068601,2176.6757760009664,0.6073416968770567,1.7563083E-5,18.752514,0.0076868897,0.3456696,0.03161257,0.022223892,0.018212602,0.064490035,0.045073614,0.8004361,0.0027119163,0.0116583705,0.0012263256,0.66639155,0.08515786,null,null,null,null,"TWOGAUSSIANS",8,0.9869802,0.8004361,0.0027119163,0.065286875,0.006867423,0.66639155,0.08515786,0.3456696,0.03161257,0.12445379,0.10199057,0.064490035,0.045073614
375316653866487564,3164980779315447808,0.5229221,2266.129407318153,3.779245993378463,3.189072E-5,16.427462,0.08166976,0.28418437,0.009048878,0.097766444,0.03763479,0.13702887,0.07827643,0.7957974,0.016050955,0.09581587,0.047656074,0.13307837,0.08452441,null,null,null,null,"TWOGAUSSIANS",8,15.705908,0.28418437,0.009030346,0.4,0.0,0.12881033,0.0095844045,0.7957974,0.016050955,0.4,0.0,0.12486012,0.012708692
375316653866487564,3164986521688237952,0.5277654,2203.903645056955,2.1996116312435605,1.8532215E-5,17.551685,0.027328782,0.16924828,0.005537531,0.09918077,0.01429169,0.1465808,0.026284253,0.6828242,0.005533248,0.123312384,0.02144137,0.14689866,0.025270907,null,null,null,null,"TWOGAUSSIANS",8,2.254599,0.6828242,0.0055400482,0.4,0.0,0.12659933,0.0065676915,0.1691683,0.005502038,0.4,0.0,0.12636694,0.00978934
375316653866487564,3164999028632860672,0.5305492,2220.61120372185,3.5405378336810984,2.2108983E-5,16.567057,0.01597326,0.2568508,0.0026597069,0.0892748,0.011604271,0.20059833,0.019774295,0.73767656,0.011014895,0.102606,0.016176268,0.16539249,0.018365052,null,null,null,null,"TWOGAUSSIANS",8,13.230894,0.2568508,0.0026565797,0.4,0.0,0.1913359,0.02162764,0.73767656,0.011014895,0.4,0.0,0.15612689,0.013734647
375316653866487564,3165006381617041408,0.6505565,2225.779854679988,3.9524536337311726,1.0945209E-5,15.155702,0.017069334,0.16968414,0.0024528918,0.053020246,0.00682933,0.3381461,0.045504704,0.72206587,0.035348784,0.06473503,0.012023054,0.6176955,0.24617273,0.11621733,0.030526659,0.16968414,0.0024528918,"TWOGAUSSIANS_WITH_ELLIPSOIDAL_ON_ECLIPSE1",9,89.01758,0.72206587,0.035348784,0.36251616,0.039329506,0.8258314,0.22536007,0.16968414,0.0024528918,0.2969134,0.038244247,0.57056385,0.032215692
375316653866487564,3165018098287733376,0.62103033,2225.4651376031525,3.206293493482896,5.307743E-6,16.301039,0.013206594,0.20657557,0.0037722788,0.04998156,0.012319935,0.2823354,0.37264925,0.70531213,0.0023532999,0.053380765,0.0046992544,0.29365987,0.0280401,0.09782095,0.019099899,0.20657557,0.0037722788,"TWOGAUSSIANS_WITH_ELLIPSOIDAL_ON_ECLIPSE1",9,18.889109,0.7054721,0.0019177224,0.29893228,0.026315825,0.4892845,0.017073873,0.20657557,0.0037722788,0.27989674,0.06899163,0.47797072,0.37971124
375316653866487564,3165048742877805568,0.57943225,2219.9928768648433,2.490222124046161,1.0188928E-5,18.491331,0.017105112,0.32609266,0.0040732548,0.08891928,0.0075377175,0.28026605,0.015405599,0.83150315,0.004138012,0.10177158,0.010744412,0.25787163,0.015193588,null,null,null,null,"TWOGAUSSIANS",8,1.8927052,0.32609266,0.0040732548,0.4,0.0,0.2643288,0.0072820745,0.83150315,0.004138012,0.4,0.0,0.24193142,0.014618364
375316653866487564,3165049601871300864,0.5629578,2220.1128174122655,0.17862578970107867,1.0495466E-5,17.285963,0.0031425946,0.41271493,0.0046881787,0.09148763,0.0061619463,0.22034915,0.011358246,0.25378352,0.0027987405,0.015528957,0.004408166,0.1422654,0.03454097,null,null,null,null,"TWOGAUSSIANS",8,3.0975466,0.41271493,0.0046881787,0.4,0.0,0.22034901,0.011358453,0.2553935,0.0031756652,0.08696216,0.02468573,0.19173785,0.033941634
375316653866487564,3165051942629889408,0.48342746,2204.0424282422787,3.845412668433535,1.4510106E-4,17.103155,0.0070668804,0.6473654,0.008054042,0.04085381,0.0034783492,0.4326385,0.0788662,null,null,null,null,null,null,null,null,null,null,"ONEGAUSSIAN",5,47.822216,0.6473654,0.008054042,0.22878133,0.019478755,0.4326385,0.0,null,null,null,null,null,null
375316653866487564,3165053591897322880,0.5404362,2177.4245262249397,3.2100354333393644,1.4533653E-5,17.040777,0.015223161,0.3017001,0.0055663516,0.07245335,0.0053453515,0.45970216,0.030980084,0.79943395,0.006675922,0.0776277,0.009348236,0.43432304,0.037719965,null,null,null,null,"TWOGAUSSIANS",8,33.190704,0.3017001,0.0055663516,0.4,0.0071557686,0.45640284,0.030130286,0.79943395,0.006675922,0.4,0.0,0.43102372,0.038846646
375316653866487564,3165054893270520192,0.48858985,2256.0247227367804,3.0563704894106296,4.6251753E-5,19.575884,0.055215366,0.31276137,0.008314655,0.0816696,0.021580167,0.19165024,0.053299453,0.8121338,0.039485674,0.09880355,0.049301207,0.17498161,0.0540975,null,null,null,null,"TWOGAUSSIANS",8,1.3897948,0.31276137,0.008304854,0.4,0.0,0.18391764,0.023470908,0.8121338,0.039485674,0.4,0.053866792,0.16724804,0.029914277
375316653866487564,3165064827531779584,0.5434164,2209.14085109926,0.21610756765221628,2.2874414E-5,16.418606,0.010991412,0.2893104,0.0038588117,0.08579831,0.007740862,0.107734315,0.010170732,0.7544206,0.032108705,0.16842054,0.10693479,0.01637759,0.010553634,null,null,null,null,"TWOGAUSSIANS",8,1.2729409,0.28958037,0.003803309,0.4,0.0,0.10278894,0.0061339485,0.7544206,0.032108705,0.4,0.0,0.010964476,0.0016895252
