Gaia/vari_eclipsing_binary/VariEclipsingBinary_243319-243830.csv
# %ECSV 1.0
# ---
# delimiter: ','
# meta: !!omap
# - RELEASE: Gaia DR3
# - TABLE: vari_eclipsing_binary
# - DESCRIPTION: >
#     This table describes the properties of the eclipsing binaries resulting from the variability analysis. 
# - CITATION: >
#     How to cite and acknowledge Gaia: 
#     https://gea.esac.esa.int/archive/documentation/credits.html 
# - KNOWN_ISSUES: >
#     Known issues: 
#     https://www.cosmos.esa.int/web/gaia-users/known-issues 
# - DOCUMENTATION: >
#     Tutorials and documentation: 
#     https://www.cosmos.esa.int/web/gaia-users/archive 
# datatype:
# - 
#   name: solution_id
#   datatype: int64
#   description: Solution Identifier
#   meta:
#     ucd: meta.version
# - 
#   name: source_id
#   datatype: int64
#   description: Unique source identifier
#   meta:
#     ucd: meta.id;meta.main
# - 
#   name: global_ranking
#   datatype: float32
#   description: Number between 0 (worst) and 1 (best)
#   meta:
#     ucd: stat.param
# - 
#   name: reference_time
#   datatype: float64
#   unit: d
#   description: Reference time used for the geometric model fit
#   meta:
#     ucd: time.epoch
# - 
#   name: frequency
#   datatype: float64
#   unit: d**-1
#   description: Frequency of geometric model of the eclipsing binary light curve
#   meta:
#     ucd: src.orbital
# - 
#   name: frequency_error
#   datatype: float32
#   unit: d**-1
#   description: "Uncertainty of \\texttt{frequency}"
#   meta:
#     ucd: stat.error
# - 
#   name: geom_model_reference_level
#   datatype: float32
#   unit: mag
#   description: Magnitude reference level of geometric model
#   meta:
#     ucd: phot.mag;em.opt
# - 
#   name: geom_model_reference_level_error
#   datatype: float32
#   unit: mag
#   description: "Uncertainty of \\texttt{geomModelReferenceLevel}"
#   meta:
#     ucd: stat.error;phot.mag;em.opt
# - 
#   name: geom_model_gaussian1_phase
#   datatype: float32
#   description: Phase of the Gaussian 1 component
#   meta:
#     ucd: time.phase
# - 
#   name: geom_model_gaussian1_phase_error
#   datatype: float32
#   description: "Uncertainty of \\texttt{geomModelGaussian1Phase}"
#   meta:
#     ucd: stat.error;time.phase
# - 
#   name: geom_model_gaussian1_sigma
#   datatype: float32
#   description: "Standard deviation [phase] of Gaussian 1 component"
#   meta:
#     ucd: stat.stdev
# - 
#   name: geom_model_gaussian1_sigma_error
#   datatype: float32
#   description: "Uncertainty of \\texttt{geomModelGaussian1Sigma}"
#   meta:
#     ucd: stat.error
# - 
#   name: geom_model_gaussian1_depth
#   datatype: float32
#   unit: mag
#   description: Magnitude depth of Gaussian 1 component
#   meta:
#     ucd: src.var.amplitude
# - 
#   name: geom_model_gaussian1_depth_error
#   datatype: float32
#   unit: mag
#   description: "Uncertainty of \\texttt{geomModelGaussian1Depth}"
#   meta:
#     ucd: stat.error;src.var.amplitude
# - 
#   name: geom_model_gaussian2_phase
#   datatype: float32
#   description: Phase of Gaussian 2 component
#   meta:
#     ucd: time.phase
# - 
#   name: geom_model_gaussian2_phase_error
#   datatype: float32
#   description: "Uncertainty of \\texttt{geomModelGaussian2Phase}"
#   meta:
#     ucd: stat.error;time.phase
# - 
#   name: geom_model_gaussian2_sigma
#   datatype: float32
[...]
#   datatype: float32
#   description: "Secondary eclipse: uncertainty of \\texttt{derivedSecondaryEclDuration}"
#   meta:
#     ucd: stat.error;time.duration
# - 
#   name: derived_secondary_ecl_depth
#   datatype: float32
#   unit: mag
#   description: "Secondary eclipse: depth"
#   meta:
#     ucd: src.var.amplitude
# - 
#   name: derived_secondary_ecl_depth_error
#   datatype: float32
#   unit: mag
#   description: "Secondary eclipse: uncertainty of \\texttt{derivedSecondaryEclDepth}"
#   meta:
#     ucd: stat.error;src.var.amplitude
solution_id,source_id,global_ranking,reference_time,frequency,frequency_error,geom_model_reference_level,geom_model_reference_level_error,geom_model_gaussian1_phase,geom_model_gaussian1_phase_error,geom_model_gaussian1_sigma,geom_model_gaussian1_sigma_error,geom_model_gaussian1_depth,geom_model_gaussian1_depth_error,geom_model_gaussian2_phase,geom_model_gaussian2_phase_error,geom_model_gaussian2_sigma,geom_model_gaussian2_sigma_error,geom_model_gaussian2_depth,geom_model_gaussian2_depth_error,geom_model_cosine_half_period_amplitude,geom_model_cosine_half_period_amplitude_error,geom_model_cosine_half_period_phase,geom_model_cosine_half_period_phase_error,model_type,num_model_parameters,reduced_chi2,derived_primary_ecl_phase,derived_primary_ecl_phase_error,derived_primary_ecl_duration,derived_primary_ecl_duration_error,derived_primary_ecl_depth,derived_primary_ecl_depth_error,derived_secondary_ecl_phase,derived_secondary_ecl_phase_error,derived_secondary_ecl_duration,derived_secondary_ecl_duration_error,derived_secondary_ecl_depth,derived_secondary_ecl_depth_error
[from data line 360]
375316653866487564,2143430955517524864,0.61361086,2278.7707725236023,3.108192403409925,1.5891905E-5,16.229158,0.0095562935,0.25115806,0.0030689598,0.041975487,0.0076639205,0.07816071,0.021876756,0.74199426,0.013897609,0.042912852,0.024168631,0.09809256,0.017153485,0.094331525,0.010714202,0.25115806,0.0030689598,"TWOGAUSSIANS_WITH_ELLIPSOIDAL_ON_ECLIPSE1",9,15.577323,0.7439943,0.007428273,0.24031197,0.13534434,0.28626698,0.008618749,0.25115806,0.0030689598,0.23506272,0.042917956,0.26682356,0.010221109
375316653866487564,2143448960019700864,0.61130387,2230.0424231921274,3.6805354504814227,6.9947146E-6,17.099041,0.019692902,0.3302075,0.0019882603,0.051717617,0.0070110285,0.29186556,0.040763386,0.83258635,0.008210542,0.054605033,0.009880312,0.19625877,0.04177432,0.10923943,0.0230787,0.3302075,0.0019882603,"TWOGAUSSIANS_WITH_ELLIPSOIDAL_ON_ECLIPSE1",9,10.140856,0.3302075,0.0019882603,0.28961867,0.03926176,0.5103362,0.018127235,0.83258635,0.0081837755,0.3057882,0.055329747,0.4146806,0.011008033
375316653866487564,2143452499072712832,0.46857965,2206.1477019696404,0.8467455451157155,1.892138E-5,16.741169,0.01003242,0.16878979,0.005277489,0.01872498,0.0031105652,0.41229507,0.08525572,0.529304,0.09505733,0.12274767,0.10631972,0.049046166,0.23163971,null,null,null,null,"TWOGAUSSIANS",8,143.10153,0.16879979,0.005282571,0.10485989,0.017419165,0.4129276,0.08534476,0.529304,0.09505733,0.4,0.29889292,0.0490217,0.23166464
375316653866487564,2143453289346677376,0.6824437,2208.3611622921694,2.7385715732544282,2.632625E-6,16.392628,0.008435959,0.25405592,9.436115E-4,0.057098933,0.0033917038,0.30004567,0.016701596,0.7571444,0.00124172,0.067534916,0.0029363337,0.2640751,0.017468357,0.07760921,0.009786411,0.25405592,9.436115E-4,"TWOGAUSSIANS_WITH_ELLIPSOIDAL_ON_ECLIPSE1",9,5.874711,0.25405592,9.436115E-4,0.319754,0.018993542,0.45501223,0.006883708,0.7571444,0.00124172,0.37819552,0.016443469,0.41898325,0.010015881
375316653866487564,2143486274695587072,0.6593537,2193.866119380631,2.964008905297462,4.8601005E-6,17.582012,0.0055759237,0.3034844,8.5083756E-4,0.04278468,0.0017717121,0.4335943,0.020677168,0.80125797,0.001228775,0.05077685,0.0013171487,0.5218535,0.017057227,0.12623274,0.008127676,0.3034844,8.5083756E-4,"TWOGAUSSIANS_WITH_ELLIPSOIDAL_ON_ECLIPSE1",9,4.7162843,0.801458,0.0010964262,0.28435037,0.007376033,0.7742704,0.011880899,0.3034844,8.5083756E-4,0.2395942,0.009921588,0.6860562,0.021764787
375316653866487564,2143515343034402688,0.51355946,2222.985636004197,2.8035885093795065,2.2668928E-5,15.6665535,0.24865079,0.2929293,0.0044885245,0.14942332,0.05172543,0.38330236,0.23883584,0.78601915,0.008057298,0.13248786,0.03248906,0.39819962,0.23490459,null,null,null,null,"TWOGAUSSIANS",8,132.63475,0.78601915,0.008057298,0.4,0.0,0.246586,0.01621901,0.2931293,0.0044242945,0.4,0.0,0.22947396,0.017647095
375316653866487564,2143533416256883328,0.55922353,2189.229856426689,1.5454849849965833,5.5884493E-6,17.390598,0.0017702199,0.18497676,0.064488634,0.03825268,0.015788037,0.047561925,0.031561255,0.67709225,0.004672365,0.027043505,0.00235754,0.21601382,0.016552126,null,null,null,null,"TWOGAUSSIANS",8,2.0057087,0.67709225,0.004672365,0.15144363,0.013202223,0.21601382,0.016552126,0.18497676,0.064488634,0.21421501,0.08841301,0.047561925,0.031561255
375316653866487564,2143562450235843456,0.5379061,2239.2085095265033,0.8963611468540915,4.998103E-6,17.429611,0.0026720269,0.6630693,0.031110274,0.06580511,0.014581652,0.018346677,0.0061141504,0.8227569,7.1995147E-4,0.009305859,3.5700455E-4,0.78357846,0.10583545,null,null,null,null,"TWOGAUSSIANS",8,4.879377,0.8227569,7.1995147E-4,0.05211281,0.0019992255,0.78454417,0.105962075,0.6630693,0.031110274,0.3685086,0.06364363,0.018346677,0.0061141504
375316653866487564,2143577804741615616,0.4939993,2185.5718065543674,0.2822136483476436,4.172019E-5,18.845083,0.004903533,0.29664272,0.050376087,0.08777929,0.031899218,0.032878175,0.010967846,0.7225668,3.451061E-4,0.013017028,0.0014494399,0.5506418,0.107822955,null,null,null,null,"TWOGAUSSIANS",8,2.733848,0.7225668,3.451061E-4,0.072895356,0.008116864,0.5506421,0.107822746,0.29664272,0.050376087,0.4,0.05563332,0.032878168,0.010967736
375316653866487564,2143595500007691264,0.5220915,2205.4125832713453,3.6165722074965108,7.967753E-6,19.30367,0.02241716,0.22358833,0.002009664,0.08287119,0.006287928,0.38141364,0.020714706,0.71055084,0.006383236,0.09324596,0.014411239,0.40629277,0.058729354,null,null,null,null,"TWOGAUSSIANS",8,2.4456294,0.71055084,0.006383236,0.4,0.0,0.39498132,0.0644168,0.22358833,0.0020091783,0.4,0.0,0.3701028,0.016295543
375316653866487564,2143623507490846592,0.4890165,2247.529458894587,1.965005970481213,4.3902528E-5,14.569767,0.10387395,0.1950163,0.054068286,0.115488276,0.0837677,0.056293428,0.099658675,0.71448016,0.018664785,0.086966105,0.087006696,0.05167741,0.08923556,null,null,null,null,"TWOGAUSSIANS",8,18.71994,0.1950163,0.054041218,0.4,0.008476054,0.052300815,0.009908377,0.71452016,0.017806971,0.4,0.0,0.047696862,0.0072641466
375316653866487564,2143626801728983168,0.47473842,2192.4783249629945,2.31929719412983,3.221891E-5,18.316607,0.010883037,0.4863224,0.0058605513,0.04894079,0.005212863,0.4795909,0.064590156,0.7799445,0.030585663,0.04367615,0.024788579,0.081480555,0.026857363,null,null,null,null,"TWOGAUSSIANS",8,30.606054,0.4863224,0.0058605513,0.27406842,0.029192032,0.4795909,0.06459016,0.7799445,0.030585663,0.24458644,0.13881604,0.08148056,0.026857384
375316653866487564,2143642504129709440,0.5730637,2215.165201217335,4.130728477030289,5.5518094E-6,18.688248,0.03743383,0.28519145,0.0023449622,0.05144374,0.008019104,0.44308767,0.09440112,0.7904824,0.0055899173,0.036807995,0.015996361,0.35755232,0.067255415,0.18041301,0.04963208,0.28519145,0.0023449622,"TWOGAUSSIANS_WITH_ELLIPSOIDAL_ON_ECLIPSE1",9,8.792135,0.28519145,0.0023449622,0.28808495,0.044906978,0.8039101,0.058643345,0.7904824,0.005439242,0.20612478,0.08957963,0.71797615,0.04324151
375316653866487564,2143645355988124672,0.47227308,2164.267009384991,2.6008838305687747,4.402175E-5,19.290766,0.89696383,0.30967695,0.015050583,0.2044373,0.1252951,0.6954617,0.88538414,0.7874883,0.025620455,0.14173962,0.053689715,0.5553729,0.558376,null,null,null,null,"TWOGAUSSIANS",8,2.3363185,0.31155694,0.011986416,0.4,0.0,0.29697698,0.02940822,0.7874883,0.025620455,0.4,0.0,0.22627401,0.02190217
375316653866487564,2143646318060850048,0.5349546,2226.368973196725,2.0706943999977225,3.5103134E-5,18.713108,0.009829468,0.4504417,0.027624175,0.06961624,0.019841291,0.017703163,0.01263017,0.86691207,0.017625788,0.021124141,0.034875974,0.48356995,0.4202792,null,null,null,null,"TWOGAUSSIANS",8,1.7946124,0.86691207,0.017625788,0.11829519,0.19530545,0.48356995,0.42028865,0.4504417,0.027624175,0.38985094,0.064848416,0.017703163,0.012623831
375316653866487564,2143660100612316928,0.5637811,2181.8335479692073,1.9195241122894544,7.864614E-6,17.825233,0.0035344101,0.2128923,0.002409664,0.048936144,0.0020452952,0.32768282,0.0055062296,0.7151567,0.004356917,0.06977793,0.0059625735,0.113005586,0.005642745,null,null,null,null,"TWOGAUSSIANS",8,2.939445,0.2128923,0.002409664,0.2740424,0.011453654,0.3276387,0.005486464,0.7151567,0.004356917,0.39075643,0.032363188,0.112961434,0.0056493036
375316653866487564,2143676829507276800,0.47610614,2164.1571040126487,0.22559489564054358,6.79558E-5,18.777203,0.012355909,0.15243368,0.010852051,0.039758347,0.006137785,0.12614027,0.026846856,0.76506245,7.997545E-4,0.006202663,0.0021852516,1.2565888,0.61090416,null,null,null,null,"TWOGAUSSIANS",8,13.299734,0.76506245,7.997545E-4,0.034734912,0.012237409,1.2565888,0.61090416,0.15243368,0.010852051,0.22264674,0.034371596,0.12614027,0.026846856
375316653866487564,2143679238986809472,0.5263691,2194.0235819753875,2.7575270454267393,1.6734966E-5,19.314201,0.0046927542,0.82109886,0.0013087087,0.03621978,0.0015675761,0.5302586,0.020691656,null,null,null,null,null,null,null,null,null,null,"ONEGAUSSIAN",5,1.6808482,0.82109886,0.0013087087,0.20283076,0.008778426,0.5302586,0.0,null,null,null,null,null,null
375316653866487564,2143708921503102208,0.49102223,2205.044157317252,2.5384877637508994,2.142821E-5,19.484133,0.021998888,0.27794892,0.0030191266,0.08498945,0.00703346,0.24851304,0.021552281,0.7830502,0.014180492,0.10613351,0.028513381,0.13269971,0.021331334,null,null,null,null,"TWOGAUSSIANS",8,1.4655043,0.27794892,0.0030191266,0.4,0.0,0.23805977,0.0099037755,0.7830502,0.014180492,0.4,0.0,0.12224234,0.01940358
375316653866487564,2143714629517316992,0.6035275,2199.686880078126,0.49898132415817587,2.9665032E-6,16.19312,0.0017092003,0.7684405,6.657583E-4,0.024030613,6.0449773E-4,0.40616125,0.0038571756,null,null,null,null,null,null,null,null,null,null,"ONEGAUSSIAN",5,9.461276,0.7684405,6.657583E-4,0.13457143,0.0033851871,0.40616125,0.0,null,null,null,null,null,null
375316653866487564,2143722566617440896,0.5125409,2219.9831883284996,0.5922090709242297,9.834192E-6,15.580993,0.0025246076,0.17444004,0.0051845107,0.033191223,0.004350547,0.05522645,0.010152186,0.8091299,0.016055996,0.007889706,0.0038629984,0.40941924,1.6442367,0.007830485,0.0034562866,0.8091299,0.016055996,"TWOGAUSSIANS_WITH_ELLIPSOIDAL_ON_ECLIPSE2",9,30.136698,0.8091299,0.016055996,0.044182353,0.021632792,0.4250801,1.6449623,0.17640004,0.0042307773,0.18587084,0.024363063,0.062201187,0.010092852
375316653866487564,2143740669901299968,0.6119186,2215.3844188456833,4.5399023712545885,6.3362777E-6,18.301594,0.011320753,0.3232787,0.0015096529,0.07331063,0.0025448534,0.54579127,0.013358695,0.8144511,0.003851727,0.082651354,0.008017564,0.43828443,0.032078777,null,null,null,null,"TWOGAUSSIANS",8,3.1487544,0.3232787,0.0015096529,0.4,0.0,0.54106086,0.012370297,0.8144511,0.003851727,0.4,0.0,0.433554,0.034454685
375316653866487564,2143755723764667648,0.599963,2277.9297587214032,2.055295029685969,6.2127045E-5,16.985123,8.617085E-4,0.27155071,0.014908252,0.014156191,0.0066161333,0.37600303,0.94061404,0.5965889,0.02116058,0.021156218,0.010523534,0.009222625,0.0061716028,null,null,null,null,"TWOGAUSSIANS",8,2.48084,0.27155071,0.014908252,0.07927467,0.037050344,0.37600303,0.94061404,0.5965889,0.02116058,0.11847482,0.05893179,0.009222625,0.0061716028
375316653866487564,2143767990191236096,0.4319521,2260.894706195441,0.44033051117288186,7.596979E-5,12.884625,0.060759947,0.3257874,0.037826814,0.06815687,0.217429,0.05199553,0.038948983,0.7781342,0.031643152,0.07568751,0.03196822,0.026613425,0.023470825,null,null,null,null,"TWOGAUSSIANS",8,95.11532,0.3257874,0.037826814,0.38167843,0.15352677,0.05194384,0.03041393,0.7781342,0.031643152,0.4,0.07453421,0.02656173,0.0063183135
375316653866487564,2143775343175289472,0.53688455,2310.0839032455824,0.13911157110494726,8.734633E-6,14.631609,0.0016708967,0.3252907,0.029215708,0.033631396,0.038699318,0.020104276,0.3207562,0.56798464,8.667055E-4,0.004040389,3.3728115E-4,0.54020303,0.09746154,0.006807912,0.0049938234,0.56798464,8.667055E-4,"TWOGAUSSIANS_WITH_ELLIPSOIDAL_ON_ECLIPSE2",9,102.10459,0.56798464,8.667055E-4,0.022626176,0.0018887745,0.5538189,0.098476835,0.32576072,0.030583313,0.18833582,0.21671617,0.020134775,0.32073057
375316653866487564,2143845162163908992,0.5871841,2214.849960155363,3.342244026960545,1.1220488E-5,17.20572,0.06979134,0.29069898,0.0024647994,0.059259508,0.014913948,0.34346834,0.13277782,0.78226006,0.004720612,0.06416084,0.012513681,0.39327738,0.14218058,0.06684609,0.07735041,0.78226006,0.004720612,"TWOGAUSSIANS_WITH_ELLIPSOIDAL_ON_ECLIPSE2",9,19.91391,0.78226006,0.004720612,0.35930067,0.05917347,0.52675,0.036996476,0.28987896,0.002064486,0.33185324,0.08351811,0.47660196,0.046954855
375316653866487564,2143875119558729984,0.44143924,2165.753262618547,0.17144099407209992,1.0374478E-4,18.981575,0.0076009734,0.32908902,0.06720161,0.012766604,0.023452686,0.21378039,0.21375792,0.75372905,0.005821434,0.021408407,0.052435163,0.20191257,0.15686683,null,null,null,null,"TWOGAUSSIANS",8,2.8714495,0.32908902,0.06720161,0.071492985,0.13133505,0.21378039,0.21375792,0.75372905,0.005821434,0.11988708,0.27242267,0.20191257,0.15686683
375316653866487564,2143880621410441088,0.47043118,2175.0634813044753,0.08090412656227461,1.8816036E-5,17.519289,0.004188552,0.24422792,0.0024569526,0.031092348,0.0030029952,0.48560533,0.19585492,0.75243133,0.0069817505,0.050365083,0.005802272,0.2104216,0.01755585,null,null,null,null,"TWOGAUSSIANS",8,3.078467,0.24422792,0.0024569526,0.17411715,0.016816773,0.48560533,0.19585492,0.75243133,0.0069817505,0.28204447,0.032492723,0.2104216,0.01755585
375316653866487564,2143880930650922880,0.48691273,2205.766762163989,0.5133376611910587,1.5738031E-5,18.427454,0.008408341,0.16651545,0.010652621,0.017888557,0.00834514,0.12452484,0.40994132,0.5626352,7.699241E-4,0.009485598,0.001395305,1.6556824,1.654838,null,null,null,null,"TWOGAUSSIANS",8,21.38003,0.5626352,7.699241E-4,0.05311935,0.007813708,1.6556824,1.654838,0.16651545,0.010652621,0.100175925,0.046732787,0.12452484,0.40994132
375316653866487564,2143886217753113856,0.53592914,2175.0183658166798,3.415942436866557,9.827251E-6,19.653894,0.014937569,0.23932908,0.0037224907,0.06522656,0.005949195,0.6453533,0.051476564,0.7402998,0.003173555,0.06618377,0.005838309,0.45244998,0.040897254,null,null,null,null,"TWOGAUSSIANS",8,2.575302,0.23932908,0.0037224907,0.36526874,0.033315495,0.64460045,0.052002292,0.7402998,0.003173555,0.3706291,0.03269453,0.45169708,0.041170787
375316653866487564,2143905463504365824,0.5291525,2253.746925746212,3.37125149453246,1.15288085E-5,13.603164,0.015866542,0.23764312,0.0074835364,0.034061383,0.030294737,0.15428907,2170001.8,0.7235136,0.0046419958,0.049195096,0.006887926,0.20245166,0.044816587,0.09168672,0.027708013,0.23764312,0.0074835364,"TWOGAUSSIANS_WITH_ELLIPSOIDAL_ON_ECLIPSE1",9,1123.8213,0.7255936,0.0036379262,0.27549255,0.038572386,0.38459417,0.022640042,0.23764312,0.0074835364,0.19074374,0.16965052,0.33766153,2170001.8
375316653866487564,2143925525294729088,0.5004411,2210.055793726564,0.251571914957662,2.2096476E-5,19.336758,0.026979124,0.30233634,0.092504255,0.040527802,0.15971865,0.37266874,0.35434106,0.49715984,0.023425149,0.0041948357,0.00376814,0.76057243,432.071,null,null,null,null,"TWOGAUSSIANS",8,1.173381,0.49715984,0.023425149,0.023491079,0.021101583,0.760576,432.0704,0.30233634,0.092504255,0.22695568,0.18266848,0.37266874,0.36009163
375316653866487564,2143926830964791040,0.5283572,2222.7237306234633,0.6893429025790806,1.1571509E-6,19.19266,0.004497468,0.08299888,2.9167632E-4,0.018162467,3.7754976E-4,0.64739305,0.0060874224,0.7533073,0.06585376,0.019170385,0.025172506,0.053176474,0.0283723,null,null,null,null,"TWOGAUSSIANS",8,1.6376793,0.08299888,2.9167632E-4,0.10170982,0.0021142787,0.64739305,0.0060874224,0.7533073,0.06585376,0.10735416,0.14096603,0.053176474,0.0283723
375316653866487564,2143943495437951616,0.57084936,2138.3907616696433,3.7856105946624496,1.0761625E-5,17.864582,0.01338377,0.28295547,0.0077127093,0.033972237,0.009745247,0.13340336,0.10457927,0.77995425,0.0134599805,0.064662814,0.015546441,0.07538701,0.029093517,0.10913686,0.01747151,0.28295547,0.0077127093,"TWOGAUSSIANS_WITH_ELLIPSOIDAL_ON_ECLIPSE1",9,4.584919,0.28295547,0.0077127093,0.19024454,0.054573383,0.35164148,0.11054513,0.7814242,0.0069764056,0.36211175,0.08706007,0.29358542,0.008237889
