Gaia/vari_eclipsing_binary/VariEclipsingBinary_513798-513845.csv
# %ECSV 1.0
# ---
# delimiter: ','
# meta: !!omap
# - RELEASE: Gaia DR3
# - TABLE: vari_eclipsing_binary
# - DESCRIPTION: >
#     This table describes the properties of the eclipsing binaries resulting from the variability analysis. 
# - CITATION: >
#     How to cite and acknowledge Gaia: 
#     https://gea.esac.esa.int/archive/documentation/credits.html 
# - KNOWN_ISSUES: >
#     Known issues: 
#     https://www.cosmos.esa.int/web/gaia-users/known-issues 
# - DOCUMENTATION: >
#     Tutorials and documentation: 
#     https://www.cosmos.esa.int/web/gaia-users/archive 
# datatype:
# - 
#   name: solution_id
#   datatype: int64
#   description: Solution Identifier
#   meta:
#     ucd: meta.version
# - 
#   name: source_id
#   datatype: int64
#   description: Unique source identifier
#   meta:
#     ucd: meta.id;meta.main
# - 
#   name: global_ranking
#   datatype: float32
#   description: Number between 0 (worst) and 1 (best)
#   meta:
#     ucd: stat.param
# - 
#   name: reference_time
#   datatype: float64
#   unit: d
#   description: Reference time used for the geometric model fit
#   meta:
#     ucd: time.epoch
# - 
#   name: frequency
#   datatype: float64
#   unit: d**-1
#   description: Frequency of geometric model of the eclipsing binary light curve
#   meta:
#     ucd: src.orbital
# - 
#   name: frequency_error
#   datatype: float32
#   unit: d**-1
#   description: "Uncertainty of \\texttt{frequency}"
#   meta:
#     ucd: stat.error
# - 
#   name: geom_model_reference_level
#   datatype: float32
#   unit: mag
#   description: Magnitude reference level of geometric model
#   meta:
#     ucd: phot.mag;em.opt
# - 
#   name: geom_model_reference_level_error
#   datatype: float32
#   unit: mag
#   description: "Uncertainty of \\texttt{geomModelReferenceLevel}"
#   meta:
#     ucd: stat.error;phot.mag;em.opt
# - 
#   name: geom_model_gaussian1_phase
#   datatype: float32
#   description: Phase of the Gaussian 1 component
#   meta:
#     ucd: time.phase
# - 
#   name: geom_model_gaussian1_phase_error
#   datatype: float32
#   description: "Uncertainty of \\texttt{geomModelGaussian1Phase}"
#   meta:
#     ucd: stat.error;time.phase
# - 
#   name: geom_model_gaussian1_sigma
#   datatype: float32
#   description: "Standard deviation [phase] of Gaussian 1 component"
#   meta:
#     ucd: stat.stdev
# - 
#   name: geom_model_gaussian1_sigma_error
#   datatype: float32
#   description: "Uncertainty of \\texttt{geomModelGaussian1Sigma}"
#   meta:
#     ucd: stat.error
# - 
#   name: geom_model_gaussian1_depth
#   datatype: float32
#   unit: mag
#   description: Magnitude depth of Gaussian 1 component
#   meta:
#     ucd: src.var.amplitude
# - 
#   name: geom_model_gaussian1_depth_error
#   datatype: float32
#   unit: mag
#   description: "Uncertainty of \\texttt{geomModelGaussian1Depth}"
#   meta:
#     ucd: stat.error;src.var.amplitude
# - 
#   name: geom_model_gaussian2_phase
#   datatype: float32
#   description: Phase of Gaussian 2 component
#   meta:
#     ucd: time.phase
# - 
#   name: geom_model_gaussian2_phase_error
#   datatype: float32
#   description: "Uncertainty of \\texttt{geomModelGaussian2Phase}"
#   meta:
#     ucd: stat.error;time.phase
# - 
#   name: geom_model_gaussian2_sigma
#   datatype: float32
[...]
#   datatype: float32
#   description: "Secondary eclipse: uncertainty of \\texttt{derivedSecondaryEclDuration}"
#   meta:
#     ucd: stat.error;time.duration
# - 
#   name: derived_secondary_ecl_depth
#   datatype: float32
#   unit: mag
#   description: "Secondary eclipse: depth"
#   meta:
#     ucd: src.var.amplitude
# - 
#   name: derived_secondary_ecl_depth_error
#   datatype: float32
#   unit: mag
#   description: "Secondary eclipse: uncertainty of \\texttt{derivedSecondaryEclDepth}"
#   meta:
#     ucd: stat.error;src.var.amplitude
solution_id,source_id,global_ranking,reference_time,frequency,frequency_error,geom_model_reference_level,geom_model_reference_level_error,geom_model_gaussian1_phase,geom_model_gaussian1_phase_error,geom_model_gaussian1_sigma,geom_model_gaussian1_sigma_error,geom_model_gaussian1_depth,geom_model_gaussian1_depth_error,geom_model_gaussian2_phase,geom_model_gaussian2_phase_error,geom_model_gaussian2_sigma,geom_model_gaussian2_sigma_error,geom_model_gaussian2_depth,geom_model_gaussian2_depth_error,geom_model_cosine_half_period_amplitude,geom_model_cosine_half_period_amplitude_error,geom_model_cosine_half_period_phase,geom_model_cosine_half_period_phase_error,model_type,num_model_parameters,reduced_chi2,derived_primary_ecl_phase,derived_primary_ecl_phase_error,derived_primary_ecl_duration,derived_primary_ecl_duration_error,derived_primary_ecl_depth,derived_primary_ecl_depth_error,derived_secondary_ecl_phase,derived_secondary_ecl_phase_error,derived_secondary_ecl_duration,derived_secondary_ecl_duration_error,derived_secondary_ecl_depth,derived_secondary_ecl_depth_error
[from data line 435]
375316653866487564,4519707678877151104,0.5688744,2144.4243356965326,2.471519799781431,7.0390524E-6,18.6541,0.0077419877,0.2618895,0.0029194518,0.08021405,0.00435016,0.48570505,0.024495296,0.7688375,0.0012463002,0.07616104,0.002537504,0.4381883,0.01046857,null,null,null,null,"TWOGAUSSIANS",8,2.7216523,0.2618895,0.0029194518,0.4,0.0,0.48088214,0.025384072,0.7688375,0.0012463002,0.4,0.0,0.4333654,0.010336213
375316653866487564,4519709676062120576,0.5656097,2127.1442082413137,2.324152907518725,9.25412E-6,17.669779,0.009621204,0.25854263,0.0028808385,0.042478986,0.01118464,0.043296125,0.025283836,0.7527387,0.0070584957,0.031189695,0.028528895,0.08179947,0.03823454,0.123249404,0.012940561,0.25854263,0.0028808385,"TWOGAUSSIANS_WITH_ELLIPSOIDAL_ON_ECLIPSE1",9,7.8531423,0.75382876,0.005180232,0.17466229,0.15976182,0.32803217,0.05740874,0.25854263,0.0028808385,0.23788232,0.062633984,0.28979492,0.0074837166
375316653866487564,4519710019642894208,0.51122636,2099.7372393906085,3.3323380971808856,1.4738309E-5,19.839401,0.01306098,0.26740277,0.0051415293,0.064496085,0.0085382825,0.48446566,0.027699055,0.7605732,0.0046647643,0.07586608,0.0054224767,0.5307359,0.027097568,null,null,null,null,"TWOGAUSSIANS",8,3.3621297,0.7605732,0.0046647643,0.4,0.0,0.52923954,0.027218623,0.26740277,0.0051415293,0.36117807,0.047814384,0.48296925,0.028686613
375316653866487564,4519710397599779072,0.43062523,2147.435112438856,2.209398600486743,1.6969028E-5,19.041763,0.0069305715,0.18895286,0.0061163525,0.04367799,0.0070960857,0.1604951,0.01785948,0.71704555,0.008415237,0.059764702,0.0074153165,0.10054429,0.017397555,null,null,null,null,"TWOGAUSSIANS",8,6.0631695,0.18895286,0.0061163525,0.24459673,0.039738078,0.16049457,0.01785983,0.71704555,0.008415237,0.33468232,0.041525774,0.10054376,0.017397713
375316653866487564,4519711325329745280,0.5415203,2135.1255748005733,2.212543741305788,1.2894753E-5,18.477243,0.0070498143,0.2588999,0.0036618088,0.085736096,0.0053887554,0.25197378,0.008794852,0.76532054,0.0037745002,0.08819653,0.0036579808,0.26578438,0.012017214,null,null,null,null,"TWOGAUSSIANS",8,2.67408,0.76532054,0.0037745002,0.4,0.0,0.25831497,0.010978564,0.2588999,0.0036618088,0.4,0.0,0.2445044,0.008159636
375316653866487564,4519711359672948864,0.51358396,2130.559754734076,3.4498067959812895,1.6399988E-5,19.554972,0.013415246,0.2609311,0.00372174,0.07603532,0.0056746104,0.40655246,0.023398373,0.7524564,0.004187567,0.07099585,0.006630548,0.5352617,0.02719603,null,null,null,null,"TWOGAUSSIANS",8,3.598009,0.7524564,0.004187567,0.39757675,0.029242486,0.53291756,0.027458709,0.2609311,0.00372174,0.4,0.0,0.4042084,0.023492025
375316653866487564,4519711497111869312,0.5370431,2137.6777026953664,2.8272608142332145,8.525262E-6,19.352129,0.019569026,0.2669524,0.002174016,0.07876467,0.004536163,0.43599248,0.022406925,0.7589632,0.0031470018,0.07832314,0.0076991008,0.47593105,0.034585565,null,null,null,null,"TWOGAUSSIANS",8,2.6994631,0.7589632,0.0031470018,0.4,0.0,0.4710477,0.035887364,0.2669524,0.002174016,0.4,0.0,0.43110913,0.020937212
375316653866487564,4519712562280234752,0.5583484,2136.783473243663,3.3314569267026677,7.627716E-6,17.421652,0.016274564,0.2312974,0.0026095028,0.08252392,0.0043355217,0.53135073,0.016758628,0.7558603,0.0036527107,0.07786067,0.006118534,0.38060626,0.017650027,null,null,null,null,"TWOGAUSSIANS",8,23.438274,0.2312974,0.0026095028,0.4,0.0,0.52705884,0.015505767,0.7558603,0.0036527107,0.4,0.0,0.3763144,0.016327767
375316653866487564,4519713696151737984,0.5409147,2137.256520646178,4.009245112910225,1.1032753E-5,16.536976,0.0037108234,0.21032879,0.0013208002,0.0844395,0.0040819086,0.12275802,0.0035754282,0.7076728,0.006102282,0.08804694,0.0051028104,0.13890539,0.007886954,null,null,null,null,"TWOGAUSSIANS",8,7.40202,0.7076728,0.006102282,0.4,0.0,0.13516214,0.007463237,0.21032879,0.0013208002,0.4,0.0,0.11901479,0.0034327516
375316653866487564,4519713867934192128,0.45009777,2134.536705509331,3.38996868715989,4.547185E-5,19.2085,0.011923218,0.26676485,0.007833812,0.09432675,0.01246226,0.12831107,0.012926413,0.7512201,0.014737256,0.069172285,0.01917922,0.177576,0.02129666,null,null,null,null,"TWOGAUSSIANS",8,3.88003,0.7512201,0.014737256,0.3873648,0.08189621,0.17556964,0.021605588,0.26676485,0.007833812,0.4,0.0,0.12630442,0.011047836
375316653866487564,4519714688269634944,0.5208456,2141.753200981733,2.180006941312308,2.1261874E-5,17.913424,0.0037399072,0.28223386,0.00277946,0.077062756,0.003696542,0.20267649,0.007883982,0.7855716,0.0082597835,0.08620894,0.007990224,0.11702891,0.0074247797,null,null,null,null,"TWOGAUSSIANS",8,2.757093,0.28223386,0.00277946,0.4,0.0,0.20007801,0.008028319,0.7855716,0.0082597835,0.4,0.0,0.114430405,0.007245129
375316653866487564,4519715100586571264,0.5837254,2128.2606930499383,3.374260725753729,6.62406E-6,18.55604,0.009882927,0.26350442,0.0024725252,0.07120339,0.0034302226,0.39709163,0.009677816,0.7673963,0.0033028373,0.078404196,0.003940579,0.4829593,0.014625784,null,null,null,null,"TWOGAUSSIANS",8,3.195707,0.7673963,0.0033028373,0.4,0.0,0.47993478,0.014101819,0.26350442,0.0024725252,0.39873898,0.015204447,0.3940671,0.008842222
375316653866487564,4519715345419904768,0.61063844,2156.709721602432,2.0294586322862296,4.4513035E-6,16.20421,0.0038159238,0.18793674,0.0025870265,0.09876993,0.0045640026,0.13648534,0.0038450405,0.6839601,0.0010687964,0.09822054,0.0025885885,0.18173565,0.003822182,null,null,null,null,"TWOGAUSSIANS",8,3.5231445,0.6839601,0.0010687964,0.4,0.0,0.16982432,0.0027746737,0.18793674,0.0025870265,0.4,0.0,0.124574125,0.0026943074
375316653866487564,4519715448498892672,0.63459474,2139.502529656546,1.5950624888654952,4.207312E-6,15.948147,0.0057869134,0.25833917,0.0012110408,0.095564224,0.0023715713,0.27055314,0.0062313224,0.75937843,0.0015113617,0.10619959,0.0038495963,0.25347182,0.004799717,null,null,null,null,"TWOGAUSSIANS",8,6.548013,0.25833917,0.0012110408,0.4,0.0,0.24666193,0.0039935545,0.75937843,0.0015113617,0.4,0.0,0.22957341,0.0038515928
375316653866487564,4519715620297590016,0.64937806,2138.4284442699663,0.12432980434427614,1.2117223E-6,14.756198,0.0010280613,0.1612755,1.8251248E-4,0.009239068,2.155818E-4,0.43287998,0.006188401,0.60736287,0.003989515,0.008514424,0.0022619998,0.44342682,0.19237885,null,null,null,null,"TWOGAUSSIANS",8,26.963795,0.60736287,0.003989515,0.047680773,0.0126672,0.44342682,0.19237885,0.1612755,1.8251248E-4,0.051738784,0.0012072581,0.43287998,0.006188401
375316653866487564,4519716406255908608,0.57734454,2137.46509233187,2.74518630988249,1.0617434E-5,17.972242,0.027281987,0.13774146,0.0034657777,0.049850054,0.010811991,0.29737663,0.04085201,0.6440782,0.005309467,0.051364366,0.007961691,0.2834094,0.052025497,0.11849333,0.025953531,0.13774146,0.0034657777,"TWOGAUSSIANS_WITH_ELLIPSOIDAL_ON_ECLIPSE1",9,10.595414,0.13774146,0.0034657777,0.2791603,0.06054715,0.53436,0.03783526,0.6440782,0.005309467,0.28764045,0.04458547,0.52001727,0.013297831
375316653866487564,4519716646774871808,0.51931596,2112.2979561303787,3.148877186404734,1.2461115E-5,19.537209,0.01955631,0.3310248,0.0021743707,0.07180574,0.004341547,0.6997803,0.06564075,0.8359608,0.0034820554,0.07962079,0.007556512,0.44292724,0.025850292,null,null,null,null,"TWOGAUSSIANS",8,3.8111086,0.3310248,0.0021743707,0.4,0.018022072,0.69556504,0.066274464,0.8359608,0.0034820554,0.4,0.0,0.43871194,0.026944464
375316653866487564,4519716788528927872,0.5758885,2099.6926885457096,1.9991285909043794,8.358704E-6,16.284245,0.00747084,0.18295571,0.0017881826,0.08043004,0.0021560607,0.45121682,0.009204804,0.6853133,0.0022635781,0.08181103,0.0029353884,0.4254105,0.009672213,null,null,null,null,"TWOGAUSSIANS",8,32.13253,0.18295571,0.0017881826,0.4,0.0,0.44396242,0.00839856,0.6853133,0.0022635781,0.4,0.0,0.41815612,0.009156993
375316653866487564,4519716857248366976,0.5034414,2138.795831844906,3.680112081795624,1.7070846E-5,19.266628,0.018505363,0.29323125,0.0055651697,0.07895147,0.00958369,0.33664802,0.021943213,0.7676642,0.0077608977,0.08691739,0.010811277,0.3639633,0.023077099,null,null,null,null,"TWOGAUSSIANS",8,4.878888,0.7676642,0.0077608977,0.4,0.0,0.35933575,0.021519283,0.29323125,0.0055651697,0.4,0.0,0.3320206,0.021868093
375316653866487564,4519717024731229824,0.5118604,2126.4727152661458,2.0283579875695055,1.13969645E-5,18.882723,0.014442109,0.2899614,0.004871097,0.09430793,0.010598833,0.21388377,0.01670835,0.7982778,0.0042790635,0.08839899,0.007858461,0.23039162,0.014538228,null,null,null,null,"TWOGAUSSIANS",8,1.9462703,0.7982778,0.0042790635,0.4,0.0,0.22115211,0.010512603,0.2899614,0.004871097,0.4,0.0,0.20464395,0.016606243
375316653866487564,4519718364762068352,0.5825506,2086.6346784413377,2.8157622734011203,6.9063763E-6,18.239511,0.0075306953,0.2636268,0.0026275814,0.08697923,0.0032095814,0.4330489,0.009600687,0.766371,0.00253405,0.08567076,0.004024932,0.43665126,0.012956798,null,null,null,null,"TWOGAUSSIANS",8,3.796768,0.766371,0.00253405,0.4,0.0,0.42411774,0.013368813,0.2636268,0.0026275814,0.4,0.0,0.42051536,0.00836962
375316653866487564,4519718536560429952,0.48812926,2135.951125628306,3.5305568714993134,2.773061E-5,19.479517,0.010675694,0.17208692,0.008975941,0.08472725,0.012383666,0.3029743,0.02575894,0.70362616,0.004680695,0.077832624,0.0062641283,0.26950902,0.014649391,null,null,null,null,"TWOGAUSSIANS",8,3.6638615,0.17208692,0.008975941,0.4,0.0,0.30024502,0.02673631,0.70362616,0.004680695,0.4,0.0,0.2667798,0.013688713
375316653866487564,4519721354059366016,0.54552066,2070.585541742847,3.168073611958693,1.4127689E-5,19.147358,0.016183151,0.21660787,0.003731388,0.090232246,0.0068479,0.32033342,0.016880905,0.70303065,0.0037559331,0.08036985,0.0058834055,0.45932063,0.020021787,null,null,null,null,"TWOGAUSSIANS",8,2.322766,0.70303065,0.0037559331,0.4,0.0,0.45118698,0.019627512,0.21660787,0.003731388,0.4,0.0,0.31219956,0.014767924
375316653866487564,4519722767123527680,0.5293148,2113.0949077146765,2.899188383666762,1.3628165E-5,17.317219,0.020347456,0.22140262,0.003064053,0.102398954,0.0073572216,0.30714962,0.020177647,0.72010756,0.002648259,0.10631087,0.00924673,0.31686032,0.015321921,null,null,null,null,"TWOGAUSSIANS",8,13.274802,0.72010756,0.002648259,0.4,0.0,0.28199264,0.012662158,0.22140262,0.003064053,0.4,0.0,0.27228785,0.009541954
375316653866487564,4519723248160152192,0.6341132,2115.685670669789,2.3460200673857017,7.867543E-6,16.155529,0.0031853332,0.3075879,0.0015432213,0.041495126,0.009461778,0.057331968,0.007932444,0.7941823,0.005993237,0.027486634,0.018250225,0.030630471,0.0129057905,0.10472888,0.004343112,0.3075879,0.0015432213,"TWOGAUSSIANS_WITH_ELLIPSOIDAL_ON_ECLIPSE1",9,7.5073514,0.3075879,0.0015432213,0.23237272,0.05298596,0.2667897,0.007452454,0.7980923,0.0048936834,0.15392515,0.10220125,0.23903517,0.01734648
375316653866487564,4519723278203636096,0.5971437,2097.362887025417,2.7083647438312832,7.22478E-6,18.917042,0.006985502,0.24598919,0.0037851701,0.07243654,0.0039084964,0.4761991,0.013282368,0.7420765,0.003188133,0.067013845,0.0035694898,0.5082404,0.02924179,null,null,null,null,"TWOGAUSSIANS",8,2.1709287,0.7420765,0.003188133,0.37527752,0.019989142,0.5068064,0.029369479,0.24598919,0.0037851701,0.4,0.0023333707,0.47476506,0.013227723
375316653866487564,4519724068478673024,0.5797208,2097.215089953128,3.038507948213119,9.958732E-6,18.955421,0.006844956,0.2686254,0.0018037303,0.06913889,0.0021231587,0.60913175,0.016620718,0.77267635,0.0019240205,0.06659558,0.0023406278,0.5326158,0.020837873,null,null,null,null,"TWOGAUSSIANS",8,1.8480746,0.2686254,0.0018037303,0.3871778,0.011889689,0.60797685,0.016731277,0.77267635,0.0019240205,0.37293524,0.013107516,0.5314609,0.020928388
375316653866487564,4519724175873103360,0.500173,2072.8034709532853,1.3880200840534753,1.8438797E-5,17.629902,0.0053347587,0.25589624,0.004542726,0.08599079,0.010586906,0.111430004,0.0065021077,0.7544638,0.008931311,0.080822445,0.010740866,0.061369855,0.007515719,null,null,null,null,"TWOGAUSSIANS",8,2.4738283,0.25589624,0.004542726,0.4,0.0,0.109617434,0.007018293,0.7544638,0.008931311,0.4,0.0,0.059557293,0.0071624415
375316653866487564,4519725167989002752,0.53166485,2116.257153236906,2.6736549175166098,1.4965655E-5,18.379635,0.008494781,0.22079377,0.0031747858,0.09591905,0.0062234886,0.16286306,0.008158873,0.72279733,0.0038091158,0.103332855,0.009625446,0.14184652,0.009710163,null,null,null,null,"TWOGAUSSIANS",8,1.396291,0.22079377,0.0031747858,0.4,0.0,0.15020011,0.0046426635,0.72279733,0.0038091158,0.4,0.0,0.12918164,0.010394909
375316653866487564,4519725305427966464,0.5574078,2120.377826033682,1.111834392796347,9.039986E-6,15.34157,4.2200694E-4,0.72516644,0.0016475439,0.026187217,0.0018684106,0.064962715,0.0073067,null,null,null,null,null,null,0.020270918,6.289831E-4,0.72516644,0.0016475439,"ONEGAUSSIAN_WITH_ELLIPSOIDAL",6,3.1731057,0.72516644,0.0016475439,0.1466484,0.010463099,0.10550449,0.007359223,null,null,null,null,null,null
375316653866487564,4519725820823008512,0.6119536,2095.4279567491776,2.296018640092909,3.91336E-6,17.48118,0.0051984405,0.26916555,0.0019896934,0.06731505,0.0026246666,0.2576402,0.006107733,0.7657309,9.941072E-4,0.07304338,0.003092502,0.5019822,0.017927768,null,null,null,null,"TWOGAUSSIANS",8,6.560725,0.7657309,9.941072E-4,0.4,0.0,0.5008147,0.01825823,0.26916555,0.0019896934,0.37696427,0.014698133,0.25647268,0.0059722024
375316653866487564,4519725928206870912,0.49093568,2107.748530561529,1.5626381056385923,5.8102483E-5,19.610271,0.0100336075,0.31906345,0.0022267576,0.01987517,0.0035462964,0.14878,0.014793812,0.85627824,0.048368253,0.007255315,0.054849584,5.3623033,7.6912704,0.015911192,0.012889825,0.85627824,0.048368253,"TWOGAUSSIANS_WITH_ELLIPSOIDAL_ON_ECLIPSE2",9,2.5225306,0.85627824,0.048368253,0.040629763,0.30715767,5.3941255,7.6811,0.31930345,0.0021406626,0.11130095,0.01985926,0.17890465,0.022033015
375316653866487564,4519726477975560448,0.5235112,2093.571349306641,2.393463719684434,7.80047E-6,15.609005,0.018708216,0.29422286,0.0016977828,0.19149402,0.008102813,0.6524413,0.020339152,0.7955717,0.001725051,0.201821,0.008889733,0.6565013,0.024894346,null,null,null,null,"TWOGAUSSIANS",8,15.207582,0.29319286,0.0017578594,0.4,0.0,0.13202043,0.0021366093,0.7965717,0.0018829297,0.4,0.0,0.11823025,0.0018539331
375316653866487564,4519727126496677760,0.59789604,2062.95125389958,3.4871817115264445,7.2620423E-6,17.8032,0.031609803,0.20292427,0.0019777266,0.06500015,0.008189708,0.30365747,0.07707897,0.708533,0.0037929555,0.055387244,0.010355027,0.2344851,0.07155399,0.11325268,0.043685067,0.20292427,0.0019777266,"TWOGAUSSIANS_WITH_ELLIPSOIDAL_ON_ECLIPSE1",9,5.6738806,0.20292427,0.0019777266,0.36400083,0.045862366,0.529974,0.033463128,0.708533,0.0037929555,0.31016856,0.057988152,0.46052042,0.019420205
375316653866487564,4519728260365817472,0.54210854,2113.701396270066,2.2851220448881633,9.22635E-6,18.0932,0.039298967,0.2571705,0.0036857,0.056546584,0.011425913,0.26959646,0.08124181,0.7632432,0.013144896,0.05099873,0.016840644,0.25661233,0.0801343,0.15525569,0.04249736,0.2571705,0.0036857,"TWOGAUSSIANS_WITH_ELLIPSOIDAL_ON_ECLIPSE1",9,17.769548,0.2571705,0.0036857,0.31666085,0.06398511,0.5800906,0.029374814,0.7632432,0.012407959,0.28559288,0.09430761,0.5666546,0.034470785
375316653866487564,4519728711344866944,0.4845046,2093.627647159208,3.4755196747530026,2.5625728E-5,19.671808,0.021077704,0.256817,0.0068589435,0.07827757,0.017844705,0.30218953,0.03777939,0.76042336,0.0033890982,0.08601302,0.008092815,0.24910899,0.020996882,null,null,null,null,"TWOGAUSSIANS",8,2.8164978,0.256817,0.0068589435,0.4,0.0,0.2972231,0.042707514,0.76042336,0.0033890982,0.4,0.0,0.24414252,0.016522571
