Gaia/vari_eclipsing_binary/VariEclipsingBinary_229035-229177.csv
# %ECSV 1.0
# ---
# delimiter: ','
# meta: !!omap
# - RELEASE: Gaia DR3
# - TABLE: vari_eclipsing_binary
# - DESCRIPTION: >
#     This table describes the properties of the eclipsing binaries resulting from the variability analysis. 
# - CITATION: >
#     How to cite and acknowledge Gaia: 
#     https://gea.esac.esa.int/archive/documentation/credits.html 
# - KNOWN_ISSUES: >
#     Known issues: 
#     https://www.cosmos.esa.int/web/gaia-users/known-issues 
# - DOCUMENTATION: >
#     Tutorials and documentation: 
#     https://www.cosmos.esa.int/web/gaia-users/archive 
# datatype:
# - 
#   name: solution_id
#   datatype: int64
#   description: Solution Identifier
#   meta:
#     ucd: meta.version
# - 
#   name: source_id
#   datatype: int64
#   description: Unique source identifier
#   meta:
#     ucd: meta.id;meta.main
# - 
#   name: global_ranking
#   datatype: float32
#   description: Number between 0 (worst) and 1 (best)
#   meta:
#     ucd: stat.param
# - 
#   name: reference_time
#   datatype: float64
#   unit: d
#   description: Reference time used for the geometric model fit
#   meta:
#     ucd: time.epoch
# - 
#   name: frequency
#   datatype: float64
#   unit: d**-1
#   description: Frequency of geometric model of the eclipsing binary light curve
#   meta:
#     ucd: src.orbital
# - 
#   name: frequency_error
#   datatype: float32
#   unit: d**-1
#   description: "Uncertainty of \\texttt{frequency}"
#   meta:
#     ucd: stat.error
# - 
#   name: geom_model_reference_level
#   datatype: float32
#   unit: mag
#   description: Magnitude reference level of geometric model
#   meta:
#     ucd: phot.mag;em.opt
# - 
#   name: geom_model_reference_level_error
#   datatype: float32
#   unit: mag
#   description: "Uncertainty of \\texttt{geomModelReferenceLevel}"
#   meta:
#     ucd: stat.error;phot.mag;em.opt
# - 
#   name: geom_model_gaussian1_phase
#   datatype: float32
#   description: Phase of the Gaussian 1 component
#   meta:
#     ucd: time.phase
# - 
#   name: geom_model_gaussian1_phase_error
#   datatype: float32
#   description: "Uncertainty of \\texttt{geomModelGaussian1Phase}"
#   meta:
#     ucd: stat.error;time.phase
# - 
#   name: geom_model_gaussian1_sigma
#   datatype: float32
#   description: "Standard deviation [phase] of Gaussian 1 component"
#   meta:
#     ucd: stat.stdev
# - 
#   name: geom_model_gaussian1_sigma_error
#   datatype: float32
#   description: "Uncertainty of \\texttt{geomModelGaussian1Sigma}"
#   meta:
#     ucd: stat.error
# - 
#   name: geom_model_gaussian1_depth
#   datatype: float32
#   unit: mag
#   description: Magnitude depth of Gaussian 1 component
#   meta:
#     ucd: src.var.amplitude
# - 
#   name: geom_model_gaussian1_depth_error
#   datatype: float32
#   unit: mag
#   description: "Uncertainty of \\texttt{geomModelGaussian1Depth}"
#   meta:
#     ucd: stat.error;src.var.amplitude
# - 
#   name: geom_model_gaussian2_phase
#   datatype: float32
#   description: Phase of Gaussian 2 component
#   meta:
#     ucd: time.phase
# - 
#   name: geom_model_gaussian2_phase_error
#   datatype: float32
#   description: "Uncertainty of \\texttt{geomModelGaussian2Phase}"
#   meta:
#     ucd: stat.error;time.phase
# - 
#   name: geom_model_gaussian2_sigma
#   datatype: float32
[...]
#   datatype: float32
#   description: "Secondary eclipse: uncertainty of \\texttt{derivedSecondaryEclDuration}"
#   meta:
#     ucd: stat.error;time.duration
# - 
#   name: derived_secondary_ecl_depth
#   datatype: float32
#   unit: mag
#   description: "Secondary eclipse: depth"
#   meta:
#     ucd: src.var.amplitude
# - 
#   name: derived_secondary_ecl_depth_error
#   datatype: float32
#   unit: mag
#   description: "Secondary eclipse: uncertainty of \\texttt{derivedSecondaryEclDepth}"
#   meta:
#     ucd: stat.error;src.var.amplitude
solution_id,source_id,global_ranking,reference_time,frequency,frequency_error,geom_model_reference_level,geom_model_reference_level_error,geom_model_gaussian1_phase,geom_model_gaussian1_phase_error,geom_model_gaussian1_sigma,geom_model_gaussian1_sigma_error,geom_model_gaussian1_depth,geom_model_gaussian1_depth_error,geom_model_gaussian2_phase,geom_model_gaussian2_phase_error,geom_model_gaussian2_sigma,geom_model_gaussian2_sigma_error,geom_model_gaussian2_depth,geom_model_gaussian2_depth_error,geom_model_cosine_half_period_amplitude,geom_model_cosine_half_period_amplitude_error,geom_model_cosine_half_period_phase,geom_model_cosine_half_period_phase_error,model_type,num_model_parameters,reduced_chi2,derived_primary_ecl_phase,derived_primary_ecl_phase_error,derived_primary_ecl_duration,derived_primary_ecl_duration_error,derived_primary_ecl_depth,derived_primary_ecl_depth_error,derived_secondary_ecl_phase,derived_secondary_ecl_phase_error,derived_secondary_ecl_duration,derived_secondary_ecl_duration_error,derived_secondary_ecl_depth,derived_secondary_ecl_depth_error
[from data line 686]
375316653866487564,2015673060193944448,0.43576068,2211.820475254096,1.613100235320713,5.4067852E-5,18.816423,0.0064617456,0.4065411,0.0062280376,0.063260585,0.006829384,0.15914175,0.010758193,0.8838315,0.016257478,0.040603086,0.01112793,0.106619224,0.021567361,null,null,null,null,"TWOGAUSSIANS",8,3.874523,0.4065411,0.0062280376,0.35425928,0.03824455,0.15914091,0.01075781,0.8838315,0.016257478,0.22737728,0.06231641,0.10661838,0.021567337
375316653866487564,2015673270655168896,0.5345438,2175.459382630184,0.8725891635221894,1.6775271E-5,17.77627,0.0017476658,0.6003736,0.002086828,0.024964994,0.002471476,0.19891822,0.008802482,null,null,null,null,null,null,null,null,null,null,"ONEGAUSSIAN",5,2.822062,0.6003736,0.002086828,0.13980396,0.013840266,0.19891822,0.0,null,null,null,null,null,null
375316653866487564,2015674232727808000,0.52821285,2181.348737288208,0.8567595581765699,1.8266113E-5,15.486116,0.0079715,0.23339547,0.0033985567,0.090153,0.009847156,0.061606064,0.007606665,0.72809887,0.012975036,0.10216679,0.033050258,0.05868505,0.0064749112,null,null,null,null,"TWOGAUSSIANS",8,8.150235,0.23339547,0.0033929446,0.4,0.0,0.05781075,0.0024957391,0.72809887,0.012975036,0.4,0.0,0.054889,0.007833303
375316653866487564,2015675400958925824,0.4755267,2188.357922088814,0.25864086869041386,3.9001145E-5,16.263556,0.0031133294,0.2258053,0.04086507,0.018304475,0.020787746,0.2932772,0.23257516,0.68222064,0.0073259315,0.0106953485,0.010659745,0.26564053,0.80655676,0.005056693,0.0057166126,0.2258053,0.04086507,"TWOGAUSSIANS_WITH_ELLIPSOIDAL_ON_ECLIPSE1",9,59.82337,0.2258053,0.04086507,0.10250506,0.11641137,0.30339056,0.22812888,0.68223065,0.0073237815,0.05989395,0.059694573,0.27501443,0.808078
375316653866487564,2015676118210655360,0.618592,2184.2638011152562,0.7225673937363841,4.425065E-6,18.869432,0.0052302857,0.2856303,0.0020254203,0.03435761,0.0016435715,1.6260498,0.03736121,0.78727776,0.0029651148,0.036260422,0.003117656,0.16085945,0.036708742,null,null,null,null,"TWOGAUSSIANS",8,6.205066,0.2856303,0.0020254203,0.19240263,0.009204001,1.6260498,0.03736121,0.78727776,0.0029651148,0.20305836,0.017458875,0.16085945,0.036708742
375316653866487564,2015676225592614272,0.5394337,2191.6585601606957,0.3257043782815675,1.2882789E-4,18.104399,0.0020274257,0.12542711,0.009612236,0.034704924,0.005728003,0.39173412,0.09613379,0.37109274,0.019980922,0.02026078,0.01755707,0.016077459,24.510983,null,null,null,null,"TWOGAUSSIANS",8,2.3446975,0.12542711,0.009612236,0.19434758,0.032076817,0.39173412,0.09613379,0.37109274,0.019980922,0.11346036,0.09831959,0.016077459,24.510983
375316653866487564,2015677771781682304,0.56127137,2199.0908735436537,0.5611238800348687,1.8696031E-5,17.663567,0.0013601985,0.37217507,0.014001574,0.026608216,0.011412402,0.01628433,0.0075161406,0.7759717,0.004091417,0.018035974,0.004195858,0.20794487,0.010804385,null,null,null,null,"TWOGAUSSIANS",8,1.7364991,0.7759717,0.004091417,0.10100146,0.023496805,0.20794487,0.010804385,0.37217507,0.014001574,0.14900601,0.06390945,0.01628433,0.0075161406
375316653866487564,2015679588543991808,0.6209809,2263.3953290087093,3.1078749843911857,4.6772907E-6,18.078012,0.0047315904,0.30424005,0.0018447803,0.04202924,0.0030677563,0.2061682,0.011174228,0.79306626,0.0041269977,0.04201176,0.0035176293,0.17987652,0.017217416,0.10907491,0.0064053987,0.30424005,0.0018447803,"TWOGAUSSIANS_WITH_ELLIPSOIDAL_ON_ECLIPSE1",9,2.2460706,0.30424005,0.0018447803,0.23536375,0.017179435,0.42431772,0.008331056,0.79467624,0.003568143,0.23526587,0.019698724,0.39710724,0.013377942
375316653866487564,2015680344458264832,0.4530211,2196.0700077593397,2.7982954346587277,2.623304E-5,18.742842,0.004230132,0.302618,0.02551628,0.026864985,0.018294618,0.25116172,9.161047,0.77674437,0.0081182895,0.053746484,0.0052169934,0.16082591,0.03582448,null,null,null,null,"TWOGAUSSIANS",8,6.047576,0.302618,0.02551628,0.15044391,0.10244986,0.25116172,9.161047,0.77674437,0.0081182895,0.3009803,0.029215163,0.16082591,0.03582448
375316653866487564,2015681929309984896,0.65199065,2196.6347371785364,2.859062569728525,4.2261763E-6,17.194998,0.0097505115,0.22352333,8.2103215E-4,0.041965246,0.0018498498,0.54684925,0.02208219,0.72824514,0.0037026734,0.042229313,0.005935371,0.34836343,0.051336773,0.15798093,0.013467283,0.22352333,8.2103215E-4,"TWOGAUSSIANS_WITH_ELLIPSOIDAL_ON_ECLIPSE1",9,9.358512,0.22352333,8.2103215E-4,0.2350054,0.010359159,0.862811,0.01308197,0.72824514,0.0037026734,0.23648416,0.033238076,0.66404724,0.06192888
375316653866487564,2015682268606387712,0.6034883,2189.72642023403,2.053456433288691,8.537266E-6,17.384985,0.0016426449,0.55596155,0.0015593575,0.054034825,0.0012642267,0.31849474,0.007686265,0.84048444,0.0043883603,0.016262712,0.005372693,0.03272664,0.009201417,null,null,null,null,"TWOGAUSSIANS",8,2.9759066,0.55596155,0.0015593575,0.30259502,0.00707967,0.31849474,0.007686265,0.84048444,0.0043883603,0.09107119,0.03008708,0.032726943,0.009201456
375316653866487564,2015682616504743936,0.41709456,2199.4483202635133,1.0643264325377946,1.1358486E-4,13.98216,0.02660164,0.36228406,0.11405037,0.12877968,0.09853408,0.013874915,0.013544864,0.7730456,0.07259562,0.18663669,0.15092364,0.02219492,0.02622065,null,null,null,null,"TWOGAUSSIANS",8,19.42167,0.7730456,0.07259562,0.4,0.0,0.015936568,0.002381754,0.40134406,0.38400292,0.4,0.0,0.010038146,0.0062510627
375316653866487564,2015682788295478144,0.5572873,2191.9152642134554,3.3466973054442204,6.2148033E-6,19.296824,0.009918037,0.17557313,0.002456507,0.06628921,0.0038808805,0.58464026,0.018486638,0.67879087,0.0028240292,0.06553414,0.0038970972,0.6281457,0.021087816,null,null,null,null,"TWOGAUSSIANS",8,3.0297987,0.67879087,0.0028240292,0.3669912,0.021823745,0.6273155,0.02119685,0.17557313,0.002456507,0.37121958,0.021732932,0.5838101,0.018581554
375316653866487564,2015682788303421312,0.50973994,2188.350853681424,0.7219186585779412,1.4962301E-5,17.101414,0.0015165824,0.15522666,1.628152E-4,0.011232932,7.7083905E-4,2.3370714,1.0641408,0.42761493,0.05038934,0.022864914,0.038396787,0.004875902,1123.7212,null,null,null,null,"TWOGAUSSIANS",8,7.0686693,0.15522666,1.628152E-4,0.06290442,0.0043166983,2.3370714,1.0641408,0.42761493,0.05038934,0.12804352,0.215022,0.004875902,1123.7212
375316653866487564,2015685154821986944,0.5727173,2203.2617059500344,2.6157818040368737,6.9229777E-6,18.503664,0.0062228576,0.18979746,0.0022630738,0.07283799,0.0032845568,0.4337876,0.016058244,0.68976337,0.0018010502,0.072043024,0.002476601,0.4223472,0.00997573,null,null,null,null,"TWOGAUSSIANS",8,3.0540807,0.18979746,0.0022630738,0.4,0.0017303048,0.43156964,0.016341645,0.68976337,0.0018010502,0.4,0.0014009255,0.4201292,0.009850904
375316653866487564,2015687182048267520,0.5541425,2184.955369355692,0.3311837681107833,9.654146E-6,18.640015,0.0031752924,0.1144945,0.028672185,0.015181728,0.011908379,0.28492793,0.29385558,0.6100005,6.922015E-4,0.014085916,6.808958E-4,0.3144779,0.008845947,null,null,null,null,"TWOGAUSSIANS",8,2.2289014,0.6100005,6.922015E-4,0.07888113,0.0038130167,0.3144779,0.008845947,0.1144945,0.028672185,0.08501767,0.06668693,0.28492793,0.29385558
375316653866487564,2015688492020318336,0.64283776,2202.5813036850413,0.9461888894655418,2.9265204E-6,12.440406,0.0013161525,0.2617463,6.3624606E-4,0.032644704,8.841454E-4,0.17300025,0.004518177,0.760401,0.003129397,0.033046708,0.0058894022,0.16991138,0.27301678,0.010429893,0.0018017652,0.2617463,6.3624606E-4,"TWOGAUSSIANS_WITH_ELLIPSOIDAL_ON_ECLIPSE1",9,24.068453,0.2617463,6.3624606E-4,0.18281035,0.004951214,0.19385998,0.0036957066,0.760411,0.0030979346,0.18506157,0.03298065,0.19076964,0.27403748
375316653866487564,2015689454092961408,0.4672525,2187.9522360269552,1.0587724813219608,5.0129467E-5,18.254366,0.006288602,0.29065794,0.011166396,0.009998732,0.0070851925,0.25965875,0.16648094,0.5878086,0.0071602175,0.020321464,0.023557356,0.10983543,0.05351959,0.018177355,0.00984766,0.29065794,0.011166396,"TWOGAUSSIANS_WITH_ELLIPSOIDAL_ON_ECLIPSE1",9,6.1687684,0.29065794,0.011166396,0.0559929,0.039677076,0.29601324,0.16652109,0.5882886,0.00832306,0.113800205,0.13192119,0.1129646,0.0527728
375316653866487564,2015692576526053248,0.5511808,2183.431436435104,0.8884469921021808,7.796181E-6,19.11638,0.0039477996,0.2443438,0.002489456,0.03029366,0.0015687317,0.81704944,0.061518837,0.74788266,0.005273607,0.034882013,0.0035296245,0.24615349,0.026468826,null,null,null,null,"TWOGAUSSIANS",8,1.7401043,0.2443438,0.002489456,0.1696445,0.008784898,0.81704944,0.061518837,0.74788266,0.005273607,0.19533926,0.019765899,0.24615349,0.026468826
375316653866487564,2015693061865558400,0.63477296,2175.6066193349825,1.9489911069694206,5.9122763E-6,16.797451,0.015749738,0.22574222,0.0016650958,0.062009968,0.0062962533,0.23133299,0.029361734,0.7313767,0.0045203133,0.060760293,0.022652645,0.063137166,0.029799832,0.05070212,0.015991326,0.22574222,0.0016650958,"TWOGAUSSIANS_WITH_ELLIPSOIDAL_ON_ECLIPSE1",9,4.7394404,0.22574222,0.0016650958,0.34725583,0.03525902,0.3326604,0.0063821864,0.7313767,0.0045203133,0.34025764,0.1268548,0.16433753,0.004034225
375316653866487564,2015693332440275584,0.49278495,2176.143810105811,0.03563696458790438,3.9511782E-5,17.821651,0.004355949,0.18305458,0.026356984,0.010052363,0.006369567,0.22638848,0.20655179,0.70055515,0.0016054834,0.0020776242,4.2436054E-4,0.5743153,0.63126594,0.013632785,0.0064796973,0.18305458,0.026356984,"TWOGAUSSIANS_WITH_ELLIPSOIDAL_ON_ECLIPSE1",9,9.362717,0.70055515,0.0016054834,0.011634695,0.002376419,0.6012525,0.6316313,0.18305458,0.026356984,0.056293234,0.035669576,0.25365403,0.20086436
375316653866487564,2015693439815152512,0.48892775,2146.7961468347494,3.4634820833851268,1.7863576E-5,19.338339,0.026651872,0.27409634,0.005843945,0.09497696,0.010308293,0.30595437,0.03260477,0.7682092,0.004463198,0.09581439,0.011950659,0.3069925,0.02649991,null,null,null,null,"TWOGAUSSIANS",8,3.5741384,0.7682092,0.004463198,0.4,0.0,0.28876436,0.023783851,0.27409634,0.005843945,0.4,0.0,0.2877264,0.028277358
375316653866487564,2015695432687108992,0.68177885,2200.807040359477,1.531535751576641,2.105588E-6,14.542254,0.006131487,0.2818496,0.0015363082,0.057276387,0.0047775405,0.17572431,0.011248305,0.7782429,4.295209E-4,0.05044421,0.0025720678,0.20949009,0.011217661,0.118992105,0.006985003,0.7782429,4.295209E-4,"TWOGAUSSIANS_WITH_ELLIPSOIDAL_ON_ECLIPSE2",9,25.635683,0.7782429,4.295209E-4,0.28248757,0.01440358,0.4474633,0.0034509841,0.2809096,0.0011302921,0.32074776,0.026754227,0.41360706,0.006146609
375316653866487564,2015700517928548608,0.5597259,2220.5963367548898,0.8267609588365877,8.341746E-6,17.33867,0.0034546964,0.22281867,0.0022647937,0.05944939,0.0030822346,0.20227677,0.0057494002,0.72740793,0.004065336,0.04335165,0.004877587,0.07270826,0.006799393,null,null,null,null,"TWOGAUSSIANS",8,5.1572695,0.22281867,0.0022647937,0.33291656,0.017260514,0.20227525,0.0057492643,0.72740793,0.004065336,0.24276924,0.027314486,0.07270674,0.006800062
375316653866487564,2015700758446521472,0.5021571,2228.86211737314,0.9991367430569067,1.1367327E-5,15.58145,0.022683086,0.30561727,0.004274675,0.18154205,0.019232417,0.13450685,0.020657001,0.8029018,0.003474878,0.19384134,0.023368824,0.12663385,0.020948563,null,null,null,null,"TWOGAUSSIANS",8,3.0187116,0.3069873,0.0045040627,0.4,0.0,0.03747005,0.0015596668,0.8029018,0.003474878,0.4,0.0,0.026561085,0.0013569398
375316653866487564,2015701922374876416,0.53941834,2217.9656583791693,0.3056532926077097,1.0103018E-6,18.445694,0.0054405243,0.3401098,6.153554E-5,0.006099605,3.4179303E-4,0.691278,0.050035402,0.44196942,0.26230335,0.21454562,0.23431335,0.008128487,0.017784128,null,null,null,null,"TWOGAUSSIANS",8,1.0698435,0.3401098,4.9815066E-5,0.034157787,0.001914041,0.6974658,0.064722985,0.44196942,0.26230335,0.4,0.0,0.007053185,0.018760871
375316653866487564,2015703747743910016,0.48799357,2234.964910951657,0.13205715253228226,1.5445528E-5,16.309542,0.0055098464,0.45522508,0.0024320497,0.010665273,0.0063115386,0.56221,1.2805651,0.6781964,0.23079194,0.07576605,0.26768917,0.005505287,0.008205744,null,null,null,null,"TWOGAUSSIANS",8,74.476906,0.45522508,0.0024320497,0.05972553,0.035344616,0.5622825,1.2878165,0.6781964,0.23079194,0.4,0.42716,0.005505287,0.0068199676
375316653866487564,2015704125701142912,0.6504539,2208.869489001996,0.2740244302717351,1.1030521E-6,16.52412,8.828671E-4,0.4091493,2.0860012E-4,0.016850429,1.1298412E-4,0.37921208,0.0024698193,null,null,null,null,null,null,null,null,null,null,"ONEGAUSSIAN",5,2.6692553,0.4091493,2.0860012E-4,0.0943624,6.3271105E-4,0.37921208,0.0,null,null,null,null,null,null
375316653866487564,2015705981127176704,0.57031584,2199.812485540066,0.6653175552807389,2.200937E-5,16.695784,9.523894E-4,0.22046292,9.4333437E-4,0.021776443,0.0010268744,0.21928056,0.004594783,0.63273805,0.06237542,0.05453413,0.040919222,0.006504697,0.005027231,null,null,null,null,"TWOGAUSSIANS",8,2.8088803,0.22046292,9.4333437E-4,0.12194808,0.005750497,0.21928056,0.004594783,0.63273805,0.06237542,0.30539113,0.22914764,0.006504697,0.005027231
375316653866487564,2015706118565967232,0.6042028,2179.011658784968,0.3464161858668809,2.5814184E-6,13.896467,5.973323E-4,0.18810026,0.004463405,0.022645399,0.018293377,0.12796718,4.38039392E8,0.68479943,7.7062607E-4,0.02526616,7.8155147E-4,0.10001434,0.0029034358,0.021541022,8.862981E-4,0.18810026,0.004463405,"TWOGAUSSIANS_WITH_ELLIPSOIDAL_ON_ECLIPSE1",9,11.006906,0.18810026,0.004463405,0.12681423,0.10244291,0.17104916,4.38039392E8,0.68486947,7.285163E-4,0.14149049,0.004376688,0.14307821,0.00280027
375316653866487564,2015706874473128320,0.5745884,2169.2766106442273,2.0489492997137124,3.4536915E-5,18.786087,0.0033403093,0.21319781,0.013701168,0.018311698,0.018741999,0.07398756,0.06732887,0.6491966,0.0055284495,0.03306688,0.0026294508,0.6773086,0.06737841,null,null,null,null,"TWOGAUSSIANS",8,1.3955971,0.6491966,0.0055284495,0.18517452,0.014724924,0.6773086,0.06737841,0.21319781,0.013701168,0.10254551,0.1049552,0.07398756,0.06732887
375316653866487564,2015707905272525440,0.57107335,2207.498943423206,0.7941382692986537,2.8116885E-4,17.293383,0.001150785,0.21428633,0.013742572,0.013152641,0.014993677,0.038544197,407.1476,0.52281606,0.015076416,0.024664206,0.016007965,0.32507238,121.06559,null,null,null,null,"TWOGAUSSIANS",8,1.9455405,0.52281606,0.015076416,0.13811955,0.0896446,0.32507238,121.06559,0.21428633,0.013742572,0.07365479,0.08396459,0.038544197,407.1476
375316653866487564,2015708214510167552,0.57169664,2204.0122168468815,2.30787549239382,5.830296E-6,18.72906,0.0058029424,0.23482978,0.0023259972,0.0707402,0.003222269,0.46869606,0.01280542,0.7366132,0.00458889,0.076976106,0.0034129214,0.42689118,0.022927634,null,null,null,null,"TWOGAUSSIANS",8,2.572293,0.23482978,0.0023259972,0.39614514,0.011051544,0.46591285,0.013185863,0.7366132,0.00458889,0.4,0.0,0.42410797,0.022893867
375316653866487564,2015710963288966528,0.5440781,2184.257125698384,0.27211719318452254,3.2664953E-5,14.794095,9.188695E-4,0.5494645,0.0019811683,0.013679873,0.0017175385,0.25164875,0.036159124,0.67366457,0.04053657,0.028555406,0.026745344,0.0043721017,0.004676289,null,null,null,null,"TWOGAUSSIANS",8,32.31883,0.5494645,0.0019811683,0.07660729,0.009618215,0.25164908,0.03615903,0.67366457,0.04053657,0.15991028,0.14977393,0.0043721017,0.0046762894
