Gaia/vari_eclipsing_binary/VariEclipsingBinary_460731-460740.csv
# %ECSV 1.0
# ---
# delimiter: ','
# meta: !!omap
# - RELEASE: Gaia DR3
# - TABLE: vari_eclipsing_binary
# - DESCRIPTION: >
#     This table describes the properties of the eclipsing binaries resulting from the variability analysis. 
# - CITATION: >
#     How to cite and acknowledge Gaia: 
#     https://gea.esac.esa.int/archive/documentation/credits.html 
# - KNOWN_ISSUES: >
#     Known issues: 
#     https://www.cosmos.esa.int/web/gaia-users/known-issues 
# - DOCUMENTATION: >
#     Tutorials and documentation: 
#     https://www.cosmos.esa.int/web/gaia-users/archive 
# datatype:
# - 
#   name: solution_id
#   datatype: int64
#   description: Solution Identifier
#   meta:
#     ucd: meta.version
# - 
#   name: source_id
#   datatype: int64
#   description: Unique source identifier
#   meta:
#     ucd: meta.id;meta.main
# - 
#   name: global_ranking
#   datatype: float32
#   description: Number between 0 (worst) and 1 (best)
#   meta:
#     ucd: stat.param
# - 
#   name: reference_time
#   datatype: float64
#   unit: d
#   description: Reference time used for the geometric model fit
#   meta:
#     ucd: time.epoch
# - 
#   name: frequency
#   datatype: float64
#   unit: d**-1
#   description: Frequency of geometric model of the eclipsing binary light curve
#   meta:
#     ucd: src.orbital
# - 
#   name: frequency_error
#   datatype: float32
#   unit: d**-1
#   description: "Uncertainty of \\texttt{frequency}"
#   meta:
#     ucd: stat.error
# - 
#   name: geom_model_reference_level
#   datatype: float32
#   unit: mag
#   description: Magnitude reference level of geometric model
#   meta:
#     ucd: phot.mag;em.opt
# - 
#   name: geom_model_reference_level_error
#   datatype: float32
#   unit: mag
#   description: "Uncertainty of \\texttt{geomModelReferenceLevel}"
#   meta:
#     ucd: stat.error;phot.mag;em.opt
# - 
#   name: geom_model_gaussian1_phase
#   datatype: float32
#   description: Phase of the Gaussian 1 component
#   meta:
#     ucd: time.phase
# - 
#   name: geom_model_gaussian1_phase_error
#   datatype: float32
#   description: "Uncertainty of \\texttt{geomModelGaussian1Phase}"
#   meta:
#     ucd: stat.error;time.phase
# - 
#   name: geom_model_gaussian1_sigma
#   datatype: float32
#   description: "Standard deviation [phase] of Gaussian 1 component"
#   meta:
#     ucd: stat.stdev
# - 
#   name: geom_model_gaussian1_sigma_error
#   datatype: float32
#   description: "Uncertainty of \\texttt{geomModelGaussian1Sigma}"
#   meta:
#     ucd: stat.error
# - 
#   name: geom_model_gaussian1_depth
#   datatype: float32
#   unit: mag
#   description: Magnitude depth of Gaussian 1 component
#   meta:
#     ucd: src.var.amplitude
# - 
#   name: geom_model_gaussian1_depth_error
#   datatype: float32
#   unit: mag
#   description: "Uncertainty of \\texttt{geomModelGaussian1Depth}"
#   meta:
#     ucd: stat.error;src.var.amplitude
# - 
#   name: geom_model_gaussian2_phase
#   datatype: float32
#   description: Phase of Gaussian 2 component
#   meta:
#     ucd: time.phase
# - 
#   name: geom_model_gaussian2_phase_error
#   datatype: float32
#   description: "Uncertainty of \\texttt{geomModelGaussian2Phase}"
#   meta:
#     ucd: stat.error;time.phase
# - 
#   name: geom_model_gaussian2_sigma
#   datatype: float32
[...]
#   datatype: float32
#   description: "Secondary eclipse: uncertainty of \\texttt{derivedSecondaryEclDuration}"
#   meta:
#     ucd: stat.error;time.duration
# - 
#   name: derived_secondary_ecl_depth
#   datatype: float32
#   unit: mag
#   description: "Secondary eclipse: depth"
#   meta:
#     ucd: src.var.amplitude
# - 
#   name: derived_secondary_ecl_depth_error
#   datatype: float32
#   unit: mag
#   description: "Secondary eclipse: uncertainty of \\texttt{derivedSecondaryEclDepth}"
#   meta:
#     ucd: stat.error;src.var.amplitude
solution_id,source_id,global_ranking,reference_time,frequency,frequency_error,geom_model_reference_level,geom_model_reference_level_error,geom_model_gaussian1_phase,geom_model_gaussian1_phase_error,geom_model_gaussian1_sigma,geom_model_gaussian1_sigma_error,geom_model_gaussian1_depth,geom_model_gaussian1_depth_error,geom_model_gaussian2_phase,geom_model_gaussian2_phase_error,geom_model_gaussian2_sigma,geom_model_gaussian2_sigma_error,geom_model_gaussian2_depth,geom_model_gaussian2_depth_error,geom_model_cosine_half_period_amplitude,geom_model_cosine_half_period_amplitude_error,geom_model_cosine_half_period_phase,geom_model_cosine_half_period_phase_error,model_type,num_model_parameters,reduced_chi2,derived_primary_ecl_phase,derived_primary_ecl_phase_error,derived_primary_ecl_duration,derived_primary_ecl_duration_error,derived_primary_ecl_depth,derived_primary_ecl_depth_error,derived_secondary_ecl_phase,derived_secondary_ecl_phase_error,derived_secondary_ecl_duration,derived_secondary_ecl_duration_error,derived_secondary_ecl_depth,derived_secondary_ecl_depth_error
[from data line 1019]
375316653866487564,4052705237578792192,0.5611493,2287.9957162585047,0.1951630223452224,2.6849257E-5,17.65728,0.0050131436,0.18974023,0.00219781,0.041754674,0.0032645415,0.22349356,0.008192074,0.6593076,0.063716896,0.100636676,0.038846936,0.037300896,0.08183056,null,null,null,null,"TWOGAUSSIANS",8,3.6488402,0.18974023,0.00219781,0.23382618,0.018281432,0.22338803,0.008123434,0.6593076,0.063716896,0.4,3.9599527E-6,0.037194636,0.08191298
375316653866487564,4052705302020814720,0.4469283,2189.3684639098024,0.845372940481564,1.949402E-5,18.075462,0.0066299317,0.31383577,0.002911581,0.022112403,0.0024379557,0.09799807,0.011148846,0.80023384,0.0049222955,0.0302533,0.0076071164,0.07957116,0.047954507,null,null,null,null,"TWOGAUSSIANS",8,6.376003,0.31383577,0.002911581,0.123829454,0.013652552,0.09799807,0.011148846,0.80023384,0.0049222955,0.16941848,0.042599853,0.07957116,0.047954507
375316653866487564,4052705306297306752,0.55651116,2214.345747888128,0.28395193720801687,1.1800238E-5,18.068233,0.8549399,0.18004051,0.010637151,0.109437644,0.017798703,0.97807795,0.34535828,0.71354574,0.005006033,0.21670912,0.07852876,1.1947875,0.84850067,null,null,null,null,"TWOGAUSSIANS",8,3.5039182,0.7137057,0.0047915913,0.4,0.0,0.6388093,0.04761901,0.17226051,0.0056231297,0.4,0.0,0.59940827,0.026889533
375316653866487564,4052705340751057024,0.49434733,2267.5075209192346,0.839919919511231,3.1069703E-5,18.168629,0.051872276,0.15427847,0.026702983,0.15492412,0.08512525,0.06458204,0.05035738,0.700813,0.005579146,0.041520525,0.004589966,1.956765,0.4588818,null,null,null,null,"TWOGAUSSIANS",8,3.156625,0.70082295,0.0055798246,0.23251493,0.02570381,1.9539546,0.46581423,0.15427847,0.026702983,0.4,0.0,0.060752664,0.022510031
375316653866487564,4052705375016944640,0.46682668,2184.8714845967165,0.22306861832821198,6.910992E-5,19.076237,0.0273705,0.20077872,0.0088681625,0.059497647,0.013453392,0.14786519,0.028228998,0.816487,0.02548973,0.052722234,0.02618882,0.12025029,0.1061933,null,null,null,null,"TWOGAUSSIANS",8,3.5180159,0.20077872,0.0088681625,0.33318684,0.075339,0.14786512,0.02822445,0.816487,0.02548973,0.29524451,0.14665739,0.12025022,0.10619238
375316653866487564,4052705443736253568,0.5345701,2192.2726557537712,0.38576672284473423,7.0682014E-5,19.526478,0.021174567,0.4962089,0.054135807,0.077481344,0.040149238,0.40478486,8.63672,0.7325607,0.057472706,0.049271867,0.056506597,1.034179,0.8341568,null,null,null,null,"TWOGAUSSIANS",8,2.4006605,0.7325607,0.057472706,0.27592245,0.12200573,1.0380394,0.8377038,0.4962289,0.054079965,0.4,0.18341842,0.4047953,8.666486
375316653866487564,4052705478096010880,0.463614,2226.322545596229,0.4280213979393705,4.3355787E-5,18.266926,0.04377738,0.27008596,0.02259661,0.09621431,0.050211262,0.056192845,0.043871522,0.7649996,0.024634333,0.07391047,0.05146799,0.12765895,0.018844714,null,null,null,null,"TWOGAUSSIANS",8,3.9331436,0.7649996,0.024634333,0.4,0.02984863,0.12575394,0.019583512,0.27008596,0.022508439,0.4,0.0,0.054287676,0.020165939
375316653866487564,4052705508302901120,0.45744684,2250.391348632356,0.48512426901613526,1.4713528E-5,18.755465,0.40523928,0.1706316,0.008771799,0.115725055,0.07420492,0.5538462,0.37123105,0.78568715,0.050956026,0.040132575,0.049408216,0.515253,0.4863838,null,null,null,null,"TWOGAUSSIANS",8,11.081091,0.1706316,0.008767337,0.4,0.0,0.5534426,0.23848341,0.7858872,0.04753228,0.22474243,0.19429234,0.5170474,0.39229947
375316653866487564,4052705512506903296,0.59685093,2240.130055786625,0.8188574881145612,1.0408101E-5,16.11202,0.0055661467,0.29613242,0.0019110106,0.08540864,0.0033286647,0.22752641,0.005249766,0.79905254,0.004008143,0.088877305,0.0051310356,0.15148015,0.0058654924,null,null,null,null,"TWOGAUSSIANS",8,6.5817513,0.29613242,0.0019110106,0.4,0.0,0.2217945,0.0038314522,0.79905254,0.004008143,0.4,0.0,0.14574823,0.004359278
375316653866487564,4052705581175493760,0.47630495,2243.547586501576,0.18000023985374672,2.1990589E-5,18.485386,0.041226372,0.30874696,0.01321659,0.11405697,0.026271712,0.14914547,0.03933096,0.78657603,0.012124265,0.12607816,0.0303093,0.129384,0.047152378,null,null,null,null,"TWOGAUSSIANS",8,1.9813901,0.30893695,0.013303161,0.4,0.0,0.1233218,0.00843602,0.78657603,0.012124265,0.4,0.0,0.1034646,0.020468779
375316653866487564,4052705684254847488,0.4149019,2309.673947696094,0.011964491685377165,3.3325385E-5,17.360462,0.009023412,0.23858023,0.0031475062,0.06364383,0.029547399,0.09202524,0.14527237,0.719149,0.01268733,0.06811537,0.0091698235,0.082593925,0.0115040885,null,null,null,null,"TWOGAUSSIANS",8,3.095633,0.23858023,0.0031475062,0.35640544,0.15657164,0.09195188,0.14536431,0.719149,0.01268733,0.38144606,0.045806278,0.08252056,0.011439202
375316653866487564,4052705817540545664,0.5027695,2231.6499310084414,2.3608679089328337,4.2622676E-5,19.018818,0.070309125,0.3194405,0.012618461,0.122188345,0.043781828,0.21841078,0.06182962,0.78116864,0.011960936,0.08990041,0.019704685,0.39329937,0.06686189,null,null,null,null,"TWOGAUSSIANS",8,8.1768675,0.78116864,0.011960936,0.4,0.0,0.3717458,0.050149914,0.3194405,0.012618703,0.4,0.0,0.19667141,0.03537207
375316653866487564,4052705954979712768,0.4966309,2236.1827324086958,0.24443902548998636,3.9622744E-5,18.833317,0.027397502,0.32198822,0.049237613,0.07775187,0.030549362,0.26667494,0.057628293,0.8242366,0.011877998,0.08262029,0.027224662,0.18725005,0.03280151,null,null,null,null,"TWOGAUSSIANS",8,4.2069926,0.32198822,0.049237613,0.4,0.11292931,0.26338732,0.05318746,0.8242366,0.011877998,0.4,0.021235311,0.18396243,0.03827947
375316653866487564,4052705954981434368,0.4783777,2262.3290428045652,0.15521006048713906,1.9374767E-5,17.364515,0.0028712691,0.38877687,0.005002039,0.027270097,0.0060418914,0.037394993,0.003989587,0.79767174,0.008871095,0.060568165,0.014707338,0.098991446,0.17961244,null,null,null,null,"TWOGAUSSIANS",8,1.9272555,0.79767174,0.008871095,0.33918172,0.082361095,0.098991446,0.17961244,0.38877687,0.005002039,0.15271254,0.03383459,0.037394993,0.003989587
375316653866487564,4052705989339762560,0.44469866,2264.6886483676885,0.6707141465678618,4.1355812E-5,18.27229,0.011531862,0.49127063,0.008908031,0.06188766,0.014476689,0.09399709,0.0225167,0.71459347,0.088305905,0.19361569,0.06828877,0.04681878,0.015231303,null,null,null,null,"TWOGAUSSIANS",8,3.2537508,0.49718064,0.008791053,0.34657088,0.081069455,0.11516572,0.01559213,0.71459347,0.088305905,0.4,0.0,0.043617953,0.012710754
375316653866487564,4052706126779939328,0.5347954,2171.4436129501833,0.398247425411597,8.2502826E-5,19.251648,0.01947636,0.21716583,0.009094257,0.080013044,0.007789109,0.33403912,0.03285269,0.65919197,0.057259034,0.0813925,0.046747167,0.33344212,2.241995,null,null,null,null,"TWOGAUSSIANS",8,1.9600871,0.21716583,0.009094257,0.4,0.0,0.33234325,0.030026902,0.65919197,0.057259034,0.4,0.18261826,0.33174622,2.2438583
375316653866487564,4052706130982246144,0.43007874,2251.977998853199,1.4243187118937999,1.206422E-4,18.770786,0.024629664,0.40432224,0.0140566155,0.123183824,0.03120761,0.23350601,0.0719866,0.7242455,0.040488526,0.038597744,0.05445283,0.23621532,0.2193978,null,null,null,null,"TWOGAUSSIANS",8,7.319053,0.7242455,0.040488526,0.21614736,0.18274115,0.24409817,0.22451532,0.40432224,0.013993174,0.4,0.0,0.23337883,0.0724856
375316653866487564,4052706161139877888,0.47395265,2244.321549106603,2.420032514880563,3.9006725E-5,18.76037,0.03782915,0.28784445,0.012589062,0.082820855,0.015996763,0.27550653,0.041053254,0.7959926,0.008579759,0.090016596,0.016268097,0.31241202,0.039833516,null,null,null,null,"TWOGAUSSIANS",8,12.337847,0.7959926,0.008579759,0.4,0.0,0.30460957,0.03294924,0.28784445,0.012589062,0.4,0.0,0.26770422,0.03580542
375316653866487564,4052706337140734848,0.4482738,2220.40905211434,3.6289389578498366,2.859571E-5,15.656688,0.018821971,0.33730817,0.01195779,0.094258524,0.037691597,0.07147951,0.015126031,0.7853552,0.018276043,0.08985761,0.059554406,0.024279313,0.017513577,null,null,null,null,"TWOGAUSSIANS",8,19.05221,0.33730817,0.011856369,0.4,0.0,0.07055184,0.015648095,0.7853552,0.018276043,0.4,0.04588345,0.023352439,0.0101796985
375316653866487564,4052706367298372096,0.4355132,2190.6070141122227,0.08134147169389928,6.0190294E-5,18.890408,0.016029095,0.10008771,0.016385194,0.017691007,0.044482023,0.02483036,0.17126597,null,null,null,null,null,null,0.1395939,0.018631058,0.10008771,0.016385194,"ONEGAUSSIAN_WITH_ELLIPSOIDAL",6,7.8377934,0.10008771,0.016385194,0.09906964,0.24909931,0.30401754,0.16883573,null,null,null,null,null,null
375316653866487564,4052706435856327424,0.62765634,2253.9109504531853,3.0467534490836927,8.647781E-6,16.038284,0.007994134,0.24841015,0.00218308,0.08606832,0.0041516135,0.33001113,0.0078054448,0.7404305,0.002282921,0.08734929,0.003539398,0.2982924,0.00904971,null,null,null,null,"TWOGAUSSIANS",8,12.585101,0.24841015,0.00218308,0.4,0.0,0.3214177,0.007146112,0.7404305,0.002282921,0.4,0.0,0.28969896,0.007721884
375316653866487564,4052706474529223808,0.45871267,2224.13870768682,0.8427730938888628,3.4366225E-5,18.851658,0.008567696,0.16238745,0.012348663,0.014342257,0.005360848,0.08089161,0.08102751,0.7804781,0.0115381535,0.029176638,0.010974288,0.020485142,0.116147384,0.10339288,0.01206029,0.7804781,0.0115381535,"TWOGAUSSIANS_WITH_ELLIPSOIDAL_ON_ECLIPSE2",9,6.4407434,0.7804781,0.0115381535,0.16338916,0.061456013,0.22727087,0.10966592,0.16575743,0.014855281,0.08031664,0.030020747,0.19540046,0.061664816
375316653866487564,4052706474579828224,0.4334393,2210.9738630621837,0.7894559090666811,6.183229E-5,18.547516,0.0065871757,0.21503612,0.033036165,0.08377517,0.025848212,0.06273626,0.012909594,0.73755103,0.0073215324,0.046568006,0.007903236,0.091071166,0.01579641,null,null,null,null,"TWOGAUSSIANS",8,3.1951082,0.73755103,0.0073215324,0.26078084,0.04425812,0.091026925,0.015807262,0.21503612,0.033036165,0.4,0.0,0.06269201,0.012879115
375316653866487564,4052706573456417152,0.44255084,2233.406934949364,3.68707470398765,4.347377E-5,18.647377,0.19071199,0.18118702,0.007889025,0.014675912,0.008057246,0.121092476,0.80781984,0.58908653,0.037007876,0.25704068,0.14999309,0.19522102,0.1772234,null,null,null,null,"TWOGAUSSIANS",8,5.780051,0.58908653,0.037007876,0.4,0.0,0.13655208,0.01743473,0.18157701,0.008484956,0.08218511,0.04512058,0.13143729,0.80788213
375316653866487564,4052706577608326400,0.5322551,2262.1499899871437,2.48614740464292,1.8288587E-5,18.000986,0.016204588,0.27783838,0.0075461217,0.07533748,0.008417025,0.33550352,0.032925032,0.7730506,0.0039389837,0.0746822,0.00876645,0.3217124,0.018792294,null,null,null,null,"TWOGAUSSIANS",8,9.1274805,0.27783838,0.0075461217,0.4,0.009971462,0.3332173,0.033171114,0.7730506,0.0039389837,0.4,0.0,0.31942618,0.019114658
375316653866487564,4052706710795953024,0.5085593,2245.358401048262,2.2702594460312064,3.4692286E-5,17.864063,0.027721947,0.2905245,0.010351967,0.06260518,0.019870142,0.4927636,0.09068236,0.786926,0.005515587,0.08439242,0.008583917,0.41632575,0.031872265,null,null,null,null,"TWOGAUSSIANS",8,30.746422,0.2905245,0.010351967,0.350589,0.09259278,0.4902677,0.09525135,0.786926,0.005515587,0.4,0.0,0.4138298,0.028822789
375316653866487564,4052706783767026176,0.5074103,2236.580740850503,2.423180786365351,1.8927689E-5,17.896412,0.028169012,0.25479642,0.0063686976,0.09924812,0.011230751,0.36983335,0.028721264,0.7697463,0.009589261,0.09186541,0.015725235,0.3437823,0.038622636,null,null,null,null,"TWOGAUSSIANS",8,10.031197,0.25479642,0.0063686976,0.4,0.0,0.35091203,0.01862361,0.7697463,0.009589261,0.4,0.0,0.32486355,0.046953678
375316653866487564,4052706848234880256,0.45465404,2260.009240803562,0.19579937092208607,7.400629E-5,18.750563,0.0061599594,0.2655449,0.020592198,0.06688461,0.017164584,0.080568604,0.012740543,0.81102866,0.0067852726,0.086761974,0.0109042665,0.14199045,0.015436541,null,null,null,null,"TWOGAUSSIANS",8,2.8746626,0.81102866,0.0067852726,0.4,0.0,0.14158763,0.0156038385,0.2655449,0.020592198,0.3745538,0.07731617,0.080165945,0.012641165
375316653866487564,4052706882594655360,0.50315344,2220.998936511215,0.6023920695492699,3.6921785E-5,19.292486,0.02200924,0.27923855,0.122508846,0.118499964,0.06300239,0.07620467,0.024144838,0.6024471,0.013966946,0.10436879,0.014168358,0.20315373,0.016806873,null,null,null,null,"TWOGAUSSIANS",8,1.7099488,0.6024471,0.013966946,0.4,0.0,0.202651,0.014413282,0.29215854,0.30010763,0.4,0.0073286165,0.07584925,0.11777012
375316653866487564,4052707054495025024,0.46601665,2231.365041436003,2.3933888569388784,2.6826336E-5,18.122261,0.099068604,0.3382523,0.015230183,0.11838076,0.06294862,0.28345618,0.07537916,0.85206574,0.0063494304,0.06985587,0.014011286,0.32748,0.10986636,null,null,null,null,"TWOGAUSSIANS",8,29.613579,0.8520857,0.0062380005,0.39119285,0.05509581,0.31373337,0.076292485,0.3382523,0.015230183,0.4,0.0,0.26962492,0.04132535
375316653866487564,4052707294850243072,0.57273215,2264.6073834687445,2.4582681771004,1.0888268E-5,15.708164,0.008298296,0.27134827,0.004262251,0.08262597,0.0048741032,0.3824326,0.020459594,0.7667944,0.007510992,0.083407626,0.007088757,0.37080488,0.019093338,null,null,null,null,"TWOGAUSSIANS",8,72.75659,0.27134827,0.004262251,0.4,0.0,0.37499252,0.020561613,0.7667944,0.007510992,0.4,0.0,0.36336476,0.01937866
375316653866487564,4052707329273883776,0.47554335,2198.020403506648,0.3233697780756836,1.7631148E-6,18.996899,0.03899837,0.047531813,9.264666E-4,0.024077965,0.005239564,0.30975425,0.02933659,0.47143307,0.096884914,0.16273513,0.12581705,0.1633733,0.18542792,null,null,null,null,"TWOGAUSSIANS",8,3.4904764,0.047681812,0.0011678743,0.13483661,0.029341558,0.3123562,0.025657985,0.47143307,0.096884914,0.4,0.16765228,0.16016614,0.18845555
375316653866487564,4052707363732622976,0.5464038,2261.1624082880876,0.5966770302480141,3.7722337E-5,17.31073,0.0176153,0.31072557,0.013998742,0.040351603,0.0065767663,2.305338,3.0817902,0.8365475,0.017873308,0.053426955,0.08224905,0.07246719,0.13118336,null,null,null,null,"TWOGAUSSIANS",8,26.248177,0.31072557,0.013998742,0.22596897,0.036829893,2.305338,3.0817904,0.8365475,0.017873308,0.29919094,0.46059468,0.0724671,0.13118418
375316653866487564,4052707398092366080,0.46036732,2257.302282310329,0.5539662876226158,6.782594E-5,17.816807,0.002644913,0.16187449,0.01995517,0.050673526,0.014950174,0.091284685,0.06527862,0.7037898,0.037907433,0.03773232,0.022422852,0.071072325,0.038507245,null,null,null,null,"TWOGAUSSIANS",8,1.818869,0.16187449,0.01995517,0.28377175,0.083720975,0.09128468,0.06527862,0.7037898,0.037907433,0.211301,0.12556797,0.071072325,0.03850727
375316653866487564,4052707432452113280,0.468124,2182.3845643049385,1.171686985665572,4.6468704E-5,18.935196,0.015312936,0.23978586,0.008613893,0.06904614,0.019257555,0.18377817,0.030448552,0.74252653,0.021337867,0.046802316,0.026714288,0.19368681,0.13935962,null,null,null,null,"TWOGAUSSIANS",8,4.0898743,0.74252653,0.021337867,0.26209298,0.14960001,0.19365686,0.13942866,0.23978586,0.008613893,0.3866584,0.09888832,0.18374822,0.03048279
375316653866487564,4052707436652633856,0.5969041,2168.4821872515517,0.1480193542218838,2.3742892E-5,19.46218,0.016268246,0.42608392,0.01296936,0.05748657,0.019763472,0.067733005,0.025949782,0.92589355,0.0010837767,0.00934896,0.001016341,0.8067158,0.062955655,null,null,null,null,"TWOGAUSSIANS",8,2.6764348,0.92589355,0.0010837767,0.052354176,0.0056915097,0.8067158,0.062955655,0.42608392,0.01296936,0.3219248,0.11067544,0.067733005,0.025949782
375316653866487564,4052707711482432128,0.50975466,2301.0567347479387,2.0717236190399215,2.1744123E-5,18.510553,0.17094009,0.2229319,0.10854533,0.21207897,0.17396167,0.22203769,0.18319404,0.7008515,0.011937941,0.09147825,0.018653594,0.37428322,0.11005948,null,null,null,null,"TWOGAUSSIANS",8,2.935944,0.7008515,0.011937941,0.4,0.0,0.30028746,0.014197183,0.2229319,0.10854781,0.4,0.026475932,0.11979505,0.14800692
