Gaia/vari_eclipsing_binary/VariEclipsingBinary_466950-466960.csv
# %ECSV 1.0
# ---
# delimiter: ','
# meta: !!omap
# - RELEASE: Gaia DR3
# - TABLE: vari_eclipsing_binary
# - DESCRIPTION: >
#     This table describes the properties of the eclipsing binaries resulting from the variability analysis. 
# - CITATION: >
#     How to cite and acknowledge Gaia: 
#     https://gea.esac.esa.int/archive/documentation/credits.html 
# - KNOWN_ISSUES: >
#     Known issues: 
#     https://www.cosmos.esa.int/web/gaia-users/known-issues 
# - DOCUMENTATION: >
#     Tutorials and documentation: 
#     https://www.cosmos.esa.int/web/gaia-users/archive 
# datatype:
# - 
#   name: solution_id
#   datatype: int64
#   description: Solution Identifier
#   meta:
#     ucd: meta.version
# - 
#   name: source_id
#   datatype: int64
#   description: Unique source identifier
#   meta:
#     ucd: meta.id;meta.main
# - 
#   name: global_ranking
#   datatype: float32
#   description: Number between 0 (worst) and 1 (best)
#   meta:
#     ucd: stat.param
# - 
#   name: reference_time
#   datatype: float64
#   unit: d
#   description: Reference time used for the geometric model fit
#   meta:
#     ucd: time.epoch
# - 
#   name: frequency
#   datatype: float64
#   unit: d**-1
#   description: Frequency of geometric model of the eclipsing binary light curve
#   meta:
#     ucd: src.orbital
# - 
#   name: frequency_error
#   datatype: float32
#   unit: d**-1
#   description: "Uncertainty of \\texttt{frequency}"
#   meta:
#     ucd: stat.error
# - 
#   name: geom_model_reference_level
#   datatype: float32
#   unit: mag
#   description: Magnitude reference level of geometric model
#   meta:
#     ucd: phot.mag;em.opt
# - 
#   name: geom_model_reference_level_error
#   datatype: float32
#   unit: mag
#   description: "Uncertainty of \\texttt{geomModelReferenceLevel}"
#   meta:
#     ucd: stat.error;phot.mag;em.opt
# - 
#   name: geom_model_gaussian1_phase
#   datatype: float32
#   description: Phase of the Gaussian 1 component
#   meta:
#     ucd: time.phase
# - 
#   name: geom_model_gaussian1_phase_error
#   datatype: float32
#   description: "Uncertainty of \\texttt{geomModelGaussian1Phase}"
#   meta:
#     ucd: stat.error;time.phase
# - 
#   name: geom_model_gaussian1_sigma
#   datatype: float32
#   description: "Standard deviation [phase] of Gaussian 1 component"
#   meta:
#     ucd: stat.stdev
# - 
#   name: geom_model_gaussian1_sigma_error
#   datatype: float32
#   description: "Uncertainty of \\texttt{geomModelGaussian1Sigma}"
#   meta:
#     ucd: stat.error
# - 
#   name: geom_model_gaussian1_depth
#   datatype: float32
#   unit: mag
#   description: Magnitude depth of Gaussian 1 component
#   meta:
#     ucd: src.var.amplitude
# - 
#   name: geom_model_gaussian1_depth_error
#   datatype: float32
#   unit: mag
#   description: "Uncertainty of \\texttt{geomModelGaussian1Depth}"
#   meta:
#     ucd: stat.error;src.var.amplitude
# - 
#   name: geom_model_gaussian2_phase
#   datatype: float32
#   description: Phase of Gaussian 2 component
#   meta:
#     ucd: time.phase
# - 
#   name: geom_model_gaussian2_phase_error
#   datatype: float32
#   description: "Uncertainty of \\texttt{geomModelGaussian2Phase}"
#   meta:
#     ucd: stat.error;time.phase
# - 
#   name: geom_model_gaussian2_sigma
#   datatype: float32
[...]
#   datatype: float32
#   description: "Secondary eclipse: uncertainty of \\texttt{derivedSecondaryEclDuration}"
#   meta:
#     ucd: stat.error;time.duration
# - 
#   name: derived_secondary_ecl_depth
#   datatype: float32
#   unit: mag
#   description: "Secondary eclipse: depth"
#   meta:
#     ucd: src.var.amplitude
# - 
#   name: derived_secondary_ecl_depth_error
#   datatype: float32
#   unit: mag
#   description: "Secondary eclipse: uncertainty of \\texttt{derivedSecondaryEclDepth}"
#   meta:
#     ucd: stat.error;src.var.amplitude
solution_id,source_id,global_ranking,reference_time,frequency,frequency_error,geom_model_reference_level,geom_model_reference_level_error,geom_model_gaussian1_phase,geom_model_gaussian1_phase_error,geom_model_gaussian1_sigma,geom_model_gaussian1_sigma_error,geom_model_gaussian1_depth,geom_model_gaussian1_depth_error,geom_model_gaussian2_phase,geom_model_gaussian2_phase_error,geom_model_gaussian2_sigma,geom_model_gaussian2_sigma_error,geom_model_gaussian2_depth,geom_model_gaussian2_depth_error,geom_model_cosine_half_period_amplitude,geom_model_cosine_half_period_amplitude_error,geom_model_cosine_half_period_phase,geom_model_cosine_half_period_phase_error,model_type,num_model_parameters,reduced_chi2,derived_primary_ecl_phase,derived_primary_ecl_phase_error,derived_primary_ecl_duration,derived_primary_ecl_duration_error,derived_primary_ecl_depth,derived_primary_ecl_depth_error,derived_secondary_ecl_phase,derived_secondary_ecl_phase_error,derived_secondary_ecl_duration,derived_secondary_ecl_duration_error,derived_secondary_ecl_depth,derived_secondary_ecl_depth_error
[from data line 447]
375316653866487564,4107389993850061056,0.54721755,2313.6715229657266,0.9896424767153845,8.309625E-6,18.55448,0.0041139107,0.34601447,0.034982227,0.04629867,0.018374499,0.039267078,0.014903427,0.8247443,0.0017688368,0.038297594,0.0014974831,0.5009517,0.01992706,null,null,null,null,"TWOGAUSSIANS",8,3.5861504,0.8247443,0.0017688368,0.21446653,0.008385905,0.5009517,0.01992706,0.34601447,0.034982227,0.25927255,0.10289719,0.039267078,0.014903425
375316653866487564,4107390066925798528,0.48966432,2346.851884940446,1.9220995340766482,2.6865413E-5,18.829273,0.0055024503,0.2819144,0.006987203,0.06594634,0.010758413,0.19682457,0.022117805,0.78444433,0.008297477,0.06769244,0.008634977,0.23987707,0.013913596,null,null,null,null,"TWOGAUSSIANS",8,4.792331,0.78444433,0.008297477,0.37907764,0.047950085,0.23950726,0.014055165,0.2819144,0.006987203,0.3692995,0.060247112,0.19645475,0.022327704
375316653866487564,4107390066960186752,0.42840838,2303.8763138413256,2.647928289104188,5.8369027E-5,19.520313,0.06864004,0.21054916,0.02735892,0.10166809,0.04835028,0.3317711,0.08171406,0.68271446,0.022784794,0.066466406,0.0197812,0.4275216,0.10642992,null,null,null,null,"TWOGAUSSIANS",8,13.829433,0.68271446,0.022784794,0.37221187,0.06590458,0.4223642,0.08231499,0.21054916,0.02735892,0.4,0.05777705,0.3266064,0.07667715
375316653866487564,4107390096936455040,0.4748108,2311.471003609589,2.7076105145077407,4.1016126E-5,18.867771,0.016675033,0.25178012,0.009233527,0.091812566,0.013637239,0.18863766,0.017295877,0.7745242,0.012348339,0.07437126,0.030494353,0.17197879,0.026048033,null,null,null,null,"TWOGAUSSIANS",8,4.5960107,0.25178012,0.009233527,0.4,0.0,0.18608119,0.012247448,0.7745242,0.0123484405,0.4,0.06745483,0.16942258,0.028904187
375316653866487564,4107390131349974144,0.4399484,2312.2426284932317,1.8340255674767396,3.0345805E-5,19.538334,0.009101564,0.28037632,0.007072787,0.065871865,0.008733107,0.21294636,0.027916178,0.74203885,0.0075583714,0.06263801,0.012484865,0.21582057,0.049451225,null,null,null,null,"TWOGAUSSIANS",8,3.2574592,0.74203885,0.0075583714,0.35077283,0.06991524,0.21575429,0.049548242,0.28037632,0.007072787,0.36888245,0.0489054,0.21288007,0.027938139
375316653866487564,4107390165709929088,0.5338448,2324.3203470936764,1.9686916864351243,2.4739034E-5,18.788246,0.012295698,0.2841093,0.0040483894,0.07779523,0.0068978714,0.42927492,0.048589606,0.7845613,0.007128328,0.06366061,0.011832819,0.5418944,0.0571163,null,null,null,null,"TWOGAUSSIANS",8,7.054345,0.7845613,0.007128328,0.3564994,0.06626379,0.5400816,0.058849473,0.2841093,0.0040483894,0.4,0.0,0.42746216,0.04951288
375316653866487564,4107390406173840768,0.46088132,2327.2671312274265,1.342412181113934,4.000523E-5,17.465904,0.61280036,0.25723746,0.009752711,0.182368,0.093443364,0.6614504,0.58812237,0.76000375,0.006272424,0.16187052,0.06565079,0.61408037,0.55107516,null,null,null,null,"TWOGAUSSIANS",8,24.11658,0.25666746,0.009638222,0.4,0.0,0.23286355,0.025671143,0.76096374,0.006700294,0.4,0.0,0.20594859,0.016457092
375316653866487564,4107390474893617536,0.6008614,2298.262044823225,0.6217295519810597,4.6198245E-5,17.93183,0.0030384108,0.4277835,0.032446038,0.022557633,0.0771628,0.023581278,0.016114092,0.7663634,0.0046089757,0.036875494,0.0038552284,0.41334167,0.022896236,null,null,null,null,"TWOGAUSSIANS",8,2.138193,0.7663634,0.0046089757,0.20650277,0.02158928,0.41334167,0.022899196,0.4277835,0.032446038,0.12632275,0.28167358,0.023581278,0.016114349
375316653866487564,4107390612375908096,0.5441044,2343.897651189097,1.9128436673792826,9.378123E-6,18.661203,0.0059560966,0.28905916,0.0034961896,0.028569238,0.01394738,0.13406153,0.03790565,0.7824302,0.005101559,0.05068083,0.005314511,0.2296354,0.024703547,0.13564152,0.0150915915,0.28905916,0.0034961896,"TWOGAUSSIANS_WITH_ELLIPSOIDAL_ON_ECLIPSE1",9,6.4483385,0.7837102,0.0038908261,0.28381264,0.02976126,0.50053823,0.019647753,0.28905916,0.0034961896,0.15998773,0.07810533,0.40534392,0.038980763
375316653866487564,4107390685399548032,0.45012006,2352.308240110308,0.4006415168632163,1.7754899E-5,19.908407,0.021702606,0.09652275,0.0035256809,0.037570573,0.009933198,0.29828838,0.053813234,0.61071694,0.021617362,0.08766982,0.02227781,0.2945863,0.39367437,null,null,null,null,"TWOGAUSSIANS",8,2.5633562,0.09652275,0.0035256809,0.2103952,0.055625908,0.29816994,0.054097436,0.61071694,0.021617362,0.4,0.00978151,0.29446778,0.39378488
375316653866487564,4107390715455287808,0.5438971,2310.644025504446,2.130842106707057,1.6850061E-5,19.515976,0.020500481,0.3320522,0.0055313497,0.029047158,0.010303367,0.23485877,0.2119768,0.86656284,0.019920683,0.016666567,0.017556863,0.19798699,3.8309515,0.2083895,0.027697794,0.3320522,0.0055313497,"TWOGAUSSIANS_WITH_ELLIPSOIDAL_ON_ECLIPSE1",9,3.2435043,0.3320522,0.0055313497,0.16266407,0.057698857,0.6516378,0.21451664,0.86656284,0.019920683,0.093332775,0.09831843,0.59547496,3.827913
375316653866487564,4107390818534626944,0.42546138,2334.0589814604004,4.577527792782447,3.016497E-5,18.701952,0.015624485,0.06462425,0.0068732146,0.037550624,0.0074375286,0.19777836,0.04371636,0.7378697,0.017085575,0.04006379,0.022257036,0.16212808,0.3174405,0.0336068,0.02028951,0.7378697,0.017085575,"TWOGAUSSIANS_WITH_ELLIPSOIDAL_ON_ECLIPSE2",9,7.8544235,0.7378697,0.017085575,0.22435722,0.1246394,0.2293413,0.31545895,0.06715425,0.0066206325,0.2102835,0.04165016,0.21267457,0.04702671
375316653866487564,4107390818537108992,0.44519973,2388.5177570727333,4.985690317467076,7.5122545E-5,19.725723,0.0140393125,0.15581003,0.0067370837,0.04093425,0.008564099,0.4152471,0.074026614,0.45877478,0.016660614,0.064297915,0.015565014,0.15172412,0.022632506,null,null,null,null,"TWOGAUSSIANS",8,3.2533486,0.15581003,0.0067370837,0.2292318,0.04795895,0.4152494,0.074027,0.45877478,0.016660614,0.36006832,0.08716408,0.15172412,0.022632506
375316653866487564,4107390887203706752,0.48460057,2315.8474377339244,1.586121143657493,1.7901419E-5,18.376732,0.028936692,0.2611894,0.0064810165,0.103854686,0.012180197,0.2771248,0.029007634,0.7703267,0.004310141,0.095951974,0.01040148,0.35880935,0.027051544,null,null,null,null,"TWOGAUSSIANS",8,13.423812,0.7703267,0.004314757,0.4,0.0,0.33448184,0.015309215,0.2611894,0.0064810165,0.4,0.0,0.25279272,0.019715298
375316653866487564,4107391093414730368,0.47789773,2329.6901530533632,1.6802950440881994,2.0821548E-5,18.017826,0.033274356,0.21891855,0.007359553,0.10214494,0.016495628,0.22418483,0.032014813,0.7243726,0.005803218,0.10738125,0.015117525,0.23418285,0.031636458,null,null,null,null,"TWOGAUSSIANS",8,7.2803745,0.7243726,0.0058057215,0.4,0.0,0.20920993,0.012953975,0.21891855,0.0073657464,0.4,0.0,0.19921842,0.020548001
375316653866487564,4107391127758025600,0.42783618,2381.09733030378,0.4051841593977444,1.9778278E-4,19.868208,0.06619907,0.17761499,0.018314103,0.021984726,0.03755108,0.3708247,0.15362413,0.7082652,0.05935003,0.08588192,0.070540726,0.18310153,0.14081177,null,null,null,null,"TWOGAUSSIANS",8,5.856549,0.17761499,0.01786669,0.12311447,0.21028604,0.37082282,0.16794078,0.7082652,0.05935003,0.4,0.017443124,0.18309961,0.13709792
375316653866487564,4107391162134623872,0.43664223,2392.8757877400835,1.0726903717953122,4.755212E-5,19.678871,0.020308081,0.3862264,0.03787737,0.06797037,0.030211976,0.092084676,0.021788547,0.64297754,0.022157278,0.07654923,0.01975982,0.16417637,0.03169303,null,null,null,null,"TWOGAUSSIANS",8,3.8888986,0.64297754,0.022157278,0.4,0.052446984,0.16424933,0.0327867,0.38760638,0.037019387,0.3806341,0.114995405,0.092694245,0.022250624
375316653866487564,4107391333887330944,0.44550326,2402.810386948551,0.0027130303723169515,1.9861405E-5,18.486948,0.0048622987,0.17117973,0.0026543627,0.049507942,0.006466006,0.18761377,0.029715134,0.64126587,0.014184653,0.07380811,0.013929874,0.15426093,0.030696444,null,null,null,null,"TWOGAUSSIANS",8,7.1299534,0.17117973,0.0026543627,0.27724448,0.036209635,0.18758185,0.02973912,0.64126587,0.014184653,0.4,0.025945302,0.15422902,0.03072514
375316653866487564,4107391333916701184,0.52956796,2332.539098071171,1.771017389404959,2.0186946E-5,18.88329,0.013686685,0.32627782,0.0037333977,0.09949402,0.0074155806,0.2601404,0.012972227,0.8087703,0.004006316,0.10395309,0.0052931705,0.33227447,0.015676571,null,null,null,null,"TWOGAUSSIANS",8,2.1201444,0.8087703,0.004006316,0.4,0.0,0.30910197,0.00917824,0.3262878,0.0037334678,0.4,0.0,0.23697387,0.008643031
375316653866487564,4107391402636135680,0.4582318,2333.8170756583613,0.9064562182284678,1.2310226E-4,17.938044,0.0048600165,0.33635202,0.008885045,0.02530649,0.010139043,0.5467199,0.40770802,0.82615966,0.012208242,0.027630245,0.0071359444,0.13577579,0.05078898,null,null,null,null,"TWOGAUSSIANS",8,12.468396,0.33635202,0.008885045,0.14171635,0.056778643,0.5467199,0.40770802,0.82615966,0.012208242,0.15472937,0.03996129,0.13577579,0.05078898
375316653866487564,4107391406954148352,0.41847193,2310.0457780926017,0.05567979429034872,4.9383172E-5,18.670322,0.01510937,0.19769341,0.025605675,0.032850467,0.011972992,0.3203804,0.08149569,0.62344396,0.016554637,0.066837676,0.023462163,0.20109457,0.095425576,null,null,null,null,"TWOGAUSSIANS",8,8.381398,0.19769341,0.025605675,0.18396261,0.06704875,0.32038036,0.081495725,0.62344396,0.016554637,0.374291,0.13138811,0.20109454,0.09542561
375316653866487564,4107391784866988032,0.4704873,2330.8968601086412,2.333775149700666,1.632951E-5,18.553616,0.011141476,0.24958216,0.0070537566,0.096516885,0.0095837815,0.21547344,0.01658662,0.74994105,0.0065640127,0.069447756,0.008900864,0.24838987,0.01894105,null,null,null,null,"TWOGAUSSIANS",8,8.622106,0.74994105,0.0065640127,0.38890743,0.045444436,0.24361196,0.018932117,0.24958216,0.0070537566,0.4,0.0,0.2106949,0.016151743
375316653866487564,4107391917972836480,0.5245005,2340.3700540389227,3.311655504489924,3.8396138E-5,16.609503,0.033109386,0.2254927,0.004052032,0.108087644,0.012244685,0.33379632,0.027744027,0.71417093,0.0045476146,0.10616417,0.014791056,0.25677255,0.028844869,null,null,null,null,"TWOGAUSSIANS",8,20.621357,0.2255027,0.0040600644,0.4,0.0,0.2998766,0.01637474,0.71417093,0.0045476146,0.4,0.0,0.22286083,0.009895326
375316653866487564,4107391922386309888,0.4304964,2332.0251207180336,2.589530797893213,3.2272143E-5,19.764496,0.024357399,0.24429633,0.051543105,0.09215589,0.037166063,0.13434482,0.049013756,0.82542706,0.0069593643,0.06590605,0.007871646,0.3996024,0.1236281,null,null,null,null,"TWOGAUSSIANS",8,3.260866,0.82542706,0.006956,0.36907387,0.04408122,0.39913145,0.12358929,0.24429633,0.051543105,0.4,0.0,0.13386945,0.04527844
375316653866487564,4107392089830126976,0.552871,2360.148004352687,2.201017640027902,1.2338005E-5,18.734097,0.04021216,0.23638606,0.0033880535,0.0978944,0.0096504465,0.54181874,0.035947427,0.7392666,0.005512318,0.11181986,0.011579157,0.4634078,0.037700668,null,null,null,null,"TWOGAUSSIANS",8,6.054583,0.23638606,0.0033947115,0.4,0.0,0.4858634,0.027320549,0.7392666,0.005512318,0.4,0.0,0.40741238,0.022290688
375316653866487564,4107392128509126272,0.49764767,2323.8716290624543,0.5123796211383511,6.49753E-5,17.63939,0.007328098,0.21731307,0.0019031713,0.031472508,0.0034173983,0.5254904,0.116247535,0.71458066,0.01549227,0.037114564,0.015182781,0.12261285,0.049097493,0.018915754,0.011228982,0.21731307,0.0019031713,"TWOGAUSSIANS_WITH_ELLIPSOIDAL_ON_ECLIPSE1",9,13.0845585,0.21731307,0.0019031713,0.17624605,0.019137431,0.5633219,0.12396389,0.71467066,0.015327998,0.20784156,0.085023575,0.16043353,0.048872933
375316653866487564,4107392261629076480,0.44708365,2358.690664645305,1.6718706941039552,2.9052067E-5,18.767618,0.005013184,null,null,null,null,null,null,null,null,null,null,null,null,0.079754144,0.0072748824,0.18912423,0.0073044607,"ELLIPSOIDAL",4,6.737509,null,null,null,null,null,null,null,null,null,null,null,null
375316653866487564,4107392261629339264,0.43119204,2420.736799637132,0.4516433302421708,9.8443124E-5,19.38828,0.009360052,0.2878779,0.011981265,0.006681362,0.007464637,0.4918803,1.12267997E16,0.46446952,0.016143957,0.047572844,0.020390134,0.1893559,0.06427757,0.05338036,0.010844851,0.2878779,0.011981265,"TWOGAUSSIANS_WITH_ELLIPSOIDAL_ON_ECLIPSE1",9,3.6550934,0.2878779,0.011981518,0.037415627,0.041801967,0.59883374,1.12267997E16,0.46446952,0.016143957,0.2664079,0.11418475,0.21050254,0.06375847
375316653866487564,4107392295989085568,0.47920173,2338.740430667488,0.4445989481260239,2.3515284E-4,19.201803,0.0067256186,0.2625395,0.013323341,0.025314186,0.016546015,0.2842426,0.14011939,0.8429763,0.031138666,0.04135902,0.026827987,0.028127061,0.039664008,0.035677172,0.008839822,0.2625395,0.013323341,"TWOGAUSSIANS_WITH_ELLIPSOIDAL_ON_ECLIPSE1",9,2.550641,0.2625395,0.013323341,0.14175944,0.09265768,0.35559696,0.14710537,0.8429763,0.031138666,0.23161049,0.15023673,0.082755394,0.036503516
375316653866487564,4107392399070547072,0.4294286,2320.036929653533,4.08139597349519,6.7380744E-5,17.563257,0.0038309512,0.305248,0.026139889,0.010555619,0.008918498,0.2782163,0.55984956,0.6233885,0.008158754,0.017041614,0.0038816314,0.2502789,0.053907096,null,null,null,null,"TWOGAUSSIANS",8,8.01487,0.305248,0.026139889,0.05911147,0.049943585,0.2782163,0.55984956,0.6233885,0.008158754,0.09543304,0.021737136,0.2502789,0.053907096
375316653866487564,4107392467728820992,0.60992193,2343.5795633065,1.0669790592289328,1.0704001E-5,15.540435,0.005052627,0.23631509,0.0044493596,0.06843318,0.006471472,0.2694929,0.013020272,0.7366011,0.0041956273,0.07903233,0.005746836,0.0966896,0.005124799,null,null,null,null,"TWOGAUSSIANS",8,18.859676,0.23631509,0.0044493596,0.3832258,0.024806721,0.26852533,0.013131723,0.7366011,0.0041956273,0.4,0.0,0.095722035,0.0045501315
375316653866487564,4107392540826021120,0.5331488,2336.999793099956,0.2254069291389522,1.6028268E-6,15.029673,0.0010285432,0.25484484,1.4876733E-4,0.010782553,1.3193622E-4,0.16803773,9.596172E-4,0.8764242,0.026707245,0.03225407,0.024677834,0.012320823,0.024638375,null,null,null,null,"TWOGAUSSIANS",8,20.485237,0.25484484,1.4876733E-4,0.060382295,7.388428E-4,0.16803773,9.596172E-4,0.8764242,0.026707245,0.1806228,0.13819586,0.012320823,0.024638375
375316653866487564,4107392605176243712,0.55730635,2332.207597229674,1.5132195424537809,1.3677836E-5,17.876581,0.0125629045,0.28632918,0.0023566484,0.048897848,0.0032839682,0.44132677,0.043929752,0.77686864,0.008496795,0.038031396,0.012267014,0.13285325,0.0571641,0.08843613,0.022180786,0.28632918,0.0023566484,"TWOGAUSSIANS_WITH_ELLIPSOIDAL_ON_ECLIPSE1",9,18.871073,0.28632918,0.0023566484,0.27382794,0.018390222,0.6181978,0.033261042,0.77811867,0.008006791,0.21297581,0.06869528,0.30918226,0.048798762
375316653866487564,4107392639588455296,0.4479838,2372.625848422223,0.06278151307953092,2.198124E-5,19.214138,0.018520785,0.3928829,0.00313347,0.051351678,0.006134477,1.299331,0.5668741,0.8254348,0.0076560164,0.090452746,0.0129332915,0.17573313,0.032984123,null,null,null,null,"TWOGAUSSIANS",8,2.8952878,0.3928829,0.00313347,0.2875694,0.03435307,1.2991112,0.5670939,0.8254348,0.0076560164,0.4,0.0,0.17551145,0.032949958
375316653866487564,4107392742667679360,0.4907968,2357.5279824743766,1.3186905723767233,4.884747E-5,19.397589,0.014267259,0.25823498,0.010558269,0.04472942,0.016767174,0.495513,0.16337252,0.750984,0.00810902,0.046356972,0.009695756,0.31442073,0.03063352,null,null,null,null,"TWOGAUSSIANS",8,5.225474,0.25823498,0.010558269,0.25048473,0.09389617,0.49551284,0.16337974,0.750984,0.00810902,0.25959903,0.054296236,0.31442058,0.030631142
375316653866487564,4107392777029908736,0.4572071,2334.097723494045,2.472456527124481,7.0822745E-5,16.892675,0.30154094,0.25969365,0.010215045,0.15091553,0.07960139,0.32172272,0.2916236,0.7854059,0.010937103,0.117967956,0.031168284,0.31471854,0.2553737,null,null,null,null,"TWOGAUSSIANS",8,52.984436,0.25949365,0.0096137505,0.4,0.0,0.2285009,0.026029784,0.78684586,0.00801716,0.4,0.0,0.22445713,0.035040047
