Gaia/vari_eclipsing_binary/VariEclipsingBinary_463456-463471.csv
# %ECSV 1.0
# ---
# delimiter: ','
# meta: !!omap
# - RELEASE: Gaia DR3
# - TABLE: vari_eclipsing_binary
# - DESCRIPTION: >
#     This table describes the properties of the eclipsing binaries resulting from the variability analysis. 
# - CITATION: >
#     How to cite and acknowledge Gaia: 
#     https://gea.esac.esa.int/archive/documentation/credits.html 
# - KNOWN_ISSUES: >
#     Known issues: 
#     https://www.cosmos.esa.int/web/gaia-users/known-issues 
# - DOCUMENTATION: >
#     Tutorials and documentation: 
#     https://www.cosmos.esa.int/web/gaia-users/archive 
# datatype:
# - 
#   name: solution_id
#   datatype: int64
#   description: Solution Identifier
#   meta:
#     ucd: meta.version
# - 
#   name: source_id
#   datatype: int64
#   description: Unique source identifier
#   meta:
#     ucd: meta.id;meta.main
# - 
#   name: global_ranking
#   datatype: float32
#   description: Number between 0 (worst) and 1 (best)
#   meta:
#     ucd: stat.param
# - 
#   name: reference_time
#   datatype: float64
#   unit: d
#   description: Reference time used for the geometric model fit
#   meta:
#     ucd: time.epoch
# - 
#   name: frequency
#   datatype: float64
#   unit: d**-1
#   description: Frequency of geometric model of the eclipsing binary light curve
#   meta:
#     ucd: src.orbital
# - 
#   name: frequency_error
#   datatype: float32
#   unit: d**-1
#   description: "Uncertainty of \\texttt{frequency}"
#   meta:
#     ucd: stat.error
# - 
#   name: geom_model_reference_level
#   datatype: float32
#   unit: mag
#   description: Magnitude reference level of geometric model
#   meta:
#     ucd: phot.mag;em.opt
# - 
#   name: geom_model_reference_level_error
#   datatype: float32
#   unit: mag
#   description: "Uncertainty of \\texttt{geomModelReferenceLevel}"
#   meta:
#     ucd: stat.error;phot.mag;em.opt
# - 
#   name: geom_model_gaussian1_phase
#   datatype: float32
#   description: Phase of the Gaussian 1 component
#   meta:
#     ucd: time.phase
# - 
#   name: geom_model_gaussian1_phase_error
#   datatype: float32
#   description: "Uncertainty of \\texttt{geomModelGaussian1Phase}"
#   meta:
#     ucd: stat.error;time.phase
# - 
#   name: geom_model_gaussian1_sigma
#   datatype: float32
#   description: "Standard deviation [phase] of Gaussian 1 component"
#   meta:
#     ucd: stat.stdev
# - 
#   name: geom_model_gaussian1_sigma_error
#   datatype: float32
#   description: "Uncertainty of \\texttt{geomModelGaussian1Sigma}"
#   meta:
#     ucd: stat.error
# - 
#   name: geom_model_gaussian1_depth
#   datatype: float32
#   unit: mag
#   description: Magnitude depth of Gaussian 1 component
#   meta:
#     ucd: src.var.amplitude
# - 
#   name: geom_model_gaussian1_depth_error
#   datatype: float32
#   unit: mag
#   description: "Uncertainty of \\texttt{geomModelGaussian1Depth}"
#   meta:
#     ucd: stat.error;src.var.amplitude
# - 
#   name: geom_model_gaussian2_phase
#   datatype: float32
#   description: Phase of Gaussian 2 component
#   meta:
#     ucd: time.phase
# - 
#   name: geom_model_gaussian2_phase_error
#   datatype: float32
#   description: "Uncertainty of \\texttt{geomModelGaussian2Phase}"
#   meta:
#     ucd: stat.error;time.phase
# - 
#   name: geom_model_gaussian2_sigma
#   datatype: float32
[...]
#   datatype: float32
#   description: "Secondary eclipse: uncertainty of \\texttt{derivedSecondaryEclDuration}"
#   meta:
#     ucd: stat.error;time.duration
# - 
#   name: derived_secondary_ecl_depth
#   datatype: float32
#   unit: mag
#   description: "Secondary eclipse: depth"
#   meta:
#     ucd: src.var.amplitude
# - 
#   name: derived_secondary_ecl_depth_error
#   datatype: float32
#   unit: mag
#   description: "Secondary eclipse: uncertainty of \\texttt{derivedSecondaryEclDepth}"
#   meta:
#     ucd: stat.error;src.var.amplitude
solution_id,source_id,global_ranking,reference_time,frequency,frequency_error,geom_model_reference_level,geom_model_reference_level_error,geom_model_gaussian1_phase,geom_model_gaussian1_phase_error,geom_model_gaussian1_sigma,geom_model_gaussian1_sigma_error,geom_model_gaussian1_depth,geom_model_gaussian1_depth_error,geom_model_gaussian2_phase,geom_model_gaussian2_phase_error,geom_model_gaussian2_sigma,geom_model_gaussian2_sigma_error,geom_model_gaussian2_depth,geom_model_gaussian2_depth_error,geom_model_cosine_half_period_amplitude,geom_model_cosine_half_period_amplitude_error,geom_model_cosine_half_period_phase,geom_model_cosine_half_period_phase_error,model_type,num_model_parameters,reduced_chi2,derived_primary_ecl_phase,derived_primary_ecl_phase_error,derived_primary_ecl_duration,derived_primary_ecl_duration_error,derived_primary_ecl_depth,derived_primary_ecl_depth_error,derived_secondary_ecl_phase,derived_secondary_ecl_phase_error,derived_secondary_ecl_duration,derived_secondary_ecl_duration_error,derived_secondary_ecl_depth,derived_secondary_ecl_depth_error
[from data line 266]
375316653866487564,4076663561593560192,0.48504773,2237.124285114867,0.28245906582642,2.9082308E-5,18.838951,0.033716556,0.28289986,0.0112513695,0.1562267,0.03757906,0.16672039,0.031344526,0.69238466,0.0022459605,0.03443475,0.008998812,0.2685093,0.063710414,null,null,null,null,"TWOGAUSSIANS",8,2.3490112,0.69238466,0.0022459605,0.1928346,0.050393347,0.27121305,0.06377364,0.28289986,0.0112513695,0.4,0.0,0.16392018,0.024485879
375316653866487564,4076663832187722752,0.49968398,2226.1179401543977,3.5689052830047063,3.694872E-5,19.24862,0.036765516,0.29965886,0.011689808,0.04400666,0.009015696,0.539582,0.1362471,null,null,null,null,null,null,0.1479398,0.09137061,0.29965886,0.011689808,"ONEGAUSSIAN_WITH_ELLIPSOIDAL",6,30.21565,0.29965886,0.011689808,0.2464373,0.0504879,0.8354614,0.0767022,null,null,null,null,null,null
375316653866487564,4076663939547445120,0.5615208,2196.142058373455,2.0433464877073972,1.0150785E-5,18.801853,0.021292279,0.22901624,0.007703245,0.041014977,0.0097487895,0.48461542,0.18261233,0.7444062,0.011359565,0.05264492,0.009177151,0.2818355,0.06875815,0.1152881,0.029226363,0.22901624,0.007703245,"TWOGAUSSIANS_WITH_ELLIPSOIDAL_ON_ECLIPSE1",9,5.0008793,0.22901624,0.007703245,0.22968386,0.054593224,0.71518874,0.1684856,0.7444062,0.011359565,0.29481155,0.05139205,0.51025957,0.049870577
375316653866487564,4076664210144848256,0.5232422,2223.692775993334,2.1010216074091383,1.008078E-5,18.557869,0.0062244684,0.13786066,0.16413654,0.069018506,0.09389241,0.03505383,0.04152726,0.4845844,7.1919116E-4,0.015788976,0.0018943414,1.2579579,0.5886127,null,null,null,null,"TWOGAUSSIANS",8,2.97538,0.4845844,7.1919116E-4,0.08841827,0.010608312,1.257958,0.6186536,0.13786066,0.16413654,0.38650364,0.2207765,0.03505383,0.04100723
375316653866487564,4076664381910698496,0.47105724,2253.2914076398642,0.6594483230255874,4.3405955E-5,17.2989,0.007113101,0.1325335,0.020656165,0.033381183,0.01457929,0.2450181,4.955277,0.7005851,0.024709478,0.12516764,0.03376736,0.04253557,0.00868048,null,null,null,null,"TWOGAUSSIANS",8,3.1477861,0.13252349,0.02064398,0.18693462,0.08164402,0.24497022,4.9553957,0.7005851,0.024709478,0.4,0.0,0.04237591,0.00864169
375316653866487564,4076665451376235264,0.5803343,2279.2801072572565,2.8106106534420414,1.8359588E-5,19.396156,0.009752164,0.21048312,0.0064105545,0.0734268,0.005527694,0.55329674,0.03281082,0.688948,0.0042100577,0.06873306,0.003152167,0.5018311,0.019511528,null,null,null,null,"TWOGAUSSIANS",8,1.323823,0.21048312,0.0064105545,0.4,0.007572737,0.55203587,0.032959018,0.688948,0.0042100577,0.38490513,0.017652135,0.50057024,0.019429283
375316653866487564,4076665451376382848,0.510847,2315.3149134659243,3.036776097023708,2.7172815E-5,19.273933,0.028809898,0.31808445,0.013055183,0.08313844,0.015608675,0.3639912,0.05116337,0.8158419,0.0106434785,0.09026795,0.018253127,0.39584732,0.02859636,null,null,null,null,"TWOGAUSSIANS",8,3.458486,0.8158419,0.0106434785,0.4,0.0,0.38438848,0.029072044,0.31808445,0.013055183,0.4,7.0755795E-4,0.3525325,0.049285103
375316653866487564,4076665588815807104,0.46673843,2181.9320221244348,0.3996310556975302,5.4465847E-5,19.246208,0.08576967,0.39682195,0.016142352,0.1371788,0.029288005,0.616093,0.049384985,0.83061326,0.02146534,0.077951536,0.026425496,0.6287205,0.5756392,null,null,null,null,"TWOGAUSSIANS",8,6.452714,0.83061326,0.02146534,0.4,0.090345785,0.5958164,0.59342164,0.39682195,0.016139936,0.4,0.0,0.57891405,0.059165448
375316653866487564,4076665962458827520,0.5220291,2263.5532356082504,0.659380300428778,5.891268E-6,17.858421,0.0038848664,0.28531948,0.0012341297,0.010980543,0.0014092844,0.42507473,0.16770795,0.7898415,0.0010363187,0.012352084,0.0011168412,0.2804662,0.010670457,null,null,null,null,"TWOGAUSSIANS",8,12.504438,0.28531948,0.0012341297,0.06149104,0.007891993,0.42507473,0.16770795,0.7898415,0.0010363187,0.069171675,0.0062543107,0.2804662,0.010670457
375316653866487564,4076665962487117696,0.49234888,2232.63266591066,0.22096584419613421,3.7313454E-5,19.36117,0.12253085,0.25333112,0.022772986,0.13044822,0.09608237,0.21676123,0.06655445,0.836094,0.011507772,0.08047286,0.023467092,0.23127563,0.097959444,null,null,null,null,"TWOGAUSSIANS",8,1.1159602,0.836994,0.007916946,0.4,0.06599699,0.22314914,0.07006533,0.25333112,0.022771955,0.4,0.0,0.20730914,0.05073737
375316653866487564,4076666069850929280,0.4623121,2214.279698149704,3.496610706058465,2.3521754E-5,18.9078,0.01998678,0.2300163,0.01596492,0.063540325,0.007863844,0.19873698,0.03279701,0.8301646,0.06304423,0.01148178,0.017306136,0.4212733,51.355244,0.019214619,0.030225724,0.8301646,0.06304423,"TWOGAUSSIANS_WITH_ELLIPSOIDAL_ON_ECLIPSE2",9,9.148229,0.8301646,0.06304423,0.06429797,0.09691436,0.45970222,51.388187,0.2346063,0.009449891,0.3558258,0.044037525,0.2243813,0.02842646
375316653866487564,4076666203005280896,0.52781606,2234.203059998588,0.12204439847995835,3.636216E-5,18.338942,0.013294603,0.36260077,0.025255453,0.033122722,0.0068043307,0.45853394,0.7590797,0.70829815,0.038218085,0.04033146,0.011202696,1.1425759,2.2035277,null,null,null,null,"TWOGAUSSIANS",8,17.990665,0.70829815,0.038218085,0.22585617,0.062735096,1.1425759,2.2035277,0.36260077,0.025255453,0.18548724,0.03810425,0.45853394,0.7590797
375316653866487564,4076666276009497088,0.55310005,2219.8649220482284,2.9389549329119413,9.403393E-6,19.314686,0.02381221,0.20670858,0.012630645,0.06077252,0.0070911953,0.61644834,0.0720101,0.707266,0.004150101,0.07267227,0.006906409,0.5361851,0.045746,null,null,null,null,"TWOGAUSSIANS",8,4.3500633,0.20670858,0.012630645,0.34032613,0.039710693,0.6154472,0.0712023,0.707266,0.004150101,0.4,0.011257981,0.53518397,0.04587964
375316653866487564,4076666310369166592,0.6242388,2172.479366568473,0.9900966182422513,1.6407897E-5,16.956375,0.0084119765,0.24755815,0.009185366,0.08783285,0.008664321,0.28679842,0.02753489,0.74668276,0.0023737857,0.08863341,0.0037867867,0.3640858,0.009490933,null,null,null,null,"TWOGAUSSIANS",8,4.6837068,0.74668276,0.0023737857,0.4,0.0,0.3525815,0.007072479,0.24755815,0.009185366,0.4,0.0,0.27529418,0.027950972
375316653866487564,4076666344729263616,0.56326634,2239.544497410203,3.013638931341511,1.8654695E-5,19.244625,0.030807383,0.1654047,0.0142630115,0.0722076,0.02647805,0.38153592,0.4445311,0.6846077,0.005346906,0.08784176,0.011530649,0.37286142,0.028202938,null,null,null,null,"TWOGAUSSIANS",8,1.3860016,0.1654047,0.0142630115,0.4,0.12920932,0.37764946,0.44917727,0.6846077,0.005346906,0.4,0.0,0.36897483,0.024845611
375316653866487564,4076666413447828608,0.5587791,2203.898613146779,0.20533312306077528,2.2603954E-5,19.305227,0.008979185,0.32059184,0.0078038666,0.071023494,0.006717167,0.3278972,0.016029563,0.7715756,0.007389093,0.05867142,0.005056369,0.37791368,0.039606534,null,null,null,null,"TWOGAUSSIANS",8,1.9554803,0.7715756,0.007389093,0.32855994,0.028315669,0.3778243,0.039600346,0.32059184,0.0078038666,0.39773154,0.026758062,0.3278078,0.01601805
375316653866487564,4076666821480665088,0.5486102,2234.781509436044,2.8385304127000053,1.4109785E-5,18.889917,0.016701376,0.25594705,0.01362686,0.08668905,0.01155669,0.27464285,0.020761466,0.76257235,0.0037520577,0.08348602,0.0063290955,0.3396741,0.017511161,null,null,null,null,"TWOGAUSSIANS",8,2.634919,0.76257235,0.0037520577,0.4,0.0,0.33242902,0.015266224,0.25594705,0.01362686,0.4,0.0,0.2673978,0.019075908
375316653866487564,4076667066287552512,0.4524351,2222.5855756833603,2.4750070922464906,3.808805E-5,18.784204,0.0046240794,null,null,null,null,null,null,null,null,null,null,null,null,0.07496708,0.007177111,0.8258087,0.007784352,"ELLIPSOIDAL",4,3.900842,null,null,null,null,null,null,null,null,null,null,null,null
375316653866487564,4076667100643740416,0.47164333,2202.8068223335927,0.2263967978359161,2.0429445E-5,18.183687,0.0040160627,0.2854314,0.004311234,0.06491277,0.006217295,0.1773313,0.031963754,0.7658295,0.0058103893,0.06561212,0.0064061796,0.24774441,0.020367036,null,null,null,null,"TWOGAUSSIANS",8,5.052072,0.7658295,0.0058103893,0.36742792,0.03587461,0.24759261,0.020435685,0.2854314,0.004311234,0.36351153,0.034816854,0.17717952,0.032038204
375316653866487564,4076667272445998592,0.5119124,2262.5838751698943,3.1939210102131166,2.6123447E-5,19.354214,0.01097406,0.31441355,0.040507805,0.06588514,0.030034963,0.2953731,0.59461755,0.7927842,0.004980848,0.07063044,0.0069185034,0.32702976,0.039794136,null,null,null,null,"TWOGAUSSIANS",8,2.415912,0.7927842,0.004980848,0.39553046,0.031595264,0.32660943,0.0399238,0.31441355,0.040507805,0.3689568,0.16819578,0.29495275,0.5949569
375316653866487564,4076667478601693568,0.57147473,2138.6189004462053,0.1985609246733578,3.005508E-6,19.546627,0.0068976367,0.42239672,7.4440613E-4,0.008893089,0.0084689045,1.03561,0.49212024,0.87722135,0.032972526,0.03297497,0.019194305,0.26907623,8.6194935,null,null,null,null,"TWOGAUSSIANS",8,1.4995699,0.42239672,7.4440613E-4,0.0498013,0.047425866,1.03561,0.49212024,0.87722135,0.032972526,0.18465982,0.1074881,0.26907623,8.6194935
375316653866487564,4076667616097896576,0.49717668,2199.1046325681946,0.20514439911692825,2.9444172E-5,18.054895,0.0116117345,0.30964747,0.005312946,0.052659858,0.008454845,0.2502765,0.020204121,0.7554779,0.027770463,0.070107885,0.029650886,0.25562105,0.023729702,null,null,null,null,"TWOGAUSSIANS",8,3.900834,0.7554779,0.027770463,0.39260414,0.028033126,0.25560218,0.023544833,0.30964747,0.005312701,0.2948952,0.047347132,0.25025764,0.020162867
375316653866487564,4076667787839099648,0.65610176,2247.3615796070785,0.10303211694166772,1.0872744E-5,16.066174,0.0025655867,0.24752092,0.0023658618,0.023664283,0.0022434175,0.17521533,0.013622588,0.852079,0.008649037,0.01432087,0.011648019,0.011389515,0.007253708,0.053367037,0.0031456945,0.24752092,0.0023658618,"TWOGAUSSIANS_WITH_ELLIPSOIDAL_ON_ECLIPSE1",9,1.7570261,0.24752092,0.0023658618,0.13251999,0.012563138,0.2819494,0.0116767585,0.852079,0.008649037,0.08019687,0.0652289,0.07831525,0.009256233
375316653866487564,4076667817884976640,0.4807423,2217.4599620523477,0.4156423739845365,2.0701566E-5,17.99924,0.015412409,0.35871103,0.024374673,0.15020044,0.03001584,0.1600748,0.027149826,0.95691675,0.0062774285,0.03370946,0.010658887,0.057761982,0.012663593,null,null,null,null,"TWOGAUSSIANS",8,2.708473,0.35871103,0.024374673,0.4,0.0,0.1585825,0.027373742,0.95849675,0.005398449,0.18877298,0.059689768,0.06086012,0.012547731
375316653866487564,4076668406315847936,0.4877495,2217.150632038974,0.3709972377935124,5.6639135E-5,19.437473,0.35594642,0.49952573,0.031071357,0.20144258,0.08429557,0.7270387,0.31687143,0.9119056,0.04783331,0.12067088,0.04301734,0.3366799,0.16642687,null,null,null,null,"TWOGAUSSIANS",8,3.05396,0.5011357,0.026421161,0.4,0.0,0.5223853,0.07542418,0.9119056,0.04783331,0.4,0.0,0.23078127,0.043023214
375316653866487564,4076668440675435776,0.5730222,2204.9088100143986,1.0133977029042958,9.086702E-6,19.007734,0.010174177,0.12622178,0.005930733,0.02558796,0.0043390417,0.5242824,0.20463787,0.62684065,0.0032068335,0.02102468,0.0030271376,0.8120773,0.24539873,null,null,null,null,"TWOGAUSSIANS",8,4.85307,0.62684065,0.0032068335,0.11773821,0.01695197,0.8120773,0.24539873,0.12622178,0.005930733,0.14329258,0.024298633,0.5242824,0.20463787
375316653866487564,4076668475034925568,0.49134168,2256.3093064331943,1.2340683395881844,1.3562564E-4,19.059341,0.03063088,0.15123612,0.04183021,0.1139392,0.04228218,0.043898575,0.029671857,0.54492134,0.019276623,0.11797353,0.03049103,0.15832561,0.038281977,null,null,null,null,"TWOGAUSSIANS",8,1.9230626,0.54492134,0.019276623,0.4,0.0,0.15309182,0.03332487,0.15711612,0.04100081,0.4,0.0,0.039207358,0.015206757
375316653866487564,4076668505081364224,0.4681115,2176.8960581865917,2.5103641916189927,4.546889E-5,18.182772,0.010259764,0.29149097,0.008992059,0.091019794,0.017183295,0.081633374,0.014310194,0.81151515,0.045044046,0.046594486,0.024974369,0.14302872,0.08016039,null,null,null,null,"TWOGAUSSIANS",8,2.8869646,0.81151515,0.045044046,0.2609291,0.1393577,0.14288218,0.07816542,0.29149097,0.008992059,0.4,0.0,0.08148676,0.013478657
375316653866487564,4076668646833192960,0.44975823,2230.0622720193783,0.3289281518367547,9.454301E-5,19.44657,0.010007251,0.27979615,0.0050981394,0.03220442,0.0064921384,0.17515627,0.034804177,0.7518929,0.017941426,0.06585635,0.010829609,0.10748737,0.013032866,null,null,null,null,"TWOGAUSSIANS",8,2.7177393,0.27979615,0.0050981394,0.18034475,0.036355976,0.17515615,0.03480428,0.7518929,0.017941426,0.36879557,0.060645808,0.107487254,0.013032849
375316653866487564,4076668681249897856,0.62239116,2263.5929807105517,1.0102049200591825,4.7879935E-6,16.883883,0.0056807203,0.25704452,0.0024886378,0.08749652,0.0044686897,0.22423357,0.006954666,0.7590709,0.0018958636,0.08356019,0.003815684,0.14845322,0.0055479934,null,null,null,null,"TWOGAUSSIANS",8,2.1692667,0.25704452,0.0024886378,0.4,0.0,0.21930383,0.0066114883,0.7590709,0.0018958636,0.4,0.0,0.14352353,0.004384256
375316653866487564,4076668956071623168,0.507465,2208.779781583491,0.20522033006896906,2.3636769E-5,19.345774,0.047584582,0.26165384,0.04711427,0.09371747,0.036548156,0.32051966,0.091021255,0.7108785,0.02101349,0.12794904,0.017861206,0.3288277,0.049532764,null,null,null,null,"TWOGAUSSIANS",8,2.038147,0.7108785,0.02101349,0.4,0.0,0.29954386,0.051029533,0.26215383,0.047406908,0.4,0.069752455,0.29196033,0.063259386
375316653866487564,4076668990487595776,0.49528715,2224.2742508933984,0.22369390843662174,4.6381363E-5,18.865547,0.021812893,0.2171284,0.012661682,0.08195813,0.02132947,0.15290034,0.027176648,0.7871054,0.027989464,0.14309509,0.029944425,0.1430018,0.024016635,null,null,null,null,"TWOGAUSSIANS",8,1.5313734,0.2157084,0.0115444325,0.4,0.011905408,0.14319927,0.033640426,0.7871054,0.027987268,0.4,0.0,0.13166304,0.009675738
375316653866487564,4076669402748819584,0.5740681,2224.8132692728122,2.596632443575488,1.330064E-5,19.026875,0.014460485,0.31868693,0.0075235986,0.06523557,0.006393029,0.38813412,0.017995771,0.8209181,0.0029265976,0.07194809,0.0084229745,0.3633509,0.0337661,null,null,null,null,"TWOGAUSSIANS",8,1.6790732,0.31868693,0.0075235986,0.36531916,0.03580096,0.38721365,0.017044337,0.8209181,0.0029265976,0.4,0.0141976485,0.36243042,0.034590613
375316653866487564,4076669402804502528,0.53958815,2216.543336053914,0.5106401002684058,1.8519336E-6,15.733261,0.0024299107,0.33532465,1.9550584E-5,0.008899348,1.494835E-4,0.2884674,0.0014427627,null,null,null,null,null,null,null,null,null,null,"ONEGAUSSIAN",5,20.002378,0.33532465,1.9550584E-5,0.04983635,8.3710765E-4,0.2884674,0.0,null,null,null,null,null,null
375316653866487564,4076669643322781952,0.46144673,2253.0189985777756,0.7942284680939874,8.685094E-5,19.360615,0.008824827,0.06748151,0.007132782,0.021051576,0.0056255762,0.06625656,0.014907132,0.71216625,0.014540698,0.16111335,0.019544456,0.24993847,0.027785635,null,null,null,null,"TWOGAUSSIANS",8,3.4244552,0.71216625,0.014540698,0.4,0.0,0.24588813,0.030043976,0.06543151,0.007383124,0.11788883,0.031503227,0.084558636,0.015267726
375316653866487564,4076669677627172352,0.49613088,2224.446657041835,0.3996859452371241,1.9030711E-5,19.094755,0.012443943,0.34942538,0.011164829,0.06652363,0.015560088,0.23540229,0.018634133,0.84001845,0.00916226,0.050380427,0.007448308,0.27797917,0.047266364,null,null,null,null,"TWOGAUSSIANS",8,4.5265703,0.84001845,0.00916226,0.2821304,0.041710526,0.27794147,0.047275003,0.34942538,0.011164829,0.3725323,0.070217356,0.23536459,0.018674064
