Gaia/vari_eclipsing_binary/VariEclipsingBinary_344329-344484.csv
# %ECSV 1.0
# ---
# delimiter: ','
# meta: !!omap
# - RELEASE: Gaia DR3
# - TABLE: vari_eclipsing_binary
# - DESCRIPTION: >
#     This table describes the properties of the eclipsing binaries resulting from the variability analysis. 
# - CITATION: >
#     How to cite and acknowledge Gaia: 
#     https://gea.esac.esa.int/archive/documentation/credits.html 
# - KNOWN_ISSUES: >
#     Known issues: 
#     https://www.cosmos.esa.int/web/gaia-users/known-issues 
# - DOCUMENTATION: >
#     Tutorials and documentation: 
#     https://www.cosmos.esa.int/web/gaia-users/archive 
# datatype:
# - 
#   name: solution_id
#   datatype: int64
#   description: Solution Identifier
#   meta:
#     ucd: meta.version
# - 
#   name: source_id
#   datatype: int64
#   description: Unique source identifier
#   meta:
#     ucd: meta.id;meta.main
# - 
#   name: global_ranking
#   datatype: float32
#   description: Number between 0 (worst) and 1 (best)
#   meta:
#     ucd: stat.param
# - 
#   name: reference_time
#   datatype: float64
#   unit: d
#   description: Reference time used for the geometric model fit
#   meta:
#     ucd: time.epoch
# - 
#   name: frequency
#   datatype: float64
#   unit: d**-1
#   description: Frequency of geometric model of the eclipsing binary light curve
#   meta:
#     ucd: src.orbital
# - 
#   name: frequency_error
#   datatype: float32
#   unit: d**-1
#   description: "Uncertainty of \\texttt{frequency}"
#   meta:
#     ucd: stat.error
# - 
#   name: geom_model_reference_level
#   datatype: float32
#   unit: mag
#   description: Magnitude reference level of geometric model
#   meta:
#     ucd: phot.mag;em.opt
# - 
#   name: geom_model_reference_level_error
#   datatype: float32
#   unit: mag
#   description: "Uncertainty of \\texttt{geomModelReferenceLevel}"
#   meta:
#     ucd: stat.error;phot.mag;em.opt
# - 
#   name: geom_model_gaussian1_phase
#   datatype: float32
#   description: Phase of the Gaussian 1 component
#   meta:
#     ucd: time.phase
# - 
#   name: geom_model_gaussian1_phase_error
#   datatype: float32
#   description: "Uncertainty of \\texttt{geomModelGaussian1Phase}"
#   meta:
#     ucd: stat.error;time.phase
# - 
#   name: geom_model_gaussian1_sigma
#   datatype: float32
#   description: "Standard deviation [phase] of Gaussian 1 component"
#   meta:
#     ucd: stat.stdev
# - 
#   name: geom_model_gaussian1_sigma_error
#   datatype: float32
#   description: "Uncertainty of \\texttt{geomModelGaussian1Sigma}"
#   meta:
#     ucd: stat.error
# - 
#   name: geom_model_gaussian1_depth
#   datatype: float32
#   unit: mag
#   description: Magnitude depth of Gaussian 1 component
#   meta:
#     ucd: src.var.amplitude
# - 
#   name: geom_model_gaussian1_depth_error
#   datatype: float32
#   unit: mag
#   description: "Uncertainty of \\texttt{geomModelGaussian1Depth}"
#   meta:
#     ucd: stat.error;src.var.amplitude
# - 
#   name: geom_model_gaussian2_phase
#   datatype: float32
#   description: Phase of Gaussian 2 component
#   meta:
#     ucd: time.phase
# - 
#   name: geom_model_gaussian2_phase_error
#   datatype: float32
#   description: "Uncertainty of \\texttt{geomModelGaussian2Phase}"
#   meta:
#     ucd: stat.error;time.phase
# - 
#   name: geom_model_gaussian2_sigma
#   datatype: float32
[...]
#   datatype: float32
#   description: "Secondary eclipse: uncertainty of \\texttt{derivedSecondaryEclDuration}"
#   meta:
#     ucd: stat.error;time.duration
# - 
#   name: derived_secondary_ecl_depth
#   datatype: float32
#   unit: mag
#   description: "Secondary eclipse: depth"
#   meta:
#     ucd: src.var.amplitude
# - 
#   name: derived_secondary_ecl_depth_error
#   datatype: float32
#   unit: mag
#   description: "Secondary eclipse: uncertainty of \\texttt{derivedSecondaryEclDepth}"
#   meta:
#     ucd: stat.error;src.var.amplitude
solution_id,source_id,global_ranking,reference_time,frequency,frequency_error,geom_model_reference_level,geom_model_reference_level_error,geom_model_gaussian1_phase,geom_model_gaussian1_phase_error,geom_model_gaussian1_sigma,geom_model_gaussian1_sigma_error,geom_model_gaussian1_depth,geom_model_gaussian1_depth_error,geom_model_gaussian2_phase,geom_model_gaussian2_phase_error,geom_model_gaussian2_sigma,geom_model_gaussian2_sigma_error,geom_model_gaussian2_depth,geom_model_gaussian2_depth_error,geom_model_cosine_half_period_amplitude,geom_model_cosine_half_period_amplitude_error,geom_model_cosine_half_period_phase,geom_model_cosine_half_period_phase_error,model_type,num_model_parameters,reduced_chi2,derived_primary_ecl_phase,derived_primary_ecl_phase_error,derived_primary_ecl_duration,derived_primary_ecl_duration_error,derived_primary_ecl_depth,derived_primary_ecl_depth_error,derived_secondary_ecl_phase,derived_secondary_ecl_phase_error,derived_secondary_ecl_duration,derived_secondary_ecl_duration_error,derived_secondary_ecl_depth,derived_secondary_ecl_depth_error
[from data line 72]
375316653866487564,3028874193421965952,0.58896863,2116.8706691430334,0.7570372530702569,1.6724616E-5,16.3923,0.0014928022,0.268867,0.0018744081,0.03154691,0.0021783237,0.074423134,0.0062199505,0.7729672,0.011605684,0.029131955,0.005868981,0.08519436,0.02645317,0.01672216,0.002403474,0.268867,0.0018744081,"TWOGAUSSIANS_WITH_ELLIPSOIDAL_ON_ECLIPSE1",9,1.6976975,0.7729672,0.011443069,0.16313894,0.032866295,0.118616454,0.026944045,0.268867,0.0018744081,0.17666268,0.012198612,0.10786742,0.005271099
375316653866487564,3028875808329848320,0.52572757,2129.3166105014147,0.31789999273479597,2.8507435E-4,18.439316,0.0045015574,0.5992203,0.023847468,0.0913924,0.049485743,0.028567696,0.0055719074,0.8225404,3.112565E-5,0.005396223,5.2868516E-5,0.63845694,0.004052342,null,null,null,null,"TWOGAUSSIANS",8,1.904995,0.8225404,3.112565E-5,0.030218849,2.960637E-4,0.6399001,0.002818469,0.5992203,0.023847468,0.4,0.0,0.028567677,0.0055737104
375316653866487564,3028876602903557760,0.57890326,2151.064451010409,2.2802739392343816,9.926128E-6,14.756655,0.008941736,0.18605468,0.006569032,0.051629994,0.013464182,0.14333157,0.020328108,0.70141965,0.004437142,0.05114487,0.007988664,0.12694982,0.018530352,0.07167684,0.01064303,0.70141965,0.004437142,"TWOGAUSSIANS_WITH_ELLIPSOIDAL_ON_ECLIPSE2",9,105.54175,0.18872467,0.004745557,0.28912795,0.07539942,0.28558248,0.021704448,0.70141965,0.004437142,0.2864113,0.04473652,0.2703024,0.0071773943
375316653866487564,3028876632961610112,0.5378138,2153.917541370554,1.0102045833031625,8.493913E-6,11.7674,0.0010377548,0.27944165,0.0011517154,0.033964794,0.0013786561,0.12665722,0.005575357,null,null,null,null,null,null,0.026140336,0.0015144777,0.27944165,0.0011517154,"ONEGAUSSIAN_WITH_ELLIPSOIDAL",6,23.935968,0.27944165,0.0011517154,0.19020285,0.0077204746,0.17893788,0.0054790187,null,null,null,null,null,null
375316653866487564,3028878320890561152,0.5569512,2145.3478849593125,2.526356438320733,7.926923E-6,14.090229,0.007663513,0.3223576,0.001921552,0.0561177,0.021224128,0.058943864,0.031409476,0.80669045,0.00447818,0.04069109,0.0062110196,0.0914958,0.019729048,0.08249301,0.011512893,0.3223576,0.001921552,"TWOGAUSSIANS_WITH_ELLIPSOIDAL_ON_ECLIPSE1",9,199.50642,0.80968046,0.003627438,0.2278701,0.03478171,0.25518742,0.009498738,0.3223576,0.001921552,0.3142591,0.09886987,0.22392674,0.025832633
375316653866487564,3028879214243765632,0.5484651,2132.7236813028353,2.4688935789511763,9.468687E-6,17.061228,0.005418011,0.2676063,0.0642947,0.029182011,0.023066046,0.07154503,0.056145128,0.77761465,0.0043738834,0.04715262,0.005374694,0.2711738,0.021246655,0.052238632,0.01199676,0.77761465,0.0043738834,"TWOGAUSSIANS_WITH_ELLIPSOIDAL_ON_ECLIPSE2",9,17.510225,0.77761465,0.0043738834,0.26405466,0.030098286,0.37565085,0.021079343,0.2684963,0.062488202,0.16341926,0.12916985,0.17564622,0.07861703
375316653866487564,3028879523481407872,0.5136188,2139.752363451758,3.013913181501754,1.8273857E-5,16.517805,0.055748522,0.25276875,0.0023174167,0.24517776,0.021980222,0.7769759,0.0550517,0.7565361,0.0024431313,0.16471808,0.011620544,0.5874983,0.0761671,null,null,null,null,"TWOGAUSSIANS",8,8.529108,0.25132874,0.0022114639,0.4,0.0,0.14171061,0.005236471,0.75989616,0.0026730383,0.4,0.0,0.13447139,0.007531741
375316653866487564,3028879656620615424,0.5373238,2114.4467863554632,0.21726752781471528,1.5217255E-5,18.205044,0.0025556171,0.060550872,0.0034161098,0.007754018,0.0023182114,0.10121421,0.017271832,0.59714776,0.002559961,0.01180065,8.7758276E-4,0.474368,0.079151735,null,null,null,null,"TWOGAUSSIANS",8,2.5122733,0.59714776,0.002559961,0.06608363,0.0049144635,0.474368,0.079151735,0.060550872,0.0034161098,0.0434225,0.012981983,0.10121421,0.017271832
375316653866487564,3028884093327524096,0.4910073,2198.121285494191,0.07225859770430045,4.7990065E-6,12.763613,0.0021410345,0.21771014,1.4317062E-4,0.0027035815,2.0439312E-4,0.19546573,0.002641454,0.6252536,0.0036395856,0.017270224,0.003654743,0.060386132,0.084080264,0.0029292526,0.0027593863,0.21771014,1.4317062E-4,"TWOGAUSSIANS_WITH_ELLIPSOIDAL_ON_ECLIPSE1",9,214.23383,0.21771014,1.4317062E-4,0.015140056,0.0011446015,0.20132422,0.0079334155,0.6254236,0.0036109807,0.09671325,0.02046656,0.064483,0.08357073
375316653866487564,3028885841369228672,0.47681323,2201.1046628565305,4.343782214947005,3.1174346E-5,18.48154,0.042131104,0.35779524,0.010700848,0.07823559,0.0143683795,0.45478624,0.057509594,0.84096956,0.011538875,0.08211055,0.013250942,0.38162008,0.050991282,null,null,null,null,"TWOGAUSSIANS",8,22.798084,0.35779524,0.010700848,0.4,0.0,0.45017788,0.054718558,0.84096956,0.011538875,0.4,0.0,0.3770117,0.045445755
375316653866487564,3028886288047455872,0.55232054,2195.3356749453246,3.6925875316821917,9.864822E-6,18.54285,0.008100725,0.20547353,0.00237974,0.08001537,0.0033985085,0.32403284,0.0079784915,0.70578504,0.0030785468,0.070338584,0.003425403,0.32610464,0.023653826,null,null,null,null,"TWOGAUSSIANS",8,2.9775426,0.70578504,0.0030785468,0.39389607,0.018164074,0.32354847,0.023627922,0.20547353,0.00237974,0.4,0.0,0.32147667,0.0073906765
375316653866487564,3028886425484684416,0.586845,2149.2541897259835,2.909126083124967,8.7703975E-6,18.35688,0.008471419,0.24452345,0.0025079993,0.09150135,0.0043378035,0.33093426,0.009359467,0.74799323,0.002643267,0.09030243,0.0037973828,0.35698122,0.009445906,null,null,null,null,"TWOGAUSSIANS",8,1.7579564,0.74799323,0.002643267,0.4,0.0,0.3421309,0.007396122,0.24452345,0.0025079993,0.4,0.0,0.31608388,0.008647041
375316653866487564,3028887288783267200,0.5533729,2182.695084490413,1.3037602523054428,6.20865E-6,16.293219,0.0018325836,0.25687003,0.006806219,0.02732192,0.015862457,0.30359542,83.93492,0.75628614,0.0023920531,0.032855682,0.0019345527,0.123158775,0.0056388974,0.008936518,0.0031376507,0.25687003,0.006806219,"TWOGAUSSIANS_WITH_ELLIPSOIDAL_ON_ECLIPSE1",9,3.9477499,0.25687003,0.006806219,0.15300275,0.08882976,0.32146844,83.93698,0.75629616,0.0023605449,0.1839918,0.010833495,0.14103156,0.0034364625
375316653866487564,3028888521428819328,0.57021534,2170.545311320352,1.2048933278707437,1.4811221E-5,19.177513,0.002671562,0.31548762,0.0028320593,0.028310306,0.004443341,1.1348872,0.3398555,0.6912553,0.0025586693,0.0078058327,0.0030394658,0.07014073,0.027615583,null,null,null,null,"TWOGAUSSIANS",8,1.1574166,0.31548762,0.0028320593,0.15853772,0.024882708,1.1348872,0.3398555,0.6912553,0.0025586693,0.04371266,0.017021008,0.07014073,0.027615583
375316653866487564,3028888834971451136,0.5668306,2138.8411880731737,0.3352197636236032,1.286518E-5,13.764243,0.0010550359,0.1948586,0.012578069,0.019028177,0.008567146,0.12187851,0.036484037,0.6983931,0.00445762,0.01835581,0.0052573797,0.15129177,0.018134758,0.0046213097,0.0019039881,0.1948586,0.012578069,"TWOGAUSSIANS_WITH_ELLIPSOIDAL_ON_ECLIPSE1",9,22.49313,0.6983931,0.00445762,0.10279253,0.029441325,0.16052982,0.018726565,0.1948586,0.012578069,0.106557794,0.047976017,0.13112113,0.03652476
375316653866487564,3028889174263956608,0.6042775,2211.2820497672164,1.421129830837757,7.589931E-6,16.689196,0.0070001613,0.22120278,0.0030196325,0.10920364,0.0067812,0.12747127,0.006787468,0.72415096,0.0017991841,0.10035441,0.0051280865,0.16428675,0.006031903,null,null,null,null,"TWOGAUSSIANS",8,1.8046058,0.72415096,0.0017991841,0.4,0.0,0.1481981,0.003945441,0.22120278,0.0030196325,0.4,0.0,0.11137676,0.0033662575
375316653866487564,3028889762678034432,0.48897263,2106.261792849199,2.5045445061730676,3.753883E-5,18.365423,0.01313104,0.23226051,0.0078031,0.059694204,0.013888405,0.42635787,0.0767498,0.7454495,0.009621207,0.07208038,0.0134753985,0.2879553,0.04023462,null,null,null,null,"TWOGAUSSIANS",8,18.301706,0.23226051,0.0078031,0.33428755,0.07088257,0.42601022,0.07774649,0.7454495,0.009621207,0.4,0.050140247,0.2876077,0.04043969
375316653866487564,3028891923043034368,0.5317366,2174.1000094456354,4.185312013892254,1.0489437E-5,19.075212,0.027495861,0.30479226,0.008719552,0.099449135,0.017905667,0.31889006,0.03563719,0.81006896,0.0023676308,0.086029835,0.006791352,0.40191308,0.027286049,null,null,null,null,"TWOGAUSSIANS",8,2.2640798,0.81006896,0.0023676308,0.4,0.0,0.38463736,0.019684808,0.30479226,0.008719552,0.4,0.0,0.30161223,0.042380076
375316653866487564,3028891927347784448,0.6142195,2194.915997798768,0.18093793327919092,1.6077258E-5,15.818281,0.0013164965,0.9008205,8.769364E-4,0.011663406,9.201766E-4,0.5680802,0.114859745,null,null,null,null,null,null,0.005629715,0.0025099772,0.9008205,8.769364E-4,"ONEGAUSSIAN_WITH_ELLIPSOIDAL",6,12.186605,0.9008205,8.769364E-4,0.065315075,0.005152989,0.57933956,0.11588785,null,null,null,null,null,null
375316653866487564,3028895878710871936,0.49938694,2105.985279245529,4.829828040914536,1.2297099E-5,18.231775,0.032221925,0.27652124,0.013904504,0.092869684,0.025912682,0.35170567,0.05128316,0.75550675,0.004429145,0.07037085,0.006171613,0.6730791,0.07820241,null,null,null,null,"TWOGAUSSIANS",8,15.586834,0.75550675,0.004429145,0.39407676,0.026346877,0.66748697,0.07848263,0.27652124,0.013904504,0.4,0.0,0.34611297,0.057017818
375316653866487564,3028896256668173824,0.52489334,2178.053471947568,3.3538101010945365,2.5047324E-5,17.637438,0.23526,0.23671424,0.0059485794,0.12064179,0.03959236,0.37121513,0.22374183,0.73213327,0.0072737737,0.12722611,0.054327663,0.3004256,0.22570263,null,null,null,null,"TWOGAUSSIANS",8,9.737753,0.23675424,0.0059113493,0.4,0.0,0.28786957,0.0126849795,0.73213327,0.0072737737,0.4,0.0,0.21695137,0.016546803
375316653866487564,3028896359754072704,0.52534485,2133.8833742990782,2.4955197438636367,1.40951925E-5,12.039201,0.0141064385,0.29624158,0.010019407,0.09167777,0.014262957,0.13160546,0.015453383,0.7732409,0.004292474,0.08982925,0.011352505,0.23448355,0.016047865,null,null,null,null,"TWOGAUSSIANS",8,541.294,0.7732409,0.004292474,0.4,0.0,0.22900249,0.01860821,0.29624158,0.010018898,0.4,0.0,0.12612438,0.013053778
375316653866487564,3028897626759970304,0.4545934,2124.412547503389,0.12503525141256192,2.0591666E-5,18.652222,0.013164427,0.16783658,0.00491857,0.048776694,0.0045688865,0.17394128,0.02644066,0.6175496,0.02213156,0.1520676,0.023900587,0.13400242,0.016434018,null,null,null,null,"TWOGAUSSIANS",8,5.4218116,0.16822657,0.0048388373,0.2731495,0.025585763,0.17009573,0.02588309,0.6175496,0.02213156,0.4,0.0,0.1282688,0.013722328
375316653866487564,3028898146460362752,0.5213332,2147.964202588581,0.3162501207845776,4.742308E-5,16.066486,0.0029299047,0.341161,0.0031691494,0.064257875,0.001967282,0.5321721,0.021758644,0.74489415,0.009105298,0.068687476,0.012534187,0.089424014,0.018671531,null,null,null,null,"TWOGAUSSIANS",8,37.749977,0.341161,0.0031691494,0.35984412,0.01101678,0.5321543,0.021762786,0.74489415,0.009105298,0.38464987,0.043910738,0.089406274,0.018696688
375316653866487564,3028906495876720384,0.61057854,2177.0025286855916,3.009824787783556,8.37751E-6,17.246256,0.035207275,0.26372424,0.0018084462,0.058364186,0.0082131,0.31870678,0.072988205,0.76460284,0.0024611012,0.06252845,0.010594315,0.2671669,0.06835741,0.09743675,0.040885236,0.26372424,0.0018084462,"TWOGAUSSIANS_WITH_ELLIPSOIDAL_ON_ECLIPSE1",9,10.444693,0.26372424,0.0018084462,0.32683945,0.04599336,0.5134622,0.017535308,0.76460284,0.0023334147,0.3501593,0.05932816,0.4619164,0.018769173
375316653866487564,3028907384927042688,0.5780807,2171.463402534774,4.505773170199891,2.3990659E-5,18.407236,0.0033571774,0.2605376,0.0055704624,0.0034627598,0.0026820132,0.06639605,0.88453794,0.619951,0.023019418,0.016112773,0.012132172,1.002177,0.8081808,null,null,null,null,"TWOGAUSSIANS",8,3.580022,0.619951,0.023019418,0.09023153,0.06794016,1.002177,0.8081808,0.2605376,0.0055704624,0.019391455,0.015019274,0.06639605,0.88453794
375316653866487564,3028910447246751872,0.711305,2187.9880493538512,0.8327582497621752,4.7366775E-6,14.429474,0.001141889,0.13755432,0.0018481999,0.020904427,0.0011755548,0.63455975,0.050357357,0.6390306,0.027379703,0.021795636,0.01934523,0.2212771,692.7495,0.008160216,0.0021319273,0.13755432,0.0018481999,"TWOGAUSSIANS_WITH_ELLIPSOIDAL_ON_ECLIPSE1",9,18.677185,0.13755432,0.0018481999,0.11706479,0.0065831067,0.65088016,0.051084906,0.6390306,0.027379703,0.12205556,0.10833328,0.23759611,692.7497
375316653866487564,3028911581117933696,0.6284461,2164.0912925695297,3.146182365617943,1.4280166E-5,17.503128,0.014215946,0.31983486,0.0036647432,0.059778567,0.006752795,0.3094222,0.046325013,0.8128253,0.0027540082,0.053457845,0.004389095,0.26648545,0.03072811,0.080204315,0.016206076,0.31983486,0.0036647432,"TWOGAUSSIANS_WITH_ELLIPSOIDAL_ON_ECLIPSE1",9,3.1802263,0.31983486,0.0036647432,0.33475998,0.037815653,0.4697779,0.047108788,0.81366533,0.0022902277,0.29936394,0.024578933,0.42656732,0.0057875565
375316653866487564,3028912057850429568,0.49246237,2180.0534702414225,1.2532350505262755,5.0990482E-5,18.494686,0.021774633,0.1576525,0.038965993,0.09191249,0.066123,0.04898419,0.020092385,0.5206243,0.037423417,0.056069836,0.02160152,0.3184124,0.10953064,null,null,null,null,"TWOGAUSSIANS",8,1.6759993,0.5206243,0.037423417,0.31399107,0.11755629,0.31841487,0.109431185,0.1576525,0.038965993,0.4,0.13523227,0.048966546,0.01991257
375316653866487564,3028913363520419072,0.5254079,2132.8861043844527,3.591104737181307,1.3890757E-5,18.686678,0.1208479,0.15465489,0.0033630386,0.13340056,0.04034413,0.2608132,0.11457845,0.6528563,0.0054671797,0.12792994,0.03348778,0.29701975,0.11515931,null,null,null,null,"TWOGAUSSIANS",8,1.8656809,0.6528563,0.0054671797,0.4,0.0,0.20964727,0.012985317,0.15468489,0.0033969467,0.4,0.0,0.17326254,0.00912613
375316653866487564,3028914840989199104,0.6840702,2140.239731689547,0.5103844919601069,7.091314E-6,18.493887,0.0017900821,0.5688645,0.013121762,0.064842485,0.0050270674,0.012430368,0.0019171581,0.82113045,0.0010943792,0.0145345805,7.1558286E-4,0.6678692,0.010213471,null,null,null,null,"TWOGAUSSIANS",8,1.0220267,0.82113045,0.0010943792,0.08139365,0.004007264,0.66787565,0.010215544,0.5688645,0.013121762,0.3631179,0.028151577,0.012430368,0.0019171581
375316653866487564,3028916425841051648,0.5194625,2188.314673210044,2.57217258506265,2.0220315E-5,16.24105,0.38280752,0.28268337,0.0043914253,0.22275934,0.11958043,0.41421452,0.37435433,0.78113425,0.0034929807,0.1557228,0.049634025,0.35898432,0.2900888,null,null,null,null,"TWOGAUSSIANS",8,6.8113966,0.78113425,0.0034929807,0.4,0.0,0.10663965,0.0060014543,0.28305337,0.0046354686,0.4,0.0,0.09932682,0.006085908
375316653866487564,3028918521777717120,0.50332874,2154.832771683482,2.473503914308353,1.487787E-5,18.585482,0.013361432,0.2680463,0.02112968,0.03256026,0.02492152,0.11537683,0.42951763,0.7587129,0.009238891,0.047934398,0.0092685055,0.37361243,0.094832756,0.0529076,0.019284092,0.2680463,0.02112968,"TWOGAUSSIANS_WITH_ELLIPSOIDAL_ON_ECLIPSE1",9,6.5369053,0.75917286,0.008478325,0.26843265,0.05190363,0.4790817,0.10147292,0.2680463,0.02112968,0.18233745,0.1395605,0.22119187,0.44890806
375316653866487564,3028918831023714176,0.6882463,2142.5742334760916,1.0176029032558715,1.3499259E-6,16.295208,0.0035565733,0.2704506,5.2490784E-4,0.032332797,0.0018203921,0.90465075,0.068773784,0.77766204,0.005089887,0.0331193,0.0052307798,0.0814327,0.009749625,0.013358962,0.0064860373,0.2704506,5.2490784E-4,"TWOGAUSSIANS_WITH_ELLIPSOIDAL_ON_ECLIPSE1",9,8.729475,0.2704506,5.2490784E-4,0.18106365,0.010194195,0.9313687,0.07696338,0.77766204,0.005089887,0.18546806,0.029292366,0.1080958,0.0060672564
375316653866487564,3028919999254757248,0.6560559,2106.687619482181,0.9000849107987886,8.733584E-6,16.856022,0.001671682,0.26958504,6.4017344E-4,0.03520466,0.0010721012,0.64205766,0.014014969,0.77453285,0.0042436947,0.03503284,0.0039816266,0.079681024,0.011296227,null,null,null,null,"TWOGAUSSIANS",8,4.212249,0.26958504,6.4017344E-4,0.1971461,0.0060037663,0.64205766,0.014014969,0.77453285,0.0042436947,0.19618389,0.022297109,0.079681024,0.011296227
