Gaia/vari_eclipsing_binary/VariEclipsingBinary_477317-477352.csv
# %ECSV 1.0
# ---
# delimiter: ','
# meta: !!omap
# - RELEASE: Gaia DR3
# - TABLE: vari_eclipsing_binary
# - DESCRIPTION: >
#     This table describes the properties of the eclipsing binaries resulting from the variability analysis. 
# - CITATION: >
#     How to cite and acknowledge Gaia: 
#     https://gea.esac.esa.int/archive/documentation/credits.html 
# - KNOWN_ISSUES: >
#     Known issues: 
#     https://www.cosmos.esa.int/web/gaia-users/known-issues 
# - DOCUMENTATION: >
#     Tutorials and documentation: 
#     https://www.cosmos.esa.int/web/gaia-users/archive 
# datatype:
# - 
#   name: solution_id
#   datatype: int64
#   description: Solution Identifier
#   meta:
#     ucd: meta.version
# - 
#   name: source_id
#   datatype: int64
#   description: Unique source identifier
#   meta:
#     ucd: meta.id;meta.main
# - 
#   name: global_ranking
#   datatype: float32
#   description: Number between 0 (worst) and 1 (best)
#   meta:
#     ucd: stat.param
# - 
#   name: reference_time
#   datatype: float64
#   unit: d
#   description: Reference time used for the geometric model fit
#   meta:
#     ucd: time.epoch
# - 
#   name: frequency
#   datatype: float64
#   unit: d**-1
#   description: Frequency of geometric model of the eclipsing binary light curve
#   meta:
#     ucd: src.orbital
# - 
#   name: frequency_error
#   datatype: float32
#   unit: d**-1
#   description: "Uncertainty of \\texttt{frequency}"
#   meta:
#     ucd: stat.error
# - 
#   name: geom_model_reference_level
#   datatype: float32
#   unit: mag
#   description: Magnitude reference level of geometric model
#   meta:
#     ucd: phot.mag;em.opt
# - 
#   name: geom_model_reference_level_error
#   datatype: float32
#   unit: mag
#   description: "Uncertainty of \\texttt{geomModelReferenceLevel}"
#   meta:
#     ucd: stat.error;phot.mag;em.opt
# - 
#   name: geom_model_gaussian1_phase
#   datatype: float32
#   description: Phase of the Gaussian 1 component
#   meta:
#     ucd: time.phase
# - 
#   name: geom_model_gaussian1_phase_error
#   datatype: float32
#   description: "Uncertainty of \\texttt{geomModelGaussian1Phase}"
#   meta:
#     ucd: stat.error;time.phase
# - 
#   name: geom_model_gaussian1_sigma
#   datatype: float32
#   description: "Standard deviation [phase] of Gaussian 1 component"
#   meta:
#     ucd: stat.stdev
# - 
#   name: geom_model_gaussian1_sigma_error
#   datatype: float32
#   description: "Uncertainty of \\texttt{geomModelGaussian1Sigma}"
#   meta:
#     ucd: stat.error
# - 
#   name: geom_model_gaussian1_depth
#   datatype: float32
#   unit: mag
#   description: Magnitude depth of Gaussian 1 component
#   meta:
#     ucd: src.var.amplitude
# - 
#   name: geom_model_gaussian1_depth_error
#   datatype: float32
#   unit: mag
#   description: "Uncertainty of \\texttt{geomModelGaussian1Depth}"
#   meta:
#     ucd: stat.error;src.var.amplitude
# - 
#   name: geom_model_gaussian2_phase
#   datatype: float32
#   description: Phase of Gaussian 2 component
#   meta:
#     ucd: time.phase
# - 
#   name: geom_model_gaussian2_phase_error
#   datatype: float32
#   description: "Uncertainty of \\texttt{geomModelGaussian2Phase}"
#   meta:
#     ucd: stat.error;time.phase
# - 
#   name: geom_model_gaussian2_sigma
#   datatype: float32
[...]
#   datatype: float32
#   description: "Secondary eclipse: uncertainty of \\texttt{derivedSecondaryEclDuration}"
#   meta:
#     ucd: stat.error;time.duration
# - 
#   name: derived_secondary_ecl_depth
#   datatype: float32
#   unit: mag
#   description: "Secondary eclipse: depth"
#   meta:
#     ucd: src.var.amplitude
# - 
#   name: derived_secondary_ecl_depth_error
#   datatype: float32
#   unit: mag
#   description: "Secondary eclipse: uncertainty of \\texttt{derivedSecondaryEclDepth}"
#   meta:
#     ucd: stat.error;src.var.amplitude
solution_id,source_id,global_ranking,reference_time,frequency,frequency_error,geom_model_reference_level,geom_model_reference_level_error,geom_model_gaussian1_phase,geom_model_gaussian1_phase_error,geom_model_gaussian1_sigma,geom_model_gaussian1_sigma_error,geom_model_gaussian1_depth,geom_model_gaussian1_depth_error,geom_model_gaussian2_phase,geom_model_gaussian2_phase_error,geom_model_gaussian2_sigma,geom_model_gaussian2_sigma_error,geom_model_gaussian2_depth,geom_model_gaussian2_depth_error,geom_model_cosine_half_period_amplitude,geom_model_cosine_half_period_amplitude_error,geom_model_cosine_half_period_phase,geom_model_cosine_half_period_phase_error,model_type,num_model_parameters,reduced_chi2,derived_primary_ecl_phase,derived_primary_ecl_phase_error,derived_primary_ecl_duration,derived_primary_ecl_duration_error,derived_primary_ecl_depth,derived_primary_ecl_depth_error,derived_secondary_ecl_phase,derived_secondary_ecl_phase_error,derived_secondary_ecl_duration,derived_secondary_ecl_duration_error,derived_secondary_ecl_depth,derived_secondary_ecl_depth_error
[from data line 376]
375316653866487564,4198763533268103680,0.49564332,2188.6932448655534,4.323227184432085,1.4997735E-4,17.245142,0.005990292,0.734589,1.8707654E-4,0.030746404,0.00168315,0.24652576,0.0017506804,null,null,null,null,null,null,null,null,null,null,"ONEGAUSSIAN",5,11.330135,0.734589,1.8707654E-4,0.17217986,0.00942564,0.24652576,0.0,null,null,null,null,null,null
375316653866487564,4198763773786331776,0.7020902,2207.8238763522686,1.2547103968216389,8.460072E-6,15.793663,0.0020551833,0.27887294,0.0011505017,0.04632448,0.0011692717,0.32568383,0.0054674526,null,null,null,null,null,null,0.038877055,0.0029223633,0.27887294,0.0011505017,"ONEGAUSSIAN_WITH_ELLIPSOIDAL",6,3.1006246,0.27887294,0.0011505017,0.2594171,0.006547921,0.4034377,0.0034654147,null,null,null,null,null,null
375316653866487564,4198763876865515648,0.5337437,2193.2209988668837,0.6279248465622966,7.422404E-5,16.620134,0.0019142859,0.31970203,0.013529036,0.043014657,0.0147383325,0.087487146,0.002622632,0.8101213,0.007993034,0.038349044,0.0055024456,0.02022451,0.002635737,null,null,null,null,"TWOGAUSSIANS",8,2.770272,0.31970203,0.013529036,0.24088208,0.082534656,0.087487146,0.0026225438,0.8101213,0.007993034,0.21475464,0.030813696,0.02022451,0.0026356606
375316653866487564,4198764289182484096,0.515077,2134.1153101175637,1.1692071057526487,3.2223583E-5,18.32866,0.007230244,0.21241361,6.0863327E-5,0.013233361,6.774681E-4,0.4741506,0.035079543,0.73020226,0.050602086,0.022897573,0.028836323,0.5129747,0.30856103,null,null,null,null,"TWOGAUSSIANS",8,7.838395,0.73020226,0.050602086,0.12822641,0.1614834,0.5129747,0.30856103,0.21241361,6.0863327E-5,0.07410682,0.0037938212,0.4741506,0.035079543
375316653866487564,4198764465270985344,0.48021364,2203.6918299695008,0.1867998588848259,2.505405E-5,19.7875,0.028257271,0.22533143,0.050642624,0.03698294,0.025158493,0.5787279,0.4180122,0.7873336,0.010389346,0.115572564,0.017927991,0.27266657,0.031071713,null,null,null,null,"TWOGAUSSIANS",8,1.3263754,0.22531143,0.050653055,0.20710444,0.14088756,0.5783088,0.4176071,0.7873336,0.010389346,0.4,0.0,0.27203798,0.030625157
375316653866487564,4198766007187162496,0.57129437,2227.94985405487,3.1174296344523804,2.3038083E-5,19.079771,0.020149149,0.31668058,0.0031023968,0.072571434,0.0059501478,0.55764884,0.04060217,0.8233006,0.005227677,0.075132325,0.0066727474,0.5019636,0.029158406,null,null,null,null,"TWOGAUSSIANS",8,3.1857214,0.31668058,0.0031023968,0.4,0.016393514,0.554702,0.041911803,0.8233006,0.005227677,0.4,0.0027741527,0.49901676,0.0287809
375316653866487564,4198766698654476672,0.6391574,2113.8056569371633,3.581053645147916,1.5658905E-5,18.720514,0.008222556,0.29500926,0.0027300857,0.066773586,0.0047408384,0.50753385,0.032887217,0.80323565,0.0033765626,0.06651877,0.0030907658,0.7560907,0.015233737,null,null,null,null,"TWOGAUSSIANS",8,2.2623446,0.80323565,0.0033765626,0.3725051,0.017308287,0.7552289,0.015155995,0.29500926,0.0027300857,0.37393206,0.026548695,0.506672,0.033227704
375316653866487564,4198766733049805824,0.50658303,2201.3536779452998,4.428291710160459,5.783613E-5,17.647768,0.13501652,0.19355536,0.018762562,0.15680958,0.10572686,0.15997873,0.12779059,0.6767789,0.010412778,0.10161214,0.021877376,0.16841982,0.089619294,null,null,null,null,"TWOGAUSSIANS",8,7.0161166,0.6767789,0.010412778,0.4,0.0,0.12768291,0.015154404,0.19356535,0.018802956,0.4,0.0,0.11715666,0.012789132
375316653866487564,4198766767409533056,0.53395605,2197.731945964788,2.3938416774473095,3.1012496E-5,17.7131,0.011824508,0.22609454,0.013284788,0.08951035,0.018783627,0.25391358,0.030257128,0.7341984,0.006869123,0.09813458,0.010732944,0.22204994,0.012299596,null,null,null,null,"TWOGAUSSIANS",8,7.031764,0.22609454,0.013284788,0.4,0.0036308109,0.24182975,0.037613444,0.7341984,0.006869123,0.4,0.0,0.20996507,0.009484226
375316653866487564,4198768347957572096,0.46385366,2156.685479784179,1.0644954854503672,6.347538E-5,16.879768,0.009989617,0.3325098,0.07680118,0.07808561,0.05625212,0.039736446,0.16695519,0.7877223,0.007365079,0.08632211,0.016174003,0.08684475,0.011186369,null,null,null,null,"TWOGAUSSIANS",8,9.789979,0.7877223,0.007365079,0.4,0.0,0.08635372,0.010318597,0.3325098,0.076817386,0.4,0.14406164,0.039245494,0.16745457
375316653866487564,4198768584165472000,0.72035587,2170.1335473875934,2.8100849499129787,4.0357E-6,17.26604,0.00691243,0.3235964,0.0029010782,0.05593097,0.0047096703,0.49134246,0.037603512,0.8258914,0.0010676114,0.0484912,0.0021187915,0.41858,0.015404694,0.10274041,0.010167111,0.3235964,0.0029010782,"TWOGAUSSIANS_WITH_ELLIPSOIDAL_ON_ECLIPSE1",9,1.9645987,0.3235964,0.0029010782,0.3132134,0.026374154,0.6968001,0.03379279,0.8258914,0.0010596623,0.27155071,0.011865232,0.62399495,0.01585798
375316653866487564,4198768687229302016,0.61360705,2215.473985076656,2.6946345723060134,1.2524521E-5,18.77304,0.0121177,0.14245835,0.0033659071,0.068207875,0.0041066175,0.44590688,0.033022385,0.6378443,0.0084063895,0.06340689,0.0063201976,0.49080986,0.019301003,null,null,null,null,"TWOGAUSSIANS",8,2.234635,0.6378443,0.0084063895,0.3550786,0.035393108,0.49021003,0.018719567,0.14245835,0.0033659071,0.3819641,0.022997057,0.44530702,0.03306055
375316653866487564,4198770375182935168,0.62252045,2228.3186226075813,2.3916384264252786,6.409522E-5,18.54048,0.014674657,0.31415302,0.0025044193,0.08364612,0.005952344,0.36044875,0.013638087,0.7992929,0.0042587738,0.08280954,0.006385555,0.3932004,0.016427606,null,null,null,null,"TWOGAUSSIANS",8,1.6427402,0.7992929,0.0042587738,0.4,0.0,0.38690343,0.015133577,0.31415302,0.0025044193,0.4,0.0,0.3541518,0.010004873
375316653866487564,4198771474659933184,0.46903998,2337.878159912936,2.758194592143805,6.2644955E-5,17.695992,0.01825154,0.3748029,0.008964306,0.082075134,0.012021394,0.2157655,0.02929363,0.87168425,0.009926766,0.06900275,0.039032158,0.1930804,0.08249621,null,null,null,null,"TWOGAUSSIANS",8,13.74352,0.3748029,0.008964306,0.4,0.0,0.21416914,0.027683882,0.87168425,0.009926766,0.38641536,0.054950576,0.19148403,0.08938929
375316653866487564,4198771990090148096,0.60941917,2280.071587453437,1.1364351587458812,3.23711E-5,16.62411,0.0037216172,0.23480059,0.019300243,0.07309217,0.017094584,0.06920698,0.020042656,0.7312743,0.004341479,0.06962915,0.0064913738,0.1864924,0.0059151314,null,null,null,null,"TWOGAUSSIANS",8,2.1136768,0.7312743,0.004341479,0.38992321,0.030082947,0.18605267,0.0058002057,0.23480059,0.019300243,0.4,0.06681677,0.06876725,0.020249467
375316653866487564,4198773948560821376,0.54951656,2207.0155267456425,0.37276070056651583,3.380056E-5,18.97592,0.008222662,0.3882052,0.09117523,0.016215386,0.027623968,0.12902953,1.2096642,0.84953815,0.035222188,0.033550773,0.014861256,1.0201006,0.64544773,null,null,null,null,"TWOGAUSSIANS",8,4.53818,0.84953815,0.035222188,0.18788433,0.08322304,1.0201006,0.64544773,0.3882052,0.09117523,0.09080616,0.15469421,0.12902953,1.2096642
375316653866487564,4198774086034180864,0.52446115,2267.104048860346,0.7040073310015164,5.511067E-5,16.894,0.0052862167,0.28529468,0.0013052388,0.022875998,0.0022531196,0.30264315,0.020689888,0.7446414,0.011399369,0.08801626,0.014171508,0.040798683,0.011241226,null,null,null,null,"TWOGAUSSIANS",8,9.105293,0.28529468,0.0013052388,0.1281056,0.01261747,0.3026425,0.020694377,0.7446414,0.011399369,0.4,0.0,0.040798,0.01123949
375316653866487564,4198774807555034240,0.5664285,2258.7433840647354,3.713774086107713,1.6120604E-5,19.011948,0.020156471,0.31082925,0.0052624014,0.074011736,0.0052340333,0.7213723,0.054780956,0.8054948,0.009160501,0.07490049,0.008457477,0.5565729,0.036597714,null,null,null,null,"TWOGAUSSIANS",8,6.3698983,0.31082925,0.0052624014,0.4,0.004894079,0.71737695,0.054998267,0.8054948,0.009160501,0.4,0.004727338,0.55257756,0.035860978
375316653866487564,4198775151186126720,0.47242147,2238.959988602808,2.387903432453536,4.8572663E-5,17.709675,0.0077848122,0.21756399,0.015785009,0.07456592,0.015347968,0.066711485,0.010424229,0.7573516,0.0051096817,0.08190733,0.015257047,0.087745726,0.017106026,null,null,null,null,"TWOGAUSSIANS",8,4.0224056,0.7573516,0.0051096817,0.4,0.0,0.08734511,0.01740523,0.21756399,0.015785009,0.4,0.057562318,0.066310875,0.01024426
375316653866487564,4198775219905612544,0.49050534,2212.201821825952,3.0103642660222296,1.883218E-5,17.198553,0.0061222306,null,null,null,null,null,null,null,null,null,null,null,null,0.110330954,0.009455253,0.18988077,0.0050795297,"ELLIPSOIDAL",4,26.997635,null,null,null,null,null,null,null,null,null,null,null,null
375316653866487564,4198775357310805248,0.50955695,2158.5072289609484,0.2731226043303178,2.1179201E-5,19.461819,0.46245632,0.2802827,0.010675053,0.0767052,0.14334144,0.4067584,0.25911775,0.7929363,0.008615967,0.10460446,0.037946012,0.3145385,0.34878913,null,null,null,null,"TWOGAUSSIANS",8,2.8780334,0.2802827,0.011774793,0.4,0.034578644,0.39410892,0.19993778,0.7929363,0.0063876538,0.4,0.0,0.30188105,0.04092754
375316653866487564,4198775730976008704,0.5065034,2290.4409251775705,2.06483865018726,1.7133698E-5,17.934048,0.0014894848,null,null,null,null,null,null,null,null,null,null,null,null,0.051115897,0.0021235493,0.17931372,0.0032267107,"ELLIPSOIDAL",4,1.1669339,null,null,null,null,null,null,null,null,null,null,null,null
375316653866487564,4198777380243917952,0.5334954,2224.8867443284603,2.7714152393779212,1.4741148E-5,18.543896,0.38398528,0.15679307,0.0046032537,0.119301334,0.09029557,0.33474788,0.34100053,0.65988755,0.0037156139,0.099253505,0.032891147,0.32575503,0.30153576,null,null,null,null,"TWOGAUSSIANS",8,3.7490332,0.15679307,0.004721368,0.4,0.0,0.28823042,0.035569746,0.65989757,0.0033717672,0.4,0.0,0.27933878,0.030835776
375316653866487564,4198778651550678272,0.5694505,2229.626787507521,3.2712902204458953,1.8835837E-5,14.703716,0.12995988,0.21872012,0.013708685,0.053646456,0.03557771,0.1498682,0.25312105,0.72908705,0.0079449015,0.036792405,0.058041148,0.18195836,0.24446201,0.12842707,0.13099474,0.72908705,0.0079449015,"TWOGAUSSIANS_WITH_ELLIPSOIDAL_ON_ECLIPSE2",9,326.37955,0.72908705,0.0079449015,0.20603746,0.2818996,0.43880984,0.19589129,0.22163013,0.0069841654,0.30042017,0.1438434,0.4059359,0.02305047
375316653866487564,4198779132590911488,0.5056565,2254.6719941531164,0.6673753188938678,2.5227113E-5,18.41195,0.01410895,0.17861499,0.012607734,0.10727348,0.013461441,0.1883293,0.02171631,0.6800554,0.0050613214,0.07022774,0.008946005,0.24325645,0.017697778,null,null,null,null,"TWOGAUSSIANS",8,2.8950405,0.6800554,0.00506219,0.39327538,0.034760915,0.23578045,0.01895964,0.17861499,0.012607734,0.4,0.0,0.18084607,0.017558046
375316653866487564,4198779166950683648,0.5932862,2285.5375548570423,2.41851125632465,7.716796E-5,17.907854,0.050973002,0.24501778,0.0096193785,0.091137424,0.015811684,0.3963185,0.04992475,0.7496628,0.008876435,0.11208331,0.019088909,0.38843274,0.05302821,null,null,null,null,"TWOGAUSSIANS",8,6.536867,0.24500778,0.0096345395,0.4,0.0,0.36067837,0.017373975,0.7496628,0.008876435,0.4,0.0,0.3527552,0.029244568
375316653866487564,4198780442586157056,0.5966976,2145.4421662681507,3.1609370419763803,2.1797185E-5,18.321905,0.011389373,0.21446191,0.0064881193,0.070756495,0.006559649,0.3840891,0.024603507,0.7096003,0.002988534,0.0727981,0.0046054195,0.41884375,0.02488788,null,null,null,null,"TWOGAUSSIANS",8,4.495292,0.7096003,0.002988534,0.4,0.008615777,0.41718882,0.024968583,0.21446191,0.0064881193,0.3962364,0.01763141,0.3824342,0.024446964
375316653866487564,4198780816217200256,0.6208044,2186.649288038001,3.4955953106959674,1.0518818E-5,17.905872,0.025219,0.18627925,0.002734971,0.07843496,0.0064977435,0.593212,0.027141495,0.7005342,0.015842594,0.08410208,0.03128078,0.5622591,8.402152,null,null,null,null,"TWOGAUSSIANS",8,6.6478353,0.18627925,0.002734971,0.4,0.0,0.585483,0.027139993,0.7005342,0.015842594,0.4,0.09971297,0.55453,8.408432
375316653866487564,4198780992306408832,0.5134826,2173.7229193159783,2.6088551860650564,3.7822556E-5,18.57,0.0101532405,0.24985763,0.0044994354,0.047102574,0.0038999496,0.49405694,0.1580777,0.76775944,0.016170528,0.06189903,0.052747782,0.09584754,473791.2,null,null,null,null,"TWOGAUSSIANS",8,5.9493694,0.24985763,0.0044994354,0.26377442,0.021839717,0.4940522,0.15808031,0.76775944,0.016170528,0.34663457,0.28798118,0.0958428,473791.2
375316653866487564,4198781267182916224,0.50672156,2061.471191967707,0.590384482770999,7.263782E-5,19.50341,0.024364611,0.27605772,0.0021192322,0.04468653,0.005972396,0.12482718,0.020976547,0.6843292,0.006193755,0.14493547,0.010415741,0.56366307,0.048203878,null,null,null,null,"TWOGAUSSIANS",8,1.6325583,0.6843292,0.006193755,0.4,0.0,0.55794436,0.04781722,0.27952772,0.0012614509,0.25024456,0.033445418,0.13026093,0.021851055
375316653866487564,4198781709584874112,0.5119053,2224.634095895705,0.4723445954966365,6.913479E-5,18.945171,0.012514404,0.24754722,0.028154356,0.09338222,0.024422852,0.113314174,0.018938325,0.70403516,0.013713665,0.0564883,0.017791934,0.5662002,3.2983685,null,null,null,null,"TWOGAUSSIANS",8,1.1473382,0.70403516,0.013713665,0.3163345,0.09963483,0.56566185,3.298947,0.24754722,0.028154356,0.4,0.0,0.1127751,0.018658888
375316653866487564,4198782366730913536,0.60590005,2230.607002194464,2.8848141357194836,3.8918413E-5,19.485357,0.017860388,0.35447115,6.043399E-4,0.07499852,0.0034531879,0.4577376,0.017331019,0.84804344,0.009887166,0.075468056,0.014517982,0.430722,0.030796448,null,null,null,null,"TWOGAUSSIANS",8,1.0928987,0.35447115,6.043399E-4,0.4,0.0,0.45465776,0.015199178,0.84804344,0.009887166,0.4,0.0041635563,0.4276422,0.029956633
375316653866487564,4198782465484824192,0.5232861,2197.7101076033646,2.4195840260350656,2.75089E-5,18.470945,0.011335082,0.23326086,0.0038963107,0.07278237,0.005439034,0.46390194,0.03811067,0.7474889,0.008252631,0.09031836,0.007658187,0.3473673,0.021598298,null,null,null,null,"TWOGAUSSIANS",8,5.644577,0.23326086,0.0038963107,0.4,0.004638767,0.4584648,0.04003062,0.7474889,0.008252631,0.4,0.0,0.34192994,0.02075713
375316653866487564,4198782469810860160,0.5953712,2276.8478182227427,1.1554238549471918,1.3848884E-5,17.294804,0.008022595,0.16954522,0.0022971148,0.08277665,0.004901771,0.23075852,0.008659853,0.6604628,0.012121475,0.09022915,0.009486735,0.3159044,0.01868591,null,null,null,null,"TWOGAUSSIANS",8,4.881179,0.6604628,0.012121475,0.4,0.0,0.30875388,0.017148627,0.16954522,0.0022971148,0.4,0.0,0.22360815,0.008332649
375316653866487564,4198782809084909696,0.5534347,2180.0561401633167,2.773558975250818,9.2314285E-6,18.501345,0.016695848,0.14180633,0.0022529247,0.08511287,0.006705999,0.3430956,0.01958724,0.64654005,0.014356386,0.100219,0.01281995,0.37379575,0.03501977,null,null,null,null,"TWOGAUSSIANS",8,4.235382,0.64654005,0.014356386,0.4,0.0,0.35623592,0.030372677,0.14180633,0.0022529247,0.4,0.0,0.32553878,0.020518051
375316653866487564,4198783191364660096,0.5817629,2227.804116456454,1.1794913848774178,4.625091E-5,16.705133,0.007976637,0.41768566,0.010520716,0.06633448,0.013751377,0.17462073,0.18678078,0.92424,8.653795E-6,0.0050331308,2.7092078E-4,0.4785577,0.0095401425,0.012182353,0.011713182,0.41768566,0.010520716,"TWOGAUSSIANS_WITH_ELLIPSOIDAL_ON_ECLIPSE1",9,33.709396,0.92424,8.653795E-6,0.028185531,0.0015171564,0.5027516,0.015240073,0.41768566,0.010520716,0.3714731,0.07700771,0.19885594,0.18376112
375316653866487564,4198783225724393216,0.58887136,2251.3492646581904,0.4667240255707493,4.1902265E-5,15.010797,0.0023706013,0.15347147,0.0019501555,0.035131995,0.0040170434,0.17705467,0.030106997,0.65438205,0.045460388,0.06254554,0.017298143,0.29459703,0.22099546,0.011252536,0.0063741207,0.15347147,0.0019501555,"TWOGAUSSIANS_WITH_ELLIPSOIDAL_ON_ECLIPSE1",9,13.025874,0.65438205,0.044721797,0.35025504,0.0673472,0.31701562,0.21717212,0.15347147,0.0019501555,0.19673917,0.022495441,0.19947399,0.037898682
