Gaia/vari_eclipsing_binary/VariEclipsingBinary_668183-668198.csv
# %ECSV 1.0
# ---
# delimiter: ','
# meta: !!omap
# - RELEASE: Gaia DR3
# - TABLE: vari_eclipsing_binary
# - DESCRIPTION: >
#     This table describes the properties of the eclipsing binaries resulting from the variability analysis. 
# - CITATION: >
#     How to cite and acknowledge Gaia: 
#     https://gea.esac.esa.int/archive/documentation/credits.html 
# - KNOWN_ISSUES: >
#     Known issues: 
#     https://www.cosmos.esa.int/web/gaia-users/known-issues 
# - DOCUMENTATION: >
#     Tutorials and documentation: 
#     https://www.cosmos.esa.int/web/gaia-users/archive 
# datatype:
# - 
#   name: solution_id
#   datatype: int64
#   description: Solution Identifier
#   meta:
#     ucd: meta.version
# - 
#   name: source_id
#   datatype: int64
#   description: Unique source identifier
#   meta:
#     ucd: meta.id;meta.main
# - 
#   name: global_ranking
#   datatype: float32
#   description: Number between 0 (worst) and 1 (best)
#   meta:
#     ucd: stat.param
# - 
#   name: reference_time
#   datatype: float64
#   unit: d
#   description: Reference time used for the geometric model fit
#   meta:
#     ucd: time.epoch
# - 
#   name: frequency
#   datatype: float64
#   unit: d**-1
#   description: Frequency of geometric model of the eclipsing binary light curve
#   meta:
#     ucd: src.orbital
# - 
#   name: frequency_error
#   datatype: float32
#   unit: d**-1
#   description: "Uncertainty of \\texttt{frequency}"
#   meta:
#     ucd: stat.error
# - 
#   name: geom_model_reference_level
#   datatype: float32
#   unit: mag
#   description: Magnitude reference level of geometric model
#   meta:
#     ucd: phot.mag;em.opt
# - 
#   name: geom_model_reference_level_error
#   datatype: float32
#   unit: mag
#   description: "Uncertainty of \\texttt{geomModelReferenceLevel}"
#   meta:
#     ucd: stat.error;phot.mag;em.opt
# - 
#   name: geom_model_gaussian1_phase
#   datatype: float32
#   description: Phase of the Gaussian 1 component
#   meta:
#     ucd: time.phase
# - 
#   name: geom_model_gaussian1_phase_error
#   datatype: float32
#   description: "Uncertainty of \\texttt{geomModelGaussian1Phase}"
#   meta:
#     ucd: stat.error;time.phase
# - 
#   name: geom_model_gaussian1_sigma
#   datatype: float32
#   description: "Standard deviation [phase] of Gaussian 1 component"
#   meta:
#     ucd: stat.stdev
# - 
#   name: geom_model_gaussian1_sigma_error
#   datatype: float32
#   description: "Uncertainty of \\texttt{geomModelGaussian1Sigma}"
#   meta:
#     ucd: stat.error
# - 
#   name: geom_model_gaussian1_depth
#   datatype: float32
#   unit: mag
#   description: Magnitude depth of Gaussian 1 component
#   meta:
#     ucd: src.var.amplitude
# - 
#   name: geom_model_gaussian1_depth_error
#   datatype: float32
#   unit: mag
#   description: "Uncertainty of \\texttt{geomModelGaussian1Depth}"
#   meta:
#     ucd: stat.error;src.var.amplitude
# - 
#   name: geom_model_gaussian2_phase
#   datatype: float32
#   description: Phase of Gaussian 2 component
#   meta:
#     ucd: time.phase
# - 
#   name: geom_model_gaussian2_phase_error
#   datatype: float32
#   description: "Uncertainty of \\texttt{geomModelGaussian2Phase}"
#   meta:
#     ucd: stat.error;time.phase
# - 
#   name: geom_model_gaussian2_sigma
#   datatype: float32
[...]
#   datatype: float32
#   description: "Secondary eclipse: uncertainty of \\texttt{derivedSecondaryEclDuration}"
#   meta:
#     ucd: stat.error;time.duration
# - 
#   name: derived_secondary_ecl_depth
#   datatype: float32
#   unit: mag
#   description: "Secondary eclipse: depth"
#   meta:
#     ucd: src.var.amplitude
# - 
#   name: derived_secondary_ecl_depth_error
#   datatype: float32
#   unit: mag
#   description: "Secondary eclipse: uncertainty of \\texttt{derivedSecondaryEclDepth}"
#   meta:
#     ucd: stat.error;src.var.amplitude
solution_id,source_id,global_ranking,reference_time,frequency,frequency_error,geom_model_reference_level,geom_model_reference_level_error,geom_model_gaussian1_phase,geom_model_gaussian1_phase_error,geom_model_gaussian1_sigma,geom_model_gaussian1_sigma_error,geom_model_gaussian1_depth,geom_model_gaussian1_depth_error,geom_model_gaussian2_phase,geom_model_gaussian2_phase_error,geom_model_gaussian2_sigma,geom_model_gaussian2_sigma_error,geom_model_gaussian2_depth,geom_model_gaussian2_depth_error,geom_model_cosine_half_period_amplitude,geom_model_cosine_half_period_amplitude_error,geom_model_cosine_half_period_phase,geom_model_cosine_half_period_phase_error,model_type,num_model_parameters,reduced_chi2,derived_primary_ecl_phase,derived_primary_ecl_phase_error,derived_primary_ecl_duration,derived_primary_ecl_duration_error,derived_primary_ecl_depth,derived_primary_ecl_depth_error,derived_secondary_ecl_phase,derived_secondary_ecl_phase_error,derived_secondary_ecl_duration,derived_secondary_ecl_duration_error,derived_secondary_ecl_depth,derived_secondary_ecl_depth_error
[from data line 110]
375316653866487564,5877421646659512192,0.5545819,2234.000654842735,2.67188929500078,9.487752E-6,18.613369,0.008064249,0.22821972,0.0025926018,0.0692451,0.0029801957,0.46042562,0.023148375,0.72417146,0.0029370866,0.0714493,0.0036793433,0.54491687,0.03059889,null,null,null,null,"TWOGAUSSIANS",8,5.347982,0.72417146,0.0029370866,0.4,0.013555151,0.5432792,0.030769672,0.22821972,0.0025926018,0.38777253,0.016689096,0.45878792,0.023233524
375316653866487564,5877421784098958848,0.5107568,2248.9923922614116,2.3939625844842385,1.2068192E-5,18.85882,0.0026367884,null,null,null,null,null,null,null,null,null,null,null,null,0.11754993,0.003963425,0.284516,0.0027095876,"ELLIPSOIDAL",4,2.6938052,null,null,null,null,null,null,null,null,null,null,null,null
375316653866487564,5877421848462299904,0.5857248,2246.343181653563,1.087901954283006,5.8601177E-6,17.261143,0.0058355452,0.22863296,0.0010564005,0.09244043,0.0023688741,0.25364736,0.005489791,0.73152655,0.0019215089,0.10545176,0.0037730334,0.21924122,0.005965838,null,null,null,null,"TWOGAUSSIANS",8,2.2158208,0.22863296,0.0010564005,0.4,0.0,0.23513825,0.0035622157,0.73152655,0.0019215089,0.4,0.0,0.20072654,0.004645362
375316653866487564,5877423394640732928,0.47781128,2205.9410058358444,0.3063996695685927,4.7745885E-5,16.690968,0.0011547338,0.34235698,0.005866907,0.03351779,0.005162637,0.080237105,0.016175216,0.83352137,0.01969853,0.018701736,0.015394875,0.14046252,0.32363144,null,null,null,null,"TWOGAUSSIANS",8,3.462671,0.83352137,0.01969853,0.10472972,0.0862113,0.14046252,0.32363144,0.34235698,0.005866907,0.18769962,0.02891077,0.080237105,0.016175216
375316653866487564,5877423811323553280,0.51656586,2209.5269822760783,0.6468550034897423,1.2224997E-5,19.323542,0.007397332,0.16980167,0.017663173,0.018661404,0.019094752,0.0478103,0.15040867,0.55734515,6.766901E-4,0.022155559,7.6023745E-4,0.81914526,0.043596294,0.033194628,0.013214794,0.55734515,6.766901E-4,"TWOGAUSSIANS_WITH_ELLIPSOIDAL_ON_ECLIPSE2",9,4.371833,0.55734515,6.766901E-4,0.124071136,0.0042573297,0.8855345,0.048819024,0.16678168,0.0155060515,0.10450387,0.106930606,0.086833715,0.14932872
375316653866487564,5877423811323633024,0.46578708,2222.582119480759,0.2164401897442656,4.0194656E-5,19.102713,0.018548334,0.27171838,0.005382688,0.034967363,0.0050009424,0.43221945,0.036668327,0.76635635,0.0044745817,0.05924848,0.006303829,0.208974,0.024425356,null,null,null,null,"TWOGAUSSIANS",8,17.963417,0.27171838,0.005382688,0.19581723,0.028005278,0.43221915,0.036668044,0.76635635,0.0044745817,0.3317915,0.035301443,0.2089737,0.02442497
375316653866487564,5877423811349337216,0.5432728,2214.6979923227827,3.230607411155959,1.0671841E-5,19.553123,0.0132552385,0.20816636,0.004338088,0.071350396,0.0071838796,0.37179005,0.025258077,0.7164144,0.0018274949,0.06660398,0.0024778484,0.5661112,0.01490738,null,null,null,null,"TWOGAUSSIANS",8,2.674208,0.7164144,0.0018274949,0.3729823,0.013875952,0.56508577,0.014509359,0.20816636,0.004338088,0.39956224,0.026681663,0.3707646,0.025508445
375316653866487564,5877423983124382592,0.44517574,2230.0375493065358,2.542287614547395,3.2263593E-5,18.917591,0.6863925,0.26752636,0.0065343813,0.22065932,0.121993996,0.7296265,0.6832403,0.7689341,0.0059875175,0.13291135,0.033594415,0.5881058,0.4575998,null,null,null,null,"TWOGAUSSIANS",8,5.27286,0.26745635,0.006593585,0.4,0.0,0.25409228,0.020035429,0.76949406,0.00647052,0.4,0.0,0.22353327,0.025078334
375316653866487564,5877424154946557696,0.5059803,2260.5478729761903,0.4819860778005451,4.9327027E-5,14.5513735,0.007469466,0.23050293,0.0061975513,0.0298538,0.0052553182,0.091857456,0.018320195,0.734174,0.011301792,0.033870615,0.004073946,1.0610303,0.31121963,0.012785341,0.009063279,0.23050293,0.0061975513,"TWOGAUSSIANS_WITH_ELLIPSOIDAL_ON_ECLIPSE1",9,89.395256,0.734174,0.011291996,0.18967544,0.022814095,1.0865873,0.30242106,0.23050293,0.0061975513,0.16718128,0.029429782,0.11742814,0.010144943
375316653866487564,5877424258025857280,0.5973308,2231.2169279052882,0.17809875837277495,1.758949E-6,16.910667,9.112659E-4,0.20298404,2.7469933E-4,0.007196927,3.0729282E-4,0.2744736,0.011017757,null,null,null,null,null,null,null,null,null,null,"ONEGAUSSIAN",5,2.1270611,0.20298404,2.7469933E-4,0.04030279,0.0017208398,0.2744736,0.0,null,null,null,null,null,null
375316653866487564,5877424635983027456,0.49792388,2252.345514597931,0.4798565972728505,5.4127122E-5,17.291998,0.0030262098,0.6673169,0.0089138765,0.019991295,0.009895265,0.6290444,0.20240976,null,null,null,null,null,null,null,null,null,null,"ONEGAUSSIAN",5,30.421133,0.6673169,0.0089138765,0.11195126,0.05541349,0.6290444,0.0,null,null,null,null,null,null
375316653866487564,5877424945220763648,0.6417676,2251.4760260210287,1.034278726646898,3.7416523E-6,17.364779,0.007441187,0.2588459,0.0012962918,0.052174386,0.0033262721,0.3598739,0.022360897,0.765104,0.001867288,0.06084966,0.0028582057,0.2988879,0.018117897,0.11052027,0.009337205,0.2588459,0.0012962918,"TWOGAUSSIANS_WITH_ELLIPSOIDAL_ON_ECLIPSE1",9,3.997788,0.2588459,0.0012962918,0.29217657,0.018627124,0.5808685,0.01788661,0.765104,0.001867288,0.3407581,0.016005952,0.5195409,0.012334938
375316653866487564,5877425013914761344,0.5003572,2287.024756682494,3.7547439369220164,1.9536083E-5,19.825462,0.014927958,0.21167392,0.0055774017,0.07077538,0.00642222,0.47433957,0.019184345,0.70751715,0.0071547762,0.07742305,0.00707778,0.53213996,0.036320306,null,null,null,null,"TWOGAUSSIANS",8,2.9562302,0.70751715,0.0071547762,0.4,0.0,0.5290514,0.036340896,0.21167392,0.0055774017,0.39634216,0.02216547,0.471251,0.018927166
375316653866487564,5877425013940248192,0.4442624,2276.56477970409,1.3280040524441297,6.137599E-5,18.252903,0.05120802,0.2717388,0.01805196,0.1451401,0.11637559,0.0546199,0.047617696,0.73579544,0.0108442325,0.087007806,0.028265858,0.11087203,0.039214004,null,null,null,null,"TWOGAUSSIANS",8,4.999747,0.73579544,0.0108442325,0.4,0.0,0.10200667,0.014395454,0.2717388,0.018049225,0.4,0.0,0.045365598,0.013021528
375316653866487564,5877425078272846976,0.60636675,2264.2233169128067,0.5139558736546127,7.126754E-6,15.91702,9.4511005E-4,0.26180804,0.0026275788,0.029068304,0.002975542,0.14499515,0.013685329,0.7659384,0.0015335486,0.028863464,9.0563676E-4,0.16772299,0.005288382,0.018236902,0.0015163828,0.26180804,0.0026275788,"TWOGAUSSIANS_WITH_ELLIPSOIDAL_ON_ECLIPSE1",9,5.5232716,0.7659384,0.0015335486,0.1616354,0.005071566,0.20417216,0.004837483,0.26180804,0.0026275788,0.1627825,0.016663035,0.1814689,0.01375987
375316653866487564,5877425529310914560,0.5072549,2244.5923851026896,0.074712943,2.359881E-5,18.774181,0.0058757355,0.24737631,3.0165256E-5,0.007423418,3.5584837E-4,0.9899186,0.13237336,0.3841958,0.07553165,0.0084772315,0.023929289,0.95031184,58.375553,null,null,null,null,"TWOGAUSSIANS",8,9.180969,0.24737631,3.0165256E-5,0.04157114,0.001992751,0.9899186,0.13237336,0.3841958,0.07553165,0.047472496,0.13400401,0.95031184,58.375553
375316653866487564,5877425804214250752,0.49240184,2256.3903146083853,4.8743815928070084,1.5939046E-5,17.753082,0.0017372511,0.14055896,0.06944918,0.04703199,0.029433617,0.019238053,0.058389597,0.7853834,0.0010864406,0.012041159,9.422407E-4,0.7213319,0.3242744,null,null,null,null,"TWOGAUSSIANS",8,2.4362411,0.7853834,0.0010864406,0.06743049,0.005276548,0.7213319,0.3242744,0.14055896,0.06944918,0.26337916,0.16482826,0.019238053,0.058389597
375316653866487564,5877425907268161536,0.51827455,2251.3156118730267,2.859403246937822,8.893311E-6,19.174097,0.00683434,0.22038628,0.0048138103,0.07190543,0.0050736694,0.30007374,0.01332378,0.7272857,0.0035204221,0.07422529,0.0061454456,0.2611155,0.020453356,null,null,null,null,"TWOGAUSSIANS",8,1.9932979,0.22038628,0.0048138103,0.4,0.0071406867,0.2987105,0.013281224,0.7272857,0.0035204221,0.4,0.0,0.25975224,0.020889157
375316653866487564,5877426521386670464,0.50358635,2217.216208907951,0.2754195388039579,2.700041E-5,17.967573,0.0048715617,0.32205966,0.0020262785,0.03544885,0.0027709384,0.37261763,0.02490918,0.5413592,0.023387626,0.026879407,0.027385034,0.055588946,100.89805,null,null,null,null,"TWOGAUSSIANS",8,15.639699,0.32205966,0.0020262785,0.19851355,0.015517255,0.37261763,0.02490918,0.5413592,0.023387626,0.15052468,0.15335618,0.055588946,100.89805
375316653866487564,5877426658838179328,0.55914813,2217.7575006832453,3.311199788276123,6.8975232E-6,18.932322,0.026529681,0.27653733,0.0048403866,0.045862965,0.010091403,0.28047737,0.07229275,0.773771,0.0027355053,0.051745184,0.0056178267,0.40666744,0.057283398,0.10484336,0.032558214,0.27653733,0.0048403866,"TWOGAUSSIANS_WITH_ELLIPSOIDAL_ON_ECLIPSE1",9,5.2886167,0.774041,0.0022714077,0.28977305,0.031459827,0.6162925,0.020015186,0.27653733,0.0048403866,0.2568326,0.056511853,0.49015954,0.05506432
375316653866487564,5877426903726736768,0.6344574,2233.793549405147,1.0350814001263766,6.0221028E-6,16.660288,0.009582604,0.13907242,0.0023074567,0.065319255,0.010015447,0.0626674,0.01968577,0.64309704,7.648689E-4,0.050764967,0.0018196148,0.52590746,0.020615872,0.022181826,0.010765944,0.13907242,0.0023074567,"TWOGAUSSIANS_WITH_ELLIPSOIDAL_ON_ECLIPSE1",9,5.7807217,0.64309704,7.648689E-4,0.28428382,0.010189842,0.5702,0.014849812,0.13907242,0.0023074567,0.36578783,0.0560865,0.10698834,0.0038262596
375316653866487564,5877427281689824512,0.59385633,2214.808140236226,0.8193386133053223,8.262166E-6,15.211199,0.0019269673,0.27975985,0.014882207,0.013743061,0.016959473,0.008384567,0.30011678,0.4760071,0.0012834318,0.055198368,8.0286805E-4,0.32255417,0.0043279915,0.007041291,0.0031093473,0.27975985,0.014882207,"TWOGAUSSIANS_WITH_ELLIPSOIDAL_ON_ECLIPSE1",9,27.445873,0.4760071,0.0012834318,0.30911085,0.004496061,0.32410032,0.0045521967,0.28062984,0.015640048,0.07696114,0.09497305,0.023063801,0.2998819
375316653866487564,5877427350379971584,0.5351813,2200.2614202431437,2.396889831810777,1.4661036E-5,18.941042,0.009111835,0.27277282,0.00356432,0.08512864,0.003454765,0.3898657,0.01456958,0.7885478,0.0029228257,0.07152234,0.0048791515,0.35203144,0.01819601,null,null,null,null,"TWOGAUSSIANS",8,3.4086597,0.27277282,0.00356432,0.4,0.0,0.38658407,0.013947729,0.7885478,0.0029228257,0.4,0.014253301,0.34874988,0.018805483
375316653866487564,5877427419099548544,0.42971933,2231.3912380420406,0.279885671194613,1.1904584E-4,19.868303,0.015789833,0.41985428,0.025970371,0.072683476,0.015737439,0.13448001,0.043769978,0.89262575,4.4090685E-4,0.006365841,3.6450388E-4,0.8425072,0.07064825,null,null,null,null,"TWOGAUSSIANS",8,10.623135,0.89262575,4.4090685E-4,0.035648707,0.0020412218,0.8425072,0.07064825,0.41985428,0.025970371,0.4,0.0518659,0.13448001,0.04376998
375316653866487564,5877427522178837504,0.5601694,2203.7778550884823,2.5409971217357183,8.184409E-6,17.381113,0.012638751,0.22656208,0.0031054204,0.0913127,0.004031668,0.4007006,0.014585066,0.72710216,0.004611664,0.08798162,0.007880999,0.39200178,0.034107365,null,null,null,null,"TWOGAUSSIANS",8,14.6549225,0.22656208,0.0031054204,0.4,0.0,0.38460436,0.010422824,0.72710216,0.004611664,0.4,0.0,0.37590575,0.03839945
375316653866487564,5877427556540115840,0.42731324,2213.3388478561083,2.242359855144657,6.62371E-5,19.793747,0.014861887,0.771736,0.012495565,0.04109576,0.021623818,0.108033985,0.0378043,null,null,null,null,null,null,0.13484386,0.024078365,0.771736,0.012495565,"ONEGAUSSIAN_WITH_ELLIPSOIDAL",6,10.769178,0.771736,0.012495565,0.23013626,0.121093385,0.37772122,0.036151595,null,null,null,null,null,null
375316653866487564,5877427659617811072,0.5984638,2250.2642838160323,1.5768057121472077,8.047106E-6,18.457865,0.0028568506,0.2577923,0.007574594,0.05957274,0.0059059532,0.10699714,0.011706106,0.75625736,0.001133101,0.05265602,0.0018985244,0.4845574,0.022590308,null,null,null,null,"TWOGAUSSIANS",8,2.0534816,0.75625736,0.001133101,0.2948737,0.010631736,0.48453775,0.02259629,0.2577923,0.007574594,0.33360735,0.03307334,0.10697749,0.011714105
375316653866487564,5877428175037112960,0.4788093,2230.330801718918,1.1305453948681154,1.6941898E-5,15.569806,0.0052352683,0.18538754,0.002562039,0.019761218,0.004918034,0.16645636,0.013510406,0.70112926,0.0026319937,0.026965018,0.0031587959,0.3171325,0.020670649,null,null,null,null,"TWOGAUSSIANS",8,233.32854,0.70112926,0.0026319937,0.1510041,0.017689256,0.3171325,0.020670649,0.18538754,0.002562039,0.11066282,0.027540991,0.16645636,0.013510406
375316653866487564,5877428312476140672,0.56427056,2190.16925876287,1.0215191724415165,8.724961E-6,16.623238,0.005250824,0.2689082,0.0019536421,0.038590204,0.0021614623,0.41243201,0.012345275,0.7693603,0.01645515,0.030493706,0.026897257,0.058146674,4.094508,0.032374963,0.0065987213,0.2689082,0.0019536421,"TWOGAUSSIANS_WITH_ELLIPSOIDAL_ON_ECLIPSE1",9,23.002602,0.2689082,0.0019536421,0.21610513,0.01210419,0.4771819,0.009833667,0.7693603,0.016411332,0.17076476,0.15062463,0.122896045,4.0940623
375316653866487564,5877428346814944896,0.49924654,2229.5181927087383,1.9765138571123502,1.7205586E-5,19.685862,0.022833908,0.2744342,0.0049267574,0.10301765,0.012226092,0.2653592,0.021632286,0.7510139,0.0027382348,0.092493325,0.010305739,0.23416114,0.020668272,null,null,null,null,"TWOGAUSSIANS",8,1.0879638,0.2744342,0.0049267574,0.4,0.0,0.2514865,0.015896484,0.7510139,0.0027382348,0.4,0.0,0.22029467,0.015232956
375316653866487564,5877428381174755584,0.5084036,2211.8606301874365,2.5212638903790414,1.991495E-5,19.848688,0.022361927,0.33143762,0.008678848,0.0917421,0.009766938,0.54957485,0.04843843,0.82576776,0.00723442,0.074133456,0.008110369,0.38613617,0.03160086,null,null,null,null,"TWOGAUSSIANS",8,2.8381627,0.33143762,0.008678848,0.4,0.0,0.54062116,0.048487652,0.82576776,0.00723442,0.4,0.0022623246,0.3771829,0.029550632
375316653866487564,5877428449896868480,0.5675894,2215.06226494487,1.5092775851708549,2.35883E-5,18.643887,0.0033463228,0.41903278,0.005066047,0.059248094,0.003591318,0.5207837,0.033348612,0.90924364,0.006773771,0.01757511,0.004767147,0.049000986,0.013692846,null,null,null,null,"TWOGAUSSIANS",8,3.0325253,0.41903278,0.005066047,0.33178934,0.02011138,0.5207837,0.033348612,0.90924364,0.006773771,0.09842061,0.026696023,0.049000986,0.013692846
375316653866487564,5877428484274757120,0.6080565,2237.2189749389777,2.4823614526758866,5.0230556E-6,15.458992,0.008760801,0.2554827,0.0023143853,0.0953429,0.0035297733,0.36919984,0.009597288,0.7556735,0.0013754503,0.10062884,0.003285267,0.3405851,0.008828607,null,null,null,null,"TWOGAUSSIANS",8,26.78741,0.2554827,0.0023143853,0.4,0.0,0.34195283,0.006314838,0.7556735,0.0013754503,0.4,0.0,0.31333596,0.0070118713
375316653866487564,5877428518634536832,0.5188618,2234.631784262393,1.323410172151492,1.887467E-5,17.07551,0.0050457013,0.25497538,0.006180843,0.09956434,0.017530937,0.03878763,0.004333383,0.750483,0.0057970947,0.074279696,0.0062223757,0.1000174,0.0059871934,null,null,null,null,"TWOGAUSSIANS",8,2.9830256,0.750483,0.0057970947,0.4,0.0026639723,0.0983524,0.005094577,0.25497538,0.006180843,0.4,0.0,0.03712237,0.0033344938
375316653866487564,5877428720402719488,0.49468446,2221.663397266139,2.1935282320220497,2.7789343E-5,18.71165,0.015167571,0.24038704,0.0073549994,0.04494797,0.020224337,0.16309415,0.030040517,0.7395573,0.0087752445,0.044707227,0.01083532,0.23196888,0.043053333,0.07671342,0.017201735,0.24038704,0.0073549994,"TWOGAUSSIANS_WITH_ELLIPSOIDAL_ON_ECLIPSE1",9,9.511673,0.7396373,0.0079988735,0.25036046,0.060677793,0.3853918,0.036984242,0.24038704,0.0073549994,0.25170863,0.11325628,0.31652084,0.019387627
