Gaia/vari_eclipsing_binary/VariEclipsingBinary_355272-355472.csv
# %ECSV 1.0
# ---
# delimiter: ','
# meta: !!omap
# - RELEASE: Gaia DR3
# - TABLE: vari_eclipsing_binary
# - DESCRIPTION: >
#     This table describes the properties of the eclipsing binaries resulting from the variability analysis. 
# - CITATION: >
#     How to cite and acknowledge Gaia: 
#     https://gea.esac.esa.int/archive/documentation/credits.html 
# - KNOWN_ISSUES: >
#     Known issues: 
#     https://www.cosmos.esa.int/web/gaia-users/known-issues 
# - DOCUMENTATION: >
#     Tutorials and documentation: 
#     https://www.cosmos.esa.int/web/gaia-users/archive 
# datatype:
# - 
#   name: solution_id
#   datatype: int64
#   description: Solution Identifier
#   meta:
#     ucd: meta.version
# - 
#   name: source_id
#   datatype: int64
#   description: Unique source identifier
#   meta:
#     ucd: meta.id;meta.main
# - 
#   name: global_ranking
#   datatype: float32
#   description: Number between 0 (worst) and 1 (best)
#   meta:
#     ucd: stat.param
# - 
#   name: reference_time
#   datatype: float64
#   unit: d
#   description: Reference time used for the geometric model fit
#   meta:
#     ucd: time.epoch
# - 
#   name: frequency
#   datatype: float64
#   unit: d**-1
#   description: Frequency of geometric model of the eclipsing binary light curve
#   meta:
#     ucd: src.orbital
# - 
#   name: frequency_error
#   datatype: float32
#   unit: d**-1
#   description: "Uncertainty of \\texttt{frequency}"
#   meta:
#     ucd: stat.error
# - 
#   name: geom_model_reference_level
#   datatype: float32
#   unit: mag
#   description: Magnitude reference level of geometric model
#   meta:
#     ucd: phot.mag;em.opt
# - 
#   name: geom_model_reference_level_error
#   datatype: float32
#   unit: mag
#   description: "Uncertainty of \\texttt{geomModelReferenceLevel}"
#   meta:
#     ucd: stat.error;phot.mag;em.opt
# - 
#   name: geom_model_gaussian1_phase
#   datatype: float32
#   description: Phase of the Gaussian 1 component
#   meta:
#     ucd: time.phase
# - 
#   name: geom_model_gaussian1_phase_error
#   datatype: float32
#   description: "Uncertainty of \\texttt{geomModelGaussian1Phase}"
#   meta:
#     ucd: stat.error;time.phase
# - 
#   name: geom_model_gaussian1_sigma
#   datatype: float32
#   description: "Standard deviation [phase] of Gaussian 1 component"
#   meta:
#     ucd: stat.stdev
# - 
#   name: geom_model_gaussian1_sigma_error
#   datatype: float32
#   description: "Uncertainty of \\texttt{geomModelGaussian1Sigma}"
#   meta:
#     ucd: stat.error
# - 
#   name: geom_model_gaussian1_depth
#   datatype: float32
#   unit: mag
#   description: Magnitude depth of Gaussian 1 component
#   meta:
#     ucd: src.var.amplitude
# - 
#   name: geom_model_gaussian1_depth_error
#   datatype: float32
#   unit: mag
#   description: "Uncertainty of \\texttt{geomModelGaussian1Depth}"
#   meta:
#     ucd: stat.error;src.var.amplitude
# - 
#   name: geom_model_gaussian2_phase
#   datatype: float32
#   description: Phase of Gaussian 2 component
#   meta:
#     ucd: time.phase
# - 
#   name: geom_model_gaussian2_phase_error
#   datatype: float32
#   description: "Uncertainty of \\texttt{geomModelGaussian2Phase}"
#   meta:
#     ucd: stat.error;time.phase
# - 
#   name: geom_model_gaussian2_sigma
#   datatype: float32
[...]
#   datatype: float32
#   description: "Secondary eclipse: uncertainty of \\texttt{derivedSecondaryEclDuration}"
#   meta:
#     ucd: stat.error;time.duration
# - 
#   name: derived_secondary_ecl_depth
#   datatype: float32
#   unit: mag
#   description: "Secondary eclipse: depth"
#   meta:
#     ucd: src.var.amplitude
# - 
#   name: derived_secondary_ecl_depth_error
#   datatype: float32
#   unit: mag
#   description: "Secondary eclipse: uncertainty of \\texttt{derivedSecondaryEclDepth}"
#   meta:
#     ucd: stat.error;src.var.amplitude
solution_id,source_id,global_ranking,reference_time,frequency,frequency_error,geom_model_reference_level,geom_model_reference_level_error,geom_model_gaussian1_phase,geom_model_gaussian1_phase_error,geom_model_gaussian1_sigma,geom_model_gaussian1_sigma_error,geom_model_gaussian1_depth,geom_model_gaussian1_depth_error,geom_model_gaussian2_phase,geom_model_gaussian2_phase_error,geom_model_gaussian2_sigma,geom_model_gaussian2_sigma_error,geom_model_gaussian2_depth,geom_model_gaussian2_depth_error,geom_model_cosine_half_period_amplitude,geom_model_cosine_half_period_amplitude_error,geom_model_cosine_half_period_phase,geom_model_cosine_half_period_phase_error,model_type,num_model_parameters,reduced_chi2,derived_primary_ecl_phase,derived_primary_ecl_phase_error,derived_primary_ecl_duration,derived_primary_ecl_duration_error,derived_primary_ecl_depth,derived_primary_ecl_depth_error,derived_secondary_ecl_phase,derived_secondary_ecl_phase_error,derived_secondary_ecl_duration,derived_secondary_ecl_duration_error,derived_secondary_ecl_depth,derived_secondary_ecl_depth_error
[from data line 521]
375316653866487564,3126248558081867520,0.4897473,2207.0651225047395,0.026601596007445338,1.10729095E-4,17.529957,0.02236491,0.28348592,0.08462604,0.09139477,0.019963197,0.20402054,0.04266107,0.7370752,0.018477807,0.101341374,0.027678225,0.21753567,0.027586788,null,null,null,null,"TWOGAUSSIANS",8,3.7430577,0.7370752,0.018477807,0.4,0.0,0.2099595,0.02654394,0.28350592,0.08466118,0.4,0.0,0.19645329,0.04444358
375316653866487564,3126249902409362176,0.5320977,2221.814356665269,3.1097986740735966,2.5463158E-5,19.366518,0.018984023,0.13547379,0.009542729,0.078876585,0.010602209,0.31492195,0.029173601,0.6354447,0.012723188,0.08755492,0.012455325,0.35552576,0.037552536,null,null,null,null,"TWOGAUSSIANS",8,3.2909765,0.6354447,0.012723188,0.4,0.0,0.34817603,0.038414378,0.13547379,0.009542729,0.4,0.0,0.30757228,0.027242465
375316653866487564,3126253338385271424,0.46020833,2186.531198965675,1.0977798858577523,5.924005E-5,17.550438,0.045767773,0.45665097,0.02836268,0.1788765,0.07005413,0.19042954,0.026356615,0.9020703,0.0018770086,0.028723447,0.011538677,0.071347274,0.015197484,null,null,null,null,"TWOGAUSSIANS",8,4.1482754,0.45665097,0.02836268,0.4,0.0,0.18121353,0.033701908,0.9020703,0.0018770086,0.1608513,0.06461659,0.07226511,0.013278675
375316653866487564,3126253785061921920,0.43181762,2240.888748786397,0.19185060233615583,4.808886E-5,15.038159,0.043040078,null,null,null,null,null,null,null,null,null,null,null,null,0.15306458,0.048653796,0.6312541,0.015075869,"ELLIPSOIDAL",4,1207.012,null,null,null,null,null,null,null,null,null,null,null,null
375316653866487564,3126254266098192512,0.5253969,2244.4441613983645,0.053111373177058545,3.474392E-5,17.178444,0.00439396,0.70704085,0.062108077,0.04728374,0.034037385,0.18249106,0.051375497,0.47670415,0.046052437,0.116679266,0.02135485,0.3077448,0.046743024,null,null,null,null,"TWOGAUSSIANS",8,5.0586987,0.47671416,0.04099351,0.4,0.0,0.30768272,0.045412485,0.6964509,0.23918827,0.26478893,0.16511442,0.2301444,0.072128594
375316653866487564,3126257564633250048,0.40931863,2285.0567091962566,3.90692811643706,3.8221122E-5,15.960077,0.024057616,null,null,null,null,null,null,null,null,null,null,null,null,0.09382396,0.055831227,0.33699706,0.0074278275,"ELLIPSOIDAL",4,482.55545,null,null,null,null,null,null,null,null,null,null,null,null
375316653866487564,3126258178808631040,0.58443165,2214.285320994055,2.9195975230423055,1.2484437E-5,17.968536,0.011433243,0.28491238,0.0029931006,0.10483919,0.004791635,0.33014527,0.01260745,0.77793354,0.0027143043,0.09662995,0.0060999687,0.355384,0.016202245,null,null,null,null,"TWOGAUSSIANS",8,2.634505,0.77793354,0.0027143043,0.4,0.0,0.32658902,0.01934429,0.28491238,0.0029931006,0.4,0.0,0.3013435,0.008872824
375316653866487564,3126261619080580992,0.55862266,2224.0463282801506,2.7984055782052537,9.871648E-6,18.427254,0.012452391,0.31932142,0.003284308,0.07356309,0.004093275,0.42085934,0.03271565,0.8237597,0.0027550166,0.07485712,0.009184482,0.45158765,0.07006565,null,null,null,null,"TWOGAUSSIANS",8,2.859035,0.8237597,0.0027550166,0.4,0.0,0.44888213,0.072753064,0.31932142,0.003284308,0.4,0.0,0.4181538,0.032717794
375316653866487564,3126261859600566016,0.6620953,2219.0205579881945,0.6724572600532809,2.1898602E-5,14.991227,0.0013315353,0.27324274,0.0021218974,0.044835344,0.0053782007,0.07398992,0.0018466888,0.7556406,0.0033896356,0.047280964,0.0024244036,0.30455902,0.012032402,null,null,null,null,"TWOGAUSSIANS",8,11.130686,0.7556406,0.0033896356,0.2647734,0.01357666,0.304559,0.012032414,0.27324274,0.0021218974,0.25107792,0.030117923,0.07398988,0.0018467497
375316653866487564,3126262645574937216,0.5769461,2233.789361795589,0.6127304002544526,1.4098549E-4,19.095133,0.004076018,0.22215864,0.09227428,0.068266556,0.0439431,0.030335128,0.017136572,0.7606139,0.031352345,0.041133575,0.021564925,0.5898046,0.25216767,null,null,null,null,"TWOGAUSSIANS",8,0.63130224,0.7606139,0.031352345,0.23034802,0.120763585,0.5898037,0.25234553,0.22215864,0.09227428,0.38229272,0.22866908,0.030334199,0.017117023
375316653866487564,3126265398653536256,0.50912637,2244.0689013444394,0.2745426606624365,3.7902977E-5,17.391407,0.050608173,0.25997365,0.012635312,0.11632554,0.022400936,0.26715764,0.0540085,0.6271802,0.016044322,0.07150068,0.015355175,0.5479323,0.09422045,null,null,null,null,"TWOGAUSSIANS",8,3.3772593,0.6271802,0.016044322,0.4,0.053241964,0.54746073,0.09441908,0.25997365,0.0126032,0.4,0.0,0.26485497,0.050459623
375316653866487564,3126269968494513024,0.49814254,2213.3149610311775,4.134944204006743,3.9949915E-5,18.512844,0.0035955908,0.7470268,0.006756903,0.053247932,0.009176607,0.06218222,0.019934876,null,null,null,null,null,null,0.031198686,0.0050737364,0.7470268,0.006756903,"ONEGAUSSIAN_WITH_ELLIPSOIDAL",6,1.99182,0.7470268,0.006756903,0.29818842,0.051388998,0.12457857,0.019349523,null,null,null,null,null,null
375316653866487564,3126272476760360320,0.5745303,2228.662077440671,0.3499930537859373,2.6995089E-5,15.225586,0.0048143542,0.2252388,0.0059333276,0.08453463,0.008000754,0.080197565,0.0045553125,0.73081785,0.00864537,0.07055962,0.0082899565,0.08172665,0.006433637,null,null,null,null,"TWOGAUSSIANS",8,7.3124013,0.73081785,0.00864537,0.39513385,0.03255922,0.080933295,0.0057235765,0.2252388,0.0059333276,0.4,0.0,0.07940421,0.003704267
375316653866487564,3126273954229018880,0.49205694,2204.039612411065,3.375433633369507,2.0456291E-5,16.938013,0.03484617,0.28483328,0.0058820103,0.10271209,0.020702997,0.19185618,0.03212495,0.76503927,0.006028482,0.09529146,0.016425416,0.26250014,0.029644072,null,null,null,null,"TWOGAUSSIANS",8,18.96807,0.76503927,0.006028482,0.4,0.0,0.24833402,0.02070507,0.28483328,0.0058809374,0.4,0.0,0.177687,0.018340522
375316653866487564,3126277699439735424,0.5779024,2216.840610958525,1.3858858595742467,1.6025939E-5,15.317334,0.05190764,0.29085812,0.003646047,0.13464679,0.029816492,0.18945058,0.048819084,0.7798139,0.008756434,0.107662775,0.028914342,0.16285636,0.04926044,null,null,null,null,"TWOGAUSSIANS",8,25.234703,0.29086813,0.0036592437,0.4,0.0,0.15137988,0.011197606,0.7798139,0.008756434,0.4,0.0,0.12517862,0.0120244045
375316653866487564,3126279451786190592,0.6655691,2199.8895019160645,0.09391939854753846,3.133094E-5,15.111918,0.002571041,0.44654247,0.010354051,0.054970436,0.0057808333,0.44478855,0.0741017,0.8393755,0.021813098,0.026894752,0.03892611,0.060397726,0.057920627,null,null,null,null,"TWOGAUSSIANS",8,15.313641,0.44654247,0.010354051,0.30783445,0.03237267,0.44478855,0.07410169,0.8393755,0.021813098,0.15061061,0.21798621,0.060397726,0.057920776
375316653866487564,3126285773977996672,0.4897534,2163.1032112747503,0.46015329910369634,1.1199807E-5,17.92898,0.003867976,0.26739925,0.004388293,0.014418602,0.0028585934,0.14081286,0.019767439,0.7591347,0.042103477,0.1046692,0.027474822,0.026297849,0.009485565,null,null,null,null,"TWOGAUSSIANS",8,2.7143607,0.26739925,0.004388293,0.08074418,0.016008122,0.1408085,0.019766124,0.7591347,0.042103477,0.4,0.0,0.026292853,0.009486895
375316653866487564,3126285773977997440,0.5466292,2166.22788302455,3.584334499801123,1.2334579E-5,17.641417,0.033742994,0.17535442,0.0043666298,0.09430622,0.0144333225,0.29844084,0.028447015,0.66879654,0.005356473,0.09031516,0.011181912,0.286195,0.034450468,null,null,null,null,"TWOGAUSSIANS",8,9.093623,0.17535442,0.0043666298,0.4,0.0,0.2848841,0.022473956,0.66879654,0.005356473,0.4,0.0,0.27263862,0.023396388
375316653866487564,3126286529892246016,0.55253965,2180.4617096495745,0.06893552976395075,1.9322379E-5,16.101183,0.0071046418,0.851687,0.0020082893,0.015019258,0.0013607407,0.8397223,0.09632044,null,null,null,null,null,null,null,null,null,null,"ONEGAUSSIAN",5,110.01042,0.851687,0.0020082893,0.08410784,0.0076201484,0.8397223,0.0,null,null,null,null,null,null
375316653866487564,3126287869922769280,0.7054081,2183.363256541396,1.1463973659815567,1.2533369E-6,17.02841,0.0020232697,0.18283917,4.6292978E-4,0.032275315,6.5258483E-4,0.38202414,0.0064669005,0.68230957,2.4808702E-4,0.032974094,3.482896E-4,0.4205133,0.005455641,0.028538998,0.0023614068,0.18283917,4.6292978E-4,"TWOGAUSSIANS_WITH_ELLIPSOIDAL_ON_ECLIPSE1",9,0.98098904,0.6823196,2.4085077E-4,0.18465492,0.0019504217,0.47759065,0.0040425723,0.18283917,4.6292978E-4,0.18074176,0.003654475,0.4391021,0.0066747325
375316653866487564,3126289313026309376,0.5346997,2221.7852809174624,3.759414183786861,2.1387536E-5,19.10065,0.01885008,0.2245253,0.015715655,0.08056286,0.028621433,0.3107219,0.22813192,0.7370831,0.004131945,0.08059038,0.007103975,0.28179386,0.018451517,null,null,null,null,"TWOGAUSSIANS",8,1.3688247,0.2245253,0.015715655,0.4,0.082324855,0.3069592,0.2324258,0.7370831,0.004131945,0.4,0.0,0.27803114,0.014134603
375316653866487564,3126290721780498688,0.5595104,2206.7770579403978,1.3481330569509526,3.8760332E-5,19.233614,0.013902159,0.14363247,0.024916613,0.06349662,0.01299182,0.9420831,0.2892369,0.5049254,0.006426832,0.023864247,0.0097713545,0.6485158,0.38984329,null,null,null,null,"TWOGAUSSIANS",8,4.2852974,0.14363247,0.024916613,0.35558107,0.054341204,0.9420831,0.2892369,0.5049254,0.006426832,0.13363978,0.054719582,0.64851594,0.38984495
375316653866487564,3126291443335027712,0.44185498,2262.2503388450937,0.6857462680662614,5.4826673E-5,16.590319,0.0070534493,0.18769664,0.04398823,0.049460687,0.037163608,0.115214,0.05539958,0.6311545,0.009475136,0.09802711,0.013873141,0.10035405,0.012943376,null,null,null,null,"TWOGAUSSIANS",8,2.593233,0.18769664,0.044006165,0.27697986,0.2025039,0.11505752,0.05565486,0.6311545,0.009475136,0.4,0.0,0.100193955,0.012857663
375316653866487564,3126291958731043072,0.59716386,2237.959035841402,1.5984397164860646,6.221685E-5,16.663599,0.0017884481,0.4408115,0.04493376,0.039158158,0.011363983,0.51233053,0.92048484,null,null,null,null,null,null,null,null,null,null,"ONEGAUSSIAN",5,3.3537393,0.4408115,0.04493376,0.21928568,0.06363831,0.51233053,0.0,null,null,null,null,null,null
375316653866487564,3126292714642789632,0.529715,2216.189187405857,3.5854582622158135,1.9105453E-5,18.2399,0.01801964,0.28518257,0.005094507,0.07485821,0.0062428885,0.48701286,0.030407764,0.79873854,0.012382151,0.06814695,0.012700226,0.4163816,0.09196047,null,null,null,null,"TWOGAUSSIANS",8,13.944807,0.28518257,0.005094507,0.4,0.0,0.48558328,0.030179037,0.79873854,0.012382151,0.38162294,0.058457196,0.41495198,0.092499875
375316653866487564,3126296597295688832,0.5563455,2242.5594955531756,0.7535016129916472,2.2161654E-5,15.200464,0.001883372,0.52983636,0.006631446,0.05942002,0.005690701,0.37768263,0.04938415,null,null,null,null,null,null,null,null,null,null,"ONEGAUSSIAN",5,91.793755,0.52983636,0.006631446,0.3327521,0.031867925,0.37768263,0.0,null,null,null,null,null,null
375316653866487564,3126297078331961984,0.5323288,2198.54472886028,2.57517002691702,2.4577643E-5,15.570484,0.009642138,0.2251361,0.008414311,0.086038545,0.010457103,0.25119573,0.036210176,0.71418834,0.004033401,0.09295656,0.009212058,0.20899889,0.011425402,null,null,null,null,"TWOGAUSSIANS",8,41.141468,0.2251361,0.008414311,0.4,0.0,0.24344549,0.039083533,0.71418834,0.004033401,0.4,0.0,0.20124842,0.012568715
375316653866487564,3126297250130668160,0.5066022,2227.4225461736337,2.16653000242755,1.932918E-5,15.092792,0.0019073563,null,null,null,null,null,null,null,null,null,null,null,null,0.040471647,0.0028541097,0.30638257,0.0047430336,"ELLIPSOIDAL",4,30.012897,null,null,null,null,null,null,null,null,null,null,null,null
375316653866487564,3126300578729089664,0.50266874,2206.0619608139114,3.32212786054167,4.237084E-5,18.973068,0.012498849,0.26257265,0.0074682785,0.07959775,0.010498049,0.34504512,0.0401533,0.76086235,0.008115667,0.08150439,0.011741526,0.26618356,0.019057851,null,null,null,null,"TWOGAUSSIANS",8,5.5900626,0.26257265,0.0074682785,0.4,0.0,0.3403091,0.042385228,0.76086235,0.008115667,0.4,0.0,0.26144755,0.019463526
375316653866487564,3126300887966710656,0.4377118,2160.8456393992224,1.7682344912399495,4.1290023E-6,19.448002,0.014332741,0.35378695,8.275351E-4,0.029468782,0.0023170826,0.49155298,0.03543095,null,null,null,null,null,null,null,null,null,null,"ONEGAUSSIAN",5,7.1558647,0.35378695,8.275351E-4,0.16502517,0.012975662,0.49155298,0.0,null,null,null,null,null,null
375316653866487564,3126301613817284864,0.6586992,2159.7941739961116,1.4469140523175088,3.6713927E-6,16.263634,0.023416609,0.30692044,0.0018654896,0.10327478,0.00965916,0.2048257,0.021707946,0.8088504,0.007413463,0.11112205,0.01543542,0.23246527,0.020791983,null,null,null,null,"TWOGAUSSIANS",8,1.6921897,0.8088504,0.007413463,0.4,0.0,0.20425649,0.007192101,0.30692044,0.0018639468,0.4,0.0,0.17663229,0.0029327832
375316653866487564,3126308240947763584,0.5993183,2250.3558875814438,0.9471241482153576,1.4897049E-5,16.340342,0.0028977122,0.22652493,0.0029143707,0.04259483,0.004512235,0.13732366,0.008977135,0.73876125,0.017366821,0.06248766,0.012789584,0.29509282,0.9313637,null,null,null,null,"TWOGAUSSIANS",8,7.033413,0.73876125,0.017366821,0.3499309,0.07162167,0.29508987,0.9313666,0.22652493,0.0029143707,0.23853105,0.025268516,0.13732071,0.008979025
375316653866487564,3126309276039585152,0.6521139,2243.577008737037,1.868712223566802,6.5474014E-6,16.038235,0.0075697633,0.2468168,0.0030991412,0.047685504,0.012428574,0.08063697,0.015485545,0.75136244,0.03483669,0.029529747,0.023658682,0.115565985,0.09016921,0.12621766,0.008747015,0.2468168,0.0030991412,"TWOGAUSSIANS_WITH_ELLIPSOIDAL_ON_ECLIPSE1",9,8.2048,0.75136244,0.027458226,0.16536659,0.13248862,0.36779502,0.09055071,0.2468168,0.0030991412,0.26703882,0.069600016,0.3330719,0.008401337
375316653866487564,3126309890215334016,0.5264387,2230.7287916795244,3.29396653676329,4.352365E-5,19.313522,0.005609472,0.3031841,0.0103834085,0.07319501,0.0113569265,0.4252378,0.017888216,0.74342316,0.023209648,0.051244646,0.014159552,0.097605295,0.02711341,null,null,null,null,"TWOGAUSSIANS",8,1.3109927,0.3031841,0.0103834085,0.4,0.04726663,0.4252195,0.017897189,0.74342316,0.023209648,0.28697002,0.07929349,0.097587004,0.027108688
375316653866487564,3126319442223276544,0.52300316,2192.0764466074434,1.91497059849391,5.4379205E-5,18.813414,0.0033637115,0.4658085,0.004494544,0.013444268,0.015206283,1.1546199,1.4205453,0.663888,0.042682707,0.058127865,0.038460996,0.22529353,0.136095,null,null,null,null,"TWOGAUSSIANS",8,1.1080483,0.46581852,0.004483773,0.0752879,0.08515518,1.155298,1.4223312,0.663888,0.042682707,0.32551605,0.17832445,0.22529353,0.136095
375316653866487564,3126322160940680064,0.4359343,2230.790373360228,0.43674848176801323,3.5216122E-5,16.569822,0.0019529922,0.37826693,0.013332755,0.047258165,0.018807933,0.075138524,0.018101651,0.5829887,0.036970478,0.088471256,0.029323176,0.077892214,0.019169902,null,null,null,null,"TWOGAUSSIANS",8,6.380328,0.38287693,0.012679042,0.26464573,0.10532442,0.08081498,0.01601778,0.5829887,0.036970478,0.4,0.0,0.077898525,0.019180533
375316653866487564,3126323054290282752,0.49737003,2256.824212112307,0.20244475431035036,2.297425E-5,17.140324,0.011983149,0.38038594,0.03948037,0.08492935,0.041438773,0.1630032,0.4700757,0.8010826,0.016646972,0.10763065,0.011774252,0.19296792,0.020310733,null,null,null,null,"TWOGAUSSIANS",8,5.2490883,0.8010826,0.016646972,0.4,0.0,0.18911524,0.018776543,0.38053596,0.039531704,0.4,0.1253674,0.15924299,0.47249594
375316653866487564,3126323535330738432,0.5634263,2265.5222161137062,0.6331940422099,4.195985E-5,16.390234,0.011531631,0.4164054,0.013518039,0.09375803,0.06075277,0.055487476,2.2150712,0.80150807,0.019447293,0.06463526,0.025160596,0.3585058,0.6643095,null,null,null,null,"TWOGAUSSIANS",8,3.6037135,0.80150807,0.019447293,0.36195746,0.10912783,0.35839817,0.66440856,0.4164054,0.013518039,0.4,0.17594483,0.05536783,2.215201
