Gaia/vari_eclipsing_binary/VariEclipsingBinary_459019-459037.csv
# %ECSV 1.0
# ---
# delimiter: ','
# meta: !!omap
# - RELEASE: Gaia DR3
# - TABLE: vari_eclipsing_binary
# - DESCRIPTION: >
#     This table describes the properties of the eclipsing binaries resulting from the variability analysis. 
# - CITATION: >
#     How to cite and acknowledge Gaia: 
#     https://gea.esac.esa.int/archive/documentation/credits.html 
# - KNOWN_ISSUES: >
#     Known issues: 
#     https://www.cosmos.esa.int/web/gaia-users/known-issues 
# - DOCUMENTATION: >
#     Tutorials and documentation: 
#     https://www.cosmos.esa.int/web/gaia-users/archive 
# datatype:
# - 
#   name: solution_id
#   datatype: int64
#   description: Solution Identifier
#   meta:
#     ucd: meta.version
# - 
#   name: source_id
#   datatype: int64
#   description: Unique source identifier
#   meta:
#     ucd: meta.id;meta.main
# - 
#   name: global_ranking
#   datatype: float32
#   description: Number between 0 (worst) and 1 (best)
#   meta:
#     ucd: stat.param
# - 
#   name: reference_time
#   datatype: float64
#   unit: d
#   description: Reference time used for the geometric model fit
#   meta:
#     ucd: time.epoch
# - 
#   name: frequency
#   datatype: float64
#   unit: d**-1
#   description: Frequency of geometric model of the eclipsing binary light curve
#   meta:
#     ucd: src.orbital
# - 
#   name: frequency_error
#   datatype: float32
#   unit: d**-1
#   description: "Uncertainty of \\texttt{frequency}"
#   meta:
#     ucd: stat.error
# - 
#   name: geom_model_reference_level
#   datatype: float32
#   unit: mag
#   description: Magnitude reference level of geometric model
#   meta:
#     ucd: phot.mag;em.opt
# - 
#   name: geom_model_reference_level_error
#   datatype: float32
#   unit: mag
#   description: "Uncertainty of \\texttt{geomModelReferenceLevel}"
#   meta:
#     ucd: stat.error;phot.mag;em.opt
# - 
#   name: geom_model_gaussian1_phase
#   datatype: float32
#   description: Phase of the Gaussian 1 component
#   meta:
#     ucd: time.phase
# - 
#   name: geom_model_gaussian1_phase_error
#   datatype: float32
#   description: "Uncertainty of \\texttt{geomModelGaussian1Phase}"
#   meta:
#     ucd: stat.error;time.phase
# - 
#   name: geom_model_gaussian1_sigma
#   datatype: float32
#   description: "Standard deviation [phase] of Gaussian 1 component"
#   meta:
#     ucd: stat.stdev
# - 
#   name: geom_model_gaussian1_sigma_error
#   datatype: float32
#   description: "Uncertainty of \\texttt{geomModelGaussian1Sigma}"
#   meta:
#     ucd: stat.error
# - 
#   name: geom_model_gaussian1_depth
#   datatype: float32
#   unit: mag
#   description: Magnitude depth of Gaussian 1 component
#   meta:
#     ucd: src.var.amplitude
# - 
#   name: geom_model_gaussian1_depth_error
#   datatype: float32
#   unit: mag
#   description: "Uncertainty of \\texttt{geomModelGaussian1Depth}"
#   meta:
#     ucd: stat.error;src.var.amplitude
# - 
#   name: geom_model_gaussian2_phase
#   datatype: float32
#   description: Phase of Gaussian 2 component
#   meta:
#     ucd: time.phase
# - 
#   name: geom_model_gaussian2_phase_error
#   datatype: float32
#   description: "Uncertainty of \\texttt{geomModelGaussian2Phase}"
#   meta:
#     ucd: stat.error;time.phase
# - 
#   name: geom_model_gaussian2_sigma
#   datatype: float32
[...]
#   datatype: float32
#   description: "Secondary eclipse: uncertainty of \\texttt{derivedSecondaryEclDuration}"
#   meta:
#     ucd: stat.error;time.duration
# - 
#   name: derived_secondary_ecl_depth
#   datatype: float32
#   unit: mag
#   description: "Secondary eclipse: depth"
#   meta:
#     ucd: src.var.amplitude
# - 
#   name: derived_secondary_ecl_depth_error
#   datatype: float32
#   unit: mag
#   description: "Secondary eclipse: uncertainty of \\texttt{derivedSecondaryEclDepth}"
#   meta:
#     ucd: stat.error;src.var.amplitude
solution_id,source_id,global_ranking,reference_time,frequency,frequency_error,geom_model_reference_level,geom_model_reference_level_error,geom_model_gaussian1_phase,geom_model_gaussian1_phase_error,geom_model_gaussian1_sigma,geom_model_gaussian1_sigma_error,geom_model_gaussian1_depth,geom_model_gaussian1_depth_error,geom_model_gaussian2_phase,geom_model_gaussian2_phase_error,geom_model_gaussian2_sigma,geom_model_gaussian2_sigma_error,geom_model_gaussian2_depth,geom_model_gaussian2_depth_error,geom_model_cosine_half_period_amplitude,geom_model_cosine_half_period_amplitude_error,geom_model_cosine_half_period_phase,geom_model_cosine_half_period_phase_error,model_type,num_model_parameters,reduced_chi2,derived_primary_ecl_phase,derived_primary_ecl_phase_error,derived_primary_ecl_duration,derived_primary_ecl_duration_error,derived_primary_ecl_depth,derived_primary_ecl_depth_error,derived_secondary_ecl_phase,derived_secondary_ecl_phase_error,derived_secondary_ecl_duration,derived_secondary_ecl_duration_error,derived_secondary_ecl_depth,derived_secondary_ecl_depth_error
[from data line 558]
375316653866487564,4037710201086476288,0.47164643,2421.30180361069,0.9620967158069426,1.8199831E-5,19.718977,0.0062012714,0.21335682,0.009340014,0.014491315,0.0117103355,0.04364589,0.024836369,0.49168992,6.8822684E-4,0.0062187864,2.498136E-4,0.8128354,0.07742706,null,null,null,null,"TWOGAUSSIANS",8,2.062047,0.49168992,6.8822684E-4,0.034825202,0.001398956,0.8128354,0.07742706,0.21335682,0.009340014,0.081151366,0.06557788,0.04364589,0.024836369
375316653866487564,4037710510324679936,0.44413084,2469.2973986338457,1.3372983077043739,1.282172E-5,15.871891,0.0021766205,0.45319727,0.0014725532,0.0063673025,0.0012705252,0.15774122,0.04289863,0.7820718,7.9233636E-4,0.0035529584,8.1260403E-4,0.18261692,0.057637803,null,null,null,null,"TWOGAUSSIANS",8,21.734558,0.7820718,7.9233636E-4,0.019896567,0.0045505827,0.18261692,0.057637803,0.45319727,0.0014725532,0.035656895,0.007114941,0.15774122,0.04289863
375316653866487564,4037710613438193792,0.6259457,2391.589152057282,3.195123886170143,6.479575E-6,15.887226,0.016939746,0.30849907,0.0015423213,0.05214024,0.0047940775,0.31521168,0.03347711,0.79831874,0.001987665,0.063558094,0.003911473,0.34906396,0.035683412,0.07790324,0.019283773,0.79831874,0.001987665,"TWOGAUSSIANS_WITH_ELLIPSOIDAL_ON_ECLIPSE2",9,36.20002,0.79831874,0.001987665,0.35592532,0.021904247,0.5047201,0.00836413,0.3075291,0.0013171061,0.29198533,0.026846834,0.47029206,0.01093159
375316653866487564,4037710888316049920,0.5949822,2394.379717978665,1.8989915405334525,7.7585255E-6,15.798658,0.0061270837,0.2777616,0.0027736018,0.1026696,0.003937309,0.20086187,0.007309266,0.7769162,0.0019401696,0.10392433,0.0047191717,0.1487539,0.0058625257,null,null,null,null,"TWOGAUSSIANS",8,7.235614,0.2777616,0.0027736018,0.4,0.0,0.1826256,0.004190021,0.7769162,0.0019401696,0.4,0.0,0.13051768,0.0031338544
375316653866487564,4037710991360824960,0.56193715,2418.631509904069,1.8216942361902353,1.1547697E-5,16.235615,0.010477352,0.22413756,0.0027688032,0.10954104,0.009053615,0.14135242,0.009290742,0.7274162,0.0031260324,0.10029879,0.008246929,0.16911618,0.008816856,null,null,null,null,"TWOGAUSSIANS",8,6.659915,0.7274162,0.0031352653,0.4,0.0,0.15181702,0.005199348,0.22413756,0.0027688032,0.4,0.0,0.1240461,0.0041725333
375316653866487564,4037711197553778304,0.51118857,2384.0923710689754,2.669889534871424,1.017742E-5,18.426237,0.009672693,0.24626854,0.004032908,0.07531909,0.0060807806,0.28603154,0.015630528,0.743022,0.0051662712,0.09199783,0.0063700345,0.33863875,0.015441373,null,null,null,null,"TWOGAUSSIANS",8,3.9587345,0.743022,0.0051662712,0.4,0.0,0.3318596,0.015132966,0.24626854,0.004032908,0.4,0.0,0.27925265,0.016328555
375316653866487564,4037711365039232896,0.54225826,2416.932041790814,3.4712039186325114,8.301493E-6,19.031698,0.009184928,0.21149506,0.002711964,0.08147064,0.004831002,0.38519648,0.014238323,0.71346116,0.003128695,0.08326137,0.004234065,0.33754393,0.013381659,null,null,null,null,"TWOGAUSSIANS",8,2.6161187,0.21149506,0.002711964,0.4,0.0,0.3782571,0.014840754,0.71346116,0.003128695,0.4,0.0,0.33060455,0.012858975
375316653866487564,4037711468075407872,0.4957571,2429.3694269896814,3.9583080357402243,6.0410643E-5,18.66103,0.010086761,0.16894308,0.017322727,0.025535597,0.009172529,0.31521472,0.08763736,0.78873414,0.0089044655,0.027923103,0.0173455,0.04213114,0.018998666,null,null,null,null,"TWOGAUSSIANS",8,3.4839594,0.16894308,0.017322727,0.14299934,0.05136616,0.31521472,0.08763736,0.78873414,0.0089044655,0.15636937,0.09713479,0.04213114,0.018998666
375316653866487564,4037711502434665472,0.5974813,2409.374136080936,2.8894315979746894,6.8368804E-6,17.68037,0.0074242176,0.30477634,0.0025654614,0.096707985,0.004959828,0.20040807,0.007707483,0.80224186,0.0023283283,0.107350074,0.0051429598,0.20607807,0.0069696573,null,null,null,null,"TWOGAUSSIANS",8,1.4282372,0.80224186,0.0023283283,0.4,0.0,0.18650377,0.0052226037,0.30477634,0.0025654614,0.4,0.0,0.1808412,0.0035994223
375316653866487564,4037711506757387776,0.5310653,2437.572016131645,0.15493098721392856,1.5878046E-4,18.895758,0.003985455,0.749626,0.07460662,0.10848491,0.035958108,0.03640178,0.011840878,0.46043018,0.040684182,0.036702096,0.015550534,0.5421802,0.26480117,null,null,null,null,"TWOGAUSSIANS",8,2.5964043,0.46049017,0.040779352,0.20553173,0.08708299,0.54322153,0.26605913,0.749626,0.07460696,0.4,0.0,0.03639997,0.011837933
375316653866487564,4037712193952502784,0.51012635,2417.8021898312763,0.0681677642981097,1.0294417E-6,19.823942,0.01232721,0.1799251,1.7208089E-5,0.0048779575,3.3552543E-4,3.1232593,0.8779829,0.65637887,0.032877997,0.10376084,0.027758306,0.5540321,0.27633047,null,null,null,null,"TWOGAUSSIANS",8,4.373948,0.1799251,1.7208089E-5,0.027316561,0.0018789424,3.123265,0.87801045,0.65637887,0.032877997,0.4,0.0,0.5540217,0.2765374
375316653866487564,4037712331391551744,0.52691287,2385.706959723848,2.1469362902859013,1.681209E-5,18.577621,0.01408639,0.31735864,0.009558986,0.089793384,0.011498273,0.40136486,0.027966775,0.8177903,0.004471582,0.075099014,0.006746562,0.3453258,0.01477689,null,null,null,null,"TWOGAUSSIANS",8,7.9867215,0.31735864,0.009558986,0.4,0.0,0.39389968,0.029503353,0.8177903,0.004471582,0.4,0.0,0.33786076,0.012880299
375316653866487564,4037712434469770368,0.4245714,2390.976883763193,4.967382329938924,1.8291854E-5,18.634161,0.008171577,0.19206579,0.013113999,0.03193213,0.0076274117,0.1434648,0.039521717,0.6561419,0.0036434163,0.025828041,0.003508443,0.22938222,0.05193222,null,null,null,null,"TWOGAUSSIANS",8,13.201432,0.6561419,0.0036434163,0.14463703,0.019647282,0.22938222,0.05193222,0.19206579,0.013113999,0.17881994,0.042713504,0.1434648,0.039521717
375316653866487564,4037712537548950528,0.44068018,2376.3886777508174,1.0218821325537237,1.963001E-5,17.999197,0.0036211389,0.33544186,0.006391086,0.060036264,0.0068120006,0.11351008,0.01458755,0.66334474,0.018343177,0.0105856415,0.00861015,0.040292002,0.031167073,null,null,null,null,"TWOGAUSSIANS",8,3.8466144,0.33544186,0.006391086,0.33620307,0.038147204,0.11351008,0.01458755,0.66334474,0.018343177,0.05927959,0.04821684,0.04029204,0.031166986
375316653866487564,4037712601946170880,0.5624382,2421.299688857836,3.578155183812726,1.3822999E-5,17.88686,0.022125179,0.27456814,0.0022564617,0.052363027,0.011956773,0.18840095,0.04849107,0.76954055,0.0071057435,0.050406147,0.012426713,0.14277276,0.05158839,0.11928832,0.028728187,0.27456814,0.0022564617,"TWOGAUSSIANS_WITH_ELLIPSOIDAL_ON_ECLIPSE1",9,9.469122,0.27456814,0.0022564617,0.29323295,0.06695793,0.4269744,0.029557524,0.77080053,0.005226908,0.28227443,0.06958959,0.38116792,0.021795057
375316653866487564,4037712675022511616,0.56779367,2391.828416474595,3.6703426054192776,1.1348594E-5,18.35533,0.0063458234,0.22932233,0.003779453,0.0835324,0.0044610454,0.26323146,0.0110403,0.7208701,0.0016850813,0.08205081,0.0031650458,0.31780726,0.008111717,null,null,null,null,"TWOGAUSSIANS",8,2.9798489,0.7208701,0.0016850813,0.4,0.0,0.3126296,0.007940914,0.22932233,0.003779453,0.4,0.0,0.2580538,0.01108163
375316653866487564,4037712739411426176,0.5570538,2485.3987261748903,0.018655021707481376,2.9882602E-5,18.454138,0.011180798,0.320061,0.009916069,0.08107586,0.010777278,0.10371964,0.016996838,0.7569749,0.004321563,0.13204435,0.008194675,0.23572978,0.0140002705,null,null,null,null,"TWOGAUSSIANS",8,0.6942515,0.7569749,0.004321563,0.4,0.0,0.22553155,0.011667244,0.321641,0.009518241,0.4,0.0,0.09455526,0.018553354
375316653866487564,4037712911183816960,0.5260005,2426.3865894894666,2.135108102886953,1.2448851E-5,17.623653,0.010800966,0.29589647,0.004405034,0.0953057,0.008449505,0.158627,0.01031066,0.8030957,0.004703605,0.09583027,0.018339036,0.08886606,0.0074863974,null,null,null,null,"TWOGAUSSIANS",8,3.1798584,0.29589647,0.004405034,0.4,0.0,0.15165885,0.0063352394,0.8030957,0.004703605,0.4,0.0,0.08189803,0.0068238946
375316653866487564,4037713052945034880,0.46048972,2426.317565997835,2.668161508255871,1.9389525E-5,19.497335,0.0066319206,null,null,null,null,null,null,null,null,null,null,null,null,0.13890499,0.010960086,0.1628625,0.0054213176,"ELLIPSOIDAL",4,4.7659698,null,null,null,null,null,null,null,null,null,null,null,null
375316653866487564,4037713082981303680,0.46653822,2428.063963384413,2.50164660802933,6.686093E-5,16.974497,0.0026981097,null,null,null,null,null,null,null,null,null,null,null,null,0.052227084,0.0050584297,0.25013143,0.004252245,"ELLIPSOIDAL",4,17.150293,null,null,null,null,null,null,null,null,null,null,null,null
375316653866487564,4037713087304714880,0.4908563,2427.6794650229176,3.1259647580111594,2.7304925E-5,18.720112,0.0053930315,0.3243451,0.0038360476,0.06605799,0.0063139256,0.21660991,0.022516284,0.8308,0.006178364,0.059467275,0.0051644696,0.2596908,0.021829745,null,null,null,null,"TWOGAUSSIANS",8,3.9611585,0.8308,0.006178364,0.33301672,0.02892103,0.2595533,0.021842295,0.3243451,0.0038360476,0.36992475,0.035357982,0.21647242,0.022604914
375316653866487564,4037713499622107136,0.42095545,2471.778539919277,2.31155132304352,3.6792295E-5,19.77604,0.0114115765,0.29476777,0.00847489,0.025329959,0.0066435775,0.31675398,0.077855095,0.53654146,0.0129448855,0.057550956,0.012794608,0.25007612,0.03243613,null,null,null,null,"TWOGAUSSIANS",8,4.0466876,0.29477775,0.008478932,0.14184777,0.037204035,0.3167908,0.07785216,0.53654146,0.0129448855,0.32228535,0.07164981,0.25007612,0.03243613
375316653866487564,4037713533982003584,0.42024732,2433.4311961702315,1.2024471419895209,9.8606484E-5,19.678564,0.010204952,0.13534196,0.0059789876,0.03127076,0.015395822,0.21515983,0.2566318,0.56834257,0.012423651,0.10522045,0.011903402,0.2403306,0.022429543,null,null,null,null,"TWOGAUSSIANS",8,3.204868,0.56834257,0.012423651,0.4,0.0,0.24025911,0.022447862,0.13535196,0.005972455,0.17511627,0.0862166,0.21513899,0.2567472
375316653866487564,4037713877579689344,0.5226924,2401.929559734775,3.6011751731129453,2.1950074E-5,18.472588,0.045482643,0.23208843,0.005547155,0.09877235,0.013316313,0.41209048,0.041829355,0.72265863,0.004355184,0.10278034,0.011917715,0.4470275,0.041648652,null,null,null,null,"TWOGAUSSIANS",8,8.496053,0.72265863,0.004355184,0.4,0.0,0.41181383,0.01666378,0.23208843,0.0055513843,0.4,0.0,0.37688142,0.02013455
375316653866487564,4037714010694256768,0.576151,2428.4229426786933,3.3655671447354556,6.1621126E-6,16.652222,0.011088778,0.2403941,0.002300412,0.08406959,0.004010338,0.42689338,0.009911141,0.7243638,0.0021580306,0.08734341,0.0037328133,0.47535732,0.016864862,null,null,null,null,"TWOGAUSSIANS",8,28.534151,0.7243638,0.0021580306,0.4,0.0,0.46564972,0.016662335,0.2403941,0.002300412,0.4,0.0,0.41718584,0.008236718
375316653866487564,4037714049377981696,0.6064992,2403.9154213890024,1.104797142076815,2.3370962E-6,17.418634,0.003585889,0.19633287,0.0043766364,0.038912367,0.0052299667,0.07790876,0.009173135,0.6882776,6.4832653E-4,0.038270682,0.0010400016,0.39274547,0.012233686,0.01938766,0.005065796,0.19633287,0.0043766364,"TWOGAUSSIANS_WITH_ELLIPSOIDAL_ON_ECLIPSE1",9,4.4521294,0.68836755,6.295958E-4,0.21431582,0.0058240094,0.43142262,0.011447918,0.19633287,0.0043766364,0.21790925,0.029287813,0.11668406,0.004303531
375316653866487564,4037714423011158144,0.5758438,2433.617144738386,2.364360380298629,9.013705E-6,17.347975,0.009780409,0.24423593,0.003845918,0.086260416,0.0054355008,0.30065793,0.012733053,0.7481332,0.0016810177,0.09436509,0.006408289,0.2748751,0.014265632,null,null,null,null,"TWOGAUSSIANS",8,6.9737744,0.24423593,0.003845918,0.4,0.0,0.28896052,0.01172385,0.7481332,0.0016810177,0.4,0.0,0.26317728,0.015819687
375316653866487564,4037714869687588864,0.58050144,2403.34723076699,2.1055874168072264,5.869616E-6,17.010717,0.0068698945,0.26739383,0.002226625,0.05704928,0.0069798944,0.15517227,0.026084365,0.7453199,0.010500437,0.059431143,0.009167638,0.08024895,0.0147618065,0.07476384,0.0076821595,0.26739383,0.002226625,"TWOGAUSSIANS_WITH_ELLIPSOIDAL_ON_ECLIPSE1",9,4.599667,0.26739383,0.002226625,0.31947598,0.039087407,0.3046866,0.029211901,0.75287986,0.007995322,0.3328144,0.05133877,0.22787656,0.004742056
375316653866487564,4037715011485325440,0.46794668,2447.240440740468,0.020509450914669526,4.840501E-6,16.303358,0.0022294133,0.25973144,0.0049710344,0.04628752,0.0053652897,0.10874411,0.021551758,0.98436326,0.0010624152,3.7011862E-4,7.7756733E-4,0.09693582,0.05011296,null,null,null,null,"TWOGAUSSIANS",8,17.729189,0.25973144,0.0049710344,0.25921014,0.030045623,0.10874411,0.021551758,0.98436326,0.0010624152,0.0020726642,0.004354377,0.09693582,0.05011296
375316653866487564,4037715110207578496,0.50689745,2408.3578959821807,0.4592390273675823,4.3906097E-5,18.187918,0.0017533462,0.17222326,7.816268E-4,0.012103033,5.643574E-4,0.14999281,0.003990268,0.6850631,0.053248044,0.06400394,0.040455744,0.016736627,0.08445451,null,null,null,null,"TWOGAUSSIANS",8,1.3046467,0.17222326,7.816268E-4,0.067776985,0.0031604012,0.14999281,0.003990268,0.6850631,0.053248044,0.35842204,0.22655216,0.016736627,0.08445451
375316653866487564,4037715247689203840,0.5278845,2417.6111654096235,2.7632932647554065,2.0697738E-5,18.936867,0.010017369,0.27463362,0.0038316874,0.07742125,0.004681017,0.5213944,0.0386522,0.77609414,0.0034757517,0.07419373,0.004360267,0.44905198,0.018911596,null,null,null,null,"TWOGAUSSIANS",8,3.4732864,0.27463362,0.0038316874,0.4,0.0,0.5173117,0.039406136,0.77609414,0.0034757517,0.4,0.0,0.44496933,0.019017741
375316653866487564,4037715251971073024,0.48410237,2464.6193783205636,4.034642195808371,1.3495416E-5,19.769962,0.014543011,0.18878795,0.004722801,0.07662718,0.006280398,0.3178144,0.021683594,0.6814384,0.0052186004,0.081444,0.007709561,0.35630113,0.0389817,null,null,null,null,"TWOGAUSSIANS",8,1.8110425,0.6814384,0.0052186004,0.4,0.0,0.35239613,0.03965692,0.18878795,0.004722801,0.4,0.0,0.3139094,0.021118758
375316653866487564,4037715595570971008,0.42598873,2457.5217205689505,1.040174310271459,4.2734E-5,18.764013,0.006418286,0.39797434,0.022510828,0.041745927,0.012878561,0.11659922,0.07029059,0.89432275,0.010037049,0.036891256,0.0088863475,0.10382631,0.02729251,null,null,null,null,"TWOGAUSSIANS",8,5.8583984,0.39797434,0.022510828,0.23377718,0.072119944,0.11659922,0.07029059,0.89432275,0.010037049,0.20659102,0.049763545,0.10382631,0.02729251
375316653866487564,4037715629928510336,0.4515336,2430.286685213617,2.7449720296404294,2.8538587E-5,18.452948,0.026320308,0.29206762,0.008909188,0.094047956,0.017560035,0.16348852,0.02470794,0.77836436,0.006978723,0.097854584,0.019102434,0.12336958,0.024961114,null,null,null,null,"TWOGAUSSIANS",8,5.1959534,0.29206762,0.008903627,0.4,0.0,0.15563379,0.017076757,0.77836436,0.006978723,0.4,0.0,0.1155145,0.01218347
375316653866487564,4037715664284421504,0.43349397,2428.4785736771273,1.6539711083462258,6.343029E-5,18.616394,0.005243146,0.37790433,0.0023918438,0.033107646,0.0036236213,0.15770414,0.019575229,0.8855539,0.007836022,0.018024819,0.009313857,0.25622794,1.7607328,null,null,null,null,"TWOGAUSSIANS",8,4.2067137,0.8855539,0.007836022,0.10093898,0.0521576,0.25622794,1.7607328,0.37790433,0.0023918438,0.18540283,0.02029228,0.15770414,0.019575229
375316653866487564,4037715664284537344,0.5123178,2390.2146101993485,2.4597585047267185,5.7933972E-5,18.312439,0.022990363,0.266464,0.0072130635,0.08802624,0.007202007,0.37566364,0.037181925,0.7657173,0.0055496106,0.08825525,0.0129384445,0.3311871,0.02257536,null,null,null,null,"TWOGAUSSIANS",8,7.343585,0.266464,0.0072130635,0.4,0.0,0.36318603,0.034164578,0.7657173,0.0055496106,0.4,0.0,0.3187095,0.023570416
