Gaia/vari_eclipsing_binary/VariEclipsingBinary_052988-053152.csv
# %ECSV 1.0
# ---
# delimiter: ','
# meta: !!omap
# - RELEASE: Gaia DR3
# - TABLE: vari_eclipsing_binary
# - DESCRIPTION: >
#     This table describes the properties of the eclipsing binaries resulting from the variability analysis. 
# - CITATION: >
#     How to cite and acknowledge Gaia: 
#     https://gea.esac.esa.int/archive/documentation/credits.html 
# - KNOWN_ISSUES: >
#     Known issues: 
#     https://www.cosmos.esa.int/web/gaia-users/known-issues 
# - DOCUMENTATION: >
#     Tutorials and documentation: 
#     https://www.cosmos.esa.int/web/gaia-users/archive 
# datatype:
# - 
#   name: solution_id
#   datatype: int64
#   description: Solution Identifier
#   meta:
#     ucd: meta.version
# - 
#   name: source_id
#   datatype: int64
#   description: Unique source identifier
#   meta:
#     ucd: meta.id;meta.main
# - 
#   name: global_ranking
#   datatype: float32
#   description: Number between 0 (worst) and 1 (best)
#   meta:
#     ucd: stat.param
# - 
#   name: reference_time
#   datatype: float64
#   unit: d
#   description: Reference time used for the geometric model fit
#   meta:
#     ucd: time.epoch
# - 
#   name: frequency
#   datatype: float64
#   unit: d**-1
#   description: Frequency of geometric model of the eclipsing binary light curve
#   meta:
#     ucd: src.orbital
# - 
#   name: frequency_error
#   datatype: float32
#   unit: d**-1
#   description: "Uncertainty of \\texttt{frequency}"
#   meta:
#     ucd: stat.error
# - 
#   name: geom_model_reference_level
#   datatype: float32
#   unit: mag
#   description: Magnitude reference level of geometric model
#   meta:
#     ucd: phot.mag;em.opt
# - 
#   name: geom_model_reference_level_error
#   datatype: float32
#   unit: mag
#   description: "Uncertainty of \\texttt{geomModelReferenceLevel}"
#   meta:
#     ucd: stat.error;phot.mag;em.opt
# - 
#   name: geom_model_gaussian1_phase
#   datatype: float32
#   description: Phase of the Gaussian 1 component
#   meta:
#     ucd: time.phase
# - 
#   name: geom_model_gaussian1_phase_error
#   datatype: float32
#   description: "Uncertainty of \\texttt{geomModelGaussian1Phase}"
#   meta:
#     ucd: stat.error;time.phase
# - 
#   name: geom_model_gaussian1_sigma
#   datatype: float32
#   description: "Standard deviation [phase] of Gaussian 1 component"
#   meta:
#     ucd: stat.stdev
# - 
#   name: geom_model_gaussian1_sigma_error
#   datatype: float32
#   description: "Uncertainty of \\texttt{geomModelGaussian1Sigma}"
#   meta:
#     ucd: stat.error
# - 
#   name: geom_model_gaussian1_depth
#   datatype: float32
#   unit: mag
#   description: Magnitude depth of Gaussian 1 component
#   meta:
#     ucd: src.var.amplitude
# - 
#   name: geom_model_gaussian1_depth_error
#   datatype: float32
#   unit: mag
#   description: "Uncertainty of \\texttt{geomModelGaussian1Depth}"
#   meta:
#     ucd: stat.error;src.var.amplitude
# - 
#   name: geom_model_gaussian2_phase
#   datatype: float32
#   description: Phase of Gaussian 2 component
#   meta:
#     ucd: time.phase
# - 
#   name: geom_model_gaussian2_phase_error
#   datatype: float32
#   description: "Uncertainty of \\texttt{geomModelGaussian2Phase}"
#   meta:
#     ucd: stat.error;time.phase
# - 
#   name: geom_model_gaussian2_sigma
#   datatype: float32
[...]
#   datatype: float32
#   description: "Secondary eclipse: uncertainty of \\texttt{derivedSecondaryEclDuration}"
#   meta:
#     ucd: stat.error;time.duration
# - 
#   name: derived_secondary_ecl_depth
#   datatype: float32
#   unit: mag
#   description: "Secondary eclipse: depth"
#   meta:
#     ucd: src.var.amplitude
# - 
#   name: derived_secondary_ecl_depth_error
#   datatype: float32
#   unit: mag
#   description: "Secondary eclipse: uncertainty of \\texttt{derivedSecondaryEclDepth}"
#   meta:
#     ucd: stat.error;src.var.amplitude
solution_id,source_id,global_ranking,reference_time,frequency,frequency_error,geom_model_reference_level,geom_model_reference_level_error,geom_model_gaussian1_phase,geom_model_gaussian1_phase_error,geom_model_gaussian1_sigma,geom_model_gaussian1_sigma_error,geom_model_gaussian1_depth,geom_model_gaussian1_depth_error,geom_model_gaussian2_phase,geom_model_gaussian2_phase_error,geom_model_gaussian2_sigma,geom_model_gaussian2_sigma_error,geom_model_gaussian2_depth,geom_model_gaussian2_depth_error,geom_model_cosine_half_period_amplitude,geom_model_cosine_half_period_amplitude_error,geom_model_cosine_half_period_phase,geom_model_cosine_half_period_phase_error,model_type,num_model_parameters,reduced_chi2,derived_primary_ecl_phase,derived_primary_ecl_phase_error,derived_primary_ecl_duration,derived_primary_ecl_duration_error,derived_primary_ecl_depth,derived_primary_ecl_depth_error,derived_secondary_ecl_phase,derived_secondary_ecl_phase_error,derived_secondary_ecl_duration,derived_secondary_ecl_duration_error,derived_secondary_ecl_depth,derived_secondary_ecl_depth_error
[from data line 144]
375316653866487564,466333740682998272,0.45596513,2314.6654622744945,0.9528119820681024,6.0394627E-6,19.970942,0.009160432,0.2608497,0.0070809806,0.048629783,0.0151172485,0.21336563,0.034346607,0.79164195,0.02584953,0.024685597,0.0263301,0.34085712,0.14981714,null,null,null,null,"TWOGAUSSIANS",8,2.0417097,0.79164195,0.02584953,0.13823934,0.14744855,0.34085712,0.1498182,0.2608497,0.0070809806,0.27232677,0.084656596,0.21336563,0.03434655
375316653866487564,466335248217664512,0.48419252,2303.5236277118975,0.7466425523934087,1.03360275E-4,17.302258,0.0015837685,0.1385325,0.014202984,0.061202325,0.009448242,0.01682565,0.0046162796,0.44018647,0.002035142,0.008868356,0.0010458472,0.29223353,0.10508914,null,null,null,null,"TWOGAUSSIANS",8,3.7505972,0.44018647,0.002035142,0.04966279,0.0058567445,0.29223362,0.10508912,0.1385325,0.014202984,0.34273303,0.052910157,0.01682565,0.0046162796
375316653866487564,466335523091490304,0.49381158,2324.7600374820595,0.5147055591757492,4.822985E-5,17.350641,0.0011506001,0.21596067,0.004169774,0.018922787,0.0035307638,0.061250564,0.014626453,0.70594054,0.004764146,0.020888912,0.005897687,0.14866158,0.03629073,null,null,null,null,"TWOGAUSSIANS",8,2.774034,0.70594054,0.004764146,0.11697791,0.033027045,0.14866158,0.03629073,0.21596067,0.004169774,0.1059676,0.019772276,0.061250564,0.014626453
375316653866487564,466335527389370752,0.5201866,2326.1439440188574,2.9590491346866177,1.9805228E-5,19.790129,0.012507042,0.2678212,0.007021826,0.088007346,0.007938549,0.2944286,0.014191107,0.7652415,0.004996792,0.07118707,0.005924889,0.36824548,0.020771926,null,null,null,null,"TWOGAUSSIANS",8,1.7059302,0.7652415,0.004996792,0.39864758,0.019769905,0.36382332,0.020391183,0.2678212,0.007021826,0.4,0.0,0.29000637,0.012361878
375316653866487564,466337447238990720,0.56511056,2296.12887964922,4.248797552887856,5.671275E-6,19.304707,0.007210609,0.22944532,0.0014387836,0.04580258,0.003673515,0.3767262,0.025654525,0.7250953,0.0051930966,0.043631382,0.005461101,0.26306453,0.030261029,0.11318056,0.012237989,0.22944532,0.0014387836,"TWOGAUSSIANS_WITH_ELLIPSOIDAL_ON_ECLIPSE1",9,2.48267,0.22944532,0.0014387836,0.25649443,0.020571684,0.6030872,0.027539134,0.7255953,0.0045489767,0.24433574,0.030582165,0.48927578,0.027465917
375316653866487564,466340058576785664,0.5142032,2291.8465878755833,3.1666944560711006,1.701575E-5,19.816202,0.018735837,0.2724643,0.0076667424,0.08018062,0.009389669,0.33732504,0.02187861,0.75082266,0.004779316,0.10130282,0.008555344,0.40298787,0.017290153,null,null,null,null,"TWOGAUSSIANS",8,2.0259748,0.75082266,0.004779316,0.4,0.0,0.39109698,0.013150639,0.2724643,0.007670336,0.4,0.0,0.32544065,0.018670978
375316653866487564,466340956233540352,0.55910504,2300.5480121009323,0.23395141465289268,1.1788424E-6,15.905391,7.961609E-4,0.41833812,0.0011884146,0.010256541,9.557751E-4,0.07135289,0.011948853,0.6674762,1.3345222E-4,0.0077383006,1.2305168E-4,0.18502988,0.0017119398,null,null,null,null,"TWOGAUSSIANS",8,4.483596,0.6674762,1.3345222E-4,0.04333448,6.8908936E-4,0.18502988,0.0017119398,0.41833812,0.0011884146,0.057436626,0.0053523406,0.07135289,0.011948853
375316653866487564,466342983451045120,0.5504319,2277.271774204587,2.08940666441451,1.1012628E-5,19.14611,0.011137584,0.2356679,0.0021444142,0.044059042,0.0034161226,0.44886237,0.037913926,0.7351763,0.009730596,0.05368919,0.0108809825,0.09238817,0.029089024,0.099028744,0.015236945,0.2356679,0.0021444142,"TWOGAUSSIANS_WITH_ELLIPSOIDAL_ON_ECLIPSE1",9,3.416855,0.2356679,0.0021444142,0.24673064,0.019130288,0.6469177,0.033530287,0.7353363,0.007638105,0.30065945,0.0609335,0.29044223,0.013612809
375316653866487564,466344009947435008,0.49924347,2298.256491306705,3.579326949561174,2.4805091E-5,19.279219,0.025133321,0.2922617,0.0071363496,0.084676996,0.010798254,0.25375184,0.028497921,0.7863794,0.009409104,0.09386538,0.012192689,0.36555803,0.024545804,null,null,null,null,"TWOGAUSSIANS",8,6.0162134,0.7863794,0.009409104,0.4,0.0,0.3544818,0.01744787,0.2922617,0.0071363496,0.4,0.0,0.24267611,0.022872206
375316653866487564,466344460919727360,0.45214936,2297.1058932349983,0.4104628566988013,3.684073E-5,18.733068,0.0038056348,0.2633485,0.0019515263,0.01935249,0.0014586173,0.44787234,0.094417125,null,null,null,null,null,null,0.038946472,0.0056984047,0.2633485,0.0019515263,"ONEGAUSSIAN_WITH_ELLIPSOIDAL",6,8.756208,0.2633485,0.0019515263,0.10837394,0.008168257,0.52576524,0.094737396,null,null,null,null,null,null
375316653866487564,466345040739720192,0.45013165,2315.795113029485,2.580890798535158,3.404981E-5,18.851288,0.06364526,0.21226476,0.009784242,0.13135429,0.030458523,0.1858504,0.06044027,0.6865601,0.011616565,0.1313032,0.03045783,0.16769235,0.05788497,null,null,null,null,"TWOGAUSSIANS",8,3.7955105,0.21274476,0.00942436,0.4,0.0,0.13853134,0.009055344,0.6865601,0.011616565,0.4,0.0,0.12040649,0.024878768
375316653866487564,466348201835865216,0.54588616,2309.1455716404694,3.349993550984659,8.761597E-6,19.302769,0.006832181,0.26733276,0.0022829033,0.0747978,0.004507906,0.40998462,0.026679419,0.7678736,0.002688907,0.07126221,0.0035940637,0.36497116,0.01406394,null,null,null,null,"TWOGAUSSIANS",8,1.6312776,0.26733276,0.0022829033,0.4,0.0,0.40780276,0.027403323,0.7678736,0.002688907,0.39906836,0.01622515,0.36278927,0.014179009
375316653866487564,466348755886879104,0.52810884,2316.0556158922495,0.5921041404269614,5.3686886E-6,18.940205,0.0031654635,0.20255497,0.015665015,0.019028213,0.014601762,0.065603845,0.019712992,0.6996386,4.7449933E-4,0.021514397,5.023754E-4,0.34987962,0.0037150218,null,null,null,null,"TWOGAUSSIANS",8,1.4652481,0.6996386,4.7449933E-4,0.12048062,0.0028133024,0.34987962,0.0037150218,0.20255497,0.015665015,0.106557995,0.08176987,0.065603845,0.019712992
375316653866487564,466349030770921472,0.54956716,2287.992887689968,1.0269654164201218,6.399351E-6,13.805137,0.03022329,0.23643975,0.0018319376,0.21723686,0.023061298,0.45231894,0.030863944,0.735144,0.0017261391,0.19624172,0.018705202,0.42009443,0.049534887,null,null,null,null,"TWOGAUSSIANS",8,13.544293,0.23766975,0.0020134072,0.4,0.0,0.065315545,0.001685496,0.735144,0.0017261391,0.4,0.0,0.06434708,0.0018076088
375316653866487564,466349786685140480,0.50501734,2321.2927641189467,0.823158943884853,1.3587605E-5,16.477133,0.00288036,0.56151277,0.07748157,0.13685025,0.073444866,0.010949679,0.003313926,0.83585596,0.004356812,0.030986503,0.0026986757,0.64321697,0.15430258,null,null,null,null,"TWOGAUSSIANS",8,124.21146,0.83585596,0.004356812,0.17352441,0.015112584,0.6446574,0.15690573,0.56151277,0.07748157,0.4,0.0,0.010922025,0.0033028545
375316653866487564,466351122414150528,0.5111148,2305.960056670203,2.9369889482333655,1.2179044E-5,19.790077,0.013841477,0.2692318,0.006219012,0.07831424,0.008096911,0.39342907,0.027001848,0.77492654,0.0056658024,0.08370191,0.006892389,0.41733763,0.023503408,null,null,null,null,"TWOGAUSSIANS",8,1.6817521,0.77492654,0.0056658024,0.4,0.0,0.41112313,0.02322463,0.2692318,0.006219012,0.4,0.0,0.3872146,0.026578126
375316653866487564,466352634244597888,0.5783424,2284.260320305802,1.103880241341422,6.1703313E-6,17.556704,0.0028101075,0.21576463,0.002136237,0.03481885,0.0037670834,0.11341851,0.01452951,0.7140629,0.0016500035,0.031584393,0.0033096138,0.49513936,0.09794742,0.014047064,0.0040782825,0.21576463,0.002136237,"TWOGAUSSIANS_WITH_ELLIPSOIDAL_ON_ECLIPSE1",9,3.9432833,0.71407294,0.0016411379,0.17687261,0.018533837,0.52323025,0.10168695,0.21576463,0.002136237,0.19498557,0.021095667,0.14151259,0.016314466
375316653866487564,466357002231286912,0.6222963,2274.209058255732,1.1130365845860422,2.7164672E-6,15.194223,0.002273474,0.25743368,0.0019883807,0.03937873,0.002476902,0.09289126,0.0053689005,0.75516087,8.6551154E-4,0.043169916,0.0012219021,0.20944183,0.0084615825,0.039411787,0.002515928,0.25743368,0.0019883807,"TWOGAUSSIANS_WITH_ELLIPSOIDAL_ON_ECLIPSE1",9,10.198936,0.7552809,7.8326534E-4,0.24175154,0.006842652,0.28825015,0.007876661,0.25743368,0.0019883807,0.22052088,0.013870651,0.1717148,0.0020468032
375316653866487564,466358376619613568,0.65610605,2257.3232744736806,0.9178202190068896,1.663111E-6,15.8626,0.0021574218,0.24238005,3.964497E-4,0.033707652,8.1463176E-4,0.3489721,0.0050626206,0.7433954,0.0014689737,0.033319976,0.0016258811,0.16213696,0.008253365,0.035697814,0.0028403166,0.24238005,3.964497E-4,"TWOGAUSSIANS_WITH_ELLIPSOIDAL_ON_ECLIPSE1",9,7.753447,0.24238005,3.964497E-4,0.18876286,0.004561938,0.42036772,0.004772787,0.7433954,0.0014689737,0.18659186,0.0091049345,0.23352964,0.007324528
375316653866487564,466359235614267648,0.50856847,2268.4436817807164,0.1525823944783282,4.292402E-5,17.385967,0.0033542917,0.3578865,4.7822243E-5,0.006669107,1.1083351E-4,0.3942127,0.004674726,0.8392396,0.032364205,0.0070738974,0.0069721844,0.79898477,13071.64,0.0066453354,0.004958314,0.8392396,0.032364205,"TWOGAUSSIANS_WITH_ELLIPSOIDAL_ON_ECLIPSE2",9,21.225746,0.8392396,0.032364205,0.039613824,0.039044235,0.8122754,13071.642,0.3578865,4.7623704E-5,0.037347,6.2066765E-4,0.40732175,0.007001996
375316653866487564,466359613570175744,0.46321413,2255.679553249798,2.106670005141905,1.8637902E-5,19.427958,0.03214634,0.25742915,0.004603494,0.101454765,0.012722527,0.22518244,0.030213328,0.77696353,0.010847595,0.12277656,0.02671184,0.15686928,0.031023465,null,null,null,null,"TWOGAUSSIANS",8,1.7793642,0.25734916,0.0045638657,0.4,0.0,0.20037566,0.009345768,0.77697355,0.010841147,0.4,0.0,0.13197148,0.01636564
375316653866487564,466366038842445056,0.47937354,2246.2859571467957,2.9360940818144123,3.3962264E-5,18.854586,0.027965153,0.24341981,0.0072383145,0.10064618,0.014144249,0.31061986,0.026166907,0.72311497,0.0081956005,0.095237,0.017639576,0.2546934,0.03596478,null,null,null,null,"TWOGAUSSIANS",8,9.745547,0.24341981,0.0072380747,0.4,0.0,0.29406554,0.014035394,0.72311497,0.0081956005,0.4,0.0,0.2381423,0.03612302
375316653866487564,466366244999647616,0.5900514,2265.3485911402286,0.3770169151731646,7.177762E-6,16.551899,6.943827E-4,0.29643425,0.00124146,0.015695062,8.035146E-4,0.16642849,0.019907085,0.78480196,0.0017984645,0.020669537,0.0015186042,0.119228214,0.0072319373,0.008563987,0.0011032368,0.29643425,0.00124146,"TWOGAUSSIANS_WITH_ELLIPSOIDAL_ON_ECLIPSE1",9,1.613375,0.29643425,0.00124146,0.087892346,0.0044996818,0.18355645,0.020546557,0.7848619,0.0017769504,0.115749404,0.008504184,0.13626528,0.0072509428
375316653866487564,466366721736642432,0.44142276,2263.6546010779116,2.8183418418424613,3.7984686E-5,19.667864,0.0063923406,null,null,null,null,null,null,null,null,null,null,null,null,0.10022735,0.008225906,0.22066352,0.0076297736,"ELLIPSOIDAL",4,4.46312,null,null,null,null,null,null,null,null,null,null,null,null
375316653866487564,466366726035983616,0.48348305,2273.441792673241,3.0091832731579626,2.1534246E-5,15.57454,0.071509965,0.24271682,0.005839732,0.18787181,0.044031084,0.6788703,0.27117455,0.7378251,0.0064792605,0.24377064,0.0717098,0.8437416,0.10736091,null,null,null,null,"TWOGAUSSIANS",8,23.41136,0.24941681,0.005662498,0.4,0.0,0.108488694,0.0050541013,0.7378251,0.0064792605,0.4,0.0,0.10691659,0.0046646744
375316653866487564,466370638745465344,0.51597965,2312.1301972588926,0.4349058215507189,2.1091582E-6,19.03819,0.0022724997,0.25293967,1.553146E-4,0.0028873454,5.507666E-5,0.6503363,0.025511548,0.7633238,0.013604233,0.019551136,0.010976465,0.027616486,0.0055091917,null,null,null,null,"TWOGAUSSIANS",8,1.4516838,0.25293967,1.553146E-4,0.016169135,3.084293E-4,0.6503363,0.025511548,0.7633238,0.013604233,0.10948636,0.061468206,0.027616486,0.0055091917
375316653866487564,466371673834281472,0.53513217,2307.221291055055,2.6583636659608096,1.7397608E-5,19.627634,0.019807877,0.23416227,0.0032215714,0.09473343,0.0063579846,0.4204409,0.021689188,0.73875946,0.005388257,0.08940734,0.007925033,0.40535256,0.020163706,null,null,null,null,"TWOGAUSSIANS",8,1.5985025,0.23416227,0.0032215714,0.4,0.0,0.4011098,0.017802171,0.73875946,0.005388257,0.4,0.0,0.3860221,0.013644292
375316653866487564,466376381123350912,0.508774,2276.5100073749213,0.2669656948713254,2.661865E-5,15.143934,6.024772E-4,0.22858462,0.0015184713,0.019330746,0.0015755218,0.06372652,0.0062142587,0.7510032,4.5884927E-4,0.012059468,3.8582218E-4,0.04644082,0.0011052141,0.002939176,0.0011681189,0.22858462,0.0015184713,"TWOGAUSSIANS_WITH_ELLIPSOIDAL_ON_ECLIPSE1",9,7.393688,0.22858462,0.0015184713,0.108252175,0.008822922,0.069604866,0.0063133123,0.7510032,4.5884927E-4,0.067533016,0.002160604,0.052203305,0.0014904423
375316653866487564,466377068318122880,0.6876249,2305.0277737939837,1.0347762756334073,2.1375447E-6,15.8624,9.791555E-4,0.24342518,0.0037106718,0.028968249,0.003614708,0.27089047,0.033169676,0.7399183,1.3459334E-4,0.0291805,1.8341857E-4,0.6593946,0.007148132,0.025850665,0.0017263435,0.24342518,0.0037106718,"TWOGAUSSIANS_WITH_ELLIPSOIDAL_ON_ECLIPSE1",9,7.001405,0.73993826,1.268556E-4,0.1634108,0.0010271439,0.711071,0.007074749,0.24342518,0.0037106718,0.16222219,0.020242365,0.32259178,0.034474775
375316653866487564,466377961671328384,0.660309,2293.3152622726548,2.275107514490052,3.2437506E-6,17.18579,0.00795509,0.22262399,0.001126213,0.061425183,0.0042039454,0.19251409,0.015218951,0.72638506,0.0016511559,0.060785964,0.0031700556,0.22665922,0.016216336,0.10236298,0.008484749,0.22262399,0.001126213,"TWOGAUSSIANS_WITH_ELLIPSOIDAL_ON_ECLIPSE1",9,3.349435,0.72638506,0.0016511559,0.34040138,0.01775231,0.43118468,0.007625903,0.22262399,0.001126213,0.34398103,0.023542093,0.39715385,0.008346111
375316653866487564,466380607371064960,0.5988745,2280.428715599105,0.6451181600159173,5.248785E-6,13.506614,0.0034917274,0.29409984,7.151925E-4,0.0443252,0.0014126756,0.28311914,0.007656658,0.7966128,0.0013862663,0.028578147,0.0022521648,0.10803813,0.008486337,0.042991366,0.0040290244,0.29409984,7.151925E-4,"TWOGAUSSIANS_WITH_ELLIPSOIDAL_ON_ECLIPSE1",9,189.34067,0.29409984,7.151925E-4,0.24822111,0.007910984,0.36910182,0.005946901,0.7966128,0.0013862663,0.16003762,0.012612122,0.19399938,0.00727572
375316653866487564,466381844321635072,0.6933835,2279.421439604498,1.5461875477456422,2.7611595E-6,16.134752,0.0034654464,0.24232456,0.0013301992,0.0428678,0.0026197303,0.08864069,0.007746429,0.7445003,8.237484E-4,0.046433616,9.6680346E-4,0.54758185,0.007181813,0.048563853,0.0039025312,0.24232456,0.0013301992,"TWOGAUSSIANS_WITH_ELLIPSOIDAL_ON_ECLIPSE1",9,6.3100877,0.7445003,8.237484E-4,0.26002824,0.0054140994,0.64469105,0.0036124769,0.24232456,0.0013301992,0.24005966,0.014670489,0.18576807,0.0028099539
375316653866487564,466382153552020864,0.47301713,2286.0517203617505,3.456370923462314,1.2726373E-5,19.748194,0.023816006,0.22215667,0.00570861,0.085405044,0.008755743,0.2973623,0.026381692,0.7161508,0.0057575167,0.10509634,0.012223066,0.3543032,0.022847883,null,null,null,null,"TWOGAUSSIANS",8,2.231938,0.7161508,0.0057575167,0.4,0.0,0.33516324,0.019594377,0.22215667,0.005708763,0.4,0.0,0.27823126,0.018942766
375316653866487564,466382492859023104,0.50443935,2263.7203547282343,3.8252474985052825,1.4712594E-5,19.244255,0.015106007,0.20958976,0.0040934416,0.07422896,0.005255323,0.37661266,0.021080429,0.69899416,0.0084899785,0.0769814,0.00814296,0.33609417,0.01819598,null,null,null,null,"TWOGAUSSIANS",8,5.13435,0.20958976,0.0040934416,0.4,0.0,0.37423798,0.02039476,0.69899416,0.0084899785,0.4,0.0,0.3337195,0.01685435
