Gaia/vari_eclipsing_binary/VariEclipsingBinary_692275-692370.csv
# %ECSV 1.0
# ---
# delimiter: ','
# meta: !!omap
# - RELEASE: Gaia DR3
# - TABLE: vari_eclipsing_binary
# - DESCRIPTION: >
#     This table describes the properties of the eclipsing binaries resulting from the variability analysis. 
# - CITATION: >
#     How to cite and acknowledge Gaia: 
#     https://gea.esac.esa.int/archive/documentation/credits.html 
# - KNOWN_ISSUES: >
#     Known issues: 
#     https://www.cosmos.esa.int/web/gaia-users/known-issues 
# - DOCUMENTATION: >
#     Tutorials and documentation: 
#     https://www.cosmos.esa.int/web/gaia-users/archive 
# datatype:
# - 
#   name: solution_id
#   datatype: int64
#   description: Solution Identifier
#   meta:
#     ucd: meta.version
# - 
#   name: source_id
#   datatype: int64
#   description: Unique source identifier
#   meta:
#     ucd: meta.id;meta.main
# - 
#   name: global_ranking
#   datatype: float32
#   description: Number between 0 (worst) and 1 (best)
#   meta:
#     ucd: stat.param
# - 
#   name: reference_time
#   datatype: float64
#   unit: d
#   description: Reference time used for the geometric model fit
#   meta:
#     ucd: time.epoch
# - 
#   name: frequency
#   datatype: float64
#   unit: d**-1
#   description: Frequency of geometric model of the eclipsing binary light curve
#   meta:
#     ucd: src.orbital
# - 
#   name: frequency_error
#   datatype: float32
#   unit: d**-1
#   description: "Uncertainty of \\texttt{frequency}"
#   meta:
#     ucd: stat.error
# - 
#   name: geom_model_reference_level
#   datatype: float32
#   unit: mag
#   description: Magnitude reference level of geometric model
#   meta:
#     ucd: phot.mag;em.opt
# - 
#   name: geom_model_reference_level_error
#   datatype: float32
#   unit: mag
#   description: "Uncertainty of \\texttt{geomModelReferenceLevel}"
#   meta:
#     ucd: stat.error;phot.mag;em.opt
# - 
#   name: geom_model_gaussian1_phase
#   datatype: float32
#   description: Phase of the Gaussian 1 component
#   meta:
#     ucd: time.phase
# - 
#   name: geom_model_gaussian1_phase_error
#   datatype: float32
#   description: "Uncertainty of \\texttt{geomModelGaussian1Phase}"
#   meta:
#     ucd: stat.error;time.phase
# - 
#   name: geom_model_gaussian1_sigma
#   datatype: float32
#   description: "Standard deviation [phase] of Gaussian 1 component"
#   meta:
#     ucd: stat.stdev
# - 
#   name: geom_model_gaussian1_sigma_error
#   datatype: float32
#   description: "Uncertainty of \\texttt{geomModelGaussian1Sigma}"
#   meta:
#     ucd: stat.error
# - 
#   name: geom_model_gaussian1_depth
#   datatype: float32
#   unit: mag
#   description: Magnitude depth of Gaussian 1 component
#   meta:
#     ucd: src.var.amplitude
# - 
#   name: geom_model_gaussian1_depth_error
#   datatype: float32
#   unit: mag
#   description: "Uncertainty of \\texttt{geomModelGaussian1Depth}"
#   meta:
#     ucd: stat.error;src.var.amplitude
# - 
#   name: geom_model_gaussian2_phase
#   datatype: float32
#   description: Phase of Gaussian 2 component
#   meta:
#     ucd: time.phase
# - 
#   name: geom_model_gaussian2_phase_error
#   datatype: float32
#   description: "Uncertainty of \\texttt{geomModelGaussian2Phase}"
#   meta:
#     ucd: stat.error;time.phase
# - 
#   name: geom_model_gaussian2_sigma
#   datatype: float32
[...]
#   datatype: float32
#   description: "Secondary eclipse: uncertainty of \\texttt{derivedSecondaryEclDuration}"
#   meta:
#     ucd: stat.error;time.duration
# - 
#   name: derived_secondary_ecl_depth
#   datatype: float32
#   unit: mag
#   description: "Secondary eclipse: depth"
#   meta:
#     ucd: src.var.amplitude
# - 
#   name: derived_secondary_ecl_depth_error
#   datatype: float32
#   unit: mag
#   description: "Secondary eclipse: uncertainty of \\texttt{derivedSecondaryEclDepth}"
#   meta:
#     ucd: stat.error;src.var.amplitude
solution_id,source_id,global_ranking,reference_time,frequency,frequency_error,geom_model_reference_level,geom_model_reference_level_error,geom_model_gaussian1_phase,geom_model_gaussian1_phase_error,geom_model_gaussian1_sigma,geom_model_gaussian1_sigma_error,geom_model_gaussian1_depth,geom_model_gaussian1_depth_error,geom_model_gaussian2_phase,geom_model_gaussian2_phase_error,geom_model_gaussian2_sigma,geom_model_gaussian2_sigma_error,geom_model_gaussian2_depth,geom_model_gaussian2_depth_error,geom_model_cosine_half_period_amplitude,geom_model_cosine_half_period_amplitude_error,geom_model_cosine_half_period_phase,geom_model_cosine_half_period_phase_error,model_type,num_model_parameters,reduced_chi2,derived_primary_ecl_phase,derived_primary_ecl_phase_error,derived_primary_ecl_duration,derived_primary_ecl_duration_error,derived_primary_ecl_depth,derived_primary_ecl_depth_error,derived_secondary_ecl_phase,derived_secondary_ecl_phase_error,derived_secondary_ecl_duration,derived_secondary_ecl_duration_error,derived_secondary_ecl_depth,derived_secondary_ecl_depth_error
[from data line 368]
375316653866487564,6089859112823510528,0.6077878,2148.2841513702524,2.6310150865356063,1.681267E-5,18.528217,0.020422064,0.22506502,0.0034968823,0.0806471,0.007440098,0.47215295,0.041817125,0.72139716,0.009782719,0.080524266,0.011539718,0.47190437,0.023176001,null,null,null,null,"TWOGAUSSIANS",8,2.9436152,0.22506502,0.0034968823,0.4,0.0,0.46500206,0.04340951,0.72139716,0.009782719,0.4,0.0,0.46475348,0.018589148
375316653866487564,6089859211607602304,0.59556425,2147.7517725781604,2.255044366587683,1.1480999E-5,16.791523,0.009265754,0.25098455,0.0072429515,0.081872195,0.0066055628,0.46282503,0.031384375,0.7494812,0.0038763075,0.08111322,0.0038064932,0.46707222,0.018284181,null,null,null,null,"TWOGAUSSIANS",8,22.83347,0.7494812,0.0038763075,0.4,0.0,0.45889634,0.018197915,0.25098455,0.0072429515,0.4,0.0,0.45464918,0.03167201
375316653866487564,6089859623926830848,0.47089607,2180.2492712019052,2.605522103614406,5.8633603E-5,19.108913,0.019719038,0.2783918,0.020900125,0.07712024,0.02703142,0.16166998,0.03617496,0.7524124,0.006762342,0.08326195,0.015349472,0.14674844,0.020164954,null,null,null,null,"TWOGAUSSIANS",8,1.9550055,0.2783918,0.020900125,0.4,0.009932872,0.16025144,0.036404904,0.7524124,0.006762342,0.4,0.0,0.14532988,0.01790545
375316653866487564,6089861135752912768,0.619764,2124.737026076067,0.562015151592471,6.297011E-5,17.715597,0.00193623,0.508333,5.288006E-4,0.008975873,4.3543248E-4,0.3173263,0.0068116905,0.81766796,0.035022747,0.055592567,0.021081205,0.020789236,0.013360827,null,null,null,null,"TWOGAUSSIANS",8,1.3115093,0.508333,5.288006E-4,0.050264888,0.0024384218,0.31732634,0.0068117036,0.81766796,0.035022747,0.31131837,0.11805475,0.020789236,0.013360827
375316653866487564,6089861689814200960,0.730831,2129.195722853055,1.507611920973886,1.4781847E-5,15.2416115,0.0012190539,0.4764234,0.0030936066,0.06103694,0.0012491205,0.67600626,0.013460427,null,null,null,null,null,null,null,null,null,null,"ONEGAUSSIAN",5,7.735625,0.4764234,0.0030936066,0.34180686,0.0069950745,0.67600626,0.0,null,null,null,null,null,null
375316653866487564,6089866328378944128,0.6730829,2095.0962675325513,1.1175711987119148,8.826392E-6,15.194409,0.01200536,0.24095692,0.0020981242,0.10021434,0.005675292,0.2618059,0.011279911,0.74218905,0.0042896834,0.09802302,0.007834588,0.32752585,0.028982071,null,null,null,null,"TWOGAUSSIANS",8,9.181778,0.74218905,0.0042896834,0.4,0.0,0.30363646,0.0337943,0.24095692,0.0020981242,0.4,0.0,0.2379159,0.0034458186
375316653866487564,6089869931849016832,0.55105734,2194.7751322742974,3.1116107837552223,2.0559413E-5,19.270658,0.01877595,0.16248602,0.0045918687,0.08168409,0.010939664,0.31003532,0.040729493,0.6570647,0.0033383793,0.075278156,0.0053708414,0.49695593,0.025956294,null,null,null,null,"TWOGAUSSIANS",8,1.8797665,0.6570647,0.0033383793,0.4,0.0,0.49261993,0.024871089,0.16248602,0.0045918687,0.4,0.0,0.30569935,0.04243244
375316653866487564,6089871340597714944,0.5231228,2183.3605723389733,0.026601878700980103,1.4121074E-4,18.6381,0.0033717216,0.23991387,0.017239094,0.09924538,0.012697559,0.14328054,0.005792588,0.66031355,0.004991265,0.02837156,0.009307475,0.91684407,0.96190184,null,null,null,null,"TWOGAUSSIANS",8,1.3401774,0.66031355,0.004991265,0.15888074,0.05212186,0.9168505,0.9619317,0.23991387,0.017239094,0.4,0.0,0.14326878,0.005789304
375316653866487564,6089873814496864640,0.45242843,2158.3115523731526,0.07197253520801333,4.181394E-5,18.745934,0.006718835,null,null,null,null,null,null,null,null,null,null,null,null,0.08041668,0.009950004,0.28415146,0.0060301227,"ELLIPSOIDAL",4,3.8044927,null,null,null,null,null,null,null,null,null,null,null,null
375316653866487564,6089875158831931904,0.516247,2202.7420292533575,1.0096541503884011,1.8833585E-5,18.953634,0.008593758,0.25846875,0.013983462,0.047670744,0.024898922,0.32544404,0.043872263,0.7543521,0.007030127,0.038518984,0.009916751,0.35086936,0.08533627,null,null,null,null,"TWOGAUSSIANS",8,5.8907075,0.7543521,0.007030127,0.2157063,0.055533804,0.35086933,0.08533717,0.25846875,0.013983462,0.26695615,0.13061999,0.325444,0.04388768
375316653866487564,6089876116601443968,0.52594715,2162.631620310049,3.0164036791083375,2.1740632E-5,18.667131,0.011276362,0.30720633,0.006244084,0.09152694,0.0082404995,0.23151955,0.01590616,0.7975384,0.0042750402,0.09009515,0.0060641454,0.25661075,0.016339239,null,null,null,null,"TWOGAUSSIANS",8,2.681496,0.7975384,0.0042750402,0.4,0.0,0.24711096,0.016033923,0.30720633,0.006244084,0.4,0.0,0.22201972,0.01509618
375316653866487564,6089876460198877696,0.5216991,2147.2135522137905,0.053253069574287534,3.3505996E-5,18.193014,0.009247917,0.42696732,0.038265362,0.092856854,0.03677811,0.22849485,0.024702739,0.8518041,0.0119477445,0.035355087,0.008925309,0.08075217,0.013774286,null,null,null,null,"TWOGAUSSIANS",8,2.7916362,0.42696732,0.038265362,0.4,0.0,0.22848167,0.025589013,0.8518041,0.0119477445,0.1979885,0.049981736,0.080745496,0.013107323
375316653866487564,6089879586932952448,0.50507903,2127.7518613728903,0.0531906065037355,3.1810767E-5,18.678642,0.002665896,0.4567509,0.01603917,0.07455966,0.014616134,0.22296068,0.043962844,0.88896215,0.0016833891,0.005387163,0.0025919175,0.058790766,0.013599482,null,null,null,null,"TWOGAUSSIANS",8,1.3913739,0.4567509,0.01603917,0.4,0.008173039,0.22296068,0.04396286,0.88896215,0.0016833891,0.030168112,0.014514739,0.058790777,0.013599489
375316653866487564,6089884367232157184,0.43408692,2121.288715451414,1.6567538015927474,8.125925E-5,17.788023,0.03516778,0.18398045,0.016334046,0.11291433,0.05443008,0.09797989,0.026187778,0.4777164,0.0044412524,0.043408576,0.0146649275,0.113905676,0.017058717,null,null,null,null,"TWOGAUSSIANS",8,2.8169458,0.4777164,0.0044412524,0.24308804,0.08212359,0.11721764,0.015983531,0.18398045,0.016334046,0.4,0.034008723,0.09796806,0.02615499
375316653866487564,6089884534735859840,0.4819499,2105.0149325723046,3.6792831961374604,9.933614E-5,17.522346,0.03618596,0.24936475,0.010586494,0.09592755,0.026901089,0.17776845,0.033527452,0.7543982,0.010629895,0.099793434,0.020771042,0.21559104,0.03953766,null,null,null,null,"TWOGAUSSIANS",8,19.044294,0.7543982,0.0106355585,0.4,0.0,0.2015488,0.02794685,0.24936475,0.010580945,0.4,0.0,0.16372733,0.026143443
375316653866487564,6089885050131841152,0.4891107,2096.0005260435923,0.26050547232239807,3.9651026E-5,16.651031,0.009571798,0.52208215,0.061032888,0.035150062,0.03563956,0.85441476,0.687653,null,null,null,null,null,null,null,null,null,null,"ONEGAUSSIAN",5,189.90291,0.52208215,0.061032888,0.19684036,0.19958153,0.85441476,0.0,null,null,null,null,null,null
375316653866487564,6089885565528136064,0.508746,2109.96637182691,0.35096941904064294,2.7235534E-5,17.28189,0.011445563,0.27981818,0.026855685,0.08664805,0.033662993,0.18202578,0.021383576,0.7466891,0.003071329,0.03861861,0.0046769134,0.48636502,0.0802622,null,null,null,null,"TWOGAUSSIANS",8,65.77325,0.7466891,0.003071329,0.21626422,0.026190713,0.4863128,0.08031072,0.27981818,0.026855685,0.4,0.09157335,0.18197347,0.021360742
375316653866487564,6089885775981671680,0.4423249,2158.422096030302,2.608470316558133,6.806265E-5,18.536047,0.010388584,0.34853718,0.035648525,0.06260062,0.028673794,0.05844209,0.023301799,0.83384854,0.009157339,0.059937928,0.012107636,0.12349842,0.014409675,null,null,null,null,"TWOGAUSSIANS",8,3.003737,0.83384854,0.009157339,0.3356524,0.06780276,0.12347366,0.014394358,0.34853718,0.035648525,0.35056347,0.16057324,0.058417328,0.02329537
375316653866487564,6089885982149453568,0.52211374,2140.999695189552,3.4311847251759864,3.3554155E-5,18.182837,0.06606111,0.32686982,0.011268805,0.08467693,0.031279646,0.40129304,0.046018165,0.81213224,0.0042844214,0.09455661,0.018269958,0.3715,0.06200531,null,null,null,null,"TWOGAUSSIANS",8,12.337065,0.32686982,0.01128117,0.4,0.02140689,0.38885033,0.048771363,0.81213224,0.0042844214,0.4,0.0,0.35905644,0.0348342
375316653866487564,6089886463185805312,0.61428946,2123.3638485456395,1.896152970058156,4.605193E-6,13.6737995,0.0049109277,0.26828676,0.0030664399,0.09553193,0.004543989,0.18796411,0.0045157988,0.7665291,0.0027721361,0.087467015,0.0031058884,0.26132134,0.007450629,null,null,null,null,"TWOGAUSSIANS",8,42.772236,0.7665291,0.0027721361,0.4,0.0,0.25110802,0.006932252,0.26828676,0.0030664399,0.4,0.0,0.17775044,0.0028109034
375316653866487564,6089890719488519424,0.51579607,2135.401481550152,2.9692484950807527,1.8853805E-5,19.285294,0.033769216,0.22464854,0.008090048,0.107576825,0.015318377,0.2957624,0.032188963,0.731374,0.0026302082,0.09474752,0.0134401675,0.30546758,0.02784814,null,null,null,null,"TWOGAUSSIANS",8,1.6967734,0.731374,0.0026349374,0.4,0.0,0.27945882,0.027953956,0.22464854,0.008090048,0.4,0.0,0.26974168,0.016295543
375316653866487564,6089890788214459392,0.54089546,2178.8885399516475,2.184920018119859,9.627926E-6,18.639845,0.014927041,0.17508198,8.783856E-4,0.030562826,0.0017169387,0.53340673,0.017447561,0.6874375,0.011969163,0.055458076,0.013103495,0.2933422,0.022456646,null,null,null,null,"TWOGAUSSIANS",8,8.97762,0.17508198,8.783856E-4,0.17115183,0.009614857,0.53340673,0.01744753,0.6874375,0.011969163,0.31056523,0.073379576,0.29334217,0.022456635
375316653866487564,6089895293638952064,0.5925315,2151.903789299341,2.6698096163764475,1.117225E-5,17.45452,0.017813014,0.23030858,0.004459064,0.107615136,0.009903922,0.22511224,0.019430498,0.73481345,0.0025475037,0.09710291,0.006784875,0.27622536,0.017094154,null,null,null,null,"TWOGAUSSIANS",8,2.801964,0.73481345,0.0025505724,0.4,0.0,0.25250795,0.005675037,0.23030858,0.004459064,0.4,0.0,0.20138642,0.013543724
375316653866487564,6089898626533857664,0.5989842,2167.220772609447,1.8031518903769923,8.380775E-6,16.031418,0.013084454,0.14393061,0.003054953,0.09599238,0.0069067734,0.20021638,0.013020294,0.63857454,0.0021062223,0.08735052,0.005906251,0.22368024,0.012081894,null,null,null,null,"TWOGAUSSIANS",8,8.936796,0.63857454,0.0021062223,0.4,0.0,0.21424246,0.008025674,0.14393061,0.003054953,0.4,0.0,0.19077809,0.009369922
375316653866487564,6089898901411775872,0.561743,2180.278354731859,0.15734826140424524,4.5468976E-5,18.876692,0.0017073525,0.31480527,0.041870028,0.020747092,0.01567497,0.33179426,0.31550136,0.7968536,0.008687306,0.0128384605,0.0097869225,0.5889753,0.69793284,null,null,null,null,"TWOGAUSSIANS",8,0.5786389,0.7968536,0.008687306,0.07189538,0.054806765,0.5889753,0.69793284,0.31480527,0.041870028,0.11618372,0.08777983,0.33179426,0.31550136
375316653866487564,6089902264363540992,0.5832987,2175.1150738431697,1.782352720992596,1.566591E-5,17.498981,0.009362977,0.21699898,0.0034715764,0.08644503,0.005072669,0.35780913,0.018407831,0.72408193,0.0020471371,0.08793128,0.004769118,0.24379602,0.00930983,null,null,null,null,"TWOGAUSSIANS",8,4.133053,0.21699898,0.0034715764,0.4,0.0,0.34923446,0.018658945,0.72408193,0.0020471371,0.4,0.0,0.23522137,0.007764531
375316653866487564,6089903707472658048,0.5463114,2182.8114567875155,0.43157662096873073,1.0488923E-4,19.011969,0.0038936457,0.38657752,0.022432348,0.066757225,0.04979369,0.035981987,0.007925967,0.5307119,0.004816281,0.028807959,0.0051846276,1.1636778,0.64644974,null,null,null,null,"TWOGAUSSIANS",8,1.4862044,0.5307119,0.004816281,0.16132456,0.029033914,1.1671759,0.64960116,0.38666752,0.022718683,0.37384045,0.13192704,0.03598629,0.007913661
375316653866487564,6089906696769327232,0.52754694,2126.632780626088,3.3169214645793197,2.0272373E-5,16.546856,0.0022650473,null,null,null,null,null,null,null,null,null,null,null,null,0.051656548,0.0033465498,0.24538973,0.005098722,"ELLIPSOIDAL",4,10.693061,null,null,null,null,null,null,null,null,null,null,null,null
375316653866487564,6089908105518785792,0.5083871,2161.229503930498,3.875666280044578,2.6510641E-5,18.086134,0.014476159,0.20749822,0.008086936,0.10104402,0.0123607125,0.13180862,0.018893966,0.71842873,0.011273168,0.08266182,0.01148095,0.20411545,0.016473493,null,null,null,null,"TWOGAUSSIANS",8,4.49606,0.71842873,0.011273168,0.4,0.0,0.19748947,0.01315587,0.20749822,0.008086936,0.4,0.0,0.12518118,0.01648786
375316653866487564,6089911580155072128,0.64112425,2134.269285380057,3.2166024512072044,6.7968217E-6,16.818539,0.0073540974,0.2615945,0.0011603251,0.093780704,0.0021980458,0.3454613,0.0075893686,0.7686919,0.0018466144,0.1052319,0.005419405,0.33739185,0.005643279,null,null,null,null,"TWOGAUSSIANS",8,3.4540918,0.2615945,0.0011603251,0.4,0.0,0.31897053,0.004212669,0.7686919,0.0018466144,0.4,0.0,0.31089273,0.0068314685
375316653866487564,6089913328199768192,0.49819383,2149.9152800620673,3.0134774174955923,7.773759E-5,19.595999,0.021074886,0.2037569,0.009252947,0.07669747,0.012868331,0.21156326,0.024774643,0.71561676,0.007291078,0.09125909,0.019714791,0.21817489,0.018839872,null,null,null,null,"TWOGAUSSIANS",8,1.6826309,0.71561676,0.007291078,0.4,0.0,0.21405219,0.016084714,0.2037569,0.009252947,0.4,0.0,0.20744072,0.020848908
375316653866487564,6089914638171790976,0.52820426,2173.200121094472,2.677172283668803,1.5428215E-5,14.975986,0.043769248,0.22872579,0.0037039607,0.11387897,0.020460522,0.22512361,0.039376207,0.7170607,0.006062466,0.1002133,0.020211697,0.2343068,0.038987897,null,null,null,null,"TWOGAUSSIANS",8,118.90603,0.7170607,0.006062466,0.4,0.0,0.20803142,0.025454594,0.22872579,0.003702673,0.4,0.0,0.19881819,0.012867171
375316653866487564,6089916901612678784,0.48747775,2108.6135583064747,0.267576459713911,2.9383495E-5,19.478252,0.009181403,0.24227151,0.010221499,0.035180394,0.016489776,0.68265164,0.68692213,0.7171009,0.013559702,0.058685236,0.008914581,0.28068113,0.0290728,null,null,null,null,"TWOGAUSSIANS",8,2.5281155,0.24227151,0.010221499,0.19701022,0.09234274,0.6826515,0.68692464,0.7171009,0.013559702,0.32863733,0.04992165,0.280681,0.02907308
375316653866487564,6089918963199974528,0.5111405,2134.3163314872654,3.339463842186585,2.2075965E-5,16.88212,0.6203519,0.27971777,0.002876662,0.15272127,0.048557863,0.5645569,0.47806534,0.7821167,0.0055964086,0.21607958,0.13499169,0.59216,0.6088292,null,null,null,null,"TWOGAUSSIANS",8,12.471258,0.27861777,0.0024010958,0.4,0.0,0.19733775,0.013802641,0.78262675,0.005299498,0.4,0.0,0.14882703,0.010094304
375316653866487564,6089920475025732480,0.4618329,2125.6623466149435,3.5177400853942973,4.1240095E-5,18.223476,0.043570362,0.20318864,0.016825853,0.108630285,0.0370982,0.12011904,0.043456182,0.67700267,0.0145278685,0.09436793,0.039467108,0.1587278,0.03811216,null,null,null,null,"TWOGAUSSIANS",8,6.8585687,0.67700267,0.0145278685,0.4,0.0,0.14929235,0.013844283,0.20318864,0.016813636,0.4,0.0,0.11067431,0.017246747
375316653866487564,6089923155083400064,0.5933336,2198.2264045050492,0.9415934398467649,1.3530572E-4,18.23697,0.0057007764,0.28273118,0.11141538,0.12785846,0.08250754,0.022562599,0.036181934,0.8057154,0.001850563,0.01896988,0.001985871,0.5689261,0.023873642,null,null,null,null,"TWOGAUSSIANS",8,3.6024127,0.8057154,0.001850563,0.10623133,0.011120878,0.5688712,0.023834705,0.28273118,0.11141538,0.4,0.019034779,0.02248105,0.036191963
375316653866487564,6089923395601508352,0.52126056,2242.320539449536,0.09196156181468759,1.4451848E-6,17.86778,0.0048256284,0.7910207,2.0463445E-5,0.0017148178,2.3422459E-5,0.6589396,0.0071193483,null,null,null,null,null,null,null,null,null,null,"ONEGAUSSIAN",5,13.34819,0.7910207,2.0463445E-5,0.00960298,1.3116577E-4,0.6589396,0.0,null,null,null,null,null,null
375316653866487564,6089924258899290240,0.54773325,2192.4134065932967,0.756827472887635,2.85703E-5,15.673432,0.012956852,0.35099822,0.012984824,0.04671934,0.018692547,0.2944571,0.1363287,0.83819014,0.008819149,0.032299325,0.009027945,0.58372337,0.13643442,0.017326515,0.017658519,0.35099822,0.012984824,"TWOGAUSSIANS_WITH_ELLIPSOIDAL_ON_ECLIPSE1",9,146.27118,0.83825016,0.008772757,0.18087621,0.05055649,0.61815333,0.14694606,0.35099822,0.012984824,0.2616283,0.104678266,0.32910994,0.13994835
