Gaia/vari_eclipsing_binary/VariEclipsingBinary_459564-459574.csv
# %ECSV 1.0
# ---
# delimiter: ','
# meta: !!omap
# - RELEASE: Gaia DR3
# - TABLE: vari_eclipsing_binary
# - DESCRIPTION: >
#     This table describes the properties of the eclipsing binaries resulting from the variability analysis. 
# - CITATION: >
#     How to cite and acknowledge Gaia: 
#     https://gea.esac.esa.int/archive/documentation/credits.html 
# - KNOWN_ISSUES: >
#     Known issues: 
#     https://www.cosmos.esa.int/web/gaia-users/known-issues 
# - DOCUMENTATION: >
#     Tutorials and documentation: 
#     https://www.cosmos.esa.int/web/gaia-users/archive 
# datatype:
# - 
#   name: solution_id
#   datatype: int64
#   description: Solution Identifier
#   meta:
#     ucd: meta.version
# - 
#   name: source_id
#   datatype: int64
#   description: Unique source identifier
#   meta:
#     ucd: meta.id;meta.main
# - 
#   name: global_ranking
#   datatype: float32
#   description: Number between 0 (worst) and 1 (best)
#   meta:
#     ucd: stat.param
# - 
#   name: reference_time
#   datatype: float64
#   unit: d
#   description: Reference time used for the geometric model fit
#   meta:
#     ucd: time.epoch
# - 
#   name: frequency
#   datatype: float64
#   unit: d**-1
#   description: Frequency of geometric model of the eclipsing binary light curve
#   meta:
#     ucd: src.orbital
# - 
#   name: frequency_error
#   datatype: float32
#   unit: d**-1
#   description: "Uncertainty of \\texttt{frequency}"
#   meta:
#     ucd: stat.error
# - 
#   name: geom_model_reference_level
#   datatype: float32
#   unit: mag
#   description: Magnitude reference level of geometric model
#   meta:
#     ucd: phot.mag;em.opt
# - 
#   name: geom_model_reference_level_error
#   datatype: float32
#   unit: mag
#   description: "Uncertainty of \\texttt{geomModelReferenceLevel}"
#   meta:
#     ucd: stat.error;phot.mag;em.opt
# - 
#   name: geom_model_gaussian1_phase
#   datatype: float32
#   description: Phase of the Gaussian 1 component
#   meta:
#     ucd: time.phase
# - 
#   name: geom_model_gaussian1_phase_error
#   datatype: float32
#   description: "Uncertainty of \\texttt{geomModelGaussian1Phase}"
#   meta:
#     ucd: stat.error;time.phase
# - 
#   name: geom_model_gaussian1_sigma
#   datatype: float32
#   description: "Standard deviation [phase] of Gaussian 1 component"
#   meta:
#     ucd: stat.stdev
# - 
#   name: geom_model_gaussian1_sigma_error
#   datatype: float32
#   description: "Uncertainty of \\texttt{geomModelGaussian1Sigma}"
#   meta:
#     ucd: stat.error
# - 
#   name: geom_model_gaussian1_depth
#   datatype: float32
#   unit: mag
#   description: Magnitude depth of Gaussian 1 component
#   meta:
#     ucd: src.var.amplitude
# - 
#   name: geom_model_gaussian1_depth_error
#   datatype: float32
#   unit: mag
#   description: "Uncertainty of \\texttt{geomModelGaussian1Depth}"
#   meta:
#     ucd: stat.error;src.var.amplitude
# - 
#   name: geom_model_gaussian2_phase
#   datatype: float32
#   description: Phase of Gaussian 2 component
#   meta:
#     ucd: time.phase
# - 
#   name: geom_model_gaussian2_phase_error
#   datatype: float32
#   description: "Uncertainty of \\texttt{geomModelGaussian2Phase}"
#   meta:
#     ucd: stat.error;time.phase
# - 
#   name: geom_model_gaussian2_sigma
#   datatype: float32
[...]
#   datatype: float32
#   description: "Secondary eclipse: uncertainty of \\texttt{derivedSecondaryEclDuration}"
#   meta:
#     ucd: stat.error;time.duration
# - 
#   name: derived_secondary_ecl_depth
#   datatype: float32
#   unit: mag
#   description: "Secondary eclipse: depth"
#   meta:
#     ucd: src.var.amplitude
# - 
#   name: derived_secondary_ecl_depth_error
#   datatype: float32
#   unit: mag
#   description: "Secondary eclipse: uncertainty of \\texttt{derivedSecondaryEclDepth}"
#   meta:
#     ucd: stat.error;src.var.amplitude
solution_id,source_id,global_ranking,reference_time,frequency,frequency_error,geom_model_reference_level,geom_model_reference_level_error,geom_model_gaussian1_phase,geom_model_gaussian1_phase_error,geom_model_gaussian1_sigma,geom_model_gaussian1_sigma_error,geom_model_gaussian1_depth,geom_model_gaussian1_depth_error,geom_model_gaussian2_phase,geom_model_gaussian2_phase_error,geom_model_gaussian2_sigma,geom_model_gaussian2_sigma_error,geom_model_gaussian2_depth,geom_model_gaussian2_depth_error,geom_model_cosine_half_period_amplitude,geom_model_cosine_half_period_amplitude_error,geom_model_cosine_half_period_phase,geom_model_cosine_half_period_phase_error,model_type,num_model_parameters,reduced_chi2,derived_primary_ecl_phase,derived_primary_ecl_phase_error,derived_primary_ecl_duration,derived_primary_ecl_duration_error,derived_primary_ecl_depth,derived_primary_ecl_depth_error,derived_secondary_ecl_phase,derived_secondary_ecl_phase_error,derived_secondary_ecl_duration,derived_secondary_ecl_duration_error,derived_secondary_ecl_depth,derived_secondary_ecl_depth_error
[from data line 412]
375316653866487564,4042391299066556288,0.4773634,2388.889321122698,1.8745690645970277,1.1951178E-4,19.561602,0.014976237,0.22184132,0.011178129,0.072801076,0.015986102,0.27218917,0.035715993,0.72311276,8.307682E-6,0.024647726,8.8594557E-4,0.27978015,0.01484785,null,null,null,null,"TWOGAUSSIANS",8,3.9366848,0.72311276,8.307682E-6,0.13802727,0.004961295,0.2797793,0.014844869,0.22184132,0.011178129,0.4,0.032555733,0.2721883,0.03571875
375316653866487564,4042391303191782528,0.4254992,2368.6015534341736,3.675611655750877,4.450681E-5,18.596535,0.0400048,0.28778592,0.012040003,0.07648044,0.019118642,0.35199192,0.05848914,0.8767249,0.010775917,0.041908786,0.01356611,0.3852231,0.14274739,null,null,null,null,"TWOGAUSSIANS",8,56.01035,0.8767249,0.010775917,0.2346892,0.07597022,0.38522032,0.14275041,0.28778592,0.012040003,0.4,0.037095223,0.351989,0.058492012
375316653866487564,4042391333425761280,0.5231542,2393.064422830156,2.1182947107539722,1.2202657E-5,19.072914,0.009953231,0.1465748,0.0035146927,0.071230285,0.00473551,0.34782246,0.013393178,0.64444953,0.010857521,0.07560379,0.010572109,0.38962835,0.076812014,null,null,null,null,"TWOGAUSSIANS",8,2.2298195,0.64444953,0.010857521,0.4,0.028977932,0.3874991,0.077584416,0.1465748,0.0035146927,0.3988896,0.016691372,0.3456932,0.0130509855
375316653866487564,4042391402145749632,0.5034534,2391.4414283466936,2.2688136057775865,4.301883E-5,18.095,0.008390762,0.3741059,0.006716872,0.035478014,0.011993977,0.10010687,0.17460994,0.89490277,0.032779608,0.028841898,0.02749242,0.05694427,5724860.0,0.1225517,0.012918095,0.3741059,0.006716872,"TWOGAUSSIANS_WITH_ELLIPSOIDAL_ON_ECLIPSE1",9,19.906513,0.3741059,0.006716872,0.19867687,0.06716628,0.34521028,0.17145681,0.89490277,0.032278176,0.16151462,0.15395756,0.29788637,5724860.0
375316653866487564,4042391470865740160,0.5368081,2371.4606101897502,1.94910227582814,1.2485403E-5,18.892967,0.014091,0.18555576,0.0039598965,0.083638266,0.0053995643,0.37810138,0.025933394,0.6890033,0.0034613458,0.087567896,0.00497574,0.38734576,0.017800864,null,null,null,null,"TWOGAUSSIANS",8,2.0681906,0.6890033,0.0034613458,0.4,0.0,0.3772011,0.016187401,0.18555576,0.0039598965,0.4,0.0,0.3679568,0.026244683
375316653866487564,4042391505225500672,0.42295024,2431.3230386423566,3.628899895599261,1.07016E-6,18.806833,0.010654861,0.15944812,1.3258793E-5,0.008111891,2.781998E-4,4.500182,0.8807397,0.45233613,0.05460172,0.09357339,0.026307112,0.059752956,0.02058566,null,null,null,null,"TWOGAUSSIANS",8,6.020511,0.15944812,1.3258793E-5,0.045426592,0.0015579188,4.5006275,0.88079697,0.45233613,0.05460172,0.4,0.0,0.05975288,0.020586861
375316653866487564,4042391573944976128,0.48700282,2442.842014835827,3.660590511737189,7.746944E-5,18.791437,0.013454864,0.6971351,0.02008351,0.09637825,0.016605008,0.13684021,0.020136686,0.42197886,0.009646082,0.07981744,0.016127544,0.28197268,0.07021209,null,null,null,null,"TWOGAUSSIANS",8,3.9784596,0.42359886,0.008600947,0.4,0.0,0.2842734,0.0703511,0.6947451,0.01913072,0.4,0.0,0.13753958,0.020137448
375316653866487564,4042391578014958976,0.50054896,2361.3441486820025,1.882193709109361,2.5229729E-5,18.513996,0.030428566,0.3188733,0.011361871,0.07526285,0.011885534,0.38445476,0.03368324,0.8310495,0.0043444387,0.075744346,0.008142677,0.445873,0.02995304,null,null,null,null,"TWOGAUSSIANS",8,13.3763,0.8310495,0.0043444387,0.4,0.008063538,0.44324252,0.028140686,0.3188733,0.011361871,0.4,0.028892783,0.38182428,0.031863242
375316653866487564,4042391642663918720,0.4591153,2474.543243668252,3.1173036691439653,6.2079795E-5,18.660072,0.004414387,0.61546177,0.018987918,0.04889586,0.026976077,0.114278235,0.030508764,0.44599754,0.099819206,0.044774536,0.05815649,0.035438944,0.028805772,null,null,null,null,"TWOGAUSSIANS",8,1.6824822,0.61541176,0.017687693,0.2738168,0.15106604,0.11430576,0.056755412,0.44721752,0.102305196,0.2507374,0.21580309,0.035732713,0.028789898
375316653866487564,4042391642664002560,0.48681918,2431.5881523977105,0.13441350173388325,3.0838273E-5,19.257988,0.008435315,0.25693235,0.018958807,0.080703124,0.016890684,0.37442198,0.09648337,0.60856056,0.006433544,0.045655802,0.0062495307,0.380321,0.019545248,null,null,null,null,"TWOGAUSSIANS",8,4.194127,0.60856056,0.006433544,0.25567248,0.034997374,0.38034788,0.019566426,0.25693235,0.018958807,0.4,0.010066692,0.37442058,0.09649592
375316653866487564,4042391711383442304,0.48710674,2467.0939333181477,0.05135037221861463,6.687329E-5,19.229658,0.02136195,0.2914024,0.015652532,0.028754447,0.019389125,0.12650253,0.033464126,0.5716431,0.0045283274,0.02345296,0.02005504,0.25773,0.02731473,null,null,null,null,"TWOGAUSSIANS",8,4.093165,0.5716431,0.0045283274,0.13133658,0.11230823,0.25773,0.02731473,0.2914024,0.015652532,0.1610249,0.1085791,0.12650253,0.033464126
375316653866487564,4042391848823450240,0.46180815,2397.2747952943023,1.4968684480217744,6.845839E-5,19.688904,0.009797304,0.21481277,0.003953455,0.019146342,0.0046542077,0.16360496,0.010682513,0.655652,0.019809956,0.06287609,0.017113298,0.793676,0.3323048,null,null,null,null,"TWOGAUSSIANS",8,2.3243427,0.655652,0.019809956,0.35210612,0.05942669,0.793676,0.3323048,0.21481277,0.003953455,0.10721952,0.026063563,0.16360496,0.01068252
375316653866487564,4042391852947590528,0.5252425,2392.8002987016107,1.4966557110424015,1.2574135E-5,18.270351,0.029345166,0.27309972,0.006618882,0.10962677,0.013838837,0.32497856,0.027510304,0.7601166,0.0035292085,0.10134852,0.009929235,0.29979187,0.030928148,null,null,null,null,"TWOGAUSSIANS",8,4.785764,0.27309972,0.006621536,0.4,0.0,0.29247785,0.015851067,0.7601166,0.0035292085,0.4,0.0,0.26731,0.020748967
375316653866487564,4042391921611852288,0.42552468,2446.4969077075816,0.27543412830216135,5.542638E-5,18.080591,0.007014763,null,null,null,null,null,null,null,null,null,null,null,null,0.06655668,0.010938452,0.2882444,0.012904471,"ELLIPSOIDAL",4,11.602358,null,null,null,null,null,null,null,null,null,null,null,null
375316653866487564,4042391951867927808,0.4940923,2334.7632399094578,0.13439019256412776,1.0827942E-4,19.278162,0.025368756,0.28187153,0.024277538,0.103431,0.02542657,0.4113701,0.11272333,0.6482016,0.01114369,0.039917186,0.021061897,0.6245382,0.16341561,null,null,null,null,"TWOGAUSSIANS",8,6.5384235,0.6482016,0.01114369,0.22353625,0.117946625,0.62526745,0.16345085,0.28187153,0.024277538,0.4,0.0,0.41132262,0.11280693
375316653866487564,4042391990385906688,0.4739424,2419.5380789251817,2.2863378713621905,8.224442E-5,18.103582,0.022346264,0.29786775,0.003362801,0.045405738,0.008735472,0.3332231,0.07078956,0.69346243,0.082427494,0.072448954,0.05772388,0.16170534,0.13624382,null,null,null,null,"TWOGAUSSIANS",8,2.6370769,0.29786775,0.0033317192,0.25427213,0.048918646,0.33322236,0.07084698,0.69346243,0.082427494,0.4,0.17083846,0.16170454,0.13625747
375316653866487564,4042392020592454528,0.48716286,2368.7985829034947,2.5359277321830387,2.2604187E-5,18.724575,0.0056339763,0.17719027,0.0066870567,0.07431953,0.0077727195,0.20075029,0.012170379,0.67500114,0.0040280456,0.08217337,0.005473663,0.1828817,0.005600563,null,null,null,null,"TWOGAUSSIANS",8,3.2793548,0.17719027,0.0066870567,0.4,0.0,0.19853452,0.012283507,0.67500114,0.0040280456,0.4,0.0,0.18066591,0.00485187
375316653866487564,4042392059105240704,0.5243679,2308.7791806625783,0.7341683938486502,1.2674204E-5,17.346472,0.007757132,0.26627147,0.0016163337,0.048235785,0.0030276594,0.58446866,0.034111235,0.79858935,0.080315754,0.044638075,0.014979989,0.10023325,0.07749969,null,null,null,null,"TWOGAUSSIANS",8,24.484037,0.26627147,0.0016163337,0.2701204,0.016954891,0.5844686,0.03411056,0.79858935,0.080315754,0.24997322,0.08388794,0.10023321,0.07749679
375316653866487564,4042392123671980800,0.41828063,2360.8311899805735,0.9797741279929023,5.105584E-5,18.879078,0.037333053,0.29182678,0.039899208,0.0792179,0.04132681,0.19029815,0.05819879,0.75059193,0.019408388,0.10376771,0.039630786,0.10838274,0.036208574,null,null,null,null,"TWOGAUSSIANS",8,10.024078,0.29183677,0.03991414,0.4,0.17436026,0.18688862,0.05522968,0.75059193,0.019408388,0.4,0.0,0.1049669,0.02831015
375316653866487564,4042392265263970048,0.5013233,2383.7299534171557,2.066337863439715,1.6484157E-5,18.500227,0.018455498,0.17628773,0.008208279,0.07235033,0.013019942,0.33516997,0.039818298,0.66964847,0.008342839,0.08915905,0.020989578,0.24997853,0.039425727,null,null,null,null,"TWOGAUSSIANS",8,11.936139,0.17628773,0.008208279,0.4,0.04326064,0.33104554,0.041125536,0.66964847,0.008342839,0.4,0.0,0.24585402,0.042386893
375316653866487564,4042392295470339584,0.4440496,2380.673144294113,0.07192393783019865,5.7389283E-5,18.504137,0.007914992,0.20442541,0.0019178387,0.019919949,0.011514376,0.5737044,0.27592158,0.81956446,0.0054421714,0.056107983,0.0047569107,0.2980613,0.04435155,null,null,null,null,"TWOGAUSSIANS",8,13.102998,0.20442541,0.0019178387,0.11155171,0.064480506,0.5737044,0.27592158,0.81956446,0.0054421714,0.31420472,0.026638702,0.2980613,0.04435155
375316653866487564,4042392299623570560,0.43389356,2375.786972093627,0.8993859084552462,2.8029934E-4,18.402456,0.009316187,0.3201718,0.014576458,0.020528395,0.012997431,0.07987871,0.036981024,0.6375636,0.021564972,0.110207595,0.02778343,0.1052241,0.017346911,null,null,null,null,"TWOGAUSSIANS",8,4.762131,0.6375636,0.021564972,0.4,0.0,0.105216965,0.017364547,0.32040182,0.01472201,0.11495902,0.07278561,0.0815403,0.03747671
375316653866487564,4042392368343225984,0.51666707,2502.620785681526,1.2424874183824506,4.553973E-5,19.484306,0.015005625,0.26118496,0.005197416,0.036129292,0.012530258,0.24550754,0.06543413,0.43971395,0.05966274,0.05793183,0.10738263,0.119816914,0.054308943,null,null,null,null,"TWOGAUSSIANS",8,0.55704904,0.26148498,0.004951758,0.20232403,0.07016944,0.24655397,0.0945694,0.43971395,0.05966274,0.32441825,0.122866414,0.119818136,0.055448752
375316653866487564,4042392540142821632,0.57508713,2384.639507692803,1.4612476110089894,8.917421E-6,17.969135,0.0029500243,0.25447947,0.0022331937,0.065765046,0.015180886,0.084338106,0.017362842,0.96865225,0.9236252,0.017695978,0.03714939,0.048237916,0.035954624,0.102891006,0.0041275923,0.25447947,0.0022331937,"TWOGAUSSIANS_WITH_ELLIPSOIDAL_ON_ECLIPSE1",9,2.7817154,0.25447947,0.0022331937,0.36828426,0.081913285,0.29005882,0.017090026,0.96865225,0.6923748,0.099097475,0.20803657,0.058436137,0.042202294
375316653866487564,4042392673436698496,0.48818865,2355.756979960383,0.149878514238825,1.4570123E-5,19.145618,0.01995759,0.2971462,0.014614101,0.088480785,0.014351056,0.16598162,0.053295765,0.7638061,0.010714067,0.10516008,0.010926797,0.25272346,0.024210645,null,null,null,null,"TWOGAUSSIANS",8,3.6233974,0.7638061,0.010714067,0.4,0.0,0.24337244,0.023279903,0.2971762,0.01462858,0.4,0.0,0.1566445,0.053582747
375316653866487564,4042392707791818624,0.45262524,2493.5245149816656,0.04456346422335342,1.380931E-4,18.364374,0.031777136,0.5417494,0.039083857,0.13299268,0.04088818,0.26730332,0.05343228,0.9810296,0.0053485148,0.007352064,0.006566775,0.07510345,0.039973944,null,null,null,null,"TWOGAUSSIANS",8,18.972757,0.5417494,0.039083857,0.4,0.0,0.26684755,0.054864228,0.9810296,0.0053485148,0.04117156,0.03677394,0.07582721,0.040237557
375316653866487564,4042392913954372224,0.42149866,2429.045718371528,2.012089265425947,5.8883837E-5,18.468042,0.016092213,0.18309219,0.014177616,0.08523723,0.02014442,0.10989183,0.024263838,0.7228373,0.0223114,0.066036254,0.024067413,0.12127784,0.04610061,null,null,null,null,"TWOGAUSSIANS",8,4.1702886,0.7228373,0.0223114,0.369803,0.12442287,0.12088686,0.04592983,0.18309219,0.014177616,0.4,0.0,0.1095008,0.023340847
375316653866487564,4042392982664630400,0.5481511,2368.446896706649,2.8013013622923117,1.641088E-5,19.005524,0.056796696,0.19198056,0.006883158,0.10922902,0.02154457,0.35967764,0.047915746,0.7174587,0.0046285153,0.08803598,0.013257408,0.4612913,0.05484614,null,null,null,null,"TWOGAUSSIANS",8,2.2584062,0.7174787,0.004621981,0.4,0.0,0.43841824,0.037282724,0.19198056,0.006883158,0.4,0.0,0.3367727,0.038884405
375316653866487564,4042393017028948224,0.5459409,2429.6437387877104,0.05899185195617305,3.618716E-6,17.52418,0.021110147,0.766112,0.0497586,0.071378626,0.018801821,0.098962046,0.028650703,0.87748915,0.004903907,0.009070706,0.0031211805,0.6904618,0.65310717,0.023879787,0.028946687,0.87748915,0.004903907,"TWOGAUSSIANS_WITH_ELLIPSOIDAL_ON_ECLIPSE2",9,25.88242,0.87748915,0.004903907,0.05079595,0.01747861,0.7675141,0.65637636,0.780902,0.038009524,0.3997203,0.079148464,0.12908573,0.048614737
375316653866487564,4042393017028966400,0.43755427,2413.1025343226515,2.354429301217081,1.9217216E-5,18.43031,0.008948752,0.16442582,0.010385994,0.04208648,0.0237004,0.03479928,0.006318625,0.72524863,0.0027224,0.021894332,0.0029990838,0.2907377,0.07933086,null,null,null,null,"TWOGAUSSIANS",8,8.1634035,0.72524863,0.0027224,0.12260826,0.01679487,0.2907377,0.07933086,0.16442582,0.010385994,0.23568429,0.13272224,0.03479928,0.006318625
375316653866487564,4042393051388730624,0.4660931,2399.309692154963,1.2764816659622862,4.299949E-5,19.315111,0.22800834,0.38029486,0.03276712,0.24803197,0.110607445,0.29616785,0.21354845,0.7722682,0.049898017,0.09192882,0.039328184,0.08534927,0.04171212,null,null,null,null,"TWOGAUSSIANS",8,1.7709057,0.38038486,0.030257642,0.4,0.0,0.19624932,0.030271985,0.7722682,0.049898017,0.4,0.016187638,0.08488407,0.03303006
375316653866487564,4042393257572670336,0.48087528,2381.0348725750364,3.2539941838524213,1.697221E-5,18.823883,0.030812094,0.24101053,0.011747731,0.0706835,0.019366119,0.1460755,0.0310767,0.72132766,0.005826249,0.05937307,0.01914912,0.1962595,0.022070393,null,null,null,null,"TWOGAUSSIANS",8,5.246084,0.72132766,0.005826249,0.3324892,0.08151516,0.19614607,0.02075288,0.24101053,0.011747731,0.3958276,0.039566185,0.14596207,0.029310161
375316653866487564,4042393330361782400,0.45184416,2389.716124053708,0.14102663764793888,3.973255E-5,17.914799,0.009267965,0.120737,0.016873458,0.07713945,0.019418716,0.074003786,0.009085486,0.89979076,0.020172806,0.029684464,0.008475112,0.035264745,0.013839345,null,null,null,null,"TWOGAUSSIANS",8,3.278109,0.120737,0.016873458,0.4,0.026806353,0.074003786,0.009085484,0.90097076,0.020994084,0.166233,0.047460627,0.036515623,0.014254812
375316653866487564,4042393330463517056,0.44101313,2346.029334991723,0.5277248334538264,1.1051843E-4,19.472582,0.021333072,0.40135738,0.030109873,0.112634316,0.022086335,0.39477307,0.068407,0.19379064,0.024318624,0.06237688,0.0139039215,0.25904045,0.08366031,null,null,null,null,"TWOGAUSSIANS",8,6.9319005,0.3994374,0.027864601,0.4,0.0,0.39580065,0.06683911,0.21856065,0.025612103,0.34931052,0.07786196,0.34513673,0.04052459
375316653866487564,4042393463709763328,0.56085116,2389.919579909155,0.36701445495463986,9.44031E-6,18.635336,0.014837922,0.20629811,0.0061912574,0.034105066,0.00775044,0.23829816,0.044813823,0.68659556,0.02629209,0.044860363,0.013025532,0.6763861,0.19224282,0.05917933,0.03442678,0.20629811,0.0061912574,"TWOGAUSSIANS_WITH_ELLIPSOIDAL_ON_ECLIPSE1",9,12.432363,0.68712556,0.025588809,0.25121805,0.07294298,0.7929877,0.18257156,0.20629811,0.0061912574,0.19098838,0.043402463,0.35665625,0.043306492
375316653866487564,4042393463727571712,0.44255197,2386.5308259943026,0.11890968047453983,1.9117941E-4,19.059072,0.007249466,0.21571481,0.035137042,0.045352276,0.015839685,0.29544,0.11896686,0.409642,0.0022341798,0.028974764,0.0027787802,0.08958958,0.0067794607,null,null,null,null,"TWOGAUSSIANS",8,3.6118605,0.21571481,0.035137042,0.25397274,0.08870223,0.29544,0.11896686,0.409642,0.0022341798,0.16225867,0.01556117,0.08962121,0.006777196
375316653866487564,4042393467855295744,0.43618202,2418.7015502082627,1.1096387966547805,3.1541233E-5,19.065294,0.06131098,0.23959914,0.04628247,0.12671538,0.10055315,0.12498565,0.054859724,0.81562924,0.0112657165,0.045710333,0.008822955,0.14962351,0.03923473,null,null,null,null,"TWOGAUSSIANS",8,3.0413415,0.81579924,0.01096305,0.25597787,0.049408548,0.14921927,0.03155846,0.23959914,0.04628247,0.4,0.0,0.124112904,0.012910314
