Gaia/vari_eclipsing_binary/VariEclipsingBinary_459532-459542.csv
# %ECSV 1.0
# ---
# delimiter: ','
# meta: !!omap
# - RELEASE: Gaia DR3
# - TABLE: vari_eclipsing_binary
# - DESCRIPTION: >
#     This table describes the properties of the eclipsing binaries resulting from the variability analysis. 
# - CITATION: >
#     How to cite and acknowledge Gaia: 
#     https://gea.esac.esa.int/archive/documentation/credits.html 
# - KNOWN_ISSUES: >
#     Known issues: 
#     https://www.cosmos.esa.int/web/gaia-users/known-issues 
# - DOCUMENTATION: >
#     Tutorials and documentation: 
#     https://www.cosmos.esa.int/web/gaia-users/archive 
# datatype:
# - 
#   name: solution_id
#   datatype: int64
#   description: Solution Identifier
#   meta:
#     ucd: meta.version
# - 
#   name: source_id
#   datatype: int64
#   description: Unique source identifier
#   meta:
#     ucd: meta.id;meta.main
# - 
#   name: global_ranking
#   datatype: float32
#   description: Number between 0 (worst) and 1 (best)
#   meta:
#     ucd: stat.param
# - 
#   name: reference_time
#   datatype: float64
#   unit: d
#   description: Reference time used for the geometric model fit
#   meta:
#     ucd: time.epoch
# - 
#   name: frequency
#   datatype: float64
#   unit: d**-1
#   description: Frequency of geometric model of the eclipsing binary light curve
#   meta:
#     ucd: src.orbital
# - 
#   name: frequency_error
#   datatype: float32
#   unit: d**-1
#   description: "Uncertainty of \\texttt{frequency}"
#   meta:
#     ucd: stat.error
# - 
#   name: geom_model_reference_level
#   datatype: float32
#   unit: mag
#   description: Magnitude reference level of geometric model
#   meta:
#     ucd: phot.mag;em.opt
# - 
#   name: geom_model_reference_level_error
#   datatype: float32
#   unit: mag
#   description: "Uncertainty of \\texttt{geomModelReferenceLevel}"
#   meta:
#     ucd: stat.error;phot.mag;em.opt
# - 
#   name: geom_model_gaussian1_phase
#   datatype: float32
#   description: Phase of the Gaussian 1 component
#   meta:
#     ucd: time.phase
# - 
#   name: geom_model_gaussian1_phase_error
#   datatype: float32
#   description: "Uncertainty of \\texttt{geomModelGaussian1Phase}"
#   meta:
#     ucd: stat.error;time.phase
# - 
#   name: geom_model_gaussian1_sigma
#   datatype: float32
#   description: "Standard deviation [phase] of Gaussian 1 component"
#   meta:
#     ucd: stat.stdev
# - 
#   name: geom_model_gaussian1_sigma_error
#   datatype: float32
#   description: "Uncertainty of \\texttt{geomModelGaussian1Sigma}"
#   meta:
#     ucd: stat.error
# - 
#   name: geom_model_gaussian1_depth
#   datatype: float32
#   unit: mag
#   description: Magnitude depth of Gaussian 1 component
#   meta:
#     ucd: src.var.amplitude
# - 
#   name: geom_model_gaussian1_depth_error
#   datatype: float32
#   unit: mag
#   description: "Uncertainty of \\texttt{geomModelGaussian1Depth}"
#   meta:
#     ucd: stat.error;src.var.amplitude
# - 
#   name: geom_model_gaussian2_phase
#   datatype: float32
#   description: Phase of Gaussian 2 component
#   meta:
#     ucd: time.phase
# - 
#   name: geom_model_gaussian2_phase_error
#   datatype: float32
#   description: "Uncertainty of \\texttt{geomModelGaussian2Phase}"
#   meta:
#     ucd: stat.error;time.phase
# - 
#   name: geom_model_gaussian2_sigma
#   datatype: float32
[...]
#   datatype: float32
#   description: "Secondary eclipse: uncertainty of \\texttt{derivedSecondaryEclDuration}"
#   meta:
#     ucd: stat.error;time.duration
# - 
#   name: derived_secondary_ecl_depth
#   datatype: float32
#   unit: mag
#   description: "Secondary eclipse: depth"
#   meta:
#     ucd: src.var.amplitude
# - 
#   name: derived_secondary_ecl_depth_error
#   datatype: float32
#   unit: mag
#   description: "Secondary eclipse: uncertainty of \\texttt{derivedSecondaryEclDepth}"
#   meta:
#     ucd: stat.error;src.var.amplitude
solution_id,source_id,global_ranking,reference_time,frequency,frequency_error,geom_model_reference_level,geom_model_reference_level_error,geom_model_gaussian1_phase,geom_model_gaussian1_phase_error,geom_model_gaussian1_sigma,geom_model_gaussian1_sigma_error,geom_model_gaussian1_depth,geom_model_gaussian1_depth_error,geom_model_gaussian2_phase,geom_model_gaussian2_phase_error,geom_model_gaussian2_sigma,geom_model_gaussian2_sigma_error,geom_model_gaussian2_depth,geom_model_gaussian2_depth_error,geom_model_cosine_half_period_amplitude,geom_model_cosine_half_period_amplitude_error,geom_model_cosine_half_period_phase,geom_model_cosine_half_period_phase_error,model_type,num_model_parameters,reduced_chi2,derived_primary_ecl_phase,derived_primary_ecl_phase_error,derived_primary_ecl_duration,derived_primary_ecl_duration_error,derived_primary_ecl_depth,derived_primary_ecl_depth_error,derived_secondary_ecl_phase,derived_secondary_ecl_phase_error,derived_secondary_ecl_duration,derived_secondary_ecl_duration_error,derived_secondary_ecl_depth,derived_secondary_ecl_depth_error
[from data line 860]
375316653866487564,4042136383954862080,0.5046725,2373.018251463013,1.7455560874518383,2.8482731E-5,18.461979,0.019552112,0.16935678,0.0053673675,0.10358907,0.012287064,0.20638303,0.018760167,0.66380024,0.008286163,0.08046734,0.014986257,0.19981228,0.022969114,null,null,null,null,"TWOGAUSSIANS",8,4.380053,0.16935678,0.0053673675,0.4,0.0,0.19710536,0.012415877,0.66380024,0.008286163,0.4,0.0,0.19053833,0.019567974
375316653866487564,4042136452674391040,0.4823297,2415.2007336078127,2.0684253048463868,1.2932348E-4,19.49567,0.057985667,0.1693692,0.0050409394,0.03503753,0.005160245,0.2958696,0.055042237,0.45546225,0.064942956,0.16331801,0.08008634,0.15780273,0.068254426,null,null,null,null,"TWOGAUSSIANS",8,1.6620566,0.17089921,0.0038213627,0.19621016,0.028897371,0.3272725,0.037750565,0.45546225,0.064942956,0.4,0.0,0.15489288,0.036873173
375316653866487564,4042136555753285632,0.442593,2388.1106740919686,3.6160100458382023,3.673307E-5,19.573805,0.036594033,0.49165216,0.011491345,0.059539836,0.010676715,0.8136182,0.27248535,0.28445056,0.032185756,0.024774617,0.027032442,0.7602317,24.208702,null,null,null,null,"TWOGAUSSIANS",8,30.44708,0.49165216,0.011491345,0.33342308,0.0597896,0.8136182,0.27248535,0.28454056,0.03230929,0.13873786,0.15138167,0.76214486,24.20772
375316653866487564,4042136731796664320,0.42177218,2440.057085007176,1.0722191238190624,4.1397514E-5,18.508766,0.0045257197,0.2869022,0.024624016,0.031471502,0.02257591,0.10253717,0.3274193,0.73799896,0.0066059176,0.04074869,0.01062572,0.08640346,0.06714264,null,null,null,null,"TWOGAUSSIANS",8,4.726057,0.2869022,0.024624016,0.17624041,0.12642509,0.10253717,0.3274193,0.73799896,0.0066059176,0.22819266,0.059504032,0.08640346,0.06714264
375316653866487564,4042136903641273088,0.46590522,2407.6225949554805,0.07105551454767142,1.7688896E-4,16.347193,0.0046401466,0.1170148,0.007264669,0.03121226,0.005400547,0.11671878,0.035656508,0.48374087,0.022327032,0.07681256,0.033804797,0.061559826,0.03175058,null,null,null,null,"TWOGAUSSIANS",8,8.515912,0.1170148,0.007264698,0.17478865,0.030243063,0.11671946,0.035656445,0.48374087,0.022327032,0.4,0.101052105,0.061559822,0.031750623
375316653866487564,4042136933700418304,0.5047661,2425.550439000017,1.8364010539749223,1.6468373E-5,18.759903,0.015668271,0.29468906,0.014954886,0.08701757,0.017318256,0.16264386,0.029471008,0.800741,0.0059918305,0.09089936,0.01865011,0.14828932,0.012936502,null,null,null,null,"TWOGAUSSIANS",8,1.4956722,0.29468906,0.014954886,0.4,0.0,0.1572143,0.028999478,0.800741,0.0059918305,0.4,0.0,0.1428597,0.009059242
375316653866487564,4042136933700678016,0.44953868,2401.5581701162287,2.9570371454453257,3.577922E-5,18.58386,0.0067689805,0.32329798,0.013063279,0.08027981,0.009011849,0.10768634,0.017337896,0.8216652,0.0021598004,0.02241714,0.0039673913,0.18538949,0.031844143,null,null,null,null,"TWOGAUSSIANS",8,5.3963256,0.8216652,0.0021598004,0.12553598,0.022217391,0.18538815,0.031845104,0.32329798,0.013063279,0.4,0.0,0.10768501,0.017337672
375316653866487564,4042136972360659328,0.52499026,2393.3176559117123,2.1910714564129012,1.2001058E-5,18.387506,0.03518038,0.28024122,0.0052089714,0.09838386,0.01400648,0.26787412,0.03364327,0.75786626,0.007208792,0.10631299,0.021451358,0.24560308,0.030352684,null,null,null,null,"TWOGAUSSIANS",8,6.3765244,0.2802512,0.005190422,0.4,0.0,0.24817757,0.022283306,0.75786626,0.007208792,0.4,0.0,0.22589721,0.017062545
375316653866487564,4042137144112960640,0.5148097,2467.013275341927,2.0784316819278135,1.3896325E-5,18.871681,0.014338271,0.22115874,0.004989341,0.10519487,0.010714943,0.244061,0.013411208,0.7182603,0.0048157163,0.086345375,0.0078827245,0.2968258,0.018304462,null,null,null,null,"TWOGAUSSIANS",8,1.3876876,0.7182603,0.0048157163,0.4,0.0,0.2799879,0.01646912,0.22115874,0.004989341,0.4,0.0,0.22721703,0.010385083
375316653866487564,4042137277299740032,0.43238503,2392.0265321121306,3.9402903580332516,8.9946974E-5,18.021652,0.015747884,0.3301248,0.0018912506,0.02976844,0.0031929782,0.17886731,0.033167128,0.9217346,0.055967335,0.21567525,0.09602829,0.02901505,0.014988469,null,null,null,null,"TWOGAUSSIANS",8,3.802984,0.3299548,0.0017622447,0.16670327,0.017880678,0.18022677,0.03221008,0.9217346,0.055967335,0.4,0.0,0.024867767,0.008824173
375316653866487564,4042137277299766400,0.46891958,2419.679113598152,0.9653937920586135,1.8439507E-4,17.064835,0.02368182,0.20740823,0.046700105,0.06213285,0.02568875,0.07863826,0.1461248,0.50371087,0.01795283,0.09541425,0.024106674,0.4237346,0.059367094,null,null,null,null,"TWOGAUSSIANS",8,108.27873,0.50371087,0.01795283,0.4,0.0,0.42371586,0.059426527,0.21404822,0.053884257,0.34794396,0.143857,0.08239548,0.14436185
375316653866487564,4042137315958365056,0.47475645,2422.515724653218,3.212977923895305,3.68655E-5,19.396015,0.020629963,0.31665426,0.043195423,0.13054335,0.029190255,0.17048293,0.02657236,0.7366433,0.013528014,0.101691924,0.019172069,0.19393449,0.020607853,null,null,null,null,"TWOGAUSSIANS",8,1.7272598,0.7366433,0.013528014,0.4,0.0,0.17913313,0.015552334,0.31681427,0.043074507,0.4,0.0,0.15474728,0.019520335
375316653866487564,4042137414739048576,0.479577,2470.703779765105,2.3991352077123964,1.2875677E-4,19.179497,0.110310815,0.23625988,0.018306691,0.062051553,0.028069336,0.23293835,0.024580248,0.8363508,0.068582945,0.26763257,0.16039734,0.14555256,0.10376126,null,null,null,null,"TWOGAUSSIANS",8,4.3771677,0.23341988,0.018202286,0.3474887,0.06319878,0.2328184,0.014763371,0.8363508,0.068556815,0.4,0.0,0.08601858,0.030669302
375316653866487564,4042137419037377280,0.49107966,2492.4018152144454,0.14187385838036304,5.1177005E-5,18.598492,0.7067543,0.4576884,0.028159969,0.156261,0.052627914,0.6631699,0.4375803,0.01903623,0.068961725,0.2492295,0.11849768,0.61513656,0.67358637,null,null,null,null,"TWOGAUSSIANS",8,4.6507106,0.43278837,0.015349275,0.4,0.0,0.38139933,0.035077166,0.06569623,0.03866513,0.4,0.0,0.16666281,0.039396204
375316653866487564,4042137419037414016,0.45086834,2421.773212137118,0.02802838386167921,1.484268E-4,19.475763,0.051498238,0.20805688,0.0031348702,0.081677616,0.010220827,0.64295363,0.09198625,0.7443898,0.017669946,0.08687149,0.030679299,0.45513016,0.11184465,null,null,null,null,"TWOGAUSSIANS",8,4.9433517,0.20805688,0.003135409,0.4,0.0,0.6361615,0.09138256,0.7443898,0.017669946,0.4,0.04430451,0.44833785,0.11656749
375316653866487564,4042137487709944192,0.4721515,2386.4075198627647,2.3606630837472173,1.6231756E-5,18.345575,0.01347757,0.18199176,0.009966879,0.07812015,0.014673297,0.2192246,0.018876646,0.6985589,0.0077172834,0.086743765,0.014219294,0.21967955,0.05785764,null,null,null,null,"TWOGAUSSIANS",8,8.104302,0.6985589,0.0077172834,0.4,0.0,0.21644442,0.059841417,0.18199176,0.009966879,0.4,0.0,0.21598952,0.021394677
375316653866487564,4042137517799039232,0.51514375,2437.1550744915194,1.7627238402267449,2.2112512E-5,17.54139,0.022208009,0.2629775,0.0035633056,0.10001752,0.011686039,0.3338188,0.027990744,0.761671,0.003079517,0.084559545,0.009334802,0.43671548,0.032566324,null,null,null,null,"TWOGAUSSIANS",8,14.296876,0.761671,0.003079517,0.4,0.0,0.41796425,0.040670943,0.2629775,0.0035633056,0.4,0.0,0.3150651,0.031978425
375316653866487564,4042137522069693184,0.42557186,2412.270867165098,4.732040560075336,1.310905E-5,15.549751,0.001924003,0.115735225,0.0030417128,0.026998293,0.014632068,0.070756085,0.5808019,0.80733836,0.0035794922,0.018714054,0.002956203,0.06723608,0.011737182,null,null,null,null,"TWOGAUSSIANS",8,16.01667,0.115735225,0.0030417128,0.15119044,0.08193958,0.070756085,0.5808019,0.80733836,0.0035794922,0.104798704,0.016554736,0.06723608,0.011737182
375316653866487564,4042137522116517760,0.4825521,2508.5272938284706,4.263552307564377,2.3546287E-4,18.373657,0.051231198,0.39460492,0.023412988,0.16177979,0.06670593,0.093263455,0.050440706,0.82153296,0.00769223,0.06930916,0.007618795,0.271873,0.033086367,null,null,null,null,"TWOGAUSSIANS",8,1.2199855,0.82153296,0.00769223,0.3881313,0.03326097,0.26462516,0.023726515,0.39460492,0.023412988,0.4,0.0,0.08297244,0.020606693
375316653866487564,4042137556476368256,0.533844,2391.463195275189,2.2050852488612733,1.2704273E-5,18.698004,0.010066324,0.27089584,0.0039941003,0.08918525,0.0076567833,0.3512283,0.02116933,0.7738797,0.0036249186,0.08933719,0.004719165,0.3946921,0.016819326,null,null,null,null,"TWOGAUSSIANS",8,3.8593895,0.7738797,0.0036249186,0.4,0.0,0.38062698,0.016363526,0.27089584,0.0039941003,0.4,0.0,0.33716318,0.024246613
375316653866487564,4042137620897195264,0.48671502,2424.9783655382403,3.7572170964824028,3.131768E-5,19.052883,0.04024215,0.33586058,0.016052274,0.07903443,0.0354648,0.17996308,0.03410017,0.80844027,0.007942625,0.09840763,0.027020995,0.15106933,0.036499802,null,null,null,null,"TWOGAUSSIANS",8,1.64527,0.33586058,0.016107837,0.4,0.0,0.17605658,0.021403302,0.80844027,0.007942625,0.4,0.0,0.14716126,0.02061046
375316653866487564,4042137655257181312,0.41863003,2469.584232422229,1.0867487298310963,5.0671166E-5,18.41523,0.0050353957,0.33388957,0.004320089,0.017967513,0.0025629364,0.15134327,0.01675604,0.5449211,0.019334156,0.025676986,0.032245524,0.10852708,0.06523464,null,null,null,null,"TWOGAUSSIANS",8,3.7561474,0.33388957,0.004320089,0.100618064,0.014352444,0.15134327,0.016757635,0.5449211,0.019334156,0.14379112,0.18057494,0.10852708,0.06523464
375316653866487564,4042137693868833024,0.47497526,2400.0413136203297,0.3674728726763509,1.4206667E-5,17.569777,0.0056850226,0.2859416,0.004768979,0.084896885,0.011774934,0.1516775,0.019046057,0.7996282,0.0225412,0.06642003,0.007945909,0.083185166,0.021619037,null,null,null,null,"TWOGAUSSIANS",8,4.6213956,0.2859416,0.004768979,0.4,0.0,0.15095131,0.019897839,0.7996282,0.0225412,0.37195218,0.044497088,0.08245899,0.021241922
375316653866487564,4042137693915495552,0.44966167,2409.6658090112915,2.140884795246046,8.1826445E-5,19.31704,0.08643423,0.44589174,0.011594664,0.20567347,0.05756553,0.2891716,0.0725303,0.83643043,0.038039763,0.06324104,0.035669554,0.124898374,0.0573139,null,null,null,null,"TWOGAUSSIANS",8,2.8090725,0.44589174,0.011594664,0.4,0.0,0.24952456,0.03852531,0.83643043,0.038039763,0.35414985,0.1997495,0.13649881,0.06148727
375316653866487564,4042137728275250560,0.43364877,2415.4777266215847,0.05124791659419346,6.462174E-5,18.647474,0.007765996,0.26614222,0.0040194285,0.053576495,0.005183609,0.20350362,0.021868885,0.6492862,0.00473226,0.02622652,0.007968979,0.38013554,0.23971593,null,null,null,null,"TWOGAUSSIANS",8,3.891682,0.6492862,0.00473226,0.14686851,0.04462628,0.38013554,0.23971593,0.26614222,0.0040194285,0.30002838,0.029028213,0.20350362,0.021868885
375316653866487564,4042137758399460864,0.45890728,2491.703613922885,3.4210139368420602,1.0762093E-5,18.655796,0.00805995,0.3424886,0.001634042,0.033681385,0.0038724216,0.92988056,0.5063494,0.88658535,0.0017346521,0.022105709,0.0030307802,0.33473313,0.10459843,null,null,null,null,"TWOGAUSSIANS",8,3.2504191,0.3424886,0.001634042,0.18861577,0.021685561,0.92988056,0.5063494,0.88658535,0.0017346521,0.12379197,0.01697237,0.33473313,0.10459843
375316653866487564,4042137792761026944,0.5079067,2412.6187931986055,1.957385848695886,1.8556124E-5,18.090624,0.20410024,0.28405192,0.007959866,0.097616225,0.060945116,0.28490734,0.15572055,0.7613639,0.009361356,0.11083872,0.04903261,0.30975524,0.18690269,null,null,null,null,"TWOGAUSSIANS",8,7.4623256,0.7613639,0.009361356,0.4,0.0,0.28411865,0.02596532,0.28408194,0.0074446183,0.4,0.0,0.25930247,0.03482937
375316653866487564,4042137827118984448,0.43681327,2427.9258211790952,3.4900781030684582,4.9996368E-5,19.228615,0.16704863,0.2970965,0.0033286007,0.070870765,0.015044535,1.0771233,0.26383016,0.7986245,0.010495752,0.08847635,0.036406897,0.7332384,0.2719404,null,null,null,null,"TWOGAUSSIANS",8,22.291866,0.2970965,0.0033286007,0.3968763,0.028222917,1.064972,0.2541857,0.7986245,0.010495752,0.4,0.0,0.721087,0.28023627
375316653866487564,4042137895728583424,0.5865636,2436.4216241335707,0.24695714216567677,1.2360567E-5,16.74458,0.0018962325,0.78269404,0.004041931,0.01972022,0.005187344,0.19928312,0.025866857,null,null,null,null,null,null,0.028956313,0.0031399135,0.78269404,0.004041931,"ONEGAUSSIAN_WITH_ELLIPSOIDAL",6,4.459978,0.78269404,0.004041931,0.11043323,0.029049125,0.25719568,0.026830602,null,null,null,null,null,null
375316653866487564,4042137964494250880,0.52087665,2404.799304765388,2.296160433346049,2.504909E-5,19.097933,0.021906355,0.17929646,0.0041081537,0.08431983,0.008932861,0.35918555,0.024317315,0.685421,0.0076396237,0.089907624,0.0142775625,0.31918028,0.035366174,null,null,null,null,"TWOGAUSSIANS",8,3.3655083,0.17929646,0.0041081537,0.4,0.0,0.3492555,0.020970065,0.685421,0.0076396237,0.4,0.0,0.30925015,0.038042735
375316653866487564,4042137964494320896,0.45632797,2436.0764847960695,1.6339650764912375,3.2240237E-5,19.533455,0.010371707,0.27718997,8.6699415E-4,0.033486262,0.0023482451,0.8401515,0.12985496,0.78757244,0.024826821,0.037805382,0.01256106,0.40767518,0.219104,null,null,null,null,"TWOGAUSSIANS",8,1.3586547,0.27718997,8.6699415E-4,0.18752307,0.013150173,0.8401515,0.12985496,0.78757244,0.024826821,0.21171014,0.07034194,0.40767518,0.219104
375316653866487564,4042137968793612288,0.46281728,2406.6942721963233,2.2413141336852807,2.7671653E-5,18.925655,0.019242268,0.25671735,0.014111547,0.10536671,0.032171033,0.19231205,0.08077031,0.76628107,0.00589467,0.05732363,0.00962187,0.3493626,0.06186835,null,null,null,null,"TWOGAUSSIANS",8,5.223987,0.76628107,0.005894005,0.32101232,0.05388247,0.34606326,0.0619127,0.25671735,0.014111547,0.4,0.0,0.18900731,0.0846279
375316653866487564,4042137998853967104,0.44016844,2512.2913056894704,1.4939993722782305,3.8813334E-5,18.670103,0.005863374,0.28757733,0.0069635254,0.041265585,0.010910271,0.061340597,0.019040123,0.6870641,0.007015333,0.053669978,0.00577718,0.18615983,0.030815212,null,null,null,null,"TWOGAUSSIANS",8,3.6345081,0.6870641,0.007015333,0.30055186,0.03235221,0.18615983,0.030815214,0.28757733,0.0069635254,0.23108727,0.061097514,0.061340597,0.019040124
375316653866487564,4042137998854000000,0.42858183,2476.934830014925,1.072341391170569,8.008367E-5,19.178766,0.023053383,0.22283283,0.0069822543,0.06413345,0.011969386,0.17774415,0.022088116,0.6857618,0.012433143,0.039550267,0.015086304,0.47185484,0.25112513,null,null,null,null,"TWOGAUSSIANS",8,5.310153,0.6857618,0.012433143,0.2214815,0.0844833,0.4718541,0.251136,0.22283283,0.0069822543,0.35914734,0.06702856,0.1777434,0.022084558
375316653866487564,4042138037513036160,0.43568048,2492.449452466284,1.3399313038145202,3.1869713E-5,19.09698,0.38732165,0.2235989,0.044556048,0.14415954,0.044552535,0.3425833,0.31260514,0.64013785,0.02571637,0.12215194,0.09636817,0.40058288,0.29113668,null,null,null,null,"TWOGAUSSIANS",8,4.015384,0.64013785,0.02571637,0.4,0.0,0.33961764,0.13982387,0.2257289,0.029981216,0.4,0.0,0.27748823,0.052807152
375316653866487564,4042138067527456256,0.568469,2395.652966641828,0.9351795995134901,1.7420802E-5,16.010992,0.0029943117,0.23287085,0.007145302,0.011196749,0.0112303225,0.041016303,367.6181,0.73428875,0.0039263493,0.021143813,0.0062641073,0.13033707,0.00884197,0.020298393,0.0048358324,0.23287085,0.007145302,"TWOGAUSSIANS_WITH_ELLIPSOIDAL_ON_ECLIPSE1",9,11.990953,0.73428875,0.003921353,0.11840536,0.035079002,0.17093062,0.008771857,0.23287085,0.007145302,0.06270179,0.06288981,0.08161307,367.61902
375316653866487564,4042138239383011328,0.4318942,2461.5029555527235,1.0183012365307613,8.392968E-5,18.425076,0.010027087,0.34709686,0.0051778355,0.04211208,0.005324804,0.26754802,0.028092615,0.81737536,0.004610445,0.019933036,0.005768657,0.23855051,0.07271188,null,null,null,null,"TWOGAUSSIANS",8,9.642091,0.34709686,0.0051778355,0.23582765,0.029818906,0.26754802,0.028092615,0.81737536,0.004610445,0.111625,0.03230448,0.23855051,0.07271188
