Gaia/vari_eclipsing_binary/VariEclipsingBinary_519943-520394.csv
# %ECSV 1.0
# ---
# delimiter: ','
# meta: !!omap
# - RELEASE: Gaia DR3
# - TABLE: vari_eclipsing_binary
# - DESCRIPTION: >
#     This table describes the properties of the eclipsing binaries resulting from the variability analysis. 
# - CITATION: >
#     How to cite and acknowledge Gaia: 
#     https://gea.esac.esa.int/archive/documentation/credits.html 
# - KNOWN_ISSUES: >
#     Known issues: 
#     https://www.cosmos.esa.int/web/gaia-users/known-issues 
# - DOCUMENTATION: >
#     Tutorials and documentation: 
#     https://www.cosmos.esa.int/web/gaia-users/archive 
# datatype:
# - 
#   name: solution_id
#   datatype: int64
#   description: Solution Identifier
#   meta:
#     ucd: meta.version
# - 
#   name: source_id
#   datatype: int64
#   description: Unique source identifier
#   meta:
#     ucd: meta.id;meta.main
# - 
#   name: global_ranking
#   datatype: float32
#   description: Number between 0 (worst) and 1 (best)
#   meta:
#     ucd: stat.param
# - 
#   name: reference_time
#   datatype: float64
#   unit: d
#   description: Reference time used for the geometric model fit
#   meta:
#     ucd: time.epoch
# - 
#   name: frequency
#   datatype: float64
#   unit: d**-1
#   description: Frequency of geometric model of the eclipsing binary light curve
#   meta:
#     ucd: src.orbital
# - 
#   name: frequency_error
#   datatype: float32
#   unit: d**-1
#   description: "Uncertainty of \\texttt{frequency}"
#   meta:
#     ucd: stat.error
# - 
#   name: geom_model_reference_level
#   datatype: float32
#   unit: mag
#   description: Magnitude reference level of geometric model
#   meta:
#     ucd: phot.mag;em.opt
# - 
#   name: geom_model_reference_level_error
#   datatype: float32
#   unit: mag
#   description: "Uncertainty of \\texttt{geomModelReferenceLevel}"
#   meta:
#     ucd: stat.error;phot.mag;em.opt
# - 
#   name: geom_model_gaussian1_phase
#   datatype: float32
#   description: Phase of the Gaussian 1 component
#   meta:
#     ucd: time.phase
# - 
#   name: geom_model_gaussian1_phase_error
#   datatype: float32
#   description: "Uncertainty of \\texttt{geomModelGaussian1Phase}"
#   meta:
#     ucd: stat.error;time.phase
# - 
#   name: geom_model_gaussian1_sigma
#   datatype: float32
#   description: "Standard deviation [phase] of Gaussian 1 component"
#   meta:
#     ucd: stat.stdev
# - 
#   name: geom_model_gaussian1_sigma_error
#   datatype: float32
#   description: "Uncertainty of \\texttt{geomModelGaussian1Sigma}"
#   meta:
#     ucd: stat.error
# - 
#   name: geom_model_gaussian1_depth
#   datatype: float32
#   unit: mag
#   description: Magnitude depth of Gaussian 1 component
#   meta:
#     ucd: src.var.amplitude
# - 
#   name: geom_model_gaussian1_depth_error
#   datatype: float32
#   unit: mag
#   description: "Uncertainty of \\texttt{geomModelGaussian1Depth}"
#   meta:
#     ucd: stat.error;src.var.amplitude
# - 
#   name: geom_model_gaussian2_phase
#   datatype: float32
#   description: Phase of Gaussian 2 component
#   meta:
#     ucd: time.phase
# - 
#   name: geom_model_gaussian2_phase_error
#   datatype: float32
#   description: "Uncertainty of \\texttt{geomModelGaussian2Phase}"
#   meta:
#     ucd: stat.error;time.phase
# - 
#   name: geom_model_gaussian2_sigma
#   datatype: float32
[...]
#   datatype: float32
#   description: "Secondary eclipse: uncertainty of \\texttt{derivedSecondaryEclDuration}"
#   meta:
#     ucd: stat.error;time.duration
# - 
#   name: derived_secondary_ecl_depth
#   datatype: float32
#   unit: mag
#   description: "Secondary eclipse: depth"
#   meta:
#     ucd: src.var.amplitude
# - 
#   name: derived_secondary_ecl_depth_error
#   datatype: float32
#   unit: mag
#   description: "Secondary eclipse: uncertainty of \\texttt{derivedSecondaryEclDepth}"
#   meta:
#     ucd: stat.error;src.var.amplitude
solution_id,source_id,global_ranking,reference_time,frequency,frequency_error,geom_model_reference_level,geom_model_reference_level_error,geom_model_gaussian1_phase,geom_model_gaussian1_phase_error,geom_model_gaussian1_sigma,geom_model_gaussian1_sigma_error,geom_model_gaussian1_depth,geom_model_gaussian1_depth_error,geom_model_gaussian2_phase,geom_model_gaussian2_phase_error,geom_model_gaussian2_sigma,geom_model_gaussian2_sigma_error,geom_model_gaussian2_depth,geom_model_gaussian2_depth_error,geom_model_cosine_half_period_amplitude,geom_model_cosine_half_period_amplitude_error,geom_model_cosine_half_period_phase,geom_model_cosine_half_period_phase_error,model_type,num_model_parameters,reduced_chi2,derived_primary_ecl_phase,derived_primary_ecl_phase_error,derived_primary_ecl_duration,derived_primary_ecl_duration_error,derived_primary_ecl_depth,derived_primary_ecl_depth_error,derived_secondary_ecl_phase,derived_secondary_ecl_phase_error,derived_secondary_ecl_duration,derived_secondary_ecl_duration_error,derived_secondary_ecl_depth,derived_secondary_ecl_depth_error
[from data line 319]
375316653866487564,4576949735993197440,0.53206986,2088.763915926085,1.5474083469917865,9.169497E-6,14.254243,7.956513E-4,0.26347715,0.010283998,0.030386092,0.012057739,0.021189805,0.0035386188,0.7702233,0.0016809696,0.04543951,0.004506034,0.033676714,0.0022191068,0.024356656,0.001292523,0.7702233,0.0016809696,"TWOGAUSSIANS_WITH_ELLIPSOIDAL_ON_ECLIPSE2",9,17.702417,0.7702233,0.0016809696,0.25446126,0.025233788,0.082389936,0.0019461855,0.26444715,0.009692654,0.17016211,0.06752334,0.0698281,0.003139715
375316653866487564,4576981072075237376,0.5673464,2081.724693011684,2.952073575589914,4.291258E-6,14.966281,0.0048495224,0.21561816,0.0020775993,0.07830669,0.003398205,0.23836723,0.005355309,0.72996974,0.0021850527,0.07180921,0.0029895646,0.2633155,0.009266422,null,null,null,null,"TWOGAUSSIANS",8,94.88236,0.72996974,0.0021850527,0.4,0.0073413034,0.26190588,0.009238008,0.21561816,0.0020775993,0.4,0.0,0.23695762,0.0051795878
375316653866487564,4576992616947332608,0.6252582,2142.3301577384486,0.4684554303146268,1.4969789E-6,15.0921755,0.00463345,0.23630242,0.0051860167,0.03569802,0.0057905545,0.14369716,0.014316013,0.7362237,6.6270726E-4,0.03060022,4.7053976E-4,2.0984197,0.044661034,null,null,null,null,"TWOGAUSSIANS",8,398.50198,0.7362237,6.6270726E-4,0.17136124,0.0026350226,2.0984197,0.044661034,0.23630242,0.0051860167,0.19990891,0.032427106,0.14369716,0.014316013
375316653866487564,4576995159568307072,0.5806383,2097.4474695533913,2.4551897530749964,7.019966E-6,14.900733,0.041702688,0.2881821,0.0055125267,0.06267649,0.013900869,0.19615333,0.07976364,0.7905149,0.0019114759,0.06110389,0.010882861,0.19537456,0.084972575,0.11408396,0.043348573,0.7905149,0.0019114759,"TWOGAUSSIANS_WITH_ELLIPSOIDAL_ON_ECLIPSE2",9,169.21811,0.2888021,0.0038556382,0.35098836,0.06439483,0.42418066,0.013908284,0.7905149,0.0019114759,0.3421818,0.060944024,0.42343792,0.007083273
375316653866487564,4577004058742258688,0.43368384,2090.849251767886,1.1509586058000312,1.0565656E-5,19.451216,0.008644313,0.33052084,0.012372332,0.015011512,0.019812813,0.17233709,0.03937583,0.8277088,9.061484E-4,0.018298708,0.0010238874,0.4329612,0.01876161,null,null,null,null,"TWOGAUSSIANS",8,6.9680533,0.8277088,9.061484E-4,0.10247276,0.0057337694,0.4329612,0.01876161,0.33052084,0.012372332,0.08406447,0.11095176,0.17233709,0.03937583
375316653866487564,4577007082397691136,0.6032879,2134.1933450359807,0.7904706584481527,2.4725593E-6,15.563607,0.0013301014,0.08716659,0.0026698357,0.033121757,0.003077685,0.034748655,0.0030850167,0.5911098,5.1994546E-4,0.03176477,5.273884E-4,0.2963914,0.0041085333,0.0058345925,0.0016482156,0.08716659,0.0026698357,"TWOGAUSSIANS_WITH_ELLIPSOIDAL_ON_ECLIPSE1",9,11.641258,0.5911098,5.1994546E-4,0.17788273,0.0029533752,0.3080534,0.0034661514,0.08716659,0.0026698357,0.18548185,0.017235035,0.046417825,0.0021941473
375316653866487564,4577020753267922560,0.58304924,2122.3386158508906,3.547618141115397,3.1133031E-6,18.957226,0.0088186655,0.1548516,0.0010331434,0.04642393,0.003163136,0.31760615,0.022867516,0.65558994,0.0021428447,0.05189794,0.0026769594,0.47783476,0.025168737,0.104206815,0.012161939,0.1548516,0.0010331434,"TWOGAUSSIANS_WITH_ELLIPSOIDAL_ON_ECLIPSE1",9,2.530811,0.65558994,0.0021428447,0.29062846,0.014990972,0.68623906,0.01942744,0.1548516,0.0010331434,0.259974,0.017713562,0.5260149,0.018913392
375316653866487564,4577027251564232832,0.6308412,2125.457323257344,1.8930778003004305,2.495256E-6,14.568964,0.006428921,0.23216985,0.0011916684,0.05071683,0.0034210924,0.21721417,0.012125957,0.73312044,0.0013246592,0.04759208,0.0024696284,0.23165414,0.013031886,0.13070267,0.008066905,0.23216985,0.0011916684,"TWOGAUSSIANS_WITH_ELLIPSOIDAL_ON_ECLIPSE1",9,73.05234,0.73312044,0.0013087083,0.26651567,0.013829919,0.4930484,0.006404195,0.23216985,0.0011916684,0.28401423,0.019158117,0.47861776,0.009766235
375316653866487564,4577039827228712576,0.5671112,2112.0683852871966,1.3849787713733566,3.2508035E-6,17.796759,0.0021474464,0.2756494,0.001122228,0.049511034,0.0023034147,0.2163002,0.0070146997,0.7770794,0.0011307371,0.04067643,0.0012461542,0.5322376,0.051105667,null,null,null,null,"TWOGAUSSIANS",8,3.3049738,0.7770794,0.0011307371,0.227788,0.006978464,0.53223747,0.05110571,0.2756494,0.001122228,0.2772618,0.012899122,0.21630009,0.0070147584
375316653866487564,4577039827228719104,0.5227448,2113.549758114904,1.397031089535393,8.4784715E-6,15.00386,0.06328317,0.1439061,0.0109494915,0.14842476,0.05927443,0.0548076,0.061297297,0.6105694,0.010190455,0.13829003,0.027797887,0.09019561,0.055200584,null,null,null,null,"TWOGAUSSIANS",8,9.618391,0.6105694,0.010190455,0.4,0.0,0.06637772,0.0022901418,0.1465061,0.0071882354,0.4,0.0,0.03087706,0.0025079309
375316653866487564,4577040922434938240,0.5092429,2134.860483129649,0.092015822657112,9.018636E-6,18.83237,0.0044136615,0.34952766,0.0034458297,0.008669732,0.0021936016,0.6706361,0.13514714,0.85393375,1.3814091E-4,0.0046031694,3.2365342E-4,0.55953693,0.009169045,0.027000085,0.007654064,0.34952766,0.0034458297,"TWOGAUSSIANS_WITH_ELLIPSOIDAL_ON_ECLIPSE1",9,10.616416,0.34952766,0.0034458297,0.0485505,0.012284168,0.72463626,0.136224,0.85393375,1.3814091E-4,0.02577775,0.0018124592,0.6134957,0.009452755
375316653866487564,4577042747806491520,0.46603426,2114.0772823433836,0.5537999067947935,4.0342657E-6,15.843298,0.01001545,0.15562367,0.021231014,0.008437886,0.01372455,0.5148072,0.42373425,0.6552825,7.0905883E-4,0.010921973,8.102516E-4,0.5455528,0.10380284,null,null,null,null,"TWOGAUSSIANS",8,83.507706,0.6552825,7.0905883E-4,0.061163045,0.0045374087,0.5455528,0.10380284,0.15562367,0.021231014,0.047252163,0.07685748,0.5148072,0.42373425
375316653866487564,4577044397073977728,0.5495836,2140.450175321262,2.0579263835864814,6.9258094E-6,16.3959,0.01392629,0.30776137,0.003851385,0.10060545,0.010389609,0.17322467,0.01267186,0.8061021,0.0019485661,0.112004906,0.009287326,0.12758331,0.01344287,null,null,null,null,"TWOGAUSSIANS",8,6.704703,0.30776137,0.003851385,0.4,0.0,0.15511917,0.0048814574,0.8061021,0.0019485661,0.4,0.0,0.10946728,0.0035257272
375316653866487564,4577050444388002944,0.534049,2128.660380882384,3.469915806622765,6.8939967E-6,17.160633,0.015824484,0.25604442,0.0021790608,0.10885301,0.006624836,0.2676194,0.014719653,0.74421185,0.002098366,0.10810302,0.0065963976,0.23731995,0.014930207,null,null,null,null,"TWOGAUSSIANS",8,9.480725,0.25605443,0.0021786098,0.4,0.0,0.23645438,0.007845992,0.74421185,0.002098366,0.4,0.0,0.20615858,0.00599282
375316653866487564,4577053399325602560,0.4619513,2125.1726820723907,2.755831975348908,2.2645023E-5,13.47103,0.0037516258,0.7601405,0.0046820105,0.035851378,0.09052041,0.016882902,0.036973316,null,null,null,null,null,null,0.08322763,0.0055030147,0.7601405,0.0046820105,"ONEGAUSSIAN_WITH_ELLIPSOIDAL",6,1022.831,0.7601405,0.0046820105,0.20076771,0.40871495,0.18333805,0.040877666,null,null,null,null,null,null
375316653866487564,4577059721517377792,0.4335649,2139.824757187227,1.254879783535766,3.5015866E-5,19.126825,0.006802788,0.2534452,0.016147954,0.028000604,0.013040551,0.06444228,0.019463008,0.78667307,8.154582E-4,0.009579135,0.0011312473,1.3565075,0.4357702,null,null,null,null,"TWOGAUSSIANS",8,8.048997,0.78667307,8.154582E-4,0.053643156,0.0063349847,1.3565075,0.4357702,0.2534452,0.016147954,0.15680338,0.07302709,0.06444228,0.019463008
375316653866487564,4577060477431662720,0.52910507,2144.6020134912387,2.310376385929819,1.0512295E-5,15.953549,0.0030569856,0.27359822,0.0034841117,0.06666872,0.0032126887,0.20099674,0.00643878,0.78425056,0.004053175,0.06752476,0.0060192994,0.09545472,0.006637081,null,null,null,null,"TWOGAUSSIANS",8,25.030897,0.27359822,0.0034841117,0.37334484,0.017991057,0.20079961,0.006428768,0.78425056,0.004053175,0.37813866,0.033708077,0.095257595,0.006683766
375316653866487564,4577069445320758656,0.615036,2109.6110891974126,0.109854982185167,1.846095E-5,14.201305,3.375114E-4,0.8244496,0.007280482,0.0121182855,0.0053397077,0.0038286482,0.0023896075,0.92100614,0.006411562,0.011001316,0.0039503607,0.39868236,0.07592421,null,null,null,null,"TWOGAUSSIANS",8,16.707182,0.92100614,0.006411562,0.061607372,0.02212202,0.39868236,0.07592421,0.8244496,0.007280482,0.0678624,0.029902365,0.0038286482,0.0023896075
375316653866487564,4577078344493225088,0.5386361,2095.096421120013,1.2457421467823862,2.2156055E-5,16.888681,0.0015222159,0.09593939,0.009890503,0.0066610854,0.006898235,0.5109739,7.501497E11,0.75768983,1.3928696E-4,0.004506743,6.25932E-4,2.151928,0.83806616,0.001425296,0.001956108,0.75768983,1.3928696E-4,"TWOGAUSSIANS_WITH_ELLIPSOIDAL_ON_ECLIPSE2",9,13.307231,0.75768983,1.3928696E-4,0.02523776,0.0035052192,2.1547785,0.83956575,0.09593939,0.009890503,0.037302077,0.038630117,0.5117641,7.501497E11
375316653866487564,4577078585011257344,0.5751079,2067.1004577693097,0.7823976077038809,2.7569356E-6,14.567726,0.0025066277,0.29691255,6.218679E-4,0.018525768,6.256868E-4,0.7681461,0.04241707,0.7962395,0.0030550773,0.019824853,0.0019641954,0.49230233,0.03399675,0.004950109,0.004232455,0.29691255,6.218679E-4,"TWOGAUSSIANS_WITH_ELLIPSOIDAL_ON_ECLIPSE1",9,280.64178,0.29691255,6.218679E-4,0.103744306,0.003503846,0.7780463,0.043078396,0.7962395,0.0030550773,0.11101917,0.010999494,0.50220233,0.034185477
375316653866487564,4577078997328238592,0.67564034,2076.4787263796566,2.891935697163509,1.5965608E-6,15.481683,0.0049434802,0.24041197,6.6777295E-4,0.049794767,0.0012983485,0.37731943,0.010151973,0.7416993,7.351833E-4,0.049159218,0.001747845,0.24561045,0.010679956,0.12248845,0.0054765693,0.7416993,7.351833E-4,"TWOGAUSSIANS_WITH_ELLIPSOIDAL_ON_ECLIPSE2",9,25.1387,0.24056198,5.71437E-4,0.2788507,0.0072707515,0.62227994,0.005861294,0.7416993,7.351833E-4,0.27529162,0.009787932,0.4905852,0.0049008615
375316653866487564,4577090679639266816,0.54644966,2080.8305243655905,2.818088904537667,8.141019E-6,16.874157,0.011624165,0.21228848,0.002008817,0.11097841,0.0063324207,0.2117026,0.010921077,0.71309924,0.002469508,0.10061638,0.0064306716,0.1857285,0.010785673,null,null,null,null,"TWOGAUSSIANS",8,8.532305,0.21228848,0.002008817,0.4,0.0,0.18756294,0.0045735785,0.71309924,0.002469508,0.4,0.0,0.1616038,0.0060868612
375316653866487564,4577097242349362560,0.5484168,2071.9079998759266,3.8942805686843966,6.471884E-6,17.037043,0.034947965,0.24279667,0.0019308402,0.05940894,0.008075731,0.39205313,0.07096014,0.7501066,0.0028602346,0.058664206,0.010648234,0.27045402,0.07557432,0.056256413,0.043078538,0.24279667,0.0019308402,"TWOGAUSSIANS_WITH_ELLIPSOIDAL_ON_ECLIPSE1",9,39.280464,0.24279667,0.0019308402,0.33269006,0.045224097,0.50449157,0.020836627,0.7501066,0.0028602346,0.32851955,0.059630107,0.3826553,0.013391083
375316653866487564,4577102636828518528,0.5644351,2068.5101888196546,3.3459071563570206,6.1919714E-6,16.11477,0.0069102524,0.27484655,0.0065661618,0.070350006,0.00785655,0.16161329,0.014478712,0.7686245,0.0017720725,0.04076571,0.0062022824,0.1157693,0.015861932,0.08771375,0.007839192,0.7686245,0.0017720725,"TWOGAUSSIANS_WITH_ELLIPSOIDAL_ON_ECLIPSE2",9,39.493656,0.27299657,0.0044486504,0.39396003,0.0415198,0.3366438,0.009577441,0.7686245,0.0017720725,0.22828798,0.03473278,0.290988,0.014558082
375316653866487564,4577102946066167936,0.52334464,2078.526317569855,4.267861867296323,1.3000056E-5,17.988852,0.004659496,0.2714151,0.0038830745,0.07596124,0.0059812656,0.2320803,0.0072072083,0.7632669,0.0029158155,0.083607554,0.0040743523,0.19411497,0.0053218626,null,null,null,null,"TWOGAUSSIANS",8,4.43802,0.2714151,0.0038830745,0.4,0.0,0.22943184,0.007356952,0.7632669,0.0029158155,0.4,0.0,0.1914665,0.004900856
375316653866487564,4577103736340183552,0.5654203,2069.32342752935,0.08117728310760268,4.1742983E-6,18.257965,0.0020222983,0.8217418,0.021704234,0.05394279,0.05338517,0.013343438,0.01181158,0.9272791,4.4911532E-4,0.0032889813,1.6969045E-4,0.6906359,0.04359158,0.003905887,0.0026456772,0.8217418,0.021704234,"TWOGAUSSIANS_WITH_ELLIPSOIDAL_ON_ECLIPSE1",9,2.7359242,0.9272791,4.4911532E-4,0.018418295,9.5026655E-4,0.6974555,0.0431193,0.8217418,0.021704234,0.30207962,0.29895693,0.021154918,0.011015197
375316653866487564,4577104079937571328,0.61182576,2085.5559260349487,3.5968422009510657,3.1187988E-6,16.884035,0.01764226,0.26638243,0.0013934918,0.06296754,0.004147091,0.3193272,0.03580349,0.766534,0.0018563677,0.065580934,0.0040341397,0.33104026,0.03524994,0.06827459,0.018140014,0.26638243,0.0013934918,"TWOGAUSSIANS_WITH_ELLIPSOIDAL_ON_ECLIPSE1",9,12.0732765,0.766534,0.0017051288,0.36725324,0.022591181,0.4672399,0.009533027,0.26638243,0.0013934918,0.35261822,0.02322371,0.45552695,0.0072009834
375316653866487564,4577126413767751040,0.56190866,2128.823916245316,1.9633718100541186,5.0921717E-6,17.349146,0.002078266,0.21252258,0.0028413648,0.03950759,0.004652776,0.036601476,0.008222568,0.71111614,0.0013456629,0.05431938,0.002288449,0.17446655,0.0066781766,0.018868452,0.0025092738,0.21252258,0.0028413648,"TWOGAUSSIANS_WITH_ELLIPSOIDAL_ON_ECLIPSE1",9,2.0666728,0.7111861,0.0012600465,0.30418855,0.012815315,0.21219662,0.007193073,0.21252258,0.0028413648,0.2212425,0.026055545,0.07433434,0.0072895475
375316653866487564,4577132186203781248,0.5001757,2121.0414311558934,2.846202442911285,1.0118204E-5,16.920774,0.03647489,0.24446848,0.0041127587,0.12603831,0.015820853,0.23627152,0.035195086,0.73704916,0.0026778802,0.10903782,0.014862074,0.20292214,0.03275558,null,null,null,null,"TWOGAUSSIANS",8,17.079689,0.24447848,0.004113534,0.4,0.0,0.19353572,0.008111983,0.73704916,0.0026778802,0.4,0.0,0.16036019,0.007958151
375316653866487564,4577134174764446720,0.5343057,2103.051241500165,0.2140053369592492,2.1075679E-5,18.989058,0.0043728966,0.47335765,7.3228247E-4,0.007406679,5.113087E-4,0.86345494,0.02146777,0.88178563,0.015490266,0.00947898,0.011133767,0.21378133,6.4851798E11,null,null,null,null,"TWOGAUSSIANS",8,5.2666693,0.47335765,7.3228247E-4,0.0414774,0.0028633287,0.86345494,0.02146777,0.88178563,0.015490266,0.053082287,0.062349092,0.21378133,6.4851798E11
375316653866487564,4577144383911315840,0.5631001,2082.584779922507,2.932231891134792,6.0979646E-6,17.467264,0.0037694254,0.25376576,0.0016417315,0.044636652,0.0064845583,0.077882655,0.010963566,0.756011,0.004362037,0.030446524,0.004833271,0.08983581,0.01869061,0.114994414,0.0058557545,0.25376576,0.0016417315,"TWOGAUSSIANS_WITH_ELLIPSOIDAL_ON_ECLIPSE1",9,8.659644,0.756011,0.004362037,0.17050053,0.027066315,0.31977835,0.01758322,0.25376576,0.0016417315,0.24996527,0.036313526,0.30787095,0.0072931307
375316653866487564,4577165790028362240,0.4345474,2136.326922679631,0.7111515298723724,8.815506E-6,14.901106,0.0020731043,0.14256184,0.0030034117,0.012670692,0.004672261,0.089998014,0.016983008,null,null,null,null,null,null,0.005969706,0.003150684,0.14256184,0.0030034117,"ONEGAUSSIAN_WITH_ELLIPSOIDAL",6,118.69373,0.14256184,0.0030034117,0.07095587,0.026164662,0.10193741,0.019217147,null,null,null,null,null,null
375316653866487564,4577175513834645888,0.6178859,2128.9781081422652,2.823741142114703,3.3108786E-6,14.593766,0.008082813,0.2211207,0.0012317426,0.050735757,0.0038182372,0.2050748,0.019625867,0.714709,0.0012407281,0.055026516,0.0028534809,0.28046742,0.017599408,0.10683476,0.011135446,0.2211207,0.0012317426,"TWOGAUSSIANS_WITH_ELLIPSOIDAL_ON_ECLIPSE1",9,113.166565,0.71569896,9.7209605E-4,0.3081485,0.015979493,0.49383694,0.00948535,0.2211207,0.0012317426,0.28412023,0.021382129,0.4187376,0.012033367
375316653866487564,4577183485293931136,0.5847175,2139.587062154798,1.427811293347899,2.3126206E-6,16.208065,0.005092369,0.2757009,0.0010696397,0.039700996,0.0012135942,0.82034636,0.017472584,0.7741494,0.006810465,0.040339544,0.0051077004,0.12998797,0.018945932,0.012320313,0.008050302,0.2757009,0.0010696397,"TWOGAUSSIANS_WITH_ELLIPSOIDAL_ON_ECLIPSE1",9,64.78517,0.2757009,0.0010696397,0.22232558,0.0067961277,0.844987,0.015925057,0.7741894,0.0066940803,0.22590144,0.028603122,0.15462628,0.014442168
