Gaia/vari_eclipsing_binary/VariEclipsingBinary_698808-699246.csv
# %ECSV 1.0
# ---
# delimiter: ','
# meta: !!omap
# - RELEASE: Gaia DR3
# - TABLE: vari_eclipsing_binary
# - DESCRIPTION: >
#     This table describes the properties of the eclipsing binaries resulting from the variability analysis. 
# - CITATION: >
#     How to cite and acknowledge Gaia: 
#     https://gea.esac.esa.int/archive/documentation/credits.html 
# - KNOWN_ISSUES: >
#     Known issues: 
#     https://www.cosmos.esa.int/web/gaia-users/known-issues 
# - DOCUMENTATION: >
#     Tutorials and documentation: 
#     https://www.cosmos.esa.int/web/gaia-users/archive 
# datatype:
# - 
#   name: solution_id
#   datatype: int64
#   description: Solution Identifier
#   meta:
#     ucd: meta.version
# - 
#   name: source_id
#   datatype: int64
#   description: Unique source identifier
#   meta:
#     ucd: meta.id;meta.main
# - 
#   name: global_ranking
#   datatype: float32
#   description: Number between 0 (worst) and 1 (best)
#   meta:
#     ucd: stat.param
# - 
#   name: reference_time
#   datatype: float64
#   unit: d
#   description: Reference time used for the geometric model fit
#   meta:
#     ucd: time.epoch
# - 
#   name: frequency
#   datatype: float64
#   unit: d**-1
#   description: Frequency of geometric model of the eclipsing binary light curve
#   meta:
#     ucd: src.orbital
# - 
#   name: frequency_error
#   datatype: float32
#   unit: d**-1
#   description: "Uncertainty of \\texttt{frequency}"
#   meta:
#     ucd: stat.error
# - 
#   name: geom_model_reference_level
#   datatype: float32
#   unit: mag
#   description: Magnitude reference level of geometric model
#   meta:
#     ucd: phot.mag;em.opt
# - 
#   name: geom_model_reference_level_error
#   datatype: float32
#   unit: mag
#   description: "Uncertainty of \\texttt{geomModelReferenceLevel}"
#   meta:
#     ucd: stat.error;phot.mag;em.opt
# - 
#   name: geom_model_gaussian1_phase
#   datatype: float32
#   description: Phase of the Gaussian 1 component
#   meta:
#     ucd: time.phase
# - 
#   name: geom_model_gaussian1_phase_error
#   datatype: float32
#   description: "Uncertainty of \\texttt{geomModelGaussian1Phase}"
#   meta:
#     ucd: stat.error;time.phase
# - 
#   name: geom_model_gaussian1_sigma
#   datatype: float32
#   description: "Standard deviation [phase] of Gaussian 1 component"
#   meta:
#     ucd: stat.stdev
# - 
#   name: geom_model_gaussian1_sigma_error
#   datatype: float32
#   description: "Uncertainty of \\texttt{geomModelGaussian1Sigma}"
#   meta:
#     ucd: stat.error
# - 
#   name: geom_model_gaussian1_depth
#   datatype: float32
#   unit: mag
#   description: Magnitude depth of Gaussian 1 component
#   meta:
#     ucd: src.var.amplitude
# - 
#   name: geom_model_gaussian1_depth_error
#   datatype: float32
#   unit: mag
#   description: "Uncertainty of \\texttt{geomModelGaussian1Depth}"
#   meta:
#     ucd: stat.error;src.var.amplitude
# - 
#   name: geom_model_gaussian2_phase
#   datatype: float32
#   description: Phase of Gaussian 2 component
#   meta:
#     ucd: time.phase
# - 
#   name: geom_model_gaussian2_phase_error
#   datatype: float32
#   description: "Uncertainty of \\texttt{geomModelGaussian2Phase}"
#   meta:
#     ucd: stat.error;time.phase
# - 
#   name: geom_model_gaussian2_sigma
#   datatype: float32
[...]
#   datatype: float32
#   description: "Secondary eclipse: uncertainty of \\texttt{derivedSecondaryEclDuration}"
#   meta:
#     ucd: stat.error;time.duration
# - 
#   name: derived_secondary_ecl_depth
#   datatype: float32
#   unit: mag
#   description: "Secondary eclipse: depth"
#   meta:
#     ucd: src.var.amplitude
# - 
#   name: derived_secondary_ecl_depth_error
#   datatype: float32
#   unit: mag
#   description: "Secondary eclipse: uncertainty of \\texttt{derivedSecondaryEclDepth}"
#   meta:
#     ucd: stat.error;src.var.amplitude
solution_id,source_id,global_ranking,reference_time,frequency,frequency_error,geom_model_reference_level,geom_model_reference_level_error,geom_model_gaussian1_phase,geom_model_gaussian1_phase_error,geom_model_gaussian1_sigma,geom_model_gaussian1_sigma_error,geom_model_gaussian1_depth,geom_model_gaussian1_depth_error,geom_model_gaussian2_phase,geom_model_gaussian2_phase_error,geom_model_gaussian2_sigma,geom_model_gaussian2_sigma_error,geom_model_gaussian2_depth,geom_model_gaussian2_depth_error,geom_model_cosine_half_period_amplitude,geom_model_cosine_half_period_amplitude_error,geom_model_cosine_half_period_phase,geom_model_cosine_half_period_phase_error,model_type,num_model_parameters,reduced_chi2,derived_primary_ecl_phase,derived_primary_ecl_phase_error,derived_primary_ecl_duration,derived_primary_ecl_duration_error,derived_primary_ecl_depth,derived_primary_ecl_depth_error,derived_secondary_ecl_phase,derived_secondary_ecl_phase_error,derived_secondary_ecl_duration,derived_secondary_ecl_duration_error,derived_secondary_ecl_depth,derived_secondary_ecl_depth_error
[from data line 213]
375316653866487564,6148574339418952192,0.5918957,2270.812478465371,0.42212219636139586,7.144484E-5,15.61362,0.0019000755,0.30736244,6.5649673E-4,0.020278716,4.982262E-4,0.3659902,0.004625901,0.7620423,0.02927295,0.10711958,0.028493827,0.014989157,0.0045539844,null,null,null,null,"TWOGAUSSIANS",8,17.12291,0.30736244,6.5649673E-4,0.11356081,0.0027900669,0.36598828,0.004625608,0.7620423,0.02927295,0.4,0.0,0.014985379,0.004559759
375316653866487564,6148579905696545152,0.55983055,2258.6242030452768,1.9411544632438593,1.6021459E-5,14.853596,0.006652713,0.21845573,0.005354166,0.07989565,0.01099492,0.08671999,0.010539303,0.7180136,0.0018093454,0.06071013,0.0021879224,0.37874496,0.013434463,null,null,null,null,"TWOGAUSSIANS",8,145.95743,0.7180136,0.0018093454,0.3399767,0.012252365,0.37818632,0.013337093,0.21845573,0.005354166,0.4,0.0,0.086161345,0.010586321
375316653866487564,6148583960143719680,0.5012733,2260.0372723082683,0.37893433611348476,3.6980062E-5,19.108982,0.0056897993,0.3860881,0.06328881,0.09748478,0.050406158,0.04649618,0.009894249,0.820234,0.002126182,0.015553231,0.0018077802,0.8077704,0.21490432,null,null,null,null,"TWOGAUSSIANS",8,3.245101,0.820234,0.002126182,0.0870981,0.0101235695,0.8077723,0.214902,0.3860881,0.06328881,0.4,0.02337407,0.0464958,0.009896577
375316653866487564,6148591789869920640,0.53709763,2261.8400248677635,3.424971432204877,1.4470506E-5,16.200384,0.023923175,0.28318772,0.0062207263,0.09954891,0.011576274,0.27616292,0.024496056,0.77159446,0.00477002,0.09834591,0.012088616,0.27093074,0.021177957,null,null,null,null,"TWOGAUSSIANS",8,53.311687,0.28318772,0.006220778,0.4,0.0,0.25680703,0.013428999,0.77159446,0.00477002,0.4,0.0,0.25157547,0.012038495
375316653866487564,6148592343921843968,0.63003355,2227.125885638273,2.2510276689631423,3.7392833E-6,16.096994,0.004214472,0.26702824,0.0027013624,0.096613355,0.003344352,0.2161407,0.0055451747,0.7682714,0.0011071246,0.08617305,0.0024808594,0.24519373,0.004316336,null,null,null,null,"TWOGAUSSIANS",8,4.233921,0.7682714,0.0011071246,0.4,0.0,0.23454092,0.004103379,0.26702824,0.0027013624,0.4,0.0,0.20548725,0.004996781
375316653866487564,6148600723401916288,0.45728627,2301.9067161424805,3.2345120843673363,2.557918E-5,17.529263,0.78627235,0.21415895,0.025743404,0.14832169,0.11109943,0.20059177,0.6677641,0.7385754,0.019961938,0.15383638,0.12768498,0.21640208,0.7191649,null,null,null,null,"TWOGAUSSIANS",8,11.795121,0.74048537,0.01159646,0.4,0.0,0.12552352,0.015471999,0.21143895,0.0149060115,0.4,0.0,0.11063434,0.011982199
375316653866487564,6148603613916193408,0.6564428,2268.317587591073,3.2066827684013135,2.361804E-6,15.231476,0.008917132,0.15236105,0.0010166313,0.047194876,0.002417804,0.35281444,0.022509463,0.6495905,0.0036807163,0.048455983,0.003932684,0.44156045,0.024894625,0.11003704,0.014544882,0.15236105,0.0010166313,"TWOGAUSSIANS_WITH_ELLIPSOIDAL_ON_ECLIPSE1",9,54.82731,0.6498205,0.0034199832,0.2713535,0.022023031,0.6615722,0.014492118,0.15236105,0.0010166313,0.26429132,0.013539703,0.57288724,0.009250621
375316653866487564,6148611722814024576,0.4744837,2242.9092152739304,0.08285280843838298,7.713448E-6,15.025836,0.017230943,0.39928508,0.0019635307,0.015213611,0.0026160218,0.25443858,0.024612365,0.650255,0.030947374,0.03823769,0.014631138,0.44490483,0.4278712,0.050609104,0.02827396,0.39928508,0.0019635307,"TWOGAUSSIANS_WITH_ELLIPSOIDAL_ON_ECLIPSE1",9,736.96234,0.650285,0.032244883,0.21413106,0.08193438,0.44490862,0.4290596,0.39928508,0.0019635307,0.08519622,0.014649722,0.3556567,0.051804718
375316653866487564,6148618899702830720,0.5705957,2237.154764162433,2.24783955532705,1.0989841E-5,16.702028,0.0067692166,0.28425503,0.002299436,0.09544079,0.0038383426,0.19900881,0.0066905147,0.78439534,0.005149221,0.101433896,0.008189092,0.1415096,0.0066212476,null,null,null,null,"TWOGAUSSIANS",8,4.979486,0.28425503,0.002299436,0.4,0.0,0.18581465,0.0036909834,0.78439534,0.005149221,0.4,0.0,0.12831439,0.0043471907
375316653866487564,6148626188264205312,0.58940816,2230.853448802838,1.4489727708853857,7.809548E-6,14.962258,0.0068358,0.33574396,0.0030683442,0.085528634,0.005048535,0.21551697,0.0065169604,0.85176885,0.00463767,0.096095584,0.0063225063,0.1361062,0.0076904036,null,null,null,null,"TWOGAUSSIANS",8,21.486378,0.33574396,0.0030683442,0.4,0.0,0.20959082,0.004830524,0.85176885,0.00463767,0.4,0.0,0.13017958,0.005355064
375316653866487564,6148636388810125184,0.48000634,2295.8901599813935,0.6911030528967528,6.769353E-5,18.316349,0.0062182313,0.33003676,0.028638607,0.022743486,0.035288326,0.38122624,0.32650885,0.5495582,0.009754578,0.018825289,0.00573936,0.04183345,0.017835852,0.012067634,0.008005217,0.5495582,0.009754578,"TWOGAUSSIANS_WITH_ELLIPSOIDAL_ON_ECLIPSE2",9,4.903259,0.33011678,0.027771922,0.12736352,0.19761464,0.38210273,0.32686946,0.5495582,0.009754578,0.10542162,0.03214042,0.06596866,0.02271047
375316653866487564,6148653740478325248,0.555187,2326.706144844597,3.5520911583065677,7.4968257E-6,18.681334,0.010928462,0.25799337,0.002917711,0.08504814,0.0048086834,0.4470984,0.015363718,0.7635058,0.0024567784,0.08134104,0.004028241,0.39067358,0.011295838,null,null,null,null,"TWOGAUSSIANS",8,3.2969365,0.25799337,0.002917711,0.4,0.0,0.43881285,0.0150852,0.7635058,0.0024567784,0.4,0.0,0.38238803,0.010243714
375316653866487564,6148654535048482816,0.51041925,2273.8884853261347,2.819964052550441,2.1218557E-5,14.202191,2.6541746,0.24559823,0.0085670585,0.09767362,0.1601964,0.23081397,2.0407012,0.7585491,0.0122439,0.09540698,0.20972854,0.21567735,2.2750034,null,null,null,null,"TWOGAUSSIANS",8,482.028,0.24559823,0.007760227,0.4,0.0,0.21771905,0.03369946,0.7585491,0.008399775,0.4,0.0,0.202583,0.028069591
375316653866487564,6148656768429644160,0.45432612,2346.995616157199,1.1259337167076044,3.1385312E-5,14.896724,0.043198604,0.22403297,0.016333312,0.08532015,0.027979333,0.20483458,0.05779404,0.7386903,0.0048322123,0.09989596,0.013805189,0.43396693,0.053706467,null,null,null,null,"TWOGAUSSIANS",8,5.6729875,0.7386903,0.0048322123,0.4,0.0,0.42115834,0.052003153,0.22403297,0.016344456,0.4,0.0,0.19202997,0.05722805
375316653866487564,6148659895167697152,0.5296721,2251.2271489194572,1.1840407330070963,9.590451E-6,15.534116,0.0032957834,0.2795031,0.0036108478,0.016214704,0.0041173836,0.33845195,0.21839467,0.7739234,0.0020854657,0.020050805,0.0020583842,0.37862265,0.07250156,0.008874333,0.0044680415,0.2795031,0.0036108478,"TWOGAUSSIANS_WITH_ELLIPSOIDAL_ON_ECLIPSE1",9,68.82552,0.7739334,0.0020762528,0.11228451,0.011526952,0.39634955,0.07306314,0.2795031,0.0036108478,0.09080234,0.023057349,0.35620064,0.21875714
375316653866487564,6148662540867438592,0.598859,2216.301740079164,2.5119223047738544,3.7306884E-6,16.975624,0.007753571,0.24514344,0.004059352,0.08550154,0.0073536476,0.1545655,0.0071493215,0.7486336,0.001310753,0.0948528,0.0038856785,0.24595635,0.006949549,null,null,null,null,"TWOGAUSSIANS",8,3.4694,0.7486336,0.001310753,0.4,0.0,0.23797058,0.005362841,0.24514344,0.004059352,0.4,0.0,0.14658019,0.0054498864
375316653866487564,6148685287014198784,0.66472024,2280.4701957929824,0.07450403803874447,1.1091972E-6,16.438257,6.9359527E-4,0.045662377,8.719511E-5,0.0035145164,1.0238854E-4,0.40300003,0.007399964,0.54405236,6.8530685E-4,0.0038527946,3.6106384E-4,0.106089935,0.00867252,null,null,null,null,"TWOGAUSSIANS",8,1.9775891,0.045662377,8.719511E-5,0.019681292,5.7337584E-4,0.40300003,0.007399964,0.54405236,6.8530685E-4,0.02157565,0.0020219577,0.106089935,0.00867252
375316653866487564,6148694972163188992,0.44795966,2270.088406945912,1.6922651457995728,4.3508287E-5,18.8022,0.0054429187,0.7252955,0.005181302,0.02211741,0.00595032,0.31549567,0.20069651,null,null,null,null,null,null,0.029345676,0.011750705,0.7252955,0.005181302,"ONEGAUSSIAN_WITH_ELLIPSOIDAL",6,12.639875,0.7252955,0.005181302,0.1238575,0.033321794,0.37418693,0.20315905,null,null,null,null,null,null
375316653866487564,6148695075242433792,0.49594554,2254.1065636591375,1.0079171726001825,3.3264707E-5,19.644901,0.006106724,0.15186577,0.022589536,0.016750308,0.020260021,0.7618265,657104.5,0.6559826,0.0033574102,0.02150859,0.0023670052,0.5155973,0.0238868,null,null,null,null,"TWOGAUSSIANS",8,3.0687435,0.15186577,0.022589536,0.09380172,0.11345612,0.7618265,657104.5,0.6559826,0.0033574102,0.120448105,0.013255229,0.5155973,0.0238868
375316653866487564,6148702879200067840,0.5347028,2333.568286604479,0.01063684741621048,4.402859E-6,17.514463,0.0020529788,0.22418144,0.0027454267,6.656248E-4,0.0010385115,0.4039887,0.976624,0.8080484,0.036519527,0.027813487,0.02109505,0.02419623,0.012835341,null,null,null,null,"TWOGAUSSIANS",8,3.6514213,0.22418144,0.0027454267,0.003727499,0.0058156643,0.4039887,0.976624,0.8080484,0.036519527,0.15575552,0.118132286,0.02419623,0.012835341
375316653866487564,6148714935172302720,0.5288085,2306.0724082547663,2.3119393528099854,1.6899901E-5,16.820406,0.0014024257,0.28209186,0.0045885793,0.0374648,0.0035018616,0.051509123,0.002452913,0.7811788,0.004891675,0.036591735,0.005604632,0.12566853,0.014012712,null,null,null,null,"TWOGAUSSIANS",8,3.0677807,0.7811788,0.004891675,0.2049137,0.03138594,0.12566853,0.014012712,0.28209186,0.0045885793,0.2098029,0.019610425,0.051509123,0.002452913
375316653866487564,6148732531654690944,0.6280693,2257.844839489657,1.8324743507581107,4.72796E-6,15.700635,0.00215247,0.2565713,0.0015790813,0.060844745,0.0024004043,0.14300504,0.0051666405,0.7638055,0.0013775021,0.038501244,0.0062443977,0.028164608,0.0060265833,0.06748811,0.0028705639,0.7638055,0.0013775021,"TWOGAUSSIANS_WITH_ELLIPSOIDAL_ON_ECLIPSE2",9,6.970007,0.2581313,0.0010489125,0.34073058,0.013442264,0.27774313,0.0026264493,0.7638055,0.0013775021,0.21560697,0.034968626,0.1631212,0.004079679
375316653866487564,6148737990556785536,0.5280964,2296.05964206119,2.657284210463562,8.133865E-6,18.136602,0.005087641,0.25366315,0.0026988492,0.014766799,0.0044999286,0.06701663,0.018073183,0.7379938,0.007599171,0.042148728,0.0076129814,0.089936845,0.019141385,0.09357835,0.008447575,0.25366315,0.0026988492,"TWOGAUSSIANS_WITH_ELLIPSOIDAL_ON_ECLIPSE1",9,6.736126,0.7415338,0.005944444,0.23603287,0.042632695,0.27569178,0.017435739,0.25366315,0.0026988492,0.082694076,0.0251996,0.25417313,0.015351182
375316653866487564,6148766302980488320,0.5482336,2282.670865883496,4.4225450095830805,1.0001123E-6,18.595736,0.004209672,0.7780967,4.9073482E-5,0.0053916955,7.461302E-5,0.65290743,0.002280023,null,null,null,null,null,null,null,null,null,null,"ONEGAUSSIAN",5,3.7950463,0.7780967,4.9073482E-5,0.030193495,4.178329E-4,0.65290743,0.0,null,null,null,null,null,null
375316653866487564,6148775305231958016,0.6481367,2219.943040635599,2.5999644768802397,2.7475826E-6,17.712864,0.004853009,0.27837378,8.592993E-4,0.05311096,0.003737052,0.18065083,0.013110368,0.7801597,0.0018735136,0.054623917,0.0030059833,0.16003777,0.010887857,0.092336185,0.0061897277,0.27837378,8.592993E-4,"TWOGAUSSIANS_WITH_ELLIPSOIDAL_ON_ECLIPSE1",9,1.3500628,0.27837378,8.592993E-4,0.2974214,0.02092749,0.36531633,0.011941297,0.7801597,0.0018735136,0.30589393,0.016833507,0.34468,0.004587788
375316653866487564,6148783345410868864,0.46268472,2245.912765513395,4.5138229735134185,1.674453E-4,19.60302,0.007213403,0.17317373,0.018730026,0.024988253,0.012830503,0.071604155,0.011912676,0.5709952,0.00991977,0.006371967,0.025422616,0.667587,0.6329038,null,null,null,null,"TWOGAUSSIANS",8,2.577712,0.5709952,0.00991977,0.035683013,0.14236665,0.667587,0.6329038,0.17317373,0.018730026,0.13993421,0.071850814,0.071604155,0.011912676
375316653866487564,6148790565252850688,0.63697296,2300.850307662799,3.674668228572256,4.0666005E-6,16.611921,0.010542463,0.17506425,0.0031951722,0.040329266,0.005085152,0.34908283,0.035696864,0.66864485,0.00745065,0.049409337,0.006220285,0.41838282,0.028498532,0.1347411,0.013591057,0.17506425,0.0031951722,"TWOGAUSSIANS_WITH_ELLIPSOIDAL_ON_ECLIPSE1",9,22.784735,0.66935486,0.0066833463,0.2766923,0.034833595,0.68747437,0.012122775,0.17506425,0.0031951722,0.22584389,0.028476851,0.6185642,0.044371255
375316653866487564,6148808118782292864,0.53863657,2278.195282836662,3.780782063099571,1.0698132E-5,17.461567,0.007661805,0.25748533,0.003442604,0.078785546,0.003956115,0.45736182,0.018493561,0.7709991,0.0030716883,0.07760618,0.00434161,0.35068458,0.01760248,null,null,null,null,"TWOGAUSSIANS",8,24.157299,0.25748533,0.003442604,0.4,0.0,0.45370978,0.018652368,0.7709991,0.0030716883,0.4,0.0,0.34703255,0.017885985
375316653866487564,6148808535395675648,0.52446085,2274.8483758695825,0.9271718889651138,3.4853918E-5,13.223057,9.5565605E-4,0.24501906,0.0025794057,0.013140664,0.002412411,0.114851706,0.026450757,0.7457509,0.0060242945,0.01730166,0.0046733953,0.12229176,0.072115324,null,null,null,null,"TWOGAUSSIANS",8,44.63586,0.7457509,0.0060242945,0.096889295,0.026171014,0.12229176,0.072115324,0.24501906,0.0025794057,0.07358772,0.013509502,0.114851706,0.026450757
375316653866487564,6148813066585597440,0.57918614,2265.6117243682,3.814155706772088,6.093285E-6,18.12713,0.006225923,0.28324607,9.5143134E-4,0.0465278,0.0022263343,0.28256002,0.018189156,0.78099144,0.0055012284,0.039495856,0.0063848556,0.2234315,0.030008357,0.12233546,0.011487414,0.28324607,9.5143134E-4,"TWOGAUSSIANS_WITH_ELLIPSOIDAL_ON_ECLIPSE1",9,3.9216192,0.28324607,9.5143134E-4,0.26055568,0.012467473,0.5272303,0.011684526,0.7812614,0.0049339016,0.22117679,0.03575519,0.46805856,0.032028083
375316653866487564,6148823237066272640,0.48664173,2276.2649244362747,4.047170044561391,3.311932E-5,18.380451,0.00559056,0.26583406,0.0071778954,0.01495277,0.020857781,0.048338186,0.013740537,0.7233887,0.014611158,0.046871673,0.018580364,0.07926512,0.019083416,0.06821279,0.00832971,0.26583406,0.0071778954,"TWOGAUSSIANS_WITH_ELLIPSOIDAL_ON_ECLIPSE1",9,5.801357,0.7330986,0.012933609,0.26248136,0.10405004,0.20831718,0.014410628,0.26583406,0.0071778954,0.08373551,0.11680358,0.1847636,0.016124004
375316653866487564,6148827222795978880,0.57856464,2270.0610252531687,3.4050137859484484,7.105722E-6,17.315937,0.007928281,0.22230409,0.0022165,0.04349797,0.004860124,0.15634717,0.02288464,0.71406955,0.0026337397,0.046732258,0.0028191886,0.39907724,0.018950902,0.14193244,0.010131563,0.22230409,0.0022165,"TWOGAUSSIANS_WITH_ELLIPSOIDAL_ON_ECLIPSE1",9,17.381075,0.7149695,0.0022548398,0.26170066,0.015787456,0.68226475,0.01225382,0.22230409,0.0022165,0.24358863,0.027216695,0.44021112,0.013715037
375316653866487564,6148844029005160704,0.48433152,2279.4735764960733,1.80748816681132,1.0006121E-6,17.684532,0.008803234,0.24616535,3.6996247E-5,0.008979,1.4176364E-4,1.5751555,0.021764899,null,null,null,null,null,null,null,null,null,null,"ONEGAUSSIAN",5,84.308655,0.24616535,3.6996247E-5,0.0502824,7.9387636E-4,1.5751555,0.0,null,null,null,null,null,null
375316653866487564,6148844750559683968,0.65210617,2295.6944357845723,0.9175195027233902,1.8610262E-6,17.020748,0.0027832047,0.33716047,3.7893976E-4,0.043300826,7.7141833E-4,0.719091,0.019025428,0.8441881,0.0023384532,0.0387517,0.0034105317,0.115295686,0.008607191,0.031864323,0.0035810967,0.33716047,3.7893976E-4,"TWOGAUSSIANS_WITH_ELLIPSOIDAL_ON_ECLIPSE1",9,4.4016337,0.33716047,3.7893976E-4,0.24248461,0.0043199426,0.7828196,0.020624155,0.8441881,0.0023384532,0.21700951,0.019098977,0.17890011,0.0083046835
375316653866487564,6148890066759547008,0.46409282,2307.41312110639,1.4021358550666443,5.1170253E-5,16.231518,0.14873296,0.28489208,0.018329006,0.14703839,0.053044837,0.19914934,0.14156623,0.7596419,0.0104518905,0.12331414,0.027882004,0.29994196,0.1334597,null,null,null,null,"TWOGAUSSIANS",8,111.22084,0.7596419,0.0104518905,0.4,0.0,0.2299954,0.026321193,0.28539208,0.017683461,0.4,0.0,0.12799715,0.019541826
