Gaia/vari_eclipsing_binary/VariEclipsingBinary_496032-496317.csv
# %ECSV 1.0
# ---
# delimiter: ','
# meta: !!omap
# - RELEASE: Gaia DR3
# - TABLE: vari_eclipsing_binary
# - DESCRIPTION: >
#     This table describes the properties of the eclipsing binaries resulting from the variability analysis. 
# - CITATION: >
#     How to cite and acknowledge Gaia: 
#     https://gea.esac.esa.int/archive/documentation/credits.html 
# - KNOWN_ISSUES: >
#     Known issues: 
#     https://www.cosmos.esa.int/web/gaia-users/known-issues 
# - DOCUMENTATION: >
#     Tutorials and documentation: 
#     https://www.cosmos.esa.int/web/gaia-users/archive 
# datatype:
# - 
#   name: solution_id
#   datatype: int64
#   description: Solution Identifier
#   meta:
#     ucd: meta.version
# - 
#   name: source_id
#   datatype: int64
#   description: Unique source identifier
#   meta:
#     ucd: meta.id;meta.main
# - 
#   name: global_ranking
#   datatype: float32
#   description: Number between 0 (worst) and 1 (best)
#   meta:
#     ucd: stat.param
# - 
#   name: reference_time
#   datatype: float64
#   unit: d
#   description: Reference time used for the geometric model fit
#   meta:
#     ucd: time.epoch
# - 
#   name: frequency
#   datatype: float64
#   unit: d**-1
#   description: Frequency of geometric model of the eclipsing binary light curve
#   meta:
#     ucd: src.orbital
# - 
#   name: frequency_error
#   datatype: float32
#   unit: d**-1
#   description: "Uncertainty of \\texttt{frequency}"
#   meta:
#     ucd: stat.error
# - 
#   name: geom_model_reference_level
#   datatype: float32
#   unit: mag
#   description: Magnitude reference level of geometric model
#   meta:
#     ucd: phot.mag;em.opt
# - 
#   name: geom_model_reference_level_error
#   datatype: float32
#   unit: mag
#   description: "Uncertainty of \\texttt{geomModelReferenceLevel}"
#   meta:
#     ucd: stat.error;phot.mag;em.opt
# - 
#   name: geom_model_gaussian1_phase
#   datatype: float32
#   description: Phase of the Gaussian 1 component
#   meta:
#     ucd: time.phase
# - 
#   name: geom_model_gaussian1_phase_error
#   datatype: float32
#   description: "Uncertainty of \\texttt{geomModelGaussian1Phase}"
#   meta:
#     ucd: stat.error;time.phase
# - 
#   name: geom_model_gaussian1_sigma
#   datatype: float32
#   description: "Standard deviation [phase] of Gaussian 1 component"
#   meta:
#     ucd: stat.stdev
# - 
#   name: geom_model_gaussian1_sigma_error
#   datatype: float32
#   description: "Uncertainty of \\texttt{geomModelGaussian1Sigma}"
#   meta:
#     ucd: stat.error
# - 
#   name: geom_model_gaussian1_depth
#   datatype: float32
#   unit: mag
#   description: Magnitude depth of Gaussian 1 component
#   meta:
#     ucd: src.var.amplitude
# - 
#   name: geom_model_gaussian1_depth_error
#   datatype: float32
#   unit: mag
#   description: "Uncertainty of \\texttt{geomModelGaussian1Depth}"
#   meta:
#     ucd: stat.error;src.var.amplitude
# - 
#   name: geom_model_gaussian2_phase
#   datatype: float32
#   description: Phase of Gaussian 2 component
#   meta:
#     ucd: time.phase
# - 
#   name: geom_model_gaussian2_phase_error
#   datatype: float32
#   description: "Uncertainty of \\texttt{geomModelGaussian2Phase}"
#   meta:
#     ucd: stat.error;time.phase
# - 
#   name: geom_model_gaussian2_sigma
#   datatype: float32
[...]
#   datatype: float32
#   description: "Secondary eclipse: uncertainty of \\texttt{derivedSecondaryEclDuration}"
#   meta:
#     ucd: stat.error;time.duration
# - 
#   name: derived_secondary_ecl_depth
#   datatype: float32
#   unit: mag
#   description: "Secondary eclipse: depth"
#   meta:
#     ucd: src.var.amplitude
# - 
#   name: derived_secondary_ecl_depth_error
#   datatype: float32
#   unit: mag
#   description: "Secondary eclipse: uncertainty of \\texttt{derivedSecondaryEclDepth}"
#   meta:
#     ucd: stat.error;src.var.amplitude
solution_id,source_id,global_ranking,reference_time,frequency,frequency_error,geom_model_reference_level,geom_model_reference_level_error,geom_model_gaussian1_phase,geom_model_gaussian1_phase_error,geom_model_gaussian1_sigma,geom_model_gaussian1_sigma_error,geom_model_gaussian1_depth,geom_model_gaussian1_depth_error,geom_model_gaussian2_phase,geom_model_gaussian2_phase_error,geom_model_gaussian2_sigma,geom_model_gaussian2_sigma_error,geom_model_gaussian2_depth,geom_model_gaussian2_depth_error,geom_model_cosine_half_period_amplitude,geom_model_cosine_half_period_amplitude_error,geom_model_cosine_half_period_phase,geom_model_cosine_half_period_phase_error,model_type,num_model_parameters,reduced_chi2,derived_primary_ecl_phase,derived_primary_ecl_phase_error,derived_primary_ecl_duration,derived_primary_ecl_duration_error,derived_primary_ecl_depth,derived_primary_ecl_depth_error,derived_secondary_ecl_phase,derived_secondary_ecl_phase_error,derived_secondary_ecl_duration,derived_secondary_ecl_duration_error,derived_secondary_ecl_depth,derived_secondary_ecl_depth_error
[from data line 293]
375316653866487564,4364818758614745088,0.5413909,2368.3456061195516,0.08102284666623012,1.0460001E-6,18.293083,0.006832602,0.22264422,1.2457598E-4,0.0025566784,1.1953165E-4,0.59159666,0.009276995,0.56708765,0.033917416,0.06510866,0.023814695,0.029901583,0.012042959,null,null,null,null,"TWOGAUSSIANS",8,9.613025,0.22264422,1.2457598E-4,0.014317399,6.693773E-4,0.59159666,0.009278842,0.56708765,0.033917416,0.36460847,0.095595576,0.029901583,0.012042959
375316653866487564,4364827584771323136,0.489186,2458.7285241466975,2.5822857442067915,2.9489405E-5,19.605593,0.007256604,0.25819278,0.0028427336,0.014826359,0.004969788,0.08283904,0.032102786,0.43355554,0.0052673575,0.017844424,0.006452457,0.64296097,0.25956613,null,null,null,null,"TWOGAUSSIANS",8,2.953328,0.43355554,0.0052673575,0.099928774,0.03613376,0.64296097,0.25956613,0.25819278,0.0028427336,0.08302761,0.027830813,0.08283904,0.032102786
375316653866487564,4364829307054479232,0.640074,2374.6028855805384,2.730219878032091,6.3477582E-6,14.121269,0.01559875,0.3147989,0.007609903,0.060839754,0.014616386,0.07897337,0.03025592,0.8067022,0.0018991374,0.06395095,0.016423756,0.06668853,0.03198577,0.06800954,0.016964426,0.8067022,0.0018991374,"TWOGAUSSIANS_WITH_ELLIPSOIDAL_ON_ECLIPSE2",9,22.823936,0.3120889,0.0046941033,0.34070262,0.081851766,0.21471636,0.008281203,0.8067022,0.0018991374,0.3581253,0.08545727,0.20266558,0.0037878372
375316653866487564,4364853461950160256,0.45824224,2116.8847444081216,0.8416535586395292,3.514029E-5,14.266143,0.011986292,0.2210319,0.010061589,0.064960726,0.01925776,0.119447954,0.019898076,0.7184665,0.0063322904,0.082377054,0.009543113,0.15192476,0.014074798,null,null,null,null,"TWOGAUSSIANS",8,551.95264,0.7184665,0.0063322904,0.4,0.0,0.15111713,0.0130168535,0.2210319,0.010061589,0.36378005,0.080688536,0.11864032,0.020997662
375316653866487564,4364858615910963840,0.44189495,2137.6554947035343,1.5844057407912222,1.11126596E-4,17.552662,0.003603914,0.19424628,0.002733834,0.029461706,0.003465759,0.09659128,0.008014877,0.6954351,0.0116284825,0.029731007,0.016797958,0.065795615,0.025332069,null,null,null,null,"TWOGAUSSIANS",8,8.758869,0.19424628,0.002733834,0.16498555,0.01940825,0.09659128,0.008014877,0.6954351,0.0116284825,0.16649364,0.094068564,0.065795615,0.025332069
375316653866487564,4364861635270993408,0.5066208,2123.150316153421,2.999930987501703,1.5973406E-5,19.668379,0.028435452,0.2862256,0.0035601235,0.067655675,0.006741614,0.41929132,0.02845605,0.7992083,0.008700414,0.06603771,0.0077487696,0.4281763,0.041875828,null,null,null,null,"TWOGAUSSIANS",8,2.1180115,0.7992083,0.008700414,0.36981115,0.038843878,0.427638,0.04128484,0.2862256,0.0035601235,0.37887177,0.026421973,0.418753,0.027313046
375316653866487564,4364869606730275072,0.45044896,2152.8906732204105,1.396049845896444,4.6968926E-5,18.852516,0.0046779756,0.1918854,0.02478498,0.055229362,0.028898207,0.064365745,0.14114265,0.68957704,0.011699909,0.06957315,0.008829269,0.120567575,0.011618333,null,null,null,null,"TWOGAUSSIANS",8,2.1636336,0.68957704,0.011699909,0.38960963,0.034691207,0.120512545,0.011615016,0.1918854,0.02478498,0.30928442,0.16182996,0.064310715,0.14122221
375316653866487564,4364903455367016576,0.49624664,2152.391217356576,4.026248685783918,1.3530782E-5,19.877743,0.017278554,0.27202657,0.0061077923,0.07826574,0.008191996,0.23159873,0.019939456,0.7576461,0.0046477336,0.0872303,0.007858239,0.33222556,0.036172844,null,null,null,null,"TWOGAUSSIANS",8,1.4150671,0.7576461,0.0046477336,0.4,0.0,0.3277622,0.036264896,0.27202657,0.0061077923,0.4,0.0,0.22713545,0.017220257
375316653866487564,4364907819056369664,0.42961675,2159.079463651023,0.5679050496462118,1.0459343E-5,15.503204,0.008018549,0.15617076,0.0032153348,0.034313828,0.0026298792,0.18299201,0.019216076,0.8639005,0.010349277,0.0078040487,0.0058182264,0.10270008,0.065411724,0.0037557697,0.009935004,0.8639005,0.010349277,"TWOGAUSSIANS_WITH_ELLIPSOIDAL_ON_ECLIPSE2",9,255.02086,0.15632075,0.0030965668,0.19215743,0.014727323,0.18351135,0.019897472,0.8639005,0.010349277,0.043702673,0.032582067,0.11021159,0.06214828
375316653866487564,4364908501953506176,0.61038923,2185.6470177410292,3.6440334894014277,9.510855E-6,18.509396,0.011855372,0.26970845,0.0023056814,0.048738904,0.003651498,0.50123566,0.067681074,0.77389735,0.0017597099,0.050537776,0.0030778616,0.35122532,0.025525484,0.10647662,0.014724401,0.26970845,0.0023056814,"TWOGAUSSIANS_WITH_ELLIPSOIDAL_ON_ECLIPSE1",9,3.131641,0.26970845,0.0023056814,0.27293786,0.020448389,0.7141865,0.06236006,0.77389735,0.0017597099,0.28301156,0.017236026,0.5640287,0.010361312
375316653866487564,4364915099024335104,0.6100036,2138.9335642690617,3.737526431694384,7.562661E-6,19.22882,0.0200622,0.29096243,0.0033047542,0.045668744,0.0059889583,0.54142225,0.040551234,0.78736895,0.0025030025,0.045788664,0.0027926567,0.45995212,0.04663688,0.13029066,0.02476681,0.29096243,0.0033047542,"TWOGAUSSIANS_WITH_ELLIPSOIDAL_ON_ECLIPSE1",9,2.5030372,0.29096243,0.0033047542,0.25574496,0.033538166,0.80200326,0.032155696,0.78767896,0.0022118874,0.25641653,0.015638879,0.72041166,0.012811554
375316653866487564,4364929500052062592,0.534737,2137.3232217268537,3.0720436036538405,1.5697598E-5,19.706482,0.0070486064,0.19444166,0.008730673,0.055856608,0.0077886893,0.5277361,0.025942529,0.6952288,0.0013685751,0.0434471,0.003284851,0.49485207,0.02464582,null,null,null,null,"TWOGAUSSIANS",8,1.8927552,0.19444166,0.008730673,0.312797,0.04361666,0.5277331,0.0259387,0.6952288,0.0013685751,0.24330375,0.018395167,0.494849,0.024647867
375316653866487564,4364929942431497216,0.51457363,2160.636376513928,3.025734348380265,1.6305288E-5,19.136816,0.009235806,0.30775112,0.0045394897,0.07731691,0.0076898765,0.20835042,0.011979775,0.8199048,0.0053787497,0.08280402,0.0064201443,0.17594235,0.012319432,null,null,null,null,"TWOGAUSSIANS",8,1.4172525,0.30775112,0.0045394897,0.4,0.0,0.20606104,0.011895219,0.8199048,0.0053787497,0.4,0.0,0.17365296,0.011679305
375316653866487564,4364937467214672000,0.62244827,2162.755964868326,3.944022674595148,6.7598735E-6,18.57608,0.030046048,0.2917847,0.02536128,0.046857383,0.014060538,0.697049,0.17778312,0.77779883,0.0011203135,0.050311085,0.007107604,0.42141837,0.050000127,0.12483227,0.032945637,0.77779883,0.0011203135,"TWOGAUSSIANS_WITH_ELLIPSOIDAL_ON_ECLIPSE2",9,3.0280478,0.2909747,0.024030287,0.26240134,0.07873901,0.9448998,0.13473724,0.77779883,0.0011203135,0.28174207,0.03980258,0.6710805,0.038058713
375316653866487564,4364937677669133056,0.6200038,2175.7079315968263,0.7432093523889083,6.095629E-6,16.263851,0.0016956537,0.22740684,0.001983355,0.023065727,0.0032211018,0.41928768,0.17479444,0.7271884,0.004220375,0.02337231,0.0032427548,0.32584453,0.03880182,0.0057242922,0.0029848337,0.22740684,0.001983355,"TWOGAUSSIANS_WITH_ELLIPSOIDAL_ON_ECLIPSE1",9,7.012674,0.22740684,0.001983355,0.12916808,0.01803817,0.43073627,0.17659254,0.7271884,0.004220375,0.13088493,0.018159427,0.3372931,0.039840274
375316653866487564,4364946125868743296,0.50126046,2152.289546309184,3.3726786349703755,2.4281015E-5,18.833078,0.07666571,0.24446295,0.0039790776,0.12918282,0.03261443,0.24228372,0.071712136,0.749667,0.004949518,0.099320196,0.015967043,0.36579123,0.072516896,null,null,null,null,"TWOGAUSSIANS",8,3.996273,0.74969697,0.004987211,0.4,0.0,0.3168773,0.026233036,0.24446295,0.003982423,0.4,0.0,0.19309847,0.013182101
375316653866487564,4364951863945164032,0.6308876,2145.764243156531,1.1131399231320684,4.369984E-6,16.654392,0.035845865,0.23130663,0.006222002,0.06326027,0.034492787,0.055484753,0.07815496,0.7192001,8.8982016E-4,0.057910703,0.006965724,0.4082105,0.07056254,0.08328539,0.042605914,0.23130663,0.006222002,"TWOGAUSSIANS_WITH_ELLIPSOIDAL_ON_ECLIPSE1",9,16.67699,0.72038007,7.429502E-4,0.32429996,0.03900805,0.57387495,0.017592747,0.23130663,0.006222002,0.35425752,0.15154138,0.22201784,0.010064282
375316653866487564,4364954750163343488,0.50809836,2146.660765641642,1.3404686581326897,1.1640973E-5,19.04608,0.003935767,0.1913749,0.005315668,0.023863977,0.0031836105,0.13160028,0.032416586,0.6753562,0.0016411925,0.018165972,0.0017901063,0.21691158,0.0070032137,null,null,null,null,"TWOGAUSSIANS",8,1.6796447,0.6753562,0.0016411925,0.101729445,0.010024595,0.21691158,0.0070032137,0.1913749,0.005315668,0.13363828,0.017828219,0.13160028,0.032416586
375316653866487564,4364956128848576640,0.6838904,2153.074373738248,2.461603579980706,3.765381E-6,16.252367,0.0038642134,0.21845637,7.3277985E-4,0.04734079,0.0025278344,0.36677516,0.021857983,0.7200322,0.0013572697,0.046074867,0.0016000213,0.32514822,0.009769234,0.10369277,0.0057810363,0.21845637,7.3277985E-4,"TWOGAUSSIANS_WITH_ELLIPSOIDAL_ON_ECLIPSE1",9,6.1679335,0.21845637,7.3277985E-4,0.26510844,0.014155872,0.5741603,0.02575745,0.7200322,0.0013572697,0.25801927,0.0089601185,0.532513,0.005941359
375316653866487564,4364957773820153984,0.5266498,2151.3630668111628,4.8437725040004915,1.2498694E-5,19.485374,0.012136972,0.15940541,0.004122975,0.07095303,0.007237545,0.33630118,0.02695647,0.6580387,0.004386706,0.056821235,0.004900924,0.49122664,0.051792722,null,null,null,null,"TWOGAUSSIANS",8,2.295784,0.6580387,0.004386706,0.31819892,0.027445175,0.49086884,0.05191805,0.15940541,0.004122975,0.39733693,0.027088027,0.33594334,0.02705386
375316653866487564,4364957778116041984,0.51921725,2131.5697695626664,2.9965798734253033,1.624378E-5,18.090702,0.01219333,0.2047131,0.005008586,0.09098416,0.013966022,0.15541093,0.00980717,0.70976627,0.006432314,0.07972684,0.012092395,0.1757952,0.011182535,null,null,null,null,"TWOGAUSSIANS",8,3.1966314,0.70976627,0.006432314,0.4,0.0,0.17166989,0.009020416,0.2047131,0.005008586,0.4,0.0,0.15128554,0.008941668
375316653866487564,4364964267810917760,0.5359654,2170.3365898111892,1.334765147881985,1.2860404E-5,19.18481,0.0078076627,0.21493839,0.003145197,0.06273426,0.0032424347,0.47163257,0.026036603,0.7051233,0.006540069,0.065862104,0.008355211,0.22955333,0.015538306,null,null,null,null,"TWOGAUSSIANS",8,2.3983967,0.21493839,0.003145197,0.35131186,0.018157635,0.47138175,0.02607602,0.7051233,0.006540069,0.36882776,0.04678918,0.2293025,0.01571138
375316653866487564,4364964851926377216,0.48334187,2152.627575813216,1.5711434637343087,1.0566121E-5,17.532972,0.0020714896,0.2615071,0.004634346,0.044559658,0.0033306137,0.11885896,0.01627103,0.773355,0.014756515,0.024846885,0.019949585,0.04409644,0.013085249,null,null,null,null,"TWOGAUSSIANS",8,2.6992278,0.2615071,0.004634346,0.24953407,0.018651437,0.11885896,0.01627103,0.773355,0.014756515,0.13914256,0.11171768,0.04409644,0.013085261
375316653866487564,4364979493470709504,0.5453297,2165.892119196784,3.2722018800966484,1.6245693E-5,16.643671,0.017087212,0.27158594,0.0037243464,0.104991585,0.007926579,0.23375173,0.016660765,0.7897425,0.003827366,0.09807227,0.008723251,0.21718132,0.016580675,null,null,null,null,"TWOGAUSSIANS",8,12.793627,0.27158594,0.0037251252,0.4,0.0,0.21636572,0.009207342,0.7897525,0.0038285449,0.4,0.0,0.19980133,0.008578379
375316653866487564,4364980382527767040,0.5759726,2141.3541607625048,1.0831331483875937,1.3053233E-5,19.322086,0.00562175,0.23400213,0.011407345,0.042737745,0.015080114,0.11167122,0.023658186,0.724784,0.024208779,0.038476236,0.010882392,0.7898567,0.113492794,null,null,null,null,"TWOGAUSSIANS",8,1.4101729,0.724784,0.024208779,0.21546693,0.060941394,0.7898567,0.113492735,0.23400213,0.011407345,0.23933136,0.084448636,0.11167122,0.023658225
375316653866487564,4365002789373346048,0.50520325,2147.101117058633,2.92568018059734,2.9135163E-5,15.830367,0.9789054,0.2456576,0.007932731,0.12562555,0.11498225,0.18543811,0.8380898,0.7510587,0.005800158,0.12978312,0.13507327,0.18810964,0.9074405,null,null,null,null,"TWOGAUSSIANS",8,39.457783,0.7511187,0.004777691,0.4,0.0,0.13551559,0.008496409,0.24556759,0.0078885835,0.4,0.0,0.13293537,0.011879474
375316653866487564,4365004399983227264,0.55189013,2117.9757755284663,3.9026754439692835,1.9126577E-5,18.126904,0.0093292855,0.2488084,0.005739847,0.031709846,0.00581336,0.07932693,0.021229561,0.7277448,0.008758842,0.059037518,0.009758123,0.095416024,0.020009248,0.089867964,0.0122390045,0.2488084,0.005739847,"TWOGAUSSIANS_WITH_ELLIPSOIDAL_ON_ECLIPSE1",9,5.6299663,0.7349448,0.0041528866,0.3306101,0.05464549,0.27308193,0.009068575,0.2488084,0.005739847,0.17757514,0.032554816,0.2590601,0.00822395
375316653866487564,4365004640501410176,0.6224748,2123.659914592038,3.3710878565711107,5.521808E-6,16.797594,0.013103224,0.22300339,0.0013604432,0.047834933,0.0035940527,0.35669556,0.025468465,0.7203918,0.0015996073,0.055296596,0.0033528104,0.44595453,0.03300133,0.12047202,0.017782556,0.22300339,0.0013604432,"TWOGAUSSIANS_WITH_ELLIPSOIDAL_ON_ECLIPSE1",9,24.5826,0.7206918,0.001405556,0.30966094,0.018775739,0.6868276,0.02546656,0.22300339,0.0013604432,0.2678756,0.020126695,0.59762603,0.011105092
375316653866487564,4365019380829567616,0.5517285,2407.6992990742588,1.9389112866511913,1.0281447E-5,15.72411,0.33584428,0.20308642,0.0027629484,0.13799836,0.106521964,0.14169805,0.3247479,0.7071235,0.0041980273,0.12363197,0.0583922,0.14678238,0.27248192,null,null,null,null,"TWOGAUSSIANS",8,8.876945,0.7072335,0.0035822636,0.4,0.0,0.10224597,0.0051979604,0.20303641,0.0026709605,0.4,0.0,0.09684291,0.0047511607
375316653866487564,4365025810398333312,0.7138937,2344.222965692918,0.2949414919034677,1.0599046E-5,12.46043,5.8639125E-4,0.28865048,3.7776463E-4,0.014963656,4.2328684E-4,0.38284793,0.0014528255,0.786844,0.0013398534,0.014126522,0.0034831525,0.3932714,0.085186854,null,null,null,null,"TWOGAUSSIANS",8,15.325331,0.786844,0.0013398534,0.07910852,0.019505654,0.3932714,0.085186854,0.28865048,3.7776463E-4,0.08379647,0.0023704062,0.38284793,0.0014528255
375316653866487564,4365031338019050752,0.6001775,2174.5006585749657,3.4940134177751383,7.329296E-6,16.75154,0.0072786477,0.28291965,0.0015844321,0.06759848,0.0027641344,0.60170406,0.02831341,0.77450734,0.0021353143,0.071688995,0.0024013936,0.53435546,0.011664828,null,null,null,null,"TWOGAUSSIANS",8,31.345488,0.28291965,0.0015844321,0.37855148,0.015479152,0.60025686,0.028670408,0.77450734,0.0021353143,0.4,0.0068719736,0.5329083,0.011583788
375316653866487564,4365046048284322176,0.60243785,2159.1702821870117,1.5120409960348578,5.4609573E-6,15.956102,0.005521623,0.29367244,0.0024198904,0.096630365,0.0069647697,0.109396085,0.004645434,0.7865928,0.0012920328,0.09167018,0.0035799101,0.17331417,0.0048711463,null,null,null,null,"TWOGAUSSIANS",8,3.6382847,0.7865928,0.0012920328,0.4,0.0,0.16606726,0.002937188,0.29367244,0.0024198904,0.4,0.0,0.10214894,0.003204526
375316653866487564,4365046632399579648,0.56512934,2159.0793469769856,2.128458989708087,7.739864E-6,16.009054,0.010960553,0.13310821,0.0029795044,0.07940039,0.0071597868,0.204435,0.010486541,0.6249083,0.0022095004,0.09316365,0.0038631994,0.3558236,0.010915344,null,null,null,null,"TWOGAUSSIANS",8,41.8342,0.6249083,0.0022095004,0.4,0.0,0.3486501,0.008665181,0.13310821,0.0029795044,0.4,0.0,0.19726194,0.009346468
375316653866487564,4365052988951171840,0.5463401,2137.035729125931,2.2557519380947357,1.509669E-5,15.7923,0.017693453,0.30310273,0.0033784912,0.10568591,0.0141691705,0.11943658,0.01635606,0.7959074,0.004008853,0.12044953,0.014681181,0.11841963,0.017319122,null,null,null,null,"TWOGAUSSIANS",8,8.679401,0.30313274,0.0033888002,0.4,0.0,0.10030962,0.002845947,0.7959074,0.004008853,0.4,0.0,0.09925196,0.003219921
375316653866487564,4365058757089436416,0.4786216,2130.51583614516,1.5944513456770744,1.0911925E-4,19.452917,0.011820535,0.30134246,0.0109026125,0.04057804,0.0066049295,0.49370295,0.039141066,0.70663244,0.041815583,0.099102885,0.03831208,0.107681766,0.042817853,null,null,null,null,"TWOGAUSSIANS",8,4.6436157,0.30134246,0.01087996,0.22723703,0.036987606,0.4936938,0.03901251,0.70663244,0.041815583,0.4,0.0,0.10764746,0.042860556
