Gaia/vari_eclipsing_binary/VariEclipsingBinary_655528-655957.csv
# %ECSV 1.0
# ---
# delimiter: ','
# meta: !!omap
# - RELEASE: Gaia DR3
# - TABLE: vari_eclipsing_binary
# - DESCRIPTION: >
#     This table describes the properties of the eclipsing binaries resulting from the variability analysis. 
# - CITATION: >
#     How to cite and acknowledge Gaia: 
#     https://gea.esac.esa.int/archive/documentation/credits.html 
# - KNOWN_ISSUES: >
#     Known issues: 
#     https://www.cosmos.esa.int/web/gaia-users/known-issues 
# - DOCUMENTATION: >
#     Tutorials and documentation: 
#     https://www.cosmos.esa.int/web/gaia-users/archive 
# datatype:
# - 
#   name: solution_id
#   datatype: int64
#   description: Solution Identifier
#   meta:
#     ucd: meta.version
# - 
#   name: source_id
#   datatype: int64
#   description: Unique source identifier
#   meta:
#     ucd: meta.id;meta.main
# - 
#   name: global_ranking
#   datatype: float32
#   description: Number between 0 (worst) and 1 (best)
#   meta:
#     ucd: stat.param
# - 
#   name: reference_time
#   datatype: float64
#   unit: d
#   description: Reference time used for the geometric model fit
#   meta:
#     ucd: time.epoch
# - 
#   name: frequency
#   datatype: float64
#   unit: d**-1
#   description: Frequency of geometric model of the eclipsing binary light curve
#   meta:
#     ucd: src.orbital
# - 
#   name: frequency_error
#   datatype: float32
#   unit: d**-1
#   description: "Uncertainty of \\texttt{frequency}"
#   meta:
#     ucd: stat.error
# - 
#   name: geom_model_reference_level
#   datatype: float32
#   unit: mag
#   description: Magnitude reference level of geometric model
#   meta:
#     ucd: phot.mag;em.opt
# - 
#   name: geom_model_reference_level_error
#   datatype: float32
#   unit: mag
#   description: "Uncertainty of \\texttt{geomModelReferenceLevel}"
#   meta:
#     ucd: stat.error;phot.mag;em.opt
# - 
#   name: geom_model_gaussian1_phase
#   datatype: float32
#   description: Phase of the Gaussian 1 component
#   meta:
#     ucd: time.phase
# - 
#   name: geom_model_gaussian1_phase_error
#   datatype: float32
#   description: "Uncertainty of \\texttt{geomModelGaussian1Phase}"
#   meta:
#     ucd: stat.error;time.phase
# - 
#   name: geom_model_gaussian1_sigma
#   datatype: float32
#   description: "Standard deviation [phase] of Gaussian 1 component"
#   meta:
#     ucd: stat.stdev
# - 
#   name: geom_model_gaussian1_sigma_error
#   datatype: float32
#   description: "Uncertainty of \\texttt{geomModelGaussian1Sigma}"
#   meta:
#     ucd: stat.error
# - 
#   name: geom_model_gaussian1_depth
#   datatype: float32
#   unit: mag
#   description: Magnitude depth of Gaussian 1 component
#   meta:
#     ucd: src.var.amplitude
# - 
#   name: geom_model_gaussian1_depth_error
#   datatype: float32
#   unit: mag
#   description: "Uncertainty of \\texttt{geomModelGaussian1Depth}"
#   meta:
#     ucd: stat.error;src.var.amplitude
# - 
#   name: geom_model_gaussian2_phase
#   datatype: float32
#   description: Phase of Gaussian 2 component
#   meta:
#     ucd: time.phase
# - 
#   name: geom_model_gaussian2_phase_error
#   datatype: float32
#   description: "Uncertainty of \\texttt{geomModelGaussian2Phase}"
#   meta:
#     ucd: stat.error;time.phase
# - 
#   name: geom_model_gaussian2_sigma
#   datatype: float32
[...]
#   datatype: float32
#   description: "Secondary eclipse: uncertainty of \\texttt{derivedSecondaryEclDuration}"
#   meta:
#     ucd: stat.error;time.duration
# - 
#   name: derived_secondary_ecl_depth
#   datatype: float32
#   unit: mag
#   description: "Secondary eclipse: depth"
#   meta:
#     ucd: src.var.amplitude
# - 
#   name: derived_secondary_ecl_depth_error
#   datatype: float32
#   unit: mag
#   description: "Secondary eclipse: uncertainty of \\texttt{derivedSecondaryEclDepth}"
#   meta:
#     ucd: stat.error;src.var.amplitude
solution_id,source_id,global_ranking,reference_time,frequency,frequency_error,geom_model_reference_level,geom_model_reference_level_error,geom_model_gaussian1_phase,geom_model_gaussian1_phase_error,geom_model_gaussian1_sigma,geom_model_gaussian1_sigma_error,geom_model_gaussian1_depth,geom_model_gaussian1_depth_error,geom_model_gaussian2_phase,geom_model_gaussian2_phase_error,geom_model_gaussian2_sigma,geom_model_gaussian2_sigma_error,geom_model_gaussian2_depth,geom_model_gaussian2_depth_error,geom_model_cosine_half_period_amplitude,geom_model_cosine_half_period_amplitude_error,geom_model_cosine_half_period_phase,geom_model_cosine_half_period_phase_error,model_type,num_model_parameters,reduced_chi2,derived_primary_ecl_phase,derived_primary_ecl_phase_error,derived_primary_ecl_duration,derived_primary_ecl_duration_error,derived_primary_ecl_depth,derived_primary_ecl_depth_error,derived_secondary_ecl_phase,derived_secondary_ecl_phase_error,derived_secondary_ecl_duration,derived_secondary_ecl_duration_error,derived_secondary_ecl_depth,derived_secondary_ecl_depth_error
[from data line 107]
375316653866487564,5767202409134076544,0.41511765,2220.1237472054227,0.33938880129641974,1.1237048E-4,15.270148,0.0069709457,0.27075794,0.0124904495,0.08757028,0.016905641,0.12373988,0.019183198,0.7620123,0.027675046,0.079159856,0.02281188,0.09745763,0.04647392,null,null,null,null,"TWOGAUSSIANS",8,38.80215,0.27075794,0.0124904495,0.4,0.0,0.12164126,0.020792687,0.7620123,0.027675046,0.4,0.010052155,0.09535904,0.04756829
375316653866487564,5767204466421528192,0.45513904,2202.9393567397756,0.25073574795126924,8.561634E-6,17.830296,0.0038235036,0.1871015,0.03503615,0.047253218,0.014802693,0.038343243,0.010352676,0.80207336,2.6777497E-4,0.0035327778,1.5135335E-4,0.25032726,0.0072891894,null,null,null,null,"TWOGAUSSIANS",8,7.733079,0.80207336,2.6777497E-4,0.019783555,8.4757875E-4,0.25032726,0.0072891894,0.1871015,0.03503615,0.264618,0.082895085,0.038343243,0.010352676
375316653866487564,5767206631085115136,0.44536108,2165.308337236093,2.244475903455467,9.603485E-5,17.499493,0.011795863,0.27139586,0.009567286,0.08052632,0.019454606,0.1587099,0.013832789,0.75903994,0.008440685,0.06284824,0.01542696,0.20425352,0.043336954,null,null,null,null,"TWOGAUSSIANS",8,36.337936,0.75903994,0.008440685,0.35195014,0.08639097,0.2036617,0.044103876,0.27139586,0.009567286,0.4,0.0,0.15811805,0.013874927
375316653866487564,5767220585435415168,0.62001514,2182.1611112627443,2.3592074876278706,2.9439036E-6,13.054851,0.023883447,0.28026858,0.0010182215,0.11560326,0.009530587,0.22653358,0.019128388,0.78001153,0.0017727067,0.124114886,0.009367663,0.21448877,0.023079554,null,null,null,null,"TWOGAUSSIANS",8,23.534292,0.28026858,0.0010181861,0.4,0.0,0.17680962,0.005645649,0.78001153,0.0017727067,0.4,0.0,0.16467576,0.0013932041
375316653866487564,5767228797412634240,0.6924988,2189.563926146778,0.24075044046740468,1.269166E-6,14.409266,0.0026298994,0.2725975,8.438565E-4,0.021157319,8.869739E-4,0.61746377,0.024807977,0.7688137,0.004767951,0.032285653,0.0049509024,0.16386499,0.012776585,0.029567285,0.002975093,0.2725975,8.438565E-4,"TWOGAUSSIANS_WITH_ELLIPSOIDAL_ON_ECLIPSE1",9,24.109934,0.2725975,8.438565E-4,0.11848099,0.0049670544,0.6765983,0.024399415,0.7689237,0.004634046,0.18079965,0.027725052,0.22296709,0.011953807
375316653866487564,5767245251430668160,0.6280035,2231.9151581965793,3.251711764233271,4.191255E-6,17.496346,0.0032147968,0.28767654,0.0016099587,0.08162862,0.0038543113,0.1767752,0.009814694,0.7880664,0.0011544694,0.06728498,0.001448112,0.33505246,0.004818955,null,null,null,null,"TWOGAUSSIANS",8,1.7842336,0.7880664,0.0011544694,0.3767959,0.008109427,0.3334062,0.00469145,0.28767654,0.0016099587,0.4,0.0,0.17512897,0.010147903
375316653866487564,5767245874203061120,0.46988255,2214.4015003525706,0.5364035406724725,1.9825276E-5,12.611596,0.004926121,0.22377492,0.006721205,0.05912656,0.016163673,0.040547717,0.004674033,0.7390712,0.013663069,0.08054174,0.025223697,0.11538313,0.04607151,null,null,null,null,"TWOGAUSSIANS",8,97.893616,0.7390712,0.013663069,0.4,0.0,0.115221806,0.047377236,0.22377492,0.006722431,0.33110872,0.090516575,0.040386394,0.0042396444
375316653866487564,5767250336672263680,0.5752689,2155.521892350848,3.5816357824413094,1.0652482E-5,17.779778,0.012106401,0.2973262,0.001963851,0.073740475,0.00376513,0.56511897,0.028512374,0.78446114,0.003524716,0.07305529,0.0046316492,0.47745147,0.02102899,null,null,null,null,"TWOGAUSSIANS",8,16.322716,0.2973262,0.001963851,0.4,1.6150664E-4,0.5627958,0.028832486,0.78446114,0.003524716,0.4,0.005870064,0.4751283,0.021152627
375316653866487564,5767252505632484864,0.6688584,2171.6321742142795,2.4379396823743655,3.5533155E-6,14.54951,0.0059624794,0.25289157,7.1105245E-4,0.08710468,0.0015005304,0.46761197,0.0055969963,0.75246876,0.0032085977,0.09240139,0.004066443,0.41261888,0.0071461485,null,null,null,null,"TWOGAUSSIANS",8,29.383606,0.25289157,7.1105245E-4,0.4,0.0,0.4496276,0.0033871077,0.75246876,0.0032085977,0.4,0.0,0.3946342,0.005480412
375316653866487564,5767299475394554624,0.6275999,2212.155543835871,2.9595796745378284,5.5732735E-6,16.143251,0.011293235,0.20345595,0.0016874588,0.04342982,0.0034153257,0.31462228,0.03101351,0.7026333,0.005321923,0.050151635,0.0057079974,0.37581035,0.032519903,0.12667906,0.018188378,0.20345595,0.0016874588,"TWOGAUSSIANS_WITH_ELLIPSOIDAL_ON_ECLIPSE1",9,40.31068,0.70273334,0.0051171547,0.28084916,0.031964786,0.6291608,0.025889488,0.20345595,0.0016874588,0.24320701,0.019125825,0.56797874,0.018717663
375316653866487564,5767315933709400064,0.7342152,2190.2085257106896,0.07180549927336626,7.9546495E-5,13.893464,3.9317334E-4,0.44635037,0.008290472,0.0516719,0.017609606,0.0036001427,0.0010251149,0.7625405,2.2505465E-5,0.01164651,3.9737773E-5,2.1269417,0.028483473,null,null,null,null,"TWOGAUSSIANS",8,3.3592892,0.7625405,2.2505465E-5,0.06522045,2.2253153E-4,2.1269417,0.028483473,0.44635037,0.008290472,0.28936264,0.09861379,0.0036001427,0.0010251149
375316653866487564,5767322668218236928,0.6950533,2185.352516372984,0.869650214026491,1.8714185E-6,14.286852,0.0042093378,0.12896655,0.004080666,0.048607145,0.0033727197,0.07340473,0.010797972,0.621546,0.0012646886,0.05328739,0.0015487161,0.39056256,0.008911285,0.03028628,0.0055041197,0.12896655,0.004080666,"TWOGAUSSIANS_WITH_ELLIPSOIDAL_ON_ECLIPSE1",9,21.0838,0.62179595,0.0012060824,0.29840937,0.00867281,0.45100445,0.004060363,0.12896655,0.004080666,0.27220002,0.018887231,0.13397376,0.005792014
375316653866487564,5767326546570570624,0.595609,2171.4617605502017,1.2294581128449196,1.0249016E-6,17.37042,0.0012851765,0.22982378,6.163886E-7,6.058096E-4,8.942151E-6,0.4520563,0.0075953198,0.7149462,7.3741825E-4,0.013444502,0.002229492,0.050350685,0.018645585,null,null,null,null,"TWOGAUSSIANS",8,1.9213135,0.22982378,6.163886E-7,0.0033925339,5.0076043E-5,0.4520563,0.0075953198,0.7149462,7.3741825E-4,0.07528921,0.012485154,0.050350685,0.018645585
375316653866487564,5767335342664508928,0.5325257,2191.443418138541,2.296388751895169,1.1262758E-5,17.014524,0.0013737035,null,null,null,null,null,null,null,null,null,null,null,null,0.06651944,0.0022261075,0.20575847,0.0026781154,"ELLIPSOIDAL",4,4.6007557,null,null,null,null,null,null,null,null,null,null,null,null
375316653866487564,5767349400094785152,0.5803599,2151.2519835464072,1.477271236926328,8.218217E-6,14.428243,0.0038469653,0.2570149,0.001337064,0.040425476,0.003329629,0.13892533,0.008386894,0.7480669,0.009964105,0.013618927,0.011517475,0.017140046,0.010312594,0.020274378,0.004076297,0.2570149,0.001337064,"TWOGAUSSIANS_WITH_ELLIPSOIDAL_ON_ECLIPSE1",9,33.676,0.2570149,0.001337064,0.22638266,0.018645922,0.17947409,0.0042685033,0.7483669,0.00967807,0.07626599,0.064497866,0.05756504,0.0029243163
375316653866487564,5767350568325884416,0.556663,2160.411181109363,0.46396054723838803,2.7033628E-5,13.415781,0.0040517626,0.2489916,0.0057589626,0.011214507,0.005338115,0.45299435,1.1370134,0.7516693,1.2171488E-4,0.0066283434,9.294313E-5,0.3712185,0.0045471494,null,null,null,null,"TWOGAUSSIANS",8,447.20993,0.2489916,0.0057589626,0.062801234,0.029893445,0.45299435,1.1370134,0.7516693,1.2171488E-4,0.03711872,5.2048155E-4,0.3712185,0.0045471494
375316653866487564,5767352836068403840,0.5506167,2192.8356657307386,1.4458889150792245,9.110594E-6,17.223509,0.0049910056,0.26589274,0.0011295022,0.03636765,0.0011195439,0.575831,0.01622084,0.7714496,0.02127758,0.04228232,0.015013288,0.20216231,0.14099191,null,null,null,null,"TWOGAUSSIANS",8,27.536133,0.26589274,0.0011295022,0.20365885,0.006269446,0.575831,0.01622084,0.7714496,0.02127758,0.236781,0.08407441,0.20216231,0.14099191
375316653866487564,5767353862563240832,0.421754,2196.7736520255676,1.5084504484091326,5.2886888E-5,17.950642,0.11800112,0.24934533,0.06561086,0.104041964,0.027685024,0.14847554,0.031870995,0.6009487,0.07118025,0.12457775,0.23637858,0.09463801,0.10986347,null,null,null,null,"TWOGAUSSIANS",8,22.787907,0.25244534,0.048625175,0.4,0.0,0.14618279,0.029762942,0.6009487,0.07118025,0.4,0.06673089,0.09101172,0.022966644
375316653866487564,5767354171800881024,0.42103967,2208.7650261996514,0.07495358501618564,2.6298905E-5,17.741995,0.019097779,0.07911292,0.012948469,0.06016311,0.009294221,0.08457983,0.031789023,0.5016037,0.018483788,0.1338716,0.034362726,0.13334423,0.018159611,null,null,null,null,"TWOGAUSSIANS",8,13.322096,0.5016037,0.018483788,0.4,0.0,0.1307793,0.02114217,0.08004291,0.012812902,0.3369134,0.052047636,0.08295349,0.029972028
375316653866487564,5767365755330055424,0.51196426,2169.375648561295,3.1647581265965004,1.9856196E-5,15.232143,0.48062518,0.26501247,0.0040321825,0.14437576,0.0131806815,0.35227472,0.10752787,0.7623108,0.0048797117,0.24213892,0.10074078,0.45163023,0.47405222,null,null,null,null,"TWOGAUSSIANS",8,30.606964,0.26648247,0.00433955,0.4,0.0,0.1159975,0.005637488,0.7623108,0.0048797117,0.4,0.0,0.11012353,0.005530169
375316653866487564,5767382827823169792,0.5449363,2201.061831434192,4.249293444653972,9.593792E-6,19.327364,0.014442652,0.2731195,0.0032081078,0.047395952,0.007589061,0.5877242,0.09154168,0.7694969,0.005793282,0.042490646,0.0058699953,0.43292725,0.04922835,0.09314045,0.019826083,0.2731195,0.0032081078,"TWOGAUSSIANS_WITH_ELLIPSOIDAL_ON_ECLIPSE1",9,3.1428401,0.2731195,0.0032081078,0.2654173,0.04249874,0.7740045,0.10447291,0.7697069,0.0054528643,0.23794761,0.032871973,0.6191166,0.04269945
375316653866487564,5767385782759724544,0.40294108,2208.1941259392092,0.9834082858253813,6.389726E-5,17.405066,0.019771859,0.27572972,0.020704003,0.18678747,0.065498434,0.070097424,0.017771833,0.6590077,0.030313611,0.041050542,0.026103707,0.045913827,0.01405622,null,null,null,null,"TWOGAUSSIANS",8,21.64422,0.27572972,0.020704003,0.4,0.0,0.06588307,0.012659249,0.6590077,0.030313611,0.22988304,0.14618076,0.050539322,0.0159285
375316653866487564,5767390975378466816,0.5390292,2183.707700896865,2.8915590339624444,1.19056995E-5,16.990307,0.013723296,0.26026422,0.0062036123,0.08957599,0.0107377805,0.32462162,0.029094143,0.7517056,0.004726922,0.081263915,0.0053987447,0.3790646,0.021834988,null,null,null,null,"TWOGAUSSIANS",8,24.075327,0.7517056,0.004726922,0.4,0.0,0.37076095,0.020682395,0.26026422,0.0062036123,0.4,0.0,0.31631786,0.030964125
375316653866487564,5767417638535303552,0.6197742,2186.5294387432805,2.520493994974054,4.1564463E-6,12.950313,0.010716966,0.24912846,0.0019385417,0.0554946,0.004062677,0.33649516,0.025397975,0.7556585,0.0058754366,0.048636235,0.0061501046,0.19111753,0.026022105,0.09953697,0.015521727,0.24912846,0.0019385417,"TWOGAUSSIANS_WITH_ELLIPSOIDAL_ON_ECLIPSE1",9,314.77618,0.24912846,0.0019385417,0.31076977,0.02275099,0.53555524,0.008115114,0.7556585,0.0058754366,0.27236292,0.034440584,0.38984266,0.008297213
375316653866487564,5767453166503952256,0.4655558,2171.898494506676,2.4744668311126494,1.478596E-5,15.2631855,0.0055898745,0.737243,0.006846114,0.04553348,0.01123399,0.13066237,0.034493424,null,null,null,null,null,null,0.056931097,0.008459581,0.737243,0.006846114,"ONEGAUSSIAN_WITH_ELLIPSOIDAL",6,324.22244,0.737243,0.006846114,0.25498748,0.06291034,0.24452426,0.03351506,null,null,null,null,null,null
375316653866487564,5767460725646567552,0.5266087,2187.141876153897,2.410219554439606,8.96425E-6,16.402163,0.0021483249,0.123506196,0.019268889,0.012096205,0.010122679,0.16282155,0.7611477,0.3503648,4.3936627E-4,0.013794912,0.0024793886,2.7518735,3.687775,0.005161216,0.0033376839,0.3503648,4.3936627E-4,"TWOGAUSSIANS_WITH_ELLIPSOIDAL_ON_ECLIPSE2",9,31.754921,0.3503648,4.3936627E-4,0.07725151,0.013884577,2.7621958,3.6882412,0.12352619,0.019287184,0.06773875,0.056687,0.16303837,0.761174
375316653866487564,5767466081468342144,0.47869068,2189.6184847542804,0.0989833486194052,8.1003425E-5,16.723902,0.0030796449,0.15038925,0.018528324,0.026231438,0.010011324,0.051908962,0.067002565,0.4337929,0.0032004965,0.023121295,0.010206104,0.44404784,0.30540743,0.009991285,0.0053615007,0.15038925,0.018528324,"TWOGAUSSIANS_WITH_ELLIPSOIDAL_ON_ECLIPSE1",9,28.571512,0.43385288,0.003570666,0.12947924,0.057154182,0.4449166,0.3051516,0.15038925,0.018528324,0.14689605,0.056063414,0.071891345,0.068405755
375316653866487564,5767480345057213184,0.54621834,2202.3265664189257,0.12244326844163211,2.6886142E-5,14.387649,9.911553E-4,0.1936525,0.0031811595,0.0018847096,0.001128873,0.22631328,3.8431802,0.6760123,0.0087185,0.011686178,0.010426006,0.18905896,13.436927,0.002720673,0.0014169046,0.1936525,0.0031811595,"TWOGAUSSIANS_WITH_ELLIPSOIDAL_ON_ECLIPSE1",9,34.25193,0.1936525,0.0031811595,0.010554373,0.0063216886,0.23175462,3.8434546,0.6760223,0.008730079,0.06544259,0.058385633,0.19443373,13.43705
375316653866487564,5767492817642041600,0.5018155,2160.211765429568,1.5491342536169521,8.7710265E-5,16.126177,0.005998481,0.80256677,0.0029210506,0.013995615,0.0053111217,0.33501843,0.035789996,null,null,null,null,null,null,0.032127153,0.007042547,0.80256677,0.0029210506,"ONEGAUSSIAN_WITH_ELLIPSOIDAL",6,107.90328,0.80256677,0.0029210506,0.078375444,0.029742282,0.39927274,0.039183974,null,null,null,null,null,null
375316653866487564,5767507003917232384,0.58955914,2224.955429983924,3.060772751513636,8.458151E-6,17.723026,0.012128895,0.2562228,0.0030795424,0.087080225,0.0043076086,0.45373076,0.018084314,0.7574011,0.0028937177,0.09278723,0.004328359,0.40712494,0.013392798,null,null,null,null,"TWOGAUSSIANS",8,5.797385,0.2562228,0.0030795424,0.4,0.0,0.43606174,0.017512167,0.7574011,0.0028937177,0.4,0.0,0.38945556,0.010344911
375316653866487564,5767515323271610112,0.6754427,2213.7246734616565,0.938151959204887,4.1233375E-6,13.908304,0.0035368449,0.29115933,0.0105734505,0.027609793,0.007983978,0.08236039,0.010923857,0.78668606,4.9514417E-4,0.03130286,4.9556367E-4,1.1240938,0.0147957085,0.010964826,0.004619121,0.29115933,0.0105734505,"TWOGAUSSIANS_WITH_ELLIPSOIDAL_ON_ECLIPSE1",9,60.80325,0.7866961,4.947743E-4,0.17529601,0.0027751564,1.1460061,0.013796767,0.29115933,0.0105734505,0.15461484,0.04471028,0.10429002,0.009674201
375316653866487564,5767519068482243072,0.65389663,2211.5740096055642,0.9835572935053123,6.134272E-6,15.069685,0.0021073942,0.2041653,0.0031940031,0.039189868,0.006595159,0.12953123,0.060374737,0.7049816,9.962632E-4,0.047240365,0.0011424748,0.2810935,0.0072077964,0.019564021,0.0025764378,0.2041653,0.0031940031,"TWOGAUSSIANS_WITH_ELLIPSOIDAL_ON_ECLIPSE1",9,11.176467,0.7049816,9.946664E-4,0.26454604,0.0063978587,0.3202202,0.005651754,0.2041653,0.0031940031,0.21946324,0.03693289,0.16865894,0.06260916
375316653866487564,5767527039941605888,0.5087141,2166.340605839095,2.505176452899351,1.6960632E-5,13.444921,0.15787864,0.27814427,0.0031776256,0.2636934,0.03818683,0.97846466,0.15463123,0.78047067,0.003766335,0.1560447,0.019297091,0.6535396,0.17446682,null,null,null,null,"TWOGAUSSIANS",8,261.2889,0.27751428,0.0031091156,0.4,0.0,0.1714614,0.011751202,0.7823807,0.0046756137,0.4,0.0,0.16163565,0.013626055
375316653866487564,5767539821764417408,0.53756905,2239.0094399362797,0.7974542818833105,2.8830356E-5,13.697245,0.0012203982,0.7638472,0.0012664706,0.022462208,0.005781991,0.28655624,0.09578202,null,null,null,null,null,null,0.014267627,0.0019420154,0.7638472,0.0012664706,"ONEGAUSSIAN_WITH_ELLIPSOIDAL",6,29.945377,0.7638472,0.0012664706,0.12578836,0.03237915,0.31509146,0.096281126,null,null,null,null,null,null
375316653866487564,5767548686576980864,0.4936145,2207.5389107064443,0.14312098757584357,7.6117816E-5,16.197842,0.0036542905,0.49521154,0.002659296,0.02681078,0.003506632,0.6221295,0.19115207,null,null,null,null,null,null,null,null,null,null,"ONEGAUSSIAN",5,82.39133,0.49521154,0.002659296,0.15014036,0.01963714,0.6221295,0.0,null,null,null,null,null,null
375316653866487564,5767551912095862272,0.44074202,2214.0535639824125,1.3459227474543343,8.800101E-6,17.867582,0.004339094,0.32617632,0.02416986,0.033483204,0.028397176,0.10121282,0.9613003,0.8276932,0.0046606245,0.015027871,0.004253501,0.18954112,0.057066124,null,null,null,null,"TWOGAUSSIANS",8,17.316965,0.8276932,0.0046606245,0.08415607,0.023819605,0.18954112,0.057066124,0.32617632,0.02416986,0.18750593,0.1590242,0.10121282,0.9613003
