Gaia/vari_eclipsing_binary/VariEclipsingBinary_529168-529216.csv
# %ECSV 1.0
# ---
# delimiter: ','
# meta: !!omap
# - RELEASE: Gaia DR3
# - TABLE: vari_eclipsing_binary
# - DESCRIPTION: >
#     This table describes the properties of the eclipsing binaries resulting from the variability analysis. 
# - CITATION: >
#     How to cite and acknowledge Gaia: 
#     https://gea.esac.esa.int/archive/documentation/credits.html 
# - KNOWN_ISSUES: >
#     Known issues: 
#     https://www.cosmos.esa.int/web/gaia-users/known-issues 
# - DOCUMENTATION: >
#     Tutorials and documentation: 
#     https://www.cosmos.esa.int/web/gaia-users/archive 
# datatype:
# - 
#   name: solution_id
#   datatype: int64
#   description: Solution Identifier
#   meta:
#     ucd: meta.version
# - 
#   name: source_id
#   datatype: int64
#   description: Unique source identifier
#   meta:
#     ucd: meta.id;meta.main
# - 
#   name: global_ranking
#   datatype: float32
#   description: Number between 0 (worst) and 1 (best)
#   meta:
#     ucd: stat.param
# - 
#   name: reference_time
#   datatype: float64
#   unit: d
#   description: Reference time used for the geometric model fit
#   meta:
#     ucd: time.epoch
# - 
#   name: frequency
#   datatype: float64
#   unit: d**-1
#   description: Frequency of geometric model of the eclipsing binary light curve
#   meta:
#     ucd: src.orbital
# - 
#   name: frequency_error
#   datatype: float32
#   unit: d**-1
#   description: "Uncertainty of \\texttt{frequency}"
#   meta:
#     ucd: stat.error
# - 
#   name: geom_model_reference_level
#   datatype: float32
#   unit: mag
#   description: Magnitude reference level of geometric model
#   meta:
#     ucd: phot.mag;em.opt
# - 
#   name: geom_model_reference_level_error
#   datatype: float32
#   unit: mag
#   description: "Uncertainty of \\texttt{geomModelReferenceLevel}"
#   meta:
#     ucd: stat.error;phot.mag;em.opt
# - 
#   name: geom_model_gaussian1_phase
#   datatype: float32
#   description: Phase of the Gaussian 1 component
#   meta:
#     ucd: time.phase
# - 
#   name: geom_model_gaussian1_phase_error
#   datatype: float32
#   description: "Uncertainty of \\texttt{geomModelGaussian1Phase}"
#   meta:
#     ucd: stat.error;time.phase
# - 
#   name: geom_model_gaussian1_sigma
#   datatype: float32
#   description: "Standard deviation [phase] of Gaussian 1 component"
#   meta:
#     ucd: stat.stdev
# - 
#   name: geom_model_gaussian1_sigma_error
#   datatype: float32
#   description: "Uncertainty of \\texttt{geomModelGaussian1Sigma}"
#   meta:
#     ucd: stat.error
# - 
#   name: geom_model_gaussian1_depth
#   datatype: float32
#   unit: mag
#   description: Magnitude depth of Gaussian 1 component
#   meta:
#     ucd: src.var.amplitude
# - 
#   name: geom_model_gaussian1_depth_error
#   datatype: float32
#   unit: mag
#   description: "Uncertainty of \\texttt{geomModelGaussian1Depth}"
#   meta:
#     ucd: stat.error;src.var.amplitude
# - 
#   name: geom_model_gaussian2_phase
#   datatype: float32
#   description: Phase of Gaussian 2 component
#   meta:
#     ucd: time.phase
# - 
#   name: geom_model_gaussian2_phase_error
#   datatype: float32
#   description: "Uncertainty of \\texttt{geomModelGaussian2Phase}"
#   meta:
#     ucd: stat.error;time.phase
# - 
#   name: geom_model_gaussian2_sigma
#   datatype: float32
[...]
#   datatype: float32
#   description: "Secondary eclipse: uncertainty of \\texttt{derivedSecondaryEclDuration}"
#   meta:
#     ucd: stat.error;time.duration
# - 
#   name: derived_secondary_ecl_depth
#   datatype: float32
#   unit: mag
#   description: "Secondary eclipse: depth"
#   meta:
#     ucd: src.var.amplitude
# - 
#   name: derived_secondary_ecl_depth_error
#   datatype: float32
#   unit: mag
#   description: "Secondary eclipse: uncertainty of \\texttt{derivedSecondaryEclDepth}"
#   meta:
#     ucd: stat.error;src.var.amplitude
solution_id,source_id,global_ranking,reference_time,frequency,frequency_error,geom_model_reference_level,geom_model_reference_level_error,geom_model_gaussian1_phase,geom_model_gaussian1_phase_error,geom_model_gaussian1_sigma,geom_model_gaussian1_sigma_error,geom_model_gaussian1_depth,geom_model_gaussian1_depth_error,geom_model_gaussian2_phase,geom_model_gaussian2_phase_error,geom_model_gaussian2_sigma,geom_model_gaussian2_sigma_error,geom_model_gaussian2_depth,geom_model_gaussian2_depth_error,geom_model_cosine_half_period_amplitude,geom_model_cosine_half_period_amplitude_error,geom_model_cosine_half_period_phase,geom_model_cosine_half_period_phase_error,model_type,num_model_parameters,reduced_chi2,derived_primary_ecl_phase,derived_primary_ecl_phase_error,derived_primary_ecl_duration,derived_primary_ecl_duration_error,derived_primary_ecl_depth,derived_primary_ecl_depth_error,derived_secondary_ecl_phase,derived_secondary_ecl_phase_error,derived_secondary_ecl_duration,derived_secondary_ecl_duration_error,derived_secondary_ecl_depth,derived_secondary_ecl_depth_error
[from data line 149]
375316653866487564,4654701009251706240,0.55163467,2072.754274379561,1.0830885798044911,4.4800257E-5,17.988989,0.0033860286,0.31149206,0.012738936,0.058617543,0.010732393,0.34936833,0.03929567,0.7797491,0.0069186096,0.047682486,0.006031301,0.108802356,0.006901972,null,null,null,null,"TWOGAUSSIANS",8,4.502696,0.31149206,0.012738936,0.32825825,0.060101397,0.3493668,0.03929674,0.7797491,0.0069186096,0.26702192,0.033775285,0.10880084,0.0069019385
375316653866487564,4654701975637939456,0.53669965,2094.0011301443183,0.059025262502442666,2.961037E-4,18.18536,0.008502239,0.4278375,2.1996928E-4,0.020200636,0.0013822278,9.018431,3.7958703,0.7607146,0.07231516,0.12095876,0.077099875,0.025022307,0.012448104,null,null,null,null,"TWOGAUSSIANS",8,4.4904966,0.4278375,2.1996928E-4,0.11312356,0.0077404757,9.018989,3.7953339,0.7607146,0.07231516,0.4,0.0023176316,0.025012556,0.012437102
375316653866487564,4654703143868944512,0.4381995,2107.0038155693346,1.261762170486187,4.364763E-5,17.878654,0.0036440245,0.6765883,0.054543298,0.10660813,0.026903573,0.04210306,0.010590734,0.8421639,0.008441183,0.034211393,0.01029125,0.10542966,0.047669936,null,null,null,null,"TWOGAUSSIANS",8,4.491828,0.8421639,0.008441183,0.19158381,0.057631,0.118032366,0.047897957,0.6766183,0.054664463,0.4,0.0,0.04210252,0.010595762
375316653866487564,4654705098060934784,0.5688352,2117.6157309742002,0.7869761915166297,1.44025435E-5,18.69837,0.003644264,0.38416854,0.048981696,0.04457838,0.022334915,0.20207079,0.43847266,0.9050648,0.0016269715,0.025200246,0.0013333064,0.4182991,0.0072407564,null,null,null,null,"TWOGAUSSIANS",8,2.0238068,0.9050648,0.0016269715,0.14112137,0.007466516,0.4182991,0.0072407564,0.38416854,0.048981696,0.24963893,0.12507552,0.20207079,0.43847266
375316653866487564,4654707370116633472,0.6053808,2120.1665250700444,0.602232352587512,1.1196498E-5,13.6276245,0.010706653,0.14993317,0.001817152,0.05259842,0.00367176,0.31420738,0.028491618,0.65382445,0.0030696574,0.050634243,0.005886598,0.29459792,0.023685187,0.051270638,0.014595027,0.14993317,0.001817152,"TWOGAUSSIANS_WITH_ELLIPSOIDAL_ON_ECLIPSE1",9,39.755177,0.14993317,0.001817152,0.29455113,0.020561855,0.41674295,0.020993998,0.65382445,0.0030696574,0.28355175,0.03296495,0.39707223,0.01249734
375316653866487564,4654707541915290880,0.6037944,2120.752925528851,0.8461075939085657,1.4534609E-5,16.859797,0.0047910605,0.20111673,0.0022076545,0.037452508,0.0044513163,0.37835056,0.06686736,0.7040803,0.0030105596,0.034483064,0.0027820792,0.3698978,0.016896171,0.029783176,0.008454065,0.20111673,0.0022076545,"TWOGAUSSIANS_WITH_ELLIPSOIDAL_ON_ECLIPSE1",9,6.6529965,0.20111673,0.0022076545,0.20973404,0.024927372,0.43791685,0.070111044,0.7040803,0.0030105596,0.19310516,0.015579643,0.42944345,0.011825456
375316653866487564,4654707988592120064,0.47599065,2145.963623471113,0.8944817666902362,7.329547E-5,17.255363,0.006024312,0.312768,0.029668616,0.055585463,0.020438878,0.33684984,0.11620649,0.76306254,0.0788949,0.030772405,0.013552245,0.11579743,0.09475369,null,null,null,null,"TWOGAUSSIANS",8,46.945454,0.312768,0.029668616,0.31127858,0.11445771,0.33684984,0.116206616,0.76306254,0.0788949,0.17232546,0.075892575,0.11579743,0.094753675
375316653866487564,4654708263470071168,0.44033003,2150.2553439150024,0.665857321929197,5.5373475E-5,19.292328,0.028034704,0.36434034,0.012216437,0.14682138,0.015956182,0.4107711,0.027883051,0.74543256,0.043667667,0.039213832,0.024933685,0.38782033,0.18203448,null,null,null,null,"TWOGAUSSIANS",8,5.229476,0.36434034,0.012216437,0.4,0.0,0.40744448,0.025430901,0.74543256,0.043667667,0.21959746,0.13962863,0.39869642,0.18578623
375316653866487564,4654708366549251072,0.43951914,2150.263477997342,0.3116442670183742,5.6589415E-5,18.407627,0.05719574,0.22803175,0.040995266,0.24679796,0.10669827,0.116308995,0.054671027,0.64655626,0.02474744,0.07238722,0.019695684,0.1005195,0.0142390765,null,null,null,null,"TWOGAUSSIANS",8,2.8084416,0.64655626,0.02474744,0.4,0.07269598,0.09371325,0.010338247,0.22803175,0.040995266,0.4,0.0,0.07470351,0.010951319
375316653866487564,4654708469628469760,0.45739818,2153.268197764935,0.27042377279396373,4.1122534E-5,17.852627,0.007953117,0.28103167,0.00957696,0.03154903,0.01938152,0.105169624,0.017781781,0.7837955,0.01332106,0.072196476,0.012169267,0.069689,0.012361071,null,null,null,null,"TWOGAUSSIANS",8,5.4516835,0.28103167,0.00957696,0.17667456,0.108536504,0.10516847,0.017800136,0.7837955,0.01332106,0.4,0.024027718,0.06968785,0.0123470705
375316653866487564,4654708946351730560,0.52046,2119.7625212368534,3.454613608185505,4.8329566E-5,17.632223,0.002873459,0.7025621,0.01266757,0.014849243,0.0069802236,0.1067954,0.1357367,0.9580694,0.017913558,0.012638312,0.011404818,0.2855665,1.3281916E8,null,null,null,null,"TWOGAUSSIANS",8,3.7289135,0.9580694,0.017913558,0.07077455,0.06386698,0.2855665,1.3281916E8,0.7025621,0.01266757,0.08315576,0.03908925,0.1067954,0.1357367
375316653866487564,4654709358668700800,0.47876358,2123.754542707647,0.7801000159671464,2.5892936E-5,18.954416,0.005073499,0.23400714,0.0077866274,0.048427284,0.011791674,0.33526537,0.17657697,0.7506656,0.0031452049,0.033606883,0.0041044573,0.18890525,0.033942733,null,null,null,null,"TWOGAUSSIANS",8,1.4550818,0.23400714,0.0077866274,0.2711928,0.06603338,0.33526537,0.17657706,0.7506656,0.0031452049,0.18819854,0.022984961,0.18890525,0.033942744
375316653866487564,4654709667906620928,0.4603286,2150.313977273722,0.051845306613000734,3.748941E-5,19.324492,0.085472755,0.21934243,0.03214206,0.14526156,0.07975781,0.19889103,0.07109601,0.73373353,0.0089762,0.08094064,0.020387432,0.2824381,0.08782051,null,null,null,null,"TWOGAUSSIANS",8,3.4156554,0.73392355,0.008955436,0.4,0.0324169,0.25166702,0.07353481,0.21934243,0.03214206,0.4,0.0,0.1669983,0.06785561
375316653866487564,4654710561259871488,0.5219545,2194.0625898760327,0.015153626399353302,3.927524E-5,18.067083,0.0036852271,0.21861179,0.0017662821,0.037227537,0.0027408716,0.4708204,0.055508703,0.4924322,0.015190215,0.040316608,0.008301766,0.042920087,0.025628112,null,null,null,null,"TWOGAUSSIANS",8,3.4246206,0.21861179,0.0017662821,0.20847422,0.015348881,0.4708204,0.055508703,0.4924322,0.015190215,0.225773,0.046489887,0.042920087,0.025628112
375316653866487564,4654711699444443776,0.5975529,2206.24190551783,0.39799581996165495,6.189008E-5,15.716515,0.01727956,0.2875009,0.0074380646,0.051425405,0.017600486,0.117924295,0.034235198,0.7887122,0.012068747,0.03887792,0.015669765,0.16259466,0.04110001,0.038648143,0.019885791,0.2875009,0.0074380646,"TWOGAUSSIANS_WITH_ELLIPSOIDAL_ON_ECLIPSE1",9,12.136103,0.7887122,0.011596491,0.21771634,0.08775068,0.2398856,0.023593435,0.2875009,0.0074380646,0.28798229,0.098562725,0.19521971,0.023114482
375316653866487564,4654712730242298112,0.43327338,2122.1020145707125,0.38988738690070773,2.7859815E-5,19.914158,0.022635048,0.22517176,0.0014809745,0.012730437,0.0061675096,0.67011714,0.29620978,0.68281364,0.03741554,0.11299418,0.04634658,0.20954335,0.055515554,null,null,null,null,"TWOGAUSSIANS",8,3.6280696,0.22517176,0.0014809745,0.07129045,0.034538053,0.67014265,0.29627195,0.68281364,0.03741554,0.4,0.0,0.20950936,0.056426067
375316653866487564,4654712863362539392,0.51140094,2125.5106061146557,0.6952564445469828,1.36061335E-5,18.810009,0.012744277,0.2650899,0.005548159,0.07897603,0.010026908,0.19385917,0.03127386,0.7796311,4.261326E-4,0.0389743,0.0017080377,0.38678244,0.017443348,null,null,null,null,"TWOGAUSSIANS",8,8.2477865,0.7796311,4.261326E-4,0.21825609,0.009565012,0.38674894,0.017400138,0.2650899,0.005548159,0.4,0.0,0.19382569,0.031263795
375316653866487564,4654713584926371328,0.5754812,2158.73159385662,0.41764900492974194,7.2211415E-6,18.493797,0.0027504275,0.2511278,0.001055708,0.028481778,7.5806E-4,0.4280663,0.022227896,0.7285416,0.010091889,0.022393094,0.0043496564,0.42085126,0.12549323,null,null,null,null,"TWOGAUSSIANS",8,1.9290134,0.2511278,0.001055708,0.15949795,0.0042451364,0.4280663,0.022227896,0.7285416,0.010091889,0.12540133,0.024358077,0.42085126,0.12549323
375316653866487564,4654713692308452352,0.638359,2187.212331681392,0.9504267082301734,7.705466E-6,17.334526,0.00462738,0.23677887,0.0012150116,0.04725505,0.002028637,0.58272916,0.04449435,0.7408963,0.0025225796,0.039781097,0.0033964214,0.31299797,0.018959323,0.10483671,0.0068268026,0.23677887,0.0012150116,"TWOGAUSSIANS_WITH_ELLIPSOIDAL_ON_ECLIPSE1",9,4.8503857,0.23677887,0.0012150116,0.2646283,0.011360368,0.79240173,0.045077182,0.7408963,0.0025225796,0.22277415,0.01901996,0.52253026,0.020491662
375316653866487564,4654714065953595264,0.54459125,2197.913062517689,0.8510192602775631,4.470547E-6,18.448772,0.00721658,0.21239349,0.1479809,0.07040971,0.0963403,0.049108256,588.9094,0.41500527,0.001333479,0.0074394904,0.0010575992,0.61107934,0.097740084,null,null,null,null,"TWOGAUSSIANS",8,3.589019,0.41500527,0.001333479,0.041661147,0.0059225555,0.61186105,0.0770184,0.21239349,0.1479809,0.39429438,0.40327668,0.049108256,588.9094
375316653866487564,4654714757461139584,0.52424264,2186.9715632728353,0.9202847828230662,4.4948796E-5,18.208612,0.005477375,0.34013286,0.0026169012,0.032978896,0.0058746925,0.2614642,0.032763775,0.83537155,0.005589329,0.04051712,0.0059371637,0.2455319,0.013651796,null,null,null,null,"TWOGAUSSIANS",8,4.7924995,0.34013286,0.0026169012,0.18468182,0.032898277,0.2614642,0.032763775,0.83537155,0.005589329,0.22689588,0.033248115,0.2455319,0.013651796
375316653866487564,4654715440343168000,0.5053518,2187.3679844455755,1.403349670952001,1.7962087E-5,18.268019,0.011466894,0.27194968,0.0047251787,0.0707183,0.00853802,0.18194772,0.010826117,0.7679958,0.009063486,0.06546209,0.011865684,0.095511034,0.031460587,null,null,null,null,"TWOGAUSSIANS",8,3.974936,0.27194968,0.0047251787,0.3960225,0.04065448,0.1816652,0.0106092235,0.7679958,0.009063486,0.3665877,0.06644783,0.095228516,0.03150402
375316653866487564,4654716746011980800,0.53049695,2235.016005367365,3.0401223522633765,4.6666963E-5,17.04247,0.0026110571,0.45972842,0.003044484,0.0063744676,0.0034247134,0.3019188,30.833368,0.8233509,0.014526638,0.034893442,0.006972875,0.2680151,0.26356453,null,null,null,null,"TWOGAUSSIANS",8,5.5466795,0.45972842,0.003044484,0.035697017,0.019178394,0.3019188,30.833368,0.8233509,0.014526638,0.19540328,0.039048098,0.2680151,0.26356453
375316653866487564,4654717398861007744,0.49602076,2196.185015508629,1.0057876162285486,1.0399307E-4,19.44345,0.008831672,0.24888091,1.4245388E-5,0.007565339,1.6219167E-4,0.2679596,0.008805857,0.7379509,0.0107307695,0.021544723,0.025137072,0.5294601,0.29843268,null,null,null,null,"TWOGAUSSIANS",8,4.1449018,0.7379509,0.0107307695,0.12065044,0.1407676,0.5294601,0.29843268,0.24888091,1.4245388E-5,0.042365897,9.082734E-4,0.2679596,0.008805857
375316653866487564,4654717811164092416,0.5034136,2181.527805208586,0.08355419167821904,1.1979925E-4,19.410133,0.012366431,0.22935821,0.027325518,0.07188974,0.02114046,0.33612972,0.12498718,0.7271102,0.044675596,0.047991816,0.02051004,0.67393935,0.5318672,null,null,null,null,"TWOGAUSSIANS",8,4.395651,0.7271102,0.044675596,0.26875415,0.11485622,0.6738061,0.5317036,0.22935821,0.027325518,0.4,0.10413978,0.33599648,0.12507144
375316653866487564,4654717982975938560,0.52543485,2176.562622384837,0.6043484732722286,1.0745908E-5,18.716255,0.0050741215,0.42787093,0.010896584,0.022905555,0.0045231376,0.41524333,0.15044853,0.92878765,0.018992623,0.02198032,0.009894087,0.34371173,0.8364434,null,null,null,null,"TWOGAUSSIANS",8,2.2278018,0.42787093,0.010896584,0.1282711,0.025329571,0.41524333,0.15044853,0.92878765,0.018992623,0.12308979,0.055406887,0.34371173,0.8364434
375316653866487564,4654717982975958016,0.47428167,2194.5801441836816,0.022235595015599505,1.4490068E-4,19.59016,0.013634529,0.30949125,0.083709404,0.040185217,0.068035,0.64486533,3.252615E24,0.555555,0.025796179,0.015419809,0.015194986,0.16406116,0.52679497,0.023988735,0.022648066,0.30949125,0.083709404,"TWOGAUSSIANS_WITH_ELLIPSOIDAL_ON_ECLIPSE1",9,3.4397538,0.30949125,0.083709404,0.22503722,0.38099602,0.6928425,3.252615E24,0.555555,0.025758801,0.08635093,0.085091926,0.16409016,0.525425
375316653866487564,4654718021638814848,0.62057334,2224.739951284963,1.0480150181236896,5.6353515E-6,16.83432,0.006498567,0.1829898,0.001874959,0.04110028,0.00359228,0.31570694,0.013546715,0.6836173,0.0034956732,0.04187927,0.005895464,0.35194767,0.041375205,0.06840347,0.008769178,0.1829898,0.001874959,"TWOGAUSSIANS_WITH_ELLIPSOIDAL_ON_ECLIPSE1",9,7.483019,0.6836173,0.0034390234,0.2345239,0.0330146,0.48875245,0.050720155,0.1829898,0.001874959,0.23016156,0.020116767,0.4525138,0.007982944
375316653866487564,4654718159077775104,0.555585,2200.244572181168,1.49860124307113,1.8492412E-5,18.958096,0.009717275,0.23810765,0.0045776204,0.051921163,0.0072759837,0.33958775,0.04061858,0.7348847,0.009604736,0.056890838,0.009515059,0.2792233,0.052383944,null,null,null,null,"TWOGAUSSIANS",8,1.5767305,0.23810765,0.0045776204,0.29075852,0.040745508,0.33957386,0.04065704,0.7348847,0.009604736,0.3185887,0.053284332,0.2792094,0.052396346
375316653866487564,4654718159077780224,0.44018957,2222.622262206174,0.3547576262488904,2.2610908E-5,19.641378,0.021305328,0.33758467,0.008948717,0.053165533,0.0050437395,0.22128405,0.03876079,0.7543069,0.021072766,0.056046642,0.042239666,0.25316474,0.11644461,null,null,null,null,"TWOGAUSSIANS",8,5.703625,0.7543069,0.021072766,0.3138612,0.1294348,0.25316444,0.11657453,0.33758467,0.008948717,0.297727,0.02824494,0.22128373,0.038689286
375316653866487564,4654718601460273920,0.55133444,2225.8102199871537,3.3630050465159185,3.5537134E-5,18.726835,0.012228113,0.28272086,0.007103114,0.08771791,0.010491098,0.2223053,0.01595698,0.77349484,0.0070696645,0.07070957,0.009412121,0.20628935,0.013187033,null,null,null,null,"TWOGAUSSIANS",8,1.9418337,0.28272086,0.007103114,0.4,0.0,0.21986489,0.015240095,0.77349484,0.0070696645,0.3959736,0.025778923,0.20384899,0.011965065
375316653866487564,4654719082523310976,0.47778687,2202.497662601382,0.5335380545609976,8.45134E-6,18.87402,0.019420462,0.54305285,0.016845787,0.19261566,0.036845926,0.16078754,0.017920712,0.87552834,0.003975854,0.01027656,0.009035016,0.2839682,7.895251E11,null,null,null,null,"TWOGAUSSIANS",8,2.0089078,0.87552834,0.003975854,0.057548735,0.050596092,0.30954412,7.895251E11,0.54305285,0.016845787,0.4,0.0,0.1497203,0.013512763
375316653866487564,4654719116834426752,0.52522063,2176.766084162483,1.1361558265560507,1.4321124E-5,17.915264,0.0027454332,0.31806436,0.08421698,0.010559153,0.02801067,0.49989155,218.53699,0.64249736,8.7125576E-4,0.011882883,0.0011942411,0.03316305,0.0031571942,0.0020246047,0.0036880604,0.31806436,0.08421698,"TWOGAUSSIANS_WITH_ELLIPSOIDAL_ON_ECLIPSE1",9,2.9281034,0.31806436,0.08421698,0.059131254,0.15685976,0.50394076,218.53806,0.64258736,6.8207044E-4,0.06654414,0.00668775,0.03398687,0.001625973
375316653866487564,4654719254294926080,0.46799076,2243.2028366873737,1.192188520187296,4.286362E-5,19.515879,0.1563664,0.37048206,0.037470758,0.07133878,0.04869999,0.2113355,0.08268581,0.6718847,0.017895645,0.09495373,0.07484088,0.6135435,0.22598629,null,null,null,null,"TWOGAUSSIANS",8,6.4773407,0.6718847,0.017895645,0.4,0.0,0.613459,0.22995198,0.37405208,0.027618008,0.39949718,0.08518253,0.21544053,0.15262744
375316653866487564,4654719323006865920,0.4799863,2220.533458238637,0.5880659281256655,5.484633E-5,18.335476,0.34202307,0.25957182,0.028543308,0.29821363,0.19573252,0.3827156,0.3304756,0.7246209,0.006012215,0.072174236,0.021334726,0.20894295,0.07157052,null,null,null,null,"TWOGAUSSIANS",8,2.0993357,0.7246209,0.006012215,0.4,0.11609641,0.16532859,0.03154419,0.25957182,0.028543308,0.4,0.0,0.15183732,0.03113927
