Gaia/vari_eclipsing_binary/VariEclipsingBinary_484879-484894.csv
# %ECSV 1.0
# ---
# delimiter: ','
# meta: !!omap
# - RELEASE: Gaia DR3
# - TABLE: vari_eclipsing_binary
# - DESCRIPTION: >
#     This table describes the properties of the eclipsing binaries resulting from the variability analysis. 
# - CITATION: >
#     How to cite and acknowledge Gaia: 
#     https://gea.esac.esa.int/archive/documentation/credits.html 
# - KNOWN_ISSUES: >
#     Known issues: 
#     https://www.cosmos.esa.int/web/gaia-users/known-issues 
# - DOCUMENTATION: >
#     Tutorials and documentation: 
#     https://www.cosmos.esa.int/web/gaia-users/archive 
# datatype:
# - 
#   name: solution_id
#   datatype: int64
#   description: Solution Identifier
#   meta:
#     ucd: meta.version
# - 
#   name: source_id
#   datatype: int64
#   description: Unique source identifier
#   meta:
#     ucd: meta.id;meta.main
# - 
#   name: global_ranking
#   datatype: float32
#   description: Number between 0 (worst) and 1 (best)
#   meta:
#     ucd: stat.param
# - 
#   name: reference_time
#   datatype: float64
#   unit: d
#   description: Reference time used for the geometric model fit
#   meta:
#     ucd: time.epoch
# - 
#   name: frequency
#   datatype: float64
#   unit: d**-1
#   description: Frequency of geometric model of the eclipsing binary light curve
#   meta:
#     ucd: src.orbital
# - 
#   name: frequency_error
#   datatype: float32
#   unit: d**-1
#   description: "Uncertainty of \\texttt{frequency}"
#   meta:
#     ucd: stat.error
# - 
#   name: geom_model_reference_level
#   datatype: float32
#   unit: mag
#   description: Magnitude reference level of geometric model
#   meta:
#     ucd: phot.mag;em.opt
# - 
#   name: geom_model_reference_level_error
#   datatype: float32
#   unit: mag
#   description: "Uncertainty of \\texttt{geomModelReferenceLevel}"
#   meta:
#     ucd: stat.error;phot.mag;em.opt
# - 
#   name: geom_model_gaussian1_phase
#   datatype: float32
#   description: Phase of the Gaussian 1 component
#   meta:
#     ucd: time.phase
# - 
#   name: geom_model_gaussian1_phase_error
#   datatype: float32
#   description: "Uncertainty of \\texttt{geomModelGaussian1Phase}"
#   meta:
#     ucd: stat.error;time.phase
# - 
#   name: geom_model_gaussian1_sigma
#   datatype: float32
#   description: "Standard deviation [phase] of Gaussian 1 component"
#   meta:
#     ucd: stat.stdev
# - 
#   name: geom_model_gaussian1_sigma_error
#   datatype: float32
#   description: "Uncertainty of \\texttt{geomModelGaussian1Sigma}"
#   meta:
#     ucd: stat.error
# - 
#   name: geom_model_gaussian1_depth
#   datatype: float32
#   unit: mag
#   description: Magnitude depth of Gaussian 1 component
#   meta:
#     ucd: src.var.amplitude
# - 
#   name: geom_model_gaussian1_depth_error
#   datatype: float32
#   unit: mag
#   description: "Uncertainty of \\texttt{geomModelGaussian1Depth}"
#   meta:
#     ucd: stat.error;src.var.amplitude
# - 
#   name: geom_model_gaussian2_phase
#   datatype: float32
#   description: Phase of Gaussian 2 component
#   meta:
#     ucd: time.phase
# - 
#   name: geom_model_gaussian2_phase_error
#   datatype: float32
#   description: "Uncertainty of \\texttt{geomModelGaussian2Phase}"
#   meta:
#     ucd: stat.error;time.phase
# - 
#   name: geom_model_gaussian2_sigma
#   datatype: float32
[...]
#   datatype: float32
#   description: "Secondary eclipse: uncertainty of \\texttt{derivedSecondaryEclDuration}"
#   meta:
#     ucd: stat.error;time.duration
# - 
#   name: derived_secondary_ecl_depth
#   datatype: float32
#   unit: mag
#   description: "Secondary eclipse: depth"
#   meta:
#     ucd: src.var.amplitude
# - 
#   name: derived_secondary_ecl_depth_error
#   datatype: float32
#   unit: mag
#   description: "Secondary eclipse: uncertainty of \\texttt{derivedSecondaryEclDepth}"
#   meta:
#     ucd: stat.error;src.var.amplitude
solution_id,source_id,global_ranking,reference_time,frequency,frequency_error,geom_model_reference_level,geom_model_reference_level_error,geom_model_gaussian1_phase,geom_model_gaussian1_phase_error,geom_model_gaussian1_sigma,geom_model_gaussian1_sigma_error,geom_model_gaussian1_depth,geom_model_gaussian1_depth_error,geom_model_gaussian2_phase,geom_model_gaussian2_phase_error,geom_model_gaussian2_sigma,geom_model_gaussian2_sigma_error,geom_model_gaussian2_depth,geom_model_gaussian2_depth_error,geom_model_cosine_half_period_amplitude,geom_model_cosine_half_period_amplitude_error,geom_model_cosine_half_period_phase,geom_model_cosine_half_period_phase_error,model_type,num_model_parameters,reduced_chi2,derived_primary_ecl_phase,derived_primary_ecl_phase_error,derived_primary_ecl_duration,derived_primary_ecl_duration_error,derived_primary_ecl_depth,derived_primary_ecl_depth_error,derived_secondary_ecl_phase,derived_secondary_ecl_phase_error,derived_secondary_ecl_duration,derived_secondary_ecl_duration_error,derived_secondary_ecl_depth,derived_secondary_ecl_depth_error
[from data line 37]
375316653866487564,4265047763551747456,0.51385564,2236.7272234102306,2.517868612753725,4.967585E-5,18.796106,0.057757676,0.23951708,0.01576839,0.09226544,0.022147346,0.49548787,0.07717148,0.75745547,0.01969351,0.09815219,0.017821562,0.5210943,0.061932255,null,null,null,null,"TWOGAUSSIANS",8,13.959184,0.75745547,0.019693492,0.4,0.0,0.49594226,0.04443349,0.23951708,0.015771236,0.4,0.0,0.47033864,0.073912196
375316653866487564,4265048008407275776,0.56458926,2266.8868306608733,2.3811029159989188,2.019553E-5,19.408495,0.20697558,0.1988873,0.0053132805,0.115922876,0.028571345,0.43021527,0.1949986,0.69069934,0.008727293,0.13253257,0.06105937,0.3544511,0.19185679,null,null,null,null,"TWOGAUSSIANS",8,0.6020714,0.1989973,0.0048150523,0.4,0.0,0.3356133,0.013602312,0.69069934,0.008727293,0.4,0.0,0.25934097,0.018640967
375316653866487564,4265048386360514048,0.535929,2267.176672996172,1.8015641335212493,2.02446E-5,15.515698,0.07694691,0.25587657,0.010381144,0.11470059,0.035847653,0.14211957,0.0766896,0.75498515,0.008917865,0.110971354,0.03718593,0.15661487,0.07503791,null,null,null,null,"TWOGAUSSIANS",8,21.356737,0.75498515,0.008929628,0.4,0.0,0.13126239,0.0084891515,0.25587657,0.010317978,0.4,0.0,0.11675806,0.010834875
375316653866487564,4265048416386847104,0.5138644,2255.7359661190576,1.9357245923041175,3.439784E-5,18.855549,0.071743265,0.3050836,0.007973779,0.10842944,0.028911611,0.3758747,0.06690233,0.7904731,0.0043080696,0.097427405,0.01226061,0.5406009,0.07141846,null,null,null,null,"TWOGAUSSIANS",8,7.3557706,0.7904731,0.0043080696,0.4,0.0,0.50163734,0.03131269,0.3050836,0.007970907,0.4,0.0,0.33689222,0.025867552
375316653866487564,4265048455080000128,0.49744818,2269.0205941222207,0.3996830524517782,5.0881317E-5,19.515377,0.036131136,0.13099173,0.007004285,0.018453842,0.010229442,0.102117814,0.41148013,0.5599297,0.015046917,0.20406875,0.03602134,0.26477247,0.032875057,null,null,null,null,"TWOGAUSSIANS",8,1.2532241,0.5599297,0.015046917,0.4,0.0,0.23840769,0.020255696,0.13176171,0.0070033106,0.10334152,0.057284877,0.11018726,0.41114727
375316653866487564,4265048656904988416,0.45402452,2267.994414123814,0.6474387691398094,3.1313462E-5,18.781887,0.06565612,0.29376677,0.0073628826,0.09385128,0.018712914,0.21264686,0.05584331,0.78252274,0.0061124833,0.12588018,0.060616612,0.096445575,0.063237816,null,null,null,null,"TWOGAUSSIANS",8,2.4108067,0.29379675,0.007418823,0.4,0.0,0.19541585,0.011273402,0.78252274,0.0061124833,0.4,0.0,0.07913829,0.013032725
375316653866487564,4265049039200083072,0.4615145,2255.0141396636886,2.273843410821458,6.655928E-5,19.022741,0.00546694,0.13575427,0.005813009,0.014293636,0.005280753,0.25809702,9.192404,0.562606,0.010376739,0.11703858,0.008712853,0.38168484,0.02774885,null,null,null,null,"TWOGAUSSIANS",8,7.3464217,0.562606,0.010376739,0.4,0.0,0.3816013,0.02777655,0.13576427,0.005817303,0.08004436,0.029572217,0.25850952,9.19239
375316653866487564,4265049137941356160,0.60060036,2259.6494222833826,2.959364977201434,1.0598791E-5,18.419968,0.010273903,0.27510425,0.0029543268,0.076237254,0.0064519956,0.506762,0.03834409,0.7824163,0.002227206,0.06625526,0.0020921025,0.5277202,0.016289627,null,null,null,null,"TWOGAUSSIANS",8,3.4158032,0.7824163,0.002227206,0.3710294,0.011715774,0.52589905,0.01597787,0.27510425,0.0029543268,0.4,0.0,0.50494087,0.039337203
375316653866487564,4265049348438084224,0.4700116,2275.9326042156545,1.1454090915634996,2.836702E-5,19.805403,0.025908163,0.29889244,0.008832083,0.06157665,0.009391912,0.46250248,0.1095335,0.7947684,0.01902956,0.044278182,0.007975969,0.69652116,0.25054824,null,null,null,null,"TWOGAUSSIANS",8,3.9386878,0.7947684,0.01902956,0.24795783,0.04466543,0.69650835,0.25054443,0.29889244,0.008832083,0.34482923,0.05259471,0.46248963,0.109552175
375316653866487564,4265049447183695744,0.47000432,2277.678641614944,1.1453981241190379,5.143961E-5,19.65387,0.012656214,0.3142743,0.023231661,0.05991844,0.019339982,0.18768007,0.072184384,0.78449976,0.008451117,0.055577535,0.0073389183,0.20586134,0.020893177,null,null,null,null,"TWOGAUSSIANS",8,2.7890422,0.78449976,0.008451117,0.3112342,0.041097943,0.20585077,0.02089366,0.3142743,0.023231661,0.33554327,0.09232876,0.18766947,0.07220418
375316653866487564,4265049726342174080,0.5011005,2223.754913907211,1.2017071341493974,3.50529E-5,19.813437,0.012787731,0.3492738,0.006091637,0.08326342,0.00977708,0.33032718,0.030978136,0.8471469,0.031013027,0.045939133,0.012041973,0.38471368,0.16783063,null,null,null,null,"TWOGAUSSIANS",8,2.2978175,0.8471469,0.031013027,0.25725913,0.06743505,0.38436413,0.16783716,0.3492738,0.006091637,0.4,0.0,0.32997763,0.03118283
375316653866487564,4265050374884607488,0.58907264,2165.3535319805637,0.9468432130311673,1.9954529E-4,16.576101,0.003104801,0.6230897,0.0011254058,0.029307825,8.4423914E-4,0.34095573,0.008851313,0.90098786,0.019585334,0.0733273,0.017731542,0.019351622,0.004653248,null,null,null,null,"TWOGAUSSIANS",8,5.3041086,0.6230897,0.0011335668,0.16412382,0.004727739,0.34097046,0.0088320365,0.90098786,0.019585334,0.4,0.040165137,0.019351622,0.004653248
375316653866487564,4265050379259972480,0.44551396,2198.388450836528,1.337815126698622,7.93148E-5,18.796873,0.011010788,0.44470933,0.019865874,0.121669516,0.02072838,0.119884476,0.0144141335,0.8674263,0.015628222,0.017664557,0.008769392,0.10142651,0.12476286,null,null,null,null,"TWOGAUSSIANS",8,3.3432105,0.44470933,0.019865874,0.4,0.0,0.11983038,0.014395304,0.8674263,0.015628222,0.09892152,0.049108595,0.1016608,0.12464682
375316653866487564,4265050585336106624,0.525269,2254.441020528971,3.0465642139218247,3.4272212E-5,19.446188,0.06726828,0.29407516,0.04612027,0.074248135,0.033792693,0.5251344,0.11934756,0.7950277,0.006474351,0.069910176,0.014780652,0.48305368,0.08140897,null,null,null,null,"TWOGAUSSIANS",8,10.939403,0.29407516,0.04612027,0.4,0.047955118,0.5227283,0.10806302,0.7950277,0.006474351,0.39149696,0.06436928,0.48064756,0.0761336
375316653866487564,4265050649762545024,0.60124916,2187.9370741673692,1.7603700781947285,1.3913489E-5,15.618617,0.013581088,0.230382,0.004404426,0.10295335,0.009573214,0.17415573,0.013372712,0.7337598,0.0023352592,0.09920947,0.0066898284,0.22017719,0.011994957,null,null,null,null,"TWOGAUSSIANS",8,12.114784,0.7337598,0.0023352592,0.4,0.0,0.20260805,0.006278819,0.230382,0.004404426,0.4,0.0,0.1565853,0.005586003
375316653866487564,4265050688415763456,0.54783916,2254.859703097712,2.444751064898996,4.8265367E-5,18.923,0.02242286,0.23682797,0.007251603,0.07681907,0.010400115,0.4047926,0.028827593,0.73034173,0.0046610315,0.07561103,0.0065566446,0.41485846,0.021646174,null,null,null,null,"TWOGAUSSIANS",8,4.5219474,0.73034173,0.0046610315,0.4,0.0,0.4115768,0.018979872,0.23682797,0.007251603,0.4,0.010611006,0.40151095,0.027881816
375316653866487564,4265051135092705024,0.4962344,2259.989584611628,2.6361700297561734,1.3984079E-4,19.094769,0.02312253,0.171012,0.0173986,0.06794864,0.016282963,0.25852692,0.039765608,0.5880139,0.056096364,0.026433181,0.02293557,0.7224454,1.0770674,null,null,null,null,"TWOGAUSSIANS",8,20.231766,0.5880139,0.056096364,0.14802581,0.12843919,0.7224454,1.0770302,0.171012,0.0173986,0.3805124,0.07530121,0.25852692,0.03976625
375316653866487564,4265051581769489408,0.57927936,2234.2186978452446,1.6453943948017373,1.7966036E-5,19.606497,0.011795753,0.51585835,0.01675867,0.049116388,0.057658195,0.44581556,null,0.84137726,0.003525248,0.044494197,0.0037931234,0.56428933,0.040475775,null,null,null,null,"TWOGAUSSIANS",8,1.6810917,0.84137726,0.003525248,0.2491675,0.02124149,0.56428933,0.040475775,0.51585835,0.01675867,0.27505177,0.3228859,0.44581556,null
375316653866487564,4265051616210736640,0.6436091,2198.4182871983626,1.2542680077780082,6.84588E-6,17.635698,0.004696202,0.26821998,7.66589E-4,0.042185597,0.00407901,0.61010903,0.05608118,0.7729114,0.0044570686,0.05548205,0.007096848,0.0882683,0.00725597,null,null,null,null,"TWOGAUSSIANS",8,3.1407266,0.26821998,7.66589E-4,0.23623934,0.022842456,0.61010844,0.056082893,0.7729114,0.0044570686,0.31069946,0.03974235,0.08826768,0.0072559416
375316653866487564,4265051646195958400,0.57417053,2235.2903878334623,0.09512380512986089,6.912999E-5,17.90866,0.0023094302,0.42024153,0.0012408658,0.011440278,0.0012247642,0.25346753,0.06593535,null,null,null,null,null,null,null,null,null,null,"ONEGAUSSIAN",5,1.6052126,0.42024153,0.0012408658,0.06406555,0.006858679,0.25346753,0.0,null,null,null,null,null,null
375316653866487564,4265051650588333312,0.4781658,2245.1533957981505,1.023686821429406,3.385204E-5,19.010082,0.0062781647,0.3790398,0.0115902955,0.08203357,0.0105388705,0.11168834,0.00882773,0.8182023,0.0037074888,0.07379127,0.0078108925,0.42181748,0.09751871,null,null,null,null,"TWOGAUSSIANS",8,2.2542992,0.8182023,0.0037074888,0.4,0.00813263,0.4211871,0.097935475,0.3790398,0.0115902955,0.4,0.0,0.11105792,0.008685706
375316653866487564,4265052303405403520,0.51831317,2209.999042209106,0.026591854247688836,3.0079547E-5,18.043768,0.00508112,0.21440573,0.016084405,0.076261245,0.013226852,0.12798259,0.010955834,0.6238092,0.012529806,0.03407972,0.0057699503,0.16206045,0.01667383,null,null,null,null,"TWOGAUSSIANS",8,4.19609,0.6238092,0.012529806,0.19084643,0.032311723,0.16206037,0.016673366,0.21440573,0.016084405,0.4,0.027230442,0.12798244,0.010955654
375316653866487564,4265052573910061824,0.5141869,2210.970251637245,1.0667621172797626,1.8795487E-5,18.140074,0.01262945,0.22212014,0.12579873,0.05268712,0.027020492,0.54107064,0.40273482,0.6657057,0.0047967774,0.036894996,0.0045047207,0.2586182,0.050869625,null,null,null,null,"TWOGAUSSIANS",8,17.141956,0.22212014,0.12579873,0.29504788,0.15131475,0.54107064,0.40273485,0.6657057,0.0047967774,0.20661196,0.025226435,0.2586182,0.050869536
375316653866487564,4265052853161199488,0.58463633,2176.490240294885,2.181714886817252,1.8270755E-5,16.907562,0.06585021,0.25428975,0.003542449,0.10897531,0.015814206,0.28129354,0.061416253,0.7576019,0.005752054,0.13457505,0.031864468,0.22142881,0.063655354,null,null,null,null,"TWOGAUSSIANS",8,5.1834908,0.25424972,0.0035191607,0.4,0.0,0.22423339,0.007530068,0.75761193,0.0057631102,0.4,0.0,0.16393678,0.009188541
375316653866487564,4265053398563159296,0.41961673,2208.0118513344805,0.6856974295318042,2.4890938E-5,18.819145,0.3078599,0.32438728,0.0099261375,0.13751061,0.071944155,0.27180785,0.23022775,0.8095364,0.017216941,0.15791357,0.12569253,0.21189497,0.2973851,null,null,null,null,"TWOGAUSSIANS",8,4.9538937,0.32552728,0.00470218,0.4,0.0,0.17170173,0.030381411,0.8095364,0.017216941,0.4,0.0,0.10963207,0.03556458
375316653866487564,4265053604701223040,0.5009553,2193.895046277592,1.58120901060002,2.666067E-5,18.025343,0.009707341,0.25340208,0.0067371535,0.08904611,0.012185225,0.12554643,0.015433152,0.74896914,0.0139366295,0.09061747,0.017470432,0.12350866,0.01898949,null,null,null,null,"TWOGAUSSIANS",8,3.0420423,0.25340208,0.0067371535,0.4,0.0,0.120710544,0.016612856,0.74896914,0.0139366295,0.4,0.0,0.11867276,0.02190849
375316653866487564,4265053643353329664,0.48767877,2216.1974239497936,1.5894228762543865,1.8775323E-5,19.504288,0.2648257,0.20189175,0.0025257706,0.042431448,0.022457542,0.56848556,0.18254814,0.5418326,0.005012251,0.08086306,0.035359275,1.0039515,0.15887026,null,null,null,null,"TWOGAUSSIANS",8,7.5625353,0.5418326,0.005012251,0.4,0.0,1.0039506,0.15758796,0.20191175,0.0029362633,0.2376161,0.12576224,0.5686306,0.19259976
375316653866487564,4265053677713060224,0.49630818,2204.306359146695,3.7627571176132606,1.3988813E-5,19.35527,0.025827717,0.19332582,0.012780119,0.07181224,0.013655032,0.25809014,0.038334742,0.70199776,0.0054543004,0.08099642,0.016018491,0.31458578,0.045403857,null,null,null,null,"TWOGAUSSIANS",8,2.3140728,0.70199776,0.0054543004,0.4,0.0,0.31234014,0.047278658,0.19332582,0.012780119,0.4,0.046539012,0.2558445,0.03625448
375316653866487564,4265053677713177472,0.5350557,2170.7917974263396,2.254772178411389,3.1030173E-5,18.70063,0.023927115,0.21736072,0.014729776,0.086723946,0.013533161,0.5071571,0.050485823,0.6969613,0.024499204,0.05564182,0.030581374,0.49248612,0.18332843,null,null,null,null,"TWOGAUSSIANS",8,7.7293615,0.21736072,0.014729776,0.4,0.0,0.50593054,0.050396737,0.6969613,0.024499204,0.3115942,0.09529401,0.49125972,0.19490935
375316653866487564,4265053879579236736,0.4970711,2187.203794307482,4.923511112289317,6.133104E-5,18.846117,0.008194012,0.5450972,0.0075236596,0.030707577,0.009481277,1.1769024,2.98025,null,null,null,null,null,null,null,null,null,null,"ONEGAUSSIAN",5,7.263273,0.5450972,0.0075236596,0.17196244,0.053095154,1.1769024,0.0,null,null,null,null,null,null
375316653866487564,4265054051378796800,0.46898326,2286.920841708869,0.4485465089226908,4.1149306E-5,17.206299,0.020277414,0.31615415,0.04251354,0.21840616,0.08651732,0.06640619,0.01692001,0.77255917,8.003233E-5,0.009594385,3.3910852E-4,0.49031,0.021331234,null,null,null,null,"TWOGAUSSIANS",8,8.205367,0.77255917,8.003233E-5,0.053728554,0.0018990077,0.4911184,0.020557184,0.31615415,0.04251354,0.4,0.0,0.056737963,0.00925394
375316653866487564,4265054463694536192,0.4827078,2232.0713070048832,1.4016852210751392,2.0638874E-5,18.743765,0.03170775,0.1705689,0.008763385,0.057024047,0.012421425,0.17657582,0.038272914,0.63084495,0.08118681,0.14867614,0.11384201,0.056106057,0.03521353,null,null,null,null,"TWOGAUSSIANS",8,2.1255589,0.17070891,0.008854313,0.31933466,0.069559984,0.17294142,0.035455637,0.63084495,0.08118681,0.4,0.06006717,0.051928516,0.025752319
375316653866487564,4265054605508312576,0.5748633,2233.8489323118592,2.704932192465367,2.5694182E-5,17.854303,0.012888586,0.26596925,0.0061230785,0.08107133,0.0072779437,0.3602392,0.02008039,0.7502054,0.004263889,0.086064205,0.006749922,0.40375152,0.03718586,null,null,null,null,"TWOGAUSSIANS",8,5.6112037,0.7502054,0.004263889,0.4,0.0,0.39721864,0.03773406,0.26596925,0.0061230785,0.4,0.0,0.3537064,0.018675273
375316653866487564,4265054674146093952,0.51650816,2232.076084921304,1.312902073283917,1.296172E-5,18.96469,0.031435996,0.15833673,0.014596003,0.04986494,0.016812203,0.42409408,0.036842756,0.494402,0.005278453,0.05830314,0.008877929,0.3684198,0.039915606,null,null,null,null,"TWOGAUSSIANS",8,7.858831,0.15833673,0.014596003,0.27924368,0.09414834,0.42409408,0.036842708,0.494402,0.005278453,0.32649758,0.0497164,0.3684198,0.03991503
375316653866487564,4265054674146271104,0.5104018,2164.6519326538346,1.5912225215544067,4.3911197E-5,18.368408,0.007477921,0.10255277,0.032302383,0.07154022,0.03864626,0.07416914,0.26196042,0.5807849,0.0076943836,0.064496376,0.0071654757,0.1963372,0.019865207,null,null,null,null,"TWOGAUSSIANS",8,4.8415275,0.5807849,0.0076943836,0.3611797,0.040126666,0.19618851,0.019909453,0.10255277,0.032302383,0.4,0.20275284,0.07402046,0.26212904
375316653866487564,4265054777225622656,0.514424,2230.362248143041,0.8134985830217584,6.0343704E-5,19.384058,0.014622008,0.31960273,0.016041392,0.07641941,0.016924893,0.16098613,0.024824494,0.78456384,0.01596338,0.08668842,0.016932907,0.16081671,0.021304961,null,null,null,null,"TWOGAUSSIANS",8,1.3096961,0.31960273,0.01604201,0.4,0.049336087,0.15950684,0.024244392,0.78456384,0.01596338,0.4,0.0,0.15933734,0.020232633
375316653866487564,4265054910371205376,0.5249268,2244.1834507916237,0.8201191972667855,6.5259633E-6,18.883965,0.004658673,0.42780867,0.0013438492,0.03555962,0.0018828205,0.368345,0.06264276,0.7010596,5.8153947E-4,0.014803657,0.0023445063,0.20804422,0.07075694,null,null,null,null,"TWOGAUSSIANS",8,1.3206133,0.42780867,0.0013438492,0.19913387,0.010543794,0.368345,0.06264276,0.7010596,5.8153947E-4,0.08290049,0.013129236,0.20804422,0.07075694
