Gaia/vari_eclipsing_binary/VariEclipsingBinary_682392-682477.csv
# %ECSV 1.0
# ---
# delimiter: ','
# meta: !!omap
# - RELEASE: Gaia DR3
# - TABLE: vari_eclipsing_binary
# - DESCRIPTION: >
#     This table describes the properties of the eclipsing binaries resulting from the variability analysis. 
# - CITATION: >
#     How to cite and acknowledge Gaia: 
#     https://gea.esac.esa.int/archive/documentation/credits.html 
# - KNOWN_ISSUES: >
#     Known issues: 
#     https://www.cosmos.esa.int/web/gaia-users/known-issues 
# - DOCUMENTATION: >
#     Tutorials and documentation: 
#     https://www.cosmos.esa.int/web/gaia-users/archive 
# datatype:
# - 
#   name: solution_id
#   datatype: int64
#   description: Solution Identifier
#   meta:
#     ucd: meta.version
# - 
#   name: source_id
#   datatype: int64
#   description: Unique source identifier
#   meta:
#     ucd: meta.id;meta.main
# - 
#   name: global_ranking
#   datatype: float32
#   description: Number between 0 (worst) and 1 (best)
#   meta:
#     ucd: stat.param
# - 
#   name: reference_time
#   datatype: float64
#   unit: d
#   description: Reference time used for the geometric model fit
#   meta:
#     ucd: time.epoch
# - 
#   name: frequency
#   datatype: float64
#   unit: d**-1
#   description: Frequency of geometric model of the eclipsing binary light curve
#   meta:
#     ucd: src.orbital
# - 
#   name: frequency_error
#   datatype: float32
#   unit: d**-1
#   description: "Uncertainty of \\texttt{frequency}"
#   meta:
#     ucd: stat.error
# - 
#   name: geom_model_reference_level
#   datatype: float32
#   unit: mag
#   description: Magnitude reference level of geometric model
#   meta:
#     ucd: phot.mag;em.opt
# - 
#   name: geom_model_reference_level_error
#   datatype: float32
#   unit: mag
#   description: "Uncertainty of \\texttt{geomModelReferenceLevel}"
#   meta:
#     ucd: stat.error;phot.mag;em.opt
# - 
#   name: geom_model_gaussian1_phase
#   datatype: float32
#   description: Phase of the Gaussian 1 component
#   meta:
#     ucd: time.phase
# - 
#   name: geom_model_gaussian1_phase_error
#   datatype: float32
#   description: "Uncertainty of \\texttt{geomModelGaussian1Phase}"
#   meta:
#     ucd: stat.error;time.phase
# - 
#   name: geom_model_gaussian1_sigma
#   datatype: float32
#   description: "Standard deviation [phase] of Gaussian 1 component"
#   meta:
#     ucd: stat.stdev
# - 
#   name: geom_model_gaussian1_sigma_error
#   datatype: float32
#   description: "Uncertainty of \\texttt{geomModelGaussian1Sigma}"
#   meta:
#     ucd: stat.error
# - 
#   name: geom_model_gaussian1_depth
#   datatype: float32
#   unit: mag
#   description: Magnitude depth of Gaussian 1 component
#   meta:
#     ucd: src.var.amplitude
# - 
#   name: geom_model_gaussian1_depth_error
#   datatype: float32
#   unit: mag
#   description: "Uncertainty of \\texttt{geomModelGaussian1Depth}"
#   meta:
#     ucd: stat.error;src.var.amplitude
# - 
#   name: geom_model_gaussian2_phase
#   datatype: float32
#   description: Phase of Gaussian 2 component
#   meta:
#     ucd: time.phase
# - 
#   name: geom_model_gaussian2_phase_error
#   datatype: float32
#   description: "Uncertainty of \\texttt{geomModelGaussian2Phase}"
#   meta:
#     ucd: stat.error;time.phase
# - 
#   name: geom_model_gaussian2_sigma
#   datatype: float32
[...]
#   datatype: float32
#   description: "Secondary eclipse: uncertainty of \\texttt{derivedSecondaryEclDuration}"
#   meta:
#     ucd: stat.error;time.duration
# - 
#   name: derived_secondary_ecl_depth
#   datatype: float32
#   unit: mag
#   description: "Secondary eclipse: depth"
#   meta:
#     ucd: src.var.amplitude
# - 
#   name: derived_secondary_ecl_depth_error
#   datatype: float32
#   unit: mag
#   description: "Secondary eclipse: uncertainty of \\texttt{derivedSecondaryEclDepth}"
#   meta:
#     ucd: stat.error;src.var.amplitude
solution_id,source_id,global_ranking,reference_time,frequency,frequency_error,geom_model_reference_level,geom_model_reference_level_error,geom_model_gaussian1_phase,geom_model_gaussian1_phase_error,geom_model_gaussian1_sigma,geom_model_gaussian1_sigma_error,geom_model_gaussian1_depth,geom_model_gaussian1_depth_error,geom_model_gaussian2_phase,geom_model_gaussian2_phase_error,geom_model_gaussian2_sigma,geom_model_gaussian2_sigma_error,geom_model_gaussian2_depth,geom_model_gaussian2_depth_error,geom_model_cosine_half_period_amplitude,geom_model_cosine_half_period_amplitude_error,geom_model_cosine_half_period_phase,geom_model_cosine_half_period_phase_error,model_type,num_model_parameters,reduced_chi2,derived_primary_ecl_phase,derived_primary_ecl_phase_error,derived_primary_ecl_duration,derived_primary_ecl_duration_error,derived_primary_ecl_depth,derived_primary_ecl_depth_error,derived_secondary_ecl_phase,derived_secondary_ecl_phase_error,derived_secondary_ecl_duration,derived_secondary_ecl_duration_error,derived_secondary_ecl_depth,derived_secondary_ecl_depth_error
[from data line 362]
375316653866487564,6002979792815950336,0.5509374,2053.6372579486642,1.7462909100814445,7.0121246E-6,19.267296,0.0044412566,0.35945293,0.002048864,0.018884918,0.0016270515,0.57646924,0.04173951,0.8634321,0.0027908003,0.017110603,0.0016006614,0.46830416,0.01701815,null,null,null,null,"TWOGAUSSIANS",8,2.5118556,0.35945293,0.002048864,0.10575554,0.009111488,0.57646924,0.04173951,0.8634321,0.0027908003,0.09581938,0.008963704,0.46830416,0.01701815
375316653866487564,6002980063392740864,0.61885357,2039.448266144683,3.9919825228436467,8.331813E-6,17.184566,0.0046464195,0.19725972,0.0012957045,0.08299724,0.002678183,0.34563303,0.008363029,0.6922954,0.0037257336,0.08464565,0.0037425489,0.32203427,0.0053848205,null,null,null,null,"TWOGAUSSIANS",8,4.907269,0.19725972,0.0012957045,0.4,0.0,0.33848995,0.009341789,0.6922954,0.0037257336,0.4,0.0,0.3148912,0.0045424406
375316653866487564,6002980239502747904,0.48359755,2035.123860529116,1.0091660657920458,4.0485236E-5,16.401283,0.007681205,0.18392074,0.011142158,0.029280579,0.019363191,0.12180457,0.18227409,0.70312095,0.0064922525,0.052510668,0.014666619,0.22398587,0.02882679,null,null,null,null,"TWOGAUSSIANS",8,77.16029,0.70312095,0.0064922525,0.29405975,0.08213306,0.22398587,0.028826801,0.18392074,0.011142158,0.16397123,0.10843387,0.12180457,0.18227416
375316653866487564,6002981025466338688,0.41962224,2045.3388037942,0.8170210347351831,1.3985696E-4,19.81586,0.011732757,0.2093231,0.0038983868,0.013650482,0.010852449,0.32213378,124.07824,0.8883262,0.030401211,0.044398,0.034329306,0.101197034,0.107291505,0.05021429,0.013795248,0.2093231,0.0038983868,"TWOGAUSSIANS_WITH_ELLIPSOIDAL_ON_ECLIPSE1",9,5.3901343,0.2093231,0.0038983868,0.076442696,0.06077371,0.42256227,124.081825,0.8883262,0.030401211,0.24862878,0.19224411,0.11989065,0.09687861
375316653866487564,6002983361924556544,0.6077464,2031.5385562877407,0.95664249466664,4.1495928E-6,18.637287,0.009765335,0.272518,9.887409E-4,0.044728965,0.0018616916,0.5247856,0.024743557,0.76922315,9.173959E-4,0.049134128,0.0023970196,0.46396232,0.026368314,0.085447304,0.013040856,0.272518,9.887409E-4,"TWOGAUSSIANS_WITH_ELLIPSOIDAL_ON_ECLIPSE1",9,3.382407,0.272518,9.887409E-4,0.2504822,0.010425473,0.69567853,0.016812619,0.76944315,8.453273E-4,0.27515113,0.01342331,0.63478684,0.024305055
375316653866487564,6002983881628092544,0.53478783,2051.5582565377085,2.291387868292515,7.383985E-6,19.56289,0.008319167,0.23345442,0.0039820694,0.04150156,0.0034202544,0.86363786,0.07112974,0.73055863,0.0065361555,0.032792695,0.003355997,0.43130144,0.08171305,null,null,null,null,"TWOGAUSSIANS",8,3.9989824,0.23345442,0.0039820694,0.23240873,0.019153425,0.86363786,0.07112974,0.73055863,0.0065361555,0.1836391,0.018793583,0.43130144,0.08171305
375316653866487564,6002987592487524992,0.58663565,2005.411491150587,1.788080251659835,6.517068E-6,16.211473,0.0069972584,0.16537756,0.002019996,0.10692111,0.0051206974,0.15783761,0.0067623053,0.6666189,0.0022661984,0.10106959,0.0051023015,0.16088423,0.006740679,null,null,null,null,"TWOGAUSSIANS",8,4.0883837,0.6666189,0.0022661984,0.4,0.0,0.14343491,0.0032711176,0.16537756,0.002019996,0.4,0.0,0.14038421,0.0030623465
375316653866487564,6002988722043997056,0.55641043,2011.2751133906384,2.85131275861828,1.7750686E-5,18.141132,0.015335209,0.27018836,0.0038061945,0.061504852,0.008094907,0.27855882,0.027739808,0.7873338,0.0024672197,0.05008795,0.0068139313,0.17651749,0.03223534,0.09315476,0.016863303,0.7873338,0.0024672197,"TWOGAUSSIANS_WITH_ELLIPSOIDAL_ON_ECLIPSE2",9,7.482777,0.27302834,0.0032072417,0.34442717,0.04533148,0.4630474,0.025978692,0.7873338,0.0024672197,0.28049254,0.038158014,0.36280403,0.011390074
375316653866487564,6002990409979461632,0.46076956,2015.2156168991226,4.55459882238939,2.7229593E-5,18.764633,0.00401002,0.31822315,0.01991125,0.025242114,0.020086944,0.065293,0.24035819,0.6758252,0.021917492,0.009449298,0.014878542,0.30326128,0.1594253,null,null,null,null,"TWOGAUSSIANS",8,5.9944844,0.6758252,0.021917492,0.052916065,0.083319835,0.30326128,0.1594253,0.31822315,0.01991125,0.14135584,0.11248689,0.065293,0.24035819
375316653866487564,6002991200259979520,0.5164001,2034.7819865512747,0.5404100887249152,4.782434E-6,17.040035,0.00216506,0.22445884,0.0013327247,0.022947853,0.0013962227,0.101035,0.004996768,0.7235973,0.007677103,0.019731449,0.007406725,0.037891995,0.031002125,0.025994672,0.002675498,0.22445884,0.0013327247,"TWOGAUSSIANS_WITH_ELLIPSOIDAL_ON_ECLIPSE1",9,5.2882366,0.22445884,0.0013327247,0.12850799,0.007818847,0.15302435,0.0034369228,0.7236273,0.0074489606,0.11049611,0.04147766,0.08987988,0.03181109
375316653866487564,6002999029969164032,0.47706014,2043.8520623956686,3.6201341089801042,6.170502E-5,18.305721,1.2829641,0.14354642,0.005312771,0.1388419,0.124149285,0.33511254,1.1584901,0.6483963,0.0056241644,0.14079124,0.15868136,0.29515153,1.2068912,null,null,null,null,"TWOGAUSSIANS",8,8.387731,0.14336641,0.004339567,0.4,0.0,0.21311785,0.0132807745,0.6486163,0.0040773638,0.4,0.0,0.173103,0.011048669
375316653866487564,6003000924066138624,0.5828017,2016.9074517201502,3.76282819602428,4.394931E-6,17.27967,0.0045229234,0.20026892,0.0025125018,0.07325923,0.00252913,0.39318115,0.0066859038,0.69041425,0.0011001934,0.07672498,0.0017844663,0.5094294,0.01246295,null,null,null,null,"TWOGAUSSIANS",8,13.394738,0.69041425,0.0011001934,0.4,0.0,0.5066528,0.012631983,0.20026892,0.0025125018,0.4,0.0,0.39040458,0.006584951
375316653866487564,6003004875436193920,0.5302789,2041.3055199412136,0.8419860645588101,1.9434534E-5,16.222536,0.0032561433,0.36333638,0.029654933,0.046441015,0.10350712,0.034863107,0.015036425,0.88713217,0.0013668124,0.009782349,0.0013445338,0.76134074,0.20184678,0.012583085,0.008359972,0.36333638,0.029654933,"TWOGAUSSIANS_WITH_ELLIPSOIDAL_ON_ECLIPSE1",9,99.49506,0.88713217,0.0013668124,0.054781154,0.0075293886,0.78594846,0.20267282,0.36333638,0.029654933,0.2600697,0.14849246,0.06002921,0.010113559
375316653866487564,6003005047234910208,0.52796257,2044.9778043566246,2.065104529359691,3.0591345E-5,17.189682,0.0065934607,0.71119314,0.0026723153,0.03676844,0.0035486473,0.3068954,0.03474143,null,null,null,null,null,null,0.051990032,0.007374461,0.71119314,0.0026723153,"ONEGAUSSIAN_WITH_ELLIPSOIDAL",6,35.54161,0.71119314,0.0026723153,0.20590328,0.019872425,0.41087523,0.0346978,null,null,null,null,null,null
375316653866487564,6003006181099925760,0.5372586,2021.6537944890092,3.00971069445338,2.0694564E-5,18.133862,0.013407909,0.28010663,0.0048950436,0.096320264,0.008897892,0.2157039,0.0135998335,0.7921548,0.0061255544,0.09117461,0.009418963,0.2553445,0.013148167,null,null,null,null,"TWOGAUSSIANS",8,3.9918976,0.7921548,0.0061255544,0.4,0.0,0.24411526,0.012788775,0.28010663,0.0048950436,0.4,0.0,0.2044741,0.008056459
375316653866487564,6003006627782922624,0.50330454,2043.615657668495,2.386996686196672,8.1263795E-5,13.685769,0.41356102,0.17230815,0.0047625564,0.13899192,0.09389435,0.18046764,0.40037653,0.67199266,0.0042814976,0.12388753,0.066328816,0.17789942,0.35552076,null,null,null,null,"TWOGAUSSIANS",8,261.4033,0.17230815,0.0049146675,0.4,0.0,0.12208922,0.008656536,0.67199266,0.004422786,0.4,0.0,0.11997665,0.008181086
375316653866487564,6003007692934881792,0.5081124,2019.2457228794829,0.5325397023998404,1.0205665E-5,17.904196,0.0036961597,0.06104159,0.01281662,0.024925776,0.007923894,0.03274617,0.006886325,0.56236845,0.00213814,0.030713568,0.0014860223,0.34757975,0.021483688,null,null,null,null,"TWOGAUSSIANS",8,8.736582,0.56236845,0.00213814,0.17199598,0.008321725,0.34757975,0.021483688,0.06104159,0.01281662,0.13958435,0.044373803,0.03274617,0.006886325
375316653866487564,6003010613512552576,0.43359572,2043.7766286358947,0.058692780844143165,1.379789E-4,16.338703,0.007208444,0.2017576,0.020797288,0.06892936,0.011544647,0.18616582,0.011392821,0.7989007,0.031464748,0.12295075,0.028688667,0.060231496,0.012833061,null,null,null,null,"TWOGAUSSIANS",8,7.693033,0.2015676,0.02080314,0.38600442,0.037549052,0.1851279,0.010436697,0.7989007,0.031464748,0.4,0.0,0.0589115,0.009144983
375316653866487564,6003010991463347840,0.5288696,2064.400631232047,3.5551621955971244,1.7679942E-5,19.63353,0.015650753,0.2048015,0.0030363423,0.072374605,0.0066372952,0.49310297,0.023119729,0.69590724,0.0040161465,0.07652979,0.004324502,0.64399946,0.038317822,null,null,null,null,"TWOGAUSSIANS",8,3.9963646,0.69590724,0.0040161465,0.4,0.0,0.64071167,0.03825952,0.2048015,0.0030363423,0.4,0.0018280989,0.4898152,0.023711558
375316653866487564,6003011438140108672,0.4558104,2066.893840476932,0.658043982736892,4.2251977E-5,19.959887,0.0065163192,0.22441532,0.0054996572,0.011305907,0.004520521,0.5456703,0.39021015,0.6913456,0.0068531972,0.023444463,0.003463284,0.16967249,0.064325154,null,null,null,null,"TWOGAUSSIANS",8,2.2193277,0.22441532,0.0054996572,0.06331308,0.025314918,0.5456703,0.39021015,0.6913456,0.0068531972,0.13128899,0.019394392,0.16967249,0.064325154
375316653866487564,6003012056621636736,0.54650533,2045.5523219509396,2.712443541122954,2.0376958E-5,15.931258,0.009106117,0.25903842,0.0036918665,0.09931894,0.0061818417,0.2347307,0.0099703185,0.76002467,0.0025085346,0.10215733,0.005394764,0.2202415,0.008128312,null,null,null,null,"TWOGAUSSIANS",8,27.761475,0.25903842,0.0036918665,0.4,0.0,0.21408863,0.008310254,0.76002467,0.0025085346,0.4,0.0,0.19959813,0.0047727376
375316653866487564,6003012572017675904,0.58970517,2038.2757353428537,2.9184814593367605,4.980666E-6,17.200533,0.0042310883,0.2612209,0.0014515601,0.08098296,0.0022818912,0.20638122,0.004961423,0.7698514,0.0020300557,0.09388753,0.0036134701,0.19363813,0.004932386,null,null,null,null,"TWOGAUSSIANS",8,3.1463513,0.2612209,0.0014515601,0.4,0.0,0.20059702,0.004276393,0.7698514,0.0020300557,0.4,0.0,0.18785363,0.0045342804
375316653866487564,6003016901334668032,0.5156505,2090.4139731178657,0.04813320416238547,1.1668508E-5,18.041988,0.0034125347,0.16951184,0.0041246926,0.06127515,0.00469081,0.20018753,0.031212768,0.7716842,0.003832069,0.054523293,0.004758315,0.20862569,0.019818809,null,null,null,null,"TWOGAUSSIANS",8,2.53356,0.7716842,0.003832069,0.30533046,0.026646566,0.20862514,0.019819215,0.16951184,0.0041246926,0.34314084,0.026268538,0.20018698,0.031213172
375316653866487564,6003018099620811904,0.51084447,2102.724713950014,3.5460851971302882,2.0767551E-5,18.900152,0.010669356,0.28372163,0.0055848397,0.08394501,0.010141091,0.21226552,0.011938571,0.7800408,0.007823825,0.08399948,0.008731181,0.23808163,0.020488033,null,null,null,null,"TWOGAUSSIANS",8,2.404649,0.7800408,0.007823825,0.4,0.0,0.23307404,0.02040449,0.28372163,0.0055848397,0.4,0.0,0.20725793,0.0108189965
375316653866487564,6003018546297414272,0.63653797,2088.7752272783537,0.7110897440423468,5.0381477E-5,17.992586,0.005686902,0.26155606,0.0010780753,0.03303588,0.0018814788,0.97458345,0.03602602,0.7753284,6.418487E-4,0.016234351,0.0020004434,0.12700881,0.010336618,0.032495283,0.007765375,0.26155606,0.0010780753,"TWOGAUSSIANS_WITH_ELLIPSOIDAL_ON_ECLIPSE1",9,2.9571207,0.26155606,0.0010780753,0.18500094,0.010536281,1.039574,0.03769345,0.7753284,6.418487E-4,0.090912364,0.011202483,0.19151393,0.0058375
375316653866487564,6003019237796500864,0.4751744,2069.7960899893496,1.9818058886270964,4.1381976E-5,14.867836,0.10842469,0.28091586,0.011865326,0.1652472,0.073385604,0.07240299,0.10161717,0.80421704,0.022754423,0.1542883,0.073743924,0.044509113,0.09220078,null,null,null,null,"TWOGAUSSIANS",8,11.479711,0.27911586,0.008912571,0.4,0.0,0.043375514,0.0030500784,0.81171703,0.014672104,0.4,0.0,0.016609091,0.002756152
375316653866487564,6003019611448406656,0.5518658,2060.835132996897,3.021001819620903,1.0196706E-5,18.405285,0.012812188,0.28515825,0.0023355642,0.11071866,0.0074503394,0.18579587,0.011843395,0.76554143,0.004773423,0.105945826,0.008026336,0.23499553,0.012723716,null,null,null,null,"TWOGAUSSIANS",8,1.2958658,0.76554143,0.004773423,0.4,0.0,0.2115707,0.0058987085,0.28517824,0.0023360904,0.4,0.0,0.16236226,0.004328726
375316653866487564,6003020642240591232,0.522361,2054.60032745345,3.1080376722139995,1.0688287E-5,18.138271,0.017871257,0.2821545,0.0038552617,0.08207938,0.012620385,0.29438582,0.035807412,0.7947301,0.00309747,0.088344246,0.0066949143,0.2747991,0.017036015,null,null,null,null,"TWOGAUSSIANS",8,5.078497,0.2821545,0.0038552617,0.4,0.0,0.28822395,0.040187128,0.7947301,0.00309747,0.4,0.0,0.26863715,0.012520422
375316653866487564,6003022948648676864,0.5772019,2109.283777965894,2.8390460433772606,1.6106418E-5,16.382496,0.014674996,0.2624118,0.0032572763,0.07331218,0.0054436713,0.37471887,0.015994068,0.75545305,0.008356336,0.08327518,0.008303704,0.43361536,0.024278037,null,null,null,null,"TWOGAUSSIANS",8,34.73791,0.75545305,0.008356336,0.4,0.0,0.42933458,0.022897044,0.2624118,0.0032572763,0.4,0.004064622,0.3704381,0.014421874
375316653866487564,6003023773282032256,0.5918109,2106.9476621181852,2.4378213593070264,6.8018344E-6,12.177067,0.007817151,0.25200945,0.0039820904,0.046980448,0.0065444773,0.1652531,0.03186101,0.7495475,0.0017417342,0.045384575,0.0048718117,0.21109493,0.020950992,0.10195963,0.011269982,0.7495475,0.0017417342,"TWOGAUSSIANS_WITH_ELLIPSOIDAL_ON_ECLIPSE2",9,330.18884,0.7495475,0.0017417342,0.25415364,0.027282145,0.41501397,0.017976446,0.25156945,0.0031675703,0.26309052,0.036649074,0.36913198,0.03264279
375316653866487564,6003025869226035840,0.5163656,2035.8625288081219,0.7223094914126236,9.7954755E-5,16.36352,0.00158605,0.69577086,0.006880309,0.027949242,0.0059767626,0.11310643,0.028557576,0.8976035,0.006939676,0.017475164,0.006324099,0.012804837,0.0024141902,null,null,null,null,"TWOGAUSSIANS",8,3.8278856,0.69577086,0.006880309,0.15651576,0.03346987,0.11310643,0.028557576,0.8976035,0.006939676,0.09786092,0.035414953,0.012804837,0.0024141902
375316653866487564,6003028098303894272,0.5287326,2056.8950516824243,0.8999349077785835,1.3133671E-5,17.690042,0.0053997706,0.1337789,0.010603107,0.0194001,0.014917429,0.13704675,0.098443516,0.6395168,0.002725565,0.015828015,0.0014902952,0.5902773,0.05326175,null,null,null,null,"TWOGAUSSIANS",8,20.771227,0.6395168,0.002725565,0.08863689,0.008345653,0.5902773,0.05326175,0.1337789,0.010603107,0.10864055,0.0835376,0.13704675,0.098443516
375316653866487564,6003028343127263616,0.47088918,2061.2312230418606,1.0908836135803193,3.2161224E-5,17.519249,0.041734062,0.18685381,0.011816382,0.13634667,0.024789317,0.2124948,0.038342908,0.6386765,0.0077925446,0.114283495,0.013557196,0.19117662,0.039059494,null,null,null,null,"TWOGAUSSIANS",8,13.190658,0.18708381,0.011754516,0.4,0.0,0.17568491,0.014705704,0.6386765,0.0077925446,0.4,0.0,0.15522967,0.009294618
375316653866487564,6003028514925942784,0.48945597,2056.078270665958,0.9949836926835021,1.6317197E-5,19.257725,0.004633703,0.22877513,6.834913E-4,0.008662393,0.0011110178,0.3200113,0.010984037,0.6991283,0.0064910073,0.028227849,0.005387687,0.09593022,0.011926043,null,null,null,null,"TWOGAUSSIANS",8,2.2156463,0.22877513,6.834913E-4,0.0485094,0.006221699,0.3200113,0.010984037,0.6991283,0.0064910073,0.15807594,0.030171048,0.09593022,0.011926043
375316653866487564,6003029026016880768,0.5259507,2042.1002764492068,3.676237533661926,2.244241E-5,18.289055,0.0072684484,0.32525495,0.0026181235,0.059268206,0.0031970432,0.55534875,0.016101593,0.51388913,0.012333558,0.01735468,0.016525758,0.057875432,0.16254452,null,null,null,null,"TWOGAUSSIANS",8,13.396172,0.32525495,0.0026181235,0.33190197,0.017903442,0.55534875,0.016101593,0.51388913,0.012333558,0.097186215,0.09254424,0.06138236,0.16163538
375316653866487564,6003032397565173376,0.5747214,2053.522773536644,2.0188479951935547,9.005002E-6,18.184387,0.0078873625,0.17217639,0.0022252924,0.078750886,0.003684805,0.5357653,0.03740549,0.6784246,0.0028258082,0.07817584,0.0034281132,0.32906613,0.012757574,null,null,null,null,"TWOGAUSSIANS",8,3.2651157,0.17217639,0.0022252924,0.4,0.0,0.5311591,0.038366944,0.6784246,0.0028258082,0.4,0.0,0.32445994,0.012614115
