Gaia/vari_eclipsing_binary/VariEclipsingBinary_676010-676053.csv
# %ECSV 1.0
# ---
# delimiter: ','
# meta: !!omap
# - RELEASE: Gaia DR3
# - TABLE: vari_eclipsing_binary
# - DESCRIPTION: >
#     This table describes the properties of the eclipsing binaries resulting from the variability analysis. 
# - CITATION: >
#     How to cite and acknowledge Gaia: 
#     https://gea.esac.esa.int/archive/documentation/credits.html 
# - KNOWN_ISSUES: >
#     Known issues: 
#     https://www.cosmos.esa.int/web/gaia-users/known-issues 
# - DOCUMENTATION: >
#     Tutorials and documentation: 
#     https://www.cosmos.esa.int/web/gaia-users/archive 
# datatype:
# - 
#   name: solution_id
#   datatype: int64
#   description: Solution Identifier
#   meta:
#     ucd: meta.version
# - 
#   name: source_id
#   datatype: int64
#   description: Unique source identifier
#   meta:
#     ucd: meta.id;meta.main
# - 
#   name: global_ranking
#   datatype: float32
#   description: Number between 0 (worst) and 1 (best)
#   meta:
#     ucd: stat.param
# - 
#   name: reference_time
#   datatype: float64
#   unit: d
#   description: Reference time used for the geometric model fit
#   meta:
#     ucd: time.epoch
# - 
#   name: frequency
#   datatype: float64
#   unit: d**-1
#   description: Frequency of geometric model of the eclipsing binary light curve
#   meta:
#     ucd: src.orbital
# - 
#   name: frequency_error
#   datatype: float32
#   unit: d**-1
#   description: "Uncertainty of \\texttt{frequency}"
#   meta:
#     ucd: stat.error
# - 
#   name: geom_model_reference_level
#   datatype: float32
#   unit: mag
#   description: Magnitude reference level of geometric model
#   meta:
#     ucd: phot.mag;em.opt
# - 
#   name: geom_model_reference_level_error
#   datatype: float32
#   unit: mag
#   description: "Uncertainty of \\texttt{geomModelReferenceLevel}"
#   meta:
#     ucd: stat.error;phot.mag;em.opt
# - 
#   name: geom_model_gaussian1_phase
#   datatype: float32
#   description: Phase of the Gaussian 1 component
#   meta:
#     ucd: time.phase
# - 
#   name: geom_model_gaussian1_phase_error
#   datatype: float32
#   description: "Uncertainty of \\texttt{geomModelGaussian1Phase}"
#   meta:
#     ucd: stat.error;time.phase
# - 
#   name: geom_model_gaussian1_sigma
#   datatype: float32
#   description: "Standard deviation [phase] of Gaussian 1 component"
#   meta:
#     ucd: stat.stdev
# - 
#   name: geom_model_gaussian1_sigma_error
#   datatype: float32
#   description: "Uncertainty of \\texttt{geomModelGaussian1Sigma}"
#   meta:
#     ucd: stat.error
# - 
#   name: geom_model_gaussian1_depth
#   datatype: float32
#   unit: mag
#   description: Magnitude depth of Gaussian 1 component
#   meta:
#     ucd: src.var.amplitude
# - 
#   name: geom_model_gaussian1_depth_error
#   datatype: float32
#   unit: mag
#   description: "Uncertainty of \\texttt{geomModelGaussian1Depth}"
#   meta:
#     ucd: stat.error;src.var.amplitude
# - 
#   name: geom_model_gaussian2_phase
#   datatype: float32
#   description: Phase of Gaussian 2 component
#   meta:
#     ucd: time.phase
# - 
#   name: geom_model_gaussian2_phase_error
#   datatype: float32
#   description: "Uncertainty of \\texttt{geomModelGaussian2Phase}"
#   meta:
#     ucd: stat.error;time.phase
# - 
#   name: geom_model_gaussian2_sigma
#   datatype: float32
[...]
#   datatype: float32
#   description: "Secondary eclipse: uncertainty of \\texttt{derivedSecondaryEclDuration}"
#   meta:
#     ucd: stat.error;time.duration
# - 
#   name: derived_secondary_ecl_depth
#   datatype: float32
#   unit: mag
#   description: "Secondary eclipse: depth"
#   meta:
#     ucd: src.var.amplitude
# - 
#   name: derived_secondary_ecl_depth_error
#   datatype: float32
#   unit: mag
#   description: "Secondary eclipse: uncertainty of \\texttt{derivedSecondaryEclDepth}"
#   meta:
#     ucd: stat.error;src.var.amplitude
solution_id,source_id,global_ranking,reference_time,frequency,frequency_error,geom_model_reference_level,geom_model_reference_level_error,geom_model_gaussian1_phase,geom_model_gaussian1_phase_error,geom_model_gaussian1_sigma,geom_model_gaussian1_sigma_error,geom_model_gaussian1_depth,geom_model_gaussian1_depth_error,geom_model_gaussian2_phase,geom_model_gaussian2_phase_error,geom_model_gaussian2_sigma,geom_model_gaussian2_sigma_error,geom_model_gaussian2_depth,geom_model_gaussian2_depth_error,geom_model_cosine_half_period_amplitude,geom_model_cosine_half_period_amplitude_error,geom_model_cosine_half_period_phase,geom_model_cosine_half_period_phase_error,model_type,num_model_parameters,reduced_chi2,derived_primary_ecl_phase,derived_primary_ecl_phase_error,derived_primary_ecl_duration,derived_primary_ecl_duration_error,derived_primary_ecl_depth,derived_primary_ecl_depth_error,derived_secondary_ecl_phase,derived_secondary_ecl_phase_error,derived_secondary_ecl_duration,derived_secondary_ecl_duration_error,derived_secondary_ecl_depth,derived_secondary_ecl_depth_error
[from data line 254]
375316653866487564,5946416890289019904,0.5152824,2358.614400607059,3.6791989711898356,1.860935E-5,17.227365,0.045234285,0.24987501,0.004348504,0.110560305,0.01610608,0.29564083,0.040885985,0.7421987,0.0046442463,0.10898661,0.01849546,0.28528106,0.038526714,null,null,null,null,"TWOGAUSSIANS",8,18.589804,0.24988501,0.004350183,0.4,0.0,0.25557122,0.01594769,0.7421987,0.0046442463,0.4,0.0,0.24521777,0.019286284
375316653866487564,5946417066400620160,0.4619673,2328.4339377788465,3.8129817017834067,1.754832E-5,18.96766,0.017522145,0.30311605,0.007711114,0.054031897,0.014200643,0.1119141,0.015003273,0.7906948,0.007964423,0.062003028,0.021439027,0.14612271,0.01937191,null,null,null,null,"TWOGAUSSIANS",8,2.1135633,0.7906948,0.007964423,0.34721693,0.092918254,0.14610772,0.019535076,0.30311605,0.007711114,0.30257863,0.0795236,0.1118991,0.014842154
375316653866487564,5946417581808254208,0.6412069,2354.519559416763,2.3038722216735508,3.0270194E-6,14.101056,0.029994152,0.33112103,0.00486714,0.065054476,0.008249015,0.31556895,0.063500114,0.8217333,9.2907314E-4,0.05963114,0.0069077886,0.38029546,0.054202538,0.11154811,0.034322105,0.8217333,9.2907314E-4,"TWOGAUSSIANS_WITH_ELLIPSOIDAL_ON_ECLIPSE2",9,113.14831,0.8217333,9.2907314E-4,0.33393437,0.038683616,0.6032203,0.022328958,0.329331,0.0036123854,0.36430508,0.046194483,0.53786635,0.01438448
375316653866487564,5946420772939579520,0.49345645,2383.9419038462856,0.10295443665636982,3.3967078E-6,18.004118,0.0019058728,0.16345696,0.020770444,0.02621481,0.0104885325,0.036712814,0.0033119095,0.76537174,1.0190042E-4,0.0016192943,1.4408959E-4,0.36863774,0.12584905,null,null,null,null,"TWOGAUSSIANS",8,2.446631,0.76537174,1.0190042E-4,0.009068048,8.0690166E-4,0.36863774,0.12584905,0.16345696,0.020770444,0.14680293,0.058735784,0.036712814,0.0033119095
375316653866487564,5946422697099560576,0.6281104,2315.792080337025,0.6734296892832957,3.2980068E-5,18.762148,0.0031866767,0.21667916,0.0063671204,0.030657172,0.008000031,0.14732812,0.05198217,0.7075024,0.0029203836,0.029749673,0.0021055397,1.4479125,0.23756777,null,null,null,null,"TWOGAUSSIANS",8,2.7063594,0.7075024,0.0029203836,0.16659817,0.011791022,1.4479125,0.23756777,0.21667916,0.0063671204,0.17168017,0.044800173,0.14732812,0.05198217
375316653866487564,5946423934035100928,0.5029131,2377.97950677191,3.424353154593098,1.476912E-5,17.315737,0.0020750053,null,null,null,null,null,null,null,null,null,null,null,null,0.06517803,0.00289023,0.22587062,0.003646452,"ELLIPSOIDAL",4,6.8190017,null,null,null,null,null,null,null,null,null,null,null,null
375316653866487564,5946424449431306240,0.5720885,2390.0661116665265,0.9618180308913817,1.2057006E-5,17.346777,0.003489633,0.25941342,0.0051726718,0.032990176,0.01392188,0.035589695,0.011896234,0.75364935,0.0011512022,0.041389894,0.0019993084,0.23063698,0.010329433,0.022773976,0.0044906335,0.25941342,0.0051726718,"TWOGAUSSIANS_WITH_ELLIPSOIDAL_ON_ECLIPSE1",9,3.21562,0.7537994,0.0010887474,0.2317834,0.011196126,0.27612674,0.010175322,0.25941342,0.0051726718,0.18474498,0.07796253,0.08113762,0.012107364
375316653866487564,5946425759416470144,0.46831486,2397.604482507627,2.779027923679531,2.785703E-5,19.076385,0.010046867,0.18734078,0.0061030537,0.057126284,0.013164593,0.19150086,0.059031557,0.67048687,0.0072542755,0.08191226,0.009903154,0.1845069,0.014349247,null,null,null,null,"TWOGAUSSIANS",8,3.1508975,0.18734078,0.0061030537,0.3199072,0.07372172,0.19113322,0.059438467,0.67048687,0.0072542755,0.4,0.0,0.18413924,0.014217454
375316653866487564,5946426618409989760,0.44066173,2452.6282496821223,1.0655096232231374,3.4889134E-5,19.047596,0.01084395,0.1712853,5.3093414E-4,0.0046208645,2.3007508E-4,1.1056643,0.12946743,0.7025687,0.009769745,0.04055469,0.006508733,0.3952865,0.15440112,null,null,null,null,"TWOGAUSSIANS",8,5.2600126,0.1712853,5.3093414E-4,0.025876842,0.0012884204,1.1056643,0.12946743,0.7025687,0.009769745,0.22710627,0.036448907,0.3952865,0.15440112
375316653866487564,5946427271246717952,0.46246287,2315.632011809409,1.2446814844673941,3.7603662E-5,17.629013,0.13908996,0.28204525,0.015270565,0.088865176,0.0723529,0.33373886,0.15449789,0.78340286,0.008971728,0.08109555,0.02561206,0.34238365,0.12763591,null,null,null,null,"TWOGAUSSIANS",8,36.373775,0.78340286,0.008845898,0.4,0.0,0.33368057,0.026991403,0.28204525,0.015277296,0.4,0.0047345874,0.32503572,0.18051918
375316653866487564,5946427443043007360,0.47136477,2469.407816603537,1.2686373026631774,3.0369672E-5,16.968367,0.0036872993,0.16958153,0.016285678,0.055700254,0.015551147,0.028048344,0.01169826,0.54549986,0.009500792,0.08791151,0.008682588,0.09285329,0.0122203315,null,null,null,null,"TWOGAUSSIANS",8,3.0427694,0.54549986,0.009500792,0.4,0.0,0.0928443,0.012223632,0.16963153,0.016293291,0.31192142,0.087086424,0.028049301,0.01170782
375316653866487564,5946427443053033216,0.48875993,2413.732335090379,1.2402334929540617,7.986593E-6,15.437841,0.056688342,0.28034374,0.0028792275,0.16909719,0.017115038,0.29308805,0.06589032,0.786247,0.0043504564,0.2525676,0.031604797,0.37093547,0.053147655,null,null,null,null,"TWOGAUSSIANS",8,12.455227,0.27517375,0.0024688167,0.4,0.0,0.07273095,0.00376898,0.789417,0.0042732744,0.4,0.0,0.05362606,0.0025991378
375316653866487564,5946427717921569664,0.5512079,2393.7410892912358,3.056243616365907,7.0869314E-6,19.638813,0.016926978,0.15264156,0.003857501,0.07967282,0.004859598,0.49709606,0.023211116,0.6612893,0.004139523,0.08450269,0.006719403,0.4439996,0.020043015,null,null,null,null,"TWOGAUSSIANS",8,1.8563609,0.15264156,0.003857501,0.4,0.0,0.48937765,0.022320379,0.6612893,0.004139523,0.4,0.0,0.4362811,0.019952208
375316653866487564,5946427889720362624,0.44895673,2376.285554694784,2.8861136276632666,3.9968385E-5,18.62574,0.0064292066,null,null,null,null,null,null,null,null,null,null,null,null,0.08272086,0.0075901933,0.17697941,0.009440271,"ELLIPSOIDAL",4,8.796767,null,null,null,null,null,null,null,null,null,null,null,null
375316653866487564,5946428233327034496,0.59477293,2383.445596086433,2.3969520033766667,6.703481E-6,16.499187,0.013623011,0.16889079,0.0012472885,0.09641994,0.004902787,0.271221,0.012548519,0.6718185,0.002537198,0.111885674,0.008768831,0.23213445,0.011423435,null,null,null,null,"TWOGAUSSIANS",8,6.570746,0.16889079,0.0012465805,0.4,0.0,0.24432531,0.0054906146,0.6718185,0.002537198,0.4,0.0,0.205218,0.011016778
375316653866487564,5946428851802324224,0.45034993,2413.458160794243,0.10392670044758949,4.6411715E-5,15.982963,0.003108661,0.17817913,0.014637027,0.05777619,0.015761416,0.07735448,0.024423249,0.5268373,0.0045021684,0.025939519,0.0042735576,0.03371893,0.0060508493,0.007824959,0.0037081114,0.5268373,0.0045021684,"TWOGAUSSIANS_WITH_ELLIPSOIDAL_ON_ECLIPSE2",9,7.143229,0.17408913,0.015769852,0.32354665,0.08826394,0.08282621,0.024809754,0.5268373,0.0045021684,0.1452613,0.023931924,0.049368847,0.006906878
375316653866487564,5946429332838684544,0.58315635,2341.8329745219517,2.5186167892614817,6.7883952E-6,18.047771,0.006316459,0.2386206,0.0072233044,0.074655294,0.00481078,0.34949884,0.0135130165,0.75150365,0.00219734,0.07160356,0.003459759,0.3630965,0.021860706,null,null,null,null,"TWOGAUSSIANS",8,2.441338,0.75150365,0.00219734,0.4,0.009068534,0.3615751,0.022068605,0.2386206,0.0072233044,0.4,0.0,0.34797743,0.012571977
375316653866487564,5946429813865927808,0.42219445,2454.880017937134,4.1848973349934875,1.4594806E-4,16.79302,0.06002947,0.3484488,0.049056515,0.16535303,0.14357524,0.09018853,0.055865977,0.749732,0.047368426,0.08030474,0.06136819,0.16029318,0.57829005,null,null,null,null,"TWOGAUSSIANS",8,5.129539,0.749732,0.047368426,0.4,0.24750641,0.1549492,0.59533757,0.3484588,0.049005643,0.4,0.0,0.07997156,0.012599025
375316653866487564,5946430088753481984,0.5292373,2363.797340319209,3.392243776474963,2.1317142E-5,18.423365,0.014862737,0.2600691,0.0051407255,0.098216265,0.009464267,0.24634741,0.016743645,0.76095355,0.0042959237,0.10507447,0.009484208,0.20474574,0.01430396,null,null,null,null,"TWOGAUSSIANS",8,2.088535,0.2600691,0.0051407255,0.4,0.0,0.22487926,0.013422653,0.76095355,0.0042959237,0.4,0.0,0.18327378,0.011568785
375316653866487564,5946430913377755776,0.5970976,2392.4419602144517,2.520496304359077,6.101995E-6,18.21007,0.0068628844,0.2798589,0.003127049,0.08266953,0.004324902,0.35200933,0.01190511,0.7772699,0.0017747086,0.089608215,0.00415679,0.36040273,0.00727478,null,null,null,null,"TWOGAUSSIANS",8,3.064397,0.7772699,0.0017747086,0.4,0.0,0.35029936,0.0074111456,0.2798589,0.003127049,0.4,0.0,0.34190607,0.012151674
375316653866487564,5946431458822996736,0.5030687,2419.537126316497,1.5311142846742731,3.838124E-5,19.078598,0.004071509,0.7503695,0.0023975032,0.024163976,0.0020424637,0.4400457,0.050061133,null,null,null,null,null,null,null,null,null,null,"ONEGAUSSIAN",5,3.2597013,0.7503695,0.0023975032,0.13531828,0.011437797,0.4400457,0.0,null,null,null,null,null,null
375316653866487564,5946431497505432576,0.50280166,2447.4137208019465,1.6034482488136146,1.1818082E-5,16.72873,0.0011422466,null,null,null,null,null,null,null,null,null,null,null,null,0.032972835,0.0017494395,0.27137482,0.003657393,"ELLIPSOIDAL",4,3.0581806,null,null,null,null,null,null,null,null,null,null,null,null
375316653866487564,5946432459564097536,0.4768156,2335.8813443714057,0.1657702276748422,7.550826E-5,18.709105,0.012449022,0.14300382,5.3387764E-4,0.010252351,8.4608234E-4,1.1444789,0.3180634,0.736602,0.011816983,0.027614912,0.027049236,0.5765095,0.35907084,null,null,null,null,"TWOGAUSSIANS",8,15.835103,0.14300382,5.3387764E-4,0.057413165,0.004738061,1.1444789,0.3180634,0.736602,0.011816983,0.1546435,0.15147573,0.5765095,0.35907084
375316653866487564,5946432867568282240,0.55296814,2394.7683962556343,2.887070198239177,7.6218435E-6,17.687952,0.012186344,0.30166152,0.0024597107,0.08221719,0.0034800186,0.48306584,0.018677585,0.7916914,0.0033774038,0.08050929,0.005110881,0.45960465,0.020537958,null,null,null,null,"TWOGAUSSIANS",8,15.576975,0.30166152,0.0024597107,0.4,0.0,0.47612068,0.018130515,0.7916914,0.0033774038,0.4,0.0,0.4526595,0.020610318
375316653866487564,5946433593435662080,0.43599376,2453.792710129053,3.9110051198997393,8.424126E-5,18.96726,0.032348327,0.27654654,0.0143036265,0.09277152,0.026501367,0.18797056,0.038058586,0.7064344,0.01774548,0.08067226,0.030446142,0.42518002,1.1369389,null,null,null,null,"TWOGAUSSIANS",8,3.4194965,0.7064344,0.01774548,0.4,0.10881077,0.42274165,1.1391543,0.27654654,0.0143036265,0.4,0.0,0.1855284,0.036247052
375316653866487564,5946433902673047296,0.4246357,2438.510086160127,2.1558108230321067,6.180638E-5,19.02319,0.018754989,0.25255325,0.00796911,0.033770688,0.024092527,1.089954,8.5670744E7,0.4706642,0.00807116,0.02228181,0.0060844673,0.50076234,0.06307025,null,null,null,null,"TWOGAUSSIANS",8,8.212589,0.25255325,0.00796911,0.18911587,0.13491815,1.089954,8.5670744E7,0.4706642,0.00807116,0.12477814,0.034073018,0.50076234,0.06307025
375316653866487564,5946437162533652608,0.5244617,2437.1751472240767,1.7684939664097457,3.15035E-6,11.722461,0.0111210495,0.2522654,0.0011613104,0.11160634,0.005851611,0.17342651,0.009348129,0.7494386,0.0014598885,0.1278634,0.0069769262,0.14549603,0.010867636,null,null,null,null,"TWOGAUSSIANS",8,9.875876,0.2522854,0.0011773296,0.4,0.0,0.13893117,0.0034116197,0.7494386,0.0014598885,0.4,0.0,0.11087636,0.0016005716
375316653866487564,5946437579167193088,0.48389313,2396.0546276123987,3.862464170923988,1.967835E-5,19.789013,0.02043745,0.21467558,0.009133038,0.064590864,0.010256799,0.39160448,0.04989814,0.7122824,0.011403664,0.073294185,0.0147561645,0.37413034,0.070869125,null,null,null,null,"TWOGAUSSIANS",8,5.0890994,0.21467558,0.009133038,0.36170885,0.057438076,0.3906052,0.05001095,0.7122824,0.011403664,0.4,0.040272333,0.37313107,0.07162396
375316653866487564,5946437750974907520,0.6703205,2407.3888664260708,1.3266713171306401,4.4452077E-6,16.78445,0.0058039757,0.21476866,0.0041466565,0.04581936,0.008001188,0.11834913,0.013319526,0.7124893,8.08846E-4,0.039080314,0.0011579535,0.7593383,0.01348366,0.028524635,0.008684261,0.21476866,0.0041466565,"TWOGAUSSIANS_WITH_ELLIPSOIDAL_ON_ECLIPSE1",9,10.144313,0.71250933,7.9904514E-4,0.21884976,0.0064845397,0.81637585,0.012167952,0.21476866,0.0041466565,0.25658843,0.04480665,0.17539828,0.009537082
375316653866487564,5946438571284359040,0.6184955,2394.572686195452,2.6508121760498478,3.1629202E-6,16.75422,0.013961405,0.26414824,0.0010483493,0.04638333,0.004383788,0.28608146,0.033154164,0.7600171,0.002221517,0.0524666,0.0051211827,0.36640224,0.031060748,0.08786162,0.020402052,0.26414824,0.0010483493,"TWOGAUSSIANS_WITH_ELLIPSOIDAL_ON_ECLIPSE1",9,14.909364,0.7604071,0.0019826747,0.29381296,0.028678622,0.542015,0.017835723,0.26414824,0.0010483493,0.25974664,0.024549212,0.46180147,0.012615161
375316653866487564,5946438846162286848,0.61512434,2404.1627250228635,2.244249081706256,5.053408E-6,15.97419,0.0057625747,0.21920545,0.0021536998,0.08140901,0.0034961742,0.19545251,0.0076120184,0.7091577,0.0017949463,0.07649359,0.0026407687,0.5380838,0.008398883,null,null,null,null,"TWOGAUSSIANS",8,30.38176,0.7091577,0.0017949463,0.4,0.0,0.53467464,0.008287412,0.21920545,0.0021536998,0.4,0.0,0.19204335,0.0073238756
375316653866487564,5946439567717337472,0.4521702,2414.1749027323035,2.508321489994569,4.0189952E-5,17.804066,0.028872563,0.22389813,0.019700931,0.09789567,0.029337175,0.1885267,0.036579482,0.71006787,0.018256595,0.07709198,0.024227843,0.17671837,0.03200281,null,null,null,null,"TWOGAUSSIANS",8,29.272955,0.22389813,0.019700931,0.4,0.0,0.18364629,0.03140563,0.71006787,0.018256595,0.4,0.0,0.17183898,0.017735168
375316653866487564,5946440156159351808,0.5259645,2409.0106217557004,1.3509451297047332,8.994417E-5,16.463907,0.002434197,0.2168554,0.012143487,0.029246187,0.019647669,0.08693675,0.018949585,0.7208607,0.004929332,0.031160893,0.003941375,0.21300183,0.013624215,null,null,null,null,"TWOGAUSSIANS",8,13.32121,0.7208607,0.004929332,0.174501,0.022071699,0.21300183,0.013624215,0.2168554,0.012143487,0.16377865,0.11002695,0.08693675,0.018949585
375316653866487564,5946440362303618944,0.49204654,2344.843198830396,3.1219919004726413,1.3284723E-5,17.676056,0.0069730002,0.30919343,0.0073141903,0.010555695,0.004678382,0.07174196,0.033554178,0.8135499,0.007814615,0.06508919,0.028237851,0.023103764,0.047496974,0.07883055,0.009109331,0.8135499,0.007814615,"TWOGAUSSIANS_WITH_ELLIPSOIDAL_ON_ECLIPSE2",9,17.505346,0.30927342,0.007235059,0.059111893,0.02619894,0.22927272,0.033951912,0.8135499,0.007814615,0.36449945,0.15813197,0.18075038,0.044240784
375316653866487564,5946441182627316224,0.5935572,2348.476967314024,3.925194447253767,5.1532193E-6,17.676746,0.0083230715,0.29770133,0.0029552008,0.098073594,0.004194734,0.28135762,0.011159611,0.7875496,0.0018865477,0.08640063,0.003429,0.3251995,0.0088598225,null,null,null,null,"TWOGAUSSIANS",8,3.1300793,0.7875496,0.0018865477,0.4,0.0,0.31208995,0.006872289,0.29770133,0.0029552008,0.4,0.0,0.26824665,0.009967914
375316653866487564,5946444206284832128,0.565241,2342.4439011008453,3.3683305017730945,8.620766E-6,18.93486,0.019668879,0.2742948,0.0020148917,0.07230733,0.0037349842,0.7122192,0.025900735,0.7817974,0.003940834,0.059166495,0.0032449672,0.52312356,0.027320819,null,null,null,null,"TWOGAUSSIANS",8,4.599813,0.2742948,0.0020148917,0.4,0.009522531,0.7115021,0.025873793,0.7817974,0.003940834,0.33133236,0.018171817,0.5224065,0.02713536
375316653866487564,5946445722422918784,0.5056611,2354.878477426549,3.664181546787889,1.527224E-5,17.652908,0.023363579,0.20971555,0.0072233435,0.10970755,0.015450444,0.17227441,0.022639534,0.71594006,0.0043917764,0.10401816,0.014763,0.1608452,0.021896856,null,null,null,null,"TWOGAUSSIANS",8,6.3000855,0.20971555,0.0072266622,0.4,0.0,0.15212269,0.0074895904,0.71595,0.0043896763,0.4,0.0,0.14070126,0.009575383
