Gaia/vari_eclipsing_binary/VariEclipsingBinary_468264-468280.csv
# %ECSV 1.0
# ---
# delimiter: ','
# meta: !!omap
# - RELEASE: Gaia DR3
# - TABLE: vari_eclipsing_binary
# - DESCRIPTION: >
#     This table describes the properties of the eclipsing binaries resulting from the variability analysis. 
# - CITATION: >
#     How to cite and acknowledge Gaia: 
#     https://gea.esac.esa.int/archive/documentation/credits.html 
# - KNOWN_ISSUES: >
#     Known issues: 
#     https://www.cosmos.esa.int/web/gaia-users/known-issues 
# - DOCUMENTATION: >
#     Tutorials and documentation: 
#     https://www.cosmos.esa.int/web/gaia-users/archive 
# datatype:
# - 
#   name: solution_id
#   datatype: int64
#   description: Solution Identifier
#   meta:
#     ucd: meta.version
# - 
#   name: source_id
#   datatype: int64
#   description: Unique source identifier
#   meta:
#     ucd: meta.id;meta.main
# - 
#   name: global_ranking
#   datatype: float32
#   description: Number between 0 (worst) and 1 (best)
#   meta:
#     ucd: stat.param
# - 
#   name: reference_time
#   datatype: float64
#   unit: d
#   description: Reference time used for the geometric model fit
#   meta:
#     ucd: time.epoch
# - 
#   name: frequency
#   datatype: float64
#   unit: d**-1
#   description: Frequency of geometric model of the eclipsing binary light curve
#   meta:
#     ucd: src.orbital
# - 
#   name: frequency_error
#   datatype: float32
#   unit: d**-1
#   description: "Uncertainty of \\texttt{frequency}"
#   meta:
#     ucd: stat.error
# - 
#   name: geom_model_reference_level
#   datatype: float32
#   unit: mag
#   description: Magnitude reference level of geometric model
#   meta:
#     ucd: phot.mag;em.opt
# - 
#   name: geom_model_reference_level_error
#   datatype: float32
#   unit: mag
#   description: "Uncertainty of \\texttt{geomModelReferenceLevel}"
#   meta:
#     ucd: stat.error;phot.mag;em.opt
# - 
#   name: geom_model_gaussian1_phase
#   datatype: float32
#   description: Phase of the Gaussian 1 component
#   meta:
#     ucd: time.phase
# - 
#   name: geom_model_gaussian1_phase_error
#   datatype: float32
#   description: "Uncertainty of \\texttt{geomModelGaussian1Phase}"
#   meta:
#     ucd: stat.error;time.phase
# - 
#   name: geom_model_gaussian1_sigma
#   datatype: float32
#   description: "Standard deviation [phase] of Gaussian 1 component"
#   meta:
#     ucd: stat.stdev
# - 
#   name: geom_model_gaussian1_sigma_error
#   datatype: float32
#   description: "Uncertainty of \\texttt{geomModelGaussian1Sigma}"
#   meta:
#     ucd: stat.error
# - 
#   name: geom_model_gaussian1_depth
#   datatype: float32
#   unit: mag
#   description: Magnitude depth of Gaussian 1 component
#   meta:
#     ucd: src.var.amplitude
# - 
#   name: geom_model_gaussian1_depth_error
#   datatype: float32
#   unit: mag
#   description: "Uncertainty of \\texttt{geomModelGaussian1Depth}"
#   meta:
#     ucd: stat.error;src.var.amplitude
# - 
#   name: geom_model_gaussian2_phase
#   datatype: float32
#   description: Phase of Gaussian 2 component
#   meta:
#     ucd: time.phase
# - 
#   name: geom_model_gaussian2_phase_error
#   datatype: float32
#   description: "Uncertainty of \\texttt{geomModelGaussian2Phase}"
#   meta:
#     ucd: stat.error;time.phase
# - 
#   name: geom_model_gaussian2_sigma
#   datatype: float32
[...]
#   datatype: float32
#   description: "Secondary eclipse: uncertainty of \\texttt{derivedSecondaryEclDuration}"
#   meta:
#     ucd: stat.error;time.duration
# - 
#   name: derived_secondary_ecl_depth
#   datatype: float32
#   unit: mag
#   description: "Secondary eclipse: depth"
#   meta:
#     ucd: src.var.amplitude
# - 
#   name: derived_secondary_ecl_depth_error
#   datatype: float32
#   unit: mag
#   description: "Secondary eclipse: uncertainty of \\texttt{derivedSecondaryEclDepth}"
#   meta:
#     ucd: stat.error;src.var.amplitude
solution_id,source_id,global_ranking,reference_time,frequency,frequency_error,geom_model_reference_level,geom_model_reference_level_error,geom_model_gaussian1_phase,geom_model_gaussian1_phase_error,geom_model_gaussian1_sigma,geom_model_gaussian1_sigma_error,geom_model_gaussian1_depth,geom_model_gaussian1_depth_error,geom_model_gaussian2_phase,geom_model_gaussian2_phase_error,geom_model_gaussian2_sigma,geom_model_gaussian2_sigma_error,geom_model_gaussian2_depth,geom_model_gaussian2_depth_error,geom_model_cosine_half_period_amplitude,geom_model_cosine_half_period_amplitude_error,geom_model_cosine_half_period_phase,geom_model_cosine_half_period_phase_error,model_type,num_model_parameters,reduced_chi2,derived_primary_ecl_phase,derived_primary_ecl_phase_error,derived_primary_ecl_duration,derived_primary_ecl_duration_error,derived_primary_ecl_depth,derived_primary_ecl_depth_error,derived_secondary_ecl_phase,derived_secondary_ecl_phase_error,derived_secondary_ecl_duration,derived_secondary_ecl_duration_error,derived_secondary_ecl_depth,derived_secondary_ecl_depth_error
[from data line 631]
375316653866487564,4119039319545116416,0.53140795,2379.5492939089754,1.218958000103265,1.14768245E-5,18.351192,0.020599255,0.21743351,0.0037720741,0.10762721,0.010669666,0.2624059,0.019227004,0.71640134,0.0043833544,0.095206134,0.0076839956,0.33699167,0.02384056,null,null,null,null,"TWOGAUSSIANS",8,3.815643,0.71640134,0.0043833544,0.4,0.0,0.30922097,0.01881919,0.21743351,0.0037720741,0.4,0.0,0.23462509,0.012845114
375316653866487564,4119039770545168896,0.43854982,2508.4507359505265,0.9930972371032916,2.6906115E-5,19.548258,0.011906231,0.19094896,0.006276463,0.06151588,0.0042614853,0.48723304,0.043969966,0.81355834,0.017279316,0.019252859,0.016133515,0.11054908,0.1504568,null,null,null,null,"TWOGAUSSIANS",8,3.362495,0.19094896,0.006276463,0.34448892,0.02386432,0.48723304,0.043969966,0.81355834,0.017279316,0.10781602,0.090347685,0.11054908,0.15045682
375316653866487564,4119039804904816640,0.44408762,2419.9252874888443,4.758577009451753,3.3711098E-5,18.594065,0.048882842,0.18361096,0.006532118,0.022751475,0.008500679,0.04591572,0.009160842,0.5354865,0.010581592,0.22361967,0.06458269,0.14664233,0.043339644,null,null,null,null,"TWOGAUSSIANS",8,4.688825,0.5354865,0.010581592,0.4,0.0,0.12257426,0.015185245,0.18675096,0.007785903,0.12740827,0.047603805,0.066975504,0.014469354
375316653866487564,4119040079852881408,0.4212518,2477.802982534174,3.137158473274383,5.1886585E-5,19.381186,0.01132162,0.16529739,0.021666292,0.024841037,0.025342526,0.12235814,0.0450321,0.909206,0.0041548805,0.016251,0.0031583167,0.3467271,0.042182326,null,null,null,null,"TWOGAUSSIANS",8,5.80844,0.909206,0.0041548805,0.09100559,0.017686574,0.3467271,0.042182326,0.16529739,0.021666292,0.1391098,0.14191815,0.12235814,0.0450321
375316653866487564,4119040870127240320,0.46450216,2396.7514000874835,2.470290781201241,4.7446505E-5,17.238188,0.14390408,0.26783916,0.012323186,0.11077049,0.0307016,0.2209316,0.12987141,0.754344,0.008765858,0.13329309,0.06597083,0.20976482,0.13027315,null,null,null,null,"TWOGAUSSIANS",8,29.254438,0.26804915,0.01212938,0.4,0.0,0.17465556,0.018812459,0.754344,0.008765858,0.4,0.0,0.16311331,0.018561026
375316653866487564,4119040900100054272,0.46946707,2431.9059874540344,1.2962219982286367,3.793853E-5,19.645008,0.21313867,0.26206833,0.007095298,0.12332753,0.032416463,0.40208542,0.20379572,0.7721838,0.012701008,0.13798408,0.05673909,0.3137274,0.20962718,null,null,null,null,"TWOGAUSSIANS",8,2.4080784,0.26184833,0.007092231,0.4,0.0,0.29882023,0.029974326,0.7723238,0.012732482,0.4,0.0,0.20977722,0.025688874
375316653866487564,4119041041855052288,0.5546058,2418.0120488039174,2.2932019053620714,8.647456E-6,18.596401,0.0069295927,0.274596,0.002663409,0.08320861,0.0029983495,0.38566145,0.014942414,0.7586112,0.0021168052,0.08424122,0.0038330618,0.38014984,0.0080038095,null,null,null,null,"TWOGAUSSIANS",8,2.2042513,0.274596,0.002663409,0.4,0.0,0.37902045,0.014771128,0.7586112,0.0021168052,0.4,0.0,0.37350884,0.008312803
375316653866487564,4119041179364730752,0.59536785,2411.730406949752,0.6459138854169928,5.0419326E-6,16.754179,0.041768834,0.20365821,0.00222681,0.12103764,0.013338782,0.29115444,0.039965726,0.68563735,0.008522539,0.111418664,0.017505152,0.29943416,0.039255474,null,null,null,null,"TWOGAUSSIANS",8,7.3053603,0.68563735,0.008522539,0.4,0.0,0.250355,0.010596606,0.20369822,0.0021918823,0.4,0.0,0.24197164,0.006505063
375316653866487564,4119041213653678976,0.4550843,2426.8613609080585,2.3665333661759624,2.2776463E-5,19.713017,0.1856446,0.21822111,0.014615762,0.11525616,0.044777695,0.4014749,0.1789769,0.7144314,0.010436479,0.1112657,0.046470556,0.397654,0.15860234,null,null,null,null,"TWOGAUSSIANS",8,3.7041051,0.21823111,0.014646595,0.4,0.0,0.3341319,0.030767318,0.7144314,0.010437976,0.4,0.0,0.3303443,0.06616953
375316653866487564,4119041213653808000,0.50575024,2451.850145100689,1.8155623909252812,1.6227588E-5,19.189804,0.012635771,0.23792411,0.005425864,0.0889591,0.0076977154,0.25944412,0.022720817,0.734494,0.0033220241,0.08640554,0.0066359774,0.35521623,0.020639306,null,null,null,null,"TWOGAUSSIANS",8,2.541019,0.734494,0.0033220241,0.4,0.0,0.34540212,0.0218813,0.23792411,0.005425864,0.4,0.0,0.24963,0.022603543
375316653866487564,4119041351163460992,0.43947008,2415.555402965844,1.9752406526422814,2.5218376E-5,18.843561,0.00683854,null,null,null,null,null,null,null,null,null,null,null,null,0.10194997,0.010951833,0.1412973,0.00584654,"ELLIPSOIDAL",4,10.339996,null,null,null,null,null,null,null,null,null,null,null,null
375316653866487564,4119041797769393152,0.52765965,2403.6907146955136,0.5662798837761456,3.844873E-6,18.430126,0.002132531,0.31539613,0.00569983,0.02207312,0.0059120758,0.28107715,0.13985683,0.8159938,5.863656E-4,0.020176308,7.073435E-4,0.19278444,0.011198575,null,null,null,null,"TWOGAUSSIANS",8,1.2661986,0.31539613,0.00569983,0.12360947,0.033107623,0.28107715,0.13985683,0.8159938,5.863656E-4,0.112987325,0.003961124,0.19278444,0.011198575
375316653866487564,4119041862150269056,0.53730106,2419.183378375878,0.5898685833200044,5.4355532E-6,17.489445,0.003470842,0.18579428,0.004673571,0.061369997,0.0043258583,0.15621796,0.013301714,0.68177027,0.0014751181,0.050848752,0.0029222853,0.31124973,0.027030777,null,null,null,null,"TWOGAUSSIANS",8,6.7124076,0.68177027,0.0014751181,0.28475302,0.016364798,0.31123212,0.02703792,0.18579428,0.004673571,0.34367198,0.024224807,0.15620035,0.013304214
375316653866487564,4119042141367285376,0.45929512,2444.070420252395,2.5440988474725033,2.3744138E-5,19.153858,0.19079064,0.21511407,0.007082333,0.115275405,0.053998508,0.22047064,0.1733674,0.710293,0.010561907,0.13035415,0.06785245,0.2314711,0.1795983,null,null,null,null,"TWOGAUSSIANS",8,2.9412153,0.710293,0.010561907,0.4,0.0,0.17687069,0.021481425,0.21518406,0.006834597,0.4,0.0,0.16613184,0.016505163
375316653866487564,4119042244446602880,0.42162636,2412.3343789310347,1.6839597250143403,8.262736E-5,18.784267,0.00414645,null,null,null,null,null,null,null,null,null,null,null,null,0.04237306,0.0062596775,0.24118651,0.009905138,"ELLIPSOIDAL",4,5.9445786,null,null,null,null,null,null,null,null,null,null,null,null
375316653866487564,4119042244446624256,0.4520983,2461.0511804852335,1.5935900339761206,2.5078236E-5,19.387753,0.012924783,0.30563563,0.0093547655,0.09480536,0.011013486,0.14683151,0.016968794,0.77375585,0.010114184,0.041686073,0.011994609,0.37338638,0.09141024,null,null,null,null,"TWOGAUSSIANS",8,2.3772767,0.77375585,0.010114184,0.23344201,0.06716981,0.37320894,0.092079125,0.30563563,0.0093547655,0.4,0.0,0.1466533,0.016734375
375316653866487564,4119042343186625024,0.6639143,2413.486709212392,2.3136436171107033,2.1931523E-6,15.357653,0.0036488723,0.2471269,0.0010021942,0.048780434,0.0030349067,0.101096965,0.0085153645,0.7480837,0.0018288391,0.051310085,0.0039114305,0.10113378,0.0069621485,0.10148776,0.0044966983,0.2471269,0.0010021942,"TWOGAUSSIANS_WITH_ELLIPSOIDAL_ON_ECLIPSE1",9,9.902529,0.7480837,0.001822602,0.28733647,0.021904012,0.30410084,0.003960359,0.2471269,0.0010021942,0.27317044,0.016995478,0.30407137,0.0043932875
375316653866487564,4119042347525747200,0.50529563,2424.4114455531394,0.035959898255607185,6.0598166E-5,19.436989,0.091793835,0.26650727,0.013244699,0.108615056,0.04206842,0.49323243,0.037290156,0.78406626,0.008178392,0.0755079,0.012621834,0.47266954,0.08558796,null,null,null,null,"TWOGAUSSIANS",8,1.6185089,0.26650727,0.013244699,0.4,0.0,0.4749121,0.05826131,0.7840763,0.008141471,0.4,0.0,0.45438063,0.044595495
375316653866487564,4119042588044113024,0.4395796,2454.4323125674823,2.203296876086403,5.3783093E-5,19.597727,0.0263951,0.27617496,0.013003441,0.07135311,0.028520552,0.21005747,0.030041615,0.75621444,0.014720119,0.08559155,0.022355245,0.22866413,0.027515229,null,null,null,null,"TWOGAUSSIANS",8,4.4664845,0.75621444,0.014720119,0.4,0.0,0.2268516,0.024773961,0.27617496,0.013003441,0.3995774,0.06574872,0.20824498,0.03202068
375316653866487564,4119042618080100096,0.61042553,2411.684532595304,0.5672378717919727,5.3332333E-6,18.20246,0.0026331788,0.17011823,0.0011091994,0.03578052,0.0015808296,0.61201644,0.016869491,0.66980314,0.008009593,0.033644337,0.0052823317,0.053532302,0.0073223147,null,null,null,null,"TWOGAUSSIANS",8,2.0362735,0.17011823,0.0011091994,0.20037091,0.008852646,0.61201644,0.016869491,0.66980314,0.008009593,0.18840829,0.029581057,0.053532302,0.0073223147
375316653866487564,4119043069150488960,0.53929126,2418.2536762255995,0.2209339447013673,7.912453E-6,17.162766,0.0022966105,0.18284854,0.003775179,0.016468273,0.003157234,0.29432103,0.010946105,0.68879396,2.1999562E-4,0.02150657,9.1396034E-4,0.2511684,0.0039585386,null,null,null,null,"TWOGAUSSIANS",8,10.321385,0.18284854,0.003775179,0.09222233,0.01768051,0.29432103,0.010946105,0.68879396,2.1999562E-4,0.120436795,0.0051181777,0.2511684,0.0039585386
375316653866487564,4119043133461554560,0.527461,2418.269491823003,1.481405220827738,3.7123182E-6,18.54287,0.00497078,0.24688005,0.006676664,0.033974614,0.058392853,0.020439234,0.020273548,0.74556035,0.0035422577,0.056990433,0.0038057151,0.21363784,0.019574845,0.06964791,0.008648066,0.24688005,0.006676664,"TWOGAUSSIANS_WITH_ELLIPSOIDAL_ON_ECLIPSE1",9,3.987195,0.7457503,0.0026496488,0.31914642,0.021312004,0.3529127,0.016562628,0.24688005,0.006676664,0.19025783,0.21245998,0.1597223,0.008682574
