Gaia/vari_eclipsing_binary/VariEclipsingBinary_616004-616247.csv
# %ECSV 1.0
# ---
# delimiter: ','
# meta: !!omap
# - RELEASE: Gaia DR3
# - TABLE: vari_eclipsing_binary
# - DESCRIPTION: >
#     This table describes the properties of the eclipsing binaries resulting from the variability analysis. 
# - CITATION: >
#     How to cite and acknowledge Gaia: 
#     https://gea.esac.esa.int/archive/documentation/credits.html 
# - KNOWN_ISSUES: >
#     Known issues: 
#     https://www.cosmos.esa.int/web/gaia-users/known-issues 
# - DOCUMENTATION: >
#     Tutorials and documentation: 
#     https://www.cosmos.esa.int/web/gaia-users/archive 
# datatype:
# - 
#   name: solution_id
#   datatype: int64
#   description: Solution Identifier
#   meta:
#     ucd: meta.version
# - 
#   name: source_id
#   datatype: int64
#   description: Unique source identifier
#   meta:
#     ucd: meta.id;meta.main
# - 
#   name: global_ranking
#   datatype: float32
#   description: Number between 0 (worst) and 1 (best)
#   meta:
#     ucd: stat.param
# - 
#   name: reference_time
#   datatype: float64
#   unit: d
#   description: Reference time used for the geometric model fit
#   meta:
#     ucd: time.epoch
# - 
#   name: frequency
#   datatype: float64
#   unit: d**-1
#   description: Frequency of geometric model of the eclipsing binary light curve
#   meta:
#     ucd: src.orbital
# - 
#   name: frequency_error
#   datatype: float32
#   unit: d**-1
#   description: "Uncertainty of \\texttt{frequency}"
#   meta:
#     ucd: stat.error
# - 
#   name: geom_model_reference_level
#   datatype: float32
#   unit: mag
#   description: Magnitude reference level of geometric model
#   meta:
#     ucd: phot.mag;em.opt
# - 
#   name: geom_model_reference_level_error
#   datatype: float32
#   unit: mag
#   description: "Uncertainty of \\texttt{geomModelReferenceLevel}"
#   meta:
#     ucd: stat.error;phot.mag;em.opt
# - 
#   name: geom_model_gaussian1_phase
#   datatype: float32
#   description: Phase of the Gaussian 1 component
#   meta:
#     ucd: time.phase
# - 
#   name: geom_model_gaussian1_phase_error
#   datatype: float32
#   description: "Uncertainty of \\texttt{geomModelGaussian1Phase}"
#   meta:
#     ucd: stat.error;time.phase
# - 
#   name: geom_model_gaussian1_sigma
#   datatype: float32
#   description: "Standard deviation [phase] of Gaussian 1 component"
#   meta:
#     ucd: stat.stdev
# - 
#   name: geom_model_gaussian1_sigma_error
#   datatype: float32
#   description: "Uncertainty of \\texttt{geomModelGaussian1Sigma}"
#   meta:
#     ucd: stat.error
# - 
#   name: geom_model_gaussian1_depth
#   datatype: float32
#   unit: mag
#   description: Magnitude depth of Gaussian 1 component
#   meta:
#     ucd: src.var.amplitude
# - 
#   name: geom_model_gaussian1_depth_error
#   datatype: float32
#   unit: mag
#   description: "Uncertainty of \\texttt{geomModelGaussian1Depth}"
#   meta:
#     ucd: stat.error;src.var.amplitude
# - 
#   name: geom_model_gaussian2_phase
#   datatype: float32
#   description: Phase of Gaussian 2 component
#   meta:
#     ucd: time.phase
# - 
#   name: geom_model_gaussian2_phase_error
#   datatype: float32
#   description: "Uncertainty of \\texttt{geomModelGaussian2Phase}"
#   meta:
#     ucd: stat.error;time.phase
# - 
#   name: geom_model_gaussian2_sigma
#   datatype: float32
[...]
#   datatype: float32
#   description: "Secondary eclipse: uncertainty of \\texttt{derivedSecondaryEclDuration}"
#   meta:
#     ucd: stat.error;time.duration
# - 
#   name: derived_secondary_ecl_depth
#   datatype: float32
#   unit: mag
#   description: "Secondary eclipse: depth"
#   meta:
#     ucd: src.var.amplitude
# - 
#   name: derived_secondary_ecl_depth_error
#   datatype: float32
#   unit: mag
#   description: "Secondary eclipse: uncertainty of \\texttt{derivedSecondaryEclDepth}"
#   meta:
#     ucd: stat.error;src.var.amplitude
solution_id,source_id,global_ranking,reference_time,frequency,frequency_error,geom_model_reference_level,geom_model_reference_level_error,geom_model_gaussian1_phase,geom_model_gaussian1_phase_error,geom_model_gaussian1_sigma,geom_model_gaussian1_sigma_error,geom_model_gaussian1_depth,geom_model_gaussian1_depth_error,geom_model_gaussian2_phase,geom_model_gaussian2_phase_error,geom_model_gaussian2_sigma,geom_model_gaussian2_sigma_error,geom_model_gaussian2_depth,geom_model_gaussian2_depth_error,geom_model_cosine_half_period_amplitude,geom_model_cosine_half_period_amplitude_error,geom_model_cosine_half_period_phase,geom_model_cosine_half_period_phase_error,model_type,num_model_parameters,reduced_chi2,derived_primary_ecl_phase,derived_primary_ecl_phase_error,derived_primary_ecl_duration,derived_primary_ecl_duration_error,derived_primary_ecl_depth,derived_primary_ecl_depth_error,derived_secondary_ecl_phase,derived_secondary_ecl_phase_error,derived_secondary_ecl_duration,derived_secondary_ecl_duration_error,derived_secondary_ecl_depth,derived_secondary_ecl_depth_error
[from data line 565]
375316653866487564,5420077895233110528,0.5009459,2172.9169247896884,2.9265868896887848,1.3074616E-5,12.880395,0.016116505,0.24352805,0.005582151,0.10034771,0.011735405,0.14480723,0.016083922,0.7671674,0.003102906,0.091028824,0.016506217,0.1484597,0.010302181,null,null,null,null,"TWOGAUSSIANS",8,356.03287,0.7671674,0.0031173136,0.4,0.0,0.14153346,0.010970497,0.24352805,0.0055814134,0.4,0.0,0.13787915,0.009011389
375316653866487564,5420086794403259008,0.483619,2229.4184051730062,2.392127298355566,2.7637481E-5,19.923391,0.012882811,0.18712229,0.0014294463,0.037106283,0.003077745,0.48058257,0.03278657,0.6894378,0.006862879,0.04799568,0.009033414,0.21781991,0.031890772,null,null,null,null,"TWOGAUSSIANS",8,3.1668847,0.18712229,0.0014294463,0.20779519,0.017235372,0.48058257,0.032786552,0.6894378,0.006862879,0.2687758,0.050587118,0.2178199,0.03189079
375316653866487564,5420088546752802048,0.5993875,2202.044027196673,0.8450896896150335,3.4271047E-6,14.670764,0.0012426246,0.2604519,0.0020974074,0.026034879,0.0019366442,0.05376029,0.0041332003,0.76097447,9.942842E-4,0.027014308,0.0021653841,0.15707426,0.018964713,0.015631689,0.0018776197,0.2604519,0.0020974074,"TWOGAUSSIANS_WITH_ELLIPSOIDAL_ON_ECLIPSE1",9,10.954145,0.76097447,9.942842E-4,0.15128012,0.0121261515,0.1883373,0.020572595,0.2604519,0.0020974074,0.14579532,0.010845208,0.085023664,0.0032319578
375316653866487564,5420088959069884032,0.5502326,2194.4529446210327,2.795192646718385,7.0152423E-6,16.611609,0.011578241,0.12704606,0.0021552048,0.103678,0.0060292324,0.20783952,0.010860042,0.6333427,0.0045603937,0.10443992,0.0087991785,0.18875419,0.010946381,null,null,null,null,"TWOGAUSSIANS",8,9.442262,0.12704606,0.002155173,0.4,0.0,0.18730657,0.0037884011,0.6333427,0.0045603937,0.4,0.0,0.16822095,0.005957247
375316653866487564,5420091188152194560,0.505722,2167.2846636686304,0.3282551542563166,1.6806234E-6,12.3919325,7.495248E-4,0.28586197,3.286375E-4,0.019151725,5.506022E-4,0.061705336,0.0011629275,0.7967947,0.00573418,0.022289535,0.0036840984,0.07871668,0.026259271,null,null,null,null,"TWOGAUSSIANS",8,44.11601,0.7967947,0.00573418,0.1248214,0.02063095,0.07871668,0.026259271,0.28586197,3.286375E-4,0.10724966,0.0030833725,0.061705336,0.0011629275
375316653866487564,5420091467330803328,0.46995434,2123.0944207573684,0.2752301562421752,1.9742554E-5,12.139031,5.7635846E-4,0.23899336,4.9292594E-6,0.0014364257,3.5526406E-5,0.05220874,9.687729E-4,0.71613985,0.0107905725,0.016913045,0.0033840411,0.05612168,0.039768636,0.0028149176,9.1033365E-4,0.23899336,4.9292594E-6,"TWOGAUSSIANS_WITH_ELLIPSOIDAL_ON_ECLIPSE1",9,31.650309,0.71618986,0.0107807685,0.09471305,0.01895063,0.061636485,0.03962095,0.23899336,4.9292594E-6,0.008043984,1.9894786E-4,0.057838574,0.001085082
375316653866487564,5420099198271973760,0.49702188,2194.7282247933845,4.088143420676895,1.9024688E-5,15.327143,0.0034274932,0.26062185,0.0071477625,0.044952706,0.006457324,0.058198653,0.014781923,0.78565055,0.0035055242,0.04620804,0.00591716,0.0626679,0.009526924,0.032115124,0.0065983874,0.78565055,0.0035055242,"TWOGAUSSIANS_WITH_ELLIPSOIDAL_ON_ECLIPSE2",9,37.931793,0.78565055,0.0035055242,0.258765,0.033136092,0.12689808,0.0067184498,0.26434183,0.006726831,0.25173515,0.036161013,0.1210854,0.014447721
375316653866487564,5420118130487939328,0.51744014,2195.207168023853,4.097761819277057,1.6300519E-5,15.728267,0.0014752862,0.30127767,0.0022519033,0.01448959,0.006223018,0.020361178,0.015165547,null,null,null,null,null,null,0.06571744,0.0026514253,0.30127767,0.0022519033,"ONEGAUSSIAN_WITH_ELLIPSOIDAL",6,37.768127,0.30127767,0.0022519033,0.0811417,0.0348489,0.15179579,0.014421462,null,null,null,null,null,null
375316653866487564,5420120428290334080,0.65136737,2176.352005771122,3.2880967580669296,2.481792E-6,17.55537,0.0057918085,0.26099756,7.1049243E-4,0.05086289,0.0014760717,0.50223124,0.015057538,0.76113605,0.0013617259,0.04860156,0.0026839252,0.38766372,0.023118751,0.114024565,0.007824009,0.26099756,7.1049243E-4,"TWOGAUSSIANS_WITH_ELLIPSOIDAL_ON_ECLIPSE1",9,4.0589714,0.26099756,7.1049243E-4,0.28483218,0.008266001,0.7302768,0.013479399,0.76113605,0.0013332302,0.27216873,0.015029981,0.6157091,0.027647046
375316653866487564,5420131565145584768,0.48224837,2201.909734961496,2.974189388560774,9.883435E-6,16.918104,0.013388142,0.22243235,0.0037007914,0.08539511,0.008452497,0.29179594,0.01759626,0.72938,0.0051601334,0.09768798,0.009620048,0.21683884,0.020661203,null,null,null,null,"TWOGAUSSIANS",8,35.81648,0.22243235,0.0037007914,0.4,0.0,0.28108224,0.02109157,0.72938,0.0051601334,0.4,0.0,0.20612422,0.021567512
375316653866487564,5420132660357967616,0.54675126,2159.6656515027466,3.453380449089562,5.8966752E-6,19.235933,0.008571167,0.23099464,0.002239069,0.07542163,0.0031954525,0.5360055,0.01858025,0.7316616,0.0027312275,0.07008327,0.0037180192,0.4561861,0.025551692,null,null,null,null,"TWOGAUSSIANS",8,2.5933936,0.23099464,0.002239069,0.4,0.0,0.53334373,0.018772325,0.7316616,0.0027312275,0.3924663,0.019124411,0.45352432,0.025801757
375316653866487564,5420133008254629376,0.5224411,2204.4196647183207,0.8226770898168588,8.007352E-6,15.012256,0.0024949082,0.21181014,0.0022344426,0.03874212,0.002980888,0.10284906,0.009808665,0.7150506,0.0016656523,0.031051408,0.0031249018,0.07410485,0.0050603603,0.030055812,0.0036676258,0.21181014,0.0022344426,"TWOGAUSSIANS_WITH_ELLIPSOIDAL_ON_ECLIPSE1",9,60.680294,0.21181014,0.0022344426,0.21695587,0.016692972,0.16296062,0.009040984,0.7150506,0.0016656523,0.1738879,0.01749945,0.1341915,0.004550159
375316653866487564,5420137612459300736,0.6258785,2202.9683926774137,1.7873501235947935,3.4550021E-6,17.184309,0.0017383979,0.31657547,8.059747E-4,0.047979828,8.4901357E-4,0.517761,0.012843056,0.8248056,0.0065332917,0.056871187,0.005702017,0.089665115,0.0036882723,null,null,null,null,"TWOGAUSSIANS",8,5.036638,0.31657547,8.059747E-4,0.26868704,0.004754476,0.5177579,0.012843321,0.8248056,0.0065332917,0.31847864,0.031931292,0.08966202,0.0036871803
375316653866487564,5420141495109498752,0.6392688,2193.231946142358,1.2664264524379383,1.031925E-6,16.227146,0.0033288933,0.1912753,0.0015515935,0.039750427,0.0021796562,0.19771542,0.014053733,0.6934528,4.1474053E-4,0.03647767,6.8961724E-4,0.5030554,0.008272159,0.016699538,0.0045168917,0.1912753,0.0015515935,"TWOGAUSSIANS_WITH_ELLIPSOIDAL_ON_ECLIPSE1",9,9.116756,0.6934528,4.1474053E-4,0.20427495,0.0038618564,0.5364482,0.005547988,0.1912753,0.0015515935,0.22260238,0.012206075,0.23111445,0.0138391815
375316653866487564,5420146610410118656,0.43932152,2167.970657194109,0.5176181201188894,3.1601616E-5,11.913362,5.785862E-4,0.28804672,0.008394527,0.040857192,0.022759998,0.003991471,0.0024425474,0.8020824,0.013739508,0.008934876,0.011532587,0.047352094,2.61550191E12,0.007965158,9.454733E-4,0.28804672,0.008394527,"TWOGAUSSIANS_WITH_ELLIPSOIDAL_ON_ECLIPSE1",9,12.056964,0.8020824,0.013739508,0.0500353,0.06458249,0.06315883,2.61550191E12,0.28804672,0.008394527,0.22880028,0.127456,0.019921785,0.0019093164
375316653866487564,5420148504491839872,0.5288304,2204.157431158157,0.2558305255819641,1.0698505E-4,18.189045,0.0016784467,0.4636856,0.0063053034,0.011692368,0.0020143748,0.64572316,0.30476677,null,null,null,null,null,null,null,null,null,null,"ONEGAUSSIAN",5,1.5941912,0.4636856,0.0063053034,0.06547726,0.011280499,0.64572316,0.0,null,null,null,null,null,null
375316653866487564,5420150291202584832,0.5398565,2200.858973545031,1.205615795128089,3.7394366E-6,15.830347,0.0037358317,0.3370339,4.8355624E-4,0.023704719,4.4967298E-4,0.63266695,0.009600277,0.83564466,0.0035449206,0.025903994,0.003166339,0.44663203,0.04682163,null,null,null,null,"TWOGAUSSIANS",8,95.60514,0.3370339,4.8355624E-4,0.13274643,0.0025181687,0.63266695,0.009600277,0.83564466,0.0035449206,0.14506237,0.017731497,0.44663203,0.04682163
375316653866487564,5420156643454703488,0.5332636,2210.463628898669,3.6312632694211326,9.380846E-6,18.323374,0.015716512,0.26091546,0.0037719223,0.046736326,0.005223348,0.3519518,0.040941898,0.76766545,0.006058466,0.05722931,0.0055209226,0.43085465,0.049537204,0.112922676,0.017972969,0.26091546,0.0037719223,"TWOGAUSSIANS_WITH_ELLIPSOIDAL_ON_ECLIPSE1",9,22.004595,0.76766545,0.006058466,0.32048413,0.030917166,0.65627456,0.043655984,0.26091546,0.0037719223,0.26172343,0.029250747,0.5777777,0.022991495
375316653866487564,5420161320678447616,0.4985623,2141.7729075923744,3.289626121647774,1.1476695E-5,12.375646,0.09076372,0.24146219,0.0039029857,0.120378785,0.04403134,0.14110552,0.08864283,0.7234071,0.004581885,0.10941302,0.02731114,0.16758335,0.08490514,null,null,null,null,"TWOGAUSSIANS",8,473.30096,0.7234071,0.004581885,0.4,0.0,0.14359735,0.01081158,0.2414922,0.0037992327,0.4,0.0,0.11707196,0.010142249
375316653866487564,5420167088815628672,0.50249004,2209.983778575287,1.412640911398814,1.3057517E-5,17.826128,0.0030619677,0.2966346,0.001894623,0.05097893,0.004805748,0.1394739,0.012642789,0.79744476,0.01530147,0.05948361,0.013202015,0.040023416,0.006327318,null,null,null,null,"TWOGAUSSIANS",8,2.4881618,0.2966346,0.001894623,0.285482,0.026912188,0.13946907,0.012650699,0.79744476,0.01530147,0.33310822,0.073931284,0.040018592,0.006326514
375316653866487564,5420168016527139072,0.62227905,2203.6937416642995,2.9415295653463334,3.940957E-6,13.120508,0.0040253084,0.22516623,0.0022415298,0.04014281,0.0024795071,0.116203964,0.010585275,0.72892904,0.0013468177,0.04561217,0.004657672,0.107157834,0.009163918,0.06721183,0.005713224,0.72892904,0.0013468177,"TWOGAUSSIANS_WITH_ELLIPSOIDAL_ON_ECLIPSE2",9,41.52522,0.22564624,0.0019476569,0.22479974,0.013885239,0.2505621,0.004167837,0.72892904,0.0013468177,0.25542817,0.02608296,0.24158145,0.0035726102
375316653866487564,5420168055187220736,0.63898575,2207.72121983032,0.5079333938860837,1.0756522E-6,15.338549,0.0027763762,0.2982902,1.7878789E-4,0.040051255,5.7163823E-4,0.39600736,0.0053749112,0.79686135,0.0031410381,0.035056006,0.004779526,0.042626888,0.00639559,0.018325094,0.003397112,0.2982902,1.7878789E-4,"TWOGAUSSIANS_WITH_ELLIPSOIDAL_ON_ECLIPSE1",9,22.022064,0.2982902,1.7878789E-4,0.22428702,0.003201174,0.43265745,0.0030634713,0.7969713,0.0029499107,0.19631363,0.026765347,0.07927426,0.003422284
375316653866487564,5420174819756653824,0.4946088,2201.5852491150335,0.23053516088640028,5.6238446E-6,19.664116,0.003159957,0.22820567,0.0026064643,0.013294005,0.002145957,0.06290826,0.013221402,0.45855814,9.138549E-5,0.005523414,1.17496085E-4,0.94070345,0.058252964,null,null,null,null,"TWOGAUSSIANS",8,1.0965424,0.45855814,9.138549E-5,0.030931119,6.5797806E-4,0.94070345,0.058252964,0.22820567,0.0026064643,0.074446425,0.012017359,0.06290826,0.013221402
375316653866487564,5420181214966657792,0.55126315,2173.5492543217842,2.4811620245625496,8.290818E-6,17.02112,0.012591178,0.27170527,0.0013914821,0.090010405,0.0035806082,0.36409885,0.0115006,0.7803819,0.004287178,0.097919695,0.0073699076,0.35466158,0.01365583,null,null,null,null,"TWOGAUSSIANS",8,25.050255,0.27170527,0.0013914821,0.4,0.0,0.3456967,0.007352981,0.7803819,0.004287178,0.4,0.0,0.33625787,0.012963541
375316653866487564,5420183207831508096,0.6089446,2196.7765892276,1.5320114293741343,5.2372066E-6,13.90529,0.012648528,0.2558518,0.0014841184,0.10472106,0.0041666897,0.30947295,0.011760921,0.75672686,0.0014124834,0.119349115,0.005773948,0.2656896,0.011229935,null,null,null,null,"TWOGAUSSIANS",8,55.37262,0.2558518,0.0014841184,0.4,0.0,0.26285404,0.0035118842,0.75672686,0.0014124834,0.4,0.0,0.21899551,0.0055672796
375316653866487564,5420184440484021120,0.6726412,2225.5632170808744,3.678350844489648,4.0342275E-6,16.979345,0.004915032,0.23339571,0.0010508157,0.044327587,0.0015949659,0.55063623,0.015298568,0.72945255,0.0014693064,0.042374816,0.0015624599,0.4631337,0.019820325,0.13509487,0.009410151,0.23339571,0.0010508157,"TWOGAUSSIANS_WITH_ELLIPSOIDAL_ON_ECLIPSE1",9,12.938819,0.23339571,0.0010508157,0.24823448,0.008931809,0.8208258,0.009952816,0.72975254,0.0013394558,0.23729898,0.008749775,0.7331701,0.017647218
375316653866487564,5420186849963672192,0.49088398,2206.8987914862073,3.5519943777533984,1.9919682E-5,16.6722,0.5801555,0.2119398,0.0054485844,0.124259464,0.110133745,0.15109901,0.546859,0.71670556,0.0059546563,0.11656384,0.09509803,0.1552182,0.5051504,null,null,null,null,"TWOGAUSSIANS",8,14.813179,0.71674556,0.0054950323,0.4,0.0,0.121299736,0.007795265,0.2119198,0.00523876,0.4,0.0,0.117119215,0.006550235
375316653866487564,5420190766974343168,0.4744417,2185.23864508726,2.7690463939495835,2.0048165E-5,16.210136,0.013059483,0.2649612,0.006017798,0.045098677,0.027113872,0.13523632,0.04696315,0.7657704,0.042249337,0.03151121,0.035575595,0.04267741,0.042616617,0.096355274,0.019753763,0.2649612,0.006017798,"TWOGAUSSIANS_WITH_ELLIPSOIDAL_ON_ECLIPSE1",9,39.23702,0.2649612,0.006017798,0.2525526,0.15183768,0.3279468,0.051270988,0.7657704,0.041858777,0.17646277,0.19922334,0.23538293,0.027116615
375316653866487564,5420191071913515776,0.5241214,2201.38787201259,3.0729086677236914,7.4489394E-6,16.937593,0.009065154,0.2563255,0.0026212058,0.100696154,0.0053316173,0.2442292,0.010552008,0.7708619,0.0028284024,0.09217938,0.007968576,0.2406773,0.013927104,null,null,null,null,"TWOGAUSSIANS",8,12.706699,0.2563255,0.0026212058,0.4,0.0,0.23042728,0.009881434,0.7708619,0.002834485,0.4,0.0,0.22687782,0.017557913
375316653866487564,5420193103436544896,0.5672309,2221.592490779528,2.846695617840619,6.3365505E-6,14.2980175,0.0152329765,0.22307886,0.0020713487,0.051973507,0.007230907,0.22284518,0.031847503,0.7165429,0.006960749,0.060551744,0.009134194,0.23387073,0.035707593,0.10707079,0.018928498,0.22307886,0.0020713487,"TWOGAUSSIANS_WITH_ELLIPSOIDAL_ON_ECLIPSE1",9,366.1469,0.71791285,0.0054493933,0.33908975,0.051151484,0.44769493,0.019123225,0.22307886,0.0020713487,0.29105166,0.040493082,0.43695474,0.022236146
375316653866487564,5420197432763625216,0.48452908,2199.5307047615465,2.802985018351602,1.3787377E-5,13.089803,0.050474636,0.26447195,0.0035771122,0.23628962,0.03923005,0.41965404,0.050862744,0.7636006,0.0034114858,0.15964997,0.025736403,0.3216514,0.0573618,null,null,null,null,"TWOGAUSSIANS",8,129.90152,0.26472193,0.0037833638,0.4,0.0,0.089484304,0.004691362,0.7636006,0.0034327381,0.4,0.0,0.07606082,0.010980387
375316653866487564,5420198631056368128,0.61589926,2233.2555758416224,3.2709545222123704,2.7034598E-6,17.626316,0.008841846,0.2130897,0.0011278879,0.060664836,0.0021543424,0.36118436,0.02256136,0.71247464,9.653598E-4,0.053232975,0.0023673747,0.35997257,0.01976053,0.09664105,0.012227956,0.2130897,0.0011278879,"TWOGAUSSIANS_WITH_ELLIPSOIDAL_ON_ECLIPSE1",9,7.2161503,0.2130897,0.0011278879,0.33972308,0.012064316,0.5543872,0.010795354,0.7125447,8.2607084E-4,0.29810467,0.013257299,0.5531729,0.008601682
375316653866487564,5420209763608801664,0.5566506,2199.8470007435985,2.99882749370275,7.0506144E-6,17.045542,0.007541991,0.2720246,0.0052960548,0.049818367,0.007199054,0.08146138,0.017443206,0.7537761,0.0017134675,0.05988614,0.0059523787,0.13481982,0.018835224,0.10308692,0.010454783,0.7537761,0.0017134675,"TWOGAUSSIANS_WITH_ELLIPSOIDAL_ON_ECLIPSE2",9,20.63798,0.7537761,0.0017134675,0.33536237,0.03333332,0.34097138,0.009718745,0.26596463,0.0035065147,0.27898285,0.040314704,0.28580567,0.004964993
375316653866487564,5420217494550201728,0.45037302,2187.324708616711,1.3385623075782933,1.5289337E-5,18.175478,0.0051922402,0.22130616,0.00429742,0.028328225,0.0027259693,0.18901841,0.025070952,0.7574468,0.0038097103,0.008296241,0.0053473366,0.092814304,2.7912393,0.02048743,0.00720856,0.7574468,0.0038097103,"TWOGAUSSIANS_WITH_ELLIPSOIDAL_ON_ECLIPSE2",9,14.589031,0.22177616,0.004230344,0.15863806,0.0152654275,0.22794324,0.02446049,0.7574468,0.0038097103,0.04645895,0.029945085,0.13378917,2.790065
