Gaia/vari_eclipsing_binary/VariEclipsingBinary_611078-611361.csv
# %ECSV 1.0
# ---
# delimiter: ','
# meta: !!omap
# - RELEASE: Gaia DR3
# - TABLE: vari_eclipsing_binary
# - DESCRIPTION: >
#     This table describes the properties of the eclipsing binaries resulting from the variability analysis. 
# - CITATION: >
#     How to cite and acknowledge Gaia: 
#     https://gea.esac.esa.int/archive/documentation/credits.html 
# - KNOWN_ISSUES: >
#     Known issues: 
#     https://www.cosmos.esa.int/web/gaia-users/known-issues 
# - DOCUMENTATION: >
#     Tutorials and documentation: 
#     https://www.cosmos.esa.int/web/gaia-users/archive 
# datatype:
# - 
#   name: solution_id
#   datatype: int64
#   description: Solution Identifier
#   meta:
#     ucd: meta.version
# - 
#   name: source_id
#   datatype: int64
#   description: Unique source identifier
#   meta:
#     ucd: meta.id;meta.main
# - 
#   name: global_ranking
#   datatype: float32
#   description: Number between 0 (worst) and 1 (best)
#   meta:
#     ucd: stat.param
# - 
#   name: reference_time
#   datatype: float64
#   unit: d
#   description: Reference time used for the geometric model fit
#   meta:
#     ucd: time.epoch
# - 
#   name: frequency
#   datatype: float64
#   unit: d**-1
#   description: Frequency of geometric model of the eclipsing binary light curve
#   meta:
#     ucd: src.orbital
# - 
#   name: frequency_error
#   datatype: float32
#   unit: d**-1
#   description: "Uncertainty of \\texttt{frequency}"
#   meta:
#     ucd: stat.error
# - 
#   name: geom_model_reference_level
#   datatype: float32
#   unit: mag
#   description: Magnitude reference level of geometric model
#   meta:
#     ucd: phot.mag;em.opt
# - 
#   name: geom_model_reference_level_error
#   datatype: float32
#   unit: mag
#   description: "Uncertainty of \\texttt{geomModelReferenceLevel}"
#   meta:
#     ucd: stat.error;phot.mag;em.opt
# - 
#   name: geom_model_gaussian1_phase
#   datatype: float32
#   description: Phase of the Gaussian 1 component
#   meta:
#     ucd: time.phase
# - 
#   name: geom_model_gaussian1_phase_error
#   datatype: float32
#   description: "Uncertainty of \\texttt{geomModelGaussian1Phase}"
#   meta:
#     ucd: stat.error;time.phase
# - 
#   name: geom_model_gaussian1_sigma
#   datatype: float32
#   description: "Standard deviation [phase] of Gaussian 1 component"
#   meta:
#     ucd: stat.stdev
# - 
#   name: geom_model_gaussian1_sigma_error
#   datatype: float32
#   description: "Uncertainty of \\texttt{geomModelGaussian1Sigma}"
#   meta:
#     ucd: stat.error
# - 
#   name: geom_model_gaussian1_depth
#   datatype: float32
#   unit: mag
#   description: Magnitude depth of Gaussian 1 component
#   meta:
#     ucd: src.var.amplitude
# - 
#   name: geom_model_gaussian1_depth_error
#   datatype: float32
#   unit: mag
#   description: "Uncertainty of \\texttt{geomModelGaussian1Depth}"
#   meta:
#     ucd: stat.error;src.var.amplitude
# - 
#   name: geom_model_gaussian2_phase
#   datatype: float32
#   description: Phase of Gaussian 2 component
#   meta:
#     ucd: time.phase
# - 
#   name: geom_model_gaussian2_phase_error
#   datatype: float32
#   description: "Uncertainty of \\texttt{geomModelGaussian2Phase}"
#   meta:
#     ucd: stat.error;time.phase
# - 
#   name: geom_model_gaussian2_sigma
#   datatype: float32
[...]
#   datatype: float32
#   description: "Secondary eclipse: uncertainty of \\texttt{derivedSecondaryEclDuration}"
#   meta:
#     ucd: stat.error;time.duration
# - 
#   name: derived_secondary_ecl_depth
#   datatype: float32
#   unit: mag
#   description: "Secondary eclipse: depth"
#   meta:
#     ucd: src.var.amplitude
# - 
#   name: derived_secondary_ecl_depth_error
#   datatype: float32
#   unit: mag
#   description: "Secondary eclipse: uncertainty of \\texttt{derivedSecondaryEclDepth}"
#   meta:
#     ucd: stat.error;src.var.amplitude
solution_id,source_id,global_ranking,reference_time,frequency,frequency_error,geom_model_reference_level,geom_model_reference_level_error,geom_model_gaussian1_phase,geom_model_gaussian1_phase_error,geom_model_gaussian1_sigma,geom_model_gaussian1_sigma_error,geom_model_gaussian1_depth,geom_model_gaussian1_depth_error,geom_model_gaussian2_phase,geom_model_gaussian2_phase_error,geom_model_gaussian2_sigma,geom_model_gaussian2_sigma_error,geom_model_gaussian2_depth,geom_model_gaussian2_depth_error,geom_model_cosine_half_period_amplitude,geom_model_cosine_half_period_amplitude_error,geom_model_cosine_half_period_phase,geom_model_cosine_half_period_phase_error,model_type,num_model_parameters,reduced_chi2,derived_primary_ecl_phase,derived_primary_ecl_phase_error,derived_primary_ecl_duration,derived_primary_ecl_duration_error,derived_primary_ecl_depth,derived_primary_ecl_depth_error,derived_secondary_ecl_phase,derived_secondary_ecl_phase_error,derived_secondary_ecl_duration,derived_secondary_ecl_duration_error,derived_secondary_ecl_depth,derived_secondary_ecl_depth_error
375316653866487564,5375100413593975296,0.53161675,2227.124764550654,0.7360681145455702,7.338051E-6,15.114943,0.003967378,0.14655682,8.6456735E-4,0.01542534,0.0014992515,0.614571,0.05455136,0.64490825,0.0017874436,0.017543005,0.00168681,0.5314178,0.05435683,0.014142781,0.0063560903,0.14655682,8.6456735E-4,"TWOGAUSSIANS_WITH_ELLIPSOIDAL_ON_ECLIPSE1",9,335.524,0.14655682,8.6456735E-4,0.086381905,0.008395809,0.6428565,0.055765197,0.64490825,0.0017874436,0.09824083,0.009446137,0.55970025,0.05469593
375316653866487564,5375100894630345472,0.59465015,2225.4830861189266,0.44655666727676885,2.862496E-6,15.708512,0.0018600553,0.27983037,5.4280675E-4,0.025750438,8.489827E-4,0.47696286,0.010094909,0.7826691,0.0021331708,0.030137459,0.002656807,0.29238066,0.032487404,0.006107911,0.0025742787,0.27983037,5.4280675E-4,"TWOGAUSSIANS_WITH_ELLIPSOIDAL_ON_ECLIPSE1",9,20.414356,0.27983037,5.4280675E-4,0.14420246,0.0047543035,0.48917866,0.010203371,0.7826691,0.0021331708,0.16876978,0.014878119,0.30459258,0.032992437
375316653866487564,5375106319170779136,0.43768895,2226.083689380796,2.04183735473978,4.9178812E-5,18.516912,0.017411286,0.08603069,0.002671953,0.005066087,0.0019871125,0.08736056,0.04569227,0.5715567,0.018184725,0.18138452,0.033304024,0.119394906,0.018240195,null,null,null,null,"TWOGAUSSIANS",8,7.1812077,0.5715567,0.018184725,0.4,0.0,0.11401226,0.0141590275,0.08603069,0.002671727,0.028370088,0.01112783,0.08743567,0.045744546
375316653866487564,5375107418682510592,0.5224937,2230.987855961307,2.2140298082581613,1.7558381E-5,17.998674,0.004525653,0.30379295,0.016341629,0.020163301,0.017317478,0.014955069,0.011660643,0.5573407,0.0036087632,0.06919838,0.003284933,0.3297565,0.013707892,0.017043145,0.007701784,0.30379295,0.016341629,"TWOGAUSSIANS_WITH_ELLIPSOIDAL_ON_ECLIPSE1",9,9.440058,0.5574807,0.0035319333,0.38751093,0.018395625,0.32977402,0.013743385,0.30434296,0.01698968,0.11291449,0.096977875,0.049447905,0.014867072
375316653866487564,5375109656363755264,0.56255645,2233.0573632490555,3.2818874320928417,6.1517594E-6,16.238232,0.0061771204,0.23562853,0.0019469246,0.07214088,0.002472174,0.360598,0.006739457,0.7219158,0.0021638204,0.07699588,0.0038593395,0.43233517,0.020988196,null,null,null,null,"TWOGAUSSIANS",8,55.759228,0.7219158,0.0021638204,0.4,0.0,0.43023592,0.021528892,0.23562853,0.0019469246,0.4,3.3424242E-4,0.35849875,0.0063198167
375316653866487564,5375109793802722560,0.5844976,2232.427701737614,2.6334568165925383,4.5492925E-6,17.577663,0.015442653,0.20269339,0.0014992456,0.04360511,0.005860058,0.20969886,0.03455936,0.69807446,0.0023791292,0.05909658,0.007654577,0.20639831,0.03214307,0.09589354,0.019597437,0.20269339,0.0014992456,"TWOGAUSSIANS_WITH_ELLIPSOIDAL_ON_ECLIPSE1",9,8.594344,0.20269339,0.0014992456,0.24418862,0.032816324,0.40146655,0.018023044,0.6990145,0.0017660209,0.33094084,0.04286563,0.39803743,0.009473446
375316653866487564,5375112607003022464,0.4441752,2241.0239712027405,0.035646902833067255,4.9944916E-5,19.350767,0.0064648762,0.32767227,0.0078058387,0.07223448,0.008474087,0.16051768,0.023004808,0.74580914,0.0073301136,0.066175304,0.008526684,0.21030684,0.044056963,null,null,null,null,"TWOGAUSSIANS",8,3.757896,0.74580914,0.0073301136,0.37058172,0.047749426,0.21025385,0.044084597,0.32767227,0.0078058387,0.4,0.017958859,0.16046469,0.023023952
375316653866487564,5375114569806396160,0.5073599,2247.7529368624637,0.5180246236601374,1.2083695E-5,14.997492,7.120255E-4,0.30973813,0.0011328548,0.014447137,0.0012759449,0.06425114,0.0029013627,0.8092527,0.0018147785,0.014991729,0.0015901946,0.072562516,0.007777735,0.0030798607,0.0014495741,0.30973813,0.0011328548,"TWOGAUSSIANS_WITH_ELLIPSOIDAL_ON_ECLIPSE1",9,14.220939,0.8092527,0.0018147785,0.08395368,0.00890509,0.07872217,0.007973935,0.30973813,0.0011328548,0.08090397,0.007145291,0.070410855,0.0032546755
375316653866487564,5375129447573860992,0.42708385,2276.0399663101534,2.588692781044043,5.3362313E-5,15.227763,0.015530995,0.25139585,0.0077337935,0.09530052,0.018250555,0.13853967,0.014805698,0.7586763,0.008139637,0.09732533,0.016189666,0.15921779,0.014703729,null,null,null,null,"TWOGAUSSIANS",8,96.55403,0.7586763,0.008138877,0.4,0.0,0.14994963,0.009824051,0.25139585,0.007733542,0.4,0.0,0.12927184,0.012389805
375316653866487564,5375138003148344192,0.55089843,2253.6035941609484,2.900438313370252,6.098596E-6,16.389084,0.009332993,0.22154488,0.0021148345,0.09624226,0.0043246145,0.31097147,0.010770429,0.72393703,0.001890607,0.09671553,0.004261646,0.3082884,0.009150883,null,null,null,null,"TWOGAUSSIANS",8,23.504782,0.22154488,0.0021148345,0.4,0.0,0.29008737,0.009858183,0.72393703,0.001890607,0.4,0.0,0.28740418,0.007259824
375316653866487564,5375139068300561792,0.446637,2270.37231900632,1.8534220593987767,1.528776E-5,16.683876,0.005261397,0.2391119,0.013237392,0.061183605,0.013446098,0.07065583,0.018242,0.745529,0.023779228,0.0018665903,0.0025657755,5.7046995,2.96576576E8,0.016037202,0.007262363,0.745529,0.023779228,"TWOGAUSSIANS_WITH_ELLIPSOIDAL_ON_ECLIPSE2",9,54.33986,0.745529,0.023779228,0.010452907,0.014368343,5.736763,2.96576576E8,0.2398719,0.010709037,0.34262818,0.07529815,0.102673404,0.015334417
375316653866487564,5375147795667932672,0.43827316,2264.467715858993,0.6258683061020501,3.1946347E-6,16.709606,0.0022948491,0.23777606,0.022268869,0.03353996,0.009322152,0.18032868,0.040049344,0.67146754,0.0010007533,0.0070260693,6.439094E-4,0.099046975,0.005392803,null,null,null,null,"TWOGAUSSIANS",8,3.8960462,0.23777606,0.022268869,0.18782377,0.052204046,0.18032868,0.040049344,0.67146754,0.0010007533,0.039345987,0.0036058924,0.099046975,0.005392803
375316653866487564,5375150402715502208,0.5877487,2241.1008263820095,3.12887255024427,5.3365493E-6,17.899038,0.015562351,0.23940107,0.0016226863,0.05875335,0.0049741827,0.28887472,0.033739097,0.73340154,0.0026700865,0.062265232,0.0045161922,0.29825634,0.032888487,0.09317731,0.017786246,0.23940107,0.0016226863,"TWOGAUSSIANS_WITH_ELLIPSOIDAL_ON_ECLIPSE1",9,6.671861,0.7343615,0.0021670295,0.3486853,0.025290677,0.48428965,0.008489004,0.23940107,0.0016226863,0.32901874,0.027855424,0.47513026,0.019811453
375316653866487564,5375156759266831360,0.5648782,2244.2893312767283,3.6373724427222323,8.208528E-6,17.930494,0.007956054,0.26961395,0.0031098765,0.09181511,0.0050458247,0.28107595,0.010088844,0.7570527,0.002457437,0.092643306,0.004226995,0.3171561,0.008307078,null,null,null,null,"TWOGAUSSIANS",8,5.296586,0.7570527,0.002457437,0.4,0.0,0.30458325,0.006785935,0.26961395,0.0031098765,0.4,0.0,0.2685032,0.010006959
375316653866487564,5375158172315411840,0.4675737,2220.8271086430163,0.6037122141181189,2.3713963E-5,16.437363,0.0056933123,0.3805925,0.0069953413,0.015333342,0.005138525,0.12625103,0.026398009,0.8839704,0.004503878,0.024008676,0.009056334,0.13766211,0.013641124,0.018704755,0.01144977,0.3805925,0.0069953413,"TWOGAUSSIANS_WITH_ELLIPSOIDAL_ON_ECLIPSE1",9,72.385925,0.8839704,0.004503878,0.13444859,0.050715473,0.17505477,0.017586773,0.3805925,0.0069953413,0.08586672,0.028775739,0.16366053,0.027486242
375316653866487564,5375159718503656064,0.6244557,2204.0415853034165,4.0343978249211325,3.6151E-6,17.416443,0.015308373,0.22126913,8.507729E-4,0.057770252,0.0030781007,0.3927468,0.03300337,0.71624726,0.0012993155,0.057912942,0.0037273455,0.35375267,0.032462236,0.090346485,0.018910123,0.22126913,8.507729E-4,"TWOGAUSSIANS_WITH_ELLIPSOIDAL_ON_ECLIPSE1",9,8.121624,0.22126913,8.507729E-4,0.32351342,0.017237363,0.5733839,0.0114129335,0.7168473,0.0011558358,0.32431248,0.020873135,0.53423136,0.010170557
375316653866487564,5375161500911083648,0.42456245,2224.3947605551384,3.4280260403181444,4.6000565E-5,17.792377,0.0374096,0.20711835,0.014015227,0.10924761,0.06309527,0.042433765,0.03559647,0.7070635,0.008501315,0.11542906,0.035412576,0.0990388,0.03187989,null,null,null,null,"TWOGAUSSIANS",8,6.6653066,0.7070635,0.008504656,0.4,0.0,0.08824292,0.00806647,0.20711835,0.014089985,0.4,0.0,0.031652167,0.0077153086
375316653866487564,5375162394264340352,0.49208364,2209.105375222265,3.26721561958546,1.7597036E-5,18.626516,0.011401639,0.25065053,0.0049002157,0.08673391,0.008353297,0.2764207,0.016842933,0.7708423,0.0035598776,0.0928432,0.00588788,0.23721069,0.013196362,null,null,null,null,"TWOGAUSSIANS",8,5.966209,0.25065053,0.0049002157,0.4,0.0,0.26873818,0.01720664,0.7708423,0.0035598776,0.4,0.0,0.22952782,0.0113049885
375316653866487564,5375164387129266816,0.5264245,2209.6225379586576,2.0813182799378755,1.2024036E-5,17.94797,0.041184124,0.29515117,0.010359489,0.06501279,0.018179953,0.2403132,0.08436156,0.77253205,0.0039808145,0.049352065,0.0065899985,0.53939235,0.07673121,0.038398035,0.04555862,0.29515117,0.010359489,"TWOGAUSSIANS_WITH_ELLIPSOIDAL_ON_ECLIPSE1",9,27.858889,0.773132,0.0036804355,0.27637157,0.036903992,0.6145457,0.019028332,0.29515117,0.010359489,0.3640716,0.100745626,0.31696695,0.029747216
375316653866487564,5375169614109608704,0.52707714,2223.5473978532505,3.1429975918338884,1.492319E-5,18.249882,0.010434525,0.20938678,0.005125033,0.082289755,0.006066686,0.37714168,0.014337178,0.7206314,0.0036160063,0.076794714,0.0069813635,0.45777094,0.022717467,null,null,null,null,"TWOGAUSSIANS",8,14.433703,0.7206314,0.0036160063,0.4,0.0,0.4530407,0.024608487,0.20938678,0.005125033,0.4,0.0,0.3724114,0.013932427
375316653866487564,5375176206879281536,0.50643605,2236.7000490770683,3.5357824282748593,1.3249686E-5,18.228868,0.008861404,0.17169714,0.0046934527,0.07939505,0.0043289415,0.16376972,0.012732205,0.6751895,0.004271018,0.08623049,0.009667879,0.13778843,0.008653306,null,null,null,null,"TWOGAUSSIANS",8,2.6524384,0.17169714,0.0046934527,0.4,0.0,0.160827,0.011973134,0.6751895,0.004271018,0.4,0.0,0.13484569,0.008395006
375316653866487564,5375177379409201536,0.53073347,2231.424836017729,1.3784966048944622,1.3587378E-5,14.015156,0.004281106,0.16714443,0.003602261,0.029889792,0.0031867041,0.35875374,0.023557933,0.6685566,0.0017418832,0.028779317,0.001569121,0.32670742,0.02162624,0.021942038,0.008378752,0.6685566,0.0017418832,"TWOGAUSSIANS_WITH_ELLIPSOIDAL_ON_ECLIPSE2",9,940.56805,0.16715445,0.0035717152,0.16738284,0.017845543,0.40263435,0.023945715,0.6685566,0.0017418832,0.16116416,0.008787078,0.3705915,0.019947097
375316653866487564,5375181120322047616,0.4386116,2233.996527764482,2.7021469458508207,4.873951E-5,18.391615,0.00888038,0.27667046,0.008516362,0.081457175,0.015086326,0.078963384,0.014755519,0.7768301,0.010617828,0.08478014,0.0124940965,0.10103729,0.014631624,null,null,null,null,"TWOGAUSSIANS",8,5.947069,0.7768301,0.010617828,0.4,0.0,0.09910091,0.01416766,0.27667046,0.008516362,0.4,0.0,0.077027,0.014623123
375316653866487564,5375184216997197824,0.6120736,2223.18540199019,0.6774628142273048,2.8385602E-6,14.573565,0.002828581,0.19458354,0.002505496,0.025767423,0.0027773115,0.10212723,0.009119004,0.6915918,6.918866E-4,0.02670852,0.0013347273,1.1941981,0.0748518,0.014417245,0.004529076,0.19458354,0.002505496,"TWOGAUSSIANS_WITH_ELLIPSOIDAL_ON_ECLIPSE1",9,110.51654,0.6915918,6.9178303E-4,0.14956771,0.0074744727,1.2230225,0.08132454,0.19458354,0.002505496,0.14429757,0.0155529445,0.1309617,0.0070225857
375316653866487564,5375185106051752832,0.57478356,2222.4598782148964,3.8561605375666113,4.7848216E-6,18.063818,0.012342298,0.21197014,0.0015767948,0.053258404,0.0037098073,0.31229177,0.027638623,0.7010739,0.0037672317,0.061947692,0.0053601363,0.2439808,0.027214816,0.069598556,0.016905565,0.21197014,0.0015767948,"TWOGAUSSIANS_WITH_ELLIPSOIDAL_ON_ECLIPSE1",9,4.9191585,0.21197014,0.0015767948,0.29824707,0.02077492,0.4514494,0.015125939,0.7026739,0.0030663006,0.34690708,0.030016765,0.3825827,0.012064849
375316653866487564,5375197754732511104,0.5077976,2156.8795898412054,2.5742921774554146,2.1922178E-5,19.266403,0.0057730824,0.05275931,0.016441597,0.018219944,0.019138234,0.06743525,12.365107,0.46650386,0.0069012106,0.041526657,0.0026688678,0.7708828,0.07464886,null,null,null,null,"TWOGAUSSIANS",8,5.917491,0.46650386,0.0069012106,0.23254928,0.01494566,0.7708828,0.07464886,0.05275931,0.016441597,0.10203169,0.107174106,0.06743525,12.365107
375316653866487564,5375199988115554944,0.52085185,2196.463949398683,2.0888173149485927,1.3411385E-5,9.908715,0.18481562,0.15278938,0.0030501494,0.17952457,0.03059743,0.80217427,0.28234747,0.651413,0.003272924,0.25117695,0.059415553,1.093763,0.18986894,null,null,null,null,"TWOGAUSSIANS",8,183.07831,0.651413,0.003272924,0.4,0.0,0.14846234,0.009163687,0.15460938,0.003422497,0.4,0.0,0.124563724,0.008074905
375316653866487564,5375203729030971520,0.42762432,2174.2825406321645,0.37015007326106397,7.954307E-5,19.413525,0.006641841,0.46206537,0.01183182,0.029641757,0.013049057,0.3207195,0.056761324,0.7920058,0.0071691773,0.017090792,0.006212505,0.18556334,0.040404566,null,null,null,null,"TWOGAUSSIANS",8,7.4346423,0.46206537,0.01183182,0.16599384,0.07307472,0.3207195,0.056761324,0.7920058,0.0071691773,0.09570843,0.034790028,0.18556334,0.040404566
375316653866487564,5375207817837393920,0.5360714,2212.953248882601,3.059925639488231,1.2445255E-5,17.600721,0.019627267,0.16405866,0.0038754917,0.10896631,0.011274211,0.20704968,0.017284047,0.66334337,0.003178577,0.11405258,0.011473634,0.17339812,0.018741753,null,null,null,null,"TWOGAUSSIANS",8,4.8743377,0.16405866,0.0038788128,0.4,0.0,0.1767096,0.006553911,0.66334337,0.0031780987,0.4,0.0,0.14304587,0.0039124
375316653866487564,5375214350486176640,0.5338144,2193.2866553642984,3.602886492702911,1.38105925E-5,16.649096,0.018230353,0.27207908,0.0031876054,0.09858462,0.008180877,0.30287653,0.01714225,0.7914843,0.0035445695,0.090921134,0.007447669,0.31433398,0.017459236,null,null,null,null,"TWOGAUSSIANS",8,39.36,0.7914843,0.0035447406,0.4,0.0,0.29993743,0.013144051,0.27207908,0.0031876054,0.4,0.0,0.2884779,0.013580914
375316653866487564,5375219397069493888,0.56080425,2204.7356732997127,2.6981263127304325,4.970826E-6,18.18464,0.00988029,0.18424419,0.0017152302,0.043269068,0.0034201315,0.54258466,0.027676603,0.68644875,0.005248666,0.043279737,0.0046005687,0.20054662,0.02967762,0.09527817,0.011128494,0.18424419,0.0017152302,"TWOGAUSSIANS_WITH_ELLIPSOIDAL_ON_ECLIPSE1",9,12.331375,0.18424419,0.0017152302,0.24230678,0.019152736,0.7331407,0.03005044,0.68644875,0.005074637,0.24236654,0.025763184,0.3910661,0.02424411
375316653866487564,5375225448678856704,0.4531698,2170.60410297488,4.001174925735812,8.797521E-5,18.161114,0.003274014,0.10499496,0.0018972837,0.020918593,0.0020141252,0.28043556,0.029990893,0.36886495,0.01623197,0.01140375,0.013618186,0.049340338,7393.3086,null,null,null,null,"TWOGAUSSIANS",8,7.1614604,0.10499496,0.0018972837,0.117144115,0.0112791015,0.28043556,0.029990893,0.36886495,0.01623197,0.063861,0.07626185,0.049340338,7393.3086
375316653866487564,5375232698587103744,0.49906933,2184.146280080688,0.4112196275760544,2.4890167E-5,13.531367,7.3730823E-4,0.23119093,0.006808941,0.017573228,0.0066814856,0.051767014,0.0021546003,0.7187868,0.010413198,0.017163722,0.0055471607,0.0100657735,0.0026749037,0.0034541881,0.0010621531,0.23119093,0.006808941,"TWOGAUSSIANS_WITH_ELLIPSOIDAL_ON_ECLIPSE1",9,26.194704,0.23119093,0.006808941,0.09841008,0.03741632,0.05867538,0.001993436,0.7189768,0.010252105,0.09611684,0.0310641,0.016932912,0.0026284177
375316653866487564,5375236615597311616,0.49013183,2208.9682815858496,0.38514418788187615,5.6495905E-6,15.910287,0.004960977,0.22232972,0.008557001,0.027946604,0.0064855097,0.020960022,0.012898667,0.7144832,0.001226068,0.026270544,0.0020399708,0.19400884,0.019990638,0.04301078,0.006662453,0.22232972,0.008557001,"TWOGAUSSIANS_WITH_ELLIPSOIDAL_ON_ECLIPSE1",9,67.807304,0.7146632,0.0011184034,0.14711505,0.011423836,0.2798263,0.020401256,0.22232972,0.008557001,0.156501,0.036318853,0.10698151,0.008756449
