Gaia/vari_eclipsing_binary/VariEclipsingBinary_601334-601680.csv
# %ECSV 1.0
# ---
# delimiter: ','
# meta: !!omap
# - RELEASE: Gaia DR3
# - TABLE: vari_eclipsing_binary
# - DESCRIPTION: >
#     This table describes the properties of the eclipsing binaries resulting from the variability analysis. 
# - CITATION: >
#     How to cite and acknowledge Gaia: 
#     https://gea.esac.esa.int/archive/documentation/credits.html 
# - KNOWN_ISSUES: >
#     Known issues: 
#     https://www.cosmos.esa.int/web/gaia-users/known-issues 
# - DOCUMENTATION: >
#     Tutorials and documentation: 
#     https://www.cosmos.esa.int/web/gaia-users/archive 
# datatype:
# - 
#   name: solution_id
#   datatype: int64
#   description: Solution Identifier
#   meta:
#     ucd: meta.version
# - 
#   name: source_id
#   datatype: int64
#   description: Unique source identifier
#   meta:
#     ucd: meta.id;meta.main
# - 
#   name: global_ranking
#   datatype: float32
#   description: Number between 0 (worst) and 1 (best)
#   meta:
#     ucd: stat.param
# - 
#   name: reference_time
#   datatype: float64
#   unit: d
#   description: Reference time used for the geometric model fit
#   meta:
#     ucd: time.epoch
# - 
#   name: frequency
#   datatype: float64
#   unit: d**-1
#   description: Frequency of geometric model of the eclipsing binary light curve
#   meta:
#     ucd: src.orbital
# - 
#   name: frequency_error
#   datatype: float32
#   unit: d**-1
#   description: "Uncertainty of \\texttt{frequency}"
#   meta:
#     ucd: stat.error
# - 
#   name: geom_model_reference_level
#   datatype: float32
#   unit: mag
#   description: Magnitude reference level of geometric model
#   meta:
#     ucd: phot.mag;em.opt
# - 
#   name: geom_model_reference_level_error
#   datatype: float32
#   unit: mag
#   description: "Uncertainty of \\texttt{geomModelReferenceLevel}"
#   meta:
#     ucd: stat.error;phot.mag;em.opt
# - 
#   name: geom_model_gaussian1_phase
#   datatype: float32
#   description: Phase of the Gaussian 1 component
#   meta:
#     ucd: time.phase
# - 
#   name: geom_model_gaussian1_phase_error
#   datatype: float32
#   description: "Uncertainty of \\texttt{geomModelGaussian1Phase}"
#   meta:
#     ucd: stat.error;time.phase
# - 
#   name: geom_model_gaussian1_sigma
#   datatype: float32
#   description: "Standard deviation [phase] of Gaussian 1 component"
#   meta:
#     ucd: stat.stdev
# - 
#   name: geom_model_gaussian1_sigma_error
#   datatype: float32
#   description: "Uncertainty of \\texttt{geomModelGaussian1Sigma}"
#   meta:
#     ucd: stat.error
# - 
#   name: geom_model_gaussian1_depth
#   datatype: float32
#   unit: mag
#   description: Magnitude depth of Gaussian 1 component
#   meta:
#     ucd: src.var.amplitude
# - 
#   name: geom_model_gaussian1_depth_error
#   datatype: float32
#   unit: mag
#   description: "Uncertainty of \\texttt{geomModelGaussian1Depth}"
#   meta:
#     ucd: stat.error;src.var.amplitude
# - 
#   name: geom_model_gaussian2_phase
#   datatype: float32
#   description: Phase of Gaussian 2 component
#   meta:
#     ucd: time.phase
# - 
#   name: geom_model_gaussian2_phase_error
#   datatype: float32
#   description: "Uncertainty of \\texttt{geomModelGaussian2Phase}"
#   meta:
#     ucd: stat.error;time.phase
# - 
#   name: geom_model_gaussian2_sigma
#   datatype: float32
[...]
#   datatype: float32
#   description: "Secondary eclipse: uncertainty of \\texttt{derivedSecondaryEclDuration}"
#   meta:
#     ucd: stat.error;time.duration
# - 
#   name: derived_secondary_ecl_depth
#   datatype: float32
#   unit: mag
#   description: "Secondary eclipse: depth"
#   meta:
#     ucd: src.var.amplitude
# - 
#   name: derived_secondary_ecl_depth_error
#   datatype: float32
#   unit: mag
#   description: "Secondary eclipse: uncertainty of \\texttt{derivedSecondaryEclDepth}"
#   meta:
#     ucd: stat.error;src.var.amplitude
solution_id,source_id,global_ranking,reference_time,frequency,frequency_error,geom_model_reference_level,geom_model_reference_level_error,geom_model_gaussian1_phase,geom_model_gaussian1_phase_error,geom_model_gaussian1_sigma,geom_model_gaussian1_sigma_error,geom_model_gaussian1_depth,geom_model_gaussian1_depth_error,geom_model_gaussian2_phase,geom_model_gaussian2_phase_error,geom_model_gaussian2_sigma,geom_model_gaussian2_sigma_error,geom_model_gaussian2_depth,geom_model_gaussian2_depth_error,geom_model_cosine_half_period_amplitude,geom_model_cosine_half_period_amplitude_error,geom_model_cosine_half_period_phase,geom_model_cosine_half_period_phase_error,model_type,num_model_parameters,reduced_chi2,derived_primary_ecl_phase,derived_primary_ecl_phase_error,derived_primary_ecl_duration,derived_primary_ecl_duration_error,derived_primary_ecl_depth,derived_primary_ecl_depth_error,derived_secondary_ecl_phase,derived_secondary_ecl_phase_error,derived_secondary_ecl_duration,derived_secondary_ecl_duration_error,derived_secondary_ecl_depth,derived_secondary_ecl_depth_error
[from data line 500]
375316653866487564,5291706373637197696,0.5756465,2233.4705469865644,0.1670604726369959,4.983573E-6,14.026691,0.0028673578,0.29554096,0.0017134205,0.023581702,0.0064565088,0.15943089,0.7278551,0.799351,0.022103874,0.027957892,0.012591445,0.31474215,0.18769605,0.059311792,0.0039184745,0.29554096,0.0017134205,"TWOGAUSSIANS_WITH_ELLIPSOIDAL_ON_ECLIPSE1",9,121.70615,0.799351,0.022103874,0.15656419,0.07051209,0.43329775,0.1890583,0.29554096,0.0017134205,0.13205753,0.03615645,0.27805448,0.72804666
375316653866487564,5291707266990385280,0.5442495,2234.7008152794415,3.6886358549962117,1.3057008E-5,19.354206,0.012354467,0.18571627,0.0057093487,0.082166,0.009411679,0.43274558,0.041939292,0.67080325,0.0062543997,0.07694944,0.006074319,0.524727,0.026471317,null,null,null,null,"TWOGAUSSIANS",8,3.0480025,0.67080325,0.0062543997,0.4,0.0,0.5196788,0.026215522,0.18571627,0.0057093487,0.4,0.0,0.4276973,0.043919478
375316653866487564,5291709015040127488,0.55742604,2255.807106721101,3.4470287369521544,9.643789E-6,17.932343,0.0077997553,0.2298854,0.0035342711,0.07761061,0.005341343,0.2846448,0.010627512,0.7222611,0.003773798,0.074075826,0.0084024295,0.36812058,0.030026233,null,null,null,null,"TWOGAUSSIANS",8,5.8478165,0.7222611,0.003773798,0.4,0.016089654,0.36573625,0.031275116,0.2298854,0.0035342711,0.4,0.0,0.28226048,0.010566276
375316653866487564,5291714993633023872,0.46266142,2216.9768642174504,3.4267990878463768,5.630397E-5,18.603355,0.013870717,0.2867053,0.007414719,0.05100512,0.008140553,0.42636967,0.045909952,0.78715485,0.008008781,0.029253148,0.0044796974,0.67426145,0.091337495,null,null,null,null,"TWOGAUSSIANS",8,60.904522,0.78715485,0.008008781,0.16381763,0.025086304,0.67426145,0.091337495,0.2867053,0.007414719,0.28562868,0.045587096,0.42636967,0.045909956
375316653866487564,5291717540551808384,0.5500132,2196.8757220821512,2.5022537995412817,1.0906628E-5,17.10039,0.024013707,0.26076254,0.0043912916,0.1070137,0.011322827,0.25576156,0.02110663,0.76206917,0.002619291,0.1094578,0.010436136,0.25442618,0.020550305,null,null,null,null,"TWOGAUSSIANS",8,7.841327,0.26076254,0.0043912916,0.4,0.0,0.22085246,0.009284335,0.76206917,0.002619291,0.4,0.0,0.2195114,0.010686888
375316653866487564,5291720392410145152,0.51996744,2243.011821105418,3.672163634454198,1.8479E-5,15.100047,0.036465466,0.25052035,0.003323545,0.10456247,0.009993475,0.35049874,0.034486186,0.7506889,0.0060899076,0.11500885,0.014970184,0.32849073,0.034809217,null,null,null,null,"TWOGAUSSIANS",8,198.01959,0.25052035,0.0033233236,0.4,0.0,0.30004114,0.012020648,0.7506889,0.0060899076,0.4,0.0,0.27798906,0.0103655495
375316653866487564,5291720834790144128,0.42177132,2267.17285397387,1.5396127075279844,6.837803E-6,18.22101,0.011585385,0.20174196,4.0960457E-4,0.008839564,6.122669E-4,0.2120307,0.011816835,0.7168196,0.034211237,0.117869526,0.027468076,0.104498014,0.038521405,null,null,null,null,"TWOGAUSSIANS",8,33.518505,0.20174196,4.0960457E-4,0.04950156,0.0034286946,0.21201974,0.011802021,0.7168196,0.034211237,0.4,0.0,0.10445753,0.03854503
375316653866487564,5291721285763701120,0.54871273,2227.8988338183253,3.3108454267519365,1.5284846E-5,17.202822,0.040769044,0.16575617,0.0033648724,0.113526784,0.015890302,0.20951715,0.03939033,0.66663736,0.0032452624,0.120251715,0.020775212,0.21875408,0.03558586,null,null,null,null,"TWOGAUSSIANS",8,4.93237,0.66663736,0.0032460701,0.4,0.0,0.17563884,0.00802181,0.16575617,0.0033817536,0.4,0.0,0.16645327,0.0073170457
375316653866487564,5291722037381071232,0.5693828,2228.3278942892907,3.9483135013992716,6.1276514E-6,19.357141,0.011350657,0.25434417,0.0044307476,0.06805932,0.0051867054,0.6288278,0.041634772,0.7474939,0.0019695922,0.062323503,0.0033098122,0.66586316,0.030519338,null,null,null,null,"TWOGAUSSIANS",8,3.1741858,0.7474939,0.0019695922,0.34901163,0.018534947,0.66518795,0.030618537,0.25434417,0.0044307476,0.3811322,0.02761468,0.62815255,0.04178521
375316653866487564,5291724373839979136,0.5510308,2231.969675038764,2.651782095668125,1.0221477E-5,17.690895,0.008156589,0.22877316,0.0033469421,0.072962336,0.005287385,0.39776206,0.016705891,0.7270561,0.0025132843,0.0741699,0.0054196822,0.4279306,0.04008591,null,null,null,null,"TWOGAUSSIANS",8,12.411986,0.7270561,0.0025132843,0.4,0.006950584,0.4254662,0.040921602,0.22877316,0.0033469421,0.4,0.0,0.3952977,0.016998159
375316653866487564,5291726027407286016,0.54198986,2219.1565640635404,2.769209906468368,1.2046056E-5,15.64555,0.013545486,0.2427055,0.0032530571,0.08507777,0.0055294465,0.3442287,0.017009517,0.73605484,0.004536453,0.096115254,0.0074411198,0.32747245,0.015986115,null,null,null,null,"TWOGAUSSIANS",8,61.052845,0.2427055,0.0032530571,0.4,0.0,0.33081567,0.015377157,0.73605484,0.004536453,0.4,0.0,0.3140585,0.014523369
375316653866487564,5291727711034472192,0.7425836,2225.0682550441825,0.31937676124716924,4.5071592E-6,13.59575,0.002104823,0.21869762,0.004883551,0.031226505,0.009315515,0.083715566,0.36387026,0.7252613,3.562954E-4,0.029445589,4.7476272E-4,0.9802175,0.0075078825,0.028198183,0.0026959411,0.21869762,0.004883551,"TWOGAUSSIANS_WITH_ELLIPSOIDAL_ON_ECLIPSE1",9,39.77315,0.7252613,3.562954E-4,0.1648953,0.0026586712,1.0365179,0.0066912994,0.21869762,0.004883551,0.17486843,0.052166883,0.14011182,0.3640247
375316653866487564,5291728874965773056,0.55164826,2250.1866904745584,3.016086366196166,1.7910408E-5,18.38475,0.010889841,0.26328063,0.0032306593,0.08565419,0.005413414,0.32177925,0.015063214,0.7480265,0.0044494784,0.089349106,0.00534516,0.3462277,0.013881843,null,null,null,null,"TWOGAUSSIANS",8,4.098384,0.7480265,0.0044494784,0.4,0.0,0.33747008,0.013311836,0.26328063,0.0032306593,0.4,0.0,0.31302175,0.014897978
375316653866487564,5291729493441075712,0.43715966,2240.922088558912,0.48956656084474326,4.1956053E-5,15.626763,0.020058446,0.24996085,0.02460247,0.07937588,0.02899628,0.16322894,0.037212227,0.7139622,0.011748462,0.090268694,0.023487534,0.4400444,0.14327207,null,null,null,null,"TWOGAUSSIANS",8,254.67958,0.7139622,0.011748462,0.4,0.0,0.43633005,0.150098,0.24996085,0.024603775,0.4,0.0,0.15951543,0.036884323
375316653866487564,5291732173502025472,0.528013,1970.4560884587183,3.8870769257080955,1.1110383E-5,16.525482,0.019398525,0.22854209,0.004840419,0.04741807,0.0080393,0.29461703,0.047405284,0.73326325,0.0035646318,0.043500256,0.0055758706,0.47215188,0.06169732,0.11782318,0.027070193,0.22854209,0.004840419,"TWOGAUSSIANS_WITH_ELLIPSOIDAL_ON_ECLIPSE1",9,109.97469,0.73326325,0.0035646318,0.24360144,0.031224875,0.70759064,0.049874637,0.22854209,0.004840419,0.2655412,0.04502008,0.53026307,0.027072223
375316653866487564,5291781857682617984,0.50969005,2091.4700160399416,2.671007755623786,5.8950984E-5,18.363823,0.0075769974,0.1701415,0.0066719116,0.040728163,0.017124087,0.029614242,0.0232627,0.69523215,0.0066668717,0.034686327,0.016710222,0.46333623,0.111319676,0.03790479,0.011463149,0.1701415,0.0066719116,"TWOGAUSSIANS_WITH_ELLIPSOIDAL_ON_ECLIPSE1",9,8.332541,0.69523215,0.0066668717,0.19424343,0.09357724,0.5372771,0.12562943,0.1701415,0.0066719116,0.22807771,0.09589489,0.10542368,0.01022429
375316653866487564,5291792268683282816,0.5131112,2111.6746353256335,3.8813284663545033,1.0394466E-5,17.693419,0.0071092877,0.28671008,0.0029339893,0.07147739,0.0057343924,0.23608224,0.012970397,0.78331333,0.004409348,0.07803983,0.004293828,0.34768835,0.02432453,null,null,null,null,"TWOGAUSSIANS",8,14.038958,0.78331333,0.004409348,0.4,0.0,0.34569517,0.024653113,0.28671008,0.0029339893,0.4,0.013983278,0.23408905,0.013121077
375316653866487564,5291825395768620928,0.57991177,2194.027871532604,1.1315722274282962,1.0847281E-5,12.193413,0.33364284,0.25540435,0.003181839,0.13771227,0.044712994,0.1585541,0.23239785,0.7562235,0.0025586036,0.16825956,0.12499853,0.15708484,0.32699725,null,null,null,null,"TWOGAUSSIANS",8,24.901861,0.25528434,0.0034078078,0.4,0.0,0.080372185,0.0020324145,0.7562635,0.0025898595,0.4,0.0,0.07553884,0.0032067809
375316653866487564,5291835463171684352,0.7071126,2154.716809074337,2.2556705588541184,1.4006711E-6,13.338659,0.0036247235,0.18842527,3.0749876E-4,0.050832327,0.001691887,0.19589134,0.0072123846,0.68869483,0.0012744803,0.048651766,0.0038893446,0.18856847,0.016223805,0.12470462,0.004454376,0.18842527,3.0749876E-4,"TWOGAUSSIANS_WITH_ELLIPSOIDAL_ON_ECLIPSE1",9,20.914036,0.18842527,3.0749876E-4,0.28466105,0.009474567,0.44529915,0.0032402975,0.68869483,0.001207718,0.27244988,0.021780329,0.43797556,0.019062966
375316653866487564,5291841235607767808,0.53215426,2173.66267065053,0.7382834299157403,1.4864459E-5,15.83738,0.004282232,0.42201224,0.06744222,0.031912804,0.0399802,0.40262997,9.6866944E8,0.79330647,5.364631E-4,0.014601488,6.793726E-4,0.42968553,0.01595281,0.01554902,0.004592304,0.79330647,5.364631E-4,"TWOGAUSSIANS_WITH_ELLIPSOIDAL_ON_ECLIPSE2",9,67.500565,0.79330647,5.364631E-4,0.081768334,0.0038044862,0.4607835,0.016890587,0.42152223,0.067825444,0.1787117,0.22388911,0.4175033,9.6866944E8
375316653866487564,5291852849199660544,0.6030136,2201.5659161637336,1.5551694316474685,8.825962E-6,14.356151,0.0049920073,0.25903225,0.0017499881,0.067702696,0.0077287788,0.10599396,0.017407205,0.7642123,0.00842018,0.046582974,0.0077599473,0.07129644,0.012553664,0.07393719,0.005858579,0.25903225,0.0017499881,"TWOGAUSSIANS_WITH_ELLIPSOIDAL_ON_ECLIPSE1",9,44.059937,0.25903225,0.0017499881,0.3791351,0.040666822,0.253754,0.015670218,0.7642123,0.008222149,0.26086465,0.043455705,0.21889988,0.0071037984
375316653866487564,5291854361028139264,0.6400328,2191.7134732884233,3.5299343452206693,4.3683385E-6,16.800632,0.016631119,0.23986839,0.0030186872,0.050078873,0.008577754,0.20971113,0.036296133,0.73435014,0.0016925643,0.052437745,0.0041148122,0.31771198,0.03718454,0.106476046,0.022165371,0.23986839,0.0030186872,"TWOGAUSSIANS_WITH_ELLIPSOIDAL_ON_ECLIPSE1",9,15.162101,0.73505014,0.0013490464,0.29365137,0.023042949,0.5304375,0.009263404,0.23986839,0.0030186872,0.2804417,0.04803542,0.42266008,0.010990079
375316653866487564,5291866249497650304,0.5111637,2182.3566182951304,2.3799968630991417,1.3848226E-5,14.312749,0.041930337,0.18968113,0.0037799862,0.19603676,0.034947067,0.3891454,0.06280425,0.69165426,0.0037248146,0.20945702,0.035788093,0.4122928,0.050846793,null,null,null,null,"TWOGAUSSIANS",8,21.156828,0.69332427,0.004182173,0.4,0.0,0.06895606,0.003973118,0.18767112,0.0038600962,0.4,0.0,0.06344411,0.002772591
375316653866487564,5291867550870499968,0.54409814,2160.775324693381,3.6066770631891,9.434559E-6,18.58128,0.0118940305,0.22986796,0.0032911361,0.08185533,0.0047817314,0.29720962,0.013236657,0.73774284,0.005865179,0.08794947,0.0070159105,0.38691086,0.028633926,null,null,null,null,"TWOGAUSSIANS",8,3.143801,0.73774284,0.005865179,0.4,0.0,0.37914184,0.029570566,0.22986796,0.0032911361,0.4,0.0,0.28944066,0.010918629
375316653866487564,5291883841683089664,0.55415237,2071.3473857174745,1.4972037685353126,7.780737E-6,17.617561,0.009557431,0.21915776,0.0032008071,0.047102842,0.0047699283,0.3504908,0.026083808,0.71728253,0.005570346,0.050921466,0.0055891396,0.19187072,0.032371487,0.06238045,0.018223047,0.21915776,0.0032008071,"TWOGAUSSIANS_WITH_ELLIPSOIDAL_ON_ECLIPSE1",9,15.73392,0.21915776,0.0032008071,0.26377591,0.026711598,0.47525033,0.016857171,0.71750253,0.0048292456,0.2851602,0.03129918,0.31661496,0.022496866
375316653866487564,5291896756647402752,0.45087418,2089.1132247145447,0.17754993399780936,3.959992E-5,19.734232,0.008660385,0.44246206,0.09157533,0.07174524,0.083256885,0.09050314,0.06293118,0.8362922,0.01290788,0.05523867,0.015145052,0.2967624,0.19068854,null,null,null,null,"TWOGAUSSIANS",8,2.8000393,0.8362922,0.01290788,0.30933654,0.08481229,0.2967591,0.19073223,0.44246206,0.09157533,0.4,0.22647285,0.09049979,0.06312234
375316653866487564,5291906519110504192,0.6301623,2055.8126592158683,3.0699183715881717,3.7188681E-6,18.577385,0.010892888,0.2892178,0.0017219002,0.045508176,0.0037224034,0.36941627,0.03458576,0.7862997,0.0013017883,0.04905417,0.0022460879,0.5454017,0.03451087,0.13221858,0.024718553,0.2892178,0.0017219002,"TWOGAUSSIANS_WITH_ELLIPSOIDAL_ON_ECLIPSE1",9,3.791904,0.7865497,0.0011566939,0.27470332,0.012578092,0.8097561,0.019238433,0.2892178,0.0017219002,0.25484577,0.02084546,0.63385206,0.022415925
375316653866487564,5291913524200183168,0.4950705,2176.987552522919,4.06386607371804,1.2091382E-5,16.983585,0.048756294,0.23769294,0.0071012205,0.12598571,0.025147757,0.17827086,0.04407686,0.7146373,0.0052766553,0.12301253,0.017155657,0.27498427,0.04200399,null,null,null,null,"TWOGAUSSIANS",8,15.882419,0.7146373,0.0052766553,0.4,0.0,0.22689779,0.014080331,0.23801294,0.0068045785,0.4,0.0,0.13019723,0.017090539
375316653866487564,5291931803582093312,0.45204338,2187.967553501464,4.227880142042263,3.144882E-5,19.793934,0.05787213,0.24657944,0.01709092,0.10579652,0.047889173,0.25301313,0.024409244,0.7512266,0.0072387583,0.07202388,0.013935055,0.4012132,0.053505585,null,null,null,null,"TWOGAUSSIANS",8,3.7508788,0.7512266,0.007215753,0.4,0.036171827,0.39066905,0.038102776,0.24657944,0.01709092,0.4,0.0,0.2424617,0.035124358
375316653866487564,5291947785156518784,0.5213485,2212.859294385662,0.6220017857862336,3.7493428E-5,13.08281,0.004988955,0.27341914,5.3059804E-4,0.026149893,0.0014441898,0.49723747,0.064425595,0.7779392,0.004682708,0.024192946,0.0032807828,0.055111412,0.005348087,null,null,null,null,"TWOGAUSSIANS",8,60.38403,0.27341914,5.3059804E-4,0.1464394,0.008087463,0.49723747,0.064425595,0.7779392,0.004682708,0.1354805,0.018372383,0.055111412,0.005348087
375316653866487564,5291957745183925248,0.61890864,2182.796811946662,3.9596215254048173,7.3807255E-6,18.697113,0.005169602,0.23882312,0.002869087,0.074387476,0.0025536395,0.5202992,0.010226962,0.74678946,0.0027222321,0.07977774,0.0026255054,0.44205543,0.015615825,null,null,null,null,"TWOGAUSSIANS",8,1.576375,0.23882312,0.002869087,0.4,0.0,0.5161048,0.009862379,0.74678946,0.0027222321,0.4,0.0,0.43786108,0.015694255
375316653866487564,5291980491330787968,0.53294104,2187.3333432662585,3.7316643046783793,8.558904E-6,18.592422,0.013922337,0.31788468,0.0029439882,0.078930564,0.005444668,0.3457148,0.016429966,0.821663,0.0057854312,0.08529016,0.008363213,0.37045643,0.023504984,null,null,null,null,"TWOGAUSSIANS",8,3.6970685,0.821663,0.0057854312,0.4,0.0,0.36397684,0.0238462,0.31788468,0.0029439882,0.4,0.0,0.33923525,0.015454359
375316653866487564,5292000282540301696,0.5835974,2230.4299311578156,2.0130027350344526,7.57641E-6,18.967566,0.0066731567,0.33203748,0.0018079743,0.026991181,0.0016301573,0.6991323,0.049311724,0.82633585,0.015752094,0.027334284,0.007961003,0.5529074,0.14524595,0.032864757,0.009202732,0.33203748,0.0018079743,"TWOGAUSSIANS_WITH_ELLIPSOIDAL_ON_ECLIPSE1",9,2.8453472,0.33203748,0.0018079743,0.15115061,0.009128882,0.7648618,0.04950631,0.82637584,0.01568082,0.15307198,0.04458162,0.61855316,0.14088489
375316653866487564,5292002382780891392,0.52911645,2209.4947518455115,2.219745136081537,8.225751E-5,15.893453,0.0052327686,0.16257043,0.0116153415,0.015548976,0.009680798,1.155834,0.8372229,0.6961915,0.006715328,0.029476928,0.005528888,0.040640723,0.010041359,null,null,null,null,"TWOGAUSSIANS",8,95.041336,0.16257043,0.0116153415,0.087074265,0.05421247,1.155834,0.8372229,0.6961915,0.006715328,0.1650708,0.030961774,0.040640723,0.010041359
375316653866487564,5292011247593188608,0.64513224,2224.5545108100264,2.6344348864723175,4.384074E-6,14.008721,0.008608042,0.21568471,0.0012804378,0.049870018,0.0025190425,0.45272553,0.018605389,0.71898466,0.0037877986,0.042192947,0.0043805838,0.30043715,0.024745395,0.1115615,0.0116279535,0.71898466,0.0037877986,"TWOGAUSSIANS_WITH_ELLIPSOIDAL_ON_ECLIPSE2",9,131.21124,0.21597472,0.0010209538,0.27927208,0.014106638,0.6757589,0.011015045,0.71898466,0.0037877986,0.2362805,0.02453127,0.52355796,0.0197816
