Gaia/vari_eclipsing_binary/VariEclipsingBinary_252407-252718.csv
# %ECSV 1.0
# ---
# delimiter: ','
# meta: !!omap
# - RELEASE: Gaia DR3
# - TABLE: vari_eclipsing_binary
# - DESCRIPTION: >
#     This table describes the properties of the eclipsing binaries resulting from the variability analysis. 
# - CITATION: >
#     How to cite and acknowledge Gaia: 
#     https://gea.esac.esa.int/archive/documentation/credits.html 
# - KNOWN_ISSUES: >
#     Known issues: 
#     https://www.cosmos.esa.int/web/gaia-users/known-issues 
# - DOCUMENTATION: >
#     Tutorials and documentation: 
#     https://www.cosmos.esa.int/web/gaia-users/archive 
# datatype:
# - 
#   name: solution_id
#   datatype: int64
#   description: Solution Identifier
#   meta:
#     ucd: meta.version
# - 
#   name: source_id
#   datatype: int64
#   description: Unique source identifier
#   meta:
#     ucd: meta.id;meta.main
# - 
#   name: global_ranking
#   datatype: float32
#   description: Number between 0 (worst) and 1 (best)
#   meta:
#     ucd: stat.param
# - 
#   name: reference_time
#   datatype: float64
#   unit: d
#   description: Reference time used for the geometric model fit
#   meta:
#     ucd: time.epoch
# - 
#   name: frequency
#   datatype: float64
#   unit: d**-1
#   description: Frequency of geometric model of the eclipsing binary light curve
#   meta:
#     ucd: src.orbital
# - 
#   name: frequency_error
#   datatype: float32
#   unit: d**-1
#   description: "Uncertainty of \\texttt{frequency}"
#   meta:
#     ucd: stat.error
# - 
#   name: geom_model_reference_level
#   datatype: float32
#   unit: mag
#   description: Magnitude reference level of geometric model
#   meta:
#     ucd: phot.mag;em.opt
# - 
#   name: geom_model_reference_level_error
#   datatype: float32
#   unit: mag
#   description: "Uncertainty of \\texttt{geomModelReferenceLevel}"
#   meta:
#     ucd: stat.error;phot.mag;em.opt
# - 
#   name: geom_model_gaussian1_phase
#   datatype: float32
#   description: Phase of the Gaussian 1 component
#   meta:
#     ucd: time.phase
# - 
#   name: geom_model_gaussian1_phase_error
#   datatype: float32
#   description: "Uncertainty of \\texttt{geomModelGaussian1Phase}"
#   meta:
#     ucd: stat.error;time.phase
# - 
#   name: geom_model_gaussian1_sigma
#   datatype: float32
#   description: "Standard deviation [phase] of Gaussian 1 component"
#   meta:
#     ucd: stat.stdev
# - 
#   name: geom_model_gaussian1_sigma_error
#   datatype: float32
#   description: "Uncertainty of \\texttt{geomModelGaussian1Sigma}"
#   meta:
#     ucd: stat.error
# - 
#   name: geom_model_gaussian1_depth
#   datatype: float32
#   unit: mag
#   description: Magnitude depth of Gaussian 1 component
#   meta:
#     ucd: src.var.amplitude
# - 
#   name: geom_model_gaussian1_depth_error
#   datatype: float32
#   unit: mag
#   description: "Uncertainty of \\texttt{geomModelGaussian1Depth}"
#   meta:
#     ucd: stat.error;src.var.amplitude
# - 
#   name: geom_model_gaussian2_phase
#   datatype: float32
#   description: Phase of Gaussian 2 component
#   meta:
#     ucd: time.phase
# - 
#   name: geom_model_gaussian2_phase_error
#   datatype: float32
#   description: "Uncertainty of \\texttt{geomModelGaussian2Phase}"
#   meta:
#     ucd: stat.error;time.phase
# - 
#   name: geom_model_gaussian2_sigma
#   datatype: float32
[...]
#   datatype: float32
#   description: "Secondary eclipse: uncertainty of \\texttt{derivedSecondaryEclDuration}"
#   meta:
#     ucd: stat.error;time.duration
# - 
#   name: derived_secondary_ecl_depth
#   datatype: float32
#   unit: mag
#   description: "Secondary eclipse: depth"
#   meta:
#     ucd: src.var.amplitude
# - 
#   name: derived_secondary_ecl_depth_error
#   datatype: float32
#   unit: mag
#   description: "Secondary eclipse: uncertainty of \\texttt{derivedSecondaryEclDepth}"
#   meta:
#     ucd: stat.error;src.var.amplitude
solution_id,source_id,global_ranking,reference_time,frequency,frequency_error,geom_model_reference_level,geom_model_reference_level_error,geom_model_gaussian1_phase,geom_model_gaussian1_phase_error,geom_model_gaussian1_sigma,geom_model_gaussian1_sigma_error,geom_model_gaussian1_depth,geom_model_gaussian1_depth_error,geom_model_gaussian2_phase,geom_model_gaussian2_phase_error,geom_model_gaussian2_sigma,geom_model_gaussian2_sigma_error,geom_model_gaussian2_depth,geom_model_gaussian2_depth_error,geom_model_cosine_half_period_amplitude,geom_model_cosine_half_period_amplitude_error,geom_model_cosine_half_period_phase,geom_model_cosine_half_period_phase_error,model_type,num_model_parameters,reduced_chi2,derived_primary_ecl_phase,derived_primary_ecl_phase_error,derived_primary_ecl_duration,derived_primary_ecl_duration_error,derived_primary_ecl_depth,derived_primary_ecl_depth_error,derived_secondary_ecl_phase,derived_secondary_ecl_phase_error,derived_secondary_ecl_duration,derived_secondary_ecl_duration_error,derived_secondary_ecl_depth,derived_secondary_ecl_depth_error
[from data line 183]
375316653866487564,2220681847913257600,0.5639162,2188.8099600656906,0.8309104694509083,1.39032945E-5,17.25458,0.0027319584,0.27155802,0.002049476,0.035597622,0.001822002,0.37007403,0.014118583,0.76841515,0.005250534,0.029220423,0.012426645,0.083203815,0.1838948,null,null,null,null,"TWOGAUSSIANS",8,7.946424,0.27155802,0.002049476,0.19934669,0.010203211,0.37007403,0.014118583,0.76841515,0.005250534,0.16363437,0.069589205,0.083203815,0.1838948
375316653866487564,2220682260230166144,0.5215499,2215.571924681726,3.3385870262944315,2.0499705E-5,18.697409,0.023052178,0.2813872,0.0042507355,0.09544916,0.011116077,0.21504667,0.021813536,0.7785192,0.0070379004,0.10398176,0.015264514,0.24271683,0.022933777,null,null,null,null,"TWOGAUSSIANS",8,2.0781834,0.7785192,0.0070379004,0.4,0.0,0.22366448,0.009188523,0.2813872,0.0042499793,0.4,0.0,0.1959985,0.0072554294
375316653866487564,2220685769222039168,0.4493485,2173.539229535772,1.8860627656424565,5.9848582E-5,16.873236,0.03120342,0.18405846,0.014406389,0.09911594,0.02528969,0.124231696,0.031593874,0.7043946,0.008525537,0.09561701,0.038550217,0.11316232,0.020242259,null,null,null,null,"TWOGAUSSIANS",8,24.978598,0.18405846,0.014392036,0.4,0.0,0.11755055,0.014785543,0.7043946,0.00854813,0.4,0.0,0.10648189,0.0147119975
375316653866487564,2220686250258836992,0.57816136,2227.1555578056063,2.471953983294046,9.2829105E-6,13.458558,0.012973631,0.25445387,0.0027657393,0.10660374,0.0071681007,0.19455637,0.012216844,0.7520404,0.0036068766,0.095964216,0.011014288,0.20252942,0.00751928,null,null,null,null,"TWOGAUSSIANS",8,92.65327,0.7520404,0.0036068766,0.4,0.0,0.18426526,0.012231877,0.25445387,0.0027657393,0.4,0.0,0.17628619,0.003442486
375316653866487564,2220687212331496448,0.63089156,2255.3043496574132,1.6907286377467916,4.9506534E-6,14.824559,0.008922194,0.24350838,0.007335486,0.048519462,0.009990055,0.2368391,0.089663856,0.73784447,0.0014776114,0.053191356,0.0032996796,0.20918633,0.020903086,0.12580115,0.0119037,0.73784447,0.0014776114,"TWOGAUSSIANS_WITH_ELLIPSOIDAL_ON_ECLIPSE2",9,62.899982,0.24257839,0.006335873,0.271709,0.05594431,0.48817164,0.098892964,0.73784447,0.0014776114,0.2978716,0.018478205,0.4607849,0.006466111
375316653866487564,2220687933886005248,0.46897477,2239.2362761315035,3.1201971578442333,1.3145507E-5,14.795607,0.00246298,0.24903382,0.024523064,0.047452744,0.016407728,0.058717296,0.016640455,0.7829324,0.0031257505,0.04733822,0.0045544887,0.074597925,0.011168401,null,null,null,null,"TWOGAUSSIANS",8,39.97558,0.7829324,0.0031257505,0.26509404,0.025505137,0.0745979,0.011168392,0.24903382,0.024523064,0.26573536,0.09188328,0.05871728,0.01663926
375316653866487564,2220693633303801472,0.52342856,2205.6344979577575,3.3082259459314396,1.9181389E-5,18.727169,0.020111918,0.2894269,0.028966874,0.050619658,0.023752265,0.38430512,0.06088929,0.7850919,0.0069230185,0.040005166,0.004339871,0.3226527,0.057126172,0.12638693,0.027697615,0.7850919,0.0069230185,"TWOGAUSSIANS_WITH_ELLIPSOIDAL_ON_ECLIPSE2",9,14.324073,0.2889169,0.027444642,0.28347006,0.13301268,0.6369122,0.043513063,0.7850919,0.0069230185,0.22402893,0.024303278,0.57542527,0.035041556
375316653866487564,2220694938973961728,0.51529133,2172.844043645047,3.079728479932357,1.9647381E-5,19.293737,0.32836682,0.25297603,0.01257638,0.124736875,0.047854815,0.45081887,0.31165066,0.7489425,0.004240898,0.1297895,0.048054814,0.4490338,0.31896332,null,null,null,null,"TWOGAUSSIANS",8,2.5488086,0.25303602,0.012507751,0.4,0.0,0.32474458,0.02860057,0.7489425,0.004240898,0.4,0.0,0.32271275,0.01942446
375316653866487564,2220696725680333952,0.53732586,2097.051549751086,4.1151446586046045,1.2789309E-5,19.187485,0.014175191,0.27036333,0.0068127518,0.087603584,0.006321384,0.3956178,0.02470647,0.77834624,0.003743047,0.07365549,0.00602645,0.4129968,0.024504373,null,null,null,null,"TWOGAUSSIANS",8,2.5275168,0.77834624,0.003743047,0.4,0.0030144807,0.40737137,0.025480088,0.27036333,0.0068127518,0.4,0.0,0.3899923,0.023523597
375316653866487564,2220713493232340480,0.5667122,2179.782373270308,0.03702765692271792,2.4218367E-5,17.590538,0.0014749283,0.31152016,4.0674357E-5,0.015731793,3.2063082E-4,0.27545288,0.001694279,0.7265349,0.055884913,0.07660574,0.035472315,0.011151334,0.028833255,null,null,null,null,"TWOGAUSSIANS",8,1.2936703,0.31152016,4.0674357E-5,0.08809804,0.0017955325,0.27545288,0.0016942653,0.7265349,0.055884913,0.4,0.16690452,0.011151334,0.028833255
375316653866487564,2220713703689397504,0.6340806,2151.906687876853,2.838091882626645,8.033205E-6,17.334766,0.023326235,0.28001136,0.0024592597,0.060205016,0.009284944,0.33922353,0.047461122,0.7827083,0.0024079483,0.057534,0.0069444072,0.3355657,0.04074123,0.09077606,0.025326358,0.28001136,0.0024592597,"TWOGAUSSIANS_WITH_ELLIPSOIDAL_ON_ECLIPSE1",9,8.191997,0.28001136,0.0024592597,0.3371481,0.05199569,0.52069217,0.0107025765,0.7827083,0.0024079483,0.3221904,0.03888868,0.5169822,0.018608673
375316653866487564,2220720296460368000,0.4514841,2197.772069231797,2.7134068459492977,2.7356466E-5,18.605448,0.0036317334,null,null,null,null,null,null,null,null,null,null,null,null,0.060589813,0.0059647756,0.29524502,0.0065250294,"ELLIPSOIDAL",4,4.558172,null,null,null,null,null,null,null,null,null,null,null,null
375316653866487564,2220726446853973376,0.5226303,2207.6985245487463,2.9982594443015005,1.6101525E-5,18.588535,0.014616242,0.27531394,0.0058237,0.096103534,0.00990796,0.20774335,0.017019967,0.7670684,0.0028956821,0.09586875,0.008508811,0.21291287,0.015115452,null,null,null,null,"TWOGAUSSIANS",8,3.2272413,0.7670684,0.0028956821,0.4,0.0,0.20026982,0.012617779,0.27531394,0.0058237,0.4,0.0,0.19510025,0.014278749
375316653866487564,2220736312397316224,0.4752351,2223.846631643298,2.611065127817144,4.013012E-5,17.032104,0.75836706,0.22447948,0.01498025,0.16836238,0.16199444,0.2814247,0.7492525,0.74978894,0.021718748,0.13032514,0.05386377,0.28607866,0.4877757,null,null,null,null,"TWOGAUSSIANS",8,26.089746,0.75304896,0.012186869,0.4,0.0,0.17432973,0.016659247,0.22365947,0.011758056,0.4,0.0,0.16260995,0.015280599
375316653866487564,2220738026085819136,0.55032307,2232.9404655079293,0.7685795528605041,1.9131097E-5,18.039146,0.0012119762,0.34734532,0.0017087957,0.035621554,0.0022477757,0.20264685,0.010362839,0.8552582,0.004246183,0.032132708,0.0062324936,0.03682201,0.0069576087,null,null,null,null,"TWOGAUSSIANS",8,1.0315483,0.34734532,0.0017087957,0.1994807,0.012587544,0.20264685,0.010362839,0.8552582,0.004246183,0.17994316,0.034901965,0.03682201,0.0069576087
375316653866487564,2220738477060780928,0.61693555,2210.9020946355663,3.089961477809899,5.8634632E-6,16.997538,0.046406068,0.29327774,0.0038470647,0.055588156,0.011272763,0.2668948,0.104050435,0.805299,0.003733624,0.06644002,0.010848629,0.31924713,0.105337426,0.104716286,0.059494365,0.805299,0.003733624,"TWOGAUSSIANS_WITH_ELLIPSOIDAL_ON_ECLIPSE2",9,23.909044,0.805299,0.003733624,0.3720641,0.05771308,0.52841306,0.018339157,0.29520774,0.002682718,0.31129366,0.06312747,0.47505903,0.02246409
375316653866487564,2220748677606065792,0.63895464,2210.71107544287,2.0611523551151514,3.15165E-6,16.940496,0.008285444,0.25242478,5.304353E-4,0.05391637,0.0026233422,0.253666,0.0139139425,0.7427844,0.022361802,0.040152002,0.018016651,0.033263415,0.024298066,0.076034985,0.007867305,0.25242478,5.304353E-4,"TWOGAUSSIANS_WITH_ELLIPSOIDAL_ON_ECLIPSE1",9,4.54443,0.25242478,5.304353E-4,0.30193168,0.014690716,0.40573055,0.004629647,0.7463344,0.017927876,0.2248512,0.10089325,0.18497561,0.019278994
375316653866487564,2220756855222982400,0.45619366,2193.297583932838,2.81735960626054,2.6699254E-5,18.378565,0.0021629194,null,null,null,null,null,null,null,null,null,null,null,null,0.039175287,0.003445815,0.25718585,0.0055595613,"ELLIPSOIDAL",4,2.5510018,null,null,null,null,null,null,null,null,null,null,null,null
375316653866487564,2220758401411973760,0.5883206,2224.5038035745188,2.9804020570508536,9.379989E-6,17.809738,0.0036121055,0.2684312,0.0033757745,0.082603574,0.00372446,0.26685554,0.013950681,0.7602247,0.0024578355,0.082412764,0.0030492605,0.3124672,0.006185226,null,null,null,null,"TWOGAUSSIANS",8,3.9817681,0.7602247,0.0024578355,0.4,0.0,0.30743426,0.0061927014,0.2684312,0.0033757745,0.4,0.0,0.2618226,0.014441432
375316653866487564,2220758852385623168,0.61318755,2210.611847226568,2.4622039441053643,4.408502E-6,15.731321,0.003690809,0.22908898,0.0013415965,0.05035539,0.008913609,0.052111804,0.0075542443,0.7399935,0.011602991,0.046553474,0.011050567,0.06749393,0.019543238,0.0851658,0.0051278723,0.22908898,0.0013415965,"TWOGAUSSIANS_WITH_ELLIPSOIDAL_ON_ECLIPSE1",9,8.165855,0.7399935,0.011602991,0.26069945,0.061883178,0.23702675,0.018542478,0.22908898,0.0013415965,0.28199017,0.049916215,0.22244297,0.004885864
375316653866487564,2220761154488113152,0.5345204,2195.609373479518,1.1667367562080881,7.944007E-6,13.748971,0.029100854,0.28745154,0.0047602523,0.13457121,0.023148995,0.10559118,0.026937114,0.75612134,0.004001017,0.12595879,0.014364173,0.15074502,0.025531529,null,null,null,null,"TWOGAUSSIANS",8,44.551888,0.75612134,0.004001017,0.4,0.0,0.11991903,0.0064714113,0.28810152,0.0041540503,0.4,0.0,0.074646726,0.004496725
375316653866487564,2220767403661733120,0.59610826,2156.809452306532,2.7094457396391975,6.8138206E-6,18.440369,0.011472911,0.2700572,0.002407152,0.08224569,0.0040710256,0.37357408,0.0110299885,0.7704463,0.004583351,0.08415804,0.0058143404,0.3865404,0.0128991045,null,null,null,null,"TWOGAUSSIANS",8,3.0211082,0.7704463,0.004583351,0.4,0.0,0.3782736,0.010040115,0.2700572,0.002407152,0.4,0.0,0.36530727,0.008492566
375316653866487564,2220767575460438784,0.53033835,2139.5653699362592,3.3480287521216834,3.1168005E-5,19.787348,0.014257265,0.2639646,0.009190644,0.05885926,0.010173812,0.624542,0.02410411,0.7616728,0.0064682607,0.07029707,0.0062777563,0.69378054,0.101074025,null,null,null,null,"TWOGAUSSIANS",8,2.9623864,0.7616728,0.0064682607,0.3936636,0.034118745,0.6930957,0.101307206,0.2639646,0.009190644,0.32961187,0.05697334,0.62385714,0.024646249
375316653866487564,2220768713630067712,0.5811066,2185.562300677635,0.4374171068178161,3.506086E-6,16.413267,0.0021254185,0.2538533,0.002168133,0.03288819,0.0032431001,0.13494648,0.010775042,0.7543451,0.0027033607,0.027033541,0.0010267177,0.5732131,0.048604995,null,null,null,null,"TWOGAUSSIANS",8,10.594179,0.7543451,0.0027033607,0.15138783,0.005749619,0.5732131,0.048604995,0.2538533,0.002168133,0.18417385,0.018161362,0.13494648,0.010775042
375316653866487564,2220768915490370304,0.55046564,2186.144453116934,2.5089650060257065,2.0305366E-5,18.911278,0.031059474,0.1318071,0.004018966,0.10885652,0.013265196,0.25718448,0.028024647,0.6273078,0.006465751,0.102423064,0.00999743,0.34194532,0.033147093,null,null,null,null,"TWOGAUSSIANS",8,2.2766151,0.6273078,0.006465751,0.4,0.0,0.30795252,0.015350745,0.1318071,0.004021729,0.4,0.0,0.22318263,0.016304424
375316653866487564,2220769332105357568,0.6000944,2211.670606768484,2.129484833261794,9.600932E-6,15.683139,0.0067139645,0.28047672,0.0025195214,0.09345856,0.005249168,0.12241611,0.0064739105,0.7860009,0.003037611,0.10602833,0.0075709904,0.1279112,0.005494933,null,null,null,null,"TWOGAUSSIANS",8,5.2952847,0.7860009,0.003037611,0.4,0.0,0.11782779,0.003980301,0.28047672,0.0025195219,0.4,0.0,0.11233646,0.003618774
375316653866487564,2220772626342319744,0.5126246,2171.073683563413,3.2671352262086333,1.3374012E-5,19.124344,0.023477824,0.23217948,0.0061902865,0.09311599,0.009469858,0.34928158,0.02623547,0.7045475,0.0048460183,0.092484884,0.00824873,0.4428807,0.035137773,null,null,null,null,"TWOGAUSSIANS",8,4.7474484,0.7045475,0.0048460183,0.4,0.0,0.4290711,0.034992255,0.23217948,0.0061902865,0.4,0.0,0.33547205,0.020967163
375316653866487564,2220776891248146816,0.6250261,2201.755452628418,2.0580279489608566,1.04231085E-5,17.046696,0.019858612,0.28164414,0.0025168566,0.049793687,0.012810165,0.18706208,0.041904144,0.77909046,0.0063275294,0.050983425,0.01676299,0.18002136,0.05622058,0.124725744,0.025026266,0.28164414,0.0025168566,"TWOGAUSSIANS_WITH_ELLIPSOIDAL_ON_ECLIPSE1",9,8.409742,0.28164414,0.0025168566,0.27884465,0.071736924,0.43651146,0.04226185,0.77966046,0.0055888817,0.2855072,0.09387274,0.42942074,0.048738938
375316653866487564,2220778948534591104,0.52718157,2139.8994919352085,1.3300339547741362,4.223385E-6,19.826717,0.020188963,0.23134392,0.001327877,0.072851844,0.0042848135,0.41668054,0.017519144,0.73849154,0.0037629006,0.08839039,0.02387867,0.21287161,0.034851156,null,null,null,null,"TWOGAUSSIANS",8,0.97406274,0.23134392,0.001327877,0.4,0.0,0.41264144,0.012426082,0.73849154,0.0037629006,0.4,0.0,0.20883247,0.04132567
375316653866487564,2220779979326811776,0.50519246,2205.47868444368,3.231156694063123,1.9540174E-5,18.569931,0.0143199,0.23764129,0.009130314,0.09154086,0.009173651,0.34500557,0.025466586,0.73853505,0.0058944724,0.086796194,0.008948956,0.288427,0.015918279,null,null,null,null,"TWOGAUSSIANS",8,5.08533,0.23764129,0.009130314,0.4,0.0,0.33276686,0.023616109,0.73853505,0.0058944724,0.4,0.0,0.27618846,0.012920162
375316653866487564,2220781147557803904,0.4988958,2225.8193046019196,3.4810482496924435,2.4724703E-5,18.90158,0.026141586,0.28022534,0.005894537,0.11882866,0.026023775,0.14413854,0.020691194,0.755052,0.014610982,0.09567212,0.029564466,0.14104469,0.020193016,null,null,null,null,"TWOGAUSSIANS",8,1.2268219,0.28022534,0.0058776573,0.4,0.0,0.12998118,0.008750652,0.755052,0.014610982,0.4,0.0,0.12694407,0.013674173
375316653866487564,2220782109630535040,0.49925584,2182.1756763187827,2.204530463186122,4.601508E-5,19.081345,0.010863241,0.24148038,0.0077828164,0.061474606,0.010588919,0.11039658,0.016781844,0.71084934,0.017687738,0.07552104,0.014429495,0.2568927,0.025168048,null,null,null,null,"TWOGAUSSIANS",8,2.7446465,0.71084934,0.017687738,0.4,0.0,0.25670013,0.02451686,0.24148038,0.0077828164,0.3442578,0.05929795,0.110204004,0.016557518
375316653866487564,2220782350148766976,0.5926735,2229.424461983688,3.9354175016485384,1.2879249E-5,16.633253,0.012911328,0.26698422,0.003999715,0.03975922,0.0049584047,0.4598242,0.12124694,0.77797097,0.0033992948,0.03863762,0.01841654,0.4596596,0.2427882,0.13489774,0.017873235,0.77797097,0.0033992948,"TWOGAUSSIANS_WITH_ELLIPSOIDAL_ON_ECLIPSE2",9,32.565742,0.77797097,0.0033992948,0.21637066,0.10313263,0.72945505,0.26320133,0.26773423,0.0035873915,0.22265163,0.027767066,0.72842324,0.12351597
375316653866487564,2220785236366395264,0.5328854,2128.923914992801,2.9785783667355394,2.009585E-5,18.013952,0.020988485,0.1669097,0.004895531,0.105211325,0.012024436,0.20818335,0.019956771,0.6739521,0.004669511,0.105876885,0.010383447,0.24774332,0.020107443,null,null,null,null,"TWOGAUSSIANS",8,3.8997204,0.6739521,0.0046780766,0.4,0.0,0.22238812,0.009730554,0.1668997,0.004898784,0.4,0.0,0.18283015,0.008387069
375316653866487564,2220790910021012608,0.5251374,2162.8323366037976,0.9147524273216079,4.0921455E-5,16.210875,0.0024740472,0.3682032,0.03387388,0.038693648,0.03357435,0.010643496,0.020696977,0.70198864,0.0016325832,0.016896574,0.0029241098,0.19440852,0.068331234,0.009699417,0.004005858,0.70198864,0.0016325832,"TWOGAUSSIANS_WITH_ELLIPSOIDAL_ON_ECLIPSE2",9,14.05524,0.70198864,0.0016325832,0.09462081,0.016375015,0.21380734,0.068536066,0.34978318,0.04542872,0.21668443,0.18801636,0.016462205,0.01940588
375316653866487564,2220791940813414528,0.58615685,2169.301711303035,2.1043051256566994,6.154774E-6,18.203232,0.012320283,0.26784045,0.0016608784,0.040647145,0.010566097,0.111140236,0.024635784,0.751851,0.01640419,0.034182765,0.025508147,0.12186632,0.03490657,0.0911496,0.018117722,0.26784045,0.0016608784,"TWOGAUSSIANS_WITH_ELLIPSOIDAL_ON_ECLIPSE1",9,2.1674066,0.753781,0.014597319,0.19142349,0.14284562,0.3025523,0.05190907,0.26784045,0.0016608784,0.22762401,0.059170146,0.2934392,0.014965357
