Gaia/vari_eclipsing_binary/VariEclipsingBinary_628674-628805.csv
# %ECSV 1.0
# ---
# delimiter: ','
# meta: !!omap
# - RELEASE: Gaia DR3
# - TABLE: vari_eclipsing_binary
# - DESCRIPTION: >
#     This table describes the properties of the eclipsing binaries resulting from the variability analysis. 
# - CITATION: >
#     How to cite and acknowledge Gaia: 
#     https://gea.esac.esa.int/archive/documentation/credits.html 
# - KNOWN_ISSUES: >
#     Known issues: 
#     https://www.cosmos.esa.int/web/gaia-users/known-issues 
# - DOCUMENTATION: >
#     Tutorials and documentation: 
#     https://www.cosmos.esa.int/web/gaia-users/archive 
# datatype:
# - 
#   name: solution_id
#   datatype: int64
#   description: Solution Identifier
#   meta:
#     ucd: meta.version
# - 
#   name: source_id
#   datatype: int64
#   description: Unique source identifier
#   meta:
#     ucd: meta.id;meta.main
# - 
#   name: global_ranking
#   datatype: float32
#   description: Number between 0 (worst) and 1 (best)
#   meta:
#     ucd: stat.param
# - 
#   name: reference_time
#   datatype: float64
#   unit: d
#   description: Reference time used for the geometric model fit
#   meta:
#     ucd: time.epoch
# - 
#   name: frequency
#   datatype: float64
#   unit: d**-1
#   description: Frequency of geometric model of the eclipsing binary light curve
#   meta:
#     ucd: src.orbital
# - 
#   name: frequency_error
#   datatype: float32
#   unit: d**-1
#   description: "Uncertainty of \\texttt{frequency}"
#   meta:
#     ucd: stat.error
# - 
#   name: geom_model_reference_level
#   datatype: float32
#   unit: mag
#   description: Magnitude reference level of geometric model
#   meta:
#     ucd: phot.mag;em.opt
# - 
#   name: geom_model_reference_level_error
#   datatype: float32
#   unit: mag
#   description: "Uncertainty of \\texttt{geomModelReferenceLevel}"
#   meta:
#     ucd: stat.error;phot.mag;em.opt
# - 
#   name: geom_model_gaussian1_phase
#   datatype: float32
#   description: Phase of the Gaussian 1 component
#   meta:
#     ucd: time.phase
# - 
#   name: geom_model_gaussian1_phase_error
#   datatype: float32
#   description: "Uncertainty of \\texttt{geomModelGaussian1Phase}"
#   meta:
#     ucd: stat.error;time.phase
# - 
#   name: geom_model_gaussian1_sigma
#   datatype: float32
#   description: "Standard deviation [phase] of Gaussian 1 component"
#   meta:
#     ucd: stat.stdev
# - 
#   name: geom_model_gaussian1_sigma_error
#   datatype: float32
#   description: "Uncertainty of \\texttt{geomModelGaussian1Sigma}"
#   meta:
#     ucd: stat.error
# - 
#   name: geom_model_gaussian1_depth
#   datatype: float32
#   unit: mag
#   description: Magnitude depth of Gaussian 1 component
#   meta:
#     ucd: src.var.amplitude
# - 
#   name: geom_model_gaussian1_depth_error
#   datatype: float32
#   unit: mag
#   description: "Uncertainty of \\texttt{geomModelGaussian1Depth}"
#   meta:
#     ucd: stat.error;src.var.amplitude
# - 
#   name: geom_model_gaussian2_phase
#   datatype: float32
#   description: Phase of Gaussian 2 component
#   meta:
#     ucd: time.phase
# - 
#   name: geom_model_gaussian2_phase_error
#   datatype: float32
#   description: "Uncertainty of \\texttt{geomModelGaussian2Phase}"
#   meta:
#     ucd: stat.error;time.phase
# - 
#   name: geom_model_gaussian2_sigma
#   datatype: float32
[...]
#   datatype: float32
#   description: "Secondary eclipse: uncertainty of \\texttt{derivedSecondaryEclDuration}"
#   meta:
#     ucd: stat.error;time.duration
# - 
#   name: derived_secondary_ecl_depth
#   datatype: float32
#   unit: mag
#   description: "Secondary eclipse: depth"
#   meta:
#     ucd: src.var.amplitude
# - 
#   name: derived_secondary_ecl_depth_error
#   datatype: float32
#   unit: mag
#   description: "Secondary eclipse: uncertainty of \\texttt{derivedSecondaryEclDepth}"
#   meta:
#     ucd: stat.error;src.var.amplitude
solution_id,source_id,global_ranking,reference_time,frequency,frequency_error,geom_model_reference_level,geom_model_reference_level_error,geom_model_gaussian1_phase,geom_model_gaussian1_phase_error,geom_model_gaussian1_sigma,geom_model_gaussian1_sigma_error,geom_model_gaussian1_depth,geom_model_gaussian1_depth_error,geom_model_gaussian2_phase,geom_model_gaussian2_phase_error,geom_model_gaussian2_sigma,geom_model_gaussian2_sigma_error,geom_model_gaussian2_depth,geom_model_gaussian2_depth_error,geom_model_cosine_half_period_amplitude,geom_model_cosine_half_period_amplitude_error,geom_model_cosine_half_period_phase,geom_model_cosine_half_period_phase_error,model_type,num_model_parameters,reduced_chi2,derived_primary_ecl_phase,derived_primary_ecl_phase_error,derived_primary_ecl_duration,derived_primary_ecl_duration_error,derived_primary_ecl_depth,derived_primary_ecl_depth_error,derived_secondary_ecl_phase,derived_secondary_ecl_phase_error,derived_secondary_ecl_duration,derived_secondary_ecl_duration_error,derived_secondary_ecl_depth,derived_secondary_ecl_depth_error
[from data line 72]
375316653866487564,5529951125826787840,0.5698965,2223.7018608138847,2.8716612644151307,6.0247767E-6,19.624002,0.011206965,0.28924158,0.0020856468,0.07277364,0.0044011986,0.5726683,0.03530355,0.79042876,0.002475712,0.070853874,0.00302072,0.58952403,0.02483331,null,null,null,null,"TWOGAUSSIANS",8,1.2782736,0.79042876,0.002475712,0.3967817,0.013474348,0.5868878,0.024883788,0.28924158,0.0020856468,0.4,0.0021318088,0.57003206,0.035998482
375316653866487564,5529951503783583104,0.5554955,2203.662232501825,2.2492564127882337,8.929776E-5,18.157408,0.002389522,0.20115809,0.00990166,0.021544416,0.010419573,0.04943822,0.8540222,0.6558183,0.011786667,0.011193735,0.0038171234,0.47729683,0.44004393,null,null,null,null,"TWOGAUSSIANS",8,1.945014,0.6558183,0.011786667,0.062684916,0.02137589,0.47729683,0.44004393,0.20115809,0.00990166,0.12064873,0.05834961,0.04943822,0.8540222
375316653866487564,5529951538143402240,0.543664,2221.4668768497872,3.1897560602059114,1.3796372E-5,18.170918,0.016320629,0.24348067,0.003182258,0.09433333,0.006793834,0.4471812,0.022823248,0.74903935,0.0067088096,0.092510864,0.0073317066,0.46654564,0.02254786,null,null,null,null,"TWOGAUSSIANS",8,8.693143,0.74903935,0.0067088096,0.4,0.0,0.44306135,0.01602961,0.24348067,0.003182258,0.4,0.0,0.4236966,0.025510967
375316653866487564,5529952607599997440,0.44691762,2237.111952739881,3.932264623026757,1.7698814E-5,19.38901,0.019833816,0.30741084,0.047080137,0.06366781,0.021376919,0.092060715,0.053135395,0.7036806,0.019476619,0.026745442,0.053189963,0.14669506,0.08966993,0.082678705,0.02536991,0.7036806,0.019476619,"TWOGAUSSIANS_WITH_ELLIPSOIDAL_ON_ECLIPSE2",9,7.231738,0.7036806,0.019476619,0.14977448,0.26002732,0.31205198,0.06768796,0.26740083,0.039987426,0.35653973,0.11931284,0.2158026,0.04154274
375316653866487564,5529952813758429952,0.66756636,2259.310990754498,0.08409018253047823,2.711364E-6,14.246867,0.002009347,0.32682768,0.024570528,0.033562414,0.01572031,0.36426333,0.3797159,0.83371896,0.0010464169,0.035219207,8.8846515E-4,0.36503458,0.0073126922,0.024716068,0.0029258667,0.83371896,0.0010464169,"TWOGAUSSIANS_WITH_ELLIPSOIDAL_ON_ECLIPSE2",9,47.043457,0.83371896,0.0010464169,0.19722755,0.0049754046,0.41446668,0.005273696,0.32690766,0.02446257,0.18794952,0.088033736,0.4136039,0.38003802
375316653866487564,5529952985550318848,0.53510916,2257.327533397562,2.998391837974835,4.051879E-5,18.823877,0.0043058065,null,null,null,null,null,null,null,null,null,null,null,null,0.10536921,0.0043008723,0.25307208,0.008691548,"ELLIPSOIDAL",4,3.4374228,null,null,null,null,null,null,null,null,null,null,null,null
375316653866487564,5529953805891409408,0.6206156,2245.022676584961,3.671412721426086,5.3975223E-6,18.461544,0.009465758,0.22286686,0.0010540944,0.049947027,0.002493062,0.5534976,0.03770781,0.7264693,0.0020861814,0.040109437,0.0028579012,0.43412766,0.024042407,0.13680746,0.015724476,0.22286686,0.0010540944,"TWOGAUSSIANS_WITH_ELLIPSOIDAL_ON_ECLIPSE1",9,3.2969604,0.22286686,0.0010540944,0.27970335,0.0139611475,0.82711035,0.036133308,0.7264693,0.0020861814,0.22461285,0.016004246,0.70760024,0.014472609
375316653866487564,5529955390738757376,0.5471456,2248.7107157103824,1.021574776123663,6.7893866E-6,15.701553,0.0021299804,0.16695902,0.01257489,0.018413277,0.013622489,0.06363077,1.7931616,0.67219156,0.0017731506,0.038788307,0.0032584409,0.14839004,0.0070274062,0.010999133,0.002814153,0.16695902,0.01257489,"TWOGAUSSIANS_WITH_ELLIPSOIDAL_ON_ECLIPSE1",9,9.558891,0.67219156,0.0017541288,0.21721452,0.01824727,0.17036453,0.008442727,0.16695902,0.01257489,0.10311436,0.076285936,0.08562903,1.7919464
375316653866487564,5529956112293246208,0.64301854,2248.1269981504456,0.2985852248077593,2.1061478E-6,15.68221,9.347653E-4,0.2175476,0.002146851,0.016771296,0.0017371684,0.4643611,0.0555151,0.7166826,0.0075720684,0.015650494,0.009555743,0.5874397,3.0634341,null,null,null,null,"TWOGAUSSIANS",8,7.683083,0.7166826,0.0075720684,0.087642774,0.05351216,0.5874397,3.0634341,0.2175476,0.002146851,0.093919255,0.009728143,0.4643611,0.0555151
375316653866487564,5529956627689290496,0.62969834,2265.5049351317007,3.2570339820978957,4.885138E-6,16.333904,0.011029699,0.2442185,0.0015996054,0.05023801,0.002858468,0.49460438,0.022343956,0.74882466,0.0020278296,0.046200417,0.003966639,0.25066763,0.026568888,0.11455701,0.013875813,0.74882466,0.0020278296,"TWOGAUSSIANS_WITH_ELLIPSOIDAL_ON_ECLIPSE2",9,33.138115,0.2446085,0.001417232,0.28133285,0.016007422,0.72354037,0.0111340275,0.74882466,0.0020278296,0.25872234,0.022213176,0.47977924,0.009998454
375316653866487564,5529957692843806720,0.61829656,2243.1530673679945,0.7137948412753199,2.0760372E-5,17.546095,0.0028555854,0.2323551,0.0016368472,0.02671409,0.0012701626,0.41478556,0.039845824,0.7293953,0.011096436,0.022434881,0.0037865727,0.50969756,0.23341344,0.02022398,0.0048465272,0.2323551,0.0016368472,"TWOGAUSSIANS_WITH_ELLIPSOIDAL_ON_ECLIPSE1",9,3.608995,0.7294053,0.011047886,0.12563534,0.021204807,0.55013156,0.23478,0.2323551,0.0016368472,0.14959891,0.007112911,0.4552335,0.04003915
375316653866487564,5529959376468397696,0.52069336,2246.091026215891,3.2201222583179057,1.0823273E-5,18.996634,0.012208169,0.17375883,0.003700514,0.08426101,0.0063391626,0.3431376,0.022576528,0.67544127,0.0021479172,0.084541745,0.0064686923,0.28977332,0.022817487,null,null,null,null,"TWOGAUSSIANS",8,2.3448277,0.17375883,0.003700514,0.4,0.0,0.3355245,0.02365879,0.67544127,0.0021479172,0.4,0.0,0.28216022,0.023550183
375316653866487564,5529959681403256448,0.5924465,2222.672613959745,2.8266205033935194,7.050202E-6,18.553709,0.006151104,0.2762181,0.004121775,0.07076429,0.00423235,0.31571686,0.008453189,0.77783227,0.0028832296,0.07674261,0.0037118515,0.3296497,0.0096097225,null,null,null,null,"TWOGAUSSIANS",8,1.863737,0.77783227,0.0028832296,0.4,0.0,0.3276608,0.0095086945,0.2762181,0.004121775,0.39628002,0.011800336,0.31372797,0.008158259
375316653866487564,5529960471677570560,0.4964716,2218.7694755554135,0.8661829096511727,8.173591E-6,16.990204,0.0016341076,0.31761175,0.005517018,0.029153997,0.0043547344,0.14846574,0.013248119,0.6090066,0.083463766,0.1593628,0.100316964,0.0046637943,0.002560067,null,null,null,null,"TWOGAUSSIANS",8,7.1646795,0.31767175,0.0055239056,0.16326238,0.024386512,0.14927477,0.01351815,0.6090066,0.083463766,0.4,0.0,0.0045958427,0.0026348757
375316653866487564,5529961055793216384,0.5013075,2203.2583677179227,0.6701896579709768,1.75798E-4,18.343233,0.0022876044,0.19732471,7.107093E-5,0.010887683,7.1359536E-4,0.15479293,0.0018719503,0.7208148,7.534348E-4,0.007655387,0.0023694506,2.815591,2.7063735,null,null,null,null,"TWOGAUSSIANS",8,1.5473001,0.7208148,7.534348E-4,0.042870168,0.013268924,2.815591,2.7063735,0.19732471,7.107093E-5,0.060971025,0.003996134,0.15479293,0.0018719503
375316653866487564,5529962125240487424,0.5868501,2214.720152641516,3.7862516237163804,1.4359809E-5,19.166075,0.009597759,0.26716754,0.0019044554,0.04128169,0.003396378,0.33963925,0.024402209,0.76993483,0.005636911,0.044048056,0.007888521,0.4234959,0.105987735,0.13918579,0.012767817,0.26716754,0.0019044554,"TWOGAUSSIANS_WITH_ELLIPSOIDAL_ON_ECLIPSE1",9,1.4138585,0.76993483,0.0055587105,0.24666911,0.044175718,0.701783,0.10703035,0.26716754,0.0019044554,0.23117745,0.019019717,0.6180105,0.014258238
375316653866487564,5529962258384357504,0.535355,2214.5827077510594,3.149348390155817,8.638766E-6,19.650396,0.019962147,0.19477278,0.004407428,0.07741746,0.007979229,0.53882813,0.052101657,0.7017977,0.0027639708,0.069923945,0.0049721072,0.58793455,0.037273895,null,null,null,null,"TWOGAUSSIANS",8,2.3469286,0.7017977,0.0027639708,0.39157408,0.02382263,0.5849253,0.037632424,0.19477278,0.004407428,0.4,0.0,0.5358189,0.053313047
375316653866487564,5529962537564218880,0.64027274,2195.3813672462197,3.0847133616391957,4.877449E-6,16.893688,0.0076623983,0.28191444,0.0021841503,0.048172995,0.0039188275,0.3532666,0.018252729,0.78073305,0.00290566,0.043230914,0.0031427958,0.2724228,0.019094395,0.11567494,0.0087775625,0.28191444,0.0021841503,"TWOGAUSSIANS_WITH_ELLIPSOIDAL_ON_ECLIPSE1",9,8.708643,0.28191444,0.0021841503,0.26976877,0.021945434,0.5846158,0.009832856,0.78086305,0.0026598887,0.24209312,0.017599657,0.5037607,0.014573038
375316653866487564,5529963804571511680,0.48729432,2231.7140576763422,3.2532632490827007,1.9457819E-5,18.303402,0.7647715,0.2626545,0.009777144,0.11249001,0.065743424,0.22977602,0.6310375,0.7876249,0.010086587,0.11800537,0.099322975,0.21610272,0.73152405,null,null,null,null,"TWOGAUSSIANS",8,5.08963,0.2625545,0.0052373107,0.4,0.0,0.1965864,0.021096174,0.7876849,0.0073213843,0.4,0.0,0.1828718,0.022306724
375316653866487564,5529964186833321728,0.5937087,2247.1230673270957,1.0790971826809084,6.257002E-6,16.197098,0.007249276,0.24911171,0.002656907,0.10734919,0.006124735,0.1379244,0.0068336786,0.734519,0.0021827433,0.10042513,0.0044819186,0.24059798,0.006776935,null,null,null,null,"TWOGAUSSIANS",8,6.057631,0.734519,0.0021827433,0.4,0.0,0.22396375,0.006246965,0.24912171,0.0026630121,0.4,0.0,0.12128627,0.0030410313
375316653866487564,5529965870455729792,0.4748574,2169.867104481346,0.45535412112770646,6.897749E-5,19.034674,0.005089369,0.32780814,0.009317034,0.0226482,0.013902944,0.07568415,0.012262095,0.5018788,0.0018725046,0.0119632995,0.0018323744,1.4276721,1.7799972,null,null,null,null,"TWOGAUSSIANS",8,2.9405105,0.5018788,0.0018725046,0.06699448,0.010261297,1.4276721,1.7799972,0.32780814,0.009317034,0.12682992,0.07785648,0.07568415,0.012262095
375316653866487564,5529967897685052032,0.61663777,2225.674962868024,0.9281725619902473,1.04009105E-5,13.114053,7.280411E-4,0.31751406,0.0024421404,0.027996816,0.0020839416,0.109530374,0.009023339,0.80767184,0.0029448124,0.031870503,0.0021542374,0.07518761,0.0037079963,0.015316584,0.0012211007,0.31751406,0.0024421404,"TWOGAUSSIANS_WITH_ELLIPSOIDAL_ON_ECLIPSE1",9,13.112608,0.31751406,0.0024421404,0.15678217,0.011670073,0.14016354,0.009459864,0.8079818,0.002805144,0.17847481,0.01206373,0.10570747,0.003970598
375316653866487564,5529968894117317248,0.5291096,2202.2052956891075,2.7732441564309696,1.0963314E-5,17.628294,0.014087136,0.22426352,0.0022438513,0.087835565,0.005146953,0.26772314,0.013281434,0.7366485,0.005251743,0.09028478,0.008447467,0.2561834,0.019695016,null,null,null,null,"TWOGAUSSIANS",8,10.654012,0.22426352,0.0022438513,0.4,0.0,0.25936592,0.009197917,0.7366485,0.005251743,0.4,0.0,0.24782608,0.019028904
375316653866487564,5529969783166870400,0.60654664,2179.1339664607513,3.2510744534217206,6.8466534E-6,16.799091,0.0054913783,0.23138157,0.0016748026,0.07440045,0.0024130724,0.5493852,0.019965163,0.7319365,0.0014461307,0.07043473,0.0014982143,0.47726667,0.007619502,null,null,null,null,"TWOGAUSSIANS",8,17.107964,0.23138157,0.0016748026,0.4,0.0,0.54677093,0.020203574,0.7319365,0.0014461307,0.39443448,0.00839,0.47465244,0.0073220553
375316653866487564,5529971879110850304,0.6546803,2182.148981481117,2.5828337743520526,5.090731E-6,18.206518,0.009367082,0.2508535,0.0011588023,0.04514253,0.003950707,0.41168427,0.028516755,0.75359917,0.0028772606,0.044252798,0.0050192736,0.37078717,0.024752447,0.158289,0.013628895,0.2508535,0.0011588023,"TWOGAUSSIANS_WITH_ELLIPSOIDAL_ON_ECLIPSE1",9,2.5409274,0.2508535,0.0011588023,0.25279817,0.02212396,0.7282618,0.023842523,0.75359917,0.0028772606,0.24781567,0.028107934,0.6872705,0.027075859
375316653866487564,5529972428866862592,0.57331204,2201.9561621073003,1.0615839359220947,5.584867E-6,18.593061,0.0032408193,0.20374064,0.0012690371,0.046485722,0.0016251632,0.36769795,0.008767918,0.49749348,0.05420381,0.04314664,0.025647841,0.016778465,0.011458551,null,null,null,null,"TWOGAUSSIANS",8,2.584528,0.20374064,0.0012690371,0.26032004,0.009100914,0.36769795,0.008767918,0.49749348,0.05420381,0.24162118,0.14362791,0.016778467,0.0114585515
375316653866487564,5529973738834815360,0.62449974,2198.5970505467685,0.6806221515424301,5.186909E-6,16.699684,8.6789747E-4,0.31878388,0.001808299,0.021344779,0.001865689,0.10727395,0.012437798,0.8196702,5.513287E-4,0.018511804,7.4377866E-4,0.5420618,0.03349472,null,null,null,null,"TWOGAUSSIANS",8,3.1823506,0.8196702,5.513287E-4,0.103666104,0.0041651605,0.5420618,0.03349472,0.31878388,0.001808299,0.11953077,0.010447858,0.10727395,0.012437798
375316653866487564,5529974151157349632,0.48509142,2209.461772298691,2.6732326894525107,1.6645474E-5,16.784687,0.04719405,0.28092217,0.0059987227,0.10887062,0.021874782,0.16777012,0.04446156,0.77381814,0.00809718,0.11062304,0.03048487,0.15429185,0.045224484,null,null,null,null,"TWOGAUSSIANS",8,17.291046,0.2809322,0.0060046916,0.4,0.0,0.14548546,0.008590899,0.77381814,0.00809718,0.4,0.0,0.13200463,0.008652561
375316653866487564,5529974529109709184,0.49209088,2190.0031578816684,2.7747247610855115,2.5312589E-5,18.806702,0.07884161,0.24244215,0.0059836996,0.107698895,0.022846868,0.22261411,0.072989166,0.7498767,0.009576807,0.13624209,0.038771305,0.20498703,0.07709166,null,null,null,null,"TWOGAUSSIANS",8,2.6870596,0.24231215,0.005764748,0.4,0.0,0.17476168,0.010525159,0.74988663,0.009594399,0.4,0.0,0.15664747,0.01606729
375316653866487564,5529974735266736896,0.48081306,2228.113282108648,1.874844558396521,1.5536327E-5,19.659273,0.0040425323,0.29091728,0.03628162,0.039855424,0.031422857,0.030108284,0.9265039,0.42374647,2.201263E-5,0.006403039,9.384591E-5,0.56627446,0.0022648978,null,null,null,null,"TWOGAUSSIANS",8,1.5760379,0.42374647,2.201263E-5,0.035857018,5.255371E-4,0.56639105,0.0022087472,0.29091728,0.03628162,0.22319038,0.17596799,0.030108284,0.9265039
375316653866487564,5529974872705756032,0.4355105,2211.835712234502,0.9793842891341101,6.0359052E-5,18.987938,0.003929691,0.16220929,0.03227363,0.073814556,0.017861912,0.041730374,0.01609449,0.43027464,0.0022830863,0.025432985,0.002654457,0.33280134,0.07310844,null,null,null,null,"TWOGAUSSIANS",8,4.8876605,0.43027464,0.0022830863,0.14242472,0.014864959,0.3328584,0.07310411,0.16220929,0.03227363,0.4,0.05482694,0.041730374,0.01609449
375316653866487564,5529975353747632128,0.46346548,2195.4464289902817,2.6330714544279408,2.5369374E-5,14.760308,0.26207006,0.22260608,0.009297427,0.10442536,0.058794905,0.17267619,0.23425029,0.74872077,0.03358154,0.08673671,0.1488597,0.07891007,0.25611636,null,null,null,null,"TWOGAUSSIANS",8,460.21436,0.22260608,0.009041311,0.4,0.0,0.16725165,0.023323145,0.74874073,0.032885343,0.4,0.0,0.07349185,0.029227216
375316653866487564,5529975834778342656,0.4947935,2217.7169757136676,1.5900690881019668,1.795872E-5,15.562491,0.0023166528,null,null,null,null,null,null,null,null,null,null,null,null,0.055941064,0.0033162865,0.25856358,0.0043957033,"ELLIPSOIDAL",4,35.798058,null,null,null,null,null,null,null,null,null,null,null,null
375316653866487564,5529976040942226560,0.45280614,2218.7864979129045,1.1469884104772736,4.080212E-5,16.660006,0.0031362062,0.20896268,0.016525168,0.05856456,0.02602447,0.03241387,0.022132521,0.73403436,0.0040001306,0.06291103,0.0071901367,0.06183714,0.0061958916,null,null,null,null,"TWOGAUSSIANS",8,6.9872484,0.73403436,0.0040001306,0.3523018,0.040264767,0.061829217,0.006196338,0.20896268,0.016525168,0.32796153,0.14573704,0.032405946,0.02213961
375316653866487564,5529976242798035968,0.60779667,2203.883128247293,0.4106040638009627,1.548301E-5,17.776272,0.0018497513,0.5489382,4.5260525E-4,0.02211467,6.329696E-4,0.37287262,0.004510174,0.76366585,3.8144263E-4,0.026696146,0.0034078483,0.020777566,7.406591E-4,null,null,null,null,"TWOGAUSSIANS",8,2.3018446,0.5489382,4.5260525E-4,0.12384215,0.0035446298,0.37287262,0.004510174,0.76366585,3.8144263E-4,0.14949842,0.01908395,0.020777566,7.406591E-4
