Gaia/vari_eclipsing_binary/VariEclipsingBinary_671617-671727.csv
# %ECSV 1.0
# ---
# delimiter: ','
# meta: !!omap
# - RELEASE: Gaia DR3
# - TABLE: vari_eclipsing_binary
# - DESCRIPTION: >
#     This table describes the properties of the eclipsing binaries resulting from the variability analysis. 
# - CITATION: >
#     How to cite and acknowledge Gaia: 
#     https://gea.esac.esa.int/archive/documentation/credits.html 
# - KNOWN_ISSUES: >
#     Known issues: 
#     https://www.cosmos.esa.int/web/gaia-users/known-issues 
# - DOCUMENTATION: >
#     Tutorials and documentation: 
#     https://www.cosmos.esa.int/web/gaia-users/archive 
# datatype:
# - 
#   name: solution_id
#   datatype: int64
#   description: Solution Identifier
#   meta:
#     ucd: meta.version
# - 
#   name: source_id
#   datatype: int64
#   description: Unique source identifier
#   meta:
#     ucd: meta.id;meta.main
# - 
#   name: global_ranking
#   datatype: float32
#   description: Number between 0 (worst) and 1 (best)
#   meta:
#     ucd: stat.param
# - 
#   name: reference_time
#   datatype: float64
#   unit: d
#   description: Reference time used for the geometric model fit
#   meta:
#     ucd: time.epoch
# - 
#   name: frequency
#   datatype: float64
#   unit: d**-1
#   description: Frequency of geometric model of the eclipsing binary light curve
#   meta:
#     ucd: src.orbital
# - 
#   name: frequency_error
#   datatype: float32
#   unit: d**-1
#   description: "Uncertainty of \\texttt{frequency}"
#   meta:
#     ucd: stat.error
# - 
#   name: geom_model_reference_level
#   datatype: float32
#   unit: mag
#   description: Magnitude reference level of geometric model
#   meta:
#     ucd: phot.mag;em.opt
# - 
#   name: geom_model_reference_level_error
#   datatype: float32
#   unit: mag
#   description: "Uncertainty of \\texttt{geomModelReferenceLevel}"
#   meta:
#     ucd: stat.error;phot.mag;em.opt
# - 
#   name: geom_model_gaussian1_phase
#   datatype: float32
#   description: Phase of the Gaussian 1 component
#   meta:
#     ucd: time.phase
# - 
#   name: geom_model_gaussian1_phase_error
#   datatype: float32
#   description: "Uncertainty of \\texttt{geomModelGaussian1Phase}"
#   meta:
#     ucd: stat.error;time.phase
# - 
#   name: geom_model_gaussian1_sigma
#   datatype: float32
#   description: "Standard deviation [phase] of Gaussian 1 component"
#   meta:
#     ucd: stat.stdev
# - 
#   name: geom_model_gaussian1_sigma_error
#   datatype: float32
#   description: "Uncertainty of \\texttt{geomModelGaussian1Sigma}"
#   meta:
#     ucd: stat.error
# - 
#   name: geom_model_gaussian1_depth
#   datatype: float32
#   unit: mag
#   description: Magnitude depth of Gaussian 1 component
#   meta:
#     ucd: src.var.amplitude
# - 
#   name: geom_model_gaussian1_depth_error
#   datatype: float32
#   unit: mag
#   description: "Uncertainty of \\texttt{geomModelGaussian1Depth}"
#   meta:
#     ucd: stat.error;src.var.amplitude
# - 
#   name: geom_model_gaussian2_phase
#   datatype: float32
#   description: Phase of Gaussian 2 component
#   meta:
#     ucd: time.phase
# - 
#   name: geom_model_gaussian2_phase_error
#   datatype: float32
#   description: "Uncertainty of \\texttt{geomModelGaussian2Phase}"
#   meta:
#     ucd: stat.error;time.phase
# - 
#   name: geom_model_gaussian2_sigma
#   datatype: float32
[...]
#   datatype: float32
#   description: "Secondary eclipse: uncertainty of \\texttt{derivedSecondaryEclDuration}"
#   meta:
#     ucd: stat.error;time.duration
# - 
#   name: derived_secondary_ecl_depth
#   datatype: float32
#   unit: mag
#   description: "Secondary eclipse: depth"
#   meta:
#     ucd: src.var.amplitude
# - 
#   name: derived_secondary_ecl_depth_error
#   datatype: float32
#   unit: mag
#   description: "Secondary eclipse: uncertainty of \\texttt{derivedSecondaryEclDepth}"
#   meta:
#     ucd: stat.error;src.var.amplitude
solution_id,source_id,global_ranking,reference_time,frequency,frequency_error,geom_model_reference_level,geom_model_reference_level_error,geom_model_gaussian1_phase,geom_model_gaussian1_phase_error,geom_model_gaussian1_sigma,geom_model_gaussian1_sigma_error,geom_model_gaussian1_depth,geom_model_gaussian1_depth_error,geom_model_gaussian2_phase,geom_model_gaussian2_phase_error,geom_model_gaussian2_sigma,geom_model_gaussian2_sigma_error,geom_model_gaussian2_depth,geom_model_gaussian2_depth_error,geom_model_cosine_half_period_amplitude,geom_model_cosine_half_period_amplitude_error,geom_model_cosine_half_period_phase,geom_model_cosine_half_period_phase_error,model_type,num_model_parameters,reduced_chi2,derived_primary_ecl_phase,derived_primary_ecl_phase_error,derived_primary_ecl_duration,derived_primary_ecl_duration_error,derived_primary_ecl_depth,derived_primary_ecl_depth_error,derived_secondary_ecl_phase,derived_secondary_ecl_phase_error,derived_secondary_ecl_duration,derived_secondary_ecl_duration_error,derived_secondary_ecl_depth,derived_secondary_ecl_depth_error
[from data line 147]
375316653866487564,5907859525771879936,0.49684322,2173.9208895504703,0.12880633216241721,9.1763104E-5,18.03028,0.004817863,0.63806087,0.056936607,0.107555166,0.068685256,0.028179664,0.009970073,0.7900921,0.003721788,0.0370863,0.002819831,0.31919846,0.032639198,null,null,null,null,"TWOGAUSSIANS",8,5.7484307,0.7900921,0.003721788,0.2076833,0.015791053,0.32957423,0.030277377,0.64403087,0.38542348,0.4,0.17583774,0.028271876,0.7573875
375316653866487564,5907860762714384640,0.5399704,2123.4386709520613,4.6222995685901065,6.688349E-5,19.527184,0.008362832,0.5226134,1.2632145E-4,0.037574224,3.6593506E-4,0.84396005,0.0132405665,null,null,null,null,null,null,null,null,null,null,"ONEGAUSSIAN",5,4.5085444,0.5226134,1.2632145E-4,0.21041566,0.0020492363,0.84396005,0.0,null,null,null,null,null,null
375316653866487564,5907861106311870208,0.5606684,2130.390133676304,1.3196202683451819,8.2577E-6,18.05913,0.00920912,0.23130631,0.0028947173,0.08105986,0.0058921245,0.4481516,0.04253752,0.7527312,0.002685384,0.083896905,0.0057980097,0.24144126,0.009474278,null,null,null,null,"TWOGAUSSIANS",8,2.612787,0.23130631,0.0028947173,0.4,0.0,0.44375026,0.044716146,0.7527312,0.002685384,0.4,0.0,0.23703994,0.00834978
375316653866487564,5907862210120068992,0.46557224,2134.6037103688327,3.213381777359723,2.775064E-5,18.575146,0.009808825,0.2985559,0.00515876,0.083152324,0.011045086,0.12666938,0.013957553,0.7594227,0.029410562,0.05278912,0.024997551,0.1127991,0.018671865,null,null,null,null,"TWOGAUSSIANS",8,2.973984,0.2985559,0.00515876,0.4,0.0,0.1265787,0.013363014,0.7594227,0.029410562,0.29561907,0.10780338,0.11270846,0.01702658
375316653866487564,5907863683291166720,0.55197316,2164.1815910246637,1.0198064625497552,4.112033E-6,12.248991,0.0032679846,0.2626639,0.09462567,0.12693526,0.13781103,0.0134040825,1.11391203E11,0.88143015,0.0040777046,0.012212229,0.0016317324,0.35445705,0.15555815,null,null,null,null,"TWOGAUSSIANS",8,204.95801,0.88143015,0.004077001,0.068388484,0.009137701,0.35459307,0.15563112,0.2626639,0.09462567,0.4,0.3033911,0.013392626,1.11391203E11
375316653866487564,5907869902405329920,0.4588245,2147.3268773618397,2.522307763712263,9.54149E-5,17.488266,0.038505793,0.26784953,0.0066911797,0.0790238,0.019376662,0.18852885,0.03644001,0.702071,0.023757324,0.1541963,0.102492444,0.122739054,0.13346016,null,null,null,null,"TWOGAUSSIANS",8,21.003967,0.26917952,0.0057743,0.4,0.03480061,0.1771735,0.03122634,0.702071,0.023757324,0.4,0.048525434,0.10888337,0.14546265
375316653866487564,5907870078502267520,0.50221074,2174.375566386174,0.07432595714797777,2.8539655E-5,19.192007,0.08848966,0.18880773,0.030556109,0.20931534,0.1588507,0.10127011,0.08269048,0.5967775,0.02254089,0.10155496,0.018372733,0.28089187,0.05805819,null,null,null,null,"TWOGAUSSIANS",8,1.2681082,0.5967775,0.02254089,0.4,0.0,0.2581638,0.032549843,0.19040772,0.0315253,0.4,0.0,0.061624676,0.025832692
375316653866487564,5907870147221750656,0.44175228,2152.289418501849,4.213616231266784,3.5156503E-5,19.923855,0.020892909,0.1428004,0.07063425,0.025477514,0.03782075,0.31890494,0.5225798,0.66756916,0.05012077,0.08595207,0.061928567,0.15864177,1.1500324,null,null,null,null,"TWOGAUSSIANS",8,3.3224733,0.1428004,0.07063425,0.14267407,0.2117962,0.31890017,0.52229697,0.66756916,0.05012077,0.4,0.24758486,0.15863697,1.1500753
375316653866487564,5907873205246539648,0.4482977,2154.299990539816,3.042613103453407,2.9784267E-5,17.955395,0.02684917,0.17108011,0.0047842115,0.09550708,0.017373182,0.17930807,0.018639954,0.6288766,0.010224944,0.11151131,0.018441346,0.14153987,0.032136183,null,null,null,null,"TWOGAUSSIANS",8,5.050705,0.1711401,0.0047556576,0.4,0.0,0.16917703,0.010770678,0.6288766,0.010224944,0.4,0.0,0.13137862,0.026572661
375316653866487564,5907879733594717184,0.5071067,2131.8635510420886,2.8946159898916535,9.920864E-6,15.397509,0.031812277,0.24199134,0.003778264,0.099492334,0.012385143,0.21329887,0.02965725,0.7571142,0.005647181,0.12112127,0.018808898,0.21274465,0.028055718,null,null,null,null,"TWOGAUSSIANS",8,54.69703,0.24192135,0.0037103398,0.4,0.0,0.18566388,0.009271013,0.7571142,0.00564228,0.4,0.0,0.18501584,0.015887478
375316653866487564,5907880725721787008,0.5448136,2125.7552212632663,3.5872831898396154,2.0331398E-5,19.325289,0.017514018,0.28871796,0.0034626934,0.0781088,0.004854935,0.350522,0.022670187,0.78592277,0.0034392874,0.071179844,0.005946866,0.39011082,0.023885231,null,null,null,null,"TWOGAUSSIANS",8,1.7121223,0.78592277,0.0034392874,0.3986071,0.024192406,0.387575,0.023897974,0.28871796,0.0034626934,0.4,0.0,0.34798616,0.02192601
375316653866487564,5907881726457127040,0.5428688,2147.500541967372,1.5415917078740766,9.570938E-6,16.974977,0.004428976,0.14856389,0.03145553,0.033790562,0.020072939,0.044091854,0.20706375,0.63966465,0.0010085073,0.040554907,0.002540991,0.16481844,0.0047735563,null,null,null,null,"TWOGAUSSIANS",8,7.7491865,0.63966465,0.0010085073,0.22710748,0.014229549,0.16481844,0.0047735563,0.14856389,0.03145553,0.18922715,0.11240846,0.044091854,0.20706375
375316653866487564,5907886742970849024,0.52537143,2149.8098861403732,0.2381295604998005,5.957832E-5,18.616217,0.00399012,0.23775958,0.023389988,0.046609093,0.013871357,0.047771826,0.013088023,0.7769701,2.3062072E-4,0.026066305,6.545172E-4,0.723954,0.04540742,null,null,null,null,"TWOGAUSSIANS",8,2.9700248,0.7769701,2.3062072E-4,0.14597131,0.0036652964,0.723954,0.04540742,0.23775958,0.023389988,0.26101092,0.0776796,0.047771826,0.013088023
375316653866487564,5907888048651454336,0.555528,2134.445624770906,3.7671867388000524,1.548474E-5,19.261951,0.013192837,0.20062883,0.0039244927,0.0793237,0.0064841886,0.46618575,0.024529468,0.69692194,0.0034474994,0.07852259,0.0055597993,0.40598515,0.015904075,null,null,null,null,"TWOGAUSSIANS",8,1.7712126,0.20062883,0.0039244927,0.4,0.0,0.4608357,0.025022417,0.69692194,0.0034474994,0.4,0.0,0.4006351,0.015266263
375316653866487564,5907888186080976768,0.4990188,2167.2920898692914,2.91652985586076,2.9377114E-5,19.157915,0.027034692,0.2030875,0.011403979,0.080866076,0.018555734,0.25147948,0.049822185,0.6982666,0.008344825,0.078752,0.015660677,0.2736403,0.024091255,null,null,null,null,"TWOGAUSSIANS",8,3.1332285,0.6982666,0.008344825,0.4,0.0,0.2701126,0.020373102,0.2030875,0.011403979,0.4,0.0,0.24795176,0.049675852
375316653866487564,5907888220450144640,0.4442323,2164.620633479615,0.573443229111748,5.3692453E-5,18.323969,0.007015042,0.046056893,0.013482197,0.009516803,0.009491328,0.026633423,0.010062732,0.6049319,0.005856871,0.022297654,0.005525392,0.10821265,0.021706907,null,null,null,null,"TWOGAUSSIANS",8,3.5460472,0.6049319,0.005856871,0.124866866,0.030942196,0.10821265,0.021706907,0.046056893,0.013482197,0.053294092,0.053151436,0.026633423,0.010062732
375316653866487564,5907889354312120192,0.45375603,2146.8435148128883,0.053044317102863885,6.606497E-5,19.712238,0.061069697,0.2039456,0.09760527,0.1847033,0.14386828,0.1737177,0.038001515,0.5435454,0.06544862,0.09988518,0.028787117,0.25391233,0.07334095,null,null,null,null,"TWOGAUSSIANS",8,1.7610661,0.5435454,0.06544862,0.4,0.0,0.26035002,0.05401516,0.21033561,0.10141778,0.4,0.0,0.14868805,0.031271636
375316653866487564,5907889487455476480,0.487355,2142.6601848813752,0.23107043657131335,4.641719E-5,17.241375,0.0041894633,0.4200885,0.0034327751,0.026364883,0.004354883,0.078417644,0.011022873,0.7692807,0.0074268878,0.020750396,0.004319812,0.2815962,0.053275637,null,null,null,null,"TWOGAUSSIANS",8,15.885986,0.7692807,0.0074268878,0.11620222,0.02419095,0.2815962,0.053275637,0.4200885,0.0034327751,0.14764334,0.024387345,0.078417644,0.011022873
375316653866487564,5907889766636121472,0.63048977,2176.2228902174934,4.532440567944503,5.247935E-6,16.821333,0.01947007,0.22370917,0.0010426958,0.059927687,0.0044619692,0.37183583,0.04344846,0.7336087,0.0072765024,0.061160576,0.0094009815,0.15487385,0.049467225,0.06204237,0.027770275,0.22370917,0.0010426958,"TWOGAUSSIANS_WITH_ELLIPSOIDAL_ON_ECLIPSE1",9,7.8359427,0.22370917,0.0010426958,0.33559504,0.024987027,0.49583948,0.021659099,0.7336087,0.0072765024,0.34249923,0.052645497,0.27839804,0.020401375
375316653866487564,5907892893372336512,0.5087629,2147.150909016074,1.5195767372290587,1.3849238E-5,17.52748,0.010664143,0.30668032,0.012864198,0.030571112,0.010584762,0.40698555,0.061598856,0.813303,0.015700782,0.016313192,0.016573953,0.09961319,11.182685,0.02083852,0.018167865,0.30668032,0.012864198,"TWOGAUSSIANS_WITH_ELLIPSOIDAL_ON_ECLIPSE1",9,32.58512,0.30668032,0.012864198,0.17119823,0.05927467,0.44866258,0.040784724,0.813303,0.015651753,0.09135387,0.09281413,0.14121808,11.199039
375316653866487564,5907897222699197824,0.59397966,2129.396800251703,0.6550711553043093,8.9616646E-5,17.710136,0.0053821225,0.2997368,0.0016650489,0.033218008,0.002488887,0.68354905,0.036369592,0.7000392,0.029005285,0.06313326,0.035656426,0.033427212,0.019356128,null,null,null,null,"TWOGAUSSIANS",8,6.712419,0.2997368,0.0016650489,0.18602084,0.013937768,0.68354905,0.036369596,0.7000392,0.029005285,0.35354626,0.16046174,0.03342721,0.019356264
375316653866487564,5907897738087164544,0.4663605,2149.149926308621,0.25834145308893364,2.5000018E-5,19.865145,0.05741187,0.19472452,0.0031144768,0.037345096,0.001736504,0.8694696,0.06877285,0.6407635,0.031733528,0.21935323,0.09880977,0.1182196,0.05143266,null,null,null,null,"TWOGAUSSIANS",8,1.9500091,0.19485451,0.0030533692,0.20913254,0.009724422,0.86542165,0.06782407,0.6407635,0.031733528,0.4,0.0,0.0943445,0.017532082
375316653866487564,5907898524065884288,0.5941877,2144.4028780792232,2.296362786795385,1.1174678E-5,11.802331,0.0778704,0.1008539,0.009295492,0.1776466,0.049251184,0.1390063,0.07628191,0.5603274,0.0080885785,0.13628249,0.011470877,0.18922175,0.056711342,null,null,null,null,"TWOGAUSSIANS",8,30.88517,0.5603274,0.0080885785,0.4,0.0,0.12528184,0.003320289,0.104323894,0.008546768,0.4,0.0,0.0695473,0.003959941
375316653866487564,5907899726656726272,0.56227136,2162.4419808925136,0.6978608228989969,1.917382E-5,13.858355,0.0023556242,0.25042844,0.004919449,0.024830092,0.0031264916,0.43249074,0.1374152,null,null,null,null,null,null,0.015162346,0.003649319,0.25042844,0.004919449,"ONEGAUSSIAN_WITH_ELLIPSOIDAL",6,97.65917,0.25042844,0.004919449,0.13904852,0.017508352,0.4628154,0.1377621,null,null,null,null,null,null
375316653866487564,5907899902752019072,0.55465907,2146.360145007189,1.4886782472920221,4.6978534E-5,19.445328,0.013204019,0.3049171,0.0032611012,0.044225037,0.0055882554,0.5431724,0.067302406,0.8043347,0.004650344,0.03338047,0.0040104534,0.69043833,0.07253022,0.06546272,0.023507122,0.3049171,0.0032611012,"TWOGAUSSIANS_WITH_ELLIPSOIDAL_ON_ECLIPSE1",9,5.3204966,0.8043447,0.0046032225,0.18693064,0.022458538,0.8213619,0.07202772,0.3049171,0.0032611012,0.2476602,0.03129423,0.6740977,0.068753175
375316653866487564,5907901380229918208,0.45195293,2153.454000368796,0.02658256702074007,2.755E-5,18.199919,0.009543109,0.23175542,0.0055965115,0.0655224,0.015545346,0.2303204,0.20475635,0.74344456,0.0064385347,0.05362557,0.0068571963,0.142737,0.022468349,null,null,null,null,"TWOGAUSSIANS",8,4.90508,0.23175542,0.0055965115,0.36692545,0.0781817,0.23028386,0.20482579,0.74344456,0.0064385347,0.30030316,0.0384003,0.14270046,0.022443619
375316653866487564,5907904743179554048,0.5576526,2134.8008676802137,3.267522441519909,1.2670503E-5,17.858183,0.007972215,0.23486643,0.003516513,0.08267776,0.0041508656,0.31990847,0.01451328,0.7386909,0.004612411,0.085661985,0.0056809797,0.32350552,0.023302032,null,null,null,null,"TWOGAUSSIANS",8,6.769312,0.7386909,0.004612411,0.4,0.0,0.31620464,0.02410746,0.23486643,0.003516513,0.4,0.0,0.3126076,0.015150626
375316653866487564,5907905361655043456,0.46372944,2113.5278950050365,3.8779780209001338,8.055149E-5,18.027397,0.007364125,0.38245735,0.02554072,0.03194762,0.025114467,0.06691918,1.9781697,0.631538,0.018804526,0.041197766,0.013760213,1.1670965,0.9873546,null,null,null,null,"TWOGAUSSIANS",8,16.449883,0.631538,0.018804526,0.2307075,0.07705719,1.1670965,0.9873546,0.38245735,0.025540909,0.17890666,0.14064102,0.06691919,1.9781696
375316653866487564,5907907491959147264,0.5745994,2139.7797269961784,3.899429614826902,1.4791943E-5,18.725058,0.008911278,0.3141559,0.0042915684,0.069121204,0.0037525394,0.5358283,0.030586036,0.8157177,0.0027828652,0.07724298,0.0037039786,0.38806757,0.010221281,null,null,null,null,"TWOGAUSSIANS",8,2.3865821,0.3141559,0.0042915684,0.38707876,0.021014221,0.53328943,0.030466994,0.8157177,0.0027828652,0.4,0.0,0.3855287,0.009797218
375316653866487564,5907908660190432896,0.4690886,2141.1267608668445,3.3170607360702826,2.8266746E-5,18.525576,0.028182155,0.2902895,0.011271914,0.12142114,0.027025996,0.13433796,0.026894856,0.78046703,0.0072197644,0.088392586,0.016215336,0.16258064,0.027450211,null,null,null,null,"TWOGAUSSIANS",8,2.624228,0.78046703,0.0072197644,0.4,0.0,0.14771521,0.014080472,0.2902895,0.011271914,0.4,0.0,0.119413786,0.009157584
375316653866487564,5907909386046664448,0.4395658,2159.2613437160167,0.20504802434090788,1.422251E-4,17.708078,0.0035661447,0.24709935,0.011734065,0.06995366,0.0106214015,0.0800168,0.010172112,0.81617665,0.0022252786,0.025507195,0.0041442257,0.04878423,0.0019927898,null,null,null,null,"TWOGAUSSIANS",8,5.466623,0.24709935,0.011734065,0.39174047,0.055409964,0.08001679,0.010172114,0.81617665,0.0022252786,0.1428403,0.023207664,0.048784226,0.0019927854
375316653866487564,5907910348119348736,0.5895136,2158.9425546156226,2.723738972672853,7.594986E-6,17.34594,0.016577503,0.26189464,0.002410162,0.0546025,0.006153422,0.24942815,0.03504776,0.7566364,0.015525541,0.04303118,0.01050765,0.4274579,0.2006468,0.12697598,0.018439677,0.26189464,0.002410162,"TWOGAUSSIANS_WITH_ELLIPSOIDAL_ON_ECLIPSE1",9,9.32288,0.75705636,0.014401413,0.24097459,0.058842838,0.6811477,0.20055312,0.26189464,0.002410162,0.305774,0.034459163,0.5033729,0.012714461
375316653866487564,5907912203545402624,0.5322441,2148.0842795756867,3.257876800263746,1.8566645E-5,16.360119,0.11111655,0.30189022,0.0042420174,0.12006297,0.038321543,0.19305736,0.1046251,0.79943866,0.0042647757,0.12130837,0.031486873,0.22976375,0.10913504,null,null,null,null,"TWOGAUSSIANS",8,14.858818,0.79943866,0.0042647757,0.4,0.0,0.18160138,0.008578273,0.30191022,0.0042794524,0.4,0.0,0.14492291,0.012111877
375316653866487564,5907915944456301952,0.51269215,2120.934723290674,3.5223147818948433,2.7193033E-5,18.880016,0.018322932,0.15266779,0.010282305,0.094739266,0.013441385,0.27367628,0.031161334,0.64779174,0.0035600513,0.08340644,0.006421694,0.37421328,0.031689856,null,null,null,null,"TWOGAUSSIANS",8,4.006919,0.64779174,0.0035600513,0.4,0.0,0.36285272,0.03089856,0.15266779,0.010282305,0.4,0.0,0.2623152,0.032263756
375316653866487564,5907917323146711040,0.5092229,2130.5172518778263,0.03724258972672473,2.73282E-5,18.042524,0.004026032,0.08268761,0.009274106,0.03700363,0.007510408,0.23193364,0.15334943,0.5106159,0.0074165515,0.0854584,0.0061391806,0.25852373,0.03183109,null,null,null,null,"TWOGAUSSIANS",8,1.9607816,0.5106159,0.0074165515,0.4,0.0,0.25851533,0.031836793,0.08268761,0.009274106,0.20722032,0.042058285,0.23192616,0.15336306
375316653866487564,5907918250855101184,0.4680609,2086.084335950008,4.08481752312478,1.587771E-5,19.423145,0.013973275,0.23413675,0.0036535005,0.07689757,0.0069100424,0.38430235,0.052691028,0.75057065,0.0055962256,0.0690844,0.00614692,0.9029985,0.21974814,null,null,null,null,"TWOGAUSSIANS",8,1.9655962,0.75057065,0.0055962256,0.38687262,0.028103363,0.9008171,0.22072092,0.23413675,0.0036535005,0.4,0.0,0.38212094,0.0534019
