Gaia/vari_eclipsing_binary/VariEclipsingBinary_708792-709048.csv
# %ECSV 1.0
# ---
# delimiter: ','
# meta: !!omap
# - RELEASE: Gaia DR3
# - TABLE: vari_eclipsing_binary
# - DESCRIPTION: >
#     This table describes the properties of the eclipsing binaries resulting from the variability analysis. 
# - CITATION: >
#     How to cite and acknowledge Gaia: 
#     https://gea.esac.esa.int/archive/documentation/credits.html 
# - KNOWN_ISSUES: >
#     Known issues: 
#     https://www.cosmos.esa.int/web/gaia-users/known-issues 
# - DOCUMENTATION: >
#     Tutorials and documentation: 
#     https://www.cosmos.esa.int/web/gaia-users/archive 
# datatype:
# - 
#   name: solution_id
#   datatype: int64
#   description: Solution Identifier
#   meta:
#     ucd: meta.version
# - 
#   name: source_id
#   datatype: int64
#   description: Unique source identifier
#   meta:
#     ucd: meta.id;meta.main
# - 
#   name: global_ranking
#   datatype: float32
#   description: Number between 0 (worst) and 1 (best)
#   meta:
#     ucd: stat.param
# - 
#   name: reference_time
#   datatype: float64
#   unit: d
#   description: Reference time used for the geometric model fit
#   meta:
#     ucd: time.epoch
# - 
#   name: frequency
#   datatype: float64
#   unit: d**-1
#   description: Frequency of geometric model of the eclipsing binary light curve
#   meta:
#     ucd: src.orbital
# - 
#   name: frequency_error
#   datatype: float32
#   unit: d**-1
#   description: "Uncertainty of \\texttt{frequency}"
#   meta:
#     ucd: stat.error
# - 
#   name: geom_model_reference_level
#   datatype: float32
#   unit: mag
#   description: Magnitude reference level of geometric model
#   meta:
#     ucd: phot.mag;em.opt
# - 
#   name: geom_model_reference_level_error
#   datatype: float32
#   unit: mag
#   description: "Uncertainty of \\texttt{geomModelReferenceLevel}"
#   meta:
#     ucd: stat.error;phot.mag;em.opt
# - 
#   name: geom_model_gaussian1_phase
#   datatype: float32
#   description: Phase of the Gaussian 1 component
#   meta:
#     ucd: time.phase
# - 
#   name: geom_model_gaussian1_phase_error
#   datatype: float32
#   description: "Uncertainty of \\texttt{geomModelGaussian1Phase}"
#   meta:
#     ucd: stat.error;time.phase
# - 
#   name: geom_model_gaussian1_sigma
#   datatype: float32
#   description: "Standard deviation [phase] of Gaussian 1 component"
#   meta:
#     ucd: stat.stdev
# - 
#   name: geom_model_gaussian1_sigma_error
#   datatype: float32
#   description: "Uncertainty of \\texttt{geomModelGaussian1Sigma}"
#   meta:
#     ucd: stat.error
# - 
#   name: geom_model_gaussian1_depth
#   datatype: float32
#   unit: mag
#   description: Magnitude depth of Gaussian 1 component
#   meta:
#     ucd: src.var.amplitude
# - 
#   name: geom_model_gaussian1_depth_error
#   datatype: float32
#   unit: mag
#   description: "Uncertainty of \\texttt{geomModelGaussian1Depth}"
#   meta:
#     ucd: stat.error;src.var.amplitude
# - 
#   name: geom_model_gaussian2_phase
#   datatype: float32
#   description: Phase of Gaussian 2 component
#   meta:
#     ucd: time.phase
# - 
#   name: geom_model_gaussian2_phase_error
#   datatype: float32
#   description: "Uncertainty of \\texttt{geomModelGaussian2Phase}"
#   meta:
#     ucd: stat.error;time.phase
# - 
#   name: geom_model_gaussian2_sigma
#   datatype: float32
[...]
#   datatype: float32
#   description: "Secondary eclipse: uncertainty of \\texttt{derivedSecondaryEclDuration}"
#   meta:
#     ucd: stat.error;time.duration
# - 
#   name: derived_secondary_ecl_depth
#   datatype: float32
#   unit: mag
#   description: "Secondary eclipse: depth"
#   meta:
#     ucd: src.var.amplitude
# - 
#   name: derived_secondary_ecl_depth_error
#   datatype: float32
#   unit: mag
#   description: "Secondary eclipse: uncertainty of \\texttt{derivedSecondaryEclDepth}"
#   meta:
#     ucd: stat.error;src.var.amplitude
solution_id,source_id,global_ranking,reference_time,frequency,frequency_error,geom_model_reference_level,geom_model_reference_level_error,geom_model_gaussian1_phase,geom_model_gaussian1_phase_error,geom_model_gaussian1_sigma,geom_model_gaussian1_sigma_error,geom_model_gaussian1_depth,geom_model_gaussian1_depth_error,geom_model_gaussian2_phase,geom_model_gaussian2_phase_error,geom_model_gaussian2_sigma,geom_model_gaussian2_sigma_error,geom_model_gaussian2_depth,geom_model_gaussian2_depth_error,geom_model_cosine_half_period_amplitude,geom_model_cosine_half_period_amplitude_error,geom_model_cosine_half_period_phase,geom_model_cosine_half_period_phase_error,model_type,num_model_parameters,reduced_chi2,derived_primary_ecl_phase,derived_primary_ecl_phase_error,derived_primary_ecl_duration,derived_primary_ecl_duration_error,derived_primary_ecl_depth,derived_primary_ecl_depth_error,derived_secondary_ecl_phase,derived_secondary_ecl_phase_error,derived_secondary_ecl_duration,derived_secondary_ecl_duration_error,derived_secondary_ecl_depth,derived_secondary_ecl_depth_error
375316653866487564,6234606485729352064,0.4872484,2066.8863031979604,2.1189531891131836,2.8228478E-5,17.204924,0.014336852,0.32426533,0.01116694,0.10234323,0.0110791065,0.2570733,0.02429128,0.75071174,0.05668151,0.09471944,0.03389219,0.047987815,0.022874761,null,null,null,null,"TWOGAUSSIANS",8,18.728468,0.32426533,0.0111586135,0.4,0.0,0.25389698,0.022518784,0.75071174,0.05668151,0.4,0.0,0.04485324,0.01966512
375316653866487564,6234610196581253504,0.49086925,2104.5287075067563,0.6210154211702539,3.7034995E-5,16.56288,0.011436543,0.7266341,0.01794565,0.025006529,0.0118057635,0.2486486,0.08895797,null,null,null,null,null,null,0.018702103,0.014883874,0.7266341,0.01794565,"ONEGAUSSIAN_WITH_ELLIPSOIDAL",6,38.78251,0.7266341,0.01794565,0.14003655,0.06611227,0.28605276,0.09549978,null,null,null,null,null,null
375316653866487564,6234611429232913792,0.5024657,2121.704125991599,3.6755752026783957,5.508716E-5,17.778801,0.10782418,0.18322945,0.010851573,0.07098379,0.016811866,0.25824094,0.0720995,0.70643336,0.012816227,0.16881879,0.10256441,0.1483837,0.101659864,null,null,null,null,"TWOGAUSSIANS",8,10.075414,0.18275945,0.01052393,0.39750922,0.063810386,0.23384234,0.03041279,0.70643336,0.012816227,0.4,0.0,0.12001192,0.017682385
375316653866487564,6234616518773517056,0.60913795,2125.0554276929242,1.5499076088501176,5.601561E-6,16.174114,0.0053425888,0.24102366,0.004947428,0.09681033,0.008942941,0.12373471,0.005082567,0.7311589,0.0017952248,0.08691974,0.0034965042,0.16902737,0.0045952876,null,null,null,null,"TWOGAUSSIANS",8,3.827171,0.7311589,0.0017952248,0.4,0.0,0.16295598,0.002275314,0.24102366,0.004947428,0.4,0.0,0.11766291,0.0046156785
375316653866487564,6234631941997437952,0.5251556,2126.2571198656933,0.9400597693731282,1.11799054E-4,19.130232,0.14470908,0.30409986,0.010148108,0.2208339,0.10126111,0.22488505,0.14109397,0.78816754,0.0061269957,0.07482902,0.0071664597,0.6429425,0.06029263,null,null,null,null,"TWOGAUSSIANS",8,2.1898634,0.78816754,0.0061269957,0.4,0.012864433,0.5777535,0.009940528,0.30409986,0.010148108,0.4,0.0,0.124680646,0.0110495705
375316653866487564,6234639088823041792,0.5844363,2122.7200239158287,4.2813330231936915,1.7616945E-5,19.087637,0.005394638,0.23581937,0.007763192,0.06955961,0.0053053135,0.33392945,0.02838278,0.7329141,0.0036762513,0.07062295,0.003939838,0.35301065,0.0068244566,null,null,null,null,"TWOGAUSSIANS",8,0.8231611,0.7329141,0.0036762513,0.39548853,0.010608635,0.35190874,0.006620528,0.23581937,0.007763192,0.38953382,0.025473498,0.33282754,0.028446978
375316653866487564,6234641395224108288,0.5605179,2126.2984185823348,0.5028074569060136,1.8070767E-5,14.500284,0.0010251227,0.21639651,0.0061399825,0.034309827,0.008990653,0.0023228182,0.002492252,0.7081095,0.023522155,0.032610603,0.0123795,0.08074331,1.0044652,0.0106805805,0.0013823238,0.21639651,0.0061399825,"TWOGAUSSIANS_WITH_ELLIPSOIDAL_ON_ECLIPSE1",9,3.3428495,0.7082895,0.023280645,0.18261936,0.0693252,0.10204787,1.0046873,0.21639651,0.0061399825,0.19213502,0.050347656,0.023683975,6.2649796E-4
375316653866487564,6234656960185484672,0.5368491,2138.585214334139,1.655119655960253,1.124812E-5,17.154446,0.001960171,0.7335607,0.0029999414,0.05663148,0.08369008,0.0069251433,0.009918515,null,null,null,null,null,null,0.05747322,0.0032953871,0.7335607,0.0029999414,"ONEGAUSSIAN_WITH_ELLIPSOIDAL",6,2.7276936,0.7335607,0.0029999414,0.3171363,0.12781481,0.12187115,0.008690681,null,null,null,null,null,null
375316653866487564,6234659743324422656,0.5972556,2161.6055010911473,4.169869338592283,8.441629E-6,15.25538,0.006166179,0.24054879,0.0018642191,0.081985384,0.0040600356,0.40339938,0.020815521,0.74478656,0.0029530572,0.07844528,0.0028186997,0.4488805,0.008708612,null,null,null,null,"TWOGAUSSIANS",8,42.69672,0.74478656,0.0029530572,0.4,0.0,0.44279718,0.008444042,0.24054879,0.0018642191,0.4,0.0,0.39731604,0.021968411
375316653866487564,6234664553687665408,0.5435578,2130.1783765587984,1.0860481668564799,7.952486E-6,17.924484,0.013521425,0.32906651,0.0035081597,0.032127634,0.0046092877,0.36136177,0.017471,0.82698655,0.0020552743,0.027135767,0.0039595747,0.41519794,0.066094555,null,null,null,null,"TWOGAUSSIANS",8,11.3385515,0.82698655,0.0020552743,0.1519603,0.022173619,0.41519794,0.066094555,0.32906651,0.0035081597,0.17991476,0.025812011,0.36136177,0.017471
375316653866487564,6234680393527077504,0.4811386,2139.077302140884,0.834768331726999,3.4539407E-5,18.725468,0.0038917612,0.35057187,0.0017316919,0.013676847,0.003366505,0.33171335,0.2883183,0.7749452,0.017260212,0.039889317,0.029227024,0.074896805,5.3800058E8,0.028561212,0.0041448483,0.7749452,0.017260212,"TWOGAUSSIANS_WITH_ELLIPSOIDAL_ON_ECLIPSE2",9,1.5001744,0.3504119,0.0016213222,0.076590344,0.018852428,0.37690392,0.29082865,0.7749452,0.017260212,0.22338018,0.16367134,0.13201922,5.3800058E8
375316653866487564,6234682828769375616,0.47640473,2138.0664498520937,0.6478659240833211,3.130555E-5,19.335285,0.0029987288,0.36904216,0.043630183,0.04846564,0.026014913,0.10647012,0.24640425,0.8632282,2.6174766E-4,0.011029949,2.5864338E-4,0.37000754,0.014333493,null,null,null,null,"TWOGAUSSIANS",8,0.9078829,0.8632282,2.6174766E-4,0.061767716,0.001448403,0.37000754,0.014333493,0.36904216,0.043630183,0.27140757,0.14568351,0.10647012,0.24640425
375316653866487564,6234694171781506432,0.5714584,2043.4109099317682,2.193795356195392,1.2771473E-5,15.87532,0.050168265,0.2983319,0.005354344,0.059566863,0.023477536,0.08432003,0.105272576,0.76346236,0.015851904,0.06570824,0.011109796,0.43472737,0.0655527,0.045880478,0.053820416,0.2983319,0.005354344,"TWOGAUSSIANS_WITH_ELLIPSOIDAL_ON_ECLIPSE1",9,43.047962,0.76574236,0.012924374,0.36796615,0.038359754,0.52238333,0.044383988,0.2983319,0.005354344,0.33357444,0.09683034,0.1760316,0.012217062
375316653866487564,6234699768120867072,0.59734666,2137.715507716992,3.7467438847438914,7.743538E-6,16.269917,0.008494819,0.21535823,0.0021071557,0.07154532,0.0022334643,0.63618886,0.01583121,0.71845734,0.005362195,0.07081436,0.004392434,0.4788338,0.016161136,null,null,null,null,"TWOGAUSSIANS",8,39.070454,0.21535823,0.0021071557,0.4,0.0063447785,0.6340464,0.015615865,0.71845734,0.005362195,0.39656043,0.011966701,0.47669128,0.015973037
375316653866487564,6234705574917493248,0.60728776,2071.4592417799226,1.7697213652133554,6.533281E-5,17.429815,0.008697964,0.23530181,0.012071534,0.028186133,0.022692945,0.14398468,3.63905499E14,0.737581,0.0014091461,0.0367188,0.0017593289,0.8244019,0.046869796,0.03107836,0.01451888,0.23530181,0.012071534,"TWOGAUSSIANS_WITH_ELLIPSOIDAL_ON_ECLIPSE1",9,19.137632,0.737581,0.0013815403,0.20562528,0.009852242,0.88654584,0.049762864,0.23530181,0.012071534,0.15784235,0.12708049,0.20614131,3.63905499E14
375316653866487564,6234707464702137600,0.51999533,2128.063134279323,3.884293322315247,2.080003E-5,18.35606,0.02275749,0.20349415,0.00795959,0.090158895,0.015068247,0.17887112,0.021741211,0.71463764,0.006008735,0.10471525,0.012822117,0.21094252,0.022174824,null,null,null,null,"TWOGAUSSIANS",8,3.124409,0.71463764,0.006008735,0.4,0.0,0.19844252,0.013477444,0.20349415,0.007963917,0.4,0.0,0.16637634,0.0123990495
375316653866487564,6234710527013685248,0.42448714,2079.4833238357796,2.3848464384891574,4.3788423E-5,18.148582,0.04849624,0.29083112,0.019463899,0.1985754,0.10093633,0.08120509,0.043540083,0.6503754,0.004406204,0.013527165,0.0083049,0.07292341,0.082406364,null,null,null,null,"TWOGAUSSIANS",8,4.1004944,0.6503754,0.004406204,0.075752124,0.04650744,0.082314305,0.0834406,0.29083112,0.019463899,0.4,0.0,0.07438378,0.013161813
375316653866487564,6234712004482489984,0.5140935,2133.6893709230003,4.009438610240145,1.7587452E-5,19.773197,0.022752928,0.2821251,0.0066470075,0.091232404,0.011782254,0.46146786,0.03629067,0.750332,0.007938144,0.08548473,0.008807794,0.5088394,0.07332946,null,null,null,null,"TWOGAUSSIANS",8,1.7482747,0.750332,0.007938144,0.4,0.0,0.49839652,0.07502672,0.2821251,0.0066470075,0.4,0.0,0.4510242,0.03934351
375316653866487564,6234720658842864000,0.5178578,2069.085295943463,3.105519073138537,2.7975695E-5,15.606292,0.060789905,0.28613392,0.005493889,0.1247316,0.04089096,0.104938105,0.055790626,0.7906665,0.005559844,0.13017373,0.044851936,0.10402389,0.058158714,null,null,null,null,"TWOGAUSSIANS",8,9.651147,0.2860639,0.005435755,0.4,0.0,0.07561289,0.012108203,0.7907165,0.0055539347,0.4,0.0,0.07463611,0.004353909
375316653866487564,6234721380397363328,0.55330133,2154.327961917189,3.809350659588538,2.9952422E-5,17.97194,0.005616162,0.21372698,0.004092114,0.06330262,0.043553405,0.043077752,0.10141231,0.7371658,0.0033229075,0.028425707,0.0037253508,0.16655748,0.015463579,0.10997118,0.0074721766,0.21372698,0.004092114,"TWOGAUSSIANS_WITH_ELLIPSOIDAL_ON_ECLIPSE1",9,8.100487,0.7371658,0.0033229075,0.15918396,0.020861965,0.38174555,0.013693032,0.21372698,0.004092114,0.3544947,0.19684713,0.26300168,0.10243101
375316653866487564,6234729905909810176,0.47147268,2110.9444419411298,1.9565574710587978,1.58665E-5,17.301094,0.0042467555,0.21974808,0.0044804444,0.07304178,0.007395608,0.098216295,0.0108635165,0.7044203,0.011535134,0.077248506,0.013635058,0.062009964,0.00958043,null,null,null,null,"TWOGAUSSIANS",8,3.6085112,0.21974808,0.0044804444,0.4,0.014170532,0.097783774,0.010958896,0.7044203,0.011535134,0.4,0.0057223435,0.061577443,0.00977018
375316653866487564,6234734608896920192,0.5432998,2089.7804134586027,0.05989647157757379,2.1146092E-5,18.544764,0.0064981715,0.33034074,0.00460412,0.07802588,0.007843637,0.28000408,0.022886299,0.77167183,0.010160651,0.06406844,0.0057226755,0.23159929,0.02157788,null,null,null,null,"TWOGAUSSIANS",8,1.9416851,0.33034074,0.00460412,0.4,0.0,0.27977902,0.02305414,0.77167183,0.010160651,0.35878325,0.03204698,0.23137423,0.021518039
375316653866487564,6234737563834589312,0.44343457,2083.480409271956,2.2895462034187037,3.0000141E-5,18.268301,0.0055417125,null,null,null,null,null,null,null,null,null,null,null,null,0.048000917,0.007995446,0.25002033,0.012297983,"ELLIPSOIDAL",4,4.943781,null,null,null,null,null,null,null,null,null,null,null,null
375316653866487564,6234747841692991616,0.63907605,2133.2460012777215,0.2773407418855205,8.139324E-6,15.837861,0.008887209,0.37419388,0.0016508623,0.01470597,0.0013294169,0.26342762,0.010280196,0.71847504,0.058227133,0.13622545,0.17250335,0.008720546,0.00813457,null,null,null,null,"TWOGAUSSIANS",8,6.4058104,0.3742039,0.0016477865,0.08235343,0.0074447347,0.26376474,0.010390167,0.71847504,0.058227133,0.4,0.0,0.008699833,0.003290523
375316653866487564,6234750659192090240,0.547694,2120.790723889416,1.5060216188794806,2.4284129E-5,13.767939,0.0087386025,0.32962382,0.006479857,0.08819695,0.012812957,0.15871444,0.008943736,0.82180214,0.0046656933,0.083314836,0.009041927,0.10052322,0.0087069785,null,null,null,null,"TWOGAUSSIANS",8,30.451889,0.32962382,0.006479857,0.4,0.0,0.15554965,0.0058212713,0.82180214,0.0046656933,0.4,0.0,0.09735846,0.0053599915
375316653866487564,6234752480258228608,0.48469654,2143.605131431754,2.579803318731047,2.9853036E-5,18.300442,0.0059209494,0.42291266,0.043345645,0.048610803,0.030606419,0.31246632,13.487403,0.6665934,0.004351138,0.046890177,0.008753174,0.11940876,0.026273664,null,null,null,null,"TWOGAUSSIANS",8,7.0609508,0.42291266,0.043345645,0.2722205,0.17139594,0.3124665,13.487403,0.6665934,0.004351138,0.26258498,0.049017776,0.119409844,0.026273811
375316653866487564,6234752480258229120,0.5537324,2172.5406751923656,3.157355862397337,1.0047095E-5,14.275129,0.015640534,0.31814283,0.0016504138,0.07392854,0.0074577546,0.267739,0.007602561,0.82582784,0.0050837123,0.078983106,0.0063844966,0.30507654,0.02777252,null,null,null,null,"TWOGAUSSIANS",8,192.05348,0.82582784,0.0050837123,0.4,0.0,0.3027638,0.027108498,0.31814283,0.0016504138,0.4,0.0017327925,0.26542625,0.0074148723
375316653866487564,6234764128208878336,0.580103,2070.5666032030936,2.7281262586454114,1.0550112E-5,17.140188,0.014193391,0.21520805,0.0050478214,0.07676573,0.007116837,0.25210163,0.014440644,0.6960165,0.0026060105,0.08007236,0.011175648,0.3089275,0.03077957,null,null,null,null,"TWOGAUSSIANS",8,8.801798,0.6960165,0.0026060105,0.4,0.0,0.30659488,0.03340863,0.21520805,0.0050478214,0.4,0.0,0.24976902,0.012124374
375316653866487564,6234768796836526592,0.5245282,2103.672544668637,3.391577783745488,2.6775388E-5,18.33523,0.009133222,0.74604076,0.004457955,0.024714433,0.015454101,0.103926964,4.8310065,null,null,null,null,null,null,0.13298085,0.013534318,0.74604076,0.004457955,"ONEGAUSSIAN_WITH_ELLIPSOIDAL",6,13.133272,0.74604076,0.004457955,0.13840082,0.08654297,0.36988863,4.835142,null,null,null,null,null,null
375316653866487564,6234786908715825280,0.4894835,2154.82761711093,4.35391710840804,6.205755E-5,16.265448,0.004322713,0.51179224,0.04735373,0.041001514,0.028307848,0.04262616,0.061339915,0.8546708,0.0046117115,0.04578451,0.0052662687,0.24818213,0.047139022,null,null,null,null,"TWOGAUSSIANS",8,42.953793,0.8546708,0.0046117115,0.25639325,0.029491104,0.24818213,0.047139022,0.51179224,0.04735373,0.22960848,0.15852395,0.04262616,0.061339915
375316653866487564,6234803607545566080,0.56528765,2099.587386344879,3.908895267457353,1.1061273E-5,18.956213,0.012648568,0.2021023,0.0032597834,0.07678931,0.0043984647,0.48918337,0.011817085,0.71142536,0.0031662763,0.07639392,0.009516157,0.3714335,0.021649158,null,null,null,null,"TWOGAUSSIANS",8,3.3474145,0.2021023,0.0032597834,0.4,0.0,0.4857955,0.010695273,0.71142536,0.0031662763,0.4,0.0,0.36804563,0.02294311
375316653866487564,6234803882426635904,0.50191003,2108.883125858058,4.463842456512599,8.149102E-5,19.31474,0.013150925,0.22879417,0.00661238,0.036197953,0.0053411187,0.50948435,0.17259865,0.72278583,0.069246545,0.15045747,0.12516181,0.040469717,0.0144410925,null,null,null,null,"TWOGAUSSIANS",8,1.4853097,0.22879417,0.0066106976,0.20270854,0.029910265,0.50741863,0.17228699,0.72278583,0.069246545,0.4,0.12965229,0.03807777,0.014842479
375316653866487564,6234824631409990400,0.5508266,2044.1608727652647,3.568730592360452,1.3920142E-5,18.063278,0.028766338,0.30128685,0.004162042,0.105813,0.012987276,0.23379809,0.0261588,0.77036536,0.0036238525,0.10086801,0.012108213,0.31362504,0.02466463,null,null,null,null,"TWOGAUSSIANS",8,4.8025737,0.77036536,0.0036238525,0.4,0.0,0.2937771,0.010609997,0.30129686,0.0041559325,0.4,0.0,0.21394335,0.0121705765
375316653866487564,6234826005799365376,0.6194769,2098.1147185906575,3.7028688360106656,4.303335E-6,16.91184,0.008415349,0.23925267,0.0014207414,0.044965077,0.0031912033,0.22672945,0.01907509,0.7451562,0.0012583189,0.042850632,0.002941203,0.390663,0.01892345,0.028173177,0.012484769,0.23925267,0.0014207414,"TWOGAUSSIANS_WITH_ELLIPSOIDAL_ON_ECLIPSE1",9,9.506669,0.7451562,0.0012583189,0.23996353,0.016470736,0.4469317,0.010672039,0.23925267,0.0014207414,0.25180444,0.01787074,0.28307563,0.010666389
375316653866487564,6234826108878554880,0.47699842,2117.88059649747,2.7138778684846265,2.272245E-5,17.44961,0.7433277,0.2840359,0.01801181,0.17373611,0.18002775,0.28078267,0.73039216,0.81024426,0.024848541,0.12327528,0.06492107,0.2671454,0.4307617,null,null,null,null,"TWOGAUSSIANS",8,14.313931,0.2835859,0.01715454,0.4,0.0,0.1685863,0.018860536,0.8139643,0.014786939,0.4,0.0,0.1645341,0.02444136
375316653866487564,6234830683022496768,0.43338373,2076.8309738205494,0.22113354158911463,8.018127E-5,18.557333,0.009619939,0.48762375,0.010069678,0.054536566,0.015922412,0.23043923,0.08944588,0.7676235,0.015746014,0.07159563,0.0100166155,0.1285156,0.026367225,null,null,null,null,"TWOGAUSSIANS",8,4.715531,0.48766375,0.0100817215,0.30540475,0.089165516,0.23050061,0.089485414,0.7676235,0.015746014,0.4,0.039208073,0.12851602,0.026367757
