Gaia/vari_eclipsing_binary/VariEclipsingBinary_466445-466463.csv
# %ECSV 1.0
# ---
# delimiter: ','
# meta: !!omap
# - RELEASE: Gaia DR3
# - TABLE: vari_eclipsing_binary
# - DESCRIPTION: >
#     This table describes the properties of the eclipsing binaries resulting from the variability analysis. 
# - CITATION: >
#     How to cite and acknowledge Gaia: 
#     https://gea.esac.esa.int/archive/documentation/credits.html 
# - KNOWN_ISSUES: >
#     Known issues: 
#     https://www.cosmos.esa.int/web/gaia-users/known-issues 
# - DOCUMENTATION: >
#     Tutorials and documentation: 
#     https://www.cosmos.esa.int/web/gaia-users/archive 
# datatype:
# - 
#   name: solution_id
#   datatype: int64
#   description: Solution Identifier
#   meta:
#     ucd: meta.version
# - 
#   name: source_id
#   datatype: int64
#   description: Unique source identifier
#   meta:
#     ucd: meta.id;meta.main
# - 
#   name: global_ranking
#   datatype: float32
#   description: Number between 0 (worst) and 1 (best)
#   meta:
#     ucd: stat.param
# - 
#   name: reference_time
#   datatype: float64
#   unit: d
#   description: Reference time used for the geometric model fit
#   meta:
#     ucd: time.epoch
# - 
#   name: frequency
#   datatype: float64
#   unit: d**-1
#   description: Frequency of geometric model of the eclipsing binary light curve
#   meta:
#     ucd: src.orbital
# - 
#   name: frequency_error
#   datatype: float32
#   unit: d**-1
#   description: "Uncertainty of \\texttt{frequency}"
#   meta:
#     ucd: stat.error
# - 
#   name: geom_model_reference_level
#   datatype: float32
#   unit: mag
#   description: Magnitude reference level of geometric model
#   meta:
#     ucd: phot.mag;em.opt
# - 
#   name: geom_model_reference_level_error
#   datatype: float32
#   unit: mag
#   description: "Uncertainty of \\texttt{geomModelReferenceLevel}"
#   meta:
#     ucd: stat.error;phot.mag;em.opt
# - 
#   name: geom_model_gaussian1_phase
#   datatype: float32
#   description: Phase of the Gaussian 1 component
#   meta:
#     ucd: time.phase
# - 
#   name: geom_model_gaussian1_phase_error
#   datatype: float32
#   description: "Uncertainty of \\texttt{geomModelGaussian1Phase}"
#   meta:
#     ucd: stat.error;time.phase
# - 
#   name: geom_model_gaussian1_sigma
#   datatype: float32
#   description: "Standard deviation [phase] of Gaussian 1 component"
#   meta:
#     ucd: stat.stdev
# - 
#   name: geom_model_gaussian1_sigma_error
#   datatype: float32
#   description: "Uncertainty of \\texttt{geomModelGaussian1Sigma}"
#   meta:
#     ucd: stat.error
# - 
#   name: geom_model_gaussian1_depth
#   datatype: float32
#   unit: mag
#   description: Magnitude depth of Gaussian 1 component
#   meta:
#     ucd: src.var.amplitude
# - 
#   name: geom_model_gaussian1_depth_error
#   datatype: float32
#   unit: mag
#   description: "Uncertainty of \\texttt{geomModelGaussian1Depth}"
#   meta:
#     ucd: stat.error;src.var.amplitude
# - 
#   name: geom_model_gaussian2_phase
#   datatype: float32
#   description: Phase of Gaussian 2 component
#   meta:
#     ucd: time.phase
# - 
#   name: geom_model_gaussian2_phase_error
#   datatype: float32
#   description: "Uncertainty of \\texttt{geomModelGaussian2Phase}"
#   meta:
#     ucd: stat.error;time.phase
# - 
#   name: geom_model_gaussian2_sigma
#   datatype: float32
[...]
#   datatype: float32
#   description: "Secondary eclipse: uncertainty of \\texttt{derivedSecondaryEclDuration}"
#   meta:
#     ucd: stat.error;time.duration
# - 
#   name: derived_secondary_ecl_depth
#   datatype: float32
#   unit: mag
#   description: "Secondary eclipse: depth"
#   meta:
#     ucd: src.var.amplitude
# - 
#   name: derived_secondary_ecl_depth_error
#   datatype: float32
#   unit: mag
#   description: "Secondary eclipse: uncertainty of \\texttt{derivedSecondaryEclDepth}"
#   meta:
#     ucd: stat.error;src.var.amplitude
solution_id,source_id,global_ranking,reference_time,frequency,frequency_error,geom_model_reference_level,geom_model_reference_level_error,geom_model_gaussian1_phase,geom_model_gaussian1_phase_error,geom_model_gaussian1_sigma,geom_model_gaussian1_sigma_error,geom_model_gaussian1_depth,geom_model_gaussian1_depth_error,geom_model_gaussian2_phase,geom_model_gaussian2_phase_error,geom_model_gaussian2_sigma,geom_model_gaussian2_sigma_error,geom_model_gaussian2_depth,geom_model_gaussian2_depth_error,geom_model_cosine_half_period_amplitude,geom_model_cosine_half_period_amplitude_error,geom_model_cosine_half_period_phase,geom_model_cosine_half_period_phase_error,model_type,num_model_parameters,reduced_chi2,derived_primary_ecl_phase,derived_primary_ecl_phase_error,derived_primary_ecl_duration,derived_primary_ecl_duration_error,derived_primary_ecl_depth,derived_primary_ecl_depth_error,derived_secondary_ecl_phase,derived_secondary_ecl_phase_error,derived_secondary_ecl_duration,derived_secondary_ecl_duration_error,derived_secondary_ecl_depth,derived_secondary_ecl_depth_error
[from data line 113]
375316653866487564,4102928278724094464,0.47383687,2246.496873599847,0.20517672586183539,3.894493E-5,17.156897,0.0101893,0.34167126,0.010103394,0.0585614,0.011301652,0.06584385,0.011186723,0.7268428,0.04536681,0.054391693,0.050884694,0.19686145,0.12207623,null,null,null,null,"TWOGAUSSIANS",8,1.886102,0.7268428,0.04536681,0.3045935,0.095795825,0.19686136,0.12273323,0.34167126,0.010100347,0.32794383,0.06328925,0.06584377,0.010701155
375316653866487564,4102928283018296448,0.56883603,2211.935724414089,3.756596464411704,1.3477502E-5,19.20953,0.017774967,0.28801504,0.0026685423,0.06403439,0.0034817993,0.6393391,0.024575442,0.7998068,0.007060785,0.09315981,0.0120675005,0.3367159,0.041889008,null,null,null,null,"TWOGAUSSIANS",8,1.9176975,0.28801504,0.0026685423,0.35859257,0.019498076,0.635104,0.023944855,0.7998068,0.007060785,0.4,0.0,0.33248034,0.04337333
375316653866487564,4102928317378343296,0.54091185,2266.128717565581,1.5721368829406026,1.19414635E-5,18.05818,0.13812211,0.2454655,0.007278139,0.12099568,0.03382594,0.29599252,0.13473773,0.746414,0.004544193,0.11310644,0.034609187,0.3185528,0.11268884,null,null,null,null,"TWOGAUSSIANS",8,4.5357604,0.746414,0.0045490246,0.4,0.0,0.25660354,0.026380667,0.2454655,0.007290211,0.4,0.0,0.23396368,0.015293945
375316653866487564,4102928832770654976,0.48299938,2208.257943533362,0.13586733680796523,2.0682144E-5,19.43533,0.01903185,0.0787924,0.0017215009,0.030186199,0.0057205847,0.35404843,0.13568385,0.62846845,0.011429875,0.0948509,0.019918308,0.26100317,0.03596714,null,null,null,null,"TWOGAUSSIANS",8,1.7552652,0.0787924,0.0017215009,0.1690427,0.032035273,0.35402104,0.13577823,0.62846845,0.011429875,0.4,0.0,0.26097244,0.03602252
375316653866487564,4102928901490571648,0.4979946,2179.866714256294,0.13585500139086393,2.6671127E-5,19.376713,0.20219043,0.47220558,0.005002323,0.09445031,0.024664246,0.63044757,0.08990572,0.9194007,0.014114861,0.19981997,0.14163476,0.30311704,0.16826709,null,null,null,null,"TWOGAUSSIANS",8,2.309077,0.47498557,0.0036835172,0.4,0.005053004,0.5472682,0.038407147,0.9194007,0.014114861,0.4,0.089255676,0.18831411,0.042814218
375316653866487564,4102929378254966784,0.5017811,2233.1587218899913,0.9764232816656901,1.0639682E-4,19.397455,0.02704175,0.5163984,0.06546176,0.1481317,0.07784372,0.19297615,0.025619414,0.7599007,0.025594255,0.07665161,0.020269707,0.19981766,0.081873305,null,null,null,null,"TWOGAUSSIANS",8,3.0391846,0.7599007,0.025594255,0.4,0.007650402,0.2480739,0.021089062,0.52458835,0.2193377,0.4,0.0,0.19275942,0.06191807
375316653866487564,4102929382604540800,0.56368464,2253.4126326299024,0.3811629154028013,5.436379E-5,18.891861,0.010090351,0.17988099,2.8635867E-4,0.015235683,0.001442147,0.08007175,0.011173119,0.49661586,0.06454132,0.058782216,0.02535369,1.2133889,1.0508181,null,null,null,null,"TWOGAUSSIANS",8,5.0740924,0.49661586,0.06454132,0.32918042,0.14198066,1.2133889,1.0508181,0.17988099,2.8635867E-4,0.085319825,0.008076022,0.08007234,0.011172977
375316653866487564,4102929687474716672,0.45275167,2270.804012998091,0.026200175735993723,2.6302616E-5,18.07475,0.041033793,0.36086506,0.00797497,0.0918011,0.018634059,0.29674554,0.046146814,0.74124885,0.034111418,0.05217209,0.025135044,0.16314265,0.04158287,null,null,null,null,"TWOGAUSSIANS",8,13.614691,0.36086506,0.00797497,0.4,0.0,0.29670182,0.045699306,0.74124885,0.034111418,0.2921637,0.12665297,0.1631544,0.041465603
375316653866487564,4102930241521908736,0.42445177,2214.183039613771,0.3084219144974278,3.420757E-5,17.685444,0.0753913,0.3109262,0.0105037615,0.11259887,0.05974005,0.09718972,0.06921261,0.79748166,0.036170375,0.1129441,0.06582828,0.06371956,0.07915118,null,null,null,null,"TWOGAUSSIANS",8,6.455243,0.3109462,0.010441072,0.4,0.0,0.08547123,0.011466417,0.79748166,0.036170375,0.4,0.0,0.052004587,0.014157786
375316653866487564,4102930305948628736,0.5494903,2200.1906342708367,1.1260988730584964,2.1730135E-5,17.545532,0.022289135,0.1687635,0.011317204,0.043672107,0.010331062,0.34064612,0.12883084,0.6572472,0.024961973,0.046610046,0.10488223,0.5711146,0.49742725,null,null,null,null,"TWOGAUSSIANS",8,12.804312,0.6572472,0.024961973,0.26101625,0.14159225,0.57111454,0.5049647,0.1687635,0.011326238,0.2445638,0.05785395,0.34064603,0.12938732
375316653866487564,4102930516399398272,0.4967431,2242.9441651315365,3.1680372895762035,4.086391E-5,18.488815,0.010180753,0.23294768,0.006073658,0.06409904,0.013130793,0.19406839,0.017682867,0.72016317,0.012015024,0.07489742,0.009344349,0.19316725,0.02122398,null,null,null,null,"TWOGAUSSIANS",8,5.281157,0.23294768,0.006073658,0.35895464,0.060083907,0.19364074,0.018305501,0.72016317,0.012015024,0.4,0.024240792,0.19273962,0.021014338
375316653866487564,4102930859996993024,0.5257006,2199.7905766076033,0.06795419331987634,1.9269068E-5,19.785406,0.018006861,0.39579284,0.007726941,0.07687454,0.008627469,0.40529516,0.021947172,0.8954627,6.458772E-6,0.015571746,4.705803E-4,0.96237636,0.009621568,null,null,null,null,"TWOGAUSSIANS",8,2.7038443,0.8954627,6.458772E-6,0.087201774,0.0026352496,0.96237606,0.009622231,0.39579284,0.007726941,0.4,0.0,0.40529484,0.021947239
375316653866487564,4102931336746864128,0.4473659,2150.2024967858556,0.20503945283623434,1.0168766E-4,19.589676,0.049422577,0.2878143,0.06571748,0.10886183,0.08571541,0.31455478,0.17674544,0.72998714,0.00943801,0.08636244,0.02583679,0.22505318,0.05358288,null,null,null,null,"TWOGAUSSIANS",8,5.8587246,0.2878143,0.06571334,0.4,0.22663106,0.30546597,0.18383005,0.72998714,0.00943801,0.4,0.0,0.21604678,0.043324675
375316653866487564,4102931409751710848,0.5049944,2241.625455506075,2.649786721151641,1.5786965E-5,17.854189,0.030675778,0.18078959,0.005322258,0.087655656,0.0108095575,0.3143957,0.027837807,0.702874,0.014794191,0.10275759,0.020796437,0.316951,0.05999438,null,null,null,null,"TWOGAUSSIANS",8,13.013868,0.702874,0.014794191,0.4,0.0,0.30228192,0.061950684,0.18077959,0.005307249,0.4,0.0,0.29973364,0.018573651
375316653866487564,4102931474179899520,0.50746775,2191.08340509677,0.220921050354298,2.4617259E-5,15.451383,0.0038849262,0.24177139,0.012189781,0.010481711,0.012113801,0.08360546,5.31420028E14,0.6088489,0.01377459,0.051148754,0.008804437,0.31764227,0.17487784,0.019858997,0.005547756,0.24177139,0.012189781,"TWOGAUSSIANS_WITH_ELLIPSOIDAL_ON_ECLIPSE1",9,31.45361,0.610899,0.015244542,0.286433,0.049304847,0.335782,0.17412643,0.24177139,0.012189781,0.058697578,0.06783729,0.12332338,5.31420028E14
375316653866487564,4102931616001712384,0.5907315,2226.5999342417176,2.8159207908338524,1.1232247E-5,18.346743,0.024456201,0.20127583,0.0046141963,0.044438273,0.0077635427,0.5557567,0.09607614,0.70474833,0.003826997,0.052951403,0.0055864807,0.58382165,0.08290169,0.07256593,0.05413839,0.20127583,0.0046141963,"TWOGAUSSIANS_WITH_ELLIPSOIDAL_ON_ECLIPSE1",9,15.185491,0.70474833,0.0038195623,0.29652786,0.03128429,0.7288779,0.04720599,0.20127583,0.0046141963,0.24885434,0.04347584,0.700882,0.081206016
375316653866487564,4102932062664307328,0.47358856,2173.7220983370075,2.852515167157153,4.1443353E-5,19.358572,0.04953347,0.23755462,0.015990684,0.094162434,0.04219176,0.2989353,0.05347447,0.8153786,0.017358994,0.09866481,0.015660739,0.30101183,0.05846451,null,null,null,null,"TWOGAUSSIANS",8,4.39896,0.81539863,0.017213428,0.4,0.0,0.2942929,0.048019446,0.23751463,0.015979188,0.4,4.9020664E-4,0.2922353,0.06074157
375316653866487564,4102932131306804608,0.5456397,2223.1232705163907,0.0679485812808554,9.970974E-5,19.772102,0.010926612,0.30456886,0.009314965,0.036856793,0.009895881,0.38120365,0.48119006,0.78994614,0.004441695,0.0640837,0.006564667,0.39637834,0.072718576,null,null,null,null,"TWOGAUSSIANS",8,0.5560393,0.78994614,0.004441695,0.35886872,0.036762133,0.39637664,0.07272019,0.30456886,0.009314965,0.20639804,0.055416934,0.38120195,0.48119152
375316653866487564,4102932612420284032,0.4708234,2201.1026179449786,0.8403634798089933,3.8194077E-5,15.849941,0.0038846328,null,null,null,null,null,null,null,null,null,null,null,null,0.04639133,0.005844313,0.20537522,0.008689817,"ELLIPSOIDAL",4,46.36539,null,null,null,null,null,null,null,null,null,null,null,null
375316653866487564,4102932676770869504,0.5416146,2239.2925554995295,2.6360397396444215,1.3416379E-5,18.535357,0.011524869,0.29808864,0.0061706672,0.075109854,0.0067841616,0.36491448,0.025135143,0.81084675,0.0058278586,0.089451544,0.008240411,0.28637764,0.016570337,null,null,null,null,"TWOGAUSSIANS",8,2.89228,0.29808864,0.0061706672,0.4,0.0,0.3599594,0.026073964,0.81084675,0.0058278586,0.4,0.0,0.28142244,0.017104318
375316653866487564,4102933024751137664,0.58184093,2175.1475395056486,0.4159344462816408,1.5016086E-4,18.998596,0.0073953997,0.30463034,0.027256224,0.046817835,0.030398747,0.93342483,0.7557726,0.507374,0.035565816,0.095939994,0.027140267,0.63552773,0.07962557,null,null,null,null,"TWOGAUSSIANS",8,2.2801592,0.30840033,0.024840338,0.26217988,0.13968329,1.0043856,0.74353915,0.507374,0.035565816,0.4,0.0,0.63560516,0.078129716
375316653866487564,4102933127740088704,0.5702499,2155.2899258969287,0.20528928849812586,2.8003915E-5,19.31707,0.016059518,0.25063843,0.009576808,0.088385135,0.013857889,0.4185274,0.017575853,0.7209409,0.0022948866,0.06122594,0.004401094,0.45369712,0.017465452,null,null,null,null,"TWOGAUSSIANS",8,1.7938366,0.7209409,0.0022948866,0.34286526,0.024646126,0.45208654,0.015803132,0.25063843,0.009576808,0.4,0.0,0.41691652,0.01650325
375316653866487564,4102933329605686272,0.44733733,2189.263597483762,0.9401326842676584,1.6103587E-4,17.861464,0.011885438,0.08409154,0.020071993,0.029454837,0.023209713,0.08655245,0.03331334,0.5360503,0.036764126,0.1225789,0.052519348,0.029128758,0.012149985,null,null,null,null,"TWOGAUSSIANS",8,2.8839798,0.084101535,0.020158054,0.16494709,0.1299744,0.08650032,0.033467293,0.5360503,0.036764126,0.4,0.0,0.029042764,0.0109955175
375316653866487564,4102933604483617920,0.5557402,2226.7247850295767,2.436661375799712,1.3032317E-5,17.667492,0.4928991,0.21715395,0.0044248607,0.15929058,0.09683557,0.31551796,0.47716552,0.7210407,0.009151061,0.14418466,0.07762773,0.2987281,0.4106964,null,null,null,null,"TWOGAUSSIANS",8,3.3665724,0.21689396,0.0041965493,0.4,0.0,0.16226888,0.0060814023,0.72153074,0.009290401,0.4,0.0,0.14860077,0.029897107
375316653866487564,4102933746215757952,0.5677405,2192.9213151528793,0.13581690036001554,1.6032565E-5,19.622248,0.035303365,0.1460163,0.054707993,0.10292256,0.09685898,0.08331131,0.032621156,0.69811994,0.003532978,0.06186863,0.01569762,0.8267659,0.18518166,null,null,null,null,"TWOGAUSSIANS",8,0.98535603,0.69811994,0.0035209237,0.34646434,0.06218687,0.8254889,0.19142382,0.1460163,0.054707993,0.4,0.21514636,0.08202792,0.02657157
375316653866487564,4102934227252677504,0.5596272,2216.5524519696532,2.935267237353671,2.1389147E-5,19.036163,0.0139998365,0.25915763,0.009967388,0.081392534,0.0114425365,0.3688085,0.050630134,0.7489649,0.0060936147,0.06737702,0.008087254,0.47098702,0.020082865,null,null,null,null,"TWOGAUSSIANS",8,3.0388603,0.7489649,0.0060936147,0.37731132,0.03275245,0.46870023,0.019684833,0.25915763,0.009967388,0.4,0.0,0.36652172,0.051670015
375316653866487564,4102934295972633600,0.50377285,2243.7118225664876,1.719499356869252,2.3199225E-5,18.767635,0.009834319,0.33581403,0.006758245,0.07661487,0.011496586,0.20796905,0.024427824,0.83367795,0.006238138,0.091095455,0.012881636,0.17416583,0.01918979,null,null,null,null,"TWOGAUSSIANS",8,2.1392477,0.33581403,0.006758245,0.4,0.0,0.20372161,0.026659386,0.83367795,0.006238138,0.4,0.0,0.16991828,0.02086488
375316653866487564,4102934570925697536,0.47723573,2233.5137319771734,0.8603888456820645,5.4536667E-5,17.425074,0.004507578,0.2561777,0.0041298,0.03382844,0.0034350757,0.14174032,0.028055258,0.7693247,0.016941303,0.068301715,0.020378305,0.0340285,0.019612014,null,null,null,null,"TWOGAUSSIANS",8,3.7582982,0.2561777,0.0041298,0.18943927,0.019236423,0.14173998,0.028054945,0.7693247,0.016941303,0.3824896,0.09554578,0.034028165,0.019612603
375316653866487564,4102934703995394560,0.5214133,2220.480418935832,0.21900532578807483,3.0888947E-5,17.31486,0.002631771,0.17862086,0.01570508,0.018898282,0.0059494018,0.15718149,0.06963306,0.38772446,0.0022219087,0.0114832455,0.0036152487,0.08802847,0.079202056,null,null,null,null,"TWOGAUSSIANS",8,4.6884503,0.17862086,0.01570508,0.10583038,0.03331665,0.15718149,0.06963306,0.38772446,0.0022219087,0.06430618,0.020245392,0.08802847,0.079202056
375316653866487564,4102934845803536512,0.5378998,2183.202315065417,1.7456492351402892,1.243465E-5,17.896423,0.015330687,0.2649404,0.004503125,0.08792241,0.008487512,0.389325,0.02445934,0.7263561,0.006651253,0.10284845,0.014060935,0.20421481,0.027936336,null,null,null,null,"TWOGAUSSIANS",8,11.078011,0.2649504,0.0045067444,0.4,0.0,0.37925836,0.026357746,0.7263561,0.006651253,0.4,0.0,0.19413964,0.029357597
375316653866487564,4102937594518481408,0.6031091,2268.516622130782,3.277313034790922,3.4475906E-5,19.898247,0.026659062,0.26409897,0.011822324,0.07395856,0.012405415,0.45836967,0.03930211,0.7468018,0.0063797035,0.102869734,0.010491524,0.41119602,0.025634704,null,null,null,null,"TWOGAUSSIANS",8,0.7436203,0.26409897,0.0118235955,0.4,0.009834915,0.44664717,0.032955647,0.7468018,0.0063797035,0.4,0.0,0.3994654,0.014161924
375316653866487564,4102938075555126272,0.47894123,2246.5560192640614,3.3073694007212113,3.15238E-5,19.348324,0.17143607,0.25561577,0.016618349,0.11641383,0.06594802,0.18309315,0.17388175,0.7654716,0.009624521,0.11817961,0.038062964,0.19760314,0.1568874,null,null,null,null,"TWOGAUSSIANS",8,2.096524,0.76550156,0.009639194,0.4,0.0,0.1617801,0.018233363,0.2555658,0.016963497,0.4,0.0,0.14728601,0.023888996
375316653866487564,4102938586641783040,0.5224978,2275.150797613864,0.4762227134063918,2.0341957E-5,18.153456,0.0025119286,0.36809874,0.06334609,0.007999176,0.027610676,0.80560875,0.77447456,0.7635116,0.016787184,0.076088354,0.011995462,0.036151834,0.018394899,null,null,null,null,"TWOGAUSSIANS",8,0.86358863,0.36809874,0.06334609,0.044795386,0.15461978,0.8056088,0.7744752,0.7635116,0.016787184,0.4,0.010575329,0.036151834,0.018394984
375316653866487564,4102938590941489280,0.48870158,2312.6259664688737,2.9668532568067194,4.4145003E-5,19.850567,0.009490916,0.29983675,0.018969765,0.071541,0.01886184,0.25295419,0.047610518,0.80102205,0.0031865775,0.0658296,0.005908887,0.3137441,0.033051178,null,null,null,null,"TWOGAUSSIANS",8,0.9440138,0.80102205,0.0031865775,0.36864576,0.03308977,0.31302345,0.03361984,0.29983675,0.018969765,0.4,0.08213272,0.25223354,0.048280433
375316653866487564,4102938625301386496,0.5019258,2201.2850196785826,1.9085874246508425,3.2505577E-5,19.186525,0.005115947,null,null,null,null,null,null,null,null,null,null,null,null,0.10367522,0.0083121965,0.33331674,0.005517047,"ELLIPSOIDAL",4,2.8790033,null,null,null,null,null,null,null,null,null,null,null,null
375316653866487564,4102938831460281344,0.6012257,2251.2048047914986,2.3950648406346624,4.9465743E-6,19.171345,0.014887769,0.1894683,0.029491121,0.043214027,0.022256104,0.44208536,0.12478379,0.73173565,0.0023954592,0.082714856,0.00349604,0.49749026,0.015537911,null,null,null,null,"TWOGAUSSIANS",8,1.3620652,0.73173565,0.0023954592,0.4,0.0,0.49740493,0.015066229,0.1894683,0.029491121,0.24199855,0.124634184,0.44200012,0.12546761
375316653866487564,4102938968908815616,0.45634153,2274.408967746214,4.447643148151168,4.4185523E-5,18.46233,0.042293906,0.35570022,0.018110348,0.07387893,0.044942897,0.123660564,0.040366348,0.80620825,0.0152094755,0.14479592,0.06695837,0.067705624,0.043633908,null,null,null,null,"TWOGAUSSIANS",8,1.9043978,0.3561502,0.018563626,0.4,0.22447695,0.11776118,0.043737758,0.80620825,0.0152094755,0.4,0.0,0.061218172,0.033577688
