Gaia/vari_eclipsing_binary/VariEclipsingBinary_510852-511083.csv
# %ECSV 1.0
# ---
# delimiter: ','
# meta: !!omap
# - RELEASE: Gaia DR3
# - TABLE: vari_eclipsing_binary
# - DESCRIPTION: >
#     This table describes the properties of the eclipsing binaries resulting from the variability analysis. 
# - CITATION: >
#     How to cite and acknowledge Gaia: 
#     https://gea.esac.esa.int/archive/documentation/credits.html 
# - KNOWN_ISSUES: >
#     Known issues: 
#     https://www.cosmos.esa.int/web/gaia-users/known-issues 
# - DOCUMENTATION: >
#     Tutorials and documentation: 
#     https://www.cosmos.esa.int/web/gaia-users/archive 
# datatype:
# - 
#   name: solution_id
#   datatype: int64
#   description: Solution Identifier
#   meta:
#     ucd: meta.version
# - 
#   name: source_id
#   datatype: int64
#   description: Unique source identifier
#   meta:
#     ucd: meta.id;meta.main
# - 
#   name: global_ranking
#   datatype: float32
#   description: Number between 0 (worst) and 1 (best)
#   meta:
#     ucd: stat.param
# - 
#   name: reference_time
#   datatype: float64
#   unit: d
#   description: Reference time used for the geometric model fit
#   meta:
#     ucd: time.epoch
# - 
#   name: frequency
#   datatype: float64
#   unit: d**-1
#   description: Frequency of geometric model of the eclipsing binary light curve
#   meta:
#     ucd: src.orbital
# - 
#   name: frequency_error
#   datatype: float32
#   unit: d**-1
#   description: "Uncertainty of \\texttt{frequency}"
#   meta:
#     ucd: stat.error
# - 
#   name: geom_model_reference_level
#   datatype: float32
#   unit: mag
#   description: Magnitude reference level of geometric model
#   meta:
#     ucd: phot.mag;em.opt
# - 
#   name: geom_model_reference_level_error
#   datatype: float32
#   unit: mag
#   description: "Uncertainty of \\texttt{geomModelReferenceLevel}"
#   meta:
#     ucd: stat.error;phot.mag;em.opt
# - 
#   name: geom_model_gaussian1_phase
#   datatype: float32
#   description: Phase of the Gaussian 1 component
#   meta:
#     ucd: time.phase
# - 
#   name: geom_model_gaussian1_phase_error
#   datatype: float32
#   description: "Uncertainty of \\texttt{geomModelGaussian1Phase}"
#   meta:
#     ucd: stat.error;time.phase
# - 
#   name: geom_model_gaussian1_sigma
#   datatype: float32
#   description: "Standard deviation [phase] of Gaussian 1 component"
#   meta:
#     ucd: stat.stdev
# - 
#   name: geom_model_gaussian1_sigma_error
#   datatype: float32
#   description: "Uncertainty of \\texttt{geomModelGaussian1Sigma}"
#   meta:
#     ucd: stat.error
# - 
#   name: geom_model_gaussian1_depth
#   datatype: float32
#   unit: mag
#   description: Magnitude depth of Gaussian 1 component
#   meta:
#     ucd: src.var.amplitude
# - 
#   name: geom_model_gaussian1_depth_error
#   datatype: float32
#   unit: mag
#   description: "Uncertainty of \\texttt{geomModelGaussian1Depth}"
#   meta:
#     ucd: stat.error;src.var.amplitude
# - 
#   name: geom_model_gaussian2_phase
#   datatype: float32
#   description: Phase of Gaussian 2 component
#   meta:
#     ucd: time.phase
# - 
#   name: geom_model_gaussian2_phase_error
#   datatype: float32
#   description: "Uncertainty of \\texttt{geomModelGaussian2Phase}"
#   meta:
#     ucd: stat.error;time.phase
# - 
#   name: geom_model_gaussian2_sigma
#   datatype: float32
[...]
#   datatype: float32
#   description: "Secondary eclipse: uncertainty of \\texttt{derivedSecondaryEclDuration}"
#   meta:
#     ucd: stat.error;time.duration
# - 
#   name: derived_secondary_ecl_depth
#   datatype: float32
#   unit: mag
#   description: "Secondary eclipse: depth"
#   meta:
#     ucd: src.var.amplitude
# - 
#   name: derived_secondary_ecl_depth_error
#   datatype: float32
#   unit: mag
#   description: "Secondary eclipse: uncertainty of \\texttt{derivedSecondaryEclDepth}"
#   meta:
#     ucd: stat.error;src.var.amplitude
solution_id,source_id,global_ranking,reference_time,frequency,frequency_error,geom_model_reference_level,geom_model_reference_level_error,geom_model_gaussian1_phase,geom_model_gaussian1_phase_error,geom_model_gaussian1_sigma,geom_model_gaussian1_sigma_error,geom_model_gaussian1_depth,geom_model_gaussian1_depth_error,geom_model_gaussian2_phase,geom_model_gaussian2_phase_error,geom_model_gaussian2_sigma,geom_model_gaussian2_sigma_error,geom_model_gaussian2_depth,geom_model_gaussian2_depth_error,geom_model_cosine_half_period_amplitude,geom_model_cosine_half_period_amplitude_error,geom_model_cosine_half_period_phase,geom_model_cosine_half_period_phase_error,model_type,num_model_parameters,reduced_chi2,derived_primary_ecl_phase,derived_primary_ecl_phase_error,derived_primary_ecl_duration,derived_primary_ecl_duration_error,derived_primary_ecl_depth,derived_primary_ecl_depth_error,derived_secondary_ecl_phase,derived_secondary_ecl_phase_error,derived_secondary_ecl_duration,derived_secondary_ecl_duration_error,derived_secondary_ecl_depth,derived_secondary_ecl_depth_error
[from data line 108]
375316653866487564,4494422381770814336,0.47182113,2257.9497996957507,0.03183238274836384,1.5519032E-5,17.091677,0.006837506,0.4187589,0.009360895,0.18348092,0.018432315,0.1288537,0.007830319,0.8952569,0.0018060219,0.019942814,0.003293753,0.046803243,0.008795114,null,null,null,null,"TWOGAUSSIANS",8,3.1533859,0.4187589,0.009360895,0.4,0.0,0.12130182,0.007912195,0.8952569,0.0018060219,0.11167976,0.018445017,0.045872733,0.009100831
375316653866487564,4494435958166905856,0.5650803,2261.6364352835126,1.404109201568684,2.3846871E-5,14.599695,0.0019777094,0.23493844,0.0046792547,0.026142485,0.0074165096,0.028830094,0.0065259384,0.72303617,0.005575804,0.04257718,0.005226309,0.17841622,0.0070591723,0.016514724,0.0023520868,0.23493844,0.0046792547,"TWOGAUSSIANS_WITH_ELLIPSOIDAL_ON_ECLIPSE1",9,21.528145,0.7233462,0.0053428053,0.23843221,0.02926733,0.21126601,0.007523412,0.23493844,0.0046792547,0.14639792,0.041532453,0.061859537,0.005227857
375316653866487564,4494437607434347008,0.65792847,2269.3810776386176,2.366704010389892,3.208859E-6,15.027295,0.008762604,0.28243506,0.001462237,0.050369255,0.0024478596,0.346523,0.029321663,0.78043324,0.0013719299,0.053141717,0.0022436536,0.3740619,0.020320069,0.11145615,0.010085593,0.28243506,0.001462237,"TWOGAUSSIANS_WITH_ELLIPSOIDAL_ON_ECLIPSE1",9,39.092827,0.78066325,0.0011187422,0.29759362,0.012564461,0.5969351,0.011978199,0.28243506,0.001462237,0.28206784,0.013708014,0.56942725,0.019385172
375316653866487564,4494439050543563136,0.45972604,2268.927383236383,3.3522374539016466,1.9632025E-5,16.098965,0.014853811,0.3052399,0.0041927486,0.10100083,0.008725834,0.26163465,0.016613068,0.80734843,0.002925013,0.0944606,0.0065846387,0.2446465,0.014361918,null,null,null,null,"TWOGAUSSIANS",8,35.93747,0.3052399,0.0041927486,0.4,0.0,0.24295165,0.015196019,0.80734843,0.002925013,0.4,0.0,0.2259656,0.008299767
375316653866487564,4494441146487440000,0.5646481,2260.0829348315233,2.884074361571669,9.020322E-6,14.964578,0.0089855455,0.23498502,0.0018669295,0.041671738,0.0042455145,0.15804134,0.022709532,0.7400324,0.0061731245,0.0497883,0.0101002455,0.25750682,0.031844236,0.10391001,0.013733028,0.23498502,0.0018669295,"TWOGAUSSIANS_WITH_ELLIPSOIDAL_ON_ECLIPSE1",9,297.09393,0.7400324,0.0061731245,0.27881446,0.056561377,0.46511647,0.03420114,0.23498502,0.0018669295,0.23336172,0.02377488,0.36585993,0.010607122
375316653866487564,4494447674837737600,0.64142495,2254.2900430943705,1.7169670899297986,2.851734E-6,14.793999,0.007014219,0.15543815,0.0016073972,0.05677767,0.00365629,0.1543155,0.016457785,0.6486134,0.0013612446,0.06493832,0.0032481914,0.25938594,0.015516694,0.08747919,0.008340998,0.6486134,0.0013612446,"TWOGAUSSIANS_WITH_ELLIPSOIDAL_ON_ECLIPSE2",9,29.451593,0.6486134,0.0013612446,0.36365458,0.018189872,0.4341838,0.006334026,0.15390815,0.0010327458,0.31795496,0.020475224,0.3288638,0.009849824
375316653866487564,4494448701330721024,0.4867573,2266.634795015172,2.2736057173926256,5.8110818E-5,18.544037,0.0037491187,0.20426477,0.0195208,0.09351913,0.015844593,0.05712282,0.0059022917,0.69821334,0.004910238,0.06583375,0.0065359524,0.13644658,0.0081247855,null,null,null,null,"TWOGAUSSIANS",8,1.7398638,0.69821334,0.004910238,0.368669,0.036601335,0.13542528,0.008312842,0.20426477,0.0195208,0.4,0.0,0.05610144,0.005478916
375316653866487564,4494453374255094144,0.5286261,2266.6608980712817,0.8522008481647517,1.0331035E-5,18.16694,0.0030195965,0.24337578,0.0077753044,0.059575576,0.012252402,0.084690295,0.010407262,0.73777556,0.0021056675,0.03040446,0.0015768606,0.2705816,0.008227762,null,null,null,null,"TWOGAUSSIANS",8,2.005264,0.73777556,0.0021056675,0.17026497,0.008830419,0.27058157,0.008227744,0.24337578,0.0077753044,0.33362323,0.06861345,0.084690265,0.0104074245
375316653866487564,4494460074404255744,0.54811764,2279.4514717447387,4.182774447744633,3.08554E-5,19.284573,0.0072351494,0.22356826,0.008065987,0.07086984,0.0058567394,0.45961627,0.0641054,0.7228169,0.0028869146,0.06112174,0.0029847235,0.71177626,0.02592874,null,null,null,null,"TWOGAUSSIANS",8,3.6401236,0.7228169,0.0028869146,0.34228173,0.016714452,0.71093786,0.026034288,0.22356826,0.008065987,0.3968711,0.027343184,0.4587779,0.0644666
375316653866487564,4494470210527038976,0.45345363,2293.990586600552,2.295205992001703,1.7736043E-5,19.236263,0.0050919224,0.14762066,0.002148008,0.013367754,0.0017128469,0.096570455,0.009063631,0.6509023,0.0070029357,0.024814056,0.006557121,0.18461485,0.010260385,null,null,null,null,"TWOGAUSSIANS",8,2.7148645,0.6509023,0.0070029357,0.13895871,0.036719877,0.18461485,0.010260385,0.14762066,0.002148008,0.074859425,0.009591943,0.096570455,0.009063631
375316653866487564,4494474746012686464,0.5718847,2301.4713204357104,3.3866986939834005,7.706517E-6,19.578625,0.017708344,0.20931204,0.0051870802,0.046848137,0.0061408784,0.4533973,0.053009722,0.70512986,0.009250447,0.04099624,0.0063476944,0.4597312,0.050905846,0.14918609,0.023577997,0.20931204,0.0051870802,"TWOGAUSSIANS_WITH_ELLIPSOIDAL_ON_ECLIPSE1",9,2.8202486,0.7054599,0.008543559,0.22957893,0.03554709,0.7579132,0.026898418,0.20931204,0.0051870802,0.26234958,0.03438892,0.75176895,0.046670888
375316653866487564,4494474917811313408,0.5517386,2302.7430206342237,1.2482588179497294,1.1144778E-5,17.760012,0.005756887,0.33327568,0.0025777079,0.041402705,0.0023648853,0.26820043,0.014874116,0.8287787,0.0062202727,0.055782538,0.0068930993,0.1225488,0.012817386,null,null,null,null,"TWOGAUSSIANS",8,3.8644056,0.33327568,0.0025777079,0.23185515,0.013243358,0.26819995,0.014874047,0.8287787,0.0062202727,0.31238222,0.038601357,0.12254833,0.01281757
375316653866487564,4494482309449924736,0.46251112,2267.528951339678,2.5351852267718,2.8622107E-5,19.632252,0.008483269,0.23616049,0.021521779,0.05948171,0.017940566,0.22963287,0.038033642,0.75045013,0.0061569205,0.04496724,0.0068015396,0.3467895,0.06709157,null,null,null,null,"TWOGAUSSIANS",8,2.9526606,0.75045013,0.0061569205,0.25181654,0.038088623,0.34678656,0.067095235,0.23616049,0.021521779,0.33309758,0.10046717,0.22962992,0.03803654
375316653866487564,4494484371037454720,0.45826292,2313.6482789166716,0.07139070708847955,4.380539E-5,18.231565,0.0035185192,0.30190066,0.022955311,0.041075785,0.014770571,0.27567336,0.24165456,0.49021053,0.035160083,0.06579234,0.022539163,0.10700028,0.015176726,null,null,null,null,"TWOGAUSSIANS",8,3.8770552,0.30238068,0.02247058,0.2300244,0.0827152,0.27747235,0.24100655,0.49021053,0.035160083,0.3684371,0.10689028,0.1070078,0.015295133
375316653866487564,4494484714634790144,0.6457991,2273.119673800723,2.7161010349364196,3.702829E-6,16.039911,0.0059073344,0.22797236,0.004107962,0.046902478,0.0039318567,0.31502357,0.026396729,0.73456824,0.001607077,0.04562478,0.0036462785,0.26513094,0.012919393,0.112037346,0.007553031,0.73456824,0.001607077,"TWOGAUSSIANS_WITH_ELLIPSOIDAL_ON_ECLIPSE2",9,16.75292,0.22869235,0.0036243806,0.2626539,0.0220184,0.5387556,0.025672043,0.73456824,0.001607077,0.25549877,0.02041916,0.4892054,0.006806874
375316653866487564,4494486600122969856,0.59166795,2290.208881592955,2.9431932392003763,4.791766E-6,18.04371,0.011043318,0.20593973,0.0016185181,0.07972359,0.0027054083,0.46738464,0.014381867,0.71075183,0.002190089,0.07850935,0.0039986307,0.46495622,0.016055217,null,null,null,null,"TWOGAUSSIANS",8,6.239636,0.20593973,0.0016185181,0.4,0.0,0.4616374,0.013719629,0.71075183,0.002190089,0.4,0.0,0.459209,0.016209925
375316653866487564,4494487390396497152,0.5448553,2275.7872429906192,2.828622890327677,1.6950955E-5,19.859879,0.011601917,0.20404503,0.0052034967,0.04216559,0.004368582,0.73880523,0.054732725,0.6975083,0.008325512,0.05012909,0.0064627235,0.2584929,0.022119109,null,null,null,null,"TWOGAUSSIANS",8,3.5551143,0.20404503,0.0052034967,0.2361273,0.024464058,0.738805,0.05473287,0.6975083,0.008325512,0.2807229,0.03619125,0.25849265,0.022119176
375316653866487564,4494488150608471808,0.44411188,2302.392103067385,0.03727846689211587,1.4625088E-5,17.429518,0.09421653,0.30047837,0.022195324,0.23713009,0.13183942,0.10577039,0.08122274,0.6292534,0.0028975692,0.02300818,0.0024922537,0.15597357,0.014286522,null,null,null,null,"TWOGAUSSIANS",8,8.259491,0.6292534,0.0028975692,0.12884581,0.01395662,0.17544393,0.0128488075,0.30047837,0.022195324,0.4,0.0,0.082892634,0.037468463
375316653866487564,4494496981061241344,0.51703763,2295.4934336617634,2.584010004819125,1.233292E-5,19.0671,0.008054108,0.2946661,0.0039825886,0.054902352,0.0067879814,0.2948278,0.0335783,0.7881811,0.0055430154,0.057851184,0.00834862,0.24950565,0.08194465,null,null,null,null,"TWOGAUSSIANS",8,2.3304293,0.2946661,0.0039825886,0.30745316,0.038012695,0.29480532,0.033599786,0.7881811,0.0055430154,0.32396662,0.046752267,0.24948317,0.08195945
375316653866487564,4494502169381804416,0.5091903,2340.3200155542754,2.8169604557382404,2.5178972E-5,19.555817,0.012827566,0.28237975,0.006133323,0.085181825,0.008906602,0.45248166,0.032391556,0.78000367,0.003615348,0.0740841,0.004860976,0.45635328,0.028066847,null,null,null,null,"TWOGAUSSIANS",8,2.50102,0.78000367,0.003615348,0.4,0.0,0.45009255,0.028668787,0.28237975,0.006133323,0.4,0.0,0.44622093,0.034135953
375316653866487564,4494520105165315456,0.5660577,2327.0272910616663,2.256701879919167,8.885049E-6,16.441078,0.008538969,0.27849892,0.0031116582,0.11044812,0.008211659,0.17049564,0.0070985435,0.78079325,0.0015907548,0.09525645,0.004140498,0.17495357,0.008362461,null,null,null,null,"TWOGAUSSIANS",8,5.834308,0.78079325,0.0015904632,0.4,0.0,0.15752001,0.0036085802,0.27849892,0.0031116582,0.4,0.0,0.15305032,0.0057168663
375316653866487564,4494545767591074560,0.5889697,2269.627536955005,3.443291825988038,4.1753983E-6,18.15351,0.011756296,0.26454687,0.0016719742,0.053388074,0.0046003936,0.33639804,0.02654961,0.768091,0.0013580469,0.049669724,0.0038116102,0.27365005,0.022674782,0.06943642,0.014444805,0.26454687,0.0016719742,"TWOGAUSSIANS_WITH_ELLIPSOIDAL_ON_ECLIPSE1",9,4.042462,0.26454687,0.0016719742,0.29897323,0.025762204,0.47526443,0.019462176,0.768091,0.0013580469,0.27815044,0.021345017,0.4124476,0.009683133
375316653866487564,4494565219501953408,0.5086451,2289.648670569971,1.2802978072224118,1.5462965E-5,17.212683,0.006763935,0.29863435,0.0028805719,0.06042025,0.0040530255,0.28695524,0.00837599,0.8196339,0.01130552,0.06353433,0.01573657,0.07808016,0.012210777,null,null,null,null,"TWOGAUSSIANS",8,19.961823,0.29863435,0.0028805719,0.3383534,0.022696944,0.2869129,0.008347524,0.8196339,0.01130552,0.35579222,0.08192243,0.0780378,0.012246106
375316653866487564,4494568621115973760,0.5918383,2287.1301729038755,3.2401216219470355,4.4636085E-6,16.542667,0.010614868,0.32564124,0.0011452158,0.058781438,0.0066513005,0.24874121,0.030365746,0.8212596,0.0029516881,0.05131011,0.006466494,0.14231604,0.024753286,0.10250772,0.013486524,0.32564124,0.0011452158,"TWOGAUSSIANS_WITH_ELLIPSOIDAL_ON_ECLIPSE1",9,9.731051,0.32564124,0.0011452158,0.32917607,0.03724728,0.4537256,0.037759833,0.8222696,0.002208344,0.28733662,0.036212366,0.34718087,0.013241617
375316653866487564,4494570751420045568,0.5715379,2335.048726445663,2.9168082862417637,1.567969E-5,15.232534,0.025890851,0.30878973,0.014897992,0.05524548,0.030123971,0.13055548,0.055759244,0.81417775,0.0027414737,0.050127555,0.013769917,0.144336,0.062498294,0.11580723,0.0366181,0.81417775,0.0027414737,"TWOGAUSSIANS_WITH_ELLIPSOIDAL_ON_ECLIPSE2",9,157.33029,0.81417775,0.0027414737,0.2807143,0.077111535,0.3759456,0.01939304,0.31039974,0.012952565,0.3093747,0.16869424,0.36197916,0.05060129
375316653866487564,4494572503766486272,0.45749712,2245.01561417415,2.5182384283272303,1.11508365E-4,15.339466,0.005086674,0.38894168,0.0046280352,0.058727827,0.008407802,0.47486624,0.06879252,null,null,null,null,null,null,null,null,null,null,"ONEGAUSSIAN",5,34.794598,0.38894168,0.0046280352,0.32887584,0.047083694,0.47486624,0.0,null,null,null,null,null,null
375316653866487564,4494576008459855872,0.6338292,2278.0320022035144,3.371898062635055,5.684336E-6,17.323519,0.008870387,0.24597661,0.002323211,0.045865316,0.0035392777,0.3195315,0.021945143,0.7393667,0.0017996025,0.046099633,0.0024538508,0.5035758,0.024268005,0.15113956,0.013516183,0.24597661,0.002323211,"TWOGAUSSIANS_WITH_ELLIPSOIDAL_ON_ECLIPSE1",9,11.132484,0.73996675,0.0015263521,0.25815794,0.013741565,0.80538124,0.021015376,0.24597661,0.002323211,0.25684577,0.019819954,0.62181044,0.009824239
375316653866487564,4494579994189533184,0.4696527,2266.765827266651,0.42321894898703744,2.5952531E-5,18.174309,0.009528268,0.31097507,0.031685397,0.04718168,0.028193256,0.07536773,0.0552765,0.7154876,0.0050353985,0.008697147,0.0071872273,0.59463215,0.4476599,0.025192278,0.011942166,0.31097507,0.031685397,"TWOGAUSSIANS_WITH_ELLIPSOIDAL_ON_ECLIPSE1",9,16.473644,0.7155276,0.005084506,0.04870402,0.040248472,0.62896013,0.4512268,0.31097507,0.031685397,0.2642174,0.15788224,0.12575221,0.041276548
375316653866487564,4494581712176462848,0.5644258,2240.4779284652814,2.887515741446595,8.037309E-6,14.558159,0.015402005,0.2390521,0.0027184684,0.09531362,0.006400933,0.36365467,0.016130365,0.74245876,0.002945598,0.1077258,0.0070642196,0.3350445,0.017488297,null,null,null,null,"TWOGAUSSIANS",8,156.60394,0.2390521,0.0027184684,0.4,0.0,0.33155125,0.016081367,0.74245876,0.002945598,0.4,0.0,0.30292764,0.01590926
375316653866487564,4494586763055249280,0.6582971,2306.0197678374298,1.7934140757812336,5.711791E-6,16.29015,0.001999781,0.19787264,0.0022550519,0.043198254,0.0024545258,0.12593932,0.007929381,0.69714165,0.002054945,0.04175095,0.0011687619,0.54933405,0.012080506,null,null,null,null,"TWOGAUSSIANS",8,7.520058,0.69714165,0.002054945,0.23380531,0.0065450664,0.54933405,0.012080497,0.19787264,0.0022550519,0.24191022,0.013745344,0.12593931,0.007929386
375316653866487564,4494594146107061120,0.5457575,2333.8917778145737,2.372073146973687,1.2405577E-5,19.012487,0.011757352,0.2620616,0.0042063114,0.075986244,0.00420328,0.56907624,0.019356342,0.78629225,0.0052695028,0.07178167,0.006747401,0.22701223,0.01701784,null,null,null,null,"TWOGAUSSIANS",8,4.7407327,0.2620616,0.0042063114,0.4,0.0,0.5677407,0.019187288,0.78629225,0.0052695028,0.4,0.025954073,0.22567664,0.016786529
375316653866487564,4494596035890499072,0.5598749,2353.5970578649763,3.8461653611929414,1.0997795E-5,19.183908,0.008029192,0.25090015,0.0033708315,0.0779898,0.003908037,0.48405772,0.014469219,0.74710745,0.0037254086,0.07617589,0.003909075,0.44845176,0.012044212,null,null,null,null,"TWOGAUSSIANS",8,1.9668746,0.25090015,0.0033708315,0.4,0.0,0.47958443,0.014226759,0.74710745,0.0037254086,0.4,0.0,0.44397846,0.01134438
375316653866487564,4494598411011234688,0.5273721,2299.1840476322964,0.9496472026427825,8.2021965E-5,17.949846,0.0028223593,0.293598,0.06420666,0.1289731,0.05406314,0.00871913,0.004257153,0.6132264,1.1979874E-4,0.0134713035,0.001216832,0.49256203,0.03504275,null,null,null,null,"TWOGAUSSIANS",8,5.5985503,0.6132264,1.1979874E-4,0.0754393,0.006814259,0.49295694,0.034815583,0.293598,0.06420666,0.4,0.0,0.008709626,0.004247369
375316653866487564,4494599403147079552,0.4765489,2323.1198541599765,0.07448765416239946,2.6910133E-5,18.834845,0.0033844726,0.16003442,0.0016239805,0.03237736,0.0073215007,0.35318303,0.23820136,0.7302477,0.007219623,0.04294442,0.0049482193,0.1508237,0.013998451,null,null,null,null,"TWOGAUSSIANS",8,2.6733236,0.16003442,0.0016239805,0.18131322,0.041000403,0.35318303,0.23820136,0.7302477,0.007219623,0.24048875,0.027710028,0.1508237,0.013998451
375316653866487564,4494601705247408128,0.48558176,2381.1449747440843,2.6330217133055314,2.8352944E-5,16.718159,0.025184248,0.26710868,0.0092028985,0.09352087,0.017144589,0.18010116,0.02526406,0.7629963,0.005879777,0.10677317,0.014370174,0.18052378,0.024184423,null,null,null,null,"TWOGAUSSIANS",8,25.781155,0.7629963,0.005879777,0.4,0.0,0.16537297,0.011236769,0.26710868,0.009217997,0.4,0.0,0.16495647,0.015537133
