Gaia/vari_eclipsing_binary/VariEclipsingBinary_689251-689291.csv
# %ECSV 1.0
# ---
# delimiter: ','
# meta: !!omap
# - RELEASE: Gaia DR3
# - TABLE: vari_eclipsing_binary
# - DESCRIPTION: >
#     This table describes the properties of the eclipsing binaries resulting from the variability analysis. 
# - CITATION: >
#     How to cite and acknowledge Gaia: 
#     https://gea.esac.esa.int/archive/documentation/credits.html 
# - KNOWN_ISSUES: >
#     Known issues: 
#     https://www.cosmos.esa.int/web/gaia-users/known-issues 
# - DOCUMENTATION: >
#     Tutorials and documentation: 
#     https://www.cosmos.esa.int/web/gaia-users/archive 
# datatype:
# - 
#   name: solution_id
#   datatype: int64
#   description: Solution Identifier
#   meta:
#     ucd: meta.version
# - 
#   name: source_id
#   datatype: int64
#   description: Unique source identifier
#   meta:
#     ucd: meta.id;meta.main
# - 
#   name: global_ranking
#   datatype: float32
#   description: Number between 0 (worst) and 1 (best)
#   meta:
#     ucd: stat.param
# - 
#   name: reference_time
#   datatype: float64
#   unit: d
#   description: Reference time used for the geometric model fit
#   meta:
#     ucd: time.epoch
# - 
#   name: frequency
#   datatype: float64
#   unit: d**-1
#   description: Frequency of geometric model of the eclipsing binary light curve
#   meta:
#     ucd: src.orbital
# - 
#   name: frequency_error
#   datatype: float32
#   unit: d**-1
#   description: "Uncertainty of \\texttt{frequency}"
#   meta:
#     ucd: stat.error
# - 
#   name: geom_model_reference_level
#   datatype: float32
#   unit: mag
#   description: Magnitude reference level of geometric model
#   meta:
#     ucd: phot.mag;em.opt
# - 
#   name: geom_model_reference_level_error
#   datatype: float32
#   unit: mag
#   description: "Uncertainty of \\texttt{geomModelReferenceLevel}"
#   meta:
#     ucd: stat.error;phot.mag;em.opt
# - 
#   name: geom_model_gaussian1_phase
#   datatype: float32
#   description: Phase of the Gaussian 1 component
#   meta:
#     ucd: time.phase
# - 
#   name: geom_model_gaussian1_phase_error
#   datatype: float32
#   description: "Uncertainty of \\texttt{geomModelGaussian1Phase}"
#   meta:
#     ucd: stat.error;time.phase
# - 
#   name: geom_model_gaussian1_sigma
#   datatype: float32
#   description: "Standard deviation [phase] of Gaussian 1 component"
#   meta:
#     ucd: stat.stdev
# - 
#   name: geom_model_gaussian1_sigma_error
#   datatype: float32
#   description: "Uncertainty of \\texttt{geomModelGaussian1Sigma}"
#   meta:
#     ucd: stat.error
# - 
#   name: geom_model_gaussian1_depth
#   datatype: float32
#   unit: mag
#   description: Magnitude depth of Gaussian 1 component
#   meta:
#     ucd: src.var.amplitude
# - 
#   name: geom_model_gaussian1_depth_error
#   datatype: float32
#   unit: mag
#   description: "Uncertainty of \\texttt{geomModelGaussian1Depth}"
#   meta:
#     ucd: stat.error;src.var.amplitude
# - 
#   name: geom_model_gaussian2_phase
#   datatype: float32
#   description: Phase of Gaussian 2 component
#   meta:
#     ucd: time.phase
# - 
#   name: geom_model_gaussian2_phase_error
#   datatype: float32
#   description: "Uncertainty of \\texttt{geomModelGaussian2Phase}"
#   meta:
#     ucd: stat.error;time.phase
# - 
#   name: geom_model_gaussian2_sigma
#   datatype: float32
[...]
#   datatype: float32
#   description: "Secondary eclipse: uncertainty of \\texttt{derivedSecondaryEclDuration}"
#   meta:
#     ucd: stat.error;time.duration
# - 
#   name: derived_secondary_ecl_depth
#   datatype: float32
#   unit: mag
#   description: "Secondary eclipse: depth"
#   meta:
#     ucd: src.var.amplitude
# - 
#   name: derived_secondary_ecl_depth_error
#   datatype: float32
#   unit: mag
#   description: "Secondary eclipse: uncertainty of \\texttt{derivedSecondaryEclDepth}"
#   meta:
#     ucd: stat.error;src.var.amplitude
solution_id,source_id,global_ranking,reference_time,frequency,frequency_error,geom_model_reference_level,geom_model_reference_level_error,geom_model_gaussian1_phase,geom_model_gaussian1_phase_error,geom_model_gaussian1_sigma,geom_model_gaussian1_sigma_error,geom_model_gaussian1_depth,geom_model_gaussian1_depth_error,geom_model_gaussian2_phase,geom_model_gaussian2_phase_error,geom_model_gaussian2_sigma,geom_model_gaussian2_sigma_error,geom_model_gaussian2_depth,geom_model_gaussian2_depth_error,geom_model_cosine_half_period_amplitude,geom_model_cosine_half_period_amplitude_error,geom_model_cosine_half_period_phase,geom_model_cosine_half_period_phase_error,model_type,num_model_parameters,reduced_chi2,derived_primary_ecl_phase,derived_primary_ecl_phase_error,derived_primary_ecl_duration,derived_primary_ecl_duration_error,derived_primary_ecl_depth,derived_primary_ecl_depth_error,derived_secondary_ecl_phase,derived_secondary_ecl_phase_error,derived_secondary_ecl_duration,derived_secondary_ecl_duration_error,derived_secondary_ecl_depth,derived_secondary_ecl_depth_error
[from data line 108]
375316653866487564,6062779618922064256,0.50062615,2114.631512936205,4.173581932728973,1.1412365E-5,19.707663,0.032204513,0.23376971,0.0028365324,0.08712674,0.010792978,0.5423683,0.024837801,0.7303077,0.006450505,0.093515694,0.011261921,0.41289073,0.04375595,null,null,null,null,"TWOGAUSSIANS",8,3.5214992,0.23376971,0.0028365324,0.4,0.0,0.5230458,0.02915045,0.7303077,0.006450505,0.4,0.0,0.39356774,0.04214891
375316653866487564,6062779687659079168,0.53253335,2132.6638651088288,2.215917758373824,7.0185984E-6,13.76155,0.012380411,0.2155652,0.0028742852,0.06218469,0.0038297921,0.3870907,0.0127760265,0.6986742,0.0042422013,0.07275447,0.0049971663,0.913502,0.04143125,null,null,null,null,"TWOGAUSSIANS",8,2588.7507,0.6986742,0.0042422013,0.4,0.00925601,0.9127069,0.04169947,0.2155652,0.0028742852,0.34823427,0.021446835,0.38629568,0.012506947
375316653866487564,6062780267445133696,0.5074911,2123.946982393675,0.822199571458369,1.4162083E-5,18.027777,0.004418262,0.24048232,0.004985594,0.027062505,0.008497613,0.17535457,0.048497498,0.7313074,0.0016827272,0.029925086,0.0027429538,0.25197053,0.029714743,0.032691535,0.0075536435,0.24048232,0.004985594,"TWOGAUSSIANS_WITH_ELLIPSOIDAL_ON_ECLIPSE1",9,11.198582,0.73146737,0.0016529415,0.16758049,0.015360541,0.31714046,0.030605221,0.24048232,0.004985594,0.15155002,0.047586627,0.24073763,0.05274067
375316653866487564,6062781508725277056,0.49933165,2119.75509204201,3.471283375096259,9.036817E-6,18.897078,0.045227353,0.2527408,0.004794081,0.12015012,0.019609023,0.21996757,0.044192895,0.75526315,0.0032903329,0.11098593,0.015118912,0.26346067,0.042553462,null,null,null,null,"TWOGAUSSIANS",8,2.1712012,0.75527316,0.003291672,0.4,0.0,0.21853161,0.009478013,0.2527308,0.0048020324,0.4,0.0,0.1749826,0.00881944
375316653866487564,6062781641834936320,0.44743305,2107.0281859003935,3.575108342143934,1.6347545E-5,19.048687,0.007419655,0.22881134,0.005895856,0.058697853,0.008773395,0.2061894,0.01503698,0.7643684,0.014931366,0.067197554,0.013962709,0.10989355,0.01709806,null,null,null,null,"TWOGAUSSIANS",8,5.910248,0.22881134,0.005895856,0.328708,0.049131013,0.20615496,0.015050072,0.7643684,0.014931366,0.3763063,0.06457932,0.10985912,0.017109498
375316653866487564,6062782127200514688,0.57482415,2128.199963060568,1.7833800202714887,3.7395653E-6,15.785091,0.0053438907,0.25693426,0.0020702663,0.077885024,0.0038476433,0.18722065,0.0072205,0.73967564,0.0016450094,0.09376244,0.0031837139,0.35181025,0.008651989,null,null,null,null,"TWOGAUSSIANS",8,28.824842,0.73967564,0.0016450094,0.4,0.0,0.34621376,0.008982124,0.25693426,0.0020702663,0.4,0.0,0.18162486,0.0071383673
375316653866487564,6062782676938956800,0.5068853,2133.756533976571,2.2024029445062685,1.2082804E-5,19.392159,0.006921694,0.28525597,0.0032681013,0.09731715,0.006472083,0.19882989,0.0071375724,0.7862684,0.0035332732,0.083340205,0.0046523493,0.23246531,0.009627688,null,null,null,null,"TWOGAUSSIANS",8,1.1750219,0.7862684,0.0035332732,0.4,0.0,0.22337402,0.009255909,0.28525597,0.0032681013,0.4,0.0,0.18973789,0.00666734
375316653866487564,6062784910339395072,0.6244554,2109.9293518522154,0.5196823535696898,1.5393224E-6,17.077806,0.0015900196,0.2960668,0.003549322,0.017918378,0.0027364087,0.6544818,0.08224159,0.7977476,4.517403E-4,0.018811423,4.823583E-4,0.6257774,0.034235217,null,null,null,null,"TWOGAUSSIANS",8,6.491175,0.2960668,0.003549322,0.100342914,0.015323889,0.6544818,0.08224159,0.7977476,4.517403E-4,0.105343975,0.0027012066,0.6257774,0.034235217
375316653866487564,6062786250369219328,0.46535674,2098.9566474314774,1.5260097702505464,2.4377568E-5,17.924826,0.0033671805,0.2282291,0.005145075,0.02643308,0.0062029203,0.048791584,0.0125413295,0.7306251,0.002410613,0.032411356,0.003144541,0.18899333,0.009625141,0.019347636,0.004945795,0.2282291,0.005145075,"TWOGAUSSIANS_WITH_ELLIPSOIDAL_ON_ECLIPSE1",9,5.4904447,0.7306251,0.002410613,0.1815036,0.01760943,0.22767974,0.0091869505,0.2282291,0.005145075,0.14802524,0.034736354,0.08748676,0.010600611
375316653866487564,6062788689895655552,0.52907944,2128.9630240293804,1.6908405069126697,6.249154E-6,19.037073,0.010762245,0.24243823,0.003512401,0.08152119,0.0064461855,0.32421264,0.012910314,0.74506044,0.003221406,0.09422452,0.004470798,0.27101454,0.01324507,null,null,null,null,"TWOGAUSSIANS",8,2.0104141,0.24243823,0.003512401,0.4,0.0,0.31439295,0.012789216,0.74506044,0.003221406,0.4,0.0,0.2611944,0.01097156
375316653866487564,6062789102227836416,0.5005641,2118.715848498519,0.38722604965501617,4.1323456E-6,17.640015,0.0032311177,0.18957989,8.7825797E-4,0.015615396,0.0011091649,0.3654992,0.011174725,0.6904916,0.0019033978,0.014847791,0.004143133,0.19247903,0.1369334,0.015267126,0.005458446,0.18957989,8.7825797E-4,"TWOGAUSSIANS_WITH_ELLIPSOIDAL_ON_ECLIPSE1",9,18.124271,0.18957989,8.7825797E-4,0.08744621,0.0062113237,0.3960334,0.01193556,0.6904916,0.0019033978,0.08314763,0.023201544,0.22301225,0.13691881
375316653866487564,6062789475850979456,0.5273265,2139.9805991610983,0.21604353358555572,5.097933E-5,18.451927,0.0029993458,0.47773916,0.033314567,0.009282473,0.014738633,0.0350087,4.776406E21,0.67856354,0.0024132128,0.017284924,0.0022452015,0.3412823,0.038159605,null,null,null,null,"TWOGAUSSIANS",8,2.2123604,0.67856354,0.0024132128,0.096795574,0.012573129,0.3412823,0.038159605,0.47773916,0.033314567,0.051981848,0.08253635,0.0350087,4.776406E21
375316653866487564,6062790304818736384,0.6420848,2141.6326203136337,0.21861375904081554,3.0837614E-6,14.568947,0.0017414622,0.24336247,6.3825055E-4,0.025990143,0.0011412395,0.6095039,0.02730556,0.74332553,5.845281E-4,0.026406959,0.0012426601,0.1303209,0.0052606105,0.017985629,0.0024383382,0.24336247,6.3825055E-4,"TWOGAUSSIANS_WITH_ELLIPSOIDAL_ON_ECLIPSE1",9,32.41616,0.24336247,6.3825055E-4,0.14554481,0.006390942,0.64547515,0.028000474,0.74332553,5.79453E-4,0.14787897,0.0069588968,0.16629213,0.005482303
375316653866487564,6062792297667903744,0.5690179,2131.9577136938537,1.195709486610529,4.047391E-6,19.493235,0.009918905,0.22686921,0.0016277123,0.045453735,0.0050780964,0.20796938,0.021498175,0.7153604,0.0060235807,0.049245,0.005758908,0.2744208,0.023572147,0.14969036,0.012795296,0.22686921,0.0016277123,"TWOGAUSSIANS_WITH_ELLIPSOIDAL_ON_ECLIPSE1",9,1.4557981,0.71735036,0.0048421314,0.275772,0.032249887,0.5725075,0.013279249,0.22686921,0.0016277123,0.2545409,0.02843734,0.50734967,0.006712352
375316653866487564,6062794629810856192,0.57260835,2140.676065075354,2.4936939313502346,5.863992E-6,17.156834,0.0047809603,0.23825815,0.0020795567,0.08518409,0.0034572987,0.19422083,0.004904317,0.7410541,0.0036696629,0.09784074,0.0065081143,0.08765481,0.00478418,null,null,null,null,"TWOGAUSSIANS",8,2.9928286,0.23825815,0.0020795567,0.4,0.0,0.18849687,0.0034438707,0.7410541,0.0036696629,0.4,0.0,0.08193048,0.0032143795
375316653866487564,6062794870329041536,0.55503565,2133.109666918798,2.811100984305045,4.537727E-6,17.500515,0.016401691,0.13180144,0.0071447277,0.063646756,0.008069347,0.14425923,0.035900768,0.6422487,0.002175266,0.060100842,0.008378445,0.15535107,0.0349443,0.08890227,0.018981744,0.6422487,0.002175266,"TWOGAUSSIANS_WITH_ELLIPSOIDAL_ON_ECLIPSE2",9,9.480497,0.6422487,0.002175266,0.33656472,0.046919294,0.33309498,0.011524034,0.13475144,0.0046765567,0.35642186,0.04518834,0.32145402,0.00959467
375316653866487564,6062795007788222080,0.5555069,2135.7244138164638,2.948072412048609,3.898926E-6,19.55629,0.014069804,0.25786966,0.0015531118,0.050000753,0.0050883414,0.4197461,0.05870983,0.75957185,0.0028378174,0.042538617,0.003966333,0.38806656,0.039445948,0.12927273,0.01934348,0.25786966,0.0015531118,"TWOGAUSSIANS_WITH_ELLIPSOIDAL_ON_ECLIPSE1",9,1.9909599,0.25786966,0.0015531118,0.2800042,0.028494712,0.6782898,0.057945777,0.75957185,0.0028378174,0.23821625,0.022211466,0.64658064,0.028969334
375316653866487564,6062795836729533440,0.5334643,2132.428527803297,0.45436420771057007,6.0495386E-6,13.376893,0.09823356,0.28514427,0.0014443834,0.20163836,0.04363545,0.14719468,0.09491029,0.7833702,0.0016745188,0.16483448,0.0121289,0.13573141,0.05845976,null,null,null,null,"TWOGAUSSIANS",8,10.443707,0.2856643,0.0014756927,0.4,0.0,0.039359074,0.0010904203,0.7833702,0.0016745188,0.4,0.0,0.038773987,0.0013114903
375316653866487564,6062795974168721536,0.43815574,2136.6997645701495,0.9363565627611661,2.0004201E-5,18.961416,0.009532895,0.10464102,0.0025870514,0.012016236,0.0025676002,0.5804765,0.12023089,0.5984399,0.004399907,0.032595992,0.0052210293,0.1738026,0.03223152,null,null,null,null,"TWOGAUSSIANS",8,12.073008,0.10464102,0.0025870514,0.06729092,0.014378561,0.5804765,0.12023089,0.5984399,0.004399907,0.18253756,0.029237764,0.1738026,0.03223152
375316653866487564,6062797451630336000,0.5448062,2175.523508432222,2.7708096653279264,7.2661405E-6,19.269985,0.017361807,0.26077357,0.0036483207,0.03445857,0.00811962,0.35633063,0.03622809,0.7414079,0.0041555525,0.0587269,0.005088934,0.7232405,0.06400141,0.12917903,0.02408558,0.26077357,0.0036483207,"TWOGAUSSIANS_WITH_ELLIPSOIDAL_ON_ECLIPSE1",9,9.3353615,0.7431079,0.0036731202,0.32887065,0.028498031,0.97810584,0.06465541,0.26077357,0.0036483207,0.192968,0.045469876,0.61466897,0.04565889
375316653866487564,6062797825267036928,0.5559333,2143.307123119987,2.458094054955831,3.464242E-6,18.236856,0.0058691185,0.25403973,0.0013538501,0.09487184,0.0029494683,0.24064471,0.0061271493,0.75761795,0.0030198076,0.09349487,0.0048388005,0.17685895,0.0070101325,null,null,null,null,"TWOGAUSSIANS",8,1.5667952,0.25403973,0.0013538501,0.4,0.0,0.22907595,0.004968164,0.75761795,0.0030198076,0.4,0.0,0.16529042,0.006228861
375316653866487564,6062798031425527552,0.5389791,2168.7113565130107,2.2928366704181804,5.4082097E-6,18.472599,0.009520428,0.22291152,0.002838161,0.096384645,0.005969784,0.17279164,0.009483516,0.7229568,0.0026972538,0.09448047,0.006133177,0.24167204,0.00922923,null,null,null,null,"TWOGAUSSIANS",8,1.613549,0.7229568,0.0026972538,0.4,0.0,0.22851878,0.009290057,0.22291152,0.002838161,0.4,0.0,0.15963829,0.0058412226
375316653866487564,6062799478869838720,0.6194964,2117.115749904586,2.4706910073447346,2.0605187E-6,17.250265,0.0074779764,0.25107092,0.0016438835,0.054531883,0.002961533,0.3535418,0.018560179,0.7562963,7.673408E-4,0.048167367,0.0023530005,0.283186,0.01753556,0.11323768,0.010568857,0.7562963,7.673408E-4,"TWOGAUSSIANS_WITH_ELLIPSOIDAL_ON_ECLIPSE2",9,8.930332,0.25175092,0.0014305185,0.30537856,0.016584584,0.5797981,0.014898699,0.7562963,7.673408E-4,0.26973724,0.013176803,0.50965446,0.00862254
375316653866487564,6062800097337140480,0.5419538,2123.4792016003203,0.4325666406247487,4.533317E-6,17.30032,0.0015864007,0.24213149,0.004048335,0.024041034,0.0027657903,0.32548425,0.02482333,0.7340775,0.011617129,0.012478823,0.019573499,0.032238413,0.30537894,0.022310622,0.002263971,0.7340775,0.011617129,"TWOGAUSSIANS_WITH_ELLIPSOIDAL_ON_ECLIPSE2",9,6.5406756,0.2420815,0.0040249615,0.1346298,0.015488425,0.36999202,0.023994524,0.7340775,0.011617129,0.06988141,0.10961159,0.076859646,0.30565766
375316653866487564,6062802669990433024,0.5098514,2177.027619647832,3.816453121432215,1.0261606E-5,19.006424,0.015805008,0.21790989,0.006318475,0.09910055,0.012204065,0.20983247,0.0138023505,0.71467596,0.0050778524,0.096689455,0.009041143,0.24444996,0.016102394,null,null,null,null,"TWOGAUSSIANS",8,2.4529076,0.71467596,0.0050778524,0.4,0.0,0.22782552,0.01116177,0.21790989,0.006318475,0.4,0.0,0.19320755,0.007808546
375316653866487564,6062804937733723776,0.49705204,2204.0440870005236,0.7792076714590649,2.2351053E-6,18.079937,0.0012485381,0.505576,0.049847223,0.031910673,0.021484377,0.019977754,0.007956591,0.84673584,4.8677185E-7,0.0010078235,1.0886871E-5,0.5043406,0.0046336753,null,null,null,null,"TWOGAUSSIANS",8,1.5540842,0.84673584,4.8677185E-7,0.0056438115,6.0966475E-5,0.5043406,0.0046336753,0.505576,0.049847223,0.17869978,0.120312504,0.019977754,0.007956591
375316653866487564,6062805281330489216,0.4805454,2200.643923445461,2.9225264552129544,1.1407144E-5,18.746843,0.014761683,0.25048766,0.007231785,0.08282848,0.0076597203,0.25244454,0.020645551,0.74171007,0.0026425747,0.090076536,0.0082740905,0.23051552,0.012885372,null,null,null,null,"TWOGAUSSIANS",8,6.582307,0.25048766,0.007231785,0.4,0.0,0.24610768,0.019692715,0.74171007,0.0026425747,0.4,0.0,0.22417858,0.011456863
375316653866487564,6062805350050236800,0.56200135,2205.310989481895,2.9703931267198724,4.4508793E-6,18.034103,0.009727135,0.2673011,0.0017791925,0.056473736,0.0056319614,0.15052955,0.02382357,0.77596456,0.0035739683,0.04971742,0.008405882,0.12627886,0.021667195,0.0869547,0.013668842,0.2673011,0.0017791925,"TWOGAUSSIANS_WITH_ELLIPSOIDAL_ON_ECLIPSE1",9,6.4684024,0.2673011,0.0017791925,0.31625292,0.031538986,0.32443023,0.014495924,0.77596456,0.0035739683,0.27841756,0.04707294,0.29966474,0.011776435
375316653866487564,6062805766694369920,0.6173792,2221.5976664617137,2.8820857489788447,3.1768516E-6,17.281403,0.010290259,0.26468715,0.0011598658,0.054666247,0.0033603746,0.34421718,0.020535666,0.76062894,0.0021719935,0.04903317,0.0045162174,0.34713727,0.02353254,0.121234715,0.01183581,0.26468715,0.0011598658,"TWOGAUSSIANS_WITH_ELLIPSOIDAL_ON_ECLIPSE1",9,9.095448,0.7610989,0.0019159392,0.27458575,0.025290817,0.589456,0.027204767,0.26468715,0.0011598658,0.30613098,0.018818099,0.5866751,0.013850446
375316653866487564,6062805972847971968,0.56049305,2254.442623772286,2.815864807388388,4.405762E-6,19.376312,0.0071494174,0.26659805,0.0020793115,0.06710081,0.003096073,0.50822115,0.018474963,0.76897746,0.0013705364,0.06782821,0.0022005672,0.54452854,0.010107232,null,null,null,null,"TWOGAUSSIANS",8,2.1001413,0.76897746,0.0013705364,0.37983796,0.0123231765,0.5435007,0.010069775,0.26659805,0.0020793115,0.37576452,0.017338008,0.5071933,0.018626122
375316653866487564,6062806316444768128,0.5000726,2236.2448692493995,3.0555848641361787,8.667344E-6,19.710787,0.008325975,0.29483604,0.0045772665,0.07744009,0.006514573,0.3709978,0.017150328,0.79254836,0.0029016396,0.07800033,0.0046955952,0.3320695,0.019667901,null,null,null,null,"TWOGAUSSIANS",8,2.0195184,0.29483604,0.0045772665,0.4,0.0,0.36720687,0.017250232,0.79254836,0.0029016396,0.4,0.0,0.32827857,0.020185212
375316653866487564,6062807312882625664,0.6794344,2231.2124860917293,1.2252420314692885,2.2227869E-6,15.396898,0.0024879542,0.23057061,0.0022104462,0.036226407,0.0023122763,0.14018555,0.008987933,0.7290375,4.896396E-4,0.036645826,5.159641E-4,0.9369325,0.011716682,0.03992675,0.003020474,0.23057061,0.0022104462,"TWOGAUSSIANS_WITH_ELLIPSOIDAL_ON_ECLIPSE1",9,27.611574,0.7290475,4.7844247E-4,0.20521663,0.002889399,1.0167786,0.0117197335,0.23057061,0.0022104462,0.20286787,0.012948748,0.22003902,0.0073160026
375316653866487564,6062807622120308352,0.5458837,2242.428758894852,2.7706486402460486,8.036071E-6,15.392003,0.014552913,0.26618797,0.0022060596,0.073906794,0.0037548607,0.5307172,0.01660328,0.7677978,0.002838654,0.076413095,0.0043605478,0.47234964,0.01942334,null,null,null,null,"TWOGAUSSIANS",8,347.30344,0.26618797,0.0022060596,0.4,0.0,0.5268976,0.015456437,0.7677978,0.002838654,0.4,0.0,0.4685301,0.018908648
375316653866487564,6062809408821259520,0.5010924,2200.313865452363,2.5738351378709132,8.792514E-6,19.108192,0.010092764,0.28683433,0.004123723,0.076131135,0.005612118,0.36395225,0.016920563,0.7889823,0.0029630237,0.07284972,0.005356038,0.3604467,0.01856043,null,null,null,null,"TWOGAUSSIANS",8,5.136706,0.28683433,0.004123723,0.4,0.0,0.36148012,0.017182978,0.7889823,0.0029630237,0.4,4.5769848E-4,0.3579746,0.018851817
