Gaia/vari_eclipsing_binary/VariEclipsingBinary_603633-603692.csv
# %ECSV 1.0
# ---
# delimiter: ','
# meta: !!omap
# - RELEASE: Gaia DR3
# - TABLE: vari_eclipsing_binary
# - DESCRIPTION: >
#     This table describes the properties of the eclipsing binaries resulting from the variability analysis. 
# - CITATION: >
#     How to cite and acknowledge Gaia: 
#     https://gea.esac.esa.int/archive/documentation/credits.html 
# - KNOWN_ISSUES: >
#     Known issues: 
#     https://www.cosmos.esa.int/web/gaia-users/known-issues 
# - DOCUMENTATION: >
#     Tutorials and documentation: 
#     https://www.cosmos.esa.int/web/gaia-users/archive 
# datatype:
# - 
#   name: solution_id
#   datatype: int64
#   description: Solution Identifier
#   meta:
#     ucd: meta.version
# - 
#   name: source_id
#   datatype: int64
#   description: Unique source identifier
#   meta:
#     ucd: meta.id;meta.main
# - 
#   name: global_ranking
#   datatype: float32
#   description: Number between 0 (worst) and 1 (best)
#   meta:
#     ucd: stat.param
# - 
#   name: reference_time
#   datatype: float64
#   unit: d
#   description: Reference time used for the geometric model fit
#   meta:
#     ucd: time.epoch
# - 
#   name: frequency
#   datatype: float64
#   unit: d**-1
#   description: Frequency of geometric model of the eclipsing binary light curve
#   meta:
#     ucd: src.orbital
# - 
#   name: frequency_error
#   datatype: float32
#   unit: d**-1
#   description: "Uncertainty of \\texttt{frequency}"
#   meta:
#     ucd: stat.error
# - 
#   name: geom_model_reference_level
#   datatype: float32
#   unit: mag
#   description: Magnitude reference level of geometric model
#   meta:
#     ucd: phot.mag;em.opt
# - 
#   name: geom_model_reference_level_error
#   datatype: float32
#   unit: mag
#   description: "Uncertainty of \\texttt{geomModelReferenceLevel}"
#   meta:
#     ucd: stat.error;phot.mag;em.opt
# - 
#   name: geom_model_gaussian1_phase
#   datatype: float32
#   description: Phase of the Gaussian 1 component
#   meta:
#     ucd: time.phase
# - 
#   name: geom_model_gaussian1_phase_error
#   datatype: float32
#   description: "Uncertainty of \\texttt{geomModelGaussian1Phase}"
#   meta:
#     ucd: stat.error;time.phase
# - 
#   name: geom_model_gaussian1_sigma
#   datatype: float32
#   description: "Standard deviation [phase] of Gaussian 1 component"
#   meta:
#     ucd: stat.stdev
# - 
#   name: geom_model_gaussian1_sigma_error
#   datatype: float32
#   description: "Uncertainty of \\texttt{geomModelGaussian1Sigma}"
#   meta:
#     ucd: stat.error
# - 
#   name: geom_model_gaussian1_depth
#   datatype: float32
#   unit: mag
#   description: Magnitude depth of Gaussian 1 component
#   meta:
#     ucd: src.var.amplitude
# - 
#   name: geom_model_gaussian1_depth_error
#   datatype: float32
#   unit: mag
#   description: "Uncertainty of \\texttt{geomModelGaussian1Depth}"
#   meta:
#     ucd: stat.error;src.var.amplitude
# - 
#   name: geom_model_gaussian2_phase
#   datatype: float32
#   description: Phase of Gaussian 2 component
#   meta:
#     ucd: time.phase
# - 
#   name: geom_model_gaussian2_phase_error
#   datatype: float32
#   description: "Uncertainty of \\texttt{geomModelGaussian2Phase}"
#   meta:
#     ucd: stat.error;time.phase
# - 
#   name: geom_model_gaussian2_sigma
#   datatype: float32
[...]
#   datatype: float32
#   description: "Secondary eclipse: uncertainty of \\texttt{derivedSecondaryEclDuration}"
#   meta:
#     ucd: stat.error;time.duration
# - 
#   name: derived_secondary_ecl_depth
#   datatype: float32
#   unit: mag
#   description: "Secondary eclipse: depth"
#   meta:
#     ucd: src.var.amplitude
# - 
#   name: derived_secondary_ecl_depth_error
#   datatype: float32
#   unit: mag
#   description: "Secondary eclipse: uncertainty of \\texttt{derivedSecondaryEclDepth}"
#   meta:
#     ucd: stat.error;src.var.amplitude
solution_id,source_id,global_ranking,reference_time,frequency,frequency_error,geom_model_reference_level,geom_model_reference_level_error,geom_model_gaussian1_phase,geom_model_gaussian1_phase_error,geom_model_gaussian1_sigma,geom_model_gaussian1_sigma_error,geom_model_gaussian1_depth,geom_model_gaussian1_depth_error,geom_model_gaussian2_phase,geom_model_gaussian2_phase_error,geom_model_gaussian2_sigma,geom_model_gaussian2_sigma_error,geom_model_gaussian2_depth,geom_model_gaussian2_depth_error,geom_model_cosine_half_period_amplitude,geom_model_cosine_half_period_amplitude_error,geom_model_cosine_half_period_phase,geom_model_cosine_half_period_phase_error,model_type,num_model_parameters,reduced_chi2,derived_primary_ecl_phase,derived_primary_ecl_phase_error,derived_primary_ecl_duration,derived_primary_ecl_duration_error,derived_primary_ecl_depth,derived_primary_ecl_depth_error,derived_secondary_ecl_phase,derived_secondary_ecl_phase_error,derived_secondary_ecl_duration,derived_secondary_ecl_duration_error,derived_secondary_ecl_depth,derived_secondary_ecl_depth_error
[from data line 867]
375316653866487564,5310119551290284160,0.6940075,2099.4758900021443,0.5808334512493847,1.3794023E-6,12.896191,0.0041482663,0.22907563,4.5994588E-4,0.038186137,7.647512E-4,0.45653275,0.010652754,0.72569644,0.0038520047,0.042779103,0.0051111486,0.29861146,0.010015297,0.03864352,0.0054223347,0.22907563,4.5994588E-4,"TWOGAUSSIANS_WITH_ELLIPSOIDAL_ON_ECLIPSE1",9,46.466034,0.22907563,4.5994588E-4,0.21384238,0.0042826068,0.53381974,0.005797212,0.7258164,0.0037103717,0.23956297,0.028622432,0.3758649,0.007998363
375316653866487564,5310119650057475200,0.5614733,2065.8014975697492,4.709192813039466,6.523826E-6,17.631418,0.01099911,0.25096783,0.001816096,0.041257977,0.002547577,0.49660462,0.027894078,0.75946754,0.0023568945,0.034976263,0.006052567,0.2943599,0.1763872,0.07893906,0.01789915,0.75946754,0.0023568945,"TWOGAUSSIANS_WITH_ELLIPSOIDAL_ON_ECLIPSE2",9,21.297066,0.25131783,0.0017327606,0.23104468,0.014266431,0.65405124,0.019273436,0.75946754,0.0023568945,0.19586706,0.033894375,0.452238,0.17888919
375316653866487564,5310119856215957248,0.66315585,2101.183429611767,0.28275163461540054,2.7687129E-6,16.547766,0.0029439204,0.23694317,0.0047112657,0.016468896,0.007133896,0.08552072,0.010884081,0.7323979,8.318236E-4,0.025492428,8.11526E-4,1.4762188,0.10646858,0.021190709,0.0042397473,0.23694317,0.0047112657,"TWOGAUSSIANS_WITH_ELLIPSOIDAL_ON_ECLIPSE1",9,10.676552,0.7324079,8.289798E-4,0.1427576,0.0045445454,1.5185657,0.10932543,0.23694317,0.0047112657,0.09222582,0.039949816,0.12790214,0.010094752
375316653866487564,5310121475435663360,0.6710632,2115.874294552689,0.22944153918741095,1.1277481E-6,16.11149,0.0012089758,0.2799502,2.8990634E-4,0.021462556,4.898713E-4,0.46383882,0.0045123063,0.7750914,0.007851841,0.015716836,0.0064525953,0.058626547,0.11830541,0.015974289,0.001763859,0.2799502,2.8990634E-4,"TWOGAUSSIANS_WITH_ELLIPSOIDAL_ON_ECLIPSE1",9,4.942981,0.2799502,2.8990634E-4,0.120190315,0.0027432793,0.49578738,0.003659398,0.7751414,0.0077989697,0.08801428,0.036134534,0.09054566,0.118163615
375316653866487564,5310121849079510656,0.48112142,2078.99530133925,3.142240150805045,1.5491436E-5,19.48533,0.05069098,0.21802655,0.0059202174,0.109297335,0.020064812,0.27104655,0.044649616,0.7152326,0.0054248436,0.11173667,0.020885753,0.24886262,0.044697326,null,null,null,null,"TWOGAUSSIANS",8,2.6063676,0.21802655,0.005924038,0.4,0.0,0.2320261,0.023611363,0.7152326,0.0054248436,0.4,0.0,0.20983529,0.02027773
375316653866487564,5310121922112276224,0.58575124,2084.2938849097854,0.9760109955681249,4.383443E-6,17.917646,0.0018992278,0.30512103,0.0045715133,0.035678077,0.0037153133,0.14655831,0.021512775,0.8040608,0.006604292,0.03145578,0.005124828,0.3805859,0.12923156,0.033628795,0.0032439744,0.30512103,0.0045715133,"TWOGAUSSIANS_WITH_ELLIPSOIDAL_ON_ECLIPSE1",9,0.9485331,0.80407083,0.0064858603,0.17615238,0.028699037,0.44784054,0.13156956,0.30512103,0.0045715133,0.19979723,0.020805756,0.21381588,0.021764208
375316653866487564,5310122364476690048,0.5974163,2090.6568875712514,2.906473738750627,4.869892E-6,17.524923,0.009254476,0.22082818,0.0013863887,0.071495794,0.0026498614,0.45808998,0.009177307,0.7160475,0.0014727934,0.074590296,0.0022462567,0.5159418,0.010848647,null,null,null,null,"TWOGAUSSIANS",8,10.53627,0.7160475,0.0014727934,0.4,0.0,0.51345503,0.010370617,0.22082818,0.0013863887,0.4,0.0066531915,0.45560324,0.0087090805
375316653866487564,5310122639354765184,0.5052883,2061.5238409979465,1.43868913608711,9.40008E-6,18.633991,0.005587831,0.22591963,0.0020277991,0.06223621,0.0039791088,0.15413071,0.0055789608,0.7029218,0.028481897,0.09265706,0.022115782,0.049605034,0.008214592,null,null,null,null,"TWOGAUSSIANS",8,1.2501924,0.22591963,0.0020274024,0.34852275,0.022283008,0.15363082,0.0053355712,0.7029218,0.028481897,0.4,0.0,0.04910505,0.007904242
375316653866487564,5310122746746536576,0.62248814,2119.4886235793265,1.3645431750068273,4.241549E-6,14.870096,0.013980087,0.25078133,0.0018039676,0.12847021,0.011363248,0.13001865,0.01301493,0.734847,0.001612219,0.102258876,0.004968458,0.23676576,0.013440465,null,null,null,null,"TWOGAUSSIANS",8,9.575447,0.734847,0.001612219,0.4,0.0,0.20981823,0.003275181,0.25079134,0.0018027383,0.4,0.0,0.102926716,0.0029135195
375316653866487564,5310123811884877312,0.4888647,1979.9674004082801,4.0005639662620345,2.5650315E-5,19.090998,0.01775345,0.32300365,0.06320015,0.076542206,0.047319777,0.6407141,1.6421727,0.8372549,0.0031723687,0.06509001,0.0046429983,0.6279231,0.028006643,null,null,null,null,"TWOGAUSSIANS",8,6.010829,0.32300365,0.06320015,0.4,0.22434,0.6389786,1.6441194,0.8372549,0.0031723687,0.36450404,0.02600079,0.6261875,0.027646692
375316653866487564,5310124082466297344,0.48725057,2089.069016269592,1.4698206669066027,4.739563E-5,17.892939,0.004816277,0.2097234,0.006567577,0.024876002,0.0041471277,0.2280683,0.04465312,0.71375763,0.027500452,0.022375133,0.023805397,0.05863895,0.09778686,0.017062837,0.0061573586,0.2097234,0.006567577,"TWOGAUSSIANS_WITH_ELLIPSOIDAL_ON_ECLIPSE1",9,8.017249,0.2097234,0.006567577,0.1393056,0.023223914,0.26219392,0.04191359,0.71375763,0.027477749,0.12530074,0.13331023,0.09274263,0.096739754
375316653866487564,5310125461152610688,0.5055435,2039.7614908832802,3.263868838136811,1.0581216E-5,19.028217,0.009301712,0.28066167,0.0029876314,0.038635347,0.0066384277,0.12870006,0.033329185,0.7830147,0.021803495,0.031444024,0.0216951,0.12031447,0.07585764,0.12920266,0.022853388,0.28066167,0.0029876314,"TWOGAUSSIANS_WITH_ELLIPSOIDAL_ON_ECLIPSE1",9,7.6100907,0.28066167,0.0029876314,0.21635795,0.037175197,0.3871052,0.020778492,0.7830147,0.021286542,0.17608653,0.12149256,0.37866315,0.07717166
375316653866487564,5310125804763050880,0.6498536,2066.7941884236293,2.4614985639729996,2.0581674E-6,16.196108,0.004437848,0.2554763,9.665361E-4,0.050755408,0.0032743053,0.18055582,0.01143985,0.75735986,0.0016488973,0.04623038,0.0031746356,0.18327206,0.010309414,0.12794265,0.006425255,0.2554763,9.665361E-4,"TWOGAUSSIANS_WITH_ELLIPSOIDAL_ON_ECLIPSE1",9,9.563237,0.75735986,0.0016488973,0.25889012,0.017777959,0.43912047,0.008151585,0.2554763,9.665361E-4,0.28423026,0.01833611,0.43644008,0.0077278265
375316653866487564,5310126457601367808,0.5248321,2394.4556414995513,0.0034736877267482515,1.3938701E-5,17.561357,0.0020070313,0.49534768,0.0052180234,0.02333621,0.002351149,0.1375644,0.013112473,0.81514156,0.0033907234,0.0139530245,0.008160788,0.22591206,2.164592,null,null,null,null,"TWOGAUSSIANS",8,3.0233448,0.81514156,0.0033907234,0.078136936,0.04570041,0.22591206,2.164592,0.49534768,0.0052180234,0.13068277,0.013166434,0.1375644,0.013112473
375316653866487564,5310126869900805760,0.4787068,2042.202440741977,2.55299536792963,2.2370124E-5,18.301296,0.1388769,0.26566696,0.0067963186,0.12847792,0.043207023,0.24393709,0.1311171,0.77353925,0.0078101256,0.12319346,0.03861845,0.24311762,0.13418864,null,null,null,null,"TWOGAUSSIANS",8,6.694128,0.26559696,0.0067077363,0.4,0.0,0.18051057,0.01407273,0.7736492,0.007753224,0.4,0.0,0.17981587,0.012985649
375316653866487564,5310127041713343616,0.57697725,2100.4242556101203,2.592898764886205,6.5285362E-6,15.913898,0.009225931,0.2643743,0.0018365722,0.10075433,0.0042681275,0.24585275,0.008897751,0.75377816,0.0022954666,0.0984692,0.004955731,0.27441493,0.008213268,null,null,null,null,"TWOGAUSSIANS",8,18.680908,0.75377816,0.0022954666,0.4,0.0,0.25497526,0.006897189,0.2643743,0.0018365722,0.4,0.0,0.22641216,0.0039486224
375316653866487564,5310127728908102272,0.5489376,2086.773093057135,1.3209901045682757,6.1600067E-6,15.936892,0.0025147065,0.26115608,0.002023774,0.057201646,0.005720075,0.044297677,0.005766349,0.76430666,0.039021224,0.04240021,0.034942675,0.008652472,0.0085191475,0.024676705,0.003032885,0.26115608,0.002023774,"TWOGAUSSIANS_WITH_ELLIPSOIDAL_ON_ECLIPSE1",9,5.6015906,0.26115608,0.002023774,0.32032922,0.032032423,0.09364793,0.0035108721,0.76430666,0.03285196,0.2374412,0.19567898,0.057983384,0.004550721
375316653866487564,5310127758956184960,0.52150863,2080.1168774160656,3.301108206629479,2.05235E-5,17.792953,0.007646426,0.20179412,5.624224E-4,0.02191313,8.3437335E-4,0.48221475,0.008002146,0.43722144,0.022079661,0.04750769,0.030287057,0.044793442,0.020336194,null,null,null,null,"TWOGAUSSIANS",8,11.781246,0.20179412,5.624224E-4,0.12271353,0.004672491,0.48221496,0.008002448,0.43722144,0.022079661,0.26604307,0.16960752,0.044793442,0.020336194
375316653866487564,5310127866347069312,0.6993968,2088.9402071108952,0.7649968648680168,5.1877496E-6,15.347679,0.0019679517,0.20269117,0.0031840345,0.032109752,0.002272811,0.52389306,0.089247875,0.70306706,0.0020558434,0.029436946,0.0023386036,0.5972838,0.047881275,0.019091772,0.003017478,0.20269117,0.0031840345,"TWOGAUSSIANS_WITH_ELLIPSOIDAL_ON_ECLIPSE1",9,6.9063077,0.70306706,0.0020475234,0.1648469,0.01309618,0.635467,0.050753556,0.20269117,0.0031840345,0.17981462,0.012727742,0.5620765,0.09113571
375316653866487564,5310128622264768384,0.48663428,2074.024668141064,3.3552239223255635,3.1689942E-5,18.955603,0.0035542918,0.11940387,0.01143017,0.019477103,0.006400719,0.49268228,0.41532513,0.71342367,2.9151357E-4,0.009627598,8.440853E-4,0.23937191,0.04942114,null,null,null,null,"TWOGAUSSIANS",8,3.0530522,0.11940387,0.01143017,0.10907178,0.035844024,0.49268228,0.41532513,0.71342367,2.9151357E-4,0.05391455,0.004726878,0.23937191,0.04942114
375316653866487564,5310128931485336320,0.42362162,2097.6576285493275,0.07594453279558552,2.5134828E-5,16.894201,0.002825033,0.28338194,0.006736444,0.057628576,0.016514547,0.046431873,0.07920792,0.6202321,0.01868122,0.13848373,0.039996594,0.026970591,0.0028970055,null,null,null,null,"TWOGAUSSIANS",8,3.3745155,0.28519195,0.005726497,0.32272002,0.092481464,0.04765717,0.079452075,0.6202321,0.01868122,0.4,0.0,0.026773494,0.002834712
375316653866487564,5310129309456138752,0.63115966,2087.2641020865335,0.310176409469381,1.1191075E-6,14.885428,6.1020843E-4,0.22007765,1.1442478E-4,0.014610858,1.7782011E-4,0.103855185,0.0011890257,0.72103167,0.0010765555,0.012904564,6.5133395E-4,0.14466764,0.007666151,null,null,null,null,"TWOGAUSSIANS",8,4.2976475,0.72103167,0.0010765555,0.07226556,0.00364747,0.14466764,0.007666151,0.22007765,1.1442478E-4,0.08182081,9.957926E-4,0.103855185,0.0011890257
375316653866487564,5310130061059073024,0.54268175,2049.863328429494,3.4600068520895597,9.908069E-6,19.02103,0.015280795,0.25936952,0.003056604,0.09055403,0.0055866456,0.3344939,0.01620611,0.75274736,0.0052953125,0.08907557,0.0062010693,0.3973979,0.020682778,null,null,null,null,"TWOGAUSSIANS",8,2.5396984,0.75274736,0.0052953125,0.4,0.0,0.38375318,0.016932484,0.25936952,0.003056604,0.4,0.0,0.32084915,0.011753614
375316653866487564,5310130065370386304,0.5874495,2078.278665737146,1.2548820794661584,1.9818997E-6,18.551624,0.0030537718,0.16110866,6.4647535E-4,0.034561396,9.816872E-4,0.43444616,0.0148037365,0.65801644,0.0039687525,0.0377026,0.0030566566,0.43276986,0.012470998,null,null,null,null,"TWOGAUSSIANS",8,1.7856883,0.16110866,6.4647535E-4,0.19354382,0.0054974486,0.43444616,0.014803737,0.65801644,0.0039687525,0.21113457,0.017117277,0.43276986,0.012470998
375316653866487564,5310130924367241728,0.5760378,2103.0549799721193,0.6735167814761512,4.627337E-6,16.121105,0.0011400245,0.17618547,0.0016003868,0.020870104,0.0010662167,0.2698295,0.009332445,0.6639706,0.023781301,0.027886005,0.024947284,0.019245423,5.8491992E7,0.005589176,0.0024644653,0.6639706,0.023781301,"TWOGAUSSIANS_WITH_ELLIPSOIDAL_ON_ECLIPSE2",9,7.787976,0.17616548,0.001584236,0.11687258,0.005970814,0.28094226,0.0085739875,0.6639706,0.023781301,0.15616162,0.1397048,0.030423773,5.8491992E7
375316653866487564,5310131336674606080,0.51858526,2049.715223332933,0.6080354628293713,1.4007443E-5,17.90061,0.0035130563,0.14794691,0.024016406,0.015080713,0.013469935,0.35093096,27.639397,0.6449363,8.4128504E-4,0.016841374,9.853747E-4,0.335127,0.022731757,null,null,null,null,"TWOGAUSSIANS",8,5.9057884,0.14794691,0.024016406,0.08445199,0.07543164,0.35093096,27.639397,0.6449363,8.4128504E-4,0.0943117,0.0055180984,0.335127,0.022731757
375316653866487564,5310131611560905472,0.60227025,2066.9534219289885,0.04873822078380317,9.172069E-6,17.153774,0.0014687957,0.08879288,3.21445E-7,0.0024264792,1.5554655E-5,0.5432577,9.556715E-4,0.46316862,0.05313185,0.033039,0.04942214,0.010561432,1.35295971E17,0.0027850969,0.0018492689,0.46316862,0.05313185,"TWOGAUSSIANS_WITH_ELLIPSOIDAL_ON_ECLIPSE2",9,4.332483,0.08879288,3.21445E-7,0.013588283,8.710607E-5,0.546021,0.0017211379,0.46316862,0.05313185,0.18501839,0.27676398,0.016131625,1.35295971E17
375316653866487564,5310131882126222592,0.45928612,2080.5283597720654,1.6588948374153298,3.439743E-5,19.134413,0.0060925614,0.22532962,0.032918572,0.012153274,0.052950058,0.09371241,0.03350801,0.39550722,0.0050824983,0.0037649744,0.0059268135,1.0484564,1.2626922,0.011764539,0.007371479,0.22532962,0.032918572,"TWOGAUSSIANS_WITH_ELLIPSOIDAL_ON_ECLIPSE1",9,4.0271535,0.39550722,0.0050824983,0.021083858,0.033190154,1.0538951,1.2630885,0.22532962,0.032918572,0.068058334,0.29652032,0.11724147,0.03550475
375316653866487564,5310132534961360256,0.49501765,2084.8128818767846,0.3889634331187756,2.374174E-6,19.011053,0.0023745084,0.21170168,2.4839095E-5,0.008304356,1.1436688E-4,0.6181353,0.010280599,0.5588093,0.0058256956,0.0119453985,0.011369544,0.03994589,0.015017725,null,null,null,null,"TWOGAUSSIANS",8,1.436086,0.21170168,2.4839095E-5,0.046504393,6.404545E-4,0.6181353,0.010280599,0.5588093,0.0058256956,0.06689423,0.06366945,0.03994589,0.015017725
375316653866487564,5310133054669723392,0.51287305,2096.1835238922513,0.059698404596248755,5.4565103E-6,14.424182,0.0021693325,0.34967422,0.021749508,0.11969669,0.024594735,0.033364788,0.0066915057,0.9578724,2.1107288E-4,0.003013335,5.0379505E-4,0.2835513,0.019833155,null,null,null,null,"TWOGAUSSIANS",8,89.3832,0.9578724,2.1107288E-4,0.016874675,0.0028212522,0.2836978,0.019831836,0.34967422,0.021749508,0.4,0.0,0.033353943,0.0067153624
375316653866487564,5310133192101431296,0.54222035,2154.697539000725,3.1968185135628913,1.2831269E-5,19.862747,0.010834854,0.23864807,0.0058997315,0.06277254,0.0041412353,0.65747666,0.03420447,0.749001,0.006354963,0.06715249,0.0048776194,0.62998474,0.048882846,null,null,null,null,"TWOGAUSSIANS",8,1.3753986,0.23864807,0.0058997315,0.35152623,0.023190917,0.6569031,0.03402613,0.749001,0.006354963,0.37605393,0.02731467,0.62941116,0.0489629
375316653866487564,5310133707496851968,0.51211107,2052.8491503517266,3.2038224112700795,8.117149E-6,18.541967,0.022578815,0.21013652,0.0035711029,0.10436666,0.012466458,0.22708784,0.017913364,0.7168265,0.0044694324,0.105741754,0.012567841,0.19610585,0.021019908,null,null,null,null,"TWOGAUSSIANS",8,2.3035278,0.21013652,0.00357984,0.4,0.0,0.20407732,0.010519972,0.7168265,0.004475401,0.4,0.0,0.17309454,0.0097277565
375316653866487564,5310135661695787904,0.5397815,2050.6980960719625,3.208184734403976,8.200289E-6,19.05443,0.013885972,0.20440827,0.0028326642,0.06887586,0.00520079,0.44492412,0.041379616,0.6996401,0.0020837039,0.06552228,0.002765423,0.71530944,0.025819084,null,null,null,null,"TWOGAUSSIANS",8,4.9582534,0.6996401,0.0020837039,0.3669248,0.015486369,0.7143422,0.025744254,0.20440827,0.0028326642,0.38570482,0.029124424,0.44395682,0.041643407
