Gaia/vari_eclipsing_binary/VariEclipsingBinary_786097-786431.csv
# %ECSV 1.0
# ---
# delimiter: ','
# meta: !!omap
# - RELEASE: Gaia DR3
# - TABLE: vari_eclipsing_binary
# - DESCRIPTION: >
#     This table describes the properties of the eclipsing binaries resulting from the variability analysis. 
# - CITATION: >
#     How to cite and acknowledge Gaia: 
#     https://gea.esac.esa.int/archive/documentation/credits.html 
# - KNOWN_ISSUES: >
#     Known issues: 
#     https://www.cosmos.esa.int/web/gaia-users/known-issues 
# - DOCUMENTATION: >
#     Tutorials and documentation: 
#     https://www.cosmos.esa.int/web/gaia-users/archive 
# datatype:
# - 
#   name: solution_id
#   datatype: int64
#   description: Solution Identifier
#   meta:
#     ucd: meta.version
# - 
#   name: source_id
#   datatype: int64
#   description: Unique source identifier
#   meta:
#     ucd: meta.id;meta.main
# - 
#   name: global_ranking
#   datatype: float32
#   description: Number between 0 (worst) and 1 (best)
#   meta:
#     ucd: stat.param
# - 
#   name: reference_time
#   datatype: float64
#   unit: d
#   description: Reference time used for the geometric model fit
#   meta:
#     ucd: time.epoch
# - 
#   name: frequency
#   datatype: float64
#   unit: d**-1
#   description: Frequency of geometric model of the eclipsing binary light curve
#   meta:
#     ucd: src.orbital
# - 
#   name: frequency_error
#   datatype: float32
#   unit: d**-1
#   description: "Uncertainty of \\texttt{frequency}"
#   meta:
#     ucd: stat.error
# - 
#   name: geom_model_reference_level
#   datatype: float32
#   unit: mag
#   description: Magnitude reference level of geometric model
#   meta:
#     ucd: phot.mag;em.opt
# - 
#   name: geom_model_reference_level_error
#   datatype: float32
#   unit: mag
#   description: "Uncertainty of \\texttt{geomModelReferenceLevel}"
#   meta:
#     ucd: stat.error;phot.mag;em.opt
# - 
#   name: geom_model_gaussian1_phase
#   datatype: float32
#   description: Phase of the Gaussian 1 component
#   meta:
#     ucd: time.phase
# - 
#   name: geom_model_gaussian1_phase_error
#   datatype: float32
#   description: "Uncertainty of \\texttt{geomModelGaussian1Phase}"
#   meta:
#     ucd: stat.error;time.phase
# - 
#   name: geom_model_gaussian1_sigma
#   datatype: float32
#   description: "Standard deviation [phase] of Gaussian 1 component"
#   meta:
#     ucd: stat.stdev
# - 
#   name: geom_model_gaussian1_sigma_error
#   datatype: float32
#   description: "Uncertainty of \\texttt{geomModelGaussian1Sigma}"
#   meta:
#     ucd: stat.error
# - 
#   name: geom_model_gaussian1_depth
#   datatype: float32
#   unit: mag
#   description: Magnitude depth of Gaussian 1 component
#   meta:
#     ucd: src.var.amplitude
# - 
#   name: geom_model_gaussian1_depth_error
#   datatype: float32
#   unit: mag
#   description: "Uncertainty of \\texttt{geomModelGaussian1Depth}"
#   meta:
#     ucd: stat.error;src.var.amplitude
# - 
#   name: geom_model_gaussian2_phase
#   datatype: float32
#   description: Phase of Gaussian 2 component
#   meta:
#     ucd: time.phase
# - 
#   name: geom_model_gaussian2_phase_error
#   datatype: float32
#   description: "Uncertainty of \\texttt{geomModelGaussian2Phase}"
#   meta:
#     ucd: stat.error;time.phase
# - 
#   name: geom_model_gaussian2_sigma
#   datatype: float32
[...]
#   datatype: float32
#   description: "Secondary eclipse: uncertainty of \\texttt{derivedSecondaryEclDuration}"
#   meta:
#     ucd: stat.error;time.duration
# - 
#   name: derived_secondary_ecl_depth
#   datatype: float32
#   unit: mag
#   description: "Secondary eclipse: depth"
#   meta:
#     ucd: src.var.amplitude
# - 
#   name: derived_secondary_ecl_depth_error
#   datatype: float32
#   unit: mag
#   description: "Secondary eclipse: uncertainty of \\texttt{derivedSecondaryEclDepth}"
#   meta:
#     ucd: stat.error;src.var.amplitude
solution_id,source_id,global_ranking,reference_time,frequency,frequency_error,geom_model_reference_level,geom_model_reference_level_error,geom_model_gaussian1_phase,geom_model_gaussian1_phase_error,geom_model_gaussian1_sigma,geom_model_gaussian1_sigma_error,geom_model_gaussian1_depth,geom_model_gaussian1_depth_error,geom_model_gaussian2_phase,geom_model_gaussian2_phase_error,geom_model_gaussian2_sigma,geom_model_gaussian2_sigma_error,geom_model_gaussian2_depth,geom_model_gaussian2_depth_error,geom_model_cosine_half_period_amplitude,geom_model_cosine_half_period_amplitude_error,geom_model_cosine_half_period_phase,geom_model_cosine_half_period_phase_error,model_type,num_model_parameters,reduced_chi2,derived_primary_ecl_phase,derived_primary_ecl_phase_error,derived_primary_ecl_duration,derived_primary_ecl_duration_error,derived_primary_ecl_depth,derived_primary_ecl_depth_error,derived_secondary_ecl_phase,derived_secondary_ecl_phase_error,derived_secondary_ecl_duration,derived_secondary_ecl_duration_error,derived_secondary_ecl_depth,derived_secondary_ecl_depth_error
[from data line 36]
375316653866487564,6914975205728490880,0.45193836,2244.0806283425127,1.3562556311603056,1.9806223E-5,18.048527,0.2900588,0.21835563,0.0066894363,0.24342702,0.16618301,0.24823532,0.28906575,0.7136226,0.0052727824,0.12114374,0.031343915,0.21718188,0.1333953,null,null,null,null,"TWOGAUSSIANS",8,2.6826828,0.7136226,0.0052727824,0.4,0.0,0.107397415,0.012478752,0.21846563,0.0066780997,0.4,0.0,0.078386374,0.0066394894
375316653866487564,6914985105628599936,0.51376563,2241.220723176561,1.4773637632703687,4.520189E-5,14.483221,0.0017660387,0.1943955,0.0070252614,0.018079849,0.0098311035,0.034015242,0.046875935,0.73338795,0.008601424,0.02271767,0.008586281,0.2515016,0.03401101,0.022025408,0.0026374904,0.73338795,0.008601424,"TWOGAUSSIANS_WITH_ELLIPSOIDAL_ON_ECLIPSE2",9,120.08245,0.73338795,0.008601424,0.12721895,0.04808317,0.29555237,0.034686714,0.1956155,0.0081399735,0.101247154,0.05505418,0.075553715,0.04717437
375316653866487564,6915000700654899968,0.64127386,2242.924859562336,3.1652469757686266,4.7660724E-6,16.985735,0.007789656,0.27642184,0.0010312045,0.053374022,0.0024940665,0.41601622,0.019314611,0.77912134,0.002285752,0.04888312,0.003330533,0.30402327,0.017679783,0.10908187,0.011274936,0.27642184,0.0010312045,"TWOGAUSSIANS_WITH_ELLIPSOIDAL_ON_ECLIPSE1",9,9.981206,0.27642184,0.0010312045,0.29889452,0.013966773,0.63417226,0.015102132,0.77912134,0.002285752,0.27374548,0.018650984,0.52211654,0.009716715
375316653866487564,6915001598302406656,0.53819966,2223.953090143572,3.8857027889144677,1.8799632E-5,16.718342,0.010688066,0.28823233,0.0053400425,0.08433396,0.0076309084,0.20841758,0.013346974,0.76496315,0.00557405,0.10920937,0.011079587,0.18394594,0.010057574,null,null,null,null,"TWOGAUSSIANS",8,12.63395,0.28825232,0.0053503327,0.4,0.0,0.1984951,0.012062006,0.76496315,0.00557405,0.4,0.0,0.17400818,0.00855021
375316653866487564,6915003140195584384,0.5579549,2250.940746213969,2.3767763801907043,2.3918936E-5,18.592196,0.0041489345,0.1883753,0.0025325706,0.029616913,0.0024936115,0.25185263,0.022229414,0.6884191,0.0015456183,0.03054956,0.0017076471,0.7037105,0.02946988,null,null,null,null,"TWOGAUSSIANS",8,3.0972607,0.6884191,0.0015456183,0.17107753,0.009562824,0.7037105,0.02946988,0.1883753,0.0025325706,0.16585472,0.013964225,0.25185263,0.022229414
375316653866487564,6915041043281056768,0.5978536,2206.2739305891537,3.579062723950418,8.04696E-6,15.737803,0.035988413,0.2720884,0.002225023,0.061408337,0.005842298,0.47874075,0.07914899,0.76506984,0.0021745334,0.056556873,0.008571684,0.39973024,0.077583134,0.0845319,0.046510022,0.76506984,0.0021745334,"TWOGAUSSIANS_WITH_ELLIPSOIDAL_ON_ECLIPSE2",9,86.12263,0.2714184,0.0019384715,0.3438867,0.032716867,0.6474093,0.024043,0.76506984,0.0021745334,0.3167185,0.04800143,0.56869614,0.022569058
375316653866487564,6915046437761036032,0.42225283,2240.087887312136,0.0798869736081367,8.214723E-5,17.664911,0.018169424,0.25609,0.013242301,0.091729656,0.023020402,0.1255549,0.022838669,0.7141436,0.010511045,0.118922636,0.019879939,0.12946244,0.025124889,null,null,null,null,"TWOGAUSSIANS",8,6.1174316,0.7141436,0.010511045,0.4,0.0,0.120215766,0.021926815,0.25625,0.013177063,0.4,0.0,0.11638967,0.02543718
375316653866487564,6915048838646700288,0.44331738,2231.167351970568,0.04003530590696709,6.6613706E-5,18.903057,0.0073005348,0.46878895,0.010641187,0.13926983,0.011672184,0.20868652,0.02064213,0.8734032,0.009158467,0.029480517,0.0048509846,0.30339044,0.17017373,null,null,null,null,"TWOGAUSSIANS",8,6.742579,0.8734032,0.009158467,0.1650909,0.027165513,0.30561385,0.17011152,0.46878895,0.010641187,0.4,0.0,0.20782085,0.020900628
375316653866487564,6915098252246820096,0.4586715,2237.5703045464265,1.0917595140483223,8.514113E-5,15.245762,0.0042718328,0.7398152,0.012438295,0.012667154,0.0036966281,1.1082281,0.7953055,null,null,null,null,null,null,0.011581036,0.0067174747,0.7398152,0.012438295,"ONEGAUSSIAN_WITH_ELLIPSOIDAL",6,277.12347,0.7398152,0.012438295,0.07093606,0.020701118,1.1313902,0.7961388,null,null,null,null,null,null
375316653866487564,6915103131329420544,0.60209197,2231.62200196083,1.1257577982316402,7.5681232E-6,14.918304,0.0052061616,0.2362679,0.0016211183,0.077473514,0.0028291566,0.21405639,0.0053364616,0.73754346,0.0017935527,0.096186474,0.004537056,0.13092093,0.0047571245,null,null,null,null,"TWOGAUSSIANS",8,15.642195,0.2362679,0.0016211183,0.4,0.0,0.20906937,0.0041616918,0.73754346,0.0017935527,0.4,0.0,0.12593354,0.0035517483
375316653866487564,6915145222009265664,0.41615927,2202.051365841722,1.0816253321429206,1.728396E-4,18.780252,0.28247786,0.14900786,0.020249298,0.08161592,0.035704184,0.17306831,0.104901575,0.62069666,0.018467642,0.20283242,0.16119961,0.25006583,0.25877017,null,null,null,null,"TWOGAUSSIANS",8,12.983936,0.62069666,0.018467642,0.4,0.0,0.17629565,0.045293134,0.15265785,0.023317745,0.4,0.061721943,0.124598615,0.055962093
375316653866487564,6915157793377108224,0.5466813,2222.771960964811,1.8544342413518233,4.707849E-6,17.634018,0.0027401466,0.67167056,0.10560242,0.055243358,0.056440156,0.008556529,0.016260054,0.8461813,0.001351793,0.021778207,9.009996E-4,0.3104678,0.008216104,null,null,null,null,"TWOGAUSSIANS",8,5.541352,0.8461813,0.001351793,0.12195796,0.005045598,0.31052607,0.008132999,0.67167056,0.10560242,0.3093628,0.18270816,0.008556529,0.016260063
375316653866487564,6915184838787343872,0.5266558,2231.2844708694547,1.5896937143230527,4.4474353E-5,19.628778,0.0048985104,0.37154397,0.0076870588,0.036143843,0.0052401912,0.7791986,0.15201795,0.85579854,0.008569968,0.03606641,0.006959009,0.13933137,0.026821477,null,null,null,null,"TWOGAUSSIANS",8,1.7013704,0.37154397,0.0076870588,0.20240551,0.029345071,0.7791986,0.15201795,0.85579854,0.008569968,0.2019719,0.038970448,0.13933137,0.026821477
375316653866487564,6915191259762914432,0.48885557,2232.069958437709,4.061701142383482,5.838664E-5,17.863157,0.026640436,0.25261825,0.008690885,0.10582538,0.022412097,0.10872128,0.026786841,0.73862594,0.009710094,0.10332158,0.031031683,0.08806861,0.02495183,null,null,null,null,"TWOGAUSSIANS",8,3.0886905,0.25261825,0.008672527,0.4,0.0,0.0991675,0.008641984,0.73862594,0.009710094,0.4,0.0,0.07851677,0.007432896
375316653866487564,6915210196274220032,0.6474883,2225.76305262382,1.7909195705333927,5.5982046E-6,12.777985,0.00540699,0.2445427,0.0017301432,0.059290443,0.0017486487,0.3079268,0.012720177,0.74573606,0.004744997,0.07088955,0.006400566,0.04548926,0.011927515,0.021493005,0.006153162,0.2445427,0.0017301432,"TWOGAUSSIANS_WITH_ELLIPSOIDAL_ON_ECLIPSE1",9,33.209686,0.2445427,0.0017301432,0.33202648,0.009792433,0.35078505,0.009753288,0.74573606,0.004744997,0.39698145,0.024330882,0.08834508,0.0031447925
375316653866487564,6915225482062299648,0.6024332,2227.140552050135,3.2889997199957364,6.6426583E-6,16.287067,0.00716621,0.26339713,0.0064139995,0.088638194,0.0059394985,0.4366768,0.02132689,0.7522126,0.0014824133,0.08288969,0.002476433,0.34582767,0.007517362,null,null,null,null,"TWOGAUSSIANS",8,16.152283,0.26339713,0.0064139995,0.4,0.0,0.427488,0.024589917,0.7522126,0.0014824133,0.4,0.0,0.336639,0.0056889504
375316653866487564,6915250770830524160,0.5436411,2214.702776756724,3.0891246073528564,2.2612108E-5,19.412703,0.0034685757,0.27294475,0.004637365,0.049312998,0.0054010362,0.5442631,0.06130432,0.7583437,0.0042899083,0.037355583,0.003556692,0.20043531,0.047323216,null,null,null,null,"TWOGAUSSIANS",8,1.247678,0.27294475,0.004637365,0.2761528,0.030245803,0.5442631,0.06130436,0.7583437,0.0042899083,0.20919126,0.019917475,0.2004353,0.04732323
375316653866487564,6915270871277647872,0.5157704,2230.996885220267,1.2798795078473315,2.0067175E-5,18.297712,0.0032605876,0.28694454,0.002675421,0.033502407,0.0028031508,0.28451154,0.031790745,0.77743715,0.009722498,0.05077326,0.013532217,0.08152712,0.010203133,null,null,null,null,"TWOGAUSSIANS",8,2.4502587,0.28694454,0.002675421,0.18761347,0.015697645,0.28451154,0.03179075,0.77743715,0.009722498,0.28433025,0.075780414,0.08152712,0.010203133
375316653866487564,6915271322248930688,0.4384502,2210.942934440814,1.8192791561083173,5.6541823E-5,14.445108,0.004893053,0.26126105,0.0134921,0.028455755,0.016873533,0.04195631,0.037942953,null,null,null,null,null,null,0.04017027,0.0060053347,0.26126105,0.0134921,"ONEGAUSSIAN_WITH_ELLIPSOIDAL",6,418.59726,0.26126105,0.0134921,0.15935223,0.09449178,0.12229665,0.036730662,null,null,null,null,null,null
375316653866487564,6915286023920491520,0.54110515,2244.64186452681,3.088296055608349,1.8338955E-5,18.072111,0.0023906706,0.37606168,0.022779698,0.030659828,0.044354618,0.01234743,0.26164773,0.5534255,3.2697347E-4,0.015816562,5.131352E-4,0.3262637,0.0050978623,null,null,null,null,"TWOGAUSSIANS",8,1.8323977,0.5534255,3.2697347E-4,0.08857275,0.0028735574,0.3262637,0.0050978945,0.37606168,0.022779698,0.17169504,0.24838586,0.01234743,0.26164773
375316653866487564,6915293961020437120,0.48066846,2258.629302433301,2.724328815786618,1.8103841E-5,19.973099,0.005007036,0.24191687,0.012867406,0.03658891,0.0052239774,0.53985673,0.15931179,0.7306838,0.0037666764,0.035362143,0.0056899483,0.27601466,0.045044743,null,null,null,null,"TWOGAUSSIANS",8,1.234773,0.24191687,0.012867406,0.2048979,0.029254273,0.53985673,0.15931179,0.7306838,0.0037666764,0.198028,0.03186371,0.27601466,0.045044743
375316653866487564,6915302692689972608,0.51713824,2264.6740671441635,3.1563197513256855,2.2986043E-5,15.010201,0.76773566,0.27905294,0.0069210953,0.122970946,0.06990618,0.2144683,0.6517418,0.7909513,0.006383069,0.12236054,0.0956917,0.17612498,0.71276426,null,null,null,null,"TWOGAUSSIANS",8,71.38899,0.27897295,0.0049782884,0.4,0.0,0.17052884,0.008135879,0.7910713,0.0056066653,0.4,0.0,0.1322143,0.006548503
375316653866487564,6915309525982107008,0.47846386,2263.044985256051,0.3264368953755538,7.727948E-5,16.04583,0.27313244,0.31978437,0.033887494,0.32138258,0.38083106,0.14019345,0.2607472,0.85207915,0.0022812048,0.014810953,0.0019549667,0.7068354,0.677317,null,null,null,null,"TWOGAUSSIANS",8,61.85047,0.8520891,0.002281187,0.08294134,0.010947813,0.7068161,0.67735416,0.31978437,0.033887494,0.4,0.0,0.05819377,0.008352879
375316653866487564,6915313893964431360,0.51203424,2270.402141182268,3.145467501338607,2.6629265E-5,14.689843,0.6081606,0.28278497,0.007538002,0.18021162,0.17182581,0.28946605,0.59716374,0.7852396,0.0050071077,0.12867609,0.04423342,0.294689,0.3455273,null,null,null,null,"TWOGAUSSIANS",8,98.832375,0.78564954,0.0046796864,0.4,0.0,0.15512164,0.0060379896,0.28270498,0.007512689,0.4,0.0,0.13786872,0.011817755
375316653866487564,6915319936983023872,0.5505941,2257.5777279634917,0.10667806603834386,2.83407E-5,15.969672,0.0040517948,0.111427054,0.012960357,0.025755286,0.016203705,0.45864043,52080.89,0.6332908,3.4091566E-4,0.030197402,6.001935E-4,0.64974505,0.026256016,null,null,null,null,"TWOGAUSSIANS",8,7.449183,0.6332908,3.4091566E-4,0.16910546,0.0033610836,0.64974505,0.026256016,0.111427054,0.012960357,0.1442296,0.09074075,0.45864043,52080.89
375316653866487564,6915344504196578688,0.43699086,2312.8179636809396,0.04271735392791261,1.02944956E-4,17.352222,0.006516607,0.35916173,0.019077143,0.122353464,0.02201727,0.082178816,0.01009508,0.80327505,0.017820308,0.068620645,0.033488907,0.08735904,0.10380701,null,null,null,null,"TWOGAUSSIANS",8,5.1250334,0.80327505,0.017820308,0.38427562,0.15083961,0.08515527,0.10580219,0.35916173,0.019077143,0.4,0.0,0.07985915,0.009486053
375316653866487564,6915361306108203264,0.4141612,2245.850351447058,0.039895383983995766,1.5850204E-5,16.019241,0.014596444,0.38810706,0.015273756,0.2092465,0.04965929,0.06133402,0.01596375,0.7763367,0.0025485458,0.010435174,0.0071328343,0.036504027,0.010216445,null,null,null,null,"TWOGAUSSIANS",8,6.6300616,0.38810706,0.015273756,0.4,0.0,0.05427451,0.008085803,0.7763367,0.0025485458,0.05843698,0.039943874,0.04126703,0.01034862
375316653866487564,6915364986896861696,0.57791543,2256.0965492007117,4.111881079945782,1.2931082E-5,17.411997,0.006446271,0.27943012,0.0023202763,0.088932075,0.004159898,0.22247754,0.0068904203,0.7740688,0.0024181812,0.08587441,0.003964632,0.21442066,0.010138732,null,null,null,null,"TWOGAUSSIANS",8,3.4062219,0.27943012,0.0023202763,0.4,0.0,0.21578588,0.005895483,0.7740688,0.0024181812,0.4,0.0,0.20772904,0.009652506
375316653866487564,6915371755764052864,0.53402156,2204.47379535974,1.4915488777940584,7.718875E-6,13.91414,0.0051376647,0.28201428,0.0013719242,0.054681405,0.00229649,0.3401094,0.018302804,0.7685475,0.022484977,0.009458033,0.009865285,0.09153762,62.72506,0.03966966,0.0074564843,0.28201428,0.0013719242,"TWOGAUSSIANS_WITH_ELLIPSOIDAL_ON_ECLIPSE1",9,641.87646,0.28201428,0.0013719242,0.30621585,0.012860343,0.41943887,0.016332546,0.76862746,0.022587089,0.052964985,0.055245593,0.17030382,62.719078
375316653866487564,6915379173172586752,0.5645566,2245.2160344921945,4.371275805869169,6.382051E-6,19.272593,0.027202431,0.20494232,0.0019360002,0.04360964,0.00554157,0.49471676,0.057681195,0.6968652,0.0026223855,0.048009522,0.006121677,0.5635502,0.06220224,0.11816531,0.03530071,0.20494232,0.0019360002,"TWOGAUSSIANS_WITH_ELLIPSOIDAL_ON_ECLIPSE1",9,3.7747574,0.6974352,0.0024028807,0.26885334,0.03428139,0.7993153,0.04532357,0.20494232,0.0019360002,0.244214,0.031032793,0.73104703,0.031598985
375316653866487564,6915400854167606912,0.51982087,2250.7189175238427,3.595147713749086,1.5214772E-5,19.3781,0.012268973,0.293139,0.0060697673,0.09260841,0.008427439,0.26871935,0.015200839,0.79304856,0.0030754567,0.08779247,0.0048217643,0.3062309,0.014403139,null,null,null,null,"TWOGAUSSIANS",8,1.5165225,0.79304856,0.0030754567,0.4,0.0,0.29396132,0.011607857,0.293139,0.0060697673,0.4,0.0,0.25644958,0.012828533
375316653866487564,6915402537794946432,0.50449693,2256.291600324064,3.8329086707469013,2.1185657E-5,19.31937,0.020825347,0.29722753,0.0041155596,0.07394372,0.0058705863,0.7497557,0.06259468,0.778321,0.0060319896,0.093141645,0.009096845,0.36158094,0.022954425,null,null,null,null,"TWOGAUSSIANS",8,5.5805254,0.29722753,0.0041155596,0.4,0.0,0.74187577,0.06424016,0.778321,0.0060319896,0.4,0.0,0.35370037,0.020427862
375316653866487564,6915469401844916864,0.46631482,2244.0277469888933,0.2061633706965661,2.8068423E-5,18.771235,0.010252518,0.2325715,0.005140137,0.03740757,0.005411986,0.18688925,0.0138860755,0.77425,0.011786544,0.122917764,0.020709831,0.118515514,0.020697083,null,null,null,null,"TWOGAUSSIANS",8,2.6779428,0.2325515,0.005133989,0.20948239,0.030307122,0.18627144,0.013591597,0.77425,0.011786544,0.4,0.0,0.11777704,0.02091409
375316653866487564,6915479675406586368,0.50012887,2232.0819984852933,0.08259350374402918,1.5625455E-5,18.979927,0.0049672876,0.11779115,0.0055213105,0.004567688,0.00363816,0.090373285,0.025586294,0.6697228,0.023745302,0.06506646,0.043051343,0.8533098,93393.51,null,null,null,null,"TWOGAUSSIANS",8,2.5762658,0.6697228,0.023745302,0.36437216,0.24108753,0.8533098,93393.51,0.11779115,0.0055213105,0.025579052,0.020373695,0.090373285,0.025586294
375316653866487564,6915494003418472704,0.62573594,2318.527748484981,4.037573043455659,1.0256978E-5,17.760672,0.008229765,0.13744856,0.0018690955,0.07193955,0.0025452066,0.58397037,0.020584906,0.63708824,0.0012423322,0.059998643,0.002759226,0.5998429,0.02540784,null,null,null,null,"TWOGAUSSIANS",8,5.996134,0.63708824,0.0012423322,0.3359924,0.015451665,0.5989562,0.02559222,0.13744856,0.0018690955,0.4,0.0051318593,0.5830836,0.020681543
375316653866487564,6915495412167778944,0.47993952,2302.1929789712244,4.574973664178675,1.7390956E-5,19.405357,0.0036969145,null,null,null,null,null,null,null,null,null,null,null,null,0.1093969,0.0068462295,0.2597649,0.0030925432,"ELLIPSOIDAL",4,1.6226404,null,null,null,null,null,null,null,null,null,null,null,null
