Gaia/vari_eclipsing_binary/VariEclipsingBinary_649956-650112.csv
# %ECSV 1.0
# ---
# delimiter: ','
# meta: !!omap
# - RELEASE: Gaia DR3
# - TABLE: vari_eclipsing_binary
# - DESCRIPTION: >
#     This table describes the properties of the eclipsing binaries resulting from the variability analysis. 
# - CITATION: >
#     How to cite and acknowledge Gaia: 
#     https://gea.esac.esa.int/archive/documentation/credits.html 
# - KNOWN_ISSUES: >
#     Known issues: 
#     https://www.cosmos.esa.int/web/gaia-users/known-issues 
# - DOCUMENTATION: >
#     Tutorials and documentation: 
#     https://www.cosmos.esa.int/web/gaia-users/archive 
# datatype:
# - 
#   name: solution_id
#   datatype: int64
#   description: Solution Identifier
#   meta:
#     ucd: meta.version
# - 
#   name: source_id
#   datatype: int64
#   description: Unique source identifier
#   meta:
#     ucd: meta.id;meta.main
# - 
#   name: global_ranking
#   datatype: float32
#   description: Number between 0 (worst) and 1 (best)
#   meta:
#     ucd: stat.param
# - 
#   name: reference_time
#   datatype: float64
#   unit: d
#   description: Reference time used for the geometric model fit
#   meta:
#     ucd: time.epoch
# - 
#   name: frequency
#   datatype: float64
#   unit: d**-1
#   description: Frequency of geometric model of the eclipsing binary light curve
#   meta:
#     ucd: src.orbital
# - 
#   name: frequency_error
#   datatype: float32
#   unit: d**-1
#   description: "Uncertainty of \\texttt{frequency}"
#   meta:
#     ucd: stat.error
# - 
#   name: geom_model_reference_level
#   datatype: float32
#   unit: mag
#   description: Magnitude reference level of geometric model
#   meta:
#     ucd: phot.mag;em.opt
# - 
#   name: geom_model_reference_level_error
#   datatype: float32
#   unit: mag
#   description: "Uncertainty of \\texttt{geomModelReferenceLevel}"
#   meta:
#     ucd: stat.error;phot.mag;em.opt
# - 
#   name: geom_model_gaussian1_phase
#   datatype: float32
#   description: Phase of the Gaussian 1 component
#   meta:
#     ucd: time.phase
# - 
#   name: geom_model_gaussian1_phase_error
#   datatype: float32
#   description: "Uncertainty of \\texttt{geomModelGaussian1Phase}"
#   meta:
#     ucd: stat.error;time.phase
# - 
#   name: geom_model_gaussian1_sigma
#   datatype: float32
#   description: "Standard deviation [phase] of Gaussian 1 component"
#   meta:
#     ucd: stat.stdev
# - 
#   name: geom_model_gaussian1_sigma_error
#   datatype: float32
#   description: "Uncertainty of \\texttt{geomModelGaussian1Sigma}"
#   meta:
#     ucd: stat.error
# - 
#   name: geom_model_gaussian1_depth
#   datatype: float32
#   unit: mag
#   description: Magnitude depth of Gaussian 1 component
#   meta:
#     ucd: src.var.amplitude
# - 
#   name: geom_model_gaussian1_depth_error
#   datatype: float32
#   unit: mag
#   description: "Uncertainty of \\texttt{geomModelGaussian1Depth}"
#   meta:
#     ucd: stat.error;src.var.amplitude
# - 
#   name: geom_model_gaussian2_phase
#   datatype: float32
#   description: Phase of Gaussian 2 component
#   meta:
#     ucd: time.phase
# - 
#   name: geom_model_gaussian2_phase_error
#   datatype: float32
#   description: "Uncertainty of \\texttt{geomModelGaussian2Phase}"
#   meta:
#     ucd: stat.error;time.phase
# - 
#   name: geom_model_gaussian2_sigma
#   datatype: float32
[...]
#   datatype: float32
#   description: "Secondary eclipse: uncertainty of \\texttt{derivedSecondaryEclDuration}"
#   meta:
#     ucd: stat.error;time.duration
# - 
#   name: derived_secondary_ecl_depth
#   datatype: float32
#   unit: mag
#   description: "Secondary eclipse: depth"
#   meta:
#     ucd: src.var.amplitude
# - 
#   name: derived_secondary_ecl_depth_error
#   datatype: float32
#   unit: mag
#   description: "Secondary eclipse: uncertainty of \\texttt{derivedSecondaryEclDepth}"
#   meta:
#     ucd: stat.error;src.var.amplitude
solution_id,source_id,global_ranking,reference_time,frequency,frequency_error,geom_model_reference_level,geom_model_reference_level_error,geom_model_gaussian1_phase,geom_model_gaussian1_phase_error,geom_model_gaussian1_sigma,geom_model_gaussian1_sigma_error,geom_model_gaussian1_depth,geom_model_gaussian1_depth_error,geom_model_gaussian2_phase,geom_model_gaussian2_phase_error,geom_model_gaussian2_sigma,geom_model_gaussian2_sigma_error,geom_model_gaussian2_depth,geom_model_gaussian2_depth_error,geom_model_cosine_half_period_amplitude,geom_model_cosine_half_period_amplitude_error,geom_model_cosine_half_period_phase,geom_model_cosine_half_period_phase_error,model_type,num_model_parameters,reduced_chi2,derived_primary_ecl_phase,derived_primary_ecl_phase_error,derived_primary_ecl_duration,derived_primary_ecl_duration_error,derived_primary_ecl_depth,derived_primary_ecl_depth_error,derived_secondary_ecl_phase,derived_secondary_ecl_phase_error,derived_secondary_ecl_duration,derived_secondary_ecl_duration_error,derived_secondary_ecl_depth,derived_secondary_ecl_depth_error
[from data line 108]
375316653866487564,5717208126516937856,0.49205804,2173.1852419940524,1.0300987867268054,5.397431E-5,17.738949,0.004871017,0.5086011,0.014980736,0.018163122,0.008415987,0.02526579,0.0070038456,0.6917453,0.006217974,0.021064274,0.011905078,0.59731025,0.35887417,null,null,null,null,"TWOGAUSSIANS",8,29.467848,0.6917453,0.006217974,0.11795994,0.066668436,0.59731025,0.35887417,0.5086011,0.014980736,0.101713486,0.047129523,0.02526579,0.007003846
375316653866487564,5717208538833878656,0.56254876,2164.046370456118,0.8103386294349729,1.42352355E-5,17.320251,0.0014921555,0.22858192,0.0011516121,0.0209084,0.0012964789,0.29461697,0.006564129,0.7332228,0.048750434,0.017477248,0.019471595,0.03020599,0.06952828,null,null,null,null,"TWOGAUSSIANS",8,5.112221,0.22858192,0.0011516121,0.117087044,0.007260282,0.29461697,0.006564129,0.7332228,0.048750434,0.097872585,0.10904093,0.03020599,0.06952828
375316653866487564,5717209122955369472,0.49270383,2175.096188861307,1.0990762159320098,1.303031E-4,19.302584,0.0038763576,0.31082064,0.005454281,0.025391849,0.0025680193,0.55903035,0.0754808,null,null,null,null,null,null,null,null,null,null,"ONEGAUSSIAN",5,3.3416715,0.31082064,0.005454281,0.14219436,0.014380908,0.55903035,0.0,null,null,null,null,null,null
375316653866487564,5717210123685790080,0.5230212,2179.1881860513013,2.661120410335336,1.8830631E-5,14.710444,0.6814083,0.2178487,0.006995792,0.11240945,0.057314876,0.17028646,0.4564119,0.7317191,0.005945132,0.12616704,0.12586413,0.16891627,0.6661049,null,null,null,null,"TWOGAUSSIANS",8,52.647163,0.2177187,0.0043810057,0.4,0.0,0.13716392,0.00853055,0.73174906,0.0051212963,0.4,0.0,0.13567024,0.0077505363
375316653866487564,5717210566061706112,0.43635988,2158.272013363506,1.9475348396470862,3.075198E-5,18.38039,0.0032284304,0.34136635,0.0109473765,0.071573816,0.01145437,0.11270532,0.020893766,0.7341596,0.015214062,0.014952149,0.011294391,0.025964325,0.051169552,null,null,null,null,"TWOGAUSSIANS",8,5.6786394,0.34136635,0.0109473765,0.4,0.027715746,0.11270532,0.020893766,0.7341596,0.015214062,0.08373204,0.06324859,0.025964357,0.051169544
375316653866487564,5717211360636367104,0.42544287,2152.02166521343,3.3574785313149746,6.900215E-5,18.556313,0.0200653,0.24839967,0.0068207886,0.10036698,0.016816858,0.16215304,0.019040726,0.73377746,0.0156029165,0.08128131,0.020370558,0.17892842,0.024396284,null,null,null,null,"TWOGAUSSIANS",8,12.815249,0.73377746,0.0156029165,0.4,0.0,0.17284743,0.018813951,0.24839967,0.0068207886,0.4,0.0,0.1560704,0.014228143
375316653866487564,5717211669873989760,0.5150822,2222.294942510672,0.025185526316630995,6.9740694E-5,17.119797,0.0042341906,0.23686023,0.010138437,0.056431115,0.009585421,0.11092418,0.023630917,0.67434824,0.0030081952,0.026918389,0.002390263,0.43128404,0.072719686,0.021673495,0.004778943,0.23686023,0.010138437,"TWOGAUSSIANS_WITH_ELLIPSOIDAL_ON_ECLIPSE1",9,3.8716998,0.67466825,0.0029155738,0.15074298,0.013385472,0.4683056,0.0729853,0.23686023,0.010138437,0.31601426,0.053678356,0.154265,0.021288568
375316653866487564,5717216548958372224,0.59088016,2179.8925976617957,2.5098581500133084,8.946141E-6,16.69173,0.0058811437,0.225606,0.0024883738,0.044980288,0.008919976,0.13083065,0.034709502,0.71610844,0.0056368075,0.050056208,0.004121071,0.14155278,0.0147883855,0.119254015,0.0072002653,0.225606,0.0024883738,"TWOGAUSSIANS_WITH_ELLIPSOIDAL_ON_ECLIPSE1",9,16.683289,0.71847844,0.0040448373,0.28031477,0.023077998,0.3794227,0.0066318735,0.225606,0.0024883738,0.25188962,0.049951863,0.36933717,0.03630659
375316653866487564,5717216961267586944,0.42693958,2172.739528388244,0.7650296474596133,7.446694E-5,18.231888,0.48757198,0.42383,0.03210237,0.19302519,0.17652625,0.24215259,0.47418806,0.8339945,0.031229272,0.062037747,0.03604659,0.15499413,0.077180244,null,null,null,null,"TWOGAUSSIANS",8,16.60974,0.42383,0.03210237,0.4,0.0,0.21329856,0.04409912,0.8339945,0.031229272,0.3474114,0.15072192,0.15373965,0.04182463
375316653866487564,5717217785908998656,0.56145054,2166.2449155496183,0.6877991175836262,4.3184642E-5,16.571846,6.2132895E-4,0.5080151,5.4501324E-6,7.3466206E-4,6.1435903E-6,0.22555278,8.507758E-4,null,null,null,null,null,null,9.835198E-4,8.5305225E-4,0.5080151,5.4501324E-6,"ONEGAUSSIAN_WITH_ELLIPSOIDAL",6,2.0679274,0.5080151,5.4501324E-6,0.0041141077,3.4404107E-5,0.22751983,0.0013058782,null,null,null,null,null,null
375316653866487564,5717219297730008448,0.5481739,2184.738221353987,0.31770300361843185,4.2153115E-5,14.861414,0.002068183,0.27090633,0.041461043,0.08945102,0.043842483,0.009714322,0.0026635244,0.76118815,0.0020863086,0.022201385,0.0038500512,0.35028508,0.024001246,null,null,null,null,"TWOGAUSSIANS",8,66.17817,0.76118815,0.0020863086,0.12432776,0.021560287,0.3502842,0.024001708,0.27090633,0.041461043,0.4,0.027834535,0.009713429,0.0026596605
375316653866487564,5717220770900746496,0.56202686,2151.9411259417348,2.648450466280391,1.279784E-5,19.13972,0.006590231,0.21368286,0.006005921,0.07858771,0.0042614015,0.20804383,0.013960452,0.7060699,0.0028881365,0.06282505,0.002622844,0.5726562,0.02441079,null,null,null,null,"TWOGAUSSIANS",8,2.0080013,0.7060699,0.0028881365,0.35182026,0.0146879265,0.5716396,0.024458362,0.21368286,0.006005921,0.4,0.0,0.20702723,0.013860276
375316653866487564,5717223863279314304,0.5202898,2176.9103761710144,3.1320860836878888,1.5709315E-5,18.780512,0.018992571,0.26920882,0.00694989,0.090726115,0.011302732,0.31471947,0.022419188,0.7655542,0.0036013913,0.08996487,0.0074254465,0.28696865,0.019293481,null,null,null,null,"TWOGAUSSIANS",8,3.7547476,0.26920882,0.00694989,0.4,0.0,0.3023652,0.019095343,0.7655542,0.0036013913,0.4,0.0,0.27461445,0.01407436
375316653866487564,5717225993589502592,0.47560382,2180.9915278858803,0.3846891689042945,4.9243088E-5,18.461302,0.009781969,0.26263806,0.04221641,0.12109336,0.03321745,0.061496735,0.013350178,0.71988827,0.004098239,0.037635736,0.0071588987,0.51924443,0.20939708,null,null,null,null,"TWOGAUSSIANS",8,8.430239,0.71988827,0.004098239,0.21076013,0.040089834,0.518825,0.20984162,0.26263806,0.04221641,0.4,0.0,0.06102532,0.012919106
375316653866487564,5717226238404366848,0.6400186,2162.309984105314,1.180423824625188,2.8535114E-6,16.787088,0.0022751398,0.26348224,0.0021253284,0.04191128,0.0031142125,0.1631655,0.014396899,0.76459557,0.0012913625,0.035614666,7.6784345E-4,0.4125037,0.01209052,null,null,null,null,"TWOGAUSSIANS",8,5.2981253,0.76459557,0.0012913625,0.19944213,0.0042999233,0.4125037,0.01209052,0.26348224,0.0021253284,0.23470317,0.01743959,0.1631655,0.0143969
375316653866487564,5717227234837200128,0.6000052,2146.1056016607376,4.000505869508557,1.17039035E-5,18.352886,0.010732707,0.2581699,0.0028375653,0.0428839,0.0029234493,0.35785398,0.027916243,0.752961,0.0049920995,0.047497828,0.006025683,0.38651317,0.033076447,0.09952341,0.012793489,0.2581699,0.0028375653,"TWOGAUSSIANS_WITH_ELLIPSOIDAL_ON_ECLIPSE1",9,4.2087116,0.753401,0.0046462687,0.26598784,0.033743825,0.58536434,0.03594753,0.2581699,0.0028375653,0.24014984,0.016371317,0.5569004,0.026226856
375316653866487564,5717228231269320320,0.56904954,2151.0028477479927,4.216457687846225,9.623935E-6,18.800016,0.014054998,0.27398908,0.0022841003,0.053513996,0.005652979,0.23274349,0.035165906,0.763781,0.004468769,0.05150276,0.01147014,0.2617616,0.088796705,0.10756512,0.019848544,0.27398908,0.0022841003,"TWOGAUSSIANS_WITH_ELLIPSOIDAL_ON_ECLIPSE1",9,2.8818822,0.765281,0.0036473859,0.28841546,0.06423279,0.47613245,0.10742182,0.27398908,0.0022841003,0.2996784,0.031656682,0.4478687,0.016805971
375316653866487564,5717228536201913984,0.47050416,2156.57222701814,2.080737158591809,2.5215984E-5,18.199232,0.0061622346,0.18420708,2.097607E-4,0.007221598,4.7937932E-4,0.6369107,0.16009413,0.69986886,0.0074297567,0.09262155,0.011223231,0.1283794,0.011965933,null,null,null,null,"TWOGAUSSIANS",8,7.5207553,0.18420708,2.097607E-4,0.04044095,0.0026845243,0.63691056,0.16009419,0.69986886,0.0074297567,0.4,0.0,0.12837909,0.011966194
375316653866487564,5717228712298056448,0.57982826,2162.380434421759,1.0319817923080974,4.9511913E-5,18.150257,0.0023618503,0.4472464,0.0051505696,0.0056537236,0.0020550122,0.037665345,0.029691998,0.64783776,6.090936E-4,0.027212165,0.0026337488,1.1888281,0.25525936,null,null,null,null,"TWOGAUSSIANS",8,4.342895,0.64783776,6.090936E-4,0.15238813,0.014748993,1.1888281,0.25525936,0.4472464,0.0051505696,0.03166085,0.011508068,0.037665345,0.029691998
375316653866487564,5717231495444392704,0.5509889,2147.059323721513,0.7893053210351795,1.0130882E-5,14.484153,0.0018687735,0.14213327,0.011045504,0.01779503,0.008698845,0.16117531,0.47612962,0.64510256,0.0013096743,0.01799221,6.865434E-4,0.39467534,0.013310176,null,null,null,null,"TWOGAUSSIANS",8,73.29394,0.64510256,0.0013096743,0.10075638,0.0038446432,0.39467534,0.013310176,0.14213327,0.011045504,0.09965217,0.04871353,0.16117531,0.47612962
375316653866487564,5717231564163872640,0.59238136,2160.696429516816,1.8995600290394528,4.1243547E-6,14.029538,0.0082773985,0.2331672,0.0026454094,0.08132161,0.0028974894,0.28940943,0.01055326,0.71349645,0.0014403218,0.06814175,0.0023431843,0.6399735,0.011327423,null,null,null,null,"TWOGAUSSIANS",8,255.87332,0.71349645,0.0014403218,0.3815938,0.013121832,0.63803077,0.011260051,0.2331672,0.0026454094,0.4,0.0,0.2874667,0.0101278145
375316653866487564,5717231942121318784,0.5852854,2151.3524962242573,3.9449901927533007,6.7106243E-6,15.692113,0.0299482,0.20864026,0.002436923,0.054199375,0.009044054,0.36001563,0.06950036,0.70283884,0.0063702487,0.055261884,0.010931397,0.33225957,0.05698832,0.11763773,0.03248045,0.20864026,0.002436923,"TWOGAUSSIANS_WITH_ELLIPSOIDAL_ON_ECLIPSE1",9,92.01878,0.20864026,0.002436923,0.3035165,0.0506467,0.5952741,0.06310603,0.70368886,0.0054050405,0.30946657,0.06121582,0.5672511,0.010304932
375316653866487564,5717232869834317056,0.582678,2168.0697882293725,2.5698016335309557,8.326009E-6,16.281952,0.45950922,0.28264576,0.008903292,0.2220894,0.10884638,0.34086967,0.45146212,0.7508995,0.01213198,0.15615948,0.014481994,0.36275715,0.20354989,null,null,null,null,"TWOGAUSSIANS",8,3.437946,0.7508995,0.01213198,0.4,0.0,0.16615815,0.0038056027,0.29333577,0.0052225324,0.4,0.0,0.09341063,0.004005485
375316653866487564,5717237027362168448,0.5949394,2183.458162458815,0.6705869937248139,8.0942455E-6,16.507433,7.146465E-4,0.2674527,0.020401768,0.017167384,0.009487104,0.04253558,0.023933759,0.76647127,0.004338433,0.016993364,0.0021488285,0.2252032,0.021818303,null,null,null,null,"TWOGAUSSIANS",8,2.640925,0.76647127,0.004338433,0.09516284,0.012033439,0.2252032,0.021818303,0.2674527,0.020401768,0.09613735,0.05312778,0.04253558,0.023933759
375316653866487564,5717237508398525184,0.5673858,2181.271858073507,0.42363268368275225,5.123224E-6,11.218359,0.0010189093,0.22853836,9.982189E-4,0.03906004,0.0015729009,0.10315778,0.0029494169,0.7286754,0.0025197447,0.040168833,0.001889263,0.094974265,0.0036157228,0.041868426,0.0016865266,0.22853836,9.982189E-4,"TWOGAUSSIANS_WITH_ELLIPSOIDAL_ON_ECLIPSE1",9,12.680586,0.22853836,9.982189E-4,0.21873623,0.008808245,0.18689463,0.0014644226,0.7286754,0.0023253362,0.22494547,0.010579873,0.17871104,0.002437841
375316653866487564,5717238912843114752,0.5799903,2159.3180250117143,3.1311109145249847,6.346851E-6,18.984636,0.008251336,0.15767632,0.0013262066,0.042334758,0.0042489516,0.21699387,0.02400973,0.65478855,0.0042320145,0.047407802,0.0058830786,0.24875514,0.019775752,0.113016516,0.011324182,0.15767632,0.0013262066,"TWOGAUSSIANS_WITH_ELLIPSOIDAL_ON_ECLIPSE1",9,1.916066,0.65518856,0.003642196,0.2654837,0.03294524,0.47472346,0.011455112,0.15767632,0.0013262066,0.23707464,0.02379413,0.44302627,0.023169508
375316653866487564,5717239295097725568,0.5266653,2172.3958003578396,1.0080172925765916,8.487185E-6,18.821684,0.0037203985,0.27445042,9.381015E-4,0.032362986,0.0013772367,0.46554443,0.020142065,0.77490795,0.002185591,0.037669767,0.005369145,0.18365286,0.018560784,null,null,null,null,"TWOGAUSSIANS",8,3.430395,0.27445042,9.381015E-4,0.18123272,0.0077125253,0.46554443,0.020142065,0.77490795,0.002185591,0.2109507,0.030067213,0.18365286,0.018560784
375316653866487564,5717239325160097792,0.58416003,2169.2634129483404,0.2274247328714082,3.3770818E-6,17.980717,0.0024341093,0.19408438,4.4831974E-4,0.009158637,6.2864594E-4,0.5608046,0.045055103,0.8603268,0.0035966435,0.007978508,0.003846993,0.7256361,0.66296136,null,null,null,null,"TWOGAUSSIANS",8,7.510301,0.8603268,0.0035966435,0.04467965,0.02154316,0.7256361,0.66296136,0.19408438,4.4831974E-4,0.051288366,0.0035204173,0.5608046,0.045055103
375316653866487564,5717240630835491328,0.56969315,2162.556397217072,2.6404212920259957,8.010987E-6,17.31225,0.0038461864,0.27680132,0.0024247058,0.020526636,0.0051796827,0.08241776,0.0159962,0.78641963,0.0149038,0.02749925,0.031581435,0.04954123,0.018521145,0.10885402,0.0055914056,0.27680132,0.0024247058,"TWOGAUSSIANS_WITH_ELLIPSOIDAL_ON_ECLIPSE1",9,7.4694924,0.27680132,0.0024247058,0.11494916,0.029006222,0.30012536,0.013099156,0.78641963,0.0149038,0.1539958,0.17685604,0.2664547,0.023089802
375316653866487564,5717242593639648768,0.5052471,2150.3812916660236,1.8978633374785379,2.3078574E-5,14.189435,7.56941E-4,0.30102468,0.0052992404,0.07983217,0.007404995,0.018907193,9.598028E-4,0.8030072,0.005424145,0.078534916,0.0052698227,0.03468397,0.0019567446,null,null,null,null,"TWOGAUSSIANS",8,6.268711,0.8030072,0.005424145,0.4,0.0,0.034349576,0.0019585309,0.30102468,0.0052992404,0.4,0.0,0.018572802,9.2820695E-4
375316653866487564,5717243517048399104,0.5550142,2131.967583916357,1.8716737227534341,1.1985408E-5,19.206182,0.00462307,0.24911094,0.008136099,0.051470026,0.0075525474,0.1184377,0.01509853,0.75154775,0.0012191982,0.041599747,0.0016123024,0.7858761,0.055566538,null,null,null,null,"TWOGAUSSIANS",8,2.7865095,0.75154775,0.0012191982,0.23295859,0.009028893,0.78587586,0.055566717,0.24911094,0.008136099,0.28823215,0.042294264,0.11843745,0.015098653
375316653866487564,5717244135528824320,0.59867966,2150.578560480407,2.7540596781924487,5.221513E-6,18.17561,0.015053433,0.28771746,0.0014812566,0.044660315,0.003511906,0.44193852,0.030958775,0.79023606,0.0011050099,0.047777586,0.0045760013,0.4709944,0.03515524,0.11660593,0.019371161,0.28771746,0.0014812566,"TWOGAUSSIANS_WITH_ELLIPSOIDAL_ON_ECLIPSE1",9,5.893782,0.79023606,0.0011050099,0.26755446,0.025625607,0.7041471,0.043888543,0.28771746,0.0014812566,0.25009778,0.019666674,0.6751496,0.013371382
375316653866487564,5717246476290122624,0.5705034,2158.986027578492,0.9846138943728108,9.2890514E-5,17.083923,5.932014E-4,0.5265259,0.001354263,0.012722418,0.0014818724,0.6648594,0.13821064,null,null,null,null,null,null,null,null,null,null,"ONEGAUSSIAN",5,2.4180238,0.5265259,0.001354263,0.07124554,0.008298486,0.6648594,0.0,null,null,null,null,null,null
375316653866487564,5717254516470519424,0.5475325,2175.8965026836,3.192981217152978,1.9493216E-5,14.857653,0.0959105,0.3103863,0.0059876875,0.04558498,0.03677872,0.14324753,0.17216453,0.8208669,0.007670017,0.056207947,0.025272375,0.13295251,0.19693902,0.09775108,0.09760784,0.8208669,0.007670017,"TWOGAUSSIANS_WITH_ELLIPSOIDAL_ON_ECLIPSE2",9,247.8766,0.3123063,0.0043706675,0.2552759,0.15361166,0.33805054,0.03297552,0.8208669,0.007670017,0.3147645,0.09472028,0.32844758,0.017310916
375316653866487564,5717257093450843392,0.471228,2178.3379287756457,1.0571107987953454,2.2813754E-5,13.86195,3.780705E-4,0.27194622,0.0064795516,0.033316325,0.005385865,0.044611495,0.012931061,0.43051147,0.0033724036,0.010535078,0.0018188156,0.010575201,0.004447753,null,null,null,null,"TWOGAUSSIANS",8,9.298525,0.27194622,0.0064795516,0.18657142,0.030160844,0.044611495,0.012931061,0.43051147,0.0033724036,0.05899644,0.010185367,0.010575739,0.0044475445
