Gaia/vari_eclipsing_binary/VariEclipsingBinary_477863-477878.csv
# %ECSV 1.0
# ---
# delimiter: ','
# meta: !!omap
# - RELEASE: Gaia DR3
# - TABLE: vari_eclipsing_binary
# - DESCRIPTION: >
#     This table describes the properties of the eclipsing binaries resulting from the variability analysis. 
# - CITATION: >
#     How to cite and acknowledge Gaia: 
#     https://gea.esac.esa.int/archive/documentation/credits.html 
# - KNOWN_ISSUES: >
#     Known issues: 
#     https://www.cosmos.esa.int/web/gaia-users/known-issues 
# - DOCUMENTATION: >
#     Tutorials and documentation: 
#     https://www.cosmos.esa.int/web/gaia-users/archive 
# datatype:
# - 
#   name: solution_id
#   datatype: int64
#   description: Solution Identifier
#   meta:
#     ucd: meta.version
# - 
#   name: source_id
#   datatype: int64
#   description: Unique source identifier
#   meta:
#     ucd: meta.id;meta.main
# - 
#   name: global_ranking
#   datatype: float32
#   description: Number between 0 (worst) and 1 (best)
#   meta:
#     ucd: stat.param
# - 
#   name: reference_time
#   datatype: float64
#   unit: d
#   description: Reference time used for the geometric model fit
#   meta:
#     ucd: time.epoch
# - 
#   name: frequency
#   datatype: float64
#   unit: d**-1
#   description: Frequency of geometric model of the eclipsing binary light curve
#   meta:
#     ucd: src.orbital
# - 
#   name: frequency_error
#   datatype: float32
#   unit: d**-1
#   description: "Uncertainty of \\texttt{frequency}"
#   meta:
#     ucd: stat.error
# - 
#   name: geom_model_reference_level
#   datatype: float32
#   unit: mag
#   description: Magnitude reference level of geometric model
#   meta:
#     ucd: phot.mag;em.opt
# - 
#   name: geom_model_reference_level_error
#   datatype: float32
#   unit: mag
#   description: "Uncertainty of \\texttt{geomModelReferenceLevel}"
#   meta:
#     ucd: stat.error;phot.mag;em.opt
# - 
#   name: geom_model_gaussian1_phase
#   datatype: float32
#   description: Phase of the Gaussian 1 component
#   meta:
#     ucd: time.phase
# - 
#   name: geom_model_gaussian1_phase_error
#   datatype: float32
#   description: "Uncertainty of \\texttt{geomModelGaussian1Phase}"
#   meta:
#     ucd: stat.error;time.phase
# - 
#   name: geom_model_gaussian1_sigma
#   datatype: float32
#   description: "Standard deviation [phase] of Gaussian 1 component"
#   meta:
#     ucd: stat.stdev
# - 
#   name: geom_model_gaussian1_sigma_error
#   datatype: float32
#   description: "Uncertainty of \\texttt{geomModelGaussian1Sigma}"
#   meta:
#     ucd: stat.error
# - 
#   name: geom_model_gaussian1_depth
#   datatype: float32
#   unit: mag
#   description: Magnitude depth of Gaussian 1 component
#   meta:
#     ucd: src.var.amplitude
# - 
#   name: geom_model_gaussian1_depth_error
#   datatype: float32
#   unit: mag
#   description: "Uncertainty of \\texttt{geomModelGaussian1Depth}"
#   meta:
#     ucd: stat.error;src.var.amplitude
# - 
#   name: geom_model_gaussian2_phase
#   datatype: float32
#   description: Phase of Gaussian 2 component
#   meta:
#     ucd: time.phase
# - 
#   name: geom_model_gaussian2_phase_error
#   datatype: float32
#   description: "Uncertainty of \\texttt{geomModelGaussian2Phase}"
#   meta:
#     ucd: stat.error;time.phase
# - 
#   name: geom_model_gaussian2_sigma
#   datatype: float32
[...]
#   datatype: float32
#   description: "Secondary eclipse: uncertainty of \\texttt{derivedSecondaryEclDuration}"
#   meta:
#     ucd: stat.error;time.duration
# - 
#   name: derived_secondary_ecl_depth
#   datatype: float32
#   unit: mag
#   description: "Secondary eclipse: depth"
#   meta:
#     ucd: src.var.amplitude
# - 
#   name: derived_secondary_ecl_depth_error
#   datatype: float32
#   unit: mag
#   description: "Secondary eclipse: uncertainty of \\texttt{derivedSecondaryEclDepth}"
#   meta:
#     ucd: stat.error;src.var.amplitude
solution_id,source_id,global_ranking,reference_time,frequency,frequency_error,geom_model_reference_level,geom_model_reference_level_error,geom_model_gaussian1_phase,geom_model_gaussian1_phase_error,geom_model_gaussian1_sigma,geom_model_gaussian1_sigma_error,geom_model_gaussian1_depth,geom_model_gaussian1_depth_error,geom_model_gaussian2_phase,geom_model_gaussian2_phase_error,geom_model_gaussian2_sigma,geom_model_gaussian2_sigma_error,geom_model_gaussian2_depth,geom_model_gaussian2_depth_error,geom_model_cosine_half_period_amplitude,geom_model_cosine_half_period_amplitude_error,geom_model_cosine_half_period_phase,geom_model_cosine_half_period_phase_error,model_type,num_model_parameters,reduced_chi2,derived_primary_ecl_phase,derived_primary_ecl_phase_error,derived_primary_ecl_duration,derived_primary_ecl_duration_error,derived_primary_ecl_depth,derived_primary_ecl_depth_error,derived_secondary_ecl_phase,derived_secondary_ecl_phase_error,derived_secondary_ecl_duration,derived_secondary_ecl_duration_error,derived_secondary_ecl_depth,derived_secondary_ecl_depth_error
[from data line 266]
375316653866487564,4203379287452959104,0.4907333,2288.0875643825084,1.895690319001326,4.6683603E-5,17.656319,0.04478806,0.3004763,0.006955839,0.09941739,0.015170979,0.26603615,0.029865727,0.74917424,0.017755862,0.15096238,0.037873466,0.16926302,0.045034464,null,null,null,null,"TWOGAUSSIANS",8,8.090412,0.3018163,0.006098758,0.4,0.0,0.23397146,0.018041229,0.74917424,0.017755862,0.4,0.0,0.13492706,0.02065139
375316653866487564,4203379356189382400,0.5623628,2297.167969840788,2.901155390509256,2.5618943E-5,16.63398,0.013638338,0.17469904,0.007091332,0.086112596,0.0085869385,0.28032324,0.016419739,0.6704459,0.006428215,0.07578705,0.008364613,0.38377386,0.032866444,null,null,null,null,"TWOGAUSSIANS",8,47.177547,0.6704459,0.006428215,0.4,0.0,0.37871605,0.033832084,0.17469904,0.007091332,0.4,0.0,0.2752654,0.01384683
375316653866487564,4203379386158300800,0.591178,2287.0358295819533,3.3647122506736333,1.1981719E-5,17.37796,0.012588633,0.2675806,0.0103216935,0.04767605,0.018157868,0.59644854,0.08024525,0.7753476,0.0031220778,0.067719,0.0028192461,0.61560184,0.018011289,null,null,null,null,"TWOGAUSSIANS",8,23.273817,0.7753476,0.0031220778,0.37922642,0.015787778,0.61552715,0.01799315,0.2675806,0.0103216935,0.2669859,0.10168406,0.59637386,0.08063204
375316653866487564,4203379489237549568,0.5852774,2289.012421622906,0.6616790313049155,7.998016E-6,18.389032,0.011181398,0.40818137,0.0037405984,0.03162839,0.0031933316,0.90723884,0.08265194,0.90821195,0.016383383,0.028362107,0.020449812,0.12998194,0.047527153,null,null,null,null,"TWOGAUSSIANS",8,15.730494,0.40818137,0.0037405984,0.17711897,0.017882656,0.90723884,0.08265194,0.90821195,0.016383383,0.1588278,0.11451895,0.12998194,0.047527157
375316653866487564,4203379901574757120,0.6063519,2267.1198357468093,0.18129718967645916,7.152901E-5,17.840015,0.0031815334,0.1660034,7.364894E-4,0.009901536,5.4525316E-4,0.49890164,0.021474645,0.07254041,0.047538396,0.035655018,0.044057243,0.02484198,0.1230277,null,null,null,null,"TWOGAUSSIANS",8,2.3984542,0.1659934,7.392623E-4,0.055448603,0.003053418,0.499702,0.021638675,0.07254041,0.047538396,0.1996681,0.24672057,0.02484198,0.1230277
375316653866487564,4203379974664989824,0.54980844,2260.9358466047693,2.925978186803812,2.380295E-5,17.113876,0.0048863944,0.2258217,0.010141897,0.07965972,0.01125251,0.11981353,0.0061538666,0.72026813,0.005996942,0.07187404,0.006966687,0.11284614,0.008938073,null,null,null,null,"TWOGAUSSIANS",8,3.5036135,0.2258217,0.010141897,0.4,0.0,0.1189229,0.006287639,0.72026813,0.005996942,0.4,0.018715179,0.11195551,0.008761517
375316653866487564,4203380073353419904,0.49501008,2196.2035016787167,0.9147938175246512,5.8609192E-5,18.474827,0.0054898625,0.42488885,0.027543629,0.015879406,0.02756638,0.07345021,0.082445055,0.7737435,0.041863773,0.03181863,0.013557093,0.32556987,0.32384974,null,null,null,null,"TWOGAUSSIANS",8,4.3410454,0.7737435,0.041863773,0.17818433,0.075919725,0.32556987,0.32384974,0.42488885,0.027543629,0.08892467,0.15437174,0.07345021,0.082445055
375316653866487564,4203380661834307584,0.4522126,2205.989178816008,1.1985880804716085,5.404298E-5,19.2928,0.014033041,0.14608109,0.0017043683,0.03291294,0.0025862558,0.71751434,0.059296925,0.6968735,0.042166486,0.06960084,0.029769639,0.43436688,0.06619727,null,null,null,null,"TWOGAUSSIANS",8,5.3455625,0.14608109,0.0017043683,0.18431246,0.014483032,0.71751386,0.059297208,0.6968735,0.042166486,0.38976473,0.16117841,0.43436638,0.06619869
375316653866487564,4203380936711910272,0.5335185,2298.195800108692,1.5182422437545824,1.3063282E-4,18.521357,0.0038561597,0.7678736,0.008067182,0.06826801,0.011755715,0.55910206,0.052678395,null,null,null,null,null,null,null,null,null,null,"ONEGAUSSIAN",5,2.2787805,0.7678736,0.008067182,0.38230082,0.040456183,0.55910206,0.0,null,null,null,null,null,null
375316653866487564,4203381142896321024,0.56733,2221.6541456221435,3.6797157333443153,1.1594793E-4,16.082317,0.0025345471,0.3211342,0.03577505,0.10560137,0.07239743,0.012201284,0.0064263064,0.79318064,0.0010692115,0.02426676,9.3974173E-4,0.13148198,0.0031299617,null,null,null,null,"TWOGAUSSIANS",8,3.5565984,0.79318064,0.0010692115,0.13589387,0.0052625537,0.13147512,0.0030963034,0.3211342,0.03577505,0.4,0.0,0.012193822,0.006508244
375316653866487564,4203381623913650560,0.50834966,2267.351608698541,3.7059272658316207,5.9830876E-5,18.719484,0.009023602,0.26021865,0.012684998,0.034821924,0.007312592,0.46631938,0.38742432,0.5795748,0.015788004,0.066706955,0.012320408,0.1364079,0.030968193,null,null,null,null,"TWOGAUSSIANS",8,3.652306,0.26021865,0.012684998,0.19500278,0.040950514,0.4663208,0.3874232,0.5795748,0.015788004,0.37355897,0.06899428,0.1364079,0.030968193
375316653866487564,4203381692652250368,0.5727425,2232.840934868285,0.4698514618936386,1.2424897E-4,17.486351,0.0065235673,0.35667714,0.008064831,0.016205804,0.0065555433,0.42128357,89.15344,0.5531673,0.0142789325,0.029428154,0.012897904,0.16756736,4.299938,0.0086589595,0.012189692,0.35667714,0.008064831,"TWOGAUSSIANS_WITH_ELLIPSOIDAL_ON_ECLIPSE1",9,7.8783026,0.35667714,0.008064831,0.09075251,0.03671104,0.43860137,89.15259,0.5531673,0.0142789325,0.16479766,0.07222827,0.16945216,4.2996883
375316653866487564,4203381795706520064,0.5093069,2187.0102899541844,2.56965758106294,2.0494364E-5,19.281448,0.044700004,0.31154114,0.005654639,0.10837037,0.018148843,0.30910504,0.033900693,0.8183155,0.008862385,0.08816219,0.028738694,0.25257385,0.035496593,null,null,null,null,"TWOGAUSSIANS",8,1.4922018,0.31154114,0.005654639,0.4,0.0,0.28889015,0.02091401,0.8183255,0.008853069,0.4,0.005994016,0.23237424,0.051973842
375316653866487564,4203381967530087552,0.5830723,2221.719239280258,1.199242524109096,1.1306229E-5,16.831982,0.009233339,0.2475489,0.002497193,0.09898737,0.004953353,0.24046993,0.009691113,0.7389118,0.0032026723,0.09461365,0.005663258,0.19871294,0.008652379,null,null,null,null,"TWOGAUSSIANS",8,4.739345,0.2475489,0.002497193,0.4,0.0,0.22658736,0.0070099873,0.7389118,0.0032026723,0.4,0.0,0.18483149,0.0046483143
375316653866487564,4203381997518968192,0.5746604,2249.571063072801,3.3178847875501862,1.484412E-5,18.772083,0.007946994,0.20799762,0.002936105,0.07058907,0.0045706797,0.40841964,0.02602963,0.70732266,0.0053131753,0.06679594,0.0077214264,0.48956788,0.21670209,null,null,null,null,"TWOGAUSSIANS",8,2.4589102,0.70732266,0.0053131753,0.37405726,0.04323999,0.4884036,0.21729231,0.20799762,0.002936105,0.39529878,0.014573383,0.40725532,0.026421921
375316653866487564,4203382242382985216,0.50118506,2177.473148495749,2.2907865003293497,2.4903982E-5,19.293222,0.060265474,0.31304997,0.004145127,0.075266786,0.02039067,0.26765862,0.04200456,0.8271315,0.033260226,0.10769653,0.060903892,0.20145437,0.045877717,null,null,null,null,"TWOGAUSSIANS",8,1.7532725,0.31304997,0.0041966084,0.4,0.06382296,0.2591228,0.031850245,0.8271315,0.033260226,0.4,0.09064778,0.19290861,0.03710427
375316653866487564,4203383131390739456,0.5813686,2220.5768916531433,1.3842587051234656,3.1052088E-5,18.77141,0.007798244,0.19733739,0.007853145,0.106512636,0.009828824,0.13385575,0.007014376,0.67204946,0.012517145,0.09256873,0.009367433,0.35791096,0.01407742,null,null,null,null,"TWOGAUSSIANS",8,1.0462302,0.67204946,0.012517145,0.4,0.0,0.34526622,0.010523943,0.19733739,0.007854849,0.4,0.0,0.12120451,0.0046441234
375316653866487564,4203383170094772224,0.47018856,2218.1804485812377,0.2829712524270196,3.5301062E-5,19.180723,0.02850484,0.28972253,0.004907641,0.096991345,0.010889502,0.24327065,0.02407784,0.7381888,0.010356011,0.120433815,0.020310082,0.1767741,0.030031046,null,null,null,null,"TWOGAUSSIANS",8,3.2595868,0.28992254,0.004627359,0.4,0.0,0.22731513,0.01580511,0.7381888,0.010356011,0.4,0.0,0.16064636,0.021163382
375316653866487564,4203383479358598528,0.6145418,2173.150477149924,1.0720537837801036,1.7024839E-5,17.08254,0.005059863,0.27002037,0.003822476,0.075584106,0.0053462186,0.33964026,0.0357939,0.8217831,0.009990588,0.07745994,0.011204327,0.1125438,0.005525536,null,null,null,null,"TWOGAUSSIANS",8,3.2215936,0.27002037,0.003822476,0.4,6.120853E-4,0.3390635,0.036067434,0.8217831,0.009990588,0.4,0.0,0.11196701,0.0051539647
375316653866487564,4203383990363946880,0.5506992,2176.0136170996675,2.397192091583363,2.9772193E-5,17.240091,0.0260676,0.26652083,0.0120244175,0.09956028,0.017634265,0.23588993,0.022558337,0.7537229,0.013807998,0.11886287,0.015061931,0.23429671,0.025732607,null,null,null,null,"TWOGAUSSIANS",8,9.48576,0.26656082,0.012037102,0.4,0.0,0.20623526,0.016756942,0.7537229,0.013807998,0.4,0.0,0.20456997,0.00431546
375316653866487564,4203384097808485120,0.59753627,2172.5150606279126,3.020957210419034,6.2244803E-6,19.593363,0.013819751,0.35024068,0.0018210317,0.06091542,0.005975232,0.7990093,0.17785317,0.8522379,0.0026964718,0.05682588,0.006893388,0.53015465,0.10628165,null,null,null,null,"TWOGAUSSIANS",8,0.88058084,0.35024068,0.0018210317,0.34112635,0.0334613,0.7988615,0.17804714,0.8522379,0.0026964718,0.31822494,0.038602974,0.5300068,0.10644531
375316653866487564,4203384097833896192,0.60156703,2216.8406523915205,2.963482547475673,3.0388405E-6,16.587152,0.0025017515,0.13375066,1.2848186E-4,0.023080466,5.2913156E-4,1.0350341,0.04691791,0.6350477,0.050241526,0.0344877,0.024828713,0.2847052,891.0305,null,null,null,null,"TWOGAUSSIANS",8,7.2072325,0.13375066,1.2848186E-4,0.12925062,0.0029631366,1.0350341,0.04691791,0.6350477,0.050241526,0.1931311,0.1390408,0.2847052,891.0305
375316653866487564,4203384269607186176,0.5312856,2187.0364861998883,2.2452320458788937,2.458931E-5,19.070301,0.047759123,0.24111691,0.016047714,0.067689985,0.024333924,0.29863948,0.0573948,0.75163513,0.007444328,0.08635279,0.023700844,0.24404827,0.04555307,null,null,null,null,"TWOGAUSSIANS",8,3.0548823,0.24111691,0.016056309,0.3790639,0.040938962,0.29646274,0.04404848,0.75163513,0.007444328,0.4,0.0,0.24187149,0.037151586
375316653866487564,4203384956809245568,0.5435393,2263.9108985973044,2.9870874715210336,5.69198E-5,19.393452,0.03280944,0.28336152,0.0036422773,0.10776647,0.01044875,0.3617673,0.034032222,0.79184794,0.036720734,0.0773833,0.039335087,0.5840749,5.752421,null,null,null,null,"TWOGAUSSIANS",8,3.0271618,0.79184794,0.03672082,0.4,0.1706865,0.5642508,5.7709913,0.28336152,0.0036422773,0.4,0.0,0.34192687,0.024907146
375316653866487564,4203385506583359104,0.62796545,2249.971465231667,3.113397793670557,1.5409936E-5,18.065142,0.0093528135,0.22673889,0.0016256092,0.08225936,0.0037079107,0.5093534,0.029099261,0.71715754,0.0030571287,0.07091982,0.002757161,0.5194603,0.015997998,null,null,null,null,"TWOGAUSSIANS",8,3.6815312,0.71715754,0.0030571287,0.397151,0.011741099,0.51540965,0.015523698,0.22673889,0.0016256092,0.4,0.0,0.5053028,0.029883347
375316653866487564,4203385742710243072,0.5717436,2262.306686580696,0.5151472165554374,3.6535217E-5,17.673185,0.0065941885,0.24972619,0.041207805,0.013283583,0.016554454,0.45543435,0.46212706,0.811763,0.0035302907,0.04069387,0.0030410101,0.21435077,0.010336219,null,null,null,null,"TWOGAUSSIANS",8,9.7899,0.24972619,0.041207805,0.074388064,0.09270495,0.45543435,0.46212706,0.811763,0.0035302907,0.22788568,0.017029658,0.21435077,0.010336219
375316653866487564,4203385781443368576,0.50845176,2258.853077543176,3.788844335644943,8.845528E-6,19.512922,0.01009651,0.77493227,0.003396831,0.052679192,0.012848829,0.016073367,0.061363913,null,null,null,null,null,null,0.2287478,0.017758455,0.77493227,0.003396831,"ONEGAUSSIAN_WITH_ELLIPSOIDAL",6,7.958313,0.77493227,0.003396831,0.29500347,0.071953446,0.47356862,0.05230956,null,null,null,null,null,null
375316653866487564,4203385953242310784,0.5969449,2237.3614397139604,2.3069041590013337,1.1606453E-5,18.196817,0.008881656,0.20389147,0.0028464987,0.07893066,0.0044676466,0.31091127,0.010582523,0.70659167,0.007343427,0.10383948,0.012109007,0.12940243,0.0102404505,null,null,null,null,"TWOGAUSSIANS",8,1.3593835,0.20389147,0.0028464987,0.4,0.0,0.30259326,0.009691622,0.70659167,0.007343427,0.4,0.0,0.12108201,0.009574908
375316653866487564,4203386159394691200,0.5176718,2233.693570877946,0.4596143934081263,2.412484E-5,19.58242,0.019700356,0.25464594,0.004109645,0.07440279,0.013117345,0.32618317,0.051772915,0.7638968,0.044305462,0.06334633,0.050468538,0.24920803,0.2947965,null,null,null,null,"TWOGAUSSIANS",8,1.2891967,0.25464594,0.004106157,0.4,0.040659413,0.32556444,0.052211925,0.7638968,0.044305462,0.35473943,0.17162314,0.24858932,0.29500806
375316653866487564,4203386193754332800,0.48621154,2239.9617019311613,2.5249121373452197,1.5799567E-5,19.5743,0.00931355,null,null,null,null,null,null,null,null,null,null,null,null,0.15390514,0.016905265,0.18241858,0.004263591,"ELLIPSOIDAL",4,1.6007698,null,null,null,null,null,null,null,null,null,null,null,null
375316653866487564,4203386709174293888,0.6180985,2224.92990908251,2.1617391627917284,8.676975E-6,16.096634,0.006739613,0.2726733,0.0023235125,0.08081904,0.0031317011,0.378174,0.010422335,0.778439,0.0024899417,0.08746118,0.004508763,0.34598285,0.015783189,null,null,null,null,"TWOGAUSSIANS",8,11.51497,0.2726733,0.0023235125,0.4,0.0,0.37029195,0.010646596,0.778439,0.0024899417,0.4,0.0,0.33810076,0.017113592
375316653866487564,4203387151459944960,0.67105293,2210.1906306632754,0.5350141902005112,6.3206003E-6,14.326124,0.010739901,0.3390976,0.0016579322,0.039395005,0.0027404816,0.7486056,0.043919805,0.8378217,0.0011796394,0.03823368,0.0052739955,0.11401321,0.027661461,0.018617533,0.0165724,0.3390976,0.0016579322,"TWOGAUSSIANS_WITH_ELLIPSOIDAL_ON_ECLIPSE1",9,108.761406,0.3390976,0.0016579322,0.22061203,0.0153466975,0.78584063,0.045845833,0.83787173,0.0011490302,0.2141086,0.029534375,0.15124597,0.009695661
375316653866487564,4203387185839828352,0.5290843,2235.989306430896,2.5430977099088103,9.97193E-6,18.287653,0.009022342,null,null,null,null,null,null,null,null,null,null,null,null,0.24294421,0.014538324,0.28241763,0.004014409,"ELLIPSOIDAL",4,16.549368,null,null,null,null,null,null,null,null,null,null,null,null
375316653866487564,4203387258930019584,0.6040546,2247.896638440715,2.2655564206425667,1.0189405E-5,18.455772,0.1289494,0.2634572,0.014364365,0.11170384,0.052712485,0.25071365,0.119617596,0.75994164,0.00425793,0.10495085,0.022969496,0.35691306,0.119634986,null,null,null,null,"TWOGAUSSIANS",8,1.2939128,0.75994164,0.004198348,0.4,0.0,0.31718612,0.011887355,0.2634572,0.014390557,0.4,0.0,0.21097262,0.049827974
375316653866487564,4203387293265259520,0.5472926,2254.557975939871,2.231852573955543,2.3943448E-5,17.898886,0.008863949,0.29532954,0.0051150154,0.0948331,0.009049181,0.16841176,0.009543334,0.8062374,0.00961662,0.0884961,0.016668295,0.106207766,0.010617102,null,null,null,null,"TWOGAUSSIANS",8,2.203398,0.29532954,0.0051150154,0.4,0.0,0.16288039,0.008311655,0.8062374,0.00961662,0.4,0.0,0.10067672,0.012390922
375316653866487564,4203387705582086656,0.4930264,2238.1025340044007,1.8688879719199112,4.5377332E-5,18.816374,0.020856893,0.15897574,0.016410794,0.09944371,0.03393006,0.07690847,0.020210214,0.6622517,0.0069507514,0.07006239,0.010599499,0.18497267,0.039873887,null,null,null,null,"TWOGAUSSIANS",8,1.7130907,0.6622517,0.0069507514,0.3923494,0.051410113,0.18237974,0.038088966,0.15897574,0.016410794,0.4,0.0,0.074315034,0.01456141
375316653866487564,4203388358417967360,0.48109624,2179.495835167119,0.21383298528973257,4.2238342E-5,19.321033,0.04723382,0.36935303,0.005703225,0.06396178,0.0093331495,0.4636192,0.04947963,0.8976957,0.013366081,0.04542498,0.019000543,1.6838228,2.5077798,null,null,null,null,"TWOGAUSSIANS",8,3.3124635,0.8976957,0.013366081,0.2543799,0.106403045,1.6838095,2.5079381,0.36935303,0.005703225,0.35818595,0.052265637,0.46360597,0.049374532
