Gaia/vari_eclipsing_binary/VariEclipsingBinary_463079-463105.csv
# %ECSV 1.0
# ---
# delimiter: ','
# meta: !!omap
# - RELEASE: Gaia DR3
# - TABLE: vari_eclipsing_binary
# - DESCRIPTION: >
#     This table describes the properties of the eclipsing binaries resulting from the variability analysis. 
# - CITATION: >
#     How to cite and acknowledge Gaia: 
#     https://gea.esac.esa.int/archive/documentation/credits.html 
# - KNOWN_ISSUES: >
#     Known issues: 
#     https://www.cosmos.esa.int/web/gaia-users/known-issues 
# - DOCUMENTATION: >
#     Tutorials and documentation: 
#     https://www.cosmos.esa.int/web/gaia-users/archive 
# datatype:
# - 
#   name: solution_id
#   datatype: int64
#   description: Solution Identifier
#   meta:
#     ucd: meta.version
# - 
#   name: source_id
#   datatype: int64
#   description: Unique source identifier
#   meta:
#     ucd: meta.id;meta.main
# - 
#   name: global_ranking
#   datatype: float32
#   description: Number between 0 (worst) and 1 (best)
#   meta:
#     ucd: stat.param
# - 
#   name: reference_time
#   datatype: float64
#   unit: d
#   description: Reference time used for the geometric model fit
#   meta:
#     ucd: time.epoch
# - 
#   name: frequency
#   datatype: float64
#   unit: d**-1
#   description: Frequency of geometric model of the eclipsing binary light curve
#   meta:
#     ucd: src.orbital
# - 
#   name: frequency_error
#   datatype: float32
#   unit: d**-1
#   description: "Uncertainty of \\texttt{frequency}"
#   meta:
#     ucd: stat.error
# - 
#   name: geom_model_reference_level
#   datatype: float32
#   unit: mag
#   description: Magnitude reference level of geometric model
#   meta:
#     ucd: phot.mag;em.opt
# - 
#   name: geom_model_reference_level_error
#   datatype: float32
#   unit: mag
#   description: "Uncertainty of \\texttt{geomModelReferenceLevel}"
#   meta:
#     ucd: stat.error;phot.mag;em.opt
# - 
#   name: geom_model_gaussian1_phase
#   datatype: float32
#   description: Phase of the Gaussian 1 component
#   meta:
#     ucd: time.phase
# - 
#   name: geom_model_gaussian1_phase_error
#   datatype: float32
#   description: "Uncertainty of \\texttt{geomModelGaussian1Phase}"
#   meta:
#     ucd: stat.error;time.phase
# - 
#   name: geom_model_gaussian1_sigma
#   datatype: float32
#   description: "Standard deviation [phase] of Gaussian 1 component"
#   meta:
#     ucd: stat.stdev
# - 
#   name: geom_model_gaussian1_sigma_error
#   datatype: float32
#   description: "Uncertainty of \\texttt{geomModelGaussian1Sigma}"
#   meta:
#     ucd: stat.error
# - 
#   name: geom_model_gaussian1_depth
#   datatype: float32
#   unit: mag
#   description: Magnitude depth of Gaussian 1 component
#   meta:
#     ucd: src.var.amplitude
# - 
#   name: geom_model_gaussian1_depth_error
#   datatype: float32
#   unit: mag
#   description: "Uncertainty of \\texttt{geomModelGaussian1Depth}"
#   meta:
#     ucd: stat.error;src.var.amplitude
# - 
#   name: geom_model_gaussian2_phase
#   datatype: float32
#   description: Phase of Gaussian 2 component
#   meta:
#     ucd: time.phase
# - 
#   name: geom_model_gaussian2_phase_error
#   datatype: float32
#   description: "Uncertainty of \\texttt{geomModelGaussian2Phase}"
#   meta:
#     ucd: stat.error;time.phase
# - 
#   name: geom_model_gaussian2_sigma
#   datatype: float32
[...]
#   datatype: float32
#   description: "Secondary eclipse: uncertainty of \\texttt{derivedSecondaryEclDuration}"
#   meta:
#     ucd: stat.error;time.duration
# - 
#   name: derived_secondary_ecl_depth
#   datatype: float32
#   unit: mag
#   description: "Secondary eclipse: depth"
#   meta:
#     ucd: src.var.amplitude
# - 
#   name: derived_secondary_ecl_depth_error
#   datatype: float32
#   unit: mag
#   description: "Secondary eclipse: uncertainty of \\texttt{derivedSecondaryEclDepth}"
#   meta:
#     ucd: stat.error;src.var.amplitude
solution_id,source_id,global_ranking,reference_time,frequency,frequency_error,geom_model_reference_level,geom_model_reference_level_error,geom_model_gaussian1_phase,geom_model_gaussian1_phase_error,geom_model_gaussian1_sigma,geom_model_gaussian1_sigma_error,geom_model_gaussian1_depth,geom_model_gaussian1_depth_error,geom_model_gaussian2_phase,geom_model_gaussian2_phase_error,geom_model_gaussian2_sigma,geom_model_gaussian2_sigma_error,geom_model_gaussian2_depth,geom_model_gaussian2_depth_error,geom_model_cosine_half_period_amplitude,geom_model_cosine_half_period_amplitude_error,geom_model_cosine_half_period_phase,geom_model_cosine_half_period_phase_error,model_type,num_model_parameters,reduced_chi2,derived_primary_ecl_phase,derived_primary_ecl_phase_error,derived_primary_ecl_duration,derived_primary_ecl_duration_error,derived_primary_ecl_depth,derived_primary_ecl_depth_error,derived_secondary_ecl_phase,derived_secondary_ecl_phase_error,derived_secondary_ecl_duration,derived_secondary_ecl_duration_error,derived_secondary_ecl_depth,derived_secondary_ecl_depth_error
[from data line 378]
375316653866487564,4073440137092668544,0.48359442,2221.5611165247074,0.455343421623161,6.732766E-5,19.564367,0.023500131,0.1363963,0.021134451,0.04677002,0.025284227,0.3524197,0.08165578,0.6608499,0.012639823,0.08873165,0.02360493,0.36518648,0.04297663,null,null,null,null,"TWOGAUSSIANS",8,4.1572876,0.6608499,0.012639823,0.4,0.0125973895,0.3648038,0.04333411,0.1363963,0.021134451,0.2619121,0.14159167,0.35203725,0.0817276
375316653866487564,4073440338959009408,0.5565906,2180.8757807909465,2.1013451396777647,1.6513237E-5,18.773245,0.008214066,0.20044595,0.008321134,0.06468295,0.012713076,0.4221173,0.09491283,0.7162922,0.0023106814,0.07963594,0.0026746793,0.35587427,0.00879827,null,null,null,null,"TWOGAUSSIANS",8,2.5869753,0.20044595,0.008321134,0.36222452,0.04695034,0.42083395,0.09725839,0.7162922,0.0023106814,0.4,0.0,0.35459092,0.007366046
375316653866487564,4073441094851738880,0.55869275,2142.268046055544,1.636385152302574,2.2471997E-5,18.20267,0.017497232,0.2694609,0.0087896995,0.095988855,0.011869986,0.20251732,0.01998222,0.7665127,0.0050286814,0.08428352,0.012380655,0.23480566,0.015225487,null,null,null,null,"TWOGAUSSIANS",8,2.3991165,0.7665127,0.0050286814,0.4,0.0,0.22597963,0.014041525,0.2694609,0.0087896995,0.4,0.0,0.19369076,0.01748573
375316653866487564,4073441099165802752,0.54608136,2232.5360350270316,0.009384275687499652,2.6719128E-5,19.400505,0.02839876,0.22123726,0.0049419804,0.053040374,0.009716005,0.23167852,0.033080734,0.7598126,0.010342154,0.1391367,0.025008503,0.21396656,0.031345353,null,null,null,null,"TWOGAUSSIANS",8,0.8075926,0.22102726,0.004922126,0.2970261,0.05440963,0.22501296,0.030400222,0.7598126,0.010342154,0.4,0.0,0.20630455,0.025544165
375316653866487564,4073441335368420480,0.49212936,2241.390032152494,2.365208483213806,4.1064708E-5,17.550789,0.012405111,0.24006626,0.0111820325,0.047667056,0.015311298,0.5071889,0.070427455,0.7470081,0.013259517,0.052044906,0.011488945,0.2757514,0.07216468,null,null,null,null,"TWOGAUSSIANS",8,32.09439,0.24006626,0.0111820325,0.26693553,0.08574327,0.5071871,0.07045988,0.7470081,0.013259517,0.29145148,0.064338095,0.27574962,0.0721712
375316653866487564,4073441614585906176,0.47515225,2219.067980323557,0.26381575453926753,2.3318335E-5,19.441313,0.08286301,0.3283386,0.0034710802,0.07140201,0.007546034,1.136325,0.17199124,0.865973,0.02179673,0.103419065,0.041013144,0.543297,0.10686641,null,null,null,null,"TWOGAUSSIANS",8,7.4990835,0.3283386,0.0034654164,0.39985126,0.030222671,1.123805,0.16531688,0.865973,0.02179673,0.4,0.0,0.5307515,0.107963525
375316653866487564,4073441992519072768,0.48539457,2199.895889034796,1.828626251533208,1.8791072E-5,19.454971,0.020903915,0.31205636,0.015264224,0.06196218,0.017151948,0.22628506,0.06678043,0.45459428,0.038812388,0.172847,0.048096366,0.12698123,0.033969652,null,null,null,null,"TWOGAUSSIANS",8,2.2767537,0.31928635,0.010389156,0.3469882,0.09605091,0.3143499,0.07812818,0.45459428,0.038812388,0.4,0.0,0.13916382,0.037685346
375316653866487564,4073442061262576384,0.4640178,2254.4200064116917,0.2392650407533228,6.3488136E-5,19.018026,0.018658021,0.28693187,0.04812786,0.036388196,0.032579865,0.14311264,0.08668654,0.84770983,0.009683989,0.07864078,0.019284002,0.13586122,0.031073134,null,null,null,null,"TWOGAUSSIANS",8,2.8486142,0.28693187,0.04812786,0.20377389,0.18244725,0.14311089,0.08519519,0.84770983,0.009683989,0.4,0.03262629,0.13585944,0.030576404
375316653866487564,4073442572324924416,0.45755506,2170.8361020842626,2.0471695619294845,8.242034E-5,18.169796,0.009861169,0.72750723,0.011807233,0.061310668,0.043024614,0.06785045,0.021765733,null,null,null,null,null,null,0.017756063,0.010368742,0.72750723,0.011807233,"ONEGAUSSIAN_WITH_ELLIPSOIDAL",6,4.8832846,0.72750723,0.011807233,0.34333974,0.15274504,0.10334614,0.017875286,null,null,null,null,null,null
375316653866487564,4073442782792372480,0.55882084,2083.2349663707187,0.45706815776475235,2.3299777E-5,19.76509,0.0074904314,0.3756815,9.1908424E-4,0.008473224,0.0024314378,1.8417273,5.6011257,0.8728665,0.009804031,0.029306943,0.009285067,1.293248,7.7662306,null,null,null,null,"TWOGAUSSIANS",8,1.6385669,0.3756815,9.1908424E-4,0.047450054,0.013616052,1.8417273,5.6011257,0.8728665,0.009804031,0.16411887,0.051996376,1.293248,7.7662306
375316653866487564,4073443607426861440,0.4510344,2189.401578992448,1.842446252064398,5.8874874E-5,19.154474,0.0104367,0.27027017,0.0073625394,0.044460777,0.018432068,0.08760342,0.010843229,0.5920763,0.024492742,0.068166904,0.018943934,0.095130414,0.016167704,null,null,null,null,"TWOGAUSSIANS",8,3.3355482,0.5920763,0.024492742,0.38173467,0.10223227,0.09513041,0.016167656,0.27027017,0.007363085,0.24898034,0.103219576,0.0876048,0.01084713
375316653866487564,4073443847948051968,0.46864763,2206.444693320624,0.20409106252887688,9.528618E-5,19.737411,0.11126463,0.26274732,0.022404213,0.15267937,0.06271364,0.20468454,0.11081541,0.72889596,0.014006723,0.0788999,0.027203536,0.23721348,0.085729405,null,null,null,null,"TWOGAUSSIANS",8,1.7101752,0.72889596,0.014006723,0.4,0.031818327,0.2113637,0.028874163,0.26274732,0.022404213,0.4,0.0,0.17644545,0.032680485
375316653866487564,4073444015428376064,0.53159153,2190.422274678055,0.23851361625023168,9.441641E-5,18.124548,0.009391844,0.23873232,0.048658203,0.056343596,0.021324517,0.89921117,0.7005631,0.62468356,0.058568932,0.081144884,0.046861563,0.07793999,0.032531112,null,null,null,null,"TWOGAUSSIANS",8,8.827201,0.23873232,0.048658203,0.31552413,0.1194173,0.8991935,0.7005729,0.62468356,0.058568932,0.4,0.16306247,0.077921435,0.032538503
375316653866487564,4073444359047126784,0.5618514,2090.603314075902,2.991281765930062,3.3896235E-5,19.098904,0.041713893,0.8086743,0.004899847,0.042467557,0.009488808,0.33424565,0.09821852,null,null,null,null,null,null,0.1821953,0.058569267,0.8086743,0.004899847,"ONEGAUSSIAN_WITH_ELLIPSOIDAL",6,7.6263328,0.8086743,0.004899847,0.23781832,0.05313733,0.69863605,0.035145402,null,null,null,null,null,null
375316653866487564,4073444462106167168,0.6030896,2197.298921954666,1.7044426349882307,9.744608E-6,17.349758,0.016497789,0.2406217,0.0026895904,0.115581684,0.007875518,0.21920583,0.016004892,0.7283647,0.0034910177,0.100927636,0.0069266055,0.28583688,0.016362995,null,null,null,null,"TWOGAUSSIANS",8,2.4713597,0.7283647,0.0034910177,0.4,0.0,0.2558741,0.008054449,0.2406217,0.0026936827,0.4,0.0,0.18920453,0.007437644
375316653866487564,4073444908802982272,0.569439,2131.015558431441,3.27337585067296,2.4143934E-5,18.713154,0.021444594,0.216213,0.00373613,0.08360192,0.011235314,0.443979,0.047531683,0.71430975,0.020387504,0.08513182,0.0253592,0.4621764,0.5699132,null,null,null,null,"TWOGAUSSIANS",8,2.8958147,0.71430975,0.020387504,0.4,0.040988304,0.45131478,0.5776111,0.216213,0.00373613,0.4,0.0,0.4331174,0.05577628
375316653866487564,4073445321119881472,0.49033108,2121.5129518479143,0.8930661335617898,7.0504148E-6,18.287512,0.01839176,0.3475884,0.006949129,0.029688071,0.01296364,0.18333663,0.03995171,0.7711304,0.042951968,0.055665467,0.05831339,0.11207513,0.044565104,null,null,null,null,"TWOGAUSSIANS",8,4.963517,0.3475884,0.006949129,0.1662532,0.07259638,0.18333663,0.039946143,0.7711304,0.042951968,0.3117266,0.13613653,0.11207513,0.04457505
375316653866487564,4073445359797109888,0.5594168,2188.9449311179233,2.1478408676971563,2.7337655E-5,16.257635,0.0034935458,0.24796663,0.0045687924,0.060239416,0.007701644,0.07206433,0.013338963,0.734798,0.02592082,0.041287724,0.014154035,0.10776979,0.017794551,null,null,null,null,"TWOGAUSSIANS",8,5.0174503,0.734798,0.02592082,0.23121126,0.0792626,0.10776932,0.017788172,0.24796663,0.0045687924,0.33734074,0.04312921,0.07206386,0.013339726
375316653866487564,4073446042652979840,0.50622267,2249.1907826746797,0.19871539761040324,3.3754193E-5,15.926412,0.0055651353,0.26720545,0.006406334,0.066408664,0.0045347875,0.10994628,0.009437349,0.7657094,0.009702074,0.093302704,0.017403906,0.0854343,0.014653193,null,null,null,null,"TWOGAUSSIANS",8,13.971427,0.26720545,0.006406334,0.37188852,0.025394809,0.108600445,0.008525629,0.7657094,0.009702074,0.4,0.0,0.08408836,0.0154599855
375316653866487564,4073446253150384384,0.531146,2247.9627333456474,2.0930484608478173,2.818442E-5,16.999422,0.033475444,0.26545498,0.005107025,0.080535285,0.008271212,0.49344465,0.037722614,0.7755377,0.012042921,0.07887859,0.012590832,0.48656917,0.036848716,null,null,null,null,"TWOGAUSSIANS",8,84.89666,0.26545498,0.005107025,0.4,0.0,0.48758227,0.033505484,0.7755377,0.012042921,0.4,0.005120433,0.48070678,0.030957174
375316653866487564,4073446351890741760,0.49188396,2221.2886888968515,0.18345844866485508,3.663979E-5,17.004198,0.0027707731,0.43107024,0.01795461,0.02606377,0.010127898,0.032972846,0.014131869,0.78298044,0.049550172,0.05469539,0.03153686,0.13657378,0.10899889,null,null,null,null,"TWOGAUSSIANS",8,5.7253323,0.78298044,0.049550172,0.30629417,0.17660642,0.13657378,0.10899889,0.43107024,0.01795461,0.14595711,0.05671623,0.032972846,0.014131864
375316653866487564,4073446523690554496,0.5434583,2185.1399290584404,3.2437175357039747,2.2851127E-5,18.262512,0.35016522,0.23067513,0.0056513334,0.16688405,0.092767045,0.32652095,0.34611565,0.7290669,0.004763477,0.10215706,0.027385242,0.4000524,0.21285307,null,null,null,null,"TWOGAUSSIANS",8,2.6239126,0.7290669,0.0048025097,0.4,0.0,0.28940907,0.02057972,0.23067513,0.0056514074,0.4,0.0,0.20853983,0.014932325
375316653866487564,4073447073446429696,0.49919674,2269.052665548503,2.3876835549071016,3.4674198E-5,17.4779,0.009356297,0.23640543,0.005695237,0.044106692,0.06543986,0.029097106,0.028759325,null,null,null,null,null,null,0.07708839,0.011955067,0.23640543,0.005695237,"ONEGAUSSIAN_WITH_ELLIPSOIDAL",6,8.779227,0.23640543,0.005695237,0.24699748,0.28573382,0.18327385,0.02810997,null,null,null,null,null,null
375316653866487564,4073447077762845056,0.45887017,2208.2436605600096,0.5185596018878178,7.325117E-5,19.592777,0.113419496,0.2657659,0.019001322,0.0864173,0.061794408,0.35032594,0.29725528,0.7152992,0.03369203,0.087534,0.062952116,0.21411768,0.07485694,null,null,null,null,"TWOGAUSSIANS",8,2.907248,0.2657659,0.018993791,0.4,0.15698719,0.3466797,0.30929628,0.7152992,0.03369203,0.4,0.20909263,0.2104715,0.059056237
375316653866487564,4073447146482334336,0.46442714,2269.321165868571,0.024081486564947536,1.4702184E-4,19.057123,0.010304636,0.4629785,0.055008408,0.14802855,0.05484858,0.1908387,0.028562257,0.17830978,0.10058554,0.045873106,0.056507103,0.52649057,0.7888962,null,null,null,null,"TWOGAUSSIANS",8,2.8973713,0.17988978,0.13824451,0.2568894,0.21676625,0.5555558,0.80606365,0.4629785,0.04953717,0.4,0.0,0.18955927,0.027058998
375316653866487564,4073447176524524544,0.53161407,2248.667422937319,2.8464194486656047,3.2551314E-5,17.573412,0.082334094,0.3006551,0.008027163,0.13592453,0.04250321,0.17000723,0.08088047,0.80740577,0.006447888,0.10961843,0.028402708,0.18717998,0.07582357,null,null,null,null,"TWOGAUSSIANS",8,3.1243021,0.8075258,0.00642418,0.4,0.0,0.14577582,0.012976551,0.3006451,0.00804136,0.4,0.0,0.12821679,0.0109576415
375316653866487564,4073447245244042240,0.5435692,2204.3212878510744,3.0628115802627915,2.505567E-5,18.294718,0.005433619,0.24947296,0.004397497,0.028986076,0.004795024,0.25974566,0.23340295,0.581963,0.027339723,0.10414533,0.052416287,0.029181361,0.025669154,null,null,null,null,"TWOGAUSSIANS",8,1.502591,0.24949296,0.004378957,0.16232203,0.026852135,0.2599237,0.23341444,0.581963,0.027339723,0.4,0.0,0.029180773,0.025686946
375316653866487564,4073447283921315968,0.52684206,2276.71319976353,2.420653631519523,5.3674776E-5,19.615845,0.016972026,0.2983123,0.0056252056,0.06893953,0.008870219,0.4238568,0.060163405,0.8220074,0.022998553,0.06280221,0.022002261,0.32203645,0.24956582,null,null,null,null,"TWOGAUSSIANS",8,2.5645502,0.2983123,0.0056252056,0.38606137,0.037433572,0.42358166,0.060478598,0.8220074,0.022998553,0.3516924,0.123212665,0.3217613,0.24978559
375316653866487564,4073447657566220928,0.5824443,2128.1433446145893,3.71445947811994,6.6403627E-6,18.596285,0.0110987285,0.2605483,0.0014716235,0.08338961,0.0029541259,0.3846319,0.009760617,0.7658436,0.009956914,0.08584708,0.007002517,0.3412342,0.026522422,null,null,null,null,"TWOGAUSSIANS",8,1.1217337,0.2605483,0.0014716235,0.4,0.0,0.37624195,0.00699679,0.7658436,0.009956914,0.4,0.0,0.33284426,0.024696397
375316653866487564,4073447833677341696,0.47858587,2190.3310448690354,0.06344633228221017,4.754039E-5,19.185724,0.4998964,0.3001145,0.02683001,0.13625912,0.056705065,0.829033,0.3274518,0.79191846,0.01035654,0.2094982,0.08027111,0.9117371,0.4838541,null,null,null,null,"TWOGAUSSIANS",8,1.5975006,0.3028945,0.025588442,0.4,0.005933588,0.35606202,0.20785733,0.79191846,0.01035654,0.4,0.0,0.33461598,0.022070829
375316653866487564,4073448069878911488,0.6220236,2224.3820700869924,1.357759597902536,6.26777E-5,17.56663,0.0070756064,0.29593313,0.003651478,0.03655272,0.00439784,1.0409889,0.17642114,0.7964815,0.00784272,0.046567183,0.013579688,0.15060347,0.009397208,null,null,null,null,"TWOGAUSSIANS",8,12.356355,0.29593313,0.003651478,0.20469524,0.024627903,1.0409889,0.17642123,0.7964815,0.00784272,0.26077622,0.07604626,0.15060347,0.009397198
375316653866487564,4073448830131592832,0.54276395,2215.4759106813376,3.14092457941738,3.0630825E-5,19.44945,0.06669952,0.20501056,0.015380144,0.108282655,0.025371574,0.44940677,0.06415896,0.6732964,0.019417603,0.08907274,0.022248108,0.5947409,0.110778846,null,null,null,null,"TWOGAUSSIANS",8,3.1259062,0.6732964,0.019417603,0.4,0.0,0.56796545,0.106487565,0.20501056,0.015381137,0.4,0.0,0.42259023,0.030522548
375316653866487564,4073448898825867136,0.47233915,2247.861955140272,1.0373683869258328,6.237927E-5,19.267748,0.5024849,0.26075026,0.024398182,0.14958754,0.1199876,0.69332844,0.37904721,0.69890636,0.021856252,0.09506932,0.056078464,0.9706618,0.4344542,null,null,null,null,"TWOGAUSSIANS",8,6.82598,0.69890636,0.021856252,0.4,0.10576234,0.8722208,0.44469172,0.2607903,0.024027804,0.4,0.11630937,0.584808,0.1525094
375316653866487564,4073448898829388416,0.53677076,2167.4856730391325,0.4132999282885199,6.729278E-5,19.499037,0.015757348,0.310735,0.07479797,0.051743533,0.024977708,0.22579306,0.23081475,0.675712,0.026875252,0.15064912,0.025290508,0.26259643,0.020983007,null,null,null,null,"TWOGAUSSIANS",8,1.4565644,0.675712,0.026875252,0.4,0.0,0.25895733,0.019097527,0.313485,0.07583721,0.28976378,0.10652324,0.23645334,0.23373221
375316653866487564,4073449478648403200,0.63299,2199.327628634703,3.2199753648797924,6.945427E-6,18.908554,0.015004155,0.2266478,0.002109107,0.073495865,0.0034344867,0.51443255,0.014019014,0.7265521,0.004328705,0.072057605,0.0032144657,0.60468096,0.020441141,null,null,null,null,"TWOGAUSSIANS",8,1.8235451,0.7265521,0.004328705,0.4,0.010297808,0.6016361,0.019057961,0.2266478,0.002109107,0.4,0.0,0.51138777,0.013245339
375316653866487564,4073450371980327680,0.5637718,2209.6604947058922,2.317963891444929,2.151301E-5,17.79508,0.04191396,0.2769721,0.0068455436,0.10399556,0.017056903,0.37001106,0.033135634,0.79562896,0.0073211743,0.09123224,0.012364408,0.4572812,0.04331514,null,null,null,null,"TWOGAUSSIANS",8,10.852023,0.7956389,0.007314193,0.4,0.0,0.43343115,0.031003026,0.2769721,0.0068455436,0.4,0.0,0.3461517,0.029049706
375316653866487564,4073452094285232256,0.52874005,2216.414905048097,0.028146471418982567,7.9208614E-5,19.235281,0.1215882,0.16951354,0.008999682,0.087561466,0.030718569,0.2213655,0.11927592,0.7307015,0.009106639,0.09608168,0.03540104,0.2480174,0.11991023,null,null,null,null,"TWOGAUSSIANS",8,1.7851562,0.7307015,0.008992126,0.4,0.0,0.24361528,0.068716854,0.16950354,0.008826228,0.4,0.0,0.21696995,0.06799271
