Gaia/vari_eclipsing_binary/VariEclipsingBinary_685084-685106.csv
# %ECSV 1.0
# ---
# delimiter: ','
# meta: !!omap
# - RELEASE: Gaia DR3
# - TABLE: vari_eclipsing_binary
# - DESCRIPTION: >
#     This table describes the properties of the eclipsing binaries resulting from the variability analysis. 
# - CITATION: >
#     How to cite and acknowledge Gaia: 
#     https://gea.esac.esa.int/archive/documentation/credits.html 
# - KNOWN_ISSUES: >
#     Known issues: 
#     https://www.cosmos.esa.int/web/gaia-users/known-issues 
# - DOCUMENTATION: >
#     Tutorials and documentation: 
#     https://www.cosmos.esa.int/web/gaia-users/archive 
# datatype:
# - 
#   name: solution_id
#   datatype: int64
#   description: Solution Identifier
#   meta:
#     ucd: meta.version
# - 
#   name: source_id
#   datatype: int64
#   description: Unique source identifier
#   meta:
#     ucd: meta.id;meta.main
# - 
#   name: global_ranking
#   datatype: float32
#   description: Number between 0 (worst) and 1 (best)
#   meta:
#     ucd: stat.param
# - 
#   name: reference_time
#   datatype: float64
#   unit: d
#   description: Reference time used for the geometric model fit
#   meta:
#     ucd: time.epoch
# - 
#   name: frequency
#   datatype: float64
#   unit: d**-1
#   description: Frequency of geometric model of the eclipsing binary light curve
#   meta:
#     ucd: src.orbital
# - 
#   name: frequency_error
#   datatype: float32
#   unit: d**-1
#   description: "Uncertainty of \\texttt{frequency}"
#   meta:
#     ucd: stat.error
# - 
#   name: geom_model_reference_level
#   datatype: float32
#   unit: mag
#   description: Magnitude reference level of geometric model
#   meta:
#     ucd: phot.mag;em.opt
# - 
#   name: geom_model_reference_level_error
#   datatype: float32
#   unit: mag
#   description: "Uncertainty of \\texttt{geomModelReferenceLevel}"
#   meta:
#     ucd: stat.error;phot.mag;em.opt
# - 
#   name: geom_model_gaussian1_phase
#   datatype: float32
#   description: Phase of the Gaussian 1 component
#   meta:
#     ucd: time.phase
# - 
#   name: geom_model_gaussian1_phase_error
#   datatype: float32
#   description: "Uncertainty of \\texttt{geomModelGaussian1Phase}"
#   meta:
#     ucd: stat.error;time.phase
# - 
#   name: geom_model_gaussian1_sigma
#   datatype: float32
#   description: "Standard deviation [phase] of Gaussian 1 component"
#   meta:
#     ucd: stat.stdev
# - 
#   name: geom_model_gaussian1_sigma_error
#   datatype: float32
#   description: "Uncertainty of \\texttt{geomModelGaussian1Sigma}"
#   meta:
#     ucd: stat.error
# - 
#   name: geom_model_gaussian1_depth
#   datatype: float32
#   unit: mag
#   description: Magnitude depth of Gaussian 1 component
#   meta:
#     ucd: src.var.amplitude
# - 
#   name: geom_model_gaussian1_depth_error
#   datatype: float32
#   unit: mag
#   description: "Uncertainty of \\texttt{geomModelGaussian1Depth}"
#   meta:
#     ucd: stat.error;src.var.amplitude
# - 
#   name: geom_model_gaussian2_phase
#   datatype: float32
#   description: Phase of Gaussian 2 component
#   meta:
#     ucd: time.phase
# - 
#   name: geom_model_gaussian2_phase_error
#   datatype: float32
#   description: "Uncertainty of \\texttt{geomModelGaussian2Phase}"
#   meta:
#     ucd: stat.error;time.phase
# - 
#   name: geom_model_gaussian2_sigma
#   datatype: float32
[...]
#   datatype: float32
#   description: "Secondary eclipse: uncertainty of \\texttt{derivedSecondaryEclDuration}"
#   meta:
#     ucd: stat.error;time.duration
# - 
#   name: derived_secondary_ecl_depth
#   datatype: float32
#   unit: mag
#   description: "Secondary eclipse: depth"
#   meta:
#     ucd: src.var.amplitude
# - 
#   name: derived_secondary_ecl_depth_error
#   datatype: float32
#   unit: mag
#   description: "Secondary eclipse: uncertainty of \\texttt{derivedSecondaryEclDepth}"
#   meta:
#     ucd: stat.error;src.var.amplitude
solution_id,source_id,global_ranking,reference_time,frequency,frequency_error,geom_model_reference_level,geom_model_reference_level_error,geom_model_gaussian1_phase,geom_model_gaussian1_phase_error,geom_model_gaussian1_sigma,geom_model_gaussian1_sigma_error,geom_model_gaussian1_depth,geom_model_gaussian1_depth_error,geom_model_gaussian2_phase,geom_model_gaussian2_phase_error,geom_model_gaussian2_sigma,geom_model_gaussian2_sigma_error,geom_model_gaussian2_depth,geom_model_gaussian2_depth_error,geom_model_cosine_half_period_amplitude,geom_model_cosine_half_period_amplitude_error,geom_model_cosine_half_period_phase,geom_model_cosine_half_period_phase_error,model_type,num_model_parameters,reduced_chi2,derived_primary_ecl_phase,derived_primary_ecl_phase_error,derived_primary_ecl_duration,derived_primary_ecl_duration_error,derived_primary_ecl_depth,derived_primary_ecl_depth_error,derived_secondary_ecl_phase,derived_secondary_ecl_phase_error,derived_secondary_ecl_duration,derived_secondary_ecl_duration_error,derived_secondary_ecl_depth,derived_secondary_ecl_depth_error
[from data line 441]
375316653866487564,6026255109641542272,0.4372276,2312.2089102993414,4.475858448518318,1.5568685E-4,19.040426,0.025892254,0.42023593,0.014459519,0.08411486,0.020091983,0.37592164,0.04531657,0.7761874,0.018761607,0.027331537,0.023518771,0.27966,2.4697108,null,null,null,null,"TWOGAUSSIANS",8,7.7108326,0.42023593,0.014459519,0.4,0.0,0.3759216,0.04531667,0.7761874,0.018761607,0.1530566,0.13170512,0.27970853,2.4697328
375316653866487564,6026255384519482496,0.5505419,2272.5801099334735,1.4616779084781129,5.4189327E-6,17.311626,0.017522363,0.15721819,0.0035945526,0.117432654,0.014495682,0.11054898,0.01646278,0.6380848,0.0019480215,0.114310615,0.009970186,0.15470438,0.016177768,null,null,null,null,"TWOGAUSSIANS",8,2.095694,0.6380848,0.0019480215,0.4,0.0,0.1335971,0.0044791964,0.15729818,0.003598456,0.4,0.0,0.08943752,0.004864725
375316653866487564,6026255418879224192,0.48238742,2287.27544813201,2.859991223273062,6.183287E-5,15.64398,0.0038328867,0.25947917,0.010542011,0.062492277,0.042866554,0.04092792,0.013822769,null,null,null,null,null,null,0.0633967,0.0052584657,0.25947917,0.010542011,"ONEGAUSSIAN_WITH_ELLIPSOIDAL",6,124.54714,0.25947917,0.010542011,0.34995675,0.13601212,0.16770764,0.0109929135,null,null,null,null,null,null
375316653866487564,6026255491948375552,0.60789895,2287.84279757485,0.4872268808174298,2.4792723E-6,15.019092,0.0035146873,0.31379306,0.0020339065,0.009393474,0.001561663,0.82125294,0.05312881,0.8147965,0.002873038,0.0119398795,0.001903817,0.5733839,0.03317816,0.0036611918,0.0054054386,0.31379306,0.0020339065,"TWOGAUSSIANS_WITH_ELLIPSOIDAL_ON_ECLIPSE1",9,185.89427,0.31379306,0.0020339065,0.052603453,0.008745313,0.8285753,0.05305051,0.8147965,0.002873038,0.06686333,0.010661375,0.580706,0.030877542
375316653866487564,6026255663693462784,0.47562495,2234.699847100388,3.2965186770278767,3.2003187E-5,19.834589,0.026458845,0.24490201,0.009232396,0.07993107,0.010330389,0.40806293,0.033183828,0.7663544,0.010809364,0.08811952,0.012761555,0.36327937,0.05254849,null,null,null,null,"TWOGAUSSIANS",8,4.4733787,0.24490201,0.009232396,0.4,0.0,0.40184355,0.029604457,0.7663544,0.010809364,0.4,0.0,0.35705984,0.0522852
375316653866487564,6026255835492236544,0.49301952,2262.3132678063166,0.3314511319766477,1.3302756E-6,18.792757,0.0033264542,0.24513155,4.860517E-4,0.0048329188,1.3478154E-4,1.4910021,0.13480537,0.7125683,0.063941605,0.026705453,0.018754276,0.101939894,0.10486651,null,null,null,null,"TWOGAUSSIANS",8,3.529104,0.24513155,4.860517E-4,0.027064346,7.5477664E-4,1.4910021,0.13480537,0.7125683,0.063941605,0.14955054,0.10502394,0.101939894,0.10486651
375316653866487564,6026255869905500672,0.4989801,2288.725817970057,0.28281076479751777,2.3197757E-5,16.063885,0.0011090486,0.7016493,0.014844519,0.019450912,0.010748214,0.005064743,0.0023184998,0.86909556,0.03258455,0.030598769,0.016511822,0.29920775,0.06511978,4.9673143E-4,0.0012775278,0.7016493,0.014844519,"TWOGAUSSIANS_WITH_ELLIPSOIDAL_ON_ECLIPSE1",9,35.599396,0.86909556,0.03258455,0.1713531,0.092466205,0.29945192,0.065317065,0.7016493,0.014844519,0.108925104,0.060189996,0.0060582985,0.0027271765
375316653866487564,6026256002994862976,0.6097107,2270.111001795232,1.2904478958931496,5.020778E-6,16.226032,0.010403594,0.24715556,0.0020148444,0.0638637,0.006722346,0.15050966,0.020967264,0.75605565,0.0038021118,0.050501764,0.009163089,0.09882944,0.020723756,0.06834184,0.011086428,0.24715556,0.0020148444,"TWOGAUSSIANS_WITH_ELLIPSOIDAL_ON_ECLIPSE1",9,7.7054167,0.24715556,0.0020148444,0.35763675,0.03764514,0.28712317,0.0045713857,0.75605565,0.0038021118,0.28280988,0.0513133,0.23501596,0.0077344123
375316653866487564,6026256827634316032,0.45668638,2321.8276892311824,0.3068237571380457,1.4499713E-5,18.024609,0.0082267625,0.29172435,0.019311268,0.07345514,0.04230406,0.043392446,0.010189077,0.81761074,0.009732691,0.059279595,0.0074389703,0.14683597,0.024758296,null,null,null,null,"TWOGAUSSIANS",8,3.9861095,0.81761074,0.009732691,0.33196574,0.041658234,0.14677887,0.024628036,0.29172435,0.019311268,0.4,0.08832438,0.043335356,0.0103156725
375316653866487564,6026256896370319360,0.5884452,2305.805960385023,3.239930160145901,1.8136656E-5,17.21141,0.01151025,0.26553947,0.0021420945,0.052705556,0.012414092,0.13150708,0.022422003,0.76191837,0.00883161,0.04544792,0.013219627,0.06267204,0.025824698,0.097950004,0.014066289,0.26553947,0.0021420945,"TWOGAUSSIANS_WITH_ELLIPSOIDAL_ON_ECLIPSE1",9,6.7979393,0.26553947,0.0021420945,0.2951511,0.06951892,0.32740533,0.020818822,0.76313835,0.006227784,0.25450835,0.07402991,0.25850314,0.0065268488
375316653866487564,6026257377390147456,0.6189638,2306.7006691484758,0.7052481967465081,6.0379025E-6,13.024581,0.0015365342,0.236569,0.0039354526,0.031038051,0.0045324224,0.11419884,0.0075562363,0.73392355,7.2921155E-4,0.031348765,7.549297E-4,0.34945223,0.0075853,0.010234321,0.0021584025,0.236569,0.0039354526,"TWOGAUSSIANS_WITH_ELLIPSOIDAL_ON_ECLIPSE1",9,17.732126,0.7339335,7.2580745E-4,0.17555308,0.004227606,0.36991522,0.007239417,0.236569,0.0039354526,0.17381309,0.025381567,0.13466749,0.008932219
375316653866487564,6026257755367758720,0.47084242,2294.7373763050346,0.7261222780186941,3.5851583E-5,19.462305,0.011099569,0.28455037,0.01635534,0.030356972,0.036686905,0.47217104,0.40979552,0.7863222,0.0028814678,0.032892436,0.003927533,0.18173715,0.015641218,null,null,null,null,"TWOGAUSSIANS",8,2.2947116,0.28455037,0.01635534,0.16999903,0.20544668,0.47217104,0.40979603,0.7863222,0.0028814678,0.18419763,0.021994185,0.18173715,0.015640963
375316653866487564,6026257965802194304,0.53304875,2299.49357533221,3.4932370722228097,2.3348857E-5,19.607748,0.0109650595,0.24977933,0.003834179,0.07472456,0.003211475,0.58961475,0.022995068,0.7470815,0.0023163797,0.075925596,0.00592793,0.43521446,0.03346131,null,null,null,null,"TWOGAUSSIANS",8,2.6703198,0.24977933,0.003834179,0.4,0.0,0.5857527,0.022685355,0.7470815,0.0023163797,0.4,0.0,0.4313524,0.034525335
375316653866487564,6026258481201866368,0.55639803,2328.3046700451155,3.5525609613227225,1.08833365E-5,19.951439,0.013694284,0.3110084,0.002000496,0.034728933,0.004567322,0.3792487,0.07478746,0.8056882,0.0058131632,0.05176137,0.007480857,0.4233566,0.039926242,0.1583847,0.02196958,0.3110084,0.002000496,"TWOGAUSSIANS_WITH_ELLIPSOIDAL_ON_ECLIPSE1",9,1.6745777,0.80641824,0.0049429443,0.28986368,0.0418928,0.7398183,0.03118221,0.3110084,0.002000496,0.19448203,0.025577003,0.6960159,0.07641089
375316653866487564,6026259095377322880,0.6035917,2306.3907734306044,0.5742170159601786,1.188156E-6,16.262281,8.164713E-4,0.1339332,5.951835E-4,0.019732926,7.185769E-4,0.2971825,0.014588718,0.6240787,0.0013707544,0.020690603,0.0011088551,0.6119287,0.15843911,null,null,null,null,"TWOGAUSSIANS",8,4.265058,0.6240787,0.0013707544,0.115867384,0.0062095886,0.6119287,0.15843911,0.1339332,5.951835E-4,0.11050439,0.0040240306,0.2971825,0.014588718
375316653866487564,6026259232837209472,0.48804647,2273.530671378138,2.476297534399376,2.2756E-5,19.426403,0.028354034,0.26220176,0.0049010287,0.09265788,0.012248976,0.31155246,0.022805817,0.7490333,0.008952097,0.109560855,0.022218928,0.23615395,0.051330235,null,null,null,null,"TWOGAUSSIANS",8,2.0113556,0.26221177,0.00489395,0.4,0.0,0.29031122,0.018826293,0.7490333,0.008952097,0.4,0.0,0.21489684,0.056975916
375316653866487564,6026260267905755264,0.5056127,2287.9437297597838,1.0675757540779642,1.2706824E-5,18.647089,0.006377567,0.22947907,0.011893919,0.07604331,0.011097234,0.093277015,0.020375999,0.71247447,0.0019988492,0.054478258,0.002154062,0.33243108,0.012505659,null,null,null,null,"TWOGAUSSIANS",8,3.0151246,0.71247447,0.0019988492,0.30507827,0.012062748,0.33231112,0.012436073,0.22947907,0.011893919,0.4,7.742052E-5,0.09315704,0.020403313
375316653866487564,6026260297969538432,0.49683928,2275.5033080847656,2.5983357713015574,2.983922E-5,18.727842,0.01705414,0.27227995,0.0046012187,0.07394872,0.008093256,0.4235998,0.019909471,0.7776615,0.0061876336,0.064511925,0.006824934,0.35571742,0.023273543,null,null,null,null,"TWOGAUSSIANS",8,12.127693,0.27227995,0.0046012187,0.4,0.0068116263,0.42260283,0.019754365,0.7776615,0.0061876336,0.36126676,0.03821963,0.35472044,0.022922277
375316653866487564,6026260680213607296,0.6262381,2317.1930071390666,0.6292851188597203,5.8006364E-5,18.363863,0.0030734255,0.19325867,0.0022411942,0.032816716,0.002042585,1.0754578,0.04647543,0.70190364,0.0043599643,0.03886562,0.0035212014,0.15245737,0.007578181,null,null,null,null,"TWOGAUSSIANS",8,2.403389,0.19325867,0.0022411942,0.1837736,0.011438476,1.0754578,0.04647543,0.70190364,0.0043599643,0.21764746,0.019718727,0.15245737,0.007578181
375316653866487564,6026260744665201280,0.5224088,2290.810310300285,3.666568387880664,2.7903357E-5,19.36864,0.022886839,0.3016864,0.0032102538,0.04351254,0.0063486183,0.42697808,0.0610647,0.80421656,0.009738854,0.043043654,0.015154224,0.5542382,0.77724016,0.12940133,0.03498741,0.3016864,0.0032102538,"TWOGAUSSIANS_WITH_ELLIPSOIDAL_ON_ECLIPSE1",9,9.433582,0.80421656,0.009738854,0.24104446,0.08486365,0.8129752,0.7750615,0.3016864,0.0032102538,0.24367023,0.035552263,0.6857805,0.043118723
375316653866487564,6026261053882312832,0.5633342,2303.6293795863567,1.6014850380215848,1.5225582E-5,16.762163,0.025265682,0.24952161,0.0036991872,0.11274145,0.018301694,0.15066087,0.022034908,0.72591114,0.0023429568,0.10814124,0.011282291,0.21500877,0.022656342,null,null,null,null,"TWOGAUSSIANS",8,6.040259,0.72591114,0.0023429568,0.4,0.0,0.19352989,0.0072706025,0.24956161,0.003750829,0.4,0.0,0.12917379,0.0076779905
375316653866487564,6026261264338125568,0.47171798,2303.5213327709366,3.5263352018175342,2.942597E-5,19.59724,0.46860093,0.33308783,0.0058118887,0.1214886,0.062347878,0.31081468,0.43190247,0.8272046,0.005222712,0.12366765,0.06408953,0.30750108,0.449809,null,null,null,null,"TWOGAUSSIANS",8,1.6391791,0.33313784,0.005746359,0.4,0.0,0.23745137,0.022170411,0.8272046,0.005222712,0.4,0.0,0.23409411,0.021183996
375316653866487564,6026261436137063680,0.55455446,2306.763464950453,2.2610261809243175,1.8736631E-5,18.233725,0.027890721,0.24603759,0.0027799767,0.053577065,0.0093047405,0.2572342,0.059262812,0.7381768,0.009239748,0.057255317,0.017542558,0.28401998,0.04364408,0.12017152,0.033262305,0.24603759,0.0027799767,"TWOGAUSSIANS_WITH_ELLIPSOIDAL_ON_ECLIPSE1",9,9.3197365,0.73958683,0.007592949,0.32062978,0.09823833,0.52386624,0.061752878,0.24603759,0.0027799767,0.30003154,0.052106544,0.49756116,0.018029444
375316653866487564,6026261436184118272,0.52978563,2308.788071392446,2.817080435070331,1.4905443E-5,14.247821,0.048621126,0.26642007,0.004085409,0.11498575,0.02062377,0.19022557,0.04586284,0.77703106,0.0042162146,0.10848178,0.028086793,0.16331251,0.046119817,null,null,null,null,"TWOGAUSSIANS",8,121.02929,0.26641005,0.004025084,0.4,0.0,0.16428435,0.0086150225,0.77706105,0.004383491,0.4,0.0,0.13739467,0.0066450387
375316653866487564,6026262153394041728,0.521438,2291.400566636727,0.23338756251688375,7.5750227E-6,17.433641,0.004606583,0.23363794,0.0016047346,0.027300986,0.001646863,0.27423304,0.010568524,0.73782915,0.018815499,0.02529024,0.011938948,1.2700604,1.3065029,null,null,null,null,"TWOGAUSSIANS",8,16.167767,0.73782915,0.018815499,0.14162534,0.06685811,1.2700604,1.3065029,0.23363794,0.0016047346,0.15288553,0.009222433,0.27423304,0.010568524
375316653866487564,6026262466976353280,0.5933569,2320.390994276253,2.2430047404085287,4.9387936E-6,15.678978,0.012612588,0.259672,0.0011680856,0.048679724,0.0051098326,0.22806163,0.027158277,0.75720066,0.0035863332,0.039616685,0.007856211,0.251787,0.025880365,0.11297989,0.016269809,0.259672,0.0011680856,"TWOGAUSSIANS_WITH_ELLIPSOIDAL_ON_ECLIPSE1",9,66.41962,0.75745064,0.0031882122,0.22185344,0.043994777,0.47769707,0.021741947,0.259672,0.0011680856,0.27260646,0.028615063,0.45402074,0.018228808
375316653866487564,6026262501335718144,0.43704614,2297.1174697394963,2.2059608775238355,2.0326774E-4,18.92871,0.033807892,0.26374492,0.023414817,0.061165445,0.023089206,0.12822811,0.06912238,0.43148696,0.05721517,0.15252297,0.14025393,0.090046145,0.025475916,null,null,null,null,"TWOGAUSSIANS",8,5.390092,0.27434492,0.02076257,0.3425265,0.1283907,0.1784437,0.048806142,0.43148696,0.05721517,0.4,0.0,0.09219487,0.023760336
375316653866487564,6026263081107080960,0.4503871,2314.847591193156,2.6938608447904224,1.7095808E-5,16.181002,0.04333462,0.18085957,0.002784614,0.22938146,0.026716469,0.38671565,0.04413834,0.6777533,0.003297099,0.17046064,0.013233042,0.34477308,0.038456842,null,null,null,null,"TWOGAUSSIANS",8,16.917131,0.6777533,0.003297099,0.4,0.0,0.086804494,0.004726334,0.18240957,0.0029180995,0.4,0.0,0.06624672,0.0026145838
375316653866487564,6026263733943425152,0.58219963,2270.9953887127945,3.521497982777034,7.4482537E-6,18.838259,0.008430468,0.30807465,0.0036240325,0.07585779,0.003626605,0.5851263,0.03104568,0.8100512,0.0019882915,0.07155096,0.002793131,0.57731384,0.01755527,null,null,null,null,"TWOGAUSSIANS",8,2.4191265,0.30807465,0.0036240325,0.4,0.0,0.58160114,0.031622056,0.8100512,0.0019882915,0.4,0.008172493,0.57378864,0.017773474
375316653866487564,6026263738240583680,0.48703012,2308.6392023829826,0.2231688395756644,5.6718545E-6,19.005093,0.004735752,0.44617683,0.010915463,0.06019083,0.011712685,0.091451205,0.026178716,0.725477,0.002029672,0.025274558,0.0017232437,0.21653502,0.009560576,0.03182595,0.005484733,0.725477,0.002029672,"TWOGAUSSIANS_WITH_ELLIPSOIDAL_ON_ECLIPSE2",9,1.7308995,0.725477,0.002029672,0.14153753,0.009650165,0.28018823,0.011903746,0.43914682,0.015375151,0.33706865,0.06559104,0.09408845,0.025954928
375316653866487564,6026264283698117248,0.5324653,2297.052529088559,2.200931292951354,1.4524686E-5,17.587252,0.013408731,0.25685626,0.0037285427,0.03734621,0.012789627,0.15791652,0.033931103,0.7585429,0.010249168,0.05793279,0.009995447,0.16053416,0.03336764,0.13988604,0.018083798,0.25685626,0.0037285427,"TWOGAUSSIANS_WITH_ELLIPSOIDAL_ON_ECLIPSE1",9,35.180508,0.7585429,0.00996506,0.32442364,0.055974502,0.440261,0.019289577,0.25685626,0.0037285427,0.20913878,0.07162191,0.4376748,0.036840305
375316653866487564,6026264283718336640,0.5072919,2298.552087147219,2.659815745689186,2.0752257E-5,19.659794,0.017761381,0.2783655,0.006194318,0.09016273,0.014053788,0.26123515,0.030622633,0.77727157,0.0039241947,0.087912194,0.009581794,0.24641544,0.020816423,null,null,null,null,"TWOGAUSSIANS",8,1.008215,0.2783655,0.006194318,0.4,0.0,0.25155115,0.033813898,0.77727157,0.0039241947,0.4,0.0,0.2367315,0.020266077
