Gaia/vari_eclipsing_binary/VariEclipsingBinary_510272-510516.csv
# %ECSV 1.0
# ---
# delimiter: ','
# meta: !!omap
# - RELEASE: Gaia DR3
# - TABLE: vari_eclipsing_binary
# - DESCRIPTION: >
#     This table describes the properties of the eclipsing binaries resulting from the variability analysis. 
# - CITATION: >
#     How to cite and acknowledge Gaia: 
#     https://gea.esac.esa.int/archive/documentation/credits.html 
# - KNOWN_ISSUES: >
#     Known issues: 
#     https://www.cosmos.esa.int/web/gaia-users/known-issues 
# - DOCUMENTATION: >
#     Tutorials and documentation: 
#     https://www.cosmos.esa.int/web/gaia-users/archive 
# datatype:
# - 
#   name: solution_id
#   datatype: int64
#   description: Solution Identifier
#   meta:
#     ucd: meta.version
# - 
#   name: source_id
#   datatype: int64
#   description: Unique source identifier
#   meta:
#     ucd: meta.id;meta.main
# - 
#   name: global_ranking
#   datatype: float32
#   description: Number between 0 (worst) and 1 (best)
#   meta:
#     ucd: stat.param
# - 
#   name: reference_time
#   datatype: float64
#   unit: d
#   description: Reference time used for the geometric model fit
#   meta:
#     ucd: time.epoch
# - 
#   name: frequency
#   datatype: float64
#   unit: d**-1
#   description: Frequency of geometric model of the eclipsing binary light curve
#   meta:
#     ucd: src.orbital
# - 
#   name: frequency_error
#   datatype: float32
#   unit: d**-1
#   description: "Uncertainty of \\texttt{frequency}"
#   meta:
#     ucd: stat.error
# - 
#   name: geom_model_reference_level
#   datatype: float32
#   unit: mag
#   description: Magnitude reference level of geometric model
#   meta:
#     ucd: phot.mag;em.opt
# - 
#   name: geom_model_reference_level_error
#   datatype: float32
#   unit: mag
#   description: "Uncertainty of \\texttt{geomModelReferenceLevel}"
#   meta:
#     ucd: stat.error;phot.mag;em.opt
# - 
#   name: geom_model_gaussian1_phase
#   datatype: float32
#   description: Phase of the Gaussian 1 component
#   meta:
#     ucd: time.phase
# - 
#   name: geom_model_gaussian1_phase_error
#   datatype: float32
#   description: "Uncertainty of \\texttt{geomModelGaussian1Phase}"
#   meta:
#     ucd: stat.error;time.phase
# - 
#   name: geom_model_gaussian1_sigma
#   datatype: float32
#   description: "Standard deviation [phase] of Gaussian 1 component"
#   meta:
#     ucd: stat.stdev
# - 
#   name: geom_model_gaussian1_sigma_error
#   datatype: float32
#   description: "Uncertainty of \\texttt{geomModelGaussian1Sigma}"
#   meta:
#     ucd: stat.error
# - 
#   name: geom_model_gaussian1_depth
#   datatype: float32
#   unit: mag
#   description: Magnitude depth of Gaussian 1 component
#   meta:
#     ucd: src.var.amplitude
# - 
#   name: geom_model_gaussian1_depth_error
#   datatype: float32
#   unit: mag
#   description: "Uncertainty of \\texttt{geomModelGaussian1Depth}"
#   meta:
#     ucd: stat.error;src.var.amplitude
# - 
#   name: geom_model_gaussian2_phase
#   datatype: float32
#   description: Phase of Gaussian 2 component
#   meta:
#     ucd: time.phase
# - 
#   name: geom_model_gaussian2_phase_error
#   datatype: float32
#   description: "Uncertainty of \\texttt{geomModelGaussian2Phase}"
#   meta:
#     ucd: stat.error;time.phase
# - 
#   name: geom_model_gaussian2_sigma
#   datatype: float32
[...]
#   datatype: float32
#   description: "Secondary eclipse: uncertainty of \\texttt{derivedSecondaryEclDuration}"
#   meta:
#     ucd: stat.error;time.duration
# - 
#   name: derived_secondary_ecl_depth
#   datatype: float32
#   unit: mag
#   description: "Secondary eclipse: depth"
#   meta:
#     ucd: src.var.amplitude
# - 
#   name: derived_secondary_ecl_depth_error
#   datatype: float32
#   unit: mag
#   description: "Secondary eclipse: uncertainty of \\texttt{derivedSecondaryEclDepth}"
#   meta:
#     ucd: stat.error;src.var.amplitude
solution_id,source_id,global_ranking,reference_time,frequency,frequency_error,geom_model_reference_level,geom_model_reference_level_error,geom_model_gaussian1_phase,geom_model_gaussian1_phase_error,geom_model_gaussian1_sigma,geom_model_gaussian1_sigma_error,geom_model_gaussian1_depth,geom_model_gaussian1_depth_error,geom_model_gaussian2_phase,geom_model_gaussian2_phase_error,geom_model_gaussian2_sigma,geom_model_gaussian2_sigma_error,geom_model_gaussian2_depth,geom_model_gaussian2_depth_error,geom_model_cosine_half_period_amplitude,geom_model_cosine_half_period_amplitude_error,geom_model_cosine_half_period_phase,geom_model_cosine_half_period_phase_error,model_type,num_model_parameters,reduced_chi2,derived_primary_ecl_phase,derived_primary_ecl_phase_error,derived_primary_ecl_duration,derived_primary_ecl_duration_error,derived_primary_ecl_depth,derived_primary_ecl_depth_error,derived_secondary_ecl_phase,derived_secondary_ecl_phase_error,derived_secondary_ecl_duration,derived_secondary_ecl_duration_error,derived_secondary_ecl_depth,derived_secondary_ecl_depth_error
[from data line 286]
375316653866487564,4489636070216257664,0.5136881,2304.3681478422704,2.7881852143718704,1.7022609E-5,17.59015,0.6164461,0.22762984,0.00422003,0.1712964,0.058457807,0.6644846,0.5814514,0.7254988,0.0049091796,0.1665571,0.050930835,0.6654585,0.56890714,null,null,null,null,"TWOGAUSSIANS",8,10.591892,0.7254988,0.0049091796,0.4,0.0,0.24351747,0.012225493,0.22811984,0.00423289,0.4,0.0,0.23847507,0.015578755
375316653866487564,4489636933509227136,0.64054537,2290.793833005447,1.7756004074190528,2.0799512E-6,13.807149,0.008419548,0.2696063,5.177966E-4,0.056587547,0.004725304,0.14278983,0.017789552,0.7721009,0.02164007,0.05678968,0.019267978,0.08634075,0.022735357,0.084366776,0.010298041,0.2696063,5.177966E-4,"TWOGAUSSIANS_WITH_ELLIPSOIDAL_ON_ECLIPSE1",9,26.944899,0.2696063,5.177966E-4,0.31689027,0.026461704,0.31151065,0.0052323667,0.7721009,0.02161937,0.31802222,0.10790068,0.2550201,0.008441566
375316653866487564,4489642976523946624,0.43908906,2264.9384517635635,1.6359732234736997,2.0686712E-5,17.975857,0.3605727,0.30368418,0.008263662,0.23552461,0.111634135,0.4923826,0.3557018,0.79789066,0.0072130784,0.14940691,0.05108142,0.39826173,0.24757878,null,null,null,null,"TWOGAUSSIANS",8,9.169433,0.79789066,0.0072130784,0.4,0.0,0.12793197,0.020235483,0.3047242,0.007258798,0.4,0.0,0.121594205,0.007829382
375316653866487564,4489643805457156096,0.49800545,2261.0858721630557,3.1387258253388217,1.5220163E-5,16.333422,0.0045810854,0.43061253,0.0439238,0.03862245,0.024740338,0.04189018,0.01855766,0.7971,0.0070873015,0.023294035,0.019151716,0.028492486,0.024015395,0.06449222,0.0063938233,0.7971,0.0070873015,"TWOGAUSSIANS_WITH_ELLIPSOIDAL_ON_ECLIPSE2",9,32.281425,0.7971,0.0070873015,0.1304466,0.10724961,0.1574769,0.023399737,0.2981125,0.05106863,0.21628572,0.1385459,0.12909573,0.025218073
375316653866487564,4489647615088797824,0.45918015,2271.3514035355183,2.654129921353892,8.6343265E-5,19.710566,0.011537226,0.2391514,0.014915394,0.035418354,0.013922409,0.16132623,0.27899742,0.7575806,0.02306311,0.018423969,0.02277315,0.45862716,0.362391,null,null,null,null,"TWOGAUSSIANS",8,2.5829856,0.7575806,0.02306311,0.103174224,0.12752964,0.45862716,0.362391,0.2391514,0.014915394,0.19834277,0.07796549,0.16132623,0.27899742
375316653866487564,4489652257952848640,0.5773467,2306.657151022924,0.564933615126997,1.1682403E-5,14.554068,5.273961E-4,0.2569162,0.0016447849,0.041569896,0.0026712073,0.042065233,0.0022085872,0.73730093,0.0011025845,0.01898385,0.0053099734,0.038691882,0.021975314,0.019496914,0.0013244225,0.2569162,0.0016447849,"TWOGAUSSIANS_WITH_ELLIPSOIDAL_ON_ECLIPSE1",9,6.3915772,0.2569162,0.0016447849,0.23279141,0.014958761,0.081059046,0.0019992255,0.7378409,0.0012725717,0.10630956,0.02973585,0.077112585,0.022783594
375316653866487564,4489652498471213696,0.5231111,2294.477394454838,3.1414902164809644,1.7804045E-5,15.066872,0.033292983,0.31309453,0.005635726,0.06981882,0.028898617,0.057022717,0.07075801,0.81968504,0.013436971,0.06990796,0.020752111,0.11418697,0.06492036,0.072198704,0.032508202,0.31309453,0.005635726,"TWOGAUSSIANS_WITH_ELLIPSOIDAL_ON_ECLIPSE1",9,132.36256,0.81968504,0.01334202,0.3914846,0.073921494,0.25810713,0.018137002,0.31309453,0.005635726,0.39098537,0.09719428,0.20119032,0.015262229
375316653866487564,4489652562893539456,0.5475407,2302.749190408004,1.5960533011151419,3.857799E-5,18.230408,0.00319204,0.3089725,0.004562914,0.017181939,0.011935458,0.15653358,33907.918,0.79355806,0.013962082,0.041255046,0.014821424,0.33813223,0.12607011,0.028800271,0.0037358168,0.3089725,0.004562914,"TWOGAUSSIANS_WITH_ELLIPSOIDAL_ON_ECLIPSE1",9,1.7494487,0.79389805,0.01361789,0.23102826,0.082999974,0.39520606,0.12613752,0.3089725,0.004562914,0.09621886,0.06683856,0.21413411,33907.918
375316653866487564,4489653524965241984,0.558198,2290.3305303437064,2.040345955875622,1.8383413E-5,11.969311,0.019577783,0.3095831,0.020729337,0.040953986,0.028212573,0.14007086,0.037895728,0.7993467,0.006106203,0.05116722,0.03917221,0.079486184,0.04367772,0.15897788,0.020892605,0.7993467,0.006106203,"TWOGAUSSIANS_WITH_ELLIPSOIDAL_ON_ECLIPSE2",9,919.0289,0.3072131,0.017270299,0.22934233,0.15799041,0.4570151,0.015718512,0.7993467,0.006106203,0.28653643,0.15737724,0.39744088,0.02277118
375316653866487564,4489658339627329152,0.4478491,2126.7702739998927,1.0355419076141097,1.8352226E-5,16.757385,0.015488541,0.30072287,0.0061613903,0.0831031,0.008132221,0.24818085,0.025444988,0.8067647,0.018318947,0.09542132,0.015905127,0.11547677,0.023998324,null,null,null,null,"TWOGAUSSIANS",8,8.260653,0.30072287,0.0061613903,0.4,0.0,0.24234372,0.02425534,0.8067647,0.018318947,0.4,0.0,0.10963939,0.02288752
375316653866487564,4489660676085887616,0.52621734,2252.420172468301,2.182495120457898,1.0620458E-6,18.618942,0.004587197,0.11540321,0.00961433,0.024677172,0.013869178,0.17011723,0.19310392,0.50744677,1.4525133E-7,9.700288E-4,6.456194E-6,1.444481,0.0066945385,null,null,null,null,"TWOGAUSSIANS",8,4.628025,0.50744677,1.4525133E-7,0.005432161,3.6154684E-5,1.444481,0.0066945385,0.11540321,0.00961433,0.13819216,0.07766739,0.17011723,0.19310392
375316653866487564,4489663184349674752,0.5483645,2300.7465644102067,1.3947611402948399,7.804361E-6,16.49594,0.012535989,0.23507363,0.0016875423,0.0636398,0.003443059,0.45428348,0.025287226,0.7411801,0.0053499416,0.08286122,0.007884127,0.49014428,0.042934302,null,null,null,null,"TWOGAUSSIANS",8,51.499283,0.7411801,0.0053499416,0.4,0.0,0.4877364,0.04375006,0.23507363,0.0016875423,0.35638285,0.01928113,0.4518756,0.025401752
375316653866487564,4489672289679182464,0.43208033,2288.7864542576012,0.6298039461757894,4.0422445E-5,17.617441,0.3923969,0.28011033,0.012416789,0.14620271,0.06145469,0.4668026,0.29408702,0.7829918,0.011163513,0.22268456,0.108165786,0.50542635,0.38822734,null,null,null,null,"TWOGAUSSIANS",8,24.198368,0.27886033,0.01361876,0.4,0.0,0.17302017,0.024872512,0.7834318,0.011091847,0.4,0.0,0.13307565,0.020682834
375316653866487564,4489672835138328704,0.5086078,2258.8003470389435,0.8164098776412388,9.5968775E-5,18.301477,0.0031459054,0.35890037,0.052314546,0.029980255,0.02913459,0.052214693,0.21178728,0.81520456,0.0025429067,0.011927477,9.618634E-4,0.78177893,0.11452486,null,null,null,null,"TWOGAUSSIANS",8,5.291019,0.81520456,0.0025429067,0.066793874,0.005386435,0.78177893,0.11452486,0.35890037,0.052314546,0.16788943,0.1631537,0.052214693,0.21178728
375316653866487564,4489680944036777088,0.50250125,2271.272763137076,3.137388879171344,1.084337E-5,18.628181,0.010248181,0.1639266,0.0030975675,0.050237227,0.012230409,0.10376618,0.029961899,0.67273563,0.010605297,0.03900145,0.011829535,0.111311965,0.05238836,0.07871514,0.020847864,0.1639266,0.0030975675,"TWOGAUSSIANS_WITH_ELLIPSOIDAL_ON_ECLIPSE1",9,3.514511,0.67273563,0.010605297,0.21840812,0.06624539,0.26826,0.04565831,0.1639266,0.0030975675,0.28132847,0.06849029,0.26119602,0.0219797
375316653866487564,4489689263390027648,0.58671534,2299.955499610098,1.5989737911101434,6.6494317E-6,13.893189,0.0024868853,0.2345881,0.003370513,0.04161549,0.0033385206,0.4155366,0.08525558,0.7310347,0.0056280615,0.04954442,0.0051553235,0.053231668,0.005617706,0.03438495,0.0030165692,0.2345881,0.003370513,"TWOGAUSSIANS_WITH_ELLIPSOIDAL_ON_ECLIPSE1",9,18.4874,0.2345881,0.003370513,0.23304674,0.018695716,0.48430628,0.087102175,0.7317447,0.004292466,0.27744874,0.028869811,0.1219739,0.0020454705
375316653866487564,4489712868530835200,0.5860838,2291.260599625472,2.184674230803224,8.777386E-6,17.22255,0.006298205,0.23061371,0.003439523,0.10820457,0.006029898,0.1512376,0.0062814746,0.7370791,0.0030442025,0.08270629,0.0035061464,0.29525012,0.012579048,null,null,null,null,"TWOGAUSSIANS",8,3.0076132,0.7370791,0.0030442025,0.4,0.0,0.2835937,0.012381098,0.23061371,0.003439523,0.4,0.0,0.13957399,0.0037531361
375316653866487564,4489713246487963776,0.5982623,2265.0143851132793,2.4448605787928295,3.9169972E-6,16.336329,0.008861554,0.2633158,0.0015985873,0.051148616,0.0032497118,0.36532682,0.0221752,0.7629639,0.0030272247,0.047930654,0.0037979155,0.33255345,0.02259782,0.09494065,0.013158141,0.2633158,0.0015985873,"TWOGAUSSIANS_WITH_ELLIPSOIDAL_ON_ECLIPSE1",9,29.441269,0.2633158,0.0015985873,0.28643224,0.018198386,0.55520505,0.018355714,0.7629939,0.0028340982,0.26841167,0.021268327,0.52243084,0.01889962
375316653866487564,4489713280848580736,0.48395967,2321.776804043566,0.1392550683185129,1.266352E-4,16.488386,0.0026847401,0.7212655,0.010840782,0.031464405,0.010165317,0.3833852,29.080013,null,null,null,null,null,null,0.0080034165,0.0034191,0.7212655,0.010840782,"ONEGAUSSIAN_WITH_ELLIPSOIDAL",6,11.31151,0.7212655,0.010840782,0.17620067,0.056925777,0.399392,29.080133,null,null,null,null,null,null
375316653866487564,4489713517066238464,0.6057347,2283.4459364229824,2.8705072486573013,4.568209E-6,17.992634,0.006080075,0.26407155,0.001501381,0.083351284,0.002054077,0.41163564,0.00877568,0.7651964,0.0019163637,0.07194942,0.0021208944,0.4805309,0.009917133,null,null,null,null,"TWOGAUSSIANS",8,4.154139,0.7651964,0.0019163637,0.4,0.0014187818,0.47569948,0.009577352,0.26407155,0.001501381,0.4,0.0,0.4068042,0.008475744
375316653866487564,4489719048987440640,0.57276183,2275.070159287509,2.580090369801916,1.0180881E-5,17.020016,0.014494698,0.23400888,0.0028212033,0.047799766,0.009018489,0.19126149,0.03233202,0.7272421,0.008826256,0.04771176,0.010395597,0.21997444,0.06916828,0.12596662,0.019862816,0.23400888,0.0028212033,"TWOGAUSSIANS_WITH_ELLIPSOIDAL_ON_ECLIPSE1",9,24.52142,0.72839206,0.007131093,0.26718587,0.05821534,0.4715298,0.076070964,0.23400888,0.0028212033,0.26767868,0.05050354,0.4431944,0.015830308
375316653866487564,4489720324593858560,0.50893897,2292.2130451869375,0.15153850833792282,1.0743623E-4,17.264982,0.0029220658,0.4850274,1.1506743E-4,0.004550355,1.166021E-4,0.24248669,0.004242633,0.788888,0.052843653,0.04297044,0.028019227,0.02331689,0.016794516,null,null,null,null,"TWOGAUSSIANS",8,9.0053835,0.4850274,1.1506743E-4,0.025481988,6.529718E-4,0.24248669,0.004242633,0.788888,0.052843653,0.24063449,0.15690766,0.02331689,0.016794516
375316653866487564,4489732827242544896,0.44073588,2291.9659960573954,0.37318960490331254,3.0203893E-5,19.01388,0.10260167,0.30873686,0.018769857,0.13549158,0.056132827,0.15861748,0.10014991,0.7775863,0.012217559,0.1152654,0.03812953,0.13253997,0.091728255,null,null,null,null,"TWOGAUSSIANS",8,3.082587,0.30885687,0.018581782,0.4,0.0,0.12776391,0.01757362,0.7775863,0.012217559,0.4,0.0,0.10212054,0.010967042
375316653866487564,4489733617514318848,0.4370675,2331.2314659350573,3.7242702323920827,1.4992404E-5,17.133312,0.004016711,0.33133703,0.004255873,0.027212283,0.0032664617,0.33260265,0.12310687,0.85525954,0.0010861829,0.022287598,0.0026357828,0.4632672,0.13178276,null,null,null,null,"TWOGAUSSIANS",8,11.988383,0.85525954,0.0010861829,0.124810554,0.014760384,0.4632672,0.13178276,0.33133703,0.004255873,0.15238878,0.018292185,0.33260265,0.12310687
375316653866487564,4489744960526060672,0.50686175,2276.0165805448964,0.9677676192205062,1.750935E-5,16.926216,0.016715081,0.21299274,0.0054626777,0.09872573,0.01916395,0.092277795,0.0147062065,0.71258,0.005356251,0.10523468,0.018041532,0.13777003,0.011598756,null,null,null,null,"TWOGAUSSIANS",8,4.9141364,0.71258,0.005356251,0.4,0.0,0.12661846,0.010419763,0.21299274,0.0054612234,0.4,0.0,0.081129186,0.005537295
375316653866487564,4489745338483176448,0.45279542,2281.167896787361,0.07451200779761281,2.0716774E-5,19.766712,0.014405033,0.36555666,0.026412498,0.10783357,0.021603767,0.22368494,0.021325115,0.8418538,0.0042465026,0.035983842,0.004950734,0.24458924,0.024057155,null,null,null,null,"TWOGAUSSIANS",8,2.7790797,0.8418538,0.0042465026,0.20150952,0.02772411,0.24407928,0.023756644,0.36555666,0.026412498,0.4,0.0,0.22316033,0.020907726
375316653866487564,4489752450948991488,0.61881083,2289.0221037111355,2.036142891117093,5.079392E-6,15.26677,0.0036604386,0.2687911,0.001724123,0.089063086,0.001967497,0.2655396,0.0042717583,0.76938367,0.0020684665,0.09820892,0.0032862017,0.20337908,0.004405286,null,null,null,null,"TWOGAUSSIANS",8,14.851432,0.2687911,0.001724123,0.4,0.0,0.25262377,0.003073497,0.76938367,0.0020684665,0.4,0.0,0.1904624,0.0044915783
375316653866487564,4489753649241528576,0.5701134,2284.0334049966773,0.27837459913106816,3.324145E-5,17.84031,0.0013130015,0.12496236,0.0012643476,0.010410127,0.0021802364,0.35146382,0.09013717,0.7535319,0.0862227,0.035295837,0.039561864,0.1586991,25.562643,null,null,null,null,"TWOGAUSSIANS",8,2.6571515,0.12496236,0.0012643476,0.058296714,0.012209324,0.35146382,0.09013717,0.7535319,0.0862227,0.19765669,0.22154643,0.1586991,25.562643
375316653866487564,4489753958479203456,0.59171814,2257.609616605921,3.780836443529099,7.0647297E-6,18.491703,0.038625374,0.27158254,0.004269033,0.0357842,0.0106053315,0.28357333,0.08139485,0.7748386,0.0061374935,0.050282817,0.014780219,0.42412204,0.06761384,0.15035158,0.043464698,0.27158254,0.004269033,"TWOGAUSSIANS_WITH_ELLIPSOIDAL_ON_ECLIPSE1",9,8.932747,0.7748386,0.0061232056,0.2815838,0.08276922,0.724698,0.025597125,0.27158254,0.004269033,0.20039152,0.05938986,0.5842751,0.012370517
375316653866487564,4489760005792956160,0.5092032,2266.151792495354,3.3455993260814214,1.484032E-5,19.306501,0.019290645,0.2125406,0.0043356544,0.06932199,0.006495791,0.32829073,0.023153817,0.718167,0.0056067514,0.09136464,0.009271541,0.3219974,0.025352187,null,null,null,null,"TWOGAUSSIANS",8,2.7878375,0.2125406,0.0043356544,0.38820314,0.028705988,0.32374266,0.021200528,0.718167,0.0056067514,0.4,0.0,0.31744912,0.024286754
375316653866487564,4489767908533021952,0.52009773,2274.8101002685557,0.9590706747416093,1.6775237E-5,19.197735,0.0025929573,0.23332898,0.0047859903,0.049754195,0.002331565,0.34265536,0.026579702,0.66923314,0.010490939,0.018090121,0.018007796,0.019977216,0.016847167,null,null,null,null,"TWOGAUSSIANS",8,0.7281467,0.23332898,0.0047859903,0.2786235,0.0130567625,0.34265536,0.026579702,0.66923314,0.010490939,0.10130468,0.10084366,0.019977216,0.016847167
375316653866487564,4489768359507952896,0.5526863,2287.778035551391,3.14874204383088,1.2630562E-5,15.726395,0.0069376826,0.23711996,0.0031016092,0.08392234,0.004922796,0.1877579,0.0077758646,0.73965937,0.0036550008,0.09688087,0.005593316,0.21989807,0.0070906533,null,null,null,null,"TWOGAUSSIANS",8,29.811325,0.73965937,0.0036550008,0.4,0.0,0.21133307,0.005823245,0.23711996,0.0031016092,0.4,0.0,0.17919362,0.006492101
375316653866487564,4489768561368204928,0.5000854,2268.648164588169,3.4326392372757173,4.1997366E-5,16.979158,0.018100336,0.3022244,0.009318529,0.108149864,0.016551051,0.15900034,0.020108847,0.77025,0.00632163,0.10668015,0.011174743,0.1936197,0.018482981,null,null,null,null,"TWOGAUSSIANS",8,22.979614,0.77025,0.00632163,0.4,0.0,0.17730671,0.009028305,0.3022644,0.009308219,0.4,0.0,0.14268641,0.013836194
375316653866487564,4489769008044748928,0.5361203,2264.409247599714,3.4128210823582767,8.823971E-6,18.932919,0.012662688,0.23747773,0.0031712847,0.09632518,0.004393019,0.3519641,0.0141750295,0.7390823,0.0032912616,0.09008386,0.0050691445,0.37662128,0.013609809,null,null,null,null,"TWOGAUSSIANS",8,2.1435115,0.7390823,0.0032912616,0.4,0.0,0.3571666,0.0113552995,0.23747773,0.0031712847,0.4,0.0,0.33250856,0.0107224155
375316653866487564,4489773204231278080,0.44997823,2293.2056122554454,0.5978349586520074,6.0652757E-5,19.580006,0.014062688,0.3225788,0.017664293,0.1225717,0.02236926,0.1131201,0.019729875,0.7398444,0.003609673,0.02584114,0.0022679542,0.5566474,0.026940636,null,null,null,null,"TWOGAUSSIANS",8,3.7405252,0.7398444,0.003609673,0.14471038,0.012700543,0.55688334,0.027220568,0.3225788,0.017664293,0.4,0.0,0.11301022,0.01963093
