Gaia/vari_eclipsing_binary/VariEclipsingBinary_596817-596894.csv
# %ECSV 1.0
# ---
# delimiter: ','
# meta: !!omap
# - RELEASE: Gaia DR3
# - TABLE: vari_eclipsing_binary
# - DESCRIPTION: >
#     This table describes the properties of the eclipsing binaries resulting from the variability analysis. 
# - CITATION: >
#     How to cite and acknowledge Gaia: 
#     https://gea.esac.esa.int/archive/documentation/credits.html 
# - KNOWN_ISSUES: >
#     Known issues: 
#     https://www.cosmos.esa.int/web/gaia-users/known-issues 
# - DOCUMENTATION: >
#     Tutorials and documentation: 
#     https://www.cosmos.esa.int/web/gaia-users/archive 
# datatype:
# - 
#   name: solution_id
#   datatype: int64
#   description: Solution Identifier
#   meta:
#     ucd: meta.version
# - 
#   name: source_id
#   datatype: int64
#   description: Unique source identifier
#   meta:
#     ucd: meta.id;meta.main
# - 
#   name: global_ranking
#   datatype: float32
#   description: Number between 0 (worst) and 1 (best)
#   meta:
#     ucd: stat.param
# - 
#   name: reference_time
#   datatype: float64
#   unit: d
#   description: Reference time used for the geometric model fit
#   meta:
#     ucd: time.epoch
# - 
#   name: frequency
#   datatype: float64
#   unit: d**-1
#   description: Frequency of geometric model of the eclipsing binary light curve
#   meta:
#     ucd: src.orbital
# - 
#   name: frequency_error
#   datatype: float32
#   unit: d**-1
#   description: "Uncertainty of \\texttt{frequency}"
#   meta:
#     ucd: stat.error
# - 
#   name: geom_model_reference_level
#   datatype: float32
#   unit: mag
#   description: Magnitude reference level of geometric model
#   meta:
#     ucd: phot.mag;em.opt
# - 
#   name: geom_model_reference_level_error
#   datatype: float32
#   unit: mag
#   description: "Uncertainty of \\texttt{geomModelReferenceLevel}"
#   meta:
#     ucd: stat.error;phot.mag;em.opt
# - 
#   name: geom_model_gaussian1_phase
#   datatype: float32
#   description: Phase of the Gaussian 1 component
#   meta:
#     ucd: time.phase
# - 
#   name: geom_model_gaussian1_phase_error
#   datatype: float32
#   description: "Uncertainty of \\texttt{geomModelGaussian1Phase}"
#   meta:
#     ucd: stat.error;time.phase
# - 
#   name: geom_model_gaussian1_sigma
#   datatype: float32
#   description: "Standard deviation [phase] of Gaussian 1 component"
#   meta:
#     ucd: stat.stdev
# - 
#   name: geom_model_gaussian1_sigma_error
#   datatype: float32
#   description: "Uncertainty of \\texttt{geomModelGaussian1Sigma}"
#   meta:
#     ucd: stat.error
# - 
#   name: geom_model_gaussian1_depth
#   datatype: float32
#   unit: mag
#   description: Magnitude depth of Gaussian 1 component
#   meta:
#     ucd: src.var.amplitude
# - 
#   name: geom_model_gaussian1_depth_error
#   datatype: float32
#   unit: mag
#   description: "Uncertainty of \\texttt{geomModelGaussian1Depth}"
#   meta:
#     ucd: stat.error;src.var.amplitude
# - 
#   name: geom_model_gaussian2_phase
#   datatype: float32
#   description: Phase of Gaussian 2 component
#   meta:
#     ucd: time.phase
# - 
#   name: geom_model_gaussian2_phase_error
#   datatype: float32
#   description: "Uncertainty of \\texttt{geomModelGaussian2Phase}"
#   meta:
#     ucd: stat.error;time.phase
# - 
#   name: geom_model_gaussian2_sigma
#   datatype: float32
[...]
#   datatype: float32
#   description: "Secondary eclipse: uncertainty of \\texttt{derivedSecondaryEclDuration}"
#   meta:
#     ucd: stat.error;time.duration
# - 
#   name: derived_secondary_ecl_depth
#   datatype: float32
#   unit: mag
#   description: "Secondary eclipse: depth"
#   meta:
#     ucd: src.var.amplitude
# - 
#   name: derived_secondary_ecl_depth_error
#   datatype: float32
#   unit: mag
#   description: "Secondary eclipse: uncertainty of \\texttt{derivedSecondaryEclDepth}"
#   meta:
#     ucd: stat.error;src.var.amplitude
solution_id,source_id,global_ranking,reference_time,frequency,frequency_error,geom_model_reference_level,geom_model_reference_level_error,geom_model_gaussian1_phase,geom_model_gaussian1_phase_error,geom_model_gaussian1_sigma,geom_model_gaussian1_sigma_error,geom_model_gaussian1_depth,geom_model_gaussian1_depth_error,geom_model_gaussian2_phase,geom_model_gaussian2_phase_error,geom_model_gaussian2_sigma,geom_model_gaussian2_sigma_error,geom_model_gaussian2_depth,geom_model_gaussian2_depth_error,geom_model_cosine_half_period_amplitude,geom_model_cosine_half_period_amplitude_error,geom_model_cosine_half_period_phase,geom_model_cosine_half_period_phase_error,model_type,num_model_parameters,reduced_chi2,derived_primary_ecl_phase,derived_primary_ecl_phase_error,derived_primary_ecl_duration,derived_primary_ecl_duration_error,derived_primary_ecl_depth,derived_primary_ecl_depth_error,derived_secondary_ecl_phase,derived_secondary_ecl_phase_error,derived_secondary_ecl_duration,derived_secondary_ecl_duration_error,derived_secondary_ecl_depth,derived_secondary_ecl_depth_error
[from data line 368]
375316653866487564,5249930562481491328,0.5852545,2207.620613722171,4.056927609909862,9.46665E-6,18.708448,0.007936807,0.26062515,0.003933299,0.07414635,0.004087097,0.55226135,0.035070147,0.7490186,0.00227537,0.06915922,0.0030581274,0.582627,0.018444508,null,null,null,null,"TWOGAUSSIANS",8,3.5410538,0.7490186,0.00227537,0.3872916,0.017125513,0.5806927,0.018682733,0.26062515,0.003933299,0.4,0.0,0.5503271,0.035382394
375316653866487564,5249931872443919488,0.47176874,2220.553087824298,2.241104304327915,2.3565928E-5,17.23433,0.0050551,0.2598021,0.0076478813,0.089729674,0.01221136,0.05384021,0.0069391704,0.74234533,0.006340909,0.10152213,0.012088773,0.06813887,0.005460169,null,null,null,null,"TWOGAUSSIANS",8,2.8074713,0.74234533,0.006340909,0.4,0.0,0.06500633,0.0047877557,0.2598021,0.007654447,0.4,0.0,0.05070864,0.006483782
375316653866487564,5249932417907315456,0.48026988,2236.505779149751,2.3205407852359525,1.6640977E-5,17.395527,0.009748076,0.07615283,0.02129602,0.030629378,0.029833179,0.07929614,5.2264063E19,0.5494788,0.0041535385,0.03726013,0.0049107145,0.37852037,0.054679967,0.03810615,0.015561412,0.07615283,0.02129602,"TWOGAUSSIANS_WITH_ELLIPSOIDAL_ON_ECLIPSE1",9,84.44024,0.5500488,0.004100675,0.20865673,0.027500002,0.45265636,0.055528376,0.07615283,0.02129602,0.17152451,0.1670658,0.15550834,5.2264063E19
375316653866487564,5249932731455907328,0.5500277,2211.6845605223148,2.5778170707252994,1.0896884E-5,14.218149,0.014604714,0.26417485,0.0049777115,0.09290595,0.006997079,0.31642035,0.014817834,0.77674896,0.004455147,0.08405372,0.006146182,0.33069766,0.015766686,null,null,null,null,"TWOGAUSSIANS",8,291.513,0.77674896,0.004455147,0.4,0.0,0.3209742,0.012560577,0.26417485,0.0049777115,0.4,0.0,0.30669647,0.011718197
375316653866487564,5249932937596388096,0.48094022,2169.331203995079,2.4666519004780953,3.156056E-5,19.085289,0.0076555973,0.22885704,0.0050465893,0.075165935,0.007108445,0.16697367,0.0098351985,0.73147464,0.0124108065,0.087155625,0.014467302,0.09549428,0.016875867,null,null,null,null,"TWOGAUSSIANS",8,1.6445045,0.22885704,0.0050465893,0.4,0.0,0.16494538,0.009541245,0.73147464,0.0124108065,0.4,0.0,0.09346598,0.017115876
375316653866487564,5249933075035160832,0.43021584,2187.231775679299,1.8077179984960032,9.079017E-5,18.379152,0.02002759,0.57085925,0.039731413,0.1459595,0.06353448,0.16091195,0.024005089,0.83559185,0.013115067,0.059129268,0.020209432,0.19332695,0.049521357,null,null,null,null,"TWOGAUSSIANS",8,19.823362,0.83559185,0.013115067,0.3311239,0.113172814,0.22342494,0.04502644,0.57094926,0.039566427,0.4,0.0,0.15995467,0.026546318
375316653866487564,5249933590449494784,0.5665955,2208.385095268836,3.1919228302804052,1.0523899E-5,16.391872,0.051408544,0.27390003,0.0030993817,0.11546637,0.011858616,0.30685902,0.04825021,0.75263005,0.0047971425,0.13584602,0.020708451,0.2658902,0.045181483,null,null,null,null,"TWOGAUSSIANS",8,12.575147,0.2743,0.0028311475,0.4,0.0,0.24192421,0.0062864176,0.75263005,0.0047971425,0.4,0.0,0.20031859,0.011097228
375316653866487564,5249934002766296576,0.55057365,2207.857197079157,2.864833746475408,1.2414983E-5,17.469122,0.027125498,0.23393203,0.0029417968,0.10632804,0.009997696,0.24008614,0.024460455,0.711984,0.005612357,0.118884265,0.015724627,0.24032596,0.023525005,null,null,null,null,"TWOGAUSSIANS",8,4.978545,0.711984,0.005612357,0.4,0.0,0.20764339,0.013427906,0.23402204,0.0028602409,0.4,0.0,0.2074822,0.0064004296
375316653866487564,5249934999179873152,0.47153944,2196.245743849708,4.010379801487266,1.8640909E-5,19.44423,0.0053091007,null,null,null,null,null,null,null,null,null,null,null,null,0.10063801,0.008197558,0.22107227,0.005440011,"ELLIPSOIDAL",4,2.5718937,null,null,null,null,null,null,null,null,null,null,null,null
375316653866487564,5249935235405864960,0.6069246,2211.081003975701,2.7821000772254814,3.5539442E-6,17.150143,0.005066604,0.32059708,0.0035213293,0.06284209,0.0038530885,0.6824858,0.03269749,0.82128817,0.0010917677,0.061368637,0.0011002265,0.5655427,0.010408234,null,null,null,null,"TWOGAUSSIANS",8,13.658949,0.32059708,0.0035213293,0.35191572,0.021577297,0.6821174,0.032796968,0.82128817,0.0010917677,0.34366438,0.0061612683,0.5651743,0.010394599
375316653866487564,5249935617673818624,0.66225713,2247.9459237418687,0.6809782944817658,1.6615679E-6,15.88179,0.0025934312,0.21895723,0.0036223407,0.032956608,0.005140468,0.109251164,0.014310474,0.7189879,4.7121756E-4,0.03216121,6.1800814E-4,0.45098516,0.008569713,0.010687843,0.0036515635,0.21895723,0.0036223407,"TWOGAUSSIANS_WITH_ELLIPSOIDAL_ON_ECLIPSE1",9,5.469505,0.7189879,4.7077157E-4,0.18010278,0.0034608457,0.47236085,0.008395544,0.21895723,0.0036223407,0.184557,0.028786622,0.13062684,0.01727618
375316653866487564,5249936403635936896,0.45387122,2205.3411495854007,3.894515268339782,2.1612503E-5,17.95115,0.06292245,0.3138926,0.0072641983,0.09738622,0.021094326,0.17831452,0.051261302,0.7885458,0.013353118,0.15122342,0.05429769,0.15494767,0.057184517,null,null,null,null,"TWOGAUSSIANS",8,9.107241,0.3147026,0.0058433195,0.4,0.0,0.14589801,0.013242925,0.7885458,0.013353118,0.4,0.0,0.121030964,0.01600817
375316653866487564,5249937125189996672,0.5496698,2221.287692517137,3.280109930726969,5.624981E-6,17.294323,0.037594248,0.23555174,0.0042411042,0.10591643,0.015652066,0.24056989,0.035405025,0.72099036,0.0050740433,0.10750395,0.018724568,0.2859602,0.027231101,null,null,null,null,"TWOGAUSSIANS",8,8.437467,0.72099036,0.0050740433,0.4,0.0,0.25729236,0.021995695,0.23556174,0.004219165,0.4,0.0,0.21190737,0.010874713
375316653866487564,5249937885416777088,0.5812628,2230.104177191029,1.8080150560964003,6.943418E-6,17.655052,0.058671273,0.26973394,0.0017450394,0.12233732,0.01793796,0.21664423,0.056894325,0.76908445,0.0041138744,0.118610665,0.026621161,0.18253261,0.05701106,null,null,null,null,"TWOGAUSSIANS",8,1.465708,0.26973394,0.0017155214,0.4,0.0,0.17074656,0.0044989446,0.76908445,0.0041184276,0.4,0.0,0.13668665,0.006358524
375316653866487564,5249937984185035392,0.5487736,2241.2219300827887,4.0235851190841405,1.9926163E-5,19.226292,0.020422528,0.26810738,0.004739565,0.058840636,0.007751187,0.6829977,0.043924846,0.7644528,0.006536175,0.084939614,0.011219366,0.46153176,0.08053703,null,null,null,null,"TWOGAUSSIANS",8,4.233474,0.26810738,0.004739565,0.32950756,0.043406647,0.68070406,0.04372038,0.7644528,0.006536175,0.4,0.0,0.45923808,0.08182539
375316653866487564,5249938087264459520,0.5379673,2218.088803796224,1.5057440783558271,1.5273245E-5,19.402447,0.013087161,0.16815627,0.0062943087,0.061996084,0.0073307874,0.2796148,0.024161153,0.6569429,0.00423361,0.070505135,0.004231929,0.64231014,0.082768895,null,null,null,null,"TWOGAUSSIANS",8,2.2900877,0.6569429,0.00423361,0.39482877,0.017421644,0.64180344,0.082909904,0.16815627,0.0062943087,0.34717807,0.04105241,0.2791081,0.024288943
375316653866487564,5249938160294691840,0.45951435,2202.4975847946803,2.454599054603507,3.5575307E-5,16.642303,0.052232753,0.2534685,0.019415138,0.08872075,0.017233696,0.32807177,0.08370384,0.73661494,0.013119126,0.08790854,0.03915728,0.38655454,0.069951266,null,null,null,null,"TWOGAUSSIANS",8,129.51561,0.73661494,0.013119126,0.4,0.0,0.37671724,0.113543406,0.2534685,0.019414714,0.4,0.0,0.31823444,0.06757066
375316653866487564,5249938327781391488,0.50144744,2212.505420467317,3.0327608244160325,1.1629969E-5,17.846588,0.018681694,0.3162109,0.0036393905,0.08949131,0.010137372,0.23742738,0.018005718,0.799105,0.007098689,0.08647209,0.011263436,0.16262347,0.019470328,null,null,null,null,"TWOGAUSSIANS",8,11.500914,0.3162109,0.0036393905,0.4,0.0,0.23218386,0.015053265,0.799105,0.007098689,0.4,0.0,0.15738004,0.01514455
375316653866487564,5249938774459224576,0.5462273,2202.231865887197,2.3929798502254345,1.50702635E-5,19.244265,0.011885419,0.23013131,0.007705244,0.08281906,0.0052792793,0.4705758,0.035559386,0.7386167,0.004435123,0.07811677,0.0054616756,0.50482905,0.017324071,null,null,null,null,"TWOGAUSSIANS",8,2.4355474,0.7386167,0.004435123,0.4,0.0,0.4982141,0.017098531,0.23013131,0.007705244,0.4,0.0,0.4639609,0.034069158
375316653866487564,5249940187501913472,0.60248375,2216.215388148036,3.2019098167351627,1.04969395E-5,18.991213,0.010177099,0.20889182,0.0030097133,0.031471826,0.009742012,0.40319163,0.41542694,0.70352703,0.003679527,0.03129086,0.0074226502,0.244814,0.06761658,0.16753952,0.012904082,0.20889182,0.0030097133,"TWOGAUSSIANS_WITH_ELLIPSOIDAL_ON_ECLIPSE1",9,1.7333219,0.20889182,0.0030097133,0.17624223,0.05455527,0.7382706,0.41794664,0.7040371,0.0033138872,0.17522882,0.04156684,0.5795488,0.07788127
375316653866487564,5249940531098972800,0.5591561,2184.7492858634205,3.9837010849379344,1.1568079E-5,17.798323,0.019725816,0.17224002,0.024701752,0.07614349,0.01829154,0.34880897,0.040637128,0.6600327,0.0071992027,0.09176106,0.011175979,0.3167054,0.021807317,null,null,null,null,"TWOGAUSSIANS",8,6.280258,0.17224002,0.024701752,0.4,0.0017116655,0.34253538,0.033388603,0.6600327,0.0071992027,0.4,0.0,0.31043154,0.017139886
375316653866487564,5249941287031096192,0.6827895,2228.0336311469323,1.0459522450110463,2.0218151E-6,14.0766735,0.0023099917,0.10261768,0.0027900136,0.02854062,0.0044775414,0.09238265,0.0068267225,0.6046527,2.4010582E-4,0.024435697,3.0408936E-4,0.52555346,0.0060162935,0.008246082,0.0044700354,0.10261768,0.0027900136,"TWOGAUSSIANS_WITH_ELLIPSOIDAL_ON_ECLIPSE1",9,51.648296,0.6046527,2.4010582E-4,0.1368399,0.0017029005,0.5420429,0.0070556076,0.10261768,0.0027900136,0.15982749,0.025074232,0.108874775,0.007745797
375316653866487564,5249941729401340672,0.4371373,2221.739879689787,1.996623638274498,2.0747035E-5,18.963709,0.015472634,0.06367446,0.005582549,0.023446973,0.005542698,0.18985623,0.0416762,0.29691005,0.006352691,0.042434685,0.010437665,0.18076487,0.0425099,0.047918122,0.034104932,0.06367446,0.005582549,"TWOGAUSSIANS_WITH_ELLIPSOIDAL_ON_ECLIPSE1",9,8.709559,0.06367446,0.005582549,0.13130306,0.031039108,0.28569245,0.073731706,0.29691005,0.006352691,0.23763423,0.058450922,0.18182419,0.042975318
375316653866487564,5249942622751773440,0.4589013,2175.282932088952,1.4128437238264024,2.5999505E-5,18.596424,0.033199303,0.22345434,0.013160364,0.06844443,0.01734221,0.60725075,0.05258451,0.7447259,0.0046993373,0.01979181,0.004028154,0.23527837,0.043972947,null,null,null,null,"TWOGAUSSIANS",8,45.17628,0.22345434,0.013160364,0.3832888,0.075303584,0.6072507,0.05258448,0.7447259,0.0046993373,0.11083414,0.022557663,0.23527835,0.043972638
375316653866487564,5249942833202069888,0.43427715,2228.407715793969,2.7504117952885596,6.656015E-5,18.60544,0.054117292,0.24510698,0.013493071,0.05153315,0.013123161,0.2793198,0.07649067,0.734398,0.021173503,0.16502528,0.06519822,0.12230773,0.052832738,null,null,null,null,"TWOGAUSSIANS",8,6.165894,0.24518698,0.013586416,0.28858563,0.0734897,0.26679486,0.07258671,0.734398,0.021173503,0.4,0.0,0.10725601,0.0281328
375316653866487564,5249943417335131520,0.595014,2150.017048343039,3.6515927326788526,4.473704E-6,18.930859,0.00964281,0.12020219,0.0023882147,0.058906663,0.0035023603,0.38331598,0.031373687,0.61479133,8.894151E-4,0.058312327,0.0021205235,0.40721267,0.009467123,null,null,null,null,"TWOGAUSSIANS",8,1.7039473,0.61479133,8.894151E-4,0.32654902,0.011874932,0.4071401,0.009437891,0.12020219,0.0023882147,0.32987732,0.019613218,0.3832434,0.031389143
375316653866487564,5249944203296756992,0.5819408,2244.354463408449,1.553085746859706,7.70874E-6,18.20877,0.0042822575,0.2622535,7.802563E-4,0.04507119,0.0011464602,0.48102236,0.008967612,0.7592107,0.01238217,0.05628734,0.0077962573,0.13929214,0.024739048,null,null,null,null,"TWOGAUSSIANS",8,3.7369375,0.2622535,7.802563E-4,0.25239864,0.006420177,0.48102024,0.008967057,0.7592107,0.01238217,0.31520912,0.04365904,0.13929,0.02474018
375316653866487564,5249944894803450752,0.56317925,2195.09902964968,1.061237056926979,2.5489635E-5,17.386576,0.0032753146,0.23590122,0.043735396,0.014051286,0.02549086,0.35772797,0.11356895,0.7044082,0.0117173465,0.042781744,0.016161257,0.108470246,0.009162008,null,null,null,null,"TWOGAUSSIANS",8,4.641705,0.23590122,0.043735396,0.0786872,0.1427488,0.35772797,0.11356895,0.7044082,0.0117173465,0.23957777,0.090503044,0.108470246,0.009162008
375316653866487564,5249945096650907648,0.5418071,2176.2485311700207,3.754838827006828,1.2196171E-5,18.710445,0.008471384,0.22562093,0.004257938,0.072096184,0.0047478885,0.32980195,0.010720759,0.7210611,0.009048969,0.07530034,0.008242096,0.41405594,0.022656607,null,null,null,null,"TWOGAUSSIANS",8,4.385143,0.7210611,0.009048969,0.4,0.0,0.4119426,0.022297923,0.22562093,0.004257938,0.4,0.009070742,0.3276886,0.009870458
375316653866487564,5249947123877581952,0.4546162,2208.1837166871355,1.7695297267946937,8.549927E-6,18.353348,0.0059728115,0.17721052,0.039316304,0.06320825,0.089501224,0.011366153,0.030433875,0.41411054,0.0013383122,0.049942218,0.0025757463,0.39177692,0.024468513,0.010274342,0.0074967886,0.17721052,0.039316304,"TWOGAUSSIANS_WITH_ELLIPSOIDAL_ON_ECLIPSE1",9,16.892887,0.41411054,0.001328738,0.27967644,0.014424179,0.3919214,0.02463199,0.17732053,0.039861016,0.3539662,0.20581058,0.031915415,0.030748155
375316653866487564,5249949533367687808,0.6029537,2196.767494345756,1.8348756730628013,1.2473871E-5,17.74203,0.0042475746,0.23443481,0.0019861269,0.05359837,0.0015338378,0.39678326,0.011758839,0.73651105,0.006221409,0.07581102,0.0072827535,0.08097129,0.0043840725,null,null,null,null,"TWOGAUSSIANS",8,2.4471166,0.23443481,0.0019861269,0.30015087,0.008589492,0.39662233,0.01172571,0.73651105,0.006221409,0.4,0.0,0.08081035,0.004282656
375316653866487564,5249949700855827840,0.4481875,2162.9405457002167,3.9782170031236306,1.6562932E-4,19.226326,0.014713546,0.34400773,0.030526472,0.10967733,0.03434848,0.076023676,0.017931467,0.87759143,0.015662517,0.04108847,0.015040345,0.30998182,0.096440725,null,null,null,null,"TWOGAUSSIANS",8,5.1392574,0.87759143,0.015681148,0.23009542,0.08422593,0.30962622,0.09711883,0.34400773,0.030526472,0.4,0.0,0.07565852,0.016723728
375316653866487564,5249950048763831808,0.5916943,2197.8987999925243,4.4527884951700125,3.1945453E-6,15.713808,0.008493718,0.30033344,0.0018693147,0.075548,0.0024525046,0.5305463,0.009722095,0.78637874,0.0023040446,0.08424633,0.004531325,0.39418334,0.013228518,null,null,null,null,"TWOGAUSSIANS",8,53.705837,0.30033344,0.0018693147,0.4,0.0,0.52542025,0.008856301,0.78637874,0.0023040446,0.4,0.0,0.38905725,0.014033904
375316653866487564,5249950147530938240,0.5267067,2205.9310465205813,3.3819325929012787,1.1011842E-5,17.329407,0.020854332,0.24967624,0.0028225125,0.10760861,0.010900783,0.17685984,0.019837404,0.76126105,0.0038278892,0.10033023,0.01638801,0.16461366,0.014502245,null,null,null,null,"TWOGAUSSIANS",8,4.6889315,0.24967624,0.0028224196,0.4,0.0,0.16030428,0.008397216,0.76127106,0.0038253393,0.4,0.0,0.14806467,0.011812383
375316653866487564,5249951216995178752,0.54192924,2202.613430078875,1.8555669660437073,5.72441E-6,14.073477,0.22625092,0.21805139,0.002528616,0.14012307,0.042731732,0.17124122,0.20578852,0.7250634,0.0038397706,0.14088064,0.050492294,0.17567985,0.21298954,null,null,null,null,"TWOGAUSSIANS",8,15.232031,0.7253534,0.0031504799,0.4,0.0,0.10815529,0.002447175,0.21773139,0.0021495845,0.4,0.0,0.1037753,0.0026385554
375316653866487564,5249952213409736832,0.5687728,2215.584478093658,1.001651317553243,7.776938E-5,18.801044,0.0036124561,0.29985958,0.002167413,0.03537874,0.0017546837,0.5440588,0.049921867,0.69147044,0.043457646,0.06670499,0.055319972,0.019930268,0.03813589,null,null,null,null,"TWOGAUSSIANS",8,1.2538419,0.29985958,0.002167413,0.19812094,0.009826228,0.5440588,0.04992186,0.69147044,0.043457646,0.37354794,0.29839888,0.019930266,0.038135894
