Gaia/vari_eclipsing_binary/VariEclipsingBinary_663235-663252.csv
# %ECSV 1.0
# ---
# delimiter: ','
# meta: !!omap
# - RELEASE: Gaia DR3
# - TABLE: vari_eclipsing_binary
# - DESCRIPTION: >
#     This table describes the properties of the eclipsing binaries resulting from the variability analysis. 
# - CITATION: >
#     How to cite and acknowledge Gaia: 
#     https://gea.esac.esa.int/archive/documentation/credits.html 
# - KNOWN_ISSUES: >
#     Known issues: 
#     https://www.cosmos.esa.int/web/gaia-users/known-issues 
# - DOCUMENTATION: >
#     Tutorials and documentation: 
#     https://www.cosmos.esa.int/web/gaia-users/archive 
# datatype:
# - 
#   name: solution_id
#   datatype: int64
#   description: Solution Identifier
#   meta:
#     ucd: meta.version
# - 
#   name: source_id
#   datatype: int64
#   description: Unique source identifier
#   meta:
#     ucd: meta.id;meta.main
# - 
#   name: global_ranking
#   datatype: float32
#   description: Number between 0 (worst) and 1 (best)
#   meta:
#     ucd: stat.param
# - 
#   name: reference_time
#   datatype: float64
#   unit: d
#   description: Reference time used for the geometric model fit
#   meta:
#     ucd: time.epoch
# - 
#   name: frequency
#   datatype: float64
#   unit: d**-1
#   description: Frequency of geometric model of the eclipsing binary light curve
#   meta:
#     ucd: src.orbital
# - 
#   name: frequency_error
#   datatype: float32
#   unit: d**-1
#   description: "Uncertainty of \\texttt{frequency}"
#   meta:
#     ucd: stat.error
# - 
#   name: geom_model_reference_level
#   datatype: float32
#   unit: mag
#   description: Magnitude reference level of geometric model
#   meta:
#     ucd: phot.mag;em.opt
# - 
#   name: geom_model_reference_level_error
#   datatype: float32
#   unit: mag
#   description: "Uncertainty of \\texttt{geomModelReferenceLevel}"
#   meta:
#     ucd: stat.error;phot.mag;em.opt
# - 
#   name: geom_model_gaussian1_phase
#   datatype: float32
#   description: Phase of the Gaussian 1 component
#   meta:
#     ucd: time.phase
# - 
#   name: geom_model_gaussian1_phase_error
#   datatype: float32
#   description: "Uncertainty of \\texttt{geomModelGaussian1Phase}"
#   meta:
#     ucd: stat.error;time.phase
# - 
#   name: geom_model_gaussian1_sigma
#   datatype: float32
#   description: "Standard deviation [phase] of Gaussian 1 component"
#   meta:
#     ucd: stat.stdev
# - 
#   name: geom_model_gaussian1_sigma_error
#   datatype: float32
#   description: "Uncertainty of \\texttt{geomModelGaussian1Sigma}"
#   meta:
#     ucd: stat.error
# - 
#   name: geom_model_gaussian1_depth
#   datatype: float32
#   unit: mag
#   description: Magnitude depth of Gaussian 1 component
#   meta:
#     ucd: src.var.amplitude
# - 
#   name: geom_model_gaussian1_depth_error
#   datatype: float32
#   unit: mag
#   description: "Uncertainty of \\texttt{geomModelGaussian1Depth}"
#   meta:
#     ucd: stat.error;src.var.amplitude
# - 
#   name: geom_model_gaussian2_phase
#   datatype: float32
#   description: Phase of Gaussian 2 component
#   meta:
#     ucd: time.phase
# - 
#   name: geom_model_gaussian2_phase_error
#   datatype: float32
#   description: "Uncertainty of \\texttt{geomModelGaussian2Phase}"
#   meta:
#     ucd: stat.error;time.phase
# - 
#   name: geom_model_gaussian2_sigma
#   datatype: float32
[...]
#   datatype: float32
#   description: "Secondary eclipse: uncertainty of \\texttt{derivedSecondaryEclDuration}"
#   meta:
#     ucd: stat.error;time.duration
# - 
#   name: derived_secondary_ecl_depth
#   datatype: float32
#   unit: mag
#   description: "Secondary eclipse: depth"
#   meta:
#     ucd: src.var.amplitude
# - 
#   name: derived_secondary_ecl_depth_error
#   datatype: float32
#   unit: mag
#   description: "Secondary eclipse: uncertainty of \\texttt{derivedSecondaryEclDepth}"
#   meta:
#     ucd: stat.error;src.var.amplitude
solution_id,source_id,global_ranking,reference_time,frequency,frequency_error,geom_model_reference_level,geom_model_reference_level_error,geom_model_gaussian1_phase,geom_model_gaussian1_phase_error,geom_model_gaussian1_sigma,geom_model_gaussian1_sigma_error,geom_model_gaussian1_depth,geom_model_gaussian1_depth_error,geom_model_gaussian2_phase,geom_model_gaussian2_phase_error,geom_model_gaussian2_sigma,geom_model_gaussian2_sigma_error,geom_model_gaussian2_depth,geom_model_gaussian2_depth_error,geom_model_cosine_half_period_amplitude,geom_model_cosine_half_period_amplitude_error,geom_model_cosine_half_period_phase,geom_model_cosine_half_period_phase_error,model_type,num_model_parameters,reduced_chi2,derived_primary_ecl_phase,derived_primary_ecl_phase_error,derived_primary_ecl_duration,derived_primary_ecl_duration_error,derived_primary_ecl_depth,derived_primary_ecl_depth_error,derived_secondary_ecl_phase,derived_secondary_ecl_phase_error,derived_secondary_ecl_duration,derived_secondary_ecl_duration_error,derived_secondary_ecl_depth,derived_secondary_ecl_depth_error
[from data line 327]
375316653866487564,5833954034961066752,0.5708707,2154.5832707540717,1.6522145272862914,7.822521E-6,18.806007,0.009826854,0.22576621,0.0015055127,0.03963967,0.0035896702,0.27662286,0.023620373,0.72386163,0.003204511,0.041985124,0.0032477567,0.46538368,0.03201721,0.070640385,0.01663567,0.22576621,0.0015055127,"TWOGAUSSIANS_WITH_ELLIPSOIDAL_ON_ECLIPSE1",9,4.2837815,0.7239416,0.003077548,0.2351167,0.01818744,0.6066448,0.025826009,0.22576621,0.0015055127,0.22198217,0.020102153,0.4179034,0.016631242
375316653866487564,5833954241119740672,0.4435228,2162.740681713708,0.9500824920478486,2.7545984E-5,18.821207,0.01153854,0.19408734,0.0073564383,0.06349989,0.01011502,0.10162576,0.014474604,0.71841204,0.036860514,0.08522333,0.029809058,0.13902056,0.03826914,null,null,null,null,"TWOGAUSSIANS",8,5.2922845,0.71841204,0.036860514,0.4,0.048438825,0.13853924,0.038320724,0.19408734,0.0073564383,0.3555994,0.056644112,0.101144455,0.01387567
375316653866487564,5833954722156298624,0.5981856,2154.8706071985084,1.0322762571181594,7.954716E-6,18.202396,0.003292588,0.21856238,0.0047546076,0.036834735,0.0035622884,0.11002182,0.010825848,0.71907604,0.0022086713,0.034380045,0.0014691139,0.88903886,0.092320494,null,null,null,null,"TWOGAUSSIANS",8,4.883893,0.71907604,0.0022086713,0.19252825,0.008227037,0.88903886,0.092320494,0.21856238,0.0047546076,0.20627451,0.019948814,0.11002182,0.010825848
375316653866487564,5833954825235277696,0.4790395,2152.002998381265,3.2612382124453068,2.5372605E-5,19.382961,0.07703251,0.2860023,0.006702069,0.0879093,0.016833996,0.5115526,0.06747437,0.79133177,0.019596776,0.07920223,0.038204513,0.3915983,0.0694444,null,null,null,null,"TWOGAUSSIANS",8,13.169187,0.2860023,0.006705558,0.4,0.0,0.5022508,0.036554832,0.79133177,0.01960483,0.4,0.0,0.3822966,0.03750165
375316653866487564,5833954997090874240,0.49743864,2156.6432736796287,1.4858876528992506,1.5074292E-5,19.183325,0.014149972,0.27076247,0.003608146,0.038016222,0.0047605163,0.32527593,0.014731976,0.775893,0.003516694,0.03616889,0.0032339771,0.51343286,0.027672209,null,null,null,null,"TWOGAUSSIANS",8,11.676778,0.775893,0.003516694,0.20254576,0.018110272,0.51343286,0.027672209,0.27076247,0.003608146,0.21289083,0.026658893,0.32527593,0.014731976
375316653866487564,5833955031393993984,0.5851287,2174.797524990594,1.9860467843560035,4.7785775E-6,16.764112,0.0045893956,0.17015205,0.0029016563,0.072479956,0.0035315687,0.18303087,0.0057628183,0.66016155,0.0011519509,0.08820545,0.003345265,0.340856,0.011811409,null,null,null,null,"TWOGAUSSIANS",8,9.925797,0.66016155,0.0011519509,0.4,0.0,0.33753514,0.012458738,0.17015205,0.0029016563,0.4,0.004084884,0.17971012,0.0053443043
375316653866487564,5833955065753726464,0.5448005,2168.9458647346974,2.063680264157779,6.137091E-6,18.55636,0.005893696,0.22745357,0.0021774895,0.048483122,0.0028774214,0.3362779,0.02190647,0.72739726,0.002364856,0.052064866,0.0033756606,0.3993213,0.017531948,null,null,null,null,"TWOGAUSSIANS",8,5.9914894,0.72739726,0.002364856,0.29156324,0.018903699,0.39931816,0.017533435,0.22745357,0.0021774895,0.27150548,0.016113559,0.33627477,0.021907555
375316653866487564,5833955100113498240,0.50535405,2150.881854411692,2.8862002105046467,1.32745145E-5,19.282143,0.018396711,0.30612433,0.0051573203,0.078963384,0.007978301,0.31913233,0.019395657,0.8006437,0.0047304565,0.07572348,0.0103921555,0.3973358,0.05157061,null,null,null,null,"TWOGAUSSIANS",8,3.1826768,0.8006437,0.0047304565,0.4,0.0,0.39392838,0.054443624,0.30612433,0.0051573203,0.4,0.0,0.3157249,0.018053997
375316653866487564,5833955233231217792,0.4742648,2179.8837538744933,2.431486682742076,1.9511795E-5,17.289408,0.47051352,0.25213742,0.0055632936,0.18348402,0.06427535,0.4493588,0.45117873,0.75625664,0.005463808,0.161505,0.03878104,0.46038106,0.38450968,null,null,null,null,"TWOGAUSSIANS",8,12.751889,0.75753665,0.005297811,0.4,0.0,0.1711335,0.014144285,0.25117743,0.0054603345,0.4,0.0,0.14579333,0.010750899
375316653866487564,5833955306272076800,0.5254601,2174.661551645488,3.3390550929193585,1.2014402E-5,19.716497,0.008865641,0.16203332,0.002866827,0.07078977,0.0039217793,0.5038847,0.033826344,0.6644438,0.0038289058,0.07084631,0.005899199,0.43690443,0.038279854,null,null,null,null,"TWOGAUSSIANS",8,2.0096898,0.16203332,0.002866827,0.3964227,0.016652077,0.50214666,0.034242358,0.6644438,0.0038289058,0.39673936,0.024529545,0.43516642,0.038803183
375316653866487564,5833955336331018496,0.4153577,2172.8555730631797,1.157782911447299,6.012261E-5,19.585798,0.015057761,0.32754222,0.0065914537,0.027811252,0.010831123,0.8890621,2.4195719,0.55493987,0.012457129,0.032623053,0.01875854,0.2738457,0.058104474,null,null,null,null,"TWOGAUSSIANS",8,14.355632,0.32754222,0.0065914537,0.15574302,0.06065429,0.8890621,2.4195719,0.55493987,0.012457129,0.18268909,0.105047815,0.2738457,0.058104474
375316653866487564,5833955993487559040,0.4560628,2154.669956095582,3.013327925816062,3.5302E-5,17.95728,0.097419366,0.312934,0.005280115,0.16961685,0.024977319,0.5477317,0.11714135,0.8199034,0.006021855,0.22531044,0.039344776,0.556318,0.090727806,null,null,null,null,"TWOGAUSSIANS",8,4.615081,0.308564,0.005541634,0.4,0.0,0.16675884,0.008384878,0.82362336,0.005728916,0.4,0.0,0.09463204,0.006409234
375316653866487564,5833956062236710656,0.5264802,2168.7407253802726,0.09563495243724539,7.022663E-5,15.195428,0.050628047,0.28096214,0.012712403,0.03291849,0.0072091464,0.2449675,0.14551547,0.6536886,0.019645702,0.23547146,0.22434008,0.02449649,0.048021927,null,null,null,null,"TWOGAUSSIANS",8,19.035358,0.28113213,0.012772708,0.18434356,0.04037122,0.24747841,0.14550832,0.6536886,0.019645702,0.4,0.0,0.019306127,0.0067854356
375316653866487564,5833956543243463040,0.46093237,2163.180912049609,2.086009402894418,1.6527736E-5,19.148321,0.11108188,0.26912358,0.016159927,0.094712235,0.092691414,0.28094417,0.06080326,0.7494332,0.0067237583,0.050379377,0.00926974,0.74873734,0.098158814,null,null,null,null,"TWOGAUSSIANS",8,22.03211,0.7494332,0.0067237583,0.28212452,0.051910546,0.74753386,0.07264296,0.26912358,0.016159927,0.4,0.0,0.27973986,0.059055984
375316653866487564,5833956852510776192,0.5104159,2160.500418703002,3.6286089513661373,1.34171705E-5,16.356768,0.002960586,0.30652338,0.0058276453,0.07211346,0.0060914857,0.127271,0.0055603595,0.80744606,0.003761372,0.07458487,0.0049344576,0.10961453,0.0053918194,null,null,null,null,"TWOGAUSSIANS",8,8.259888,0.30652338,0.0058276453,0.4,0.010310893,0.12657802,0.0055176956,0.80744606,0.003761372,0.4,0.0,0.108921565,0.0053747445
375316653866487564,5833957299187381376,0.42639178,2176.846136979581,2.497677779757692,6.831279E-5,17.799934,0.04876455,0.24548179,0.018977191,0.108985126,0.02235343,0.12764826,0.050910674,0.72586507,0.011359287,0.11870063,0.03672472,0.1695912,0.03620161,null,null,null,null,"TWOGAUSSIANS",8,21.15198,0.72586507,0.011359287,0.4,0.0,0.14774778,0.020319603,0.24559177,0.018771082,0.4,0.0,0.10585451,0.020762423
375316653866487564,5833957436626376832,0.5394715,2160.003811984953,1.0482522780831813,2.2988736E-5,17.315948,0.021939889,0.2370277,0.004738815,0.12923373,0.015632521,0.10881356,0.02083449,0.70039076,0.004960259,0.13504434,0.012024318,0.17199126,0.02107371,null,null,null,null,"TWOGAUSSIANS",8,2.5878363,0.70039076,0.004960259,0.4,0.0,0.13744287,0.0038594105,0.23868771,0.004159669,0.4,0.0,0.074619815,0.0037958608
375316653866487564,5833957539705639936,0.4721047,2139.371019751987,0.7136538954727809,3.121133E-5,15.039062,0.018469105,0.23721804,0.004411309,0.12748365,0.034881867,0.04488822,0.016862955,0.7322231,0.006988352,0.11774343,0.030362654,0.04355133,0.017717225,null,null,null,null,"TWOGAUSSIANS",8,9.648861,0.23723803,0.004412052,0.4,0.0,0.034291156,0.0027466696,0.7322231,0.006988352,0.4,0.0,0.032984987,0.0029967085
375316653866487564,5833957917633689472,0.5235922,2156.678114457328,3.2883319461104628,1.3295646E-5,19.495678,0.012936217,0.17129381,0.0032450582,0.07514706,0.004838914,0.4623063,0.026242893,0.6712616,0.0029683802,0.0702245,0.0047693118,0.46659747,0.03454924,null,null,null,null,"TWOGAUSSIANS",8,2.8872337,0.6712616,0.0029683802,0.39325723,0.02591489,0.46409437,0.034916896,0.17129381,0.0032450582,0.4,0.0,0.45980316,0.026343245
375316653866487564,5833957986353245696,0.4999889,2177.993747856787,4.433530360518741,1.2836719E-4,19.048866,0.016137002,0.3812541,0.0074564517,0.13083252,0.013070172,0.5065037,0.03131108,0.8011577,0.008884994,0.012964928,0.011521754,0.24796322,9.76211,null,null,null,null,"TWOGAUSSIANS",8,10.390135,0.3812541,0.0074564517,0.4,0.0,0.5058211,0.03179242,0.8011577,0.008884994,0.07260359,0.06452183,0.25024426,9.762232
375316653866487564,5833958020712965504,0.43676192,2172.916337483854,0.09603312855177172,2.7440724E-4,17.254564,0.0042520296,0.4721774,0.015160422,0.13365072,0.026805447,0.061184257,0.004951865,0.17656572,0.047827158,0.011353132,0.0133351805,0.115020916,1.3323917,null,null,null,null,"TWOGAUSSIANS",8,4.9752803,0.17666572,0.04784389,0.06357754,0.07467701,0.120214015,1.3366859,0.4721774,0.015160422,0.4,0.0,0.061072435,0.004965149
375316653866487564,5833958158180797440,0.4688406,2164.874989036168,2.71781075276782,1.4552264E-5,17.573729,0.008710843,0.25483468,0.014055807,0.061993107,0.00819681,0.22743098,0.03557375,0.7598725,0.0072034933,0.08128126,0.009302428,0.20016941,0.019385982,null,null,null,null,"TWOGAUSSIANS",8,22.202812,0.25483468,0.014055807,0.34716138,0.04590214,0.22659227,0.035171136,0.7598725,0.0072034933,0.4,0.0,0.19933072,0.019561592
375316653866487564,5833958325611224960,0.617476,2164.2859987668044,3.642082146040864,5.7797038E-6,17.29008,0.010021553,0.24747553,0.0012334859,0.04923491,0.003627686,0.24746603,0.020183746,0.7480312,0.004334585,0.03846643,0.0029667537,0.30549818,0.028405054,0.1252462,0.012140312,0.24747553,0.0012334859,"TWOGAUSSIANS_WITH_ELLIPSOIDAL_ON_ECLIPSE1",9,10.483022,0.7480312,0.004328879,0.215412,0.01661382,0.5559869,0.013969001,0.24747553,0.0012334859,0.2757155,0.020315042,0.4979578,0.008513932
375316653866487564,5833958673547525760,0.51601774,2172.4702428985247,1.5874249640650342,1.2351463E-5,19.509525,0.007911133,0.25767708,0.0027891824,0.03238019,0.0018693962,0.50441337,0.02634648,0.75673807,0.0014101245,0.030414207,0.0016364446,0.35248467,0.010750107,null,null,null,null,"TWOGAUSSIANS",8,3.7088206,0.25767708,0.0027891824,0.18132907,0.010468619,0.50441337,0.02634648,0.75673807,0.0014101245,0.17031956,0.009164089,0.35248467,0.010750107
375316653866487564,5833958914095163776,0.58056974,2158.6403724904008,2.7762850377203105,6.145371E-6,17.1354,0.014556754,0.3010183,0.001666636,0.05590892,0.0034220803,0.3149986,0.03440492,0.7953043,0.0018187511,0.054505564,0.004089651,0.44863197,0.03913983,0.07671784,0.018973077,0.3010183,0.001666636,"TWOGAUSSIANS_WITH_ELLIPSOIDAL_ON_ECLIPSE1",9,15.673069,0.7957243,0.0016309536,0.30523115,0.022902047,0.6018628,0.038275268,0.3010183,0.001666636,0.31308994,0.01916365,0.46841246,0.0106643215
375316653866487564,5833959390758364160,0.58256984,2186.695491067345,2.959927896268907,9.864876E-6,17.534082,0.0055396487,0.28738767,0.0036109418,0.08529435,0.0031229996,0.3199328,0.009426093,0.7972779,0.0021605033,0.08585344,0.0033116317,0.30501115,0.0064859176,null,null,null,null,"TWOGAUSSIANS",8,4.4777927,0.28738767,0.0036109418,0.4,0.0,0.31254873,0.008255056,0.7972779,0.0021605033,0.4,0.0,0.2976271,0.0060477974
375316653866487564,5833959566901354752,0.48488984,2160.722259746945,1.0228464886052755,2.7972705E-5,18.888304,0.004409354,0.23544267,0.004999602,0.049373493,0.00907698,0.13133878,0.017733332,0.7400075,0.01893675,0.03793574,0.010724843,0.35768142,0.20549302,null,null,null,null,"TWOGAUSSIANS",8,2.640755,0.7400075,0.01893675,0.21244015,0.06005912,0.3576814,0.20549291,0.23544267,0.004999602,0.27649155,0.050831087,0.13133875,0.01773342
375316653866487564,5833959601290044160,0.5195655,2160.1751214918077,1.9394591590135704,1.46951415E-5,19.013115,0.01766023,0.25221765,0.0035287281,0.09041911,0.0074662967,0.35796574,0.029102905,0.7612637,0.0045060194,0.10684612,0.009951675,0.19942859,0.017646236,null,null,null,null,"TWOGAUSSIANS",8,2.1351862,0.25221765,0.003526861,0.4,0.0,0.3395888,0.030948007,0.7612637,0.0045060194,0.4,0.0,0.18104431,0.010308976
375316653866487564,5833959670009508224,0.585838,2167.8539075671065,0.15743802827186892,3.1119616E-5,16.054441,0.0026530798,0.35068876,0.0033511135,0.04199613,0.0023181655,0.2070295,0.009489355,0.7005075,0.046816926,0.15340602,0.107198544,0.0055771978,0.0026939686,null,null,null,null,"TWOGAUSSIANS",8,2.443693,0.35073876,0.0032859475,0.23517832,0.012981727,0.20736384,0.009982419,0.7005075,0.046816926,0.4,0.044275023,0.005496441,0.0025689248
375316653866487564,5833960460283418368,0.49057972,2142.112933156973,2.6780696878664316,2.053712E-5,19.132902,0.014282061,0.18043005,0.007876729,0.0929741,0.01091951,0.27078277,0.020612424,0.68017304,0.0030206523,0.08792291,0.0073866625,0.24550983,0.013862442,null,null,null,null,"TWOGAUSSIANS",8,3.1203122,0.18043005,0.007876729,0.4,0.0,0.2595066,0.021252735,0.68017304,0.0030206523,0.4,0.0,0.23423389,0.012077014
375316653866487564,5833960563362693504,0.5916598,2146.4736153142308,2.3668555793045085,8.903649E-6,18.514189,0.0057614925,0.32085308,0.0013101915,0.05606959,0.0025238118,0.55739987,0.040750295,0.81829953,0.0036819302,0.07180262,0.0057502515,0.13464059,0.0057864436,null,null,null,null,"TWOGAUSSIANS",8,1.9760944,0.32085308,0.0013101915,0.3139897,0.014133345,0.5571844,0.040814947,0.81829953,0.0036819302,0.4,0.015863976,0.13442515,0.005696726
375316653866487564,5833960597693507968,0.45495638,2166.3300627826848,0.5052493969111751,4.11798E-5,18.33953,0.01611576,0.24845302,0.007741939,0.0866809,0.010168075,0.14623159,0.019283136,0.6544522,0.0463908,0.123509705,0.053461198,0.0653531,0.026222985,null,null,null,null,"TWOGAUSSIANS",8,4.2390137,0.24886303,0.006791576,0.4,0.0,0.14329359,0.016203264,0.6544522,0.0463908,0.4,0.0,0.062121063,0.021012738
375316653866487564,5833960765167368960,0.4488644,2133.7732174837543,2.494055878352314,3.754874E-5,18.499784,0.16217574,0.21758586,0.009008597,0.12593733,0.04853369,0.1635022,0.15089025,0.7391586,0.009592679,0.14169805,0.068675965,0.14933404,0.15569156,null,null,null,null,"TWOGAUSSIANS",8,4.460852,0.21683586,0.006396914,0.4,0.0,0.11767843,0.015685897,0.7395185,0.008536549,0.4,0.0,0.1029886,0.015774472
375316653866487564,5833962178242248960,0.5236637,2175.0857172703318,0.35471190761628046,1.0733141E-6,18.21467,0.0042481874,0.19197221,1.6147187E-5,0.0025893631,1.6276317E-5,2.0397453,0.0025853422,0.5820661,0.009524767,0.03324267,0.008319234,0.06985143,0.008140426,null,null,null,null,"TWOGAUSSIANS",8,8.580634,0.19197221,1.6147187E-5,0.014500434,9.1147376E-5,2.0397453,0.0025853422,0.5820661,0.009524767,0.18615894,0.04658771,0.06985143,0.008140426
375316653866487564,5833962350041168768,0.46672723,2157.71914597688,2.387057490093173,2.559359E-5,18.789762,0.19573945,0.24813107,0.006464388,0.10361924,0.05106534,0.1814578,0.17829324,0.7539603,0.0077657625,0.11894695,0.06663982,0.17092873,0.18699408,null,null,null,null,"TWOGAUSSIANS",8,3.2194128,0.24811107,0.006892982,0.4,0.0,0.15503691,0.013050081,0.7539603,0.0075192004,0.4,0.0,0.14446038,0.014399556
375316653866487564,5833962384400909184,0.58333296,2172.4006922705817,2.8973944661808684,7.064018E-6,18.224413,0.009971869,0.25716975,0.0014303031,0.04355662,0.0026329893,0.38944077,0.023215396,0.75286657,0.0026262088,0.05059567,0.0036337094,0.5221954,0.031085245,0.089198425,0.01486117,0.25716975,0.0014303031,"TWOGAUSSIANS_WITH_ELLIPSOIDAL_ON_ECLIPSE1",9,7.6304502,0.7531466,0.002454276,0.28333578,0.020348772,0.7004683,0.025494484,0.25716975,0.0014303031,0.24391708,0.01474474,0.5678357,0.012423837
