Gaia/vari_eclipsing_binary/VariEclipsingBinary_250615-250751.csv
# %ECSV 1.0
# ---
# delimiter: ','
# meta: !!omap
# - RELEASE: Gaia DR3
# - TABLE: vari_eclipsing_binary
# - DESCRIPTION: >
#     This table describes the properties of the eclipsing binaries resulting from the variability analysis. 
# - CITATION: >
#     How to cite and acknowledge Gaia: 
#     https://gea.esac.esa.int/archive/documentation/credits.html 
# - KNOWN_ISSUES: >
#     Known issues: 
#     https://www.cosmos.esa.int/web/gaia-users/known-issues 
# - DOCUMENTATION: >
#     Tutorials and documentation: 
#     https://www.cosmos.esa.int/web/gaia-users/archive 
# datatype:
# - 
#   name: solution_id
#   datatype: int64
#   description: Solution Identifier
#   meta:
#     ucd: meta.version
# - 
#   name: source_id
#   datatype: int64
#   description: Unique source identifier
#   meta:
#     ucd: meta.id;meta.main
# - 
#   name: global_ranking
#   datatype: float32
#   description: Number between 0 (worst) and 1 (best)
#   meta:
#     ucd: stat.param
# - 
#   name: reference_time
#   datatype: float64
#   unit: d
#   description: Reference time used for the geometric model fit
#   meta:
#     ucd: time.epoch
# - 
#   name: frequency
#   datatype: float64
#   unit: d**-1
#   description: Frequency of geometric model of the eclipsing binary light curve
#   meta:
#     ucd: src.orbital
# - 
#   name: frequency_error
#   datatype: float32
#   unit: d**-1
#   description: "Uncertainty of \\texttt{frequency}"
#   meta:
#     ucd: stat.error
# - 
#   name: geom_model_reference_level
#   datatype: float32
#   unit: mag
#   description: Magnitude reference level of geometric model
#   meta:
#     ucd: phot.mag;em.opt
# - 
#   name: geom_model_reference_level_error
#   datatype: float32
#   unit: mag
#   description: "Uncertainty of \\texttt{geomModelReferenceLevel}"
#   meta:
#     ucd: stat.error;phot.mag;em.opt
# - 
#   name: geom_model_gaussian1_phase
#   datatype: float32
#   description: Phase of the Gaussian 1 component
#   meta:
#     ucd: time.phase
# - 
#   name: geom_model_gaussian1_phase_error
#   datatype: float32
#   description: "Uncertainty of \\texttt{geomModelGaussian1Phase}"
#   meta:
#     ucd: stat.error;time.phase
# - 
#   name: geom_model_gaussian1_sigma
#   datatype: float32
#   description: "Standard deviation [phase] of Gaussian 1 component"
#   meta:
#     ucd: stat.stdev
# - 
#   name: geom_model_gaussian1_sigma_error
#   datatype: float32
#   description: "Uncertainty of \\texttt{geomModelGaussian1Sigma}"
#   meta:
#     ucd: stat.error
# - 
#   name: geom_model_gaussian1_depth
#   datatype: float32
#   unit: mag
#   description: Magnitude depth of Gaussian 1 component
#   meta:
#     ucd: src.var.amplitude
# - 
#   name: geom_model_gaussian1_depth_error
#   datatype: float32
#   unit: mag
#   description: "Uncertainty of \\texttt{geomModelGaussian1Depth}"
#   meta:
#     ucd: stat.error;src.var.amplitude
# - 
#   name: geom_model_gaussian2_phase
#   datatype: float32
#   description: Phase of Gaussian 2 component
#   meta:
#     ucd: time.phase
# - 
#   name: geom_model_gaussian2_phase_error
#   datatype: float32
#   description: "Uncertainty of \\texttt{geomModelGaussian2Phase}"
#   meta:
#     ucd: stat.error;time.phase
# - 
#   name: geom_model_gaussian2_sigma
#   datatype: float32
[...]
#   datatype: float32
#   description: "Secondary eclipse: uncertainty of \\texttt{derivedSecondaryEclDuration}"
#   meta:
#     ucd: stat.error;time.duration
# - 
#   name: derived_secondary_ecl_depth
#   datatype: float32
#   unit: mag
#   description: "Secondary eclipse: depth"
#   meta:
#     ucd: src.var.amplitude
# - 
#   name: derived_secondary_ecl_depth_error
#   datatype: float32
#   unit: mag
#   description: "Secondary eclipse: uncertainty of \\texttt{derivedSecondaryEclDepth}"
#   meta:
#     ucd: stat.error;src.var.amplitude
solution_id,source_id,global_ranking,reference_time,frequency,frequency_error,geom_model_reference_level,geom_model_reference_level_error,geom_model_gaussian1_phase,geom_model_gaussian1_phase_error,geom_model_gaussian1_sigma,geom_model_gaussian1_sigma_error,geom_model_gaussian1_depth,geom_model_gaussian1_depth_error,geom_model_gaussian2_phase,geom_model_gaussian2_phase_error,geom_model_gaussian2_sigma,geom_model_gaussian2_sigma_error,geom_model_gaussian2_depth,geom_model_gaussian2_depth_error,geom_model_cosine_half_period_amplitude,geom_model_cosine_half_period_amplitude_error,geom_model_cosine_half_period_phase,geom_model_cosine_half_period_phase_error,model_type,num_model_parameters,reduced_chi2,derived_primary_ecl_phase,derived_primary_ecl_phase_error,derived_primary_ecl_duration,derived_primary_ecl_duration_error,derived_primary_ecl_depth,derived_primary_ecl_depth_error,derived_secondary_ecl_phase,derived_secondary_ecl_phase_error,derived_secondary_ecl_duration,derived_secondary_ecl_duration_error,derived_secondary_ecl_depth,derived_secondary_ecl_depth_error
[from data line 37]
375316653866487564,2204482506888921088,0.54999626,2246.6272813003593,0.3771785051572425,4.031181E-5,18.827923,0.0045719626,0.46198696,0.018994616,0.032061636,0.020172002,0.03225085,0.016402084,0.7113293,5.962085E-5,0.0066929143,1.6993274E-4,0.43901083,5.4114E-4,null,null,null,null,"TWOGAUSSIANS",8,1.2080674,0.7113293,5.962085E-5,0.03748032,9.516233E-4,0.43901083,5.4114E-4,0.46198696,0.018994616,0.17954516,0.112963215,0.03225085,0.016402084
375316653866487564,2204482541245407232,0.48135743,2239.5007022803857,2.0243220448808934,7.968801E-5,19.812292,0.06458452,0.30112368,0.022232154,0.11992079,0.04678512,0.3325549,0.039036177,0.7588289,0.008669203,0.09304004,0.012583257,0.5470319,0.06620887,null,null,null,null,"TWOGAUSSIANS",8,2.210552,0.7588289,0.008669203,0.4,0.0,0.5156212,0.04388252,0.30113366,0.022241218,0.4,0.0,0.30090687,0.043507084
375316653866487564,2204484873405971840,0.4711722,2192.3823820850926,3.5402268605744402,3.1290587E-5,18.507614,0.008678526,0.29663432,0.0070268493,0.09777402,0.018879239,0.10476932,0.018978022,0.7928699,0.008515844,0.08488212,0.020176914,0.0798627,0.008752527,null,null,null,null,"TWOGAUSSIANS",8,1.7844591,0.29663432,0.0070268493,0.4,0.0,0.10066197,0.02133763,0.7928699,0.008515844,0.4,0.0,0.07575579,0.009809841
375316653866487564,2204486011582324608,0.43137956,2227.648780305106,1.012974247798092,4.140752E-5,15.181712,0.01439617,0.27263743,0.040633984,0.08973632,0.027548438,0.06671846,0.018162021,0.7877277,0.01445281,0.053851813,0.029321289,0.14773792,0.04974444,null,null,null,null,"TWOGAUSSIANS",8,285.46045,0.7877277,0.01445281,0.30157015,0.13325042,0.1474628,0.0517867,0.27263743,0.040633984,0.4,0.0,0.0664433,0.016602539
375316653866487564,2204486900632043136,0.48417437,2179.252704793972,2.8668522621476855,9.1321395E-5,19.097872,0.011754569,0.29925942,0.04850903,0.07281171,0.08507209,0.03719985,0.02847467,0.5639411,0.0036866514,0.05591016,0.0039201602,0.4087981,0.042065702,null,null,null,null,"TWOGAUSSIANS",8,6.587873,0.5639411,0.0036866514,0.3130969,0.021952897,0.40884832,0.04248775,0.29932943,0.048662074,0.4,0.21036719,0.03720541,0.028489107
375316653866487564,2204488309380029824,0.47162977,2183.1580975994902,2.836156418358132,2.6485683E-5,18.83982,0.043682955,0.28865957,0.008016721,0.11272515,0.036101986,0.14516538,0.037330203,0.7942786,0.005640604,0.09768371,0.0185519,0.20450015,0.041145135,null,null,null,null,"TWOGAUSSIANS",8,2.5243838,0.79428864,0.0056455205,0.4,0.0,0.18570963,0.020139895,0.28865957,0.008018869,0.4,0.0,0.12635987,0.013450138
375316653866487564,2204488382400827776,0.49654058,2193.6182803424435,3.6939190615873687,1.2894764E-5,19.643467,0.009369179,0.19360659,0.0075918036,0.06301197,0.008784147,0.2740847,0.03275214,0.69693244,0.011735726,0.043152817,0.01760134,0.28930074,0.04096013,null,null,null,null,"TWOGAUSSIANS",8,1.8690902,0.69693244,0.011735726,0.24165578,0.09856749,0.2892935,0.04100086,0.19360659,0.0075918036,0.352867,0.04919122,0.27407745,0.032759193
375316653866487564,2204489237094348928,0.5634424,2155.3795411762158,2.841929439041319,6.951711E-6,19.298948,0.011815569,0.25095612,0.0018543107,0.07989541,0.0038863136,0.38044128,0.013936867,0.73974663,0.0069160713,0.08593623,0.011109171,0.47254634,0.061947484,null,null,null,null,"TWOGAUSSIANS",8,1.2365378,0.73974663,0.0069160713,0.4,0.0,0.46519884,0.06572591,0.25095612,0.0018543107,0.4,0.0,0.37309384,0.012905619
375316653866487564,2204489374532025984,0.5363829,2172.4396188077308,3.6700065694315174,1.5098576E-5,18.503021,0.006072405,0.2715261,0.0069500874,0.06894426,0.008963356,0.14934616,0.0074031968,0.7658306,0.002376601,0.07896513,0.008263208,0.15328296,0.007011749,null,null,null,null,"TWOGAUSSIANS",8,1.6083659,0.7658306,0.002376601,0.4,0.0,0.15240794,0.007261895,0.2715261,0.0069500874,0.38608786,0.042268053,0.14847115,0.007151703
375316653866487564,2204489924289159424,0.5877925,2182.616324904762,2.73499842760405,1.3144122E-5,18.151587,0.006863925,0.22514905,0.0044841734,0.075363964,0.004331178,0.491275,0.01616573,0.72753954,0.0029714773,0.072008245,0.0031099385,0.48524746,0.025832152,null,null,null,null,"TWOGAUSSIANS",8,6.8004165,0.22514905,0.0044841734,0.4,0.0,0.48835006,0.016286107,0.72753954,0.0029714773,0.4,0.010358273,0.48232254,0.02610069
375316653866487564,2204490066031408640,0.6045625,2178.027620475381,1.4612974495373259,4.005305E-6,15.091126,0.0028636681,0.25730833,8.2590815E-4,0.08423439,0.0016761201,0.17240626,0.002897539,0.75565994,0.004191039,0.09396138,0.0041106287,0.15087284,0.00487363,null,null,null,null,"TWOGAUSSIANS",8,7.6858816,0.25730833,8.2590815E-4,0.4,0.0,0.1663108,0.0021518786,0.75565994,0.004191039,0.4,0.0,0.14477718,0.0039906646
375316653866487564,2204490821941711488,0.5617393,2160.929165366251,3.3989706602419396,6.3993293E-6,19.66725,0.009350702,0.22942005,9.626928E-4,0.07348001,0.0017750401,0.607029,0.01536879,0.7410306,0.075385936,0.0831596,0.025043318,0.2652136,0.15273817,null,null,null,null,"TWOGAUSSIANS",8,1.4686955,0.22942005,9.626928E-4,0.4,0.0,0.6033048,0.01529529,0.7410306,0.075385936,0.4,0.059744757,0.26148942,0.15038471
375316653866487564,2204491676634484480,0.5405694,2172.1950185690453,3.1532663423533243,1.4700301E-5,17.455961,0.007424387,0.2746946,0.0026155664,0.08630575,0.003945164,0.24267448,0.008004124,0.7779864,0.006581363,0.081163645,0.007466693,0.24385028,0.017323539,null,null,null,null,"TWOGAUSSIANS",8,12.521304,0.7779864,0.006581363,0.4,0.0,0.23853298,0.017631099,0.2746946,0.0026155664,0.4,0.0,0.23735715,0.0067010312
375316653866487564,2204492741787722752,0.5608814,2176.1404720098076,2.6277963428077773,1.7281152E-5,18.445627,0.009646523,0.22562544,0.003908342,0.088310346,0.0047666994,0.36582428,0.012702232,0.72116655,0.0016147672,0.08536528,0.005546715,0.3408074,0.020142937,null,null,null,null,"TWOGAUSSIANS",8,3.0303671,0.22562544,0.003908342,0.4,0.0,0.35542157,0.0119320685,0.72116655,0.0016147672,0.4,0.0,0.3304048,0.02211716
375316653866487564,2204495456205496320,0.54440516,2200.7646480365347,2.8138597852540768,1.7772294E-5,18.517553,0.008926474,0.22744754,0.006085466,0.09270213,0.0060716104,0.19869266,0.010151801,0.7050351,0.00651662,0.09769528,0.007900563,0.21091652,0.014013835,null,null,null,null,"TWOGAUSSIANS",8,2.0787895,0.7050351,0.00651662,0.4,0.0,0.20141965,0.012782763,0.22744754,0.0060841874,0.4,0.0,0.18919691,0.0078274645
375316653866487564,2204495529229696640,0.6732061,2221.070971389558,1.050955494433529,8.419142E-6,14.488085,0.007044711,0.24585728,0.0030871045,0.04553923,0.006613399,0.11901886,0.014583624,0.74472374,0.00882256,0.049328495,0.008882123,0.43715385,0.08609315,0.035956554,0.007271288,0.24585728,0.0030871045,"TWOGAUSSIANS_WITH_ELLIPSOIDAL_ON_ECLIPSE1",9,16.81288,0.7447538,0.008778017,0.27623957,0.04973989,0.5090623,0.09078911,0.24585728,0.0030871045,0.2550197,0.037035037,0.19093087,0.006172169
375316653866487564,2204496010266010752,0.52237445,2230.4972219936944,2.260963303859881,2.3220648E-5,15.474433,0.48867652,0.24679178,0.0057326546,0.16853498,0.10751766,0.25581384,0.46313402,0.74514276,0.004452841,0.15872626,0.086120196,0.24865845,0.42935756,null,null,null,null,"TWOGAUSSIANS",8,29.681948,0.24705179,0.0056574466,0.4,0.0,0.10349874,0.0052150367,0.74514276,0.0044510886,0.4,0.0,0.099137805,0.005020116
375316653866487564,2204497723948304768,0.64718384,2172.381305607345,3.070270240921113,3.5166322E-6,18.820234,0.010518551,0.31782475,0.0016556262,0.048575953,0.0036804182,0.36308977,0.021463923,0.8135303,0.005705842,0.04417725,0.005241861,0.36963215,0.029526658,0.11753249,0.013371698,0.31782475,0.0016556262,"TWOGAUSSIANS_WITH_ELLIPSOIDAL_ON_ECLIPSE1",9,1.443911,0.8139103,0.005204384,0.24739258,0.029354423,0.60454005,0.02696878,0.31782475,0.0016556262,0.27202535,0.020610342,0.59815353,0.013271318
375316653866487564,2204500751910486656,0.63211673,2223.4492342713966,3.5704404832299157,4.7940734E-6,17.422539,0.0074128145,0.207877,0.0011539788,0.051380333,0.0032908157,0.22596322,0.019273434,0.7012607,0.0031281307,0.05395016,0.003428399,0.3026995,0.020948451,0.08143315,0.012137622,0.207877,0.0011539788,"TWOGAUSSIANS_WITH_ELLIPSOIDAL_ON_ECLIPSE1",9,4.495851,0.70199066,0.0027384623,0.3021209,0.019199036,0.46531004,0.013046576,0.207877,0.0011539788,0.28772986,0.018428568,0.38882416,0.0071244594
375316653866487564,2204501061147555968,0.65058345,2211.5020880428024,0.963324116221495,1.7590732E-5,17.161306,0.007452858,0.7795801,0.0011524527,0.026206164,9.363416E-4,1.4059529,0.020190855,null,null,null,null,null,null,0.037486702,0.012892805,0.7795801,0.0011524527,"ONEGAUSSIAN_WITH_ELLIPSOIDAL",6,16.09431,0.7795801,0.0011524527,0.14675452,0.005243513,1.4809264,0.015926694,null,null,null,null,null,null
375316653866487564,2204503530744287872,0.50693285,2180.8022943375067,2.673709712040456,1.771687E-5,18.667564,0.040268082,0.23851499,0.0037759242,0.09831135,0.011331707,0.2509182,0.038272515,0.74905777,0.0068258257,0.12745818,0.029023984,0.1744838,0.034350455,null,null,null,null,"TWOGAUSSIANS",8,2.0109544,0.238455,0.0037466185,0.4,0.0,0.22000274,0.010898291,0.74905777,0.006825665,0.4,0.0,0.14340289,0.01647843
375316653866487564,2204503535048768128,0.46118113,2172.431050404278,2.695025113525555,5.8735186E-5,18.656607,0.027664755,0.3128214,0.0076708132,0.06682718,0.019247351,0.20119396,0.031927984,0.7765728,0.010025541,0.103923924,0.021734877,0.19912617,0.028282927,null,null,null,null,"TWOGAUSSIANS",8,12.674501,0.3128314,0.0076809856,0.37423217,0.1008952,0.19839351,0.030389287,0.7765728,0.010025541,0.4,0.0,0.19631594,0.02634056
375316653866487564,2204504595896258816,0.5091819,2191.5577884760532,0.14351359877890305,2.8709168E-5,17.197557,0.0028718633,0.80731213,0.00730916,0.0051151966,0.0038560254,0.4014118,2.484873,null,null,null,null,null,null,0.0065375315,0.003719209,0.80731213,0.00730916,"ONEGAUSSIAN_WITH_ELLIPSOIDAL",6,6.609543,0.80731213,0.00730916,0.0286451,0.021593742,0.41448683,2.4853067,null,null,null,null,null,null
375316653866487564,2204505729768931840,0.505963,2183.467153234569,3.9827828373811274,1.7098884E-5,19.904146,0.011036915,0.25808096,0.0056531816,0.08241743,0.0051519303,0.4477586,0.018024504,0.7391472,0.0075074905,0.08966915,0.007845655,0.32701066,0.03204257,null,null,null,null,"TWOGAUSSIANS",8,1.6363754,0.25808096,0.0056531816,0.4,0.0,0.43972546,0.017332416,0.7391472,0.0075074905,0.4,0.0,0.3189774,0.03266046
375316653866487564,2204506142088544640,0.5776246,2137.696369816601,3.8545538135658832,6.413708E-6,18.094334,0.007561926,0.21322313,0.0023101694,0.081929676,0.0042133373,0.258396,0.008512695,0.71287984,0.0018886016,0.081537955,0.0035569156,0.23467626,0.008140129,null,null,null,null,"TWOGAUSSIANS",8,2.252772,0.21322313,0.0023101694,0.4,0.0,0.25384557,0.007813602,0.71287984,0.0018886016,0.4,0.0,0.23012584,0.007263396
375316653866487564,2204506966722300544,0.51600593,2152.077628247616,0.21517545714512595,1.1943271E-4,18.669044,0.0029039555,0.20552082,0.0096822,0.062561706,0.014696986,0.06364289,0.05558633,0.65564215,0.0053977855,0.031387743,0.01740225,0.30185407,0.23315516,null,null,null,null,"TWOGAUSSIANS",8,1.1765629,0.65564215,0.0053977855,0.17577136,0.097452596,0.30185404,0.2331562,0.20552082,0.0096822,0.35034552,0.08230312,0.06364288,0.055586413
375316653866487564,2204507241600243200,0.48876813,2158.196231540948,0.06352793698031954,2.185757E-4,18.322376,0.005791361,0.45974073,0.018054135,0.057206623,0.013562531,0.16840713,0.010275329,0.8016178,0.011093274,0.083747804,0.009080169,0.12440855,0.009585643,null,null,null,null,"TWOGAUSSIANS",8,2.2501392,0.4597707,0.01806117,0.32035708,0.075950176,0.168432,0.010322238,0.8016178,0.011093274,0.4,0.0,0.12440347,0.00957768
375316653866487564,2204507825712990208,0.54356766,2153.3398407346785,2.7849426261855563,1.334679E-5,17.862211,0.11158231,0.25099295,0.0070004063,0.118854366,0.037213232,0.31299096,0.09833314,0.725688,0.00792254,0.12110388,0.027597385,0.501467,0.10546307,null,null,null,null,"TWOGAUSSIANS",8,11.0526705,0.725688,0.00792254,0.4,0.0,0.4297665,0.01940301,0.25126293,0.0071511324,0.4,0.0,0.24143815,0.018133089
375316653866487564,2204509341840937856,0.465908,2153.2113746461214,3.3226611803449115,3.3012228E-5,19.418259,0.030259771,0.2847363,0.008419392,0.08592124,0.013895075,0.2659852,0.030551367,0.80044675,0.013720749,0.10729174,0.023060763,0.26071647,0.029884553,null,null,null,null,"TWOGAUSSIANS",8,4.0704546,0.2847263,0.008432208,0.4,0.0,0.25117558,0.020454405,0.80044675,0.013720749,0.4,0.0,0.24589458,0.026170647
375316653866487564,2204510235197941888,0.5396691,2218.02260218948,2.970313912426746,1.21222165E-5,17.454409,0.0067126793,0.3172785,0.0026424609,0.04597372,0.009686938,0.08177143,0.014704613,0.81342125,0.008544494,0.04013578,0.006638704,0.15078613,0.021547481,0.08899367,0.012308166,0.3172785,0.0026424609,"TWOGAUSSIANS_WITH_ELLIPSOIDAL_ON_ECLIPSE1",9,11.115495,0.8139212,0.007613479,0.22476035,0.037176743,0.32868224,0.015747169,0.3172785,0.0026424609,0.25745282,0.05424685,0.25975844,0.013227241
375316653866487564,2204511403429018496,0.6919355,2180.1998147916415,0.29360243574044803,3.5395642E-6,11.969248,0.0013104638,0.21180569,4.886171E-4,0.022343997,8.5567834E-4,0.4199739,0.0076483334,0.71244717,0.04136553,0.025233125,0.02540606,0.3544093,0.50914145,null,null,null,null,"TWOGAUSSIANS",8,86.58713,0.21180569,4.886171E-4,0.12512638,0.0047917985,0.4199739,0.0076483334,0.71244717,0.04136553,0.1413055,0.14227395,0.3544093,0.50914145
375316653866487564,2204511437788753920,0.48695952,2181.688258274028,0.2498012183183678,2.231492E-5,17.65826,0.004437687,0.21294437,0.04152076,0.08786479,0.030698624,0.048261896,0.017526578,0.66988873,0.010491135,0.030660253,0.0058778217,0.24604736,0.061344136,null,null,null,null,"TWOGAUSSIANS",8,8.092976,0.66988873,0.010491135,0.17169742,0.0329158,0.24604394,0.061346173,0.21294437,0.04152076,0.4,0.032818485,0.04825841,0.017529082
375316653866487564,2204511708366310016,0.56152666,2179.5852404805237,3.0767618400990053,8.3166615E-6,19.484037,0.009589648,0.25932905,0.0038460442,0.06816697,0.0037081107,0.5160566,0.015730277,0.751648,0.002193132,0.07494819,0.0041097193,0.5559596,0.027092412,null,null,null,null,"TWOGAUSSIANS",8,1.6916236,0.751648,0.002193132,0.4,0.0,0.5539749,0.027534632,0.25932905,0.0038460442,0.38173506,0.02076542,0.51407194,0.0154776275
375316653866487564,2204512777819080064,0.63765216,2239.608104233691,3.2261059168480366,4.030671E-6,16.994453,0.010805284,0.26490903,0.0014326911,0.04812992,0.0050660837,0.20941958,0.02439189,0.7657292,0.0023083556,0.04660889,0.0045318855,0.27196845,0.020493912,0.123210885,0.013345538,0.26490903,0.0014326911,"TWOGAUSSIANS_WITH_ELLIPSOIDAL_ON_ECLIPSE1",9,6.981666,0.7657292,0.002226562,0.26100978,0.025378559,0.5183831,0.010674974,0.26490903,0.0014326911,0.26952755,0.028370067,0.45584077,0.015841087
375316653866487564,2204515595317435392,0.46569413,2223.068613705711,0.3148163073261046,2.540652E-5,15.415394,0.0025663986,0.36416817,0.005754492,0.008984908,0.00537054,0.11474854,0.13771257,0.57070386,0.011934394,0.041466527,0.027358096,0.09960796,2.160403,null,null,null,null,"TWOGAUSSIANS",8,47.910828,0.36416817,0.005754492,0.050315488,0.030075025,0.11474895,0.13771248,0.57070386,0.011934394,0.23221254,0.15320534,0.09960796,2.160403
375316653866487564,2204516312571078144,0.43163863,2210.78689576739,1.7280342562302342,2.0285228E-5,19.742868,0.010443193,0.21948552,0.0040687905,0.04423926,0.006585961,0.21865296,0.044613108,0.7638762,0.01010005,0.028112411,0.018236328,0.36846903,9.679113,null,null,null,null,"TWOGAUSSIANS",8,3.1855445,0.7638762,0.01010005,0.1574295,0.10212344,0.36846903,9.679113,0.21948552,0.0040687905,0.24773987,0.036881384,0.21865296,0.044613108
