Gaia/vari_eclipsing_binary/VariEclipsingBinary_662700-662740.csv
# %ECSV 1.0
# ---
# delimiter: ','
# meta: !!omap
# - RELEASE: Gaia DR3
# - TABLE: vari_eclipsing_binary
# - DESCRIPTION: >
#     This table describes the properties of the eclipsing binaries resulting from the variability analysis. 
# - CITATION: >
#     How to cite and acknowledge Gaia: 
#     https://gea.esac.esa.int/archive/documentation/credits.html 
# - KNOWN_ISSUES: >
#     Known issues: 
#     https://www.cosmos.esa.int/web/gaia-users/known-issues 
# - DOCUMENTATION: >
#     Tutorials and documentation: 
#     https://www.cosmos.esa.int/web/gaia-users/archive 
# datatype:
# - 
#   name: solution_id
#   datatype: int64
#   description: Solution Identifier
#   meta:
#     ucd: meta.version
# - 
#   name: source_id
#   datatype: int64
#   description: Unique source identifier
#   meta:
#     ucd: meta.id;meta.main
# - 
#   name: global_ranking
#   datatype: float32
#   description: Number between 0 (worst) and 1 (best)
#   meta:
#     ucd: stat.param
# - 
#   name: reference_time
#   datatype: float64
#   unit: d
#   description: Reference time used for the geometric model fit
#   meta:
#     ucd: time.epoch
# - 
#   name: frequency
#   datatype: float64
#   unit: d**-1
#   description: Frequency of geometric model of the eclipsing binary light curve
#   meta:
#     ucd: src.orbital
# - 
#   name: frequency_error
#   datatype: float32
#   unit: d**-1
#   description: "Uncertainty of \\texttt{frequency}"
#   meta:
#     ucd: stat.error
# - 
#   name: geom_model_reference_level
#   datatype: float32
#   unit: mag
#   description: Magnitude reference level of geometric model
#   meta:
#     ucd: phot.mag;em.opt
# - 
#   name: geom_model_reference_level_error
#   datatype: float32
#   unit: mag
#   description: "Uncertainty of \\texttt{geomModelReferenceLevel}"
#   meta:
#     ucd: stat.error;phot.mag;em.opt
# - 
#   name: geom_model_gaussian1_phase
#   datatype: float32
#   description: Phase of the Gaussian 1 component
#   meta:
#     ucd: time.phase
# - 
#   name: geom_model_gaussian1_phase_error
#   datatype: float32
#   description: "Uncertainty of \\texttt{geomModelGaussian1Phase}"
#   meta:
#     ucd: stat.error;time.phase
# - 
#   name: geom_model_gaussian1_sigma
#   datatype: float32
#   description: "Standard deviation [phase] of Gaussian 1 component"
#   meta:
#     ucd: stat.stdev
# - 
#   name: geom_model_gaussian1_sigma_error
#   datatype: float32
#   description: "Uncertainty of \\texttt{geomModelGaussian1Sigma}"
#   meta:
#     ucd: stat.error
# - 
#   name: geom_model_gaussian1_depth
#   datatype: float32
#   unit: mag
#   description: Magnitude depth of Gaussian 1 component
#   meta:
#     ucd: src.var.amplitude
# - 
#   name: geom_model_gaussian1_depth_error
#   datatype: float32
#   unit: mag
#   description: "Uncertainty of \\texttt{geomModelGaussian1Depth}"
#   meta:
#     ucd: stat.error;src.var.amplitude
# - 
#   name: geom_model_gaussian2_phase
#   datatype: float32
#   description: Phase of Gaussian 2 component
#   meta:
#     ucd: time.phase
# - 
#   name: geom_model_gaussian2_phase_error
#   datatype: float32
#   description: "Uncertainty of \\texttt{geomModelGaussian2Phase}"
#   meta:
#     ucd: stat.error;time.phase
# - 
#   name: geom_model_gaussian2_sigma
#   datatype: float32
[...]
#   datatype: float32
#   description: "Secondary eclipse: uncertainty of \\texttt{derivedSecondaryEclDuration}"
#   meta:
#     ucd: stat.error;time.duration
# - 
#   name: derived_secondary_ecl_depth
#   datatype: float32
#   unit: mag
#   description: "Secondary eclipse: depth"
#   meta:
#     ucd: src.var.amplitude
# - 
#   name: derived_secondary_ecl_depth_error
#   datatype: float32
#   unit: mag
#   description: "Secondary eclipse: uncertainty of \\texttt{derivedSecondaryEclDepth}"
#   meta:
#     ucd: stat.error;src.var.amplitude
solution_id,source_id,global_ranking,reference_time,frequency,frequency_error,geom_model_reference_level,geom_model_reference_level_error,geom_model_gaussian1_phase,geom_model_gaussian1_phase_error,geom_model_gaussian1_sigma,geom_model_gaussian1_sigma_error,geom_model_gaussian1_depth,geom_model_gaussian1_depth_error,geom_model_gaussian2_phase,geom_model_gaussian2_phase_error,geom_model_gaussian2_sigma,geom_model_gaussian2_sigma_error,geom_model_gaussian2_depth,geom_model_gaussian2_depth_error,geom_model_cosine_half_period_amplitude,geom_model_cosine_half_period_amplitude_error,geom_model_cosine_half_period_phase,geom_model_cosine_half_period_phase_error,model_type,num_model_parameters,reduced_chi2,derived_primary_ecl_phase,derived_primary_ecl_phase_error,derived_primary_ecl_duration,derived_primary_ecl_duration_error,derived_primary_ecl_depth,derived_primary_ecl_depth_error,derived_secondary_ecl_phase,derived_secondary_ecl_phase_error,derived_secondary_ecl_duration,derived_secondary_ecl_duration_error,derived_secondary_ecl_depth,derived_secondary_ecl_depth_error
[from data line 500]
375316653866487564,5829491735742643328,0.5795621,2367.8445797600034,0.1639870772646354,1.109357E-5,17.940462,0.0015267378,0.7127599,0.024307882,0.06659011,0.014217347,0.009558941,0.0032077956,0.887321,8.639614E-5,0.0048532197,2.9904678E-4,0.7723424,0.095328555,null,null,null,null,"TWOGAUSSIANS",8,1.9351747,0.887321,8.639614E-5,0.027178029,0.0016746619,0.7726501,0.09533171,0.7127599,0.024307882,0.3729046,0.07961714,0.009558941,0.0032077956
375316653866487564,5829492044980180992,0.5760981,2348.5055851238685,2.132444923531703,5.906004E-6,15.95178,0.00814865,0.30152452,0.0019121742,0.09890059,0.0043912227,0.32736516,0.00791937,0.8173056,0.0038331351,0.085037656,0.005812273,0.17598815,0.008512803,null,null,null,null,"TWOGAUSSIANS",8,23.569056,0.30152452,0.0019121742,0.4,0.0,0.31779227,0.0071363826,0.8173056,0.0038331351,0.4,0.0,0.16641769,0.007088595
375316653866487564,5829492113699671168,0.6311255,2361.246637056904,2.7156629449978773,2.6829885E-6,16.98819,0.0074768695,0.28259408,8.724502E-4,0.05027733,0.0015418951,0.4400722,0.018907875,0.7810663,0.0011888479,0.044545405,0.0021099364,0.37634698,0.016668802,0.12430494,0.009179941,0.28259408,8.724502E-4,"TWOGAUSSIANS_WITH_ELLIPSOIDAL_ON_ECLIPSE1",9,12.906321,0.28259408,8.724502E-4,0.28155306,0.008634613,0.6886801,0.014193587,0.7812063,0.0010570061,0.24945426,0.011815645,0.6249341,0.0100586815
375316653866487564,5829493419337008256,0.5413527,2389.7758659808133,2.949022580647307,5.572659E-6,19.694956,0.009233203,0.15696827,0.0028818662,0.063665845,0.002892995,0.52705014,0.021455925,0.6506297,0.0026624056,0.06712492,0.0036434701,0.6086615,0.026650134,null,null,null,null,"TWOGAUSSIANS",8,2.8462384,0.6506297,0.0026624056,0.37589952,0.020403434,0.6080299,0.02677227,0.15696827,0.0028818662,0.35652873,0.016200772,0.52641857,0.021459559
375316653866487564,5829493724280658560,0.5104683,2382.0732181482645,3.3696301978866843,9.983485E-6,19.069145,0.012835487,0.24865599,0.0034286932,0.05095041,0.01068843,0.14347473,0.02661682,0.7840521,0.005822489,0.058886744,0.0071134204,0.12337524,0.02811509,0.07071585,0.015684376,0.24865599,0.0034286932,"TWOGAUSSIANS_WITH_ELLIPSOIDAL_ON_ECLIPSE1",9,3.8341742,0.24865599,0.0034286932,0.2853223,0.059855208,0.28490445,0.0141316,0.7840521,0.005822489,0.32976577,0.039835155,0.25792408,0.01058247
375316653866487564,5829493969125651072,0.62409943,2363.314647836467,2.937877879401196,3.0057847E-6,15.672486,0.009368826,0.28129593,0.001473668,0.05249306,0.0033974482,0.2823581,0.02071793,0.7784817,0.002000006,0.056389794,0.0033400229,0.32304657,0.020257026,0.09654102,0.011225727,0.28129593,0.001473668,"TWOGAUSSIANS_WITH_ELLIPSOIDAL_ON_ECLIPSE1",9,43.780186,0.77885175,0.001701699,0.31578285,0.01870413,0.516058,0.009310508,0.28129593,0.001473668,0.2939611,0.01902571,0.4754221,0.009327468
375316653866487564,5829494862478611328,0.6407112,2362.1663328553095,1.8815594504862978,2.4439096E-6,17.1332,0.0038260706,0.22173494,0.0013367463,0.043360617,0.0021387478,0.12601255,0.009862939,0.7197242,9.4760605E-4,0.04925449,9.2778116E-4,0.7177633,0.011385051,0.07166768,0.0045050257,0.22173494,0.0013367463,"TWOGAUSSIANS_WITH_ELLIPSOIDAL_ON_ECLIPSE1",9,7.6345105,0.71979415,9.055002E-4,0.27582514,0.0051955744,0.8610748,0.00929217,0.22173494,0.0013367463,0.24281946,0.011976987,0.26934615,0.005565991
375316653866487564,5829495927630520704,0.60907626,2374.346980205734,2.899931292206628,2.7759243E-6,18.005463,0.0055744695,0.21989392,0.0010585855,0.04528874,0.0021286854,0.43990463,0.019428493,0.7152516,0.001243897,0.040079176,0.0021637043,0.38888308,0.019563964,0.14389041,0.007418781,0.21989392,0.0010585855,"TWOGAUSSIANS_WITH_ELLIPSOIDAL_ON_ECLIPSE1",9,6.8654,0.21989392,0.0010585855,0.25361696,0.011920638,0.7276853,0.018933581,0.71565163,0.0011190851,0.22444338,0.012116743,0.67643994,0.020856412
375316653866487564,5829496649153462784,0.4931686,2310.804952068586,0.252723823,7.821311E-6,18.289932,0.0020174948,0.424113,0.019128816,0.07530819,0.019897748,0.025910808,0.0113222385,0.9137921,5.243333E-6,0.0014035926,1.3965452E-5,1.0393109,0.013632548,null,null,null,null,"TWOGAUSSIANS",8,2.0345953,0.9137921,5.243333E-6,0.0078601185,7.820653E-5,1.0393109,0.013632548,0.424113,0.019128816,0.4,0.03220838,0.025910808,0.01132224
375316653866487564,5829497503851927936,0.49139902,2330.2901438046038,2.942937094972209,9.217369E-6,18.068602,0.017059583,0.1415707,0.0058539207,0.093179576,0.01208652,0.17014192,0.018673714,0.64227444,0.0025321904,0.098885536,0.008629715,0.20951281,0.015174858,null,null,null,null,"TWOGAUSSIANS",8,5.669246,0.64227444,0.0025321904,0.4,0.0,0.19685937,0.008900327,0.1415707,0.0058539207,0.4,0.0,0.15748946,0.015539224
375316653866487564,5829498951296359936,0.4516493,2405.831526394309,1.9421932879210424,2.5457222E-5,16.66248,0.024076901,0.25619814,0.006930828,0.046952374,0.006151549,0.25155663,0.031571873,0.73280424,0.049417317,0.088639714,0.105406545,0.05710278,0.024955852,null,null,null,null,"TWOGAUSSIANS",8,46.97446,0.25619814,0.006892725,0.2629333,0.034448676,0.25145453,0.029667974,0.73280424,0.049417317,0.4,0.0,0.05700063,0.021611232
375316653866487564,5829499123086715264,0.5600138,2347.0157163117046,3.218900273527091,3.869754E-6,16.546537,0.01866769,0.24309407,0.0020359005,0.118334964,0.009359822,0.20174405,0.017881704,0.7529784,0.0016223777,0.109613925,0.008237102,0.21987475,0.016659422,null,null,null,null,"TWOGAUSSIANS",8,8.2134905,0.7530184,0.0016260205,0.4,0.0,0.18552455,0.0037485966,0.24307407,0.0020462214,0.4,0.0,0.1673515,0.003801365
375316653866487564,5829499432324421632,0.44469437,2323.5653861414676,3.2689529885548523,1.3562087E-5,14.538732,0.10084888,0.2757566,0.008137879,0.13143213,0.03180096,0.22931974,0.09736845,0.7580905,0.0046282066,0.13321616,0.028570453,0.2586131,0.09482259,null,null,null,null,"TWOGAUSSIANS",8,125.15029,0.7580905,0.0046282066,0.4,0.0,0.18708977,0.00872674,0.2762266,0.0074762367,0.4,0.0,0.15793094,0.007861766
375316653866487564,5829499672842594304,0.5194817,2364.789298739742,3.113702472274,5.7862158E-6,15.382568,0.008247466,0.27669874,0.0062095486,0.058799226,0.008486478,0.2211962,0.038136836,0.7640099,0.0033448173,0.04139196,0.004995757,0.24653156,0.022360178,0.07806714,0.009711371,0.7640099,0.0033448173,"TWOGAUSSIANS_WITH_ELLIPSOIDAL_ON_ECLIPSE2",9,64.445915,0.7640099,0.0033448173,0.23179498,0.027976237,0.4026556,0.019900845,0.27464873,0.005687398,0.32927567,0.047524273,0.37648922,0.043377776
375316653866487564,5829499982048576128,0.4707175,2340.646075879402,3.274292689480148,1.071205E-5,18.224434,0.0048599425,0.24260585,0.0036342125,0.039322156,0.017023552,0.049418844,0.01448234,0.58969665,0.06802612,0.056161635,0.049053673,0.014500932,0.010619993,0.07322626,0.006447191,0.24260585,0.0036342125,"TWOGAUSSIANS_WITH_ELLIPSOIDAL_ON_ECLIPSE1",9,8.316145,0.24260585,0.0036342125,0.22020407,0.09533189,0.19587049,0.015843203,0.7410067,0.0074418266,0.31450516,0.17663571,0.14682163,0.015085666
375316653866487564,5829501734395920512,0.52246547,2395.447555454572,1.83724334668084,4.9900273E-6,19.967972,0.010224068,0.2942342,0.005765394,0.04010563,0.00546781,0.20823045,0.043450702,0.8047087,0.0021068652,0.037465487,0.0026922303,0.8344822,0.14789996,0.05974081,0.016722498,0.2942342,0.005765394,"TWOGAUSSIANS_WITH_ELLIPSOIDAL_ON_ECLIPSE1",9,2.633341,0.8047087,0.0021068652,0.20980673,0.01507649,0.95344687,0.14864452,0.2942342,0.005765394,0.22459152,0.030619739,0.3277119,0.03356422
375316653866487564,5829501906194091008,0.6178855,2396.821728559391,1.6666043893442102,1.3201347E-6,17.480639,0.002512071,0.21806662,0.001712818,0.04064681,0.0028371098,0.07914804,0.0058368375,0.71761423,3.5501565E-4,0.038955133,5.9111894E-4,0.49375972,0.0061233365,0.02445301,0.0034544365,0.21806662,0.001712818,"TWOGAUSSIANS_WITH_ELLIPSOIDAL_ON_ECLIPSE1",9,2.3165958,0.71762425,3.4737345E-4,0.21814874,0.0033102662,0.5426653,0.005395252,0.21806662,0.001712818,0.22762214,0.015887816,0.12805404,0.002596922
375316653866487564,5829503418062472960,0.5222574,2404.6062266611434,0.10322090332301453,7.431889E-6,17.804483,0.001013566,0.46745956,9.5335324E-4,0.007911654,5.65925E-4,0.3264986,0.02094592,0.7658887,0.028208613,0.06211283,0.021796202,0.02851291,0.0205068,null,null,null,null,"TWOGAUSSIANS",8,2.67359,0.46745956,9.5335324E-4,0.044305265,0.0031691797,0.32649887,0.020945948,0.7658887,0.028208613,0.34783185,0.122058734,0.02851291,0.0205068
375316653866487564,5829503963483468544,0.52590436,2365.5170180892583,3.8720385116180416,5.2235796E-6,19.557793,0.03805605,0.21451567,0.0017805961,0.05104974,0.009407251,0.4061728,0.06299569,0.70794684,0.0046548364,0.03970873,0.009391375,0.38133898,0.07207613,0.13806985,0.04389216,0.21451567,0.0017805961,"TWOGAUSSIANS_WITH_ELLIPSOIDAL_ON_ECLIPSE1",9,5.631578,0.21451567,0.0017805961,0.28587854,0.052680608,0.68231,0.03619706,0.70848686,0.0042678923,0.22236888,0.0525917,0.6570448,0.040473595
375316653866487564,5829504517566034560,0.46969143,2375.24930218401,2.374122518069698,1.0869738E-5,17.278841,0.008333546,0.1996875,0.0040022032,0.05676284,0.0051932973,0.18719043,0.011062782,0.6959308,0.008810001,0.077831335,0.014796444,0.094057806,0.013988781,null,null,null,null,"TWOGAUSSIANS",8,27.067692,0.1996875,0.0040022032,0.31787193,0.029082466,0.18696697,0.010800011,0.6959308,0.008810001,0.4,0.0,0.09383434,0.013980677
375316653866487564,5829506579150492160,0.6336581,2385.0177408323775,1.7585680659485392,1.0146738E-6,16.76302,0.0020634893,0.20622863,0.0023458458,0.036016375,0.0027382595,0.067154415,0.0053742924,0.7048234,3.3870732E-4,0.041060805,6.2474667E-4,0.40961283,0.0048260493,0.0145648355,0.0030722527,0.20622863,0.0023458458,"TWOGAUSSIANS_WITH_ELLIPSOIDAL_ON_ECLIPSE1",9,4.7303824,0.7048334,3.3629782E-4,0.2299405,0.0034985815,0.4387402,0.0036828178,0.20622863,0.0023458458,0.20169169,0.015334253,0.09628402,0.002541609
375316653866487564,5829506643542459136,0.45064834,2395.6419751551302,3.1417209756728814,3.0839645E-5,19.334015,0.0073718047,0.23285942,0.018601544,0.06999954,0.03227571,0.08122173,0.02703324,0.7251469,0.004030367,0.03900928,0.0044091106,0.18554355,0.02203195,0.029150711,0.012956181,0.23285942,0.018601544,"TWOGAUSSIANS_WITH_ELLIPSOIDAL_ON_ECLIPSE1",9,5.321913,0.7254269,0.0036566916,0.21845196,0.024691021,0.24358007,0.01649775,0.23285942,0.018601544,0.39199743,0.15210493,0.13939008,0.016906375
375316653866487564,5829508949972628480,0.57050204,2386.3583235905185,2.912942183718768,4.3451837E-6,17.330647,0.007008745,0.23587905,0.0015505505,0.07566746,0.002464022,0.35048658,0.006964237,0.7496824,0.0028515232,0.08267958,0.0034834465,0.41985106,0.011475249,null,null,null,null,"TWOGAUSSIANS",8,14.180069,0.7496824,0.0028515232,0.4,0.0,0.41587058,0.011181009,0.23587905,0.0015505505,0.4,0.0,0.34650615,0.0062043727
375316653866487564,5829509980764611328,0.58211035,2390.571852440971,3.6889351311402274,3.3766637E-6,17.458876,0.005310127,0.27704906,0.0014128967,0.04483289,0.003037833,0.15195379,0.014985084,0.7752071,0.0029671686,0.049498197,0.003856959,0.20480655,0.013501807,0.10816156,0.006866781,0.27704906,0.0014128967,"TWOGAUSSIANS_WITH_ELLIPSOIDAL_ON_ECLIPSE1",9,10.190436,0.7755171,0.0024570473,0.2771899,0.02159897,0.4211051,0.009104927,0.27704906,0.0014128967,0.25106418,0.017011864,0.3682764,0.009418682
375316653866487564,5829510251313864192,0.47672382,2405.1406310260004,2.1054974587541726,1.7695738E-5,16.38019,0.042148605,0.24728832,0.0047410834,0.10297672,0.018625902,0.19935139,0.038464636,0.7561726,0.012932396,0.118110284,0.04084763,0.10138794,0.040615663,null,null,null,null,"TWOGAUSSIANS",8,62.48504,0.24726832,0.0047644014,0.4,0.0,0.18014155,0.007706321,0.75618255,0.012948882,0.4,0.0,0.08215411,0.010000824
375316653866487564,5829510629284594560,0.6372147,2394.0255945084264,0.2985821411693924,3.6741494E-6,17.29763,0.0018603845,0.28863776,9.3488215E-4,0.021813922,8.3612633E-4,1.9244555,0.10251073,0.787123,0.0025219317,0.023762014,0.002154118,0.13059297,0.010831655,0.02630107,0.0033020535,0.28863776,9.3488215E-4,"TWOGAUSSIANS_WITH_ELLIPSOIDAL_ON_ECLIPSE1",9,8.536025,0.28863776,9.3488215E-4,0.12215795,0.004682307,1.9770577,0.102904886,0.78715307,0.0024838615,0.13306728,0.01206306,0.18319042,0.0100665325
375316653866487564,5829510667959383424,0.50445485,2405.4811100706147,0.1452645411423602,7.0693495E-6,17.523655,0.0021581354,0.2738414,1.333798E-4,0.003919876,1.9412395E-4,0.6393055,0.04077192,0.532412,0.012883364,0.030883899,0.007634139,0.036933675,0.01566556,0.0037134734,0.003998356,0.532412,0.012883364,"TWOGAUSSIANS_WITH_ELLIPSOIDAL_ON_ECLIPSE2",9,7.3149137,0.2738414,1.333798E-4,0.021951307,0.0010870941,0.639327,0.040738817,0.532412,0.012883364,0.17294984,0.04275118,0.04436058,0.015191221
375316653866487564,5829512385916722048,0.5867312,2375.065632763099,2.908298377514538,5.8718297E-6,18.031551,0.028242858,0.14037913,0.0024529402,0.062470704,0.007764653,0.24827747,0.056662012,0.6488865,0.0027827988,0.06441575,0.007231598,0.24134399,0.057115447,0.083453625,0.029833475,0.14037913,0.0024529402,"TWOGAUSSIANS_WITH_ELLIPSOIDAL_ON_ECLIPSE1",9,6.1316304,0.14037913,0.0024529402,0.34983596,0.043482058,0.41502523,0.010175896,0.6488865,0.0027827988,0.36072823,0.04049695,0.4076153,0.008866566
375316653866487564,5829512587779044224,0.57695544,2375.7506515126747,3.307830398613254,5.2120536E-6,18.884125,0.014674629,0.25476798,0.0018395497,0.047588706,0.0047854874,0.25420302,0.031663947,0.7549936,0.0065230937,0.04615788,0.009978033,0.15095736,0.031194692,0.124116264,0.017133707,0.25476798,0.0018395497,"TWOGAUSSIANS_WITH_ELLIPSOIDAL_ON_ECLIPSE1",9,3.593014,0.25476798,0.0018395497,0.26649675,0.026798729,0.5024347,0.011490411,0.7549936,0.0055934717,0.25848413,0.055876985,0.39918852,0.012277105
375316653866487564,5829513313629512832,0.40706208,2387.477179890294,1.1876487250406036,2.9300118E-5,19.000996,0.007787845,0.19370836,0.011737344,0.050526597,0.0131499255,0.11362172,0.049536332,0.9128765,0.007332028,0.02792519,0.007265113,0.17473736,0.04688495,null,null,null,null,"TWOGAUSSIANS",8,8.345309,0.9128765,0.007332028,0.15638106,0.040684633,0.17473738,0.04688496,0.19370836,0.011737344,0.28294894,0.07363959,0.11362172,0.049536332
375316653866487564,5829513313659548672,0.5548963,2363.8757298440837,2.817022318190612,6.5587055E-6,16.199892,0.012009934,0.21522684,0.0038149604,0.092344835,0.0058160378,0.32829607,0.012457161,0.71380913,0.003001052,0.09839362,0.005358149,0.32244235,0.013547288,null,null,null,null,"TWOGAUSSIANS",8,38.371937,0.21522684,0.0038149604,0.4,0.0,0.30776948,0.0068165767,0.71380913,0.003001052,0.4,0.0,0.30191442,0.011087788
375316653866487564,5829513588537464448,0.5257613,2378.426786471364,3.633913048444465,1.0950338E-5,18.309015,0.014618257,0.2884153,0.0039083073,0.09560675,0.010457019,0.3390091,0.022346534,0.77261895,0.0044372394,0.087568544,0.0067795548,0.30574143,0.013865205,null,null,null,null,"TWOGAUSSIANS",8,9.243974,0.2884153,0.0039083073,0.4,0.0,0.32677427,0.027437903,0.77261895,0.0044372394,0.4,0.0,0.29350758,0.008366736
375316653866487564,5829514172653158400,0.47094455,2382.818061712409,2.564675011635382,2.2709615E-5,16.489996,0.036373556,0.24239157,0.007717515,0.10103659,0.022611702,0.27061552,0.02585621,0.74767864,0.006402343,0.09417041,0.011085586,0.2842573,0.03889185,null,null,null,null,"TWOGAUSSIANS",8,144.72243,0.74767864,0.006402525,0.4,0.0,0.26483476,0.025202472,0.24239157,0.007717515,0.4,0.0,0.25119075,0.019168831
