Gaia/vari_eclipsing_binary/VariEclipsingBinary_615070-615174.csv
# %ECSV 1.0
# ---
# delimiter: ','
# meta: !!omap
# - RELEASE: Gaia DR3
# - TABLE: vari_eclipsing_binary
# - DESCRIPTION: >
#     This table describes the properties of the eclipsing binaries resulting from the variability analysis. 
# - CITATION: >
#     How to cite and acknowledge Gaia: 
#     https://gea.esac.esa.int/archive/documentation/credits.html 
# - KNOWN_ISSUES: >
#     Known issues: 
#     https://www.cosmos.esa.int/web/gaia-users/known-issues 
# - DOCUMENTATION: >
#     Tutorials and documentation: 
#     https://www.cosmos.esa.int/web/gaia-users/archive 
# datatype:
# - 
#   name: solution_id
#   datatype: int64
#   description: Solution Identifier
#   meta:
#     ucd: meta.version
# - 
#   name: source_id
#   datatype: int64
#   description: Unique source identifier
#   meta:
#     ucd: meta.id;meta.main
# - 
#   name: global_ranking
#   datatype: float32
#   description: Number between 0 (worst) and 1 (best)
#   meta:
#     ucd: stat.param
# - 
#   name: reference_time
#   datatype: float64
#   unit: d
#   description: Reference time used for the geometric model fit
#   meta:
#     ucd: time.epoch
# - 
#   name: frequency
#   datatype: float64
#   unit: d**-1
#   description: Frequency of geometric model of the eclipsing binary light curve
#   meta:
#     ucd: src.orbital
# - 
#   name: frequency_error
#   datatype: float32
#   unit: d**-1
#   description: "Uncertainty of \\texttt{frequency}"
#   meta:
#     ucd: stat.error
# - 
#   name: geom_model_reference_level
#   datatype: float32
#   unit: mag
#   description: Magnitude reference level of geometric model
#   meta:
#     ucd: phot.mag;em.opt
# - 
#   name: geom_model_reference_level_error
#   datatype: float32
#   unit: mag
#   description: "Uncertainty of \\texttt{geomModelReferenceLevel}"
#   meta:
#     ucd: stat.error;phot.mag;em.opt
# - 
#   name: geom_model_gaussian1_phase
#   datatype: float32
#   description: Phase of the Gaussian 1 component
#   meta:
#     ucd: time.phase
# - 
#   name: geom_model_gaussian1_phase_error
#   datatype: float32
#   description: "Uncertainty of \\texttt{geomModelGaussian1Phase}"
#   meta:
#     ucd: stat.error;time.phase
# - 
#   name: geom_model_gaussian1_sigma
#   datatype: float32
#   description: "Standard deviation [phase] of Gaussian 1 component"
#   meta:
#     ucd: stat.stdev
# - 
#   name: geom_model_gaussian1_sigma_error
#   datatype: float32
#   description: "Uncertainty of \\texttt{geomModelGaussian1Sigma}"
#   meta:
#     ucd: stat.error
# - 
#   name: geom_model_gaussian1_depth
#   datatype: float32
#   unit: mag
#   description: Magnitude depth of Gaussian 1 component
#   meta:
#     ucd: src.var.amplitude
# - 
#   name: geom_model_gaussian1_depth_error
#   datatype: float32
#   unit: mag
#   description: "Uncertainty of \\texttt{geomModelGaussian1Depth}"
#   meta:
#     ucd: stat.error;src.var.amplitude
# - 
#   name: geom_model_gaussian2_phase
#   datatype: float32
#   description: Phase of Gaussian 2 component
#   meta:
#     ucd: time.phase
# - 
#   name: geom_model_gaussian2_phase_error
#   datatype: float32
#   description: "Uncertainty of \\texttt{geomModelGaussian2Phase}"
#   meta:
#     ucd: stat.error;time.phase
# - 
#   name: geom_model_gaussian2_sigma
#   datatype: float32
[...]
#   datatype: float32
#   description: "Secondary eclipse: uncertainty of \\texttt{derivedSecondaryEclDuration}"
#   meta:
#     ucd: stat.error;time.duration
# - 
#   name: derived_secondary_ecl_depth
#   datatype: float32
#   unit: mag
#   description: "Secondary eclipse: depth"
#   meta:
#     ucd: src.var.amplitude
# - 
#   name: derived_secondary_ecl_depth_error
#   datatype: float32
#   unit: mag
#   description: "Secondary eclipse: uncertainty of \\texttt{derivedSecondaryEclDepth}"
#   meta:
#     ucd: stat.error;src.var.amplitude
solution_id,source_id,global_ranking,reference_time,frequency,frequency_error,geom_model_reference_level,geom_model_reference_level_error,geom_model_gaussian1_phase,geom_model_gaussian1_phase_error,geom_model_gaussian1_sigma,geom_model_gaussian1_sigma_error,geom_model_gaussian1_depth,geom_model_gaussian1_depth_error,geom_model_gaussian2_phase,geom_model_gaussian2_phase_error,geom_model_gaussian2_sigma,geom_model_gaussian2_sigma_error,geom_model_gaussian2_depth,geom_model_gaussian2_depth_error,geom_model_cosine_half_period_amplitude,geom_model_cosine_half_period_amplitude_error,geom_model_cosine_half_period_phase,geom_model_cosine_half_period_phase_error,model_type,num_model_parameters,reduced_chi2,derived_primary_ecl_phase,derived_primary_ecl_phase_error,derived_primary_ecl_duration,derived_primary_ecl_duration_error,derived_primary_ecl_depth,derived_primary_ecl_depth_error,derived_secondary_ecl_phase,derived_secondary_ecl_phase_error,derived_secondary_ecl_duration,derived_secondary_ecl_duration_error,derived_secondary_ecl_depth,derived_secondary_ecl_depth_error
[from data line 37]
375316653866487564,5410271759045612416,0.4957145,2133.9495998074867,2.8451353962287484,9.459007E-6,19.862896,0.010394322,0.27323323,0.0046991636,0.078209125,0.0053045345,0.36695072,0.023071097,0.77054054,0.004155488,0.08052647,0.006639083,0.31858534,0.029764924,null,null,null,null,"TWOGAUSSIANS",8,1.2217816,0.27323323,0.0046991636,0.4,0.0,0.36241633,0.02332167,0.77054054,0.004155488,0.4,0.0,0.3140509,0.030482514
375316653866487564,5410271969504357888,0.51166934,2134.5524320169543,0.6731282372851137,1.4803426E-5,16.253572,0.0025494485,0.22756855,0.0070089675,0.020520203,0.015131833,0.010029606,0.0060004294,0.75069445,0.0063804346,0.060721982,0.010769515,0.0646749,0.008592754,0.018958125,0.0038101263,0.22756855,0.0070089675,"TWOGAUSSIANS_WITH_ELLIPSOIDAL_ON_ECLIPSE1",9,7.4689174,0.75069445,0.0063804346,0.3400431,0.060309287,0.10179362,0.009110495,0.22756855,0.0070089675,0.114913136,0.08473826,0.047943246,0.003756085
375316653866487564,5410272759779980928,0.5340358,2111.7157199486096,3.1660073401589877,9.680025E-6,19.106953,0.014551454,0.28183398,0.0035418374,0.07291042,0.005190569,0.40331322,0.016496215,0.7850725,0.003512377,0.07624004,0.005123447,0.41528678,0.023863664,null,null,null,null,"TWOGAUSSIANS",8,3.6147277,0.7850725,0.003512377,0.4,0.0,0.41252536,0.023688842,0.28183398,0.0035418374,0.4,0.001828461,0.40055183,0.015636059
375316653866487564,5410273206455110272,0.6066058,2148.755699259402,0.7324034604256885,4.050623E-6,15.648403,0.0027070045,0.3263311,0.0422058,0.070279054,0.056140766,0.029568844,0.08974714,0.79958135,7.5921946E-4,0.023800416,7.4138056E-4,0.27938303,0.0075965663,null,null,null,null,"TWOGAUSSIANS",8,11.811243,0.79958135,7.5921946E-4,0.13328232,0.0041517313,0.27938303,0.0075965347,0.3263311,0.0422058,0.3935627,0.29546484,0.029568829,0.08974721
375316653866487564,5410274164224772992,0.5855758,2158.7695347222707,0.3720301676354291,3.2305543E-6,12.907646,8.2085375E-4,0.3983954,6.2209903E-4,0.013536864,7.886048E-4,0.34170657,0.039237395,0.85132855,0.009123796,0.021789353,0.004236536,0.27207097,0.053560894,null,null,null,null,"TWOGAUSSIANS",8,39.11653,0.3983954,6.2209903E-4,0.07580644,0.004416187,0.34170657,0.039237395,0.85132855,0.009123796,0.12202038,0.023724603,0.27207097,0.053560894
375316653866487564,5410276603766622336,0.4794397,2159.6835486201685,0.3182294316446209,2.8877967E-5,19.672087,0.004662727,0.26089057,0.0019079263,0.011425081,0.0015890604,0.34976736,0.017682333,0.7644241,0.00862202,0.013913994,0.0074104266,0.28865287,0.1343784,null,null,null,null,"TWOGAUSSIANS",8,1.5507311,0.26089057,0.0019079263,0.06398045,0.008898739,0.34976736,0.017682333,0.7644241,0.00862202,0.077918366,0.04149839,0.28865287,0.1343784
375316653866487564,5410277222241950080,0.55548835,2127.408241627435,0.5634002112439684,4.3457553E-6,19.21301,0.0043547237,0.19971111,0.002104428,0.0224698,0.00216237,0.59632355,0.042560034,0.69746685,0.0014476863,0.023233235,9.970437E-4,0.57054335,0.03362765,null,null,null,null,"TWOGAUSSIANS",8,1.6597317,0.19971111,0.002104428,0.12583089,0.012109271,0.59632355,0.042560034,0.69746685,0.0014476863,0.1301061,0.0055834446,0.57054335,0.03362765
375316653866487564,5410277359687101440,0.5679427,2083.1863007611864,0.04566993269994433,3.3019445E-5,13.280008,8.1086106E-4,0.55499846,5.4488828E-5,0.004097981,5.7625304E-5,0.27601114,8.826503E-4,0.85565984,0.012032461,9.812391E-4,0.0016806184,0.42800745,65143.2,6.365943E-4,0.0011362798,0.85565984,0.012032461,"TWOGAUSSIANS_WITH_ELLIPSOIDAL_ON_ECLIPSE2",9,11.489659,0.85565984,0.012032461,0.005494939,0.009411463,0.42928064,65143.2,0.55499846,5.4488828E-5,0.022948693,3.227017E-4,0.27613583,0.0011372233
375316653866487564,5410279803518361856,0.48934668,2103.1370941309815,3.4649520525509065,2.2362156E-5,19.599983,0.013483311,0.19214007,0.0068824673,0.086828895,0.009565136,0.21648338,0.017041404,0.6867158,0.0049202074,0.06895121,0.012665213,0.25596592,0.03990236,null,null,null,null,"TWOGAUSSIANS",8,1.6104982,0.6867158,0.0049202074,0.38612682,0.032729845,0.253572,0.04327907,0.19214007,0.0068824673,0.4,0.0,0.21408945,0.015627624
375316653866487564,5410281384072898688,0.45724794,2143.504183474667,2.7120663378114385,2.261587E-5,15.629477,0.26878053,0.22874713,0.00880885,0.22956951,0.10151618,0.3915457,0.26528317,0.7296218,0.0050940067,0.15501194,0.04078242,0.30655414,0.19698074,null,null,null,null,"TWOGAUSSIANS",8,40.5287,0.22855712,0.009211493,0.4,0.0,0.09529984,0.008580568,0.73022187,0.005102307,0.4,0.0,0.0799474,0.0081089055
375316653866487564,5410285163643740032,0.70382094,2129.0418980680884,0.17561686841388777,1.4891356E-6,14.606127,3.0814187E-4,0.21273388,2.1005691E-7,0.008258083,4.7713156E-6,0.38955504,3.0362187E-4,0.59406334,2.8508573E-4,0.0034537618,4.065616E-4,0.011462788,9.639084E-4,null,null,null,null,"TWOGAUSSIANS",8,3.379587,0.21273388,2.1005691E-7,0.046245266,2.6719368E-5,0.38955504,3.0362187E-4,0.59406334,2.8508573E-4,0.019341066,0.002276745,0.011462788,9.639084E-4
375316653866487564,5410287152206451072,0.55368376,2068.6750803648765,3.2655911279809744,7.916211E-6,19.774181,0.015239256,0.28097206,0.0070465086,0.058773182,0.0075598974,0.50526863,0.033424325,0.77535903,0.0018038377,0.06640404,0.0028597356,0.5395953,0.014323975,null,null,null,null,"TWOGAUSSIANS",8,1.9590125,0.77535903,0.0018038377,0.3718626,0.01601452,0.53929603,0.014129168,0.28097206,0.0070465086,0.32912982,0.042335425,0.5049693,0.033463117
375316653866487564,5410287873760747904,0.6251073,2108.6589218007925,3.5807631210394,4.669031E-6,17.549917,0.0044960217,0.2448222,0.0012867876,0.043399304,0.002577167,0.1837728,0.011867414,0.74123335,0.0034197434,0.04656939,0.0031453734,0.24788214,0.012628287,0.11540862,0.006289099,0.2448222,0.0012867876,"TWOGAUSSIANS_WITH_ELLIPSOIDAL_ON_ECLIPSE1",9,4.094593,0.74172336,0.0029441593,0.2607886,0.01761409,0.4785978,0.0077581136,0.2448222,0.0012867876,0.2430361,0.014432135,0.41458967,0.00714622
375316653866487564,5410288217360954368,0.4810037,2104.615226639933,2.084586677698471,1.3665497E-5,19.04758,0.046197817,0.28395453,0.02720212,0.0995837,0.05137735,0.17928447,0.040251244,0.78676426,0.003378163,0.10842651,0.025613219,0.19028087,0.038350105,null,null,null,null,"TWOGAUSSIANS",8,2.1497831,0.78676426,0.003378163,0.4,0.0,0.17038201,0.014425531,0.28395453,0.027212804,0.4,0.07706938,0.15939365,0.03060465
375316653866487564,5410289007632272640,0.5274115,2084.7119482777352,3.517989426566601,9.681526E-6,18.409573,0.006067834,0.19853754,0.016676508,0.017726244,0.01503213,0.06220583,94.284935,0.73270726,0.0019678813,0.03954027,0.0035282334,0.2831385,0.03436163,0.104537345,0.00833226,0.73270726,0.0019678813,"TWOGAUSSIANS_WITH_ELLIPSOIDAL_ON_ECLIPSE2",9,7.9888477,0.73270726,0.0019678813,0.2214255,0.019758107,0.49221277,0.033875223,0.20112754,0.014181058,0.09926697,0.08417993,0.26249564,94.29099
375316653866487564,5410289218092796288,0.6001791,2092.8070062825996,2.325042947911427,4.065336E-6,17.265366,0.0066521033,0.22127524,0.0010335116,0.05142279,0.00527014,0.1579728,0.017378733,0.7171071,0.0049034455,0.045653045,0.004426811,0.12673996,0.025330978,0.16139656,0.010333813,0.22127524,0.0010335116,"TWOGAUSSIANS_WITH_ELLIPSOIDAL_ON_ECLIPSE1",9,8.873374,0.22127524,0.0010335116,0.28796762,0.029512784,0.48076424,0.011707017,0.7183371,0.003304713,0.25565705,0.02479014,0.4493754,0.014225224
375316653866487564,5410290042726612864,0.5875719,2138.8488427010075,0.5728345143590178,5.801331E-6,17.00659,0.0031878941,0.23481883,0.0022186374,0.05564724,0.012018741,0.031238064,0.009102643,0.72388095,0.005434375,0.047727935,0.0055931215,0.109269276,0.010024076,0.05657211,0.005805369,0.23481883,0.0022186374,"TWOGAUSSIANS_WITH_ELLIPSOIDAL_ON_ECLIPSE1",9,3.8271935,0.72559094,0.0046519204,0.26727644,0.03132148,0.22196198,0.0062065013,0.23481883,0.0022186374,0.31162453,0.06730495,0.14438081,0.0050460524
375316653866487564,5410290386323998976,0.5622589,2112.5506367668227,0.40602883016038943,1.4644608E-5,15.171482,7.643636E-4,0.26814976,0.0040317494,0.022255685,0.008748049,0.07103788,0.008071403,0.76966596,0.0055731568,0.021013668,0.0071606757,0.06780587,0.18004806,0.019253887,0.0010910527,0.26814976,0.0040317494,"TWOGAUSSIANS_WITH_ELLIPSOIDAL_ON_ECLIPSE1",9,6.244194,0.26814976,0.0040317494,0.12463184,0.048989076,0.10954563,0.008659067,0.76966596,0.0055587166,0.117676534,0.040099785,0.10631013,0.18074104
375316653866487564,5410292306167318656,0.56653094,2129.096911272723,2.531736415414537,6.4747232E-6,18.873621,0.008059006,0.18895042,0.0034769,0.030429358,0.004021338,0.6923956,0.041332547,0.68473536,4.7946893E-4,0.033843018,0.0014354396,0.6085715,0.017554093,0.05008138,0.012714513,0.18895042,0.0034769,"TWOGAUSSIANS_WITH_ELLIPSOIDAL_ON_ECLIPSE1",9,5.0914235,0.18895042,0.0034769,0.1704044,0.022519493,0.7925584,0.041487377,0.6847954,4.6575142E-4,0.1895209,0.008038461,0.7086651,0.020750571
375316653866487564,5410294612573563264,0.5798353,2143.590941548389,2.897025263742609,4.8209104E-6,19.25103,0.008083764,0.24869631,0.0018422209,0.0486223,0.0033555678,0.2859087,0.029052716,0.7425462,0.002913668,0.05040945,0.0033179005,0.36014283,0.0252547,0.104741365,0.010219067,0.24869631,0.0018422209,"TWOGAUSSIANS_WITH_ELLIPSOIDAL_ON_ECLIPSE1",9,1.3033168,0.7431862,0.0026754132,0.28229293,0.018580243,0.5693434,0.01308809,0.24869631,0.0018422209,0.2722849,0.01879118,0.49538928,0.023285432
375316653866487564,5410295505925084672,0.592825,2131.679856137811,2.7793885745980025,6.5055046E-6,18.851213,0.005437174,0.28529012,0.0014332626,0.07217503,0.0019512451,0.48517308,0.008595187,0.77946687,0.00245556,0.07577802,0.0027017929,0.5323663,0.011831537,null,null,null,null,"TWOGAUSSIANS",8,2.2102642,0.77946687,0.00245556,0.4,0.0,0.5294194,0.011861386,0.28529012,0.0014332626,0.4,0.0018639362,0.4822262,0.008505723
375316653866487564,5410295952601693056,0.5705289,2135.3075842899884,1.5279159368613857,5.3178446E-6,17.926998,0.011159612,0.30168003,0.0014413005,0.080371656,0.0031667906,0.38603428,0.010553166,0.81634194,0.0043107993,0.10026188,0.007934535,0.17208566,0.011834397,null,null,null,null,"TWOGAUSSIANS",8,4.559209,0.30168003,0.0014413005,0.4,0.0,0.37772524,0.008667867,0.81634194,0.0043107993,0.4,0.0,0.1637749,0.009841834
375316653866487564,5410297842380637056,0.46130052,2089.712974904307,0.723862279562304,1.9386702E-5,19.761543,0.027550334,0.3107765,0.009822945,0.054864053,0.010098057,0.31547895,0.043322746,0.82323086,0.0040151207,0.061163723,0.03763329,0.34595054,0.13509855,null,null,null,null,"TWOGAUSSIANS",8,3.2598197,0.82323086,0.0040151207,0.34251684,0.069478214,0.3459121,0.13863593,0.3107765,0.009822945,0.3072387,0.056549117,0.3154405,0.04125379
375316653866487564,5410300346346793472,0.5119363,2128.7410873300532,2.4675219715011956,9.193609E-6,18.569445,0.009959393,0.23192488,0.0036155542,0.104710385,0.0076353946,0.2111813,0.0096959,0.74620783,0.0043460815,0.0893463,0.0075375047,0.22208636,0.013827757,null,null,null,null,"TWOGAUSSIANS",8,2.1538877,0.74621785,0.0043500676,0.4,0.0,0.20924145,0.014168211,0.23192488,0.0036155542,0.4,0.0,0.19833079,0.007840892
375316653866487564,5410301961251994112,0.5287354,2132.9728713162503,2.7950642419878626,5.9777567E-6,18.451698,0.012628292,0.30481678,0.0030337346,0.08493972,0.006134641,0.44168898,0.022422599,0.8097637,0.0033169566,0.08719949,0.005155494,0.42400655,0.015625989,null,null,null,null,"TWOGAUSSIANS",8,6.2355537,0.30481678,0.0030337346,0.4,0.0,0.42997608,0.024908928,0.8097637,0.0033169566,0.4,0.0,0.4122936,0.014984557
375316653866487564,5410304572592502656,0.50016296,2125.615042605267,0.30427134528692756,3.6066253E-5,17.445896,0.0012316076,0.25858584,0.003885513,0.0058739106,0.0023620927,0.8879637,6.3322783,0.48003522,0.013006885,0.019850072,0.011324458,0.07459274,0.22989148,null,null,null,null,"TWOGAUSSIANS",8,2.523432,0.25858584,0.003885513,0.0328939,0.01322772,0.8879637,6.3322783,0.48003522,0.013006885,0.1111604,0.06341696,0.07459274,0.22989148
375316653866487564,5410306084421027200,0.518979,2110.4657113084263,3.6525384756123342,9.633422E-6,18.443434,0.019054174,0.2827384,0.0057780966,0.099309415,0.012401398,0.22166654,0.018421149,0.75308436,0.0031043,0.101993926,0.009271732,0.2527079,0.017288309,null,null,null,null,"TWOGAUSSIANS",8,3.0587802,0.75308436,0.0031043,0.4,0.0,0.23784591,0.012888776,0.28274837,0.005781904,0.4,0.0,0.20680787,0.011894334
375316653866487564,5410314983593455232,0.5116046,2129.461352460447,0.24160476474787917,3.647946E-5,17.55831,0.0024825826,0.17309622,0.020081824,0.017462546,0.018458296,0.14148846,8151094.5,0.7646935,0.0041351183,0.027313612,0.0028529193,0.17350914,0.017265124,null,null,null,null,"TWOGAUSSIANS",8,5.187481,0.7646935,0.0041351183,0.15295623,0.015976347,0.17350914,0.017265124,0.17309622,0.020081824,0.097790256,0.10336646,0.14148846,8151094.5
375316653866487564,5410321271425536768,0.6016081,2091.1149969600683,4.2136990730736805,3.829931E-6,18.489819,0.0077885943,0.31431037,0.0014945981,0.072260424,0.0018851537,0.5644018,0.0110367695,0.8069367,0.0024731217,0.069813974,0.002590136,0.5814448,0.020025972,null,null,null,null,"TWOGAUSSIANS",8,3.231375,0.8069367,0.0024731217,0.39095828,0.0145047605,0.57949704,0.020097684,0.31431037,0.0014945981,0.4,0.0,0.56245404,0.010873862
375316653866487564,5410321477584014208,0.56687033,2109.1029986445246,2.77494290208046,6.7540536E-6,18.141817,0.021307284,0.25683683,0.0016277459,0.051109012,0.0059559424,0.38745877,0.044575553,0.76449424,0.0029157465,0.056397084,0.0052940925,0.33513144,0.050433397,0.1054843,0.03019373,0.25683683,0.0016277459,"TWOGAUSSIANS_WITH_ELLIPSOIDAL_ON_ECLIPSE1",9,9.739298,0.25683683,0.0016277459,0.28621048,0.033353277,0.59841436,0.030290974,0.76449424,0.0029157465,0.31582367,0.029646918,0.54559904,0.015924728
375316653866487564,5410322066003530112,0.5212041,2133.971576151588,0.35287750405547885,1.0479971E-5,18.122313,0.0038362285,0.27710193,0.0038950252,0.026416583,0.0029927169,0.2004796,0.011724581,0.7779243,0.0018740395,0.022938266,0.0018442739,0.20169845,0.008299973,null,null,null,null,"TWOGAUSSIANS",8,4.4727845,0.7779243,0.0018740395,0.12845428,0.010327933,0.20169845,0.008299973,0.27710193,0.0038950252,0.14793287,0.016759215,0.2004796,0.011724581
375316653866487564,5410327215660486784,0.5358022,2163.4232841652083,2.7814760876861007,9.814142E-6,19.499397,0.010158202,0.27239007,0.004550038,0.067837976,0.00423425,0.49563873,0.019654427,0.7668541,0.0028525295,0.067322664,0.0035463108,0.45181277,0.027448801,null,null,null,null,"TWOGAUSSIANS",8,2.376358,0.27239007,0.004550038,0.37989265,0.023711802,0.49477103,0.019446526,0.7668541,0.0028525295,0.37700692,0.01985934,0.45094508,0.027532667
375316653866487564,5410327494842209408,0.54544353,2073.6795086900584,0.5895808408626487,1.9727115E-5,17.88624,0.0023170605,0.2217052,0.006029354,0.027727736,0.00868949,0.07368299,0.095862955,0.7189667,0.0017506542,0.025047164,0.0026613395,0.33753946,0.036828984,null,null,null,null,"TWOGAUSSIANS",8,4.107114,0.7189667,0.0017506542,0.14026412,0.014903501,0.33753946,0.036828984,0.2217052,0.006029354,0.15527532,0.048661143,0.07368299,0.095862955
375316653866487564,5410330067520171264,0.5922389,2122.2777363116106,1.2151402863531342,3.859247E-6,18.339907,0.0040739276,0.19934098,9.290496E-4,0.045632817,0.0011493703,0.5935306,0.012806342,0.6936904,0.004720606,0.04553006,0.004407042,0.13057162,0.0100039905,null,null,null,null,"TWOGAUSSIANS",8,3.114077,0.19934098,9.290496E-4,0.25554377,0.0064364737,0.5935305,0.01280636,0.6936904,0.004720606,0.25496832,0.024679435,0.1305715,0.01000408
