Gaia/vari_eclipsing_binary/VariEclipsingBinary_038798-039524.csv
# %ECSV 1.0
# ---
# delimiter: ','
# meta: !!omap
# - RELEASE: Gaia DR3
# - TABLE: vari_eclipsing_binary
# - DESCRIPTION: >
#     This table describes the properties of the eclipsing binaries resulting from the variability analysis. 
# - CITATION: >
#     How to cite and acknowledge Gaia: 
#     https://gea.esac.esa.int/archive/documentation/credits.html 
# - KNOWN_ISSUES: >
#     Known issues: 
#     https://www.cosmos.esa.int/web/gaia-users/known-issues 
# - DOCUMENTATION: >
#     Tutorials and documentation: 
#     https://www.cosmos.esa.int/web/gaia-users/archive 
# datatype:
# - 
#   name: solution_id
#   datatype: int64
#   description: Solution Identifier
#   meta:
#     ucd: meta.version
# - 
#   name: source_id
#   datatype: int64
#   description: Unique source identifier
#   meta:
#     ucd: meta.id;meta.main
# - 
#   name: global_ranking
#   datatype: float32
#   description: Number between 0 (worst) and 1 (best)
#   meta:
#     ucd: stat.param
# - 
#   name: reference_time
#   datatype: float64
#   unit: d
#   description: Reference time used for the geometric model fit
#   meta:
#     ucd: time.epoch
# - 
#   name: frequency
#   datatype: float64
#   unit: d**-1
#   description: Frequency of geometric model of the eclipsing binary light curve
#   meta:
#     ucd: src.orbital
# - 
#   name: frequency_error
#   datatype: float32
#   unit: d**-1
#   description: "Uncertainty of \\texttt{frequency}"
#   meta:
#     ucd: stat.error
# - 
#   name: geom_model_reference_level
#   datatype: float32
#   unit: mag
#   description: Magnitude reference level of geometric model
#   meta:
#     ucd: phot.mag;em.opt
# - 
#   name: geom_model_reference_level_error
#   datatype: float32
#   unit: mag
#   description: "Uncertainty of \\texttt{geomModelReferenceLevel}"
#   meta:
#     ucd: stat.error;phot.mag;em.opt
# - 
#   name: geom_model_gaussian1_phase
#   datatype: float32
#   description: Phase of the Gaussian 1 component
#   meta:
#     ucd: time.phase
# - 
#   name: geom_model_gaussian1_phase_error
#   datatype: float32
#   description: "Uncertainty of \\texttt{geomModelGaussian1Phase}"
#   meta:
#     ucd: stat.error;time.phase
# - 
#   name: geom_model_gaussian1_sigma
#   datatype: float32
#   description: "Standard deviation [phase] of Gaussian 1 component"
#   meta:
#     ucd: stat.stdev
# - 
#   name: geom_model_gaussian1_sigma_error
#   datatype: float32
#   description: "Uncertainty of \\texttt{geomModelGaussian1Sigma}"
#   meta:
#     ucd: stat.error
# - 
#   name: geom_model_gaussian1_depth
#   datatype: float32
#   unit: mag
#   description: Magnitude depth of Gaussian 1 component
#   meta:
#     ucd: src.var.amplitude
# - 
#   name: geom_model_gaussian1_depth_error
#   datatype: float32
#   unit: mag
#   description: "Uncertainty of \\texttt{geomModelGaussian1Depth}"
#   meta:
#     ucd: stat.error;src.var.amplitude
# - 
#   name: geom_model_gaussian2_phase
#   datatype: float32
#   description: Phase of Gaussian 2 component
#   meta:
#     ucd: time.phase
# - 
#   name: geom_model_gaussian2_phase_error
#   datatype: float32
#   description: "Uncertainty of \\texttt{geomModelGaussian2Phase}"
#   meta:
#     ucd: stat.error;time.phase
# - 
#   name: geom_model_gaussian2_sigma
#   datatype: float32
[...]
#   datatype: float32
#   description: "Secondary eclipse: uncertainty of \\texttt{derivedSecondaryEclDuration}"
#   meta:
#     ucd: stat.error;time.duration
# - 
#   name: derived_secondary_ecl_depth
#   datatype: float32
#   unit: mag
#   description: "Secondary eclipse: depth"
#   meta:
#     ucd: src.var.amplitude
# - 
#   name: derived_secondary_ecl_depth_error
#   datatype: float32
#   unit: mag
#   description: "Secondary eclipse: uncertainty of \\texttt{derivedSecondaryEclDepth}"
#   meta:
#     ucd: stat.error;src.var.amplitude
solution_id,source_id,global_ranking,reference_time,frequency,frequency_error,geom_model_reference_level,geom_model_reference_level_error,geom_model_gaussian1_phase,geom_model_gaussian1_phase_error,geom_model_gaussian1_sigma,geom_model_gaussian1_sigma_error,geom_model_gaussian1_depth,geom_model_gaussian1_depth_error,geom_model_gaussian2_phase,geom_model_gaussian2_phase_error,geom_model_gaussian2_sigma,geom_model_gaussian2_sigma_error,geom_model_gaussian2_depth,geom_model_gaussian2_depth_error,geom_model_cosine_half_period_amplitude,geom_model_cosine_half_period_amplitude_error,geom_model_cosine_half_period_phase,geom_model_cosine_half_period_phase_error,model_type,num_model_parameters,reduced_chi2,derived_primary_ecl_phase,derived_primary_ecl_phase_error,derived_primary_ecl_duration,derived_primary_ecl_duration_error,derived_primary_ecl_depth,derived_primary_ecl_depth_error,derived_secondary_ecl_phase,derived_secondary_ecl_phase_error,derived_secondary_ecl_duration,derived_secondary_ecl_duration_error,derived_secondary_ecl_depth,derived_secondary_ecl_depth_error
[from data line 514]
375316653866487564,347087508465633536,0.6812306,2328.5577865926134,3.721644576070621,5.085766E-6,18.302052,0.007112694,0.19813953,0.001549823,0.04638156,0.0019497694,0.51773643,0.020978794,0.6918025,0.0018035134,0.040434673,0.001789541,0.43605116,0.016646432,0.13986348,0.00963983,0.19813953,0.001549823,"TWOGAUSSIANS_WITH_ELLIPSOIDAL_ON_ECLIPSE1",9,2.1026917,0.19813953,0.001549823,0.25973672,0.0109187085,0.79746276,0.008513595,0.6922825,0.001637166,0.22643419,0.0100214295,0.7153681,0.004460008
375316653866487564,347088646632272640,0.6273624,2304.138815210546,0.3611898042868598,1.0780465E-6,14.767857,9.533746E-4,0.4606979,1.5363509E-6,0.012463829,9.5428135E-5,0.18518941,6.9357746E-4,0.8192143,1.8369078E-4,0.005022005,9.286761E-4,0.04250312,0.018743284,null,null,null,null,"TWOGAUSSIANS",8,7.3962855,0.4606979,1.5363509E-6,0.06979744,5.3439755E-4,0.18518941,6.9357746E-4,0.8192143,1.8369078E-4,0.02812323,0.0052005863,0.04250312,0.018743284
375316653866487564,347129667864571648,0.57627034,2295.754057742894,2.1936476588709164,1.1640895E-5,19.041924,0.012704016,0.2144828,0.0014138726,0.06947406,0.0032395874,0.566712,0.017303905,0.7149835,0.009791535,0.09426686,0.008986306,0.23542464,0.016490418,null,null,null,null,"TWOGAUSSIANS",8,1.6155419,0.2144828,0.0014138726,0.38905472,0.01814169,0.56051415,0.017429436,0.7149835,0.009791535,0.4,0.0,0.22922641,0.013678076
375316653866487564,347139292886483456,0.55487764,2294.1706075620345,3.289920855800717,1.2754866E-5,13.866621,0.032293417,0.3105084,0.007526054,0.10313276,0.010640083,0.4265774,0.03430119,0.8258008,0.0066839242,0.090707004,0.010456534,0.36583102,0.031527516,null,null,null,null,"TWOGAUSSIANS",8,720.0835,0.3105084,0.007526054,0.4,0.0,0.40343586,0.017855842,0.8258108,0.0066923695,0.4,0.0,0.34269765,0.018839467
375316653866487564,347151142701249408,0.4454941,2282.5178162582793,1.0958351559982786,5.4683085E-5,18.810093,0.0066764364,0.32917866,0.009380182,0.035280216,0.0062170336,0.18756226,0.033060603,0.84843856,0.011429825,0.022655651,0.023577167,0.092362076,0.38430297,null,null,null,null,"TWOGAUSSIANS",8,6.4365025,0.32917866,0.009380182,0.19756922,0.03481539,0.18756226,0.033060603,0.84843856,0.011429825,0.12687165,0.13203214,0.092362076,0.38430297
375316653866487564,347152895048005376,0.4776706,2343.332208666332,3.944550272412763,2.4886918E-5,18.739796,0.026726093,0.35472634,0.021140182,0.0848344,0.028947331,0.1753765,0.030107526,0.8039892,0.009332592,0.093021594,0.023938764,0.20059793,0.03926173,null,null,null,null,"TWOGAUSSIANS",8,2.6880102,0.8039892,0.009332592,0.4,0.0,0.19748661,0.03925628,0.35472634,0.021148369,0.4,0.0,0.17226678,0.027391434
375316653866487564,347153964494745088,0.4457005,2297.4669001615525,0.7749561126989581,4.5700654E-5,19.892523,0.02427818,0.12804343,0.06275691,0.040395837,0.026558463,0.14830281,0.07607843,0.7152338,0.0036710957,0.052212987,0.0061806478,0.3231547,0.031188173,null,null,null,null,"TWOGAUSSIANS",8,3.1657577,0.7152338,0.0036710957,0.29239273,0.034611627,0.3231547,0.031188216,0.12804343,0.06275691,0.22621669,0.14872739,0.14830281,0.07607841
375316653866487564,347158426965933312,0.5247881,2255.150149031654,4.129525006808067,1.9324152E-5,19.700842,0.015286707,0.2539809,0.0066270307,0.07007396,0.00674004,0.7278793,0.098424785,0.7627642,0.00555087,0.060775097,0.0081645185,0.76897705,0.21066533,null,null,null,null,"TWOGAUSSIANS",8,4.026838,0.7627642,0.00555087,0.34034055,0.045721304,0.768201,0.21156017,0.2539809,0.0066270307,0.39241418,0.022588838,0.72710323,0.09881352
375316653866487564,347160419830760448,0.61199594,2312.1204300730496,3.707224589830144,7.733815E-6,16.372908,0.0154832415,0.25581795,0.002204929,0.050140545,0.006313725,0.24298583,0.036266968,0.7499502,0.0034193022,0.057191256,0.004531089,0.30680284,0.03568319,0.12554333,0.020372836,0.25581795,0.002204929,"TWOGAUSSIANS_WITH_ELLIPSOIDAL_ON_ECLIPSE1",9,33.370117,0.7509702,0.002698842,0.32027104,0.0253741,0.55759287,0.013488262,0.25581795,0.002204929,0.28078705,0.03535686,0.4940575,0.019188542
375316653866487564,347160595924237440,0.58176774,2265.4281858686745,3.2127421792011126,1.3813178E-5,14.836806,0.012365573,0.21294792,0.005121617,0.043256566,0.007980082,0.33379936,0.10049713,0.72386885,0.0025348312,0.046029456,0.0043071727,0.8882967,0.08194733,0.053685226,0.025157087,0.72386885,0.0025348312,"TWOGAUSSIANS_WITH_ELLIPSOIDAL_ON_ECLIPSE2",9,604.66486,0.72386885,0.0025348312,0.25776497,0.024120167,0.99566674,0.07895558,0.21343791,0.004965933,0.24223676,0.04468846,0.4406874,0.10604685
375316653866487564,347161381903444736,0.49541682,2295.6293911829553,0.8637493001420329,6.0323782E-5,17.560797,0.0031171292,0.19068804,0.031565122,0.03111687,0.020807544,0.14914972,0.095790856,0.8643792,2.3802934E-4,0.016864976,4.5934046E-4,0.22062781,0.0013864783,null,null,null,null,"TWOGAUSSIANS",8,6.444348,0.8643792,2.3802934E-4,0.094443865,0.0025723067,0.22062781,0.0013864783,0.19068804,0.031565122,0.17425448,0.116522245,0.14914972,0.095790856
375316653866487564,347176332684506752,0.6400759,2305.1073377705275,2.4803949153967864,7.150529E-6,14.607612,0.004892813,0.22207196,0.0023062439,0.09538983,0.0037805964,0.23215796,0.0042726956,0.7242902,0.0011675755,0.10224525,0.0023026827,0.21423039,0.005613783,null,null,null,null,"TWOGAUSSIANS",8,12.502302,0.22207196,0.0023062439,0.4,0.0,0.21453719,0.00287921,0.7242902,0.0011675755,0.4,0.0,0.19660737,0.0035951417
375316653866487564,347188938412993152,0.52626115,2321.7845017019654,1.5426322741145975,4.6980776E-6,16.346231,0.0032055494,0.27359346,0.0014369416,0.035124034,0.0014553563,0.17795184,0.011081017,0.7778929,7.936247E-4,0.029737528,0.0016994422,0.3188683,0.046801895,null,null,null,null,"TWOGAUSSIANS",8,15.983908,0.7778929,7.936247E-4,0.16653016,0.009516876,0.3188683,0.046801895,0.27359346,0.0014369416,0.19669458,0.008149995,0.17795184,0.011081017
375316653866487564,347189934845447936,0.43535545,2262.5063219626527,0.23944098115154797,3.420546E-5,18.720331,0.005867602,0.7134373,0.03861868,0.051496163,0.020711815,0.028499397,0.009616822,0.87698996,0.03858901,0.029936798,0.009169713,0.5954665,0.8592526,null,null,null,null,"TWOGAUSSIANS",8,4.7874165,0.87698996,0.03858901,0.16764607,0.051350392,0.5956503,0.8591754,0.7134373,0.038531367,0.2883785,0.11598616,0.028499594,0.009611407
375316653866487564,347204881330794624,0.5769833,2362.225387840827,2.2022188527627065,6.546167E-6,17.545038,0.0066902186,0.27229884,0.0032697993,0.050273437,0.0056270226,0.11178065,0.027011164,0.7672257,0.0017634075,0.04945058,0.0037122176,0.48469573,0.060527656,0.039679885,0.009857707,0.27229884,0.0032697993,"TWOGAUSSIANS_WITH_ELLIPSOIDAL_ON_ECLIPSE1",9,6.364771,0.76738566,0.0016858551,0.27692324,0.020788418,0.5639758,0.06697381,0.27229884,0.0032697993,0.28153124,0.031511325,0.1911389,0.019584425
375316653866487564,347215945166721792,0.6280234,2328.9762522918386,2.0994134044460058,9.953666E-6,15.970035,0.006415155,0.2769962,0.002077983,0.08126739,0.002809989,0.36959422,0.011647435,0.7854085,0.001429275,0.08869277,0.00278604,0.3505932,0.009193293,null,null,null,null,"TWOGAUSSIANS",8,12.048967,0.2769962,0.002077983,0.4,0.0,0.3614065,0.011553735,0.7854085,0.001429275,0.4,0.0,0.3424054,0.009289095
375316653866487564,347228005434922880,0.5967025,2293.3041498809425,4.568710148053641,6.7250608E-6,19.502151,0.012757577,0.22076635,0.0029335008,0.030514373,0.005690153,0.38057557,0.07275149,0.7224637,0.0052537117,0.043026067,0.004612085,0.46678993,0.042866554,0.14488125,0.01671551,0.22076635,0.0029335008,"TWOGAUSSIANS_WITH_ELLIPSOIDAL_ON_ECLIPSE1",9,2.0150561,0.7224637,0.0052423202,0.24094598,0.025827676,0.75651896,0.0353083,0.22076635,0.0029335008,0.1708805,0.03186486,0.67033756,0.07826374
375316653866487564,347228112811287296,0.47882092,2282.55558880014,1.3576705682400694,5.9627062E-5,14.8118105,0.0030031311,0.16253294,0.007997441,0.056465738,0.02217222,0.008431636,0.010224566,0.61109483,0.04299064,0.060425337,0.031124773,0.024269395,0.02803138,0.021683685,0.0052434197,0.16253294,0.007997441,"TWOGAUSSIANS_WITH_ELLIPSOIDAL_ON_ECLIPSE1",9,25.834158,0.6287248,0.036709275,0.3383819,0.17429873,0.064697005,0.028531572,0.16253294,0.007997441,0.31620812,0.12416443,0.051798183,0.0042661726
375316653866487564,347229830798185856,0.4575264,2337.187658461998,0.1634529692671996,4.2419793E-5,16.417866,0.0061535435,0.93115443,0.12944236,0.15236235,0.11255558,0.010585068,0.018376755,0.52032334,0.008352353,0.011848783,0.0033448418,0.61906683,0.39210936,null,null,null,null,"TWOGAUSSIANS",8,39.184784,0.52032334,0.008352353,0.06635319,0.018731114,0.61925495,0.39207268,0.93115443,0.12944236,0.4,0.0,0.010487967,0.0183081
375316653866487564,347249274113187328,0.6291603,2310.243587295796,0.8958911282756254,5.9555776E-5,17.47228,0.001351875,0.37896207,5.1893643E-4,0.035827227,7.4330124E-4,0.37839893,0.005236568,0.7369076,0.035839994,0.053863734,0.030619448,0.009998253,0.010719639,null,null,null,null,"TWOGAUSSIANS",8,1.5276514,0.37896207,5.1893643E-4,0.20063247,0.0041624866,0.37839893,0.005236568,0.7369076,0.035839994,0.3016369,0.17146891,0.009998253,0.010719639
375316653866487564,347250171763384320,0.6507141,2322.811895758335,2.407051258376516,3.7249622E-6,14.181132,0.0029296328,0.15612857,0.0010836162,0.047037594,0.0053771823,0.07025194,0.008293991,0.6489591,0.004918925,0.048846696,0.006541754,0.08603324,0.006856419,0.09488709,0.0035921612,0.15612857,0.0010836162,"TWOGAUSSIANS_WITH_ELLIPSOIDAL_ON_ECLIPSE1",9,18.51384,0.6510691,0.0038503883,0.2735415,0.036633823,0.27553496,0.0038756921,0.15612857,0.0010836162,0.26341054,0.03011222,0.26002562,0.00870379
375316653866487564,347307655605518336,0.6577426,2310.873027153231,2.9304883997827527,6.6214347E-6,16.691252,0.0066615087,0.30131203,0.004332334,0.07776415,0.004909945,0.5044736,0.01204744,0.78481114,0.0022926582,0.08297962,0.0040047676,0.52093446,0.0074028946,null,null,null,null,"TWOGAUSSIANS",8,12.013433,0.78481114,0.0022926582,0.4,0.0,0.5150613,0.0068254955,0.30131203,0.004332334,0.4,0.0,0.49860045,0.011538624
375316653866487564,347312118075536000,0.503187,2350.230827292306,3.3570652527907394,5.591173E-5,18.836365,0.0077646184,0.2375634,0.0068134386,0.029796194,0.0058117765,0.34690332,0.06006478,0.7187737,0.018569367,0.06694732,0.020067317,0.17002364,0.04267552,null,null,null,null,"TWOGAUSSIANS",8,4.09907,0.2375634,0.0068134386,0.16685869,0.03254595,0.3469031,0.06006464,0.7187737,0.018569367,0.37490496,0.0619518,0.17002341,0.042676885
375316653866487564,347332325895518976,0.46194905,2341.2643776998198,2.644575499882991,5.065047E-5,19.548409,0.007824759,0.22309731,0.03369671,0.03258576,0.017117884,0.23635936,0.080586135,0.7444737,0.016360465,0.05044894,0.01952181,0.25320125,0.027179709,null,null,null,null,"TWOGAUSSIANS",8,2.781531,0.7444737,0.016360465,0.28251407,0.10932214,0.25320125,0.02718066,0.22309731,0.03369671,0.18248026,0.095860146,0.23635936,0.08058608
375316653866487564,347333425409217536,0.5852286,2353.6641712649252,3.725317507329097,1.0776131E-5,15.003541,0.023277795,0.26752844,0.0023219814,0.05343702,0.009310793,0.22519526,0.045364775,0.7694766,0.010246647,0.057859607,0.013167022,0.23314957,0.045955572,0.10174058,0.026172563,0.26752844,0.0023219814,"TWOGAUSSIANS_WITH_ELLIPSOIDAL_ON_ECLIPSE1",9,123.74897,0.7694766,0.008797839,0.3240138,0.07373533,0.43657848,0.013498336,0.26752844,0.0023219814,0.29924732,0.05214044,0.42865467,0.009104265
375316653866487564,347342663881635200,0.58664745,2203.1151756351505,0.6027237783237942,3.829953E-5,17.651798,0.0042161015,0.63225055,4.721104E-5,0.008196469,6.183706E-5,1.0958031,0.0035534683,null,null,null,null,null,null,null,null,null,null,"ONEGAUSSIAN",5,10.417262,0.63225055,4.721104E-5,0.04590023,3.4628756E-4,1.0958031,0.0,null,null,null,null,null,null
375316653866487564,347361630457380736,0.46090248,2324.527190900712,0.5124048562523654,3.097416E-5,17.504177,0.0035151527,0.32923952,0.018822154,0.028896458,0.019227345,0.04437029,12.008105,0.75394696,0.0036175784,0.010810859,0.0060477545,0.45440593,35.4026,null,null,null,null,"TWOGAUSSIANS",8,10.468123,0.75394696,0.0036175784,0.060540807,0.033867422,0.45440593,35.4026,0.32923952,0.018822154,0.16182016,0.10767313,0.04437029,12.008105
375316653866487564,347364555333150208,0.44923437,2333.798297609731,0.4060172429592694,4.6702667E-6,15.668506,0.12642013,0.30041215,0.006083178,0.0057603978,0.0024465823,0.39904815,0.7399905,0.40625992,0.032531846,0.23054531,0.24643674,0.061041113,0.11626133,null,null,null,null,"TWOGAUSSIANS",8,46.10737,0.30042213,0.006082806,0.032258227,0.013700861,0.4423952,0.7405993,0.40625992,0.032531846,0.4,0.0,0.04942896,0.010857346
375316653866487564,347370190330200576,0.614175,2262.8593958712254,3.7997907470297836,6.6115995E-6,15.988107,0.0069255857,0.1985934,0.0018492739,0.04807774,0.005240393,0.16898416,0.011949876,0.71204406,0.0031973964,0.0449565,0.008816169,0.15037692,0.028137257,0.10479913,0.007781169,0.1985934,0.0018492739,"TWOGAUSSIANS_WITH_ELLIPSOIDAL_ON_ECLIPSE1",9,25.96123,0.1985934,0.0018492739,0.26923534,0.0293462,0.378582,0.0140919285,0.71204406,0.0031973964,0.2517564,0.049370542,0.3584813,0.035194706
375316653866487564,347398296596661760,0.52672446,2275.9700273265657,2.4134245577820646,2.2818578E-5,14.213014,0.8953687,0.21142551,0.0064185658,0.12145321,0.04188866,0.25681385,0.4921238,0.6971345,0.008621149,0.12406821,0.14661743,0.2527085,0.86433136,null,null,null,null,"TWOGAUSSIANS",8,97.033134,0.21155551,0.004371168,0.4,0.0,0.20018739,0.008981182,0.6971345,0.008621149,0.4,0.0,0.19603547,0.021563437
375316653866487564,347435920509484160,0.599416,2361.9922070285365,0.6106436619237579,1.0777553E-6,17.160309,0.0013500636,0.24693114,0.013512566,0.016567592,0.007872969,0.021632947,0.0044966713,0.59476304,1.3024356E-4,0.024632836,1.9650425E-4,0.36292386,0.0023127478,8.8394096E-4,0.0018150699,0.24693114,0.013512566,"TWOGAUSSIANS_WITH_ELLIPSOIDAL_ON_ECLIPSE1",9,2.3584511,0.594783,1.1007254E-4,0.13794388,0.0011004237,0.36351192,0.0028767034,0.24693114,0.013512566,0.09277852,0.044088624,0.023400828,0.0033063376
375316653866487564,347442895536366976,0.56706834,2379.4619063568935,3.53293695540602,1.2331773E-5,16.619425,0.0027432926,0.14189906,0.0040849727,0.07737701,0.0046362737,0.08526274,0.0042013386,0.6385293,0.002854221,0.071429044,0.006240459,0.1009764,0.005492539,null,null,null,null,"TWOGAUSSIANS",8,1.9319503,0.6385293,0.002854221,0.4,0.01581245,0.10037157,0.005782951,0.14189906,0.0040849727,0.4,0.0,0.08465791,0.004039446
375316653866487564,347456841293566080,0.5174824,2273.758342551872,0.12263647797215514,2.3128205E-5,18.00774,0.0029479016,0.23587896,0.0034230663,0.05530632,0.0036737127,0.17573199,0.006123899,0.88015497,0.01643132,0.033427518,0.017092632,0.13591537,0.5933547,null,null,null,null,"TWOGAUSSIANS",8,1.5016719,0.23587896,0.0034230663,0.3097154,0.02057279,0.17573199,0.006123899,0.88015497,0.01643132,0.1871941,0.09571874,0.13591537,0.5933547
375316653866487564,347472616710118400,0.54775304,2319.9736066211153,1.439018411113456,8.4551375E-6,16.804943,0.006305151,0.2988734,0.010309427,0.030119697,0.018088032,0.16768703,0.061474513,0.7964699,0.0018136209,0.025867255,0.0019165351,0.515768,0.021145774,null,null,null,null,"TWOGAUSSIANS",8,44.66649,0.7964699,0.0018136209,0.14485663,0.010732597,0.515768,0.021145774,0.2988734,0.010309427,0.1686703,0.101292975,0.16768703,0.061474513
