Gaia/vari_eclipsing_binary/VariEclipsingBinary_617390-617611.csv
# %ECSV 1.0
# ---
# delimiter: ','
# meta: !!omap
# - RELEASE: Gaia DR3
# - TABLE: vari_eclipsing_binary
# - DESCRIPTION: >
#     This table describes the properties of the eclipsing binaries resulting from the variability analysis. 
# - CITATION: >
#     How to cite and acknowledge Gaia: 
#     https://gea.esac.esa.int/archive/documentation/credits.html 
# - KNOWN_ISSUES: >
#     Known issues: 
#     https://www.cosmos.esa.int/web/gaia-users/known-issues 
# - DOCUMENTATION: >
#     Tutorials and documentation: 
#     https://www.cosmos.esa.int/web/gaia-users/archive 
# datatype:
# - 
#   name: solution_id
#   datatype: int64
#   description: Solution Identifier
#   meta:
#     ucd: meta.version
# - 
#   name: source_id
#   datatype: int64
#   description: Unique source identifier
#   meta:
#     ucd: meta.id;meta.main
# - 
#   name: global_ranking
#   datatype: float32
#   description: Number between 0 (worst) and 1 (best)
#   meta:
#     ucd: stat.param
# - 
#   name: reference_time
#   datatype: float64
#   unit: d
#   description: Reference time used for the geometric model fit
#   meta:
#     ucd: time.epoch
# - 
#   name: frequency
#   datatype: float64
#   unit: d**-1
#   description: Frequency of geometric model of the eclipsing binary light curve
#   meta:
#     ucd: src.orbital
# - 
#   name: frequency_error
#   datatype: float32
#   unit: d**-1
#   description: "Uncertainty of \\texttt{frequency}"
#   meta:
#     ucd: stat.error
# - 
#   name: geom_model_reference_level
#   datatype: float32
#   unit: mag
#   description: Magnitude reference level of geometric model
#   meta:
#     ucd: phot.mag;em.opt
# - 
#   name: geom_model_reference_level_error
#   datatype: float32
#   unit: mag
#   description: "Uncertainty of \\texttt{geomModelReferenceLevel}"
#   meta:
#     ucd: stat.error;phot.mag;em.opt
# - 
#   name: geom_model_gaussian1_phase
#   datatype: float32
#   description: Phase of the Gaussian 1 component
#   meta:
#     ucd: time.phase
# - 
#   name: geom_model_gaussian1_phase_error
#   datatype: float32
#   description: "Uncertainty of \\texttt{geomModelGaussian1Phase}"
#   meta:
#     ucd: stat.error;time.phase
# - 
#   name: geom_model_gaussian1_sigma
#   datatype: float32
#   description: "Standard deviation [phase] of Gaussian 1 component"
#   meta:
#     ucd: stat.stdev
# - 
#   name: geom_model_gaussian1_sigma_error
#   datatype: float32
#   description: "Uncertainty of \\texttt{geomModelGaussian1Sigma}"
#   meta:
#     ucd: stat.error
# - 
#   name: geom_model_gaussian1_depth
#   datatype: float32
#   unit: mag
#   description: Magnitude depth of Gaussian 1 component
#   meta:
#     ucd: src.var.amplitude
# - 
#   name: geom_model_gaussian1_depth_error
#   datatype: float32
#   unit: mag
#   description: "Uncertainty of \\texttt{geomModelGaussian1Depth}"
#   meta:
#     ucd: stat.error;src.var.amplitude
# - 
#   name: geom_model_gaussian2_phase
#   datatype: float32
#   description: Phase of Gaussian 2 component
#   meta:
#     ucd: time.phase
# - 
#   name: geom_model_gaussian2_phase_error
#   datatype: float32
#   description: "Uncertainty of \\texttt{geomModelGaussian2Phase}"
#   meta:
#     ucd: stat.error;time.phase
# - 
#   name: geom_model_gaussian2_sigma
#   datatype: float32
[...]
#   datatype: float32
#   description: "Secondary eclipse: uncertainty of \\texttt{derivedSecondaryEclDuration}"
#   meta:
#     ucd: stat.error;time.duration
# - 
#   name: derived_secondary_ecl_depth
#   datatype: float32
#   unit: mag
#   description: "Secondary eclipse: depth"
#   meta:
#     ucd: src.var.amplitude
# - 
#   name: derived_secondary_ecl_depth_error
#   datatype: float32
#   unit: mag
#   description: "Secondary eclipse: uncertainty of \\texttt{derivedSecondaryEclDepth}"
#   meta:
#     ucd: stat.error;src.var.amplitude
solution_id,source_id,global_ranking,reference_time,frequency,frequency_error,geom_model_reference_level,geom_model_reference_level_error,geom_model_gaussian1_phase,geom_model_gaussian1_phase_error,geom_model_gaussian1_sigma,geom_model_gaussian1_sigma_error,geom_model_gaussian1_depth,geom_model_gaussian1_depth_error,geom_model_gaussian2_phase,geom_model_gaussian2_phase_error,geom_model_gaussian2_sigma,geom_model_gaussian2_sigma_error,geom_model_gaussian2_depth,geom_model_gaussian2_depth_error,geom_model_cosine_half_period_amplitude,geom_model_cosine_half_period_amplitude_error,geom_model_cosine_half_period_phase,geom_model_cosine_half_period_phase_error,model_type,num_model_parameters,reduced_chi2,derived_primary_ecl_phase,derived_primary_ecl_phase_error,derived_primary_ecl_duration,derived_primary_ecl_duration_error,derived_primary_ecl_depth,derived_primary_ecl_depth_error,derived_secondary_ecl_phase,derived_secondary_ecl_phase_error,derived_secondary_ecl_duration,derived_secondary_ecl_duration_error,derived_secondary_ecl_depth,derived_secondary_ecl_depth_error
[from data line 635]
375316653866487564,5432279862961052416,0.59829843,2210.5709732672203,2.6124642973979295,3.2629735E-6,15.273854,0.001996036,0.2742854,0.0011310617,0.037242986,0.0037794297,0.04692682,0.007093744,0.76693314,0.007352411,0.037324414,0.0073889485,0.050091974,0.012200454,0.09568959,0.0028769157,0.2742854,0.0011310617,"TWOGAUSSIANS_WITH_ELLIPSOIDAL_ON_ECLIPSE1",9,19.166838,0.7691131,0.005423835,0.20901671,0.04137811,0.2411833,0.012854872,0.2742854,0.0011310617,0.20856073,0.021164807,0.23830555,0.005219105
375316653866487564,5432282371222011392,0.6195808,2237.326585299455,2.917929224261437,3.0838678E-6,16.183823,0.0053568846,0.22475377,0.0024517288,0.04863542,0.0046600457,0.23878826,0.016464317,0.7312618,0.0011742754,0.04707115,0.0026814067,0.1593853,0.01272604,0.085838325,0.007820347,0.7312618,0.0011742754,"TWOGAUSSIANS_WITH_ELLIPSOIDAL_ON_ECLIPSE2",9,13.25297,0.22552377,0.0022372187,0.27235836,0.026096255,0.4102113,0.021107059,0.7312618,0.0011742754,0.26359844,0.015015877,0.3310613,0.00531518
375316653866487564,5432282951039257984,0.4651936,2199.7397604572375,0.5165222253470874,3.4478446E-5,18.20363,0.0060827723,0.40950742,2.9548793E-4,0.008140966,0.0013936661,3.3030345,5.4218407,0.78570175,0.001172418,0.003608028,0.0010920813,0.10001111,0.018474754,0.0044179107,0.006833709,0.40950742,2.9548793E-4,"TWOGAUSSIANS_WITH_ELLIPSOIDAL_ON_ECLIPSE1",9,14.526234,0.40950742,2.9548793E-4,0.045589413,0.00780453,3.3118703,5.4224186,0.78571177,0.001163462,0.020204958,0.0061156554,0.10449549,0.014501918
375316653866487564,5432284226647937024,0.48371568,2200.590127250925,1.0115230978043517,9.056792E-6,16.983795,0.0061795614,0.18166187,0.001893431,0.0070887213,0.0027248457,0.5020457,0.058557924,0.70251685,0.0060674744,0.022326058,0.008566343,0.10626293,0.039628457,0.010106908,0.0075884424,0.70251685,0.0060674744,"TWOGAUSSIANS_WITH_ELLIPSOIDAL_ON_ECLIPSE2",9,92.6334,0.18166187,0.0018881493,0.03969684,0.015259136,0.5219144,0.058315177,0.70251685,0.0060674744,0.12502591,0.04797152,0.12647673,0.044082128
375316653866487564,5432288693413944320,0.47261018,2227.737089942798,2.4093910775209353,1.4080432E-5,16.789625,0.010996505,0.28627196,0.004086527,0.0895182,0.0101270145,0.11759865,0.010194143,0.8071482,0.0074873,0.08444202,0.024707628,0.06136774,0.008722744,null,null,null,null,"TWOGAUSSIANS",8,16.798601,0.28627196,0.004086527,0.4,0.0,0.11567123,0.0073601045,0.8071482,0.0074873,0.4,0.0,0.05944039,0.0070555722
375316653866487564,5432288727775428480,0.44495025,2231.25919223022,0.5037354876414157,2.0730848E-5,18.54196,0.009548294,0.39143136,0.041585643,0.19051702,0.086247034,0.030405337,0.009028462,0.80668294,3.9349584E-4,0.009151048,4.2161345E-4,0.22613591,0.014137748,null,null,null,null,"TWOGAUSSIANS",8,4.2413177,0.80668294,3.9349584E-4,0.05124587,0.0023610354,0.22729439,0.014268121,0.39143136,0.041585643,0.4,0.0,0.028462956,0.005414756
375316653866487564,5432289552407433344,0.5067082,2190.696081017775,4.0233660604493355,1.6553951E-5,19.94735,0.0097958855,0.24725291,0.0038459373,0.03283622,0.0068392362,0.29261738,0.03691557,0.72125006,0.0054086265,0.037081357,0.009590128,0.34364143,0.06618554,0.12885527,0.017331589,0.24725291,0.0038459373,"TWOGAUSSIANS_WITH_ELLIPSOIDAL_ON_ECLIPSE1",9,3.234497,0.72318006,0.0055554844,0.20765561,0.053704716,0.5950352,0.0779165,0.24725291,0.0038459373,0.18388283,0.038299724,0.5503273,0.03368596
375316653866487564,5432295045666756352,0.5271835,2173.762955057995,2.8883039915305186,9.996853E-6,17.168892,0.0063525042,0.2511181,0.003915687,0.08377875,0.0060188454,0.1985104,0.011401545,0.75458854,0.004057144,0.088287696,0.0055006556,0.20218988,0.007287875,null,null,null,null,"TWOGAUSSIANS",8,12.867904,0.75458854,0.004057144,0.4,0.0,0.1966482,0.0061736894,0.2511181,0.003915687,0.4,0.0,0.19296876,0.011907353
375316653866487564,5432309068738838272,0.62477946,2220.9878607146434,3.2952711724393593,2.3587738E-6,17.221895,0.0051127635,0.26695704,0.0010869013,0.04450957,0.002633602,0.24292465,0.014427338,0.7679504,0.001457669,0.04670163,0.00231937,0.34843493,0.016184486,0.12565991,0.0097352415,0.26695704,0.0010869013,"TWOGAUSSIANS_WITH_ELLIPSOIDAL_ON_ECLIPSE1",9,9.1646185,0.7679504,0.001457669,0.26152912,0.012988471,0.5997447,0.015646992,0.26695704,0.0010869013,0.24925359,0.014748171,0.49424416,0.010970156
375316653866487564,5432311714439174656,0.56816727,2201.0695458593327,1.1127120362460063,5.0003114E-6,15.426019,9.7509427E-4,0.24503292,0.0021330952,0.040353004,0.0013498097,0.15355113,0.002965622,0.74839085,0.001288406,0.038010016,0.0011259869,0.21134038,0.008356179,null,null,null,null,"TWOGAUSSIANS",8,17.299498,0.74839085,0.001288406,0.21285608,0.0063055265,0.21134038,0.008356179,0.24503292,0.0021330952,0.22597681,0.007558934,0.15355113,0.002965622
375316653866487564,5432314012243371136,0.502694,2226.5160556205415,0.06739583097044788,1.0941886E-4,18.36698,0.002677065,0.2552952,0.0014604822,0.004790507,4.6028875E-4,0.27049398,0.040495846,0.557552,0.0013879106,0.004358435,0.0029141759,0.22987728,23.055634,null,null,null,null,"TWOGAUSSIANS",8,3.2637768,0.2552952,0.0014604822,0.026826838,0.002577617,0.27049398,0.040495846,0.557552,0.0013879106,0.024407236,0.016319385,0.22987728,23.055634
375316653866487564,5432314531937274752,0.56946236,2216.166555052526,2.948781224017129,6.3555785E-6,15.227941,0.009387585,0.24777618,0.0022582982,0.08957447,0.004480308,0.3087444,0.009314804,0.7353013,0.0019556957,0.08407265,0.0039515854,0.35447568,0.009407114,null,null,null,null,"TWOGAUSSIANS",8,100.7976,0.7353013,0.0019556957,0.4,0.0,0.3460062,0.008093963,0.24777618,0.0022582982,0.4,0.0,0.30027482,0.0077302256
375316653866487564,5432315906326876672,0.62984514,2207.569778493393,1.7833068816755113,2.8689642E-6,12.797433,0.0032535656,0.27543718,0.0013881656,0.055127848,0.0027415133,0.16540761,0.009172152,0.7822129,0.001767916,0.04350492,0.010004205,0.034539375,0.008123591,0.06885174,0.005076105,0.7822129,0.001767916,"TWOGAUSSIANS_WITH_ELLIPSOIDAL_ON_ECLIPSE2",9,67.1087,0.27656716,0.0011005462,0.30871597,0.0153524745,0.30289945,0.006462745,0.7822129,0.001767916,0.24362755,0.056023546,0.17223917,0.003224055
375316653866487564,5432316353003491072,0.63911283,2212.629750812341,1.9904699109371724,1.9791078E-6,13.118536,0.0069160014,0.27097186,8.931536E-4,0.0533739,0.0062338957,0.2604125,0.014441668,0.7727335,0.0015512244,0.04323175,0.0031225744,0.27934417,0.0118331,0.15796298,0.007664346,0.27097186,8.931536E-4,"TWOGAUSSIANS_WITH_ELLIPSOIDAL_ON_ECLIPSE1",9,68.5979,0.7727335,0.0015512244,0.24209781,0.017486418,0.5952269,0.0050990707,0.27097186,8.931536E-4,0.29889384,0.03490982,0.57633394,0.022337016
375316653866487564,5432318655105959296,0.6324306,2213.3095422961587,1.7625643800732593,2.8155237E-6,13.531961,0.00853862,0.29898196,0.0019338159,0.060002275,0.006607513,0.18434034,0.016859636,0.7968203,0.001001744,0.052373525,0.004180164,0.17653546,0.019010536,0.09506423,0.011453633,0.7968203,0.001001744,"TWOGAUSSIANS_WITH_ELLIPSOIDAL_ON_ECLIPSE2",9,88.68609,0.29849198,0.0014546276,0.33601275,0.03700207,0.37441197,0.010601031,0.7968203,0.001001744,0.29329175,0.02340892,0.3666342,0.005647608
375316653866487564,5432319857696867200,0.57782847,2215.7623562103577,2.061519930892136,2.7772942E-6,13.882178,8.973282E-4,0.16654773,0.027836772,0.055681877,0.024920544,0.006294373,0.004707695,0.35881963,1.0700688E-5,0.0040874504,9.1943504E-5,0.835718,0.03960323,0.0034413855,0.0011385307,0.16654773,0.027836772,"TWOGAUSSIANS_WITH_ELLIPSOIDAL_ON_ECLIPSE1",9,58.02194,0.35881963,1.0700688E-5,0.022889724,5.1488366E-4,0.8366004,0.03977666,0.16654773,0.027836772,0.3118185,0.13955504,0.013176872,0.0045281956
375316653866487564,5432321438244856192,0.5171849,2223.9505994581104,0.06184333494086328,7.156829E-6,16.169056,0.0020509614,0.1870437,0.0013346466,0.0013013133,6.4638985E-4,0.46741077,1.0530908,0.71692336,0.0066695805,0.006210275,0.0046483995,0.050161224,0.015278254,0.0022748464,0.00242156,0.1870437,0.0013346466,"TWOGAUSSIANS_WITH_ELLIPSOIDAL_ON_ECLIPSE1",9,27.629765,0.1870437,0.0013346466,0.0072873547,0.003619783,0.47196046,1.0532501,0.71692336,0.0066695805,0.03477754,0.026031038,0.054552432,0.014577492
375316653866487564,5432328585070789632,0.6004896,2213.0003341568995,1.0200514246491712,1.8855131E-6,12.476316,0.0019333917,0.27401546,0.0037588954,0.028467426,0.0033422916,0.07460705,0.0073785237,0.7731246,9.883156E-4,0.037800327,0.0017481633,0.14022066,0.006074374,0.020843443,0.0027829555,0.27401546,0.0037588954,"TWOGAUSSIANS_WITH_ELLIPSOIDAL_ON_ECLIPSE1",9,56.906204,0.77315456,9.592159E-4,0.21168183,0.009789715,0.18190628,0.004011943,0.27401546,0.0037588954,0.15941758,0.018716833,0.11629394,0.004800965
375316653866487564,5432330337417462784,0.5467125,2205.7600065074034,0.6160219694683363,5.0122776E-6,14.932704,4.7293524E-4,0.22562373,0.0014874359,0.01863231,0.0014917679,0.04518229,0.0022645532,0.72263914,0.007958215,0.017705489,0.00879095,0.046754487,0.15560019,0.011506482,7.3389633E-4,0.22562373,0.0014874359,"TWOGAUSSIANS_WITH_ELLIPSOIDAL_ON_ECLIPSE1",9,4.334825,0.72267914,0.0079630455,0.09915073,0.049229324,0.069759436,0.15558839,0.22562373,0.0014874359,0.10434093,0.0083539,0.06819524,0.0021408203
375316653866487564,5432331707506736896,0.5362942,2181.9386232109423,1.7958014568465759,8.476818E-6,19.092302,0.006845301,0.2669309,0.002339421,0.05109812,0.0027649407,0.43682212,0.020891901,0.762575,0.0057769725,0.064475976,0.009277388,0.10665272,0.0071451697,null,null,null,null,"TWOGAUSSIANS",8,1.6625233,0.2669309,0.002339421,0.28614947,0.015483668,0.43679368,0.020887544,0.762575,0.0057769725,0.36106548,0.051953375,0.10662429,0.007113319
375316653866487564,5432336865767764352,0.6304729,2225.0393828580422,0.05962778812108344,6.1168876E-6,17.30151,0.0016603116,0.197171,0.001040445,0.02232503,0.0011800088,0.46686935,0.0066302298,0.69671655,0.0019509825,0.023394058,0.00202853,0.19087636,0.019707115,0.07483026,0.0026622196,0.197171,0.001040445,"TWOGAUSSIANS_WITH_ELLIPSOIDAL_ON_ECLIPSE1",9,4.455783,0.197171,0.001040445,0.12502016,0.006608049,0.6165296,0.0069209402,0.6967265,0.0019313883,0.13100672,0.011359769,0.3405354,0.020072972
375316653866487564,5432348651157744128,0.683533,2182.3694401292055,1.1261099273566308,1.539204E-6,8.531769,0.0016283852,0.2622816,2.7191953E-4,0.035533752,4.9727026E-4,0.5856229,0.0076371166,0.76179695,4.4875575E-4,0.03754164,5.0766475E-4,0.563153,0.0048873997,0.038424347,0.0022190926,0.2622816,2.7191953E-4,"TWOGAUSSIANS_WITH_ELLIPSOIDAL_ON_ECLIPSE1",9,56.550148,0.2622816,2.7191953E-4,0.19898902,0.0027847136,0.6624714,0.007748689,0.7618069,4.4214755E-4,0.21023318,0.0028429227,0.6400008,0.0035040928
375316653866487564,5432349681949577728,0.578895,2201.5482303715216,0.27716576050942493,3.2655837E-5,16.772535,6.616039E-4,0.28006193,0.037595775,0.049891576,0.030987633,0.0079878215,0.0038978015,0.7267371,0.0016353794,0.007608961,0.0010377504,0.37025505,0.07329952,null,null,null,null,"TWOGAUSSIANS",8,2.721006,0.7267371,0.0016353794,0.04261018,0.005811402,0.37025505,0.07329952,0.28006193,0.037595775,0.27939284,0.15394792,0.0079878215,0.0038978015
375316653866487564,5432352636887137920,0.4782131,2207.142326038742,0.3937649124508661,1.7532275E-5,14.509585,6.650144E-4,0.23419628,0.0035076346,0.00946729,0.0029517792,0.05437066,0.058763657,0.73495513,0.005304278,0.022504266,0.0054810294,0.054080594,0.016579553,0.003589482,8.969854E-4,0.23419628,0.0035076346,"TWOGAUSSIANS_WITH_ELLIPSOIDAL_ON_ECLIPSE1",9,14.43207,0.23419628,0.0035076346,0.053016823,0.016529964,0.06154961,0.059469752,0.73495513,0.005297663,0.12602389,0.030693764,0.06125938,0.016862612
375316653866487564,5432355312647869824,0.5708418,2208.7551203985636,1.712195155909283,3.4697923E-6,13.8791065,0.09597312,0.19893606,0.0036238278,0.1435089,0.012769848,0.3252402,0.08452858,0.72213364,0.0031319691,0.16617379,0.020688536,0.32302707,0.09310919,null,null,null,null,"TWOGAUSSIANS",8,20.891651,0.19543606,0.0017050924,0.4,0.0,0.17796054,0.002730707,0.72393364,0.002113403,0.4,0.0,0.16986807,0.0027699743
375316653866487564,5432355454386039552,0.55530214,2199.0764460798996,2.308030124647871,8.876027E-6,16.494585,0.017045602,0.23782338,0.004176325,0.10371559,0.009754696,0.21063566,0.016668303,0.7365282,0.0016908001,0.10949807,0.0089193005,0.18813697,0.015048384,null,null,null,null,"TWOGAUSSIANS",8,10.3968315,0.23782338,0.004185043,0.4,0.0,0.18561311,0.0049324897,0.7365282,0.0016908001,0.4,0.0,0.16310704,0.0038805183
375316653866487564,5432358821640068736,0.6724154,2203.03432624077,0.39523495132468184,2.0401867E-6,14.41859,0.0026302557,0.23636502,5.860411E-4,0.0307807,7.3666545E-4,1.3960781,0.02622279,0.73293346,0.0020639638,0.03141391,0.0018720531,0.14950882,0.011788277,0.037384614,0.003283665,0.23636502,5.860411E-4,"TWOGAUSSIANS_WITH_ELLIPSOIDAL_ON_ECLIPSE1",9,116.226616,0.23636502,5.860411E-4,0.17237191,0.0041253264,1.4708472,0.028230183,0.73306346,0.0019847457,0.1759179,0.010483498,0.22424455,0.010425428
375316653866487564,5432360878925803008,0.5421164,2211.376178884962,2.212769148804123,6.6168664E-6,18.8522,0.0071186568,0.25908366,0.005565661,0.08620291,0.006911275,0.2053162,0.011739996,0.75877494,0.001253465,0.07707916,0.002544556,0.28887907,0.0078791715,null,null,null,null,"TWOGAUSSIANS",8,1.5074562,0.75877494,0.001253465,0.4,0.0,0.28448585,0.006991905,0.25908366,0.005565661,0.4,0.0,0.20092297,0.011662713
375316653866487564,5432363460205298432,0.6158138,2200.134933442224,2.8548211871517077,1.9546246E-6,16.299673,0.010178296,0.23812906,6.359105E-4,0.05778171,0.002475539,0.3648534,0.021789089,0.7365369,0.001156913,0.063702404,0.0020141837,0.46753913,0.022703538,0.07961915,0.012978503,0.23812906,6.359105E-4,"TWOGAUSSIANS_WITH_ELLIPSOIDAL_ON_ECLIPSE1",9,25.676746,0.73669696,0.0010359919,0.35673347,0.011279428,0.62654316,0.0100431545,0.23812906,6.359105E-4,0.32357758,0.013863018,0.52387184,0.013865573
375316653866487564,5432364417978708736,0.5091478,2199.559505887461,3.0587706709371867,4.3822315E-6,19.50958,0.010446716,0.24171674,0.0037260905,0.0698239,0.0048951074,0.26894274,0.026952753,0.73875016,0.0017122488,0.06584497,0.0032661255,0.6452802,0.05396895,null,null,null,null,"TWOGAUSSIANS",8,2.4514146,0.73875016,0.0017122488,0.36873183,0.018290302,0.64443535,0.054234188,0.24171674,0.0037260905,0.39101383,0.027412603,0.26809794,0.026993219
375316653866487564,5432368442367378560,0.49918726,2185.0624032982882,0.1146440627662243,2.7482009E-5,11.939347,0.009503025,0.26506105,0.004201662,0.039342627,0.003740311,0.31426108,0.029250916,0.7559081,0.0051782504,0.050116993,0.013211494,0.06424248,0.021411939,0.0296543,0.013006475,0.7559081,0.0051782504,"TWOGAUSSIANS_WITH_ELLIPSOIDAL_ON_ECLIPSE2",9,1607.4912,0.26485103,0.004137022,0.22031872,0.02094574,0.37337786,0.017061919,0.7559081,0.0051782504,0.28065518,0.07398436,0.1235508,0.006153629
375316653866487564,5432371977121295104,0.5434014,2189.3071952532646,3.8078423271159942,5.2891437E-6,19.100006,0.011626977,0.13168895,0.005010782,0.076579876,0.0046046544,0.57392067,0.015117671,0.62818146,0.0037926673,0.07374238,0.0043538506,0.48491287,0.015243126,null,null,null,null,"TWOGAUSSIANS",8,4.690367,0.13168895,0.005010782,0.4,0.0,0.57005155,0.013985683,0.62818146,0.0037926673,0.4,0.0,0.4810438,0.014727281
375316653866487564,5432372733035616000,0.5894247,2203.428283705887,3.3009699652777167,2.781625E-6,18.367863,0.007986819,0.30355632,0.0012910062,0.042925596,0.0040312377,0.2238376,0.014313339,0.79958147,0.0027690837,0.053269234,0.004146671,0.31441662,0.019645741,0.110810906,0.01105096,0.30355632,0.0012910062,"TWOGAUSSIANS_WITH_ELLIPSOIDAL_ON_ECLIPSE1",9,4.2288294,0.8001214,0.002384941,0.29830772,0.023221357,0.5359134,0.017558854,0.30355632,0.0012910062,0.24038334,0.022574931,0.44545373,0.0118006915
