Gaia/vari_eclipsing_binary/VariEclipsingBinary_669381-669405.csv
# %ECSV 1.0
# ---
# delimiter: ','
# meta: !!omap
# - RELEASE: Gaia DR3
# - TABLE: vari_eclipsing_binary
# - DESCRIPTION: >
#     This table describes the properties of the eclipsing binaries resulting from the variability analysis. 
# - CITATION: >
#     How to cite and acknowledge Gaia: 
#     https://gea.esac.esa.int/archive/documentation/credits.html 
# - KNOWN_ISSUES: >
#     Known issues: 
#     https://www.cosmos.esa.int/web/gaia-users/known-issues 
# - DOCUMENTATION: >
#     Tutorials and documentation: 
#     https://www.cosmos.esa.int/web/gaia-users/archive 
# datatype:
# - 
#   name: solution_id
#   datatype: int64
#   description: Solution Identifier
#   meta:
#     ucd: meta.version
# - 
#   name: source_id
#   datatype: int64
#   description: Unique source identifier
#   meta:
#     ucd: meta.id;meta.main
# - 
#   name: global_ranking
#   datatype: float32
#   description: Number between 0 (worst) and 1 (best)
#   meta:
#     ucd: stat.param
# - 
#   name: reference_time
#   datatype: float64
#   unit: d
#   description: Reference time used for the geometric model fit
#   meta:
#     ucd: time.epoch
# - 
#   name: frequency
#   datatype: float64
#   unit: d**-1
#   description: Frequency of geometric model of the eclipsing binary light curve
#   meta:
#     ucd: src.orbital
# - 
#   name: frequency_error
#   datatype: float32
#   unit: d**-1
#   description: "Uncertainty of \\texttt{frequency}"
#   meta:
#     ucd: stat.error
# - 
#   name: geom_model_reference_level
#   datatype: float32
#   unit: mag
#   description: Magnitude reference level of geometric model
#   meta:
#     ucd: phot.mag;em.opt
# - 
#   name: geom_model_reference_level_error
#   datatype: float32
#   unit: mag
#   description: "Uncertainty of \\texttt{geomModelReferenceLevel}"
#   meta:
#     ucd: stat.error;phot.mag;em.opt
# - 
#   name: geom_model_gaussian1_phase
#   datatype: float32
#   description: Phase of the Gaussian 1 component
#   meta:
#     ucd: time.phase
# - 
#   name: geom_model_gaussian1_phase_error
#   datatype: float32
#   description: "Uncertainty of \\texttt{geomModelGaussian1Phase}"
#   meta:
#     ucd: stat.error;time.phase
# - 
#   name: geom_model_gaussian1_sigma
#   datatype: float32
#   description: "Standard deviation [phase] of Gaussian 1 component"
#   meta:
#     ucd: stat.stdev
# - 
#   name: geom_model_gaussian1_sigma_error
#   datatype: float32
#   description: "Uncertainty of \\texttt{geomModelGaussian1Sigma}"
#   meta:
#     ucd: stat.error
# - 
#   name: geom_model_gaussian1_depth
#   datatype: float32
#   unit: mag
#   description: Magnitude depth of Gaussian 1 component
#   meta:
#     ucd: src.var.amplitude
# - 
#   name: geom_model_gaussian1_depth_error
#   datatype: float32
#   unit: mag
#   description: "Uncertainty of \\texttt{geomModelGaussian1Depth}"
#   meta:
#     ucd: stat.error;src.var.amplitude
# - 
#   name: geom_model_gaussian2_phase
#   datatype: float32
#   description: Phase of Gaussian 2 component
#   meta:
#     ucd: time.phase
# - 
#   name: geom_model_gaussian2_phase_error
#   datatype: float32
#   description: "Uncertainty of \\texttt{geomModelGaussian2Phase}"
#   meta:
#     ucd: stat.error;time.phase
# - 
#   name: geom_model_gaussian2_sigma
#   datatype: float32
[...]
#   datatype: float32
#   description: "Secondary eclipse: uncertainty of \\texttt{derivedSecondaryEclDuration}"
#   meta:
#     ucd: stat.error;time.duration
# - 
#   name: derived_secondary_ecl_depth
#   datatype: float32
#   unit: mag
#   description: "Secondary eclipse: depth"
#   meta:
#     ucd: src.var.amplitude
# - 
#   name: derived_secondary_ecl_depth_error
#   datatype: float32
#   unit: mag
#   description: "Secondary eclipse: uncertainty of \\texttt{derivedSecondaryEclDepth}"
#   meta:
#     ucd: stat.error;src.var.amplitude
solution_id,source_id,global_ranking,reference_time,frequency,frequency_error,geom_model_reference_level,geom_model_reference_level_error,geom_model_gaussian1_phase,geom_model_gaussian1_phase_error,geom_model_gaussian1_sigma,geom_model_gaussian1_sigma_error,geom_model_gaussian1_depth,geom_model_gaussian1_depth_error,geom_model_gaussian2_phase,geom_model_gaussian2_phase_error,geom_model_gaussian2_sigma,geom_model_gaussian2_sigma_error,geom_model_gaussian2_depth,geom_model_gaussian2_depth_error,geom_model_cosine_half_period_amplitude,geom_model_cosine_half_period_amplitude_error,geom_model_cosine_half_period_phase,geom_model_cosine_half_period_phase_error,model_type,num_model_parameters,reduced_chi2,derived_primary_ecl_phase,derived_primary_ecl_phase_error,derived_primary_ecl_duration,derived_primary_ecl_duration_error,derived_primary_ecl_depth,derived_primary_ecl_depth_error,derived_secondary_ecl_phase,derived_secondary_ecl_phase_error,derived_secondary_ecl_duration,derived_secondary_ecl_duration_error,derived_secondary_ecl_depth,derived_secondary_ecl_depth_error
[from data line 37]
375316653866487564,5887947988663532800,0.5812032,2136.14596399258,3.4836215651145093,6.822449E-6,18.862652,0.0083167,0.11890837,0.0012312935,0.06382622,0.0019842023,0.7074838,0.019001754,0.6184703,0.003537571,0.0720713,0.0036737765,0.5391489,0.02087348,null,null,null,null,"TWOGAUSSIANS",8,2.936941,0.11890837,0.0012312935,0.35742682,0.011111532,0.7060968,0.01908155,0.6184703,0.003537571,0.4,0.007993851,0.537762,0.02090904
375316653866487564,5887948336573963264,0.5576578,2114.0902936801012,3.41509530233696,1.1779168E-5,19.136982,0.009225664,0.2386253,0.0035331028,0.07433733,0.0044624545,0.50088835,0.026172284,0.7442355,0.002845672,0.06957989,0.003449698,0.6964292,0.02811637,null,null,null,null,"TWOGAUSSIANS",8,2.9239655,0.7442355,0.002845672,0.3896474,0.019318309,0.69398105,0.028352942,0.2386253,0.0035331028,0.4,0.0,0.4984402,0.026530387
375316653866487564,5887948439686150016,0.5361886,2088.521504811077,2.346226731529153,3.806141E-5,19.495098,0.009032265,0.22218488,0.008789084,0.05471504,0.0047594598,0.6253071,0.094064966,0.7346317,0.0086201215,0.0639087,0.010380344,0.270017,0.013385086,null,null,null,null,"TWOGAUSSIANS",8,1.9728842,0.22218488,0.008789084,0.30640423,0.026652975,0.6252372,0.09402722,0.7346317,0.0086201215,0.35788873,0.05812993,0.26994717,0.013422787
375316653866487564,5887948710218162304,0.5636113,2190.836129970096,2.47499241807644,8.133787E-6,17.577522,0.007881673,0.29773465,0.0019686688,0.05358929,0.0070404923,0.13123727,0.01757149,0.8185162,0.021357305,0.02358402,0.014321303,0.12616992,0.05332767,0.091821745,0.011583516,0.29773465,0.0019686688,"TWOGAUSSIANS_WITH_ELLIPSOIDAL_ON_ECLIPSE1",9,4.4364514,0.29773465,0.0019686688,0.3001,0.039426755,0.314878,0.009157259,0.8185162,0.021203185,0.1320705,0.080199294,0.30669734,0.040691275
375316653866487564,5887948710218162432,0.4901871,2200.424582605709,1.3123866127371744,5.401258E-5,18.343672,0.007432904,0.29120207,0.013849285,0.048503403,0.013057274,0.1798855,0.031178262,0.80655605,0.01365672,0.07876085,0.020422237,0.057868563,0.0077525675,null,null,null,null,"TWOGAUSSIANS",8,3.0025291,0.29120207,0.013849285,0.27161905,0.073120736,0.17983878,0.031473096,0.80655605,0.01365672,0.4,0.035568777,0.05782184,0.0075585814
375316653866487564,5887948714564224896,0.6739797,2176.956002865888,0.0743167056695927,3.1582313E-5,13.533188,4.992649E-4,0.09041159,0.022902412,0.024254763,0.013330782,0.006713235,0.0039347927,0.6878964,4.1439903E-6,0.029824143,3.6290883E-5,0.23307432,4.986897E-4,null,null,null,null,"TWOGAUSSIANS",8,11.452928,0.6878964,4.1439903E-6,0.1670152,2.0322895E-4,0.23307432,4.986897E-4,0.09041159,0.022902412,0.13582668,0.074652374,0.006713235,0.0039347927
375316653866487564,5887948886329666176,0.5244414,2102.5950969307823,2.3939907106924045,3.3668945E-5,19.673937,0.018989662,0.23134229,0.008740338,0.08892642,0.011670399,0.3616491,0.03709172,0.737673,0.00803793,0.09227816,0.008472142,0.34561905,0.022872869,null,null,null,null,"TWOGAUSSIANS",8,1.8805538,0.23134229,0.008740338,0.4,0.0,0.34740263,0.03866783,0.737673,0.00803793,0.4,0.0,0.33137238,0.017849559
375316653866487564,5887949397420712960,0.649997,2134.5925691396224,2.033985001473305,4.074793E-6,17.068869,0.0053223264,0.21015655,9.4343704E-4,0.08444108,0.0019066641,0.37786755,0.006233273,0.7091575,0.0015563752,0.0936247,0.0069612493,0.3135462,0.028329687,null,null,null,null,"TWOGAUSSIANS",8,3.0372474,0.21015655,9.4343704E-4,0.4,0.0,0.3648186,0.00582696,0.7091575,0.0015563752,0.4,0.0,0.30049688,0.03220899
375316653866487564,5887950535630428032,0.55167,2179.602622467744,2.121523263296057,1.2465656E-5,17.366693,0.005805583,0.29334116,0.003938313,0.10141188,0.0073010866,0.13529555,0.005709366,0.8090423,0.008383098,0.09151792,0.012720993,0.08163976,0.005781988,null,null,null,null,"TWOGAUSSIANS",8,1.9188858,0.29334116,0.003938313,0.4,0.0,0.12934238,0.0046104863,0.8090523,0.008394114,0.4,0.0,0.07568833,0.005014828
375316653866487564,5887951188465251072,0.63504857,2173.315648362381,1.5721961150225217,5.0480958E-6,16.801828,0.0071888496,0.22971344,0.0010145799,0.05200778,0.004722443,0.1231243,0.013452577,0.7289193,0.0068104025,0.058710877,0.0085121235,0.20322509,0.016522521,0.07695197,0.0074222335,0.22971344,0.0010145799,"TWOGAUSSIANS_WITH_ELLIPSOIDAL_ON_ECLIPSE1",9,4.852382,0.72905934,0.005886759,0.3287809,0.04766789,0.35710248,0.016814418,0.22971344,0.0010145799,0.29124358,0.02644568,0.27700487,0.004361205
375316653866487564,5887951360263933312,0.5453395,2155.1342311788603,2.1547782461226888,1.589468E-5,17.251501,0.015672423,0.26263255,0.004619902,0.05199481,0.03984262,0.100983985,0.022591868,0.766374,0.023669792,0.038560968,0.026871234,0.08743733,0.101093955,0.09368468,0.021546254,0.26263255,0.004619902,"TWOGAUSSIANS_WITH_ELLIPSOIDAL_ON_ECLIPSE1",9,11.280352,0.26263255,0.004619902,0.29117095,0.22311868,0.28835225,0.03225753,0.766374,0.023669792,0.21594141,0.15047891,0.27470207,0.10531961
375316653866487564,5887951428950519936,0.46950752,2109.6904886161788,2.3834468282416372,1.4429358E-5,19.270311,0.027831461,0.28086433,0.0055523193,0.08001288,0.015055259,0.20532858,0.023340056,0.78384364,0.014072074,0.0949681,0.025608499,0.19372234,0.027700817,null,null,null,null,"TWOGAUSSIANS",8,2.8020742,0.28086433,0.005555168,0.4,0.0,0.19896695,0.015392076,0.78384364,0.014072074,0.4,0.0,0.18736032,0.018058728
375316653866487564,5887951562083383680,0.5915353,2157.6713571868527,1.6586487721982257,4.629204E-6,18.25812,0.005120682,0.3076145,0.004547617,0.08692706,0.0045660874,0.20015173,0.011573762,0.7931952,0.0018762448,0.07291447,0.0026043996,0.5249192,0.016892673,null,null,null,null,"TWOGAUSSIANS",8,3.17036,0.7931952,0.0018762448,0.4,0.0,0.52148956,0.017474063,0.3076145,0.004547617,0.4,0.0,0.19672206,0.011437412
375316653866487564,5887951772548116096,0.5032249,2117.1560301018644,2.427166776509121,2.0842737E-5,19.577723,0.016689353,0.19370331,0.009128817,0.09473375,0.013032569,0.2843922,0.041364413,0.70725083,0.004681818,0.08071085,0.006494639,0.3338402,0.026299177,null,null,null,null,"TWOGAUSSIANS",8,1.8150467,0.70725083,0.004681818,0.4,0.0,0.32543975,0.024620852,0.19370331,0.009128817,0.4,0.0,0.2759911,0.043519773
375316653866487564,5887951836961112064,0.56690097,2132.9917506473234,2.508975847938486,6.156602E-6,18.75602,0.0118656345,0.27248153,0.001531165,0.038892,0.0048648794,0.30255008,0.029872984,0.7747232,0.0029376687,0.04932569,0.0050356677,0.31260026,0.037218962,0.074796714,0.02618838,0.27248153,0.001531165,"TWOGAUSSIANS_WITH_ELLIPSOIDAL_ON_ECLIPSE1",9,3.9624207,0.7747232,0.0029376687,0.27622387,0.02819974,0.46216336,0.026594814,0.27248153,0.001531165,0.21779521,0.027243325,0.45214283,0.029113041
375316653866487564,5887951910019783040,0.5318993,2120.190282594515,1.284913573871974,2.7494749E-5,19.42409,0.005173085,0.21331997,0.0066782096,0.028123213,0.0067533543,0.66090214,0.068494536,0.7085004,0.0013759703,0.026913758,8.470359E-4,0.5753239,0.036685344,null,null,null,null,"TWOGAUSSIANS",8,2.5337796,0.21331997,0.0066782096,0.15748999,0.037818782,0.66090214,0.068494536,0.7085004,0.0013759703,0.15071705,0.004743401,0.5753239,0.036685344
375316653866487564,5887952043116704128,0.48124278,2154.75521546192,1.1476220035301001,2.2964303E-5,11.787679,0.0028404433,null,null,null,null,null,null,null,null,null,null,null,null,0.06295726,0.0045481883,0.16701572,0.004984329,"ELLIPSOIDAL",4,618.66785,null,null,null,null,null,null,null,null,null,null,null,null
375316653866487564,5887953108264985856,0.5248234,2175.3143345686854,2.580850394262211,2.1919795E-5,17.372936,0.0141371805,0.29632074,0.0060513383,0.08071395,0.0073271277,0.3158215,0.019234922,0.77885425,0.007720615,0.08802037,0.011490885,0.28770941,0.016775807,null,null,null,null,"TWOGAUSSIANS",8,19.075188,0.29632074,0.0060513383,0.4,0.0,0.31037065,0.01733085,0.77885425,0.007720615,0.4,0.0,0.28225848,0.016340194
375316653866487564,5887953451862495488,0.46241027,2112.905362417423,0.10097139299204556,3.463548E-5,19.220488,0.01820854,0.2652838,0.036180127,0.049578693,0.026249928,0.28151998,0.08162122,0.795856,0.009954077,0.06491583,0.011913598,0.2544503,0.023328315,null,null,null,null,"TWOGAUSSIANS",8,7.8013453,0.2652838,0.036180127,0.2776407,0.1469996,0.28150854,0.08161515,0.795856,0.009954077,0.36352867,0.057745475,0.25443885,0.023293491
375316653866487564,5887953696726378240,0.6414896,2135.7511728207332,2.32265245144288,3.898595E-6,16.949617,0.0049190186,0.23937593,0.0013716222,0.08705814,0.0024282944,0.39791644,0.007840942,0.7392722,0.0016554031,0.08385494,0.002021274,0.43991452,0.0085636275,null,null,null,null,"TWOGAUSSIANS",8,2.7015867,0.7392722,0.0016554031,0.4,0.0,0.4283588,0.008149998,0.23937593,0.0013716222,0.4,0.0,0.38636068,0.008295629
375316653866487564,5887953868493127808,0.5067329,2142.776422921843,2.8805362043551925,1.9993664E-5,18.788605,0.046493474,0.20520689,0.005946691,0.09749153,0.017415408,0.33031297,0.0394826,0.7329095,0.00944779,0.10319447,0.021707062,0.28946134,0.041554138,null,null,null,null,"TWOGAUSSIANS",8,4.2329717,0.20519687,0.005947524,0.4,0.0,0.3108872,0.023963902,0.7329095,0.009444887,0.4,0.0,0.27002957,0.028604437
375316653866487564,5887954929333352576,0.6280035,2147.007651500477,1.4172796367195057,4.5432826E-6,18.838102,0.0061617875,0.27833998,0.008064846,0.046252314,0.0121440105,0.109183975,0.015295801,0.7741034,0.0017835797,0.04162258,0.0019022062,0.5651541,0.009791363,null,null,null,null,"TWOGAUSSIANS",8,1.290272,0.7741034,0.0017835797,0.23308644,0.010652355,0.565154,0.009791349,0.27833998,0.008064846,0.25901297,0.068006456,0.10918394,0.015296402
375316653866487564,5887955032412598912,0.47521654,2158.2326724080276,1.6230403383716934,4.4209733E-5,18.839127,0.008926068,0.2455593,0.008671114,0.048459336,0.009299203,0.2815431,0.020085592,0.76208067,0.012877658,0.042191006,0.0105828885,0.1153807,0.04050467,null,null,null,null,"TWOGAUSSIANS",8,5.9327316,0.2455593,0.008671114,0.2713723,0.052075535,0.28154308,0.020085713,0.76208067,0.012877658,0.23626964,0.059264176,0.11538066,0.04050469
375316653866487564,5887955517762336128,0.54724234,2172.20289300174,2.438835301869243,1.7293029E-5,18.084654,0.04909085,0.35169107,0.00784913,0.10567262,0.024498546,0.24811338,0.04645938,0.8472013,0.0030882554,0.1013937,0.015628884,0.27433908,0.045194577,null,null,null,null,"TWOGAUSSIANS",8,2.645427,0.8472013,0.0030882554,0.4,0.0,0.24756804,0.010001568,0.35169107,0.007869375,0.4,0.0,0.22133833,0.012914593
375316653866487564,5887955655201309952,0.5649014,2127.2653645869905,3.6885901072077947,1.8659455E-5,18.756693,0.009450093,0.24218456,0.007119241,0.07077006,0.0055050505,0.53179157,0.043201506,0.7473405,0.0033875413,0.08074658,0.003728401,0.5507535,0.01995242,null,null,null,null,"TWOGAUSSIANS",8,3.7921834,0.7473405,0.0033875413,0.4,0.0,0.54658294,0.019962663,0.24218456,0.007119241,0.39631236,0.016911495,0.52762103,0.04358772
375316653866487564,5887955719605194624,0.46226957,2103.643584806552,0.08513335751936808,1.7509428E-4,19.11256,0.070608005,0.3303702,0.013403537,0.08120659,0.024744084,0.31041127,0.08142406,0.80410856,0.039842878,0.13129331,0.0682371,0.18780594,0.06837221,null,null,null,null,"TWOGAUSSIANS",8,3.0700965,0.33049017,0.013430259,0.4,0.035718832,0.29057017,0.07733484,0.80410856,0.039842878,0.4,0.023237742,0.16762389,0.035193574
375316653866487564,5887955758280501120,0.47087982,2099.6156411759657,0.14639744435533114,5.2920415E-5,19.342047,0.048658192,0.31534913,0.02471629,0.1459349,0.049745142,0.26408094,0.050660145,0.9106208,0.031744055,0.0067762085,0.03278516,0.079411276,0.05758849,null,null,null,null,"TWOGAUSSIANS",8,2.8648636,0.31534913,0.02471629,0.4,0.0,0.26258898,0.052372452,0.9106808,0.03115761,0.037946768,0.18359688,0.08363054,0.05247433
375316653866487564,5887955758280501504,0.50891024,2111.234601410553,2.9457941756714,1.594695E-5,19.191603,0.05385108,0.25527653,0.012549342,0.12894401,0.027499583,0.30937427,0.0517942,0.7457833,0.005182907,0.0918481,0.012756777,0.32101834,0.05083586,null,null,null,null,"TWOGAUSSIANS",8,2.1183808,0.7457833,0.005182907,0.4,0.0,0.27830818,0.020888755,0.25527653,0.012549342,0.4,0.0,0.2663155,0.046150852
375316653866487564,5887955861359701760,0.44298506,2163.173462108699,2.8853193765273857,2.3579529E-5,18.859922,0.010271407,0.25690582,0.0015697901,0.06347156,0.008946462,0.29606086,0.07789274,0.7665939,0.014344293,0.07945812,0.016502826,0.14391197,0.025729291,null,null,null,null,"TWOGAUSSIANS",8,2.6285295,0.25690582,0.0015697901,0.35544077,0.050100185,0.29538453,0.07868135,0.7665939,0.014344293,0.4,0.028484596,0.14323565,0.025845524
375316653866487564,5887955891406951296,0.49036604,2124.392406061527,0.12103323007007553,1.594232E-4,18.847467,0.012362256,0.13016571,0.01247292,0.06083641,0.01769887,0.07446184,0.033412218,0.59415555,0.016967148,0.057332113,0.016061522,0.47011086,0.11324737,null,null,null,null,"TWOGAUSSIANS",8,5.3228397,0.59415555,0.016967148,0.32105985,0.08994453,0.47009876,0.1132945,0.13016571,0.01247292,0.34068388,0.099113666,0.07444972,0.033409234
375316653866487564,5887956789103099648,0.50934607,2136.3331990558986,0.3488331252298493,2.5678273E-5,14.874878,0.006399606,0.44153342,0.02861186,0.024908267,0.010714478,1.3336278,4.7446523,0.8370006,0.015554338,0.012957976,0.019654017,0.034501735,18647.7,0.010117848,0.0078285355,0.8370006,0.015554338,"TWOGAUSSIANS_WITH_ELLIPSOIDAL_ON_ECLIPSE2",9,470.92508,0.44147342,0.028621161,0.1394863,0.060001075,1.3463229,4.745222,0.8370006,0.015554338,0.07256467,0.11006249,0.054737426,18647.695
375316653866487564,5887956960871582720,0.4591804,2158.2600666843105,3.42822839768508,4.667618E-5,18.922157,0.025079811,0.29242584,0.009266978,0.10281377,0.021296894,0.15980934,0.025517793,0.76287705,0.011549143,0.09284268,0.018169733,0.15204011,0.02498123,null,null,null,null,"TWOGAUSSIANS",8,3.2965412,0.29242584,0.009268379,0.4,0.0,0.1518092,0.017332518,0.76287705,0.011549143,0.4,0.0,0.14404438,0.013184811
375316653866487564,5887957819895449600,0.53901047,2161.2132700068105,3.0534091627269078,2.8671215E-5,18.079174,0.01284544,0.28986144,0.0051118974,0.07954729,0.008594621,0.28627855,0.018581996,0.78996307,0.0054307887,0.07445297,0.006779477,0.24354686,0.021708561,null,null,null,null,"TWOGAUSSIANS",8,6.5346427,0.28986144,0.0051118974,0.4,0.0,0.2835644,0.01889029,0.78996307,0.0054307887,0.4,0.005272298,0.24083273,0.021320181
375316653866487564,5887958502747156992,0.54500765,2114.824981155717,4.019329408984701,1.0506148E-5,19.205904,0.011111585,0.24917334,0.0065018144,0.037818886,0.0064540943,0.2553298,0.052509252,0.7312922,0.009475338,0.036089275,0.013033897,0.23385945,0.05031448,0.13875484,0.031209003,0.24917334,0.0065018144,"TWOGAUSSIANS_WITH_ELLIPSOIDAL_ON_ECLIPSE1",9,4.2249923,0.24917334,0.0065018144,0.21178578,0.036142927,0.5328392,0.064269505,0.73323214,0.0092766965,0.20209993,0.07298982,0.5082564,0.01789467
375316653866487564,5887958850658234240,0.55141824,2120.2464906909645,2.9215601769794213,1.3310863E-5,19.427296,0.009040768,0.2522194,0.009972461,0.069155514,0.006269601,0.43180773,0.022447279,0.7466682,0.003681698,0.06400038,0.0042870315,0.55872434,0.040523455,null,null,null,null,"TWOGAUSSIANS",8,2.9709554,0.7466682,0.003681698,0.35840216,0.024007376,0.5580012,0.040826682,0.2522194,0.009972461,0.3872709,0.032657165,0.4310846,0.02246213
375316653866487564,5887959572212297856,0.60716563,2112.5012890547705,0.5710893955737132,5.1417856E-6,19.310783,0.00793489,0.17776498,0.003061061,0.030977359,0.0038540629,0.23927477,0.020277197,0.676334,0.001978481,0.027296435,0.001183597,1.4208724,0.06338356,null,null,null,null,"TWOGAUSSIANS",8,2.7114959,0.676334,0.001978481,0.15286005,0.0066281436,1.4208724,0.06338356,0.17776498,0.003061061,0.17347321,0.021582752,0.23927477,0.020277197
