Gaia/vari_eclipsing_binary/VariEclipsingBinary_047558-047770.csv
# %ECSV 1.0
# ---
# delimiter: ','
# meta: !!omap
# - RELEASE: Gaia DR3
# - TABLE: vari_eclipsing_binary
# - DESCRIPTION: >
#     This table describes the properties of the eclipsing binaries resulting from the variability analysis. 
# - CITATION: >
#     How to cite and acknowledge Gaia: 
#     https://gea.esac.esa.int/archive/documentation/credits.html 
# - KNOWN_ISSUES: >
#     Known issues: 
#     https://www.cosmos.esa.int/web/gaia-users/known-issues 
# - DOCUMENTATION: >
#     Tutorials and documentation: 
#     https://www.cosmos.esa.int/web/gaia-users/archive 
# datatype:
# - 
#   name: solution_id
#   datatype: int64
#   description: Solution Identifier
#   meta:
#     ucd: meta.version
# - 
#   name: source_id
#   datatype: int64
#   description: Unique source identifier
#   meta:
#     ucd: meta.id;meta.main
# - 
#   name: global_ranking
#   datatype: float32
#   description: Number between 0 (worst) and 1 (best)
#   meta:
#     ucd: stat.param
# - 
#   name: reference_time
#   datatype: float64
#   unit: d
#   description: Reference time used for the geometric model fit
#   meta:
#     ucd: time.epoch
# - 
#   name: frequency
#   datatype: float64
#   unit: d**-1
#   description: Frequency of geometric model of the eclipsing binary light curve
#   meta:
#     ucd: src.orbital
# - 
#   name: frequency_error
#   datatype: float32
#   unit: d**-1
#   description: "Uncertainty of \\texttt{frequency}"
#   meta:
#     ucd: stat.error
# - 
#   name: geom_model_reference_level
#   datatype: float32
#   unit: mag
#   description: Magnitude reference level of geometric model
#   meta:
#     ucd: phot.mag;em.opt
# - 
#   name: geom_model_reference_level_error
#   datatype: float32
#   unit: mag
#   description: "Uncertainty of \\texttt{geomModelReferenceLevel}"
#   meta:
#     ucd: stat.error;phot.mag;em.opt
# - 
#   name: geom_model_gaussian1_phase
#   datatype: float32
#   description: Phase of the Gaussian 1 component
#   meta:
#     ucd: time.phase
# - 
#   name: geom_model_gaussian1_phase_error
#   datatype: float32
#   description: "Uncertainty of \\texttt{geomModelGaussian1Phase}"
#   meta:
#     ucd: stat.error;time.phase
# - 
#   name: geom_model_gaussian1_sigma
#   datatype: float32
#   description: "Standard deviation [phase] of Gaussian 1 component"
#   meta:
#     ucd: stat.stdev
# - 
#   name: geom_model_gaussian1_sigma_error
#   datatype: float32
#   description: "Uncertainty of \\texttt{geomModelGaussian1Sigma}"
#   meta:
#     ucd: stat.error
# - 
#   name: geom_model_gaussian1_depth
#   datatype: float32
#   unit: mag
#   description: Magnitude depth of Gaussian 1 component
#   meta:
#     ucd: src.var.amplitude
# - 
#   name: geom_model_gaussian1_depth_error
#   datatype: float32
#   unit: mag
#   description: "Uncertainty of \\texttt{geomModelGaussian1Depth}"
#   meta:
#     ucd: stat.error;src.var.amplitude
# - 
#   name: geom_model_gaussian2_phase
#   datatype: float32
#   description: Phase of Gaussian 2 component
#   meta:
#     ucd: time.phase
# - 
#   name: geom_model_gaussian2_phase_error
#   datatype: float32
#   description: "Uncertainty of \\texttt{geomModelGaussian2Phase}"
#   meta:
#     ucd: stat.error;time.phase
# - 
#   name: geom_model_gaussian2_sigma
#   datatype: float32
[...]
#   datatype: float32
#   description: "Secondary eclipse: uncertainty of \\texttt{derivedSecondaryEclDuration}"
#   meta:
#     ucd: stat.error;time.duration
# - 
#   name: derived_secondary_ecl_depth
#   datatype: float32
#   unit: mag
#   description: "Secondary eclipse: depth"
#   meta:
#     ucd: src.var.amplitude
# - 
#   name: derived_secondary_ecl_depth_error
#   datatype: float32
#   unit: mag
#   description: "Secondary eclipse: uncertainty of \\texttt{derivedSecondaryEclDepth}"
#   meta:
#     ucd: stat.error;src.var.amplitude
solution_id,source_id,global_ranking,reference_time,frequency,frequency_error,geom_model_reference_level,geom_model_reference_level_error,geom_model_gaussian1_phase,geom_model_gaussian1_phase_error,geom_model_gaussian1_sigma,geom_model_gaussian1_sigma_error,geom_model_gaussian1_depth,geom_model_gaussian1_depth_error,geom_model_gaussian2_phase,geom_model_gaussian2_phase_error,geom_model_gaussian2_sigma,geom_model_gaussian2_sigma_error,geom_model_gaussian2_depth,geom_model_gaussian2_depth_error,geom_model_cosine_half_period_amplitude,geom_model_cosine_half_period_amplitude_error,geom_model_cosine_half_period_phase,geom_model_cosine_half_period_phase_error,model_type,num_model_parameters,reduced_chi2,derived_primary_ecl_phase,derived_primary_ecl_phase_error,derived_primary_ecl_duration,derived_primary_ecl_duration_error,derived_primary_ecl_depth,derived_primary_ecl_depth_error,derived_secondary_ecl_phase,derived_secondary_ecl_phase_error,derived_secondary_ecl_duration,derived_secondary_ecl_duration_error,derived_secondary_ecl_depth,derived_secondary_ecl_depth_error
[from data line 247]
375316653866487564,418812848137901440,0.5734335,2207.204034482811,2.5907780013664037,9.367708E-6,17.095367,0.0094650285,0.28038532,0.0026585183,0.044905204,0.010384617,0.19440363,0.019476537,0.7820293,0.0066644135,0.03320104,0.007486234,0.15517467,0.019634433,0.1257078,0.011879038,0.28038532,0.0026585183,"TWOGAUSSIANS_WITH_ELLIPSOIDAL_ON_ECLIPSE1",9,19.726988,0.28038532,0.0026585183,0.25146917,0.058153857,0.445819,0.015206523,0.7820293,0.006276557,0.18592581,0.041922912,0.40656322,0.008095138
375316653866487564,418812912555361024,0.65380895,2231.5305471673496,2.433861389332152,2.6861746E-6,18.058441,0.009233815,0.2321387,0.0011720462,0.053796697,0.0041680047,0.3377613,0.020479497,0.7280549,0.0013927431,0.05200059,0.0023421685,0.36933517,0.019002775,0.120776914,0.011070254,0.2321387,0.0011720462,"TWOGAUSSIANS_WITH_ELLIPSOIDAL_ON_ECLIPSE1",9,2.3174226,0.72855484,0.0011975175,0.2912033,0.013116144,0.61073995,0.0070840083,0.2321387,0.0011720462,0.3012615,0.023340825,0.57930565,0.023848163
375316653866487564,418813535332621184,0.5804173,2172.6959862467993,0.9505907993585995,3.5594603E-6,17.334923,0.0010760567,0.23126036,0.0081440015,0.02420165,0.0038505592,0.13420722,0.03330528,0.7321332,6.4326345E-4,0.02372629,0.0013285932,0.40903917,0.021778157,null,null,null,null,"TWOGAUSSIANS",8,3.547735,0.7321332,6.4326345E-4,0.13286723,0.007440122,0.40903917,0.021778157,0.23126036,0.0081440015,0.13552925,0.021563131,0.13420722,0.03330528
375316653866487564,418815695694455168,0.42492262,2165.6696043671755,1.1793465049525087,5.4669672E-5,19.391836,0.37328643,0.2225758,0.019389741,0.1278308,0.0686865,0.22260837,0.32243016,0.7148831,0.008709579,0.13794051,0.105419874,0.2381736,0.3502862,null,null,null,null,"TWOGAUSSIANS",8,5.9214997,0.7148831,0.008709579,0.4,0.0,0.16407226,0.027205551,0.2228258,0.018815111,0.4,0.0,0.14897068,0.022805829
375316653866487564,418816382889341056,0.49201247,2204.9671252188828,3.309147715805974,9.348686E-6,19.795612,0.0077165654,0.29414108,0.0041461517,0.07616229,0.006356676,0.30594438,0.032442685,0.78700453,0.0046906406,0.0619962,0.005938331,0.39934206,0.032873906,null,null,null,null,"TWOGAUSSIANS",8,1.6885931,0.78700453,0.0046906406,0.3471787,0.033254657,0.39853004,0.03317355,0.29414108,0.0041461517,0.4,0.0,0.30513236,0.03273048
375316653866487564,418818654933506688,0.56971985,2179.5766827074476,1.3346252313752214,5.562402E-6,16.255247,0.004897118,0.22719865,0.0037652417,0.03775057,0.0043670214,0.10814011,0.018552141,0.7176074,0.0019841385,0.036229648,0.0019081418,0.5771734,0.015589083,0.040082857,0.011829048,0.22719865,0.0037652417,"TWOGAUSSIANS_WITH_ELLIPSOIDAL_ON_ECLIPSE1",9,77.86711,0.71774733,0.0019589264,0.20288602,0.010685594,0.6570523,0.013384634,0.22719865,0.0037652417,0.21140319,0.024455318,0.18830566,0.012446707
375316653866487564,418821674289509760,0.44590482,2223.7006991620146,0.3523864969270859,5.743273E-6,17.52845,0.0033353404,0.19157217,0.028527923,0.068174675,0.02195779,0.036564205,0.009987762,0.64065284,0.0035964667,0.009274633,0.0035719152,0.13599832,0.012840466,null,null,null,null,"TWOGAUSSIANS",8,9.687739,0.64065284,0.0035964667,0.051937945,0.020002726,0.13599832,0.012840466,0.19157217,0.028527923,0.38177818,0.09913595,0.036564205,0.009987762
375316653866487564,418823052979979392,0.6768487,2208.154327100229,0.6521566288785833,1.361827E-6,12.961391,0.0014149176,0.27792686,5.947471E-4,0.028231498,9.5811323E-4,0.60702264,0.024162238,0.77851415,6.9972913E-4,0.027717214,8.936089E-4,0.60496056,0.022886852,0.022724645,0.002334913,0.27792686,5.947471E-4,"TWOGAUSSIANS_WITH_ELLIPSOIDAL_ON_ECLIPSE1",9,81.41387,0.27792686,5.947471E-4,0.15809639,0.005365434,0.6524719,0.026717212,0.77851415,6.9972913E-4,0.1552164,0.00500421,0.6504092,0.023603696
375316653866487564,418824358650025728,0.6588901,2201.336465493011,2.3465629664917116,2.6969572E-6,16.928185,0.014062766,0.24699858,7.825887E-4,0.06326646,0.004380105,0.25228944,0.026394987,0.7462416,0.0018705401,0.0635296,0.0063166455,0.21926387,0.024152577,0.098794565,0.014910927,0.24699858,7.825887E-4,"TWOGAUSSIANS_WITH_ELLIPSOIDAL_ON_ECLIPSE1",9,4.5397673,0.24699858,7.825887E-4,0.3542922,0.02452859,0.44968522,0.008699592,0.7464116,0.0014148756,0.3557658,0.035373215,0.41665614,0.011198925
375316653866487564,418824530448711424,0.51708406,2210.9052329392607,3.0350795147415464,1.2156463E-5,16.97475,0.0046696435,0.24082379,0.003074917,0.03952996,0.009055328,0.041784022,0.011189892,0.7063378,0.021828508,0.061919957,0.026637042,0.038486194,0.009426971,0.06793807,0.005780144,0.24082379,0.003074917,"TWOGAUSSIANS_WITH_ELLIPSOIDAL_ON_ECLIPSE1",9,13.370594,0.24082379,0.003074917,0.22136778,0.050709836,0.177659,0.005350351,0.7244578,0.010705732,0.34675175,0.095586434,0.17131636,0.0077521526
375316653866487564,418824732306380032,0.52834034,2260.516213432403,0.424614434399763,1.3105332E-5,18.827492,0.00569211,0.19601315,0.0033361064,0.0084391115,0.0027623605,0.5197289,0.15383394,0.6939731,0.023174932,0.012146,0.054929093,0.52221745,0.5333661,null,null,null,null,"TWOGAUSSIANS",8,3.5498667,0.6939731,0.023174932,0.0680176,0.3076029,0.52221745,0.5333661,0.19601315,0.0033361064,0.047259025,0.01546922,0.5197289,0.15383394
375316653866487564,418825041544014848,0.54025614,2269.7925012037986,2.7749016971704603,6.1146084E-6,18.952738,0.0072658677,0.1716671,0.0031216606,0.05251638,0.012080283,0.102780305,0.033167016,0.65723026,0.0020681731,0.018566519,0.0038819085,0.13654424,0.029077351,0.15376255,0.009146032,0.1716671,0.0031216606,"TWOGAUSSIANS_WITH_ELLIPSOIDAL_ON_ECLIPSE1",9,4.3547254,0.65806025,0.002021761,0.10397251,0.021738688,0.44168866,0.02720112,0.1716671,0.0031216606,0.2940917,0.06764958,0.41030338,0.03081129
375316653866487564,418829061636650112,0.63969666,2205.055665212455,1.3381218919519537,3.1225202E-6,12.897035,0.011623619,0.26167,7.4712234E-4,0.065856755,0.0051072086,0.17435116,0.021156726,0.7572142,0.0033949309,0.06788784,0.007254446,0.097251534,0.024048917,0.07545574,0.012119525,0.26167,7.4712234E-4,"TWOGAUSSIANS_WITH_ELLIPSOIDAL_ON_ECLIPSE1",9,50.62557,0.26167,7.4712234E-4,0.36879784,0.028600369,0.32504568,0.0068448363,0.75882417,0.002076238,0.38017192,0.040624898,0.24787045,0.0042305947
375316653866487564,418830612118164480,0.5087898,2198.0587499512408,4.043419400318029,8.337154E-6,19.655928,0.013105078,0.24029522,0.0027997268,0.07963392,0.0043583545,0.3622473,0.014036823,0.73533773,0.0041818935,0.08957418,0.007339174,0.3222888,0.013616515,null,null,null,null,"TWOGAUSSIANS",8,1.5482275,0.24029522,0.0027997268,0.4,0.0,0.35433707,0.011500032,0.73533773,0.0041818935,0.4,0.0,0.31437847,0.012495248
375316653866487564,418831333678346240,0.5783747,2167.5760725644172,1.048952674477639,1.4958901E-5,17.467503,0.0053783297,0.22059545,0.014533607,0.024613002,0.021924108,0.13774744,915.63043,0.7142024,0.003060166,0.026218452,0.0031965275,1.4803293,0.30789357,0.015868157,0.008012013,0.22059545,0.014533607,"TWOGAUSSIANS_WITH_ELLIPSOIDAL_ON_ECLIPSE1",9,9.686426,0.71421236,0.0030545099,0.14682333,0.017900553,1.5120145,0.31546223,0.22059545,0.014533607,0.1378328,0.122775,0.16948374,915.6333
375316653866487564,418832531967142912,0.58096457,2196.963665427355,3.76319570720948,9.389887E-6,19.571234,0.012432381,0.23167263,0.0027036855,0.04005549,0.005837866,0.32628217,0.038138397,0.73342526,0.0021962603,0.042997934,0.0043451604,0.4426489,0.032465376,0.12868601,0.017460046,0.23167263,0.0027036855,"TWOGAUSSIANS_WITH_ELLIPSOIDAL_ON_ECLIPSE1",9,1.4117457,0.73342526,0.0021700137,0.24078843,0.0243329,0.6999893,0.024532737,0.23167263,0.0027036855,0.22431074,0.03269205,0.5836538,0.028410455
375316653866487564,418832536267695488,0.5499319,2209.032555330791,0.10093800785616105,6.3237403E-6,13.449529,0.06613465,0.30976194,0.0029307285,0.18566576,0.017862689,0.8065974,0.13468765,0.808219,0.002138291,0.23521045,0.0311929,0.9660436,0.071318276,null,null,null,null,"TWOGAUSSIANS",8,45.999535,0.808219,0.002138291,0.4,0.0,0.13183743,0.004700527,0.31163195,0.0039370824,0.4,0.0,0.13097781,0.0050014863
375316653866487564,418833257822627072,0.5687334,2191.344513957614,0.7711916722810321,4.2174042E-6,19.54288,0.0038413112,0.2658836,0.0014511094,0.021493986,0.0016448045,2.0573347,0.41692752,0.76327884,0.002868153,0.029734898,0.0024602606,0.24795741,0.013728017,0.041955747,0.007182007,0.2658836,0.0014511094,"TWOGAUSSIANS_WITH_ELLIPSOIDAL_ON_ECLIPSE1",9,1.0800081,0.2658836,0.0014511094,0.12036633,0.009210905,2.141246,0.42188865,0.76333886,0.0028095364,0.16651542,0.013777459,0.3318469,0.013343415
375316653866487564,418840159826910592,0.5497264,2236.4504450848262,0.8480251131325891,3.941014E-5,18.879147,0.0027195627,0.31306463,0.0039184857,0.023382181,0.0027815953,0.6783522,0.13233225,0.6162188,0.018539207,0.025099851,0.008918092,0.029451441,0.028661652,null,null,null,null,"TWOGAUSSIANS",8,1.8123496,0.31306463,0.0039184857,0.13094021,0.0155769335,0.6783522,0.13233225,0.6162188,0.018539207,0.14055917,0.049941313,0.029451441,0.028661652
375316653866487564,418857648934009216,0.4475304,2231.5435987331257,0.15149516034509874,5.4100463E-5,17.815735,0.08320982,0.2435562,0.00800771,0.107866995,0.023261964,0.32519528,0.078787684,0.73377895,0.011042727,0.11787266,0.036567654,0.25832087,0.07709465,null,null,null,null,"TWOGAUSSIANS",8,12.788263,0.2435862,0.0079821125,0.4,0.0,0.2804077,0.040917557,0.73377895,0.011042727,0.4,0.0,0.2134808,0.025782466
375316653866487564,418857648934011776,0.6025129,2292.628397924349,3.8053384140778346,5.5799424E-6,18.842403,0.010402489,0.17820144,0.0010727044,0.048921824,0.002875487,0.2798293,0.025078133,0.6798693,0.0070997565,0.05659049,0.0057842443,0.3698002,0.02926969,0.10621289,0.013702934,0.17820144,0.0010727044,"TWOGAUSSIANS_WITH_ELLIPSOIDAL_ON_ECLIPSE1",9,1.6944535,0.6798693,0.0066271676,0.31690672,0.032391768,0.5821825,0.023970775,0.17820144,0.0010727044,0.27396223,0.016102728,0.49223495,0.012651957
375316653866487564,418860505089406336,0.52685076,2216.235327328092,1.2857083801032934,1.6225287E-5,15.191382,0.005703441,0.23469578,0.0012927973,0.027515164,0.001790401,0.39435253,0.024411935,0.77727646,0.014350366,0.009581698,0.0065106717,0.27506638,0.61094224,0.008706753,0.008255371,0.77727646,0.014350366,"TWOGAUSSIANS_WITH_ELLIPSOIDAL_ON_ECLIPSE2",9,178.14479,0.23480578,0.001263016,0.15408492,0.010026245,0.410552,0.025846252,0.77727646,0.014350366,0.05365751,0.03645976,0.29247984,0.61199015
375316653866487564,418861050546308096,0.5806707,2233.2447883819245,0.4412971665270552,2.0304285E-5,17.392778,0.0016063261,0.17837122,0.0111607425,0.0448246,0.015482336,0.012106822,0.0032257666,0.47264862,2.043959E-5,0.014574223,6.321137E-5,0.45694426,0.0045982124,0.0048910542,0.0030514935,0.17837122,0.0111607425,"TWOGAUSSIANS_WITH_ELLIPSOIDAL_ON_ECLIPSE1",9,2.6746826,0.47266862,2.8309354E-5,0.08161565,3.5398366E-4,0.45768216,0.0049829357,0.17837122,0.0111607425,0.25101778,0.08670108,0.021888852,0.00397602
375316653866487564,418877032123824384,0.5410531,2234.0886892447807,0.8950124240172677,4.635021E-6,15.339311,0.002784876,0.317178,4.113003E-4,0.02117491,9.815758E-4,0.23631613,0.015083513,0.8212631,0.007972009,0.025036098,0.007959825,0.33025756,0.055941947,0.011437294,0.005049858,0.317178,4.113003E-4,"TWOGAUSSIANS_WITH_ELLIPSOIDAL_ON_ECLIPSE1",9,88.89725,0.8212631,0.007962975,0.14020215,0.04457502,0.35311708,0.056223538,0.317178,4.113003E-4,0.1185795,0.005496824,0.2591907,0.015432677
375316653866487564,418877135203047040,0.5355452,2198.585903138873,1.1503183795207979,1.4646671E-5,14.206486,0.0033812711,0.28123203,0.005604659,0.047275405,0.005039401,0.14267659,0.007732422,0.7808583,0.008548301,0.026056845,0.021060895,0.042898152,653.92804,0.0066676307,0.0039078924,0.28123203,0.005604659,"TWOGAUSSIANS_WITH_ELLIPSOIDAL_ON_ECLIPSE1",9,63.128464,0.28123203,0.005604659,0.26474226,0.028220644,0.15601172,0.002418441,0.7808683,0.008504323,0.14591832,0.117941014,0.0562332,653.9338
375316653866487564,418877169562780800,0.54159284,2221.516291865913,2.8063421571887286,1.0545696E-5,15.964575,0.006431181,0.26976588,0.0029317804,0.092092946,0.005406827,0.23927686,0.009405825,0.76630557,0.004493873,0.085110456,0.005186245,0.23609023,0.009195407,null,null,null,null,"TWOGAUSSIANS",8,38.403942,0.26976588,0.0029317804,0.4,0.0,0.23088335,0.009874561,0.76630557,0.004493873,0.4,0.0,0.22769688,0.008019535
375316653866487564,418889092393723776,0.46093377,2258.744182112959,3.3662187348074606,1.6436466E-5,14.172865,0.05737429,0.19902226,0.006253918,0.025542276,0.005143374,0.64204645,0.19967256,0.67359453,0.009594502,0.065878965,0.013792619,0.55078,0.2040373,0.1455718,0.080045015,0.67359453,0.009594502,"TWOGAUSSIANS_WITH_ELLIPSOIDAL_ON_ECLIPSE2",9,2357.8318,0.19845226,0.006105822,0.14303674,0.028802896,0.9255857,0.15110002,0.67359453,0.009594502,0.3689222,0.07182203,0.84152365,0.14155048
375316653866487564,418890363702241664,0.5769928,2272.7244246824416,1.3580045307542152,2.6012228E-6,16.405926,0.0036505798,0.2845163,3.5754382E-4,0.024077319,4.8248575E-4,0.6180993,0.013772467,0.78200126,9.5113926E-4,0.02427016,0.0013025464,0.56192815,0.055839397,0.016871314,0.0056196107,0.2845163,3.5754382E-4,"TWOGAUSSIANS_WITH_ELLIPSOIDAL_ON_ECLIPSE1",9,25.923826,0.2845163,3.5754382E-4,0.13483298,0.0027019202,0.6518419,0.012915499,0.7820113,9.5113926E-4,0.1359129,0.0072942595,0.5956624,0.05707398
375316653866487564,418892803243627136,0.48229873,2335.8384793687387,3.3756784310094528,2.7835726E-5,18.030046,0.018735597,0.2342545,0.0068426286,0.09502597,0.009348068,0.28204313,0.020038538,0.76940876,0.0073008505,0.087287165,0.014861857,0.2248699,0.015314335,null,null,null,null,"TWOGAUSSIANS",8,17.672474,0.2342545,0.0068426286,0.4,0.0,0.27524027,0.015524692,0.76940876,0.007293208,0.4,0.0,0.21806872,0.012121152
375316653866487564,418894757450367616,0.5182409,2275.901552352684,3.707555381778112,9.071519E-6,19.622444,0.0107720755,0.21788341,0.0024615738,0.070091814,0.0037545334,0.47172827,0.015813649,0.7199142,0.0070494683,0.07850143,0.009477789,0.34184274,0.023217963,null,null,null,null,"TWOGAUSSIANS",8,2.4349368,0.21788341,0.0024615738,0.39251417,0.019963492,0.46909449,0.015609016,0.7199142,0.0070494683,0.4,0.0,0.33920896,0.023796074
375316653866487564,418896234917670272,0.5898789,2295.2949607473897,4.069496442225512,5.1703723E-6,17.56965,0.01695469,0.28098863,0.0015065619,0.04634288,0.0036058426,0.41056123,0.033550657,0.78601617,0.003127449,0.0641187,0.0056386767,0.293849,0.035357315,0.10863676,0.018462542,0.28098863,0.0015065619,"TWOGAUSSIANS_WITH_ELLIPSOIDAL_ON_ECLIPSE1",9,14.53017,0.28098863,0.0015065619,0.2595201,0.020192718,0.6277279,0.010984181,0.78601617,0.003127449,0.3590647,0.03157659,0.51079893,0.017731357
375316653866487564,418899361653876992,0.55158913,2318.6844306270136,0.6696757043457053,3.196552E-5,18.007475,0.0015965329,0.12338307,0.0028399217,0.009416331,0.0027319894,0.050842993,0.09180997,0.31259134,0.0047443286,0.019206481,0.003203648,0.34740946,0.017772477,null,null,null,null,"TWOGAUSSIANS",8,2.0171802,0.31259134,0.0047443286,0.10755629,0.017940428,0.34740946,0.017772477,0.12338307,0.0028399217,0.05273145,0.0152991405,0.050842993,0.09180997
375316653866487564,418901526317472000,0.56452584,2322.892150859782,2.8177942226339985,7.73315E-6,18.09308,0.0060791736,0.25148773,0.0018397423,0.07564193,0.0024212815,0.48954964,0.010268263,0.7667559,0.0026391635,0.09639029,0.0044722734,0.20504862,0.0064162947,null,null,null,null,"TWOGAUSSIANS",8,3.2567687,0.25148773,0.0018397423,0.4,0.0,0.48294827,0.009974962,0.7667559,0.0026391635,0.4,0.0,0.19844648,0.0056112446
