Gaia/vari_eclipsing_binary/VariEclipsingBinary_596109-596253.csv
# %ECSV 1.0
# ---
# delimiter: ','
# meta: !!omap
# - RELEASE: Gaia DR3
# - TABLE: vari_eclipsing_binary
# - DESCRIPTION: >
#     This table describes the properties of the eclipsing binaries resulting from the variability analysis. 
# - CITATION: >
#     How to cite and acknowledge Gaia: 
#     https://gea.esac.esa.int/archive/documentation/credits.html 
# - KNOWN_ISSUES: >
#     Known issues: 
#     https://www.cosmos.esa.int/web/gaia-users/known-issues 
# - DOCUMENTATION: >
#     Tutorials and documentation: 
#     https://www.cosmos.esa.int/web/gaia-users/archive 
# datatype:
# - 
#   name: solution_id
#   datatype: int64
#   description: Solution Identifier
#   meta:
#     ucd: meta.version
# - 
#   name: source_id
#   datatype: int64
#   description: Unique source identifier
#   meta:
#     ucd: meta.id;meta.main
# - 
#   name: global_ranking
#   datatype: float32
#   description: Number between 0 (worst) and 1 (best)
#   meta:
#     ucd: stat.param
# - 
#   name: reference_time
#   datatype: float64
#   unit: d
#   description: Reference time used for the geometric model fit
#   meta:
#     ucd: time.epoch
# - 
#   name: frequency
#   datatype: float64
#   unit: d**-1
#   description: Frequency of geometric model of the eclipsing binary light curve
#   meta:
#     ucd: src.orbital
# - 
#   name: frequency_error
#   datatype: float32
#   unit: d**-1
#   description: "Uncertainty of \\texttt{frequency}"
#   meta:
#     ucd: stat.error
# - 
#   name: geom_model_reference_level
#   datatype: float32
#   unit: mag
#   description: Magnitude reference level of geometric model
#   meta:
#     ucd: phot.mag;em.opt
# - 
#   name: geom_model_reference_level_error
#   datatype: float32
#   unit: mag
#   description: "Uncertainty of \\texttt{geomModelReferenceLevel}"
#   meta:
#     ucd: stat.error;phot.mag;em.opt
# - 
#   name: geom_model_gaussian1_phase
#   datatype: float32
#   description: Phase of the Gaussian 1 component
#   meta:
#     ucd: time.phase
# - 
#   name: geom_model_gaussian1_phase_error
#   datatype: float32
#   description: "Uncertainty of \\texttt{geomModelGaussian1Phase}"
#   meta:
#     ucd: stat.error;time.phase
# - 
#   name: geom_model_gaussian1_sigma
#   datatype: float32
#   description: "Standard deviation [phase] of Gaussian 1 component"
#   meta:
#     ucd: stat.stdev
# - 
#   name: geom_model_gaussian1_sigma_error
#   datatype: float32
#   description: "Uncertainty of \\texttt{geomModelGaussian1Sigma}"
#   meta:
#     ucd: stat.error
# - 
#   name: geom_model_gaussian1_depth
#   datatype: float32
#   unit: mag
#   description: Magnitude depth of Gaussian 1 component
#   meta:
#     ucd: src.var.amplitude
# - 
#   name: geom_model_gaussian1_depth_error
#   datatype: float32
#   unit: mag
#   description: "Uncertainty of \\texttt{geomModelGaussian1Depth}"
#   meta:
#     ucd: stat.error;src.var.amplitude
# - 
#   name: geom_model_gaussian2_phase
#   datatype: float32
#   description: Phase of Gaussian 2 component
#   meta:
#     ucd: time.phase
# - 
#   name: geom_model_gaussian2_phase_error
#   datatype: float32
#   description: "Uncertainty of \\texttt{geomModelGaussian2Phase}"
#   meta:
#     ucd: stat.error;time.phase
# - 
#   name: geom_model_gaussian2_sigma
#   datatype: float32
[...]
#   datatype: float32
#   description: "Secondary eclipse: uncertainty of \\texttt{derivedSecondaryEclDuration}"
#   meta:
#     ucd: stat.error;time.duration
# - 
#   name: derived_secondary_ecl_depth
#   datatype: float32
#   unit: mag
#   description: "Secondary eclipse: depth"
#   meta:
#     ucd: src.var.amplitude
# - 
#   name: derived_secondary_ecl_depth_error
#   datatype: float32
#   unit: mag
#   description: "Secondary eclipse: uncertainty of \\texttt{derivedSecondaryEclDepth}"
#   meta:
#     ucd: stat.error;src.var.amplitude
solution_id,source_id,global_ranking,reference_time,frequency,frequency_error,geom_model_reference_level,geom_model_reference_level_error,geom_model_gaussian1_phase,geom_model_gaussian1_phase_error,geom_model_gaussian1_sigma,geom_model_gaussian1_sigma_error,geom_model_gaussian1_depth,geom_model_gaussian1_depth_error,geom_model_gaussian2_phase,geom_model_gaussian2_phase_error,geom_model_gaussian2_sigma,geom_model_gaussian2_sigma_error,geom_model_gaussian2_depth,geom_model_gaussian2_depth_error,geom_model_cosine_half_period_amplitude,geom_model_cosine_half_period_amplitude_error,geom_model_cosine_half_period_phase,geom_model_cosine_half_period_phase_error,model_type,num_model_parameters,reduced_chi2,derived_primary_ecl_phase,derived_primary_ecl_phase_error,derived_primary_ecl_duration,derived_primary_ecl_duration_error,derived_primary_ecl_depth,derived_primary_ecl_depth_error,derived_secondary_ecl_phase,derived_secondary_ecl_phase_error,derived_secondary_ecl_duration,derived_secondary_ecl_duration_error,derived_secondary_ecl_depth,derived_secondary_ecl_depth_error
[from data line 505]
375316653866487564,5244541276182183808,0.4905163,2219.0979119910107,3.256980412013704,4.321033E-5,16.006042,0.014526118,0.2883743,0.02056513,0.09070789,0.048145387,0.08075087,0.0137989465,0.754385,0.0061394307,0.096599445,0.015156591,0.09914204,0.013925317,null,null,null,null,"TWOGAUSSIANS",8,17.09282,0.754385,0.0061394307,0.4,0.0,0.09605946,0.007161537,0.2883743,0.02055905,0.4,0.048028257,0.07766903,0.014733049
375316653866487564,5244543161666078720,0.42951214,2188.141426279063,4.233900538639082,4.043314E-5,18.695124,0.0066894526,0.7497694,0.013158505,0.054671247,0.028523589,0.027273037,0.046127964,null,null,null,null,null,null,0.04257417,0.008960525,0.7497694,0.013158505,"ONEGAUSSIAN_WITH_ELLIPSOIDAL",6,5.547419,0.7497694,0.013158505,0.306159,0.15973209,0.11242043,0.043962456,null,null,null,null,null,null
375316653866487564,5244543196025789824,0.58477443,2192.1985487501674,1.2048839401452416,2.950137E-5,17.96271,0.0045632967,0.31412616,0.0045377705,0.029028183,0.002678348,0.7313058,0.0539106,0.81984454,9.603215E-5,0.009987137,8.63551E-4,0.15386774,0.0028913708,0.030434126,0.0067741214,0.31412616,0.0045377705,"TWOGAUSSIANS_WITH_ELLIPSOIDAL_ON_ECLIPSE1",9,6.9899516,0.31412616,0.0045377705,0.16255783,0.014998748,0.79217404,0.05189645,0.81984454,9.603215E-5,0.05592797,0.0048358855,0.21465744,0.011019927
375316653866487564,5244544093680423680,0.5849407,2212.5139234169446,2.5361116320532116,1.1014766E-5,15.393958,0.03817927,0.16551004,0.004404047,0.051122338,0.017878251,0.20859183,0.073717974,0.6729908,0.008410714,0.056437816,0.009815671,0.24465299,0.08336142,0.1194572,0.040589087,0.16551004,0.004404047,"TWOGAUSSIANS_WITH_ELLIPSOIDAL_ON_ECLIPSE1",9,129.41246,0.6729908,0.008319864,0.31605178,0.054967757,0.48303118,0.032805707,0.16551004,0.004404047,0.2862851,0.100118205,0.44749746,0.013493541
375316653866487564,5244545188890724096,0.51778764,2210.639914382334,0.42646527027938164,2.6589842E-4,18.912895,0.0055783424,0.31523868,0.022316279,0.022739334,0.01647374,0.4613329,937.2864,0.690217,0.022503076,0.09581789,0.02981241,0.04985477,0.03081969,null,null,null,null,"TWOGAUSSIANS",8,1.9425946,0.31523868,0.022316279,0.12734027,0.09225295,0.4613563,937.2864,0.690217,0.022503076,0.4,0.0,0.04985462,0.03082294
375316653866487564,5244548624860706176,0.5306237,2245.352638415008,3.9903639905555393,2.0004674E-5,18.281282,0.17846219,0.30545387,0.0056820335,0.13087603,0.034684125,0.30464032,0.17369345,0.8225517,0.0057320613,0.13110171,0.040019568,0.27156943,0.16996355,null,null,null,null,"TWOGAUSSIANS",8,2.6780152,0.30515388,0.0050475174,0.4,0.0,0.2231039,0.013438169,0.82292175,0.004836058,0.4,0.0,0.19007322,0.010715905
375316653866487564,5244549144563200000,0.47107258,2227.647950530106,0.1435350205284514,1.4876756E-5,18.654812,0.0155787375,0.25687724,0.014514851,0.082254216,0.0137162125,0.34469914,0.08356085,0.70327574,0.004150149,0.029478885,0.0051178327,0.45250046,0.074166454,null,null,null,null,"TWOGAUSSIANS",8,22.130634,0.70327574,0.004150149,0.16508175,0.028659863,0.45249754,0.07416953,0.25687724,0.014514851,0.4,0.0,0.3446961,0.08356623
375316653866487564,5244551515385073536,0.6112246,2194.8186303963944,1.5024616559313984,1.1047277E-5,14.039688,0.006314439,0.18174641,0.0015729939,0.0876489,0.003249627,0.23175122,0.006303858,0.69813335,0.004334259,0.09229583,0.0050034826,0.21240999,0.007935466,null,null,null,null,"TWOGAUSSIANS",8,32.752575,0.18174641,0.0015729939,0.4,0.0,0.22453831,0.00505559,0.69813335,0.004334259,0.4,0.0,0.20519689,0.005791715
375316653866487564,5244551687183771392,0.55191237,2218.34057386576,2.8206148507518134,2.3271237E-5,17.374401,0.0231941,0.26314077,0.0047676614,0.062675774,0.006453999,0.593112,0.031987265,0.7822143,0.0091077015,0.09065538,0.012997369,0.32795003,0.028790588,null,null,null,null,"TWOGAUSSIANS",8,40.53508,0.26314077,0.0047676614,0.35098433,0.036142394,0.59047204,0.030533474,0.7822143,0.0091077015,0.4,0.0,0.3253098,0.0271198
375316653866487564,5244551889036022144,0.47277048,2237.7908896971626,4.262528613906501,3.415083E-5,18.1006,0.006795714,0.29841816,0.009175701,0.08860101,0.022712894,0.075967565,0.016611082,0.7939283,0.02601065,0.07520765,0.019608721,0.081737734,0.016599445,null,null,null,null,"TWOGAUSSIANS",8,1.5208409,0.7939283,0.02601065,0.4,0.070878014,0.0803737,0.015225991,0.29841816,0.009175701,0.4,0.0,0.074603505,0.018929064
375316653866487564,5244554431657286272,0.51786804,2208.3100672720852,3.615354997734112,1.7010689E-5,17.985834,0.02370361,0.16381651,0.004814877,0.09454602,0.009807439,0.2944186,0.02453113,0.62871,0.004966177,0.09341512,0.009514774,0.35328653,0.024054661,null,null,null,null,"TWOGAUSSIANS",8,14.488734,0.62871,0.004966177,0.4,0.0,0.34209055,0.01982922,0.16381651,0.0048178798,0.4,0.0,0.28322244,0.017525483
375316653866487564,5244554706535338752,0.52726656,2221.2660655232226,0.039929920856719536,2.2084205E-5,18.060684,0.0016860357,0.16679198,2.4925874E-4,0.0046786605,2.7999046E-4,0.5270758,0.112083904,0.67108715,0.0057269502,0.027279247,0.005426694,0.01191073,0.0021697842,null,null,null,null,"TWOGAUSSIANS",8,1.081888,0.16679198,2.4925874E-4,0.0262005,0.0015679466,0.5270758,0.112083904,0.67108715,0.0057269502,0.15276377,0.030389488,0.01191073,0.0021697842
375316653866487564,5244555428089794432,0.46886384,2197.6697209105146,1.5754229917788785,1.3549725E-5,18.680597,0.009679269,0.3258424,0.0014202904,0.03360147,0.0020598653,0.3382408,0.021327365,0.8343034,0.0034736048,0.04775729,0.0042179,0.22790724,0.013871659,null,null,null,null,"TWOGAUSSIANS",8,12.105942,0.3258424,0.0014202904,0.18816823,0.011535245,0.3382408,0.021327365,0.8343034,0.0034736048,0.26744083,0.02362024,0.22790724,0.013871658
375316653866487564,5244556905558548992,0.5936693,2226.447708358461,3.1444333057432363,8.087934E-6,18.900679,0.013539391,0.24297673,0.0058253603,0.046427544,0.0064768256,0.34044454,0.07927702,0.7455971,0.0047843447,0.04806129,0.0052339686,0.41256797,0.037317414,0.11337881,0.018996503,0.7455971,0.0047843447,"TWOGAUSSIANS_WITH_ELLIPSOIDAL_ON_ECLIPSE2",9,3.0736208,0.7455971,0.0047843447,0.26914322,0.029310225,0.63932484,0.025932714,0.24324672,0.004968132,0.25999424,0.036270224,0.5671462,0.0799428
375316653866487564,5244557322180875904,0.5449937,2225.238071780305,2.4636464493707955,1.4322862E-5,14.943249,0.007320843,0.73902357,0.002012387,0.04409691,0.002970486,0.3892813,0.017886253,null,null,null,null,null,null,0.03508396,0.011000662,0.73902357,0.002012387,"ONEGAUSSIAN_WITH_ELLIPSOIDAL",6,425.6904,0.73902357,0.002012387,0.24694268,0.016634721,0.45944917,0.01962584,null,null,null,null,null,null
375316653866487564,5244557558393530624,0.5981135,2210.4015285751025,0.48816734566800896,2.2371567E-6,18.671503,0.002499553,0.18727054,0.051118545,0.053569272,0.052167274,0.016781898,0.7788432,0.7844033,7.883887E-4,0.016969606,0.0012639329,0.6674602,0.07275256,null,null,null,null,"TWOGAUSSIANS",8,1.1506459,0.7844033,7.883887E-4,0.09502979,0.007078024,0.6674602,0.07275256,0.18727054,0.051118545,0.2999879,0.29213673,0.016781898,0.7788432
375316653866487564,5244558215533918592,0.6555871,2195.020710813541,2.235280867050203,2.9868456E-6,14.241654,0.007492164,0.22397387,0.0014282855,0.11759904,0.0035807583,0.22526781,0.0072098966,0.7209502,8.092496E-4,0.109776646,0.0030994627,0.23208618,0.0071047097,null,null,null,null,"TWOGAUSSIANS",8,7.926211,0.7209502,8.092496E-4,0.4,0.0,0.19262065,0.002307919,0.22397387,0.0014340595,0.4,0.0,0.1857631,0.0016451081
375316653866487564,5244558524771752320,0.5679247,2209.622745550317,3.0875605400560175,1.0643733E-5,16.926485,0.017945899,0.2770657,0.0013969685,0.087447636,0.0038445888,0.46819672,0.015930597,0.78160965,0.0076850257,0.09649251,0.010294138,0.4744683,0.020448573,null,null,null,null,"TWOGAUSSIANS",8,15.876399,0.78160965,0.0076850257,0.4,0.0,0.45258552,0.014990823,0.2770657,0.0013969685,0.4,0.0,0.44631535,0.008920783
375316653866487564,5244562815434021888,0.56368804,2167.92825479019,2.714712811320186,8.9930745E-6,19.114653,0.015192017,0.27883205,0.0018456415,0.075883724,0.004649234,0.52213055,0.035296705,0.7796067,0.004994024,0.07341674,0.007887481,0.49117556,0.06937194,null,null,null,null,"TWOGAUSSIANS",8,3.0682003,0.27883205,0.0018456415,0.4,0.0,0.5184767,0.035542943,0.7796067,0.004994024,0.4,0.02788509,0.48752177,0.0707918
375316653866487564,5244563060252856320,0.5307692,2191.5110822056663,3.116227671246967,1.6502838E-5,17.41531,0.035621624,0.15490842,0.014383899,0.038905036,0.034626592,0.11091546,0.051500965,0.69009537,0.0034445012,0.06773363,0.056436807,0.055215877,0.41696957,0.123065,0.037873164,0.69009537,0.0034445012,"TWOGAUSSIANS_WITH_ELLIPSOIDAL_ON_ECLIPSE2",9,21.232307,0.16226843,0.015149594,0.2178682,0.19390891,0.34756905,0.035940558,0.69009537,0.0034445012,0.37930834,0.27773234,0.3012843,0.413514
375316653866487564,5244565323694192896,0.49825382,2187.5375265907833,3.107896275965626,1.8469162E-5,19.355099,0.011260401,0.34939587,0.008829302,0.075482786,0.011606195,0.39087218,0.044081785,0.8474852,0.004060443,0.06804389,0.0073755104,0.31784388,0.038885288,null,null,null,null,"TWOGAUSSIANS",8,3.437622,0.34939587,0.008829302,0.4,0.015758801,0.38930762,0.045266863,0.8474852,0.004060443,0.3810458,0.03502841,0.31627932,0.03960385
375316653866487564,5244565774676258432,0.48768204,2220.4663534110127,3.528173671019763,4.1889925E-5,16.107878,0.017852219,0.1969313,0.009037293,0.07071159,0.01342904,0.07139478,0.045165922,0.69474405,0.002623115,0.043418072,0.010508479,0.10205362,0.036273364,0.016531436,0.019423941,0.1969313,0.009037293,"TWOGAUSSIANS_WITH_ELLIPSOIDAL_ON_ECLIPSE1",9,30.665915,0.694844,0.0023876424,0.2431412,0.05884748,0.13498078,0.006460982,0.1969313,0.009037293,0.39598492,0.054176047,0.104327895,0.020624766
375316653866487564,5244566221352839808,0.62039375,2193.452010618641,0.5366002019048403,1.5545076E-5,16.687082,0.0053999745,0.12571357,0.0043324092,0.036330722,0.0074482397,0.11873038,0.020894937,0.617178,0.0025185356,0.034886993,0.0033506004,0.80479616,0.022552762,0.01842269,0.008693829,0.12571357,0.0043324092,"TWOGAUSSIANS_WITH_ELLIPSOIDAL_ON_ECLIPSE1",9,24.696577,0.617218,0.0025136578,0.19536716,0.018763363,0.84153605,0.020463392,0.12571357,0.0043324092,0.20345205,0.041710142,0.15557572,0.022567779
375316653866487564,5244567866315409536,0.57241154,2208.4279115600166,3.2780704578663786,1.27322255E-5,19.633505,0.008777602,0.2186084,0.0035590155,0.07025435,0.0027938671,0.7378292,0.021868983,0.7299586,0.0046742526,0.069571055,0.004416683,0.5729969,0.02804678,null,null,null,null,"TWOGAUSSIANS",8,1.8031783,0.2186084,0.0035590155,0.39342433,0.011128634,0.73620725,0.021687027,0.7299586,0.0046742526,0.38959792,0.024733424,0.5713749,0.028192662
375316653866487564,5244571512752361088,0.5658669,2203.123548481533,2.2127270776946393,8.216823E-6,17.311846,0.006361542,0.23061793,0.0032142757,0.099016115,0.0053801904,0.18400493,0.008453811,0.72889185,0.0025577005,0.09328107,0.0040072417,0.24285811,0.007568334,null,null,null,null,"TWOGAUSSIANS",8,3.363944,0.72889185,0.0025577005,0.4,0.0,0.22889976,0.006283203,0.23061793,0.0032142757,0.4,0.0,0.17004578,0.008239725
375316653866487564,5244574085428255232,0.5361749,2168.769181778392,1.8124185575124596,9.8543605E-6,18.904167,0.004481267,0.21744688,0.0015316335,0.048271768,0.0020509013,0.60542077,0.046385307,0.70783955,0.011343476,0.05264254,0.012049534,0.13672864,0.035158202,null,null,null,null,"TWOGAUSSIANS",8,3.2062604,0.21744688,0.0015316335,0.27032188,0.011485048,0.60541916,0.04638599,0.70783955,0.011343476,0.29479823,0.06747739,0.13672705,0.03515947
375316653866487564,5244578277316565120,0.507171,2151.184602096806,0.7954704814674813,1.6180033E-5,19.83467,0.007739598,0.4871398,0.0044868365,0.014742328,0.0038831208,0.6115189,0.15463312,0.74140245,0.0039667524,0.023060089,0.0034899514,0.15019858,0.061681885,null,null,null,null,"TWOGAUSSIANS",8,2.4092598,0.4871398,0.0044868365,0.08255704,0.021745477,0.6115189,0.15463312,0.74140245,0.0039667524,0.1291365,0.019543728,0.15019858,0.061681885
375316653866487564,5244579892224424064,0.47505295,2189.1507805137885,1.1614636867726131,7.682158E-5,18.348375,0.006932881,0.2393872,0.005442803,0.02692609,0.0050513446,0.19907735,0.04364738,0.8111444,0.102154166,0.050551552,0.052864935,0.042038903,0.035228875,0.020052113,0.015571934,0.2393872,0.005442803,"TWOGAUSSIANS_WITH_ELLIPSOIDAL_ON_ECLIPSE1",9,6.9262824,0.2393872,0.005442803,0.1507861,0.02828753,0.23918156,0.0431498,0.8111444,0.102154166,0.28308868,0.20217292,0.07452843,0.043418705
375316653866487564,5244581580155835392,0.57583076,2198.1766303570353,1.5252117973972747,1.1423148E-5,15.526074,5.314976E-4,0.25776485,0.002047566,0.03555203,0.0042280136,0.05831441,0.0033938778,0.9185317,0.012038308,0.025751032,0.0066725025,0.007143114,0.002626955,0.01181874,8.674544E-4,0.25776485,0.002047566,"TWOGAUSSIANS_WITH_ELLIPSOIDAL_ON_ECLIPSE1",9,2.064181,0.25776485,0.002047566,0.19909136,0.023676878,0.08195183,0.003617053,0.9185317,0.012038308,0.14420578,0.037366014,0.0138268005,0.0023100069
375316653866487564,5244583263781753088,0.55171657,2231.43700795629,3.905852366865998,6.0163497E-6,18.342646,0.009937616,0.23627289,0.0041297665,0.07253303,0.0072061773,0.3105763,0.01752229,0.743163,0.0026396832,0.06839661,0.0049614497,0.3607393,0.013705335,null,null,null,null,"TWOGAUSSIANS",8,4.2046394,0.743163,0.0026396832,0.38302106,0.027784117,0.3597034,0.0138417445,0.23627289,0.0041297665,0.4,0.020063527,0.3095404,0.017794102
375316653866487564,5244583504299930112,0.6142563,2187.6324585298116,2.387936481380921,6.4687865E-6,17.169512,0.008186481,0.3020328,0.002883486,0.076605454,0.0039468207,0.4579958,0.011244746,0.7992936,0.0038161806,0.07450284,0.0037899136,0.494365,0.013359399,null,null,null,null,"TWOGAUSSIANS",8,10.39554,0.7992936,0.0038161806,0.4,0.0,0.49060997,0.012565368,0.3020328,0.002883486,0.4,0.0,0.45424077,0.01099294
375316653866487564,5244583950976432256,0.6721475,2201.393728631696,0.8807961375028844,5.3011436E-6,15.534258,0.0015499378,0.29705647,0.0030402718,0.05013262,0.0019204004,0.5813933,0.056305565,0.7814987,0.00437775,0.04517033,0.0034267067,0.073014274,0.0053170794,0.011328049,0.002715406,0.29705647,0.0030402718,"TWOGAUSSIANS_WITH_ELLIPSOIDAL_ON_ECLIPSE1",9,8.354485,0.29705647,0.0030402718,0.28074268,0.010754243,0.6040471,0.055643424,0.78223866,0.0041710343,0.25295386,0.019189557,0.095462434,0.0041591167
375316653866487564,5244585084847923968,0.59959877,2219.220080069908,2.570678578813672,3.7226052E-6,17.04693,0.005599795,0.25849152,0.0016310944,0.08002827,0.0023634399,0.3263113,0.010548355,0.765971,0.0025640875,0.08085582,0.00315078,0.2892878,0.0062556583,null,null,null,null,"TWOGAUSSIANS",8,4.869077,0.25849152,0.0016310944,0.4,0.0,0.32206768,0.01048162,0.765971,0.0025640875,0.4,0.0,0.2850442,0.0055738636
375316653866487564,5244585325355320576,0.5022349,2221.5557605579534,1.4459191304348245,1.5328636E-5,18.36449,0.008319229,0.28266838,0.00943694,0.06651694,0.015984122,0.16445766,0.020353502,0.77150005,0.003072976,0.070814334,0.009248225,0.07213281,0.007991523,null,null,null,null,"TWOGAUSSIANS",8,2.8457134,0.28266838,0.00943694,0.37249488,0.06791765,0.16424845,0.02057962,0.77150005,0.003072976,0.39656025,0.029903902,0.0719236,0.007573556
375316653866487564,5244585836461861376,0.51290846,2187.460194026249,3.8268509938543964,1.5023898E-5,18.936218,0.00765862,0.22563419,0.0052168844,0.030859048,0.007728449,0.1694518,0.11731083,0.7212794,0.011991316,0.041367996,0.020189486,0.110776946,0.050749164,0.120480165,0.012352498,0.22563419,0.0052168844,"TWOGAUSSIANS_WITH_ELLIPSOIDAL_ON_ECLIPSE1",9,3.5395381,0.22563419,0.0052168844,0.17281066,0.043279316,0.4104119,0.11578183,0.72226936,0.007264292,0.23166078,0.11306112,0.35159764,0.05546725
