Gaia/vari_eclipsing_binary/VariEclipsingBinary_485341-485363.csv
# %ECSV 1.0
# ---
# delimiter: ','
# meta: !!omap
# - RELEASE: Gaia DR3
# - TABLE: vari_eclipsing_binary
# - DESCRIPTION: >
#     This table describes the properties of the eclipsing binaries resulting from the variability analysis. 
# - CITATION: >
#     How to cite and acknowledge Gaia: 
#     https://gea.esac.esa.int/archive/documentation/credits.html 
# - KNOWN_ISSUES: >
#     Known issues: 
#     https://www.cosmos.esa.int/web/gaia-users/known-issues 
# - DOCUMENTATION: >
#     Tutorials and documentation: 
#     https://www.cosmos.esa.int/web/gaia-users/archive 
# datatype:
# - 
#   name: solution_id
#   datatype: int64
#   description: Solution Identifier
#   meta:
#     ucd: meta.version
# - 
#   name: source_id
#   datatype: int64
#   description: Unique source identifier
#   meta:
#     ucd: meta.id;meta.main
# - 
#   name: global_ranking
#   datatype: float32
#   description: Number between 0 (worst) and 1 (best)
#   meta:
#     ucd: stat.param
# - 
#   name: reference_time
#   datatype: float64
#   unit: d
#   description: Reference time used for the geometric model fit
#   meta:
#     ucd: time.epoch
# - 
#   name: frequency
#   datatype: float64
#   unit: d**-1
#   description: Frequency of geometric model of the eclipsing binary light curve
#   meta:
#     ucd: src.orbital
# - 
#   name: frequency_error
#   datatype: float32
#   unit: d**-1
#   description: "Uncertainty of \\texttt{frequency}"
#   meta:
#     ucd: stat.error
# - 
#   name: geom_model_reference_level
#   datatype: float32
#   unit: mag
#   description: Magnitude reference level of geometric model
#   meta:
#     ucd: phot.mag;em.opt
# - 
#   name: geom_model_reference_level_error
#   datatype: float32
#   unit: mag
#   description: "Uncertainty of \\texttt{geomModelReferenceLevel}"
#   meta:
#     ucd: stat.error;phot.mag;em.opt
# - 
#   name: geom_model_gaussian1_phase
#   datatype: float32
#   description: Phase of the Gaussian 1 component
#   meta:
#     ucd: time.phase
# - 
#   name: geom_model_gaussian1_phase_error
#   datatype: float32
#   description: "Uncertainty of \\texttt{geomModelGaussian1Phase}"
#   meta:
#     ucd: stat.error;time.phase
# - 
#   name: geom_model_gaussian1_sigma
#   datatype: float32
#   description: "Standard deviation [phase] of Gaussian 1 component"
#   meta:
#     ucd: stat.stdev
# - 
#   name: geom_model_gaussian1_sigma_error
#   datatype: float32
#   description: "Uncertainty of \\texttt{geomModelGaussian1Sigma}"
#   meta:
#     ucd: stat.error
# - 
#   name: geom_model_gaussian1_depth
#   datatype: float32
#   unit: mag
#   description: Magnitude depth of Gaussian 1 component
#   meta:
#     ucd: src.var.amplitude
# - 
#   name: geom_model_gaussian1_depth_error
#   datatype: float32
#   unit: mag
#   description: "Uncertainty of \\texttt{geomModelGaussian1Depth}"
#   meta:
#     ucd: stat.error;src.var.amplitude
# - 
#   name: geom_model_gaussian2_phase
#   datatype: float32
#   description: Phase of Gaussian 2 component
#   meta:
#     ucd: time.phase
# - 
#   name: geom_model_gaussian2_phase_error
#   datatype: float32
#   description: "Uncertainty of \\texttt{geomModelGaussian2Phase}"
#   meta:
#     ucd: stat.error;time.phase
# - 
#   name: geom_model_gaussian2_sigma
#   datatype: float32
[...]
#   datatype: float32
#   description: "Secondary eclipse: uncertainty of \\texttt{derivedSecondaryEclDuration}"
#   meta:
#     ucd: stat.error;time.duration
# - 
#   name: derived_secondary_ecl_depth
#   datatype: float32
#   unit: mag
#   description: "Secondary eclipse: depth"
#   meta:
#     ucd: src.var.amplitude
# - 
#   name: derived_secondary_ecl_depth_error
#   datatype: float32
#   unit: mag
#   description: "Secondary eclipse: uncertainty of \\texttt{derivedSecondaryEclDepth}"
#   meta:
#     ucd: stat.error;src.var.amplitude
solution_id,source_id,global_ranking,reference_time,frequency,frequency_error,geom_model_reference_level,geom_model_reference_level_error,geom_model_gaussian1_phase,geom_model_gaussian1_phase_error,geom_model_gaussian1_sigma,geom_model_gaussian1_sigma_error,geom_model_gaussian1_depth,geom_model_gaussian1_depth_error,geom_model_gaussian2_phase,geom_model_gaussian2_phase_error,geom_model_gaussian2_sigma,geom_model_gaussian2_sigma_error,geom_model_gaussian2_depth,geom_model_gaussian2_depth_error,geom_model_cosine_half_period_amplitude,geom_model_cosine_half_period_amplitude_error,geom_model_cosine_half_period_phase,geom_model_cosine_half_period_phase_error,model_type,num_model_parameters,reduced_chi2,derived_primary_ecl_phase,derived_primary_ecl_phase_error,derived_primary_ecl_duration,derived_primary_ecl_duration_error,derived_primary_ecl_depth,derived_primary_ecl_depth_error,derived_secondary_ecl_phase,derived_secondary_ecl_phase_error,derived_secondary_ecl_duration,derived_secondary_ecl_duration_error,derived_secondary_ecl_depth,derived_secondary_ecl_depth_error
[from data line 38]
375316653866487564,4269113104716523008,0.45048708,2087.7785925899702,4.058163571337322,4.173488E-5,19.347466,0.15919764,0.29070902,0.069482945,0.11579511,0.10710994,0.19800673,0.11632117,0.5688191,0.2681241,0.14188832,0.24452257,0.11460559,0.21358305,null,null,null,null,"TWOGAUSSIANS",8,1.8929771,0.309839,0.05560381,0.4,0.10505817,0.21127789,0.1444934,0.5688191,0.2681241,0.4,0.074400246,0.11996291,0.061874237
375316653866487564,4269113310876251648,0.55955607,2095.729801016468,1.2901690606604554,3.3799406E-5,19.774761,0.00658327,0.25917935,0.0031760985,0.06700966,0.0037901863,0.4839604,0.019059366,0.69265056,0.03757138,0.07111833,0.029996948,0.14302021,0.025263973,null,null,null,null,"TWOGAUSSIANS",8,1.0331479,0.25917935,0.0031760985,0.3752541,0.021225043,0.483847,0.019079985,0.69265056,0.03757138,0.39826265,0.1459529,0.14290681,0.025310658
375316653866487564,4269113968060246656,0.43305397,2130.449958812323,2.1579207785771155,9.800453E-5,18.621202,0.026094425,0.22235236,0.032849252,0.031293873,0.052998,0.19918865,0.16336606,0.77346593,0.0024206114,0.007840587,0.0241493,1.9328212,10.091176,0.09943322,0.038273714,0.77346593,0.0024206114,"TWOGAUSSIANS_WITH_ELLIPSOIDAL_ON_ECLIPSE2",9,29.160732,0.77346593,0.0024206114,0.04390729,0.13523608,2.1316876,10.092013,0.22583236,0.035236605,0.17524569,0.29483524,0.3795394,0.18525034
375316653866487564,4269114032426359168,0.52500105,2127.2257887964925,1.3164644753427497,2.171133E-5,18.494072,0.006735981,0.30862218,0.0038440095,0.06897813,0.0038934108,0.20993024,0.009238436,0.7782526,0.009670966,0.05612812,0.017941494,0.05282009,0.0090599805,null,null,null,null,"TWOGAUSSIANS",8,2.5818372,0.30862218,0.0038440095,0.38627753,0.020609317,0.20990239,0.009193164,0.7782526,0.009670966,0.31431746,0.10047237,0.05279223,0.009049983
375316653866487564,4269115170651290496,0.4352123,2135.659262914984,0.556935514776088,3.332478E-5,17.286808,0.009248941,0.18387961,3.4133432E-4,0.009235054,0.001901618,0.43482885,0.38327584,0.5425399,0.009187524,0.046446893,0.008576328,0.20168395,0.034824245,null,null,null,null,"TWOGAUSSIANS",8,39.59219,0.18387961,3.4133432E-4,0.051716305,0.010649061,0.43482885,0.38327584,0.5425399,0.009187524,0.2601026,0.048027437,0.20168395,0.034824245
375316653866487564,4269115205027217792,0.5554755,2137.095825985946,0.26136511168425414,3.4403517E-6,16.630241,0.0013054439,0.42222512,4.8754115E-5,0.010244048,9.439808E-5,0.19766544,0.0015998945,0.9223122,5.460349E-4,0.0079862075,6.1491993E-4,0.07238669,0.001450297,null,null,null,null,"TWOGAUSSIANS",8,3.8825917,0.42222512,4.8754115E-5,0.057366673,5.286292E-4,0.19766544,0.0015998945,0.9223122,5.460349E-4,0.044722766,0.0034435517,0.07238669,0.001450297
375316653866487564,4269115445529346304,0.55472547,2105.637370687555,1.9997992708367678,7.3704537E-6,19.671122,0.053583663,0.06386453,0.004687675,0.12263515,0.023188725,0.26611537,0.05287001,0.5317035,0.0043662274,0.094432,0.008304453,0.5393155,0.053902384,null,null,null,null,"TWOGAUSSIANS",8,0.9781045,0.5317035,0.0043662274,0.4,0.0,0.50476295,0.027487762,0.06387453,0.004694459,0.4,0.0,0.23135966,0.023537034
375316653866487564,4269115479889846656,0.4823151,2128.141758145034,1.392421748383252,5.1795047E-5,19.647272,0.008758615,0.26530966,0.012911951,0.06573307,0.020964524,0.15493087,0.026060516,0.7850361,0.005215929,0.06605636,0.004930906,0.39441267,0.055963024,null,null,null,null,"TWOGAUSSIANS",8,1.9382249,0.7850361,0.005215929,0.36991563,0.027613074,0.39420646,0.05601715,0.26530966,0.012911951,0.3681052,0.08173352,0.15472466,0.026387608
375316653866487564,4269115479890279168,0.5290049,2132.8119325415673,2.187028439078624,9.66302E-5,19.64295,0.009881892,0.3192681,0.0013612716,0.042373266,0.0058389325,0.9310257,0.2326765,0.5837616,0.055715274,0.082925506,0.056899615,0.06038784,0.0565422,null,null,null,null,"TWOGAUSSIANS",8,2.7905722,0.3192981,0.0013557089,0.23729028,0.03269802,0.931399,0.23279798,0.5837616,0.055715274,0.4,0.2078012,0.060387835,0.056542866
375316653866487564,4269115578614672896,0.48745036,2102.5643009225214,1.4709581748827274,2.0176885E-5,18.151085,0.0023420427,0.31225356,0.005830207,0.05388957,0.0047940137,0.09359646,0.0025746438,0.8409132,0.007878918,0.04091068,0.008596198,0.026186248,0.00428641,null,null,null,null,"TWOGAUSSIANS",8,1.1548258,0.31225356,0.005830207,0.3017816,0.026846478,0.09359644,0.0025746147,0.8409132,0.007878918,0.22909981,0.048138708,0.02618623,0.004286414
375316653866487564,4269115754782977536,0.52923596,2147.629170638049,2.306654667507363,2.5347696E-5,19.307913,0.010878247,0.22859685,0.007920114,0.07119618,0.012078066,0.37537906,0.020431012,0.72843534,0.0066319136,0.068056084,0.0055611506,0.41015947,0.02193665,null,null,null,null,"TWOGAUSSIANS",8,2.554724,0.72843534,0.0066319136,0.38111407,0.024862645,0.40892124,0.021603541,0.22859685,0.007920114,0.39869863,0.023603119,0.37414083,0.021233179
375316653866487564,4269115789127298944,0.5046303,2118.5272537447145,2.511705654353737,1.3908353E-5,19.570883,0.026252354,0.2830382,0.0027192044,0.06880169,0.0060412255,0.43849397,0.02695267,0.77268976,0.004256647,0.06555351,0.005797413,0.6311336,0.047570273,null,null,null,null,"TWOGAUSSIANS",8,5.087307,0.77268976,0.004256647,0.36709964,0.032465514,0.63036394,0.0473869,0.2830382,0.0027192044,0.38528946,0.031927425,0.43772426,0.026519567
375316653866487564,4269116682480582912,0.5394085,2144.4191961673973,3.129133684181783,2.4156432E-5,19.482237,0.012064191,0.26499662,0.004963523,0.070987895,0.008029184,0.6356459,0.042134434,0.7674024,0.0036427248,0.07722011,0.004432101,0.44022873,0.019852296,null,null,null,null,"TWOGAUSSIANS",8,3.708722,0.26499662,0.004963523,0.39753222,0.022074498,0.63230014,0.04360146,0.7674024,0.0036427248,0.4,0.0,0.43688294,0.019538997
375316653866487564,4269116819934919296,0.59818286,2135.840892539775,0.23414259861652176,3.7306774E-5,16.033895,0.0041818386,0.32623157,0.033069063,0.06482637,0.025737634,0.04312208,0.013421649,0.6416172,0.0029936116,0.023874212,0.002127125,0.9783226,0.12789357,0.023128165,0.0069375504,0.6416172,0.0029936116,"TWOGAUSSIANS_WITH_ELLIPSOIDAL_ON_ECLIPSE2",9,47.085094,0.6416172,0.0029936116,0.13369559,0.011911899,1.024579,0.12934038,0.29720154,0.048237603,0.36302766,0.12112614,0.053464323,0.017417062
375316653866487564,4269117026077297408,0.49088734,2117.0970773955873,3.0978157709402225,4.1288295E-5,19.070148,0.030313946,0.2951453,0.008427618,0.07885772,0.011478132,0.44627208,0.11671354,0.7689527,0.007840922,0.07648026,0.011141395,0.49051532,0.04052764,null,null,null,null,"TWOGAUSSIANS",8,16.553165,0.7689527,0.007840922,0.4,0.0,0.48750144,0.039616942,0.2951453,0.008427618,0.4,0.005797914,0.4432582,0.117736
375316653866487564,4269117541472812288,0.48604771,2136.894712872765,1.3809498087439753,1.1351992E-5,19.273222,0.0046935873,0.22504392,0.006045711,0.030693019,0.01162358,0.056580402,0.025617106,0.7476387,0.0031443061,0.045526985,0.00333082,0.24383153,0.013981676,null,null,null,null,"TWOGAUSSIANS",8,1.8372657,0.7476387,0.0031443061,0.25495112,0.018652592,0.24383153,0.013981676,0.22504392,0.006045711,0.1718809,0.06509205,0.056580402,0.025617106
375316653866487564,4269117781990245120,0.5715254,2124.447544282531,2.2532639588462517,1.0353376E-5,18.774517,0.0132342195,0.2097248,0.0033293718,0.069568664,0.003543045,0.4442482,0.01883595,0.7118769,0.002760661,0.08242271,0.004680464,0.43143398,0.022922236,null,null,null,null,"TWOGAUSSIANS",8,3.7013793,0.2097248,0.0033293718,0.3895845,0.01643145,0.44053426,0.018092752,0.7118769,0.002760661,0.4,0.0,0.42772004,0.022939254
375316653866487564,4269117953806072704,0.48127195,2097.0995801045756,3.7809759067145,4.1039613E-5,19.663898,0.04155765,0.29869187,0.0021096668,0.011727108,0.0016283094,1.4149084,0.6556265,0.552285,0.04229684,0.21508314,0.11275662,0.067427754,0.03852221,null,null,null,null,"TWOGAUSSIANS",8,2.4371772,0.29871187,0.0020973443,0.0656718,0.009118533,1.4396782,0.65528667,0.552285,0.04229684,0.4,0.0,0.058386207,0.013943635
375316653866487564,4269118052515864704,0.51325583,2123.082480130013,1.127838472735575,6.600229E-5,18.627949,0.010145516,0.24375562,0.0077590714,0.049962793,0.006614674,0.3293214,0.022107327,0.7061701,0.039193235,0.08580317,0.030336736,0.081628084,0.019753695,null,null,null,null,"TWOGAUSSIANS",8,5.484769,0.24375562,0.0077590714,0.27979162,0.037042174,0.32922065,0.022070754,0.7061701,0.039193235,0.4,0.058899682,0.08152727,0.019765733
375316653866487564,4269118125604789888,0.6410175,2102.04515311045,1.5986909607631008,7.472718E-6,17.301126,0.01667186,0.27240142,0.001396435,0.057757623,0.0067754295,0.26500574,0.029872837,0.7725804,6.8771385E-4,0.045807872,0.004001106,0.33220592,0.031335827,0.106943205,0.01996325,0.27240142,0.001396435,"TWOGAUSSIANS_WITH_ELLIPSOIDAL_ON_ECLIPSE1",9,3.7693515,0.7725804,6.891789E-4,0.2565241,0.022406194,0.5460694,0.011671655,0.27240142,0.001396435,0.3234427,0.037942406,0.47886947,0.018411417
375316653866487564,4269118263045818368,0.45735905,2107.1115200898785,0.0692595601720139,2.329523E-5,19.486906,0.18122157,0.22783491,0.023341298,0.101895146,0.03539007,0.44872686,0.1639236,0.77454615,0.007270923,0.11755861,0.030864906,0.45638108,0.17875868,null,null,null,null,"TWOGAUSSIANS",8,2.2471426,0.7745762,0.0073121088,0.4,0.0,0.41585076,0.08071377,0.22763492,0.023099635,0.4,0.0,0.40845338,0.12707312
375316653866487564,4269118675343650944,0.5127458,2099.0802765528038,1.2117222658754296,3.8740174E-5,19.342606,0.014469815,0.22715983,0.0044426485,0.090264656,0.007830782,0.2671899,0.014479899,0.7228986,0.00900715,0.07548248,0.011121422,0.38382396,0.034385853,null,null,null,null,"TWOGAUSSIANS",8,2.9146202,0.7228986,0.00900715,0.4,0.010094127,0.37771487,0.03534487,0.22715983,0.0044426485,0.4,0.0,0.26108068,0.012226392
375316653866487564,4269118675346644352,0.42655867,2022.5894076341754,1.9560200977979525,5.4302556E-5,19.351597,0.1188384,0.34358755,0.010740829,0.104934044,0.04841012,0.22926842,0.10903013,0.8305501,0.013955818,0.13145755,0.06588883,0.18844402,0.1133747,null,null,null,null,"TWOGAUSSIANS",8,5.002672,0.34372756,0.010545673,0.4,0.014052717,0.1910139,0.06992474,0.8305501,0.013955818,0.4,0.0,0.14990531,0.04493235
375316653866487564,4269118778440103424,0.5510346,2115.151719265631,0.320580918028099,5.5398846E-6,18.061214,0.0065054293,0.2471277,0.0914054,0.025866387,0.01573077,0.14762488,0.11795468,0.7632646,0.0011277592,0.017501859,8.980709E-4,0.2920331,0.0131044565,null,null,null,null,"TWOGAUSSIANS",8,5.670843,0.7632646,0.0011277592,0.098010406,0.005029197,0.2920331,0.0131044565,0.2471277,0.0914054,0.14485177,0.08809231,0.14762488,0.11795468
375316653866487564,4269118847144344064,0.5691617,2132.5134461072726,3.9368619786283157,9.072612E-6,19.590565,0.016587213,0.3213967,0.00233494,0.075851694,0.0035183055,0.5988209,0.028341059,0.81146246,0.007704281,0.0675899,0.005057643,0.6349014,0.022003345,null,null,null,null,"TWOGAUSSIANS",8,2.2123504,0.81146246,0.007704281,0.37850344,0.028322801,0.6326872,0.021134892,0.3213967,0.00233494,0.4,0.0,0.59660673,0.02815966
375316653866487564,4269118911509429248,0.5401223,2114.725826411017,0.4779506061863702,5.3626E-6,18.376226,0.004680112,0.17244504,0.0053123343,0.036620814,0.0029719295,0.43080705,0.032448865,0.6781312,0.02912176,0.040926196,0.018638108,0.084612556,0.04583223,null,null,null,null,"TWOGAUSSIANS",8,4.451696,0.17244504,0.0053123343,0.20507656,0.016642805,0.43080705,0.032448865,0.6781312,0.02912176,0.22918668,0.10437341,0.084612556,0.04583223
375316653866487564,4269119117673732352,0.45306328,2115.1360468118787,1.1077118257514342,5.4347143E-5,18.491623,0.010874965,0.26777872,0.021659264,0.02985465,0.026931634,0.05528365,99.87234,0.7612603,0.02297319,0.05609809,0.060823165,0.094915465,0.03890112,null,null,null,null,"TWOGAUSSIANS",8,2.5868125,0.7612603,0.02297319,0.3141493,0.19922392,0.09491546,0.03893093,0.26777872,0.021659264,0.16718604,0.15081716,0.055283647,99.87234
375316653866487564,4269119122020371968,0.42392427,2135.3140211174264,1.7352134677853845,4.1069243E-6,18.89091,0.0062611005,0.16870877,3.0348435E-4,0.010211956,0.0020508158,1.5519072,3.5297067,0.82183933,0.014423502,0.063378505,0.008487477,0.08134071,0.013536977,null,null,null,null,"TWOGAUSSIANS",8,4.490779,0.16870877,3.0348435E-4,0.057186954,0.011484569,1.5519072,3.5297067,0.82183933,0.014423502,0.3549196,0.047529873,0.08134071,0.013536977
375316653866487564,4269119289493746560,0.43897587,2093.482060296665,2.374729712414175,3.431276E-5,17.522497,0.14547408,0.26012266,0.008357218,0.21781124,0.040793035,0.57120055,0.14035596,0.7558204,0.008136531,0.15923859,0.02905604,0.53658235,0.14363849,null,null,null,null,"TWOGAUSSIANS",8,18.82149,0.7558204,0.008136531,0.4,0.0,0.17158803,0.018447084,0.26137266,0.008497208,0.4,0.0,0.1320115,0.014112429
375316653866487564,4269119358186126976,0.547667,2117.547148781792,2.5075408393177425,7.2690423E-6,18.340124,0.011675572,0.14346501,0.0031948113,0.07988876,0.004059679,0.36761472,0.013186812,0.6454793,0.0029996347,0.07017843,0.007190274,0.41904932,0.044295926,null,null,null,null,"TWOGAUSSIANS",8,5.6653104,0.6454793,0.0029996347,0.3929992,0.023503803,0.41615394,0.045942422,0.14346501,0.0031948113,0.4,0.0,0.36471933,0.012219865
375316653866487564,4269119396898450688,0.4259906,2122.012868497477,3.8101869278101597,6.491869E-5,19.306383,0.016364222,0.38633564,0.028790174,0.09505895,0.035227288,0.1677415,0.023378737,0.7024421,0.024360035,0.09554299,0.022144152,0.1900204,0.03561404,null,null,null,null,"TWOGAUSSIANS",8,4.380648,0.7024421,0.024360035,0.4,0.0,0.19011462,0.036315124,0.38789564,0.027750298,0.4,0.0,0.1679891,0.023917481
375316653866487564,4269119736143298816,0.64037865,2087.326789171046,0.938977973209895,7.009569E-6,17.443357,0.0020561544,0.20640905,9.5154595E-4,0.033175033,0.003610309,0.2310738,0.034823302,0.7066017,0.0016252286,0.027766073,7.65339E-4,0.6327986,0.019547993,null,null,null,null,"TWOGAUSSIANS",8,2.2262678,0.7066017,0.0016252286,0.15549001,0.0042858985,0.6327986,0.019547993,0.20640905,9.5154595E-4,0.18578018,0.02021773,0.2310738,0.034823302
375316653866487564,4269119809215295104,0.4542096,2077.976918653807,1.962569260325897,4.181218E-5,19.61491,0.22485681,0.32824013,0.013515495,0.15288748,0.06486848,0.3351489,0.22298534,0.81227225,0.004507378,0.10772661,0.020195428,0.44482407,0.18818529,null,null,null,null,"TWOGAUSSIANS",8,2.3820758,0.81227225,0.004507378,0.4,0.0,0.345266,0.022207338,0.32828012,0.013455544,0.4,0.0,0.2322543,0.03030224
375316653866487564,4269120182819887232,0.5564531,2119.9687976633186,2.2748142224592294,1.1955335E-5,17.199986,0.017496094,0.18470865,0.0024627575,0.09558646,0.007400143,0.238346,0.016099866,0.68609834,0.0044159787,0.09850935,0.0124944355,0.23253253,0.01532858,null,null,null,null,"TWOGAUSSIANS",8,6.560196,0.18470865,0.0024627575,0.4,0.0,0.2216084,0.007474035,0.68609834,0.0044159787,0.4,0.0,0.2157943,0.012806115
375316653866487564,4269120977465185152,0.4793422,2089.927491268506,2.507861772709865,3.1284064E-5,18.167315,0.01831414,0.28206912,0.009993387,0.085611515,0.011508877,0.20780769,0.020724362,0.7526379,0.0056980513,0.10505322,0.013731421,0.21561223,0.019389436,null,null,null,null,"TWOGAUSSIANS",8,8.673399,0.7526379,0.0056980513,0.4,0.0,0.20668477,0.018353032,0.2820791,0.0099942945,0.4,0.0,0.19889033,0.013366446
375316653866487564,4269121046182672512,0.47652632,2108.2262422042963,1.2351563381710007,1.8059072E-4,17.007618,0.0063735405,0.58902764,0.024833724,0.028493248,0.0135431215,0.2864409,0.54658395,0.7919689,0.031152865,0.12885952,0.03139684,0.023199584,0.008212383,null,null,null,null,"TWOGAUSSIANS",8,11.45204,0.58925766,0.024760911,0.15956219,0.07584148,0.29313803,0.5470449,0.7919689,0.031152865,0.4,0.0,0.023174627,0.008176533
