Gaia/vari_eclipsing_binary/VariEclipsingBinary_661444-661522.csv
# %ECSV 1.0
# ---
# delimiter: ','
# meta: !!omap
# - RELEASE: Gaia DR3
# - TABLE: vari_eclipsing_binary
# - DESCRIPTION: >
#     This table describes the properties of the eclipsing binaries resulting from the variability analysis. 
# - CITATION: >
#     How to cite and acknowledge Gaia: 
#     https://gea.esac.esa.int/archive/documentation/credits.html 
# - KNOWN_ISSUES: >
#     Known issues: 
#     https://www.cosmos.esa.int/web/gaia-users/known-issues 
# - DOCUMENTATION: >
#     Tutorials and documentation: 
#     https://www.cosmos.esa.int/web/gaia-users/archive 
# datatype:
# - 
#   name: solution_id
#   datatype: int64
#   description: Solution Identifier
#   meta:
#     ucd: meta.version
# - 
#   name: source_id
#   datatype: int64
#   description: Unique source identifier
#   meta:
#     ucd: meta.id;meta.main
# - 
#   name: global_ranking
#   datatype: float32
#   description: Number between 0 (worst) and 1 (best)
#   meta:
#     ucd: stat.param
# - 
#   name: reference_time
#   datatype: float64
#   unit: d
#   description: Reference time used for the geometric model fit
#   meta:
#     ucd: time.epoch
# - 
#   name: frequency
#   datatype: float64
#   unit: d**-1
#   description: Frequency of geometric model of the eclipsing binary light curve
#   meta:
#     ucd: src.orbital
# - 
#   name: frequency_error
#   datatype: float32
#   unit: d**-1
#   description: "Uncertainty of \\texttt{frequency}"
#   meta:
#     ucd: stat.error
# - 
#   name: geom_model_reference_level
#   datatype: float32
#   unit: mag
#   description: Magnitude reference level of geometric model
#   meta:
#     ucd: phot.mag;em.opt
# - 
#   name: geom_model_reference_level_error
#   datatype: float32
#   unit: mag
#   description: "Uncertainty of \\texttt{geomModelReferenceLevel}"
#   meta:
#     ucd: stat.error;phot.mag;em.opt
# - 
#   name: geom_model_gaussian1_phase
#   datatype: float32
#   description: Phase of the Gaussian 1 component
#   meta:
#     ucd: time.phase
# - 
#   name: geom_model_gaussian1_phase_error
#   datatype: float32
#   description: "Uncertainty of \\texttt{geomModelGaussian1Phase}"
#   meta:
#     ucd: stat.error;time.phase
# - 
#   name: geom_model_gaussian1_sigma
#   datatype: float32
#   description: "Standard deviation [phase] of Gaussian 1 component"
#   meta:
#     ucd: stat.stdev
# - 
#   name: geom_model_gaussian1_sigma_error
#   datatype: float32
#   description: "Uncertainty of \\texttt{geomModelGaussian1Sigma}"
#   meta:
#     ucd: stat.error
# - 
#   name: geom_model_gaussian1_depth
#   datatype: float32
#   unit: mag
#   description: Magnitude depth of Gaussian 1 component
#   meta:
#     ucd: src.var.amplitude
# - 
#   name: geom_model_gaussian1_depth_error
#   datatype: float32
#   unit: mag
#   description: "Uncertainty of \\texttt{geomModelGaussian1Depth}"
#   meta:
#     ucd: stat.error;src.var.amplitude
# - 
#   name: geom_model_gaussian2_phase
#   datatype: float32
#   description: Phase of Gaussian 2 component
#   meta:
#     ucd: time.phase
# - 
#   name: geom_model_gaussian2_phase_error
#   datatype: float32
#   description: "Uncertainty of \\texttt{geomModelGaussian2Phase}"
#   meta:
#     ucd: stat.error;time.phase
# - 
#   name: geom_model_gaussian2_sigma
#   datatype: float32
[...]
#   datatype: float32
#   description: "Secondary eclipse: uncertainty of \\texttt{derivedSecondaryEclDuration}"
#   meta:
#     ucd: stat.error;time.duration
# - 
#   name: derived_secondary_ecl_depth
#   datatype: float32
#   unit: mag
#   description: "Secondary eclipse: depth"
#   meta:
#     ucd: src.var.amplitude
# - 
#   name: derived_secondary_ecl_depth_error
#   datatype: float32
#   unit: mag
#   description: "Secondary eclipse: uncertainty of \\texttt{derivedSecondaryEclDepth}"
#   meta:
#     ucd: stat.error;src.var.amplitude
solution_id,source_id,global_ranking,reference_time,frequency,frequency_error,geom_model_reference_level,geom_model_reference_level_error,geom_model_gaussian1_phase,geom_model_gaussian1_phase_error,geom_model_gaussian1_sigma,geom_model_gaussian1_sigma_error,geom_model_gaussian1_depth,geom_model_gaussian1_depth_error,geom_model_gaussian2_phase,geom_model_gaussian2_phase_error,geom_model_gaussian2_sigma,geom_model_gaussian2_sigma_error,geom_model_gaussian2_depth,geom_model_gaussian2_depth_error,geom_model_cosine_half_period_amplitude,geom_model_cosine_half_period_amplitude_error,geom_model_cosine_half_period_phase,geom_model_cosine_half_period_phase_error,model_type,num_model_parameters,reduced_chi2,derived_primary_ecl_phase,derived_primary_ecl_phase_error,derived_primary_ecl_duration,derived_primary_ecl_duration_error,derived_primary_ecl_depth,derived_primary_ecl_depth_error,derived_secondary_ecl_phase,derived_secondary_ecl_phase_error,derived_secondary_ecl_duration,derived_secondary_ecl_duration_error,derived_secondary_ecl_depth,derived_secondary_ecl_depth_error
[from data line 72]
375316653866487564,5818228544764684416,0.55030555,2244.2889927974607,0.2443259852093585,3.4976265E-6,17.484304,0.0052813804,0.050656375,6.323336E-4,0.012919389,5.305816E-4,0.6743034,0.02106682,0.5485636,0.0023427792,0.013530125,0.0017097447,0.6506005,0.06721931,null,null,null,null,"TWOGAUSSIANS",8,43.33752,0.050656375,6.323336E-4,0.07234858,0.0029712569,0.6743034,0.02106682,0.5485636,0.0023427792,0.075768694,0.009574571,0.6506005,0.06721931
375316653866487564,5818228579124423424,0.63487226,2272.626794979312,0.6211585619482869,1.1706172E-4,16.846693,0.0016338535,0.16287062,0.034513373,0.05956399,0.01958279,0.0107278135,0.0038071168,0.594582,7.30294E-5,0.008835849,1.278091E-4,0.8314953,0.007328846,null,null,null,null,"TWOGAUSSIANS",8,4.739005,0.594582,7.30294E-5,0.04948076,7.1573094E-4,0.8314953,0.007328846,0.16287062,0.034513373,0.33355835,0.10966362,0.0107278135,0.0038071168
375316653866487564,5818229712996449920,0.46892887,2294.1486639016516,1.6045579981460478,1.7188851E-5,17.560867,0.005287828,0.22569649,0.0031186945,0.02234049,0.0038497378,0.21033917,0.037094038,0.722558,0.0051676165,0.026313841,0.0049098157,0.12867482,0.017237285,0.011888455,0.014742035,0.22569649,0.0031186945,"TWOGAUSSIANS_WITH_ELLIPSOIDAL_ON_ECLIPSE1",9,26.127542,0.22569649,0.0031186945,0.12510674,0.021558532,0.23411603,0.03406686,0.722588,0.0051261317,0.14735751,0.027494969,0.15244253,0.019125031
375316653866487564,5818229811770532224,0.41660407,2292.5939684116565,0.03722828231168972,2.6312087E-5,15.766361,0.06439051,0.30585033,0.016795093,0.11721992,0.08016216,0.060346812,0.057180613,0.76040626,0.031583346,0.14244676,0.036425166,0.10482827,0.04858971,null,null,null,null,"TWOGAUSSIANS",8,14.860989,0.76040626,0.031583346,0.4,0.0,0.087036155,0.015446807,0.30896032,0.013558555,0.4,0.0,0.043253593,0.012409103
375316653866487564,5818231121745097600,0.5285163,2273.9890927283172,2.851770005363838,9.33127E-6,14.431732,0.012062975,0.26370904,0.0025685066,0.05740063,0.009753027,0.12803522,0.024516638,0.75705594,0.009545913,0.06875606,0.011363874,0.09624026,0.030617353,0.056179177,0.01487017,0.26370904,0.0025685066,"TWOGAUSSIANS_WITH_ELLIPSOIDAL_ON_ECLIPSE1",9,154.91153,0.26370904,0.0025685066,0.32144353,0.05461695,0.24029398,0.011304854,0.75907594,0.0065672384,0.3850339,0.06053843,0.20836231,0.015067762
375316653866487564,5818232221256789120,0.49062264,2286.1953288450222,0.3884390261346429,5.534967E-6,14.198277,5.683544E-4,0.29069093,0.004171316,0.009072733,0.0074778227,0.052196562,0.18125409,0.78306043,7.987295E-5,0.0028007058,9.230524E-5,0.083266966,0.0024989424,0.0029596046,8.401202E-4,0.29069093,0.004171316,"TWOGAUSSIANS_WITH_ELLIPSOIDAL_ON_ECLIPSE1",9,13.576137,0.78306043,7.987295E-5,0.015683953,5.1690935E-4,0.08917257,0.00370925,0.29069093,0.004171316,0.050807305,0.041875806,0.05811577,0.18120573
375316653866487564,5818236133961339904,0.5635867,2265.0643102346157,2.303016742773862,1.4674166E-5,15.876775,0.006884958,0.20241742,0.0034432902,0.06910105,0.0040502804,0.33690783,0.018400066,0.6933021,0.0032829973,0.07576947,0.0037135729,0.57455057,0.022469707,null,null,null,null,"TWOGAUSSIANS",8,84.50372,0.6933021,0.0032829973,0.4,0.0,0.57270265,0.022709696,0.20241742,0.0034432902,0.38696587,0.022681572,0.3350599,0.018578611
375316653866487564,5818238921405852672,0.4774764,2286.1123540404988,2.933415355971069,1.7985372E-5,17.448462,0.01819186,0.16597624,0.010188814,0.07198723,0.025113462,0.10165886,0.018526487,0.6572772,0.0050502606,0.09235907,0.00865153,0.32589972,0.02075736,null,null,null,null,"TWOGAUSSIANS",8,35.694633,0.6572772,0.0050502606,0.4,0.0,0.3227123,0.018250398,0.16597624,0.010188814,0.4,0.080018006,0.098471746,0.018819302
375316653866487564,5818239883478493184,0.5624659,2272.2540622157153,3.1065617342690035,6.2123286E-6,16.80167,0.008022905,0.28124464,0.0022947765,0.08547918,0.003449173,0.3179302,0.01365586,0.7636243,0.0024968842,0.08081573,0.0042785387,0.30834246,0.010950528,null,null,null,null,"TWOGAUSSIANS",8,16.64452,0.28124464,0.0022947765,0.4,0.0,0.3129995,0.0134621775,0.7636243,0.0024968842,0.4,0.0,0.30341175,0.01096605
375316653866487564,5818244895695322496,0.54601175,2294.546994064304,2.6269614382421893,1.2547246E-5,18.23266,0.0056872675,0.26377314,0.0056750868,0.071031444,0.0057746796,0.16235349,0.013186043,0.75411326,0.003612106,0.06270442,0.0055774217,0.25046194,0.012956463,null,null,null,null,"TWOGAUSSIANS",8,3.8639812,0.75411326,0.003612106,0.35114476,0.031233562,0.25018394,0.01301894,0.26377314,0.0056750868,0.39777607,0.025599957,0.16207547,0.013199136
375316653866487564,5818247339541902592,0.4673846,2294.9469985398728,0.03722039994343228,1.2299305E-5,18.069473,0.007098793,0.34134248,0.0033598666,0.023766292,0.0053816987,0.0558177,0.008308621,0.7081041,0.014376595,0.10647172,0.009813103,0.15861773,0.017367689,null,null,null,null,"TWOGAUSSIANS",8,4.1438622,0.7081041,0.014376595,0.4,0.0,0.15861256,0.017366048,0.3414825,0.0033029045,0.13309124,0.030137513,0.056233924,0.008514237
375316653866487564,5818247476980877824,0.5585638,2280.239361708385,3.7406931554031067,6.6655375E-6,18.201649,0.009844391,0.23322988,0.0017899912,0.047256764,0.0048303157,0.20930323,0.02197536,0.7294668,0.0053005307,0.041221507,0.008921724,0.14325428,0.02372436,0.1056514,0.014003933,0.23322988,0.0017899912,"TWOGAUSSIANS_WITH_ELLIPSOIDAL_ON_ECLIPSE1",9,6.2713523,0.23322988,0.0017899912,0.2646379,0.027049767,0.42060536,0.0115397945,0.73008674,0.0044250367,0.23084044,0.049961653,0.3544578,0.01989083
375316653866487564,5818248335974288128,0.6131671,2257.7869259587615,0.8401752390975433,9.0486465E-6,14.973576,0.0018164339,0.21969442,0.0018157876,0.0708544,0.0020541525,0.23347525,0.005131732,0.7268374,0.0028752,0.08175638,0.0038039112,0.1829448,0.009186977,null,null,null,null,"TWOGAUSSIANS",8,23.352665,0.21969442,0.0018157876,0.39678463,0.010223461,0.23184326,0.0052430816,0.7268374,0.0028752,0.4,0.0,0.18131281,0.009450517
375316653866487564,5818249534260424448,0.6399145,2310.4879271440527,2.3453069718096335,7.687203E-6,17.188328,0.028367458,0.30737668,0.0019712863,0.057024535,0.006045063,0.47854722,0.05517489,0.80524474,0.0034579944,0.05399172,0.005449703,0.5232178,0.06028225,0.08046164,0.03232793,0.30737668,0.0019712863,"TWOGAUSSIANS_WITH_ELLIPSOIDAL_ON_ECLIPSE1",9,11.69624,0.80538476,0.0032638793,0.30235362,0.030518336,0.68407226,0.010612757,0.30737668,0.0019712863,0.3193374,0.03385235,0.6394287,0.026834693
375316653866487564,5818250225760039168,0.44216475,2337.174122361676,0.031812019268441974,2.7130938E-5,17.90978,0.41149777,0.40957063,0.02772576,0.28473184,0.1571807,0.638405,0.39570606,0.90765715,0.024476545,0.07351399,0.013594598,0.22316656,0.07566934,null,null,null,null,"TWOGAUSSIANS",8,11.924877,0.40957063,0.02772576,0.4,0.0,0.26836953,0.018052986,0.90765715,0.02451138,0.4,0.049582873,0.12368997,0.01898597
375316653866487564,5818251600137711488,0.5341801,2282.077369876239,4.072360431251806,6.5077156E-6,19.404575,0.01484226,0.24525401,0.002303374,0.060787495,0.0032215402,0.5568631,0.030534606,0.75021195,0.003267487,0.061365906,0.0061250906,0.6797228,0.108165205,null,null,null,null,"TWOGAUSSIANS",8,3.4708028,0.75021195,0.003267487,0.3436491,0.03430051,0.6794831,0.10838083,0.24525401,0.002303374,0.34040996,0.018040625,0.5566234,0.030525196
375316653866487564,5818251978106788096,0.5374016,2285.4037556057815,3.0609942338625724,1.0221077E-5,16.648272,0.012192835,0.24297842,0.003096211,0.05253314,0.0115090385,0.093496054,0.031377032,0.74738216,0.008235198,0.06207097,0.012299589,0.12602726,0.028570488,0.078844324,0.017905384,0.24297842,0.003096211,"TWOGAUSSIANS_WITH_ELLIPSOIDAL_ON_ECLIPSE1",9,35.73726,0.74738216,0.008235198,0.34759742,0.0688777,0.2835651,0.016090114,0.24297842,0.003096211,0.29418558,0.064450614,0.2511546,0.017298749
375316653866487564,5818253421215766144,0.5472117,2322.592075772216,3.550319253373747,6.0343564E-6,18.052637,0.017008912,0.26327962,0.0054175965,0.10772746,0.009421561,0.34016347,0.016923146,0.76351935,0.0024597526,0.09092012,0.0064191534,0.294983,0.016547179,null,null,null,null,"TWOGAUSSIANS",8,5.6047277,0.26327962,0.0054175965,0.4,0.0,0.31350648,0.013422874,0.76351935,0.0024597526,0.4,0.0,0.26834014,0.012859879
375316653866487564,5818254722582389248,0.43924084,2297.7554667485415,3.406085390610936,4.6744106E-5,17.545149,0.10723347,0.2745613,0.044394083,0.05768506,0.066241026,0.12124688,0.1888112,0.7360408,0.02024627,0.051767793,0.0631063,0.02628936,0.22829972,0.07283249,0.102452606,0.7360408,0.02024627,"TWOGAUSSIANS_WITH_ELLIPSOIDAL_ON_ECLIPSE2",9,77.18338,0.2653913,0.027213642,0.3230363,0.2635887,0.26049083,0.06495483,0.7360408,0.02024627,0.28989962,0.3146947,0.17195365,0.02386668
375316653866487564,5818254997458102016,0.52951545,2280.406936965016,3.9233275084951296,2.1128735E-5,18.946547,0.021691188,0.22451219,0.0049400525,0.08909258,0.009403928,0.25193915,0.021227757,0.7412944,0.007274795,0.10082036,0.013549851,0.20262179,0.02023276,null,null,null,null,"TWOGAUSSIANS",8,2.663328,0.22451219,0.0049426937,0.4,0.0,0.24091606,0.01271785,0.7412944,0.007274795,0.4,0.0,0.19159633,0.011659082
375316653866487564,5818255444134816384,0.5389871,2281.6522322290716,4.0909897006564195,1.374438E-5,19.39135,0.012738702,0.2140932,0.025723303,0.028655257,0.016450314,0.18361084,0.05803791,0.74589217,0.006832496,0.032868866,0.009868724,0.3764257,0.025354637,0.15023227,0.01525705,0.74589217,0.006832496,"TWOGAUSSIANS_WITH_ELLIPSOIDAL_ON_ECLIPSE2",9,3.6711106,0.74589217,0.006832496,0.18406564,0.055264857,0.67689013,0.013309051,0.2171032,0.02322709,0.16046944,0.09212176,0.47334066,0.0658265
375316653866487564,5818256582311665664,0.5819815,2301.3194011855107,2.647995492503474,2.7198319E-6,16.924902,0.02516485,0.24440771,0.0020392481,0.06183593,0.006421803,0.3313701,0.047271684,0.74836636,0.0058510294,0.06941929,0.007036795,0.30753163,0.064798184,0.08171741,0.02642375,0.24440771,0.0020392481,"TWOGAUSSIANS_WITH_ELLIPSOIDAL_ON_ECLIPSE1",9,22.60043,0.24440771,0.0020392481,0.3462812,0.035962097,0.49433652,0.014188716,0.74836636,0.0055597755,0.38874802,0.0382707,0.47039697,0.04102939
375316653866487564,5818257235146651264,0.5503903,2291.6020466769533,1.710852957290539,1.9842986E-5,18.454638,0.011935332,0.42505187,0.008945687,0.012402437,0.0044682445,1.1109022,0.34018037,null,null,null,null,null,null,null,null,null,null,"ONEGAUSSIAN",5,17.657297,0.42505187,0.008945687,0.06945365,0.02502217,1.1109022,0.0,null,null,null,null,null,null
375316653866487564,5818258025420713984,0.57770294,2273.1044395463086,1.9525022237843381,8.851411E-6,15.599648,0.012108911,0.21996632,0.0030962948,0.079944864,0.0049114367,0.22006032,0.01361355,0.6941201,0.0033447975,0.08294231,0.004685797,0.4257967,0.01207685,null,null,null,null,"TWOGAUSSIANS",8,42.94826,0.6941201,0.0033447975,0.4,0.0,0.4224532,0.010708596,0.21996632,0.0030962948,0.4,0.0,0.21671686,0.012281277
375316653866487564,5818258605232949248,0.5377849,2323.0091314865545,2.39514721887589,7.242994E-6,19.482105,0.007984775,0.24596114,0.0016309898,0.049360923,0.0016974371,0.790033,0.017489662,0.74126786,0.009184976,0.04708783,0.00713154,0.38092935,0.016858455,null,null,null,null,"TWOGAUSSIANS",8,2.7853682,0.24596114,0.0016309898,0.27642116,0.009505648,0.79003173,0.017489854,0.74126786,0.009184976,0.26369184,0.039936624,0.3809281,0.016856896
375316653866487564,5818261427034947584,0.5568063,2350.681195820615,2.6785714850818723,1.6092492E-5,17.620512,0.01110987,0.24545951,0.003763592,0.059875235,0.004910369,0.44807836,0.031006599,0.75677526,0.013624156,0.042761035,0.013605769,0.18132679,0.09193801,0.089553244,0.019834645,0.24545951,0.003763592,"TWOGAUSSIANS_WITH_ELLIPSOIDAL_ON_ECLIPSE1",9,26.81579,0.24545951,0.003763592,0.3353013,0.027498066,0.62711227,0.017709756,0.75677526,0.013624156,0.2394618,0.076192304,0.3594568,0.092146985
375316653866487564,5818261903768036480,0.4448308,2317.698016565656,0.2886068049298864,6.311083E-5,18.342947,0.011126554,0.14851798,0.05262402,0.047329456,0.045864988,0.06917654,0.014866222,0.415757,0.009150275,0.0038594317,0.008397884,0.31017858,0.24822229,null,null,null,null,"TWOGAUSSIANS",8,11.258091,0.415757,0.009150275,0.021612817,0.04702815,0.3101786,0.24818914,0.14851798,0.05262402,0.26504496,0.25684392,0.06917654,0.014866222
375316653866487564,5818262423467344384,0.68798906,2277.170492213418,2.193956264342334,2.5893805E-6,15.143425,0.0035725383,0.33853766,0.0019275034,0.05084356,0.0025555515,0.27533907,0.018114392,0.84104353,6.08245E-4,0.048283357,0.0019289159,0.28026658,0.008906982,0.1378808,0.005283172,0.84104353,6.08245E-4,"TWOGAUSSIANS_WITH_ELLIPSOIDAL_ON_ECLIPSE2",9,21.187864,0.84104353,6.08245E-4,0.2703868,0.010801929,0.5560258,0.007560661,0.33896768,0.0015912034,0.2847239,0.014311089,0.5510415,0.017759146
375316653866487564,5818263862270633600,0.4968838,2323.192146443055,3.8832678885213077,1.3751241E-5,18.241755,0.0039544953,0.77289236,0.0060853637,0.03610088,0.02958464,0.04157818,0.019062893,null,null,null,null,null,null,0.09367245,0.0061322753,0.77289236,0.0060853637,"ONEGAUSSIAN_WITH_ELLIPSOIDAL",6,7.8875203,0.77289236,0.0060853637,0.20216492,0.16567399,0.22892295,0.021596259,null,null,null,null,null,null
375316653866487564,5818264588131371136,0.555833,2346.9617491445733,2.2139723535279114,1.5458258E-5,17.225365,0.004893962,0.20347688,9.357961E-4,0.03459173,0.0014993408,0.38148922,0.014566517,0.71203953,0.013272834,0.020508427,0.012490167,0.112662114,0.045711417,0.025453113,0.011324713,0.20347688,9.357961E-4,"TWOGAUSSIANS_WITH_ELLIPSOIDAL_ON_ECLIPSE1",9,22.322884,0.20347688,9.357961E-4,0.1937137,0.008396308,0.43239543,0.014062456,0.71203953,0.013272834,0.11484719,0.06994494,0.16342114,0.045511533
375316653866487564,5818265442818919168,0.45320654,2339.8929489724896,2.3321024115541005,4.7086163E-5,19.733446,0.019753909,0.40891242,0.019681279,0.14460531,0.027195428,0.20983024,0.021490674,0.8027412,0.0032326095,0.027060784,0.0045913346,0.1598429,0.021472143,null,null,null,null,"TWOGAUSSIANS",8,3.0913007,0.40891242,0.019681279,0.4,0.0,0.20872752,0.02049953,0.8027412,0.0032326095,0.1515404,0.025711473,0.16391529,0.024426911
375316653866487564,5818269054887654528,0.47262028,2324.917772260921,3.579838052815122,1.619098E-5,18.91955,0.33201575,0.21747875,0.005971887,0.13423066,0.0532721,0.2767492,0.31553188,0.7072553,0.006179868,0.13576959,0.052194763,0.32289416,0.31625333,null,null,null,null,"TWOGAUSSIANS",8,2.361321,0.7072553,0.006179868,0.4,0.0,0.22323959,0.016046936,0.21782875,0.005006338,0.4,0.0,0.17729725,0.012316853
375316653866487564,5818270459340943104,0.5838112,2329.9863327784346,3.70180058466453,5.6594085E-6,18.616684,0.004404703,0.22954042,0.001510177,0.06916516,0.002144618,0.4535836,0.018021053,0.73651266,0.004684804,0.066912465,0.0035724994,0.5279435,0.008584463,null,null,null,null,"TWOGAUSSIANS",8,2.7054315,0.73651266,0.004684804,0.3747098,0.020005995,0.5269975,0.008454797,0.22954042,0.001510177,0.38732493,0.012009861,0.45263764,0.018154249
375316653866487564,5818273276839551104,0.4602254,2330.4541371038317,0.6916897259025506,1.3756625E-5,16.79572,0.006725734,0.2638926,0.009691105,0.030720089,0.009815931,0.07362575,0.032897826,0.7814743,0.017211324,0.06725536,0.070181586,0.041723736,0.05542729,0.032661013,0.009256769,0.7814743,0.017211324,"TWOGAUSSIANS_WITH_ELLIPSOIDAL_ON_ECLIPSE2",9,40.813694,0.2649726,0.009146457,0.17203249,0.054969214,0.13816136,0.03403643,0.7814743,0.017211324,0.37663004,0.2275087,0.107004546,0.05163717
