Gaia/vari_eclipsing_binary/VariEclipsingBinary_556046-558249.csv
# %ECSV 1.0
# ---
# delimiter: ','
# meta: !!omap
# - RELEASE: Gaia DR3
# - TABLE: vari_eclipsing_binary
# - DESCRIPTION: >
#     This table describes the properties of the eclipsing binaries resulting from the variability analysis. 
# - CITATION: >
#     How to cite and acknowledge Gaia: 
#     https://gea.esac.esa.int/archive/documentation/credits.html 
# - KNOWN_ISSUES: >
#     Known issues: 
#     https://www.cosmos.esa.int/web/gaia-users/known-issues 
# - DOCUMENTATION: >
#     Tutorials and documentation: 
#     https://www.cosmos.esa.int/web/gaia-users/archive 
# datatype:
# - 
#   name: solution_id
#   datatype: int64
#   description: Solution Identifier
#   meta:
#     ucd: meta.version
# - 
#   name: source_id
#   datatype: int64
#   description: Unique source identifier
#   meta:
#     ucd: meta.id;meta.main
# - 
#   name: global_ranking
#   datatype: float32
#   description: Number between 0 (worst) and 1 (best)
#   meta:
#     ucd: stat.param
# - 
#   name: reference_time
#   datatype: float64
#   unit: d
#   description: Reference time used for the geometric model fit
#   meta:
#     ucd: time.epoch
# - 
#   name: frequency
#   datatype: float64
#   unit: d**-1
#   description: Frequency of geometric model of the eclipsing binary light curve
#   meta:
#     ucd: src.orbital
# - 
#   name: frequency_error
#   datatype: float32
#   unit: d**-1
#   description: "Uncertainty of \\texttt{frequency}"
#   meta:
#     ucd: stat.error
# - 
#   name: geom_model_reference_level
#   datatype: float32
#   unit: mag
#   description: Magnitude reference level of geometric model
#   meta:
#     ucd: phot.mag;em.opt
# - 
#   name: geom_model_reference_level_error
#   datatype: float32
#   unit: mag
#   description: "Uncertainty of \\texttt{geomModelReferenceLevel}"
#   meta:
#     ucd: stat.error;phot.mag;em.opt
# - 
#   name: geom_model_gaussian1_phase
#   datatype: float32
#   description: Phase of the Gaussian 1 component
#   meta:
#     ucd: time.phase
# - 
#   name: geom_model_gaussian1_phase_error
#   datatype: float32
#   description: "Uncertainty of \\texttt{geomModelGaussian1Phase}"
#   meta:
#     ucd: stat.error;time.phase
# - 
#   name: geom_model_gaussian1_sigma
#   datatype: float32
#   description: "Standard deviation [phase] of Gaussian 1 component"
#   meta:
#     ucd: stat.stdev
# - 
#   name: geom_model_gaussian1_sigma_error
#   datatype: float32
#   description: "Uncertainty of \\texttt{geomModelGaussian1Sigma}"
#   meta:
#     ucd: stat.error
# - 
#   name: geom_model_gaussian1_depth
#   datatype: float32
#   unit: mag
#   description: Magnitude depth of Gaussian 1 component
#   meta:
#     ucd: src.var.amplitude
# - 
#   name: geom_model_gaussian1_depth_error
#   datatype: float32
#   unit: mag
#   description: "Uncertainty of \\texttt{geomModelGaussian1Depth}"
#   meta:
#     ucd: stat.error;src.var.amplitude
# - 
#   name: geom_model_gaussian2_phase
#   datatype: float32
#   description: Phase of Gaussian 2 component
#   meta:
#     ucd: time.phase
# - 
#   name: geom_model_gaussian2_phase_error
#   datatype: float32
#   description: "Uncertainty of \\texttt{geomModelGaussian2Phase}"
#   meta:
#     ucd: stat.error;time.phase
# - 
#   name: geom_model_gaussian2_sigma
#   datatype: float32
[...]
#   datatype: float32
#   description: "Secondary eclipse: uncertainty of \\texttt{derivedSecondaryEclDuration}"
#   meta:
#     ucd: stat.error;time.duration
# - 
#   name: derived_secondary_ecl_depth
#   datatype: float32
#   unit: mag
#   description: "Secondary eclipse: depth"
#   meta:
#     ucd: src.var.amplitude
# - 
#   name: derived_secondary_ecl_depth_error
#   datatype: float32
#   unit: mag
#   description: "Secondary eclipse: uncertainty of \\texttt{derivedSecondaryEclDepth}"
#   meta:
#     ucd: stat.error;src.var.amplitude
solution_id,source_id,global_ranking,reference_time,frequency,frequency_error,geom_model_reference_level,geom_model_reference_level_error,geom_model_gaussian1_phase,geom_model_gaussian1_phase_error,geom_model_gaussian1_sigma,geom_model_gaussian1_sigma_error,geom_model_gaussian1_depth,geom_model_gaussian1_depth_error,geom_model_gaussian2_phase,geom_model_gaussian2_phase_error,geom_model_gaussian2_sigma,geom_model_gaussian2_sigma_error,geom_model_gaussian2_depth,geom_model_gaussian2_depth_error,geom_model_cosine_half_period_amplitude,geom_model_cosine_half_period_amplitude_error,geom_model_cosine_half_period_phase,geom_model_cosine_half_period_phase_error,model_type,num_model_parameters,reduced_chi2,derived_primary_ecl_phase,derived_primary_ecl_phase_error,derived_primary_ecl_duration,derived_primary_ecl_duration_error,derived_primary_ecl_depth,derived_primary_ecl_depth_error,derived_secondary_ecl_phase,derived_secondary_ecl_phase_error,derived_secondary_ecl_duration,derived_secondary_ecl_duration_error,derived_secondary_ecl_depth,derived_secondary_ecl_depth_error
[from data line 174]
375316653866487564,4898599798124552832,0.48155442,2244.974639170703,2.330855710168209,9.756594E-6,17.964706,0.0036094447,0.21519901,0.0025135742,0.027376374,0.0024494675,0.25017837,0.042985905,0.71419,0.005168679,0.033166714,0.004769038,0.10209567,0.029119419,0.01798945,0.0060926788,0.21519901,0.0025135742,"TWOGAUSSIANS_WITH_ELLIPSOIDAL_ON_ECLIPSE1",9,8.134457,0.21519901,0.0025135742,0.15330769,0.013717019,0.2861572,0.044317007,0.71422005,0.005065266,0.1857336,0.026706612,0.13807309,0.028043658
375316653866487564,4898630245149464960,0.59781486,2187.4387904599744,4.177933072834939,5.7931456E-6,14.500072,0.02340977,0.28393558,0.0029452348,0.060633883,0.0038753208,0.46753398,0.04934208,0.7807763,0.001889191,0.05901589,0.0052182893,0.48045248,0.048073057,0.07714401,0.025208173,0.7807763,0.001889191,"TWOGAUSSIANS_WITH_ELLIPSOIDAL_ON_ECLIPSE2",9,273.59183,0.7807763,0.001889191,0.33048898,0.02922242,0.63460225,0.034359228,0.28365555,0.0026689207,0.33954975,0.021701796,0.6216283,0.01621782
375316653866487564,4898661924828594432,0.44448492,2280.879517941519,4.871035710126226,3.816439E-5,18.338923,0.012730028,0.3186802,0.001192885,0.010984232,0.0047518685,2.0902913,37.69037,0.78304243,0.015699478,0.07212686,0.015755774,0.1814782,0.03939787,null,null,null,null,"TWOGAUSSIANS",8,7.2936087,0.3186802,0.001192885,0.061511695,0.026610464,2.0902913,37.69037,0.78304243,0.015699478,0.4,0.03222571,0.1814782,0.03939787
375316653866487564,4898760949594587648,0.6032415,2167.1114618907127,3.6797055152105473,3.7032798E-6,15.785595,0.016301204,0.2839506,0.0019140112,0.050548643,0.0054358994,0.38346958,0.032334235,0.79351133,0.0023806838,0.053914934,0.00365075,0.33708245,0.043544155,0.10316261,0.024352841,0.79351133,0.0023806838,"TWOGAUSSIANS_WITH_ELLIPSOIDAL_ON_ECLIPSE2",9,80.19646,0.2848806,0.0016201178,0.28307238,0.030441035,0.5891158,0.023566185,0.79351133,0.0023806838,0.30192363,0.0204442,0.5433997,0.01438825
375316653866487564,4898791770279553280,0.6593842,2289.177428722163,4.279992311298998,2.6443865E-6,16.154007,0.0039848904,0.21226981,5.604733E-4,0.047322795,0.0012984168,0.30680367,0.009185197,0.7126517,6.2906666E-4,0.046302967,0.0010582947,0.36048388,0.009650556,0.12763685,0.006040157,0.21226981,5.604733E-4,"TWOGAUSSIANS_WITH_ELLIPSOIDAL_ON_ECLIPSE1",9,18.421816,0.7126517,6.2906666E-4,0.25929663,0.00592645,0.6157553,0.0059017665,0.21226981,5.604733E-4,0.26500764,0.007271134,0.56207657,0.0066518257
375316653866487564,4898832417850021632,0.5409484,2233.9633295570547,0.24972707838141617,1.0496251E-6,14.193115,0.002487303,0.38112038,0.09963702,0.087855384,0.047555257,0.018648742,0.010600597,0.2384905,7.772452E-4,0.008258898,0.0010937605,0.28131506,0.05216794,null,null,null,null,"TWOGAUSSIANS",8,41.89413,0.2385105,7.789384E-4,0.046249826,0.0061250585,0.2863087,0.051413644,0.38112038,0.09963702,0.4,0.113744855,0.018648738,0.010600725
375316653866487564,4898910345736559488,0.51762384,2225.547630125117,3.265959011800645,1.6355614E-5,15.48804,0.018914953,0.28982326,0.0039840983,0.10003478,0.009016457,0.3383049,0.022545373,0.7716031,0.002147883,0.09251042,0.0056200395,0.31253663,0.01884464,null,null,null,null,"TWOGAUSSIANS",8,201.7788,0.28982326,0.0039840983,0.4,0.0,0.32090548,0.022381494,0.7716031,0.002147883,0.4,0.0,0.29514036,0.012451483
375316653866487564,4898920825456686976,0.5607133,2195.9672369985824,3.3751131103733956,9.716006E-6,14.295774,0.014517638,0.26259705,0.004413762,0.09295671,0.0049456614,0.39173025,0.017069774,0.7500412,0.0035279626,0.092149004,0.0067167548,0.4182257,0.020962026,null,null,null,null,"TWOGAUSSIANS",8,328.88397,0.7500412,0.0035279626,0.4,0.0,0.40071937,0.022281442,0.26259705,0.004413762,0.4,0.0,0.3742238,0.013099671
375316653866487564,4898960751472617472,0.4857206,2175.216627606457,0.7019847866768177,2.847335E-6,16.518433,0.002831432,0.26841134,0.012283408,0.0086781075,0.007873429,0.3550046,3.3021364,0.7716553,8.4784144E-4,0.014075766,9.798595E-4,0.18517932,0.0043119583,null,null,null,null,"TWOGAUSSIANS",8,30.448858,0.26841134,0.012283408,0.048597403,0.0440912,0.3550046,3.3021364,0.7716553,8.4784144E-4,0.07882429,0.005487213,0.18517932,0.0043119583
375316653866487564,4898961056413653120,0.62402225,2180.276259182887,1.555718464954659,5.9993204E-6,12.358472,0.0052466798,0.23634452,0.009225478,0.047557328,0.007405712,0.040442936,0.017346105,0.747463,8.467289E-4,0.047768563,0.0014337344,0.4253018,0.015722929,0.024030592,0.010752379,0.747463,8.467289E-4,"TWOGAUSSIANS_WITH_ELLIPSOIDAL_ON_ECLIPSE2",9,189.8592,0.747463,8.467289E-4,0.26750395,0.008028912,0.47336248,0.009148473,0.23828451,0.007106681,0.26632103,0.041471988,0.08831032,0.006019964
375316653866487564,4898997275874471424,0.5546986,2196.358029244663,2.113165817812576,7.882046E-6,13.74735,0.017160118,0.20059417,0.0016996904,0.04241593,0.004211871,0.35862753,0.03846315,0.7015302,0.003131758,0.06618362,0.006415545,0.5382907,0.052597392,0.068214364,0.019913645,0.7015302,0.003131758,"TWOGAUSSIANS_WITH_ELLIPSOIDAL_ON_ECLIPSE2",9,1185.4196,0.7015302,0.003131758,0.3706283,0.035927054,0.67431515,0.041647807,0.20064417,0.0015708917,0.23752922,0.023586478,0.4946475,0.024824215
375316653866487564,4899014352664472960,0.5368746,2202.6968529692667,0.3074289418763834,2.3391142E-6,14.984162,9.4176224E-4,0.21737649,5.782054E-4,0.013621349,7.8725955E-4,0.12235651,0.004560814,0.70956635,3.4120047E-4,0.009897322,8.008701E-4,0.12297718,0.0010740765,0.006026466,0.0011702758,0.21737649,5.782054E-4,"TWOGAUSSIANS_WITH_ELLIPSOIDAL_ON_ECLIPSE1",9,16.424086,0.7095763,3.4120047E-4,0.055425003,0.004484873,0.13500112,0.0014353,0.21737649,5.782054E-4,0.07627955,0.004408654,0.13440944,0.005262673
375316653866487564,4899065033279012224,0.60376483,2186.0750752430904,1.6636165580190814,7.236105E-6,10.378554,0.031860176,0.3053759,0.003380707,0.09471882,0.00902243,0.30491382,0.029928697,0.8107799,0.0035518783,0.13157907,0.019109448,0.1601241,0.03108886,null,null,null,null,"TWOGAUSSIANS",8,37.910732,0.30534592,0.0034721945,0.4,0.0,0.2719087,0.006252812,0.8107799,0.0035493718,0.4,0.0,0.12688251,0.0050101075
375316653866487564,4899108017311264768,0.6253092,2187.0569823346477,2.9639749712028505,3.5589446E-6,14.215608,0.009824232,0.21691944,6.915199E-4,0.056136798,0.0025736184,0.32925522,0.019959282,0.7194581,0.0011505188,0.051890817,0.0030431307,0.2547649,0.021921093,0.075136505,0.012261985,0.7194581,0.0011505188,"TWOGAUSSIANS_WITH_ELLIPSOIDAL_ON_ECLIPSE2",9,134.35513,0.21717943,5.935873E-4,0.31436607,0.014412263,0.47947833,0.007491221,0.7194581,0.0011505188,0.2905886,0.017041532,0.40502235,0.0067891604
375316653866487564,4899114030265396096,0.56510395,2213.435996759999,2.692223802044247,6.8359773E-6,16.392118,0.015581812,0.25670087,0.0031740973,0.119453125,0.008578893,0.23667553,0.014805844,0.72957945,0.0021172513,0.09132967,0.004895879,0.34668645,0.0144495955,null,null,null,null,"TWOGAUSSIANS",8,16.745745,0.72957945,0.0021172513,0.4,0.0,0.32275534,0.006207375,0.25670087,0.0031740973,0.4,0.0,0.2126374,0.007436934
375316653866487564,4899118359592534272,0.4356964,2241.3081785389736,4.040793222395498,8.817197E-6,16.155031,0.014460576,0.24723676,0.0035023934,0.07706519,0.004752164,0.4625435,0.016975032,0.7325466,0.007947867,0.09536782,0.011126203,0.36959815,0.040394433,null,null,null,null,"TWOGAUSSIANS",8,75.47888,0.24723676,0.0035023934,0.4,0.0,0.45312768,0.0159082,0.7325466,0.007947867,0.4,0.0,0.3601813,0.044688165
375316653866487564,4899189827848206080,0.451113,2231.4169128844665,0.19943337435186637,1.811248E-4,17.867723,0.004122852,0.17489547,0.0022691488,0.009175916,0.0017191385,1.219465,1.9735414,0.68186074,0.037477117,0.13437808,0.0319912,0.023154845,0.00591879,null,null,null,null,"TWOGAUSSIANS",8,2.5806322,0.17489547,0.0022691488,0.05138513,0.0096271755,1.2194357,1.9735483,0.68186074,0.037477117,0.4,0.0,0.02307898,0.0058818343
375316653866487564,4899239546389793792,0.627387,2184.831471922829,2.377513842686761,4.762872E-6,14.90722,0.009972139,0.2898661,0.0013404473,0.058319412,0.0038105764,0.24737833,0.022606753,0.7876311,0.0034433533,0.0586221,0.0044108075,0.2474095,0.022424366,0.09597046,0.01244336,0.2898661,0.0013404473,"TWOGAUSSIANS_WITH_ELLIPSOIDAL_ON_ECLIPSE1",9,65.00286,0.2898661,0.0013404473,0.3265887,0.021339227,0.43927008,0.008819768,0.78802115,0.002749973,0.32828376,0.024700522,0.43926996,0.010181778
375316653866487564,4899246276601962240,0.5750258,2148.136483667933,4.231313865498935,7.7249415E-6,18.747097,0.0072865672,0.27997318,0.0077894335,0.08693306,0.009412433,0.38398427,0.012759346,0.77705556,0.0019426463,0.07474655,0.0029312873,0.35810506,0.008043069,null,null,null,null,"TWOGAUSSIANS",8,1.628548,0.27997318,0.0077894335,0.4,0.0,0.37810904,0.013388473,0.77705556,0.0019426463,0.4,0.0,0.3522299,0.0067279036
375316653866487564,4899255076991501568,0.5707393,2143.7010622836797,3.0127050687394057,2.1139833E-5,10.563456,0.009663612,0.15876897,0.0019697351,0.045639765,0.0046018884,0.28518406,0.032462336,0.6605665,0.0030747463,0.045049485,0.009377864,0.3159829,0.048537817,0.104823425,0.018298818,0.15876897,0.0019697351,"TWOGAUSSIANS_WITH_ELLIPSOIDAL_ON_ECLIPSE1",9,679.1847,0.6605665,0.0030747463,0.2522771,0.05251604,0.5256027,0.059269853,0.15876897,0.0019697351,0.2555827,0.025770575,0.49483058,0.027853468
375316653866487564,4899274760825164416,0.4361949,2177.5298194661013,0.6415829684615788,3.7844868E-5,18.289467,0.035069373,0.2491998,0.014152683,0.12463937,0.03454789,0.1289477,0.034092017,0.7781601,0.010230316,0.10100195,0.021749834,0.121094175,0.033544973,null,null,null,null,"TWOGAUSSIANS",8,10.320335,0.2491898,0.014137154,0.4,0.0,0.1129818,0.016427422,0.7783801,0.009959353,0.4,0.0,0.105244055,0.018365165
375316653866487564,4899320051256765824,0.5593447,2180.1681759914145,0.33567848545160844,8.264455E-5,13.521558,0.0012800914,0.5192115,0.017045066,0.022556776,0.01559898,0.2848682,0.25320035,0.7902179,0.014220754,0.01018821,0.028499028,0.0063708937,3962963.8,0.009903156,0.0015213599,0.7902179,0.014220754,"TWOGAUSSIANS_WITH_ELLIPSOIDAL_ON_ECLIPSE2",9,75.284225,0.51915145,0.016438354,0.12631795,0.08735429,0.2852122,0.25349802,0.7902179,0.014220754,0.057053976,0.15959457,0.02617718,3962963.8
375316653866487564,4899511297560714752,0.54772,2146.9125152421757,3.908875949170349,9.318521E-6,16.954319,0.00910869,0.29736844,0.0045441957,0.10334678,0.006215241,0.19462249,0.009972357,0.7920284,0.0024059075,0.097095944,0.0068501467,0.20613939,0.0074062017,null,null,null,null,"TWOGAUSSIANS",8,7.947441,0.7920284,0.0024059075,0.4,0.0,0.18947858,0.006821548,0.29736844,0.0045441957,0.4,0.0,0.17795911,0.0064467434
375316653866487564,4899604064557856768,0.5289505,2136.5944277956287,3.3919263528191146,1.1019374E-5,17.411688,0.02471366,0.2460591,0.0053386944,0.057725947,0.0070852414,0.39896625,0.060173217,0.7482237,0.0035087324,0.04484039,0.009106876,0.2592673,0.05169517,0.022747872,0.032462444,0.2460591,0.0053386944,"TWOGAUSSIANS_WITH_ELLIPSOIDAL_ON_ECLIPSE1",9,31.052689,0.2460591,0.0053386944,0.32326528,0.03967735,0.44442895,0.022965135,0.7482237,0.003505423,0.2511062,0.05099851,0.3047216,0.022351833
375316653866487564,4899631419205955456,0.62473804,2158.097999479854,2.2102797340813525,4.242207E-6,14.170557,0.008074034,0.2578119,0.0025794082,0.09866964,0.0035483763,0.386268,0.010571388,0.75710315,9.555927E-4,0.087935604,0.0027682919,0.45651174,0.010409091,null,null,null,null,"TWOGAUSSIANS",8,83.5419,0.75710315,9.555927E-4,0.4,0.0,0.43374774,0.011575111,0.2578119,0.0025794082,0.4,0.0,0.36350203,0.008746776
375316653866487564,4899650351420876928,0.44701177,2199.556725962703,0.043631886086744835,3.418945E-5,17.066463,0.0047645215,0.4825094,0.010739984,0.048675567,0.006948433,0.2004412,0.09518368,0.92407244,0.8893936,0.02836032,0.028329255,0.4071066,2.5189312,null,null,null,null,"TWOGAUSSIANS",8,5.6357026,0.92407244,0.8893936,0.15881778,0.15864383,0.4071066,2.5189312,0.4825094,0.010739984,0.2725832,0.038911223,0.2004412,0.09518368
375316653866487564,4899652722244032128,0.5326116,2149.295508637941,3.4616871319214506,1.5497046E-5,12.295732,0.12249274,0.3105473,0.0035121772,0.15972506,0.02087895,0.6656778,0.16999942,0.80186343,0.0037459785,0.26305762,0.03630097,0.9136129,0.11737767,null,null,null,null,"TWOGAUSSIANS",8,421.75363,0.3172073,0.0042209947,0.4,0.0,0.19038965,0.01260937,0.80186343,0.0037459785,0.4,0.0,0.14882784,0.005613149
375316653866487564,4899672101136487424,0.48286876,2156.65748495891,2.8115390776239813,1.846172E-5,13.801365,0.2723241,0.43337375,0.007302213,0.097494565,0.01985313,0.30655617,0.053416137,0.72973627,0.12834972,0.31096682,0.08612556,0.15977438,0.25429866,null,null,null,null,"TWOGAUSSIANS",8,1974.5571,0.44034374,0.0056356858,0.4,0.0,0.32451823,0.02504506,0.72973627,0.12834972,0.4,0.0,0.06796668,0.022900736
375316653866487564,4899791909247433088,0.4661261,2150.8449315989046,1.3333188489609067,3.3718225E-5,18.980423,0.004056532,0.16893004,0.013152019,0.023934467,0.008735313,0.6750709,3.1109188,0.4495949,0.0038875893,0.019701663,0.003248036,0.38966733,0.15902647,null,null,null,null,"TWOGAUSSIANS",8,3.5521328,0.16893004,0.013152019,0.13403301,0.048917755,0.6750709,3.1109188,0.4495949,0.0038875893,0.11032932,0.018189,0.38966733,0.15902647
375316653866487564,4899812872984583936,0.58986616,2159.5022723523225,2.522922493025391,1.0786649E-5,14.585991,0.0084606875,0.29798332,0.0017924445,0.102577925,0.005113015,0.18830575,0.007862103,0.79835254,0.0030060872,0.083249055,0.004147347,0.2963086,0.008998321,null,null,null,null,"TWOGAUSSIANS",8,25.911076,0.79835254,0.0030060872,0.4,0.0,0.2841876,0.0063525387,0.29798332,0.0017924445,0.4,0.0,0.1761821,0.004459475
375316653866487564,4899825551727944704,0.42846212,2140.29681095231,0.1296387520133778,1.699901E-4,17.310274,0.07087052,0.23295273,0.03149567,0.16367608,0.09381495,0.14191502,0.05655965,0.6615674,0.029396223,0.10692971,0.020435616,0.13175987,0.05221899,null,null,null,null,"TWOGAUSSIANS",8,35.52818,0.23325272,0.031235881,0.4,0.0,0.11303372,0.021638395,0.6615674,0.029396223,0.4,0.0,0.10775793,0.016963435
375316653866487564,4899833213949629952,0.5647395,2176.278690657377,3.790015269958312,7.852156E-6,18.42289,0.0100512495,0.12878186,0.0013588677,0.075746514,0.0037097123,0.3283701,0.008239395,0.6266708,0.0026444304,0.08070632,0.003532828,0.33156034,0.013184167,null,null,null,null,"TWOGAUSSIANS",8,2.862242,0.6266708,0.0026444304,0.4,0.0,0.32773444,0.012455187,0.12878186,0.0013588677,0.4,0.0,0.3245442,0.0069360915
375316653866487564,4899897363581115904,0.53871554,2169.591728009804,3.640784655083079,1.5680858E-5,16.217667,0.012821966,0.22292705,0.008531302,0.02603052,0.010611364,0.15606932,0.027514743,0.76571405,0.003540909,0.05015806,0.006237923,0.09496549,0.034322623,0.13371511,0.015871026,0.76571405,0.003540909,"TWOGAUSSIANS_WITH_ELLIPSOIDAL_ON_ECLIPSE2",9,109.15946,0.22641705,0.0067173643,0.14577092,0.05942364,0.40612713,0.01873126,0.76571405,0.003540909,0.28088513,0.03493237,0.36239493,0.011030809
375316653866487564,4899914298635377920,0.53840744,2140.847640415932,4.732910806645498,1.3876494E-5,19.515978,0.012735084,0.24021386,0.0039358977,0.06616945,0.0045336327,0.6757925,0.051224366,0.7444833,0.0044360636,0.06989342,0.006710326,0.58230406,0.06427661,null,null,null,null,"TWOGAUSSIANS",8,2.8849263,0.24021386,0.0039358977,0.37054893,0.025388343,0.6744904,0.05159082,0.7444833,0.0044360636,0.39140317,0.02097846,0.581002,0.06522913
375316653866487564,4899948559590323968,0.5486543,2207.41338866226,2.1559820286208162,3.282278E-5,14.263709,0.0012186476,0.58369553,0.013654737,0.0040178467,0.008199757,0.039666392,0.85793895,0.8217644,0.004778349,0.034954388,0.004163189,0.24885422,0.023396177,null,null,null,null,"TWOGAUSSIANS",8,28.12474,0.8217644,0.004778349,0.19574457,0.023313858,0.24885422,0.023396177,0.58369553,0.013654737,0.022499941,0.045918636,0.039666392,0.85793895
