Gaia/vari_eclipsing_binary/VariEclipsingBinary_332550-332784.csv
# %ECSV 1.0
# ---
# delimiter: ','
# meta: !!omap
# - RELEASE: Gaia DR3
# - TABLE: vari_eclipsing_binary
# - DESCRIPTION: >
#     This table describes the properties of the eclipsing binaries resulting from the variability analysis. 
# - CITATION: >
#     How to cite and acknowledge Gaia: 
#     https://gea.esac.esa.int/archive/documentation/credits.html 
# - KNOWN_ISSUES: >
#     Known issues: 
#     https://www.cosmos.esa.int/web/gaia-users/known-issues 
# - DOCUMENTATION: >
#     Tutorials and documentation: 
#     https://www.cosmos.esa.int/web/gaia-users/archive 
# datatype:
# - 
#   name: solution_id
#   datatype: int64
#   description: Solution Identifier
#   meta:
#     ucd: meta.version
# - 
#   name: source_id
#   datatype: int64
#   description: Unique source identifier
#   meta:
#     ucd: meta.id;meta.main
# - 
#   name: global_ranking
#   datatype: float32
#   description: Number between 0 (worst) and 1 (best)
#   meta:
#     ucd: stat.param
# - 
#   name: reference_time
#   datatype: float64
#   unit: d
#   description: Reference time used for the geometric model fit
#   meta:
#     ucd: time.epoch
# - 
#   name: frequency
#   datatype: float64
#   unit: d**-1
#   description: Frequency of geometric model of the eclipsing binary light curve
#   meta:
#     ucd: src.orbital
# - 
#   name: frequency_error
#   datatype: float32
#   unit: d**-1
#   description: "Uncertainty of \\texttt{frequency}"
#   meta:
#     ucd: stat.error
# - 
#   name: geom_model_reference_level
#   datatype: float32
#   unit: mag
#   description: Magnitude reference level of geometric model
#   meta:
#     ucd: phot.mag;em.opt
# - 
#   name: geom_model_reference_level_error
#   datatype: float32
#   unit: mag
#   description: "Uncertainty of \\texttt{geomModelReferenceLevel}"
#   meta:
#     ucd: stat.error;phot.mag;em.opt
# - 
#   name: geom_model_gaussian1_phase
#   datatype: float32
#   description: Phase of the Gaussian 1 component
#   meta:
#     ucd: time.phase
# - 
#   name: geom_model_gaussian1_phase_error
#   datatype: float32
#   description: "Uncertainty of \\texttt{geomModelGaussian1Phase}"
#   meta:
#     ucd: stat.error;time.phase
# - 
#   name: geom_model_gaussian1_sigma
#   datatype: float32
#   description: "Standard deviation [phase] of Gaussian 1 component"
#   meta:
#     ucd: stat.stdev
# - 
#   name: geom_model_gaussian1_sigma_error
#   datatype: float32
#   description: "Uncertainty of \\texttt{geomModelGaussian1Sigma}"
#   meta:
#     ucd: stat.error
# - 
#   name: geom_model_gaussian1_depth
#   datatype: float32
#   unit: mag
#   description: Magnitude depth of Gaussian 1 component
#   meta:
#     ucd: src.var.amplitude
# - 
#   name: geom_model_gaussian1_depth_error
#   datatype: float32
#   unit: mag
#   description: "Uncertainty of \\texttt{geomModelGaussian1Depth}"
#   meta:
#     ucd: stat.error;src.var.amplitude
# - 
#   name: geom_model_gaussian2_phase
#   datatype: float32
#   description: Phase of Gaussian 2 component
#   meta:
#     ucd: time.phase
# - 
#   name: geom_model_gaussian2_phase_error
#   datatype: float32
#   description: "Uncertainty of \\texttt{geomModelGaussian2Phase}"
#   meta:
#     ucd: stat.error;time.phase
# - 
#   name: geom_model_gaussian2_sigma
#   datatype: float32
[...]
#   datatype: float32
#   description: "Secondary eclipse: uncertainty of \\texttt{derivedSecondaryEclDuration}"
#   meta:
#     ucd: stat.error;time.duration
# - 
#   name: derived_secondary_ecl_depth
#   datatype: float32
#   unit: mag
#   description: "Secondary eclipse: depth"
#   meta:
#     ucd: src.var.amplitude
# - 
#   name: derived_secondary_ecl_depth_error
#   datatype: float32
#   unit: mag
#   description: "Secondary eclipse: uncertainty of \\texttt{derivedSecondaryEclDepth}"
#   meta:
#     ucd: stat.error;src.var.amplitude
solution_id,source_id,global_ranking,reference_time,frequency,frequency_error,geom_model_reference_level,geom_model_reference_level_error,geom_model_gaussian1_phase,geom_model_gaussian1_phase_error,geom_model_gaussian1_sigma,geom_model_gaussian1_sigma_error,geom_model_gaussian1_depth,geom_model_gaussian1_depth_error,geom_model_gaussian2_phase,geom_model_gaussian2_phase_error,geom_model_gaussian2_sigma,geom_model_gaussian2_sigma_error,geom_model_gaussian2_depth,geom_model_gaussian2_depth_error,geom_model_cosine_half_period_amplitude,geom_model_cosine_half_period_amplitude_error,geom_model_cosine_half_period_phase,geom_model_cosine_half_period_phase_error,model_type,num_model_parameters,reduced_chi2,derived_primary_ecl_phase,derived_primary_ecl_phase_error,derived_primary_ecl_duration,derived_primary_ecl_duration_error,derived_primary_ecl_depth,derived_primary_ecl_depth_error,derived_secondary_ecl_phase,derived_secondary_ecl_phase_error,derived_secondary_ecl_duration,derived_secondary_ecl_duration_error,derived_secondary_ecl_depth,derived_secondary_ecl_depth_error
[from data line 768]
375316653866487564,2927066735310966912,0.51936764,2252.4337345674844,3.8742154529917805,1.1053822E-5,17.496582,0.16829856,0.20975615,0.004378994,0.1931961,0.030308334,0.66014385,0.16476816,0.70336944,0.0041520977,0.17885348,0.018913692,0.6581876,0.12506841,null,null,null,null,"TWOGAUSSIANS",8,6.277065,0.70336944,0.0041520977,0.4,0.0,0.18289843,0.00716521,0.21274616,0.004506566,0.4,0.0,0.16495535,0.006099907
375316653866487564,2927067839124109312,0.6836186,2280.1520966738303,0.060473577293203136,2.6981548E-5,14.54233,6.105725E-4,0.7864738,0.034288283,0.054010663,0.02884362,0.00926253,0.020895308,0.33194247,6.104259E-4,0.015568699,5.5090257E-4,0.6849195,0.009164503,null,null,null,null,"TWOGAUSSIANS",8,11.010403,0.33194247,6.104259E-4,0.08718471,0.0030850542,0.6849195,0.009164503,0.7864738,0.034288283,0.30245972,0.16152428,0.00926253,0.020895308
375316653866487564,2927069900708590720,0.41662148,2251.0119952834375,0.30344254742141497,1.2900912E-5,12.652506,0.0011496855,0.14688082,0.0035717683,0.0136412885,0.005170413,0.048707206,0.010095842,0.79742086,0.02240797,0.05664458,0.013483625,0.011450819,0.003146222,null,null,null,null,"TWOGAUSSIANS",8,78.278564,0.14688082,0.0035717683,0.07639121,0.028954312,0.048707206,0.010095842,0.79742086,0.02240797,0.31720966,0.0755083,0.011450819,0.003146222
375316653866487564,2927072031013112192,0.4731656,2246.828969232742,4.171225414227492,2.1534044E-5,19.64678,0.0248068,0.25015548,0.006383943,0.08978552,0.012699157,0.2593276,0.0271274,0.7382947,0.015184759,0.08007849,0.018714746,0.27315947,0.040564623,null,null,null,null,"TWOGAUSSIANS",8,3.731055,0.7382947,0.015184759,0.4,0.0,0.26749888,0.034192014,0.25015548,0.006383943,0.4,0.0,0.25366688,0.021528516
375316653866487564,2927077562930168832,0.47181198,2260.101736068992,1.423626826398275,1.617425E-5,15.854866,0.0010045773,null,null,null,null,null,null,null,null,null,null,null,null,0.027059745,0.001435697,0.2673143,0.004198869,"ELLIPSOIDAL",4,13.215111,null,null,null,null,null,null,null,null,null,null,null,null
375316653866487564,2927079315276795264,0.48901674,2247.1041324362736,3.5615712190156525,1.5077262E-5,16.888891,0.02322238,0.3000386,0.010221778,0.08021543,0.018301079,0.3170761,0.0302717,0.77856493,0.0040660193,0.07410842,0.009709553,0.34352413,0.020729722,null,null,null,null,"TWOGAUSSIANS",8,84.51904,0.77856493,0.0040660193,0.4,0.009751628,0.34134144,0.019491471,0.3000386,0.010221778,0.4,0.0,0.3148934,0.032595173
375316653866487564,2927079830672847360,0.48348644,2276.913504316449,1.8492401547771136,1.4311495E-5,15.536057,0.09210154,0.2942576,0.004738139,0.184742,0.053817995,0.123095125,0.08755178,0.79503286,0.0039939787,0.16192265,0.045412406,0.108458295,0.0815073,null,null,null,null,"TWOGAUSSIANS",8,7.8277583,0.29410762,0.0049736523,0.4,0.0,0.043323617,0.0027190184,0.79534286,0.0042675105,0.4,0.0,0.033162117,0.0029964042
375316653866487564,2927082407647741056,0.5694774,2246.141271060474,4.9709227975343335,4.596506E-6,19.846697,0.012512227,0.23853323,0.0019426872,0.044701762,0.0038056974,0.43180257,0.04782362,0.74823433,0.005633704,0.037024233,0.00787214,0.3782693,0.04312038,0.17014822,0.025214395,0.23853323,0.0019426872,"TWOGAUSSIANS_WITH_ELLIPSOIDAL_ON_ECLIPSE1",9,2.0239701,0.23853323,0.0019426872,0.25032988,0.021311905,0.7720989,0.03830894,0.74823433,0.005633704,0.20733571,0.044083983,0.7173029,0.038668405
375316653866487564,2927086668260727168,0.6786828,2266.6157268277593,0.5040317582051159,1.8003454E-6,15.083879,9.6863275E-4,0.21821555,5.976143E-4,0.02364535,6.3991576E-4,0.4331229,0.0076687173,0.7198535,0.002386185,0.023271054,0.0012235596,0.41255015,0.017958334,0.005217518,0.0019252165,0.21821555,5.976143E-4,"TWOGAUSSIANS_WITH_ELLIPSOIDAL_ON_ECLIPSE1",9,10.761716,0.21821555,5.976143E-4,0.13241397,0.0035835283,0.44355792,0.00842915,0.7198535,0.002386185,0.13031791,0.006851934,0.42298406,0.01695125
375316653866487564,2927090241672993536,0.569548,2248.2824135517485,1.1391005442222772,5.5616265E-6,15.9100065,0.021235006,0.24868429,0.004384117,0.14340274,0.017777529,0.14569235,0.017929869,0.71966994,0.0019354355,0.11164425,0.0061278045,0.23135951,0.019003168,null,null,null,null,"TWOGAUSSIANS",8,10.369115,0.71966994,0.0019354355,0.4,0.0,0.19174217,0.0033462732,0.24883428,0.004343032,0.4,0.0,0.10528589,0.006670939
375316653866487564,2927096937523421440,0.5865008,2308.380024577225,2.4352797695609465,5.8147903E-6,13.933518,0.010082425,0.24157105,0.0020020804,0.10128151,0.004967334,0.239194,0.009535091,0.730783,0.0012877916,0.111326225,0.0044326945,0.26122448,0.008980698,null,null,null,null,"TWOGAUSSIANS",8,86.32736,0.730783,0.0012877916,0.4,0.0,0.23330401,0.0040289126,0.24159105,0.0020092628,0.4,0.0,0.21129452,0.0035078186
375316653866487564,2927117660740243328,0.5189108,2292.901243421942,3.557380557047559,8.91054E-6,18.715189,0.008235627,0.2471816,0.0028590125,0.08825936,0.00538561,0.23753865,0.0078036324,0.75396305,0.002565078,0.09268158,0.00785167,0.2086403,0.011812848,null,null,null,null,"TWOGAUSSIANS",8,2.357274,0.2471816,0.0028590125,0.4,0.0,0.2287464,0.0060355514,0.75396305,0.002565078,0.4,0.0,0.19984789,0.013571411
375316653866487564,2927118588456829952,0.40548354,2292.768749328329,0.23140665259402587,5.113495E-6,11.607675,4.81426E-4,0.34139943,0.013634955,0.033391863,0.030281646,0.014410752,0.02668501,0.85415745,5.5430795E-4,0.014877949,9.4317785E-4,0.08751512,0.008065432,0.004366709,5.347126E-4,0.34139943,0.013634955,"TWOGAUSSIANS_WITH_ELLIPSOIDAL_ON_ECLIPSE1",9,11.184937,0.85415745,5.5430795E-4,0.08331651,0.0052817957,0.09619253,0.008409802,0.34139943,0.013634955,0.18699443,0.16957721,0.023144158,0.026645614
375316653866487564,2927122569884688256,0.48276028,2306.0006365773747,1.394064189355208,6.266747E-6,18.093195,0.0057725036,0.16396596,0.0025370626,0.03833377,0.0038119615,0.16834947,0.0188778,0.6764671,0.00785689,0.0655177,0.00765781,0.17653833,0.026743257,0.034687012,0.012202942,0.16396596,0.0025370626,"TWOGAUSSIANS_WITH_ELLIPSOIDAL_ON_ECLIPSE1",9,15.339616,0.6764671,0.00785689,0.3668991,0.042883735,0.24542862,0.022545243,0.16396596,0.0025370626,0.21466912,0.021346984,0.2376669,0.014094952
375316653866487564,2927125696626022016,0.51303023,2308.480672856207,3.7879894555458833,6.8750214E-6,19.60471,0.0077467547,0.23405625,0.0028837707,0.06533691,0.0040726196,0.34244838,0.014048966,0.73616517,0.0033067558,0.067238525,0.003947989,0.36678678,0.012707621,null,null,null,null,"TWOGAUSSIANS",8,2.0502114,0.73616517,0.0033067558,0.37653574,0.02210874,0.36624223,0.012675231,0.23405625,0.0028837707,0.3658867,0.02280667,0.34190384,0.01409444
375316653866487564,2927130786164371072,0.6429245,2247.903675786089,1.3688720988060081,2.6138605E-6,14.204023,0.015815696,0.22669446,0.0018797262,0.06548761,0.004967786,0.27865487,0.03085004,0.7233132,0.0014843842,0.066968635,0.0068807714,0.15033564,0.033824153,0.072744176,0.017871967,0.7233132,0.0014843842,"TWOGAUSSIANS_WITH_ELLIPSOIDAL_ON_ECLIPSE2",9,58.722187,0.22618447,0.0015346694,0.3667306,0.0278196,0.4237892,0.010760505,0.7233132,0.0014843842,0.37502435,0.03853232,0.29552576,0.006454212
375316653866487564,2927137623752169984,0.5562638,2258.5123659014675,3.9165763214376663,3.4600744E-6,17.646774,0.015302787,0.12453442,0.0014029094,0.049167838,0.0051700245,0.25239268,0.03731395,0.60702676,0.0044394545,0.07059876,0.0052875653,0.30527455,0.040654495,0.07944169,0.025019357,0.12453442,0.0014029094,"TWOGAUSSIANS_WITH_ELLIPSOIDAL_ON_ECLIPSE1",9,24.30934,0.6099868,0.0030736125,0.39535305,0.022647073,0.46233737,0.014766794,0.12453442,0.0014029094,0.2753399,0.028952137,0.4110475,0.016848693
375316653866487564,2927139788416195072,0.50685644,2255.460985965238,3.551517335522672,5.7399347E-6,19.732393,0.004988701,0.4778255,0.0013440986,0.05271182,0.0019245353,0.59340054,0.027106702,0.6572822,0.022054927,0.026401622,0.031138787,0.06172923,0.32715073,null,null,null,null,"TWOGAUSSIANS",8,1.8595846,0.4778255,0.0013440986,0.2951862,0.010777397,0.59340054,0.027106704,0.6572822,0.022054927,0.14784908,0.1743772,0.06353431,0.32876843
375316653866487564,2927143117010323328,0.54759187,2250.969488613391,3.2779991761403156,1.0846123E-6,18.757927,0.0017161868,0.638286,0.039489612,0.017638829,0.03276481,0.03195478,133.4498,0.88141364,2.8839204E-5,0.0021027278,3.4164827E-5,0.52030987,0.0039023124,0.0027625556,0.00303975,0.638286,0.039489612,"TWOGAUSSIANS_WITH_ELLIPSOIDAL_ON_ECLIPSE1",9,1.2042502,0.88141364,2.8839204E-5,0.011775276,1.9132304E-4,0.5203202,0.0040015494,0.638286,0.039489612,0.09877744,0.18348294,0.03747989,133.45145
375316653866487564,2927143666766788096,0.51641273,2244.5703782672467,3.1449803380715777,5.632083E-6,19.489872,0.0057251933,0.19882266,0.002094176,0.036941677,0.0028528362,0.48186973,0.018340454,0.703242,0.0041207895,0.044799946,0.003502868,0.4822092,0.062309884,null,null,null,null,"TWOGAUSSIANS",8,3.39192,0.703242,0.0041207895,0.25087968,0.019616062,0.4822092,0.06230989,0.19882266,0.002094176,0.20687339,0.015975883,0.48186973,0.018340457
375316653866487564,2927144152102372224,0.52894753,2251.5970177791014,0.2717968045092609,7.855376E-6,15.090927,0.0013775208,0.55893624,0.011900062,0.012946791,0.003277542,0.49053398,0.28932253,null,null,null,null,null,null,null,null,null,null,"ONEGAUSSIAN",5,69.00133,0.55893624,0.011900062,0.072502024,0.018354235,0.49053398,0.0,null,null,null,null,null,null
375316653866487564,2927145350393605760,0.64496416,2262.1732414276944,2.1462987807392584,1.912443E-6,16.762934,0.002382072,0.24762765,0.001278886,0.04104156,0.0051106922,0.041290462,0.0057248585,0.7445994,0.001076104,0.054312762,0.0016027172,0.1996096,0.005581509,0.0756219,0.0033044708,0.24762765,0.001278886,"TWOGAUSSIANS_WITH_ELLIPSOIDAL_ON_ECLIPSE1",9,3.4187007,0.7450494,8.6870947E-4,0.30415148,0.008975216,0.35080227,0.0024815605,0.24762765,0.001278886,0.22983272,0.028619876,0.19252971,0.0035267887
375316653866487564,2927145870089229696,0.5415263,2265.7452315684586,0.46802529480918004,6.0615034E-6,17.559116,0.0010665735,0.24554007,7.701008E-4,0.01776424,0.0011196715,0.26467267,0.016521495,0.7471786,0.0074995956,0.028064173,0.007228656,0.03146783,0.0076979343,null,null,null,null,"TWOGAUSSIANS",8,2.5284796,0.24554007,7.701008E-4,0.09947974,0.0062701604,0.26467267,0.016521495,0.7471786,0.0074995956,0.15715936,0.040480476,0.03146783,0.0076979343
375316653866487564,2927147240178684544,0.6390225,2285.060344865953,4.652438250800216,1.9172155E-6,18.475067,0.004766621,0.2599794,8.580271E-4,0.040664393,0.00163572,0.4358816,0.01795892,0.7572005,0.0010028904,0.042731628,0.0010611368,0.6612522,0.015196076,0.15743972,0.0066731507,0.2599794,8.580271E-4,"TWOGAUSSIANS_WITH_ELLIPSOIDAL_ON_ECLIPSE1",9,3.4191048,0.7573805,9.273722E-4,0.23929712,0.0059423666,0.9760418,0.01304718,0.2599794,8.580271E-4,0.2277206,0.009160032,0.75076103,0.018985394
375316653866487564,2927147549416282880,0.42934176,2365.31123009799,1.9828106283368396,5.0739975E-5,16.32365,0.019155093,0.26846123,0.009935946,0.03332206,0.0062555578,0.38572824,0.18707052,0.88274837,0.00921001,0.0072559733,0.00279055,0.3764588,0.29669118,0.103531115,0.027618105,0.26846123,0.009935946,"TWOGAUSSIANS_WITH_ELLIPSOIDAL_ON_ECLIPSE1",9,42.894783,0.26846123,0.009935946,0.18660353,0.03503112,0.5927904,0.19125028,0.88274837,0.00921001,0.04063345,0.01562708,0.49388537,0.30721456
375316653866487564,2927151264568441472,0.5880503,2248.8153854732695,2.6936820524244163,4.428011E-6,17.576542,0.008937542,0.27151313,0.0021857163,0.04009448,0.003396397,0.68273795,0.06787889,0.76908493,0.0015940791,0.040628344,0.002428131,0.6204841,0.036487967,0.09456931,0.01218321,0.27151313,0.0021857163,"TWOGAUSSIANS_WITH_ELLIPSOIDAL_ON_ECLIPSE1",9,21.63805,0.27151313,0.0021857163,0.22452909,0.019019824,0.87187654,0.07486288,0.76917493,0.0015211331,0.22751874,0.013597534,0.8095804,0.03900446
375316653866487564,2927155177278590720,0.5753437,2280.878939536923,1.3854195318930522,2.826534E-6,18.00647,0.0031572622,0.15803438,7.6893746E-4,0.018998826,0.0011399434,0.52730054,0.020375652,0.6595711,0.0021041108,0.023195442,0.0014973986,0.7511768,0.012319482,null,null,null,null,"TWOGAUSSIANS",8,9.641356,0.6595711,0.0021041108,0.12989448,0.008385432,0.7511768,0.012319482,0.15803438,7.6893746E-4,0.10639343,0.0063836826,0.52730054,0.020375652
375316653866487564,2927156963985255424,0.49654835,2270.5623152101516,3.523956923288798,1.03459E-5,18.465174,0.011728398,0.25125557,0.004608172,0.08977051,0.008265089,0.24463114,0.016438331,0.7429338,0.0031769923,0.09105506,0.006114427,0.27236405,0.011821827,null,null,null,null,"TWOGAUSSIANS",8,7.9941163,0.7429338,0.0031769923,0.4,0.0,0.2624331,0.009537739,0.25125557,0.004608172,0.4,0.0,0.23470026,0.01683102
375316653866487564,2927160296879995392,0.5278319,2247.9279065703076,3.8810209177217763,5.148579E-6,19.086405,0.010531373,0.20915073,0.0029772802,0.08907386,0.0056505837,0.28762338,0.010765732,0.7194528,0.0028223377,0.08660357,0.003944364,0.32458052,0.011496375,null,null,null,null,"TWOGAUSSIANS",8,1.5661118,0.7194528,0.0028223377,0.4,0.0,0.3155998,0.008773444,0.20915073,0.0029772802,0.4,0.0,0.27864262,0.009960199
375316653866487564,2927163530994727552,0.6563191,2259.7742753153707,2.348787687811073,1.5480991E-6,15.32846,0.0068716244,0.24778962,7.411595E-4,0.06023894,0.0023387468,0.28558874,0.01553875,0.74808943,0.0016028512,0.055680715,0.0019581423,0.3227849,0.016388645,0.13480985,0.007908739,0.24778962,7.411595E-4,"TWOGAUSSIANS_WITH_ELLIPSOIDAL_ON_ECLIPSE1",9,38.426758,0.74808943,0.0015441226,0.311812,0.010965596,0.59233683,0.0066949762,0.24778962,7.411595E-4,0.33733806,0.013096982,0.5551416,0.009709963
375316653866487564,2927164493067369088,0.56415623,2278.811035327641,0.6660305200897836,4.2633264E-6,15.910671,4.5856065E-4,0.15354341,0.0015721609,0.024876345,0.001914193,0.06361317,0.0033006538,0.65392774,0.0015971586,0.02413027,0.0020363317,0.06899581,0.003613894,0.017673763,7.570428E-4,0.15354341,0.0015721609,"TWOGAUSSIANS_WITH_ELLIPSOIDAL_ON_ECLIPSE1",9,2.6250021,0.65392774,0.0015904111,0.13512951,0.011403458,0.1043431,0.0036369285,0.15354341,0.0015721609,0.13930753,0.010719481,0.09896067,0.0033543757
375316653866487564,2927166279773701120,0.6687494,2295.4168898613325,2.2810886599521156,1.1302119E-6,16.174147,0.009452781,0.23504417,6.1297964E-4,0.05529912,0.00284431,0.26032767,0.018136475,0.7402446,6.0781423E-4,0.067161284,0.003104588,0.24128172,0.01749239,0.07559906,0.010048693,0.23504417,6.1297964E-4,"TWOGAUSSIANS_WITH_ELLIPSOIDAL_ON_ECLIPSE1",9,6.30331,0.23504417,6.1297964E-4,0.30967507,0.015928136,0.4113428,0.0032317073,0.7402446,6.0781423E-4,0.3761032,0.017385693,0.39213547,0.004485997
375316653866487564,2927169165991770880,0.581658,2291.5119089774325,2.548568116736612,4.285168E-6,17.16828,0.012095834,0.27072248,0.0025281818,0.051743966,0.0074650585,0.16445765,0.027232239,0.76354605,0.0031005766,0.057300437,0.007014086,0.16581973,0.026004918,0.0949858,0.015935719,0.27072248,0.0025281818,"TWOGAUSSIANS_WITH_ELLIPSOIDAL_ON_ECLIPSE1",9,9.100465,0.7651861,0.0021164098,0.32088244,0.039278883,0.35548466,0.009696223,0.27072248,0.0025281818,0.2897662,0.04180433,0.35442027,0.009630664
375316653866487564,2927170162424191872,0.63108784,2294.968020258726,0.17370325240645892,4.258671E-6,12.027389,6.384077E-4,0.38445786,2.729249E-4,0.012749648,6.6097704E-4,0.4578725,0.039303914,0.8851187,0.0021536157,0.01349105,0.0021200024,0.4466019,0.041551974,null,null,null,null,"TWOGAUSSIANS",8,31.371883,0.38445786,2.729249E-4,0.07139803,0.0037014715,0.4578725,0.039303914,0.8851187,0.0021536157,0.07554988,0.011872013,0.4466019,0.041551974
