Gaia/vari_eclipsing_binary/VariEclipsingBinary_519248-519942.csv
# %ECSV 1.0
# ---
# delimiter: ','
# meta: !!omap
# - RELEASE: Gaia DR3
# - TABLE: vari_eclipsing_binary
# - DESCRIPTION: >
#     This table describes the properties of the eclipsing binaries resulting from the variability analysis. 
# - CITATION: >
#     How to cite and acknowledge Gaia: 
#     https://gea.esac.esa.int/archive/documentation/credits.html 
# - KNOWN_ISSUES: >
#     Known issues: 
#     https://www.cosmos.esa.int/web/gaia-users/known-issues 
# - DOCUMENTATION: >
#     Tutorials and documentation: 
#     https://www.cosmos.esa.int/web/gaia-users/archive 
# datatype:
# - 
#   name: solution_id
#   datatype: int64
#   description: Solution Identifier
#   meta:
#     ucd: meta.version
# - 
#   name: source_id
#   datatype: int64
#   description: Unique source identifier
#   meta:
#     ucd: meta.id;meta.main
# - 
#   name: global_ranking
#   datatype: float32
#   description: Number between 0 (worst) and 1 (best)
#   meta:
#     ucd: stat.param
# - 
#   name: reference_time
#   datatype: float64
#   unit: d
#   description: Reference time used for the geometric model fit
#   meta:
#     ucd: time.epoch
# - 
#   name: frequency
#   datatype: float64
#   unit: d**-1
#   description: Frequency of geometric model of the eclipsing binary light curve
#   meta:
#     ucd: src.orbital
# - 
#   name: frequency_error
#   datatype: float32
#   unit: d**-1
#   description: "Uncertainty of \\texttt{frequency}"
#   meta:
#     ucd: stat.error
# - 
#   name: geom_model_reference_level
#   datatype: float32
#   unit: mag
#   description: Magnitude reference level of geometric model
#   meta:
#     ucd: phot.mag;em.opt
# - 
#   name: geom_model_reference_level_error
#   datatype: float32
#   unit: mag
#   description: "Uncertainty of \\texttt{geomModelReferenceLevel}"
#   meta:
#     ucd: stat.error;phot.mag;em.opt
# - 
#   name: geom_model_gaussian1_phase
#   datatype: float32
#   description: Phase of the Gaussian 1 component
#   meta:
#     ucd: time.phase
# - 
#   name: geom_model_gaussian1_phase_error
#   datatype: float32
#   description: "Uncertainty of \\texttt{geomModelGaussian1Phase}"
#   meta:
#     ucd: stat.error;time.phase
# - 
#   name: geom_model_gaussian1_sigma
#   datatype: float32
#   description: "Standard deviation [phase] of Gaussian 1 component"
#   meta:
#     ucd: stat.stdev
# - 
#   name: geom_model_gaussian1_sigma_error
#   datatype: float32
#   description: "Uncertainty of \\texttt{geomModelGaussian1Sigma}"
#   meta:
#     ucd: stat.error
# - 
#   name: geom_model_gaussian1_depth
#   datatype: float32
#   unit: mag
#   description: Magnitude depth of Gaussian 1 component
#   meta:
#     ucd: src.var.amplitude
# - 
#   name: geom_model_gaussian1_depth_error
#   datatype: float32
#   unit: mag
#   description: "Uncertainty of \\texttt{geomModelGaussian1Depth}"
#   meta:
#     ucd: stat.error;src.var.amplitude
# - 
#   name: geom_model_gaussian2_phase
#   datatype: float32
#   description: Phase of Gaussian 2 component
#   meta:
#     ucd: time.phase
# - 
#   name: geom_model_gaussian2_phase_error
#   datatype: float32
#   description: "Uncertainty of \\texttt{geomModelGaussian2Phase}"
#   meta:
#     ucd: stat.error;time.phase
# - 
#   name: geom_model_gaussian2_sigma
#   datatype: float32
[...]
#   datatype: float32
#   description: "Secondary eclipse: uncertainty of \\texttt{derivedSecondaryEclDuration}"
#   meta:
#     ucd: stat.error;time.duration
# - 
#   name: derived_secondary_ecl_depth
#   datatype: float32
#   unit: mag
#   description: "Secondary eclipse: depth"
#   meta:
#     ucd: src.var.amplitude
# - 
#   name: derived_secondary_ecl_depth_error
#   datatype: float32
#   unit: mag
#   description: "Secondary eclipse: uncertainty of \\texttt{derivedSecondaryEclDepth}"
#   meta:
#     ucd: stat.error;src.var.amplitude
solution_id,source_id,global_ranking,reference_time,frequency,frequency_error,geom_model_reference_level,geom_model_reference_level_error,geom_model_gaussian1_phase,geom_model_gaussian1_phase_error,geom_model_gaussian1_sigma,geom_model_gaussian1_sigma_error,geom_model_gaussian1_depth,geom_model_gaussian1_depth_error,geom_model_gaussian2_phase,geom_model_gaussian2_phase_error,geom_model_gaussian2_sigma,geom_model_gaussian2_sigma_error,geom_model_gaussian2_depth,geom_model_gaussian2_depth_error,geom_model_cosine_half_period_amplitude,geom_model_cosine_half_period_amplitude_error,geom_model_cosine_half_period_phase,geom_model_cosine_half_period_phase_error,model_type,num_model_parameters,reduced_chi2,derived_primary_ecl_phase,derived_primary_ecl_phase_error,derived_primary_ecl_duration,derived_primary_ecl_duration_error,derived_primary_ecl_depth,derived_primary_ecl_depth_error,derived_secondary_ecl_phase,derived_secondary_ecl_phase_error,derived_secondary_ecl_duration,derived_secondary_ecl_duration_error,derived_secondary_ecl_depth,derived_secondary_ecl_depth_error
[from data line 105]
375316653866487564,4569157016043702656,0.4867864,2144.947428781213,1.0215693857288268,1.0779787E-5,14.215467,9.093391E-4,0.2271151,0.0013252408,0.034470428,0.002066774,0.049068954,0.0024117527,0.7430596,0.006551358,0.023394821,0.020617167,0.009786104,123.53985,0.012496243,0.0011507188,0.7430596,0.006551358,"TWOGAUSSIANS_WITH_ELLIPSOIDAL_ON_ECLIPSE2",9,12.597255,0.22783509,0.0012055017,0.19303438,0.011573935,0.07382274,0.0021320712,0.7430596,0.006551358,0.131011,0.115456134,0.034778584,123.53995
375316653866487564,4569167770641957376,0.5645418,2183.0255094540307,0.18348569532154027,1.6441609E-5,17.724562,0.0014303345,0.31401643,6.5408926E-6,0.0057846094,6.146361E-5,0.15382768,0.0012180998,0.8121907,8.823128E-5,0.0054039904,1.0183484E-4,0.40218806,0.003015379,null,null,null,null,"TWOGAUSSIANS",8,3.2455554,0.8121907,8.823128E-5,0.030262347,5.702751E-4,0.40218806,0.003015379,0.31401643,6.5408926E-6,0.032393813,3.4419622E-4,0.15382768,0.0012180998
375316653866487564,4569181892494541568,0.456039,2233.140435270325,0.9564788077947749,6.6680645E-5,17.99833,0.0023374741,0.19155557,0.08705325,0.036099467,0.03007222,0.2072111,1.6978691,0.7041329,0.017728666,0.054554496,0.013257905,0.7859414,0.55386865,null,null,null,null,"TWOGAUSSIANS",8,2.8709207,0.7041329,0.017728666,0.3055052,0.07424427,0.78594136,0.5538715,0.19155557,0.08705325,0.202157,0.16840443,0.207211,1.6978685
375316653866487564,4569184087219983872,0.59965897,2181.272397167676,2.290263060049974,5.5296337E-6,16.062948,0.009604666,0.23924011,0.00229619,0.10035139,0.004232046,0.30587736,0.010100966,0.74025357,0.002046052,0.10693686,0.0047767805,0.2616895,0.009221711,null,null,null,null,"TWOGAUSSIANS",8,11.146612,0.23924011,0.00229619,0.4,0.0,0.2755252,0.0059540854,0.74025357,0.002046052,0.4,0.0,0.2313305,0.0054541724
375316653866487564,4569196289224161536,0.5405982,2168.2573994379804,0.05011899493134967,2.3493114E-6,13.418986,0.0011278857,0.118642345,1.3426266E-4,0.0017256241,4.308997E-4,2.9849095,11.679979,0.8371053,0.02141127,0.030365877,0.018261896,0.010999108,0.0028799232,0.002227639,0.0018045865,0.8371053,0.02141127,"TWOGAUSSIANS_WITH_ELLIPSOIDAL_ON_ECLIPSE2",9,71.708565,0.118642345,1.3426266E-4,0.009663495,0.0024130382,2.9850821,11.679981,0.8371053,0.02141127,0.17004892,0.10226662,0.015454386,0.0016945003
375316653866487564,4569200343673289216,0.6158917,2191.0122968493265,3.1335931253632525,5.1496527E-6,16.877134,0.021472428,0.22432753,0.0021080084,0.061237805,0.0061556483,0.27776682,0.045752462,0.7286711,0.0025329601,0.065325625,0.005743008,0.282973,0.044549435,0.08697861,0.024856126,0.22432753,0.0021080084,"TWOGAUSSIANS_WITH_ELLIPSOIDAL_ON_ECLIPSE1",9,13.454197,0.7286711,0.0025329601,0.3658235,0.032160845,0.4565886,0.0078029307,0.22432753,0.0021080084,0.3429317,0.03447163,0.45151198,0.009347361
375316653866487564,4569200412392436608,0.53670436,2192.89790455856,0.41422652477042093,7.89441E-5,17.785545,0.0014347117,0.26938164,0.01665428,0.04308824,0.013344104,0.029645234,0.00965608,0.7249059,0.0010301381,0.013628619,8.44947E-4,0.30992848,0.007856574,null,null,null,null,"TWOGAUSSIANS",8,2.268685,0.7249059,0.0010301381,0.07632027,0.004731703,0.30992848,0.007856574,0.26938164,0.01665428,0.24129415,0.074726984,0.029645234,0.00965608
375316653866487564,4569211437570500992,0.5621904,2183.3668565208327,4.681368578653808,6.689705E-6,19.574972,0.0076271845,0.16696282,0.0024604588,0.064005025,0.0024577933,0.7124247,0.016356021,0.6588009,0.0018510376,0.06583553,0.0020456882,0.55095726,0.016927611,null,null,null,null,"TWOGAUSSIANS",8,1.8022066,0.16696282,0.0024604588,0.35842812,0.013763643,0.7118349,0.01634887,0.6588009,0.0018510376,0.36867896,0.0114558535,0.5503675,0.016928567
375316653866487564,4569216217872187392,0.50630003,2190.664717968521,2.5326598564362928,1.088545E-5,10.990221,0.9094145,0.30352592,0.004427999,0.19528335,0.041122418,1.7407715,0.72235006,0.81115574,0.006346014,0.2256637,0.06612034,1.7857527,0.86617047,null,null,null,null,"TWOGAUSSIANS",8,1146.5997,0.29538593,0.0033017483,0.4,0.0,0.34635648,0.017041914,0.82039577,0.004433226,0.4,0.0,0.21586159,0.012790015
375316653866487564,4569227002532276608,0.628288,2161.0611631570346,3.6105907261422,2.968173E-6,18.037941,0.0047916966,0.20775142,0.0010539065,0.04459961,0.0019313945,0.24981439,0.011228233,0.7101982,0.0037432218,0.042093687,0.0017967655,0.31883064,0.022243496,0.12314554,0.0061761667,0.20775142,0.0010539065,"TWOGAUSSIANS_WITH_ELLIPSOIDAL_ON_ECLIPSE1",9,3.242031,0.7101982,0.0037432218,0.23572466,0.010061887,0.56506306,0.020830162,0.20775142,0.0010539065,0.24975783,0.010815809,0.49610502,0.0064530717
375316653866487564,4569238792220231040,0.5113145,2171.2198207056376,2.9594124324085658,1.2524709E-5,15.860892,0.018942798,0.30211312,0.0040188213,0.081714936,0.0058618467,0.47782403,0.023310268,0.7906901,0.0050073424,0.089885235,0.0074242484,0.5099689,0.022526698,null,null,null,null,"TWOGAUSSIANS",8,256.99756,0.7906901,0.0050073424,0.4,0.0,0.4983318,0.020979749,0.30211312,0.0040188213,0.4,0.0,0.46618715,0.021176303
375316653866487564,4569249164566498176,0.48602143,2203.6895459578545,3.7501003581005894,2.130719E-5,15.237647,0.09024889,0.2832997,0.0043134284,0.05643067,0.008819436,0.6632368,0.2048754,0.7886539,0.0047391355,0.06975569,0.020036304,0.4567026,0.1641525,0.042580906,0.09779521,0.2832997,0.0043134284,"TWOGAUSSIANS_WITH_ELLIPSOIDAL_ON_ECLIPSE1",9,459.8864,0.2832997,0.0043134284,0.31601176,0.04938884,0.7478422,0.053169273,0.7886539,0.0047391355,0.39063185,0.11050216,0.54121166,0.09134247
375316653866487564,4569252123799045632,0.49167183,2210.3719522197302,0.6803032669095697,2.06262E-5,16.378979,0.0013357212,0.24207215,0.0041397116,0.01303918,0.0033024542,0.15097313,0.02814283,0.8135154,0.05881304,0.022555692,0.01545786,0.028673658,0.23465033,null,null,null,null,"TWOGAUSSIANS",8,10.864334,0.24207215,0.0041397116,0.07301941,0.018493744,0.15097313,0.02814283,0.8135154,0.05881304,0.12631187,0.08656402,0.028673658,0.23465033
375316653866487564,4569256590564779136,0.5308207,2182.658135462192,2.6671924319740494,2.1786978E-5,16.048094,1.4791249,0.25055915,0.008370065,0.108560644,0.13901901,0.32451776,1.4504803,0.75738525,0.008734638,0.09560463,0.066911995,0.34166345,1.0042098,null,null,null,null,"TWOGAUSSIANS",8,93.56406,0.75739527,0.007069888,0.4,0.0,0.3112452,0.02502257,0.25055915,0.008743687,0.4,0.0,0.29408363,0.02866477
375316653866487564,4569257312120140800,0.43031105,2170.379012272687,0.0823827427196332,4.0770115E-5,8.181977,0.015957024,0.22632635,0.004341378,0.021662837,0.021301854,2.6184444,11.95676,0.6317583,0.026138237,0.0894078,0.013426014,0.21660654,0.01938514,null,null,null,null,"TWOGAUSSIANS",8,429.79297,0.22632635,0.004347736,0.12131189,0.11929039,2.6184516,11.956762,0.6317583,0.026138237,0.4,0.0,0.21660621,0.019358534
375316653866487564,4569275247902829056,0.58737785,2197.621000918759,3.7663010453755885,5.0780427E-6,17.308178,0.0055738445,0.20592,0.0020634946,0.08256708,0.0020294026,0.49634385,0.010651729,0.7094773,0.001499468,0.07792721,0.0018652496,0.47524548,0.007975987,null,null,null,null,"TWOGAUSSIANS",8,14.594432,0.20592,0.0020634946,0.4,0.0,0.48926657,0.010483041,0.7094773,0.001499468,0.4,0.0,0.4681682,0.0077803154
375316653866487564,4569288132804776576,0.57377696,2217.4678386826117,4.1478940080208195,6.388529E-6,16.967957,0.012339708,0.25875008,0.0015952624,0.049579684,0.003740345,0.44130653,0.033671834,0.75519294,0.0030881944,0.04988023,0.0053887814,0.30844924,0.032071237,0.13860095,0.02172377,0.25875008,0.0015952624,"TWOGAUSSIANS_WITH_ELLIPSOIDAL_ON_ECLIPSE1",9,33.669327,0.25875008,0.0015952624,0.2776462,0.02094593,0.7185056,0.029500118,0.75572294,0.0025767554,0.2793293,0.030177174,0.58553064,0.017721305
375316653866487564,4569338435458081536,0.43816808,2193.8786218233276,0.08652839941676939,3.1044732E-5,16.735876,0.0029277988,0.13442102,0.011301322,0.043753084,0.008706414,0.11404808,0.019921524,0.6852528,0.007645393,0.021938166,0.0054330016,0.118299045,0.046245113,null,null,null,null,"TWOGAUSSIANS",8,5.1583605,0.6852528,0.007645393,0.122853726,0.030424807,0.118299045,0.046245113,0.13442102,0.011301322,0.24501726,0.048755918,0.11404808,0.019921524
375316653866487564,4569379834649110144,0.58245534,2152.5830656399216,3.9358811965646168,1.0253484E-5,18.853672,0.008543087,0.31411222,0.0039522955,0.073483646,0.004555259,0.59208727,0.027070595,0.8139495,0.0017959194,0.061667964,0.0021163083,0.52427804,0.010016429,null,null,null,null,"TWOGAUSSIANS",8,3.0800383,0.31411222,0.0039522955,0.4,0.0,0.59090215,0.027352765,0.8139495,0.0017959194,0.3453406,0.011851327,0.5230929,0.00965558
375316653866487564,4569397499852654720,0.52658176,2197.6458631396727,0.6860425271383408,3.1356942E-6,12.675294,0.0037020184,0.20101097,9.213328E-4,0.005231265,7.7703915E-4,0.20851016,0.09596284,0.68912697,7.257536E-4,0.013842318,7.139407E-4,0.6462163,0.039528385,null,null,null,null,"TWOGAUSSIANS",8,1243.2585,0.68912697,7.257536E-4,0.07751698,0.003998068,0.6462163,0.039528385,0.20101097,9.213328E-4,0.029295083,0.004351419,0.20851016,0.09596284
375316653866487564,4569398736802861824,0.63396686,2181.9625668084677,0.5975475411935767,1.0900841E-6,14.217147,0.0020082144,0.31783262,3.4569667E-4,0.03747597,5.0786487E-4,0.51099116,0.0046500135,0.8186778,0.0018923223,0.033398435,0.0027198938,0.06631432,0.005833091,0.013778042,0.0027138942,0.31783262,3.4569667E-4,"TWOGAUSSIANS_WITH_ELLIPSOIDAL_ON_ECLIPSE1",9,38.459713,0.31783262,3.4569667E-4,0.20986542,0.0028440433,0.53854716,0.0030374846,0.8186778,0.0018923223,0.18703124,0.015231404,0.09386957,0.0042460873
375316653866487564,4569402099758419712,0.4758527,2218.4889099863167,3.0938062217444324,5.5018198E-5,19.80126,0.0099014165,0.34965104,0.012413179,0.051090144,0.006441204,0.6796737,0.11490608,0.62146664,0.06615073,0.06858106,0.04964643,0.04621904,0.03175134,null,null,null,null,"TWOGAUSSIANS",8,5.148964,0.34965104,0.0124076,0.28610483,0.03607074,0.6796916,0.11485968,0.62146664,0.06615073,0.38405395,0.27122408,0.04621952,0.031846475
375316653866487564,4569453020891262976,0.569191,2182.494596764356,0.14895471737560212,1.047407E-6,18.682962,0.0015670676,0.15653437,0.028048815,0.01710861,0.016700562,0.013121916,0.018083528,0.3318024,3.17864E-5,0.0052185254,3.880618E-5,0.5710448,0.0014892991,null,null,null,null,"TWOGAUSSIANS",8,1.0611045,0.3318024,3.17864E-5,0.029223742,2.1731462E-4,0.5710448,0.0014892991,0.15653437,0.028048815,0.095808215,0.09352315,0.013121916,0.018083528
375316653866487564,4569461129789634688,0.47314933,2214.5423981712142,0.9403871003899258,1.280561E-5,19.495222,0.0041384473,0.28700218,0.001687469,0.02861217,0.0017565587,0.30856115,0.018243957,0.805254,0.013904952,0.017196745,0.023746762,0.13146316,0.11172728,null,null,null,null,"TWOGAUSSIANS",8,1.3684431,0.28700218,0.001687469,0.16022816,0.009836729,0.30856115,0.018243957,0.805254,0.013904952,0.096301764,0.13298187,0.13146316,0.11172728
375316653866487564,4569466219328964480,0.48488003,2179.1525207137774,2.2507810586961114,1.6745242E-5,15.416566,0.0024936588,0.31098825,0.0017067434,0.039034646,0.0017175952,0.17768747,0.008779693,0.7145811,3.0948874E-4,0.011367486,0.0018168667,0.03839097,0.004501606,null,null,null,null,"TWOGAUSSIANS",8,79.7136,0.31098825,0.0017067434,0.21859403,0.009618533,0.17768747,0.008779693,0.7145811,3.0948874E-4,0.06365792,0.010174453,0.03839097,0.004501606
375316653866487564,4569479310389433856,0.6056463,2173.7533107358845,2.9170434444787823,4.7749445E-6,16.529793,0.0064700814,0.22375639,0.0028879715,0.042736955,0.0032695136,0.20172778,0.01712047,0.72714806,0.0012381965,0.046009805,0.0026559592,0.32949626,0.016864812,0.11516457,0.008722553,0.72714806,0.0012381965,"TWOGAUSSIANS_WITH_ELLIPSOIDAL_ON_ECLIPSE2",9,27.50536,0.72714806,0.0012381965,0.2576549,0.014873371,0.559825,0.0126543315,0.2242364,0.0024584678,0.23932695,0.018309277,0.4319667,0.010816886
375316653866487564,4569481715571127296,0.5024912,2178.2346425357605,2.7022286018951647,1.7522674E-5,16.684305,0.13439023,0.23234531,0.0042262655,0.17405848,0.056168936,0.18105653,0.12283233,0.73200905,0.0042899353,0.18678829,0.060095973,0.18995167,0.12596816,null,null,null,null,"TWOGAUSSIANS",8,2.6167245,0.73200905,0.0042974716,0.4,0.0,0.05386058,0.0020537085,0.23249531,0.0045323544,0.4,0.0,0.04967911,0.002728308
375316653866487564,4569483669776950784,0.59413546,2175.509640850131,2.2779851239045943,3.3080928E-6,14.767008,0.0028132957,0.29641306,0.0014423918,0.08540078,0.002442336,0.2554754,0.0044537103,0.7939234,0.0017788147,0.09406263,0.0024422798,0.19040611,0.0032661823,null,null,null,null,"TWOGAUSSIANS",8,21.87012,0.29641306,0.0014423918,0.4,0.0,0.24681854,0.005002293,0.7939234,0.0017788147,0.4,0.0,0.18174899,0.0026479873
375316653866487564,4569493638400368384,0.5786085,2166.800128852508,2.2312084681080835,9.567801E-6,13.100192,0.0083720945,0.23504128,0.002566987,0.09451827,0.0041467454,0.27706164,0.008985437,0.7414748,0.0021336628,0.11025598,0.0043291356,0.22678156,0.008459236,null,null,null,null,"TWOGAUSSIANS",8,94.98133,0.23503128,0.0025674598,0.4,0.0,0.2538489,0.0057815793,0.7414748,0.0021336628,0.4,0.0,0.20355329,0.0040616035
375316653866487564,4569513871988770816,0.4694466,2170.7599746630317,2.132093686455979,4.8723545E-5,18.458204,0.006326859,0.08982837,0.008345848,0.027160984,0.008826088,0.31826395,0.059552275,0.8060329,0.012852194,0.0185152,0.012316943,0.050009616,0.042709164,null,null,null,null,"TWOGAUSSIANS",8,12.268483,0.08982837,0.008345848,0.15210152,0.049426094,0.31826395,0.059552275,0.8060329,0.012852194,0.10368511,0.06897488,0.050009616,0.042709164
375316653866487564,4569522427562408320,0.53338224,2195.4193577922074,2.3224521608594766,8.976595E-6,18.692072,0.0049960273,0.2122725,0.004338046,0.07709638,0.0039143353,0.1711376,0.007249428,0.70411575,0.0012987293,0.0568544,0.0018553151,0.46344203,0.020299327,null,null,null,null,"TWOGAUSSIANS",8,3.3013752,0.70411575,0.0012987293,0.31838465,0.010389764,0.46306062,0.02034207,0.2122725,0.004338046,0.4,0.0,0.1707562,0.0071855704
375316653866487564,4569537343987416832,0.5459497,2188.774616298876,3.7042479671329556,1.055048E-5,16.042343,0.027268773,0.25104192,0.0030865276,0.11097196,0.012116884,0.23986004,0.024651242,0.73169273,0.002881004,0.11198616,0.012564915,0.2430412,0.023442458,null,null,null,null,"TWOGAUSSIANS",8,27.451992,0.73169273,0.002881004,0.4,0.0,0.21102917,0.008305191,0.2510819,0.0030855078,0.4,0.0,0.20785306,0.00717556
375316653866487564,4569593620941337088,0.43923882,2165.9461816713565,0.2727854763903562,3.16552E-5,19.20583,0.005927313,0.13256401,0.0023067687,0.012489622,0.002135772,0.63584906,0.23290457,0.7978618,0.04586444,0.03516504,0.030928755,0.060429096,0.05620781,null,null,null,null,"TWOGAUSSIANS",8,7.44779,0.13256401,0.0023067687,0.069941886,0.011960323,0.63584906,0.23290457,0.7978618,0.04586444,0.19692422,0.17320102,0.060429096,0.05620781
375316653866487564,4569612523094342400,0.6170289,2183.77156832273,2.905975665879711,5.684527E-6,14.922112,0.017816082,0.2457478,0.0018184608,0.05334374,0.004270975,0.35759106,0.03456797,0.74172765,0.0014621649,0.05989755,0.004379016,0.3746326,0.03499199,0.09938059,0.01852978,0.74172765,0.0014621649,"TWOGAUSSIANS_WITH_ELLIPSOIDAL_ON_ECLIPSE2",9,181.1906,0.74172765,0.0014621649,0.33542627,0.024522489,0.57332826,0.016247066,0.2452978,0.0015814992,0.29872495,0.02391746,0.556174,0.011739679
375316653866487564,4569635849058811520,0.6406536,2178.3742218600764,3.9813749070967623,5.3053677E-6,17.178703,0.01992446,0.29502085,0.0021100547,0.04219467,0.01877374,0.23221572,0.032438587,0.7925493,0.0028147711,0.04701628,0.008674616,0.15612084,0.042217422,0.13695668,0.024468558,0.29502085,0.0021100547,"TWOGAUSSIANS_WITH_ELLIPSOIDAL_ON_ECLIPSE1",9,5.8482423,0.29502085,0.0021100547,0.23629014,0.10513295,0.50612897,0.01788567,0.7931293,0.0019310336,0.26329118,0.048577853,0.42998353,0.0086583225
