Gaia/vari_eclipsing_binary/VariEclipsingBinary_227770-227863.csv
# %ECSV 1.0
# ---
# delimiter: ','
# meta: !!omap
# - RELEASE: Gaia DR3
# - TABLE: vari_eclipsing_binary
# - DESCRIPTION: >
#     This table describes the properties of the eclipsing binaries resulting from the variability analysis. 
# - CITATION: >
#     How to cite and acknowledge Gaia: 
#     https://gea.esac.esa.int/archive/documentation/credits.html 
# - KNOWN_ISSUES: >
#     Known issues: 
#     https://www.cosmos.esa.int/web/gaia-users/known-issues 
# - DOCUMENTATION: >
#     Tutorials and documentation: 
#     https://www.cosmos.esa.int/web/gaia-users/archive 
# datatype:
# - 
#   name: solution_id
#   datatype: int64
#   description: Solution Identifier
#   meta:
#     ucd: meta.version
# - 
#   name: source_id
#   datatype: int64
#   description: Unique source identifier
#   meta:
#     ucd: meta.id;meta.main
# - 
#   name: global_ranking
#   datatype: float32
#   description: Number between 0 (worst) and 1 (best)
#   meta:
#     ucd: stat.param
# - 
#   name: reference_time
#   datatype: float64
#   unit: d
#   description: Reference time used for the geometric model fit
#   meta:
#     ucd: time.epoch
# - 
#   name: frequency
#   datatype: float64
#   unit: d**-1
#   description: Frequency of geometric model of the eclipsing binary light curve
#   meta:
#     ucd: src.orbital
# - 
#   name: frequency_error
#   datatype: float32
#   unit: d**-1
#   description: "Uncertainty of \\texttt{frequency}"
#   meta:
#     ucd: stat.error
# - 
#   name: geom_model_reference_level
#   datatype: float32
#   unit: mag
#   description: Magnitude reference level of geometric model
#   meta:
#     ucd: phot.mag;em.opt
# - 
#   name: geom_model_reference_level_error
#   datatype: float32
#   unit: mag
#   description: "Uncertainty of \\texttt{geomModelReferenceLevel}"
#   meta:
#     ucd: stat.error;phot.mag;em.opt
# - 
#   name: geom_model_gaussian1_phase
#   datatype: float32
#   description: Phase of the Gaussian 1 component
#   meta:
#     ucd: time.phase
# - 
#   name: geom_model_gaussian1_phase_error
#   datatype: float32
#   description: "Uncertainty of \\texttt{geomModelGaussian1Phase}"
#   meta:
#     ucd: stat.error;time.phase
# - 
#   name: geom_model_gaussian1_sigma
#   datatype: float32
#   description: "Standard deviation [phase] of Gaussian 1 component"
#   meta:
#     ucd: stat.stdev
# - 
#   name: geom_model_gaussian1_sigma_error
#   datatype: float32
#   description: "Uncertainty of \\texttt{geomModelGaussian1Sigma}"
#   meta:
#     ucd: stat.error
# - 
#   name: geom_model_gaussian1_depth
#   datatype: float32
#   unit: mag
#   description: Magnitude depth of Gaussian 1 component
#   meta:
#     ucd: src.var.amplitude
# - 
#   name: geom_model_gaussian1_depth_error
#   datatype: float32
#   unit: mag
#   description: "Uncertainty of \\texttt{geomModelGaussian1Depth}"
#   meta:
#     ucd: stat.error;src.var.amplitude
# - 
#   name: geom_model_gaussian2_phase
#   datatype: float32
#   description: Phase of Gaussian 2 component
#   meta:
#     ucd: time.phase
# - 
#   name: geom_model_gaussian2_phase_error
#   datatype: float32
#   description: "Uncertainty of \\texttt{geomModelGaussian2Phase}"
#   meta:
#     ucd: stat.error;time.phase
# - 
#   name: geom_model_gaussian2_sigma
#   datatype: float32
[...]
#   datatype: float32
#   description: "Secondary eclipse: uncertainty of \\texttt{derivedSecondaryEclDuration}"
#   meta:
#     ucd: stat.error;time.duration
# - 
#   name: derived_secondary_ecl_depth
#   datatype: float32
#   unit: mag
#   description: "Secondary eclipse: depth"
#   meta:
#     ucd: src.var.amplitude
# - 
#   name: derived_secondary_ecl_depth_error
#   datatype: float32
#   unit: mag
#   description: "Secondary eclipse: uncertainty of \\texttt{derivedSecondaryEclDepth}"
#   meta:
#     ucd: stat.error;src.var.amplitude
solution_id,source_id,global_ranking,reference_time,frequency,frequency_error,geom_model_reference_level,geom_model_reference_level_error,geom_model_gaussian1_phase,geom_model_gaussian1_phase_error,geom_model_gaussian1_sigma,geom_model_gaussian1_sigma_error,geom_model_gaussian1_depth,geom_model_gaussian1_depth_error,geom_model_gaussian2_phase,geom_model_gaussian2_phase_error,geom_model_gaussian2_sigma,geom_model_gaussian2_sigma_error,geom_model_gaussian2_depth,geom_model_gaussian2_depth_error,geom_model_cosine_half_period_amplitude,geom_model_cosine_half_period_amplitude_error,geom_model_cosine_half_period_phase,geom_model_cosine_half_period_phase_error,model_type,num_model_parameters,reduced_chi2,derived_primary_ecl_phase,derived_primary_ecl_phase_error,derived_primary_ecl_duration,derived_primary_ecl_duration_error,derived_primary_ecl_depth,derived_primary_ecl_depth_error,derived_secondary_ecl_phase,derived_secondary_ecl_phase_error,derived_secondary_ecl_duration,derived_secondary_ecl_duration_error,derived_secondary_ecl_depth,derived_secondary_ecl_depth_error
[from data line 761]
375316653866487564,2004216703102171520,0.5649285,2143.8892776421835,4.000601905353653,8.08859E-6,16.899055,0.010631732,0.1845382,0.0015877676,0.090251215,0.005719026,0.40078208,0.011331908,0.6749575,0.0029470928,0.08671516,0.005383456,0.2969504,0.010579579,null,null,null,null,"TWOGAUSSIANS",8,13.587147,0.1845382,0.0015877676,0.4,0.0,0.389842,0.013149504,0.6749575,0.0029470928,0.4,0.0,0.2860105,0.008780129
375316653866487564,2004217592144690432,0.49707654,2127.1787440992557,3.830823633354953,1.7222E-5,17.508627,0.007348246,0.24387175,0.004667943,0.08049553,0.008197016,0.12479967,0.0075088507,0.7408211,0.008211758,0.08914729,0.012407644,0.124178626,0.023196168,null,null,null,null,"TWOGAUSSIANS",8,4.671449,0.24387175,0.004667943,0.4,0.0,0.12173729,0.006746017,0.7408211,0.008211758,0.4,0.0,0.12111621,0.024246667
375316653866487564,2004219344491520896,0.5037173,2154.6092580208883,2.7209924669129166,2.0453072E-5,17.712471,0.0030647588,0.17385526,0.011900766,0.015606869,0.0058312523,0.1247168,0.2731057,0.7346712,0.0038932539,0.045535944,0.045749206,0.020137122,0.07307418,0.091022626,0.0044113942,0.7346712,0.0038932539,"TWOGAUSSIANS_WITH_ELLIPSOIDAL_ON_ECLIPSE2",9,9.792017,0.17537527,0.011482453,0.08739846,0.03265501,0.2820504,0.27298465,0.7346712,0.0038932539,0.2550013,0.25619555,0.20218211,0.07352216
375316653866487564,2004219688089462016,0.53676605,2136.3546582827494,4.024740279147861,4.7661847E-6,19.737915,0.010151992,0.1431219,0.0029569766,0.067408085,0.00327731,0.64380574,0.026750617,0.6424303,0.003338554,0.06670336,0.0031270713,0.5348026,0.017436663,null,null,null,null,"TWOGAUSSIANS",8,1.132662,0.1431219,0.0029569766,0.3774853,0.018352935,0.6427018,0.026915772,0.6424303,0.003338554,0.3735388,0.017511599,0.53369874,0.017319147
375316653866487564,2004219997326566912,0.45015115,2114.7779096634054,0.21917376852824105,1.07238426E-4,18.81369,0.003254589,0.2214438,0.0090117585,0.017452536,0.006428361,0.2224726,0.32544628,0.7386107,0.016000373,0.03892699,0.014755258,0.057243377,0.014753795,null,null,null,null,"TWOGAUSSIANS",8,2.8684266,0.2214438,0.0090117585,0.0977342,0.03599882,0.2224726,0.32544628,0.7386107,0.016000373,0.21799113,0.08262945,0.057243377,0.014753795
375316653866487564,2004220517033582592,0.5357666,2138.5305302798324,0.4003698472658656,6.199236E-6,13.60097,3.9410888E-4,0.8148499,0.0021707849,0.0350963,0.0041743265,0.037264004,0.003143756,null,null,null,null,null,null,0.018543325,8.224146E-4,0.8148499,0.0021707849,"ONEGAUSSIAN_WITH_ELLIPSOIDAL",6,10.270716,0.8148499,0.0021707849,0.19653927,0.02337623,0.07435059,0.0031518592,null,null,null,null,null,null
375316653866487564,2004221272940958208,0.55850667,2121.903770948916,3.688806003166509,6.827373E-6,18.82046,0.009967268,0.15321478,0.0036187149,0.084914535,0.0055623865,0.37903288,0.020989113,0.6550057,0.002851029,0.08104621,0.004101145,0.34256014,0.011109544,null,null,null,null,"TWOGAUSSIANS",8,1.8596519,0.15321478,0.0036187149,0.4,0.0,0.37156805,0.02211795,0.6550057,0.002851029,0.4,0.0,0.33509535,0.010185922
375316653866487564,2004221341660420736,0.4538976,2134.675294974342,2.884882782653551,2.9551547E-5,18.176811,0.01601637,0.24862507,0.009399722,0.09724765,0.014116148,0.12108206,0.01616162,0.7234106,0.014098244,0.106364064,0.021173479,0.10087493,0.018853867,null,null,null,null,"TWOGAUSSIANS",8,4.0673647,0.24863507,0.009395709,0.4,0.0,0.11320376,0.008079612,0.7234106,0.014098244,0.4,0.0,0.09299223,0.012285901
375316653866487564,2004221582185229952,0.440076,2158.296277349459,0.06361876008442005,6.383753E-5,18.303371,0.0052589895,0.5930869,0.017350601,0.093707316,0.018757287,0.084489346,0.007929295,0.8161938,0.02931735,0.05707973,0.018420275,0.060739063,0.011536724,null,null,null,null,"TWOGAUSSIANS",8,4.5287466,0.5932969,0.017285535,0.4,0.0,0.08451852,0.007955393,0.8161938,0.02931735,0.31964648,0.10315354,0.06570325,0.009576963
375316653866487564,2004221680949602816,0.55614924,2152.7984196771617,2.1333270112211324,7.53606E-6,18.54459,0.0046636504,0.29407436,0.0016321482,0.052894942,0.0015757603,0.38019773,0.010636097,0.7898445,0.0020145238,0.049860157,0.0022827713,0.41163367,0.010430028,null,null,null,null,"TWOGAUSSIANS",8,3.899784,0.7898445,0.0020145238,0.2792169,0.01278352,0.41162902,0.010430767,0.29407436,0.0016321482,0.2962117,0.008824258,0.38019308,0.010636372
375316653866487564,2004222368144599168,0.5962231,2144.5907443130986,2.713971580370922,4.687086E-6,18.23654,0.0077218716,0.22400692,0.0015404971,0.05060891,0.0038124304,0.24627958,0.019006025,0.7111382,0.0067900363,0.045164958,0.0067126425,0.19427802,0.02337763,0.09992005,0.011051985,0.22400692,0.0015404971,"TWOGAUSSIANS_WITH_ELLIPSOIDAL_ON_ECLIPSE1",9,3.559584,0.22400692,0.0015404971,0.2834099,0.02134961,0.44611844,0.011953903,0.7129682,0.005939604,0.25292376,0.037590798,0.39299765,0.01761764
375316653866487564,2004224502763267328,0.57276005,2156.1638553756547,0.6852415850465137,3.006188E-5,15.396568,0.0010098751,0.31906974,0.004892666,0.020675734,0.003681956,0.32143915,0.07088367,0.8178243,0.002275736,0.021089396,0.0020652844,0.1166349,0.0100618005,null,null,null,null,"TWOGAUSSIANS",8,12.629194,0.31906974,0.004892666,0.1157841,0.020618953,0.32143915,0.07088367,0.8178243,0.002275736,0.11810061,0.011565593,0.1166349,0.0100618005
375316653866487564,2004225460530992768,0.4673491,2145.4621994939444,0.031797682892283304,1.7344662E-5,18.887096,0.009356565,0.24684076,0.0077019553,0.06531938,0.00716464,0.23897052,0.016655583,0.7022417,0.021160867,0.10056694,0.021028373,0.20463747,0.016422803,null,null,null,null,"TWOGAUSSIANS",8,4.0015044,0.24685076,0.007698436,0.36578855,0.040121984,0.23704353,0.016426574,0.7022417,0.021160867,0.4,0.0,0.20270318,0.016444765
375316653866487564,2004225705353299328,0.61167437,2141.1470617940395,2.9726888529920656,5.403174E-6,15.802861,0.038817983,0.18053168,0.00210844,0.06207219,0.0109896185,0.3047365,0.081106074,0.67732763,0.006288083,0.05759498,0.011704363,0.19952019,0.08834289,0.06944451,0.047501713,0.18053168,0.00210844,"TWOGAUSSIANS_WITH_ELLIPSOIDAL_ON_ECLIPSE1",9,55.758816,0.18053168,0.00210844,0.34760427,0.061541867,0.4435222,0.016610883,0.6778176,0.005102071,0.32253188,0.065544434,0.33825833,0.018321538
375316653866487564,2004228346738851072,0.56313723,2146.5915450058983,3.1239542786060817,5.5922496E-6,18.566477,0.011350093,0.2382207,0.002526469,0.08569265,0.0042250585,0.35672167,0.0125307515,0.7355788,0.0018206517,0.082157716,0.005157849,0.38294342,0.00968099,null,null,null,null,"TWOGAUSSIANS",8,2.996501,0.7355788,0.0018206517,0.4,0.0,0.37460625,0.0088351155,0.2382207,0.002526469,0.4,0.0,0.34838447,0.010739675
375316653866487564,2004228763370204032,0.5407066,2136.5658278024534,1.761693176491975,1.0298599E-5,17.746681,0.0013401133,0.10051052,2.1222151E-4,0.004102326,7.6730976E-5,0.5600735,0.027234985,0.45176935,3.308101E-4,0.011983037,0.0030061863,0.025452869,0.008636592,null,null,null,null,"TWOGAUSSIANS",8,1.3131396,0.10051052,2.1222151E-4,0.022973025,4.2969346E-4,0.5600735,0.027234985,0.45176935,3.308101E-4,0.06710501,0.016834643,0.025452869,0.008636592
375316653866487564,2004229141327335808,0.6479629,2143.9013228431395,2.9991367599559062,2.2125523E-6,17.531343,0.004772774,0.20548262,8.427016E-4,0.04087437,0.0014254096,0.281543,0.012118189,0.7077849,8.354316E-4,0.045735147,0.0012258326,0.43093434,0.018029211,0.12513202,0.007123193,0.20548262,8.427016E-4,"TWOGAUSSIANS_WITH_ELLIPSOIDAL_ON_ECLIPSE1",9,4.2174196,0.7077849,8.354316E-4,0.25611684,0.0068646623,0.6811459,0.015643034,0.20548262,8.427016E-4,0.22889648,0.007982294,0.53180695,0.006492629
375316653866487564,2004229725443896320,0.46947047,2124.36075990974,2.395150007719024,4.3183012E-5,18.589808,0.0035732924,0.19363543,4.2061735E-4,0.010091023,5.5680354E-4,0.23717937,0.003761473,0.50840706,0.007969893,0.0065777414,0.0027273041,0.12659584,0.106838934,null,null,null,null,"TWOGAUSSIANS",8,3.2337246,0.19363543,4.2061735E-4,0.056509726,0.0031180999,0.23717937,0.003761473,0.50840706,0.007969893,0.03683535,0.015272903,0.12659584,0.106838934
375316653866487564,2004230408321169536,0.53762156,2107.3052886040073,2.6943074632920267,8.6478285E-6,18.96451,0.00706427,0.2711628,0.0069764038,0.096430466,0.009816746,0.13070974,0.010057903,0.7749647,0.0024776992,0.07380907,0.0031351086,0.26220825,0.008618677,null,null,null,null,"TWOGAUSSIANS",8,0.9294036,0.7749647,0.0024776992,0.4,0.0,0.25787786,0.0074548167,0.2711628,0.0069764038,0.4,0.0,0.12637895,0.010314974
375316653866487564,2004230923719372928,0.537616,2128.7286308207904,3.0983337294006814,1.5526135E-5,19.12151,0.009579392,0.29979596,0.0038827818,0.06832853,0.0077911816,0.46405804,0.055214316,0.7974564,0.0028360293,0.07466844,0.0034869001,0.3985035,0.014667528,null,null,null,null,"TWOGAUSSIANS",8,3.0810285,0.29979596,0.0038827818,0.38263977,0.034256697,0.46226907,0.056493703,0.7974564,0.0028360293,0.4,0.0,0.39671454,0.014250876
375316653866487564,2004232852171616000,0.56253016,2148.872444049908,3.6271771483851722,6.933081E-6,17.468355,0.0037091633,0.27385792,0.0022850179,0.0781996,0.0027914136,0.30415982,0.004507956,0.769533,0.0016794717,0.072615646,0.0026558377,0.26707605,0.0048451503,null,null,null,null,"TWOGAUSSIANS",8,5.791402,0.27385792,0.0022850179,0.4,0.0,0.30202937,0.004288089,0.769533,0.0016794717,0.4,0.0,0.26494557,0.0047723
375316653866487564,2004233436295701504,0.5701294,2103.432129896168,3.013461369957444,6.0516645E-6,18.995277,0.019881362,0.16384178,0.0017926389,0.042954955,0.0050928635,0.6020184,0.042734332,0.662325,0.0062341094,0.03667578,0.007833409,0.5687775,0.05585091,0.12586606,0.026290454,0.16384178,0.0017926389,"TWOGAUSSIANS_WITH_ELLIPSOIDAL_ON_ECLIPSE1",9,4.984033,0.16384178,0.0017926389,0.24054775,0.028520035,0.85375047,0.0430722,0.662395,0.006112647,0.20538439,0.04386709,0.8204877,0.043394078
375316653866487564,2004234673245480320,0.6386875,2095.3971975760664,0.32394542489085854,6.8497493E-6,16.40092,9.106978E-4,0.25611538,0.001544731,0.012970952,0.0012880501,0.30354908,0.014495996,0.75515836,0.0018258952,0.012479319,0.0014583094,0.39209434,0.049739603,null,null,null,null,"TWOGAUSSIANS",8,3.5259738,0.75515836,0.0018258952,0.06988419,0.008166533,0.39209434,0.049739603,0.25611538,0.001544731,0.072637334,0.0072130803,0.30354908,0.014495996
375316653866487564,2004236043320701056,0.50461274,2113.1765131654342,2.5283792374139473,1.32012465E-5,18.036024,0.56763107,0.18779117,0.0053873104,0.15522824,0.062898174,0.4431822,0.5025009,0.6831049,0.0044298945,0.1687647,0.09516836,0.3968687,0.5444518,null,null,null,null,"TWOGAUSSIANS",8,3.7027555,0.18859117,0.0047217472,0.4,0.0,0.20533578,0.0116229905,0.6831049,0.0044298945,0.4,0.0,0.15410475,0.008095489
375316653866487564,2004236288153439232,0.6060769,2133.016350195494,2.180955835422329,4.6238224E-6,12.66045,0.008202222,0.30474383,0.0024460808,0.1218275,0.009432293,0.09518596,0.0077581787,0.8055233,0.0013080442,0.1144312,0.0070938836,0.08962365,0.0076872385,null,null,null,null,"TWOGAUSSIANS",8,10.905479,0.30474383,0.0024537968,0.4,0.0,0.07564952,9.984314E-4,0.80553323,0.0013203383,0.4,0.0,0.07011628,0.0015032908
375316653866487564,2004236563031352832,0.5548252,2138.8402679617025,2.5850757224095706,1.1414576E-5,15.884865,0.010259703,0.29323903,0.08237426,0.06688481,0.16742368,0.020492338,0.21328044,0.7624889,0.0039513367,0.04063226,0.021703558,0.022594031,0.02622738,0.06817965,0.013055242,0.7624889,0.0039513367,"TWOGAUSSIANS_WITH_ELLIPSOIDAL_ON_ECLIPSE2",9,16.04478,0.7624889,0.0039513367,0.22754064,0.12153993,0.15894915,0.004905174,0.27133903,0.113224514,0.3745549,0.8641952,0.15535668,0.20965289
375316653866487564,2004236769189779584,0.5948776,2128.364415204767,1.7718198867551955,4.4481917E-6,17.832907,0.006324724,0.26378962,0.0011929189,0.037259623,0.0021916577,0.4865787,0.029181374,0.76297796,0.0011881551,0.038122345,0.0019790018,0.44760442,0.0146814305,0.031085351,0.009622898,0.26378962,0.0011929189,"TWOGAUSSIANS_WITH_ELLIPSOIDAL_ON_ECLIPSE1",9,7.7155566,0.26378962,0.0011929189,0.2086539,0.012273283,0.54874927,0.031287875,0.762988,0.0011674713,0.21348512,0.01108241,0.5097734,0.015678082
375316653866487564,2004236971041400576,0.5585076,2124.3058943997557,3.0750482274753868,7.2903654E-6,18.721832,0.00802776,0.18229644,0.002063707,0.07426486,0.0022651197,0.489203,0.012478751,0.6822185,0.003087562,0.07456034,0.0039469353,0.3775331,0.0148486495,null,null,null,null,"TWOGAUSSIANS",8,3.2303536,0.18229644,0.002063707,0.4,0.0,0.4861686,0.012151883,0.6822185,0.003087562,0.4,0.0,0.3744987,0.015079729
375316653866487564,2004239105652595840,0.5214586,2084.300083940669,0.9523786797079962,4.101558E-5,15.054304,0.0027543397,0.6223682,0.007481783,0.021203049,0.0067201904,1.4968061,1.9042467,null,null,null,null,null,null,null,null,null,null,"ONEGAUSSIAN",5,50.139435,0.6223682,0.007481783,0.11873707,0.037633065,1.4968061,0.0,null,null,null,null,null,null
375316653866487564,2004239174371140352,0.5812441,2139.0223283030004,0.6950907654592541,2.4925532E-5,17.947477,0.0047387155,0.25269058,0.006254756,0.026435604,0.010087536,0.16518165,0.0355892,0.75227416,0.0011947232,0.02462472,0.0018891244,0.9731485,0.12965271,0.028895248,0.009131866,0.25269058,0.006254756,"TWOGAUSSIANS_WITH_ELLIPSOIDAL_ON_ECLIPSE1",9,7.602018,0.75227416,0.0011947232,0.13789843,0.010579097,1.0309385,0.13193966,0.25269058,0.006254756,0.14803939,0.0564902,0.22297208,0.040465362
375316653866487564,2004239311803186816,0.45755932,2147.5237634063537,3.027375438539876,2.369715E-5,18.606256,0.006163389,0.20952284,0.006736234,0.06930483,0.11430273,0.01203503,0.017626958,null,null,null,null,null,null,0.05832966,0.008101473,0.20952284,0.006736234,"ONEGAUSSIAN_WITH_ELLIPSOIDAL",6,5.1452317,0.20952284,0.006736234,0.38810706,0.24690005,0.12867628,0.01367501,null,null,null,null,null,null
375316653866487564,2004239517961573504,0.43184865,2215.4782325101273,0.07943298170296943,2.2923807E-5,18.180458,0.0056517315,0.26886398,0.021680297,0.06402672,0.019484788,0.046533644,0.012654892,0.7085535,0.009495878,0.09348328,0.015452105,0.16822957,0.038405374,null,null,null,null,"TWOGAUSSIANS",8,2.3270953,0.7085535,0.009495878,0.4,0.0,0.16788216,0.038688388,0.268874,0.021688398,0.35854965,0.10911482,0.04618888,0.0127542345
375316653866487564,2004240273882994688,0.5773915,2152.702923327519,0.5066764201561504,4.905253E-6,14.596871,6.075595E-4,0.31007117,0.0021179093,0.017731292,0.0026689598,0.019411981,0.0016082604,0.80961883,0.008936498,0.021324312,0.00564739,0.03420924,0.0034695866,0.028865324,0.0010720855,0.31007117,0.0021179093,"TWOGAUSSIANS_WITH_ELLIPSOIDAL_ON_ECLIPSE1",9,8.202167,0.8096488,0.008874853,0.11941615,0.031625383,0.09193945,0.0034188724,0.31007117,0.0021179093,0.099295236,0.014946175,0.07714263,0.0017214193
375316653866487564,2004240411321991936,0.62600756,2144.880972892405,4.200891045219598,3.9126276E-6,16.527748,0.010497098,0.2875101,0.0013297461,0.052150697,0.0042601163,0.44973552,0.0276321,0.7884748,0.0024193744,0.04838332,0.0033786537,0.36080572,0.023932474,0.10065374,0.013652867,0.2875101,0.0013297461,"TWOGAUSSIANS_WITH_ELLIPSOIDAL_ON_ECLIPSE1",9,16.80992,0.2875101,0.0013297461,0.2920439,0.023856653,0.6510379,0.029786939,0.7884748,0.0023484968,0.2709466,0.01892046,0.5621007,0.0068828464
