Gaia/vari_eclipsing_binary/VariEclipsingBinary_235790-235835.csv
# %ECSV 1.0
# ---
# delimiter: ','
# meta: !!omap
# - RELEASE: Gaia DR3
# - TABLE: vari_eclipsing_binary
# - DESCRIPTION: >
#     This table describes the properties of the eclipsing binaries resulting from the variability analysis. 
# - CITATION: >
#     How to cite and acknowledge Gaia: 
#     https://gea.esac.esa.int/archive/documentation/credits.html 
# - KNOWN_ISSUES: >
#     Known issues: 
#     https://www.cosmos.esa.int/web/gaia-users/known-issues 
# - DOCUMENTATION: >
#     Tutorials and documentation: 
#     https://www.cosmos.esa.int/web/gaia-users/archive 
# datatype:
# - 
#   name: solution_id
#   datatype: int64
#   description: Solution Identifier
#   meta:
#     ucd: meta.version
# - 
#   name: source_id
#   datatype: int64
#   description: Unique source identifier
#   meta:
#     ucd: meta.id;meta.main
# - 
#   name: global_ranking
#   datatype: float32
#   description: Number between 0 (worst) and 1 (best)
#   meta:
#     ucd: stat.param
# - 
#   name: reference_time
#   datatype: float64
#   unit: d
#   description: Reference time used for the geometric model fit
#   meta:
#     ucd: time.epoch
# - 
#   name: frequency
#   datatype: float64
#   unit: d**-1
#   description: Frequency of geometric model of the eclipsing binary light curve
#   meta:
#     ucd: src.orbital
# - 
#   name: frequency_error
#   datatype: float32
#   unit: d**-1
#   description: "Uncertainty of \\texttt{frequency}"
#   meta:
#     ucd: stat.error
# - 
#   name: geom_model_reference_level
#   datatype: float32
#   unit: mag
#   description: Magnitude reference level of geometric model
#   meta:
#     ucd: phot.mag;em.opt
# - 
#   name: geom_model_reference_level_error
#   datatype: float32
#   unit: mag
#   description: "Uncertainty of \\texttt{geomModelReferenceLevel}"
#   meta:
#     ucd: stat.error;phot.mag;em.opt
# - 
#   name: geom_model_gaussian1_phase
#   datatype: float32
#   description: Phase of the Gaussian 1 component
#   meta:
#     ucd: time.phase
# - 
#   name: geom_model_gaussian1_phase_error
#   datatype: float32
#   description: "Uncertainty of \\texttt{geomModelGaussian1Phase}"
#   meta:
#     ucd: stat.error;time.phase
# - 
#   name: geom_model_gaussian1_sigma
#   datatype: float32
#   description: "Standard deviation [phase] of Gaussian 1 component"
#   meta:
#     ucd: stat.stdev
# - 
#   name: geom_model_gaussian1_sigma_error
#   datatype: float32
#   description: "Uncertainty of \\texttt{geomModelGaussian1Sigma}"
#   meta:
#     ucd: stat.error
# - 
#   name: geom_model_gaussian1_depth
#   datatype: float32
#   unit: mag
#   description: Magnitude depth of Gaussian 1 component
#   meta:
#     ucd: src.var.amplitude
# - 
#   name: geom_model_gaussian1_depth_error
#   datatype: float32
#   unit: mag
#   description: "Uncertainty of \\texttt{geomModelGaussian1Depth}"
#   meta:
#     ucd: stat.error;src.var.amplitude
# - 
#   name: geom_model_gaussian2_phase
#   datatype: float32
#   description: Phase of Gaussian 2 component
#   meta:
#     ucd: time.phase
# - 
#   name: geom_model_gaussian2_phase_error
#   datatype: float32
#   description: "Uncertainty of \\texttt{geomModelGaussian2Phase}"
#   meta:
#     ucd: stat.error;time.phase
# - 
#   name: geom_model_gaussian2_sigma
#   datatype: float32
[...]
#   datatype: float32
#   description: "Secondary eclipse: uncertainty of \\texttt{derivedSecondaryEclDuration}"
#   meta:
#     ucd: stat.error;time.duration
# - 
#   name: derived_secondary_ecl_depth
#   datatype: float32
#   unit: mag
#   description: "Secondary eclipse: depth"
#   meta:
#     ucd: src.var.amplitude
# - 
#   name: derived_secondary_ecl_depth_error
#   datatype: float32
#   unit: mag
#   description: "Secondary eclipse: uncertainty of \\texttt{derivedSecondaryEclDepth}"
#   meta:
#     ucd: stat.error;src.var.amplitude
solution_id,source_id,global_ranking,reference_time,frequency,frequency_error,geom_model_reference_level,geom_model_reference_level_error,geom_model_gaussian1_phase,geom_model_gaussian1_phase_error,geom_model_gaussian1_sigma,geom_model_gaussian1_sigma_error,geom_model_gaussian1_depth,geom_model_gaussian1_depth_error,geom_model_gaussian2_phase,geom_model_gaussian2_phase_error,geom_model_gaussian2_sigma,geom_model_gaussian2_sigma_error,geom_model_gaussian2_depth,geom_model_gaussian2_depth_error,geom_model_cosine_half_period_amplitude,geom_model_cosine_half_period_amplitude_error,geom_model_cosine_half_period_phase,geom_model_cosine_half_period_phase_error,model_type,num_model_parameters,reduced_chi2,derived_primary_ecl_phase,derived_primary_ecl_phase_error,derived_primary_ecl_duration,derived_primary_ecl_duration_error,derived_primary_ecl_depth,derived_primary_ecl_depth_error,derived_secondary_ecl_phase,derived_secondary_ecl_phase_error,derived_secondary_ecl_duration,derived_secondary_ecl_duration_error,derived_secondary_ecl_depth,derived_secondary_ecl_depth_error
375316653866487564,2074030979872407936,0.5188607,2218.4741306264877,1.7960358424880543,1.3795843E-5,17.93945,0.037013534,0.13904637,0.004643352,0.11859736,0.018210769,0.18476672,0.03525864,0.6322901,0.00398842,0.11128347,0.024255196,0.16383539,0.030169783,null,null,null,null,"TWOGAUSSIANS",8,3.8405654,0.13905637,0.004660001,0.4,0.0,0.15409881,0.007720627,0.6322901,0.00398842,0.4,0.0,0.13320589,0.009308853
375316653866487564,2074031323469816320,0.61005676,2219.8427044014843,1.2313105149232617,5.665125E-6,18.671047,0.0035397972,0.3109951,0.0011488083,0.039581895,0.0011453384,0.6287512,0.011562152,0.8097909,0.011833803,0.037811436,0.009535958,0.131711,0.023211583,null,null,null,null,"TWOGAUSSIANS",8,2.294957,0.3109951,0.0011488083,0.22165862,0.006413895,0.6287512,0.011562152,0.8097909,0.011833803,0.21174404,0.053401366,0.131711,0.023211583
375316653866487564,2074031499582199936,0.45561627,2223.5217110461094,1.1812990356317825,6.658525E-5,17.828533,0.035047665,0.27511913,0.010408079,0.089265235,0.02163772,0.18413672,0.030857977,0.7171226,0.015563447,0.08207984,0.02194049,0.28750598,0.039207015,null,null,null,null,"TWOGAUSSIANS",8,45.680283,0.7171226,0.015563447,0.4,0.0,0.28524733,0.030432675,0.27511913,0.010407215,0.4,0.0,0.18187734,0.021176364
375316653866487564,2074032526064546944,0.5747052,2221.7353154096413,0.7984916940681323,6.512628E-5,17.693188,9.806687E-4,0.33963042,0.0023799248,0.030844342,0.0015842064,0.40911445,0.024148533,null,null,null,null,null,null,null,null,null,null,"ONEGAUSSIAN",5,1.3175437,0.33963042,0.0023799248,0.17272831,0.008871556,0.40911445,0.0,null,null,null,null,null,null
375316653866487564,2074032977060055296,0.63100564,2223.6787752663195,1.8779197322321655,3.8242997E-6,15.833601,0.00397322,0.24400833,0.0010663321,0.090395994,0.002055998,0.31503317,0.0058260965,0.7376267,0.0029405537,0.08515165,0.004706853,0.23510195,0.007579436,null,null,null,null,"TWOGAUSSIANS",8,9.285118,0.24400833,0.0010663321,0.4,0.0,0.30651575,0.0059437347,0.7376267,0.0029405537,0.4,0.0,0.22658467,0.008507957
375316653866487564,2074033732974311552,0.66075677,2245.724676767621,3.7696618045349126,3.0693072E-6,16.676535,0.0039898516,0.27490434,9.376065E-4,0.050069228,0.0011718939,0.40197384,0.010742881,0.7677438,0.0011428255,0.04328885,0.0023681126,0.22293161,0.009442121,0.11496397,0.0056161503,0.7677438,0.0011428255,"TWOGAUSSIANS_WITH_ELLIPSOIDAL_ON_ECLIPSE2",9,9.118062,0.27417433,8.1410824E-4,0.28038767,0.006562606,0.6314825,0.00809321,0.7677438,0.0011428255,0.24241754,0.01326143,0.4528581,0.0056321113
375316653866487564,2074034042200959360,0.5502831,2248.253880194374,3.071530160373961,9.380268E-6,18.63091,0.005523632,0.2707919,0.0021457602,0.042389415,0.00399249,0.16437627,0.012096945,0.7627575,0.009040751,0.028567031,0.009101132,0.09914882,0.029923107,0.06516398,0.0059382357,0.2707919,0.0021457602,"TWOGAUSSIANS_WITH_ELLIPSOIDAL_ON_ECLIPSE1",9,2.9440098,0.2707919,0.0021457602,0.23738071,0.022357944,0.29470396,0.009005369,0.76338744,0.008876351,0.15997538,0.05096634,0.2291705,0.028515512
375316653866487564,2074034901205483904,0.5391799,2222.778599273444,3.1506040720022446,1.1374962E-5,18.620808,0.012609403,0.27097693,0.0035761436,0.07591744,0.004870857,0.29441306,0.013385092,0.7745317,0.004531485,0.07552545,0.008479115,0.3929606,0.046878926,null,null,null,null,"TWOGAUSSIANS",8,4.1988273,0.7745317,0.004531485,0.4,0.0,0.390261,0.048881527,0.27097693,0.0035761436,0.4,0.0,0.29171345,0.011748835
375316653866487564,2074036275594719616,0.58945185,2191.5582373259467,0.20341640060760932,9.609356E-6,15.497118,0.0018000826,0.30003074,0.040818036,0.13450259,0.0648532,0.007660346,0.0037871338,0.828982,0.008970197,0.020802258,0.0066041523,0.15867178,0.016841523,null,null,null,null,"TWOGAUSSIANS",8,7.1199594,0.828982,0.008969955,0.116492644,0.036983255,0.15864392,0.016819233,0.30003074,0.040818036,0.4,0.0,0.0076125017,0.003903603
375316653866487564,2074037065869094272,0.5713321,2190.688836515413,0.09273383868731148,3.699889E-5,15.77628,0.0011245233,0.35221058,0.057832696,0.04718864,0.042911947,0.008305173,0.03376858,0.5080996,4.346459E-4,0.017873818,0.0011099227,0.3477291,0.011181644,null,null,null,null,"TWOGAUSSIANS",8,11.091187,0.5080996,4.346459E-4,0.10009339,0.006215567,0.34776452,0.011204729,0.35221058,0.057832696,0.2642564,0.2403069,0.008305173,0.033768583
375316653866487564,2074037886182545920,0.4757398,2208.813277775153,2.2814898419932375,4.557601E-5,17.927513,0.024816059,0.2267728,0.021020582,0.033646416,0.026186528,0.089091666,0.11204321,0.7130662,0.02110437,0.06883892,0.04519381,0.19390689,0.063526735,0.06106077,0.032088567,0.2267728,0.021020582,"TWOGAUSSIANS_WITH_ELLIPSOIDAL_ON_ECLIPSE1",9,28.842548,0.7156762,0.01707825,0.38549793,0.17575862,0.31517148,0.07328644,0.2267728,0.021020582,0.18841992,0.14664456,0.21108826,0.101460174
375316653866487564,2074040364404382976,0.623908,2244.885430757615,3.434907970664835,4.060708E-6,19.03699,0.013858791,0.23561937,0.00101121,0.04157582,0.004105676,0.38602838,0.044695195,0.7352273,0.0017439101,0.05016607,0.004574644,0.45688397,0.027793618,0.1205959,0.01714086,0.23561937,0.00101121,"TWOGAUSSIANS_WITH_ELLIPSOIDAL_ON_ECLIPSE1",9,1.1087049,0.7352673,0.001627431,0.28092998,0.025618006,0.6980724,0.0209453,0.23561937,0.00101121,0.23282458,0.022991786,0.6272181,0.048072103
375316653866487564,2074040708001720960,0.60596424,2218.0593941089405,0.3178291936329044,1.0625847E-5,9.821292,0.0010227028,0.26489937,0.027701536,0.025339158,0.020128628,0.110847056,1.4393163,0.7710666,0.0012229831,0.02412721,0.0015741949,0.15752362,0.0060945353,0.022250652,0.0015174359,0.7710666,0.0012229831,"TWOGAUSSIANS_WITH_ELLIPSOIDAL_ON_ECLIPSE2",9,12.959505,0.7710666,0.0012229831,0.13511238,0.008815492,0.20202492,0.005928908,0.26501936,0.027552374,0.14189929,0.11272032,0.1552829,1.439627
375316653866487564,2074042524747629696,0.5325276,2224.9428591515393,2.01473557382204,1.754864E-5,18.978706,0.01912042,0.24683735,0.003374794,0.07834077,0.006204996,0.31753632,0.021155916,0.738606,0.0049269064,0.08760747,0.0084704785,0.32034838,0.022104936,null,null,null,null,"TWOGAUSSIANS",8,2.875588,0.738606,0.0049269064,0.4,0.0,0.31449497,0.019285,0.24683735,0.003374794,0.4,0.0,0.31168297,0.018457059
375316653866487564,2074042563427266304,0.6411507,2233.4517844925185,1.6617312344192654,2.2593213E-6,15.85191,6.1177224E-4,0.29449096,8.077083E-4,0.023356354,0.005352666,0.009600885,0.0040679793,0.7932548,0.0013691905,0.054184437,0.0023677219,0.07018117,0.0032599287,0.06368865,0.0010031596,0.29449096,8.077083E-4,"TWOGAUSSIANS_WITH_ELLIPSOIDAL_ON_ECLIPSE1",9,1.8598902,0.7936248,9.04093E-4,0.30343285,0.013259242,0.19755118,0.0031904413,0.29449096,8.077083E-4,0.13079558,0.029974932,0.1369763,0.0040117516
375316653866487564,2074042666506978560,0.42353275,2183.9196259331043,2.5245127024785403,3.373162E-5,19.732187,0.12639607,0.1842137,0.030795202,0.060177326,0.042875465,0.538899,0.11421751,0.65465856,0.028966783,0.11098772,0.048095398,0.5259814,0.11501916,null,null,null,null,"TWOGAUSSIANS",8,20.714293,0.1842337,0.031382468,0.33699304,0.1355298,0.5305469,0.09924699,0.65465856,0.028966783,0.4,0.0,0.5175573,0.086444594
375316653866487564,2074042907016806144,0.5310709,2235.1289967945836,2.3302913878541838,2.039244E-5,18.598066,0.0120187355,0.28159782,0.004801883,0.046796095,0.0052092653,0.27549776,0.02623834,0.7927766,0.009639432,0.03285554,0.009251953,0.24416338,0.0333525,0.08317191,0.010308069,0.28159782,0.004801883,"TWOGAUSSIANS_WITH_ELLIPSOIDAL_ON_ECLIPSE1",9,9.199972,0.28159782,0.004801883,0.26205814,0.029171884,0.4418414,0.016945636,0.7927766,0.009639432,0.18399101,0.05181094,0.4096877,0.031021988
375316653866487564,2074042941384859904,0.5486201,2220.6462066403224,0.48894362964723187,1.8712435E-5,14.524698,7.006746E-4,0.1327477,3.4485936E-6,0.008250479,4.9235867E-5,0.06071717,4.9211504E-4,0.5679061,0.11123543,0.1484497,0.10994622,0.0023028317,0.0010916637,null,null,null,null,"TWOGAUSSIANS",8,4.4253964,0.1327477,3.4485936E-6,0.04620268,2.7572084E-4,0.060734335,5.037212E-4,0.5679061,0.11123543,0.4,0.0,0.002286987,0.0010611418
375316653866487564,2074044384493819392,0.65859157,2243.7131628338675,0.6021560247064812,3.8625098E-5,16.188618,0.0037041623,0.18938994,0.002038676,0.02292738,0.0031047442,0.068030916,0.008558648,0.6890488,0.0024108498,0.02498253,0.002063167,1.4405193,0.06271626,0.01184665,0.005012388,0.18938994,0.002038676,"TWOGAUSSIANS_WITH_ELLIPSOIDAL_ON_ECLIPSE1",9,31.621881,0.6890488,0.0024108498,0.13990217,0.011553736,1.4642125,0.06319804,0.18938994,0.002038676,0.12839332,0.017386569,0.09172422,0.005949947
375316653866487564,2074044556284181760,0.5595402,2235.9055179133034,3.459270094580886,7.4680897E-6,19.07076,0.008888325,0.18546002,0.005185215,0.06631535,0.0047522746,0.5424194,0.04276818,0.6800855,0.002785302,0.06569051,0.004851591,0.6472313,0.06286321,null,null,null,null,"TWOGAUSSIANS",8,3.104773,0.6800855,0.002785302,0.36786687,0.027168907,0.6464536,0.06320944,0.18546002,0.005185215,0.37136596,0.026612738,0.5416417,0.043115713
375316653866487564,2074044586331846272,0.49355403,2224.380745896803,1.4460689620254428,4.925996E-5,18.527561,0.0023518514,0.46032542,0.0018787739,0.054096743,0.0015493745,0.15989317,0.0059597767,0.8135005,5.085217E-4,0.008380204,0.001983778,0.015196406,0.0018895285,null,null,null,null,"TWOGAUSSIANS",8,1.4950716,0.46032542,0.0018787739,0.30294177,0.008676497,0.15989317,0.0059597767,0.8135005,5.085217E-4,0.046929143,0.011109157,0.015196407,0.0018895286
375316653866487564,2074044998648853632,0.49938515,2260.669833767773,2.4414596744081627,2.0415688E-5,19.246077,0.023057688,0.26632878,0.01509676,0.07303065,0.014371731,0.20641512,0.027722236,0.75596875,0.008725682,0.09495821,0.022071084,0.26561564,0.024712428,null,null,null,null,"TWOGAUSSIANS",8,2.8605773,0.75596875,0.008725682,0.4,0.0,0.2609409,0.026526684,0.26632878,0.01509676,0.4,0.052089624,0.201741,0.020201707
375316653866487564,2074045204807175040,0.517543,2232.9453724473096,2.5248231651377795,1.6755292E-5,18.474157,0.026115695,0.21609826,0.0068742237,0.10265476,0.019436823,0.17107229,0.023779785,0.72230065,0.004348012,0.105233766,0.0140558975,0.16609661,0.024981515,null,null,null,null,"TWOGAUSSIANS",8,1.6381904,0.21609826,0.006876242,0.4,0.0,0.15369174,0.0085313115,0.72230065,0.004348616,0.4,0.0,0.14871424,0.006918993
375316653866487564,2074045273526684416,0.5377948,2202.165143304078,2.029388650798259,9.681334E-6,19.267405,0.016472828,0.31421697,0.0036473519,0.09275089,0.0067563467,0.35093272,0.015924608,0.7966459,0.005026604,0.08640705,0.0075554857,0.3996638,0.01964714,null,null,null,null,"TWOGAUSSIANS",8,1.6694977,0.7966459,0.005026604,0.4,0.0,0.3881652,0.018982502,0.31421697,0.0036473519,0.4,0.0,0.33943364,0.012379713
375316653866487564,2074045548404663168,0.4966785,2233.915802162352,2.1226755213896285,8.408867E-6,16.89044,0.0010803356,0.32820976,0.003620731,0.02360747,0.003566978,0.014159714,0.002610998,0.76479536,0.0012848881,0.014311585,0.0018446522,0.48422393,0.28974387,null,null,null,null,"TWOGAUSSIANS",8,2.4090428,0.76479536,0.0012848881,0.080144875,0.010330052,0.48422393,0.28974387,0.32820976,0.003620731,0.13220184,0.019975077,0.014159714,0.002610998
375316653866487564,2074047201991980544,0.6676138,2221.61387596744,1.7648966924511076,3.4780546E-6,16.539022,0.0035014378,0.34680143,9.311929E-4,0.051687077,0.0027117885,0.11826604,0.00825908,0.8492222,0.004137527,0.05546016,0.0049523343,0.09741664,0.00825982,0.07909794,0.004717647,0.34680143,9.311929E-4,"TWOGAUSSIANS_WITH_ELLIPSOIDAL_ON_ECLIPSE1",9,2.6184464,0.34680143,9.311929E-4,0.28944764,0.0151860155,0.2764576,0.004158812,0.8492222,0.003790304,0.3105769,0.02773307,0.25557163,0.0038874876
375316653866487564,2074047236341264000,0.5268502,2236.870237271663,2.7432315155145575,1.8209406E-5,18.778116,0.022297982,0.22858453,0.007009818,0.108216815,0.015946481,0.2416154,0.019068649,0.73177636,0.0054959273,0.101496674,0.00932465,0.2519586,0.027732579,null,null,null,null,"TWOGAUSSIANS",8,1.5693606,0.73177636,0.0054950216,0.4,0.0,0.2242721,0.018025659,0.22858453,0.007009818,0.4,0.0,0.21392034,0.012795793
375316653866487564,2074047476869906048,0.60013366,2238.304175921983,2.956298845206678,1.0178941E-5,15.10953,0.007623092,0.23259121,0.0022444292,0.055514894,0.0072851214,0.14502798,0.015950901,0.7376565,0.0039691897,0.037237305,0.008765443,0.08700505,0.013179599,0.10422647,0.00854369,0.23259121,0.0022444292,"TWOGAUSSIANS_WITH_ELLIPSOIDAL_ON_ECLIPSE1",9,64.567314,0.23259121,0.0022444292,0.3108834,0.04079668,0.35347503,0.0066648703,0.7376565,0.0039691897,0.20852892,0.049086485,0.29524106,0.005600617
375316653866487564,2074047923536081792,0.4465733,2224.173095696218,2.208406592959216,2.618236E-5,19.162819,0.22550446,0.2647446,0.011909383,0.14282094,0.12123112,0.1419122,0.2196853,0.74863154,0.0076807896,0.10941701,0.052413937,0.17663215,0.170297,null,null,null,null,"TWOGAUSSIANS",8,2.4807563,0.74863154,0.0076807896,0.4,0.0,0.13949491,0.01476786,0.2647846,0.011458084,0.4,0.0,0.104123965,0.027669968
375316653866487564,2074048026625716096,0.5331601,2239.2697132178287,1.7016723948971346,1.1852043E-5,14.09579,0.010552187,0.25067097,0.0025232984,0.11409362,0.008875303,0.13490789,0.00963574,0.7470917,0.0073968996,0.097318865,0.010686021,0.12203069,0.011688075,null,null,null,null,"TWOGAUSSIANS",8,83.5588,0.25067097,0.0025232984,0.4,0.0,0.11985702,0.0052810134,0.7470917,0.0073968996,0.4,0.0,0.10699776,0.008082646
375316653866487564,2074048400252261120,0.47321352,2211.3906009237976,3.905918636301764,9.890423E-5,19.139235,0.018025635,0.34847084,0.008052522,0.0898836,0.013241246,0.20889896,0.022539966,0.83401227,0.014662731,0.08364262,0.020211602,0.17246166,0.019949999,null,null,null,null,"TWOGAUSSIANS",8,5.381011,0.34847084,0.008052522,0.4,0.0,0.204202,0.020397438,0.83401227,0.014662731,0.4,0.0,0.1677648,0.017578674
375316653866487564,2074048748144659968,0.53815097,2219.616898365105,1.3375974636125991,2.8868578E-6,19.166319,0.0067889,0.27641428,0.047294043,0.10551766,0.0303462,0.042484734,0.015127911,0.5303945,1.4415389E-4,0.009402611,2.933564E-4,0.4211555,0.0075467527,null,null,null,null,"TWOGAUSSIANS",8,1.6094147,0.5303945,1.4415389E-4,0.05265462,0.0016427959,0.4234995,0.0064431624,0.27641428,0.047294043,0.4,0.0,0.0424836,0.015125345
375316653866487564,2074049499774568576,0.6129355,2235.1836319496906,2.143649847544169,1.4790493E-5,17.354805,0.014511456,0.220345,0.0025795563,0.059497062,0.0071044797,0.42604348,0.03198752,0.7176115,0.006147614,0.0447845,0.0075556356,0.2277269,0.06153455,0.096443444,0.016903428,0.220345,0.0025795563,"TWOGAUSSIANS_WITH_ELLIPSOIDAL_ON_ECLIPSE1",9,11.655808,0.220345,0.0025795563,0.33318356,0.039785087,0.61886847,0.019263811,0.71793145,0.005546815,0.25079322,0.04231156,0.4205017,0.054453954
375316653866487564,2074049572778413824,0.6072456,2222.9180411781304,0.28674026516204687,3.92192E-6,18.6883,0.0032523389,0.22329235,0.0025420361,0.046164107,0.0049515087,0.28951418,0.033679865,0.72311324,0.0020328874,0.04234859,0.0012469778,0.83163327,0.039957095,null,null,null,null,"TWOGAUSSIANS",8,2.1367056,0.72311324,0.0020328874,0.2371521,0.0069830758,0.83163315,0.0399571,0.22329235,0.0025420361,0.258519,0.02772845,0.28951406,0.033680193
375316653866487564,2074049946440590592,0.57971394,2223.194618567352,0.4575487608869029,2.6022337E-6,18.636637,0.0038670534,0.29605338,0.0052918787,0.03491246,0.0058341455,0.07341505,0.0076801353,0.79948676,4.792312E-4,0.026524618,8.179015E-4,0.52518874,0.01484491,null,null,null,null,"TWOGAUSSIANS",8,2.3774657,0.79948676,4.792312E-4,0.14853786,0.004580248,0.52518874,0.01484491,0.29605338,0.0052918787,0.19550976,0.032671217,0.07341505,0.0076801353
