Gaia/vari_eclipsing_binary/VariEclipsingBinary_515084-515176.csv
# %ECSV 1.0
# ---
# delimiter: ','
# meta: !!omap
# - RELEASE: Gaia DR3
# - TABLE: vari_eclipsing_binary
# - DESCRIPTION: >
#     This table describes the properties of the eclipsing binaries resulting from the variability analysis. 
# - CITATION: >
#     How to cite and acknowledge Gaia: 
#     https://gea.esac.esa.int/archive/documentation/credits.html 
# - KNOWN_ISSUES: >
#     Known issues: 
#     https://www.cosmos.esa.int/web/gaia-users/known-issues 
# - DOCUMENTATION: >
#     Tutorials and documentation: 
#     https://www.cosmos.esa.int/web/gaia-users/archive 
# datatype:
# - 
#   name: solution_id
#   datatype: int64
#   description: Solution Identifier
#   meta:
#     ucd: meta.version
# - 
#   name: source_id
#   datatype: int64
#   description: Unique source identifier
#   meta:
#     ucd: meta.id;meta.main
# - 
#   name: global_ranking
#   datatype: float32
#   description: Number between 0 (worst) and 1 (best)
#   meta:
#     ucd: stat.param
# - 
#   name: reference_time
#   datatype: float64
#   unit: d
#   description: Reference time used for the geometric model fit
#   meta:
#     ucd: time.epoch
# - 
#   name: frequency
#   datatype: float64
#   unit: d**-1
#   description: Frequency of geometric model of the eclipsing binary light curve
#   meta:
#     ucd: src.orbital
# - 
#   name: frequency_error
#   datatype: float32
#   unit: d**-1
#   description: "Uncertainty of \\texttt{frequency}"
#   meta:
#     ucd: stat.error
# - 
#   name: geom_model_reference_level
#   datatype: float32
#   unit: mag
#   description: Magnitude reference level of geometric model
#   meta:
#     ucd: phot.mag;em.opt
# - 
#   name: geom_model_reference_level_error
#   datatype: float32
#   unit: mag
#   description: "Uncertainty of \\texttt{geomModelReferenceLevel}"
#   meta:
#     ucd: stat.error;phot.mag;em.opt
# - 
#   name: geom_model_gaussian1_phase
#   datatype: float32
#   description: Phase of the Gaussian 1 component
#   meta:
#     ucd: time.phase
# - 
#   name: geom_model_gaussian1_phase_error
#   datatype: float32
#   description: "Uncertainty of \\texttt{geomModelGaussian1Phase}"
#   meta:
#     ucd: stat.error;time.phase
# - 
#   name: geom_model_gaussian1_sigma
#   datatype: float32
#   description: "Standard deviation [phase] of Gaussian 1 component"
#   meta:
#     ucd: stat.stdev
# - 
#   name: geom_model_gaussian1_sigma_error
#   datatype: float32
#   description: "Uncertainty of \\texttt{geomModelGaussian1Sigma}"
#   meta:
#     ucd: stat.error
# - 
#   name: geom_model_gaussian1_depth
#   datatype: float32
#   unit: mag
#   description: Magnitude depth of Gaussian 1 component
#   meta:
#     ucd: src.var.amplitude
# - 
#   name: geom_model_gaussian1_depth_error
#   datatype: float32
#   unit: mag
#   description: "Uncertainty of \\texttt{geomModelGaussian1Depth}"
#   meta:
#     ucd: stat.error;src.var.amplitude
# - 
#   name: geom_model_gaussian2_phase
#   datatype: float32
#   description: Phase of Gaussian 2 component
#   meta:
#     ucd: time.phase
# - 
#   name: geom_model_gaussian2_phase_error
#   datatype: float32
#   description: "Uncertainty of \\texttt{geomModelGaussian2Phase}"
#   meta:
#     ucd: stat.error;time.phase
# - 
#   name: geom_model_gaussian2_sigma
#   datatype: float32
[...]
#   datatype: float32
#   description: "Secondary eclipse: uncertainty of \\texttt{derivedSecondaryEclDuration}"
#   meta:
#     ucd: stat.error;time.duration
# - 
#   name: derived_secondary_ecl_depth
#   datatype: float32
#   unit: mag
#   description: "Secondary eclipse: depth"
#   meta:
#     ucd: src.var.amplitude
# - 
#   name: derived_secondary_ecl_depth_error
#   datatype: float32
#   unit: mag
#   description: "Secondary eclipse: uncertainty of \\texttt{derivedSecondaryEclDepth}"
#   meta:
#     ucd: stat.error;src.var.amplitude
solution_id,source_id,global_ranking,reference_time,frequency,frequency_error,geom_model_reference_level,geom_model_reference_level_error,geom_model_gaussian1_phase,geom_model_gaussian1_phase_error,geom_model_gaussian1_sigma,geom_model_gaussian1_sigma_error,geom_model_gaussian1_depth,geom_model_gaussian1_depth_error,geom_model_gaussian2_phase,geom_model_gaussian2_phase_error,geom_model_gaussian2_sigma,geom_model_gaussian2_sigma_error,geom_model_gaussian2_depth,geom_model_gaussian2_depth_error,geom_model_cosine_half_period_amplitude,geom_model_cosine_half_period_amplitude_error,geom_model_cosine_half_period_phase,geom_model_cosine_half_period_phase_error,model_type,num_model_parameters,reduced_chi2,derived_primary_ecl_phase,derived_primary_ecl_phase_error,derived_primary_ecl_duration,derived_primary_ecl_duration_error,derived_primary_ecl_depth,derived_primary_ecl_depth_error,derived_secondary_ecl_phase,derived_secondary_ecl_phase_error,derived_secondary_ecl_duration,derived_secondary_ecl_duration_error,derived_secondary_ecl_depth,derived_secondary_ecl_depth_error
[from data line 351]
375316653866487564,4531244102785908480,0.55074805,2311.545699681278,3.3766267066765567,7.560123E-6,19.294277,0.012693714,0.2172904,0.0019602524,0.08209908,0.003157521,0.4927162,0.014244079,0.7141636,0.002213589,0.07879543,0.0038726795,0.47359252,0.019050213,null,null,null,null,"TWOGAUSSIANS",8,2.344434,0.2172904,0.0019602524,0.4,0.0,0.48544204,0.012654102,0.7141636,0.002213589,0.4,0.0,0.46631837,0.018913174
375316653866487564,4531244510790890368,0.5751062,2303.4727838131807,2.683005839894126,4.3183845E-6,17.71846,0.019606939,0.23302643,0.0015905545,0.11788101,0.0076984516,0.22004315,0.018827729,0.74451286,0.004204999,0.11579924,0.016146302,0.12125162,0.017116128,null,null,null,null,"TWOGAUSSIANS",8,1.6605743,0.23300643,0.0015988937,0.4,0.0,0.19054644,0.0030591635,0.74460286,0.0041681924,0.4,0.0,0.09179034,0.004184728
375316653866487564,4531244583819402240,0.5028452,2306.974826329795,1.7243802842579354,1.9315154E-5,17.14482,0.5048395,0.1651757,0.01650721,0.2252635,0.4098142,0.20181403,0.4914935,0.66288227,0.0060852463,0.14093696,0.13188191,0.20215553,0.38423914,null,null,null,null,"TWOGAUSSIANS",8,2.525528,0.66288227,0.0060852463,0.4,0.0,0.0860066,0.0061512077,0.1654557,0.017508624,0.4,0.0,0.05206003,0.00326536
375316653866487564,4531244854388237056,0.49322683,2310.981400031414,0.7355412637605958,7.894233E-6,18.671339,0.005456003,0.42788965,0.0024464496,0.01933623,0.0014220239,0.52494633,0.009367918,0.9304961,0.0020175513,0.01823005,0.0022583145,0.21395901,0.023126893,null,null,null,null,"TWOGAUSSIANS",8,9.7368,0.42788965,0.0024464496,0.10828288,0.007963333,0.52494633,0.009367918,0.9304961,0.0020175513,0.10208828,0.0126465615,0.21395901,0.023126893
375316653866487564,4531247092080240384,0.5520354,2318.3969921422386,3.235261349347639,5.0099143E-6,19.143948,0.01286363,0.26595336,0.0023700965,0.081601046,0.004824452,0.44284412,0.015775504,0.77160543,0.0024517619,0.078949094,0.004110478,0.44618177,0.01220678,null,null,null,null,"TWOGAUSSIANS",8,2.878153,0.77160543,0.0024517619,0.4,0.0,0.43994635,0.010913337,0.26595336,0.0023700965,0.4,0.0,0.4366087,0.015508656
375316653866487564,4531247332598433920,0.5110951,2321.5285049638806,3.0419029464952594,2.3640096E-5,18.433989,0.0067634396,0.25608823,0.0041339407,0.07538469,0.005168408,0.20906281,0.009586184,0.7642853,0.0060380194,0.08064653,0.008152893,0.17616892,0.00982746,null,null,null,null,"TWOGAUSSIANS",8,4.3517046,0.25608823,0.0041339407,0.4,0.0,0.20716263,0.009152081,0.7642853,0.0060380194,0.4,0.0,0.17426874,0.009629297
375316653866487564,4531247813634913536,0.549438,2308.5913281434105,2.5152966418675256,8.822008E-6,15.174944,0.009039112,0.24296273,0.0022955444,0.09532414,0.005265645,0.2204572,0.00845319,0.73175555,0.0028327513,0.09997382,0.006340134,0.22910112,0.008129969,null,null,null,null,"TWOGAUSSIANS",8,62.879498,0.73175555,0.0028327513,0.4,0.0,0.21448122,0.00601166,0.24296273,0.0022955444,0.4,0.0,0.2058387,0.0060051354
375316653866487564,4531248329030800000,0.45943,2276.317464375706,2.3345198385208805,2.1636053E-5,15.763975,0.31400365,0.28723836,0.010506597,0.1683375,0.07088541,0.3500274,0.2822344,0.7886146,0.006726192,0.18353516,0.087960884,0.32989746,0.29869124,null,null,null,null,"TWOGAUSSIANS",8,62.262314,0.28677836,0.010257491,0.4,0.0,0.12098417,0.009459364,0.78904456,0.0068725604,0.4,0.0,0.09321661,0.010419921
375316653866487564,4531251107865061888,0.5425913,2323.7878324464523,0.17431481897561607,6.295452E-6,15.288388,7.083772E-4,0.23245636,0.0047899475,0.0076866043,0.0031807427,0.18461895,0.041732218,0.81552154,7.806019E-4,0.008243988,9.5819985E-4,0.13206647,0.013844464,null,null,null,null,"TWOGAUSSIANS",8,9.461104,0.23245636,0.0047899475,0.043044984,0.017812159,0.18461895,0.041732218,0.81552154,7.806019E-4,0.046166334,0.005365919,0.13206647,0.013844464
375316653866487564,4531255196672224128,0.60127324,2285.667136824682,3.415971021237582,3.9326546E-6,16.950556,0.0034114143,0.2360076,7.479634E-4,0.04408743,0.0024579708,0.15811607,0.009550486,0.7371073,0.0019333259,0.046093967,0.0024914555,0.20751694,0.0099654235,0.07184738,0.006942731,0.2360076,7.479634E-4,"TWOGAUSSIANS_WITH_ELLIPSOIDAL_ON_ECLIPSE1",9,6.150695,0.7371073,0.0018842145,0.2581262,0.01395215,0.35120472,0.005606291,0.2360076,7.479634E-4,0.24688959,0.013764636,0.3018107,0.0061899787
375316653866487564,4531259869596805120,0.4957223,2297.6777926413806,1.2789893837327697,1.2406521E-5,18.543457,0.004741734,0.21010919,0.0023354637,0.024649493,0.002066471,0.60001063,0.042686626,0.6983861,0.0017351143,0.029970694,0.002292553,0.12494751,0.008156699,null,null,null,null,"TWOGAUSSIANS",8,13.299121,0.21010919,0.0023354637,0.13803716,0.011572237,0.60001063,0.042686626,0.6983861,0.0017351143,0.16783589,0.012838297,0.12494751,0.008156699
375316653866487564,4531260281913648384,0.5428696,2302.1735976295527,0.5243399044193456,1.6934191E-6,19.065784,0.0027912178,0.13519846,3.0197433E-4,0.008951021,2.8981944E-4,0.66319627,0.010217372,0.63662726,0.002225469,0.011160171,0.0032109634,0.4987286,0.060904004,null,null,null,null,"TWOGAUSSIANS",8,2.787402,0.13519846,3.0197433E-4,0.05012572,0.0016229888,0.66319627,0.010217372,0.63662726,0.002225469,0.062496956,0.017981395,0.4987286,0.060904004
375316653866487564,4531261763680392064,0.52063924,2323.411539716376,2.29839907548913,7.689048E-6,19.622684,0.009075083,0.24040057,0.008017913,0.10043483,0.010137809,0.18286094,0.0120307775,0.74478275,0.0019476044,0.06965864,0.0025748343,0.47389463,0.015300627,null,null,null,null,"TWOGAUSSIANS",8,1.4184843,0.74478275,0.0019476044,0.39008835,0.014419071,0.4675183,0.014889269,0.24040057,0.008017913,0.4,0.0,0.17648305,0.011286721
375316653866487564,4531263722194258176,0.5607703,2309.0705870957822,2.108127661197858,6.2101867E-6,17.821644,0.0043124976,0.26744464,0.002583077,0.100459404,0.0049804957,0.112209134,0.0043890635,0.7639902,0.0020884068,0.08013982,0.0031007088,0.21103075,0.0052031493,null,null,null,null,"TWOGAUSSIANS",8,1.907334,0.7639902,0.0020884068,0.4,0.0,0.20505033,0.0045351465,0.26744464,0.002583077,0.4,0.0,0.10622777,0.0033625406
375316653866487564,4531264576877205760,0.5738235,2301.46701473135,3.2546628119036747,4.4707363E-6,18.810896,0.012789333,0.30700034,0.0015190395,0.05151588,0.003938607,0.42537344,0.029821323,0.8052925,0.0028571207,0.047677565,0.0037240034,0.33630857,0.03581818,0.11300702,0.018591732,0.30700034,0.0015190395,"TWOGAUSSIANS_WITH_ELLIPSOIDAL_ON_ECLIPSE1",9,4.2310834,0.30700034,0.0015190395,0.28848892,0.022056198,0.6513839,0.018362654,0.8054725,0.0025527219,0.2669944,0.02085442,0.5622958,0.019193392
375316653866487564,4531265955577650560,0.60338944,2300.9189478632993,2.637287300322481,3.34789E-6,15.863534,0.0052927257,0.24308655,0.0016933043,0.10269183,0.0033737798,0.21436812,0.005486453,0.7394197,0.0010752126,0.09322454,0.0020598974,0.27931175,0.005462057,null,null,null,null,"TWOGAUSSIANS",8,9.735446,0.7394197,0.0010752126,0.4,0.0,0.26153365,0.003895607,0.24308655,0.0016933043,0.4,0.0,0.19658726,0.0040787375
375316653866487564,4531266810260617600,0.53757906,2319.2748686789114,3.8004647235517326,5.3318636E-6,18.32729,0.011105223,0.23446576,0.002026417,0.09779291,0.0047277748,0.2696661,0.010954049,0.7143622,0.0026214449,0.092482224,0.006319449,0.27080187,0.010123339,null,null,null,null,"TWOGAUSSIANS",8,3.0541265,0.7143622,0.0026214449,0.4,0.0,0.2579175,0.008630716,0.23446576,0.002026417,0.4,0.0,0.2567804,0.0076485695
375316653866487564,4531268498190461696,0.5707537,2299.4228621055486,3.9404525225075693,5.497779E-6,19.127604,0.008682342,0.27120858,0.0059684603,0.07576387,0.005663017,0.51177865,0.015371686,0.7710658,0.001874177,0.07116693,0.0023615307,0.5042771,0.014002147,null,null,null,null,"TWOGAUSSIANS",8,2.1755388,0.27120858,0.0059684603,0.4,0.0,0.50868297,0.01447742,0.7710658,0.001874177,0.39853483,0.011237234,0.5011815,0.013770176
375316653866487564,4531270422343717760,0.5323262,2296.767248696366,0.3395264545609653,4.689627E-6,14.957708,0.0012072547,0.29576975,0.0015976711,0.026545018,0.0012612309,0.21483178,0.011051032,0.79452866,0.006378807,0.02267707,0.0048623853,0.03558101,0.005549671,0.018098816,0.0024184175,0.29576975,0.0015976711,"TWOGAUSSIANS_WITH_ELLIPSOIDAL_ON_ECLIPSE1",9,37.82018,0.29576975,0.0015976711,0.1486521,0.0070628934,0.25102934,0.01087374,0.7945787,0.0062587713,0.12699158,0.027229358,0.07177646,0.0046589877
375316653866487564,4531270628502129152,0.51947397,2332.8676565490473,1.579792714614481,1.0338097E-5,17.000734,0.0016310744,0.2605492,0.0029279878,0.03650795,0.0038137145,0.039753545,0.0055720126,0.753386,0.0032892495,0.03037789,0.006286965,0.053262707,0.006297101,0.019178163,0.0024298301,0.2605492,0.0029279878,"TWOGAUSSIANS_WITH_ELLIPSOIDAL_ON_ECLIPSE1",9,2.795175,0.75374603,0.0031624425,0.17011619,0.035207003,0.09154525,0.0070861555,0.2605492,0.0029279878,0.20444451,0.0213568,0.07810987,0.0041295313
375316653866487564,4531272342181852672,0.50963366,2329.71184467977,0.26688495217634495,4.154807E-5,18.637352,0.0015511516,0.28455988,0.01845059,0.015519863,0.013725029,0.034594227,0.06836374,0.4173523,4.8170198E-4,0.009591443,0.0017020692,0.5348905,0.15187864,null,null,null,null,"TWOGAUSSIANS",8,1.5005529,0.4173523,4.8170198E-4,0.053712085,0.009531587,0.5348905,0.15187864,0.28455988,0.01845059,0.08691123,0.07686016,0.034594227,0.06836374
375316653866487564,4531273407332916864,0.5714472,2324.816419922721,3.9366399044986706,4.9526957E-6,19.067612,0.016207853,0.1696606,0.0010756303,0.056520212,0.003018673,0.44100326,0.035817772,0.66431093,0.002450454,0.050555706,0.0037413673,0.4512014,0.03451101,0.09619933,0.017825874,0.1696606,0.0010756303,"TWOGAUSSIANS_WITH_ELLIPSOIDAL_ON_ECLIPSE1",9,3.0767133,0.66473097,0.0022454192,0.28311196,0.020951657,0.6433728,0.015940322,0.1696606,0.0010756303,0.3165132,0.01690457,0.63337475,0.019185169
375316653866487564,4531276362268148352,0.47993863,2330.8022510528635,1.5803672340673973,1.2196691E-5,18.219965,0.0072029927,0.25096285,0.002010784,0.03697137,0.0028039638,0.2798165,0.017395115,0.73116606,0.011340738,0.019786214,0.014976701,0.07353115,7.0809636,0.0417616,0.010625367,0.25096285,0.002010784,"TWOGAUSSIANS_WITH_ELLIPSOIDAL_ON_ECLIPSE1",9,15.521543,0.25096285,0.002010784,0.20703968,0.015702197,0.3633397,0.0135488035,0.731836,0.011598111,0.1108028,0.083869524,0.15581171,7.08442
375316653866487564,4531276710175627904,0.5272707,2337.2532056700734,0.16350631373408883,3.7574182E-6,15.950166,0.00390637,0.3039269,0.0012243403,0.028063394,0.0012769285,0.41844952,0.02640756,0.79414463,0.0026801818,0.025748266,0.0056083133,0.1260797,0.023788605,0.078511275,0.0065507805,0.3039269,0.0012243403,"TWOGAUSSIANS_WITH_ELLIPSOIDAL_ON_ECLIPSE1",9,122.90423,0.3039269,0.0012243403,0.157155,0.0071507995,0.575472,0.026974704,0.7947446,0.0024953433,0.14419028,0.031406555,0.28254583,0.02661342
375316653866487564,4531276946386017152,0.46778804,2309.504860373106,3.614012134534442,1.3409498E-5,19.445923,0.034235206,0.2370893,0.0097906515,0.11239682,0.018468652,0.26569194,0.03284744,0.7269406,0.0032232997,0.09723021,0.010782997,0.33474946,0.030514633,null,null,null,null,"TWOGAUSSIANS",8,2.705658,0.7269406,0.0032232997,0.4,0.0,0.30435273,0.016280647,0.2370893,0.0097906515,0.4,0.0,0.2352677,0.017815055
375316653866487564,4531277500449641472,0.5173765,2323.4923724781324,0.09675712109861544,1.0717976E-5,15.155765,0.021874372,0.27301577,0.0025014726,0.14308433,0.01764054,0.12264344,0.021501385,0.7654688,0.0025920116,0.108732074,0.010563924,0.13628663,0.020052657,null,null,null,null,"TWOGAUSSIANS",8,18.941885,0.7654688,0.0025920116,0.4,0.0,0.10366809,0.0035926052,0.27303576,0.002503002,0.4,0.0,0.089476585,0.0023861818
375316653866487564,4531281138271718912,0.5407774,2329.215376124091,3.586871144431075,7.999397E-6,18.544096,0.010691483,0.24868764,0.0026374364,0.09232323,0.005433988,0.30792984,0.009989113,0.7567088,0.0030391328,0.09510237,0.0061531155,0.2849103,0.009941538,null,null,null,null,"TWOGAUSSIANS",8,2.9031916,0.24868764,0.0026374364,0.4,0.0,0.29290333,0.008441428,0.7567088,0.0030391328,0.4,0.0,0.26988345,0.0076483088
375316653866487564,4531282787539606144,0.45724398,2327.560426432364,3.685552560434224,2.2605842E-5,19.148394,0.0037813522,0.25265476,0.004217405,0.01899557,0.02009077,0.008238395,0.044202942,null,null,null,null,null,null,0.09487218,0.006429287,0.25265476,0.004217405,"ONEGAUSSIAN_WITH_ELLIPSOIDAL",6,5.570445,0.25265476,0.004217405,0.106375195,0.112508304,0.19798256,0.043745384,null,null,null,null,null,null
375316653866487564,4531286360959962496,0.669448,2333.022113937477,0.1661523477054078,5.609101E-5,16.750967,8.13396E-4,0.41345304,0.004192502,0.0037720979,0.0020628849,1.303671,2.454134,0.73062015,0.0020595347,0.008684869,0.0016280537,0.5841581,0.08583324,null,null,null,null,"TWOGAUSSIANS",8,2.8476043,0.41345304,0.004192502,0.021123748,0.011552155,1.303671,2.454134,0.73062015,0.0020595347,0.048635267,0.0091171,0.5841581,0.08583324
375316653866487564,4531286635830518656,0.5058464,2332.144122630071,1.796966725132557,5.094157E-6,18.827772,0.008779585,0.22506508,0.0016823201,0.029064251,0.0013809671,0.7931103,0.04027116,0.7278378,0.0125973495,0.029857185,0.01142472,0.27367112,0.048561953,null,null,null,null,"TWOGAUSSIANS",8,18.249847,0.22506508,0.0016823201,0.16275981,0.0077334153,0.7931103,0.04027116,0.7278378,0.0125973495,0.16720024,0.06397843,0.27367112,0.048561953
375316653866487564,4531288633005198336,0.5219488,2308.4153062202195,0.7452435179734684,5.6605472E-6,17.490757,0.0034708704,0.36184135,0.09049741,0.15209983,0.06940783,0.021614252,0.0071506114,0.76407504,0.0015682796,0.01334494,0.0020335587,0.5624313,0.051006082,null,null,null,null,"TWOGAUSSIANS",8,17.593693,0.76407504,0.0015682796,0.07473166,0.011387928,0.562901,0.050975736,0.36184135,0.09049741,0.4,0.0,0.021419633,0.0071004415
375316653866487564,4531295470593894528,0.60163295,2327.138844623651,1.3090991051719245,4.5484835E-6,16.082579,0.0034057235,0.26711544,0.0010541258,0.032960903,0.0010539611,0.79092133,0.038162876,0.76391006,0.001791029,0.03830259,0.0022775594,0.12545261,0.009211134,0.01656757,0.0054845405,0.26711544,0.0010541258,"TWOGAUSSIANS_WITH_ELLIPSOIDAL_ON_ECLIPSE1",9,30.317392,0.26711544,0.0010541258,0.18458107,0.0059021823,0.82405645,0.039802987,0.7640101,0.0017335129,0.21449451,0.012754332,0.15857469,0.0050155385
375316653866487564,4531296054709451136,0.6481789,2307.916297031306,2.172999389089821,2.1982423E-6,15.633555,5.0325436E-4,0.28813112,5.0077535E-4,0.055740036,9.11599E-4,0.13342364,0.0019622275,0.95863605,0.0015342252,0.008969123,0.0021340838,0.026342912,0.014954636,0.05494176,7.8414177E-4,0.28813112,5.0077535E-4,"TWOGAUSSIANS_WITH_ELLIPSOIDAL_ON_ECLIPSE1",9,4.092104,0.28813112,5.0077535E-4,0.3121442,0.0051049544,0.24330145,0.0020289468,0.95863605,0.0015342252,0.050227087,0.01195087,0.05154593,0.015712522
375316653866487564,4531296329587311104,0.6113943,2299.8988546809046,0.36454637301538856,8.654471E-6,16.138206,0.0012627409,0.19083814,0.0010889479,0.017910417,0.0018464737,0.42016867,0.017459773,0.3801237,0.030713169,0.010121062,0.008628876,0.020978814,1.1133692,0.0011502204,0.0017795888,0.19083814,0.0010889479,"TWOGAUSSIANS_WITH_ELLIPSOIDAL_ON_ECLIPSE1",9,9.809424,0.19083814,0.0010889479,0.10029834,0.010340253,0.42246908,0.017692467,0.3801237,0.030713169,0.056677952,0.04832171,0.021297662,1.1137997
375316653866487564,4531297115556763392,0.49113768,2333.246372347859,3.5948871670250138,8.639472E-6,19.679466,0.014861301,0.24586138,0.0026389312,0.08681736,0.006088763,0.3456079,0.013205813,0.7439041,0.005245956,0.09910302,0.008558143,0.29878527,0.01941512,null,null,null,null,"TWOGAUSSIANS",8,1.8662937,0.24586138,0.0026389312,0.4,0.0,0.32895738,0.009061122,0.7439041,0.005245956,0.4,0.0,0.28213304,0.018933175
