Gaia/vari_eclipsing_binary/VariEclipsingBinary_460617-460629.csv
# %ECSV 1.0
# ---
# delimiter: ','
# meta: !!omap
# - RELEASE: Gaia DR3
# - TABLE: vari_eclipsing_binary
# - DESCRIPTION: >
#     This table describes the properties of the eclipsing binaries resulting from the variability analysis. 
# - CITATION: >
#     How to cite and acknowledge Gaia: 
#     https://gea.esac.esa.int/archive/documentation/credits.html 
# - KNOWN_ISSUES: >
#     Known issues: 
#     https://www.cosmos.esa.int/web/gaia-users/known-issues 
# - DOCUMENTATION: >
#     Tutorials and documentation: 
#     https://www.cosmos.esa.int/web/gaia-users/archive 
# datatype:
# - 
#   name: solution_id
#   datatype: int64
#   description: Solution Identifier
#   meta:
#     ucd: meta.version
# - 
#   name: source_id
#   datatype: int64
#   description: Unique source identifier
#   meta:
#     ucd: meta.id;meta.main
# - 
#   name: global_ranking
#   datatype: float32
#   description: Number between 0 (worst) and 1 (best)
#   meta:
#     ucd: stat.param
# - 
#   name: reference_time
#   datatype: float64
#   unit: d
#   description: Reference time used for the geometric model fit
#   meta:
#     ucd: time.epoch
# - 
#   name: frequency
#   datatype: float64
#   unit: d**-1
#   description: Frequency of geometric model of the eclipsing binary light curve
#   meta:
#     ucd: src.orbital
# - 
#   name: frequency_error
#   datatype: float32
#   unit: d**-1
#   description: "Uncertainty of \\texttt{frequency}"
#   meta:
#     ucd: stat.error
# - 
#   name: geom_model_reference_level
#   datatype: float32
#   unit: mag
#   description: Magnitude reference level of geometric model
#   meta:
#     ucd: phot.mag;em.opt
# - 
#   name: geom_model_reference_level_error
#   datatype: float32
#   unit: mag
#   description: "Uncertainty of \\texttt{geomModelReferenceLevel}"
#   meta:
#     ucd: stat.error;phot.mag;em.opt
# - 
#   name: geom_model_gaussian1_phase
#   datatype: float32
#   description: Phase of the Gaussian 1 component
#   meta:
#     ucd: time.phase
# - 
#   name: geom_model_gaussian1_phase_error
#   datatype: float32
#   description: "Uncertainty of \\texttt{geomModelGaussian1Phase}"
#   meta:
#     ucd: stat.error;time.phase
# - 
#   name: geom_model_gaussian1_sigma
#   datatype: float32
#   description: "Standard deviation [phase] of Gaussian 1 component"
#   meta:
#     ucd: stat.stdev
# - 
#   name: geom_model_gaussian1_sigma_error
#   datatype: float32
#   description: "Uncertainty of \\texttt{geomModelGaussian1Sigma}"
#   meta:
#     ucd: stat.error
# - 
#   name: geom_model_gaussian1_depth
#   datatype: float32
#   unit: mag
#   description: Magnitude depth of Gaussian 1 component
#   meta:
#     ucd: src.var.amplitude
# - 
#   name: geom_model_gaussian1_depth_error
#   datatype: float32
#   unit: mag
#   description: "Uncertainty of \\texttt{geomModelGaussian1Depth}"
#   meta:
#     ucd: stat.error;src.var.amplitude
# - 
#   name: geom_model_gaussian2_phase
#   datatype: float32
#   description: Phase of Gaussian 2 component
#   meta:
#     ucd: time.phase
# - 
#   name: geom_model_gaussian2_phase_error
#   datatype: float32
#   description: "Uncertainty of \\texttt{geomModelGaussian2Phase}"
#   meta:
#     ucd: stat.error;time.phase
# - 
#   name: geom_model_gaussian2_sigma
#   datatype: float32
[...]
#   datatype: float32
#   description: "Secondary eclipse: uncertainty of \\texttt{derivedSecondaryEclDuration}"
#   meta:
#     ucd: stat.error;time.duration
# - 
#   name: derived_secondary_ecl_depth
#   datatype: float32
#   unit: mag
#   description: "Secondary eclipse: depth"
#   meta:
#     ucd: src.var.amplitude
# - 
#   name: derived_secondary_ecl_depth_error
#   datatype: float32
#   unit: mag
#   description: "Secondary eclipse: uncertainty of \\texttt{derivedSecondaryEclDepth}"
#   meta:
#     ucd: stat.error;src.var.amplitude
solution_id,source_id,global_ranking,reference_time,frequency,frequency_error,geom_model_reference_level,geom_model_reference_level_error,geom_model_gaussian1_phase,geom_model_gaussian1_phase_error,geom_model_gaussian1_sigma,geom_model_gaussian1_sigma_error,geom_model_gaussian1_depth,geom_model_gaussian1_depth_error,geom_model_gaussian2_phase,geom_model_gaussian2_phase_error,geom_model_gaussian2_sigma,geom_model_gaussian2_sigma_error,geom_model_gaussian2_depth,geom_model_gaussian2_depth_error,geom_model_cosine_half_period_amplitude,geom_model_cosine_half_period_amplitude_error,geom_model_cosine_half_period_phase,geom_model_cosine_half_period_phase_error,model_type,num_model_parameters,reduced_chi2,derived_primary_ecl_phase,derived_primary_ecl_phase_error,derived_primary_ecl_duration,derived_primary_ecl_duration_error,derived_primary_ecl_depth,derived_primary_ecl_depth_error,derived_secondary_ecl_phase,derived_secondary_ecl_phase_error,derived_secondary_ecl_duration,derived_secondary_ecl_duration_error,derived_secondary_ecl_depth,derived_secondary_ecl_depth_error
[from data line 188]
375316653866487564,4051652661407602304,0.48710495,2318.457710201286,0.6084126486788681,2.5740663E-5,17.5226,0.016117081,0.3285544,0.0047151092,0.0817761,0.01263984,0.2451504,0.03614143,0.85558486,0.011263105,0.09051382,0.017060664,0.112096265,0.01849326,null,null,null,null,"TWOGAUSSIANS",8,11.248475,0.3285544,0.0047151092,0.4,0.0,0.24216919,0.038049743,0.85558486,0.011263105,0.4,0.0,0.10911492,0.016270023
375316653866487564,4051652695767393280,0.45148343,2239.969784502182,0.25185350589329797,3.2140324E-5,19.571959,0.013471723,null,null,null,null,null,null,null,null,null,null,null,null,0.15149945,0.014673744,0.26262924,0.012691074,"ELLIPSOIDAL",4,6.5563893,null,null,null,null,null,null,null,null,null,null,null,null
375316653866487564,4051652730127287168,0.44490606,2255.767029198633,0.5908473881590678,6.0026403E-5,19.47627,0.18156545,0.09823738,0.033481263,0.05124254,0.05340474,0.30042392,0.15563436,0.7977503,0.0507901,0.13051568,0.07751855,0.52997154,0.27555346,null,null,null,null,"TWOGAUSSIANS",8,3.3992546,0.7977503,0.05068496,0.4,0.0,0.529184,0.25122693,0.09187738,0.029177496,0.28695822,0.22363238,0.33915758,0.13607441
375316653866487564,4051652936285918208,0.48776108,2246.166821296163,4.012554098301,4.645613E-5,17.627987,0.0127110295,0.36909044,0.014486733,0.09865237,0.023147523,0.080764055,0.015122904,0.78104097,0.0066990065,0.06032167,0.014886001,0.09817634,0.009608269,null,null,null,null,"TWOGAUSSIANS",8,4.91378,0.78104097,0.0066990065,0.33780137,0.08336161,0.09800979,0.009271603,0.36909044,0.014486733,0.4,0.0,0.080584295,0.01484477
375316653866487564,4051653211164043520,0.4908046,2281.857698457201,0.19093020760515136,3.1120453E-5,19.833763,0.03625382,0.26802596,0.006544291,0.06669877,0.008202735,0.4029908,0.044972774,0.75196034,0.008394235,0.10544924,0.027688975,0.28378054,0.036751006,null,null,null,null,"TWOGAUSSIANS",8,1.3709607,0.26802596,0.0065385513,0.3735131,0.043003466,0.39597982,0.037089773,0.75196034,0.008394235,0.4,0.0,0.27676022,0.046649154
375316653866487564,4051653417318467328,0.51056224,2258.932829038111,0.9084269403502658,6.5403874E-5,17.55623,0.004030711,0.3404621,0.017450226,0.026818544,0.014097651,0.051545322,0.019371461,0.62810874,0.004721739,0.08332877,0.0052425517,0.33646455,0.023368439,null,null,null,null,"TWOGAUSSIANS",8,7.0274153,0.62810874,0.004721739,0.4,0.0,0.33646455,0.023368457,0.3409721,0.017900819,0.15018384,0.078946844,0.052424356,0.019674309
375316653866487564,4051653486037898368,0.54320866,2181.233280520186,3.531262495033287,3.6174675E-5,18.829264,0.014312161,0.19429998,0.0078934925,0.0901736,0.012178506,0.3937846,0.10540809,0.7130962,0.025316754,0.06510577,0.027698167,0.4122524,0.08532356,null,null,null,null,"TWOGAUSSIANS",8,3.6090906,0.7130962,0.025316754,0.36459234,0.15108427,0.40927148,0.08657242,0.19429998,0.0078934925,0.4,0.0,0.3908034,0.10772712
375316653866487564,4051653520402298880,0.45936474,2231.6958913111202,2.3497861608822057,1.1801765E-5,18.510857,0.02235267,0.24432677,0.009209349,0.07750327,0.023550434,0.21763822,0.03845011,0.6611749,0.09366861,0.05519942,0.07357743,0.2261244,0.6474292,null,null,null,null,"TWOGAUSSIANS",8,3.1888204,0.6611749,0.09366861,0.30911672,0.2759486,0.2260966,0.64970505,0.24432677,0.009209349,0.4,0.034568295,0.21761031,0.04013124
375316653866487564,4051653584794712192,0.63950104,2213.3247839824726,1.8718282111170013,7.965576E-6,17.900759,0.020853737,0.27521256,0.0030285658,0.05876912,0.0078005516,0.25695336,0.05026139,0.76673234,0.006854597,0.041629616,0.014730258,0.27474985,0.033754785,0.11940375,0.029712208,0.27521256,0.0030285658,"TWOGAUSSIANS_WITH_ELLIPSOIDAL_ON_ECLIPSE1",9,3.7119117,0.7676323,0.0065255747,0.23312585,0.082489446,0.5129217,0.026374867,0.27521256,0.0030285658,0.32910708,0.04368309,0.49573073,0.015623181
375316653866487564,4051653623480962048,0.48865655,2267.8714239603737,0.42369252487265757,7.0458555E-5,19.047367,0.012694495,0.41292474,0.013011353,0.03579706,0.013461523,0.84006834,0.64869785,0.74537694,0.011236936,0.05316313,0.011965768,0.35810637,0.43782035,null,null,null,null,"TWOGAUSSIANS",8,2.9143853,0.41292474,0.013011353,0.20046352,0.07538453,0.84006834,0.64869785,0.74537694,0.011236936,0.29771352,0.0670083,0.35810637,0.43782035
375316653866487564,4051653726560504832,0.45835337,2215.725311903832,0.5164009951278926,3.9804065E-5,18.83976,0.023230404,0.6928087,0.009802892,0.03858742,0.015930828,0.16268834,0.09657021,null,null,null,null,null,null,0.14263614,0.0427745,0.6928087,0.009802892,"ONEGAUSSIAN_WITH_ELLIPSOIDAL",6,14.566685,0.6928087,0.009802892,0.21608956,0.08921263,0.44796044,0.08430455,null,null,null,null,null,null
375316653866487564,4051653967079094400,0.5708821,2217.8471220382694,2.223129745430323,1.897802E-5,18.623796,0.022418205,0.2740961,0.007516047,0.097585835,0.014457661,0.35815588,0.03766727,0.7633166,0.00785437,0.08469464,0.008307444,0.44338197,0.024261193,null,null,null,null,"TWOGAUSSIANS",8,3.5361903,0.7633166,0.00785437,0.4,0.0,0.42785826,0.018194685,0.2740961,0.007516047,0.4,0.0,0.34263054,0.04411158
375316653866487564,4051654070203456896,0.5729,2241.7345211942843,1.7732418303916397,9.497137E-6,16.424084,0.0032584514,0.24306008,0.002615089,0.08440685,0.004351544,0.1786108,0.00642845,0.7730688,0.11692994,0.059961878,0.040333934,0.62981194,10.778065,null,null,null,null,"TWOGAUSSIANS",8,8.335759,0.7730688,0.116949126,0.33578652,0.22587003,0.6291253,10.778656,0.24306008,0.002615089,0.4,0.0,0.17792417,0.0066464324
375316653866487564,4051654207595711360,0.50589055,2244.052726048334,2.7317469926486044,3.111423E-5,19.16322,0.042307984,0.22289874,0.009062097,0.082928635,0.013272402,0.4596617,0.051148955,0.71651167,0.009541665,0.10460119,0.021526253,0.39730257,0.088783614,null,null,null,null,"TWOGAUSSIANS",8,10.325349,0.22289874,0.009063145,0.4,0.0,0.43775684,0.045045957,0.71651167,0.009541665,0.4,0.0,0.37538868,0.095540635
375316653866487564,4051654379394701184,0.5510946,2252.9764461905397,2.726839710166544,1.7830178E-5,19.408382,0.034842525,0.3183699,0.008138217,0.0740962,0.014730437,0.6881864,0.10559428,0.82171685,0.0038509911,0.0806547,0.0101701,0.32938728,0.03171807,null,null,null,null,"TWOGAUSSIANS",8,2.3165503,0.3183699,0.008138217,0.4,0.005453301,0.6835037,0.113288976,0.82171685,0.0038509911,0.4,0.0,0.32470453,0.02625975
375316653866487564,4051654512470221312,0.6190892,2267.5235954754544,0.17929270117718785,7.1279304E-5,17.213232,0.007942804,0.23374544,0.07247089,0.039848797,0.023384903,0.13814999,0.111806646,0.5313206,6.0658314E-4,0.010994028,6.332056E-4,1.4277718,0.09944991,null,null,null,null,"TWOGAUSSIANS",8,35.89071,0.5313206,6.0658314E-4,0.06156656,0.0035459513,1.4277718,0.09944991,0.23374544,0.07247089,0.22315325,0.13095546,0.13814999,0.111806646
375316653866487564,4051654615574412544,0.52259314,2207.9610827593556,0.26429774263675354,2.1392756E-5,18.45381,0.0056901756,0.2695227,0.10907946,0.074604906,0.09879079,0.053384222,0.058576103,0.77533376,0.0017036039,0.032744545,0.0028032754,0.3884685,0.1305922,null,null,null,null,"TWOGAUSSIANS",8,2.9246604,0.77533376,0.0017036039,0.18336944,0.015698342,0.38846588,0.13060078,0.2695227,0.10907946,0.4,0.056227848,0.05338159,0.05895501
375316653866487564,4051654619910370688,0.4636401,2241.615001305175,0.18627474470916502,3.8703853E-5,19.736555,0.0196584,0.26033866,0.013570443,0.080013454,0.015002351,0.20019677,0.0272744,0.5860581,0.0115239555,0.045576345,0.013639122,0.262129,0.08837682,null,null,null,null,"TWOGAUSSIANS",8,2.2790132,0.5860581,0.0115239555,0.25522754,0.07637908,0.26217923,0.088398635,0.26033866,0.013570443,0.4,0.0,0.20019655,0.027274879
375316653866487564,4051654619970048896,0.5437932,2221.409602518514,0.23290122458010146,2.5830948E-5,19.099792,0.032335695,0.30844384,0.024700033,0.08058891,0.025843902,0.35261026,0.09778583,0.7923926,0.010484298,0.075769305,0.0141752055,0.31245157,0.040485445,null,null,null,null,"TWOGAUSSIANS",8,1.9624317,0.30844384,0.024700033,0.4,0.07396333,0.3497439,0.09849603,0.7923926,0.010484298,0.4,0.024631161,0.30958524,0.036509052
375316653866487564,4051654649909206144,0.48991862,2268.218804279975,1.1967272643442741,7.416056E-5,17.142456,0.0017046054,0.22679587,0.025651177,0.03298159,0.018207632,0.063918896,0.12716757,0.43601763,0.018771015,0.09540352,0.023322228,0.05509911,0.0055463132,null,null,null,null,"TWOGAUSSIANS",8,4.4622736,0.22881587,0.027365297,0.1846969,0.10196274,0.069009505,0.12621973,0.43601763,0.018771015,0.4,0.0,0.05509899,0.005549683
375316653866487564,4051654654272944640,0.5004787,2264.8289630486997,0.1072325987277352,1.5025489E-5,19.123043,0.010393361,0.45187846,0.024974767,0.12823021,0.029239187,0.14339575,0.030250866,0.7303159,0.009365733,0.0120906625,0.008539454,0.3093471,0.050919622,null,null,null,null,"TWOGAUSSIANS",8,4.2806387,0.7303159,0.009365733,0.06770771,0.047820944,0.32277775,0.049565446,0.45187846,0.024974767,0.4,0.0,0.14325252,0.03065342
375316653866487564,4051654753013535104,0.4624053,2173.9180777713877,0.7205785051844165,3.1027743E-5,18.559032,0.014376062,0.15170208,0.0071752127,0.09689853,0.009974885,0.17793997,0.029038567,0.47323525,0.04502156,0.078465134,0.049460735,0.099374376,0.037372828,null,null,null,null,"TWOGAUSSIANS",8,3.6561346,0.15176207,0.0071294955,0.4,0.0,0.17780937,0.02896504,0.47323525,0.04502156,0.4,0.21433885,0.09994461,0.037692055
375316653866487564,4051654826068649600,0.55496407,2242.923782891159,2.4444457985578794,2.1810694E-5,18.823933,0.030441532,0.21598414,0.0043310206,0.07387643,0.009858012,0.48322874,0.028968034,0.69921726,0.033101942,0.115070865,0.06420518,0.2141555,1.4353062,null,null,null,null,"TWOGAUSSIANS",8,6.138613,0.21599413,0.0043276963,0.4,0.019554514,0.46998885,0.02419338,0.69921726,0.033101942,0.4,0.099491276,0.20087494,1.4475316
375316653866487564,4051654963507654016,0.43140176,2214.500649638245,0.8405254584535743,9.603843E-5,18.85201,0.020328075,null,null,null,null,null,null,null,null,null,null,null,null,0.1323194,0.026678266,0.35096943,0.017077,"ELLIPSOIDAL",4,11.866812,null,null,null,null,null,null,null,null,null,null,null,null
375316653866487564,4051655027903487744,0.5042366,2233.083100088341,2.2069918764928236,3.1041858E-5,18.271338,0.031335406,0.18322387,0.015540618,0.0464544,0.03128244,0.13034323,0.11592011,0.7903229,0.088980295,0.06526859,0.034940854,0.07723927,0.12490974,0.15919968,0.0633463,0.18322387,0.015540618,"TWOGAUSSIANS_WITH_ELLIPSOIDAL_ON_ECLIPSE1",9,24.31061,0.18322387,0.015540618,0.26014465,0.17518167,0.44874194,0.08568508,0.7903229,0.088980295,0.36550412,0.10454917,0.27194908,0.16029762
375316653866487564,4051655165342494208,0.5827637,2233.5721752654267,0.561313588351623,5.010932E-6,18.039333,0.015775396,0.14025614,0.0022964925,0.018283788,0.0029666533,0.74371094,0.04351141,0.7533639,0.040866397,0.021089526,0.045160607,0.080785125,1.69615376E8,0.028977586,0.01735949,0.7533639,0.040866397,"TWOGAUSSIANS_WITH_ELLIPSOIDAL_ON_ECLIPSE2",9,32.565147,0.14041615,0.0022897578,0.10238921,0.016613258,0.777032,0.036781266,0.7533639,0.040866397,0.11810134,0.2528994,0.13874026,1.69615376E8
375316653866487564,4051655169666139136,0.6317051,2220.7917640461883,1.489597087103126,5.7155858E-6,17.53551,0.0107354615,0.18826976,0.003336297,0.050716273,0.0037321874,0.6153485,0.027812922,0.6738546,0.004975131,0.054125026,0.02627036,0.08534137,0.1278509,0.08975648,0.012384454,0.6738546,0.004975131,"TWOGAUSSIANS_WITH_ELLIPSOIDAL_ON_ECLIPSE2",9,8.535627,0.18746977,0.0030727645,0.28401113,0.02090025,0.79347163,0.025251376,0.6738546,0.004975131,0.30310014,0.14711401,0.26485154,0.12808138
375316653866487564,4051655234049834112,0.55195177,2287.9225189292088,0.018751437651489303,3.389428E-5,17.87349,0.003175204,0.51994556,0.07699138,0.11289957,0.052454885,0.2806375,0.0737318,0.9544124,0.0099555,0.009629768,0.0051584793,0.046966434,0.014370158,null,null,null,null,"TWOGAUSSIANS",8,1.6600031,0.51994556,0.07699138,0.4,0.05789863,0.28060657,0.073735684,0.9544124,0.0099555,0.0539267,0.028887484,0.047107283,0.014396947
375316653866487564,4051655685065774976,0.510903,2246.8544522659936,2.9928814617204273,1.4282697E-5,18.50815,0.03772194,0.29165334,0.009675188,0.072715126,0.017820146,0.3520979,0.043977126,0.8317617,0.0021174492,0.07498132,0.015369468,0.29219854,0.022019627,null,null,null,null,"TWOGAUSSIANS",8,7.078833,0.29165334,0.009675188,0.4,0.023720788,0.35129896,0.045164797,0.8317617,0.0021174492,0.4,0.00606105,0.29139957,0.019771831
375316653866487564,4051655788189886976,0.53624517,2164.509719765753,0.42923023901677276,3.4980374E-5,19.57047,0.09850776,0.56655085,0.005584499,0.1580362,0.035427544,0.45148665,0.07972038,0.9493307,0.026950074,0.060958907,0.04997068,0.13100328,0.020144353,null,null,null,null,"TWOGAUSSIANS",8,0.5516306,0.56655085,0.005584499,0.4,0.0,0.43957382,0.06810673,0.9493307,0.026950074,0.34136987,0.27983582,0.14333934,0.029554702
375316653866487564,4051655856861091712,0.5523526,2150.4936413683804,0.4659562090239911,4.56426E-5,19.175375,0.0074876407,0.6992253,0.019211894,0.13203621,0.013702356,0.4779927,0.016024252,0.5242452,0.0058462205,0.05715504,0.012885798,0.21385537,0.070159905,null,null,null,null,"TWOGAUSSIANS",8,0.8700986,0.69438535,0.01551379,0.4,0.0,0.47948238,0.014607808,0.5712152,0.00859676,0.3200682,0.07216047,0.4505891,0.0069319406
375316653866487564,4051656028659963520,0.45525748,2198.173223468394,0.2529434282660497,3.5333476E-5,18.323921,0.013754571,0.28120422,0.005084556,0.056987833,0.011107731,0.09407319,0.013736381,0.52493423,8.449817E-4,0.014948103,0.0042890916,0.057404667,0.009140879,null,null,null,null,"TWOGAUSSIANS",8,3.2354777,0.28120422,0.005084556,0.31913185,0.062203296,0.09407319,0.013736381,0.52493423,8.449817E-4,0.083709374,0.024018914,0.0574147,0.009268779
375316653866487564,4051656509701232384,0.41275415,2198.539551088566,1.5941802395750646,1.1430192E-4,19.01733,0.16332395,0.029506726,0.037447296,0.03616594,0.030983167,0.3161744,0.15154271,0.34307432,0.020134252,0.23819667,0.08879317,0.3974281,0.15602785,null,null,null,null,"TWOGAUSSIANS",8,3.5262182,0.033076726,0.044349894,0.20252927,0.17350574,0.40322447,0.1470603,0.34307432,0.020134252,0.4,0.0,0.30974773,0.02057028
375316653866487564,4051656578465002240,0.61863244,2305.61119372668,1.9868280435094776,8.3820605E-6,17.912294,0.0087372735,0.22251646,0.0029046042,0.08643233,0.0037739668,0.40856254,0.0084554255,0.7338478,0.024063868,0.082929276,0.017925305,0.27024665,0.03374389,null,null,null,null,"TWOGAUSSIANS",8,2.7883832,0.22251646,0.0029046042,0.4,0.0,0.40158018,0.0056599616,0.7338478,0.024063868,0.4,0.033324625,0.26326433,0.031451415
375316653866487564,4051656681544238464,0.57351726,2243.70672833288,2.022067033396244,8.1093585E-6,17.05017,0.017237285,0.24447982,0.0018639553,0.09080855,0.0062367646,0.26400426,0.015584027,0.7369305,0.0054806443,0.10452646,0.012764599,0.18495779,0.013943554,null,null,null,null,"TWOGAUSSIANS",8,5.3741584,0.24447982,0.0018671557,0.4,0.0,0.24919927,0.008573407,0.7369305,0.0054806443,0.4,0.0,0.17014875,0.0049274233
375316653866487564,4051656715860671744,0.59306407,2239.8803662640707,0.7904283026533543,1.051854E-5,16.921183,0.021615421,0.2656155,0.0037482658,0.094679005,0.0073854383,0.3686803,0.021152778,0.77247167,0.006833289,0.10503777,0.015652532,0.1999028,0.01794878,null,null,null,null,"TWOGAUSSIANS",8,6.4140115,0.2656155,0.003744845,0.4,0.0,0.34761745,0.009296902,0.77247167,0.006833289,0.4,0.0,0.17883563,0.010618166
