Gaia/vari_eclipsing_binary/VariEclipsingBinary_229882-229915.csv
# %ECSV 1.0
# ---
# delimiter: ','
# meta: !!omap
# - RELEASE: Gaia DR3
# - TABLE: vari_eclipsing_binary
# - DESCRIPTION: >
#     This table describes the properties of the eclipsing binaries resulting from the variability analysis. 
# - CITATION: >
#     How to cite and acknowledge Gaia: 
#     https://gea.esac.esa.int/archive/documentation/credits.html 
# - KNOWN_ISSUES: >
#     Known issues: 
#     https://www.cosmos.esa.int/web/gaia-users/known-issues 
# - DOCUMENTATION: >
#     Tutorials and documentation: 
#     https://www.cosmos.esa.int/web/gaia-users/archive 
# datatype:
# - 
#   name: solution_id
#   datatype: int64
#   description: Solution Identifier
#   meta:
#     ucd: meta.version
# - 
#   name: source_id
#   datatype: int64
#   description: Unique source identifier
#   meta:
#     ucd: meta.id;meta.main
# - 
#   name: global_ranking
#   datatype: float32
#   description: Number between 0 (worst) and 1 (best)
#   meta:
#     ucd: stat.param
# - 
#   name: reference_time
#   datatype: float64
#   unit: d
#   description: Reference time used for the geometric model fit
#   meta:
#     ucd: time.epoch
# - 
#   name: frequency
#   datatype: float64
#   unit: d**-1
#   description: Frequency of geometric model of the eclipsing binary light curve
#   meta:
#     ucd: src.orbital
# - 
#   name: frequency_error
#   datatype: float32
#   unit: d**-1
#   description: "Uncertainty of \\texttt{frequency}"
#   meta:
#     ucd: stat.error
# - 
#   name: geom_model_reference_level
#   datatype: float32
#   unit: mag
#   description: Magnitude reference level of geometric model
#   meta:
#     ucd: phot.mag;em.opt
# - 
#   name: geom_model_reference_level_error
#   datatype: float32
#   unit: mag
#   description: "Uncertainty of \\texttt{geomModelReferenceLevel}"
#   meta:
#     ucd: stat.error;phot.mag;em.opt
# - 
#   name: geom_model_gaussian1_phase
#   datatype: float32
#   description: Phase of the Gaussian 1 component
#   meta:
#     ucd: time.phase
# - 
#   name: geom_model_gaussian1_phase_error
#   datatype: float32
#   description: "Uncertainty of \\texttt{geomModelGaussian1Phase}"
#   meta:
#     ucd: stat.error;time.phase
# - 
#   name: geom_model_gaussian1_sigma
#   datatype: float32
#   description: "Standard deviation [phase] of Gaussian 1 component"
#   meta:
#     ucd: stat.stdev
# - 
#   name: geom_model_gaussian1_sigma_error
#   datatype: float32
#   description: "Uncertainty of \\texttt{geomModelGaussian1Sigma}"
#   meta:
#     ucd: stat.error
# - 
#   name: geom_model_gaussian1_depth
#   datatype: float32
#   unit: mag
#   description: Magnitude depth of Gaussian 1 component
#   meta:
#     ucd: src.var.amplitude
# - 
#   name: geom_model_gaussian1_depth_error
#   datatype: float32
#   unit: mag
#   description: "Uncertainty of \\texttt{geomModelGaussian1Depth}"
#   meta:
#     ucd: stat.error;src.var.amplitude
# - 
#   name: geom_model_gaussian2_phase
#   datatype: float32
#   description: Phase of Gaussian 2 component
#   meta:
#     ucd: time.phase
# - 
#   name: geom_model_gaussian2_phase_error
#   datatype: float32
#   description: "Uncertainty of \\texttt{geomModelGaussian2Phase}"
#   meta:
#     ucd: stat.error;time.phase
# - 
#   name: geom_model_gaussian2_sigma
#   datatype: float32
[...]
#   datatype: float32
#   description: "Secondary eclipse: uncertainty of \\texttt{derivedSecondaryEclDuration}"
#   meta:
#     ucd: stat.error;time.duration
# - 
#   name: derived_secondary_ecl_depth
#   datatype: float32
#   unit: mag
#   description: "Secondary eclipse: depth"
#   meta:
#     ucd: src.var.amplitude
# - 
#   name: derived_secondary_ecl_depth_error
#   datatype: float32
#   unit: mag
#   description: "Secondary eclipse: uncertainty of \\texttt{derivedSecondaryEclDepth}"
#   meta:
#     ucd: stat.error;src.var.amplitude
solution_id,source_id,global_ranking,reference_time,frequency,frequency_error,geom_model_reference_level,geom_model_reference_level_error,geom_model_gaussian1_phase,geom_model_gaussian1_phase_error,geom_model_gaussian1_sigma,geom_model_gaussian1_sigma_error,geom_model_gaussian1_depth,geom_model_gaussian1_depth_error,geom_model_gaussian2_phase,geom_model_gaussian2_phase_error,geom_model_gaussian2_sigma,geom_model_gaussian2_sigma_error,geom_model_gaussian2_depth,geom_model_gaussian2_depth_error,geom_model_cosine_half_period_amplitude,geom_model_cosine_half_period_amplitude_error,geom_model_cosine_half_period_phase,geom_model_cosine_half_period_phase_error,model_type,num_model_parameters,reduced_chi2,derived_primary_ecl_phase,derived_primary_ecl_phase_error,derived_primary_ecl_duration,derived_primary_ecl_duration_error,derived_primary_ecl_depth,derived_primary_ecl_depth_error,derived_secondary_ecl_phase,derived_secondary_ecl_phase_error,derived_secondary_ecl_duration,derived_secondary_ecl_duration_error,derived_secondary_ecl_depth,derived_secondary_ecl_depth_error
[from data line 181]
375316653866487564,2022121116067962880,0.49194926,2128.6922876592616,2.571390221511058,1.4701667E-5,19.479834,0.007864286,0.24140845,0.002927096,0.065847605,0.004668658,0.5451216,0.036965687,0.7374209,0.0037379393,0.062901676,0.0051686065,0.5380021,0.058560822,null,null,null,null,"TWOGAUSSIANS",8,4.4637103,0.24140845,0.002927096,0.36874658,0.026144486,0.544612,0.037172522,0.7374209,0.0037379393,0.35224938,0.028944196,0.5374925,0.058773834
375316653866487564,2022121283576878336,0.59428877,2152.6571063724537,0.6340500909008435,3.214204E-6,17.599552,0.001698779,0.23049676,0.0014666329,0.023533586,0.001100804,0.31623355,0.013540516,0.7292717,0.003258096,0.026732232,0.003602999,0.15107274,0.027378712,null,null,null,null,"TWOGAUSSIANS",8,2.617995,0.23049676,0.0014666329,0.13178809,0.006164502,0.31623355,0.013540516,0.7292717,0.003258096,0.14970051,0.020176794,0.15107274,0.027378712
375316653866487564,2022121287900204544,0.5678417,2168.1739052834505,0.458771152860378,4.2710058E-6,14.9656725,6.0201215E-4,0.5813656,0.0068787113,0.04301915,0.01008424,0.010044333,0.0043499097,0.7702719,5.9268944E-4,0.016150605,0.0019623535,0.13398655,0.027611477,0.002433343,9.467404E-4,0.7702719,5.9268944E-4,"TWOGAUSSIANS_WITH_ELLIPSOIDAL_ON_ECLIPSE2",9,6.832723,0.7702719,5.9268944E-4,0.09044339,0.01098918,0.13885386,0.02781445,0.5855056,0.006406088,0.24090724,0.056471743,0.010770738,0.004385013
375316653866487564,2022121734576904704,0.5881471,2150.274546776949,1.6343848320195968,4.7943527E-6,16.114628,0.0021988042,0.20395184,0.0019304542,0.021130294,9.076291E-4,0.5006332,0.028030459,0.71071404,0.0030659747,0.02802466,0.002237572,0.3444357,0.0075884964,null,null,null,null,"TWOGAUSSIANS",8,26.937033,0.20395184,0.0019304542,0.118329644,0.0050827228,0.5006332,0.028030459,0.71071404,0.0030659747,0.1569381,0.012530404,0.3444357,0.0075884964
375316653866487564,2022122765369062656,0.57312,2152.221454144309,2.362590230728963,6.482356E-6,16.49116,0.0053245677,0.24597473,0.0023045733,0.09151793,0.003254263,0.2968122,0.006034384,0.747772,0.0013130067,0.08435609,0.0025533317,0.30629942,0.008392523,null,null,null,null,"TWOGAUSSIANS",8,16.255878,0.747772,0.0013130067,0.4,0.0,0.29602075,0.008624766,0.24597473,0.0023045733,0.4,0.0,0.28653336,0.005533263
375316653866487564,2022123555642877056,0.56073856,2153.8374607904166,1.238598270944746,1.5456271E-5,17.60435,0.0019184805,0.2600415,0.010347131,0.016615925,0.010583771,0.04507692,0.02260027,0.7621341,0.0037004368,0.026661111,0.0020628604,0.24144055,0.015262792,0.009171388,0.0033452045,0.2600415,0.010347131,"TWOGAUSSIANS_WITH_ELLIPSOIDAL_ON_ECLIPSE1",9,2.6854813,0.7621341,0.0036997662,0.14930221,0.011552018,0.25978014,0.013736241,0.2600415,0.010347131,0.09304918,0.05926912,0.06341969,0.022354558
375316653866487564,2022123723118445056,0.5251021,2158.8803474112683,2.6013063209123977,1.5072241E-5,18.02782,0.02388333,0.26518127,0.0034558899,0.09509014,0.010090002,0.21847999,0.023242924,0.75616413,0.0058618477,0.099510446,0.01498579,0.24611337,0.020968433,null,null,null,null,"TWOGAUSSIANS",8,6.0336556,0.75616413,0.0058618477,0.4,0.0,0.23094232,0.010882467,0.26518127,0.0034552899,0.4,0.0,0.20331024,0.013119734
375316653866487564,2022125303665797760,0.541778,2181.8429261450774,1.6651806879458697,6.9566117E-6,18.415512,0.0071798163,0.23167379,0.0019376512,0.086464696,0.006761266,0.2140439,0.009147825,0.7285071,0.0025316384,0.10157128,0.005030873,0.21076947,0.007672594,null,null,null,null,"TWOGAUSSIANS",8,1.6120721,0.23167379,0.0019376512,0.4,0.0,0.20226,0.012077861,0.7285071,0.0025316384,0.4,0.0,0.19898327,0.0061189956
375316653866487564,2022125922141166976,0.5694003,2170.451977676828,2.3626212636469495,1.1250018E-5,18.444208,0.005795475,0.2386384,0.0021390954,0.08435979,0.0036652852,0.2831488,0.009005157,0.74517316,0.0035127767,0.09149845,0.003999971,0.25278404,0.0110864425,null,null,null,null,"TWOGAUSSIANS",8,1.5575297,0.2386384,0.0021390954,0.4,0.0,0.27472982,0.009287503,0.74517316,0.0035127767,0.4,0.0,0.2443649,0.010880969
375316653866487564,2022126132623874816,0.588131,2175.776087544337,0.05790961910867693,5.279779E-6,15.542193,0.0018702621,0.34059963,0.0022538542,0.015691334,0.0011996885,0.5982602,0.096553825,0.84438664,0.0033207308,0.031560488,0.0077398103,0.07634689,0.0077535408,0.08095476,0.0031000935,0.34059963,0.0022538542,"TWOGAUSSIANS_WITH_ELLIPSOIDAL_ON_ECLIPSE1",9,34.576202,0.34059963,0.0022538542,0.08787147,0.006718256,0.7601697,0.09826528,0.84438664,0.0033207308,0.17673872,0.043342937,0.23816475,0.006775434
375316653866487564,2022127025944972160,0.4257537,2142.1700660256784,0.736174613592145,3.1316962E-5,19.927248,0.0112066055,0.08117955,0.03108007,0.027795998,0.025652379,0.07817055,0.13147768,0.807967,0.0062575657,0.022414979,0.007395279,0.4827263,0.10409351,null,null,null,null,"TWOGAUSSIANS",8,4.6104546,0.807967,0.0062575657,0.12552388,0.041413564,0.4827263,0.10409351,0.08117955,0.03108007,0.15565759,0.14365332,0.07817055,0.13147768
375316653866487564,2022127197743624192,0.5511947,2141.5137154149575,2.4748917356409343,1.6019856E-5,17.980467,0.032183573,0.29516327,0.0034121533,0.057590783,0.009610902,0.2003452,0.06874879,0.8005756,0.007423896,0.053846743,0.018078644,0.17493564,0.06440736,0.11876056,0.036071196,0.29516327,0.0034121533,"TWOGAUSSIANS_WITH_ELLIPSOIDAL_ON_ECLIPSE1",9,11.242764,0.29516327,0.0034121533,0.3225084,0.05382105,0.43784684,0.014796458,0.8005756,0.007346392,0.30154175,0.101240404,0.41216272,0.015345883
375316653866487564,2022127227811234816,0.5365304,2124.673465038527,2.7327354206966428,1.2622761E-5,19.203405,0.0124807255,0.24329554,0.0035710407,0.08681387,0.0059550023,0.36474314,0.017062671,0.74349856,0.00326912,0.089095056,0.0060951607,0.34564167,0.019459905,null,null,null,null,"TWOGAUSSIANS",8,2.5469542,0.24329554,0.0035710407,0.4,0.0,0.35228902,0.016565464,0.74349856,0.00326912,0.4,0.0,0.3331875,0.020110277
375316653866487564,2022127610092553472,0.508027,2149.1442944206615,2.904725858827142,8.049396E-6,19.779074,0.015853802,0.2729884,0.0038324562,0.07348218,0.0076760096,0.5435878,0.04535519,0.7785764,0.0045135533,0.07433183,0.005875638,0.44663364,0.03883117,null,null,null,null,"TWOGAUSSIANS",8,2.370785,0.2729884,0.0038324562,0.4,0.0030503876,0.54075176,0.046813156,0.7785764,0.0045135533,0.4,0.0,0.4437976,0.039151095
375316653866487564,2022127678779558784,0.594138,2172.763218220319,2.773112939103305,5.068364E-6,18.706366,0.010515221,0.24257086,0.0014579645,0.048575904,0.006439228,0.21258219,0.021268323,0.7450629,0.0024599275,0.047577262,0.0038226072,0.31264403,0.023315128,0.114422515,0.014587297,0.24257086,0.0014579645,"TWOGAUSSIANS_WITH_ELLIPSOIDAL_ON_ECLIPSE1",9,2.051253,0.7450629,0.0024599275,0.26643267,0.0214066,0.54143226,0.011295551,0.24257086,0.0014579645,0.27202508,0.036059678,0.44142655,0.029390762
375316653866487564,2022127816250933248,0.54925907,2163.612744453952,1.1168382568559163,9.64516E-6,14.939283,0.0358397,0.2046393,0.0037048287,0.14742109,0.040378816,0.07397946,0.03430737,0.69303733,0.002432135,0.12530299,0.016481854,0.11053175,0.032979704,null,null,null,null,"TWOGAUSSIANS",8,5.7693624,0.69303733,0.002432135,0.4,0.0,0.08095452,0.0015666179,0.2048993,0.0035399105,0.4,0.0,0.043998893,0.00242778
375316653866487564,2022128331647077632,0.6002532,2144.633437176694,1.2982902981804951,4.481337E-6,17.280872,0.0072422926,0.21876243,0.001263395,0.09335603,0.0047389357,0.26647735,0.009406294,0.72561663,0.001793796,0.10290282,0.003855543,0.25642705,0.0066935387,null,null,null,null,"TWOGAUSSIANS",8,2.3029742,0.21876243,0.001263395,0.4,0.0,0.24790512,0.011979801,0.72561663,0.001793796,0.4,0.0,0.23785116,0.0034601325
375316653866487564,2022128434726302464,0.62021625,2137.7114922867763,3.0986001544257524,6.649578E-6,17.394234,0.016011273,0.2621328,0.001563997,0.047517635,0.0068382425,0.23469503,0.030793115,0.764965,0.003714286,0.04767708,0.008222323,0.1423389,0.03375966,0.10751513,0.019343968,0.2621328,0.001563997,"TWOGAUSSIANS_WITH_ELLIPSOIDAL_ON_ECLIPSE1",9,8.128773,0.2621328,0.001563997,0.26609874,0.03829416,0.44972473,0.0120854005,0.764965,0.003714286,0.26699165,0.04604501,0.35730052,0.011636776
375316653866487564,2022129671645026304,0.47662282,2136.4945442111134,2.3235656887463847,1.4718999E-5,19.65441,0.011932973,0.2246517,0.0045438125,0.0837761,0.006832372,0.3119482,0.020587279,0.7270698,0.0050876904,0.0852507,0.013748816,0.27339447,0.02624482,null,null,null,null,"TWOGAUSSIANS",8,2.1173377,0.2246517,0.0045438125,0.4,0.0,0.30490887,0.020665139,0.7270698,0.0050876904,0.4,0.0,0.26635513,0.032217078
375316653866487564,2022129912163316352,0.51388144,2121.413989162068,1.5965881008858491,1.5772885E-5,18.7439,0.0035346434,0.5976642,0.0014523345,0.037097827,0.0013565908,0.570197,0.038169663,0.8154519,0.0063049626,0.013343008,0.0031499178,0.043167286,0.027482081,null,null,null,null,"TWOGAUSSIANS",8,4.3292084,0.5976642,0.0014523345,0.20774782,0.0075969086,0.570197,0.038169663,0.8154519,0.0063049626,0.074720845,0.01763954,0.043167304,0.027482087
375316653866487564,2022130977347151872,0.51674175,2157.501816365344,2.2759110469292407,7.850251E-6,18.302322,0.00960244,0.17522408,0.0027045344,0.089790344,0.005072326,0.24465197,0.011170628,0.6705296,0.004362661,0.095494315,0.0073403534,0.22293738,0.012639409,null,null,null,null,"TWOGAUSSIANS",8,3.7452486,0.17522408,0.0027045344,0.4,0.0,0.23324353,0.009948776,0.6705296,0.004362661,0.4,0.0,0.21152851,0.01201775
375316653866487564,2022131252225007872,0.61673516,2147.542581465256,2.2405577256347575,4.896999E-6,15.273834,0.0020383792,0.24451166,0.0012775252,0.040679347,0.014878448,0.015645752,0.0045900126,0.7588446,0.0042743064,0.047952835,0.0071670236,0.028294355,0.0049481643,0.073688135,0.0032591857,0.24451166,0.0012775252,"TWOGAUSSIANS_WITH_ELLIPSOIDAL_ON_ECLIPSE1",9,9.5849905,0.7588446,0.0042743064,0.26853588,0.04013533,0.17447859,0.0023892205,0.24451166,0.0012775252,0.22780435,0.08331931,0.16302201,0.0031911149
375316653866487564,2022132106895330944,0.5066085,2135.2605769530687,2.7195015806286067,3.1059055E-5,18.710236,0.0119320825,0.18756244,0.0055414247,0.09010178,0.006561029,0.26241228,0.013989964,0.68446225,0.0038271223,0.08922479,0.0073540756,0.2627615,0.011383381,null,null,null,null,"TWOGAUSSIANS",8,5.201212,0.68446225,0.0038271223,0.4,0.0,0.25250107,0.009968297,0.18756244,0.0055414247,0.4,0.0,0.25215182,0.011331296
375316653866487564,2022132175614783488,0.5849483,2130.002535190538,1.5105512038613553,5.6910926E-6,18.104582,0.0049311747,0.23053138,0.0010937279,0.06879534,0.0018081934,0.28494105,0.005675075,0.72385895,0.0013073932,0.07381141,0.0019123969,0.5125331,0.013407833,null,null,null,null,"TWOGAUSSIANS",8,3.8565855,0.72385895,0.0013073932,0.4,0.0,0.5111363,0.013489064,0.23053138,0.0010937279,0.3852539,0.010125883,0.2835442,0.0055054645
375316653866487564,2022132970179980416,0.51220566,2139.1895553768973,2.835305586428542,2.4877492E-5,19.285704,0.014121379,0.21692477,0.0037219818,0.08107198,0.0059281723,0.31483898,0.018626958,0.6997375,0.004068871,0.0895726,0.0060785203,0.3066542,0.015043959,null,null,null,null,"TWOGAUSSIANS",8,2.9648807,0.21692477,0.0037219818,0.4,0.0,0.30856082,0.017254867,0.6997375,0.004068871,0.4,0.0,0.3003759,0.012831846
375316653866487564,2022133313809403648,0.5023164,2170.1599969837507,2.9556900734481184,1.1906094E-5,19.776726,0.012671885,0.2955819,0.0022761135,0.0629441,0.0027431066,0.5648714,0.021241616,0.78884566,0.002868237,0.07595814,0.007054687,0.51843363,0.06340735,null,null,null,null,"TWOGAUSSIANS",8,1.9098644,0.2955819,0.0022761135,0.35248697,0.015361397,0.56348985,0.021097574,0.78884566,0.002868237,0.4,0.0,0.5170521,0.064271495
375316653866487564,2022133790522708736,0.56585133,2147.4599706498984,0.6543499205155558,4.5295606E-6,18.05134,0.003956137,0.2539846,0.0013311383,0.028978437,0.0019695282,0.51913303,0.047654662,0.7553562,0.0018219962,0.030499974,0.0028492515,0.48894137,0.037199974,0.02164612,0.0074662305,0.2539846,0.0013311383,"TWOGAUSSIANS_WITH_ELLIPSOIDAL_ON_ECLIPSE1",9,6.3121676,0.2539846,0.0013311383,0.16227925,0.011029358,0.56242526,0.051082615,0.7553562,0.0018219962,0.17079985,0.01595581,0.5322304,0.041464116
375316653866487564,2022133932285009792,0.58283424,2160.5778975068265,1.1013570763914133,7.691207E-6,15.41907,0.2610122,0.2820346,0.0011784887,0.20126949,0.036536273,0.43037155,0.24790034,0.7790333,0.0017465958,0.17260541,0.019526377,0.3788549,0.19236375,null,null,null,null,"TWOGAUSSIANS",8,3.9383802,0.28312463,0.0012831601,0.4,0.0,0.11392409,0.0027969484,0.7790333,0.0017465958,0.4,0.0,0.09033148,0.0017027331
375316653866487564,2022134408992538624,0.41874573,2167.8344541360334,2.1941594927329753,4.1231073E-5,18.852604,0.049479205,0.21977544,0.011793896,0.08010753,0.033761714,0.19822648,0.041332874,0.70713896,0.015841696,0.10609357,0.029419357,0.15606415,0.050013278,null,null,null,null,"TWOGAUSSIANS",8,13.558799,0.21977544,0.011771673,0.4,0.030670974,0.19052795,0.023915367,0.70713896,0.015841696,0.4,0.0,0.14836021,0.028857803
375316653866487564,2022134722559016064,0.5254352,2155.776293148876,2.354401605410928,1.9534662E-5,17.37209,0.020012775,0.24006186,0.0041472134,0.09694062,0.00902154,0.36130032,0.019111577,0.7358322,0.005513115,0.092498384,0.0123244,0.3220554,0.021056809,null,null,null,null,"TWOGAUSSIANS",8,32.008064,0.24006186,0.0041472134,0.4,0.0,0.34153268,0.0134949945,0.7358322,0.005513115,0.4,0.0,0.30228865,0.024937583
375316653866487564,2022134821309477248,0.45457524,2156.0502139156824,0.5249205813309663,2.8959574E-5,17.864777,0.0027071433,0.20737864,0.0034885998,0.008588191,0.006117468,0.08033107,101.03107,0.6820683,0.00407314,0.019856235,0.002577053,0.11644938,0.019569788,0.015712751,0.003542038,0.20737864,0.0034885998,"TWOGAUSSIANS_WITH_ELLIPSOIDAL_ON_ECLIPSE1",9,8.020722,0.6822783,0.0040590544,0.11119492,0.014431496,0.14709319,0.019549796,0.20737864,0.0034885998,0.048093874,0.03425782,0.11175656,101.030556
375316653866487564,2022134963077220096,0.4851055,2133.250769591822,1.8995646050909132,3.3325334E-5,19.184807,0.026110353,0.19188076,0.0133973835,0.08723909,0.026306845,0.14172041,0.025873149,0.6803441,0.006932256,0.09347534,0.017125878,0.23301649,0.022099013,null,null,null,null,"TWOGAUSSIANS",8,3.1114695,0.6803441,0.006932256,0.4,0.0,0.22636987,0.017895594,0.19188076,0.013412224,0.4,0.0,0.13507412,0.015047513
375316653866487564,2022135061827586688,0.5308107,2155.891222404068,2.7207423362184313,7.0740666E-6,17.746088,0.008625063,0.2027512,0.002897271,0.082713544,0.0054588015,0.27382964,0.012543045,0.69837433,0.003485584,0.088786036,0.006707093,0.32484502,0.019914802,null,null,null,null,"TWOGAUSSIANS",8,10.352974,0.69837433,0.003485584,0.4,0.0,0.31693095,0.021978531,0.2027512,0.002897271,0.4,0.0,0.26591563,0.012841477
375316653866487564,2022135203595432192,0.5738372,2147.3966927631122,2.7446934833875165,7.1356626E-6,15.890729,0.013580314,0.17353994,0.0024029575,0.06260247,0.008894376,0.16171637,0.029774575,0.67309284,0.0025991679,0.054738823,0.0066995146,0.20499773,0.025309771,0.09811143,0.016391743,0.17353994,0.0024029575,"TWOGAUSSIANS_WITH_ELLIPSOIDAL_ON_ECLIPSE1",9,41.87991,0.67317283,0.001999651,0.3065374,0.03751728,0.40115687,0.014957769,0.17353994,0.0024029575,0.35057384,0.049808506,0.3578768,0.012444005
375316653866487564,2022135439784776832,0.50510466,2149.214401709012,2.164642045445745,1.4601991E-5,17.018524,0.048893828,0.20797288,0.0045624436,0.116116196,0.02275435,0.1595389,0.04766636,0.70813,0.0038102886,0.12617339,0.023081616,0.17053244,0.047596853,null,null,null,null,"TWOGAUSSIANS",8,7.54259,0.70813,0.0038105038,0.4,0.0,0.13136505,0.005513747,0.20797288,0.0046319156,0.4,0.0,0.12047415,0.005855682
