Gaia/vari_eclipsing_binary/VariEclipsingBinary_692695-692818.csv
# %ECSV 1.0
# ---
# delimiter: ','
# meta: !!omap
# - RELEASE: Gaia DR3
# - TABLE: vari_eclipsing_binary
# - DESCRIPTION: >
#     This table describes the properties of the eclipsing binaries resulting from the variability analysis. 
# - CITATION: >
#     How to cite and acknowledge Gaia: 
#     https://gea.esac.esa.int/archive/documentation/credits.html 
# - KNOWN_ISSUES: >
#     Known issues: 
#     https://www.cosmos.esa.int/web/gaia-users/known-issues 
# - DOCUMENTATION: >
#     Tutorials and documentation: 
#     https://www.cosmos.esa.int/web/gaia-users/archive 
# datatype:
# - 
#   name: solution_id
#   datatype: int64
#   description: Solution Identifier
#   meta:
#     ucd: meta.version
# - 
#   name: source_id
#   datatype: int64
#   description: Unique source identifier
#   meta:
#     ucd: meta.id;meta.main
# - 
#   name: global_ranking
#   datatype: float32
#   description: Number between 0 (worst) and 1 (best)
#   meta:
#     ucd: stat.param
# - 
#   name: reference_time
#   datatype: float64
#   unit: d
#   description: Reference time used for the geometric model fit
#   meta:
#     ucd: time.epoch
# - 
#   name: frequency
#   datatype: float64
#   unit: d**-1
#   description: Frequency of geometric model of the eclipsing binary light curve
#   meta:
#     ucd: src.orbital
# - 
#   name: frequency_error
#   datatype: float32
#   unit: d**-1
#   description: "Uncertainty of \\texttt{frequency}"
#   meta:
#     ucd: stat.error
# - 
#   name: geom_model_reference_level
#   datatype: float32
#   unit: mag
#   description: Magnitude reference level of geometric model
#   meta:
#     ucd: phot.mag;em.opt
# - 
#   name: geom_model_reference_level_error
#   datatype: float32
#   unit: mag
#   description: "Uncertainty of \\texttt{geomModelReferenceLevel}"
#   meta:
#     ucd: stat.error;phot.mag;em.opt
# - 
#   name: geom_model_gaussian1_phase
#   datatype: float32
#   description: Phase of the Gaussian 1 component
#   meta:
#     ucd: time.phase
# - 
#   name: geom_model_gaussian1_phase_error
#   datatype: float32
#   description: "Uncertainty of \\texttt{geomModelGaussian1Phase}"
#   meta:
#     ucd: stat.error;time.phase
# - 
#   name: geom_model_gaussian1_sigma
#   datatype: float32
#   description: "Standard deviation [phase] of Gaussian 1 component"
#   meta:
#     ucd: stat.stdev
# - 
#   name: geom_model_gaussian1_sigma_error
#   datatype: float32
#   description: "Uncertainty of \\texttt{geomModelGaussian1Sigma}"
#   meta:
#     ucd: stat.error
# - 
#   name: geom_model_gaussian1_depth
#   datatype: float32
#   unit: mag
#   description: Magnitude depth of Gaussian 1 component
#   meta:
#     ucd: src.var.amplitude
# - 
#   name: geom_model_gaussian1_depth_error
#   datatype: float32
#   unit: mag
#   description: "Uncertainty of \\texttt{geomModelGaussian1Depth}"
#   meta:
#     ucd: stat.error;src.var.amplitude
# - 
#   name: geom_model_gaussian2_phase
#   datatype: float32
#   description: Phase of Gaussian 2 component
#   meta:
#     ucd: time.phase
# - 
#   name: geom_model_gaussian2_phase_error
#   datatype: float32
#   description: "Uncertainty of \\texttt{geomModelGaussian2Phase}"
#   meta:
#     ucd: stat.error;time.phase
# - 
#   name: geom_model_gaussian2_sigma
#   datatype: float32
[...]
#   datatype: float32
#   description: "Secondary eclipse: uncertainty of \\texttt{derivedSecondaryEclDuration}"
#   meta:
#     ucd: stat.error;time.duration
# - 
#   name: derived_secondary_ecl_depth
#   datatype: float32
#   unit: mag
#   description: "Secondary eclipse: depth"
#   meta:
#     ucd: src.var.amplitude
# - 
#   name: derived_secondary_ecl_depth_error
#   datatype: float32
#   unit: mag
#   description: "Secondary eclipse: uncertainty of \\texttt{derivedSecondaryEclDepth}"
#   meta:
#     ucd: stat.error;src.var.amplitude
solution_id,source_id,global_ranking,reference_time,frequency,frequency_error,geom_model_reference_level,geom_model_reference_level_error,geom_model_gaussian1_phase,geom_model_gaussian1_phase_error,geom_model_gaussian1_sigma,geom_model_gaussian1_sigma_error,geom_model_gaussian1_depth,geom_model_gaussian1_depth_error,geom_model_gaussian2_phase,geom_model_gaussian2_phase_error,geom_model_gaussian2_sigma,geom_model_gaussian2_sigma_error,geom_model_gaussian2_depth,geom_model_gaussian2_depth_error,geom_model_cosine_half_period_amplitude,geom_model_cosine_half_period_amplitude_error,geom_model_cosine_half_period_phase,geom_model_cosine_half_period_phase_error,model_type,num_model_parameters,reduced_chi2,derived_primary_ecl_phase,derived_primary_ecl_phase_error,derived_primary_ecl_duration,derived_primary_ecl_duration_error,derived_primary_ecl_depth,derived_primary_ecl_depth_error,derived_secondary_ecl_phase,derived_secondary_ecl_phase_error,derived_secondary_ecl_duration,derived_secondary_ecl_duration_error,derived_secondary_ecl_depth,derived_secondary_ecl_depth_error
[from data line 110]
375316653866487564,6093238908497192960,0.5278952,2134.1336973978346,3.866085699310667,4.814976E-5,16.182219,1.1312822,0.26155388,0.0058086216,0.20218246,0.18642591,0.5709182,1.1151903,0.75745684,0.0043700594,0.13865343,0.036815062,0.62586415,0.6208683,null,null,null,null,"TWOGAUSSIANS",8,42.13231,0.75745684,0.0043700594,0.4,0.0,0.29658294,0.018566195,0.2619339,0.005637883,0.4,0.0,0.18982428,0.017648982
375316653866487564,6093242000873684992,0.4883902,2116.6656815420924,2.558903887585122,7.4339536E-5,15.652128,0.056086864,0.2811787,0.0072317156,0.12779477,0.032225277,0.11002644,0.05384256,0.7604332,0.011028125,0.1306029,0.03947724,0.10539581,0.053217135,null,null,null,null,"TWOGAUSSIANS",8,22.982521,0.2815387,0.0065070046,0.4,0.0,0.08193614,0.005709798,0.7604332,0.011028125,0.4,0.0,0.07726678,0.0072631845
375316653866487564,6093242408887876992,0.53746307,2130.645407531752,3.766404356355567,4.264526E-5,16.497332,0.020909697,0.25455138,0.0040767854,0.047813196,0.010561309,0.21890879,0.037792902,0.73699933,0.006101614,0.043277144,0.019014742,0.17579688,0.02775374,0.10048172,0.024011562,0.25455138,0.0040767854,"TWOGAUSSIANS_WITH_ELLIPSOIDAL_ON_ECLIPSE1",9,42.559498,0.25455138,0.0040767854,0.2677539,0.05914333,0.41987187,0.02621726,0.7395294,0.003840595,0.24235201,0.10648256,0.37467477,0.034456454
375316653866487564,6093245776142439040,0.5483696,2163.4707189311803,0.016991977468005612,1.2278954E-4,18.52956,0.0066457507,0.16833062,0.019660108,0.032722138,0.05026293,0.36265674,0.32065025,0.6090637,0.015656438,0.013996001,0.029240776,0.2854092,0.39080626,null,null,null,null,"TWOGAUSSIANS",8,1.2032545,0.16833062,0.019660108,0.18324396,0.21076687,0.36265674,0.32065028,0.6090637,0.015656438,0.078377604,0.16374834,0.2854092,0.39080626
375316653866487564,6093249869252553344,0.49859503,2122.327911752201,3.532768775463594,5.7568024E-5,19.232407,0.010011658,0.3453342,0.012095063,0.044040605,0.014214613,0.35776958,0.10420574,0.62220526,0.01803278,0.06704259,0.021023024,0.09398761,0.033931803,0.076268464,0.014946427,0.3453342,0.012095063,"TWOGAUSSIANS_WITH_ELLIPSOIDAL_ON_ECLIPSE1",9,6.4318223,0.34534422,0.012089794,0.24662739,0.079601824,0.5103247,0.105706766,0.6681252,0.5168788,0.3754385,0.11394837,0.10407914,0.13368501
375316653866487564,6093250620865164032,0.52626675,2156.801895314249,0.528232102135965,3.2969896E-5,19.644133,0.010838734,0.2685728,0.028246172,0.019686364,0.05054352,0.53722423,0.5269857,0.78219974,0.004069277,0.0199698,0.0074974773,1.157037,36.3353,null,null,null,null,"TWOGAUSSIANS",8,2.19731,0.78219974,0.004069277,0.11183088,0.041985873,1.157037,36.3353,0.2685728,0.028246172,0.11024364,0.2830437,0.53722423,0.52698576
375316653866487564,6093252441931316224,0.43288827,2135.5085115431216,0.24055414758842705,8.682989E-5,18.745853,0.016104473,0.5116692,0.0153530175,0.064569026,0.021387137,0.099298954,0.021236552,0.8467279,0.010924505,0.047290377,0.01693484,0.075301014,0.014727926,null,null,null,null,"TWOGAUSSIANS",8,3.0516841,0.5116692,0.0153530175,0.36158654,0.08847949,0.09929895,0.021235133,0.8467279,0.010924505,0.26482612,0.09483511,0.07530115,0.014731499
375316653866487564,6093252854248134400,0.62207615,2141.9378424556685,3.6704976494760415,1.0664186E-5,16.140558,0.015152012,0.26812688,0.0018355185,0.047380906,0.004539297,0.3809994,0.03241157,0.7668643,0.0018639342,0.052485876,0.0042938883,0.38340977,0.047077887,0.12410635,0.021369684,0.26812688,0.0018355185,"TWOGAUSSIANS_WITH_ELLIPSOIDAL_ON_ECLIPSE1",9,42.11257,0.7670243,0.0015282885,0.2939209,0.024045775,0.63160425,0.03950197,0.26812688,0.0018355185,0.2653331,0.025420064,0.62920755,0.015085925
375316653866487564,6093270519455611520,0.56546736,2194.6957587166885,2.3800686430553393,1.0429175E-5,12.950901,0.7049563,0.2682155,0.002778431,0.18016228,0.04555282,0.89802253,0.5701988,0.7697818,0.0015474344,0.21772711,0.07480582,1.0051575,0.66912526,null,null,null,null,"TWOGAUSSIANS",8,64.59593,0.7707118,0.0011608218,0.4,0.0,0.18209548,0.008108238,0.2668355,0.0021964326,0.4,0.0,0.18065605,0.008581252
375316653866487564,6093272542379658112,0.54992193,2167.729836376128,3.9811440065469,1.8133565E-5,18.22961,0.04028898,0.23832506,0.009982489,0.0941246,0.019269485,0.32970273,0.03050089,0.7177405,0.006085612,0.09903986,0.013068636,0.28548893,0.04021058,null,null,null,null,"TWOGAUSSIANS",8,3.202361,0.23832506,0.009974049,0.4,0.0,0.31350753,0.013014432,0.7177405,0.006085612,0.4,0.0,0.26929197,0.022208225
375316653866487564,6093286393648148352,0.6218057,2162.69948443,0.635960452213371,4.9922313E-5,18.89028,0.0034806163,0.21076103,0.015205641,0.011093696,0.007969936,0.016737437,0.011020355,0.45245898,0.0024335065,0.055323422,0.002488086,0.47439077,0.012931229,0.0020456011,0.0059483964,0.45245898,0.0024335065,"TWOGAUSSIANS_WITH_ELLIPSOIDAL_ON_ECLIPSE2",9,0.859253,0.45245898,0.0024335065,0.30981115,0.013933281,0.47846693,0.01030682,0.21080102,0.015313996,0.0621247,0.04463164,0.016767602,0.011048373
375316653866487564,6093289142434029568,0.5333466,2167.5855802148044,0.598559501697683,1.782695E-5,16.085985,0.00190938,null,null,null,null,null,null,null,null,null,null,null,null,0.046023462,0.00231151,0.29381183,0.0050875815,"ELLIPSOIDAL",4,8.96236,null,null,null,null,null,null,null,null,null,null,null,null
375316653866487564,6093292234812067584,0.53113115,2115.0607994701113,3.342526581776954,4.348152E-5,18.569407,0.0126191275,0.21468717,0.004342256,0.069552176,0.0055732285,0.36703745,0.01365682,0.70738053,0.008415301,0.0685516,0.014021036,0.46679667,0.024457784,null,null,null,null,"TWOGAUSSIANS",8,9.694352,0.70738053,0.008415301,0.38388896,0.036687415,0.46582577,0.025299212,0.21468717,0.004342256,0.38949218,0.029401168,0.36606652,0.013282067
375316653866487564,6093295288528533248,0.4564895,2130.867767220827,3.4646737156468554,3.9701103E-5,18.41273,0.116705,0.17433605,0.0144453915,0.12296371,0.07146601,0.1385154,0.11277648,0.7101037,0.010991032,0.08957456,0.038775347,0.14752342,0.09778513,null,null,null,null,"TWOGAUSSIANS",8,5.2062902,0.7102737,0.009165674,0.4,0.0,0.13596572,0.029157488,0.17433605,0.01440996,0.4,0.0,0.12683593,0.03200667
375316653866487564,6093297075234790016,0.5536892,2154.232087488097,3.1650295009752996,1.3245886E-5,18.715237,0.0149323875,0.16070877,0.0017291225,0.067431904,0.0064287116,0.40445122,0.04877031,0.659407,0.0027019577,0.07448905,0.004990342,0.41092065,0.017674971,null,null,null,null,"TWOGAUSSIANS",8,2.3851047,0.659407,0.0027019577,0.4,0.0,0.40932962,0.017511735,0.16070877,0.0017291225,0.37761864,0.036000784,0.40286022,0.049648944
375316653866487564,6093300927823508864,0.58709216,2151.952598191768,2.000472848824646,1.6693524E-5,18.198967,0.01764405,0.2625411,0.005058477,0.101328306,0.009482118,0.2825547,0.018425982,0.74794775,0.0033366191,0.08625967,0.0063567483,0.45160288,0.018613882,null,null,null,null,"TWOGAUSSIANS",8,4.038853,0.74794775,0.0033366191,0.4,0.0,0.4354982,0.017952638,0.2625411,0.005058477,0.4,0.0,0.2664464,0.013786909
375316653866487564,6093302847668389248,0.5286284,2166.069327833487,1.3689453273470849,7.653707E-6,17.068136,0.0037106385,0.27202538,0.0011287852,0.05838748,0.0020863374,0.17034288,0.0059763277,0.7713889,0.0068789613,0.072528414,0.00839421,0.074885085,0.011553393,null,null,null,null,"TWOGAUSSIANS",8,4.932286,0.27202538,0.0011287852,0.3269699,0.011683489,0.17020084,0.0059553394,0.7713889,0.0068789613,0.4,0.017721115,0.07474304,0.011603186
375316653866487564,6093307456166160000,0.5117738,2152.488541551412,3.536324200890951,2.625867E-5,19.430735,0.012416923,0.24180576,0.0048679756,0.08833397,0.0075067165,0.37138647,0.02071326,0.7302695,0.03775339,0.06178726,0.023558043,0.30445215,0.07709589,null,null,null,null,"TWOGAUSSIANS",8,2.9175627,0.24180576,0.0048679756,0.4,0.0,0.3693582,0.020859083,0.7302695,0.03775339,0.34600866,0.13192503,0.30242398,0.0783143
375316653866487564,6093307559253082240,0.5405637,2154.294123256788,1.0533320086924522,6.0746937E-5,11.7700405,0.0011286304,0.42010343,0.015068931,0.07084713,0.02924247,0.11020712,0.0021533526,0.09922372,0.16291733,0.037772078,0.040617637,0.0017215492,0.014703149,null,null,null,null,"TWOGAUSSIANS",8,84.09844,0.42010343,0.015068931,0.39674395,0.1623722,0.11020712,0.002153352,0.09943372,0.16281022,0.21152364,0.22745878,0.0017254452,0.014900092
375316653866487564,6093308001629753472,0.5288311,2147.8665720163967,3.4553719245221126,1.717806E-5,16.975237,0.06249364,0.2545537,0.0035641885,0.119214095,0.016118705,0.27807873,0.05927493,0.7752613,0.008867277,0.12619193,0.026404245,0.24273409,0.05547218,null,null,null,null,"TWOGAUSSIANS",8,10.756449,0.2543537,0.003334631,0.4,0.0,0.2237979,0.014903129,0.7754013,0.008723472,0.4,0.0,0.18833137,0.019117305
375316653866487564,6093312369616754048,0.5945519,2154.8007735752008,2.8763988306162602,1.0807944E-5,16.079737,0.008454773,0.2936727,0.0017757285,0.044930138,0.009862327,0.15149972,0.013955563,0.82692885,0.11292219,0.04013948,0.033431757,0.18754478,12.18816,0.107311726,0.010600576,0.2936727,0.0017757285,"TWOGAUSSIANS_WITH_ELLIPSOIDAL_ON_ECLIPSE1",9,25.298727,0.82692885,0.11292219,0.2247811,0.18721785,0.39293277,12.182374,0.2936727,0.0017757285,0.25160876,0.055229034,0.366123,0.01902598
375316653866487564,6093312472695973760,0.56093955,2120.1737308391166,3.0110232858492343,3.843831E-5,16.646692,0.0148401745,0.24100533,0.020873867,0.080971956,0.021668205,0.25226715,0.016570775,0.7247024,0.008287314,0.09239712,0.012740125,0.2803019,0.017033465,null,null,null,null,"TWOGAUSSIANS",8,28.036957,0.7247024,0.008287314,0.4,0.0,0.27398455,0.015374473,0.24100533,0.020873867,0.4,0.06610115,0.24595015,0.017723411
375316653866487564,6093325593813566720,0.5740913,2129.460378068054,2.168618564603723,2.623162E-5,16.821072,0.0029277399,0.22938894,0.019035067,0.06641929,0.011649492,0.08626085,0.007772476,0.7379965,0.004638782,0.054274023,0.005681437,0.12696764,0.0040432517,null,null,null,null,"TWOGAUSSIANS",8,2.777313,0.7379965,0.004638782,0.3039345,0.031816047,0.12693925,0.004019483,0.22938894,0.019035067,0.371948,0.038256373,0.08623247,0.0077885715
375316653866487564,6093326006135345024,0.49725983,2175.5004017888414,0.06930055054445335,1.0026772E-4,18.524193,0.004974999,0.27113932,0.031012725,0.0053787506,0.015211662,0.28304064,0.5350464,0.6777354,0.09001103,0.065744996,0.035703592,0.043312706,0.046654906,0.0031996658,0.005092957,0.27113932,0.031012725,"TWOGAUSSIANS_WITH_ELLIPSOIDAL_ON_ECLIPSE1",9,2.1261618,0.27113932,0.031012725,0.030121004,0.085185304,0.28943992,0.53218514,0.68136543,0.08809616,0.36817196,0.17916052,0.047816917,0.046484094
375316653866487564,6093328690492524416,0.57167745,2154.462965916951,1.6981939323791846,7.320463E-6,13.770689,0.006997828,0.25365362,0.0046473173,0.09903017,0.007827902,0.13241374,0.0072361156,0.75189275,0.003515588,0.07589123,0.003338988,0.26262152,0.017600445,null,null,null,null,"TWOGAUSSIANS",8,48.11748,0.75189275,0.003515588,0.4,0.0,0.25693488,0.017300239,0.25365362,0.0046473173,0.4,0.0,0.12672631,0.0055482085
375316653866487564,6093329893083379072,0.49449196,2170.016766561351,1.5504983871435671,3.3710574E-5,15.051124,0.0042780163,0.32032278,0.01729915,0.01509865,0.019780314,0.029290805,2519626.0,0.7767865,0.010725315,0.062988564,0.008324625,0.13863859,0.01686128,0.004284531,0.0057537886,0.32032278,0.01729915,"TWOGAUSSIANS_WITH_ELLIPSOIDAL_ON_ECLIPSE1",9,105.834656,0.7775765,0.010128206,0.35273597,0.0466179,0.1465906,0.016345972,0.32032278,0.01729915,0.08455244,0.110769756,0.037857153,2519626.0
375316653866487564,6093332019088481536,0.5417969,2158.9024545650077,3.4779666781854446,1.6365448E-5,19.393997,0.026266944,0.3204347,0.012419524,0.06466941,0.008399827,0.686911,0.14593792,0.81357616,0.007258157,0.06842871,0.007741512,0.6273893,0.10139989,null,null,null,null,"TWOGAUSSIANS",8,3.2797036,0.3204347,0.012419524,0.36214867,0.047039032,0.68598115,0.1461619,0.81357616,0.007258157,0.3832008,0.02982455,0.6264595,0.101405405
375316653866487564,6093332092106368256,0.5766005,2145.8738027565046,2.7474993865124944,1.5210501E-5,16.25742,0.01857891,0.3369347,0.004268859,0.07900723,0.008980315,0.32587096,0.015170642,0.84104687,0.003929843,0.08263273,0.006282215,0.41234943,0.02282993,null,null,null,null,"TWOGAUSSIANS",8,46.189354,0.84104687,0.003929843,0.4,0.0,0.40667513,0.020039111,0.3369347,0.004268859,0.4,0.0,0.32019666,0.010872487
375316653866487564,6093332813662961920,0.5127292,2126.7561874195467,4.272056424361249,2.9938154E-5,18.97658,0.027329762,0.16962336,0.031332526,0.0549292,0.020371987,0.41672266,0.14783724,0.7321132,0.013257163,0.07179655,0.013614242,0.33374342,0.03804401,null,null,null,null,"TWOGAUSSIANS",8,1.5997196,0.16962336,0.031332526,0.30760354,0.09888015,0.4166843,0.14734685,0.7321132,0.013257163,0.4,0.049569614,0.33370507,0.037379056
375316653866487564,6093338478715263360,0.6359146,2220.0583752053462,0.9548791219591186,8.4549E-6,12.396502,0.003230323,0.22973016,0.001741988,0.043684155,0.011261382,0.0376248,0.020859234,0.7311231,0.0052925227,0.049632035,0.006219827,0.06228639,0.006717248,0.07733717,0.0039022868,0.22973016,0.001741988,"TWOGAUSSIANS_WITH_ELLIPSOIDAL_ON_ECLIPSE1",9,38.65068,0.7311231,0.0044498057,0.27793938,0.034831032,0.21694833,0.00364958,0.22973016,0.001741988,0.24463126,0.06306374,0.19229859,0.020664586
375316653866487564,6093340716396105088,0.5644414,2173.043652872394,1.3933494469636396,4.0744155E-5,19.859577,0.016218793,0.31139013,0.010768093,0.056138575,0.009370497,1.7370808,1.287262,0.78602034,0.0019165261,0.05239336,0.002136838,0.9197885,0.03619726,null,null,null,null,"TWOGAUSSIANS",8,3.2555976,0.31139013,0.010768093,0.31437603,0.052474786,1.7370601,1.2872895,0.78602034,0.0019165261,0.29340282,0.011966292,0.9197677,0.03619114
375316653866487564,6093341227498598656,0.6787601,2164.3574847562736,3.5234974532640413,8.3396935E-6,17.351072,0.008266889,0.30237308,0.0021399215,0.05158486,0.008533144,0.21855171,0.053663686,0.8104921,0.0025469994,0.046331152,0.0028374007,0.3678525,0.021077808,0.12345156,0.012634639,0.30237308,0.0021399215,"TWOGAUSSIANS_WITH_ELLIPSOIDAL_ON_ECLIPSE1",9,4.330899,0.8104921,0.0025469994,0.25945446,0.015889443,0.6141116,0.010236207,0.30237308,0.0021399215,0.2888752,0.047785606,0.46545276,0.06581166
375316653866487564,6093345492405200128,0.49069738,2209.1695099578633,1.7522191475156461,4.8184233E-5,17.13224,0.0031002972,null,null,null,null,null,null,null,null,null,null,null,null,0.059439544,0.00441115,0.24297738,0.0065739676,"ELLIPSOIDAL",4,11.36572,null,null,null,null,null,null,null,null,null,null,null,null
375316653866487564,6093346106581863552,0.56687135,2152.581768879145,3.3641583335107748,1.2263056E-5,18.93113,0.015166075,0.29184482,0.006186169,0.06547075,0.004374231,0.77537376,0.10430548,0.7905998,0.0031237097,0.0570008,0.004146018,0.6371319,0.023338739,null,null,null,null,"TWOGAUSSIANS",8,4.648016,0.29184482,0.006186169,0.3666362,0.024495697,0.7750482,0.10440007,0.7905998,0.0031237097,0.31920448,0.023217702,0.63680637,0.023268217
375316653866487564,6093351741573868672,0.5047709,2190.7691259143508,0.04321232485337161,2.6559494E-5,18.515533,0.0056625996,0.3636668,0.011924,0.047291294,0.012150724,0.17948934,0.038342066,0.7832136,0.035072573,0.06659488,0.018832922,0.09769278,0.016333183,null,null,null,null,"TWOGAUSSIANS",8,2.918295,0.3636668,0.011924,0.26483124,0.06804405,0.17948878,0.038342714,0.7832136,0.035072573,0.3729313,0.10388104,0.097692214,0.016334344
375316653866487564,6093359408099570432,0.48428226,2167.6862570784406,3.8453130731721066,1.0730054E-4,15.948329,0.013151477,0.50402385,0.02361229,0.0751462,0.065464824,0.13694496,0.03821527,0.7309153,0.028444577,0.057803318,0.035042427,0.13258606,0.03809055,null,null,null,null,"TWOGAUSSIANS",8,56.68342,0.50419384,0.019908221,0.4,0.05733101,0.1370051,0.037003938,0.7309153,0.028444577,0.32369858,0.111012824,0.13402139,0.029097265
