Gaia/vari_eclipsing_binary/VariEclipsingBinary_684616-684687.csv
# %ECSV 1.0
# ---
# delimiter: ','
# meta: !!omap
# - RELEASE: Gaia DR3
# - TABLE: vari_eclipsing_binary
# - DESCRIPTION: >
#     This table describes the properties of the eclipsing binaries resulting from the variability analysis. 
# - CITATION: >
#     How to cite and acknowledge Gaia: 
#     https://gea.esac.esa.int/archive/documentation/credits.html 
# - KNOWN_ISSUES: >
#     Known issues: 
#     https://www.cosmos.esa.int/web/gaia-users/known-issues 
# - DOCUMENTATION: >
#     Tutorials and documentation: 
#     https://www.cosmos.esa.int/web/gaia-users/archive 
# datatype:
# - 
#   name: solution_id
#   datatype: int64
#   description: Solution Identifier
#   meta:
#     ucd: meta.version
# - 
#   name: source_id
#   datatype: int64
#   description: Unique source identifier
#   meta:
#     ucd: meta.id;meta.main
# - 
#   name: global_ranking
#   datatype: float32
#   description: Number between 0 (worst) and 1 (best)
#   meta:
#     ucd: stat.param
# - 
#   name: reference_time
#   datatype: float64
#   unit: d
#   description: Reference time used for the geometric model fit
#   meta:
#     ucd: time.epoch
# - 
#   name: frequency
#   datatype: float64
#   unit: d**-1
#   description: Frequency of geometric model of the eclipsing binary light curve
#   meta:
#     ucd: src.orbital
# - 
#   name: frequency_error
#   datatype: float32
#   unit: d**-1
#   description: "Uncertainty of \\texttt{frequency}"
#   meta:
#     ucd: stat.error
# - 
#   name: geom_model_reference_level
#   datatype: float32
#   unit: mag
#   description: Magnitude reference level of geometric model
#   meta:
#     ucd: phot.mag;em.opt
# - 
#   name: geom_model_reference_level_error
#   datatype: float32
#   unit: mag
#   description: "Uncertainty of \\texttt{geomModelReferenceLevel}"
#   meta:
#     ucd: stat.error;phot.mag;em.opt
# - 
#   name: geom_model_gaussian1_phase
#   datatype: float32
#   description: Phase of the Gaussian 1 component
#   meta:
#     ucd: time.phase
# - 
#   name: geom_model_gaussian1_phase_error
#   datatype: float32
#   description: "Uncertainty of \\texttt{geomModelGaussian1Phase}"
#   meta:
#     ucd: stat.error;time.phase
# - 
#   name: geom_model_gaussian1_sigma
#   datatype: float32
#   description: "Standard deviation [phase] of Gaussian 1 component"
#   meta:
#     ucd: stat.stdev
# - 
#   name: geom_model_gaussian1_sigma_error
#   datatype: float32
#   description: "Uncertainty of \\texttt{geomModelGaussian1Sigma}"
#   meta:
#     ucd: stat.error
# - 
#   name: geom_model_gaussian1_depth
#   datatype: float32
#   unit: mag
#   description: Magnitude depth of Gaussian 1 component
#   meta:
#     ucd: src.var.amplitude
# - 
#   name: geom_model_gaussian1_depth_error
#   datatype: float32
#   unit: mag
#   description: "Uncertainty of \\texttt{geomModelGaussian1Depth}"
#   meta:
#     ucd: stat.error;src.var.amplitude
# - 
#   name: geom_model_gaussian2_phase
#   datatype: float32
#   description: Phase of Gaussian 2 component
#   meta:
#     ucd: time.phase
# - 
#   name: geom_model_gaussian2_phase_error
#   datatype: float32
#   description: "Uncertainty of \\texttt{geomModelGaussian2Phase}"
#   meta:
#     ucd: stat.error;time.phase
# - 
#   name: geom_model_gaussian2_sigma
#   datatype: float32
[...]
#   datatype: float32
#   description: "Secondary eclipse: uncertainty of \\texttt{derivedSecondaryEclDuration}"
#   meta:
#     ucd: stat.error;time.duration
# - 
#   name: derived_secondary_ecl_depth
#   datatype: float32
#   unit: mag
#   description: "Secondary eclipse: depth"
#   meta:
#     ucd: src.var.amplitude
# - 
#   name: derived_secondary_ecl_depth_error
#   datatype: float32
#   unit: mag
#   description: "Secondary eclipse: uncertainty of \\texttt{derivedSecondaryEclDepth}"
#   meta:
#     ucd: stat.error;src.var.amplitude
solution_id,source_id,global_ranking,reference_time,frequency,frequency_error,geom_model_reference_level,geom_model_reference_level_error,geom_model_gaussian1_phase,geom_model_gaussian1_phase_error,geom_model_gaussian1_sigma,geom_model_gaussian1_sigma_error,geom_model_gaussian1_depth,geom_model_gaussian1_depth_error,geom_model_gaussian2_phase,geom_model_gaussian2_phase_error,geom_model_gaussian2_sigma,geom_model_gaussian2_sigma_error,geom_model_gaussian2_depth,geom_model_gaussian2_depth_error,geom_model_cosine_half_period_amplitude,geom_model_cosine_half_period_amplitude_error,geom_model_cosine_half_period_phase,geom_model_cosine_half_period_phase_error,model_type,num_model_parameters,reduced_chi2,derived_primary_ecl_phase,derived_primary_ecl_phase_error,derived_primary_ecl_duration,derived_primary_ecl_duration_error,derived_primary_ecl_depth,derived_primary_ecl_depth_error,derived_secondary_ecl_phase,derived_secondary_ecl_phase_error,derived_secondary_ecl_duration,derived_secondary_ecl_duration_error,derived_secondary_ecl_depth,derived_secondary_ecl_depth_error
375316653866487564,6021948533048743040,0.51690614,2175.3400465219956,3.773921085343315,4.6044293E-5,18.48538,0.03217927,0.27654788,0.005755475,0.106285885,0.024082145,0.19400021,0.034193013,0.74237835,0.0085947905,0.10329623,0.018624734,0.18585181,0.034885723,null,null,null,null,"TWOGAUSSIANS",8,2.6560316,0.27656788,0.005729048,0.4,0.0,0.17925023,0.034434523,0.74237835,0.0085947905,0.4,0.0,0.17110811,0.01762305
375316653866487564,6021952621873193984,0.5294457,2167.2425634040164,0.3931069714562885,1.22802985E-5,16.472086,0.001109759,0.8165128,0.0024329962,0.015858652,0.003627277,0.10199362,0.07727157,null,null,null,null,null,null,0.02468001,0.0021106387,0.8165128,0.0024329962,"ONEGAUSSIAN_WITH_ELLIPSOIDAL",6,3.4837198,0.8165128,0.0024329962,0.088808455,0.02031275,0.15135363,0.077242754,null,null,null,null,null,null
375316653866487564,6021955714234131200,0.5049711,2200.6759402740595,3.601484770390535,2.3508574E-5,19.720943,0.011844202,0.39393204,0.0017232593,0.016054923,0.0063710036,0.13598828,0.0768821,0.8148134,0.0037347781,0.07027918,0.032190338,0.08860639,0.31282762,0.16990814,0.018465973,0.8148134,0.0037347781,"TWOGAUSSIANS_WITH_ELLIPSOIDAL_ON_ECLIPSE2",9,2.1266496,0.8148134,0.0037347781,0.39356342,0.16120422,0.42826542,0.31245577,0.39056206,0.004672496,0.08990757,0.03567762,0.40134802,0.09842475
375316653866487564,6021957393569009024,0.509307,2226.886641818952,2.957757789441886,2.4642495E-5,18.548185,0.09695261,0.2692895,0.00805292,0.11914921,0.041960936,0.19896951,0.08943106,0.7366837,0.01137157,0.119487196,0.029177608,0.24931297,0.102909386,null,null,null,null,"TWOGAUSSIANS",8,2.5829144,0.7366837,0.01137157,0.4,0.0,0.21255521,0.023999766,0.26953948,0.0076620393,0.4,0.0,0.16224314,0.022570381
375316653866487564,6021957496648348928,0.5411655,2209.2486284220026,2.0546948165179617,2.1995476E-5,18.226318,0.004544641,null,null,null,null,null,null,null,null,null,null,null,null,0.14995962,0.0068120854,0.27001765,0.0029282616,"ELLIPSOIDAL",4,4.634574,null,null,null,null,null,null,null,null,null,null,null,null
375316653866487564,6021957500956324480,0.5120026,2210.8842892356333,1.665042953022978,5.7263886E-5,17.34164,0.023715438,0.30045003,0.012041335,0.09122491,0.034012552,0.052927487,0.023135828,0.7859556,0.0057881107,0.0965496,0.022319384,0.09659859,0.021993706,null,null,null,null,"TWOGAUSSIANS",8,4.5544977,0.7859556,0.0057881107,0.4,0.0,0.093239665,0.0066285376,0.30045003,0.012033937,0.4,0.0,0.04956889,0.009533372
375316653866487564,6021958218202959488,0.45686975,2228.7788730831066,1.7022343486718916,3.0402029E-5,18.513206,0.01555085,0.18939312,0.012210664,0.047854267,0.017288033,0.18838207,0.040472,0.63192487,0.029391948,0.03206669,0.030906357,0.012063722,null,0.05892114,0.029891182,0.63192487,0.029391948,"TWOGAUSSIANS_WITH_ELLIPSOIDAL_ON_ECLIPSE2",9,16.273752,0.18389313,0.011222345,0.26798388,0.09681298,0.2928602,0.052987806,0.63192487,0.029391948,0.17957348,0.1730756,0.12990598,null
375316653866487564,6021960627692386176,0.5105647,2188.24752718135,1.1565414866646697,6.566948E-6,17.057655,0.011870064,0.13512973,0.0017490749,0.041241176,0.002672596,0.24022819,0.020449165,0.64875954,0.007852339,0.05047656,0.00672108,0.26297706,0.037239075,null,null,null,null,"TWOGAUSSIANS",8,23.152956,0.64875954,0.007852339,0.28266874,0.037638046,0.26297697,0.037239052,0.13512973,0.0017490749,0.23095058,0.014966537,0.24022812,0.020449124
375316653866487564,6021960799475617024,0.5640241,2246.09769747278,2.7747473512592338,1.5671825E-5,18.96907,0.011284559,0.26230544,0.0091038225,0.07615903,0.011644233,0.41331577,0.0592624,0.76624054,0.0035480182,0.082661055,0.0061985236,0.33058,0.020482905,null,null,null,null,"TWOGAUSSIANS",8,1.3673422,0.26230544,0.0091038225,0.4,0.0,0.40853256,0.06233974,0.76624054,0.0035480182,0.4,0.0,0.32579675,0.021170465
375316653866487564,6021963337804781952,0.5279259,2225.5766504908765,3.265960952533382,2.7258811E-5,18.686527,0.03874169,0.20353521,0.0056247036,0.0973652,0.010835191,0.41249928,0.040817633,0.69214815,0.0056190756,0.092108145,0.013932759,0.5841141,0.048116148,null,null,null,null,"TWOGAUSSIANS",8,6.735398,0.69214815,0.0056190756,0.4,0.0,0.558618,0.054394346,0.20353521,0.0056247036,0.4,0.0,0.387002,0.024895914
375316653866487564,6021963548270373888,0.6246642,2219.1294867270994,2.7300580679428497,5.9533363E-6,16.202215,0.016912028,0.19793396,0.0051753325,0.10927808,0.008356324,0.29577124,0.015861265,0.688929,0.0037103323,0.10962344,0.005830342,0.27521905,0.017274503,null,null,null,null,"TWOGAUSSIANS",8,4.9420433,0.19794397,0.005188561,0.4,0.0,0.25757968,0.0074637495,0.688929,0.0037103323,0.4,0.0,0.2370276,0.0064342604
375316653866487564,6021963582630115328,0.61457866,2193.9404339854,1.392844861370509,8.163429E-6,15.458395,0.016757142,0.30557367,0.010907534,0.1038818,0.01865105,0.21605626,0.023266474,0.80227137,0.0012885969,0.095306225,0.0052768756,0.35266796,0.014234545,null,null,null,null,"TWOGAUSSIANS",8,20.503841,0.80227137,0.0012885969,0.4,0.0,0.33042252,0.0049437294,0.30557367,0.010907534,0.4,0.0,0.19380751,0.030059272
375316653866487564,6021963651332968704,0.50473225,2209.8141348846357,3.260388582451037,6.0644936E-5,19.480406,0.06827574,0.29578596,0.010142103,0.10024282,0.019609408,0.45015705,0.0668208,0.7803667,0.014274241,0.102174304,0.023757482,0.4280801,0.08022769,null,null,null,null,"TWOGAUSSIANS",8,3.632642,0.29578596,0.01014502,0.4,0.0,0.41585752,0.03282041,0.7803667,0.014274241,0.4,0.0,0.39377835,0.06487526
375316653866487564,6021964815272142976,0.53541696,2087.6932826886195,2.6534154419161107,3.1330655E-5,17.412312,0.9635716,0.2636158,0.007273955,0.1417353,0.120439894,0.37854716,0.9336822,0.76090187,0.0059367158,0.13067074,0.07772041,0.40651545,0.83716094,null,null,null,null,"TWOGAUSSIANS",8,9.894942,0.76090187,0.0059367158,0.4,0.0,0.2655987,0.008510497,0.26367578,0.0074684336,0.4,0.0,0.23666435,0.0094734235
375316653866487564,6021964888283604864,0.46217856,2126.223709120054,0.4645061957005696,1.5331681E-4,19.502153,0.035446815,0.32768103,0.026053043,0.11629708,0.022218147,0.31544456,0.041297004,0.7996381,0.023052126,0.092389286,0.02049667,0.30739176,0.09065829,null,null,null,null,"TWOGAUSSIANS",8,3.4011118,0.32768103,0.026052002,0.4,0.0,0.29024327,0.043041613,0.7996381,0.023052126,0.4,0.0,0.28228402,0.09826186
375316653866487564,6021968113807273088,0.5024146,2149.7318970689494,2.329154799248459,3.3168904E-5,18.105278,0.11555997,0.3248158,0.011607736,0.117213055,0.04355043,0.21538061,0.11181524,0.8087664,0.006262862,0.10579028,0.034091234,0.21038692,0.1097066,null,null,null,null,"TWOGAUSSIANS",8,7.4151835,0.32482582,0.0116188405,0.4,0.0,0.18615104,0.013515006,0.8087664,0.006262862,0.4,0.0,0.18120602,0.016552158
375316653866487564,6021969492504811264,0.5087616,2162.211592327637,3.1000947554965346,1.0836087E-6,16.56038,0.009901368,0.8149197,1.11663765E-4,0.0126703875,3.1889806E-4,0.5037999,0.0073663667,null,null,null,null,null,null,null,null,null,null,"ONEGAUSSIAN",5,128.78773,0.8149197,1.11663765E-4,0.07095417,0.0017858292,0.5037999,0.0,null,null,null,null,null,null
375316653866487564,6021969728715454208,0.48539186,2198.609959505454,0.049213277408903126,3.0124145E-5,18.978157,0.007151807,0.31571355,0.024757983,0.026011223,0.021217398,0.19785969,0.07563746,0.81052506,0.04448606,0.04970663,0.017086921,0.17134707,0.11805084,null,null,null,null,"TWOGAUSSIANS",8,2.3601363,0.31571355,0.024757983,0.14566284,0.118817426,0.19785969,0.07563749,0.81052506,0.04448606,0.27835712,0.09568676,0.17134707,0.118050836
375316653866487564,6021971760247847936,0.48046362,2173.7423550202984,2.7297344315662735,6.2125895E-5,16.077703,0.05574516,0.28729898,0.04454967,0.071418434,0.03329081,0.063058734,0.10635833,0.77062595,0.01422286,0.046324566,0.07346219,0.07627118,7.7263356E29,0.04346312,0.05088063,0.77062595,0.01422286,"TWOGAUSSIANS_WITH_ELLIPSOIDAL_ON_ECLIPSE2",9,63.240036,0.77062595,0.01422286,0.25941756,0.31694916,0.16313878,7.7263356E29,0.28134897,0.02042888,0.39994323,0.11168615,0.14931388,0.021507923
375316653866487564,6021972722304895104,0.45692095,2185.803588265106,1.4409842722501034,3.5813762E-5,18.527418,0.08481142,0.2680115,0.029571218,0.09781894,0.051356275,0.17886445,0.08272385,0.77371275,0.012570332,0.08779639,0.03924231,0.1965381,0.08339405,null,null,null,null,"TWOGAUSSIANS",8,12.572745,0.77371275,0.012788516,0.4,0.0,0.18741627,0.027372923,0.2680115,0.029575635,0.4,0.036152083,0.16974185,0.04024239
375316653866487564,6021972894119011200,0.50027764,2205.671147055818,2.837189776809266,5.8978316E-5,19.8112,0.0313086,0.20239304,0.0048083286,0.083423354,0.010721969,0.28907767,0.028397998,0.7133294,0.017725911,0.10698082,0.034526367,0.19302362,0.02743675,null,null,null,null,"TWOGAUSSIANS",8,0.7533435,0.20239304,0.004782246,0.4,0.0,0.2767001,0.013174932,0.7133294,0.017725911,0.4,0.0,0.18063834,0.016336324
375316653866487564,6021974371587782656,0.51881003,2167.996713866219,3.932214541674096,2.9090961E-5,17.218138,0.026635898,0.19970866,0.010618413,0.067166016,0.014217604,0.42589316,0.042061422,0.69574076,0.008210901,0.09126076,0.013045796,0.33366174,0.033148933,null,null,null,null,"TWOGAUSSIANS",8,46.10333,0.19970866,0.010618413,0.3761297,0.046006177,0.42126796,0.04347043,0.69574076,0.008210901,0.4,0.0,0.32903633,0.031806383
375316653866487564,6021977463948991744,0.56529933,2206.942135614334,0.4241203212024128,1.1691771E-5,18.894165,0.0047271946,0.18972123,0.01093547,0.032801278,0.018183429,0.03908759,0.02686852,0.5054045,4.3072586E-4,0.015952025,0.0011654681,4.4716125,2.35013,null,null,null,null,"TWOGAUSSIANS",8,3.1510255,0.5054045,4.3072586E-4,0.08933134,0.0065266215,4.4716125,2.35013,0.18972123,0.01093547,0.18368717,0.101827204,0.03908759,0.02686852
375316653866487564,6021978559169411584,0.5118562,2215.3015297547036,2.6694086060558955,2.6288835E-5,18.04832,0.00972833,0.21976762,0.0025973218,0.012451346,0.0044718026,0.09582905,0.089901604,0.5333769,0.009308204,0.1617175,0.013922327,0.33591613,0.015110647,null,null,null,null,"TWOGAUSSIANS",8,11.88341,0.5333769,0.009308204,0.4,0.0,0.33027333,0.015927551,0.22076762,0.0027498764,0.06972754,0.025042094,0.1417756,0.08979884
375316653866487564,6021978666555332864,0.5098118,2234.982667870827,2.469563318946479,3.0563406E-5,18.098051,0.0071381433,0.2671279,0.00511826,0.089841515,0.0087298,0.15215921,0.012653858,0.87275696,0.03727703,0.056793485,0.03383063,0.07682908,0.018846909,null,null,null,null,"TWOGAUSSIANS",8,3.9143693,0.2671279,0.00511826,0.4,0.0,0.15211424,0.012692746,0.8727769,0.037297376,0.3180435,0.1269129,0.076794066,0.01902244
375316653866487564,6021978735274594304,0.58728987,2164.6080116960547,3.3081338992866494,8.07978E-6,16.090065,0.006190556,0.2957013,0.0062525566,0.08135198,0.0061519165,0.37094742,0.0218831,0.79501224,0.0013272812,0.08127356,0.0031733061,0.39802662,0.019594956,null,null,null,null,"TWOGAUSSIANS",8,19.063036,0.79501224,0.0013272812,0.4,0.0,0.3913077,0.020527689,0.2957013,0.0062525566,0.4,0.0,0.36422852,0.022904705
375316653866487564,6021978834042898816,0.5406386,2218.717540439129,2.3436598504603725,8.076918E-6,18.21761,0.008333911,0.3012141,0.003466403,0.09881342,0.00519168,0.21469037,0.009931447,0.80456156,0.0010148467,0.09065411,0.0037313036,0.22378515,0.007290993,null,null,null,null,"TWOGAUSSIANS",8,1.109418,0.80456156,0.0010148467,0.4,0.0,0.21095185,0.005032706,0.3012141,0.003466403,0.4,0.0,0.20185599,0.007035833
375316653866487564,6021979177640277376,0.5020929,2220.5828496231866,3.643731324271026,4.664061E-5,18.61641,0.014490956,0.24055852,0.012939688,0.07534834,0.02315849,0.17568104,0.020599723,0.7371527,0.0075175297,0.09220357,0.009868147,0.1863602,0.018071247,null,null,null,null,"TWOGAUSSIANS",8,3.2462971,0.7371527,0.0075175297,0.4,0.0,0.18240327,0.015690984,0.24055852,0.012939688,0.4,0.059151944,0.17172426,0.02209901
375316653866487564,6021979246359787136,0.56113774,2201.391411503978,0.291676163755267,2.1145925E-5,17.861475,0.008116384,0.24239643,0.03310429,0.08693184,0.020850511,0.09287011,0.0221832,0.7041885,0.0058001713,0.048830748,0.00304386,0.63587475,0.09787608,null,null,null,null,"TWOGAUSSIANS",8,3.0615122,0.7041885,0.0058001713,0.2734522,0.017045615,0.6357432,0.09785629,0.24239643,0.03310429,0.4,0.0,0.0927385,0.021925246
375316653866487564,6021980311511811712,0.5836919,2223.3665205201296,0.915095822326629,6.3616404E-5,17.172464,0.0014730967,0.23143457,0.009295855,0.03709512,0.011877904,0.017943261,0.0030844347,0.53836614,0.0016960788,0.020515887,0.0013423752,0.2896869,0.056262787,null,null,null,null,"TWOGAUSSIANS",8,1.1987581,0.53836614,0.0016960788,0.114888966,0.007517301,0.2896869,0.056262787,0.23143457,0.009295855,0.20773268,0.066516265,0.017943261,0.0030844347
375316653866487564,6021980826912242816,0.56344134,2223.8469087527537,3.529372434828649,1.1769871E-5,18.809633,0.012813596,0.22550923,0.0032536746,0.08822505,0.004356119,0.32248357,0.01464729,0.719877,0.0031781083,0.08653045,0.0049606757,0.3267791,0.016662164,null,null,null,null,"TWOGAUSSIANS",8,1.1370296,0.719877,0.0031781083,0.4,0.0,0.31690514,0.015663585,0.22550923,0.0032536746,0.4,0.0,0.3126096,0.012390549
375316653866487564,6021981071729352192,0.56226504,2246.130356659964,3.885605229089451,1.3626706E-5,19.134954,0.010818771,0.22094503,0.004664536,0.074658476,0.0057416125,0.47648227,0.033075877,0.7236471,0.01029998,0.082169294,0.0073523386,0.5385961,0.07731005,null,null,null,null,"TWOGAUSSIANS",8,1.7842833,0.7236471,0.01029998,0.4,0.0,0.5326345,0.07701388,0.22094503,0.004664536,0.4,0.0,0.47052068,0.03387649
375316653866487564,6021981101790178944,0.57706076,2218.2426111735176,2.5776745948404436,3.4991295E-5,18.856297,0.0066744504,0.6850436,0.0043244627,0.049018096,0.005744004,0.5231443,0.03828138,null,null,null,null,null,null,0.07701995,0.010638806,0.6850436,0.0043244627,"ONEGAUSSIAN_WITH_ELLIPSOIDAL",6,5.3660474,0.6850436,0.0043244627,0.27450132,0.032166425,0.677183,0.036209222,null,null,null,null,null,null
375316653866487564,6021982892789421056,0.5203636,2201.904004154969,3.5397535238733626,1.7905058E-5,19.428493,0.024825228,0.2326671,0.0097409645,0.076316275,0.014610309,0.4530851,0.067776114,0.733315,0.00585453,0.080532424,0.0081931995,0.47107354,0.027037416,null,null,null,null,"TWOGAUSSIANS",8,1.7871867,0.733315,0.00585453,0.4,0.0,0.4654064,0.023794778,0.2326671,0.0097409645,0.4,0.043631196,0.44741794,0.0696259
375316653866487564,6021986152675040768,0.53566384,2197.4936962608717,2.23809099573377,2.4329616E-5,19.850348,0.020987129,0.2192995,0.008468384,0.06742327,0.013731712,0.3991051,0.027187048,0.7115931,0.004735654,0.059327397,0.008148495,0.44026893,0.028794292,null,null,null,null,"TWOGAUSSIANS",8,1.6415325,0.7115931,0.004735654,0.33223343,0.045631573,0.43999538,0.028566463,0.2192995,0.008468384,0.37757033,0.045239117,0.39883155,0.027283613
375316653866487564,6021987874965577088,0.61913544,2204.8785617090093,0.9789425030534196,3.4288572E-5,18.384123,0.006413949,0.244217,0.012938286,0.059731986,0.0066066505,0.8384738,0.2747707,0.78253156,0.0058505703,0.048469685,0.005922386,0.16203484,0.014844454,null,null,null,null,"TWOGAUSSIANS",8,3.7228386,0.244217,0.012938286,0.33449912,0.036997244,0.83847046,0.2747845,0.78253156,0.0058505703,0.27143022,0.03316536,0.1620315,0.014842047
375316653866487564,6021988592208828672,0.4902275,2158.9733232019234,0.18252196528084705,1.7683478E-5,17.799767,0.0071483464,0.2671323,0.0030298554,0.055468053,0.004927282,0.19351317,0.029381955,0.7736839,0.0063064727,0.038113184,0.009696335,0.24205764,0.08268312,null,null,null,null,"TWOGAUSSIANS",8,4.9017887,0.7736839,0.0063064727,0.21343383,0.054299474,0.24205746,0.08268434,0.2671323,0.0030298554,0.31062108,0.02759278,0.19351299,0.029382128
375316653866487564,6021989249341537536,0.57403535,2181.194079878962,3.4955656772677197,1.2994097E-5,19.209076,0.022765178,0.2486486,0.0038293968,0.07942033,0.008115725,0.3368866,0.025994837,0.734553,0.013275781,0.07514977,0.015754616,0.4904991,0.02723745,null,null,null,null,"TWOGAUSSIANS",8,1.6379284,0.734553,0.013275781,0.4,0.0,0.48730338,0.027780194,0.2486486,0.0038293968,0.4,0.0,0.33369088,0.02519079
