Gaia/vari_eclipsing_binary/VariEclipsingBinary_483715-483731.csv
# %ECSV 1.0
# ---
# delimiter: ','
# meta: !!omap
# - RELEASE: Gaia DR3
# - TABLE: vari_eclipsing_binary
# - DESCRIPTION: >
#     This table describes the properties of the eclipsing binaries resulting from the variability analysis. 
# - CITATION: >
#     How to cite and acknowledge Gaia: 
#     https://gea.esac.esa.int/archive/documentation/credits.html 
# - KNOWN_ISSUES: >
#     Known issues: 
#     https://www.cosmos.esa.int/web/gaia-users/known-issues 
# - DOCUMENTATION: >
#     Tutorials and documentation: 
#     https://www.cosmos.esa.int/web/gaia-users/archive 
# datatype:
# - 
#   name: solution_id
#   datatype: int64
#   description: Solution Identifier
#   meta:
#     ucd: meta.version
# - 
#   name: source_id
#   datatype: int64
#   description: Unique source identifier
#   meta:
#     ucd: meta.id;meta.main
# - 
#   name: global_ranking
#   datatype: float32
#   description: Number between 0 (worst) and 1 (best)
#   meta:
#     ucd: stat.param
# - 
#   name: reference_time
#   datatype: float64
#   unit: d
#   description: Reference time used for the geometric model fit
#   meta:
#     ucd: time.epoch
# - 
#   name: frequency
#   datatype: float64
#   unit: d**-1
#   description: Frequency of geometric model of the eclipsing binary light curve
#   meta:
#     ucd: src.orbital
# - 
#   name: frequency_error
#   datatype: float32
#   unit: d**-1
#   description: "Uncertainty of \\texttt{frequency}"
#   meta:
#     ucd: stat.error
# - 
#   name: geom_model_reference_level
#   datatype: float32
#   unit: mag
#   description: Magnitude reference level of geometric model
#   meta:
#     ucd: phot.mag;em.opt
# - 
#   name: geom_model_reference_level_error
#   datatype: float32
#   unit: mag
#   description: "Uncertainty of \\texttt{geomModelReferenceLevel}"
#   meta:
#     ucd: stat.error;phot.mag;em.opt
# - 
#   name: geom_model_gaussian1_phase
#   datatype: float32
#   description: Phase of the Gaussian 1 component
#   meta:
#     ucd: time.phase
# - 
#   name: geom_model_gaussian1_phase_error
#   datatype: float32
#   description: "Uncertainty of \\texttt{geomModelGaussian1Phase}"
#   meta:
#     ucd: stat.error;time.phase
# - 
#   name: geom_model_gaussian1_sigma
#   datatype: float32
#   description: "Standard deviation [phase] of Gaussian 1 component"
#   meta:
#     ucd: stat.stdev
# - 
#   name: geom_model_gaussian1_sigma_error
#   datatype: float32
#   description: "Uncertainty of \\texttt{geomModelGaussian1Sigma}"
#   meta:
#     ucd: stat.error
# - 
#   name: geom_model_gaussian1_depth
#   datatype: float32
#   unit: mag
#   description: Magnitude depth of Gaussian 1 component
#   meta:
#     ucd: src.var.amplitude
# - 
#   name: geom_model_gaussian1_depth_error
#   datatype: float32
#   unit: mag
#   description: "Uncertainty of \\texttt{geomModelGaussian1Depth}"
#   meta:
#     ucd: stat.error;src.var.amplitude
# - 
#   name: geom_model_gaussian2_phase
#   datatype: float32
#   description: Phase of Gaussian 2 component
#   meta:
#     ucd: time.phase
# - 
#   name: geom_model_gaussian2_phase_error
#   datatype: float32
#   description: "Uncertainty of \\texttt{geomModelGaussian2Phase}"
#   meta:
#     ucd: stat.error;time.phase
# - 
#   name: geom_model_gaussian2_sigma
#   datatype: float32
[...]
#   datatype: float32
#   description: "Secondary eclipse: uncertainty of \\texttt{derivedSecondaryEclDuration}"
#   meta:
#     ucd: stat.error;time.duration
# - 
#   name: derived_secondary_ecl_depth
#   datatype: float32
#   unit: mag
#   description: "Secondary eclipse: depth"
#   meta:
#     ucd: src.var.amplitude
# - 
#   name: derived_secondary_ecl_depth_error
#   datatype: float32
#   unit: mag
#   description: "Secondary eclipse: uncertainty of \\texttt{derivedSecondaryEclDepth}"
#   meta:
#     ucd: stat.error;src.var.amplitude
solution_id,source_id,global_ranking,reference_time,frequency,frequency_error,geom_model_reference_level,geom_model_reference_level_error,geom_model_gaussian1_phase,geom_model_gaussian1_phase_error,geom_model_gaussian1_sigma,geom_model_gaussian1_sigma_error,geom_model_gaussian1_depth,geom_model_gaussian1_depth_error,geom_model_gaussian2_phase,geom_model_gaussian2_phase_error,geom_model_gaussian2_sigma,geom_model_gaussian2_sigma_error,geom_model_gaussian2_depth,geom_model_gaussian2_depth_error,geom_model_cosine_half_period_amplitude,geom_model_cosine_half_period_amplitude_error,geom_model_cosine_half_period_phase,geom_model_cosine_half_period_phase_error,model_type,num_model_parameters,reduced_chi2,derived_primary_ecl_phase,derived_primary_ecl_phase_error,derived_primary_ecl_duration,derived_primary_ecl_duration_error,derived_primary_ecl_depth,derived_primary_ecl_depth_error,derived_secondary_ecl_phase,derived_secondary_ecl_phase_error,derived_secondary_ecl_duration,derived_secondary_ecl_duration_error,derived_secondary_ecl_depth,derived_secondary_ecl_depth_error
[from data line 227]
375316653866487564,4254850828367100416,0.5972322,2212.2366823574425,0.8881237218215668,1.1581975E-5,15.7959795,0.018498752,0.21190166,8.8081276E-4,0.059788696,0.0072487304,0.2169904,0.03124819,0.6913773,0.01222152,0.059161473,0.035038278,0.051897537,0.031049544,0.009029628,0.017790033,0.21190166,8.8081276E-4,"TWOGAUSSIANS_WITH_ELLIPSOIDAL_ON_ECLIPSE1",9,17.719381,0.21190166,8.8081276E-4,0.3348167,0.04059289,0.23501498,0.0071991095,0.69316727,0.012599904,0.33130425,0.19018848,0.0696493,0.03815259
375316653866487564,4254851240649372544,0.5856842,2218.8852100800987,0.9538274244309886,4.5283814E-5,18.84065,0.0080932425,0.19471613,0.03037512,0.03472996,0.027001029,0.6584324,0.43413317,0.70640564,0.0066771694,0.05283872,0.0072594145,0.16015594,0.056877535,null,null,null,null,"TWOGAUSSIANS",8,2.664731,0.19471613,0.03037512,0.19448778,0.15120576,0.6584324,0.4341424,0.70640564,0.0066771694,0.29589683,0.040652722,0.1601559,0.056877807
375316653866487564,4254852099677449472,0.48269978,2226.685903984316,0.9641852645251581,5.5737364E-5,17.318434,0.017092818,0.38724804,0.06252207,0.04619297,0.040331196,0.26231518,0.22026965,0.7344798,0.012630799,0.09410765,0.026433611,0.07357794,0.015479033,null,null,null,null,"TWOGAUSSIANS",8,10.18274,0.38727805,0.061650354,0.25868064,0.14045395,0.2623925,0.2222202,0.7344798,0.012630799,0.4,0.0,0.07357383,0.013870909
375316653866487564,4254852615073979776,0.5878973,2214.25374250747,2.737603342013039,1.0328084E-5,16.439562,0.012569306,0.29417318,0.049762692,0.09281509,0.029281227,0.3567885,0.07559086,0.7810269,0.003931996,0.08493914,0.0054417346,0.34932208,0.024951773,null,null,null,null,"TWOGAUSSIANS",8,14.126547,0.29417318,0.049762692,0.4,0.0,0.3458499,0.068119854,0.7810269,0.003931996,0.4,0.0,0.33838394,0.024734395
375316653866487564,4254853886342713728,0.5867555,2236.030976985963,0.021361304707002024,1.6114866E-5,19.347868,0.16839932,0.39172807,0.009256853,0.15668128,0.029022522,0.87666464,0.13669156,0.89600766,0.033933178,0.10501988,0.06257625,0.25909206,0.1604668,null,null,null,null,"TWOGAUSSIANS",8,0.66264,0.39172807,0.009256853,0.4,0.0,0.71709037,0.07126771,0.8968977,0.034197427,0.4,0.120495476,0.1103331,0.20761795
375316653866487564,4254854195580666752,0.4784529,2247.8079102314373,0.02644432734000565,1.4907876E-5,19.385178,0.031694774,0.17098725,0.038901716,0.095506534,0.017819129,0.13793784,0.03476439,0.57501334,0.04633134,0.06841998,0.07436598,0.328342,0.07726044,null,null,null,null,"TWOGAUSSIANS",8,1.0477424,0.57501334,0.04633134,0.3831519,0.030719908,0.32784036,0.08985676,0.17098725,0.033701673,0.4,0.0,0.13741829,0.030352505
375316653866487564,4254854775365093376,0.59782434,2224.7040589726066,0.03183626815483192,8.580957E-5,13.505335,0.012128038,0.28398725,0.013661174,0.03449361,0.009858255,0.55093694,0.04176465,0.7898109,0.026756415,0.022971282,0.012174143,0.6904155,3.1679835,0.045487747,0.012192031,0.28398725,0.013661174,"TWOGAUSSIANS_WITH_ELLIPSOIDAL_ON_ECLIPSE1",9,293.16513,0.7898109,0.026612153,0.12863918,0.068175204,0.78126925,3.1663942,0.28398725,0.013661174,0.19316421,0.05520623,0.6419124,0.031828884
375316653866487564,4254855634358154880,0.622917,2277.127952196354,1.7151665378750485,6.1288806E-6,15.82847,0.0064141285,0.2655203,0.0016095822,0.053526454,0.0089304885,0.12180202,0.030240767,0.7455983,0.013461773,0.031505544,0.015835566,0.13262944,0.026319696,0.11372691,0.012600707,0.2655203,0.0016095822,"TWOGAUSSIANS_WITH_ELLIPSOIDAL_ON_ECLIPSE1",9,19.22185,0.74794835,0.01431644,0.17643103,0.08867917,0.35695118,0.022584641,0.2655203,0.0016095822,0.29974815,0.050010733,0.3492536,0.023541521
375316653866487564,4254855771797158912,0.61211526,2292.528420529823,1.1305436104606625,7.803532E-6,17.05364,0.007845448,0.26235285,0.0029272062,0.07689395,0.004277286,0.3966103,0.021478487,0.7612547,0.0052207573,0.0706245,0.004481494,0.42907426,0.017913764,null,null,null,null,"TWOGAUSSIANS",8,7.210711,0.7612547,0.0052207573,0.3954972,0.013373496,0.42650592,0.017479252,0.26235285,0.0029272062,0.4,0.0,0.39404196,0.021883424
375316653866487564,4254856429006281472,0.5497171,2309.420242772978,1.6217723654996037,1.887666E-5,17.54149,0.10606708,0.30875856,0.010186297,0.105047554,0.025439257,0.32659915,0.10321912,0.83900183,0.0068644704,0.11850251,0.048324652,0.1991792,0.10048926,null,null,null,null,"TWOGAUSSIANS",8,9.038696,0.30867854,0.009897779,0.4,0.0,0.29687577,0.035871062,0.8390418,0.006797202,0.4,0.0,0.16938551,0.029851181
375316653866487564,4254856768229851520,0.57008225,2296.0858919391935,0.30521452908975727,1.9223473E-4,15.677506,0.007969994,0.28512868,0.038600694,0.042904675,0.026235484,0.6933099,0.6214868,0.78158396,0.007054093,0.055161193,0.007501813,0.70019484,0.077567816,null,null,null,null,"TWOGAUSSIANS",8,137.88103,0.78158396,0.007054093,0.30890268,0.04201015,0.7001922,0.077570006,0.28512868,0.038600694,0.24026619,0.14691871,0.6933073,0.62153393
375316653866487564,4254857013120996352,0.47326446,2269.2976909700647,2.0568400612228914,3.887717E-5,17.31871,0.025948714,0.28643063,0.008848735,0.050470904,0.03967393,0.11184012,0.061152555,null,null,null,null,null,null,0.1682321,0.03830799,0.28643063,0.008848735,"ONEGAUSSIAN_WITH_ELLIPSOIDAL",6,165.83347,0.28643063,0.008848735,0.28263706,0.222174,0.44830364,0.036465354,null,null,null,null,null,null
375316653866487564,4254857116206765184,0.46407723,2282.628421101034,3.4136957309238385,9.8186276E-5,18.991226,0.09940647,0.25309473,0.054388385,0.057907995,0.09022142,0.04961448,0.10402634,0.7325873,0.050340682,0.064642735,0.089000136,1.0615443,1.0205946,null,null,null,null,"TWOGAUSSIANS",8,4.4347906,0.7325873,0.050340682,0.36199933,0.07863621,1.0614877,1.0837687,0.25309473,0.05365517,0.32428476,0.21600202,0.04955791,0.056558374
375316653866487564,4254857184880318208,0.49019936,2268.4326137571697,2.3614724499218878,9.700973E-5,19.02819,0.011752186,0.4480346,0.021317998,0.052726317,0.038186636,0.990187,0.5911737,0.7780304,0.036094703,0.085113436,0.03482512,0.3057923,0.06180506,null,null,null,null,"TWOGAUSSIANS",8,11.85262,0.44805464,0.021167353,0.29526737,0.09471222,0.9903467,0.59081435,0.7780304,0.036094703,0.4,0.0,0.3057855,0.061911378
375316653866487564,4254857352345441280,0.49468932,2269.399782612329,2.346039202711272,4.1364296E-5,17.008434,0.0021333317,0.6327437,0.032357868,0.045798108,0.05536825,0.026935132,1.11980387E15,0.50020754,0.015627673,0.040073197,0.012166208,0.073915005,0.010759715,null,null,null,null,"TWOGAUSSIANS",8,1.2782865,0.50078756,0.014905314,0.22440991,0.06813077,0.07433153,0.011456204,0.6303537,0.031364627,0.2564694,0.3100622,0.027277224,1.11980387E15
375316653866487564,4254858078233677312,0.44928294,2300.7644662283064,0.9598073823891815,6.335178E-5,17.464903,0.061607152,0.31480205,0.031257268,0.12510136,0.09404116,0.10223455,0.053479545,0.81027263,0.019570775,0.07362856,0.051992428,0.21903063,1.4116532,null,null,null,null,"TWOGAUSSIANS",8,4.2883625,0.81027263,0.019574812,0.4,0.25137287,0.20900002,1.4276137,0.31480205,0.031257268,0.4,0.036455993,0.092133775,0.032940257
375316653866487564,4254858627989992704,0.5247027,2285.2011247814016,4.2271557961569854,4.0743907E-5,18.045818,0.8081389,0.050889745,0.013791351,0.09864626,0.046739496,0.19234316,0.24271592,0.5307172,0.005807167,0.222497,0.118219495,0.75030965,0.7885948,null,null,null,null,"TWOGAUSSIANS",8,19.952494,0.5307172,0.005807167,0.4,0.0,0.4908922,0.039930154,0.07163975,0.4417905,0.4,0.0,0.057009883,0.41379645
375316653866487564,4254858799792298496,0.5191399,2287.203969026589,1.6655756371239996,5.5929842E-5,19.605732,0.009657101,0.53926474,0.011396267,0.12863474,0.014232035,0.32816747,0.031523235,0.8548555,9.001618E-5,0.009756463,5.052624E-4,0.32075807,0.00658832,null,null,null,null,"TWOGAUSSIANS",8,1.9401301,0.8548555,9.001618E-5,0.05463619,0.0028294695,0.33659762,0.009697745,0.53926474,0.011396267,0.4,0.0,0.32782364,0.03178456
375316653866487564,4254858967253735424,0.5902708,2258.2314538126134,2.1681071908821403,5.530982E-6,18.477608,0.025882326,0.2787674,0.019156804,0.0878171,0.018849345,0.69480467,0.23783869,0.75604415,0.0014892478,0.070085414,0.0065308437,0.63268244,0.057735913,null,null,null,null,"TWOGAUSSIANS",8,4.870611,0.2787674,0.019156804,0.4,0.0,0.6892797,0.24811377,0.75604415,0.0014892478,0.39247832,0.020215355,0.62715775,0.0605048
375316653866487564,4254859933666261760,0.5701074,2310.2380429300147,2.305040237806745,4.1561478E-5,19.467085,0.012797171,0.24249001,0.018890021,0.07269693,0.020380156,0.44226795,0.15596186,0.74026126,0.016080076,0.08517253,0.010498627,0.4884295,0.025453608,null,null,null,null,"TWOGAUSSIANS",8,1.818759,0.74026126,0.016080076,0.4,0.0,0.48252764,0.02309245,0.24249001,0.018890021,0.4,0.10181454,0.43636614,0.15938777
375316653866487564,4254859963685815808,0.5903827,2268.8872802419573,1.6931389981945457,6.2976023E-6,16.684574,0.008705415,0.2534069,0.0022502604,0.10225517,0.005793647,0.19147371,0.009217141,0.75970465,0.0022087588,0.0926705,0.0047489316,0.1960082,0.0077460706,null,null,null,null,"TWOGAUSSIANS",8,2.0927346,0.75970465,0.0022087588,0.4,0.0,0.18275689,0.0042786575,0.2534069,0.0022502604,0.4,0.0,0.17822002,0.006859968
375316653866487564,4254859968024787328,0.5838153,2282.747490729939,0.9842335936275619,6.4600084E-5,18.604246,0.0047569787,0.25588912,0.00221952,0.058037687,0.0022768758,0.34794617,0.010108587,0.7716516,0.006007258,0.053756773,0.006267924,0.10488537,0.009191324,null,null,null,null,"TWOGAUSSIANS",8,1.0898355,0.25588912,0.00221952,0.32501104,0.012750505,0.3479369,0.010107105,0.7716516,0.006007258,0.30103794,0.035100374,0.1048761,0.009187221
375316653866487564,4254860311617608576,0.4905856,2273.031331833778,1.2620236579844886,1.3622757E-5,19.865107,0.04789449,0.24709277,0.031263746,0.10559653,0.047442842,0.17314859,0.066936776,0.76078755,0.0019672287,0.053818077,0.009860338,0.32224262,0.033429883,null,null,null,null,"TWOGAUSSIANS",8,1.8325903,0.76078755,0.0019203761,0.30138123,0.05521789,0.32003942,0.024465969,0.24709277,0.031263746,0.4,0.0,0.17093985,0.061968874
375316653866487564,4254861063197697920,0.530979,2262.9392423361246,0.49808948202368397,6.8797424E-5,16.438597,0.0025149756,0.28694907,0.0071634995,0.04903498,0.0060015353,0.14022557,0.0039151716,0.61929935,0.01385043,0.04514839,0.010282085,0.052259378,0.011951634,0.02477182,0.002803157,0.28694907,0.0071634995,"TWOGAUSSIANS_WITH_ELLIPSOIDAL_ON_ECLIPSE1",9,13.982701,0.28694907,0.0071634995,0.2745959,0.033608597,0.18976888,0.004473788,0.6309093,0.011169293,0.25283098,0.05757968,0.06591198,0.011474675
375316653866487564,4254861166276976512,0.6102552,2274.947455457542,2.27662524950882,1.933665E-5,17.33369,0.004417808,0.8325654,0.009255766,0.032571077,0.0022339206,2.673486,1.1687618,null,null,null,null,null,null,null,null,null,null,"ONEGAUSSIAN",5,6.335468,0.8325654,0.009255766,0.18239802,0.012509956,2.673486,0.0,null,null,null,null,null,null
375316653866487564,4254861789131288448,0.61048084,2286.183284296832,1.3670448936258728,6.9902267E-6,18.333122,0.010373895,0.23470378,0.01199206,0.073494434,0.008922284,0.7036226,0.13181531,0.7241838,0.0015469907,0.069863014,0.0028706463,0.5861042,0.0121345725,null,null,null,null,"TWOGAUSSIANS",8,4.8234124,0.23470378,0.01199206,0.4,0.0,0.70135415,0.13312343,0.7241838,0.0015469907,0.39123288,0.01607562,0.5838358,0.011863571
375316653866487564,4254861823446151936,0.53821254,2283.0042426038003,3.1108985659418438,8.7288834E-5,19.78196,0.015211411,0.25072607,0.023169363,0.09544666,0.018328017,0.29664794,0.028685335,0.711885,0.009570579,0.060961567,0.01069195,0.5440815,0.028210623,null,null,null,null,"TWOGAUSSIANS",8,2.7425122,0.711885,0.009570579,0.34138477,0.059874922,0.5421658,0.028225705,0.25072607,0.023169363,0.4,0.0,0.29472968,0.027630117
375316653866487564,4254861857805950848,0.5312832,2240.735491737896,2.5721009848657017,4.277138E-5,18.63246,0.004294537,0.12669282,0.03779216,0.02235983,0.019332781,0.07785926,6463.5674,0.71843755,0.004650485,0.05455765,0.0037715214,0.7783213,0.056054406,6.4603915E-4,0.003241156,0.71843755,0.004650485,"TWOGAUSSIANS_WITH_ELLIPSOIDAL_ON_ECLIPSE2",9,13.402805,0.71843755,0.004650485,0.30552286,0.02112052,0.77959937,0.05526126,0.12674281,0.03782032,0.12521504,0.10826358,0.0787536,6463.567
375316653866487564,4254861892203914368,0.46843043,2278.276036450145,1.3679875443248188,3.4753146E-5,18.203344,0.008362996,null,null,null,null,null,null,null,null,null,null,null,null,0.1270368,0.010386614,0.2540059,0.008509304,"ELLIPSOIDAL",4,19.286594,null,null,null,null,null,null,null,null,null,null,null,null
375316653866487564,4254862235762776448,0.5774062,2248.679233402759,3.359535507472974,3.0462395E-5,19.175926,0.018057331,0.22875232,0.0044353534,0.06928507,0.006106693,0.71021634,0.12089913,0.73195314,0.0051062615,0.05851877,0.0079353675,0.9280577,0.3630397,null,null,null,null,"TWOGAUSSIANS",8,3.0790792,0.73195314,0.0051062615,0.32770512,0.044438057,0.9273703,0.3637328,0.22875232,0.0044353534,0.38799644,0.023600828,0.70952904,0.121224776
375316653866487564,4254862854276624256,0.52783746,2219.8058368996167,2.0687898867981698,2.4370713E-5,19.655968,0.013970796,0.24462901,0.0058064708,0.075134486,0.008219097,0.42758855,0.042339813,0.7547889,0.11948552,0.063597046,0.060173586,0.3316785,1102.3181,null,null,null,null,"TWOGAUSSIANS",8,1.8785123,0.24462901,0.0058064708,0.4,0.0,0.42671037,0.042989254,0.7547889,0.11948552,0.35614347,0.3369721,0.3308003,1102.3191
375316653866487564,4254863369637599232,0.57221895,2256.6103491455274,2.042993278017414,5.6183203E-6,17.975235,0.010063851,0.26801363,0.0031211553,0.08811953,0.0059069414,0.21147412,0.008889989,0.7704613,0.0025974012,0.08744835,0.004751508,0.24233432,0.013206524,null,null,null,null,"TWOGAUSSIANS",8,1.5690762,0.7704613,0.0025974012,0.4,0.0,0.23479852,0.011930145,0.26801363,0.0031211553,0.4,0.0,0.20393832,0.0066973227
375316653866487564,4254864533530314240,0.59774655,2226.6768441058475,3.2135008625106583,8.255058E-6,17.809868,0.0125576835,0.33384565,0.008731296,0.07493882,0.005751951,0.5678965,0.045243286,0.82267976,0.003453406,0.07510048,0.0048870924,0.3489289,0.017208276,null,null,null,null,"TWOGAUSSIANS",8,5.4984775,0.33384565,0.008731296,0.4,0.0,0.5652181,0.044464853,0.82267976,0.003453406,0.4,0.0,0.3462505,0.01642209
375316653866487564,4254865362537037696,0.59990335,2241.7912595051544,3.352435757589941,1.1013508E-5,18.24887,0.0077829543,0.26797327,0.0029265417,0.070024624,0.0036692463,0.6502329,0.034835987,0.76219934,0.0027487925,0.07133589,0.003982864,0.50958896,0.01315724,null,null,null,null,"TWOGAUSSIANS",8,3.9740243,0.26797327,0.0029265417,0.39213789,0.01718905,0.6483246,0.035202492,0.76219934,0.0027487925,0.399481,0.017811548,0.50768065,0.013044196
375316653866487564,4254865912251646720,0.5241781,2274.524556964326,0.5962232650054987,3.099549E-5,19.449337,0.011334185,0.15675996,0.011656978,0.046087462,0.009982403,0.21581982,0.019097783,0.6894059,0.010724602,0.07336649,0.010531719,0.13826616,0.027135909,null,null,null,null,"TWOGAUSSIANS",8,0.99129444,0.15675996,0.011656978,0.25808978,0.055901457,0.2158045,0.019103317,0.6894059,0.010724602,0.4,0.027725713,0.13825084,0.02713275
375316653866487564,4254866148438470144,0.46924904,2233.199603519494,1.1650964587124684,7.0786366E-5,18.693392,0.01540719,0.34057504,0.00927075,0.098199524,0.012908322,0.12371211,0.015799057,0.8225047,0.015856914,0.07500961,0.022701595,0.13905296,0.02436309,null,null,null,null,"TWOGAUSSIANS",8,2.859818,0.8225047,0.015856914,0.4,0.058730632,0.13611682,0.02422823,0.34057504,0.00927075,0.4,0.0,0.12077513,0.011402083
