Gaia/vari_eclipsing_binary/VariEclipsingBinary_460796-460809.csv
# %ECSV 1.0
# ---
# delimiter: ','
# meta: !!omap
# - RELEASE: Gaia DR3
# - TABLE: vari_eclipsing_binary
# - DESCRIPTION: >
#     This table describes the properties of the eclipsing binaries resulting from the variability analysis. 
# - CITATION: >
#     How to cite and acknowledge Gaia: 
#     https://gea.esac.esa.int/archive/documentation/credits.html 
# - KNOWN_ISSUES: >
#     Known issues: 
#     https://www.cosmos.esa.int/web/gaia-users/known-issues 
# - DOCUMENTATION: >
#     Tutorials and documentation: 
#     https://www.cosmos.esa.int/web/gaia-users/archive 
# datatype:
# - 
#   name: solution_id
#   datatype: int64
#   description: Solution Identifier
#   meta:
#     ucd: meta.version
# - 
#   name: source_id
#   datatype: int64
#   description: Unique source identifier
#   meta:
#     ucd: meta.id;meta.main
# - 
#   name: global_ranking
#   datatype: float32
#   description: Number between 0 (worst) and 1 (best)
#   meta:
#     ucd: stat.param
# - 
#   name: reference_time
#   datatype: float64
#   unit: d
#   description: Reference time used for the geometric model fit
#   meta:
#     ucd: time.epoch
# - 
#   name: frequency
#   datatype: float64
#   unit: d**-1
#   description: Frequency of geometric model of the eclipsing binary light curve
#   meta:
#     ucd: src.orbital
# - 
#   name: frequency_error
#   datatype: float32
#   unit: d**-1
#   description: "Uncertainty of \\texttt{frequency}"
#   meta:
#     ucd: stat.error
# - 
#   name: geom_model_reference_level
#   datatype: float32
#   unit: mag
#   description: Magnitude reference level of geometric model
#   meta:
#     ucd: phot.mag;em.opt
# - 
#   name: geom_model_reference_level_error
#   datatype: float32
#   unit: mag
#   description: "Uncertainty of \\texttt{geomModelReferenceLevel}"
#   meta:
#     ucd: stat.error;phot.mag;em.opt
# - 
#   name: geom_model_gaussian1_phase
#   datatype: float32
#   description: Phase of the Gaussian 1 component
#   meta:
#     ucd: time.phase
# - 
#   name: geom_model_gaussian1_phase_error
#   datatype: float32
#   description: "Uncertainty of \\texttt{geomModelGaussian1Phase}"
#   meta:
#     ucd: stat.error;time.phase
# - 
#   name: geom_model_gaussian1_sigma
#   datatype: float32
#   description: "Standard deviation [phase] of Gaussian 1 component"
#   meta:
#     ucd: stat.stdev
# - 
#   name: geom_model_gaussian1_sigma_error
#   datatype: float32
#   description: "Uncertainty of \\texttt{geomModelGaussian1Sigma}"
#   meta:
#     ucd: stat.error
# - 
#   name: geom_model_gaussian1_depth
#   datatype: float32
#   unit: mag
#   description: Magnitude depth of Gaussian 1 component
#   meta:
#     ucd: src.var.amplitude
# - 
#   name: geom_model_gaussian1_depth_error
#   datatype: float32
#   unit: mag
#   description: "Uncertainty of \\texttt{geomModelGaussian1Depth}"
#   meta:
#     ucd: stat.error;src.var.amplitude
# - 
#   name: geom_model_gaussian2_phase
#   datatype: float32
#   description: Phase of Gaussian 2 component
#   meta:
#     ucd: time.phase
# - 
#   name: geom_model_gaussian2_phase_error
#   datatype: float32
#   description: "Uncertainty of \\texttt{geomModelGaussian2Phase}"
#   meta:
#     ucd: stat.error;time.phase
# - 
#   name: geom_model_gaussian2_sigma
#   datatype: float32
[...]
#   datatype: float32
#   description: "Secondary eclipse: uncertainty of \\texttt{derivedSecondaryEclDuration}"
#   meta:
#     ucd: stat.error;time.duration
# - 
#   name: derived_secondary_ecl_depth
#   datatype: float32
#   unit: mag
#   description: "Secondary eclipse: depth"
#   meta:
#     ucd: src.var.amplitude
# - 
#   name: derived_secondary_ecl_depth_error
#   datatype: float32
#   unit: mag
#   description: "Secondary eclipse: uncertainty of \\texttt{derivedSecondaryEclDepth}"
#   meta:
#     ucd: stat.error;src.var.amplitude
solution_id,source_id,global_ranking,reference_time,frequency,frequency_error,geom_model_reference_level,geom_model_reference_level_error,geom_model_gaussian1_phase,geom_model_gaussian1_phase_error,geom_model_gaussian1_sigma,geom_model_gaussian1_sigma_error,geom_model_gaussian1_depth,geom_model_gaussian1_depth_error,geom_model_gaussian2_phase,geom_model_gaussian2_phase_error,geom_model_gaussian2_sigma,geom_model_gaussian2_sigma_error,geom_model_gaussian2_depth,geom_model_gaussian2_depth_error,geom_model_cosine_half_period_amplitude,geom_model_cosine_half_period_amplitude_error,geom_model_cosine_half_period_phase,geom_model_cosine_half_period_phase_error,model_type,num_model_parameters,reduced_chi2,derived_primary_ecl_phase,derived_primary_ecl_phase_error,derived_primary_ecl_duration,derived_primary_ecl_duration_error,derived_primary_ecl_depth,derived_primary_ecl_depth_error,derived_secondary_ecl_phase,derived_secondary_ecl_phase_error,derived_secondary_ecl_duration,derived_secondary_ecl_duration_error,derived_secondary_ecl_depth,derived_secondary_ecl_depth_error
[from data line 529]
375316653866487564,4053277533456322688,0.56780195,2267.125069033429,0.009352713594859138,1.085086E-6,17.397032,0.0013038969,0.128514,6.172292E-5,2.797406E-4,3.7093105E-5,0.9022624,0.49585682,0.59655577,0.003826301,0.042526707,0.0026432122,0.0325698,0.0010727422,0.021714274,0.0015445338,0.128514,6.172292E-5,"TWOGAUSSIANS_WITH_ELLIPSOIDAL_ON_ECLIPSE1",9,15.271056,0.128514,6.172292E-5,0.0015665474,2.0772139E-4,0.9456909,0.4961715,0.6016158,0.0032065941,0.23814957,0.014801988,0.074539825,0.0033840137
375316653866487564,4053277636459515264,0.48915312,2193.3499851075567,0.25504627582889433,3.880259E-5,19.644566,0.049677167,0.38657892,0.023380553,0.037833296,0.024502052,0.44520032,0.16225085,0.8453675,0.04044794,0.06571177,0.026502088,0.46235237,0.12258172,null,null,null,null,"TWOGAUSSIANS",8,4.938119,0.8453675,0.04044794,0.3679859,0.14708824,0.46235135,0.12257072,0.38657892,0.023380553,0.21186645,0.1372115,0.4451993,0.1623109
375316653866487564,4053277636535355264,0.5105102,2281.357657587179,1.4683554011716657,2.6822256E-5,17.09933,0.073162645,0.23259564,0.016375288,0.13267784,0.06281078,0.12136497,0.066817775,0.7357711,0.003329788,0.11750528,0.02837332,0.17143737,0.069793716,null,null,null,null,"TWOGAUSSIANS",8,6.4366174,0.7358111,0.0033779575,0.4,0.0,0.13426304,0.006415443,0.23257564,0.01639515,0.4,0.0,0.084030166,0.018102024
375316653866487564,4053277670819599744,0.5165138,2269.7995589202606,2.164401303926899,2.7739592E-5,17.441376,0.034329366,0.29313737,0.0064553707,0.070983574,0.0077837333,0.63067985,0.060927562,0.79775625,0.0026310803,0.06700288,0.007185285,0.50195414,0.024751088,null,null,null,null,"TWOGAUSSIANS",8,72.97878,0.29313737,0.0064553707,0.39750803,0.026700577,0.62927276,0.06064455,0.79775625,0.0026310803,0.37521613,0.034034487,0.5005471,0.022886915
375316653866487564,4053277705179588224,0.5226753,2216.231793338034,2.006435368779411,3.880481E-5,19.00762,0.008160825,0.30613595,0.0043644556,0.07706064,0.0052129305,0.26545244,0.010684788,0.8526878,0.032424543,0.031659923,0.039190814,0.1524069,0.046602733,null,null,null,null,"TWOGAUSSIANS",8,3.5979545,0.30613595,0.0043644556,0.4,0.0,0.2654511,0.010633419,0.8526878,0.032424543,0.17729557,0.21946856,0.15240556,0.04675203
375316653866487564,4053277773974347904,0.57580715,2213.351103444491,1.9858115907047988,1.5172468E-5,18.636549,0.0075491634,0.21165125,0.0053737126,0.0781403,0.0047072354,0.25346226,0.012852569,0.7157621,0.004956895,0.08409433,0.009718804,0.21763411,0.014108741,null,null,null,null,"TWOGAUSSIANS",8,0.93884367,0.21165125,0.0053737126,0.4,0.0,0.24971744,0.011730682,0.7157621,0.004956895,0.4,0.0,0.2138893,0.015646756
375316653866487564,4053277773974373120,0.5373553,2217.2469568696215,1.4369654081072971,1.5330697E-5,18.997877,0.009459128,0.28269225,0.008576324,0.07946746,0.008498249,0.2739,0.033836983,0.7641833,0.006279295,0.08512697,0.0073907967,0.22517425,0.022446062,null,null,null,null,"TWOGAUSSIANS",8,1.8960234,0.28269225,0.008576324,0.4,0.0,0.27044013,0.034350425,0.7641833,0.006279295,0.4,0.0,0.22171436,0.022400346
375316653866487564,4053277876978506880,0.5108834,2251.3290838593102,2.438448484442394,4.2547304E-5,19.50792,0.017608576,0.2700662,0.016740954,0.06612151,0.013110659,0.6189681,0.40371686,0.7593364,0.009312855,0.08018188,0.0100315595,0.53089195,0.044008005,null,null,null,null,"TWOGAUSSIANS",8,5.0586233,0.2700662,0.016740954,0.37028047,0.07341969,0.6164132,0.40614235,0.7593364,0.009312855,0.4,0.0,0.52833694,0.043518335
375316653866487564,4053277911338382592,0.460904,2257.669192397533,0.41237153508053936,1.0707391E-4,19.648073,0.008476462,0.21697275,0.03896738,0.081437856,0.041671652,0.1087402,0.08142694,0.8317292,0.014391898,0.08615494,0.01463259,0.16783996,0.011564252,null,null,null,null,"TWOGAUSSIANS",8,2.4748352,0.8317292,0.014372122,0.4,0.0,0.1675165,0.011675847,0.21695276,0.03899064,0.4,0.08138396,0.10842289,0.081697136
375316653866487564,4053278186216609536,0.48230302,2218.8765173172005,0.2272800773484894,2.8415776E-5,19.383844,0.02318739,0.24775302,0.03714404,0.08047206,0.039444033,0.33917975,0.12878826,0.7340229,0.005317162,0.07649784,0.01036082,0.268223,0.045798864,null,null,null,null,"TWOGAUSSIANS",8,3.3264606,0.24775302,0.03714404,0.4,0.024182443,0.3363251,0.1336861,0.7340229,0.005317162,0.4,0.012686175,0.26536834,0.04408396
375316653866487564,4053278289295951872,0.5331491,2281.03532933529,0.16756430389063845,2.5719353E-5,19.645172,0.108416446,0.27078018,0.02626204,0.11486604,0.04851434,0.3957505,0.11428192,0.84606695,0.007556388,0.08386792,0.014852095,0.38675192,0.09846674,null,null,null,null,"TWOGAUSSIANS",8,1.0073992,0.27078018,0.026262512,0.4,0.0,0.3840372,0.052988768,0.846317,0.006502422,0.4,0.0,0.37546602,0.051225502
375316653866487564,4053278495455271424,0.52303135,2213.7629679202246,2.585432082853172,2.3260154E-5,19.006735,0.010046163,0.21371278,0.029455317,0.046223875,0.03848075,0.19178368,0.019319672,0.7593094,0.020652637,0.082825124,0.012022266,0.21297438,0.051077303,null,null,null,null,"TWOGAUSSIANS",8,1.939454,0.7593094,0.020652637,0.4,0.0,0.21292269,0.05062528,0.21371278,0.029455317,0.2588537,0.14048575,0.19173206,0.018576879
375316653866487564,4053278770407027584,0.48174575,2302.373945250365,3.469693014589031,7.382175E-5,19.720581,0.1495374,0.27316332,0.012331227,0.0831339,0.03544667,0.21700476,0.12713625,0.76107347,0.033027537,0.115260094,0.10164207,0.1339793,0.14186981,null,null,null,null,"TWOGAUSSIANS",8,1.3152307,0.27317333,0.013744838,0.4,0.0,0.20561557,0.03069644,0.76107347,0.033027537,0.4,0.0070946626,0.12256596,0.024847463
375316653866487564,4053279148290427008,0.4434268,2232.9768830266576,0.03742879349389396,1.785104E-5,18.321451,0.0063327784,0.20474128,1.5571344E-4,0.030043088,9.5379644E-4,0.13953611,0.006428828,0.6947468,0.017257888,0.05699394,0.015543828,0.4382088,0.24044396,null,null,null,null,"TWOGAUSSIANS",8,6.433568,0.6947468,0.017257888,0.31916606,0.08704544,0.43820876,0.24044435,0.20474128,1.5571344E-4,0.16824129,0.0053412598,0.1395361,0.0064288103
375316653866487564,4053279629327520896,0.5275211,2220.901010835846,2.1472087656717633,3.5444056E-5,17.504805,0.025543097,0.30483416,0.005275163,0.07459636,0.008722292,0.28229877,0.027247045,0.7866041,0.015910668,0.102305405,0.03259621,0.30736047,0.054793473,null,null,null,null,"TWOGAUSSIANS",8,13.811883,0.7866041,0.015910668,0.4,0.0,0.29934573,0.0627953,0.30483416,0.0052681826,0.4,0.0077872844,0.27428955,0.022105915
375316653866487564,4053280007284413312,0.519281,2249.0579097914792,2.0262703374941267,2.3702965E-5,18.805206,0.014303976,0.3691245,0.0050936043,0.023750508,0.0034274096,0.5280128,0.040603273,0.88393676,0.010147,0.025692385,0.01625021,0.41538978,3.120348,null,null,null,null,"TWOGAUSSIANS",8,7.593653,0.3691245,0.0050936043,0.13300285,0.019193493,0.5280128,0.040603273,0.88393676,0.010147,0.14387736,0.091001175,0.41538978,3.120348
375316653866487564,4053281038077170304,0.53513426,2140.8092046558986,0.9133330444095092,5.4417917E-5,19.71399,0.065014675,0.29500213,0.005648396,0.11416576,0.023383185,0.3018293,0.060261805,0.804503,0.028502077,0.07502122,0.053398736,0.066722326,0.06522916,null,null,null,null,"TWOGAUSSIANS",8,1.431184,0.29500213,0.005648658,0.4,0.0,0.29339007,0.01971031,0.80455303,0.028885826,0.4,0.059417646,0.058326975,0.025486914
375316653866487564,4053281038077295744,0.449958,2207.7154016155832,0.633017212162597,7.13367E-5,19.309868,0.07513078,0.17025998,0.06241204,0.05055657,0.106781326,0.10227225,0.049371745,0.66277,0.015651416,0.047490597,0.058475513,0.17802702,0.05631829,null,null,null,null,"TWOGAUSSIANS",8,3.9727156,0.66277,0.015697831,0.26594734,0.23674025,0.17802662,0.041513205,0.17025998,0.06241204,0.2831168,0.17075862,0.10227185,0.03976448
375316653866487564,4053281175516598784,0.5405353,2187.095401907285,2.4908744701528267,1.389481E-5,18.362736,0.021378193,0.24417147,0.0093157375,0.085004,0.01105747,0.4132909,0.026853906,0.74678886,0.0045831194,0.07904054,0.009996858,0.44660565,0.033820137,null,null,null,null,"TWOGAUSSIANS",8,9.800877,0.74678886,0.0045831194,0.4,0.0,0.4387605,0.0366743,0.24417147,0.0093157375,0.4,0.0,0.4054457,0.02573621
375316653866487564,4053281450466756096,0.4810455,2254.0630167000722,0.6171696375547376,5.1037965E-5,19.478508,0.038194828,0.4662056,0.012837571,0.120039225,0.021710422,0.3505022,0.031868648,0.8186561,0.052466687,0.122458346,0.041433595,0.12126214,0.03201591,null,null,null,null,"TWOGAUSSIANS",8,2.1482298,0.4681456,0.009722781,0.4,0.0,0.34114486,0.028604548,0.8186561,0.052466687,0.4,0.0,0.11464014,0.02000672
375316653866487564,4053281725271443712,0.43725446,2226.150461247199,2.098779760717492,1.07359694E-4,19.598618,0.0495375,0.30041236,0.039311886,0.08071485,0.022978162,0.13579905,0.036785867,0.6799228,0.021963812,0.16205223,0.051964194,0.22518824,0.0388234,null,null,null,null,"TWOGAUSSIANS",8,2.977186,0.6799228,0.021963812,0.4,0.0,0.21119598,0.017180992,0.31188238,0.03897185,0.4,0.032491963,0.13763314,0.03060331
375316653866487564,4053282206381099904,0.49476442,2246.1281872449854,3.6606856109285717,2.4727802E-5,17.667253,0.004761146,0.48695394,0.024730835,0.095934756,0.05440098,0.02531211,0.023573218,0.7344096,0.0019495896,0.01673253,0.001132056,0.21557544,0.027121244,null,null,null,null,"TWOGAUSSIANS",8,3.071063,0.7344096,0.0019495896,0.093702175,0.0063395137,0.21648437,0.028001774,0.48695394,0.024730835,0.4,0.07554974,0.025312046,0.023573646
375316653866487564,4053282240667533824,0.48021156,2201.2125525306624,3.071249648339222,3.2855558E-5,18.291376,0.9333527,0.3019983,0.013403554,0.122577034,0.041511193,0.6081569,0.60329443,0.7869208,0.014271077,0.16035916,0.1062432,0.62700266,0.9226727,null,null,null,null,"TWOGAUSSIANS",8,14.460824,0.7869208,0.014271077,0.4,0.0,0.39410427,0.041880593,0.3033483,0.01255726,0.4,0.0,0.38504553,0.05122091
375316653866487564,4053282614313708672,0.48133242,2236.603266386638,0.9326544433053541,3.2510095E-5,16.616495,0.009538168,0.30103287,0.00887948,0.07001514,0.012868778,0.11809696,0.013572063,0.79091555,0.004393596,0.053031728,0.0064434772,0.18404734,0.020143379,null,null,null,null,"TWOGAUSSIANS",8,41.43493,0.79091555,0.004393596,0.29697767,0.036083475,0.18399505,0.02013894,0.30103287,0.00887948,0.39208478,0.051580805,0.11804467,0.013559968
375316653866487564,4053282687417570432,0.5062752,2249.958072190531,2.3460822411091624,4.255436E-5,17.885464,0.504711,0.24286368,0.009734998,0.13370483,0.09931977,0.22409762,0.48985022,0.7655826,0.014416034,0.11816298,0.05870282,0.2234339,0.4013503,null,null,null,null,"TWOGAUSSIANS",8,5.7439656,0.24272369,0.009129167,0.4,0.0,0.17235272,0.024059637,0.76603264,0.011029792,0.4,0.0,0.1721046,0.0219162
375316653866487564,4053282721777296256,0.45402446,2332.7286508576085,1.9612226986554524,1.9604649E-4,18.52463,0.019809974,0.21010162,0.07710315,0.12180786,0.07048544,0.067502804,0.024855232,0.6884154,0.004727815,0.0637265,0.0144568235,0.16831376,0.034279484,null,null,null,null,"TWOGAUSSIANS",8,2.820917,0.6884154,0.004727815,0.3568684,0.06200456,0.16509928,0.035886515,0.21010162,0.07710315,0.4,0.083270304,0.064251035,0.021130357
375316653866487564,4053283473321964672,0.47588748,2240.7489081287968,4.929315960405723,3.814557E-5,16.652294,0.0026839299,0.21720214,0.0045153587,0.025866171,0.007823072,0.23405924,2.4922736,0.88284224,0.07085266,0.0298962,0.018140212,0.08828408,0.094580226,null,null,null,null,"TWOGAUSSIANS",8,5.373518,0.21720214,0.0045153587,0.14485057,0.043809205,0.23405924,2.4922736,0.88284224,0.07085266,0.16741872,0.10158518,0.08828408,0.094580226
375316653866487564,4053283511979231232,0.5430616,2181.041883378116,3.5316925521530442,1.8357334E-5,19.886906,0.03473319,0.23152727,0.012994254,0.06136622,0.014851538,0.61575073,0.27007595,0.74023956,0.008566165,0.07036195,0.009704486,0.48502687,0.053404916,null,null,null,null,"TWOGAUSSIANS",8,2.990088,0.23152727,0.012994254,0.34365082,0.08316862,0.6151267,0.27054644,0.74023956,0.008566165,0.39402694,0.04929394,0.48440287,0.05330087
375316653866487564,4053283610760923136,0.5391703,2234.253817900129,2.8295859611162633,1.4152228E-5,19.105593,0.03422724,0.34156576,0.019380745,0.06816568,0.022288019,0.54462606,0.02143256,0.83839506,0.0033751677,0.06632319,0.007935164,0.464041,0.032623976,null,null,null,null,"TWOGAUSSIANS",8,6.059021,0.34156576,0.019380745,0.3817278,0.027244356,0.5437074,0.018487222,0.83839506,0.0033751677,0.37140986,0.03842525,0.4631223,0.032173894
375316653866487564,4053283786860071936,0.580609,2255.251421140643,2.273514424231435,7.297455E-5,16.1491,0.0024605617,0.18521927,0.010388229,0.05617783,0.032390703,0.009430511,0.0022314808,0.57954484,0.0067913714,0.057351757,0.0059167086,0.26325187,0.054041546,null,null,null,null,"TWOGAUSSIANS",8,5.7813563,0.57954484,0.0067913714,0.32116985,0.033133566,0.2632518,0.054041658,0.18521927,0.010388229,0.31459585,0.18138793,0.009430447,0.0022318903
375316653866487564,4053283890009221376,0.4755878,2233.290416239836,3.2511185180802173,4.2922115E-5,19.035255,0.02630162,0.32225153,0.0065882243,0.10223936,0.016595338,0.27226377,0.031837262,0.8632109,0.010999,0.08677855,0.017391453,0.24687545,0.02927962,null,null,null,null,"TWOGAUSSIANS",8,5.2574863,0.32225153,0.0065882243,0.4,0.0,0.26362586,0.029555596,0.86322093,0.010995449,0.4,0.0,0.238249,0.026856793
375316653866487564,4053283924299616128,0.48341104,2238.641987868623,0.11587709163565377,1.2157023E-4,19.410906,0.0094321305,0.31562084,0.045962736,0.060204294,0.041737292,0.09485509,0.062001742,0.74109066,0.014499155,0.0813514,0.033716686,0.16269131,0.018029593,null,null,null,null,"TWOGAUSSIANS",8,1.2575635,0.74109066,0.014499155,0.4,0.01445588,0.1626236,0.01811248,0.31562084,0.045960184,0.33714405,0.23372884,0.09478756,0.062029798
375316653866487564,4053284061738476800,0.48896518,2223.8383197087805,1.0355403244536527,2.868011E-5,19.32488,0.110196084,0.32258108,0.01835243,0.2217335,0.13648863,0.14500104,0.09507022,0.7796393,0.010164091,0.083157346,0.012251059,0.2835289,0.047689695,null,null,null,null,"TWOGAUSSIANS",8,1.2825049,0.7796393,0.010164091,0.4,0.0,0.24802963,0.011428411,0.32258108,0.01834868,0.4,0.0,0.08495133,0.043828357
375316653866487564,4053284130458397312,0.4545223,2157.6351948866572,0.7788727744170708,9.762248E-5,19.525452,0.04119477,0.3046827,0.023844639,0.09843127,0.019622248,0.15642065,0.041670136,0.6326938,0.023312083,0.074996985,0.044446424,0.30032155,0.06479338,null,null,null,null,"TWOGAUSSIANS",8,2.797541,0.6326938,0.023312083,0.4,0.030705417,0.30070406,0.06642426,0.3047627,0.02146025,0.4,0.0,0.15621765,0.04076771
375316653866487564,4053284130458527232,0.5190833,2243.478345482514,0.33813591010708854,4.028443E-5,18.836058,0.009288391,0.21856911,0.0071320455,0.021998676,0.0092424005,0.17088766,0.04995338,0.5997475,0.14090522,0.03257126,0.040263914,0.042511914,0.518121,0.06751071,0.013135538,0.21856911,0.0071320455,"TWOGAUSSIANS_WITH_ELLIPSOIDAL_ON_ECLIPSE1",9,3.4176536,0.21856911,0.0071320455,0.123192586,0.05175744,0.30590823,0.05551095,0.6274075,0.22450826,0.18239905,0.2254779,0.12500207,0.56614995
375316653866487564,4053284164887293824,0.4665664,2175.673255646807,0.27331159220467993,5.792367E-5,19.47825,0.018949682,0.17353082,0.02261814,0.08684779,0.05337765,0.1550203,0.053456433,0.65047526,0.00894377,0.025361486,0.012353286,0.17419726,0.01979893,null,null,null,null,"TWOGAUSSIANS",8,1.7511269,0.65047526,0.00894377,0.14202432,0.0691784,0.17419215,0.01976979,0.17353082,0.02261814,0.4,0.19011635,0.15501513,0.05346865
