Gaia/vari_eclipsing_binary/VariEclipsingBinary_688848-688883.csv
# %ECSV 1.0
# ---
# delimiter: ','
# meta: !!omap
# - RELEASE: Gaia DR3
# - TABLE: vari_eclipsing_binary
# - DESCRIPTION: >
#     This table describes the properties of the eclipsing binaries resulting from the variability analysis. 
# - CITATION: >
#     How to cite and acknowledge Gaia: 
#     https://gea.esac.esa.int/archive/documentation/credits.html 
# - KNOWN_ISSUES: >
#     Known issues: 
#     https://www.cosmos.esa.int/web/gaia-users/known-issues 
# - DOCUMENTATION: >
#     Tutorials and documentation: 
#     https://www.cosmos.esa.int/web/gaia-users/archive 
# datatype:
# - 
#   name: solution_id
#   datatype: int64
#   description: Solution Identifier
#   meta:
#     ucd: meta.version
# - 
#   name: source_id
#   datatype: int64
#   description: Unique source identifier
#   meta:
#     ucd: meta.id;meta.main
# - 
#   name: global_ranking
#   datatype: float32
#   description: Number between 0 (worst) and 1 (best)
#   meta:
#     ucd: stat.param
# - 
#   name: reference_time
#   datatype: float64
#   unit: d
#   description: Reference time used for the geometric model fit
#   meta:
#     ucd: time.epoch
# - 
#   name: frequency
#   datatype: float64
#   unit: d**-1
#   description: Frequency of geometric model of the eclipsing binary light curve
#   meta:
#     ucd: src.orbital
# - 
#   name: frequency_error
#   datatype: float32
#   unit: d**-1
#   description: "Uncertainty of \\texttt{frequency}"
#   meta:
#     ucd: stat.error
# - 
#   name: geom_model_reference_level
#   datatype: float32
#   unit: mag
#   description: Magnitude reference level of geometric model
#   meta:
#     ucd: phot.mag;em.opt
# - 
#   name: geom_model_reference_level_error
#   datatype: float32
#   unit: mag
#   description: "Uncertainty of \\texttt{geomModelReferenceLevel}"
#   meta:
#     ucd: stat.error;phot.mag;em.opt
# - 
#   name: geom_model_gaussian1_phase
#   datatype: float32
#   description: Phase of the Gaussian 1 component
#   meta:
#     ucd: time.phase
# - 
#   name: geom_model_gaussian1_phase_error
#   datatype: float32
#   description: "Uncertainty of \\texttt{geomModelGaussian1Phase}"
#   meta:
#     ucd: stat.error;time.phase
# - 
#   name: geom_model_gaussian1_sigma
#   datatype: float32
#   description: "Standard deviation [phase] of Gaussian 1 component"
#   meta:
#     ucd: stat.stdev
# - 
#   name: geom_model_gaussian1_sigma_error
#   datatype: float32
#   description: "Uncertainty of \\texttt{geomModelGaussian1Sigma}"
#   meta:
#     ucd: stat.error
# - 
#   name: geom_model_gaussian1_depth
#   datatype: float32
#   unit: mag
#   description: Magnitude depth of Gaussian 1 component
#   meta:
#     ucd: src.var.amplitude
# - 
#   name: geom_model_gaussian1_depth_error
#   datatype: float32
#   unit: mag
#   description: "Uncertainty of \\texttt{geomModelGaussian1Depth}"
#   meta:
#     ucd: stat.error;src.var.amplitude
# - 
#   name: geom_model_gaussian2_phase
#   datatype: float32
#   description: Phase of Gaussian 2 component
#   meta:
#     ucd: time.phase
# - 
#   name: geom_model_gaussian2_phase_error
#   datatype: float32
#   description: "Uncertainty of \\texttt{geomModelGaussian2Phase}"
#   meta:
#     ucd: stat.error;time.phase
# - 
#   name: geom_model_gaussian2_sigma
#   datatype: float32
[...]
#   datatype: float32
#   description: "Secondary eclipse: uncertainty of \\texttt{derivedSecondaryEclDuration}"
#   meta:
#     ucd: stat.error;time.duration
# - 
#   name: derived_secondary_ecl_depth
#   datatype: float32
#   unit: mag
#   description: "Secondary eclipse: depth"
#   meta:
#     ucd: src.var.amplitude
# - 
#   name: derived_secondary_ecl_depth_error
#   datatype: float32
#   unit: mag
#   description: "Secondary eclipse: uncertainty of \\texttt{derivedSecondaryEclDepth}"
#   meta:
#     ucd: stat.error;src.var.amplitude
solution_id,source_id,global_ranking,reference_time,frequency,frequency_error,geom_model_reference_level,geom_model_reference_level_error,geom_model_gaussian1_phase,geom_model_gaussian1_phase_error,geom_model_gaussian1_sigma,geom_model_gaussian1_sigma_error,geom_model_gaussian1_depth,geom_model_gaussian1_depth_error,geom_model_gaussian2_phase,geom_model_gaussian2_phase_error,geom_model_gaussian2_sigma,geom_model_gaussian2_sigma_error,geom_model_gaussian2_depth,geom_model_gaussian2_depth_error,geom_model_cosine_half_period_amplitude,geom_model_cosine_half_period_amplitude_error,geom_model_cosine_half_period_phase,geom_model_cosine_half_period_phase_error,model_type,num_model_parameters,reduced_chi2,derived_primary_ecl_phase,derived_primary_ecl_phase_error,derived_primary_ecl_duration,derived_primary_ecl_duration_error,derived_primary_ecl_depth,derived_primary_ecl_depth_error,derived_secondary_ecl_phase,derived_secondary_ecl_phase_error,derived_secondary_ecl_duration,derived_secondary_ecl_duration_error,derived_secondary_ecl_depth,derived_secondary_ecl_depth_error
[from data line 110]
375316653866487564,6059227784036331008,0.5519663,2230.6711561020984,2.867799498256603,9.362711E-6,19.304081,0.007789141,0.24893227,0.002976295,0.06942163,0.0042712605,0.68279254,0.05673523,0.751867,0.003230073,0.07572769,0.0037787103,0.43837693,0.018626187,null,null,null,null,"TWOGAUSSIANS",8,3.102469,0.24893227,0.002976295,0.3887611,0.019730397,0.6801251,0.05757832,0.751867,0.003230073,0.4,0.0,0.43570954,0.018785613
375316653866487564,6059228127657523200,0.63540107,2216.194344957876,1.09830602039099,2.470979E-6,17.92245,0.0025374447,0.27965316,7.0230843E-4,0.05540462,0.0011343892,0.29505306,0.006946928,0.8087501,0.016391102,0.02620007,0.015572852,0.077665895,0.051322173,0.06206835,0.0041860794,0.27965316,7.0230843E-4,"TWOGAUSSIANS_WITH_ELLIPSOIDAL_ON_ECLIPSE1",9,1.9962897,0.27965316,7.0230843E-4,0.31026587,0.0063525797,0.4191784,0.004513539,0.8087501,0.016391102,0.1467204,0.08720797,0.19768813,0.054629453
375316653866487564,6059228161993903744,0.5065855,2198.813083174489,3.2982892107218054,1.7102016E-5,19.613646,0.012411607,0.27083975,0.0050428654,0.07253678,0.0055662603,0.51245904,0.036094144,0.76991177,0.004848152,0.07432489,0.009025569,0.545673,0.055261128,null,null,null,null,"TWOGAUSSIANS",8,5.5847483,0.76991177,0.004848152,0.4,0.0033843918,0.5425242,0.05721488,0.27083975,0.0050428654,0.4,0.007010412,0.50931025,0.03646714
375316653866487564,6059229188483536896,0.5167494,2202.8319618254745,3.6177805896965385,7.933562E-6,17.645658,0.004645262,0.20021975,0.003451507,0.037897576,0.010691593,0.11189124,0.04075729,0.7050839,0.006358734,0.039072,0.018967215,0.09287843,0.023617622,0.05653648,0.008156235,0.20021975,0.003451507,"TWOGAUSSIANS_WITH_ELLIPSOIDAL_ON_ECLIPSE1",9,5.8882194,0.20021975,0.003451507,0.21222642,0.05987292,0.22496396,0.044496994,0.7050839,0.006358734,0.2188032,0.10621641,0.20584556,0.028049061
375316653866487564,6059229188484085120,0.60733044,2196.5495183309777,0.7463692704880486,3.0977067E-6,18.765848,0.003382132,0.21608782,0.004776109,0.041559227,0.0048399377,0.13215764,0.011320157,0.70863885,6.0128537E-4,0.032541715,7.235407E-4,1.7099327,0.13812605,null,null,null,null,"TWOGAUSSIANS",8,2.8349893,0.70863885,6.0128537E-4,0.18223359,0.0040518283,1.7099327,0.13812605,0.21608782,0.004776109,0.23273167,0.027103651,0.13215764,0.011320157
375316653866487564,6059231116954773760,0.5440542,2213.675383760726,0.21967696618645882,1.986424E-4,17.129457,0.0012773657,0.5143772,0.014161911,0.054542717,0.022614025,0.010249894,0.004230783,0.68554294,0.008452457,0.027330136,0.007417344,0.24057806,0.015822172,null,null,null,null,"TWOGAUSSIANS",8,2.5289094,0.68554294,0.008452457,0.15304877,0.041537125,0.24065256,0.015744956,0.5143772,0.014161911,0.3054392,0.12663853,0.010249895,0.0042307987
375316653866487564,6059231666687050496,0.47496396,2229.0506112008475,3.1542428771129196,1.7427978E-5,18.500069,0.051289625,0.25718424,0.012134111,0.10335943,0.031488374,0.15458462,0.046707626,0.75120264,0.0069085592,0.10213815,0.03161163,0.18973604,0.03749375,null,null,null,null,"TWOGAUSSIANS",8,5.9245653,0.75120264,0.0069085592,0.4,0.0,0.17324017,0.017565912,0.25718424,0.012136863,0.4,0.0,0.13808855,0.010884846
375316653866487564,6059231902901779840,0.5092024,2229.635138138345,0.6390087148473423,8.867373E-6,17.259027,0.0017514303,0.33026806,0.0036771714,0.048320264,0.004131909,0.10907892,0.0064063724,0.82637066,0.003415642,0.047475565,0.003567789,0.120295286,0.00575359,null,null,null,null,"TWOGAUSSIANS",8,4.4421387,0.82637066,0.003415642,0.26586318,0.019979618,0.12029506,0.005753742,0.33026806,0.0036771714,0.27059346,0.02313869,0.1090787,0.0064064623
375316653866487564,6059232903661450496,0.61747146,2206.8798612147684,0.7266916156274643,4.7579574E-6,14.169657,0.005965069,0.24236047,0.0014204711,0.097765535,0.0035129956,0.1935881,0.0054075737,0.7250602,0.001546408,0.090014085,0.0029355276,0.33414707,0.008539089,null,null,null,null,"TWOGAUSSIANS",8,73.257935,0.7250602,0.001546408,0.4,0.0,0.32292768,0.009013942,0.24236047,0.0014204711,0.4,0.0,0.18236777,0.003338007
375316653866487564,6059233071136226688,0.54349726,2221.0437169582683,2.716177704251234,1.5111453E-5,18.986399,0.014646511,0.2798912,0.0038889253,0.08034195,0.0059962557,0.42267647,0.020156927,0.78991324,0.005377604,0.07813875,0.0056096767,0.3563699,0.019102266,null,null,null,null,"TWOGAUSSIANS",8,3.6891153,0.2798912,0.0038889253,0.4,0.0,0.41829723,0.019124208,0.78991324,0.005377604,0.4,0.0,0.3519907,0.017492227
375316653866487564,6059233590856242432,0.5967492,2183.5850427636865,3.809623553070091,1.0944535E-5,16.563206,0.0012348854,0.49473974,0.0067543914,0.012105774,0.004741106,0.02184813,0.010304309,0.67278904,5.042331E-5,0.006385759,4.418606E-5,0.4372355,0.0021375667,null,null,null,null,"TWOGAUSSIANS",8,4.890393,0.67278904,5.042331E-5,0.03576025,2.4744193E-4,0.4372355,0.0021375667,0.49473974,0.0067543914,0.06779233,0.026550196,0.02184813,0.010304309
375316653866487564,6059234342458726912,0.5073433,2227.806348408668,2.4434370171201603,1.2444844E-5,18.554668,0.01083031,0.22776048,0.0037898188,0.09244322,0.01153056,0.19290271,0.017622607,0.7244727,0.004911447,0.09098122,0.010010184,0.18292747,0.01140435,null,null,null,null,"TWOGAUSSIANS",8,2.9729412,0.22776048,0.0037898188,0.4,0.0,0.18419108,0.02047049,0.7244727,0.004911447,0.4,0.0,0.17421591,0.0103630405
375316653866487564,6059235343202969216,0.5291568,2220.7973985304316,2.839861444807325,1.30106555E-5,18.103075,0.054221947,0.25626847,0.0054978495,0.122617014,0.017660474,0.34210992,0.052644663,0.7597134,0.004271482,0.10763914,0.015920931,0.301707,0.04897613,null,null,null,null,"TWOGAUSSIANS",8,7.9290924,0.25626847,0.0054978337,0.4,0.0,0.28314653,0.015199503,0.7597334,0.004295058,0.4,0.0,0.24289975,0.015650192
375316653866487564,6059235480641931648,0.428354,2194.6076378495304,0.9106343586708705,4.078023E-5,16.616755,0.007355845,0.11912028,0.0070645753,0.03982826,0.005882873,0.10657322,0.014934255,0.59154457,0.018381689,0.036654565,0.044029057,0.1375047,0.07455793,null,null,null,null,"TWOGAUSSIANS",8,52.322865,0.59154457,0.018381689,0.20526557,0.19295563,0.1375047,0.07458492,0.11912028,0.0070645753,0.22303826,0.03294409,0.10657322,0.014925882
375316653866487564,6059236197872606976,0.5256603,2223.488479500959,2.2733737978290622,1.2507449E-5,18.927145,0.0071632355,0.18698615,0.02569136,0.0074736965,0.027919197,0.20705146,0.06985229,0.7092519,0.0032991548,0.04004202,0.009766178,0.09994673,0.022913985,0.116966434,0.010122845,0.7092519,0.0032991548,"TWOGAUSSIANS_WITH_ELLIPSOIDAL_ON_ECLIPSE2",9,3.7101877,0.18709615,0.02518163,0.041852698,0.15634751,0.43645734,0.07748637,0.7092519,0.0032991548,0.22423531,0.054690596,0.3338792,0.017687013
375316653866487564,6059236335311554688,0.45773146,2189.8439693635246,0.06486192405609746,1.8277278E-5,19.199202,0.007949352,0.1620781,5.052245E-5,0.0011419359,1.229103E-4,0.4277501,0.016645199,0.8746529,0.044283263,0.019110031,0.023073766,0.051079955,0.06748124,0.024203463,0.01308889,0.8746529,0.044283263,"TWOGAUSSIANS_WITH_ELLIPSOIDAL_ON_ECLIPSE2",9,4.6498113,0.1620781,5.052245E-5,0.0063948412,6.882977E-4,0.4303778,0.014061755,0.8746529,0.044283263,0.107016176,0.1292131,0.09948688,0.05141259
375316653866487564,6059236442723537024,0.60723233,2217.982094191294,2.5160401400176275,4.197838E-6,18.268002,0.0053389566,0.25386083,0.0019390065,0.07775191,0.0024300022,0.47977075,0.007020396,0.7535736,0.0016716787,0.07855523,0.0027702935,0.281456,0.011272559,null,null,null,null,"TWOGAUSSIANS",8,2.170682,0.25386083,0.0019390065,0.4,0.0,0.47541124,0.0066436995,0.7535736,0.0016716787,0.4,0.0,0.27709645,0.01137185
375316653866487564,6059236855008841472,0.5260546,2217.5599240064275,1.9232423933208564,7.629631E-6,19.236883,0.0070423335,0.27735594,0.0030431352,0.074295856,0.006435662,0.2926484,0.01834032,0.7799168,0.003014298,0.07906961,0.0036541927,0.22926408,0.008719531,null,null,null,null,"TWOGAUSSIANS",8,1.4881157,0.27735594,0.0030431352,0.4,0.0,0.29024798,0.019203695,0.7799168,0.003014298,0.4,0.0,0.22686365,0.008079958
375316653866487564,6059236988145146496,0.5833222,2220.1545384483366,2.592314134540951,4.935534E-6,18.12711,0.005281723,0.27765906,0.0019444622,0.08362007,0.003156581,0.4345739,0.016242627,0.7760812,0.0015754887,0.0795264,0.0022111894,0.4665848,0.012338117,null,null,null,null,"TWOGAUSSIANS",8,3.9772444,0.7760812,0.0015754887,0.4,0.0,0.45861444,0.012772874,0.27765906,0.0019444622,0.4,0.0,0.42660353,0.0171678
375316653866487564,6059237232988541952,0.567384,2195.6437212445926,0.450242263052327,2.3002158E-6,12.187027,5.20784E-4,0.29289708,3.981693E-4,0.020051388,0.0014837665,0.07889243,0.00532718,0.78779083,0.017557379,0.019359674,0.0068580797,0.09485652,0.10417147,0.005089572,9.3342084E-4,0.29289708,3.981693E-4,"TWOGAUSSIANS_WITH_ELLIPSOIDAL_ON_ECLIPSE1",9,26.697031,0.78781086,0.017470455,0.10841418,0.038405247,0.10502522,0.10418543,0.29289708,3.981693E-4,0.112287775,0.008309092,0.08907157,0.0055494066
375316653866487564,6059237817081240320,0.52460897,2186.4282095108615,2.3879956206980015,9.256534E-6,19.047972,0.01201061,0.21226251,0.002658492,0.095949836,0.005261008,0.30072403,0.011503272,0.71823967,0.004342486,0.09034874,0.0069614584,0.3199392,0.014703572,null,null,null,null,"TWOGAUSSIANS",8,1.9184257,0.71823967,0.004342486,0.4,0.0,0.30444604,0.014444815,0.21226251,0.002658492,0.4,0.0,0.28523022,0.007842627
375316653866487564,6059238053296940672,0.63125205,2217.609321076447,0.5338360186856277,1.0081103E-6,18.506252,0.00235046,0.3265227,0.0026718576,0.021230081,0.0014428127,0.65532047,0.10927031,0.82468444,5.8715086E-4,0.018875666,5.3946546E-4,0.7307066,0.03158462,null,null,null,null,"TWOGAUSSIANS",8,1.8948206,0.82468444,5.8715086E-4,0.10570373,0.0030210065,0.7307066,0.03158462,0.3265227,0.0026718576,0.11888845,0.008079751,0.65532047,0.10927031
375316653866487564,6059238710435273728,0.5342999,2185.1498406474147,1.0105048199851865,3.3362685E-5,19.256603,0.0047328942,0.27036503,0.025624456,0.029408054,0.017304549,0.22251818,0.04725638,0.7524332,0.0039740168,0.04069202,0.0041778437,0.5106916,0.018062977,null,null,null,null,"TWOGAUSSIANS",8,2.2759242,0.7524332,0.0039740168,0.22787532,0.023395924,0.5106916,0.018062977,0.27036503,0.025624456,0.16468512,0.09690548,0.22251818,0.047256377
375316653866487564,6059240046161914368,0.5542161,2229.0357745430374,0.13725761691952448,1.182656E-5,18.713894,0.0020777914,0.202709,0.0039884527,0.016551085,0.0018151051,0.7618377,0.2899855,0.37912226,0.0011288422,0.004408324,6.714932E-4,0.035270788,0.010346446,null,null,null,null,"TWOGAUSSIANS",8,0.98843265,0.202709,0.0039884527,0.09268608,0.010164589,0.7618377,0.2899855,0.37912226,0.0011288422,0.024686616,0.0037603616,0.035270788,0.010346446
375316653866487564,6059240256645673600,0.44400364,2199.5836628552383,1.0661499780414156,1.9320736E-5,16.775463,0.00576494,0.19541399,0.0068167476,0.043281455,0.00497307,0.120432526,0.011975556,0.6872289,0.005666661,0.045770746,0.006729682,0.1122272,0.0107494965,null,null,null,null,"TWOGAUSSIANS",8,41.4488,0.19541399,0.0068167476,0.24237615,0.027849192,0.12043251,0.011975544,0.6872289,0.005666661,0.25631618,0.037686218,0.11222718,0.010749512
375316653866487564,6059240291005410304,0.5677,2224.65666020005,0.37839908081023876,8.312881E-6,16.059738,0.0019294268,0.3230919,8.0663787E-4,0.026322909,9.2739024E-4,0.46492794,0.03165726,0.8244155,0.007949032,0.017218258,0.004070563,0.022072906,0.008531117,0.005062014,0.002871003,0.3230919,8.0663787E-4,"TWOGAUSSIANS_WITH_ELLIPSOIDAL_ON_ECLIPSE1",9,20.806038,0.3230919,8.0663787E-4,0.14740829,0.0051933853,0.47505197,0.032345437,0.8244155,0.007918125,0.09642225,0.022795152,0.032196235,0.008587098
375316653866487564,6059240737659367808,0.47868028,2198.6710356374338,2.878207173028524,1.2540443E-5,19.10526,0.024922486,0.2676269,0.006007273,0.101571955,0.019865546,0.24597512,0.020237248,0.7534736,0.004554021,0.082782544,0.010395265,0.28043133,0.025811734,null,null,null,null,"TWOGAUSSIANS",8,4.120741,0.7534736,0.004554021,0.4,0.0,0.2698335,0.020466076,0.2676269,0.006007273,0.4,0.0,0.23537399,0.025133608
375316653866487564,6059240802076144896,0.58678395,2230.279362069139,3.2332641501362795,4.7762014E-6,18.775688,0.021376394,0.24730952,0.0026037933,0.049438175,0.0053910776,0.45367482,0.05114987,0.7413994,0.0018110309,0.057391565,0.004438359,0.4763653,0.04516702,0.08383441,0.029336603,0.24730952,0.0026037933,"TWOGAUSSIANS_WITH_ELLIPSOIDAL_ON_ECLIPSE1",9,4.263407,0.7418994,0.0015311552,0.32139277,0.024854809,0.643797,0.022660734,0.24730952,0.0026037933,0.27685377,0.030190034,0.6213183,0.032987002
375316653866487564,6059240806410327808,0.61033183,2212.0096623253326,1.4150660377666933,5.1331067E-6,16.840868,0.004014156,0.24519797,0.0016526359,0.08950154,0.0019741019,0.32337677,0.005800036,0.7475817,0.0016558641,0.07894636,0.0024112624,0.36327058,0.008883973,null,null,null,null,"TWOGAUSSIANS",8,7.072288,0.7475817,0.0016558641,0.4,0.0,0.35529667,0.00934455,0.24519797,0.0016526359,0.4,0.0,0.31540278,0.0053061037
375316653866487564,6059240836435887104,0.5049623,2215.36264991287,2.0252344561420776,1.9899082E-5,18.23334,0.056134272,0.2717597,0.00613443,0.11561769,0.028865075,0.21859969,0.049605824,0.75321907,0.004154558,0.101352565,0.015988866,0.36734408,0.048385624,null,null,null,null,"TWOGAUSSIANS",8,11.564265,0.75321907,0.004154558,0.4,0.0,0.33577144,0.014303109,0.27176967,0.0061519006,0.4,0.0,0.18698555,0.019099038
375316653866487564,6059241046897534208,0.49868777,2200.1011524172336,2.817241630207548,3.6401943E-5,19.759975,0.0089812195,0.1820937,0.0069964584,0.052727696,0.008721556,0.3431693,0.047354884,0.6847904,0.004312382,0.080431655,0.0051084943,0.49361563,0.0275107,null,null,null,null,"TWOGAUSSIANS",8,1.8607047,0.6847904,0.004312382,0.4,0.0,0.49294305,0.02758398,0.1820937,0.0069964584,0.2952751,0.048840713,0.34249672,0.04793077
375316653866487564,6059241046919656832,0.49960926,2214.8132327026324,0.33705454677128155,3.0574225E-5,14.863105,5.622728E-4,0.2774145,0.007331002,0.01375675,0.013216467,0.014630991,3.7001815,0.7847202,0.0022909162,0.015473105,0.0017782804,0.049390156,0.015616743,0.011171227,8.7328104E-4,0.2774145,0.007331002,"TWOGAUSSIANS_WITH_ELLIPSOIDAL_ON_ECLIPSE1",9,9.182346,0.7847202,0.0022909162,0.08664939,0.00995837,0.07168556,0.015771862,0.2774145,0.007331002,0.0770378,0.07401221,0.036973435,3.699596
375316653866487564,6059241424854260480,0.5537679,2196.5759054402447,2.3365180055060786,5.881062E-6,18.750605,0.00731057,0.2453632,0.0031094668,0.07907361,0.0040516932,0.4549891,0.0134841995,0.74647677,0.0023198887,0.08615076,0.0037348685,0.39846644,0.02170843,null,null,null,null,"TWOGAUSSIANS",8,2.9388235,0.2453632,0.0031094668,0.4,0.0,0.4464617,0.013612105,0.74647677,0.0023198887,0.4,0.0,0.38993904,0.022666873
375316653866487564,6059241459241092736,0.5916257,2219.6923441101153,2.5510600736576783,2.5825257E-6,17.382698,0.00894301,0.23646416,7.7242777E-4,0.051766686,0.002087744,0.60315096,0.029190129,0.74396855,0.0016657556,0.04829149,0.002584086,0.47768787,0.021471854,0.03473995,0.014891735,0.23646416,7.7242777E-4,"TWOGAUSSIANS_WITH_ELLIPSOIDAL_ON_ECLIPSE1",9,16.883095,0.23646416,7.7242777E-4,0.28989345,0.011691366,0.67262536,0.030143388,0.74396855,0.0016657556,0.27043235,0.014470882,0.5470079,0.014416179
375316653866487564,6059241661070023552,0.44802913,2201.7775723522986,1.1818903869360475,3.7177185E-6,17.958736,0.007082531,0.38093388,0.013038184,0.023627581,0.008735215,0.3196111,0.080902904,0.86824054,0.025064595,0.026561296,0.020875912,0.058358166,0.029728465,0.011781786,0.011560833,0.38093388,0.013038184,"TWOGAUSSIANS_WITH_ELLIPSOIDAL_ON_ECLIPSE1",9,31.198414,0.38093388,0.013038184,0.13231446,0.048917204,0.34317464,0.07924978,0.8685205,0.02529258,0.14874326,0.1169051,0.081775405,0.026051635
