Gaia/vari_eclipsing_binary/VariEclipsingBinary_674849-674867.csv
# %ECSV 1.0
# ---
# delimiter: ','
# meta: !!omap
# - RELEASE: Gaia DR3
# - TABLE: vari_eclipsing_binary
# - DESCRIPTION: >
#     This table describes the properties of the eclipsing binaries resulting from the variability analysis. 
# - CITATION: >
#     How to cite and acknowledge Gaia: 
#     https://gea.esac.esa.int/archive/documentation/credits.html 
# - KNOWN_ISSUES: >
#     Known issues: 
#     https://www.cosmos.esa.int/web/gaia-users/known-issues 
# - DOCUMENTATION: >
#     Tutorials and documentation: 
#     https://www.cosmos.esa.int/web/gaia-users/archive 
# datatype:
# - 
#   name: solution_id
#   datatype: int64
#   description: Solution Identifier
#   meta:
#     ucd: meta.version
# - 
#   name: source_id
#   datatype: int64
#   description: Unique source identifier
#   meta:
#     ucd: meta.id;meta.main
# - 
#   name: global_ranking
#   datatype: float32
#   description: Number between 0 (worst) and 1 (best)
#   meta:
#     ucd: stat.param
# - 
#   name: reference_time
#   datatype: float64
#   unit: d
#   description: Reference time used for the geometric model fit
#   meta:
#     ucd: time.epoch
# - 
#   name: frequency
#   datatype: float64
#   unit: d**-1
#   description: Frequency of geometric model of the eclipsing binary light curve
#   meta:
#     ucd: src.orbital
# - 
#   name: frequency_error
#   datatype: float32
#   unit: d**-1
#   description: "Uncertainty of \\texttt{frequency}"
#   meta:
#     ucd: stat.error
# - 
#   name: geom_model_reference_level
#   datatype: float32
#   unit: mag
#   description: Magnitude reference level of geometric model
#   meta:
#     ucd: phot.mag;em.opt
# - 
#   name: geom_model_reference_level_error
#   datatype: float32
#   unit: mag
#   description: "Uncertainty of \\texttt{geomModelReferenceLevel}"
#   meta:
#     ucd: stat.error;phot.mag;em.opt
# - 
#   name: geom_model_gaussian1_phase
#   datatype: float32
#   description: Phase of the Gaussian 1 component
#   meta:
#     ucd: time.phase
# - 
#   name: geom_model_gaussian1_phase_error
#   datatype: float32
#   description: "Uncertainty of \\texttt{geomModelGaussian1Phase}"
#   meta:
#     ucd: stat.error;time.phase
# - 
#   name: geom_model_gaussian1_sigma
#   datatype: float32
#   description: "Standard deviation [phase] of Gaussian 1 component"
#   meta:
#     ucd: stat.stdev
# - 
#   name: geom_model_gaussian1_sigma_error
#   datatype: float32
#   description: "Uncertainty of \\texttt{geomModelGaussian1Sigma}"
#   meta:
#     ucd: stat.error
# - 
#   name: geom_model_gaussian1_depth
#   datatype: float32
#   unit: mag
#   description: Magnitude depth of Gaussian 1 component
#   meta:
#     ucd: src.var.amplitude
# - 
#   name: geom_model_gaussian1_depth_error
#   datatype: float32
#   unit: mag
#   description: "Uncertainty of \\texttt{geomModelGaussian1Depth}"
#   meta:
#     ucd: stat.error;src.var.amplitude
# - 
#   name: geom_model_gaussian2_phase
#   datatype: float32
#   description: Phase of Gaussian 2 component
#   meta:
#     ucd: time.phase
# - 
#   name: geom_model_gaussian2_phase_error
#   datatype: float32
#   description: "Uncertainty of \\texttt{geomModelGaussian2Phase}"
#   meta:
#     ucd: stat.error;time.phase
# - 
#   name: geom_model_gaussian2_sigma
#   datatype: float32
[...]
#   datatype: float32
#   description: "Secondary eclipse: uncertainty of \\texttt{derivedSecondaryEclDuration}"
#   meta:
#     ucd: stat.error;time.duration
# - 
#   name: derived_secondary_ecl_depth
#   datatype: float32
#   unit: mag
#   description: "Secondary eclipse: depth"
#   meta:
#     ucd: src.var.amplitude
# - 
#   name: derived_secondary_ecl_depth_error
#   datatype: float32
#   unit: mag
#   description: "Secondary eclipse: uncertainty of \\texttt{derivedSecondaryEclDepth}"
#   meta:
#     ucd: stat.error;src.var.amplitude
solution_id,source_id,global_ranking,reference_time,frequency,frequency_error,geom_model_reference_level,geom_model_reference_level_error,geom_model_gaussian1_phase,geom_model_gaussian1_phase_error,geom_model_gaussian1_sigma,geom_model_gaussian1_sigma_error,geom_model_gaussian1_depth,geom_model_gaussian1_depth_error,geom_model_gaussian2_phase,geom_model_gaussian2_phase_error,geom_model_gaussian2_sigma,geom_model_gaussian2_sigma_error,geom_model_gaussian2_depth,geom_model_gaussian2_depth_error,geom_model_cosine_half_period_amplitude,geom_model_cosine_half_period_amplitude_error,geom_model_cosine_half_period_phase,geom_model_cosine_half_period_phase_error,model_type,num_model_parameters,reduced_chi2,derived_primary_ecl_phase,derived_primary_ecl_phase_error,derived_primary_ecl_duration,derived_primary_ecl_duration_error,derived_primary_ecl_depth,derived_primary_ecl_depth_error,derived_secondary_ecl_phase,derived_secondary_ecl_phase_error,derived_secondary_ecl_duration,derived_secondary_ecl_duration_error,derived_secondary_ecl_depth,derived_secondary_ecl_depth_error
[from data line 216]
375316653866487564,5936100245770294144,0.68676805,2211.230391969635,0.31395147541604135,1.1549918E-5,15.04421,0.0028687164,0.17461747,0.008535289,0.039137233,0.0049729003,0.1402659,0.034584004,0.66787046,0.0010703531,0.0391672,9.1224164E-4,0.7511872,0.0076395795,0.03676717,0.0037252612,0.17461747,0.008535289,"TWOGAUSSIANS_WITH_ELLIPSOIDAL_ON_ECLIPSE1",9,21.542688,0.66795045,0.0010296439,0.21933632,0.005108553,0.82459086,0.007078906,0.17461747,0.008535289,0.2191685,0.027848242,0.21380012,0.03487418
375316653866487564,5936100825557078528,0.44305825,2161.4053875464783,0.03715127540289966,8.80345E-5,19.278217,0.012707878,0.22215857,0.021595057,0.071553126,0.024414308,0.08972408,0.036017966,0.6459191,0.012769286,0.107615024,0.020636901,0.18935002,0.014829362,null,null,null,null,"TWOGAUSSIANS",8,3.6834066,0.6459191,0.012769286,0.4,0.0,0.18779008,0.013908901,0.22232856,0.021682974,0.4,0.106990844,0.088245824,0.036434833
375316653866487564,5936101242202645248,0.47820568,2177.0132971355156,0.05743818356226146,4.2659376E-5,16.159475,0.0029853366,0.3064922,0.011487463,0.078829385,0.009905318,0.16529363,0.041017428,0.7504534,0.006547791,0.064308286,0.007409991,0.09776041,0.014178065,null,null,null,null,"TWOGAUSSIANS",8,6.473737,0.3064922,0.011487463,0.4,0.0,0.16515644,0.041147407,0.7504534,0.006547791,0.36012638,0.04149595,0.09762324,0.014222741
375316653866487564,5936101379641316352,0.5507206,2162.714578011032,2.978918576633982,8.463881E-6,19.430647,0.014144835,0.2954754,0.0035259286,0.04019084,0.0075765923,0.38490245,0.13782255,0.7927141,0.019284835,0.020549325,0.025774805,0.3084397,0.07584021,0.14249064,0.02800052,0.2954754,0.0035259286,"TWOGAUSSIANS_WITH_ELLIPSOIDAL_ON_ECLIPSE1",9,4.378901,0.2954754,0.0035259286,0.2250687,0.042428914,0.66988367,0.14281844,0.79279417,0.019207494,0.11507622,0.1443389,0.5933377,0.09861277
375316653866487564,5936102199918304000,0.51785344,2137.315456260138,2.950185779217145,1.2178724E-5,16.468174,0.001918128,0.21862714,0.0026049663,0.06470518,0.026211036,0.0029414906,0.005809536,null,null,null,null,null,null,0.06420045,0.002848256,0.21862714,0.0026049663,"ONEGAUSSIAN_WITH_ELLIPSOIDAL",6,12.197244,0.21862714,0.0026049663,0.362349,0.14570072,0.13134058,0.004763802,null,null,null,null,null,null
375316653866487564,5936102303036758400,0.43811285,2161.908749411531,0.4765187952224565,6.014342E-5,18.370592,0.003837848,0.4239701,0.012718754,0.050496988,0.013210749,0.094584435,0.033543076,0.70668,0.01197676,0.051247858,0.011017524,0.09488375,0.01069478,null,null,null,null,"TWOGAUSSIANS",8,4.8249645,0.70668,0.01197676,0.286988,0.06169813,0.09488376,0.010694752,0.4239701,0.012718754,0.28278312,0.0739802,0.09458446,0.033543106
375316653866487564,5936102612236636288,0.63946867,2145.4181982721066,0.5793642611324749,8.538603E-6,17.881905,0.003300073,0.266495,0.0051961476,0.024651079,0.0046292213,0.10623593,0.012754175,0.7685663,8.2615524E-4,0.02534355,8.2771544E-4,1.2886956,0.04034074,0.023403365,0.0065073012,0.266495,0.0051961476,"TWOGAUSSIANS_WITH_ELLIPSOIDAL_ON_ECLIPSE1",9,7.1194754,0.7685663,8.2615524E-4,0.14192387,0.0046352064,1.3354944,0.04047433,0.266495,0.0051961476,0.13804604,0.02592364,0.15304266,0.012164709
375316653866487564,5936102994510802304,0.50435007,2163.661290403589,3.6658709080659926,2.6936945E-5,19.541063,0.025923055,0.26208022,0.005303234,0.10062049,0.011660391,0.35360435,0.025486551,0.76841927,0.011524157,0.089151226,0.0116672525,0.39556184,0.046537478,null,null,null,null,"TWOGAUSSIANS",8,3.3391633,0.76841927,0.011524157,0.4,0.0,0.3744163,0.056989197,0.26208022,0.005303234,0.4,0.0,0.33245572,0.01791334
375316653866487564,5936103196350790144,0.6460259,2153.1250487400284,2.0863730654144175,4.8930083E-6,14.4247465,0.0036244267,0.27066737,0.001589725,0.080262564,0.0019050625,0.45353493,0.008950841,0.7778276,0.0017143534,0.07665365,0.0032748764,0.2874657,0.012310741,null,null,null,null,"TWOGAUSSIANS",8,63.533844,0.27066737,0.001589725,0.4,0.0,0.44963118,0.009043271,0.7778276,0.0017143534,0.4,0.0,0.28356194,0.012894482
375316653866487564,5936103471230224768,0.56229514,2173.1976152302464,2.6875509401439093,7.601765E-6,18.38755,0.0036165656,0.28276289,0.0022144988,0.037114464,0.0057917344,0.0707807,0.020897096,0.77711004,0.0024001116,0.03777956,0.006023528,0.1459842,0.018146394,0.11495404,0.005684874,0.28276289,0.0022144988,"TWOGAUSSIANS_WITH_ELLIPSOIDAL_ON_ECLIPSE1",9,2.853985,0.77796006,0.001985246,0.21156552,0.033731755,0.37564555,0.019503105,0.28276289,0.0022144988,0.207841,0.032433715,0.3006883,0.019113412
375316653866487564,5936104295863976192,0.49231708,2151.954958693854,3.482689433411297,2.406914E-5,18.38248,0.011550015,0.22949913,0.007105717,0.08459601,0.009794799,0.20917314,0.01701938,0.74247843,0.005813031,0.08934291,0.013925674,0.16137266,0.011316122,null,null,null,null,"TWOGAUSSIANS",8,4.860414,0.22949913,0.007105717,0.4,0.0,0.20445114,0.016517231,0.74247843,0.005813031,0.4,0.0,0.15665062,0.0108286245
375316653866487564,5936104334587066880,0.46819517,2153.6463229974643,4.678019992768399,2.9490107E-5,19.786587,0.012152391,0.48363584,0.01303954,0.023235898,0.0066298177,1.0035719,1.3244996,0.75666654,0.010759151,0.03501,0.007367618,0.18994552,0.037227556,null,null,null,null,"TWOGAUSSIANS",8,4.6992793,0.48363584,0.01303954,0.13012104,0.037126977,1.0035719,1.3244996,0.75666654,0.010759151,0.196056,0.04125866,0.18994552,0.037227556
375316653866487564,5936104433329672064,0.53002244,2159.191033826832,3.5422019817771404,2.171631E-5,18.181702,0.013819902,0.231254,0.0029193975,0.09113669,0.005993492,0.3432567,0.017405517,0.7313792,0.0055315597,0.085895285,0.0061169937,0.29454127,0.018115671,null,null,null,null,"TWOGAUSSIANS",8,7.5258703,0.231254,0.0029193975,0.4,0.0,0.33147797,0.016978469,0.7313792,0.0055315597,0.4,0.0,0.2827627,0.014984763
375316653866487564,5936104540737671168,0.53459984,2165.926216779951,3.0643233437030064,2.5128831E-5,14.521311,0.0024950325,0.21972506,0.0044949753,0.01977152,0.007685892,0.013821382,0.0056485413,0.7353194,0.012966794,0.05454824,0.030015096,0.04511196,0.02521553,0.06495319,0.0031948644,0.21972506,0.0044949753,"TWOGAUSSIANS_WITH_ELLIPSOIDAL_ON_ECLIPSE1",9,121.05916,0.7353194,0.012966794,0.30547014,0.16808455,0.17377453,0.024592211,0.21972506,0.0044949753,0.110720515,0.043040995,0.14372712,0.0035619915
375316653866487564,5936105223577040256,0.6093804,2193.7059201083334,3.8819298632260106,4.5148836E-6,18.363432,0.007847434,0.19373916,0.0013502622,0.052971635,0.0024705639,0.5161668,0.028895983,0.70164865,0.0029370878,0.046298027,0.0035667638,0.31048593,0.021504618,0.13142073,0.00997717,0.19373916,0.0013502622,"TWOGAUSSIANS_WITH_ELLIPSOIDAL_ON_ECLIPSE1",9,3.3572714,0.19373916,0.0013502622,0.29664117,0.013835157,0.77899987,0.02669592,0.70164865,0.0029370878,0.25926894,0.019973876,0.57267034,0.01652227
375316653866487564,5936105571494305920,0.478448,2160.416707784222,3.624412693436825,3.1739353E-5,18.701733,0.017447278,0.291062,0.007846486,0.059872527,0.010131333,0.23882215,0.03357166,0.8285136,0.01260998,0.07215929,0.012288451,0.32604155,0.023026977,null,null,null,null,"TWOGAUSSIANS",8,11.875673,0.8285136,0.01260998,0.4,0.021278512,0.32589933,0.022880083,0.291062,0.007846486,0.33528614,0.056735463,0.23867993,0.033543717
375316653866487564,5936106464883751040,0.6052166,2185.9363905045325,1.3908947974963288,5.641971E-6,14.84144,0.017226331,0.16373752,0.0015723445,0.11717759,0.009218815,0.12675771,0.016264435,0.67326087,0.0033244756,0.13571422,0.018110253,0.09421062,0.016450314,null,null,null,null,"TWOGAUSSIANS",8,4.7687454,0.16358753,0.0015385448,0.4,0.0,0.09887287,0.001445392,0.6733309,0.0033123204,0.4,0.0,0.06613623,0.0024785704
375316653866487564,5936106945920140160,0.44120392,2179.1928050688875,2.686479057358563,3.278473E-5,17.871916,0.4490494,0.27914187,0.01379987,0.12590204,0.06273532,0.17688046,0.29918346,0.76674914,0.008304339,0.17208612,0.1619958,0.19825561,0.4432981,null,null,null,null,"TWOGAUSSIANS",8,7.960171,0.76674914,0.008304339,0.4,0.0,0.113446124,0.013288065,0.2810219,0.008960768,0.4,0.0,0.097880095,0.013406936
375316653866487564,5936107083359122176,0.4289782,2158.4551457421394,2.0519399691850597,8.9835616E-5,19.244364,0.009660965,0.3726093,0.015182628,0.029913168,0.0135751655,0.17662501,0.06292174,0.8345316,0.008032883,0.043497216,0.0069019645,0.2088629,0.031554595,null,null,null,null,"TWOGAUSSIANS",8,7.518074,0.8345316,0.008032883,0.24358441,0.038651,0.2088629,0.031554595,0.3726093,0.015182628,0.16751374,0.076020926,0.17662501,0.06292174
375316653866487564,5936107117683087488,0.5289886,2143.472930772964,2.8830717966031125,2.9800756E-5,19.530855,0.017534731,0.23610859,0.008025511,0.08822633,0.010309375,0.4156308,0.025109695,0.72889006,0.0069688386,0.08029079,0.006931133,0.35197887,0.022987489,null,null,null,null,"TWOGAUSSIANS",8,2.2548857,0.23610859,0.008025511,0.4,0.0,0.4073582,0.020927552,0.72889006,0.0069688386,0.4,0.0,0.3437064,0.019822767
375316653866487564,5936107392596285312,0.53905797,2159.3647226891476,0.22983738296267608,8.455164E-6,15.087718,8.322504E-4,0.28242043,0.003425972,0.010475357,0.0035382507,0.029121127,0.010195991,0.7995091,0.022673259,0.034324665,0.015792785,0.13415092,0.047687244,0.026533378,0.0010095035,0.28242043,0.003425972,"TWOGAUSSIANS_WITH_ELLIPSOIDAL_ON_ECLIPSE1",9,14.405654,0.7995091,0.02261615,0.19221812,0.08843959,0.18660821,0.0466599,0.28242043,0.003425972,0.058662,0.019814204,0.082187854,0.010382348
375316653866487564,5936107564357978240,0.4935268,2169.2263816089862,1.425255066501987,2.4021328E-5,17.572495,0.015062175,0.20045549,0.008757954,0.10206704,0.027387002,0.070804246,0.0120747555,0.68711144,0.007279375,0.10724294,0.019371035,0.08160081,0.01454422,null,null,null,null,"TWOGAUSSIANS",8,2.7675073,0.68711144,0.007279375,0.4,0.0,0.074080095,0.0057288012,0.20046549,0.008734911,0.4,0.0,0.06328611,0.0075552054
375316653866487564,5936107594393496832,0.5333976,2163.9865601711494,0.3984238086409946,1.0912793E-5,18.64867,0.0022793144,0.18307534,1.2686527E-4,0.008252287,1.7256963E-4,0.5646871,0.03064005,0.6453106,0.005812071,0.007566558,0.008177309,0.048795123,0.0076776934,null,null,null,null,"TWOGAUSSIANS",8,2.0734158,0.18307534,1.2686527E-4,0.046212807,9.6638995E-4,0.5646871,0.03064005,0.6453106,0.005812071,0.042372726,0.045792934,0.048795123,0.0076776934
375316653866487564,5936107633114461696,0.57685363,2150.2679360351863,0.7681568672704904,3.6577464E-6,16.705015,0.0021322956,0.25657356,6.507366E-4,0.032833546,9.3102065E-4,0.3189038,0.007509905,0.75888413,0.0026333765,0.025622938,0.0045578307,0.036438443,0.010249956,0.0065635927,0.0030316887,0.25657356,6.507366E-4,"TWOGAUSSIANS_WITH_ELLIPSOIDAL_ON_ECLIPSE1",9,5.657465,0.25657356,6.507366E-4,0.18386786,0.0052137156,0.33203098,0.008449699,0.75888413,0.0026333765,0.14348845,0.025523853,0.04956286,0.009268246
375316653866487564,5936108182870328192,0.4485684,2127.363466099951,3.232223693658631,7.138437E-5,17.560884,0.013621545,0.26963887,0.01675033,0.08444964,0.032538477,0.069562025,0.013280947,0.75508237,0.018757224,0.09924012,0.03481863,0.06981103,0.0139343375,null,null,null,null,"TWOGAUSSIANS",8,7.1644044,0.75508237,0.018757224,0.4,0.0,0.06706496,0.010461926,0.26963887,0.01677308,0.4,0.0,0.0668165,0.01088227
375316653866487564,5936108762620924928,0.4872216,2142.380859283886,0.15935744353023223,3.1852866E-5,17.350622,0.0018570959,0.48892483,0.036832288,0.04725348,0.031999316,0.36694348,1935284.6,null,null,null,null,null,null,null,null,null,null,"ONEGAUSSIAN",5,3.7758312,0.48892483,0.036832288,0.26461947,0.17919618,0.36694348,0.0,null,null,null,null,null,null
375316653866487564,5936108796982862848,0.53844815,2146.039080196827,3.586876357628869,8.170182E-6,19.34601,0.00980957,0.28246203,0.0020763166,0.074764885,0.0034368476,0.39365658,0.01645708,0.7801694,0.0043026465,0.08013745,0.0056436732,0.36024398,0.02230556,null,null,null,null,"TWOGAUSSIANS",8,1.5084903,0.28246203,0.0020763166,0.4,0.0,0.38974297,0.016407417,0.7801694,0.0043026465,0.4,0.0,0.35633036,0.022578694
375316653866487564,5936110240116208896,0.4993639,2193.844314724086,3.2724303597966133,1.8108327E-5,19.195982,0.012555869,0.26067567,0.010370139,0.06772243,0.014293359,0.24402033,0.03001776,0.7655308,0.0037441342,0.07711387,0.006528683,0.22329766,0.011604331,null,null,null,null,"TWOGAUSSIANS",8,2.281716,0.26067567,0.010370139,0.37924564,0.068652615,0.24295256,0.030760258,0.7655308,0.0037441342,0.4,0.0,0.22222988,0.010461301
375316653866487564,5936110656771990528,0.6098063,2189.82788691937,1.7717411835579584,1.0543373E-5,16.729366,0.008143858,0.2683013,0.0021248444,0.080616936,0.0044640685,0.3895447,0.01624569,0.77612114,0.0023669712,0.11204042,0.006299152,0.15230146,0.007748835,null,null,null,null,"TWOGAUSSIANS",8,5.393763,0.2683013,0.0021248444,0.4,0.0,0.37618983,0.018558372,0.77612114,0.0023669712,0.4,0.0,0.1389315,0.003915864
375316653866487564,5936110794175386880,0.45892712,2153.658062029422,0.44550057987742336,3.627438E-5,19.433657,0.01181707,0.43102267,0.009490588,0.015891237,0.0067370567,0.42221963,0.050917488,0.75676006,0.0073939464,0.030711714,0.008759956,0.11738682,0.03498925,null,null,null,null,"TWOGAUSSIANS",8,6.471646,0.43102267,0.009490588,0.08899093,0.037727516,0.42221963,0.050917488,0.75676006,0.0073939464,0.1719856,0.04905575,0.11738682,0.03498925
375316653866487564,5936111133445286400,0.61663383,2176.3076689693403,0.9209440032243985,7.949989E-6,18.309275,0.002560782,0.1387435,0.011864392,0.029379774,0.017396495,0.16828415,0.30677602,0.64204615,3.5780913E-4,0.030116128,5.491776E-4,1.3434204,0.029963212,null,null,null,null,"TWOGAUSSIANS",8,3.7772028,0.64204615,3.5780913E-4,0.16865031,0.0030753945,1.3434204,0.029963212,0.1387435,0.011864392,0.16452673,0.09742037,0.16828415,0.30677602
375316653866487564,5936111137808353920,0.6617764,2184.0843753910553,0.6018003028297236,4.81474E-6,17.606379,0.0031126572,0.250715,7.2565326E-4,0.027954414,0.0011345122,1.2531629,0.05808486,0.75188255,0.0021828648,0.031943273,0.0023128807,0.12712014,0.010464697,0.014205174,0.0056261905,0.250715,7.2565326E-4,"TWOGAUSSIANS_WITH_ELLIPSOIDAL_ON_ECLIPSE1",9,5.6274333,0.250715,7.2565326E-4,0.15654473,0.0063532684,1.2815732,0.06210131,0.75188255,0.0021828648,0.17888232,0.012952132,0.1555289,0.010006401
375316653866487564,5936111206527839232,0.46211419,2212.991142433091,2.4371707149423223,3.611802E-5,15.715126,0.16255283,0.268256,0.0052223806,0.15675263,0.02812399,0.6851967,0.24745451,0.77164394,0.0050101345,0.2579433,0.047193933,1.0203525,0.15765132,null,null,null,null,"TWOGAUSSIANS",8,70.2375,0.7725439,0.004919725,0.4,0.0,0.19525875,0.015982954,0.265326,0.0068214936,0.4,0.0,0.16243479,0.016149933
375316653866487564,5936111309571634176,0.47226617,2197.2066333695143,2.6804456344824747,2.363629E-5,18.87564,0.008360483,0.20419526,0.0076301615,0.010406683,0.017133141,0.15755467,0.090565436,0.7137373,0.013006836,0.017480483,0.02142746,0.08778277,0.03386296,0.070787504,0.012377428,0.20419526,0.0076301615,"TWOGAUSSIANS_WITH_ELLIPSOIDAL_ON_ECLIPSE1",9,6.344937,0.20419526,0.0076301615,0.058277424,0.09594559,0.29912934,0.08738316,0.7137373,0.01284722,0.097890705,0.11999377,0.22884916,0.038012173
375316653866487564,5936111687563721728,0.47348186,2163.0822176389643,0.03718716131340895,4.4027547E-5,18.443909,0.005906593,0.16473243,0.0109156305,0.052030075,0.013970917,0.11397774,0.049293324,0.5777736,0.012544509,0.085805334,0.011977997,0.25490355,0.022009125,null,null,null,null,"TWOGAUSSIANS",8,7.001373,0.5777736,0.012544509,0.4,0.0,0.25486144,0.022036046,0.16473243,0.01092008,0.29136842,0.07823713,0.113938004,0.049351446
