Gaia/vari_eclipsing_binary/VariEclipsingBinary_680039-680097.csv
# %ECSV 1.0
# ---
# delimiter: ','
# meta: !!omap
# - RELEASE: Gaia DR3
# - TABLE: vari_eclipsing_binary
# - DESCRIPTION: >
#     This table describes the properties of the eclipsing binaries resulting from the variability analysis. 
# - CITATION: >
#     How to cite and acknowledge Gaia: 
#     https://gea.esac.esa.int/archive/documentation/credits.html 
# - KNOWN_ISSUES: >
#     Known issues: 
#     https://www.cosmos.esa.int/web/gaia-users/known-issues 
# - DOCUMENTATION: >
#     Tutorials and documentation: 
#     https://www.cosmos.esa.int/web/gaia-users/archive 
# datatype:
# - 
#   name: solution_id
#   datatype: int64
#   description: Solution Identifier
#   meta:
#     ucd: meta.version
# - 
#   name: source_id
#   datatype: int64
#   description: Unique source identifier
#   meta:
#     ucd: meta.id;meta.main
# - 
#   name: global_ranking
#   datatype: float32
#   description: Number between 0 (worst) and 1 (best)
#   meta:
#     ucd: stat.param
# - 
#   name: reference_time
#   datatype: float64
#   unit: d
#   description: Reference time used for the geometric model fit
#   meta:
#     ucd: time.epoch
# - 
#   name: frequency
#   datatype: float64
#   unit: d**-1
#   description: Frequency of geometric model of the eclipsing binary light curve
#   meta:
#     ucd: src.orbital
# - 
#   name: frequency_error
#   datatype: float32
#   unit: d**-1
#   description: "Uncertainty of \\texttt{frequency}"
#   meta:
#     ucd: stat.error
# - 
#   name: geom_model_reference_level
#   datatype: float32
#   unit: mag
#   description: Magnitude reference level of geometric model
#   meta:
#     ucd: phot.mag;em.opt
# - 
#   name: geom_model_reference_level_error
#   datatype: float32
#   unit: mag
#   description: "Uncertainty of \\texttt{geomModelReferenceLevel}"
#   meta:
#     ucd: stat.error;phot.mag;em.opt
# - 
#   name: geom_model_gaussian1_phase
#   datatype: float32
#   description: Phase of the Gaussian 1 component
#   meta:
#     ucd: time.phase
# - 
#   name: geom_model_gaussian1_phase_error
#   datatype: float32
#   description: "Uncertainty of \\texttt{geomModelGaussian1Phase}"
#   meta:
#     ucd: stat.error;time.phase
# - 
#   name: geom_model_gaussian1_sigma
#   datatype: float32
#   description: "Standard deviation [phase] of Gaussian 1 component"
#   meta:
#     ucd: stat.stdev
# - 
#   name: geom_model_gaussian1_sigma_error
#   datatype: float32
#   description: "Uncertainty of \\texttt{geomModelGaussian1Sigma}"
#   meta:
#     ucd: stat.error
# - 
#   name: geom_model_gaussian1_depth
#   datatype: float32
#   unit: mag
#   description: Magnitude depth of Gaussian 1 component
#   meta:
#     ucd: src.var.amplitude
# - 
#   name: geom_model_gaussian1_depth_error
#   datatype: float32
#   unit: mag
#   description: "Uncertainty of \\texttt{geomModelGaussian1Depth}"
#   meta:
#     ucd: stat.error;src.var.amplitude
# - 
#   name: geom_model_gaussian2_phase
#   datatype: float32
#   description: Phase of Gaussian 2 component
#   meta:
#     ucd: time.phase
# - 
#   name: geom_model_gaussian2_phase_error
#   datatype: float32
#   description: "Uncertainty of \\texttt{geomModelGaussian2Phase}"
#   meta:
#     ucd: stat.error;time.phase
# - 
#   name: geom_model_gaussian2_sigma
#   datatype: float32
[...]
#   datatype: float32
#   description: "Secondary eclipse: uncertainty of \\texttt{derivedSecondaryEclDuration}"
#   meta:
#     ucd: stat.error;time.duration
# - 
#   name: derived_secondary_ecl_depth
#   datatype: float32
#   unit: mag
#   description: "Secondary eclipse: depth"
#   meta:
#     ucd: src.var.amplitude
# - 
#   name: derived_secondary_ecl_depth_error
#   datatype: float32
#   unit: mag
#   description: "Secondary eclipse: uncertainty of \\texttt{derivedSecondaryEclDepth}"
#   meta:
#     ucd: stat.error;src.var.amplitude
solution_id,source_id,global_ranking,reference_time,frequency,frequency_error,geom_model_reference_level,geom_model_reference_level_error,geom_model_gaussian1_phase,geom_model_gaussian1_phase_error,geom_model_gaussian1_sigma,geom_model_gaussian1_sigma_error,geom_model_gaussian1_depth,geom_model_gaussian1_depth_error,geom_model_gaussian2_phase,geom_model_gaussian2_phase_error,geom_model_gaussian2_sigma,geom_model_gaussian2_sigma_error,geom_model_gaussian2_depth,geom_model_gaussian2_depth_error,geom_model_cosine_half_period_amplitude,geom_model_cosine_half_period_amplitude_error,geom_model_cosine_half_period_phase,geom_model_cosine_half_period_phase_error,model_type,num_model_parameters,reduced_chi2,derived_primary_ecl_phase,derived_primary_ecl_phase_error,derived_primary_ecl_duration,derived_primary_ecl_duration_error,derived_primary_ecl_depth,derived_primary_ecl_depth_error,derived_secondary_ecl_phase,derived_secondary_ecl_phase_error,derived_secondary_ecl_duration,derived_secondary_ecl_duration_error,derived_secondary_ecl_depth,derived_secondary_ecl_depth_error
[from data line 182]
375316653866487564,5981805256150387968,0.56867254,2089.161315590408,2.4819095172655357,7.5543867E-6,19.27223,0.008329855,0.21840349,0.003989475,0.06220375,0.0028742456,0.5807855,0.024530735,0.7179798,0.0023285593,0.06428488,0.0036832923,0.62991434,0.053092644,null,null,null,null,"TWOGAUSSIANS",8,2.5581505,0.7179798,0.0023285593,0.35999534,0.020626437,0.6294311,0.053280093,0.21840349,0.003989475,0.348341,0.016095776,0.5803023,0.024535337
375316653866487564,5981806291237146496,0.5455965,2127.4468034723313,1.119782570737156,1.6092155E-5,18.79815,0.0054242318,0.32164997,0.0024097608,0.053962827,0.00255118,0.5639961,0.030011952,0.8183299,0.005931445,0.063571565,0.005873166,0.20381711,0.024645802,null,null,null,null,"TWOGAUSSIANS",8,2.6592538,0.32164997,0.0024097608,0.30219182,0.014286608,0.5639292,0.030037561,0.8183299,0.005931445,0.35600075,0.03288973,0.20375022,0.024669567
375316653866487564,5981807115871274368,0.47345847,2109.8514301293817,3.3920214552646573,2.7415997E-5,19.77369,0.06294085,0.32114428,0.02217764,0.11063708,0.040408056,0.2626514,0.06332813,0.7639448,0.008751727,0.099257454,0.021061685,0.33345497,0.056855924,null,null,null,null,"TWOGAUSSIANS",8,3.2490902,0.7639448,0.008751727,0.4,0.0,0.31626716,0.03702167,0.32117426,0.022211988,0.4,0.0,0.24539144,0.047226477
375316653866487564,5981808108009682944,0.49744856,2120.938389236592,1.385209712601767,3.6362086E-5,19.399187,0.009534088,0.2810651,0.015712341,0.05293816,0.016719008,0.7504991,0.35890782,0.77969414,0.003438255,0.0587641,0.0047659227,0.22042294,0.01278337,null,null,null,null,"TWOGAUSSIANS",8,1.453292,0.2810651,0.015712341,0.29645368,0.09362644,0.7504663,0.35910818,0.77969414,0.003438255,0.32907897,0.026689168,0.22039011,0.012701686
375316653866487564,5981809658508919808,0.63959366,2136.1083131563128,1.0999401073901658,6.620943E-6,16.285921,0.008880809,0.24579339,0.0033119193,0.041512623,0.0045796037,0.77043265,0.045531325,0.7461727,0.0042938567,0.042442925,0.0043081376,0.22337443,0.023203082,0.07328878,0.011193184,0.24579339,0.0033119193,"TWOGAUSSIANS_WITH_ELLIPSOIDAL_ON_ECLIPSE1",9,18.629374,0.24579339,0.0033119193,0.23247069,0.025645781,0.91701,0.04907976,0.7461727,0.004142831,0.23768039,0.02412557,0.36995092,0.013139752
375316653866487564,5981809830290079232,0.584352,2118.41774999199,3.4308576582481773,1.1331258E-5,19.628157,0.017631134,0.25273475,0.0032587205,0.04735935,0.004328986,0.38901153,0.04520843,0.75175416,0.0027969142,0.044244945,0.0039811605,0.63107556,0.036252048,0.12323665,0.021353358,0.25273475,0.0032587205,"TWOGAUSSIANS_WITH_ELLIPSOIDAL_ON_ECLIPSE1",9,2.7003899,0.7518142,0.0026155638,0.2477717,0.022294497,0.8775391,0.027239231,0.25273475,0.0032587205,0.26521236,0.024242321,0.63548386,0.019989576
375316653866487564,5981809967746616832,0.50255877,2147.5348894272047,1.1103380887474636,1.651535E-5,14.693157,0.061328255,0.26959798,0.0033054915,0.16705261,0.01629723,0.3164439,0.04554665,0.77030396,0.0033868311,0.21958862,0.032701496,0.3468841,0.060879596,null,null,null,null,"TWOGAUSSIANS",8,23.332117,0.26912796,0.003595966,0.4,0.0,0.08328796,0.004609354,0.770584,0.0035754482,0.4,0.0,0.0690017,0.003929663
375316653866487564,5981810723645688320,0.47212082,2615.1689873348473,0.0016662273756647456,4.938585E-5,19.86099,0.0065261833,0.55083704,0.030940598,0.07170174,0.02739574,0.05399081,0.031735208,0.8361997,0.009210024,0.019630464,0.0073933797,0.5423672,0.29532576,null,null,null,null,"TWOGAUSSIANS",8,1.99006,0.8361997,0.009210024,0.10993059,0.041402925,0.54238683,0.2953341,0.55083704,0.030940598,0.4,0.13602439,0.05399081,0.031735208
375316653866487564,5981810758020629888,0.48459965,2135.8808794162987,0.3085543655609166,4.400438E-5,18.729294,0.0042307936,0.23217642,0.009909837,0.026670886,0.008251396,0.13763453,0.016551962,0.7382624,0.023756525,0.02039927,0.015691426,0.15829194,0.048589963,null,null,null,null,"TWOGAUSSIANS",8,2.6900427,0.7382624,0.023756525,0.114235915,0.08787198,0.15829194,0.048589963,0.23217642,0.009909837,0.14935696,0.04620782,0.13763453,0.016551962
375316653866487564,5981810891144040448,0.52713436,2128.9888444778508,2.4764123027464477,1.6506534E-5,19.119007,0.016423928,0.21442652,0.0048525385,0.08038209,0.0066810516,0.3551462,0.020916378,0.7118087,0.0027598208,0.07665754,0.0044131014,0.41506314,0.01849561,null,null,null,null,"TWOGAUSSIANS",8,4.2133803,0.7118087,0.0027598208,0.4,0.0,0.4104951,0.017238786,0.21442652,0.0048525385,0.4,0.0,0.35057816,0.020265235
375316653866487564,5981810929819348352,0.5779846,2133.052269569857,0.7284436219055177,6.50761E-5,18.190155,0.0033058655,0.36951944,0.043063827,0.1125648,0.038847476,0.015575705,0.0063489014,0.65859723,0.0020120381,0.02947882,0.0015064062,0.40603825,0.009469534,null,null,null,null,"TWOGAUSSIANS",8,2.8297775,0.65859723,0.0020120381,0.16508138,0.008435875,0.40661252,0.009544329,0.36951944,0.043063827,0.4,0.0,0.015574086,0.0063500125
375316653866487564,5981812025015060864,0.4578066,2152.83910125948,3.2990276608308196,4.5826866E-5,17.831114,0.020221597,0.21980473,0.008106383,0.087333485,0.019940618,0.09843713,0.020638874,0.7422278,0.018026879,0.07732114,0.046919793,0.09800456,0.01422618,null,null,null,null,"TWOGAUSSIANS",8,6.843462,0.21980473,0.008103357,0.4,0.0,0.097159445,0.014994026,0.7422278,0.018031154,0.4,0.026872367,0.0967269,0.014360241
375316653866487564,5981812166752666624,0.4629549,2115.287171985665,1.1936510443469417,1.8519415E-5,18.79797,0.008940457,0.2652226,0.015534365,0.035233226,0.011139,0.0807188,0.020438282,0.7550675,0.0013909973,0.031119509,0.0021959657,0.3172438,0.025775986,null,null,null,null,"TWOGAUSSIANS",8,9.603879,0.7550675,0.0013909973,0.17426924,0.012297408,0.3172438,0.025775986,0.2652226,0.015534365,0.19730607,0.062378395,0.0807188,0.020438282
375316653866487564,5981812304191481600,0.4511223,2108.2496553344354,2.529421291492411,2.7838605E-5,19.107689,0.037618402,0.23888603,0.018434389,0.09170167,0.025109287,0.46077788,0.046690147,0.7189844,0.006622761,0.080136605,0.009139958,0.4028617,0.039312597,null,null,null,null,"TWOGAUSSIANS",8,14.772318,0.23888603,0.018434389,0.4,0.005733155,0.4518928,0.04325881,0.7189844,0.006622761,0.4,0.0,0.3939772,0.030539418
375316653866487564,5981812368612251776,0.5208448,2113.246507194638,0.6519971129925042,9.724952E-6,16.674555,0.002137449,0.21641327,0.018103534,0.027295599,0.011719236,0.06601404,0.0052982876,0.7047249,0.004669155,0.025088899,0.003646148,0.12885761,0.008546392,null,null,null,null,"TWOGAUSSIANS",8,6.7658057,0.7047249,0.004669155,0.14049783,0.020418428,0.12885761,0.008546392,0.21641327,0.018103534,0.15285535,0.065627724,0.06601404,0.0052982876
375316653866487564,5981813541162497408,0.6188486,2130.221778287134,0.6788134634734667,1.5712876E-6,17.031866,0.0019222359,0.23193587,0.028614564,0.03182234,0.02442177,0.012832477,0.0055627204,0.43195525,0.0013488458,0.033481512,9.58302E-4,0.34014308,0.00804151,null,null,null,null,"TWOGAUSSIANS",8,3.2491276,0.43195525,0.0013488458,0.18749645,0.005366491,0.34014308,0.00804151,0.23193587,0.028614564,0.1782051,0.13676192,0.012832483,0.0055627576
375316653866487564,5981813846081543808,0.47937244,2117.8901257667867,0.3385053240256628,3.6814523E-5,19.679052,0.0047802464,0.37054422,0.05093061,0.05005052,0.034560837,0.53810513,3.4115193,0.70709103,9.976282E-4,0.007998641,0.0014637121,0.10243253,0.0905281,null,null,null,null,"TWOGAUSSIANS",8,1.4298285,0.37054422,0.05093061,0.2802829,0.19354069,0.53810513,3.4115193,0.70709103,9.976282E-4,0.044792388,0.008196787,0.10243253,0.0905281
375316653866487564,5981814434512755072,0.64466095,2165.1977282430407,0.4366588719692322,5.775634E-6,13.869489,0.0024441858,0.23211774,8.136966E-4,0.03515652,0.0036076005,0.13128078,0.009074928,0.7319378,0.0013559328,0.036017857,0.0013353123,0.1618243,0.00749657,0.046850007,0.0030988571,0.23211774,8.136966E-4,"TWOGAUSSIANS_WITH_ELLIPSOIDAL_ON_ECLIPSE1",9,28.948439,0.73194784,0.0012888344,0.2017,0.0074777487,0.25552413,0.0051209717,0.23211774,8.136966E-4,0.1968765,0.020202562,0.22498073,0.012503363
375316653866487564,5981815156067346432,0.5236673,2157.1853610836597,2.2371764354100807,1.8072344E-5,16.312069,0.0028662556,0.2499911,0.0026075437,0.07357266,0.0037057605,0.13915358,0.004760341,0.7485315,0.0039230436,0.070577,0.0035209162,0.15568724,0.008383731,null,null,null,null,"TWOGAUSSIANS",8,11.253321,0.7485315,0.0039230436,0.39523122,0.015309954,0.15499483,0.008384612,0.2499911,0.0026075437,0.4,0.0,0.13846117,0.004795448
375316653866487564,5981815430928561408,0.4547176,2120.111744359101,1.2989888943029317,4.3917116E-5,19.416357,0.00438626,0.21692073,0.009694522,0.04257807,0.011184049,0.10218813,0.026705854,0.72031367,0.006045511,0.05354959,0.008466147,0.16895483,0.034069747,null,null,null,null,"TWOGAUSSIANS",8,1.6252084,0.72031367,0.006045511,0.2998777,0.04741042,0.16895454,0.034070026,0.21692073,0.009694522,0.23843719,0.062630676,0.102187835,0.026706733
375316653866487564,5981816251262958976,0.6074014,2161.888192959705,2.302329694880167,3.8800094E-6,18.736317,0.0077959136,0.21598627,0.001076815,0.03676187,0.0020950378,0.6412953,0.019996345,0.7245576,0.00623253,0.026284488,0.0058383374,0.19998935,0.045884162,0.06308342,0.01084595,0.21598627,0.001076815,"TWOGAUSSIANS_WITH_ELLIPSOIDAL_ON_ECLIPSE1",9,3.2404683,0.21598627,0.001076815,0.20586647,0.011732212,0.76746213,0.02140928,0.7245576,0.00623253,0.14719313,0.03269469,0.3257906,0.044499535
375316653866487564,5981816530459758080,0.59338593,2146.2591935737746,2.7765590005320093,4.825503E-6,18.133884,0.0074660704,0.1933825,0.0014095119,0.042312834,0.0042990707,0.24995686,0.017457603,0.68772215,0.001881973,0.0563272,0.0030709747,0.21898475,0.017822193,0.10354489,0.011226948,0.1933825,0.0014095119,"TWOGAUSSIANS_WITH_ELLIPSOIDAL_ON_ECLIPSE1",9,3.5286155,0.1933825,0.0014095119,0.23695189,0.024074797,0.45703745,0.015323684,0.6888021,0.0014346173,0.31543234,0.017197458,0.4258536,0.0070520123
375316653866487564,5981816594870785152,0.60870284,2140.360820687698,3.035310230643743,5.023896E-6,18.659128,0.0052180625,0.31641644,0.0015004805,0.049773045,0.002328897,0.5545461,0.051729083,0.8060897,7.5294235E-4,0.040183414,0.0016989968,0.46014825,0.020401757,0.11635143,0.009019208,0.31641644,0.0015004805,"TWOGAUSSIANS_WITH_ELLIPSOIDAL_ON_ECLIPSE1",9,2.5032365,0.31641644,0.0015004805,0.27872905,0.013041823,0.78724694,0.052459788,0.8067097,6.7082915E-4,0.22502711,0.009514381,0.6919298,0.023909573
375316653866487564,5981817389450421760,0.527697,2164.767930962739,0.6199412689079642,1.4730479E-5,16.693342,0.0014369563,0.122872934,0.0012044769,0.014660337,0.0033579348,0.14067355,0.013058293,0.6499884,0.01179494,0.009517825,0.006526526,0.1675003,0.06754948,null,null,null,null,"TWOGAUSSIANS",8,6.2754664,0.6499884,0.01179494,0.053299822,0.036548547,0.1675003,0.06754948,0.122872934,0.0012044769,0.08209789,0.018804435,0.14067355,0.013058293
375316653866487564,5981818106688911872,0.45780316,2120.3324167010437,0.3697037230091366,3.144578E-5,18.51502,0.0029392897,0.26997814,0.010025313,0.019251242,0.0077793705,0.058339894,0.04213948,0.765781,5.104726E-6,0.007753246,9.661208E-5,0.44488755,0.0032238576,null,null,null,null,"TWOGAUSSIANS",8,2.5618055,0.765781,5.104726E-6,0.043418176,5.4102764E-4,0.44488755,0.0032238576,0.26997814,0.010025313,0.10780696,0.043564476,0.058339894,0.04213948
375316653866487564,5981818660760610944,0.47118968,2130.7111172130467,0.6009529172637614,1.7447215E-5,17.119902,0.003847067,0.3351847,0.01792327,0.022742415,0.014169333,0.2873892,0.24011473,0.8384484,0.0018897146,0.022912133,0.0024152622,0.13816248,0.0119718565,null,null,null,null,"TWOGAUSSIANS",8,14.317631,0.3351847,0.01792327,0.12735753,0.079348266,0.2873892,0.24011473,0.8384484,0.0018897146,0.12830795,0.013525467,0.13816248,0.0119718565
375316653866487564,5981819210519340416,0.43926927,2158.9732149961337,4.038399502786262,4.9661394E-5,15.990589,0.05682847,0.38012934,0.02116419,0.17268568,0.07562792,0.090558015,0.055681787,0.8172424,0.0074189007,0.05989641,0.008547416,0.23410356,0.0428777,null,null,null,null,"TWOGAUSSIANS",8,14.680074,0.8172424,0.0074189007,0.3354199,0.04786553,0.22784244,0.039933052,0.38012934,0.02116419,0.4,0.0,0.0801726,0.016438743
375316653866487564,5981819481077193728,0.44552448,2090.288281401702,1.807030846700852,4.2371954E-5,19.425068,0.042369705,0.20795146,0.011468042,0.040629484,0.013144525,0.13146654,0.051832065,0.69629896,0.008458104,0.04459583,0.06434774,0.33433846,0.13053049,null,null,null,null,"TWOGAUSSIANS",8,9.889342,0.69629896,0.008458104,0.24973665,0.15998839,0.33433846,0.13266659,0.20795146,0.011468042,0.22752512,0.07360934,0.13146654,0.050101668
375316653866487564,5981820206948941952,0.63199973,2119.0133782127064,0.38799090853479656,1.413721E-5,15.215435,6.5802137E-4,0.4285335,0.0033894985,0.014701666,0.0048439773,0.19720812,10.449923,0.72324616,0.003476828,0.0069733947,0.0032332507,0.9384982,15.639172,0.0010611212,0.001094809,0.72324616,0.003476828,"TWOGAUSSIANS_WITH_ELLIPSOIDAL_ON_ECLIPSE2",9,7.5351496,0.72324616,0.003476828,0.03905101,0.018106204,0.9406204,15.639203,0.4285235,0.0033947807,0.08232933,0.027126273,0.19737129,10.449907
375316653866487564,5981820516186517248,0.49369928,2096.376879242728,0.09650982834738163,2.5118747E-5,13.210035,9.356568E-4,0.80935705,0.0037144243,0.013480708,0.0042824326,0.073552884,0.022529913,0.6940646,0.008547816,0.039385848,0.008490362,0.026256246,0.00515451,0.001115976,0.0014272461,0.80935705,0.0037144243,"TWOGAUSSIANS_WITH_ELLIPSOIDAL_ON_ECLIPSE1",9,15.601342,0.8092871,0.0036933224,0.075491965,0.023981621,0.07614758,0.023576455,0.6948846,0.008326646,0.22056076,0.04754603,0.027513731,0.005080568
375316653866487564,5981820821112809472,0.4707184,2140.9129084042397,0.4126573778036651,8.307724E-6,19.852509,0.007297987,0.06332836,0.019203786,0.057576798,0.021470884,0.05783311,0.009871946,0.79133826,0.0031292187,0.04252249,0.0029565617,0.45911264,0.09564137,null,null,null,null,"TWOGAUSSIANS",8,1.8356601,0.79133826,0.0031273148,0.23812594,0.016556745,0.45911345,0.09563995,0.06332836,0.019203786,0.32243007,0.12023695,0.05783311,0.009871946
375316653866487564,5981821340820321920,0.45661044,2164.916359443697,2.723955506200554,3.785539E-5,16.955303,0.010243866,0.26469845,0.008085441,0.0667288,0.0480249,0.024397766,0.026098737,0.71808195,0.017808594,0.03723097,0.01713294,0.08371815,0.06011651,0.04271335,0.013747746,0.26469845,0.008085441,"TWOGAUSSIANS_WITH_ELLIPSOIDAL_ON_ECLIPSE1",9,38.86371,0.72260195,0.014264584,0.20849343,0.095944464,0.16266954,0.060360886,0.26469845,0.008085441,0.37368128,0.23573811,0.10980225,0.015794003
375316653866487564,5981823127526784896,0.5557023,2108.2603589126197,0.3026783151908233,8.286643E-6,13.602746,0.0020133064,0.11910392,0.03501635,0.14320607,0.042698942,0.014456772,0.008961976,0.358409,0.0016475035,0.021206643,0.0011192188,0.23110877,0.011175178,null,null,null,null,"TWOGAUSSIANS",8,44.08157,0.358409,0.0016475035,0.1187572,0.006267625,0.23462215,0.0108769275,0.11910392,0.03501635,0.4,0.0,0.014391606,0.00899584
375316653866487564,5981823917800781824,0.64262515,2126.3259896858185,0.20479161231979057,7.235384E-5,11.964877,3.5986383E-4,0.17410362,0.0032683313,0.012771418,0.0020152263,0.043902453,0.0044712173,0.6830118,3.914946E-6,0.010322969,8.394171E-5,0.30611005,0.0030670268,null,null,null,null,"TWOGAUSSIANS",8,14.808614,0.6830118,3.914946E-6,0.057808626,4.700736E-4,0.30611005,0.0030670268,0.17410362,0.0032683313,0.07151994,0.011285267,0.043902453,0.0044712173
375316653866487564,5981824020880023808,0.5252584,2100.0485848148874,2.121425415881829,2.1147154E-5,16.857288,0.02645838,0.2757543,0.004615822,0.11471231,0.019041583,0.18367934,0.02154544,0.7842818,0.0044083446,0.11072893,0.014242152,0.18433347,0.02520387,null,null,null,null,"TWOGAUSSIANS",8,8.329303,0.7843018,0.0044272435,0.4,0.0,0.15546349,0.004847078,0.27574432,0.0046064723,0.4,0.0,0.15479504,0.01297073
