Gaia/vari_eclipsing_binary/VariEclipsingBinary_680826-680865.csv
# %ECSV 1.0
# ---
# delimiter: ','
# meta: !!omap
# - RELEASE: Gaia DR3
# - TABLE: vari_eclipsing_binary
# - DESCRIPTION: >
#     This table describes the properties of the eclipsing binaries resulting from the variability analysis. 
# - CITATION: >
#     How to cite and acknowledge Gaia: 
#     https://gea.esac.esa.int/archive/documentation/credits.html 
# - KNOWN_ISSUES: >
#     Known issues: 
#     https://www.cosmos.esa.int/web/gaia-users/known-issues 
# - DOCUMENTATION: >
#     Tutorials and documentation: 
#     https://www.cosmos.esa.int/web/gaia-users/archive 
# datatype:
# - 
#   name: solution_id
#   datatype: int64
#   description: Solution Identifier
#   meta:
#     ucd: meta.version
# - 
#   name: source_id
#   datatype: int64
#   description: Unique source identifier
#   meta:
#     ucd: meta.id;meta.main
# - 
#   name: global_ranking
#   datatype: float32
#   description: Number between 0 (worst) and 1 (best)
#   meta:
#     ucd: stat.param
# - 
#   name: reference_time
#   datatype: float64
#   unit: d
#   description: Reference time used for the geometric model fit
#   meta:
#     ucd: time.epoch
# - 
#   name: frequency
#   datatype: float64
#   unit: d**-1
#   description: Frequency of geometric model of the eclipsing binary light curve
#   meta:
#     ucd: src.orbital
# - 
#   name: frequency_error
#   datatype: float32
#   unit: d**-1
#   description: "Uncertainty of \\texttt{frequency}"
#   meta:
#     ucd: stat.error
# - 
#   name: geom_model_reference_level
#   datatype: float32
#   unit: mag
#   description: Magnitude reference level of geometric model
#   meta:
#     ucd: phot.mag;em.opt
# - 
#   name: geom_model_reference_level_error
#   datatype: float32
#   unit: mag
#   description: "Uncertainty of \\texttt{geomModelReferenceLevel}"
#   meta:
#     ucd: stat.error;phot.mag;em.opt
# - 
#   name: geom_model_gaussian1_phase
#   datatype: float32
#   description: Phase of the Gaussian 1 component
#   meta:
#     ucd: time.phase
# - 
#   name: geom_model_gaussian1_phase_error
#   datatype: float32
#   description: "Uncertainty of \\texttt{geomModelGaussian1Phase}"
#   meta:
#     ucd: stat.error;time.phase
# - 
#   name: geom_model_gaussian1_sigma
#   datatype: float32
#   description: "Standard deviation [phase] of Gaussian 1 component"
#   meta:
#     ucd: stat.stdev
# - 
#   name: geom_model_gaussian1_sigma_error
#   datatype: float32
#   description: "Uncertainty of \\texttt{geomModelGaussian1Sigma}"
#   meta:
#     ucd: stat.error
# - 
#   name: geom_model_gaussian1_depth
#   datatype: float32
#   unit: mag
#   description: Magnitude depth of Gaussian 1 component
#   meta:
#     ucd: src.var.amplitude
# - 
#   name: geom_model_gaussian1_depth_error
#   datatype: float32
#   unit: mag
#   description: "Uncertainty of \\texttt{geomModelGaussian1Depth}"
#   meta:
#     ucd: stat.error;src.var.amplitude
# - 
#   name: geom_model_gaussian2_phase
#   datatype: float32
#   description: Phase of Gaussian 2 component
#   meta:
#     ucd: time.phase
# - 
#   name: geom_model_gaussian2_phase_error
#   datatype: float32
#   description: "Uncertainty of \\texttt{geomModelGaussian2Phase}"
#   meta:
#     ucd: stat.error;time.phase
# - 
#   name: geom_model_gaussian2_sigma
#   datatype: float32
[...]
#   datatype: float32
#   description: "Secondary eclipse: uncertainty of \\texttt{derivedSecondaryEclDuration}"
#   meta:
#     ucd: stat.error;time.duration
# - 
#   name: derived_secondary_ecl_depth
#   datatype: float32
#   unit: mag
#   description: "Secondary eclipse: depth"
#   meta:
#     ucd: src.var.amplitude
# - 
#   name: derived_secondary_ecl_depth_error
#   datatype: float32
#   unit: mag
#   description: "Secondary eclipse: uncertainty of \\texttt{derivedSecondaryEclDepth}"
#   meta:
#     ucd: stat.error;src.var.amplitude
solution_id,source_id,global_ranking,reference_time,frequency,frequency_error,geom_model_reference_level,geom_model_reference_level_error,geom_model_gaussian1_phase,geom_model_gaussian1_phase_error,geom_model_gaussian1_sigma,geom_model_gaussian1_sigma_error,geom_model_gaussian1_depth,geom_model_gaussian1_depth_error,geom_model_gaussian2_phase,geom_model_gaussian2_phase_error,geom_model_gaussian2_sigma,geom_model_gaussian2_sigma_error,geom_model_gaussian2_depth,geom_model_gaussian2_depth_error,geom_model_cosine_half_period_amplitude,geom_model_cosine_half_period_amplitude_error,geom_model_cosine_half_period_phase,geom_model_cosine_half_period_phase_error,model_type,num_model_parameters,reduced_chi2,derived_primary_ecl_phase,derived_primary_ecl_phase_error,derived_primary_ecl_duration,derived_primary_ecl_duration_error,derived_primary_ecl_depth,derived_primary_ecl_depth_error,derived_secondary_ecl_phase,derived_secondary_ecl_phase_error,derived_secondary_ecl_duration,derived_secondary_ecl_duration_error,derived_secondary_ecl_depth,derived_secondary_ecl_depth_error
[from data line 73]
375316653866487564,5988646383136885248,0.59110606,2087.2237632558354,3.555450741575113,6.054192E-6,18.272718,0.014497381,0.29371122,0.0021572784,0.0414648,0.003866407,0.45105353,0.047123138,0.8008452,0.0017898087,0.049611155,0.002674211,0.5433781,0.044467766,0.14036235,0.024632141,0.29371122,0.0021572784,"TWOGAUSSIANS_WITH_ELLIPSOIDAL_ON_ECLIPSE1",9,10.354453,0.8008452,0.0017898087,0.27782246,0.014975582,0.82353806,0.030429639,0.29371122,0.0021572784,0.23220286,0.021651879,0.73177713,0.044263158
375316653866487564,5988646456189945600,0.46189013,2104.2020403814217,1.9196841294134408,3.6914793E-5,18.242598,0.23361759,0.2091486,0.004827686,0.17502967,0.07163699,0.27077878,0.223483,0.7086274,0.0064841937,0.16594164,0.06536571,0.2677271,0.21649376,null,null,null,null,"TWOGAUSSIANS",8,2.8857203,0.7086274,0.0066196276,0.4,0.0,0.09356861,0.008216556,0.2092686,0.0048926375,0.4,0.0,0.09318472,0.009467339
375316653866487564,5988646834145839232,0.50474507,2089.5991950728803,1.9835529409449315,3.4857218E-5,17.909887,0.011382478,0.2636099,0.007943739,0.10166912,0.012789698,0.14549556,0.015255504,0.7661519,0.006102309,0.091008335,0.010184166,0.15900229,0.010848781,null,null,null,null,"TWOGAUSSIANS",8,3.7932394,0.7661519,0.006102309,0.4,0.0,0.14891462,0.007524609,0.2636099,0.007943739,0.4,0.0,0.13540635,0.013749637
375316653866487564,5988647761849314688,0.44204044,2144.9547086266234,0.03966909137543755,5.259064E-5,19.67467,0.028183432,0.35207078,0.015550737,0.094010055,0.020490054,0.42794257,0.055502944,0.73995674,0.05454929,0.039759014,0.044332776,0.115873314,0.36761615,null,null,null,null,"TWOGAUSSIANS",8,4.8851275,0.35207078,0.015550737,0.4,0.0,0.42792743,0.05554667,0.73995674,0.05454929,0.22265048,0.24826355,0.11594422,0.3675075
375316653866487564,5988647968007789184,0.45005214,2094.940038112814,1.043884097888316,2.4436673E-5,18.526447,0.0051989662,0.25661477,0.002756156,0.054076977,0.0030836673,0.3165881,0.014718002,0.750065,0.013468939,0.05642546,0.009559814,0.11721541,0.026513904,null,null,null,null,"TWOGAUSSIANS",8,2.9234068,0.25661477,0.002756156,0.30283108,0.017268537,0.31657773,0.014718792,0.750065,0.013468939,0.31598258,0.053534955,0.11720505,0.026525147
375316653866487564,5988648998809401728,0.5713692,2116.5053415015236,2.5999007118853914,9.506707E-6,15.299973,0.0074938433,0.25398824,0.0017327033,0.04982787,0.0074437074,0.11040183,0.021539208,0.74470544,0.007814826,0.044815037,0.017368268,0.108644865,0.04224421,0.11601449,0.009218895,0.25398824,0.0017327033,"TWOGAUSSIANS_WITH_ELLIPSOIDAL_ON_ECLIPSE1",9,81.73355,0.25398824,0.0017327033,0.27903607,0.04168476,0.3424304,0.017155472,0.7470554,0.005980699,0.2509642,0.09726231,0.3400842,0.048472986
375316653866487564,5988649617275932416,0.49836177,2105.235813089636,2.679599920226633,4.7444864E-6,18.01085,0.019396795,0.3080189,0.013690462,0.11906224,0.02026762,0.20282108,0.025560342,0.7504125,0.002620724,0.03698161,0.0035235991,0.7733942,0.084388435,null,null,null,null,"TWOGAUSSIANS",8,23.453922,0.7504125,0.002620724,0.20709701,0.019732155,0.77282256,0.08474458,0.3080189,0.013690462,0.4,0.0,0.2020421,0.025693819
375316653866487564,5988649892153589632,0.5657023,2115.246430953487,1.0165172031371386,7.923927E-6,18.625511,0.007792914,0.22738452,0.0015059912,0.05903536,0.0016727379,0.5271981,0.009109252,0.71342707,0.009453899,0.08408996,0.010629224,0.10993738,0.010458989,null,null,null,null,"TWOGAUSSIANS",8,2.6213126,0.22738452,0.0015059912,0.33059803,0.009367332,0.52656657,0.008691344,0.71342707,0.009453899,0.4,0.0,0.10930581,0.0102278935
375316653866487564,5988651300911931136,0.5965498,2120.813010204593,2.462870030371833,5.816641E-6,16.59481,0.0033215538,0.23846439,0.004418462,0.072646596,0.005393306,0.22541532,0.011564337,0.7459172,0.0022905797,0.07242521,0.0025596467,0.18844293,0.0035828233,null,null,null,null,"TWOGAUSSIANS",8,6.879611,0.23846439,0.004418462,0.4,1.4448461E-4,0.2245073,0.011747532,0.7459172,0.0022905797,0.4,0.0,0.1875349,0.0033726613
375316653866487564,5988651747579273472,0.50785506,2101.862778894235,3.9809625747415374,2.7419865E-5,19.417072,0.02863724,0.27236128,0.009206746,0.08470868,0.017776934,0.30180827,0.031804584,0.78087443,0.0084616,0.08239628,0.013165939,0.28695166,0.03183355,null,null,null,null,"TWOGAUSSIANS",8,2.5994935,0.27236128,0.009206746,0.4,0.0,0.29606637,0.031760443,0.78087443,0.0084616,0.4,0.0,0.2812098,0.030588415
375316653866487564,5988652606582050048,0.5429001,2101.8971619999024,3.089941850473843,1.908466E-5,17.011728,0.011237544,0.3029208,0.0032782657,0.08543702,0.0037637302,0.37711,0.016959287,0.8087295,0.0040646987,0.08879169,0.0070366277,0.29415742,0.024897039,null,null,null,null,"TWOGAUSSIANS",8,26.91782,0.3029208,0.0032782657,0.4,0.0,0.36729944,0.0155461775,0.8087295,0.0040646987,0.4,0.0,0.28434682,0.026310058
375316653866487564,5988653121970251008,0.522832,2089.9090702436656,3.056421876789889,2.4017321E-5,18.736187,0.015510801,0.3011091,0.0075512067,0.086072996,0.01230093,0.24341905,0.01682489,0.8055866,0.0053130453,0.09111517,0.010733179,0.22728603,0.014991489,null,null,null,null,"TWOGAUSSIANS",8,2.6454332,0.3011091,0.0075512067,0.4,0.0,0.23526177,0.016262716,0.8055866,0.0053130453,0.4,0.0,0.21912864,0.010059125
375316653866487564,5988653121978317824,0.600067,2089.775415216867,2.7336391872375865,8.452617E-6,16.520748,0.016335437,0.22590348,0.0020452808,0.10640356,0.007228683,0.2212922,0.015751643,0.7341633,0.0031514957,0.10532817,0.0102359615,0.19400358,0.0144724585,null,null,null,null,"TWOGAUSSIANS",8,5.0472956,0.22590348,0.0020519586,0.4,0.0,0.19806416,0.0051108976,0.7341733,0.0031506007,0.4,0.0,0.1707778,0.005550304
375316653866487564,5988654255841861760,0.623182,2099.139121004024,0.9925001533119393,6.509155E-6,18.335213,0.007061734,0.28874135,0.0068355734,0.028925167,0.0048361477,2.0964491,0.6753799,null,null,null,null,null,null,null,null,null,null,"ONEGAUSSIAN",5,17.037653,0.28874135,0.0068355734,0.16198094,0.027082426,2.0964491,0.0,null,null,null,null,null,null
375316653866487564,5988656828497593600,0.4640072,2082.657687038826,0.05860678275435583,4.872761E-5,18.341198,0.15123172,0.16248263,0.007515944,0.08056005,0.007943469,0.3610569,0.05216461,0.7157513,0.031050393,0.15255423,0.14891979,0.11365535,0.14930424,null,null,null,null,"TWOGAUSSIANS",8,11.599544,0.16200264,0.006359771,0.4,0.0,0.34476075,0.01776273,0.7157513,0.031050393,0.4,0.0,0.09563336,0.06681652
375316653866487564,5988657485657465216,0.5420776,2119.797921410469,2.5520560530984495,1.6341563E-5,19.182322,0.017589705,0.24289402,0.007056678,0.08080157,0.008909359,0.35016897,0.022716392,0.7400652,0.004413061,0.087834105,0.008647537,0.35287133,0.025958888,null,null,null,null,"TWOGAUSSIANS",8,2.6602373,0.7400652,0.004413061,0.4,0.0,0.3446294,0.027187504,0.24289402,0.007056678,0.4,0.0,0.3419271,0.019502401
375316653866487564,5988657691823668608,0.62347955,2101.0814857602354,1.1956122109426783,5.6505714E-6,14.555919,0.006385476,0.26614878,0.0017283584,0.09763202,0.005834581,0.2688726,0.015354778,0.7637293,0.0013666915,0.092054114,0.0028354707,0.30954984,0.0076641627,null,null,null,null,"TWOGAUSSIANS",8,31.419998,0.7637293,0.0013666915,0.4,0.0,0.29231927,0.006727426,0.26614878,0.0017283584,0.4,0.0,0.25164115,0.01882094
375316653866487564,5988657794902851200,0.54501814,2070.5920204751087,3.3882054904431826,9.011645E-6,16.222536,0.01097799,0.2856247,0.0023792195,0.076757915,0.0036963176,0.34628245,0.016941054,0.79410547,0.0045196824,0.0727237,0.0047170315,0.3799179,0.020019496,null,null,null,null,"TWOGAUSSIANS",8,60.406788,0.79410547,0.0045196824,0.4,0.0061183847,0.3776934,0.01985536,0.2856247,0.0023792195,0.4,0.0,0.344058,0.0167291
375316653866487564,5988657829254948480,0.5109906,2096.0882643934883,2.9787539018912637,9.034571E-6,19.904749,0.013383445,0.25094256,0.006817986,0.0300471,0.008388632,0.25199834,0.037248824,0.8187057,0.009016418,0.069388404,0.0073064603,0.30972025,0.045028254,0.100559905,0.01292752,0.25094256,0.006817986,"TWOGAUSSIANS_WITH_ELLIPSOIDAL_ON_ECLIPSE1",9,2.540586,0.8187057,0.009016418,0.38857508,0.038868118,0.4765219,0.039868653,0.25094256,0.006817986,0.16826376,0.046976335,0.4531082,0.03104799
375316653866487564,5988659719048276608,0.61310905,2074.790806688373,2.590083139004816,6.817138E-6,14.566104,0.010898667,0.269777,0.0014296569,0.049663667,0.0038135138,0.23403345,0.024306653,0.76706934,0.0022849115,0.0510657,0.003544543,0.32325673,0.021514338,0.113734804,0.011640795,0.269777,0.0014296569,"TWOGAUSSIANS_WITH_ELLIPSOIDAL_ON_ECLIPSE1",9,146.24202,0.7674093,0.0019654678,0.28596792,0.01984944,0.55066603,0.0070163338,0.269777,0.0014296569,0.27811652,0.021355677,0.46150026,0.01493764
375316653866487564,5988660165717811200,0.5598931,2097.0497778766708,3.4037289342912693,1.591394E-5,19.416912,0.010301043,0.26373217,0.006465174,0.083251856,0.008028028,0.47927806,0.013637084,0.7747118,0.002808573,0.07271198,0.0034669833,0.45704755,0.01515359,null,null,null,null,"TWOGAUSSIANS",8,2.1107411,0.26373217,0.006465174,0.4,0.0,0.47491157,0.013834612,0.7747118,0.002808573,0.4,0.0,0.4526811,0.0144348
375316653866487564,5988662085535224064,0.4994888,2098.5592033387425,3.2910968089891983,1.7582171E-5,19.012568,0.022659117,0.20839877,0.005448334,0.08296368,0.013395274,0.22568908,0.020501807,0.7342293,0.006457214,0.10605386,0.015257835,0.21688986,0.023358494,null,null,null,null,"TWOGAUSSIANS",8,2.2056594,0.20838878,0.005462277,0.4,0.0,0.21657032,0.016808074,0.7342293,0.006457214,0.4,0.0,0.20776023,0.018239716
375316653866487564,5988662119894966528,0.5236385,2117.5589498173604,0.1614903657749338,4.9136637E-5,18.613354,0.015164155,0.13518825,0.030906908,0.040381853,0.010789519,0.31059864,0.25263685,0.7218714,0.026895572,0.15458864,0.06549509,0.038827293,0.015623913,null,null,null,null,"TWOGAUSSIANS",8,1.6907067,0.13508825,0.031736888,0.22613837,0.06042131,0.31069744,0.25223064,0.7218714,0.026895572,0.4,0.0,0.037807673,0.0125296265
375316653866487564,5988662605223447936,0.4744921,2085.8583982712166,2.9037664241679084,3.8631326E-5,19.244307,0.01652589,0.20935386,0.0078638885,0.07843345,0.009646844,0.16689695,0.018537993,0.6938017,0.008124088,0.10389776,0.019851267,0.17667608,0.021388812,null,null,null,null,"TWOGAUSSIANS",8,2.0954957,0.6938017,0.008124088,0.4,0.0,0.17041187,0.022123752,0.20935386,0.007872354,0.4,0.0,0.1606369,0.015311385
375316653866487564,5988662673943027968,0.54927814,2095.20716835952,2.3725384511970993,9.071911E-6,18.216278,0.009166256,0.23529464,0.002348416,0.08329212,0.0035511118,0.40135163,0.012265147,0.745842,0.0031988004,0.07366794,0.005315081,0.4172613,0.02497808,null,null,null,null,"TWOGAUSSIANS",8,7.7051826,0.745842,0.0031988004,0.4,0.0,0.41314873,0.025913078,0.23529464,0.002348416,0.4,0.0,0.39723903,0.011896808
375316653866487564,5988662983211620992,0.6362154,2119.066958077137,0.4823818283435792,2.1658403E-5,15.253459,0.0019672469,0.3587217,0.0013877153,0.026422596,0.0019332118,0.51798403,0.015330704,0.8607785,0.0025999658,0.025811417,0.0045270966,0.10829699,0.013305361,0.009049195,0.0043494822,0.3587217,0.0013877153,"TWOGAUSSIANS_WITH_ELLIPSOIDAL_ON_ECLIPSE1",9,24.770323,0.3587217,0.0013877153,0.14796653,0.010825986,0.53608245,0.016948147,0.8607785,0.0025999658,0.14454393,0.025351742,0.12639235,0.014434317
375316653866487564,5988663258058554624,0.46577474,2095.870323353051,3.8370859295318116,3.7512287E-5,19.208714,0.025541158,0.1460634,0.014863038,0.05433844,0.010185375,0.183403,0.05419419,0.72824407,0.005418506,0.054111864,0.05472614,0.23484153,0.1750318,0.1094112,0.03518827,0.72824407,0.005418506,"TWOGAUSSIANS_WITH_ELLIPSOIDAL_ON_ECLIPSE2",9,9.651026,0.72824407,0.005418506,0.30302644,0.30366775,0.45365793,0.17936046,0.1630434,0.013419095,0.30429527,0.0570381,0.35876462,0.031525753
375316653866487564,5988663498607745152,0.5037926,2055.8465403538094,0.14875360733272341,4.3489814E-5,16.145647,0.0034426171,0.092275165,0.010061223,0.0060715484,0.008953727,0.1848501,0.18394399,0.36055353,0.02176801,0.11987662,0.028038347,0.051796023,0.0055478336,null,null,null,null,"TWOGAUSSIANS",8,17.16785,0.09229517,0.010105988,0.034000672,0.050140873,0.18906717,0.18392918,0.36055353,0.02176801,0.4,0.0,0.051778737,0.0055550365
375316653866487564,5988664220162234240,0.5956395,2094.665428339821,2.701119498793067,1.080451E-5,17.229578,0.004824222,0.21487933,0.0030709333,0.090818316,0.0058275918,0.16049922,0.0043001724,0.71015596,0.001776519,0.09639239,0.0028272287,0.23429596,0.0056044795,null,null,null,null,"TWOGAUSSIANS",8,1.8945138,0.71015596,0.001776519,0.4,0.0,0.22402254,0.0043880898,0.21487933,0.0030709333,0.4,0.0,0.1502264,0.0027422078
375316653866487564,5988665796387208192,0.4868695,2069.712861579752,1.8836535969487407,1.3453552E-5,18.360027,0.0020980944,0.23594742,0.0034735317,0.008965587,0.0039769723,0.26256695,0.11341282,0.39338553,0.021845045,0.05720616,0.018925367,0.019936046,0.008267949,null,null,null,null,"TWOGAUSSIANS",8,1.8490669,0.23595741,0.00348997,0.05020729,0.022271045,0.2630188,0.11334043,0.39338553,0.021845045,0.3203545,0.10598205,0.019936046,0.008267949
375316653866487564,5988666556624485632,0.54870456,2092.214808827037,0.23629023566591162,5.7513684E-5,16.374027,0.0023511576,0.102574386,0.008238056,0.012246924,0.0030747335,0.30684605,0.118232384,0.73850614,0.018689608,0.0622763,0.025359396,0.01665631,0.01153601,0.0074182223,0.002749104,0.73850614,0.018689608,"TWOGAUSSIANS_WITH_ELLIPSOIDAL_ON_ECLIPSE2",9,11.560683,0.10262439,0.008232488,0.06858277,0.017218508,0.3132452,0.1176473,0.73850614,0.018689608,0.34874728,0.10808944,0.031487506,0.010186585
375316653866487564,5988667072020741760,0.65674174,2096.061568006141,2.9943097476211573,3.971407E-6,16.30234,0.012615679,0.27961233,0.0061180973,0.058413994,0.004099953,0.34560642,0.033093583,0.775108,6.8335625E-4,0.05240743,0.003030625,0.38533047,0.023093022,0.09858359,0.014184863,0.775108,6.8335625E-4,"TWOGAUSSIANS_WITH_ELLIPSOIDAL_ON_ECLIPSE2",9,12.000524,0.775108,6.8335625E-4,0.29348162,0.0169715,0.5824672,0.008968636,0.27901232,0.0052690688,0.32711837,0.022959737,0.5426063,0.01623693
375316653866487564,5988667278179047168,0.46664426,2087.7644122049546,0.7708654102119142,8.3230865E-5,15.611892,0.0077664834,0.25720128,0.010093271,0.08476041,0.012209036,0.09481299,0.008064302,0.7585037,0.013442095,0.062314674,0.022584686,0.09853745,0.008658332,null,null,null,null,"TWOGAUSSIANS",8,76.73647,0.7585037,0.013442095,0.3489622,0.095085,0.09796646,0.008727159,0.25720128,0.010093271,0.4,0.0,0.09424199,0.0067984248
375316653866487564,5988667656142677760,0.48796752,2110.4803576851423,0.11615379909984613,5.291908E-5,18.249962,0.0020176333,0.21646567,0.005261066,0.011299492,0.0033956927,0.19355094,0.23218378,0.30305758,0.0051429137,0.016333146,0.015290406,0.05797826,431.62598,null,null,null,null,"TWOGAUSSIANS",8,1.7390769,0.21646567,0.0052607763,0.063277155,0.019015878,0.19355099,0.23218207,0.30305758,0.0051429137,0.09146562,0.08562627,0.05797826,431.62598
375316653866487564,5988668480739247232,0.43524212,2060.0642862915747,2.931852190509178,3.6879483E-5,19.47559,0.0066371104,null,null,null,null,null,null,null,null,null,null,null,null,0.108272985,0.010592352,0.32397905,0.005575986,"ELLIPSOIDAL",4,2.4574661,null,null,null,null,null,null,null,null,null,null,null,null
375316653866487564,5988669477171910144,0.438358,2104.555989446466,0.6798744170733977,3.6206682E-5,19.014673,0.014226892,0.11068069,0.014051834,0.04323144,0.026888749,0.09470492,0.032156743,0.76799995,0.003178243,0.03499822,0.00745671,0.24095823,0.091084935,null,null,null,null,"TWOGAUSSIANS",8,7.2154164,0.76799995,0.003178243,0.19599003,0.041757576,0.24095823,0.091084935,0.11068069,0.014051834,0.24209607,0.150577,0.09470492,0.032156743
