Gaia/vari_eclipsing_binary/VariEclipsingBinary_607661-607748.csv
# %ECSV 1.0
# ---
# delimiter: ','
# meta: !!omap
# - RELEASE: Gaia DR3
# - TABLE: vari_eclipsing_binary
# - DESCRIPTION: >
#     This table describes the properties of the eclipsing binaries resulting from the variability analysis. 
# - CITATION: >
#     How to cite and acknowledge Gaia: 
#     https://gea.esac.esa.int/archive/documentation/credits.html 
# - KNOWN_ISSUES: >
#     Known issues: 
#     https://www.cosmos.esa.int/web/gaia-users/known-issues 
# - DOCUMENTATION: >
#     Tutorials and documentation: 
#     https://www.cosmos.esa.int/web/gaia-users/archive 
# datatype:
# - 
#   name: solution_id
#   datatype: int64
#   description: Solution Identifier
#   meta:
#     ucd: meta.version
# - 
#   name: source_id
#   datatype: int64
#   description: Unique source identifier
#   meta:
#     ucd: meta.id;meta.main
# - 
#   name: global_ranking
#   datatype: float32
#   description: Number between 0 (worst) and 1 (best)
#   meta:
#     ucd: stat.param
# - 
#   name: reference_time
#   datatype: float64
#   unit: d
#   description: Reference time used for the geometric model fit
#   meta:
#     ucd: time.epoch
# - 
#   name: frequency
#   datatype: float64
#   unit: d**-1
#   description: Frequency of geometric model of the eclipsing binary light curve
#   meta:
#     ucd: src.orbital
# - 
#   name: frequency_error
#   datatype: float32
#   unit: d**-1
#   description: "Uncertainty of \\texttt{frequency}"
#   meta:
#     ucd: stat.error
# - 
#   name: geom_model_reference_level
#   datatype: float32
#   unit: mag
#   description: Magnitude reference level of geometric model
#   meta:
#     ucd: phot.mag;em.opt
# - 
#   name: geom_model_reference_level_error
#   datatype: float32
#   unit: mag
#   description: "Uncertainty of \\texttt{geomModelReferenceLevel}"
#   meta:
#     ucd: stat.error;phot.mag;em.opt
# - 
#   name: geom_model_gaussian1_phase
#   datatype: float32
#   description: Phase of the Gaussian 1 component
#   meta:
#     ucd: time.phase
# - 
#   name: geom_model_gaussian1_phase_error
#   datatype: float32
#   description: "Uncertainty of \\texttt{geomModelGaussian1Phase}"
#   meta:
#     ucd: stat.error;time.phase
# - 
#   name: geom_model_gaussian1_sigma
#   datatype: float32
#   description: "Standard deviation [phase] of Gaussian 1 component"
#   meta:
#     ucd: stat.stdev
# - 
#   name: geom_model_gaussian1_sigma_error
#   datatype: float32
#   description: "Uncertainty of \\texttt{geomModelGaussian1Sigma}"
#   meta:
#     ucd: stat.error
# - 
#   name: geom_model_gaussian1_depth
#   datatype: float32
#   unit: mag
#   description: Magnitude depth of Gaussian 1 component
#   meta:
#     ucd: src.var.amplitude
# - 
#   name: geom_model_gaussian1_depth_error
#   datatype: float32
#   unit: mag
#   description: "Uncertainty of \\texttt{geomModelGaussian1Depth}"
#   meta:
#     ucd: stat.error;src.var.amplitude
# - 
#   name: geom_model_gaussian2_phase
#   datatype: float32
#   description: Phase of Gaussian 2 component
#   meta:
#     ucd: time.phase
# - 
#   name: geom_model_gaussian2_phase_error
#   datatype: float32
#   description: "Uncertainty of \\texttt{geomModelGaussian2Phase}"
#   meta:
#     ucd: stat.error;time.phase
# - 
#   name: geom_model_gaussian2_sigma
#   datatype: float32
[...]
#   datatype: float32
#   description: "Secondary eclipse: uncertainty of \\texttt{derivedSecondaryEclDuration}"
#   meta:
#     ucd: stat.error;time.duration
# - 
#   name: derived_secondary_ecl_depth
#   datatype: float32
#   unit: mag
#   description: "Secondary eclipse: depth"
#   meta:
#     ucd: src.var.amplitude
# - 
#   name: derived_secondary_ecl_depth_error
#   datatype: float32
#   unit: mag
#   description: "Secondary eclipse: uncertainty of \\texttt{derivedSecondaryEclDepth}"
#   meta:
#     ucd: stat.error;src.var.amplitude
solution_id,source_id,global_ranking,reference_time,frequency,frequency_error,geom_model_reference_level,geom_model_reference_level_error,geom_model_gaussian1_phase,geom_model_gaussian1_phase_error,geom_model_gaussian1_sigma,geom_model_gaussian1_sigma_error,geom_model_gaussian1_depth,geom_model_gaussian1_depth_error,geom_model_gaussian2_phase,geom_model_gaussian2_phase_error,geom_model_gaussian2_sigma,geom_model_gaussian2_sigma_error,geom_model_gaussian2_depth,geom_model_gaussian2_depth_error,geom_model_cosine_half_period_amplitude,geom_model_cosine_half_period_amplitude_error,geom_model_cosine_half_period_phase,geom_model_cosine_half_period_phase_error,model_type,num_model_parameters,reduced_chi2,derived_primary_ecl_phase,derived_primary_ecl_phase_error,derived_primary_ecl_duration,derived_primary_ecl_duration_error,derived_primary_ecl_depth,derived_primary_ecl_depth_error,derived_secondary_ecl_phase,derived_secondary_ecl_phase_error,derived_secondary_ecl_duration,derived_secondary_ecl_duration_error,derived_secondary_ecl_depth,derived_secondary_ecl_depth_error
[from data line 573]
375316653866487564,5345773071251046272,0.4622277,2210.5179527568716,0.10364300821721226,2.196933E-5,17.98564,0.0040314356,0.17681117,0.004720058,0.032020994,0.0060281977,0.03596763,0.0054018237,0.35811466,4.859916E-4,0.008418999,3.596214E-4,0.54753417,0.06937096,null,null,null,null,"TWOGAUSSIANS",8,9.591343,0.35811466,4.859916E-4,0.04714639,0.0020138798,0.54753417,0.06937096,0.17681117,0.004720058,0.17931756,0.033757906,0.03596763,0.0054018237
375316653866487564,5345773586647179776,0.53031677,2194.290976322424,2.436276623002109,8.956149E-6,17.11049,0.027209522,0.22847441,0.0055412715,0.11608824,0.019195173,0.18692523,0.022077609,0.7314291,0.0024051305,0.10621686,0.011898403,0.19426298,0.02560349,null,null,null,null,"TWOGAUSSIANS",8,8.712615,0.7314391,0.002410502,0.4,0.0,0.16488507,0.0055847247,0.22847441,0.0055440404,0.4,0.0,0.15751815,0.012780159
375316653866487564,5345773655337242624,0.5924053,2202.138356767093,2.5079463887088296,5.7462703E-6,18.960157,0.015799027,0.26182088,0.0015872167,0.049924992,0.00907861,0.3610406,0.17520474,0.76540786,0.004011422,0.05788674,0.004710391,0.4478408,0.04096483,0.101629406,0.022949198,0.26182088,0.0015872167,"TWOGAUSSIANS_WITH_ELLIPSOIDAL_ON_ECLIPSE1",9,2.5976398,0.76540786,0.004011422,0.32416573,0.02637819,0.6509645,0.020640591,0.26182088,0.0015872167,0.27957994,0.050840214,0.5642675,0.19186433
375316653866487564,5345773788501974912,0.46373177,2195.7543098739147,3.0237255715700293,2.5261388E-5,19.296041,0.008694939,0.26090884,0.009742597,0.07884817,0.011454103,0.1736724,0.023638854,0.709864,0.010634023,0.07647368,0.01649064,0.14156573,0.012371957,null,null,null,null,"TWOGAUSSIANS",8,2.8184173,0.26090884,0.009742597,0.4,0.0,0.17309201,0.023784665,0.709864,0.010634023,0.4,0.021879323,0.14098535,0.012376129
375316653866487564,5345774136373327616,0.4262049,2174.6812536310445,0.703354862222391,1.7781345E-5,19.015362,0.0065539056,0.32854807,0.0018216977,0.014964245,0.0023612175,0.14471662,0.01412329,0.67292225,0.07074935,0.044299964,0.039250836,0.38327155,49.556046,null,null,null,null,"TWOGAUSSIANS",8,2.4571998,0.67292225,0.07074935,0.2480798,0.21980469,0.38327155,49.556046,0.32854807,0.0018216977,0.08379977,0.013222818,0.14471662,0.01412329
375316653866487564,5345774510044053632,0.55377376,2198.925578389859,2.8840780390551375,6.9293474E-6,18.317793,0.011566672,0.23905683,0.0015226112,0.0839697,0.0041185217,0.38125217,0.01090784,0.7386647,0.002924809,0.089884385,0.004954155,0.37997898,0.018880205,null,null,null,null,"TWOGAUSSIANS",8,4.696546,0.23905683,0.0015226112,0.4,0.0,0.36916545,0.009264108,0.7386647,0.002924809,0.4,0.0,0.36789215,0.019526634
375316653866487564,5345774892317303168,0.5743636,2212.7198630438315,2.75941442930554,6.685464E-6,16.995308,0.0151733,0.19975036,0.0024398228,0.061129693,0.007023254,0.184891,0.037832014,0.70630705,0.004662665,0.055730067,0.006700165,0.21038596,0.036535192,0.10680023,0.020968596,0.19975036,0.0024398228,"TWOGAUSSIANS_WITH_ELLIPSOIDAL_ON_ECLIPSE1",9,17.861206,0.70630705,0.004662665,0.31208837,0.037520926,0.42357418,0.011254187,0.19975036,0.0024398228,0.34232628,0.03933022,0.39844152,0.012722627
375316653866487564,5345775132835548672,0.5876645,2231.064095959492,0.3406815455709114,2.1591817E-5,17.43047,0.0012942841,0.33713078,0.013071077,0.021384623,0.0071888412,0.29693925,0.03597385,0.58880806,0.011587687,0.011428878,0.009139681,0.02090855,0.013428475,null,null,null,null,"TWOGAUSSIANS",8,1.3744836,0.33713078,0.013071077,0.11975389,0.04025751,0.29693925,0.03597385,0.58880806,0.011587687,0.06400172,0.051182214,0.02090855,0.013428475
375316653866487564,5345775201526293888,0.46604976,2165.1260605960438,2.5340312948848216,1.999671E-5,19.227726,0.011584405,0.16675176,0.006422127,0.04445798,0.015724253,0.09348539,0.031270128,0.74245554,0.004973775,0.022320803,0.009796051,0.20167893,0.352657,0.15475376,0.015214378,0.16675176,0.006422127,"TWOGAUSSIANS_WITH_ELLIPSOIDAL_ON_ECLIPSE1",9,11.948282,0.74245554,0.004973775,0.1249965,0.054857887,0.44628352,0.352842,0.16675176,0.006422127,0.24896468,0.08805582,0.40299255,0.022493785
375316653866487564,5345775201555018112,0.45034283,2220.537283199774,0.14187790154503258,1.45816675E-5,17.451603,0.004599923,0.28458622,0.012595465,0.029460287,0.009516157,0.026774243,0.012683596,0.7722916,0.0049637156,0.041003447,0.008159212,0.14184876,0.03279375,0.013560076,0.00704061,0.28458622,0.012595465,"TWOGAUSSIANS_WITH_ELLIPSOIDAL_ON_ECLIPSE1",9,13.527296,0.7725916,0.004736385,0.2296193,0.045691587,0.16881137,0.036938798,0.28458622,0.012595465,0.16497761,0.053290483,0.053894386,0.007036322
375316653866487564,5345775265957688192,0.6181509,2201.329904047301,1.677987272100902,5.5798796E-6,15.974784,0.004007491,0.22371148,0.001939257,0.08300955,0.0028904919,0.25936985,0.0036196883,0.72258306,0.0022844078,0.09628097,0.0034169464,0.21246167,0.00417949,null,null,null,null,"TWOGAUSSIANS",8,6.0673175,0.22371148,0.001939257,0.4,0.0,0.2500408,0.0034641465,0.72258306,0.0022844078,0.4,0.0,0.20313202,0.0029472397
375316653866487564,5345775304634187264,0.4487923,2193.295744595287,2.562219520684349,4.0716277E-5,16.8834,1.0562047,0.26503426,0.022864135,0.10250537,0.14061677,0.17118347,0.92774016,0.78862953,0.0122585315,0.10774574,0.13676223,0.1480835,0.9390847,null,null,null,null,"TWOGAUSSIANS",8,55.450924,0.26501426,0.019142725,0.4,0.0,0.15690355,0.024584414,0.78863955,0.008419243,0.4,0.0,0.13379791,0.019956185
375316653866487564,5345775884433009536,0.47456917,2182.392038164826,0.08076062529399422,2.634092E-6,16.78313,0.0027401857,0.36450925,4.147292E-4,0.0035589947,1.7933598E-4,0.26046643,0.020399094,0.6262086,0.00514024,0.026461381,0.0039746934,0.033127956,0.0063406657,null,null,null,null,"TWOGAUSSIANS",8,16.70374,0.36450925,4.147292E-4,0.01993037,0.0010042816,0.26046643,0.020399094,0.6262086,0.00514024,0.14818373,0.022258282,0.033127956,0.0063406657
375316653866487564,5345775888749843072,0.616642,2188.642795674045,2.903670239135033,3.3115236E-6,16.855644,0.009834894,0.26705387,0.0015976703,0.06360646,0.007640723,0.1545204,0.017598823,0.763933,0.0030017062,0.06297232,0.004654974,0.17534803,0.020901011,0.09678798,0.011103973,0.26705387,0.0015976703,"TWOGAUSSIANS_WITH_ELLIPSOIDAL_ON_ECLIPSE1",9,7.1162715,0.764733,0.002088325,0.352645,0.026067857,0.368746,0.006242121,0.26705387,0.0015976703,0.35619617,0.04278805,0.3479737,0.013750034
375316653866487564,5345776094908192128,0.6401016,2194.472868344785,2.9670743683575185,3.1334134E-6,16.631035,0.011063296,0.23829165,0.0010165883,0.059531275,0.0027089713,0.33213347,0.023375511,0.73613673,0.0011554454,0.06464537,0.0027865032,0.36440146,0.022035783,0.067436606,0.011930237,0.23829165,0.0010165883,"TWOGAUSSIANS_WITH_ELLIPSOIDAL_ON_ECLIPSE1",9,9.402385,0.73636675,0.0010125422,0.36201406,0.015604418,0.49902484,0.0052458276,0.23829165,0.0010165883,0.33337516,0.015170239,0.46677887,0.008175175
375316653866487564,5345776953873321984,0.56391793,2195.970158121161,1.6610473732016038,5.4731736E-6,17.489136,0.0116934655,0.24494095,0.0015426287,0.10597633,0.0050782915,0.19642995,0.011236203,0.75893813,0.0024203595,0.11602028,0.0068546007,0.20967743,0.010493079,null,null,null,null,"TWOGAUSSIANS",8,1.4518063,0.7589481,0.002421594,0.4,0.0,0.18185307,0.00564475,0.24490096,0.0015381163,0.4,0.0,0.16864267,0.0034728271
375316653866487564,5345777052664792704,0.4884638,2195.41919549095,1.5327670074210507,7.676107E-6,18.68976,0.008312118,0.11966106,0.0137046585,0.03697863,0.014557139,0.12499598,0.033846766,0.6166884,0.002630151,0.039316576,0.0038000196,0.5955683,0.09161717,null,null,null,null,"TWOGAUSSIANS",8,11.101642,0.6166884,0.002630151,0.22017282,0.02128011,0.5955683,0.09161717,0.11966106,0.0137046585,0.20708033,0.081519976,0.12499598,0.033846773
375316653866487564,5345777155743888640,0.5751699,2189.852636736073,3.0339092232538665,5.7996876E-6,18.5426,0.0062524374,0.2531201,0.002321042,0.082516655,0.0026279027,0.4313234,0.010839445,0.7555451,0.0016510759,0.07751876,0.003397849,0.4389506,0.015252847,null,null,null,null,"TWOGAUSSIANS",8,2.4712076,0.7555451,0.0016510759,0.4,0.0,0.43265432,0.015998468,0.2531201,0.002321042,0.4,0.0,0.4250271,0.010390963
375316653866487564,5345777430634022272,0.47960332,2197.6166191846955,3.7934888879616713,1.9596531E-5,18.77127,0.046597525,0.22998168,0.006228825,0.11237287,0.029842647,0.195713,0.04089129,0.7146288,0.03344676,0.09086436,0.04392686,0.17369317,0.05351961,null,null,null,null,"TWOGAUSSIANS",8,2.9505997,0.22998168,0.006228825,0.4,0.0,0.18089718,0.018094879,0.7146288,0.03344676,0.4,0.07760844,0.1589004,0.031074366
375316653866487564,5345778014734607872,0.55026364,2197.5856402009777,3.5501589768354793,1.0462027E-5,18.110842,0.014361022,0.23113218,0.0027263213,0.048791748,0.009403404,0.12733537,0.035726607,0.7044913,0.018225685,0.042039257,0.025252128,0.2686397,0.2133711,0.12708233,0.020921677,0.23113218,0.0027263213,"TWOGAUSSIANS_WITH_ELLIPSOIDAL_ON_ECLIPSE1",9,9.531666,0.7075613,0.018247083,0.23541984,0.14141192,0.5165544,0.21657622,0.23113218,0.0027263213,0.2732338,0.052659065,0.38149956,0.01652927
375316653866487564,5345778358332247168,0.62088466,2193.6254640496227,2.756612203973519,3.7728307E-6,18.352043,0.009891128,0.23580892,0.0018254069,0.049317267,0.005013148,0.32386974,0.023393111,0.72982043,0.0019629423,0.05533326,0.0028351657,0.3566993,0.02616338,0.11989606,0.012810964,0.23580892,0.0018254069,"TWOGAUSSIANS_WITH_ELLIPSOIDAL_ON_ECLIPSE1",9,2.9953053,0.73066044,0.0015283092,0.30986625,0.015876928,0.5961904,0.021455532,0.23580892,0.0018254069,0.2761767,0.028073628,0.56365275,0.022988526
375316653866487564,5345778534449463424,0.56444526,2226.753281861445,2.2607548889435773,1.0514779E-5,15.740768,0.010942045,0.21887422,0.008705466,0.045761447,0.0086037805,0.13938934,0.03193233,0.7036895,0.00223598,0.044314172,0.010071731,0.13221003,0.023916159,0.11722001,0.014131422,0.7036895,0.00223598,"TWOGAUSSIANS_WITH_ELLIPSOIDAL_ON_ECLIPSE2",9,80.526276,0.21557422,0.006874778,0.2562641,0.04818117,0.37216187,0.020459654,0.7036895,0.00223598,0.24815936,0.056401692,0.3666494,0.01709641
375316653866487564,5345778873728336512,0.4625935,2209.644013414427,0.16924930535395813,8.10413E-6,17.994528,0.0026049656,0.6486094,9.2547236E-4,0.0033383924,4.3285982E-4,0.33017352,0.06008118,0.8643457,0.010844693,0.032902725,0.012341467,0.02773343,0.027239926,null,null,null,null,"TWOGAUSSIANS",8,4.4445424,0.6486094,9.2547236E-4,0.018694997,0.002424015,0.33017352,0.060081176,0.8643457,0.010844693,0.18425526,0.06911222,0.02773343,0.027239926
375316653866487564,5345779084205371008,0.5911199,2214.8126429244394,1.8068031980974184,7.802289E-6,16.560452,0.011626912,0.17731835,0.0020978842,0.105553575,0.004892162,0.2730922,0.01141081,0.6669102,0.0020725077,0.09464308,0.0055024303,0.24795192,0.01038587,null,null,null,null,"TWOGAUSSIANS",8,7.919131,0.17731835,0.0020978842,0.4,0.0,0.2528904,0.0063041104,0.6669102,0.0020725077,0.4,0.0,0.22775772,0.006286595
375316653866487564,5345779462162567936,0.51115876,2207.8688465184696,1.842802735587852,1.4536216E-5,15.719997,0.00728493,0.12930775,0.008544585,0.04746718,0.013805361,0.058444105,0.013595241,0.6439734,0.004123731,0.06254093,0.01228816,0.010119835,0.03750063,0.05540944,0.00922112,0.6439734,0.004123731,"TWOGAUSSIANS_WITH_ELLIPSOIDAL_ON_ECLIPSE2",9,41.695347,0.13300775,0.006573993,0.2658162,0.077310026,0.16855672,0.009247079,0.6439734,0.004123731,0.3502292,0.06881369,0.12093497,0.023240972
375316653866487564,5345779629642597376,0.5760825,2183.9906429375296,0.28159711062798043,2.524512E-6,18.55034,0.0033795591,0.106517605,0.0014499861,0.010419232,0.0011068905,0.4404317,0.024868136,0.6068396,4.1875645E-4,0.010424044,5.3630787E-4,0.41128907,0.044862967,null,null,null,null,"TWOGAUSSIANS",8,2.7283268,0.106517605,0.0014499861,0.0583477,0.006198587,0.4404317,0.024868136,0.6068396,4.1875645E-4,0.058374647,0.003003324,0.41128907,0.044862967
375316653866487564,5345781111402045440,0.45487663,2231.1341644898507,3.567879027207998,2.607249E-5,18.84498,0.5055703,0.27861944,0.0053311693,0.12480507,0.061114352,0.31177267,0.38668185,0.7756719,0.007485485,0.1667169,0.1401415,0.28698736,0.49399698,null,null,null,null,"TWOGAUSSIANS",8,4.590667,0.27891943,0.005582994,0.4,0.0,0.18637581,0.03743808,0.7756719,0.007485485,0.4,0.0,0.15539299,0.018434273
375316653866487564,5345781317560443648,0.47637874,2240.52756254612,3.589386859697827,2.1601856E-5,19.641066,0.015996046,0.20230424,0.005593346,0.085506804,0.016255867,0.288837,0.030398607,0.714958,0.00783268,0.0679385,0.008152143,0.32327494,0.03988258,null,null,null,null,"TWOGAUSSIANS",8,4.077852,0.714958,0.00783268,0.38045558,0.036804315,0.32100457,0.03979032,0.20230424,0.005593346,0.4,0.0,0.2865666,0.032990463
375316653866487564,5345782481512959232,0.49705213,2186.4354745927744,0.3575634017367491,2.6196007E-5,17.6895,0.0022692522,0.78513867,0.009330956,0.047584433,0.012888766,0.37249443,0.07360697,null,null,null,null,null,null,null,null,null,null,"ONEGAUSSIAN",5,22.403376,0.78513867,0.009330956,0.26647282,0.07217709,0.37249443,0.0,null,null,null,null,null,null
375316653866487564,5345782554539474304,0.48716906,2202.9343502339693,2.817114009641379,1.6552232E-5,15.934836,0.019908313,0.24267778,0.0045270743,0.07936622,0.0063482462,0.4000626,0.025848333,0.7475005,0.0045956937,0.084557705,0.009710848,0.3885868,0.033195075,null,null,null,null,"TWOGAUSSIANS",8,210.68951,0.24267778,0.0045270743,0.4,0.0,0.39319298,0.024178602,0.7475005,0.0045956937,0.4,0.0,0.38171715,0.033926357
375316653866487564,5345783379173203840,0.56358266,2214.7775956654496,1.320166918004149,1.5484877E-5,17.171144,0.0025525275,0.22379978,0.003580269,0.056632366,0.0068369647,0.30992645,0.059479117,0.7206246,0.005280192,0.0722674,0.0046533416,0.13935253,0.010244611,null,null,null,null,"TWOGAUSSIANS",8,7.839149,0.22379978,0.003580269,0.31714123,0.038287003,0.30973524,0.059584275,0.7206246,0.005280192,0.4,0.0050067934,0.1391613,0.010270729
375316653866487564,5345783443575191552,0.5100011,2196.8852946940383,0.8253750859297914,1.0338218E-4,19.415424,0.0066704685,0.18978958,0.043622375,0.099442266,0.030974625,0.043400597,0.010752338,0.74590194,2.7397487E-4,0.028756779,8.55753E-4,0.6433766,0.008498434,null,null,null,null,"TWOGAUSSIANS",8,1.8442035,0.74590194,2.7397487E-4,0.16103797,0.004792217,0.6433683,0.008499399,0.18978958,0.043622375,0.4,0.0,0.043390214,0.010751618
375316653866487564,5345784341245997696,0.6085715,2176.3546186943317,1.9301962062151283,4.82619E-6,13.492739,0.008462982,0.2224831,0.0018500029,0.05142776,0.0057716416,0.117633834,0.018141454,0.71720755,0.001401492,0.049262203,0.0023376446,0.5381913,0.03755625,0.05589862,0.010734503,0.2224831,0.0018500029,"TWOGAUSSIANS_WITH_ELLIPSOIDAL_ON_ECLIPSE1",9,144.58661,0.7174076,0.0013419214,0.27586833,0.01309081,0.6498677,0.03980295,0.2224831,0.0018500029,0.28799546,0.032321192,0.22942835,0.0051120333
375316653866487564,5345784444325229184,0.59306645,2176.310017773058,1.1131919697248651,9.288196E-6,15.44851,0.018666578,0.28288388,0.0024609973,0.1366595,0.010297119,0.15145555,0.01802256,0.75945616,0.0021879682,0.12422866,0.0068915193,0.21295491,0.016563475,null,null,null,null,"TWOGAUSSIANS",8,7.7500005,0.75945616,0.0021879682,0.4,0.0,0.16621225,0.0026238272,0.2832839,0.002337456,0.4,0.0,0.104433835,0.0023657049
375316653866487564,5345784474367718272,0.4878476,2194.5626254034582,0.05146936240728984,2.3699811E-5,16.634321,0.0049005193,0.2760711,0.012087253,0.03218718,0.018521907,1.621721,475.87595,0.56855154,0.012932283,0.056657016,0.012579187,0.038477104,0.008901704,0.01474677,0.005678243,0.2760711,0.012087253,"TWOGAUSSIANS_WITH_ELLIPSOIDAL_ON_ECLIPSE1",9,28.471972,0.2760711,0.012087253,0.18024819,0.103722684,1.6512146,475.87753,0.5780915,0.014498323,0.3172793,0.070443444,0.040975764,0.009693546
