Gaia/vari_eclipsing_binary/VariEclipsingBinary_463418-463434.csv
# %ECSV 1.0
# ---
# delimiter: ','
# meta: !!omap
# - RELEASE: Gaia DR3
# - TABLE: vari_eclipsing_binary
# - DESCRIPTION: >
#     This table describes the properties of the eclipsing binaries resulting from the variability analysis. 
# - CITATION: >
#     How to cite and acknowledge Gaia: 
#     https://gea.esac.esa.int/archive/documentation/credits.html 
# - KNOWN_ISSUES: >
#     Known issues: 
#     https://www.cosmos.esa.int/web/gaia-users/known-issues 
# - DOCUMENTATION: >
#     Tutorials and documentation: 
#     https://www.cosmos.esa.int/web/gaia-users/archive 
# datatype:
# - 
#   name: solution_id
#   datatype: int64
#   description: Solution Identifier
#   meta:
#     ucd: meta.version
# - 
#   name: source_id
#   datatype: int64
#   description: Unique source identifier
#   meta:
#     ucd: meta.id;meta.main
# - 
#   name: global_ranking
#   datatype: float32
#   description: Number between 0 (worst) and 1 (best)
#   meta:
#     ucd: stat.param
# - 
#   name: reference_time
#   datatype: float64
#   unit: d
#   description: Reference time used for the geometric model fit
#   meta:
#     ucd: time.epoch
# - 
#   name: frequency
#   datatype: float64
#   unit: d**-1
#   description: Frequency of geometric model of the eclipsing binary light curve
#   meta:
#     ucd: src.orbital
# - 
#   name: frequency_error
#   datatype: float32
#   unit: d**-1
#   description: "Uncertainty of \\texttt{frequency}"
#   meta:
#     ucd: stat.error
# - 
#   name: geom_model_reference_level
#   datatype: float32
#   unit: mag
#   description: Magnitude reference level of geometric model
#   meta:
#     ucd: phot.mag;em.opt
# - 
#   name: geom_model_reference_level_error
#   datatype: float32
#   unit: mag
#   description: "Uncertainty of \\texttt{geomModelReferenceLevel}"
#   meta:
#     ucd: stat.error;phot.mag;em.opt
# - 
#   name: geom_model_gaussian1_phase
#   datatype: float32
#   description: Phase of the Gaussian 1 component
#   meta:
#     ucd: time.phase
# - 
#   name: geom_model_gaussian1_phase_error
#   datatype: float32
#   description: "Uncertainty of \\texttt{geomModelGaussian1Phase}"
#   meta:
#     ucd: stat.error;time.phase
# - 
#   name: geom_model_gaussian1_sigma
#   datatype: float32
#   description: "Standard deviation [phase] of Gaussian 1 component"
#   meta:
#     ucd: stat.stdev
# - 
#   name: geom_model_gaussian1_sigma_error
#   datatype: float32
#   description: "Uncertainty of \\texttt{geomModelGaussian1Sigma}"
#   meta:
#     ucd: stat.error
# - 
#   name: geom_model_gaussian1_depth
#   datatype: float32
#   unit: mag
#   description: Magnitude depth of Gaussian 1 component
#   meta:
#     ucd: src.var.amplitude
# - 
#   name: geom_model_gaussian1_depth_error
#   datatype: float32
#   unit: mag
#   description: "Uncertainty of \\texttt{geomModelGaussian1Depth}"
#   meta:
#     ucd: stat.error;src.var.amplitude
# - 
#   name: geom_model_gaussian2_phase
#   datatype: float32
#   description: Phase of Gaussian 2 component
#   meta:
#     ucd: time.phase
# - 
#   name: geom_model_gaussian2_phase_error
#   datatype: float32
#   description: "Uncertainty of \\texttt{geomModelGaussian2Phase}"
#   meta:
#     ucd: stat.error;time.phase
# - 
#   name: geom_model_gaussian2_sigma
#   datatype: float32
[...]
#   datatype: float32
#   description: "Secondary eclipse: uncertainty of \\texttt{derivedSecondaryEclDuration}"
#   meta:
#     ucd: stat.error;time.duration
# - 
#   name: derived_secondary_ecl_depth
#   datatype: float32
#   unit: mag
#   description: "Secondary eclipse: depth"
#   meta:
#     ucd: src.var.amplitude
# - 
#   name: derived_secondary_ecl_depth_error
#   datatype: float32
#   unit: mag
#   description: "Secondary eclipse: uncertainty of \\texttt{derivedSecondaryEclDepth}"
#   meta:
#     ucd: stat.error;src.var.amplitude
solution_id,source_id,global_ranking,reference_time,frequency,frequency_error,geom_model_reference_level,geom_model_reference_level_error,geom_model_gaussian1_phase,geom_model_gaussian1_phase_error,geom_model_gaussian1_sigma,geom_model_gaussian1_sigma_error,geom_model_gaussian1_depth,geom_model_gaussian1_depth_error,geom_model_gaussian2_phase,geom_model_gaussian2_phase_error,geom_model_gaussian2_sigma,geom_model_gaussian2_sigma_error,geom_model_gaussian2_depth,geom_model_gaussian2_depth_error,geom_model_cosine_half_period_amplitude,geom_model_cosine_half_period_amplitude_error,geom_model_cosine_half_period_phase,geom_model_cosine_half_period_phase_error,model_type,num_model_parameters,reduced_chi2,derived_primary_ecl_phase,derived_primary_ecl_phase_error,derived_primary_ecl_duration,derived_primary_ecl_duration_error,derived_primary_ecl_depth,derived_primary_ecl_depth_error,derived_secondary_ecl_phase,derived_secondary_ecl_phase_error,derived_secondary_ecl_duration,derived_secondary_ecl_duration_error,derived_secondary_ecl_depth,derived_secondary_ecl_depth_error
[from data line 339]
375316653866487564,4076329550550728320,0.57127917,2225.502803782545,3.34806309741548,2.5353469E-5,18.878883,0.013360741,0.27084935,0.010559486,0.072147064,0.0107568465,0.45823768,0.04232468,0.7772988,0.0070227445,0.07394875,0.0053303596,0.34158227,0.026168417,null,null,null,null,"TWOGAUSSIANS",8,2.7672343,0.27084935,0.010559486,0.4,0.007971589,0.45629883,0.04463453,0.7772988,0.0070227445,0.4,0.002248257,0.33964342,0.025840523
375316653866487564,4076329649338457728,0.50139785,2181.140987933763,2.31919518453773,4.8281196E-5,18.226616,0.003856813,0.72120774,0.0031542347,0.02175159,0.0075797467,0.14248975,0.17295884,null,null,null,null,null,null,0.035767645,0.0049762134,0.72120774,0.0031542347,"ONEGAUSSIAN_WITH_ELLIPSOIDAL",6,2.2962637,0.72120774,0.0031542347,0.1218089,0.04244658,0.21402489,0.17313382,null,null,null,null,null,null
375316653866487564,4076330164754048384,0.5608011,2172.539720182444,2.158861655544794,6.323308E-5,18.485912,0.02342257,0.2554623,0.01289281,0.07496124,0.022996238,0.3105122,0.049708303,0.7463502,0.012801871,0.0795806,0.0116138635,0.31584805,0.028138444,null,null,null,null,"TWOGAUSSIANS",8,4.541175,0.7463502,0.012801871,0.4,0.0,0.3130932,0.022708803,0.2554623,0.01289281,0.4,0.013209851,0.30775735,0.05587769
375316653866487564,4076330306522809344,0.51307666,2238.249328658526,2.6277296420029166,4.992555E-5,19.316406,0.011223573,0.264955,0.015124073,0.040640917,0.029763814,0.4974745,0.16190454,0.7738302,0.01661872,0.059617348,0.034591496,0.68862695,695.952,null,null,null,null,"TWOGAUSSIANS",8,4.5617747,0.7738302,0.01661872,0.33385715,0.19371238,0.6886239,695.952,0.264955,0.015124073,0.22758913,0.16667736,0.49747148,0.16235378
375316653866487564,4076330409602730496,0.5250627,2244.0072005455268,3.0792547000180277,3.7094243E-5,19.361542,0.01626208,0.19848123,0.015474685,0.09869165,0.012932232,0.38999057,0.04301895,0.69731265,0.0072657573,0.06267707,0.01068461,0.3840984,0.033630118,null,null,null,null,"TWOGAUSSIANS",8,2.3132238,0.19848123,0.015474685,0.4,0.0,0.38392374,0.042829294,0.69731265,0.0072657573,0.35099158,0.05983382,0.37803367,0.03518126
375316653866487564,4076330508353969792,0.47282395,2242.005315536961,1.3651610824643234,9.578199E-6,19.127607,0.0084425155,0.3594508,0.017419454,0.11365587,0.018485762,0.1763181,0.023479575,0.86470854,0.0026799287,0.038555466,0.0040009567,0.15198128,0.0110512925,null,null,null,null,"TWOGAUSSIANS",8,1.3510365,0.3594508,0.017419454,0.4,0.0,0.17511661,0.023876611,0.86470854,0.0026797228,0.2159106,0.022405356,0.15080234,0.01061084
375316653866487564,4076330542713709184,0.47245142,2233.8485508205194,2.3954511951311166,3.298889E-5,18.84721,0.1398825,0.31305653,0.03226262,0.13218871,0.058270767,0.19659801,0.13662112,0.82416683,0.010129996,0.13019697,0.04709079,0.2081399,0.13368817,null,null,null,null,"TWOGAUSSIANS",8,2.3314881,0.82438684,0.009943893,0.4,0.0,0.14781114,0.013850315,0.31283653,0.032319468,0.4,0.0,0.13622145,0.012133188
375316653866487564,4076330856221587712,0.48875362,2167.0370735824154,1.8858124948903618,4.316576E-5,18.07547,0.039272986,0.28279206,5.9455837E-4,0.03125079,0.0052597993,0.89014196,0.24637452,0.811175,0.016861988,0.11628858,0.041152146,0.19500193,0.034003578,null,null,null,null,"TWOGAUSSIANS",8,9.557743,0.28279206,5.782467E-4,0.17500442,0.029454876,0.8894968,0.25262967,0.811175,0.016861988,0.4,0.0,0.19429804,0.02536301
375316653866487564,4076330890648342144,0.5384196,2202.567739348799,0.020192277069829994,1.1237243E-4,18.435839,0.0045045363,0.18877143,0.086310565,0.08579029,0.06194643,0.08432689,375.6462,0.82682663,0.004366537,0.041125026,0.0058481493,1.187688,0.66091937,null,null,null,null,"TWOGAUSSIANS",8,1.5799446,0.82682663,0.004366537,0.23030014,0.032749638,1.1876984,0.6609237,0.18877143,0.086310565,0.4,0.25831217,0.08432574,375.6462
375316653866487564,4076330955030985728,0.5025645,2212.0610758878643,0.24268390104386875,1.707312E-5,18.923492,0.2691161,0.3460255,0.01476606,0.10846195,0.046196517,0.5053845,0.25594395,0.831165,0.007645882,0.11962542,0.043416463,0.4147792,0.26234484,null,null,null,null,"TWOGAUSSIANS",8,3.1648698,0.34608552,0.014810387,0.4,0.0,0.43449044,0.04881761,0.831165,0.007645882,0.4,0.0,0.3437637,0.041845758
375316653866487564,4076331642201128704,0.49419293,2400.084814515101,4.988101454353666,5.55248E-5,19.312246,0.43408644,0.29153895,0.011681684,0.078535475,0.036585845,0.44271737,0.31187242,0.7689541,0.019285074,0.09416345,0.123630315,0.29318747,0.3722217,null,null,null,null,"TWOGAUSSIANS",8,2.579171,0.29153895,0.010055264,0.4,0.012630726,0.43552044,0.052072797,0.7689541,0.019285074,0.4,0.0,0.2859897,0.04426634
375316653866487564,4076331710926166656,0.46407625,2330.3357709132,2.7812365716695195,7.318998E-5,16.936172,0.047011234,0.34122112,0.014338848,0.09878836,0.03477592,0.1747704,0.032542266,0.8296005,0.039789427,0.09948894,0.05701227,0.1538661,0.042596687,null,null,null,null,"TWOGAUSSIANS",8,38.392975,0.34122112,0.013498147,0.4,0.0,0.16302858,0.02007775,0.8296005,0.039789427,0.4,0.0,0.14212422,0.0144431405
375316653866487564,4076332466856625024,0.4938804,2241.4087932316666,0.1855459468680151,3.2091593E-5,19.08915,0.25324622,0.28886035,0.016021637,0.13869314,0.062021766,0.40984342,0.25161123,0.808221,0.0067759273,0.114418246,0.037029978,0.42733705,0.23744805,null,null,null,null,"TWOGAUSSIANS",8,3.0558922,0.808701,0.0068471422,0.4,0.0,0.32763442,0.044065356,0.28878036,0.015908621,0.4,0.0,0.3088339,0.054473408
375316653866487564,4076332810449563264,0.561195,2254.85110574234,2.5698580109339098,1.5522493E-5,18.84743,0.008789531,0.31244904,0.013182899,0.065508425,0.008098806,0.39317244,0.05409342,0.8233249,0.0028364332,0.06996189,0.0051605026,0.35785264,0.018937211,null,null,null,null,"TWOGAUSSIANS",8,1.9861643,0.31244904,0.013182899,0.3668472,0.045353312,0.39256126,0.05411397,0.8233249,0.0028364332,0.3917866,0.018778726,0.35724145,0.019163597
375316653866487564,4076333570698720384,0.62116736,2224.3244893830997,2.429770386399727,1.1452767E-5,14.688027,0.020063125,0.26408675,0.0034103687,0.07238963,0.005752555,0.36298585,0.019281503,0.7579391,0.0038284182,0.07401351,0.006909644,0.40644383,0.03548752,null,null,null,null,"TWOGAUSSIANS",8,25.2368,0.7579391,0.0038284182,0.4,0.0042365016,0.4044928,0.03591811,0.26408675,0.0034103687,0.4,0.014173655,0.3610348,0.017450396
375316653866487564,4076333605003859456,0.5011483,2185.1244635359963,2.266281839200102,4.938905E-5,18.617739,0.12692253,0.29154873,0.028342828,0.08028187,0.0396164,0.34936824,0.13086638,0.7800048,0.007895969,0.118358314,0.034579583,0.50233775,0.10520175,null,null,null,null,"TWOGAUSSIANS",8,15.695773,0.7800048,0.007895969,0.4,0.0,0.47142217,0.03130465,0.29158872,0.028628355,0.4,0.05527018,0.31859747,0.046576638
375316653866487564,4076334635793209728,0.6377684,2270.936330149708,3.3156116184847644,2.8411375E-6,17.391916,0.008930628,0.2000446,0.001305223,0.067129105,0.0030778656,0.48501122,0.01260359,0.69456804,0.002778857,0.07214075,0.003151371,0.551533,0.030504484,null,null,null,null,"TWOGAUSSIANS",8,6.148687,0.69456804,0.002778857,0.4,0.0029591362,0.55010444,0.030825216,0.2000446,0.001305223,0.375923,0.017236046,0.48358268,0.0126143955
375316653866487564,4076334837662452352,0.531867,2272.5825385898424,3.821316950521393,2.3058337E-5,18.721272,0.033974703,0.19964431,0.027196733,0.10673459,0.023726117,0.24445984,0.046034075,0.6892934,0.0046600616,0.10060355,0.014393206,0.25886476,0.028384477,null,null,null,null,"TWOGAUSSIANS",8,3.0871212,0.6892934,0.0046600616,0.4,0.0,0.234589,0.015398907,0.19964431,0.027198618,0.4,0.0,0.22017735,0.025501361
375316653866487564,4076334906395467776,0.5192112,2243.4190646410657,2.5593256080982076,1.6714856E-5,19.309471,0.19928193,0.28095147,0.010017554,0.1041819,0.058400847,0.24228588,0.18332027,0.78659606,0.0072782934,0.11791501,0.038991667,0.27053252,0.19320635,null,null,null,null,"TWOGAUSSIANS",8,1.1485618,0.78659606,0.007275457,0.4,0.0,0.2321302,0.018706962,0.28093147,0.0100923795,0.4,0.0,0.20394732,0.027692482
375316653866487564,4076335391708078848,0.49201286,2191.3556325548457,3.6457250638909438,4.2359527E-5,18.933304,0.027197182,0.24725203,0.020730048,0.10054772,0.034884807,0.16496676,0.042372525,0.76738685,0.003059168,0.05429601,0.008293401,0.20212726,0.023543693,null,null,null,null,"TWOGAUSSIANS",8,4.240513,0.76738685,0.0030617504,0.30405766,0.04644305,0.20093714,0.021259204,0.24725203,0.020730048,0.4,0.0,0.16377452,0.0430327
375316653866487564,4076336181984259328,0.5080786,2278.969376170965,2.7296604903350876,2.2461967E-5,19.367685,0.010744401,0.27111477,0.007271251,0.06681115,0.021122089,0.5637857,0.31355008,0.75466335,0.0104674585,0.082802795,0.009591416,0.2455367,0.022826698,null,null,null,null,"TWOGAUSSIANS",8,1.4564284,0.27111477,0.007271251,0.37414244,0.03911791,0.56197786,0.31789163,0.75466335,0.0104674585,0.4,0.0,0.24372888,0.021622052
375316653866487564,4076336594301134592,0.50333214,2305.309498003495,0.4135046829200668,4.6092E-5,19.256855,0.025573447,0.3953287,0.015432873,0.11213966,0.03349384,0.2548021,0.02056678,0.7582065,0.01893196,0.064597264,0.015520115,0.24460799,0.042610668,null,null,null,null,"TWOGAUSSIANS",8,2.3235202,0.3953287,0.015435465,0.4,0.0,0.25407442,0.018344218,0.7582065,0.01893196,0.36174467,0.07042552,0.24523667,0.042098332
375316653866487564,4076337212776823168,0.4358606,2340.2345007050553,1.1824152772869574,5.6404388E-5,19.577948,0.04924944,0.04101307,0.017989395,0.06931441,0.01031964,0.27522498,0.077029005,0.37656307,0.035952955,0.15235385,0.06010942,0.366732,0.06464145,null,null,null,null,"TWOGAUSSIANS",8,5.1964,0.37656307,0.035952955,0.4,0.0,0.35927057,0.048819654,0.05015307,0.013295436,0.3881607,0.050120533,0.3023508,0.028732713
375316653866487564,4076337311559264640,0.5409428,2270.9440668483417,1.7691080787800473,1.2255965E-5,17.302015,0.005084324,0.27414182,0.0031547137,0.054793205,0.006364385,0.13365507,0.022687009,0.75026006,0.011413891,0.058948968,0.004549416,0.17675506,0.04780206,null,null,null,null,"TWOGAUSSIANS",8,4.143681,0.75026006,0.011413891,0.33011422,0.02547673,0.17674741,0.047804702,0.27414182,0.0031547137,0.30684194,0.035640556,0.13364743,0.022699554
375316653866487564,4076338209206714752,0.57952774,2175.0043023247276,0.4380021129857367,1.647315E-5,19.821833,0.006783056,0.3252028,0.0011943253,0.038569383,0.0032725655,0.10124624,0.013511287,0.021751096,0.025669387,0.036727104,0.015374109,0.13173077,0.029496506,0.12119028,0.012403964,0.3252028,0.0011943253,"TWOGAUSSIANS_WITH_ELLIPSOIDAL_ON_ECLIPSE1",9,0.23880474,0.3252028,0.0011943253,0.21598856,0.018326366,0.34362546,0.020119164,0.021751096,0.025669387,0.20567179,0.08609501,0.15805574,0.04605583
375316653866487564,4076338411071729920,0.56282514,2206.2993935496343,2.7426348434073797,6.749356E-6,18.211136,0.009750015,0.24417867,0.00509005,0.11272513,0.0065468755,0.17950311,0.011876434,0.76287866,0.002043424,0.09593265,0.004925143,0.20272213,0.009890371,null,null,null,null,"TWOGAUSSIANS",8,1.0501771,0.7629087,0.002041151,0.4,0.0,0.18555693,0.0060742027,0.24417867,0.00509005,0.4,0.0,0.16231441,0.0075846934
375316653866487564,4076338621579890688,0.49388114,2238.785696220279,0.9328941002895347,1.0623995E-5,18.987432,0.042115506,0.21041235,0.013020457,0.049544416,0.008002382,0.19738027,0.022991462,0.6271912,0.034058113,0.26681834,0.10474928,0.08577069,0.03942824,null,null,null,null,"TWOGAUSSIANS",8,1.1737965,0.21146235,0.013253152,0.2774487,0.044813335,0.19687761,0.020208823,0.6271912,0.034058113,0.4,0.0,0.052186344,0.0062134922
375316653866487564,4076338789045406848,0.51952887,2230.9404030735113,3.4774736384848737,1.3957101E-5,19.21906,0.012930947,0.26835355,0.004722676,0.053583324,0.004383475,0.20676215,0.016842518,0.7765071,0.027484354,0.0874043,0.029645452,0.19796261,0.028108235,null,null,null,null,"TWOGAUSSIANS",8,1.3132914,0.26835355,0.004722676,0.30006662,0.024547461,0.20617312,0.015988555,0.7765071,0.027484354,0.4,0.016703447,0.19737354,0.02793927
375316653866487564,4076338793322230656,0.61749995,2216.41058468531,2.0748801892464463,6.433809E-6,18.66677,0.02491758,0.3276138,0.01055308,0.09541192,0.0109210145,0.42011872,0.030935891,0.8201201,0.0028155213,0.08525995,0.006054719,0.4440479,0.023481866,null,null,null,null,"TWOGAUSSIANS",8,0.97410965,0.8201201,0.0028155213,0.4,0.0,0.42739293,0.012729178,0.3276138,0.01055308,0.4,0.0,0.4034628,0.021945918
375316653866487564,4076338896401421568,0.51559633,2171.6969393661166,4.068179898370159,3.6236917E-5,18.167412,0.0096663805,0.2766334,0.013888875,0.041425493,0.013604865,0.21005146,0.03954174,0.8028362,0.014914704,0.06313324,0.01142226,0.13682923,0.050294608,null,null,null,null,"TWOGAUSSIANS",8,2.711825,0.2766334,0.013888875,0.23198275,0.076187246,0.21005046,0.039556324,0.8028362,0.014914704,0.35354614,0.06396465,0.13682823,0.050297923
375316653866487564,4076338965186983168,0.44526666,2233.3040330493936,0.5093082666880899,2.5320744E-5,19.425,0.0067148255,null,null,null,null,null,null,null,null,null,null,null,null,0.0951361,0.0141969295,0.7780889,0.0058062566,"ELLIPSOIDAL",4,2.0355108,null,null,null,null,null,null,null,null,null,null,null,null
375316653866487564,4076339201344521856,0.5661375,2152.3092087324226,1.5059542350963246,2.2282928E-5,18.102987,0.015592414,0.3370136,0.015668783,0.083903715,0.016946236,0.08879856,0.01976801,0.8301032,0.0051039597,0.06779497,0.011492617,0.31833673,0.023214474,null,null,null,null,"TWOGAUSSIANS",8,4.1945558,0.8301032,0.0051039597,0.37965184,0.044489563,0.31719226,0.02382108,0.3370136,0.015668783,0.4,0.0,0.0876541,0.017617144
375316653866487564,4076339682405332096,0.529175,2188.0002376560997,2.764805612739198,7.5493404E-6,18.674376,0.015157517,0.21120325,0.004172456,0.09040281,0.0075407145,0.22757544,0.019432988,0.7155812,0.0026850444,0.09544994,0.007929297,0.22754551,0.015002123,null,null,null,null,"TWOGAUSSIANS",8,1.0943294,0.21120325,0.004172456,0.4,0.0,0.21613005,0.016920906,0.7155812,0.0026850444,0.4,0.0,0.21609971,0.012722018
375316653866487564,4076339789811091200,0.63005686,2193.1195367613304,0.8563307833496898,1.3652368E-5,17.322496,0.00203083,0.30783832,0.0033323623,0.049657233,0.00300916,0.15755945,0.007233104,0.80286896,0.00905482,0.05050411,0.0037769806,0.33322918,0.06592444,null,null,null,null,"TWOGAUSSIANS",8,1.4299176,0.80286896,0.00905482,0.282823,0.021151092,0.33322778,0.06592449,0.30783832,0.0033323623,0.2780805,0.016851297,0.15755807,0.0072339657
375316653866487564,4076339824170828032,0.6125972,2199.1824889708223,3.072067627259527,7.856778E-6,18.028065,0.008681335,0.21913072,0.0016264187,0.07497782,0.0028822853,0.51955056,0.015865665,0.71484256,0.019175928,0.06437613,0.015456988,0.4943742,0.04420111,null,null,null,null,"TWOGAUSSIANS",8,3.4912071,0.21913072,0.0016264187,0.4,0.0,0.51809925,0.016641151,0.71484256,0.019175928,0.36050633,0.04634824,0.49292287,0.04228815
375316653866487564,4076339995913562496,0.48532802,2203.1053986309157,2.3204874273129796,1.378157E-5,19.316708,0.03544891,0.26669016,0.0047236057,0.084418245,0.010372091,0.30748114,0.038093608,0.75808483,0.0058238837,0.09886554,0.015176473,0.29893672,0.03210055,null,null,null,null,"TWOGAUSSIANS",8,1.1958166,0.26669016,0.0047236057,0.4,0.0,0.29464498,0.027351905,0.75808483,0.0058238837,0.4,0.0,0.28609875,0.022076413
375316653866487564,4076340403936604160,0.7054053,2247.5638638645232,0.01606070162331371,1.0321912E-6,16.923634,0.004191318,0.033433884,0.0010294372,0.01005793,0.002011691,0.055462286,0.008812906,0.21559013,7.918283E-9,6.473045E-4,1.0298414E-6,1.928642,0.0038186184,null,null,null,null,"TWOGAUSSIANS",8,11.060559,0.21559013,7.918283E-9,0.0036249054,5.7671123E-6,1.928642,0.0038186184,0.033433884,0.0010294372,0.056324407,0.01126547,0.055462286,0.008812906
