Gaia/vari_eclipsing_binary/VariEclipsingBinary_231850-231941.csv
# %ECSV 1.0
# ---
# delimiter: ','
# meta: !!omap
# - RELEASE: Gaia DR3
# - TABLE: vari_eclipsing_binary
# - DESCRIPTION: >
#     This table describes the properties of the eclipsing binaries resulting from the variability analysis. 
# - CITATION: >
#     How to cite and acknowledge Gaia: 
#     https://gea.esac.esa.int/archive/documentation/credits.html 
# - KNOWN_ISSUES: >
#     Known issues: 
#     https://www.cosmos.esa.int/web/gaia-users/known-issues 
# - DOCUMENTATION: >
#     Tutorials and documentation: 
#     https://www.cosmos.esa.int/web/gaia-users/archive 
# datatype:
# - 
#   name: solution_id
#   datatype: int64
#   description: Solution Identifier
#   meta:
#     ucd: meta.version
# - 
#   name: source_id
#   datatype: int64
#   description: Unique source identifier
#   meta:
#     ucd: meta.id;meta.main
# - 
#   name: global_ranking
#   datatype: float32
#   description: Number between 0 (worst) and 1 (best)
#   meta:
#     ucd: stat.param
# - 
#   name: reference_time
#   datatype: float64
#   unit: d
#   description: Reference time used for the geometric model fit
#   meta:
#     ucd: time.epoch
# - 
#   name: frequency
#   datatype: float64
#   unit: d**-1
#   description: Frequency of geometric model of the eclipsing binary light curve
#   meta:
#     ucd: src.orbital
# - 
#   name: frequency_error
#   datatype: float32
#   unit: d**-1
#   description: "Uncertainty of \\texttt{frequency}"
#   meta:
#     ucd: stat.error
# - 
#   name: geom_model_reference_level
#   datatype: float32
#   unit: mag
#   description: Magnitude reference level of geometric model
#   meta:
#     ucd: phot.mag;em.opt
# - 
#   name: geom_model_reference_level_error
#   datatype: float32
#   unit: mag
#   description: "Uncertainty of \\texttt{geomModelReferenceLevel}"
#   meta:
#     ucd: stat.error;phot.mag;em.opt
# - 
#   name: geom_model_gaussian1_phase
#   datatype: float32
#   description: Phase of the Gaussian 1 component
#   meta:
#     ucd: time.phase
# - 
#   name: geom_model_gaussian1_phase_error
#   datatype: float32
#   description: "Uncertainty of \\texttt{geomModelGaussian1Phase}"
#   meta:
#     ucd: stat.error;time.phase
# - 
#   name: geom_model_gaussian1_sigma
#   datatype: float32
#   description: "Standard deviation [phase] of Gaussian 1 component"
#   meta:
#     ucd: stat.stdev
# - 
#   name: geom_model_gaussian1_sigma_error
#   datatype: float32
#   description: "Uncertainty of \\texttt{geomModelGaussian1Sigma}"
#   meta:
#     ucd: stat.error
# - 
#   name: geom_model_gaussian1_depth
#   datatype: float32
#   unit: mag
#   description: Magnitude depth of Gaussian 1 component
#   meta:
#     ucd: src.var.amplitude
# - 
#   name: geom_model_gaussian1_depth_error
#   datatype: float32
#   unit: mag
#   description: "Uncertainty of \\texttt{geomModelGaussian1Depth}"
#   meta:
#     ucd: stat.error;src.var.amplitude
# - 
#   name: geom_model_gaussian2_phase
#   datatype: float32
#   description: Phase of Gaussian 2 component
#   meta:
#     ucd: time.phase
# - 
#   name: geom_model_gaussian2_phase_error
#   datatype: float32
#   description: "Uncertainty of \\texttt{geomModelGaussian2Phase}"
#   meta:
#     ucd: stat.error;time.phase
# - 
#   name: geom_model_gaussian2_sigma
#   datatype: float32
[...]
#   datatype: float32
#   description: "Secondary eclipse: uncertainty of \\texttt{derivedSecondaryEclDuration}"
#   meta:
#     ucd: stat.error;time.duration
# - 
#   name: derived_secondary_ecl_depth
#   datatype: float32
#   unit: mag
#   description: "Secondary eclipse: depth"
#   meta:
#     ucd: src.var.amplitude
# - 
#   name: derived_secondary_ecl_depth_error
#   datatype: float32
#   unit: mag
#   description: "Secondary eclipse: uncertainty of \\texttt{derivedSecondaryEclDepth}"
#   meta:
#     ucd: stat.error;src.var.amplitude
solution_id,source_id,global_ranking,reference_time,frequency,frequency_error,geom_model_reference_level,geom_model_reference_level_error,geom_model_gaussian1_phase,geom_model_gaussian1_phase_error,geom_model_gaussian1_sigma,geom_model_gaussian1_sigma_error,geom_model_gaussian1_depth,geom_model_gaussian1_depth_error,geom_model_gaussian2_phase,geom_model_gaussian2_phase_error,geom_model_gaussian2_sigma,geom_model_gaussian2_sigma_error,geom_model_gaussian2_depth,geom_model_gaussian2_depth_error,geom_model_cosine_half_period_amplitude,geom_model_cosine_half_period_amplitude_error,geom_model_cosine_half_period_phase,geom_model_cosine_half_period_phase_error,model_type,num_model_parameters,reduced_chi2,derived_primary_ecl_phase,derived_primary_ecl_phase_error,derived_primary_ecl_duration,derived_primary_ecl_duration_error,derived_primary_ecl_depth,derived_primary_ecl_depth_error,derived_secondary_ecl_phase,derived_secondary_ecl_phase_error,derived_secondary_ecl_duration,derived_secondary_ecl_duration_error,derived_secondary_ecl_depth,derived_secondary_ecl_depth_error
[from data line 108]
375316653866487564,2039528584164952832,0.49426776,2185.389510120761,2.555374008216763,1.6465345E-5,18.462885,0.010496866,0.2607276,0.007141166,0.11057013,0.010882502,0.13391367,0.009974538,0.755063,0.004735227,0.09535865,0.015632764,0.07879087,0.008868088,null,null,null,null,"TWOGAUSSIANS",8,1.9777032,0.2607276,0.007141166,0.4,0.0,0.12370169,0.004167037,0.755063,0.004735227,0.4,0.0,0.0685887,0.0086842235
375316653866487564,2039529718042413312,0.42184094,2226.9004921969613,1.4399351645904248,3.51387E-5,18.965595,0.012948575,0.5282447,0.016334867,0.024338543,0.0164099,0.5155568,11.617305,0.8128233,0.0047879717,0.032757822,0.0034866936,0.39208755,0.023466399,null,null,null,null,"TWOGAUSSIANS",8,11.037244,0.5282447,0.016334867,0.13629584,0.09189544,0.5155568,11.617305,0.8128233,0.0047879717,0.1834438,0.019525483,0.39208755,0.023466399
375316653866487564,2039529786761834240,0.62885594,2199.007931680522,2.640084845761142,1.6849725E-6,17.75087,0.0073730783,0.24831952,6.4617937E-4,0.0469328,0.0019220824,0.3801431,0.015255877,0.7522807,0.0061091254,0.043497756,0.0066519985,0.30862054,0.065196894,0.13784188,0.009062872,0.24831952,6.4617937E-4,"TWOGAUSSIANS_WITH_ELLIPSOIDAL_ON_ECLIPSE1",9,6.920776,0.24831952,6.4617937E-4,0.26282367,0.010763662,0.6558262,0.010309071,0.7522807,0.0059621288,0.24358743,0.03725119,0.5841329,0.06959472
375316653866487564,2039531332943897216,0.5093896,2221.090514166874,3.4147709569868607,1.8075607E-5,19.507513,0.009029428,0.20640357,0.00461756,0.052845664,0.007908569,0.3253604,0.021837573,0.70278394,0.0030456476,0.05024903,0.004515769,0.37055573,0.020779109,null,null,null,null,"TWOGAUSSIANS",8,2.4264448,0.70278394,0.0030456476,0.28139454,0.025288306,0.37055117,0.020781497,0.20640357,0.00461756,0.29593572,0.044287983,0.32535583,0.021845749
375316653866487564,2039531642187704704,0.6019169,2216.350558415212,0.7283498732807101,1.8255816E-5,18.436062,0.002811399,0.25856355,0.0077139884,0.030273695,0.004866577,0.14654954,0.012635532,0.7545597,7.824033E-4,0.02459019,6.9191825E-4,0.9222829,0.056689817,null,null,null,null,"TWOGAUSSIANS",8,2.6192925,0.7545597,7.824033E-4,0.13770507,0.0038747422,0.9222829,0.056689817,0.25856355,0.0077139884,0.16953269,0.027252832,0.14654954,0.012635532
375316653866487564,2039535417455171968,0.5005082,2232.3450113869453,1.103545197301392,1.8004224E-5,18.202555,0.008216388,0.21825708,0.00789084,0.020442156,0.0060642897,0.36205778,0.09530821,0.7218162,0.006131851,0.026822848,0.0049485173,0.7137811,0.37744284,null,null,null,null,"TWOGAUSSIANS",8,27.15708,0.7218162,0.006131851,0.15020795,0.027711697,0.7137811,0.37744284,0.21825708,0.00789084,0.11447607,0.033960022,0.36205778,0.09530821
375316653866487564,2039535868436041984,0.6358801,2250.9494654306195,2.7795536493212243,4.5293295E-6,15.925867,0.015613651,0.28402162,0.001488962,0.04868205,0.0037130862,0.38139468,0.037072506,0.7767938,0.0012636145,0.05558724,0.003119477,0.51750094,0.03723461,0.09712386,0.022777908,0.7767938,0.0012636145,"TWOGAUSSIANS_WITH_ELLIPSOIDAL_ON_ECLIPSE2",9,61.014694,0.7767938,0.0012636145,0.31128854,0.01746907,0.7117273,0.013813428,0.28339162,0.0012860639,0.27261946,0.020793283,0.5752555,0.010093273
375316653866487564,2039536315112654464,0.67580235,2238.038252751007,0.5692082345638844,5.6220513E-5,13.826346,9.935492E-4,0.7398311,5.811011E-4,0.019509308,3.0786224E-4,0.65884036,0.0090828985,0.60396564,0.025229653,0.030394081,0.031844225,0.0141629195,0.046968002,0.0024484845,0.0011519414,0.7398311,5.811011E-4,"TWOGAUSSIANS_WITH_ELLIPSOIDAL_ON_ECLIPSE1",9,23.356146,0.7398311,5.811011E-4,0.109252125,0.0017240286,0.663738,0.009074343,0.6059656,0.02135733,0.17020684,0.17832765,0.016308557,0.046835616
375316653866487564,2039536830510475520,0.5250346,2241.9756432199597,1.7919456904310025,1.2314066E-5,19.03911,0.02014497,0.24618316,0.0073825507,0.11700261,0.015153598,0.16914889,0.019459026,0.73141557,0.0030206947,0.08751482,0.006087014,0.31835362,0.019836936,null,null,null,null,"TWOGAUSSIANS",8,1.6894103,0.73141557,0.0030206947,0.4,0.0,0.3002669,0.0121421795,0.24618316,0.0073825507,0.4,0.0,0.1510205,0.013365858
375316653866487564,2039536933587990528,0.5266246,2219.053971032389,3.069075190261792,9.1285965E-6,17.361214,0.018120598,0.24397458,0.006769041,0.046558212,0.0098201325,0.17798218,0.04219079,0.7281893,0.0020502596,0.04460471,0.0043958053,0.52260387,0.038270615,0.049033567,0.02192613,0.24397458,0.006769041,"TWOGAUSSIANS_WITH_ELLIPSOIDAL_ON_ECLIPSE1",9,76.071365,0.7286393,0.0019614466,0.24978638,0.02461651,0.6197367,0.029766873,0.24397458,0.006769041,0.26072598,0.054992743,0.2760492,0.019797169
375316653866487564,2039537174106187648,0.61393017,2202.876728106365,1.7217002467842746,3.3062763E-6,15.266983,0.006318804,0.25852194,0.0012128316,0.09224505,0.0030633784,0.24873327,0.004637453,0.76754963,0.0014161182,0.12356942,0.0058471966,0.147081,0.005189691,null,null,null,null,"TWOGAUSSIANS",8,6.5498886,0.25849193,0.0012043876,0.4,0.0,0.22663902,0.004657021,0.76754963,0.0014161182,0.4,0.0,0.12490169,0.0024710116
375316653866487564,2039537616478430720,0.54992044,2230.020854914278,2.6280652426787454,7.798733E-6,19.148066,0.00938192,0.24344958,0.00301279,0.08210367,0.004129999,0.42073786,0.015823849,0.74338365,0.0024824757,0.071876615,0.005216173,0.47810313,0.044950634,null,null,null,null,"TWOGAUSSIANS",8,2.121042,0.74338365,0.0024824757,0.4,0.00989758,0.47353858,0.046456493,0.24344958,0.00301279,0.4,0.0,0.41617328,0.015833508
375316653866487564,2039538406750897024,0.4787821,2237.392387970596,0.3810124670824788,3.269974E-5,18.005663,0.0029907476,0.4035228,0.0068567917,0.021817878,0.006925106,0.15722604,0.036922257,0.5751128,0.049963117,0.08054296,0.071705975,0.011156042,0.04289906,null,null,null,null,"TWOGAUSSIANS",8,2.4990456,0.4036128,0.0068431194,0.12218012,0.038780596,0.15838076,0.038157657,0.5751128,0.049963117,0.4,0.21330734,0.011156042,0.04289909
375316653866487564,2039542358122759296,0.6190514,2249.1145540560133,0.8528480773084013,2.274667E-6,16.484838,0.004296708,0.25235075,5.126118E-4,0.026526945,6.8527984E-4,0.6192549,0.011430979,0.7461148,0.0033463165,0.024079358,0.0063460865,0.050728433,0.009554998,0.033543196,0.0065306905,0.25235075,5.126118E-4,"TWOGAUSSIANS_WITH_ELLIPSOIDAL_ON_ECLIPSE1",9,25.770332,0.25235075,5.126118E-4,0.14855088,0.003837567,0.6863412,0.009636182,0.7464748,0.0031841374,0.1348444,0.035538085,0.11771769,0.0054507144
375316653866487564,2039545901479662208,0.589352,2249.8482018812424,2.7339443453016865,5.074439E-6,15.84747,0.0040957476,0.23108546,0.0014515759,0.046052605,0.005599647,0.07864369,0.011712305,0.71624917,0.005829114,0.053990666,0.006174818,0.074885294,0.0140714375,0.08771179,0.00814228,0.23108546,0.0014515759,"TWOGAUSSIANS_WITH_ELLIPSOIDAL_ON_ECLIPSE1",9,19.598257,0.23108546,0.0014515759,0.25789458,0.031358022,0.2540667,0.0057352656,0.72144914,0.003552449,0.30234772,0.034578983,0.2493195,0.00951339
375316653866487564,2039546378212292608,0.52216774,2239.876543659643,2.95992599456134,1.0620833E-5,17.973555,0.013239762,0.29276228,0.0040589613,0.09123506,0.0070712017,0.25486454,0.01276509,0.7896133,0.006505973,0.091533564,0.010560602,0.24628553,0.014066262,null,null,null,null,"TWOGAUSSIANS",8,6.473575,0.29276228,0.0040589613,0.4,0.0,0.24353528,0.007962914,0.7896133,0.006505973,0.4,0.0,0.23495625,0.013752604
375316653866487564,2039556381200061952,0.5743247,2253.8890629577973,1.9550973520529658,7.0903366E-6,16.099634,0.013646477,0.28466314,0.0018889827,0.09121161,0.0049124076,0.34738985,0.013080021,0.7922525,0.005644303,0.06980753,0.0130744735,0.20394552,0.013522409,null,null,null,null,"TWOGAUSSIANS",8,32.307472,0.28466314,0.0018889827,0.4,0.0,0.3435926,0.010292355,0.7922525,0.005644303,0.3909222,0.049103193,0.20014852,0.013883529
375316653866487564,2039560156467691008,0.57454705,2264.645506253358,3.523569056066741,9.703233E-6,17.984787,0.006728741,0.20730545,0.00248706,0.07884704,0.0040009627,0.30335897,0.006704063,0.68981624,0.0036431092,0.085865274,0.005534309,0.3453046,0.01787681,null,null,null,null,"TWOGAUSSIANS",8,4.002559,0.68981624,0.0036431092,0.4,0.0,0.34064323,0.01908271,0.20730545,0.00248706,0.4,0.0,0.29869762,0.006043923
375316653866487564,2039561324693853312,0.4863055,2236.479534720066,3.342374465698116,2.3489883E-5,18.46295,0.043231647,0.25472155,0.0067399554,0.103340834,0.02586375,0.21294437,0.038653325,0.72617793,0.009223999,0.10116658,0.020859642,0.24827103,0.041738484,null,null,null,null,"TWOGAUSSIANS",8,5.8159204,0.72617793,0.009223999,0.4,0.0,0.23200253,0.021296123,0.25473157,0.0067450763,0.4,0.0,0.19667405,0.016992021
375316653866487564,2039562497233611776,0.5572223,2249.642169582833,2.6277648409675582,1.3588532E-5,15.873167,0.012560045,0.2936136,0.005123574,0.10542856,0.010494926,0.14423974,0.012266041,0.78093874,0.0071500875,0.10018343,0.015680166,0.15340441,0.024756629,null,null,null,null,"TWOGAUSSIANS",8,11.798809,0.78093874,0.0071500875,0.4,0.0,0.14013861,0.028582133,0.2936136,0.0051302593,0.4,0.0,0.13097101,0.0055178185
375316653866487564,2039563111400392832,0.5466613,2265.772422681478,2.7783779721653006,8.130404E-6,17.493032,0.0062846155,0.15655027,0.0017829543,0.07760739,0.0027142174,0.3609753,0.009736306,0.65445495,0.0027537055,0.08016615,0.005498276,0.37382263,0.020800201,null,null,null,null,"TWOGAUSSIANS",8,12.481204,0.65445495,0.0027537055,0.4,0.0,0.36917716,0.0218965,0.15655027,0.0017829543,0.4,0.0,0.35632983,0.009668381
375316653866487564,2039566994050876032,0.44838035,2256.592265685946,2.404255375622274,3.3626147E-5,19.567827,0.011201124,0.21440949,0.017579716,0.02094436,0.034531247,0.4631838,0.32742903,0.6376328,0.005527727,0.008022908,0.0036184408,0.9552072,0.7919039,null,null,null,null,"TWOGAUSSIANS",8,7.847719,0.6376328,0.005527727,0.044928286,0.020263268,0.9552072,0.7919039,0.21440949,0.017579716,0.11728842,0.19337499,0.4631838,0.32742903
375316653866487564,2039569364872722560,0.45995545,2195.8005016542998,0.7907018238308051,8.103306E-5,19.338186,0.013852564,0.251348,0.0045590387,0.02511224,0.004383226,0.38498902,0.05139007,0.75578445,0.020651853,0.13701482,0.03183291,0.079318665,0.02010038,null,null,null,null,"TWOGAUSSIANS",8,3.2351375,0.251348,0.0045590387,0.14062855,0.024546066,0.38403177,0.0514641,0.75578445,0.020651853,0.4,0.0,0.07815657,0.019363137
375316653866487564,2039569918923516672,0.5050337,2222.436508116966,1.5516915050576083,1.432406E-5,18.48346,0.0040570125,0.29487175,0.0055384873,0.047943383,0.004943233,0.106114805,0.014868323,0.78829247,0.006434138,0.06638143,0.007131366,0.1401831,0.004693491,null,null,null,null,"TWOGAUSSIANS",8,1.8666195,0.78829247,0.006434138,0.37173602,0.03993565,0.14016968,0.004689905,0.29487175,0.0055384873,0.26848295,0.027682105,0.106101386,0.0148703735
375316653866487564,2039570670542962304,0.5485934,2241.780510008252,4.36009921345387,1.2291692E-5,18.426302,0.00805372,0.28992933,0.003480756,0.06860218,0.0031238915,0.54782003,0.04003701,0.78090477,0.002905666,0.070517614,0.0029437426,0.5650804,0.015570336,null,null,null,null,"TWOGAUSSIANS",8,9.197653,0.78090477,0.002905666,0.39489862,0.015784947,0.5637019,0.015488049,0.28992933,0.003480756,0.3841722,0.017493792,0.54644156,0.04013826
375316653866487564,2039570915369371904,0.4156248,2235.5688958086994,0.1047002984248827,3.4978817E-5,18.630064,0.008955228,0.27129993,0.015874477,0.061413907,0.017443705,0.094549105,0.03933253,0.72993404,0.006124379,0.039152272,0.0065956684,0.5799245,0.2717622,null,null,null,null,"TWOGAUSSIANS",8,7.755629,0.72993404,0.006124379,0.21925272,0.036935743,0.57992435,0.27176327,0.27129993,0.015874477,0.34391788,0.09768475,0.09454892,0.039333906
375316653866487564,2039572800858127360,0.6287028,2260.890486150868,3.521453905151217,3.855355E-6,18.599894,0.009571307,0.27529705,0.0011172822,0.046435256,0.0019482877,0.5616856,0.020862082,0.7755183,0.0048812674,0.04324034,0.0065925685,0.454541,0.04460201,0.1391573,0.012054411,0.27529705,0.0011172822,"TWOGAUSSIANS_WITH_ELLIPSOIDAL_ON_ECLIPSE1",9,4.141067,0.27529705,0.0011172822,0.26003742,0.01091041,0.8399993,0.011770385,0.7755183,0.0048156953,0.2421459,0.036918383,0.7328542,0.049360335
375316653866487564,2039574347034992640,0.5817089,2224.3597331201204,0.8712540684704837,1.0427252E-5,18.576845,0.012442963,0.27499425,0.0011915532,0.03335495,0.0016686815,1.1214129,0.043153044,null,null,null,null,null,null,0.09171748,0.019753654,0.27499425,0.0011915532,"ONEGAUSSIAN_WITH_ELLIPSOIDAL",6,16.62286,0.27499425,0.0011915532,0.18678771,0.009344617,1.3048478,0.04502075,null,null,null,null,null,null
375316653866487564,2039574763663844608,0.5214453,2214.822755859831,1.6591069563594998,3.9213246E-5,18.356588,0.0034320676,0.21335462,0.022467265,0.027813574,0.024713464,0.30586937,220.49046,0.70101655,0.0055053374,0.024879275,0.009233403,0.115970105,0.030171342,null,null,null,null,"TWOGAUSSIANS",8,4.77721,0.21335462,0.022467265,0.15575603,0.1383954,0.30586937,220.49046,0.70101655,0.0055053374,0.13932393,0.051707055,0.115970105,0.030171342
375316653866487564,2039574828071431040,0.6098886,2245.192492504351,2.734117047964735,4.308613E-6,16.355968,0.005020312,0.21544093,0.0018389889,0.095387764,0.004207748,0.20730674,0.005621827,0.7153933,0.0017315262,0.088132866,0.0029492318,0.22692412,0.004671461,null,null,null,null,"TWOGAUSSIANS",8,5.98247,0.7153933,0.0017315262,0.4,0.0,0.2163621,0.0031475513,0.21544093,0.0018389889,0.4,0.0,0.19674432,0.0057123075
375316653866487564,2039575687064990720,0.4907336,2258.7594490386064,2.452257942222195,1.39488375E-5,19.626642,0.00963898,0.26934424,0.004577863,0.089076735,0.007836877,0.28579593,0.020018661,0.76575613,0.006091434,0.054524053,0.011190633,0.28776443,0.035010766,null,null,null,null,"TWOGAUSSIANS",8,2.1856117,0.76575613,0.006091434,0.3053347,0.06266754,0.2865789,0.03565105,0.26934424,0.004577863,0.4,0.0,0.28461033,0.020399738
375316653866487564,2039576752216703360,0.45817307,2245.2459874605543,2.844640929926568,2.4953528E-5,15.150464,0.25660184,0.29256642,0.011232336,0.13777581,0.032057863,0.15249802,0.13801426,0.7813566,0.01064925,0.19964631,0.16598795,0.14079636,0.25143772,null,null,null,null,"TWOGAUSSIANS",8,55.468025,0.29539642,0.00885192,0.4,0.0,0.07549178,0.008791801,0.7813566,0.01064925,0.4,0.0,0.05186592,0.009373497
375316653866487564,2039579054319535616,0.5022302,2214.246321267849,1.2542405767714062,3.8443927E-6,18.004902,0.005144836,0.25934055,0.009565502,0.037891023,0.003959682,0.077761985,0.025715323,0.6215694,9.1685064E-4,0.0073831384,3.21383E-4,5.4977465,1.7464237,null,null,null,null,"TWOGAUSSIANS",8,14.052623,0.6215694,9.1685064E-4,0.041345574,0.0017997448,5.4977465,1.7464237,0.25934055,0.009565502,0.21218972,0.022174219,0.077761985,0.025715323
375316653866487564,2039579986326914944,0.4568934,2266.382000380757,3.1986711033006507,1.8245237E-5,18.409771,0.027685236,0.28406537,0.008916044,0.10010158,0.01432854,0.17123668,0.027621517,0.79412085,0.0056456244,0.1158874,0.017346105,0.20589526,0.02459393,null,null,null,null,"TWOGAUSSIANS",8,4.5548525,0.79412085,0.0056468192,0.4,0.0,0.18269871,0.015049994,0.28403535,0.008930363,0.4,0.0,0.14807853,0.014976881
375316653866487564,2039580845334253568,0.6486658,2210.907531463183,2.6927055793474834,4.9500327E-6,16.983192,0.01704574,0.19252083,0.0017575801,0.064430796,0.005222001,0.32997376,0.03311237,0.6921318,0.0019029027,0.059712436,0.003973626,0.32463145,0.03453417,0.0773168,0.018055797,0.19252083,0.0017575801,"TWOGAUSSIANS_WITH_ELLIPSOIDAL_ON_ECLIPSE1",9,7.8021817,0.19252083,0.0017575801,0.3608125,0.029243207,0.48438248,0.015064491,0.6921818,0.0016384115,0.33438966,0.022252306,0.4790394,0.010991383
375316653866487564,2039581669954335360,0.5820598,2222.1859915738087,2.607745206019912,1.0335409E-5,16.714262,0.03876294,0.25883698,0.0022314126,0.11770087,0.010642018,0.3540736,0.03662527,0.7493652,0.0035301973,0.11142999,0.009900574,0.38692972,0.03344338,null,null,null,null,"TWOGAUSSIANS",8,13.162084,0.7493652,0.0035301973,0.4,0.0,0.32466632,0.0132911345,0.25885698,0.0022276107,0.4,0.0,0.2917552,0.011495569
