Gaia/vari_eclipsing_binary/VariEclipsingBinary_462785-462817.csv
# %ECSV 1.0
# ---
# delimiter: ','
# meta: !!omap
# - RELEASE: Gaia DR3
# - TABLE: vari_eclipsing_binary
# - DESCRIPTION: >
#     This table describes the properties of the eclipsing binaries resulting from the variability analysis. 
# - CITATION: >
#     How to cite and acknowledge Gaia: 
#     https://gea.esac.esa.int/archive/documentation/credits.html 
# - KNOWN_ISSUES: >
#     Known issues: 
#     https://www.cosmos.esa.int/web/gaia-users/known-issues 
# - DOCUMENTATION: >
#     Tutorials and documentation: 
#     https://www.cosmos.esa.int/web/gaia-users/archive 
# datatype:
# - 
#   name: solution_id
#   datatype: int64
#   description: Solution Identifier
#   meta:
#     ucd: meta.version
# - 
#   name: source_id
#   datatype: int64
#   description: Unique source identifier
#   meta:
#     ucd: meta.id;meta.main
# - 
#   name: global_ranking
#   datatype: float32
#   description: Number between 0 (worst) and 1 (best)
#   meta:
#     ucd: stat.param
# - 
#   name: reference_time
#   datatype: float64
#   unit: d
#   description: Reference time used for the geometric model fit
#   meta:
#     ucd: time.epoch
# - 
#   name: frequency
#   datatype: float64
#   unit: d**-1
#   description: Frequency of geometric model of the eclipsing binary light curve
#   meta:
#     ucd: src.orbital
# - 
#   name: frequency_error
#   datatype: float32
#   unit: d**-1
#   description: "Uncertainty of \\texttt{frequency}"
#   meta:
#     ucd: stat.error
# - 
#   name: geom_model_reference_level
#   datatype: float32
#   unit: mag
#   description: Magnitude reference level of geometric model
#   meta:
#     ucd: phot.mag;em.opt
# - 
#   name: geom_model_reference_level_error
#   datatype: float32
#   unit: mag
#   description: "Uncertainty of \\texttt{geomModelReferenceLevel}"
#   meta:
#     ucd: stat.error;phot.mag;em.opt
# - 
#   name: geom_model_gaussian1_phase
#   datatype: float32
#   description: Phase of the Gaussian 1 component
#   meta:
#     ucd: time.phase
# - 
#   name: geom_model_gaussian1_phase_error
#   datatype: float32
#   description: "Uncertainty of \\texttt{geomModelGaussian1Phase}"
#   meta:
#     ucd: stat.error;time.phase
# - 
#   name: geom_model_gaussian1_sigma
#   datatype: float32
#   description: "Standard deviation [phase] of Gaussian 1 component"
#   meta:
#     ucd: stat.stdev
# - 
#   name: geom_model_gaussian1_sigma_error
#   datatype: float32
#   description: "Uncertainty of \\texttt{geomModelGaussian1Sigma}"
#   meta:
#     ucd: stat.error
# - 
#   name: geom_model_gaussian1_depth
#   datatype: float32
#   unit: mag
#   description: Magnitude depth of Gaussian 1 component
#   meta:
#     ucd: src.var.amplitude
# - 
#   name: geom_model_gaussian1_depth_error
#   datatype: float32
#   unit: mag
#   description: "Uncertainty of \\texttt{geomModelGaussian1Depth}"
#   meta:
#     ucd: stat.error;src.var.amplitude
# - 
#   name: geom_model_gaussian2_phase
#   datatype: float32
#   description: Phase of Gaussian 2 component
#   meta:
#     ucd: time.phase
# - 
#   name: geom_model_gaussian2_phase_error
#   datatype: float32
#   description: "Uncertainty of \\texttt{geomModelGaussian2Phase}"
#   meta:
#     ucd: stat.error;time.phase
# - 
#   name: geom_model_gaussian2_sigma
#   datatype: float32
[...]
#   datatype: float32
#   description: "Secondary eclipse: uncertainty of \\texttt{derivedSecondaryEclDuration}"
#   meta:
#     ucd: stat.error;time.duration
# - 
#   name: derived_secondary_ecl_depth
#   datatype: float32
#   unit: mag
#   description: "Secondary eclipse: depth"
#   meta:
#     ucd: src.var.amplitude
# - 
#   name: derived_secondary_ecl_depth_error
#   datatype: float32
#   unit: mag
#   description: "Secondary eclipse: uncertainty of \\texttt{derivedSecondaryEclDepth}"
#   meta:
#     ucd: stat.error;src.var.amplitude
solution_id,source_id,global_ranking,reference_time,frequency,frequency_error,geom_model_reference_level,geom_model_reference_level_error,geom_model_gaussian1_phase,geom_model_gaussian1_phase_error,geom_model_gaussian1_sigma,geom_model_gaussian1_sigma_error,geom_model_gaussian1_depth,geom_model_gaussian1_depth_error,geom_model_gaussian2_phase,geom_model_gaussian2_phase_error,geom_model_gaussian2_sigma,geom_model_gaussian2_sigma_error,geom_model_gaussian2_depth,geom_model_gaussian2_depth_error,geom_model_cosine_half_period_amplitude,geom_model_cosine_half_period_amplitude_error,geom_model_cosine_half_period_phase,geom_model_cosine_half_period_phase_error,model_type,num_model_parameters,reduced_chi2,derived_primary_ecl_phase,derived_primary_ecl_phase_error,derived_primary_ecl_duration,derived_primary_ecl_duration_error,derived_primary_ecl_depth,derived_primary_ecl_depth_error,derived_secondary_ecl_phase,derived_secondary_ecl_phase_error,derived_secondary_ecl_duration,derived_secondary_ecl_duration_error,derived_secondary_ecl_depth,derived_secondary_ecl_depth_error
[from data line 262]
375316653866487564,4070898233695833600,0.4952983,2209.7344825068303,2.1441968535557345,2.5695292E-5,18.08474,0.2410185,0.21224557,0.013634875,0.1315961,0.06630263,0.2003814,0.23408374,0.72618175,0.0036493381,0.119489014,0.05119963,0.22333147,0.21280439,null,null,null,null,"TWOGAUSSIANS",8,5.1692953,0.72639173,0.0024903647,0.4,0.0,0.17184973,0.017935455,0.21214557,0.013089119,0.4,0.0,0.14866167,0.0139935305
375316653866487564,4070899062629125504,0.6056235,2199.284636887559,2.0668852429558555,9.953149E-5,19.726713,0.008180715,0.24473369,0.020703975,0.025845777,0.008035644,0.9099297,1.1654295,0.6136345,0.10599903,0.104670234,0.09623024,0.06746439,55.703945,null,null,null,null,"TWOGAUSSIANS",8,0.60518897,0.24473369,0.020718124,0.14473635,0.044999607,0.9100632,1.1645954,0.6136345,0.10599903,0.4,0.27285996,0.067462474,55.703983
375316653866487564,4070900505757828480,0.6011555,2231.1987664622566,0.5057310574230067,1.4916622E-5,16.033922,0.003005006,0.35330167,0.0030029805,0.023549974,0.0022204313,0.3836138,0.02866005,0.8559059,0.0051040356,0.027064245,0.005632372,0.37161818,0.030467648,null,null,null,null,"TWOGAUSSIANS",8,19.8437,0.35330167,0.0030029805,0.13187985,0.012434416,0.3836138,0.02866005,0.8559059,0.0051040356,0.15155977,0.031541284,0.37161818,0.030467648
375316653866487564,4070900707611782016,0.64423525,2266.602588725721,1.206443354752656,6.5115387E-6,17.676805,0.00580178,0.18299456,0.0017748919,0.06093496,0.0017361416,0.5242283,0.01074488,0.679373,0.0027465657,0.070323914,0.0050963997,0.23183052,0.042219233,null,null,null,null,"TWOGAUSSIANS",8,3.1767192,0.18299456,0.0017748919,0.3412358,0.009722393,0.5238023,0.010694806,0.679373,0.0027465657,0.3938139,0.028069586,0.23140451,0.04237021
375316653866487564,4070901600966227456,0.46651727,2278.723765959002,1.2183571170263294,5.2676478E-5,19.248238,0.26783127,0.28679976,0.029373057,0.09649739,0.040096108,0.46125668,0.27175647,0.77603304,0.01143471,0.10202914,0.06960487,0.4400536,0.1821356,null,null,null,null,"TWOGAUSSIANS",8,16.432655,0.28679976,0.029382484,0.4,0.0,0.42838874,0.11850345,0.77603304,0.01143471,0.4,0.0,0.4071812,0.08775304
375316653866487564,4070903426336618240,0.59479576,2285.875263199761,0.24345349882302805,5.053982E-6,15.743655,9.3220436E-4,0.23687898,0.00999641,0.01301462,0.008182004,0.1870873,0.3747266,0.7364784,6.585075E-4,0.010977245,0.001402148,0.17970426,0.039521057,null,null,null,null,"TWOGAUSSIANS",8,5.97946,0.23687898,0.00999641,0.07288187,0.045819227,0.1870873,0.3747266,0.7364784,6.585075E-4,0.061472572,0.007852029,0.17970426,0.039521057
375316653866487564,4070906273878514432,0.63518757,2255.061989684475,2.1775867481593933,1.1913761E-5,19.26272,0.008146691,0.22349057,0.0045569055,0.079332516,0.0049784654,0.48513734,0.011168697,0.72469574,0.0072479374,0.08255927,0.0057960977,0.5038758,0.018539995,null,null,null,null,"TWOGAUSSIANS",8,0.66895723,0.72469574,0.0072479374,0.4,0.0,0.4956736,0.018297022,0.22349057,0.0045569055,0.4,0.0,0.47693515,0.009869573
375316653866487564,4070907171532286848,0.5544607,2309.7544306164286,0.8116081015707207,5.0033384E-5,19.151363,0.0037739426,0.3578146,0.02288478,0.053901147,0.017208045,0.314281,0.032304425,0.58518326,0.03485371,0.057739276,0.029685749,0.035182666,0.010832987,null,null,null,null,"TWOGAUSSIANS",8,1.2193702,0.35782462,0.023255084,0.30184644,0.09636506,0.3142961,0.030131705,0.58518326,0.03485371,0.32333994,0.14642228,0.035225667,0.010820979
375316653866487564,4070907510825771904,0.5618657,2291.757043659157,0.3337020200658239,2.5306463E-5,15.862808,0.0015216012,0.27525547,0.0027231728,0.046219032,0.006567295,0.083778575,0.010910128,0.77694243,0.028639987,0.021093568,0.010120664,0.31652394,0.3052308,0.008183281,0.0026702252,0.27525547,0.0027231728,"TWOGAUSSIANS_WITH_ELLIPSOIDAL_ON_ECLIPSE1",9,4.4306993,0.77694243,0.028639987,0.11812398,0.056675717,0.33288857,0.30595198,0.27525547,0.0027231728,0.25882658,0.036776852,0.100145064,0.011650535
375316653866487564,4070907515145328384,0.5538208,2328.262086334994,1.0742808979918896,9.627736E-5,17.121103,0.007994322,0.16733573,0.005640424,0.03114825,0.0122543685,0.17028432,0.025608724,0.6601633,0.009761927,0.026842663,0.012159317,0.5386728,0.18063107,0.028102113,0.010819702,0.16733573,0.005640424,"TWOGAUSSIANS_WITH_ELLIPSOIDAL_ON_ECLIPSE1",9,23.838808,0.6602033,0.00970109,0.15031892,0.068092175,0.5947636,0.18719125,0.16733573,0.005640424,0.1744302,0.06862447,0.22648853,0.017523639
375316653866487564,4070912011954967680,0.59234375,2303.5806653955356,2.3250094012884017,1.0157612E-5,19.024418,0.056696,0.22080213,0.004648181,0.10866526,0.010769691,0.5360808,0.052635845,0.74599266,0.005295432,0.12199967,0.010977852,0.60444456,0.047603536,null,null,null,null,"TWOGAUSSIANS",8,1.3789802,0.7460227,0.0052724434,0.4,0.0,0.5190972,0.011514185,0.22062214,0.00457645,0.4,0.0,0.45105913,0.01680324
375316653866487564,4070913425021284992,0.63848305,2303.2637188623867,0.2265013312051136,6.766206E-5,17.631334,0.011117729,0.26515982,0.03724525,0.10810702,0.06541352,0.04981522,0.047057953,0.7682017,0.006110485,0.04728984,0.0053399107,0.54750717,0.059164636,null,null,null,null,"TWOGAUSSIANS",8,3.0698633,0.7682017,0.006110485,0.2648231,0.029903501,0.5465949,0.05917096,0.26515982,0.03724525,0.4,0.05743736,0.048900682,0.048447277
375316653866487564,4070913523778643968,0.6176051,2281.931639149053,1.9163889857866916,5.1798474E-6,16.677162,0.023135986,0.35325223,0.0035304553,0.11432749,0.009814575,0.23043703,0.021473708,0.8517059,0.0023376348,0.12138649,0.010492117,0.22756734,0.019493211,null,null,null,null,"TWOGAUSSIANS",8,2.217334,0.35326222,0.0035451027,0.4,0.0,0.18295492,0.007966018,0.8517059,0.0023376348,0.4,0.0,0.1800234,0.006654948
375316653866487564,4070913940403192320,0.44626778,2402.8551462460155,1.699776573720354,4.964427E-5,19.520756,0.026401155,0.18544903,0.009075595,0.03924025,0.013158776,0.4750975,0.17457087,0.5353474,0.0127261635,0.085581206,0.018928593,0.21280235,0.02101511,null,null,null,null,"TWOGAUSSIANS",8,2.0837362,0.18545903,0.009100878,0.2197454,0.07368915,0.47514677,0.1745486,0.5353474,0.0127261635,0.4,0.0,0.2128017,0.02100779
375316653866487564,4070915585362915584,0.53839296,2315.311044876167,0.16789771651344157,9.966167E-6,19.12488,0.0028849877,0.35758686,0.005408405,4.080284E-4,6.693871E-4,1.8394986,1.4607923E7,null,null,null,null,null,null,0.037614882,0.0037594594,0.35758686,0.005408405,"ONEGAUSSIAN_WITH_ELLIPSOIDAL",6,1.0578588,0.35758686,0.005408405,0.002284959,0.003748568,1.9147284,1.4607923E7,null,null,null,null,null,null
375316653866487564,4070915727108089088,0.53208894,2241.432372320897,3.2090983387000067,1.7473489E-5,19.336994,0.022617865,0.24307561,0.009331129,0.092708215,0.0138414465,0.26501805,0.026649188,0.75669926,0.010071129,0.09609701,0.010890103,0.30150756,0.025995541,null,null,null,null,"TWOGAUSSIANS",8,1.5917704,0.75669926,0.010071129,0.4,0.0,0.2875225,0.017580219,0.24307561,0.00933391,0.4,0.0,0.25103363,0.022603862
375316653866487564,4070919025646018816,0.53018224,2288.5007543699267,1.128634436202071,2.7938007E-5,19.529284,0.021314895,0.14941505,0.0025531997,0.033112317,0.0033655032,0.6471278,0.046505276,0.48898357,0.034299355,0.041252892,0.05615606,0.23442806,0.086800866,null,null,null,null,"TWOGAUSSIANS",8,4.2395434,0.14941505,0.0025426575,0.18542898,0.018846817,0.6471278,0.04675414,0.48898357,0.034299355,0.23101619,0.1860682,0.23442806,0.08680136
375316653866487564,4070920640565423488,0.5203099,2257.924571782598,0.6236302976708725,2.8397484E-5,16.817184,0.0065937527,0.1982312,0.011508079,0.088422105,0.011934771,0.092605874,0.009270106,0.69585854,0.0072683534,0.05790186,0.0067135794,0.18153256,0.016010115,null,null,null,null,"TWOGAUSSIANS",8,11.162431,0.69585854,0.0072683534,0.32425043,0.037596047,0.18088907,0.016078122,0.1982312,0.011508079,0.4,0.0,0.09196235,0.008843787
375316653866487564,4070921396464342784,0.48638344,2229.440988716585,2.20431894038706,2.7415723E-5,19.811596,0.018604044,0.2116295,0.010705481,0.06755401,0.017424196,0.33500323,0.090971924,0.6988534,0.011475632,0.050947003,0.03075386,0.5824377,0.9137201,null,null,null,null,"TWOGAUSSIANS",8,1.8971875,0.6988534,0.011475632,0.28530324,0.136503,0.58236575,0.9145362,0.2116295,0.010705481,0.37830245,0.063621834,0.33493125,0.09149329
375316653866487564,4070921396479697152,0.58404034,2324.017120526586,1.21288676813593,1.5271335E-5,18.10311,0.005913937,0.24757327,0.0039626784,0.032754827,0.0055066915,0.08896248,0.016643455,0.7390776,0.014219583,0.0466062,0.0082363505,0.38883406,0.016400868,0.04663741,0.009903432,0.24757327,0.0039626784,"TWOGAUSSIANS_WITH_ELLIPSOIDAL_ON_ECLIPSE1",9,4.498337,0.7394176,0.0138701005,0.26099473,0.04612356,0.48185325,0.017914461,0.24757327,0.0039626784,0.18342704,0.030837473,0.18223672,0.012944099
375316653866487564,4070921632675353728,0.48794693,2319.21756116424,1.3338618875947867,8.0799226E-5,18.673353,0.012046888,0.21883532,0.019301556,0.045124914,0.034686826,0.20765814,0.025690233,0.6806025,0.018538797,0.049101632,0.029316794,0.3510207,53.255093,null,null,null,null,"TWOGAUSSIANS",8,6.867736,0.6806025,0.018538797,0.27496913,0.16417405,0.35102063,53.255093,0.21883532,0.019301556,0.25269952,0.16270804,0.2076581,0.0257238
375316653866487564,4070921705703142528,0.5325088,2260.655599039293,2.989529750403943,1.1025141E-5,19.136515,0.01446903,0.2680516,0.004170601,0.06367811,0.011906757,0.6029982,0.14459856,0.76761484,0.008240793,0.056523863,0.01143614,0.46775544,0.05485527,null,null,null,null,"TWOGAUSSIANS",8,3.5572405,0.2680516,0.004170601,0.35659742,0.04839869,0.6028142,0.14519876,0.76761484,0.008240793,0.31653363,0.06404238,0.46757144,0.055031408
375316653866487564,4070921843156293760,0.6566229,2284.004206993409,2.684802005382969,4.673577E-6,14.2019415,0.008012332,0.21893938,0.00189915,0.05233118,0.0031317999,0.42920157,0.020781407,0.7202343,0.0018775872,0.04575066,0.003090968,0.32099125,0.020627024,0.10649254,0.012358552,0.21893938,0.00189915,"TWOGAUSSIANS_WITH_ELLIPSOIDAL_ON_ECLIPSE1",9,106.48125,0.21893938,0.00189915,0.2930546,0.017538078,0.64218175,0.012548598,0.7202343,0.0018519573,0.25620368,0.01730942,0.53395736,0.010617145
375316653866487564,4070922324178266752,0.49159187,2289.7651618374584,3.2394809499317683,3.7767346E-5,19.669739,0.040500186,0.15545137,0.0076246485,0.06384396,0.015628867,0.4747351,0.054228205,0.64501244,0.020776456,0.07358008,0.01544519,0.4159376,0.21248305,null,null,null,null,"TWOGAUSSIANS",8,4.692968,0.15545137,0.0076246485,0.35752615,0.065681875,0.47384477,0.056622487,0.64501244,0.020776456,0.4,0.046305,0.41504726,0.21310306
375316653866487564,4070924282700828416,0.4804534,2243.044775021324,3.455821887652936,2.5895299E-5,19.788765,0.014138137,0.22482133,0.015241975,0.050927237,0.07445929,0.080256976,0.054868888,null,null,null,null,null,null,0.10524121,0.028382784,0.22482133,0.015241975,"ONEGAUSSIAN_WITH_ELLIPSOIDAL",6,2.4459388,0.22482133,0.015241975,0.28519252,0.416972,0.2907387,0.10003047,null,null,null,null,null,null
375316653866487564,4070924557561985920,0.52488834,2296.217772834691,1.541384570826304,2.3601911E-5,19.687954,0.02154554,0.33305708,0.0075001926,0.071282476,0.012354812,0.294302,0.024123257,0.820033,0.012624298,0.092878304,0.028099677,0.14450248,0.022877492,null,null,null,null,"TWOGAUSSIANS",8,0.85056144,0.33305708,0.007499347,0.39918187,0.03584017,0.29138586,0.023570022,0.820033,0.012624298,0.4,0.0,0.14158615,0.02517494
375316653866487564,4070924798078471936,0.5057804,2280.677526700356,1.1637519013558804,1.9145973E-5,19.539886,0.008787902,0.2625398,0.029050374,0.023924133,0.01443882,0.7157063,0.9798884,0.77134806,0.0073062833,0.073011525,0.009950043,0.2605979,0.035578616,null,null,null,null,"TWOGAUSSIANS",8,2.1816404,0.2625398,0.029050374,0.13397515,0.08085739,0.7157057,0.97988707,0.77134806,0.0073062833,0.4,0.015478109,0.2605973,0.03558043
375316653866487564,4070924935518818048,0.42513758,2285.4978336323506,0.1730322530697751,6.671451E-5,19.08034,0.09323186,0.21350434,0.031202668,0.049218185,0.04771125,0.092043415,0.06357709,0.60484976,0.013496707,0.20176724,0.08097902,0.20633277,0.089049496,null,null,null,null,"TWOGAUSSIANS",8,3.6543837,0.60484976,0.013496707,0.4,0.0,0.18440822,0.060683165,0.22122435,0.015379867,0.27562183,0.23753275,0.10478391,0.07606835
375316653866487564,4070926030721736320,0.56621325,2313.5607096946874,3.0201216215290563,7.0273313E-6,16.730265,0.02674223,0.32340443,0.00594451,0.10761684,0.019355578,0.24122488,0.025864635,0.8364999,0.0018453249,0.09780074,0.011267738,0.22514735,0.022465589,null,null,null,null,"TWOGAUSSIANS",8,7.035898,0.32340443,0.0059443354,0.4,0.0,0.22062518,0.028309137,0.83650994,0.0018284349,0.4,0.0,0.20455791,0.0061277957
375316653866487564,4070926756585232512,0.45821658,2317.400584024013,2.152970374579811,3.7004997E-5,19.263195,0.013271666,0.21579562,0.012475933,0.039639745,0.010873588,0.06399083,0.016613992,0.56243694,0.018605622,0.13323738,0.02210469,0.17714767,0.019152174,null,null,null,null,"TWOGAUSSIANS",8,2.3668873,0.56243694,0.018605622,0.4,0.0,0.17681426,0.019091913,0.21883562,0.01338513,0.22198258,0.06089209,0.069841154,0.017984916
375316653866487564,4070926790944912384,0.5792218,2306.229252268277,0.8004394329047271,8.8583154E-5,19.120228,0.0059432928,0.32296658,0.00431855,0.032527696,0.00908386,0.5367918,0.2987222,0.8655337,0.0038345477,0.021978471,0.0022884689,0.5746901,0.058347605,null,null,null,null,"TWOGAUSSIANS",8,2.0899687,0.8655337,0.0038345477,0.12307944,0.012815426,0.5746901,0.058347605,0.32296658,0.00431855,0.1821551,0.050869614,0.5367918,0.2987222
375316653866487564,4070927439479519488,0.44846305,2354.519934798557,4.456925044414232,6.422042E-5,19.515253,0.068363324,0.2905164,0.022476407,0.065601125,0.0816707,0.20045322,0.096733004,0.7199228,0.017871127,0.04746737,0.034921467,0.2677491,0.102374546,null,null,null,null,"TWOGAUSSIANS",8,2.1529067,0.7199228,0.017871127,0.26581725,0.18726471,0.2677478,0.105723396,0.2905164,0.022476407,0.36736628,0.111590244,0.2004519,0.0946287
375316653866487564,4070928474572428032,0.59021944,2246.280761890037,2.1703491418112693,1.1315033E-5,19.396921,0.021413252,0.23738122,0.0027525083,0.0937276,0.006683718,0.4387055,0.018355336,0.7350303,0.013289917,0.0956458,0.014242542,0.4325467,0.076466605,null,null,null,null,"TWOGAUSSIANS",8,0.62328255,0.23738122,0.0027525083,0.4,0.0,0.41288134,0.0143642835,0.7350303,0.013289917,0.4,0.0,0.40672213,0.086938746
375316653866487564,4070929230488431872,0.48607323,2281.3049819234175,2.0583198588623217,1.2198825E-4,19.659317,0.056512184,0.28777716,0.017099341,0.066349186,0.018912183,0.38647687,0.06859532,0.737662,0.06476453,0.048461176,0.0658877,0.25466734,3.1031182,null,null,null,null,"TWOGAUSSIANS",8,8.796138,0.28777716,0.017099341,0.37155542,0.0730872,0.38647026,0.06453543,0.737662,0.06476453,0.27138257,0.31742808,0.25466073,3.1032684
375316653866487564,4070930085179434880,0.6368261,2198.601396782224,1.8017864325461619,4.7117162E-5,19.122765,0.0065394063,0.7369438,0.02120477,0.07268761,0.023516558,0.023843437,0.00849273,0.42751852,0.0014510343,0.012740446,6.6320214E-4,0.65176016,0.05008876,null,null,null,null,"TWOGAUSSIANS",8,0.7424792,0.42751852,0.0014510343,0.0713465,0.003713932,0.65176296,0.05009254,0.7369438,0.02120477,0.4,0.060190227,0.023843437,0.008492724
375316653866487564,4070931017207137280,0.592693,2264.3075699919455,0.9418207505948935,5.0964754E-5,19.006447,0.0052445233,0.21291302,0.100119084,0.05250268,0.0426924,0.116140336,2.5003371,0.5943868,5.3148597E-5,0.009627336,1.6944109E-4,1.1168718,0.027472436,null,null,null,null,"TWOGAUSSIANS",8,2.1514704,0.5943868,5.3148597E-5,0.05391308,9.4887015E-4,1.1168718,0.027472436,0.21291302,0.100119084,0.294015,0.23907743,0.116140336,2.5003371
