Gaia/vari_eclipsing_binary/VariEclipsingBinary_394783-395711.csv
# %ECSV 1.0
# ---
# delimiter: ','
# meta: !!omap
# - RELEASE: Gaia DR3
# - TABLE: vari_eclipsing_binary
# - DESCRIPTION: >
#     This table describes the properties of the eclipsing binaries resulting from the variability analysis. 
# - CITATION: >
#     How to cite and acknowledge Gaia: 
#     https://gea.esac.esa.int/archive/documentation/credits.html 
# - KNOWN_ISSUES: >
#     Known issues: 
#     https://www.cosmos.esa.int/web/gaia-users/known-issues 
# - DOCUMENTATION: >
#     Tutorials and documentation: 
#     https://www.cosmos.esa.int/web/gaia-users/archive 
# datatype:
# - 
#   name: solution_id
#   datatype: int64
#   description: Solution Identifier
#   meta:
#     ucd: meta.version
# - 
#   name: source_id
#   datatype: int64
#   description: Unique source identifier
#   meta:
#     ucd: meta.id;meta.main
# - 
#   name: global_ranking
#   datatype: float32
#   description: Number between 0 (worst) and 1 (best)
#   meta:
#     ucd: stat.param
# - 
#   name: reference_time
#   datatype: float64
#   unit: d
#   description: Reference time used for the geometric model fit
#   meta:
#     ucd: time.epoch
# - 
#   name: frequency
#   datatype: float64
#   unit: d**-1
#   description: Frequency of geometric model of the eclipsing binary light curve
#   meta:
#     ucd: src.orbital
# - 
#   name: frequency_error
#   datatype: float32
#   unit: d**-1
#   description: "Uncertainty of \\texttt{frequency}"
#   meta:
#     ucd: stat.error
# - 
#   name: geom_model_reference_level
#   datatype: float32
#   unit: mag
#   description: Magnitude reference level of geometric model
#   meta:
#     ucd: phot.mag;em.opt
# - 
#   name: geom_model_reference_level_error
#   datatype: float32
#   unit: mag
#   description: "Uncertainty of \\texttt{geomModelReferenceLevel}"
#   meta:
#     ucd: stat.error;phot.mag;em.opt
# - 
#   name: geom_model_gaussian1_phase
#   datatype: float32
#   description: Phase of the Gaussian 1 component
#   meta:
#     ucd: time.phase
# - 
#   name: geom_model_gaussian1_phase_error
#   datatype: float32
#   description: "Uncertainty of \\texttt{geomModelGaussian1Phase}"
#   meta:
#     ucd: stat.error;time.phase
# - 
#   name: geom_model_gaussian1_sigma
#   datatype: float32
#   description: "Standard deviation [phase] of Gaussian 1 component"
#   meta:
#     ucd: stat.stdev
# - 
#   name: geom_model_gaussian1_sigma_error
#   datatype: float32
#   description: "Uncertainty of \\texttt{geomModelGaussian1Sigma}"
#   meta:
#     ucd: stat.error
# - 
#   name: geom_model_gaussian1_depth
#   datatype: float32
#   unit: mag
#   description: Magnitude depth of Gaussian 1 component
#   meta:
#     ucd: src.var.amplitude
# - 
#   name: geom_model_gaussian1_depth_error
#   datatype: float32
#   unit: mag
#   description: "Uncertainty of \\texttt{geomModelGaussian1Depth}"
#   meta:
#     ucd: stat.error;src.var.amplitude
# - 
#   name: geom_model_gaussian2_phase
#   datatype: float32
#   description: Phase of Gaussian 2 component
#   meta:
#     ucd: time.phase
# - 
#   name: geom_model_gaussian2_phase_error
#   datatype: float32
#   description: "Uncertainty of \\texttt{geomModelGaussian2Phase}"
#   meta:
#     ucd: stat.error;time.phase
# - 
#   name: geom_model_gaussian2_sigma
#   datatype: float32
[...]
#   datatype: float32
#   description: "Secondary eclipse: uncertainty of \\texttt{derivedSecondaryEclDuration}"
#   meta:
#     ucd: stat.error;time.duration
# - 
#   name: derived_secondary_ecl_depth
#   datatype: float32
#   unit: mag
#   description: "Secondary eclipse: depth"
#   meta:
#     ucd: src.var.amplitude
# - 
#   name: derived_secondary_ecl_depth_error
#   datatype: float32
#   unit: mag
#   description: "Secondary eclipse: uncertainty of \\texttt{derivedSecondaryEclDepth}"
#   meta:
#     ucd: stat.error;src.var.amplitude
solution_id,source_id,global_ranking,reference_time,frequency,frequency_error,geom_model_reference_level,geom_model_reference_level_error,geom_model_gaussian1_phase,geom_model_gaussian1_phase_error,geom_model_gaussian1_sigma,geom_model_gaussian1_sigma_error,geom_model_gaussian1_depth,geom_model_gaussian1_depth_error,geom_model_gaussian2_phase,geom_model_gaussian2_phase_error,geom_model_gaussian2_sigma,geom_model_gaussian2_sigma_error,geom_model_gaussian2_depth,geom_model_gaussian2_depth_error,geom_model_cosine_half_period_amplitude,geom_model_cosine_half_period_amplitude_error,geom_model_cosine_half_period_phase,geom_model_cosine_half_period_phase_error,model_type,num_model_parameters,reduced_chi2,derived_primary_ecl_phase,derived_primary_ecl_phase_error,derived_primary_ecl_duration,derived_primary_ecl_duration_error,derived_primary_ecl_depth,derived_primary_ecl_depth_error,derived_secondary_ecl_phase,derived_secondary_ecl_phase_error,derived_secondary_ecl_duration,derived_secondary_ecl_duration_error,derived_secondary_ecl_depth,derived_secondary_ecl_depth_error
[from data line 251]
375316653866487564,3478110768806585600,0.559621,2138.2505163110836,1.1516201334914753,6.1950527E-6,15.94645,0.0017623814,0.23509857,0.0047835573,0.0034635447,0.0013164177,0.05256037,0.09369388,0.8776646,0.0016491484,0.022534812,0.0033607478,0.28512076,0.006637825,null,null,null,null,"TWOGAUSSIANS",8,19.862747,0.8776646,0.0016491484,0.12619494,0.018820187,0.28512076,0.006637825,0.23509857,0.0047835573,0.01939585,0.0073719393,0.05256037,0.09369388
375316653866487564,3478119148285112192,0.4954582,2127.8062011510715,1.481134817392854,6.940861E-5,18.926525,0.0044790106,0.6465029,0.0060845744,0.009251772,0.0028561556,1.4052519,3.3839636,0.8521391,0.02274585,0.05629071,0.033735555,0.065363675,0.24939619,null,null,null,null,"TWOGAUSSIANS",8,5.427341,0.6465029,0.0060845744,0.05180992,0.01599447,1.4053346,3.383951,0.8521391,0.02274585,0.31522796,0.18891911,0.065363675,0.24939619
375316653866487564,3478134167788044160,0.43511713,2129.986398105258,0.03146370389972242,2.4277859E-5,18.240463,0.0108932275,0.11067256,0.005571887,0.013238281,0.002839927,0.10825721,0.015965834,0.45884863,0.014642781,0.19214484,0.034271404,0.0975836,0.010194905,null,null,null,null,"TWOGAUSSIANS",8,3.7416527,0.11095256,0.0055157365,0.07413437,0.015903592,0.12087971,0.015287253,0.45884863,0.014642781,0.4,0.0,0.09097688,0.0103042405
375316653866487564,3478149865891753984,0.5119547,2138.02267663862,0.10988199466781685,1.157917E-5,17.78109,0.0017210342,0.23769258,0.00113804,0.007442303,8.3842064E-4,0.20615168,0.03054422,0.7356696,0.0051946524,0.00923019,0.0018581783,0.24584863,0.11590035,null,null,null,null,"TWOGAUSSIANS",8,3.4072955,0.7356696,0.0051946524,0.051689062,0.010405798,0.24584863,0.11590035,0.23769258,0.00113804,0.041676898,0.0046951557,0.20615168,0.03054422
375316653866487564,3478156398538886016,0.5475943,2098.112485365517,1.0773753954811078,2.1228982E-6,18.057327,0.004405451,0.28768092,0.009919147,0.01755079,0.005751256,0.5586687,0.090320125,0.7882901,2.0114465E-4,0.016907988,2.5382492E-4,0.7277626,0.005044551,null,null,null,null,"TWOGAUSSIANS",8,13.842186,0.7882901,2.0114465E-4,0.094684735,0.0014214196,0.7277626,0.005044551,0.28768092,0.009919147,0.09828443,0.03220703,0.5586687,0.090320125
375316653866487564,3478157463690777344,0.6157536,2111.3352644151837,1.4531160081810512,3.3367937E-6,14.762932,0.0014540815,0.73513216,0.0012306023,0.05997783,0.0016720579,0.2268382,0.0110585205,null,null,null,null,null,null,0.0708496,0.0018282852,0.73513216,0.0012306023,"ONEGAUSSIAN_WITH_ELLIPSOIDAL",6,22.241352,0.73513216,0.0012306023,0.33587584,0.009363525,0.3684986,0.010722216,null,null,null,null,null,null
375316653866487564,3478169657101056896,0.46134937,2133.05958418707,1.776862494508786,1.0748517E-5,18.971119,0.0064586494,0.30717364,0.0027704446,0.028402738,0.0033491254,0.34124872,0.027019052,0.80976266,0.0027981745,0.039293047,0.004030596,0.2756245,0.0503309,null,null,null,null,"TWOGAUSSIANS",8,7.492367,0.30717364,0.0027704446,0.15905534,0.018755103,0.34124872,0.027019052,0.80976266,0.0027981745,0.22004107,0.022571338,0.2756245,0.0503309
375316653866487564,3478188761114850944,0.53563565,2120.674535964945,3.7209426098880747,1.0232744E-5,19.549236,0.008141487,0.21229969,0.0026895353,0.0694372,0.0032702524,0.42265502,0.011130881,0.7124744,0.0024559915,0.07536872,0.0030600603,0.39836845,0.013288037,null,null,null,null,"TWOGAUSSIANS",8,1.6988523,0.21229969,0.0026895353,0.3888483,0.018313413,0.4205538,0.010992378,0.7124744,0.0024559915,0.4,0.0,0.39626724,0.013255567
375316653866487564,3478227862497644160,0.5263726,2097.7441629199902,1.7018181985466414,9.472733E-5,19.119059,0.0019521444,0.16698638,0.0062333727,0.0067537543,0.0043195738,0.8145684,13.107015,0.628028,0.023493163,0.016954439,0.012580883,0.023333732,0.0128766615,null,null,null,null,"TWOGAUSSIANS",8,1.3157792,0.16698638,0.0062333727,0.037821025,0.024189614,0.8145684,13.107015,0.628028,0.023493163,0.09494486,0.07045294,0.023333732,0.0128766615
375316653866487564,3478234223346379904,0.61566645,2146.1353337078403,4.086402889050682,5.2323408E-6,17.443695,0.011825281,0.2357688,0.0017989927,0.04415313,0.0033745414,0.33585066,0.027658816,0.73286897,0.0040448103,0.05826313,0.003329818,0.45469633,0.028688379,0.10257596,0.0139855705,0.2357688,0.0017989927,"TWOGAUSSIANS_WITH_ELLIPSOIDAL_ON_ECLIPSE1",9,11.438003,0.733179,0.0035656597,0.32627353,0.01864698,0.6597508,0.01532307,0.2357688,0.0017989927,0.24725753,0.018897431,0.5409659,0.009204408
375316653866487564,3478258824918667008,0.45019713,2142.9330383978686,0.9402689838031913,2.1112874E-6,16.430021,0.014378155,0.13788976,8.518676E-7,0.002246223,5.3882875E-5,2.5280607,0.21149144,0.6047518,0.014562171,0.1492885,0.073151946,0.070429325,0.0076156086,null,null,null,null,"TWOGAUSSIANS",8,58.949543,0.13788976,8.518676E-7,0.012578848,3.017441E-4,2.5281937,0.21117751,0.6047518,0.014562171,0.4,0.0,0.06991291,0.012345544
375316653866487564,3478263802784537216,0.55974364,2118.0526995698524,2.8901253283120805,8.494822E-6,12.3314,0.010762174,0.19320807,0.0028535225,0.09640435,0.005148456,0.34451228,0.012452999,0.69832027,0.002106035,0.08817513,0.0038264957,0.38688684,0.011749992,null,null,null,null,"TWOGAUSSIANS",8,635.7993,0.69832027,0.002106035,0.4,0.0,0.36969346,0.00983991,0.19320807,0.0028535225,0.4,0.0,0.32731798,0.011430678
375316653866487564,3478289542524703616,0.63469756,2133.6940635276733,3.7398945759423516,3.5413277E-6,14.429365,0.007469164,0.2454147,0.00136441,0.053314038,0.0023997843,0.28610808,0.018288437,0.7421441,9.833213E-4,0.052591603,0.0029013164,0.21838339,0.017493004,0.10965992,0.010023917,0.7421441,9.833213E-4,"TWOGAUSSIANS_WITH_ELLIPSOIDAL_ON_ECLIPSE2",9,79.28737,0.2449347,0.0011457913,0.29855862,0.013438792,0.5053424,0.011658509,0.7421441,9.833213E-4,0.294513,0.016247373,0.43769673,0.007346796
375316653866487564,3478314590773992320,0.5595786,2112.9411027845067,3.3535575278459215,6.346793E-6,17.134241,0.037235834,0.2613224,0.0020207106,0.117755935,0.01364809,0.21948017,0.035440657,0.76747465,0.0020327992,0.12133782,0.015088619,0.23878767,0.033085637,null,null,null,null,"TWOGAUSSIANS",8,4.320015,0.76750463,0.002043119,0.4,0.0,0.19011605,0.005582569,0.2612824,0.0020481597,0.4,0.0,0.17085409,0.0048872787
375316653866487564,3478317232176867712,0.5192514,2096.277598006565,3.9924432143953457,1.8727518E-5,18.693571,0.011793061,0.20177421,0.008167307,0.08656754,0.008650443,0.36372244,0.024090622,0.7093709,0.0065447823,0.08408495,0.0070080985,0.24063693,0.0125063015,null,null,null,null,"TWOGAUSSIANS",8,3.9476724,0.20177421,0.008167307,0.4,0.0,0.35662407,0.024491085,0.7093709,0.0065447823,0.4,0.0,0.23353855,0.009559214
375316653866487564,3478321634520489472,0.67542756,2117.1826251143157,3.8963466040091532,3.8570856E-6,14.525238,0.007864989,0.21319829,8.8451826E-4,0.04921963,0.0021304507,0.30011475,0.017128622,0.71514136,0.0010666698,0.05451347,0.0023935568,0.32964578,0.017891223,0.10869362,0.010238448,0.71514136,0.0010666698,"TWOGAUSSIANS_WITH_ELLIPSOIDAL_ON_ECLIPSE2",9,53.918728,0.71514136,0.0010666698,0.3052754,0.013403918,0.5470228,0.007967499,0.21343829,7.3275383E-4,0.27562994,0.011930523,0.5174633,0.0066111973
375316653866487564,3478329502900787200,0.53367496,2107.9553814198543,2.3907965796635593,1.0275943E-5,15.248803,0.0051800376,0.22931483,0.0028162822,0.09058272,0.0037799613,0.23589733,0.0078080078,0.74188536,0.0034199867,0.079175405,0.0046884576,0.16092889,0.006973777,null,null,null,null,"TWOGAUSSIANS",8,38.410297,0.22931483,0.0028162822,0.4,0.0,0.23177442,0.007485617,0.74188536,0.0034199867,0.4,0.0,0.15680613,0.00673852
375316653866487564,3478348155941423616,0.5551366,2145.6078783609487,2.2085227275723707,2.965283E-6,16.411053,0.003929736,0.21354498,0.0011219186,0.030393349,0.0013927518,0.273296,0.011765707,0.7105847,0.001263155,0.028869314,9.662776E-4,0.51164377,0.016079947,0.017586183,0.007141646,0.21354498,0.0011219186,"TWOGAUSSIANS_WITH_ELLIPSOIDAL_ON_ECLIPSE1",9,59.79287,0.71059465,0.0012629207,0.16166815,0.0054111546,0.546804,0.01599601,0.21354498,0.0011219186,0.17020275,0.00779941,0.30846837,0.010623335
375316653866487564,3478348228958107520,0.59020233,2149.5688757189528,1.527511645086333,7.955745E-6,17.901695,0.008949801,0.26999953,0.0020847463,0.046896223,0.0027306345,0.58336216,0.027943464,0.7689731,0.0024587526,0.03969273,0.002563126,0.35751078,0.023675743,0.04535289,0.010906912,0.26999953,0.0020847463,"TWOGAUSSIANS_WITH_ELLIPSOIDAL_ON_ECLIPSE1",9,8.245926,0.26999953,0.0020847463,0.26261884,0.015291554,0.67406756,0.028071787,0.76900315,0.0023718295,0.22227928,0.014353505,0.4482125,0.013858512
375316653866487564,3478366881998913280,0.4921843,2125.871634041314,2.766233452353435,3.1634867E-5,17.209332,0.32684913,0.122834146,0.005488212,0.13005945,0.09115596,0.14355385,0.3128164,0.61658186,0.00590309,0.13038431,0.067086704,0.19507661,0.30468312,null,null,null,null,"TWOGAUSSIANS",8,11.353068,0.61658186,0.00590309,0.4,0.0,0.14485464,0.007882181,0.12298415,0.0053511574,0.4,0.0,0.09340575,0.007997817
375316653866487564,3478367363035016704,0.49291506,2102.687068292488,0.21048880905925094,1.5871312E-5,12.239786,0.013190266,0.19170846,0.006317776,0.10829249,0.01672073,0.09569231,0.011472111,0.68624413,0.006543994,0.11089656,0.017178047,0.069190584,0.012582549,null,null,null,null,"TWOGAUSSIANS",8,144.46593,0.19171847,0.0063220058,0.4,0.0,0.08436517,0.0060030096,0.68624413,0.006543994,0.4,0.0,0.057862595,0.0045417952
375316653866487564,3478414989929572864,0.5697264,2130.7810677098696,4.412936558563434,5.8535843E-6,19.12664,0.010675022,0.25783086,0.0022844875,0.043426942,0.005047236,0.22248684,0.028835794,0.7618951,0.0020203625,0.046559375,0.0049043074,0.2891737,0.020888107,0.10691904,0.014781408,0.25783086,0.0022844875,"TWOGAUSSIANS_WITH_ELLIPSOIDAL_ON_ECLIPSE1",9,2.263708,0.7618951,0.0020203625,0.2607325,0.027464122,0.5028718,0.019483903,0.25783086,0.0022844875,0.24319088,0.028264523,0.4363244,0.021151634
375316653866487564,3478423098827822464,0.5537936,2136.6734095862316,3.2657852499683364,1.4000008E-5,17.163715,0.01908195,0.1443559,0.0031894885,0.09878347,0.0063013886,0.44257495,0.01975749,0.65260327,0.0050281966,0.0900901,0.006840055,0.43928453,0.02337159,null,null,null,null,"TWOGAUSSIANS",8,28.079784,0.1443559,0.0031894885,0.4,0.0,0.4189947,0.014909351,0.65260327,0.0050281966,0.4,0.0,0.4157067,0.018979138
375316653866487564,3478460344784279424,0.5151052,2115.30178316051,2.820221436182289,1.21379735E-5,14.305291,0.17218155,0.28451905,0.0028688414,0.2066621,0.028653333,0.64493084,0.15784301,0.78384644,0.0029085963,0.1786401,0.022148212,0.5849211,0.14566559,null,null,null,null,"TWOGAUSSIANS",8,68.35625,0.28484905,0.0030001728,0.4,0.0,0.13879411,0.006198932,0.78384644,0.0029103255,0.4,0.0,0.12459082,0.0070844935
375316653866487564,3478475497429338624,0.50955766,2078.1308456474967,2.78788788110577,9.322002E-6,14.464963,0.26506644,0.26116326,0.0029298703,0.15469836,0.015568197,0.52865374,0.1489558,0.75843185,0.0032320688,0.2708108,0.028240131,0.82741416,0.2556325,null,null,null,null,"TWOGAUSSIANS",8,60.77315,0.75843185,0.0032320688,0.4,0.0,0.13921998,0.0053926334,0.2633733,0.0036669022,0.4,0.0,0.1339837,0.0064182845
375316653866487564,3478476768739757824,0.49734217,2024.4624930870002,0.014157862163289407,6.37161E-5,15.453411,0.0019833632,0.18764982,0.012879897,0.022632817,0.0060419147,0.50592375,0.3859344,0.90306556,0.0054774825,0.046140626,0.0036770753,0.10269428,0.012776235,0.016038427,0.0059028803,0.90306556,0.0054774825,"TWOGAUSSIANS_WITH_ELLIPSOIDAL_ON_ECLIPSE2",9,11.115931,0.18773982,0.012526821,0.12674378,0.033834722,0.5074181,0.38667673,0.90306556,0.0054774825,0.2583875,0.020591622,0.13477089,0.010946297
375316653866487564,3478486045868894720,0.5787143,2099.596237392508,4.17991646387592,7.225899E-6,19.334547,0.012940189,0.24848509,0.0020151162,0.046544187,0.00487561,0.32333627,0.030391045,0.7447534,0.002439106,0.044351935,0.0057370765,0.3049768,0.028866578,0.14794618,0.017857939,0.24848509,0.0020151162,"TWOGAUSSIANS_WITH_ELLIPSOIDAL_ON_ECLIPSE1",9,1.9779248,0.24848509,0.0020151162,0.26064745,0.027303416,0.6192284,0.014929261,0.74524343,0.0020430181,0.24837084,0.03212763,0.60072756,0.021613197
375316653866487564,3478486939222090112,0.5235911,2123.500048993298,3.5648177985513874,6.4301903E-6,19.179197,0.007882534,0.2765435,0.0019742956,0.073702484,0.004307313,0.5303224,0.015014227,0.78115046,0.0028365953,0.06649443,0.006456235,0.46058002,0.023670997,null,null,null,null,"TWOGAUSSIANS",8,3.0148385,0.2765435,0.0019742956,0.4,0.0,0.52879864,0.015452247,0.78115046,0.0028365953,0.3723688,0.031641956,0.4590563,0.024578633
375316653866487564,3478549577025181440,0.52264947,2116.7280371796537,1.0855086774148726,6.693982E-6,15.997272,0.0010961877,0.1772866,0.001324587,0.026187554,0.0015362137,0.0764737,0.0045249807,0.6902447,0.009931086,0.016348427,0.006305956,0.019230448,0.006725004,0.02049231,0.001984246,0.1772866,0.001324587,"TWOGAUSSIANS_WITH_ELLIPSOIDAL_ON_ECLIPSE1",9,8.3774805,0.1772866,0.001324587,0.1466503,0.008602796,0.117458284,0.0048163803,0.6902447,0.009931086,0.09155119,0.035313353,0.05994395,0.0064072143
375316653866487564,3478576515058024192,0.5156878,2083.0615967241097,0.19459975101430146,8.572209E-6,19.537071,0.0028118107,0.44848368,0.0014634343,0.005184572,6.264963E-4,0.7162492,0.15089986,0.32305118,0.050818305,0.020723077,0.030185,0.027101004,0.2688084,null,null,null,null,"TWOGAUSSIANS",8,1.1888084,0.44848368,0.0014634343,0.029033603,0.003508379,0.7162492,0.15087077,0.32305118,0.050818305,0.11604922,0.169036,0.027101004,0.2688084
375316653866487564,3478613310043381376,0.49104977,2095.8978315471873,2.516561587761342,2.7503764E-5,17.308462,0.005196264,0.24831821,0.007860431,0.03221824,0.0046487255,0.5273919,0.034004416,0.7589306,0.0069360617,0.025455214,0.007954827,0.09034905,0.036740974,0.04815353,0.012426125,0.7589306,0.0069360617,"TWOGAUSSIANS_WITH_ELLIPSOIDAL_ON_ECLIPSE2",9,33.63752,0.2484782,0.0077340123,0.18042214,0.026032861,0.62327766,0.034675334,0.7589306,0.0069360617,0.1425492,0.044547033,0.18665609,0.037352
375316653866487564,3478627676710624640,0.51792294,2079.918976927708,3.4449861386931198,1.15023595E-5,19.785364,0.009278348,0.2618337,0.0033584512,0.0742962,0.0040562404,0.3745579,0.02290004,0.76260215,0.0028003138,0.07467534,0.0038926962,0.44168898,0.01442632,null,null,null,null,"TWOGAUSSIANS",8,1.6121601,0.76260215,0.0028003138,0.4,0.0,0.4388274,0.014324253,0.2618337,0.0033584512,0.4,0.0,0.3716963,0.023009792
375316653866487564,3478629978813107456,0.5136276,2077.6722714115367,3.504297426682423,1.1467392E-5,14.937864,0.058988336,0.3225604,0.002557564,0.23806316,0.030826256,1.6298285,0.07439192,0.8191357,0.0024315594,0.18613288,0.01798263,1.328219,0.22348906,null,null,null,null,"TWOGAUSSIANS",8,39.6854,0.32538038,0.002542009,0.4,0.0,0.22663772,0.008861995,0.8191357,0.0024315594,0.4,0.0,0.21169627,0.0056366883
375316653866487564,3478638049053666048,0.5373317,2103.1139325254126,0.47729116852614495,2.568596E-6,17.554491,0.0050120708,0.74116635,0.034942444,0.1356352,0.050346725,0.019293994,0.005884666,0.93899024,0.0014411459,0.010089608,5.3977204E-4,0.69161737,0.079384774,null,null,null,null,"TWOGAUSSIANS",8,7.394463,0.93899024,0.0014411459,0.056501806,0.0030227234,0.69823456,0.07925653,0.74116635,0.034942444,0.4,0.0,0.019250784,0.0058409744
375316653866487564,3478667804587601280,0.57574934,2083.431945447942,3.4680713925701436,6.675894E-6,17.97942,0.008557374,0.25500458,0.0029367022,0.071121894,0.0039117737,0.4849001,0.017069113,0.74963653,0.0014357034,0.07439933,0.0022978745,0.5795686,0.016415348,null,null,null,null,"TWOGAUSSIANS",8,8.741171,0.74963653,0.0014357034,0.4,0.0,0.57701415,0.016393632,0.25500458,0.0029367022,0.3982826,0.011100336,0.48234564,0.017251115
