Gaia/vari_eclipsing_binary/VariEclipsingBinary_473856-473992.csv
# %ECSV 1.0
# ---
# delimiter: ','
# meta: !!omap
# - RELEASE: Gaia DR3
# - TABLE: vari_eclipsing_binary
# - DESCRIPTION: >
#     This table describes the properties of the eclipsing binaries resulting from the variability analysis. 
# - CITATION: >
#     How to cite and acknowledge Gaia: 
#     https://gea.esac.esa.int/archive/documentation/credits.html 
# - KNOWN_ISSUES: >
#     Known issues: 
#     https://www.cosmos.esa.int/web/gaia-users/known-issues 
# - DOCUMENTATION: >
#     Tutorials and documentation: 
#     https://www.cosmos.esa.int/web/gaia-users/archive 
# datatype:
# - 
#   name: solution_id
#   datatype: int64
#   description: Solution Identifier
#   meta:
#     ucd: meta.version
# - 
#   name: source_id
#   datatype: int64
#   description: Unique source identifier
#   meta:
#     ucd: meta.id;meta.main
# - 
#   name: global_ranking
#   datatype: float32
#   description: Number between 0 (worst) and 1 (best)
#   meta:
#     ucd: stat.param
# - 
#   name: reference_time
#   datatype: float64
#   unit: d
#   description: Reference time used for the geometric model fit
#   meta:
#     ucd: time.epoch
# - 
#   name: frequency
#   datatype: float64
#   unit: d**-1
#   description: Frequency of geometric model of the eclipsing binary light curve
#   meta:
#     ucd: src.orbital
# - 
#   name: frequency_error
#   datatype: float32
#   unit: d**-1
#   description: "Uncertainty of \\texttt{frequency}"
#   meta:
#     ucd: stat.error
# - 
#   name: geom_model_reference_level
#   datatype: float32
#   unit: mag
#   description: Magnitude reference level of geometric model
#   meta:
#     ucd: phot.mag;em.opt
# - 
#   name: geom_model_reference_level_error
#   datatype: float32
#   unit: mag
#   description: "Uncertainty of \\texttt{geomModelReferenceLevel}"
#   meta:
#     ucd: stat.error;phot.mag;em.opt
# - 
#   name: geom_model_gaussian1_phase
#   datatype: float32
#   description: Phase of the Gaussian 1 component
#   meta:
#     ucd: time.phase
# - 
#   name: geom_model_gaussian1_phase_error
#   datatype: float32
#   description: "Uncertainty of \\texttt{geomModelGaussian1Phase}"
#   meta:
#     ucd: stat.error;time.phase
# - 
#   name: geom_model_gaussian1_sigma
#   datatype: float32
#   description: "Standard deviation [phase] of Gaussian 1 component"
#   meta:
#     ucd: stat.stdev
# - 
#   name: geom_model_gaussian1_sigma_error
#   datatype: float32
#   description: "Uncertainty of \\texttt{geomModelGaussian1Sigma}"
#   meta:
#     ucd: stat.error
# - 
#   name: geom_model_gaussian1_depth
#   datatype: float32
#   unit: mag
#   description: Magnitude depth of Gaussian 1 component
#   meta:
#     ucd: src.var.amplitude
# - 
#   name: geom_model_gaussian1_depth_error
#   datatype: float32
#   unit: mag
#   description: "Uncertainty of \\texttt{geomModelGaussian1Depth}"
#   meta:
#     ucd: stat.error;src.var.amplitude
# - 
#   name: geom_model_gaussian2_phase
#   datatype: float32
#   description: Phase of Gaussian 2 component
#   meta:
#     ucd: time.phase
# - 
#   name: geom_model_gaussian2_phase_error
#   datatype: float32
#   description: "Uncertainty of \\texttt{geomModelGaussian2Phase}"
#   meta:
#     ucd: stat.error;time.phase
# - 
#   name: geom_model_gaussian2_sigma
#   datatype: float32
[...]
#   datatype: float32
#   description: "Secondary eclipse: uncertainty of \\texttt{derivedSecondaryEclDuration}"
#   meta:
#     ucd: stat.error;time.duration
# - 
#   name: derived_secondary_ecl_depth
#   datatype: float32
#   unit: mag
#   description: "Secondary eclipse: depth"
#   meta:
#     ucd: src.var.amplitude
# - 
#   name: derived_secondary_ecl_depth_error
#   datatype: float32
#   unit: mag
#   description: "Secondary eclipse: uncertainty of \\texttt{derivedSecondaryEclDepth}"
#   meta:
#     ucd: stat.error;src.var.amplitude
solution_id,source_id,global_ranking,reference_time,frequency,frequency_error,geom_model_reference_level,geom_model_reference_level_error,geom_model_gaussian1_phase,geom_model_gaussian1_phase_error,geom_model_gaussian1_sigma,geom_model_gaussian1_sigma_error,geom_model_gaussian1_depth,geom_model_gaussian1_depth_error,geom_model_gaussian2_phase,geom_model_gaussian2_phase_error,geom_model_gaussian2_sigma,geom_model_gaussian2_sigma_error,geom_model_gaussian2_depth,geom_model_gaussian2_depth_error,geom_model_cosine_half_period_amplitude,geom_model_cosine_half_period_amplitude_error,geom_model_cosine_half_period_phase,geom_model_cosine_half_period_phase_error,model_type,num_model_parameters,reduced_chi2,derived_primary_ecl_phase,derived_primary_ecl_phase_error,derived_primary_ecl_duration,derived_primary_ecl_duration_error,derived_primary_ecl_depth,derived_primary_ecl_depth_error,derived_secondary_ecl_phase,derived_secondary_ecl_phase_error,derived_secondary_ecl_duration,derived_secondary_ecl_duration_error,derived_secondary_ecl_depth,derived_secondary_ecl_depth_error
[from data line 150]
375316653866487564,4168463363627147136,0.47659114,2404.0518847023063,2.6892368505985256,7.20927E-5,19.41244,0.14523792,0.24178337,0.0073189232,0.08428317,0.022954952,0.27189237,0.12392497,0.7519684,0.01853257,0.10904201,0.09152645,0.2072774,0.12823334,null,null,null,null,"TWOGAUSSIANS",8,3.5148752,0.24177337,0.0073348377,0.4,0.0,0.25775847,0.025639154,0.7519684,0.01853257,0.4,0.0,0.19313125,0.0328826
375316653866487564,4168463745883231616,0.5505513,2360.83821240721,2.3714123481965346,1.13531205E-5,15.753873,0.039137695,0.18629982,0.0032304502,0.060641926,0.025375776,0.06539125,0.082584724,0.68238086,0.032774482,0.060123343,0.040507346,0.04280427,0.08660908,0.08639123,0.04372595,0.18629982,0.0032304502,"TWOGAUSSIANS_WITH_ELLIPSOIDAL_ON_ECLIPSE1",9,30.979652,0.18629982,0.0032304502,0.33959478,0.11041026,0.23815392,0.009298527,0.68448085,0.017942386,0.33669072,0.19169305,0.21551828,0.028204147
375316653866487564,4168464600577669888,0.5826728,2401.7506932380684,0.03862141105346427,1.042094E-6,16.174335,0.001273216,0.31917787,3.057846E-5,0.0016081615,3.4251894E-5,0.27540037,0.005016345,0.6520646,0.008210443,0.041231934,0.008999937,0.017221997,0.003904666,null,null,null,null,"TWOGAUSSIANS",8,5.8077035,0.31917787,3.057846E-5,0.009005704,1.9181061E-4,0.27540037,0.005016345,0.6520646,0.008210443,0.23089883,0.050399646,0.017221997,0.003904666
375316653866487564,4168467010052182400,0.46344697,2452.9610790827455,4.057639989749302,2.69369E-5,19.258131,0.01788351,0.24567205,0.0029227678,0.04350001,0.015914066,0.63571495,0.29997492,0.7531221,0.009482783,0.05866242,0.009428923,0.46057963,0.09293681,null,null,null,null,"TWOGAUSSIANS",8,4.011754,0.24567205,0.0029227678,0.24360007,0.08911877,0.63571036,0.30002335,0.7531221,0.009482783,0.32850954,0.05280197,0.46057504,0.092936195
375316653866487564,4168470858343274496,0.5027676,2370.173874027268,3.3942567437808338,1.348108E-5,19.645693,0.039650925,0.16916019,0.004308254,0.0981437,0.013941106,0.30320397,0.036388256,0.6512142,0.0059313537,0.101367176,0.016822867,0.31936398,0.039991044,null,null,null,null,"TWOGAUSSIANS",8,1.8393247,0.6512142,0.0059313537,0.4,0.0,0.29795325,0.03084886,0.16916019,0.0043112137,0.4,0.0,0.28179583,0.019352213
375316653866487564,4168471060208443008,0.5138511,2324.4724825084713,4.944308158418858,9.435148E-5,19.421688,0.0070252637,0.3265409,0.055912897,0.055244274,0.0984205,0.030269625,0.008853457,0.81497,0.01344855,0.025817841,0.01699118,0.5934739,0.4861648,null,null,null,null,"TWOGAUSSIANS",8,0.8513432,0.81497,0.01344855,0.14457992,0.095150605,0.5934739,0.48619482,0.3265409,0.055912897,0.30936795,0.26511827,0.030269625,0.008863451
375316653866487564,4168477588558909184,0.47835308,2382.1998698588536,0.39802158497526025,1.8371504E-5,17.585146,0.001789941,0.6823036,0.00435531,0.018213734,0.0062917615,0.03214039,0.008820491,null,null,null,null,null,null,0.02385917,0.0027095044,0.6823036,0.00435531,"ONEGAUSSIAN_WITH_ELLIPSOIDAL",6,2.4469528,0.6823036,0.00435531,0.101996906,0.035233863,0.0798587,0.008882181,null,null,null,null,null,null
375316653866487564,4168479547060580864,0.46548417,2403.789104934129,1.2870172194135068,3.239681E-5,17.7965,0.0036031317,0.19440575,0.012815079,0.06080941,0.010691528,0.07079925,0.008370705,0.7012938,0.005191998,0.05439753,0.004750158,0.08701739,0.009200405,null,null,null,null,"TWOGAUSSIANS",8,3.7951252,0.7012938,0.005191998,0.30462617,0.026600886,0.087007634,0.009199025,0.19440575,0.012815079,0.3405327,0.059872556,0.0707895,0.00837196
375316653866487564,4168480857032800896,0.45286354,2376.329672427014,2.4966317790181614,1.6742897E-4,18.442913,0.015919141,0.31183106,0.014729099,0.086689204,0.018655833,0.13742146,0.024250183,0.79111236,0.0062668296,0.07011927,0.015955174,0.14290941,0.02701034,null,null,null,null,"TWOGAUSSIANS",8,9.307422,0.79111236,0.0062668296,0.3926679,0.06214163,0.14178897,0.027329188,0.31183106,0.014729099,0.4,0.0,0.13630101,0.02355839
375316653866487564,4168483567150083200,0.5186421,2359.5156214416857,3.027161446165264,1.5946478E-5,18.660078,0.014158033,0.21325557,0.006116436,0.07233603,0.014945979,0.5057106,0.13065663,0.7210419,0.004831691,0.07617064,0.0053950436,0.34869927,0.01658922,null,null,null,null,"TWOGAUSSIANS",8,5.1189814,0.21325557,0.006116436,0.4,0.005140384,0.503299,0.13535038,0.7210419,0.004831691,0.4,0.0,0.34628767,0.014961322
375316653866487564,4168483880683348992,0.50398076,2406.290138173771,2.7743347439279615,2.470007E-5,19.60255,0.030823175,0.27141827,0.005632815,0.086888105,0.010523354,0.45506847,0.033843827,0.75947267,0.012506416,0.10012364,0.02484859,0.40718728,0.0338549,null,null,null,null,"TWOGAUSSIANS",8,2.6825137,0.27141827,0.005632815,0.4,0.0,0.43491733,0.030271724,0.75947267,0.012506416,0.4,0.0,0.38703254,0.04096268
375316653866487564,4168487071846858624,0.52521753,2305.3351890561175,1.2087329433784506,8.3667155E-6,18.992174,0.023585666,0.17439382,0.0027594971,0.085846044,0.008299098,0.27475184,0.02217225,0.6754745,0.007511206,0.09041987,0.013987227,0.30163178,0.03637143,null,null,null,null,"TWOGAUSSIANS",8,1.767267,0.6754745,0.007511206,0.4,0.0,0.29149735,0.039898068,0.17439382,0.0027594971,0.4,0.0,0.26461753,0.01542937
375316653866487564,4168487621602684800,0.4527321,2383.015269247598,2.739372311488214,2.6974292E-5,18.68127,0.055313423,0.23953816,0.00825413,0.11749761,0.033924896,0.12750658,0.05325558,0.7326335,0.011505812,0.10340166,0.04309477,0.11700962,0.05211266,null,null,null,null,"TWOGAUSSIANS",8,2.5516357,0.23953816,0.008252071,0.4,0.0,0.109939925,0.0093211895,0.7326335,0.011526604,0.4,0.0,0.0994716,0.022551835
375316653866487564,4168499548730657920,0.4975672,2360.7835393693244,2.085148441574603,3.9928786E-5,18.952503,0.012527255,0.20224386,0.0040818946,0.02897045,0.0047806385,0.5090167,0.16208087,0.68973655,0.024929034,0.008966958,0.02026348,0.20129232,0.054642115,0.05096288,0.013201066,0.20224386,0.0040818946,"TWOGAUSSIANS_WITH_ELLIPSOIDAL_ON_ECLIPSE1",9,8.311916,0.20224386,0.0040818946,0.16223453,0.026771575,0.6109423,0.16446751,0.6897766,0.024885576,0.05021497,0.11347549,0.30259174,0.06860757
375316653866487564,4168501606012845696,0.46328604,2368.0103797485986,3.361481859008786,2.5674251E-5,17.981606,0.019696603,0.1877658,0.009332451,0.0721192,0.017289655,0.1952194,0.03296421,0.67145,0.012795995,0.080915295,0.017800359,0.19242491,0.018080592,null,null,null,null,"TWOGAUSSIANS",8,21.437174,0.1877658,0.009332451,0.4,0.045767415,0.1939142,0.03326185,0.67145,0.012795995,0.4,0.0,0.1911197,0.016013209
375316653866487564,4168506764270003072,0.5539938,2359.008978608277,2.886077260591518,2.7519094E-5,19.45599,0.012760255,0.20900212,0.003956482,0.061151933,0.006194071,0.38927788,0.031906493,0.7000241,0.0031321142,0.06305583,0.003750771,0.8008317,0.023290562,null,null,null,null,"TWOGAUSSIANS",8,4.112029,0.7000241,0.0031321142,0.35311264,0.021004317,0.80057913,0.02328157,0.20900212,0.003956482,0.34245083,0.034686796,0.38902533,0.031998392
375316653866487564,4168506901715112448,0.4549947,2392.721919166996,0.4090268379150678,2.8675295E-5,18.017715,0.022319177,0.13195637,0.0056127566,0.02501719,0.0052988883,0.13943301,0.028468808,0.6204259,0.07429519,0.043838333,0.10344666,0.14925139,0.19452347,null,null,null,null,"TWOGAUSSIANS",8,10.268491,0.6204259,0.07429519,0.24549466,0.18457359,0.14925139,0.19485329,0.13195637,0.005603303,0.14009628,0.029673776,0.13943301,0.028536381
375316653866487564,4168507550249449216,0.5340191,2371.007472900319,1.8124086634189154,1.930206E-5,18.821817,0.007306958,0.20306039,0.005106434,0.07438521,0.005735505,0.18967739,0.013208586,0.69542354,0.007793747,0.06614856,0.01045697,0.26180908,0.033435613,null,null,null,null,"TWOGAUSSIANS",8,2.2175488,0.69542354,0.007793747,0.37043193,0.05836335,0.26116347,0.033911575,0.20306039,0.005106434,0.4,0.0,0.18903178,0.013144958
375316653866487564,4168510715646105856,0.5858885,2358.9389676031915,1.5197702326775666,5.662323E-6,13.142654,0.40079436,0.2830875,0.0030014499,0.17079893,0.037019484,0.44121006,0.3143178,0.78141534,0.0019343932,0.21447347,0.07541626,0.48771366,0.38350168,null,null,null,null,"TWOGAUSSIANS",8,30.036077,0.2842575,0.0028652789,0.4,0.0,0.10840302,0.0029162948,0.78141534,0.0019343932,0.4,0.0,0.10265071,0.003996549
375316653866487564,4168512124389679616,0.53356797,2370.3978810805597,3.5111270978217726,1.1328783E-5,19.220207,0.009320548,0.22448526,0.005091977,0.07337641,0.0057411534,0.41347858,0.030937731,0.70795745,0.0028446894,0.07755373,0.0033622687,0.47559226,0.017189141,null,null,null,null,"TWOGAUSSIANS",8,2.774463,0.70795745,0.0028446894,0.4,0.0,0.47304937,0.01700531,0.22448526,0.005091977,0.4,0.0043617827,0.41093567,0.031719867
375316653866487564,4168513773654966016,0.5279233,2384.334823634974,0.16653578831763624,5.3683114E-5,19.093418,0.005505892,0.087462716,0.0031187837,0.012327658,0.0022184707,0.14559452,0.03660075,0.6212039,0.013562053,0.027039116,0.0038506526,0.90761304,0.402442,null,null,null,null,"TWOGAUSSIANS",8,6.004001,0.6212039,0.013562053,0.15141906,0.021563655,0.90761304,0.402442,0.087462716,0.0031187837,0.06903489,0.012423436,0.14559452,0.03660075
375316653866487564,4168513945460904832,0.6748668,2375.969758689671,3.7282210359603947,2.2571883E-6,15.798767,0.0072489735,0.23731545,8.225299E-4,0.041387245,0.0014515964,0.4668822,0.016080879,0.7363232,0.001281465,0.043101072,0.0016717289,0.52715766,0.016866013,0.12559903,0.008489623,0.23731545,8.225299E-4,"TWOGAUSSIANS_WITH_ELLIPSOIDAL_ON_ECLIPSE1",9,20.419947,0.73638314,0.0011995472,0.241366,0.0093616815,0.77834624,0.008993924,0.23731545,8.225299E-4,0.23176858,0.008128939,0.7180799,0.006677471
375316653866487564,4168515934025311232,0.47983113,2370.9090769977765,0.574635542156486,2.7674847E-5,19.500387,0.006288167,0.31227282,0.010562736,0.023592941,0.008123233,0.2851967,0.062130176,0.6724156,0.05789737,0.051985133,0.04294051,0.03671036,0.010570376,null,null,null,null,"TWOGAUSSIANS",8,1.4256297,0.31227282,0.010562736,0.13212048,0.045490105,0.2851967,0.06213018,0.6724156,0.05789737,0.29111674,0.22618821,0.03671036,0.010570376
375316653866487564,4168516144484156800,0.53975374,2351.460077202414,1.5078788469080622,1.4981894E-5,16.40275,0.017297074,0.19475262,0.0056896955,0.096459664,0.012685147,0.15488252,0.01579432,0.6873035,0.007856867,0.10713672,0.018759867,0.12909664,0.015754057,null,null,null,null,"TWOGAUSSIANS",8,9.935061,0.19475262,0.00568473,0.4,0.0,0.14232658,0.0057318686,0.6873035,0.007856867,0.4,0.0,0.116536126,0.0075558727
375316653866487564,4168516174541683584,0.56044424,2360.970458953016,1.5156733750514626,5.9661797E-6,17.440348,0.023321511,0.28526074,0.0040990235,0.12669368,0.017367586,0.1374577,0.023057522,0.78512615,0.001874411,0.10717032,0.011258389,0.15958983,0.020983094,null,null,null,null,"TWOGAUSSIANS",8,1.4052553,0.78512615,0.0018644729,0.4,0.0,0.13000226,0.0058405185,0.28526074,0.0041057547,0.4,0.0,0.10776206,0.0044083926
375316653866487564,4168519988472857856,0.43687916,2310.609044483517,3.2240390712797855,4.133144E-5,19.50543,0.020700049,0.2609444,0.0131948115,0.055181988,0.026133442,0.29399708,0.07481854,0.7710072,0.018396685,0.08208791,0.022742523,0.16383575,0.06559568,null,null,null,null,"TWOGAUSSIANS",8,6.02683,0.2609444,0.0131948115,0.30901915,0.11042981,0.2935924,0.07738182,0.7710072,0.018396685,0.4,0.018233122,0.16343105,0.06545411
375316653866487564,4168520332071845760,0.5584878,2369.886044915722,3.427963687455883,7.1437753E-6,19.202774,0.008698416,0.19697256,0.0024954756,0.04966812,0.007081865,0.29828736,0.052054502,0.68734044,0.005998497,0.03384898,0.006321645,0.24429092,0.036512107,0.11978327,0.017608847,0.19697256,0.0024954756,"TWOGAUSSIANS_WITH_ELLIPSOIDAL_ON_ECLIPSE1",9,1.975716,0.19697256,0.0024954756,0.27814147,0.039658442,0.53785294,0.05771862,0.6881205,0.0056169457,0.18955429,0.03540121,0.48305133,0.026950102
375316653866487564,4168528307832228864,0.58717495,2379.5690310769173,2.6562636375887,5.1409543E-6,18.198282,0.0069726175,0.28321934,0.0021048682,0.05845477,0.0075943577,0.10375087,0.023851266,0.7804342,0.003008426,0.045585442,0.0047512315,0.14610341,0.01651872,0.104054645,0.009373284,0.28321934,0.0021048682,"TWOGAUSSIANS_WITH_ELLIPSOIDAL_ON_ECLIPSE1",9,2.2595246,0.7809642,0.002220782,0.2552785,0.026606897,0.35414982,0.010478128,0.28321934,0.0021048682,0.3273467,0.042528402,0.31184894,0.01895671
375316653866487564,4168530678653614592,0.5940763,2372.605414183016,2.158806510220344,3.1259156E-6,16.336008,0.012741331,0.25128633,0.0011520863,0.10315058,0.004473053,0.2617389,0.011850701,0.749226,0.002505725,0.11177759,0.007544467,0.20147856,0.012046166,null,null,null,null,"TWOGAUSSIANS",8,5.2344956,0.25128633,0.0011508527,0.4,0.0,0.23203075,0.0044244765,0.749226,0.002505725,0.4,0.0,0.17175631,0.0038911588
375316653866487564,4168532980756500096,0.58066916,2366.3319236272187,1.1611379559142951,8.934111E-6,16.178244,0.03711627,0.28389022,0.0034056148,0.14525881,0.024226936,0.16009864,0.035815027,0.78701043,0.0019493754,0.11545998,0.012649528,0.16554224,0.034588445,null,null,null,null,"TWOGAUSSIANS",8,3.5568492,0.7871204,0.0019788153,0.4,0.0,0.11639346,0.0026957917,0.28387022,0.0034108849,0.4,0.0,0.1101196,0.00307844
375316653866487564,4168538443954595328,0.5010643,2357.5407561421944,2.5299307655,3.471888E-5,17.706684,0.087565616,0.21107203,0.020257689,0.052615732,0.026647545,0.20947209,0.18879946,0.73428625,0.029113445,0.054195672,0.035378635,0.24233398,0.23680346,0.08641349,0.09316587,0.73428625,0.029113445,"TWOGAUSSIANS_WITH_ELLIPSOIDAL_ON_ECLIPSE2",9,38.144444,0.73428625,0.029113445,0.30349576,0.18784484,0.4151545,0.11337416,0.21459202,0.015879234,0.2946481,0.12953833,0.3791915,0.02618305
375316653866487564,4168542635835257344,0.56945115,2358.6807334256014,3.6876647837971057,7.3247284E-6,19.60229,0.0072116265,0.2960019,0.0027988118,0.06432445,0.004072871,0.58782333,0.038508955,0.797743,0.002988325,0.064083666,0.0031801048,0.6519443,0.021333802,null,null,null,null,"TWOGAUSSIANS",8,1.575007,0.797743,0.002988325,0.35886854,0.017808586,0.6513454,0.021428335,0.2960019,0.0027988118,0.36021692,0.022808077,0.5872244,0.038715586
375316653866487564,4168543288677488768,0.58799654,2336.6976028937343,2.474355570896278,5.956536E-6,16.891287,0.007825831,0.25851956,0.0020901565,0.046922516,0.007937163,0.19707721,0.029981133,0.7657217,0.0031979776,0.046911623,0.0061192075,0.244196,0.023424644,0.13553669,0.013059459,0.25851956,0.0020901565,"TWOGAUSSIANS_WITH_ELLIPSOIDAL_ON_ECLIPSE1",9,21.146048,0.7657217,0.0031979776,0.2627051,0.03426756,0.5147144,0.024105724,0.25851956,0.0020901565,0.2627661,0.044448115,0.46815038,0.024340795
375316653866487564,4168545796938423424,0.654061,2360.496001344354,1.6421816335344073,4.1639987E-6,15.576164,0.006417368,0.28357902,0.0019350954,0.051846188,0.004435555,0.13356374,0.014036578,0.7830762,0.001941475,0.059475858,0.0030054578,0.18275103,0.013718674,0.08113249,0.0075923926,0.28357902,0.0019350954,"TWOGAUSSIANS_WITH_ELLIPSOIDAL_ON_ECLIPSE1",9,11.020369,0.78317624,0.0015288554,0.3330648,0.016830564,0.34498727,0.0030220218,0.28357902,0.0019350954,0.29033864,0.024839109,0.29580128,0.0048230225
375316653866487564,4168549026746553216,0.49884453,2366.040885779582,1.5053373570527366,7.4289933E-6,19.610632,0.0046520247,0.29441956,0.0031254513,0.023692701,0.0042483257,0.21631357,0.091552496,0.7935039,0.0022642894,0.03473378,0.0021988105,0.5596554,0.062381126,null,null,null,null,"TWOGAUSSIANS",8,1.79946,0.7935039,0.0022642894,0.19450916,0.012313338,0.5596554,0.062381126,0.29441956,0.0031254513,0.13267912,0.023790624,0.21631357,0.091552496
