Gaia/vari_eclipsing_binary/VariEclipsingBinary_673503-673533.csv
# %ECSV 1.0
# ---
# delimiter: ','
# meta: !!omap
# - RELEASE: Gaia DR3
# - TABLE: vari_eclipsing_binary
# - DESCRIPTION: >
#     This table describes the properties of the eclipsing binaries resulting from the variability analysis. 
# - CITATION: >
#     How to cite and acknowledge Gaia: 
#     https://gea.esac.esa.int/archive/documentation/credits.html 
# - KNOWN_ISSUES: >
#     Known issues: 
#     https://www.cosmos.esa.int/web/gaia-users/known-issues 
# - DOCUMENTATION: >
#     Tutorials and documentation: 
#     https://www.cosmos.esa.int/web/gaia-users/archive 
# datatype:
# - 
#   name: solution_id
#   datatype: int64
#   description: Solution Identifier
#   meta:
#     ucd: meta.version
# - 
#   name: source_id
#   datatype: int64
#   description: Unique source identifier
#   meta:
#     ucd: meta.id;meta.main
# - 
#   name: global_ranking
#   datatype: float32
#   description: Number between 0 (worst) and 1 (best)
#   meta:
#     ucd: stat.param
# - 
#   name: reference_time
#   datatype: float64
#   unit: d
#   description: Reference time used for the geometric model fit
#   meta:
#     ucd: time.epoch
# - 
#   name: frequency
#   datatype: float64
#   unit: d**-1
#   description: Frequency of geometric model of the eclipsing binary light curve
#   meta:
#     ucd: src.orbital
# - 
#   name: frequency_error
#   datatype: float32
#   unit: d**-1
#   description: "Uncertainty of \\texttt{frequency}"
#   meta:
#     ucd: stat.error
# - 
#   name: geom_model_reference_level
#   datatype: float32
#   unit: mag
#   description: Magnitude reference level of geometric model
#   meta:
#     ucd: phot.mag;em.opt
# - 
#   name: geom_model_reference_level_error
#   datatype: float32
#   unit: mag
#   description: "Uncertainty of \\texttt{geomModelReferenceLevel}"
#   meta:
#     ucd: stat.error;phot.mag;em.opt
# - 
#   name: geom_model_gaussian1_phase
#   datatype: float32
#   description: Phase of the Gaussian 1 component
#   meta:
#     ucd: time.phase
# - 
#   name: geom_model_gaussian1_phase_error
#   datatype: float32
#   description: "Uncertainty of \\texttt{geomModelGaussian1Phase}"
#   meta:
#     ucd: stat.error;time.phase
# - 
#   name: geom_model_gaussian1_sigma
#   datatype: float32
#   description: "Standard deviation [phase] of Gaussian 1 component"
#   meta:
#     ucd: stat.stdev
# - 
#   name: geom_model_gaussian1_sigma_error
#   datatype: float32
#   description: "Uncertainty of \\texttt{geomModelGaussian1Sigma}"
#   meta:
#     ucd: stat.error
# - 
#   name: geom_model_gaussian1_depth
#   datatype: float32
#   unit: mag
#   description: Magnitude depth of Gaussian 1 component
#   meta:
#     ucd: src.var.amplitude
# - 
#   name: geom_model_gaussian1_depth_error
#   datatype: float32
#   unit: mag
#   description: "Uncertainty of \\texttt{geomModelGaussian1Depth}"
#   meta:
#     ucd: stat.error;src.var.amplitude
# - 
#   name: geom_model_gaussian2_phase
#   datatype: float32
#   description: Phase of Gaussian 2 component
#   meta:
#     ucd: time.phase
# - 
#   name: geom_model_gaussian2_phase_error
#   datatype: float32
#   description: "Uncertainty of \\texttt{geomModelGaussian2Phase}"
#   meta:
#     ucd: stat.error;time.phase
# - 
#   name: geom_model_gaussian2_sigma
#   datatype: float32
[...]
#   datatype: float32
#   description: "Secondary eclipse: uncertainty of \\texttt{derivedSecondaryEclDuration}"
#   meta:
#     ucd: stat.error;time.duration
# - 
#   name: derived_secondary_ecl_depth
#   datatype: float32
#   unit: mag
#   description: "Secondary eclipse: depth"
#   meta:
#     ucd: src.var.amplitude
# - 
#   name: derived_secondary_ecl_depth_error
#   datatype: float32
#   unit: mag
#   description: "Secondary eclipse: uncertainty of \\texttt{derivedSecondaryEclDepth}"
#   meta:
#     ucd: stat.error;src.var.amplitude
solution_id,source_id,global_ranking,reference_time,frequency,frequency_error,geom_model_reference_level,geom_model_reference_level_error,geom_model_gaussian1_phase,geom_model_gaussian1_phase_error,geom_model_gaussian1_sigma,geom_model_gaussian1_sigma_error,geom_model_gaussian1_depth,geom_model_gaussian1_depth_error,geom_model_gaussian2_phase,geom_model_gaussian2_phase_error,geom_model_gaussian2_sigma,geom_model_gaussian2_sigma_error,geom_model_gaussian2_depth,geom_model_gaussian2_depth_error,geom_model_cosine_half_period_amplitude,geom_model_cosine_half_period_amplitude_error,geom_model_cosine_half_period_phase,geom_model_cosine_half_period_phase_error,model_type,num_model_parameters,reduced_chi2,derived_primary_ecl_phase,derived_primary_ecl_phase_error,derived_primary_ecl_duration,derived_primary_ecl_duration_error,derived_primary_ecl_depth,derived_primary_ecl_depth_error,derived_secondary_ecl_phase,derived_secondary_ecl_phase_error,derived_secondary_ecl_duration,derived_secondary_ecl_duration_error,derived_secondary_ecl_depth,derived_secondary_ecl_depth_error
[from data line 513]
375316653866487564,5924432468842364032,0.5466213,2295.32111461438,3.0029233263994612,1.1849551E-5,19.42775,0.012620052,0.27631,0.0027852827,0.067316085,0.00442287,0.44953138,0.01364506,0.7797964,0.005494026,0.078319296,0.0070011634,0.48325226,0.019196643,null,null,null,null,"TWOGAUSSIANS",8,2.4034083,0.7797964,0.005494026,0.4,0.0,0.48088554,0.019614011,0.27631,0.0027852827,0.37697005,0.024768071,0.44716468,0.013510159
375316653866487564,5924432675020119552,0.48306102,2268.3700750251355,3.5158455166071443,3.8534716E-5,17.283976,0.09059847,0.24768132,0.005043318,0.13259572,0.04259249,0.17064598,0.088268176,0.75295645,0.010408744,0.12166715,0.042586766,0.13673326,0.0865763,null,null,null,null,"TWOGAUSSIANS",8,9.500199,0.24765132,0.005024906,0.4,0.0,0.12816228,0.0077945716,0.75307643,0.010486121,0.4,0.0,0.094471715,0.011214136
375316653866487564,5924432778099381248,0.5238785,2248.322345335914,1.5029337134608964,2.5056392E-5,19.312279,0.0074088834,0.36244878,0.009282726,0.034510665,0.0060362318,0.414795,0.08724131,0.8584236,0.0063734627,0.024561688,0.00386397,0.6908067,0.082056716,null,null,null,null,"TWOGAUSSIANS",8,4.7175117,0.8584236,0.0063734627,0.13754545,0.021638233,0.6908067,0.082056716,0.36244878,0.009282726,0.19325973,0.033802897,0.414795,0.08724131
375316653866487564,5924433121679255424,0.51172984,2271.994426091118,3.6471637866329236,1.966631E-5,19.887861,0.03022558,0.22798543,0.006002857,0.0732053,0.010639935,0.45866698,0.028545668,0.72058517,0.008248429,0.07112349,0.021458514,0.53926295,0.12197582,null,null,null,null,"TWOGAUSSIANS",8,2.7667701,0.72058517,0.008248429,0.39829156,0.04316309,0.53720623,0.12875733,0.22798543,0.006002857,0.4,0.011494046,0.45661026,0.026010998
375316653866487564,5924433598417512064,0.5056132,2247.5482364063923,1.5966726603212618,7.3719886E-5,19.857029,0.040084116,0.20640951,0.010762364,0.047849536,0.01182305,0.36393163,0.04107908,0.70533395,0.010698421,0.049410675,0.039305013,0.76275873,0.36968163,null,null,null,null,"TWOGAUSSIANS",8,5.0966654,0.70533395,0.010698421,0.27669978,0.13794248,0.7627569,0.37117884,0.20640951,0.010762364,0.2679574,0.06620908,0.36392978,0.040264077
375316653866487564,5924434255548097152,0.5016335,2271.2126618573316,2.600286026689326,1.608713E-5,18.751255,0.016645141,0.26267874,0.004982807,0.09240811,0.011089255,0.22388284,0.015934043,0.7645421,0.00655658,0.10082564,0.012669416,0.21376859,0.027775537,null,null,null,null,"TWOGAUSSIANS",8,2.4090385,0.26267874,0.004982807,0.4,0.0,0.20891349,0.013030595,0.7645421,0.00655658,0.4,0.0,0.19879746,0.028813707
375316653866487564,5924434805303669248,0.43996546,2268.4692542402777,1.0745164405586456,2.1738846E-4,19.078608,0.013802126,0.1926017,0.0074422886,0.041753065,0.01921942,0.29599556,0.081245504,0.7304139,0.008669516,0.020794898,0.0057268743,0.47395152,0.2040483,0.025360275,0.028485814,0.1926017,0.0074422886,"TWOGAUSSIANS_WITH_ELLIPSOIDAL_ON_ECLIPSE1",9,19.256813,0.7304139,0.008669516,0.11645143,0.0320705,0.52186257,0.20470382,0.1926017,0.0074422886,0.23381716,0.107628755,0.34671608,0.09473391
375316653866487564,5924434869719747968,0.56218296,2290.2814182409543,2.666598521841607,1.621645E-5,17.1375,0.055015493,0.1801053,0.0028655746,0.11959706,0.014958489,0.3369641,0.05357876,0.6816131,0.0041337134,0.11558991,0.014159117,0.35560882,0.051425148,null,null,null,null,"TWOGAUSSIANS",8,8.819378,0.6816231,0.004144146,0.4,0.0,0.2845039,0.0163968,0.1800953,0.0028810462,0.4,0.0,0.2658127,0.0073823542
375316653866487564,5924435492498624128,0.57512987,2263.1175666338154,2.7455319894554977,1.0267054E-5,19.090815,0.011279846,0.2725721,0.00319293,0.08774948,0.004416444,0.47674668,0.021394765,0.774389,0.004103171,0.08160927,0.0055605522,0.45401317,0.015155044,null,null,null,null,"TWOGAUSSIANS",8,2.4397037,0.2725721,0.00319293,0.4,0.0,0.46520254,0.0218664,0.774389,0.004103171,0.4,0.0,0.44246912,0.01484984
375316653866487564,5924435733017075456,0.49517366,2267.9595900987692,3.5205316232106294,2.1893551E-5,19.72015,0.014248205,0.28951928,0.006206863,0.07283165,0.009325918,0.3652014,0.0399158,0.7936037,0.0035815751,0.087081246,0.0081976885,0.29520744,0.02097126,null,null,null,null,"TWOGAUSSIANS",8,1.651804,0.28951928,0.006206863,0.4,0.006528718,0.36070487,0.04253618,0.7936037,0.0035815751,0.4,0.0,0.29071087,0.021871626
375316653866487564,5924436003588454144,0.5684781,2256.987210760074,3.2182789980984,8.912569E-6,18.501665,0.008361288,0.28336158,0.0017893318,0.0815377,0.002617459,0.4501544,0.014141128,0.7824054,0.0025415423,0.07929077,0.0043789414,0.5099448,0.024380608,null,null,null,null,"TWOGAUSSIANS",8,3.5284038,0.7824054,0.0025415423,0.4,0.0,0.50246066,0.025647374,0.28336158,0.0017893318,0.4,0.0,0.44267023,0.013852247
375316653866487564,5924436282773199616,0.51602626,2272.873345084186,2.512882866553579,2.4848E-5,19.768692,0.017251885,0.23460837,0.0042194473,0.058334976,0.0078092576,0.7777467,0.12255351,0.7381901,0.0051197484,0.052384753,0.0068402416,0.35992587,0.06600264,null,null,null,null,"TWOGAUSSIANS",8,3.4826243,0.23460837,0.0042194473,0.32667586,0.043731842,0.777712,0.12260161,0.7381901,0.0051197484,0.29335463,0.038305353,0.3598912,0.066029176
375316653866487564,5924436282792984704,0.601326,2268.8796960118502,2.5577592513921106,1.8173176E-5,15.683994,0.01401329,0.29027265,0.0037824519,0.04860422,0.0061020255,0.20668513,0.039967243,0.7851387,0.0028825714,0.059365727,0.0060257697,0.2769791,0.02992357,0.098925695,0.018804753,0.29027265,0.0037824519,"TWOGAUSSIANS_WITH_ELLIPSOIDAL_ON_ECLIPSE1",9,71.00295,0.78598875,0.002072177,0.33244807,0.03374431,0.4746305,0.011522099,0.29027265,0.0037824519,0.27218363,0.034171343,0.40450826,0.01555617
375316653866487564,5924436454591656448,0.6965107,2256.431791119361,1.8068845291709486,3.462457E-6,14.372697,0.004095621,0.29753748,8.116124E-4,0.047300298,0.0013924853,0.6745177,0.021186043,0.7966732,0.002006501,0.05230146,0.0030448793,0.121231034,0.00905514,0.05981368,0.004899669,0.29753748,8.116124E-4,"TWOGAUSSIANS_WITH_ELLIPSOIDAL_ON_ECLIPSE1",9,15.009857,0.29753748,8.116124E-4,0.26488167,0.0077979183,0.794143,0.022995079,0.7968232,0.0017233869,0.29288816,0.017051324,0.24085347,0.004127851
375316653866487564,5924437416644720384,0.5700238,2260.8945710163343,2.245709147581443,1.6236962E-5,17.671045,0.005150542,0.2175561,0.044563442,0.04217562,0.03292541,0.026026454,0.024920512,0.719205,0.002231999,0.055507552,0.0025535848,0.34110087,0.032163482,0.047783643,0.006700947,0.719205,0.002231999,"TWOGAUSSIANS_WITH_ELLIPSOIDAL_ON_ECLIPSE2",9,5.926414,0.719205,0.002231999,0.3108423,0.014300074,0.43665427,0.03025987,0.2181161,0.037884828,0.23618348,0.18438229,0.121573076,0.02196726
375316653866487564,5924437588443377536,0.48815754,2265.6167865683387,0.3297392056378136,2.6706717E-5,18.455727,0.0023636052,0.21615088,0.0023314552,0.02126139,0.0023020564,0.1744938,0.034068495,null,null,null,null,null,null,0.025460294,0.003744396,0.21615088,0.0023314552,"ONEGAUSSIAN_WITH_ELLIPSOIDAL",6,1.5072953,0.21615088,0.0023314552,0.11906379,0.012891516,0.22541432,0.03379409,null,null,null,null,null,null
375316653866487564,5924437755935038464,0.64235556,2272.6541662633413,0.4731836020493067,3.8040046E-6,17.658062,0.002604358,0.2573581,0.0043824576,0.0268895,0.0085702175,0.10030178,0.2174797,0.75690836,4.5300464E-4,0.03158274,5.044906E-4,0.44449753,0.006261078,0.030005984,0.0042533055,0.2573581,0.0043824576,"TWOGAUSSIANS_WITH_ELLIPSOIDAL_ON_ECLIPSE1",9,2.5272293,0.75690836,4.4274004E-4,0.17686333,0.0028251475,0.504509,0.0039392803,0.2573581,0.0043824576,0.1505812,0.047993217,0.1603137,0.2201034
375316653866487564,5924439405205261056,0.43079972,2270.2442341111496,2.5267275661693427,7.427143E-5,17.105097,0.0036266677,0.22338519,0.007825677,0.018971615,0.0056556584,0.03855957,0.014729314,0.7558544,0.023562424,0.016150916,0.048080754,0.04927429,0.020640224,0.021000719,0.0047817375,0.22338519,0.007825677,"TWOGAUSSIANS_WITH_ELLIPSOIDAL_ON_ECLIPSE1",9,12.939666,0.7558544,0.023562424,0.09044512,0.26925224,0.089551724,0.021153294,0.22338519,0.007825677,0.10624104,0.031671688,0.080561,0.013457904
375316653866487564,5924439787486445568,0.50087255,2253.0492707095627,3.2010760880686244,1.9666271E-5,17.313068,0.008390048,0.24163122,0.008630034,0.043989316,0.02476258,0.034365483,0.031409193,0.7348507,0.006661175,0.042266183,0.013714244,0.08310686,0.02635035,0.05015155,0.016018527,0.24163122,0.008630034,"TWOGAUSSIANS_WITH_ELLIPSOIDAL_ON_ECLIPSE1",9,8.622978,0.7358407,0.005301302,0.23669061,0.076799765,0.18325436,0.02437407,0.24163122,0.008630034,0.24634017,0.13867044,0.1346685,0.020816581
375316653866487564,5924440062345277056,0.4383135,2279.8212319119516,2.9900721411472917,4.9253136E-5,19.238544,0.038104698,0.22086345,0.009112968,0.07003629,0.018233951,0.46222863,0.06658799,0.70686394,0.012556617,0.057645008,0.012071174,0.56169915,0.08919716,null,null,null,null,"TWOGAUSSIANS",8,32.10561,0.70686394,0.012556617,0.32281205,0.067598574,0.5613954,0.08914831,0.22086345,0.009112968,0.3922032,0.072541945,0.46192488,0.06716277
375316653866487564,5924440302863444096,0.5868041,2259.467061937378,2.712002711603078,1.0273978E-5,18.866499,0.0066592414,0.25992224,0.003558206,0.08152744,0.0041725608,0.3310582,0.00776713,0.7592203,0.004917686,0.0853936,0.006160019,0.30650058,0.0136480015,null,null,null,null,"TWOGAUSSIANS",8,1.1944773,0.25992224,0.003558206,0.4,0.0,0.3239822,0.005853457,0.7592203,0.004917686,0.4,0.0,0.29942456,0.013728391
375316653866487564,5924440440302400256,0.51368695,2261.42704920821,3.225691812867697,1.6384252E-5,19.751453,0.014510155,0.28295285,0.008218465,0.07358393,0.006866086,0.67182434,0.056770507,0.7838339,0.002705492,0.05844462,0.0034862703,0.628894,0.03778373,null,null,null,null,"TWOGAUSSIANS",8,3.2666142,0.28295285,0.008218465,0.4,0.0017057253,0.670853,0.056757588,0.7838339,0.002705492,0.32728988,0.019523114,0.62792265,0.037827585
375316653866487564,5924441058777959040,0.49939236,2263.7676598596695,2.7736897314905544,7.393531E-5,18.601223,0.022304907,0.28350222,0.0077410224,0.09686743,0.010614107,0.3942441,0.029386727,0.77492416,0.0040651825,0.08438269,0.008394111,0.43436527,0.036945026,null,null,null,null,"TWOGAUSSIANS",8,14.077997,0.77492416,0.0040651825,0.4,0.0,0.41832486,0.03962044,0.28350222,0.0077410224,0.4,0.0,0.3782023,0.026175201
375316653866487564,5924441436733592320,0.5528296,2262.104120702908,1.9550620104869652,1.2235745E-5,18.15268,0.0033610486,0.2337295,0.0015292199,0.052393325,0.002785184,0.137412,0.0048667747,0.7337155,0.005038901,0.04641262,0.0131458,0.48742467,0.13877001,null,null,null,null,"TWOGAUSSIANS",8,2.0975826,0.7337155,0.005038901,0.25991067,0.073616475,0.4874233,0.13878624,0.2337295,0.0015292199,0.2934026,0.0155970305,0.13741066,0.0048607034
375316653866487564,5924441849050778240,0.52310956,2268.4124064485636,1.952012249939816,1.3740896E-5,18.331823,0.022718549,0.2760256,0.0068820845,0.101785414,0.01866385,0.15092695,0.021476164,0.7698567,0.005514152,0.10154828,0.017683452,0.16067751,0.019819554,null,null,null,null,"TWOGAUSSIANS",8,2.090338,0.7698567,0.005514152,0.4,0.0,0.14662847,0.0075335023,0.2760256,0.006887475,0.4,0.0,0.13687792,0.0092058815
375316653866487564,5924442330087245952,0.46140787,2261.008971220045,2.787285490753433,9.8661236E-5,19.378166,0.017886424,0.22591813,0.014224639,0.075269364,0.01994945,0.13385321,0.018114569,0.7262314,0.013327509,0.09580963,0.021099433,0.15850838,0.019399976,null,null,null,null,"TWOGAUSSIANS",8,3.01562,0.7262314,0.013327509,0.4,0.0,0.15444885,0.016285198,0.22591813,0.014223509,0.4,0.003908519,0.12979408,0.012916831
375316653866487564,5924443086021278080,0.6003824,2247.8521553965174,3.7815444558767064,1.4867996E-5,16.533659,0.018628336,0.266806,0.002191178,0.05425075,0.006997811,0.2957731,0.037061915,0.76062465,0.003656057,0.057506725,0.005672187,0.32091945,0.042749166,0.096991256,0.022300107,0.266806,0.002191178,"TWOGAUSSIANS_WITH_ELLIPSOIDAL_ON_ECLIPSE1",9,31.943535,0.76146466,0.0031334052,0.32203767,0.031764247,0.51462615,0.019899782,0.266806,0.002191178,0.3038042,0.03918774,0.48973238,0.018234638
375316653866487564,5924443257820005632,0.47754818,2251.4144010529462,3.4100779479551466,8.57391E-5,18.886885,0.013546443,0.15665182,0.010548633,0.09068281,0.0149524445,0.2074674,0.01954227,0.6739264,0.0129618365,0.090487085,0.009683133,0.1776561,0.022081414,null,null,null,null,"TWOGAUSSIANS",8,4.6113744,0.15665182,0.010548633,0.4,0.0,0.20095207,0.019391684,0.6739264,0.0129618365,0.4,0.0,0.17114079,0.019542655
375316653866487564,5924443670116987008,0.5004938,2282.5507306461163,0.9877782676528747,4.6642996E-5,19.343475,0.012164741,0.2878226,0.0062682005,0.037179522,0.0074977074,0.35688883,0.028609827,0.8149306,0.05642828,0.028227756,0.08332636,0.25297698,0.33395004,null,null,null,null,"TWOGAUSSIANS",8,4.24598,0.2878226,0.0062682005,0.20820531,0.041987162,0.35688883,0.028529989,0.8149306,0.05642828,0.15807544,0.25689855,0.25297698,0.33421403
375316653866487564,5924444494751089792,0.5005423,2265.841341167316,3.4689841177511456,5.821302E-5,18.707075,0.01096333,0.28156605,0.011472742,0.07350346,0.013695952,0.266268,0.0136893885,0.7717023,0.0074058054,0.092919156,0.013944109,0.2122687,0.021890877,null,null,null,null,"TWOGAUSSIANS",8,5.901447,0.28156605,0.011472742,0.4,0.033013552,0.2620125,0.012425484,0.7717023,0.0074058054,0.4,0.0,0.20801297,0.02413735
375316653866487564,5924445628623071104,0.55888027,2303.689200661992,2.9475194033787524,2.3646759E-5,19.033142,0.017951919,0.23301192,0.0020135364,0.040332492,0.0063349972,0.24229126,0.038817823,0.7421759,0.006436602,0.03707971,0.011533953,0.29428622,0.056667287,0.1491585,0.020869983,0.23301192,0.0020135364,"TWOGAUSSIANS_WITH_ELLIPSOIDAL_ON_ECLIPSE1",9,4.6361327,0.7421759,0.006436602,0.20764638,0.06459014,0.59161526,0.06451861,0.23301192,0.0020135364,0.22586195,0.035475984,0.5406082,0.014267314
375316653866487564,5924445731701879808,0.48449594,2268.2968519499454,2.8107799430395963,2.5718406E-5,18.230663,0.015137959,0.28240433,0.007977194,0.08372475,0.009888994,0.24100277,0.016193312,0.7754157,0.004661439,0.075982735,0.007465248,0.32613888,0.035656087,null,null,null,null,"TWOGAUSSIANS",8,12.227305,0.7754157,0.004661439,0.4,0.0,0.32254273,0.036018338,0.28240433,0.007977194,0.4,0.0,0.23740661,0.014558729
375316653866487564,5924445864834482304,0.53727096,2253.481167663546,3.36630947738652,7.14722E-5,17.41988,0.022135107,0.27222908,0.005374879,0.08330043,0.0072690807,0.42375296,0.026495269,0.7651731,0.006002206,0.08598296,0.008139587,0.5492123,0.02492818,null,null,null,null,"TWOGAUSSIANS",8,63.516537,0.7651731,0.006002206,0.4,0.0,0.53832936,0.020992622,0.27222908,0.005374879,0.4,0.0,0.41287005,0.023382798
375316653866487564,5924446281477054720,0.56347626,2285.9112270430896,2.6812154975952227,1.2752125E-5,16.746416,0.007933621,0.25065565,0.0043808483,0.09049491,0.0069273273,0.27198404,0.007973918,0.7501982,0.003546032,0.089742936,0.0047750166,0.27542084,0.009224019,null,null,null,null,"TWOGAUSSIANS",8,13.7939625,0.7501982,0.003546032,0.4,0.0,0.26382968,0.006966098,0.25065565,0.0043808483,0.4,0.0,0.26039284,0.007082844
375316653866487564,5924447655848001280,0.44382367,2260.6993976621857,1.1319603116908301,1.73458E-4,19.24711,0.005655861,0.1948508,0.047933728,0.046405148,0.032349125,0.05548539,0.037602432,0.53608584,0.028031223,0.03996493,0.02131155,0.3215804,1.0095295,null,null,null,null,"TWOGAUSSIANS",8,4.000866,0.53608584,0.028031223,0.2238036,0.119344674,0.3215804,1.0095295,0.1948508,0.047933728,0.25986883,0.1811551,0.05548539,0.037602432
