Gaia/vari_eclipsing_binary/VariEclipsingBinary_464004-464058.csv
# %ECSV 1.0
# ---
# delimiter: ','
# meta: !!omap
# - RELEASE: Gaia DR3
# - TABLE: vari_eclipsing_binary
# - DESCRIPTION: >
#     This table describes the properties of the eclipsing binaries resulting from the variability analysis. 
# - CITATION: >
#     How to cite and acknowledge Gaia: 
#     https://gea.esac.esa.int/archive/documentation/credits.html 
# - KNOWN_ISSUES: >
#     Known issues: 
#     https://www.cosmos.esa.int/web/gaia-users/known-issues 
# - DOCUMENTATION: >
#     Tutorials and documentation: 
#     https://www.cosmos.esa.int/web/gaia-users/archive 
# datatype:
# - 
#   name: solution_id
#   datatype: int64
#   description: Solution Identifier
#   meta:
#     ucd: meta.version
# - 
#   name: source_id
#   datatype: int64
#   description: Unique source identifier
#   meta:
#     ucd: meta.id;meta.main
# - 
#   name: global_ranking
#   datatype: float32
#   description: Number between 0 (worst) and 1 (best)
#   meta:
#     ucd: stat.param
# - 
#   name: reference_time
#   datatype: float64
#   unit: d
#   description: Reference time used for the geometric model fit
#   meta:
#     ucd: time.epoch
# - 
#   name: frequency
#   datatype: float64
#   unit: d**-1
#   description: Frequency of geometric model of the eclipsing binary light curve
#   meta:
#     ucd: src.orbital
# - 
#   name: frequency_error
#   datatype: float32
#   unit: d**-1
#   description: "Uncertainty of \\texttt{frequency}"
#   meta:
#     ucd: stat.error
# - 
#   name: geom_model_reference_level
#   datatype: float32
#   unit: mag
#   description: Magnitude reference level of geometric model
#   meta:
#     ucd: phot.mag;em.opt
# - 
#   name: geom_model_reference_level_error
#   datatype: float32
#   unit: mag
#   description: "Uncertainty of \\texttt{geomModelReferenceLevel}"
#   meta:
#     ucd: stat.error;phot.mag;em.opt
# - 
#   name: geom_model_gaussian1_phase
#   datatype: float32
#   description: Phase of the Gaussian 1 component
#   meta:
#     ucd: time.phase
# - 
#   name: geom_model_gaussian1_phase_error
#   datatype: float32
#   description: "Uncertainty of \\texttt{geomModelGaussian1Phase}"
#   meta:
#     ucd: stat.error;time.phase
# - 
#   name: geom_model_gaussian1_sigma
#   datatype: float32
#   description: "Standard deviation [phase] of Gaussian 1 component"
#   meta:
#     ucd: stat.stdev
# - 
#   name: geom_model_gaussian1_sigma_error
#   datatype: float32
#   description: "Uncertainty of \\texttt{geomModelGaussian1Sigma}"
#   meta:
#     ucd: stat.error
# - 
#   name: geom_model_gaussian1_depth
#   datatype: float32
#   unit: mag
#   description: Magnitude depth of Gaussian 1 component
#   meta:
#     ucd: src.var.amplitude
# - 
#   name: geom_model_gaussian1_depth_error
#   datatype: float32
#   unit: mag
#   description: "Uncertainty of \\texttt{geomModelGaussian1Depth}"
#   meta:
#     ucd: stat.error;src.var.amplitude
# - 
#   name: geom_model_gaussian2_phase
#   datatype: float32
#   description: Phase of Gaussian 2 component
#   meta:
#     ucd: time.phase
# - 
#   name: geom_model_gaussian2_phase_error
#   datatype: float32
#   description: "Uncertainty of \\texttt{geomModelGaussian2Phase}"
#   meta:
#     ucd: stat.error;time.phase
# - 
#   name: geom_model_gaussian2_sigma
#   datatype: float32
[...]
#   datatype: float32
#   description: "Secondary eclipse: uncertainty of \\texttt{derivedSecondaryEclDuration}"
#   meta:
#     ucd: stat.error;time.duration
# - 
#   name: derived_secondary_ecl_depth
#   datatype: float32
#   unit: mag
#   description: "Secondary eclipse: depth"
#   meta:
#     ucd: src.var.amplitude
# - 
#   name: derived_secondary_ecl_depth_error
#   datatype: float32
#   unit: mag
#   description: "Secondary eclipse: uncertainty of \\texttt{derivedSecondaryEclDepth}"
#   meta:
#     ucd: stat.error;src.var.amplitude
solution_id,source_id,global_ranking,reference_time,frequency,frequency_error,geom_model_reference_level,geom_model_reference_level_error,geom_model_gaussian1_phase,geom_model_gaussian1_phase_error,geom_model_gaussian1_sigma,geom_model_gaussian1_sigma_error,geom_model_gaussian1_depth,geom_model_gaussian1_depth_error,geom_model_gaussian2_phase,geom_model_gaussian2_phase_error,geom_model_gaussian2_sigma,geom_model_gaussian2_sigma_error,geom_model_gaussian2_depth,geom_model_gaussian2_depth_error,geom_model_cosine_half_period_amplitude,geom_model_cosine_half_period_amplitude_error,geom_model_cosine_half_period_phase,geom_model_cosine_half_period_phase_error,model_type,num_model_parameters,reduced_chi2,derived_primary_ecl_phase,derived_primary_ecl_phase_error,derived_primary_ecl_duration,derived_primary_ecl_duration_error,derived_primary_ecl_depth,derived_primary_ecl_depth_error,derived_secondary_ecl_phase,derived_secondary_ecl_phase_error,derived_secondary_ecl_duration,derived_secondary_ecl_duration_error,derived_secondary_ecl_depth,derived_secondary_ecl_depth_error
375316653866487564,4081423514925685120,0.47038662,2238.1459232305065,0.7669989613878524,4.4048214E-5,19.614084,0.15076382,0.22020364,0.025615005,0.09013688,0.0825255,0.16245896,0.1517495,0.70228404,0.01906428,0.085332006,0.04638474,0.15582903,0.13651177,null,null,null,null,"TWOGAUSSIANS",8,1.4710612,0.22020364,0.02578231,0.4,0.0,0.15837547,0.059627943,0.70228404,0.01906428,0.4,0.007457637,0.15174565,0.03193918
375316653866487564,4081426680317451136,0.56236535,2193.9269313566256,0.6210709350818548,4.4244487E-5,17.585873,0.0022551662,0.7438877,0.008564081,0.02503093,0.007679078,0.12937787,0.12719484,0.4247774,0.0018834237,0.030640144,0.0012359655,0.18697123,0.005013857,null,null,null,null,"TWOGAUSSIANS",8,2.6166425,0.4247774,0.0018834237,0.17158481,0.006921407,0.18697123,0.005013857,0.7438877,0.008564081,0.14017321,0.043002836,0.12937787,0.12719484
375316653866487564,4081426847805569792,0.51016676,2232.128100013338,0.10668017628460011,2.5771094E-5,17.633665,0.0062748375,0.19387393,0.007073208,0.10265866,0.018116731,0.067694634,0.0046665813,0.7233543,0.029752748,0.07553134,0.030580403,0.06227552,0.009319345,null,null,null,null,"TWOGAUSSIANS",8,0.8786823,0.19387393,0.007073208,0.4,0.0,0.06613307,0.0038873958,0.7233643,0.029753782,0.4,0.048644863,0.06071592,0.006718607
375316653866487564,4081427573670110720,0.5267206,2252.460652682741,3.034338823234081,4.1931686E-5,16.563417,0.009264286,0.25681022,0.00564604,0.085267946,0.011011857,0.10913846,0.012665892,0.78646266,0.016140128,0.07573968,0.022173056,0.09238699,0.008271641,null,null,null,null,"TWOGAUSSIANS",8,6.735216,0.25681022,0.00564604,0.4,0.0,0.10823817,0.011701684,0.78646266,0.016140128,0.4,0.03150138,0.09148673,0.008778832
375316653866487564,4081431868637546624,0.557948,2186.733928850564,2.8287393197676924,1.3982674E-5,16.262623,0.034188308,0.20153792,0.0020128891,0.06061431,0.013035986,0.21043421,0.06979431,0.68053883,0.01367099,0.054186095,0.019664979,0.20131929,0.2325911,0.07454839,0.03542724,0.20153792,0.0020128891,"TWOGAUSSIANS_WITH_ELLIPSOIDAL_ON_ECLIPSE1",9,33.202297,0.20153792,0.0020128891,0.33944014,0.07300152,0.35948727,0.042420246,0.6835988,0.013110559,0.30344212,0.11012389,0.3481654,0.2324767
375316653866487564,4081432173570161920,0.49531752,2240.013866208415,2.9732875452590144,4.0999617E-5,18.272314,0.039051477,0.25473642,0.0076944875,0.07956347,0.029462628,0.19596031,0.028124794,0.75932956,0.0113230385,0.09033699,0.013896599,0.29980755,0.03957096,null,null,null,null,"TWOGAUSSIANS",8,16.168154,0.75932956,0.0113230385,0.4,0.0,0.29385686,0.02720079,0.25473642,0.0076944875,0.4,0.06019319,0.19000977,0.025110567
375316653866487564,4081432384037031552,0.6082552,2254.599730895704,0.4477264665584659,5.407413E-5,19.273796,0.013731806,0.34097716,0.06449575,0.020134661,0.076183334,1.2071832,1.0308601,0.47936752,0.10289481,0.11786226,0.053162683,0.4635666,0.07716318,null,null,null,null,"TWOGAUSSIANS",8,2.125854,0.34175715,0.06713244,0.11275411,0.31612626,1.4406409,1.0812008,0.47936752,0.10289481,0.4,0.0,0.46345195,0.058629457
375316653866487564,4081432899429751680,0.5277357,2246.5948347172002,0.2051717189231079,1.1566168E-4,18.550278,0.0062376177,0.27605802,0.011282249,0.077639595,0.012321552,0.108053125,0.005931347,0.7463674,0.022578416,0.10122125,0.027840713,0.10527197,0.020986117,null,null,null,null,"TWOGAUSSIANS",8,1.4107889,0.27606803,0.011280518,0.4,0.0,0.105428405,0.0072394283,0.7463674,0.022578416,0.4,0.0,0.10264497,0.022236114
375316653866487564,4081434033301064704,0.4694947,2176.32644162649,1.3352265827063274,8.149329E-5,17.40861,0.002707328,0.29125324,0.023696903,0.065295205,0.031087138,0.07875876,0.08663738,0.83989704,0.05601846,0.051563557,0.019197274,0.28325695,0.6040784,null,null,null,null,"TWOGAUSSIANS",8,2.8678398,0.83989704,0.05601846,0.28875592,0.10750473,0.2832525,0.6040821,0.29125324,0.023696903,0.36565316,0.16588815,0.07875432,0.086645566
375316653866487564,4081434750546192896,0.57910043,2234.3376553675453,2.6951648757450366,8.370655E-6,17.304968,0.004110754,0.7827187,0.0020235681,0.07022723,0.03634394,0.017221015,0.010784936,null,null,null,null,null,null,0.13716795,0.0053112824,0.7827187,0.0020235681,"ONEGAUSSIAN_WITH_ELLIPSOIDAL",6,8.59029,0.7827187,0.0020235681,0.39327246,0.15469486,0.29152632,0.0076556755,null,null,null,null,null,null
375316653866487564,4081437533685165440,0.6202587,2241.384330716074,2.7415248634520224,7.844036E-6,18.24931,0.0038718393,0.27121136,0.006657269,0.07335551,0.006932522,0.5767243,0.08679188,0.7666375,0.0014449712,0.07486923,0.0017612899,0.5601635,0.018767755,null,null,null,null,"TWOGAUSSIANS",8,2.0991676,0.27121136,0.006657269,0.4,0.013948877,0.5732627,0.088576734,0.7666375,0.0014449712,0.4,0.0,0.5567019,0.01904895
375316653866487564,4081437705489271296,0.48734763,2242.0350748160104,3.506814264253619,4.4186665E-5,18.7895,0.48782846,0.30198863,0.019713817,0.10949708,0.041874953,0.32422835,0.33285463,0.773804,0.02179559,0.14076544,0.10632485,0.33187333,0.4843014,null,null,null,null,"TWOGAUSSIANS",8,6.952321,0.773804,0.02179559,0.4,0.0,0.26173654,0.03843781,0.30278865,0.018272502,0.4,0.0,0.25556406,0.028556736
375316653866487564,4081439255967680384,0.48587313,2249.9841230227476,3.447273647298187,3.0564253E-5,18.832489,0.023627665,0.1391774,0.012386425,0.09280791,0.017082471,0.19606356,0.024785424,0.62691647,0.0060824663,0.09923673,0.011124923,0.27429524,0.023998868,null,null,null,null,"TWOGAUSSIANS",8,5.979466,0.62691647,0.0060824663,0.4,0.0,0.26102468,0.015721451,0.1391774,0.012391588,0.4,0.0,0.18279478,0.015251999
375316653866487564,4081440080614914432,0.65624285,2232.0158826386237,2.5534235158072285,5.3909466E-6,15.638494,0.0056187278,0.26545984,0.0026534433,0.07534874,0.0019004364,0.5479859,0.009377807,0.7697867,0.004437576,0.072055094,0.003158326,0.49555087,0.014881947,null,null,null,null,"TWOGAUSSIANS",8,29.942266,0.26545984,0.0026534433,0.4,0.0,0.54499036,0.00884084,0.7697867,0.004437576,0.4,0.005925781,0.49255535,0.014370888
375316653866487564,4081443688375841664,0.5129068,2206.319938010966,0.3024850106956877,4.643711E-5,19.280293,0.008932601,0.20103425,0.011411742,0.030586183,0.020898223,0.14943421,0.024774553,0.78322494,0.013715473,0.09583833,0.019255772,0.1585956,0.048730914,null,null,null,null,"TWOGAUSSIANS",8,0.8905002,0.78322494,0.013715473,0.4,0.0,0.15858889,0.048738148,0.20103425,0.011409587,0.17128262,0.11703005,0.14943933,0.024804585
375316653866487564,4081444581726639488,0.53414214,2229.4044598064434,0.058656518915422465,1.8309134E-5,18.730566,0.19280225,0.43374822,0.00600275,0.109863155,0.04130228,0.34913686,0.18478903,0.8402801,0.02134821,0.08566468,0.035727214,0.43085575,0.20766191,null,null,null,null,"TWOGAUSSIANS",8,6.7475166,0.8402801,0.02134821,0.4,0.013360782,0.42366067,0.15564005,0.4337582,0.0058617764,0.4,0.0,0.3415759,0.12801473
375316653866487564,4081446089259985408,0.60001117,2194.1008286688807,2.8580896501554336,8.6271275E-6,18.021778,0.007906372,0.247461,0.004328445,0.07344983,0.006105187,0.32709262,0.0143703455,0.7511508,0.0017550422,0.08420448,0.0032776317,0.2705947,0.007876109,null,null,null,null,"TWOGAUSSIANS",8,1.9951754,0.247461,0.004328445,0.4,0.0012805988,0.32351515,0.015641907,0.7511508,0.0017550422,0.4,0.0,0.2670172,0.0066252286
375316653866487564,4081446505886079616,0.50693256,2206.6081892492048,3.0746858122875436,4.3839314E-5,16.833334,0.01881305,0.25475308,0.005946927,0.093940735,0.014479121,0.25046453,0.029840354,0.77174383,0.005812702,0.07754972,0.018201897,0.24590175,0.016466223,null,null,null,null,"TWOGAUSSIANS",8,36.642025,0.25475308,0.005946927,0.4,0.0,0.24521051,0.03074678,0.77174383,0.005812702,0.4,0.03593943,0.24064825,0.015553546
375316653866487564,4081446639015805952,0.5908192,2228.5515781788713,1.4781232592193525,1.9289313E-5,15.809352,0.0043973573,0.32668248,0.034838334,0.020480305,0.011578701,0.7612656,1.036398,0.6998603,0.030745404,0.048518784,0.013031344,0.60015875,0.041209757,null,null,null,null,"TWOGAUSSIANS",8,61.738995,0.32668248,0.034838334,0.114689715,0.06484073,0.7612656,1.036398,0.6998603,0.030745404,0.2717052,0.072975524,0.60015875,0.041209757
375316653866487564,4081447158709574784,0.45847413,2246.2967747479033,3.608667811155187,4.1163472E-5,19.117718,0.059029557,0.14277905,0.019589998,0.07809161,0.034193136,0.34241536,0.06574628,0.673208,0.016303139,0.085085854,0.02265524,0.44319987,0.07377262,null,null,null,null,"TWOGAUSSIANS",8,4.9518247,0.673208,0.016303139,0.4,0.017878702,0.43922848,0.07170281,0.14277905,0.019589998,0.4,0.10054116,0.33844405,0.07040404
375316653866487564,4081447704174059520,0.504731,2209.7335020530827,0.22375539169007452,4.2843505E-5,18.053453,0.002687146,0.2829816,0.0059904163,0.074868344,0.008115326,0.10310032,0.01407569,0.71908826,0.02216723,0.06760088,0.02405848,0.06772376,0.011042462,null,null,null,null,"TWOGAUSSIANS",8,1.1971232,0.2829816,0.0059904163,0.4,5.461594E-4,0.103033476,0.014137163,0.71908826,0.02216723,0.37856492,0.11747662,0.06765692,0.011189785
375316653866487564,4081447772887354624,0.55506873,2238.525324268085,3.6888162148721655,1.5709764E-5,17.471342,0.014560459,0.26439,0.024464168,0.078663,0.021790605,0.29597506,0.087043114,0.7761507,0.0033667944,0.08026399,0.005789444,0.37080428,0.030859547,null,null,null,null,"TWOGAUSSIANS",8,8.763439,0.7761507,0.0033667944,0.4,0.0,0.36708984,0.031026438,0.26439,0.024464168,0.4,0.054971922,0.29226062,0.08851056
375316653866487564,4081447944686046592,0.5284083,2196.9813498718518,2.726803097124668,1.9501706E-5,18.146074,0.021893801,0.16985002,0.0052531594,0.10777722,0.014052784,0.17200004,0.020642502,0.6488172,0.0058501586,0.09590382,0.012654297,0.21274605,0.021688534,null,null,null,null,"TWOGAUSSIANS",8,2.1511495,0.6488172,0.0058501586,0.4,0.0,0.1983923,0.011339391,0.16985002,0.005256283,0.4,0.0,0.15763688,0.0112631265
375316653866487564,4081449804421184640,0.5210178,2258.06395306399,0.07473009482048457,9.3310344E-5,17.49742,0.0023897046,0.24299447,1.117924E-4,0.0030847727,1.0411879E-4,0.21691947,0.0034703582,0.76454914,0.020672137,0.07276666,0.017098263,0.06421498,0.11164317,null,null,null,null,"TWOGAUSSIANS",8,3.1586342,0.24299447,1.117924E-4,0.017274728,5.8306527E-4,0.21691947,0.0034703582,0.76454914,0.020672137,0.4,0.070919625,0.06421498,0.11164317
375316653866487564,4081450319817297024,0.6153032,2215.1541623647245,2.2706261557922707,5.3918243E-6,17.915258,0.005525491,0.22862332,0.0023764598,0.07279671,0.0021991625,0.50207865,0.01916782,0.73056227,0.0033022633,0.078749195,0.0039222143,0.3030355,0.006284613,null,null,null,null,"TWOGAUSSIANS",8,2.652321,0.22862332,0.0023764598,0.4,0.0,0.49889007,0.019190673,0.73056227,0.0033022633,0.4,0.0,0.2998469,0.00592282
375316653866487564,4081450865269682176,0.6222025,2205.156548279235,3.297942926984502,8.088158E-6,19.016668,0.016605264,0.24404821,0.0016493415,0.048633303,0.004328652,0.33890146,0.039587796,0.74594855,0.004114619,0.04744011,0.0061669955,0.3612188,0.0689025,0.14982544,0.021668818,0.24404821,0.0016493415,"TWOGAUSSIANS_WITH_ELLIPSOIDAL_ON_ECLIPSE1",9,1.6160184,0.74594855,0.003972031,0.26566464,0.034535177,0.6608259,0.06388558,0.24404821,0.0016493415,0.2723465,0.024240451,0.6385513,0.017125685
375316653866487564,4081451110091208192,0.50744206,2251.401410088355,3.013581592506469,1.7053504E-5,19.336506,0.0519892,0.3109914,0.0034567334,0.10678771,0.012777454,0.43245566,0.047817234,0.8172513,0.0050292346,0.09781395,0.014172594,0.43700567,0.048382815,null,null,null,null,"TWOGAUSSIANS",8,3.5360255,0.8172513,0.0050358567,0.4,0.0,0.39636317,0.03672021,0.3109914,0.0034567334,0.4,0.0,0.39179954,0.024683075
375316653866487564,4081451311946280448,0.43927574,2187.296689657936,2.311607399979763,3.7450292E-5,18.966955,0.010750774,0.080351315,0.0036417262,0.013349977,0.0048532407,0.07984241,0.021191139,0.4646849,0.0054759756,0.054425184,0.0151641695,0.15414613,0.09290289,null,null,null,null,"TWOGAUSSIANS",8,4.2653737,0.4646849,0.0054759756,0.30478102,0.08491935,0.15414613,0.09290289,0.080351315,0.0036417262,0.07475988,0.027178148,0.07984241,0.021191139
375316653866487564,4081451316236003072,0.5148846,2198.567331347675,2.9504836597823925,1.2072106E-5,19.091772,0.04321484,0.30693385,0.004977452,0.09335336,0.022013308,0.28374892,0.025054315,0.8084632,0.0060540284,0.10818094,0.018097043,0.28228068,0.042633936,null,null,null,null,"TWOGAUSSIANS",8,1.3956401,0.30693385,0.0049776235,0.4,0.0,0.25825965,0.037948985,0.8084632,0.0060540284,0.4,0.0,0.25677878,0.03328926
375316653866487564,4081451689903586048,0.4702465,2240.7364248855342,2.693640627274787,2.4163362E-5,18.281536,0.017505167,0.23467006,0.008171167,0.08119616,0.018140947,0.18922807,0.02041875,0.7302101,0.022547422,0.08213773,0.023904791,0.11566018,0.026466189,null,null,null,null,"TWOGAUSSIANS",8,10.469037,0.23467006,0.008171167,0.4,0.0,0.18673012,0.020660665,0.7302101,0.022547422,0.4,0.036187768,0.113162234,0.02482519
375316653866487564,4081451758617286272,0.4964113,2210.8617936367427,3.2577625947566875,3.1526997E-5,17.35224,0.020180823,0.19263647,0.0080235,0.08841497,0.016897136,0.14421669,0.018618274,0.7033189,0.014358428,0.09653006,0.019617695,0.16394036,0.029709067,null,null,null,null,"TWOGAUSSIANS",8,14.573501,0.7033189,0.014358428,0.4,0.0,0.157132,0.028258061,0.19263647,0.0080235,0.4,0.0,0.13740887,0.013154516
375316653866487564,4081451900351520256,0.5351088,2180.7314653431104,1.219740332624258,4.7183497E-5,19.505966,0.027950548,0.3238572,0.0061434093,0.06637763,0.004105854,1.821837,0.3476423,0.7144364,0.049734324,0.19540696,0.10538015,0.06072111,0.026356695,null,null,null,null,"TWOGAUSSIANS",8,3.2584906,0.32404718,0.006040596,0.3717147,0.022992782,1.8175874,0.34945434,0.7144364,0.049734324,0.4,0.0,0.047758035,0.015511173
375316653866487564,4081452514531643136,0.5926915,2238.166316163234,0.7859132425410366,2.0945508E-5,17.73029,0.0034955938,0.21165267,0.016944587,0.036712267,0.0056895316,0.40286577,0.16900833,0.72530645,0.011134569,0.058790624,0.010757808,0.1734398,0.006656605,null,null,null,null,"TWOGAUSSIANS",8,3.1883073,0.21165267,0.016944587,0.20558868,0.031861376,0.40286553,0.16900621,0.72530645,0.011134569,0.3292275,0.060243726,0.17343956,0.006656432
375316653866487564,4081453274741254784,0.5457393,2270.2515601990967,2.686013241034799,1.839671E-5,17.690338,0.019334806,0.24399158,0.0069077266,0.0990344,0.0128252525,0.1901042,0.02142217,0.74318403,0.009372235,0.09253818,0.017989315,0.19314387,0.017640712,null,null,null,null,"TWOGAUSSIANS",8,5.1053405,0.74318403,0.009372235,0.4,0.0,0.18058321,0.018925093,0.24399158,0.0069077266,0.4,0.0,0.1775426,0.0151640205
375316653866487564,4081454546065185536,0.60873634,2221.2191395980217,2.554749403429291,1.36097515E-5,16.76675,0.0052095586,0.36584282,0.0017616843,0.06835729,0.0025690182,0.26770175,0.006993016,0.8679123,0.0029349907,0.090435885,0.005421142,0.10023839,0.00516727,null,null,null,null,"TWOGAUSSIANS",8,2.5158968,0.36584282,0.0017616843,0.38280082,0.014386501,0.26569945,0.006680155,0.8679123,0.0029349907,0.4,0.0,0.09823605,0.004558247
375316653866487564,4081455538183887744,0.6187012,2213.318585529159,2.4577414881175037,9.0656895E-6,17.246136,0.004534091,0.26366472,0.003544092,0.10024193,0.005143533,0.14936434,0.0057683378,0.7624425,0.0028087343,0.09014652,0.0052656583,0.16207854,0.005034419,null,null,null,null,"TWOGAUSSIANS",8,0.9248279,0.7624425,0.0028087343,0.4,0.0,0.15239327,0.0053150114,0.26366472,0.003544092,0.4,0.0,0.13967796,0.005168919
375316653866487564,4081455847422412672,0.5000926,2186.573312093352,1.8508396774273836,1.0664024E-5,18.952618,0.0062195184,0.23343873,0.0058297804,0.043127447,0.0045203795,0.21545225,0.0479887,0.7314395,0.008937411,0.051609296,0.0064699766,0.31308776,0.061014008,null,null,null,null,"TWOGAUSSIANS",8,2.7202847,0.7314395,0.008937411,0.28901207,0.036231868,0.3130873,0.061014205,0.23343873,0.0058297804,0.24151371,0.025314124,0.21545184,0.047988888
