Gaia/vari_eclipsing_binary/VariEclipsingBinary_460013-460024.csv
# %ECSV 1.0
# ---
# delimiter: ','
# meta: !!omap
# - RELEASE: Gaia DR3
# - TABLE: vari_eclipsing_binary
# - DESCRIPTION: >
#     This table describes the properties of the eclipsing binaries resulting from the variability analysis. 
# - CITATION: >
#     How to cite and acknowledge Gaia: 
#     https://gea.esac.esa.int/archive/documentation/credits.html 
# - KNOWN_ISSUES: >
#     Known issues: 
#     https://www.cosmos.esa.int/web/gaia-users/known-issues 
# - DOCUMENTATION: >
#     Tutorials and documentation: 
#     https://www.cosmos.esa.int/web/gaia-users/archive 
# datatype:
# - 
#   name: solution_id
#   datatype: int64
#   description: Solution Identifier
#   meta:
#     ucd: meta.version
# - 
#   name: source_id
#   datatype: int64
#   description: Unique source identifier
#   meta:
#     ucd: meta.id;meta.main
# - 
#   name: global_ranking
#   datatype: float32
#   description: Number between 0 (worst) and 1 (best)
#   meta:
#     ucd: stat.param
# - 
#   name: reference_time
#   datatype: float64
#   unit: d
#   description: Reference time used for the geometric model fit
#   meta:
#     ucd: time.epoch
# - 
#   name: frequency
#   datatype: float64
#   unit: d**-1
#   description: Frequency of geometric model of the eclipsing binary light curve
#   meta:
#     ucd: src.orbital
# - 
#   name: frequency_error
#   datatype: float32
#   unit: d**-1
#   description: "Uncertainty of \\texttt{frequency}"
#   meta:
#     ucd: stat.error
# - 
#   name: geom_model_reference_level
#   datatype: float32
#   unit: mag
#   description: Magnitude reference level of geometric model
#   meta:
#     ucd: phot.mag;em.opt
# - 
#   name: geom_model_reference_level_error
#   datatype: float32
#   unit: mag
#   description: "Uncertainty of \\texttt{geomModelReferenceLevel}"
#   meta:
#     ucd: stat.error;phot.mag;em.opt
# - 
#   name: geom_model_gaussian1_phase
#   datatype: float32
#   description: Phase of the Gaussian 1 component
#   meta:
#     ucd: time.phase
# - 
#   name: geom_model_gaussian1_phase_error
#   datatype: float32
#   description: "Uncertainty of \\texttt{geomModelGaussian1Phase}"
#   meta:
#     ucd: stat.error;time.phase
# - 
#   name: geom_model_gaussian1_sigma
#   datatype: float32
#   description: "Standard deviation [phase] of Gaussian 1 component"
#   meta:
#     ucd: stat.stdev
# - 
#   name: geom_model_gaussian1_sigma_error
#   datatype: float32
#   description: "Uncertainty of \\texttt{geomModelGaussian1Sigma}"
#   meta:
#     ucd: stat.error
# - 
#   name: geom_model_gaussian1_depth
#   datatype: float32
#   unit: mag
#   description: Magnitude depth of Gaussian 1 component
#   meta:
#     ucd: src.var.amplitude
# - 
#   name: geom_model_gaussian1_depth_error
#   datatype: float32
#   unit: mag
#   description: "Uncertainty of \\texttt{geomModelGaussian1Depth}"
#   meta:
#     ucd: stat.error;src.var.amplitude
# - 
#   name: geom_model_gaussian2_phase
#   datatype: float32
#   description: Phase of Gaussian 2 component
#   meta:
#     ucd: time.phase
# - 
#   name: geom_model_gaussian2_phase_error
#   datatype: float32
#   description: "Uncertainty of \\texttt{geomModelGaussian2Phase}"
#   meta:
#     ucd: stat.error;time.phase
# - 
#   name: geom_model_gaussian2_sigma
#   datatype: float32
[...]
#   datatype: float32
#   description: "Secondary eclipse: uncertainty of \\texttt{derivedSecondaryEclDuration}"
#   meta:
#     ucd: stat.error;time.duration
# - 
#   name: derived_secondary_ecl_depth
#   datatype: float32
#   unit: mag
#   description: "Secondary eclipse: depth"
#   meta:
#     ucd: src.var.amplitude
# - 
#   name: derived_secondary_ecl_depth_error
#   datatype: float32
#   unit: mag
#   description: "Secondary eclipse: uncertainty of \\texttt{derivedSecondaryEclDepth}"
#   meta:
#     ucd: stat.error;src.var.amplitude
solution_id,source_id,global_ranking,reference_time,frequency,frequency_error,geom_model_reference_level,geom_model_reference_level_error,geom_model_gaussian1_phase,geom_model_gaussian1_phase_error,geom_model_gaussian1_sigma,geom_model_gaussian1_sigma_error,geom_model_gaussian1_depth,geom_model_gaussian1_depth_error,geom_model_gaussian2_phase,geom_model_gaussian2_phase_error,geom_model_gaussian2_sigma,geom_model_gaussian2_sigma_error,geom_model_gaussian2_depth,geom_model_gaussian2_depth_error,geom_model_cosine_half_period_amplitude,geom_model_cosine_half_period_amplitude_error,geom_model_cosine_half_period_phase,geom_model_cosine_half_period_phase_error,model_type,num_model_parameters,reduced_chi2,derived_primary_ecl_phase,derived_primary_ecl_phase_error,derived_primary_ecl_duration,derived_primary_ecl_duration_error,derived_primary_ecl_depth,derived_primary_ecl_depth_error,derived_secondary_ecl_phase,derived_secondary_ecl_phase_error,derived_secondary_ecl_duration,derived_secondary_ecl_duration_error,derived_secondary_ecl_depth,derived_secondary_ecl_depth_error
[from data line 342]
375316653866487564,4046363735542052096,0.47171953,2279.50606029928,0.10744026575812778,2.7485428E-5,19.041319,0.030240104,0.41921327,0.009643097,0.10880965,0.017828498,0.25727865,0.05419288,0.8566649,0.021256711,0.135335,0.041080456,0.123039566,0.030104715,null,null,null,null,"TWOGAUSSIANS",8,1.5117446,0.41992328,0.008613599,0.4,0.0,0.23466904,0.053342253,0.8566649,0.021256711,0.4,0.0,0.09982015,0.016036086
375316653866487564,4046363937393881344,0.6088398,2257.426787580172,1.7921623281897845,6.0519956E-6,17.28665,0.0074450946,0.25839746,0.009285319,0.08694217,0.010505043,0.24282596,0.01709867,0.76594573,0.0030172658,0.08873872,0.00611042,0.18888867,0.009050103,null,null,null,null,"TWOGAUSSIANS",8,2.1567142,0.25839746,0.009285319,0.4,0.0,0.23624575,0.01993469,0.76594573,0.0030172658,0.4,0.0,0.18230845,0.008967134
375316653866487564,4046364010419714560,0.51570976,2308.0606416778483,3.0786504516908346,3.1156284E-5,19.407654,0.07272955,0.24254093,0.004398938,0.08434821,0.011370711,0.42636424,0.07039516,0.7752187,0.008915779,0.1354288,0.032301888,0.31314582,0.06621764,null,null,null,null,"TWOGAUSSIANS",8,2.0625415,0.24226092,0.004452635,0.4,0.0,0.391458,0.037670396,0.7752187,0.008915779,0.4,0.0,0.27728736,0.031792022
375316653866487564,4046364319657646336,0.51066893,2247.2487416381305,3.163994817494576,1.7939787E-5,18.05364,0.02688803,0.24898829,0.0075418986,0.08774883,0.014556557,0.2424988,0.028902236,0.75388324,0.0055999067,0.090834424,0.009446857,0.26849872,0.026454424,null,null,null,null,"TWOGAUSSIANS",8,7.480983,0.75388324,0.0055999067,0.4,0.0,0.25911316,0.019091122,0.24898829,0.0075418986,0.4,0.0,0.23311333,0.025892757
375316653866487564,4046364388377247744,0.51760644,2288.7483651392904,0.060244292840396674,2.6661784E-5,19.030792,0.28661516,0.26076618,0.026529342,0.09746575,0.03286312,0.4297974,0.24009793,0.7295186,0.00868634,0.14092827,0.06561264,0.55028236,0.2454409,null,null,null,null,"TWOGAUSSIANS",8,3.5257967,0.7295186,0.00868634,0.4,0.0,0.46863422,0.06698517,0.26166618,0.02549823,0.4,0.0,0.3507931,0.06862031
375316653866487564,4046364388377348992,0.5262883,2254.7592246123354,1.2356224431881806,6.820714E-5,18.074425,0.010089579,0.42335626,0.067248434,0.01806291,0.029829407,0.7284388,0.8138817,0.74210936,0.01667057,0.041096676,0.014955299,0.17087996,0.061717473,null,null,null,null,"TWOGAUSSIANS",8,16.10516,0.42335626,0.067248434,0.1011523,0.16704468,0.7284388,0.8138817,0.74210936,0.01667057,0.2301414,0.083749674,0.17087996,0.061717473
375316653866487564,4046364457096862976,0.62929595,2321.0882770929593,2.859318554403287,1.33599215E-5,16.78581,0.0033897886,0.28330645,0.0015779102,0.08084165,0.002567591,0.16120209,0.003146184,0.7687456,0.0054750233,0.08231037,0.0056610955,0.19698228,0.0067475857,null,null,null,null,"TWOGAUSSIANS",8,2.0994568,0.7687456,0.0054750233,0.4,0.0,0.19451535,0.006485731,0.28330645,0.0015779102,0.4,0.0,0.15873517,0.002612326
375316653866487564,4046364525816508416,0.47374222,2283.4792569813058,4.53196339307119,1.6154777E-4,18.59166,0.051577955,0.26404092,0.011351537,0.06533825,0.010488491,0.32973126,0.093736105,0.5263907,0.045071587,0.21106827,0.06416451,0.240097,0.051873636,null,null,null,null,"TWOGAUSSIANS",8,9.682286,0.27261093,0.0125004,0.3658942,0.05873555,0.41450796,0.084799595,0.5263907,0.045071587,0.4,0.0,0.21080756,0.032833003
375316653866487564,4046364594535795200,0.44521734,2265.309989526744,0.3084736776993632,3.5855064E-5,18.21454,0.0075537297,0.29617414,0.0048408555,0.025067583,0.013482023,0.63899195,4.4960885,0.87263143,0.06397012,0.044974312,0.055179667,0.065393046,1.18278508E12,0.042606197,0.024414241,0.29617414,0.0048408555,"TWOGAUSSIANS_WITH_ELLIPSOIDAL_ON_ECLIPSE1",9,5.1392922,0.29617414,0.0048408555,0.14037846,0.075499326,0.7242039,4.5190854,0.87263143,0.06397012,0.25185615,0.30900615,0.1324067,1.18278508E12
375316653866487564,4046365006852698368,0.47401115,2228.624455689049,2.775081770422161,2.6283637E-5,18.80851,0.01840501,0.26236954,0.03182861,0.043297026,0.020403048,0.35776025,0.1991561,0.68862027,0.011848908,0.08564101,0.021663517,0.2246806,0.039265648,null,null,null,null,"TWOGAUSSIANS",8,8.208414,0.26236954,0.031829167,0.24246335,0.11425707,0.35773644,0.19915676,0.68862027,0.011848908,0.4,0.0,0.22465585,0.03948604
375316653866487564,4046365071290211968,0.5664231,2266.942816859456,0.9190369729481797,2.9922461E-5,17.659481,0.0040096743,0.27899617,0.055349253,0.04128057,0.049745772,0.36463994,0.462751,0.78204584,0.0053409776,0.069192715,0.011816908,0.050719995,0.0050428878,null,null,null,null,"TWOGAUSSIANS",8,1.737933,0.27899617,0.055349253,0.23117119,0.23080179,0.3646337,0.46312186,0.78204584,0.0053409776,0.3874792,0.044969905,0.050713766,0.004882487
375316653866487564,4046365247371209600,0.52528536,2224.3021566504453,2.7973223646288474,2.5563426E-5,16.457022,0.0056282277,0.6705042,0.0035443585,0.020527272,0.012228807,0.1821212,3.4253178,null,null,null,null,null,null,0.10266454,0.0056004375,0.6705042,0.0035443585,"ONEGAUSSIAN_WITH_ELLIPSOIDAL",6,41.047974,0.6705042,0.0035443585,0.11495272,0.068481326,0.38745022,3.4240036,null,null,null,null,null,null
375316653866487564,4046365419169936768,0.6453494,2262.677967477788,1.8079765718630267,4.4577723E-6,17.572939,0.015067138,0.250688,0.002509484,0.051784385,0.005513925,0.45592138,0.03852647,0.7543614,0.0041893455,0.04847061,0.009479027,0.11221199,0.03326249,0.072293535,0.017588602,0.250688,0.002509484,"TWOGAUSSIANS_WITH_ELLIPSOIDAL_ON_ECLIPSE1",9,2.0276437,0.250688,0.002509484,0.28999257,0.03087798,0.6005041,0.040013786,0.7543614,0.0041893455,0.2714354,0.053082556,0.25671768,0.014972178
375316653866487564,4046365487889520000,0.4557143,2256.8648055344574,2.125473784208913,7.1497845E-5,18.724949,0.0278244,0.172962,0.009355475,0.05396249,0.009855799,0.22845683,0.050557494,0.5317352,0.03953074,0.17595094,0.05821212,0.10280636,0.029681573,null,null,null,null,"TWOGAUSSIANS",8,4.8702316,0.174862,0.008494713,0.30218995,0.055192474,0.23651691,0.053170603,0.5317352,0.03953074,0.4,0.0,0.09773526,0.023331191
375316653866487564,4046365590966547200,0.5439685,2262.4924574479687,2.8743540584746685,1.0666296E-5,19.14699,0.022702139,0.2846771,0.014563954,0.059941627,0.024130972,0.5444419,0.21177399,0.7771662,0.002725015,0.06936812,0.0068770046,0.3796849,0.029435756,null,null,null,null,"TWOGAUSSIANS",8,2.2790391,0.2846771,0.014563954,0.33567312,0.08717723,0.54403824,0.21432401,0.7771662,0.002725015,0.38846144,0.028851349,0.37928122,0.028886795
375316653866487564,4046365728405516416,0.4440449,2303.5338979367734,0.24803914212205322,4.9747294E-5,19.263102,0.058670536,0.47274813,0.017566312,0.17565313,0.0936395,0.12799942,0.048554517,0.78010744,0.0258541,0.05089564,0.02006148,0.23684798,0.16007604,null,null,null,null,"TWOGAUSSIANS",8,4.727958,0.78010744,0.0258541,0.28501558,0.11234429,0.26000583,0.15790074,0.47274813,0.017543448,0.4,0.0,0.1234124,0.030262023
375316653866487564,4046365827181758080,0.5105488,2193.698487830849,0.1420653898872539,1.2027864E-5,18.78448,0.007818058,0.39007208,0.03854393,0.04694545,0.03785331,0.6456385,0.6155062,0.66946805,2.2787985E-4,0.0046159434,0.001803837,0.39536017,0.4382062,0.05078965,0.010162951,0.66946805,2.2787985E-4,"TWOGAUSSIANS_WITH_ELLIPSOIDAL_ON_ECLIPSE2",9,3.0887647,0.38926208,0.060510535,0.2628945,0.13599744,0.6491568,0.6017123,0.66946805,2.2787985E-4,0.025849283,0.010101487,0.49693865,0.4391729
375316653866487564,4046365900206954112,0.5815239,2260.245026328079,2.926532221165198,7.0080314E-6,19.254587,0.013619071,0.3061797,0.010929279,0.0670361,0.01019826,0.54240793,0.0516691,0.8086743,0.0029596598,0.060259115,0.005635911,0.67345375,0.108805366,null,null,null,null,"TWOGAUSSIANS",8,1.2038329,0.8086743,0.0029596598,0.33745104,0.031561103,0.67295796,0.10912061,0.3061797,0.010929279,0.37540215,0.030111387,0.54191214,0.05194803
375316653866487564,4046365969024666496,0.4723113,2253.6897961577693,0.12336129863388008,2.644174E-5,17.146011,0.0027534855,0.3799098,0.006854377,0.05502956,0.010899799,0.1301835,0.03793032,0.92555547,0.004253287,0.01782409,0.0034592152,0.029553957,0.0058252276,null,null,null,null,"TWOGAUSSIANS",8,12.875776,0.3799098,0.006854377,0.30816555,0.061038874,0.1301835,0.03793032,0.92555547,0.004253287,0.0998149,0.019371605,0.029553957,0.0058252276
375316653866487564,4046366484319988352,0.5107536,2221.634705218039,0.2522490826211247,9.767299E-5,19.5079,0.016310953,0.727472,0.012273809,0.09446343,0.024141738,0.27179334,0.060902406,0.43646163,0.0067895656,0.05293945,0.0058498103,0.25558037,0.023289265,null,null,null,null,"TWOGAUSSIANS",8,2.4424574,0.727472,0.012273809,0.4,0.0,0.27178857,0.060912266,0.43733162,0.0064837714,0.29646093,0.03275894,0.25797155,0.024462776
375316653866487564,4046366553039615872,0.54038167,2148.0741999687116,3.1212338306447087,3.3874843E-5,18.270763,0.00814452,0.26967466,0.012386609,0.0785001,0.012205547,0.22523065,0.023093242,0.77026576,0.008818224,0.084154785,0.0116293235,0.17953376,0.012975021,null,null,null,null,"TWOGAUSSIANS",8,3.1988018,0.26967466,0.012386609,0.4,0.020266613,0.22172223,0.023536194,0.77026576,0.008818224,0.4,0.0,0.17602533,0.01263901
375316653866487564,4046366621759269888,0.42707118,2223.7981282927094,0.314138970386564,2.4477977E-5,18.618414,0.33001783,0.18582629,0.02080631,0.10629438,0.02806413,0.25429744,0.057471305,0.62303454,0.061893933,0.27481726,0.19964314,0.36598483,0.30628794,null,null,null,null,"TWOGAUSSIANS",8,4.7719316,0.20011628,0.0077419505,0.4,0.0,0.18541554,0.048240233,0.62303454,0.061893933,0.4,0.0,0.1480619,0.09536221
375316653866487564,4046366656118891008,0.47029874,2237.1796620372083,0.8916160360690268,7.047011E-5,16.669947,0.68627363,0.34021163,0.021687236,0.14102651,0.05819255,0.55314004,0.5862962,0.8485858,0.008503686,0.16546816,0.10218436,0.54667217,0.6614556,null,null,null,null,"TWOGAUSSIANS",8,24.140436,0.3390516,0.020627284,0.4,0.0,0.28830424,0.08374028,0.84912574,0.0077217123,0.4,0.0,0.27243152,0.041785233
375316653866487564,4046366656121360896,0.49079812,2203.377472284494,0.027776096679988233,6.9197944E-5,18.673796,0.008467672,0.33959875,0.030179445,0.08465629,0.021715177,0.1534993,0.036094747,0.8629748,0.0043112584,0.036479607,0.002202176,0.45582,0.07256124,null,null,null,null,"TWOGAUSSIANS",8,2.5640364,0.8629748,0.0043112584,0.2042858,0.012332185,0.45578602,0.07255103,0.33959875,0.030179445,0.4,0.02874467,0.1534653,0.03612587
375316653866487564,4046366724838516096,0.5373597,2272.0336939947415,2.6208753949769723,1.9476578E-5,19.36303,0.024668805,0.28476,0.020292463,0.06966064,0.016804472,0.47251186,0.042660482,0.78963536,0.0038907654,0.06951786,0.005279376,0.4297177,0.034433648,null,null,null,null,"TWOGAUSSIANS",8,2.921433,0.28476,0.020292463,0.39009959,0.029590204,0.47126052,0.040838134,0.78963536,0.0038907654,0.38930002,0.024580454,0.42846635,0.033396892
375316653866487564,4046366793658423424,0.55038494,2260.323424318013,0.023802823265602967,2.4555242E-5,19.430529,0.2049945,0.2516807,0.012913856,0.18482898,0.03988995,0.6414309,0.18583685,0.6595066,0.021373166,0.0893916,0.028745847,0.24705735,0.12706785,null,null,null,null,"TWOGAUSSIANS",8,1.3459854,0.2517007,0.012783462,0.4,0.0,0.55210596,0.059882306,0.6595066,0.021373166,0.4,0.0,0.21773553,0.048999418
375316653866487564,4046366827917721856,0.5729315,2275.3638502382487,1.1291040394159355,1.4274974E-5,16.910664,0.003049881,0.2825077,0.015570735,0.039519276,0.012360928,0.11641838,0.042525303,0.7861283,0.0030615916,0.036850136,0.0022586738,0.7741621,0.17168531,null,null,null,null,"TWOGAUSSIANS",8,10.00476,0.7861283,0.0030615916,0.20636076,0.012648572,0.7741621,0.17168531,0.2825077,0.015570735,0.22130796,0.0692212,0.11641838,0.042525314
375316653866487564,4046366827917799424,0.57357943,2257.458787379012,2.866789233653382,1.0514024E-5,19.000526,0.008989829,0.24867927,0.0033795245,0.07735413,0.005509869,0.39685065,0.013581122,0.7453764,0.0031252787,0.073316306,0.0039501204,0.44930157,0.01711127,null,null,null,null,"TWOGAUSSIANS",8,1.4126785,0.7453764,0.0031252787,0.4,0.0,0.44612002,0.01697757,0.24867927,0.0033795245,0.4,0.0,0.3936691,0.01346613
375316653866487564,4046366930997107712,0.51417744,2270.294933687533,1.388999795337715,1.2800941E-5,17.354551,0.007294783,0.2999018,0.03251464,0.09363509,0.037058342,0.15094422,0.042332534,0.7910353,0.004133459,0.086005814,0.0060952688,0.18199831,0.011116427,null,null,null,null,"TWOGAUSSIANS",8,6.5096874,0.7910353,0.004133459,0.4,0.0,0.17603627,0.010578757,0.2999018,0.03251464,0.4,0.06811628,0.14498198,0.047597293
375316653866487564,4046366995406473984,0.42824623,2215.9464102386596,0.4686936336297034,7.807494E-5,18.582994,0.008563595,0.28901318,0.015589206,0.010426899,0.013328906,0.19789359,1.4077585E20,null,null,null,null,null,null,0.038528576,0.015210597,0.28901318,0.015589206,"ONEGAUSSIAN_WITH_ELLIPSOIDAL",6,10.35594,0.28901318,0.015589206,0.058390636,0.074641876,0.27495074,1.4077585E20,null,null,null,null,null,null
375316653866487564,4046367274594465408,0.44311124,2319.26991069401,0.9890294783192359,4.1191528E-5,19.423029,0.08731359,0.3385194,0.04413566,0.13329612,0.09428021,0.25695857,0.06359793,0.8416908,0.006542707,0.03731129,0.010602408,0.2972087,0.06884346,null,null,null,null,"TWOGAUSSIANS",8,2.5589962,0.8416908,0.006558998,0.20894322,0.059373487,0.2919795,0.048973903,0.3385194,0.04413566,0.4,0.0,0.25127527,0.07009875
375316653866487564,4046367407724483840,0.5644985,2295.338159744725,0.3900607702209917,7.0319315E-5,16.796087,0.0065701935,0.24903426,0.038398173,0.13324502,0.056935675,0.03127293,0.007900086,0.61032206,0.012326695,0.0366147,0.0071700593,0.4055132,0.05113824,null,null,null,null,"TWOGAUSSIANS",8,21.877602,0.61032206,0.012326695,0.20504233,0.04015233,0.40622193,0.051245566,0.24903426,0.038398173,0.4,0.0,0.031189375,0.00774184
375316653866487564,4046367412033346688,0.46394557,2153.042020516699,0.7409883281137314,1.15577364E-4,18.445562,0.036572274,0.22332214,0.032437272,0.07350806,0.047548775,0.18293053,0.03648239,0.70610857,0.02644304,0.08914862,0.023629697,0.1791126,0.034478754,null,null,null,null,"TWOGAUSSIANS",8,11.126735,0.22332214,0.032451045,0.4,0.033714198,0.18063721,0.036906872,0.70610857,0.02644304,0.4,0.0,0.1768192,0.021237632
375316653866487564,4046367442104813696,0.60456085,2149.3267052373117,2.6590447484360973,7.3392707E-6,18.137625,0.0049952557,0.2808219,0.0027480507,0.08455765,0.0032100992,0.27210164,0.00945758,0.77514255,0.002242631,0.07983787,0.0032386484,0.2614056,0.0054340283,null,null,null,null,"TWOGAUSSIANS",8,1.7158798,0.2808219,0.0027480507,0.4,0.0,0.26739693,0.009504386,0.77514255,0.002242631,0.4,0.0,0.25670087,0.0045241094
375316653866487564,4046367446493503488,0.4748424,2269.366238582396,0.9894016014389064,1.7137087E-5,18.521748,0.21491145,0.070010155,0.02013328,0.14445405,0.08491847,0.34604076,0.20378326,0.6676215,0.0023123662,0.025245352,0.0043037804,0.61396384,0.15765502,null,null,null,null,"TWOGAUSSIANS",8,10.498882,0.6677615,0.0020722768,0.14137396,0.02410117,0.6193413,0.17207399,0.070010155,0.02013328,0.4,0.0,0.34419423,0.107372105
375316653866487564,4046367515112895232,0.49904191,2281.7434435910955,0.9352072085545012,6.8152876E-5,17.482203,0.0032309059,0.26216003,0.022179632,0.046424232,0.031793576,0.15962301,469.56284,0.7512953,0.07316961,0.06235818,0.030859457,0.10122143,0.76676095,null,null,null,null,"TWOGAUSSIANS",8,3.3399582,0.26216003,0.022179632,0.2599757,0.17804404,0.15961906,469.56284,0.7512953,0.07316961,0.34920582,0.17281295,0.10121748,0.7667646
375316653866487564,4046367687012055040,0.4720203,2293.708200068019,0.12900537859411895,1.3620834E-5,17.792225,0.02187049,0.25427356,0.0028810855,0.062467325,0.0032643229,0.2056086,0.013980841,0.6944745,0.016330644,0.17309137,0.056311067,0.056914665,0.021624783,null,null,null,null,"TWOGAUSSIANS",8,2.3684392,0.25479355,0.0028019026,0.349817,0.018280208,0.20034824,0.010280193,0.6944745,0.016330644,0.4,0.0,0.049099702,0.009207197
