Gaia/vari_eclipsing_binary/VariEclipsingBinary_477847-477862.csv
# %ECSV 1.0
# ---
# delimiter: ','
# meta: !!omap
# - RELEASE: Gaia DR3
# - TABLE: vari_eclipsing_binary
# - DESCRIPTION: >
#     This table describes the properties of the eclipsing binaries resulting from the variability analysis. 
# - CITATION: >
#     How to cite and acknowledge Gaia: 
#     https://gea.esac.esa.int/archive/documentation/credits.html 
# - KNOWN_ISSUES: >
#     Known issues: 
#     https://www.cosmos.esa.int/web/gaia-users/known-issues 
# - DOCUMENTATION: >
#     Tutorials and documentation: 
#     https://www.cosmos.esa.int/web/gaia-users/archive 
# datatype:
# - 
#   name: solution_id
#   datatype: int64
#   description: Solution Identifier
#   meta:
#     ucd: meta.version
# - 
#   name: source_id
#   datatype: int64
#   description: Unique source identifier
#   meta:
#     ucd: meta.id;meta.main
# - 
#   name: global_ranking
#   datatype: float32
#   description: Number between 0 (worst) and 1 (best)
#   meta:
#     ucd: stat.param
# - 
#   name: reference_time
#   datatype: float64
#   unit: d
#   description: Reference time used for the geometric model fit
#   meta:
#     ucd: time.epoch
# - 
#   name: frequency
#   datatype: float64
#   unit: d**-1
#   description: Frequency of geometric model of the eclipsing binary light curve
#   meta:
#     ucd: src.orbital
# - 
#   name: frequency_error
#   datatype: float32
#   unit: d**-1
#   description: "Uncertainty of \\texttt{frequency}"
#   meta:
#     ucd: stat.error
# - 
#   name: geom_model_reference_level
#   datatype: float32
#   unit: mag
#   description: Magnitude reference level of geometric model
#   meta:
#     ucd: phot.mag;em.opt
# - 
#   name: geom_model_reference_level_error
#   datatype: float32
#   unit: mag
#   description: "Uncertainty of \\texttt{geomModelReferenceLevel}"
#   meta:
#     ucd: stat.error;phot.mag;em.opt
# - 
#   name: geom_model_gaussian1_phase
#   datatype: float32
#   description: Phase of the Gaussian 1 component
#   meta:
#     ucd: time.phase
# - 
#   name: geom_model_gaussian1_phase_error
#   datatype: float32
#   description: "Uncertainty of \\texttt{geomModelGaussian1Phase}"
#   meta:
#     ucd: stat.error;time.phase
# - 
#   name: geom_model_gaussian1_sigma
#   datatype: float32
#   description: "Standard deviation [phase] of Gaussian 1 component"
#   meta:
#     ucd: stat.stdev
# - 
#   name: geom_model_gaussian1_sigma_error
#   datatype: float32
#   description: "Uncertainty of \\texttt{geomModelGaussian1Sigma}"
#   meta:
#     ucd: stat.error
# - 
#   name: geom_model_gaussian1_depth
#   datatype: float32
#   unit: mag
#   description: Magnitude depth of Gaussian 1 component
#   meta:
#     ucd: src.var.amplitude
# - 
#   name: geom_model_gaussian1_depth_error
#   datatype: float32
#   unit: mag
#   description: "Uncertainty of \\texttt{geomModelGaussian1Depth}"
#   meta:
#     ucd: stat.error;src.var.amplitude
# - 
#   name: geom_model_gaussian2_phase
#   datatype: float32
#   description: Phase of Gaussian 2 component
#   meta:
#     ucd: time.phase
# - 
#   name: geom_model_gaussian2_phase_error
#   datatype: float32
#   description: "Uncertainty of \\texttt{geomModelGaussian2Phase}"
#   meta:
#     ucd: stat.error;time.phase
# - 
#   name: geom_model_gaussian2_sigma
#   datatype: float32
[...]
#   datatype: float32
#   description: "Secondary eclipse: uncertainty of \\texttt{derivedSecondaryEclDuration}"
#   meta:
#     ucd: stat.error;time.duration
# - 
#   name: derived_secondary_ecl_depth
#   datatype: float32
#   unit: mag
#   description: "Secondary eclipse: depth"
#   meta:
#     ucd: src.var.amplitude
# - 
#   name: derived_secondary_ecl_depth_error
#   datatype: float32
#   unit: mag
#   description: "Secondary eclipse: uncertainty of \\texttt{derivedSecondaryEclDepth}"
#   meta:
#     ucd: stat.error;src.var.amplitude
solution_id,source_id,global_ranking,reference_time,frequency,frequency_error,geom_model_reference_level,geom_model_reference_level_error,geom_model_gaussian1_phase,geom_model_gaussian1_phase_error,geom_model_gaussian1_sigma,geom_model_gaussian1_sigma_error,geom_model_gaussian1_depth,geom_model_gaussian1_depth_error,geom_model_gaussian2_phase,geom_model_gaussian2_phase_error,geom_model_gaussian2_sigma,geom_model_gaussian2_sigma_error,geom_model_gaussian2_depth,geom_model_gaussian2_depth_error,geom_model_cosine_half_period_amplitude,geom_model_cosine_half_period_amplitude_error,geom_model_cosine_half_period_phase,geom_model_cosine_half_period_phase_error,model_type,num_model_parameters,reduced_chi2,derived_primary_ecl_phase,derived_primary_ecl_phase_error,derived_primary_ecl_duration,derived_primary_ecl_duration_error,derived_primary_ecl_depth,derived_primary_ecl_depth_error,derived_secondary_ecl_phase,derived_secondary_ecl_phase_error,derived_secondary_ecl_duration,derived_secondary_ecl_duration_error,derived_secondary_ecl_depth,derived_secondary_ecl_depth_error
[from data line 226]
375316653866487564,4203233808293004288,0.5734707,2234.825314712085,3.843919425874122,2.2170512E-5,18.246794,0.024399303,0.11830031,0.0026715342,0.06301574,0.004259679,0.7503249,0.046353504,0.61589587,0.01128804,0.07457949,0.02186701,0.62569606,0.28715566,null,null,null,null,"TWOGAUSSIANS",8,23.84859,0.11830031,0.0026715342,0.35288814,0.023854202,0.7486013,0.04608222,0.61589587,0.01128804,0.4,0.016814517,0.6239725,0.29154006
375316653866487564,4203234014459370624,0.58217055,2318.510956685646,2.5536143633466573,1.475326E-5,17.557693,0.019737124,0.3002425,0.012411792,0.07581495,0.016399987,0.45131096,0.17942211,0.797485,0.009708203,0.085682295,0.016491486,0.36237293,0.054040648,null,null,null,null,"TWOGAUSSIANS",8,7.2468753,0.3002425,0.012411792,0.4,0.06102957,0.44501662,0.18420827,0.797485,0.009708203,0.4,0.0,0.35607857,0.05846855
375316653866487564,4203234392431637760,0.66060185,2279.9791309311054,2.0645750943878083,9.379334E-6,15.61216,0.0050458466,0.27535972,0.0023976204,0.055351455,0.010321408,0.088155806,0.010379649,0.76064193,0.014756041,0.04742885,0.021365264,0.10237163,0.7675585,0.08690914,0.005395259,0.27535972,0.0023976204,"TWOGAUSSIANS_WITH_ELLIPSOIDAL_ON_ECLIPSE1",9,6.975346,0.7640519,0.017603058,0.26560155,0.11964548,0.2750458,0.7690976,0.27535972,0.0023976204,0.30996814,0.057799883,0.2619702,0.0047866954
375316653866487564,4203234422421848064,0.6139638,2261.489263594231,2.7301877405686255,1.1631095E-5,17.148996,0.0148773715,0.2941232,0.0044630645,0.09660792,0.0119014075,0.32706118,0.027604716,0.78723425,0.0025589373,0.09532956,0.0049340227,0.31156805,0.015182458,null,null,null,null,"TWOGAUSSIANS",8,4.322569,0.2941232,0.0044630645,0.4,0.0,0.30753165,0.0374556,0.78723425,0.0025589373,0.4,0.0,0.2920389,0.007892162
375316653866487564,4203234525501104384,0.6427008,2217.511217649894,2.4701576449944977,7.1897957E-6,15.700392,0.09151105,0.27187303,0.0013670338,0.0429185,0.02591061,0.48885635,0.03966583,0.76560384,0.04793733,0.039329004,0.032356385,0.37135506,9.384554,0.13375656,0.110139474,0.27187303,0.0013670338,"TWOGAUSSIANS_WITH_ELLIPSOIDAL_ON_ECLIPSE1",9,46.24043,0.27187303,0.0013670338,0.2403436,0.14509942,0.75636923,0.19256099,0.7661138,0.04646947,0.22024243,0.18119577,0.63848656,9.397958
375316653866487564,4203234736006686336,0.46363425,2268.8754288168093,0.9287211748722491,2.7496264E-5,19.600023,0.07975926,0.15085723,0.01186349,0.06923031,0.0489045,0.27549282,0.05914871,0.6516284,0.009862248,0.060965046,0.024151433,0.32654005,0.08071883,null,null,null,null,"TWOGAUSSIANS",8,4.405515,0.6516284,0.009862248,0.34140426,0.11235945,0.3261753,0.0769131,0.15085723,0.01186349,0.38768974,0.117815994,0.27512807,0.067173764
375316653866487564,4203235144005504768,0.60238653,2270.0671340588,2.2945059302596444,1.6573302E-5,18.512297,0.008618306,0.3008754,0.0027441254,0.070298925,0.0033900505,0.43945506,0.030254377,0.80024135,0.0055749724,0.07176984,0.0057686544,0.5017941,0.029992947,null,null,null,null,"TWOGAUSSIANS",8,3.1505716,0.80024135,0.0055749724,0.4,0.011996514,0.4999038,0.030237485,0.3008754,0.0027441254,0.393674,0.018984282,0.43756476,0.030431299
375316653866487564,4203235315774667520,0.5502906,2256.3745807401096,2.306186444462152,2.6616639E-5,18.411179,0.013185824,0.24165626,0.006513956,0.08839391,0.010822343,0.16234207,0.015532225,0.7540682,0.007864734,0.10080597,0.021684764,0.10156949,0.01195848,null,null,null,null,"TWOGAUSSIANS",8,0.7653533,0.24165626,0.006513545,0.4,0.0,0.15594259,0.014811218,0.7540682,0.007864734,0.4,0.0,0.09516896,0.014959976
375316653866487564,4203235487573529472,0.5156625,2224.2457539703437,0.10666517595172013,6.9329646E-5,17.701715,0.007368431,0.26258743,0.12171357,0.09273864,0.062834874,0.21219623,0.47840363,0.88051724,0.0013160777,0.019764492,0.0037976387,0.20067936,0.03952218,null,null,null,null,"TWOGAUSSIANS",8,2.6466706,0.26258743,0.12171357,0.4,0.19019067,0.21219602,0.47840378,0.88051724,0.0013105284,0.110681154,0.021266777,0.20072292,0.03953269
375316653866487564,4203235521933234304,0.58706766,2216.764167052211,2.6245814147819586,1.878931E-5,18.073456,0.02141675,0.13468313,0.0043367962,0.065248795,0.005923726,0.4057953,0.04116183,0.63044775,0.0021862881,0.07122666,0.0039772354,0.47775328,0.022495976,null,null,null,null,"TWOGAUSSIANS",8,5.084622,0.63044775,0.0021862881,0.39886928,0.012545365,0.47679433,0.022005312,0.13468313,0.0043367962,0.36539328,0.033172864,0.40483636,0.041081995
375316653866487564,4203236243486239616,0.5349064,2267.1053523251317,0.9741871260852436,4.71079E-5,18.02371,0.009032891,0.43591526,0.022367153,0.15442395,0.020627918,0.20853257,0.017436406,0.8757165,0.006608114,0.033813424,0.006292876,0.060590565,0.008373891,null,null,null,null,"TWOGAUSSIANS",8,5.654253,0.43591526,0.022367153,0.4,0.0,0.20492527,0.016494311,0.8757165,0.006608114,0.18935518,0.035240106,0.060885563,0.0071991584
375316653866487564,4203236316551329920,0.48869792,2205.805161837905,0.38918782385762524,1.0783841E-4,19.552788,0.013665693,0.31556946,0.022572657,0.05044793,0.016674692,0.382485,0.10991711,0.13705795,0.017539978,0.050836723,0.034771454,0.10442241,0.032907024,null,null,null,null,"TWOGAUSSIANS",8,2.758211,0.31546947,0.02290781,0.2825084,0.09337827,0.38270518,0.10952271,0.13844796,0.018264322,0.28468564,0.19472013,0.10518848,0.03399041
375316653866487564,4203236660148952448,0.57432044,2278.4666860456828,1.8034588912342564,1.0095199E-4,18.096981,0.026633509,0.26246303,0.028812869,0.063925855,0.029975506,0.51015174,3.5962265,0.7477594,0.0064782505,0.06807466,0.006034106,0.7532436,0.07463393,null,null,null,null,"TWOGAUSSIANS",8,25.387865,0.7477594,0.0064782505,0.38121808,0.031468164,0.75262153,0.07460444,0.26246303,0.028812869,0.35798478,0.16749898,0.50952965,3.5969489
375316653866487564,4203237171230223232,0.59182644,2298.8393126542983,2.86049200005317,6.3260813E-6,18.868015,0.018353082,0.15343308,0.006872279,0.085622735,0.008019875,0.35089663,0.023125878,0.64732784,0.0024678854,0.082359634,0.004647552,0.45223704,0.023884173,null,null,null,null,"TWOGAUSSIANS",8,1.7887092,0.64732784,0.0024678854,0.4,0.0,0.44375542,0.023083963,0.15343308,0.006872279,0.4,0.0,0.34241498,0.019889118
375316653866487564,4203237587872706944,0.59442526,2230.04364711839,2.209009013214708,2.9593108E-5,18.831112,0.004549665,0.18062466,0.003286067,0.06479202,0.004080983,0.35004056,0.01977216,0.696347,0.003854653,0.0694915,0.00394343,0.3612708,0.027058605,null,null,null,null,"TWOGAUSSIANS",8,1.3937837,0.696347,0.003854653,0.3891524,0.022083206,0.36082494,0.027135724,0.18062466,0.003286067,0.36283532,0.022853505,0.3495947,0.019940242
375316653866487564,4203238756104053632,0.57970744,2270.685033234901,2.2819471105938365,1.5989403E-5,16.42091,0.038172003,0.19022703,0.0047802515,0.09232193,0.011293363,0.33605188,0.03787342,0.6878128,0.0041201403,0.10219309,0.01279408,0.35998872,0.035977986,null,null,null,null,"TWOGAUSSIANS",8,25.355694,0.6878128,0.0041201403,0.4,0.0,0.3352211,0.021808518,0.19022703,0.0047802515,0.4,0.0,0.3112886,0.021011347
375316653866487564,4203239095346924800,0.49712065,2260.556229791497,2.5836316942379107,3.404943E-5,16.493244,0.04447329,0.3663436,0.013200574,0.120439656,0.024936413,0.16847125,0.04328126,0.8459249,0.00898309,0.11847455,0.038300697,0.13863271,0.03248115,null,null,null,null,"TWOGAUSSIANS",8,16.12316,0.36642358,0.013247272,0.4,0.0,0.14002329,0.00939155,0.8459249,0.00898309,0.4,0.0,0.11021302,0.025688488
375316653866487564,4203239473303419776,0.4615207,2226.776933989611,1.1286015133694152,6.142614E-5,17.148584,0.0032996887,0.16217037,0.050453097,0.047528114,0.023074012,0.06671328,0.0130354585,0.63863015,0.017118327,0.052227445,0.013101685,0.048284896,0.007216047,null,null,null,null,"TWOGAUSSIANS",8,5.898899,0.16217037,0.050453097,0.26615745,0.12921447,0.06671316,0.013035316,0.63863015,0.017118327,0.2924737,0.073369436,0.04828478,0.0072160074
375316653866487564,4203239610742490880,0.4802194,2209.987482984265,0.30260136039548,5.2804728E-5,18.066252,0.016000157,0.15126723,0.02993668,0.026204932,0.013156871,0.30832154,0.2564871,0.4665998,0.04252727,0.15650845,0.12710789,0.046029087,0.34607014,null,null,null,null,"TWOGAUSSIANS",8,4.0439715,0.15143724,0.030287696,0.14674762,0.07367848,0.31381902,0.2631627,0.4665998,0.04252727,0.4,0.1130844,0.045469556,0.3467453
375316653866487564,4203239610742492928,0.5784117,2218.2077943246118,0.1429280679543163,8.0198806E-5,18.299644,0.003777509,0.36318052,0.0022869413,0.012190391,0.0032705194,1.1833423,0.7722399,0.6385295,0.014166927,0.045519706,0.015692672,0.033531778,0.011086748,null,null,null,null,"TWOGAUSSIANS",8,1.8320396,0.36318052,0.0022869413,0.06826619,0.01831491,1.1833423,0.7722399,0.6385295,0.014166927,0.25491035,0.087878965,0.033531778,0.011086748
375316653866487564,4203239683807867136,0.44366333,2197.926581694389,0.5900337957844897,5.584237E-5,19.718557,0.18371184,0.35592014,0.027194057,0.14825009,0.049761448,0.27402726,0.18884355,0.8405598,0.01472837,0.10431225,0.0286586,0.31542155,0.17296737,null,null,null,null,"TWOGAUSSIANS",8,4.264431,0.8405598,0.01472837,0.4,0.0,0.24668223,0.03201362,0.35594013,0.02715545,0.4,0.0,0.20333515,0.033484176
375316653866487564,4203239683815724800,0.5044948,2228.7669432143975,2.8112184494141923,3.4561614E-5,18.663853,0.0051618186,null,null,null,null,null,null,null,null,null,null,null,null,0.092148006,0.0055608116,0.3043,0.0076798447,"ELLIPSOIDAL",4,4.8831816,null,null,null,null,null,null,null,null,null,null,null,null
375316653866487564,4203239683815740544,0.5419666,2181.1009834617776,2.9198527186540995,1.739134E-5,19.171299,0.016846485,0.3112053,0.012461667,0.07950376,0.012594918,0.32684743,0.028619336,0.81283844,0.002497112,0.07086223,0.006481813,0.4094442,0.015154751,null,null,null,null,"TWOGAUSSIANS",8,2.0168598,0.81283844,0.002497112,0.3968285,0.019902416,0.40666792,0.014950673,0.3112053,0.012461667,0.4,0.014763255,0.3240711,0.028087089
375316653866487564,4203239786887732992,0.55694616,2223.762427382147,2.7451580801906394,2.1906704E-5,19.350718,0.026040195,0.2618769,0.0028043962,0.08015194,0.008979767,0.5975629,0.029190702,0.77179193,0.0067078895,0.07282205,0.010949119,0.56840026,0.08568071,null,null,null,null,"TWOGAUSSIANS",8,4.0354815,0.2618769,0.0028043962,0.4,0.0,0.59305686,0.030272292,0.77179193,0.0067078895,0.4,0.011693482,0.5638942,0.08964364
375316653866487564,4203239924326663808,0.46666932,2210.5301622779816,0.16652945590835802,4.003181E-5,19.087378,0.05040502,0.337157,0.0073286067,0.049453564,0.011281576,0.18230626,0.047796864,0.7876668,0.01846449,0.12533908,0.033100847,0.21938503,0.050292127,null,null,null,null,"TWOGAUSSIANS",8,2.1233187,0.7876668,0.01846449,0.4,0.0,0.21670106,0.037269898,0.337287,0.007239258,0.27693996,0.063176826,0.17998104,0.041159146
375316653866487564,4203240199203954176,0.54498583,2227.294059811031,2.1947753096854705,2.8527831E-5,18.120852,0.03872327,0.2771091,0.0053892042,0.093817726,0.011493972,0.3119756,0.03701967,0.779103,0.0047241757,0.11050415,0.019039446,0.28899747,0.026542885,null,null,null,null,"TWOGAUSSIANS",8,5.241952,0.2771091,0.005392796,0.4,0.0,0.282865,0.014054319,0.779103,0.0047241757,0.4,0.0,0.25986654,0.014292454
375316653866487564,4203240263577673088,0.47428828,2210.0513253414633,0.684026880254844,3.6094574E-5,18.548698,0.007885314,0.22424968,0.027650224,0.031888828,0.019344794,0.1541489,0.020837422,0.73269844,1.4326243E-4,0.029287975,0.002482258,0.23600124,0.018146787,null,null,null,null,"TWOGAUSSIANS",8,8.441655,0.73269844,1.4326243E-4,0.16401267,0.013900645,0.23600124,0.018146787,0.22424968,0.027650224,0.17857742,0.108330846,0.1541489,0.02083742
375316653866487564,4203240336666932736,0.70023286,2217.65853055363,3.1669689196932924,4.519717E-6,16.626867,0.013940723,0.26176688,0.0015299479,0.04271215,0.0054368046,0.40182972,0.022116045,0.75522906,0.014418234,0.04243564,0.026102372,0.5461864,0.3586325,0.15454514,0.014940038,0.26176688,0.0015299479,"TWOGAUSSIANS_WITH_ELLIPSOIDAL_ON_ECLIPSE1",9,4.0132327,0.755719,0.0138612,0.23763958,0.14617328,0.8547934,0.37694135,0.26176688,0.0015299479,0.23918803,0.030446107,0.71091926,0.016924318
375316653866487564,4203240542825422336,0.4526567,2215.636875766066,2.35971918059212,1.0620585E-4,17.260159,0.0058103567,0.22894892,0.01953551,0.021548139,0.01196864,0.17546628,3.8489149,0.668116,0.03791588,0.1004422,0.026672434,0.03964236,0.013298833,null,null,null,null,"TWOGAUSSIANS",8,12.185365,0.22894892,0.019535825,0.12066957,0.06702438,0.17546701,3.8489118,0.668116,0.03791588,0.4,0.0,0.039640296,0.013302618
375316653866487564,4203240955119629184,0.60771537,2271.2520259706994,1.906223598083232,7.944905E-6,18.380964,0.010934058,0.2524525,8.5606944E-4,0.07969462,0.0026816346,0.39765584,0.013223525,0.75375146,0.005813503,0.08051294,0.00579113,0.322702,0.016299786,null,null,null,null,"TWOGAUSSIANS",8,1.3627537,0.2524525,8.5606944E-4,0.4,0.0,0.3923026,0.012526431,0.75375146,0.005813503,0.4,0.0,0.31734875,0.015731245
375316653866487564,4203241126940972032,0.5960611,2217.671604091981,1.6723087028275452,7.5519943E-6,17.899738,0.008113898,0.36671832,0.023185283,0.080055885,0.014875295,0.387988,0.119985096,0.86210364,0.0025876977,0.08445871,0.0032596143,0.2926804,0.008659834,null,null,null,null,"TWOGAUSSIANS",8,1.4574661,0.36671832,0.023185283,0.4,0.019974304,0.38191882,0.12210595,0.86210364,0.0025876977,0.4,0.0,0.28661123,0.006303065
375316653866487564,4203241363118708480,0.5666898,2228.0190005932704,1.160550443293851,1.7837812E-5,18.65205,0.0301108,0.2642357,0.0038466458,0.06360205,0.009630711,0.5271257,0.050374527,0.74557185,0.013766665,0.08173185,0.013252003,0.790829,0.09363005,null,null,null,null,"TWOGAUSSIANS",8,5.9333944,0.74557185,0.013766665,0.4,0.0,0.7885753,0.09331524,0.2642357,0.0038466458,0.3561715,0.05393198,0.52487195,0.051971845
375316653866487564,4203242260795715456,0.5380386,2117.8277975208025,0.9255850569892111,2.1491855E-5,19.23017,0.01662859,0.29915994,1.6505871E-4,0.018920576,0.00392336,0.28108287,0.065316044,0.62940675,0.119702406,0.051050987,0.028450597,1.0667114,1.1619588,null,null,null,null,"TWOGAUSSIANS",8,0.73142755,0.62940675,0.119702406,0.28588554,0.15932335,1.0667114,1.1619588,0.29915994,1.6505871E-4,0.10595522,0.021970814,0.28108287,0.065315984
375316653866487564,4203242295148107648,0.59135306,2109.1337849647025,1.1069467987257997,1.0793804E-5,19.75821,0.009729768,0.37960097,3.3937045E-4,0.039053172,0.0016802838,2.0043595,0.26345423,0.8996728,0.09065573,0.02280801,0.032342315,0.7441633,5.158831,null,null,null,null,"TWOGAUSSIANS",8,1.476604,0.37960097,3.3937045E-4,0.21869776,0.009409589,2.0043595,0.26345426,0.8996728,0.09065573,0.12772486,0.18111695,0.7441633,5.158831
375316653866487564,4203242295171938432,0.6107297,2164.8279263043964,2.544527224236707,1.2524863E-5,17.02153,0.009679524,0.30208236,0.0037616882,0.03862322,0.0075190514,0.31923524,0.04258514,0.7966927,0.0051540546,0.04685005,0.0047963494,0.37556076,0.03282238,0.13613297,0.017710019,0.30208236,0.0037616882,"TWOGAUSSIANS_WITH_ELLIPSOIDAL_ON_ECLIPSE1",9,20.947784,0.7972927,0.0044473917,0.26236027,0.026859557,0.6475493,0.027111828,0.30208236,0.0037616882,0.21629003,0.042106688,0.59150106,0.041654542
375316653866487564,4203242570049932288,0.47715572,2089.5194346354074,0.381616733815367,6.339657E-5,19.2483,0.036439706,0.9577395,0.014043487,0.026018878,0.008959459,0.2060344,0.04758276,0.5539681,0.09635523,0.026265133,0.09726601,1.1549253,0.98448104,null,null,null,null,"TWOGAUSSIANS",8,12.124606,0.5539681,0.09635523,0.14708474,0.3300855,1.1549253,0.9845541,0.9577395,0.014052689,0.14570571,0.05017297,0.2060344,0.048948202
375316653866487564,4203243222868462080,0.50058943,2217.9396035489262,0.09064623805957897,3.55326E-5,17.62227,0.0047884495,0.26881284,0.0057806955,0.03077052,0.0048413984,0.08499946,0.0063927597,0.64069444,0.063093916,0.08888478,0.038971055,0.031935602,0.016847141,null,null,null,null,"TWOGAUSSIANS",8,1.4416603,0.26881284,0.005782643,0.17231491,0.02711183,0.08500443,0.006405197,0.64069444,0.063093916,0.4,0.0,0.031935528,0.016789647
