Gaia/vari_eclipsing_binary/VariEclipsingBinary_473681-473855.csv
# %ECSV 1.0
# ---
# delimiter: ','
# meta: !!omap
# - RELEASE: Gaia DR3
# - TABLE: vari_eclipsing_binary
# - DESCRIPTION: >
#     This table describes the properties of the eclipsing binaries resulting from the variability analysis. 
# - CITATION: >
#     How to cite and acknowledge Gaia: 
#     https://gea.esac.esa.int/archive/documentation/credits.html 
# - KNOWN_ISSUES: >
#     Known issues: 
#     https://www.cosmos.esa.int/web/gaia-users/known-issues 
# - DOCUMENTATION: >
#     Tutorials and documentation: 
#     https://www.cosmos.esa.int/web/gaia-users/archive 
# datatype:
# - 
#   name: solution_id
#   datatype: int64
#   description: Solution Identifier
#   meta:
#     ucd: meta.version
# - 
#   name: source_id
#   datatype: int64
#   description: Unique source identifier
#   meta:
#     ucd: meta.id;meta.main
# - 
#   name: global_ranking
#   datatype: float32
#   description: Number between 0 (worst) and 1 (best)
#   meta:
#     ucd: stat.param
# - 
#   name: reference_time
#   datatype: float64
#   unit: d
#   description: Reference time used for the geometric model fit
#   meta:
#     ucd: time.epoch
# - 
#   name: frequency
#   datatype: float64
#   unit: d**-1
#   description: Frequency of geometric model of the eclipsing binary light curve
#   meta:
#     ucd: src.orbital
# - 
#   name: frequency_error
#   datatype: float32
#   unit: d**-1
#   description: "Uncertainty of \\texttt{frequency}"
#   meta:
#     ucd: stat.error
# - 
#   name: geom_model_reference_level
#   datatype: float32
#   unit: mag
#   description: Magnitude reference level of geometric model
#   meta:
#     ucd: phot.mag;em.opt
# - 
#   name: geom_model_reference_level_error
#   datatype: float32
#   unit: mag
#   description: "Uncertainty of \\texttt{geomModelReferenceLevel}"
#   meta:
#     ucd: stat.error;phot.mag;em.opt
# - 
#   name: geom_model_gaussian1_phase
#   datatype: float32
#   description: Phase of the Gaussian 1 component
#   meta:
#     ucd: time.phase
# - 
#   name: geom_model_gaussian1_phase_error
#   datatype: float32
#   description: "Uncertainty of \\texttt{geomModelGaussian1Phase}"
#   meta:
#     ucd: stat.error;time.phase
# - 
#   name: geom_model_gaussian1_sigma
#   datatype: float32
#   description: "Standard deviation [phase] of Gaussian 1 component"
#   meta:
#     ucd: stat.stdev
# - 
#   name: geom_model_gaussian1_sigma_error
#   datatype: float32
#   description: "Uncertainty of \\texttt{geomModelGaussian1Sigma}"
#   meta:
#     ucd: stat.error
# - 
#   name: geom_model_gaussian1_depth
#   datatype: float32
#   unit: mag
#   description: Magnitude depth of Gaussian 1 component
#   meta:
#     ucd: src.var.amplitude
# - 
#   name: geom_model_gaussian1_depth_error
#   datatype: float32
#   unit: mag
#   description: "Uncertainty of \\texttt{geomModelGaussian1Depth}"
#   meta:
#     ucd: stat.error;src.var.amplitude
# - 
#   name: geom_model_gaussian2_phase
#   datatype: float32
#   description: Phase of Gaussian 2 component
#   meta:
#     ucd: time.phase
# - 
#   name: geom_model_gaussian2_phase_error
#   datatype: float32
#   description: "Uncertainty of \\texttt{geomModelGaussian2Phase}"
#   meta:
#     ucd: stat.error;time.phase
# - 
#   name: geom_model_gaussian2_sigma
#   datatype: float32
[...]
#   datatype: float32
#   description: "Secondary eclipse: uncertainty of \\texttt{derivedSecondaryEclDuration}"
#   meta:
#     ucd: stat.error;time.duration
# - 
#   name: derived_secondary_ecl_depth
#   datatype: float32
#   unit: mag
#   description: "Secondary eclipse: depth"
#   meta:
#     ucd: src.var.amplitude
# - 
#   name: derived_secondary_ecl_depth_error
#   datatype: float32
#   unit: mag
#   description: "Secondary eclipse: uncertainty of \\texttt{derivedSecondaryEclDepth}"
#   meta:
#     ucd: stat.error;src.var.amplitude
solution_id,source_id,global_ranking,reference_time,frequency,frequency_error,geom_model_reference_level,geom_model_reference_level_error,geom_model_gaussian1_phase,geom_model_gaussian1_phase_error,geom_model_gaussian1_sigma,geom_model_gaussian1_sigma_error,geom_model_gaussian1_depth,geom_model_gaussian1_depth_error,geom_model_gaussian2_phase,geom_model_gaussian2_phase_error,geom_model_gaussian2_sigma,geom_model_gaussian2_sigma_error,geom_model_gaussian2_depth,geom_model_gaussian2_depth_error,geom_model_cosine_half_period_amplitude,geom_model_cosine_half_period_amplitude_error,geom_model_cosine_half_period_phase,geom_model_cosine_half_period_phase_error,model_type,num_model_parameters,reduced_chi2,derived_primary_ecl_phase,derived_primary_ecl_phase_error,derived_primary_ecl_duration,derived_primary_ecl_duration_error,derived_primary_ecl_depth,derived_primary_ecl_depth_error,derived_secondary_ecl_phase,derived_secondary_ecl_phase_error,derived_secondary_ecl_duration,derived_secondary_ecl_duration_error,derived_secondary_ecl_depth,derived_secondary_ecl_depth_error
[from data line 37]
375316653866487564,4166611171870269824,0.5449389,2336.589206428503,0.1559367122060059,5.8205296E-6,17.346174,0.10375325,0.48881292,0.030268976,0.3139199,0.19091083,0.105650395,0.09115166,0.6800975,2.9698678E-5,0.014216771,4.1306517E-4,18.832838,3.790723,null,null,null,null,"TWOGAUSSIANS",8,25.000092,0.6800975,2.9698678E-5,0.07961392,0.002313165,18.865059,3.7951965,0.48881292,0.030268976,0.4,0.0,0.047538348,0.012111302
375316653866487564,4166611206230016384,0.5636134,2330.748496625939,3.886969011692969,1.4076512E-5,17.307676,0.011600856,0.19857378,0.0032227994,0.07563316,0.003565916,0.5192495,0.023853764,0.6953856,0.0046949475,0.06820018,0.004913549,0.5129012,0.019377643,null,null,null,null,"TWOGAUSSIANS",8,27.512135,0.19857378,0.0032227994,0.4,0.0,0.5169816,0.023805337,0.6953856,0.0046949475,0.381921,0.027515873,0.51063335,0.019036394
375316653866487564,4166618554914567808,0.5068949,2356.3144266217323,1.6730946430604758,2.0095089E-5,18.71671,0.005730109,0.27904713,0.0047172704,0.06189693,0.015988454,0.08296307,0.023914086,null,null,null,null,null,null,0.09492639,0.0074670813,0.27904713,0.0047172704,"ONEGAUSSIAN_WITH_ELLIPSOIDAL",6,5.0262313,0.27904713,0.0047172704,0.34662282,0.08953534,0.27279207,0.020606928,null,null,null,null,null,null
375316653866487564,4166619310828904064,0.48321775,2348.7339502774453,3.78092337680159,2.2760807E-5,18.834604,0.016286312,0.24362303,0.0088736685,0.06776878,0.013563119,0.16923903,0.019118963,0.74103016,0.0056314394,0.06710552,0.008921768,0.19804616,0.018678438,null,null,null,null,"TWOGAUSSIANS",8,4.2474217,0.74103016,0.0056314394,0.3757909,0.043871596,0.19769287,0.017932065,0.24362303,0.0088736685,0.3795052,0.059319306,0.16888574,0.018663255
375316653866487564,4166623300850990848,0.57971233,2380.539717137997,0.5599757387211524,2.9871844E-6,19.78415,0.01024946,0.25250334,4.9385306E-4,0.03525644,9.132239E-4,1.2384384,0.052905235,0.77706605,0.040660318,0.05110307,0.03360021,0.21908534,0.12449536,null,null,null,null,"TWOGAUSSIANS",8,2.1684844,0.25250334,4.9385306E-4,0.19743606,0.005114054,1.2384382,0.05290524,0.77706605,0.040660318,0.2861772,0.1881612,0.21908532,0.12449552
375316653866487564,4166627076129596928,0.5242531,2423.0713390390883,2.4414492283172176,3.114799E-5,19.402506,0.015161927,0.27336603,0.0063876626,0.077988066,0.005859852,0.54117495,0.07205536,0.7897008,0.0105549395,0.05877456,0.016235307,0.26793987,0.019594291,null,null,null,null,"TWOGAUSSIANS",8,3.39801,0.27336603,0.0063876626,0.4,0.0,0.54053956,0.072234035,0.7897008,0.0105549395,0.32913756,0.090917714,0.26730448,0.019820653
375316653866487564,4166629588683212800,0.45516738,2354.845102663973,0.4568177238772468,4.151534E-5,19.383768,0.007822717,0.29464686,0.013092788,0.010845634,0.010029609,0.058196697,0.046984777,0.64022726,0.050998036,0.028785782,0.024460299,0.42796955,0.31122178,null,null,null,null,"TWOGAUSSIANS",8,4.5117455,0.64022726,0.050998036,0.16120037,0.13697767,0.42796955,0.31122178,0.29464686,0.013092788,0.06073555,0.05616581,0.058196697,0.046984777
375316653866487564,4166629588690236416,0.5730653,2348.854486585586,2.679191334050467,8.683908E-6,16.789555,0.006270507,0.23818344,0.0037825075,0.09321882,0.004581483,0.22857358,0.008877815,0.7304718,0.0029585962,0.0906071,0.004261004,0.24080628,0.0074899234,null,null,null,null,"TWOGAUSSIANS",8,7.5357695,0.7304718,0.0029585962,0.4,0.0,0.23046242,0.006392006,0.23818344,0.0037825075,0.4,0.0,0.21822956,0.0081248125
375316653866487564,4166634463474277248,0.51974046,2335.4592109814716,2.799901022852692,1.2227452E-5,19.359558,0.011735944,0.24397615,0.0046627144,0.07088483,0.006911229,0.36600372,0.017310288,0.75552744,0.008113582,0.08317451,0.006692741,0.25844753,0.025769556,null,null,null,null,"TWOGAUSSIANS",8,2.6000357,0.24397615,0.0046627144,0.39695507,0.032962732,0.3635714,0.01716822,0.75552744,0.008113582,0.4,0.0,0.25601524,0.025520684
375316653866487564,4166635013230416512,0.54258496,2368.782226136825,4.103957116249748,1.4367565E-5,18.818491,0.020346878,0.22437997,0.0025369753,0.09447621,0.0077544632,0.3394942,0.01830296,0.73731136,0.005286494,0.09595227,0.018003687,0.30287832,0.060171742,null,null,null,null,"TWOGAUSSIANS",8,1.8750998,0.22437997,0.0025363602,0.4,0.0,0.32246324,0.015981264,0.73731136,0.005286494,0.4,0.0,0.28584713,0.06985377
375316653866487564,4166636048321062272,0.58837473,2366.200080338368,2.0674661508834045,7.0225797E-6,17.746578,0.0022549853,0.19473027,0.0013571841,0.05129287,0.0042858496,0.053787284,0.0070678177,0.76141167,0.017107675,0.015882896,0.013188245,0.06544624,9.166771,0.12410199,0.003544093,0.19473027,0.0013571841,"TWOGAUSSIANS_WITH_ELLIPSOIDAL_ON_ECLIPSE1",9,3.8771875,0.19473027,0.0013571841,0.28724006,0.024000758,0.30199042,0.005138329,0.76141167,0.017107675,0.08894422,0.07385417,0.2725708,9.16386
375316653866487564,4166639651794132480,0.46755326,2356.8802321320227,3.241192610603698,3.556838E-5,17.78942,0.004077482,0.32283562,0.026002951,0.05870699,0.028738791,0.037176214,0.013529535,0.7616753,0.014995577,0.015011805,0.00816462,0.06958691,0.013665846,0.032322433,0.005897485,0.7616753,0.014995577,"TWOGAUSSIANS_WITH_ELLIPSOIDAL_ON_ECLIPSE2",9,7.607339,0.7616753,0.014995577,0.08406611,0.04572187,0.13423145,0.011092808,0.30303565,0.0100999065,0.32875916,0.10168164,0.09549699,0.010483515
375316653866487564,4166640888744807040,0.45121294,2390.2866870534267,2.5793340815965706,4.6704485E-5,16.675974,0.6678811,0.24845743,0.020564148,0.13698362,0.06614848,0.20259829,0.51477104,0.7158823,0.026103258,0.1394784,0.12948553,0.21122712,0.6511557,null,null,null,null,"TWOGAUSSIANS",8,57.029026,0.7158823,0.026103258,0.4,0.0,0.14722672,0.020096654,0.24986742,0.012985884,0.4,0.0,0.13881554,0.022183174
375316653866487564,4166641099202286976,0.64480644,2334.3568208882643,0.6768360779940029,3.2021842E-5,15.579069,0.001014232,0.38105902,0.002911863,0.03494493,0.0024146007,0.4116012,0.0134350145,null,null,null,null,null,null,null,null,null,null,"ONEGAUSSIAN",5,11.284945,0.38105902,0.002911863,0.1956916,0.0135217635,0.4116012,0.0,null,null,null,null,null,null
375316653866487564,4166642129988218240,0.55836064,2342.496213827923,2.580490916822503,6.561012E-6,19.0802,0.009056294,0.2752252,0.006813363,0.066087194,0.011709022,0.57193696,0.10387465,0.7800755,0.0014945039,0.06563891,0.0023843776,0.44532433,0.010280954,null,null,null,null,"TWOGAUSSIANS",8,2.6291327,0.2752252,0.006813363,0.3700883,0.04677536,0.5712847,0.10507267,0.7800755,0.0014945039,0.36757785,0.013352514,0.44467208,0.009770443
375316653866487564,4166643740603146240,0.62135607,2352.000170240493,0.45495088133904854,4.164346E-6,16.505054,0.002813383,0.25454423,0.0013733084,0.027771521,0.001491195,0.92989033,0.18207236,0.7523257,0.0017628575,0.026910545,0.0018976306,0.14933713,0.007119092,0.020294128,0.0035402298,0.25454423,0.0013733084,"TWOGAUSSIANS_WITH_ELLIPSOIDAL_ON_ECLIPSE1",9,6.9836817,0.25454423,0.0013733084,0.15552053,0.008350693,0.9704786,0.1833401,0.7523557,0.0017420544,0.15069905,0.010626731,0.18991762,0.005109629
375316653866487564,4166645355510977280,0.6196965,2368.2534093795744,1.0065390155379208,4.233143E-6,17.843868,0.006955644,0.18405734,0.001384936,0.03677238,0.0035991452,0.67056113,0.062867865,0.687306,0.0017487198,0.04072239,0.0031376919,0.5156367,0.020765195,0.04096332,0.012324344,0.18405734,0.001384936,"TWOGAUSSIANS_WITH_ELLIPSOIDAL_ON_ECLIPSE1",9,5.878331,0.18405734,0.001384936,0.20592535,0.020155214,0.7524877,0.066354305,0.687306,0.0017487198,0.22804539,0.017571075,0.5975292,0.021168351
375316653866487564,4166647726329728640,0.62204766,2391.6054207359316,2.477993713124724,5.15744E-6,17.635077,0.008410996,0.2892163,0.0022230474,0.05148249,0.0040076454,0.4292177,0.022619803,0.79750615,0.0014847638,0.044804346,0.0028414158,0.37389615,0.020988835,0.12850645,0.014527107,0.2892163,0.0022230474,"TWOGAUSSIANS_WITH_ELLIPSOIDAL_ON_ECLIPSE1",9,7.5876713,0.2892163,0.0022230474,0.28830194,0.022442814,0.6862269,0.011427288,0.79750615,0.0014847638,0.25090432,0.01591193,0.63020873,0.011907185
375316653866487564,4166648894560972160,0.48624167,2373.3565092371077,3.0245081396105475,1.9101304E-5,16.991428,1.011556,0.21828644,0.0110363215,0.12351605,0.048893254,0.4107189,0.631847,0.7349243,0.007290026,0.15204915,0.13889055,0.39473054,0.9962114,null,null,null,null,"TWOGAUSSIANS",8,27.430534,0.21728644,0.0064483914,0.4,0.0,0.27702114,0.02560796,0.73515433,0.0065589715,0.4,0.0,0.25752932,0.022788921
375316653866487564,4166649208101001856,0.60657525,2366.8225487455798,1.3178057355219814,1.0616473E-5,15.889796,0.051585227,0.3068825,0.0031798778,0.113486074,0.011345853,0.33607632,0.04819895,0.81102127,0.0014283822,0.14123076,0.021149296,0.21827249,0.05032593,null,null,null,null,"TWOGAUSSIANS",8,9.054819,0.30680248,0.0031780943,0.4,0.0,0.264001,0.007188676,0.81104124,0.001428199,0.4,0.0,0.14540584,0.0034483501
375316653866487564,4166649719194828928,0.50518674,2364.837783440646,3.2898950555523028,1.5887943E-5,18.947859,0.0046186107,0.25274315,0.004519269,0.0437797,0.024175445,0.035654258,0.012064924,null,null,null,null,null,null,0.08098884,0.006086228,0.25274315,0.004519269,"ONEGAUSSIAN_WITH_ELLIPSOIDAL",6,2.4662097,0.25274315,0.004519269,0.24516633,0.13538249,0.19763157,0.011834554,null,null,null,null,null,null
375316653866487564,4166650028432422656,0.49119782,2405.6635706847132,3.8042535549921137,2.8477938E-5,19.032671,0.9028714,0.2490712,0.01231856,0.20218858,0.123633824,0.6077128,0.88662636,0.765363,0.01582377,0.14779946,0.045721814,0.54103774,0.5973338,null,null,null,null,"TWOGAUSSIANS",8,1.7178229,0.2469412,0.00904439,0.4,0.0,0.22685254,0.012937961,0.771993,0.0080208,0.4,0.0,0.21482857,0.014825923
375316653866487564,4166652227455686528,0.5793209,2397.1026334642916,1.1655459008545566,4.80874E-6,17.794823,0.0076969694,0.21650387,0.0023455364,0.09398142,0.0047182525,0.2072979,0.0075087454,0.71147954,0.0031384856,0.08600536,0.003901001,0.25219443,0.008918869,null,null,null,null,"TWOGAUSSIANS",8,2.1336687,0.71147954,0.0031384856,0.4,0.0,0.24333069,0.006460836,0.21650387,0.0023455364,0.4,0.0,0.19843388,0.006331354
375316653866487564,4166655457271365632,0.478641,2372.751554619305,0.9563157592671391,6.52186E-6,17.986874,0.0035285077,0.2233727,1.2526713E-6,0.0013278141,2.1958942E-5,1.9970936,0.110145696,0.8636364,0.012343397,0.026990281,0.008695254,0.121787496,0.15611784,null,null,null,null,"TWOGAUSSIANS",8,7.703936,0.2233727,1.2526713E-6,0.007435759,1.2297007E-4,1.9970936,0.110145696,0.8636364,0.012343397,0.15114558,0.048693422,0.121787496,0.15611784
375316653866487564,4166656595444787840,0.5802081,2344.494268265464,2.917507797205384,8.200808E-6,17.604116,0.0053732153,0.25222018,0.0025246223,0.044949625,0.013244747,0.032965735,0.01435122,0.76412946,0.011091934,0.017310187,0.023168933,0.05551734,0.037423596,0.1134611,0.007877322,0.25222018,0.0025246223,"TWOGAUSSIANS_WITH_ELLIPSOIDAL_ON_ECLIPSE1",9,5.302018,0.76412946,0.011091934,0.096937045,0.12974602,0.28117087,0.045536738,0.25222018,0.0025246223,0.2517179,0.07417058,0.25988752,0.0049126223
375316653866487564,4166656694224610560,0.5483316,2361.937860384642,0.9407863215749385,7.906571E-6,16.070307,0.0019010332,0.7384349,0.0027906008,0.03467294,0.0030507876,0.097548336,0.007979306,null,null,null,null,null,null,0.015638031,0.0022466672,0.7384349,0.0027906008,"ONEGAUSSIAN_WITH_ELLIPSOIDAL",6,5.7408714,0.7384349,0.0027906008,0.19416845,0.01708441,0.1288244,0.008038383,null,null,null,null,null,null
375316653866487564,4166658961964408448,0.51702535,2377.922736661775,2.9530306533410906,1.2101018E-5,18.504656,0.025760835,0.25895566,0.004412245,0.10458503,0.011381681,0.24425328,0.024813723,0.7641588,0.0036406212,0.10548893,0.011861908,0.25505066,0.021996006,null,null,null,null,"TWOGAUSSIANS",8,3.134433,0.7641588,0.0036406212,0.4,0.0,0.22735967,0.009134416,0.25895566,0.004415742,0.4,0.0,0.21656375,0.01338336
375316653866487564,4166660164555388160,0.60832596,2364.157587363375,3.4951697677896316,5.6593467E-6,17.224438,0.012383326,0.273725,0.0033028629,0.05333777,0.0059584975,0.26575515,0.025485968,0.7831556,0.0016731309,0.052016124,0.006660405,0.18158065,0.024877565,0.12074332,0.013132964,0.7831556,0.0016731309,"TWOGAUSSIANS_WITH_ELLIPSOIDAL_ON_ECLIPSE2",9,11.391811,0.275325,0.002593085,0.2986915,0.033367585,0.5065331,0.018720806,0.7831556,0.0016731309,0.29129028,0.03729827,0.42306226,0.01150448
375316653866487564,4166662741538753280,0.58217007,2362.9471474436205,2.6686617667492185,5.1227144E-6,17.895247,0.013614792,0.21781524,0.0029601103,0.11031968,0.007462311,0.25129074,0.012250949,0.7156589,0.0014675728,0.10126597,0.0044669895,0.30166796,0.012464204,null,null,null,null,"TWOGAUSSIANS",8,1.848311,0.7156589,0.0014675728,0.4,0.0,0.2689619,0.004914089,0.21781524,0.0029601103,0.4,0.0,0.21857029,0.0047680163
375316653866487564,4166663016416667904,0.5442098,2356.4139200449504,1.4235549176549238,1.2828666E-5,18.984259,0.0034140903,0.19829647,0.0062034037,0.04588388,0.0076621217,0.09639625,0.010734911,0.70686346,0.0036308414,0.042575087,0.0046047783,0.42925438,0.04206758,null,null,null,null,"TWOGAUSSIANS",8,1.7086604,0.70686346,0.0036308414,0.2384205,0.02578676,0.42925435,0.042067636,0.19829647,0.0062034037,0.25694972,0.042907882,0.09639622,0.010734941
375316653866487564,4166666418027926016,0.57159203,2382.935479624175,1.3463692252430217,1.00019015E-5,17.336231,0.0036504297,0.2259249,0.002222436,0.09095269,0.0041150334,0.13586125,0.003709536,0.7216657,0.0021983427,0.1008183,0.0034832228,0.1294903,0.004143588,null,null,null,null,"TWOGAUSSIANS",8,1.9630407,0.2259249,0.002222436,0.4,0.0,0.12752558,0.0031435643,0.7216657,0.0021983427,0.4,0.0,0.12115351,0.0037887578
375316653866487564,4166667929856585344,0.40760994,2397.5984175988733,1.1307747068988059,3.0049305E-5,19.514399,0.018134566,0.8843701,0.02496292,0.029128188,0.017125305,0.100048974,0.040877424,null,null,null,null,null,null,0.07552721,0.015520738,0.8843701,0.02496292,"ONEGAUSSIAN_WITH_ELLIPSOIDAL",6,8.097762,0.8843701,0.02496292,0.16311786,0.09590171,0.25110307,0.05264362,null,null,null,null,null,null
375316653866487564,4166668445252711296,0.5132126,2387.867729137713,2.269119633501708,1.9082861E-5,16.571571,0.0030220377,null,null,null,null,null,null,null,null,null,null,null,null,0.09555142,0.0038613442,0.27731857,0.0037803326,"ELLIPSOIDAL",4,25.231306,null,null,null,null,null,null,null,null,null,null,null,null
375316653866487564,4166668857569545088,0.5259461,2380.933818705365,2.782423644057884,1.2443357E-5,17.689754,0.018818432,0.2908263,0.0034941405,0.117257066,0.013460017,0.14853334,0.017837482,0.7919888,0.0042866888,0.101980805,0.013540116,0.14944251,0.016117228,null,null,null,null,"TWOGAUSSIANS",8,2.5537996,0.7919888,0.0043032914,0.4,0.0,0.12769574,0.009544503,0.2908263,0.0034941405,0.4,0.0,0.1267549,0.0045893216
375316653866487564,4166679582105723776,0.5030602,2356.491996175154,1.800264698703397,6.0592047E-5,17.78276,0.0016441406,0.38443264,0.0032771071,0.049159802,0.0027444316,0.12452678,0.010322924,0.7431019,0.06888996,0.044602428,0.046277646,0.012640606,0.010194933,null,null,null,null,"TWOGAUSSIANS",8,1.5265889,0.38443264,0.0032767958,0.2752949,0.015368816,0.12452678,0.010323514,0.7431019,0.06888996,0.24977359,0.1955133,0.012640606,0.010194962
375316653866487564,4166682567103422464,0.544356,2359.880641861875,2.823658589507838,1.6771923E-5,18.627901,0.0206104,0.19419351,0.0033587995,0.04093031,0.009936717,0.20419514,0.049059328,0.69794494,0.011803987,0.046808522,0.010384015,0.17610724,0.05424826,0.15713456,0.029373877,0.19419351,0.0033587995,"TWOGAUSSIANS_WITH_ELLIPSOIDAL_ON_ECLIPSE1",9,11.1431675,0.19419351,0.0033587995,0.22920972,0.055645615,0.5184634,0.025731364,0.69794494,0.011787148,0.26212773,0.058150485,0.49020094,0.041159526
