Gaia/vari_eclipsing_binary/VariEclipsingBinary_667951-667969.csv
# %ECSV 1.0
# ---
# delimiter: ','
# meta: !!omap
# - RELEASE: Gaia DR3
# - TABLE: vari_eclipsing_binary
# - DESCRIPTION: >
#     This table describes the properties of the eclipsing binaries resulting from the variability analysis. 
# - CITATION: >
#     How to cite and acknowledge Gaia: 
#     https://gea.esac.esa.int/archive/documentation/credits.html 
# - KNOWN_ISSUES: >
#     Known issues: 
#     https://www.cosmos.esa.int/web/gaia-users/known-issues 
# - DOCUMENTATION: >
#     Tutorials and documentation: 
#     https://www.cosmos.esa.int/web/gaia-users/archive 
# datatype:
# - 
#   name: solution_id
#   datatype: int64
#   description: Solution Identifier
#   meta:
#     ucd: meta.version
# - 
#   name: source_id
#   datatype: int64
#   description: Unique source identifier
#   meta:
#     ucd: meta.id;meta.main
# - 
#   name: global_ranking
#   datatype: float32
#   description: Number between 0 (worst) and 1 (best)
#   meta:
#     ucd: stat.param
# - 
#   name: reference_time
#   datatype: float64
#   unit: d
#   description: Reference time used for the geometric model fit
#   meta:
#     ucd: time.epoch
# - 
#   name: frequency
#   datatype: float64
#   unit: d**-1
#   description: Frequency of geometric model of the eclipsing binary light curve
#   meta:
#     ucd: src.orbital
# - 
#   name: frequency_error
#   datatype: float32
#   unit: d**-1
#   description: "Uncertainty of \\texttt{frequency}"
#   meta:
#     ucd: stat.error
# - 
#   name: geom_model_reference_level
#   datatype: float32
#   unit: mag
#   description: Magnitude reference level of geometric model
#   meta:
#     ucd: phot.mag;em.opt
# - 
#   name: geom_model_reference_level_error
#   datatype: float32
#   unit: mag
#   description: "Uncertainty of \\texttt{geomModelReferenceLevel}"
#   meta:
#     ucd: stat.error;phot.mag;em.opt
# - 
#   name: geom_model_gaussian1_phase
#   datatype: float32
#   description: Phase of the Gaussian 1 component
#   meta:
#     ucd: time.phase
# - 
#   name: geom_model_gaussian1_phase_error
#   datatype: float32
#   description: "Uncertainty of \\texttt{geomModelGaussian1Phase}"
#   meta:
#     ucd: stat.error;time.phase
# - 
#   name: geom_model_gaussian1_sigma
#   datatype: float32
#   description: "Standard deviation [phase] of Gaussian 1 component"
#   meta:
#     ucd: stat.stdev
# - 
#   name: geom_model_gaussian1_sigma_error
#   datatype: float32
#   description: "Uncertainty of \\texttt{geomModelGaussian1Sigma}"
#   meta:
#     ucd: stat.error
# - 
#   name: geom_model_gaussian1_depth
#   datatype: float32
#   unit: mag
#   description: Magnitude depth of Gaussian 1 component
#   meta:
#     ucd: src.var.amplitude
# - 
#   name: geom_model_gaussian1_depth_error
#   datatype: float32
#   unit: mag
#   description: "Uncertainty of \\texttt{geomModelGaussian1Depth}"
#   meta:
#     ucd: stat.error;src.var.amplitude
# - 
#   name: geom_model_gaussian2_phase
#   datatype: float32
#   description: Phase of Gaussian 2 component
#   meta:
#     ucd: time.phase
# - 
#   name: geom_model_gaussian2_phase_error
#   datatype: float32
#   description: "Uncertainty of \\texttt{geomModelGaussian2Phase}"
#   meta:
#     ucd: stat.error;time.phase
# - 
#   name: geom_model_gaussian2_sigma
#   datatype: float32
[...]
#   datatype: float32
#   description: "Secondary eclipse: uncertainty of \\texttt{derivedSecondaryEclDuration}"
#   meta:
#     ucd: stat.error;time.duration
# - 
#   name: derived_secondary_ecl_depth
#   datatype: float32
#   unit: mag
#   description: "Secondary eclipse: depth"
#   meta:
#     ucd: src.var.amplitude
# - 
#   name: derived_secondary_ecl_depth_error
#   datatype: float32
#   unit: mag
#   description: "Secondary eclipse: uncertainty of \\texttt{derivedSecondaryEclDepth}"
#   meta:
#     ucd: stat.error;src.var.amplitude
solution_id,source_id,global_ranking,reference_time,frequency,frequency_error,geom_model_reference_level,geom_model_reference_level_error,geom_model_gaussian1_phase,geom_model_gaussian1_phase_error,geom_model_gaussian1_sigma,geom_model_gaussian1_sigma_error,geom_model_gaussian1_depth,geom_model_gaussian1_depth_error,geom_model_gaussian2_phase,geom_model_gaussian2_phase_error,geom_model_gaussian2_sigma,geom_model_gaussian2_sigma_error,geom_model_gaussian2_depth,geom_model_gaussian2_depth_error,geom_model_cosine_half_period_amplitude,geom_model_cosine_half_period_amplitude_error,geom_model_cosine_half_period_phase,geom_model_cosine_half_period_phase_error,model_type,num_model_parameters,reduced_chi2,derived_primary_ecl_phase,derived_primary_ecl_phase_error,derived_primary_ecl_duration,derived_primary_ecl_duration_error,derived_primary_ecl_depth,derived_primary_ecl_depth_error,derived_secondary_ecl_phase,derived_secondary_ecl_phase_error,derived_secondary_ecl_duration,derived_secondary_ecl_duration_error,derived_secondary_ecl_depth,derived_secondary_ecl_depth_error
[from data line 181]
375316653866487564,5875408612612528896,0.4937917,2149.2134674891763,3.086290256583384,2.7087277E-5,19.580498,0.020411627,0.16834521,0.009769509,0.07041708,0.010602892,0.45628124,0.053470943,0.65477526,0.0049593924,0.07747613,0.0057075573,0.46971667,0.025035834,null,null,null,null,"TWOGAUSSIANS",8,7.2570686,0.65477526,0.0049593924,0.4,0.0,0.4674891,0.02393771,0.16834521,0.009769509,0.39433563,0.033313632,0.4540537,0.05417383
375316653866487564,5875408853131033856,0.4371518,2168.7935194656734,3.451746349693013,4.923413E-5,19.673513,0.0072045377,null,null,null,null,null,null,null,null,null,null,null,null,0.1083,0.009714305,0.30102533,0.008201112,"ELLIPSOIDAL",4,3.8279593,null,null,null,null,null,null,null,null,null,null,null,null
375316653866487564,5875409231088193152,0.5718843,2173.0748054598434,2.2544407637667416,9.782806E-6,19.175013,0.009724704,0.28920054,0.001731535,0.08529996,0.0030305013,0.40159768,0.010943603,0.7874234,0.002919189,0.08409624,0.0032882383,0.4182113,0.020408368,null,null,null,null,"TWOGAUSSIANS",8,1.3207217,0.7874234,0.002919189,0.4,0.0,0.4080198,0.0203561,0.28920054,0.001731535,0.4,0.0,0.39140618,0.009794747
375316653866487564,5875409368527300352,0.5771997,2169.936093128064,2.7422430015892276,1.1016933E-5,19.6682,0.013558103,0.263,0.0025389462,0.046402004,0.004458917,0.3832235,0.04399836,0.75367934,0.005942904,0.044311084,0.0071379556,0.42886385,0.0494934,0.12971875,0.0217666,0.263,0.0025389462,"TWOGAUSSIANS_WITH_ELLIPSOIDAL_ON_ECLIPSE1",9,1.969664,0.75447935,0.0055603627,0.24814206,0.03997255,0.6874884,0.044218216,0.263,0.0025389462,0.25985122,0.024969935,0.6426608,0.033456694
375316653866487564,5875409471606526592,0.48593968,2160.201011773532,1.9837738627296837,1.5750544E-5,19.611177,0.005251037,0.259915,9.425852E-4,0.038042743,0.0022290726,0.37450266,0.012773286,0.5651717,0.0048250747,0.010993697,0.0032981825,0.12268603,0.09948285,null,null,null,null,"TWOGAUSSIANS",8,1.715359,0.259915,9.425852E-4,0.21303935,0.012482806,0.37450266,0.012773286,0.5651717,0.0048250747,0.061564703,0.018469822,0.12268603,0.09948285
375316653866487564,5875409574685860736,0.47021237,2148.688445463363,3.728054079816027,4.0733998E-5,19.827738,0.018367123,0.2607201,0.0051388917,0.08892652,0.00981155,0.25513265,0.020742586,0.74138427,0.011906845,0.06969745,0.010596171,0.37071002,0.046763558,null,null,null,null,"TWOGAUSSIANS",8,3.9541883,0.74138427,0.011906845,0.3903057,0.045164254,0.36791614,0.046542924,0.2607201,0.0051388917,0.4,0.0,0.25233865,0.019450288
375316653866487564,5875409952642711424,0.5136035,2167.312821731401,2.658627327262179,1.9719064E-5,19.716503,0.10522158,0.22459477,0.0072903708,0.10167463,0.021130191,0.4192707,0.0989518,0.7211101,0.008239266,0.11007797,0.03093561,0.36966014,0.0938125,null,null,null,null,"TWOGAUSSIANS",8,1.6489362,0.22459477,0.0072956677,0.4,0.0,0.3728828,0.019852303,0.7211101,0.008255813,0.4,0.0,0.32325232,0.016408324
375316653866487564,5875409952698919296,0.54938364,2169.5257722041233,1.6261066645503415,1.33545955E-5,15.142739,0.29031625,0.10322728,0.0031007354,0.14730401,0.06122712,0.2206695,0.26851457,0.6026628,0.002337699,0.15593563,0.066959694,0.23945378,0.2785123,null,null,null,null,"TWOGAUSSIANS",8,17.837662,0.6026628,0.0023412947,0.4,0.0,0.12304683,0.003111289,0.10329728,0.0034029575,0.4,0.0,0.10567643,0.005341645
375316653866487564,5875410227520811520,0.52725935,2161.6375380277914,2.075299253642715,1.7276374E-5,19.27424,0.016901674,0.23366228,0.0043209796,0.06035698,0.005482725,0.2885048,0.023195036,0.72809875,0.005448339,0.07778169,0.006216799,0.42698848,0.0324072,null,null,null,null,"TWOGAUSSIANS",8,3.138107,0.72809875,0.005448339,0.4,0.0,0.4261075,0.032336295,0.23366228,0.0043209796,0.33799908,0.030703258,0.2876238,0.022894317
375316653866487564,5875410399319311360,0.49939847,2180.5107837176097,4.11331141368785,6.111471E-5,18.893513,0.18978307,0.36372355,0.015809333,0.20349076,0.06998387,0.36252844,0.18291406,0.78751904,0.0357861,0.085238196,0.050688118,0.11030379,0.049157824,null,null,null,null,"TWOGAUSSIANS",8,4.9116983,0.36372355,0.015742822,0.4,0.0,0.29302332,0.021026079,0.78751904,0.0357861,0.4,0.01412511,0.088822395,0.050546553
375316653866487564,5875410566805884416,0.5497749,2191.803344304337,0.8653674062213171,2.6175881E-5,14.286671,0.01885938,0.2570726,0.0028862406,0.11370728,0.0124357715,0.100839734,0.017893823,0.73598415,0.0075415527,0.12522027,0.023670416,0.09469544,0.017247848,null,null,null,null,"TWOGAUSSIANS",8,21.764341,0.2572526,0.0026391873,0.4,0.0,0.082863234,0.0017306003,0.73598415,0.0075415527,0.4,0.0,0.07665622,0.0052086655
375316653866487564,5875411047842232448,0.6549699,2161.4085394832014,2.73285140606723,3.0976555E-6,17.064611,0.0049790666,0.30818912,0.0014149974,0.045925997,0.003293596,0.3208489,0.033208955,0.8057538,0.0011947037,0.04562096,0.0019415552,0.34179586,0.011544852,0.11653772,0.00721106,0.30818912,0.0014149974,"TWOGAUSSIANS_WITH_ELLIPSOIDAL_ON_ECLIPSE1",9,7.0605707,0.80600387,0.0010390929,0.25547737,0.010872709,0.5748219,0.008826432,0.30818912,0.0014149974,0.25718558,0.018444138,0.553924,0.03421852
375316653866487564,5875412113010116352,0.53050786,2188.425699009653,4.761223974812866,3.2486663E-5,19.323505,0.023366371,0.44431707,0.0070832777,0.18197417,0.013964718,0.42345765,0.021996612,0.81370836,8.409556E-4,0.016927361,0.0068279146,0.14679353,0.06447076,null,null,null,null,"TWOGAUSSIANS",8,2.3098605,0.44431707,0.0070832777,0.4,0.0,0.40402737,0.015397985,0.81370836,8.409556E-4,0.09479323,0.038236324,0.18236493,0.06806609
375316653866487564,5875412667064896128,0.49909955,2165.0280408472872,2.8954458488447252,1.9048517E-5,19.702528,0.022284059,0.3264059,0.013506987,0.09541121,0.016291423,0.3054496,0.030748103,0.8248622,0.006918407,0.08750459,0.013967186,0.2739807,0.020408535,null,null,null,null,"TWOGAUSSIANS",8,2.407482,0.3264059,0.013506987,0.4,0.0,0.29194683,0.02743446,0.8248622,0.006918407,0.4,0.0,0.26047856,0.021836575
375316653866487564,5875413388673433856,0.52050775,2205.5285457261866,2.15593111617526,1.0811656E-5,16.818537,0.00444337,0.3513879,0.0021004928,0.08097781,0.0057742447,0.0727285,0.004404149,0.83623,0.0063639036,0.091778316,0.0111213075,0.08560748,0.004468909,null,null,null,null,"TWOGAUSSIANS",8,2.9314559,0.83623,0.0063639036,0.4,0.0,0.0837514,0.0047943345,0.3513879,0.0021004928,0.4,0.0,0.07087251,0.0032153022
375316653866487564,5875413521751142528,0.5999718,2187.529000838021,2.95861171319014,3.2350688E-6,18.806334,0.016536217,0.23064056,0.003910553,0.04211916,0.004732663,0.6237706,0.04585175,0.7294107,0.0011020243,0.052523676,0.0023084902,0.7109734,0.042986583,0.06018753,0.025710646,0.23064056,0.003910553,"TWOGAUSSIANS_WITH_ELLIPSOIDAL_ON_ECLIPSE1",9,5.154683,0.7294507,0.0010225485,0.2941326,0.012927545,0.8313335,0.02500279,0.23064056,0.003910553,0.2358673,0.026502911,0.74413764,0.02627852
375316653866487564,5875413526112397824,0.5621033,2182.7181075251665,0.5399255048218562,5.859775E-6,16.923416,0.0033631225,0.5658892,0.0011953777,0.026584374,0.0012893594,0.19639842,0.006555318,0.8422037,0.026838204,0.043589287,0.0542954,0.02119017,0.37694082,null,null,null,null,"TWOGAUSSIANS",8,5.8920307,0.5658892,0.0011953777,0.1488725,0.0072204126,0.19639842,0.006555522,0.8422037,0.026838204,0.2441,0.29701653,0.02119017,0.37694082
375316653866487564,5875413659198292864,0.5295597,2188.2052198764527,2.603976834064976,1.4952348E-5,18.660587,0.0077945557,0.26514792,0.004197387,0.09714593,0.007820567,0.19446605,0.00858915,0.7593707,0.0057823826,0.084494345,0.0068511064,0.2351474,0.014740616,null,null,null,null,"TWOGAUSSIANS",8,1.7589254,0.7593707,0.0057823826,0.4,0.0,0.22638415,0.015270921,0.26514792,0.004197387,0.4,0.0,0.1857021,0.008535731
375316653866487564,5875413865360926080,0.51230997,2194.249092949726,2.083792946622178,3.0221268E-5,18.907341,0.01010269,0.18917301,0.0038128563,0.07932983,0.008719023,0.17452846,0.011723462,0.69488156,0.004743078,0.06760851,0.009168868,0.21572742,0.028014982,null,null,null,null,"TWOGAUSSIANS",8,1.9249386,0.69488156,0.004743078,0.37860766,0.051345658,0.21470134,0.028368711,0.18917301,0.0038128563,0.4,0.0,0.17350239,0.011510964
375316653866487564,5875414140238829952,0.46332452,2162.850691133491,2.9181104559435447,6.165647E-5,19.396389,0.01713717,0.2777113,0.008954784,0.0808466,0.015561196,0.28349456,0.039020956,0.7807987,0.010034921,0.081510596,0.011193568,0.24894899,0.01996098,null,null,null,null,"TWOGAUSSIANS",8,5.3989935,0.2777113,0.008954784,0.4,0.0,0.27912763,0.04055317,0.7807987,0.010034921,0.4,0.0,0.24458203,0.01789753
375316653866487564,5875414247613001728,0.5067141,2239.6824953953505,0.6979667591096563,1.0718715E-6,19.767904,0.0071122427,0.095681325,7.0394063E-4,0.006328462,8.8225363E-4,1.1371424,0.3862038,0.59678286,0.0582682,0.01860406,0.03908568,0.3440446,0.2975886,null,null,null,null,"TWOGAUSSIANS",8,1.1564232,0.095681325,7.0394063E-4,0.035439387,0.0049406206,1.1371424,0.3862038,0.59678286,0.0582682,0.104182735,0.2188798,0.3440446,0.2975886
375316653866487564,5875414385105789056,0.47319275,2190.702331313656,2.7094984658382275,7.3786955E-6,18.17926,0.008437426,0.3299058,0.0014903704,0.014799635,0.0026709884,0.251441,0.06336296,0.8975415,0.06351405,0.028060297,0.02566141,0.08742839,0.2589992,0.08683386,0.01454785,0.3299058,0.0014903704,"TWOGAUSSIANS_WITH_ELLIPSOIDAL_ON_ECLIPSE1",9,21.424484,0.3299058,0.0014903704,0.08287796,0.014957535,0.4251085,0.06109166,0.8975415,0.06351405,0.15713766,0.1437039,0.23157515,0.25455585
375316653866487564,5875414419465564160,0.456823,2185.202691859915,1.4893033256583805,2.098927E-5,19.618395,0.020314554,0.38712022,6.104743E-4,0.012553061,0.0011471182,1.4159247,0.2682229,0.7627837,0.030348623,0.08565025,0.0354794,0.068467714,0.023035375,null,null,null,null,"TWOGAUSSIANS",8,6.329454,0.38712022,6.104743E-4,0.070297144,0.0064238617,1.4159292,0.2682165,0.7627837,0.030348623,0.4,0.08169499,0.06846771,0.023035457
375316653866487564,5875414797422698112,0.60685426,2203.2954275275024,0.5705859110863835,1.6449194E-5,15.698306,6.860533E-4,0.24014424,0.0046583815,0.035594687,0.0055941697,0.012515134,0.0024811046,0.60107744,0.0016535706,0.025738852,0.0014918125,0.17159887,0.00425928,null,null,null,null,"TWOGAUSSIANS",8,3.6847024,0.60107744,0.0016535706,0.14413756,0.008354151,0.17159887,0.00425928,0.24014424,0.0046583815,0.19933024,0.031327352,0.012515134,0.0024811046
375316653866487564,5875414934861672576,0.55556107,2234.101461175084,0.012742762689422387,1.0145726E-4,17.27444,0.0013257987,0.24770536,1.7319243E-6,7.658421E-4,1.4004272E-5,0.19691302,0.0020092814,0.48495248,0.02568815,0.13167945,0.040781707,0.017259976,0.0040588197,null,null,null,null,"TWOGAUSSIANS",8,0.9130451,0.24770536,1.7319243E-6,0.004288716,7.8423924E-5,0.20029275,0.0016935822,0.48495248,0.02568815,0.4,0.0,0.017234435,0.0042149695
375316653866487564,5875415106607139712,0.4749871,2195.6586130187707,2.5084748046908962,2.2840703E-5,17.747654,0.23075643,0.2601334,0.005409877,0.15640123,0.032329578,0.3150323,0.18318455,0.75724626,0.006638057,0.20392127,0.06816385,0.34921473,0.2265077,null,null,null,null,"TWOGAUSSIANS",8,4.3356876,0.75724626,0.006638057,0.4,0.0,0.1033316,0.005889715,0.2615134,0.005160648,0.4,0.0,0.09992766,0.006311052
375316653866487564,5875415686407152128,0.58705586,2182.1807747865114,0.904026721044271,1.2870134E-5,16.957495,0.0036698745,0.2326091,0.0016416402,0.06007589,0.0023128837,0.2679902,0.008656821,0.732523,0.003652782,0.080942355,0.006196389,0.07502042,0.0037642443,null,null,null,null,"TWOGAUSSIANS",8,4.0048933,0.2326091,0.0016416402,0.33642498,0.012952149,0.26752773,0.008654438,0.732523,0.003652782,0.4,0.0,0.07455794,0.0036879168
375316653866487564,5875416137399799296,0.554896,2205.5664839712717,0.6668498331248306,1.189857E-5,19.216282,0.009952346,0.11571346,0.0011610241,0.034350265,0.0019794255,0.52636516,0.04209099,0.61606586,0.0027558547,0.034960188,0.004175543,0.30637276,0.02931462,0.05541141,0.014262544,0.11571346,0.0011610241,"TWOGAUSSIANS_WITH_ELLIPSOIDAL_ON_ECLIPSE1",9,2.5223894,0.11571346,0.0011610241,0.19236149,0.011084784,0.63718784,0.04230044,0.61606586,0.002711773,0.19577706,0.02338304,0.41719493,0.028535191
375316653866487564,5875416270523286912,0.4352015,2212.0637055654074,0.08768078168504415,6.0379196E-5,18.5225,0.005797209,0.81802094,0.0077627925,0.038909573,0.00962205,0.10026687,0.055556957,0.49497128,0.01614293,0.10940613,0.015170693,0.1281598,0.017253406,null,null,null,null,"TWOGAUSSIANS",8,5.432643,0.49497128,0.01614293,0.4,0.0,0.12815073,0.017259413,0.81734097,0.007785854,0.21789362,0.05388348,0.101911485,0.055955417
375316653866487564,5875416480996572032,0.5514163,2199.9497410840168,1.6023164409253159,1.0014491E-5,17.96239,0.0038455324,0.24782233,0.0043196077,0.09714516,0.006185249,0.11151218,0.0071693663,0.73075163,0.002653968,0.07783145,0.0033978678,0.22208852,0.009209463,null,null,null,null,"TWOGAUSSIANS",8,1.7795297,0.73075163,0.002653968,0.4,0.0,0.21831426,0.009304202,0.24782233,0.0043196077,0.4,0.0,0.107737355,0.0072345394
375316653866487564,5875416652796920320,0.47999254,2212.0366400634016,1.3999527546278638,1.31789575E-5,19.722149,0.00799082,0.22075354,0.055003826,0.06040062,0.030368846,0.11022041,0.042380508,0.71564496,0.002744912,0.0492153,0.009062778,0.40339413,0.11033752,null,null,null,null,"TWOGAUSSIANS",8,1.4060818,0.71564496,0.002744912,0.27560568,0.050751556,0.40338463,0.11038575,0.22075354,0.055003826,0.33824348,0.17006554,0.11021092,0.042392947
375316653866487564,5875416893366821760,0.5120607,2191.7719775386877,3.888366553886412,1.916331E-5,17.49581,0.70529985,0.29511946,0.005894856,0.18170558,0.12905823,0.3446046,0.6942415,0.8012135,0.0065302495,0.14251217,0.050251607,0.33857247,0.47655275,null,null,null,null,"TWOGAUSSIANS",8,5.038927,0.8026135,0.00433653,0.4,0.0,0.15426679,0.009404858,0.29460946,0.0053572925,0.4,0.0,0.14604557,0.00593372
375316653866487564,5875417370054101760,0.4300178,2203.681157324261,3.1341889641718836,4.6676258E-5,19.771109,0.015479896,null,null,null,null,null,null,null,null,null,null,null,null,0.17813756,0.023385057,0.25161853,0.009193768,"ELLIPSOIDAL",4,15.597211,null,null,null,null,null,null,null,null,null,null,null,null
375316653866487564,5875417683588099328,0.4276046,2172.8252994372083,0.10526317768831944,6.9055124E-5,19.61264,0.012584533,null,null,null,null,null,null,null,null,null,null,null,null,0.23374064,0.01775545,0.2632563,0.009955636,"ELLIPSOIDAL",4,8.334777,null,null,null,null,null,null,null,null,null,null,null,null
375316653866487564,5875418405195535616,0.49608824,2236.6569160807844,3.0704531366228967,3.512354E-5,18.128965,0.81125605,0.19622536,0.017415812,0.18770619,0.08780573,0.6128657,0.73114854,0.68443865,0.013899093,0.17805691,0.07653694,0.6191028,0.71694535,null,null,null,null,"TWOGAUSSIANS",8,3.6731076,0.68443865,0.013899093,0.4,0.0,0.19207926,0.008715216,0.20130536,0.01222387,0.4,0.0,0.17466567,0.007439799
375316653866487564,5875418473863188992,0.5189458,2211.1321941419033,3.7280045865168474,1.0132665E-5,19.784857,0.016517337,0.3278422,0.00450666,0.062292177,0.0055013676,0.59869915,0.029615406,0.82281107,0.003242966,0.06315879,0.005014604,0.5444943,0.053106833,null,null,null,null,"TWOGAUSSIANS",8,2.593087,0.3278422,0.00450666,0.3488362,0.030807659,0.5983538,0.029646244,0.82281107,0.003242966,0.35368922,0.028081782,0.5441489,0.053195804
375316653866487564,5875418641360391040,0.5496236,2189.6698679051365,2.5313447840539665,9.349343E-6,19.536303,0.014856718,0.2808501,0.00375076,0.07069966,0.004766578,0.40067652,0.025946394,0.78337723,0.0028764617,0.07545851,0.004268068,0.46868625,0.021257868,null,null,null,null,"TWOGAUSSIANS",8,1.8795373,0.78337723,0.0028764617,0.4,0.0,0.46633255,0.020707179,0.2808501,0.00375076,0.3959181,0.020699313,0.39832282,0.025975538
