Gaia/vari_eclipsing_binary/VariEclipsingBinary_230887-230918.csv
# %ECSV 1.0
# ---
# delimiter: ','
# meta: !!omap
# - RELEASE: Gaia DR3
# - TABLE: vari_eclipsing_binary
# - DESCRIPTION: >
#     This table describes the properties of the eclipsing binaries resulting from the variability analysis. 
# - CITATION: >
#     How to cite and acknowledge Gaia: 
#     https://gea.esac.esa.int/archive/documentation/credits.html 
# - KNOWN_ISSUES: >
#     Known issues: 
#     https://www.cosmos.esa.int/web/gaia-users/known-issues 
# - DOCUMENTATION: >
#     Tutorials and documentation: 
#     https://www.cosmos.esa.int/web/gaia-users/archive 
# datatype:
# - 
#   name: solution_id
#   datatype: int64
#   description: Solution Identifier
#   meta:
#     ucd: meta.version
# - 
#   name: source_id
#   datatype: int64
#   description: Unique source identifier
#   meta:
#     ucd: meta.id;meta.main
# - 
#   name: global_ranking
#   datatype: float32
#   description: Number between 0 (worst) and 1 (best)
#   meta:
#     ucd: stat.param
# - 
#   name: reference_time
#   datatype: float64
#   unit: d
#   description: Reference time used for the geometric model fit
#   meta:
#     ucd: time.epoch
# - 
#   name: frequency
#   datatype: float64
#   unit: d**-1
#   description: Frequency of geometric model of the eclipsing binary light curve
#   meta:
#     ucd: src.orbital
# - 
#   name: frequency_error
#   datatype: float32
#   unit: d**-1
#   description: "Uncertainty of \\texttt{frequency}"
#   meta:
#     ucd: stat.error
# - 
#   name: geom_model_reference_level
#   datatype: float32
#   unit: mag
#   description: Magnitude reference level of geometric model
#   meta:
#     ucd: phot.mag;em.opt
# - 
#   name: geom_model_reference_level_error
#   datatype: float32
#   unit: mag
#   description: "Uncertainty of \\texttt{geomModelReferenceLevel}"
#   meta:
#     ucd: stat.error;phot.mag;em.opt
# - 
#   name: geom_model_gaussian1_phase
#   datatype: float32
#   description: Phase of the Gaussian 1 component
#   meta:
#     ucd: time.phase
# - 
#   name: geom_model_gaussian1_phase_error
#   datatype: float32
#   description: "Uncertainty of \\texttt{geomModelGaussian1Phase}"
#   meta:
#     ucd: stat.error;time.phase
# - 
#   name: geom_model_gaussian1_sigma
#   datatype: float32
#   description: "Standard deviation [phase] of Gaussian 1 component"
#   meta:
#     ucd: stat.stdev
# - 
#   name: geom_model_gaussian1_sigma_error
#   datatype: float32
#   description: "Uncertainty of \\texttt{geomModelGaussian1Sigma}"
#   meta:
#     ucd: stat.error
# - 
#   name: geom_model_gaussian1_depth
#   datatype: float32
#   unit: mag
#   description: Magnitude depth of Gaussian 1 component
#   meta:
#     ucd: src.var.amplitude
# - 
#   name: geom_model_gaussian1_depth_error
#   datatype: float32
#   unit: mag
#   description: "Uncertainty of \\texttt{geomModelGaussian1Depth}"
#   meta:
#     ucd: stat.error;src.var.amplitude
# - 
#   name: geom_model_gaussian2_phase
#   datatype: float32
#   description: Phase of Gaussian 2 component
#   meta:
#     ucd: time.phase
# - 
#   name: geom_model_gaussian2_phase_error
#   datatype: float32
#   description: "Uncertainty of \\texttt{geomModelGaussian2Phase}"
#   meta:
#     ucd: stat.error;time.phase
# - 
#   name: geom_model_gaussian2_sigma
#   datatype: float32
[...]
#   datatype: float32
#   description: "Secondary eclipse: uncertainty of \\texttt{derivedSecondaryEclDuration}"
#   meta:
#     ucd: stat.error;time.duration
# - 
#   name: derived_secondary_ecl_depth
#   datatype: float32
#   unit: mag
#   description: "Secondary eclipse: depth"
#   meta:
#     ucd: src.var.amplitude
# - 
#   name: derived_secondary_ecl_depth_error
#   datatype: float32
#   unit: mag
#   description: "Secondary eclipse: uncertainty of \\texttt{derivedSecondaryEclDepth}"
#   meta:
#     ucd: stat.error;src.var.amplitude
solution_id,source_id,global_ranking,reference_time,frequency,frequency_error,geom_model_reference_level,geom_model_reference_level_error,geom_model_gaussian1_phase,geom_model_gaussian1_phase_error,geom_model_gaussian1_sigma,geom_model_gaussian1_sigma_error,geom_model_gaussian1_depth,geom_model_gaussian1_depth_error,geom_model_gaussian2_phase,geom_model_gaussian2_phase_error,geom_model_gaussian2_sigma,geom_model_gaussian2_sigma_error,geom_model_gaussian2_depth,geom_model_gaussian2_depth_error,geom_model_cosine_half_period_amplitude,geom_model_cosine_half_period_amplitude_error,geom_model_cosine_half_period_phase,geom_model_cosine_half_period_phase_error,model_type,num_model_parameters,reduced_chi2,derived_primary_ecl_phase,derived_primary_ecl_phase_error,derived_primary_ecl_duration,derived_primary_ecl_duration_error,derived_primary_ecl_depth,derived_primary_ecl_depth_error,derived_secondary_ecl_phase,derived_secondary_ecl_phase_error,derived_secondary_ecl_duration,derived_secondary_ecl_duration_error,derived_secondary_ecl_depth,derived_secondary_ecl_depth_error
[from data line 251]
375316653866487564,2031000737644683264,0.47595695,2251.4235649720777,1.6555939321618636,1.2372461E-5,17.47292,0.011364323,0.28905046,0.0061025308,0.03800897,0.010193145,0.10091858,0.03427584,0.79453385,0.0022674748,0.04141455,0.002751833,0.5015647,0.036121465,0.071976766,0.023981862,0.28905046,0.0061025308,"TWOGAUSSIANS_WITH_ELLIPSOIDAL_ON_ECLIPSE1",9,17.86068,0.79453385,0.0022674748,0.23192148,0.015410265,0.6453474,0.025992172,0.28905046,0.0061025308,0.21285023,0.057081614,0.2448721,0.016839573
375316653866487564,2031000943803128320,0.5703802,2255.600192207834,1.0329937454181743,7.40961E-6,17.577763,0.0030512037,0.24192074,0.0013384626,0.041011658,0.0029218884,0.18267928,0.011608993,0.74630684,0.004643799,0.033010807,0.004438664,0.11027337,0.011991888,0.05797319,0.0049772183,0.24192074,0.0013384626,"TWOGAUSSIANS_WITH_ELLIPSOIDAL_ON_ECLIPSE1",9,4.0446324,0.24192074,0.0013384626,0.22966528,0.016362574,0.29862562,0.012501061,0.74630684,0.004643799,0.18486051,0.024856519,0.22613169,0.011554259
375316653866487564,2031001253013459840,0.50945044,2258.7158757536513,2.8129576050777345,1.7156024E-5,19.491074,0.012110743,0.23743246,0.008920834,0.07717646,0.008651514,0.3754458,0.023183288,0.74984294,0.0047613964,0.0832264,0.008902384,0.30888644,0.022891238,null,null,null,null,"TWOGAUSSIANS",8,2.055341,0.23743246,0.008920834,0.4,0.0023720146,0.3713258,0.022573033,0.74984294,0.0047613964,0.4,0.0,0.3047664,0.02408247
375316653866487564,2031001665357625856,0.5600368,2224.7335662504297,0.8635189812251827,7.709566E-6,17.121439,0.25589582,0.21962334,0.0076893186,0.11274143,0.03797047,0.45883784,0.22403875,0.74825096,0.0066431924,0.1383602,0.06785015,0.36151925,0.23478657,null,null,null,null,"TWOGAUSSIANS",8,10.9809265,0.21905334,0.005333576,0.4,0.0,0.37349114,0.030112019,0.74838096,0.006526741,0.4,0.0,0.27491266,0.023885828
375316653866487564,2031001935915518720,0.49475047,2218.9861288410793,0.767800242352441,1.4446829E-5,18.816372,0.003117393,0.1485661,4.8378843E-4,0.009181199,0.0018365361,0.23230326,0.14541805,0.7619619,1.895079E-4,0.010845501,4.090834E-4,0.36403525,0.009598651,null,null,null,null,"TWOGAUSSIANS",8,1.7970405,0.7619619,1.895079E-4,0.06073481,0.002290867,0.36403525,0.009598651,0.1485661,4.8378843E-4,0.051414713,0.010284603,0.23230326,0.14541805
375316653866487564,2031002112034288896,0.51476705,2231.4404246759495,0.12261036922504193,2.2347493E-5,16.660355,0.0046939645,0.260302,7.2743295E-4,0.020048533,0.0029821729,0.12823713,0.008802594,0.76079607,0.008396221,0.014388962,0.015821142,0.14765581,0.039348688,0.014068435,0.007711322,0.260302,7.2743295E-4,"TWOGAUSSIANS_WITH_ELLIPSOIDAL_ON_ECLIPSE1",9,8.083747,0.76079607,0.008339484,0.080578186,0.08859839,0.17579237,0.051236443,0.260302,7.2743295E-4,0.112271786,0.01670017,0.15637395,0.0110357925
375316653866487564,2031002142074023040,0.5349805,2249.4592046434745,2.238485262666904,1.0299075E-5,17.69754,0.009496915,0.2520933,0.003481085,0.08689731,0.0056056445,0.2517126,0.010117771,0.7432589,0.0041476223,0.068187185,0.00607835,0.19670147,0.012377568,null,null,null,null,"TWOGAUSSIANS",8,7.745862,0.2520933,0.003481085,0.4,0.0,0.24965158,0.009331082,0.7432589,0.0041476223,0.38184825,0.033896267,0.1946405,0.012051197
375316653866487564,2031002313872797568,0.47861403,2247.133139626221,1.4854475341457964,1.2290111E-4,17.6192,0.006608875,0.7941904,0.0049175844,0.03651318,0.01652634,0.67805177,0.49565938,null,null,null,null,null,null,null,null,null,null,"ONEGAUSSIAN",5,49.770992,0.7941904,0.0049175844,0.2044738,0.0925475,0.67805177,0.0,null,null,null,null,null,null
375316653866487564,2031002696149847168,0.56469655,2255.601011946287,0.24179214584850806,3.783566E-5,14.51888,0.0021283298,0.3813473,0.00802349,0.20279539,0.020058917,0.02597149,0.0019254496,0.77863336,0.0026964534,0.015563121,0.001663336,0.110485494,0.0068170945,null,null,null,null,"TWOGAUSSIANS",8,5.0913935,0.77863336,0.0026964534,0.08715348,0.009314681,0.1121247,0.006704035,0.3813473,0.00802349,0.4,0.0,0.023485657,9.5040246E-4
375316653866487564,2031003142826507904,0.6828728,2253.5374166424876,2.260188371896785,2.8939462E-6,13.803233,0.003976894,0.26597747,9.5003337E-4,0.052687217,0.0061980905,0.08091956,0.00719232,0.763941,0.0013919352,0.05439539,0.0038566508,0.092133395,0.00780744,0.095844105,0.0042240117,0.26597747,9.5003337E-4,"TWOGAUSSIANS_WITH_ELLIPSOIDAL_ON_ECLIPSE1",9,16.668312,0.764611,7.7466463E-4,0.3046142,0.021597244,0.2837974,0.0050474876,0.26597747,9.5003337E-4,0.29504842,0.034709305,0.2726047,0.0060830843
375316653866487564,2031003207228287744,0.55528,2239.629342299143,2.8537348916341183,7.3051956E-6,19.144413,0.0068109524,0.2550774,0.0025193999,0.068158686,0.0027014476,0.5156839,0.02172513,0.75789493,0.0016666753,0.07175334,0.0018967235,0.4600759,0.010240991,null,null,null,null,"TWOGAUSSIANS",8,2.5220325,0.2550774,0.0025193999,0.38168862,0.015128106,0.5141591,0.02183359,0.75789493,0.0016666753,0.4,0.0023854957,0.45855114,0.0101304045
375316653866487564,2031003241585836800,0.58117485,2243.2280623904335,1.9751560971391935,6.510244E-6,16.688187,0.009004661,0.2770905,0.0017604141,0.089743756,0.003554229,0.33658975,0.008581511,0.7633928,0.0019949947,0.07590898,0.0033376196,0.4076407,0.009842627,null,null,null,null,"TWOGAUSSIANS",8,14.8171015,0.7633928,0.0019949947,0.4,0.0,0.40167427,0.009143353,0.2770905,0.0017604141,0.4,0.0,0.33062312,0.007605384
375316653866487564,2031004070512761728,0.5654311,2234.9515010514897,2.8552860748443454,9.581703E-6,18.88205,0.00885476,0.22006097,0.005347921,0.07247192,0.00399583,0.47768018,0.018827667,0.70951736,0.0017326041,0.0714384,0.003545289,0.55011064,0.025993317,null,null,null,null,"TWOGAUSSIANS",8,3.3523338,0.70951736,0.0017326041,0.4,0.010424183,0.5482159,0.026418967,0.22006097,0.005347921,0.4,0.0033378121,0.47578546,0.01840186
375316653866487564,2031005548008184960,0.6437434,2227.803567406879,0.17003663426109653,1.0018421E-5,16.016243,0.0012624069,0.22181787,0.0011973506,0.022885155,0.0014475733,0.4594253,0.02156613,0.72446245,4.1621E-4,0.023054354,6.736257E-4,0.29133925,0.0037194346,0.008992261,0.0019937472,0.22181787,0.0011973506,"TWOGAUSSIANS_WITH_ELLIPSOIDAL_ON_ECLIPSE1",9,7.556975,0.22181787,0.0011973506,0.12815687,0.0081064105,0.4774098,0.021279452,0.72446245,4.1621E-4,0.12910438,0.003772304,0.30931878,0.005246113
375316653866487564,2031005578050971904,0.6377936,2198.4582486221457,2.9113995568238518,2.4929527E-6,17.938253,0.013345653,0.21665083,0.0016028674,0.054057177,0.0041821636,0.4810164,0.025140353,0.7191458,0.0017598914,0.05179428,0.0034340662,0.39394525,0.028452586,0.09045224,0.016500544,0.21665083,0.0016028674,"TWOGAUSSIANS_WITH_ELLIPSOIDAL_ON_ECLIPSE1",9,3.7886274,0.21665083,0.0016028674,0.3027202,0.023420116,0.6619069,0.014708082,0.7191458,0.0017598914,0.29004797,0.01923077,0.57479125,0.010862713
375316653866487564,2031005681127358848,0.50249183,2220.9083205435913,0.17520327686938822,3.3624967E-6,17.352491,0.0012876632,0.2449061,0.004034057,0.015812019,0.0022045036,0.103210315,0.013003164,0.7456319,0.0073276544,0.018427463,0.004013619,0.08315718,0.013461485,null,null,null,null,"TWOGAUSSIANS",8,1.998349,0.2449061,0.004034057,0.08854731,0.01234522,0.103210315,0.013003164,0.7456319,0.0073276544,0.1031938,0.022476267,0.08315718,0.013461485
375316653866487564,2031006127806050048,0.50448483,2219.3556819628416,1.0027545159172961,2.2936973E-5,18.8845,0.0042454316,0.44562313,0.023141783,0.08475066,0.030571932,0.09659955,0.0313562,0.574239,8.382838E-4,0.0146724405,0.0011469244,0.25456062,0.017425079,null,null,null,null,"TWOGAUSSIANS",8,2.4046125,0.574239,8.382838E-4,0.082165666,0.006422777,0.285101,0.0075827744,0.44562313,0.023141783,0.4,0.0,0.09659955,0.03135814
375316653866487564,2031006166483478400,0.58247924,2207.7030658422646,2.6054857794985873,1.537698E-5,18.041224,0.010147973,0.2832546,0.0022262135,0.04960731,0.0049864207,0.19829154,0.02808194,0.7840304,0.010707882,0.041660428,0.010631473,0.24838956,0.03318337,0.103692025,0.01357922,0.2832546,0.0022262135,"TWOGAUSSIANS_WITH_ELLIPSOIDAL_ON_ECLIPSE1",9,5.5328283,0.7840304,0.010707882,0.2332984,0.05953625,0.4557677,0.022965008,0.2832546,0.0022262135,0.27780095,0.027923957,0.4056746,0.01629212
375316653866487564,2031006235176155904,0.57644284,2227.3442076320257,0.3117791934596026,2.174515E-6,17.461414,0.0018664859,0.6691339,6.996546E-5,0.021016091,1.3020299E-4,0.5509556,0.0017465989,null,null,null,null,null,null,null,null,null,null,"ONEGAUSSIAN",5,4.300811,0.6691339,6.996546E-5,0.11769011,7.291367E-4,0.5509556,0.0,null,null,null,null,null,null
375316653866487564,2031006338255253888,0.47596708,2206.866513467826,2.2499969597720093,2.5795178E-5,19.791552,0.014804376,0.22837736,0.008379354,0.085675895,0.01021472,0.26152924,0.019854922,0.6982969,0.00624987,0.06961402,0.009386399,0.26626778,0.027239682,null,null,null,null,"TWOGAUSSIANS",8,2.5043283,0.6982969,0.00624987,0.38983855,0.03917875,0.2647215,0.027122889,0.22837736,0.008379354,0.4,0.0,0.25998288,0.019515272
375316653866487564,2031006991090512000,0.52330995,2244.709835880161,2.5119869397573376,1.2658389E-5,19.626577,0.028746648,0.24506256,0.005451605,0.08567677,0.011999731,0.4383825,0.04922905,0.7402719,0.0033073244,0.08637525,0.0072682584,0.43181542,0.030743672,null,null,null,null,"TWOGAUSSIANS",8,2.375593,0.24506256,0.005451605,0.4,0.0,0.42662278,0.05341729,0.7402719,0.0033073244,0.4,0.0,0.42005566,0.026007641
375316653866487564,2031007643952382080,0.5580495,2258.8614595826302,0.5738977404080916,1.3246572E-5,14.368905,9.341304E-4,0.31848326,0.0031034073,0.028725537,0.0027691904,0.11007202,0.007501714,0.79748726,0.022241447,0.03624813,0.01718146,0.01732982,0.0040345644,0.0064938907,0.0016606818,0.31848326,0.0031034073,"TWOGAUSSIANS_WITH_ELLIPSOIDAL_ON_ECLIPSE1",9,19.456486,0.31848326,0.0031034073,0.160863,0.015507465,0.123059794,0.0074863993,0.79898727,0.020943634,0.20298953,0.09621618,0.030108849,0.0026431498
375316653866487564,2031007918803926400,0.53558326,2254.2086038416073,2.6613049125290664,1.4170542E-5,19.620697,0.013479997,0.25837898,0.0024985606,0.07335692,0.00417551,0.51673543,0.020853419,0.75566834,0.0035649987,0.075668186,0.006190735,0.49160266,0.024725933,null,null,null,null,"TWOGAUSSIANS",8,1.8387976,0.25837898,0.0024985606,0.4,0.0,0.51332957,0.020550588,0.75566834,0.0035649987,0.4,0.0,0.4881968,0.025721433
375316653866487564,2031008155030247680,0.447443,2237.720772334083,0.281046302606687,1.25455E-4,19.738207,0.036189344,0.28738338,0.0123416055,0.033289637,0.006993547,1.1364337,0.24893305,0.7710509,0.10094107,0.0666982,0.05546576,0.19948837,0.1767205,null,null,null,null,"TWOGAUSSIANS",8,15.803409,0.28738338,0.012340903,0.18642198,0.03916386,1.1364326,0.24892728,0.7710509,0.10094107,0.3735099,0.060870055,0.1994873,0.17688437
375316653866487564,2031008296787415552,0.51646394,2252.5335653758425,3.4683249545445647,7.5743146E-6,16.79568,0.0016126721,null,null,null,null,null,null,null,null,null,null,null,null,0.07124877,0.0024577505,0.28084737,0.0021664666,"ELLIPSOIDAL",4,9.847138,null,null,null,null,null,null,null,null,null,null,null,null
375316653866487564,2031008606025070592,0.5693567,2211.420947451844,0.4893876398028256,5.0503266E-5,18.134743,0.0017776904,0.33136943,0.026495688,0.022043906,0.012128226,0.34690043,0.18155341,0.8337784,0.0040863655,0.021364136,0.003624225,0.38165137,0.07405647,null,null,null,null,"TWOGAUSSIANS",8,1.903053,0.8337784,0.0040863655,0.11963916,0.020295661,0.38165137,0.07405647,0.33136943,0.026495688,0.123445876,0.06791807,0.34690043,0.18155341
375316653866487564,2031009327548757504,0.5360018,2191.495872391611,2.3737693558316453,1.5537971E-5,19.70011,0.012284776,0.31606552,0.0039139655,0.08160195,0.0038207893,0.51994723,0.017996248,0.8342364,0.0044042263,0.07339237,0.005124736,0.4986328,0.017421197,null,null,null,null,"TWOGAUSSIANS",8,2.2784662,0.31606552,0.0039139655,0.4,0.0,0.516138,0.017150104,0.8342364,0.0044042263,0.4,0.005865976,0.49482358,0.017054936
375316653866487564,2031009396299554432,0.44774806,2230.444194141122,1.8829907871979803,5.5374378E-5,18.709488,0.008430358,0.24260621,0.03772072,0.031403862,0.02852332,0.11147502,0.6615522,0.72629297,0.005568569,0.046785705,0.004823105,0.30337542,0.025449773,null,null,null,null,"TWOGAUSSIANS",8,18.589577,0.72629297,0.005568569,0.26199993,0.027009387,0.30337542,0.025449788,0.24260621,0.03772072,0.17586161,0.1597306,0.11147502,0.6615522
375316653866487564,2031010285338878464,0.54430467,2221.112778134445,0.9150557666267753,5.347733E-6,18.074154,0.0033763025,0.42940754,0.017370302,0.024614608,0.00707408,0.41584688,0.14221077,null,null,null,null,null,null,null,null,null,null,"ONEGAUSSIAN",5,3.3683348,0.42940754,0.017370302,0.1378418,0.039614845,0.41584688,0.0,null,null,null,null,null,null
375316653866487564,2031011556641571456,0.5281527,2214.4074014365415,1.297403060900223,3.7948877E-5,18.480974,0.0036297936,0.2608541,0.009860272,0.04176943,0.0089411065,0.061231896,0.009362255,0.770315,3.162991E-4,0.025474364,0.0019085079,1.1047212,0.26573375,0.03120949,0.0060329265,0.770315,3.162991E-4,"TWOGAUSSIANS_WITH_ELLIPSOIDAL_ON_ECLIPSE2",9,2.3060117,0.770315,3.162991E-4,0.14265643,0.010687644,1.16714,0.26756385,0.2620141,0.0085660545,0.23390882,0.050070196,0.12345752,0.005655303
375316653866487564,2031012797913438464,0.5610509,2213.1415751209574,0.47866574497644376,8.109496E-6,15.711067,6.6477264E-4,0.30621275,0.0020979964,0.024008805,0.0015244975,0.107450984,0.0025689062,0.8058536,0.013664861,0.022301504,0.0066572432,0.15758842,0.100587524,null,null,null,null,"TWOGAUSSIANS",8,4.267564,0.8058536,0.013664861,0.12488842,0.037280563,0.15758842,0.100587524,0.30621275,0.0020979964,0.1344493,0.008537186,0.107450984,0.0025689062
375316653866487564,2031012969712078592,0.6629289,2185.3300409444437,2.544694627637304,2.2794563E-6,17.544437,0.0065402184,0.27594855,8.00129E-4,0.046288606,0.0019103436,0.36609602,0.016800812,0.7785864,4.6957945E-4,0.04320131,0.0014512917,0.39777204,0.016646584,0.15179963,0.01070757,0.27594855,8.00129E-4,"TWOGAUSSIANS_WITH_ELLIPSOIDAL_ON_ECLIPSE1",9,5.9349847,0.7785864,4.6957945E-4,0.24192733,0.008127233,0.7012876,0.011907249,0.27594855,8.00129E-4,0.2592162,0.0106979245,0.669695,0.009368035
375316653866487564,2031013244590019840,0.6313996,2199.0823172621817,2.0000686748762875,3.2819075E-6,16.722307,0.00443129,0.29576808,0.0021343732,0.09552662,0.00311965,0.25165507,0.0047280653,0.7912768,8.562133E-4,0.08600773,0.0015985467,0.34602925,0.0048455307,null,null,null,null,"TWOGAUSSIANS",8,3.959829,0.7912768,8.562133E-4,0.4,0.0,0.3337755,0.0041664923,0.29576808,0.0021343732,0.4,0.0,0.23940077,0.0042985524
375316653866487564,2031013549507909376,0.59745216,2247.0899455689614,1.743830442328038,6.515803E-6,17.886871,0.0052785887,0.29832694,0.0010562374,0.046490364,0.0014134101,0.37457085,0.012873219,0.7952375,0.00393303,0.045056537,0.0040845475,0.19875056,0.014173024,0.061529905,0.0069963313,0.29832694,0.0010562374,"TWOGAUSSIANS_WITH_ELLIPSOIDAL_ON_ECLIPSE1",9,3.4555817,0.29832694,0.0010562374,0.26034603,0.007915096,0.49763015,0.0069177025,0.7955175,0.0036191887,0.25231662,0.022873465,0.3217677,0.009634421
375316653866487564,2031013652587233920,0.47537258,2221.2521616412287,3.2165033140329204,2.8185143E-5,18.662882,0.023044053,0.25489578,0.010886792,0.088461325,0.013458992,0.30645135,0.031446468,0.76514506,0.007601085,0.07347961,0.0066925455,0.40938208,0.02923869,null,null,null,null,"TWOGAUSSIANS",8,19.196596,0.76514506,0.007601085,0.4,0.008515213,0.40453485,0.026868401,0.25489578,0.010886792,0.4,0.0,0.30160406,0.029709341
