Gaia/vari_eclipsing_binary/VariEclipsingBinary_468364-468376.csv
# %ECSV 1.0
# ---
# delimiter: ','
# meta: !!omap
# - RELEASE: Gaia DR3
# - TABLE: vari_eclipsing_binary
# - DESCRIPTION: >
#     This table describes the properties of the eclipsing binaries resulting from the variability analysis. 
# - CITATION: >
#     How to cite and acknowledge Gaia: 
#     https://gea.esac.esa.int/archive/documentation/credits.html 
# - KNOWN_ISSUES: >
#     Known issues: 
#     https://www.cosmos.esa.int/web/gaia-users/known-issues 
# - DOCUMENTATION: >
#     Tutorials and documentation: 
#     https://www.cosmos.esa.int/web/gaia-users/archive 
# datatype:
# - 
#   name: solution_id
#   datatype: int64
#   description: Solution Identifier
#   meta:
#     ucd: meta.version
# - 
#   name: source_id
#   datatype: int64
#   description: Unique source identifier
#   meta:
#     ucd: meta.id;meta.main
# - 
#   name: global_ranking
#   datatype: float32
#   description: Number between 0 (worst) and 1 (best)
#   meta:
#     ucd: stat.param
# - 
#   name: reference_time
#   datatype: float64
#   unit: d
#   description: Reference time used for the geometric model fit
#   meta:
#     ucd: time.epoch
# - 
#   name: frequency
#   datatype: float64
#   unit: d**-1
#   description: Frequency of geometric model of the eclipsing binary light curve
#   meta:
#     ucd: src.orbital
# - 
#   name: frequency_error
#   datatype: float32
#   unit: d**-1
#   description: "Uncertainty of \\texttt{frequency}"
#   meta:
#     ucd: stat.error
# - 
#   name: geom_model_reference_level
#   datatype: float32
#   unit: mag
#   description: Magnitude reference level of geometric model
#   meta:
#     ucd: phot.mag;em.opt
# - 
#   name: geom_model_reference_level_error
#   datatype: float32
#   unit: mag
#   description: "Uncertainty of \\texttt{geomModelReferenceLevel}"
#   meta:
#     ucd: stat.error;phot.mag;em.opt
# - 
#   name: geom_model_gaussian1_phase
#   datatype: float32
#   description: Phase of the Gaussian 1 component
#   meta:
#     ucd: time.phase
# - 
#   name: geom_model_gaussian1_phase_error
#   datatype: float32
#   description: "Uncertainty of \\texttt{geomModelGaussian1Phase}"
#   meta:
#     ucd: stat.error;time.phase
# - 
#   name: geom_model_gaussian1_sigma
#   datatype: float32
#   description: "Standard deviation [phase] of Gaussian 1 component"
#   meta:
#     ucd: stat.stdev
# - 
#   name: geom_model_gaussian1_sigma_error
#   datatype: float32
#   description: "Uncertainty of \\texttt{geomModelGaussian1Sigma}"
#   meta:
#     ucd: stat.error
# - 
#   name: geom_model_gaussian1_depth
#   datatype: float32
#   unit: mag
#   description: Magnitude depth of Gaussian 1 component
#   meta:
#     ucd: src.var.amplitude
# - 
#   name: geom_model_gaussian1_depth_error
#   datatype: float32
#   unit: mag
#   description: "Uncertainty of \\texttt{geomModelGaussian1Depth}"
#   meta:
#     ucd: stat.error;src.var.amplitude
# - 
#   name: geom_model_gaussian2_phase
#   datatype: float32
#   description: Phase of Gaussian 2 component
#   meta:
#     ucd: time.phase
# - 
#   name: geom_model_gaussian2_phase_error
#   datatype: float32
#   description: "Uncertainty of \\texttt{geomModelGaussian2Phase}"
#   meta:
#     ucd: stat.error;time.phase
# - 
#   name: geom_model_gaussian2_sigma
#   datatype: float32
[...]
#   datatype: float32
#   description: "Secondary eclipse: uncertainty of \\texttt{derivedSecondaryEclDuration}"
#   meta:
#     ucd: stat.error;time.duration
# - 
#   name: derived_secondary_ecl_depth
#   datatype: float32
#   unit: mag
#   description: "Secondary eclipse: depth"
#   meta:
#     ucd: src.var.amplitude
# - 
#   name: derived_secondary_ecl_depth_error
#   datatype: float32
#   unit: mag
#   description: "Secondary eclipse: uncertainty of \\texttt{derivedSecondaryEclDepth}"
#   meta:
#     ucd: stat.error;src.var.amplitude
solution_id,source_id,global_ranking,reference_time,frequency,frequency_error,geom_model_reference_level,geom_model_reference_level_error,geom_model_gaussian1_phase,geom_model_gaussian1_phase_error,geom_model_gaussian1_sigma,geom_model_gaussian1_sigma_error,geom_model_gaussian1_depth,geom_model_gaussian1_depth_error,geom_model_gaussian2_phase,geom_model_gaussian2_phase_error,geom_model_gaussian2_sigma,geom_model_gaussian2_sigma_error,geom_model_gaussian2_depth,geom_model_gaussian2_depth_error,geom_model_cosine_half_period_amplitude,geom_model_cosine_half_period_amplitude_error,geom_model_cosine_half_period_phase,geom_model_cosine_half_period_phase_error,model_type,num_model_parameters,reduced_chi2,derived_primary_ecl_phase,derived_primary_ecl_phase_error,derived_primary_ecl_duration,derived_primary_ecl_duration_error,derived_primary_ecl_depth,derived_primary_ecl_depth_error,derived_secondary_ecl_phase,derived_secondary_ecl_phase_error,derived_secondary_ecl_duration,derived_secondary_ecl_duration_error,derived_secondary_ecl_depth,derived_secondary_ecl_depth_error
[from data line 744]
375316653866487564,4119866117935182464,0.47466666,2370.082609529079,2.5224450843688855,2.3689629E-5,19.655832,0.03371794,0.2527214,0.020549344,0.07788072,0.021957934,0.3014538,0.09130724,0.77438337,0.006302484,0.09096975,0.015793094,0.386816,0.049857095,null,null,null,null,"TWOGAUSSIANS",8,4.052487,0.77438337,0.006302484,0.4,0.0,0.38100016,0.05104402,0.2527214,0.020549344,0.4,0.023851192,0.29563838,0.09160801
375316653866487564,4119866117962707456,0.426005,2477.3094919176556,1.2255217637316933,2.7269745E-5,17.242338,0.006172893,0.1714434,0.003170736,0.015874078,0.0031057498,0.11846477,0.014539023,0.6152072,0.016312173,0.040967032,0.03796125,0.17467947,0.61016697,null,null,null,null,"TWOGAUSSIANS",8,6.977259,0.6152072,0.016312173,0.22941539,0.21258299,0.17467947,0.61016697,0.1714434,0.003170736,0.088894844,0.0173922,0.11846477,0.014539023
375316653866487564,4119866156592003456,0.5864267,2427.539506464765,1.8658337938015772,9.90753E-6,18.472801,0.005265652,0.18203981,0.002820293,0.08199661,0.0036708638,0.39499018,0.013758929,0.6821366,0.0026201592,0.08193448,0.003380961,0.41100225,0.026555207,null,null,null,null,"TWOGAUSSIANS",8,1.7868154,0.6821366,0.0026201592,0.4,0.0,0.40332225,0.027512662,0.18203981,0.002820293,0.4,0.0,0.3873102,0.01442065
375316653866487564,4119866461561611648,0.5016608,2425.109084917915,0.11838461621944175,6.637653E-5,18.089897,0.0015869505,0.35972917,0.028709156,0.06212839,0.016952662,0.026430601,0.0067344443,0.87015086,0.04083688,0.019424504,0.015480158,0.30180633,0.21102619,null,null,null,null,"TWOGAUSSIANS",8,1.289338,0.87015086,0.04083688,0.10877722,0.08668888,0.30180633,0.21102619,0.35972917,0.028709156,0.347919,0.0949349,0.026430601,0.006734445
375316653866487564,4119866603321600512,0.519533,2429.241587167015,1.014964813301606,1.2995986E-5,18.087946,0.0069369315,0.26005277,0.0071189688,0.06660427,0.007364852,0.25857943,0.02187273,0.75988513,0.004043762,0.08017477,0.004698483,0.16003808,0.007744173,null,null,null,null,"TWOGAUSSIANS",8,3.9737012,0.26005277,0.0071189688,0.3729839,0.038178638,0.25739294,0.022171548,0.75988513,0.004043762,0.4,0.0,0.15885158,0.007107503
375316653866487564,4119866912559342080,0.42872143,2392.0585014928024,2.291006018077271,5.201469E-5,19.52737,0.044120647,0.20048292,0.020564193,0.04966428,0.020974534,0.89359164,0.3640037,0.6749449,0.008923053,0.086581014,0.01428554,0.54762214,0.0868153,null,null,null,null,"TWOGAUSSIANS",8,19.819342,0.20048292,0.020564193,0.27811998,0.11745739,0.892857,0.3656687,0.6749449,0.008923053,0.4,0.0,0.54688734,0.08693987
375316653866487564,4119866976908059520,0.55414385,2445.1240644738355,0.8031500548301603,4.1168314E-5,16.806494,0.013588925,0.20543478,0.00390924,0.03950994,0.0040899455,0.39633042,0.031225512,0.7061374,0.008065854,0.03368117,0.01038552,0.3465459,0.23739146,0.04324054,0.017866137,0.20543478,0.00390924,"TWOGAUSSIANS_WITH_ELLIPSOIDAL_ON_ECLIPSE1",9,46.455986,0.20543478,0.00390924,0.22125566,0.022903696,0.48281148,0.011877936,0.7061374,0.007993786,0.18861453,0.058158908,0.43302527,0.23889242
375316653866487564,4119867217454912768,0.4779148,2423.569852858948,3.2676512723016637,3.1540705E-5,18.774624,0.027396932,0.3017933,0.01761742,0.09707393,0.030343516,0.13216469,0.029776381,0.7985257,0.0064269654,0.09228043,0.01939282,0.13980643,0.025469538,null,null,null,null,"TWOGAUSSIANS",8,3.0068214,0.7985257,0.0064295037,0.4,0.0,0.13186572,0.010713425,0.3017933,0.017623644,0.4,0.0,0.124223635,0.015364489
375316653866487564,4119867286196272256,0.47387692,2435.7660703979845,2.3672035949940065,3.061964E-5,19.81163,0.009027285,0.18549426,0.0060940553,0.0582531,0.017712964,0.10016645,0.10084949,null,null,null,null,null,null,0.11374543,0.01349811,0.18549426,0.0060940553,"ONEGAUSSIAN_WITH_ELLIPSOIDAL",6,2.6958344,0.18549426,0.0060940553,0.32621735,0.09919259,0.3276472,0.10010436,null,null,null,null,null,null
375316653866487564,4119867457966744064,0.54858,2430.2145196696824,1.5261290985807476,9.623563E-6,18.06323,0.018693363,0.29696497,0.0038981969,0.1117835,0.012928019,0.19888863,0.016021779,0.77437913,0.0027036746,0.09404169,0.006184457,0.31958774,0.017968658,null,null,null,null,"TWOGAUSSIANS",8,3.320149,0.77437913,0.0027036746,0.4,0.0,0.30019346,0.009211758,0.29696497,0.0038981969,0.4,0.0,0.1794699,0.006780927
375316653866487564,4119867492355066880,0.5235958,2409.1377619406394,2.303484923232428,9.939498E-6,19.142052,0.009223466,0.23584692,0.0069716726,0.0625672,0.0058711655,0.5091959,0.025084822,0.71385974,0.004577157,0.056767847,0.008738672,0.4813666,0.03765631,null,null,null,null,"TWOGAUSSIANS",8,4.098881,0.23584692,0.0069716726,0.35037628,0.032878526,0.5091265,0.025093513,0.71385974,0.004577157,0.31789994,0.048936564,0.4812972,0.037723992
375316653866487564,4119867599798815616,0.5080117,2423.7504863034037,1.7347096842892655,1.0863892E-5,19.140528,0.010472675,0.118604034,0.012319696,0.062362347,0.0077346466,0.11505624,0.022572406,0.6164348,0.0020653675,0.050276272,0.005577367,0.7516634,0.09606554,null,null,null,null,"TWOGAUSSIANS",8,7.2775435,0.6164348,0.0020653675,0.28154713,0.031233253,0.75163853,0.09609375,0.118604034,0.012319696,0.34922913,0.04331402,0.1150314,0.022566682
375316653866487564,4119867629793822080,0.4895961,2428.336162038249,1.8471018012649176,2.2478915E-5,18.898243,0.05622642,0.23551618,0.0044714054,0.08856317,0.017012576,0.31553158,0.054151308,0.7358141,0.008314024,0.078122064,0.046018023,0.28798527,0.03666106,null,null,null,null,"TWOGAUSSIANS",8,5.2218423,0.23551618,0.004472846,0.4,0.0,0.30885702,0.023916513,0.7358141,0.008314024,0.4,0.02560157,0.28131077,0.072108716
375316653866487564,4119868183869518720,0.5658721,2443.406622910171,0.3853426005272543,4.793393E-5,18.244991,0.0043493956,0.31008938,0.0062138117,0.03930986,0.0036785388,0.6663366,0.06264744,0.8049309,0.0069397176,0.04639711,0.008276404,0.10626485,0.008992589,null,null,null,null,"TWOGAUSSIANS",8,3.7943013,0.31008938,0.0062138117,0.22013521,0.020599818,0.66633654,0.0626474,0.8049309,0.0069397176,0.25982383,0.046347864,0.10626484,0.008992586
375316653866487564,4119868248269529088,0.4932187,2442.875107016765,2.3012778751401974,1.0935315E-5,19.643446,0.036688406,0.2565266,0.0029717037,0.07310977,0.0069303187,0.53239083,0.03303951,0.76830184,0.009753296,0.060316835,0.024161566,0.58603483,0.14912748,null,null,null,null,"TWOGAUSSIANS",8,6.954012,0.76830184,0.009753296,0.33777428,0.08444984,0.5853283,0.15357937,0.2565266,0.0029717037,0.4,0.008970052,0.53168434,0.031442717
375316653866487564,4119868488789193728,0.5132451,2429.8166889145236,3.085649314065831,2.6963384E-5,18.513035,0.025184233,0.23521245,0.0030321444,0.09205554,0.0067622107,0.41361004,0.025694972,0.72995913,0.004409111,0.09022917,0.0076794648,0.4847352,0.030664692,null,null,null,null,"TWOGAUSSIANS",8,6.6057696,0.72995913,0.004409111,0.4,0.0,0.46554026,0.029469047,0.23521245,0.0030321444,0.4,0.0,0.394415,0.019980881
375316653866487564,4119868660537650304,0.5350795,2495.7523582951617,2.021448093339042,4.4988235E-5,18.227066,0.0032446315,0.049594756,0.008126061,0.020282235,0.004525276,0.025785841,0.007027706,0.28724045,0.0072060064,0.028624184,0.0036036812,0.61186695,0.32045108,0.008115502,0.0044550453,0.049594756,0.008126061,"TWOGAUSSIANS_WITH_ELLIPSOIDAL_ON_ECLIPSE1",9,2.4763014,0.28724045,0.0072060064,0.16029543,0.020180615,0.6119645,0.32041958,0.049594756,0.008126061,0.11358052,0.025341544,0.04201682,0.0078718895
375316653866487564,4119868733572173568,0.5316932,2452.5157105786116,2.590651276946119,1.7729406E-5,19.742931,0.008461417,0.2465581,0.0024901635,0.068381324,0.003679538,0.501224,0.023001213,0.7488006,0.003999988,0.06789607,0.0069853337,0.5930296,0.09735049,null,null,null,null,"TWOGAUSSIANS",8,1.4809518,0.7488006,0.003999988,0.380218,0.025738858,0.59180504,0.09826195,0.2465581,0.0024901635,0.3829354,0.020605413,0.4999994,0.023148758
375316653866487564,4119869107264337024,0.48291838,2430.9113071541738,1.371580594228471,3.606959E-5,19.602272,0.0076062446,0.27400926,0.023766696,0.06927621,0.022035493,0.14090449,0.014490468,0.7585742,0.0030623267,0.03409936,0.0029995632,0.6124967,0.063451864,null,null,null,null,"TWOGAUSSIANS",8,3.4425852,0.7585742,0.0030623267,0.1909564,0.016797554,0.612495,0.06345266,0.27400926,0.023766696,0.38794678,0.09072338,0.1409028,0.014489643
375316653866487564,4119869249021688960,0.46788836,2427.6854531967406,1.7652692553527232,1.8029692E-5,18.827099,0.036448877,0.28328457,0.007580233,0.109550655,0.017735725,0.26750073,0.034486223,0.785578,0.006232897,0.10316109,0.017561795,0.25203133,0.03336045,null,null,null,null,"TWOGAUSSIANS",8,2.1747432,0.28328457,0.007587034,0.4,0.0,0.23553136,0.01507456,0.785578,0.006238576,0.4,0.0,0.22007403,0.013665393
375316653866487564,4119869279062881920,0.49824128,2422.0219812322425,2.2749869080159355,3.1874584E-5,19.310125,0.012551508,0.21812704,0.012997276,0.07686393,0.016438518,0.20896414,0.043103006,0.73290706,0.004581161,0.08710109,0.007273011,0.27574363,0.017217482,null,null,null,null,"TWOGAUSSIANS",8,2.4024923,0.73290706,0.004581161,0.4,0.0,0.2722466,0.016128607,0.21812704,0.012997276,0.4,0.028678609,0.20546715,0.045410294
375316653866487564,4119869283329063680,0.5262863,2419.193714967563,2.687868242437779,1.2611282E-5,18.836267,0.009760056,0.2990918,0.0043606088,0.06730207,0.004425292,0.41243523,0.027323283,0.7931204,0.003069711,0.06305072,0.0040976144,0.27462402,0.019405117,null,null,null,null,"TWOGAUSSIANS",8,4.2348785,0.2990918,0.0043606088,0.3768916,0.024781635,0.41207325,0.027319452,0.7931204,0.003069711,0.353084,0.02294664,0.27426204,0.01939429
375316653866487564,4119869622661610112,0.45198992,2475.47386932047,0.06060085014710016,8.141166E-6,19.660448,0.016850067,0.8872934,0.010676044,0.05242384,0.009286061,0.13369286,0.03033513,0.5580678,0.0012870465,0.06799407,0.0063575148,0.8501648,0.14302054,null,null,null,null,"TWOGAUSSIANS",8,3.2517016,0.5580678,0.0012870465,0.3807668,0.031170007,0.85016465,0.14302088,0.8872834,0.010685433,0.2935735,0.052001942,0.13369963,0.030336091
375316653866487564,4119869863179648512,0.45419163,2472.6436738101406,0.025279336091608397,1.7719858E-5,19.799084,0.015978364,0.7989519,0.004084641,0.040623493,0.0101100765,0.29702207,0.086361475,null,null,null,null,null,null,0.17321308,0.027045172,0.7989519,0.004084641,"ONEGAUSSIAN_WITH_ELLIPSOIDAL",6,4.2507234,0.7989519,0.004084641,0.22749157,0.05661643,0.6434481,0.07832913,null,null,null,null,null,null
375316653866487564,4119869966259847168,0.46699536,2465.318683114281,0.05871249220193714,1.7801687E-5,19.062252,0.019319864,0.3044285,0.0055264444,0.07788519,0.010134716,0.18482281,0.022538854,0.7350224,0.0066707176,0.07616684,0.008736154,0.29278225,0.032041878,null,null,null,null,"TWOGAUSSIANS",8,3.6472836,0.7350224,0.0066707176,0.4,0.0,0.29228234,0.031795938,0.3044285,0.0055264444,0.4,0.0,0.18432291,0.022205813
375316653866487564,4119870000619488896,0.43894246,2532.612062384098,0.6550282716595871,1.8515295E-5,19.773336,0.013905387,0.239539,0.030497005,0.055228785,0.041262865,0.25389045,0.6659994,0.86603874,6.971334E-4,0.008834634,7.589136E-4,0.7234494,0.17132513,null,null,null,null,"TWOGAUSSIANS",8,2.6455803,0.86603874,6.971334E-4,0.04947395,0.0042499164,0.7234494,0.17132513,0.239539,0.030497005,0.30928117,0.23107204,0.25389045,0.6659994
375316653866487564,4119870034979198080,0.5647072,2478.9636044855774,2.4549053945505883,1.7293674E-5,17.403858,0.011699605,0.23047262,0.0037658405,0.08688704,0.006012177,0.40544614,0.012431856,0.72124195,0.002481213,0.08018027,0.0034261264,0.44297805,0.020153299,null,null,null,null,"TWOGAUSSIANS",8,12.882626,0.72124195,0.002481213,0.4,0.0,0.43485996,0.019443963,0.23047262,0.0037658405,0.4,0.0,0.397328,0.010014085
375316653866487564,4119870966952966912,0.5690073,2451.1746618054817,1.272367355282295,7.4140107E-6,18.207983,0.00783032,0.1907534,0.004729204,0.08190451,0.006752316,0.20368807,0.011074874,0.6811874,0.0030606394,0.089420766,0.004274082,0.32469574,0.010038731,null,null,null,null,"TWOGAUSSIANS",8,2.6539032,0.6811874,0.0030606394,0.4,0.0,0.31848165,0.009211851,0.1907534,0.004729204,0.4,0.0,0.19747412,0.010784893
375316653866487564,4119871344910444416,0.42542,2504.644067973244,2.223153640913321,2.0861753E-5,19.914816,0.01070721,0.152625,2.3421453E-5,0.008251711,3.2290697E-4,0.18615012,0.0107210325,0.43130994,0.0055179377,0.03797183,0.0034761943,0.40352327,0.031418357,null,null,null,null,"TWOGAUSSIANS",8,4.1573567,0.43130994,0.0055179377,0.21264227,0.019466689,0.40352327,0.031418357,0.152625,2.3421453E-5,0.04620958,0.0018082791,0.18615012,0.0107210325
375316653866487564,4119871413630465024,0.4302412,2537.989911163812,0.6020074152688862,5.123222E-5,18.933361,0.0057047335,0.4294409,0.008144723,0.03859428,0.018268293,0.13253322,0.079630695,0.77822566,0.014481814,0.016572915,0.008319201,0.1725522,0.09843955,null,null,null,null,"TWOGAUSSIANS",8,3.555389,0.77822566,0.014481814,0.09280833,0.046587527,0.1725522,0.09843955,0.4294409,0.008144723,0.21612798,0.10230244,0.13253322,0.079630695
375316653866487564,4119871482406179840,0.5387584,2477.805718177608,0.9626116974709383,9.954098E-6,18.539043,0.012202243,0.2112947,0.006913708,0.10182796,0.010408401,0.24439347,0.019184869,0.70353293,0.0014218491,0.08453587,0.0039017012,0.33774534,0.01204885,null,null,null,null,"TWOGAUSSIANS",8,2.4649148,0.70353293,0.0014218491,0.4,0.0,0.32404345,0.009037418,0.2112947,0.006913708,0.4,0.0,0.23068859,0.019799702
375316653866487564,4119871546746359552,0.5980718,2470.6169003706823,0.3547712559041076,1.37103125E-5,17.780695,0.0027281104,0.8029444,0.022591166,0.013602013,0.00808753,0.021825531,0.014495557,0.7052944,7.318165E-4,0.028592948,9.85231E-4,0.35957152,0.008910304,0.014357558,0.0037113843,0.7052944,7.318165E-4,"TWOGAUSSIANS_WITH_ELLIPSOIDAL_ON_ECLIPSE2",9,2.651143,0.7052944,7.318165E-4,0.16012052,0.0055172937,0.3882866,0.008174711,0.7999944,0.025184767,0.07617127,0.045290165,0.042503554,0.017444292
375316653866487564,4119872135185077248,0.5602671,2472.810859781168,3.1693053507883158,6.8675236E-6,18.251772,0.0065189963,0.1921159,0.0040400955,0.08191418,0.0041913395,0.37016672,0.018204276,0.7060458,0.002114852,0.08789644,0.0030595714,0.29888785,0.009395181,null,null,null,null,"TWOGAUSSIANS",8,3.4964106,0.1921159,0.0040400955,0.4,0.0,0.36338177,0.019261641,0.7060458,0.002114852,0.4,0.0,0.2921028,0.009139338
375316653866487564,4119872169544952960,0.49583867,2510.3440797375415,0.03743362479764618,1.9432837E-5,19.169714,0.06018396,0.3866608,0.009164228,0.07851399,0.012259938,0.65129244,0.08261439,0.91268307,0.012129384,0.08896892,0.01278864,0.2461686,0.05634252,null,null,null,null,"TWOGAUSSIANS",8,3.0237913,0.3866608,0.009164228,0.4,0.005190912,0.6457946,0.07919732,0.91268307,0.012129384,0.4,0.0,0.24067053,0.04848238
375316653866487564,4119872272622187904,0.45972046,2480.8238061021234,0.10214656846730265,9.910626E-5,19.526516,0.07323565,0.20437893,0.00829705,0.12594743,0.025694048,0.2671974,0.07349307,0.6243981,0.022082048,0.07294605,0.034138568,0.25973463,0.060199678,null,null,null,null,"TWOGAUSSIANS",8,3.519962,0.20437893,0.008282065,0.4,0.0,0.25995994,0.037803516,0.6243981,0.022082048,0.4,0.067450285,0.25353146,0.05352222
375316653866487564,4119872581860606848,0.40907988,2436.3876586796528,0.11055685397400444,6.704479E-5,19.03536,0.008533839,0.7669263,0.005302982,0.011241368,0.0034268617,0.11727189,0.4002253,null,null,null,null,null,null,0.06325227,0.01071472,0.7669263,0.005302982,"ONEGAUSSIAN_WITH_ELLIPSOIDAL",6,7.2616954,0.7669263,0.005302982,0.06295166,0.019190425,0.2437764,0.39986482,null,null,null,null,null,null
