Gaia/vari_eclipsing_binary/VariEclipsingBinary_059308-059485.csv
# %ECSV 1.0
# ---
# delimiter: ','
# meta: !!omap
# - RELEASE: Gaia DR3
# - TABLE: vari_eclipsing_binary
# - DESCRIPTION: >
#     This table describes the properties of the eclipsing binaries resulting from the variability analysis. 
# - CITATION: >
#     How to cite and acknowledge Gaia: 
#     https://gea.esac.esa.int/archive/documentation/credits.html 
# - KNOWN_ISSUES: >
#     Known issues: 
#     https://www.cosmos.esa.int/web/gaia-users/known-issues 
# - DOCUMENTATION: >
#     Tutorials and documentation: 
#     https://www.cosmos.esa.int/web/gaia-users/archive 
# datatype:
# - 
#   name: solution_id
#   datatype: int64
#   description: Solution Identifier
#   meta:
#     ucd: meta.version
# - 
#   name: source_id
#   datatype: int64
#   description: Unique source identifier
#   meta:
#     ucd: meta.id;meta.main
# - 
#   name: global_ranking
#   datatype: float32
#   description: Number between 0 (worst) and 1 (best)
#   meta:
#     ucd: stat.param
# - 
#   name: reference_time
#   datatype: float64
#   unit: d
#   description: Reference time used for the geometric model fit
#   meta:
#     ucd: time.epoch
# - 
#   name: frequency
#   datatype: float64
#   unit: d**-1
#   description: Frequency of geometric model of the eclipsing binary light curve
#   meta:
#     ucd: src.orbital
# - 
#   name: frequency_error
#   datatype: float32
#   unit: d**-1
#   description: "Uncertainty of \\texttt{frequency}"
#   meta:
#     ucd: stat.error
# - 
#   name: geom_model_reference_level
#   datatype: float32
#   unit: mag
#   description: Magnitude reference level of geometric model
#   meta:
#     ucd: phot.mag;em.opt
# - 
#   name: geom_model_reference_level_error
#   datatype: float32
#   unit: mag
#   description: "Uncertainty of \\texttt{geomModelReferenceLevel}"
#   meta:
#     ucd: stat.error;phot.mag;em.opt
# - 
#   name: geom_model_gaussian1_phase
#   datatype: float32
#   description: Phase of the Gaussian 1 component
#   meta:
#     ucd: time.phase
# - 
#   name: geom_model_gaussian1_phase_error
#   datatype: float32
#   description: "Uncertainty of \\texttt{geomModelGaussian1Phase}"
#   meta:
#     ucd: stat.error;time.phase
# - 
#   name: geom_model_gaussian1_sigma
#   datatype: float32
#   description: "Standard deviation [phase] of Gaussian 1 component"
#   meta:
#     ucd: stat.stdev
# - 
#   name: geom_model_gaussian1_sigma_error
#   datatype: float32
#   description: "Uncertainty of \\texttt{geomModelGaussian1Sigma}"
#   meta:
#     ucd: stat.error
# - 
#   name: geom_model_gaussian1_depth
#   datatype: float32
#   unit: mag
#   description: Magnitude depth of Gaussian 1 component
#   meta:
#     ucd: src.var.amplitude
# - 
#   name: geom_model_gaussian1_depth_error
#   datatype: float32
#   unit: mag
#   description: "Uncertainty of \\texttt{geomModelGaussian1Depth}"
#   meta:
#     ucd: stat.error;src.var.amplitude
# - 
#   name: geom_model_gaussian2_phase
#   datatype: float32
#   description: Phase of Gaussian 2 component
#   meta:
#     ucd: time.phase
# - 
#   name: geom_model_gaussian2_phase_error
#   datatype: float32
#   description: "Uncertainty of \\texttt{geomModelGaussian2Phase}"
#   meta:
#     ucd: stat.error;time.phase
# - 
#   name: geom_model_gaussian2_sigma
#   datatype: float32
[...]
#   datatype: float32
#   description: "Secondary eclipse: uncertainty of \\texttt{derivedSecondaryEclDuration}"
#   meta:
#     ucd: stat.error;time.duration
# - 
#   name: derived_secondary_ecl_depth
#   datatype: float32
#   unit: mag
#   description: "Secondary eclipse: depth"
#   meta:
#     ucd: src.var.amplitude
# - 
#   name: derived_secondary_ecl_depth_error
#   datatype: float32
#   unit: mag
#   description: "Secondary eclipse: uncertainty of \\texttt{derivedSecondaryEclDepth}"
#   meta:
#     ucd: stat.error;src.var.amplitude
solution_id,source_id,global_ranking,reference_time,frequency,frequency_error,geom_model_reference_level,geom_model_reference_level_error,geom_model_gaussian1_phase,geom_model_gaussian1_phase_error,geom_model_gaussian1_sigma,geom_model_gaussian1_sigma_error,geom_model_gaussian1_depth,geom_model_gaussian1_depth_error,geom_model_gaussian2_phase,geom_model_gaussian2_phase_error,geom_model_gaussian2_sigma,geom_model_gaussian2_sigma_error,geom_model_gaussian2_depth,geom_model_gaussian2_depth_error,geom_model_cosine_half_period_amplitude,geom_model_cosine_half_period_amplitude_error,geom_model_cosine_half_period_phase,geom_model_cosine_half_period_phase_error,model_type,num_model_parameters,reduced_chi2,derived_primary_ecl_phase,derived_primary_ecl_phase_error,derived_primary_ecl_duration,derived_primary_ecl_duration_error,derived_primary_ecl_depth,derived_primary_ecl_depth_error,derived_secondary_ecl_phase,derived_secondary_ecl_phase_error,derived_secondary_ecl_duration,derived_secondary_ecl_duration_error,derived_secondary_ecl_depth,derived_secondary_ecl_depth_error
[from data line 506]
375316653866487564,522665702807577856,0.48657247,2165.5917019651956,3.073953864192498,1.8980763E-5,19.545248,0.016318833,0.3102334,0.011939442,0.07892799,0.015302786,0.23573722,0.032658886,0.8068934,0.004832066,0.07171084,0.017124165,0.2690627,0.034093194,null,null,null,null,"TWOGAUSSIANS",8,2.8708415,0.8068934,0.004832066,0.4,0.02732159,0.2671762,0.038142126,0.3102334,0.011939442,0.4,0.0,0.23385073,0.032443594
375316653866487564,522665737166182272,0.53421885,2204.658139924723,0.7877560159244097,1.7895927E-5,18.244787,0.0036234304,0.40014523,0.014469192,0.02344187,0.03209968,0.18558158,0.14290865,0.9011476,0.0028543945,0.020291673,0.0020991873,0.29552495,0.015310499,null,null,null,null,"TWOGAUSSIANS",8,2.8849175,0.9011476,0.0028543945,0.11363337,0.01175545,0.29552495,0.015310499,0.40014523,0.014469192,0.13127446,0.17975819,0.18558158,0.14290865
375316653866487564,522668657745213568,0.5540908,2220.1626319663274,0.4042715445429014,6.695509E-6,12.140402,0.0332384,0.22397998,0.0017126658,0.2404502,0.022107674,0.17768367,0.0327215,0.7226505,0.0017898763,0.1561852,0.00708342,0.13659193,0.016380273,null,null,null,null,"TWOGAUSSIANS",8,11.691856,0.22431998,0.0017156245,0.4,0.0,0.037428766,0.0011323728,0.7226505,0.0017898763,0.4,0.0,0.035550516,7.821522E-4
375316653866487564,522670719328420736,0.4899271,2196.1105267137796,2.0756888578053108,1.2942958E-5,18.437656,0.0022492171,0.3452414,0.0023806603,0.050286613,0.0056188796,0.14069666,0.016523078,0.5299946,0.0035497206,0.008803372,0.0036672084,0.029323617,0.023564352,null,null,null,null,"TWOGAUSSIANS",8,2.4527247,0.3452414,0.0023806603,0.28160504,0.031465728,0.14069666,0.016523078,0.5299946,0.0035497206,0.049298886,0.020536367,0.029488495,0.023599353
375316653866487564,522670925486909952,0.4630575,2210.8671824344647,3.1279822516918525,1.670226E-5,18.92488,0.014667003,0.2595294,0.008130328,0.110081345,0.019821372,0.13806161,0.012610916,0.77878296,0.0062831733,0.09288772,0.010650035,0.13918848,0.014773279,null,null,null,null,"TWOGAUSSIANS",8,2.2977848,0.778803,0.006285591,0.4,0.0,0.12873681,0.008093472,0.2595294,0.008130328,0.4,0.0,0.12759817,0.010406931
375316653866487564,522671303444307584,0.4410048,2197.1902080027203,2.6257028427899196,4.467368E-5,19.987555,0.0073239096,0.70889246,0.0047619664,0.009276597,0.002840606,0.23184985,0.2509629,null,null,null,null,null,null,0.1031001,0.010579222,0.70889246,0.0047619664,"ONEGAUSSIAN_WITH_ELLIPSOIDAL",6,3.612207,0.70889246,0.0047619664,0.051948942,0.015907394,0.43805,0.2498882,null,null,null,null,null,null
375316653866487564,522678450272412288,0.53453726,2233.4563911057476,0.7909274847124297,9.833025E-6,19.665813,0.006520945,0.39097336,0.001665416,0.028670393,0.001138719,0.643674,0.026283858,0.88648015,4.418632E-6,0.0145200845,1.0330332E-4,1.5127066,0.0057317703,null,null,null,null,"TWOGAUSSIANS",8,2.462295,0.88648015,4.418632E-6,0.08131248,5.784986E-4,1.5127066,0.0057317703,0.39097336,0.001665416,0.1605542,0.0063768267,0.643674,0.026283858
375316653866487564,522682990061231616,0.6917956,2212.3697699495197,0.4233593406113046,3.3418623E-6,15.506489,4.2918575E-4,0.24613117,2.4280064E-4,0.014190552,2.0892997E-4,0.5225945,0.020441134,0.7762335,1.3546625E-4,0.016276011,2.0416176E-4,0.59887975,0.011026221,null,null,null,null,"TWOGAUSSIANS",8,2.0866911,0.7762335,1.3546625E-4,0.091145664,0.0011433058,0.59887975,0.011026221,0.24613117,2.4280064E-4,0.07946709,0.0011700077,0.5225945,0.020441134
375316653866487564,522683501155114368,0.52058285,2178.137685290152,2.3387633403299484,8.334668E-6,19.272223,0.013594353,0.29135036,0.0030116849,0.085455805,0.0056481976,0.29621407,0.012478192,0.78063273,0.0040736366,0.08797204,0.009487972,0.27703464,0.017542364,null,null,null,null,"TWOGAUSSIANS",8,1.5677794,0.29135036,0.0030116849,0.4,0.0,0.2887211,0.009643572,0.78063273,0.0040736366,0.4,0.0,0.26954165,0.019079676
375316653866487564,522688929992428288,0.46227,2225.6690909041513,1.1883979515314742,9.566229E-6,19.106567,0.014103432,0.27630424,0.002867464,0.031294122,0.0043215067,0.3699152,0.036856882,null,null,null,null,null,null,0.045204785,0.020685287,0.27630424,0.002867464,"ONEGAUSSIAN_WITH_ELLIPSOIDAL",6,8.682086,0.27630424,0.002867464,0.17524709,0.024200438,0.4603246,0.035381135,null,null,null,null,null,null
375316653866487564,522698795540727296,0.41073978,2212.546351666115,2.103526411469947,2.0664147E-5,18.728874,0.0025072163,0.5160061,3.0926487E-4,0.014343903,3.038632E-4,0.22051053,0.0071676527,0.8981017,0.014619377,0.028514307,0.009451182,0.012434094,0.008265929,null,null,null,null,"TWOGAUSSIANS",8,2.5693448,0.5160061,3.0926487E-4,0.08032586,0.0017016339,0.22051053,0.0071676527,0.8981017,0.014619377,0.15968011,0.052926615,0.012434094,0.008265929
375316653866487564,522698859957256960,0.476202,2255.657275543203,1.2829701995440606,1.7219207E-5,18.874048,0.0049305176,0.2541809,0.0039364235,0.010457911,0.008777735,0.117319435,0.4638514,0.7524107,0.0028239961,0.051326945,0.0029463468,0.3469558,0.02481558,null,null,null,null,"TWOGAUSSIANS",8,3.7676854,0.7524107,0.0028239961,0.28743088,0.016499542,0.3469558,0.02481558,0.2541809,0.0039364235,0.058564298,0.049155317,0.117319435,0.4638514
375316653866487564,522703876476875520,0.49706754,2198.1505068713577,0.993045012918931,2.2701415E-5,18.869318,0.0049208556,0.25156635,0.028153667,0.04319743,0.009968844,0.06589304,0.017271373,0.7552531,0.003752608,0.030681854,0.0021665215,0.36302692,0.05043513,null,null,null,null,"TWOGAUSSIANS",8,2.7859342,0.7552531,0.003752608,0.17181838,0.01213252,0.36302692,0.05043513,0.25156635,0.028153667,0.2419056,0.055825528,0.06589304,0.017271373
375316653866487564,522705560104136192,0.48082954,2213.7445618692504,1.3394412506149926,1.8914181E-5,16.864243,0.0025324791,0.32600224,0.020814976,0.04181717,0.046106707,0.020059386,1.8185384,0.5270265,0.008690967,0.035462316,0.005944744,0.17797984,0.015643205,null,null,null,null,"TWOGAUSSIANS",8,11.763626,0.5270265,0.008690967,0.19858897,0.03329057,0.17798004,0.015643544,0.32600224,0.020814976,0.23417614,0.25819755,0.020059405,1.8185383
375316653866487564,522706625256065536,0.4653779,2225.2879917994987,3.110381231284368,2.1476493E-5,18.554344,0.4677851,0.23816343,0.0076287906,0.17014289,0.07868838,0.32156032,0.4321408,0.74469215,0.0075039812,0.16062301,0.06680658,0.32156923,0.41465074,null,null,null,null,"TWOGAUSSIANS",8,2.9088926,0.74614215,0.00582757,0.4,0.0,0.13121894,0.00778763,0.23697342,0.006474854,0.4,0.0,0.12768346,0.0074535906
375316653866487564,522706732637856512,0.53126377,2229.2065208867207,0.29136995820542644,4.1253003E-5,16.76955,0.0039366,0.24672711,0.072239675,0.08071331,0.08856763,0.028620167,0.06288163,0.7707116,0.005541589,0.018268712,0.0026150988,0.3960193,0.06317735,null,null,null,null,"TWOGAUSSIANS",8,12.913251,0.7707116,0.005541589,0.10230479,0.014644554,0.39601928,0.06317738,0.24672711,0.072239675,0.4,0.3464616,0.028620107,0.062881835
375316653866487564,522707827845187584,0.6575028,2248.247741165751,2.032824417906215,2.9346224E-6,16.503962,0.008013875,0.25148156,7.541702E-4,0.047190774,0.0027383317,0.32042828,0.016042354,0.7544595,0.0020958427,0.050292257,0.0031908536,0.27856508,0.019194303,0.161597,0.009295276,0.25148156,7.541702E-4,"TWOGAUSSIANS_WITH_ELLIPSOIDAL_ON_ECLIPSE1",9,11.173663,0.25148156,7.541702E-4,0.26426834,0.015334658,0.64362115,0.014016875,0.7544595,0.0020958427,0.28163666,0.017868781,0.6016448,0.0143122
375316653866487564,522708347545553024,0.5402463,2211.4402598751267,0.5023233404299411,1.009471E-6,18.291533,0.0015525777,0.14448595,4.2982324E-6,0.008726981,4.5134962E-5,0.54609865,4.2100443E-4,null,null,null,null,null,null,null,null,null,null,"ONEGAUSSIAN",5,1.3061426,0.14448595,4.2982324E-6,0.048871092,2.527558E-4,0.54609865,0.0,null,null,null,null,null,null
375316653866487564,522708824277680640,0.53719056,2216.900212691925,1.8507385371160359,7.2859566E-6,18.424551,0.010582459,0.2195288,0.0062901205,0.103868805,0.00953236,0.17605586,0.010579089,0.714734,0.0019979498,0.0942244,0.0046798065,0.27083448,0.010294853,null,null,null,null,"TWOGAUSSIANS",8,1.9801213,0.714734,0.0019979498,0.4,0.0,0.25415307,0.008760868,0.2195288,0.0062901205,0.4,0.0,0.15937154,0.007126366
375316653866487564,522709000380593664,0.5852758,2201.7421129131453,0.5367990574104653,2.916297E-6,17.78337,0.002015231,0.49759957,0.0056427834,0.010742898,0.003264617,0.4888022,0.66153634,0.8376969,0.015233253,0.017369475,0.008490366,0.2799509,0.06280369,null,null,null,null,"TWOGAUSSIANS",8,2.5638528,0.49759957,0.0056427834,0.06016023,0.018281855,0.4888022,0.66153634,0.8376969,0.015233253,0.097269066,0.04754605,0.2799509,0.06280369
375316653866487564,522709133515314432,0.47876427,2197.197805415063,2.9609009820321877,1.4544373E-5,19.346853,0.004440586,0.28979206,0.0038838058,0.01605751,0.012387147,0.06359933,9.3638733E8,null,null,null,null,null,null,0.10906549,0.0075601726,0.28979206,0.0038838058,"ONEGAUSSIAN_WITH_ELLIPSOIDAL",6,2.6511233,0.28979206,0.0038838058,0.089922056,0.06936803,0.2817298,9.3638733E8,null,null,null,null,null,null
375316653866487564,522710439185415040,0.5417827,2234.179857821083,2.200546598352345,2.2586975E-5,18.584814,0.0052367835,0.5241134,0.00779579,0.011625582,0.008762266,0.07656776,0.06648507,0.8080844,0.0015774674,0.04025438,0.0012068213,0.63836664,0.010186792,null,null,null,null,"TWOGAUSSIANS",8,7.896036,0.8080844,0.0015774674,0.22542453,0.0067581995,0.63836664,0.010186792,0.5241134,0.00779579,0.065103255,0.049068686,0.07656776,0.06648507
375316653866487564,522710507904515328,0.43779558,2231.764999769872,3.0646150533843555,6.901327E-5,19.926132,0.015882418,0.19716515,0.010831903,0.05707944,0.017686179,0.26388532,0.045251068,0.7194557,0.027463498,0.048605956,0.031702027,0.23107085,0.04497881,null,null,null,null,"TWOGAUSSIANS",8,5.542255,0.19716515,0.010831903,0.31964487,0.09473311,0.26388288,0.045220997,0.7194557,0.027463498,0.27219334,0.13715793,0.23106839,0.045382425
375316653866487564,522710684007697024,0.58463997,2203.0548329155095,0.2653164341151609,3.5680827E-5,15.261064,7.845018E-4,0.09306207,2.9879893E-4,0.0047010398,5.1870936E-4,0.016210046,0.002332394,0.7165309,6.696467E-4,0.023291387,0.0010125422,0.28899905,0.006857282,null,null,null,null,"TWOGAUSSIANS",8,13.580092,0.7165309,6.696467E-4,0.13043177,0.0056702364,0.28899905,0.006857282,0.09306207,2.9879893E-4,0.026325822,0.0029047723,0.016210046,0.002332394
375316653866487564,522710782782827776,0.5948963,2231.2384574524094,2.166093945743142,7.0474675E-6,18.56332,0.010402125,0.2688928,0.0028754857,0.038393427,0.0067328666,0.11486081,0.027297541,0.7631403,0.0022206346,0.052589737,0.0034698746,0.42729294,0.022860905,0.10346089,0.014374445,0.2688928,0.0028754857,"TWOGAUSSIANS_WITH_ELLIPSOIDAL_ON_ECLIPSE1",9,3.9011981,0.7636903,0.0019230116,0.29450253,0.019431297,0.6339671,0.01657528,0.2688928,0.0028754857,0.21500319,0.03770405,0.32177937,0.014151658
375316653866487564,522711371202445056,0.49429494,2225.961592636712,2.413072687845559,1.88618E-5,16.53072,0.04677914,0.25200662,0.009235747,0.11037049,0.015290423,0.2932138,0.045894235,0.68432474,0.0059488313,0.13305496,0.020839008,0.41666174,0.027710944,null,null,null,null,"TWOGAUSSIANS",8,94.383736,0.68432474,0.0059488313,0.4,0.0,0.37019068,0.02575983,0.2542166,0.007935329,0.4,0.0,0.2488325,0.029515523
375316653866487564,522711611720597888,0.670492,2215.73442865825,0.4472714394136675,1.8333292E-6,15.806127,6.7611184E-4,0.33839595,0.0031892601,0.011679439,9.001629E-4,0.87290305,0.20747836,0.835307,0.0014405358,0.014883435,7.7122025E-4,0.5911397,0.025826845,null,null,null,null,"TWOGAUSSIANS",8,3.576555,0.33839595,0.0031892601,0.065404855,0.005040912,0.87290305,0.20747836,0.835307,0.0014405358,0.08334724,0.0043188334,0.5911397,0.025826845
375316653866487564,522713291045504896,0.4946706,2221.5609747772573,1.4928238181058693,1.7085358E-5,19.25614,0.0047645103,0.35738567,0.004223902,0.044360247,0.0051133786,0.29454246,0.029260408,0.87301594,0.017852388,0.047704138,0.013190237,0.070012584,0.012995593,null,null,null,null,"TWOGAUSSIANS",8,2.2099977,0.35738567,0.004223902,0.24841738,0.028634919,0.29454243,0.029260503,0.87301594,0.017852388,0.2671432,0.073865324,0.07001254,0.012995522
375316653866487564,522714665435090048,0.47767472,2203.52764583137,3.356022391552764,1.7096183E-5,19.137243,0.026900297,0.30520588,0.007289515,0.09756146,0.017797073,0.21285002,0.031041298,0.81234664,0.007387591,0.09538506,0.013341379,0.21467142,0.026599662,null,null,null,null,"TWOGAUSSIANS",8,3.5657585,0.81234664,0.007387591,0.4,0.0,0.20115906,0.015698077,0.30520588,0.007289515,0.4,0.0,0.19933726,0.029344322
375316653866487564,522715631804254592,0.55364335,2216.380886487039,3.2986097842471667,7.671467E-6,19.683071,0.011698183,0.30742,0.0029898935,0.06376356,0.0036915601,0.59706396,0.03708,0.8125233,0.00241646,0.061310817,0.0034156095,0.6748771,0.03777525,null,null,null,null,"TWOGAUSSIANS",8,2.1014597,0.8125233,0.00241646,0.34334058,0.019127414,0.67451274,0.037866887,0.30742,0.0029898935,0.35707593,0.020672737,0.5966996,0.037161663
375316653866487564,522715730587045248,0.5532443,2220.7192932934895,1.6572777696816723,4.6167256E-6,19.291426,0.004991103,0.18229023,0.0040816306,0.0297653,0.0023308462,0.67487925,0.036716003,0.68620473,0.0049774875,0.034418445,0.005005078,0.74228865,0.18122844,null,null,null,null,"TWOGAUSSIANS",8,2.437619,0.68620473,0.0049774875,0.1927433,0.028028438,0.74228865,0.18122844,0.18229023,0.0040816306,0.16668569,0.013052738,0.67487925,0.036716003
375316653866487564,522717727753921920,0.5129283,2209.9432435338476,0.8064581789609722,9.287913E-6,14.713876,0.05483809,0.17772545,0.024936566,0.29243502,0.1742673,0.053891424,0.053296022,0.6293221,0.011933277,0.14095517,0.013592903,0.053471766,0.01494989,null,null,null,null,"TWOGAUSSIANS",8,4.0091314,0.6293221,0.011933277,0.4,0.0,0.03403513,8.825744E-4,0.19358544,0.02727128,0.4,0.0,0.009516294,0.0011776644
375316653866487564,522717998329451136,0.493615,2256.763379251975,2.2676825677660366,1.5180655E-5,18.079794,0.015054272,0.13230936,0.006886449,0.07599051,0.009632751,0.18680884,0.016614404,0.60667634,0.0030230635,0.09679444,0.005541263,0.33197197,0.016737346,null,null,null,null,"TWOGAUSSIANS",8,12.940065,0.60667634,0.0030230635,0.4,0.0,0.3269728,0.013853041,0.13230936,0.0068872455,0.4,0.0,0.18181184,0.014508376
375316653866487564,522718174430500864,0.5949539,2226.709285116145,0.08856588625551663,2.3482602E-5,16.941866,0.0010592741,0.66897285,0.04986313,0.015955638,0.0846122,0.014173428,0.051455002,0.7617122,8.8284694E-4,0.005944805,5.549544E-4,0.45894223,0.047339343,null,null,null,null,"TWOGAUSSIANS",8,1.834716,0.7617122,8.8284694E-4,0.03329091,0.0031077447,0.45894223,0.047278456,0.66897285,0.04986313,0.08935157,0.39176625,0.014173428,0.051455006
375316653866487564,522718483661041664,0.49408397,2202.6076320218763,2.5186648899855397,2.2886183E-5,18.93734,0.4055737,0.27318153,0.011023539,0.10825126,0.0848279,0.2968329,0.39912933,0.77219933,0.007905663,0.09822823,0.046531636,0.29785222,0.3428148,null,null,null,null,"TWOGAUSSIANS",8,4.8673735,0.77219933,0.007906435,0.4,0.0,0.26658428,0.028112317,0.27318153,0.011425762,0.4,0.0,0.26555255,0.016091656
375316653866487564,522718724186451072,0.5098387,2222.008521698147,0.5687920386420693,1.1570295E-5,14.444626,3.7968016E-4,0.35813656,6.48319E-4,0.01789363,0.0011287217,0.05601588,0.0025799924,null,null,null,null,null,null,0.004053913,6.398514E-4,0.35813656,6.48319E-4,"ONEGAUSSIAN_WITH_ELLIPSOIDAL",6,5.369667,0.35813656,6.48319E-4,0.10020432,0.006320842,0.064123705,0.002630112,null,null,null,null,null,null
