Gaia/vari_eclipsing_binary/VariEclipsingBinary_606267-606295.csv
# %ECSV 1.0
# ---
# delimiter: ','
# meta: !!omap
# - RELEASE: Gaia DR3
# - TABLE: vari_eclipsing_binary
# - DESCRIPTION: >
#     This table describes the properties of the eclipsing binaries resulting from the variability analysis. 
# - CITATION: >
#     How to cite and acknowledge Gaia: 
#     https://gea.esac.esa.int/archive/documentation/credits.html 
# - KNOWN_ISSUES: >
#     Known issues: 
#     https://www.cosmos.esa.int/web/gaia-users/known-issues 
# - DOCUMENTATION: >
#     Tutorials and documentation: 
#     https://www.cosmos.esa.int/web/gaia-users/archive 
# datatype:
# - 
#   name: solution_id
#   datatype: int64
#   description: Solution Identifier
#   meta:
#     ucd: meta.version
# - 
#   name: source_id
#   datatype: int64
#   description: Unique source identifier
#   meta:
#     ucd: meta.id;meta.main
# - 
#   name: global_ranking
#   datatype: float32
#   description: Number between 0 (worst) and 1 (best)
#   meta:
#     ucd: stat.param
# - 
#   name: reference_time
#   datatype: float64
#   unit: d
#   description: Reference time used for the geometric model fit
#   meta:
#     ucd: time.epoch
# - 
#   name: frequency
#   datatype: float64
#   unit: d**-1
#   description: Frequency of geometric model of the eclipsing binary light curve
#   meta:
#     ucd: src.orbital
# - 
#   name: frequency_error
#   datatype: float32
#   unit: d**-1
#   description: "Uncertainty of \\texttt{frequency}"
#   meta:
#     ucd: stat.error
# - 
#   name: geom_model_reference_level
#   datatype: float32
#   unit: mag
#   description: Magnitude reference level of geometric model
#   meta:
#     ucd: phot.mag;em.opt
# - 
#   name: geom_model_reference_level_error
#   datatype: float32
#   unit: mag
#   description: "Uncertainty of \\texttt{geomModelReferenceLevel}"
#   meta:
#     ucd: stat.error;phot.mag;em.opt
# - 
#   name: geom_model_gaussian1_phase
#   datatype: float32
#   description: Phase of the Gaussian 1 component
#   meta:
#     ucd: time.phase
# - 
#   name: geom_model_gaussian1_phase_error
#   datatype: float32
#   description: "Uncertainty of \\texttt{geomModelGaussian1Phase}"
#   meta:
#     ucd: stat.error;time.phase
# - 
#   name: geom_model_gaussian1_sigma
#   datatype: float32
#   description: "Standard deviation [phase] of Gaussian 1 component"
#   meta:
#     ucd: stat.stdev
# - 
#   name: geom_model_gaussian1_sigma_error
#   datatype: float32
#   description: "Uncertainty of \\texttt{geomModelGaussian1Sigma}"
#   meta:
#     ucd: stat.error
# - 
#   name: geom_model_gaussian1_depth
#   datatype: float32
#   unit: mag
#   description: Magnitude depth of Gaussian 1 component
#   meta:
#     ucd: src.var.amplitude
# - 
#   name: geom_model_gaussian1_depth_error
#   datatype: float32
#   unit: mag
#   description: "Uncertainty of \\texttt{geomModelGaussian1Depth}"
#   meta:
#     ucd: stat.error;src.var.amplitude
# - 
#   name: geom_model_gaussian2_phase
#   datatype: float32
#   description: Phase of Gaussian 2 component
#   meta:
#     ucd: time.phase
# - 
#   name: geom_model_gaussian2_phase_error
#   datatype: float32
#   description: "Uncertainty of \\texttt{geomModelGaussian2Phase}"
#   meta:
#     ucd: stat.error;time.phase
# - 
#   name: geom_model_gaussian2_sigma
#   datatype: float32
[...]
#   datatype: float32
#   description: "Secondary eclipse: uncertainty of \\texttt{derivedSecondaryEclDuration}"
#   meta:
#     ucd: stat.error;time.duration
# - 
#   name: derived_secondary_ecl_depth
#   datatype: float32
#   unit: mag
#   description: "Secondary eclipse: depth"
#   meta:
#     ucd: src.var.amplitude
# - 
#   name: derived_secondary_ecl_depth_error
#   datatype: float32
#   unit: mag
#   description: "Secondary eclipse: uncertainty of \\texttt{derivedSecondaryEclDepth}"
#   meta:
#     ucd: stat.error;src.var.amplitude
solution_id,source_id,global_ranking,reference_time,frequency,frequency_error,geom_model_reference_level,geom_model_reference_level_error,geom_model_gaussian1_phase,geom_model_gaussian1_phase_error,geom_model_gaussian1_sigma,geom_model_gaussian1_sigma_error,geom_model_gaussian1_depth,geom_model_gaussian1_depth_error,geom_model_gaussian2_phase,geom_model_gaussian2_phase_error,geom_model_gaussian2_sigma,geom_model_gaussian2_sigma_error,geom_model_gaussian2_depth,geom_model_gaussian2_depth_error,geom_model_cosine_half_period_amplitude,geom_model_cosine_half_period_amplitude_error,geom_model_cosine_half_period_phase,geom_model_cosine_half_period_phase_error,model_type,num_model_parameters,reduced_chi2,derived_primary_ecl_phase,derived_primary_ecl_phase_error,derived_primary_ecl_duration,derived_primary_ecl_duration_error,derived_primary_ecl_depth,derived_primary_ecl_depth_error,derived_secondary_ecl_phase,derived_secondary_ecl_phase_error,derived_secondary_ecl_duration,derived_secondary_ecl_duration_error,derived_secondary_ecl_depth,derived_secondary_ecl_depth_error
[from data line 73]
375316653866487564,5332827004704293888,0.53081894,2227.570336779222,1.1620536168097717,1.600187E-5,18.153488,0.0035022618,0.27548084,0.0018954831,0.04695855,0.002185443,0.21698481,0.006911788,0.78450555,0.019104935,0.04649901,0.018289141,0.065246746,0.020300748,null,null,null,null,"TWOGAUSSIANS",8,2.2725186,0.27548084,0.0018954831,0.26296788,0.01223848,0.21698472,0.006911692,0.78450555,0.019104935,0.26039445,0.10241919,0.065246664,0.020300813
375316653866487564,5332827382661309568,0.5586581,2174.337892793406,2.207308086304434,4.6106657E-6,16.887035,0.008302166,0.2688649,0.002299145,0.03137134,0.004292245,0.28789213,0.020758746,0.7389884,6.04257E-4,0.0180285,0.0019924256,0.34969082,0.035700724,0.09942234,0.013392806,0.2688649,0.002299145,"TWOGAUSSIANS_WITH_ELLIPSOIDAL_ON_ECLIPSE1",9,39.63223,0.73940843,6.728867E-4,0.1009596,0.011157583,0.5417065,0.038624953,0.2688649,0.002299145,0.1756795,0.024036571,0.48673663,0.016101435
375316653866487564,5332827696194996992,0.5096856,2236.209634806798,3.303486372860161,1.7006974E-5,16.686403,0.0016929096,0.5669693,0.032523368,0.037575487,0.03186668,0.020540861,0.005441611,0.8130332,2.3942674E-4,0.0036743002,1.1880623E-4,0.23977225,0.008927485,0.005833526,0.002453498,0.8130332,2.3942674E-4,"TWOGAUSSIANS_WITH_ELLIPSOIDAL_ON_ECLIPSE2",9,6.252394,0.8130332,2.3942674E-4,0.02057608,6.653149E-4,0.2514393,0.009440371,0.5672393,0.03695695,0.21042272,0.17845342,0.020548476,0.0055149705
375316653866487564,5332828142919106304,0.47596088,2201.336207622393,1.2608681739826368,2.8174158E-5,19.74926,0.014973299,0.27916348,0.011998167,0.07498178,0.017130006,0.3652804,0.037127204,0.7693165,0.0042085424,0.051215652,0.0040509696,0.31259307,0.025496129,null,null,null,null,"TWOGAUSSIANS",8,2.9722915,0.27916348,0.011998167,0.4,0.042307846,0.36508808,0.037274465,0.7693165,0.0042085424,0.28680766,0.02268543,0.31240076,0.02538348
375316653866487564,5332828207295050880,0.61986065,2219.2425215993517,2.4777548766388753,4.789467E-6,17.306007,0.005806163,0.21502379,0.0014221874,0.046088636,0.004600472,0.18189009,0.012840516,0.710055,0.0033091186,0.0477795,0.004603278,0.13930257,0.014312212,0.12479874,0.0072535304,0.21502379,0.0014221874,"TWOGAUSSIANS_WITH_ELLIPSOIDAL_ON_ECLIPSE1",9,6.0477495,0.21502379,0.0014221874,0.25809637,0.025762642,0.43148735,0.0068046097,0.711265,0.0024303766,0.2675652,0.025778357,0.38871598,0.009311157
375316653866487564,5332828314717592576,0.5925772,2229.5492118468524,2.1896242853082843,6.6321913E-6,16.812891,0.005286036,0.23919244,0.0031515032,0.081014335,0.003853292,0.33174002,0.008913383,0.7367607,0.0014460012,0.07914128,0.0023198084,0.3609682,0.0074532405,null,null,null,null,"TWOGAUSSIANS",8,10.598512,0.7367607,0.0014460012,0.4,0.0,0.3559239,0.0072105955,0.23919244,0.0031515032,0.4,0.0,0.32669568,0.008814556
375316653866487564,5332828383437108352,0.5360492,2224.7904550296453,2.5743951982153064,1.2863661E-5,17.666315,0.0075396406,0.23683605,0.0032115378,0.09527788,0.0065157264,0.1366745,0.0070761535,0.725789,0.0077997325,0.09436202,0.010214274,0.13848203,0.008466164,null,null,null,null,"TWOGAUSSIANS",8,2.9197633,0.725789,0.0077997325,0.4,0.0,0.13119398,0.006496878,0.23683605,0.0032115378,0.4,0.0,0.12938638,0.004111023
375316653866487564,5332828417796831232,0.52269536,2220.260732988961,2.6101373912964836,1.4301394E-5,17.600409,0.044592068,0.28976732,0.005496759,0.116380155,0.017884592,0.24246939,0.041916948,0.78503466,0.0032384288,0.11285579,0.020272974,0.22076114,0.037382405,null,null,null,null,"TWOGAUSSIANS",8,5.947703,0.28977734,0.0055051316,0.4,0.0,0.20149054,0.012750684,0.78503466,0.0032384288,0.4,0.0,0.17980604,0.009513719
375316653866487564,5332828795754026496,0.4162974,2203.2724002764367,1.1042530037813882,1.8084478E-5,17.216393,0.0019287718,0.31403702,0.009067323,0.027133284,0.008039841,0.10178686,0.03940925,null,null,null,null,null,null,null,null,null,null,"ONEGAUSSIAN",5,9.316092,0.31403702,0.009067323,0.1519464,0.045023113,0.10178686,0.0,null,null,null,null,null,null
375316653866487564,5332828860136289664,0.5527186,2210.163293184631,2.6318056753618566,1.3956503E-5,15.425309,0.015108792,0.25390208,0.003309742,0.095555544,0.007019289,0.33611044,0.015890408,0.75312966,0.0032938207,0.094911076,0.0058238716,0.331616,0.014886829,null,null,null,null,"TWOGAUSSIANS",8,82.70119,0.25390208,0.003309742,0.4,0.0,0.31504562,0.014463412,0.75312966,0.0032938207,0.4,0.0,0.31055135,0.009070385
375316653866487564,5332829208023859840,0.53628206,2206.9204712656374,0.6555499851381614,6.6084513E-6,19.23689,0.006921512,0.11838234,0.076015115,0.030048566,0.040106658,0.020778535,0.020962445,0.7605552,0.0031249651,0.03316483,0.0028303259,0.49543083,0.025372962,0.010390353,0.010153896,0.7605552,0.0031249651,"TWOGAUSSIANS_WITH_ELLIPSOIDAL_ON_ECLIPSE2",9,2.21072,0.7605552,0.0031249651,0.18572304,0.015849825,0.5162115,0.022664981,0.12410234,0.071996875,0.16827197,0.22459728,0.02930558,0.017657038
375316653866487564,5332829517260348288,0.5302751,2242.7897458534994,0.308506691688101,4.082323E-6,18.419231,0.004129681,0.26313075,0.0067350646,0.016500339,0.0038737713,0.3146153,0.034864206,0.5593696,0.022457479,0.015913783,0.015471119,0.026777301,0.017209552,null,null,null,null,"TWOGAUSSIANS",8,3.5225472,0.26313075,0.0067350646,0.0924019,0.02169312,0.3146153,0.034864206,0.5593696,0.022457479,0.089117184,0.086638264,0.026777301,0.017209552
375316653866487564,5332829585979641344,0.4626048,2250.054761668772,2.2039676899975382,1.7422333E-5,19.557774,0.16182467,0.24885333,0.0065590874,0.1373237,0.051000163,0.26056972,0.15759021,0.73958933,0.004837651,0.12523803,0.0379051,0.2766239,0.15533969,null,null,null,null,"TWOGAUSSIANS",8,1.8661296,0.73958933,0.004837651,0.4,0.0,0.19576398,0.013969041,0.24898334,0.0063348464,0.4,0.0,0.17920083,0.015134395
375316653866487564,5332829586028130688,0.45133352,2082.6924126497975,0.3440079906005467,2.3442994E-5,19.196829,0.008086773,0.20823433,0.0021368412,0.011692757,0.009615366,2.4517264,9.2402227E8,0.75372916,0.0051768003,0.031380437,0.0055172485,0.16028892,0.039340343,null,null,null,null,"TWOGAUSSIANS",8,3.9286692,0.20823433,0.0021368412,0.065479435,0.05384605,2.4517264,9.2402227E8,0.75372916,0.0051768003,0.17573045,0.030896591,0.16028892,0.039340343
375316653866487564,5332829792139644544,0.50295824,2258.371788989826,3.779256623779346,1.8781933E-5,19.160688,0.022596907,0.15486945,0.0053266706,0.08547385,0.008169928,0.31627953,0.032154758,0.6740781,0.0048776288,0.087464884,0.008960551,0.40785745,0.026949795,null,null,null,null,"TWOGAUSSIANS",8,4.816776,0.6740781,0.0048776288,0.4,0.0,0.39992687,0.026083661,0.15486945,0.0053266706,0.4,0.0,0.308349,0.030379089
375316653866487564,5332830032656891520,0.41129267,2240.4076180889947,0.10790687885861593,5.1762006E-5,18.976332,0.26608962,0.41878283,0.02611955,0.05141816,0.03605716,0.4699313,0.24077733,0.8070397,0.032074805,0.1715081,0.18603925,0.12051767,0.25707746,null,null,null,null,"TWOGAUSSIANS",8,23.254225,0.41945282,0.019035567,0.2879417,0.11773371,0.47288254,0.27785522,0.8070397,0.032074805,0.4,0.0,0.11392634,0.037557505
375316653866487564,5332830032656931200,0.47809651,2224.4478056127073,2.3380071269615557,2.6427848E-5,19.002354,0.003103071,0.75658184,0.0047130017,0.01927984,0.016104594,0.011798094,0.0069542606,null,null,null,null,null,null,0.068232134,0.0041765138,0.75658184,0.0047130017,"ONEGAUSSIAN_WITH_ELLIPSOIDAL",6,2.095629,0.75658184,0.0047130017,0.10796709,0.09018573,0.14826234,0.0037379048,null,null,null,null,null,null
375316653866487564,5332830170095720064,0.4743541,2200.489168688274,0.14942978934699983,6.4680025E-5,19.645498,0.013730925,0.16710685,0.015133693,0.0581847,0.019206678,0.2844418,0.042109475,0.6492166,0.0047777784,0.03615253,0.008660661,0.20883343,0.028134622,null,null,null,null,"TWOGAUSSIANS",8,2.0705445,0.16710685,0.015133693,0.3258343,0.09144832,0.28444165,0.04211441,0.6492166,0.0047777784,0.20245418,0.048499703,0.20883328,0.028132997
375316653866487564,5332830234526149120,0.6253046,2200.8805845643224,0.45296356166586305,2.0979394E-5,18.51402,0.004674349,0.2877179,0.02457711,0.03427526,0.009078847,1.9122262,0.76150656,0.7888357,0.013279423,0.029185267,0.0064155785,0.22841309,0.067020886,null,null,null,null,"TWOGAUSSIANS",8,6.072593,0.2877179,0.02457711,0.19194144,0.050841544,1.9122262,0.76150656,0.7888357,0.013279423,0.1634375,0.03592724,0.22841309,0.067020886
375316653866487564,5332830685491496704,0.4959731,2231.0281180332545,1.6164655529150531,2.3006216E-5,18.869015,0.0032009785,0.2471764,0.004912242,0.068972036,0.0072897705,0.1004499,0.010638662,0.7435661,0.0026887988,0.055375896,0.0042113615,0.2805607,0.02162922,null,null,null,null,"TWOGAUSSIANS",8,1.49543,0.7435661,0.0026887988,0.31010503,0.023583625,0.28047523,0.021687217,0.2471764,0.004912242,0.38624343,0.040822715,0.10036441,0.010674578
375316653866487564,5332830754210963840,0.5707834,2245.4492707311247,0.33481135028455783,8.544276E-6,19.027056,0.0027465164,0.36895967,0.003826214,0.01135268,0.0013558047,0.6146183,0.1524068,0.86781216,0.010269004,0.017286837,0.009949669,0.18166895,0.06610087,null,null,null,null,"TWOGAUSSIANS",8,1.3621174,0.36895967,0.003826214,0.06357501,0.0075925067,0.6146183,0.1524068,0.86781216,0.010269004,0.09680629,0.05571815,0.18166895,0.06610087
375316653866487564,5332831132216166656,0.5699198,2209.618943363638,0.6463359986572448,3.5768294E-6,16.782965,0.0025939823,0.2613498,0.004355102,0.029832913,0.0025091714,0.32132947,0.028378097,0.7629379,0.003936382,0.026985226,0.0075570764,0.34119004,0.04699682,0.016094198,0.0040333243,0.2613498,0.004355102,"TWOGAUSSIANS_WITH_ELLIPSOIDAL_ON_ECLIPSE1",9,11.148489,0.7629379,0.003936382,0.15111727,0.042319626,0.3733752,0.047865245,0.2613498,0.004355102,0.16706431,0.014051359,0.35351783,0.027910218
375316653866487564,5332831475766219776,0.4345616,2247.3184109439712,3.377383314887727,2.7229362E-5,17.971478,0.036824506,0.3124907,0.010007676,0.0840243,0.029830545,0.11695804,0.025409149,0.80634344,0.015104313,0.11499363,0.065419696,0.060182005,0.0332296,null,null,null,null,"TWOGAUSSIANS",8,6.555954,0.3124907,0.010014871,0.4,0.0,0.11089271,0.016489064,0.80634344,0.015104313,0.4,0.0,0.054107,0.0088321455
375316653866487564,5332831544533037312,0.49727294,2211.0705918467474,0.19499763162366895,2.0261868E-5,14.904442,0.0030533385,0.15071915,0.010315455,0.028561207,0.010656327,0.6074232,0.55124766,0.67037296,0.0053199274,0.026484426,0.0072214515,0.22229081,0.073370665,null,null,null,null,"TWOGAUSSIANS",8,127.834564,0.15071915,0.010315455,0.15994276,0.059675433,0.6074232,0.55124766,0.67037296,0.0053199274,0.14831278,0.040440127,0.22229081,0.073370665
375316653866487564,5332832300400425600,0.5072709,2218.135553359379,2.593811738440282,1.8358483E-5,19.9202,0.01476369,0.21987581,0.0061250674,0.07194207,0.010469356,0.32709795,0.023812179,0.7252855,0.011656274,0.07414661,0.008774728,0.36627394,0.039112873,null,null,null,null,"TWOGAUSSIANS",8,2.0011013,0.7252855,0.011656274,0.4,0.01216375,0.3645297,0.039718967,0.21987581,0.0061250674,0.4,0.04015438,0.32535374,0.023848927
375316653866487564,5332832403479505536,0.59217674,2213.0584764337736,3.0347286224638843,7.3325655E-6,18.319035,0.03220766,0.2624593,0.0031442982,0.056126434,0.0065864413,0.47977158,0.06578674,0.76537967,0.004891026,0.05101752,0.005668071,0.3646915,0.07325741,0.09456524,0.037353754,0.2624593,0.0031442982,"TWOGAUSSIANS_WITH_ELLIPSOIDAL_ON_ECLIPSE1",9,7.9021792,0.2624593,0.0031442982,0.31430802,0.03688407,0.6688768,0.02400858,0.76537967,0.0048593828,0.28569812,0.0317412,0.5537331,0.016900018
375316653866487564,5332832540918854656,0.50014186,2196.226126189482,1.576421736440308,9.542843E-6,19.898565,0.00941641,0.27678463,0.0036844348,0.05408532,0.0042351927,0.6417454,0.04931203,0.78026444,0.0044784932,0.03605378,0.012765374,0.44207892,0.16221179,null,null,null,null,"TWOGAUSSIANS",8,2.5300648,0.27678463,0.0036844348,0.3028778,0.023717077,0.6417452,0.049312063,0.78026444,0.0044784932,0.20190117,0.07148609,0.44207874,0.16221489
375316653866487564,5332832781436574080,0.5270608,2232.468677978622,2.023272469111447,3.3733588E-5,17.563156,0.003447361,0.4647298,1.7358342E-4,0.013934014,3.1623596E-4,1.1879859,0.04340067,null,null,null,null,null,null,null,null,null,null,"ONEGAUSSIAN",5,15.054351,0.4647298,1.7358342E-4,0.07803048,0.0017709213,1.1879859,0.0,null,null,null,null,null,null
375316653866487564,5332832880225899904,0.5036178,2234.41531308213,0.9031628277716494,3.377129E-5,18.5578,0.010479537,0.15890706,4.7938194E-4,0.010055602,6.467765E-4,0.24671601,0.011948997,0.48143202,0.040926047,0.16559763,0.087059565,0.020553058,0.010350383,null,null,null,null,"TWOGAUSSIANS",8,1.7398932,0.15891705,4.7344933E-4,0.05631137,0.0036219484,0.2493746,0.012209884,0.48143202,0.040926047,0.4,0.0,0.020122252,0.006398341
375316653866487564,5332833021955167488,0.5086759,2257.8345690646006,2.3735231753802015,1.21247795E-5,19.655062,0.082494006,0.23474617,0.0063248766,0.11740015,0.018612204,0.42046073,0.080555275,0.7234416,0.0036356468,0.11782255,0.019795401,0.3794669,0.07641,null,null,null,null,"TWOGAUSSIANS",8,1.2188054,0.23478617,0.0062861172,0.4,0.0,0.3453547,0.01777252,0.7234416,0.0036356468,0.4,0.0,0.3043648,0.016680134
375316653866487564,5332833193753571456,0.550367,2219.9475424895354,0.6071754111741078,1.1410244E-5,18.725782,0.0033335306,0.8636009,0.005234216,0.027952798,0.0030161983,0.67665553,0.15131965,null,null,null,null,null,null,null,null,null,null,"ONEGAUSSIAN",5,2.7342608,0.8636009,0.005234216,0.15653567,0.01689071,0.67665553,0.0,null,null,null,null,null,null
375316653866487564,5332833846590242304,0.44471383,2151.95453854326,1.1477090601671123,3.0755487E-5,19.74675,0.009285951,0.2446465,0.012522864,0.07715287,0.015006713,0.21186635,0.017590743,0.74722713,0.014296969,0.049676295,0.01938122,0.114992306,0.023336528,null,null,null,null,"TWOGAUSSIANS",8,2.1706212,0.2446465,0.012522864,0.4,0.009760457,0.21173958,0.01767725,0.74722713,0.014296969,0.27818725,0.10853483,0.114865534,0.023560723
375316653866487564,5332833876665444352,0.5453749,2180.6349060836055,0.5409431336589344,2.6395699E-5,18.732012,0.006732169,0.29405257,0.007927427,0.038486395,0.009158756,0.08334572,0.026672188,0.77838045,0.020213764,0.029202385,0.0052564326,1.9495332,1.6328816,null,null,null,null,"TWOGAUSSIANS",8,4.5266542,0.77838045,0.020213764,0.16353336,0.029436024,1.9495332,1.6328816,0.29405257,0.007927427,0.21552382,0.051289033,0.08334572,0.026672188
375316653866487564,5332834602504685824,0.49468356,2184.3035161232137,2.439144027294221,2.2475173E-5,19.311258,0.0038806228,null,null,null,null,null,null,null,null,null,null,null,null,0.08247951,0.0049474756,0.28406045,0.005698793,"ELLIPSOIDAL",4,1.8493371,null,null,null,null,null,null,null,null,null,null,null,null
375316653866487564,5332834907450301824,0.5377498,2210.9454753190826,1.7773630764042256,7.0605265E-6,17.86154,0.005497344,0.23739432,0.0028220953,0.09328167,0.008100561,0.14387251,0.008014362,0.7434081,0.0027230901,0.08485793,0.0055985986,0.1781085,0.008858868,null,null,null,null,"TWOGAUSSIANS",8,2.3022523,0.7434081,0.0027230901,0.4,0.0,0.17248671,0.009578551,0.23739432,0.0028220953,0.4,0.0,0.13825056,0.009075738
375316653866487564,5332834980461812352,0.5168615,2170.162785009953,3.9090716018917817,1.1637497E-5,19.15542,0.008941324,0.217351,0.0024585465,0.07487392,0.00409194,0.29377952,0.016819403,0.723922,0.005272935,0.07775517,0.005214419,0.26811707,0.019870292,null,null,null,null,"TWOGAUSSIANS",8,2.1151755,0.217351,0.0024585465,0.4,0.0,0.29150617,0.016855296,0.723922,0.005272935,0.4,0.0,0.26584372,0.019883217
