Gaia/vari_eclipsing_binary/VariEclipsingBinary_513466-513508.csv
# %ECSV 1.0
# ---
# delimiter: ','
# meta: !!omap
# - RELEASE: Gaia DR3
# - TABLE: vari_eclipsing_binary
# - DESCRIPTION: >
#     This table describes the properties of the eclipsing binaries resulting from the variability analysis. 
# - CITATION: >
#     How to cite and acknowledge Gaia: 
#     https://gea.esac.esa.int/archive/documentation/credits.html 
# - KNOWN_ISSUES: >
#     Known issues: 
#     https://www.cosmos.esa.int/web/gaia-users/known-issues 
# - DOCUMENTATION: >
#     Tutorials and documentation: 
#     https://www.cosmos.esa.int/web/gaia-users/archive 
# datatype:
# - 
#   name: solution_id
#   datatype: int64
#   description: Solution Identifier
#   meta:
#     ucd: meta.version
# - 
#   name: source_id
#   datatype: int64
#   description: Unique source identifier
#   meta:
#     ucd: meta.id;meta.main
# - 
#   name: global_ranking
#   datatype: float32
#   description: Number between 0 (worst) and 1 (best)
#   meta:
#     ucd: stat.param
# - 
#   name: reference_time
#   datatype: float64
#   unit: d
#   description: Reference time used for the geometric model fit
#   meta:
#     ucd: time.epoch
# - 
#   name: frequency
#   datatype: float64
#   unit: d**-1
#   description: Frequency of geometric model of the eclipsing binary light curve
#   meta:
#     ucd: src.orbital
# - 
#   name: frequency_error
#   datatype: float32
#   unit: d**-1
#   description: "Uncertainty of \\texttt{frequency}"
#   meta:
#     ucd: stat.error
# - 
#   name: geom_model_reference_level
#   datatype: float32
#   unit: mag
#   description: Magnitude reference level of geometric model
#   meta:
#     ucd: phot.mag;em.opt
# - 
#   name: geom_model_reference_level_error
#   datatype: float32
#   unit: mag
#   description: "Uncertainty of \\texttt{geomModelReferenceLevel}"
#   meta:
#     ucd: stat.error;phot.mag;em.opt
# - 
#   name: geom_model_gaussian1_phase
#   datatype: float32
#   description: Phase of the Gaussian 1 component
#   meta:
#     ucd: time.phase
# - 
#   name: geom_model_gaussian1_phase_error
#   datatype: float32
#   description: "Uncertainty of \\texttt{geomModelGaussian1Phase}"
#   meta:
#     ucd: stat.error;time.phase
# - 
#   name: geom_model_gaussian1_sigma
#   datatype: float32
#   description: "Standard deviation [phase] of Gaussian 1 component"
#   meta:
#     ucd: stat.stdev
# - 
#   name: geom_model_gaussian1_sigma_error
#   datatype: float32
#   description: "Uncertainty of \\texttt{geomModelGaussian1Sigma}"
#   meta:
#     ucd: stat.error
# - 
#   name: geom_model_gaussian1_depth
#   datatype: float32
#   unit: mag
#   description: Magnitude depth of Gaussian 1 component
#   meta:
#     ucd: src.var.amplitude
# - 
#   name: geom_model_gaussian1_depth_error
#   datatype: float32
#   unit: mag
#   description: "Uncertainty of \\texttt{geomModelGaussian1Depth}"
#   meta:
#     ucd: stat.error;src.var.amplitude
# - 
#   name: geom_model_gaussian2_phase
#   datatype: float32
#   description: Phase of Gaussian 2 component
#   meta:
#     ucd: time.phase
# - 
#   name: geom_model_gaussian2_phase_error
#   datatype: float32
#   description: "Uncertainty of \\texttt{geomModelGaussian2Phase}"
#   meta:
#     ucd: stat.error;time.phase
# - 
#   name: geom_model_gaussian2_sigma
#   datatype: float32
[...]
#   datatype: float32
#   description: "Secondary eclipse: uncertainty of \\texttt{derivedSecondaryEclDuration}"
#   meta:
#     ucd: stat.error;time.duration
# - 
#   name: derived_secondary_ecl_depth
#   datatype: float32
#   unit: mag
#   description: "Secondary eclipse: depth"
#   meta:
#     ucd: src.var.amplitude
# - 
#   name: derived_secondary_ecl_depth_error
#   datatype: float32
#   unit: mag
#   description: "Secondary eclipse: uncertainty of \\texttt{derivedSecondaryEclDepth}"
#   meta:
#     ucd: stat.error;src.var.amplitude
solution_id,source_id,global_ranking,reference_time,frequency,frequency_error,geom_model_reference_level,geom_model_reference_level_error,geom_model_gaussian1_phase,geom_model_gaussian1_phase_error,geom_model_gaussian1_sigma,geom_model_gaussian1_sigma_error,geom_model_gaussian1_depth,geom_model_gaussian1_depth_error,geom_model_gaussian2_phase,geom_model_gaussian2_phase_error,geom_model_gaussian2_sigma,geom_model_gaussian2_sigma_error,geom_model_gaussian2_depth,geom_model_gaussian2_depth_error,geom_model_cosine_half_period_amplitude,geom_model_cosine_half_period_amplitude_error,geom_model_cosine_half_period_phase,geom_model_cosine_half_period_phase_error,model_type,num_model_parameters,reduced_chi2,derived_primary_ecl_phase,derived_primary_ecl_phase_error,derived_primary_ecl_duration,derived_primary_ecl_duration_error,derived_primary_ecl_depth,derived_primary_ecl_depth_error,derived_secondary_ecl_phase,derived_secondary_ecl_phase_error,derived_secondary_ecl_duration,derived_secondary_ecl_duration_error,derived_secondary_ecl_depth,derived_secondary_ecl_depth_error
375316653866487564,4516494944582811776,0.53468907,2179.336885113889,3.242388222207739,1.03702905E-5,19.439445,0.011665298,0.26781732,0.0038001605,0.07645758,0.004526794,0.5068565,0.026122812,0.7779869,0.0032645483,0.07333721,0.004132876,0.40317217,0.023969755,null,null,null,null,"TWOGAUSSIANS",8,2.5154848,0.26781732,0.0038001605,0.4,0.0,0.5041136,0.026305199,0.7779869,0.0032645483,0.4,0.0029721793,0.4004293,0.023986496
375316653866487564,4516495253807375232,0.57264185,2197.4870219224413,0.25527984907652485,1.6385655E-5,17.262701,0.0019131245,0.5146921,0.0017441637,0.013930106,0.0012015114,0.4986965,0.023578929,0.84894395,0.019669993,0.011992802,0.011740771,0.5160665,42397.09,null,null,null,null,"TWOGAUSSIANS",8,4.8959475,0.84894395,0.019669993,0.06715969,0.06574832,0.5160665,42397.09,0.5146921,0.0017441637,0.07800859,0.006728464,0.4986965,0.023578929
375316653866487564,4516495322526906496,0.46120083,2198.6338040427645,2.546450372819369,2.0743242E-5,19.331066,0.103876136,0.27279416,0.008283583,0.10900455,0.03674295,0.21764484,0.10028905,0.802217,0.014125026,0.09618592,0.047682445,0.2771575,0.061802484,null,null,null,null,"TWOGAUSSIANS",8,5.9521356,0.802237,0.01389339,0.4,0.0,0.25978988,0.060616598,0.27279416,0.008141806,0.4,0.0,0.20025788,0.02859679
375316653866487564,4516495356899669504,0.5779046,2218.9578342999325,2.492012585943427,9.630914E-6,17.702091,0.007584931,0.2396842,0.001961988,0.04627185,0.0056395503,0.14955872,0.021603733,0.7312714,0.0051217508,0.04456347,0.010194531,0.19666702,0.03767014,0.107517056,0.010374715,0.2396842,0.001961988,"TWOGAUSSIANS_WITH_ELLIPSOIDAL_ON_ECLIPSE1",9,7.168624,0.7325014,0.004535167,0.24955544,0.057089373,0.41118807,0.048252378,0.2396842,0.001961988,0.25912234,0.031581484,0.36459237,0.01495469
375316653866487564,4516495627457980416,0.5933644,2201.762315761069,2.7086439519209065,6.241E-6,17.893648,0.0060529783,0.24671046,0.0027138938,0.09150993,0.0037365588,0.27614146,0.0073992168,0.74805284,0.0022856225,0.09128014,0.004699828,0.276868,0.00623174,null,null,null,null,"TWOGAUSSIANS",8,2.7895312,0.74805284,0.0022856225,0.4,0.0,0.26400828,0.005966766,0.24671046,0.0027138938,0.4,0.0,0.26328176,0.006316205
375316653866487564,4516496456398389120,0.5091662,2201.6431915183507,2.5426261324851303,2.1231785E-5,17.059053,0.005850101,0.23646927,0.011670668,0.031346276,0.00699277,0.04365919,0.014888609,0.7483436,0.007003732,0.049805477,0.0680879,0.02217634,0.01505865,0.06809945,0.006428412,0.7483436,0.007003732,"TWOGAUSSIANS_WITH_ELLIPSOIDAL_ON_ECLIPSE2",9,15.978504,0.23877926,0.008742339,0.17553914,0.03915951,0.17924823,0.007383802,0.7483436,0.007003732,0.27891067,0.16188641,0.15837502,0.008329062
375316653866487564,4516496903087871488,0.55644184,2208.583045237801,1.2362526816653776,8.521471E-6,16.914232,0.0069149565,0.27046844,0.0053130337,0.04683493,0.011882455,0.053455792,0.014168678,0.7922944,0.004095492,0.05798934,0.005454989,0.07586151,0.018425994,0.05620364,0.0083792,0.7922944,0.004095492,"TWOGAUSSIANS_WITH_ELLIPSOIDAL_ON_ECLIPSE2",9,6.913328,0.7922944,0.004095492,0.3247403,0.03054794,0.1882614,0.0075467494,0.27629843,0.0027722307,0.2622756,0.066541746,0.16431148,0.0077722357
375316653866487564,4516497384111800576,0.5155209,2206.0524320070213,3.0315241489812577,1.27367375E-5,19.83245,0.009889166,0.259185,0.004616974,0.07054649,0.004539831,0.52438486,0.030416641,0.74564224,0.0034556484,0.07530416,0.0051464317,0.44176474,0.013412443,null,null,null,null,"TWOGAUSSIANS",8,1.7542095,0.259185,0.004616974,0.39506036,0.02143606,0.52243656,0.030626364,0.74564224,0.0034556484,0.4,0.0,0.43981647,0.013584434
375316653866487564,4516497968239368192,0.49519804,2203.0383481862887,1.3829791542588774,1.4932879E-5,17.60833,0.021951493,0.19801387,0.0095933555,0.10804252,0.03339271,0.071312495,0.01983616,0.6965538,0.0043928795,0.10637649,0.02758568,0.08623606,0.015993364,null,null,null,null,"TWOGAUSSIANS",8,1.5342903,0.6965538,0.0043928795,0.4,0.0,0.07607841,0.008788996,0.19801387,0.009613323,0.4,0.0,0.061154407,0.0046901647
375316653866487564,4516500098530786432,0.46562606,2197.5717124932003,3.161104877619589,1.1603069E-4,18.859154,0.009598931,0.2387738,0.0048284302,0.0309898,0.047328863,0.18675017,0.10887302,0.67425716,0.0026167159,0.02164199,0.0075664865,0.08072684,0.02169029,0.08030516,0.014882588,0.2387738,0.0048284302,"TWOGAUSSIANS_WITH_ELLIPSOIDAL_ON_ECLIPSE1",9,6.8741636,0.2387738,0.0048284302,0.17354289,0.26464108,0.3473602,0.12138617,0.6783572,0.0024896772,0.121195145,0.042372324,0.2178473,0.012798857
375316653866487564,4516500201606022272,0.46672156,2185.0492237569397,2.4896953707340606,2.7968004E-5,19.933538,0.007063599,null,null,null,null,null,null,null,null,null,null,null,null,0.124362275,0.008936759,0.25202227,0.006753942,"ELLIPSOIDAL",4,2.6930273,null,null,null,null,null,null,null,null,null,null,null,null
375316653866487564,4516501094959343744,0.55587035,2200.2622250666354,1.4620134555263185,7.3948245E-6,18.533827,0.0062100366,0.29207006,0.012402328,0.03842571,0.018590963,0.24162887,0.11584622,0.7912462,0.0016675878,0.037803423,0.0018706982,1.0305325,0.09179324,null,null,null,null,"TWOGAUSSIANS",8,6.8921123,0.7912462,0.0016675878,0.21169917,0.010475909,1.0305325,0.09179325,0.29207006,0.012402328,0.21518399,0.10410939,0.24162887,0.11584648
375316653866487564,4516501502974204672,0.5039476,2193.326394986867,3.3345042766440764,1.6750213E-5,19.382072,0.009668162,0.30300003,0.01320651,0.081315205,0.013741755,0.2577531,0.02015663,0.7942644,0.0036101693,0.07410387,0.0055857506,0.25252548,0.013489133,null,null,null,null,"TWOGAUSSIANS",8,2.522353,0.30300003,0.01320651,0.4,0.0063630478,0.25534943,0.020313969,0.7942644,0.0036101693,0.4,0.0,0.25012183,0.013138048
375316653866487564,4516501576015072000,0.51102304,2201.5422977697744,2.2810981063438596,1.2650398E-5,18.68433,0.042266916,0.26509044,0.010562221,0.1143969,0.029124647,0.16087161,0.041336134,0.74297184,0.0052340515,0.096099466,0.020085676,0.2735163,0.031071803,null,null,null,null,"TWOGAUSSIANS",8,2.9797888,0.74297184,0.0052340515,0.4,0.0,0.25492725,0.018453496,0.26509044,0.010553778,0.4,0.0,0.14225286,0.017492533
375316653866487564,4516502052730417152,0.53455526,2205.8141856714815,2.442964562024993,9.585111E-6,19.008335,0.008220659,0.19029443,0.004155759,0.0830749,0.006218034,0.25646466,0.010577685,0.6950312,0.0028875943,0.090021074,0.0048036263,0.2231369,0.0114350375,null,null,null,null,"TWOGAUSSIANS",8,1.2145927,0.19029443,0.004155759,0.4,0.0,0.24967906,0.01067457,0.6950312,0.0028875943,0.4,0.0,0.2163512,0.011043619
375316653866487564,4516502057036309376,0.49848142,2188.7484535625404,2.6442997041398786,1.647875E-5,18.737965,0.22490709,0.25985408,0.004565431,0.115004495,0.027996901,0.4050649,0.2141557,0.75201696,0.004288013,0.1257317,0.04060028,0.38896394,0.21580164,null,null,null,null,"TWOGAUSSIANS",8,4.0977683,0.25992408,0.0045778034,0.4,0.0,0.31978348,0.01924386,0.75201696,0.004288013,0.4,0.0,0.30345416,0.016298518
375316653866487564,4516502808644761600,0.54460883,2183.371817405587,2.9081754296891025,8.166115E-6,17.297659,0.011434953,0.29190502,0.0023731422,0.09448879,0.005609788,0.27498025,0.0103649115,0.7937647,0.003278359,0.092526644,0.007271045,0.24387628,0.010951721,null,null,null,null,"TWOGAUSSIANS",8,8.98246,0.29190502,0.0023731422,0.4,0.0,0.26083258,0.00697174,0.7937647,0.003278359,0.4,0.0,0.22972885,0.0065630325
375316653866487564,4516503087840953856,0.47892284,2204.2676045358544,0.9441693199143079,2.5911408E-5,17.058475,0.0015376467,0.5037528,0.00894383,0.03436286,0.00569507,0.026297482,0.006186216,0.8143845,0.013068111,0.006273921,0.014814554,1.2925383,1.7959806,0.0068762503,0.0020422514,0.8143845,0.013068111,"TWOGAUSSIANS_WITH_ELLIPSOIDAL_ON_ECLIPSE2",9,2.8249183,0.8143845,0.013068111,0.035133958,0.0829615,1.3062907,1.7977911,0.50097287,0.008507632,0.19243203,0.031892393,0.028281536,0.006243481
375316653866487564,4516503431438350464,0.551962,2213.882591045092,2.5929123809133654,1.1503466E-5,17.176647,0.00893425,0.2297581,0.0033651993,0.08488398,0.0056389924,0.3042371,0.013564611,0.7346785,0.0032996957,0.08285457,0.0057066265,0.28544763,0.011635607,null,null,null,null,"TWOGAUSSIANS",8,15.939991,0.2297581,0.0033651993,0.4,0.0,0.29788414,0.013641332,0.7346785,0.0032996957,0.4,0.0,0.27909467,0.011554498
375316653866487564,4516503946819269888,0.507021,2163.3393138058664,3.7164216448923897,1.8123867E-5,19.502129,0.011961468,0.1919872,0.0026731943,0.07511744,0.003299939,0.5128645,0.028099539,0.69080174,0.007134629,0.071646415,0.0067217387,0.46263507,0.050217573,null,null,null,null,"TWOGAUSSIANS",8,4.4107146,0.1919872,0.0026731943,0.4,0.0,0.51000184,0.028149022,0.69080174,0.007134629,0.4,0.028070962,0.45977247,0.05065398
375316653866487564,4516505042027771136,0.54127204,2198.0012592776034,2.3940055211234794,1.8071245E-5,18.616377,0.0035154824,0.3813264,0.004449221,0.06569896,0.004448546,0.21430108,0.007033294,0.8159883,0.0015865706,0.011545104,0.0030053467,0.030086786,0.0052557597,null,null,null,null,"TWOGAUSSIANS",8,1.911631,0.3813264,0.004449221,0.36791417,0.024911858,0.21430108,0.007033294,0.8159883,0.0015865706,0.064652584,0.016829941,0.030086786,0.0052557597
375316653866487564,4516507692045566720,0.6438809,2198.3019264000313,0.15702311735293026,1.3035387E-5,16.264036,5.9525634E-4,0.5457599,0.010155734,0.014001097,0.0049310564,0.29828668,0.11283734,0.813734,0.010558686,0.033452492,0.021931864,0.019578192,552.8553,null,null,null,null,"TWOGAUSSIANS",8,1.5043306,0.5457599,0.010155734,0.07840614,0.027613917,0.29828668,0.11283734,0.813734,0.010558686,0.18733396,0.12281845,0.019578192,552.8553
375316653866487564,4516508855959239552,0.5203799,2173.8513670801617,1.811570075593679,2.7512671E-5,18.675457,0.019414112,0.26394334,0.0044895173,0.04821832,0.003555845,0.6323663,0.03604819,0.74047905,0.030074416,0.04700891,0.03329482,0.14430335,0.037991732,null,null,null,null,"TWOGAUSSIANS",8,17.437143,0.26394334,0.0044895173,0.2700226,0.019912733,0.6323661,0.03603164,0.74047905,0.030074416,0.2632499,0.14993045,0.14430319,0.038077395
375316653866487564,4516509233916320256,0.5868075,2200.803736354993,1.008734125993713,7.087678E-6,18.600761,0.0065325205,0.25627252,0.0011843798,0.046281867,0.00126569,0.5061363,0.009172939,0.7463634,0.0069195754,0.050083134,0.0051682596,0.11086955,0.0122728245,null,null,null,null,"TWOGAUSSIANS",8,5.013819,0.25627252,0.0011843798,0.25917843,0.007087864,0.50613594,0.009172564,0.7463634,0.0069195754,0.28046554,0.028942253,0.11086918,0.012272616
375316653866487564,4516509856709044864,0.6138781,2188.2418938995584,3.851374676057635,4.6767373E-6,17.714422,0.008773372,0.2079582,0.0014783824,0.040450282,0.005470035,0.35806257,0.065553576,0.70480967,0.0024922572,0.049867786,0.0029292386,0.29917765,0.022947375,0.11121922,0.011214039,0.2079582,0.0014783824,"TWOGAUSSIANS_WITH_ELLIPSOIDAL_ON_ECLIPSE1",9,6.2373867,0.2079582,0.0014783824,0.22652158,0.030632198,0.58050025,0.0799219,0.7052097,0.0021577703,0.27925962,0.016403737,0.52153933,0.0135802515
375316653866487564,4516509959788265344,0.5316321,2191.6337905599216,3.5049441981819007,1.4929675E-5,17.328484,0.018717103,0.23642828,0.0083401445,0.06032089,0.01731949,0.26025367,0.030161265,0.73210454,0.006469099,0.037306014,0.017170101,0.11640403,0.030824209,0.086908065,0.020384748,0.73210454,0.006469099,"TWOGAUSSIANS_WITH_ELLIPSOIDAL_ON_ECLIPSE2",9,36.300842,0.23572828,0.006326537,0.337797,0.09675193,0.43392646,0.0500846,0.73210454,0.006469099,0.20891368,0.09615257,0.29018444,0.031846315
375316653866487564,4516510028494022656,0.48236156,2185.2332468896007,2.925627379779473,1.4821802E-5,18.682537,0.010571369,0.28554973,0.0055209,0.088091195,0.00837971,0.27047792,0.012159467,0.7855704,0.0059351465,0.07077529,0.0076049794,0.24917452,0.020772602,null,null,null,null,"TWOGAUSSIANS",8,6.3624287,0.28554973,0.0055209,0.4,0.0,0.26681772,0.011766951,0.7855704,0.0059351465,0.39634165,0.024802726,0.24551436,0.020936716
375316653866487564,4516511574695985920,0.629767,2218.2455976125593,1.331035278441209,4.1205253E-6,16.701864,0.012504194,0.27909672,0.003211451,0.092024796,0.011029062,0.31290063,0.018781984,0.77178085,0.001428145,0.08872658,0.004446753,0.33105993,0.01066939,null,null,null,null,"TWOGAUSSIANS",8,4.035294,0.77178085,0.001428145,0.4,0.0,0.31853542,0.005860525,0.27909672,0.003211451,0.4,0.0,0.30037594,0.026077878
375316653866487564,4516512502399515904,0.48129153,2173.848371999007,2.244294257240593,1.6168333E-5,19.69346,0.021079693,0.2717695,0.0064114174,0.0883814,0.014013456,0.24271703,0.027705971,0.7648285,0.008724241,0.08262383,0.0118241245,0.27969807,0.020231072,null,null,null,null,"TWOGAUSSIANS",8,2.049361,0.7648285,0.008724241,0.4,0.0,0.27328566,0.015642311,0.2717695,0.0064114174,0.4,0.0,0.23630454,0.027324798
375316653866487564,4516516213251680128,0.5066451,2149.351712869381,2.518329590236277,1.4632691E-5,19.609312,0.011756558,0.39608777,0.02886781,0.048839066,0.0720718,0.049661532,389.41525,0.8225793,0.002155855,0.028651303,0.0043774256,0.53517026,0.5783266,null,null,null,null,"TWOGAUSSIANS",8,2.1476712,0.8225793,0.002155855,0.1604473,0.024513584,0.53517026,0.5783266,0.39608777,0.02886781,0.27349877,0.40360206,0.049661532,389.41525
375316653866487564,4516516346382338304,0.659512,2178.235656081307,1.9545416591593745,2.8937484E-6,17.80376,0.008205601,0.23139468,0.0026971458,0.059031393,0.0057726516,0.08904695,0.018839573,0.7255166,0.0015941495,0.051587816,0.0022318542,0.39560512,0.018579269,0.06931394,0.009406307,0.23139468,0.0026971458,"TWOGAUSSIANS_WITH_ELLIPSOIDAL_ON_ECLIPSE1",9,1.8931957,0.7259166,0.0014857299,0.28889176,0.012498384,0.53404313,0.005675692,0.23139468,0.0026971458,0.33057582,0.03232685,0.22766101,0.0036838362
375316653866487564,4516516934816023552,0.5823524,2166.6376982762677,0.4599311216021404,3.7361815E-6,18.175255,0.0025607955,0.106689565,0.04651733,0.021005468,0.011403139,0.02873776,0.007551488,0.80825627,0.003270512,0.012414615,0.001204912,0.96900934,0.21502545,null,null,null,null,"TWOGAUSSIANS",8,2.8454533,0.80825627,0.003270512,0.069521844,0.006747507,0.96900934,0.21502545,0.106689565,0.04651733,0.117630616,0.06385758,0.02873776,0.007551488
375316653866487564,4516517347123393024,0.551654,2115.989002184468,0.46103914609601254,1.0356416E-5,19.805128,0.011581234,0.32054496,0.0021554239,0.03392808,0.0021226914,0.7517875,0.017307969,0.8208413,0.0032039627,0.034175053,0.003315639,0.32609075,0.016749972,null,null,null,null,"TWOGAUSSIANS",8,2.514488,0.32054496,0.0021554239,0.18999727,0.011887072,0.7517875,0.017307969,0.8208413,0.0032039627,0.19138029,0.018567579,0.32609075,0.016749972
375316653866487564,4516518064368946560,0.45222738,2183.079365893176,2.116114714306081,3.275193E-5,18.844328,0.0074855024,null,null,null,null,null,null,null,null,null,null,null,null,0.0845107,0.007207994,0.21664897,0.009957187,"ELLIPSOIDAL",4,7.1369452,null,null,null,null,null,null,null,null,null,null,null,null
375316653866487564,4516518652793922688,0.5341167,2166.232568142835,3.191982848459887,1.7859198E-5,19.664373,0.012087671,0.17372343,0.003010179,0.07139324,0.004257585,0.51451707,0.02842427,0.6861048,0.0061663287,0.07165167,0.009341448,0.46295518,0.085698485,null,null,null,null,"TWOGAUSSIANS",8,2.1714633,0.17372343,0.003010179,0.39980212,0.015855657,0.51291996,0.028600454,0.6861048,0.0061663287,0.4,0.025298383,0.4613581,0.08693658
375316653866487564,4516518858961530752,0.54073787,2165.3891353028916,0.11237800445377695,2.4230516E-5,17.508114,0.011136145,0.2779253,0.008611435,0.056814972,0.006539574,0.40614635,0.10880251,0.79539615,0.020929221,0.03952057,0.014752394,0.9053695,0.24193679,null,null,null,null,"TWOGAUSSIANS",8,35.713932,0.79539615,0.020929221,0.22131519,0.0826134,0.9053689,0.24194652,0.2779253,0.008611435,0.31816384,0.03662161,0.40614575,0.10880359
