Gaia/vari_eclipsing_binary/VariEclipsingBinary_354064-354271.csv
# %ECSV 1.0
# ---
# delimiter: ','
# meta: !!omap
# - RELEASE: Gaia DR3
# - TABLE: vari_eclipsing_binary
# - DESCRIPTION: >
#     This table describes the properties of the eclipsing binaries resulting from the variability analysis. 
# - CITATION: >
#     How to cite and acknowledge Gaia: 
#     https://gea.esac.esa.int/archive/documentation/credits.html 
# - KNOWN_ISSUES: >
#     Known issues: 
#     https://www.cosmos.esa.int/web/gaia-users/known-issues 
# - DOCUMENTATION: >
#     Tutorials and documentation: 
#     https://www.cosmos.esa.int/web/gaia-users/archive 
# datatype:
# - 
#   name: solution_id
#   datatype: int64
#   description: Solution Identifier
#   meta:
#     ucd: meta.version
# - 
#   name: source_id
#   datatype: int64
#   description: Unique source identifier
#   meta:
#     ucd: meta.id;meta.main
# - 
#   name: global_ranking
#   datatype: float32
#   description: Number between 0 (worst) and 1 (best)
#   meta:
#     ucd: stat.param
# - 
#   name: reference_time
#   datatype: float64
#   unit: d
#   description: Reference time used for the geometric model fit
#   meta:
#     ucd: time.epoch
# - 
#   name: frequency
#   datatype: float64
#   unit: d**-1
#   description: Frequency of geometric model of the eclipsing binary light curve
#   meta:
#     ucd: src.orbital
# - 
#   name: frequency_error
#   datatype: float32
#   unit: d**-1
#   description: "Uncertainty of \\texttt{frequency}"
#   meta:
#     ucd: stat.error
# - 
#   name: geom_model_reference_level
#   datatype: float32
#   unit: mag
#   description: Magnitude reference level of geometric model
#   meta:
#     ucd: phot.mag;em.opt
# - 
#   name: geom_model_reference_level_error
#   datatype: float32
#   unit: mag
#   description: "Uncertainty of \\texttt{geomModelReferenceLevel}"
#   meta:
#     ucd: stat.error;phot.mag;em.opt
# - 
#   name: geom_model_gaussian1_phase
#   datatype: float32
#   description: Phase of the Gaussian 1 component
#   meta:
#     ucd: time.phase
# - 
#   name: geom_model_gaussian1_phase_error
#   datatype: float32
#   description: "Uncertainty of \\texttt{geomModelGaussian1Phase}"
#   meta:
#     ucd: stat.error;time.phase
# - 
#   name: geom_model_gaussian1_sigma
#   datatype: float32
#   description: "Standard deviation [phase] of Gaussian 1 component"
#   meta:
#     ucd: stat.stdev
# - 
#   name: geom_model_gaussian1_sigma_error
#   datatype: float32
#   description: "Uncertainty of \\texttt{geomModelGaussian1Sigma}"
#   meta:
#     ucd: stat.error
# - 
#   name: geom_model_gaussian1_depth
#   datatype: float32
#   unit: mag
#   description: Magnitude depth of Gaussian 1 component
#   meta:
#     ucd: src.var.amplitude
# - 
#   name: geom_model_gaussian1_depth_error
#   datatype: float32
#   unit: mag
#   description: "Uncertainty of \\texttt{geomModelGaussian1Depth}"
#   meta:
#     ucd: stat.error;src.var.amplitude
# - 
#   name: geom_model_gaussian2_phase
#   datatype: float32
#   description: Phase of Gaussian 2 component
#   meta:
#     ucd: time.phase
# - 
#   name: geom_model_gaussian2_phase_error
#   datatype: float32
#   description: "Uncertainty of \\texttt{geomModelGaussian2Phase}"
#   meta:
#     ucd: stat.error;time.phase
# - 
#   name: geom_model_gaussian2_sigma
#   datatype: float32
[...]
#   datatype: float32
#   description: "Secondary eclipse: uncertainty of \\texttt{derivedSecondaryEclDuration}"
#   meta:
#     ucd: stat.error;time.duration
# - 
#   name: derived_secondary_ecl_depth
#   datatype: float32
#   unit: mag
#   description: "Secondary eclipse: depth"
#   meta:
#     ucd: src.var.amplitude
# - 
#   name: derived_secondary_ecl_depth_error
#   datatype: float32
#   unit: mag
#   description: "Secondary eclipse: uncertainty of \\texttt{derivedSecondaryEclDepth}"
#   meta:
#     ucd: stat.error;src.var.amplitude
solution_id,source_id,global_ranking,reference_time,frequency,frequency_error,geom_model_reference_level,geom_model_reference_level_error,geom_model_gaussian1_phase,geom_model_gaussian1_phase_error,geom_model_gaussian1_sigma,geom_model_gaussian1_sigma_error,geom_model_gaussian1_depth,geom_model_gaussian1_depth_error,geom_model_gaussian2_phase,geom_model_gaussian2_phase_error,geom_model_gaussian2_sigma,geom_model_gaussian2_sigma_error,geom_model_gaussian2_depth,geom_model_gaussian2_depth_error,geom_model_cosine_half_period_amplitude,geom_model_cosine_half_period_amplitude_error,geom_model_cosine_half_period_phase,geom_model_cosine_half_period_phase_error,model_type,num_model_parameters,reduced_chi2,derived_primary_ecl_phase,derived_primary_ecl_phase_error,derived_primary_ecl_duration,derived_primary_ecl_duration_error,derived_primary_ecl_depth,derived_primary_ecl_depth_error,derived_secondary_ecl_phase,derived_secondary_ecl_phase_error,derived_secondary_ecl_duration,derived_secondary_ecl_duration_error,derived_secondary_ecl_depth,derived_secondary_ecl_depth_error
[from data line 37]
375316653866487564,3114456605111282304,0.64448035,2218.523068097494,1.3036817340426388,1.59422E-5,17.120255,0.0049828375,0.31531015,0.0083359135,0.02789683,0.004888504,0.55466473,0.07393745,0.8205717,0.0012762836,0.027754702,0.0022312745,0.6566888,0.024962863,null,null,null,null,"TWOGAUSSIANS",8,15.309397,0.8205717,0.0012762836,0.15542632,0.012495137,0.6566888,0.024962863,0.31531015,0.0083359135,0.15622225,0.02737562,0.55466473,0.07393745
375316653866487564,3114464507853639680,0.5296305,2228.655832881357,1.2933558989739018,2.8879576E-5,16.42588,0.013174475,0.23199566,0.002928694,0.056319945,0.009761344,0.18869795,0.01773282,0.7296834,0.027188646,0.08423442,0.030548343,0.21443471,0.1018015,null,null,null,null,"TWOGAUSSIANS",8,26.923971,0.7296834,0.027188646,0.4,0.0,0.21376216,0.10392846,0.23199566,0.0029288242,0.3153917,0.054663528,0.18802541,0.018503122
375316653866487564,3114468119922804096,0.6096501,2204.1661194277294,2.7441788675085648,9.841086E-6,14.808195,0.012134743,0.21423064,0.0011833784,0.082121916,0.003951753,0.3738518,0.009622231,0.7161108,0.008376796,0.086589724,0.0089668315,0.3644276,0.019662391,null,null,null,null,"TWOGAUSSIANS",8,81.18158,0.21423064,0.0011833784,0.4,0.0,0.36501572,0.0070607564,0.7161108,0.008376796,0.4,0.0,0.35559145,0.017736211
375316653866487564,3114470112787587712,0.5118521,2203.3198518123154,2.5553820056254803,3.0440788E-5,18.043783,0.009537276,null,null,null,null,null,null,null,null,null,null,null,null,0.12750608,0.008933187,0.20679699,0.007908858,"ELLIPSOIDAL",4,9.473891,null,null,null,null,null,null,null,null,null,null,null,null
375316653866487564,3114476946078984320,0.658824,2219.77897652693,1.1412713436475623,5.6887493E-6,17.942238,0.0047606765,0.29801863,0.017817877,0.036338393,0.012860315,0.13124026,0.018257655,0.7897693,0.0012591815,0.033045467,7.914211E-4,0.9989798,0.016077613,null,null,null,null,"TWOGAUSSIANS",8,4.314037,0.7897693,0.0012591815,0.18505463,0.0044319583,0.9989798,0.016077613,0.29801863,0.017817877,0.20349501,0.07201776,0.13124026,0.018257655
375316653866487564,3114479699154499712,0.68782365,2199.1922826683167,0.3577856932663735,4.255987E-6,13.782126,0.0012376471,0.1099282,0.02514828,0.064910896,0.020734664,0.0240582,0.024187109,0.3910838,3.630085E-4,0.018186944,3.9855627E-4,0.90088236,0.040460676,0.0013440899,0.0014816369,0.1099282,0.02514828,"TWOGAUSSIANS_WITH_ELLIPSOIDAL_ON_ECLIPSE1",9,23.870268,0.3910838,3.630085E-4,0.10184688,0.002231915,0.9009731,0.04044195,0.1099282,0.02514828,0.363501,0.084696375,0.02673334,0.023783682
375316653866487564,3114479802229495168,0.48482913,2166.3992715984846,0.3799199785933247,4.968994E-5,19.872923,0.03385563,0.35000145,0.03059469,0.054098036,0.05500765,0.4308931,null,0.8158547,0.023347199,0.07184215,0.032983094,0.22907141,0.02820248,null,null,null,null,"TWOGAUSSIANS",8,1.4777697,0.35000145,0.0305935,0.30294898,0.30804285,0.43081966,null,0.8158547,0.023347199,0.4,0.023007393,0.22899796,0.025984928
375316653866487564,3114483306927050752,0.5437794,2212.415555481519,3.396593901397651,1.8584213E-5,16.20374,0.7032076,0.23866403,0.015148719,0.115364835,0.08843121,0.44476023,0.6577326,0.73030955,0.023903152,0.13234732,0.06165254,0.49092034,0.58614373,null,null,null,null,"TWOGAUSSIANS",8,54.966473,0.73030955,0.023903152,0.4,0.0,0.37710157,0.07310691,0.23881403,0.01644156,0.4,0.0,0.33166605,0.06286906
375316653866487564,3114483611868940672,0.5442738,2216.589295365257,2.2945496649459427,4.31235E-5,18.59649,0.031133415,0.23843415,0.024864428,0.063175105,0.029387144,0.33335382,0.43500665,0.77811515,0.01617885,0.069061086,0.05144901,0.1591956,0.031417254,null,null,null,null,"TWOGAUSSIANS",8,2.2624257,0.23843415,0.024839286,0.35378057,0.1412443,0.333245,0.4363177,0.77811515,0.01617885,0.3867421,0.042237185,0.15908678,0.03969538
375316653866487564,3114488250433378176,0.6125841,2217.8674737975425,4.012025651510196,5.3237345E-6,16.999971,0.005848825,0.1918543,0.0027917472,0.08599521,0.0030102937,0.27955136,0.007820646,0.67899877,0.0023407023,0.0687057,0.0035955966,0.2731666,0.008764373,null,null,null,null,"TWOGAUSSIANS",8,5.758769,0.1918543,0.0027917472,0.4,0.0,0.2772936,0.007525307,0.67899877,0.0023407023,0.38475192,0.020135341,0.2709089,0.0086660525
375316653866487564,3114490689972774016,0.58955705,2206.441331438006,2.068863737979092,3.0263742E-5,16.738777,0.0058812895,0.40798312,0.027715549,0.044513434,0.016987937,0.8514062,0.25185037,0.7112719,0.010720633,0.03917164,0.0057568816,0.15623865,0.024050493,null,null,null,null,"TWOGAUSSIANS",8,49.15564,0.40798312,0.027715549,0.24927522,0.09513244,0.8514062,0.25185037,0.7112719,0.010720633,0.21936119,0.03223854,0.15623865,0.024049876
375316653866487564,3114491274090431872,0.48199472,2217.6610453971525,0.9026531846251756,3.357945E-5,18.403725,0.0051809065,0.30529806,0.013238162,0.037601892,0.013918505,0.14209569,0.07267894,0.6461932,0.013144856,0.0797177,0.01726636,0.06604604,0.013939348,null,null,null,null,"TWOGAUSSIANS",8,1.8118945,0.30529806,0.0132425185,0.21057059,0.07794363,0.14210272,0.0726802,0.6461932,0.013144856,0.4,0.0072893044,0.066046014,0.013939536
375316653866487564,3114492167443735168,0.5754932,2215.274833496604,2.7590619035797976,7.1243494E-6,17.316942,0.0066183414,0.3051142,0.0013622033,0.016486226,0.0020586937,0.1748627,0.026691163,0.73327583,0.0027699487,0.034591787,0.009660552,0.16306251,0.11038853,0.11996576,0.021521708,0.73327583,0.0027699487,"TWOGAUSSIANS_WITH_ELLIPSOIDAL_ON_ECLIPSE2",9,13.204039,0.73327583,0.0027699487,0.193714,0.054099094,0.40299362,0.11447778,0.3032942,0.0015645658,0.092322856,0.011528685,0.37021345,0.03047314
375316653866487564,3114492201803513216,0.58046186,2181.9081719004403,0.31314774152006414,5.221976E-5,18.682564,0.0060669403,0.25443935,0.023115598,0.09259421,0.02964117,0.050850917,0.019535985,0.63304186,2.4131767E-4,0.03769837,0.0017677727,0.39568058,0.0046534236,null,null,null,null,"TWOGAUSSIANS",8,1.2771316,0.63304186,2.4131767E-4,0.21111088,0.009899528,0.39569062,0.0047537475,0.25443935,0.023115598,0.4,0.0,0.050849054,0.01954399
375316653866487564,3114496775944719872,0.6299864,2216.5010306389277,3.2208309616210102,1.0310398E-5,17.637905,0.010804333,0.24733847,0.0057879705,0.06955236,0.009542732,0.29773873,0.011991114,0.75753325,0.0030166744,0.0860546,0.005245827,0.35155404,0.009211827,null,null,null,null,"TWOGAUSSIANS",8,4.1760573,0.75753325,0.0030166744,0.4,0.0,0.34854773,0.007847889,0.24733847,0.0057879705,0.38949323,0.039035887,0.29473248,0.011165549
375316653866487564,3114499142467837440,0.55361027,2252.263726376137,4.900802218243431,1.5810499E-4,18.786417,0.010492421,0.37322783,1.413985E-4,0.018799625,5.344728E-4,1.2821585,0.061496835,0.866527,0.05388166,0.11364718,0.041917667,0.050570574,0.03827474,null,null,null,null,"TWOGAUSSIANS",8,4.2132325,0.37322783,1.413985E-4,0.1052779,0.0029930477,1.282092,0.06158356,0.866527,0.05388166,0.4,0.0,0.05049746,0.03831199
375316653866487564,3114500418077013504,0.4837144,2232.768193346547,2.986536594489816,5.5486988E-5,16.616838,0.0044687726,0.2766061,0.024047328,0.07110885,0.013256886,0.089230366,0.024224821,0.7435654,0.015472279,0.076683335,0.010197639,0.077681005,0.009534914,null,null,null,null,"TWOGAUSSIANS",8,10.699689,0.2766061,0.024047328,0.39820954,0.0568179,0.088981986,0.024246722,0.7435654,0.015472279,0.4,0.004810913,0.07743262,0.009476762
375316653866487564,3114500551220601088,0.58289814,2244.1900833677682,3.7824902557538245,1.3251556E-5,17.548332,0.08657315,0.22284783,0.0036297217,0.0528188,0.027977228,0.28074336,0.123436466,0.71971065,0.049714446,0.050064497,0.045959726,0.21339935,0.5581334,0.07010163,0.08717316,0.22284783,0.0036297217,"TWOGAUSSIANS_WITH_ELLIPSOIDAL_ON_ECLIPSE1",9,14.256113,0.22284783,0.0036297217,0.29578528,0.12915294,0.42094207,0.06272594,0.72007066,0.04908136,0.28036118,0.24354318,0.35354987,0.52947104
375316653866487564,3114501414505444096,0.46248135,2236.646337680228,0.08929610397183982,5.1282314E-5,19.225122,0.008198439,null,null,null,null,null,null,null,null,null,null,null,null,0.082751215,0.010431002,0.2872665,0.010857521,"ELLIPSOIDAL",4,4.7731295,null,null,null,null,null,null,null,null,null,null,null,null
375316653866487564,3114502548376847232,0.5278848,2224.4036637374033,4.409277496730678,2.5149497E-5,18.850039,0.02587564,0.22347756,0.0043071453,0.051695768,0.0037567227,0.54297006,0.029098442,0.7418114,0.014575554,0.054135375,0.0076532727,0.85356987,0.14877923,null,null,null,null,"TWOGAUSSIANS",8,28.913975,0.7418114,0.014575554,0.3031581,0.04285833,0.8535614,0.14877602,0.22347756,0.0043071453,0.2894963,0.021037646,0.5429616,0.029087855
375316653866487564,3114503574877563264,0.5815437,2237.3175531356255,3.6555332401203695,8.665011E-6,17.297657,0.00471162,0.23910247,0.003148621,0.082404666,0.0032837584,0.35551816,0.015927924,0.7327405,0.013058754,0.076392,0.008216583,0.3892221,0.057950266,null,null,null,null,"TWOGAUSSIANS",8,7.857287,0.7327405,0.013058754,0.4,0.0040104375,0.38462582,0.0575853,0.23910247,0.003148621,0.4,0.0,0.35092187,0.016349116
375316653866487564,3114509141151760384,0.5125761,2177.8822913918843,3.315784273727704,2.8178934E-5,18.232399,0.044136662,0.22594424,0.009695757,0.09655613,0.021798015,0.28236407,0.05228429,0.7494594,0.0061254855,0.10632902,0.019159662,0.32421103,0.036676142,null,null,null,null,"TWOGAUSSIANS",8,11.016981,0.7494594,0.006120895,0.4,0.0,0.30248687,0.028535634,0.22592424,0.009704313,0.4,0.0,0.26065427,0.04794612
375316653866487564,3114515772581585280,0.63615984,2219.4166994692896,2.5538226903970704,1.4771364E-5,17.6331,0.019106757,0.28690135,0.008400893,0.09259504,0.010867894,0.31150126,0.027391655,0.78459674,0.0043104473,0.079075895,0.012764549,0.26728395,0.024759097,null,null,null,null,"TWOGAUSSIANS",8,3.085509,0.28690135,0.008400893,0.4,0.0,0.30349466,0.020957781,0.78459674,0.0043104473,0.4,0.0061466447,0.2592776,0.027675072
375316653866487564,3114517494867016448,0.5105654,2193.8763301332324,0.07979237993689074,1.160916E-4,14.591564,0.005097402,0.8604682,0.078062996,0.04395094,0.026013723,0.29362366,0.52916145,null,null,null,null,null,null,null,null,null,null,"ONEGAUSSIAN",5,177.78989,0.8604682,0.078062996,0.24612527,0.14567685,0.29362366,0.0,null,null,null,null,null,null
375316653866487564,3114517902885351680,0.62177366,2138.1194739279144,1.1600389780012987,3.1261152E-6,19.04082,0.0119911,0.35367212,5.5914413E-4,0.03370835,0.0013742656,0.985225,0.06063018,0.8438272,0.023015358,0.037617948,0.04042995,0.2561287,0.28617248,null,null,null,null,"TWOGAUSSIANS",8,3.2591383,0.35367212,5.5914413E-4,0.18876675,0.0076958877,0.985225,0.060630087,0.8438272,0.023015358,0.2106605,0.21439253,0.2561287,0.28617448
375316653866487564,3114518658799636224,0.5066564,2161.4654309259586,4.126747131652921,3.2664244E-5,18.020191,0.31431738,0.24379069,0.014508234,0.14818615,0.02686096,0.46273938,0.2884853,0.75656366,0.010896089,0.12671486,0.05248863,0.4412793,0.30362913,null,null,null,null,"TWOGAUSSIANS",8,7.957453,0.24358068,0.012586807,0.4,0.0,0.30473492,0.013835127,0.75729364,0.011484812,0.4,0.0,0.2861279,0.0141197
375316653866487564,3114523434802840576,0.4918879,2156.486079224148,0.3251794953720128,5.0474613E-5,17.840874,0.0030860114,0.43153712,0.013606246,0.13411829,0.012363587,0.14704528,0.01298346,0.033610467,0.032791607,0.03450511,0.033771828,0.0082078,36080.934,null,null,null,null,"TWOGAUSSIANS",8,3.191586,0.43153712,0.013606246,0.4,0.0,0.14671451,0.013100256,0.040300466,0.029024629,0.1932286,0.18912223,0.009816698,36080.934
375316653866487564,3114524469895823616,0.62601537,2179.451515787479,1.9823701970007508,1.0173792E-5,16.491327,0.0014391368,0.251212,0.0020262985,0.046086255,0.0051959236,0.39690813,0.19331568,null,null,null,null,null,null,0.06356791,0.001873451,0.251212,0.0020262985,"ONEGAUSSIAN_WITH_ELLIPSOIDAL",6,2.5487869,0.251212,0.0020262985,0.25808302,0.029097172,0.52404356,0.19363485,null,null,null,null,null,null
375316653866487564,3114524572975025664,0.6433211,2155.22936421843,3.677431193803186,4.8053967E-6,17.628666,0.020684218,0.29509494,0.008117441,0.04110926,0.018188227,0.38839594,0.10601019,0.7936416,0.005128421,0.050285835,0.0133803915,0.28624356,0.060450055,0.14272663,0.022334829,0.29509494,0.008117441,"TWOGAUSSIANS_WITH_ELLIPSOIDAL_ON_ECLIPSE1",9,10.177325,0.29509494,0.008117441,0.23021185,0.10185407,0.6738481,0.06932119,0.79388165,0.004700518,0.28160068,0.07493019,0.57167584,0.07229478
375316653866487564,3114524603033982464,0.46578705,2160.6198026201937,2.116914778949365,2.3293976E-5,16.739376,0.09529699,0.18411516,0.013489696,0.061598532,0.018108267,0.37141895,0.13137007,0.7238204,0.020202532,0.10571762,0.04781261,0.36871332,0.09371163,null,null,null,null,"TWOGAUSSIANS",8,45.909817,0.18410516,0.013339928,0.34495178,0.09205231,0.36753353,0.11304402,0.7238204,0.020202532,0.4,0.0,0.36479887,0.07229183
375316653866487564,3114525255868180096,0.64234126,2215.424991600421,3.5848038920898184,5.497894E-6,17.391376,0.0052288217,0.20058273,0.0018196043,0.07179239,0.0023710104,0.5657945,0.016715648,0.7036021,0.0022749014,0.06978542,0.0024116961,0.4716258,0.00941299,null,null,null,null,"TWOGAUSSIANS",8,5.6026783,0.20058273,0.0018196043,0.4,0.0043533635,0.56391776,0.016845273,0.7036021,0.0022749014,0.3907984,0.011648479,0.46974897,0.009360683
375316653866487564,3114525844285455616,0.73468965,2220.738655433842,2.5134360734678953,3.4622833E-6,15.867038,0.0024033189,0.25726914,8.2470936E-4,0.046386003,0.0032130165,0.09158389,0.0057046656,0.758061,0.0024395313,0.051895555,0.0034474537,0.11138533,0.005512909,0.10566423,0.0028705169,0.25726914,8.2470936E-4,"TWOGAUSSIANS_WITH_ELLIPSOIDAL_ON_ECLIPSE1",9,1.991003,0.758061,0.0022798968,0.2906151,0.019305741,0.3227071,0.0023866731,0.25726914,8.2470936E-4,0.2597616,0.017992893,0.30291086,0.0034773517
375316653866487564,3114526905135679232,0.54908633,2220.7955546371168,3.5706707668745765,2.5127654E-5,18.183279,0.03798224,0.17366616,0.007353131,0.08330377,0.019292833,0.3609035,0.035757083,0.6836138,0.008737897,0.094869725,0.013028976,0.44185907,0.04686995,null,null,null,null,"TWOGAUSSIANS",8,11.962121,0.6836138,0.008737897,0.4,0.0,0.4285076,0.04038593,0.17366616,0.007353131,0.4,0.0,0.34755298,0.042467285
375316653866487564,3114529516476507392,0.68179303,2182.8690066500767,0.550892281326021,1.20255536E-4,11.856325,0.0010254637,0.6811039,0.005820754,0.051385432,0.0017314769,0.767517,0.07855197,null,null,null,null,null,null,null,null,null,null,"ONEGAUSSIAN",5,29.337606,0.6811039,0.005820754,0.28775844,0.00969627,0.767517,0.0,null,null,null,null,null,null
375316653866487564,3114534086321881472,0.49097618,2136.0666641197395,0.46062757872991594,3.905916E-5,18.112646,0.019391742,0.51340383,0.009153572,0.19410963,0.029198352,0.13382298,0.017793236,0.9430833,0.02948848,0.04707088,0.023344515,0.05785672,0.15024498,null,null,null,null,"TWOGAUSSIANS",8,2.3962913,0.51340383,0.009153572,0.4,0.0,0.12025403,0.00901215,0.9430833,0.02948848,0.26359692,0.13072929,0.057621837,0.1567481
375316653866487564,3114539205922066944,0.6040376,2270.816623846667,2.7828543083823147,1.25956E-5,17.988283,0.013196271,0.25388715,0.0021587978,0.0907844,0.0042813686,0.40828606,0.01461053,0.7548147,0.011279829,0.09090509,0.009771027,0.4120949,0.036101684,null,null,null,null,"TWOGAUSSIANS",8,2.3971581,0.7548147,0.011279829,0.4,0.0,0.39375338,0.032815408,0.25388715,0.0021587978,0.4,0.0,0.38994455,0.01330261
375316653866487564,3114539583879152384,0.62587565,2232.479362905424,2.6733752219623037,1.0882045E-5,18.06751,0.0075975084,0.2543149,0.002803157,0.07533302,0.0026901842,0.6138684,0.023334784,0.75462514,0.0047808187,0.07619693,0.006971903,0.5745557,0.03997865,null,null,null,null,"TWOGAUSSIANS",8,4.050303,0.2543149,0.002803157,0.4,0.0,0.6087693,0.023569219,0.75462514,0.0047808187,0.4,0.008769111,0.5694566,0.041706
