Gaia/vari_eclipsing_binary/VariEclipsingBinary_685272-685295.csv
# %ECSV 1.0
# ---
# delimiter: ','
# meta: !!omap
# - RELEASE: Gaia DR3
# - TABLE: vari_eclipsing_binary
# - DESCRIPTION: >
#     This table describes the properties of the eclipsing binaries resulting from the variability analysis. 
# - CITATION: >
#     How to cite and acknowledge Gaia: 
#     https://gea.esac.esa.int/archive/documentation/credits.html 
# - KNOWN_ISSUES: >
#     Known issues: 
#     https://www.cosmos.esa.int/web/gaia-users/known-issues 
# - DOCUMENTATION: >
#     Tutorials and documentation: 
#     https://www.cosmos.esa.int/web/gaia-users/archive 
# datatype:
# - 
#   name: solution_id
#   datatype: int64
#   description: Solution Identifier
#   meta:
#     ucd: meta.version
# - 
#   name: source_id
#   datatype: int64
#   description: Unique source identifier
#   meta:
#     ucd: meta.id;meta.main
# - 
#   name: global_ranking
#   datatype: float32
#   description: Number between 0 (worst) and 1 (best)
#   meta:
#     ucd: stat.param
# - 
#   name: reference_time
#   datatype: float64
#   unit: d
#   description: Reference time used for the geometric model fit
#   meta:
#     ucd: time.epoch
# - 
#   name: frequency
#   datatype: float64
#   unit: d**-1
#   description: Frequency of geometric model of the eclipsing binary light curve
#   meta:
#     ucd: src.orbital
# - 
#   name: frequency_error
#   datatype: float32
#   unit: d**-1
#   description: "Uncertainty of \\texttt{frequency}"
#   meta:
#     ucd: stat.error
# - 
#   name: geom_model_reference_level
#   datatype: float32
#   unit: mag
#   description: Magnitude reference level of geometric model
#   meta:
#     ucd: phot.mag;em.opt
# - 
#   name: geom_model_reference_level_error
#   datatype: float32
#   unit: mag
#   description: "Uncertainty of \\texttt{geomModelReferenceLevel}"
#   meta:
#     ucd: stat.error;phot.mag;em.opt
# - 
#   name: geom_model_gaussian1_phase
#   datatype: float32
#   description: Phase of the Gaussian 1 component
#   meta:
#     ucd: time.phase
# - 
#   name: geom_model_gaussian1_phase_error
#   datatype: float32
#   description: "Uncertainty of \\texttt{geomModelGaussian1Phase}"
#   meta:
#     ucd: stat.error;time.phase
# - 
#   name: geom_model_gaussian1_sigma
#   datatype: float32
#   description: "Standard deviation [phase] of Gaussian 1 component"
#   meta:
#     ucd: stat.stdev
# - 
#   name: geom_model_gaussian1_sigma_error
#   datatype: float32
#   description: "Uncertainty of \\texttt{geomModelGaussian1Sigma}"
#   meta:
#     ucd: stat.error
# - 
#   name: geom_model_gaussian1_depth
#   datatype: float32
#   unit: mag
#   description: Magnitude depth of Gaussian 1 component
#   meta:
#     ucd: src.var.amplitude
# - 
#   name: geom_model_gaussian1_depth_error
#   datatype: float32
#   unit: mag
#   description: "Uncertainty of \\texttt{geomModelGaussian1Depth}"
#   meta:
#     ucd: stat.error;src.var.amplitude
# - 
#   name: geom_model_gaussian2_phase
#   datatype: float32
#   description: Phase of Gaussian 2 component
#   meta:
#     ucd: time.phase
# - 
#   name: geom_model_gaussian2_phase_error
#   datatype: float32
#   description: "Uncertainty of \\texttt{geomModelGaussian2Phase}"
#   meta:
#     ucd: stat.error;time.phase
# - 
#   name: geom_model_gaussian2_sigma
#   datatype: float32
[...]
#   datatype: float32
#   description: "Secondary eclipse: uncertainty of \\texttt{derivedSecondaryEclDuration}"
#   meta:
#     ucd: stat.error;time.duration
# - 
#   name: derived_secondary_ecl_depth
#   datatype: float32
#   unit: mag
#   description: "Secondary eclipse: depth"
#   meta:
#     ucd: src.var.amplitude
# - 
#   name: derived_secondary_ecl_depth_error
#   datatype: float32
#   unit: mag
#   description: "Secondary eclipse: uncertainty of \\texttt{derivedSecondaryEclDepth}"
#   meta:
#     ucd: stat.error;src.var.amplitude
solution_id,source_id,global_ranking,reference_time,frequency,frequency_error,geom_model_reference_level,geom_model_reference_level_error,geom_model_gaussian1_phase,geom_model_gaussian1_phase_error,geom_model_gaussian1_sigma,geom_model_gaussian1_sigma_error,geom_model_gaussian1_depth,geom_model_gaussian1_depth_error,geom_model_gaussian2_phase,geom_model_gaussian2_phase_error,geom_model_gaussian2_sigma,geom_model_gaussian2_sigma_error,geom_model_gaussian2_depth,geom_model_gaussian2_depth_error,geom_model_cosine_half_period_amplitude,geom_model_cosine_half_period_amplitude_error,geom_model_cosine_half_period_phase,geom_model_cosine_half_period_phase_error,model_type,num_model_parameters,reduced_chi2,derived_primary_ecl_phase,derived_primary_ecl_phase_error,derived_primary_ecl_duration,derived_primary_ecl_duration_error,derived_primary_ecl_depth,derived_primary_ecl_depth_error,derived_secondary_ecl_phase,derived_secondary_ecl_phase_error,derived_secondary_ecl_duration,derived_secondary_ecl_duration_error,derived_secondary_ecl_depth,derived_secondary_ecl_depth_error
[from data line 221]
375316653866487564,6027800099572095104,0.5032579,2224.749141389281,3.261975830990303,3.769321E-5,19.803143,0.010685138,0.26961735,0.005960001,0.04423635,0.007234177,0.6184121,0.15422884,0.76804024,0.019881237,0.09411434,0.020237928,0.17236379,0.06425763,null,null,null,null,"TWOGAUSSIANS",8,2.0540726,0.26961735,0.005960001,0.24772356,0.040511392,0.6177563,0.154678,0.76804024,0.019881237,0.4,0.0,0.1717077,0.0647461
375316653866487564,6027800335796584064,0.58561283,2229.7145371253278,2.438103046259561,8.634727E-6,18.03604,0.007439067,0.25829673,0.0026936666,0.08195105,0.0038582282,0.24477951,0.010167776,0.7570752,0.0026276705,0.08353078,0.0042876075,0.4560725,0.026157264,null,null,null,null,"TWOGAUSSIANS",8,2.9354239,0.7570752,0.0026276705,0.4,0.0,0.44928515,0.027986057,0.25829673,0.0026936666,0.4,0.0,0.23799215,0.009565842
375316653866487564,6027801714483694208,0.5039501,2221.277878702426,2.7073798939285987,2.868613E-5,18.93178,0.038571052,0.24669343,0.005823641,0.108931445,0.015850637,0.29289398,0.03669513,0.74702436,0.004868206,0.107241884,0.012989123,0.29335138,0.037967864,null,null,null,null,"TWOGAUSSIANS",8,3.1005363,0.74702436,0.004868206,0.4,0.0,0.25311062,0.011856692,0.24669343,0.0058299317,0.4,0.0,0.2526488,0.020947967
375316653866487564,6027804738136092288,0.48935115,2223.107918646995,3.258200712745339,2.1704633E-5,19.639818,0.02584266,0.25300747,0.006845993,0.092443325,0.011314402,0.2602486,0.026668448,0.75212306,0.003005509,0.0842283,0.008010407,0.30397657,0.036591306,null,null,null,null,"TWOGAUSSIANS",8,1.9149348,0.75212306,0.003005509,0.4,0.0,0.29392484,0.032280248,0.25300747,0.006845993,0.4,0.0,0.25019664,0.01943382
375316653866487564,6027805734605223040,0.5245015,2212.0077732000354,2.026999729191968,2.3507577E-5,18.154587,0.007565093,0.30536065,0.0021446585,0.07696999,0.0062023937,0.22372077,0.009838039,0.813226,0.008744529,0.109928876,0.014650046,0.115279034,0.0077495053,null,null,null,null,"TWOGAUSSIANS",8,2.767747,0.30536065,0.0021455109,0.4,0.0,0.2164357,0.010809294,0.813226,0.008744529,0.4,0.0,0.10798616,0.007028071
375316653866487564,6027806520549399808,0.5684026,2253.331142760631,2.4786660455327136,1.2375783E-5,16.462988,0.014537563,0.25024974,0.0024209928,0.09614094,0.0062183277,0.2153828,0.013765877,0.7535364,0.005133521,0.10531306,0.010648768,0.2088848,0.014127177,null,null,null,null,"TWOGAUSSIANS",8,9.563552,0.25024974,0.0024201255,0.4,0.0,0.19670753,0.0072604534,0.7535364,0.005133521,0.4,0.0,0.19020475,0.005909862
375316653866487564,6027807727434410240,0.64414716,2247.694796443619,3.7041651224903296,9.56929E-6,17.66836,0.015713733,0.25669852,0.0019641276,0.047108836,0.0052369838,0.39765826,0.08242952,0.75655997,0.0027382458,0.0504199,0.0039676353,0.5912637,0.032028828,0.1226008,0.018679542,0.25669852,0.0019641276,"TWOGAUSSIANS_WITH_ELLIPSOIDAL_ON_ECLIPSE1",9,8.748075,0.75657,0.0025315282,0.28235143,0.022218758,0.8364618,0.023824455,0.25669852,0.0019641276,0.2638095,0.029327108,0.64285654,0.08585018
375316653866487564,6027807864873444096,0.5032459,2245.1509721467487,1.7216465596451371,3.56545E-5,18.6737,0.0119621735,0.29862162,0.005142216,0.10256107,0.010521007,0.19554737,0.013394206,0.8112458,0.011340675,0.09316528,0.012482354,0.15085368,0.016603248,null,null,null,null,"TWOGAUSSIANS",8,2.234451,0.29862162,0.005142216,0.4,0.0,0.18436988,0.013059369,0.8112458,0.011344873,0.4,0.0,0.13967915,0.012546668
375316653866487564,6027807998019311360,0.5260832,2257.879653284218,1.3473716467558439,1.7582239E-5,18.426271,0.0474425,0.25426888,0.0025341401,0.11208335,0.013910193,0.31390193,0.040517528,0.7525208,0.0061429036,0.12516667,0.019303631,0.2473421,0.04779214,null,null,null,null,"TWOGAUSSIANS",8,2.7151048,0.25427887,0.0025370973,0.4,0.0,0.25525877,0.0132010225,0.7525208,0.0061429036,0.4,0.0,0.18855919,0.012025504
375316653866487564,6027808552068239360,0.54881275,2227.951529283482,2.671635056606746,1.1563649E-5,19.572504,0.030532468,0.30671462,0.0027172952,0.07960355,0.0060072085,0.5621407,0.041914735,0.7938244,0.0035950125,0.0804444,0.00702355,0.53486884,0.02868165,null,null,null,null,"TWOGAUSSIANS",8,2.6982312,0.30671462,0.0027172952,0.4,0.0,0.5556838,0.040238604,0.7938244,0.0035950125,0.4,0.0,0.5284119,0.024299456
375316653866487564,6027808826981690880,0.55864537,2216.7154968720274,2.4934705883655637,1.8351102E-5,16.946266,0.016741458,0.3175858,0.0034194654,0.075362556,0.008999958,0.17340335,0.01392369,0.8021999,0.009640867,0.084891774,0.014456605,0.33589467,0.016503902,null,null,null,null,"TWOGAUSSIANS",8,19.567326,0.8021999,0.009640867,0.4,0.0,0.3331161,0.014612455,0.3175858,0.0034194654,0.4,0.0,0.1706248,0.009291206
375316653866487564,6027809308018135680,0.56698495,2220.6884408582728,1.8880975345949957,2.1131718E-5,17.562115,0.010861563,0.17587939,0.0050864914,0.09579951,0.011187736,0.10246726,0.010639176,0.65389615,0.0027777345,0.10894277,0.007900798,0.17348775,0.009921083,null,null,null,null,"TWOGAUSSIANS",8,1.8706241,0.65389615,0.0027777345,0.4,0.0,0.16303061,0.004537966,0.17590939,0.0050947815,0.4,0.0,0.09202293,0.0053381054
375316653866487564,6027809685975290624,0.5331602,2231.9533525462275,2.386771874880631,2.4375184E-5,19.265097,0.019614153,0.15948315,0.004087557,0.08290478,0.006716263,0.34936965,0.02681538,0.64644927,0.0073931017,0.0857778,0.008706178,0.39595386,0.03642935,null,null,null,null,"TWOGAUSSIANS",8,3.8541548,0.64644927,0.0073931017,0.4,0.0,0.38865614,0.03733532,0.15948315,0.004087557,0.4,0.0,0.34207195,0.025696782
375316653866487564,6027810029536008064,0.5000135,2215.1757299829032,1.444838894278745,3.6499114E-5,19.492899,0.0042984197,0.39805174,0.010559444,0.0021384382,0.0030718148,0.4924995,121.441475,0.660861,0.012021792,0.03333223,0.014460321,0.071248166,0.059073377,0.020743048,0.0073325583,0.39805174,0.010559444,"TWOGAUSSIANS_WITH_ELLIPSOIDAL_ON_ECLIPSE1",9,1.183895,0.39805174,0.010559444,0.011975254,0.017202163,0.53398556,121.44151,0.661551,0.012701285,0.18666048,0.08097779,0.07153063,0.05922106
375316653866487564,6027811090394827136,0.4925084,2243.397289554219,2.289699851130738,3.6368365E-5,18.833162,0.0051215887,0.37283278,0.008174949,0.018340362,0.013020406,0.7945331,0.7330615,0.54456687,0.013013209,0.031175947,0.01535447,0.03108223,0.027534205,null,null,null,null,"TWOGAUSSIANS",8,2.747202,0.37283278,0.008174949,0.10270603,0.072914265,0.7945331,0.73306155,0.54456687,0.013013209,0.17458531,0.085985035,0.03108223,0.027534205
375316653866487564,6027811846309280256,0.4468594,2238.3654395252643,2.4429439889218982,9.923126E-5,18.57827,0.012730172,0.22598082,0.010187155,0.07970245,0.014682569,0.095109455,0.013665911,0.74373174,0.019307086,0.10042559,0.026121171,0.103263795,0.015241747,null,null,null,null,"TWOGAUSSIANS",8,3.6480613,0.74373174,0.019307086,0.4,0.0,0.10008624,0.013042152,0.22598082,0.010182476,0.4,0.0,0.091933094,0.008730001
375316653866487564,6027811953682521088,0.52216434,2234.662792575278,2.1725790790423978,2.2963308E-5,19.71031,0.010307092,0.15157753,0.008554444,0.05679831,0.007692409,0.20710354,0.027551025,0.64701706,0.020988321,0.051771652,0.014312517,0.47087297,0.041400734,null,null,null,null,"TWOGAUSSIANS",8,1.6851693,0.64701706,0.020988321,0.28992125,0.08015009,0.4708605,0.04132696,0.15157753,0.008554444,0.31807053,0.04307749,0.2070911,0.02755192
375316653866487564,6027812915755338240,0.51969564,2236.112956680074,1.929068248560887,2.1865593E-5,18.883944,0.009086745,0.33164415,0.003792074,0.08129974,0.0062909843,0.3555566,0.026691265,0.83193976,0.005091117,0.08534354,0.008990277,0.1734384,0.00971441,null,null,null,null,"TWOGAUSSIANS",8,2.0844214,0.33164415,0.003792074,0.4,0.0,0.35017398,0.027915308,0.83193976,0.005091117,0.4,0.0,0.16805577,0.008803191
375316653866487564,6027813117619407360,0.4953759,2246.2798628120972,3.0292157294543416,5.0641782E-5,17.771843,0.024917694,0.20620063,0.0061811395,0.0968252,0.013675723,0.24075995,0.024070106,0.70439434,0.005402078,0.09326347,0.014262071,0.21157354,0.022036975,null,null,null,null,"TWOGAUSSIANS",8,8.124848,0.20620063,0.0061811395,0.4,0.0,0.226903,0.019733565,0.70439434,0.005402078,0.4,0.0,0.19771713,0.016120322
375316653866487564,6027814461943280896,0.5584046,2229.928139219064,2.9398004222323135,1.688576E-5,19.08267,0.011133835,0.18470821,0.004107094,0.08276022,0.004579796,0.42453972,0.012171912,0.67798126,0.0036619988,0.084298275,0.004684164,0.44150692,0.024890287,null,null,null,null,"TWOGAUSSIANS",8,2.223652,0.67798126,0.0036619988,0.4,0.0,0.43280423,0.025048388,0.18470821,0.004107094,0.4,0.0,0.415837,0.009258215
375316653866487564,6027814599386703744,0.47026327,2240.2546543920425,2.3280615319839755,4.218839E-5,19.808405,0.020878255,0.28042787,0.0041240808,0.057712033,0.009330488,0.40865874,0.07284817,0.7397546,0.026446676,0.08821028,0.0203221,0.11117972,0.029304637,null,null,null,null,"TWOGAUSSIANS",8,2.4236324,0.28042787,0.0041240808,0.32318738,0.05225073,0.4082889,0.073303215,0.7397546,0.026446676,0.4,0.0,0.11080971,0.028956471
375316653866487564,6027814908624400640,0.4692974,2225.6038310636604,3.4825809503674505,4.4244425E-5,19.102613,0.0034767312,0.12313292,0.008842377,0.007990788,0.0044250614,0.27780384,0.10885729,0.7624803,0.0106507195,0.035913013,0.021034159,0.09025506,0.014600773,null,null,null,null,"TWOGAUSSIANS",8,1.9612828,0.12313292,0.008842377,0.04474841,0.024780342,0.27780384,0.10885729,0.7624803,0.0106507195,0.20111288,0.117791295,0.09025506,0.014600773
375316653866487564,6027815046063483520,0.52107257,2249.539808895632,0.8678390114568882,1.4914402E-5,19.404476,0.0066545093,0.26567376,0.015381499,0.03257071,0.0065532676,1.0570316,0.55191934,0.7611347,0.0451508,0.06274888,0.03648774,0.06613079,0.61519897,null,null,null,null,"TWOGAUSSIANS",8,2.979753,0.26567376,0.015381499,0.18239596,0.0366983,1.0570314,0.55191934,0.7611347,0.0451508,0.35139373,0.2019077,0.066130534,0.6151993
375316653866487564,6027817176398846464,0.4758924,2219.7114464056845,4.119995649561119,2.7548735E-5,19.217846,0.52101403,0.16437112,0.007185518,0.12514174,0.039170373,0.3665106,0.36409461,0.6704348,0.00577815,0.17659514,0.13766693,0.33347863,0.5136551,null,null,null,null,"TWOGAUSSIANS",8,1.8720585,0.16357112,0.006688406,0.4,0.0,0.2131808,0.014269074,0.6705748,0.0058049955,0.4,0.0,0.16823141,0.013180644
375316653866487564,6027817760478304128,0.47582597,2227.9459342969185,0.9150715177517655,1.9046084E-4,19.222433,0.6047503,0.25054097,0.018306535,0.16841254,0.17797254,0.25903717,0.601604,0.72371453,0.012304427,0.113029905,0.02694455,0.4200504,0.31169912,null,null,null,null,"TWOGAUSSIANS",8,3.9967263,0.72371453,0.012304427,0.4,0.0,0.3236004,0.028336326,0.250771,0.01777108,0.4,0.0,0.15571544,0.024858149
375316653866487564,6027818241519501312,0.4592556,2235.8363561444457,0.5149469714126723,5.8771973E-5,18.587324,0.017597875,0.48802224,0.019775065,0.050378237,0.019571071,0.35637194,0.92438763,0.8562183,0.012396522,0.058955017,0.007963961,0.077213384,0.023825236,null,null,null,null,"TWOGAUSSIANS",8,9.648443,0.48802224,0.019775065,0.2821181,0.109598,0.35637194,0.92438763,0.8562183,0.012396522,0.3301481,0.04459818,0.07721336,0.023824899
375316653866487564,6027819581549931008,0.5518761,2222.9556997270856,3.874020005416545,1.2980244E-5,19.715494,0.019789957,0.32705605,0.004160433,0.07477216,0.0046114847,0.6423914,0.036044616,0.81277376,0.0027213637,0.08191797,0.0069456003,0.49620444,0.043099005,null,null,null,null,"TWOGAUSSIANS",8,1.3085161,0.32705605,0.004160433,0.4,0.0,0.6372647,0.035499793,0.81277376,0.0027213637,0.4,0.0,0.49107772,0.044451796
375316653866487564,6027819680330443264,0.48974252,2230.4635961716654,0.29662639017149645,2.2266054E-4,18.374035,0.0025109916,0.5218394,0.024906628,0.015722131,0.019067759,0.29463547,0.25760725,0.78913796,0.0062803775,0.02520871,0.0047050472,0.029730689,0.008467909,null,null,null,null,"TWOGAUSSIANS",8,2.12555,0.5218394,0.024906628,0.08804393,0.10677945,0.29463547,0.25760725,0.78913796,0.0062803775,0.14116877,0.026348265,0.029730689,0.008467909
375316653866487564,6027819856427525120,0.5723576,2241.7165629747956,0.4988058579325075,5.16002E-5,19.306278,0.006083124,0.23321688,0.0017962885,0.030193418,0.0027031186,1.2899113,0.31200662,0.74415296,0.0011636617,0.019505383,0.012354226,0.2059411,0.67776555,0.03145425,0.008554789,0.23321688,0.0017962885,"TWOGAUSSIANS_WITH_ELLIPSOIDAL_ON_ECLIPSE1",9,2.0107913,0.23321688,0.0017962885,0.16908313,0.015137465,1.3528196,0.31700045,0.74415296,0.0011636617,0.109230146,0.06918366,0.2685529,0.69200253
375316653866487564,6027820440543202432,0.41487738,2210.8108909837433,0.07375513419650254,8.426174E-5,18.62959,0.008393331,0.49341068,0.04783027,0.038286056,0.051306233,0.20917556,455.2492,0.30399334,0.122336246,0.038106225,0.022836355,0.012228223,0.11978386,null,null,null,null,"TWOGAUSSIANS",8,10.120878,0.49341068,0.04783027,0.21440192,0.28731492,0.2091756,455.2503,0.30401334,0.12232574,0.21339487,0.12788358,0.012229236,0.11978294
375316653866487564,6027820951640305408,0.46664497,2239.467920885849,1.7776357140786854,1.8496434E-5,18.334158,0.016278815,0.21783593,0.029429108,0.09624687,0.07821733,0.05083019,0.026272027,0.70936835,0.004623976,0.08950305,0.016982555,0.10517938,0.016075984,null,null,null,null,"TWOGAUSSIANS",8,2.3444076,0.70936835,0.004623976,0.4,0.0,0.101817615,0.011509221,0.21783593,0.029429108,0.4,0.1777078,0.047468316,0.031590216
375316653866487564,6027820990330048256,0.4894056,2218.85051004552,2.4442545782470377,4.5612203E-5,17.329575,0.44758976,0.23968832,0.007849681,0.13613665,0.09062561,0.22657543,0.43181366,0.73264134,0.0063062427,0.12916803,0.06251588,0.22797683,0.38335958,null,null,null,null,"TWOGAUSSIANS",8,12.829534,0.73264134,0.0063062427,0.4,0.0,0.15537663,0.009536412,0.23981832,0.007369229,0.4,0.0,0.15369247,0.014293107
375316653866487564,6027821471330658944,0.45952743,2218.486581396784,2.617801803512352,4.7794412E-5,19.015966,0.5016163,0.2711182,0.009652012,0.1938232,0.07726811,0.56334835,0.49504557,0.7693143,0.0050034937,0.14742455,0.041577198,0.5466623,0.41854286,null,null,null,null,"TWOGAUSSIANS",8,3.1496289,0.7693143,0.0050034937,0.4,0.0,0.21520288,0.013547896,0.27134818,0.009672271,0.4,0.0,0.19492407,0.013426766
375316653866487564,6027821913715238272,0.5288906,2230.0118757370183,2.9607840546472066,3.7523438E-5,18.79439,0.012035399,0.22378185,0.006487472,0.06340082,0.0058100275,0.274872,0.027065685,0.7114143,0.0017817834,0.046546098,0.0031680206,0.6281417,0.030716948,null,null,null,null,"TWOGAUSSIANS",8,10.5311165,0.7114143,0.0017817834,0.26065814,0.017740916,0.628127,0.03072234,0.22378185,0.006487472,0.3550446,0.032536153,0.27485725,0.027063413
375316653866487564,6027822192891072128,0.47697502,2242.1258450774226,2.4195689063746806,4.990399E-4,18.350113,0.00791694,0.24119198,0.019673157,0.12107836,0.018753717,0.0750022,0.00556193,0.50217015,0.01655791,0.036455832,0.09783063,0.06731857,0.06181561,null,null,null,null,"TWOGAUSSIANS",8,1.7365518,0.24119198,0.011820507,0.4,0.0,0.07497248,0.0058082864,0.50217015,0.01655791,0.20415266,0.26203308,0.07463766,0.06564126
375316653866487564,6027824735511699968,0.5754254,2193.6383179504037,3.3917546525524456,6.1728447E-6,18.72999,0.008400991,0.26882756,0.0019122523,0.07130402,0.0029510455,0.44636244,0.018135658,0.75893366,0.0037646142,0.07560619,0.0030548666,0.4789363,0.016739385,null,null,null,null,"TWOGAUSSIANS",8,2.634678,0.75893366,0.0037646142,0.4,0.0,0.47669482,0.016512858,0.26882756,0.0019122523,0.39930254,0.010102035,0.44412097,0.01828453
375316653866487564,6027825762006110976,0.54419035,2215.0847249908406,1.816945711153652,2.3962788E-5,18.612587,0.021066384,0.26544088,0.0035761367,0.08254679,0.0076921475,0.35615107,0.021185517,0.773505,0.011620434,0.12530366,0.02306121,0.1571498,0.021566983,null,null,null,null,"TWOGAUSSIANS",8,3.118213,0.26542088,0.0035739236,0.4,0.0,0.33553135,0.019494975,0.773505,0.011620434,0.4,0.0,0.13641708,0.0106155835
