Gaia/vari_eclipsing_binary/VariEclipsingBinary_665249-665269.csv
# %ECSV 1.0
# ---
# delimiter: ','
# meta: !!omap
# - RELEASE: Gaia DR3
# - TABLE: vari_eclipsing_binary
# - DESCRIPTION: >
#     This table describes the properties of the eclipsing binaries resulting from the variability analysis. 
# - CITATION: >
#     How to cite and acknowledge Gaia: 
#     https://gea.esac.esa.int/archive/documentation/credits.html 
# - KNOWN_ISSUES: >
#     Known issues: 
#     https://www.cosmos.esa.int/web/gaia-users/known-issues 
# - DOCUMENTATION: >
#     Tutorials and documentation: 
#     https://www.cosmos.esa.int/web/gaia-users/archive 
# datatype:
# - 
#   name: solution_id
#   datatype: int64
#   description: Solution Identifier
#   meta:
#     ucd: meta.version
# - 
#   name: source_id
#   datatype: int64
#   description: Unique source identifier
#   meta:
#     ucd: meta.id;meta.main
# - 
#   name: global_ranking
#   datatype: float32
#   description: Number between 0 (worst) and 1 (best)
#   meta:
#     ucd: stat.param
# - 
#   name: reference_time
#   datatype: float64
#   unit: d
#   description: Reference time used for the geometric model fit
#   meta:
#     ucd: time.epoch
# - 
#   name: frequency
#   datatype: float64
#   unit: d**-1
#   description: Frequency of geometric model of the eclipsing binary light curve
#   meta:
#     ucd: src.orbital
# - 
#   name: frequency_error
#   datatype: float32
#   unit: d**-1
#   description: "Uncertainty of \\texttt{frequency}"
#   meta:
#     ucd: stat.error
# - 
#   name: geom_model_reference_level
#   datatype: float32
#   unit: mag
#   description: Magnitude reference level of geometric model
#   meta:
#     ucd: phot.mag;em.opt
# - 
#   name: geom_model_reference_level_error
#   datatype: float32
#   unit: mag
#   description: "Uncertainty of \\texttt{geomModelReferenceLevel}"
#   meta:
#     ucd: stat.error;phot.mag;em.opt
# - 
#   name: geom_model_gaussian1_phase
#   datatype: float32
#   description: Phase of the Gaussian 1 component
#   meta:
#     ucd: time.phase
# - 
#   name: geom_model_gaussian1_phase_error
#   datatype: float32
#   description: "Uncertainty of \\texttt{geomModelGaussian1Phase}"
#   meta:
#     ucd: stat.error;time.phase
# - 
#   name: geom_model_gaussian1_sigma
#   datatype: float32
#   description: "Standard deviation [phase] of Gaussian 1 component"
#   meta:
#     ucd: stat.stdev
# - 
#   name: geom_model_gaussian1_sigma_error
#   datatype: float32
#   description: "Uncertainty of \\texttt{geomModelGaussian1Sigma}"
#   meta:
#     ucd: stat.error
# - 
#   name: geom_model_gaussian1_depth
#   datatype: float32
#   unit: mag
#   description: Magnitude depth of Gaussian 1 component
#   meta:
#     ucd: src.var.amplitude
# - 
#   name: geom_model_gaussian1_depth_error
#   datatype: float32
#   unit: mag
#   description: "Uncertainty of \\texttt{geomModelGaussian1Depth}"
#   meta:
#     ucd: stat.error;src.var.amplitude
# - 
#   name: geom_model_gaussian2_phase
#   datatype: float32
#   description: Phase of Gaussian 2 component
#   meta:
#     ucd: time.phase
# - 
#   name: geom_model_gaussian2_phase_error
#   datatype: float32
#   description: "Uncertainty of \\texttt{geomModelGaussian2Phase}"
#   meta:
#     ucd: stat.error;time.phase
# - 
#   name: geom_model_gaussian2_sigma
#   datatype: float32
[...]
#   datatype: float32
#   description: "Secondary eclipse: uncertainty of \\texttt{derivedSecondaryEclDuration}"
#   meta:
#     ucd: stat.error;time.duration
# - 
#   name: derived_secondary_ecl_depth
#   datatype: float32
#   unit: mag
#   description: "Secondary eclipse: depth"
#   meta:
#     ucd: src.var.amplitude
# - 
#   name: derived_secondary_ecl_depth_error
#   datatype: float32
#   unit: mag
#   description: "Secondary eclipse: uncertainty of \\texttt{derivedSecondaryEclDepth}"
#   meta:
#     ucd: stat.error;src.var.amplitude
solution_id,source_id,global_ranking,reference_time,frequency,frequency_error,geom_model_reference_level,geom_model_reference_level_error,geom_model_gaussian1_phase,geom_model_gaussian1_phase_error,geom_model_gaussian1_sigma,geom_model_gaussian1_sigma_error,geom_model_gaussian1_depth,geom_model_gaussian1_depth_error,geom_model_gaussian2_phase,geom_model_gaussian2_phase_error,geom_model_gaussian2_sigma,geom_model_gaussian2_sigma_error,geom_model_gaussian2_depth,geom_model_gaussian2_depth_error,geom_model_cosine_half_period_amplitude,geom_model_cosine_half_period_amplitude_error,geom_model_cosine_half_period_phase,geom_model_cosine_half_period_phase_error,model_type,num_model_parameters,reduced_chi2,derived_primary_ecl_phase,derived_primary_ecl_phase_error,derived_primary_ecl_duration,derived_primary_ecl_duration_error,derived_primary_ecl_depth,derived_primary_ecl_depth_error,derived_secondary_ecl_phase,derived_secondary_ecl_phase_error,derived_secondary_ecl_duration,derived_secondary_ecl_duration_error,derived_secondary_ecl_depth,derived_secondary_ecl_depth_error
[from data line 366]
375316653866487564,5851688401634792320,0.49306744,2232.0582119694154,0.16735005294136035,5.5684624E-5,16.222195,0.0022445591,0.08682044,0.009798736,0.02342395,0.007613701,0.35771418,0.08840879,null,null,null,null,null,null,null,null,null,null,"ONEGAUSSIAN",5,72.41501,0.08682044,0.009798736,0.13117412,0.042636726,0.35771418,0.0,null,null,null,null,null,null
375316653866487564,5851688637835958656,0.6598961,2247.9031143509005,1.7535858880755406,3.488678E-6,15.559632,0.0049577784,0.2881032,0.0015952316,0.052594602,0.004314622,0.11027186,0.015173511,0.79162955,0.0028644705,0.061039377,0.0030154216,0.21285297,0.011424706,0.08741327,0.0062061553,0.2881032,0.0015952316,"TWOGAUSSIANS_WITH_ELLIPSOIDAL_ON_ECLIPSE1",9,10.072746,0.79162955,0.0028644705,0.3418205,0.016886361,0.3875533,0.0037497072,0.2881032,0.0015952316,0.29452977,0.024161883,0.285058,0.009722115
375316653866487564,5851688843987712384,0.4857001,2170.0320042964413,1.5342456435209915,1.793977E-5,18.81326,0.006620608,0.19710384,0.12533188,0.06992798,0.09840551,0.02787482,0.0140279895,0.6661017,0.009462326,0.00934324,0.01595187,0.014106536,4.1072368E7,0.06335968,0.01036334,0.6661017,0.009462326,"TWOGAUSSIANS_WITH_ELLIPSOIDAL_ON_ECLIPSE2",9,2.2454274,0.17708384,0.017516362,0.39159673,0.08691382,0.15286373,0.015202552,0.6661017,0.009462326,0.05232215,0.089330465,0.14081712,4.1072368E7
375316653866487564,5851688951391277056,0.57824916,2198.1449738179977,3.0247671186532576,1.4247178E-5,10.852763,0.050703213,0.2615805,0.0046440437,0.048006065,0.023268847,0.13216466,0.10113155,0.75029826,0.0059603434,0.054826226,0.021939777,0.19837096,0.101073764,0.09146491,0.059979744,0.2615805,0.0046440437,"TWOGAUSSIANS_WITH_ELLIPSOIDAL_ON_ECLIPSE1",9,565.8002,0.75231826,0.0046756146,0.30702686,0.12286275,0.38054356,0.023436004,0.2615805,0.0046440437,0.26883397,0.13030554,0.31509072,0.03172609
375316653866487564,5851688985725932160,0.5928998,2177.7815427019764,3.1478714847517524,6.484789E-6,18.220108,0.009274852,0.28077197,0.0015894084,0.048011765,0.002999609,0.39249215,0.021731498,0.78412527,0.004156137,0.04027121,0.0041179676,0.3458208,0.024628371,0.15689072,0.01252938,0.28077197,0.0015894084,"TWOGAUSSIANS_WITH_ELLIPSOIDAL_ON_ECLIPSE1",9,6.0813317,0.28077197,0.0015894084,0.26886588,0.01679781,0.7062723,0.015095754,0.78412527,0.0041301227,0.22551878,0.023060618,0.65946174,0.011730386
375316653866487564,5851689054445446912,0.573285,2207.1056878617806,1.7125759530241063,4.666989E-6,19.006413,0.00553728,0.31329525,0.0022606067,0.038767897,0.0015211091,0.65313363,0.036505736,0.80529296,0.0013493191,0.03919269,0.0013739336,0.5809563,0.021041874,null,null,null,null,"TWOGAUSSIANS",8,3.983237,0.31329525,0.0022606067,0.21710022,0.008518211,0.65313363,0.036505736,0.80529296,0.0013493191,0.21947907,0.007694028,0.5809563,0.021041874
375316653866487564,5851689191884388736,0.49348226,2208.2749194003236,1.1929297255703477,3.4718978E-5,18.887108,0.0045372434,0.16440009,0.024713956,0.03613861,0.009385155,0.23243093,0.11709545,0.6582375,0.003147893,0.033661447,0.0031047922,0.3338251,0.053436216,null,null,null,null,"TWOGAUSSIANS",8,2.4859855,0.6582375,0.003147893,0.1885041,0.017386837,0.3338251,0.053436216,0.16440009,0.024713956,0.20237622,0.05255687,0.23243093,0.11709545
375316653866487564,5851689221915694720,0.52443594,2195.4159948381566,0.8544529081506536,2.9275403E-5,17.774258,0.004063714,0.21595807,0.006417135,0.046838064,0.0091918325,0.07151441,0.008675235,0.6961129,0.005178533,0.045723107,0.0083077215,0.41034868,0.06212809,null,null,null,null,"TWOGAUSSIANS",8,8.357463,0.6961129,0.005178533,0.2560494,0.04652324,0.41034865,0.062128283,0.21595807,0.006417135,0.26229316,0.051474262,0.07151436,0.008675253
375316653866487564,5851689398071927808,0.5518563,2207.4658992344634,2.4891407921243083,1.9184132E-5,19.812742,0.010146957,0.2570927,0.006545828,0.06862921,0.005872428,0.60344285,0.07205351,0.7535808,0.0028104996,0.068755776,0.004148965,0.5995981,0.035227872,null,null,null,null,"TWOGAUSSIANS",8,2.2134593,0.2570927,0.006545828,0.38432357,0.02453817,0.6019851,0.072850674,0.7535808,0.0028104996,0.38503236,0.023234203,0.59814036,0.035600673
375316653866487564,5851689874750846080,0.51585066,2220.3915965105766,2.471159869794593,1.4542394E-5,17.808767,0.010352255,0.29641792,0.0060767466,0.09712773,0.008249329,0.18118055,0.012651279,0.7805458,0.004472347,0.101819806,0.009287424,0.13875689,0.010207602,null,null,null,null,"TWOGAUSSIANS",8,3.9715927,0.29641792,0.00607996,0.4,0.0,0.17024831,0.010242132,0.7805458,0.004472347,0.4,0.0,0.12782344,0.0070389216
375316653866487564,5851690085262677632,0.5983229,2216.508533587923,1.5733100406614255,4.242033E-6,17.595823,0.0026944112,0.21375787,0.0012091895,0.086390086,0.002082306,0.25470406,0.0040036957,0.7088693,0.0023005675,0.08105167,0.002199795,0.2893837,0.010082454,null,null,null,null,"TWOGAUSSIANS",8,2.0924802,0.7088693,0.0023005675,0.4,0.0,0.28364077,0.010407179,0.21375787,0.0012091895,0.4,0.0,0.2489611,0.004067121
375316653866487564,5851690669353580800,0.5196378,2204.3940939484182,2.214932182365263,5.775993E-6,17.06081,0.11227313,0.30037525,0.0036271643,0.2312176,0.02429472,0.8489349,0.11525648,0.79911095,0.0024649794,0.1582557,0.009578545,0.7102895,0.07095719,null,null,null,null,"TWOGAUSSIANS",8,5.1871157,0.79911095,0.0024649794,0.4,0.0,0.19575979,0.0055946806,0.30072525,0.0039975117,0.4,0.0,0.18034661,0.0105172815
375316653866487564,5851690703713267072,0.42327836,2204.5222420656673,0.3005809329822853,4.7259975E-5,19.744072,0.12908293,0.21741346,0.019455023,0.14244573,0.13414493,0.16645434,0.09828916,0.6501966,0.0059344224,0.028106797,0.013847918,0.34026283,0.07795115,null,null,null,null,"TWOGAUSSIANS",8,4.8192077,0.6501966,0.0059344224,0.15739807,0.07754835,0.3407305,0.07911071,0.21741346,0.019455023,0.4,0.0,0.16521446,0.06524506
375316653866487564,5851690738073117312,0.5632683,2199.373990087366,2.7236094678575746,9.0372505E-6,18.989044,0.0068671415,0.31420055,0.0043509207,0.07088575,0.0034015179,0.44711295,0.022700833,0.79292685,0.0035682693,0.07640331,0.0035226257,0.39650017,0.0115716485,null,null,null,null,"TWOGAUSSIANS",8,1.8945992,0.31420055,0.0043509207,0.39696017,0.013353252,0.44551322,0.022731438,0.79292685,0.0035682693,0.4,0.0,0.39490044,0.011180434
375316653866487564,5851690738097854080,0.4908569,2205.07491268071,1.4698865559246457,1.3615694E-5,18.54174,0.01730439,0.22473003,0.0056901136,0.068791695,0.008886354,0.3477902,0.026448213,0.7297159,0.013161566,0.0718611,0.025204338,0.22056498,0.04327869,null,null,null,null,"TWOGAUSSIANS",8,15.705898,0.22473003,0.0056901136,0.3852335,0.043838814,0.34691706,0.026290048,0.7297159,0.013161566,0.4,0.07618887,0.21969183,0.045245077
375316653866487564,5851690772432751232,0.53720886,2205.4210853984396,2.875346832188446,1.3332539E-5,18.767586,0.014168226,0.20083381,0.0041513103,0.090112455,0.006833627,0.32311484,0.017582247,0.70372564,0.0042856936,0.0924153,0.0066165496,0.27969435,0.016919406,null,null,null,null,"TWOGAUSSIANS",8,2.6520536,0.20083381,0.0041513103,0.4,0.0,0.3096239,0.015127919,0.70372564,0.0042856936,0.4,0.0,0.26620328,0.014344909
375316653866487564,5851691111701449216,0.51241475,2205.253083941985,0.9067264987563486,8.8297E-6,18.240448,0.0032058202,0.2512872,0.008548199,0.028920699,0.0058127805,0.051737413,0.038691662,0.7360094,0.002172815,0.031220995,0.003254424,0.13723437,0.007824588,0.018462025,0.0047129714,0.2512872,0.008548199,"TWOGAUSSIANS_WITH_ELLIPSOIDAL_ON_ECLIPSE1",9,2.2852252,0.7363194,0.0020940728,0.17483757,0.018224776,0.17382598,0.005043696,0.2512872,0.008548199,0.16195592,0.03255157,0.088661395,0.0363213
375316653866487564,5851691219134128896,0.51955897,2215.4053115012866,2.900578990264754,1.2388458E-5,17.834034,0.0058564874,0.24970062,0.0031727517,0.087304845,0.004996014,0.20198785,0.009288618,0.7623667,0.0072295945,0.08461337,0.0073378556,0.18185355,0.00748049,null,null,null,null,"TWOGAUSSIANS",8,6.4617,0.24970062,0.0031727517,0.4,0.0,0.19749163,0.009255779,0.7623667,0.0072295945,0.4,0.0,0.17735736,0.0066778273
375316653866487564,5851691287857586304,0.47538614,2201.2135406652746,2.5083118282746186,1.2439554E-5,19.384336,0.017133867,0.2506782,0.0064419257,0.06079856,0.008749808,0.31821227,0.04512136,0.7422092,0.0047033136,0.05390682,0.0077496897,0.4027402,0.05066918,null,null,null,null,"TWOGAUSSIANS",8,5.359742,0.7422092,0.0047033136,0.30187818,0.04339826,0.40270185,0.05069563,0.2506782,0.0064419257,0.34047192,0.048998926,0.31817392,0.045134537
375316653866487564,5851691597095229056,0.45341557,2159.7836502386626,0.266245213143359,5.416511E-5,19.679655,0.030506175,0.3907215,0.013122516,0.010924387,0.0038536552,0.15931374,0.4716689,0.74388206,8.43095E-4,0.0048670107,0.0014263149,0.8983291,4.1655602,0.05655598,0.056414936,0.3907215,0.013122516,"TWOGAUSSIANS_WITH_ELLIPSOIDAL_ON_ECLIPSE1",9,9.635547,0.743902,8.469163E-4,0.02725526,0.007987363,0.9395639,4.1661525,0.3907215,0.013122516,0.06117657,0.021580469,0.27242568,0.51635814
375316653866487564,5851691631451063040,0.5881736,2228.231700607368,3.519451974816034,1.0134808E-6,15.778277,7.751533E-4,0.7458172,3.988498E-5,0.003272975,1.9645677E-5,0.3760479,0.0023029605,null,null,null,null,null,null,null,null,null,null,"ONEGAUSSIAN",5,6.277745,0.7458172,3.988498E-5,0.018328661,1.1001578E-4,0.3760479,0.0,null,null,null,null,null,null
375316653866487564,5851692417400103296,0.5051771,2182.8210840231222,0.2921358538142006,2.0875872E-5,19.20979,0.0047762003,0.050276637,0.040243838,0.029906863,0.03195783,0.03356338,0.4478033,0.4138497,0.0022603,0.017206717,0.0016321687,0.3716368,0.040457983,null,null,null,null,"TWOGAUSSIANS",8,2.6472268,0.4138497,0.0022603,0.096357614,0.009140144,0.3716368,0.040457983,0.050276637,0.040243838,0.16747843,0.17896385,0.03356338,0.4478033
375316653866487564,5851692795363229568,0.48963547,2196.108695521186,2.650687158110335,1.7210547E-5,19.23297,0.01357262,0.24382442,0.010199005,0.087601416,0.01128285,0.17083979,0.018756079,0.7537554,0.0032736263,0.09165443,0.009954214,0.21867944,0.010911761,null,null,null,null,"TWOGAUSSIANS",8,2.4081526,0.7537554,0.0032736263,0.4,0.0,0.21190646,0.008766886,0.24382442,0.010199005,0.4,0.0,0.16406694,0.017318476
375316653866487564,5851692829688847104,0.6044607,2232.6230352462326,2.731385240085774,4.5394318E-6,16.989029,0.0049014515,0.2814388,0.0010401694,0.08727976,0.0019243121,0.27307656,0.005055224,0.78191453,0.0023550747,0.08940305,0.0031714903,0.25575,0.0062209438,null,null,null,null,"TWOGAUSSIANS",8,4.642699,0.2814388,0.0010401694,0.4,0.0,0.26351586,0.0037791163,0.78191453,0.0023550747,0.4,0.0,0.24618925,0.0055464767
375316653866487564,5851692868377602432,0.4584788,2236.743040356687,2.7022255800125183,2.995894E-5,18.561636,0.014805268,0.26336345,0.00901589,0.1048326,0.017318435,0.1332842,0.016117739,0.75033355,0.007007745,0.074313305,0.016530601,0.13506468,0.01460814,null,null,null,null,"TWOGAUSSIANS",8,5.0520024,0.75033355,0.007007745,0.4,0.0069314926,0.13070193,0.014755078,0.26336345,0.00901589,0.4,0.0,0.12891786,0.014271041
375316653866487564,5851693074536063744,0.5125945,2212.2274543781177,3.652964514506835,8.563924E-6,19.112165,0.01791674,0.18021955,0.005732064,0.10992376,0.007945236,0.28813937,0.021550423,0.6938595,0.0032727348,0.09712701,0.0076755397,0.3723087,0.016902814,null,null,null,null,"TWOGAUSSIANS",8,2.086793,0.69386953,0.0032794182,0.4,0.0,0.3425338,0.014637762,0.18021955,0.0057304455,0.4,0.0,0.25834474,0.014098395
375316653866487564,5851694964345818368,0.45434314,2257.331808659667,0.01617870970457865,6.1432406E-6,19.74113,0.013129033,0.40834442,0.007288787,0.010645842,0.0020764654,2.9859357,4.6833715,0.7926254,0.037296634,0.007365659,0.021168292,0.73221385,29.34858,null,null,null,null,"TWOGAUSSIANS",8,6.635959,0.40834442,0.007288787,0.059616715,0.011628206,2.9859357,4.6833715,0.7926254,0.037296634,0.041247692,0.11854243,0.73221385,29.34858
375316653866487564,5851695170504258560,0.5789206,2222.1618358446526,0.2142322226333531,2.6745935E-5,17.68009,0.0031005763,0.65439415,0.018085215,0.013616592,0.006057114,0.52526766,0.83709216,0.82868326,0.05020428,0.06772957,0.054637834,0.010451287,0.009207929,null,null,null,null,"TWOGAUSSIANS",8,4.172141,0.65440416,0.018090507,0.076252915,0.033919837,0.5256489,0.83687586,0.82868326,0.05020428,0.3792856,0.30008763,0.010451287,0.009207929
375316653866487564,5851695376662757248,0.61477077,2201.1593937860234,2.620928736167954,3.9658116E-6,15.298234,0.02580364,0.2294725,0.0016954858,0.06094783,0.005960478,0.3609266,0.049451943,0.73070866,0.004027506,0.06943667,0.005540978,0.3735465,0.052889783,0.07498395,0.027293762,0.2294725,0.0016954858,"TWOGAUSSIANS_WITH_ELLIPSOIDAL_ON_ECLIPSE1",9,82.63019,0.73070866,0.00376588,0.38884535,0.031029478,0.52290684,0.009508187,0.2294725,0.0016954858,0.34130785,0.03337868,0.510296,0.015248147
375316653866487564,5851695548437127296,0.49721444,2179.361240199346,2.0696554412096133,1.5427113E-5,18.96893,0.010904722,0.33416507,0.005468622,0.09004138,0.0089224335,0.1672076,0.011941851,0.82073313,0.007582062,0.10042121,0.010596909,0.14754717,0.012090374,null,null,null,null,"TWOGAUSSIANS",8,1.3209317,0.33416507,0.0054671955,0.4,0.0,0.15895678,0.008737925,0.82073313,0.007582062,0.4,0.0,0.13929495,0.00799947
375316653866487564,5851696368742075264,0.6221278,2233.2917130482824,2.406301972056774,3.020536E-6,17.594963,0.0069718165,0.29042614,0.0013340105,0.054893177,0.002438532,0.30037013,0.015957491,0.7898756,0.0021287424,0.04817293,0.002935212,0.2293336,0.016444804,0.100424364,0.009537316,0.29042614,0.0013340105,"TWOGAUSSIANS_WITH_ELLIPSOIDAL_ON_ECLIPSE1",9,4.8074794,0.29042614,0.0013340105,0.3074018,0.013655779,0.5012091,0.008377962,0.7899556,0.0019182748,0.2697684,0.016437188,0.43017048,0.0074097756
375316653866487564,5851696574933875456,0.59034723,2206.4437305264887,2.3587733467348313,5.0176045E-6,18.55131,0.008370935,0.2864149,0.0015926041,0.091735594,0.0025594088,0.41982985,0.010827404,0.7864512,0.0016667809,0.09465667,0.0035570057,0.38315997,0.0093850745,null,null,null,null,"TWOGAUSSIANS",8,2.3165896,0.2864149,0.0015926041,0.4,0.0,0.39790255,0.009629881,0.7864512,0.0016667809,0.4,0.0,0.36123228,0.009854736
375316653866487564,5851696987250678912,0.44040883,2240.9489030197324,2.0667560352929395,5.0390725E-5,18.823242,0.006598211,0.7261487,0.008216518,0.015349774,0.011026897,0.04563303,0.023531985,null,null,null,null,null,null,0.07042734,0.009113145,0.7261487,0.008216518,"ONEGAUSSIAN_WITH_ELLIPSOIDAL",6,10.637966,0.7261487,0.008216518,0.085958734,0.06175062,0.18648756,0.022385944,null,null,null,null,null,null
375316653866487564,5851697369503748608,0.50415,2232.805604068808,3.3976667915800465,1.1538083E-5,18.440151,0.011344667,0.19422355,0.012733432,0.03020834,0.019822065,0.08402175,0.020100633,0.7440802,0.010695307,0.029762352,0.02256605,0.06257483,0.051266577,0.06908607,0.014740879,0.7440802,0.010695307,"TWOGAUSSIANS_WITH_ELLIPSOIDAL_ON_ECLIPSE2",9,5.1726904,0.19932355,0.014739158,0.1691667,0.11100356,0.21036306,0.011978198,0.7440802,0.010695307,0.16666916,0.12636988,0.20074692,0.045558408
375316653866487564,5851697506942775808,0.47147113,2187.4047326833684,0.1188698781202649,7.890582E-5,19.181585,0.0044049853,0.22191817,0.008539653,0.019756112,0.017489323,0.43802413,0.3706272,0.62677187,0.017609095,0.014409621,0.015549617,0.14642523,41.332973,null,null,null,null,"TWOGAUSSIANS",8,1.7417223,0.22191817,0.008539653,0.11063423,0.097940214,0.43802413,0.3706272,0.62677187,0.017609095,0.08069388,0.087077856,0.14642523,41.332973
