Gaia/vari_eclipsing_binary/VariEclipsingBinary_483776-483798.csv
# %ECSV 1.0
# ---
# delimiter: ','
# meta: !!omap
# - RELEASE: Gaia DR3
# - TABLE: vari_eclipsing_binary
# - DESCRIPTION: >
#     This table describes the properties of the eclipsing binaries resulting from the variability analysis. 
# - CITATION: >
#     How to cite and acknowledge Gaia: 
#     https://gea.esac.esa.int/archive/documentation/credits.html 
# - KNOWN_ISSUES: >
#     Known issues: 
#     https://www.cosmos.esa.int/web/gaia-users/known-issues 
# - DOCUMENTATION: >
#     Tutorials and documentation: 
#     https://www.cosmos.esa.int/web/gaia-users/archive 
# datatype:
# - 
#   name: solution_id
#   datatype: int64
#   description: Solution Identifier
#   meta:
#     ucd: meta.version
# - 
#   name: source_id
#   datatype: int64
#   description: Unique source identifier
#   meta:
#     ucd: meta.id;meta.main
# - 
#   name: global_ranking
#   datatype: float32
#   description: Number between 0 (worst) and 1 (best)
#   meta:
#     ucd: stat.param
# - 
#   name: reference_time
#   datatype: float64
#   unit: d
#   description: Reference time used for the geometric model fit
#   meta:
#     ucd: time.epoch
# - 
#   name: frequency
#   datatype: float64
#   unit: d**-1
#   description: Frequency of geometric model of the eclipsing binary light curve
#   meta:
#     ucd: src.orbital
# - 
#   name: frequency_error
#   datatype: float32
#   unit: d**-1
#   description: "Uncertainty of \\texttt{frequency}"
#   meta:
#     ucd: stat.error
# - 
#   name: geom_model_reference_level
#   datatype: float32
#   unit: mag
#   description: Magnitude reference level of geometric model
#   meta:
#     ucd: phot.mag;em.opt
# - 
#   name: geom_model_reference_level_error
#   datatype: float32
#   unit: mag
#   description: "Uncertainty of \\texttt{geomModelReferenceLevel}"
#   meta:
#     ucd: stat.error;phot.mag;em.opt
# - 
#   name: geom_model_gaussian1_phase
#   datatype: float32
#   description: Phase of the Gaussian 1 component
#   meta:
#     ucd: time.phase
# - 
#   name: geom_model_gaussian1_phase_error
#   datatype: float32
#   description: "Uncertainty of \\texttt{geomModelGaussian1Phase}"
#   meta:
#     ucd: stat.error;time.phase
# - 
#   name: geom_model_gaussian1_sigma
#   datatype: float32
#   description: "Standard deviation [phase] of Gaussian 1 component"
#   meta:
#     ucd: stat.stdev
# - 
#   name: geom_model_gaussian1_sigma_error
#   datatype: float32
#   description: "Uncertainty of \\texttt{geomModelGaussian1Sigma}"
#   meta:
#     ucd: stat.error
# - 
#   name: geom_model_gaussian1_depth
#   datatype: float32
#   unit: mag
#   description: Magnitude depth of Gaussian 1 component
#   meta:
#     ucd: src.var.amplitude
# - 
#   name: geom_model_gaussian1_depth_error
#   datatype: float32
#   unit: mag
#   description: "Uncertainty of \\texttt{geomModelGaussian1Depth}"
#   meta:
#     ucd: stat.error;src.var.amplitude
# - 
#   name: geom_model_gaussian2_phase
#   datatype: float32
#   description: Phase of Gaussian 2 component
#   meta:
#     ucd: time.phase
# - 
#   name: geom_model_gaussian2_phase_error
#   datatype: float32
#   description: "Uncertainty of \\texttt{geomModelGaussian2Phase}"
#   meta:
#     ucd: stat.error;time.phase
# - 
#   name: geom_model_gaussian2_sigma
#   datatype: float32
[...]
#   datatype: float32
#   description: "Secondary eclipse: uncertainty of \\texttt{derivedSecondaryEclDuration}"
#   meta:
#     ucd: stat.error;time.duration
# - 
#   name: derived_secondary_ecl_depth
#   datatype: float32
#   unit: mag
#   description: "Secondary eclipse: depth"
#   meta:
#     ucd: src.var.amplitude
# - 
#   name: derived_secondary_ecl_depth_error
#   datatype: float32
#   unit: mag
#   description: "Secondary eclipse: uncertainty of \\texttt{derivedSecondaryEclDepth}"
#   meta:
#     ucd: stat.error;src.var.amplitude
solution_id,source_id,global_ranking,reference_time,frequency,frequency_error,geom_model_reference_level,geom_model_reference_level_error,geom_model_gaussian1_phase,geom_model_gaussian1_phase_error,geom_model_gaussian1_sigma,geom_model_gaussian1_sigma_error,geom_model_gaussian1_depth,geom_model_gaussian1_depth_error,geom_model_gaussian2_phase,geom_model_gaussian2_phase_error,geom_model_gaussian2_sigma,geom_model_gaussian2_sigma_error,geom_model_gaussian2_depth,geom_model_gaussian2_depth_error,geom_model_cosine_half_period_amplitude,geom_model_cosine_half_period_amplitude_error,geom_model_cosine_half_period_phase,geom_model_cosine_half_period_phase_error,model_type,num_model_parameters,reduced_chi2,derived_primary_ecl_phase,derived_primary_ecl_phase_error,derived_primary_ecl_duration,derived_primary_ecl_duration_error,derived_primary_ecl_depth,derived_primary_ecl_depth_error,derived_secondary_ecl_phase,derived_secondary_ecl_phase_error,derived_secondary_ecl_duration,derived_secondary_ecl_duration_error,derived_secondary_ecl_depth,derived_secondary_ecl_depth_error
[from data line 226]
375316653866487564,4255401889791089408,0.4696432,2251.9722395455246,3.47508605159697,5.8296435E-5,19.059738,0.07511647,0.20100518,0.0073175984,0.061151586,0.01185999,0.61006236,0.118268564,0.7042704,0.01790933,0.08676617,0.035302214,0.4171536,0.08795404,null,null,null,null,"TWOGAUSSIANS",8,24.107775,0.20100518,0.0073175984,0.3424489,0.06641594,0.6071332,0.1122422,0.7042704,0.01790933,0.4,0.0,0.41422445,0.08630725
375316653866487564,4255402022915679872,0.577968,2225.511268473966,3.213261034267881,1.1135384E-5,18.331573,0.023097573,0.308148,0.004039947,0.050836805,0.012513735,0.29180184,0.13064732,0.8148391,0.021421101,0.039268374,0.022302402,0.28122056,0.15984543,0.13697793,0.03126696,0.308148,0.004039947,"TWOGAUSSIANS_WITH_ELLIPSOIDAL_ON_ECLIPSE1",9,5.0473285,0.308148,0.004039947,0.28468612,0.07007692,0.565756,0.13707909,0.8148391,0.021083346,0.2199029,0.12489345,0.5546908,0.1805784
375316653866487564,4255402022915689344,0.5162192,2223.355605783064,1.9316136836842979,3.955207E-5,17.631641,0.0072085564,0.34980312,0.030187692,0.0638483,0.027717777,0.15457577,0.03643272,0.86115265,0.006526365,0.040378015,0.0055714697,0.18526861,0.019668344,null,null,null,null,"TWOGAUSSIANS",8,11.233837,0.86115265,0.006526365,0.22611688,0.03120023,0.18526669,0.019660745,0.34980312,0.030187692,0.3575505,0.08616228,0.15457386,0.03643997
375316653866487564,4255402057275671040,0.6299009,2238.677469053984,3.3126942411180247,6.1102055E-6,18.152262,0.012462849,0.21203105,0.0015692421,0.042507447,0.0039728293,0.31647155,0.029246122,0.70685667,0.032768358,0.052143022,0.013227718,0.32224014,0.15636484,0.12697658,0.019087477,0.21203105,0.0015692421,"TWOGAUSSIANS_WITH_ELLIPSOIDAL_ON_ECLIPSE1",9,5.7373753,0.7076067,0.028124968,0.29200092,0.07407522,0.57596165,0.1448484,0.21203105,0.0015692421,0.23804171,0.022247843,0.5704226,0.024458284
375316653866487564,4255402095948493440,0.6191407,2197.540584084678,2.5855564354841385,1.5039712E-5,17.914106,0.010499115,0.25356197,0.0011455023,0.035844896,0.0023455785,0.42605293,0.02750682,0.75693905,0.0048960964,0.03814666,0.008985581,0.5621283,0.1676984,0.17349954,0.015522653,0.25356197,0.0011455023,"TWOGAUSSIANS_WITH_ELLIPSOIDAL_ON_ECLIPSE1",9,8.907002,0.75693905,0.00478423,0.2136213,0.05031925,0.90897113,0.18523543,0.25356197,0.0011455023,0.20073143,0.01313524,0.773052,0.017729348
375316653866487564,4255403122430687744,0.63117707,2165.7681766432306,2.443205153300245,2.3521667E-5,17.59409,0.017934095,0.24262547,0.040891856,0.056669142,0.012385064,0.24772595,0.09557683,0.76787287,0.0014495683,0.046017066,0.0069398633,0.20777377,0.04899525,0.14544034,0.023904607,0.76787287,0.0014495683,"TWOGAUSSIANS_WITH_ELLIPSOIDAL_ON_ECLIPSE2",9,7.841717,0.24839547,0.030111022,0.3173472,0.06935636,0.5329876,0.089471556,0.76787287,0.0014495683,0.25769556,0.038863234,0.498651,0.027873002
375316653866487564,4255403951415922688,0.56250376,2213.6474694485028,2.7825775406140174,2.2897002E-5,18.055172,0.058038756,0.25612432,0.0044487584,0.060370658,0.014063129,0.34783772,0.1069785,0.77774286,0.021960193,0.053628717,0.01691043,0.4242557,0.10456191,0.09807072,0.059942305,0.25612432,0.0044487584,"TWOGAUSSIANS_WITH_ELLIPSOIDAL_ON_ECLIPSE1",9,17.035294,0.77774286,0.021960193,0.3003208,0.09469841,0.6167341,0.03194325,0.25612432,0.0044487584,0.3380757,0.07875352,0.5439128,0.023576297
375316653866487564,4255404256302044928,0.54864573,2192.227588357149,2.397745092496262,1.6391465E-5,18.327875,0.020157347,0.19968076,0.0039542033,0.079204954,0.005990711,0.3643011,0.02621345,0.6717782,0.005972035,0.087679714,0.015084711,0.4033499,0.0755048,null,null,null,null,"TWOGAUSSIANS",8,5.195876,0.6717782,0.005972035,0.4,0.0,0.39819375,0.08183149,0.19968076,0.0039542033,0.4,0.0,0.3591451,0.022851922
375316653866487564,4255404501171747584,0.59133756,2218.4489276016516,2.925683474292269,1.1415123E-5,18.046488,0.008372659,0.20066483,0.0025104408,0.07192482,0.0043531936,0.4267172,0.029568369,0.69612443,0.002644346,0.07220805,0.0032653925,0.59230065,0.016702736,null,null,null,null,"TWOGAUSSIANS",8,6.073506,0.69612443,0.002644346,0.4,0.001878536,0.5901066,0.016715197,0.20066483,0.0025104408,0.4,0.009493119,0.42452317,0.030091368
375316653866487564,4255404947808880128,0.5588474,2270.6834065553144,2.2233345552797554,2.5051453E-5,19.098637,0.12477262,0.2618906,0.0043728375,0.0988995,0.017544612,0.39025724,0.11715227,0.77095675,0.00908429,0.12384294,0.04712866,0.242032,0.12318948,null,null,null,null,"TWOGAUSSIANS",8,1.1414682,0.26186058,0.0044884635,0.4,0.0,0.34735596,0.026151158,0.77095675,0.009115565,0.4,0.0,0.19898765,0.024295123
375316653866487564,4255405188327762048,0.5482271,2280.8756957727096,3.5904363082011095,2.4493995E-5,19.242811,0.012851935,0.25702846,0.004477168,0.06289809,0.0068731904,0.81200814,0.13392463,0.7682991,0.009930483,0.059929483,0.013793885,0.69799125,0.089412905,null,null,null,null,"TWOGAUSSIANS",8,7.2445726,0.25702846,0.004477168,0.3522293,0.038489863,0.81174755,0.13425598,0.7682991,0.009930483,0.3356051,0.07724576,0.6977306,0.08960869
375316653866487564,4255405257046066048,0.47132716,2247.9707915587774,0.29918314472710394,3.8580107E-5,18.902306,0.04085853,0.45558074,0.008797715,0.07853042,0.024567587,0.31511715,0.02450545,0.81318754,0.025068708,0.10617047,0.031801797,0.21846138,0.06770555,null,null,null,null,"TWOGAUSSIANS",8,5.978955,0.45605075,0.007587258,0.4,0.00211428,0.31468752,0.024346903,0.81318754,0.025068708,0.4,0.0,0.21728466,0.06581773
375316653866487564,4255405566284679936,0.4915921,2237.699519330493,0.6727114198450503,3.9377264E-6,19.074945,0.0052007916,0.42573658,1.975761E-4,0.014127975,4.31351E-4,0.39919066,7.234774E-4,null,null,null,null,null,null,null,null,null,null,"ONEGAUSSIAN",5,3.4254513,0.42573658,1.975761E-4,0.07911666,0.0024155658,0.39919066,0.0,null,null,null,null,null,null
375316653866487564,4255405944242087552,0.6059694,2265.5074226197125,2.4388023692057654,9.693104E-6,16.08516,0.008619369,0.19069089,0.0036039657,0.08569856,0.0045815385,0.38129914,0.016126104,0.6894877,0.016774014,0.07922081,0.009799955,0.41041306,0.04678273,null,null,null,null,"TWOGAUSSIANS",8,27.54927,0.6894877,0.016774014,0.4,0.0,0.40262157,0.044218212,0.19069089,0.0036039657,0.4,0.0,0.37350762,0.016195072
375316653866487564,4255406111727829760,0.63848794,2257.9969564356174,3.24784404716121,5.07691E-6,18.557852,0.03094771,0.27438465,0.0035352632,0.052206658,0.00694565,0.43257722,0.06704216,0.7629559,0.00577198,0.06006217,0.009979162,0.32375792,0.07984259,0.11034402,0.03608869,0.7629559,0.00577198,"TWOGAUSSIANS_WITH_ELLIPSOIDAL_ON_ECLIPSE2",9,2.3817682,0.27325466,0.0030122062,0.2923573,0.03889564,0.6521838,0.026715266,0.7629559,0.00577198,0.33634815,0.05588331,0.5443886,0.039698184
375316653866487564,4255406287840803200,0.512788,2235.8960113442245,1.5761966958479217,1.5331663E-5,19.092693,0.02466855,0.20590305,0.002400537,0.0583507,0.004679013,0.44592893,0.04335343,0.54119575,0.004395884,0.062070925,0.00826826,0.43102404,0.02150602,null,null,null,null,"TWOGAUSSIANS",8,6.3628025,0.20590305,0.002400537,0.32676393,0.026202474,0.44592893,0.04335356,0.54119575,0.004395884,0.34759718,0.04630226,0.43102387,0.021505846
375316653866487564,4255406425278782208,0.50893813,2250.7173931561606,2.478877459205292,7.6229415E-5,19.47629,0.2695892,0.27617192,0.010109057,0.093878224,0.04631818,0.6604556,0.21703517,0.74363446,0.0034072727,0.07491153,0.02287141,0.69870716,0.2538603,null,null,null,null,"TWOGAUSSIANS",8,21.794495,0.74363446,0.0034072727,0.4,0.025767205,0.6894423,0.15590043,0.27617192,0.010115402,0.4,0.0,0.6511879,0.11260526
375316653866487564,4255406459638222208,0.4364857,2229.2210304872524,0.8950348781351107,8.8254674E-5,19.19633,0.2852717,0.30596048,0.017908912,0.17964257,0.11957145,0.27108538,0.27771783,0.7943858,0.013953804,0.068197474,0.020696644,0.42243624,0.17103052,null,null,null,null,"TWOGAUSSIANS",8,5.234828,0.7943858,0.013953804,0.38190588,0.07925744,0.3712678,0.14519075,0.30596048,0.017908912,0.4,0.0,0.20848858,0.029499013
375316653866487564,4255406734516937344,0.5179333,2214.083753471389,0.8679427668209135,1.14081915E-4,18.080597,0.00350739,0.29806164,0.030375343,0.035665646,0.02635573,0.10917393,0.6332994,0.73209643,0.006117596,0.07278445,0.006490615,0.06726441,0.005795538,null,null,null,null,"TWOGAUSSIANS",8,1.2834914,0.29806164,0.030375343,0.19972762,0.14759208,0.10917375,0.6332997,0.73209643,0.006117596,0.4,0.009634543,0.06726423,0.0057954188
375316653866487564,4255407696587911552,0.5705479,2224.812022492765,4.07609848299939,2.141401E-5,18.669308,0.01947572,0.32590386,0.008858623,0.09241044,0.00903313,0.4274152,0.028191922,0.8363597,0.008049582,0.081973135,0.013964391,0.38989538,0.06710358,null,null,null,null,"TWOGAUSSIANS",8,3.7326365,0.32590386,0.008858623,0.4,0.0,0.41615006,0.023712927,0.8363597,0.008049582,0.4,0.0,0.37863067,0.07543573
375316653866487564,4255408074546232192,0.48192057,2146.9857227762845,0.40846658108982753,2.4948913E-5,17.87504,0.012836507,0.21725082,4.3285932E-4,0.013348657,9.690464E-4,0.9684691,0.062360145,0.79629755,0.006948064,0.07363989,0.0073510036,0.22030346,0.019367639,null,null,null,null,"TWOGAUSSIANS",8,67.376656,0.21725082,4.3285932E-4,0.07475248,0.0054266597,0.96846914,0.062360115,0.79629755,0.006948064,0.4,0.0,0.22030346,0.019367639
375316653866487564,4255409345896416512,0.47829193,2237.471588554449,0.6774357019180465,5.7576366E-5,18.970575,0.06110717,0.15059519,0.0264319,0.04203343,0.024577824,0.27391103,0.17702699,0.7506193,0.019631702,0.11847164,0.04374693,0.22337173,0.05812004,null,null,null,null,"TWOGAUSSIANS",8,5.397519,0.15045519,0.026286252,0.23538722,0.13763581,0.2742764,0.17707619,0.7506193,0.019631702,0.4,0.0,0.222987,0.05251304
375316653866487564,4255409826932739712,0.53271246,2173.0088160319983,1.9326933290646766,3.443667E-5,19.051777,0.014009828,0.20033862,0.007698902,0.07032203,0.022007963,0.24325033,0.06363818,0.72065884,0.009012465,0.08701044,0.013817348,0.15020165,0.022573104,null,null,null,null,"TWOGAUSSIANS",8,0.8970452,0.20033862,0.007698902,0.3938034,0.027494399,0.24169677,0.06806374,0.72065884,0.009012465,0.4,0.0,0.14864804,0.022125943
375316653866487564,4255410234891619328,0.59085506,2219.555512047222,1.6028841389864126,4.411555E-6,17.460321,0.012755182,0.1518995,0.0058819843,0.09513621,0.009563233,0.16564272,0.012175242,0.64856255,0.0029795244,0.08483882,0.0044008624,0.35880306,0.012032882,null,null,null,null,"TWOGAUSSIANS",8,2.3171449,0.64856255,0.0029795244,0.4,0.0,0.34940383,0.009235076,0.1518995,0.0058819843,0.4,0.0,0.15624316,0.008984104
375316653866487564,4255410514127620608,0.51948506,2217.453150447896,1.2107107297317743,1.538803E-5,17.523848,0.041804492,0.2222165,0.0076946085,0.1147392,0.030235272,0.12081903,0.04036952,0.7172172,0.0066315946,0.08864657,0.018374048,0.15993115,0.040294565,null,null,null,null,"TWOGAUSSIANS",8,3.4572008,0.7172172,0.0066315946,0.4,0.0,0.14761905,0.016382765,0.2222165,0.0076946085,0.4,0.0,0.108488485,0.014820642
375316653866487564,4255410685926325632,0.6780192,2195.3334667496456,1.4941600802501107,7.0188285E-6,16.115454,0.007630346,0.23682468,0.0027378807,0.07737899,0.0029197366,0.48387358,0.0065197847,0.74045956,0.003096664,0.08337087,0.0044470974,0.4357046,0.014681594,null,null,null,null,"TWOGAUSSIANS",8,7.7803993,0.23682468,0.0027378807,0.4,0.0,0.47710997,0.0048789782,0.74045956,0.003096664,0.4,0.0,0.42894098,0.015115473
375316653866487564,4255411407481342848,0.51305723,2228.0371032998623,1.6894774366844156,5.642792E-5,19.46907,0.04658577,0.32589453,0.018376645,0.12368651,0.038149543,0.22135022,0.04491951,0.79002106,0.010901743,0.07447372,0.011379258,0.44744873,0.11807516,null,null,null,null,"TWOGAUSSIANS",8,1.5179801,0.79002106,0.010901743,0.4,0.0,0.43359354,0.101518475,0.32589453,0.018376645,0.4,0.0,0.2072826,0.04248653
375316653866487564,4255411441841080704,0.5424666,2209.7731274882826,2.0820128627430567,2.163229E-5,17.540451,0.029794933,0.29004642,0.0045397338,0.1096239,0.020889184,0.13895756,0.02658694,0.782678,0.0065074232,0.10873184,0.022045193,0.15353566,0.025298908,null,null,null,null,"TWOGAUSSIANS",8,2.1731677,0.782678,0.0065074232,0.4,0.0,0.13391255,0.011074038,0.2900564,0.0045340867,0.4,0.0,0.119333856,0.006869121
375316653866487564,4255411506202882304,0.5415095,2207.8185385752645,3.4372286904967537,2.4782266E-5,19.085016,0.008852222,0.20332871,0.00603355,0.07276746,0.0052226107,0.31328583,0.030861862,0.6898065,2.1921746E-4,0.071756795,0.002278159,0.4608144,0.0059246724,null,null,null,null,"TWOGAUSSIANS",8,2.396872,0.6898065,2.1921746E-4,0.4,0.0030103642,0.45944056,0.005533922,0.20332871,0.00603355,0.4,0.00971403,0.311912,0.030994605
375316653866487564,4255411716686972672,0.5368176,2222.0301135868103,1.6663345959874452,2.1698099E-5,19.254818,0.014979618,0.3074452,0.0059543643,0.03667725,0.005007221,0.5985206,0.15170771,null,null,null,null,null,null,0.17420892,0.019958418,0.3074452,0.0059543643,"ONEGAUSSIAN_WITH_ELLIPSOIDAL",6,6.556366,0.3074452,0.0059543643,0.20539258,0.028040439,0.9469382,0.14916748,null,null,null,null,null,null
375316653866487564,4255412060284251520,0.53158087,2190.7298778309155,0.20109357231398703,1.069391E-5,19.332937,0.036556024,0.26089022,0.0043703266,0.0943959,0.011500144,0.41443878,0.034708653,0.74910027,9.866366E-4,0.04975679,0.003762919,0.6183154,0.032229956,null,null,null,null,"TWOGAUSSIANS",8,2.2480834,0.74910027,9.866366E-4,0.27863804,0.021072347,0.6166729,0.030728534,0.26089022,0.0043703266,0.4,0.0,0.41279542,0.032997414
375316653866487564,4255412605713769728,0.5453526,2226.8620501149885,0.10505869177882725,1.621443E-5,19.416113,0.021351391,0.39051077,0.004321453,0.065989025,0.015321781,0.4995557,0.05713837,0.8833704,0.012491977,0.07846888,0.009913652,0.2656566,0.02604821,null,null,null,null,"TWOGAUSSIANS",8,1.1305221,0.39051077,0.004321453,0.36953855,0.05947126,0.49807757,0.059255756,0.8833704,0.012491977,0.4,0.0,0.26417845,0.025004484
375316653866487564,4255413292925277312,0.51558346,2189.606735370889,2.5640022436753953,2.2699249E-5,18.639378,0.027421607,0.15946409,0.008606186,0.08636396,0.019047877,0.17267123,0.026657455,0.65773815,0.008206604,0.09128808,0.016652033,0.21422729,0.026023325,null,null,null,null,"TWOGAUSSIANS",8,1.7673062,0.65773815,0.008206604,0.4,0.0,0.20708139,0.020408386,0.15946409,0.008606186,0.4,0.0,0.16552545,0.020416426
375316653866487564,4255413636505822720,0.55397403,2206.7321201429068,1.4133986722910543,3.030284E-5,17.394892,0.03110381,0.23531798,0.055732362,0.04829758,0.04108648,0.28210065,0.1508128,0.7456775,0.010842454,0.037190948,0.011477306,0.42367235,0.10209555,0.042825244,0.026071336,0.23531798,0.055732362,"TWOGAUSSIANS_WITH_ELLIPSOIDAL_ON_ECLIPSE1",9,25.610682,0.7456775,0.010765391,0.20826931,0.06427291,0.50895995,0.09188888,0.23531798,0.055732362,0.27046645,0.13767824,0.3677506,0.115051836
375316653866487564,4255414671621922816,0.56702363,2165.4004624519,1.6692675337922975,7.298187E-5,19.827127,0.014783122,0.3080958,5.5738667E-4,0.049785558,0.0023027142,0.5834664,0.0053186533,0.8284002,0.003490281,0.057775114,0.00826155,0.36944604,0.017109744,null,null,null,null,"TWOGAUSSIANS",8,1.3291031,0.3080958,5.5738667E-4,0.27879912,0.0128951995,0.5834589,0.0053304317,0.8284002,0.003490281,0.32354066,0.046264682,0.3694385,0.017108072
375316653866487564,4255414770380594048,0.5458156,2192.2672131654185,0.25727334928244733,7.9234764E-5,18.183058,0.0060572973,0.17931338,0.008528056,0.04382412,0.005585452,0.42305169,0.02860571,0.63706464,0.011912572,0.063055664,0.016465636,0.13024382,0.053244285,null,null,null,null,"TWOGAUSSIANS",8,3.6209488,0.17931338,0.008528056,0.24541509,0.031278532,0.42305064,0.028609872,0.63706464,0.011912572,0.3531117,0.08471355,0.13024276,0.05325179
