Gaia/vari_eclipsing_binary/VariEclipsingBinary_491155-491176.csv
# %ECSV 1.0
# ---
# delimiter: ','
# meta: !!omap
# - RELEASE: Gaia DR3
# - TABLE: vari_eclipsing_binary
# - DESCRIPTION: >
#     This table describes the properties of the eclipsing binaries resulting from the variability analysis. 
# - CITATION: >
#     How to cite and acknowledge Gaia: 
#     https://gea.esac.esa.int/archive/documentation/credits.html 
# - KNOWN_ISSUES: >
#     Known issues: 
#     https://www.cosmos.esa.int/web/gaia-users/known-issues 
# - DOCUMENTATION: >
#     Tutorials and documentation: 
#     https://www.cosmos.esa.int/web/gaia-users/archive 
# datatype:
# - 
#   name: solution_id
#   datatype: int64
#   description: Solution Identifier
#   meta:
#     ucd: meta.version
# - 
#   name: source_id
#   datatype: int64
#   description: Unique source identifier
#   meta:
#     ucd: meta.id;meta.main
# - 
#   name: global_ranking
#   datatype: float32
#   description: Number between 0 (worst) and 1 (best)
#   meta:
#     ucd: stat.param
# - 
#   name: reference_time
#   datatype: float64
#   unit: d
#   description: Reference time used for the geometric model fit
#   meta:
#     ucd: time.epoch
# - 
#   name: frequency
#   datatype: float64
#   unit: d**-1
#   description: Frequency of geometric model of the eclipsing binary light curve
#   meta:
#     ucd: src.orbital
# - 
#   name: frequency_error
#   datatype: float32
#   unit: d**-1
#   description: "Uncertainty of \\texttt{frequency}"
#   meta:
#     ucd: stat.error
# - 
#   name: geom_model_reference_level
#   datatype: float32
#   unit: mag
#   description: Magnitude reference level of geometric model
#   meta:
#     ucd: phot.mag;em.opt
# - 
#   name: geom_model_reference_level_error
#   datatype: float32
#   unit: mag
#   description: "Uncertainty of \\texttt{geomModelReferenceLevel}"
#   meta:
#     ucd: stat.error;phot.mag;em.opt
# - 
#   name: geom_model_gaussian1_phase
#   datatype: float32
#   description: Phase of the Gaussian 1 component
#   meta:
#     ucd: time.phase
# - 
#   name: geom_model_gaussian1_phase_error
#   datatype: float32
#   description: "Uncertainty of \\texttt{geomModelGaussian1Phase}"
#   meta:
#     ucd: stat.error;time.phase
# - 
#   name: geom_model_gaussian1_sigma
#   datatype: float32
#   description: "Standard deviation [phase] of Gaussian 1 component"
#   meta:
#     ucd: stat.stdev
# - 
#   name: geom_model_gaussian1_sigma_error
#   datatype: float32
#   description: "Uncertainty of \\texttt{geomModelGaussian1Sigma}"
#   meta:
#     ucd: stat.error
# - 
#   name: geom_model_gaussian1_depth
#   datatype: float32
#   unit: mag
#   description: Magnitude depth of Gaussian 1 component
#   meta:
#     ucd: src.var.amplitude
# - 
#   name: geom_model_gaussian1_depth_error
#   datatype: float32
#   unit: mag
#   description: "Uncertainty of \\texttt{geomModelGaussian1Depth}"
#   meta:
#     ucd: stat.error;src.var.amplitude
# - 
#   name: geom_model_gaussian2_phase
#   datatype: float32
#   description: Phase of Gaussian 2 component
#   meta:
#     ucd: time.phase
# - 
#   name: geom_model_gaussian2_phase_error
#   datatype: float32
#   description: "Uncertainty of \\texttt{geomModelGaussian2Phase}"
#   meta:
#     ucd: stat.error;time.phase
# - 
#   name: geom_model_gaussian2_sigma
#   datatype: float32
[...]
#   datatype: float32
#   description: "Secondary eclipse: uncertainty of \\texttt{derivedSecondaryEclDuration}"
#   meta:
#     ucd: stat.error;time.duration
# - 
#   name: derived_secondary_ecl_depth
#   datatype: float32
#   unit: mag
#   description: "Secondary eclipse: depth"
#   meta:
#     ucd: src.var.amplitude
# - 
#   name: derived_secondary_ecl_depth_error
#   datatype: float32
#   unit: mag
#   description: "Secondary eclipse: uncertainty of \\texttt{derivedSecondaryEclDepth}"
#   meta:
#     ucd: stat.error;src.var.amplitude
solution_id,source_id,global_ranking,reference_time,frequency,frequency_error,geom_model_reference_level,geom_model_reference_level_error,geom_model_gaussian1_phase,geom_model_gaussian1_phase_error,geom_model_gaussian1_sigma,geom_model_gaussian1_sigma_error,geom_model_gaussian1_depth,geom_model_gaussian1_depth_error,geom_model_gaussian2_phase,geom_model_gaussian2_phase_error,geom_model_gaussian2_sigma,geom_model_gaussian2_sigma_error,geom_model_gaussian2_depth,geom_model_gaussian2_depth_error,geom_model_cosine_half_period_amplitude,geom_model_cosine_half_period_amplitude_error,geom_model_cosine_half_period_phase,geom_model_cosine_half_period_phase_error,model_type,num_model_parameters,reduced_chi2,derived_primary_ecl_phase,derived_primary_ecl_phase_error,derived_primary_ecl_duration,derived_primary_ecl_duration_error,derived_primary_ecl_depth,derived_primary_ecl_depth_error,derived_secondary_ecl_phase,derived_secondary_ecl_phase_error,derived_secondary_ecl_duration,derived_secondary_ecl_duration_error,derived_secondary_ecl_depth,derived_secondary_ecl_depth_error
[from data line 511]
375316653866487564,4320396182474439552,0.59775734,2119.8849927887986,2.125354187282984,7.924548E-6,18.1681,0.005000287,0.2541321,0.0027278813,0.0784362,0.0031797928,0.45371217,0.011939869,0.75379425,0.0031362395,0.081515804,0.003628001,0.32229987,0.009712163,null,null,null,null,"TWOGAUSSIANS",8,2.7825658,0.2541321,0.0027278813,0.4,0.0,0.4480044,0.012339084,0.75379425,0.0031362395,0.4,0.0,0.3165921,0.009910296
375316653866487564,4320396839652822656,0.5055218,2114.02692644517,0.0558029933529165,3.2305E-5,17.702608,0.0047628246,0.19207393,0.02476941,0.06013709,0.020319497,0.016110145,0.005685405,0.7703187,0.008147473,0.09153782,0.0074612284,0.1326241,0.010131491,null,null,null,null,"TWOGAUSSIANS",8,3.2530222,0.7703187,0.008147473,0.4,0.0,0.13254754,0.010089332,0.19203392,0.024781426,0.3367677,0.11243415,0.01603684,0.005631356
375316653866487564,4320396908372307328,0.58927834,2144.3270925502657,0.07707343786218923,2.517762E-6,17.527428,0.0010473299,0.1720678,1.2014563E-4,0.0063454243,1.3601646E-4,0.34395912,0.0052570985,0.6134474,0.006570001,0.012555903,0.007340899,0.01540596,0.017476497,null,null,null,null,"TWOGAUSSIANS",8,1.9485002,0.1720678,1.2014563E-4,0.03553438,7.616922E-4,0.34395912,0.0052570985,0.6134474,0.006570001,0.07031306,0.041109037,0.01540596,0.017476497
375316653866487564,4320397011451527808,0.54365754,2137.3378221213425,2.360579367314984,1.1707797E-5,18.098364,0.014696669,0.3319317,0.004806883,0.090261586,0.007704638,0.3095826,0.016396081,0.82859766,0.0026586503,0.08953467,0.0059456667,0.3095995,0.014106201,null,null,null,null,"TWOGAUSSIANS",8,4.5491786,0.82859766,0.0026586503,0.4,0.0,0.2972957,0.010511716,0.3319317,0.004806883,0.4,0.0,0.29727876,0.013992788
375316653866487564,4320397316335840384,0.46914953,2115.1851727419776,0.2255064543619377,2.848362E-5,19.93655,0.016547598,0.21583109,0.003720085,0.04011933,0.0038532834,0.46811295,0.05902114,0.4607102,0.019183349,0.029129222,0.009969813,0.08426358,0.025863223,null,null,null,null,"TWOGAUSSIANS",8,3.7699091,0.21583109,0.003720085,0.22466825,0.021578386,0.46811295,0.05902114,0.4607102,0.019183349,0.16312365,0.05583095,0.08426358,0.025863228
375316653866487564,4320397320689212928,0.48783153,2134.403980075206,2.674971923006282,1.775632E-5,15.589778,0.08798596,0.2134926,0.009058518,0.115621656,0.045020033,0.15930587,0.0779927,0.7388245,0.007283653,0.12211692,0.041642956,0.1573877,0.08393283,null,null,null,null,"TWOGAUSSIANS",8,67.71,0.21331261,0.008643949,0.4,0.0,0.1318579,0.017582098,0.7389245,0.006752578,0.4,0.0,0.12988217,0.009578127
375316653866487564,4320397526847597440,0.63958937,2140.715916809522,0.739853598442327,3.758097E-6,15.157655,0.0014052925,0.23378244,9.0816023E-4,0.022412425,0.003375895,0.1529103,0.028165257,0.7333129,0.0057522305,0.021163667,0.0049941065,0.4413774,0.20834614,0.009524194,0.0026359654,0.23378244,9.0816023E-4,"TWOGAUSSIANS_WITH_ELLIPSOIDAL_ON_ECLIPSE1",9,16.846043,0.7333129,0.0057522305,0.118516535,0.027966997,0.4604256,0.2093902,0.23378244,9.0816023E-4,0.12550958,0.018905012,0.17195866,0.029039746
375316653866487564,4320397728646612864,0.51248,2117.110058540666,3.2418424493515494,1.0376646E-5,19.380255,0.006882851,0.2959949,0.0043168496,0.082648225,0.006231063,0.29631314,0.012893333,0.7947165,0.0036497873,0.078025624,0.0039516855,0.39457372,0.011669268,null,null,null,null,"TWOGAUSSIANS",8,2.099151,0.7947165,0.0036497873,0.4,0.0,0.38934168,0.011347955,0.2959949,0.0043168496,0.4,0.0,0.2910811,0.013734452
375316653866487564,4320397973471478528,0.5164727,2113.501246718608,2.5337890836312624,8.970417E-6,19.672922,0.01608661,0.23537764,0.010584061,0.078586884,0.0116763525,0.4873602,0.032176346,0.73745936,0.0032379425,0.08242622,0.0076806885,0.3889188,0.032210995,null,null,null,null,"TWOGAUSSIANS",8,1.240052,0.23537764,0.010584061,0.4,0.0,0.4806508,0.031770136,0.73745936,0.0032379425,0.4,0.0,0.3822094,0.033851586
375316653866487564,4320398351428749056,0.51001406,2121.293774269509,2.7671248991680644,1.9188998E-5,19.683655,0.01320939,0.26627952,0.0058575035,0.08038176,0.0062023806,0.39305922,0.030907087,0.7577047,0.004164572,0.08002708,0.005945162,0.4073606,0.025167892,null,null,null,null,"TWOGAUSSIANS",8,2.200531,0.7577047,0.004164572,0.4,0.0,0.40210706,0.02518924,0.26627952,0.0058575035,0.4,0.0,0.38780567,0.030704536
375316653866487564,4320398385841179776,0.5645174,2104.925467324239,1.8643736193512508,9.890552E-6,14.571577,0.028089715,0.17948775,0.0055656033,0.13519605,0.016099421,0.16664247,0.027677173,0.6272928,0.0057909954,0.12540549,0.00953229,0.21858653,0.02712151,null,null,null,null,"TWOGAUSSIANS",8,34.877583,0.6272928,0.0057909954,0.4,0.0,0.17928547,0.0062017213,0.18063775,0.00508839,0.4,0.0,0.1270022,0.010223217
375316653866487564,4320398621993811840,0.56222224,2104.822463883348,0.3109602363995377,1.2374252E-4,15.936281,0.0012268388,0.21637832,0.0128566185,0.0188813,0.014535414,0.22979677,10.1124525,0.72163033,0.004736822,0.017007172,0.003623816,0.096900396,0.2640478,null,null,null,null,"TWOGAUSSIANS",8,6.175803,0.21637832,0.0128566185,0.10573529,0.081398316,0.22979677,10.1124525,0.72163033,0.004736822,0.09524017,0.02029337,0.096900396,0.2640478
375316653866487564,4320399244780641280,0.47240803,2079.1165613923295,2.543898269014913,2.8532186E-5,19.593128,0.016605116,0.22645026,0.006133907,0.08501728,0.012592301,0.19603297,0.021081405,0.7285252,0.013545196,0.06954674,0.013168455,0.23348267,0.026224894,null,null,null,null,"TWOGAUSSIANS",8,2.000184,0.7285252,0.013545196,0.38946173,0.058857027,0.23132835,0.02504768,0.22645026,0.006133907,0.4,0.0,0.19387864,0.020293977
375316653866487564,4320399485352561152,0.602024,2095.5453742410814,0.14660061681375086,1.2363777E-4,16.931538,0.00104073,0.72853,0.0018629164,0.027340889,0.0030260528,0.44800794,0.05522204,null,null,null,null,null,null,null,null,null,null,"ONEGAUSSIAN",5,2.7685068,0.72853,0.0018629164,0.15310898,0.016945897,0.44800794,0.0,null,null,null,null,null,null
375316653866487564,4320399691457199872,0.4637578,2123.2176504294052,2.1478884777978204,2.774421E-5,18.007763,0.04894389,0.24828655,0.012807247,0.118504465,0.03256925,0.1527949,0.047748085,0.73638666,0.010229603,0.10410805,0.02515521,0.17304324,0.047701847,null,null,null,null,"TWOGAUSSIANS",8,10.596384,0.73638666,0.010229603,0.4,0.0,0.15015423,0.013833939,0.24829654,0.012799213,0.4,0.0,0.12986459,0.012396589
375316653866487564,4320400138134121984,0.47033837,2054.071756676835,0.14130512680133023,1.0555411E-4,19.616104,0.006903173,0.41463593,0.0024050022,0.016616285,0.0063203694,0.1511249,0.05067167,0.7042763,0.051418953,0.029678963,0.030238116,0.39633977,1.8662332,null,null,null,null,"TWOGAUSSIANS",8,2.7703185,0.7042763,0.051418953,0.1662022,0.16933344,0.39633977,1.8662332,0.41463593,0.0024050022,0.093051195,0.03539407,0.1511249,0.05067167
375316653866487564,4320401134566864000,0.51218694,2098.899362002024,1.6051001822116535,8.869057E-6,19.234856,0.008307048,0.22897644,0.003122863,0.050540682,0.0029695113,0.6261858,0.056479696,0.73414946,0.014997326,0.06347611,0.008845865,0.14699599,0.01683259,null,null,null,null,"TWOGAUSSIANS",8,2.7819023,0.22897644,0.003122863,0.28302783,0.016629264,0.626156,0.056492243,0.73414946,0.014997326,0.3554662,0.049536843,0.1469662,0.016816894
375316653866487564,4320401405132620672,0.560622,2132.8428085686132,2.1097978169262706,1.0693992E-5,18.696428,0.009456496,0.22511561,0.0042705704,0.08375565,0.007931139,0.20724118,0.0076703364,0.71235436,0.0026971817,0.08398096,0.0026887828,0.4885726,0.013506177,null,null,null,null,"TWOGAUSSIANS",8,3.8056195,0.71235436,0.0026971817,0.4,0.0,0.48268387,0.012208166,0.22511561,0.0042705704,0.4,0.0,0.20135248,0.006418385
375316653866487564,4320401680010679168,0.59296274,2124.245680859111,0.20235806408827084,2.9413804E-5,18.130632,0.0012174393,0.055870675,0.0012710717,0.010448781,0.0010851801,0.051168993,0.0114464,0.53463626,5.567631E-5,0.013320494,8.450268E-5,0.3976795,0.0010790573,null,null,null,null,"TWOGAUSSIANS",8,1.004864,0.53463626,5.567631E-5,0.07459477,4.7321504E-4,0.3976795,0.0010790573,0.055870675,0.0012710717,0.058513172,0.006077009,0.051168993,0.0114464
375316653866487564,4320401920529131648,0.59865814,2107.184324714593,1.8000298413066929,7.5818816E-6,19.158772,0.011264001,0.2569225,0.0012417469,0.05101284,0.0015418008,0.71763444,0.022304244,0.74895954,0.005772829,0.06333096,0.005626449,0.20400827,0.01981609,null,null,null,null,"TWOGAUSSIANS",8,2.0767484,0.2569225,0.0012417469,0.2856719,0.008634084,0.7175981,0.02229366,0.74895954,0.005772829,0.3546534,0.031508114,0.20397192,0.01980733
375316653866487564,4320402577675715456,0.46663108,2076.6660917865447,0.07467699112029917,6.242372E-5,19.088366,0.0070113097,0.18342082,0.0075923298,0.0742248,0.0069137523,0.39502284,0.030514464,0.5464575,0.011763457,0.030805437,0.007847279,0.09431434,0.01627392,null,null,null,null,"TWOGAUSSIANS",8,7.2194333,0.18342082,0.0075923298,0.4,0.009549174,0.39502284,0.03051447,0.5464575,0.011763457,0.17251045,0.04394476,0.094316855,0.016275723
375316653866487564,4320402715168343552,0.4839349,2119.7649367233535,0.13192098892550302,3.014229E-5,18.994297,0.0064637316,0.09325224,0.0067264647,0.012839029,0.005426021,0.12060858,0.064964466,0.59190553,0.0017667861,0.017695213,0.0028074658,0.5476669,0.39149207,null,null,null,null,"TWOGAUSSIANS",8,5.834817,0.59190553,0.0017667861,0.0990932,0.01572181,0.5476669,0.39149207,0.09325224,0.0067264647,0.07189856,0.030385716,0.12060858,0.064964466
375316653866487564,4320402715183932416,0.45848,2091.9437006342996,2.0437422478017107,2.612588E-5,19.453543,0.007834174,0.21380688,0.0075963037,0.036290176,0.0071446295,0.28277242,0.030770233,0.70148414,0.029707879,0.055505354,0.023501372,0.10291507,0.14359963,null,null,null,null,"TWOGAUSSIANS",8,2.9174583,0.21380688,0.0075963037,0.20322499,0.040009923,0.2827724,0.030770421,0.70148414,0.029707879,0.31082997,0.13160768,0.10291502,0.1435997
375316653866487564,4320402955634482688,0.62662643,2162.671261307487,0.9539504148970429,5.031954E-6,16.682796,0.0024594632,0.5517292,7.697261E-4,0.03627234,0.0014848035,0.5154603,0.00854692,null,null,null,null,null,null,null,null,null,null,"ONEGAUSSIAN",5,8.312031,0.5517292,7.697261E-4,0.2031251,0.008314899,0.5154603,0.0,null,null,null,null,null,null
375316653866487564,4320403264872194176,0.5517718,2100.762152885824,3.1296054261312007,1.3687301E-5,19.24266,0.008725651,0.23908024,0.0042979103,0.05706474,0.00553886,0.65922433,0.06611587,0.73464805,0.0066026202,0.06139177,0.006454175,0.82598823,0.09830696,null,null,null,null,"TWOGAUSSIANS",8,6.2402225,0.73464805,0.0066026202,0.34379393,0.03614338,0.8258173,0.09851797,0.23908024,0.0042979103,0.31956255,0.031017615,0.6590534,0.06620164
375316653866487564,4320403436672264448,0.45463344,2122.0221643636887,2.55372348997438,4.4620985E-5,19.691114,0.025206195,0.24869123,0.009475522,0.10551855,0.020088058,0.19895273,0.022040319,0.74989367,0.011806994,0.09101454,0.019767683,0.16866276,0.023948772,null,null,null,null,"TWOGAUSSIANS",8,2.0024364,0.24869123,0.009475522,0.4,0.0,0.18472473,0.01829237,0.74989367,0.011806994,0.4,0.0,0.15443997,0.014753465
375316653866487564,4320403677190474368,0.514217,2118.8820741695095,2.3351590637157513,9.309806E-6,19.408339,0.010655312,0.23575059,0.008639139,0.07944754,0.008049823,0.24381113,0.041015603,0.7154256,0.0020171846,0.08263124,0.0043435544,0.46801123,0.023064237,null,null,null,null,"TWOGAUSSIANS",8,1.7871951,0.7154256,0.0020171846,0.4,0.0,0.46410048,0.02383542,0.23575059,0.008639139,0.4,0.0,0.23990041,0.041193377
375316653866487564,4320403677190479232,0.5261152,2110.0687753005222,1.8406978406769678,1.2709429E-5,19.283644,0.0142740095,0.21362998,0.007338172,0.0721667,0.008612485,0.2912332,0.01981567,0.7077328,0.0037804109,0.065414324,0.007863066,0.6465159,0.08122733,null,null,null,null,"TWOGAUSSIANS",8,2.9394684,0.7077328,0.0037804109,0.36632022,0.044033173,0.6455387,0.0822969,0.21362998,0.007338172,0.4,0.032421548,0.29025602,0.019387776
375316653866487564,4320404364386236160,0.5069179,2107.8751632791545,1.5951477191273575,1.2692958E-5,19.460354,0.013619637,0.28539702,0.0031975065,0.056720622,0.0032793102,0.40165386,0.015426069,0.7847058,0.005014937,0.06267668,0.017854843,0.52238756,0.20493017,null,null,null,null,"TWOGAUSSIANS",8,3.519804,0.7847058,0.005014937,0.35098943,0.055790275,0.5222477,0.20569609,0.28539702,0.0031975065,0.31763548,0.018364137,0.401514,0.0150887165
375316653866487564,4320404879781458560,0.46547312,2099.8232486742795,4.2393754010471,2.4258721E-5,19.06107,0.028917525,0.41492668,0.012670176,0.17944053,0.021835309,0.43376076,0.04361879,0.9686575,0.007838176,0.0085928235,0.0045117345,1.0000116,6.9385004,null,null,null,null,"TWOGAUSSIANS",8,14.621953,0.96867746,0.007793592,0.048119813,0.025265712,1.0055323,6.938876,0.41492668,0.012670176,0.4,0.0,0.4158838,0.047049597
375316653866487564,4320405807495878656,0.45768794,2139.924031279752,4.478315159174199,3.020104E-5,18.91843,0.011491154,0.5473828,0.013125544,0.17237,0.02445193,0.15212736,0.01084296,0.87726015,0.0077786967,0.016985154,0.008586276,0.108548015,0.46004316,null,null,null,null,"TWOGAUSSIANS",8,3.962486,0.5473828,0.013125544,0.4,0.0,0.14759728,0.009212632,0.87726015,0.0077786967,0.09511686,0.04808315,0.1284698,0.4616383
375316653866487564,4320406181137388800,0.4834016,2134.1414048927477,0.11437691583246251,3.935284E-5,19.421246,0.018299198,0.2463039,0.01003485,0.0290949,0.01132705,0.3001547,0.18218537,0.67578995,0.020797212,0.10533546,0.02726313,0.49071544,0.07799689,null,null,null,null,"TWOGAUSSIANS",8,5.8126073,0.67578995,0.020797212,0.4,0.0,0.490624,0.07850638,0.2463139,0.010018582,0.16293143,0.06343148,0.30018395,0.18245207
375316653866487564,4320406254171466112,0.5354449,2112.8329341876533,2.6905607774162577,1.3266553E-5,19.778788,0.023648804,0.25346553,0.0057841544,0.083443254,0.008308289,0.56291866,0.0334283,0.74606127,0.0041760188,0.0770379,0.0061524007,0.5465057,0.028427966,null,null,null,null,"TWOGAUSSIANS",8,2.4323153,0.25346553,0.0057841544,0.4,0.0,0.55543333,0.03239094,0.74606127,0.0041760188,0.4,0.0,0.5390204,0.026099473
375316653866487564,4320406597768874624,0.48443246,2135.4372558307023,0.5337139240841774,1.5373096E-5,18.73946,0.012006319,0.24977735,0.0065845917,0.06674398,0.008432556,0.30150846,0.024317225,0.75275475,0.0026707524,0.040792275,0.0035705178,0.37563393,0.042104997,null,null,null,null,"TWOGAUSSIANS",8,10.470835,0.75275475,0.0026707524,0.22843674,0.0199949,0.37562263,0.042106,0.24977735,0.0065845917,0.3737663,0.047222316,0.3014972,0.024320677
375316653866487564,4320406696533245184,0.48964527,2165.16528740122,2.0790311453048367,1.8646952E-5,18.65195,0.0031450482,0.78827524,0.0050754678,0.014605718,0.014298299,0.0128911445,0.1277418,null,null,null,null,null,null,0.08180863,0.0035524617,0.78827524,0.0050754678,"ONEGAUSSIAN_WITH_ELLIPSOIDAL",6,4.546743,0.78827524,0.0050754678,0.08179202,0.08007047,0.17650802,0.12659924,null,null,null,null,null,null
375316653866487564,4320407422402646016,0.4481509,2123.2267084106866,2.531640173094321,3.98635E-5,19.887486,0.011169599,0.16793743,0.010098591,0.083220504,0.010745965,0.21101424,0.024784649,0.65570736,0.020619266,0.06670105,0.01578423,0.2506444,0.03844767,null,null,null,null,"TWOGAUSSIANS",8,2.8871758,0.65570736,0.020619266,0.37352586,0.06959727,0.24932504,0.039403543,0.16793743,0.010098591,0.4,0.0,0.20969489,0.025168147
375316653866487564,4320407491122172928,0.44646803,2117.674697623098,4.819351588875832,1.8408247E-5,19.068434,0.017643457,0.021459403,0.0013865916,0.0049804747,9.31286E-4,0.15376244,0.13455674,0.4677743,0.023323499,0.17332292,0.04321724,0.14781079,0.017364316,null,null,null,null,"TWOGAUSSIANS",8,4.419931,0.021469401,0.0013799258,0.027890658,0.0052152015,0.15542024,0.13467903,0.4677743,0.023323499,0.4,0.0,0.14320147,0.017054683
