Gaia/vari_eclipsing_binary/VariEclipsingBinary_671286-671355.csv
# %ECSV 1.0
# ---
# delimiter: ','
# meta: !!omap
# - RELEASE: Gaia DR3
# - TABLE: vari_eclipsing_binary
# - DESCRIPTION: >
#     This table describes the properties of the eclipsing binaries resulting from the variability analysis. 
# - CITATION: >
#     How to cite and acknowledge Gaia: 
#     https://gea.esac.esa.int/archive/documentation/credits.html 
# - KNOWN_ISSUES: >
#     Known issues: 
#     https://www.cosmos.esa.int/web/gaia-users/known-issues 
# - DOCUMENTATION: >
#     Tutorials and documentation: 
#     https://www.cosmos.esa.int/web/gaia-users/archive 
# datatype:
# - 
#   name: solution_id
#   datatype: int64
#   description: Solution Identifier
#   meta:
#     ucd: meta.version
# - 
#   name: source_id
#   datatype: int64
#   description: Unique source identifier
#   meta:
#     ucd: meta.id;meta.main
# - 
#   name: global_ranking
#   datatype: float32
#   description: Number between 0 (worst) and 1 (best)
#   meta:
#     ucd: stat.param
# - 
#   name: reference_time
#   datatype: float64
#   unit: d
#   description: Reference time used for the geometric model fit
#   meta:
#     ucd: time.epoch
# - 
#   name: frequency
#   datatype: float64
#   unit: d**-1
#   description: Frequency of geometric model of the eclipsing binary light curve
#   meta:
#     ucd: src.orbital
# - 
#   name: frequency_error
#   datatype: float32
#   unit: d**-1
#   description: "Uncertainty of \\texttt{frequency}"
#   meta:
#     ucd: stat.error
# - 
#   name: geom_model_reference_level
#   datatype: float32
#   unit: mag
#   description: Magnitude reference level of geometric model
#   meta:
#     ucd: phot.mag;em.opt
# - 
#   name: geom_model_reference_level_error
#   datatype: float32
#   unit: mag
#   description: "Uncertainty of \\texttt{geomModelReferenceLevel}"
#   meta:
#     ucd: stat.error;phot.mag;em.opt
# - 
#   name: geom_model_gaussian1_phase
#   datatype: float32
#   description: Phase of the Gaussian 1 component
#   meta:
#     ucd: time.phase
# - 
#   name: geom_model_gaussian1_phase_error
#   datatype: float32
#   description: "Uncertainty of \\texttt{geomModelGaussian1Phase}"
#   meta:
#     ucd: stat.error;time.phase
# - 
#   name: geom_model_gaussian1_sigma
#   datatype: float32
#   description: "Standard deviation [phase] of Gaussian 1 component"
#   meta:
#     ucd: stat.stdev
# - 
#   name: geom_model_gaussian1_sigma_error
#   datatype: float32
#   description: "Uncertainty of \\texttt{geomModelGaussian1Sigma}"
#   meta:
#     ucd: stat.error
# - 
#   name: geom_model_gaussian1_depth
#   datatype: float32
#   unit: mag
#   description: Magnitude depth of Gaussian 1 component
#   meta:
#     ucd: src.var.amplitude
# - 
#   name: geom_model_gaussian1_depth_error
#   datatype: float32
#   unit: mag
#   description: "Uncertainty of \\texttt{geomModelGaussian1Depth}"
#   meta:
#     ucd: stat.error;src.var.amplitude
# - 
#   name: geom_model_gaussian2_phase
#   datatype: float32
#   description: Phase of Gaussian 2 component
#   meta:
#     ucd: time.phase
# - 
#   name: geom_model_gaussian2_phase_error
#   datatype: float32
#   description: "Uncertainty of \\texttt{geomModelGaussian2Phase}"
#   meta:
#     ucd: stat.error;time.phase
# - 
#   name: geom_model_gaussian2_sigma
#   datatype: float32
[...]
#   datatype: float32
#   description: "Secondary eclipse: uncertainty of \\texttt{derivedSecondaryEclDuration}"
#   meta:
#     ucd: stat.error;time.duration
# - 
#   name: derived_secondary_ecl_depth
#   datatype: float32
#   unit: mag
#   description: "Secondary eclipse: depth"
#   meta:
#     ucd: src.var.amplitude
# - 
#   name: derived_secondary_ecl_depth_error
#   datatype: float32
#   unit: mag
#   description: "Secondary eclipse: uncertainty of \\texttt{derivedSecondaryEclDepth}"
#   meta:
#     ucd: stat.error;src.var.amplitude
solution_id,source_id,global_ranking,reference_time,frequency,frequency_error,geom_model_reference_level,geom_model_reference_level_error,geom_model_gaussian1_phase,geom_model_gaussian1_phase_error,geom_model_gaussian1_sigma,geom_model_gaussian1_sigma_error,geom_model_gaussian1_depth,geom_model_gaussian1_depth_error,geom_model_gaussian2_phase,geom_model_gaussian2_phase_error,geom_model_gaussian2_sigma,geom_model_gaussian2_sigma_error,geom_model_gaussian2_depth,geom_model_gaussian2_depth_error,geom_model_cosine_half_period_amplitude,geom_model_cosine_half_period_amplitude_error,geom_model_cosine_half_period_phase,geom_model_cosine_half_period_phase_error,model_type,num_model_parameters,reduced_chi2,derived_primary_ecl_phase,derived_primary_ecl_phase_error,derived_primary_ecl_duration,derived_primary_ecl_duration_error,derived_primary_ecl_depth,derived_primary_ecl_depth_error,derived_secondary_ecl_phase,derived_secondary_ecl_phase_error,derived_secondary_ecl_duration,derived_secondary_ecl_duration_error,derived_secondary_ecl_depth,derived_secondary_ecl_depth_error
[from data line 260]
375316653866487564,5904949672536110976,0.5311324,2147.0571011701963,3.4030595208606136,1.6289323E-5,19.464396,0.051216006,0.29435068,0.004054904,0.09037397,0.022748385,0.3941007,0.038587987,0.8088087,0.014658216,0.083037294,0.021756927,0.47093567,0.6409032,null,null,null,null,"TWOGAUSSIANS",8,2.5384285,0.8088087,0.014658216,0.4,0.026136493,0.46042407,0.64592886,0.29435068,0.004054904,0.4,0.0,0.38358885,0.042559393
375316653866487564,5904950428450364800,0.5277987,2109.8873751565034,2.3573662594515894,1.1121074E-5,16.157648,0.1376721,0.34952682,0.0042118346,0.16195165,0.013751087,1.1405677,0.13958094,0.8457875,0.0039652013,0.23665778,0.030229859,1.4179661,0.14161666,null,null,null,null,"TWOGAUSSIANS",8,18.587473,0.35237682,0.004747041,0.4,0.0,0.2915262,0.016838904,0.8457875,0.0039652013,0.4,0.0,0.28416434,0.010339078
375316653866487564,5904952554458143488,0.5126889,2119.6116462986015,0.10643655079635245,2.7484954E-5,17.024904,0.0023630625,0.09858989,0.0028014057,0.02693813,0.0045167054,0.059323255,0.01872367,0.5162129,0.02052424,0.043991875,0.03284312,1.0983535,3.7300954,0.005004093,0.0029745735,0.09858989,0.0028014057,"TWOGAUSSIANS_WITH_ELLIPSOIDAL_ON_ECLIPSE1",9,1.0451059,0.51631284,0.023308462,0.24635449,0.15449439,1.1059141,3.7299685,0.09858989,0.0028014057,0.15085351,0.025293551,0.069331415,0.019483374
375316653866487564,5904955994746139776,0.53341055,2152.100042951173,3.2064689060860454,2.345045E-5,17.050268,0.018653128,0.14362307,0.0038178829,0.098629534,0.012632763,0.17820823,0.015797747,0.64038265,0.0091385925,0.09403148,0.012717152,0.18890381,0.020067852,null,null,null,null,"TWOGAUSSIANS",8,9.449961,0.64038265,0.0091385925,0.4,0.0,0.17681128,0.013460385,0.14362307,0.0038178829,0.4,0.0,0.16611505,0.00979936
375316653866487564,5904956677628762368,0.5398095,2168.3619613208502,1.7630463946481563,1.1833629E-5,18.969887,0.007343979,0.32814544,0.017847028,0.06410181,0.015886718,0.13932168,0.01631794,0.852809,0.002389887,0.059479658,0.0027881695,0.3569075,0.009657639,null,null,null,null,"TWOGAUSSIANS",8,2.4292712,0.852809,0.002389887,0.33308607,0.01561375,0.35685447,0.009631695,0.32814544,0.017847028,0.35897014,0.088965625,0.1392687,0.016331056
375316653866487564,5904957025521612416,0.5522959,2164.716919579029,3.4936735887650334,1.4609664E-5,18.572514,0.01406129,0.3082075,0.0047554057,0.08361406,0.007723873,0.32116324,0.015358594,0.8063275,0.0029932063,0.08414685,0.0050121094,0.36799443,0.013810419,null,null,null,null,"TWOGAUSSIANS",8,2.4741166,0.8063275,0.0029932063,0.4,0.0,0.36016294,0.011247848,0.3082075,0.0047554057,0.4,0.0,0.31333175,0.0146630835
375316653866487564,5904957403495447936,0.5906804,2153.838408289082,3.23269113665705,7.834028E-6,16.64561,0.02097388,0.29176685,0.003145274,0.059414275,0.014830861,0.15466361,0.042324875,0.7838596,0.0037086124,0.04995761,0.006638283,0.2767215,0.04970481,0.09525548,0.026682978,0.29176685,0.003145274,"TWOGAUSSIANS_WITH_ELLIPSOIDAL_ON_ECLIPSE1",9,16.445444,0.7847996,0.002863908,0.27976263,0.037174385,0.46679506,0.017104574,0.29176685,0.003145274,0.33271992,0.08305282,0.345151,0.02826092
375316653866487564,5904957918891626240,0.53856105,2199.702892640334,2.790353974526756,2.494697E-5,16.75079,0.016686454,0.27263322,0.005249762,0.089055456,0.007478374,0.33766717,0.018663928,0.7641189,0.004398184,0.10432855,0.008655142,0.30324635,0.018240366,null,null,null,null,"TWOGAUSSIANS",8,27.695776,0.27263322,0.005249762,0.4,0.0,0.31768176,0.015586592,0.7641189,0.004398184,0.4,0.0,0.28325436,0.01830092
375316653866487564,5904958365569196672,0.6455639,2189.2476499404806,3.368048509558183,6.24004E-6,16.501665,0.008859133,0.20775378,0.0011169907,0.045095578,0.0028987147,0.37375644,0.01968868,0.7117616,0.0018320241,0.043318458,0.0028193686,0.31284335,0.020146681,0.1405301,0.011230613,0.20775378,0.0011169907,"TWOGAUSSIANS_WITH_ELLIPSOIDAL_ON_ECLIPSE1",9,14.973871,0.20775378,0.0011169907,0.25253522,0.016232803,0.65481603,0.017596101,0.7117616,0.0018320241,0.24258336,0.015788464,0.5937248,0.011506436
375316653866487564,5904959224550443520,0.4206094,2179.647350732861,2.029015373945869,2.1426069E-5,17.802761,0.013859925,0.18147707,0.0030058038,0.009019597,0.004959863,0.0946376,0.046263553,0.7185648,0.0184151,0.037632383,0.047293056,0.07965123,0.089479744,null,null,null,null,"TWOGAUSSIANS",8,9.741479,0.18147707,0.0030058038,0.050509747,0.027775235,0.0946376,0.046263553,0.7185648,0.0184151,0.21074136,0.2648411,0.07965123,0.089479744
375316653866487564,5904959323332200704,0.4339112,2163.7377049987485,2.5025067680976014,3.0708572E-5,16.277052,0.07961601,0.18219922,0.010563316,0.1247813,0.039318237,0.16590849,0.077476025,0.6659035,0.019362163,0.10859513,0.033655055,0.16091786,0.089923345,null,null,null,null,"TWOGAUSSIANS",8,35.190113,0.18221922,0.010562047,0.4,0.0,0.1376855,0.01201086,0.6659035,0.019362163,0.4,0.0,0.1328073,0.023371717
375316653866487564,5904959460770779008,0.5762605,2165.1815061539673,4.87519255721859,1.1489506E-5,18.673357,0.012794003,0.21216488,0.0017435367,0.06944305,0.0028465332,0.42829087,0.020483684,0.71576387,0.004216316,0.0750441,0.004661485,0.5692322,0.038606554,null,null,null,null,"TWOGAUSSIANS",8,3.058928,0.71576387,0.004216316,0.4,0.0,0.566949,0.038794953,0.21216488,0.0017435367,0.38888106,0.015940586,0.4260077,0.020152407
375316653866487564,5904960014822878464,0.52002776,2171.641916572747,2.217942722103656,3.271422E-5,19.119726,0.011081448,0.17395003,0.0034618205,0.052303493,0.004164489,0.4782962,0.018463321,0.83791476,0.002871755,0.043847118,0.002902143,0.56413937,0.039917335,null,null,null,null,"TWOGAUSSIANS",8,6.342106,0.83791476,0.002871755,0.24554387,0.016252002,0.56413937,0.039917335,0.17395003,0.0034618205,0.29289955,0.023321139,0.4782962,0.018463321
375316653866487564,5904962248204704000,0.5312531,2153.5376097223916,2.8675474840777357,2.8799497E-5,19.368132,0.059266217,0.2710477,0.0046307724,0.08704417,0.012080595,0.38109627,0.05718144,0.78272015,0.008587163,0.10426258,0.021135624,0.3259336,0.056108,null,null,null,null,"TWOGAUSSIANS",8,2.7008963,0.2710477,0.004629657,0.4,0.0,0.361653,0.02777417,0.78272015,0.008587163,0.4,0.0,0.30648288,0.02327048
375316653866487564,5904962278268692224,0.48079318,2096.6312192206383,1.3492545637360036,1.681973E-5,18.773664,0.008329525,0.23853293,0.003234,0.022901531,0.003971958,0.45852068,0.17706637,0.8285145,0.054480515,0.05530418,0.030860225,0.044774827,0.019441063,null,null,null,null,"TWOGAUSSIANS",8,4.7383437,0.23853293,0.003234,0.12824857,0.022242965,0.45852068,0.17706637,0.8285145,0.054480515,0.3097034,0.17281726,0.044774827,0.019441063
375316653866487564,5904963278998048128,0.566019,2141.9771170700224,1.7991384268188415,2.0809672E-5,19.686342,0.009166361,0.22299618,0.0020642316,0.027995119,0.0016014196,0.6793939,0.035119187,0.7163527,0.010234536,0.023607977,0.008748532,0.58475626,0.66153204,null,null,null,null,"TWOGAUSSIANS",8,2.7958903,0.22299618,0.0020642316,0.15677266,0.00896795,0.6793939,0.035119187,0.7163527,0.010234536,0.13220468,0.048991777,0.58475626,0.66153204
375316653866487564,5904963279011540096,0.6451874,2146.478439743447,2.585554026656122,2.065495E-6,15.563277,0.0049321484,0.2503719,0.0045898585,0.100121744,0.0060220347,0.1930438,0.01101835,0.7448084,5.916154E-4,0.08736547,0.0025218492,0.3253123,0.0059240093,null,null,null,null,"TWOGAUSSIANS",8,7.200059,0.7448084,5.916154E-4,0.4,0.0,0.31247005,0.006420985,0.2503719,0.0045898585,0.4,0.0,0.18020007,0.01293755
375316653866487564,5904964172368175488,0.4382728,2142.527633166918,2.4159282265851765,8.837964E-5,18.412354,0.015348685,0.3533673,0.024971193,0.0753805,0.025204314,0.12993714,0.036646504,0.774569,0.022992358,0.07796912,0.0195469,0.07351759,0.016150262,null,null,null,null,"TWOGAUSSIANS",8,8.588621,0.3533673,0.024971193,0.4,0.03749773,0.12978084,0.03676692,0.774569,0.022992358,0.4,0.009286208,0.07336129,0.01503434
375316653866487564,5904964653387683584,0.48047283,2180.840523607113,0.05324660033344521,1.942568E-4,19.019869,0.047697168,0.41543582,0.02650512,0.17486222,0.0871526,0.124888085,0.036062,0.6923896,0.0056501287,0.039510474,0.006713417,0.43437716,0.1495963,null,null,null,null,"TWOGAUSSIANS",8,2.7527742,0.6923896,0.0056501287,0.22125866,0.037595134,0.46584046,0.14971475,0.41543582,0.02650512,0.4,0.0,0.12069879,0.023134748
375316653866487564,5904967677057603072,0.511773,2127.7959259752415,3.8203629613620684,2.1805205E-5,18.10374,0.032022484,0.30240756,0.003500365,0.08631297,0.015106992,0.23227072,0.034300264,0.8048508,0.009625672,0.105386354,0.021925068,0.20846272,0.030589983,null,null,null,null,"TWOGAUSSIANS",8,7.3710847,0.30240756,0.0035029037,0.4,0.0,0.21826439,0.02955837,0.8048508,0.009625672,0.4,0.0,0.19445099,0.019401804
375316653866487564,5904969017091137792,0.56381315,2108.880002140012,2.8742562718992875,4.3286516E-5,18.074785,0.024936125,0.18897195,0.010715323,0.07230055,0.01261512,0.52323323,0.044466715,0.701001,0.008852904,0.07192891,0.007164106,0.42109394,0.028507952,null,null,null,null,"TWOGAUSSIANS",8,17.978104,0.18897195,0.010715323,0.4,0.019049274,0.52151203,0.044316906,0.701001,0.008852904,0.4,0.023539377,0.41937274,0.026324125
375316653866487564,5904971143082398976,0.5511836,2134.6535359248865,1.5859693797441625,1.30674725E-5,16.836643,0.0023167334,0.26394993,0.0025842935,0.059333228,0.0039068027,0.06725984,0.005450041,null,null,null,null,null,null,0.048647,0.0035630192,0.26394993,0.0025842935,"ONEGAUSSIAN_WITH_ELLIPSOIDAL",6,4.8469143,0.26394993,0.0025842935,0.33226606,0.021878095,0.16454439,0.0051013436,null,null,null,null,null,null
375316653866487564,5904971490988626688,0.5062625,2123.7810179152384,2.823013626222084,3.4962144E-5,16.446173,0.039857652,0.28086942,0.005209413,0.109786786,0.016581679,0.23795113,0.03622828,0.77080137,0.016477885,0.102684684,0.028615713,0.23281614,0.04012324,null,null,null,null,"TWOGAUSSIANS",8,50.879642,0.28086942,0.0051980554,0.4,0.0,0.21157585,0.01221258,0.77080137,0.016477885,0.4,0.0,0.20645334,0.037768357
375316653866487564,5904971594067853056,0.54501766,2143.2893382437533,3.7755268693639805,2.4465657E-5,18.69619,0.012511667,0.26695523,0.006662808,0.07974476,0.0086013675,0.45143282,0.022742657,0.7612707,0.004998385,0.08341188,0.0068718507,0.33049947,0.027010936,null,null,null,null,"TWOGAUSSIANS",8,2.786373,0.26695523,0.006662808,0.4,0.0,0.44512928,0.023293814,0.7612707,0.004998385,0.4,0.0,0.32419592,0.027807336
375316653866487564,5904973685703025408,0.6627836,2129.9414776000904,3.615192033751808,6.0781604E-6,16.175016,0.009995124,0.23318006,0.001492031,0.045362197,0.00448517,0.26432118,0.016856205,0.74923855,0.024346972,0.039545506,0.016211418,0.19277138,0.053548824,0.12710106,0.0117346635,0.23318006,0.001492031,"TWOGAUSSIANS_WITH_ELLIPSOIDAL_ON_ECLIPSE1",9,14.055612,0.23318006,0.001492031,0.2540283,0.02511695,0.51852286,0.009686529,0.74923855,0.024346972,0.22145484,0.09078394,0.44439393,0.056139763
375316653866487564,5904973827454569984,0.56095564,2108.527413379929,3.873361572613646,1.1734338E-5,18.347355,0.015054716,0.25420502,0.003840246,0.083090566,0.005861957,0.42904145,0.015470991,0.7589884,0.010185069,0.08187529,0.0075956867,0.3930336,0.015433975,null,null,null,null,"TWOGAUSSIANS",8,5.1072936,0.25420502,0.003840246,0.4,0.0,0.42143106,0.013958531,0.7589884,0.010185069,0.4,0.0,0.38542324,0.012029491
375316653866487564,5904973926220253952,0.47712564,2125.6093384771425,0.06784116720990957,1.8229166E-5,18.833542,0.008267792,0.4023112,9.817678E-4,0.0091515025,0.0010991384,0.14809598,0.028485307,0.9057248,0.010526981,0.03862975,0.013475992,0.055664763,0.024022553,0.04324033,0.011198035,0.4023112,9.817678E-4,"TWOGAUSSIANS_WITH_ELLIPSOIDAL_ON_ECLIPSE1",9,3.3875468,0.4023112,9.817678E-4,0.051248413,0.006155175,0.23457655,0.018728534,0.9057248,0.009600542,0.21632661,0.07546555,0.14210556,0.021444064
375316653866487564,5904975300609852416,0.5582887,2188.236721638851,2.0347779671700725,1.8016754E-5,18.93095,0.011770713,0.24199453,3.138047E-5,0.005459659,1.427945E-4,1.768108,0.06627424,0.69058585,0.027538992,0.06587782,0.027560135,0.029844588,0.020057026,null,null,null,null,"TWOGAUSSIANS",8,3.5890388,0.24199453,3.138047E-5,0.030574089,7.996492E-4,1.768108,0.06627419,0.69058585,0.027538992,0.36891577,0.098752774,0.029844588,0.020057023
375316653866487564,5904975373625386112,0.5000611,2188.044003095162,3.225362601155207,6.159731E-5,19.03631,0.23372091,0.29933846,0.012133185,0.10649489,0.02179802,0.2502717,0.12971236,0.7694731,0.012518057,0.17005263,0.09305131,0.2386542,0.23352076,null,null,null,null,"TWOGAUSSIANS",8,2.109169,0.30184844,0.010487848,0.4,0.0,0.18269461,0.027032234,0.7694731,0.012518057,0.4,0.0,0.16394435,0.01742494
375316653866487564,5904975850365051136,0.44235408,2151.9990979161503,1.7915135934643582,1.0567059E-4,17.93391,0.046186812,0.26336807,0.018184358,0.08444874,0.03293199,0.13443615,0.043121688,0.74396884,0.01083943,0.12911613,0.06313302,0.08560152,0.041326802,null,null,null,null,"TWOGAUSSIANS",8,6.0696373,0.26345807,0.017926347,0.4,0.036227293,0.12432989,0.015483216,0.74396884,0.01083943,0.4,0.0,0.07538507,0.0081381155
375316653866487564,5904977813180936448,0.47412464,2150.9953282823126,0.387299050311592,3.964025E-5,18.372322,0.009364103,0.11642404,0.020854898,0.02432703,0.012598306,0.10836502,0.07643836,0.5924302,0.013184904,0.065575324,0.013376535,0.37490526,0.15328814,null,null,null,null,"TWOGAUSSIANS",8,10.322347,0.5924302,0.013184904,0.36722183,0.051020317,0.37490523,0.15328865,0.11642404,0.020854898,0.13623138,0.070550516,0.108365,0.07643835
375316653866487564,5904979565514848256,0.5476107,2179.7292015201047,3.0365467001827304,1.158359E-5,18.797203,0.037470397,0.27467662,0.0037952424,0.10294309,0.010163799,0.38779905,0.0341927,0.7715689,0.0072582737,0.10718349,0.015997356,0.3776754,0.03380507,null,null,null,null,"TWOGAUSSIANS",8,2.6328354,0.27467662,0.003798533,0.4,0.0,0.34428126,0.013537188,0.7715689,0.0072582737,0.4,0.0,0.33414918,0.02033317
375316653866487564,5904980248409364224,0.5421705,2151.6159385568467,0.4972153031481298,1.5938038E-4,18.668243,0.008207054,0.40139773,0.026752857,0.045884635,0.013545867,0.2646107,0.08295117,0.0515465,0.056513414,0.11669052,0.07411131,0.017129032,0.008677025,null,null,null,null,"TWOGAUSSIANS",8,1.1010551,0.40135774,0.026727928,0.25695395,0.07585686,0.26478118,0.08300338,0.0515465,0.056513414,0.4,0.0,0.017108027,0.008568046
375316653866487564,5904982550510048000,0.57662064,2165.5715119324304,1.7725493176855822,1.4755448E-5,16.040405,0.006842528,0.28046268,0.0023651908,0.09897335,0.0062357225,0.10101269,0.0065407148,0.78382856,0.008132924,0.11244985,0.011760755,0.103416614,0.006727112,null,null,null,null,"TWOGAUSSIANS",8,3.2256157,0.78382856,0.008132924,0.4,0.0,0.09142329,0.0026098911,0.28045267,0.002376778,0.4,0.0,0.089029394,0.0027700777
375316653866487564,5904983894854742528,0.6268578,2187.3302414656364,1.1470545692757905,3.0422746E-6,15.761562,0.0031340201,0.17319454,0.0018941162,0.039470185,0.0024607466,0.2239747,0.009689162,0.670299,2.6798216E-4,0.036622655,0.0036255077,0.05951637,0.005227574,0.017402988,0.0041001295,0.17319454,0.0018941162,"TWOGAUSSIANS_WITH_ELLIPSOIDAL_ON_ECLIPSE1",9,4.797355,0.17319454,0.0018941162,0.22103302,0.01378018,0.2587806,0.010762976,0.670469,1.5910291E-4,0.20508686,0.020302843,0.09431143,0.003320257
