Gaia/vari_eclipsing_binary/VariEclipsingBinary_463536-463548.csv
# %ECSV 1.0
# ---
# delimiter: ','
# meta: !!omap
# - RELEASE: Gaia DR3
# - TABLE: vari_eclipsing_binary
# - DESCRIPTION: >
#     This table describes the properties of the eclipsing binaries resulting from the variability analysis. 
# - CITATION: >
#     How to cite and acknowledge Gaia: 
#     https://gea.esac.esa.int/archive/documentation/credits.html 
# - KNOWN_ISSUES: >
#     Known issues: 
#     https://www.cosmos.esa.int/web/gaia-users/known-issues 
# - DOCUMENTATION: >
#     Tutorials and documentation: 
#     https://www.cosmos.esa.int/web/gaia-users/archive 
# datatype:
# - 
#   name: solution_id
#   datatype: int64
#   description: Solution Identifier
#   meta:
#     ucd: meta.version
# - 
#   name: source_id
#   datatype: int64
#   description: Unique source identifier
#   meta:
#     ucd: meta.id;meta.main
# - 
#   name: global_ranking
#   datatype: float32
#   description: Number between 0 (worst) and 1 (best)
#   meta:
#     ucd: stat.param
# - 
#   name: reference_time
#   datatype: float64
#   unit: d
#   description: Reference time used for the geometric model fit
#   meta:
#     ucd: time.epoch
# - 
#   name: frequency
#   datatype: float64
#   unit: d**-1
#   description: Frequency of geometric model of the eclipsing binary light curve
#   meta:
#     ucd: src.orbital
# - 
#   name: frequency_error
#   datatype: float32
#   unit: d**-1
#   description: "Uncertainty of \\texttt{frequency}"
#   meta:
#     ucd: stat.error
# - 
#   name: geom_model_reference_level
#   datatype: float32
#   unit: mag
#   description: Magnitude reference level of geometric model
#   meta:
#     ucd: phot.mag;em.opt
# - 
#   name: geom_model_reference_level_error
#   datatype: float32
#   unit: mag
#   description: "Uncertainty of \\texttt{geomModelReferenceLevel}"
#   meta:
#     ucd: stat.error;phot.mag;em.opt
# - 
#   name: geom_model_gaussian1_phase
#   datatype: float32
#   description: Phase of the Gaussian 1 component
#   meta:
#     ucd: time.phase
# - 
#   name: geom_model_gaussian1_phase_error
#   datatype: float32
#   description: "Uncertainty of \\texttt{geomModelGaussian1Phase}"
#   meta:
#     ucd: stat.error;time.phase
# - 
#   name: geom_model_gaussian1_sigma
#   datatype: float32
#   description: "Standard deviation [phase] of Gaussian 1 component"
#   meta:
#     ucd: stat.stdev
# - 
#   name: geom_model_gaussian1_sigma_error
#   datatype: float32
#   description: "Uncertainty of \\texttt{geomModelGaussian1Sigma}"
#   meta:
#     ucd: stat.error
# - 
#   name: geom_model_gaussian1_depth
#   datatype: float32
#   unit: mag
#   description: Magnitude depth of Gaussian 1 component
#   meta:
#     ucd: src.var.amplitude
# - 
#   name: geom_model_gaussian1_depth_error
#   datatype: float32
#   unit: mag
#   description: "Uncertainty of \\texttt{geomModelGaussian1Depth}"
#   meta:
#     ucd: stat.error;src.var.amplitude
# - 
#   name: geom_model_gaussian2_phase
#   datatype: float32
#   description: Phase of Gaussian 2 component
#   meta:
#     ucd: time.phase
# - 
#   name: geom_model_gaussian2_phase_error
#   datatype: float32
#   description: "Uncertainty of \\texttt{geomModelGaussian2Phase}"
#   meta:
#     ucd: stat.error;time.phase
# - 
#   name: geom_model_gaussian2_sigma
#   datatype: float32
[...]
#   datatype: float32
#   description: "Secondary eclipse: uncertainty of \\texttt{derivedSecondaryEclDuration}"
#   meta:
#     ucd: stat.error;time.duration
# - 
#   name: derived_secondary_ecl_depth
#   datatype: float32
#   unit: mag
#   description: "Secondary eclipse: depth"
#   meta:
#     ucd: src.var.amplitude
# - 
#   name: derived_secondary_ecl_depth_error
#   datatype: float32
#   unit: mag
#   description: "Secondary eclipse: uncertainty of \\texttt{derivedSecondaryEclDepth}"
#   meta:
#     ucd: stat.error;src.var.amplitude
solution_id,source_id,global_ranking,reference_time,frequency,frequency_error,geom_model_reference_level,geom_model_reference_level_error,geom_model_gaussian1_phase,geom_model_gaussian1_phase_error,geom_model_gaussian1_sigma,geom_model_gaussian1_sigma_error,geom_model_gaussian1_depth,geom_model_gaussian1_depth_error,geom_model_gaussian2_phase,geom_model_gaussian2_phase_error,geom_model_gaussian2_sigma,geom_model_gaussian2_sigma_error,geom_model_gaussian2_depth,geom_model_gaussian2_depth_error,geom_model_cosine_half_period_amplitude,geom_model_cosine_half_period_amplitude_error,geom_model_cosine_half_period_phase,geom_model_cosine_half_period_phase_error,model_type,num_model_parameters,reduced_chi2,derived_primary_ecl_phase,derived_primary_ecl_phase_error,derived_primary_ecl_duration,derived_primary_ecl_duration_error,derived_primary_ecl_depth,derived_primary_ecl_depth_error,derived_secondary_ecl_phase,derived_secondary_ecl_phase_error,derived_secondary_ecl_duration,derived_secondary_ecl_duration_error,derived_secondary_ecl_depth,derived_secondary_ecl_depth_error
[from data line 722]
375316653866487564,4077394702461116672,0.57906115,2345.5427828643965,2.603123751235526,2.8312237E-5,19.453663,0.011772772,0.29287556,0.0012646726,0.018890603,0.0023278594,1.5590267,0.73508555,0.79984236,3.5672344E-4,0.014813781,0.0022657462,0.176383,0.024520665,0.10210226,0.019061692,0.29287556,0.0012646726,"TWOGAUSSIANS_WITH_ELLIPSOIDAL_ON_ECLIPSE1",9,2.389629,0.29287556,0.0012646726,0.10578737,0.013036013,1.7632309,0.7548419,0.79984236,3.5672344E-4,0.08295717,0.012688179,0.38019627,0.017094305
375316653866487564,4077394766889957760,0.5315234,2305.1441102527497,2.5364520982370244,3.2942728E-5,19.052158,0.0628479,0.20350456,0.003448087,0.081454,0.008151511,0.60203326,0.06549531,0.73295623,0.0076685944,0.120655455,0.022848027,0.42324585,0.046507437,null,null,null,null,"TWOGAUSSIANS",8,3.8875525,0.20344456,0.0034835266,0.4,0.0,0.57164454,0.04764237,0.73295623,0.0076685944,0.4,0.0,0.39261824,0.02594754
375316653866487564,4077394973029505536,0.61976796,2268.39675067427,0.9373598679042454,1.9817233E-5,17.509504,0.019027187,0.19166479,0.0047067893,0.051044278,0.019594217,0.1564232,0.08584953,0.69012713,0.0039603114,0.056120425,0.00663959,0.29139704,0.040560726,0.09345335,0.024187064,0.19166479,0.0047067893,"TWOGAUSSIANS_WITH_ELLIPSOIDAL_ON_ECLIPSE1",9,4.094871,0.6903372,0.0033677388,0.31427437,0.0371817,0.47827473,0.01737143,0.19166479,0.0047067893,0.28584796,0.10972761,0.34331596,0.11206258
375316653866487564,4077395179247864448,0.5203799,2212.203888479616,1.7891201676466135,4.8735146E-5,19.450644,0.006799328,0.41305378,0.0026589134,0.023163127,0.0011114216,0.9073602,0.084699094,null,null,null,null,null,null,null,null,null,null,"ONEGAUSSIAN",5,1.0316269,0.41305378,0.0026589134,0.12971352,0.006223961,0.9073602,0.0,null,null,null,null,null,null
375316653866487564,4077395217896912000,0.49368504,2285.200621614509,1.725486238252412,2.0641643E-5,17.642624,0.005229108,null,null,null,null,null,null,null,null,null,null,null,null,0.104867935,0.008411042,0.29985967,0.0044920994,"ELLIPSOIDAL",4,14.397053,null,null,null,null,null,null,null,null,null,null,null,null
375316653866487564,4077395454126824320,0.50092274,2204.943586141093,0.21610024908049702,3.752926E-5,19.124277,0.012240035,0.50458163,0.008174238,0.060286637,0.0070536816,0.36027437,0.0417947,0.7681736,0.018079583,0.024582269,0.008180727,0.108472064,0.039157636,null,null,null,null,"TWOGAUSSIANS",8,4.1087976,0.50458163,0.008174238,0.33760518,0.03950062,0.36027437,0.0417947,0.7681736,0.018079583,0.1376607,0.045812074,0.10849749,0.039175134
375316653866487564,4077395488486679808,0.56466174,2213.3356241455404,0.38280060070271804,1.0475425E-4,18.049503,0.010905109,0.48732892,0.04679642,0.13860491,0.06544941,0.055577412,0.050854653,0.7676213,0.00979131,0.046242986,0.0060384413,0.48054755,0.053826865,null,null,null,null,"TWOGAUSSIANS",8,9.366233,0.7676213,0.00979131,0.25896072,0.033815272,0.4875694,0.048090097,0.48732892,0.04679642,0.4,0.0,0.055406578,0.051259156
375316653866487564,4077395728973584128,0.45207316,2244.914306503606,0.4925430917558797,5.2382373E-5,18.506832,0.060918998,0.31688443,0.037059102,0.13193086,0.029586216,0.6969092,0.16250375,0.71809095,0.007082948,0.03436442,0.013678092,0.37211156,0.060324878,null,null,null,null,"TWOGAUSSIANS",8,7.5930705,0.31688443,0.037059102,0.4,0.0,0.69514745,0.16137703,0.71809095,0.007082948,0.19244076,0.07659731,0.37721264,0.06063068
375316653866487564,4077395797693116032,0.5560806,2270.0284056512464,0.6425934593353084,2.4335444E-5,17.919249,0.0062239673,0.24655126,0.016715795,0.0626809,0.009050915,0.15202926,0.030831091,0.7776519,0.049911115,0.06318476,0.029103495,0.118760385,0.05076793,null,null,null,null,"TWOGAUSSIANS",8,1.2832224,0.24655126,0.016715795,0.35101303,0.050685126,0.15199271,0.03066315,0.7776519,0.049911115,0.3538347,0.15035073,0.11872384,0.05078819
375316653866487564,4077395900742888704,0.4673875,2284.976896028276,0.11079384446657889,9.0215864E-5,17.92172,0.010823667,0.10246829,0.043963898,0.06436435,0.06446234,0.13253947,1.8294265,0.6500638,0.008608044,0.07350408,0.0122275725,0.13640605,0.011709377,null,null,null,null,"TWOGAUSSIANS",8,4.721701,0.6500638,0.008608044,0.4,0.008913994,0.13630526,0.01158143,0.10246829,0.043963898,0.36044037,0.36098912,0.13243867,1.8295362
375316653866487564,4077395905091677440,0.47756124,2317.407282812852,2.108618049150598,4.4662876E-5,17.619253,0.78970695,0.27227265,0.015808538,0.17873092,0.09070107,0.87596095,0.7425272,0.77982515,0.00789046,0.1735046,0.0675986,0.9319807,0.7319073,null,null,null,null,"TWOGAUSSIANS",8,13.065713,0.78223515,0.0045955405,0.4,0.0,0.32812956,0.023891307,0.26962262,0.01394065,0.4,0.0,0.26641566,0.020679194
375316653866487564,4077396244369766400,0.4723459,2300.958468150528,2.38425995693975,3.0125642E-5,19.243238,0.019216063,0.19876945,0.0073532416,0.067295745,0.011699696,0.25899532,0.03467197,0.67585915,0.0146938125,0.105386466,0.02723638,0.20483084,0.037063397,null,null,null,null,"TWOGAUSSIANS",8,3.0267754,0.19876945,0.007356483,0.37685615,0.050954986,0.25456318,0.03604767,0.67585915,0.0146938125,0.4,0.0,0.2003905,0.039203808
375316653866487564,4077396244389195392,0.48053238,2359.846549544284,0.035718806189955064,3.081171E-5,19.689466,0.02509025,0.3062988,0.046045974,0.094033726,0.048998248,0.32009125,0.12199294,0.7336484,0.002808054,0.054994397,0.0041396366,0.5150683,0.07435587,null,null,null,null,"TWOGAUSSIANS",8,3.257825,0.7336484,0.002808054,0.30796862,0.023181964,0.51462424,0.07423065,0.3062988,0.046045974,0.4,0.12375603,0.3196367,0.1223424
375316653866487564,4077396901486662272,0.5246838,2326.1994863275477,1.2604588933739023,2.9620012E-5,17.40782,0.031216135,0.26908025,0.0066275257,0.11009358,0.02038102,0.19930476,0.03162384,0.7840914,0.003777938,0.101622954,0.012785104,0.23224607,0.029305752,null,null,null,null,"TWOGAUSSIANS",8,6.771904,0.78411144,0.003782986,0.4,0.0,0.21005067,0.010918991,0.26907024,0.0066221105,0.4,0.0,0.17709689,0.026487276
375316653866487564,4077396931587269248,0.5626733,2325.513401572167,3.288073264585968,3.464508E-5,18.446579,0.0195619,0.26160365,0.0053867963,0.043330356,0.009806636,0.30074295,0.082164615,0.74245703,0.007005961,0.0591556,0.007569137,0.29318216,0.050206874,0.10052192,0.028947266,0.26160365,0.0053867963,"TWOGAUSSIANS_WITH_ELLIPSOIDAL_ON_ECLIPSE1",9,5.7312136,0.26160365,0.0053867963,0.24264999,0.05491716,0.5017764,0.08535634,0.745497,0.0055919783,0.33127135,0.04238717,0.4917767,0.026102252
375316653866487564,4077396935884334080,0.4738046,2326.3302801937884,3.1614350059037837,4.5543246E-5,16.981815,0.041381635,0.24808301,0.015337002,0.102245726,0.020714942,0.30247828,0.05050221,0.7292508,0.010842952,0.07786931,0.013714241,0.28875157,0.05303672,null,null,null,null,"TWOGAUSSIANS",8,99.304115,0.24808301,0.015337002,0.4,0.0,0.29321253,0.046441454,0.7292508,0.010842952,0.4,0.019779505,0.2794913,0.047127273
375316653866487564,4077397004603830912,0.45864484,2316.938372838473,0.7408282528568726,2.5626898E-4,19.630589,0.007727155,0.47834516,0.080451265,0.07340058,0.07262587,0.09578964,1.1761902E7,0.7031924,0.08723203,0.13095796,0.061466657,0.151751,0.0444646,null,null,null,null,"TWOGAUSSIANS",8,2.2159123,0.7031924,0.08723203,0.4,0.0,0.15236486,0.044527825,0.51717514,0.1850976,0.4,0.36416575,0.13835299,1.1761902E7
375316653866487564,4077397137743684992,0.48502183,2271.408011577296,2.4188785183089636,4.243331E-5,19.415983,0.066547334,0.29000962,0.01882605,0.082067296,0.015049827,0.2528509,0.079637386,0.6877729,0.019190038,0.14591289,0.041227512,0.2551929,0.06498699,null,null,null,null,"TWOGAUSSIANS",8,2.959751,0.29322964,0.017115708,0.4,0.0,0.24443765,0.068867825,0.6877729,0.019190038,0.4,0.0,0.24033467,0.027565477
375316653866487564,4077397584422109568,0.61171377,2330.2168465127234,1.9101119639478914,7.842776E-6,18.418472,0.012074057,0.30405104,0.0024470957,0.082521066,0.007676317,0.10422048,0.011763142,0.7999757,0.002025985,0.06134086,0.0036388554,0.47344413,0.016685385,null,null,null,null,"TWOGAUSSIANS",8,2.860085,0.7999757,0.002025985,0.3435088,0.02037759,0.47262454,0.016602764,0.30405104,0.0024470957,0.4,0.0,0.1034009,0.011153715
375316653866487564,4077397721861116800,0.48602837,2332.446197663724,0.13824221035852,4.338174E-5,19.770159,0.037129074,0.28722233,0.012732829,0.13047673,0.047884725,0.28010526,0.12345889,0.75039667,0.004577961,0.04644784,0.008481819,0.3001216,0.034607016,null,null,null,null,"TWOGAUSSIANS",8,1.5032411,0.75039667,0.004577961,0.2601079,0.04749819,0.2956762,0.030453334,0.28722233,0.012732829,0.4,0.0,0.2750868,0.12781242
375316653866487564,4077397962380685952,0.6114346,2283.846943181645,1.2686444161764185,1.1250817E-5,17.848558,0.009125568,0.21239506,0.007119986,0.08503926,0.005492425,0.4250611,0.02211191,0.71845156,0.003018585,0.07772258,0.0048759785,0.43227708,0.022091186,null,null,null,null,"TWOGAUSSIANS",8,3.3082726,0.71845156,0.003018585,0.4,0.0,0.42546454,0.02354738,0.21239506,0.007119986,0.4,0.0,0.41824853,0.02100886
375316653866487564,4077397966676613504,0.4941826,2272.2849981287486,0.5789493332068065,5.7973793E-5,19.44873,0.014355737,0.31478584,0.016381571,0.062133893,0.015158263,0.23326388,0.042227115,0.7927983,0.013063528,0.07213247,0.017856952,0.17431116,0.018564442,null,null,null,null,"TWOGAUSSIANS",8,2.0813503,0.31478584,0.016381571,0.3479498,0.08234205,0.23305641,0.04215724,0.7927983,0.013063528,0.4,0.048314553,0.17410369,0.018214287
375316653866487564,4077398099819806208,0.47438812,2308.448982930175,0.3604813022456068,6.908968E-5,18.868355,0.07192474,0.23052655,0.008664129,0.08856586,0.022855178,0.44994152,0.05746382,0.7283964,0.03414121,0.082670055,0.04226784,0.3651813,0.054882873,null,null,null,null,"TWOGAUSSIANS",8,6.9465475,0.23052655,0.008659153,0.4,0.0,0.43890467,0.036854856,0.7283964,0.03414121,0.4,0.047605917,0.35414454,0.050146632
375316653866487564,4077398134185345792,0.53193367,2247.361150030835,3.8174661612305387,3.3912896E-5,17.575512,0.047985546,0.13719356,0.012720649,0.08301071,0.021157531,0.32318607,0.050679263,0.6342546,0.03650946,0.034288406,0.053953342,0.53692013,0.4627614,null,null,null,null,"TWOGAUSSIANS",8,27.582552,0.6342546,0.03650946,0.19201508,0.2054321,0.536851,0.46822143,0.13719356,0.012720649,0.4,0.0,0.32311696,0.04631348
375316653866487564,4077398168545770112,0.4814718,2220.583448689877,2.1660639175507135,3.0238147E-5,18.609318,0.004924047,null,null,null,null,null,null,null,null,null,null,null,null,0.0911943,0.0067482456,0.28606927,0.0062746126,"ELLIPSOIDAL",4,3.6539407,null,null,null,null,null,null,null,null,null,null,null,null
375316653866487564,4077398168545774720,0.5026222,2269.3061344506164,0.2809357554238071,2.683466E-5,18.950829,0.008417459,0.50432855,0.034601413,0.025822584,0.0237351,0.2602185,0.40915674,0.79639655,0.006312493,0.060569227,0.016179716,0.14914007,0.08947667,0.08237181,0.007116732,0.79639655,0.006312493,"TWOGAUSSIANS_WITH_ELLIPSOIDAL_ON_ECLIPSE2",9,2.1096876,0.79639655,0.006312493,0.33918768,0.090606414,0.31385243,0.08882837,0.5029485,0.05129134,0.14460647,0.13291657,0.2717926,0.4012053
375316653866487564,4077398237265242624,0.5264216,2238.472680416957,2.342578958546676,4.3570755E-5,18.957409,0.020831564,0.25435576,0.0072846706,0.073589295,0.009035424,0.42010114,0.027541855,0.75673974,0.02336161,0.068002455,0.014574702,0.3613758,0.0398282,null,null,null,null,"TWOGAUSSIANS",8,6.483806,0.25435576,0.0072846706,0.4,0.016342463,0.41865915,0.026977101,0.75673974,0.02336161,0.38081375,0.08161833,0.35993382,0.038444106
375316653866487564,4077398305922927104,0.5834374,2251.5189796799423,2.298484858244531,1.683913E-5,17.02702,0.012583871,0.24800126,0.003987404,0.077961124,0.0043891743,0.4627231,0.027691599,0.7493619,0.009897838,0.088702075,0.009673436,0.43438897,0.04645021,null,null,null,null,"TWOGAUSSIANS",8,19.089518,0.24800126,0.003987404,0.4,0.0,0.45305076,0.02750443,0.7493619,0.009897838,0.4,0.0,0.42471647,0.047175094
375316653866487564,4077398447712486016,0.50195664,2219.514264990727,0.5779194882547848,2.4078334E-5,18.737474,0.020267097,0.35713366,0.012461705,0.12477029,0.01266242,0.46972424,0.064928904,0.8204465,0.0018442789,0.029790042,0.011365448,1.0845557,1.238147,null,null,null,null,"TWOGAUSSIANS",8,3.4099216,0.8204465,0.0018442789,0.16682424,0.06364651,1.0829662,1.2406704,0.35713366,0.012461705,0.4,0.0,0.46761358,0.06505187
375316653866487564,4077398512143050880,0.45979154,2189.1658758012613,1.4584045977881182,6.483699E-5,19.538734,0.0454092,0.40335384,0.042401575,0.14827926,0.05753238,0.28014418,0.04375393,0.829317,0.007424043,0.041477248,0.014519805,0.23831837,0.11730778,null,null,null,null,"TWOGAUSSIANS",8,3.138304,0.40335384,0.042401575,0.4,0.0,0.27529222,0.040426098,0.829317,0.007424043,0.23227258,0.081310906,0.2381449,0.12138517
375316653866487564,4077398683942024832,0.551651,2276.776987535366,1.2560678937592873,1.6838401E-5,17.744337,0.0065487674,0.2806143,0.003966408,0.06404336,0.013963929,0.54280686,0.2859639,0.7679909,0.009118703,0.066870555,0.013308983,0.10489674,0.02875974,null,null,null,null,"TWOGAUSSIANS",8,2.3096054,0.2806143,0.003966408,0.35864282,0.043921772,0.5425927,0.28666538,0.7679909,0.009118703,0.37447512,0.045841783,0.10468259,0.02892649
375316653866487564,4077398855737614976,0.52872187,2278.6841062010326,1.953037079898563,3.6431786E-5,19.1,0.029147407,0.11291325,0.025270706,0.06803649,0.021443868,0.3333891,0.052000355,0.6190745,0.004369854,0.08242675,0.012012433,0.31950697,0.034331735,null,null,null,null,"TWOGAUSSIANS",8,2.3990529,0.11291325,0.025270706,0.38100433,0.05943862,0.3311284,0.047595184,0.6190745,0.004369854,0.4,0.0,0.31724626,0.034017175
375316653866487564,4077398958816641408,0.55527747,2229.31324167129,0.23165101567389298,9.087849E-6,19.39926,0.021440225,0.24113557,0.015395482,0.09458226,0.013296805,0.31457743,0.033579018,0.7552537,0.011829546,0.06465259,0.009549784,0.46703583,0.067450896,null,null,null,null,"TWOGAUSSIANS",8,1.2230397,0.7552537,0.011829546,0.36205453,0.053478785,0.46311173,0.065705225,0.24113557,0.015395482,0.4,0.0,0.31065264,0.0307438
375316653866487564,4077399164975819392,0.5347256,2231.9210101436965,1.7468424041746469,4.7988626E-5,19.20256,0.015526191,0.14420746,0.0040644715,0.07030592,0.008884345,0.5899023,0.08624252,0.64814574,0.0067170546,0.061551265,0.011378635,0.51138514,0.08653301,null,null,null,null,"TWOGAUSSIANS",8,4.104578,0.14420746,0.0040644715,0.39371318,0.026954861,0.58916056,0.08706348,0.64814574,0.0067170546,0.34468707,0.06260907,0.5106434,0.087612234
375316653866487564,4077399203626739968,0.58128995,2300.2533569639577,4.253669332971879,1.7214509E-6,18.252573,0.005327344,0.7635909,0.012872475,0.035729777,0.0040108096,0.8781369,0.1992594,null,null,null,null,null,null,null,null,null,null,"ONEGAUSSIAN",5,6.736193,0.7635909,0.012872475,0.20008674,0.022460533,0.8781369,0.0,null,null,null,null,null,null
375316653866487564,4077399336773367680,0.48008215,2243.3849360877243,0.5274935744975252,7.2315274E-6,17.720102,0.0041955756,0.7932513,0.002562678,0.027013158,0.0020949019,0.10605903,0.0058251526,null,null,null,null,null,null,null,null,null,null,"ONEGAUSSIAN",5,2.9840732,0.7932513,0.002562678,0.15127368,0.01173145,0.10605903,0.0,null,null,null,null,null,null
375316653866487564,4077399439852584704,0.48618716,2263.364418822715,3.2850968813911168,6.387089E-5,18.211504,0.009199832,0.2721865,0.013101598,0.07389578,0.013185408,0.1434847,0.019105159,0.72206867,6.374149E-7,0.014131051,4.7483816E-4,1.356948,0.1157834,null,null,null,null,"TWOGAUSSIANS",8,7.0359964,0.72206867,6.374149E-7,0.07913388,0.0026590938,1.356948,0.1157834,0.2721865,0.013101598,0.4,0.024221726,0.1434847,0.019105159
