Gaia/vari_eclipsing_binary/VariEclipsingBinary_230842-230886.csv
# %ECSV 1.0
# ---
# delimiter: ','
# meta: !!omap
# - RELEASE: Gaia DR3
# - TABLE: vari_eclipsing_binary
# - DESCRIPTION: >
#     This table describes the properties of the eclipsing binaries resulting from the variability analysis. 
# - CITATION: >
#     How to cite and acknowledge Gaia: 
#     https://gea.esac.esa.int/archive/documentation/credits.html 
# - KNOWN_ISSUES: >
#     Known issues: 
#     https://www.cosmos.esa.int/web/gaia-users/known-issues 
# - DOCUMENTATION: >
#     Tutorials and documentation: 
#     https://www.cosmos.esa.int/web/gaia-users/archive 
# datatype:
# - 
#   name: solution_id
#   datatype: int64
#   description: Solution Identifier
#   meta:
#     ucd: meta.version
# - 
#   name: source_id
#   datatype: int64
#   description: Unique source identifier
#   meta:
#     ucd: meta.id;meta.main
# - 
#   name: global_ranking
#   datatype: float32
#   description: Number between 0 (worst) and 1 (best)
#   meta:
#     ucd: stat.param
# - 
#   name: reference_time
#   datatype: float64
#   unit: d
#   description: Reference time used for the geometric model fit
#   meta:
#     ucd: time.epoch
# - 
#   name: frequency
#   datatype: float64
#   unit: d**-1
#   description: Frequency of geometric model of the eclipsing binary light curve
#   meta:
#     ucd: src.orbital
# - 
#   name: frequency_error
#   datatype: float32
#   unit: d**-1
#   description: "Uncertainty of \\texttt{frequency}"
#   meta:
#     ucd: stat.error
# - 
#   name: geom_model_reference_level
#   datatype: float32
#   unit: mag
#   description: Magnitude reference level of geometric model
#   meta:
#     ucd: phot.mag;em.opt
# - 
#   name: geom_model_reference_level_error
#   datatype: float32
#   unit: mag
#   description: "Uncertainty of \\texttt{geomModelReferenceLevel}"
#   meta:
#     ucd: stat.error;phot.mag;em.opt
# - 
#   name: geom_model_gaussian1_phase
#   datatype: float32
#   description: Phase of the Gaussian 1 component
#   meta:
#     ucd: time.phase
# - 
#   name: geom_model_gaussian1_phase_error
#   datatype: float32
#   description: "Uncertainty of \\texttt{geomModelGaussian1Phase}"
#   meta:
#     ucd: stat.error;time.phase
# - 
#   name: geom_model_gaussian1_sigma
#   datatype: float32
#   description: "Standard deviation [phase] of Gaussian 1 component"
#   meta:
#     ucd: stat.stdev
# - 
#   name: geom_model_gaussian1_sigma_error
#   datatype: float32
#   description: "Uncertainty of \\texttt{geomModelGaussian1Sigma}"
#   meta:
#     ucd: stat.error
# - 
#   name: geom_model_gaussian1_depth
#   datatype: float32
#   unit: mag
#   description: Magnitude depth of Gaussian 1 component
#   meta:
#     ucd: src.var.amplitude
# - 
#   name: geom_model_gaussian1_depth_error
#   datatype: float32
#   unit: mag
#   description: "Uncertainty of \\texttt{geomModelGaussian1Depth}"
#   meta:
#     ucd: stat.error;src.var.amplitude
# - 
#   name: geom_model_gaussian2_phase
#   datatype: float32
#   description: Phase of Gaussian 2 component
#   meta:
#     ucd: time.phase
# - 
#   name: geom_model_gaussian2_phase_error
#   datatype: float32
#   description: "Uncertainty of \\texttt{geomModelGaussian2Phase}"
#   meta:
#     ucd: stat.error;time.phase
# - 
#   name: geom_model_gaussian2_sigma
#   datatype: float32
[...]
#   datatype: float32
#   description: "Secondary eclipse: uncertainty of \\texttt{derivedSecondaryEclDuration}"
#   meta:
#     ucd: stat.error;time.duration
# - 
#   name: derived_secondary_ecl_depth
#   datatype: float32
#   unit: mag
#   description: "Secondary eclipse: depth"
#   meta:
#     ucd: src.var.amplitude
# - 
#   name: derived_secondary_ecl_depth_error
#   datatype: float32
#   unit: mag
#   description: "Secondary eclipse: uncertainty of \\texttt{derivedSecondaryEclDepth}"
#   meta:
#     ucd: stat.error;src.var.amplitude
solution_id,source_id,global_ranking,reference_time,frequency,frequency_error,geom_model_reference_level,geom_model_reference_level_error,geom_model_gaussian1_phase,geom_model_gaussian1_phase_error,geom_model_gaussian1_sigma,geom_model_gaussian1_sigma_error,geom_model_gaussian1_depth,geom_model_gaussian1_depth_error,geom_model_gaussian2_phase,geom_model_gaussian2_phase_error,geom_model_gaussian2_sigma,geom_model_gaussian2_sigma_error,geom_model_gaussian2_depth,geom_model_gaussian2_depth_error,geom_model_cosine_half_period_amplitude,geom_model_cosine_half_period_amplitude_error,geom_model_cosine_half_period_phase,geom_model_cosine_half_period_phase_error,model_type,num_model_parameters,reduced_chi2,derived_primary_ecl_phase,derived_primary_ecl_phase_error,derived_primary_ecl_duration,derived_primary_ecl_duration_error,derived_primary_ecl_depth,derived_primary_ecl_depth_error,derived_secondary_ecl_phase,derived_secondary_ecl_phase_error,derived_secondary_ecl_duration,derived_secondary_ecl_duration_error,derived_secondary_ecl_depth,derived_secondary_ecl_depth_error
[from data line 396]
375316653866487564,2030695829329288960,0.7165606,2226.6246058923134,1.147255399557964,1.3322737E-6,13.708817,0.0023390697,0.18850945,5.384212E-4,0.045922678,0.0013110937,0.23679598,0.005920921,0.6883432,0.0011149958,0.046558637,0.0018007288,0.23077089,0.005014877,0.12939936,0.0028826706,0.18850945,5.384212E-4,"TWOGAUSSIANS_WITH_ELLIPSOIDAL_ON_ECLIPSE1",9,20.229897,0.18850945,5.384212E-4,0.257167,0.007342125,0.4955944,0.0032611757,0.68837327,0.0010684401,0.26072836,0.010084081,0.4895691,0.0037631546
375316653866487564,2030696860109758080,0.4823665,2227.869173047283,0.8541901054238865,2.2816344E-5,18.60472,0.011220999,0.3490146,0.045679726,0.15509567,0.047872122,0.0847373,0.023497358,0.70028603,7.3863973E-4,0.0141865015,9.863328E-4,0.5918378,0.07163883,null,null,null,null,"TWOGAUSSIANS",8,9.988715,0.70028603,7.3863973E-4,0.07944441,0.0055234637,0.5974322,0.07229549,0.3490146,0.045679726,0.4,0.0,0.083799094,0.024036413
375316653866487564,2030697031908510848,0.4561322,2254.939897474468,1.7096869443021894,3.597513E-5,17.717905,0.024994172,0.3475322,0.041095063,0.11883404,0.057423398,0.12340705,0.040472414,0.82326525,0.0022521946,0.041253686,0.005414697,0.36808923,0.04065311,null,null,null,null,"TWOGAUSSIANS",8,5.8614836,0.82326525,0.0022546905,0.23102063,0.030322304,0.36683455,0.04166218,0.3475322,0.041095063,0.4,0.0,0.12210419,0.0466329
375316653866487564,2030697817871867264,0.49557817,2227.5765753467404,3.8691747392982214,2.5378351E-5,18.500679,0.0055680606,0.1694403,3.8928565E-4,0.0034756341,2.6541852E-4,0.78588235,0.042179044,0.82003796,0.015194457,0.039220482,0.008693256,0.07197746,0.03077226,null,null,null,null,"TWOGAUSSIANS",8,9.161559,0.1694403,3.8928565E-4,0.019463552,0.0014863438,0.78588235,0.042179044,0.82003796,0.015194457,0.2196347,0.04868224,0.07197746,0.03077226
375316653866487564,2030698642505629312,0.49569163,2259.3674798336333,0.7627687940950347,1.1649255E-5,18.75565,0.0053166607,0.21037444,0.0027221607,0.041321114,0.00210516,0.3146471,0.022219263,0.70834124,0.008124034,0.05684556,0.008787103,0.1719284,0.041106805,null,null,null,null,"TWOGAUSSIANS",8,3.9936774,0.21037444,0.0027221607,0.23139824,0.011788895,0.31464618,0.02221932,0.70834124,0.008124034,0.31833515,0.04920778,0.1719275,0.04110788
375316653866487564,2030699123541945472,0.52713096,2257.8223030902054,2.6644761757546673,1.3466072E-5,18.287529,0.018232519,0.26472232,0.0033277827,0.10491997,0.009813739,0.2564935,0.014971842,0.7705059,0.0035154615,0.096020915,0.008337624,0.25888994,0.017156005,null,null,null,null,"TWOGAUSSIANS",8,4.486415,0.7705059,0.0035142929,0.4,0.0,0.23723215,0.010491322,0.26472232,0.0033277827,0.4,0.0,0.23483022,0.007397678
375316653866487564,2030699299653526400,0.47892728,2233.4515580490292,2.954995600606453,1.6660932E-5,19.72687,0.027972335,0.25475392,0.0064504957,0.08935438,0.013399098,0.34292787,0.026515115,0.7646713,0.008892792,0.0890091,0.015473682,0.28975156,0.029509244,null,null,null,null,"TWOGAUSSIANS",8,2.0179732,0.25475392,0.0064504957,0.4,0.0,0.3323411,0.023654325,0.7646713,0.008892792,0.4,0.0,0.27916485,0.025949886
375316653866487564,2030699299662931840,0.5047139,2281.5164592306965,1.4540999460138706,3.359617E-5,14.040109,0.0025404647,0.48216742,0.010495942,0.176746,0.018385094,0.035588447,0.0024918653,0.87347376,0.025387973,0.043563887,0.015073856,0.012479162,0.0034990592,null,null,null,null,"TWOGAUSSIANS",8,11.193169,0.48216742,0.010495942,0.4,0.0,0.034082726,0.001542548,0.87347376,0.025387973,0.24395777,0.084413595,0.014136682,0.0038318208
375316653866487564,2030699574540801536,0.6304024,2229.8979537140385,0.22302563822456237,1.3375526E-5,13.386098,0.0038740349,0.30562252,0.004722922,0.027085377,0.003023038,1.6628164,0.07541999,0.8072485,0.0011263624,0.02572193,0.0012683067,0.11840401,0.005567143,null,null,null,null,"TWOGAUSSIANS",8,705.4869,0.30562252,0.004722922,0.1516781,0.016929012,1.6628164,0.07541999,0.8072485,0.0011263624,0.1440428,0.007102518,0.11840401,0.005567143
375316653866487564,2030699711980783360,0.51461655,2230.3965519830663,2.528914260329181,1.5729176E-5,19.825567,0.01751342,0.28063828,0.011274044,0.060053635,0.013022148,0.44571123,0.037302826,0.7669238,0.005999414,0.07929013,0.0061194524,0.4413202,0.033986595,null,null,null,null,"TWOGAUSSIANS",8,2.6083498,0.28063828,0.011274044,0.33630034,0.072924025,0.44472986,0.037094194,0.7669238,0.005999414,0.4,0.0,0.44033885,0.033611596
375316653866487564,2030700223053647488,0.58768994,2213.3950804528376,0.595421353123978,9.665045E-6,16.752502,0.0063278913,0.30725086,0.002217001,0.031222118,0.0036021536,1.4094559,0.24012578,0.80571127,0.003629042,0.026462968,0.004179005,0.15583232,0.09041815,0.023421569,0.008899268,0.80571127,0.003629042,"TWOGAUSSIANS_WITH_ELLIPSOIDAL_ON_ECLIPSE2",9,47.323685,0.30725086,0.002205624,0.17484386,0.02017206,1.4562945,0.24765031,0.80571127,0.003629042,0.14819263,0.02340243,0.20267542,0.08823301
375316653866487564,2030700326132880256,0.48192072,2199.5656822599008,0.8491096040970789,8.582298E-6,17.690434,0.0033087037,0.20979369,0.003939915,0.023754263,0.008107251,1.9052033,2.2317462,0.712685,0.0019700513,0.03572379,0.0029149114,0.18172833,0.01711588,null,null,null,null,"TWOGAUSSIANS",8,8.827698,0.20979369,0.003939915,0.13302387,0.0454006,1.9052033,2.2317462,0.712685,0.0019700513,0.20005322,0.016323505,0.18172833,0.01711588
375316653866487564,2030700948921143552,0.52326113,2225.343631009755,3.193112705605676,8.881865E-6,19.253963,0.017459933,0.30384728,0.0029765274,0.06666706,0.0027619388,0.5924313,0.030106623,0.80783474,0.004223876,0.07155112,0.005477976,0.56202203,0.033510216,null,null,null,null,"TWOGAUSSIANS",8,5.862587,0.30384728,0.0029765274,0.37333554,0.015466858,0.59093696,0.02990045,0.80783474,0.004223876,0.4,0.016826153,0.56052774,0.0337244
375316653866487564,2030701013327689472,0.507786,2188.5046724482922,0.3787875827846686,3.9388815E-5,18.684938,0.0022392333,0.055951208,0.011602009,0.014074086,0.009106831,0.16284236,0.7589143,0.558556,0.003994615,0.013625835,0.0020434232,0.21566062,0.009405943,null,null,null,null,"TWOGAUSSIANS",8,1.6035054,0.558556,0.003994615,0.076304674,0.01144317,0.21566062,0.009405943,0.055951208,0.011602009,0.07881489,0.050998252,0.16284236,0.7589143
375316653866487564,2030702873041492224,0.48776406,2195.204970209022,2.5179061968790117,2.1923428E-5,19.4101,0.02181174,0.27875593,0.006043256,0.090301864,0.013526386,0.25981483,0.017487604,0.77352315,0.007247673,0.10124249,0.011298506,0.25458708,0.021973107,null,null,null,null,"TWOGAUSSIANS",8,1.4404911,0.27875593,0.006052621,0.4,0.0,0.24399053,0.009518609,0.77352315,0.007247673,0.4,0.0,0.23876023,0.0103101805
375316653866487564,2030703079215801088,0.44940397,2186.407676458186,1.286263769936982,6.0818493E-6,17.417044,0.007764791,0.33587387,0.0011092981,0.011986969,0.0010975967,0.27020586,0.039004494,null,null,null,null,null,null,0.028416418,0.0151026035,0.33587387,0.0011092981,"ONEGAUSSIAN_WITH_ELLIPSOIDAL",6,43.270523,0.33587387,0.0011092981,0.06712703,0.0061465413,0.3270386,0.042829942,null,null,null,null,null,null
375316653866487564,2030703525876663040,0.50728333,2209.970962900195,3.48387907682687,1.5236397E-5,18.912943,0.014155423,0.17552346,0.004655188,0.087342344,0.008910383,0.23663025,0.013882829,0.6685228,0.0066443654,0.08341531,0.009634998,0.28604344,0.01778369,null,null,null,null,"TWOGAUSSIANS",8,4.6155486,0.6685228,0.0066443654,0.4,0.0,0.27972618,0.0154166045,0.17552346,0.004655188,0.4,0.0,0.23031296,0.011915114
375316653866487564,2030703555946014464,0.51695913,2203.462107781756,0.5767962072377637,2.1193999E-5,18.942097,0.008843942,0.28460664,0.015525954,0.027532823,0.011351219,0.09468857,0.03691708,0.782526,0.016362632,0.033862215,0.008383127,1.1552675,0.632414,null,null,null,null,"TWOGAUSSIANS",8,9.66761,0.782526,0.016362632,0.18962839,0.04694551,1.1552675,0.632414,0.28460664,0.015525954,0.15418382,0.06356683,0.09468857,0.03691708
375316653866487564,2030705072080614912,0.63809335,2225.8050066857595,0.13931720947747764,2.6625314E-6,12.517499,7.5251656E-4,0.26252222,0.0010046968,0.022403294,0.008227357,0.05432056,0.16206348,0.76953393,0.0050161956,0.037533484,0.0070496425,0.052005183,0.0147663,0.07298573,0.0012481794,0.26252222,0.0010046968,"TWOGAUSSIANS_WITH_ELLIPSOIDAL_ON_ECLIPSE1",9,49.450726,0.26252222,0.0010046968,0.12545845,0.0460732,0.20029202,0.16258828,0.76953393,0.0050161956,0.21018751,0.039477997,0.1976935,0.015446093
375316653866487564,2030705445731725952,0.61212546,2219.2142871737833,0.9464176280517469,2.7808192E-6,17.767475,0.0022553054,0.27702317,0.0011935284,0.03602706,0.0015324744,0.28400773,0.014794899,0.7782694,8.2564825E-4,0.038327344,0.0012511231,0.27018413,0.0063326554,0.02231702,0.0044048023,0.27702317,0.0011935284,"TWOGAUSSIANS_WITH_ELLIPSOIDAL_ON_ECLIPSE1",9,1.9464289,0.27702317,0.0011935284,0.20175152,0.008581856,0.32864177,0.013800041,0.7782694,8.2564825E-4,0.21463314,0.00700629,0.31481543,0.0059470213
375316653866487564,2030706854477401344,0.67611146,2232.7188340481093,0.6237729825410966,1.8498291E-6,16.014112,0.0028628714,0.2385985,0.0055866004,0.027477745,0.0055189957,0.79459995,0.70503813,0.74360824,6.439015E-4,0.032689482,7.7391247E-4,0.5396112,0.010206171,0.018101562,0.00432315,0.2385985,0.0055866004,"TWOGAUSSIANS_WITH_ELLIPSOIDAL_ON_ECLIPSE1",9,10.822229,0.2385985,0.0055866004,0.15387538,0.030906375,0.8308031,0.7083997,0.74360824,6.439015E-4,0.18306111,0.0043339096,0.5757785,0.007706147
375316653866487564,2030707374167737344,0.55479735,2249.1382945774126,4.253275410371664,9.912813E-6,19.423727,0.01666235,0.2611982,0.0027796377,0.064565696,0.0035707736,0.68769157,0.02657461,0.7609666,0.0035823167,0.07773065,0.0065954817,0.47563037,0.03492582,null,null,null,null,"TWOGAUSSIANS",8,2.9851854,0.2611982,0.0027796377,0.36156788,0.019996332,0.6853789,0.026278822,0.7609666,0.0035823167,0.4,0.0,0.4733177,0.03557028
375316653866487564,2030708989075431680,0.5251833,2212.094505153298,2.7977922789984557,2.165762E-5,19.7092,0.006744577,0.18511078,0.0024435741,0.029187026,0.0059155347,0.25972363,0.078089245,0.70407295,0.0200397,0.023570886,0.020074558,0.250308,0.10808016,0.1464022,0.013239278,0.18511078,0.0024435741,"TWOGAUSSIANS_WITH_ELLIPSOIDAL_ON_ECLIPSE1",9,1.8117201,0.18511078,0.0024435741,0.16344734,0.033126995,0.55252767,0.07851152,0.70407295,0.0200397,0.13199696,0.11241752,0.5389753,0.11364522
375316653866487564,2030709053500742912,0.48216626,2213.223922058218,2.5444164200102466,3.1090196E-5,18.581598,0.049627736,0.26537818,0.007609633,0.113672584,0.021561813,0.22977524,0.047185563,0.7647575,0.007780968,0.10053466,0.022379855,0.25174373,0.04530478,null,null,null,null,"TWOGAUSSIANS",8,6.7782807,0.7647575,0.007807558,0.4,0.0,0.22061741,0.012609428,0.26537818,0.0076083606,0.4,0.0,0.19862217,0.015408379
375316653866487564,2030710599692489984,0.61594355,2238.8198137602194,3.457093282467091,3.6858787E-6,16.819519,0.009064183,0.24791782,0.0015471803,0.050491717,0.0024594269,0.40740046,0.023003817,0.7451239,0.0016074172,0.04577607,0.003129423,0.2930447,0.019802583,0.11885627,0.012464492,0.24791782,0.0015471803,"TWOGAUSSIANS_WITH_ELLIPSOIDAL_ON_ECLIPSE1",9,20.701897,0.24791782,0.0015471803,0.28275362,0.01377279,0.6451109,0.011828257,0.7454539,0.001372256,0.256346,0.017524768,0.5306906,0.009785346
375316653866487564,2030711531716235648,0.5978027,2220.3254971052665,0.20595444327380932,1.0182125E-5,18.617666,0.0047380803,0.15139824,0.0023851967,0.011428022,0.0017785131,1.5339053,0.26619834,0.64882153,0.0128508145,0.014285264,0.0044271303,1.5769166,1.077331,null,null,null,null,"TWOGAUSSIANS",8,8.787327,0.64882153,0.0128508145,0.07999747,0.02479193,1.5769166,1.077331,0.15139824,0.0023851967,0.06399692,0.009959673,1.5339053,0.26619834
375316653866487564,2030713455857143040,0.6468191,2230.5057484518716,0.4960557666523161,4.008818E-6,13.408719,4.6094536E-4,0.3180664,8.115276E-4,0.023989577,6.653935E-4,0.13172916,0.0017074299,0.8160694,6.0560775E-4,0.023956016,4.896857E-4,0.11433263,0.0016588481,0.010518113,5.930842E-4,0.3180664,8.115276E-4,"TWOGAUSSIANS_WITH_ELLIPSOIDAL_ON_ECLIPSE1",9,9.7926235,0.3180664,8.115276E-4,0.13434163,0.0037262037,0.1527654,0.0013604917,0.81608945,5.9641374E-4,0.1341537,0.0027422397,0.13536558,0.0014930762
375316653866487564,2030713524576620160,0.62370825,2222.051196962888,1.1594486953223855,4.2771358E-6,14.509456,0.005319015,0.27135974,0.0018948775,0.106793895,0.0034722693,0.2555907,0.005788175,0.7708875,0.0011697424,0.099498525,0.0023334415,0.28214914,0.0052712946,null,null,null,null,"TWOGAUSSIANS",8,25.843401,0.7708875,0.0011697424,0.4,0.0,0.2539314,0.0033086173,0.27135974,0.0018948775,0.4,0.0,0.22736593,0.00487809
375316653866487564,2030713795148288128,0.48861465,2233.668331060966,1.70113307683469,2.8967866E-5,18.68061,0.011588567,0.13222262,0.01516332,0.0723751,0.018277505,0.10732268,0.01160936,0.60738724,0.0066475915,0.08087588,0.009573548,0.18243502,0.014913159,null,null,null,null,"TWOGAUSSIANS",8,3.415546,0.60738724,0.0066475915,0.4,0.0,0.18163143,0.014141342,0.13222262,0.01516332,0.4,0.04411641,0.106519096,0.010492016
375316653866487564,2030716337764042624,0.4703275,2242.6953224418385,0.34998674972577065,3.2366243E-5,19.361763,0.006313184,0.54417974,0.0014178674,0.024117026,0.0018414555,0.41909626,0.051910076,null,null,null,null,null,null,null,null,null,null,"ONEGAUSSIAN",5,3.7482092,0.54417974,0.0014178674,0.13505535,0.010312151,0.41909626,0.0,null,null,null,null,null,null
375316653866487564,2030718124470468096,0.49588853,2244.968839814015,1.3668131145376514,6.4993605E-5,18.657177,0.015509579,0.15935476,0.0112550305,0.017941942,0.004353642,0.5355409,0.26868796,0.35612634,0.113073096,0.11018414,0.16689573,0.027433973,0.015404946,null,null,null,null,"TWOGAUSSIANS",8,4.257224,0.15940475,0.011228545,0.10047488,0.024380395,0.54111016,0.27289894,0.35612634,0.113073096,0.4,0.0,0.027432121,0.013052709
375316653866487564,2030718880385852928,0.425559,2245.2800794107625,0.9075140883727802,2.9258681E-5,17.973202,0.0053549362,null,null,null,null,null,null,null,null,null,null,null,null,0.055901103,0.009173242,0.2584939,0.008585854,"ELLIPSOIDAL",4,18.038713,null,null,null,null,null,null,null,null,null,null,null,null
375316653866487564,2030720735811853696,0.5231442,2219.115246803977,2.535969295381203,8.975935E-6,19.613947,0.023288598,0.2583015,0.0038825616,0.07693141,0.0055235857,0.5192108,0.027829826,0.75593084,0.0037866642,0.076327905,0.007644119,0.5531659,0.032373954,null,null,null,null,"TWOGAUSSIANS",8,3.5061715,0.75593084,0.0037866642,0.4,0.0,0.5481901,0.03237888,0.2583015,0.0038825616,0.4,0.0,0.514235,0.026281385
375316653866487564,2030723209725454336,0.50474674,2233.3353221048483,2.5207347743641915,5.2638984E-6,19.706535,0.01650636,0.2620236,0.004465517,0.07091609,0.0059605995,0.60609937,0.038926274,0.76251554,0.0024201374,0.06012949,0.0036389378,0.7286691,0.06123771,null,null,null,null,"TWOGAUSSIANS",8,5.4074736,0.76251554,0.0024201374,0.33672515,0.020378053,0.727776,0.061414417,0.2620236,0.004465517,0.39713007,0.030670175,0.60520625,0.039208982
375316653866487564,2030723248382387328,0.6641846,2238.8933050155574,1.0236057045724152,2.5953605E-6,9.910684,0.0026304473,0.22858866,0.0019276049,0.046222262,0.0060662273,0.041217647,0.0058535766,0.7257154,0.001103901,0.052007556,0.0011011023,0.32217354,0.006948494,0.061886944,0.0030966103,0.22858866,0.0019276049,"TWOGAUSSIANS_WITH_ELLIPSOIDAL_ON_ECLIPSE1",9,31.740894,0.7259354,9.873823E-4,0.2912423,0.006166173,0.4459071,0.005119941,0.22858866,0.0019276049,0.25884467,0.033970874,0.16498849,0.002383253
