Gaia/vari_eclipsing_binary/VariEclipsingBinary_488893-488971.csv
# %ECSV 1.0
# ---
# delimiter: ','
# meta: !!omap
# - RELEASE: Gaia DR3
# - TABLE: vari_eclipsing_binary
# - DESCRIPTION: >
#     This table describes the properties of the eclipsing binaries resulting from the variability analysis. 
# - CITATION: >
#     How to cite and acknowledge Gaia: 
#     https://gea.esac.esa.int/archive/documentation/credits.html 
# - KNOWN_ISSUES: >
#     Known issues: 
#     https://www.cosmos.esa.int/web/gaia-users/known-issues 
# - DOCUMENTATION: >
#     Tutorials and documentation: 
#     https://www.cosmos.esa.int/web/gaia-users/archive 
# datatype:
# - 
#   name: solution_id
#   datatype: int64
#   description: Solution Identifier
#   meta:
#     ucd: meta.version
# - 
#   name: source_id
#   datatype: int64
#   description: Unique source identifier
#   meta:
#     ucd: meta.id;meta.main
# - 
#   name: global_ranking
#   datatype: float32
#   description: Number between 0 (worst) and 1 (best)
#   meta:
#     ucd: stat.param
# - 
#   name: reference_time
#   datatype: float64
#   unit: d
#   description: Reference time used for the geometric model fit
#   meta:
#     ucd: time.epoch
# - 
#   name: frequency
#   datatype: float64
#   unit: d**-1
#   description: Frequency of geometric model of the eclipsing binary light curve
#   meta:
#     ucd: src.orbital
# - 
#   name: frequency_error
#   datatype: float32
#   unit: d**-1
#   description: "Uncertainty of \\texttt{frequency}"
#   meta:
#     ucd: stat.error
# - 
#   name: geom_model_reference_level
#   datatype: float32
#   unit: mag
#   description: Magnitude reference level of geometric model
#   meta:
#     ucd: phot.mag;em.opt
# - 
#   name: geom_model_reference_level_error
#   datatype: float32
#   unit: mag
#   description: "Uncertainty of \\texttt{geomModelReferenceLevel}"
#   meta:
#     ucd: stat.error;phot.mag;em.opt
# - 
#   name: geom_model_gaussian1_phase
#   datatype: float32
#   description: Phase of the Gaussian 1 component
#   meta:
#     ucd: time.phase
# - 
#   name: geom_model_gaussian1_phase_error
#   datatype: float32
#   description: "Uncertainty of \\texttt{geomModelGaussian1Phase}"
#   meta:
#     ucd: stat.error;time.phase
# - 
#   name: geom_model_gaussian1_sigma
#   datatype: float32
#   description: "Standard deviation [phase] of Gaussian 1 component"
#   meta:
#     ucd: stat.stdev
# - 
#   name: geom_model_gaussian1_sigma_error
#   datatype: float32
#   description: "Uncertainty of \\texttt{geomModelGaussian1Sigma}"
#   meta:
#     ucd: stat.error
# - 
#   name: geom_model_gaussian1_depth
#   datatype: float32
#   unit: mag
#   description: Magnitude depth of Gaussian 1 component
#   meta:
#     ucd: src.var.amplitude
# - 
#   name: geom_model_gaussian1_depth_error
#   datatype: float32
#   unit: mag
#   description: "Uncertainty of \\texttt{geomModelGaussian1Depth}"
#   meta:
#     ucd: stat.error;src.var.amplitude
# - 
#   name: geom_model_gaussian2_phase
#   datatype: float32
#   description: Phase of Gaussian 2 component
#   meta:
#     ucd: time.phase
# - 
#   name: geom_model_gaussian2_phase_error
#   datatype: float32
#   description: "Uncertainty of \\texttt{geomModelGaussian2Phase}"
#   meta:
#     ucd: stat.error;time.phase
# - 
#   name: geom_model_gaussian2_sigma
#   datatype: float32
[...]
#   datatype: float32
#   description: "Secondary eclipse: uncertainty of \\texttt{derivedSecondaryEclDuration}"
#   meta:
#     ucd: stat.error;time.duration
# - 
#   name: derived_secondary_ecl_depth
#   datatype: float32
#   unit: mag
#   description: "Secondary eclipse: depth"
#   meta:
#     ucd: src.var.amplitude
# - 
#   name: derived_secondary_ecl_depth_error
#   datatype: float32
#   unit: mag
#   description: "Secondary eclipse: uncertainty of \\texttt{derivedSecondaryEclDepth}"
#   meta:
#     ucd: stat.error;src.var.amplitude
solution_id,source_id,global_ranking,reference_time,frequency,frequency_error,geom_model_reference_level,geom_model_reference_level_error,geom_model_gaussian1_phase,geom_model_gaussian1_phase_error,geom_model_gaussian1_sigma,geom_model_gaussian1_sigma_error,geom_model_gaussian1_depth,geom_model_gaussian1_depth_error,geom_model_gaussian2_phase,geom_model_gaussian2_phase_error,geom_model_gaussian2_sigma,geom_model_gaussian2_sigma_error,geom_model_gaussian2_depth,geom_model_gaussian2_depth_error,geom_model_cosine_half_period_amplitude,geom_model_cosine_half_period_amplitude_error,geom_model_cosine_half_period_phase,geom_model_cosine_half_period_phase_error,model_type,num_model_parameters,reduced_chi2,derived_primary_ecl_phase,derived_primary_ecl_phase_error,derived_primary_ecl_duration,derived_primary_ecl_duration_error,derived_primary_ecl_depth,derived_primary_ecl_depth_error,derived_secondary_ecl_phase,derived_secondary_ecl_phase_error,derived_secondary_ecl_duration,derived_secondary_ecl_duration_error,derived_secondary_ecl_depth,derived_secondary_ecl_depth_error
[from data line 179]
375316653866487564,4300604668227301888,0.6024819,2065.152868356684,3.3393744411143307,4.9629652E-6,17.503403,0.005133621,0.21748249,0.0010037593,0.07146805,0.0012600233,0.5208963,0.007768685,0.71911174,0.002111884,0.07638846,0.002144289,0.5269391,0.0137375435,null,null,null,null,"TWOGAUSSIANS",8,5.7343163,0.71911174,0.002111884,0.4,0.0,0.5236224,0.013784219,0.21748249,0.0010037593,0.4,0.003172202,0.5175797,0.007546967
375316653866487564,4300604698280592384,0.51175094,2089.008807301696,2.7277142509045613,1.41571145E-5,19.32691,0.042294513,0.23440707,0.0055886493,0.105381235,0.013515376,0.4490509,0.03656802,0.73734623,0.003514861,0.09995635,0.010846647,0.39996758,0.040420346,null,null,null,null,"TWOGAUSSIANS",8,2.9945164,0.23440707,0.0055886493,0.4,0.0,0.40679052,0.026064087,0.73734623,0.003514861,0.4,0.0,0.35771593,0.02000588
375316653866487564,4300605969589182208,0.5627371,2094.6603608736814,3.496679444131952,8.768692E-6,18.088787,0.0063803876,0.2927122,0.0024169043,0.06663322,0.004497406,0.36613238,0.014134127,0.79292434,0.003367796,0.07213002,0.0039682225,0.44226006,0.016431145,null,null,null,null,"TWOGAUSSIANS",8,5.9153247,0.79292434,0.003367796,0.4,0.0032777088,0.44104323,0.01651508,0.2927122,0.0024169043,0.37314603,0.025185473,0.36491555,0.014538352
375316653866487564,4300606244467149568,0.4589468,2084.98975091328,4.3920741536412455,3.7947044E-5,18.71696,0.0047758743,0.25396943,0.00877304,0.06372408,0.012741772,0.019011337,0.015512783,0.75400496,0.009640884,0.024307879,0.013656895,0.15765366,0.17303392,0.041860085,0.008015788,0.25396943,0.00877304,"TWOGAUSSIANS_WITH_ELLIPSOIDAL_ON_ECLIPSE1",9,3.81558,0.75400496,0.009503405,0.13612412,0.07647861,0.24136516,0.17545864,0.25396943,0.00877304,0.35685483,0.07135393,0.10272284,0.009724331
375316653866487564,4300608821447593088,0.51012003,2074.6808466931366,2.832651422468131,1.10475385E-5,19.16925,0.015070245,0.23820284,0.005431274,0.096409254,0.010424427,0.24387427,0.023849346,0.7280597,0.003623915,0.088826254,0.007241784,0.28803834,0.0160338,null,null,null,null,"TWOGAUSSIANS",8,1.5078261,0.7280597,0.003623915,0.4,0.0,0.27615297,0.014001274,0.23820284,0.005431274,0.4,0.0,0.23198819,0.024561118
375316653866487564,4300609616029761024,0.58549887,2117.395041107376,3.5031954452160505,8.630851E-6,16.782686,0.00920929,0.24029452,0.0018075499,0.049345326,0.009127678,0.09004176,0.020166613,0.7318718,0.007032186,0.065877415,0.015553917,0.10954009,0.016810928,0.08265132,0.010916356,0.24029452,0.0018075499,"TWOGAUSSIANS_WITH_ELLIPSOIDAL_ON_ECLIPSE1",9,7.958866,0.73474175,0.0043425984,0.36891353,0.08710193,0.27448642,0.009340703,0.24029452,0.0018075499,0.2763338,0.051115,0.2552931,0.009894237
375316653866487564,4300609783520641152,0.5179532,2090.2603351818575,3.709958405469782,1.1587524E-5,19.390228,0.016470253,0.21199548,0.0036721171,0.0794256,0.008457159,0.33429253,0.014682211,0.7204115,0.005465332,0.09117571,0.007188453,0.32720515,0.018085273,null,null,null,null,"TWOGAUSSIANS",8,1.6409374,0.21199548,0.0036721171,0.4,0.0,0.3265222,0.014501734,0.7204115,0.005465332,0.4,0.0,0.3194346,0.01529216
375316653866487564,4300610475023184512,0.51420903,2110.78417566201,0.12007451859200437,5.3609663E-5,17.371475,0.0040201354,0.34225932,0.03063423,0.01390124,0.0159433,0.20727326,6.9192084E9,0.80097294,0.005678284,0.007037007,0.0034069766,0.36946848,0.41266146,0.008968582,0.005431615,0.34225932,0.03063423,"TWOGAUSSIANS_WITH_ELLIPSOIDAL_ON_ECLIPSE1",9,8.693092,0.8009829,0.005665677,0.03940724,0.019079069,0.38622558,0.4125862,0.34225932,0.03063423,0.077846944,0.089282475,0.2252104,6.9192084E9
375316653866487564,4300613460012415232,0.4680286,2123.9294794751086,0.8542461432499896,2.425534E-5,15.2791,0.020720549,0.20711678,0.010108266,0.10252766,0.027624112,0.09841161,0.015691614,0.7218115,0.004389954,0.107693866,0.012988197,0.15594445,0.01928637,null,null,null,null,"TWOGAUSSIANS",8,127.44771,0.7218115,0.004389435,0.4,0.0,0.14356221,0.0068347007,0.20709679,0.010084333,0.4,0.0,0.086035475,0.012365176
375316653866487564,4300613842267962752,0.5426687,2095.2903175183374,1.8772565165346833,8.238858E-6,15.5178585,0.007918269,0.26061428,0.0034465939,0.10656116,0.008660834,0.09168692,0.007750242,0.75805926,0.0018928602,0.105193056,0.006256523,0.13685937,0.007181513,null,null,null,null,"TWOGAUSSIANS",8,9.477481,0.75805926,0.0018928602,0.4,0.0,0.12353762,0.0027815981,0.26061428,0.0034465939,0.4,0.0,0.07836553,0.0032652658
375316653866487564,4300614422080914304,0.5864555,2118.5687951632826,0.1569871644506799,5.985353E-6,18.636612,0.0015849454,0.2956784,1.612424E-5,0.004577567,5.3498992E-5,0.7074535,0.016493866,0.797848,6.606154E-5,0.0035729387,5.316365E-5,0.7673264,0.013461665,null,null,null,null,"TWOGAUSSIANS",8,1.472249,0.797848,6.606154E-5,0.020008458,2.9771644E-4,0.7673264,0.013461665,0.2956784,1.612424E-5,0.025634374,2.9959437E-4,0.7074535,0.016493866
375316653866487564,4300618717052558080,0.6000375,2146.453581659305,3.4231050031132275,4.1080148E-6,17.23756,0.005222412,0.25487852,0.0013667519,0.044781316,0.0032285147,0.14664921,0.014540157,0.7534036,0.0021228655,0.04851766,0.0030226826,0.28505754,0.016096221,0.11942746,0.0068870927,0.25487852,0.0013667519,"TWOGAUSSIANS_WITH_ELLIPSOIDAL_ON_ECLIPSE1",9,11.702054,0.7536036,0.0018107636,0.2716989,0.016927022,0.52389413,0.014170235,0.25487852,0.0013667519,0.25077537,0.018079681,0.38550353,0.008929782
375316653866487564,4300621126542728064,0.4586952,2102.130747669435,1.0006376284353367,2.329113E-5,18.105406,0.0020859067,0.25045097,0.005420574,0.055518053,0.0052389647,0.08828916,0.013733798,0.80353326,8.240763E-4,0.013826468,6.112191E-4,0.16211721,0.002355159,null,null,null,null,"TWOGAUSSIANS",8,3.3844893,0.80353326,8.240763E-4,0.07742822,0.0034228268,0.16211721,0.002355159,0.25045097,0.005420574,0.3109011,0.029338202,0.08828916,0.013733798
375316653866487564,4300621916816730624,0.61261857,2108.200196769727,1.6912615020425743,3.8140379E-6,16.998007,0.0065505044,0.2634022,0.0012471898,0.055377267,0.002659914,0.3608041,0.01701475,0.7586522,8.643586E-4,0.044811074,0.0022432785,0.3084032,0.014393923,0.09909937,0.008951503,0.7586522,8.643586E-4,"TWOGAUSSIANS_WITH_ELLIPSOIDAL_ON_ECLIPSE2",9,14.268069,0.26284218,0.001074963,0.31011268,0.014895519,0.5588366,0.015047051,0.7586522,8.643586E-4,0.25094202,0.01256236,0.50659144,0.007898238
375316653866487564,4300623664852795392,0.4712696,2075.7773271649844,1.8204732241478168,3.2710138E-6,18.723692,0.0040324423,0.26099497,5.672817E-4,0.016596368,5.728277E-4,0.41083586,0.025926163,0.76712734,0.0040201233,0.018140404,0.005497521,0.27921802,0.6081192,null,null,null,null,"TWOGAUSSIANS",8,5.027073,0.26099497,5.672817E-4,0.09293966,0.0032078351,0.41083586,0.025926163,0.76712734,0.0040201233,0.10158626,0.030786118,0.27921802,0.6081192
375316653866487564,4300626280503576064,0.57294,2112.218866806368,1.5132334526251567,1.2231531E-5,17.14275,0.0029348093,0.28040767,0.0027691624,0.04072817,0.0013527595,0.70654047,0.04149236,0.77963996,0.003956835,0.03206282,0.00558993,0.0958389,0.018961642,0.010318842,0.008665253,0.28040767,0.0027691624,"TWOGAUSSIANS_WITH_ELLIPSOIDAL_ON_ECLIPSE1",9,20.086359,0.28040767,0.0027691624,0.22807775,0.0075754533,0.7271781,0.04183155,0.7796499,0.003923137,0.1795518,0.031303607,0.11647609,0.019288134
375316653866487564,4300627719302127360,0.50855803,2088.7733810238256,3.4885073846999983,1.23505715E-5,18.635584,0.014502724,0.27925056,0.0029814471,0.1072978,0.008416797,0.20584333,0.013460502,0.7829618,0.0032216236,0.09793319,0.0089948615,0.1921814,0.012929289,null,null,null,null,"TWOGAUSSIANS",8,1.7550498,0.27925056,0.0029814471,0.4,0.0,0.18626343,0.0060612825,0.7829618,0.0032263226,0.4,0.0,0.17260866,0.0058628744
375316653866487564,4300628720044996992,0.5499377,2102.6818096195443,2.882381523612376,7.556748E-6,17.785528,0.012371885,0.21778017,0.0018288752,0.103125386,0.006496132,0.228278,0.010257396,0.71033305,0.0026285804,0.10529919,0.007588445,0.20444298,0.010807463,null,null,null,null,"TWOGAUSSIANS",8,2.6007242,0.21778017,0.001832649,0.4,0.0,0.2060031,0.006398875,0.71033305,0.0026285804,0.4,0.0,0.18216641,0.005339104
375316653866487564,4300629544678825216,0.5795147,2095.0646342202094,0.16181085753538837,2.1661106E-5,14.166761,2.4701582E-4,0.6505061,2.3866548E-4,0.013075925,2.7210682E-4,0.16905051,0.002283689,0.82204103,3.1078025E-4,0.0059929015,0.0010173282,0.05155867,0.06390403,null,null,null,null,"TWOGAUSSIANS",8,5.1519704,0.6505061,2.3866548E-4,0.07322518,0.0015237982,0.16905051,0.002283689,0.82204103,3.1078025E-4,0.03356025,0.005697038,0.05155867,0.06390403
375316653866487564,4300634355043683968,0.49719316,2073.961333840835,3.518702532231285,1.4752901E-5,19.723616,0.015914835,0.29290086,0.0051551536,0.052896686,0.006716818,0.69952285,0.10002994,0.79523677,0.0033304594,0.03144124,0.0042565195,0.4729889,0.040191922,0.12360185,0.019728817,0.29290086,0.0051551536,"TWOGAUSSIANS_WITH_ELLIPSOIDAL_ON_ECLIPSE1",9,6.51592,0.29290086,0.0051551536,0.29622144,0.03761418,0.94671637,0.0995935,0.79523677,0.0033214153,0.17607094,0.02383651,0.72012913,0.033080865
375316653866487564,4300635317115122816,0.5651619,2083.962629814898,3.1113715502278527,6.8512377E-6,17.769793,0.0073662587,0.26068726,0.0014341234,0.057732984,0.004682374,0.13514291,0.016943168,0.7683508,0.005393721,0.046561535,0.009171376,0.07574905,0.015326367,0.096719645,0.00990181,0.26068726,0.0014341234,"TWOGAUSSIANS_WITH_ELLIPSOIDAL_ON_ECLIPSE1",9,4.4031816,0.26068726,0.0014341234,0.3233047,0.026221296,0.32857034,0.0064431787,0.7683508,0.005393721,0.2607446,0.051359706,0.26872832,0.007334978
375316653866487564,4300636347907344896,0.43136668,2094.2226508675667,0.09324046341012293,5.1487077E-5,16.746967,0.0047052684,0.25888407,0.0032599815,0.004470039,0.003564484,0.29529506,75.86518,0.86827826,0.0013345487,0.006845136,0.0010898042,0.25135207,0.049971033,0.0308553,0.0074029714,0.86827826,0.0013345487,"TWOGAUSSIANS_WITH_ELLIPSOIDAL_ON_ECLIPSE2",9,111.66334,0.25891405,0.0032796199,0.02503222,0.01996111,0.33216733,75.864944,0.86827826,0.0013345487,0.038332764,0.0061029037,0.31306264,0.051145475
375316653866487564,4300637717994067328,0.5006488,2077.608008187336,1.6576481787099178,4.488295E-6,19.31792,0.004819868,0.31854275,0.0011550122,0.02464069,0.0018068461,0.76686174,0.13900535,0.8150302,0.0030941372,0.030051198,0.0029927823,0.24832314,0.025235137,null,null,null,null,"TWOGAUSSIANS",8,3.1410134,0.31854275,0.0011550122,0.13798787,0.010118338,0.76686174,0.13900535,0.8150302,0.0030941372,0.16828671,0.016759582,0.24832314,0.025235137
375316653866487564,4300638924887980160,0.62447876,2111.8614564728155,4.11109096660928,6.060865E-6,18.317825,0.0068344544,0.28321406,0.0012594047,0.049076263,0.0023314264,0.3854535,0.021315813,0.7813389,0.0019083483,0.048936844,0.002018092,0.41869187,0.016304983,0.12941526,0.008839844,0.28321406,0.0012594047,"TWOGAUSSIANS_WITH_ELLIPSOIDAL_ON_ECLIPSE1",9,3.283546,0.78153884,0.0016866117,0.27404633,0.011301315,0.67748827,0.006003368,0.28321406,0.0012594047,0.2748271,0.013055988,0.64428204,0.01781977
375316653866487564,4300640088804988544,0.5166783,2104.3644558142105,1.1901495522372758,4.250249E-6,18.022835,0.0036933299,0.19757138,5.817517E-4,0.019690054,5.405185E-4,0.6078906,0.026280781,0.6970227,7.464409E-4,0.020098768,8.7377644E-4,0.481913,0.044955462,null,null,null,null,"TWOGAUSSIANS",8,11.545862,0.19757138,5.817517E-4,0.1102643,0.0030269036,0.6078906,0.026280781,0.6970227,7.464409E-4,0.1125531,0.0048931483,0.481913,0.044955462
375316653866487564,4300641742386610304,0.53094673,2088.0284452518054,0.510957366252832,4.0392347E-6,14.494067,0.0018075111,0.31651774,0.0011712462,0.022007283,9.4937824E-4,0.31948686,0.00705404,0.80535805,0.025670774,0.019714288,0.009268569,0.009672843,0.012856128,0.00840388,0.0028184904,0.31651774,0.0011712462,"TWOGAUSSIANS_WITH_ELLIPSOIDAL_ON_ECLIPSE1",9,81.97843,0.31651774,0.0011712462,0.123240784,0.0053165182,0.33629462,0.0072693,0.80591804,0.025211675,0.11040002,0.051903985,0.026402257,0.012595136
375316653866487564,4300644181928013312,0.6441243,2118.958151014363,3.4946273045272056,2.8877673E-6,17.319418,0.0037230225,0.23623767,9.6324144E-4,0.047313817,0.0013747264,0.51496005,0.013263033,0.73458093,6.879548E-4,0.04073888,0.0010947895,0.33930418,0.009495089,0.12552841,0.0054631536,0.23623767,9.6324144E-4,"TWOGAUSSIANS_WITH_ELLIPSOIDAL_ON_ECLIPSE1",9,7.1021204,0.23623767,9.6324144E-4,0.26495737,0.007698468,0.7660158,0.011431292,0.73473096,6.0020725E-4,0.22813773,0.0061308206,0.59033513,0.0064563504
375316653866487564,4300645418879545984,0.5249552,2096.773552495846,3.709616828913329,2.2457534E-5,19.846943,0.0076168543,0.27540517,0.001931238,0.04219682,0.0047330623,0.20671812,0.025035478,0.7711294,0.0057998532,0.041134544,0.007789103,0.15314324,0.021626325,0.119826674,0.013591689,0.27540517,0.001931238,"TWOGAUSSIANS_WITH_ELLIPSOIDAL_ON_ECLIPSE1",9,1.4999363,0.27540517,0.001931238,0.23630221,0.02650515,0.44637132,0.020630114,0.7718695,0.0048677446,0.23035344,0.043618977,0.3926534,0.018398797
375316653866487564,4300647720981381120,0.65304655,2117.17761116048,0.9821052906259615,1.8102272E-6,13.845441,0.0011162878,0.21438597,0.0010932377,0.043945443,0.0062772655,0.017939476,0.0023857118,0.71317697,5.951112E-4,0.05421295,5.7223317E-4,0.18664952,0.002870754,0.052057598,0.0013770896,0.21438597,0.0010932377,"TWOGAUSSIANS_WITH_ELLIPSOIDAL_ON_ECLIPSE1",9,13.100973,0.713317,4.6968373E-4,0.30359253,0.0032045057,0.29075447,0.001904306,0.21438597,0.0010932377,0.24609447,0.03515269,0.122049734,0.0012058745
375316653866487564,4300648751773552768,0.55024576,2098.2869062940003,3.1107727142776906,1.1329319E-5,14.955848,0.0034439454,0.23885123,0.0021556527,0.090725966,0.004876938,0.08920082,0.0032629406,0.71169174,0.003390771,0.0944884,0.0056269453,0.096486114,0.0034402066,null,null,null,null,"TWOGAUSSIANS",8,17.460625,0.71169174,0.003390771,0.4,0.0,0.09325312,0.0024487583,0.23885123,0.0021556527,0.4,0.0,0.08596808,0.0025476264
375316653866487564,4300649640815838720,0.54615396,2088.4872256208155,3.3348545632532653,9.986078E-6,18.115961,0.019356282,0.24478702,0.0026209122,0.050297868,0.008151277,0.15794776,0.044978753,0.7357047,0.0051517216,0.053298008,0.009015,0.3506864,0.034977157,0.090981625,0.025211956,0.24478702,0.0026209122,"TWOGAUSSIANS_WITH_ELLIPSOIDAL_ON_ECLIPSE1",9,10.724997,0.73665476,0.0045293723,0.29846883,0.050484,0.5321157,0.02652067,0.24478702,0.0026209122,0.28166807,0.04564715,0.33990747,0.010788127
375316653866487564,4300650847718295296,0.5096941,2088.537325679376,3.4056064387398255,8.610203E-6,19.668024,0.0068494766,0.27073827,0.0040448965,0.048227996,0.0064926646,0.3570416,0.017319523,0.7643803,0.0015793726,0.040662255,0.0020575316,0.38410348,0.023961086,null,null,null,null,"TWOGAUSSIANS",8,1.8174204,0.7643803,0.0015793726,0.22770862,0.011522178,0.38410342,0.023961097,0.27073827,0.0040448965,0.27007678,0.036358923,0.35704154,0.01731963
375316653866487564,4300652527040593280,0.50949836,2093.8075581300127,3.371794368975198,9.669717E-6,19.865322,0.016580448,0.24620187,0.0029593625,0.07741311,0.005051117,0.47528234,0.020649306,0.7343626,0.0028379727,0.07659751,0.0047449856,0.58066326,0.032286733,null,null,null,null,"TWOGAUSSIANS",8,2.6313145,0.7343626,0.0028379727,0.4,0.0,0.57646906,0.032540403,0.24620187,0.0029593625,0.4,0.0,0.4710881,0.020219903
