Gaia/vari_eclipsing_binary/VariEclipsingBinary_746019-747583.csv
# %ECSV 1.0
# ---
# delimiter: ','
# meta: !!omap
# - RELEASE: Gaia DR3
# - TABLE: vari_eclipsing_binary
# - DESCRIPTION: >
#     This table describes the properties of the eclipsing binaries resulting from the variability analysis. 
# - CITATION: >
#     How to cite and acknowledge Gaia: 
#     https://gea.esac.esa.int/archive/documentation/credits.html 
# - KNOWN_ISSUES: >
#     Known issues: 
#     https://www.cosmos.esa.int/web/gaia-users/known-issues 
# - DOCUMENTATION: >
#     Tutorials and documentation: 
#     https://www.cosmos.esa.int/web/gaia-users/archive 
# datatype:
# - 
#   name: solution_id
#   datatype: int64
#   description: Solution Identifier
#   meta:
#     ucd: meta.version
# - 
#   name: source_id
#   datatype: int64
#   description: Unique source identifier
#   meta:
#     ucd: meta.id;meta.main
# - 
#   name: global_ranking
#   datatype: float32
#   description: Number between 0 (worst) and 1 (best)
#   meta:
#     ucd: stat.param
# - 
#   name: reference_time
#   datatype: float64
#   unit: d
#   description: Reference time used for the geometric model fit
#   meta:
#     ucd: time.epoch
# - 
#   name: frequency
#   datatype: float64
#   unit: d**-1
#   description: Frequency of geometric model of the eclipsing binary light curve
#   meta:
#     ucd: src.orbital
# - 
#   name: frequency_error
#   datatype: float32
#   unit: d**-1
#   description: "Uncertainty of \\texttt{frequency}"
#   meta:
#     ucd: stat.error
# - 
#   name: geom_model_reference_level
#   datatype: float32
#   unit: mag
#   description: Magnitude reference level of geometric model
#   meta:
#     ucd: phot.mag;em.opt
# - 
#   name: geom_model_reference_level_error
#   datatype: float32
#   unit: mag
#   description: "Uncertainty of \\texttt{geomModelReferenceLevel}"
#   meta:
#     ucd: stat.error;phot.mag;em.opt
# - 
#   name: geom_model_gaussian1_phase
#   datatype: float32
#   description: Phase of the Gaussian 1 component
#   meta:
#     ucd: time.phase
# - 
#   name: geom_model_gaussian1_phase_error
#   datatype: float32
#   description: "Uncertainty of \\texttt{geomModelGaussian1Phase}"
#   meta:
#     ucd: stat.error;time.phase
# - 
#   name: geom_model_gaussian1_sigma
#   datatype: float32
#   description: "Standard deviation [phase] of Gaussian 1 component"
#   meta:
#     ucd: stat.stdev
# - 
#   name: geom_model_gaussian1_sigma_error
#   datatype: float32
#   description: "Uncertainty of \\texttt{geomModelGaussian1Sigma}"
#   meta:
#     ucd: stat.error
# - 
#   name: geom_model_gaussian1_depth
#   datatype: float32
#   unit: mag
#   description: Magnitude depth of Gaussian 1 component
#   meta:
#     ucd: src.var.amplitude
# - 
#   name: geom_model_gaussian1_depth_error
#   datatype: float32
#   unit: mag
#   description: "Uncertainty of \\texttt{geomModelGaussian1Depth}"
#   meta:
#     ucd: stat.error;src.var.amplitude
# - 
#   name: geom_model_gaussian2_phase
#   datatype: float32
#   description: Phase of Gaussian 2 component
#   meta:
#     ucd: time.phase
# - 
#   name: geom_model_gaussian2_phase_error
#   datatype: float32
#   description: "Uncertainty of \\texttt{geomModelGaussian2Phase}"
#   meta:
#     ucd: stat.error;time.phase
# - 
#   name: geom_model_gaussian2_sigma
#   datatype: float32
[...]
#   datatype: float32
#   description: "Secondary eclipse: uncertainty of \\texttt{derivedSecondaryEclDuration}"
#   meta:
#     ucd: stat.error;time.duration
# - 
#   name: derived_secondary_ecl_depth
#   datatype: float32
#   unit: mag
#   description: "Secondary eclipse: depth"
#   meta:
#     ucd: src.var.amplitude
# - 
#   name: derived_secondary_ecl_depth_error
#   datatype: float32
#   unit: mag
#   description: "Secondary eclipse: uncertainty of \\texttt{derivedSecondaryEclDepth}"
#   meta:
#     ucd: stat.error;src.var.amplitude
solution_id,source_id,global_ranking,reference_time,frequency,frequency_error,geom_model_reference_level,geom_model_reference_level_error,geom_model_gaussian1_phase,geom_model_gaussian1_phase_error,geom_model_gaussian1_sigma,geom_model_gaussian1_sigma_error,geom_model_gaussian1_depth,geom_model_gaussian1_depth_error,geom_model_gaussian2_phase,geom_model_gaussian2_phase_error,geom_model_gaussian2_sigma,geom_model_gaussian2_sigma_error,geom_model_gaussian2_depth,geom_model_gaussian2_depth_error,geom_model_cosine_half_period_amplitude,geom_model_cosine_half_period_amplitude_error,geom_model_cosine_half_period_phase,geom_model_cosine_half_period_phase_error,model_type,num_model_parameters,reduced_chi2,derived_primary_ecl_phase,derived_primary_ecl_phase_error,derived_primary_ecl_duration,derived_primary_ecl_duration_error,derived_primary_ecl_depth,derived_primary_ecl_depth_error,derived_secondary_ecl_phase,derived_secondary_ecl_phase_error,derived_secondary_ecl_duration,derived_secondary_ecl_duration_error,derived_secondary_ecl_depth,derived_secondary_ecl_depth_error
[from data line 214]
375316653866487564,6570542678543787648,0.45954782,2223.201563338907,0.18187710447650737,4.2653704E-5,15.466849,8.0605876E-4,0.9689715,4.4842654E-5,0.0030680401,2.5392766E-4,0.09064419,0.025319522,0.6552973,0.013071473,0.07849611,0.008336214,0.045524765,0.005689433,null,null,null,null,"TWOGAUSSIANS",8,7.035285,0.9689715,4.4842654E-5,0.017181026,0.0014219949,0.0906597,0.025315642,0.6552973,0.013071473,0.4,0.0,0.045524765,0.005689433
375316653866487564,6570557040914499584,0.57985127,2142.159828458091,0.45320861702442466,2.3434955E-5,17.122149,0.004739275,0.08448961,0.013728794,0.021278229,0.004355968,1.1439384,0.67695993,0.58225965,0.0052724243,0.035304263,0.0053062886,0.15303649,0.016930124,0.035208862,0.009135053,0.08448961,0.013728794,"TWOGAUSSIANS_WITH_ELLIPSOIDAL_ON_ECLIPSE1",9,22.68797,0.08448961,0.013728794,0.11915808,0.024393423,1.2143561,0.6797001,0.5823596,0.0049326294,0.19770387,0.029715218,0.22344093,0.016034747
375316653866487564,6570563053868647296,0.44643298,2224.4729821565547,0.03192751219622204,2.1226797E-5,16.384497,0.0028699297,0.11068757,0.008774144,0.02745991,0.0048334673,0.22687873,0.059449922,0.849241,0.003978938,0.06444448,0.004416562,0.14793922,0.021417031,null,null,null,null,"TWOGAUSSIANS",8,13.062088,0.11067757,0.008774001,0.1537755,0.027067417,0.22691819,0.05945396,0.849241,0.003978938,0.3608891,0.02473275,0.14793922,0.021417031
375316653866487564,6570574220783734016,0.5624367,2150.057506234443,3.6080350945501687,8.337665E-6,16.48747,0.004395718,0.22280103,4.2138706E-4,0.029975832,0.0020314732,0.50742215,0.060016785,0.7239157,0.00505028,0.024362337,0.00533954,0.28297058,0.045147594,0.022071803,0.006630583,0.22280103,4.2138706E-4,"TWOGAUSSIANS_WITH_ELLIPSOIDAL_ON_ECLIPSE1",9,25.013674,0.22280103,4.2138706E-4,0.16786465,0.011376251,0.55156565,0.06293738,0.7239157,0.0050308527,0.13642909,0.029901424,0.327112,0.044262286
375316653866487564,6570656100039223296,0.5673296,2320.666564468955,4.10876694428064,8.7366825E-6,16.436478,0.0057441755,0.24969803,0.00283186,0.078219116,0.0039387434,0.12857078,0.0066765156,0.7400586,0.0037403565,0.0849834,0.007198519,0.10983798,0.004978842,null,null,null,null,"TWOGAUSSIANS",8,5.757793,0.24969803,0.00283186,0.4,0.0,0.12676647,0.005742364,0.7400586,0.0037403565,0.4,0.0,0.10803365,0.004126344
375316653866487564,6570754742552504960,0.42805523,2220.122688467664,2.57725256892579,1.566149E-5,18.815458,0.10893511,0.2985505,0.023975428,0.22244564,0.14126734,0.1349061,0.10018828,0.7571142,0.0070698373,0.060431298,0.012039533,0.23503415,0.034892958,null,null,null,null,"TWOGAUSSIANS",8,7.197884,0.7571142,0.0070698373,0.33841527,0.067421384,0.21768011,0.025809638,0.2985505,0.023975428,0.4,0.0,0.094472714,0.021470446
375316653866487564,6570781925401254400,0.5206034,2241.4892772698204,0.5818264494685698,5.1987998E-5,19.586477,0.004376733,0.32987386,0.0030306585,0.016086694,0.00403825,0.36611152,0.031013189,0.8414777,0.0089465035,0.008258307,0.0019735359,1.3345913,2.5800147,null,null,null,null,"TWOGAUSSIANS",8,1.504361,0.8414777,0.0089465035,0.046246517,0.0110518,1.3345913,2.5800147,0.32987386,0.0030306585,0.09008549,0.0226142,0.36611152,0.031013189
375316653866487564,6570784742899808512,0.64865255,2232.3881514223726,0.7356284479100788,5.972456E-6,11.867244,0.003156719,0.33293822,0.0010557433,0.029907016,0.0010620086,1.590578,0.029207021,0.8376905,0.0073616225,0.026960224,0.009936296,0.10124998,0.16101126,0.010778221,0.005603372,0.33293822,0.0010557433,"TWOGAUSSIANS_WITH_ELLIPSOIDAL_ON_ECLIPSE1",9,162.55864,0.33293822,0.0010557433,0.16747929,0.005947248,1.6121343,0.030477805,0.8376905,0.007342845,0.15097725,0.055643257,0.12278719,0.16101709
375316653866487564,6570785155216663296,0.6257093,2228.1078204416312,3.4708204511673393,3.3040644E-6,13.562524,0.00915185,0.20742162,0.0010358427,0.045687404,0.0015911553,0.4700548,0.020621084,0.70930743,0.0023295484,0.04713401,0.0022435861,0.5600203,0.030449335,0.108941466,0.0122940885,0.20742162,0.0010358427,"TWOGAUSSIANS_WITH_ELLIPSOIDAL_ON_ECLIPSE1",9,426.2007,0.70930743,0.0023295484,0.26395044,0.012564083,0.7778722,0.026153792,0.20742162,0.0010358427,0.25584948,0.00891047,0.68793726,0.005807119
375316653866487564,6570830372632377600,0.45310998,2242.7080236615966,3.6984881804454592,2.514715E-5,16.585972,0.0102552315,0.2589943,0.006826266,0.03894706,0.021752387,0.16613188,0.03901947,0.756508,0.020112565,0.10312725,0.026709892,0.09996264,0.015834184,null,null,null,null,"TWOGAUSSIANS",8,45.691357,0.2589943,0.006826266,0.21810354,0.121813364,0.16574314,0.041456256,0.756508,0.020112565,0.4,0.0,0.099572316,0.015218755
375316653866487564,6570838511594167680,0.4442139,2241.2265141654925,1.6398582950570244,4.0148272E-5,18.369864,0.0030950431,0.47711504,0.006341525,0.031629194,0.004417591,0.13903385,0.005220035,0.6748761,0.03912665,0.029866615,0.020538772,0.038768176,0.06212364,null,null,null,null,"TWOGAUSSIANS",8,4.3721266,0.47711504,0.006341525,0.17712349,0.02473851,0.13903385,0.005220035,0.6748761,0.03912665,0.16725305,0.11501712,0.038768176,0.0621236
375316653866487564,6570916375057547648,0.5614725,2207.914574673702,3.2687762786576906,8.132571E-6,16.253746,0.011460448,0.2855526,0.0025488257,0.111573406,0.0068846615,0.19542159,0.010596239,0.7929706,0.002482959,0.107051626,0.006923048,0.1666621,0.010998072,null,null,null,null,"TWOGAUSSIANS",8,7.17391,0.2855426,0.0025490897,0.4,0.0,0.17098448,0.005359352,0.7929806,0.0024910397,0.4,0.0,0.14223632,0.0034788204
375316653866487564,6570920017189799296,0.57944053,2230.766736100022,2.8050444203893585,6.517875E-6,17.843704,0.008200788,0.28680965,0.0020441047,0.073540024,0.002687287,0.550386,0.011361867,0.783558,0.0024348348,0.076376796,0.0032823526,0.43395472,0.017479848,null,null,null,null,"TWOGAUSSIANS",8,9.910919,0.28680965,0.0020441047,0.4,0.0,0.5469045,0.011151286,0.783558,0.0024348348,0.4,0.0,0.43047318,0.01766911
375316653866487564,6570959152931890688,0.4467515,2184.507495241505,3.004305451928819,2.4043085E-5,17.222063,0.3672684,0.24759313,0.047076672,0.22406909,0.22314735,0.17176396,0.35051438,0.65769714,0.009472887,0.07841399,0.012109409,0.4156042,0.04562834,null,null,null,null,"TWOGAUSSIANS",8,118.80123,0.65769714,0.009472887,0.4,0.0,0.39776805,0.04624981,0.24760313,0.0470769,0.4,0.0,0.116399884,0.024037309
375316653866487564,6570965303324989696,0.62374055,2227.1415366367605,4.1323234487607765,5.0903295E-6,17.750734,0.0075918892,0.27290994,0.0019440225,0.051186375,0.0043590236,0.24185053,0.018641897,0.77618665,0.003168675,0.04889333,0.0044659027,0.15723835,0.02204748,0.10209467,0.012462284,0.27290994,0.0019440225,"TWOGAUSSIANS_WITH_ELLIPSOIDAL_ON_ECLIPSE1",9,4.309358,0.27290994,0.0019440225,0.28664368,0.024410533,0.4460377,0.011527864,0.77618665,0.003168675,0.27380264,0.025009055,0.361339,0.01224786
375316653866487564,6571029349877471616,0.5259948,2195.564898046323,3.9190952292797374,1.1051628E-5,17.867512,0.018386405,0.2873993,0.0053278278,0.066499405,0.042123605,0.06075133,0.032530136,0.76134104,0.0081512565,0.054935064,0.013648225,0.1037068,0.0369528,0.062025446,0.020780204,0.2873993,0.0053278278,"TWOGAUSSIANS_WITH_ELLIPSOIDAL_ON_ECLIPSE1",9,5.3988976,0.767101,0.006417533,0.30763635,0.07643006,0.22513054,0.0099555515,0.2873993,0.0053278278,0.37239668,0.22094882,0.18475045,0.012949037
375316653866487564,6571070405468299776,0.5118965,2242.977186864124,0.02062479482196676,9.4699746E-5,17.789412,0.0018516055,0.1590251,0.081712835,0.08246081,0.07067789,0.006599607,0.0068975277,0.5024365,1.1221311E-4,0.0026773633,9.0805624E-5,0.2868327,0.010982008,null,null,null,null,"TWOGAUSSIANS",8,1.8396099,0.5024365,1.1221311E-4,0.014993235,5.085115E-4,0.28683382,0.0109905545,0.1590251,0.081712835,0.4,0.15453544,0.0065996065,0.006897631
375316653866487564,6571121262177542528,0.4759746,2257.568108904271,1.4370315995269851,2.4892131E-5,18.128223,0.002837069,null,null,null,null,null,null,null,null,null,null,null,null,0.06706739,0.004709248,0.2275164,0.0048731947,"ELLIPSOIDAL",4,7.7131243,null,null,null,null,null,null,null,null,null,null,null,null
375316653866487564,6571136930218581760,0.5414986,2248.1444730069907,2.5350177882921017,1.0842688E-5,18.757761,0.015288081,0.23436819,0.0052152355,0.10021184,0.010059444,0.3064931,0.01574522,0.72807634,0.002638543,0.08595888,0.004600338,0.35370672,0.015095105,null,null,null,null,"TWOGAUSSIANS",8,2.464216,0.72807634,0.002638543,0.4,0.0,0.33755726,0.009558114,0.23436819,0.0052152355,0.4,0.0,0.29034117,0.014018337
375316653866487564,6571241383823052800,0.55047697,2218.531598369949,1.8070101030068857,1.1746211E-5,13.862088,0.0028534064,0.7807531,0.012429283,0.009264063,0.0073890085,0.32279336,0.22708328,0.68267024,0.0014062076,0.02196861,0.0012087965,0.46636873,0.030674547,null,null,null,null,"TWOGAUSSIANS",8,404.52707,0.68267024,0.0014062076,0.12302422,0.0067692604,0.46636873,0.030674547,0.7807531,0.012429283,0.051878754,0.041378446,0.32281527,0.22713178
375316653866487564,6571242719556925056,0.49718198,2226.970788897726,0.09446165834702198,5.3187E-5,18.228548,0.0014974078,0.1291113,0.008236618,0.012589817,0.009925712,0.043229934,0.054514766,0.6257528,0.0041392404,0.009992232,0.0041933623,0.582666,0.46359324,null,null,null,null,"TWOGAUSSIANS",8,1.5869428,0.6257528,0.0041392404,0.055956498,0.02348283,0.582666,0.46359324,0.1291113,0.008236618,0.070502974,0.055583987,0.043229934,0.054514766
375316653866487564,6571258009639673600,0.5292912,2223.8377558810575,2.5137442201019238,5.976662E-5,19.40791,0.005334894,0.30698812,5.3371757E-4,0.03021826,6.935257E-4,0.59118533,0.010176113,0.80997515,0.010072338,0.028252905,0.004507763,0.42204735,0.014186874,null,null,null,null,"TWOGAUSSIANS",8,2.4812732,0.30698812,5.3371757E-4,0.16922227,0.0038837441,0.59118533,0.010176113,0.80997515,0.010072338,0.15821627,0.025243472,0.42204735,0.014186874
375316653866487564,6571260964577216000,0.5252269,2222.6011813033715,4.307476448073241,1.8752935E-5,18.118612,0.014793136,0.2202643,0.003021962,0.08565147,0.0063507305,0.27027175,0.014122593,0.7223729,0.008028049,0.08490783,0.011750974,0.3399962,0.01878172,null,null,null,null,"TWOGAUSSIANS",8,8.637866,0.7223729,0.008028049,0.4,0.0,0.33205047,0.017599761,0.2202643,0.003021962,0.4,0.0,0.26232603,0.010176856
375316653866487564,6571276877432747648,0.62108564,2228.120487683435,2.903766476920592,3.7162392E-6,16.21133,0.009533595,0.22271222,0.0016056593,0.051833574,0.008242808,0.12991257,0.016351048,0.723907,0.0043675425,0.054869723,0.005771985,0.1262137,0.020726688,0.08532368,0.010836356,0.22271222,0.0016056593,"TWOGAUSSIANS_WITH_ELLIPSOIDAL_ON_ECLIPSE1",9,10.381441,0.22271222,0.0016056593,0.290268,0.046159726,0.30055487,0.009078112,0.723907,0.004011953,0.30727044,0.032323115,0.2968464,0.00568348
375316653866487564,6571309759702475392,0.45549157,2202.0797342975166,1.4824054128867687,2.0316282E-5,18.34865,0.0025546765,null,null,null,null,null,null,null,null,null,null,null,null,0.055831604,0.0038654192,0.28864482,0.004918841,"ELLIPSOIDAL",4,4.359852,null,null,null,null,null,null,null,null,null,null,null,null
375316653866487564,6571411327087419648,0.53296113,2204.9881009500946,2.9872728884870825,2.5083034E-5,18.035423,0.0035338341,0.23605123,0.0030954499,0.08222087,0.0039550643,0.18415459,0.0041070646,0.73633313,0.0045485203,0.081549026,0.005804328,0.17413408,0.016487788,null,null,null,null,"TWOGAUSSIANS",8,3.0571218,0.23605123,0.0030954499,0.4,0.0,0.18078333,0.0037979963,0.73633313,0.0045485203,0.4,0.0,0.17076282,0.017051103
375316653866487564,6571470700716772224,0.47525522,2196.552529198017,0.43886274898659855,2.3298641E-4,19.395777,0.0073074996,0.2693278,1.6808338E-4,0.015722558,3.8886568E-4,0.37895882,0.0053021847,0.7260935,0.09363719,0.11877904,0.08977291,0.026793372,0.009188285,null,null,null,null,"TWOGAUSSIANS",8,1.2691338,0.2693278,1.5061632E-4,0.08804632,0.0021776478,0.3789609,0.0061819535,0.7260935,0.09363719,0.4,0.0,0.02677819,0.008651774
375316653866487564,6571598003547675776,0.53711665,2209.935879181246,1.3608345867577372,4.6849377E-6,16.26649,0.0058960915,0.13667345,0.0026374308,0.022815408,0.0013416572,0.69044155,0.066439986,0.30574638,0.05047591,0.036812495,0.039146833,0.012920595,0.025168324,0.007739239,0.00510204,0.30574638,0.05047591,"TWOGAUSSIANS_WITH_ELLIPSOIDAL_ON_ECLIPSE2",9,48.874454,0.13673344,0.002627754,0.1277663,0.0075132805,0.6941132,0.06604165,0.30574638,0.05047591,0.20614998,0.21922226,0.02839905,0.01818538
375316653866487564,6571613705948143744,0.5342534,2215.020728374339,0.12344867470918787,7.850001E-5,16.789755,0.17284922,0.17550023,0.019231133,0.010021561,0.008639377,0.72699857,7.88427,0.35791475,0.019783802,0.2865226,0.18584941,0.10226515,0.16466582,null,null,null,null,"TWOGAUSSIANS",8,17.171247,0.17552023,0.019212147,0.056120742,0.048380513,0.7676542,7.88573,0.35791475,0.019783802,0.4,0.0,0.05811199,0.007910215
375316653866487564,6571693420541289728,0.5522969,2194.27384594824,0.14907601058821615,1.7338183E-5,13.999467,5.8335246E-4,0.17421094,0.018441448,0.07121711,0.0443429,0.0043906653,0.0026795438,0.52195954,2.3765277E-4,0.0059468905,1.6519948E-4,0.11507053,0.0028611782,0.0032824087,9.992445E-4,0.17421094,0.018441448,"TWOGAUSSIANS_WITH_ELLIPSOIDAL_ON_ECLIPSE1",9,8.711907,0.52196956,2.3765277E-4,0.033302587,9.2511706E-4,0.11724187,0.0029561638,0.17421094,0.018441448,0.3988158,0.17810643,0.010946379,0.002356921
375316653866487564,6571699399135777408,0.51378465,2196.3436044749797,3.496957586546598,1.0610616E-5,16.132341,2.2480636,0.26498172,0.017600821,0.116508536,0.12832937,0.23962773,1.4863347,0.7824921,0.012367789,0.123459294,0.3004933,0.21037391,2.1777923,null,null,null,null,"TWOGAUSSIANS",8,25.029238,0.2648617,0.0078033404,0.4,0.0,0.19602369,0.019502925,0.7825721,0.007484566,0.4,0.0,0.16669379,0.014733771
375316653866487564,6571795091007131392,0.43674052,2193.9000443971327,0.031717901871203304,1.0587204E-5,16.315937,0.005207625,0.07929428,0.006721133,0.049414676,0.0059467275,0.06799974,0.01363024,0.4985442,0.010090479,0.15033026,0.01265732,0.1400656,0.014231857,null,null,null,null,"TWOGAUSSIANS",8,3.9673903,0.4985442,0.010090479,0.4,0.0,0.13696976,0.014987972,0.08119428,0.0061802138,0.27672216,0.033301674,0.06789984,0.01423877
375316653866487564,6571801516278349184,0.5895502,2189.2853594706785,4.484253960536156,2.7746528E-6,18.175917,0.009344812,0.10953061,0.0016311546,0.043693595,0.0034395095,0.25748307,0.02116931,0.60082805,0.0013928826,0.04640908,0.002288027,0.5140111,0.023061696,0.106201485,0.012974696,0.10953061,0.0016311546,"TWOGAUSSIANS_WITH_ELLIPSOIDAL_ON_ECLIPSE1",9,7.7543077,0.60139805,0.0012871921,0.25989085,0.012812951,0.72582024,0.020316597,0.10953061,0.0016311546,0.24468413,0.019261254,0.4698851,0.012518704
375316653866487564,6571914486804914176,0.5337328,2190.98998595945,2.5596244022806878,1.1354524E-5,19.24695,0.0034703556,0.23214462,0.0028438368,0.023465594,0.002074905,0.5063302,0.048352394,0.7347963,0.003465734,0.034132734,0.002009983,0.33889374,0.018122727,null,null,null,null,"TWOGAUSSIANS",8,1.5956407,0.23214462,0.0028438368,0.13140732,0.011619467,0.5063302,0.048352394,0.7347963,0.003465734,0.19114332,0.011255905,0.33889374,0.018122727
