Gaia/vari_eclipsing_binary/VariEclipsingBinary_460083-460104.csv
# %ECSV 1.0
# ---
# delimiter: ','
# meta: !!omap
# - RELEASE: Gaia DR3
# - TABLE: vari_eclipsing_binary
# - DESCRIPTION: >
#     This table describes the properties of the eclipsing binaries resulting from the variability analysis. 
# - CITATION: >
#     How to cite and acknowledge Gaia: 
#     https://gea.esac.esa.int/archive/documentation/credits.html 
# - KNOWN_ISSUES: >
#     Known issues: 
#     https://www.cosmos.esa.int/web/gaia-users/known-issues 
# - DOCUMENTATION: >
#     Tutorials and documentation: 
#     https://www.cosmos.esa.int/web/gaia-users/archive 
# datatype:
# - 
#   name: solution_id
#   datatype: int64
#   description: Solution Identifier
#   meta:
#     ucd: meta.version
# - 
#   name: source_id
#   datatype: int64
#   description: Unique source identifier
#   meta:
#     ucd: meta.id;meta.main
# - 
#   name: global_ranking
#   datatype: float32
#   description: Number between 0 (worst) and 1 (best)
#   meta:
#     ucd: stat.param
# - 
#   name: reference_time
#   datatype: float64
#   unit: d
#   description: Reference time used for the geometric model fit
#   meta:
#     ucd: time.epoch
# - 
#   name: frequency
#   datatype: float64
#   unit: d**-1
#   description: Frequency of geometric model of the eclipsing binary light curve
#   meta:
#     ucd: src.orbital
# - 
#   name: frequency_error
#   datatype: float32
#   unit: d**-1
#   description: "Uncertainty of \\texttt{frequency}"
#   meta:
#     ucd: stat.error
# - 
#   name: geom_model_reference_level
#   datatype: float32
#   unit: mag
#   description: Magnitude reference level of geometric model
#   meta:
#     ucd: phot.mag;em.opt
# - 
#   name: geom_model_reference_level_error
#   datatype: float32
#   unit: mag
#   description: "Uncertainty of \\texttt{geomModelReferenceLevel}"
#   meta:
#     ucd: stat.error;phot.mag;em.opt
# - 
#   name: geom_model_gaussian1_phase
#   datatype: float32
#   description: Phase of the Gaussian 1 component
#   meta:
#     ucd: time.phase
# - 
#   name: geom_model_gaussian1_phase_error
#   datatype: float32
#   description: "Uncertainty of \\texttt{geomModelGaussian1Phase}"
#   meta:
#     ucd: stat.error;time.phase
# - 
#   name: geom_model_gaussian1_sigma
#   datatype: float32
#   description: "Standard deviation [phase] of Gaussian 1 component"
#   meta:
#     ucd: stat.stdev
# - 
#   name: geom_model_gaussian1_sigma_error
#   datatype: float32
#   description: "Uncertainty of \\texttt{geomModelGaussian1Sigma}"
#   meta:
#     ucd: stat.error
# - 
#   name: geom_model_gaussian1_depth
#   datatype: float32
#   unit: mag
#   description: Magnitude depth of Gaussian 1 component
#   meta:
#     ucd: src.var.amplitude
# - 
#   name: geom_model_gaussian1_depth_error
#   datatype: float32
#   unit: mag
#   description: "Uncertainty of \\texttt{geomModelGaussian1Depth}"
#   meta:
#     ucd: stat.error;src.var.amplitude
# - 
#   name: geom_model_gaussian2_phase
#   datatype: float32
#   description: Phase of Gaussian 2 component
#   meta:
#     ucd: time.phase
# - 
#   name: geom_model_gaussian2_phase_error
#   datatype: float32
#   description: "Uncertainty of \\texttt{geomModelGaussian2Phase}"
#   meta:
#     ucd: stat.error;time.phase
# - 
#   name: geom_model_gaussian2_sigma
#   datatype: float32
[...]
#   datatype: float32
#   description: "Secondary eclipse: uncertainty of \\texttt{derivedSecondaryEclDuration}"
#   meta:
#     ucd: stat.error;time.duration
# - 
#   name: derived_secondary_ecl_depth
#   datatype: float32
#   unit: mag
#   description: "Secondary eclipse: depth"
#   meta:
#     ucd: src.var.amplitude
# - 
#   name: derived_secondary_ecl_depth_error
#   datatype: float32
#   unit: mag
#   description: "Secondary eclipse: uncertainty of \\texttt{derivedSecondaryEclDepth}"
#   meta:
#     ucd: stat.error;src.var.amplitude
solution_id,source_id,global_ranking,reference_time,frequency,frequency_error,geom_model_reference_level,geom_model_reference_level_error,geom_model_gaussian1_phase,geom_model_gaussian1_phase_error,geom_model_gaussian1_sigma,geom_model_gaussian1_sigma_error,geom_model_gaussian1_depth,geom_model_gaussian1_depth_error,geom_model_gaussian2_phase,geom_model_gaussian2_phase_error,geom_model_gaussian2_sigma,geom_model_gaussian2_sigma_error,geom_model_gaussian2_depth,geom_model_gaussian2_depth_error,geom_model_cosine_half_period_amplitude,geom_model_cosine_half_period_amplitude_error,geom_model_cosine_half_period_phase,geom_model_cosine_half_period_phase_error,model_type,num_model_parameters,reduced_chi2,derived_primary_ecl_phase,derived_primary_ecl_phase_error,derived_primary_ecl_duration,derived_primary_ecl_duration_error,derived_primary_ecl_depth,derived_primary_ecl_depth_error,derived_secondary_ecl_phase,derived_secondary_ecl_phase_error,derived_secondary_ecl_duration,derived_secondary_ecl_duration_error,derived_secondary_ecl_depth,derived_secondary_ecl_depth_error
[from data line 339]
375316653866487564,4047020998672771328,0.4948898,2226.9438114941913,0.10687284816372866,2.3815753E-4,18.009684,0.00910442,0.33309838,0.012271071,0.04982895,0.0063209045,0.53189135,0.13866173,0.82462776,0.0125160795,0.059129905,0.016406195,0.34422988,0.30131415,null,null,null,null,"TWOGAUSSIANS",8,21.452694,0.33309838,0.012271071,0.27904212,0.035397068,0.5318757,0.13866644,0.82462776,0.0125160795,0.33112746,0.08810212,0.3442143,0.3013895
375316653866487564,4047021445372394752,0.4861124,2181.2310559059665,0.15713660604149046,3.51648E-5,18.49443,0.059034556,0.36687642,0.02093938,0.16771221,0.08354889,0.12917256,0.052907962,0.8874884,0.007362405,0.06724057,0.028341,0.08685407,0.03657059,null,null,null,null,"TWOGAUSSIANS",8,1.901734,0.36687642,0.02093938,0.4,0.0,0.11118808,0.020240141,0.88845843,0.0058949976,0.37654722,0.15288615,0.07209481,0.01156385
375316653866487564,4047021896358498176,0.55919313,2176.925206034551,2.5780603572558562,1.6255268E-5,18.309507,0.02802954,0.14779627,0.003924553,0.1016656,0.012550801,0.27953178,0.02401006,0.641288,0.0036031855,0.089734696,0.01049197,0.28876516,0.026402183,null,null,null,null,"TWOGAUSSIANS",8,3.8190439,0.641288,0.0036031855,0.4,0.0,0.27169505,0.015779687,0.14779627,0.003924553,0.4,0.0,0.26245847,0.017566845
375316653866487564,4047022338728003840,0.45837253,2325.1707500065504,1.9710117482117746,3.464039E-5,19.093607,0.16868162,0.26793313,0.01711904,0.0963966,0.03230257,0.27848688,0.15410738,0.7828706,0.057312302,0.09679707,0.09295653,0.25978413,0.17239673,null,null,null,null,"TWOGAUSSIANS",8,5.2148566,0.26793313,0.014320304,0.4,0.0,0.2630719,0.0796665,0.7828706,0.057324115,0.4,0.0,0.24436913,0.05939333
375316653866487564,4047022377395349376,0.444458,2218.3309417606993,0.8995050488583678,3.764322E-5,19.136534,0.033806864,0.16950417,0.009562728,0.060314205,0.012590254,0.15844496,0.036965374,0.69562185,0.01974503,0.13975953,0.05110355,0.11429526,0.029862048,null,null,null,null,"TWOGAUSSIANS",8,2.474728,0.16936415,0.009598741,0.33775955,0.07050542,0.15173553,0.029243853,0.69562185,0.01974503,0.4,0.0,0.10712534,0.02015122
375316653866487564,4047022446114904448,0.46102557,2245.945512804804,3.091817714610835,5.1331648E-5,18.896116,0.036879756,0.30703905,0.015563172,0.08051043,0.03947962,0.1365077,0.035495948,0.87128514,0.03871618,0.059400216,0.05476756,0.12067911,0.030574571,null,null,null,null,"TWOGAUSSIANS",8,3.3796313,0.30703905,0.01554181,0.4,0.0,0.13643241,0.020280015,0.87128514,0.038690053,0.33264118,0.0983375,0.120603874,0.018361837
375316653866487564,4047023579985008128,0.5492007,2226.1287578723495,3.0812728712097424,1.3511428E-5,18.62171,0.08006113,0.26299706,0.003785111,0.09621159,0.014049552,0.46495625,0.07562711,0.759531,0.017740685,0.103377074,0.025918266,0.4492952,0.0866309,null,null,null,null,"TWOGAUSSIANS",8,6.0352435,0.26299706,0.003775771,0.4,0.0,0.42706582,0.02547214,0.759531,0.017740685,0.4,0.0,0.41139847,0.037808936
375316653866487564,4047023992325877888,0.49627006,2226.9958068837063,4.4764907270681595,4.4133176E-5,19.729053,0.025911864,0.27479893,0.0037908636,0.06677026,0.008363977,0.6754908,0.070596464,0.71645194,0.06667264,0.08777354,0.032870572,0.6465805,0.20290735,null,null,null,null,"TWOGAUSSIANS",8,6.510032,0.27479893,0.0037994487,0.37391347,0.04683827,0.673583,0.071706966,0.71645194,0.06667264,0.4,0.0,0.64467067,0.20219833
375316653866487564,4047024026661942016,0.46712455,2192.867753274628,1.0234263041081837,3.9461665E-5,19.072147,0.017041994,0.2378258,0.018143564,0.072907194,0.01481319,0.1392848,0.019605743,0.7356059,0.014801512,0.07557643,0.020688798,0.15369637,0.04933161,null,null,null,null,"TWOGAUSSIANS",8,1.8801973,0.7356059,0.014801512,0.4,0.02089816,0.15273605,0.049393896,0.2378258,0.018143564,0.4,0.046768475,0.13832448,0.017085258
375316653866487564,4047024606440774016,0.54843175,2275.833606559856,3.356754030902933,2.5622012E-5,16.298603,0.030885916,0.30790994,0.004630138,0.09436551,0.012878328,0.34726682,0.01891133,0.8123441,0.0056302412,0.09032277,0.013734349,0.2735634,0.02687703,null,null,null,null,"TWOGAUSSIANS",8,38.524048,0.30790994,0.004630138,0.4,0.0,0.3324514,0.015804626,0.8123441,0.0056302412,0.4,0.0,0.25874844,0.015163498
375316653866487564,4047024610778594944,0.6340152,2212.7957316040224,2.799730542292807,6.3133643E-6,18.801271,0.009251476,0.31487092,8.411517E-4,0.06871194,0.002290327,0.47890028,0.018251903,0.81440365,0.0017675945,0.07140967,0.0022432243,0.6035322,0.01804042,null,null,null,null,"TWOGAUSSIANS",8,1.706074,0.81440365,0.0017675945,0.39989415,0.008113885,0.60170317,0.018034924,0.31487092,8.411517E-4,0.38478684,0.012825832,0.47707126,0.018328456
375316653866487564,4047024709519977472,0.63595146,2273.607733592193,0.8566258187567659,7.070149E-6,15.941848,0.020959385,0.21678527,0.003377295,0.10166905,0.010973185,0.20486052,0.019604534,0.70555925,0.0028782196,0.0945621,0.0064876284,0.3300568,0.020158118,null,null,null,null,"TWOGAUSSIANS",8,7.899648,0.70555925,0.0028782196,0.4,0.0,0.31286523,0.010555902,0.21678527,0.003377295,0.4,0.0,0.18766701,0.009779403
375316653866487564,4047025023095440384,0.4890473,2247.0203002569992,3.027297310701417,3.7857637E-5,19.008003,0.03514328,0.28674966,0.0029353814,0.07200388,0.00784908,0.35972986,0.030385096,0.79002947,0.028452924,0.09445594,0.050232403,0.26550168,0.2900801,null,null,null,null,"TWOGAUSSIANS",8,10.066288,0.28674966,0.0029353814,0.4,0.019511294,0.35354847,0.022000922,0.79002947,0.028452924,0.4,0.13138542,0.25931987,0.2960271
375316653866487564,4047025641571221504,0.5082051,2265.0138478496733,3.2986804159001135,5.2288873E-5,19.485535,0.037872028,0.26367426,0.0051379628,0.03235798,0.004257089,0.5646617,0.11194772,0.7260421,0.011603178,0.031705737,0.033381756,0.58454245,1.6086176E8,0.119653955,0.054577146,0.7260421,0.011603178,"TWOGAUSSIANS_WITH_ELLIPSOIDAL_ON_ECLIPSE2",9,14.016181,0.7260421,0.011603178,0.17755212,0.18693784,0.82385033,1.6086176E8,0.26244426,0.0046124584,0.18120469,0.023839697,0.79125947,0.055761293
375316653866487564,4047025950808616448,0.481516,2289.5098073774293,1.9110249226381892,2.0246398E-5,15.996838,0.0045400457,0.2896925,0.022550859,0.10735446,0.0230392,0.06804004,0.021447849,0.86700517,0.0065364386,0.028446551,0.0110984575,0.042536143,0.06718233,null,null,null,null,"TWOGAUSSIANS",8,3.248258,0.2896925,0.022550859,0.4,0.0,0.06802767,0.02146509,0.8670252,0.0065347133,0.1593007,0.06215136,0.042553086,0.06719756
375316653866487564,4047026019528279552,0.5021009,2283.7283500160634,0.09857965887645646,2.1337333E-5,18.935314,0.43909404,0.2550748,0.016507287,0.06419878,0.028228525,0.16127063,0.09255247,0.69123405,0.017933436,0.22879075,0.12734969,0.44615397,0.43115616,null,null,null,null,"TWOGAUSSIANS",8,2.3066661,0.69123405,0.017933436,0.4,0.0,0.33242562,0.07222869,0.26644477,0.017411416,0.35951313,0.15730767,0.14349234,0.07425554
375316653866487564,4047026638004492800,0.4768054,2239.8018795200883,3.587633051720325,2.5252735E-5,18.606634,0.7205665,0.3171625,0.01389356,0.12921938,0.06316221,0.3730767,0.60329074,0.83393544,0.011227368,0.14184855,0.09783574,0.38426504,0.68666106,null,null,null,null,"TWOGAUSSIANS",8,9.942088,0.8342554,0.010027227,0.4,0.0,0.2617721,0.034936566,0.31646252,0.011751371,0.4,0.0,0.2517841,0.023794275
375316653866487564,4047026736774662400,0.4481479,2249.3552916807025,2.3512017507306853,3.8859693E-5,18.742981,0.035255622,0.17220417,0.01053798,0.11924282,0.025755582,0.14050104,0.035129737,0.69008744,0.013268407,0.08815391,0.026400514,0.11113741,0.072310984,null,null,null,null,"TWOGAUSSIANS",8,4.1559324,0.17220417,0.01053798,0.4,0.0,0.12937087,0.01911007,0.6901574,0.013246348,0.4,0.025996141,0.10005812,0.07202276
375316653866487564,4047026736774667264,0.47545254,2215.6688372301455,2.9239972300203174,1.048618E-6,18.79199,0.020460928,0.2279133,2.221017E-6,0.0042557707,4.2434002E-4,4.320161,3.4366019,0.7225237,0.0125032235,0.14744334,0.03504059,0.11081309,0.017893095,null,null,null,null,"TWOGAUSSIANS",8,1.5314987,0.2279133,2.221017E-6,0.023832316,0.002376304,4.3201118,3.4366684,0.7225237,0.0125032235,0.4,0.0,0.11005332,0.016013315
375316653866487564,4047027015983099520,0.65993166,2233.567155383239,2.6473860097724544,6.2165386E-6,13.103155,0.008365737,0.24459644,0.0018978656,0.044762257,0.003937793,0.31072074,0.021638563,0.74419355,0.0036666978,0.047304448,0.0061220946,0.38530096,0.08818959,0.1279408,0.013752575,0.24459644,0.0018978656,"TWOGAUSSIANS_WITH_ELLIPSOIDAL_ON_ECLIPSE1",9,159.94353,0.74423355,0.0034908736,0.2649049,0.03428373,0.6411806,0.09202774,0.24459644,0.0018978656,0.25066864,0.022051642,0.5666019,0.013625336
375316653866487564,4047027393918952320,0.5819958,2239.008798526649,2.6743534376044646,1.8652547E-5,18.303106,0.02426476,0.28352067,0.0053712646,0.06903775,0.008027216,0.50281405,0.034564294,0.7972819,0.11783832,0.08439163,0.083168775,0.498977,3126.5522,null,null,null,null,"TWOGAUSSIANS",8,6.109669,0.28352067,0.0053712646,0.38661143,0.03624509,0.49915445,0.033899426,0.7972819,0.11783832,0.4,0.36339557,0.49531737,3126.557
375316653866487564,4047027428299863168,0.6291654,2248.133179851724,0.3995327223843661,6.7194815E-5,16.975386,0.001107101,0.30442598,0.010046654,0.024675613,0.0077854185,0.23638482,0.009479551,0.6233563,0.0066954195,0.03132928,0.010693573,0.015258855,0.016380323,null,null,null,null,"TWOGAUSSIANS",8,1.2190442,0.30442598,0.010046654,0.13818343,0.043598343,0.23638482,0.009479551,0.6233563,0.0066954195,0.17544398,0.05988401,0.015258855,0.016380323
375316653866487564,4047028287271201024,0.48207495,2243.0139389694655,0.5439185137362318,9.865934E-5,19.131016,0.02972363,0.33933237,0.016796313,0.041885514,0.012997074,0.1526214,0.020365994,0.63626945,0.018070076,0.18772383,0.029037643,0.2272493,0.031144524,null,null,null,null,"TWOGAUSSIANS",8,3.9617362,0.63626945,0.018070076,0.4,0.0,0.21415494,0.0242812,0.34587237,0.014752658,0.23455888,0.07278361,0.20654257,0.01723811
375316653866487564,4047028355990943232,0.54492605,2265.334587538781,2.686454682236904,2.8100065E-5,18.808365,0.12117826,0.20924172,0.00615472,0.11414622,0.033900656,0.290981,0.117475554,0.6989266,0.010067809,0.12031277,0.027245807,0.33352175,0.1200827,null,null,null,null,"TWOGAUSSIANS",8,1.6506099,0.6989266,0.010067809,0.4,0.0,0.27517462,0.021326872,0.20930171,0.0060564857,0.4,0.0,0.23271696,0.015058563
375316653866487564,4047028527789655808,0.46087736,2210.3031139289756,2.678240185232678,3.439751E-5,18.620647,0.009021853,null,null,null,null,null,null,null,null,null,null,null,null,0.13497484,0.011966991,0.16739313,0.007837829,"ELLIPSOIDAL",4,13.445647,null,null,null,null,null,null,null,null,null,null,null,null
375316653866487564,4047028527789797632,0.47284165,2205.1027844901273,3.3529502742729904,2.1354163E-5,18.956238,0.11553897,0.2020861,0.005665467,0.14132747,0.04022447,0.24663207,0.113369964,0.68235564,0.009476042,0.1120563,0.024443882,0.22694308,0.109049425,null,null,null,null,"TWOGAUSSIANS",8,2.2223775,0.2021461,0.0056254026,0.4,0.0,0.1890842,0.014074803,0.68235564,0.009476042,0.4,0.0,0.17041868,0.020052906
375316653866487564,4047028562149572992,0.46565396,2221.1477306814995,0.29043891721414283,2.6159205E-5,19.62492,0.14399512,0.2572552,0.035534304,0.16590971,0.052637763,0.21333,0.13767223,0.7021845,0.04348603,0.1149407,0.06233666,0.22083275,0.13304277,null,null,null,null,"TWOGAUSSIANS",8,1.8730985,0.7021845,0.04348603,0.4,0.017844558,0.16746034,0.023113498,0.2577852,0.0320404,0.4,0.0,0.15343925,0.021806128
375316653866487564,4047028733948383872,0.48269933,2272.6094167949577,1.1563399046608065,1.00856305E-4,14.977756,0.0021078363,0.69635737,0.07793378,0.04249484,0.07668108,0.14710945,280.02496,0.4838268,0.04708503,0.06339418,0.0314159,0.07817004,0.037769597,null,null,null,null,"TWOGAUSSIANS",8,5.3715644,0.69616735,0.21616456,0.23797111,0.27331477,0.14739427,280.02484,0.4838268,0.0437568,0.3550074,0.15306088,0.07817058,0.03299775
375316653866487564,4047028733948402560,0.55939245,2247.324623833934,3.507115125713279,3.5328812E-5,19.810938,0.025737295,0.23991893,0.017745132,0.07747881,0.014650085,0.6082119,0.17881903,0.7490491,0.005583484,0.07196016,0.007800372,0.59180295,0.042339846,null,null,null,null,"TWOGAUSSIANS",8,1.7599847,0.23991893,0.017745132,0.4,0.0,0.6045929,0.18110158,0.7490491,0.005583484,0.4,0.027025647,0.588184,0.04193596
375316653866487564,4047028768308046976,0.4904634,2249.2808817786,3.0329738608921346,4.3349006E-5,18.85216,0.032402918,0.2755115,0.012869086,0.06475118,0.015495308,0.659181,0.13714339,0.7870744,0.005018601,0.092798285,0.009812855,0.5189186,0.023382235,null,null,null,null,"TWOGAUSSIANS",8,28.422855,0.2755115,0.012869086,0.36260659,0.07819314,0.65341955,0.1416152,0.7870744,0.005018601,0.4,0.0,0.51315653,0.021644061
375316653866487564,4047029622990811136,0.51194113,2228.501626865619,0.4089830019760099,3.7196358E-5,19.298355,0.37985235,0.23779508,0.03792486,0.107214496,0.05171389,0.4440709,0.31685603,0.72694016,0.021528,0.14351113,0.098212734,0.4286969,0.37498853,null,null,null,null,"TWOGAUSSIANS",8,2.6675959,0.23810509,0.036866568,0.4,0.025666192,0.33848944,0.056237336,0.72694016,0.021528,0.4,0.0,0.3210859,0.022223325
375316653866487564,4047029936536300928,0.50986594,2280.6299085304554,0.4648485810379323,8.1450795E-5,19.494482,0.0068192906,0.30029842,0.014921046,0.06220803,0.028219147,0.30804405,0.19282609,0.7940342,0.0077573806,0.025929302,0.007858575,0.28827825,0.41208625,null,null,null,null,"TWOGAUSSIANS",8,1.1767801,0.30029842,0.014921046,0.34836498,0.07170323,0.30804402,0.19284728,0.7940342,0.0077573806,0.14520408,0.04400802,0.28827822,0.41208723
375316653866487564,4047030005255791744,0.543266,2216.2622796684955,3.60503615720018,9.048812E-6,18.789824,0.0044395854,0.15779684,0.0023643011,0.06572886,0.0037303355,0.1787197,0.011391391,0.66244525,0.0014636682,0.061412286,0.0030605015,0.21555914,0.011489907,null,null,null,null,"TWOGAUSSIANS",8,1.1710881,0.66244525,0.0014636682,0.34390882,0.017138809,0.21541089,0.011509476,0.15779684,0.0023643011,0.3680816,0.020889878,0.17857146,0.01141755
375316653866487564,4047030073985321984,0.46366987,2255.1388223809936,3.1417706411997375,4.8078076E-5,19.369638,0.06638114,0.1871773,0.00990852,0.11304757,0.05755973,0.15439834,0.051890213,0.6838565,0.008017951,0.09335713,0.021901501,0.19809152,0.063898325,null,null,null,null,"TWOGAUSSIANS",8,2.1015754,0.6838565,0.008010414,0.4,0.0,0.18059725,0.01839416,0.1871773,0.00990852,0.4,0.0,0.1368867,0.016222281
375316653866487564,4047031242234853376,0.50079864,2234.9030360206266,0.11856653726345767,6.891334E-5,18.346115,0.002891256,0.3978331,0.0104443105,0.04374065,0.01286314,0.04809578,0.02348555,0.84510654,6.554423E-4,0.032766037,6.49639E-4,0.33872148,0.004421586,null,null,null,null,"TWOGAUSSIANS",8,1.3961904,0.84510654,6.554423E-4,0.1834898,0.0036379783,0.33872148,0.004421586,0.3978331,0.0104443105,0.24494763,0.072033584,0.04809578,0.02348555
375316653866487564,4047032062524648960,0.46652743,2227.7969729647166,0.21588009832705565,4.9640326E-5,18.722218,0.13393494,0.16370326,0.010560625,0.12266619,0.024138613,0.5072102,0.11244623,0.69116145,0.0061568767,0.13034579,0.02340264,0.54238075,0.12934633,null,null,null,null,"TWOGAUSSIANS",8,1.8734604,0.69141144,0.006242682,0.4,0.0,0.42325628,0.030020779,0.16320327,0.0099816695,0.4,0.0,0.388646,0.027547905
