Gaia/vari_eclipsing_binary/VariEclipsingBinary_041938-042766.csv
# %ECSV 1.0
# ---
# delimiter: ','
# meta: !!omap
# - RELEASE: Gaia DR3
# - TABLE: vari_eclipsing_binary
# - DESCRIPTION: >
#     This table describes the properties of the eclipsing binaries resulting from the variability analysis. 
# - CITATION: >
#     How to cite and acknowledge Gaia: 
#     https://gea.esac.esa.int/archive/documentation/credits.html 
# - KNOWN_ISSUES: >
#     Known issues: 
#     https://www.cosmos.esa.int/web/gaia-users/known-issues 
# - DOCUMENTATION: >
#     Tutorials and documentation: 
#     https://www.cosmos.esa.int/web/gaia-users/archive 
# datatype:
# - 
#   name: solution_id
#   datatype: int64
#   description: Solution Identifier
#   meta:
#     ucd: meta.version
# - 
#   name: source_id
#   datatype: int64
#   description: Unique source identifier
#   meta:
#     ucd: meta.id;meta.main
# - 
#   name: global_ranking
#   datatype: float32
#   description: Number between 0 (worst) and 1 (best)
#   meta:
#     ucd: stat.param
# - 
#   name: reference_time
#   datatype: float64
#   unit: d
#   description: Reference time used for the geometric model fit
#   meta:
#     ucd: time.epoch
# - 
#   name: frequency
#   datatype: float64
#   unit: d**-1
#   description: Frequency of geometric model of the eclipsing binary light curve
#   meta:
#     ucd: src.orbital
# - 
#   name: frequency_error
#   datatype: float32
#   unit: d**-1
#   description: "Uncertainty of \\texttt{frequency}"
#   meta:
#     ucd: stat.error
# - 
#   name: geom_model_reference_level
#   datatype: float32
#   unit: mag
#   description: Magnitude reference level of geometric model
#   meta:
#     ucd: phot.mag;em.opt
# - 
#   name: geom_model_reference_level_error
#   datatype: float32
#   unit: mag
#   description: "Uncertainty of \\texttt{geomModelReferenceLevel}"
#   meta:
#     ucd: stat.error;phot.mag;em.opt
# - 
#   name: geom_model_gaussian1_phase
#   datatype: float32
#   description: Phase of the Gaussian 1 component
#   meta:
#     ucd: time.phase
# - 
#   name: geom_model_gaussian1_phase_error
#   datatype: float32
#   description: "Uncertainty of \\texttt{geomModelGaussian1Phase}"
#   meta:
#     ucd: stat.error;time.phase
# - 
#   name: geom_model_gaussian1_sigma
#   datatype: float32
#   description: "Standard deviation [phase] of Gaussian 1 component"
#   meta:
#     ucd: stat.stdev
# - 
#   name: geom_model_gaussian1_sigma_error
#   datatype: float32
#   description: "Uncertainty of \\texttt{geomModelGaussian1Sigma}"
#   meta:
#     ucd: stat.error
# - 
#   name: geom_model_gaussian1_depth
#   datatype: float32
#   unit: mag
#   description: Magnitude depth of Gaussian 1 component
#   meta:
#     ucd: src.var.amplitude
# - 
#   name: geom_model_gaussian1_depth_error
#   datatype: float32
#   unit: mag
#   description: "Uncertainty of \\texttt{geomModelGaussian1Depth}"
#   meta:
#     ucd: stat.error;src.var.amplitude
# - 
#   name: geom_model_gaussian2_phase
#   datatype: float32
#   description: Phase of Gaussian 2 component
#   meta:
#     ucd: time.phase
# - 
#   name: geom_model_gaussian2_phase_error
#   datatype: float32
#   description: "Uncertainty of \\texttt{geomModelGaussian2Phase}"
#   meta:
#     ucd: stat.error;time.phase
# - 
#   name: geom_model_gaussian2_sigma
#   datatype: float32
[...]
#   datatype: float32
#   description: "Secondary eclipse: uncertainty of \\texttt{derivedSecondaryEclDuration}"
#   meta:
#     ucd: stat.error;time.duration
# - 
#   name: derived_secondary_ecl_depth
#   datatype: float32
#   unit: mag
#   description: "Secondary eclipse: depth"
#   meta:
#     ucd: src.var.amplitude
# - 
#   name: derived_secondary_ecl_depth_error
#   datatype: float32
#   unit: mag
#   description: "Secondary eclipse: uncertainty of \\texttt{derivedSecondaryEclDepth}"
#   meta:
#     ucd: stat.error;src.var.amplitude
solution_id,source_id,global_ranking,reference_time,frequency,frequency_error,geom_model_reference_level,geom_model_reference_level_error,geom_model_gaussian1_phase,geom_model_gaussian1_phase_error,geom_model_gaussian1_sigma,geom_model_gaussian1_sigma_error,geom_model_gaussian1_depth,geom_model_gaussian1_depth_error,geom_model_gaussian2_phase,geom_model_gaussian2_phase_error,geom_model_gaussian2_sigma,geom_model_gaussian2_sigma_error,geom_model_gaussian2_depth,geom_model_gaussian2_depth_error,geom_model_cosine_half_period_amplitude,geom_model_cosine_half_period_amplitude_error,geom_model_cosine_half_period_phase,geom_model_cosine_half_period_phase_error,model_type,num_model_parameters,reduced_chi2,derived_primary_ecl_phase,derived_primary_ecl_phase_error,derived_primary_ecl_duration,derived_primary_ecl_duration_error,derived_primary_ecl_depth,derived_primary_ecl_depth_error,derived_secondary_ecl_phase,derived_secondary_ecl_phase_error,derived_secondary_ecl_duration,derived_secondary_ecl_duration_error,derived_secondary_ecl_depth,derived_secondary_ecl_depth_error
[from data line 329]
375316653866487564,373335840319945856,0.5725212,2279.941363772463,3.5639368986127447,1.0980213E-5,17.481634,0.010090764,0.3040985,0.0028235612,0.08474103,0.0057231286,0.35924587,0.019564012,0.7935835,0.0020266764,0.08446835,0.00547672,0.2789833,0.008744237,null,null,null,null,"TWOGAUSSIANS",8,4.5180154,0.3040985,0.0028235612,0.4,0.0,0.3525683,0.021664524,0.7935835,0.0020266764,0.4,0.0,0.27230573,0.00869493
375316653866487564,373348488997062400,0.46732673,2270.0630633829005,0.19177093081161226,3.3262466E-5,19.091755,0.007633645,0.28544468,0.011536794,0.058160346,0.012183649,0.17717655,0.025061043,0.7794492,0.0055763447,0.07202183,0.009903621,0.20924501,0.034557194,null,null,null,null,"TWOGAUSSIANS",8,3.0644867,0.7794492,0.0055763447,0.4,0.021395655,0.20904252,0.034757957,0.28544468,0.011536794,0.32569793,0.06822844,0.17697406,0.02514313
375316653866487564,373368555084004352,0.4371878,2280.007416537876,2.630927528353606,8.740157E-5,13.941951,0.016463134,0.22729082,0.090149954,0.08364087,0.07089659,0.08483147,0.13026436,0.69085866,0.0075625074,0.0754825,0.019407438,0.091495484,0.017458534,null,null,null,null,"TWOGAUSSIANS",8,420.50763,0.69085866,0.0075625074,0.4,0.0057021226,0.09089759,0.015183351,0.22729082,0.090149954,0.4,0.27662373,0.08423357,0.13090886
375316653866487564,373368653867384064,0.4737663,2271.6397111648666,0.19174661390131906,2.709403E-5,18.738085,0.0074831275,0.3316706,0.01638374,0.052867282,0.01294793,0.10125793,0.017866382,0.7069981,0.013490044,0.09402435,0.015628072,0.12896864,0.010230505,null,null,null,null,"TWOGAUSSIANS",8,2.9738963,0.7069981,0.013490044,0.4,0.0,0.12894179,0.010217475,0.33172062,0.016419983,0.29605678,0.07250841,0.101275824,0.01782867
375316653866487564,373378416329818240,0.6577163,2245.702501635443,2.5172768166468993,3.5147057E-6,15.815089,0.0049873916,0.2802458,0.0024512913,0.08287253,0.0037023623,0.2675128,0.004610017,0.78479177,0.0039694607,0.09482876,0.0046170577,0.20904335,0.0056577367,null,null,null,null,"TWOGAUSSIANS",8,2.9389915,0.2802458,0.0024512913,0.4,0.0,0.25922266,0.0051089316,0.78479177,0.0039694607,0.4,0.0,0.20075281,0.0034129773
375316653866487564,373410366590457600,0.51725656,2281.049653099034,0.11849559487952473,6.737559E-5,16.80909,0.0035583845,0.30276096,0.03827507,0.052485712,0.038324464,0.08894941,0.025908476,0.7556387,0.047062594,0.06090641,0.024909439,0.28027546,0.25220188,null,null,null,null,"TWOGAUSSIANS",8,1.8545443,0.7556387,0.047062594,0.3410759,0.07374921,0.28027257,0.25238252,0.30276096,0.03827507,0.29391998,0.21461701,0.088946536,0.025944108
375316653866487564,373415318688882560,0.49204943,2282.917589434937,1.259916370701223,4.1734536E-5,12.383079,9.994144E-4,0.30727473,0.004770192,0.025979443,0.01311397,0.05301066,0.040653616,null,null,null,null,null,null,0.0072620446,0.001649585,0.30727473,0.004770192,"ONEGAUSSIAN_WITH_ELLIPSOIDAL",6,24.50365,0.30727473,0.004770192,0.14548488,0.073438235,0.06753472,0.042004786,null,null,null,null,null,null
375316653866487564,373416620062717184,0.53621113,2305.7815756739537,0.026685857954588263,6.881329E-5,17.769579,0.005260602,0.05852968,0.007862477,0.037817307,0.014411777,0.21681473,0.19894916,0.6081398,0.007341976,0.116101794,0.0065764263,0.23211323,0.010002137,null,null,null,null,"TWOGAUSSIANS",8,2.7029068,0.6081398,0.007341976,0.4,0.0,0.23143935,0.009935789,0.05849968,0.007827662,0.21177693,0.08070595,0.21626936,0.19977419
375316653866487564,373428066151777792,0.6068787,2244.9354943464846,3.6633308985835074,2.1068141E-5,15.408372,0.005568437,0.15482001,0.0020849658,0.04515827,0.0070982105,0.113482185,0.015053364,0.6535636,0.008652333,0.060449984,0.008450663,0.18807893,0.024917081,0.098809384,0.008151752,0.15482001,0.0020849658,"TWOGAUSSIANS_WITH_ELLIPSOIDAL_ON_ECLIPSE1",9,45.048573,0.6538536,0.007772943,0.3385199,0.04732371,0.38565502,0.022263967,0.15482001,0.0020849658,0.25288633,0.03974998,0.31106773,0.009778311
375316653866487564,373431948802102016,0.49019843,2236.287441558407,3.0202531495721163,1.8717841E-5,15.654962,0.8940831,0.20576705,0.012634292,0.1077661,0.052289374,0.30374277,0.4712378,0.6959419,0.008079119,0.11776701,0.1533847,0.29133835,0.853278,null,null,null,null,"TWOGAUSSIANS",8,169.24239,0.20579706,0.012426043,0.4,0.0,0.2577068,0.11777882,0.6959419,0.008079119,0.4,0.0,0.24524112,0.03282284
375316653866487564,373456717877561088,0.61379766,2257.320934754226,3.2078889388261476,1.1210051E-5,18.168837,0.009234605,0.22646882,0.0020525653,0.07140329,0.003458706,0.5012585,0.013709404,0.73094344,0.0036482823,0.06481991,0.0037243916,0.49542576,0.016802894,null,null,null,null,"TWOGAUSSIANS",8,4.857675,0.22646882,0.0020525653,0.39985842,0.013926838,0.5002109,0.013784599,0.73094344,0.0036482823,0.36299148,0.020856593,0.49437812,0.016734151
375316653866487564,373461360738017536,0.7070103,2250.226355902232,3.2646439162894354,1.37743455E-5,15.781094,0.007809254,0.23442082,8.730885E-4,0.040872823,0.001968748,0.24007407,0.018851746,0.7334066,0.06813913,0.039883155,0.042072415,0.3968908,0.62613845,0.14380942,0.009532682,0.23442082,8.730885E-4,"TWOGAUSSIANS_WITH_ELLIPSOIDAL_ON_ECLIPSE1",9,13.444696,0.7334866,0.058499638,0.22334567,0.19014005,0.68449885,0.5956496,0.23442082,8.730885E-4,0.22888781,0.011024988,0.52769285,0.00868908
375316653866487564,373469602778329472,0.5686208,2243.8748482004276,2.408359293930902,1.7161517E-5,19.357977,0.0062917056,0.2815024,0.003300186,0.04940366,0.0023611232,0.33727843,0.012682986,0.6926572,0.058701716,0.066625476,0.025298482,0.29163915,1.0215223,null,null,null,null,"TWOGAUSSIANS",8,0.70554835,0.2815024,0.003300186,0.2766605,0.013222289,0.33727685,0.012667794,0.6926572,0.058701716,0.3731027,0.10007552,0.29163757,1.0215518
375316653866487564,373471290702395264,0.61760193,2278.902248106843,3.623407886690378,1.8437771E-5,15.544981,0.0203014,0.23950851,0.0021132957,0.05484176,0.007948125,0.20732206,0.04166506,0.73034257,0.02398856,0.049257927,0.03697282,0.132666,36.950768,0.108076066,0.021788524,0.23950851,0.0021132957,"TWOGAUSSIANS_WITH_ELLIPSOIDAL_ON_ECLIPSE1",9,49.726307,0.23950851,0.0021132957,0.30711386,0.044509497,0.42346695,0.018539133,0.73252255,0.021030404,0.2758444,0.2070478,0.34826487,36.971783
375316653866487564,373474520518468992,0.5481531,2296.0959254810055,3.5944006256276833,1.4810205E-5,16.146217,0.1908625,0.2349426,0.005725032,0.11451087,0.045757327,0.1672879,0.17971984,0.7480213,0.003830874,0.11591793,0.060848255,0.18413846,0.1805492,null,null,null,null,"TWOGAUSSIANS",8,9.896264,0.74805135,0.00408674,0.4,0.0,0.15473653,0.0103637995,0.2348926,0.00460339,0.4,0.0,0.13789624,0.013250271
375316653866487564,373475035911994112,0.4929274,2196.4427852333088,0.948728125102171,3.099209E-5,19.775415,0.03055802,0.33338147,0.012603437,0.07423875,0.014743381,0.3418059,0.0611004,0.7291522,0.010933441,0.033761047,0.008318283,1.5749753,2.7653267,null,null,null,null,"TWOGAUSSIANS",8,10.549421,0.7291522,0.010933441,0.18906185,0.046582382,1.5749753,2.7653267,0.33338147,0.012603437,0.4,0.020876443,0.34180576,0.06110054
375316653866487564,373488603713770880,0.5471014,2271.2328719904644,1.1618512625390456,9.185966E-6,18.573282,0.008281134,0.22469796,0.0010982542,0.040068056,0.0017758859,0.70811015,0.031027846,0.7253402,0.0033466173,0.04552548,0.0054817502,0.1465784,0.009044664,null,null,null,null,"TWOGAUSSIANS",8,4.2441826,0.22469796,0.0010982542,0.22438112,0.009944961,0.7081101,0.031027868,0.7253402,0.0033466173,0.2549427,0.030697802,0.14657837,0.009044657
375316653866487564,373491116271516416,0.6271888,2261.9493402905787,1.4442491573100351,1.01205405E-5,14.522884,0.0049040173,0.25110096,0.008241445,0.03830064,0.054831907,0.062345844,2.88222,0.7541812,0.0038953116,0.044457164,0.0036149493,0.30810627,0.015589865,0.019314041,0.0060825194,0.25110096,0.008241445,"TWOGAUSSIANS_WITH_ELLIPSOIDAL_ON_ECLIPSE1",9,24.958216,0.7541812,0.0038807238,0.24896011,0.020243715,0.34671983,0.011631751,0.25110096,0.008241445,0.21448359,0.30705866,0.100973845,2.885514
375316653866487564,373493487093444608,0.65114576,2224.8818690824883,3.65025426528059,6.457234E-6,15.3088665,0.009365414,0.32248148,0.0022577983,0.043818478,0.005349866,0.35298422,0.086282,0.8203141,0.0022072212,0.04599478,0.002609873,0.5133965,0.025156148,0.12103292,0.013173918,0.32248148,0.0022577983,"TWOGAUSSIANS_WITH_ELLIPSOIDAL_ON_ECLIPSE1",9,66.5708,0.8204741,0.0020093406,0.25757077,0.014615289,0.7554204,0.021640241,0.32248148,0.0022577983,0.24538349,0.02995925,0.5950497,0.093334325
375316653866487564,373497193648466048,0.5410106,2324.9998405407678,0.009314530300665263,1.3812865E-5,18.352076,0.0035384188,0.30972537,0.0078693135,0.06418506,0.0069174436,0.1387866,0.012128575,0.8272075,0.0031639237,0.036055114,0.006205343,0.14244226,0.011465001,null,null,null,null,"TWOGAUSSIANS",8,1.4203162,0.8272075,0.0031639237,0.20190865,0.03474992,0.14244182,0.0114654815,0.30972537,0.0078693135,0.35943633,0.038737684,0.13878617,0.012129169
375316653866487564,373499362608680320,0.56909466,2324.8765343247815,2.666753259664663,1.4341142E-5,16.680687,0.015508579,0.3002169,0.004319823,0.04546456,0.008624367,0.22869073,0.04286855,0.8059235,0.0049465518,0.04058582,0.008662471,0.18214516,0.037341654,0.12291611,0.019366743,0.3002169,0.004319823,"TWOGAUSSIANS_WITH_ELLIPSOIDAL_ON_ECLIPSE1",9,23.234856,0.3002169,0.004319823,0.25460154,0.048296455,0.47452262,0.02904127,0.8059235,0.0049465518,0.2272806,0.048509836,0.42766112,0.03220064
375316653866487564,373503829374579200,0.4766908,2224.264078667791,3.4967935578049985,2.3279723E-5,16.361715,0.8237102,0.26510748,0.0068703135,0.15865734,0.07322892,0.73375064,0.58068335,0.760176,0.007226169,0.25001976,0.15598464,0.96795213,0.80345225,null,null,null,null,"TWOGAUSSIANS",8,26.25308,0.2688475,0.0043194764,0.4,0.0,0.19746985,0.021478608,0.760176,0.007226169,0.4,0.0,0.18024977,0.022661224
375316653866487564,373506165836785536,0.47661388,2246.3278121284925,3.765583369789885,3.9816765E-5,15.374687,0.0029425866,0.11284259,0.016873403,0.011679244,0.017940557,0.0669268,0.06923222,0.513543,0.004498293,0.030239617,0.014381998,0.18427685,14.265344,null,null,null,null,"TWOGAUSSIANS",8,55.01052,0.513543,0.004498293,0.16934186,0.08053919,0.18427685,14.265344,0.11284259,0.016873403,0.06540377,0.10046712,0.0669268,0.06923222
375316653866487564,373508910319253248,0.49401528,2289.514901440878,3.6185715794343785,1.7167686E-5,18.668427,0.14807317,0.31612298,0.0074626026,0.103142835,0.028262176,0.42266124,0.14119014,0.8180581,0.0049861902,0.120513625,0.035664596,0.42833814,0.13361192,null,null,null,null,"TWOGAUSSIANS",8,9.444561,0.8180581,0.00499566,0.4,0.0,0.3599684,0.03688005,0.31611297,0.007497072,0.4,0.0,0.35444182,0.053154413
375316653866487564,373516508118016896,0.57223886,2276.1663925641465,0.06530810909258726,7.692086E-5,11.489374,0.001866992,0.58024603,0.023758402,0.042020418,0.010856743,0.026373142,0.0063961553,0.8137308,6.705049E-4,0.009312843,7.007982E-4,0.4453729,0.08164493,null,null,null,null,"TWOGAUSSIANS",8,145.91525,0.8137308,6.705049E-4,0.052151922,0.0039244695,0.4453729,0.08164492,0.58024603,0.023758402,0.23531434,0.060797762,0.026373142,0.0063961553
375316653866487564,373523483144783488,0.5078235,2267.560012679876,2.465660605146319,1.8026127E-5,19.25853,0.6903771,0.2606843,0.015881984,0.09854704,0.033467095,0.50555474,0.40171444,0.7471337,0.008571662,0.1384085,0.1261722,0.5116937,0.6261022,null,null,null,null,"TWOGAUSSIANS",8,6.4009943,0.7471337,0.008571662,0.4,0.0,0.41615006,0.05430171,0.26093432,0.016051147,0.4,0.0,0.41159722,0.0695826
375316653866487564,373529599178154368,0.6014969,2258.2350055777874,4.342109437723235,8.095988E-6,17.921593,0.011441333,0.2640787,0.0016862019,0.051944636,0.0034792975,0.41377982,0.031507995,0.764617,0.0018378599,0.049724147,0.0041077365,0.51365066,0.055332102,0.106605135,0.017769905,0.2640787,0.0016862019,"TWOGAUSSIANS_WITH_ELLIPSOIDAL_ON_ECLIPSE1",9,5.5040817,0.764617,0.0017899863,0.2784552,0.023003323,0.72685283,0.06697431,0.2640787,0.0016862019,0.29088998,0.019484065,0.6269845,0.025253033
375316653866487564,373539048106176384,0.5046347,2322.8269485427413,0.018449910016252326,8.7371154E-5,18.038015,0.003087352,0.29961976,0.0022204407,0.0032791072,0.0054902644,1.2210913,1.4049714,0.67417544,0.008547119,0.032350615,0.0054905037,0.031592548,0.00544367,null,null,null,null,"TWOGAUSSIANS",8,2.3492308,0.29961976,0.0022204407,0.018363,0.03074548,1.2210913,1.4049714,0.67417544,0.008547119,0.18116345,0.030746821,0.031592548,0.00544367
375316653866487564,373546572888833792,0.6402122,2277.0365395794583,0.5128856290702579,1.274042E-5,13.600152,0.0026597858,0.23849973,0.0022315164,0.09086705,0.0042534773,0.13165773,0.0049983305,0.738879,0.0015435496,0.06666842,0.0016554394,0.34435317,0.0058155,null,null,null,null,"TWOGAUSSIANS",8,27.911234,0.738879,0.0015435496,0.37334317,0.00927046,0.34188673,0.0056344285,0.23849973,0.0022315164,0.4,0.0,0.12919123,0.0052942215
375316653866487564,373565814342488448,0.58258986,2292.3405497859776,3.948976123143709,1.074367E-5,14.986207,0.050246734,0.26103693,0.013292508,0.054836374,0.018783515,0.39995873,0.112849556,0.74848455,0.006061507,0.06026546,0.013655496,0.286506,0.1051419,0.06971,0.054090396,0.74848455,0.006061507,"TWOGAUSSIANS_WITH_ELLIPSOIDAL_ON_ECLIPSE2",9,150.8836,0.26007694,0.012778803,0.3070837,0.10506433,0.53852254,0.027450664,0.74848455,0.006061507,0.33748657,0.07647078,0.42586946,0.018545536
375316653866487564,373590244116151552,0.4731035,2243.3190367011866,4.938361473964584,9.020982E-6,15.384229,0.007537793,0.2608633,0.030080756,0.017451828,0.09679368,0.23428524,0.20961334,0.8403035,9.638076E-4,0.015362714,0.0015626935,0.077240914,0.0073264875,null,null,null,null,"TWOGAUSSIANS",8,61.03799,0.2608633,0.030080756,0.09773024,0.2979248,0.23428524,0.20962036,0.8403035,9.639174E-4,0.0860312,0.008751083,0.077240914,0.007418028
375316653866487564,373595462500197120,0.54588133,2236.1337408360137,0.19047964832920872,1.0753434E-6,10.739959,6.83119E-4,0.42759952,0.00887089,0.029201485,0.0031404383,8.392912E-4,0.0042706574,0.8490005,2.7400376E-5,0.0048090974,9.769217E-5,0.30226716,0.0018454196,0.014354596,0.0011187372,0.42759952,0.00887089,"TWOGAUSSIANS_WITH_ELLIPSOIDAL_ON_ECLIPSE1",9,132.06859,0.8490105,2.7400376E-5,0.026930945,5.4707617E-4,0.32452637,8.8972866E-4,0.42759952,0.00887089,0.16352831,0.017586455,0.029548477,0.0035469828
375316653866487564,373621992514290688,0.563119,2343.11425328514,0.8260335655360297,8.290361E-5,18.240667,0.0035343505,0.2849369,0.031441998,0.030131355,0.024709128,0.026872596,0.07879948,0.6772911,0.009747718,0.03480539,0.0035996283,0.5369171,0.088297606,null,null,null,null,"TWOGAUSSIANS",8,3.8343935,0.6772911,0.009747718,0.19491018,0.020157918,0.5369171,0.088297606,0.2849369,0.031441998,0.16873558,0.13837111,0.026872596,0.07879948
375316653866487564,373631647600948352,0.6008087,2299.812804634676,2.4420402730446815,6.0161738E-6,15.558788,0.049386274,0.1912033,0.0022329674,0.13142145,0.020590378,0.18506989,0.048144,0.69393003,0.001536331,0.11507354,0.018350605,0.1932075,0.04333801,null,null,null,null,"TWOGAUSSIANS",8,4.5557275,0.69397,0.001545866,0.4,0.0,0.14644493,0.0057419976,0.1911933,0.0022379213,0.4,0.0,0.13807118,0.0047884057
375316653866487564,373634808696847488,0.6568583,2280.071119144509,0.6490348379074915,1.0173039E-5,14.53762,0.0016234983,0.46323436,0.003119885,0.005523333,0.002189141,0.03343256,0.023525078,0.7127217,0.018999213,0.038547315,0.008184119,0.4985816,0.1655407,0.0035585556,0.0034194363,0.7127217,0.018999213,"TWOGAUSSIANS_WITH_ELLIPSOIDAL_ON_ECLIPSE2",9,31.610483,0.7127217,0.018999213,0.21586497,0.04583107,0.5056987,0.1657077,0.46323436,0.0031206142,0.030930664,0.01225919,0.033432614,0.023522118
