Gaia/vari_eclipsing_binary/VariEclipsingBinary_331737-332053.csv
# %ECSV 1.0
# ---
# delimiter: ','
# meta: !!omap
# - RELEASE: Gaia DR3
# - TABLE: vari_eclipsing_binary
# - DESCRIPTION: >
#     This table describes the properties of the eclipsing binaries resulting from the variability analysis. 
# - CITATION: >
#     How to cite and acknowledge Gaia: 
#     https://gea.esac.esa.int/archive/documentation/credits.html 
# - KNOWN_ISSUES: >
#     Known issues: 
#     https://www.cosmos.esa.int/web/gaia-users/known-issues 
# - DOCUMENTATION: >
#     Tutorials and documentation: 
#     https://www.cosmos.esa.int/web/gaia-users/archive 
# datatype:
# - 
#   name: solution_id
#   datatype: int64
#   description: Solution Identifier
#   meta:
#     ucd: meta.version
# - 
#   name: source_id
#   datatype: int64
#   description: Unique source identifier
#   meta:
#     ucd: meta.id;meta.main
# - 
#   name: global_ranking
#   datatype: float32
#   description: Number between 0 (worst) and 1 (best)
#   meta:
#     ucd: stat.param
# - 
#   name: reference_time
#   datatype: float64
#   unit: d
#   description: Reference time used for the geometric model fit
#   meta:
#     ucd: time.epoch
# - 
#   name: frequency
#   datatype: float64
#   unit: d**-1
#   description: Frequency of geometric model of the eclipsing binary light curve
#   meta:
#     ucd: src.orbital
# - 
#   name: frequency_error
#   datatype: float32
#   unit: d**-1
#   description: "Uncertainty of \\texttt{frequency}"
#   meta:
#     ucd: stat.error
# - 
#   name: geom_model_reference_level
#   datatype: float32
#   unit: mag
#   description: Magnitude reference level of geometric model
#   meta:
#     ucd: phot.mag;em.opt
# - 
#   name: geom_model_reference_level_error
#   datatype: float32
#   unit: mag
#   description: "Uncertainty of \\texttt{geomModelReferenceLevel}"
#   meta:
#     ucd: stat.error;phot.mag;em.opt
# - 
#   name: geom_model_gaussian1_phase
#   datatype: float32
#   description: Phase of the Gaussian 1 component
#   meta:
#     ucd: time.phase
# - 
#   name: geom_model_gaussian1_phase_error
#   datatype: float32
#   description: "Uncertainty of \\texttt{geomModelGaussian1Phase}"
#   meta:
#     ucd: stat.error;time.phase
# - 
#   name: geom_model_gaussian1_sigma
#   datatype: float32
#   description: "Standard deviation [phase] of Gaussian 1 component"
#   meta:
#     ucd: stat.stdev
# - 
#   name: geom_model_gaussian1_sigma_error
#   datatype: float32
#   description: "Uncertainty of \\texttt{geomModelGaussian1Sigma}"
#   meta:
#     ucd: stat.error
# - 
#   name: geom_model_gaussian1_depth
#   datatype: float32
#   unit: mag
#   description: Magnitude depth of Gaussian 1 component
#   meta:
#     ucd: src.var.amplitude
# - 
#   name: geom_model_gaussian1_depth_error
#   datatype: float32
#   unit: mag
#   description: "Uncertainty of \\texttt{geomModelGaussian1Depth}"
#   meta:
#     ucd: stat.error;src.var.amplitude
# - 
#   name: geom_model_gaussian2_phase
#   datatype: float32
#   description: Phase of Gaussian 2 component
#   meta:
#     ucd: time.phase
# - 
#   name: geom_model_gaussian2_phase_error
#   datatype: float32
#   description: "Uncertainty of \\texttt{geomModelGaussian2Phase}"
#   meta:
#     ucd: stat.error;time.phase
# - 
#   name: geom_model_gaussian2_sigma
#   datatype: float32
[...]
#   datatype: float32
#   description: "Secondary eclipse: uncertainty of \\texttt{derivedSecondaryEclDuration}"
#   meta:
#     ucd: stat.error;time.duration
# - 
#   name: derived_secondary_ecl_depth
#   datatype: float32
#   unit: mag
#   description: "Secondary eclipse: depth"
#   meta:
#     ucd: src.var.amplitude
# - 
#   name: derived_secondary_ecl_depth_error
#   datatype: float32
#   unit: mag
#   description: "Secondary eclipse: uncertainty of \\texttt{derivedSecondaryEclDepth}"
#   meta:
#     ucd: stat.error;src.var.amplitude
solution_id,source_id,global_ranking,reference_time,frequency,frequency_error,geom_model_reference_level,geom_model_reference_level_error,geom_model_gaussian1_phase,geom_model_gaussian1_phase_error,geom_model_gaussian1_sigma,geom_model_gaussian1_sigma_error,geom_model_gaussian1_depth,geom_model_gaussian1_depth_error,geom_model_gaussian2_phase,geom_model_gaussian2_phase_error,geom_model_gaussian2_sigma,geom_model_gaussian2_sigma_error,geom_model_gaussian2_depth,geom_model_gaussian2_depth_error,geom_model_cosine_half_period_amplitude,geom_model_cosine_half_period_amplitude_error,geom_model_cosine_half_period_phase,geom_model_cosine_half_period_phase_error,model_type,num_model_parameters,reduced_chi2,derived_primary_ecl_phase,derived_primary_ecl_phase_error,derived_primary_ecl_duration,derived_primary_ecl_duration_error,derived_primary_ecl_depth,derived_primary_ecl_depth_error,derived_secondary_ecl_phase,derived_secondary_ecl_phase_error,derived_secondary_ecl_duration,derived_secondary_ecl_duration_error,derived_secondary_ecl_depth,derived_secondary_ecl_depth_error
[from data line 604]
375316653866487564,2920462587441265536,0.48863447,2239.9889733293167,0.04880119086788996,3.744236E-5,12.652522,0.0013925992,0.21835198,0.015418553,0.03815585,0.010328597,0.07417073,0.018922437,0.7978962,0.0048363367,0.023904607,0.0032251931,0.1796644,0.0168468,0.0014063575,0.0021164396,0.21835198,0.015418553,"TWOGAUSSIANS_WITH_ELLIPSOIDAL_ON_ECLIPSE1",9,422.7634,0.7978962,0.0048363367,0.1338658,0.018061081,0.18183112,0.016786058,0.21835198,0.015418553,0.21367276,0.057840142,0.076983444,0.018800208
375316653866487564,2920465649754484352,0.46417865,2215.4097323281585,0.04008473452266805,1.2689688E-4,14.7998905,0.002967277,0.4498265,0.024463113,0.18049893,0.033372693,0.026196817,0.0039377376,0.61527354,0.019240428,0.041214325,0.024767874,0.049708623,0.042129654,null,null,null,null,"TWOGAUSSIANS",8,9.116026,0.61527354,0.019240428,0.23080021,0.1387001,0.06579045,0.04379186,0.45218652,0.15750705,0.4,0.0,0.02508455,0.03585273
375316653866487564,2920466886705046528,0.50280315,2195.6890696353894,3.0641102379252203,2.4508618E-5,13.933855,0.020507643,0.24225385,0.021732954,0.027710116,0.04740912,0.11570186,0.27482978,0.7619615,0.00654399,0.044222433,0.011340782,0.24321091,0.09240909,0.1509741,0.032688223,0.7619615,0.00654399,"TWOGAUSSIANS_WITH_ELLIPSOIDAL_ON_ECLIPSE2",9,910.6014,0.7619615,0.00654399,0.24764562,0.063508384,0.54515904,0.06896578,0.24494386,0.012953842,0.15517664,0.26549107,0.41366705,0.33917603
375316653866487564,2920468329813992064,0.5904294,2208.769157999126,0.4144102613267053,1.1514258E-5,16.543177,8.244716E-4,0.32447332,0.024475688,0.014517467,0.019472344,0.011174352,1515.2684,0.63918024,0.0018190971,0.021789001,0.0011259409,0.32367814,0.010344676,null,null,null,null,"TWOGAUSSIANS",8,5.4639072,0.63918024,0.0018190971,0.122018404,0.006305269,0.32367814,0.010344676,0.32447332,0.024475688,0.08129781,0.109045126,0.011174352,1515.2684
375316653866487564,2920474991307725440,0.44576767,2224.6850407475463,1.908242306031074,6.1168605E-5,18.811172,0.004401611,0.16792193,0.027041987,0.019945381,0.012897653,0.07119324,0.44503474,0.80923545,0.010215903,0.04087247,0.0089166695,0.14892378,0.019941656,0.016381035,0.0069160634,0.80923545,0.010215903,"TWOGAUSSIANS_WITH_ELLIPSOIDAL_ON_ECLIPSE2",9,6.295853,0.80923545,0.010215903,0.22888583,0.049933348,0.18168579,0.019152697,0.16905193,0.022655996,0.111694135,0.07222685,0.08435345,0.44782865
375316653866487564,2920475614078476672,0.47182336,2202.919187701369,2.6487234294554294,1.23940345E-5,16.291025,0.012511161,0.17051722,0.0051102545,0.091634,0.009842906,0.27056774,0.01845904,0.67229044,0.0064665447,0.070942424,0.01167598,0.17458218,0.025758956,null,null,null,null,"TWOGAUSSIANS",8,106.770996,0.17051722,0.0051102545,0.4,0.0,0.26678234,0.019220384,0.67229044,0.0064665447,0.39727756,0.03537035,0.17079696,0.027122611
375316653866487564,2920480836758950016,0.590654,2190.632708746852,3.2413553385979155,4.671622E-6,18.326105,0.01058354,0.23385744,0.0012440592,0.0458077,0.004346462,0.2589108,0.025386421,0.7291246,0.0031880303,0.050770685,0.004670376,0.29923943,0.044859763,0.119368635,0.018287018,0.23385744,0.0012440592,"TWOGAUSSIANS_WITH_ELLIPSOIDAL_ON_ECLIPSE1",9,4.4328547,0.7297846,0.0026716676,0.28431585,0.026154105,0.5377938,0.040671133,0.23385744,0.0012440592,0.25652313,0.024340186,0.49764684,0.013307571
375316653866487564,2920483757336714880,0.6876721,2199.6837982931324,2.2349938805089904,2.3061002E-6,15.892649,0.004440395,0.26045963,4.2077558E-4,0.04851982,0.0010045542,0.41877165,0.010572517,0.7622509,0.0014774346,0.054714695,0.0037319364,0.11234585,0.009944897,0.09091439,0.0063819713,0.26045963,4.2077558E-4,"TWOGAUSSIANS_WITH_ELLIPSOIDAL_ON_ECLIPSE1",9,6.6453385,0.26045963,4.2077558E-4,0.271711,0.0056255036,0.60059685,0.0028400184,0.7622509,0.0014774346,0.3064023,0.020898845,0.29414803,0.004235744
375316653866487564,2920483997852078592,0.57165205,2217.9721915207874,0.4994266983476427,2.328267E-6,18.828072,0.0026744287,0.1832656,2.8725993E-4,0.014605446,2.2403763E-4,0.58175635,0.012326039,0.39684033,0.027894285,0.04160204,0.018862091,0.018727448,0.009239789,null,null,null,null,"TWOGAUSSIANS",8,1.628462,0.1832656,2.8725993E-4,0.08179049,0.0012546107,0.5817564,0.012326046,0.39684033,0.027894285,0.23297143,0.105627716,0.018727448,0.009239789
375316653866487564,2920487360810878464,0.6967105,2218.2146200408947,0.2542646305859283,3.4552456E-6,13.234413,2.4619105E-4,0.45920494,8.1583266E-7,0.008618001,4.942158E-6,0.56122845,1.5659463E-4,null,null,null,null,null,null,null,null,null,null,"ONEGAUSSIAN",5,7.194595,0.45920494,8.1583266E-7,0.048260804,2.7676084E-5,0.56122845,0.0,null,null,null,null,null,null
375316653866487564,2920493648643997056,0.57612556,2207.5651052008875,4.358164926116712,1.0225488E-5,18.169573,0.0047898605,0.2895427,0.0030859911,0.047354996,0.0068802508,0.06001424,0.015814148,0.7824229,0.008405681,0.04179576,0.0113626905,0.09045567,0.015337075,0.10296295,0.006603427,0.2895427,0.0030859911,"TWOGAUSSIANS_WITH_ELLIPSOIDAL_ON_ECLIPSE1",9,4.0580673,0.7841229,0.0061769853,0.23405625,0.063631065,0.296068,0.011598319,0.2895427,0.0030859911,0.26518798,0.038529407,0.26594007,0.01033081
375316653866487564,2920496328702578304,0.5561946,2234.239002516599,2.6860629143575965,1.1044392E-5,15.175349,0.011657749,0.2593571,0.0032668526,0.041805595,0.006246844,0.26942036,0.041965783,0.74620944,0.0067611565,0.04158585,0.0055647735,0.33056614,0.037352543,0.13332975,0.021236941,0.2593571,0.0032668526,"TWOGAUSSIANS_WITH_ELLIPSOIDAL_ON_ECLIPSE1",9,294.28018,0.7475094,0.006254434,0.23288077,0.031162731,0.5955889,0.0288175,0.2593571,0.0032668526,0.23411134,0.034982324,0.5360796,0.037617307
375316653866487564,2920497668730341504,0.62796134,2186.592692623856,2.519650152654927,5.33955E-6,17.431341,0.005278751,0.2865926,0.0014852255,0.054875936,0.0028475905,0.150525,0.013109956,0.78953177,0.0042583914,0.050178796,0.0049602105,0.13407637,0.012891745,0.085927226,0.0063728103,0.2865926,0.0014852255,"TWOGAUSSIANS_WITH_ELLIPSOIDAL_ON_ECLIPSE1",9,2.567205,0.2865926,0.0014852255,0.30730525,0.015946507,0.3223743,0.00689583,0.78953177,0.0042451792,0.28100127,0.027777178,0.30586708,0.0074807648
375316653866487564,2920505468391265024,0.5803222,2231.0859017518196,2.0645712800575002,5.503681E-6,17.171938,0.0059409407,0.23151194,0.0017588304,0.08821683,0.003984484,0.22691885,0.005483017,0.73950994,0.0024052062,0.09368843,0.003248813,0.25935692,0.0075936173,null,null,null,null,"TWOGAUSSIANS",8,4.224223,0.73950994,0.0024052062,0.4,0.0,0.24951601,0.006517415,0.23151194,0.0017588304,0.4,0.0,0.21707827,0.004750337
375316653866487564,2920511790583883136,0.5542348,2216.5236645306345,3.462170230395728,7.658874E-6,19.283947,0.00554028,0.23953934,0.005632263,0.07265688,0.004949601,0.52110094,0.024920296,0.7464155,0.0020746826,0.07022395,0.0025483456,0.4906798,0.019629486,null,null,null,null,"TWOGAUSSIANS",8,2.1604633,0.23953934,0.005632263,0.4,0.010321039,0.51922923,0.025229793,0.7464155,0.0020746826,0.39325413,0.012278679,0.4888081,0.01973499
375316653866487564,2920513169272199552,0.47625488,2195.6427586772515,2.798443048911279,2.4028379E-5,18.268019,0.013439183,0.23327608,0.012250216,0.07819745,0.012084281,0.20046271,0.015979532,0.73241246,0.0076019526,0.08641179,0.011135447,0.1981152,0.016140914,null,null,null,null,"TWOGAUSSIANS",8,11.779299,0.23327608,0.012250216,0.4,0.0,0.19657788,0.013557595,0.73241246,0.0076019526,0.4,0.0,0.19423033,0.014629226
375316653866487564,2920514715460808704,0.5244258,2239.1428189174844,2.1805952380816875,5.3417534E-6,17.895193,0.0051737013,0.16576038,9.774968E-4,0.026189236,8.561868E-4,0.40701047,0.01186934,0.6632821,0.0017900473,0.02828008,0.001976635,0.20185933,0.018404493,null,null,null,null,"TWOGAUSSIANS",8,10.410916,0.16576038,9.774968E-4,0.14665972,0.004794646,0.40701047,0.01186934,0.6632821,0.0017900473,0.15836844,0.011069156,0.20185933,0.018404493
375316653866487564,2920520625335314816,0.55286807,2220.208998913852,0.04692564596732381,4.0215953E-5,15.936886,6.3379406E-4,0.2962645,2.7522841E-5,0.0053288387,2.2653594E-5,0.32882142,0.0013359175,0.8967486,0.020368718,0.010107862,0.0041955994,0.18811384,1.260289,null,null,null,null,"TWOGAUSSIANS",8,4.534632,0.2962645,2.7522841E-5,0.029841498,1.2686013E-4,0.32882142,0.0013359175,0.8967486,0.020368718,0.056604028,0.023495356,0.18811384,1.260289
375316653866487564,2920528695574353664,0.5867469,2204.621682728333,3.7812712274999654,6.0566726E-6,18.71821,0.021174397,0.23732318,0.0017700382,0.0536903,0.0052430327,0.39764845,0.049453076,0.74006754,0.0034486211,0.055965196,0.0056395126,0.42810726,0.049705565,0.10339665,0.0302324,0.23732318,0.0017700382,"TWOGAUSSIANS_WITH_ELLIPSOIDAL_ON_ECLIPSE1",9,3.6165524,0.74006754,0.0034486211,0.3134051,0.03158127,0.63481504,0.025401667,0.23732318,0.0017700382,0.30066568,0.029360984,0.6044177,0.025296124
375316653866487564,2920531238195310464,0.56080395,2206.796663158837,4.057383345548707,6.895431E-6,19.665768,0.0060963896,0.2728716,0.0052023088,0.06830581,0.0055897413,0.61497384,0.060054846,0.76805925,0.0022058622,0.06450287,0.0025116485,0.6917541,0.023481803,null,null,null,null,"TWOGAUSSIANS",8,1.8693681,0.76805925,0.0022058622,0.3612161,0.014065231,0.6908055,0.02358861,0.2728716,0.0052023088,0.38251254,0.02989226,0.6140253,0.060291104
375316653866487564,2920531895329543680,0.58835423,2217.4249652379585,0.3823552719698734,2.801994E-5,15.2518835,0.0010086743,0.34096703,0.0032316973,0.01777855,0.003161121,0.29492337,0.054716248,0.83327293,0.0027923367,0.017188706,0.0029506786,0.15420407,0.036050532,0.0034468062,0.001621828,0.34096703,0.0032316973,"TWOGAUSSIANS_WITH_ELLIPSOIDAL_ON_ECLIPSE1",9,12.938424,0.34096703,0.0032316973,0.09955988,0.017702276,0.30181697,0.055083305,0.83328295,0.0027922124,0.09625675,0.016523799,0.1610816,0.03647224
375316653866487564,2920537869624630272,0.47895247,2232.263334909074,2.4607580330892986,9.495742E-6,17.772743,0.34072366,0.20925654,0.029925281,0.15133654,0.07460547,0.36071503,0.25041455,0.71172535,0.0035332204,0.2266347,0.12106857,0.41296422,0.33553648,null,null,null,null,"TWOGAUSSIANS",8,3.2211,0.20794655,0.028658329,0.4,0.0,0.11738998,0.006729588,0.71221536,0.0036728,0.4,0.0,0.10029514,0.006554711
375316653866487564,2920539110876301312,0.4713706,2227.5587848734745,1.4510209785104722,5.7346548E-5,17.70714,0.00969416,0.3198376,0.0035401618,0.025476119,0.0025580619,0.26766458,0.021984603,0.78989315,0.025519233,0.15057065,0.048332628,0.033719014,0.008195298,null,null,null,null,"TWOGAUSSIANS",8,8.030341,0.31984758,0.0035367422,0.14266627,0.014325147,0.26728684,0.02189495,0.78989315,0.025519233,0.4,0.0,0.0330144,0.0077207466
375316653866487564,2920542542549300224,0.55528134,2199.042742581993,3.4966444086168544,1.0742897E-5,19.910324,0.01896343,0.22560623,0.0032071047,0.040093586,0.004736824,0.49084976,0.06615126,0.728553,0.0056523345,0.04305462,0.0060189147,0.5185649,0.07334813,0.12933776,0.027372362,0.22560623,0.0032071047,"TWOGAUSSIANS_WITH_ELLIPSOIDAL_ON_ECLIPSE1",9,2.53574,0.728553,0.0056523345,0.24110588,0.033705924,0.7771515,0.0773052,0.22560623,0.0032071047,0.22452408,0.026526215,0.74952507,0.051792838
375316653866487564,2920549796749841664,0.46563208,2202.8888191947435,0.6914972411794477,5.1864357E-5,18.032225,0.005689999,0.23824008,0.007381108,0.01865609,0.0036372382,0.2320912,0.030589374,0.7502087,0.07062503,0.11594588,0.07113856,0.028584622,0.014266103,null,null,null,null,"TWOGAUSSIANS",8,10.431086,0.23824008,0.007381108,0.104474105,0.020368533,0.23205781,0.030576462,0.7502087,0.07062503,0.4,0.09875916,0.028545499,0.014287183
375316653866487564,2920550204770835200,0.5051282,2209.1111099169398,2.712320050773674,1.34513875E-5,18.134804,0.435559,0.23619658,0.0052795443,0.101648815,0.05899693,0.18608703,0.36323887,0.72139406,0.0083309775,0.13002978,0.077880904,0.25029787,0.4248566,null,null,null,null,"TWOGAUSSIANS",8,5.7848325,0.72139406,0.0083309775,0.4,0.0,0.2133575,0.00879561,0.23640656,0.007839119,0.4,0.0,0.14948039,0.011442294
375316653866487564,2920551205503231744,0.53885347,2232.905494119642,4.353816978036907,1.0585093E-5,18.999252,0.01031804,0.26133314,0.0028953576,0.08326376,0.004743669,0.33034974,0.0127504,0.7658335,0.004118296,0.079477414,0.005286548,0.33057058,0.016417049,null,null,null,null,"TWOGAUSSIANS",8,2.79053,0.7658335,0.004118296,0.4,0.0,0.32516026,0.016160363,0.26133314,0.0028953576,0.4,0.0,0.3249394,0.012248758
375316653866487564,2920553748123375872,0.4984491,2248.866193041927,1.1060665676970245,4.236743E-6,15.896094,0.011956568,0.40461406,0.12279475,0.04507535,0.17894718,0.03843208,0.028235853,0.89597386,8.926218E-4,0.013929958,0.001371173,0.26637,0.013105324,null,null,null,null,"TWOGAUSSIANS",8,94.80401,0.89597386,8.926218E-4,0.078007765,0.007678569,0.26637,0.013246322,0.40461406,0.12279475,0.25242195,0.29116365,0.03843208,0.028444901
375316653866487564,2920554980775013888,0.50488985,2243.6104823647406,3.477498064810462,1.4601322E-5,18.215948,0.02853645,0.24595904,0.0028390647,0.11322399,0.017750697,0.15323995,0.025983196,0.7434919,0.005230067,0.11154547,0.018559158,0.16920772,0.025257435,null,null,null,null,"TWOGAUSSIANS",8,3.0194366,0.7434919,0.005230067,0.4,0.0,0.14277561,0.009420434,0.24595904,0.0028496834,0.4,0.0,0.12680465,0.0053569735
375316653866487564,2920557836927013376,0.46827522,2207.793308862352,1.8058835041001038,2.6941649E-5,16.640413,0.003835783,0.25309104,0.011355904,0.0052755466,0.024773097,0.022395726,276.96823,0.7537019,0.0058693234,0.044053704,0.01065271,0.06865199,0.009262717,0.018804299,0.004719272,0.25309104,0.011355904,"TWOGAUSSIANS_WITH_ELLIPSOIDAL_ON_ECLIPSE1",9,11.540866,0.7537019,0.0057391566,0.24670075,0.059655175,0.10626001,0.008814143,0.25309104,0.011355904,0.029543059,0.13872935,0.060004305,276.9674
375316653866487564,2920558352328208384,0.4388331,2226.097496797048,0.025294219817153116,1.1666637E-5,14.814493,5.2809966E-4,0.483165,0.0030596624,0.01611095,0.0016126424,0.28079256,0.02298329,0.72786003,0.06971416,0.03457344,0.07220127,0.0045145545,1.486623,null,null,null,null,"TWOGAUSSIANS",8,142.7751,0.483165,0.0030596624,0.09022131,0.0090307975,0.28079256,0.022983463,0.72786003,0.06971416,0.19361126,0.26175314,0.0045145545,1.486623
375316653866487564,2920560306534377216,0.64622736,2196.8929683083343,1.4049627150590442,3.8575E-6,14.172316,0.0062123835,0.2345651,0.0016706738,0.058136184,0.0034478146,0.19656044,0.0136177745,0.7318601,0.0027619323,0.049561184,0.0043510892,0.09699598,0.013700406,0.08455167,0.0075275567,0.2345651,0.0016706738,"TWOGAUSSIANS_WITH_ELLIPSOIDAL_ON_ECLIPSE1",9,37.33615,0.2345651,0.0016706738,0.32556263,0.019307762,0.36564428,0.0045450684,0.7325401,0.0019419538,0.27754262,0.024366101,0.2660433,0.0040402436
375316653866487564,2920562097539596544,0.5103234,2214.0000441187744,2.596311037598275,6.067085E-6,15.681179,0.014215406,0.21152739,0.021118652,0.032855373,0.019685576,0.18829869,0.04283234,0.7013514,0.00224939,0.038309377,0.0028868404,0.49829137,0.036541518,0.041335464,0.021765945,0.21152739,0.021118652,"TWOGAUSSIANS_WITH_ELLIPSOIDAL_ON_ECLIPSE1",9,278.63458,0.7015414,0.0018809821,0.21453251,0.016166305,0.58063114,0.03183039,0.21152739,0.021118652,0.18399009,0.11023923,0.2709696,0.019094562
375316653866487564,2920564846318688640,0.65309125,2217.641124130606,1.0995622393699034,1.515472E-6,13.280045,0.0029831794,0.2974722,4.7334604E-4,0.05067513,0.0010919169,0.22670467,0.0075950865,0.8122555,0.0065101734,0.044176657,0.0132478755,0.031010706,0.007335322,0.039343834,0.005018193,0.2974722,4.7334604E-4,"TWOGAUSSIANS_WITH_ELLIPSOIDAL_ON_ECLIPSE1",9,28.9485,0.2974722,4.7334604E-4,0.28378072,0.0061147343,0.30539116,0.00326434,0.8122555,0.0065101734,0.24738929,0.0741881,0.10902023,0.0069449022
