Gaia/vari_eclipsing_binary/VariEclipsingBinary_465703-465718.csv
# %ECSV 1.0
# ---
# delimiter: ','
# meta: !!omap
# - RELEASE: Gaia DR3
# - TABLE: vari_eclipsing_binary
# - DESCRIPTION: >
#     This table describes the properties of the eclipsing binaries resulting from the variability analysis. 
# - CITATION: >
#     How to cite and acknowledge Gaia: 
#     https://gea.esac.esa.int/archive/documentation/credits.html 
# - KNOWN_ISSUES: >
#     Known issues: 
#     https://www.cosmos.esa.int/web/gaia-users/known-issues 
# - DOCUMENTATION: >
#     Tutorials and documentation: 
#     https://www.cosmos.esa.int/web/gaia-users/archive 
# datatype:
# - 
#   name: solution_id
#   datatype: int64
#   description: Solution Identifier
#   meta:
#     ucd: meta.version
# - 
#   name: source_id
#   datatype: int64
#   description: Unique source identifier
#   meta:
#     ucd: meta.id;meta.main
# - 
#   name: global_ranking
#   datatype: float32
#   description: Number between 0 (worst) and 1 (best)
#   meta:
#     ucd: stat.param
# - 
#   name: reference_time
#   datatype: float64
#   unit: d
#   description: Reference time used for the geometric model fit
#   meta:
#     ucd: time.epoch
# - 
#   name: frequency
#   datatype: float64
#   unit: d**-1
#   description: Frequency of geometric model of the eclipsing binary light curve
#   meta:
#     ucd: src.orbital
# - 
#   name: frequency_error
#   datatype: float32
#   unit: d**-1
#   description: "Uncertainty of \\texttt{frequency}"
#   meta:
#     ucd: stat.error
# - 
#   name: geom_model_reference_level
#   datatype: float32
#   unit: mag
#   description: Magnitude reference level of geometric model
#   meta:
#     ucd: phot.mag;em.opt
# - 
#   name: geom_model_reference_level_error
#   datatype: float32
#   unit: mag
#   description: "Uncertainty of \\texttt{geomModelReferenceLevel}"
#   meta:
#     ucd: stat.error;phot.mag;em.opt
# - 
#   name: geom_model_gaussian1_phase
#   datatype: float32
#   description: Phase of the Gaussian 1 component
#   meta:
#     ucd: time.phase
# - 
#   name: geom_model_gaussian1_phase_error
#   datatype: float32
#   description: "Uncertainty of \\texttt{geomModelGaussian1Phase}"
#   meta:
#     ucd: stat.error;time.phase
# - 
#   name: geom_model_gaussian1_sigma
#   datatype: float32
#   description: "Standard deviation [phase] of Gaussian 1 component"
#   meta:
#     ucd: stat.stdev
# - 
#   name: geom_model_gaussian1_sigma_error
#   datatype: float32
#   description: "Uncertainty of \\texttt{geomModelGaussian1Sigma}"
#   meta:
#     ucd: stat.error
# - 
#   name: geom_model_gaussian1_depth
#   datatype: float32
#   unit: mag
#   description: Magnitude depth of Gaussian 1 component
#   meta:
#     ucd: src.var.amplitude
# - 
#   name: geom_model_gaussian1_depth_error
#   datatype: float32
#   unit: mag
#   description: "Uncertainty of \\texttt{geomModelGaussian1Depth}"
#   meta:
#     ucd: stat.error;src.var.amplitude
# - 
#   name: geom_model_gaussian2_phase
#   datatype: float32
#   description: Phase of Gaussian 2 component
#   meta:
#     ucd: time.phase
# - 
#   name: geom_model_gaussian2_phase_error
#   datatype: float32
#   description: "Uncertainty of \\texttt{geomModelGaussian2Phase}"
#   meta:
#     ucd: stat.error;time.phase
# - 
#   name: geom_model_gaussian2_sigma
#   datatype: float32
[...]
#   datatype: float32
#   description: "Secondary eclipse: uncertainty of \\texttt{derivedSecondaryEclDuration}"
#   meta:
#     ucd: stat.error;time.duration
# - 
#   name: derived_secondary_ecl_depth
#   datatype: float32
#   unit: mag
#   description: "Secondary eclipse: depth"
#   meta:
#     ucd: src.var.amplitude
# - 
#   name: derived_secondary_ecl_depth_error
#   datatype: float32
#   unit: mag
#   description: "Secondary eclipse: uncertainty of \\texttt{derivedSecondaryEclDepth}"
#   meta:
#     ucd: stat.error;src.var.amplitude
solution_id,source_id,global_ranking,reference_time,frequency,frequency_error,geom_model_reference_level,geom_model_reference_level_error,geom_model_gaussian1_phase,geom_model_gaussian1_phase_error,geom_model_gaussian1_sigma,geom_model_gaussian1_sigma_error,geom_model_gaussian1_depth,geom_model_gaussian1_depth_error,geom_model_gaussian2_phase,geom_model_gaussian2_phase_error,geom_model_gaussian2_sigma,geom_model_gaussian2_sigma_error,geom_model_gaussian2_depth,geom_model_gaussian2_depth_error,geom_model_cosine_half_period_amplitude,geom_model_cosine_half_period_amplitude_error,geom_model_cosine_half_period_phase,geom_model_cosine_half_period_phase_error,model_type,num_model_parameters,reduced_chi2,derived_primary_ecl_phase,derived_primary_ecl_phase_error,derived_primary_ecl_duration,derived_primary_ecl_duration_error,derived_primary_ecl_depth,derived_primary_ecl_depth_error,derived_secondary_ecl_phase,derived_secondary_ecl_phase_error,derived_secondary_ecl_duration,derived_secondary_ecl_duration_error,derived_secondary_ecl_depth,derived_secondary_ecl_depth_error
[from data line 564]
375316653866487564,4096484560784646016,0.57661825,2256.136399651053,2.277994093273175,1.44546475E-5,19.668806,0.02697023,0.15882356,0.0031211555,0.07485591,0.010594579,0.34607416,0.017654313,0.63280356,0.023197185,0.055620503,0.03163764,0.46353015,0.072349906,null,null,null,null,"TWOGAUSSIANS",8,1.391533,0.63280356,0.023197185,0.31147483,0.13760646,0.4633016,0.07201486,0.15882356,0.0031211555,0.4,6.822416E-4,0.34584558,0.013692005
375316653866487564,4096484590834934912,0.5004515,2310.206873518737,1.9014760227223606,3.775043E-5,19.302769,0.03582897,0.17978269,0.013358435,0.09395124,0.020504598,0.20022099,0.039239787,0.680431,0.01778956,0.08463078,0.024147866,0.23728585,0.03879264,null,null,null,null,"TWOGAUSSIANS",8,2.3592281,0.680431,0.01778956,0.4,0.0,0.22878115,0.030103456,0.17978269,0.013358435,0.4,0.0,0.191716,0.028055394
375316653866487564,4096485282390051712,0.4764108,2271.131602771074,2.2929274011166094,2.894669E-5,17.954203,0.95131075,0.30359286,0.023926193,0.12454854,0.06659274,0.34417763,0.6602936,0.8522797,0.028142413,0.15643117,0.13750738,0.24487264,0.9253261,null,null,null,null,"TWOGAUSSIANS",8,11.316636,0.30077285,0.011472623,0.4,0.0,0.26566923,0.029105706,0.85366976,0.022351516,0.4,0.0,0.16245982,0.055148475
375316653866487564,4096485385486745088,0.58384013,2320.9067951015218,0.5837702169337449,2.1951119E-4,18.500006,0.006065228,0.3220158,0.04381534,0.065187156,0.019233335,0.10069928,0.46550167,0.5954456,0.009330724,0.033291258,0.013270023,0.566422,136.60916,0.02040103,0.0124073485,0.5954456,0.009330724,"TWOGAUSSIANS_WITH_ELLIPSOIDAL_ON_ECLIPSE2",9,1.841303,0.5954456,0.009330724,0.18643104,0.07431213,0.607239,136.61021,0.3184058,0.044207912,0.36504808,0.10770668,0.101711184,0.4662409
375316653866487564,4096485454138189312,0.57253945,2284.591536386549,2.031658848757349,2.033661E-5,17.978168,0.05142406,0.17518266,0.0065543423,0.07919716,0.019302696,0.16773158,0.05003839,0.650698,0.030404307,0.10565045,0.03893268,0.2641689,0.06849952,null,null,null,null,"TWOGAUSSIANS",8,2.9658608,0.650698,0.030404307,0.4,0.0,0.25648546,0.023452112,0.17519267,0.0064787273,0.4,0.0,0.16005987,0.021751363
375316653866487564,4096485587267481472,0.51578176,2291.297216737208,2.629700682048452,2.122638E-5,18.80732,0.19866772,0.24269646,0.0059161987,0.12921861,0.05976614,0.21877424,0.18906099,0.7356277,0.011727367,0.13018273,0.047534026,0.27939934,0.19223002,null,null,null,null,"TWOGAUSSIANS",8,2.8851094,0.7356277,0.011727367,0.4,0.0,0.20661815,0.017317817,0.24285646,0.0056246584,0.4,0.0,0.14609978,0.015837811
375316653866487564,4096485656007775744,0.51422924,2219.0984577022637,2.311169717802756,1.3694617E-5,17.418226,0.0054033077,null,null,null,null,null,null,null,null,null,null,null,null,0.12255046,0.008958829,0.30379906,0.0042860485,"ELLIPSOIDAL",4,14.160493,null,null,null,null,null,null,null,null,null,null,null,null
375316653866487564,4096485763373838080,0.53284675,2264.950311431698,0.05061916898788782,2.546517E-5,19.192162,0.007814929,0.1585569,0.03275605,0.045131434,0.016123027,0.34134278,0.070006974,0.6853216,0.0024916127,0.061745718,0.0060999705,0.42216805,0.045546614,null,null,null,null,"TWOGAUSSIANS",8,2.2663088,0.6853216,0.0024916127,0.34577602,0.034159835,0.42216402,0.0455513,0.1585569,0.03275605,0.25273603,0.090288945,0.34133872,0.070004284
375316653866487564,4096486411898114816,0.45765075,2340.1736830974896,0.5826282667804414,5.331906E-5,18.189253,0.39981368,0.31512332,0.012145789,0.058756635,0.113481276,0.2542402,0.29113996,0.7435314,0.04131636,0.07535709,0.101154834,0.20981771,0.40554234,null,null,null,null,"TWOGAUSSIANS",8,14.806268,0.31512332,0.014841761,0.32903716,0.1353345,0.2541888,0.1487854,0.7435314,0.04131636,0.4,0.13239406,0.20976628,0.27716026
375316653866487564,4096486446282749440,0.5196581,2276.5439125764815,2.2777160796022824,2.6748203E-5,18.700718,0.1808434,0.21335149,0.012169248,0.122616254,0.039722044,0.4858605,0.17018354,0.70546746,0.010754277,0.11965673,0.03612827,0.5311192,0.16629654,null,null,null,null,"TWOGAUSSIANS",8,8.66083,0.70546746,0.010754277,0.4,0.0,0.4186087,0.036589615,0.21340148,0.01214121,0.4,0.0,0.373282,0.048509333
375316653866487564,4096486450581885312,0.5408036,2284.846154384845,1.5152013831999933,1.833055E-5,19.335787,0.019926602,0.14542948,4.1901748E-4,0.013227926,9.1534737E-4,1.1199297,0.06499243,0.72872543,0.0048159687,0.08347122,0.012135287,0.44911897,0.06254231,null,null,null,null,"TWOGAUSSIANS",8,2.9021835,0.14542948,4.1901748E-4,0.074076384,0.0051259454,1.1199315,0.06498938,0.72872543,0.0048159687,0.4,0.0,0.44911897,0.06254234
375316653866487564,4096486519290532480,0.5334111,2318.9936463989725,2.614686056371956,7.426687E-5,18.20209,0.02748741,0.26060504,0.021893835,0.079057634,0.020468153,0.35287908,0.05117143,0.75051403,0.007544495,0.082938984,0.012161207,0.37933263,0.031347714,null,null,null,null,"TWOGAUSSIANS",8,12.993007,0.75051403,0.007544495,0.4,0.0,0.37418473,0.028547568,0.26060504,0.021893835,0.4,0.06432109,0.34773117,0.050412916
375316653866487564,4096486824214778112,0.6276617,2236.72995561151,1.6320881538569099,4.1987732E-6,15.165418,0.02055711,0.2730275,0.005365179,0.06579504,0.05574437,0.15458839,0.32854646,0.7831892,0.0025226406,0.04705519,0.007270578,0.25193515,0.04523132,0.13708493,0.032695334,0.2730275,0.005365179,"TWOGAUSSIANS_WITH_ELLIPSOIDAL_ON_ECLIPSE1",9,113.790886,0.7831892,0.0025226406,0.26350906,0.040715236,0.5248761,0.020540398,0.2730275,0.005365179,0.36845225,0.31155205,0.4286455,0.3095298
375316653866487564,4096487167835794304,0.49224094,2280.0854719824215,3.2410737515860024,3.148401E-5,18.00477,0.16515513,0.26851666,0.09283392,0.13388972,0.057479516,0.45520723,0.12886205,0.78351563,0.0026256093,0.09255674,0.024006763,0.44089165,0.15136229,null,null,null,null,"TWOGAUSSIANS",8,19.26451,0.26851666,0.09283464,0.4,0.0,0.38887,0.16402966,0.78370565,0.0020564098,0.4,4.4560313E-4,0.37547764,0.03873222
375316653866487564,4096487206483026432,0.59173524,2268.790887451173,3.275578651164796,4.373997E-5,18.43079,0.010139717,0.3136067,0.007872748,0.0941527,0.013454475,0.34617126,0.08315662,0.8331761,0.0033343523,0.079556555,0.0038099252,0.41473424,0.020025058,null,null,null,null,"TWOGAUSSIANS",8,4.3392663,0.8331761,0.0033343523,0.4,0.0,0.4061992,0.01922626,0.3136067,0.007872748,0.4,0.0,0.33763534,0.08672877
375316653866487564,4096487614489229312,0.5572168,2362.1594276774194,3.168820080912595,3.320302E-5,18.033403,0.02556148,0.2404183,0.004864588,0.06887631,0.0060796384,0.41651884,0.029642478,0.7392475,0.015501998,0.076053835,0.012081614,0.44939196,0.07549472,null,null,null,null,"TWOGAUSSIANS",8,11.338603,0.7392475,0.015501998,0.4,0.012841396,0.44720006,0.07532838,0.2404183,0.004864588,0.38570735,0.034045976,0.41432694,0.028351434
375316653866487564,4096487893679812224,0.5016759,2345.5061501640766,1.263879179541989,6.900039E-5,18.20198,0.021575887,0.38527098,0.061187703,0.15621117,0.05524582,0.15108888,0.033287466,0.7753089,0.10406325,0.09669284,0.05745252,0.04271997,0.020699048,null,null,null,null,"TWOGAUSSIANS",8,1.2284331,0.38535097,0.061058365,0.4,0.0,0.14126918,0.018855773,0.7753089,0.10406325,0.4,0.17467353,0.03965221,0.0139835775
375316653866487564,4096488099838273664,0.44316408,2335.1267580873723,1.240106114358188,1.6822747E-4,19.791851,0.03750724,0.34723976,0.013339719,0.042142477,0.03055122,0.08064105,0.22019789,0.7704623,0.016203405,0.12650022,0.025853448,0.604188,0.09760142,null,null,null,null,"TWOGAUSSIANS",8,6.1696115,0.7704623,0.016203405,0.4,0.0,0.6023179,0.09943139,0.34857976,0.014302048,0.23599787,0.17108683,0.08107039,0.22104906
375316653866487564,4096488164248219648,0.5091345,2244.7940531795716,1.515034122416811,4.868672E-5,17.244446,0.007852383,0.6280786,0.010394269,0.025006346,0.015314679,0.11417162,0.020400556,null,null,null,null,null,null,0.08044159,0.015138785,0.6280786,0.010394269,"ONEGAUSSIAN_WITH_ELLIPSOIDAL",6,25.587675,0.6280786,0.010394269,0.14003554,0.0857622,0.27505454,0.019802045,null,null,null,null,null,null
375316653866487564,4096488232989141376,0.49645522,2239.515283764144,0.8309475411631823,2.9270186E-5,18.964338,0.013131355,0.18060745,8.213726E-4,0.027415179,0.0019135893,1.6421171,0.32749707,0.69770354,0.0051822355,0.049144674,0.01103573,0.12736323,0.016370371,null,null,null,null,"TWOGAUSSIANS",8,2.5812066,0.18060745,8.213726E-4,0.15352501,0.0107161,1.6421171,0.32749707,0.69770354,0.0051822355,0.27521017,0.06180009,0.12736323,0.016370371
375316653866487564,4096488645306814976,0.5211571,2330.9144247805584,0.7298992468780335,4.6941444E-5,18.459686,0.011730238,0.8002861,0.02614591,0.058291495,0.0064173434,0.6917387,0.30833912,null,null,null,null,null,null,null,null,null,null,"ONEGAUSSIAN",5,12.302781,0.8002861,0.02614591,0.32643238,0.035937123,0.6917387,0.0,null,null,null,null,null,null
375316653866487564,4096488684003876992,0.49449888,2250.898747883326,0.9669602019434653,4.5558616E-5,19.493456,0.04884048,0.11577589,0.015409009,0.030178953,0.01846647,0.07465565,0.10919487,0.70327693,0.01119916,0.05629595,0.11222276,0.42040068,0.24942988,null,null,null,null,"TWOGAUSSIANS",8,3.2525778,0.70327693,0.01119916,0.31525734,0.09285409,0.42040068,0.2565375,0.11577589,0.014462614,0.16900213,0.10341224,0.07465565,0.1102558
375316653866487564,4096488821443140480,0.5706612,2364.078815955787,1.4905450298487362,1.8676408E-5,16.875633,0.004474931,0.42710474,0.006295537,0.079324774,0.0045452653,0.34873226,0.0134785315,0.81665593,0.0103549985,0.031458106,0.014644352,0.0297856,0.037184928,null,null,null,null,"TWOGAUSSIANS",8,14.523979,0.42710474,0.006295537,0.4,0.0,0.34873217,0.013478357,0.81665593,0.0103549985,0.1761654,0.08200837,0.02978754,0.03718537
375316653866487564,4096488993191939200,0.61299396,2293.8404594177896,0.9121093828679642,2.3976934E-5,17.93168,0.012196418,0.33618647,0.0062771733,0.08846345,0.0072221737,0.44095248,0.015352064,0.8444154,0.023253638,0.08477597,0.015094686,0.21994662,0.031502053,null,null,null,null,"TWOGAUSSIANS",8,3.6861622,0.33618647,0.0062771733,0.4,0.0,0.43252727,0.013940302,0.8444154,0.023253638,0.4,0.0,0.21152154,0.027180362
375316653866487564,4096489096320843520,0.5839039,2290.723923423091,2.3863242189023044,4.531808E-5,18.018946,0.005082149,0.43389553,0.0112753045,0.08807595,0.0051902654,0.48015726,0.043333277,0.13887282,0.0036890004,0.041245256,0.00468642,0.07214962,0.009645854,null,null,null,null,"TWOGAUSSIANS",8,2.7313254,0.43389553,0.0112753045,0.4,0.0,0.48015705,0.043333173,0.14054282,0.0036514492,0.23097344,0.026243951,0.073963046,0.009656877
375316653866487564,4096489263756885376,0.6041084,2292.497593509036,0.6020717688104756,1.42180115E-5,15.722671,0.0035664062,0.21970703,0.0062058093,0.027584268,0.009857085,0.03973498,0.017886914,0.7283091,0.0042988425,0.0405366,0.0039652903,0.24566622,0.011516603,0.020294107,0.0054528085,0.21970703,0.0062058093,"TWOGAUSSIANS_WITH_ELLIPSOIDAL_ON_ECLIPSE1",9,18.164328,0.7283091,0.0042988425,0.22700496,0.022205625,0.2861359,0.008124798,0.21970703,0.0062058093,0.1544719,0.055199675,0.0803231,0.016190598
375316653866487564,4096489302436950016,0.57555264,2297.9826672003555,1.7979294963135937,7.46313E-5,17.62165,0.003868054,0.2732626,0.011027536,0.03950987,0.0065686787,0.33048418,0.047482163,0.73998046,3.6585825E-5,0.009747938,3.3247564E-4,0.34376794,0.01261695,null,null,null,null,"TWOGAUSSIANS",8,5.654599,0.73998046,3.6585825E-5,0.054588456,0.0018618637,0.34376794,0.01261695,0.2732626,0.011027536,0.22125527,0.0367846,0.33048418,0.047482163
375316653866487564,4096489405558580736,0.5319602,2276.7751632272793,1.4214563991991342,2.947772E-5,18.939507,0.09379477,0.25265145,0.004619788,0.08416168,0.031786323,0.5665793,0.09543194,0.7963204,0.029395165,0.09980624,0.052322447,0.31020245,0.087228015,null,null,null,null,"TWOGAUSSIANS",8,7.756638,0.25264147,0.004495165,0.4,0.0,0.5563499,0.1369444,0.7963204,0.029383503,0.4,0.01410214,0.2999642,0.052499995
375316653866487564,4096489439868890240,0.6279483,2289.8070678664144,4.014333438659539,2.0389616E-5,17.784185,0.012783535,0.19404754,0.014156003,0.06309898,0.014834268,0.62677217,0.19693069,0.6878497,0.0030387717,0.056949653,0.003086211,0.62222177,0.02174108,null,null,null,null,"TWOGAUSSIANS",8,9.592595,0.19404754,0.014156003,0.3533543,0.06323428,0.62660027,0.19759816,0.6878497,0.0030387717,0.31891805,0.017282782,0.62204987,0.02148082
375316653866487564,4096489474228617344,0.4979641,2347.744052125245,0.6247505105288003,1.2424089E-4,18.398857,0.12686281,0.22496875,0.016011233,0.1210611,0.03217844,0.65907365,0.12188379,0.65376794,0.006782559,0.079200745,0.011019627,0.99700993,0.20097914,null,null,null,null,"TWOGAUSSIANS",8,25.057604,0.65376794,0.006782559,0.4,0.0,0.97256124,0.18981324,0.22496875,0.016011233,0.4,0.0,0.63337225,0.11266218
375316653866487564,4096489676074043264,0.5192377,2310.9486620623725,2.1442035545298617,8.952739E-5,17.922012,0.041965276,0.23041834,0.0063040955,0.097826175,0.016896557,0.3396711,0.035576135,0.71233636,0.015097779,0.08284151,0.014866028,0.35738397,0.06741302,null,null,null,null,"TWOGAUSSIANS",8,13.594981,0.71233636,0.015097779,0.4,0.0,0.34604254,0.05814869,0.23041834,0.0063040955,0.4,0.0,0.3283276,0.025801174
375316653866487564,4096489680393616384,0.5029325,2316.183071425035,2.6925566331709256,2.0958561E-5,18.427143,0.20211837,0.2912351,0.004845632,0.09739184,0.025798464,0.48568586,0.17434466,0.7850438,0.0106773,0.12700397,0.048196398,0.40131938,0.20078695,null,null,null,null,"TWOGAUSSIANS",8,6.430313,0.29127508,0.00470781,0.4,0.0,0.41857767,0.033402316,0.7850438,0.0106773,0.4,0.0,0.33386123,0.024577754
375316653866487564,4096489783515667840,0.5123617,2281.776441138892,2.474628812117324,1.7464414E-5,17.042255,0.0030548,null,null,null,null,null,null,null,null,null,null,null,null,0.07338333,0.004527069,0.26915407,0.003967412,"ELLIPSOIDAL",4,8.559224,null,null,null,null,null,null,null,null,null,null,null,null
375316653866487564,4096489852185731968,0.46402004,2319.710160466222,2.105984138723525,2.1024428E-4,18.436804,0.014266509,0.13268717,0.021986373,0.03430824,0.010535338,0.07807158,0.016334236,0.56841743,0.0092537785,0.16383119,0.025437772,0.13421506,0.014231065,null,null,null,null,"TWOGAUSSIANS",8,4.834817,0.56841743,0.0092537785,0.4,0.0,0.13036434,0.012891065,0.13354717,0.0230023,0.19212614,0.058997896,0.07850762,0.015067639
375316653866487564,4096490058348813312,0.5295928,2284.8267961003785,2.105634077140974,3.0391884E-5,18.865992,0.026131302,0.31189364,0.008196438,0.09914461,0.012411246,0.3599537,0.030158661,0.8155007,0.00598256,0.09924382,0.010736272,0.3224716,0.030181382,null,null,null,null,"TWOGAUSSIANS",8,2.4446425,0.31189364,0.008196438,0.4,0.0,0.33279106,0.028689487,0.8155007,0.0059824935,0.4,0.0,0.29530913,0.028388686
375316653866487564,4096490195793804672,0.54293436,2267.881454464353,1.0894247759037856,1.1944482E-4,19.639236,0.03587386,0.57524264,0.012588389,0.09850483,0.030326879,0.49587253,2.654355,0.9540051,0.014158773,0.062470075,0.015410712,0.09095668,0.038107395,null,null,null,null,"TWOGAUSSIANS",8,1.4032813,0.57524264,0.012588389,0.4,0.00935724,0.49558428,2.6547046,0.9540051,0.014158773,0.34983242,0.081963584,0.09097384,0.03757956
375316653866487564,4096490230147396480,0.50341654,2215.0875847277357,2.6808659757124826,2.0532441E-5,19.484959,0.12482889,0.30664355,0.0043269526,0.08187041,0.015164398,0.41832927,0.12511475,0.804408,0.015074062,0.091339126,0.049150385,0.35129687,0.10805307,null,null,null,null,"TWOGAUSSIANS",8,2.5982556,0.30664355,0.0043695336,0.4,0.0,0.40696198,0.058130633,0.804408,0.015074062,0.4,0.0,0.33992937,0.038012378
375316653866487564,4096490569453147776,0.6211001,2270.8200415787,2.633182966100493,9.935131E-6,18.274242,0.011077788,0.14987119,0.0014658507,0.039272655,0.0036643397,0.3726629,0.033614162,0.64365983,0.006663924,0.039805025,0.0059700473,0.6844948,0.07843954,0.12432327,0.024253367,0.14987119,0.0014658507,"TWOGAUSSIANS_WITH_ELLIPSOIDAL_ON_ECLIPSE1",9,8.301533,0.64392984,0.0063681826,0.22290814,0.033432264,0.9327792,0.07421355,0.14987119,0.0014658507,0.21992688,0.020520302,0.6213094,0.01689475
