Gaia/vari_eclipsing_binary/VariEclipsingBinary_468817-468832.csv
# %ECSV 1.0
# ---
# delimiter: ','
# meta: !!omap
# - RELEASE: Gaia DR3
# - TABLE: vari_eclipsing_binary
# - DESCRIPTION: >
#     This table describes the properties of the eclipsing binaries resulting from the variability analysis. 
# - CITATION: >
#     How to cite and acknowledge Gaia: 
#     https://gea.esac.esa.int/archive/documentation/credits.html 
# - KNOWN_ISSUES: >
#     Known issues: 
#     https://www.cosmos.esa.int/web/gaia-users/known-issues 
# - DOCUMENTATION: >
#     Tutorials and documentation: 
#     https://www.cosmos.esa.int/web/gaia-users/archive 
# datatype:
# - 
#   name: solution_id
#   datatype: int64
#   description: Solution Identifier
#   meta:
#     ucd: meta.version
# - 
#   name: source_id
#   datatype: int64
#   description: Unique source identifier
#   meta:
#     ucd: meta.id;meta.main
# - 
#   name: global_ranking
#   datatype: float32
#   description: Number between 0 (worst) and 1 (best)
#   meta:
#     ucd: stat.param
# - 
#   name: reference_time
#   datatype: float64
#   unit: d
#   description: Reference time used for the geometric model fit
#   meta:
#     ucd: time.epoch
# - 
#   name: frequency
#   datatype: float64
#   unit: d**-1
#   description: Frequency of geometric model of the eclipsing binary light curve
#   meta:
#     ucd: src.orbital
# - 
#   name: frequency_error
#   datatype: float32
#   unit: d**-1
#   description: "Uncertainty of \\texttt{frequency}"
#   meta:
#     ucd: stat.error
# - 
#   name: geom_model_reference_level
#   datatype: float32
#   unit: mag
#   description: Magnitude reference level of geometric model
#   meta:
#     ucd: phot.mag;em.opt
# - 
#   name: geom_model_reference_level_error
#   datatype: float32
#   unit: mag
#   description: "Uncertainty of \\texttt{geomModelReferenceLevel}"
#   meta:
#     ucd: stat.error;phot.mag;em.opt
# - 
#   name: geom_model_gaussian1_phase
#   datatype: float32
#   description: Phase of the Gaussian 1 component
#   meta:
#     ucd: time.phase
# - 
#   name: geom_model_gaussian1_phase_error
#   datatype: float32
#   description: "Uncertainty of \\texttt{geomModelGaussian1Phase}"
#   meta:
#     ucd: stat.error;time.phase
# - 
#   name: geom_model_gaussian1_sigma
#   datatype: float32
#   description: "Standard deviation [phase] of Gaussian 1 component"
#   meta:
#     ucd: stat.stdev
# - 
#   name: geom_model_gaussian1_sigma_error
#   datatype: float32
#   description: "Uncertainty of \\texttt{geomModelGaussian1Sigma}"
#   meta:
#     ucd: stat.error
# - 
#   name: geom_model_gaussian1_depth
#   datatype: float32
#   unit: mag
#   description: Magnitude depth of Gaussian 1 component
#   meta:
#     ucd: src.var.amplitude
# - 
#   name: geom_model_gaussian1_depth_error
#   datatype: float32
#   unit: mag
#   description: "Uncertainty of \\texttt{geomModelGaussian1Depth}"
#   meta:
#     ucd: stat.error;src.var.amplitude
# - 
#   name: geom_model_gaussian2_phase
#   datatype: float32
#   description: Phase of Gaussian 2 component
#   meta:
#     ucd: time.phase
# - 
#   name: geom_model_gaussian2_phase_error
#   datatype: float32
#   description: "Uncertainty of \\texttt{geomModelGaussian2Phase}"
#   meta:
#     ucd: stat.error;time.phase
# - 
#   name: geom_model_gaussian2_sigma
#   datatype: float32
[...]
#   datatype: float32
#   description: "Secondary eclipse: uncertainty of \\texttt{derivedSecondaryEclDuration}"
#   meta:
#     ucd: stat.error;time.duration
# - 
#   name: derived_secondary_ecl_depth
#   datatype: float32
#   unit: mag
#   description: "Secondary eclipse: depth"
#   meta:
#     ucd: src.var.amplitude
# - 
#   name: derived_secondary_ecl_depth_error
#   datatype: float32
#   unit: mag
#   description: "Secondary eclipse: uncertainty of \\texttt{derivedSecondaryEclDepth}"
#   meta:
#     ucd: stat.error;src.var.amplitude
solution_id,source_id,global_ranking,reference_time,frequency,frequency_error,geom_model_reference_level,geom_model_reference_level_error,geom_model_gaussian1_phase,geom_model_gaussian1_phase_error,geom_model_gaussian1_sigma,geom_model_gaussian1_sigma_error,geom_model_gaussian1_depth,geom_model_gaussian1_depth_error,geom_model_gaussian2_phase,geom_model_gaussian2_phase_error,geom_model_gaussian2_sigma,geom_model_gaussian2_sigma_error,geom_model_gaussian2_depth,geom_model_gaussian2_depth_error,geom_model_cosine_half_period_amplitude,geom_model_cosine_half_period_amplitude_error,geom_model_cosine_half_period_phase,geom_model_cosine_half_period_phase_error,model_type,num_model_parameters,reduced_chi2,derived_primary_ecl_phase,derived_primary_ecl_phase_error,derived_primary_ecl_duration,derived_primary_ecl_duration_error,derived_primary_ecl_depth,derived_primary_ecl_depth_error,derived_secondary_ecl_phase,derived_secondary_ecl_phase_error,derived_secondary_ecl_duration,derived_secondary_ecl_duration_error,derived_secondary_ecl_depth,derived_secondary_ecl_depth_error
[from data line 294]
375316653866487564,4123812819217840000,0.443963,2347.6119334924824,1.5375320496459035,1.2215307E-4,19.47943,0.04133373,0.2289964,0.03374158,0.1224192,0.04881386,0.12698306,0.040373705,0.7085029,0.013225218,0.086122,0.019508006,0.37371555,0.04430078,null,null,null,null,"TWOGAUSSIANS",8,6.2929564,0.7085029,0.013225218,0.4,0.013591599,0.3572141,0.03434707,0.2289964,0.03374158,0.4,0.0,0.11040744,0.03616182
375316653866487564,4123813300253828224,0.47861466,2442.9106350407937,2.295091855074848,1.7983582E-5,19.820982,0.0191911,0.24859592,0.0033706748,0.065105416,0.00626547,0.3129705,0.016143242,0.7385794,0.0069618323,0.09192116,0.008632217,0.2740537,0.0223517,null,null,null,null,"TWOGAUSSIANS",8,1.5967304,0.24859592,0.0033706748,0.36459035,0.03508663,0.3100572,0.014907781,0.7385794,0.0069618323,0.4,0.0,0.27114016,0.02032754
375316653866487564,4123813575131461504,0.47932854,2448.8400461821266,1.5752425665985759,1.40865395E-5,17.648323,0.25823578,0.31123072,0.0039864215,0.14492327,0.07886694,0.17621003,0.25534174,0.81208193,0.0028118629,0.11081696,0.04087329,0.17938754,0.18711506,null,null,null,null,"TWOGAUSSIANS",8,3.9837008,0.8121119,0.0028709366,0.4,0.0,0.12876062,0.016493142,0.31123072,0.0039930213,0.4,0.0,0.12467968,0.00619856
375316653866487564,4123813643850825728,0.4037529,2347.820107347092,4.007251333808404,2.0411917E-5,19.614689,0.04660697,0.14759685,0.0027618823,0.0393713,0.010620651,0.28295133,0.042049773,0.5661903,0.01723263,0.15400478,0.030347094,0.2831313,0.0505236,null,null,null,null,"TWOGAUSSIANS",8,2.7931917,0.14825685,0.0024328749,0.22047928,0.059475645,0.28478467,0.043397292,0.5661903,0.01723263,0.4,0.0,0.27765527,0.043368727
375316653866487564,4123814124887737344,0.42539057,2423.1886602718064,0.7308602279297873,3.571704E-5,18.03892,0.0037464765,0.29503503,0.0060710777,0.033083335,0.009474928,0.13684154,0.03180875,0.8118528,0.0074319895,0.058925755,0.006203028,0.07597089,0.014206759,null,null,null,null,"TWOGAUSSIANS",8,4.577895,0.29503503,0.0060710777,0.18526669,0.053059597,0.13684152,0.03180934,0.8118528,0.0074319895,0.32998422,0.034736957,0.075970866,0.014206724
375316653866487564,4123814709054109184,0.49367413,2419.408701039079,2.8954289764407397,2.659736E-5,18.97028,0.03673351,0.2588919,0.005317769,0.09334075,0.020846667,0.20982547,0.029890032,0.7621424,0.009618124,0.10595036,0.024514109,0.19531292,0.03445771,null,null,null,null,"TWOGAUSSIANS",8,2.5556803,0.2588919,0.0053163343,0.4,0.0,0.19321957,0.012407079,0.7621424,0.009618124,0.4,0.0,0.17870152,0.012297175
375316653866487564,4123814777722841088,0.5684164,2402.735937583876,2.2214768403981995,8.5577585E-6,19.153831,0.008496152,0.24162939,0.0028028598,0.07592271,0.002992833,0.5008428,0.014900734,0.7425483,0.003400882,0.07196168,0.003799826,0.40629432,0.01695174,null,null,null,null,"TWOGAUSSIANS",8,1.4465337,0.24162939,0.0028028598,0.4,0.0,0.49792644,0.014792648,0.7425483,0.003400882,0.4,0.009785636,0.40337795,0.017082801
375316653866487564,4123815258765475200,0.5308667,2434.4408133881266,2.0626073614064957,1.2700054E-5,19.052698,0.01583686,0.3492358,0.0018896444,0.07293314,0.0027567754,0.6468031,0.019661274,0.84377503,0.00772296,0.08027458,0.0074566426,0.24040353,0.021935178,null,null,null,null,"TWOGAUSSIANS",8,5.329403,0.3492358,0.0018896444,0.4,0.0,0.64352113,0.01884752,0.84377503,0.00772296,0.4,0.0,0.2371216,0.021246362
375316653866487564,4123815598061081856,0.45482567,2439.919720367938,2.632775201769843,1.981824E-5,19.281403,0.051450744,0.23367947,0.004514608,0.102750786,0.020081934,0.23460865,0.042262506,0.7106055,0.0060581528,0.11874882,0.033415098,0.21327002,0.034973256,null,null,null,null,"TWOGAUSSIANS",8,2.4736533,0.23375948,0.0042523374,0.4,0.0,0.20737438,0.017659552,0.7106055,0.0060581528,0.4,0.0,0.18596107,0.02543398
375316653866487564,4123815701121474176,0.59515846,2399.481717348666,0.16449343892127172,4.8028927E-5,17.292135,0.0028725292,0.249592,0.0024561153,0.029681947,0.0040711155,0.11261029,0.009045959,0.7103061,0.033843495,0.039364316,0.016869724,0.93089956,1.4461113,0.030075887,0.005106589,0.249592,0.0024561153,"TWOGAUSSIANS_WITH_ELLIPSOIDAL_ON_ECLIPSE1",9,4.9766254,0.7106061,0.033688635,0.22044016,0.09447045,0.9874862,1.4473578,0.249592,0.0024561153,0.1662189,0.022798246,0.17276166,0.008611727
375316653866487564,4123815907278298368,0.60984856,2429.1407661949065,0.7181638201288326,2.2393697E-5,18.275581,0.0019446289,0.24832273,0.0024913682,0.036012456,0.0026679682,0.0901648,0.0061333394,0.7437939,4.818604E-4,0.037161738,7.200915E-4,0.4986229,0.00820826,null,null,null,null,"TWOGAUSSIANS",8,1.2255769,0.7437939,4.818604E-4,0.20810573,0.0040325127,0.4986229,0.00820826,0.24832273,0.0024913682,0.20166977,0.014940622,0.0901648,0.0061333394
375316653866487564,4123816014724356352,0.5679453,2419.566239829067,3.5444398464443827,7.2415114E-6,18.694828,0.018546183,0.2293889,0.0014889896,0.05113286,0.0054961024,0.5147269,0.04176246,0.7290025,0.0018582086,0.04620663,0.0037396403,0.40124917,0.041655514,0.119687885,0.02333454,0.2293889,0.0014889896,"TWOGAUSSIANS_WITH_ELLIPSOIDAL_ON_ECLIPSE1",9,7.3858657,0.2293889,0.0014889896,0.28634402,0.030778173,0.7540991,0.053072203,0.72904253,0.0017392987,0.2587571,0.020941986,0.6406201,0.016809592
375316653866487564,4123816903710729344,0.46498224,2444.1465052834255,0.04006931336516749,1.0846466E-5,16.689608,0.001362949,0.42333588,0.0010614989,0.03216059,0.0016893485,0.08454307,0.0029635797,0.7947398,0.011670665,0.056532733,0.013694587,0.01969869,0.0031788072,null,null,null,null,"TWOGAUSSIANS",8,2.5925834,0.42333588,0.0010614989,0.18009931,0.009460351,0.08454307,0.0029635797,0.7947398,0.011670665,0.3165833,0.07668969,0.01969869,0.0031788072
375316653866487564,4123816908033667456,0.53486764,2436.5669235278137,2.9538752503725294,2.8135326E-5,19.679613,0.013096325,0.2460411,0.0031850867,0.072323635,0.003906959,0.46059036,0.014419352,0.74930435,0.0041024457,0.06795929,0.0071993168,0.5945924,0.052036993,null,null,null,null,"TWOGAUSSIANS",8,3.2558904,0.74930435,0.0041024457,0.38057205,0.037084337,0.5929222,0.052800074,0.2460411,0.0031850867,0.4,0.00989447,0.45892015,0.013632118
375316653866487564,4123817148595792256,0.6087047,2426.992608288776,1.1943573724671743,5.9514105E-6,17.206884,0.0030338236,0.21799801,0.0015775046,0.08884095,0.0019277278,0.26173308,0.00562623,0.72461987,0.0024197784,0.09641762,0.0036436326,0.22546485,0.0043770783,null,null,null,null,"TWOGAUSSIANS",8,2.2441206,0.21799801,0.0015775046,0.4,0.0,0.25024056,0.0051362487,0.72461987,0.0024197784,0.4,0.0,0.2139717,0.004586058
375316653866487564,4123818106322963456,0.45728108,2396.1321323561815,3.587420690901886,4.1563395E-5,19.354446,0.049343728,0.18167378,0.012280773,0.11504072,0.03450707,0.19858646,0.043944456,0.68891954,0.00774701,0.07997166,0.013455941,0.39327744,0.044547196,null,null,null,null,"TWOGAUSSIANS",8,3.4395852,0.68892956,0.0077714557,0.4,0.0,0.37613726,0.021243984,0.18167378,0.012280773,0.4,0.0,0.18141377,0.02300324
375316653866487564,4123818110617985664,0.51514214,2413.5145106268396,1.8935636918793421,6.012998E-5,19.065351,0.011469528,0.51451033,0.007441594,0.07610171,0.0068922346,0.5159273,0.037146337,0.8243596,0.021562142,0.034343172,0.034882244,0.032686718,0.1432317,null,null,null,null,"TWOGAUSSIANS",8,6.279787,0.51451033,0.007441594,0.4,0.0,0.5159273,0.037146337,0.8243596,0.021562142,0.19232176,0.19534057,0.032816403,0.14331292
375316653866487564,4123818449899422592,0.502651,2435.8369276156786,1.1391003400695936,1.6747465E-5,17.945219,0.4407522,0.27610913,0.010227703,0.18826826,0.102202855,0.28720042,0.42394716,0.7681108,0.0064565083,0.15943417,0.043635067,0.3567576,0.3472401,null,null,null,null,"TWOGAUSSIANS",8,2.2315416,0.7681108,0.0064565083,0.4,0.0,0.15952115,0.0056864223,0.27842912,0.008947696,0.4,0.0,0.078277804,0.005236724
375316653866487564,4123818552979935232,0.48548028,2420.1964376058036,1.3882839432239364,3.2935266E-5,19.287441,0.0056836037,0.26181102,0.0027239833,0.01200436,0.0015162312,0.63505036,0.10705028,0.7826818,0.016101588,0.04705333,0.0080730105,0.06602106,0.02171451,null,null,null,null,"TWOGAUSSIANS",8,4.150892,0.26181102,0.0027239833,0.06722441,0.008490895,0.63505036,0.10705028,0.7826818,0.016101588,0.26349866,0.04520886,0.06602106,0.02171451
375316653866487564,4123818797863235712,0.41188276,2458.262340874527,4.365819815399906,1.9010185E-4,19.70266,0.040042616,0.44568095,0.045108754,0.014361153,0.05067258,0.24112241,0.14938165,0.78214735,0.02596306,0.08780818,0.020173544,0.37035385,0.07556203,null,null,null,null,"TWOGAUSSIANS",8,9.303313,0.78214735,0.02596306,0.4,0.0,0.3703538,0.07549854,0.44569096,0.04493267,0.08042246,0.28376645,0.24136241,0.14968283
375316653866487564,4123819175820335488,0.48314792,2416.9844526989373,0.82305969471454,5.9337362E-5,16.28716,0.006484632,0.07559488,0.0084117185,0.016784724,0.0057820794,0.039469402,0.0087219775,0.44102535,0.00870071,0.07123516,0.012905794,0.13966839,0.009600207,null,null,null,null,"TWOGAUSSIANS",8,55.79175,0.44102535,0.00870071,0.39891687,0.026113233,0.13966839,0.009600207,0.07559488,0.0084117185,0.09399445,0.032379646,0.039469674,0.008723132
375316653866487564,4123819244539826944,0.4731792,2416.4253454853165,1.8377357992709944,1.8815603E-5,18.613663,0.007839673,0.27123109,0.0049317502,0.064527914,0.0068834447,0.14486784,0.011795454,0.76362747,0.0055591753,0.06772941,0.007852419,0.26078326,0.024185622,null,null,null,null,"TWOGAUSSIANS",8,3.9572542,0.76362747,0.0055591753,0.3792847,0.04397355,0.2605361,0.024299981,0.27123109,0.0049317502,0.36135632,0.03854729,0.14462067,0.011781562
375316653866487564,4123819789938777088,0.568374,2456.906308244961,2.1342411616138937,1.898139E-5,18.792719,0.014030057,0.28741533,0.0029554374,0.071862884,0.0030639344,0.5131177,0.022218289,0.79365325,0.003738676,0.07066359,0.006321805,0.4849457,0.032755412,null,null,null,null,"TWOGAUSSIANS",8,3.7111099,0.28741533,0.0029554374,0.4,0.008265297,0.51129943,0.02183031,0.79365325,0.003738676,0.39571613,0.02697247,0.48312747,0.03342747
375316653866487564,4123819828619003136,0.4976359,2441.3130980775463,2.67540123973181,1.2255219E-5,19.401121,0.009187486,0.1992149,0.007881577,0.064017065,0.008168469,0.30720147,0.03306149,0.6970879,0.0056347176,0.08282689,0.008805145,0.25692216,0.018088723,null,null,null,null,"TWOGAUSSIANS",8,1.8204471,0.1992149,0.007881577,0.35849556,0.04574343,0.30561236,0.03352607,0.6970879,0.0056347176,0.4,0.0,0.25533304,0.018345032
375316653866487564,4123820000455072384,0.45125273,2444.77090728389,0.03408107912897526,1.10777735E-4,19.208738,0.0152665945,0.44163537,0.020313337,0.0757851,0.02580129,0.37478662,0.2402061,0.8833598,0.008238624,0.08593536,0.014258229,0.2715572,0.019519914,null,null,null,null,"TWOGAUSSIANS",8,4.5742555,0.44163537,0.020312974,0.4,0.07955028,0.37316203,0.2418659,0.8833598,0.008238624,0.4,0.0,0.26993215,0.018915163
375316653866487564,4123820133536319488,0.5914051,2400.5118240252136,1.93566115061162,7.986656E-6,18.327318,0.018339165,0.21435237,0.0026310768,0.10294529,0.0060741003,0.31223303,0.017704476,0.7098904,0.005271521,0.10798036,0.0100650275,0.28870422,0.016858622,null,null,null,null,"TWOGAUSSIANS",8,1.2248284,0.21435237,0.0026299192,0.4,0.0,0.27791402,0.007409843,0.7098904,0.005271521,0.4,0.0,0.25437704,0.0052972776
375316653866487564,4123820515813760256,0.4960837,2441.486624086766,1.2828237973421373,1.517935E-5,19.464872,0.011050676,0.2591835,0.0079128705,0.065828905,0.010757977,0.17880316,0.024832195,0.7615298,0.00758327,0.060906116,0.018925728,0.5485987,0.27284077,null,null,null,null,"TWOGAUSSIANS",8,2.5168848,0.7615298,0.00758327,0.34107426,0.060678963,0.54836416,0.2740914,0.2591835,0.0079128705,0.36864185,0.060244676,0.17856862,0.02478968
375316653866487564,4123820687613309696,0.44241104,2507.1610239323227,2.3403861770432384,5.0726554E-5,18.436008,0.008094642,0.25355121,0.014335678,0.07422759,0.014528724,0.16643663,0.036513135,0.6081394,0.045034353,0.035512194,0.054574788,0.048222,1408.5563,null,null,null,null,"TWOGAUSSIANS",8,4.395118,0.25355121,0.014335678,0.4,0.053402185,0.16643663,0.036513142,0.6081394,0.045034353,0.19886829,0.3056188,0.048223842,1408.5563
375316653866487564,4123820687613458432,0.49725375,2445.443271011852,1.4660412017522046,2.4585652E-5,18.397924,0.022821024,0.26205593,0.00565787,0.10042879,0.009111983,0.31719646,0.023455923,0.7901287,0.002981439,0.078156464,0.01571755,0.1850871,0.024408842,null,null,null,null,"TWOGAUSSIANS",8,9.716176,0.26205593,0.00565787,0.4,0.0,0.31092522,0.01910016,0.7901387,0.0029791624,0.4,0.015295768,0.17882125,0.02432133
375316653866487564,4123820756332551168,0.5120601,2410.375892309295,4.019884998678405,1.4935071E-5,19.644487,0.016802387,0.14870404,0.005276168,0.080815926,0.006486009,0.43671098,0.031511687,0.64998066,0.04545547,0.066488266,0.02509976,0.6213345,0.21048783,null,null,null,null,"TWOGAUSSIANS",8,2.3537397,0.64998066,0.04545547,0.37233427,0.14055866,0.6182291,0.20862128,0.14870404,0.005276168,0.4,0.0,0.4336056,0.03150372
375316653866487564,4123820825052361216,0.5305673,2436.705832447012,2.595536428733153,1.5327065E-5,19.422611,0.010053174,0.28347763,0.0097704595,0.06887859,0.0066363583,0.57253623,0.061444215,0.77503,0.002571588,0.0672548,0.0028768915,0.665953,0.013430362,null,null,null,null,"TWOGAUSSIANS",8,2.9433565,0.77503,0.002571588,0.37662688,0.016110592,0.6647996,0.0130214915,0.28347763,0.0097704595,0.3857201,0.036607813,0.5713828,0.061406575
375316653866487564,4123820859412165376,0.4407504,2432.3179587651684,1.8078931095026907,8.373991E-5,19.385344,0.014556482,0.23289068,0.0029827796,0.014660757,0.0057119136,1.0911982,3.350186,0.874045,0.002635259,0.0133722555,0.0066123316,0.105054125,0.021424836,0.07328246,0.021496788,0.23289068,0.0029827796,"TWOGAUSSIANS_WITH_ELLIPSOIDAL_ON_ECLIPSE1",9,8.8829565,0.23289068,0.0029827796,0.082100235,0.031986717,1.237763,3.358028,0.874045,0.002635259,0.07488463,0.037029058,0.16356207,0.025399411
375316653866487564,4123820962491737856,0.5494203,2472.1031473315943,2.7260996796975556,1.40992115E-5,19.51795,0.016361635,0.23082772,0.0063278303,0.08228495,0.007418924,0.43392134,0.019995792,0.7228458,0.0044016526,0.079687625,0.006977821,0.5353037,0.047005184,null,null,null,null,"TWOGAUSSIANS",8,1.4918274,0.7228458,0.0044016526,0.4,0.0,0.5282718,0.0489179,0.23082772,0.0063278303,0.4,0.0,0.42688942,0.017775957
375316653866487564,4123821031210872704,0.46233916,2491.7367300246688,2.6914291980657437,4.8257934E-5,17.65731,0.0019765808,0.15438794,0.012089766,0.016613394,0.009593912,0.0793905,0.018321143,0.67816657,3.666521E-4,0.010046859,0.0016021247,0.12885265,0.027906608,null,null,null,null,"TWOGAUSSIANS",8,2.7253199,0.67816657,3.666521E-4,0.05626241,0.008971898,0.12885265,0.027906608,0.15438794,0.012089766,0.09303501,0.05372591,0.0793905,0.018321143
375316653866487564,4123821198671344384,0.5547457,2407.684533705095,0.1784580009413064,1.0589015E-4,16.655708,0.0020295426,0.4227397,0.10058557,0.019852512,0.039233096,0.21157596,0.37194404,0.7807419,0.008572529,0.008278234,0.0050779153,0.053249788,0.04663405,0.005590924,0.0030758113,0.7807419,0.008572529,"TWOGAUSSIANS_WITH_ELLIPSOIDAL_ON_ECLIPSE2",9,4.5037003,0.42260972,0.10097898,0.11117407,0.21970534,0.21598607,0.3754035,0.7807419,0.008572529,0.04635811,0.028436327,0.0644316,0.045495406
375316653866487564,4123821267413099520,0.5279409,2411.0342361166413,0.6183818505133901,2.5256975E-5,17.646938,0.0026651055,0.25805163,0.007712416,0.044121124,0.010674791,0.03543773,0.007416874,0.743014,0.0034393126,0.036622416,0.005286916,0.23073414,0.037040677,null,null,null,null,"TWOGAUSSIANS",8,3.5898855,0.743014,0.0034393126,0.20508555,0.02960673,0.23073414,0.037040677,0.25805163,0.007712416,0.24707828,0.059778832,0.03543773,0.007416874
