Gaia/vari_eclipsing_binary/VariEclipsingBinary_248141-248260.csv
# %ECSV 1.0
# ---
# delimiter: ','
# meta: !!omap
# - RELEASE: Gaia DR3
# - TABLE: vari_eclipsing_binary
# - DESCRIPTION: >
#     This table describes the properties of the eclipsing binaries resulting from the variability analysis. 
# - CITATION: >
#     How to cite and acknowledge Gaia: 
#     https://gea.esac.esa.int/archive/documentation/credits.html 
# - KNOWN_ISSUES: >
#     Known issues: 
#     https://www.cosmos.esa.int/web/gaia-users/known-issues 
# - DOCUMENTATION: >
#     Tutorials and documentation: 
#     https://www.cosmos.esa.int/web/gaia-users/archive 
# datatype:
# - 
#   name: solution_id
#   datatype: int64
#   description: Solution Identifier
#   meta:
#     ucd: meta.version
# - 
#   name: source_id
#   datatype: int64
#   description: Unique source identifier
#   meta:
#     ucd: meta.id;meta.main
# - 
#   name: global_ranking
#   datatype: float32
#   description: Number between 0 (worst) and 1 (best)
#   meta:
#     ucd: stat.param
# - 
#   name: reference_time
#   datatype: float64
#   unit: d
#   description: Reference time used for the geometric model fit
#   meta:
#     ucd: time.epoch
# - 
#   name: frequency
#   datatype: float64
#   unit: d**-1
#   description: Frequency of geometric model of the eclipsing binary light curve
#   meta:
#     ucd: src.orbital
# - 
#   name: frequency_error
#   datatype: float32
#   unit: d**-1
#   description: "Uncertainty of \\texttt{frequency}"
#   meta:
#     ucd: stat.error
# - 
#   name: geom_model_reference_level
#   datatype: float32
#   unit: mag
#   description: Magnitude reference level of geometric model
#   meta:
#     ucd: phot.mag;em.opt
# - 
#   name: geom_model_reference_level_error
#   datatype: float32
#   unit: mag
#   description: "Uncertainty of \\texttt{geomModelReferenceLevel}"
#   meta:
#     ucd: stat.error;phot.mag;em.opt
# - 
#   name: geom_model_gaussian1_phase
#   datatype: float32
#   description: Phase of the Gaussian 1 component
#   meta:
#     ucd: time.phase
# - 
#   name: geom_model_gaussian1_phase_error
#   datatype: float32
#   description: "Uncertainty of \\texttt{geomModelGaussian1Phase}"
#   meta:
#     ucd: stat.error;time.phase
# - 
#   name: geom_model_gaussian1_sigma
#   datatype: float32
#   description: "Standard deviation [phase] of Gaussian 1 component"
#   meta:
#     ucd: stat.stdev
# - 
#   name: geom_model_gaussian1_sigma_error
#   datatype: float32
#   description: "Uncertainty of \\texttt{geomModelGaussian1Sigma}"
#   meta:
#     ucd: stat.error
# - 
#   name: geom_model_gaussian1_depth
#   datatype: float32
#   unit: mag
#   description: Magnitude depth of Gaussian 1 component
#   meta:
#     ucd: src.var.amplitude
# - 
#   name: geom_model_gaussian1_depth_error
#   datatype: float32
#   unit: mag
#   description: "Uncertainty of \\texttt{geomModelGaussian1Depth}"
#   meta:
#     ucd: stat.error;src.var.amplitude
# - 
#   name: geom_model_gaussian2_phase
#   datatype: float32
#   description: Phase of Gaussian 2 component
#   meta:
#     ucd: time.phase
# - 
#   name: geom_model_gaussian2_phase_error
#   datatype: float32
#   description: "Uncertainty of \\texttt{geomModelGaussian2Phase}"
#   meta:
#     ucd: stat.error;time.phase
# - 
#   name: geom_model_gaussian2_sigma
#   datatype: float32
[...]
#   datatype: float32
#   description: "Secondary eclipse: uncertainty of \\texttt{derivedSecondaryEclDuration}"
#   meta:
#     ucd: stat.error;time.duration
# - 
#   name: derived_secondary_ecl_depth
#   datatype: float32
#   unit: mag
#   description: "Secondary eclipse: depth"
#   meta:
#     ucd: src.var.amplitude
# - 
#   name: derived_secondary_ecl_depth_error
#   datatype: float32
#   unit: mag
#   description: "Secondary eclipse: uncertainty of \\texttt{derivedSecondaryEclDepth}"
#   meta:
#     ucd: stat.error;src.var.amplitude
solution_id,source_id,global_ranking,reference_time,frequency,frequency_error,geom_model_reference_level,geom_model_reference_level_error,geom_model_gaussian1_phase,geom_model_gaussian1_phase_error,geom_model_gaussian1_sigma,geom_model_gaussian1_sigma_error,geom_model_gaussian1_depth,geom_model_gaussian1_depth_error,geom_model_gaussian2_phase,geom_model_gaussian2_phase_error,geom_model_gaussian2_sigma,geom_model_gaussian2_sigma_error,geom_model_gaussian2_depth,geom_model_gaussian2_depth_error,geom_model_cosine_half_period_amplitude,geom_model_cosine_half_period_amplitude_error,geom_model_cosine_half_period_phase,geom_model_cosine_half_period_phase_error,model_type,num_model_parameters,reduced_chi2,derived_primary_ecl_phase,derived_primary_ecl_phase_error,derived_primary_ecl_duration,derived_primary_ecl_duration_error,derived_primary_ecl_depth,derived_primary_ecl_depth_error,derived_secondary_ecl_phase,derived_secondary_ecl_phase_error,derived_secondary_ecl_duration,derived_secondary_ecl_duration_error,derived_secondary_ecl_depth,derived_secondary_ecl_depth_error
[from data line 220]
375316653866487564,2182924584259854592,0.64500624,2083.0837925613855,3.870080544567843,2.88957E-6,16.480852,0.009948372,0.24030116,0.0015266358,0.053680103,0.0044511547,0.22844172,0.022603262,0.7390672,0.0020617992,0.061822783,0.0042199073,0.18776911,0.021588553,0.09060717,0.012518057,0.24030116,0.0015266358,"TWOGAUSSIANS_WITH_ELLIPSOIDAL_ON_ECLIPSE1",9,5.284284,0.24030116,0.0015266358,0.30060858,0.024926467,0.40960136,0.0077003716,0.7393472,0.0015132903,0.3462076,0.023631481,0.36892033,0.007186804
375316653866487564,2182926890664775296,0.45448732,2100.8414045382915,1.3763580009123613,3.5736615E-5,18.644474,0.013179863,0.23603216,0.0038856182,0.0073414342,0.0065655,0.3992199,6.533376,0.7249685,0.0054144,0.029134853,0.0069342726,0.3177506,0.06312141,0.053645458,0.016397107,0.23603216,0.0038856182,"TWOGAUSSIANS_WITH_ELLIPSOIDAL_ON_ECLIPSE1",9,35.791367,0.23603216,0.0038856182,0.04111203,0.0367668,0.5065108,6.533957,0.7252085,0.005202719,0.16315517,0.038831927,0.42453527,0.064416125
375316653866487564,2182927302981630848,0.6201024,2095.686183193306,2.5327309364388575,4.737832E-6,17.237356,0.014302989,0.26937273,0.0018377114,0.041306775,0.0037472956,0.35926834,0.023573961,0.7633126,0.0020577242,0.044828914,0.0030264643,0.47185647,0.026824152,0.13816042,0.012140996,0.7633126,0.0020577242,"TWOGAUSSIANS_WITH_ELLIPSOIDAL_ON_ECLIPSE2",9,25.916756,0.7633126,0.0020577242,0.25104192,0.0169482,0.7481768,0.023755861,0.26880273,0.0015979707,0.23131794,0.020984855,0.6352258,0.013654505
375316653866487564,2182927749658225664,0.5848042,2137.0253962132165,2.994217721344609,1.5045441E-5,15.918056,0.009763442,0.23373432,0.0028563652,0.05631936,0.006405923,0.17149208,0.02132977,0.73276496,0.0029169193,0.049981304,0.0061597642,0.1452135,0.02062202,0.047912158,0.0127768135,0.23373432,0.0028563652,"TWOGAUSSIANS_WITH_ELLIPSOIDAL_ON_ECLIPSE1",9,29.410236,0.23373432,0.0028563652,0.3153884,0.03587317,0.26730648,0.011828991,0.732875,0.002609841,0.2798953,0.03449468,0.24102475,0.006684877
375316653866487564,2182928711731016960,0.7037116,2096.6128856893974,0.8794195018152383,9.836067E-7,14.756658,0.0017102204,0.2023098,7.716804E-4,0.049424928,0.0038049358,0.032154478,0.0044450895,0.69830716,4.4765513E-4,0.053369697,8.648707E-4,0.30587795,0.0074829888,0.086011864,0.0026204314,0.2023098,7.716804E-4,"TWOGAUSSIANS_WITH_ELLIPSOIDAL_ON_ECLIPSE1",9,8.519455,0.6987572,3.7948272E-4,0.2988703,0.0048432755,0.47780034,0.007018332,0.2023098,7.716804E-4,0.2767796,0.02130764,0.20417345,0.0019319287
375316653866487564,2182928746090755968,0.61887,2077.820876801344,2.0265915502822622,5.0106696E-6,17.594715,0.0033172953,0.22062674,0.0027027666,0.045133222,0.0062883226,0.034105286,0.010311703,0.7123178,0.0021435393,0.051622197,0.0044151433,0.15402713,0.008460131,0.049765036,0.004460912,0.22062674,0.0027027666,"TWOGAUSSIANS_WITH_ELLIPSOIDAL_ON_ECLIPSE1",9,1.4968207,0.71330786,0.0017994974,0.28908432,0.024724802,0.25331753,0.0063628564,0.22062674,0.0027027666,0.25274605,0.035214607,0.13363434,0.0067941514
375316653866487564,2182929845602372352,0.50503474,2119.7354905959583,2.276717815725801,1.6362323E-5,16.665033,0.009056555,0.22537829,0.004470635,0.049918927,0.02466331,0.05979451,0.026526272,0.73547655,0.008229183,0.026828067,0.006513909,0.09277131,0.06226476,0.115804985,0.012534629,0.22537829,0.004470635,"TWOGAUSSIANS_WITH_ELLIPSOIDAL_ON_ECLIPSE1",9,66.51033,0.73547655,0.008229183,0.15023717,0.03647789,0.32344982,0.05889341,0.22537829,0.004470635,0.279546,0.13811454,0.2914042,0.022828095
375316653866487564,2182930219256932608,0.4809727,2094.4634749430725,0.5270289499100959,3.4658824E-5,17.310978,0.0016026112,0.12274529,0.004212401,0.011801834,0.008135214,0.0337584,0.004952209,0.6347497,0.004375533,0.009371937,0.0027298685,0.08123869,0.07795957,0.020036051,0.002550599,0.12274529,0.004212401,"TWOGAUSSIANS_WITH_ELLIPSOIDAL_ON_ECLIPSE1",9,2.772425,0.6347497,0.004375533,0.052482847,0.015287264,0.12108322,0.07768363,0.12274529,0.004212401,0.06609027,0.0455572,0.07383047,0.006267633
375316653866487564,2182932869259209984,0.5322318,2075.9790962182847,3.0983222176068574,7.5834137E-6,17.578852,0.01108339,0.2716856,0.0028794345,0.083044544,0.005516441,0.35165042,0.019688854,0.77295524,0.004619801,0.07380406,0.007198291,0.26271266,0.017166251,null,null,null,null,"TWOGAUSSIANS",8,12.474658,0.2716856,0.0028794345,0.4,0.0,0.34794566,0.020013567,0.77295524,0.004619801,0.4,0.0,0.25900793,0.01735759
375316653866487564,2182933350295663104,0.5733413,2096.7721498222772,3.834911453732223,6.1354053E-6,17.501562,0.013791888,0.27026218,0.0024958688,0.059199095,0.00627196,0.3036759,0.027568227,0.7737255,0.007359484,0.044176616,0.010369248,0.19424047,0.030912826,0.10344693,0.014683435,0.27026218,0.0024958688,"TWOGAUSSIANS_WITH_ELLIPSOIDAL_ON_ECLIPSE1",9,15.430088,0.27026218,0.0024958688,0.33151492,0.035122976,0.5105292,0.018691206,0.7737255,0.007030012,0.24738903,0.058067787,0.40099582,0.018087476
375316653866487564,2182934411147845760,0.5833616,2052.155378651711,3.3024240957757107,6.700124E-6,19.11684,0.008124777,0.28298464,0.0025418561,0.06719648,0.0021763335,0.51532435,0.020971298,0.7810723,0.0014514028,0.06371715,0.0022066296,0.7066401,0.011400409,null,null,null,null,"TWOGAUSSIANS",8,2.0959053,0.7810723,0.0014514028,0.35681602,0.012357126,0.70586854,0.011426429,0.28298464,0.0025418561,0.3763003,0.012187467,0.5145528,0.020965246
375316653866487564,2182935240081421184,0.5471235,2094.394269467646,2.180497506777266,4.2014453E-6,18.651892,0.009497168,0.28305548,0.005729511,0.09222315,0.008653869,0.18820895,0.009107445,0.75374794,0.0066126566,0.08863283,0.0063820803,0.326547,0.014596244,null,null,null,null,"TWOGAUSSIANS",8,1.3953065,0.75374794,0.0066126566,0.4,0.0,0.31977978,0.013120265,0.28305548,0.005729511,0.4,0.0,0.18144155,0.007268105
375316653866487564,2182937606600826368,0.4865578,2068.21917797289,0.0802190804358632,9.844932E-6,17.748098,0.008604808,0.22217469,0.014848943,0.024869174,0.010426001,0.26876518,0.13965625,0.901529,0.0061428226,0.0011177461,9.796224E-4,2.564799,1251.248,0.021078145,0.01310234,0.901529,0.0061428226,"TWOGAUSSIANS_WITH_ELLIPSOIDAL_ON_ECLIPSE2",9,19.279724,0.901529,0.0061428226,0.0062593785,0.0054858853,2.6069553,1251.2485,0.22265469,0.015006877,0.13926737,0.058385603,0.2765886,0.14077073
375316653866487564,2182937606600830976,0.44867942,2040.3318321983313,3.1431400272836614,3.2877393E-5,19.41087,0.47165993,0.056879945,0.0100165075,0.032440525,0.011563217,0.099731445,0.029312463,0.46641546,0.01753858,0.25776914,0.15929945,0.3522823,0.45051843,null,null,null,null,"TWOGAUSSIANS",8,4.9263263,0.46641546,0.01753858,0.4,0.0,0.2442943,0.034302317,0.061179947,0.010298176,0.18166694,0.06475402,0.11746631,0.029981168
375316653866487564,2182939431969679104,0.6418822,2061.6902130452577,3.415261788636452,3.2610253E-6,16.479322,0.011710648,0.22450417,0.0028852543,0.048877593,0.0044811023,0.31251454,0.030092672,0.7239311,0.0013226052,0.052088473,0.003213908,0.3945888,0.023884177,0.10171246,0.014633,0.22450417,0.0028852543,"TWOGAUSSIANS_WITH_ELLIPSOIDAL_ON_ECLIPSE1",9,17.583326,0.7239911,0.0010790814,0.29169545,0.017997885,0.59800655,0.009624945,0.22450417,0.0028852543,0.2737145,0.025094174,0.51593465,0.013328676
375316653866487564,2182939977421227392,0.56311667,2070.295517012295,2.799917424606026,4.257494E-6,18.662552,0.008600266,0.18635677,0.0024031699,0.07555916,0.0043444573,0.40890777,0.01331864,0.69249314,0.0015870611,0.07808371,0.0031822543,0.37444058,0.00887638,null,null,null,null,"TWOGAUSSIANS",8,1.9899187,0.18635677,0.0024031699,0.4,0.0,0.40546706,0.01356024,0.69249314,0.0015870611,0.4,0.0,0.37099984,0.008187414
375316653866487564,2182940222243455744,0.5326305,2066.7375886422833,2.97463898427702,1.0970751E-5,19.57882,0.013157512,0.19615631,0.0039275163,0.05749941,0.008987935,0.60430354,0.10471217,0.6952697,0.00249191,0.059729945,0.0030446476,0.62103,0.030265795,null,null,null,null,"TWOGAUSSIANS",8,3.1003044,0.6952697,0.00249191,0.3344877,0.017050026,0.6208969,0.030263,0.19615631,0.0039275163,0.3219967,0.05033244,0.6041704,0.10502729
375316653866487564,2182941390474657920,0.62566763,2080.5460414390272,0.44590073113079376,2.9781077E-5,15.26669,9.532382E-4,0.3224065,0.04175402,0.052497208,0.038002707,0.0067735463,0.0017538101,0.596491,0.0023946904,0.035283558,0.003720454,0.43746594,0.041305277,null,null,null,null,"TWOGAUSSIANS",8,9.046692,0.596491,0.0023946904,0.19758794,0.020834541,0.43746597,0.041305266,0.3224065,0.04175402,0.29398438,0.21281517,0.0067735463,0.0017538102
375316653866487564,2182941459194129408,0.48154542,2079.3315946401526,0.5925435249142154,3.1003805E-5,15.970272,0.001482075,0.53727007,0.02133737,0.04540254,0.046270918,0.008577529,0.007952778,0.7609419,0.0336845,0.043340404,0.02675498,0.11555888,48.79958,null,null,null,null,"TWOGAUSSIANS",8,7.7607436,0.7609419,0.0336845,0.24270625,0.1498279,0.11555892,48.79958,0.5372801,0.021358812,0.25425422,0.25448284,0.008577719,0.007952737
375316653866487564,2182942833583768448,0.6097001,2089.733603778104,0.49712198037156097,9.844051E-7,17.508741,0.0026658033,0.28144172,7.5470443E-6,6.9323025E-4,5.620477E-6,0.7221506,0.00567007,0.45793027,0.07820647,0.013899809,0.08544443,0.014109913,0.0055503994,null,null,null,null,"TWOGAUSSIANS",8,1.8596328,0.28144172,7.5470443E-6,0.0038820894,3.1474672E-5,0.7221506,0.006039034,0.45793027,0.07820647,0.07783893,0.31724823,0.014109913,0.005550458
375316653866487564,2182945852935371008,0.52641827,2037.0263204908613,3.508276695402229,1.2064226E-5,19.440905,0.012106714,0.25567296,0.0044404427,0.06907889,0.0045561036,0.42385593,0.015078872,0.7404809,0.0035910688,0.08394989,0.0049867136,0.44912967,0.018449388,null,null,null,null,"TWOGAUSSIANS",8,2.2503488,0.7404809,0.0035910688,0.4,0.0,0.44611832,0.018402804,0.25567296,0.0044404427,0.3868418,0.023302976,0.4208446,0.014360676
375316653866487564,2182949671171946112,0.5285654,2046.3097092630726,2.787784136242025,1.0138064E-5,16.983284,0.046006728,0.28061724,0.004651999,0.058083978,0.10443904,0.07193575,0.063682415,0.7685095,0.008644557,0.057382867,0.036192108,0.08583115,0.100075774,0.07360336,0.055848416,0.28061724,0.004651999,"TWOGAUSSIANS_WITH_ELLIPSOIDAL_ON_ECLIPSE1",9,12.914034,0.7722395,0.0050574658,0.32134405,0.20115826,0.23243876,0.014760014,0.28061724,0.004651999,0.3252703,0.5711345,0.21913199,0.061637536
375316653866487564,2182952969703356032,0.47453228,2072.783031818238,0.11415027909137627,2.4280367E-5,15.140758,0.0025170636,0.048273485,0.0056792963,0.010931431,0.0045122164,0.020792117,0.0062941215,0.4641945,0.00496343,0.0072064283,0.0022142502,0.20796841,0.037995927,0.007225675,0.0035446112,0.4641945,0.00496343,"TWOGAUSSIANS_WITH_ELLIPSOIDAL_ON_ECLIPSE2",9,74.21646,0.4641945,0.00496343,0.040356,0.012399801,0.22241977,0.03844523,0.047823485,0.0053794147,0.06121602,0.025268411,0.031589746,0.007866338
375316653866487564,2182953794341597824,0.53529274,2041.5461834259766,3.791637739620294,1.166824E-5,18.695446,0.013096441,0.14384624,0.0034587085,0.03037375,0.011028371,0.11767347,0.055327695,0.64519155,0.016506955,0.03619369,0.037309594,0.11577844,0.07665639,0.11555705,0.021068355,0.14384624,0.0034587085,"TWOGAUSSIANS_WITH_ELLIPSOIDAL_ON_ECLIPSE1",9,3.8780034,0.14384624,0.0034587085,0.170093,0.061758876,0.34878755,0.05545417,0.64519155,0.016120994,0.20268467,0.20893374,0.346876,0.110002115
375316653866487564,2182955443608385280,0.53344846,2080.312009594384,2.4621763266130547,8.61831E-6,13.293739,0.0048959875,0.2621493,0.0043152627,0.039700378,0.0093461545,0.09069635,0.020195635,0.77540785,0.008098439,0.045413636,0.012731817,0.0810479,0.012149937,0.04414362,0.006102136,0.2621493,0.0043152627,"TWOGAUSSIANS_WITH_ELLIPSOIDAL_ON_ECLIPSE1",9,252.3715,0.2621493,0.0043152627,0.2223221,0.052338466,0.17898342,0.01737057,0.77540785,0.008098439,0.25431636,0.071298175,0.16872369,0.01279952
375316653866487564,2182956092137905664,0.51874244,2053.473952980593,3.23029174469115,8.022233E-6,18.996008,0.014273535,0.22713415,0.0029717288,0.07809555,0.0068778293,0.29249424,0.01848306,0.72873765,0.0035016767,0.09620007,0.00568182,0.25295272,0.01641757,null,null,null,null,"TWOGAUSSIANS",8,2.2308178,0.22713415,0.0029717288,0.4,0.0,0.283971,0.01808455,0.72873765,0.0035016767,0.4,0.0,0.24442878,0.01340264
375316653866487564,2182957226009221632,0.5089333,2073.3928019808873,2.5155167344959137,1.2358825E-5,18.891668,0.017568987,0.27843988,0.0050221197,0.09881847,0.01051794,0.20992059,0.018475173,0.7698126,0.0056327535,0.10575468,0.010625202,0.20672475,0.017379232,null,null,null,null,"TWOGAUSSIANS",8,1.7823894,0.27843988,0.0050225276,0.4,0.0,0.19100296,0.015111603,0.7698126,0.0056327535,0.4,0.0,0.1878022,0.009040377
375316653866487564,2182958639063825664,0.41645125,2036.955396450382,2.315582892468969,1.5781795E-4,19.044588,0.010810306,0.1256231,0.010877176,0.034701854,0.008793935,0.07926272,0.015024779,0.8939457,0.0052693933,0.022842417,0.022519773,0.16546601,0.048891954,null,null,null,null,"TWOGAUSSIANS",8,6.075406,0.8939457,0.0052693933,0.12791753,0.12611072,0.16546601,0.048891954,0.1256231,0.010877176,0.19433038,0.04924604,0.07926272,0.015024848
375316653866487564,2182962379969918464,0.4793154,2031.9077470994284,1.2356837703602614,1.0894287E-5,19.539207,0.008657183,0.2712568,0.022560893,0.035076864,0.021699496,0.24587922,0.011619957,0.76149833,0.0065804115,0.038910765,0.006190859,0.1803852,0.039120957,null,null,null,null,"TWOGAUSSIANS",8,1.8917588,0.2712568,0.022560893,0.19643044,0.121517174,0.24587922,0.011619701,0.76149833,0.0065804115,0.21790029,0.03466881,0.1803852,0.03912092
375316653866487564,2182964716429708032,0.5658129,2067.1486101552755,1.8315296604105389,4.4337394E-6,18.928635,0.0083177155,0.25877628,0.0020370835,0.07266108,0.0022999747,0.60486805,0.009154488,0.77898103,0.004728822,0.087155044,0.004856109,0.28255457,0.015192628,null,null,null,null,"TWOGAUSSIANS",8,2.505087,0.25877628,0.0020370835,0.4,0.0,0.6009323,0.008393219,0.77898103,0.004728822,0.4,0.0,0.27861878,0.014964262
375316653866487564,2182967469516394624,0.6354588,2083.2966976624334,1.0174641671669122,2.179209E-6,15.199945,0.0016931833,0.23181155,9.898648E-4,0.033627603,0.0012409118,0.29292634,0.006304049,0.73368967,0.0022574395,0.03568148,0.0020165828,0.22077581,0.0051911543,0.026011616,0.0025362917,0.23181155,9.898648E-4,"TWOGAUSSIANS_WITH_ELLIPSOIDAL_ON_ECLIPSE1",9,20.319353,0.23181155,9.898648E-4,0.18831457,0.006949106,0.3449495,0.005555222,0.73368967,0.0022574395,0.19981627,0.011292863,0.27279174,0.0035775055
375316653866487564,2182967637007936000,0.55127555,2076.66942958875,3.0995175829905044,6.9698744E-6,19.154242,0.0068664653,0.24101509,0.0038585556,0.072127,0.0040101563,0.29945195,0.012750187,0.7569363,0.0032875324,0.08051353,0.0040796413,0.31899655,0.010014697,null,null,null,null,"TWOGAUSSIANS",8,0.87760806,0.7569363,0.0032875324,0.4,0.0,0.31695274,0.009771818,0.24101509,0.0038585556,0.4,0.00384484,0.29740816,0.012575913
375316653866487564,2182967984912523520,0.572689,2091.439081189346,0.3057116739726936,1.4639076E-5,17.539284,0.0020484547,0.44763613,0.0020081715,0.022542601,0.0022260663,0.4851692,0.034813825,null,null,null,null,null,null,null,null,null,null,"ONEGAUSSIAN",5,6.8330564,0.44763613,0.0020081715,0.12623857,0.0124659715,0.4851692,0.0,null,null,null,null,null,null
375316653866487564,2182968431589232512,0.6697102,2073.4420904045746,1.4251482636455357,3.063829E-6,15.993838,0.0048430925,0.20412295,0.0027185876,0.04202523,0.0033246686,0.0829486,0.011261016,0.6993968,8.5341884E-4,0.041143842,0.0010361454,0.65716285,0.013889523,0.032443963,0.0062993285,0.20412295,0.0027185876,"TWOGAUSSIANS_WITH_ELLIPSOIDAL_ON_ECLIPSE1",9,13.2802305,0.6994568,8.364973E-4,0.23040551,0.005802414,0.7219942,0.010182004,0.20412295,0.0027185876,0.2353413,0.018618144,0.14783645,0.003933744
