Gaia/vari_eclipsing_binary/VariEclipsingBinary_224554-224662.csv
# %ECSV 1.0
# ---
# delimiter: ','
# meta: !!omap
# - RELEASE: Gaia DR3
# - TABLE: vari_eclipsing_binary
# - DESCRIPTION: >
#     This table describes the properties of the eclipsing binaries resulting from the variability analysis. 
# - CITATION: >
#     How to cite and acknowledge Gaia: 
#     https://gea.esac.esa.int/archive/documentation/credits.html 
# - KNOWN_ISSUES: >
#     Known issues: 
#     https://www.cosmos.esa.int/web/gaia-users/known-issues 
# - DOCUMENTATION: >
#     Tutorials and documentation: 
#     https://www.cosmos.esa.int/web/gaia-users/archive 
# datatype:
# - 
#   name: solution_id
#   datatype: int64
#   description: Solution Identifier
#   meta:
#     ucd: meta.version
# - 
#   name: source_id
#   datatype: int64
#   description: Unique source identifier
#   meta:
#     ucd: meta.id;meta.main
# - 
#   name: global_ranking
#   datatype: float32
#   description: Number between 0 (worst) and 1 (best)
#   meta:
#     ucd: stat.param
# - 
#   name: reference_time
#   datatype: float64
#   unit: d
#   description: Reference time used for the geometric model fit
#   meta:
#     ucd: time.epoch
# - 
#   name: frequency
#   datatype: float64
#   unit: d**-1
#   description: Frequency of geometric model of the eclipsing binary light curve
#   meta:
#     ucd: src.orbital
# - 
#   name: frequency_error
#   datatype: float32
#   unit: d**-1
#   description: "Uncertainty of \\texttt{frequency}"
#   meta:
#     ucd: stat.error
# - 
#   name: geom_model_reference_level
#   datatype: float32
#   unit: mag
#   description: Magnitude reference level of geometric model
#   meta:
#     ucd: phot.mag;em.opt
# - 
#   name: geom_model_reference_level_error
#   datatype: float32
#   unit: mag
#   description: "Uncertainty of \\texttt{geomModelReferenceLevel}"
#   meta:
#     ucd: stat.error;phot.mag;em.opt
# - 
#   name: geom_model_gaussian1_phase
#   datatype: float32
#   description: Phase of the Gaussian 1 component
#   meta:
#     ucd: time.phase
# - 
#   name: geom_model_gaussian1_phase_error
#   datatype: float32
#   description: "Uncertainty of \\texttt{geomModelGaussian1Phase}"
#   meta:
#     ucd: stat.error;time.phase
# - 
#   name: geom_model_gaussian1_sigma
#   datatype: float32
#   description: "Standard deviation [phase] of Gaussian 1 component"
#   meta:
#     ucd: stat.stdev
# - 
#   name: geom_model_gaussian1_sigma_error
#   datatype: float32
#   description: "Uncertainty of \\texttt{geomModelGaussian1Sigma}"
#   meta:
#     ucd: stat.error
# - 
#   name: geom_model_gaussian1_depth
#   datatype: float32
#   unit: mag
#   description: Magnitude depth of Gaussian 1 component
#   meta:
#     ucd: src.var.amplitude
# - 
#   name: geom_model_gaussian1_depth_error
#   datatype: float32
#   unit: mag
#   description: "Uncertainty of \\texttt{geomModelGaussian1Depth}"
#   meta:
#     ucd: stat.error;src.var.amplitude
# - 
#   name: geom_model_gaussian2_phase
#   datatype: float32
#   description: Phase of Gaussian 2 component
#   meta:
#     ucd: time.phase
# - 
#   name: geom_model_gaussian2_phase_error
#   datatype: float32
#   description: "Uncertainty of \\texttt{geomModelGaussian2Phase}"
#   meta:
#     ucd: stat.error;time.phase
# - 
#   name: geom_model_gaussian2_sigma
#   datatype: float32
[...]
#   datatype: float32
#   description: "Secondary eclipse: uncertainty of \\texttt{derivedSecondaryEclDuration}"
#   meta:
#     ucd: stat.error;time.duration
# - 
#   name: derived_secondary_ecl_depth
#   datatype: float32
#   unit: mag
#   description: "Secondary eclipse: depth"
#   meta:
#     ucd: src.var.amplitude
# - 
#   name: derived_secondary_ecl_depth_error
#   datatype: float32
#   unit: mag
#   description: "Secondary eclipse: uncertainty of \\texttt{derivedSecondaryEclDepth}"
#   meta:
#     ucd: stat.error;src.var.amplitude
solution_id,source_id,global_ranking,reference_time,frequency,frequency_error,geom_model_reference_level,geom_model_reference_level_error,geom_model_gaussian1_phase,geom_model_gaussian1_phase_error,geom_model_gaussian1_sigma,geom_model_gaussian1_sigma_error,geom_model_gaussian1_depth,geom_model_gaussian1_depth_error,geom_model_gaussian2_phase,geom_model_gaussian2_phase_error,geom_model_gaussian2_sigma,geom_model_gaussian2_sigma_error,geom_model_gaussian2_depth,geom_model_gaussian2_depth_error,geom_model_cosine_half_period_amplitude,geom_model_cosine_half_period_amplitude_error,geom_model_cosine_half_period_phase,geom_model_cosine_half_period_phase_error,model_type,num_model_parameters,reduced_chi2,derived_primary_ecl_phase,derived_primary_ecl_phase_error,derived_primary_ecl_duration,derived_primary_ecl_duration_error,derived_primary_ecl_depth,derived_primary_ecl_depth_error,derived_secondary_ecl_phase,derived_secondary_ecl_phase_error,derived_secondary_ecl_duration,derived_secondary_ecl_duration_error,derived_secondary_ecl_depth,derived_secondary_ecl_depth_error
[from data line 107]
375316653866487564,1975317689223960192,0.4626782,2164.965228416018,2.4447681354647974,2.849104E-5,15.531982,0.0072225835,0.27614975,0.006727,0.07103127,0.011700079,0.09181348,0.010310205,0.7608879,0.0067096013,0.10374274,0.012848237,0.086484805,0.008054221,null,null,null,null,"TWOGAUSSIANS",8,49.633533,0.27614975,0.0067273276,0.3977751,0.044308,0.08956514,0.010377105,0.7608879,0.0067096013,0.4,0.0,0.08423451,0.0069638994
375316653866487564,1975318616936595072,0.53762805,2171.2979681151037,2.951674440570403,9.094135E-6,18.050337,0.008927659,0.22643884,0.003955315,0.09144238,0.0065527847,0.23300742,0.011802306,0.7155999,0.0028980584,0.09513341,0.0062178466,0.23975496,0.011561018,null,null,null,null,"TWOGAUSSIANS",8,3.318244,0.7155999,0.0028980584,0.4,0.0,0.22861739,0.011508869,0.22643884,0.003955315,0.4,0.0,0.22187023,0.011878253
375316653866487564,1975318823095347328,0.54838544,2172.3287110104193,2.939059978190036,3.7040745E-6,15.417933,0.0074600917,0.13287674,0.0032314393,0.08599474,0.004469849,0.22558074,0.0090038935,0.6297359,0.0014288166,0.09930419,0.0034868869,0.2608446,0.0076029617,null,null,null,null,"TWOGAUSSIANS",8,39.104893,0.6297359,0.0014288166,0.4,0.0,0.24865276,0.006235732,0.13287674,0.0032314393,0.4,0.0,0.21339053,0.007202788
375316653866487564,1975321223972625536,0.4515005,2184.808143330055,0.07253683772762073,1.896012E-5,18.82425,0.0055783004,0.23408976,0.010669232,0.015062954,0.0074899867,0.10947039,0.039407384,0.47040328,0.007683856,0.015232983,0.0059074373,0.69535285,0.50884527,null,null,null,null,"TWOGAUSSIANS",8,9.548598,0.47040328,0.007683856,0.08530471,0.03308165,0.69535285,0.50884527,0.23408976,0.010669232,0.084352545,0.041943926,0.10947039,0.039407384
375316653866487564,1975325420167800960,0.4228847,2133.5746825783785,0.3176418487684799,8.825506E-6,18.784748,0.03139968,0.13867268,0.023780854,0.06560657,0.019466102,0.11820816,0.062854074,0.874991,0.0020571535,0.0044356505,0.0013421674,2.161377,2.0789328,0.023457408,0.034773294,0.874991,0.0020571535,"TWOGAUSSIANS_WITH_ELLIPSOIDAL_ON_ECLIPSE2",9,33.757874,0.874991,0.0020571535,0.024839643,0.0075161373,2.2083282,2.089759,0.14079268,0.027990978,0.3673968,0.10764992,0.11860716,0.063233785
375316653866487564,1975325729403373568,0.6295011,2165.1271873735095,2.043853192968833,3.3246697E-6,17.083143,0.009369572,0.2581047,0.0012133557,0.05692512,0.0037718876,0.21892588,0.019933937,0.7519644,0.0030592657,0.06346878,0.0053837793,0.1544537,0.019595113,0.08780489,0.01082937,0.2581047,0.0012133557,"TWOGAUSSIANS_WITH_ELLIPSOIDAL_ON_ECLIPSE1",9,3.5724037,0.2581047,0.0012133557,0.3187807,0.021122571,0.39447632,0.0054379855,0.75359434,0.0020974812,0.35542518,0.030149164,0.32981223,0.006536621
375316653866487564,1975328405155547648,0.4651531,2139.825689983558,2.9000659994709928,1.7495942E-5,17.783327,0.02850229,0.30659026,0.014757806,0.16062567,0.05046648,0.102349535,0.026028536,0.76369387,0.004255079,0.06673592,0.0078091756,0.17313917,0.024981184,null,null,null,null,"TWOGAUSSIANS",8,13.012273,0.76369387,0.004255079,0.37372115,0.043731384,0.1630633,0.016020728,0.30659026,0.014757806,0.4,0.0,0.09015064,0.013539999
375316653866487564,1975329302809123968,0.595143,2128.363544281799,3.0030859909649985,4.1681337E-6,18.534733,0.008677436,0.30013227,0.0017148692,0.04855564,0.003605354,0.24852207,0.022961635,0.8028973,0.0026681202,0.05099419,0.0040911394,0.2734083,0.021262275,0.10447576,0.011455543,0.30013227,0.0017148692,"TWOGAUSSIANS_WITH_ELLIPSOIDAL_ON_ECLIPSE1",9,2.4143405,0.8028973,0.0026681202,0.28556746,0.02291038,0.4822941,0.016581478,0.30013227,0.0017148692,0.2719116,0.020189982,0.45747092,0.013220964
375316653866487564,1975330123142233856,0.5088543,2153.882040823519,3.5296516668175246,7.736142E-6,19.374193,0.008745111,0.2716835,0.014679485,0.087283395,0.017370518,0.2152472,0.018916976,0.74931824,0.0018471982,0.08185764,0.0043339473,0.2959948,0.009529152,null,null,null,null,"TWOGAUSSIANS",8,1.3262094,0.74931824,0.0018471982,0.4,0.0,0.2917423,0.009456647,0.2716835,0.014679485,0.4,0.0039657555,0.21099465,0.019919282
375316653866487564,1975330402328273280,0.5507394,2133.424239659865,0.7574321971790848,2.7477905E-5,17.96688,0.004705192,0.2833025,0.011410895,0.020338949,0.013301574,0.6549289,0.7784459,0.7832154,0.020701533,0.022323076,0.01891604,0.31761897,0.28025812,null,null,null,null,"TWOGAUSSIANS",8,12.058374,0.2833025,0.011410895,0.11389811,0.07448881,0.6549289,0.7784459,0.7832154,0.020701533,0.12500922,0.10592982,0.31761897,0.28025812
375316653866487564,1975330952083815552,0.507765,2141.753725722641,0.3142235255497896,3.5677288E-6,15.074023,0.0021822308,0.27413395,0.0011150152,0.02777888,0.001777111,0.17032495,0.011227899,null,null,null,null,null,null,0.015833715,0.0029547994,0.27413395,0.0011150152,"ONEGAUSSIAN_WITH_ELLIPSOIDAL",6,66.03535,0.27413395,0.0011150152,0.15556173,0.0099518215,0.20199236,0.0113373585,null,null,null,null,null,null
375316653866487564,1975330982135756928,0.6016998,2145.087161931364,1.3242056995274674,1.5427576E-6,17.648258,0.0016280968,0.118693024,0.0049090935,0.05716414,0.0034551711,0.103381425,0.008353228,0.61466086,6.4575864E-4,0.041042306,0.0012576135,0.4543217,0.010056774,null,null,null,null,"TWOGAUSSIANS",8,2.3532991,0.61466086,6.4575864E-4,0.22983691,0.007042636,0.454321,0.01005696,0.118693024,0.0049090935,0.32011917,0.019348959,0.10338072,0.0083534485
375316653866487564,1975333082388079872,0.6792929,2095.6951161250086,0.8656062841655268,3.3724245E-6,15.94534,0.0010003109,0.33941588,0.02179652,0.058730416,0.014561929,0.0073337536,0.0019275155,0.5860906,5.526351E-4,0.03196164,3.7684722E-4,0.6377812,0.005428356,null,null,null,null,"TWOGAUSSIANS",8,6.189516,0.5860906,5.526351E-4,0.17898518,0.0021103444,0.6377823,0.0054285666,0.33941588,0.02179652,0.32889032,0.0815468,0.0073337536,0.0019275155
375316653866487564,1975334113180218752,0.5784858,2142.315694494581,1.041416070230594,6.9573484E-6,16.958656,0.0011425214,0.24873494,0.0016067346,0.03350348,0.0015677429,0.18301523,0.0104937805,0.74748147,0.0030429482,0.03147358,0.0024087783,0.081671394,0.004335685,0.023315866,0.0021063215,0.24873494,0.0016067346,"TWOGAUSSIANS_WITH_ELLIPSOIDAL_ON_ECLIPSE1",9,2.2390654,0.24873494,0.0016067346,0.18761949,0.00877936,0.22964685,0.01054299,0.7475315,0.0029077923,0.17625205,0.013489158,0.12830025,0.0037827059
375316653866487564,1975336174757271936,0.4839332,2144.76820885237,1.8865183988267018,1.125215E-5,19.197672,0.009070948,0.21813951,0.0042343647,0.037459232,0.0059292037,0.32208842,0.05303925,0.70959127,0.005630287,0.033039257,0.0042665545,0.5395203,0.011916383,null,null,null,null,"TWOGAUSSIANS",8,7.6948643,0.70959127,0.005630287,0.18501984,0.023892706,0.5395203,0.011916383,0.21813951,0.0042343647,0.2097717,0.033203542,0.32208842,0.05303925
375316653866487564,1975339404579207168,0.663257,2165.5464130066803,2.4697181476793113,2.0905047E-6,15.525019,0.007957031,0.23480302,0.0032820115,0.064093545,0.0047998875,0.14635774,0.018392479,0.726027,6.543767E-4,0.05400548,0.0035273707,0.1909431,0.016369674,0.117188945,0.010283423,0.726027,6.543767E-4,"TWOGAUSSIANS_WITH_ELLIPSOIDAL_ON_ECLIPSE2",9,16.164864,0.726027,6.543767E-4,0.3024307,0.019753277,0.4252746,0.0061329217,0.23180301,0.0020380605,0.35892385,0.026879368,0.38022047,0.0047312863
375316653866487564,1975339816896058112,0.47192198,2156.7285225499763,0.1452508654706629,8.1599734E-5,17.454647,0.002151574,0.2811681,0.005309041,0.0180206,0.005121745,0.3898788,0.26341054,0.70388925,0.04100512,0.12860775,0.027533581,0.012037107,0.0033518956,null,null,null,null,"TWOGAUSSIANS",8,2.2448034,0.2811681,0.005313567,0.10091536,0.028681772,0.38991904,0.26341,0.70388925,0.04100512,0.4,0.0,0.01202255,0.0033258959
375316653866487564,1975341637962378112,0.54174364,2129.952547501207,0.5136461980539716,1.1846921E-5,15.908517,9.230521E-4,0.27351162,0.0012682863,0.013202247,0.0011612535,0.09473575,0.01107578,0.7716887,0.0064545386,0.011521961,0.004633977,0.25472718,0.19260661,0.003297667,0.0014565955,0.27351162,0.0012682863,"TWOGAUSSIANS_WITH_ELLIPSOIDAL_ON_ECLIPSE1",9,5.009578,0.7716887,0.0064545386,0.064522974,0.02595027,0.26132166,0.19258985,0.27351162,0.0012682863,0.07393258,0.00650302,0.101331085,0.011232035
375316653866487564,1975342183414470528,0.52944845,2109.9716313196723,4.048955090678649,5.8288724E-6,19.0665,0.018268922,0.20391372,0.002477698,0.07435379,0.0052265315,0.48126483,0.020386375,0.70352274,0.007096663,0.08629742,0.009216872,0.3612308,0.018745499,null,null,null,null,"TWOGAUSSIANS",8,3.5055685,0.20391372,0.002477698,0.4,0.006633332,0.47484684,0.018714525,0.70352274,0.007096663,0.4,0.0,0.35481277,0.01761154
375316653866487564,1975343901401397248,0.5481422,2103.355885784394,1.7329110527792044,8.690607E-6,19.046923,0.014041147,0.22838797,0.0036874323,0.07011859,0.0051001906,0.32658586,0.015930878,0.73730046,0.008688066,0.08215988,0.01358331,0.14860849,0.017638624,null,null,null,null,"TWOGAUSSIANS",8,1.2249507,0.22838797,0.0036874323,0.3926641,0.022306243,0.32500398,0.014848917,0.73730046,0.008688066,0.4,0.0,0.14702661,0.016382052
375316653866487564,1975344111863325568,0.6467173,2150.1466330176145,2.2705155086787374,1.6908319E-6,15.177878,0.008082553,0.29336914,8.0107193E-4,0.10983903,0.0035633433,0.22285324,0.007468981,0.7947513,9.758129E-4,0.104620524,0.004138535,0.22933975,0.006695701,null,null,null,null,"TWOGAUSSIANS",8,5.315096,0.7947513,9.758129E-4,0.4,0.0,0.1999721,0.0022882603,0.29336914,8.0107193E-4,0.4,0.0,0.19347651,0.0028226716
375316653866487564,1975347577893514880,0.43616349,2149.6188245592316,1.3037228012106243,2.7537902E-5,18.788544,0.04800147,0.31095222,0.036162853,0.15809876,0.07226945,0.114151865,0.044616356,0.7770128,0.005673875,0.079292275,0.015697917,0.16875216,0.035819847,null,null,null,null,"TWOGAUSSIANS",8,5.9955263,0.7770128,0.005673875,0.4,0.0,0.15156132,0.01444538,0.31095222,0.036162853,0.4,0.0,0.09509959,0.020854045
375316653866487564,1975348922227257856,0.5350007,2143.22239444117,0.20627076926249593,2.434005E-5,15.9341135,6.9496554E-4,0.15697488,0.008005385,0.0183853,0.008304212,0.14086384,0.009812279,0.8288892,0.016535135,0.021783343,0.025209038,0.08107298,31.468573,null,null,null,null,"TWOGAUSSIANS",8,7.546125,0.15697488,0.008005385,0.10295768,0.04650359,0.14086384,0.009812279,0.8288892,0.016535135,0.12198672,0.1411706,0.08107298,31.468573
375316653866487564,1975351013875265408,0.6121812,2126.47840498074,4.723568368212101,4.1092208E-6,19.060562,0.017965065,0.24655655,0.0013260129,0.043965448,0.0036946048,0.50785273,0.038675386,0.74300265,0.0024469222,0.043851998,0.005242178,0.43997526,0.040552925,0.1512864,0.025489591,0.24655655,0.0013260129,"TWOGAUSSIANS_WITH_ELLIPSOIDAL_ON_ECLIPSE1",9,3.3138394,0.24655655,0.0013260129,0.2462065,0.020689787,0.81042534,0.018735752,0.74334264,0.0021848558,0.2455712,0.029356198,0.7424113,0.03552339
375316653866487564,1975351426191085952,0.5448752,2188.547628811799,1.6625036823812442,6.3542025E-6,15.704172,0.002374745,0.26593035,0.0019088166,0.021114433,0.015113889,0.030694345,0.0058903783,0.744161,0.035611786,0.046068277,0.019646643,0.047698,0.15135229,0.06902427,0.0034171967,0.26593035,0.0019088166,"TWOGAUSSIANS_WITH_ELLIPSOIDAL_ON_ECLIPSE1",9,12.562129,0.751301,0.027534058,0.25798234,0.110021204,0.18401395,0.15245628,0.26593035,0.0019088166,0.11824083,0.08463778,0.16874285,0.004440135
375316653866487564,1975352976676180480,0.5699429,2140.488726290081,2.1623457994036017,2.8760096E-6,15.400456,8.9295226E-4,0.23708707,0.0012126543,0.048665095,0.006633255,0.03174756,0.0071011498,null,null,null,null,null,null,0.050297502,0.0014517627,0.23708707,0.0012126543,"ONEGAUSSIAN_WITH_ELLIPSOIDAL",6,7.608876,0.23708707,0.0012126543,0.27252454,0.03714623,0.13234247,0.007149415,null,null,null,null,null,null
375316653866487564,1975353320273542144,0.5925984,2139.0737519929053,3.4735628528588642,6.893657E-6,16.303572,0.004170157,0.2579643,0.0023719403,0.06119155,0.004883215,0.07820754,0.00897588,0.75119144,0.005188163,0.05070157,0.0074247182,0.06847243,0.00897226,0.033693597,0.004665448,0.2579643,0.0023719403,"TWOGAUSSIANS_WITH_ELLIPSOIDAL_ON_ECLIPSE1",9,4.2909937,0.2579643,0.0023719403,0.34267268,0.027346004,0.14557593,0.0023329065,0.7523214,0.004367521,0.28392878,0.04157842,0.13573913,0.004938496
375316653866487564,1975353801309867136,0.6940655,2142.9310195147755,0.7111078099774657,1.1082311E-6,13.514553,0.0035042604,0.2821643,7.028684E-4,0.038822,9.902508E-4,0.50900024,0.009299793,0.78443414,4.2003862E-4,0.039700165,0.0015535428,0.6137903,0.019125478,0.08337876,0.0046699583,0.78443414,4.2003862E-4,"TWOGAUSSIANS_WITH_ELLIPSOIDAL_ON_ECLIPSE2",9,54.196907,0.78443414,4.2003862E-4,0.22232091,0.00869984,0.78054774,0.026351426,0.28225428,6.7656796E-4,0.21740319,0.0055454047,0.67572504,0.0056846775
375316653866487564,1975356859327641856,0.5777313,2101.433034281932,2.7462371003979986,5.147875E-6,18.599146,0.01286774,0.20207646,0.001745819,0.047948476,0.003884396,0.25205716,0.032059275,0.70258784,0.002942228,0.05485766,0.0046618925,0.270139,0.028983722,0.09271705,0.016351232,0.20207646,0.001745819,"TWOGAUSSIANS_WITH_ELLIPSOIDAL_ON_ECLIPSE1",9,2.969633,0.70258784,0.002897094,0.30720288,0.026106598,0.45556197,0.0104577355,0.20207646,0.001745819,0.26851144,0.021752618,0.43748203,0.014655321
375316653866487564,1975356996766613888,0.62285894,2139.3352030949814,0.7628432473389505,4.5403262E-6,14.931435,0.006564055,0.28623235,9.5796474E-4,0.08881346,0.0026722823,0.24188444,0.0064960415,0.77382183,0.0021300227,0.08398689,0.0026711868,0.44009197,0.0090937875,null,null,null,null,"TWOGAUSSIANS",8,43.092216,0.77382183,0.0021300227,0.4,0.0,0.43217695,0.008399911,0.28623235,9.5796474E-4,0.4,0.0,0.23396938,0.0051076785
375316653866487564,1975358091970493952,0.42986813,2139.479701585442,0.029100591990284655,1.3285449E-5,18.987352,0.008927993,0.64668447,0.015444836,0.06633209,0.014281583,0.12044076,0.03911217,0.86766756,1.3539171E-5,0.0036878611,2.29408E-4,0.25865307,0.040589757,null,null,null,null,"TWOGAUSSIANS",8,5.3348784,0.86766756,1.3539171E-5,0.020652022,0.0012846849,0.2591216,0.040818408,0.64668447,0.015444836,0.3714597,0.079976864,0.12044076,0.03911217
375316653866487564,1975359195790081280,0.5607562,2174.650959428115,3.3052963340429797,9.7354205E-6,18.486002,0.007630454,0.24674216,0.0019680695,0.04241035,0.004907015,0.27826777,0.024298238,0.745391,0.004769002,0.053702265,0.006402608,0.21553092,0.021070553,0.11014142,0.00922898,0.24674216,0.0019680695,"TWOGAUSSIANS_WITH_ELLIPSOIDAL_ON_ECLIPSE1",9,3.6857111,0.24674216,0.0019680695,0.23749797,0.027479284,0.49854633,0.027206687,0.74565107,0.0040552425,0.3007327,0.035854604,0.43579662,0.017055053
375316653866487564,1975359401948510848,0.49762142,2172.5127996119404,0.2795560394853553,8.906025E-6,14.272397,0.0012075206,0.2547864,0.004381613,0.039179336,0.0072762268,0.040422563,0.0035177576,0.7355968,0.0040753805,0.081962876,0.004543694,0.11648852,0.019957528,null,null,null,null,"TWOGAUSSIANS",8,18.425367,0.7355968,0.0040753805,0.4,0.0,0.11647259,0.0199698,0.2547864,0.004381613,0.21940428,0.040746868,0.040406637,0.0035312935
375316653866487564,1975359608106666624,0.5978502,2141.5919129749896,3.4838437680677146,4.9833898E-6,16.752289,0.01285698,0.25291848,0.003027178,0.05178694,0.0040224427,0.2858636,0.028648738,0.7426448,0.0032614188,0.042311024,0.011615414,0.22475204,0.027030325,0.07532678,0.015668442,0.7426448,0.0032614188,"TWOGAUSSIANS_WITH_ELLIPSOIDAL_ON_ECLIPSE2",9,13.733956,0.25188845,0.002635794,0.29000688,0.02252568,0.43595132,0.016402127,0.7426448,0.0032614188,0.23694174,0.06504632,0.3754039,0.006249528
