Gaia/vari_eclipsing_binary/VariEclipsingBinary_381250-381508.csv
# %ECSV 1.0
# ---
# delimiter: ','
# meta: !!omap
# - RELEASE: Gaia DR3
# - TABLE: vari_eclipsing_binary
# - DESCRIPTION: >
#     This table describes the properties of the eclipsing binaries resulting from the variability analysis. 
# - CITATION: >
#     How to cite and acknowledge Gaia: 
#     https://gea.esac.esa.int/archive/documentation/credits.html 
# - KNOWN_ISSUES: >
#     Known issues: 
#     https://www.cosmos.esa.int/web/gaia-users/known-issues 
# - DOCUMENTATION: >
#     Tutorials and documentation: 
#     https://www.cosmos.esa.int/web/gaia-users/archive 
# datatype:
# - 
#   name: solution_id
#   datatype: int64
#   description: Solution Identifier
#   meta:
#     ucd: meta.version
# - 
#   name: source_id
#   datatype: int64
#   description: Unique source identifier
#   meta:
#     ucd: meta.id;meta.main
# - 
#   name: global_ranking
#   datatype: float32
#   description: Number between 0 (worst) and 1 (best)
#   meta:
#     ucd: stat.param
# - 
#   name: reference_time
#   datatype: float64
#   unit: d
#   description: Reference time used for the geometric model fit
#   meta:
#     ucd: time.epoch
# - 
#   name: frequency
#   datatype: float64
#   unit: d**-1
#   description: Frequency of geometric model of the eclipsing binary light curve
#   meta:
#     ucd: src.orbital
# - 
#   name: frequency_error
#   datatype: float32
#   unit: d**-1
#   description: "Uncertainty of \\texttt{frequency}"
#   meta:
#     ucd: stat.error
# - 
#   name: geom_model_reference_level
#   datatype: float32
#   unit: mag
#   description: Magnitude reference level of geometric model
#   meta:
#     ucd: phot.mag;em.opt
# - 
#   name: geom_model_reference_level_error
#   datatype: float32
#   unit: mag
#   description: "Uncertainty of \\texttt{geomModelReferenceLevel}"
#   meta:
#     ucd: stat.error;phot.mag;em.opt
# - 
#   name: geom_model_gaussian1_phase
#   datatype: float32
#   description: Phase of the Gaussian 1 component
#   meta:
#     ucd: time.phase
# - 
#   name: geom_model_gaussian1_phase_error
#   datatype: float32
#   description: "Uncertainty of \\texttt{geomModelGaussian1Phase}"
#   meta:
#     ucd: stat.error;time.phase
# - 
#   name: geom_model_gaussian1_sigma
#   datatype: float32
#   description: "Standard deviation [phase] of Gaussian 1 component"
#   meta:
#     ucd: stat.stdev
# - 
#   name: geom_model_gaussian1_sigma_error
#   datatype: float32
#   description: "Uncertainty of \\texttt{geomModelGaussian1Sigma}"
#   meta:
#     ucd: stat.error
# - 
#   name: geom_model_gaussian1_depth
#   datatype: float32
#   unit: mag
#   description: Magnitude depth of Gaussian 1 component
#   meta:
#     ucd: src.var.amplitude
# - 
#   name: geom_model_gaussian1_depth_error
#   datatype: float32
#   unit: mag
#   description: "Uncertainty of \\texttt{geomModelGaussian1Depth}"
#   meta:
#     ucd: stat.error;src.var.amplitude
# - 
#   name: geom_model_gaussian2_phase
#   datatype: float32
#   description: Phase of Gaussian 2 component
#   meta:
#     ucd: time.phase
# - 
#   name: geom_model_gaussian2_phase_error
#   datatype: float32
#   description: "Uncertainty of \\texttt{geomModelGaussian2Phase}"
#   meta:
#     ucd: stat.error;time.phase
# - 
#   name: geom_model_gaussian2_sigma
#   datatype: float32
[...]
#   datatype: float32
#   description: "Secondary eclipse: uncertainty of \\texttt{derivedSecondaryEclDuration}"
#   meta:
#     ucd: stat.error;time.duration
# - 
#   name: derived_secondary_ecl_depth
#   datatype: float32
#   unit: mag
#   description: "Secondary eclipse: depth"
#   meta:
#     ucd: src.var.amplitude
# - 
#   name: derived_secondary_ecl_depth_error
#   datatype: float32
#   unit: mag
#   description: "Secondary eclipse: uncertainty of \\texttt{derivedSecondaryEclDepth}"
#   meta:
#     ucd: stat.error;src.var.amplitude
solution_id,source_id,global_ranking,reference_time,frequency,frequency_error,geom_model_reference_level,geom_model_reference_level_error,geom_model_gaussian1_phase,geom_model_gaussian1_phase_error,geom_model_gaussian1_sigma,geom_model_gaussian1_sigma_error,geom_model_gaussian1_depth,geom_model_gaussian1_depth_error,geom_model_gaussian2_phase,geom_model_gaussian2_phase_error,geom_model_gaussian2_sigma,geom_model_gaussian2_sigma_error,geom_model_gaussian2_depth,geom_model_gaussian2_depth_error,geom_model_cosine_half_period_amplitude,geom_model_cosine_half_period_amplitude_error,geom_model_cosine_half_period_phase,geom_model_cosine_half_period_phase_error,model_type,num_model_parameters,reduced_chi2,derived_primary_ecl_phase,derived_primary_ecl_phase_error,derived_primary_ecl_duration,derived_primary_ecl_duration_error,derived_primary_ecl_depth,derived_primary_ecl_depth_error,derived_secondary_ecl_phase,derived_secondary_ecl_phase_error,derived_secondary_ecl_duration,derived_secondary_ecl_duration_error,derived_secondary_ecl_depth,derived_secondary_ecl_depth_error
[from data line 38]
375316653866487564,3353616159570044672,0.5136044,2237.6070950986395,1.251968909932301,1.9940073E-5,15.901638,0.005245604,0.3049378,0.019187536,0.0461451,0.057002682,0.11028033,0.065983795,0.7919208,0.012059396,0.0720469,0.012454722,0.11000763,0.024914652,null,null,null,null,"TWOGAUSSIANS",8,14.070422,0.3049378,0.019187536,0.25841254,0.13756336,0.11026291,0.06840345,0.7919208,0.012059396,0.4,0.04518613,0.10999022,0.024828637
375316653866487564,3353621549753911552,0.49978173,2182.793978455485,2.96372267407186,2.8799395E-5,18.210922,0.004680041,0.24144274,0.0047708335,0.07217799,0.0071690306,0.08026564,0.0056276685,0.7353051,0.0039093317,0.049007863,0.010458987,0.100263506,0.06660124,null,null,null,null,"TWOGAUSSIANS",8,1.0024565,0.7353051,0.0039093317,0.27444404,0.05857033,0.10023546,0.06662399,0.24144274,0.0047708335,0.4,0.017261654,0.0802376,0.005612996
375316653866487564,3353623856151154688,0.49805793,2243.753373211654,4.107535910115911,1.5975056E-4,17.753576,0.09581464,0.24563546,0.05681671,0.06879482,0.068564795,0.525306,0.23365657,0.81988144,0.04221825,0.078010805,0.046121895,0.2551556,0.08662447,null,null,null,null,"TWOGAUSSIANS",8,38.985252,0.24563546,0.056809533,0.385251,0.25337467,0.5249682,0.20582269,0.81988144,0.042215347,0.4,0.012550373,0.2548177,0.029788475
375316653866487564,3353632961481790592,0.6433357,2196.1870866962886,1.633379857652075,5.2074865E-6,15.667792,0.00405181,0.38251227,0.035738144,0.035574496,0.013975282,1.0689793,7.2982287,0.89650846,1.3318853E-4,0.0059666564,4.3925238E-4,0.61863893,0.12638894,null,null,null,null,"TWOGAUSSIANS",8,29.47577,0.38251227,0.035738144,0.19921719,0.078261584,1.0689793,7.2982287,0.89650846,1.3318853E-4,0.033413276,0.0024598134,0.61863893,0.12638894
375316653866487564,3353636358800182912,0.4857044,2198.40979970158,3.761392366437608,2.9640212E-5,19.170834,0.19495094,0.23869663,0.013842203,0.14248532,0.071161136,0.21707116,0.19270605,0.71540755,0.0117357,0.11430927,0.043890215,0.23408094,0.16078694,null,null,null,null,"TWOGAUSSIANS",8,2.2904427,0.71540755,0.0117357,0.4,0.0,0.17936805,0.012559207,0.23880664,0.013143554,0.4,0.0,0.1613431,0.01526795
375316653866487564,3353643131965299712,0.50325024,2229.522619779049,0.17771615001466337,5.2147563E-5,17.54789,0.004104973,0.2635101,0.020816583,0.04536852,0.02718008,0.19183157,4.4891033,0.6648541,0.022626335,0.0106171565,0.014953281,0.029180884,4.6407053E12,0.026122324,0.004388813,0.6648541,0.022626335,"TWOGAUSSIANS_WITH_ELLIPSOIDAL_ON_ECLIPSE2",9,3.6692638,0.2602201,0.024236508,0.2540637,0.15220845,0.22695461,4.489112,0.6648541,0.022626335,0.05945608,0.08373837,0.081425525,4.6407053E12
375316653866487564,3353647113396653568,0.6004514,2269.3739975188323,2.7996965505069946,5.3817967E-6,16.602634,0.014537612,0.15380368,0.0062323813,0.051739614,0.007018913,0.41471455,0.060147703,0.6508955,0.0018096318,0.06351474,0.0039323596,0.6029871,0.035364863,null,null,null,null,"TWOGAUSSIANS",8,18.952219,0.6508955,0.0018096318,0.35568255,0.022021214,0.6029127,0.035392072,0.15380368,0.0062323813,0.28974184,0.03930591,0.41464013,0.060213357
375316653866487564,3353652920192405760,0.62467706,2217.050975604276,4.354726452591624,7.631334E-6,18.111868,0.0072411723,0.32404003,0.0013375055,0.048622187,0.0030738055,0.29404908,0.014710328,0.8128476,0.0024118177,0.05190431,0.0031387664,0.31800628,0.045656294,0.13103952,0.008956002,0.32404003,0.0013375055,"TWOGAUSSIANS_WITH_ELLIPSOIDAL_ON_ECLIPSE1",9,2.7015522,0.81451756,0.0019232519,0.29066414,0.017577091,0.5789821,0.046480834,0.32404003,0.0013375055,0.27228424,0.017213311,0.55612653,0.004924404
375316653866487564,3353653091991127936,0.574149,2218.066259993763,3.900741917551587,9.150126E-6,19.606817,0.022367662,0.21141598,0.004809626,0.07315574,0.008057693,0.6383453,0.121868074,0.70304096,0.0037828586,0.08224036,0.009166174,0.46607977,0.038032003,null,null,null,null,"TWOGAUSSIANS",8,1.5838488,0.21141598,0.004809626,0.4,0.004583599,0.63323945,0.12416047,0.70304096,0.0037828586,0.4,0.0,0.46097392,0.03906357
375316653866487564,3353660616773992320,0.47484827,2254.8587126821617,0.7221055199795837,7.544034E-5,19.463434,0.015745055,0.28741074,0.039790165,0.0798572,0.030879917,0.22120027,0.1159714,0.79882884,0.010571351,0.07000043,0.016124927,0.13669646,0.026156474,null,null,null,null,"TWOGAUSSIANS",8,1.6650326,0.28741074,0.039790165,0.4,0.113493495,0.2201587,0.11624231,0.79882884,0.010571351,0.39200243,0.06291129,0.13565488,0.02622743
375316653866487564,3353662506559717248,0.5595003,2213.221642042338,3.8819352847182613,2.5992676E-5,18.596981,0.013486435,0.27027687,0.0030669407,0.08455302,0.008695448,0.27370837,0.026658766,0.7579825,0.009589333,0.103181876,0.012451645,0.23465064,0.017629491,null,null,null,null,"TWOGAUSSIANS",8,1.8167129,0.27027687,0.0030674394,0.4,0.0,0.26165006,0.029520433,0.7579825,0.009589333,0.4,0.0,0.222588,0.015234061
375316653866487564,3353665293996562688,0.57700527,2233.5057557795076,2.8784619216110205,1.9798517E-5,16.354239,0.03290586,0.2958216,0.0030492512,0.104761,0.011953318,0.19310164,0.031490605,0.788029,0.008651176,0.11537048,0.024661494,0.18465628,0.029977215,null,null,null,null,"TWOGAUSSIANS",8,6.9218154,0.2958416,0.0030389917,0.4,0.0,0.16680667,0.0059916633,0.788029,0.008651176,0.4,0.0,0.15833387,0.013152763
375316653866487564,3353665706313109504,0.5857026,2185.2889990387134,4.298989481786394,3.1544776E-5,15.472123,0.0012539321,0.4016058,0.0016182882,0.053199906,0.0023434819,0.18903875,0.011609603,0.6746785,0.029034622,0.06130847,0.020860387,0.006413308,0.004109546,0.0036993604,0.002270905,0.4016058,0.0016182882,"TWOGAUSSIANS_WITH_ELLIPSOIDAL_ON_ECLIPSE1",9,3.9292076,0.4016058,0.0016182882,0.29791948,0.013123498,0.19643481,0.009808019,0.6864285,0.06979161,0.34332743,0.09512136,0.0066423193,0.004078296
375316653866487564,3353676941947753856,0.47498587,2246.747454398631,0.05861581014100245,3.6670826E-5,16.547392,0.010014002,0.7630224,0.034119964,0.053548627,0.019902939,0.8464764,0.56666666,null,null,null,null,null,null,null,null,null,null,"ONEGAUSSIAN",5,21.068895,0.7630224,0.034119964,0.2998723,0.111456454,0.8464764,0.0,null,null,null,null,null,null
375316653866487564,3353681339994184832,0.60493714,2198.1000146126557,3.3422095645887926,3.6232173E-5,15.618944,0.0017960763,0.26143858,0.0026189284,0.040989555,0.008357167,0.05059568,0.0050642467,0.76147676,0.0026415745,0.04599405,0.0041937646,0.052554037,0.0060402923,0.027337817,0.004830487,0.76147676,0.0026415745,"TWOGAUSSIANS_WITH_ELLIPSOIDAL_ON_ECLIPSE2",9,4.380395,0.76147676,0.0026415745,0.2575667,0.023485083,0.10722964,0.0039146673,0.26143858,0.0022112594,0.22954151,0.046800137,0.10527129,0.0059749894
375316653866487564,3353699207058115712,0.6017698,2244.239449162975,2.9333784947223895,1.7350223E-5,14.71299,0.028227443,0.2135333,0.008355596,0.03497215,0.025510333,0.13709226,0.051977806,0.7041591,0.0034999414,0.048059188,0.0054311994,0.3539077,0.060008496,0.1529392,0.036583707,0.2135333,0.008355596,"TWOGAUSSIANS_WITH_ELLIPSOIDAL_ON_ECLIPSE1",9,316.52664,0.7054291,0.0019617847,0.26913145,0.030414715,0.6588688,0.017646654,0.2135333,0.008355596,0.19584404,0.14285786,0.44296935,0.0654222
375316653866487564,3353700130474133760,0.5810679,2249.391005218577,3.6830258130907008,1.7813018E-5,19.622263,0.02411583,0.31652987,0.028175034,0.08913671,0.021716546,0.51453525,0.10978827,0.80739325,0.0051360815,0.07999134,0.011331316,0.5053756,0.06808668,null,null,null,null,"TWOGAUSSIANS",8,1.4349989,0.31652987,0.028175034,0.4,0.0,0.5035638,0.11601941,0.80739325,0.0051360815,0.4,0.0,0.49440438,0.07546656
375316653866487564,3353702643031963520,0.56156385,2186.2610308470857,2.8536229696259126,8.335025E-6,14.038971,0.86571354,0.2815909,0.00437412,0.18408948,0.054687943,0.81915396,0.7113262,0.7775414,0.0043540513,0.21435864,0.08318238,0.9274823,0.80172056,null,null,null,null,"TWOGAUSSIANS",8,34.96044,0.7775414,0.0043540513,0.4,0.0,0.18134889,0.008041186,0.28546092,0.0025375693,0.4,0.0,0.15428998,0.0034623165
375316653866487564,3353702982330974208,0.57579494,2238.10313397003,1.6364266742506361,8.723758E-6,12.123417,0.011057346,0.2769634,0.0026511457,0.056136545,0.007011995,0.19716364,0.028226394,null,null,null,null,null,null,0.11813934,0.015725859,0.2769634,0.0026511457,"ONEGAUSSIAN_WITH_ELLIPSOIDAL",6,281.58078,0.2769634,0.0026511457,0.31436464,0.039267175,0.43343252,0.013950381,null,null,null,null,null,null
375316653866487564,3353705426170754944,0.600748,2189.789949200516,3.3370790235873926,1.8984441E-5,18.49588,0.16166715,0.26986238,0.004573086,0.03607426,0.024264466,0.40142286,0.29760584,0.76544863,0.017771875,0.042250324,0.028931975,0.46778914,0.30526397,0.18404642,0.18324985,0.26986238,0.004573086,"TWOGAUSSIANS_WITH_ELLIPSOIDAL_ON_ECLIPSE1",9,16.041107,0.76588863,0.015835423,0.23660181,0.16201906,0.83562684,0.110887475,0.26986238,0.004573086,0.20201583,0.135881,0.76951534,0.13610311
375316653866487564,3353708071870531456,0.60923696,2155.8548670236214,1.125430029380817,6.932175E-5,15.986957,0.0074028587,0.25891924,0.04254248,0.047534015,0.014169836,0.51158696,0.32166922,0.76043683,0.020368084,0.055622835,0.031077387,0.1795603,2.3210812,null,null,null,null,"TWOGAUSSIANS",8,38.268314,0.25891924,0.04254248,0.26619047,0.07935108,0.51158273,0.32165185,0.76043683,0.020368084,0.31148785,0.17403337,0.17955606,2.3210883
375316653866487564,3353709922998788992,0.5078805,2241.046698749341,0.2857593863981152,1.5344722E-4,19.174597,0.006745378,0.5753714,0.011063872,0.044318736,0.03984448,0.6776629,0.5797586,0.14426085,0.02911343,0.049348194,0.019229209,0.055751145,0.014689703,null,null,null,null,"TWOGAUSSIANS",8,1.4104812,0.5753714,0.011063872,0.2481849,0.14514863,0.6776629,0.57979286,0.14426085,0.02911343,0.2763499,0.10768357,0.05575114,0.014686669
375316653866487564,3353712572996675584,0.5179132,2200.174538311811,1.0251191743901578,1.3326583E-4,15.908363,0.0038926785,0.2830083,0.0144675085,0.04348216,0.014014397,0.20237206,0.10857544,0.7890421,0.007447597,0.052745555,0.007196611,0.11574086,0.023263456,null,null,null,null,"TWOGAUSSIANS",8,15.61264,0.2830083,0.0144675085,0.24350008,0.07848062,0.20237178,0.10858119,0.7890421,0.007447597,0.2953751,0.04030102,0.11574056,0.023263836
375316653866487564,3353713947385788288,0.4655162,2179.86117794357,3.081145898896469,4.93118E-5,17.05122,0.034370013,0.3087293,0.013659393,0.10405821,0.031701434,0.11492235,0.033706877,0.7840832,0.017554607,0.09335704,0.051745463,0.10842916,0.030222135,null,null,null,null,"TWOGAUSSIANS",8,11.9521475,0.3087293,0.013655414,0.4,0.0,0.108388476,0.020248141,0.7840832,0.017554607,0.4,0.02250824,0.10189875,0.03212738
375316653866487564,3353719273145199104,0.6520749,2216.4497932431077,3.0862918696159745,1.3084725E-5,16.52776,0.020508114,0.21954976,0.0019332648,0.03529173,0.0057344753,0.3644079,0.0531421,0.712095,0.012573528,0.040468514,0.009395729,0.51186275,0.0761789,0.1788571,0.026968896,0.21954976,0.0019332648,"TWOGAUSSIANS_WITH_ELLIPSOIDAL_ON_ECLIPSE1",9,27.498865,0.712715,0.011510547,0.22662368,0.052616082,0.8688575,0.046665218,0.21954976,0.0019332648,0.1976337,0.032113064,0.722122,0.04893047
375316653866487564,3353724697686726272,0.6169175,2199.537251594043,2.9137699857804567,1.1329962E-5,18.333075,0.009078849,0.25705314,0.0012527682,0.09356093,0.0035189246,0.40758365,0.0128693,0.7577758,0.0030307367,0.09031865,0.006152126,0.4007643,0.022722796,null,null,null,null,"TWOGAUSSIANS",8,1.2491605,0.25705314,0.0012527682,0.4,0.0,0.38775167,0.012817694,0.7577758,0.0030307367,0.4,0.0,0.38093266,0.026543254
375316653866487564,3353725797198480512,0.5238445,2189.2552375574974,1.903827211942043,9.5648975E-5,18.923265,0.008169037,0.33412543,0.011858426,0.061788384,0.011714416,0.21802834,0.018099934,0.8504154,0.038541388,0.087525964,0.028011916,0.05085106,0.017362999,null,null,null,null,"TWOGAUSSIANS",8,1.8321925,0.33412543,0.011858426,0.34601495,0.06560073,0.21758045,0.018034998,0.8504154,0.038541388,0.4,0.0,0.05040316,0.016129976
375316653866487564,3353740163864459008,0.46897045,2179.292429498706,0.9628491071229536,3.6718804E-5,18.36355,0.107746765,0.24921599,0.059573583,0.11389666,0.053614628,0.2288125,0.106087014,0.7380352,0.0092839,0.19577767,0.07752262,0.19770227,0.10382544,null,null,null,null,"TWOGAUSSIANS",8,3.7657344,0.250796,0.060687967,0.4,0.08273877,0.14363839,0.02634241,0.7380352,0.0092839,0.4,0.0,0.097245656,0.011747026
375316653866487564,3353742191090578816,0.5096131,2206.611577921016,3.1732314575413487,5.030172E-5,19.13826,0.026736306,0.2701235,0.011591503,0.07652343,0.019876655,0.36370754,0.06573153,0.7664307,0.0074184,0.078805275,0.018042723,0.29499683,0.03727175,null,null,null,null,"TWOGAUSSIANS",8,2.752689,0.2701235,0.011591503,0.4,0.045132328,0.36030436,0.06747874,0.7664307,0.0074184,0.4,0.029332113,0.29159364,0.040186383
375316653866487564,3353743221882721152,0.564582,2206.095935321405,2.883013448166856,1.2226073E-5,16.430275,0.023075659,0.26310736,0.0075501516,0.09088932,0.009676992,0.32304096,0.031110262,0.766431,0.0054068775,0.08832627,0.010231676,0.32877326,0.018488917,null,null,null,null,"TWOGAUSSIANS",8,21.308455,0.766431,0.0054068775,0.4,0.0,0.31614855,0.01023624,0.26310736,0.0075501516,0.4,0.0,0.31041613,0.026632743
375316653866487564,3353745004292509952,0.52588725,2245.963430158308,3.608791252345369,1.853825E-5,17.903988,0.09910904,0.25054646,0.006380692,0.14112388,0.050467502,0.17368498,0.09735681,0.76008064,0.0040786616,0.11237782,0.024099143,0.2288087,0.09018434,null,null,null,null,"TWOGAUSSIANS",8,2.9519062,0.7602806,0.0038321093,0.4,0.0,0.17826259,0.009894724,0.25050643,0.0063841,0.4,0.0,0.12249269,0.008624081
375316653866487564,3353754934257907712,0.49930134,2230.9241973351145,3.1389514444178586,4.1193092E-5,15.684328,0.017519722,0.21183282,0.032759488,0.047703125,0.018962072,0.41011328,0.783427,0.67644835,0.012576106,0.06162813,0.039479,0.2685263,0.16143449,null,null,null,null,"TWOGAUSSIANS",8,98.524895,0.21183282,0.032759488,0.2671375,0.106187604,0.4101093,0.7836576,0.67644835,0.012576106,0.34511754,0.07990202,0.26852232,0.1626726
375316653866487564,3353764073948511616,0.51747304,2215.4618791909797,0.058584392006491896,8.937553E-5,18.610573,0.004701618,0.5575302,0.01276965,0.116268,0.007202653,0.19359396,0.00788364,0.90782017,0.005558289,0.012584924,0.0047361255,0.059482656,0.02450037,null,null,null,null,"TWOGAUSSIANS",8,3.1706092,0.5575302,0.01276965,0.4,0.0,0.19355662,0.00788213,0.90782017,0.005558289,0.07047558,0.026522303,0.061514918,0.024512578
375316653866487564,3353766758303487360,0.54449654,2257.946353564984,2.470554201706185,6.5456254E-5,16.017185,0.023710214,0.25615293,0.011512725,0.10479354,0.019159997,0.25058097,0.027963983,0.72770983,0.007927932,0.08699073,0.011030462,0.23569348,0.023442611,null,null,null,null,"TWOGAUSSIANS",8,59.70545,0.25615293,0.011512725,0.4,0.0,0.23968484,0.02705748,0.72770983,0.007927932,0.4,0.0,0.22480805,0.0131896455
375316653866487564,3353769266564345344,0.44905585,2260.211877836149,0.06820325644641048,8.5113046E-5,19.490728,0.22922942,0.086515985,0.004319455,0.026628371,0.006241661,0.5944798,0.60113907,0.65320706,0.018155385,0.28018728,0.11508444,0.35065344,0.22444783,null,null,null,null,"TWOGAUSSIANS",8,2.9702208,0.08620599,0.004161811,0.14911889,0.0349533,0.60063976,0.60305077,0.65320706,0.018155385,0.4,0.0,0.20656617,0.035984654
375316653866487564,3353774626684257536,0.54157346,2263.756811978331,0.22241551594522604,3.2093947E-5,17.382242,0.0035832815,0.25003457,0.032891147,0.07264144,0.026989892,0.12577187,0.009954532,0.7403323,0.009176928,0.08017359,0.008713502,0.1393882,0.00919564,null,null,null,null,"TWOGAUSSIANS",8,1.3011051,0.7403323,0.009176928,0.4,0.0,0.13837019,0.009104545,0.25003457,0.032891147,0.4,0.13302511,0.12475385,0.008675892
