Gaia/vari_eclipsing_binary/VariEclipsingBinary_465615-465669.csv
# %ECSV 1.0
# ---
# delimiter: ','
# meta: !!omap
# - RELEASE: Gaia DR3
# - TABLE: vari_eclipsing_binary
# - DESCRIPTION: >
#     This table describes the properties of the eclipsing binaries resulting from the variability analysis. 
# - CITATION: >
#     How to cite and acknowledge Gaia: 
#     https://gea.esac.esa.int/archive/documentation/credits.html 
# - KNOWN_ISSUES: >
#     Known issues: 
#     https://www.cosmos.esa.int/web/gaia-users/known-issues 
# - DOCUMENTATION: >
#     Tutorials and documentation: 
#     https://www.cosmos.esa.int/web/gaia-users/archive 
# datatype:
# - 
#   name: solution_id
#   datatype: int64
#   description: Solution Identifier
#   meta:
#     ucd: meta.version
# - 
#   name: source_id
#   datatype: int64
#   description: Unique source identifier
#   meta:
#     ucd: meta.id;meta.main
# - 
#   name: global_ranking
#   datatype: float32
#   description: Number between 0 (worst) and 1 (best)
#   meta:
#     ucd: stat.param
# - 
#   name: reference_time
#   datatype: float64
#   unit: d
#   description: Reference time used for the geometric model fit
#   meta:
#     ucd: time.epoch
# - 
#   name: frequency
#   datatype: float64
#   unit: d**-1
#   description: Frequency of geometric model of the eclipsing binary light curve
#   meta:
#     ucd: src.orbital
# - 
#   name: frequency_error
#   datatype: float32
#   unit: d**-1
#   description: "Uncertainty of \\texttt{frequency}"
#   meta:
#     ucd: stat.error
# - 
#   name: geom_model_reference_level
#   datatype: float32
#   unit: mag
#   description: Magnitude reference level of geometric model
#   meta:
#     ucd: phot.mag;em.opt
# - 
#   name: geom_model_reference_level_error
#   datatype: float32
#   unit: mag
#   description: "Uncertainty of \\texttt{geomModelReferenceLevel}"
#   meta:
#     ucd: stat.error;phot.mag;em.opt
# - 
#   name: geom_model_gaussian1_phase
#   datatype: float32
#   description: Phase of the Gaussian 1 component
#   meta:
#     ucd: time.phase
# - 
#   name: geom_model_gaussian1_phase_error
#   datatype: float32
#   description: "Uncertainty of \\texttt{geomModelGaussian1Phase}"
#   meta:
#     ucd: stat.error;time.phase
# - 
#   name: geom_model_gaussian1_sigma
#   datatype: float32
#   description: "Standard deviation [phase] of Gaussian 1 component"
#   meta:
#     ucd: stat.stdev
# - 
#   name: geom_model_gaussian1_sigma_error
#   datatype: float32
#   description: "Uncertainty of \\texttt{geomModelGaussian1Sigma}"
#   meta:
#     ucd: stat.error
# - 
#   name: geom_model_gaussian1_depth
#   datatype: float32
#   unit: mag
#   description: Magnitude depth of Gaussian 1 component
#   meta:
#     ucd: src.var.amplitude
# - 
#   name: geom_model_gaussian1_depth_error
#   datatype: float32
#   unit: mag
#   description: "Uncertainty of \\texttt{geomModelGaussian1Depth}"
#   meta:
#     ucd: stat.error;src.var.amplitude
# - 
#   name: geom_model_gaussian2_phase
#   datatype: float32
#   description: Phase of Gaussian 2 component
#   meta:
#     ucd: time.phase
# - 
#   name: geom_model_gaussian2_phase_error
#   datatype: float32
#   description: "Uncertainty of \\texttt{geomModelGaussian2Phase}"
#   meta:
#     ucd: stat.error;time.phase
# - 
#   name: geom_model_gaussian2_sigma
#   datatype: float32
[...]
#   datatype: float32
#   description: "Secondary eclipse: uncertainty of \\texttt{derivedSecondaryEclDuration}"
#   meta:
#     ucd: stat.error;time.duration
# - 
#   name: derived_secondary_ecl_depth
#   datatype: float32
#   unit: mag
#   description: "Secondary eclipse: depth"
#   meta:
#     ucd: src.var.amplitude
# - 
#   name: derived_secondary_ecl_depth_error
#   datatype: float32
#   unit: mag
#   description: "Secondary eclipse: uncertainty of \\texttt{derivedSecondaryEclDepth}"
#   meta:
#     ucd: stat.error;src.var.amplitude
solution_id,source_id,global_ranking,reference_time,frequency,frequency_error,geom_model_reference_level,geom_model_reference_level_error,geom_model_gaussian1_phase,geom_model_gaussian1_phase_error,geom_model_gaussian1_sigma,geom_model_gaussian1_sigma_error,geom_model_gaussian1_depth,geom_model_gaussian1_depth_error,geom_model_gaussian2_phase,geom_model_gaussian2_phase_error,geom_model_gaussian2_sigma,geom_model_gaussian2_sigma_error,geom_model_gaussian2_depth,geom_model_gaussian2_depth_error,geom_model_cosine_half_period_amplitude,geom_model_cosine_half_period_amplitude_error,geom_model_cosine_half_period_phase,geom_model_cosine_half_period_phase_error,model_type,num_model_parameters,reduced_chi2,derived_primary_ecl_phase,derived_primary_ecl_phase_error,derived_primary_ecl_duration,derived_primary_ecl_duration_error,derived_primary_ecl_depth,derived_primary_ecl_depth_error,derived_secondary_ecl_phase,derived_secondary_ecl_phase_error,derived_secondary_ecl_duration,derived_secondary_ecl_duration_error,derived_secondary_ecl_depth,derived_secondary_ecl_depth_error
[from data line 37]
375316653866487564,4095614640908526720,0.4807444,2363.287169364993,3.9936307753838145,2.1935428E-5,18.83554,0.0041104257,null,null,null,null,null,null,null,null,null,null,null,null,0.07761205,0.0077087786,0.28197342,0.0043261666,"ELLIPSOIDAL",4,2.0326264,null,null,null,null,null,null,null,null,null,null,null,null
375316653866487564,4095614877129992064,0.63911915,2255.04151754154,2.2520284576240437,9.626737E-6,16.097494,0.0049165,0.2486055,0.003630567,0.08410753,0.004285529,0.23120578,0.005685458,0.74562794,0.0017835917,0.08740585,0.003541041,0.21103905,0.0053042662,null,null,null,null,"TWOGAUSSIANS",8,5.28775,0.2486055,0.003630567,0.4,0.0,0.2252195,0.0049483706,0.74562794,0.0017835917,0.4,0.0,0.20505275,0.0047898074
375316653866487564,4095615323823091328,0.50554293,2235.0022967566374,3.1860612228113343,2.0639933E-5,18.50651,0.060298994,0.33437455,0.0090949265,0.11572905,0.030362474,0.21849622,0.05750479,0.8278874,0.013358697,0.090866394,0.03036997,0.20837474,0.054831844,null,null,null,null,"TWOGAUSSIANS",8,3.2679317,0.33437455,0.009091052,0.4,0.0,0.19747013,0.024605906,0.8278874,0.013358697,0.4,0.0,0.18738826,0.018906046
375316653866487564,4095615946596171648,0.5368136,2240.0604908940504,1.145759304304975,2.4681567E-5,16.17598,0.0011398438,0.15213668,8.6333504E-4,0.026712516,0.0021527736,0.071103215,0.004826734,0.6776619,0.008287424,0.06237925,0.03383134,0.00571196,0.013820544,0.011151545,0.0020124628,0.6776619,0.008287424,"TWOGAUSSIANS_WITH_ELLIPSOIDAL_ON_ECLIPSE2",9,1.9103063,0.15257668,8.1849954E-4,0.14959009,0.012055532,0.09284529,0.006234376,0.6776619,0.008287424,0.34932378,0.17717011,0.028013172,0.013756599
375316653866487564,4095617149166374528,0.5277038,2281.124893805676,4.092754452751227,1.614222E-5,19.739964,0.027657084,0.27944705,0.007594859,0.049928963,0.05042956,0.44629034,0.018296212,0.7408765,0.0064594517,0.0671234,0.016602479,0.40161413,0.066389985,null,null,null,null,"TWOGAUSSIANS",8,2.335257,0.27944705,0.007594859,0.2796022,0.115488544,0.44626933,0.021523083,0.7408765,0.0064594517,0.37589103,0.049893893,0.40159315,0.06600693
375316653866487564,4095617763348872704,0.58218116,2302.136925226944,2.813204256562861,1.8987874E-5,16.891537,0.02505702,0.23023058,0.00888064,0.09483284,0.014007435,0.24478179,0.02401819,0.7202263,0.0049251853,0.08558191,0.009695351,0.3175477,0.028319288,null,null,null,null,"TWOGAUSSIANS",8,12.871316,0.7202263,0.0049251853,0.4,0.0,0.30739477,0.024886597,0.23023058,0.00888064,0.4,0.0,0.23462836,0.015225386
375316653866487564,4095618862860736128,0.5310952,2305.377514989505,2.9394064968448244,1.9800576E-5,18.889421,0.019964583,0.2915595,0.005797044,0.06311654,0.013712564,0.48787275,0.12106617,0.79487675,0.015769102,0.06756325,0.011605726,0.35752347,0.059353914,null,null,null,null,"TWOGAUSSIANS",8,3.6886537,0.2915595,0.005797044,0.35345265,0.0527965,0.48737428,0.12304488,0.79487675,0.015769102,0.37835422,0.05183734,0.357025,0.059439868
375316653866487564,4095619829246702080,0.5696515,2265.837044242107,1.896859317367268,1.1559368E-5,17.284676,0.015274313,0.25064173,0.0071803182,0.095089585,0.010285726,0.20876546,0.020223606,0.756847,0.004624425,0.10386336,0.010480122,0.21194965,0.013408661,null,null,null,null,"TWOGAUSSIANS",8,4.3523364,0.756847,0.004624425,0.4,0.0,0.19543408,0.00841743,0.25064173,0.0071805436,0.4,0.0,0.19225354,0.015573235
375316653866487564,4095620104124668416,0.6163139,2224.8086415745624,2.7605917374940145,8.253473E-6,17.004606,0.02927478,0.2595323,0.0010030449,0.05076823,0.0068717035,0.3383333,0.06622864,0.75338626,0.005367779,0.05090489,0.016964056,0.4237736,0.1208905,0.10397085,0.038072065,0.2595323,0.0010030449,"TWOGAUSSIANS_WITH_ELLIPSOIDAL_ON_ECLIPSE1",9,13.403069,0.75394624,0.004668887,0.28506738,0.09499871,0.6314285,0.17048413,0.2595323,0.0010030449,0.2843021,0.03848154,0.54626995,0.032048307
375316653866487564,4095620722600128640,0.7748401,2160.9994991866224,0.7280023657633224,4.0825666E-6,15.692482,8.2632893E-4,0.2457571,0.0010941089,0.02465787,0.001430104,0.32286355,0.012213745,0.74617535,0.0016154187,0.023875166,0.001185214,0.605913,0.028628327,0.011878471,0.001308682,0.2457571,0.0010941089,"TWOGAUSSIANS_WITH_ELLIPSOIDAL_ON_ECLIPSE1",9,2.6603584,0.74617535,0.0016154187,0.13370094,0.0066371984,0.62966967,0.028874343,0.2457571,0.0010941089,0.13808407,0.0080085825,0.34662044,0.01201712
375316653866487564,4095621306696170496,0.5085104,2256.4320855194496,2.16656569193547,3.4929053E-5,18.621399,0.024606485,0.20048127,0.008291784,0.06863197,0.014181998,0.16562662,0.02217736,0.70001626,0.048156608,0.054258864,0.037219808,0.596449,0.31487036,null,null,null,null,"TWOGAUSSIANS",8,6.058752,0.70001626,0.048156608,0.30384964,0.12179776,0.5963065,0.31636027,0.20048127,0.008291784,0.38433903,0.0613917,0.16548415,0.02132778
375316653866487564,4095621478514137600,0.56537026,2218.4550635545797,0.8933010230888078,4.3337222E-5,16.813717,0.0020259328,0.19793785,0.03547654,0.050355088,0.022488846,0.0151705565,0.0043388437,0.5064118,0.013370918,0.063444406,0.035214163,0.16622248,0.122341365,null,null,null,null,"TWOGAUSSIANS",8,1.5574045,0.5064118,0.013370918,0.35528865,0.052037105,0.16622248,0.12234261,0.19795784,0.035369083,0.28198847,0.12593754,0.015171778,0.0043450687
375316653866487564,4095623918055937024,0.67657036,2241.3364392005888,4.402111950850853,9.408839E-5,15.224272,8.769036E-4,0.55149406,0.009422694,0.027329974,0.003624857,0.31037566,0.3234025,0.87881386,0.02600389,0.032231987,0.022327995,0.417938,4412.9526,null,null,null,null,"TWOGAUSSIANS",8,3.7239006,0.87881386,0.02600389,0.18049912,0.12503676,0.417938,4412.9526,0.55149406,0.009422694,0.15304784,0.020299198,0.31037566,0.3234025
375316653866487564,4095624261653281152,0.5846401,2252.789111269068,2.7295739755401414,1.3456106E-5,13.7464285,0.007135323,0.26440215,1.1604496E-4,0.014235802,0.0012225512,0.22231013,0.013948572,0.78592896,0.002636132,0.04650236,0.0046700537,0.26598766,0.026584493,0.11510309,0.013465427,0.78592896,0.002636132,"TWOGAUSSIANS_WITH_ELLIPSOIDAL_ON_ECLIPSE2",9,588.767,0.78592896,0.002636132,0.26041323,0.026152302,0.49619362,0.020719511,0.26475215,8.930504E-5,0.07972049,0.006846287,0.44839722,0.013120365
375316653866487564,4095625120646986368,0.4681423,2235.8593126246424,0.009422229927448018,1.8963321E-5,18.434895,0.0062845415,null,null,null,null,null,null,null,null,null,null,null,null,0.10812165,0.0088260425,0.2532655,0.006625685,"ELLIPSOIDAL",4,6.8875117,null,null,null,null,null,null,null,null,null,null,null,null
375316653866487564,4095625154988115072,0.47253487,2157.808807165265,4.839705233617842,5.356979E-5,19.347342,0.024135182,0.20099759,0.018672932,0.08420627,0.020539455,0.20223436,0.025190994,0.65764546,0.002975321,0.054856095,0.008011731,0.1887836,0.03431163,null,null,null,null,"TWOGAUSSIANS",8,2.8806684,0.20099759,0.018672932,0.4,0.0,0.20204821,0.024663134,0.65764546,0.002975321,0.3071941,0.044865694,0.18859755,0.033987403
375316653866487564,4095625356854976768,0.4751075,2338.642060168377,3.8124500465821662,1.7275821E-5,19.081743,0.02050487,0.21507436,0.0026789457,0.051213723,0.0046343263,0.26435757,0.025834335,0.7058011,0.025847921,0.051228076,0.018196283,0.28167552,0.064075924,null,null,null,null,"TWOGAUSSIANS",8,2.224575,0.7058011,0.025847921,0.28687721,0.10189919,0.2816732,0.0640642,0.21507436,0.0026789457,0.28679684,0.025952227,0.26435524,0.025820384
375316653866487564,4095625361165060608,0.5700488,2251.8717628652034,2.856793318698816,4.948928E-6,15.024914,0.004833758,0.30974972,0.0016092014,0.06845128,0.002798584,0.14404124,0.0048626564,0.80975574,0.0073998575,0.06773466,0.012103514,0.13412532,0.035588115,null,null,null,null,"TWOGAUSSIANS",8,15.104124,0.30974972,0.0016092014,0.3833272,0.01567207,0.1437124,0.0044757095,0.80975574,0.0073998575,0.3793141,0.039034683,0.13379648,0.035923537
375316653866487564,4095625670402778240,0.6688548,2282.096786112088,2.1786125928285314,5.5626033E-6,16.705488,0.013103351,0.20808518,0.0020929591,0.049297426,0.0062983665,0.30692488,0.028640345,0.6991593,0.015387495,0.048669957,0.008678882,0.35108808,0.05121165,0.1350808,0.0198705,0.20808518,0.0020929591,"TWOGAUSSIANS_WITH_ELLIPSOIDAL_ON_ECLIPSE1",9,9.189877,0.7002793,0.012909633,0.27255177,0.048601743,0.62050617,0.03547247,0.20808518,0.0020929591,0.2760656,0.035270855,0.57708526,0.02697918
375316653866487564,4095626838633668992,0.6004918,2229.733561885057,0.7556725751269749,5.1863035E-6,9.844104,0.0039004711,0.2539212,0.011678669,0.04514205,0.012624419,0.052634187,0.013887977,0.7684775,0.0033313876,0.062021516,0.006430942,0.09097798,0.0077883806,0.033677056,0.004613701,0.7684775,0.0033313876,"TWOGAUSSIANS_WITH_ELLIPSOIDAL_ON_ECLIPSE2",9,13.897123,0.7684775,0.0033313876,0.34732047,0.036013275,0.15830521,0.0024452496,0.2564012,0.009290698,0.2527955,0.07069675,0.11949501,0.012292359
375316653866487564,4095626971758604672,0.68074465,2283.4981729226556,2.065212804918296,6.9728862E-6,16.127317,0.003266591,0.21220253,0.0047109337,0.101357155,0.0060151094,0.11338574,0.0046135816,0.70159256,0.0045374758,0.08240611,0.0060790707,0.1931441,0.0039662602,null,null,null,null,"TWOGAUSSIANS",8,1.6380459,0.70159256,0.0045374758,0.4,0.0,0.18717267,0.0018238935,0.21220253,0.0047109337,0.4,0.0,0.10741297,0.004097522
375316653866487564,4095627216572330752,0.47250396,2218.6458132246553,1.4058773765409298,5.3481577E-5,18.864178,0.0060434407,0.30722433,0.05311535,0.057340566,0.0486607,0.18707366,0.11830089,0.53557277,0.025021672,0.0568694,0.037102677,0.099379204,0.05244003,null,null,null,null,"TWOGAUSSIANS",8,2.481632,0.30726436,0.05304173,0.32110715,0.11996009,0.18710506,0.11829014,0.53557277,0.025021672,0.31846863,0.20756778,0.09944655,0.050728485
375316653866487564,4095627899476449664,0.55085886,2244.327126613226,0.6015312589884941,1.2190338E-4,17.933727,0.019083269,0.22717442,0.019722346,0.13000824,0.05806308,0.056734413,0.053491767,0.7837471,8.965386E-4,0.040068865,0.006368498,0.37557375,0.006843816,null,null,null,null,"TWOGAUSSIANS",8,6.0725703,0.7837671,8.21311E-4,0.22438563,0.035663586,0.3750768,0.006426958,0.22717442,0.019722346,0.4,0.0,0.056062553,0.053247448
375316653866487564,4095627972505261312,0.5190821,2237.7851232673434,0.5891699487682832,1.4948503E-4,14.789448,0.0014655098,0.24287835,0.0241347,0.08136641,0.021868473,0.025626978,0.0034416572,0.6073663,0.037447408,0.063724935,0.020604985,0.107634135,0.019437818,null,null,null,null,"TWOGAUSSIANS",8,17.943039,0.6073663,0.037447408,0.35685962,0.06758986,0.10762886,0.019460082,0.24287835,0.024134168,0.4,0.0,0.025620589,0.00342377
375316653866487564,4095628213022865920,0.47351414,2259.8481629131434,0.5620288040089686,8.610708E-5,16.11682,0.0049286652,0.21959786,0.02198215,0.06364983,0.035479244,0.06427386,0.06047653,0.7117222,0.014851846,0.049361143,0.03740734,0.1107677,0.06749031,null,null,null,null,"TWOGAUSSIANS",8,9.012965,0.7117222,0.014851846,0.27642238,0.12745294,0.11076107,0.06805712,0.21959786,0.02198215,0.35643908,0.18240876,0.064267226,0.060528897
375316653866487564,4095628350461862144,0.5335605,2235.1395284022897,0.08692548133601209,2.8084592E-5,15.158114,0.002344578,0.68083936,0.0023530272,0.051400702,0.0028920507,0.19205186,0.0023763597,null,null,null,null,null,null,null,null,null,null,"ONEGAUSSIAN",5,30.449703,0.68083936,0.0023530272,0.28784394,0.016195484,0.19205186,0.0,null,null,null,null,null,null
375316653866487564,4095629067702901120,0.48901573,2303.0348169136946,0.42655408349989704,6.7186156E-5,16.634474,0.0037876724,0.29464388,0.016348861,0.03163927,0.009846917,0.103670225,0.06854544,0.6420503,0.02713334,0.045709576,0.027728546,0.23848172,0.04753938,null,null,null,null,"TWOGAUSSIANS",8,25.279736,0.6420503,0.02713334,0.2559736,0.14396538,0.23848172,0.04753938,0.29464388,0.016349005,0.1771799,0.055142738,0.103670225,0.06854598
375316653866487564,4095629449973631616,0.5644564,2272.9182282078327,0.9028028571817183,3.8289767E-5,12.046268,0.022240227,0.24352217,0.008828776,0.103474826,0.04341843,0.05412943,0.017354703,0.72551143,0.0063445754,0.07635803,0.03628443,0.090404846,0.005538599,null,null,null,null,"TWOGAUSSIANS",8,44.38232,0.72551143,0.0063445754,0.4,0.0,0.08832818,0.021874258,0.24352217,0.008796123,0.4,0.0,0.05205151,0.0059644277
375316653866487564,4095629759211238400,0.55914724,2258.56076444112,0.5891464285039321,1.9976376E-5,13.677411,0.017562183,0.31299886,0.0051146764,0.11109154,0.015456562,0.15152483,0.0144791,0.8093296,0.0030429228,0.1052028,0.011142652,0.15799788,0.016634084,null,null,null,null,"TWOGAUSSIANS",8,20.920898,0.8093296,0.0030429228,0.4,0.0,0.1374705,0.005634882,0.31299886,0.0051212288,0.4,0.0,0.13098922,0.009842466
375316653866487564,4095629999709942016,0.5442462,2278.9470662662125,3.493901696799327,2.1960703E-5,18.632946,0.019474424,0.34353742,0.0060528642,0.08656049,0.008403992,0.47494084,0.07442835,0.84015536,0.0112414025,0.07279431,0.013788412,0.40527135,0.021807529,null,null,null,null,"TWOGAUSSIANS",8,7.0429235,0.34353742,0.0060528642,0.4,0.0,0.46894583,0.07642437,0.84015536,0.0112414025,0.4,0.0617312,0.39927644,0.020489277
375316653866487564,4095630618204639360,0.44078508,2263.747748678939,0.2924065338519333,3.0310608E-5,19.004128,0.1331894,0.2914341,0.06601039,0.15063818,0.0782402,0.57944995,0.11526156,0.8592149,0.0035899032,0.049221326,0.010772207,2.808522,1.3472316,null,null,null,null,"TWOGAUSSIANS",8,10.130088,0.85936487,0.003437904,0.2756394,0.06032436,2.7939029,1.3657355,0.2914341,0.06601039,0.4,0.0,0.55489427,0.07361008
375316653866487564,4095631408479213568,0.6731856,2303.8149674967126,1.4437135912263455,5.9034055E-6,15.360701,0.014503992,0.29448503,0.0012364002,0.06035753,0.006955205,0.17026718,0.02996097,0.7961958,0.0059951753,0.051806845,0.0094211,0.23409711,0.046125364,0.09650328,0.017328156,0.29448503,0.0012364002,"TWOGAUSSIANS_WITH_ELLIPSOIDAL_ON_ECLIPSE1",9,12.178385,0.7961958,0.0054662563,0.29011834,0.05275816,0.42704767,0.045835223,0.29448503,0.0012364002,0.33800215,0.038949147,0.36324003,0.009510134
375316653866487564,4095632263159329920,0.509878,2314.7279107261024,0.37957372538986095,5.854384E-5,17.9428,0.0041331635,0.254821,5.916606E-4,0.020752093,6.682861E-4,0.2652456,0.0047014784,null,null,null,null,null,null,null,null,null,null,"ONEGAUSSIAN",5,5.136554,0.254821,5.916606E-4,0.11621172,0.0037424022,0.2652456,0.0,null,null,null,null,null,null
375316653866487564,4095632714129862400,0.5357777,2236.386974474182,0.4482884132485155,4.59168E-5,18.79141,0.016622806,0.26860067,0.043552626,0.10603896,0.06480139,0.034289856,0.016421607,0.73972595,0.019834597,0.09613113,0.014352058,0.35444432,0.043342806,null,null,null,null,"TWOGAUSSIANS",8,1.3164563,0.73972595,0.019834597,0.4,0.0,0.34844467,0.041927878,0.26863068,0.043583367,0.4,0.15828982,0.028290527,0.012480511
375316653866487564,4095633087792642048,0.5135107,2259.927920799083,3.010617586251328,2.5079293E-5,16.673132,0.032145686,0.24990796,0.019866621,0.097035676,0.031149182,0.12556095,0.03116522,0.7498797,0.00859115,0.12504652,0.031085616,0.14349572,0.028714225,null,null,null,null,"TWOGAUSSIANS",8,6.4967713,0.7498797,0.00859115,0.4,0.0,0.12221153,0.008978659,0.24990796,0.019881489,0.4,0.01100965,0.10437317,0.008532788
375316653866487564,4095633534469062784,0.6026068,2207.2317876620027,1.1409667313685985,1.4911641E-5,17.284285,0.004262944,0.24141674,0.021169696,0.057520192,0.01577106,0.16162859,0.03857208,0.7626802,0.009418856,0.06303874,0.0052755116,0.5165249,0.12944475,null,null,null,null,"TWOGAUSSIANS",8,5.8840036,0.7626802,0.009418856,0.35301694,0.029542865,0.51647365,0.12947878,0.24141674,0.021169696,0.32211307,0.08831793,0.1615773,0.03856206
