Gaia/vari_eclipsing_binary/VariEclipsingBinary_228251-228349.csv
# %ECSV 1.0
# ---
# delimiter: ','
# meta: !!omap
# - RELEASE: Gaia DR3
# - TABLE: vari_eclipsing_binary
# - DESCRIPTION: >
#     This table describes the properties of the eclipsing binaries resulting from the variability analysis. 
# - CITATION: >
#     How to cite and acknowledge Gaia: 
#     https://gea.esac.esa.int/archive/documentation/credits.html 
# - KNOWN_ISSUES: >
#     Known issues: 
#     https://www.cosmos.esa.int/web/gaia-users/known-issues 
# - DOCUMENTATION: >
#     Tutorials and documentation: 
#     https://www.cosmos.esa.int/web/gaia-users/archive 
# datatype:
# - 
#   name: solution_id
#   datatype: int64
#   description: Solution Identifier
#   meta:
#     ucd: meta.version
# - 
#   name: source_id
#   datatype: int64
#   description: Unique source identifier
#   meta:
#     ucd: meta.id;meta.main
# - 
#   name: global_ranking
#   datatype: float32
#   description: Number between 0 (worst) and 1 (best)
#   meta:
#     ucd: stat.param
# - 
#   name: reference_time
#   datatype: float64
#   unit: d
#   description: Reference time used for the geometric model fit
#   meta:
#     ucd: time.epoch
# - 
#   name: frequency
#   datatype: float64
#   unit: d**-1
#   description: Frequency of geometric model of the eclipsing binary light curve
#   meta:
#     ucd: src.orbital
# - 
#   name: frequency_error
#   datatype: float32
#   unit: d**-1
#   description: "Uncertainty of \\texttt{frequency}"
#   meta:
#     ucd: stat.error
# - 
#   name: geom_model_reference_level
#   datatype: float32
#   unit: mag
#   description: Magnitude reference level of geometric model
#   meta:
#     ucd: phot.mag;em.opt
# - 
#   name: geom_model_reference_level_error
#   datatype: float32
#   unit: mag
#   description: "Uncertainty of \\texttt{geomModelReferenceLevel}"
#   meta:
#     ucd: stat.error;phot.mag;em.opt
# - 
#   name: geom_model_gaussian1_phase
#   datatype: float32
#   description: Phase of the Gaussian 1 component
#   meta:
#     ucd: time.phase
# - 
#   name: geom_model_gaussian1_phase_error
#   datatype: float32
#   description: "Uncertainty of \\texttt{geomModelGaussian1Phase}"
#   meta:
#     ucd: stat.error;time.phase
# - 
#   name: geom_model_gaussian1_sigma
#   datatype: float32
#   description: "Standard deviation [phase] of Gaussian 1 component"
#   meta:
#     ucd: stat.stdev
# - 
#   name: geom_model_gaussian1_sigma_error
#   datatype: float32
#   description: "Uncertainty of \\texttt{geomModelGaussian1Sigma}"
#   meta:
#     ucd: stat.error
# - 
#   name: geom_model_gaussian1_depth
#   datatype: float32
#   unit: mag
#   description: Magnitude depth of Gaussian 1 component
#   meta:
#     ucd: src.var.amplitude
# - 
#   name: geom_model_gaussian1_depth_error
#   datatype: float32
#   unit: mag
#   description: "Uncertainty of \\texttt{geomModelGaussian1Depth}"
#   meta:
#     ucd: stat.error;src.var.amplitude
# - 
#   name: geom_model_gaussian2_phase
#   datatype: float32
#   description: Phase of Gaussian 2 component
#   meta:
#     ucd: time.phase
# - 
#   name: geom_model_gaussian2_phase_error
#   datatype: float32
#   description: "Uncertainty of \\texttt{geomModelGaussian2Phase}"
#   meta:
#     ucd: stat.error;time.phase
# - 
#   name: geom_model_gaussian2_sigma
#   datatype: float32
[...]
#   datatype: float32
#   description: "Secondary eclipse: uncertainty of \\texttt{derivedSecondaryEclDuration}"
#   meta:
#     ucd: stat.error;time.duration
# - 
#   name: derived_secondary_ecl_depth
#   datatype: float32
#   unit: mag
#   description: "Secondary eclipse: depth"
#   meta:
#     ucd: src.var.amplitude
# - 
#   name: derived_secondary_ecl_depth_error
#   datatype: float32
#   unit: mag
#   description: "Secondary eclipse: uncertainty of \\texttt{derivedSecondaryEclDepth}"
#   meta:
#     ucd: stat.error;src.var.amplitude
solution_id,source_id,global_ranking,reference_time,frequency,frequency_error,geom_model_reference_level,geom_model_reference_level_error,geom_model_gaussian1_phase,geom_model_gaussian1_phase_error,geom_model_gaussian1_sigma,geom_model_gaussian1_sigma_error,geom_model_gaussian1_depth,geom_model_gaussian1_depth_error,geom_model_gaussian2_phase,geom_model_gaussian2_phase_error,geom_model_gaussian2_sigma,geom_model_gaussian2_sigma_error,geom_model_gaussian2_depth,geom_model_gaussian2_depth_error,geom_model_cosine_half_period_amplitude,geom_model_cosine_half_period_amplitude_error,geom_model_cosine_half_period_phase,geom_model_cosine_half_period_phase_error,model_type,num_model_parameters,reduced_chi2,derived_primary_ecl_phase,derived_primary_ecl_phase_error,derived_primary_ecl_duration,derived_primary_ecl_duration_error,derived_primary_ecl_depth,derived_primary_ecl_depth_error,derived_secondary_ecl_phase,derived_secondary_ecl_phase_error,derived_secondary_ecl_duration,derived_secondary_ecl_duration_error,derived_secondary_ecl_depth,derived_secondary_ecl_depth_error
[from data line 219]
375316653866487564,2007872166943563136,0.6990828,2267.620343670308,0.7980497094267309,2.9014632E-6,15.909728,0.0021963897,0.22219993,0.0016323383,0.0279519,0.0017079484,0.65827626,0.035868824,0.72174734,0.0066573382,0.032577474,0.0032771304,0.45093378,0.0483857,0.021458881,0.0030723852,0.22219993,0.0016323383,"TWOGAUSSIANS_WITH_ELLIPSOIDAL_ON_ECLIPSE1",9,6.0947084,0.22219993,0.0016323383,0.15653065,0.0095645115,0.7011939,0.03726733,0.72174734,0.0066084345,0.18243384,0.01835193,0.4938511,0.04792434
375316653866487564,2007872544894730240,0.52669114,2201.116764832923,4.40453187488905,1.6268867E-5,19.862598,0.013454294,0.19879104,0.0020571284,0.07305522,0.004344476,0.47718772,0.020547848,0.68749654,0.004962253,0.083042614,0.0069973543,0.44869146,0.014730027,null,null,null,null,"TWOGAUSSIANS",8,1.2657416,0.19879104,0.0020571284,0.4,0.00535578,0.47287562,0.020563968,0.68749654,0.004962253,0.4,0.0,0.44437933,0.014102505
375316653866487564,2007873571383458944,0.55473965,2240.5974437063355,2.8514618940477026,5.9375247E-6,18.830658,0.008125781,0.14950885,0.002242808,0.044662464,0.006776478,0.17353225,0.028687643,0.65560836,0.0051036105,0.046658125,0.005834795,0.20461734,0.03508189,0.13613,0.020973815,0.14950885,0.002242808,"TWOGAUSSIANS_WITH_ELLIPSOIDAL_ON_ECLIPSE1",9,3.787177,0.65560836,0.0051036105,0.26128548,0.032674853,0.47647744,0.029068684,0.14950885,0.002242808,0.25010982,0.037948277,0.44579205,0.017864252
375316653866487564,2007874224220851584,0.56384784,2194.535636580368,3.3437925921418667,1.0318302E-5,17.22954,0.0055256393,0.27670583,0.00396658,0.08252216,0.004337544,0.24055089,0.008512717,0.7678527,0.0032889547,0.086203896,0.0043772245,0.2532699,0.0093381675,null,null,null,null,"TWOGAUSSIANS",8,6.4533434,0.7678527,0.0032889547,0.4,0.0,0.24803956,0.009336134,0.27670583,0.00396658,0.4,0.0,0.23532055,0.007912209
375316653866487564,2007874847003169920,0.5712223,2212.0624206682173,0.861886779728252,2.6433383E-6,15.906066,0.0015321005,0.2686741,0.0023985815,0.028101418,0.0019438248,0.19084308,0.006802986,0.7700282,0.0017501761,0.026429815,0.0012854749,0.13289392,0.0038230515,null,null,null,null,"TWOGAUSSIANS",8,11.0135765,0.2686741,0.0023985815,0.15736794,0.010885419,0.19084308,0.006802986,0.7700282,0.0017501761,0.14800696,0.0071986592,0.13289392,0.0038230515
375316653866487564,2007875087521314304,0.47467348,2194.474735589626,0.33221555260957436,2.575546E-5,19.681852,0.012394134,0.1690613,0.014715196,0.019347407,0.0065881494,0.31238207,0.16126633,0.5642031,0.019727726,0.15512112,0.021023395,0.27225703,0.021395687,null,null,null,null,"TWOGAUSSIANS",8,2.239236,0.1692713,0.0148095265,0.10834548,0.036893636,0.32013175,0.16252337,0.5642031,0.019727726,0.4,0.0,0.26923737,0.020781614
375316653866487564,2007876736788890112,0.5468587,2249.496096878725,2.9878352818454226,1.2685274E-5,17.997425,0.010230424,0.25253662,0.0033152837,0.039008457,0.009273067,0.1299983,0.0379999,0.76156414,0.0045396527,0.04373073,0.007083148,0.12799683,0.022447143,0.10723574,0.0126071945,0.25253662,0.0033152837,"TWOGAUSSIANS_WITH_ELLIPSOIDAL_ON_ECLIPSE1",9,7.8560495,0.25253662,0.0033152837,0.21844737,0.051929176,0.34446976,0.035817564,0.76156414,0.0045396527,0.24489208,0.03966563,0.341779,0.010737847
375316653866487564,2007878072511613824,0.7345594,2258.137909788923,0.39931277251170594,1.1120798E-5,17.867949,0.0023216184,0.2642719,5.229603E-4,0.022954285,7.621908E-4,1.8844836,0.022421336,0.7611953,8.5132004E-4,0.024557166,0.0014852168,0.15323551,0.008393621,0.020969346,0.0064864126,0.2642719,5.229603E-4,"TWOGAUSSIANS_WITH_ELLIPSOIDAL_ON_ECLIPSE1",9,2.9328413,0.2642719,5.229603E-4,0.128544,0.004268268,1.9264221,0.025323052,0.7612353,8.371862E-4,0.13752013,0.0083172135,0.19515863,0.009285803
375316653866487564,2007878317337174784,0.5036908,2239.56013061265,1.1879656721004983,9.531293E-5,16.82404,0.0022658037,0.39332145,0.0039443946,0.012846166,0.009840457,2.6451313,4.2752337,0.26596594,0.118376344,0.11944961,0.16816764,0.020458532,2.560886,null,null,null,null,"TWOGAUSSIANS",8,16.426273,0.39331144,0.00395391,0.07193853,0.055106558,2.6567137,4.2929316,0.26596594,0.118376344,0.4,0.5236626,0.020452118,2.5608954
375316653866487564,2007879176330606080,0.6377494,2260.139610416817,0.9959926710273495,2.385321E-6,16.311472,0.0034648073,0.5052517,0.007947169,0.0497583,0.003467899,0.46544954,0.038026713,null,null,null,null,null,null,null,null,null,null,"ONEGAUSSIAN",5,10.584724,0.5052517,0.007947169,0.2786465,0.019420234,0.46544954,0.0,null,null,null,null,null,null
375316653866487564,2007879863519213568,0.4794163,2212.57652939301,3.049579816214953,2.2051428E-5,19.668112,0.015673788,0.21647295,0.008684973,0.086749434,0.013276337,0.21746193,0.024219504,0.71555907,0.0049124775,0.07292532,0.006758522,0.31605032,0.023573611,null,null,null,null,"TWOGAUSSIANS",8,2.0710554,0.71555907,0.0049124775,0.4,0.0055796695,0.31231692,0.022841787,0.21647295,0.008684973,0.4,0.0,0.21372849,0.02466382
375316653866487564,2007880786931163520,0.49569455,2206.038332841757,3.72060670541175,2.1148742E-5,18.166054,0.04372433,0.33184054,0.008825454,0.10698637,0.023737615,0.2178432,0.040813856,0.8312562,0.0059000156,0.10754753,0.024893671,0.19087055,0.037137486,null,null,null,null,"TWOGAUSSIANS",8,3.9745054,0.33184054,0.008825221,0.4,0.0,0.19106548,0.010427512,0.8312562,0.0059000156,0.4,0.0,0.16409299,0.0074281795
375316653866487564,2007881233607586688,0.5068678,2220.7226498089803,0.6994471331445867,7.944306E-5,18.94886,0.009554922,0.33442658,0.030358912,0.024299756,0.046142563,0.3960247,0.34498736,0.72115415,0.124734275,0.07103536,0.20125805,0.026642855,0.011437397,null,null,null,null,"TWOGAUSSIANS",8,0.9180085,0.33442658,0.030355662,0.13607863,0.25768355,0.3960247,0.3456001,0.72115415,0.124734275,0.39779803,0.106970675,0.026642855,0.011986164
375316653866487564,2007881852082130688,0.59662235,2209.0187201605645,0.6510150424765109,2.6393986E-6,18.742674,0.0051921895,0.28757936,0.0145731615,0.026825229,0.0063585606,0.629031,0.19669878,0.7879199,6.5466267E-4,0.027786968,8.242736E-4,0.60829496,0.029338362,null,null,null,null,"TWOGAUSSIANS",8,1.9186668,0.28757936,0.0145731615,0.15022127,0.03560794,0.629031,0.19669878,0.7879199,6.5466267E-4,0.15560701,0.0046159322,0.60829496,0.029338362
375316653866487564,2007882951593702144,0.6614753,2247.5080110425993,0.3821496147981985,5.3273684E-6,12.926544,8.9691917E-4,0.28986964,7.491506E-4,0.029322434,0.0012633147,0.31185743,0.032603845,0.7916388,9.153579E-4,0.031704087,0.0010020906,0.28766116,0.009659372,0.02097981,0.001867037,0.28986964,7.491506E-4,"TWOGAUSSIANS_WITH_ELLIPSOIDAL_ON_ECLIPSE1",9,29.176584,0.28986964,7.491506E-4,0.16420563,0.007074563,0.35381702,0.03323081,0.7916388,9.153579E-4,0.17754288,0.0056117075,0.32961553,0.009806069
375316653866487564,2007883436938111104,0.46124512,2222.193092759335,2.9669900371914757,2.8504595E-5,17.416882,0.0040677926,null,null,null,null,null,null,null,null,null,null,null,null,0.03682257,0.006011191,0.2554358,0.006413996,"ELLIPSOIDAL",4,6.636067,null,null,null,null,null,null,null,null,null,null,null,null
375316653866487564,2007885086205101696,0.5502726,2233.318104443944,0.6652217622049358,9.110411E-6,11.635265,0.001591364,0.18643396,0.0020015403,0.030417291,0.001638596,0.08831317,0.0042209593,0.68600106,0.0052849236,0.023870563,0.0057353494,0.101604074,0.022373898,0.016783696,0.002674483,0.18643396,0.0020015403,"TWOGAUSSIANS_WITH_ELLIPSOIDAL_ON_ECLIPSE1",9,73.27031,0.6860111,0.0052430835,0.13367516,0.032117955,0.13517122,0.023292117,0.18643396,0.0020015403,0.17033683,0.009176137,0.12188056,0.0031166694
375316653866487564,2007886559364596480,0.49811822,2254.8620390629844,0.0879970797789266,1.9311963E-4,19.85843,0.006993228,0.37895578,0.011794326,0.010054485,0.010372655,0.71792483,1074.132,0.77739114,0.01196283,0.027276004,0.00722894,0.14145614,0.05083227,null,null,null,null,"TWOGAUSSIANS",8,2.3039403,0.37895578,0.011794326,0.056305114,0.05808687,0.71792483,1074.132,0.77739114,0.01196283,0.15274562,0.040482063,0.14145614,0.05083227
375316653866487564,2007888693977560704,0.5199544,2210.719795268828,0.34079265514351786,2.1696636E-5,13.091833,0.0026938177,0.2933373,0.012288388,0.08763623,0.009548552,0.04910748,0.00653455,0.7939428,0.006524403,0.05754256,0.00984107,0.10595593,0.0114591755,null,null,null,null,"TWOGAUSSIANS",8,27.3355,0.7939428,0.006524403,0.32223833,0.05510999,0.10561969,0.011649896,0.2933373,0.012288388,0.4,0.0,0.048771232,0.0063443896
375316653866487564,2007888724027892736,0.60007834,2230.390129503343,1.2351144657538278,8.765323E-6,17.930216,0.007920835,0.26217225,0.0035560308,0.08715135,0.005150911,0.25385064,0.008360151,0.7467681,0.0016679231,0.08163161,0.002508288,0.483774,0.007966703,null,null,null,null,"TWOGAUSSIANS",8,3.345025,0.7467681,0.0016679231,0.4,0.0,0.47727725,0.006839759,0.26217225,0.0035560308,0.4,0.0,0.24735382,0.0070093423
375316653866487564,2007889037574905216,0.51015615,2237.589182507298,0.8362102801915822,4.2287273E-5,14.685788,0.0027384523,0.23648478,0.0015405206,0.02520835,0.008007522,1.1452311,0.87534213,null,null,null,null,null,null,null,null,null,null,"ONEGAUSSIAN",5,364.03122,0.23648478,0.0015405206,0.14116676,0.04484212,1.1452311,0.0,null,null,null,null,null,null
375316653866487564,2007889896568334848,0.48666537,2222.4017451576374,0.8023332527632462,9.1034024E-5,16.21252,0.0015304501,0.23626219,0.001022933,0.012085242,0.004900287,0.038030766,0.40053016,0.90523094,0.006091014,0.017033631,0.0048686373,0.25323373,0.27790666,null,null,null,null,"TWOGAUSSIANS",8,9.636527,0.90523094,0.006091014,0.09538833,0.02726437,0.25323373,0.27790666,0.23626219,0.001022933,0.06767736,0.027441606,0.038030766,0.40053016
375316653866487564,2007890686842292096,0.48632917,2205.0234541746877,3.44857043804862,4.729858E-5,16.486786,0.02060692,0.19932601,0.009863027,0.08900371,0.012654892,0.1975908,0.022847097,0.69752944,0.011822502,0.10467988,0.01581889,0.23550357,0.026281439,null,null,null,null,"TWOGAUSSIANS",8,64.83381,0.69752944,0.011822502,0.4,0.0,0.22040214,0.021052958,0.19932601,0.009863027,0.4,0.0,0.18249457,0.012539564
375316653866487564,2007892473548712576,0.44399872,2200.5668171839247,1.114298729128489,3.7824087E-5,14.650669,0.015215353,0.26243794,0.02324708,0.09927854,0.03306267,0.17039722,0.05867892,0.75641453,0.0055944496,0.075628035,0.009146472,0.19524522,0.015437742,null,null,null,null,"TWOGAUSSIANS",8,62.697342,0.75641453,0.0055944496,0.4,0.0,0.18980955,0.011353071,0.26243794,0.02324708,0.4,0.0,0.16496044,0.06412093
375316653866487564,2007893573060507392,0.63736075,2209.644357166987,0.03446332124096962,2.5950938E-5,14.716621,0.005050861,0.3937296,0.006539536,0.019422622,0.0040013003,0.097959176,0.009230056,0.76279783,0.0046454575,0.012674314,0.0013500632,4.469543,1.2499387,null,null,null,null,"TWOGAUSSIANS",8,185.19672,0.76279783,0.0046454575,0.07097616,0.007560354,4.469543,1.2499387,0.3937296,0.006539536,0.10876668,0.02240728,0.097959176,0.009230056
375316653866487564,2007894152868486400,0.62833714,2189.9134835421696,2.5203684454244186,4.2516913E-6,17.656183,0.0069597773,0.24265836,0.0013332971,0.05149405,0.002353114,0.26310584,0.017848754,0.7399851,0.0032157889,0.052033067,0.004433792,0.24455468,0.016068477,0.0936577,0.008262882,0.24265836,0.0013332971,"TWOGAUSSIANS_WITH_ELLIPSOIDAL_ON_ECLIPSE1",9,2.922756,0.24265836,0.0013332971,0.28836668,0.01317744,0.45041654,0.012210948,0.7403651,0.002801307,0.29138517,0.024829235,0.43182,0.00614151
375316653866487564,2007895389819183232,0.46927968,2214.623268044272,2.7648497284203373,4.6833E-5,18.107628,0.021370757,0.21148865,0.015155758,0.10679817,0.03880964,0.07841356,0.020955486,0.69945645,0.012944241,0.09624953,0.021813363,0.109537296,0.02101458,null,null,null,null,"TWOGAUSSIANS",8,3.665535,0.69945645,0.012945213,0.4,0.0,0.101939514,0.008025015,0.21148865,0.01515643,0.4,0.0,0.070813045,0.01120883
375316653866487564,2007896390559442176,0.6323052,2223.3462715272162,0.47932778896178807,8.816312E-6,16.00353,0.0017765278,0.22137636,0.021714093,0.03168845,0.0093279,0.60589445,0.20099477,0.71945393,0.0020013233,0.02704296,0.0014531445,0.65239954,0.0684137,null,null,null,null,"TWOGAUSSIANS",8,17.875423,0.71945393,0.0020013233,0.15144058,0.008137609,0.65239954,0.0684137,0.22137636,0.021714093,0.17745534,0.05223624,0.60589445,0.20099477
375316653866487564,2007896768516544768,0.5104439,2211.410220802985,2.5901358637177387,1.4314721E-5,15.189817,0.02264091,0.29678863,0.0071666655,0.098098576,0.01181325,0.2721151,0.024321217,0.79890674,0.0031383159,0.10700136,0.009543397,0.27369818,0.021137623,null,null,null,null,"TWOGAUSSIANS",8,190.578,0.79890674,0.0031383159,0.4,0.0,0.24646212,0.013045088,0.29678863,0.0071724006,0.4,0.0,0.24488778,0.019586684
375316653866487564,2007897283912617216,0.4904837,2238.7884243180933,1.9611787471904252,1.7946308E-5,18.268192,0.022048155,0.245998,0.004204176,0.069265835,0.0061152996,0.37293345,0.026430063,0.73413956,0.008294457,0.07452281,0.009740665,0.6250904,0.074824855,null,null,null,null,"TWOGAUSSIANS",8,22.42032,0.73413956,0.008294457,0.4,0.011199526,0.62336844,0.07569289,0.245998,0.004204176,0.38788867,0.033875253,0.37121147,0.02578482
375316653866487564,2007897451403462912,0.6111905,2209.710776100752,2.426157736176718,1.294939E-5,17.062338,0.043710407,0.26463687,0.0059253764,0.05975898,0.016085023,0.2579148,0.08395892,0.75329643,0.004722708,0.05438076,0.013864516,0.2733337,0.07647319,0.090391785,0.044125352,0.26463687,0.0059253764,"TWOGAUSSIANS_WITH_ELLIPSOIDAL_ON_ECLIPSE1",9,19.697886,0.7548064,0.003841423,0.30453223,0.07764129,0.45327842,0.018172875,0.26463687,0.0059253764,0.33465028,0.07806534,0.4386537,0.012448234
375316653866487564,2007899860892968448,0.58821505,2205.5416036941297,3.4338190610511474,5.883809E-6,16.770218,0.008682146,0.29782513,0.0066745584,0.043623053,0.008031276,0.24154985,0.06535059,0.8078141,0.0027312052,0.047387257,0.0037559536,0.47785726,0.02597266,0.1436344,0.009728451,0.8078141,0.0027312052,"TWOGAUSSIANS_WITH_ELLIPSOIDAL_ON_ECLIPSE2",9,25.080492,0.8078141,0.0027312052,0.26536864,0.02103334,0.7651249,0.014705529,0.29933512,0.005318705,0.2442891,0.044975147,0.52785826,0.06285093
375316653866487564,2007901029124304896,0.58052874,2245.242343956797,0.06009065941649645,1.373874E-4,16.729853,0.0010737,0.53851295,1.5943694E-4,0.0073482515,1.8547568E-4,0.2358968,0.0020735282,0.834841,0.0139211835,0.034551337,0.015763048,0.025628606,0.004916037,null,null,null,null,"TWOGAUSSIANS",8,2.9658442,0.53851295,1.5943694E-4,0.04115021,0.0010386639,0.2358968,0.0020735282,0.834841,0.0139211835,0.1934875,0.08827306,0.025628606,0.004916037
375316653866487564,2007905903900817024,0.6427838,2230.480435437943,0.8616696582364863,1.2122358E-5,17.58271,0.0037188367,0.2361535,0.0022822025,0.038973622,0.0023711997,0.22618467,0.009509786,0.73635083,0.00991574,0.037586957,0.011666364,0.9211878,0.819737,0.046327192,0.0052434052,0.2361535,0.0022822025,"TWOGAUSSIANS_WITH_ELLIPSOIDAL_ON_ECLIPSE1",9,5.6320624,0.73635083,0.009912141,0.21048696,0.06533164,1.013842,0.81992793,0.2361535,0.0022822025,0.21825229,0.013278718,0.31883895,0.006693479
375316653866487564,2007906217440565760,0.62877584,2245.516957347298,4.051940280083268,1.0085109E-6,16.383368,0.0010292933,0.43432164,0.0025685362,0.021157894,0.009791928,0.27584773,0.22561544,0.72549134,1.00561365E-7,0.0040294756,8.534669E-6,0.91027826,0.0013623635,null,null,null,null,"TWOGAUSSIANS",8,4.3579736,0.72549134,1.00561365E-7,0.022565063,4.7794147E-5,0.91027826,0.0013623635,0.43432164,0.0025685362,0.118484214,0.0548348,0.27584773,0.22561544
