Gaia/vari_eclipsing_binary/VariEclipsingBinary_487396-487441.csv
# %ECSV 1.0
# ---
# delimiter: ','
# meta: !!omap
# - RELEASE: Gaia DR3
# - TABLE: vari_eclipsing_binary
# - DESCRIPTION: >
#     This table describes the properties of the eclipsing binaries resulting from the variability analysis. 
# - CITATION: >
#     How to cite and acknowledge Gaia: 
#     https://gea.esac.esa.int/archive/documentation/credits.html 
# - KNOWN_ISSUES: >
#     Known issues: 
#     https://www.cosmos.esa.int/web/gaia-users/known-issues 
# - DOCUMENTATION: >
#     Tutorials and documentation: 
#     https://www.cosmos.esa.int/web/gaia-users/archive 
# datatype:
# - 
#   name: solution_id
#   datatype: int64
#   description: Solution Identifier
#   meta:
#     ucd: meta.version
# - 
#   name: source_id
#   datatype: int64
#   description: Unique source identifier
#   meta:
#     ucd: meta.id;meta.main
# - 
#   name: global_ranking
#   datatype: float32
#   description: Number between 0 (worst) and 1 (best)
#   meta:
#     ucd: stat.param
# - 
#   name: reference_time
#   datatype: float64
#   unit: d
#   description: Reference time used for the geometric model fit
#   meta:
#     ucd: time.epoch
# - 
#   name: frequency
#   datatype: float64
#   unit: d**-1
#   description: Frequency of geometric model of the eclipsing binary light curve
#   meta:
#     ucd: src.orbital
# - 
#   name: frequency_error
#   datatype: float32
#   unit: d**-1
#   description: "Uncertainty of \\texttt{frequency}"
#   meta:
#     ucd: stat.error
# - 
#   name: geom_model_reference_level
#   datatype: float32
#   unit: mag
#   description: Magnitude reference level of geometric model
#   meta:
#     ucd: phot.mag;em.opt
# - 
#   name: geom_model_reference_level_error
#   datatype: float32
#   unit: mag
#   description: "Uncertainty of \\texttt{geomModelReferenceLevel}"
#   meta:
#     ucd: stat.error;phot.mag;em.opt
# - 
#   name: geom_model_gaussian1_phase
#   datatype: float32
#   description: Phase of the Gaussian 1 component
#   meta:
#     ucd: time.phase
# - 
#   name: geom_model_gaussian1_phase_error
#   datatype: float32
#   description: "Uncertainty of \\texttt{geomModelGaussian1Phase}"
#   meta:
#     ucd: stat.error;time.phase
# - 
#   name: geom_model_gaussian1_sigma
#   datatype: float32
#   description: "Standard deviation [phase] of Gaussian 1 component"
#   meta:
#     ucd: stat.stdev
# - 
#   name: geom_model_gaussian1_sigma_error
#   datatype: float32
#   description: "Uncertainty of \\texttt{geomModelGaussian1Sigma}"
#   meta:
#     ucd: stat.error
# - 
#   name: geom_model_gaussian1_depth
#   datatype: float32
#   unit: mag
#   description: Magnitude depth of Gaussian 1 component
#   meta:
#     ucd: src.var.amplitude
# - 
#   name: geom_model_gaussian1_depth_error
#   datatype: float32
#   unit: mag
#   description: "Uncertainty of \\texttt{geomModelGaussian1Depth}"
#   meta:
#     ucd: stat.error;src.var.amplitude
# - 
#   name: geom_model_gaussian2_phase
#   datatype: float32
#   description: Phase of Gaussian 2 component
#   meta:
#     ucd: time.phase
# - 
#   name: geom_model_gaussian2_phase_error
#   datatype: float32
#   description: "Uncertainty of \\texttt{geomModelGaussian2Phase}"
#   meta:
#     ucd: stat.error;time.phase
# - 
#   name: geom_model_gaussian2_sigma
#   datatype: float32
[...]
#   datatype: float32
#   description: "Secondary eclipse: uncertainty of \\texttt{derivedSecondaryEclDuration}"
#   meta:
#     ucd: stat.error;time.duration
# - 
#   name: derived_secondary_ecl_depth
#   datatype: float32
#   unit: mag
#   description: "Secondary eclipse: depth"
#   meta:
#     ucd: src.var.amplitude
# - 
#   name: derived_secondary_ecl_depth_error
#   datatype: float32
#   unit: mag
#   description: "Secondary eclipse: uncertainty of \\texttt{derivedSecondaryEclDepth}"
#   meta:
#     ucd: stat.error;src.var.amplitude
solution_id,source_id,global_ranking,reference_time,frequency,frequency_error,geom_model_reference_level,geom_model_reference_level_error,geom_model_gaussian1_phase,geom_model_gaussian1_phase_error,geom_model_gaussian1_sigma,geom_model_gaussian1_sigma_error,geom_model_gaussian1_depth,geom_model_gaussian1_depth_error,geom_model_gaussian2_phase,geom_model_gaussian2_phase_error,geom_model_gaussian2_sigma,geom_model_gaussian2_sigma_error,geom_model_gaussian2_depth,geom_model_gaussian2_depth_error,geom_model_cosine_half_period_amplitude,geom_model_cosine_half_period_amplitude_error,geom_model_cosine_half_period_phase,geom_model_cosine_half_period_phase_error,model_type,num_model_parameters,reduced_chi2,derived_primary_ecl_phase,derived_primary_ecl_phase_error,derived_primary_ecl_duration,derived_primary_ecl_duration_error,derived_primary_ecl_depth,derived_primary_ecl_depth_error,derived_secondary_ecl_phase,derived_secondary_ecl_phase_error,derived_secondary_ecl_duration,derived_secondary_ecl_duration_error,derived_secondary_ecl_depth,derived_secondary_ecl_depth_error
[from data line 151]
375316653866487564,4287267729627916160,0.5249443,2256.626322722688,0.12902175448863457,1.2561541E-5,18.738934,0.014094809,0.118606895,0.012120715,0.065155484,0.00804921,0.38138306,0.026155327,0.6339269,0.04861559,0.08050724,0.03513136,0.42297262,0.24446474,null,null,null,null,"TWOGAUSSIANS",8,2.9531481,0.6339269,0.04861559,0.4,0.12691768,0.42143446,0.24545246,0.118606895,0.012120715,0.3648707,0.045075577,0.3798449,0.024035234
375316653866487564,4287268141952355456,0.5714736,2230.9903567005367,1.1557514296909026,1.1949545E-5,18.952496,0.03493142,0.23185463,0.0022465007,0.09499872,0.008333545,0.41857213,0.032440532,0.74380636,0.0056277253,0.10440644,0.01361547,0.2633524,0.03402338,null,null,null,null,"TWOGAUSSIANS",8,1.185258,0.23185463,0.0022421568,0.4,0.0,0.39444464,0.016727744,0.74380636,0.0056277253,0.4,0.0,0.23921958,0.018743312
375316653866487564,4287270542814779648,0.55259186,2173.779854618443,3.823102622826148,1.8008432E-5,17.898539,0.016746782,0.27101398,0.011459443,0.08142623,0.011612242,0.31232256,0.05294376,0.76642656,0.0036488394,0.08875065,0.0097043235,0.3279924,0.018771414,null,null,null,null,"TWOGAUSSIANS",8,7.089695,0.76642656,0.0036488394,0.4,0.0,0.32009977,0.02202104,0.27101398,0.011459443,0.4,0.0,0.30443,0.05377032
375316653866487564,4287270684572656896,0.49526164,2207.412976608546,3.415042549202309,2.1337226E-5,19.052761,0.0097826,null,null,null,null,null,null,null,null,null,null,null,null,0.09922335,0.0132916095,0.34016508,0.009979942,"ELLIPSOIDAL",4,3.687566,null,null,null,null,null,null,null,null,null,null,null,null
375316653866487564,4287271062529698944,0.60580003,2209.631953365687,2.039594801253383,6.5807135E-6,15.501619,0.047319002,0.353221,0.0036094435,0.11891377,0.041484255,0.14653708,0.031067634,0.8504213,0.0028448543,0.10068839,0.014311916,0.16004652,0.043945976,null,null,null,null,"TWOGAUSSIANS",8,5.5951843,0.8504213,0.0028448543,0.4,0.0,0.13801458,0.0034287705,0.353221,0.0036065935,0.4,0.0,0.12446394,0.016679931
375316653866487564,4287272024593028992,0.5056523,2190.3535628052496,2.4969481054761395,1.7997749E-5,19.484676,0.008606818,0.25918484,0.014997503,0.06936326,0.01843601,0.18232833,0.0118505815,0.7671527,0.00664841,0.08630005,0.008122816,0.22765145,0.02137316,null,null,null,null,"TWOGAUSSIANS",8,1.144909,0.7671527,0.00664841,0.4,0.0,0.2256543,0.02143071,0.25918484,0.014997503,0.38843426,0.037137255,0.18033122,0.015512341
375316653866487564,4287272089003192192,0.56222486,2204.1696221935695,3.031014672475919,3.227912E-5,19.213491,0.024929423,0.16955747,0.004143158,0.0802704,0.01077579,0.40692377,0.12357755,0.6507598,0.0066654,0.0731047,0.008233911,0.5816724,0.036712874,null,null,null,null,"TWOGAUSSIANS",8,2.968895,0.6507598,0.0066654,0.4,0.00917193,0.578521,0.03587467,0.16955747,0.004143158,0.4,0.006076501,0.4037724,0.12459423
375316653866487564,4287272608708578176,0.43628865,2214.4834452000773,0.6921459704306792,2.4051787E-5,19.263071,0.037300367,0.44414508,0.0078869555,0.03080763,0.0058809575,0.13938805,0.03043167,0.78124386,0.035817865,0.1569188,0.065784045,0.20612599,0.0494379,null,null,null,null,"TWOGAUSSIANS",8,2.4007034,0.78124386,0.035817865,0.4,0.0,0.20355257,0.049409315,0.44609508,0.00788326,0.17252272,0.03293336,0.15762743,0.032546848
375316653866487564,4287272814876422144,0.5428263,2263.751124806259,3.069928540499181,2.44735E-5,19.08257,0.09908495,0.26046532,0.013204314,0.1031076,0.032353163,0.3057411,0.08919028,0.7361922,0.0053568627,0.118176974,0.030221704,0.28939492,0.09567413,null,null,null,null,"TWOGAUSSIANS",8,1.5819378,0.2605453,0.013110477,0.4,0.0,0.27009133,0.03450998,0.7361922,0.0053568627,0.4,0.0,0.25365004,0.0267528
375316653866487564,4287273673871436672,0.52962285,2185.345010583047,0.5755344279199804,3.1101386E-5,16.64578,0.0024804226,0.37157074,0.039628875,0.04130892,0.01726242,0.19980709,0.1895516,0.7375118,0.03554279,0.11592598,0.041269027,0.018437883,0.0066368873,null,null,null,null,"TWOGAUSSIANS",8,1.0576575,0.37160072,0.03965458,0.23132995,0.09666955,0.19991654,0.1895793,0.7375118,0.03554279,0.4,0.0,0.018420827,0.006667903
375316653866487564,4287273914379199872,0.4976867,2203.7243986395783,1.9492035558160623,1.222092E-4,16.384666,0.0016435469,0.4342484,0.012030032,0.04705653,0.016861167,0.12346095,0.047766086,0.77376276,0.022005372,0.039831594,0.017319987,0.12260994,0.149548,null,null,null,null,"TWOGAUSSIANS",8,2.2547886,0.4342484,0.012030032,0.26351658,0.094422534,0.12346095,0.047766086,0.77376276,0.022005372,0.22305693,0.09699192,0.12260994,0.149548
375316653866487564,4287274051818373504,0.5504091,2180.4411010052695,2.8784477119292218,1.2990222E-5,19.426888,0.018479679,0.22146653,0.0058637415,0.080181435,0.006299052,0.5220251,0.036236856,0.706016,0.007649113,0.069762334,0.0069010663,0.42082188,0.034256205,null,null,null,null,"TWOGAUSSIANS",8,3.5358958,0.22146653,0.0058637415,0.4,0.0,0.51946646,0.03587962,0.706016,0.007649113,0.39066908,0.031000253,0.41826323,0.033037327
375316653866487564,4287274635944139776,0.51185054,2168.6830080487603,2.9625730454070305,6.0474908E-5,18.916637,0.02666556,0.26992387,0.008324302,0.10814046,0.017666334,0.26836595,0.025995765,0.77616775,0.0069867955,0.08732916,0.011985145,0.28847146,0.032045443,null,null,null,null,"TWOGAUSSIANS",8,3.3692698,0.77616775,0.0069879065,0.4,0.0,0.2692517,0.036012225,0.26992387,0.008324302,0.4,0.0,0.2491336,0.021411559
375316653866487564,4287275868574911360,0.5063222,2228.914464258809,2.153107097531249,1.0584936E-5,16.689842,0.018955125,0.3018752,0.003193782,0.054470707,0.0043184217,0.43652716,0.053594843,0.776435,0.0032437304,0.066190384,0.0075260317,0.6626015,0.11748296,null,null,null,null,"TWOGAUSSIANS",8,136.61961,0.776435,0.0032437304,0.37066615,0.042145777,0.6625182,0.11758848,0.3018752,0.003193782,0.30503595,0.024183163,0.4364439,0.053593185
375316653866487564,4287275941603788288,0.5711835,2183.7871819517914,2.94880360131265,1.1534242E-5,18.962986,0.025588172,0.28773686,0.0048877024,0.040813357,0.010353237,0.40891808,0.11417578,0.80141556,0.011742092,0.03427166,0.014155259,0.48969442,0.13637346,0.13528179,0.042702973,0.28773686,0.0048877024,"TWOGAUSSIANS_WITH_ELLIPSOIDAL_ON_ECLIPSE1",9,3.5706887,0.80141556,0.011694999,0.19192131,0.079269454,0.75826395,0.16471204,0.28773686,0.0048877024,0.2285548,0.05797813,0.6794812,0.10314537
375316653866487564,4287276246531899648,0.59097075,2208.3896541356876,2.3257910074789447,1.5662888E-5,18.015717,0.040794965,0.23082206,0.003511228,0.12161847,0.015695252,0.24937592,0.039731413,0.71890306,0.0045354734,0.111962184,0.013194997,0.2800319,0.039874543,null,null,null,null,"TWOGAUSSIANS",8,2.2547433,0.71890306,0.0045354734,0.4,0.0,0.2324936,0.010117378,0.23085207,0.0035027922,0.4,0.0,0.20175186,0.0072179465
375316653866487564,4287276525728365056,0.64604414,2189.305338739785,2.364777410355843,4.7458016E-6,15.991745,0.007753449,0.29303697,0.0045963596,0.09521391,0.0072604795,0.2815459,0.020596273,0.785085,0.002205637,0.08443835,0.0030296624,0.38227585,0.011341997,null,null,null,null,"TWOGAUSSIANS",8,6.087145,0.785085,0.002205637,0.4,0.0,0.3703932,0.010808023,0.29303697,0.0045963596,0.4,0.0,0.26966265,0.02273053
375316653866487564,4287277178554866688,0.45515352,2220.8250773874297,3.8902587252081053,5.1414707E-5,19.32577,0.010489631,0.4775584,0.01751481,0.109120026,0.044765484,0.2055348,0.08060597,0.85190505,0.025031015,0.0361568,0.015144128,0.023317467,0.010562115,null,null,null,null,"TWOGAUSSIANS",8,1.5426445,0.4775584,0.01751481,0.4,0.0,0.20551316,0.08176239,0.85190505,0.025031015,0.20247808,0.08480712,0.023867695,0.012830513
375316653866487564,4287278479914908672,0.5542869,2192.188240594387,2.7046595598768475,3.5515925E-5,18.029331,0.42369407,0.27386189,0.0053254757,0.15697281,0.066762224,0.46216127,0.40997994,0.77471614,0.0041838037,0.14729647,0.05346578,0.50492674,0.40043858,null,null,null,null,"TWOGAUSSIANS",8,3.6948533,0.77480614,0.004169284,0.4,0.0,0.2623426,0.0069698296,0.27378187,0.0054008714,0.4,0.0,0.2169649,0.012130823
375316653866487564,4287280167853393152,0.453838,2280.012951634145,3.676544871728583,3.778704E-5,18.34147,0.0112737715,0.22955999,0.017957013,0.032521248,0.015134146,0.07284288,0.23147975,0.6658555,0.010356868,0.17510208,0.017564567,0.13148585,0.012379061,null,null,null,null,"TWOGAUSSIANS",8,2.6644192,0.6658555,0.010356868,0.4,0.0,0.12573165,0.009047839,0.23059998,0.018358676,0.182119,0.08475122,0.07376239,0.23273171
375316653866487564,4287280472780172032,0.48478702,2278.1799425826257,0.051871544998334664,3.8468836E-5,17.334538,0.0074765296,0.30453014,0.031143017,0.04654496,0.016163012,0.6081341,1.5441489,0.80845326,0.075261876,0.042733334,0.03678689,0.2863675,1.0596557,null,null,null,null,"TWOGAUSSIANS",8,17.947023,0.30453014,0.031143017,0.2606518,0.090512864,0.608134,1.5441489,0.80845326,0.075261876,0.23930667,0.20600659,0.28636742,1.0596559
375316653866487564,4287281056895755008,0.49035057,2287.0336937402335,3.0931113384929283,4.0563333E-5,19.164858,0.01904329,0.2762765,0.015788008,0.09025061,0.016982688,0.16005126,0.026158955,0.7710611,0.021609548,0.09088644,0.026207019,0.1895448,0.041272644,null,null,null,null,"TWOGAUSSIANS",8,1.5976053,0.7710611,0.021609548,0.4,0.0,0.1824209,0.044958916,0.2762765,0.015788008,0.4,0.0,0.1529274,0.022513606
375316653866487564,4287281503572380928,0.57168925,2227.2586603810323,0.31224257177205716,2.311518E-5,18.514906,0.006862791,0.12302581,0.06892344,0.055331685,0.035726793,0.10111369,0.16856523,0.62284726,0.060244057,0.030850675,0.013592647,1.2376674,6.1599503,null,null,null,null,"TWOGAUSSIANS",8,2.9036303,0.62284726,0.060244057,0.17276378,0.07611883,1.2376673,6.1599503,0.12302581,0.06892344,0.30985743,0.20007004,0.10111367,0.16856526
375316653866487564,4287281817118886400,0.51579744,2221.9550179352314,3.1122235266934126,2.5440015E-5,19.441479,0.03530719,0.33830202,0.008388499,0.08413254,0.0117856525,0.47849113,0.047051825,0.85310084,0.013341579,0.07768682,0.020484794,0.435863,0.29522407,null,null,null,null,"TWOGAUSSIANS",8,4.070889,0.33830202,0.008388499,0.4,0.0,0.4726906,0.04422312,0.85310084,0.013341579,0.4,0.05845943,0.4300625,0.30014613
375316653866487564,4287281920198186240,0.5238273,2244.614267800541,3.688962627308899,2.6770122E-5,19.913353,0.014517249,0.24896574,0.0058510574,0.06471375,0.009128416,0.32019934,0.015458625,0.73324907,0.008547091,0.082376964,0.0072972686,0.35968816,0.034651916,null,null,null,null,"TWOGAUSSIANS",8,1.3399836,0.73324907,0.008547091,0.4,0.0,0.3582353,0.034636017,0.24896574,0.0058510574,0.36239696,0.05111913,0.31874648,0.014543418
375316653866487564,4287282809242261376,0.6401634,2280.7255958758387,0.010643934001706814,5.415243E-6,18.276289,0.0029892575,0.19960868,0.0038667067,0.05043764,0.015673203,1.0893805,1.956628,0.7567419,0.081440344,0.03483312,0.035412434,1.3656341,2.6081035,null,null,null,null,"TWOGAUSSIANS",8,1.2347002,0.7567419,0.081440344,0.19506547,0.19830963,1.3656341,2.6081414,0.19960868,0.0038667067,0.2824508,0.08776993,1.0893805,1.9566326
375316653866487564,4287283565156715136,0.52512556,2269.62285434007,2.960050153204795,6.370667E-5,18.799019,0.039059013,0.30256876,0.0100600645,0.039090347,0.01116116,0.42255864,0.14265381,0.7620487,0.050238986,0.049029417,0.04286566,0.49881476,0.45231494,0.09526064,0.06546869,0.30256876,0.0100600645,"TWOGAUSSIANS_WITH_ELLIPSOIDAL_ON_ECLIPSE1",9,15.720304,0.76469874,0.04374795,0.27456474,0.19165485,0.6780214,0.4725788,0.30256876,0.0100600645,0.21890594,0.062502496,0.6130781,0.10159663
375316653866487564,4287283947432119808,0.46183497,2272.676526209105,1.4496890079330906,2.5514535E-5,12.259712,0.0017836893,null,null,null,null,null,null,null,null,null,null,null,null,0.029546872,0.0022408683,0.2533818,0.006445558,"ELLIPSOIDAL",4,89.41751,null,null,null,null,null,null,null,null,null,null,null,null
375316653866487564,4287284772067081856,0.48372406,2258.6310827994407,0.10639363240515776,5.831775E-5,18.045622,0.048582133,0.23171116,0.012274874,0.12774383,0.01981745,0.88365376,0.12340648,0.5711969,0.008334974,0.08825066,0.00848069,1.688044,0.38117695,null,null,null,null,"TWOGAUSSIANS",8,11.677777,0.5711969,0.008334974,0.4,0.0,1.6931103,0.3875604,0.23257117,0.011949617,0.4,0.0,0.8639089,0.13585193
375316653866487564,4287285527973447040,0.54970807,2212.7445885316115,2.4328194552244296,4.8113394E-5,19.27992,0.0041169226,0.20390686,0.03537118,0.019191578,0.016150417,0.064117596,0.10006633,0.57288843,0.0013634951,0.04591139,0.0034697852,1.1865033,0.88932055,null,null,null,null,"TWOGAUSSIANS",8,1.2729158,0.57288843,0.0013634951,0.2571038,0.019430798,1.1865033,0.88932055,0.20390686,0.03537118,0.10747284,0.09044233,0.064117596,0.10006633
375316653866487564,4287285940290297728,0.538633,2267.3344877001064,3.4314989444144905,5.9049715E-5,19.18201,0.009092656,0.1563233,0.016288033,0.039413888,0.03061085,0.36533162,0.31248003,0.86617625,0.032549668,0.08964993,0.03113864,0.033746846,0.010421419,null,null,null,null,"TWOGAUSSIANS",8,0.48615333,0.1562933,0.016269991,0.22071777,0.16997443,0.36551103,0.31248912,0.86617625,0.03251299,0.4,0.0,0.03374681,0.010419944
375316653866487564,4287286867977676288,0.58727485,2239.8783935656847,3.6312224744358828,1.990241E-5,19.290783,0.01674435,0.21451965,0.017889949,0.061735373,0.013031103,0.6214689,0.028673029,0.7150165,0.003177302,0.06281171,0.0051553603,0.6827324,0.062428437,null,null,null,null,"TWOGAUSSIANS",8,2.7041564,0.7150165,0.003177302,0.35174558,0.028870018,0.6823264,0.062662706,0.21451965,0.017889949,0.3457181,0.058095235,0.6210628,0.02837234
375316653866487564,4287287104205651840,0.5910067,2232.825504367087,2.7971658910802826,2.6284339E-5,18.605484,0.013776828,0.2133086,0.0047017783,0.087420546,0.00840276,0.31415027,0.020791112,0.72579694,0.0053622755,0.07687233,0.0077228043,0.35713202,0.018135164,null,null,null,null,"TWOGAUSSIANS",8,2.253345,0.72579694,0.0053622755,0.4,0.0059020957,0.35200337,0.017316062,0.2133086,0.0047017783,0.4,0.0,0.30902156,0.021386668
375316653866487564,4287287138565397248,0.6119283,2244.5081175566697,2.481046248857954,1.2032179E-5,16.70675,0.033707205,0.2631107,0.0035699904,0.111494035,0.014619416,0.22731923,0.031709135,0.76214945,0.0031630169,0.11287717,0.014518473,0.23890206,0.032151286,null,null,null,null,"TWOGAUSSIANS",8,3.5707483,0.76214945,0.0031630169,0.4,0.0,0.20037343,0.006136742,0.2631107,0.0035691457,0.4,0.0,0.18879728,0.0072347717
375316653866487564,4287288242367884672,0.49437,2235.174869691738,2.533466605488472,3.0424648E-5,19.239891,0.01814336,0.24911878,0.008570383,0.08556109,0.011447282,0.44938368,0.048387036,0.7504868,0.005594252,0.08293723,0.007951392,0.38979727,0.02021696,null,null,null,null,"TWOGAUSSIANS",8,3.4198518,0.24911878,0.008570383,0.4,0.0,0.43937087,0.05170863,0.7504868,0.005594252,0.4,0.0,0.37978446,0.018708277
375316653866487564,4287288684753666816,0.53668463,2280.15071478717,2.202634912114849,4.3583474E-5,17.599928,0.11887624,0.27950415,0.0043498953,0.06800672,0.01666256,0.40909564,0.23130159,0.7629979,0.009401521,0.03426308,0.04346603,0.4057565,0.19507638,0.11899966,0.11911061,0.27950415,0.0043498953,"TWOGAUSSIANS_WITH_ELLIPSOIDAL_ON_ECLIPSE1",9,54.852356,0.27950415,0.0043498953,0.38083762,0.04373816,0.64663535,0.037142944,0.76384795,0.009054888,0.19187325,0.20811714,0.6408757,0.086276606
375316653866487564,4287290437100144896,0.54642195,2209.070098907962,0.4045537514630495,3.424369E-5,16.069048,0.004344835,0.8035353,0.030972973,0.00868339,0.008887164,0.51940536,6.6468673,null,null,null,null,null,null,0.013135184,0.009494701,0.8035353,0.030972973,"ONEGAUSSIAN_WITH_ELLIPSOIDAL",6,65.54148,0.8035353,0.030972973,0.048626985,0.04976812,0.54567575,6.6518545,null,null,null,null,null,null
