Gaia/vari_eclipsing_binary/VariEclipsingBinary_465337-465350.csv
# %ECSV 1.0
# ---
# delimiter: ','
# meta: !!omap
# - RELEASE: Gaia DR3
# - TABLE: vari_eclipsing_binary
# - DESCRIPTION: >
#     This table describes the properties of the eclipsing binaries resulting from the variability analysis. 
# - CITATION: >
#     How to cite and acknowledge Gaia: 
#     https://gea.esac.esa.int/archive/documentation/credits.html 
# - KNOWN_ISSUES: >
#     Known issues: 
#     https://www.cosmos.esa.int/web/gaia-users/known-issues 
# - DOCUMENTATION: >
#     Tutorials and documentation: 
#     https://www.cosmos.esa.int/web/gaia-users/archive 
# datatype:
# - 
#   name: solution_id
#   datatype: int64
#   description: Solution Identifier
#   meta:
#     ucd: meta.version
# - 
#   name: source_id
#   datatype: int64
#   description: Unique source identifier
#   meta:
#     ucd: meta.id;meta.main
# - 
#   name: global_ranking
#   datatype: float32
#   description: Number between 0 (worst) and 1 (best)
#   meta:
#     ucd: stat.param
# - 
#   name: reference_time
#   datatype: float64
#   unit: d
#   description: Reference time used for the geometric model fit
#   meta:
#     ucd: time.epoch
# - 
#   name: frequency
#   datatype: float64
#   unit: d**-1
#   description: Frequency of geometric model of the eclipsing binary light curve
#   meta:
#     ucd: src.orbital
# - 
#   name: frequency_error
#   datatype: float32
#   unit: d**-1
#   description: "Uncertainty of \\texttt{frequency}"
#   meta:
#     ucd: stat.error
# - 
#   name: geom_model_reference_level
#   datatype: float32
#   unit: mag
#   description: Magnitude reference level of geometric model
#   meta:
#     ucd: phot.mag;em.opt
# - 
#   name: geom_model_reference_level_error
#   datatype: float32
#   unit: mag
#   description: "Uncertainty of \\texttt{geomModelReferenceLevel}"
#   meta:
#     ucd: stat.error;phot.mag;em.opt
# - 
#   name: geom_model_gaussian1_phase
#   datatype: float32
#   description: Phase of the Gaussian 1 component
#   meta:
#     ucd: time.phase
# - 
#   name: geom_model_gaussian1_phase_error
#   datatype: float32
#   description: "Uncertainty of \\texttt{geomModelGaussian1Phase}"
#   meta:
#     ucd: stat.error;time.phase
# - 
#   name: geom_model_gaussian1_sigma
#   datatype: float32
#   description: "Standard deviation [phase] of Gaussian 1 component"
#   meta:
#     ucd: stat.stdev
# - 
#   name: geom_model_gaussian1_sigma_error
#   datatype: float32
#   description: "Uncertainty of \\texttt{geomModelGaussian1Sigma}"
#   meta:
#     ucd: stat.error
# - 
#   name: geom_model_gaussian1_depth
#   datatype: float32
#   unit: mag
#   description: Magnitude depth of Gaussian 1 component
#   meta:
#     ucd: src.var.amplitude
# - 
#   name: geom_model_gaussian1_depth_error
#   datatype: float32
#   unit: mag
#   description: "Uncertainty of \\texttt{geomModelGaussian1Depth}"
#   meta:
#     ucd: stat.error;src.var.amplitude
# - 
#   name: geom_model_gaussian2_phase
#   datatype: float32
#   description: Phase of Gaussian 2 component
#   meta:
#     ucd: time.phase
# - 
#   name: geom_model_gaussian2_phase_error
#   datatype: float32
#   description: "Uncertainty of \\texttt{geomModelGaussian2Phase}"
#   meta:
#     ucd: stat.error;time.phase
# - 
#   name: geom_model_gaussian2_sigma
#   datatype: float32
[...]
#   datatype: float32
#   description: "Secondary eclipse: uncertainty of \\texttt{derivedSecondaryEclDuration}"
#   meta:
#     ucd: stat.error;time.duration
# - 
#   name: derived_secondary_ecl_depth
#   datatype: float32
#   unit: mag
#   description: "Secondary eclipse: depth"
#   meta:
#     ucd: src.var.amplitude
# - 
#   name: derived_secondary_ecl_depth_error
#   datatype: float32
#   unit: mag
#   description: "Secondary eclipse: uncertainty of \\texttt{derivedSecondaryEclDepth}"
#   meta:
#     ucd: stat.error;src.var.amplitude
solution_id,source_id,global_ranking,reference_time,frequency,frequency_error,geom_model_reference_level,geom_model_reference_level_error,geom_model_gaussian1_phase,geom_model_gaussian1_phase_error,geom_model_gaussian1_sigma,geom_model_gaussian1_sigma_error,geom_model_gaussian1_depth,geom_model_gaussian1_depth_error,geom_model_gaussian2_phase,geom_model_gaussian2_phase_error,geom_model_gaussian2_sigma,geom_model_gaussian2_sigma_error,geom_model_gaussian2_depth,geom_model_gaussian2_depth_error,geom_model_cosine_half_period_amplitude,geom_model_cosine_half_period_amplitude_error,geom_model_cosine_half_period_phase,geom_model_cosine_half_period_phase_error,model_type,num_model_parameters,reduced_chi2,derived_primary_ecl_phase,derived_primary_ecl_phase_error,derived_primary_ecl_duration,derived_primary_ecl_duration_error,derived_primary_ecl_depth,derived_primary_ecl_depth_error,derived_secondary_ecl_phase,derived_secondary_ecl_phase_error,derived_secondary_ecl_duration,derived_secondary_ecl_duration_error,derived_secondary_ecl_depth,derived_secondary_ecl_depth_error
[from data line 264]
375316653866487564,4093185579286164608,0.51379514,2184.6337359683002,2.578722510453809,3.9241255E-5,19.092154,0.047914475,0.21279477,0.010190945,0.08776329,0.024523504,0.22605795,0.047019456,0.71821445,0.019103298,0.08868081,0.033916887,0.26537925,0.032766666,null,null,null,null,"TWOGAUSSIANS",8,2.7426105,0.71821445,0.019103298,0.4,0.0,0.25728196,0.025776472,0.21279477,0.010190945,0.4,0.0,0.21796072,0.024850523
375316653866487564,4093185613645696128,0.6259508,2205.8184116276034,2.4467616955408538,4.571466E-6,16.755339,0.011549509,0.25505382,0.0018237787,0.04257882,0.004760582,0.25175014,0.0330424,0.7577952,0.0021856052,0.04345575,0.0047265813,0.2757964,0.03386281,0.11967617,0.024626495,0.25505382,0.0018237787,"TWOGAUSSIANS_WITH_ELLIPSOIDAL_ON_ECLIPSE1",9,18.11619,0.7577952,0.0021856052,0.24335219,0.026468856,0.5150777,0.019061696,0.25505382,0.0018237787,0.2384414,0.026659258,0.49110246,0.020574661
375316653866487564,4093185785444956800,0.49011746,2214.705761135119,1.2384237988864577,5.2825442E-5,19.316628,0.036987558,0.21077885,0.010895535,0.062951684,0.01262756,0.47403872,0.054582667,0.7468248,0.017493708,0.11476004,0.054316446,0.13729925,0.024032772,null,null,null,null,"TWOGAUSSIANS",8,3.9958944,0.21076885,0.010901504,0.35252944,0.07071434,0.46995446,0.0525481,0.7468248,0.017493708,0.4,0.0,0.13317372,0.025917698
375316653866487564,4093185888524254976,0.571705,2156.2890535996908,0.19599065314659575,1.361583E-5,19.189228,0.013340882,0.36065224,0.010378558,0.067894384,0.009509211,0.2535937,0.018784575,0.80155385,0.003372455,0.08789336,0.013201755,0.28607076,0.16058105,null,null,null,null,"TWOGAUSSIANS",8,0.70780754,0.80155385,0.003372455,0.4,0.0,0.28521127,0.16116634,0.36065224,0.010378558,0.38020855,0.04055414,0.25273523,0.018405605
375316653866487564,4093185957243890304,0.4537383,2187.380878447306,0.9878495957611081,8.188256E-5,19.417486,0.018625723,0.2893347,0.0065689785,0.029635895,0.014489522,0.20451814,0.35541487,0.64449745,0.04802164,0.057473373,0.034351904,0.1801824,0.12267474,0.0634904,0.038982306,0.2893347,0.0065689785,"TWOGAUSSIANS_WITH_ELLIPSOIDAL_ON_ECLIPSE1",9,5.3918815,0.2893347,0.0065689785,0.16596101,0.08114132,0.3314985,0.36922142,0.65960747,0.05609032,0.3218509,0.18480271,0.23378237,0.123290144
375316653866487564,4093186197762233856,0.522803,2275.2297031073635,0.19597596953368515,2.3854685E-5,18.478685,0.06645573,0.26086813,0.019359998,0.084300995,0.04695791,0.18798968,0.048587274,0.76807916,0.077289306,0.112735,0.11473222,0.17600414,8.65662,null,null,null,null,"TWOGAUSSIANS",8,3.037815,0.26085815,0.019511744,0.4,0.045892615,0.17500335,0.027163435,0.76807916,0.07728691,0.4,0.2711042,0.16299826,8.674628
375316653866487564,4093186300841947648,0.51382196,2166.6753559449958,0.6199655915733794,6.0757357E-5,19.526453,0.082509965,0.22824204,0.007959517,0.09203285,0.011455487,0.41203654,0.08429661,0.76103735,0.025532989,0.15602688,0.05794329,0.3111146,0.058651313,null,null,null,null,"TWOGAUSSIANS",8,1.9795594,0.22723204,0.0075928215,0.4,0.0,0.3512728,0.04688786,0.76103735,0.025533205,0.4,0.0,0.2458994,0.030457165
375316653866487564,4093186507007464448,0.5614674,2282.0568456747806,1.4340477995950356,9.677878E-5,18.68123,0.008895514,0.25350165,0.09990092,0.041729927,0.026115784,0.10668548,0.11151669,0.72310114,0.0053933123,0.08097763,0.008189388,1.2423612,0.39767525,null,null,null,null,"TWOGAUSSIANS",8,2.5758884,0.72310114,0.0053933123,0.4,0.0,1.2422733,0.39775896,0.25350165,0.09991023,0.2336876,0.14624839,0.10659766,0.1116815
375316653866487564,4093186644439212160,0.5377399,2181.044101716855,2.663086970936963,1.3924491E-5,19.241304,0.023095114,0.23147464,0.007819708,0.07265855,0.013116811,0.44814378,0.061944377,0.74342626,0.0059431475,0.09507868,0.012984256,0.31937146,0.025751662,null,null,null,null,"TWOGAUSSIANS",8,1.9702963,0.23147464,0.007819708,0.4,0.018128531,0.44122592,0.068671174,0.74342626,0.0059431475,0.4,0.0,0.31245282,0.0255176
375316653866487564,4093186816237752960,0.45243493,2211.0555129724926,1.531897426977654,5.620504E-5,18.863976,0.007503713,0.2991519,0.1412803,0.06075477,0.038958203,0.31054983,0.99502057,0.77595496,0.0049413717,0.059649248,0.00596941,0.13079786,0.015221447,null,null,null,null,"TWOGAUSSIANS",8,2.049643,0.2991519,0.1412803,0.3402267,0.21816595,0.31051785,0.99505574,0.77595496,0.0049413717,0.33403578,0.033428695,0.1307659,0.01521638
375316653866487564,4093186914964766848,0.51826227,2173.3825286715164,2.185893530355552,1.2153E-5,19.064325,0.010568997,0.19575483,4.867475E-4,0.036329146,0.0037464218,0.22110395,0.007920768,0.75026834,0.0026464958,0.06624139,0.0046387976,0.23570624,0.015195963,null,null,null,null,"TWOGAUSSIANS",8,2.5485337,0.75026834,0.0026464958,0.3709518,0.025977267,0.23570605,0.015195841,0.19575483,4.867475E-4,0.20344323,0.020979961,0.22110376,0.007920477
375316653866487564,4093186988036814720,0.4996012,2171.7437584732456,2.647859530575624,5.2330015E-5,19.110794,0.011456741,0.2906379,0.0076925145,0.06726808,0.005210773,0.42715764,0.062403727,0.82087815,0.012928255,0.033237584,0.02525921,0.38330486,0.14300232,null,null,null,null,"TWOGAUSSIANS",8,7.3331113,0.2906379,0.0076925145,0.37670127,0.02918033,0.42715696,0.062384292,0.82087815,0.012928255,0.18613046,0.14145157,0.38330415,0.14306043
375316653866487564,4093187159842799360,0.48695347,2281.6306565828154,1.5577881412232337,7.4042044E-5,18.759254,0.21878529,0.3641678,0.058593765,0.14098322,0.08704408,0.2513379,0.18790545,0.76955414,0.12480438,0.21542174,0.13232161,0.22015576,0.19649085,null,null,null,null,"TWOGAUSSIANS",8,1.8780977,0.3914578,0.043697927,0.4,0.0,0.18511698,0.010167625,0.76955414,0.12480438,0.4,0.0,0.11207307,0.013379066
375316653866487564,4093187224211659392,0.49585247,2268.5709397154174,2.252623777309055,6.622075E-5,19.890532,0.009541025,0.55591387,0.024296802,0.07535749,0.030800013,0.10749916,0.07531744,0.9165661,9.225895E-6,0.012959583,2.4870518E-4,0.62169623,0.003838742,null,null,null,null,"TWOGAUSSIANS",8,1.1110854,0.9165661,9.225895E-6,0.07257367,0.001392749,0.62169737,0.0038403235,0.55591387,0.024296802,0.4,0.11127344,0.10749916,0.07531745
375316653866487564,4093187228562398208,0.5054203,2343.9072600437803,0.0693309464280585,5.701058E-5,18.531439,0.07543059,0.27081743,0.022039307,0.04188635,0.024584712,3.3404768,11.004892,null,null,null,null,null,null,0.12443641,0.08320167,0.27081743,0.022039307,"ONEGAUSSIAN_WITH_ELLIPSOIDAL",6,31.205286,0.27081743,0.022039307,0.23456356,0.13767439,3.589349,11.038655,null,null,null,null,null,null
375316653866487564,4093187258569776384,0.45295107,2276.797011009278,0.23145105105715827,1.06242216E-4,18.688026,0.0097716795,0.16807523,0.0316358,0.08781818,0.02276982,0.13470829,0.02913305,0.49243838,0.018938106,0.07586947,0.031542342,0.2997512,0.046369623,null,null,null,null,"TWOGAUSSIANS",8,6.306239,0.49243838,0.018938106,0.4,0.027817803,0.29982084,0.04662895,0.16817524,0.030502535,0.4,0.010856527,0.13466334,0.030376647
375316653866487564,4093187297275001600,0.5384053,2224.2742901885917,0.9460210812125325,1.0798921E-5,17.943436,0.010154265,0.5250132,0.0049599144,0.05099342,0.0038050099,0.31745118,0.033314116,0.8534238,0.0033451347,0.05859129,0.0043552043,0.2772572,0.014520222,null,null,null,null,"TWOGAUSSIANS",8,6.3484116,0.5250132,0.0049599144,0.28556314,0.021308055,0.3174512,0.033314142,0.8534238,0.0033451347,0.32811123,0.024389144,0.2772572,0.014520217
375316653866487564,4093187537800170752,0.50913507,2270.1303007315237,0.1455782371128974,5.8118312E-5,19.396395,0.020340681,0.29089978,0.011157693,0.10708545,0.013649441,0.28049818,0.029618543,0.67633426,0.0035856103,0.037768923,0.0073438482,0.37713793,0.0852199,null,null,null,null,"TWOGAUSSIANS",8,1.3416877,0.67633426,0.0035856103,0.21150596,0.04112555,0.3775031,0.085243195,0.29089978,0.011157693,0.4,0.0,0.28043202,0.029567271
375316653866487564,4093187572153372160,0.5238907,2263.2747947218786,3.1987462956665875,3.0698222E-5,18.10578,0.022912977,0.18149379,0.008225872,0.09769301,0.022200452,0.21643578,0.029711448,0.6812123,0.010874473,0.088387765,0.013250851,0.27653387,0.04188253,null,null,null,null,"TWOGAUSSIANS",8,10.43647,0.6812123,0.010874473,0.4,0.0,0.26347998,0.042462174,0.18149379,0.008225872,0.4,0.0,0.20338106,0.03322488
375316653866487564,4093187640879666944,0.56336415,2254.801386124254,2.882533401120394,3.80545E-5,18.740932,0.039628536,0.32947874,0.010359081,0.078789435,0.014198375,0.4686601,0.12942079,0.8097728,0.011474323,0.072349235,0.013314133,0.5740371,0.06846196,null,null,null,null,"TWOGAUSSIANS",8,5.7844853,0.8097728,0.011474323,0.4,0.041352004,0.5712465,0.06133524,0.32947874,0.010359081,0.4,0.0,0.4658695,0.12958908
375316653866487564,4093187743951735552,0.43899012,2290.901765288115,1.074843317227008,4.5198296E-5,18.8962,0.013415329,0.18032789,0.010775358,0.054968406,0.010635178,0.104417674,0.015768109,0.8783584,0.0036660503,0.02214368,0.0062785116,0.8577063,0.4295193,null,null,null,null,"TWOGAUSSIANS",8,3.6908436,0.8783584,0.0036660503,0.12400461,0.035159666,0.8577063,0.42951927,0.18032789,0.010775358,0.30782306,0.059556995,0.104417674,0.015768109
375316653866487564,4093187778311445376,0.49971798,2311.7265344514353,0.16043463775195607,2.6157755E-5,19.550983,0.02500477,0.56084687,0.0044586854,0.027382286,0.0046974267,0.5203272,0.05792974,0.3392047,0.039365593,0.041675936,0.025847364,0.42146477,0.06369121,null,null,null,null,"TWOGAUSSIANS",8,5.677685,0.56084687,0.0043874625,0.1533408,0.02630559,0.5203275,0.05695326,0.3392047,0.039365593,0.23338524,0.14474525,0.42146477,0.06369121
375316653866487564,4093187881390711808,0.48867792,2204.146626817373,0.5365143392972297,4.7321148E-5,19.665457,0.031059682,0.0918937,0.0076758224,0.096769705,0.016632894,0.22160955,0.025846994,0.5173724,0.013676017,0.12735341,0.026750846,0.22657572,0.056340076,null,null,null,null,"TWOGAUSSIANS",8,0.98190635,0.5173724,0.013676017,0.4,0.0,0.2099731,0.058706276,0.0928537,0.0073270286,0.4,0.0,0.20586607,0.017353743
375316653866487564,4093187915750438784,0.5468804,2240.827689685985,2.5763476619803747,1.200427E-5,18.392107,0.018332398,0.27045432,0.00514255,0.054524966,0.011105288,0.2742219,0.05577222,0.7752867,0.03604883,0.029660845,0.016656835,0.31944603,0.1531383,0.12103098,0.03688012,0.27045432,0.00514255,"TWOGAUSSIANS_WITH_ELLIPSOIDAL_ON_ECLIPSE1",9,14.834754,0.7752867,0.03544639,0.16610074,0.09327827,0.56127745,0.17876856,0.27045432,0.00514255,0.3053398,0.062189613,0.51627636,0.027388416
375316653866487564,4093187984470067584,0.54854953,2221.9522220912845,2.157448813393381,1.8050943E-5,17.612774,0.06794295,0.25721192,0.035520885,0.08992733,0.0501589,0.21743608,0.068631865,0.7526218,0.010478708,0.09535338,0.028113345,0.22441535,0.06465217,null,null,null,null,"TWOGAUSSIANS",8,7.4991865,0.7526218,0.010478708,0.4,0.0,0.21358363,0.022502868,0.25721192,0.035546236,0.4,0.0,0.20660478,0.03168497
375316653866487564,4093188053226719360,0.4797105,2224.2458680104546,0.8165520954486651,1.926779E-5,19.079525,0.03544513,0.50553465,0.02885773,0.17544247,0.028862456,0.37755468,0.058928087,0.8637136,0.015139099,0.05297654,0.011367851,0.2756114,0.054689907,null,null,null,null,"TWOGAUSSIANS",8,4.652663,0.50553465,0.02885773,0.4,0.0,0.36174822,0.05722747,0.8637136,0.015139099,0.29666865,0.063659966,0.30725256,0.054739628
375316653866487564,4093188121909124224,0.55528814,2235.794384774237,0.4940224083400187,1.9031491E-4,18.203865,0.0076476294,0.4079674,0.009140808,0.08199653,0.018337332,1.2321897,0.5840088,0.88606787,0.01315876,0.041148044,0.015430211,0.033238154,0.012186875,null,null,null,null,"TWOGAUSSIANS",8,6.5811687,0.4079674,0.009140808,0.4,0.0,1.232107,0.5845209,0.88606787,0.01315876,0.23042905,0.08640918,0.033155613,0.012045395
375316653866487564,4093188151923191424,0.44165847,2282.9451011073606,4.380370714841735,3.6898513E-5,18.768925,0.021764657,0.47946498,0.0075332387,0.038992453,0.008925703,0.11790395,0.028851977,0.6692865,0.01979027,0.1451192,0.07518307,0.09954298,0.017635072,null,null,null,null,"TWOGAUSSIANS",8,6.593725,0.48451498,0.008744173,0.21835774,0.049983937,0.16065022,0.021726914,0.6692865,0.01979027,0.4,0.0,0.09901748,0.016356591
375316653866487564,4093188190628788352,0.45901865,2261.8605135904304,1.5631388140503182,3.5799094E-5,19.141094,0.015301364,0.24169084,0.005044411,0.06824752,0.008859168,0.2990396,0.077672295,0.796472,0.016652055,0.13313839,0.027285537,0.1340661,0.017654385,null,null,null,null,"TWOGAUSSIANS",8,2.2753735,0.24150084,0.0049228165,0.3821861,0.04031566,0.29230657,0.07980534,0.796472,0.016652055,0.4,0.0,0.12680914,0.0158383
375316653866487564,4093188224995477632,0.5504257,2248.9576797802097,2.465965433172717,1.6719503E-5,19.007792,0.03340284,0.26810744,0.013953777,0.088950165,0.021970123,0.4090144,0.11253389,0.76119447,0.0046406523,0.09276402,0.011184431,0.45950264,0.03290047,null,null,null,null,"TWOGAUSSIANS",8,3.727674,0.76119447,0.0046406523,0.4,0.0,0.44177628,0.019537553,0.26810744,0.013953777,0.4,0.0,0.3912884,0.11954981
375316653866487564,4093188328104970240,0.52519965,2259.334505281743,0.6299318354658988,9.113038E-5,18.658276,0.015375608,0.21232542,0.0070317923,0.0721241,0.008360338,0.21343982,0.020232778,0.7867859,0.026555376,0.10281448,0.02493835,0.12756832,0.018032236,null,null,null,null,"TWOGAUSSIANS",8,2.7760444,0.21230543,0.0070447945,0.4,0.011382246,0.21206243,0.020011395,0.7867859,0.026555376,0.4,0.0,0.12616658,0.017353205
375316653866487564,4093188499903676800,0.50107217,2313.787410254099,0.026697240456387165,1.5720558E-4,18.545744,0.0069135795,0.4606851,0.021758381,0.082896344,0.019979723,0.107241176,0.021540787,0.8579987,2.6466383E-4,0.005803005,2.475912E-4,0.3224721,0.009092084,null,null,null,null,"TWOGAUSSIANS",8,4.057723,0.8579987,2.6466383E-4,0.032496825,0.0013865107,0.3224732,0.009095914,0.4606851,0.021758381,0.4,0.0,0.107241176,0.021540761
375316653866487564,4093188568593499136,0.47422743,2232.977378302193,0.6947248965778239,6.184984E-5,19.18254,0.16245939,0.062179375,0.03062933,0.10269751,0.09744284,0.13326956,0.09311262,0.6011989,0.043296494,0.18998976,0.062418297,0.31712148,0.15900533,null,null,null,null,"TWOGAUSSIANS",8,3.0482821,0.6012289,0.04310203,0.4,0.0,0.23420559,0.033844713,0.048049375,0.05155523,0.4,0.19814765,0.07362182,0.10730667
375316653866487564,4093188706032373632,0.5166455,2241.8113990932766,3.200234175310998,1.2051177E-5,19.779657,0.019546919,0.4513979,0.008146862,0.12918144,0.012517911,0.32159412,0.046180025,0.8997615,0.008861363,0.05282796,0.010434559,0.4362482,0.037899226,null,null,null,null,"TWOGAUSSIANS",8,1.5230935,0.8997615,0.008861363,0.2958366,0.05843353,0.43067253,0.03866787,0.4513979,0.008146862,0.4,0.0,0.31520432,0.04553652
375316653866487564,4093189015263043712,0.46079984,2180.6048347106635,0.18519399951737112,2.917585E-5,19.772089,0.039283976,0.33697677,0.016939627,0.08321082,0.019729996,0.41731325,0.1138229,0.8687022,0.0059010386,0.058006573,0.012270885,0.90368664,0.5997523,null,null,null,null,"TWOGAUSSIANS",8,3.6937208,0.8687022,0.0059010386,0.32483682,0.06871696,0.90275604,0.60130394,0.33697677,0.016939627,0.4,0.0043827514,0.41638258,0.114032775
375316653866487564,4093189045278000128,0.5327043,2220.360909838912,0.39187054142851974,8.8032815E-5,18.692476,0.020773854,0.47313523,0.035642687,0.1316745,0.021914488,0.56956017,0.0743589,0.6791851,0.016294234,0.04907611,0.013856659,0.6410127,0.16488458,null,null,null,null,"TWOGAUSSIANS",8,11.93229,0.6791851,0.016294234,0.27482623,0.07759729,0.80758905,0.16484274,0.4733852,0.034950756,0.4,0.0,0.56881404,0.07470219
