Gaia/vari_eclipsing_binary/VariEclipsingBinary_522551-523221.csv
# %ECSV 1.0
# ---
# delimiter: ','
# meta: !!omap
# - RELEASE: Gaia DR3
# - TABLE: vari_eclipsing_binary
# - DESCRIPTION: >
#     This table describes the properties of the eclipsing binaries resulting from the variability analysis. 
# - CITATION: >
#     How to cite and acknowledge Gaia: 
#     https://gea.esac.esa.int/archive/documentation/credits.html 
# - KNOWN_ISSUES: >
#     Known issues: 
#     https://www.cosmos.esa.int/web/gaia-users/known-issues 
# - DOCUMENTATION: >
#     Tutorials and documentation: 
#     https://www.cosmos.esa.int/web/gaia-users/archive 
# datatype:
# - 
#   name: solution_id
#   datatype: int64
#   description: Solution Identifier
#   meta:
#     ucd: meta.version
# - 
#   name: source_id
#   datatype: int64
#   description: Unique source identifier
#   meta:
#     ucd: meta.id;meta.main
# - 
#   name: global_ranking
#   datatype: float32
#   description: Number between 0 (worst) and 1 (best)
#   meta:
#     ucd: stat.param
# - 
#   name: reference_time
#   datatype: float64
#   unit: d
#   description: Reference time used for the geometric model fit
#   meta:
#     ucd: time.epoch
# - 
#   name: frequency
#   datatype: float64
#   unit: d**-1
#   description: Frequency of geometric model of the eclipsing binary light curve
#   meta:
#     ucd: src.orbital
# - 
#   name: frequency_error
#   datatype: float32
#   unit: d**-1
#   description: "Uncertainty of \\texttt{frequency}"
#   meta:
#     ucd: stat.error
# - 
#   name: geom_model_reference_level
#   datatype: float32
#   unit: mag
#   description: Magnitude reference level of geometric model
#   meta:
#     ucd: phot.mag;em.opt
# - 
#   name: geom_model_reference_level_error
#   datatype: float32
#   unit: mag
#   description: "Uncertainty of \\texttt{geomModelReferenceLevel}"
#   meta:
#     ucd: stat.error;phot.mag;em.opt
# - 
#   name: geom_model_gaussian1_phase
#   datatype: float32
#   description: Phase of the Gaussian 1 component
#   meta:
#     ucd: time.phase
# - 
#   name: geom_model_gaussian1_phase_error
#   datatype: float32
#   description: "Uncertainty of \\texttt{geomModelGaussian1Phase}"
#   meta:
#     ucd: stat.error;time.phase
# - 
#   name: geom_model_gaussian1_sigma
#   datatype: float32
#   description: "Standard deviation [phase] of Gaussian 1 component"
#   meta:
#     ucd: stat.stdev
# - 
#   name: geom_model_gaussian1_sigma_error
#   datatype: float32
#   description: "Uncertainty of \\texttt{geomModelGaussian1Sigma}"
#   meta:
#     ucd: stat.error
# - 
#   name: geom_model_gaussian1_depth
#   datatype: float32
#   unit: mag
#   description: Magnitude depth of Gaussian 1 component
#   meta:
#     ucd: src.var.amplitude
# - 
#   name: geom_model_gaussian1_depth_error
#   datatype: float32
#   unit: mag
#   description: "Uncertainty of \\texttt{geomModelGaussian1Depth}"
#   meta:
#     ucd: stat.error;src.var.amplitude
# - 
#   name: geom_model_gaussian2_phase
#   datatype: float32
#   description: Phase of Gaussian 2 component
#   meta:
#     ucd: time.phase
# - 
#   name: geom_model_gaussian2_phase_error
#   datatype: float32
#   description: "Uncertainty of \\texttt{geomModelGaussian2Phase}"
#   meta:
#     ucd: stat.error;time.phase
# - 
#   name: geom_model_gaussian2_sigma
#   datatype: float32
[...]
#   datatype: float32
#   description: "Secondary eclipse: uncertainty of \\texttt{derivedSecondaryEclDuration}"
#   meta:
#     ucd: stat.error;time.duration
# - 
#   name: derived_secondary_ecl_depth
#   datatype: float32
#   unit: mag
#   description: "Secondary eclipse: depth"
#   meta:
#     ucd: src.var.amplitude
# - 
#   name: derived_secondary_ecl_depth_error
#   datatype: float32
#   unit: mag
#   description: "Secondary eclipse: uncertainty of \\texttt{derivedSecondaryEclDepth}"
#   meta:
#     ucd: stat.error;src.var.amplitude
solution_id,source_id,global_ranking,reference_time,frequency,frequency_error,geom_model_reference_level,geom_model_reference_level_error,geom_model_gaussian1_phase,geom_model_gaussian1_phase_error,geom_model_gaussian1_sigma,geom_model_gaussian1_sigma_error,geom_model_gaussian1_depth,geom_model_gaussian1_depth_error,geom_model_gaussian2_phase,geom_model_gaussian2_phase_error,geom_model_gaussian2_sigma,geom_model_gaussian2_sigma_error,geom_model_gaussian2_depth,geom_model_gaussian2_depth_error,geom_model_cosine_half_period_amplitude,geom_model_cosine_half_period_amplitude_error,geom_model_cosine_half_period_phase,geom_model_cosine_half_period_phase_error,model_type,num_model_parameters,reduced_chi2,derived_primary_ecl_phase,derived_primary_ecl_phase_error,derived_primary_ecl_duration,derived_primary_ecl_duration_error,derived_primary_ecl_depth,derived_primary_ecl_depth_error,derived_secondary_ecl_phase,derived_secondary_ecl_phase_error,derived_secondary_ecl_duration,derived_secondary_ecl_duration_error,derived_secondary_ecl_depth,derived_secondary_ecl_depth_error
[from data line 249]
375316653866487564,4600637545773874560,0.64677525,2260.44806840483,3.613241196114997,2.6836512E-6,15.982765,0.0067648087,0.26261833,8.5204636E-4,0.050761946,0.0020945547,0.42160675,0.016542051,0.75753087,0.004977219,0.046273597,0.003962629,0.3468326,0.019632328,0.12316817,0.009778948,0.26261833,8.5204636E-4,"TWOGAUSSIANS_WITH_ELLIPSOIDAL_ON_ECLIPSE1",9,23.884233,0.26261833,8.5204636E-4,0.2842669,0.011729507,0.6679404,0.012800436,0.7580809,0.0045247935,0.25913215,0.022190722,0.5929416,0.016354147
375316653866487564,4600664449448880512,0.6451203,2231.995090557591,0.8440844142679724,1.3641644E-5,15.93996,0.004491244,0.17784292,0.0035931494,0.03528772,0.0027620934,0.82851875,0.048285898,0.678144,0.0026708709,0.04035458,0.003989225,0.074072585,0.011693955,0.021357795,0.00572043,0.17784292,0.0035931494,"TWOGAUSSIANS_WITH_ELLIPSOIDAL_ON_ECLIPSE1",9,15.806859,0.17784292,0.0035931494,0.19761121,0.015467723,0.8712343,0.044883966,0.678144,0.0026097617,0.22598565,0.022339659,0.11678801,0.006094441
375316653866487564,4600665235426063872,0.5758806,2214.2904573145606,0.3826457262391422,9.912612E-5,18.41725,0.0026068892,0.3815278,0.021514116,0.03322151,0.008853339,0.42465806,0.11625271,0.69325703,0.006572861,0.0072158985,0.0054065464,0.018272825,0.03100247,null,null,null,null,"TWOGAUSSIANS",8,1.9702512,0.3815278,0.021514116,0.18604046,0.049578696,0.42465806,0.11625271,0.69325703,0.006572861,0.040409032,0.03027666,0.018272825,0.03100247
375316653866487564,4600681281424477440,0.4473674,2235.119173633773,3.229867104138275,5.296955E-5,19.173113,0.23974378,0.21090502,0.023734594,0.10538231,0.09023449,0.100632854,0.22995853,0.6961382,0.022271996,0.11102635,0.09041457,0.15837747,0.22283205,null,null,null,null,"TWOGAUSSIANS",8,4.0335016,0.6961382,0.022271996,0.4,0.0,0.14344741,0.013649183,0.21093501,0.023625424,0.4,0.0,0.08571431,0.025942523
375316653866487564,4600691142669359104,0.5197914,2200.6483365867407,3.7953347673742956,1.6719669E-5,17.472551,0.3209769,0.25235412,0.0051276437,0.12584776,0.0357164,0.24896543,0.24289678,0.7597401,0.004859167,0.15895598,0.10131878,0.20873185,0.3170312,null,null,null,null,"TWOGAUSSIANS",8,5.513449,0.25182414,0.0038424095,0.4,0.0,0.1611153,0.0062008207,0.75990015,0.0046240003,0.4,0.0,0.11807656,0.0061440524
375316653866487564,4600695575075697792,0.5175816,2199.3319333986806,1.2270490590396914,2.3346063E-4,18.9047,0.0029522858,0.13721369,0.010001045,0.03282065,0.011865337,0.027722038,0.012890184,0.45395026,2.0198655E-5,0.023641342,3.2295348E-4,0.7332978,0.0050135623,null,null,null,null,"TWOGAUSSIANS",8,1.2603337,0.45395026,2.0198655E-5,0.13239151,0.0018085395,0.7332978,0.0050135623,0.13721369,0.010001045,0.18379565,0.06644589,0.027722038,0.012890184
375316653866487564,4600700149217208064,0.5190741,2215.886784042358,1.113607740038949,2.3761955E-5,17.072426,0.003000504,0.25281855,0.001087897,0.016327376,0.0010834568,0.28388026,0.018956115,0.75614345,0.008359309,0.017864864,0.009573997,0.20632854,0.22783703,null,null,null,null,"TWOGAUSSIANS",8,12.702097,0.25281855,0.001087897,0.09143331,0.006067358,0.28388026,0.018956115,0.75614345,0.008359309,0.10004324,0.05361438,0.20632854,0.22783703
375316653866487564,4600700836410803456,0.49737746,2258.0646769378973,0.8464306255406471,7.028854E-6,13.562056,0.003516616,0.6453769,0.04081123,0.01799408,0.04957687,0.016201975,0.009460707,0.85435426,3.5614774E-4,0.01945985,7.457962E-4,0.20916232,0.0054468187,0.0046268585,0.0051853973,0.85435426,3.5614774E-4,"TWOGAUSSIANS_WITH_ELLIPSOIDAL_ON_ECLIPSE2",9,38.423416,0.85435426,3.5614774E-4,0.10897516,0.004176459,0.21841602,0.01018756,0.64595693,0.04146315,0.10076685,0.27763048,0.016811559,0.009368767
375316653866487564,4600704890861115776,0.57486,2234.2826810939428,2.686975516949319,8.397817E-6,15.07042,0.009410439,0.2809304,0.0032715674,0.10110839,0.006056416,0.23981066,0.009424851,0.7809554,0.0030479315,0.09453209,0.005891116,0.24559374,0.00892761,null,null,null,null,"TWOGAUSSIANS",8,43.45824,0.7809554,0.0030479315,0.4,0.0,0.22709873,0.0061330986,0.2809304,0.0032715674,0.4,0.0,0.22131373,0.0076972167
375316653866487564,4600705986076664320,0.555295,2238.3462546203564,1.0456550487464873,1.7061218E-5,17.311893,0.0025808935,0.09593218,0.03882826,0.057551723,0.021077722,0.027238188,0.0062780995,0.6386154,6.256894E-5,0.005132165,5.2673862E-5,0.553601,0.0062436205,null,null,null,null,"TWOGAUSSIANS",8,7.358162,0.6386154,6.256894E-5,0.028740121,2.949736E-4,0.553601,0.0062436205,0.09593218,0.03882826,0.32228965,0.117582805,0.027238188,0.0062780995
375316653866487564,4600707016868408576,0.5557684,2180.1812603084413,4.3926133734028205,9.579016E-6,19.384546,0.015335456,0.33928198,0.0030877658,0.04441938,0.010183852,0.29525012,0.03106741,0.8408894,0.002937637,0.044313986,0.0043095993,0.41030392,0.034112405,0.11415892,0.018931046,0.33928198,0.0030877658,"TWOGAUSSIANS_WITH_ELLIPSOIDAL_ON_ECLIPSE1",9,2.2656286,0.8408894,0.0028910253,0.24815832,0.024133757,0.638598,0.01823122,0.33928198,0.0030877658,0.24874854,0.05702957,0.52356756,0.029180046
375316653866487564,4600733718681608960,0.5917731,2226.5835723308537,3.001144172380942,4.905874E-6,15.001451,0.0075432356,0.24786457,0.002214805,0.08365485,0.0031102686,0.47436726,0.013025912,0.7422568,0.0041196654,0.085345745,0.003941378,0.53019994,0.01603082,null,null,null,null,"TWOGAUSSIANS",8,92.664085,0.7422568,0.0041196654,0.4,0.0,0.5187744,0.016177032,0.24786457,0.002214805,0.4,0.0,0.46294174,0.013090699
375316653866487564,4600768422016749952,0.4786488,2214.8078928588106,2.5938491859216772,1.8290355E-5,13.284182,0.07912773,0.1968366,0.0040807114,0.17667983,0.023355333,0.56411505,0.124096856,0.6958452,0.004015823,0.2373126,0.046407584,0.6855235,0.08495434,null,null,null,null,"TWOGAUSSIANS",8,165.49687,0.1978466,0.004662807,0.4,0.0,0.109207496,0.006192825,0.6958452,0.004015823,0.4,0.0,0.10240147,0.0054848366
375316653866487564,4600795016454392832,0.58503556,2184.162476889096,0.1650149633946738,2.4470096E-6,15.13038,0.0011924617,0.27566808,2.5119886E-4,0.008379494,9.53445E-4,0.38536257,0.19966367,0.7943496,5.2509866E-5,0.0077099097,1.395053E-4,0.38331583,0.009676193,null,null,null,null,"TWOGAUSSIANS",8,11.509684,0.27566808,2.5119886E-4,0.046925165,0.005339292,0.38536257,0.19966367,0.7943496,5.2509866E-5,0.043175492,7.812297E-4,0.38331583,0.009676193
375316653866487564,4600803125352349568,0.5910052,2197.4191591029735,3.2421314998668915,5.9436575E-6,16.304,0.011969506,0.10606466,0.0023866715,0.046512753,0.0042199623,0.2860745,0.02847949,0.605225,0.0020256918,0.047068488,0.0063922917,0.20545986,0.021866493,0.10175113,0.014245627,0.10606466,0.0023866715,"TWOGAUSSIANS_WITH_ELLIPSOIDAL_ON_ECLIPSE1",9,39.96789,0.10606466,0.0023866715,0.2604714,0.023631789,0.48957613,0.0141577665,0.6053451,0.001706491,0.2635835,0.035796832,0.40895665,0.010813244
375316653866487564,4600817625162120960,0.56197596,2227.752364218327,2.978892342791459,1.27758685E-5,15.126846,0.007697664,0.23399997,0.005553696,0.09398453,0.0071343896,0.20794894,0.009732865,0.72467375,0.001986044,0.091640234,0.0040012775,0.24548174,0.009070647,null,null,null,null,"TWOGAUSSIANS",8,66.961174,0.72467375,0.001986044,0.4,0.0,0.23502551,0.008185299,0.23399997,0.005553696,0.4,0.0,0.19749254,0.008549863
375316653866487564,4600837691249467264,0.63448125,2208.646537475457,3.3774899820545095,4.113749E-6,16.041582,0.008155226,0.25987855,0.0023254394,0.053065553,0.005434379,0.16129549,0.01555434,0.76601994,0.0016271601,0.062628165,0.0043449537,0.22743429,0.015806466,0.078823596,0.008921932,0.76601994,0.0016271601,"TWOGAUSSIANS_WITH_ELLIPSOIDAL_ON_ECLIPSE2",9,12.914862,0.76601994,0.0016271601,0.35071772,0.024331741,0.38500208,0.0064347135,0.26097852,0.001831086,0.2971671,0.030432522,0.3186705,0.010562552
375316653866487564,4600838752105598848,0.5271864,2184.8215224702326,3.213992892499739,9.773329E-6,17.368778,0.0121302325,0.31919724,0.003506609,0.042159516,0.0071553094,0.2307918,0.040438518,0.83111644,0.0042614597,0.04152226,0.008409553,0.1796415,0.030176645,0.069320455,0.014973189,0.31919724,0.003506609,"TWOGAUSSIANS_WITH_ELLIPSOIDAL_ON_ECLIPSE1",9,14.7325945,0.31919724,0.003506609,0.23609328,0.040069733,0.3694326,0.040490415,0.83111644,0.0042614597,0.23252466,0.0470935,0.31750616,0.03393821
375316653866487564,4600847277616380928,0.5757953,2189.307398074997,0.07784255987698956,4.5516565E-5,14.62834,3.3415502E-4,0.38464874,0.012516846,0.035250038,0.008379517,0.003920473,0.0011640067,0.9123181,0.0013090495,0.0125281075,7.8119495E-4,0.0814853,0.003450028,null,null,null,null,"TWOGAUSSIANS",8,2.4752905,0.9123181,0.0013090495,0.0701574,0.0043746918,0.0814853,0.003450028,0.38464874,0.012516846,0.19740021,0.0469253,0.003920473,0.0011640067
375316653866487564,4600886787019905408,0.5144233,2221.447710296296,4.182940184949875,1.5865595E-5,16.68746,0.024602383,0.30626756,0.005223393,0.12097049,0.0134878885,0.26412082,0.02051563,0.7776938,0.0035480126,0.111625716,0.010095945,0.19529322,0.023278514,null,null,null,null,"TWOGAUSSIANS",8,17.067305,0.30631757,0.005214534,0.4,0.0,0.22967298,0.016071022,0.7776938,0.0035480126,0.4,0.0,0.1609685,0.007479493
375316653866487564,4600907780821643136,0.52370965,2197.3370953872045,3.098507575511301,1.720614E-5,19.849384,0.0082925735,0.29731622,0.0029387488,0.036895204,0.0031657636,0.807759,0.087234765,0.79333675,0.024391651,0.046952564,0.016851515,0.2950011,0.028876347,null,null,null,null,"TWOGAUSSIANS",8,2.150532,0.29731622,0.0029387488,0.20661314,0.017728277,0.807759,0.08723478,0.79333675,0.024391651,0.26293436,0.09436848,0.29500106,0.02887636
375316653866487564,4600938502721692032,0.5218589,2167.8534701820818,3.083062360849134,9.165338E-6,17.778929,0.009129596,0.15521888,0.0030376224,0.04756428,0.005308821,0.33869705,0.03275096,0.658949,0.0027950883,0.03569651,0.0049171275,0.31969166,0.04237439,0.14854823,0.02126558,0.15521888,0.0030376224,"TWOGAUSSIANS_WITH_ELLIPSOIDAL_ON_ECLIPSE1",9,28.553324,0.15521888,0.0030376224,0.26635996,0.029729396,0.63579273,0.020544574,0.658949,0.0027950883,0.19990045,0.027535914,0.6166242,0.045163967
375316653866487564,4600945336012837632,0.5134709,2215.456125737078,0.028316895224088878,1.4456044E-4,18.062761,0.0055864495,0.28913236,0.004810675,0.04346779,0.004671864,1.0706403,0.53639287,0.71085095,0.084681615,0.088554434,0.06696024,0.05743498,0.061832577,null,null,null,null,"TWOGAUSSIANS",8,8.137197,0.28913236,0.004803967,0.24341962,0.02616244,1.0706232,0.5364035,0.71085095,0.084681615,0.4,0.16601664,0.05741704,0.061875433
375316653866487564,4600953174330074752,0.5827572,2198.921386530565,4.542554290353371,6.5024133E-6,18.04232,0.0098496005,0.27168286,0.0023658278,0.07275247,0.0029371278,0.48026797,0.020343374,0.7674886,0.0021161134,0.07051197,0.002773931,0.6503407,0.018484285,null,null,null,null,"TWOGAUSSIANS",8,11.104896,0.7674886,0.0021161134,0.39486703,0.015258461,0.6480642,0.018654192,0.27168286,0.0023658278,0.4,1.4752855E-4,0.4779915,0.020310188
375316653866487564,4600953964604064640,0.63090277,2229.004691481127,2.70798055524798,2.9442615E-6,12.969694,0.006408457,0.16837963,0.0013025303,0.051364835,0.002336421,0.25809404,0.014909577,0.66637814,0.0014740623,0.047236435,0.0026227492,0.29383805,0.016423766,0.13051891,0.0077925534,0.66637814,0.0014740623,"TWOGAUSSIANS_WITH_ELLIPSOIDAL_ON_ECLIPSE2",9,49.459156,0.66637814,0.0014740623,0.264524,0.014687395,0.55487335,0.008218175,0.16802964,9.517714E-4,0.28764307,0.013083957,0.5190953,0.008874734
375316653866487564,4600981173220196608,0.5405848,2231.907777317416,3.533699074059738,1.1822319E-5,17.102917,0.031631693,0.25476217,0.0044863345,0.1109607,0.017773174,0.16034766,0.03087769,0.7552029,0.006480055,0.10810278,0.020149136,0.1757665,0.028407365,null,null,null,null,"TWOGAUSSIANS",8,4.9350395,0.7552029,0.006500752,0.4,0.0,0.15110019,0.009426925,0.25476217,0.0044916645,0.4,0.0,0.13567682,0.006273849
375316653866487564,4600995711686300672,0.5863407,2188.982552595141,1.3249045570852214,6.4152428E-6,15.704801,0.002051653,0.2676507,0.0014520034,0.052306302,0.0013630714,0.3079022,0.011865424,0.76844203,0.0030107656,0.06421393,0.0028102088,0.1509246,0.0053621307,null,null,null,null,"TWOGAUSSIANS",8,13.770617,0.2676507,0.0014520034,0.29291528,0.0076332,0.3078621,0.011870854,0.76844203,0.0030107656,0.35959804,0.015737168,0.15088451,0.005362697
375316653866487564,4601023405635480576,0.5937235,2173.153383746705,3.2408660373232814,9.280406E-6,17.359463,0.015429034,0.30076352,0.0019486805,0.061182607,0.005869874,0.32871157,0.032010254,0.80436003,0.004857888,0.049977925,0.005889486,0.2907046,0.034353994,0.08797179,0.01927757,0.30076352,0.0019486805,"TWOGAUSSIANS_WITH_ELLIPSOIDAL_ON_ECLIPSE1",9,15.055821,0.30076352,0.0019486805,0.3426226,0.032871295,0.50457615,0.01810892,0.80436003,0.004857888,0.27987638,0.032981124,0.4664794,0.012313929
375316653866487564,4601035019227338240,0.47758603,2238.0254105562963,3.558157712144895,7.519287E-5,17.61153,0.0014576013,0.14339922,0.016753174,0.029036842,0.02593511,0.018875087,4.08464078E12,0.6521354,0.01792851,0.015019186,0.0079473285,0.12316904,0.06928602,null,null,null,null,"TWOGAUSSIANS",8,2.2804842,0.6521354,0.01792851,0.08410744,0.044505037,0.12316904,0.06928602,0.14339922,0.016753174,0.16260631,0.14523661,0.018875087,4.08464078E12
375316653866487564,4601055325832663040,0.5510396,2225.0539961328504,0.581632304128476,4.83384E-5,16.389784,0.0017048669,0.3169799,0.02134519,0.018202152,0.007205683,0.70009047,1.023079,0.79301804,0.015324054,0.0584775,0.010396129,0.021059008,0.0035621375,null,null,null,null,"TWOGAUSSIANS",8,10.094226,0.3169799,0.02134519,0.10193205,0.040351823,0.70009047,1.023079,0.79301804,0.015324054,0.327474,0.058218326,0.021059008,0.0035621375
375316653866487564,4601059513423609216,0.6017218,2237.5871534144308,3.700893876327206,8.520306E-6,18.656387,0.010932648,0.19930623,0.0022871175,0.048527088,0.005000829,0.40627107,0.031049713,0.70479625,0.004971011,0.04998058,0.003934094,0.43796358,0.031727575,0.11199201,0.01738514,0.19930623,0.0022871175,"TWOGAUSSIANS_WITH_ELLIPSOIDAL_ON_ECLIPSE1",9,3.3864427,0.70479625,0.004971011,0.27989125,0.022030927,0.6616794,0.014720404,0.19930623,0.0022871175,0.2717517,0.028004644,0.63025326,0.030429274
375316653866487564,4601078827893553536,0.6366388,2176.13206903091,1.2115812954147167,2.2443219E-6,14.349188,0.0042827753,0.24373193,0.0015352916,0.061571274,0.0023475569,0.19373435,0.009764181,0.7475685,0.0011833544,0.0503149,0.0028823132,0.111966856,0.008746909,0.07007656,0.0050800745,0.24373193,0.0015352916,"TWOGAUSSIANS_WITH_ELLIPSOIDAL_ON_ECLIPSE1",9,28.224323,0.24373193,0.0015352916,0.34479913,0.0131463185,0.33383542,0.004665221,0.7475685,0.0011833544,0.28176343,0.016140955,0.2519865,0.002533414
375316653866487564,4601082779263488640,0.5674722,2206.9880878979675,3.059893075727114,1.3450201E-5,17.508028,0.0060264086,0.25167397,0.026947225,0.02871338,0.014548019,0.09526696,0.056067094,0.75718397,0.0026472684,0.044927586,0.0047131903,0.094991386,0.014749887,0.09896877,0.007648862,0.75718397,0.0026472684,"TWOGAUSSIANS_WITH_ELLIPSOIDAL_ON_ECLIPSE2",9,7.1974115,0.25233397,0.022958545,0.16079493,0.0814689,0.2929953,0.046098657,0.75718397,0.0026472684,0.25159448,0.026393864,0.29292867,0.007447301
375316653866487564,4601085970422925824,0.56330955,2158.594421949098,3.670491688190131,1.0036028E-5,17.54606,0.02214854,0.1602193,0.00267278,0.053602792,0.012303916,0.1867316,0.04907578,0.6306015,0.01094188,0.06405803,0.009932832,0.108544506,0.054853704,0.08332275,0.031230731,0.1602193,0.00267278,"TWOGAUSSIANS_WITH_ELLIPSOIDAL_ON_ECLIPSE1",9,9.900078,0.1602193,0.00267278,0.30017564,0.06890193,0.35336497,0.017971301,0.64045155,0.004828122,0.35872495,0.05562386,0.27134457,0.0126948925
