Gaia/vari_eclipsing_binary/VariEclipsingBinary_196977-197459.csv
# %ECSV 1.0
# ---
# delimiter: ','
# meta: !!omap
# - RELEASE: Gaia DR3
# - TABLE: vari_eclipsing_binary
# - DESCRIPTION: >
#     This table describes the properties of the eclipsing binaries resulting from the variability analysis. 
# - CITATION: >
#     How to cite and acknowledge Gaia: 
#     https://gea.esac.esa.int/archive/documentation/credits.html 
# - KNOWN_ISSUES: >
#     Known issues: 
#     https://www.cosmos.esa.int/web/gaia-users/known-issues 
# - DOCUMENTATION: >
#     Tutorials and documentation: 
#     https://www.cosmos.esa.int/web/gaia-users/archive 
# datatype:
# - 
#   name: solution_id
#   datatype: int64
#   description: Solution Identifier
#   meta:
#     ucd: meta.version
# - 
#   name: source_id
#   datatype: int64
#   description: Unique source identifier
#   meta:
#     ucd: meta.id;meta.main
# - 
#   name: global_ranking
#   datatype: float32
#   description: Number between 0 (worst) and 1 (best)
#   meta:
#     ucd: stat.param
# - 
#   name: reference_time
#   datatype: float64
#   unit: d
#   description: Reference time used for the geometric model fit
#   meta:
#     ucd: time.epoch
# - 
#   name: frequency
#   datatype: float64
#   unit: d**-1
#   description: Frequency of geometric model of the eclipsing binary light curve
#   meta:
#     ucd: src.orbital
# - 
#   name: frequency_error
#   datatype: float32
#   unit: d**-1
#   description: "Uncertainty of \\texttt{frequency}"
#   meta:
#     ucd: stat.error
# - 
#   name: geom_model_reference_level
#   datatype: float32
#   unit: mag
#   description: Magnitude reference level of geometric model
#   meta:
#     ucd: phot.mag;em.opt
# - 
#   name: geom_model_reference_level_error
#   datatype: float32
#   unit: mag
#   description: "Uncertainty of \\texttt{geomModelReferenceLevel}"
#   meta:
#     ucd: stat.error;phot.mag;em.opt
# - 
#   name: geom_model_gaussian1_phase
#   datatype: float32
#   description: Phase of the Gaussian 1 component
#   meta:
#     ucd: time.phase
# - 
#   name: geom_model_gaussian1_phase_error
#   datatype: float32
#   description: "Uncertainty of \\texttt{geomModelGaussian1Phase}"
#   meta:
#     ucd: stat.error;time.phase
# - 
#   name: geom_model_gaussian1_sigma
#   datatype: float32
#   description: "Standard deviation [phase] of Gaussian 1 component"
#   meta:
#     ucd: stat.stdev
# - 
#   name: geom_model_gaussian1_sigma_error
#   datatype: float32
#   description: "Uncertainty of \\texttt{geomModelGaussian1Sigma}"
#   meta:
#     ucd: stat.error
# - 
#   name: geom_model_gaussian1_depth
#   datatype: float32
#   unit: mag
#   description: Magnitude depth of Gaussian 1 component
#   meta:
#     ucd: src.var.amplitude
# - 
#   name: geom_model_gaussian1_depth_error
#   datatype: float32
#   unit: mag
#   description: "Uncertainty of \\texttt{geomModelGaussian1Depth}"
#   meta:
#     ucd: stat.error;src.var.amplitude
# - 
#   name: geom_model_gaussian2_phase
#   datatype: float32
#   description: Phase of Gaussian 2 component
#   meta:
#     ucd: time.phase
# - 
#   name: geom_model_gaussian2_phase_error
#   datatype: float32
#   description: "Uncertainty of \\texttt{geomModelGaussian2Phase}"
#   meta:
#     ucd: stat.error;time.phase
# - 
#   name: geom_model_gaussian2_sigma
#   datatype: float32
[...]
#   datatype: float32
#   description: "Secondary eclipse: uncertainty of \\texttt{derivedSecondaryEclDuration}"
#   meta:
#     ucd: stat.error;time.duration
# - 
#   name: derived_secondary_ecl_depth
#   datatype: float32
#   unit: mag
#   description: "Secondary eclipse: depth"
#   meta:
#     ucd: src.var.amplitude
# - 
#   name: derived_secondary_ecl_depth_error
#   datatype: float32
#   unit: mag
#   description: "Secondary eclipse: uncertainty of \\texttt{derivedSecondaryEclDepth}"
#   meta:
#     ucd: stat.error;src.var.amplitude
solution_id,source_id,global_ranking,reference_time,frequency,frequency_error,geom_model_reference_level,geom_model_reference_level_error,geom_model_gaussian1_phase,geom_model_gaussian1_phase_error,geom_model_gaussian1_sigma,geom_model_gaussian1_sigma_error,geom_model_gaussian1_depth,geom_model_gaussian1_depth_error,geom_model_gaussian2_phase,geom_model_gaussian2_phase_error,geom_model_gaussian2_sigma,geom_model_gaussian2_sigma_error,geom_model_gaussian2_depth,geom_model_gaussian2_depth_error,geom_model_cosine_half_period_amplitude,geom_model_cosine_half_period_amplitude_error,geom_model_cosine_half_period_phase,geom_model_cosine_half_period_phase_error,model_type,num_model_parameters,reduced_chi2,derived_primary_ecl_phase,derived_primary_ecl_phase_error,derived_primary_ecl_duration,derived_primary_ecl_duration_error,derived_primary_ecl_depth,derived_primary_ecl_depth_error,derived_secondary_ecl_phase,derived_secondary_ecl_phase_error,derived_secondary_ecl_duration,derived_secondary_ecl_duration_error,derived_secondary_ecl_depth,derived_secondary_ecl_depth_error
[from data line 108]
375316653866487564,1734067928793185664,0.6167955,2228.6009411098607,4.719055461794821,1.0585877E-5,17.635792,0.010663641,0.26494735,0.0016784021,0.044152763,0.0028232962,0.46922106,0.02804282,0.7633311,0.0019999985,0.04127034,0.00275228,0.4042268,0.021975292,0.15003854,0.013661973,0.26494735,0.0016784021,"TWOGAUSSIANS_WITH_ELLIPSOIDAL_ON_ECLIPSE1",9,10.339427,0.26494735,0.0016784021,0.24725546,0.015810458,0.769298,0.019130815,0.76348114,0.0017980194,0.23111391,0.015412768,0.7042756,0.008150399
375316653866487564,1734074564517877504,0.5416651,2275.2008113076927,3.872717608675204,1.126121E-5,18.111443,0.034126643,0.28601256,0.0069058305,0.08394423,0.013129621,0.38173458,0.036098875,0.75131047,0.0037481112,0.08039648,0.008416086,0.4994983,0.03674342,null,null,null,null,"TWOGAUSSIANS",8,18.1557,0.75131047,0.0037481112,0.4,0.0,0.49512768,0.03460032,0.28601256,0.0069058305,0.4,0.0,0.37736392,0.03397594
375316653866487564,1734081642623761024,0.5346515,2243.938432703726,1.4201328497617534,1.766433E-5,16.032272,0.0020775546,0.31861696,0.0030998662,0.046365514,0.0028410687,0.15989392,0.0055755028,0.8366841,0.0050173826,0.0361333,0.0050633447,0.06476849,0.013319875,null,null,null,null,"TWOGAUSSIANS",8,12.957035,0.31861696,0.0030998662,0.2596469,0.015909985,0.15989392,0.0055755028,0.8366841,0.0050173826,0.20234649,0.02835473,0.06476849,0.013319875
375316653866487564,1734085555337724928,0.5850078,2239.729685073811,3.851908640139768,1.5747686E-5,18.304062,0.018495655,0.22678213,0.00217713,0.04977798,0.0055593383,0.3897603,0.035055805,0.7318633,0.004303657,0.05097587,0.0047700056,0.5826027,0.06591749,0.09208361,0.021543216,0.22678213,0.00217713,"TWOGAUSSIANS_WITH_ELLIPSOIDAL_ON_ECLIPSE1",9,7.0973883,0.7318633,0.004303657,0.28546488,0.02671203,0.76657814,0.060076147,0.22678213,0.00217713,0.2787567,0.031132294,0.5739234,0.019596655
375316653866487564,1734087483779321984,0.6546392,2238.794953235818,4.0477532501792135,4.80842E-6,17.056772,0.008770428,0.28686562,8.1793737E-4,0.047162496,0.0012796666,0.54612815,0.02342674,0.7867477,8.2327204E-4,0.04608517,0.0021983325,0.47399503,0.018027646,0.12856936,0.0121359695,0.28686562,8.1793737E-4,"TWOGAUSSIANS_WITH_ELLIPSOIDAL_ON_ECLIPSE1",9,9.741789,0.28686562,8.1793737E-4,0.26410997,0.0071661323,0.803266,0.011603379,0.7867577,7.7935116E-4,0.25807697,0.012310662,0.73113275,0.01585805
375316653866487564,1734129643178185856,0.48437262,2248.5948433873345,0.802622308229821,8.758631E-5,17.93285,0.003011663,0.07958796,0.0048168204,0.013507005,0.038199693,0.1275469,0.0882986,0.6286498,0.020917643,0.022536824,0.010712007,0.46034366,0.7990476,null,null,null,null,"TWOGAUSSIANS",8,7.4829097,0.6286498,0.020917643,0.12620622,0.05998724,0.46034366,0.7990476,0.07958796,0.0048168204,0.075639226,0.21391827,0.1275469,0.0882986
375316653866487564,1734131636042994688,0.41572967,2236.282604777194,2.377599225362295,8.9612025E-5,17.896341,0.027016299,0.22053751,0.0081240125,0.03910361,0.0133505585,0.09124022,0.037436944,0.69508433,0.051366482,0.09703741,0.08345815,0.11718914,0.02789394,null,null,null,null,"TWOGAUSSIANS",8,26.606722,0.69508433,0.051366482,0.4,0.0,0.11707375,0.030338056,0.22053751,0.0075444747,0.21898021,0.07476313,0.09112564,0.037187964
375316653866487564,1734143348418039424,0.55788213,2233.513503032631,2.088247635840946,9.783311E-6,18.403858,0.015005157,0.26996583,0.003577399,0.09856888,0.0075604124,0.26158404,0.015768586,0.7533857,0.0032165085,0.08567505,0.0054195984,0.38287497,0.015027556,null,null,null,null,"TWOGAUSSIANS",8,3.32001,0.7533857,0.0032165085,0.4,0.0,0.37070474,0.011422494,0.26996583,0.003577399,0.4,0.0,0.24941202,0.013178206
375316653866487564,1734148437955310592,0.61406857,2241.00262092213,2.3772524633401115,2.0151132E-5,14.71763,0.018513078,0.24063677,0.0023481841,0.05687078,0.0047414987,0.33612427,0.039314587,0.74276775,0.0024667329,0.061606336,0.003953408,0.5554822,0.038720805,0.06104393,0.020958325,0.24063677,0.0023481841,"TWOGAUSSIANS_WITH_ELLIPSOIDAL_ON_ECLIPSE1",9,235.05458,0.74276775,0.0024667329,0.34499547,0.022139085,0.6773998,0.013077655,0.24063677,0.0023481841,0.31847638,0.026552394,0.45806372,0.016897231
375316653866487564,1734149086494511360,0.50152135,2232.580193740528,0.45429661516274666,1.5385684E-5,19.256641,0.0040147393,0.67277324,2.7816065E-4,0.021974811,0.0026434844,0.6622903,0.09795549,0.86022407,0.0027291805,0.0072279237,0.003227273,0.23785509,2.1639392,null,null,null,null,"TWOGAUSSIANS",8,1.8584125,0.67277324,2.7816065E-4,0.12305894,0.014803512,0.6622903,0.09795549,0.86022407,0.0027291805,0.04047637,0.018072728,0.23785509,2.1639392
375316653866487564,1734167782487326592,0.45730618,2244.127076740364,2.768223489071688,3.6747322E-5,17.429474,0.37008658,0.24628139,0.020225419,0.22552311,0.1916765,0.18114966,0.3644493,0.7164488,0.010465796,0.107408784,0.021345558,0.31355014,0.09423702,null,null,null,null,"TWOGAUSSIANS",8,27.423822,0.7164488,0.010465796,0.4,0.0,0.23975383,0.022495728,0.24651138,0.019975075,0.4,0.0,0.075309865,0.016312271
375316653866487564,1734170492610593408,0.5076025,2225.1681501517996,0.7760238015252668,3.110222E-5,18.605856,0.007544231,0.27672568,0.070488915,0.0791474,0.0650855,0.05885921,0.011960624,0.7251548,3.959208E-6,0.0043260274,8.731895E-5,3.0604203,0.21206264,null,null,null,null,"TWOGAUSSIANS",8,3.9041598,0.7251548,3.959208E-6,0.024225755,4.8898614E-4,3.0604203,0.2112677,0.27672568,0.070488915,0.4,0.053261075,0.05885921,0.011961777
375316653866487564,1734184446960626944,0.5725409,2270.4372127873316,2.9724340046835667,1.051224E-5,15.030591,0.008339042,0.21899238,0.0014657687,0.09086366,0.0033442567,0.23978361,0.007906161,0.71318364,0.003094602,0.09299209,0.004980404,0.274296,0.011034703,null,null,null,null,"TWOGAUSSIANS",8,70.65738,0.71318364,0.003094602,0.4,0.0,0.26263472,0.010646276,0.21899238,0.0014657687,0.4,0.0,0.22812252,0.004804122
375316653866487564,1734187741200138752,0.5074253,2233.623551362015,3.9838203897947992,2.7609549E-5,18.953945,0.009711438,0.19760151,0.007477473,0.07525618,0.010741847,0.319343,0.050314825,0.7045761,0.0047906456,0.081806734,0.0061586257,0.25375146,0.012378034,null,null,null,null,"TWOGAUSSIANS",8,3.1375115,0.19760151,0.007477473,0.4,0.0,0.31625333,0.052938122,0.7045761,0.0047906456,0.4,0.0,0.2506618,0.011261101
375316653866487564,1734196060552201088,0.59086686,2252.0176891511933,1.8893626816556144,6.937778E-6,13.10289,0.004994458,0.20675263,0.004777381,0.08431917,0.005180679,0.17454961,0.0054280367,0.6934901,0.0015075512,0.08489669,0.0035680586,0.2810833,0.0070546735,null,null,null,null,"TWOGAUSSIANS",8,77.378746,0.6934901,0.0015075512,0.4,0.0,0.27664173,0.0070515457,0.20675263,0.004777381,0.4,0.0,0.17010805,0.0044046496
375316653866487564,1734215469508867712,0.581819,2212.7194800075913,4.002655994535012,1.5651032E-5,19.126297,0.010948044,0.29904065,0.0026873585,0.039897628,0.0059146876,0.2492363,0.05699133,0.8028611,0.003870482,0.040578183,0.0050792275,0.43704608,0.025610445,0.1628078,0.017071573,0.29904065,0.0026873585,"TWOGAUSSIANS_WITH_ELLIPSOIDAL_ON_ECLIPSE1",9,3.5863194,0.8028611,0.003870482,0.22723782,0.028443674,0.7624741,0.019082675,0.29904065,0.0026873585,0.22342671,0.03312225,0.57485193,0.054244503
375316653866487564,1734228908462288512,0.5539109,2229.3165727452056,3.4787177570942918,3.080448E-5,14.079265,0.016116995,0.22411206,0.005041293,0.09968083,0.011453008,0.24312492,0.015735364,0.700999,0.004106561,0.088182636,0.009444933,0.2987233,0.01418772,null,null,null,null,"TWOGAUSSIANS",8,353.0855,0.700999,0.004106561,0.4,0.0,0.2876731,0.013445951,0.22411206,0.005041293,0.4,0.0,0.23207198,0.012859265
375316653866487564,1734245809156917888,0.5414572,2244.69401977761,3.4698005576567303,9.075141E-6,18.460733,0.022411339,0.260147,0.0046194377,0.015852632,0.056340598,0.072318524,0.019656405,0.7321213,0.00946298,0.055886198,0.019725118,0.08406298,0.04504925,0.122200586,0.027104633,0.260147,0.0046194377,"TWOGAUSSIANS_WITH_ELLIPSOIDAL_ON_ECLIPSE1",9,3.3518825,0.74393123,0.0044716727,0.3129627,0.110383704,0.32407907,0.014131741,0.260147,0.0046194377,0.08877474,0.30678043,0.31671914,0.055175923
375316653866487564,1734260175823961216,0.48982793,2218.294928768085,0.17088536214753985,2.4333196E-5,18.545874,0.0024938486,0.3247571,0.003278072,0.030735612,0.012448807,0.14618824,0.36126953,0.7763099,0.0012844047,0.005369344,0.0011215092,0.2716023,0.07686905,null,null,null,null,"TWOGAUSSIANS",8,2.0524375,0.7763099,0.0012844047,0.030068327,0.006280452,0.2716023,0.07686905,0.3247571,0.003278072,0.17211942,0.06971332,0.14618824,0.36126953
375316653866487564,1734269483018122752,0.48554915,2260.467851747144,0.9978735102225035,1.4703811E-4,19.088953,0.0064183217,0.3277299,0.010294951,0.03739213,0.009310488,0.2829704,0.039546225,0.5258744,0.032524362,0.046440363,0.01610267,0.13422713,0.094417304,null,null,null,null,"TWOGAUSSIANS",8,4.0489936,0.3277399,0.010293341,0.20939592,0.05213873,0.28298536,0.039568022,0.5258744,0.032524362,0.26006603,0.09017495,0.13422735,0.09441734
375316653866487564,1734272266157018624,0.613961,2242.28343039925,2.806333907645017,8.678611E-6,16.621717,0.01365003,0.1968763,0.0012639483,0.05496002,0.0051084603,0.33766124,0.029115422,0.7020736,0.01617121,0.053863022,0.012014164,0.22600715,0.045168705,0.09596328,0.018688437,0.1968763,0.0012639483,"TWOGAUSSIANS_WITH_ELLIPSOIDAL_ON_ECLIPSE1",9,14.2045355,0.1968763,0.0012639483,0.3077761,0.028607378,0.52957225,0.022291882,0.7020736,0.01617121,0.3016329,0.06727932,0.41771355,0.027677158
375316653866487564,1734277385757864960,0.6003794,2250.0249431168854,2.786695424160547,6.680479E-6,18.521196,0.004845889,0.25079256,0.0014384852,0.08645,0.0024067345,0.36731395,0.0100912405,0.7482715,0.0027338825,0.09276634,0.0036738992,0.3168445,0.008893167,null,null,null,null,"TWOGAUSSIANS",8,1.2191261,0.25079256,0.0014384852,0.4,0.0,0.3539811,0.0106682,0.7482715,0.0027338825,0.4,0.0,0.30351138,0.009248824
375316653866487564,1734291748128650368,0.625794,2263.5892489905623,3.6087835306323,8.3434115E-6,17.795725,0.010775481,0.20467342,0.0011369822,0.04810508,0.003020502,0.4438387,0.023054458,0.7027513,0.0024861472,0.055313278,0.0026636284,0.5117479,0.03744081,0.10578457,0.018734436,0.20467342,0.0011369822,"TWOGAUSSIANS_WITH_ELLIPSOIDAL_ON_ECLIPSE1",9,8.401697,0.70292133,0.0022411428,0.30975437,0.014916319,0.723272,0.02824392,0.20467342,0.0011369822,0.26938844,0.016914811,0.65539086,0.021671161
375316653866487564,1734292882000063104,0.52103215,2248.629476634307,2.2828826035078658,5.8330363E-5,19.606771,0.005389941,0.26289904,0.01432205,0.041642625,0.012465158,0.4625665,1.318025,0.77520245,0.004989827,0.02964013,0.00447556,0.60067576,0.1845464,null,null,null,null,"TWOGAUSSIANS",8,1.539638,0.77520245,0.004989827,0.16598472,0.025063137,0.60067576,0.1845464,0.26289904,0.01432205,0.2331987,0.069804884,0.4625665,1.318025
375316653866487564,1734297314406391680,0.5901964,2255.555597758599,0.15933909906443688,1.4387643E-4,18.008085,0.0016820877,0.6640205,2.528933E-4,0.0067327786,1.1643096E-4,0.46456474,0.008262338,0.84045553,0.01757933,0.022886237,0.012359758,0.010385177,0.005047885,null,null,null,null,"TWOGAUSSIANS",8,1.3887658,0.6640205,2.528933E-4,0.037703563,6.5201335E-4,0.46456474,0.008262338,0.84045553,0.01757933,0.12816292,0.06921464,0.010385177,0.005047885
375316653866487564,1734298516997261568,0.53714657,2233.850183607262,0.2495946143781743,9.922379E-5,16.820312,0.0025798443,0.3553485,0.012546021,0.013521872,0.0059317835,0.32197773,0.024120014,0.614618,0.018768676,0.060410775,0.016713738,0.04769636,0.01048607,0.01616798,0.0057893447,0.3553485,0.012546021,"TWOGAUSSIANS_WITH_ELLIPSOIDAL_ON_ECLIPSE1",9,13.276769,0.3553485,0.012546021,0.075722486,0.033217985,0.3543184,0.031997308,0.616858,0.0225253,0.33830035,0.09094272,0.047832318,0.010348326
375316653866487564,1734304839189155456,0.5197602,2259.38283403649,1.127878199649529,6.8614813E-6,19.655884,0.008571009,0.30442578,0.006183936,0.04364962,0.0087547675,0.24538364,0.051152613,0.79258,0.002057517,0.029051853,0.0012019392,0.8172606,0.058064725,null,null,null,null,"TWOGAUSSIANS",8,2.6780238,0.79258,0.002057517,0.16269037,0.0067308596,0.8172606,0.058064725,0.30442578,0.006183936,0.24443787,0.049026698,0.24538364,0.051152613
375316653866487564,1734305010987864576,0.57531047,2257.2184655306983,2.62024968840984,1.2140166E-5,14.644782,0.007108496,0.2543412,0.003932512,0.092751205,0.005852431,0.28950515,0.019775365,0.74593604,0.0024402987,0.08866947,0.0034823695,0.3300225,0.008060384,null,null,null,null,"TWOGAUSSIANS",8,91.65615,0.74593604,0.0024402987,0.4,0.0,0.31786507,0.0066459193,0.2543412,0.003932512,0.4,0.0,0.27734748,0.02145934
375316653866487564,1734306935133255296,0.4864499,2246.2424229811745,3.749980849643445,1.4250857E-5,18.50074,0.012113337,0.27685755,0.00418708,0.039588727,0.005616269,0.18092316,0.043971695,0.7650997,0.03414998,0.043110646,0.033907544,0.1739225,151.81883,0.08054353,0.017565174,0.27685755,0.00418708,"TWOGAUSSIANS_WITH_ELLIPSOIDAL_ON_ECLIPSE1",9,8.154316,0.27685755,0.00418708,0.22169687,0.031451106,0.34201005,0.032625,0.7664997,0.027389128,0.24141963,0.18988225,0.33423638,151.81491
375316653866487564,1734309890068901120,0.5245041,2235.7409645007615,3.398113133732189,1.0507191E-5,18.088736,0.0122190565,0.23127866,0.0052379896,0.08811484,0.009225662,0.40445012,0.047256984,0.7306955,0.002223763,0.08058943,0.0065059094,0.3999039,0.030048274,null,null,null,null,"TWOGAUSSIANS",8,15.562714,0.23127866,0.0052379896,0.4,0.0,0.39460492,0.0503929,0.7306955,0.002223763,0.4,0.0,0.3900588,0.032124866
375316653866487564,1734322401309975296,0.5784486,2239.75665345345,4.042561956564451,9.9158815E-6,18.380445,0.010280104,0.23157802,0.002779479,0.044552073,0.005120022,0.19491218,0.02575851,0.74036014,0.011337719,0.06281724,0.012476319,0.1094757,0.02487937,0.09552552,0.011991304,0.23157802,0.002779479,"TWOGAUSSIANS_WITH_ELLIPSOIDAL_ON_ECLIPSE1",9,2.53808,0.23157802,0.002779479,0.24949162,0.028672123,0.38594067,0.01107378,0.74036014,0.011337719,0.35177654,0.06986739,0.29992306,0.011897449
375316653866487564,1734342570478286976,0.5234052,2244.8444418984463,0.3944840092370066,5.6021167E-5,11.5274,0.0012460975,0.31962484,0.13867189,0.15168262,0.09115179,0.008222778,0.002819155,0.816321,3.9779526E-4,0.0121202795,2.9642324E-4,0.21592474,0.009162255,null,null,null,null,"TWOGAUSSIANS",8,21.793568,0.816321,3.9779526E-4,0.06787357,0.0016599701,0.21587464,0.009158143,0.31962484,0.13867189,0.4,0.033564154,0.008100638,0.0028859933
375316653866487564,1734345731572502272,0.6476228,2264.0240232666947,1.4872785275033344,9.026371E-6,10.600422,0.0020296911,0.24081297,0.0030081482,0.046509326,0.0035825854,0.05118001,0.004950745,0.7465665,0.0011785426,0.04255816,0.00155684,0.5115707,0.0120621445,0.01693389,0.0029789195,0.7465665,0.0011785426,"TWOGAUSSIANS_WITH_ELLIPSOIDAL_ON_ECLIPSE2",9,52.499218,0.7465665,0.0011785426,0.2383257,0.008718304,0.5454384,0.012401119,0.24139297,0.0026587164,0.26045224,0.020062478,0.085007995,0.0022306605
375316653866487564,1734347999313998592,0.41361225,2262.2927507095637,0.9842604521127729,7.648718E-5,19.49061,0.019978395,0.22043931,0.02801777,0.059937187,0.03923648,0.27629003,0.33523995,0.5448101,0.044450924,0.031156722,0.024805715,0.12105167,0.21773663,0.06543126,0.03207648,0.22043931,0.02801777,"TWOGAUSSIANS_WITH_ELLIPSOIDAL_ON_ECLIPSE1",9,10.976618,0.22043931,0.02801777,0.33564824,0.21972428,0.40710682,0.34712848,0.5504701,0.05053082,0.17447765,0.138912,0.14941779,0.2026643
375316653866487564,1734364388910750720,0.5634442,2267.935836345146,3.020471682657427,1.7395207E-5,15.87917,0.0022896277,0.23360541,0.0023642953,0.03058763,0.010619049,0.024480853,0.005454419,0.73031443,0.0044172443,0.014315566,0.0068288264,0.024812056,0.04361105,0.08577933,0.0033352044,0.23360541,0.0023642953,"TWOGAUSSIANS_WITH_ELLIPSOIDAL_ON_ECLIPSE1",9,31.764864,0.73064446,0.0042910827,0.080167174,0.038241427,0.19630466,0.043727007,0.23360541,0.0023642953,0.17129073,0.059466675,0.19603942,0.0063891746
