Gaia/vari_eclipsing_binary/VariEclipsingBinary_205725-205802.csv
# %ECSV 1.0
# ---
# delimiter: ','
# meta: !!omap
# - RELEASE: Gaia DR3
# - TABLE: vari_eclipsing_binary
# - DESCRIPTION: >
#     This table describes the properties of the eclipsing binaries resulting from the variability analysis. 
# - CITATION: >
#     How to cite and acknowledge Gaia: 
#     https://gea.esac.esa.int/archive/documentation/credits.html 
# - KNOWN_ISSUES: >
#     Known issues: 
#     https://www.cosmos.esa.int/web/gaia-users/known-issues 
# - DOCUMENTATION: >
#     Tutorials and documentation: 
#     https://www.cosmos.esa.int/web/gaia-users/archive 
# datatype:
# - 
#   name: solution_id
#   datatype: int64
#   description: Solution Identifier
#   meta:
#     ucd: meta.version
# - 
#   name: source_id
#   datatype: int64
#   description: Unique source identifier
#   meta:
#     ucd: meta.id;meta.main
# - 
#   name: global_ranking
#   datatype: float32
#   description: Number between 0 (worst) and 1 (best)
#   meta:
#     ucd: stat.param
# - 
#   name: reference_time
#   datatype: float64
#   unit: d
#   description: Reference time used for the geometric model fit
#   meta:
#     ucd: time.epoch
# - 
#   name: frequency
#   datatype: float64
#   unit: d**-1
#   description: Frequency of geometric model of the eclipsing binary light curve
#   meta:
#     ucd: src.orbital
# - 
#   name: frequency_error
#   datatype: float32
#   unit: d**-1
#   description: "Uncertainty of \\texttt{frequency}"
#   meta:
#     ucd: stat.error
# - 
#   name: geom_model_reference_level
#   datatype: float32
#   unit: mag
#   description: Magnitude reference level of geometric model
#   meta:
#     ucd: phot.mag;em.opt
# - 
#   name: geom_model_reference_level_error
#   datatype: float32
#   unit: mag
#   description: "Uncertainty of \\texttt{geomModelReferenceLevel}"
#   meta:
#     ucd: stat.error;phot.mag;em.opt
# - 
#   name: geom_model_gaussian1_phase
#   datatype: float32
#   description: Phase of the Gaussian 1 component
#   meta:
#     ucd: time.phase
# - 
#   name: geom_model_gaussian1_phase_error
#   datatype: float32
#   description: "Uncertainty of \\texttt{geomModelGaussian1Phase}"
#   meta:
#     ucd: stat.error;time.phase
# - 
#   name: geom_model_gaussian1_sigma
#   datatype: float32
#   description: "Standard deviation [phase] of Gaussian 1 component"
#   meta:
#     ucd: stat.stdev
# - 
#   name: geom_model_gaussian1_sigma_error
#   datatype: float32
#   description: "Uncertainty of \\texttt{geomModelGaussian1Sigma}"
#   meta:
#     ucd: stat.error
# - 
#   name: geom_model_gaussian1_depth
#   datatype: float32
#   unit: mag
#   description: Magnitude depth of Gaussian 1 component
#   meta:
#     ucd: src.var.amplitude
# - 
#   name: geom_model_gaussian1_depth_error
#   datatype: float32
#   unit: mag
#   description: "Uncertainty of \\texttt{geomModelGaussian1Depth}"
#   meta:
#     ucd: stat.error;src.var.amplitude
# - 
#   name: geom_model_gaussian2_phase
#   datatype: float32
#   description: Phase of Gaussian 2 component
#   meta:
#     ucd: time.phase
# - 
#   name: geom_model_gaussian2_phase_error
#   datatype: float32
#   description: "Uncertainty of \\texttt{geomModelGaussian2Phase}"
#   meta:
#     ucd: stat.error;time.phase
# - 
#   name: geom_model_gaussian2_sigma
#   datatype: float32
[...]
#   datatype: float32
#   description: "Secondary eclipse: uncertainty of \\texttt{derivedSecondaryEclDuration}"
#   meta:
#     ucd: stat.error;time.duration
# - 
#   name: derived_secondary_ecl_depth
#   datatype: float32
#   unit: mag
#   description: "Secondary eclipse: depth"
#   meta:
#     ucd: src.var.amplitude
# - 
#   name: derived_secondary_ecl_depth_error
#   datatype: float32
#   unit: mag
#   description: "Secondary eclipse: uncertainty of \\texttt{derivedSecondaryEclDepth}"
#   meta:
#     ucd: stat.error;src.var.amplitude
solution_id,source_id,global_ranking,reference_time,frequency,frequency_error,geom_model_reference_level,geom_model_reference_level_error,geom_model_gaussian1_phase,geom_model_gaussian1_phase_error,geom_model_gaussian1_sigma,geom_model_gaussian1_sigma_error,geom_model_gaussian1_depth,geom_model_gaussian1_depth_error,geom_model_gaussian2_phase,geom_model_gaussian2_phase_error,geom_model_gaussian2_sigma,geom_model_gaussian2_sigma_error,geom_model_gaussian2_depth,geom_model_gaussian2_depth_error,geom_model_cosine_half_period_amplitude,geom_model_cosine_half_period_amplitude_error,geom_model_cosine_half_period_phase,geom_model_cosine_half_period_phase_error,model_type,num_model_parameters,reduced_chi2,derived_primary_ecl_phase,derived_primary_ecl_phase_error,derived_primary_ecl_duration,derived_primary_ecl_duration_error,derived_primary_ecl_depth,derived_primary_ecl_depth_error,derived_secondary_ecl_phase,derived_secondary_ecl_phase_error,derived_secondary_ecl_duration,derived_secondary_ecl_duration_error,derived_secondary_ecl_depth,derived_secondary_ecl_depth_error
[from data line 506]
375316653866487564,1810166747769304960,0.4425969,2107.5286977402097,0.4140837135706074,5.4700067E-5,16.893942,0.0073959166,0.28964052,0.005728032,0.031197187,0.011129566,0.11392588,0.025586767,0.82670045,0.079655014,0.024896728,0.012928234,0.5129123,0.74767005,0.014350381,0.012651596,0.28964052,0.005728032,"TWOGAUSSIANS_WITH_ELLIPSOIDAL_ON_ECLIPSE1",9,60.709076,0.82670045,0.079655014,0.13942167,0.07239811,0.5400847,0.75968075,0.28964052,0.005728032,0.17470425,0.06232557,0.14262663,0.03144713
375316653866487564,1810167400604393728,0.531204,2098.078017819172,2.5897419833380915,9.433235E-6,17.313385,0.18593183,0.28252393,0.004253679,0.13737713,0.045838404,0.2738331,0.17666404,0.7756661,0.00565779,0.13031456,0.03211858,0.29260316,0.17456737,null,null,null,null,"TWOGAUSSIANS",8,7.4229116,0.7756661,0.00565779,0.4,0.0,0.19924212,0.008607063,0.28267393,0.0040568477,0.4,0.0,0.18011236,0.011275773
375316653866487564,1810168465756226432,0.49154356,2053.061521872542,3.472785841850649,2.1496118E-5,18.687416,0.01540164,0.2636456,0.0036239058,0.0933807,0.010307528,0.24766037,0.012290089,0.7656829,0.0042057894,0.09293553,0.00759571,0.2373309,0.016734432,null,null,null,null,"TWOGAUSSIANS",8,4.1511064,0.2636456,0.0036239058,0.4,0.0,0.23480569,0.011231543,0.7656829,0.0042057894,0.4,0.0,0.22447626,0.01381361
375316653866487564,1810170007632582912,0.571428,2102.9877633939122,3.0495913348655947,8.238935E-6,18.130707,0.007862018,0.2719192,0.0038038793,0.08247747,0.0070601054,0.27894935,0.007851751,0.76923347,0.003173814,0.0887431,0.0041577555,0.33898094,0.00936,null,null,null,null,"TWOGAUSSIANS",8,3.656871,0.76923347,0.003173814,0.4,0.0,0.33069485,0.00802842,0.2719192,0.0038038793,0.4,0.0,0.27066332,0.008012183
375316653866487564,1810170355541989120,0.5365362,2144.430617928036,2.6803706504281175,2.9397295E-5,17.238436,0.04512524,0.24407996,0.0036195125,0.102644235,0.017868172,0.3321448,0.033793308,0.7502973,0.008056977,0.106841564,0.01930412,0.36085632,0.043690924,null,null,null,null,"TWOGAUSSIANS",8,24.26539,0.7502973,0.008055624,0.4,0.0,0.32348135,0.014757057,0.24407996,0.0036249582,0.4,0.0,0.29477808,0.014081969
375316653866487564,1810171794343108480,0.5531205,2112.279761514991,3.5999666925068197,1.1465105E-5,19.24235,0.0078930175,0.26180917,0.0025789877,0.06995171,0.003354117,0.49240884,0.01288047,0.75333714,0.005411818,0.067307875,0.005575763,0.41561967,0.022969257,null,null,null,null,"TWOGAUSSIANS",8,1.9028529,0.26180917,0.0025789877,0.3917296,0.014838914,0.49145985,0.012940182,0.75333714,0.005411818,0.3769241,0.031224273,0.41467068,0.023115847
375316653866487564,1810174886718770944,0.516591,2083.699461088665,0.16300271170991215,1.0189966E-5,18.788872,0.003132182,0.24519603,1.616164E-5,0.0069678253,1.7337881E-4,0.5422475,0.0051442087,0.931791,0.03861835,0.04264001,0.038239956,0.016750624,6.7174788,null,null,null,null,"TWOGAUSSIANS",8,1.9133259,0.24519603,1.616164E-5,0.039019823,9.709213E-4,0.5422475,0.0051442087,0.931791,0.03861835,0.23878406,0.21414375,0.016750624,6.7174788
375316653866487564,1810174891027820928,0.57777363,2090.505305067772,2.3507387954571457,6.2432014E-6,15.599207,0.018839357,0.2982764,0.001630269,0.06058179,0.003555248,0.47400582,0.03701501,0.81938607,0.0052099507,0.069024056,0.011823684,0.0894864,0.04334736,0.06297827,0.021241317,0.81938607,0.0052099507,"TWOGAUSSIANS_WITH_ELLIPSOIDAL_ON_ECLIPSE2",9,108.42806,0.2997764,0.001301512,0.33925802,0.01990939,0.59776723,0.016938448,0.81938607,0.0052099507,0.3865347,0.062243123,0.21529558,0.0107192295
375316653866487564,1810175268985013760,0.47926378,2091.8411470176006,0.806270091959012,2.1159669E-5,16.930428,0.0033904423,0.27526382,0.007790902,0.08240553,0.011475269,0.059887998,0.0053867353,0.8015518,0.009172499,0.07463439,0.012715055,0.030015755,0.0035167772,null,null,null,null,"TWOGAUSSIANS",8,3.0405035,0.27526382,0.007790902,0.4,0.0,0.059575632,0.0054053995,0.8015518,0.009172499,0.4,0.0,0.029703397,0.0031390258
375316653866487564,1810175612582388224,0.46643242,2078.765028615574,1.4357774540015895,1.6935724E-5,18.276016,0.0034351496,0.5596519,0.011100512,0.020916656,0.0071154325,0.34538895,0.1531056,0.4325628,0.11530227,0.09361074,0.09482905,0.020038892,0.010296399,null,null,null,null,"TWOGAUSSIANS",8,5.2999067,0.55950195,0.010903114,0.117133275,0.03984642,0.35337064,0.15359475,0.4325628,0.16615133,0.4,0.2661187,0.02003887,0.3428084
375316653866487564,1810175887460535808,0.5976841,2101.334577208201,2.555660609188374,5.8352584E-6,17.403227,0.005407204,0.124268524,0.0020138056,0.091928385,0.004411,0.18636853,0.004984791,0.6269612,0.0013189,0.0865918,0.0027178049,0.20606858,0.0054007242,null,null,null,null,"TWOGAUSSIANS",8,1.7160962,0.6269612,0.0013189,0.4,0.0,0.19864927,0.0038771424,0.124268524,0.0020138056,0.4,0.0,0.1789491,0.0037862142
375316653866487564,1810177021331626624,0.48227394,2040.376039775595,3.0075119288750827,7.696304E-6,19.250437,0.005287159,0.27641895,8.647076E-4,0.0026347176,8.3683926E-4,0.6560144,0.20519374,0.42189693,0.03160043,0.04635404,0.019315284,0.04637652,0.021977695,null,null,null,null,"TWOGAUSSIANS",8,3.9722338,0.27641895,8.647076E-4,0.014754419,0.0046862997,0.65635127,0.20512788,0.42189693,0.03160043,0.25958264,0.108165585,0.04637652,0.021977695
375316653866487564,1810181900414297856,0.42869368,2102.6885457254193,0.22442375484545926,7.8550765E-5,12.776542,0.010405093,0.25298434,0.008586523,0.036313023,0.05712967,1.8709079,2.5694745,null,null,null,null,null,null,0.032143388,0.012788828,0.25298434,0.008586523,"ONEGAUSSIAN_WITH_ELLIPSOIDAL",6,2212.9797,0.25298434,0.008586523,0.20335293,0.2154339,1.9351947,2.57314,null,null,null,null,null,null
375316653866487564,1810183652760811904,0.5649704,2131.2121592352723,2.992135937006394,1.2038252E-5,17.0006,0.0090664225,0.2590683,0.0026168644,0.08221515,0.0049597947,0.2437401,0.010185953,0.7627787,0.0025215226,0.09221058,0.0042533237,0.27887976,0.009665287,null,null,null,null,"TWOGAUSSIANS",8,10.794361,0.7627787,0.0025215226,0.4,0.0,0.2708021,0.007688049,0.2590683,0.0026168644,0.4,0.0,0.2356627,0.009126832
375316653866487564,1810188463124236672,0.5465988,2128.0587047928407,1.0075664439711876,1.559489E-5,16.210169,0.005305611,0.26799023,0.0017423087,0.022358246,0.001583116,0.5320038,0.016543334,0.7690986,0.0037174257,0.019391432,0.0026083717,0.8250971,0.22516552,null,null,null,null,"TWOGAUSSIANS",8,120.45763,0.7690986,0.0037174257,0.10859202,0.014606881,0.8250971,0.22516552,0.26799023,0.0017423087,0.12520619,0.00886545,0.5320038,0.016543334
375316653866487564,1810189253398226304,0.55489975,2117.4343790060984,3.400108204540743,1.0817823E-5,16.108856,0.0282506,0.24883756,0.0028946556,0.11298981,0.011854248,0.26477748,0.02497775,0.7557852,0.0029159866,0.10831831,0.009348615,0.259814,0.027922368,null,null,null,null,"TWOGAUSSIANS",8,25.260593,0.24882755,0.002891609,0.4,0.0,0.22673845,0.0073463637,0.75579524,0.0029268225,0.4,0.0,0.22179285,0.007794869
375316653866487564,1810189936284322560,0.57041466,2153.285517697676,3.526890642873389,9.734231E-6,17.686813,0.011552139,0.28254503,0.0023897244,0.0818091,0.0033922328,0.4447844,0.011973625,0.7789709,0.0036098715,0.0841273,0.006989101,0.46277082,0.03386141,null,null,null,null,"TWOGAUSSIANS",8,9.988273,0.7789709,0.0036098715,0.4,0.0,0.4536914,0.03680386,0.28254503,0.0023897244,0.4,0.0,0.435705,0.0098226685
375316653866487564,1810190967073902720,0.62383556,2125.5736686832242,2.2740439977943114,3.5505461E-6,14.580546,0.003425446,0.28597197,0.0011709066,0.052082617,0.003821423,0.113827616,0.00858487,0.78874105,0.0033185994,0.04026677,0.003263181,0.103916824,0.009222988,0.102201305,0.0051501472,0.28597197,0.0011709066,"TWOGAUSSIANS_WITH_ELLIPSOIDAL_ON_ECLIPSE1",9,50.74957,0.28597197,0.0011709066,0.29166266,0.02139997,0.31822905,0.0052444357,0.78874105,0.0033185994,0.22549392,0.018273814,0.3082564,0.0052559413
375316653866487564,1810192689372617728,0.63862884,2116.585250569317,2.48715590692792,4.354936E-6,17.23477,0.009895425,0.20748544,0.0010395151,0.047012303,0.002749844,0.3189709,0.022773251,0.7128833,0.002843888,0.049068082,0.00614637,0.3312853,0.03151352,0.13041279,0.012054227,0.20748544,0.0010395151,"TWOGAUSSIANS_WITH_ELLIPSOIDAL_ON_ECLIPSE1",9,4.796519,0.7128833,0.002843888,0.27478126,0.034419674,0.59181035,0.03448839,0.20748544,0.0010395151,0.2632689,0.015399125,0.57979584,0.008643239
375316653866487564,1810194166841092480,0.66798025,2110.4405687466456,3.2304505399482393,2.4075548E-6,15.157629,0.0044705207,0.23718958,0.0012106604,0.04724263,0.003273321,0.29802892,0.017520396,0.73843473,0.0015026518,0.042360924,0.0022648496,0.2079462,0.012496656,0.12260276,0.0075706863,0.23718958,0.0012106604,"TWOGAUSSIANS_WITH_ELLIPSOIDAL_ON_ECLIPSE1",9,37.65767,0.23718958,0.0012106604,0.26455873,0.018330598,0.5432338,0.017219294,0.73843473,0.0015026518,0.23722118,0.012683159,0.45313606,0.009119001
375316653866487564,1810194785316220672,0.5100091,2114.771521162637,2.349659541644167,2.0832273E-5,17.642498,0.0018305848,null,null,null,null,null,null,null,null,null,null,null,null,0.071020685,0.0033953998,0.21809535,0.0024736186,"ELLIPSOIDAL",4,4.9341583,null,null,null,null,null,null,null,null,null,null,null,null
375316653866487564,1810195403791536512,0.5283424,2123.4567123740976,0.36818216080206756,7.042551E-6,16.102325,0.0010561796,0.35267556,0.0023077875,0.018401533,0.003278349,0.05533648,0.00948033,0.8510976,0.001123504,0.015811676,4.8701846E-4,0.20052285,0.009726136,null,null,null,null,"TWOGAUSSIANS",8,4.836889,0.8510976,0.001123504,0.08854539,0.0027273034,0.20052285,0.009726136,0.35267556,0.0023077875,0.103048585,0.018358754,0.05533648,0.00948033
375316653866487564,1810198564887493888,0.4322546,2105.1036812182397,2.7610361397305994,3.055124E-5,17.132608,0.2973102,0.29096794,0.014945023,0.3001501,0.046812717,0.79020447,0.29638556,0.7669901,0.007813595,0.13726015,0.028986866,0.37995306,0.17909776,null,null,null,null,"TWOGAUSSIANS",8,24.64812,0.29317793,0.012415667,0.4,0.0,0.16553141,0.016347026,0.7669901,0.007813595,0.4,0.0,0.1447926,0.01135486
375316653866487564,1810200519082615808,0.45290628,2118.392088723943,3.452024335689875,2.874334E-5,19.39114,0.010237087,0.5310267,0.008657817,0.05082503,0.0068387915,0.39896116,0.04066439,0.87727815,8.976584E-4,0.014061654,0.0044457368,0.07630534,0.019014664,null,null,null,null,"TWOGAUSSIANS",8,5.8261414,0.5310267,0.008657817,0.28462017,0.038297232,0.39896116,0.04066439,0.87727815,8.976584E-4,0.07874526,0.024896124,0.07630534,0.019014664
375316653866487564,1810201068836901888,0.4789834,2074.068547608176,2.795619554867439,1.1525791E-5,14.913232,0.17477515,0.24460486,0.0045194016,0.14581585,0.014205783,0.6335335,0.13971826,0.74516404,0.0048978953,0.28366172,0.030317452,1.0398515,0.17183296,null,null,null,null,"TWOGAUSSIANS",8,71.3102,0.24425486,0.0048654117,0.4,0.0,0.19318919,0.009789142,0.745264,0.0049970383,0.4,0.0,0.16733502,0.00965644
375316653866487564,1810201412434395904,0.44057253,2077.616167210765,1.0882004248690484,4.920353E-5,18.170633,0.004187378,0.24895296,0.0058804564,0.043248452,0.008292214,0.12758678,0.022493474,0.73484385,0.010103889,0.045083534,0.009569356,0.05151429,0.008050331,null,null,null,null,"TWOGAUSSIANS",8,5.4101,0.24895296,0.0058804564,0.24219133,0.0464364,0.12758677,0.022493497,0.73484385,0.010103889,0.2524678,0.053588394,0.051514283,0.008050325
375316653866487564,1810203340892052224,0.5491306,2081.5132078022198,0.7872908597174274,2.093994E-5,17.059893,0.0016769338,0.2544411,0.011726837,0.028603781,0.0073612514,0.23465447,0.042588137,0.757104,0.017249674,0.021085145,0.0113573335,0.020253941,0.0068366425,0.012443324,0.0032112459,0.2544411,0.011726837,"TWOGAUSSIANS_WITH_ELLIPSOIDAL_ON_ECLIPSE1",9,3.1900141,0.2544411,0.011726837,0.16018118,0.04122301,0.25954112,0.039971147,0.757104,0.0168453,0.118076816,0.06360107,0.04513362,0.00419684
375316653866487564,1810204440392771328,0.49908754,2070.0486126757323,3.05863486064981,2.8905997E-6,19.195362,0.0052216626,0.24457765,0.0030767804,0.03957515,0.0028271663,0.5531289,0.035042252,0.7233476,4.7199358E-4,0.0086525595,9.776792E-4,0.24284068,0.05045981,0.06544739,0.010324369,0.24457765,0.0030767804,"TWOGAUSSIANS_WITH_ELLIPSOIDAL_ON_ECLIPSE1",9,6.7106614,0.24457765,0.0030767804,0.22162083,0.015832132,0.6840236,0.034610637,0.72341764,4.66623E-4,0.048454333,0.0054750037,0.37142733,0.055524103
375316653866487564,1810205398164403456,0.53469,2090.231196655619,1.1178007320415826,1.41501605E-5,17.968159,0.0051955,0.22748508,0.0044811945,0.022466091,0.004930423,0.7645603,0.18529932,0.7284434,0.004538238,0.019274443,0.005343907,0.30775625,0.17598127,null,null,null,null,"TWOGAUSSIANS",8,17.444817,0.22748508,0.0044811945,0.12581012,0.027610369,0.7645603,0.18529932,0.7284434,0.004538238,0.10793688,0.02992588,0.30775625,0.17598127
375316653866487564,1810205642981822080,0.41955844,2097.010039238921,0.34770869421875705,2.7938237E-5,16.285368,0.00827464,0.20642045,0.012250437,0.016546275,0.012913806,0.14582667,0.3034689,0.93071586,0.0021296002,0.009750031,0.0013507362,4.130881,9.230962,0.0104725035,0.008832779,0.20642045,0.012250437,"TWOGAUSSIANS_WITH_ELLIPSOIDAL_ON_ECLIPSE1",9,11.214947,0.93071586,0.0021296002,0.05460017,0.0075641233,4.131422,9.230907,0.20642045,0.012250437,0.092659146,0.07231732,0.16677168,0.3123304
375316653866487564,1810206016639875328,0.6439022,2110.269334714373,3.9529750705861755,7.011545E-6,17.411745,0.009625534,0.21072784,0.0016025736,0.05257937,0.0043687583,0.30921423,0.021675412,0.7069028,0.0016632617,0.050102293,0.002389898,0.4210695,0.022043593,0.1180212,0.013632078,0.21072784,0.0016025736,"TWOGAUSSIANS_WITH_ELLIPSOIDAL_ON_ECLIPSE1",9,6.7526326,0.7072828,0.0014758633,0.28057286,0.013383429,0.65698373,0.012352001,0.21072784,0.0016025736,0.29444447,0.024465047,0.54525113,0.012992672
375316653866487564,1810206673787037568,0.66443014,2153.770556643116,0.009784984992153788,1.0823043E-6,16.004967,5.3860736E-4,0.57199013,0.019430635,0.081824295,0.0198645,0.008450205,0.0029228143,0.35707265,1.3599479E-5,0.0010019226,1.8289935E-5,0.44894505,0.013267197,null,null,null,null,"TWOGAUSSIANS",8,1.7654694,0.35707265,1.3599479E-5,0.005610767,1.0242363E-4,0.44921345,0.013274372,0.57199013,0.019430635,0.4,0.015407246,0.008450205,0.0029228155
375316653866487564,1810208013816624256,0.44776043,2088.586244153369,0.6382794476972178,3.9122482E-5,16.800066,0.003838659,0.16370454,0.0036359173,0.018579962,0.0031520524,0.1455156,0.014404821,0.64837945,0.020617792,0.01589037,0.013680193,0.6792715,106835.86,0.009500706,0.006672322,0.16370454,0.0036359173,"TWOGAUSSIANS_WITH_ELLIPSOIDAL_ON_ECLIPSE1",9,37.954185,0.6483894,0.020611798,0.08898607,0.07660908,0.69809735,106835.85,0.16370454,0.0036359173,0.10404778,0.017651493,0.16451699,0.01357739
375316653866487564,1810208116895813632,0.4704155,2064.6031690678174,0.4192744066530125,3.516247E-5,15.885155,0.008837821,0.20914644,0.0042043147,0.029378891,0.0035678335,0.47594875,0.06067765,null,null,null,null,null,null,null,null,null,null,"ONEGAUSSIAN",5,569.429,0.20914644,0.0042043147,0.1645218,0.019979868,0.47594875,0.0,null,null,null,null,null,null
375316653866487564,1810209766163018112,0.5672556,2060.710101783294,2.7550768216875623,8.090818E-6,17.282358,0.004763239,0.2663064,0.00242514,0.0858461,0.0032652135,0.21771245,0.0062837605,0.76624787,0.0020010213,0.08832533,0.0033973143,0.23838723,0.0052608205,null,null,null,null,"TWOGAUSSIANS",8,4.351199,0.76624787,0.0020010213,0.4,0.0,0.23099345,0.004816959,0.2663064,0.00242514,0.4,0.0,0.2103187,0.005731372
