Gaia/vari_eclipsing_binary/VariEclipsingBinary_674733-674782.csv
# %ECSV 1.0
# ---
# delimiter: ','
# meta: !!omap
# - RELEASE: Gaia DR3
# - TABLE: vari_eclipsing_binary
# - DESCRIPTION: >
#     This table describes the properties of the eclipsing binaries resulting from the variability analysis. 
# - CITATION: >
#     How to cite and acknowledge Gaia: 
#     https://gea.esac.esa.int/archive/documentation/credits.html 
# - KNOWN_ISSUES: >
#     Known issues: 
#     https://www.cosmos.esa.int/web/gaia-users/known-issues 
# - DOCUMENTATION: >
#     Tutorials and documentation: 
#     https://www.cosmos.esa.int/web/gaia-users/archive 
# datatype:
# - 
#   name: solution_id
#   datatype: int64
#   description: Solution Identifier
#   meta:
#     ucd: meta.version
# - 
#   name: source_id
#   datatype: int64
#   description: Unique source identifier
#   meta:
#     ucd: meta.id;meta.main
# - 
#   name: global_ranking
#   datatype: float32
#   description: Number between 0 (worst) and 1 (best)
#   meta:
#     ucd: stat.param
# - 
#   name: reference_time
#   datatype: float64
#   unit: d
#   description: Reference time used for the geometric model fit
#   meta:
#     ucd: time.epoch
# - 
#   name: frequency
#   datatype: float64
#   unit: d**-1
#   description: Frequency of geometric model of the eclipsing binary light curve
#   meta:
#     ucd: src.orbital
# - 
#   name: frequency_error
#   datatype: float32
#   unit: d**-1
#   description: "Uncertainty of \\texttt{frequency}"
#   meta:
#     ucd: stat.error
# - 
#   name: geom_model_reference_level
#   datatype: float32
#   unit: mag
#   description: Magnitude reference level of geometric model
#   meta:
#     ucd: phot.mag;em.opt
# - 
#   name: geom_model_reference_level_error
#   datatype: float32
#   unit: mag
#   description: "Uncertainty of \\texttt{geomModelReferenceLevel}"
#   meta:
#     ucd: stat.error;phot.mag;em.opt
# - 
#   name: geom_model_gaussian1_phase
#   datatype: float32
#   description: Phase of the Gaussian 1 component
#   meta:
#     ucd: time.phase
# - 
#   name: geom_model_gaussian1_phase_error
#   datatype: float32
#   description: "Uncertainty of \\texttt{geomModelGaussian1Phase}"
#   meta:
#     ucd: stat.error;time.phase
# - 
#   name: geom_model_gaussian1_sigma
#   datatype: float32
#   description: "Standard deviation [phase] of Gaussian 1 component"
#   meta:
#     ucd: stat.stdev
# - 
#   name: geom_model_gaussian1_sigma_error
#   datatype: float32
#   description: "Uncertainty of \\texttt{geomModelGaussian1Sigma}"
#   meta:
#     ucd: stat.error
# - 
#   name: geom_model_gaussian1_depth
#   datatype: float32
#   unit: mag
#   description: Magnitude depth of Gaussian 1 component
#   meta:
#     ucd: src.var.amplitude
# - 
#   name: geom_model_gaussian1_depth_error
#   datatype: float32
#   unit: mag
#   description: "Uncertainty of \\texttt{geomModelGaussian1Depth}"
#   meta:
#     ucd: stat.error;src.var.amplitude
# - 
#   name: geom_model_gaussian2_phase
#   datatype: float32
#   description: Phase of Gaussian 2 component
#   meta:
#     ucd: time.phase
# - 
#   name: geom_model_gaussian2_phase_error
#   datatype: float32
#   description: "Uncertainty of \\texttt{geomModelGaussian2Phase}"
#   meta:
#     ucd: stat.error;time.phase
# - 
#   name: geom_model_gaussian2_sigma
#   datatype: float32
[...]
#   datatype: float32
#   description: "Secondary eclipse: uncertainty of \\texttt{derivedSecondaryEclDuration}"
#   meta:
#     ucd: stat.error;time.duration
# - 
#   name: derived_secondary_ecl_depth
#   datatype: float32
#   unit: mag
#   description: "Secondary eclipse: depth"
#   meta:
#     ucd: src.var.amplitude
# - 
#   name: derived_secondary_ecl_depth_error
#   datatype: float32
#   unit: mag
#   description: "Secondary eclipse: uncertainty of \\texttt{derivedSecondaryEclDepth}"
#   meta:
#     ucd: stat.error;src.var.amplitude
solution_id,source_id,global_ranking,reference_time,frequency,frequency_error,geom_model_reference_level,geom_model_reference_level_error,geom_model_gaussian1_phase,geom_model_gaussian1_phase_error,geom_model_gaussian1_sigma,geom_model_gaussian1_sigma_error,geom_model_gaussian1_depth,geom_model_gaussian1_depth_error,geom_model_gaussian2_phase,geom_model_gaussian2_phase_error,geom_model_gaussian2_sigma,geom_model_gaussian2_sigma_error,geom_model_gaussian2_depth,geom_model_gaussian2_depth_error,geom_model_cosine_half_period_amplitude,geom_model_cosine_half_period_amplitude_error,geom_model_cosine_half_period_phase,geom_model_cosine_half_period_phase_error,model_type,num_model_parameters,reduced_chi2,derived_primary_ecl_phase,derived_primary_ecl_phase_error,derived_primary_ecl_duration,derived_primary_ecl_duration_error,derived_primary_ecl_depth,derived_primary_ecl_depth_error,derived_secondary_ecl_phase,derived_secondary_ecl_phase_error,derived_secondary_ecl_duration,derived_secondary_ecl_duration_error,derived_secondary_ecl_depth,derived_secondary_ecl_depth_error
[from data line 719]
375316653866487564,5935360411838408320,0.59443015,2227.750151707675,0.338802623735769,8.513639E-6,15.767487,6.7467045E-4,0.16520046,0.009284972,0.024274759,0.010400093,0.026605334,0.009290436,0.65632707,0.0017946003,0.014149695,0.001294722,0.13869902,0.010652515,0.0084394105,0.0010840227,0.16520046,0.009284972,"TWOGAUSSIANS_WITH_ELLIPSOIDAL_ON_ECLIPSE1",9,4.175131,0.6563471,0.0017947647,0.07923829,0.007250443,0.1555255,0.010521592,0.16520046,0.009284972,0.13593864,0.05824052,0.043484125,0.009061431
375316653866487564,5935360480557889024,0.5897784,2237.636344056961,2.847069625950839,7.733764E-6,18.58129,0.01002104,0.15801333,0.0020252606,0.047068916,0.005004139,0.44103104,0.15132879,0.65300983,0.002128436,0.05147507,0.0029620253,0.51823,0.02486856,0.11237595,0.01264176,0.15801333,0.0020252606,"TWOGAUSSIANS_WITH_ELLIPSOIDAL_ON_ECLIPSE1",9,3.0175738,0.65342987,0.0018939947,0.2882604,0.016587343,0.74277544,0.023620721,0.15801333,0.0020252606,0.26358593,0.02802318,0.66578007,0.15867011
375316653866487564,5935361335239898624,0.4744993,2171.5686038402764,1.0655337417837765,3.416712E-5,19.561943,0.005588325,0.24073072,0.0028279908,0.032901466,0.003987787,0.3152077,0.022206362,0.9030036,0.01119318,0.022775803,0.010533037,0.046568684,0.016959922,null,null,null,null,"TWOGAUSSIANS",8,1.5291623,0.24073072,0.0028279908,0.18424821,0.022331607,0.3152077,0.022206362,0.9030036,0.01119318,0.12754449,0.058985006,0.046568684,0.016959922
375316653866487564,5935361884994881792,0.6091009,2259.666832568257,2.465736664860399,6.4654505E-6,17.649006,0.010733754,0.2676052,0.0013745707,0.04796747,0.0042706286,0.28552136,0.03038746,0.7662971,0.00423897,0.061239064,0.005367279,0.27775759,0.029932138,0.13640772,0.017695012,0.2676052,0.0013745707,"TWOGAUSSIANS_WITH_ELLIPSOIDAL_ON_ECLIPSE1",9,7.5133634,0.2676052,0.0013745707,0.26861784,0.02391552,0.55827504,0.021426326,0.7665871,0.0034801823,0.34293875,0.030056763,0.550497,0.016231757
375316653866487564,5935362267263922816,0.5997718,2237.543682303808,1.5071921435999653,4.74084E-6,16.009592,0.0013805281,0.30996028,0.0012407168,0.055340044,0.0023657202,0.123465896,0.0037163051,0.80367076,0.011523475,0.022743428,0.015024775,0.023535945,0.13142104,0.047125243,0.0023498642,0.30996028,0.0012407168,"TWOGAUSSIANS_WITH_ELLIPSOIDAL_ON_ECLIPSE1",9,5.51039,0.30996028,0.0012407168,0.30990425,0.013248034,0.21771173,0.002716559,0.80455077,0.010294755,0.1273632,0.084138736,0.11765533,0.1342711
375316653866487564,5935362404702883584,0.593496,2240.6599370783956,2.943336569390229,3.9578804E-6,18.426586,0.014535763,0.25643077,7.5907033E-4,0.052926205,0.0038380234,0.47285876,0.029942287,0.75775796,0.0024654015,0.049885415,0.0046650157,0.39421704,0.04290579,0.09801253,0.02437294,0.25643077,7.5907033E-4,"TWOGAUSSIANS_WITH_ELLIPSOIDAL_ON_ECLIPSE1",9,2.9829643,0.25643077,7.5907033E-4,0.29638675,0.021492932,0.6688759,0.033753015,0.75775796,0.0024654015,0.27935833,0.026124088,0.5902205,0.03794687
375316653866487564,5935362576501976704,0.5875533,2228.9288820708284,3.003020869617248,6.6888265E-6,17.49065,0.007890451,0.28822806,0.0038791161,0.06765613,0.0070610405,0.15907542,0.018818032,0.7800566,0.0020429462,0.043163203,0.0050715776,0.18109477,0.016869282,0.05575189,0.009977292,0.28822806,0.0038791161,"TWOGAUSSIANS_WITH_ELLIPSOIDAL_ON_ECLIPSE1",9,3.5894213,0.7807366,0.0017253538,0.24171394,0.028400835,0.2921614,0.010898152,0.28822806,0.0038791161,0.3788743,0.032031573,0.2704114,0.0062821386
375316653866487564,5935363435495461120,0.46364543,2228.6543773751787,2.3827552895294817,4.5151526E-5,15.15268,0.0037234887,0.22274005,0.0056983316,0.019275477,0.006219725,0.036493864,0.009985099,0.8217394,0.03244958,0.068019055,0.015610718,0.031624656,0.009425478,0.036636308,0.004631309,0.22274005,0.0056983316,"TWOGAUSSIANS_WITH_ELLIPSOIDAL_ON_ECLIPSE1",9,23.930696,0.22274005,0.0056983316,0.10794267,0.034830462,0.109766215,0.008424113,0.8217394,0.03244958,0.38090673,0.07178519,0.08001919,0.012997606
375316653866487564,5935363744732745600,0.4960356,2198.7783539205057,3.4668301595452005,1.9002891E-5,17.19943,0.0013926913,0.56971323,3.8921075E-6,0.0067033484,5.1688735E-4,0.0151751945,0.0013899673,0.75141716,0.00227229,0.016375998,0.0033651232,0.1862947,0.05083211,null,null,null,null,"TWOGAUSSIANS",8,1.9870305,0.75141716,0.00227229,0.09170558,0.01884469,0.1862947,0.05083211,0.56971323,3.8921075E-6,0.037538752,0.002894569,0.0151751945,0.0013899673
375316653866487564,5935363916531383808,0.6558367,2252.0835741516617,0.5246598043408178,5.6414356E-6,15.913848,0.0012688064,0.2928534,0.025834186,0.02420006,0.02309801,0.19497463,8277982.5,0.7909155,7.5896166E-4,0.023720248,9.1641454E-4,0.4646966,0.018506555,0.007741042,0.0022891434,0.2928534,0.025834186,"TWOGAUSSIANS_WITH_ELLIPSOIDAL_ON_ECLIPSE1",9,10.373173,0.7909155,7.5896166E-4,0.13283339,0.0051319213,0.48017636,0.01816029,0.2928534,0.025834186,0.13552034,0.12934886,0.2104567,8277982.5
375316653866487564,5935365394000205312,0.53114593,2191.5487471042884,1.9622257113006865,1.3370065E-5,17.225029,0.014742179,0.24438505,0.0067968434,0.08350935,0.00915412,0.2538256,0.022528209,0.7485123,0.002820092,0.09495342,0.0067960513,0.30313346,0.016038902,null,null,null,null,"TWOGAUSSIANS",8,18.315231,0.7485123,0.002820092,0.4,0.0,0.29283172,0.014889898,0.24438505,0.0067968434,0.4,0.0,0.24352445,0.021537127
375316653866487564,5935365973805331456,0.43699005,2224.1191537576688,1.6833022587914983,6.98467E-5,18.708483,0.06585492,0.22978668,0.013338982,0.11499621,0.04586303,0.13235205,0.06307306,0.7187179,0.014814776,0.097801596,0.049447674,0.1293413,0.052350715,null,null,null,null,"TWOGAUSSIANS",8,5.5423164,0.22978668,0.01333733,0.4,0.0,0.11776325,0.016836574,0.7187179,0.014814776,0.4,0.0,0.1147744,0.028143022
375316653866487564,5935366905828984320,0.58237386,2246.1466562200326,0.7077414258698426,6.3583775E-6,17.886858,0.01008456,0.24321942,0.001370806,0.032914687,0.0021193598,0.5475738,0.028351821,null,null,null,null,null,null,0.04267842,0.01930007,0.24321942,0.001370806,"ONEGAUSSIAN_WITH_ELLIPSOIDAL",6,14.006143,0.24321942,0.001370806,0.18432225,0.011868415,0.63293046,0.017218726,null,null,null,null,null,null
375316653866487564,5935369448449691392,0.63815445,2217.5633170476217,2.7361960692712604,4.127077E-6,16.560009,0.01177132,0.15120298,0.0011165728,0.050243214,0.0062127244,0.4433541,0.061700393,0.65073186,0.0013507429,0.04634798,0.0039631897,0.28984034,0.028367093,0.11376908,0.01825997,0.15120298,0.0011165728,"TWOGAUSSIANS_WITH_ELLIPSOIDAL_ON_ECLIPSE1",9,16.558058,0.15120298,0.0011165728,0.281362,0.034791257,0.6708899,0.07808509,0.6507918,0.0011815728,0.2595487,0.022193864,0.5173744,0.016867202
375316653866487564,5935370376163011840,0.5226213,2232.1308262010657,1.5704197186867708,1.7629194E-5,15.725607,0.012497985,0.32726586,0.005116005,0.09297408,0.0103946235,0.14735182,0.01187632,0.8239277,0.0049145627,0.104624875,0.01254479,0.12015906,0.011908293,null,null,null,null,"TWOGAUSSIANS",8,27.191973,0.32726586,0.005116005,0.4,0.0,0.13708092,0.006203027,0.8239277,0.0049145627,0.4,0.0,0.10988566,0.006538
375316653866487564,5935370852880641536,0.50906307,2223.9499802037562,0.5771600591360775,3.4399163E-5,12.527323,0.0027309065,0.19119392,0.0028343434,0.018613767,0.004501609,0.048993174,0.006158303,0.70730734,0.0057575763,0.03206698,0.007571358,0.11459436,0.05747604,0.020667743,0.0040154876,0.70730734,0.0057575763,"TWOGAUSSIANS_WITH_ELLIPSOIDAL_ON_ECLIPSE2",9,75.12336,0.70730734,0.0057575763,0.17957507,0.042399604,0.1559298,0.05899813,0.19155392,0.0028581948,0.104237095,0.025209012,0.089915805,0.0042311596
375316653866487564,5935370891539210496,0.5679284,2218.123908050434,3.337749919837597,1.6307667E-5,18.978838,0.011168679,0.2694938,0.005180326,0.07692202,0.004913823,0.43857667,0.024428057,0.77798533,0.002968176,0.07301656,0.004168097,0.48200768,0.0140936235,null,null,null,null,"TWOGAUSSIANS",8,2.0605304,0.77798533,0.002968176,0.4,0.0031162049,0.47908792,0.013540424,0.2694938,0.005180326,0.4,0.0,0.43565688,0.024237012
375316653866487564,5935370990327179904,0.4361011,2234.534708710479,1.2152465723546253,4.9476443E-5,18.722565,0.023787659,0.26784062,0.03469075,0.10339331,0.04898792,0.08368413,0.029417818,0.7373079,0.004258963,0.07224471,0.014037967,0.1750551,0.01789083,null,null,null,null,"TWOGAUSSIANS",8,6.907351,0.7373079,0.004258963,0.4,0.04100463,0.17276807,0.01195907,0.26784062,0.03469075,0.4,0.0,0.08139415,0.027137397
375316653866487564,5935372540826240000,0.64584935,2215.1862454524735,4.162145868111944,6.5839895E-6,16.128963,0.0058360663,0.2408152,0.0012254094,0.041255858,0.0026166486,0.50168234,0.028890029,0.7425705,0.0012383863,0.041688535,0.0016902066,0.49225873,0.018058952,0.15403193,0.008744335,0.2408152,0.0012254094,"TWOGAUSSIANS_WITH_ELLIPSOIDAL_ON_ECLIPSE1",9,31.603233,0.2408152,0.0012254094,0.2310328,0.014653232,0.80974585,0.033092406,0.7425705,0.0012383863,0.2334558,0.009465157,0.8002847,0.014941839
375316653866487564,5935372918783324288,0.54077,2225.784853611848,1.3590780331578092,9.569716E-6,15.079295,0.018655814,0.21502768,0.003217145,0.13120858,0.010837073,0.10992651,0.01716952,0.759886,0.003725571,0.14749728,0.012470823,0.11011383,0.018106626,null,null,null,null,"TWOGAUSSIANS",8,6.8737183,0.21221767,0.0019090138,0.4,0.0,0.07853061,0.00286392,0.76121604,0.0029092028,0.4,0.0,0.07792441,0.003284516
375316653866487564,5935373468520804608,0.49520308,2223.1947175100872,2.0713045632515867,1.1989686E-5,17.869081,0.013777491,0.2597941,0.0045101615,0.08978187,0.010175373,0.36042798,0.050442662,0.7596802,0.0037941274,0.09281003,0.0059013655,0.38594246,0.015935102,null,null,null,null,"TWOGAUSSIANS",8,16.733532,0.7596802,0.0037941274,0.4,0.0,0.36840856,0.014928367,0.2597941,0.0045101615,0.4,0.0,0.34289435,0.05716344
375316653866487564,5935373739107875840,0.51246303,2192.045698797312,4.040311964226803,1.6108175E-5,19.173426,0.0029842604,0.44872266,0.019285757,0.04033961,0.011651627,0.4937628,0.61802673,0.7839883,0.018431311,0.031234093,0.013015299,0.06858694,0.42994455,null,null,null,null,"TWOGAUSSIANS",8,1.4865099,0.44872266,0.019285757,0.22590183,0.06524911,0.4937628,0.61802673,0.7839883,0.018431311,0.17491092,0.07288568,0.06858694,0.42994455
375316653866487564,5935373842176188928,0.5272296,2245.797533058986,2.2797653960260775,1.2339643E-5,17.51644,0.022805806,0.25718558,0.0040109768,0.11425243,0.012093027,0.22096892,0.020839743,0.7640325,0.0057381447,0.103431076,0.02061639,0.14153029,0.019035576,null,null,null,null,"TWOGAUSSIANS",8,5.0988655,0.25718558,0.004010281,0.4,0.0,0.19730051,0.005236817,0.7640525,0.0057495213,0.4,0.0,0.117891066,0.008062364
375316653866487564,5935374396252122496,0.6890083,2238.3770740035316,0.4083895220761084,4.5181507E-5,14.355325,8.776939E-4,0.23065096,5.220335E-4,0.024514664,6.2230276E-4,0.34362411,0.0035866476,0.7268063,0.015928216,0.022291742,0.013980051,0.22146086,0.13131092,0.009521123,0.0013253086,0.23065096,5.220335E-4,"TWOGAUSSIANS_WITH_ELLIPSOIDAL_ON_ECLIPSE1",9,13.294675,0.23065096,5.220335E-4,0.13728212,0.0034848955,0.36266634,0.0033921318,0.7268163,0.015911773,0.124833755,0.07828829,0.24049202,0.13202077
375316653866487564,5935375564483150464,0.6096307,2233.323235252134,0.832000043388334,7.418935E-6,12.534164,0.0014789379,0.15899901,0.0015003791,0.029902056,0.0034653156,0.26208636,0.12846792,0.6635507,0.0036501198,0.034905378,0.0029618111,0.23893306,0.0124363825,0.01546489,0.0025695772,0.15899901,0.0015003791,"TWOGAUSSIANS_WITH_ELLIPSOIDAL_ON_ECLIPSE1",9,85.24156,0.15899901,0.0015003791,0.16745152,0.019405767,0.29301614,0.13008092,0.6635507,0.0036501198,0.19547011,0.016586142,0.26983753,0.0110110445
375316653866487564,5935376663994442368,0.5088295,2186.2935668052437,2.5761532797605797,1.8943685E-5,16.978016,0.020214159,0.26722148,0.008143596,0.106999785,0.015415043,0.14520478,0.021383977,0.76385826,0.0054069217,0.10478937,0.016574182,0.15829968,0.0154080605,null,null,null,null,"TWOGAUSSIANS",8,8.897445,0.76385826,0.0054069217,0.4,0.0,0.14032495,0.007317365,0.26722148,0.008142336,0.4,0.0,0.12722836,0.0118523
375316653866487564,5935377140712133632,0.5144678,2222.1787692167536,0.05556768489863363,2.55802E-4,18.063272,0.0011837253,0.36808878,0.0035398225,0.0031434407,0.0023055158,0.48649788,0.36075136,0.7060263,0.031387206,0.02904123,0.022722626,0.042235453,0.009200096,null,null,null,null,"TWOGAUSSIANS",8,4.2521067,0.36808878,0.0035398225,0.017603269,0.012910888,0.48649788,0.36075136,0.7060263,0.031387206,0.1626309,0.12724671,0.042235453,0.009200096
375316653866487564,5935377140713334912,0.522262,2214.0827541348,0.40832992227602233,1.3635539E-5,14.6539755,0.00720501,0.26550326,0.013135794,0.0944763,0.016785752,0.057268016,0.011462589,0.7234522,0.0074206092,0.09748984,0.0126929125,0.12429889,0.009405605,null,null,null,null,"TWOGAUSSIANS",8,34.312103,0.7234522,0.0074206092,0.4,0.0,0.12117939,0.010590084,0.26551327,0.013134419,0.4,0.0,0.054150082,0.010394771
375316653866487564,5935377518668073216,0.65659654,2208.528362015114,0.8272736511394535,8.991417E-6,17.874619,0.0017727322,0.31458658,3.3154193E-4,0.022268927,0.002045671,0.62368447,0.014034636,0.82316816,0.00421946,0.0251132,0.0035366083,0.15466635,0.006577785,null,null,null,null,"TWOGAUSSIANS",8,2.2679021,0.31458658,3.3154193E-4,0.124705985,0.011455758,0.62368447,0.014034636,0.82316816,0.00421946,0.14063393,0.019805007,0.15466635,0.006577785
375316653866487564,5935378343303100416,0.45530036,2213.1240363283737,0.5598555414618938,3.4997065E-5,18.29138,0.007156334,0.35939595,0.001677173,0.012986128,0.0013551912,0.30027992,0.024315344,0.8646067,0.016094875,0.011577402,0.0075142207,0.23050232,0.13540451,null,null,null,null,"TWOGAUSSIANS",8,19.837013,0.35939595,0.001677173,0.07272232,0.007589071,0.30027992,0.024315344,0.8646067,0.016094875,0.064833455,0.042079635,0.23050232,0.13540451
375316653866487564,5935378381981408512,0.59753364,2189.81725573626,0.28926589733540903,1.4184213E-5,16.235802,0.0012564423,0.33712026,0.04843483,0.017088583,0.009111247,0.23502424,0.23951639,0.8373361,0.006427191,0.017803406,0.0039490275,0.20045874,0.021053385,null,null,null,null,"TWOGAUSSIANS",8,5.657248,0.33712026,0.04843483,0.09569606,0.051022984,0.23502424,0.23951639,0.8373361,0.006427191,0.09969907,0.022114554,0.20045874,0.021053385
375316653866487564,5935379172255432192,0.47451788,2173.1222056595852,2.80051354880602,1.6461598E-5,16.558193,0.075659536,0.22340155,0.003534975,0.15879191,0.015665505,0.38081443,0.06450898,0.7262868,0.004245151,0.23437683,0.03215144,0.43728158,0.072591424,null,null,null,null,"TWOGAUSSIANS",8,9.38173,0.22160155,0.0036383253,0.4,0.0,0.113390386,0.0064724167,0.7271968,0.004557177,0.4,0.0,0.085425586,0.007710095
375316653866487564,5935380026930276608,0.44898143,2174.342668753457,2.353939271066616,5.928827E-5,18.027613,0.044777673,0.2644997,0.014246762,0.1162906,0.037535127,0.08155127,0.043521218,0.7309075,0.015633889,0.12909283,0.03421714,0.15106915,0.042599797,null,null,null,null,"TWOGAUSSIANS",8,9.369026,0.7309075,0.015633889,0.4,0.0,0.1301036,0.0119829625,0.2653997,0.012828062,0.4,0.0,0.06081027,0.016177807
375316653866487564,5935381233839769984,0.46755677,2201.056504896375,0.5765156374155541,5.927925E-5,18.169191,0.004019862,0.10195721,0.024436899,0.03743223,0.04200979,0.013048971,0.15105538,0.5842346,0.0035945673,0.026041904,0.0029460418,0.2602495,0.02916512,null,null,null,null,"TWOGAUSSIANS",8,4.5836825,0.5842346,0.0035945673,0.14583467,0.016497834,0.2602495,0.02916512,0.10195721,0.024436899,0.20962049,0.23525482,0.013048971,0.15105538
