Gaia/vari_eclipsing_binary/VariEclipsingBinary_235666-235729.csv
# %ECSV 1.0
# ---
# delimiter: ','
# meta: !!omap
# - RELEASE: Gaia DR3
# - TABLE: vari_eclipsing_binary
# - DESCRIPTION: >
#     This table describes the properties of the eclipsing binaries resulting from the variability analysis. 
# - CITATION: >
#     How to cite and acknowledge Gaia: 
#     https://gea.esac.esa.int/archive/documentation/credits.html 
# - KNOWN_ISSUES: >
#     Known issues: 
#     https://www.cosmos.esa.int/web/gaia-users/known-issues 
# - DOCUMENTATION: >
#     Tutorials and documentation: 
#     https://www.cosmos.esa.int/web/gaia-users/archive 
# datatype:
# - 
#   name: solution_id
#   datatype: int64
#   description: Solution Identifier
#   meta:
#     ucd: meta.version
# - 
#   name: source_id
#   datatype: int64
#   description: Unique source identifier
#   meta:
#     ucd: meta.id;meta.main
# - 
#   name: global_ranking
#   datatype: float32
#   description: Number between 0 (worst) and 1 (best)
#   meta:
#     ucd: stat.param
# - 
#   name: reference_time
#   datatype: float64
#   unit: d
#   description: Reference time used for the geometric model fit
#   meta:
#     ucd: time.epoch
# - 
#   name: frequency
#   datatype: float64
#   unit: d**-1
#   description: Frequency of geometric model of the eclipsing binary light curve
#   meta:
#     ucd: src.orbital
# - 
#   name: frequency_error
#   datatype: float32
#   unit: d**-1
#   description: "Uncertainty of \\texttt{frequency}"
#   meta:
#     ucd: stat.error
# - 
#   name: geom_model_reference_level
#   datatype: float32
#   unit: mag
#   description: Magnitude reference level of geometric model
#   meta:
#     ucd: phot.mag;em.opt
# - 
#   name: geom_model_reference_level_error
#   datatype: float32
#   unit: mag
#   description: "Uncertainty of \\texttt{geomModelReferenceLevel}"
#   meta:
#     ucd: stat.error;phot.mag;em.opt
# - 
#   name: geom_model_gaussian1_phase
#   datatype: float32
#   description: Phase of the Gaussian 1 component
#   meta:
#     ucd: time.phase
# - 
#   name: geom_model_gaussian1_phase_error
#   datatype: float32
#   description: "Uncertainty of \\texttt{geomModelGaussian1Phase}"
#   meta:
#     ucd: stat.error;time.phase
# - 
#   name: geom_model_gaussian1_sigma
#   datatype: float32
#   description: "Standard deviation [phase] of Gaussian 1 component"
#   meta:
#     ucd: stat.stdev
# - 
#   name: geom_model_gaussian1_sigma_error
#   datatype: float32
#   description: "Uncertainty of \\texttt{geomModelGaussian1Sigma}"
#   meta:
#     ucd: stat.error
# - 
#   name: geom_model_gaussian1_depth
#   datatype: float32
#   unit: mag
#   description: Magnitude depth of Gaussian 1 component
#   meta:
#     ucd: src.var.amplitude
# - 
#   name: geom_model_gaussian1_depth_error
#   datatype: float32
#   unit: mag
#   description: "Uncertainty of \\texttt{geomModelGaussian1Depth}"
#   meta:
#     ucd: stat.error;src.var.amplitude
# - 
#   name: geom_model_gaussian2_phase
#   datatype: float32
#   description: Phase of Gaussian 2 component
#   meta:
#     ucd: time.phase
# - 
#   name: geom_model_gaussian2_phase_error
#   datatype: float32
#   description: "Uncertainty of \\texttt{geomModelGaussian2Phase}"
#   meta:
#     ucd: stat.error;time.phase
# - 
#   name: geom_model_gaussian2_sigma
#   datatype: float32
[...]
#   datatype: float32
#   description: "Secondary eclipse: uncertainty of \\texttt{derivedSecondaryEclDuration}"
#   meta:
#     ucd: stat.error;time.duration
# - 
#   name: derived_secondary_ecl_depth
#   datatype: float32
#   unit: mag
#   description: "Secondary eclipse: depth"
#   meta:
#     ucd: src.var.amplitude
# - 
#   name: derived_secondary_ecl_depth_error
#   datatype: float32
#   unit: mag
#   description: "Secondary eclipse: uncertainty of \\texttt{derivedSecondaryEclDepth}"
#   meta:
#     ucd: stat.error;src.var.amplitude
solution_id,source_id,global_ranking,reference_time,frequency,frequency_error,geom_model_reference_level,geom_model_reference_level_error,geom_model_gaussian1_phase,geom_model_gaussian1_phase_error,geom_model_gaussian1_sigma,geom_model_gaussian1_sigma_error,geom_model_gaussian1_depth,geom_model_gaussian1_depth_error,geom_model_gaussian2_phase,geom_model_gaussian2_phase_error,geom_model_gaussian2_sigma,geom_model_gaussian2_sigma_error,geom_model_gaussian2_depth,geom_model_gaussian2_depth_error,geom_model_cosine_half_period_amplitude,geom_model_cosine_half_period_amplitude_error,geom_model_cosine_half_period_phase,geom_model_cosine_half_period_phase_error,model_type,num_model_parameters,reduced_chi2,derived_primary_ecl_phase,derived_primary_ecl_phase_error,derived_primary_ecl_duration,derived_primary_ecl_duration_error,derived_primary_ecl_depth,derived_primary_ecl_depth_error,derived_secondary_ecl_phase,derived_secondary_ecl_phase_error,derived_secondary_ecl_duration,derived_secondary_ecl_duration_error,derived_secondary_ecl_depth,derived_secondary_ecl_depth_error
[from data line 469]
375316653866487564,2073272454281724800,0.5269559,2177.667695129922,2.72679770977667,1.807917E-5,19.604122,0.016891723,0.23735157,0.0040333164,0.07795137,0.007202925,0.4486555,0.023584958,0.73905367,0.004915324,0.080809966,0.006887574,0.44713014,0.020432262,null,null,null,null,"TWOGAUSSIANS",8,2.0325546,0.23735157,0.0040333164,0.4,0.0,0.44257915,0.023913318,0.73905367,0.004915324,0.4,0.0,0.4410538,0.019864874
375316653866487564,2073272664755190912,0.502392,2191.1437144326856,0.6360549099162179,2.0293615E-5,13.460635,0.00253415,0.27828965,0.0062650996,0.03925232,0.0058647823,0.102912515,0.020192606,0.7683417,0.007282053,0.024072617,0.009894134,0.036124803,0.011346469,0.011850383,0.0027433014,0.7683417,0.007282053,"TWOGAUSSIANS_WITH_ELLIPSOIDAL_ON_ECLIPSE2",9,36.06878,0.27801967,0.0059936675,0.21981299,0.03284278,0.12652329,0.020523753,0.7683417,0.007282053,0.13480665,0.055407148,0.05982554,0.011912084
375316653866487564,2073273661173930752,0.49909878,2201.2678896923658,0.3816589672967283,7.000756E-5,18.811804,0.0035774226,0.13174044,0.0071482104,0.0292383,0.009039608,0.055086877,0.03316689,0.58138025,3.401225E-5,0.023068635,4.550476E-4,0.61572117,0.010062838,null,null,null,null,"TWOGAUSSIANS",8,2.0400212,0.58138025,3.401225E-5,0.12918435,0.0025482664,0.61572117,0.010062838,0.13174044,0.0071482104,0.16373448,0.050621808,0.055086877,0.03316689
375316653866487564,2073275443581473792,0.4525479,2233.6486341833433,1.4432811528663652,1.1734491E-5,13.615017,0.0020685787,0.22868037,0.12815829,0.09521289,0.15086606,0.016208863,4.9242992,0.8294931,0.002221228,0.038916774,0.002040019,0.11785681,0.0051265927,null,null,null,null,"TWOGAUSSIANS",8,284.59656,0.8294931,0.0022211177,0.21793394,0.0114241075,0.11785706,0.0051279822,0.22868037,0.12815829,0.4,0.6143023,0.016206643,4.924301
375316653866487564,2073275928917521536,0.50397074,2252.020639896355,3.62449674089747,5.4836182E-5,19.777401,0.018502492,0.24057335,0.007593471,0.07546463,0.008009075,0.323484,0.03597757,0.77628475,0.009278936,0.06875628,0.009140051,0.31867674,0.025186535,null,null,null,null,"TWOGAUSSIANS",8,2.3525975,0.24057335,0.007593471,0.4,0.0,0.32283646,0.035712916,0.77628475,0.009278936,0.3850352,0.03908096,0.3180292,0.024770176
375316653866487564,2073276066366254976,0.5976581,2231.054243824008,2.103238635078027,5.4465672E-6,16.489103,0.009226838,0.23271386,0.002852486,0.042260606,0.0065944856,0.1339347,0.020409996,0.7333993,0.0017056684,0.05153905,0.002770294,0.28824684,0.020364963,0.050121013,0.010854261,0.23271386,0.002852486,"TWOGAUSSIANS_WITH_ELLIPSOIDAL_ON_ECLIPSE1",9,17.32127,0.7333993,0.0016850908,0.28861868,0.0155136455,0.38848475,0.009190884,0.23271386,0.002852486,0.2366594,0.03692912,0.23417446,0.012078456
375316653866487564,2073276616122106880,0.5311684,2250.8412066389146,1.8444407130891458,1.3183363E-5,16.358778,0.0063547418,0.27018705,0.00616282,0.097332396,0.011347926,0.08824468,0.009539336,0.7811852,0.0057727695,0.07340033,0.005159587,0.21822733,0.0064685866,null,null,null,null,"TWOGAUSSIANS",8,20.409935,0.7811852,0.0057727695,0.4,1.8811032E-4,0.21536258,0.005203482,0.27018705,0.00616282,0.4,0.0,0.08537953,0.009783324
375316653866487564,2073278402828542592,0.51686573,2271.1643766015154,2.9300018721738375,1.6216263E-5,15.904982,0.19188148,0.2047522,0.0028524785,0.16127595,0.011595448,1.010181,0.13555835,0.70301723,0.0034914636,0.22579929,0.025112212,1.1666828,0.18989237,null,null,null,null,"TWOGAUSSIANS",8,28.532164,0.2058922,0.0028375334,0.4,0.0,0.27615553,0.008491812,0.70301723,0.0034914636,0.4,0.0,0.24827053,0.012634695
375316653866487564,2073281323396710528,0.55601805,2250.3725025016324,3.0027529362772905,5.4435654E-6,19.391825,0.016160225,0.2663412,0.002410207,0.079335816,0.00393259,0.44619256,0.016579002,0.7675019,0.007219233,0.08834784,0.0085326675,0.36737552,0.01731468,null,null,null,null,"TWOGAUSSIANS",8,1.3822455,0.2663412,0.002410207,0.4,0.0,0.43696296,0.012618687,0.7675019,0.007219233,0.4,0.0,0.35814583,0.012561757
375316653866487564,2073284725020883328,0.55479693,2256.5717089940003,3.4741629252905644,1.0512086E-5,17.060186,0.008936263,0.18756656,0.0028299878,0.050355557,0.007040203,0.069635816,0.02299356,0.6628063,0.005246611,0.05006116,0.010752635,0.15189779,0.024749842,0.09173422,0.011000166,0.18756656,0.0028299878,"TWOGAUSSIANS_WITH_ELLIPSOIDAL_ON_ECLIPSE1",9,16.44244,0.6675563,0.004259612,0.2803425,0.060214758,0.3317977,0.030132398,0.18756656,0.0028299878,0.28199112,0.039425135,0.2531029,0.00639519
375316653866487564,2073285515294443776,0.5900409,2235.996909194681,3.0368082235005955,4.3718724E-6,16.626476,0.0055275587,0.28877318,0.0012982523,0.06363252,0.0015593134,0.51989913,0.014344922,0.7821697,0.0015936155,0.068005234,0.0024214627,0.6139037,0.023264809,null,null,null,null,"TWOGAUSSIANS",8,24.740244,0.7821697,0.0015936155,0.38082933,0.013560192,0.6132152,0.023410494,0.28877318,0.0012982523,0.3563421,0.008732155,0.51921064,0.01435797
375316653866487564,2073285824532093184,0.5571528,2272.571020579513,0.4488610993556697,8.44114E-6,15.624946,0.002370413,0.28992268,0.0022469556,0.033749163,0.0024422437,0.18170525,0.009052095,0.77190685,0.0038935153,0.021829901,0.0085865045,0.021953328,0.0064846585,0.010347013,0.0025049762,0.28992268,0.0022469556,"TWOGAUSSIANS_WITH_ELLIPSOIDAL_ON_ECLIPSE1",9,16.619263,0.28992268,0.0022469556,0.18899532,0.013676565,0.20239927,0.008094728,0.77251685,0.0038176347,0.12224745,0.048084423,0.04239225,0.0074560335
375316653866487564,2073289741542799616,0.58419013,2243.6341547691395,2.5392969946102815,1.01253645E-5,17.68122,0.008100479,0.26149616,0.0021014253,0.081040666,0.0036728797,0.40089482,0.013516914,0.7605627,0.0033311944,0.08530926,0.004198957,0.38173133,0.016492475,null,null,null,null,"TWOGAUSSIANS",8,6.431644,0.26149616,0.0021014253,0.4,0.0,0.39250338,0.014516133,0.7605627,0.0033311944,0.4,0.0,0.37333986,0.01669251
375316653866487564,2073291115932320896,0.5507963,2255.184341712968,2.9308167305412205,4.0972256E-5,17.380793,0.021212878,0.2739194,0.0056527313,0.09453626,0.008674346,0.28972974,0.022363704,0.75981045,0.0063053947,0.09974454,0.013959345,0.27124026,0.021567345,null,null,null,null,"TWOGAUSSIANS",8,15.589341,0.2739194,0.005654689,0.4,0.0,0.27284816,0.013630796,0.75981045,0.0063053947,0.4,0.0,0.25435695,0.019860825
375316653866487564,2073291390810317696,0.45516583,2243.3052108677434,3.876912129161292,3.1769046E-5,19.744091,0.018861283,0.2200197,0.009749995,0.058574982,0.019216383,0.4729696,0.18779986,0.7220728,0.007020312,0.07075027,0.008440222,0.45279193,0.045012083,null,null,null,null,"TWOGAUSSIANS",8,8.573135,0.2200197,0.009749995,0.32801992,0.10761174,0.4724789,0.1886401,0.7220728,0.007020312,0.3962015,0.02868172,0.45230123,0.04507709
375316653866487564,2073291489581262336,0.4864438,2200.710471693758,1.8944877587027986,2.8273125E-5,19.333038,0.029758403,0.22346693,0.016904062,0.0991919,0.025500132,0.14530863,0.03463657,0.63562727,0.011160731,0.11278851,0.012149196,0.31710547,0.030269992,null,null,null,null,"TWOGAUSSIANS",8,4.246018,0.63562727,0.011160731,0.4,0.0,0.30781087,0.022962123,0.22436693,0.01697801,0.4,0.0,0.13639379,0.030015888
375316653866487564,2073292593400695808,0.56613046,2266.52571658535,1.3527353866398175,3.879742E-6,17.069126,0.0038315887,0.20835336,0.0017792543,0.09116068,0.003705495,0.16730666,0.0059127184,0.7069268,9.693082E-4,0.10616698,0.0039525884,0.15564363,0.002772386,null,null,null,null,"TWOGAUSSIANS",8,1.2683299,0.20835336,0.0017792543,0.4,0.0,0.15461218,0.00639087,0.7069268,9.693082E-4,0.4,0.0,0.14294448,0.0027422034
375316653866487564,2073293001408428032,0.6045237,2265.6833620055236,2.0269721401916994,1.540259E-5,17.743422,0.0064213206,0.22652738,0.004298919,0.10234605,0.007363218,0.14599662,0.006640097,0.72359014,0.0048409402,0.06968549,0.0042823437,0.37953854,0.009725915,null,null,null,null,"TWOGAUSSIANS",8,2.3709416,0.72359014,0.0048409402,0.39023873,0.017104473,0.37381703,0.008096621,0.22652738,0.004298919,0.4,0.0,0.14027317,0.005692832
375316653866487564,2073293241926850304,0.5309183,2253.974470280792,3.348042271324402,1.22216115E-5,18.827232,0.029332768,0.22301787,0.0033185137,0.0832011,0.006832545,0.5673196,0.030589435,0.7164632,0.0036759588,0.08460393,0.0063879057,0.5474839,0.030494975,null,null,null,null,"TWOGAUSSIANS",8,7.787872,0.22301787,0.0033185137,0.4,0.0,0.55561775,0.027657093,0.7164632,0.0036759588,0.4,0.0,0.5357821,0.027947703
375316653866487564,2073296132453894656,0.5354819,2219.1841522959753,1.8041875184809406,8.283351E-6,16.727434,0.0017337078,null,null,null,null,null,null,null,null,null,null,null,null,0.04839458,0.0023535707,0.23767804,0.0033416692,"ELLIPSOIDAL",4,4.1767163,null,null,null,null,null,null,null,null,null,null,null,null
375316653866487564,2073300083823743616,0.6665031,2246.9517951504495,2.3085426676380982,6.9175685E-6,14.53855,0.009296579,0.2059544,0.001454099,0.04972991,0.0031100453,0.5695954,0.019518267,0.70813966,0.0015539601,0.05025494,0.003351019,0.15545978,0.02060522,0.06895055,0.0111810975,0.70813966,0.0015539601,"TWOGAUSSIANS_WITH_ELLIPSOIDAL_ON_ECLIPSE2",9,91.67991,0.2060544,0.0013769787,0.27848747,0.017416254,0.70746905,0.01711167,0.70813966,0.0015539601,0.28142768,0.018765707,0.2933582,0.004406932
375316653866487564,2073302347258520960,0.55812114,2238.24652308076,3.666732254096578,1.133962E-5,19.18405,0.013134711,0.23993447,0.0050855083,0.07766542,0.008677521,0.4612425,0.06123145,0.74417603,0.0027960541,0.07079006,0.0031915056,0.56202817,0.021885186,null,null,null,null,"TWOGAUSSIANS",8,2.7045484,0.74417603,0.0027960541,0.39642432,0.01453689,0.5588671,0.021224516,0.23993447,0.0050855083,0.4,0.0,0.45808145,0.06412005
375316653866487564,2073302935682322048,0.43997732,2233.095414537404,1.7480143051479793,8.604962E-6,14.172649,0.058330547,0.14771818,0.0012785273,0.03937032,0.0040399306,0.15811488,0.015167962,0.44293037,0.07354801,0.3358381,0.20891829,0.06855601,0.053425394,null,null,null,null,"TWOGAUSSIANS",8,199.27023,0.14845817,0.0011501815,0.2204738,0.022623612,0.16707908,0.01621321,0.44293037,0.07354801,0.4,0.0,0.024913725,0.0069546537
375316653866487564,2073303554150212992,0.48980582,2239.5816075633006,3.3960807260520807,1.332052E-5,19.486347,0.01449271,0.26162475,0.017911203,0.09337885,0.016335066,0.22559896,0.023170253,0.73295116,0.011304416,0.08692625,0.011742334,0.23932265,0.015464694,null,null,null,null,"TWOGAUSSIANS",8,1.9248632,0.73295116,0.011304416,0.4,0.0,0.2330215,0.0116711985,0.26162475,0.017911203,0.4,0.0,0.21929723,0.022419466
375316653866487564,2073303760316136704,0.5225171,2225.1730236356666,3.4918043368546687,2.1925638E-5,17.689146,0.0017344367,0.27775493,0.003934095,0.05315299,0.03409828,0.0025680356,0.004083757,null,null,null,null,null,null,0.04948004,0.0020730596,0.27775493,0.003934095,"ONEGAUSSIAN_WITH_ELLIPSOIDAL",6,2.4549692,0.27775493,0.003934095,0.29765674,0.19095036,0.10152788,0.0032185856,null,null,null,null,null,null
375316653866487564,2073304202684774528,0.54615474,2235.742024812144,2.270299663946553,5.6924495E-5,18.370779,0.0015543666,0.07457234,0.009271283,0.036983963,0.011517134,0.025045892,0.005842344,0.46236157,4.0001556E-4,0.007491758,2.959291E-4,0.34345284,0.013270525,null,null,null,null,"TWOGAUSSIANS",8,1.0178651,0.46236157,4.0001556E-4,0.041953843,0.001657203,0.34345284,0.013270525,0.07457234,0.009271283,0.2071102,0.06449594,0.025045892,0.005842344
375316653866487564,2073304786800603392,0.46292126,2198.693681897376,2.4431647655911677,3.7846927E-5,18.167286,0.021986553,0.20402241,0.009822636,0.07275687,0.00946032,0.35030907,0.035095844,0.7262047,0.013952624,0.08999953,0.014781729,0.28623372,0.03294852,null,null,null,null,"TWOGAUSSIANS",8,34.244656,0.20402241,0.009822636,0.4,0.0091573205,0.34669247,0.03452823,0.7262047,0.013952624,0.4,0.0,0.2826169,0.032002307
375316653866487564,2073308123995305728,0.56120294,2162.8830375828297,2.8755070156813165,6.523619E-6,18.9723,0.0056405338,0.2251602,0.0026052136,0.063129686,0.0027931603,0.43295348,0.01248386,0.7243115,0.009345945,0.06461903,0.007765047,0.5221591,0.008897147,null,null,null,null,"TWOGAUSSIANS",8,2.1993518,0.7243115,0.009345945,0.36186656,0.037920788,0.52172184,0.009072245,0.2251602,0.0026052136,0.35352623,0.015641699,0.43251622,0.012496717
375316653866487564,2073308433240463232,0.51086676,2195.7264473285563,2.604635105295985,2.2157761E-5,15.533827,0.013077497,0.22862418,0.007306912,0.08984642,0.010505097,0.15868403,0.01376173,0.73277354,0.0045145657,0.092318475,0.012599171,0.15150388,0.013067033,null,null,null,null,"TWOGAUSSIANS",8,95.65657,0.22862418,0.007306912,0.4,0.0,0.15195288,0.009382524,0.73277354,0.0045145657,0.4,0.0,0.14477265,0.011395902
375316653866487564,2073309086075593344,0.49965253,2184.938960156905,2.8310831419561433,2.9415301E-5,16.944668,0.0024016157,null,null,null,null,null,null,null,null,null,null,null,null,0.07285999,0.003127321,0.2155088,0.004065043,"ELLIPSOIDAL",4,10.758149,null,null,null,null,null,null,null,null,null,null,null,null
375316653866487564,2073309704551235840,0.5459173,2227.1625515778665,1.8225679586246362,1.2098629E-5,16.26358,0.0073553505,0.304334,0.0073837945,0.09055393,0.011082294,0.13862294,0.0073659574,0.80589926,0.003585947,0.09339499,0.008467737,0.10465664,0.006641366,null,null,null,null,"TWOGAUSSIANS",8,5.621053,0.304334,0.0073837945,0.4,0.0,0.13279381,0.004157487,0.80589926,0.003585947,0.4,0.0,0.09882745,0.0040606577
375316653866487564,2073312311582905216,0.60191095,2206.6423906425116,3.620698281209728,2.0898622E-5,18.311804,0.04230253,0.2818243,0.0032871503,0.043654613,0.010454413,0.33299762,0.08231274,0.7864619,0.005414155,0.05110399,0.020830374,0.4495128,0.036274977,0.11622929,0.04580461,0.2818243,0.0032871503,"TWOGAUSSIANS_WITH_ELLIPSOIDAL_ON_ECLIPSE1",9,5.826358,0.7864619,0.005414155,0.28618234,0.11665009,0.68177146,0.09241883,0.2818243,0.0032871503,0.24446583,0.058544714,0.5654536,0.01571146
375316653866487564,2073312384611098368,0.45966426,2224.8763209808144,2.89045480262882,5.1995856E-5,19.15794,0.005308039,0.25916594,0.046286173,0.02805357,0.029416995,0.35083035,null,0.7561113,0.037220884,0.02030017,0.012811362,1.3724109,2.2980874,null,null,null,null,"TWOGAUSSIANS",8,4.2965965,0.7561113,0.037220884,0.11368095,0.07174362,1.3724109,2.2980874,0.25916594,0.046286173,0.15709999,0.16473517,0.35083035,null
375316653866487564,2073312449021993088,0.5791131,2192.003986292246,3.021030081295083,5.569921E-6,17.720968,0.008842275,0.2863745,0.0024461665,0.07580432,0.0032842183,0.40650472,0.0147549985,0.7715528,0.004095629,0.07690769,0.0044453545,0.518474,0.019278478,null,null,null,null,"TWOGAUSSIANS",8,10.332345,0.7715528,0.004095629,0.4,0.0,0.5153464,0.019322379,0.2863745,0.0024461665,0.4,0.0,0.40337715,0.014559693
375316653866487564,2073313720332566784,0.46187955,2201.110787390713,3.8692315594955047,2.0657133E-6,18.763222,0.007009332,0.15708189,6.9331196E-5,0.0038764405,5.710536E-4,0.33657452,0.013313758,0.85037035,0.007555826,0.027971957,0.0028800103,0.077588044,0.030736668,0.036582757,0.015297886,0.15708189,6.9331196E-5,"TWOGAUSSIANS_WITH_ELLIPSOIDAL_ON_ECLIPSE1",9,7.853936,0.15708189,6.9331196E-5,0.021708066,0.0031979003,0.40973973,0.041763075,0.85037035,0.007555826,0.15664296,0.016128058,0.08649102,0.033386953
375316653866487564,2073313892128216320,0.63954246,2231.5543993272463,2.7137606122225595,4.338639E-6,12.552247,0.0063465694,0.23970075,0.0026491233,0.04848695,0.003919166,0.19860208,0.019676574,0.7344456,0.0014002252,0.051899653,0.007060059,0.17920701,0.047450002,0.13026574,0.009750181,0.7344456,0.0014002252,"TWOGAUSSIANS_WITH_ELLIPSOIDAL_ON_ECLIPSE2",9,178.26868,0.23867074,0.0019774868,0.27152693,0.02194733,0.45890293,0.016594347,0.7344456,0.0014002252,0.29063806,0.03953633,0.43973625,0.048091173
