Gaia/vari_eclipsing_binary/VariEclipsingBinary_459377-459387.csv
# %ECSV 1.0
# ---
# delimiter: ','
# meta: !!omap
# - RELEASE: Gaia DR3
# - TABLE: vari_eclipsing_binary
# - DESCRIPTION: >
#     This table describes the properties of the eclipsing binaries resulting from the variability analysis. 
# - CITATION: >
#     How to cite and acknowledge Gaia: 
#     https://gea.esac.esa.int/archive/documentation/credits.html 
# - KNOWN_ISSUES: >
#     Known issues: 
#     https://www.cosmos.esa.int/web/gaia-users/known-issues 
# - DOCUMENTATION: >
#     Tutorials and documentation: 
#     https://www.cosmos.esa.int/web/gaia-users/archive 
# datatype:
# - 
#   name: solution_id
#   datatype: int64
#   description: Solution Identifier
#   meta:
#     ucd: meta.version
# - 
#   name: source_id
#   datatype: int64
#   description: Unique source identifier
#   meta:
#     ucd: meta.id;meta.main
# - 
#   name: global_ranking
#   datatype: float32
#   description: Number between 0 (worst) and 1 (best)
#   meta:
#     ucd: stat.param
# - 
#   name: reference_time
#   datatype: float64
#   unit: d
#   description: Reference time used for the geometric model fit
#   meta:
#     ucd: time.epoch
# - 
#   name: frequency
#   datatype: float64
#   unit: d**-1
#   description: Frequency of geometric model of the eclipsing binary light curve
#   meta:
#     ucd: src.orbital
# - 
#   name: frequency_error
#   datatype: float32
#   unit: d**-1
#   description: "Uncertainty of \\texttt{frequency}"
#   meta:
#     ucd: stat.error
# - 
#   name: geom_model_reference_level
#   datatype: float32
#   unit: mag
#   description: Magnitude reference level of geometric model
#   meta:
#     ucd: phot.mag;em.opt
# - 
#   name: geom_model_reference_level_error
#   datatype: float32
#   unit: mag
#   description: "Uncertainty of \\texttt{geomModelReferenceLevel}"
#   meta:
#     ucd: stat.error;phot.mag;em.opt
# - 
#   name: geom_model_gaussian1_phase
#   datatype: float32
#   description: Phase of the Gaussian 1 component
#   meta:
#     ucd: time.phase
# - 
#   name: geom_model_gaussian1_phase_error
#   datatype: float32
#   description: "Uncertainty of \\texttt{geomModelGaussian1Phase}"
#   meta:
#     ucd: stat.error;time.phase
# - 
#   name: geom_model_gaussian1_sigma
#   datatype: float32
#   description: "Standard deviation [phase] of Gaussian 1 component"
#   meta:
#     ucd: stat.stdev
# - 
#   name: geom_model_gaussian1_sigma_error
#   datatype: float32
#   description: "Uncertainty of \\texttt{geomModelGaussian1Sigma}"
#   meta:
#     ucd: stat.error
# - 
#   name: geom_model_gaussian1_depth
#   datatype: float32
#   unit: mag
#   description: Magnitude depth of Gaussian 1 component
#   meta:
#     ucd: src.var.amplitude
# - 
#   name: geom_model_gaussian1_depth_error
#   datatype: float32
#   unit: mag
#   description: "Uncertainty of \\texttt{geomModelGaussian1Depth}"
#   meta:
#     ucd: stat.error;src.var.amplitude
# - 
#   name: geom_model_gaussian2_phase
#   datatype: float32
#   description: Phase of Gaussian 2 component
#   meta:
#     ucd: time.phase
# - 
#   name: geom_model_gaussian2_phase_error
#   datatype: float32
#   description: "Uncertainty of \\texttt{geomModelGaussian2Phase}"
#   meta:
#     ucd: stat.error;time.phase
# - 
#   name: geom_model_gaussian2_sigma
#   datatype: float32
[...]
#   datatype: float32
#   description: "Secondary eclipse: uncertainty of \\texttt{derivedSecondaryEclDuration}"
#   meta:
#     ucd: stat.error;time.duration
# - 
#   name: derived_secondary_ecl_depth
#   datatype: float32
#   unit: mag
#   description: "Secondary eclipse: depth"
#   meta:
#     ucd: src.var.amplitude
# - 
#   name: derived_secondary_ecl_depth_error
#   datatype: float32
#   unit: mag
#   description: "Secondary eclipse: uncertainty of \\texttt{derivedSecondaryEclDepth}"
#   meta:
#     ucd: stat.error;src.var.amplitude
solution_id,source_id,global_ranking,reference_time,frequency,frequency_error,geom_model_reference_level,geom_model_reference_level_error,geom_model_gaussian1_phase,geom_model_gaussian1_phase_error,geom_model_gaussian1_sigma,geom_model_gaussian1_sigma_error,geom_model_gaussian1_depth,geom_model_gaussian1_depth_error,geom_model_gaussian2_phase,geom_model_gaussian2_phase_error,geom_model_gaussian2_sigma,geom_model_gaussian2_sigma_error,geom_model_gaussian2_depth,geom_model_gaussian2_depth_error,geom_model_cosine_half_period_amplitude,geom_model_cosine_half_period_amplitude_error,geom_model_cosine_half_period_phase,geom_model_cosine_half_period_phase_error,model_type,num_model_parameters,reduced_chi2,derived_primary_ecl_phase,derived_primary_ecl_phase_error,derived_primary_ecl_duration,derived_primary_ecl_duration_error,derived_primary_ecl_depth,derived_primary_ecl_depth_error,derived_secondary_ecl_phase,derived_secondary_ecl_phase_error,derived_secondary_ecl_duration,derived_secondary_ecl_duration_error,derived_secondary_ecl_depth,derived_secondary_ecl_depth_error
[from data line 264]
375316653866487564,4040740317672695168,0.45805368,2337.606006019106,1.9928601002009667,4.5011864E-5,18.96657,0.02819685,0.24167112,0.036645778,0.0825804,0.06447736,0.32073584,0.67018354,0.72101545,0.0043318467,0.070796914,0.0074786087,0.52240765,0.089135356,null,null,null,null,"TWOGAUSSIANS",8,8.656636,0.72101545,0.0043318467,0.3964627,0.03458253,0.51989955,0.08963075,0.24167112,0.036645778,0.4,0.27068365,0.31822774,0.67363006
375316653866487564,4040740317722576384,0.46384627,2320.37428005268,1.9797127626129456,5.1206254E-5,19.20096,0.029578477,0.15586317,0.007478972,0.09257625,0.00904696,0.4572853,0.03756697,0.71665925,0.076497234,0.080397345,0.07095594,0.22150193,1.5468855,null,null,null,null,"TWOGAUSSIANS",8,9.703054,0.15586317,0.0074775475,0.4,0.0,0.45390156,0.034369707,0.7166692,0.07659234,0.4,0.28538448,0.21812402,1.5507183
375316653866487564,4040740416549884032,0.46587208,2241.9467693650245,0.784518529163634,1.03238315E-4,19.024502,0.049980298,0.45680082,0.010966801,0.12467142,0.0203644,0.7715828,0.19994491,0.8569608,0.0074890554,0.047128644,0.017010143,0.17220983,0.040949427,null,null,null,null,"TWOGAUSSIANS",8,5.7174253,0.45680082,0.010966801,0.4,0.0,0.7694814,0.2028291,0.8569608,0.0074890554,0.2639204,0.0952568,0.17458533,0.039915722
375316653866487564,4040740420803186688,0.42804757,2419.301949547444,0.14181255852011382,6.150533E-5,17.422256,0.007681162,0.075351976,6.61619E-4,0.0062297424,0.0014555218,0.09432557,0.022768006,0.5184658,0.01889965,0.16440251,0.01910512,0.2662319,0.044277254,null,null,null,null,"TWOGAUSSIANS",8,9.956362,0.5184658,0.01889965,0.4,0.0,0.2610106,0.04687693,0.07539198,6.8074506E-4,0.034886558,0.008150922,0.0970078,0.022695165
375316653866487564,4040740485269341568,0.45205602,2380.6342107001383,0.1198806271227277,3.4266126E-5,19.168488,0.009735102,0.48193884,0.024981983,0.11551634,0.036038477,0.19533502,0.045533367,0.8944444,0.0058780154,0.019240981,0.011439752,0.28640398,2011.7769,null,null,null,null,"TWOGAUSSIANS",8,4.338354,0.8944444,0.0058780154,0.10774949,0.06406261,0.28670084,2011.7769,0.48193884,0.024981983,0.4,0.0,0.19529891,0.045683865
375316653866487564,4040740489522710528,0.44157523,2400.2442191466007,0.13171902626989956,2.369798E-5,18.318354,0.014815253,0.9106501,0.03998275,0.12828164,0.038361542,0.083515555,0.011421716,0.69635576,0.0120113045,0.046816252,0.03013686,0.35125613,0.19616972,null,null,null,null,"TWOGAUSSIANS",8,6.968734,0.69806576,0.012990711,0.26217103,0.12853469,0.37209406,0.20858432,0.9104601,0.035048943,0.4,0.0,0.08344162,0.0112410635
375316653866487564,4040740489522741888,0.4653091,2365.8354004130147,0.21315578674105815,5.368758E-5,19.12879,0.020392377,0.19817545,0.005158357,0.0334673,0.0063022687,0.27122313,0.059290793,0.34458533,0.015987089,0.1519785,0.033426486,0.18709949,0.030991718,null,null,null,null,"TWOGAUSSIANS",8,3.511792,0.20126545,0.003882166,0.18741687,0.035292704,0.3883392,0.059402697,0.34458533,0.015987089,0.4,0.0,0.18544821,0.032827087
375316653866487564,4040740588352067840,0.5223734,2340.4776091280974,1.9020876709222199,2.5327623E-5,19.029598,0.027839335,0.24955906,0.008781569,0.10664794,0.020045465,0.18683478,0.026125764,0.75138396,0.008362502,0.09262313,0.016998656,0.20231856,0.024357595,null,null,null,null,"TWOGAUSSIANS",8,1.476303,0.75138396,0.008362012,0.4,0.0,0.18611036,0.0141469715,0.24955906,0.008781569,0.4,0.0,0.17062046,0.014124979
375316653866487564,4040740725790648832,0.44730812,2380.5662060627023,0.2531739970082044,2.4471976E-5,19.286222,0.07690123,0.19383433,0.005794939,0.058842834,0.015860364,0.21433528,0.07242531,0.73190045,0.022794291,0.1105622,0.06300996,0.23147984,0.061338548,null,null,null,null,"TWOGAUSSIANS",8,5.368582,0.73190045,0.022794291,0.4,0.0,0.22871849,0.05604438,0.19381434,0.005768429,0.32951987,0.08881804,0.21161312,0.05274247
375316653866487564,4040740730041081600,0.4212661,2342.0820935509682,0.19076895088251594,4.0242154E-5,19.197481,0.07404973,0.28450722,0.014878586,0.15441896,0.07515264,0.20463298,0.047880907,0.72860724,0.016835272,0.062368322,0.014874747,0.17942344,0.061007153,null,null,null,null,"TWOGAUSSIANS",8,4.305545,0.28450722,0.014878586,0.4,0.0,0.19129907,0.029088885,0.72860724,0.016835272,0.3492626,0.08329859,0.16967642,0.04580328
375316653866487564,4040740897589346048,0.44938368,2399.1106947633325,0.05076347482269103,2.509924E-5,19.436903,0.24451411,0.33935094,0.07018128,0.10144896,0.061244145,0.5242036,0.19084707,0.7681869,0.0070332414,0.1443557,0.06378003,0.72224915,0.27307636,null,null,null,null,"TWOGAUSSIANS",8,2.9717348,0.7681869,0.0070332414,0.4,0.0,0.6385151,0.33263874,0.34299093,0.0663961,0.4,0.0953516,0.44975895,0.22091502
375316653866487564,4040741138087917312,0.4589406,2366.502198780236,0.8399590117740969,3.6114525E-5,17.707693,0.012870074,0.6054941,0.037035458,0.14564757,0.040250946,0.07277021,0.014594632,0.77585965,0.005628716,0.02397681,0.0056181084,0.3896207,0.18114027,null,null,null,null,"TWOGAUSSIANS",8,3.551269,0.77585965,0.005628716,0.13427015,0.031461406,0.42593434,0.18283886,0.6054941,0.037035458,0.4,0.0,0.07236851,0.014594134
375316653866487564,4040741142307063296,0.49001658,2333.5325710649345,2.6421268440944843,3.083396E-5,19.391743,0.019212639,0.28156063,0.028594209,0.071590595,0.035232414,0.42380008,0.10661275,0.7951868,0.012125032,0.07494694,0.015815068,0.34639478,0.06743692,null,null,null,null,"TWOGAUSSIANS",8,5.2984176,0.28156063,0.028594209,0.4,0.018969726,0.42215866,0.11758275,0.7951868,0.012125032,0.4,0.03281852,0.34475332,0.06790385
375316653866487564,4040741211026718336,0.45974085,2377.941754822476,0.4978816806450685,1.0023319E-5,19.810915,0.019532576,0.19929953,6.986875E-5,0.013711965,0.001112858,0.13984215,0.019811526,0.70499074,0.0085496195,0.035088055,0.0053419177,0.50295424,0.077930115,null,null,null,null,"TWOGAUSSIANS",8,6.6886387,0.70499074,0.0085496195,0.19649312,0.029914739,0.50295424,0.077930115,0.19929953,6.986875E-5,0.076787,0.0062320046,0.13984215,0.019811526
375316653866487564,4040741245386531328,0.51571614,2406.1383276317288,0.17316685260625655,3.8683E-5,19.282433,0.016888808,0.46648535,0.044142798,0.15310949,0.03684613,0.41456106,0.044870965,0.68468153,0.0144355185,0.05527799,0.014275957,0.30231214,0.09926258,null,null,null,null,"TWOGAUSSIANS",8,3.2802937,0.68468153,0.0144355185,0.30955672,0.079945356,0.44847453,0.028926866,0.46700534,0.043867473,0.4,0.0,0.4106801,0.04942464
375316653866487564,4040741378605651584,0.4295099,2355.586165036198,0.25379321893391027,5.4793298E-5,19.467148,0.39222896,0.2759795,0.05196343,0.18798542,0.12822224,0.33930632,0.37787876,0.71436125,0.03183786,0.10772416,0.041922532,0.27210093,0.16338128,null,null,null,null,"TWOGAUSSIANS",8,3.8028622,0.2762495,0.05091582,0.4,0.0,0.23976825,0.036883328,0.71436125,0.03183786,0.4,0.0,0.19877669,0.035627834
375316653866487564,4040741520315264768,0.42711002,2368.5430751477165,0.23929968075203215,8.240961E-6,18.592045,0.0070456215,0.9103032,0.005568763,0.007010903,0.0023259728,0.096864946,0.066531695,null,null,null,null,null,null,0.025793139,0.009573178,0.9103032,0.005568763,"ONEGAUSSIAN_WITH_ELLIPSOIDAL",6,2.6763859,0.9103032,0.005568763,0.039261058,0.013025448,0.14845118,0.06914371,null,null,null,null,null,null
375316653866487564,4040741550424339712,0.44114333,2400.2949867210164,4.818694685998631,7.5542885E-5,18.94036,0.01602411,0.42612222,0.022626616,0.1516608,0.030645242,0.19315325,0.017325975,0.7095596,0.018188583,0.040295105,0.017803498,0.2640292,0.19253354,null,null,null,null,"TWOGAUSSIANS",8,5.3900943,0.7095596,0.018188583,0.22565259,0.099699594,0.2960331,0.18524382,0.42612222,0.022633078,0.4,0.0,0.19146755,0.015685437
375316653866487564,4040741795142812160,0.45307437,2461.8272424995184,4.6008178704181715,1.0808009E-4,16.804651,0.002791165,0.30210084,0.03222865,0.09545481,0.04586996,0.036404423,0.027458495,0.82974213,0.0075369,0.044225294,0.005701637,0.08876582,0.006492262,null,null,null,null,"TWOGAUSSIANS",8,3.4741433,0.82974213,0.0075369,0.24766165,0.031929165,0.088695705,0.0064594983,0.30210084,0.03222865,0.4,0.09280946,0.036334123,0.027532293
375316653866487564,4040741928287389824,0.4854104,2409.9624905614005,0.09916399001886791,3.0023282E-5,17.570534,0.008224317,0.27883822,0.0077054254,0.094354816,0.008102351,0.16611503,0.016999437,0.80411166,0.009392625,0.0648011,0.021171778,0.14881244,0.04132067,null,null,null,null,"TWOGAUSSIANS",8,5.4259305,0.27883822,0.0077054254,0.4,0.0,0.16476965,0.016139856,0.80411166,0.009392625,0.36288613,0.06308617,0.14746761,0.04441546
375316653866487564,4040741932633655808,0.48090008,2443.2684512522615,3.2375113499388375,2.889826E-5,19.887703,0.008469181,null,null,null,null,null,null,null,null,null,null,null,null,0.113201894,0.011558387,0.262134,0.008236841,"ELLIPSOIDAL",4,1.7461185,null,null,null,null,null,null,null,null,null,null,null,null
375316653866487564,4040741997080393472,0.41107997,2376.819621701415,0.4730022753693227,1.4016729E-4,19.473866,0.010396686,0.35901475,0.011278336,0.012909222,0.008829429,0.17347291,0.3935379,0.78287345,0.011480853,0.022041837,0.02656359,0.11547797,null,0.04555632,0.018186888,0.78287345,0.011480853,"TWOGAUSSIANS_WITH_ELLIPSOIDAL_ON_ECLIPSE2",9,6.613423,0.35856473,0.011561295,0.07229164,0.049444802,0.24537994,0.39506623,0.78287345,0.011480853,0.12343428,0.1487561,0.20659052,null
375316653866487564,4040742065800435968,0.4714846,2367.525000841681,0.048284818598190594,7.126768E-5,19.624086,0.007900625,0.16349214,0.015506632,0.08302892,0.017432688,0.19462404,0.045939196,0.718022,0.004003085,0.04081286,0.0064388164,0.2762016,0.039647777,null,null,null,null,"TWOGAUSSIANS",8,1.7398772,0.718022,0.004003085,0.22855203,0.03605737,0.2761836,0.039662585,0.16349214,0.015506632,0.4,0.0064221015,0.19460593,0.04595805
375316653866487564,4040742173099910528,0.4766906,2400.832788942876,0.11012465684134588,9.6879536E-5,18.496428,0.01207002,0.2201006,0.04776431,0.050548054,0.009310108,0.27057916,0.14538269,0.9133321,0.009181874,0.007598874,0.005082819,0.48821265,11.320332,0.054833133,0.017446952,0.9133321,0.009181874,"TWOGAUSSIANS_WITH_ELLIPSOIDAL_ON_ECLIPSE2",9,21.364103,0.9133321,0.009181874,0.042553697,0.028463786,0.59787846,11.32433,0.2246506,0.055892695,0.2830691,0.0521366,0.2849736,0.11779655
375316653866487564,4040742237601630592,0.45805034,2350.8440163534683,2.2090887531461614,1.6783495E-5,19.241703,0.018101646,0.21760668,0.0035318788,0.028686577,0.007044381,0.29124942,0.15042709,0.700404,0.0081289,0.042210087,0.015718695,0.16251491,0.06851888,0.12876612,0.038745783,0.21760668,0.0035318788,"TWOGAUSSIANS_WITH_ELLIPSOIDAL_ON_ECLIPSE1",9,15.409727,0.21760668,0.0035318788,0.16064483,0.039448533,0.5487814,0.13909301,0.703534,0.006962818,0.2363765,0.08802469,0.4175925,0.0585413
375316653866487564,4040742379309031296,0.55315137,2392.266282521342,0.4359748260866294,6.02677E-6,17.95078,0.0032489563,0.2624439,0.015572616,0.046171542,0.006551793,0.09610323,0.023280324,0.73661304,0.0020362819,0.029595366,0.0027173907,0.27084672,0.016672514,null,null,null,null,"TWOGAUSSIANS",8,4.15397,0.73661304,0.0020362819,0.16573405,0.015217388,0.27084672,0.016672514,0.2624439,0.015572616,0.25856063,0.036690038,0.09610323,0.023280324
375316653866487564,4040742581201557120,0.5433467,2385.5089475034342,0.1332828946124049,2.4949977E-5,19.210278,0.0048862644,0.1452206,0.005695241,0.014166413,0.007669712,0.858702,15533.445,0.7809313,0.0055905133,0.03234358,0.0028933026,1.5883613,0.63070637,null,null,null,null,"TWOGAUSSIANS",8,1.488703,0.7809313,0.0055905133,0.18112405,0.016202495,1.5883613,0.63070637,0.1452206,0.005695241,0.07933191,0.042950388,0.858702,15533.445
375316653866487564,4040742581201557504,0.4362013,2375.876511945145,1.5441345086457052,6.14596E-5,19.054756,0.05792643,0.25294203,0.009784156,0.10917726,0.037033584,0.22152665,0.04270749,0.74573547,0.03416383,0.09674718,0.033693362,0.20072187,0.061541375,null,null,null,null,"TWOGAUSSIANS",8,8.727073,0.25294203,0.009785252,0.4,0.0,0.20119528,0.027272426,0.74573547,0.03416383,0.4,0.0028868404,0.18040273,0.028348813
375316653866487564,4040742688546092160,0.43593973,2369.2509777834034,0.09612118428745653,5.8629877E-5,18.849646,0.019983536,0.2611774,0.022082364,0.09652243,0.021272156,0.12646477,0.021705285,0.6303814,0.007493162,0.1187465,0.009261243,0.25538418,0.02581762,null,null,null,null,"TWOGAUSSIANS",8,5.5844646,0.6303814,0.007493162,0.4,0.0,0.250424,0.02304309,0.26551738,0.024000697,0.4,0.0,0.12356845,0.01954254
375316653866487564,4040742688546118784,0.6183498,2328.19276011882,2.5573507121827648,1.0684997E-5,17.007948,0.006197066,0.27841136,0.0021863738,0.047647778,0.0032352093,0.37669647,0.017810855,0.77500904,0.0030190614,0.03296178,0.005027646,0.23744968,0.021064093,0.13200088,0.009816159,0.27841136,0.0021863738,"TWOGAUSSIANS_WITH_ELLIPSOIDAL_ON_ECLIPSE1",9,11.689943,0.27841136,0.0021863738,0.26682755,0.01811717,0.64069766,0.0166236,0.7753091,0.0027662336,0.18458596,0.02815482,0.50134075,0.02439495
375316653866487564,4040742825985124096,0.5468681,2367.8542207827313,1.2046641411688053,1.5226351E-5,18.481064,0.015971981,0.2501434,0.006471198,0.09519712,0.0103459265,0.25278035,0.021968752,0.7374663,0.0032722605,0.098810196,0.006037047,0.34247246,0.016113892,null,null,null,null,"TWOGAUSSIANS",8,3.5151649,0.7374663,0.0032722605,0.4,0.0,0.3245315,0.008906114,0.2501434,0.00647829,0.4,0.0,0.23484103,0.02004234
375316653866487564,4040742963425974912,0.4427871,2344.9048615899346,0.2507700454815298,2.6830618E-5,19.12508,0.25581658,0.12665989,8.860943E-4,0.018662885,0.004524459,0.5159849,0.36851868,0.64323616,0.014038625,0.25140178,0.124819525,0.25310802,0.24782257,null,null,null,null,"TWOGAUSSIANS",8,2.6876771,0.12661988,8.239565E-4,0.104512155,0.025336972,0.51147413,0.37166083,0.64323616,0.014038625,0.4,0.0,0.17828244,0.02522231
375316653866487564,4040742993516179328,0.6035002,2348.7160540612335,1.5034220473876956,7.6225397E-6,16.456774,0.013219468,0.31595895,0.009113819,0.0924473,0.008408636,0.3966969,0.020224342,0.8198972,0.0027582431,0.095618516,0.006836857,0.2726188,0.012496741,null,null,null,null,"TWOGAUSSIANS",8,10.453212,0.31595895,0.009113819,0.4,0.0,0.37866694,0.014038279,0.8198972,0.0027582431,0.4,0.0,0.25458854,0.009091431
375316653866487564,4040743100863275776,0.4990803,2317.5499423742135,0.22616786559144827,6.852867E-5,19.206724,0.06009376,0.41270176,0.05891115,0.18927921,0.09104703,0.34093928,0.058972854,0.8271753,0.07591913,0.042859264,0.020374505,0.18553166,0.21093455,null,null,null,null,"TWOGAUSSIANS",8,3.5620468,0.41270176,0.05891115,0.4,0.0,0.3148209,0.028241895,0.8271753,0.07591913,0.24001187,0.11409722,0.19326854,0.20364311
375316653866487564,4040743100863276288,0.4404251,2330.841673622119,0.3755563010162524,2.217346E-5,18.427069,0.01126649,0.2881195,0.026980994,0.05483706,0.020105561,0.1737562,0.064132,0.82008666,0.0071805594,0.05133755,0.011177577,0.17533204,0.029268242,null,null,null,null,"TWOGAUSSIANS",8,12.801068,0.82008666,0.0071805594,0.2874903,0.06259443,0.1753308,0.029270155,0.2881195,0.026980994,0.30708754,0.107140556,0.17375496,0.06412428
375316653866487564,4040743234037117824,0.4735367,2397.34258173525,0.13722615661082174,6.472148E-5,19.542862,0.016838579,0.24395317,0.015344368,0.057509527,0.023641707,0.23326504,0.026639648,0.72158396,0.016843794,0.106059045,0.019223854,0.21598835,0.03841436,null,null,null,null,"TWOGAUSSIANS",8,3.5300138,0.24395317,0.015355298,0.32205334,0.11226213,0.23070028,0.027057812,0.72158396,0.016843794,0.4,0.0,0.21341391,0.039990105
