Gaia/vari_eclipsing_binary/VariEclipsingBinary_667377-667405.csv
# %ECSV 1.0
# ---
# delimiter: ','
# meta: !!omap
# - RELEASE: Gaia DR3
# - TABLE: vari_eclipsing_binary
# - DESCRIPTION: >
#     This table describes the properties of the eclipsing binaries resulting from the variability analysis. 
# - CITATION: >
#     How to cite and acknowledge Gaia: 
#     https://gea.esac.esa.int/archive/documentation/credits.html 
# - KNOWN_ISSUES: >
#     Known issues: 
#     https://www.cosmos.esa.int/web/gaia-users/known-issues 
# - DOCUMENTATION: >
#     Tutorials and documentation: 
#     https://www.cosmos.esa.int/web/gaia-users/archive 
# datatype:
# - 
#   name: solution_id
#   datatype: int64
#   description: Solution Identifier
#   meta:
#     ucd: meta.version
# - 
#   name: source_id
#   datatype: int64
#   description: Unique source identifier
#   meta:
#     ucd: meta.id;meta.main
# - 
#   name: global_ranking
#   datatype: float32
#   description: Number between 0 (worst) and 1 (best)
#   meta:
#     ucd: stat.param
# - 
#   name: reference_time
#   datatype: float64
#   unit: d
#   description: Reference time used for the geometric model fit
#   meta:
#     ucd: time.epoch
# - 
#   name: frequency
#   datatype: float64
#   unit: d**-1
#   description: Frequency of geometric model of the eclipsing binary light curve
#   meta:
#     ucd: src.orbital
# - 
#   name: frequency_error
#   datatype: float32
#   unit: d**-1
#   description: "Uncertainty of \\texttt{frequency}"
#   meta:
#     ucd: stat.error
# - 
#   name: geom_model_reference_level
#   datatype: float32
#   unit: mag
#   description: Magnitude reference level of geometric model
#   meta:
#     ucd: phot.mag;em.opt
# - 
#   name: geom_model_reference_level_error
#   datatype: float32
#   unit: mag
#   description: "Uncertainty of \\texttt{geomModelReferenceLevel}"
#   meta:
#     ucd: stat.error;phot.mag;em.opt
# - 
#   name: geom_model_gaussian1_phase
#   datatype: float32
#   description: Phase of the Gaussian 1 component
#   meta:
#     ucd: time.phase
# - 
#   name: geom_model_gaussian1_phase_error
#   datatype: float32
#   description: "Uncertainty of \\texttt{geomModelGaussian1Phase}"
#   meta:
#     ucd: stat.error;time.phase
# - 
#   name: geom_model_gaussian1_sigma
#   datatype: float32
#   description: "Standard deviation [phase] of Gaussian 1 component"
#   meta:
#     ucd: stat.stdev
# - 
#   name: geom_model_gaussian1_sigma_error
#   datatype: float32
#   description: "Uncertainty of \\texttt{geomModelGaussian1Sigma}"
#   meta:
#     ucd: stat.error
# - 
#   name: geom_model_gaussian1_depth
#   datatype: float32
#   unit: mag
#   description: Magnitude depth of Gaussian 1 component
#   meta:
#     ucd: src.var.amplitude
# - 
#   name: geom_model_gaussian1_depth_error
#   datatype: float32
#   unit: mag
#   description: "Uncertainty of \\texttt{geomModelGaussian1Depth}"
#   meta:
#     ucd: stat.error;src.var.amplitude
# - 
#   name: geom_model_gaussian2_phase
#   datatype: float32
#   description: Phase of Gaussian 2 component
#   meta:
#     ucd: time.phase
# - 
#   name: geom_model_gaussian2_phase_error
#   datatype: float32
#   description: "Uncertainty of \\texttt{geomModelGaussian2Phase}"
#   meta:
#     ucd: stat.error;time.phase
# - 
#   name: geom_model_gaussian2_sigma
#   datatype: float32
[...]
#   datatype: float32
#   description: "Secondary eclipse: uncertainty of \\texttt{derivedSecondaryEclDuration}"
#   meta:
#     ucd: stat.error;time.duration
# - 
#   name: derived_secondary_ecl_depth
#   datatype: float32
#   unit: mag
#   description: "Secondary eclipse: depth"
#   meta:
#     ucd: src.var.amplitude
# - 
#   name: derived_secondary_ecl_depth_error
#   datatype: float32
#   unit: mag
#   description: "Secondary eclipse: uncertainty of \\texttt{derivedSecondaryEclDepth}"
#   meta:
#     ucd: stat.error;src.var.amplitude
solution_id,source_id,global_ranking,reference_time,frequency,frequency_error,geom_model_reference_level,geom_model_reference_level_error,geom_model_gaussian1_phase,geom_model_gaussian1_phase_error,geom_model_gaussian1_sigma,geom_model_gaussian1_sigma_error,geom_model_gaussian1_depth,geom_model_gaussian1_depth_error,geom_model_gaussian2_phase,geom_model_gaussian2_phase_error,geom_model_gaussian2_sigma,geom_model_gaussian2_sigma_error,geom_model_gaussian2_depth,geom_model_gaussian2_depth_error,geom_model_cosine_half_period_amplitude,geom_model_cosine_half_period_amplitude_error,geom_model_cosine_half_period_phase,geom_model_cosine_half_period_phase_error,model_type,num_model_parameters,reduced_chi2,derived_primary_ecl_phase,derived_primary_ecl_phase_error,derived_primary_ecl_duration,derived_primary_ecl_duration_error,derived_primary_ecl_depth,derived_primary_ecl_depth_error,derived_secondary_ecl_phase,derived_secondary_ecl_phase_error,derived_secondary_ecl_duration,derived_secondary_ecl_duration_error,derived_secondary_ecl_depth,derived_secondary_ecl_depth_error
[from data line 108]
375316653866487564,5870340375116687744,0.4804154,2324.2653063887747,3.5520668123202332,1.1359028E-5,18.800232,0.015549138,0.16828392,0.0033452471,0.086674735,0.008605558,0.2889465,0.01907313,0.6517095,0.0071832305,0.09479287,0.011084861,0.2563263,0.016614301,null,null,null,null,"TWOGAUSSIANS",8,8.5079,0.16828392,0.0033452471,0.4,0.0,0.2795223,0.019488247,0.6517095,0.0071832305,0.4,0.0,0.24690147,0.014142473
375316653866487564,5870340619962078592,0.41694558,2432.4194113524445,1.9963307231314378,4.9442875E-5,17.089916,0.011276652,0.15288067,0.019230219,0.043361485,0.02107517,0.18963078,0.6644228,0.7912736,0.0019704502,0.02672028,0.0030272475,0.8921632,0.3711488,null,null,null,null,"TWOGAUSSIANS",8,19.064714,0.7912736,0.0019704502,0.14963357,0.016952585,0.8921632,0.3711488,0.15288067,0.019230219,0.24282432,0.11802096,0.18963078,0.6644228
375316653866487564,5870341238381899008,0.5023762,2274.5691655261016,2.845554504707739,9.158484E-6,19.606873,0.020139378,0.24743408,0.0038687403,0.082310945,0.005562271,0.38729468,0.02572889,0.73470384,0.004148048,0.086434804,0.006918952,0.45579123,0.020080728,null,null,null,null,"TWOGAUSSIANS",8,3.5969086,0.73470384,0.004148048,0.4,0.0,0.44746774,0.016765095,0.24743408,0.0038687403,0.4,0.0,0.37897125,0.023433503
375316653866487564,5870341783846954880,0.65592897,2292.215386319916,0.23644982945654744,1.784078E-6,18.301731,0.0016530142,0.3119922,3.75053E-4,0.024124265,4.7616518E-4,1.5877824,0.030188525,0.8130693,0.0017495378,0.021862913,0.0028759704,0.1327142,0.012957994,0.017389776,0.0027113797,0.3119922,3.75053E-4,"TWOGAUSSIANS_WITH_ELLIPSOIDAL_ON_ECLIPSE1",9,2.308825,0.3119922,3.75053E-4,0.13509588,0.002666525,1.6225619,0.030621734,0.8130693,0.0017495378,0.12243231,0.016105434,0.16749215,0.013473707
375316653866487564,5870341822496897920,0.50844693,2286.753664959528,2.625636820928997,9.052893E-6,19.31045,0.014127403,0.2334129,0.004765999,0.09002128,0.0064592245,0.34872916,0.016632784,0.7315887,0.003906847,0.090910636,0.0064163986,0.35685325,0.014613068,null,null,null,null,"TWOGAUSSIANS",8,3.4665558,0.7315887,0.003906847,0.4,0.0,0.34178343,0.011718289,0.2334129,0.004765999,0.4,0.0,0.3336594,0.014327306
375316653866487564,5870342166094247808,0.5405451,2274.4846035729947,1.7089131733088023,4.5647166E-6,19.74388,0.005718168,0.2537123,0.0013032556,0.05403286,0.0012430318,0.8296532,0.031384513,0.7507938,0.006030637,0.061868455,0.007061858,0.255295,0.014981094,null,null,null,null,"TWOGAUSSIANS",8,2.0612316,0.2537123,0.0013032556,0.30258402,0.0069609783,0.8295821,0.0313893,0.7507938,0.006030637,0.34646335,0.039546404,0.2552239,0.014995093
375316653866487564,5870342922009424512,0.47503397,2317.807606784378,4.049119403242076,1.2645377E-5,19.667786,0.03173622,0.20268348,0.005018426,0.09482529,0.016160717,0.3118587,0.021304896,0.7303007,0.0042548017,0.09130693,0.011174262,0.29867214,0.031403232,null,null,null,null,"TWOGAUSSIANS",8,2.3205082,0.20268348,0.005018426,0.4,0.0,0.30087182,0.016045364,0.7303007,0.0042534242,0.4,0.0,0.2876861,0.021974089
375316653866487564,5870343368685323776,0.5120465,2287.4319587418076,2.2717439905141097,5.2982973E-6,19.391571,0.009340395,0.27423316,0.0029831885,0.07571292,0.0046902783,0.32714003,0.017260594,0.76748455,0.0036734084,0.08061807,0.006019332,0.32622674,0.012124253,null,null,null,null,"TWOGAUSSIANS",8,2.181149,0.27423316,0.0029831885,0.4,0.0,0.32372615,0.01742854,0.76748455,0.0036734084,0.4,0.0,0.32281283,0.012225308
375316653866487564,5870344090240651904,0.5058263,2381.322750436391,2.7774135340653934,3.9141305E-6,18.723171,0.011401303,0.32695472,0.001072099,0.032002628,0.001743936,0.59555286,0.028570458,0.8258681,0.003239373,0.028096061,0.0041982783,0.2475263,0.07267287,0.027020188,0.01278818,0.8258681,0.003239373,"TWOGAUSSIANS_WITH_ELLIPSOIDAL_ON_ECLIPSE2",9,14.982328,0.3269447,0.0010647869,0.17921472,0.009766041,0.6495907,0.024315963,0.8258681,0.003239373,0.15733795,0.023510357,0.30156657,0.07050998
375316653866487564,5870344365117899520,0.46614063,2327.459593505764,2.7631461194545137,1.0498023E-5,19.5051,0.011363721,0.24129845,0.006167505,0.07125596,0.0063906563,0.39942056,0.034569193,0.75667006,0.0068574566,0.07085023,0.0067715156,0.44270414,0.034528684,null,null,null,null,"TWOGAUSSIANS",8,7.7000256,0.75667006,0.0068574566,0.3967613,0.021398554,0.441533,0.03457041,0.24129845,0.006167505,0.39903337,0.025292277,0.39824942,0.034782305
375316653866487564,5870344468252661632,0.4745626,2319.97063230682,1.1713959876306501,1.1161969E-5,17.572344,0.01686429,0.20959328,0.005463267,0.12774698,0.021891166,0.07552468,0.016486488,0.7025641,0.0044469847,0.10867988,0.016251804,0.08448075,0.015752908,null,null,null,null,"TWOGAUSSIANS",8,2.5243683,0.7025641,0.0044469847,0.4,0.0,0.06869418,0.0032309864,0.20960328,0.0054630195,0.4,0.0,0.05966981,0.00279861
375316653866487564,5870344811794562304,0.4726489,2363.3034372033094,0.1008789188115694,9.973746E-7,19.135777,0.014488669,0.7123166,0.13592294,0.17919171,0.17202173,0.034892898,0.012294164,0.8345307,0.0023451864,0.006041691,0.0013526861,0.53906286,0.12487006,null,null,null,null,"TWOGAUSSIANS",8,4.368964,0.8345307,0.0023451864,0.03383347,0.007575042,0.56529254,0.1132514,0.7123166,0.13592294,0.4,0.0,0.033470258,0.009746246
375316653866487564,5870345116761916800,0.4557256,2380.934770830487,0.883200020739673,1.4045769E-5,18.942642,0.009734898,0.26435116,0.008216191,0.084253065,0.009016018,0.1632802,0.014095326,0.76237655,0.0061893286,0.08480974,0.010696562,0.12667194,0.009674741,null,null,null,null,"TWOGAUSSIANS",8,3.3296897,0.26435116,0.008216191,0.4,0.0,0.15978213,0.012990143,0.76237655,0.0061893286,0.4,0.0,0.12317386,0.007996555
375316653866487564,5870345224167082496,0.49686414,2384.1835194444,2.28106963825585,1.0008657E-5,19.02577,0.022778908,0.197213,0.0042303107,0.10059878,0.00875368,0.304872,0.02138483,0.7088531,0.003533242,0.106689624,0.008389481,0.29816934,0.022337107,null,null,null,null,"TWOGAUSSIANS",8,3.737901,0.197203,0.0042305854,0.4,0.0,0.2762415,0.010953017,0.7088531,0.0035356942,0.4,0.0,0.26953048,0.013898813
375316653866487564,5870345395912327680,0.54908437,2383.013433511183,2.667321884906184,7.6464685E-6,19.350021,0.007466544,0.25207454,0.0024749837,0.07079325,0.002557124,0.49431056,0.020371504,0.75514454,0.002340372,0.07392418,0.002800844,0.52030855,0.015306284,null,null,null,null,"TWOGAUSSIANS",8,2.5936043,0.75514454,0.002340372,0.4,0.0,0.5178967,0.015330911,0.25207454,0.0024749837,0.3964422,0.013007183,0.49189872,0.020347647
375316653866487564,5870345602070804480,0.4393043,2463.716043591408,2.6490527630320506,1.4821391E-5,17.803188,1.2421598,0.27738526,0.008196788,0.1265593,0.25134283,0.2757313,1.2136935,0.78236127,0.009586342,0.08523114,0.108406976,0.22650732,0.75143886,null,null,null,null,"TWOGAUSSIANS",8,28.259071,0.27738526,0.00786887,0.4,0.0,0.2466287,0.025293421,0.78239125,0.015465822,0.4,0.0,0.19763231,0.030221479
375316653866487564,5870345907012701312,0.4761812,2403.981977295976,0.10464380825766606,5.460308E-6,18.502625,0.0034321046,0.19856727,7.0309434E-5,0.001675294,3.067195E-5,2.3237698,0.17337717,0.81175375,0.038570683,0.06600333,0.0284256,0.02828337,0.011240005,null,null,null,null,"TWOGAUSSIANS",8,5.379963,0.19856727,7.0309434E-5,0.009381646,1.717629E-4,2.3237698,0.17337717,0.81175375,0.038570683,0.36961862,0.15918335,0.02828337,0.011240005
375316653866487564,5870346357985998592,0.56467044,2419.0298907387696,3.9885379106888625,3.4038953E-6,18.855988,0.011974748,0.16906714,0.0018676898,0.04840104,0.0052025467,0.28520575,0.030052066,0.66736746,0.008769155,0.03638895,0.013643551,0.5551705,1.979419,0.12254438,0.019215304,0.16906714,0.0018676898,"TWOGAUSSIANS_WITH_ELLIPSOIDAL_ON_ECLIPSE1",9,2.9211884,0.66743743,0.008691061,0.2037781,0.076403886,0.8002319,1.9794116,0.16906714,0.0018676898,0.27104583,0.029134262,0.5302938,0.012345627
375316653866487564,5870346426704772992,0.5282864,2384.0020913996027,2.5924804261261274,8.29965E-6,19.43033,0.0118600335,0.25097683,0.002903927,0.09500631,0.0041948576,0.41706008,0.014319782,0.74908596,0.0026844053,0.09252715,0.0045835865,0.41821668,0.014496574,null,null,null,null,"TWOGAUSSIANS",8,2.476575,0.74908596,0.0026844053,0.4,0.0,0.39496404,0.014585308,0.25097683,0.002903927,0.4,0.0,0.39380702,0.0121986875
375316653866487564,5870347010873862144,0.5303049,2402.9261950344608,1.2794463589253215,7.1005625E-6,17.719227,0.18045072,0.26710626,0.0033610594,0.13803783,0.042204633,0.19699767,0.1660411,0.7638291,0.002198121,0.1528696,0.056517333,0.20233342,0.1753904,null,null,null,null,"TWOGAUSSIANS",8,1.9867367,0.7638291,0.002198121,0.4,0.0,0.113569595,0.003095208,0.26737624,0.0031028322,0.4,0.0,0.10960228,0.0037766432
375316653866487564,5870347079593353600,0.49512863,2426.0893743155048,0.029485286999302165,1.038193E-5,11.805973,0.0072848187,0.2068194,0.0013944982,0.023975365,0.002082276,0.4572297,0.03757815,0.46797332,0.021728722,0.027675645,0.014717368,0.13772467,0.064591244,0.024286991,0.012316928,0.2068194,0.0013944982,"TWOGAUSSIANS_WITH_ELLIPSOIDAL_ON_ECLIPSE1",9,2003.8898,0.2068194,0.0013944982,0.13426204,0.011660744,0.50580364,0.038063012,0.46821332,0.024166036,0.15498362,0.082417265,0.13796797,0.06317507
375316653866487564,5870347212700146560,0.57945013,2389.508479742337,0.4176923430492595,2.3142031E-6,18.201546,0.003280808,0.27212676,3.978206E-4,0.028909933,6.246618E-4,0.6057898,0.012846478,0.7754148,0.0025926535,0.030712875,0.0032707711,0.14178984,0.01289011,0.01851147,0.0049972525,0.27212676,3.978206E-4,"TWOGAUSSIANS_WITH_ELLIPSOIDAL_ON_ECLIPSE1",9,2.7841356,0.27212676,3.978206E-4,0.16189562,0.003498106,0.64281267,0.013408125,0.7754148,0.0025926535,0.1719921,0.018316317,0.17879696,0.012099024
375316653866487564,5870347320111539328,0.59621483,2389.1036066091083,0.5041113010742095,2.1315036E-6,16.851933,0.002095989,0.26163,4.8642114E-4,0.042691633,7.334612E-4,0.3282479,0.0048069404,0.77085084,0.002384764,0.032736756,0.0029749512,0.060508247,0.0047596353,0.012524393,0.0028471297,0.26163,4.8642114E-4,"TWOGAUSSIANS_WITH_ELLIPSOIDAL_ON_ECLIPSE1",9,5.0780377,0.26163,4.8642114E-4,0.23907314,0.0041073826,0.35329667,0.003706205,0.77085084,0.002384764,0.18332584,0.016659725,0.08547302,0.003134522
375316653866487564,5870347560576864256,0.5509419,2402.8141584392756,2.4373799640459968,6.2177896E-6,19.757338,0.0077622114,0.243733,0.0026751207,0.06925971,0.0029403172,0.50960904,0.020698633,0.7377177,0.0021329022,0.07064622,0.0023058678,0.5465152,0.020759791,null,null,null,null,"TWOGAUSSIANS",8,1.7944798,0.7377177,0.0021329022,0.3956188,0.012456178,0.54499114,0.020789659,0.243733,0.0026751207,0.38785437,0.016465776,0.50808495,0.020857306
375316653866487564,5870349141125053568,0.44003674,2421.018630158455,0.6989733589728462,1.9731575E-5,18.63343,0.0034135145,0.27045038,0.0068715913,0.033305876,0.0066517894,0.253396,0.046316177,0.7713468,0.0077100727,0.035121813,0.0071322424,0.0620824,0.009365782,null,null,null,null,"TWOGAUSSIANS",8,5.7451353,0.27045038,0.0068715913,0.1865129,0.03725002,0.253396,0.046316177,0.7713468,0.0077100727,0.19668216,0.03994056,0.0620824,0.009365782
375316653866487564,5870349927118858752,0.5497676,2401.046255105285,3.955713974580457,3.6650526E-6,19.246027,0.0057754847,0.21307632,0.0017221333,0.07999614,0.0025472627,0.42989513,0.0090300795,0.71208984,0.0016381147,0.07604439,0.0020484808,0.48976275,0.008315102,null,null,null,null,"TWOGAUSSIANS",8,1.9920232,0.71208984,0.0016381147,0.4,0.0,0.48447445,0.008070796,0.21307632,0.0017221333,0.4,0.0,0.42460683,0.008970262
375316653866487564,5870350034477346176,0.57547927,2343.3725675278324,1.203289770911614,4.083361E-6,18.73735,0.003703732,0.29392108,8.8962604E-4,0.03840717,8.7657216E-4,0.59313166,0.0031658001,0.7961714,0.006455314,0.04648397,0.00958679,0.09422422,0.0060345223,null,null,null,null,"TWOGAUSSIANS",8,2.2372637,0.29392108,8.8962604E-4,0.21508014,0.004908804,0.59313166,0.00316578,0.7961714,0.006455314,0.26031023,0.053686023,0.09422421,0.006034522
375316653866487564,5870350034530873216,0.5941016,2357.1321879757934,1.1915258993093492,5.9218823E-6,15.585124,0.0047030514,0.306301,0.0016696765,0.07715714,0.0017161107,0.5000455,0.010509729,0.8119811,8.668355E-4,0.06862996,0.0018934387,0.2845485,0.004998051,null,null,null,null,"TWOGAUSSIANS",8,68.207954,0.306301,0.0016696765,0.4,0.0,0.49818096,0.010470756,0.8119811,8.668355E-4,0.38432777,0.010603257,0.28268394,0.0048131566
375316653866487564,5870350275049104128,0.5765532,2397.9315725707497,3.4395428588194714,4.8524753E-6,18.703611,0.0073596463,0.25790372,0.0017224433,0.047352407,0.002893741,0.36765903,0.025985723,0.756253,0.0018669465,0.050900318,0.0032656915,0.27879393,0.017376596,0.10707248,0.00915171,0.25790372,0.0017224433,"TWOGAUSSIANS_WITH_ELLIPSOIDAL_ON_ECLIPSE1",9,4.1840734,0.25790372,0.0017224433,0.26517347,0.01620495,0.5818022,0.020481018,0.756473,0.0015511248,0.28504178,0.018287873,0.4929172,0.012762772
375316653866487564,5870350786112619520,0.5410649,2411.705797833336,2.186082801203581,8.055404E-6,17.664103,0.00471617,0.2361026,0.003128433,0.07829401,0.0039442363,0.21147323,0.007567761,0.7288845,0.0024932344,0.08936787,0.0030660364,0.29972717,0.007787668,null,null,null,null,"TWOGAUSSIANS",8,7.357444,0.7288845,0.0024932344,0.4,0.0,0.2944978,0.0075878594,0.2361026,0.003128433,0.4,0.0,0.20624393,0.007544656
375316653866487564,5870350889175176832,0.44184873,2398.127605025832,0.4521536692946502,3.099397E-5,18.04525,0.00801967,0.29265803,0.010365882,0.07219368,0.034217536,0.07841541,0.012854917,0.7934801,0.018369004,0.069284186,0.020963928,0.025314318,0.008902013,null,null,null,null,"TWOGAUSSIANS",8,5.5797215,0.29265803,0.010365882,0.4,0.08227523,0.07824625,0.014361025,0.7934801,0.018369004,0.38799143,0.071364745,0.025145158,0.007491491
375316653866487564,5870350962190508288,0.43910557,2399.5785079749035,2.419464536566273,2.0623726E-5,18.978262,0.14378375,0.21782844,0.012975421,0.13902111,0.0466402,0.16331688,0.14130065,0.69933677,0.007411475,0.1363259,0.030476369,0.21531694,0.1332542,null,null,null,null,"TWOGAUSSIANS",8,4.5008783,0.69933677,0.007411475,0.4,0.0,0.15254438,0.009611301,0.21863845,0.012192979,0.4,0.0,0.100562036,0.008232738
375316653866487564,5870351065270142848,0.4820205,2336.5740652405593,3.608081921374798,1.28138545E-5,19.111979,0.03316631,0.29602376,0.0036959853,0.106001765,0.01294445,0.26355183,0.030177651,0.7961682,0.00712833,0.109008476,0.01993175,0.2196898,0.028338468,null,null,null,null,"TWOGAUSSIANS",8,2.838366,0.29602376,0.0036959853,0.4,0.0,0.2314818,0.010508003,0.7961682,0.00712833,0.4,0.0,0.18761568,0.014583494
375316653866487564,5870351198410307712,0.5594724,2387.797895342708,0.6007189373150305,3.1911184E-6,17.068672,0.001147369,0.17737432,0.0062333387,0.03544239,0.0043982957,0.04739419,0.0051167565,0.6838976,6.1107374E-4,0.036525264,0.0018817545,0.2501167,0.0064288853,null,null,null,null,"TWOGAUSSIANS",8,5.0096645,0.6838976,6.1107374E-4,0.20454147,0.0105378255,0.2501167,0.0064288853,0.17737432,0.0062333387,0.19847737,0.024630457,0.04739419,0.0051167565
375316653866487564,5870351443280244608,0.6064156,2398.035671091937,0.9654571956184366,2.0101927E-6,17.833553,0.0028587908,0.20528875,0.0033564502,0.039189264,0.0038934979,0.050629407,0.008115914,0.70725447,7.0942537E-4,0.04116481,9.786589E-4,0.44501802,0.008425203,0.016117973,0.0035732677,0.20528875,0.0033564502,"TWOGAUSSIANS_WITH_ELLIPSOIDAL_ON_ECLIPSE1",9,3.2406464,0.70725447,7.0942537E-4,0.23052295,0.0054804897,0.47724903,0.007528027,0.20528875,0.0033564502,0.21945988,0.02180359,0.08286532,0.004991914
