Gaia/vari_eclipsing_binary/VariEclipsingBinary_461659-461672.csv
# %ECSV 1.0
# ---
# delimiter: ','
# meta: !!omap
# - RELEASE: Gaia DR3
# - TABLE: vari_eclipsing_binary
# - DESCRIPTION: >
#     This table describes the properties of the eclipsing binaries resulting from the variability analysis. 
# - CITATION: >
#     How to cite and acknowledge Gaia: 
#     https://gea.esac.esa.int/archive/documentation/credits.html 
# - KNOWN_ISSUES: >
#     Known issues: 
#     https://www.cosmos.esa.int/web/gaia-users/known-issues 
# - DOCUMENTATION: >
#     Tutorials and documentation: 
#     https://www.cosmos.esa.int/web/gaia-users/archive 
# datatype:
# - 
#   name: solution_id
#   datatype: int64
#   description: Solution Identifier
#   meta:
#     ucd: meta.version
# - 
#   name: source_id
#   datatype: int64
#   description: Unique source identifier
#   meta:
#     ucd: meta.id;meta.main
# - 
#   name: global_ranking
#   datatype: float32
#   description: Number between 0 (worst) and 1 (best)
#   meta:
#     ucd: stat.param
# - 
#   name: reference_time
#   datatype: float64
#   unit: d
#   description: Reference time used for the geometric model fit
#   meta:
#     ucd: time.epoch
# - 
#   name: frequency
#   datatype: float64
#   unit: d**-1
#   description: Frequency of geometric model of the eclipsing binary light curve
#   meta:
#     ucd: src.orbital
# - 
#   name: frequency_error
#   datatype: float32
#   unit: d**-1
#   description: "Uncertainty of \\texttt{frequency}"
#   meta:
#     ucd: stat.error
# - 
#   name: geom_model_reference_level
#   datatype: float32
#   unit: mag
#   description: Magnitude reference level of geometric model
#   meta:
#     ucd: phot.mag;em.opt
# - 
#   name: geom_model_reference_level_error
#   datatype: float32
#   unit: mag
#   description: "Uncertainty of \\texttt{geomModelReferenceLevel}"
#   meta:
#     ucd: stat.error;phot.mag;em.opt
# - 
#   name: geom_model_gaussian1_phase
#   datatype: float32
#   description: Phase of the Gaussian 1 component
#   meta:
#     ucd: time.phase
# - 
#   name: geom_model_gaussian1_phase_error
#   datatype: float32
#   description: "Uncertainty of \\texttt{geomModelGaussian1Phase}"
#   meta:
#     ucd: stat.error;time.phase
# - 
#   name: geom_model_gaussian1_sigma
#   datatype: float32
#   description: "Standard deviation [phase] of Gaussian 1 component"
#   meta:
#     ucd: stat.stdev
# - 
#   name: geom_model_gaussian1_sigma_error
#   datatype: float32
#   description: "Uncertainty of \\texttt{geomModelGaussian1Sigma}"
#   meta:
#     ucd: stat.error
# - 
#   name: geom_model_gaussian1_depth
#   datatype: float32
#   unit: mag
#   description: Magnitude depth of Gaussian 1 component
#   meta:
#     ucd: src.var.amplitude
# - 
#   name: geom_model_gaussian1_depth_error
#   datatype: float32
#   unit: mag
#   description: "Uncertainty of \\texttt{geomModelGaussian1Depth}"
#   meta:
#     ucd: stat.error;src.var.amplitude
# - 
#   name: geom_model_gaussian2_phase
#   datatype: float32
#   description: Phase of Gaussian 2 component
#   meta:
#     ucd: time.phase
# - 
#   name: geom_model_gaussian2_phase_error
#   datatype: float32
#   description: "Uncertainty of \\texttt{geomModelGaussian2Phase}"
#   meta:
#     ucd: stat.error;time.phase
# - 
#   name: geom_model_gaussian2_sigma
#   datatype: float32
[...]
#   datatype: float32
#   description: "Secondary eclipse: uncertainty of \\texttt{derivedSecondaryEclDuration}"
#   meta:
#     ucd: stat.error;time.duration
# - 
#   name: derived_secondary_ecl_depth
#   datatype: float32
#   unit: mag
#   description: "Secondary eclipse: depth"
#   meta:
#     ucd: src.var.amplitude
# - 
#   name: derived_secondary_ecl_depth_error
#   datatype: float32
#   unit: mag
#   description: "Secondary eclipse: uncertainty of \\texttt{derivedSecondaryEclDepth}"
#   meta:
#     ucd: stat.error;src.var.amplitude
solution_id,source_id,global_ranking,reference_time,frequency,frequency_error,geom_model_reference_level,geom_model_reference_level_error,geom_model_gaussian1_phase,geom_model_gaussian1_phase_error,geom_model_gaussian1_sigma,geom_model_gaussian1_sigma_error,geom_model_gaussian1_depth,geom_model_gaussian1_depth_error,geom_model_gaussian2_phase,geom_model_gaussian2_phase_error,geom_model_gaussian2_sigma,geom_model_gaussian2_sigma_error,geom_model_gaussian2_depth,geom_model_gaussian2_depth_error,geom_model_cosine_half_period_amplitude,geom_model_cosine_half_period_amplitude_error,geom_model_cosine_half_period_phase,geom_model_cosine_half_period_phase_error,model_type,num_model_parameters,reduced_chi2,derived_primary_ecl_phase,derived_primary_ecl_phase_error,derived_primary_ecl_duration,derived_primary_ecl_duration_error,derived_primary_ecl_depth,derived_primary_ecl_depth_error,derived_secondary_ecl_phase,derived_secondary_ecl_phase_error,derived_secondary_ecl_duration,derived_secondary_ecl_duration_error,derived_secondary_ecl_depth,derived_secondary_ecl_depth_error
[from data line 110]
375316653866487564,4060829632100147840,0.55006117,2385.9275908218247,0.43725209814573973,1.658228E-5,16.268616,0.001253901,0.30054376,0.044935476,0.020918757,0.018483354,0.103097156,0.03353388,0.7993228,0.008856812,0.022529077,0.009783911,0.207329,0.34700048,null,null,null,null,"TWOGAUSSIANS",8,7.599586,0.7993228,0.008856812,0.12616283,0.0547899,0.207329,0.34700048,0.30054376,0.044935476,0.11714504,0.10350678,0.103097156,0.03353388
375316653866487564,4060829700805094784,0.47439092,2480.5017154349307,1.0190018107341596,6.098674E-5,19.527555,0.006927727,0.18028623,7.398953E-4,0.026998404,0.008983179,0.19117902,0.21918094,0.5441337,0.01569989,0.030524101,0.0100529175,0.30123475,0.0575347,null,null,null,null,"TWOGAUSSIANS",8,1.6290256,0.5441337,0.01569989,0.17093496,0.056296337,0.30123475,0.0575347,0.18028623,7.398953E-4,0.15119107,0.050305802,0.19117902,0.21918094
375316653866487564,4060829765201060736,0.6086039,2401.0603566198342,1.3617389135633833,5.1844027E-6,17.025251,0.005634593,0.29407597,0.0041088634,0.083529994,0.0065959184,0.13229278,0.005542889,0.7737983,0.0017191898,0.090856,0.0030938324,0.22175448,0.0056902776,null,null,null,null,"TWOGAUSSIANS",8,2.2352886,0.7737983,0.0017191898,0.4,0.0,0.21772811,0.004614333,0.29407597,0.0041088634,0.4,0.0,0.12826662,0.004542717
375316653866487564,4060830010043006592,0.5256087,2400.0644910730043,3.047997348463125,2.588917E-5,19.800623,0.01143848,0.18923986,0.0055656247,0.032943368,0.0051801237,0.35307637,0.05423094,0.68056357,0.024830101,0.02778686,0.014832282,0.77368194,0.28649658,null,null,null,null,"TWOGAUSSIANS",8,3.7606578,0.68056357,0.024830101,0.15560642,0.083060786,0.77368194,0.28649658,0.18923986,0.0055656247,0.18448286,0.029008694,0.35307637,0.05423094
375316653866487564,4060830181841401344,0.44850138,2442.720019382055,1.2432688079916654,1.32726345E-5,19.29036,0.028211974,0.19431631,0.022542162,0.12010078,0.040211406,0.1187671,0.03174676,0.7310568,7.7116815E-4,0.04635701,0.0036144836,0.41803753,0.022001093,null,null,null,null,"TWOGAUSSIANS",8,2.387741,0.7310668,7.535198E-4,0.25959927,0.020241108,0.41650733,0.017837256,0.19431631,0.022542162,0.4,0.0,0.117161624,0.028108424
375316653866487564,4060830319275335424,0.43681082,2456.2241703721593,4.291559078063421,5.967084E-5,18.039825,0.022317445,0.23932964,1.6433558E-4,0.010286858,9.3274674E-4,0.9105058,0.1241345,0.7296518,0.03770096,0.08036714,0.049638268,0.17201154,0.059919488,null,null,null,null,"TWOGAUSSIANS",8,6.75867,0.23932964,1.6433558E-4,0.057606407,0.005223382,0.9105057,0.12413443,0.7296518,0.03770096,0.4,0.16908507,0.1720115,0.05992127
375316653866487564,4060830353635480064,0.56207633,2365.369629379884,0.9433559799335058,8.00055E-6,17.888033,0.0046215146,0.2401006,0.021178693,0.04497292,0.041036673,0.06674791,0.017025676,0.74318796,0.0019035627,0.04126158,0.0020137494,0.3688384,0.016352016,null,null,null,null,"TWOGAUSSIANS",8,6.487939,0.74318796,0.0019035627,0.23106484,0.011276997,0.3688384,0.0163516,0.2401006,0.021178693,0.25184834,0.22980537,0.066747904,0.017030641
375316653866487564,4060830456719742080,0.46287498,2415.585245370349,2.8933413301438877,2.633055E-5,19.386963,0.032731306,0.28885493,0.009275125,0.0694982,0.013707741,0.3662991,0.042533945,0.7513066,0.0060140085,0.055599708,0.010122804,0.3479085,0.035444777,null,null,null,null,"TWOGAUSSIANS",8,10.377436,0.28885493,0.009275125,0.38918996,0.05736093,0.36622944,0.042481624,0.7513066,0.0060140085,0.31135836,0.0566877,0.34783888,0.035379354
375316653866487564,4060830559798984192,0.4242337,2427.5641788976277,1.3895693333951333,3.1379936E-5,18.799923,0.009126556,0.17545895,0.014474117,0.042594496,0.04449363,0.011366465,0.018404016,0.41153693,0.009994518,0.054058373,0.010678399,0.17836975,0.060690276,0.04484566,0.011995047,0.17545895,0.014474117,"TWOGAUSSIANS_WITH_ELLIPSOIDAL_ON_ECLIPSE1",9,6.2408757,0.41153693,0.009994518,0.3027269,0.059799038,0.17905352,0.06079997,0.17553894,0.014504622,0.23852919,0.24916433,0.101069935,0.025667949
375316653866487564,4060830589848259200,0.4201156,2421.774764086891,3.807383892290846,4.3345874E-5,18.979177,0.016808257,0.2125346,0.018366138,0.1273359,0.03449937,0.15428276,0.030255249,0.88493264,0.049481723,0.02954125,0.03842043,0.09340079,0.04750538,null,null,null,null,"TWOGAUSSIANS",8,3.3337638,0.2125346,0.0183485,0.4,0.0,0.1541443,0.030526178,0.8860127,0.06526839,0.165431,0.21515441,0.09896089,0.048729707
375316653866487564,4060830658554459648,0.608289,2365.1051259896494,0.353952909689698,9.906984E-6,17.604256,0.0026172244,0.19481654,0.029677786,0.11369728,0.024995409,0.014278524,0.0044272444,0.7151713,0.0019201713,0.026665376,0.0024997713,0.37275004,0.007231508,null,null,null,null,"TWOGAUSSIANS",8,2.423859,0.7151713,0.0019201713,0.14932612,0.01399872,0.37271228,0.007214778,0.19481654,0.029677786,0.4,0.0,0.014238403,0.004403041
375316653866487564,4060830869051271040,0.4897212,2407.3464230777063,1.0798829814612907,4.1103554E-5,15.918161,0.0014605145,0.258159,0.007972734,0.025946574,0.008695493,0.030361995,0.009824583,0.7544389,0.0046572126,0.04025425,0.0077411854,0.072075054,0.018136771,null,null,null,null,"TWOGAUSSIANS",8,4.58048,0.7544389,0.0046572126,0.2254238,0.043350637,0.072075054,0.018136771,0.258159,0.007972734,0.14530082,0.048694763,0.030361995,0.009824583
375316653866487564,4060831242683029760,0.4331171,2463.9421837753025,1.4173806676404004,1.0966555E-5,19.534983,0.012422634,0.18209086,0.0025150352,0.030117547,0.0019187063,0.7693467,0.08979506,0.42507243,0.0068597463,0.014919449,0.02658015,0.947036,1.2131402,null,null,null,null,"TWOGAUSSIANS",8,3.5724308,0.42507243,0.0068597463,0.08354891,0.14884883,0.947036,1.2131402,0.18209086,0.0025150352,0.16865826,0.010744756,0.7693467,0.08979506
375316653866487564,4060831556229516672,0.53848886,2441.3289968787453,2.2320354929467667,1.7341841E-5,19.088875,0.0113106305,0.30308133,0.008385255,0.07228358,0.008587297,0.74031216,0.077027135,0.7988287,0.0047044517,0.060369935,0.005721103,0.6655879,0.05395445,null,null,null,null,"TWOGAUSSIANS",8,7.5299172,0.30308133,0.008385255,0.4,0.02902731,0.73928905,0.077400416,0.7988287,0.0047044517,0.33807164,0.032038175,0.6645648,0.05432479
375316653866487564,4060831586287424512,0.50705594,2407.9816871873577,0.6977656690761641,5.099601E-5,18.797562,0.005606008,0.376239,0.04502948,0.025416346,0.029594185,0.028258195,1.701131,0.7904771,9.587238E-5,0.008249256,1.8249868E-4,1.0387616,0.045303766,null,null,null,null,"TWOGAUSSIANS",8,4.964161,0.7904771,9.587238E-5,0.04619583,0.0010219926,1.0387616,0.045303766,0.376239,0.04502948,0.14233154,0.16572744,0.028258195,1.701131
375316653866487564,4060831865461729664,0.42940146,2484.99829202413,0.931842055744068,1.8666543E-4,18.576519,0.0138370935,0.23759043,0.012807802,0.051537436,0.0112851225,0.20756784,0.07080411,0.72964716,0.021364657,0.05416554,0.044907507,0.3206509,0.18889824,null,null,null,null,"TWOGAUSSIANS",8,6.6615925,0.72964716,0.021364657,0.30332702,0.12677416,0.3206459,0.1899482,0.23759043,0.012807802,0.28860965,0.06319669,0.20756283,0.07073687
375316653866487564,4060831899843597952,0.4752122,2387.977811086782,0.2224435058448855,1.0502394E-4,14.107831,0.0030736544,0.19399734,0.02418162,0.034374453,0.02717639,0.11717741,0.18658744,0.7064522,0.006256698,0.02956288,0.005244699,0.23133154,0.06961818,null,null,null,null,"TWOGAUSSIANS",8,174.94965,0.7064522,0.006256698,0.16555212,0.029370315,0.23133154,0.06961818,0.19399734,0.02418162,0.19249694,0.15218778,0.11717741,0.18658744
375316653866487564,4060832174721596032,0.58486044,2396.653757106346,2.148807854470554,6.568814E-6,16.202251,0.008471414,0.17249744,0.0019844428,0.08778091,0.003923071,0.26835617,0.008228943,0.6712263,0.0017689678,0.095962234,0.004613098,0.24431282,0.0078426,null,null,null,null,"TWOGAUSSIANS",8,10.836657,0.17249744,0.0019844428,0.4,0.0,0.25600755,0.006051426,0.6712263,0.0017689678,0.4,0.0,0.23196362,0.006232
375316653866487564,4060832209059438720,0.5538782,2414.7538083181876,2.46804385213462,1.5831141E-5,19.112333,0.029048609,0.27351135,0.0039787656,0.04093794,0.009451428,0.33281094,0.05625377,0.7644194,0.0054977834,0.052744847,0.012469676,0.36370438,0.108647436,0.13390237,0.03797184,0.27351135,0.0039787656,"TWOGAUSSIANS_WITH_ELLIPSOIDAL_ON_ECLIPSE1",9,8.531408,0.76567936,0.0053253635,0.29537115,0.06983019,0.6307527,0.09422656,0.27351135,0.0039787656,0.22925246,0.052928,0.600611,0.031975687
375316653866487564,4060832243419143424,0.53232783,2394.0223600057016,2.845470199271738,1.37496245E-5,17.319292,0.021595242,0.2690677,0.00642863,0.09343996,0.010605546,0.29188538,0.02177413,0.7743689,0.0035214848,0.091537155,0.008072107,0.27437317,0.02058967,null,null,null,null,"TWOGAUSSIANS",8,18.434652,0.2690677,0.00642863,0.4,0.0,0.27831662,0.016348377,0.7743689,0.0035214848,0.4,0.0,0.26080456,0.013871257
375316653866487564,4060832342181476224,0.52604485,2386.3022837180433,1.1082408175152287,4.5787365E-5,18.223307,0.0073817307,0.27824783,0.005893709,0.01677897,0.007996613,0.22813965,0.38337868,0.75725484,0.032527156,0.026340341,0.009942238,1.1343458,1.2385335,0.026720617,0.01072099,0.27824783,0.005893709,"TWOGAUSSIANS_WITH_ELLIPSOIDAL_ON_ECLIPSE1",9,18.300352,0.7573048,0.03246192,0.14750591,0.05567653,1.1868649,1.2344754,0.27824783,0.005893709,0.09396223,0.044781033,0.28158078,0.3873441
375316653866487564,4060832445260740992,0.6495384,2386.556281363933,0.4400721057043162,1.6944367E-6,17.672623,0.0018857123,0.30444816,4.4341854E-4,0.022891723,5.980334E-4,0.54162353,0.007592512,0.80536646,9.871678E-4,0.02699574,0.0020516189,0.4407166,0.078837544,null,null,null,null,"TWOGAUSSIANS",8,2.4294977,0.30444816,4.4341854E-4,0.12819365,0.003348987,0.54162353,0.007592512,0.80536646,9.871678E-4,0.15117615,0.011489066,0.4407166,0.078837544
375316653866487564,4060832621376392448,0.42769784,2458.530053874828,2.2031133432969274,9.335587E-5,19.877882,0.031678196,0.2615414,0.018537212,0.096972674,0.037322525,0.17022794,0.032538135,0.6728687,0.039751988,0.0555829,0.03163019,0.41912466,0.070510305,null,null,null,null,"TWOGAUSSIANS",8,4.5899954,0.6728687,0.039751988,0.31126425,0.11366488,0.41888404,0.06710682,0.2615414,0.018537212,0.4,0.0,0.16996625,0.03211332
375316653866487564,4060832690096049152,0.49462485,2419.4363602368735,3.5388198534430586,1.7063887E-5,18.70432,0.049888667,0.3273369,0.009054347,0.101976074,0.019725278,0.27328104,0.050201997,0.8267399,0.0046799737,0.09902493,0.021917785,0.27723366,0.03950459,null,null,null,null,"TWOGAUSSIANS",8,7.170005,0.8267399,0.0046799737,0.4,0.0,0.25247636,0.018834654,0.3273369,0.009054107,0.4,0.0,0.24852204,0.029142244
375316653866487564,4060832754498429184,0.4151368,2454.0225443326867,3.0469701408645014,3.8574082E-5,18.353106,0.016805174,0.5991399,0.021724885,0.048063114,0.017961437,0.4275563,4.5289526,0.892954,0.013193555,0.08712753,0.02046937,0.15573591,0.0544053,null,null,null,null,"TWOGAUSSIANS",8,6.5090003,0.59924996,0.021672353,0.26915345,0.100584045,0.4280854,4.5289087,0.892954,0.013193555,0.4,0.0,0.15573542,0.054406013
375316653866487564,4060832758815435520,0.4457082,2410.24800788488,2.614518157158296,4.9429447E-5,18.832947,0.72303087,0.23785944,0.012936592,0.09309358,0.1414806,0.24909443,0.6967675,0.73233974,0.025812013,0.061615344,0.075379,0.29826087,0.51050186,null,null,null,null,"TWOGAUSSIANS",8,27.300608,0.73233974,0.02965731,0.34504592,0.07321384,0.29575402,0.0568337,0.23785944,0.012313859,0.4,0.0,0.2465873,0.036416292
375316653866487564,4060832758837102976,0.60867494,2415.9430430323096,3.3202129718721136,3.7565699E-6,15.046676,0.015721736,0.14674725,0.0023981754,0.05821707,0.011776078,0.14900242,0.023697034,0.65549004,0.0025081516,0.04914895,0.008488457,0.11165686,0.03619853,0.09131861,0.019303717,0.65549004,0.0025081516,"TWOGAUSSIANS_WITH_ELLIPSOIDAL_ON_ECLIPSE2",9,53.90311,0.14890726,0.0017271503,0.32601562,0.065946035,0.3312168,0.019498006,0.65549004,0.0025081516,0.27523413,0.047535356,0.29428604,0.008298752
375316653866487564,4060832788871221248,0.46286887,2385.7003642593904,1.6589553563137984,4.3321984E-6,18.604557,0.01627177,0.49933842,1.951918E-5,0.0058394843,1.015637E-4,0.65427226,0.012890578,0.74867177,0.077340074,0.10726212,0.052540753,0.05381096,0.023089906,null,null,null,null,"TWOGAUSSIANS",8,20.318256,0.49933842,2.0541618E-5,0.032701112,5.687567E-4,0.6578804,0.015523675,0.74867177,0.077340074,0.4,0.057567537,0.053808905,0.023084706
375316653866487564,4060833480368624640,0.5143577,2403.7174254896945,2.641068411353717,1.3052726E-5,17.90848,0.027636316,0.15513192,0.051633358,0.03671496,0.033467297,0.22184555,0.15208735,0.68699247,0.0038237087,0.05719735,0.010916859,0.3451856,0.13601889,0.09910097,0.044825606,0.68699247,0.0038237087,"TWOGAUSSIANS_WITH_ELLIPSOIDAL_ON_ECLIPSE2",9,14.794103,0.68699247,0.0038237087,0.32030517,0.06113441,0.5433629,0.1259224,0.15785192,0.052447524,0.20560378,0.18741687,0.41284427,0.124179155
375316653866487564,4060833579130086912,0.6821298,2372.1441337940573,4.340595078518693,1.9948295E-5,14.735125,4.4005222E-4,0.36449608,0.037187763,0.06109625,0.041900788,0.004142116,0.0023915241,0.62335557,6.828433E-4,0.041567653,4.867945E-4,0.27129567,0.0023284596,null,null,null,null,"TWOGAUSSIANS",8,2.9687424,0.62335557,6.828433E-4,0.23277886,0.0027260494,0.27129617,0.0023321589,0.36449608,0.037187763,0.342139,0.13697846,0.0041421168,0.0023915316
375316653866487564,4060833858326221824,0.5387483,2453.8347083428284,0.17518034337513536,1.2650172E-4,18.190104,0.004008487,0.2779094,0.0028611822,0.009349284,0.0029287639,0.42745796,0.11107493,0.48129022,0.063987084,0.038113438,0.047673047,0.025550675,0.01858428,null,null,null,null,"TWOGAUSSIANS",8,6.904056,0.2779094,0.0028611822,0.052355986,0.016401079,0.42745796,0.11106469,0.48129022,0.063987084,0.21343526,0.26465788,0.025550675,0.01858428
375316653866487564,4060834339363744128,0.5130862,2430.587139251169,0.17769186055611158,3.5774447E-5,19.876717,0.013286897,0.3446141,9.967622E-4,0.03234479,0.006473401,0.19011772,0.0734507,0.82868516,0.0083425185,0.048609544,0.004252066,1.9994102,0.5810395,null,null,null,null,"TWOGAUSSIANS",8,1.8132875,0.82868516,0.0083425185,0.27221343,0.02381157,1.9994102,0.5810395,0.3446141,9.967622E-4,0.18113081,0.036251046,0.19011772,0.07345071
375316653866487564,4060834442442637696,0.51276535,2378.6477175309706,1.5981334668888016,1.9488127E-5,19.67445,0.019209027,0.2734625,0.013700275,0.04574273,0.017406842,0.23068021,0.07515499,0.76985955,0.0076098344,0.052633,0.0058021382,0.5806681,0.061526254,null,null,null,null,"TWOGAUSSIANS",8,4.286321,0.76985955,0.0076098344,0.2947448,0.032491975,0.58066654,0.06152542,0.2734625,0.013700275,0.25615928,0.097478315,0.23067868,0.07515698
375316653866487564,4060834472498893568,0.4364399,2423.5902046915885,1.845713229683476,6.659697E-5,19.01678,0.010305887,0.18718451,0.019599834,0.044320114,0.028075265,0.1922797,0.8302615,0.4984246,0.080186754,0.023825822,0.019207494,1.414186,16.080845,null,null,null,null,"TWOGAUSSIANS",8,7.7455397,0.4984246,0.080186754,0.13342461,0.10756197,1.414186,16.080845,0.18718451,0.019599834,0.24819264,0.15722148,0.1922797,0.8302615
375316653866487564,4060834511162358912,0.45343018,2477.085722982188,3.714796728294735,3.5967794E-5,19.548204,0.035753157,0.32339475,0.007911214,0.020438422,0.006322439,0.4046436,0.055014838,0.61644775,0.032534253,0.0807353,0.07392195,0.09114328,0.084116265,null,null,null,null,"TWOGAUSSIANS",8,4.3093843,0.32340476,0.007930179,0.114455156,0.03540566,0.40476912,0.05546956,0.61644775,0.032534253,0.4,0.31540012,0.09114328,0.08411629
375316653866487564,4060834579881043712,0.53997314,2390.4520576873347,0.25516396059339985,4.0083605E-6,19.077642,0.007426252,0.3539005,0.007163943,0.025022605,0.0033488206,0.4011179,0.078859925,0.8425121,0.030851165,0.021488236,0.025362007,1.0035285,3.0635202,null,null,null,null,"TWOGAUSSIANS",8,2.8805466,0.8425121,0.030851165,0.120334126,0.14202724,1.0035285,3.0635202,0.3539005,0.007163943,0.1401266,0.018753396,0.4011179,0.078859925
