Gaia/vari_eclipsing_binary/VariEclipsingBinary_206605-206756.csv
# %ECSV 1.0
# ---
# delimiter: ','
# meta: !!omap
# - RELEASE: Gaia DR3
# - TABLE: vari_eclipsing_binary
# - DESCRIPTION: >
#     This table describes the properties of the eclipsing binaries resulting from the variability analysis. 
# - CITATION: >
#     How to cite and acknowledge Gaia: 
#     https://gea.esac.esa.int/archive/documentation/credits.html 
# - KNOWN_ISSUES: >
#     Known issues: 
#     https://www.cosmos.esa.int/web/gaia-users/known-issues 
# - DOCUMENTATION: >
#     Tutorials and documentation: 
#     https://www.cosmos.esa.int/web/gaia-users/archive 
# datatype:
# - 
#   name: solution_id
#   datatype: int64
#   description: Solution Identifier
#   meta:
#     ucd: meta.version
# - 
#   name: source_id
#   datatype: int64
#   description: Unique source identifier
#   meta:
#     ucd: meta.id;meta.main
# - 
#   name: global_ranking
#   datatype: float32
#   description: Number between 0 (worst) and 1 (best)
#   meta:
#     ucd: stat.param
# - 
#   name: reference_time
#   datatype: float64
#   unit: d
#   description: Reference time used for the geometric model fit
#   meta:
#     ucd: time.epoch
# - 
#   name: frequency
#   datatype: float64
#   unit: d**-1
#   description: Frequency of geometric model of the eclipsing binary light curve
#   meta:
#     ucd: src.orbital
# - 
#   name: frequency_error
#   datatype: float32
#   unit: d**-1
#   description: "Uncertainty of \\texttt{frequency}"
#   meta:
#     ucd: stat.error
# - 
#   name: geom_model_reference_level
#   datatype: float32
#   unit: mag
#   description: Magnitude reference level of geometric model
#   meta:
#     ucd: phot.mag;em.opt
# - 
#   name: geom_model_reference_level_error
#   datatype: float32
#   unit: mag
#   description: "Uncertainty of \\texttt{geomModelReferenceLevel}"
#   meta:
#     ucd: stat.error;phot.mag;em.opt
# - 
#   name: geom_model_gaussian1_phase
#   datatype: float32
#   description: Phase of the Gaussian 1 component
#   meta:
#     ucd: time.phase
# - 
#   name: geom_model_gaussian1_phase_error
#   datatype: float32
#   description: "Uncertainty of \\texttt{geomModelGaussian1Phase}"
#   meta:
#     ucd: stat.error;time.phase
# - 
#   name: geom_model_gaussian1_sigma
#   datatype: float32
#   description: "Standard deviation [phase] of Gaussian 1 component"
#   meta:
#     ucd: stat.stdev
# - 
#   name: geom_model_gaussian1_sigma_error
#   datatype: float32
#   description: "Uncertainty of \\texttt{geomModelGaussian1Sigma}"
#   meta:
#     ucd: stat.error
# - 
#   name: geom_model_gaussian1_depth
#   datatype: float32
#   unit: mag
#   description: Magnitude depth of Gaussian 1 component
#   meta:
#     ucd: src.var.amplitude
# - 
#   name: geom_model_gaussian1_depth_error
#   datatype: float32
#   unit: mag
#   description: "Uncertainty of \\texttt{geomModelGaussian1Depth}"
#   meta:
#     ucd: stat.error;src.var.amplitude
# - 
#   name: geom_model_gaussian2_phase
#   datatype: float32
#   description: Phase of Gaussian 2 component
#   meta:
#     ucd: time.phase
# - 
#   name: geom_model_gaussian2_phase_error
#   datatype: float32
#   description: "Uncertainty of \\texttt{geomModelGaussian2Phase}"
#   meta:
#     ucd: stat.error;time.phase
# - 
#   name: geom_model_gaussian2_sigma
#   datatype: float32
[...]
#   datatype: float32
#   description: "Secondary eclipse: uncertainty of \\texttt{derivedSecondaryEclDuration}"
#   meta:
#     ucd: stat.error;time.duration
# - 
#   name: derived_secondary_ecl_depth
#   datatype: float32
#   unit: mag
#   description: "Secondary eclipse: depth"
#   meta:
#     ucd: src.var.amplitude
# - 
#   name: derived_secondary_ecl_depth_error
#   datatype: float32
#   unit: mag
#   description: "Secondary eclipse: uncertainty of \\texttt{derivedSecondaryEclDepth}"
#   meta:
#     ucd: stat.error;src.var.amplitude
solution_id,source_id,global_ranking,reference_time,frequency,frequency_error,geom_model_reference_level,geom_model_reference_level_error,geom_model_gaussian1_phase,geom_model_gaussian1_phase_error,geom_model_gaussian1_sigma,geom_model_gaussian1_sigma_error,geom_model_gaussian1_depth,geom_model_gaussian1_depth_error,geom_model_gaussian2_phase,geom_model_gaussian2_phase_error,geom_model_gaussian2_sigma,geom_model_gaussian2_sigma_error,geom_model_gaussian2_depth,geom_model_gaussian2_depth_error,geom_model_cosine_half_period_amplitude,geom_model_cosine_half_period_amplitude_error,geom_model_cosine_half_period_phase,geom_model_cosine_half_period_phase_error,model_type,num_model_parameters,reduced_chi2,derived_primary_ecl_phase,derived_primary_ecl_phase_error,derived_primary_ecl_duration,derived_primary_ecl_duration_error,derived_primary_ecl_depth,derived_primary_ecl_depth_error,derived_secondary_ecl_phase,derived_secondary_ecl_phase_error,derived_secondary_ecl_duration,derived_secondary_ecl_duration_error,derived_secondary_ecl_depth,derived_secondary_ecl_depth_error
[from data line 286]
375316653866487564,1818048833079390592,0.51178473,2298.2146440789193,0.4459831918735652,2.9296187E-5,13.117494,0.0053256,0.22428013,0.004415783,0.047377985,0.0107912095,0.045668215,0.015654838,0.43197808,0.042734478,0.06613686,0.0583986,0.026310202,0.008438356,0.048104372,0.0075007007,0.22428013,0.004415783,"TWOGAUSSIANS_WITH_ELLIPSOIDAL_ON_ECLIPSE1",9,268.97488,0.22461013,0.0055101807,0.26531672,0.060430773,0.14206795,0.006588016,0.43197808,0.042734478,0.3703664,0.09452883,0.032951005,0.01441713
375316653866487564,1818050074330427904,0.7135293,2298.9406717043594,0.0691359875693326,5.976524E-6,13.952046,0.0031781453,0.27922884,8.9723035E-6,0.018363612,7.020623E-5,0.89157444,0.0067203348,0.77474165,0.0022063605,0.0500059,0.0058934432,0.057459645,0.010417983,0.066216335,0.0038925258,0.77474165,0.0022063605,"TWOGAUSSIANS_WITH_ELLIPSOIDAL_ON_ECLIPSE2",9,53.478832,0.27920884,5.8713126E-6,0.10283623,3.931549E-4,1.0239018,0.0023923994,0.77474165,0.0022063605,0.28003305,0.03300328,0.18989186,0.00872349
375316653866487564,1818052479512283648,0.57052344,2273.7292625674363,0.5449164161262215,2.9711688E-5,16.461555,0.0021243668,0.25219175,0.004213823,0.023545295,0.005571309,0.037132252,0.019640679,0.7510019,0.0048246463,0.02330013,0.002415726,0.337278,0.052021783,0.025748825,0.0039580506,0.25219175,0.004213823,"TWOGAUSSIANS_WITH_ELLIPSOIDAL_ON_ECLIPSE1",9,9.25784,0.7510119,0.00480778,0.13048072,0.013528066,0.38877273,0.05201983,0.25219175,0.004213823,0.13185365,0.03119933,0.08862983,0.019316807
375316653866487564,1818053746522076800,0.55495596,2301.6520356623737,2.684373643143486,8.473645E-6,15.656895,0.021934588,0.22493668,0.0019885486,0.094124965,0.0058480315,0.36721328,0.020795753,0.72437143,0.004260082,0.09539817,0.00989335,0.33763337,0.019828843,null,null,null,null,"TWOGAUSSIANS",8,80.98443,0.22493668,0.0019885486,0.4,0.0,0.34569997,0.012184625,0.72437143,0.004260082,0.4,0.0,0.31611985,0.014543516
375316653866487564,1818055709326237440,0.47641134,2333.618254179022,1.6348346764510493,3.212057E-5,19.508379,0.0095235305,0.19771898,0.007420707,0.023767613,0.008024795,0.32554385,0.01012748,0.6365551,0.04027801,0.13279645,0.044714574,0.050274406,0.011721928,null,null,null,null,"TWOGAUSSIANS",8,1.5633882,0.19772898,0.0074100485,0.13309863,0.04493885,0.32559636,0.010206001,0.6365551,0.04027801,0.4,0.0,0.050106414,0.011634859
375316653866487564,1818056873259704960,0.5117617,2291.1382392511023,0.9496788263343371,1.950804E-5,17.26481,0.0024512713,0.41657916,0.00766503,0.025242003,0.0073356847,0.377557,0.053446334,null,null,null,null,null,null,null,null,null,null,"ONEGAUSSIAN",5,17.08712,0.41657916,0.00766503,0.14135522,0.041079834,0.377557,0.0,null,null,null,null,null,null
375316653866487564,1818060176094530176,0.5017543,2308.4572941553947,3.8903834902550765,2.5243022E-5,19.267248,0.029743453,0.24091956,0.008609325,0.095668,0.0097808605,0.41108778,0.037727527,0.72370875,0.0033226314,0.10068112,0.009907112,0.38004327,0.028320177,null,null,null,null,"TWOGAUSSIANS",8,3.5359707,0.24091956,0.008611175,0.4,0.0,0.38651875,0.025306104,0.72370875,0.0033226314,0.4,0.0,0.35547107,0.021036977
375316653866487564,1818062203319101568,0.44909093,2195.417641504537,0.2882176797635606,7.57241E-5,18.056057,0.01238132,0.36603636,0.019150022,0.086426854,0.015470784,0.0901105,0.017920839,0.86475927,0.007063871,0.023845538,0.00687731,0.23267849,0.08336793,null,null,null,null,"TWOGAUSSIANS",8,3.6883996,0.86475927,0.007063871,0.13353501,0.038512938,0.23267254,0.08337622,0.36603636,0.019150022,0.4,0.0,0.09010454,0.017911376
375316653866487564,1818065570572674048,0.6036657,2270.4675674515247,1.658858339824683,7.887602E-6,13.681154,0.026330335,0.22981958,0.0026924843,0.062037613,0.012186436,0.15628879,0.054224,0.73010373,0.008429539,0.06849973,0.01850013,0.092667416,0.054732647,0.07611065,0.029030714,0.22981958,0.0026924843,"TWOGAUSSIANS_WITH_ELLIPSOIDAL_ON_ECLIPSE1",9,87.72563,0.22981958,0.0026924843,0.34741062,0.06824404,0.30834702,0.009698085,0.73010373,0.0075553986,0.38359848,0.0856858,0.24472517,0.0060613113
375316653866487564,1818070445355222528,0.48311555,2302.247541064981,1.3911730019916142,1.5312933E-5,18.339067,0.0049851243,0.194958,0.010288015,0.031916577,0.0045081987,0.38523787,0.04531078,0.7106537,0.004298832,0.030676039,0.0037032228,0.19970055,0.009896309,null,null,null,null,"TWOGAUSSIANS",8,6.425454,0.194958,0.010288015,0.17873283,0.025245912,0.38523787,0.04531078,0.7106537,0.004298832,0.17178582,0.020738048,0.19970055,0.009896309
375316653866487564,1818071068125742208,0.5724252,2289.13066345148,4.053031943510274,9.876068E-6,18.97464,0.031583644,0.29205427,0.0026786109,0.042521607,0.0067878356,0.33504584,0.069906175,0.7564442,0.014453268,0.049430575,0.023856934,0.27363402,0.08514687,0.12413899,0.036618024,0.29205427,0.0026786109,"TWOGAUSSIANS_WITH_ELLIPSOIDAL_ON_ECLIPSE1",9,4.9180017,0.29205427,0.0026786109,0.23812099,0.03801188,0.5833238,0.029846732,0.7616642,0.014895117,0.2768112,0.12974016,0.5114476,0.124262035
375316653866487564,1818071274289277824,0.5437751,2303.4419965436805,0.06875789371855737,2.3488115E-5,15.872301,0.0028608865,0.27096838,0.0055869445,0.07729891,0.0056675216,0.15749662,0.005619904,0.7719799,0.0036419127,0.071386024,0.0047576088,0.1549446,0.01523548,null,null,null,null,"TWOGAUSSIANS",8,22.813831,0.27096838,0.0055869445,0.4,0.0,0.15642762,0.005603196,0.7719799,0.0036419127,0.3997617,0.019998988,0.1538756,0.015543763
375316653866487564,1818072717398320640,0.48064905,2315.6697648960694,2.5268004957949644,2.147383E-5,13.90467,0.44964895,0.2356803,0.018809728,0.25001782,0.1430123,1.3481067,0.5900756,0.7280866,0.014106254,0.18938385,0.102043465,1.2122856,1.0113069,null,null,null,null,"TWOGAUSSIANS",8,479.32043,0.7280866,0.014106254,0.4,0.0,0.26840615,0.018411538,0.24623029,0.015275048,0.4,0.0,0.11478933,0.019521883
375316653866487564,1818074293646209280,0.5191097,2300.6461349283936,2.87246902350964,1.180691E-5,16.397818,0.013396028,0.29919693,0.0028758142,0.110975094,0.008651688,0.17690097,0.013248502,0.80292475,0.0033112247,0.104665756,0.009192694,0.16218919,0.012358588,null,null,null,null,"TWOGAUSSIANS",8,10.883959,0.29919693,0.0028758142,0.4,0.0,0.15475507,0.0064869537,0.8029347,0.0033238884,0.4,0.0,0.14005363,0.008144552
375316653866487564,1818078008798007552,0.6022163,2290.7027849701894,2.0298539741615627,6.992796E-6,15.682499,0.009157825,0.27527183,0.0033719754,0.03801203,0.0037769116,0.28269702,0.042510282,0.777883,0.0016542344,0.040509082,0.0025519691,0.82149124,0.05769858,0.06700226,0.01518934,0.27527183,0.0033719754,"TWOGAUSSIANS_WITH_ELLIPSOIDAL_ON_ECLIPSE1",9,119.09956,0.777883,0.0016542344,0.22685085,0.014291028,0.95545936,0.06573523,0.27527183,0.0033719754,0.21286738,0.021150704,0.4167012,0.033666413
375316653866487564,1818080306600907392,0.56854934,2293.2634624566676,2.0796987866584824,5.660776E-6,16.464952,0.009928365,0.2791416,0.0026500493,0.09072548,0.006611794,0.2936159,0.013132795,0.7631631,0.0022135256,0.090393834,0.0033660585,0.30628794,0.011364085,null,null,null,null,"TWOGAUSSIANS",8,20.320574,0.7631631,0.0022135256,0.4,0.0,0.29592094,0.008810408,0.2791416,0.0026500493,0.4,0.0,0.28324887,0.014847665
375316653866487564,1818080512759551616,0.437325,2381.103456031577,0.010661727508740218,1.7128797E-5,18.43807,0.0053753615,null,null,null,null,null,null,null,null,null,null,null,null,0.12387525,0.0071638227,0.31134275,0.0050671697,"ELLIPSOIDAL",4,5.8007293,null,null,null,null,null,null,null,null,null,null,null,null
375316653866487564,1818083467697384576,0.5894223,2302.6461512913766,3.1596558685351486,9.977554E-6,17.473782,0.015650915,0.26565048,0.0016451406,0.05132683,0.008781329,0.15624331,0.032880433,0.7518631,0.01845118,0.054394405,0.025921842,0.11785802,0.035553753,0.10487205,0.01862198,0.26565048,0.0016451406,"TWOGAUSSIANS_WITH_ELLIPSOIDAL_ON_ECLIPSE1",9,6.081674,0.26565048,0.0016451406,0.28743026,0.04917544,0.36598426,0.013806126,0.75591314,0.01338947,0.30460867,0.14516231,0.3264886,0.015044796
375316653866487564,1818088381139295744,0.5707436,2301.331150288484,3.688973743226818,1.0108362E-5,18.51161,0.0058563976,0.2501867,0.0019467109,0.07470135,0.0022123207,0.3684995,0.011576267,0.740112,0.005043149,0.0724986,0.0061218273,0.31200147,0.011047435,null,null,null,null,"TWOGAUSSIANS",8,2.6415215,0.2501867,0.0019467109,0.4,0.0,0.36682317,0.0114337355,0.740112,0.005043149,0.4,0.014793221,0.31032515,0.010873389
375316653866487564,1818091507874370816,0.4888581,2277.4153663001007,3.0227408360109203,1.3143387E-5,19.258959,0.009424452,0.14814547,0.0037414017,0.0893365,0.006421314,0.24582343,0.009204024,0.68129295,0.0053127194,0.08319502,0.010904227,0.18993369,0.023172874,null,null,null,null,"TWOGAUSSIANS",8,1.1436198,0.14814547,0.0037414017,0.4,0.0,0.24216224,0.0081787985,0.68129295,0.0053127194,0.4,0.0,0.18627277,0.025140597
375316653866487564,1818092229428773888,0.6566895,2276.31616570319,1.8033864239800292,1.9968556E-6,11.942195,0.004004071,0.306,0.0066937036,0.06847208,0.0056171925,0.13070786,0.011014293,0.80179435,4.3983918E-4,0.053332083,0.0019105901,0.16616787,0.008356733,0.0810031,0.0049022865,0.80179435,4.3983918E-4,"TWOGAUSSIANS_WITH_ELLIPSOIDAL_ON_ECLIPSE2",9,38.32717,0.80179435,4.3983918E-4,0.29865965,0.010699305,0.32803994,0.0021905813,0.30468,0.0045402152,0.38344365,0.029010367,0.2925024,0.0069539812
375316653866487564,1818093024000657280,0.46806008,2320.7228848261666,4.691254658628482,3.5778066E-5,19.730688,0.05987189,0.26924893,0.014518357,0.12596469,0.031656116,0.2726883,0.060531173,0.7085221,0.010356902,0.07603598,0.019731069,0.39247826,0.055249553,null,null,null,null,"TWOGAUSSIANS",8,3.734018,0.7085221,0.010356902,0.4,0.02619914,0.3804071,0.050070424,0.26924893,0.014518357,0.4,0.0,0.25997993,0.041121263
375316653866487564,1818093706901770752,0.47261137,2319.868247919801,2.057888068492672,1.5664957E-5,17.879417,0.016371,0.2079056,0.003571105,0.044352524,0.0062901233,0.36133674,0.05024236,0.69913375,0.013059678,0.069479525,0.015589627,0.18773828,0.030190678,null,null,null,null,"TWOGAUSSIANS",8,32.694588,0.2079056,0.003571105,0.24837415,0.03522469,0.36131516,0.05026336,0.69913375,0.013059678,0.38908532,0.06746313,0.18771672,0.03018454
375316653866487564,1818094119218694272,0.42997468,2300.269232086502,0.18667343891108976,1.519911E-5,19.32515,0.013538673,0.07444251,0.007980525,0.026814394,0.006497054,0.13462302,0.016745768,0.83494943,0.0049342485,0.056803405,0.005695986,0.48920193,0.092885755,null,null,null,null,"TWOGAUSSIANS",8,5.941611,0.83494943,0.0049342485,0.31809905,0.031897523,0.48920193,0.092885755,0.07441251,0.00798331,0.15016061,0.036383502,0.1346906,0.016802026
375316653866487564,1818095837205525120,0.47285515,2301.971484072895,3.015804647480684,3.9276398E-5,19.849527,0.018315537,0.20150028,0.010859193,0.07909116,0.013044904,0.19795759,0.053726237,0.72022325,0.004661437,0.08862279,0.009949446,0.29760787,0.023474373,null,null,null,null,"TWOGAUSSIANS",8,1.6361042,0.72022325,0.004661437,0.4,0.0,0.2935087,0.022895515,0.20150028,0.010859193,0.4,0.007895348,0.19385855,0.05424644
375316653866487564,1818098968239120512,0.5798073,2294.6858112894806,2.596419626694254,1.9736757E-5,15.502667,0.008702494,0.3114654,0.0032484604,0.09015665,0.0048820362,0.35100386,0.013189018,0.80992824,0.0023008247,0.08622416,0.00441843,0.36996248,0.023053352,null,null,null,null,"TWOGAUSSIANS",8,60.735962,0.80992824,0.0023008247,0.4,0.0,0.3573266,0.024252031,0.3114654,0.0032484604,0.4,0.0,0.33836788,0.013390262
375316653866487564,1818102232413980800,0.45449412,2280.6752331450184,2.6661726099817833,3.0058265E-5,15.121593,0.002630106,0.72662836,0.005507408,0.021677807,0.006860298,0.0055128434,0.060499724,null,null,null,null,null,null,0.049928647,0.004448219,0.72662836,0.005507408,"ONEGAUSSIAN_WITH_ELLIPSOIDAL",6,103.55328,0.72662836,0.005507408,0.12139572,0.03841767,0.105370045,0.05961453,null,null,null,null,null,null
375316653866487564,1818102537354659968,0.5447545,2292.8422050187332,3.139279425556439,1.4093263E-5,18.161415,0.010468551,0.31462064,0.002803318,0.09509093,0.0088030845,0.1883738,0.010984726,0.8050123,0.0024464705,0.092550896,0.0063147442,0.20847353,0.010691162,null,null,null,null,"TWOGAUSSIANS",8,1.8485591,0.8050123,0.0024464705,0.4,0.0,0.19856703,0.008388526,0.31462064,0.002803318,0.4,0.0,0.17846711,0.011716577
375316653866487564,1818111505246168320,0.6713136,2275.2748878544508,1.1504094069583028,6.3392254E-6,16.904306,0.0034819902,0.3396692,0.0011674648,0.033041,0.0012786849,1.0252383,0.03376952,0.83846676,9.641996E-4,0.030459246,0.0027579418,0.12204372,0.020603985,0.01515938,0.004942187,0.3396692,0.0011674648,"TWOGAUSSIANS_WITH_ELLIPSOIDAL_ON_ECLIPSE1",9,7.8725414,0.3396692,0.0011674648,0.1850296,0.007160636,1.055557,0.037395474,0.8384868,9.468656E-4,0.17057177,0.015444475,0.15236077,0.019918516
375316653866487564,1818115353537447424,0.592606,2305.609497880808,2.822295977175392,5.4893776E-6,16.300344,0.0063642636,0.24223578,0.0018678242,0.09204632,0.0059602186,0.22376916,0.008216082,0.7462031,0.0028457537,0.09728782,0.004111324,0.25017726,0.00721279,null,null,null,null,"TWOGAUSSIANS",8,8.5423355,0.7462031,0.0028457537,0.4,0.0,0.23646732,0.005147608,0.24223578,0.0018678242,0.4,0.0,0.21006,0.01153486
375316653866487564,1818116422986372992,0.49702454,2300.6953439648964,2.882166133422678,1.5488777E-5,18.437176,0.010904358,0.2352955,0.004461291,0.058356535,0.01225293,0.22445202,0.02774587,0.7504595,0.004928197,0.07823577,0.00827795,0.22816974,0.014788256,null,null,null,null,"TWOGAUSSIANS",8,5.925876,0.7504595,0.004928197,0.4,0.0,0.22780447,0.014788057,0.2352955,0.004461291,0.3267966,0.068616405,0.22408675,0.028010648
375316653866487564,1818116457346120448,0.5481082,2289.642630177716,2.3583518160771293,1.0752679E-5,17.63617,0.0036780497,0.25787604,0.0030493466,0.09320896,0.004737228,0.17254993,0.0059515843,0.7566284,0.0027236869,0.08308507,0.0033209492,0.186893,0.0067846226,null,null,null,null,"TWOGAUSSIANS",8,1.9160234,0.7566284,0.0027236869,0.4,0.0,0.18061452,0.0065288143,0.25787604,0.0030493466,0.4,0.0,0.16627125,0.0062100715
375316653866487564,1818122023623041152,0.654539,2276.5693863267957,3.1022663026343325,4.8658335E-6,16.548704,0.005886605,0.22870931,5.6920334E-4,0.050371338,0.0013417852,0.44485155,0.01618382,0.7292605,0.0014225596,0.044509582,0.0021263026,0.3924009,0.014856246,0.109487645,0.00797776,0.22870931,5.6920334E-4,"TWOGAUSSIANS_WITH_ELLIPSOIDAL_ON_ECLIPSE1",9,12.456823,0.22870931,5.6920334E-4,0.2820795,0.007513997,0.66382426,0.011495564,0.7292605,0.0014118453,0.24925366,0.011907293,0.611371,0.009707821
375316653866487564,1818122195419501952,0.51407075,2334.252570063747,2.3812234544380155,2.310979E-5,19.784727,0.014165283,0.21267633,0.006565618,0.06560749,0.010896221,0.41453826,0.044876833,0.7190444,0.0042353366,0.08560877,0.0078207385,0.19062163,0.01589364,null,null,null,null,"TWOGAUSSIANS",8,1.0980215,0.21267633,0.006565618,0.36740196,0.060228817,0.41261822,0.04639604,0.7190444,0.0042353366,0.4,0.0,0.18870157,0.014094563
375316653866487564,1818123737310203392,0.4928479,2288.9971839791056,2.5753090062307487,3.1924297E-5,15.803282,0.0715307,0.28915855,0.010370114,0.1392024,0.03544228,0.23448202,0.06765317,0.75840116,0.007987245,0.103170566,0.015102084,0.43890354,0.065775365,null,null,null,null,"TWOGAUSSIANS",8,258.1247,0.75840116,0.007987245,0.4,0.0,0.3862387,0.028650533,0.28920856,0.0103412,0.4,0.0,0.18086956,0.021956217
