Gaia/vari_eclipsing_binary/VariEclipsingBinary_762399-762484.csv
# %ECSV 1.0
# ---
# delimiter: ','
# meta: !!omap
# - RELEASE: Gaia DR3
# - TABLE: vari_eclipsing_binary
# - DESCRIPTION: >
#     This table describes the properties of the eclipsing binaries resulting from the variability analysis. 
# - CITATION: >
#     How to cite and acknowledge Gaia: 
#     https://gea.esac.esa.int/archive/documentation/credits.html 
# - KNOWN_ISSUES: >
#     Known issues: 
#     https://www.cosmos.esa.int/web/gaia-users/known-issues 
# - DOCUMENTATION: >
#     Tutorials and documentation: 
#     https://www.cosmos.esa.int/web/gaia-users/archive 
# datatype:
# - 
#   name: solution_id
#   datatype: int64
#   description: Solution Identifier
#   meta:
#     ucd: meta.version
# - 
#   name: source_id
#   datatype: int64
#   description: Unique source identifier
#   meta:
#     ucd: meta.id;meta.main
# - 
#   name: global_ranking
#   datatype: float32
#   description: Number between 0 (worst) and 1 (best)
#   meta:
#     ucd: stat.param
# - 
#   name: reference_time
#   datatype: float64
#   unit: d
#   description: Reference time used for the geometric model fit
#   meta:
#     ucd: time.epoch
# - 
#   name: frequency
#   datatype: float64
#   unit: d**-1
#   description: Frequency of geometric model of the eclipsing binary light curve
#   meta:
#     ucd: src.orbital
# - 
#   name: frequency_error
#   datatype: float32
#   unit: d**-1
#   description: "Uncertainty of \\texttt{frequency}"
#   meta:
#     ucd: stat.error
# - 
#   name: geom_model_reference_level
#   datatype: float32
#   unit: mag
#   description: Magnitude reference level of geometric model
#   meta:
#     ucd: phot.mag;em.opt
# - 
#   name: geom_model_reference_level_error
#   datatype: float32
#   unit: mag
#   description: "Uncertainty of \\texttt{geomModelReferenceLevel}"
#   meta:
#     ucd: stat.error;phot.mag;em.opt
# - 
#   name: geom_model_gaussian1_phase
#   datatype: float32
#   description: Phase of the Gaussian 1 component
#   meta:
#     ucd: time.phase
# - 
#   name: geom_model_gaussian1_phase_error
#   datatype: float32
#   description: "Uncertainty of \\texttt{geomModelGaussian1Phase}"
#   meta:
#     ucd: stat.error;time.phase
# - 
#   name: geom_model_gaussian1_sigma
#   datatype: float32
#   description: "Standard deviation [phase] of Gaussian 1 component"
#   meta:
#     ucd: stat.stdev
# - 
#   name: geom_model_gaussian1_sigma_error
#   datatype: float32
#   description: "Uncertainty of \\texttt{geomModelGaussian1Sigma}"
#   meta:
#     ucd: stat.error
# - 
#   name: geom_model_gaussian1_depth
#   datatype: float32
#   unit: mag
#   description: Magnitude depth of Gaussian 1 component
#   meta:
#     ucd: src.var.amplitude
# - 
#   name: geom_model_gaussian1_depth_error
#   datatype: float32
#   unit: mag
#   description: "Uncertainty of \\texttt{geomModelGaussian1Depth}"
#   meta:
#     ucd: stat.error;src.var.amplitude
# - 
#   name: geom_model_gaussian2_phase
#   datatype: float32
#   description: Phase of Gaussian 2 component
#   meta:
#     ucd: time.phase
# - 
#   name: geom_model_gaussian2_phase_error
#   datatype: float32
#   description: "Uncertainty of \\texttt{geomModelGaussian2Phase}"
#   meta:
#     ucd: stat.error;time.phase
# - 
#   name: geom_model_gaussian2_sigma
#   datatype: float32
[...]
#   datatype: float32
#   description: "Secondary eclipse: uncertainty of \\texttt{derivedSecondaryEclDuration}"
#   meta:
#     ucd: stat.error;time.duration
# - 
#   name: derived_secondary_ecl_depth
#   datatype: float32
#   unit: mag
#   description: "Secondary eclipse: depth"
#   meta:
#     ucd: src.var.amplitude
# - 
#   name: derived_secondary_ecl_depth_error
#   datatype: float32
#   unit: mag
#   description: "Secondary eclipse: uncertainty of \\texttt{derivedSecondaryEclDepth}"
#   meta:
#     ucd: stat.error;src.var.amplitude
solution_id,source_id,global_ranking,reference_time,frequency,frequency_error,geom_model_reference_level,geom_model_reference_level_error,geom_model_gaussian1_phase,geom_model_gaussian1_phase_error,geom_model_gaussian1_sigma,geom_model_gaussian1_sigma_error,geom_model_gaussian1_depth,geom_model_gaussian1_depth_error,geom_model_gaussian2_phase,geom_model_gaussian2_phase_error,geom_model_gaussian2_sigma,geom_model_gaussian2_sigma_error,geom_model_gaussian2_depth,geom_model_gaussian2_depth_error,geom_model_cosine_half_period_amplitude,geom_model_cosine_half_period_amplitude_error,geom_model_cosine_half_period_phase,geom_model_cosine_half_period_phase_error,model_type,num_model_parameters,reduced_chi2,derived_primary_ecl_phase,derived_primary_ecl_phase_error,derived_primary_ecl_duration,derived_primary_ecl_duration_error,derived_primary_ecl_depth,derived_primary_ecl_depth_error,derived_secondary_ecl_phase,derived_secondary_ecl_phase_error,derived_secondary_ecl_duration,derived_secondary_ecl_duration_error,derived_secondary_ecl_depth,derived_secondary_ecl_depth_error
[from data line 332]
375316653866487564,6706611326994153216,0.46603498,2338.998627078264,0.38111021089560315,9.947297E-5,18.84838,0.04546631,0.5772937,0.013024379,0.18867491,0.048651084,0.1426749,0.04306671,0.9418248,0.018145192,0.023637006,0.022388779,0.046454795,0.011795958,null,null,null,null,"TWOGAUSSIANS",8,2.0843894,0.5772937,0.013024379,0.4,0.0,0.13415603,0.017427433,0.9418248,0.018145192,0.13236722,0.12537716,0.060494985,0.016274653
375316653866487564,6706621806712987904,0.561577,2315.2690239406966,2.739360468092359,1.3986089E-5,16.985716,0.007446216,0.25468498,0.0021822047,0.09121064,0.003903144,0.2702161,0.008216061,0.7529171,0.004404005,0.08435375,0.005147617,0.25071567,0.00874641,null,null,null,null,"TWOGAUSSIANS",8,9.305463,0.25468498,0.0021822047,0.4,0.0,0.26144505,0.007160965,0.7529171,0.004404005,0.4,0.0,0.24194477,0.0068810787
375316653866487564,6706623975673661824,0.446321,2314.5912037287794,1.5485428730067758,5.4218384E-5,19.37636,0.010437466,0.68680835,0.017099489,0.0586994,0.017031714,0.40738165,0.14088494,0.3913981,0.03379032,0.049722612,0.04392105,0.9087815,217.40079,0.009182871,0.01132559,0.68680835,0.017099489,"TWOGAUSSIANS_WITH_ELLIPSOIDAL_ON_ECLIPSE1",9,5.0861244,0.3913981,0.03379032,0.27844664,0.24595787,0.91019434,217.40068,0.68680835,0.017099489,0.32871664,0.0953776,0.42570397,0.13860963
375316653866487564,6706624697228187264,0.4983839,2314.806842887692,1.2058414447043992,1.7618588E-5,17.975279,0.008650976,0.21557936,0.0071122637,0.035346188,0.0062997467,0.21845388,0.032107987,0.72235906,0.037213545,0.03562955,0.03933023,0.22073051,0.23088957,null,null,null,null,"TWOGAUSSIANS",8,14.69481,0.72235906,0.037213545,0.1995255,0.20548369,0.22073051,0.23089027,0.21557936,0.0071122637,0.19793865,0.03527858,0.21845388,0.03210786
375316653866487564,6706624903393875328,0.62467897,2321.620081181499,2.4427459120970285,3.2507107E-6,16.719955,0.004260711,0.16320035,0.0014679875,0.08154705,0.002401019,0.4149958,0.014781577,0.66571516,0.0013699095,0.08668085,0.0017200017,0.38184947,0.0067395763,null,null,null,null,"TWOGAUSSIANS",8,5.0815473,0.16320035,0.0014679875,0.4,0.0,0.4058217,0.015598351,0.66571516,0.0013699095,0.4,0.0,0.37267533,0.0064369435
375316653866487564,6706625624948221184,0.49837348,2281.9157230582427,2.319783685109642,2.6902917E-5,17.237621,0.040959913,0.28003886,0.010070781,0.10921433,0.032443725,0.14972863,0.03778424,0.7488528,0.0063342145,0.1092223,0.02096786,0.17504622,0.038755566,null,null,null,null,"TWOGAUSSIANS",8,14.944303,0.7488528,0.0063342145,0.4,0.0,0.1582391,0.018162224,0.28008887,0.0100249415,0.4,0.0,0.13292424,0.014825241
375316653866487564,6706630259211905152,0.5486323,2334.0733962850486,0.018601081914511344,1.963512E-5,19.251158,0.02827802,0.3363511,0.103540055,0.21610758,0.17466393,0.03523511,0.024586607,0.62616694,0.0059820577,0.06439351,0.007711217,0.30652463,0.017076507,null,null,null,null,"TWOGAUSSIANS",8,1.6214312,0.62616694,0.0059820577,0.3606037,0.043182816,0.31568068,0.014834612,0.3375811,0.2946955,0.4,0.0,0.029909864,0.27449247
375316653866487564,6706632595672948608,0.5280386,2371.692886936942,3.2874285273515826,1.8386367E-5,18.397467,0.016948164,0.2662921,0.0066182287,0.0837741,0.00800698,0.32484266,0.020573216,0.76143783,0.008211824,0.080100745,0.013315997,0.30996072,0.04714757,null,null,null,null,"TWOGAUSSIANS",8,12.951796,0.2662921,0.0066182287,0.4,0.0,0.31932542,0.01868139,0.76143783,0.008211824,0.4,0.0,0.30444345,0.050474577
375316653866487564,6706634004425518848,0.47283423,2350.740521670598,0.08515684992281687,1.1256071E-5,18.78227,0.0055271913,0.4242811,0.0024958178,0.028713865,0.0030821438,0.18606196,0.016935188,0.8486305,0.015497369,0.06369616,0.014901095,0.24196981,0.092843175,null,null,null,null,"TWOGAUSSIANS",8,4.553865,0.8486305,0.015497369,0.3566985,0.08344614,0.24196981,0.09284318,0.4242811,0.0024958178,0.16079764,0.017260006,0.18606196,0.01693519
375316653866487564,6706636718840129536,0.63256437,2359.4949765102447,3.7952141876567365,1.1511871E-5,18.28261,0.008739527,0.26847214,0.0036382887,0.041556202,0.004341916,0.3039045,0.033775385,0.7687271,0.0025411732,0.04082084,0.003294443,0.22875252,0.017386423,0.08835572,0.010528362,0.26847214,0.0036382887,"TWOGAUSSIANS_WITH_ELLIPSOIDAL_ON_ECLIPSE1",9,1.7384088,0.26847214,0.0036382887,0.23271474,0.02431473,0.4806159,0.022913901,0.7687271,0.0023641437,0.22859672,0.018448882,0.4054635,0.00817661
375316653866487564,6706637272898942720,0.58865225,2352.797983961262,1.4275063588419947,1.2873375E-5,14.505601,0.019859591,0.21429974,0.002144449,0.11575227,0.009333451,0.21104926,0.018938275,0.71476185,0.002972766,0.09585778,0.0098738065,0.26650962,0.01596491,null,null,null,null,"TWOGAUSSIANS",8,31.836998,0.71476185,0.0029813831,0.4,0.0,0.23818363,0.0054726033,0.21429974,0.002144449,0.4,0.0,0.18268643,0.006331845
375316653866487564,6706647542158167168,0.4990308,2331.3821773138734,4.0332597618757555,2.3870009E-5,18.278212,0.05414698,0.29979023,0.015614715,0.11409657,0.032351416,0.15350746,0.05537474,0.8374579,0.014269009,0.10139621,0.02395629,0.22512227,0.05319049,null,null,null,null,"TWOGAUSSIANS",8,4.064845,0.8375179,0.014018894,0.4,0.0,0.20893873,0.015125751,0.29976022,0.015536874,0.4,0.0,0.13728687,0.01905046
375316653866487564,6706649367527185664,0.46500573,2308.3231217873645,1.6102285295007959,3.4568584E-5,16.304037,0.025865238,0.2810911,0.014221729,0.07623829,0.038375255,0.15218127,0.024102123,0.76099056,0.008843743,0.08596459,0.012409114,0.25336385,0.024536017,null,null,null,null,"TWOGAUSSIANS",8,105.06379,0.76099056,0.008843743,0.4,0.0,0.25103873,0.019613827,0.2810911,0.014221729,0.4,0.06868398,0.14985618,0.024859872
375316653866487564,6706651596619583232,0.5385585,2331.032818033952,3.651118857773576,4.1252217E-5,19.658905,0.029317524,0.25574973,0.00605605,0.08636906,0.009625173,0.42738187,0.036466792,0.73606944,0.009955158,0.090087004,0.013942317,0.43975252,0.06229366,null,null,null,null,"TWOGAUSSIANS",8,2.4663212,0.73606944,0.009955158,0.4,0.0,0.4284121,0.06187419,0.25574973,0.006052326,0.4,0.0,0.4160417,0.03114578
375316653866487564,6706651871484897792,0.53627753,2325.3072024499,4.576061518526791,1.1381202E-5,17.665747,0.01763149,0.1586093,0.007001508,0.033919405,0.023158576,0.121168375,0.052374,0.63819605,0.008087374,0.037026174,0.014162016,0.25712067,0.04147338,0.08614247,0.041441523,0.1586093,0.007001508,"TWOGAUSSIANS_WITH_ELLIPSOIDAL_ON_ECLIPSE1",9,21.817274,0.63956606,0.0072113574,0.20734659,0.07930729,0.4267746,0.04665244,0.1586093,0.007001508,0.18994868,0.12968802,0.29345304,0.041759275
375316653866487564,6706651944507357056,0.5971936,2327.7654168045156,2.0253119089680975,7.160691E-6,14.7497015,0.017272763,0.25838974,0.0028595547,0.12333738,0.010556799,0.1795173,0.015561502,0.75542283,0.0017942266,0.10842386,0.008149665,0.19998914,0.014439107,null,null,null,null,"TWOGAUSSIANS",8,15.154744,0.75542283,0.0017942266,0.4,0.0,0.16438705,0.0045749224,0.25838974,0.0028655322,0.4,0.0,0.14382754,0.0031930925
375316653866487564,6706651978867111040,0.5617176,2349.013314702052,3.93356519082514,1.3441965E-5,18.023525,0.010454839,0.20862526,0.006812506,0.05773378,0.014216979,0.51078004,0.11552129,0.70721155,0.003584031,0.0764233,0.0050091706,0.35751045,0.019057252,null,null,null,null,"TWOGAUSSIANS",8,6.540612,0.20862526,0.006812506,0.32330918,0.07568324,0.5100183,0.11756923,0.70721155,0.003584031,0.4,0.0,0.3567487,0.019254465
375316653866487564,6706653765576089216,0.5700585,2355.575013186811,0.6756191341418248,3.7665006E-5,15.237578,0.007892767,0.26581016,0.0029225731,0.03876339,0.0037627495,0.4890692,0.047748506,null,null,null,null,null,null,0.039341006,0.010057795,0.26581016,0.0029225731,"ONEGAUSSIAN_WITH_ELLIPSOIDAL",6,62.373943,0.26581016,0.0029225731,0.21707498,0.021071397,0.56775105,0.051806595,null,null,null,null,null,null
375316653866487564,6706657648216086912,0.51653206,2337.6683292004063,2.8755830365675386,2.0078529E-5,17.832638,0.010522364,0.21189183,0.0048872256,0.08468638,0.012271218,0.1296394,0.008463989,0.72293735,0.0222094,0.08679438,0.026875628,0.12723139,0.029671485,null,null,null,null,"TWOGAUSSIANS",8,3.2060232,0.21189183,0.0048872256,0.4,0.0,0.12661214,0.005814245,0.72293735,0.0222094,0.4,0.051407978,0.124204114,0.03185469
375316653866487564,6706657820022676608,0.5927837,2314.882462104701,2.6624561105280926,2.851942E-6,16.541723,0.001726739,0.31824327,6.6327467E-4,0.058991015,0.0014554037,0.15181163,0.0048489505,null,null,null,null,null,null,0.05285857,0.0033590612,0.31824327,6.6327467E-4,"ONEGAUSSIAN_WITH_ELLIPSOIDAL",6,5.4067264,0.31824327,6.6327467E-4,0.33034968,0.008150261,0.25750977,0.0048354263,null,null,null,null,null,null
375316653866487564,6706657850079825280,0.58724236,2300.705148017864,3.9706155292450607,8.436085E-6,18.938496,0.011339839,0.26573697,0.0016938946,0.076380655,0.002798992,0.5405012,0.027000528,0.76394624,0.0028336053,0.0780953,0.003915708,0.503607,0.013762993,null,null,null,null,"TWOGAUSSIANS",8,2.4808211,0.26573697,0.0016938946,0.4,0.0,0.5351678,0.027074553,0.76394624,0.0028336053,0.4,0.0,0.4982736,0.013217558
375316653866487564,6706659121389057664,0.61100835,2367.653022072773,3.647879393764234,5.6268937E-6,17.693157,0.0046552364,0.27006507,0.0022215492,0.04196701,0.0031901095,0.215622,0.015960658,0.77169925,0.0015382055,0.047192205,0.0024707788,0.24250533,0.01110006,0.07883593,0.007920621,0.27006507,0.0022215492,"TWOGAUSSIANS_WITH_ELLIPSOIDAL_ON_ECLIPSE1",9,2.9995077,0.77169925,0.0015119772,0.26427633,0.0138363615,0.4001603,0.00725153,0.27006507,0.0022215492,0.23501524,0.017864613,0.3732936,0.012187567
375316653866487564,6706659877304730496,0.45020774,2350.9047562293513,1.0740836469034032,3.1950112E-5,18.676071,0.0036913042,0.22967476,0.03986494,0.052227523,0.025505017,0.037389092,0.115326755,0.51627094,0.0019941323,0.017421292,0.0027478372,0.9321029,0.535112,null,null,null,null,"TWOGAUSSIANS",8,2.8510244,0.51627094,0.0019941323,0.097559236,0.015387889,0.932103,0.535112,0.22967476,0.03986494,0.29247412,0.1428281,0.037389092,0.115326755
375316653866487564,6706662900960291712,0.6536029,2338.2662049551914,3.461188019442547,5.9828526E-6,17.895935,0.011754698,0.27610812,0.0018519546,0.03992015,0.003788303,0.51809,0.030410284,0.78327835,0.0046203923,0.04545025,0.0051794695,0.5030131,0.028053723,0.15524249,0.0151444245,0.27610812,0.0018519546,"TWOGAUSSIANS_WITH_ELLIPSOIDAL_ON_ECLIPSE1",9,8.057511,0.27610812,0.0018519546,0.22355284,0.021214496,0.8285746,0.029676262,0.78327835,0.0046203923,0.2545214,0.029005028,0.8128679,0.014265262
375316653866487564,6706671357753064320,0.46011505,2377.4861820333163,3.129869798055523,3.8469207E-5,19.485788,0.015390802,0.26062003,0.011105849,0.06227982,0.014296838,0.20544781,0.049099244,0.73414344,0.008713892,0.02489034,0.017072992,0.7178578,459741.6,null,null,null,null,"TWOGAUSSIANS",8,5.03435,0.73414344,0.008713892,0.13938591,0.095608756,0.7178578,459741.6,0.26062003,0.011105849,0.34876698,0.08006229,0.2054478,0.049099278
375316653866487564,6706671800134141568,0.55013084,2329.3356619805586,3.5801571949013717,2.026394E-5,17.82414,0.028731642,0.19731836,0.0074832696,0.10324598,0.01713978,0.22565103,0.027087066,0.69266236,0.0071905833,0.104610585,0.015176663,0.22543924,0.027962111,null,null,null,null,"TWOGAUSSIANS",8,4.370249,0.19731836,0.007488455,0.4,0.0,0.20198385,0.010130477,0.69266236,0.0071905833,0.4,0.0,0.20177075,0.010281943
375316653866487564,6706672560351061632,0.5897484,2318.8232060589094,2.512592445475715,8.071112E-6,16.710472,0.008826527,0.3023759,0.0026048468,0.08757996,0.0033352603,0.35215917,0.011663599,0.7990396,0.0021597643,0.08834651,0.0036379122,0.32231104,0.009258248,null,null,null,null,"TWOGAUSSIANS",8,11.497992,0.3023759,0.0026048468,0.4,0.0,0.34091625,0.010563572,0.7990396,0.0021597643,0.4,0.0,0.3110681,0.0074135945
375316653866487564,6706672835228995072,0.44883323,2289.9837203877096,2.5922855668933824,7.456285E-5,13.339038,0.05375535,0.30223793,0.011847472,0.14214411,0.053645473,0.095082894,0.04999233,0.8304276,0.029172428,0.12699819,0.04796499,0.057682864,0.051071417,null,null,null,null,"TWOGAUSSIANS",8,237.66826,0.30194795,0.011437363,0.4,0.0,0.073431715,0.011194128,0.83238757,0.027402343,0.4,0.0,0.036450334,0.008303223
375316653866487564,6706673694222553344,0.4606208,2307.949924000945,2.351717116905075,1.850326E-6,17.267437,0.003116385,0.23007654,0.0035661345,0.0017887633,8.9294E-4,1.335814,1.360301,null,null,null,null,null,null,0.048325066,0.0037688566,0.23007654,0.0035661345,"ONEGAUSSIAN_WITH_ELLIPSOIDAL",6,16.133799,0.23007654,0.0035661345,0.010017075,0.0050004637,1.4324641,1.3630519,null,null,null,null,null,null
375316653866487564,6706678053606666368,0.5566536,2359.271956148001,0.3179216754189803,4.200468E-6,18.54055,0.002129391,0.31383416,0.03667875,0.067758925,0.02346611,0.030592632,0.020721294,0.6010952,9.5715954E-8,0.0013718101,7.4406967E-6,1.6299813,0.015670903,null,null,null,null,"TWOGAUSSIANS",8,4.1032286,0.6010952,9.5715954E-8,0.0076821367,4.16679E-5,1.6299851,0.015655844,0.31383416,0.03667875,0.37944996,0.10269435,0.030592632,0.020721294
375316653866487564,6706679840313299968,0.51999825,2340.6753043122244,3.671807997414834,1.7248147E-5,18.608763,0.029134639,0.2902815,0.0033162592,0.0963491,0.013868431,0.26940915,0.028929746,0.78938276,0.006476179,0.091544986,0.011787779,0.2628856,0.035176594,null,null,null,null,"TWOGAUSSIANS",8,3.5640378,0.2902815,0.0033162592,0.4,0.0,0.25417274,0.02700791,0.78938276,0.006476179,0.4,0.0,0.24764979,0.028775094
375316653866487564,6706681077268821888,0.44826043,2363.37685203218,0.061625603292425314,1.266654E-4,18.0952,0.010350165,0.09756181,0.013424664,0.07721124,0.015638802,0.04263285,0.012232878,0.60390574,0.0057595717,0.0047113216,0.0026146292,0.23742954,0.1535746,null,null,null,null,"TWOGAUSSIANS",8,7.8192477,0.60390574,0.0057595717,0.026383402,0.014641923,0.23742954,0.15357459,0.09756181,0.013424664,0.4,0.008327867,0.04263285,0.012232867
375316653866487564,6706681768760818432,0.562585,2336.097702640996,4.022781819561942,1.5675401E-5,19.464346,0.006082243,0.28129598,0.00369539,0.083451785,0.0030031407,0.4226301,0.014784071,0.7635277,0.0036258826,0.07876183,0.00561901,0.3463413,0.019225845,null,null,null,null,"TWOGAUSSIANS",8,0.83671916,0.28129598,0.00369539,0.4,0.0,0.41792706,0.014782498,0.7635277,0.0036258826,0.4,0.0,0.3416383,0.020122502
375316653866487564,6706683001414679680,0.48658064,2336.4828166145244,2.788337697650654,1.952135E-5,17.807154,0.0068490277,null,null,null,null,null,null,null,null,null,null,null,null,0.15010421,0.00946689,0.17955686,0.004848312,"ELLIPSOIDAL",4,31.579725,null,null,null,null,null,null,null,null,null,null,null,null
375316653866487564,6706683688605302528,0.5404364,2324.090853391431,1.1969904555892976,1.7436634E-5,19.414232,0.015156777,0.29827955,0.0036198236,0.034211203,0.0037528833,0.4929617,0.033680256,0.7951203,0.027312739,0.02401321,0.03005436,1.9159509,4.16471,null,null,null,null,"TWOGAUSSIANS",8,5.611466,0.7951203,0.027312739,0.13447398,0.16830441,1.9159509,4.16471,0.29827955,0.0036198236,0.19158274,0.021016147,0.4929617,0.033680256
375316653866487564,6706687743053095680,0.46951205,2314.99735310139,0.31968790114846957,1.7141956E-5,17.682981,0.014270084,0.12584357,0.022787668,0.03587893,0.040640596,0.08496576,0.031592485,0.7595245,0.017891753,0.025531055,0.018121181,0.16824928,0.24440572,0.046077035,0.01482933,0.7595245,0.017891753,"TWOGAUSSIANS_WITH_ELLIPSOIDAL_ON_ECLIPSE2",9,38.634937,0.7595245,0.017891753,0.14297391,0.101478614,0.26040336,0.25117153,0.13490357,0.05949322,0.20092201,0.20859693,0.12859613,0.015386006
