Gaia/vari_eclipsing_binary/VariEclipsingBinary_614401-614453.csv
# %ECSV 1.0
# ---
# delimiter: ','
# meta: !!omap
# - RELEASE: Gaia DR3
# - TABLE: vari_eclipsing_binary
# - DESCRIPTION: >
#     This table describes the properties of the eclipsing binaries resulting from the variability analysis. 
# - CITATION: >
#     How to cite and acknowledge Gaia: 
#     https://gea.esac.esa.int/archive/documentation/credits.html 
# - KNOWN_ISSUES: >
#     Known issues: 
#     https://www.cosmos.esa.int/web/gaia-users/known-issues 
# - DOCUMENTATION: >
#     Tutorials and documentation: 
#     https://www.cosmos.esa.int/web/gaia-users/archive 
# datatype:
# - 
#   name: solution_id
#   datatype: int64
#   description: Solution Identifier
#   meta:
#     ucd: meta.version
# - 
#   name: source_id
#   datatype: int64
#   description: Unique source identifier
#   meta:
#     ucd: meta.id;meta.main
# - 
#   name: global_ranking
#   datatype: float32
#   description: Number between 0 (worst) and 1 (best)
#   meta:
#     ucd: stat.param
# - 
#   name: reference_time
#   datatype: float64
#   unit: d
#   description: Reference time used for the geometric model fit
#   meta:
#     ucd: time.epoch
# - 
#   name: frequency
#   datatype: float64
#   unit: d**-1
#   description: Frequency of geometric model of the eclipsing binary light curve
#   meta:
#     ucd: src.orbital
# - 
#   name: frequency_error
#   datatype: float32
#   unit: d**-1
#   description: "Uncertainty of \\texttt{frequency}"
#   meta:
#     ucd: stat.error
# - 
#   name: geom_model_reference_level
#   datatype: float32
#   unit: mag
#   description: Magnitude reference level of geometric model
#   meta:
#     ucd: phot.mag;em.opt
# - 
#   name: geom_model_reference_level_error
#   datatype: float32
#   unit: mag
#   description: "Uncertainty of \\texttt{geomModelReferenceLevel}"
#   meta:
#     ucd: stat.error;phot.mag;em.opt
# - 
#   name: geom_model_gaussian1_phase
#   datatype: float32
#   description: Phase of the Gaussian 1 component
#   meta:
#     ucd: time.phase
# - 
#   name: geom_model_gaussian1_phase_error
#   datatype: float32
#   description: "Uncertainty of \\texttt{geomModelGaussian1Phase}"
#   meta:
#     ucd: stat.error;time.phase
# - 
#   name: geom_model_gaussian1_sigma
#   datatype: float32
#   description: "Standard deviation [phase] of Gaussian 1 component"
#   meta:
#     ucd: stat.stdev
# - 
#   name: geom_model_gaussian1_sigma_error
#   datatype: float32
#   description: "Uncertainty of \\texttt{geomModelGaussian1Sigma}"
#   meta:
#     ucd: stat.error
# - 
#   name: geom_model_gaussian1_depth
#   datatype: float32
#   unit: mag
#   description: Magnitude depth of Gaussian 1 component
#   meta:
#     ucd: src.var.amplitude
# - 
#   name: geom_model_gaussian1_depth_error
#   datatype: float32
#   unit: mag
#   description: "Uncertainty of \\texttt{geomModelGaussian1Depth}"
#   meta:
#     ucd: stat.error;src.var.amplitude
# - 
#   name: geom_model_gaussian2_phase
#   datatype: float32
#   description: Phase of Gaussian 2 component
#   meta:
#     ucd: time.phase
# - 
#   name: geom_model_gaussian2_phase_error
#   datatype: float32
#   description: "Uncertainty of \\texttt{geomModelGaussian2Phase}"
#   meta:
#     ucd: stat.error;time.phase
# - 
#   name: geom_model_gaussian2_sigma
#   datatype: float32
[...]
#   datatype: float32
#   description: "Secondary eclipse: uncertainty of \\texttt{derivedSecondaryEclDuration}"
#   meta:
#     ucd: stat.error;time.duration
# - 
#   name: derived_secondary_ecl_depth
#   datatype: float32
#   unit: mag
#   description: "Secondary eclipse: depth"
#   meta:
#     ucd: src.var.amplitude
# - 
#   name: derived_secondary_ecl_depth_error
#   datatype: float32
#   unit: mag
#   description: "Secondary eclipse: uncertainty of \\texttt{derivedSecondaryEclDepth}"
#   meta:
#     ucd: stat.error;src.var.amplitude
solution_id,source_id,global_ranking,reference_time,frequency,frequency_error,geom_model_reference_level,geom_model_reference_level_error,geom_model_gaussian1_phase,geom_model_gaussian1_phase_error,geom_model_gaussian1_sigma,geom_model_gaussian1_sigma_error,geom_model_gaussian1_depth,geom_model_gaussian1_depth_error,geom_model_gaussian2_phase,geom_model_gaussian2_phase_error,geom_model_gaussian2_sigma,geom_model_gaussian2_sigma_error,geom_model_gaussian2_depth,geom_model_gaussian2_depth_error,geom_model_cosine_half_period_amplitude,geom_model_cosine_half_period_amplitude_error,geom_model_cosine_half_period_phase,geom_model_cosine_half_period_phase_error,model_type,num_model_parameters,reduced_chi2,derived_primary_ecl_phase,derived_primary_ecl_phase_error,derived_primary_ecl_duration,derived_primary_ecl_duration_error,derived_primary_ecl_depth,derived_primary_ecl_depth_error,derived_secondary_ecl_phase,derived_secondary_ecl_phase_error,derived_secondary_ecl_duration,derived_secondary_ecl_duration_error,derived_secondary_ecl_depth,derived_secondary_ecl_depth_error
[from data line 254]
375316653866487564,5404459092059575552,0.48512,2077.6201038872478,1.0365952929730509,1.2097012E-5,19.430424,0.0052923732,0.24065351,0.0121415835,0.042110972,0.010277075,0.1994038,0.44149515,0.7793691,0.0011358218,0.022505086,0.0011713877,0.42708805,0.038392656,null,null,null,null,"TWOGAUSSIANS",8,2.0000415,0.7793691,0.0011358218,0.12602848,0.0065597715,0.42708805,0.038392656,0.24065351,0.0121415835,0.23582144,0.05755162,0.1994038,0.44149515
375316653866487564,5404459332577598848,0.49329627,2097.7817156562937,2.4869534892480814,1.1367987E-5,19.515951,0.031802773,0.2859373,0.005651225,0.07458228,0.012488206,0.27241412,0.034142118,0.80087596,0.005914407,0.07614393,0.014124938,0.2579963,0.030409353,null,null,null,null,"TWOGAUSSIANS",8,3.6557262,0.2859373,0.005651225,0.4,0.004138108,0.270866,0.03125901,0.80087596,0.005914407,0.4,0.0,0.25644815,0.026829628
375316653866487564,5404459504387262848,0.55970937,2109.4437578252173,0.6107462334868048,5.1833836E-6,15.810689,0.0011978097,0.19076593,0.0032043878,0.021699049,0.0026262575,0.071108975,0.0059472662,0.688187,0.006847229,0.036223546,0.0107706105,0.08751289,0.017019376,0.026073493,0.0017354748,0.19076593,0.0032043878,"TWOGAUSSIANS_WITH_ELLIPSOIDAL_ON_ECLIPSE1",9,7.2580557,0.688337,0.006402999,0.20285186,0.06031542,0.13964692,0.01792745,0.19076593,0.0032043878,0.12151467,0.014707043,0.12325589,0.005421419
375316653866487564,5404459847984669824,0.62481034,2132.545904106001,0.2387394568504407,1.3131165E-6,15.175744,5.3458556E-4,0.17463298,0.006757947,0.04054041,0.032866355,0.06171343,5.0608754E15,0.7299587,4.497101E-4,0.01448266,8.890832E-4,0.20764002,0.011663675,0.002514276,6.9452287E-4,0.17463298,0.006757947,"TWOGAUSSIANS_WITH_ELLIPSOIDAL_ON_ECLIPSE1",9,3.8199737,0.7299587,4.497101E-4,0.08110289,0.004978866,0.212085,0.0120641645,0.17463298,0.006757947,0.22702628,0.18405159,0.06674197,5.0608754E15
375316653866487564,5404459916704166016,0.6460579,2141.42864346428,0.47249270741987237,3.4908371E-6,14.770707,0.0023375284,0.21376078,0.001908757,0.038169563,0.0019111916,0.17947,0.010252636,0.71104723,0.0025092955,0.03998852,0.002265515,0.19684601,0.0067526167,0.043114718,0.0028920781,0.21376078,0.001908757,"TWOGAUSSIANS_WITH_ELLIPSOIDAL_ON_ECLIPSE1",9,20.924883,0.71118724,0.002357525,0.22393572,0.012686885,0.28305155,0.004564189,0.21376078,0.001908757,0.21374954,0.010702673,0.2656993,0.008838195
375316653866487564,5404460157222331136,0.5209887,2156.7161317981618,1.3168825954963916,1.4597203E-5,16.344938,0.0053574895,0.27015302,0.006900029,0.04598106,0.010865987,0.027717689,0.013845586,0.7528606,0.0076085795,0.04663644,0.013266728,0.11758437,0.009883353,0.026826074,0.007331455,0.27015302,0.006900029,"TWOGAUSSIANS_WITH_ELLIPSOIDAL_ON_ECLIPSE1",9,10.700182,0.7541106,0.006587914,0.26116407,0.07429368,0.17065096,0.013554013,0.27015302,0.006900029,0.25749394,0.06084953,0.08136978,0.003698048
375316653866487564,5404461286767606144,0.4535635,2105.6861175036306,3.0781882363098343,2.9848943E-5,19.33935,0.012028137,0.233243,0.011878771,0.06864101,0.010582362,0.19300242,0.033632595,0.7228699,0.012402075,0.086551964,0.013482327,0.16582504,0.018781912,null,null,null,null,"TWOGAUSSIANS",8,3.8043694,0.233243,0.011878771,0.3843896,0.054739736,0.19142585,0.033478085,0.7228699,0.012402075,0.4,0.0,0.16424845,0.018361747
375316653866487564,5404461462886166656,0.6440345,2139.1293695871877,0.23028294588199913,9.982748E-7,17.921825,0.0028554786,0.12865007,0.0050896797,0.01537556,0.003268317,1.0739181,1.0966102,0.6320406,2.0303264E-4,0.01258899,1.8947045E-4,1.2605563,0.023304272,null,null,null,null,"TWOGAUSSIANS",8,5.3216667,0.6320406,2.0303264E-4,0.07049835,0.0010610345,1.2605563,0.023304272,0.12865007,0.0050896797,0.086103134,0.018302575,1.0739181,1.0966102
375316653866487564,5404461802163675008,0.48327798,2123.5637814300153,2.3538534449220365,2.1019516E-5,18.649532,0.003187212,null,null,null,null,null,null,null,null,null,null,null,null,0.052565236,0.0050231493,0.27217627,0.006194091,"ELLIPSOIDAL",4,2.4947016,null,null,null,null,null,null,null,null,null,null,null,null
375316653866487564,5404462012618424832,0.57883203,2136.8274433295005,2.5401842418683946,8.795074E-6,18.766098,0.007602909,0.2741318,0.0033888828,0.08660274,0.004772937,0.35109764,0.010106755,0.77503914,0.0029925348,0.081360295,0.0048758094,0.33873653,0.010491349,null,null,null,null,"TWOGAUSSIANS",8,2.056158,0.2741318,0.0033888828,0.4,0.0,0.34301627,0.009261018,0.77503914,0.0029925348,0.4,0.0,0.33065516,0.01080938
375316653866487564,5404462046978199552,0.4667567,2135.7984282100833,3.582338019838493,1.3095136E-5,19.654251,0.017610408,0.3262421,0.0043968526,0.08682238,0.011014564,0.2511175,0.020046195,0.79784894,0.0063446956,0.09499205,0.013023623,0.22940496,0.01825792,null,null,null,null,"TWOGAUSSIANS",8,2.5646522,0.3262421,0.004395839,0.4,0.0,0.24410914,0.019370895,0.79784894,0.0063446956,0.4,0.0,0.22239563,0.019281518
375316653866487564,5404462768532783744,0.5213156,2103.3555679092397,0.6581612707693911,8.298068E-6,19.718054,0.0053944816,0.4156578,0.0018025399,0.019019492,0.0016986609,0.44692463,0.038515206,0.91236126,0.004843671,0.020525187,0.0029184415,0.43386397,0.047542777,null,null,null,null,"TWOGAUSSIANS",8,1.6477071,0.4156578,0.0018025399,0.10650916,0.009512501,0.44692463,0.038515206,0.91236126,0.004843671,0.114941046,0.016343271,0.43386397,0.047542777
375316653866487564,5404462905971786880,0.564577,2096.0870172228542,2.890257303576028,5.2864807E-6,18.800821,0.00910875,0.22518851,0.0021833796,0.08067079,0.0027682788,0.43800887,0.014670811,0.723536,0.0022168318,0.087442294,0.0032557254,0.44754392,0.012009852,null,null,null,null,"TWOGAUSSIANS",8,2.183805,0.723536,0.0022168318,0.4,0.0,0.43722835,0.0113411145,0.22518851,0.0021833796,0.4,0.0,0.42769337,0.013989391
375316653866487564,5404464933219624576,0.61144966,2122.517247725374,0.021151002614036983,1.3157986E-4,16.18382,0.0012900386,0.6881701,0.0030997766,0.0055448473,0.004706164,0.43940297,0.20274976,null,null,null,null,null,null,0.0042759934,0.0015303778,0.6881701,0.0030997766,"ONEGAUSSIAN_WITH_ELLIPSOIDAL",6,5.6393886,0.6881701,0.0030997766,0.031051146,0.02635452,0.44795492,0.20302697,null,null,null,null,null,null
375316653866487564,5404466131490844288,0.5407094,2112.7823343525033,3.176564562786366,6.922582E-6,18.44488,0.012766346,0.3378618,0.0036219195,0.094617836,0.006321455,0.27675813,0.012157354,0.84787726,0.001644963,0.094682924,0.0056776344,0.21701324,0.0119677745,null,null,null,null,"TWOGAUSSIANS",8,1.826664,0.3378618,0.0036219195,0.4,0.0,0.2637696,0.0069670267,0.84787726,0.001644963,0.4,0.0,0.20402482,0.00788372
375316653866487564,5404466475085931520,0.6126002,2108.792769452223,0.7603334247407193,2.4106492E-5,17.800568,0.011754047,0.2966079,0.012498423,0.029838853,0.009208065,0.7529547,0.106076255,0.7937724,0.00863678,0.021778919,0.01854459,0.06523211,63.233227,0.018664641,0.01686154,0.2966079,0.012498423,"TWOGAUSSIANS_WITH_ELLIPSOIDAL_ON_ECLIPSE1",9,6.459698,0.2966079,0.012498423,0.16709757,0.051565163,0.790284,0.08448677,0.7938324,0.008507445,0.12196195,0.1038497,0.10254979,63.240845
375316653866487564,5404466548127349120,0.5182846,2113.395369594655,1.77157262350745,1.6694819E-6,17.46068,0.0016487112,0.2718048,0.06094634,0.051600076,0.0569983,0.012935965,0.013378708,0.49631953,0.0026871494,0.006665321,0.0011880154,0.26430735,0.042798344,null,null,null,null,"TWOGAUSSIANS",8,4.008303,0.49631953,0.0026871494,0.0373258,0.0066528865,0.26430836,0.042798463,0.2718048,0.06094634,0.28896043,0.3191905,0.012935965,0.013378708
375316653866487564,5404466887402755840,0.5645795,2105.9515755657844,2.257487439052394,1.0130162E-5,19.296421,0.011402894,0.2646253,0.0030062378,0.045328632,0.003895552,0.6221244,0.06038148,0.76339513,0.0020446233,0.039558966,0.0025137109,0.53717935,0.049022686,0.07793326,0.013868462,0.2646253,0.0030062378,"TWOGAUSSIANS_WITH_ELLIPSOIDAL_ON_ECLIPSE1",9,3.0963883,0.2646253,0.0030062378,0.25384033,0.02181509,0.77799064,0.063466564,0.7634351,0.0019743424,0.2215302,0.0140767805,0.6930366,0.049140837
375316653866487564,5404466926084503040,0.47499704,2111.2726382038586,2.584060148541283,1.5793754E-5,15.968436,0.63131315,0.297746,0.0063943393,0.15034665,0.03831543,0.45325682,0.37710354,0.79549325,0.006366714,0.20528026,0.10247003,0.49036518,0.6141513,null,null,null,null,"TWOGAUSSIANS",8,51.432106,0.29868603,0.006297229,0.4,0.0,0.15941788,0.009682907,0.79549325,0.006366714,0.4,0.0,0.14961025,0.013344512
375316653866487564,5404466960444234752,0.57892394,2149.9335233750385,2.8520980093023836,6.2138984E-6,17.998657,0.00948383,0.28792548,0.002522718,0.04819613,0.006317259,0.14077024,0.027620483,0.79714197,0.018571317,0.046003036,0.02724941,0.095897146,0.02003394,0.08353119,0.011854629,0.28792548,0.002522718,"TWOGAUSSIANS_WITH_ELLIPSOIDAL_ON_ECLIPSE1",9,3.4884179,0.28792548,0.002522718,0.26989833,0.03537665,0.30783224,0.016952865,0.79714197,0.016357902,0.257617,0.1525967,0.26239952,0.023525689
375316653866487564,5404467712039074688,0.47446945,2151.7987660037074,2.4607297624883695,3.5180394E-5,18.918158,0.01767369,0.3009701,0.013619286,0.071114555,0.08942366,0.04814663,0.0779423,0.78984356,0.0017180495,0.020997582,0.015044037,0.26172444,2.9057362,0.09727928,0.021851774,0.3009701,0.013619286,"TWOGAUSSIANS_WITH_ELLIPSOIDAL_ON_ECLIPSE1",9,7.68721,0.7901235,0.0012671297,0.117586456,0.08424661,0.45525798,2.9338121,0.3009701,0.013619286,0.39824152,0.44848555,0.24260566,0.09866865
375316653866487564,5404467922525412608,0.6169251,2139.2607979361137,2.6358206729898304,4.9963974E-6,18.797098,0.029897861,0.2509012,0.00408819,0.05114194,0.011087363,0.39554787,0.061473913,0.7540436,0.002587893,0.048745733,0.0058523244,0.3797065,0.06191543,0.10486848,0.03400387,0.2509012,0.00408819,"TWOGAUSSIANS_WITH_ELLIPSOIDAL_ON_ECLIPSE1",9,2.9006171,0.2509012,0.00408819,0.28639486,0.06208923,0.6052811,0.051211633,0.7540436,0.002587893,0.2729761,0.032773018,0.58935803,0.009987925
375316653866487564,5404468330511899136,0.5060098,2104.852236975726,2.6791065858548704,1.148435E-5,19.118307,0.015562945,0.30890864,0.00781233,0.08615014,0.011231015,0.20302305,0.016860325,0.80538076,0.0022383335,0.08493078,0.0076935375,0.24429847,0.018400252,null,null,null,null,"TWOGAUSSIANS",8,1.9458205,0.80538076,0.0022383335,0.4,0.0,0.23844807,0.017675024,0.30890864,0.00781233,0.4,0.0,0.19717266,0.013662352
375316653866487564,5404468747150683904,0.6677314,2122.1483464005687,0.5839612100314321,1.5633668E-6,15.229914,0.0023682136,0.22548386,0.0036439004,0.033810772,0.004674287,0.056497704,0.010796344,0.7294635,5.464021E-4,0.043995026,7.9220434E-4,0.2798606,0.004816541,0.031777132,0.002924953,0.22548386,0.0036439004,"TWOGAUSSIANS_WITH_ELLIPSOIDAL_ON_ECLIPSE1",9,10.84877,0.7294635,5.464021E-4,0.24637213,0.0044363444,0.34337512,0.0019007914,0.22548386,0.0036439004,0.18934034,0.026176007,0.12005195,0.009743184
375316653866487564,5404469052069091456,0.49461553,2104.899237086607,0.27340774895263137,8.52441E-6,18.41231,0.0025595725,0.266535,0.0014700684,0.014219739,0.0023754805,0.3742549,0.24449694,0.7667261,0.0012893131,0.01585768,0.0013128617,0.24161328,0.03815423,null,null,null,null,"TWOGAUSSIANS",8,2.6549487,0.266535,0.0014700684,0.07963054,0.01330269,0.3742549,0.24449694,0.7667261,0.0012893131,0.08880301,0.0073520252,0.24161328,0.03815423
375316653866487564,5404469537401560832,0.5322403,2121.918135463644,3.8255918596097844,1.4614144E-5,19.598276,0.012341967,0.26882386,0.006006315,0.06988395,0.0056221513,0.45063975,0.026459083,0.77545613,0.006858315,0.07626199,0.005352036,0.5115282,0.041531593,null,null,null,null,"TWOGAUSSIANS",8,2.4205246,0.77545613,0.006858315,0.4,0.0,0.5091644,0.04171742,0.26882386,0.006006315,0.39135012,0.022715984,0.44827595,0.025905102
375316653866487564,5404469777943409408,0.59413666,2083.6586918531834,1.9033311045040313,5.3439176E-6,16.957863,0.00275879,0.12723629,0.0017057261,0.076081686,0.0024496084,0.2599744,0.0065429714,0.63627225,0.0040084785,0.09068807,0.004033481,0.1861762,0.00637355,null,null,null,null,"TWOGAUSSIANS",8,3.8487093,0.12723629,0.0017057261,0.4,0.0,0.2558943,0.006806098,0.63627225,0.0040084785,0.4,0.0,0.182096,0.0064338837
375316653866487564,5404470602576956544,0.5514958,2122.8568290141625,2.144472620936545,1.0902461E-5,18.486185,0.020210983,0.30867606,0.0055398443,0.04566071,0.0063444325,0.6490785,0.051335372,0.80585545,0.026291097,0.039069183,0.027932236,0.18978746,0.059274636,0.09586553,0.026657023,0.30867606,0.0055398443,"TWOGAUSSIANS_WITH_ELLIPSOIDAL_ON_ECLIPSE1",9,8.636883,0.30867606,0.0055398443,0.2557,0.035528824,0.8408092,0.038612094,0.8061654,0.025039632,0.21878743,0.15642053,0.38146454,0.060256734
375316653866487564,5404470636936706432,0.4636596,2112.8543733509455,0.40449450276456966,3.7737782E-6,16.562819,0.0065852674,0.17117384,4.2499014E-4,0.021117492,0.0012591516,0.6006648,0.027214667,null,null,null,null,null,null,0.015994096,0.009466068,0.17117384,4.2499014E-4,"ONEGAUSSIAN_WITH_ELLIPSOIDAL",6,123.9675,0.17117384,4.2499014E-4,0.118257955,0.007051249,0.63265294,0.036476355,null,null,null,null,null,null
375316653866487564,5404471770808267392,0.47909623,2278.84213934931,0.1889685946056519,8.576917E-5,14.826644,0.007997473,0.16257589,0.052181084,0.04308272,0.028542258,0.15254311,0.08665198,0.6064106,0.03920838,0.105363496,0.026236977,0.09795312,0.019285008,null,null,null,null,"TWOGAUSSIANS",8,4.2705584,0.16258588,0.05222115,0.24126324,0.15983665,0.15237722,0.08676334,0.6064106,0.03920838,0.4,0.0,0.0977734,0.019176368
375316653866487564,5404472011302983680,0.5270528,2126.8028791856464,2.354853852638056,1.5641743E-5,19.792604,0.01240969,0.20352297,0.0052569304,0.024519835,0.047099054,0.19080095,0.15034768,0.7026159,0.0129639525,0.02792674,0.018855983,0.15767013,0.018537806,0.1440157,0.02261385,0.20352297,0.0052569304,"TWOGAUSSIANS_WITH_ELLIPSOIDAL_ON_ECLIPSE1",9,1.4158995,0.20352297,0.0052569304,0.13731107,0.2621233,0.4788323,0.13585056,0.7027059,0.012441616,0.15638974,0.10559351,0.44569305,0.03743292
375316653866487564,5404472629801599488,0.5514335,2111.636323360627,2.173231580579471,6.450571E-6,17.653797,0.018216493,0.27450806,0.005351264,0.05837938,0.014013272,0.099441476,0.042886283,0.77162117,0.0020633524,0.053691465,0.0048800204,0.39504963,0.038166244,0.0444924,0.024409229,0.27450806,0.005351264,"TWOGAUSSIANS_WITH_ELLIPSOIDAL_ON_ECLIPSE1",9,13.616414,0.7717612,0.0018834055,0.3006722,0.027328115,0.48398948,0.02120168,0.27450806,0.005351264,0.32692453,0.07847432,0.18840918,0.012682874
375316653866487564,5404473076453854208,0.57559615,2104.0880521837475,1.465947373953561,1.3804041E-5,18.623348,0.0052227355,0.2676289,0.003281118,0.0471903,0.0032102172,0.6586463,0.00771697,0.73612297,0.010086517,0.06071674,0.010100393,0.07043623,0.020542564,null,null,null,null,"TWOGAUSSIANS",8,3.1298048,0.2676289,0.003281118,0.2642657,0.017977217,0.6586444,0.0077168825,0.73612297,0.010086517,0.34001374,0.0565622,0.07043429,0.02054287
375316653866487564,5404473969831322752,0.44045132,2140.508347677771,1.1428117195926035,2.3198643E-5,17.381243,0.0060891346,0.35236225,0.00742789,0.023773711,0.0058258083,0.10819506,0.01911952,0.84417504,0.004181219,0.029040882,0.004064297,0.13403158,0.01093551,null,null,null,null,"TWOGAUSSIANS",8,27.781979,0.84417504,0.004181219,0.16262895,0.022760062,0.13403158,0.01093551,0.35236225,0.00742789,0.13313279,0.032624528,0.10819506,0.01911952
375316653866487564,5404474240389614848,0.4607018,2159.1545583211787,1.6786551577154056,4.5038538E-5,18.846554,0.0067723305,0.2326898,0.0057387166,0.040934544,0.006191514,0.11155615,0.017496504,0.7218646,0.033373598,0.027673103,0.025218498,0.5411975,11.6763735,null,null,null,null,"TWOGAUSSIANS",8,4.2813663,0.7218646,0.033373598,0.15496938,0.14122358,0.5411975,11.6763735,0.2326898,0.0057387166,0.22923344,0.03467248,0.11155615,0.017496502
