Gaia/vari_eclipsing_binary/VariEclipsingBinary_225140-225226.csv
# %ECSV 1.0
# ---
# delimiter: ','
# meta: !!omap
# - RELEASE: Gaia DR3
# - TABLE: vari_eclipsing_binary
# - DESCRIPTION: >
#     This table describes the properties of the eclipsing binaries resulting from the variability analysis. 
# - CITATION: >
#     How to cite and acknowledge Gaia: 
#     https://gea.esac.esa.int/archive/documentation/credits.html 
# - KNOWN_ISSUES: >
#     Known issues: 
#     https://www.cosmos.esa.int/web/gaia-users/known-issues 
# - DOCUMENTATION: >
#     Tutorials and documentation: 
#     https://www.cosmos.esa.int/web/gaia-users/archive 
# datatype:
# - 
#   name: solution_id
#   datatype: int64
#   description: Solution Identifier
#   meta:
#     ucd: meta.version
# - 
#   name: source_id
#   datatype: int64
#   description: Unique source identifier
#   meta:
#     ucd: meta.id;meta.main
# - 
#   name: global_ranking
#   datatype: float32
#   description: Number between 0 (worst) and 1 (best)
#   meta:
#     ucd: stat.param
# - 
#   name: reference_time
#   datatype: float64
#   unit: d
#   description: Reference time used for the geometric model fit
#   meta:
#     ucd: time.epoch
# - 
#   name: frequency
#   datatype: float64
#   unit: d**-1
#   description: Frequency of geometric model of the eclipsing binary light curve
#   meta:
#     ucd: src.orbital
# - 
#   name: frequency_error
#   datatype: float32
#   unit: d**-1
#   description: "Uncertainty of \\texttt{frequency}"
#   meta:
#     ucd: stat.error
# - 
#   name: geom_model_reference_level
#   datatype: float32
#   unit: mag
#   description: Magnitude reference level of geometric model
#   meta:
#     ucd: phot.mag;em.opt
# - 
#   name: geom_model_reference_level_error
#   datatype: float32
#   unit: mag
#   description: "Uncertainty of \\texttt{geomModelReferenceLevel}"
#   meta:
#     ucd: stat.error;phot.mag;em.opt
# - 
#   name: geom_model_gaussian1_phase
#   datatype: float32
#   description: Phase of the Gaussian 1 component
#   meta:
#     ucd: time.phase
# - 
#   name: geom_model_gaussian1_phase_error
#   datatype: float32
#   description: "Uncertainty of \\texttt{geomModelGaussian1Phase}"
#   meta:
#     ucd: stat.error;time.phase
# - 
#   name: geom_model_gaussian1_sigma
#   datatype: float32
#   description: "Standard deviation [phase] of Gaussian 1 component"
#   meta:
#     ucd: stat.stdev
# - 
#   name: geom_model_gaussian1_sigma_error
#   datatype: float32
#   description: "Uncertainty of \\texttt{geomModelGaussian1Sigma}"
#   meta:
#     ucd: stat.error
# - 
#   name: geom_model_gaussian1_depth
#   datatype: float32
#   unit: mag
#   description: Magnitude depth of Gaussian 1 component
#   meta:
#     ucd: src.var.amplitude
# - 
#   name: geom_model_gaussian1_depth_error
#   datatype: float32
#   unit: mag
#   description: "Uncertainty of \\texttt{geomModelGaussian1Depth}"
#   meta:
#     ucd: stat.error;src.var.amplitude
# - 
#   name: geom_model_gaussian2_phase
#   datatype: float32
#   description: Phase of Gaussian 2 component
#   meta:
#     ucd: time.phase
# - 
#   name: geom_model_gaussian2_phase_error
#   datatype: float32
#   description: "Uncertainty of \\texttt{geomModelGaussian2Phase}"
#   meta:
#     ucd: stat.error;time.phase
# - 
#   name: geom_model_gaussian2_sigma
#   datatype: float32
[...]
#   datatype: float32
#   description: "Secondary eclipse: uncertainty of \\texttt{derivedSecondaryEclDuration}"
#   meta:
#     ucd: stat.error;time.duration
# - 
#   name: derived_secondary_ecl_depth
#   datatype: float32
#   unit: mag
#   description: "Secondary eclipse: depth"
#   meta:
#     ucd: src.var.amplitude
# - 
#   name: derived_secondary_ecl_depth_error
#   datatype: float32
#   unit: mag
#   description: "Secondary eclipse: uncertainty of \\texttt{derivedSecondaryEclDepth}"
#   meta:
#     ucd: stat.error;src.var.amplitude
solution_id,source_id,global_ranking,reference_time,frequency,frequency_error,geom_model_reference_level,geom_model_reference_level_error,geom_model_gaussian1_phase,geom_model_gaussian1_phase_error,geom_model_gaussian1_sigma,geom_model_gaussian1_sigma_error,geom_model_gaussian1_depth,geom_model_gaussian1_depth_error,geom_model_gaussian2_phase,geom_model_gaussian2_phase_error,geom_model_gaussian2_sigma,geom_model_gaussian2_sigma_error,geom_model_gaussian2_depth,geom_model_gaussian2_depth_error,geom_model_cosine_half_period_amplitude,geom_model_cosine_half_period_amplitude_error,geom_model_cosine_half_period_phase,geom_model_cosine_half_period_phase_error,model_type,num_model_parameters,reduced_chi2,derived_primary_ecl_phase,derived_primary_ecl_phase_error,derived_primary_ecl_duration,derived_primary_ecl_duration_error,derived_primary_ecl_depth,derived_primary_ecl_depth_error,derived_secondary_ecl_phase,derived_secondary_ecl_phase_error,derived_secondary_ecl_duration,derived_secondary_ecl_duration_error,derived_secondary_ecl_depth,derived_secondary_ecl_depth_error
[from data line 823]
375316653866487564,1981070402787491968,0.5430616,2132.0258838996815,2.923317499580385,1.3747275E-5,16.655825,0.08953528,0.28503424,0.0034905316,0.11885601,0.023156846,0.24296907,0.08636595,0.77908486,0.004504586,0.12548065,0.03452786,0.21762575,0.085794635,null,null,null,null,"TWOGAUSSIANS",8,14.774406,0.28508425,0.0035317729,0.4,0.0,0.18938327,0.006981608,0.77908486,0.004504586,0.4,0.0,0.16395335,0.00861584
375316653866487564,1981070952543530496,0.66692966,2141.704806386856,2.4891758488751767,2.232199E-6,16.823885,0.005299619,0.2201363,7.0111215E-4,0.05122711,0.0019393214,0.32399067,0.015019136,0.719219,0.002838015,0.048324168,0.0030760765,0.375919,0.033405945,0.14536342,0.008042652,0.2201363,7.0111215E-4,"TWOGAUSSIANS_WITH_ELLIPSOIDAL_ON_ECLIPSE1",9,7.242077,0.71932906,0.0024130386,0.27061534,0.01722603,0.66663444,0.035776097,0.2201363,7.0111215E-4,0.28687182,0.0108602,0.6147145,0.011716002
375316653866487564,1981071291828445184,0.45792216,2132.2651988716957,4.056418706709906,1.0991268E-5,19.3821,0.0039169122,null,null,null,null,null,null,null,null,null,null,null,null,0.0997288,0.0062252134,0.24169335,0.003776043,"ELLIPSOIDAL",4,2.3852773,null,null,null,null,null,null,null,null,null,null,null,null
375316653866487564,1981071708457981184,0.5670787,2131.5121734301583,1.2807716639735962,3.214254E-6,14.6257925,5.60676E-4,0.24370027,8.013492E-4,0.026879039,0.0015488211,0.070949346,0.005368813,0.762708,0.0075267404,0.009303843,0.006381178,0.0065470454,0.006047412,0.020102482,7.9331064E-4,0.24370027,8.013492E-4,"TWOGAUSSIANS_WITH_ELLIPSOIDAL_ON_ECLIPSE1",9,7.433541,0.24370027,8.013492E-4,0.15052262,0.008673399,0.11115424,0.005798466,0.762708,0.0075267404,0.05210152,0.035734598,0.046181206,0.0063069183
375316653866487564,1981073009820070784,0.4338711,2128.0261735981708,0.28626648692111184,2.983103E-5,19.37424,0.00781256,0.22627632,0.0058956067,0.054818183,0.00506263,0.101655364,0.012295467,0.6731162,0.009191709,0.040550962,0.014659819,0.21128446,0.06341832,null,null,null,null,"TWOGAUSSIANS",8,3.3316443,0.6731162,0.009191709,0.2270854,0.08209498,0.21128444,0.0634186,0.22627632,0.0058956067,0.30698183,0.028350728,0.10165535,0.012295339
375316653866487564,1981073082847482752,0.5983571,2188.552234340911,2.919517188226557,6.545294E-6,17.597704,0.023117557,0.26555264,0.0019153804,0.048674785,0.005828129,0.34771812,0.045141008,0.7641303,0.0054713767,0.054974556,0.011048289,0.3324978,0.059673645,0.119449675,0.026193859,0.26555264,0.0019153804,"TWOGAUSSIANS_WITH_ELLIPSOIDAL_ON_ECLIPSE1",9,11.647402,0.26555264,0.0019153804,0.2725788,0.032637525,0.58660555,0.010159872,0.7643403,0.004537712,0.3078575,0.06187042,0.571369,0.058729224
375316653866487564,1981073593931253248,0.6031429,2157.9268051994745,0.37945591664712514,1.0770521E-5,16.260277,0.001209638,0.31482214,0.0037626508,0.01766408,0.0024116829,0.23099156,0.048289344,0.8143199,0.0028387124,0.019387426,0.0030897427,0.20535553,0.025879214,0.0031611025,0.0021543512,0.31482214,0.0037626508,"TWOGAUSSIANS_WITH_ELLIPSOIDAL_ON_ECLIPSE1",9,3.907729,0.31482214,0.0037626508,0.09891885,0.013505424,0.23731375,0.048789296,0.8143199,0.0028387124,0.108569585,0.01730256,0.21167766,0.025929432
375316653866487564,1981073976200026112,0.65847737,2106.9082729644037,0.4169075539692825,1.8831652E-6,15.799949,0.0014527598,0.14941321,6.961203E-4,0.026050547,0.0017965963,0.4833488,0.07287082,0.6530739,0.002714718,0.026678726,0.0021018262,0.41927016,0.0123287225,0.0141625125,0.002285624,0.14941321,6.961203E-4,"TWOGAUSSIANS_WITH_ELLIPSOIDAL_ON_ECLIPSE1",9,7.317352,0.14941321,6.961203E-4,0.14588307,0.01006094,0.5116738,0.076003015,0.6530739,0.002714718,0.14940086,0.011770227,0.44758022,0.012569716
375316653866487564,1981074354142422144,0.55082035,2091.6582708973497,1.900287826387338,8.275127E-6,19.394352,0.0052684178,0.232343,0.0027075808,0.057734933,0.0026948804,0.4465028,0.026618946,0.7324529,0.0026629649,0.06265045,0.0025256404,0.5071086,0.028339725,null,null,null,null,"TWOGAUSSIANS",8,1.4468712,0.7324529,0.0026629649,0.3508425,0.014143587,0.50693804,0.02837276,0.232343,0.0027075808,0.32331562,0.015091331,0.44633225,0.026652306
375316653866487564,1981074384204214656,0.4393152,2119.3139604002745,2.5119099466238035,2.8770635E-5,17.744528,0.0061413012,0.28623566,0.012000338,0.065902695,0.012698173,0.12557237,0.017966967,0.78754324,0.009216085,0.05523451,0.010300824,0.12700833,0.017311648,null,null,null,null,"TWOGAUSSIANS",8,18.744991,0.78754324,0.009216085,0.30931327,0.057684615,0.1269603,0.01732679,0.28623566,0.012000338,0.3690551,0.06196497,0.12552433,0.017978437
375316653866487564,1981074521643158400,0.5917595,2113.9889616443743,0.25208507576593453,2.6124837E-6,17.639156,0.0018036935,0.13069868,9.957439E-5,0.005657211,9.43048E-5,0.73251355,0.030253204,0.2443705,0.05448951,0.05785102,0.09294065,0.008773237,0.0052320464,null,null,null,null,"TWOGAUSSIANS",8,1.9420755,0.13069868,9.957439E-5,0.03168038,5.281069E-4,0.7337864,0.030601412,0.2443705,0.05448951,0.3239657,0.15558778,0.008773237,0.005252745
375316653866487564,1981074697739748480,0.44106722,2093.771533630025,2.2779374476483714,2.7319724E-5,19.337822,0.0068921344,0.25858125,0.0053360243,0.06900106,0.19805391,0.0064625675,36.140305,null,null,null,null,null,null,0.084694795,0.009480331,0.25858125,0.0053360243,"ONEGAUSSIAN_WITH_ELLIPSOIDAL",6,4.5734267,0.25858125,0.0053360243,0.38640597,1.0396342,0.17584297,36.139652,null,null,null,null,null,null
375316653866487564,1981075552435510784,0.6030977,2110.633695111018,0.2992241895824607,1.0572422E-6,18.034584,0.001718502,0.18650015,6.2096596E-4,0.011643317,4.2861747E-4,0.45175102,0.008988442,0.6870363,2.5717873E-4,0.010348714,2.499002E-4,0.7105287,0.03466794,null,null,null,null,"TWOGAUSSIANS",8,2.1705618,0.6870363,2.5717873E-4,0.057952795,0.0013994409,0.7105287,0.03466794,0.18650015,6.2096596E-4,0.06520258,0.0024002579,0.45175102,0.008988442
375316653866487564,1981077614020215424,0.5213775,2101.8946520582726,2.8179137965000662,8.084669E-6,18.966887,0.01663267,0.26679906,0.0036328612,0.08737305,0.0071681347,0.31944373,0.015747704,0.76644605,0.004616511,0.08666075,0.009150329,0.2837946,0.016157866,null,null,null,null,"TWOGAUSSIANS",8,3.2052948,0.26679906,0.0036328612,0.4,0.0,0.30978635,0.013534744,0.76644605,0.004616511,0.4,0.0,0.27413726,0.014344722
375316653866487564,1981078683469283584,0.5248175,2120.483552501212,0.09183305387723902,1.6892503E-5,19.254917,0.005031705,0.14996588,0.0063762134,0.0015617049,0.0029219717,1.0179985,0.91085696,0.76222485,0.0069742934,0.007462501,0.0024094374,0.23403734,0.057986986,null,null,null,null,"TWOGAUSSIANS",8,2.250269,0.14996588,0.0063762134,0.008745547,0.016363041,1.0179985,0.91085696,0.76222485,0.0069742934,0.041790005,0.01349285,0.23403734,0.057986986
375316653866487564,1981080264032326784,0.51213956,2126.312024557419,2.668889676624455,1.4764561E-5,16.818663,0.024687404,0.2726886,0.008379511,0.11598302,0.018054219,0.2098452,0.021471698,0.7684895,0.0049349577,0.096979946,0.01088832,0.23171069,0.023653664,null,null,null,null,"TWOGAUSSIANS",8,18.620222,0.7684895,0.0049349577,0.4,0.0,0.20528015,0.008152325,0.2726886,0.008379511,0.4,0.0,0.18337634,0.01814599
375316653866487564,1981080813788133632,0.45938012,2070.902088110637,0.14785038477284695,6.8423775E-5,17.170692,0.0028477502,0.2643844,0.012217712,0.014235742,0.011203641,0.15198584,0.051957943,0.6030911,0.014839341,0.06896148,0.011785279,0.07076318,0.008157007,0.012194058,0.0051902384,0.2643844,0.012217712,"TWOGAUSSIANS_WITH_ELLIPSOIDAL_ON_ECLIPSE1",9,5.2300615,0.2643844,0.012217712,0.079720154,0.062740386,0.17637424,0.052660555,0.6129211,0.013794946,0.3861843,0.055755667,0.07826106,0.009201556
375316653866487564,1981081153073519232,0.42088714,2117.7513243423073,3.1325039610837733,2.9968589E-5,18.623892,0.045354716,0.25729513,0.009400892,0.107134305,0.026190177,0.14767371,0.043559905,0.7630244,0.009908711,0.11475311,0.04744362,0.115450434,0.035475407,null,null,null,null,"TWOGAUSSIANS",8,5.1799045,0.25728515,0.009395747,0.4,0.0,0.12839486,0.016235638,0.76303434,0.009901686,0.4,0.0,0.096159436,0.0119353235
375316653866487564,1981081466623137536,0.6335177,2119.8899117008295,2.378681794870609,2.5753652E-6,16.468876,0.0035159795,0.21751615,9.314231E-4,0.09861079,0.0022767344,0.23334827,0.003351635,0.71902585,9.110421E-4,0.094265185,0.0019293672,0.24400501,0.0033162732,null,null,null,null,"TWOGAUSSIANS",8,2.8030367,0.71902585,9.110421E-4,0.4,0.0,0.22777852,0.0021755446,0.21751615,9.314231E-4,0.4,0.0,0.21712095,0.0026254274
375316653866487564,1981081943347556608,0.45296234,2117.063760202873,3.2681494220980314,1.4676919E-5,18.37774,0.008729569,0.1750754,0.00425293,0.065826416,0.006137206,0.17702223,0.013798854,0.7131928,0.00450482,0.0705049,0.0069551333,0.14117506,0.008349414,null,null,null,null,"TWOGAUSSIANS",8,5.4176292,0.1750754,0.00425293,0.3686279,0.034368355,0.17689204,0.013788117,0.7131928,0.00450482,0.39482743,0.033990864,0.14104487,0.00824735
375316653866487564,1981082493103008256,0.54817337,2124.90394170949,4.180914135061094,8.826905E-6,18.877434,0.031972013,0.29227394,0.0064938413,0.051850755,0.0060962974,0.4112581,0.08540248,0.7779941,0.0104388585,0.054617878,0.014791739,0.30838934,0.06466115,0.088728376,0.040351212,0.29227394,0.0064938413,"TWOGAUSSIANS_WITH_ELLIPSOIDAL_ON_ECLIPSE1",9,5.532245,0.29227394,0.0064938413,0.29036424,0.034139264,0.5887083,0.0468805,0.7796941,0.008608265,0.30586013,0.08283374,0.48458382,0.022697767
375316653866487564,1981083081531140352,0.64623255,2137.4828434480182,3.324022544015209,2.2898585E-6,16.207615,0.0065256343,0.20325133,7.9838E-4,0.04578572,0.0019869125,0.34009442,0.01406809,0.7026371,0.0011546608,0.04819956,0.0020261249,0.40837884,0.014856774,0.120720126,0.008562627,0.20325133,7.9838E-4,"TWOGAUSSIANS_WITH_ELLIPSOIDAL_ON_ECLIPSE1",9,20.076103,0.7026971,0.0010413427,0.26991755,0.011346299,0.6498147,0.010871016,0.20325133,7.9838E-4,0.25640002,0.01112671,0.5815335,0.007001334
375316653866487564,1981085005676678656,0.5782992,2163.0337226743472,2.4153618899788563,3.937431E-6,15.359321,0.008481398,0.2528516,0.0011872491,0.050297495,0.00424795,0.17276095,0.016845942,0.7552016,0.0022150094,0.055038344,0.004136158,0.20218165,0.019015929,0.07127052,0.009897945,0.2528516,0.0011872491,"TWOGAUSSIANS_WITH_ELLIPSOIDAL_ON_ECLIPSE1",9,52.71257,0.7552016,0.0022150094,0.30821472,0.023162484,0.3446848,0.012181095,0.2528516,0.0011872491,0.28166598,0.02378852,0.31529516,0.004860998
375316653866487564,1981085722923289728,0.55450284,2142.335108869032,2.6273585331987723,4.900178E-6,18.79128,0.004944971,0.253299,0.0019516937,0.06535861,0.003397351,0.43313187,0.019458381,0.7574914,0.0020330248,0.076800056,0.0024341247,0.39726052,0.0138968555,null,null,null,null,"TWOGAUSSIANS",8,2.2949767,0.253299,0.0019516937,0.3660082,0.019025166,0.43160352,0.019811263,0.7574914,0.0020330248,0.4,0.0,0.39573216,0.01398133
375316653866487564,1981086414412786688,0.5281063,2094.2230970677897,1.6245252703312003,7.5248195E-6,19.050743,0.007482599,0.3032369,0.0023088607,0.04911675,0.004405637,0.44152194,0.056762207,0.8048269,0.004882669,0.044805396,0.0063343234,0.59748614,0.13114038,null,null,null,null,"TWOGAUSSIANS",8,3.96601,0.8048269,0.004882669,0.25091022,0.03547221,0.5974855,0.13114104,0.3032369,0.0023088607,0.2750538,0.024671568,0.4415213,0.056763235
375316653866487564,1981087307778907520,0.49886695,2112.4578043258116,1.4403021863308743,7.007768E-6,17.780912,0.6403997,0.21329671,0.005642047,0.2278801,0.08379325,0.88713205,0.621539,0.70616084,0.008208811,0.1673098,0.039699502,0.7368158,0.46895832,null,null,null,null,"TWOGAUSSIANS",8,2.0687032,0.21610671,0.0033202765,0.4,0.0,0.1897328,0.00827904,0.70616084,0.008208811,0.4,0.0,0.18229863,0.009715648
375316653866487564,1981088093740901504,0.52787286,2095.6000036734986,3.5042862147870126,1.8710132E-5,19.052605,0.009012776,0.22894932,0.0026249194,0.09015033,0.004770249,0.31302655,0.009391324,0.7273912,0.0073559475,0.085005365,0.004601375,0.3063073,0.021373717,null,null,null,null,"TWOGAUSSIANS",8,1.7315364,0.22894932,0.0026249194,0.4,0.0,0.30276152,0.008455307,0.7273912,0.0073559475,0.4,0.0,0.29604238,0.019798325
375316653866487564,1981091396588485632,0.5684676,2100.6742023312318,0.08663281535158267,9.980619E-6,11.32634,4.141384E-4,0.24567108,0.015525903,0.012505483,0.014687083,0.1821019,70069.46,0.7424641,0.0012021189,0.0097466735,9.3475473E-4,0.3045275,0.0784938,0.0019657079,6.411432E-4,0.24567108,0.015525903,"TWOGAUSSIANS_WITH_ELLIPSOIDAL_ON_ECLIPSE1",9,19.731037,0.7424641,0.0012021189,0.05458137,0.005234626,0.3084573,0.078452416,0.24567108,0.015525903,0.070030704,0.08224766,0.18603331,70069.46
375316653866487564,1981093522583429760,0.56844604,2089.846681011118,2.7601129435340206,4.7055883E-6,18.72618,0.0070254067,0.2044236,0.0021994493,0.081014946,0.0037325434,0.41396528,0.020350683,0.6987531,0.001805292,0.08764119,0.003184554,0.42372784,0.008292201,null,null,null,null,"TWOGAUSSIANS",8,2.357232,0.6987531,0.001805292,0.4,0.0,0.41437596,0.007888104,0.2044236,0.0021994493,0.4,0.0,0.4046135,0.021468231
375316653866487564,1981093629971660800,0.668818,2124.528955447818,0.3506372177971347,5.1555235E-6,14.194456,0.0025769619,0.20903493,0.015869478,0.022056397,0.020470744,0.07275621,150.07071,0.7052241,4.2297633E-4,0.024045542,4.5223453E-4,1.1932055,0.009120759,0.013325991,0.003430311,0.7052241,4.2297633E-4,"TWOGAUSSIANS_WITH_ELLIPSOIDAL_ON_ECLIPSE2",9,76.73343,0.7052241,4.2297633E-4,0.13465504,0.0025325133,1.2198573,0.0067610694,0.20898494,0.01592665,0.12351582,0.11463617,0.09939307,150.07063
375316653866487564,1981094866922208256,0.6652522,2125.222031133933,2.096366925060208,2.3509415E-6,13.260762,0.004343734,0.23691729,0.0031746922,0.051575623,0.0062256856,0.09751019,0.009012765,0.73482656,8.929432E-4,0.057984207,0.0050429367,0.100398116,0.009801684,0.10125282,0.0056334003,0.73482656,8.929432E-4,"TWOGAUSSIANS_WITH_ELLIPSOIDAL_ON_ECLIPSE2",9,48.37514,0.73482656,8.929432E-4,0.32471156,0.028240446,0.3028938,0.0023544712,0.23628728,0.002150798,0.2888235,0.034863837,0.29998153,0.0060488125
375316653866487564,1981094970004592384,0.5539041,2122.387183894857,0.2874141851997902,2.9118648E-5,17.494085,0.0014297292,0.25687805,2.380698E-4,0.0131547535,5.2324944E-4,0.20337325,0.0018551882,0.7460563,0.0116370665,0.016613394,0.00629697,0.17053884,0.5982825,null,null,null,null,"TWOGAUSSIANS",8,2.8477614,0.25687805,2.380698E-4,0.073666625,0.002930197,0.20337325,0.0018551882,0.7460563,0.0116370665,0.093035005,0.03526303,0.17053884,0.5982825
375316653866487564,1981096859786835584,0.53006285,2112.51530746203,0.3462568629300025,2.3220136E-6,13.8787985,3.3527473E-4,0.33275053,0.0012147301,0.012083345,9.6997584E-4,0.04534757,0.0020404495,0.8314062,4.562402E-4,0.013003897,7.065179E-4,0.03558768,8.103384E-4,null,null,null,null,"TWOGAUSSIANS",8,5.4361725,0.33275053,0.0012147301,0.06766673,0.005431865,0.04534757,0.0020404495,0.8314062,4.562402E-4,0.072821826,0.0039565004,0.03558768,8.103384E-4
375316653866487564,1981097130356117120,0.44504473,2124.8466570227256,0.8182223477477286,2.4785386E-5,18.60082,0.00863275,0.8044155,0.01171081,0.003912179,0.0043796403,0.36309958,1.3466192,null,null,null,null,null,null,0.0391979,0.012405876,0.8044155,0.01171081,"ONEGAUSSIAN_WITH_ELLIPSOIDAL",6,13.986599,0.8044155,0.01171081,0.021908203,0.024525987,0.4414953,1.3484495,null,null,null,null,null,null
375316653866487564,1981097302154995072,0.5621023,2090.828471781469,1.2484477634228128,9.944556E-7,18.473543,0.0061125457,0.4008914,0.10708668,0.17761847,0.12643495,0.015626932,0.005847093,0.57911694,2.6490306E-7,4.1771252E-4,2.9411815E-6,0.4529011,0.0029104508,null,null,null,null,"TWOGAUSSIANS",8,1.1570559,0.57911694,2.6490306E-7,0.00233919,1.6470616E-5,0.46175277,0.002669232,0.4008914,0.10708668,0.4,0.0,0.015032434,0.0036944437
