Gaia/vari_eclipsing_binary/VariEclipsingBinary_485188-485212.csv
# %ECSV 1.0
# ---
# delimiter: ','
# meta: !!omap
# - RELEASE: Gaia DR3
# - TABLE: vari_eclipsing_binary
# - DESCRIPTION: >
#     This table describes the properties of the eclipsing binaries resulting from the variability analysis. 
# - CITATION: >
#     How to cite and acknowledge Gaia: 
#     https://gea.esac.esa.int/archive/documentation/credits.html 
# - KNOWN_ISSUES: >
#     Known issues: 
#     https://www.cosmos.esa.int/web/gaia-users/known-issues 
# - DOCUMENTATION: >
#     Tutorials and documentation: 
#     https://www.cosmos.esa.int/web/gaia-users/archive 
# datatype:
# - 
#   name: solution_id
#   datatype: int64
#   description: Solution Identifier
#   meta:
#     ucd: meta.version
# - 
#   name: source_id
#   datatype: int64
#   description: Unique source identifier
#   meta:
#     ucd: meta.id;meta.main
# - 
#   name: global_ranking
#   datatype: float32
#   description: Number between 0 (worst) and 1 (best)
#   meta:
#     ucd: stat.param
# - 
#   name: reference_time
#   datatype: float64
#   unit: d
#   description: Reference time used for the geometric model fit
#   meta:
#     ucd: time.epoch
# - 
#   name: frequency
#   datatype: float64
#   unit: d**-1
#   description: Frequency of geometric model of the eclipsing binary light curve
#   meta:
#     ucd: src.orbital
# - 
#   name: frequency_error
#   datatype: float32
#   unit: d**-1
#   description: "Uncertainty of \\texttt{frequency}"
#   meta:
#     ucd: stat.error
# - 
#   name: geom_model_reference_level
#   datatype: float32
#   unit: mag
#   description: Magnitude reference level of geometric model
#   meta:
#     ucd: phot.mag;em.opt
# - 
#   name: geom_model_reference_level_error
#   datatype: float32
#   unit: mag
#   description: "Uncertainty of \\texttt{geomModelReferenceLevel}"
#   meta:
#     ucd: stat.error;phot.mag;em.opt
# - 
#   name: geom_model_gaussian1_phase
#   datatype: float32
#   description: Phase of the Gaussian 1 component
#   meta:
#     ucd: time.phase
# - 
#   name: geom_model_gaussian1_phase_error
#   datatype: float32
#   description: "Uncertainty of \\texttt{geomModelGaussian1Phase}"
#   meta:
#     ucd: stat.error;time.phase
# - 
#   name: geom_model_gaussian1_sigma
#   datatype: float32
#   description: "Standard deviation [phase] of Gaussian 1 component"
#   meta:
#     ucd: stat.stdev
# - 
#   name: geom_model_gaussian1_sigma_error
#   datatype: float32
#   description: "Uncertainty of \\texttt{geomModelGaussian1Sigma}"
#   meta:
#     ucd: stat.error
# - 
#   name: geom_model_gaussian1_depth
#   datatype: float32
#   unit: mag
#   description: Magnitude depth of Gaussian 1 component
#   meta:
#     ucd: src.var.amplitude
# - 
#   name: geom_model_gaussian1_depth_error
#   datatype: float32
#   unit: mag
#   description: "Uncertainty of \\texttt{geomModelGaussian1Depth}"
#   meta:
#     ucd: stat.error;src.var.amplitude
# - 
#   name: geom_model_gaussian2_phase
#   datatype: float32
#   description: Phase of Gaussian 2 component
#   meta:
#     ucd: time.phase
# - 
#   name: geom_model_gaussian2_phase_error
#   datatype: float32
#   description: "Uncertainty of \\texttt{geomModelGaussian2Phase}"
#   meta:
#     ucd: stat.error;time.phase
# - 
#   name: geom_model_gaussian2_sigma
#   datatype: float32
[...]
#   datatype: float32
#   description: "Secondary eclipse: uncertainty of \\texttt{derivedSecondaryEclDuration}"
#   meta:
#     ucd: stat.error;time.duration
# - 
#   name: derived_secondary_ecl_depth
#   datatype: float32
#   unit: mag
#   description: "Secondary eclipse: depth"
#   meta:
#     ucd: src.var.amplitude
# - 
#   name: derived_secondary_ecl_depth_error
#   datatype: float32
#   unit: mag
#   description: "Secondary eclipse: uncertainty of \\texttt{derivedSecondaryEclDepth}"
#   meta:
#     ucd: stat.error;src.var.amplitude
solution_id,source_id,global_ranking,reference_time,frequency,frequency_error,geom_model_reference_level,geom_model_reference_level_error,geom_model_gaussian1_phase,geom_model_gaussian1_phase_error,geom_model_gaussian1_sigma,geom_model_gaussian1_sigma_error,geom_model_gaussian1_depth,geom_model_gaussian1_depth_error,geom_model_gaussian2_phase,geom_model_gaussian2_phase_error,geom_model_gaussian2_sigma,geom_model_gaussian2_sigma_error,geom_model_gaussian2_depth,geom_model_gaussian2_depth_error,geom_model_cosine_half_period_amplitude,geom_model_cosine_half_period_amplitude_error,geom_model_cosine_half_period_phase,geom_model_cosine_half_period_phase_error,model_type,num_model_parameters,reduced_chi2,derived_primary_ecl_phase,derived_primary_ecl_phase_error,derived_primary_ecl_duration,derived_primary_ecl_duration_error,derived_primary_ecl_depth,derived_primary_ecl_depth_error,derived_secondary_ecl_phase,derived_secondary_ecl_phase_error,derived_secondary_ecl_duration,derived_secondary_ecl_duration_error,derived_secondary_ecl_depth,derived_secondary_ecl_depth_error
[from data line 526]
375316653866487564,4267930240673090944,0.4536667,2164.1430753025925,0.1844682047714838,4.732168E-5,18.574492,0.008700165,0.31177464,0.015304847,0.01842009,0.008950568,0.25736642,0.05479454,null,null,null,null,null,null,0.041580588,0.014282214,0.31177464,0.015304847,"ONEGAUSSIAN_WITH_ELLIPSOIDAL",6,13.762221,0.31177464,0.015304847,0.103152506,0.05012318,0.34052745,0.059911374,null,null,null,null,null,null
375316653866487564,4267930343751149952,0.44948906,2173.9358969157215,0.10643776081912319,5.792077E-5,19.187582,0.006597921,0.24858141,0.022374554,0.072358005,0.02833208,0.49597055,1.0257778,0.7309903,0.00714615,0.014315323,0.0058325846,0.10979598,0.14411075,null,null,null,null,"TWOGAUSSIANS",8,2.5490043,0.24858141,0.022374554,0.4,0.08895611,0.49597055,1.0257782,0.7309903,0.00714615,0.08016581,0.032662474,0.109795965,0.14411075
375316653866487564,4267930648673700096,0.4922958,2139.8517487347544,4.489565200281762,6.0042694E-5,18.94062,0.013706181,0.22781475,0.019822149,0.037028003,0.011840632,0.32429415,0.10073561,0.51823175,0.010103556,0.062307753,0.009110854,0.5507733,0.0659492,0.054352134,0.01579118,0.22781475,0.019822149,"TWOGAUSSIANS_WITH_ELLIPSOIDAL_ON_ECLIPSE1",9,13.757455,0.52070177,0.009606049,0.34892341,0.051020782,0.5580447,0.06834768,0.22781475,0.019831426,0.20735681,0.06630754,0.43300888,0.09920751
375316653866487564,4267930786112866816,0.54265255,2142.384703119257,1.075220390998171,1.7542792E-5,15.493354,0.0030814512,0.17986399,0.0035543274,0.08774467,0.0053705475,0.105028994,0.004510187,0.6813555,0.0075016334,0.08205397,0.011676139,0.07871684,0.010377103,null,null,null,null,"TWOGAUSSIANS",8,8.652574,0.17986399,0.0035543274,0.4,0.0,0.10270042,0.0043032356,0.6813555,0.0075016334,0.4,0.0,0.07638828,0.011162478
375316653866487564,4267931404588094592,0.4300007,2140.62036719418,2.395546100241467,1.3166916E-4,19.321426,0.06029317,0.30310494,0.010831492,0.1045102,0.025292369,0.18415968,0.058866285,0.8219843,0.019050298,0.12670435,0.047741298,0.18018983,0.05438124,null,null,null,null,"TWOGAUSSIANS",8,3.365241,0.30294493,0.0107556805,0.4,0.0,0.15517138,0.019992795,0.8219943,0.019032286,0.4,0.0,0.15103234,0.017597236
375316653866487564,4267931477623866880,0.41719002,2133.155165792234,0.28153552517277514,1.18745156E-4,19.027224,0.030173646,0.28171256,0.010253417,0.040208854,0.01667544,0.17693838,0.069321044,0.61175823,0.027487596,0.13855354,0.025929071,0.35868967,0.06873093,null,null,null,null,"TWOGAUSSIANS",8,36.016052,0.61175823,0.027487596,0.4,0.0,0.35760337,0.06910232,0.28519255,0.009216665,0.22516958,0.09338247,0.19749849,0.06926168
375316653866487564,4267931851267679744,0.48755288,2131.36696936212,3.5561005259690806,3.375099E-5,18.436838,0.0051195077,0.30116382,0.0099755265,0.061144304,0.006118761,0.112628326,0.009095933,0.80186045,0.010832642,0.092385404,0.019094132,0.066768765,0.0064538694,null,null,null,null,"TWOGAUSSIANS",8,1.8497219,0.30116382,0.0099755265,0.3424081,0.034265064,0.11184691,0.00854309,0.80186045,0.010832642,0.4,0.0,0.06598729,0.006398184
375316653866487564,4267932607179365888,0.5722109,2168.7785845002827,1.8333075116612414,8.29315E-6,17.882324,0.0072349566,0.2618972,0.002769619,0.090036765,0.008173676,0.21541332,0.008965899,0.7575731,0.0014750912,0.08398149,0.003374598,0.25540328,0.007920615,null,null,null,null,"TWOGAUSSIANS",8,2.6960542,0.7575731,0.0014750912,0.4,0.0,0.24839723,0.006728323,0.2618972,0.002769619,0.4,0.0,0.20840716,0.010300751
375316653866487564,4267933637971613056,0.5636828,2064.769685697831,1.4172324269901753,1.8681529E-5,18.090235,0.041388076,0.20299834,0.008448032,0.10172711,0.026167694,0.25081944,0.029815894,0.71078867,0.0109998025,0.09457059,0.019672856,0.31089357,0.037307348,null,null,null,null,"TWOGAUSSIANS",8,3.8233654,0.71078867,0.011006333,0.4,0.0,0.29134595,0.019634647,0.20299834,0.008448032,0.4,0.0,0.23126936,0.023654697
375316653866487564,4267933706691193856,0.5558283,2110.0025159952474,3.487686987342986,2.7289803E-5,17.702295,0.020561546,0.1867993,0.016927354,0.06280072,0.016713958,0.38189897,0.11674276,0.6905349,0.0058024186,0.079498686,0.0068362034,0.4755235,0.028797045,null,null,null,null,"TWOGAUSSIANS",8,18.053602,0.6905349,0.0058024186,0.4,0.0,0.47389412,0.027951004,0.1867993,0.016927354,0.35168406,0.062493138,0.3802696,0.11937029
375316653866487564,4267935257195967872,0.54153365,2084.347576025907,3.5608715927541166,1.6113921E-5,18.65405,0.08075177,0.3108066,0.00580117,0.11094893,0.053562224,0.25376967,0.03246424,0.7845195,0.006362475,0.10514401,0.018180273,0.26012066,0.073942535,null,null,null,null,"TWOGAUSSIANS",8,1.567387,0.7845195,0.006362475,0.4,0.0,0.23369902,0.011697711,0.3108266,0.005879117,0.4,0.0,0.22732796,0.049826603
375316653866487564,4267935768278979968,0.4731866,2165.9733632628527,2.7439301317277804,4.7089747E-5,19.37685,0.007431344,null,null,null,null,null,null,null,null,null,null,null,null,0.089435555,0.008170495,0.22483945,0.01021407,"ELLIPSOIDAL",4,2.4733706,null,null,null,null,null,null,null,null,null,null,null,null
375316653866487564,4267936013110506496,0.5554187,2169.215809414649,3.584490950040382,1.344338E-5,19.642365,0.02140896,0.1997433,0.0019198635,0.06576683,0.0040543205,0.6115045,0.029120982,0.69563556,0.020136882,0.08289422,0.0098767625,0.6277703,0.10017692,null,null,null,null,"TWOGAUSSIANS",8,1.6507295,0.69563556,0.020136882,0.4,0.0,0.6238457,0.098627985,0.1997433,0.0019198635,0.36829427,0.022704195,0.6075799,0.029056279
375316653866487564,4267936356707849728,0.52695256,2155.904567405998,2.7843303464306453,1.2073485E-5,18.950972,0.0049395766,null,null,null,null,null,null,null,null,null,null,null,null,0.11412509,0.0077862306,0.2940468,0.0028168068,"ELLIPSOIDAL",4,1.7308565,null,null,null,null,null,null,null,null,null,null,null,null
375316653866487564,4267936494177079936,0.6859289,2138.8978523765236,2.267212876633106,2.6620085E-6,14.442369,0.022736195,0.20009808,0.0015673214,0.069859356,0.014633318,0.15287223,0.036750548,0.69548947,0.00279645,0.06353504,0.010285088,0.19921115,0.040822566,0.09894239,0.022045432,0.20009808,0.0015673214,"TWOGAUSSIANS_WITH_ELLIPSOIDAL_ON_ECLIPSE1",9,15.939719,0.6965995,0.0018671595,0.35579625,0.05759649,0.396653,0.035893545,0.20009808,0.0015673214,0.39121237,0.05831395,0.35044008,0.022147084
375316653866487564,4267936528508211712,0.5172224,2131.5854531324135,2.2212581811629604,1.9665062E-5,19.758322,0.03481568,0.25050157,0.0052000773,0.09657172,0.011587043,0.34643844,0.0305883,0.7368654,0.016923862,0.10623884,0.02489806,0.25731045,0.035773046,null,null,null,null,"TWOGAUSSIANS",8,0.66309696,0.2505116,0.005170273,0.4,0.0,0.3225593,0.013223145,0.7368654,0.016923862,0.4,0.0,0.23342325,0.017414927
375316653866487564,4267936631616061056,0.6087722,2106.8911460695826,1.673344823292999,1.2969045E-5,15.931582,0.005052509,0.20705266,0.004435659,0.030364668,0.008532297,0.053659935,0.012816052,0.69941694,0.0012779004,0.05329311,0.0026943276,0.23985168,0.012429822,0.04061616,0.00758688,0.20705266,0.004435659,"TWOGAUSSIANS_WITH_ELLIPSOIDAL_ON_ECLIPSE1",9,10.760882,0.6999569,0.0010089854,0.2984414,0.015088234,0.32090825,0.010529311,0.20705266,0.004435659,0.17004214,0.04778086,0.13489018,0.012861543
375316653866487564,4267937765487585152,0.60939825,2157.940407381087,2.362884066474661,5.8214678E-6,15.14946,0.00500612,0.31454742,0.002610127,0.083102114,0.008430068,0.17074957,0.019146482,0.8242831,0.0033717935,0.08744841,0.004628281,0.17092578,0.0051250844,null,null,null,null,"TWOGAUSSIANS",8,9.003543,0.8242831,0.0033717935,0.4,0.0,0.16700159,0.0039750384,0.31454742,0.002610127,0.4,0.0,0.16682541,0.02084239
375316653866487564,4267937834177499392,0.5316219,2181.285037754133,2.948903599924066,2.6989313E-5,19.669949,0.027362233,0.27364197,0.013164602,0.09558876,0.01721559,0.33383793,0.029167265,0.7847707,0.005039451,0.093582846,0.01244868,0.33460948,0.035874806,null,null,null,null,"TWOGAUSSIANS",8,1.350308,0.7847707,0.005039451,0.4,0.0,0.3172418,0.03583487,0.27364197,0.013164602,0.4,0.0,0.31646985,0.017705683
375316653866487564,4267938001662002816,0.5585468,2126.8756729508214,2.951086856975009,1.8749588E-5,18.321325,0.01766465,0.19309148,0.004362717,0.08041168,0.006379265,0.46535817,0.027131723,0.6924168,0.006669163,0.08432623,0.0087049175,0.37215832,0.054716613,null,null,null,null,"TWOGAUSSIANS",8,6.154025,0.19309148,0.004362717,0.4,0.0,0.45717722,0.026832849,0.6924168,0.006669163,0.4,0.0,0.36397737,0.055510037
375316653866487564,4267938413978947712,0.59420395,2130.5937688617264,1.8465169920099858,1.5781587E-5,18.14021,0.0084282765,0.25948706,0.018084968,0.07330894,0.011724372,0.24929626,0.027822357,0.75643176,0.0040584053,0.08188892,0.004327912,0.2567254,0.009991777,null,null,null,null,"TWOGAUSSIANS",8,1.6269038,0.75643176,0.0040584053,0.4,0.0,0.25408104,0.00829439,0.25948706,0.018084968,0.4,0.026775826,0.2466519,0.026715884
375316653866487564,4267938899358992384,0.6275908,2157.964762988419,2.147858938041311,5.533492E-6,17.85487,0.012608251,0.28536594,0.0029522534,0.09983561,0.0044921115,0.30774346,0.014209627,0.7772065,0.0015247995,0.09209061,0.00874572,0.34022385,0.027789293,null,null,null,null,"TWOGAUSSIANS",8,0.9954221,0.7772065,0.0015247995,0.4,0.0,0.3208516,0.036306012,0.28536594,0.0029522534,0.4,0.0,0.28836912,0.00910877
375316653866487564,4267938963737281792,0.57894135,2217.458264020273,2.7775152034929564,9.356631E-6,18.846703,0.018694194,0.21456546,0.002276516,0.0900812,0.0044840076,0.4299587,0.020726709,0.7145264,0.006172492,0.10193967,0.009558253,0.39234033,0.020621715,null,null,null,null,"TWOGAUSSIANS",8,1.346475,0.21456546,0.002276516,0.4,0.0,0.4024482,0.013899377,0.7145264,0.006172492,0.4,0.0,0.36482534,0.01716945
375316653866487564,4267939449114675072,0.5043458,2176.4562974178025,2.762137275170807,1.7591516E-5,17.228199,0.0115428725,0.2628017,0.004685525,0.04834844,0.0079176305,0.18832271,0.053795133,null,null,null,null,null,null,0.12856771,0.021777172,0.2628017,0.004685525,"ONEGAUSSIAN_WITH_ELLIPSOIDAL",6,57.597836,0.2628017,0.004685525,0.27075127,0.04433873,0.44545737,0.05263705,null,null,null,null,null,null
375316653866487564,4267939723992547200,0.58777386,2131.8894826965675,4.108989925673859,1.3577356E-5,17.926363,0.0062294938,0.28722888,0.0025311813,0.041388102,0.0041719824,0.24115218,0.0283708,0.8070592,0.037785772,0.03057625,0.02022841,0.30076978,0.17815408,0.15562637,0.014996113,0.28722888,0.0025311813,"TWOGAUSSIANS_WITH_ELLIPSOIDAL_ON_ECLIPSE1",9,7.323524,0.8070592,0.037785772,0.171227,0.1132791,0.6072149,0.20542285,0.28722888,0.0025311813,0.23177338,0.023363102,0.55240446,0.0256115
375316653866487564,4267940101919688832,0.4508758,2139.6410478513217,3.2867276839194535,1.5003357E-5,19.237642,0.030237455,0.32596996,0.0104028005,0.11694091,0.027172212,0.23699775,0.020357944,0.81430477,0.0036594558,0.09171078,0.011390465,0.2785711,0.025018863,null,null,null,null,"TWOGAUSSIANS",8,4.95108,0.81430477,0.0036594558,0.4,0.0,0.25374317,0.01316585,0.32596996,0.0104028005,0.4,0.0,0.21211483,0.007724362
375316653866487564,4267940308078315264,0.46819797,2291.5994812208523,3.274116120437538,9.545716E-5,16.906649,0.06508826,0.24075215,0.019239185,0.09317881,0.022441233,0.33507392,0.07918116,0.74604774,0.0024240895,0.04112395,0.009544025,2.1346788,2.48248,null,null,null,null,"TWOGAUSSIANS",8,3.8654351,0.74604774,0.0024240895,0.23029411,0.053446542,2.1338043,2.4839184,0.24075215,0.019239185,0.4,0.0,0.33419892,0.077366665
375316653866487564,4267941201431611776,0.53308123,2124.51758384401,2.317563056042653,2.5567735E-5,18.859266,0.021099607,0.27194136,0.008176615,0.0707207,0.008860493,0.3755432,0.01863737,0.77973676,0.0074385228,0.07145085,0.0113340905,0.520756,0.08436934,null,null,null,null,"TWOGAUSSIANS",8,6.851278,0.77973676,0.0074385228,0.4,0.028377881,0.5192547,0.08622361,0.27194136,0.008176615,0.39603594,0.039936826,0.37404183,0.016972506
375316653866487564,4267942193561657856,0.48667598,2144.237068159027,0.8332607622622326,3.7333168E-5,16.989891,0.007112447,0.2752362,0.019836752,0.03380315,0.042365693,0.23652858,1.5716469,0.5602721,0.009840686,0.029939612,0.005265324,0.043577325,0.014961738,0.053652424,0.0107859485,0.2752362,0.019836752,"TWOGAUSSIANS_WITH_ELLIPSOIDAL_ON_ECLIPSE1",9,25.559332,0.2752362,0.019836752,0.18929765,0.23601235,0.34383324,1.5756943,0.5675021,0.009847361,0.16766183,0.029485814,0.049716257,0.012479755
375316653866487564,4267942335304241920,0.4854834,2088.9724727728963,1.8995958790372316,9.103726E-5,18.085587,0.023648264,0.3245995,0.018039085,0.07889098,0.017450154,0.26016754,0.025142808,0.76292336,0.011255233,0.13018025,0.013929908,0.2653107,0.026005603,null,null,null,null,"TWOGAUSSIANS",8,2.9095664,0.76292336,0.011255233,0.4,0.0,0.25152868,0.019972345,0.3251595,0.017949576,0.4,0.052148215,0.24733202,0.02473955
375316653866487564,4267942644541858944,0.5524336,2160.3551404551504,3.782150167005504,1.2915377E-5,19.225033,0.022188196,0.123431206,0.052566804,0.065150686,0.024263369,0.36255282,0.1364611,0.6387421,0.00506756,0.06442371,0.008403227,0.59112734,0.03424114,null,null,null,null,"TWOGAUSSIANS",8,4.109069,0.6387421,0.00506756,0.3607728,0.042632833,0.590788,0.03442165,0.123431206,0.052566804,0.36484382,0.13587487,0.3622135,0.1360256
375316653866487564,4267943022527677568,0.45095566,2142.9372098679714,2.8783973347067136,1.600287E-5,18.13492,0.0087260865,0.48324892,0.042255763,0.024215547,0.032113843,0.07194806,0.023159662,0.67454404,0.022997845,0.07759407,0.016173903,0.1379221,0.016202087,null,null,null,null,"TWOGAUSSIANS",8,11.071716,0.67454404,0.022997845,0.4,0.043359853,0.1379221,0.016098637,0.48504892,0.04684294,0.13560706,0.17983751,0.078740954,0.021829177
375316653866487564,4267943258701041664,0.67248285,2178.0441737218002,0.08951541288794895,4.7739866E-4,12.423426,5.761132E-4,0.20508143,0.009426113,0.022936098,0.022776118,1.3477361,9.8530299E13,null,null,null,null,null,null,0.0019419737,9.056509E-4,0.20508143,0.009426113,"ONEGAUSSIAN_WITH_ELLIPSOIDAL",6,15.630229,0.20508143,0.009426113,0.12844215,0.12754625,1.35162,9.8530299E13,null,null,null,null,null,null
375316653866487564,4267943537895765760,0.45297834,2133.0064690748145,4.119285623668654,1.8756473E-4,19.110058,0.012850258,0.35065317,0.08906486,0.085238665,0.05856629,0.14625527,0.10639207,0.741744,0.011932818,0.080188625,0.015571793,0.1595616,0.01821973,null,null,null,null,"TWOGAUSSIANS",8,3.5180566,0.741744,0.011932818,0.4,0.0059350943,0.15921703,0.017231923,0.35065317,0.08918142,0.4,0.122757405,0.14590786,0.10690445
375316653866487564,4267943636661651840,0.45484355,2102.3845091100693,2.4115872140503862,2.7900422E-5,18.498283,0.0030035665,0.18299583,0.007270089,0.019993491,0.019322727,0.006262833,7.972137,null,null,null,null,null,null,0.049159218,0.0049488037,0.18299583,0.007270089,"ONEGAUSSIAN_WITH_ELLIPSOIDAL",6,3.7606723,0.18299583,0.007270089,0.111963555,0.10820727,0.10458125,7.9705048,null,null,null,null,null,null
375316653866487564,4267943641003142400,0.42153862,2140.448856115252,1.904068668826369,2.8164135E-5,19.074854,0.03583852,0.2923943,0.021133723,0.09367468,0.04287839,0.10363954,0.04196698,0.8481432,0.0033805703,0.04274282,0.014516908,0.12006124,0.029598407,null,null,null,null,"TWOGAUSSIANS",8,4.9098954,0.8481432,0.003456167,0.23935978,0.08129468,0.12001257,0.027499437,0.2923943,0.021133723,0.4,0.0,0.10358952,0.040266667
375316653866487564,4267944018960374656,0.6276448,2164.8757602993846,3.685679760530062,6.2626686E-6,17.191563,0.057323564,0.25875252,0.008524786,0.06792719,0.037060566,0.33436197,0.1568369,0.75208855,0.009431483,0.051519614,0.01647891,0.37160513,0.11963136,0.10585687,0.06280727,0.25875252,0.008524786,"TWOGAUSSIANS_WITH_ELLIPSOIDAL_ON_ECLIPSE1",9,8.285161,0.75279856,0.008131063,0.28850985,0.09228189,0.5826136,0.020198636,0.25875252,0.008524786,0.38039228,0.18834,0.54570186,0.23344482
