Gaia/vari_eclipsing_binary/VariEclipsingBinary_685511-685521.csv
# %ECSV 1.0
# ---
# delimiter: ','
# meta: !!omap
# - RELEASE: Gaia DR3
# - TABLE: vari_eclipsing_binary
# - DESCRIPTION: >
#     This table describes the properties of the eclipsing binaries resulting from the variability analysis. 
# - CITATION: >
#     How to cite and acknowledge Gaia: 
#     https://gea.esac.esa.int/archive/documentation/credits.html 
# - KNOWN_ISSUES: >
#     Known issues: 
#     https://www.cosmos.esa.int/web/gaia-users/known-issues 
# - DOCUMENTATION: >
#     Tutorials and documentation: 
#     https://www.cosmos.esa.int/web/gaia-users/archive 
# datatype:
# - 
#   name: solution_id
#   datatype: int64
#   description: Solution Identifier
#   meta:
#     ucd: meta.version
# - 
#   name: source_id
#   datatype: int64
#   description: Unique source identifier
#   meta:
#     ucd: meta.id;meta.main
# - 
#   name: global_ranking
#   datatype: float32
#   description: Number between 0 (worst) and 1 (best)
#   meta:
#     ucd: stat.param
# - 
#   name: reference_time
#   datatype: float64
#   unit: d
#   description: Reference time used for the geometric model fit
#   meta:
#     ucd: time.epoch
# - 
#   name: frequency
#   datatype: float64
#   unit: d**-1
#   description: Frequency of geometric model of the eclipsing binary light curve
#   meta:
#     ucd: src.orbital
# - 
#   name: frequency_error
#   datatype: float32
#   unit: d**-1
#   description: "Uncertainty of \\texttt{frequency}"
#   meta:
#     ucd: stat.error
# - 
#   name: geom_model_reference_level
#   datatype: float32
#   unit: mag
#   description: Magnitude reference level of geometric model
#   meta:
#     ucd: phot.mag;em.opt
# - 
#   name: geom_model_reference_level_error
#   datatype: float32
#   unit: mag
#   description: "Uncertainty of \\texttt{geomModelReferenceLevel}"
#   meta:
#     ucd: stat.error;phot.mag;em.opt
# - 
#   name: geom_model_gaussian1_phase
#   datatype: float32
#   description: Phase of the Gaussian 1 component
#   meta:
#     ucd: time.phase
# - 
#   name: geom_model_gaussian1_phase_error
#   datatype: float32
#   description: "Uncertainty of \\texttt{geomModelGaussian1Phase}"
#   meta:
#     ucd: stat.error;time.phase
# - 
#   name: geom_model_gaussian1_sigma
#   datatype: float32
#   description: "Standard deviation [phase] of Gaussian 1 component"
#   meta:
#     ucd: stat.stdev
# - 
#   name: geom_model_gaussian1_sigma_error
#   datatype: float32
#   description: "Uncertainty of \\texttt{geomModelGaussian1Sigma}"
#   meta:
#     ucd: stat.error
# - 
#   name: geom_model_gaussian1_depth
#   datatype: float32
#   unit: mag
#   description: Magnitude depth of Gaussian 1 component
#   meta:
#     ucd: src.var.amplitude
# - 
#   name: geom_model_gaussian1_depth_error
#   datatype: float32
#   unit: mag
#   description: "Uncertainty of \\texttt{geomModelGaussian1Depth}"
#   meta:
#     ucd: stat.error;src.var.amplitude
# - 
#   name: geom_model_gaussian2_phase
#   datatype: float32
#   description: Phase of Gaussian 2 component
#   meta:
#     ucd: time.phase
# - 
#   name: geom_model_gaussian2_phase_error
#   datatype: float32
#   description: "Uncertainty of \\texttt{geomModelGaussian2Phase}"
#   meta:
#     ucd: stat.error;time.phase
# - 
#   name: geom_model_gaussian2_sigma
#   datatype: float32
[...]
#   datatype: float32
#   description: "Secondary eclipse: uncertainty of \\texttt{derivedSecondaryEclDuration}"
#   meta:
#     ucd: stat.error;time.duration
# - 
#   name: derived_secondary_ecl_depth
#   datatype: float32
#   unit: mag
#   description: "Secondary eclipse: depth"
#   meta:
#     ucd: src.var.amplitude
# - 
#   name: derived_secondary_ecl_depth_error
#   datatype: float32
#   unit: mag
#   description: "Secondary eclipse: uncertainty of \\texttt{derivedSecondaryEclDepth}"
#   meta:
#     ucd: stat.error;src.var.amplitude
solution_id,source_id,global_ranking,reference_time,frequency,frequency_error,geom_model_reference_level,geom_model_reference_level_error,geom_model_gaussian1_phase,geom_model_gaussian1_phase_error,geom_model_gaussian1_sigma,geom_model_gaussian1_sigma_error,geom_model_gaussian1_depth,geom_model_gaussian1_depth_error,geom_model_gaussian2_phase,geom_model_gaussian2_phase_error,geom_model_gaussian2_sigma,geom_model_gaussian2_sigma_error,geom_model_gaussian2_depth,geom_model_gaussian2_depth_error,geom_model_cosine_half_period_amplitude,geom_model_cosine_half_period_amplitude_error,geom_model_cosine_half_period_phase,geom_model_cosine_half_period_phase_error,model_type,num_model_parameters,reduced_chi2,derived_primary_ecl_phase,derived_primary_ecl_phase_error,derived_primary_ecl_duration,derived_primary_ecl_duration_error,derived_primary_ecl_depth,derived_primary_ecl_depth_error,derived_secondary_ecl_phase,derived_secondary_ecl_phase_error,derived_secondary_ecl_duration,derived_secondary_ecl_duration_error,derived_secondary_ecl_depth,derived_secondary_ecl_depth_error
[from data line 368]
375316653866487564,6029891817447511808,0.53850985,2293.108475283922,2.6674443315337526,1.959799E-5,18.669956,0.013128242,0.28169551,0.004850912,0.08182746,0.007359341,0.4288073,0.028830282,0.7782402,0.0047647324,0.08152001,0.0055027357,0.39566264,0.02002646,null,null,null,null,"TWOGAUSSIANS",8,4.157824,0.28169551,0.004850912,0.4,0.0,0.42167753,0.029473783,0.7782402,0.0047647324,0.4,0.0,0.38853288,0.01902355
375316653866487564,6029891851807306624,0.54969937,2316.200448892697,1.9110264451965404,4.507716E-5,18.6681,0.01784023,0.31789595,0.0050591878,0.0710487,0.007169685,0.62736493,0.026329834,0.8263912,0.012077439,0.06985941,0.014458078,0.24623367,0.026355198,null,null,null,null,"TWOGAUSSIANS",8,7.0973706,0.31789595,0.0050591878,0.39787272,0.028604021,0.62620187,0.025661314,0.8263912,0.012077439,0.39121267,0.04826286,0.24507062,0.025815506
375316653866487564,6029891851807314432,0.5262839,2301.3303263532907,2.424061522518464,1.2950238E-5,18.103432,0.020855568,0.261022,0.003086754,0.09029288,0.005652357,0.41375807,0.021332206,0.76270914,0.0072159255,0.09066452,0.0101013975,0.40851206,0.028970854,null,null,null,null,"TWOGAUSSIANS",8,11.798385,0.261022,0.003086754,0.4,0.0,0.39614022,0.016782556,0.76270914,0.0072159255,0.4,0.0,0.39089417,0.02874925
375316653866487564,6029892397218515840,0.5493901,2345.932032798716,2.2957895010757876,6.4538704E-6,18.436049,0.010987005,0.26064986,0.0025898975,0.08461834,0.0084251035,0.24840094,0.02248415,0.7662991,0.0032943308,0.08409417,0.005537953,0.25980243,0.010864176,null,null,null,null,"TWOGAUSSIANS",8,1.8402481,0.7662991,0.0032943308,0.4,0.0,0.25410968,0.008242398,0.26064986,0.0025898975,0.4,0.0,0.24270819,0.024288332
375316653866487564,6029892573368383744,0.55144507,2329.8701094124676,2.9678304223876246,2.0978096E-5,17.817715,0.015094985,0.25094172,0.0039428207,0.08595935,0.008748345,0.24798036,0.015351902,0.7433376,0.0051672864,0.09997704,0.009253396,0.25785014,0.014195135,null,null,null,null,"TWOGAUSSIANS",8,7.6340027,0.7433376,0.0051672864,0.4,0.0,0.24569225,0.010518419,0.25094172,0.0039428207,0.4,0.0,0.23582448,0.013984544
375316653866487564,6029892573368402944,0.46401793,2338.16661310202,0.13808655413579915,1.1284124E-6,19.788597,0.008100819,0.5731765,0.015117152,0.11985566,0.0145253865,0.3355006,0.055215456,0.8912025,5.7389563E-5,0.0012911499,1.3916302E-4,0.45576972,0.26276553,null,null,null,null,"TWOGAUSSIANS",8,1.820834,0.8912025,5.7389563E-5,0.0072304397,7.793129E-4,0.4655859,0.26316324,0.5731765,0.015117152,0.4,0.0,0.335389,0.055454746
375316653866487564,6029892676447702016,0.43140215,2324.2232090205325,2.139681585731867,1.6943303E-4,18.123356,0.09690155,0.22195728,0.024068745,0.13602331,0.05908691,0.09216608,0.09353972,0.6762348,0.021742914,0.1316719,0.04430095,0.11382812,0.09283319,null,null,null,null,"TWOGAUSSIANS",8,6.6759195,0.6762348,0.021742914,0.4,0.0,0.08866851,0.0115918545,0.22344728,0.02229131,0.4,0.0,0.06695082,0.009038917
375316653866487564,6029892779520435328,0.51888525,2308.6274197298007,2.5687533129533517,1.29322425E-5,18.66792,0.032649465,0.17370722,0.0034032727,0.080954075,0.022216847,0.27546614,0.02389677,0.65799814,0.006628586,0.10000913,0.014570111,0.25330508,0.032401126,null,null,null,null,"TWOGAUSSIANS",8,2.302043,0.17370722,0.0033947588,0.4,0.0,0.2664658,0.042370625,0.65799814,0.006628586,0.4,0.0,0.24430226,0.01732437
375316653866487564,6029893221821203072,0.59942853,2288.0503707655653,1.4048292084703955,8.861384E-6,17.664536,0.006309684,0.31506914,0.0016931598,0.042401742,0.00183903,0.45056272,0.016165916,0.8105373,0.005795094,0.04209305,0.0052677263,0.14715949,0.0420052,0.03000722,0.008215088,0.31506914,0.0016931598,"TWOGAUSSIANS_WITH_ELLIPSOIDAL_ON_ECLIPSE1",9,6.3964677,0.31506914,0.0016931598,0.23744975,0.010298568,0.51057714,0.01148278,0.8107773,0.005600427,0.23572108,0.029499266,0.20712788,0.040159967
375316653866487564,6029893501081159680,0.5247705,2302.8917075681043,3.035574552053581,2.2519209E-5,16.689644,0.044043455,0.22379261,0.006970887,0.09255075,0.016837837,0.29619747,0.042528395,0.70877457,0.004481681,0.104911335,0.014976822,0.300312,0.041357305,null,null,null,null,"TWOGAUSSIANS",8,51.82582,0.70877457,0.004481681,0.4,0.0,0.2804673,0.017837377,0.22380261,0.0069702365,0.4,0.0,0.276361,0.02450941
375316653866487564,6029893737247756544,0.49233228,2269.755027504073,2.614957231912047,2.9748298E-5,19.758629,0.017501459,0.2759544,0.007879078,0.053063303,0.008209796,0.6239119,0.07727036,0.7682409,0.0033685018,0.056412447,0.0064619104,0.6432388,0.051287115,null,null,null,null,"TWOGAUSSIANS",8,7.814157,0.7682409,0.0033685018,0.3159097,0.0361867,0.64321166,0.051321868,0.2759544,0.007879078,0.2971545,0.045974854,0.62388486,0.07729359
375316653866487564,6029894046455291776,0.46880752,2307.9433778222606,2.431820498434555,4.2579828E-5,17.34015,0.007161416,0.2723539,0.011796625,0.071455404,0.018956222,0.12147109,0.0074017793,0.76441056,0.013573986,0.054217145,0.018485768,0.051502205,0.009327412,null,null,null,null,"TWOGAUSSIANS",8,8.909576,0.2723539,0.011796625,0.4,0.054073296,0.121424094,0.007179513,0.76441056,0.013573986,0.30361602,0.1035203,0.051455203,0.009289998
375316653866487564,6029894050877563136,0.70233893,2307.816572140806,4.517271026304755,2.5844047E-6,16.246141,0.004049791,0.2906277,7.1899104E-4,0.046974577,0.0014374204,0.42816174,0.01235286,0.7905724,7.380389E-4,0.047580454,8.031796E-4,0.48605666,0.010245311,0.14287065,0.0048224293,0.2906277,7.1899104E-4,"TWOGAUSSIANS_WITH_ELLIPSOIDAL_ON_ECLIPSE1",9,7.693822,0.7905824,6.9493684E-4,0.26645055,0.0044978056,0.771797,0.0062652314,0.2906277,7.1899104E-4,0.26305765,0.008049554,0.7139022,0.010945107
375316653866487564,6029894325715491840,0.48910862,2297.703642623786,3.4119540016883274,1.2019282E-5,18.711763,0.39951804,0.21779957,0.00446056,0.1706067,0.11025221,0.31770453,0.39147633,0.72019404,0.0028417383,0.1285389,0.040025465,0.31886837,0.31921124,null,null,null,null,"TWOGAUSSIANS",8,2.1326826,0.720514,0.0028792438,0.4,0.0,0.17453407,0.01323406,0.21773958,0.0044622114,0.4,0.0,0.1650254,0.01231762
375316653866487564,6029894390073206784,0.46650442,2296.78500502195,2.2032867436472117,4.0612278E-5,18.229794,0.001414738,null,null,null,null,null,null,null,null,null,null,null,null,0.035724554,0.0018200253,0.22672953,0.0049924315,"ELLIPSOIDAL",4,1.8221107,null,null,null,null,null,null,null,null,null,null,null,null
375316653866487564,6029894424411698176,0.55620146,2299.4858634539733,1.1522484905720267,1.2399487E-5,16.341267,0.0024472415,0.72057754,0.0017855592,0.052142687,0.0021699083,0.13752294,0.006428736,null,null,null,null,null,null,0.0402348,0.004819395,0.72057754,0.0017855592,"ONEGAUSSIAN_WITH_ELLIPSOIDAL",6,11.018171,0.72057754,0.0017855592,0.29199904,0.012151485,0.21799111,0.006931821,null,null,null,null,null,null
375316653866487564,6029894738024075008,0.516953,2299.9508007002173,2.0358297054473176,1.734636E-5,18.441135,0.046191517,0.2761475,0.0026550204,0.10890196,0.017205693,0.22425556,0.04346776,0.7899948,0.010311346,0.10807922,0.03398381,0.120115496,0.046355076,null,null,null,null,"TWOGAUSSIANS",8,2.0634816,0.2761375,0.002666189,0.4,0.0,0.20456359,0.008415042,0.7900248,0.010262782,0.4,0.0,0.10043103,0.012230322
375316653866487564,6029894802368888448,0.4941124,2310.7229423443205,3.604611026084107,1.976454E-5,17.25276,0.034756307,0.21089205,0.004271037,0.09084112,0.022165,0.21718356,0.020948218,0.708105,0.0050064516,0.09870256,0.016025849,0.23283787,0.031506117,null,null,null,null,"TWOGAUSSIANS",8,27.494673,0.708105,0.0050064516,0.4,0.0,0.21949337,0.014867493,0.21089205,0.004271037,0.4,0.0,0.20384021,0.020384116
375316653866487564,6029894802369541504,0.4807896,2310.739224253684,2.478878469039858,2.3232877E-5,17.97949,0.015822971,0.22651689,0.0054091094,0.09586606,0.014785133,0.13000771,0.0142521635,0.7280398,0.0066800467,0.10678302,0.015729928,0.1394353,0.01411998,null,null,null,null,"TWOGAUSSIANS",8,4.6082916,0.7280398,0.0066800467,0.4,0.0,0.12683491,0.008302225,0.22651689,0.0054091094,0.4,0.0,0.11741183,0.0070354333
375316653866487564,6029895631385355264,0.42333984,2327.2781661377226,1.006251479011809,1.2787693E-4,19.723179,0.011055681,0.44054198,0.0017019889,0.013469905,0.0016819778,0.3302159,0.061720293,0.7632457,0.020979306,0.018700497,0.014914899,0.16254318,0.11711809,null,null,null,null,"TWOGAUSSIANS",8,3.6728513,0.44054198,0.0017019889,0.075431466,0.009419075,0.3302159,0.061720293,0.7632457,0.020979306,0.10472278,0.08352343,0.16254318,0.11711809
375316653866487564,6029895734504846976,0.5147492,2316.680333942206,0.2642177403803981,5.4225264E-5,16.344856,0.0010788885,0.3681589,0.010592579,0.03021797,0.0056686434,0.12938526,0.022309553,0.86877316,0.005118537,0.024636544,0.005788075,0.031375676,0.002353381,null,null,null,null,"TWOGAUSSIANS",8,4.7268324,0.3681589,0.010592579,0.16922063,0.031744402,0.12938526,0.022309553,0.86877316,0.005118537,0.13796465,0.03241322,0.031375676,0.002353381
375316653866487564,6029896215494473472,0.48656723,2267.3198865066656,3.017943096795364,2.812387E-5,19.09383,0.101150036,0.24784644,0.01245259,0.09689555,0.04140699,0.38136595,0.072345644,0.7742321,0.012715717,0.09304635,0.034599524,0.35214496,0.090983145,null,null,null,null,"TWOGAUSSIANS",8,6.221436,0.24784644,0.012449813,0.4,0.0,0.36560443,0.03408061,0.7742321,0.012754232,0.4,0.0,0.3363852,0.049598552
375316653866487564,6029896284214002688,0.48053503,2287.3924462826535,0.039517023017773496,1.1565776E-5,19.142067,0.012809661,0.21326177,0.0101798205,0.091241315,0.008827232,0.37105954,0.057914093,0.4841248,0.0019269713,0.03958346,0.004581339,6.7647257,5.4601774,null,null,null,null,"TWOGAUSSIANS",8,8.339776,0.4841248,0.0019269713,0.22166738,0.0256555,6.769252,5.4606023,0.21326177,0.0101798205,0.4,0.0,0.3710592,0.057914376
375316653866487564,6029896284260141440,0.43548846,2261.287054117449,0.7594376168260333,6.823994E-5,19.435322,0.019668756,0.25234878,0.011425824,0.08528038,0.015241539,0.18668285,0.020786695,0.77554363,0.025895318,0.05073829,0.026892522,0.16095778,0.0620703,null,null,null,null,"TWOGAUSSIANS",8,4.2115498,0.25234878,0.011425824,0.4,0.0,0.18647352,0.020375352,0.77554363,0.025895318,0.28413442,0.15059812,0.1607485,0.062102184
375316653866487564,6029896348557252864,0.56648,2292.5860416973437,1.147366709656716,5.9730587E-6,17.850098,0.0030198821,0.27034402,0.0033213915,0.032249324,0.00991849,0.04806326,0.011426947,0.76044154,0.002270353,0.047775444,0.0045751864,0.14881077,0.017530054,0.04715965,0.004959854,0.27034402,0.0033213915,"TWOGAUSSIANS_WITH_ELLIPSOIDAL_ON_ECLIPSE1",9,1.8938596,0.76145154,0.0020468533,0.26754248,0.025621044,0.24280223,0.018380549,0.27034402,0.0033213915,0.18059622,0.055543546,0.14238212,0.012570243
375316653866487564,6029896417276747008,0.56051844,2288.0869225135575,3.484250149362817,1.0388561E-5,18.352991,0.011842868,0.17762196,0.002959274,0.085229166,0.0047273412,0.36009106,0.0117956735,0.67815626,0.0067981645,0.078054585,0.0061286655,0.37471476,0.026569031,null,null,null,null,"TWOGAUSSIANS",8,4.165595,0.67815626,0.0067981645,0.4,0.0,0.36803535,0.026841195,0.17762196,0.002959274,0.4,0.0,0.35341159,0.00997541
375316653866487564,6029896627818468608,0.497813,2326.5195831532014,1.8932151474138763,5.0220915E-5,19.396154,0.003404738,0.23252627,0.016583383,0.06379964,0.0085606,0.25762972,0.013086247,0.7624143,0.023928542,0.044573445,0.044072244,0.16055624,206489.7,null,null,null,null,"TWOGAUSSIANS",8,0.97522515,0.23252627,0.016583383,0.35727802,0.04793936,0.257627,0.013086347,0.7624143,0.023928542,0.24961129,0.24680457,0.16055354,206489.7
375316653866487564,6029896696538028800,0.48264515,2341.023222414264,2.4197175132612476,3.7639384E-5,18.142246,0.07853734,0.18418324,0.0054930374,0.12506418,0.037595194,0.23418123,0.072365835,0.66987616,0.006913424,0.102356955,0.0246133,0.24307634,0.073586464,null,null,null,null,"TWOGAUSSIANS",8,5.4086614,0.66987616,0.006913424,0.4,0.0,0.20657101,0.016942928,0.18419324,0.005476702,0.4,0.0,0.19750571,0.014567096
375316653866487564,6029896765297101312,0.5261094,2304.389600488906,1.4628702977054133,1.7244796E-5,17.768337,0.06528746,0.29468468,0.004877792,0.12688367,0.02332952,0.25979888,0.063777044,0.79132336,0.003567566,0.10588101,0.017060764,0.31058884,0.059919074,null,null,null,null,"TWOGAUSSIANS",8,5.060166,0.79132336,0.003567566,0.4,0.0,0.25688338,0.010841206,0.29468468,0.004870827,0.4,0.0,0.20588067,0.009537697
375316653866487564,6029897001392819712,0.44878992,2336.70303503003,4.092329855507019,2.0264719E-5,16.354322,0.0044599744,0.1354104,0.0068166927,0.013583141,0.0057929545,0.84905106,9.117213,0.6538146,0.0026537776,0.01947271,0.0011355227,0.695773,0.15261063,null,null,null,null,"TWOGAUSSIANS",8,95.09702,0.1354104,0.0068166927,0.07606559,0.032440543,0.84905106,9.117213,0.6538146,0.0026537776,0.10904718,0.0063589276,0.695773,0.15261063
375316653866487564,6029897619896745216,0.6132893,2302.357326166474,1.3063325445187461,5.864315E-6,18.084257,0.0033362997,0.24511334,0.0019350796,0.07300334,0.0019347569,0.48228493,0.010600966,0.74545294,0.001629999,0.072664246,0.0017676041,0.5097936,0.011378736,null,null,null,null,"TWOGAUSSIANS",8,2.6202261,0.74545294,0.001629999,0.4,0.0,0.507074,0.011518594,0.24511334,0.0019350796,0.4,0.0,0.47956535,0.010727959
375316653866487564,6029897619896745344,0.44114083,2282.941566082393,1.4262542227975707,5.9267943E-5,18.74905,0.0055909283,0.28244182,0.042287536,0.020272288,0.030783074,0.106085986,3.34289266E16,0.6152458,0.022241268,0.09909058,0.016714217,0.1304142,0.015795877,null,null,null,null,"TWOGAUSSIANS",8,4.0492563,0.6152458,0.022241268,0.4,0.0,0.13041343,0.015795507,0.28250185,0.042327747,0.11352481,0.17238522,0.10654902,3.34289266E16
375316653866487564,6029897727338523520,0.53944486,2272.194730831534,2.650120658705575,4.748882E-5,19.52813,0.025556551,0.20144346,0.010306491,0.034963805,0.012509242,0.8211549,0.91070145,0.70173544,0.0134702185,0.012498959,0.022249041,0.5424363,0.1288026,0.12226612,0.039565787,0.20144346,0.010306491,"TWOGAUSSIANS_WITH_ELLIPSOIDAL_ON_ECLIPSE1",9,3.7819958,0.20144346,0.010306491,0.19579731,0.07005175,1.0656871,0.9413391,0.70173544,0.012927081,0.06999417,0.12459463,0.78696775,0.16705424
375316653866487564,6029897795958557184,0.5265953,2260.5253682091407,3.3177952565226545,2.0477935E-5,18.039814,0.0682633,0.42362404,0.0041231643,0.18542479,0.024468342,0.46371043,0.059034336,0.9310205,0.039712656,0.04403357,0.049791012,0.09329537,7.2495017,null,null,null,null,"TWOGAUSSIANS",8,14.272292,0.42362404,0.0041231643,0.4,0.0,0.41247246,0.03334401,0.93178046,0.039418656,0.24658798,0.27882966,0.06664617,7.2680373
375316653866487564,6029897967757244160,0.54921514,2250.7270911228,2.050809714686316,1.2985042E-5,18.164097,0.045577373,0.25312498,0.0037248456,0.11156801,0.01807985,0.25903893,0.04148579,0.7503434,0.005272159,0.105688326,0.016248181,0.30182877,0.04180182,null,null,null,null,"TWOGAUSSIANS",8,3.5688853,0.7503434,0.005272159,0.4,0.0,0.26356596,0.015168393,0.25312498,0.003726362,0.4,0.0,0.22076184,0.009827627
375316653866487564,6029898036477083520,0.5655288,2267.1416040034674,2.923333948673094,1.30681965E-5,18.883265,0.010388474,0.25935507,0.0049968436,0.08610194,0.006112834,0.43845326,0.021708868,0.758656,0.0031385669,0.0793587,0.003776915,0.4617942,0.016025025,null,null,null,null,"TWOGAUSSIANS",8,2.400496,0.758656,0.0031385669,0.4,0.0,0.4525724,0.015268154,0.25935507,0.0049968436,0.4,0.0,0.4292314,0.022224264
