Gaia/vari_eclipsing_binary/VariEclipsingBinary_471462-471526.csv
# %ECSV 1.0
# ---
# delimiter: ','
# meta: !!omap
# - RELEASE: Gaia DR3
# - TABLE: vari_eclipsing_binary
# - DESCRIPTION: >
#     This table describes the properties of the eclipsing binaries resulting from the variability analysis. 
# - CITATION: >
#     How to cite and acknowledge Gaia: 
#     https://gea.esac.esa.int/archive/documentation/credits.html 
# - KNOWN_ISSUES: >
#     Known issues: 
#     https://www.cosmos.esa.int/web/gaia-users/known-issues 
# - DOCUMENTATION: >
#     Tutorials and documentation: 
#     https://www.cosmos.esa.int/web/gaia-users/archive 
# datatype:
# - 
#   name: solution_id
#   datatype: int64
#   description: Solution Identifier
#   meta:
#     ucd: meta.version
# - 
#   name: source_id
#   datatype: int64
#   description: Unique source identifier
#   meta:
#     ucd: meta.id;meta.main
# - 
#   name: global_ranking
#   datatype: float32
#   description: Number between 0 (worst) and 1 (best)
#   meta:
#     ucd: stat.param
# - 
#   name: reference_time
#   datatype: float64
#   unit: d
#   description: Reference time used for the geometric model fit
#   meta:
#     ucd: time.epoch
# - 
#   name: frequency
#   datatype: float64
#   unit: d**-1
#   description: Frequency of geometric model of the eclipsing binary light curve
#   meta:
#     ucd: src.orbital
# - 
#   name: frequency_error
#   datatype: float32
#   unit: d**-1
#   description: "Uncertainty of \\texttt{frequency}"
#   meta:
#     ucd: stat.error
# - 
#   name: geom_model_reference_level
#   datatype: float32
#   unit: mag
#   description: Magnitude reference level of geometric model
#   meta:
#     ucd: phot.mag;em.opt
# - 
#   name: geom_model_reference_level_error
#   datatype: float32
#   unit: mag
#   description: "Uncertainty of \\texttt{geomModelReferenceLevel}"
#   meta:
#     ucd: stat.error;phot.mag;em.opt
# - 
#   name: geom_model_gaussian1_phase
#   datatype: float32
#   description: Phase of the Gaussian 1 component
#   meta:
#     ucd: time.phase
# - 
#   name: geom_model_gaussian1_phase_error
#   datatype: float32
#   description: "Uncertainty of \\texttt{geomModelGaussian1Phase}"
#   meta:
#     ucd: stat.error;time.phase
# - 
#   name: geom_model_gaussian1_sigma
#   datatype: float32
#   description: "Standard deviation [phase] of Gaussian 1 component"
#   meta:
#     ucd: stat.stdev
# - 
#   name: geom_model_gaussian1_sigma_error
#   datatype: float32
#   description: "Uncertainty of \\texttt{geomModelGaussian1Sigma}"
#   meta:
#     ucd: stat.error
# - 
#   name: geom_model_gaussian1_depth
#   datatype: float32
#   unit: mag
#   description: Magnitude depth of Gaussian 1 component
#   meta:
#     ucd: src.var.amplitude
# - 
#   name: geom_model_gaussian1_depth_error
#   datatype: float32
#   unit: mag
#   description: "Uncertainty of \\texttt{geomModelGaussian1Depth}"
#   meta:
#     ucd: stat.error;src.var.amplitude
# - 
#   name: geom_model_gaussian2_phase
#   datatype: float32
#   description: Phase of Gaussian 2 component
#   meta:
#     ucd: time.phase
# - 
#   name: geom_model_gaussian2_phase_error
#   datatype: float32
#   description: "Uncertainty of \\texttt{geomModelGaussian2Phase}"
#   meta:
#     ucd: stat.error;time.phase
# - 
#   name: geom_model_gaussian2_sigma
#   datatype: float32
[...]
#   datatype: float32
#   description: "Secondary eclipse: uncertainty of \\texttt{derivedSecondaryEclDuration}"
#   meta:
#     ucd: stat.error;time.duration
# - 
#   name: derived_secondary_ecl_depth
#   datatype: float32
#   unit: mag
#   description: "Secondary eclipse: depth"
#   meta:
#     ucd: src.var.amplitude
# - 
#   name: derived_secondary_ecl_depth_error
#   datatype: float32
#   unit: mag
#   description: "Secondary eclipse: uncertainty of \\texttt{derivedSecondaryEclDepth}"
#   meta:
#     ucd: stat.error;src.var.amplitude
solution_id,source_id,global_ranking,reference_time,frequency,frequency_error,geom_model_reference_level,geom_model_reference_level_error,geom_model_gaussian1_phase,geom_model_gaussian1_phase_error,geom_model_gaussian1_sigma,geom_model_gaussian1_sigma_error,geom_model_gaussian1_depth,geom_model_gaussian1_depth_error,geom_model_gaussian2_phase,geom_model_gaussian2_phase_error,geom_model_gaussian2_sigma,geom_model_gaussian2_sigma_error,geom_model_gaussian2_depth,geom_model_gaussian2_depth_error,geom_model_cosine_half_period_amplitude,geom_model_cosine_half_period_amplitude_error,geom_model_cosine_half_period_phase,geom_model_cosine_half_period_phase_error,model_type,num_model_parameters,reduced_chi2,derived_primary_ecl_phase,derived_primary_ecl_phase_error,derived_primary_ecl_duration,derived_primary_ecl_duration_error,derived_primary_ecl_depth,derived_primary_ecl_depth_error,derived_secondary_ecl_phase,derived_secondary_ecl_phase_error,derived_secondary_ecl_duration,derived_secondary_ecl_duration_error,derived_secondary_ecl_depth,derived_secondary_ecl_depth_error
[from data line 188]
375316653866487564,4147194513781710592,0.4682463,2236.359912762326,3.148797764573126,1.9768666E-5,18.550406,0.009870735,0.23088458,0.0019710911,0.027716352,0.0047443705,0.11767959,0.01194575,0.7978001,0.0011461291,0.023352154,0.00757336,0.185039,0.06682032,null,null,null,null,"TWOGAUSSIANS",8,6.16277,0.7978001,0.0011461291,0.13077207,0.042410817,0.185039,0.06682032,0.23088458,0.0019710911,0.15521157,0.026568474,0.11767959,0.01194575
375316653866487564,4147197919709329024,0.5426387,2258.103111817112,3.1564890029648476,1.9693167E-5,15.108379,0.023585381,0.31393963,0.0093726395,0.0949252,0.012380895,0.25078022,0.02431014,0.80187,0.005233052,0.09893759,0.010880789,0.2792751,0.025462737,null,null,null,null,"TWOGAUSSIANS",8,119.34541,0.80187,0.005233052,0.4,0.0,0.26309362,0.018071862,0.31393963,0.0093726395,0.4,0.0,0.2346001,0.011272429
375316653866487564,4147200118722766592,0.47485426,2267.8912929507947,2.292189587987595,4.3186E-5,19.839302,0.04875034,0.291849,0.012126905,0.08738005,0.013871036,0.43772048,0.03944433,0.67239213,0.063380465,0.11537933,0.092264205,0.13616408,0.057319462,null,null,null,null,"TWOGAUSSIANS",8,3.5625453,0.29214898,0.0116909705,0.4,0.0,0.43424398,0.036338355,0.67239213,0.063380465,0.4,0.17098758,0.13212685,0.05976482
375316653866487564,4147203103711947904,0.60281646,2294.1646184570895,1.2969489214958887,1.0143842E-5,18.281143,0.017760742,0.25257182,0.0031504908,0.0458422,0.022243598,0.36796346,0.19005685,0.7300752,0.014216135,0.025642646,0.045616906,0.03889506,0.17420591,0.101197205,0.020184953,0.25257182,0.0031504908,"TWOGAUSSIANS_WITH_ELLIPSOIDAL_ON_ECLIPSE1",9,2.2317748,0.25257182,0.0031504908,0.25671634,0.124564156,0.57035774,0.21978101,0.73489517,0.019642849,0.14359882,0.2554547,0.23812182,0.18571317
375316653866487564,4147203451617696256,0.46151054,2278.700152910214,1.0166728679940185,1.3727367E-4,19.901491,0.025736017,0.349216,0.0033452718,0.050733928,0.0085882535,0.25755373,0.050547656,0.86991835,0.049388357,0.045438033,0.041854247,0.21161303,0.056426793,null,null,null,null,"TWOGAUSSIANS",8,1.6896569,0.349216,0.0033452718,0.28410998,0.04809422,0.25755352,0.050424222,0.86991835,0.049388357,0.25445297,0.14125654,0.21161282,0.055846717
375316653866487564,4147204619846366336,0.5324857,2244.806455530985,0.7682456431825354,3.1369786E-5,19.61167,0.15875053,0.29089913,0.011092085,0.22567928,0.061243437,0.3999031,0.15589929,0.7559142,0.0125723295,0.078679636,0.013647008,0.35475662,0.055992264,null,null,null,null,"TWOGAUSSIANS",8,0.8948103,0.7559142,0.0125723295,0.4,0.021986872,0.2780214,0.019679535,0.29089913,0.011092085,0.4,0.0,0.25126553,0.015949048
375316653866487564,4147205032163283840,0.53116125,2226.7399293204357,0.506135552589243,1.3899422E-4,19.871723,0.016821463,0.17442958,0.014568708,0.027570317,0.0087900665,0.063675575,0.023661412,0.631434,0.022664437,0.11305406,0.024513396,0.23074543,0.025847433,null,null,null,null,"TWOGAUSSIANS",8,1.0360484,0.631434,0.022664437,0.4,0.0,0.2305744,0.025432903,0.17445959,0.0145669775,0.15439378,0.04922437,0.063572116,0.02360529
375316653866487564,4147205680692428800,0.5323498,2288.161383994358,1.585861990906917,3.1102256E-5,18.560478,0.030916525,0.24199279,0.0072641657,0.09554566,0.021940509,0.304912,0.025013803,0.73495495,0.0089839585,0.08959663,0.01672291,0.3150954,0.092336304,null,null,null,null,"TWOGAUSSIANS",8,3.3599095,0.73495495,0.0089839585,0.4,0.0,0.3005355,0.09756614,0.24199279,0.0072641657,0.4,0.0,0.2903515,0.034370728
375316653866487564,4147205921210612736,0.53126705,2244.008247054662,3.578784955282772,1.143948E-5,17.141008,0.018758748,0.2958338,0.0052204854,0.08815756,0.011532902,0.18985945,0.019610856,0.78216183,0.0050919624,0.08822681,0.012846035,0.17306998,0.01593572,null,null,null,null,"TWOGAUSSIANS",8,11.543236,0.2958338,0.0052204854,0.4,0.0,0.18463933,0.015407438,0.78216183,0.0050919624,0.4,0.0,0.16784987,0.011780924
375316653866487564,4147205959888052096,0.54812354,2255.629418946397,3.3319640297589643,5.4025357E-5,18.392427,0.016329734,0.16186985,0.041375976,0.08457499,0.08984198,0.021716738,0.016312206,0.8296624,0.030379709,0.044546694,0.020857586,0.38513407,11.569302,null,null,null,null,"TWOGAUSSIANS",8,3.424897,0.8296624,0.030311057,0.24946149,0.116802484,0.3851436,11.569127,0.16186985,0.041375976,0.4,0.024598714,0.021716572,0.015859647
375316653866487564,4147207364319666432,0.45341417,2256.7408591162402,1.3905558659125654,8.1454404E-5,18.92871,0.020939507,0.29463455,0.011817321,0.078945346,0.020717539,0.08760597,0.019394228,0.7575248,0.017491417,0.08806431,0.044169717,0.14806186,0.056133296,null,null,null,null,"TWOGAUSSIANS",8,2.339836,0.7575248,0.017491417,0.4,0.0051283007,0.14675511,0.062008496,0.29463455,0.011733777,0.4,0.01027605,0.086299375,0.014202209
375316653866487564,4147211594885248000,0.5687158,2235.3300539322845,1.9235089465856,1.6521319E-5,14.334577,0.01205694,0.3401145,0.006057381,0.057786003,0.024587795,0.08490043,0.07124594,0.8326245,0.021413403,0.060711913,0.020745184,0.07233964,0.031700656,0.06529356,0.015241408,0.3401145,0.006057381,"TWOGAUSSIANS_WITH_ELLIPSOIDAL_ON_ECLIPSE1",9,90.77283,0.3401145,0.006057381,0.3236016,0.13769165,0.21547124,0.082006395,0.8352045,0.01757093,0.3399867,0.11617304,0.20272091,0.013709723
375316653866487564,4147213136755819520,0.6134009,2301.1918055015294,1.2882540606214972,1.3377235E-5,17.125784,0.0054060114,0.25378284,0.003015805,0.068695255,0.0082952585,0.4191717,0.0829624,0.75692284,0.002733953,0.08293292,0.0037107307,0.24868222,0.0046786526,null,null,null,null,"TWOGAUSSIANS",8,3.3753486,0.25378284,0.003015805,0.3846934,0.016837386,0.41663754,0.08547384,0.75692284,0.002733953,0.4,0.0,0.24614806,0.0036529324
375316653866487564,4147213519030614272,0.5845854,2273.7369652748534,0.017682659779234004,1.0381049E-6,16.937729,0.002006187,0.357416,0.024020614,0.055142123,0.012773372,0.061965548,0.02019928,0.95009273,5.6213196E-7,4.026698E-4,6.6706407E-6,0.3188748,0.0012023316,null,null,null,null,"TWOGAUSSIANS",8,4.628322,0.95009273,5.6213196E-7,0.0022549508,3.735559E-5,0.3188748,0.0012023316,0.357416,0.024020614,0.3087959,0.071530886,0.061965548,0.02019928
375316653866487564,4147218531239435264,0.47442636,2177.5901232026235,1.8993290531625187,2.3043762E-5,19.31007,0.19797932,0.32132423,0.010079451,0.07841943,0.017215379,0.28278902,0.061094847,0.75727063,0.05120142,0.2268337,0.15240158,0.19342302,0.1930775,null,null,null,null,"TWOGAUSSIANS",8,2.3710616,0.32505423,0.005596942,0.4,0.041479725,0.25432056,0.040689107,0.75727063,0.05120142,0.4,0.0,0.12537852,0.056643046
375316653866487564,4147219188379633280,0.4397091,2214.3291663802165,0.3337682567650299,2.2235563E-5,19.87586,0.056199033,0.017244203,0.010546121,0.008242207,0.0054443926,0.76725584,4.712034,0.47543865,0.018754201,0.06723784,0.019658824,0.18426827,0.13307478,null,null,null,null,"TWOGAUSSIANS",8,3.6609893,0.017244203,0.010546121,0.046156358,0.0304886,0.76725584,4.712034,0.47543865,0.018754201,0.3765319,0.10010306,0.18426827,0.13307478
375316653866487564,4147225540621580288,0.60817343,2234.9441523661408,1.6098460589632213,2.3790526E-4,16.614653,0.0061147185,0.6385404,0.004126825,0.06856581,0.0034488272,0.7609473,0.058872174,0.23839542,0.03002679,0.07073983,0.05170187,0.02974223,0.013183811,null,null,null,null,"TWOGAUSSIANS",8,21.296753,0.6385404,0.004126825,0.38396853,0.019313432,0.7609217,0.05888812,0.23839542,0.03002679,0.39614302,0.26266664,0.029716674,0.013193551
375316653866487564,4147226541363383424,0.5186459,2305.717898357266,1.9444109129070237,5.796836E-5,18.460526,0.025798913,0.2127704,0.0065553626,0.06566787,0.033539206,0.34874496,0.07608544,0.7245657,0.009873309,0.062429722,0.010083566,0.38012376,0.025862018,null,null,null,null,"TWOGAUSSIANS",8,12.479508,0.7245657,0.009873309,0.34960645,0.056467973,0.37987518,0.02315945,0.2127704,0.0065553626,0.36774006,0.055253565,0.34849638,0.08032758
375316653866487564,4147226610094811520,0.49277136,2298.511790072618,0.20377663043624364,3.9884515E-5,19.850908,0.008110404,0.20453209,0.0115756,0.05273684,0.014874959,0.6494139,0.9231855,0.8264419,0.0024532634,0.041247882,0.002793812,0.5439673,0.03461814,null,null,null,null,"TWOGAUSSIANS",8,0.8643597,0.20453209,0.0115756,0.2953263,0.08329977,0.6494139,0.9231855,0.8264419,0.0024532634,0.23098813,0.015645346,0.5439673,0.03461814
375316653866487564,4147227292969798144,0.5567413,2222.5066420345547,2.01966976268073,4.523327E-5,18.785727,0.022963889,0.20740053,0.013184569,0.06751703,0.04197853,0.20279025,0.021018,0.70485306,0.013236123,0.07552827,0.013224074,0.26294646,0.042071797,null,null,null,null,"TWOGAUSSIANS",8,1.7085773,0.70485306,0.013236123,0.4,0.021905161,0.2619766,0.038605094,0.20740053,0.013184569,0.37809536,0.0505435,0.20182039,0.025692467
375316653866487564,4147231072544818432,0.54288703,2307.37282322923,1.2998079108327902,2.074058E-5,19.039387,0.024479572,0.27843723,0.027792495,0.07598322,0.020998703,0.5265508,0.07678323,0.7600714,0.0067333914,0.089215204,0.0097590415,0.38374922,0.026764646,null,null,null,null,"TWOGAUSSIANS",8,3.104999,0.27843723,0.027792495,0.4,0.016540049,0.5201321,0.08807459,0.7600714,0.0067333914,0.4,0.0,0.37733033,0.023108771
375316653866487564,4147232279448565888,0.67762345,2316.0426124674473,0.9987571965352606,2.8166442E-6,15.20716,0.002944095,0.22914013,0.0066201887,0.03768978,0.005781654,0.18456176,0.0146951275,0.7260847,9.028783E-4,0.037547123,0.0011997648,0.39203835,0.012230902,0.023874333,0.003679636,0.22914013,0.0066201887,"TWOGAUSSIANS_WITH_ELLIPSOIDAL_ON_ECLIPSE1",9,14.161598,0.7261247,8.8347815E-4,0.21026388,0.0067186826,0.4397696,0.011338939,0.22914013,0.0066201887,0.21106276,0.03237726,0.23231037,0.01399337
375316653866487564,4147233585110214784,0.56016225,2243.004925501202,2.3177142767444843,1.5347856E-5,19.344765,0.024086306,0.19763201,0.002814665,0.09441964,0.0068626367,0.41202915,0.023952624,0.70140404,0.005450608,0.084141456,0.010069351,0.43401223,0.025530024,null,null,null,null,"TWOGAUSSIANS",8,1.111919,0.70140404,0.005450608,0.4,0.0,0.4182629,0.024596997,0.19763201,0.002814665,0.4,0.0,0.39627916,0.016690105
375316653866487564,4147234164917710336,0.47459128,2197.1330077832804,2.4706429800565273,2.9263669E-5,19.107943,0.06379091,0.25687954,0.022692319,0.10085107,0.03388703,0.30804026,0.056806758,0.7419673,0.0063873734,0.10392972,0.02334044,0.32883415,0.062448166,null,null,null,null,"TWOGAUSSIANS",8,5.1680818,0.7419673,0.0063873734,0.4,0.0,0.3018563,0.047652792,0.25688955,0.022689546,0.4,0.0,0.28106648,0.03997203
375316653866487564,4147234989554500096,0.5160628,2188.8199250295506,2.468992140594491,1.0225952E-4,19.61306,0.04826861,0.27644193,0.015864506,0.07767175,0.021371942,0.40007353,0.052883074,0.7640344,0.03685026,0.086734295,0.03325941,0.4196613,0.124290735,null,null,null,null,"TWOGAUSSIANS",8,3.9136233,0.7640344,0.03685026,0.4,0.060932133,0.41329145,0.12384523,0.27644193,0.015864506,0.4,0.0021949008,0.39370376,0.04662572
375316653866487564,4147237085493668224,0.4754945,2207.6243434700777,1.5816883888760818,2.1173739E-5,18.681114,0.023348844,0.2883074,0.05870541,0.1449015,0.034706853,0.07701902,0.025976498,0.7609836,5.7959225E-4,0.026352221,0.0024407066,0.5346932,0.03034758,null,null,null,null,"TWOGAUSSIANS",8,10.590213,0.7609836,5.7959225E-4,0.14757244,0.013667957,0.5338593,0.02864739,0.2883074,0.05870541,0.4,0.0,0.075705975,0.023817299
375316653866487564,4147238292394896000,0.48450738,2177.7116140645403,1.263251052766261,3.0899322E-5,19.482016,0.067544095,0.2842178,0.018369853,0.12311546,0.033213064,0.3045861,0.057885125,0.79026467,0.007170412,0.094060436,0.017891213,0.43811142,0.05990947,null,null,null,null,"TWOGAUSSIANS",8,4.2876487,0.79028463,0.0071792784,0.4,0.0,0.3919821,0.02772231,0.2842178,0.018369853,0.4,0.0,0.25829482,0.037790604
375316653866487564,4147238292394915072,0.5565052,2215.303056817263,3.34453197059972,1.1063403E-5,19.474512,0.021018077,0.2706733,0.0057446193,0.08309583,0.0065525435,0.6322597,0.021561706,0.7727168,0.0028988556,0.07720888,0.006667199,0.44657162,0.034909222,null,null,null,null,"TWOGAUSSIANS",8,2.2758942,0.2706733,0.0057446193,0.4,0.0,0.6243413,0.020966535,0.7727168,0.0028988556,0.4,0.0,0.43865326,0.036119394
375316653866487564,4147238395474147584,0.466069,2192.5666574333027,1.6240529441428162,1.6462702E-5,19.449606,0.035472296,0.12418451,0.0077711586,0.06318293,0.021921715,0.11978341,0.037291963,0.48081392,0.015047106,0.0841398,0.021366078,0.389297,0.12951642,null,null,null,null,"TWOGAUSSIANS",8,3.4360104,0.48081392,0.015047106,0.4,0.0,0.38926363,0.12963378,0.124264516,0.0076621524,0.3538244,0.12276161,0.119799,0.037370726
375316653866487564,4147239288827398912,0.49141797,2235.5144184335754,1.3887725605271857,3.4099015E-5,19.56601,0.029929675,0.34951583,0.009320176,0.07045287,0.013058605,0.2267316,0.032248806,0.86533475,0.014203202,0.07484527,0.016239107,0.2517723,0.037601322,null,null,null,null,"TWOGAUSSIANS",8,1.5627701,0.86533475,0.014203202,0.4,0.04609187,0.250895,0.03680476,0.34951583,0.009320176,0.39453605,0.049389362,0.22585426,0.031391233
375316653866487564,4147239834277954816,0.48592785,2228.728049702918,2.7392022546468806,2.9112722E-5,19.374348,0.21948214,0.2839912,0.012195109,0.10034914,0.02913162,0.3615711,0.20099984,0.7708249,0.0159908,0.1218345,0.068710975,0.34545204,0.20096934,null,null,null,null,"TWOGAUSSIANS",8,3.6408088,0.2840512,0.012126695,0.4,0.0,0.3130681,0.027758602,0.7708249,0.0159908,0.4,0.0,0.2967862,0.042256493
375316653866487564,4147240113461198848,0.50165945,2211.4069593493764,3.239789437108642,2.6818641E-5,18.44044,0.006150347,0.78709066,0.0067472286,0.043202635,0.014402203,0.046018265,0.02946956,null,null,null,null,null,null,0.04630805,0.010056681,0.78709066,0.0067472286,"ONEGAUSSIAN_WITH_ELLIPSOIDAL",6,3.0954409,0.78709066,0.0067472286,0.24193476,0.08065234,0.13863435,0.024226123,null,null,null,null,null,null
375316653866487564,4147240487107822720,0.53689754,2244.5107915396993,0.8533359193494463,9.2677285E-5,17.850397,0.0060053156,0.23510751,0.021984393,0.051240984,0.021781538,0.39675832,21.992643,0.67514145,0.027543098,0.023971234,0.017166475,0.44373772,2.1186492,null,null,null,null,"TWOGAUSSIANS",8,8.90817,0.67514145,0.027543098,0.1342389,0.09613226,0.44373772,2.1186492,0.23510751,0.021984393,0.28694952,0.12197661,0.39675832,21.992643
375316653866487564,4147241208667717248,0.5519034,2236.67838017435,0.8847703115405663,1.775251E-5,19.171673,0.0046615447,0.26734012,0.0068176547,0.039742418,0.00556721,0.28507042,0.024603516,0.7675089,0.00653346,0.054345444,0.005047867,0.24170597,0.010423306,null,null,null,null,"TWOGAUSSIANS",8,0.9839206,0.26734012,0.0068176547,0.22255754,0.031176375,0.28507006,0.024603635,0.7675089,0.00653346,0.3043345,0.028268056,0.2417056,0.010423159
375316653866487564,4147242312492323328,0.50804347,2260.461353514671,0.9125172594598192,1.3952868E-5,14.838151,5.553975E-4,0.26456726,0.0047522653,0.061613668,0.021395894,0.0014422046,0.0030318392,null,null,null,null,null,null,0.014575054,7.5666996E-4,0.26456726,0.0047522653,"ONEGAUSSIAN_WITH_ELLIPSOIDAL",6,4.0305977,0.26456726,0.0047522653,0.34503654,0.119817,0.030591924,0.0031985084,null,null,null,null,null,null
375316653866487564,4147244099190415744,0.5057336,2255.515728578794,1.5662531729288345,5.373157E-5,19.16783,0.079669006,0.23644668,0.007188858,0.10308525,0.026829286,0.21990626,0.07871946,0.73274606,0.010404445,0.087217554,0.029698664,0.21662551,0.07634016,null,null,null,null,"TWOGAUSSIANS",8,1.7696302,0.23644668,0.0071896133,0.4,0.0,0.2068059,0.031319354,0.73274606,0.010404445,0.4,0.0,0.2035286,0.03974587
