Gaia/vari_eclipsing_binary/VariEclipsingBinary_485213-485235.csv
# %ECSV 1.0
# ---
# delimiter: ','
# meta: !!omap
# - RELEASE: Gaia DR3
# - TABLE: vari_eclipsing_binary
# - DESCRIPTION: >
#     This table describes the properties of the eclipsing binaries resulting from the variability analysis. 
# - CITATION: >
#     How to cite and acknowledge Gaia: 
#     https://gea.esac.esa.int/archive/documentation/credits.html 
# - KNOWN_ISSUES: >
#     Known issues: 
#     https://www.cosmos.esa.int/web/gaia-users/known-issues 
# - DOCUMENTATION: >
#     Tutorials and documentation: 
#     https://www.cosmos.esa.int/web/gaia-users/archive 
# datatype:
# - 
#   name: solution_id
#   datatype: int64
#   description: Solution Identifier
#   meta:
#     ucd: meta.version
# - 
#   name: source_id
#   datatype: int64
#   description: Unique source identifier
#   meta:
#     ucd: meta.id;meta.main
# - 
#   name: global_ranking
#   datatype: float32
#   description: Number between 0 (worst) and 1 (best)
#   meta:
#     ucd: stat.param
# - 
#   name: reference_time
#   datatype: float64
#   unit: d
#   description: Reference time used for the geometric model fit
#   meta:
#     ucd: time.epoch
# - 
#   name: frequency
#   datatype: float64
#   unit: d**-1
#   description: Frequency of geometric model of the eclipsing binary light curve
#   meta:
#     ucd: src.orbital
# - 
#   name: frequency_error
#   datatype: float32
#   unit: d**-1
#   description: "Uncertainty of \\texttt{frequency}"
#   meta:
#     ucd: stat.error
# - 
#   name: geom_model_reference_level
#   datatype: float32
#   unit: mag
#   description: Magnitude reference level of geometric model
#   meta:
#     ucd: phot.mag;em.opt
# - 
#   name: geom_model_reference_level_error
#   datatype: float32
#   unit: mag
#   description: "Uncertainty of \\texttt{geomModelReferenceLevel}"
#   meta:
#     ucd: stat.error;phot.mag;em.opt
# - 
#   name: geom_model_gaussian1_phase
#   datatype: float32
#   description: Phase of the Gaussian 1 component
#   meta:
#     ucd: time.phase
# - 
#   name: geom_model_gaussian1_phase_error
#   datatype: float32
#   description: "Uncertainty of \\texttt{geomModelGaussian1Phase}"
#   meta:
#     ucd: stat.error;time.phase
# - 
#   name: geom_model_gaussian1_sigma
#   datatype: float32
#   description: "Standard deviation [phase] of Gaussian 1 component"
#   meta:
#     ucd: stat.stdev
# - 
#   name: geom_model_gaussian1_sigma_error
#   datatype: float32
#   description: "Uncertainty of \\texttt{geomModelGaussian1Sigma}"
#   meta:
#     ucd: stat.error
# - 
#   name: geom_model_gaussian1_depth
#   datatype: float32
#   unit: mag
#   description: Magnitude depth of Gaussian 1 component
#   meta:
#     ucd: src.var.amplitude
# - 
#   name: geom_model_gaussian1_depth_error
#   datatype: float32
#   unit: mag
#   description: "Uncertainty of \\texttt{geomModelGaussian1Depth}"
#   meta:
#     ucd: stat.error;src.var.amplitude
# - 
#   name: geom_model_gaussian2_phase
#   datatype: float32
#   description: Phase of Gaussian 2 component
#   meta:
#     ucd: time.phase
# - 
#   name: geom_model_gaussian2_phase_error
#   datatype: float32
#   description: "Uncertainty of \\texttt{geomModelGaussian2Phase}"
#   meta:
#     ucd: stat.error;time.phase
# - 
#   name: geom_model_gaussian2_sigma
#   datatype: float32
[...]
#   datatype: float32
#   description: "Secondary eclipse: uncertainty of \\texttt{derivedSecondaryEclDuration}"
#   meta:
#     ucd: stat.error;time.duration
# - 
#   name: derived_secondary_ecl_depth
#   datatype: float32
#   unit: mag
#   description: "Secondary eclipse: depth"
#   meta:
#     ucd: src.var.amplitude
# - 
#   name: derived_secondary_ecl_depth_error
#   datatype: float32
#   unit: mag
#   description: "Secondary eclipse: uncertainty of \\texttt{derivedSecondaryEclDepth}"
#   meta:
#     ucd: stat.error;src.var.amplitude
solution_id,source_id,global_ranking,reference_time,frequency,frequency_error,geom_model_reference_level,geom_model_reference_level_error,geom_model_gaussian1_phase,geom_model_gaussian1_phase_error,geom_model_gaussian1_sigma,geom_model_gaussian1_sigma_error,geom_model_gaussian1_depth,geom_model_gaussian1_depth_error,geom_model_gaussian2_phase,geom_model_gaussian2_phase_error,geom_model_gaussian2_sigma,geom_model_gaussian2_sigma_error,geom_model_gaussian2_depth,geom_model_gaussian2_depth_error,geom_model_cosine_half_period_amplitude,geom_model_cosine_half_period_amplitude_error,geom_model_cosine_half_period_phase,geom_model_cosine_half_period_phase_error,model_type,num_model_parameters,reduced_chi2,derived_primary_ecl_phase,derived_primary_ecl_phase_error,derived_primary_ecl_duration,derived_primary_ecl_duration_error,derived_primary_ecl_depth,derived_primary_ecl_depth_error,derived_secondary_ecl_phase,derived_secondary_ecl_phase_error,derived_secondary_ecl_duration,derived_secondary_ecl_duration_error,derived_secondary_ecl_depth,derived_secondary_ecl_depth_error
[from data line 38]
375316653866487564,4267993767530596096,0.48811767,2144.8786989019686,0.05313737065617766,2.6573927E-5,19.270027,0.018316766,0.15803362,0.012108013,0.042418856,0.006531153,0.17276968,0.025145937,0.7701351,0.01002952,0.160897,0.015688814,0.6376211,0.06294242,null,null,null,null,"TWOGAUSSIANS",8,5.3583913,0.7701351,0.01002952,0.4,0.0,0.6254291,0.0688717,0.15223363,0.012001178,0.2375456,0.036574457,0.19738215,0.02096226
375316653866487564,4267993840584176256,0.7181419,2122.81108720195,0.7442626115711986,2.045536E-6,15.986235,0.0019120204,0.21630272,3.9256E-4,0.030770417,4.920436E-4,0.47600096,0.0059070606,0.7169459,0.005483774,0.031093484,0.004193214,0.4634433,0.023528995,0.01514837,0.0029746736,0.21630272,3.9256E-4,"TWOGAUSSIANS_WITH_ELLIPSOIDAL_ON_ECLIPSE1",9,3.9310632,0.21630272,3.9256E-4,0.17231433,0.0027554443,0.5062977,0.005639594,0.7169459,0.005453266,0.17412351,0.023481997,0.49373952,0.023445789
375316653866487564,4267994042388361600,0.5996126,2108.1951377247037,2.1227170525777517,1.1255585E-5,18.029928,0.006348785,0.26127058,0.0045058457,0.07606632,0.0036901443,0.2762861,0.009024547,0.7472108,0.004645418,0.07930991,0.004385026,0.54375875,0.012925525,null,null,null,null,"TWOGAUSSIANS",8,5.3806973,0.7472108,0.004645418,0.4,0.0,0.54049826,0.012426188,0.26127058,0.0045058457,0.4,0.0,0.27302557,0.008335864
375316653866487564,4267994081102130048,0.66114086,2145.0783366492315,2.172947975238944,4.1772064E-6,16.0443,0.005796787,0.25291595,9.940601E-4,0.04722745,0.0020765227,0.29694536,0.013541254,0.7554573,0.005215086,0.04898695,0.0047069034,0.28956524,0.0152505655,0.1341186,0.008283129,0.25291595,9.940601E-4,"TWOGAUSSIANS_WITH_ELLIPSOIDAL_ON_ECLIPSE1",9,19.332434,0.25291595,9.940601E-4,0.2644737,0.011628527,0.56518143,0.0051131616,0.7554573,0.0049963268,0.27432692,0.026358658,0.5577329,0.007720548
375316653866487564,4267994184167666944,0.5055444,2131.995024201129,0.053131828960847824,4.1394673E-5,18.725204,0.008248166,0.46882653,0.009670686,0.11787493,0.009004608,0.40911156,0.040711097,0.8330079,0.013063164,0.056560922,0.013853173,0.05662142,0.01002199,null,null,null,null,"TWOGAUSSIANS",8,2.5368042,0.46882653,0.009670686,0.4,0.0,0.40858588,0.04080891,0.8330079,0.013063164,0.31674117,0.07757776,0.05955606,0.010869129
375316653866487564,4267994184181402496,0.65308875,2134.0733390815567,0.2731419899806536,1.2885998E-6,17.050203,0.0030197005,0.29904443,4.4280657E-4,0.030732583,6.1855227E-4,0.6532872,0.016372116,0.80097777,0.036144167,0.028862042,0.019580344,0.14127798,0.528233,0.024842018,0.0043245717,0.29904443,4.4280657E-4,"TWOGAUSSIANS_WITH_ELLIPSOIDAL_ON_ECLIPSE1",9,6.360992,0.29904443,4.4280657E-4,0.17210247,0.0034638925,0.7029712,0.016394936,0.80097777,0.035940252,0.16162744,0.10964993,0.19095469,0.52986175
375316653866487564,4267994351630008704,0.57180804,2095.663996129879,1.6318875513676971,1.733108E-5,18.572237,0.006529391,0.27565446,0.0028693425,0.08028345,0.0028737998,0.3018973,0.0091792615,0.77224004,0.003920441,0.07757707,0.0051743514,0.19697464,0.008134815,null,null,null,null,"TWOGAUSSIANS",8,1.9047642,0.27565446,0.0028693425,0.4,0.0,0.29887393,0.008520279,0.77224004,0.003920441,0.4,0.0,0.19395128,0.007663103
375316653866487564,4267994837016423552,0.5085814,2161.96600284963,2.3740157043951435,3.6291163E-5,19.76455,0.011123341,0.24280506,0.01535557,0.07113128,0.0110470485,0.14409639,0.040432956,0.72701675,0.00296289,0.068663485,0.0031655382,0.43354404,0.021405008,null,null,null,null,"TWOGAUSSIANS",8,1.840496,0.72701675,0.00296289,0.38451552,0.017727014,0.43300334,0.021292975,0.24280506,0.01535557,0.39833516,0.04537215,0.14355569,0.04068917
375316653866487564,4267994940095683200,0.65522426,2144.101222933356,1.8203441067702222,2.3121515E-6,16.095646,0.001313103,0.74543965,0.0016731038,0.05915535,0.0017426917,0.23236328,0.0040337136,null,null,null,null,null,null,0.064280406,0.0018816637,0.74543965,0.0016731038,"ONEGAUSSIAN_WITH_ELLIPSOIDAL",6,4.599086,0.74543965,0.0016731038,0.33126995,0.009759073,0.36089322,0.0035340022,null,null,null,null,null,null
375316653866487564,4267995008815176832,0.5097747,2113.4029019065924,0.05316335017993077,2.9020806E-5,19.435253,0.00921009,0.4556758,0.0072648767,0.10452725,0.021546545,0.7560711,0.31408736,0.8238143,0.027675485,0.0585746,0.026592532,0.102652624,0.022789204,null,null,null,null,"TWOGAUSSIANS",8,2.1467443,0.4556758,0.0072648767,0.4,0.0,0.75568694,0.31455782,0.8238143,0.027675485,0.32801774,0.12785226,0.103799745,0.023974989
375316653866487564,4267995111881044864,0.4938594,2151.6928777451144,0.053144582488448854,3.4921413E-5,19.323847,0.00619949,0.43779057,0.010437734,0.14195327,0.010287228,0.32663742,0.021854732,0.79840636,0.014543433,0.04039042,0.015808063,0.13238524,0.040358383,null,null,null,null,"TWOGAUSSIANS",8,2.612232,0.43779057,0.010437734,0.4,0.0,0.32514504,0.022149231,0.79840636,0.014543433,0.22618635,0.08852515,0.1438684,0.041561436
375316653866487564,4267995554222233216,0.53766054,2143.2532590713536,2.0580906837122885,1.3986553E-5,19.243088,0.01724483,0.25097877,0.0047707506,0.07750121,0.007650281,0.31267685,0.016616426,0.74592066,0.007218924,0.10573204,0.013235075,0.22939631,0.021702101,null,null,null,null,"TWOGAUSSIANS",8,1.7701355,0.25097877,0.0047707506,0.4,0.0,0.3011885,0.011916434,0.74592066,0.007218924,0.4,0.0,0.2179014,0.020672183
375316653866487564,4267995592930830208,0.44438788,2129.682044078743,3.3962507953163437,2.2868579E-5,18.978624,0.027734652,0.31524286,0.013087449,0.08527639,0.017990217,0.42964333,0.0470435,0.8101455,0.0071773673,0.066162445,0.014489805,0.51943654,0.13863805,null,null,null,null,"TWOGAUSSIANS",8,25.038416,0.8101455,0.0071773673,0.37050968,0.058125876,0.5158881,0.14237714,0.31524286,0.013087449,0.4,0.010930909,0.4260949,0.047107156
375316653866487564,4267996000913734912,0.4915342,2138.1847302212254,2.3636377197978513,1.1829929E-5,18.505957,0.86835074,0.253835,0.017952735,0.151837,0.04833419,0.4608169,0.45020166,0.7406214,0.008826748,0.24915583,0.14978346,0.75719583,0.8574902,null,null,null,null,"TWOGAUSSIANS",8,3.1297874,0.7406214,0.008826748,0.4,0.0,0.20858648,0.011849744,0.266715,0.009022571,0.4,0.0,0.11138538,0.029294727
375316653866487564,4267996211393400960,0.5326698,2110.2151794332035,2.6146926923970057,2.4582987E-5,18.84388,0.013775282,0.13765876,0.0042860606,0.08482207,0.0061574616,0.25947475,0.015796056,0.6440823,0.0053290254,0.08620659,0.01754058,0.27725688,0.024913022,null,null,null,null,"TWOGAUSSIANS",8,3.1614976,0.6440823,0.0053290254,0.4,0.0,0.2705621,0.03228993,0.13765876,0.0042860606,0.4,0.0,0.25278,0.012331564
375316653866487564,4267996550655077504,0.5961021,2110.5376450451754,2.8633172733683345,8.1809385E-6,18.196629,0.016111836,0.2946611,0.0035107967,0.045813553,0.008215045,0.20669648,0.038906053,0.7806584,0.01673115,0.048331488,0.02113227,0.23160273,0.039025683,0.08833113,0.02345749,0.2946611,0.0035107967,"TWOGAUSSIANS_WITH_ELLIPSOIDAL_ON_ECLIPSE1",9,4.026017,0.78237844,0.015928993,0.27065635,0.118340716,0.4070671,0.01839832,0.2946611,0.0035107967,0.2565559,0.04600425,0.38335755,0.014042267
375316653866487564,4267996932949040768,0.4944353,2132.720622347146,2.5530069251113128,3.3816057E-5,18.87047,0.03760817,0.20884877,0.007238571,0.06118232,0.030568939,0.17358804,0.01862921,0.71018034,0.012714968,0.08003974,0.014320134,0.34085652,0.041734714,null,null,null,null,"TWOGAUSSIANS",8,7.4253254,0.71018034,0.012714968,0.4,0.0,0.33993286,0.034526143,0.20884877,0.007238571,0.342621,0.08536458,0.17266437,0.0227844
375316653866487564,4267996932960836224,0.5829219,2122.045008960527,2.270510415379882,8.184059E-6,17.667206,0.017746182,0.26107186,0.0027746162,0.0974625,0.006234254,0.32985625,0.017940806,0.7563481,0.0033574873,0.09447429,0.008385891,0.3703957,0.0157963,null,null,null,null,"TWOGAUSSIANS",8,5.8794,0.7563481,0.0033574873,0.4,0.0,0.3484025,0.016275039,0.26107186,0.0027746162,0.4,0.0,0.30786237,0.009494706
375316653866487564,4267996932960848128,0.47979838,2136.1358396857268,0.19429965025697504,3.3753702E-5,15.595332,0.0015598483,0.27702525,0.009714624,0.05120646,0.005015843,0.045069564,0.0043518874,0.6043399,0.0060619535,0.06309647,0.005205452,0.12685125,0.02002319,0.006464202,0.0022499284,0.6043399,0.0060619535,"TWOGAUSSIANS_WITH_ELLIPSOIDAL_ON_ECLIPSE2",9,5.397892,0.6043399,0.0060619535,0.35334024,0.02915053,0.13973422,0.019779231,0.27298525,0.009504982,0.28675616,0.028088722,0.047978126,0.004277944
375316653866487564,4267997272209325824,0.46486133,2105.375277679023,2.1571660944503246,1.896288E-5,18.435207,0.029386742,0.27974924,0.0064389445,0.10179051,0.021252979,0.18558572,0.021913499,0.75874317,0.004164284,0.11079752,0.016445484,0.1698294,0.027833933,null,null,null,null,"TWOGAUSSIANS",8,2.9905643,0.27977926,0.0064109643,0.4,0.0,0.16804308,0.014585603,0.75874317,0.004164284,0.4,0.0,0.1522725,0.00981148
375316653866487564,4267998101193701120,0.49919233,2128.616495728587,2.233841993608423,1.2390996E-5,18.030598,0.038639743,0.27639145,0.012454955,0.11268569,0.023565745,0.19904856,0.03748684,0.7434342,0.0041583944,0.1057232,0.011950437,0.3126818,0.03642129,null,null,null,null,"TWOGAUSSIANS",8,8.819516,0.7434342,0.0041583944,0.4,0.0,0.28767082,0.015607208,0.27644143,0.01246919,0.4,0.0,0.17401683,0.021874132
375316653866487564,4267998341710256640,0.45442218,2198.413539649005,0.05861386364231795,1.0664258E-4,19.266003,0.057437778,0.12468066,0.011016728,0.011026753,0.0134409135,0.09612805,0.036717556,0.51150763,0.10575749,0.17094132,0.09730549,0.2505757,0.07352456,null,null,null,null,"TWOGAUSSIANS",8,4.34292,0.51150763,0.10575749,0.4,0.0,0.24362263,0.046641637,0.12499066,0.009434135,0.061749816,0.07526911,0.10897939,0.03840706
375316653866487564,4267998543519477504,0.42960894,2183.7616055493004,4.277719589688385,1.0739505E-4,19.4774,0.013959887,0.3669254,0.027605731,0.076709,0.021536618,0.12552366,0.04038107,0.79476297,0.02082921,0.079721786,0.026661005,0.15120322,0.09628461,null,null,null,null,"TWOGAUSSIANS",8,3.1146944,0.79476297,0.02082921,0.4,0.049826764,0.15085988,0.09698843,0.3669254,0.02760577,0.4,0.043761406,0.12518036,0.0400468
375316653866487564,4267998685307512576,0.52747977,2127.3686402033723,2.5643691074583987,3.3625212E-5,16.524033,0.0085084895,0.2560656,0.005330411,0.030264145,0.015871767,0.064127594,0.026582597,0.75511646,0.007896144,0.039180912,0.030904751,0.15204717,0.20901023,0.06883088,0.012765569,0.2560656,0.005330411,"TWOGAUSSIANS_WITH_ELLIPSOIDAL_ON_ECLIPSE1",9,25.261238,0.75520647,0.0070378818,0.21941312,0.1730666,0.2897045,0.22041653,0.2560656,0.005330411,0.1694792,0.088881895,0.20178932,0.02740455
375316653866487564,4267998960173910528,0.5045351,2120.632719144682,3.0904659535476364,4.015735E-5,18.637186,0.021201292,0.21573147,0.036252078,0.06177495,0.026661854,0.67618966,0.13777208,0.7179757,0.0065818904,0.08406672,0.008469123,0.7463037,0.05867646,null,null,null,null,"TWOGAUSSIANS",8,26.644354,0.7179757,0.0065818904,0.4,0.0,0.7425427,0.05929774,0.21573147,0.036252078,0.34593973,0.14930639,0.67242867,0.13951257
375316653866487564,4267999333792617472,0.47408664,2124.496309638693,1.6145293990196377,5.2561285E-5,18.649748,0.013037459,0.2969438,0.010906379,0.10775056,0.016673995,0.09818244,0.01366673,0.7930477,0.0090053845,0.06673754,0.023774631,0.11964112,0.008767906,null,null,null,null,"TWOGAUSSIANS",8,1.7410033,0.7930477,0.0090053845,0.37373024,0.039935466,0.11648483,0.01023168,0.2969438,0.010906379,0.4,0.0,0.095021956,0.00807182
375316653866487564,4267999681728684160,0.55679345,2098.7315795351037,2.1497519153500284,7.0389883E-6,17.941607,0.008796021,0.22333154,0.003057426,0.087796375,0.00581688,0.22339974,0.013550059,0.7089582,0.0038731485,0.091853894,0.006276454,0.24427839,0.012509377,null,null,null,null,"TWOGAUSSIANS",8,2.8481743,0.7089582,0.0038731485,0.4,0.0,0.2365215,0.012453032,0.22333154,0.003057426,0.4,0.0,0.21564303,0.013973799
375316653866487564,4267999956617999104,0.4604784,2127.30047813951,1.2147539634935085,4.5241828E-5,17.709696,0.1768547,0.35751426,0.013273598,0.114701256,0.09441274,0.13493462,0.17261708,0.84314865,0.013395441,0.08319483,0.061177153,0.057628375,0.14003605,null,null,null,null,"TWOGAUSSIANS",8,12.580351,0.35751426,0.0133024845,0.4,0.0,0.12861478,0.011869303,0.84314865,0.013448198,0.4,0.0,0.051331602,0.0095731085
375316653866487564,4268000128405115904,0.48439202,2052.3076166611418,3.5171234721915314,7.730783E-5,19.175386,0.094355024,0.4305544,0.024095349,0.15390004,0.12231307,0.16754796,0.07985401,0.88680375,0.016388172,0.04017215,0.018199781,0.18687837,0.055231534,null,null,null,null,"TWOGAUSSIANS",8,2.7316103,0.88680375,0.016388172,0.22496404,0.10191878,0.18364611,0.046154268,0.4305544,0.024095349,0.4,0.0,0.16192086,0.034583643
375316653866487564,4268000334563710336,0.46768895,2091.435645418439,0.14396330098113638,4.1477164E-5,18.687815,0.013349327,0.24333768,0.013716749,0.054199725,0.040460672,0.19127172,0.14826073,0.6984325,0.036354993,0.07469419,0.034204334,0.12828301,0.021795578,null,null,null,null,"TWOGAUSSIANS",8,2.0554292,0.24333768,0.01371617,0.30351847,0.1500898,0.19123243,0.1491706,0.6984325,0.036354993,0.4,0.06394922,0.12824371,0.020721842
375316653866487564,4268000398945528832,0.5745681,2104.4635642683693,2.502950983136063,9.452546E-6,18.39324,0.014516396,0.21037158,0.0014400821,0.07808246,0.0036392137,0.3926469,0.013724518,0.7123974,0.0030000245,0.07727629,0.007863859,0.38418853,0.030696165,null,null,null,null,"TWOGAUSSIANS",8,3.033797,0.21037158,0.0014400821,0.4,0.0,0.38844997,0.011904001,0.7123974,0.0030000245,0.4,0.0,0.3799916,0.0327515
375316653866487564,4268000437655933312,0.42597523,2212.5753840466487,0.046543570880134104,3.080289E-5,19.868576,0.026815562,null,null,null,null,null,null,null,null,null,null,null,null,0.21947333,0.03220521,0.25249195,0.019122012,"ELLIPSOIDAL",4,9.694561,null,null,null,null,null,null,null,null,null,null,null,null
375316653866487564,4268000742541660672,0.54194885,2131.069722061234,1.2967591050764509,2.1583293E-5,18.254162,0.019080985,0.27391583,0.0050563584,0.0845026,0.008096856,0.31465802,0.021431422,0.7846756,0.008568898,0.10897908,0.01538883,0.15788311,0.019424891,null,null,null,null,"TWOGAUSSIANS",8,3.5516431,0.27391583,0.005058212,0.4,0.0,0.30191338,0.017371722,0.7846756,0.008568898,0.4,0.0,0.14512917,0.011740066
375316653866487564,4268001154874536320,0.5409218,2125.294846770982,2.946530355694881,2.0355183E-5,18.56642,0.009586908,0.24999145,0.007314631,0.06809249,0.0106406575,0.28044254,0.015301151,0.7553098,0.010154352,0.08634902,0.01027637,0.31290513,0.013430049,null,null,null,null,"TWOGAUSSIANS",8,4.6602206,0.7553098,0.010154352,0.4,0.0,0.31010166,0.01296104,0.24999145,0.007314631,0.3813179,0.044052612,0.2776391,0.017024573
375316653866487564,4268001189229353600,0.44278452,2149.373398013355,2.014691420017514,2.0435655E-5,18.867455,0.6713577,0.24842878,0.018768337,0.10521349,0.0649107,0.31524503,0.6285166,0.77258146,0.055646013,0.041515864,0.13749425,0.27255124,0.65804,null,null,null,null,"TWOGAUSSIANS",8,13.664473,0.24842878,0.014199692,0.4,0.0,0.31431967,0.052522063,0.77258146,0.055646583,0.23248883,0.17347486,0.27163857,0.12292712
375316653866487564,4268001262277080320,0.46899942,2143.7655431816784,2.707545042254156,3.438558E-5,18.813519,0.12984638,0.21879037,0.006766917,0.09423697,0.023221085,0.3234785,0.12039048,0.72372353,0.013408539,0.12362995,0.0757606,0.24504781,0.10132058,null,null,null,null,"TWOGAUSSIANS",8,8.254591,0.21877037,0.0067954906,0.4,0.0,0.28659284,0.034547344,0.72372353,0.013408539,0.4,0.0,0.2080234,0.055571716
