Gaia/vari_eclipsing_binary/VariEclipsingBinary_637025-637220.csv
# %ECSV 1.0
# ---
# delimiter: ','
# meta: !!omap
# - RELEASE: Gaia DR3
# - TABLE: vari_eclipsing_binary
# - DESCRIPTION: >
#     This table describes the properties of the eclipsing binaries resulting from the variability analysis. 
# - CITATION: >
#     How to cite and acknowledge Gaia: 
#     https://gea.esac.esa.int/archive/documentation/credits.html 
# - KNOWN_ISSUES: >
#     Known issues: 
#     https://www.cosmos.esa.int/web/gaia-users/known-issues 
# - DOCUMENTATION: >
#     Tutorials and documentation: 
#     https://www.cosmos.esa.int/web/gaia-users/archive 
# datatype:
# - 
#   name: solution_id
#   datatype: int64
#   description: Solution Identifier
#   meta:
#     ucd: meta.version
# - 
#   name: source_id
#   datatype: int64
#   description: Unique source identifier
#   meta:
#     ucd: meta.id;meta.main
# - 
#   name: global_ranking
#   datatype: float32
#   description: Number between 0 (worst) and 1 (best)
#   meta:
#     ucd: stat.param
# - 
#   name: reference_time
#   datatype: float64
#   unit: d
#   description: Reference time used for the geometric model fit
#   meta:
#     ucd: time.epoch
# - 
#   name: frequency
#   datatype: float64
#   unit: d**-1
#   description: Frequency of geometric model of the eclipsing binary light curve
#   meta:
#     ucd: src.orbital
# - 
#   name: frequency_error
#   datatype: float32
#   unit: d**-1
#   description: "Uncertainty of \\texttt{frequency}"
#   meta:
#     ucd: stat.error
# - 
#   name: geom_model_reference_level
#   datatype: float32
#   unit: mag
#   description: Magnitude reference level of geometric model
#   meta:
#     ucd: phot.mag;em.opt
# - 
#   name: geom_model_reference_level_error
#   datatype: float32
#   unit: mag
#   description: "Uncertainty of \\texttt{geomModelReferenceLevel}"
#   meta:
#     ucd: stat.error;phot.mag;em.opt
# - 
#   name: geom_model_gaussian1_phase
#   datatype: float32
#   description: Phase of the Gaussian 1 component
#   meta:
#     ucd: time.phase
# - 
#   name: geom_model_gaussian1_phase_error
#   datatype: float32
#   description: "Uncertainty of \\texttt{geomModelGaussian1Phase}"
#   meta:
#     ucd: stat.error;time.phase
# - 
#   name: geom_model_gaussian1_sigma
#   datatype: float32
#   description: "Standard deviation [phase] of Gaussian 1 component"
#   meta:
#     ucd: stat.stdev
# - 
#   name: geom_model_gaussian1_sigma_error
#   datatype: float32
#   description: "Uncertainty of \\texttt{geomModelGaussian1Sigma}"
#   meta:
#     ucd: stat.error
# - 
#   name: geom_model_gaussian1_depth
#   datatype: float32
#   unit: mag
#   description: Magnitude depth of Gaussian 1 component
#   meta:
#     ucd: src.var.amplitude
# - 
#   name: geom_model_gaussian1_depth_error
#   datatype: float32
#   unit: mag
#   description: "Uncertainty of \\texttt{geomModelGaussian1Depth}"
#   meta:
#     ucd: stat.error;src.var.amplitude
# - 
#   name: geom_model_gaussian2_phase
#   datatype: float32
#   description: Phase of Gaussian 2 component
#   meta:
#     ucd: time.phase
# - 
#   name: geom_model_gaussian2_phase_error
#   datatype: float32
#   description: "Uncertainty of \\texttt{geomModelGaussian2Phase}"
#   meta:
#     ucd: stat.error;time.phase
# - 
#   name: geom_model_gaussian2_sigma
#   datatype: float32
[...]
#   datatype: float32
#   description: "Secondary eclipse: uncertainty of \\texttt{derivedSecondaryEclDuration}"
#   meta:
#     ucd: stat.error;time.duration
# - 
#   name: derived_secondary_ecl_depth
#   datatype: float32
#   unit: mag
#   description: "Secondary eclipse: depth"
#   meta:
#     ucd: src.var.amplitude
# - 
#   name: derived_secondary_ecl_depth_error
#   datatype: float32
#   unit: mag
#   description: "Secondary eclipse: uncertainty of \\texttt{derivedSecondaryEclDepth}"
#   meta:
#     ucd: stat.error;src.var.amplitude
solution_id,source_id,global_ranking,reference_time,frequency,frequency_error,geom_model_reference_level,geom_model_reference_level_error,geom_model_gaussian1_phase,geom_model_gaussian1_phase_error,geom_model_gaussian1_sigma,geom_model_gaussian1_sigma_error,geom_model_gaussian1_depth,geom_model_gaussian1_depth_error,geom_model_gaussian2_phase,geom_model_gaussian2_phase_error,geom_model_gaussian2_sigma,geom_model_gaussian2_sigma_error,geom_model_gaussian2_depth,geom_model_gaussian2_depth_error,geom_model_cosine_half_period_amplitude,geom_model_cosine_half_period_amplitude_error,geom_model_cosine_half_period_phase,geom_model_cosine_half_period_phase_error,model_type,num_model_parameters,reduced_chi2,derived_primary_ecl_phase,derived_primary_ecl_phase_error,derived_primary_ecl_duration,derived_primary_ecl_duration_error,derived_primary_ecl_depth,derived_primary_ecl_depth_error,derived_secondary_ecl_phase,derived_secondary_ecl_phase_error,derived_secondary_ecl_duration,derived_secondary_ecl_duration_error,derived_secondary_ecl_depth,derived_secondary_ecl_depth_error
[from data line 429]
375316653866487564,5604455652930508800,0.50155324,2247.51074966882,2.2992621693571373,1.9120644E-5,16.999758,0.09326043,0.33179295,0.0050428794,0.17049307,0.027290905,0.3228029,0.08941405,0.8380734,0.006424517,0.2285511,0.0431964,0.3382037,0.08738637,null,null,null,null,"TWOGAUSSIANS",8,2.782278,0.32754296,0.0046067815,0.4,0.0,0.093172915,0.004192748,0.84153336,0.006305637,0.4,0.0,0.055507254,0.004717205
375316653866487564,5604460738171813248,0.5394645,2260.7875477627495,0.9940694803299013,8.284901E-5,13.632594,6.957821E-4,0.58350575,0.010110348,0.015203945,0.0077695097,0.014579716,0.028872153,0.44354522,0.00773544,0.025152694,0.0035755488,0.4648072,0.09942581,null,null,null,null,"TWOGAUSSIANS",8,145.6697,0.44354522,0.00773544,0.14085509,0.020023074,0.4648072,0.09942581,0.58350575,0.010110348,0.0851421,0.043509252,0.014579804,0.028872063
375316653866487564,5604463929329014528,0.53451234,2229.6759006618468,3.659041859760395,7.1012464E-6,18.731155,0.0138528915,0.18771215,0.0026645784,0.08484506,0.006083922,0.31560454,0.017677601,0.68703324,0.005928146,0.08133576,0.0075364835,0.30529025,0.018529058,null,null,null,null,"TWOGAUSSIANS",8,2.758478,0.18771215,0.0026645784,0.4,0.0,0.30896828,0.017110307,0.68703324,0.005928146,0.4,0.0,0.298654,0.017772181
375316653866487564,5604469774782860416,0.46847472,2223.9672215091,1.7264934766871665,1.9105217E-5,17.878567,0.006521272,0.21941808,0.020334307,0.04421921,0.03065389,0.059995763,0.2718381,0.703303,5.3882814E-4,0.022250494,8.926416E-4,0.23589782,0.009874173,null,null,null,null,"TWOGAUSSIANS",8,10.613671,0.703303,5.3882814E-4,0.124602765,0.004998793,0.23589782,0.009874173,0.21941808,0.020334307,0.24762757,0.17166178,0.059995763,0.2718381
375316653866487564,5604478708315618944,0.4764602,2236.3748903259466,0.47831381813494667,1.07361986E-4,16.327244,0.007324537,0.36308822,0.010535924,0.010934653,0.0094912825,0.30354378,0.124502175,0.87160593,0.0026593318,0.00659036,0.001269028,0.39631537,0.08489764,0.00834636,0.011190022,0.36308822,0.010535924,"TWOGAUSSIANS_WITH_ELLIPSOIDAL_ON_ECLIPSE1",9,129.58565,0.87160593,0.0026593318,0.036906015,0.0071065575,0.41296032,0.08364461,0.36308822,0.010535924,0.061234053,0.053151183,0.32023647,0.12704971
375316653866487564,5604485580263224960,0.55234754,2223.568623536419,2.3298670425478245,6.610721E-6,15.894975,0.016178353,0.26485783,0.0022968582,0.04629162,0.0063535767,0.2665955,0.038031746,0.7612107,0.0028043617,0.05060192,0.004762763,0.3581426,0.037055507,0.05826936,0.022511048,0.26485783,0.0022968582,"TWOGAUSSIANS_WITH_ELLIPSOIDAL_ON_ECLIPSE1",9,108.220436,0.7614407,0.0026097065,0.28337073,0.026671475,0.47462243,0.018457303,0.26485783,0.0022968582,0.25923306,0.035580028,0.38313276,0.026458152
375316653866487564,5604486130019145600,0.5411057,2223.3684707904044,1.9335398565095776,1.1909347E-5,16.502483,0.003688521,0.261755,9.2852133E-4,0.029937942,6.533107E-4,0.6635248,0.027397601,0.75149345,0.0036365602,0.039447494,0.0027322667,0.28879902,0.031696122,null,null,null,null,"TWOGAUSSIANS",8,30.656004,0.261755,9.2852133E-4,0.16765247,0.0036585398,0.6635248,0.027397601,0.75149345,0.0036365602,0.22090596,0.015300693,0.28879902,0.031696122
375316653866487564,5604486469317586176,0.6050892,2239.96570423124,2.9255633560967156,4.1631324E-6,18.588076,0.010888614,0.26375124,9.4651E-4,0.043542586,0.002471512,0.32742825,0.021853399,0.7662263,0.0019709736,0.05208175,0.0040119123,0.47938344,0.029963065,0.12431566,0.011877219,0.26375124,9.4651E-4,"TWOGAUSSIANS_WITH_ELLIPSOIDAL_ON_ECLIPSE1",9,2.7580447,0.7662263,0.0019709736,0.2916578,0.02246671,0.72795033,0.037940122,0.26375124,9.4651E-4,0.24383849,0.013840467,0.5760553,0.011398822
375316653866487564,5604487332609828864,0.56542563,2221.5723362858075,3.3528121035418206,8.517035E-6,17.813381,0.010974166,0.2958787,0.0038883334,0.061151214,0.01305117,0.10324715,0.028697822,0.79497445,0.0065832,0.050716475,0.009089181,0.17891383,0.028158428,0.09433294,0.015326207,0.2958787,0.0038883334,"TWOGAUSSIANS_WITH_ELLIPSOIDAL_ON_ECLIPSE1",9,5.493546,0.7951345,0.0055966163,0.28401226,0.050899416,0.36754912,0.013832453,0.2958787,0.0038883334,0.3424468,0.07308655,0.29188746,0.011013308
375316653866487564,5604488603920209024,0.4545099,2221.8173845966985,0.42402327069567636,3.0116265E-5,16.079063,0.004723608,0.17045787,0.056205772,0.00850047,0.031978082,0.9586092,1463.8313,0.84687,0.012881417,0.052381415,0.005845698,0.11713123,0.040691428,0.010911886,0.0064053494,0.17045787,0.056205772,"TWOGAUSSIANS_WITH_ELLIPSOIDAL_ON_ECLIPSE1",9,111.93473,0.17045787,0.056205772,0.04760263,0.17907725,0.98043305,1463.832,0.84687,0.012881417,0.2933359,0.03273591,0.12147364,0.040520404
375316653866487564,5604490321907109504,0.6197355,2207.5875715477846,2.428956856882577,4.969918E-6,14.445806,0.0065268385,0.22687787,0.0011647326,0.047529005,0.007998041,0.08127271,0.010278384,0.7287241,0.0045122686,0.06705019,0.011120312,0.06889362,0.011648957,0.058496315,0.007141607,0.22687787,0.0011647326,"TWOGAUSSIANS_WITH_ELLIPSOIDAL_ON_ECLIPSE1",9,23.530272,0.22687787,0.0011647326,0.26616243,0.044789027,0.19820632,0.0057468745,0.7287241,0.0045122686,0.37548107,0.061022896,0.18581149,0.0041364394
375316653866487564,5604491318339505152,0.5761491,2202.1373968337657,1.622535520109457,1.0815869E-5,13.923007,0.011566708,0.2290391,0.0028259936,0.114201285,0.008511284,0.15482458,0.010970391,0.72283566,0.001851067,0.10144113,0.007955745,0.15455401,0.009847096,null,null,null,null,"TWOGAUSSIANS",8,32.439064,0.2290391,0.0028259936,0.4,0.0,0.13519135,0.0034212747,0.72283566,0.001851067,0.4,0.0,0.13494094,0.0041496744
375316653866487564,5604492005534262656,0.62754047,2240.0676641902824,1.6044462750221606,5.0717454E-6,16.395082,0.003721279,0.21692714,0.0024486824,0.05261895,0.037647065,0.029647117,268.4221,0.7142339,0.0032822343,0.054394133,0.0036868528,0.11009365,0.008855544,0.07106273,0.004604412,0.21692714,0.0024486824,"TWOGAUSSIANS_WITH_ELLIPSOIDAL_ON_ECLIPSE1",9,4.911875,0.7148538,0.0023131203,0.30460712,0.020646377,0.2521852,0.004060439,0.21692714,0.0024486824,0.29466614,0.21082357,0.17176993,268.42224
375316653866487564,5604492967603604992,0.5100593,2187.7606605426495,0.6232449008836382,4.7465062E-5,18.476091,0.0025561105,0.24953777,0.024500784,0.054548737,0.036308795,0.014687368,0.0043798005,0.48499882,0.011600061,0.03096951,0.0059052063,0.25523454,0.26523486,null,null,null,null,"TWOGAUSSIANS",8,0.78266734,0.48499882,0.011600061,0.17342925,0.033069156,0.25523588,0.26523352,0.24953777,0.024500784,0.3054729,0.20324376,0.014687368,0.0043798005
375316653866487564,5604499358518173312,0.56218714,2236.6106988654315,0.5462134454205169,2.4337529E-5,15.82343,0.004395873,0.28253955,0.009127625,0.01982071,0.010256194,0.04110487,0.015106167,0.7768859,0.009592387,0.027267046,0.0055899336,0.5157266,0.07321215,0.020950194,0.0070965025,0.28253955,0.009127625,"TWOGAUSSIANS_WITH_ELLIPSOIDAL_ON_ECLIPSE1",9,63.431316,0.7769159,0.009564343,0.15269546,0.031303626,0.5575744,0.06837445,0.28253955,0.009127625,0.11099598,0.057434686,0.08300526,0.011416897
375316653866487564,5604501965559160320,0.6450217,2234.341232172358,2.1096284921417006,3.0486246E-6,13.245547,0.005241979,0.27466443,9.454098E-4,0.09790847,0.0027668574,0.24614073,0.0042263865,0.771034,0.0010675886,0.105033256,0.0028043662,0.23768757,0.0051084096,null,null,null,null,"TWOGAUSSIANS",8,19.173836,0.27466443,9.454098E-4,0.4,0.0,0.22393107,0.0027669072,0.771034,0.0010675886,0.4,0.0,0.21547322,0.0022140357
375316653866487564,5604504061504059648,0.49765792,2238.6089694992343,0.567594258693134,3.0137724E-5,18.804369,0.0021495488,0.5836762,0.026594099,0.033521928,0.018598795,0.2585335,3.2146668,0.88019985,0.0104879355,0.014938002,0.0085248705,0.05243212,0.072872855,null,null,null,null,"TWOGAUSSIANS",8,1.3009962,0.5836762,0.026594099,0.1877228,0.10415325,0.2585335,3.2146668,0.88019985,0.0104879355,0.08365281,0.047739275,0.05243212,0.072872855
375316653866487564,5604506677142642432,0.5984112,2245.4796971770747,2.7477068415848986,1.1651145E-5,15.144233,0.003906469,0.24281995,0.0017170904,0.03978216,0.012851677,0.06599621,0.020646779,0.74698484,0.0045657963,0.034736615,0.008689403,0.055386495,0.013426039,0.09436807,0.009953365,0.24281995,0.0017170904,"TWOGAUSSIANS_WITH_ELLIPSOIDAL_ON_ECLIPSE1",9,46.513783,0.24281995,0.0017170904,0.2227801,0.07196939,0.25473213,0.025679918,0.74698484,0.0045657963,0.19452505,0.048660655,0.2439932,0.009981762
375316653866487564,5604507841075447680,0.5360596,2248.432456261132,3.7191689992088772,7.15008E-6,17.968992,0.013119613,0.24538605,0.0033630112,0.10125001,0.008694022,0.24840821,0.011352423,0.751611,0.0036327513,0.09332249,0.0056719226,0.24019198,0.014961091,null,null,null,null,"TWOGAUSSIANS",8,3.7243776,0.24538605,0.0033630112,0.4,0.0,0.2318528,0.010480538,0.751611,0.0036327513,0.4,0.0,0.2236389,0.0108854575
375316653866487564,5604510628509199488,0.54943526,2229.199395306146,3.148885426090374,9.311473E-6,18.998978,0.007924054,0.29648215,0.0029455633,0.08167399,0.004819985,0.3325627,0.009913763,0.7959872,0.0032267463,0.08052343,0.0036892456,0.36325088,0.013575869,null,null,null,null,"TWOGAUSSIANS",8,1.8059702,0.7959872,0.0032267463,0.4,0.0,0.3573044,0.013556979,0.29648215,0.0029455633,0.4,0.0,0.32661623,0.00982066
375316653866487564,5604512483938238080,0.41883788,2255.393105532391,1.0396297317341696,3.7119116E-5,12.541348,0.6361847,0.28957722,0.020724792,0.24025609,0.20555966,0.35173738,0.6241743,0.77064735,0.017808164,0.14332868,0.032703046,0.29849127,0.28027195,null,null,null,null,"TWOGAUSSIANS",8,648.16626,0.77064735,0.017808164,0.4,0.0,0.12346865,0.011176013,0.2922872,0.018509826,0.4,0.0,0.09683334,0.018992333
375316653866487564,5604518904909018240,0.6775899,2253.2472992781386,0.39036155420840346,1.3553596E-6,10.581199,0.005477298,0.3507879,9.14615E-4,0.050976902,0.0055209617,0.12873279,0.02065757,0.8504836,0.0018686594,0.0527375,0.0030097445,0.19412376,0.011865423,0.15794963,0.0071475585,0.3507879,9.14615E-4,"TWOGAUSSIANS_WITH_ELLIPSOIDAL_ON_ECLIPSE1",9,91.34657,0.8505636,0.0014621873,0.29533,0.01685457,0.51001835,0.004993246,0.3507879,9.14615E-4,0.28547066,0.030917386,0.4446282,0.019778095
375316653866487564,5604528048899004032,0.49396935,2236.4769931234227,0.34949165268226934,4.4310877E-6,14.066183,0.001354012,0.23519088,0.0033193314,0.023978194,0.0020411797,0.07429513,0.0059740017,null,null,null,null,null,null,0.021558639,0.0022018822,0.23519088,0.0033193314,"ONEGAUSSIAN_WITH_ELLIPSOIDAL",6,26.757444,0.23519088,0.0033193314,0.1342779,0.011430606,0.117412336,0.0070869853,null,null,null,null,null,null
375316653866487564,5604528559996181248,0.5935318,2252.4276516071127,2.4763061072803367,6.3419056E-6,17.867247,0.030756263,0.3259345,0.0025697164,0.05148021,0.010565071,0.2740395,0.059914798,0.82452506,0.0026224717,0.06397705,0.009707896,0.26132753,0.063258514,0.085886456,0.03599311,0.3259345,0.0025697164,"TWOGAUSSIANS_WITH_ELLIPSOIDAL_ON_ECLIPSE1",9,6.3537908,0.3259345,0.0025697164,0.2882892,0.0591644,0.4456953,0.017017484,0.82477504,0.0020319575,0.35827148,0.054364216,0.43297222,0.013285505
375316653866487564,5604533164200431104,0.6252104,2258.752889963348,3.1053448034194227,3.064308E-5,13.972533,0.016299415,0.27796656,0.002201858,0.09599807,0.0044016037,0.45624846,0.01668593,0.78867185,0.006460008,0.08913619,0.009155466,0.3670627,0.03554032,null,null,null,null,"TWOGAUSSIANS",8,12.363814,0.27796656,0.002201858,0.4,0.0,0.43797347,0.0092820125,0.78867185,0.006460008,0.4,0.0,0.34878892,0.036186818
375316653866487564,5604533546457043712,0.46055976,2254.1249793352467,0.8806037108191161,1.7315846E-5,16.628363,0.0014803526,0.19915123,0.0060337055,0.016454943,0.0033132315,0.13775443,0.04091149,0.67801553,4.2538592E-4,0.018263157,9.925752E-4,0.17866673,0.026744675,null,null,null,null,"TWOGAUSSIANS",8,7.61434,0.67801553,4.2538592E-4,0.10227369,0.0055584214,0.17866673,0.026744675,0.19915123,0.0060337055,0.09214768,0.018554097,0.13775443,0.04091149
375316653866487564,5604534164932369408,0.5987113,2232.9459961951197,1.3263840128199103,3.2960215E-6,17.717442,0.003385068,0.16149311,0.0013987393,0.043615412,0.0011715835,0.20721357,0.0070368,0.6566283,0.0011393767,0.042252354,0.0011491191,0.41421777,0.007348617,null,null,null,null,"TWOGAUSSIANS",8,3.1654487,0.6566283,0.0011393767,0.23661318,0.0064350674,0.41421774,0.007348616,0.16149311,0.0013987393,0.2442463,0.0065608677,0.20721355,0.0070368
375316653866487564,5604537669625564672,0.62151015,2196.8338876697712,2.60867132473116,5.4416737E-6,14.92298,0.019876212,0.1720012,0.0012007196,0.054881573,0.003952583,0.3907986,0.042603794,0.6720102,0.002737666,0.05900947,0.0041959495,0.41016307,0.041954007,0.09657883,0.023070468,0.1720012,0.0012007196,"TWOGAUSSIANS_WITH_ELLIPSOIDAL_ON_ECLIPSE1",9,84.34938,0.6720102,0.0025450292,0.33045304,0.023497317,0.6032563,0.01688217,0.1720012,0.0012007196,0.3073368,0.022134464,0.58389187,0.009162015
375316653866487564,5604538494259329792,0.56035525,2233.934652015922,2.3253627488139115,1.3208807E-5,14.266234,0.010036165,0.22479002,0.0060052746,0.09608728,0.0140237715,0.07286668,0.009621241,0.72613513,0.004756245,0.0918984,0.009451392,0.17652129,0.007938963,null,null,null,null,"TWOGAUSSIANS",8,29.62584,0.72613513,0.004756245,0.4,0.0,0.17022316,0.0062965197,0.22479002,0.0060052746,0.4,0.0,0.06656849,0.005215151
375316653866487564,5604540654622362240,0.574388,2194.938510001846,2.823822825223836,1.2445653E-5,18.479694,0.006273182,0.2806735,0.0037968094,0.08431931,0.0039668074,0.29421145,0.011954019,0.7795201,0.004807495,0.08984586,0.0065504625,0.26869148,0.009978694,null,null,null,null,"TWOGAUSSIANS",8,2.156674,0.2806735,0.0037968094,0.4,0.0,0.28527722,0.012230955,0.7795201,0.004807495,0.4,0.0,0.25975716,0.010272869
375316653866487564,5604549111415961088,0.55003387,2179.776972944264,3.69544011235689,9.907241E-6,19.848175,0.0065984083,0.22976509,0.0032173474,0.04215611,0.020458955,0.23350504,0.02081386,0.72196007,0.0074254386,0.028161729,0.011584333,0.22669849,0.094637476,0.14010677,0.014467793,0.22976509,0.0032173474,"TWOGAUSSIANS_WITH_ELLIPSOIDAL_ON_ECLIPSE1",9,1.4139351,0.22976509,0.0032173474,0.23607422,0.11457015,0.51371807,0.012970078,0.7225201,0.006751962,0.15770568,0.064872265,0.50628644,0.1015962
375316653866487564,5604555188795037952,0.50961083,2197.9163105563202,2.0342305549873765,1.1763641E-5,17.378437,0.02844299,0.27652225,0.0072383666,0.11105855,0.02701672,0.093216196,0.027646055,0.77366483,0.007880797,0.10440414,0.030112697,0.07281729,0.028666658,null,null,null,null,"TWOGAUSSIANS",8,1.9113138,0.27652225,0.007245524,0.4,0.0,0.082374595,0.004152686,0.77366483,0.007978242,0.4,0.0,0.0619816,0.005193287
375316653866487564,5604556734985536256,0.5262827,2236.0050479144347,1.8979631033768636,1.8294575E-5,19.917963,0.004939447,0.4515627,1.7812169E-4,0.008871801,1.7124435E-4,0.54123646,0.0079370085,0.8334203,9.570643E-6,0.006238109,6.546909E-5,0.7481578,0.0020388367,null,null,null,null,"TWOGAUSSIANS",8,2.176279,0.8334203,9.570643E-6,0.03493341,3.666269E-4,0.7481578,0.0020388367,0.4515627,1.7812169E-4,0.04968209,9.5896836E-4,0.54123646,0.0079370085
375316653866487564,5604559384981019008,0.61594707,2199.6296366736337,2.8187876098350584,6.477547E-6,16.69524,0.0065927426,0.26387292,0.0014384913,0.038648713,0.0044639953,0.1863418,0.01489918,0.763427,0.004208134,0.04053414,0.0043809605,0.18062326,0.015282339,0.1490775,0.008646029,0.26387292,0.0014384913,"TWOGAUSSIANS_WITH_ELLIPSOIDAL_ON_ECLIPSE1",9,16.704859,0.26387292,0.0014384913,0.2164328,0.024998372,0.4844966,0.012593921,0.763507,0.0039024965,0.22699118,0.02453338,0.47877613,0.0068638865
