Gaia/vari_eclipsing_binary/VariEclipsingBinary_675447-675487.csv
# %ECSV 1.0
# ---
# delimiter: ','
# meta: !!omap
# - RELEASE: Gaia DR3
# - TABLE: vari_eclipsing_binary
# - DESCRIPTION: >
#     This table describes the properties of the eclipsing binaries resulting from the variability analysis. 
# - CITATION: >
#     How to cite and acknowledge Gaia: 
#     https://gea.esac.esa.int/archive/documentation/credits.html 
# - KNOWN_ISSUES: >
#     Known issues: 
#     https://www.cosmos.esa.int/web/gaia-users/known-issues 
# - DOCUMENTATION: >
#     Tutorials and documentation: 
#     https://www.cosmos.esa.int/web/gaia-users/archive 
# datatype:
# - 
#   name: solution_id
#   datatype: int64
#   description: Solution Identifier
#   meta:
#     ucd: meta.version
# - 
#   name: source_id
#   datatype: int64
#   description: Unique source identifier
#   meta:
#     ucd: meta.id;meta.main
# - 
#   name: global_ranking
#   datatype: float32
#   description: Number between 0 (worst) and 1 (best)
#   meta:
#     ucd: stat.param
# - 
#   name: reference_time
#   datatype: float64
#   unit: d
#   description: Reference time used for the geometric model fit
#   meta:
#     ucd: time.epoch
# - 
#   name: frequency
#   datatype: float64
#   unit: d**-1
#   description: Frequency of geometric model of the eclipsing binary light curve
#   meta:
#     ucd: src.orbital
# - 
#   name: frequency_error
#   datatype: float32
#   unit: d**-1
#   description: "Uncertainty of \\texttt{frequency}"
#   meta:
#     ucd: stat.error
# - 
#   name: geom_model_reference_level
#   datatype: float32
#   unit: mag
#   description: Magnitude reference level of geometric model
#   meta:
#     ucd: phot.mag;em.opt
# - 
#   name: geom_model_reference_level_error
#   datatype: float32
#   unit: mag
#   description: "Uncertainty of \\texttt{geomModelReferenceLevel}"
#   meta:
#     ucd: stat.error;phot.mag;em.opt
# - 
#   name: geom_model_gaussian1_phase
#   datatype: float32
#   description: Phase of the Gaussian 1 component
#   meta:
#     ucd: time.phase
# - 
#   name: geom_model_gaussian1_phase_error
#   datatype: float32
#   description: "Uncertainty of \\texttt{geomModelGaussian1Phase}"
#   meta:
#     ucd: stat.error;time.phase
# - 
#   name: geom_model_gaussian1_sigma
#   datatype: float32
#   description: "Standard deviation [phase] of Gaussian 1 component"
#   meta:
#     ucd: stat.stdev
# - 
#   name: geom_model_gaussian1_sigma_error
#   datatype: float32
#   description: "Uncertainty of \\texttt{geomModelGaussian1Sigma}"
#   meta:
#     ucd: stat.error
# - 
#   name: geom_model_gaussian1_depth
#   datatype: float32
#   unit: mag
#   description: Magnitude depth of Gaussian 1 component
#   meta:
#     ucd: src.var.amplitude
# - 
#   name: geom_model_gaussian1_depth_error
#   datatype: float32
#   unit: mag
#   description: "Uncertainty of \\texttt{geomModelGaussian1Depth}"
#   meta:
#     ucd: stat.error;src.var.amplitude
# - 
#   name: geom_model_gaussian2_phase
#   datatype: float32
#   description: Phase of Gaussian 2 component
#   meta:
#     ucd: time.phase
# - 
#   name: geom_model_gaussian2_phase_error
#   datatype: float32
#   description: "Uncertainty of \\texttt{geomModelGaussian2Phase}"
#   meta:
#     ucd: stat.error;time.phase
# - 
#   name: geom_model_gaussian2_sigma
#   datatype: float32
[...]
#   datatype: float32
#   description: "Secondary eclipse: uncertainty of \\texttt{derivedSecondaryEclDuration}"
#   meta:
#     ucd: stat.error;time.duration
# - 
#   name: derived_secondary_ecl_depth
#   datatype: float32
#   unit: mag
#   description: "Secondary eclipse: depth"
#   meta:
#     ucd: src.var.amplitude
# - 
#   name: derived_secondary_ecl_depth_error
#   datatype: float32
#   unit: mag
#   description: "Secondary eclipse: uncertainty of \\texttt{derivedSecondaryEclDepth}"
#   meta:
#     ucd: stat.error;src.var.amplitude
solution_id,source_id,global_ranking,reference_time,frequency,frequency_error,geom_model_reference_level,geom_model_reference_level_error,geom_model_gaussian1_phase,geom_model_gaussian1_phase_error,geom_model_gaussian1_sigma,geom_model_gaussian1_sigma_error,geom_model_gaussian1_depth,geom_model_gaussian1_depth_error,geom_model_gaussian2_phase,geom_model_gaussian2_phase_error,geom_model_gaussian2_sigma,geom_model_gaussian2_sigma_error,geom_model_gaussian2_depth,geom_model_gaussian2_depth_error,geom_model_cosine_half_period_amplitude,geom_model_cosine_half_period_amplitude_error,geom_model_cosine_half_period_phase,geom_model_cosine_half_period_phase_error,model_type,num_model_parameters,reduced_chi2,derived_primary_ecl_phase,derived_primary_ecl_phase_error,derived_primary_ecl_duration,derived_primary_ecl_duration_error,derived_primary_ecl_depth,derived_primary_ecl_depth_error,derived_secondary_ecl_phase,derived_secondary_ecl_phase_error,derived_secondary_ecl_duration,derived_secondary_ecl_duration_error,derived_secondary_ecl_depth,derived_secondary_ecl_depth_error
[from data line 429]
375316653866487564,5941480014370784768,0.43737692,2165.1097191165936,4.656930266420779,2.806764E-5,19.430496,0.016519397,0.14286698,0.010461734,0.0532216,0.011229004,0.09802335,0.02337133,0.71359384,0.0013517317,0.024561545,0.003173624,0.28129882,0.017376218,null,null,null,null,"TWOGAUSSIANS",8,3.8919637,0.71359384,0.0013517317,0.13754465,0.017772295,0.28129882,0.017376218,0.14286698,0.010461734,0.29804096,0.06288242,0.09802335,0.02337133
375316653866487564,5941480156128714752,0.44560772,2146.54185100531,3.728022778762045,4.3419896E-5,18.6044,0.8217389,0.18795623,0.0131674195,0.101255246,0.0364543,0.9831618,0.36755326,0.7182601,0.01243805,0.20452137,0.0852371,0.8646761,0.8323466,null,null,null,null,"TWOGAUSSIANS",8,21.071404,0.18426622,0.010316923,0.4,0.0,0.70636266,0.17861241,0.7183001,0.0119301425,0.4,0.0,0.49545926,0.04206733
375316653866487564,5941480430992068224,0.51908183,2158.759118335161,3.7777799116186226,1.8831224E-5,19.560385,0.009685689,0.24613231,0.0060392967,0.07703422,0.0061741117,0.40076736,0.025393572,0.74687,0.0053678653,0.07204222,0.0056296503,0.4827786,0.060480963,null,null,null,null,"TWOGAUSSIANS",8,2.1517909,0.74687,0.0053678653,0.4,0.01764448,0.47967044,0.061134737,0.24613231,0.0060392967,0.4,0.0,0.39765918,0.025800703
375316653866487564,5941481354394800768,0.46565044,2229.0821457797083,0.847594976569738,9.764209E-5,18.021135,0.016803466,0.38675097,0.007344868,0.02662981,0.0043466263,0.9317471,0.12948102,0.13910964,0.005635743,0.023306957,0.005272378,0.8217757,0.1847397,null,null,null,null,"TWOGAUSSIANS",8,173.91443,0.38675097,0.007344868,0.14912693,0.024341106,0.9317471,0.12948102,0.13910964,0.005635743,0.13051896,0.029525317,0.8217757,0.1847397
375316653866487564,5941481801070875776,0.5621557,2216.1144043332865,0.3046782064949098,1.6817948E-4,15.86343,0.0014187713,0.2133621,0.023213046,0.018395314,0.016092401,0.32463568,6457.701,0.90983987,0.001338494,0.012853592,9.85908E-4,0.06456445,0.011315088,0.001301517,0.0017935601,0.2133621,0.023213046,"TWOGAUSSIANS_WITH_ELLIPSOIDAL_ON_ECLIPSE1",9,7.644261,0.2133621,0.023213046,0.10301376,0.09011745,0.32723874,6457.7026,0.90983987,0.001338494,0.07198011,0.005521085,0.064847894,0.011212906
375316653866487564,5941482075950103936,0.49892786,2214.7014524792603,2.2953339009499256,2.2018772E-5,18.34388,0.054204866,0.2221605,0.0071649863,0.10900738,0.024023296,0.20632334,0.049646292,0.7179934,0.006444982,0.113047235,0.026038947,0.21072677,0.053137247,null,null,null,null,"TWOGAUSSIANS",8,3.9915702,0.7179934,0.006444982,0.4,0.0,0.17905842,0.013252529,0.2221705,0.007164589,0.4,0.0,0.1746678,0.0110789845
375316653866487564,5941482320792577536,0.44325587,2194.7277240853896,0.4271203994501806,2.0046551E-5,16.777748,0.0024138112,0.26231116,0.0020499604,0.030517912,0.0035730188,0.05114252,0.0031899752,0.7475348,0.023868024,0.036124837,0.04519156,0.09986704,0.08134466,null,null,null,null,"TWOGAUSSIANS",8,5.9442587,0.7475348,0.023868024,0.20229907,0.21076576,0.09986704,0.08134626,0.26231116,0.0020499604,0.1709003,0.020008907,0.05114252,0.0031894818
375316653866487564,5941483381620251136,0.5549441,2211.3788861637527,0.3558115096131205,1.4259616E-5,18.23481,0.0022173945,0.086044915,0.016084434,0.027737215,0.011719441,0.02368951,0.00795155,0.76490587,0.001456862,0.026420869,0.0016301796,0.40240595,0.035688955,null,null,null,null,"TWOGAUSSIANS",8,2.2089477,0.76490587,0.001456862,0.14795686,0.0091290055,0.40240595,0.035688955,0.086044915,0.016084434,0.15532841,0.06562887,0.02368951,0.00795155
375316653866487564,5941483385944254720,0.5149316,2180.3063512014087,2.4423810344276866,2.4048091E-5,17.452755,0.012926154,0.22753865,0.005280692,0.026012484,0.012914992,0.21252963,0.06897711,0.7237301,0.0063266703,0.053784065,0.00775195,0.21683092,0.031822953,0.063509814,0.015848812,0.22753865,0.005280692,"TWOGAUSSIANS_WITH_ELLIPSOIDAL_ON_ECLIPSE1",9,23.681944,0.7241801,0.005367875,0.30119076,0.04341092,0.3437824,0.021432409,0.22753865,0.005280692,0.1456699,0.072323956,0.33954525,0.04302215
375316653866487564,5941483793937613440,0.69816494,2242.1008687229387,0.06843554949624776,2.3911316E-5,13.720139,7.519722E-4,0.25634024,0.0065073003,0.006632625,0.0053209346,0.58111274,0.75167596,null,null,null,null,null,null,null,null,null,null,"ONEGAUSSIAN",5,12.342897,0.25634024,0.0065073003,0.0371427,0.029797234,0.58111274,0.0,null,null,null,null,null,null
375316653866487564,5941483832620827776,0.5988983,2227.5016587797227,2.366274831978069,8.386978E-6,15.826403,0.0061562024,0.19438033,0.0014011005,0.050563417,0.0042470056,0.18749024,0.014816524,0.69321597,0.0032560965,0.04833785,0.0038645715,0.21030186,0.018918462,0.11955138,0.008645117,0.19438033,0.0014011005,"TWOGAUSSIANS_WITH_ELLIPSOIDAL_ON_ECLIPSE1",9,46.785378,0.693416,0.0026732506,0.27069196,0.0216416,0.44939274,0.015300167,0.19438033,0.0014011005,0.28315514,0.023783233,0.42659166,0.00932771
375316653866487564,5941484073124729856,0.52288276,2164.678953883016,3.8617841723422432,1.9209036E-5,19.479195,0.014157943,0.18035187,0.005578333,0.07249071,0.007829824,0.57622623,0.10653597,0.66348875,0.005074307,0.074600846,0.005197995,0.3843925,0.021612706,null,null,null,null,"TWOGAUSSIANS",8,3.4678316,0.18035187,0.005578333,0.4,0.010344065,0.5742749,0.10754147,0.66348875,0.005074307,0.4,0.0,0.38244116,0.020998921
375316653866487564,5941484485455894016,0.6395867,2195.647877428261,1.484160429400743,4.6678238E-6,17.590204,0.0055657355,0.2103475,0.005474883,0.030993668,0.007151174,0.20952366,0.3752669,0.70589155,4.9595686E-4,0.04022983,8.2973373E-4,0.76698613,0.01563844,0.042824373,0.0072935554,0.2103475,0.005474883,"TWOGAUSSIANS_WITH_ELLIPSOIDAL_ON_ECLIPSE1",9,7.4785075,0.7059516,4.720949E-4,0.22528705,0.004646509,0.8525686,0.0131625235,0.2103475,0.005474883,0.17356454,0.040046573,0.29517236,0.37823036
375316653866487564,5941484554175384192,0.50214183,2205.0448894325723,0.06289819859930953,1.3547004E-5,16.507282,9.236943E-4,0.040647443,5.847123E-4,0.0066191293,6.6998816E-4,0.34119523,0.03665636,null,null,null,null,null,null,null,null,null,null,"ONEGAUSSIAN",5,8.388178,0.040647443,5.847123E-4,0.037067123,0.0037519336,0.34119523,0.0,null,null,null,null,null,null
375316653866487564,5941484588535110528,0.6089836,2199.3124866781254,0.4899753890483495,1.0078455E-5,17.092615,0.0013621486,0.1713432,0.0024349538,0.029373135,0.0018594728,0.39333674,0.008421021,0.675188,0.0038891726,0.030441426,0.0025582719,0.24123111,0.011472756,0.01257832,0.0025541652,0.1713432,0.0024349538,"TWOGAUSSIANS_WITH_ELLIPSOIDAL_ON_ECLIPSE1",9,2.8564618,0.1713432,0.0024349538,0.16448955,0.010413048,0.4184934,0.0071270852,0.675188,0.0038891726,0.17047198,0.014326322,0.26637307,0.0113192545
375316653866487564,5941485133965064192,0.55043477,2229.1186590100137,0.30134284914293763,4.9409323E-6,16.02622,0.0019097615,0.28516576,0.014636293,0.026305446,0.012016632,0.12827927,0.027209805,0.7884125,6.338473E-4,0.028243056,9.519622E-4,0.16659755,0.0030817825,null,null,null,null,"TWOGAUSSIANS",8,14.168511,0.7884125,6.338473E-4,0.15816112,0.005330988,0.16659755,0.0030817825,0.28516576,0.014636293,0.14731051,0.06729314,0.12827927,0.027209805
375316653866487564,5941485241370259456,0.67170125,2247.506458745527,0.018486889026684057,3.0414687E-5,15.95111,5.7071116E-4,0.28461036,0.0049898615,0.004890529,0.007575116,0.25564995,36.407646,0.8926971,6.2039925E-4,0.0059031257,0.0011197568,1.7108377,1.9893774,null,null,null,null,"TWOGAUSSIANS",8,2.7076614,0.8926971,6.2039925E-4,0.033057503,0.006270638,1.7108377,1.9893774,0.28461036,0.0049898615,0.027386962,0.042420648,0.25564995,36.407646
375316653866487564,5941485584967633152,0.6213765,2241.2355174292734,1.0073537291358712,2.725261E-6,16.674198,0.002877927,0.25142798,8.458677E-4,0.04564936,0.0024758219,0.15084647,0.0066462224,0.7509698,0.002623358,0.048506636,0.0028910255,0.14780957,0.007693321,0.056659132,0.0034137531,0.25142798,8.458677E-4,"TWOGAUSSIANS_WITH_ELLIPSOIDAL_ON_ECLIPSE1",9,3.7294192,0.25142798,8.458677E-4,0.25563642,0.013864603,0.2641644,0.00539758,0.75102985,0.0024470743,0.27163717,0.016189743,0.26112667,0.005149843
375316653866487564,5941485722393081344,0.5230146,2228.474089941536,2.6127301759037973,2.0013198E-5,18.521515,0.01287724,0.2712655,0.004721094,0.086731374,0.01094488,0.2702601,0.018946616,0.7641622,0.0033706173,0.08300565,0.0071839755,0.33049548,0.021210013,null,null,null,null,"TWOGAUSSIANS",8,5.388598,0.7641622,0.0033706173,0.4,0.0,0.3236272,0.02222941,0.2712655,0.004721094,0.4,0.0,0.2633918,0.020965027
375316653866487564,5941485825485828224,0.52368116,2233.6857588595917,1.7704310982914666,2.6189053E-5,15.605754,0.0124305645,0.2617262,0.007942217,0.035337396,0.011826544,0.34702665,0.04372331,0.77814376,0.0037350177,0.03509621,0.007886182,0.27886778,0.094954036,0.10471341,0.017200291,0.77814376,0.0037350177,"TWOGAUSSIANS_WITH_ELLIPSOIDAL_ON_ECLIPSE2",9,364.9207,0.2626462,0.0077464394,0.19788942,0.06622865,0.5543563,0.05216459,0.77814376,0.0037350177,0.19653878,0.044162616,0.48829448,0.10963493
375316653866487564,5941486100349654784,0.547859,2201.8392346710475,2.781975262244935,9.316655E-6,18.336945,0.011230327,0.22980486,0.004157696,0.07789064,0.0050915815,0.31169966,0.011595902,0.73104095,0.002599067,0.0791842,0.004105852,0.4033535,0.014017152,null,null,null,null,"TWOGAUSSIANS",8,5.9638615,0.73104095,0.002599067,0.4,0.0,0.3989913,0.013547485,0.22980486,0.004157696,0.4,0.0,0.30733743,0.010151068
375316653866487564,5941486787558478720,0.5764492,2198.6544734533477,1.2238682637765943,7.9510255E-6,14.09451,0.16316932,0.27227405,0.0012714436,0.13157736,0.035256106,0.10318474,0.12102981,0.7723917,0.0015002849,0.15695967,0.08448874,0.095419586,0.1596617,null,null,null,null,"TWOGAUSSIANS",8,5.8695436,0.27226403,0.0013396012,0.4,0.0,0.06068669,0.0017327805,0.7723917,0.0015126921,0.4,0.0,0.051878158,0.0014423683
375316653866487564,5941487161188926208,0.5050016,2236.170681470616,3.258980691982162,1.40383145E-5,18.231834,0.028252685,0.21526518,0.0039371066,0.10277735,0.013290468,0.20933436,0.025182256,0.7018219,0.006696523,0.11914205,0.016111074,0.2143775,0.02766965,null,null,null,null,"TWOGAUSSIANS",8,3.4543066,0.7018219,0.006696523,0.4,0.0,0.18529615,0.009408958,0.2153152,0.003929074,0.4,0.0,0.18032053,0.009520429
375316653866487564,5941487543472793472,0.5984003,2228.7135109863066,0.1559482968341,2.1359272E-5,14.676253,5.838684E-4,0.34417534,0.0033076908,0.0067958636,0.0025838898,0.16708344,0.009858788,0.8416637,0.005231352,0.007251473,0.0036411195,0.21327433,0.12207518,null,null,null,null,"TWOGAUSSIANS",8,9.078093,0.8416637,0.005231352,0.04060825,0.020390268,0.21327433,0.12207518,0.34417534,0.0033076908,0.038056836,0.014469783,0.16708344,0.009858788
375316653866487564,5941487577819571328,0.5882149,2212.6888226257365,2.9225800536141335,9.380409E-6,18.29234,0.009753061,0.2485087,0.0014334418,0.040190827,0.00303014,0.46053267,0.033877894,0.74338347,0.0038290287,0.045888525,0.0030705868,0.5773371,0.041059442,0.116994865,0.013874863,0.2485087,0.0014334418,"TWOGAUSSIANS_WITH_ELLIPSOIDAL_ON_ECLIPSE1",9,5.8221593,0.7437035,0.0035600471,0.25697574,0.017195286,0.8110992,0.040538084,0.2485087,0.0014334418,0.22506863,0.016968783,0.694522,0.033630364
375316653866487564,5941488432500427392,0.69594216,2200.2573504283805,1.5076756294037301,4.642578E-6,16.208897,0.005948745,0.17881495,0.0012674333,0.04753587,0.0046239537,0.12161843,0.0142832,0.6772807,0.0025102731,0.045626387,0.0015457277,0.6614017,0.028753903,0.08918379,0.00702773,0.17881495,0.0012674333,"TWOGAUSSIANS_WITH_ELLIPSOIDAL_ON_ECLIPSE1",9,7.4782033,0.67735076,0.002436661,0.25550777,0.008656075,0.83975303,0.019004496,0.17881495,0.0012674333,0.26620087,0.02589414,0.29998565,0.010432384
375316653866487564,5941488608624912256,0.61871046,2164.648439938811,0.547823601461254,1.0970288E-5,16.511585,7.3595595E-4,0.22467265,0.018001772,0.029125698,0.005620989,0.4362721,0.17559451,null,null,null,null,null,null,null,null,null,null,"ONEGAUSSIAN",5,2.6646862,0.22467265,0.018001772,0.16310391,0.031477537,0.4362721,0.0,null,null,null,null,null,null
375316653866487564,5941490287940442880,0.52185446,2207.4628194852344,1.4017056967072112,1.1093918E-5,18.131071,0.0035595293,0.2648194,0.002667642,0.037605897,0.004082865,0.25067508,0.013014014,null,null,null,null,null,null,0.031749167,0.0060935775,0.2648194,0.002667642,"ONEGAUSSIAN_WITH_ELLIPSOIDAL",6,5.1190987,0.2648194,0.002667642,0.21059301,0.022864044,0.3141733,0.013464421,null,null,null,null,null,null
375316653866487564,5941490360971562112,0.48236284,2195.9283085768616,0.8365484660554869,6.152928E-6,18.463802,0.0031939799,0.28730062,9.272352E-4,0.014986881,0.0015818474,0.38355863,0.06948323,null,null,null,null,null,null,0.018296773,0.005442656,0.28730062,9.272352E-4,"ONEGAUSSIAN_WITH_ELLIPSOIDAL",6,5.564489,0.28730062,9.272352E-4,0.083926536,0.008858345,0.4201521,0.06959987,null,null,null,null,null,null
375316653866487564,5941490429676488064,0.42365354,2156.445761389193,2.8857042810586564,3.333324E-5,19.024714,0.010866418,0.45693412,0.010266726,0.12813099,0.012760893,0.18664086,0.014434658,0.96191126,0.044867102,0.074854456,0.0389661,0.032755904,0.012734701,null,null,null,null,"TWOGAUSSIANS",8,5.08847,0.45693412,0.010266726,0.4,0.0,0.17833868,0.017496943,0.9620513,0.045200653,0.4,0.19930913,0.024640007,0.009236396
375316653866487564,5941490597172352896,0.5192474,2146.685285459805,3.6183491301341015,2.2513488E-5,19.041199,0.0058841957,0.25584435,0.004111609,0.0696509,0.006553045,0.2352604,0.012683704,0.75787693,0.0047719493,0.06382915,0.0050412016,0.28986362,0.016366122,null,null,null,null,"TWOGAUSSIANS",8,2.2898173,0.75787693,0.0047719493,0.35744324,0.02823073,0.28942353,0.016432673,0.25584435,0.004111609,0.39004508,0.030952148,0.23482029,0.012822172
375316653866487564,5941491013806640768,0.5311218,2183.4133792359503,0.16974908884066148,1.6497355E-5,16.39609,0.0010854285,0.23710258,0.0011034331,0.011930754,0.0012653556,0.1117104,0.019298213,0.74062675,0.0022840726,0.010527747,0.0019408505,0.31407166,0.45555255,null,null,null,null,"TWOGAUSSIANS",8,4.990232,0.74062675,0.0022840726,0.058955383,0.010868763,0.31407166,0.45555255,0.23710258,0.0011034331,0.066812225,0.007085991,0.1117104,0.019298213
375316653866487564,5941492383871897856,0.5856997,2205.5522498139458,2.812683695434092,7.722383E-6,18.844707,0.014171109,0.22070716,0.0035412167,0.049503274,0.007264412,0.39502585,0.0305602,0.71767694,0.0025501258,0.04801883,0.0032962356,0.33306772,0.03499553,0.11733417,0.018078675,0.22070716,0.0035412167,"TWOGAUSSIANS_WITH_ELLIPSOIDAL_ON_ECLIPSE1",9,2.9265237,0.22070716,0.0035412167,0.27721834,0.040680707,0.6296921,0.01726341,0.7180169,0.0021394403,0.26890546,0.01845892,0.56765854,0.017130293
375316653866487564,5941492869232732288,0.60362333,2206.777302259772,1.496271626965163,7.4780864E-6,15.172916,0.020817032,0.22951025,0.0018268566,0.10228252,0.007615671,0.16636623,0.018900987,0.7287383,0.0019126366,0.14295016,0.01756487,0.12295866,0.020047855,null,null,null,null,"TWOGAUSSIANS",8,6.965652,0.22952025,0.0018646887,0.4,0.0,0.13321254,0.0031928788,0.7287383,0.0019126366,0.4,0.0,0.08926478,0.0012449333
375316653866487564,5941493075391029376,0.5665969,2172.442125191558,1.2522729189532094,8.5916145E-6,17.065187,0.004595595,0.24476899,0.003381299,0.03546459,0.0043342244,0.054052427,0.0122434115,0.74357617,0.00195597,0.046689216,0.004982765,0.24019566,0.018905062,0.04731204,0.0059348852,0.24476899,0.003381299,"TWOGAUSSIANS_WITH_ELLIPSOIDAL_ON_ECLIPSE1",9,8.338371,0.74365616,0.0018116218,0.26145962,0.027903482,0.33481446,0.02159881,0.24476899,0.003381299,0.19860171,0.024271656,0.1486762,0.006930904
