Gaia/vari_eclipsing_binary/VariEclipsingBinary_465324-465336.csv
# %ECSV 1.0
# ---
# delimiter: ','
# meta: !!omap
# - RELEASE: Gaia DR3
# - TABLE: vari_eclipsing_binary
# - DESCRIPTION: >
#     This table describes the properties of the eclipsing binaries resulting from the variability analysis. 
# - CITATION: >
#     How to cite and acknowledge Gaia: 
#     https://gea.esac.esa.int/archive/documentation/credits.html 
# - KNOWN_ISSUES: >
#     Known issues: 
#     https://www.cosmos.esa.int/web/gaia-users/known-issues 
# - DOCUMENTATION: >
#     Tutorials and documentation: 
#     https://www.cosmos.esa.int/web/gaia-users/archive 
# datatype:
# - 
#   name: solution_id
#   datatype: int64
#   description: Solution Identifier
#   meta:
#     ucd: meta.version
# - 
#   name: source_id
#   datatype: int64
#   description: Unique source identifier
#   meta:
#     ucd: meta.id;meta.main
# - 
#   name: global_ranking
#   datatype: float32
#   description: Number between 0 (worst) and 1 (best)
#   meta:
#     ucd: stat.param
# - 
#   name: reference_time
#   datatype: float64
#   unit: d
#   description: Reference time used for the geometric model fit
#   meta:
#     ucd: time.epoch
# - 
#   name: frequency
#   datatype: float64
#   unit: d**-1
#   description: Frequency of geometric model of the eclipsing binary light curve
#   meta:
#     ucd: src.orbital
# - 
#   name: frequency_error
#   datatype: float32
#   unit: d**-1
#   description: "Uncertainty of \\texttt{frequency}"
#   meta:
#     ucd: stat.error
# - 
#   name: geom_model_reference_level
#   datatype: float32
#   unit: mag
#   description: Magnitude reference level of geometric model
#   meta:
#     ucd: phot.mag;em.opt
# - 
#   name: geom_model_reference_level_error
#   datatype: float32
#   unit: mag
#   description: "Uncertainty of \\texttt{geomModelReferenceLevel}"
#   meta:
#     ucd: stat.error;phot.mag;em.opt
# - 
#   name: geom_model_gaussian1_phase
#   datatype: float32
#   description: Phase of the Gaussian 1 component
#   meta:
#     ucd: time.phase
# - 
#   name: geom_model_gaussian1_phase_error
#   datatype: float32
#   description: "Uncertainty of \\texttt{geomModelGaussian1Phase}"
#   meta:
#     ucd: stat.error;time.phase
# - 
#   name: geom_model_gaussian1_sigma
#   datatype: float32
#   description: "Standard deviation [phase] of Gaussian 1 component"
#   meta:
#     ucd: stat.stdev
# - 
#   name: geom_model_gaussian1_sigma_error
#   datatype: float32
#   description: "Uncertainty of \\texttt{geomModelGaussian1Sigma}"
#   meta:
#     ucd: stat.error
# - 
#   name: geom_model_gaussian1_depth
#   datatype: float32
#   unit: mag
#   description: Magnitude depth of Gaussian 1 component
#   meta:
#     ucd: src.var.amplitude
# - 
#   name: geom_model_gaussian1_depth_error
#   datatype: float32
#   unit: mag
#   description: "Uncertainty of \\texttt{geomModelGaussian1Depth}"
#   meta:
#     ucd: stat.error;src.var.amplitude
# - 
#   name: geom_model_gaussian2_phase
#   datatype: float32
#   description: Phase of Gaussian 2 component
#   meta:
#     ucd: time.phase
# - 
#   name: geom_model_gaussian2_phase_error
#   datatype: float32
#   description: "Uncertainty of \\texttt{geomModelGaussian2Phase}"
#   meta:
#     ucd: stat.error;time.phase
# - 
#   name: geom_model_gaussian2_sigma
#   datatype: float32
[...]
#   datatype: float32
#   description: "Secondary eclipse: uncertainty of \\texttt{derivedSecondaryEclDuration}"
#   meta:
#     ucd: stat.error;time.duration
# - 
#   name: derived_secondary_ecl_depth
#   datatype: float32
#   unit: mag
#   description: "Secondary eclipse: depth"
#   meta:
#     ucd: src.var.amplitude
# - 
#   name: derived_secondary_ecl_depth_error
#   datatype: float32
#   unit: mag
#   description: "Secondary eclipse: uncertainty of \\texttt{derivedSecondaryEclDepth}"
#   meta:
#     ucd: stat.error;src.var.amplitude
solution_id,source_id,global_ranking,reference_time,frequency,frequency_error,geom_model_reference_level,geom_model_reference_level_error,geom_model_gaussian1_phase,geom_model_gaussian1_phase_error,geom_model_gaussian1_sigma,geom_model_gaussian1_sigma_error,geom_model_gaussian1_depth,geom_model_gaussian1_depth_error,geom_model_gaussian2_phase,geom_model_gaussian2_phase_error,geom_model_gaussian2_sigma,geom_model_gaussian2_sigma_error,geom_model_gaussian2_depth,geom_model_gaussian2_depth_error,geom_model_cosine_half_period_amplitude,geom_model_cosine_half_period_amplitude_error,geom_model_cosine_half_period_phase,geom_model_cosine_half_period_phase_error,model_type,num_model_parameters,reduced_chi2,derived_primary_ecl_phase,derived_primary_ecl_phase_error,derived_primary_ecl_duration,derived_primary_ecl_duration_error,derived_primary_ecl_depth,derived_primary_ecl_depth_error,derived_secondary_ecl_phase,derived_secondary_ecl_phase_error,derived_secondary_ecl_duration,derived_secondary_ecl_duration_error,derived_secondary_ecl_depth,derived_secondary_ecl_depth_error
[from data line 718]
375316653866487564,4093134138385227136,0.61209327,2260.2103124940977,1.1635722022675723,2.8610473E-5,17.377333,0.00337503,0.2342037,0.0024934483,0.053154282,0.00417506,0.3153672,0.016651988,0.73614013,0.0053194743,0.056890074,0.005115569,0.10259706,0.00925354,null,null,null,null,"TWOGAUSSIANS",8,3.7033255,0.2342037,0.0024934483,0.297664,0.023380337,0.31535658,0.016660778,0.73614013,0.0053194743,0.3185844,0.028647188,0.10258644,0.009257821
375316653866487564,4093134177148548992,0.59237504,2252.546027762231,0.16191171783874372,2.5534035E-5,19.229961,0.0326287,0.16931312,0.004042563,0.071746774,0.009248157,0.42256218,0.030086214,0.65780133,0.0047039296,0.116433576,0.012435626,0.4145978,0.031542357,null,null,null,null,"TWOGAUSSIANS",8,0.81073815,0.16933312,0.004045605,0.4,0.029352307,0.4025586,0.02919528,0.65780133,0.0047039296,0.4,0.0,0.39450502,0.015271903
375316653866487564,4093134314509931264,0.44246623,2254.496222433617,0.26177047557882366,4.1663556E-5,19.533585,0.03772793,0.2066044,0.012676362,0.080923945,0.016956465,0.2801306,0.035159457,0.7037973,0.08800945,0.08757116,0.044076033,0.31960797,0.27195227,null,null,null,null,"TWOGAUSSIANS",8,3.509457,0.7037973,0.08800945,0.4,0.1252676,0.31262374,0.27249992,0.2066044,0.012676362,0.4,0.02157607,0.2731464,0.025409283
375316653866487564,4093135070501790464,0.5593183,2221.128627067128,0.6039582816005661,4.807909E-5,17.07991,0.0066870134,0.18573356,0.0073815444,0.07827911,0.015863191,0.21509998,0.1924892,0.648544,0.0036808453,0.039527047,0.0021627732,0.7883613,0.027784564,null,null,null,null,"TWOGAUSSIANS",8,19.363256,0.648544,0.0036808453,0.22135146,0.01211153,0.7883425,0.027772585,0.18573356,0.0073815444,0.4,0.026019527,0.21508116,0.19251888
375316653866487564,4093135104784328704,0.5795445,2231.886748010619,2.5377453174946494,2.167049E-5,19.190205,0.010039381,0.21235359,0.101489626,0.066155,0.07041447,0.41630155,18861.967,0.7351771,0.0090613365,0.08403551,0.008191844,0.4214215,0.024340816,null,null,null,null,"TWOGAUSSIANS",8,1.5702962,0.7351771,0.0090613365,0.4,0.0,0.4194773,0.023699341,0.21235359,0.101489626,0.37046802,0.38125303,0.41435742,18861.97
375316653866487564,4093135207956782336,0.4887262,2257.221975404661,0.19594031489982,2.636287E-5,18.445154,0.007813599,0.29271123,0.012337561,0.08670195,0.01058218,0.25783432,0.03190944,0.78441936,0.008867415,0.06263977,0.007867247,0.30165792,0.039285112,null,null,null,null,"TWOGAUSSIANS",8,4.045897,0.78441936,0.008867415,0.35078275,0.044056583,0.3000033,0.039625276,0.29271123,0.012337561,0.4,0.0,0.25617966,0.03257529
375316653866487564,4093135379662652672,0.5774643,2245.4221295302186,0.8244350108735436,6.6715425E-6,16.412046,0.07057407,0.24931164,0.006375766,0.11838695,0.026304502,0.23464157,0.070793554,0.7487393,0.0018357569,0.1228201,0.02083528,0.24935263,0.06831343,null,null,null,null,"TWOGAUSSIANS",8,5.2792554,0.7487393,0.0018357569,0.4,0.0,0.19323274,0.0063874926,0.24931164,0.006452755,0.4,0.0,0.1785845,0.008221573
375316653866487564,4093135585827787520,0.4320616,2241.1480969791814,0.8205758595822308,4.1405E-5,19.098963,0.022630487,0.4500123,0.013508384,0.17199017,0.03129633,0.23249082,0.029953329,0.90459603,0.032796692,0.05389001,0.03004701,0.05684264,0.037894364,null,null,null,null,"TWOGAUSSIANS",8,5.656176,0.4500123,0.013508384,0.4,0.0,0.2161315,0.03420993,0.90459603,0.032796692,0.30178404,0.16826326,0.049076505,0.040966798
375316653866487564,4093135718961759232,0.49948287,2291.3063761721287,2.1056946862556853,5.1190214E-5,18.284885,0.02765509,0.24561834,0.011631436,0.107973464,0.029196026,0.12522374,0.025037427,0.74857235,0.007374984,0.09495154,0.022579744,0.1579393,0.029409854,null,null,null,null,"TWOGAUSSIANS",8,3.0374649,0.74857235,0.007374567,0.4,0.0,0.14507191,0.027829966,0.24561834,0.011631436,0.4,0.0,0.112351075,0.012843442
375316653866487564,4093135929495713920,0.46274015,2282.1107009018197,1.865312847447138,9.100559E-5,17.75513,0.29237545,0.077321365,0.053143043,0.09792455,0.079031035,0.06589112,0.21277736,0.47754622,0.05310613,0.120181024,0.103382476,0.20152311,0.27431834,null,null,null,null,"TWOGAUSSIANS",8,5.1561203,0.47754622,0.05310613,0.4,0.0,0.19609247,0.045782074,0.08078136,0.03548747,0.4,0.0,0.06127066,0.044344798
375316653866487564,4093135998138208256,0.5273907,2245.78408265001,0.7081869358069517,7.4661707E-6,17.54999,0.0036888358,0.08027103,0.042046223,0.061619714,0.036421783,0.025592841,0.0058868607,0.6025968,0.0031438684,0.0466727,0.0026910133,0.20958291,0.016801296,null,null,null,null,"TWOGAUSSIANS",8,3.1268322,0.6025968,0.0031438684,0.2613671,0.015069674,0.20958182,0.016801376,0.08027103,0.042046223,0.34507042,0.20396198,0.02559176,0.0058863815
375316653866487564,4093135998214875648,0.44308072,2292.574748720593,0.024187592516845127,8.551493E-5,18.948227,0.10905597,0.4032079,0.06504105,0.17076021,0.10382545,0.31436726,0.09484174,0.8642204,0.004852012,0.0382569,0.011900431,0.16456696,0.06419773,null,null,null,null,"TWOGAUSSIANS",8,7.1176615,0.4032079,0.06504105,0.4,0.0,0.2971799,0.08353532,0.8642204,0.004852012,0.21423863,0.06664241,0.15775438,0.05274265
375316653866487564,4093136028173121152,0.5792836,2269.4495910368564,1.281645883667066,1.3444113E-5,17.186836,0.010826234,0.25586015,0.009656044,0.0954507,0.011085091,0.26297042,0.030197483,0.76152426,0.0022261771,0.088278264,0.004875162,0.32406712,0.009733558,null,null,null,null,"TWOGAUSSIANS",8,4.186465,0.76152426,0.0022261771,0.4,0.0,0.310924,0.0047745705,0.25586015,0.009656044,0.4,0.0,0.24982679,0.033131916
375316653866487564,4093136199998253184,0.46880895,2243.3513341161406,0.39184732702794006,3.366763E-5,18.373516,0.07434254,0.09628137,0.023866119,0.05992122,0.01915352,0.06360347,0.07103819,0.5384171,0.0117191635,0.2109021,0.076815695,0.17615515,0.06729576,null,null,null,null,"TWOGAUSSIANS",8,2.742944,0.5384171,0.0117191635,0.4,0.0,0.14338745,0.02583839,0.104611374,0.026364846,0.33555883,0.10725972,0.05625636,0.06590008
375316653866487564,4093136204296868736,0.61803406,2289.7595734892916,0.9991891155668161,1.3377249E-5,18.273289,0.007940538,0.17935568,0.08689628,0.06415643,0.05247433,0.06230028,0.036861103,0.74310994,0.026647108,0.041928314,0.011038128,0.7799706,0.24392405,null,null,null,null,"TWOGAUSSIANS",8,2.9997299,0.74310994,0.026647108,0.23479857,0.06181352,0.77997035,0.24390581,0.17935568,0.08689628,0.35927597,0.109818086,0.062300045,0.035748243
375316653866487564,4093136273016649856,0.5007506,2237.0660101627327,2.973449042148405,3.920297E-5,19.103477,0.027592039,0.23254384,0.01454777,0.08118208,0.012807478,0.4128872,0.0598618,0.73163337,0.017832376,0.06546888,0.01616058,0.34480712,0.03736205,null,null,null,null,"TWOGAUSSIANS",8,8.274925,0.23254384,0.01454777,0.4,0.0,0.4106687,0.05878441,0.73163337,0.017832376,0.3666257,0.052788503,0.34258863,0.03603661
375316653866487564,4093136479175513216,0.517827,2250.0760515677057,1.4187345124554716,1.20524375E-4,18.126776,0.01012334,0.40953922,0.016897198,0.051182114,0.047686163,0.054027855,0.011492131,0.75179404,0.028198648,0.07447551,0.0399751,0.30701345,0.22266883,null,null,null,null,"TWOGAUSSIANS",8,3.5453453,0.75179404,0.028198648,0.4,0.0020895537,0.30701312,0.22267129,0.40955922,0.016418183,0.28661984,0.15697227,0.054035496,0.012146488
375316653866487564,4093136547893260928,0.53347206,2219.474058766399,2.7414837463905206,1.6644948E-5,19.445543,0.03286554,0.24999234,0.041096896,0.07599299,0.040738832,0.41794768,0.18197322,0.73850787,0.0057061743,0.070851564,0.009342768,0.44905373,0.033328477,null,null,null,null,"TWOGAUSSIANS",8,5.1138406,0.73850787,0.0057061743,0.39676878,0.029522978,0.4470479,0.03177935,0.24999234,0.041096896,0.4,0.1904408,0.41594183,0.1836359
375316653866487564,4093136685332030464,0.49531847,2243.215631003907,2.4724383040648936,2.2708513E-5,18.961151,0.10007464,0.2040596,0.027019702,0.098468296,0.042697247,0.19307981,0.0960807,0.68410623,0.008611316,0.11904095,0.05072616,0.19987296,0.08519074,null,null,null,null,"TWOGAUSSIANS",8,1.5996542,0.68410623,0.008611316,0.4,0.0,0.17738843,0.024065517,0.2041296,0.026871579,0.4,0.021124385,0.17066705,0.01565826
375316653866487564,4093136749724597632,0.51113445,2213.5811426572677,1.54208583886267,4.14183E-5,17.874596,0.02244134,0.29560968,0.008455276,0.09350803,0.014590482,0.1602831,0.021500614,0.7969434,0.019606978,0.07276923,0.031745825,0.4036385,0.20909104,null,null,null,null,"TWOGAUSSIANS",8,4.0951347,0.7969434,0.019606978,0.4,0.0032187575,0.39868224,0.22023167,0.29560968,0.008455276,0.4,0.0,0.15532663,0.009838826
375316653866487564,4093136788411597824,0.59319675,2184.5885109834585,2.488836900908449,8.38305E-6,17.828257,0.0096154,0.14641087,0.004118327,0.09063397,0.006021148,0.3089687,0.02705336,0.6574785,0.0028254932,0.08626056,0.006077146,0.25977626,0.0092395665,null,null,null,null,"TWOGAUSSIANS",8,3.6170073,0.14641087,0.004118327,0.4,0.0,0.30022988,0.02826795,0.6574785,0.0028254932,0.4,0.0,0.2510376,0.008359353
375316653866487564,4093136857208228608,0.46193162,2223.0326592931256,0.5890264959651719,6.444996E-5,19.239721,0.30672222,0.10400255,0.03801773,0.08806122,0.04418949,0.3737518,0.31813264,0.5454918,0.018254852,0.17138503,0.07256478,0.85165036,0.27640098,null,null,null,null,"TWOGAUSSIANS",8,9.805603,0.5454918,0.018254852,0.4,0.0,0.7302167,0.16011634,0.11349255,0.031771213,0.4,0.14263397,0.28919148,0.22898945
375316653866487564,4093137475613259392,0.5101024,2227.1865249024627,0.11165270795202614,8.398323E-5,19.55046,0.01998578,0.38640678,0.006329609,0.15907437,0.012732525,0.5438556,0.04458182,0.8766651,0.005446282,0.010845226,0.0063009434,0.14372721,2.5309048,null,null,null,null,"TWOGAUSSIANS",8,2.2673872,0.38640678,0.006329609,0.4,0.0,0.5346621,0.04763391,0.8766651,0.005446282,0.06073327,0.035285283,0.14244723,2.5317626
375316653866487564,4093137539999550464,0.5745535,2203.2797191050104,2.205351369307737,1.2019028E-5,16.876524,0.01607562,0.33840057,0.004016273,0.095737845,0.006784669,0.31961542,0.015269272,0.8525237,0.0035635391,0.10065518,0.009861675,0.17521194,0.015307185,null,null,null,null,"TWOGAUSSIANS",8,7.3719025,0.33840057,0.004016273,0.4,0.0,0.30449218,0.010316669,0.8525237,0.0035635391,0.4,0.0,0.16008776,0.009987749
375316653866487564,4093137608748271360,0.4062942,2196.0974437079735,0.0710275049476196,5.1239378E-5,19.356647,0.14733498,0.19134067,0.021548577,0.10577021,0.048878945,0.26291463,0.18228759,0.5338876,0.01251357,0.068562046,0.023908447,0.5998073,1.3468823,null,null,null,null,"TWOGAUSSIANS",8,34.325188,0.5338876,0.01251357,0.38394743,0.104959495,0.60062295,1.3492335,0.19135067,0.021493891,0.4,0.0,0.26234493,0.16988896
375316653866487564,4093137750485160320,0.5075595,2229.3776506877643,0.08010140492145797,9.708112E-6,19.706385,0.06556136,0.3525557,0.014331136,0.118021816,0.035194475,0.29721922,0.06301471,0.73446804,0.0023687414,0.015544491,0.011096258,0.24620862,0.23519973,null,null,null,null,"TWOGAUSSIANS",8,2.3515909,0.3525557,0.014331136,0.4,0.0,0.2971439,0.062062394,0.73446804,0.0023687414,0.08704915,0.06213904,0.24771582,0.23304242
375316653866487564,4093137849266116736,0.45711237,2206.5180400876607,0.41420691051857567,1.963539E-5,18.89614,0.13747871,0.40616062,0.015074556,0.07081681,0.049171876,0.2092199,0.105844066,0.8971134,0.036350492,0.12932932,0.11272486,0.13850445,0.12630859,null,null,null,null,"TWOGAUSSIANS",8,3.6899455,0.40619063,0.015240861,0.39657414,0.24880482,0.19753729,0.054530505,0.8971134,0.036350492,0.4,0.05726649,0.12665907,0.069558375
375316653866487564,4093137887924074496,0.43247613,2226.335101551237,0.7917495333518869,4.639272E-5,19.051617,0.12518716,0.31203127,0.019701619,0.14555897,0.096387036,0.1941997,0.11013839,0.79273367,0.0056951097,0.07480166,0.032260995,0.33711895,0.06146842,null,null,null,null,"TWOGAUSSIANS",8,4.9295597,0.79273367,0.0056951097,0.4,0.07886801,0.3115259,0.07358391,0.31203127,0.019712565,0.4,0.0,0.16744038,0.03759748
375316653866487564,4093137922284198784,0.5975019,2198.9222810266087,2.8179039230099776,3.0689767E-5,19.70433,0.016933233,0.2574597,0.014884755,0.0809001,0.014737316,0.4558427,0.046624936,0.75558096,0.0062328083,0.07174084,0.0061734156,0.6177382,0.087883554,null,null,null,null,"TWOGAUSSIANS",8,0.9022704,0.75558096,0.0062328083,0.4,0.0077241603,0.6130328,0.088963516,0.2574597,0.014884755,0.4,0.0,0.45113733,0.047318593
375316653866487564,4093138025363584384,0.55753994,2231.2234681312857,2.347949190355103,2.303846E-5,18.846401,0.018598894,0.26525554,0.0069043324,0.08362962,0.0075624594,0.40607294,0.05046325,0.7614689,0.018888425,0.079830654,0.015117877,0.42470175,0.0405891,null,null,null,null,"TWOGAUSSIANS",8,5.4419312,0.7614689,0.018888425,0.4,0.029055372,0.41751814,0.038252745,0.26525554,0.0069043324,0.4,0.0,0.3988893,0.05137706
375316653866487564,4093138162802487168,0.5594502,2212.2100946917644,1.635304937405727,1.0492144E-5,17.799007,0.029853571,0.21895859,0.0059286775,0.12177744,0.015241743,0.25381267,0.029660562,0.6918403,0.008070139,0.068727754,0.012634884,0.30555746,0.04885976,null,null,null,null,"TWOGAUSSIANS",8,3.6308658,0.6918403,0.008070139,0.38487542,0.05127218,0.29447022,0.05230205,0.21895859,0.0059286775,0.4,0.0,0.24256882,0.018435795
375316653866487564,4093138506399763968,0.55740136,2228.116958831276,1.7763002371369774,1.846327E-5,18.648203,0.011331935,0.21733804,0.0061338153,0.08413278,0.008940569,0.23610803,0.013544889,0.72061175,0.005645672,0.08386555,0.0071951095,0.2443913,0.02252675,null,null,null,null,"TWOGAUSSIANS",8,1.620413,0.72061175,0.005645672,0.4,0.0,0.23898509,0.022074277,0.21733804,0.0061338153,0.4,0.0,0.2307018,0.012657135
375316653866487564,4093138570820958848,0.4751079,2167.5714815741935,3.367864935166663,9.0423084E-5,19.17528,0.023003777,0.24278712,0.025363559,0.038157344,0.061076723,0.1173371,0.030553712,0.63959014,0.011746287,0.1272154,0.017395092,0.17572895,0.029080926,null,null,null,null,"TWOGAUSSIANS",8,2.099585,0.63959014,0.011746287,0.4,0.0,0.1753564,0.023358304,0.24320713,0.02357924,0.21368112,0.18953183,0.11832957,0.03779766
375316653866487564,4093138712558493952,0.49530718,2177.2877104997815,0.19185095224796075,9.473978E-6,19.748667,0.0868156,0.20358475,0.041719306,0.1852248,0.18227094,0.12447408,0.061172683,0.46405923,0.006949063,0.022863228,0.009229697,0.47129342,0.29178104,null,null,null,null,"TWOGAUSSIANS",8,2.536757,0.46405923,0.006949063,0.12803409,0.051686306,0.5111313,0.3100493,0.20358475,0.041719306,0.4,0.0,0.11796116,0.051266164
375316653866487564,4093138781294907008,0.5696069,2290.7103916147335,2.617236348372262,2.184103E-5,19.762894,0.013920965,0.31832966,0.020164121,0.07208024,0.01717711,0.5338348,0.18095525,0.8231506,0.01884367,0.07119196,0.021787755,0.6117103,0.21725622,null,null,null,null,"TWOGAUSSIANS",8,1.4978768,0.8231506,0.01884367,0.39867496,0.054323465,0.6094099,0.221236,0.31832966,0.020164121,0.4,0.089944534,0.5315344,0.18211105
375316653866487564,4093138884370676352,0.5693367,2222.429021855323,2.8852055437470168,9.976109E-6,18.092045,0.010377988,0.3196368,0.00238931,0.06656709,0.005218666,0.4051522,0.044913575,0.8151162,0.0034255243,0.07382189,0.004375861,0.37287188,0.018651692,null,null,null,null,"TWOGAUSSIANS",8,4.5566173,0.3196368,0.00238931,0.3727757,0.02922453,0.4039372,0.045313824,0.8151162,0.0034255243,0.4,0.0,0.37165686,0.018572967
375316653866487564,4093138918730312960,0.6173647,2254.2201355576253,1.80087341643501,1.1932704E-5,18.309113,0.0046161828,0.26854658,0.0023300617,0.038996972,0.025337188,0.022589268,1.0276605,0.7720397,0.006046228,0.03959101,0.0041616466,0.5416672,0.12519163,0.13252622,0.009811849,0.26854658,0.0023300617,"TWOGAUSSIANS_WITH_ELLIPSOIDAL_ON_ECLIPSE1",9,3.6243777,0.7720397,0.0059269955,0.22170965,0.023305222,0.806592,0.12674932,0.26854658,0.0023300617,0.21838304,0.14188825,0.28764167,1.0283281
