Gaia/vari_eclipsing_binary/VariEclipsingBinary_670030-670062.csv
# %ECSV 1.0
# ---
# delimiter: ','
# meta: !!omap
# - RELEASE: Gaia DR3
# - TABLE: vari_eclipsing_binary
# - DESCRIPTION: >
#     This table describes the properties of the eclipsing binaries resulting from the variability analysis. 
# - CITATION: >
#     How to cite and acknowledge Gaia: 
#     https://gea.esac.esa.int/archive/documentation/credits.html 
# - KNOWN_ISSUES: >
#     Known issues: 
#     https://www.cosmos.esa.int/web/gaia-users/known-issues 
# - DOCUMENTATION: >
#     Tutorials and documentation: 
#     https://www.cosmos.esa.int/web/gaia-users/archive 
# datatype:
# - 
#   name: solution_id
#   datatype: int64
#   description: Solution Identifier
#   meta:
#     ucd: meta.version
# - 
#   name: source_id
#   datatype: int64
#   description: Unique source identifier
#   meta:
#     ucd: meta.id;meta.main
# - 
#   name: global_ranking
#   datatype: float32
#   description: Number between 0 (worst) and 1 (best)
#   meta:
#     ucd: stat.param
# - 
#   name: reference_time
#   datatype: float64
#   unit: d
#   description: Reference time used for the geometric model fit
#   meta:
#     ucd: time.epoch
# - 
#   name: frequency
#   datatype: float64
#   unit: d**-1
#   description: Frequency of geometric model of the eclipsing binary light curve
#   meta:
#     ucd: src.orbital
# - 
#   name: frequency_error
#   datatype: float32
#   unit: d**-1
#   description: "Uncertainty of \\texttt{frequency}"
#   meta:
#     ucd: stat.error
# - 
#   name: geom_model_reference_level
#   datatype: float32
#   unit: mag
#   description: Magnitude reference level of geometric model
#   meta:
#     ucd: phot.mag;em.opt
# - 
#   name: geom_model_reference_level_error
#   datatype: float32
#   unit: mag
#   description: "Uncertainty of \\texttt{geomModelReferenceLevel}"
#   meta:
#     ucd: stat.error;phot.mag;em.opt
# - 
#   name: geom_model_gaussian1_phase
#   datatype: float32
#   description: Phase of the Gaussian 1 component
#   meta:
#     ucd: time.phase
# - 
#   name: geom_model_gaussian1_phase_error
#   datatype: float32
#   description: "Uncertainty of \\texttt{geomModelGaussian1Phase}"
#   meta:
#     ucd: stat.error;time.phase
# - 
#   name: geom_model_gaussian1_sigma
#   datatype: float32
#   description: "Standard deviation [phase] of Gaussian 1 component"
#   meta:
#     ucd: stat.stdev
# - 
#   name: geom_model_gaussian1_sigma_error
#   datatype: float32
#   description: "Uncertainty of \\texttt{geomModelGaussian1Sigma}"
#   meta:
#     ucd: stat.error
# - 
#   name: geom_model_gaussian1_depth
#   datatype: float32
#   unit: mag
#   description: Magnitude depth of Gaussian 1 component
#   meta:
#     ucd: src.var.amplitude
# - 
#   name: geom_model_gaussian1_depth_error
#   datatype: float32
#   unit: mag
#   description: "Uncertainty of \\texttt{geomModelGaussian1Depth}"
#   meta:
#     ucd: stat.error;src.var.amplitude
# - 
#   name: geom_model_gaussian2_phase
#   datatype: float32
#   description: Phase of Gaussian 2 component
#   meta:
#     ucd: time.phase
# - 
#   name: geom_model_gaussian2_phase_error
#   datatype: float32
#   description: "Uncertainty of \\texttt{geomModelGaussian2Phase}"
#   meta:
#     ucd: stat.error;time.phase
# - 
#   name: geom_model_gaussian2_sigma
#   datatype: float32
[...]
#   datatype: float32
#   description: "Secondary eclipse: uncertainty of \\texttt{derivedSecondaryEclDuration}"
#   meta:
#     ucd: stat.error;time.duration
# - 
#   name: derived_secondary_ecl_depth
#   datatype: float32
#   unit: mag
#   description: "Secondary eclipse: depth"
#   meta:
#     ucd: src.var.amplitude
# - 
#   name: derived_secondary_ecl_depth_error
#   datatype: float32
#   unit: mag
#   description: "Secondary eclipse: uncertainty of \\texttt{derivedSecondaryEclDepth}"
#   meta:
#     ucd: stat.error;src.var.amplitude
solution_id,source_id,global_ranking,reference_time,frequency,frequency_error,geom_model_reference_level,geom_model_reference_level_error,geom_model_gaussian1_phase,geom_model_gaussian1_phase_error,geom_model_gaussian1_sigma,geom_model_gaussian1_sigma_error,geom_model_gaussian1_depth,geom_model_gaussian1_depth_error,geom_model_gaussian2_phase,geom_model_gaussian2_phase_error,geom_model_gaussian2_sigma,geom_model_gaussian2_sigma_error,geom_model_gaussian2_depth,geom_model_gaussian2_depth_error,geom_model_cosine_half_period_amplitude,geom_model_cosine_half_period_amplitude_error,geom_model_cosine_half_period_phase,geom_model_cosine_half_period_phase_error,model_type,num_model_parameters,reduced_chi2,derived_primary_ecl_phase,derived_primary_ecl_phase_error,derived_primary_ecl_duration,derived_primary_ecl_duration_error,derived_primary_ecl_depth,derived_primary_ecl_depth_error,derived_secondary_ecl_phase,derived_secondary_ecl_phase_error,derived_secondary_ecl_duration,derived_secondary_ecl_duration_error,derived_secondary_ecl_depth,derived_secondary_ecl_depth_error
375316653866487564,5893646212009619200,0.5102225,2119.8289506155484,2.8673357509017325,2.4067089E-5,19.73753,0.02844595,0.19274081,0.009294894,0.07349394,0.009163113,0.630391,0.1092093,0.67380637,0.005053866,0.07199301,0.008785294,0.6055992,0.055325937,null,null,null,null,"TWOGAUSSIANS",8,4.2530074,0.19274081,0.009294894,0.4,0.0144649865,0.62825596,0.109761365,0.67380637,0.005053866,0.4,0.028062062,0.6034642,0.05641657
375316653866487564,5893646521247304576,0.5291871,2155.303926724467,3.7801215313404386,9.38894E-6,19.768204,0.009662859,0.24775851,0.0059541976,0.06532886,0.007483764,0.5151127,0.059292,0.752142,0.003231925,0.06942083,0.005757612,0.5227782,0.05169707,null,null,null,null,"TWOGAUSSIANS",8,1.3555005,0.752142,0.003231925,0.38875663,0.025759824,0.5218371,0.05219954,0.24775851,0.0059541976,0.3658416,0.037656464,0.5141716,0.0602445
375316653866487564,5893646727405812608,0.551017,2141.2320807598157,3.5248110721116377,1.3225093E-5,19.21147,0.015035935,0.15212154,0.0045188996,0.068664804,0.005037013,0.50337124,0.03189024,0.6548669,0.0072125727,0.068584055,0.006270361,0.6503821,0.035763264,null,null,null,null,"TWOGAUSSIANS",8,3.679701,0.6548669,0.0072125727,0.3840707,0.03440518,0.64898676,0.03583351,0.15212154,0.0045188996,0.38452289,0.027732398,0.50197583,0.0319363
375316653866487564,5893646796125296768,0.4986856,2193.9831131426263,2.4700050759995715,1.1782035E-5,18.648548,0.05292392,0.25370097,0.005132757,0.11762916,0.023028405,0.22969744,0.04893911,0.7483833,0.0044416995,0.109273046,0.023510283,0.22033164,0.045475274,null,null,null,null,"TWOGAUSSIANS",8,2.2473803,0.25371096,0.0051452857,0.4,0.0,0.19202262,0.024542656,0.7483833,0.0044416995,0.4,0.0,0.18269977,0.012969234
375316653866487564,5893646933562900736,0.45470124,2141.9471133597904,4.392555880166771,2.4152128E-5,19.244795,0.031565566,0.30206695,0.01146418,0.08529409,0.02406631,0.22033052,0.026066847,0.82796127,0.022842497,0.110764556,0.022859192,0.21796736,0.032913957,null,null,null,null,"TWOGAUSSIANS",8,5.70273,0.30203694,0.011440975,0.4,0.03435313,0.20847677,0.022056645,0.82796127,0.022842497,0.4,0.0,0.20608795,0.028220424
375316653866487564,5893647105362959616,0.51586354,2165.237495883251,2.1114798819491,1.2442558E-5,19.020998,0.02549616,0.24320734,0.011122273,0.102863014,0.019617435,0.23457713,0.02688708,0.7476654,0.0027797974,0.096813366,0.011671918,0.267102,0.02326605,null,null,null,null,"TWOGAUSSIANS",8,1.4343805,0.7476654,0.0027751673,0.4,0.0,0.24658762,0.021308377,0.24320734,0.011122273,0.4,0.0,0.21406011,0.019776259
375316653866487564,5893647174093924992,0.6559974,2151.2548861327746,0.2045434280403698,1.5978017E-5,16.10314,0.0023088767,0.07373647,0.0057360022,0.015181127,0.004467492,0.1101992,0.026341472,0.32397592,8.748604E-4,0.01624773,9.885075E-4,1.2009456,0.06946149,0.0109240515,0.0046339016,0.32397592,8.748604E-4,"TWOGAUSSIANS_WITH_ELLIPSOIDAL_ON_ECLIPSE2",9,19.81208,0.32397592,8.748604E-4,0.090987295,0.005535642,1.2227936,0.07206387,0.07373647,0.0057658963,0.08501431,0.025017954,0.11019911,0.026317708
375316653866487564,5893647345881075328,0.5105953,2152.2422352813933,3.2583212094562466,1.21603825E-5,19.429375,0.016095608,0.2998624,0.0033830155,0.07229507,0.007547638,0.3413153,0.027705135,0.7938497,0.017915877,0.08538037,0.01739784,0.24733692,0.04133471,null,null,null,null,"TWOGAUSSIANS",8,1.9362636,0.2998624,0.0033830155,0.4,0.013569392,0.33801016,0.029005075,0.7938497,0.017915877,0.4,0.015347749,0.24403177,0.04103044
375316653866487564,5893648234901114112,0.5687928,2170.193631053775,3.7079501208750805,1.0105009E-5,18.499983,0.015955824,0.21043669,0.0035868566,0.047898646,0.005812344,0.2661409,0.03829087,0.70481634,0.002925251,0.054309554,0.0055148057,0.3243821,0.042263504,0.116056554,0.023141678,0.21043669,0.0035868566,"TWOGAUSSIANS_WITH_ELLIPSOIDAL_ON_ECLIPSE1",9,6.197962,0.70561635,0.0022159026,0.3041335,0.030882912,0.55623955,0.03161369,0.21043669,0.0035868566,0.2682324,0.032549128,0.4982464,0.01783839
375316653866487564,5893648376673697536,0.55370444,2158.8226890637698,2.8170729804949737,1.7396134E-5,17.936249,0.026233336,0.17919798,0.0023550508,0.04838709,0.01334719,0.4744186,0.038175624,0.6729119,0.004652072,0.040055167,0.009093695,0.43362695,0.11303105,0.16163997,0.030885244,0.17919798,0.0023550508,"TWOGAUSSIANS_WITH_ELLIPSOIDAL_ON_ECLIPSE1",9,28.789686,0.17919798,0.0023550508,0.27096772,0.07474426,0.7976971,0.044626378,0.6734519,0.0038373652,0.22430892,0.050924692,0.7564449,0.0973581
375316653866487564,5893648406699500672,0.54766756,2194.6301225666443,0.6966411527510289,1.0422435E-5,18.447132,0.002106994,0.29430318,0.003518757,0.029048959,0.002880012,0.22713539,0.009395835,0.79667777,0.0069808047,0.00954442,0.008291723,0.051709395,0.010795047,0.022877913,0.0031611845,0.29430318,0.003518757,"TWOGAUSSIANS_WITH_ELLIPSOIDAL_ON_ECLIPSE1",9,1.4661341,0.29430318,0.003518757,0.16267417,0.016128067,0.2728911,0.008615556,0.79667777,0.0068446808,0.05344875,0.04643365,0.09745493,0.00786495
375316653866487564,5893648685922419584,0.6948945,2191.714041583929,0.26968358412377574,6.5551203E-6,12.31133,0.002141343,0.21050467,0.0024838452,0.018439239,0.0024630327,0.072219394,0.0086878985,0.71487814,3.8857196E-4,0.022779219,3.6995512E-4,1.1614038,0.022346722,0.0133258095,0.0038511313,0.21050467,0.0024838452,"TWOGAUSSIANS_WITH_ELLIPSOIDAL_ON_ECLIPSE1",9,328.75516,0.71487814,3.8857196E-4,0.12756363,0.0020717487,1.1880354,0.023131665,0.21050467,0.0024838452,0.103259735,0.013792983,0.098871015,0.0092246635
375316653866487564,5893649716701993984,0.46371385,2143.3789249449796,2.429772084010222,2.6685759E-5,19.687414,0.07201806,0.17668083,0.012808385,0.11170375,0.03137693,0.27187663,0.07165995,0.6590522,0.006923995,0.10737731,0.022869779,0.2790461,0.06884035,null,null,null,null,"TWOGAUSSIANS",8,1.5762664,0.6590522,0.006923995,0.4,0.0,0.24530126,0.018746153,0.17670083,0.0127815865,0.4,0.0,0.23811571,0.049738728
375316653866487564,5893649751061773440,0.5047011,2145.777678077427,3.161345228811046,5.1055336E-5,19.078762,0.010932119,0.33057374,0.009142789,0.10785043,0.008081877,0.46857426,0.03473258,0.6350157,0.012034223,0.030383222,0.0136162015,0.14120752,0.42869115,null,null,null,null,"TWOGAUSSIANS",8,8.504255,0.33057374,0.009142789,0.4,0.0,0.46855408,0.03474836,0.6350157,0.012034223,0.17014603,0.076250724,0.14990672,0.4306419
375316653866487564,5893650674442359424,0.5105991,2161.6613299313376,1.6559680389702485,1.6574058E-5,17.999828,0.004068703,0.2626703,0.011719001,0.090469554,0.015525412,0.053997003,0.005579237,0.766256,0.004607823,0.054303903,0.0030179736,0.20161447,0.013825287,null,null,null,null,"TWOGAUSSIANS",8,2.3639565,0.766256,0.004607823,0.30410185,0.016900653,0.20122342,0.013751288,0.2626703,0.011719001,0.4,0.0,0.053605925,0.0054927855
375316653866487564,5893651709579560704,0.5613075,2129.0770760647342,0.5147190378647473,5.011333E-6,16.64543,0.0039877538,0.24808197,0.00933858,0.03851529,0.011112483,0.11259505,0.044584487,0.91533285,2.9109308E-4,0.005250876,1.7006046E-4,1.9794326,0.3828348,null,null,null,null,"TWOGAUSSIANS",8,18.162865,0.91533285,2.9109308E-4,0.029404905,9.523386E-4,1.9794326,0.3828348,0.24808197,0.00933858,0.21568562,0.062229905,0.11259505,0.044584487
375316653866487564,5893651812658791552,0.5864859,2134.235949883093,0.47492792984578436,3.58416E-6,15.50488,0.0032541894,0.2891665,0.0025902844,0.028850863,0.0026056594,0.3571508,0.029691344,null,null,null,null,null,null,0.024242962,0.004710312,0.2891665,0.0025902844,"ONEGAUSSIAN_WITH_ELLIPSOIDAL",6,39.726868,0.2891665,0.0025902844,0.16156484,0.014591693,0.4056367,0.030757764,null,null,null,null,null,null
375316653866487564,5893652564231925376,0.5654698,2149.285381019044,1.3891008646016112,8.650375E-5,17.727201,0.003556973,0.19016133,0.026835691,0.015178034,0.015943987,1.2707062,1907605.2,0.68308496,0.008516759,0.017214369,0.004186541,0.72646546,0.19884074,null,null,null,null,"TWOGAUSSIANS",8,16.645683,0.19016133,0.026835691,0.08499699,0.08928633,1.2707062,1907605.2,0.68308496,0.008516759,0.09640046,0.023444628,0.72646546,0.19884074
375316653866487564,5893652671652299264,0.4529648,2149.1213197037105,4.236792355533699,5.8162328E-5,19.733604,0.007955583,0.5487969,0.021414446,0.05484752,0.017677039,0.13565467,0.051973667,0.37361655,0.051508807,0.11735605,0.030027825,0.14874737,0.028922904,null,null,null,null,"TWOGAUSSIANS",8,2.1604197,0.5329669,0.016860552,0.3071461,0.09899142,0.18925512,0.011607927,0.37972653,0.15656626,0.4,0.0,0.14968427,0.046269905
375316653866487564,5893653049596854912,0.53537726,2122.560336597631,2.625561557795701,2.3465755E-5,19.14491,0.011100028,0.23955432,0.0035474368,0.064383075,0.0047510522,0.3877097,0.02326858,0.7450426,0.0065526925,0.0759438,0.0077013993,0.43742537,0.024891684,null,null,null,null,"TWOGAUSSIANS",8,4.0681777,0.7450426,0.0065526925,0.4,0.0044389875,0.43616983,0.025008827,0.23955432,0.0035474368,0.36054525,0.026605891,0.38645416,0.023381503
375316653866487564,5893653079627956480,0.60088426,2149.3454680703917,1.3945060976233714,5.04469E-6,17.906816,0.0051063756,0.15122548,0.0032563303,0.102897465,0.01540221,0.09441425,0.016321927,0.6464037,0.0011734023,0.06988361,0.0024265156,0.21571212,0.0048696124,null,null,null,null,"TWOGAUSSIANS",8,0.8680843,0.6464037,0.0011734023,0.3913482,0.013588487,0.21216832,0.003313105,0.15122548,0.0032563303,0.4,0.0,0.090869,0.018221144
375316653866487564,5893653599352749696,0.45496294,2146.63485049811,0.7127704935278458,1.4478595E-4,19.775713,0.018911295,0.29788134,0.027074574,0.09684818,0.020272037,0.08172561,0.020948218,0.7936853,0.013845615,0.036218807,0.0070855366,1.0425534,0.28912452,null,null,null,null,"TWOGAUSSIANS",8,3.8229513,0.7936853,0.013845615,0.20282532,0.039679006,1.0423476,0.2887946,0.29788134,0.027074574,0.4,0.0,0.081519395,0.020536099
375316653866487564,5893653633724858112,0.54027313,2183.0570488470894,1.827397407295314,9.811149E-6,14.601141,0.0012902933,0.20895164,0.0038459077,0.032626744,0.0048626363,0.035927776,0.005515801,0.7164949,0.0018373042,0.039729927,0.0033650554,0.055146318,0.004636413,0.020709971,0.0020428675,0.7164949,0.0018373042,"TWOGAUSSIANS_WITH_ELLIPSOIDAL_ON_ECLIPSE2",9,17.765276,0.7164949,0.0018373042,0.2224876,0.01884431,0.09656626,0.0039412268,0.20962164,0.003425827,0.18270977,0.027230762,0.07726294,0.004379831
375316653866487564,5893653904261812352,0.599469,2161.391864132673,2.6751011965625704,8.742183E-6,17.271912,0.012229413,0.25420156,0.0025315576,0.049883075,0.020738482,0.09318091,0.021950388,0.7506183,0.0022782185,0.03915043,0.006456389,0.11105175,0.026648035,0.115945496,0.015058727,0.25420156,0.0025315576,"TWOGAUSSIANS_WITH_ELLIPSOIDAL_ON_ECLIPSE1",9,8.321255,0.7513383,0.0016531072,0.21924242,0.03615578,0.34284824,0.0077586137,0.25420156,0.0025315576,0.27934524,0.1161355,0.32507122,0.019222034
375316653866487564,5893654492706003456,0.5639436,2164.296472044778,0.23991864855898132,1.681768E-5,18.867329,0.009859208,0.25077632,9.7338355E-4,0.044182625,0.0017204097,0.56906635,0.028641576,0.7512506,0.0051196725,0.057187162,0.007107561,0.19079329,0.010774503,null,null,null,null,"TWOGAUSSIANS",8,2.8262134,0.25077632,9.7338355E-4,0.24742271,0.009634295,0.5690633,0.02864201,0.7512506,0.0051196725,0.3202481,0.039802343,0.1907902,0.010772809
375316653866487564,5893654664517031808,0.5532217,2156.7738959142475,3.5313789518145016,1.877205E-5,18.081804,0.121658504,0.19774558,0.006011946,0.123496115,0.03796417,0.28573176,0.11608172,0.71705985,0.004142573,0.11306825,0.02828399,0.30802414,0.11561514,null,null,null,null,"TWOGAUSSIANS",8,4.122113,0.71718985,0.004002421,0.4,0.0,0.2550823,0.016547114,0.19768558,0.005808784,0.4,0.0,0.23264654,0.013685049
375316653866487564,5893655935829163776,0.5821769,2111.9652756244145,3.6086427004065764,5.3958274E-6,19.24168,0.016535532,0.30173755,7.1794284E-4,0.06797346,0.0030301674,0.636804,0.012052375,0.8135697,0.0018068746,0.06660067,0.002788811,0.7501488,0.01974853,null,null,null,null,"TWOGAUSSIANS",8,3.7100475,0.8135697,0.0018068746,0.37296376,0.015617342,0.7491512,0.019611025,0.30173755,7.1794284E-4,0.38065135,0.016968938,0.6358064,0.011911633
375316653866487564,5893656141975685248,0.4138944,2122.36650494417,1.5540662922774025,1.3154004E-4,19.756477,0.0777497,0.3261058,0.014002272,0.02860728,0.016005108,0.61417085,0.2915789,0.6828732,0.027570456,0.1799644,0.058312602,0.39649874,0.06516311,null,null,null,null,"TWOGAUSSIANS",8,15.34032,0.32690582,0.015736464,0.16020077,0.08962861,0.6539323,0.30314356,0.6828732,0.027570456,0.4,0.0,0.37978202,0.06052333
375316653866487564,5893656279425118336,0.54193383,2172.2086599133945,3.030495407801671,5.026512E-5,17.497763,0.0021603995,0.33005798,0.008306427,0.05085345,0.006473764,0.40178642,0.07537131,0.6038504,0.018277813,0.010300783,0.012546533,0.06913834,4.62247776E8,0.0060995603,0.0035276555,0.6038504,0.018277813,"TWOGAUSSIANS_WITH_ELLIPSOIDAL_ON_ECLIPSE2",9,8.094982,0.32990795,0.00831807,0.2847793,0.036253076,0.40205866,0.07553111,0.6038504,0.018277813,0.057684388,0.070260584,0.08133766,4.62247776E8
375316653866487564,5893656623012351232,0.49082434,2132.7559077782,3.6447574369533515,9.147784E-5,19.772156,0.05013329,0.22239372,0.011575028,0.096001916,0.028362881,0.28384048,0.039100137,0.6964337,0.010129653,0.09683481,0.02357524,0.25429156,0.04846622,null,null,null,null,"TWOGAUSSIANS",8,2.055451,0.22239372,0.011596167,0.4,0.0,0.27082217,0.03254562,0.6964337,0.010129653,0.4,0.0,0.24127308,0.023728393
375316653866487564,5893656726103174016,0.5047806,2189.4205674058235,3.881787223238039,2.114905E-5,18.688644,0.019174533,0.32201067,0.008663453,0.08868876,0.014161094,0.30417654,0.02653269,0.81409806,0.003868273,0.08279632,0.008288342,0.2710624,0.021162128,null,null,null,null,"TWOGAUSSIANS",8,7.3560977,0.32201067,0.008663453,0.4,0.0,0.29701778,0.023459287,0.81409806,0.003868273,0.4,0.0,0.26390374,0.017807722
375316653866487564,5893657000969519616,0.48601693,2133.055698285844,2.9307656116199516,2.3575632E-5,19.437204,0.020533346,0.20984568,0.009564823,0.092492156,0.013705903,0.27830473,0.022380909,0.72745055,0.008406967,0.09017147,0.013760449,0.25492856,0.022947729,null,null,null,null,"TWOGAUSSIANS",8,2.424912,0.20984568,0.009564823,0.4,0.0,0.26868647,0.015385012,0.72745055,0.008406967,0.4,0.0,0.2453105,0.01860391
375316653866487564,5893657172779832064,0.6417402,2162.122899644058,1.755906832843542,3.3766084E-6,18.16528,0.0068266713,0.28076005,8.401493E-4,0.051041894,0.0018776873,0.38201892,0.014247013,0.78510225,0.01596478,0.05507965,0.011473035,0.04619971,0.018319873,0.077288315,0.007629658,0.28076005,8.401493E-4,"TWOGAUSSIANS_WITH_ELLIPSOIDAL_ON_ECLIPSE1",9,1.3018155,0.28076005,8.401493E-4,0.2858346,0.010515049,0.53659177,0.0051583787,0.78510225,0.015387728,0.30844605,0.064249,0.20065752,0.009424358
375316653866487564,5893657310217310720,0.42341244,2173.0541725797034,2.4446761321022725,4.717031E-5,18.810728,0.0067118993,0.32447788,0.090809114,0.107030794,0.09777215,0.029959755,0.47848937,0.602508,0.01694203,0.0669787,0.009803505,0.13689744,0.021964451,null,null,null,null,"TWOGAUSSIANS",8,7.0252647,0.602508,0.01694203,0.37508073,0.05361528,0.13790509,0.021866625,0.32508788,0.09416389,0.4,0.27027026,0.029966416,0.47871605
375316653866487564,5893657756893941120,0.5488285,2159.942966891442,2.1058162647522636,1.147751E-5,16.530777,0.027674817,0.25826335,0.0042623095,0.117781445,0.014776798,0.1907625,0.024877764,0.74240464,0.0036470299,0.11816193,0.012087817,0.20741521,0.02672453,null,null,null,null,"TWOGAUSSIANS",8,8.7902565,0.74240464,0.0036470299,0.4,0.0,0.17102395,0.0051699993,0.25834334,0.0041928305,0.4,0.0,0.15437938,0.0041957865
375316653866487564,5893658237920278784,0.49803802,2112.403367180309,2.3337153450233368,3.0387193E-5,19.876055,0.025213296,0.2881747,0.008181383,0.08833426,0.012190811,0.40612328,0.026765896,0.77139956,0.0066236155,0.09275577,0.010373044,0.3881501,0.027573938,null,null,null,null,"TWOGAUSSIANS",8,1.8524419,0.2881747,0.008181383,0.4,0.0,0.39260015,0.024640951,0.77139956,0.0066236155,0.4,0.0,0.37462655,0.024993217
