Gaia/vari_eclipsing_binary/VariEclipsingBinary_638008-638113.csv
# %ECSV 1.0
# ---
# delimiter: ','
# meta: !!omap
# - RELEASE: Gaia DR3
# - TABLE: vari_eclipsing_binary
# - DESCRIPTION: >
#     This table describes the properties of the eclipsing binaries resulting from the variability analysis. 
# - CITATION: >
#     How to cite and acknowledge Gaia: 
#     https://gea.esac.esa.int/archive/documentation/credits.html 
# - KNOWN_ISSUES: >
#     Known issues: 
#     https://www.cosmos.esa.int/web/gaia-users/known-issues 
# - DOCUMENTATION: >
#     Tutorials and documentation: 
#     https://www.cosmos.esa.int/web/gaia-users/archive 
# datatype:
# - 
#   name: solution_id
#   datatype: int64
#   description: Solution Identifier
#   meta:
#     ucd: meta.version
# - 
#   name: source_id
#   datatype: int64
#   description: Unique source identifier
#   meta:
#     ucd: meta.id;meta.main
# - 
#   name: global_ranking
#   datatype: float32
#   description: Number between 0 (worst) and 1 (best)
#   meta:
#     ucd: stat.param
# - 
#   name: reference_time
#   datatype: float64
#   unit: d
#   description: Reference time used for the geometric model fit
#   meta:
#     ucd: time.epoch
# - 
#   name: frequency
#   datatype: float64
#   unit: d**-1
#   description: Frequency of geometric model of the eclipsing binary light curve
#   meta:
#     ucd: src.orbital
# - 
#   name: frequency_error
#   datatype: float32
#   unit: d**-1
#   description: "Uncertainty of \\texttt{frequency}"
#   meta:
#     ucd: stat.error
# - 
#   name: geom_model_reference_level
#   datatype: float32
#   unit: mag
#   description: Magnitude reference level of geometric model
#   meta:
#     ucd: phot.mag;em.opt
# - 
#   name: geom_model_reference_level_error
#   datatype: float32
#   unit: mag
#   description: "Uncertainty of \\texttt{geomModelReferenceLevel}"
#   meta:
#     ucd: stat.error;phot.mag;em.opt
# - 
#   name: geom_model_gaussian1_phase
#   datatype: float32
#   description: Phase of the Gaussian 1 component
#   meta:
#     ucd: time.phase
# - 
#   name: geom_model_gaussian1_phase_error
#   datatype: float32
#   description: "Uncertainty of \\texttt{geomModelGaussian1Phase}"
#   meta:
#     ucd: stat.error;time.phase
# - 
#   name: geom_model_gaussian1_sigma
#   datatype: float32
#   description: "Standard deviation [phase] of Gaussian 1 component"
#   meta:
#     ucd: stat.stdev
# - 
#   name: geom_model_gaussian1_sigma_error
#   datatype: float32
#   description: "Uncertainty of \\texttt{geomModelGaussian1Sigma}"
#   meta:
#     ucd: stat.error
# - 
#   name: geom_model_gaussian1_depth
#   datatype: float32
#   unit: mag
#   description: Magnitude depth of Gaussian 1 component
#   meta:
#     ucd: src.var.amplitude
# - 
#   name: geom_model_gaussian1_depth_error
#   datatype: float32
#   unit: mag
#   description: "Uncertainty of \\texttt{geomModelGaussian1Depth}"
#   meta:
#     ucd: stat.error;src.var.amplitude
# - 
#   name: geom_model_gaussian2_phase
#   datatype: float32
#   description: Phase of Gaussian 2 component
#   meta:
#     ucd: time.phase
# - 
#   name: geom_model_gaussian2_phase_error
#   datatype: float32
#   description: "Uncertainty of \\texttt{geomModelGaussian2Phase}"
#   meta:
#     ucd: stat.error;time.phase
# - 
#   name: geom_model_gaussian2_sigma
#   datatype: float32
[...]
#   datatype: float32
#   description: "Secondary eclipse: uncertainty of \\texttt{derivedSecondaryEclDuration}"
#   meta:
#     ucd: stat.error;time.duration
# - 
#   name: derived_secondary_ecl_depth
#   datatype: float32
#   unit: mag
#   description: "Secondary eclipse: depth"
#   meta:
#     ucd: src.var.amplitude
# - 
#   name: derived_secondary_ecl_depth_error
#   datatype: float32
#   unit: mag
#   description: "Secondary eclipse: uncertainty of \\texttt{derivedSecondaryEclDepth}"
#   meta:
#     ucd: stat.error;src.var.amplitude
solution_id,source_id,global_ranking,reference_time,frequency,frequency_error,geom_model_reference_level,geom_model_reference_level_error,geom_model_gaussian1_phase,geom_model_gaussian1_phase_error,geom_model_gaussian1_sigma,geom_model_gaussian1_sigma_error,geom_model_gaussian1_depth,geom_model_gaussian1_depth_error,geom_model_gaussian2_phase,geom_model_gaussian2_phase_error,geom_model_gaussian2_sigma,geom_model_gaussian2_sigma_error,geom_model_gaussian2_depth,geom_model_gaussian2_depth_error,geom_model_cosine_half_period_amplitude,geom_model_cosine_half_period_amplitude_error,geom_model_cosine_half_period_phase,geom_model_cosine_half_period_phase_error,model_type,num_model_parameters,reduced_chi2,derived_primary_ecl_phase,derived_primary_ecl_phase_error,derived_primary_ecl_duration,derived_primary_ecl_duration_error,derived_primary_ecl_depth,derived_primary_ecl_depth_error,derived_secondary_ecl_phase,derived_secondary_ecl_phase_error,derived_secondary_ecl_duration,derived_secondary_ecl_duration_error,derived_secondary_ecl_depth,derived_secondary_ecl_depth_error
[from data line 927]
375316653866487564,5612892411812212352,0.5479482,2229.5409985360398,2.815411044034892,9.8608725E-6,19.077354,0.008154239,0.27079263,0.0025043208,0.074635684,0.0026772341,0.46290535,0.01359183,0.7703268,0.0021456233,0.07639022,0.0043096333,0.4184837,0.017379759,null,null,null,null,"TWOGAUSSIANS",8,1.9115479,0.27079263,0.0025043208,0.4,0.0,0.45927677,0.013230896,0.7703268,0.0021456233,0.4,0.0,0.41485512,0.017930746
375316653866487564,5612893373888059904,0.5789734,2228.073230916572,0.6280580245802965,3.667043E-6,17.34216,0.0013507862,0.27877358,0.0025467088,0.018390441,0.002566854,0.052721664,0.0046655787,0.7770439,4.7525816E-4,0.02249991,6.8676576E-4,0.16601053,0.002761066,0.01740122,0.0018398837,0.27877358,0.0025467088,"TWOGAUSSIANS_WITH_ELLIPSOIDAL_ON_ECLIPSE1",9,1.7770282,0.77705383,4.6337655E-4,0.1259995,0.0038458882,0.20080881,0.002117836,0.27877358,0.0025467088,0.10298647,0.014374382,0.08752402,0.004212756
375316653866487564,5612894503454400000,0.5623054,2247.6174478406806,1.8288726788440317,1.11962945E-5,18.621244,0.0056756856,0.18421014,0.001651308,0.03434995,0.001826678,0.57595795,0.021806512,0.6703801,0.0064173527,0.02868578,0.012049598,0.11048595,0.042731043,0.04894819,0.014178159,0.18421014,0.001651308,"TWOGAUSSIANS_WITH_ELLIPSOIDAL_ON_ECLIPSE1",9,6.10245,0.18421014,0.001651308,0.19235972,0.010229397,0.6738542,0.019742826,0.6711301,0.006175896,0.16064037,0.06747775,0.20768465,0.043199982
375316653866487564,5612895504191767936,0.5374362,2225.772129590638,4.303045738926396,1.5147015E-5,19.6312,0.017117608,0.13897264,0.00521641,0.0751069,0.008875455,0.5302857,0.049014192,0.6330201,0.0034077324,0.07212763,0.005628457,0.5562658,0.0325834,null,null,null,null,"TWOGAUSSIANS",8,2.3255782,0.6330201,0.0034077324,0.4,0.011217534,0.5533052,0.032918796,0.13897264,0.00521641,0.4,0.002811466,0.52732515,0.050705988
375316653866487564,5612896706771838208,0.4657441,2252.9130298784085,3.2688488542760488,2.3822326E-5,16.999136,0.0037422718,0.22858097,0.006497127,0.012159468,0.0042368583,0.04851558,0.0155832125,0.74787194,0.020441266,0.034874298,0.015063861,0.04758048,0.020806305,0.051323,0.0069773747,0.22858097,0.006497127,"TWOGAUSSIANS_WITH_ELLIPSOIDAL_ON_ECLIPSE1",9,15.250881,0.22858097,0.006497127,0.06809302,0.023726406,0.15116154,0.013722701,0.74787194,0.020441266,0.19529606,0.08435763,0.14872578,0.022360891
375316653866487564,5612898287330469632,0.5808334,2230.799784611528,1.31470293427357,5.1635175E-6,15.53242,9.5382734E-4,0.2908591,0.004403409,0.013022136,0.009642712,0.0019380819,0.28428894,0.7877363,0.0015037644,0.03591523,0.0019144183,0.085805036,0.0029658633,0.025606478,0.0011313227,0.2908591,0.004403409,"TWOGAUSSIANS_WITH_ELLIPSOIDAL_ON_ECLIPSE1",9,7.465835,0.7879163,0.0013699925,0.20112528,0.010720743,0.13699934,0.0027634979,0.2908591,0.004403409,0.07292396,0.053999186,0.05315097,0.28435534
375316653866487564,5612903613089975040,0.58816147,2268.4715670811674,0.08479406115796878,2.8287732E-6,17.926737,0.0016498042,0.44070503,1.3021218E-4,0.010269876,2.3722748E-4,1.9950981,0.17485943,null,null,null,null,null,null,null,null,null,null,"ONEGAUSSIAN",5,1.9843534,0.44070503,1.3021218E-4,0.057511304,0.0013284739,1.9950981,0.0,null,null,null,null,null,null
375316653866487564,5612904162845772800,0.6007826,2244.7291071661944,0.14124196957138377,3.0842668E-5,16.499886,0.0010055378,0.14535555,0.020166721,0.065883346,0.013170335,0.01886401,0.0026465429,0.5120276,0.021414584,0.030501828,0.016122548,0.42193583,0.37662655,null,null,null,null,"TWOGAUSSIANS",8,3.7483008,0.5120276,0.021414584,0.17081024,0.09028627,0.42193583,0.37662655,0.14535555,0.020166721,0.36894673,0.069635086,0.01886401,0.0026465426
375316653866487564,5612904162845773056,0.43185467,2264.7159495924293,0.3415915292796873,6.629854E-5,17.13692,0.0028757302,0.6339813,9.2511787E-4,0.01025185,0.0019278144,0.11249524,0.014994034,0.86073893,0.015269494,0.037042204,0.03753594,0.015793858,0.013712287,0.013682418,0.011207871,0.86073893,0.015269494,"TWOGAUSSIANS_WITH_ELLIPSOIDAL_ON_ECLIPSE2",9,9.674151,0.6340313,9.06974E-4,0.057410363,0.010795761,0.113075696,0.015146387,0.86073893,0.015269494,0.20743634,0.20880732,0.043158542,0.017834771
375316653866487564,5612907392660867584,0.5179767,2266.169009368715,0.4468124503212455,1.5434143E-5,14.093898,5.811742E-4,0.21286516,0.0031701538,0.021655854,0.011374803,0.13059998,0.06857443,null,null,null,null,null,null,null,null,null,null,"ONEGAUSSIAN",5,23.235674,0.21286516,0.0031701538,0.12127278,0.0636989,0.13059998,0.0,null,null,null,null,null,null
375316653866487564,5612907873697196672,0.5848991,2275.4589545835825,1.0647820982518978,1.0869111E-6,17.160614,8.694334E-4,0.42797744,4.3452925E-5,0.015681101,1.116522E-4,5.839893,0.22497156,0.6598774,0.11012078,0.101343915,0.0491699,0.0076402337,0.0028131516,null,null,null,null,"TWOGAUSSIANS",8,1.6508416,0.42797744,4.3452925E-5,0.08781417,6.252523E-4,5.84045,0.2263962,0.6598774,0.11012078,0.4,0.017489668,0.0076401546,0.0028131607
375316653866487564,5612909140703847552,0.46950066,2293.284363967067,3.089815847735294,9.281766E-6,18.657616,0.0046236273,0.24372274,0.004105022,0.024961092,0.004062614,0.20056647,0.038761437,0.7320294,0.0010436154,0.009474741,0.004445934,0.785144,2.0161622,0.02825844,0.0052468916,0.24372274,0.004105022,"TWOGAUSSIANS_WITH_ELLIPSOIDAL_ON_ECLIPSE1",9,8.218512,0.73203933,0.0010382781,0.053058553,0.02489723,0.8413563,2.0167835,0.24372274,0.004105022,0.13978212,0.022750638,0.25708324,0.038296975
