Gaia/vari_eclipsing_binary/VariEclipsingBinary_044564-044916.csv
# %ECSV 1.0
# ---
# delimiter: ','
# meta: !!omap
# - RELEASE: Gaia DR3
# - TABLE: vari_eclipsing_binary
# - DESCRIPTION: >
#     This table describes the properties of the eclipsing binaries resulting from the variability analysis. 
# - CITATION: >
#     How to cite and acknowledge Gaia: 
#     https://gea.esac.esa.int/archive/documentation/credits.html 
# - KNOWN_ISSUES: >
#     Known issues: 
#     https://www.cosmos.esa.int/web/gaia-users/known-issues 
# - DOCUMENTATION: >
#     Tutorials and documentation: 
#     https://www.cosmos.esa.int/web/gaia-users/archive 
# datatype:
# - 
#   name: solution_id
#   datatype: int64
#   description: Solution Identifier
#   meta:
#     ucd: meta.version
# - 
#   name: source_id
#   datatype: int64
#   description: Unique source identifier
#   meta:
#     ucd: meta.id;meta.main
# - 
#   name: global_ranking
#   datatype: float32
#   description: Number between 0 (worst) and 1 (best)
#   meta:
#     ucd: stat.param
# - 
#   name: reference_time
#   datatype: float64
#   unit: d
#   description: Reference time used for the geometric model fit
#   meta:
#     ucd: time.epoch
# - 
#   name: frequency
#   datatype: float64
#   unit: d**-1
#   description: Frequency of geometric model of the eclipsing binary light curve
#   meta:
#     ucd: src.orbital
# - 
#   name: frequency_error
#   datatype: float32
#   unit: d**-1
#   description: "Uncertainty of \\texttt{frequency}"
#   meta:
#     ucd: stat.error
# - 
#   name: geom_model_reference_level
#   datatype: float32
#   unit: mag
#   description: Magnitude reference level of geometric model
#   meta:
#     ucd: phot.mag;em.opt
# - 
#   name: geom_model_reference_level_error
#   datatype: float32
#   unit: mag
#   description: "Uncertainty of \\texttt{geomModelReferenceLevel}"
#   meta:
#     ucd: stat.error;phot.mag;em.opt
# - 
#   name: geom_model_gaussian1_phase
#   datatype: float32
#   description: Phase of the Gaussian 1 component
#   meta:
#     ucd: time.phase
# - 
#   name: geom_model_gaussian1_phase_error
#   datatype: float32
#   description: "Uncertainty of \\texttt{geomModelGaussian1Phase}"
#   meta:
#     ucd: stat.error;time.phase
# - 
#   name: geom_model_gaussian1_sigma
#   datatype: float32
#   description: "Standard deviation [phase] of Gaussian 1 component"
#   meta:
#     ucd: stat.stdev
# - 
#   name: geom_model_gaussian1_sigma_error
#   datatype: float32
#   description: "Uncertainty of \\texttt{geomModelGaussian1Sigma}"
#   meta:
#     ucd: stat.error
# - 
#   name: geom_model_gaussian1_depth
#   datatype: float32
#   unit: mag
#   description: Magnitude depth of Gaussian 1 component
#   meta:
#     ucd: src.var.amplitude
# - 
#   name: geom_model_gaussian1_depth_error
#   datatype: float32
#   unit: mag
#   description: "Uncertainty of \\texttt{geomModelGaussian1Depth}"
#   meta:
#     ucd: stat.error;src.var.amplitude
# - 
#   name: geom_model_gaussian2_phase
#   datatype: float32
#   description: Phase of Gaussian 2 component
#   meta:
#     ucd: time.phase
# - 
#   name: geom_model_gaussian2_phase_error
#   datatype: float32
#   description: "Uncertainty of \\texttt{geomModelGaussian2Phase}"
#   meta:
#     ucd: stat.error;time.phase
# - 
#   name: geom_model_gaussian2_sigma
#   datatype: float32
[...]
#   datatype: float32
#   description: "Secondary eclipse: uncertainty of \\texttt{derivedSecondaryEclDuration}"
#   meta:
#     ucd: stat.error;time.duration
# - 
#   name: derived_secondary_ecl_depth
#   datatype: float32
#   unit: mag
#   description: "Secondary eclipse: depth"
#   meta:
#     ucd: src.var.amplitude
# - 
#   name: derived_secondary_ecl_depth_error
#   datatype: float32
#   unit: mag
#   description: "Secondary eclipse: uncertainty of \\texttt{derivedSecondaryEclDepth}"
#   meta:
#     ucd: stat.error;src.var.amplitude
solution_id,source_id,global_ranking,reference_time,frequency,frequency_error,geom_model_reference_level,geom_model_reference_level_error,geom_model_gaussian1_phase,geom_model_gaussian1_phase_error,geom_model_gaussian1_sigma,geom_model_gaussian1_sigma_error,geom_model_gaussian1_depth,geom_model_gaussian1_depth_error,geom_model_gaussian2_phase,geom_model_gaussian2_phase_error,geom_model_gaussian2_sigma,geom_model_gaussian2_sigma_error,geom_model_gaussian2_depth,geom_model_gaussian2_depth_error,geom_model_cosine_half_period_amplitude,geom_model_cosine_half_period_amplitude_error,geom_model_cosine_half_period_phase,geom_model_cosine_half_period_phase_error,model_type,num_model_parameters,reduced_chi2,derived_primary_ecl_phase,derived_primary_ecl_phase_error,derived_primary_ecl_duration,derived_primary_ecl_duration_error,derived_primary_ecl_depth,derived_primary_ecl_depth_error,derived_secondary_ecl_phase,derived_secondary_ecl_phase_error,derived_secondary_ecl_duration,derived_secondary_ecl_duration_error,derived_secondary_ecl_depth,derived_secondary_ecl_depth_error
[from data line 567]
375316653866487564,394756938168773120,0.5644465,2257.916758397151,2.995645236122931,7.816421E-6,18.872717,0.0063811964,0.1814334,0.003078021,0.07184549,0.0061863167,0.45263886,0.050113928,0.6781253,0.0016467941,0.079318404,0.002517806,0.4384902,0.013329849,null,null,null,null,"TWOGAUSSIANS",8,2.7333837,0.1814334,0.003078021,0.4,0.013274232,0.44915798,0.051555373,0.6781253,0.0016467941,0.4,0.0,0.4350093,0.013402337
375316653866487564,394757109967118848,0.5320333,2233.4777152697948,3.1290329478499297,9.1738475E-6,19.00102,0.008826971,0.26070797,0.0028707231,0.08800958,0.0054400633,0.269184,0.010979213,0.77119434,0.0030795713,0.07935023,0.004271976,0.3049607,0.01665716,null,null,null,null,"TWOGAUSSIANS",8,1.5684978,0.77119434,0.0030795713,0.4,0.0,0.29952154,0.0165893,0.26070797,0.0028707231,0.4,0.0,0.26374474,0.010747877
375316653866487564,394760653316017536,0.53692394,2197.7470879865427,3.0171317307142385,1.1863142E-5,17.425161,0.017595014,0.23529921,0.0024199956,0.11247876,0.011093755,0.17629856,0.014988619,0.7289804,0.0037621837,0.1026092,0.010423818,0.19427587,0.016411703,null,null,null,null,"TWOGAUSSIANS",8,2.9998326,0.7289804,0.0037621837,0.4,0.0,0.17121486,0.0061891545,0.23529921,0.0024254108,0.4,0.0,0.15322182,0.006554467
375316653866487564,394765425024034176,0.52449113,2225.01166376879,1.7215113276856437,1.5011049E-5,14.993178,0.50063753,0.27701154,0.013082837,0.16457614,0.111080416,0.18614042,0.47519138,0.75257516,0.01870692,0.14732286,0.067686416,0.16894615,0.394403,null,null,null,null,"TWOGAUSSIANS",8,15.529848,0.27907154,0.006675493,0.4,0.0,0.100986406,0.0028960793,0.75257516,0.01870692,0.4,0.0,0.086579956,0.0052843695
375316653866487564,394772095109596416,0.56435126,2211.8763616454517,3.0524736349285253,1.19285405E-5,16.625492,0.0075914813,0.25177774,0.007623688,0.08323868,0.009447875,0.2511624,0.008710608,0.7580522,0.0033362939,0.080632664,0.004922569,0.25913313,0.0076388326,null,null,null,null,"TWOGAUSSIANS",8,17.5949,0.7580522,0.0033362939,0.4,0.0,0.25481766,0.0061470293,0.25177774,0.007623688,0.4,0.0,0.24684696,0.007878421
375316653866487564,394773499559906432,0.43416253,2233.8393289686164,3.5564166368296863,4.1572173E-5,18.97986,0.014364274,0.26680976,0.009220225,0.062875904,0.013537096,0.2519953,0.038336966,0.7854862,0.012039675,0.08263282,0.014997862,0.1615982,0.014981207,null,null,null,null,"TWOGAUSSIANS",8,10.141798,0.26680976,0.009220225,0.35210508,0.065508425,0.25132322,0.038489915,0.7854862,0.012039675,0.4,0.0,0.16092613,0.013900629
375316653866487564,394780646385788544,0.5382945,2227.862986924172,2.148320171986681,2.2057862E-5,19.752594,0.00697121,0.29490018,0.0075279237,0.06883214,0.0063791825,0.21134986,0.021541959,0.78346735,0.004315129,0.030833455,0.004648338,0.8131875,0.105360635,null,null,null,null,"TWOGAUSSIANS",8,2.1021612,0.78346735,0.004315129,0.17266735,0.026030693,0.8131864,0.10536126,0.29490018,0.0075279237,0.38545996,0.03543485,0.21134874,0.021542557
375316653866487564,394784288518151552,0.5163248,2227.7043696531437,3.6255331115923153,1.1168903E-5,18.478558,0.015700938,0.22088894,0.007467661,0.09376158,0.011694324,0.19300468,0.015769368,0.73149306,0.0032499651,0.1018271,0.008928271,0.2309825,0.01431624,null,null,null,null,"TWOGAUSSIANS",8,3.7993288,0.73149306,0.0032499651,0.4,0.0,0.21695969,0.008982195,0.22088894,0.0074689602,0.4,0.0,0.1789846,0.01096553
375316653866487564,394784666475277440,0.5345078,2240.613678702597,0.4686519182065492,3.9668053E-6,18.069653,0.00370111,0.19722821,2.599082E-4,0.019553721,5.0178927E-4,0.3352129,0.0045200298,0.6948389,0.010060048,0.021039741,0.0061294767,0.4351409,0.042811144,null,null,null,null,"TWOGAUSSIANS",8,8.157123,0.6948389,0.010060048,0.11782255,0.03432507,0.4351409,0.042811144,0.19722821,2.599082E-4,0.10950083,0.0028100198,0.3352129,0.0045200298
375316653866487564,394787209095648384,0.5240745,2196.193969334323,1.5685878111428775,4.638964E-6,17.811182,0.0041954457,0.07479384,0.0012601305,0.03921728,0.0027355682,0.25265756,0.014083925,0.5746169,0.002450751,0.037399534,0.0022602899,0.32076633,0.017173536,null,null,null,null,"TWOGAUSSIANS",8,6.2784395,0.5746169,0.002450751,0.20943739,0.012657623,0.32076633,0.017173536,0.07479384,0.0012601305,0.21961676,0.015319183,0.25265756,0.014083925
375316653866487564,394791714520084480,0.60042226,2250.414364193304,2.593605814887432,3.906602E-6,17.91224,0.0064956737,0.2412304,0.0016108705,0.09467513,0.0030592354,0.37120146,0.0066618966,0.7523685,0.0010371347,0.07423506,0.0024900334,0.21817967,0.0063367137,null,null,null,null,"TWOGAUSSIANS",8,2.362976,0.2412304,0.0016108705,0.4,0.0,0.3652169,0.0061570145,0.7523685,0.0010371347,0.4,0.0,0.2121959,0.005175978
375316653866487564,394796043845019520,0.5538588,2269.2334939104453,3.7582784047336832,5.604464E-6,19.954332,0.012915814,0.20306395,0.0019284395,0.037447263,0.003418684,0.35119936,0.037821595,0.70780355,0.0034754996,0.047485672,0.005002826,0.39793113,0.032550294,0.1325564,0.018940145,0.20306395,0.0019284395,"TWOGAUSSIANS_WITH_ELLIPSOIDAL_ON_ECLIPSE1",9,1.3586555,0.70780355,0.0034754996,0.26591977,0.028015826,0.6628081,0.029332217,0.20306395,0.0019284395,0.20970467,0.01914463,0.6163114,0.03178864
375316653866487564,394806076890930432,0.6142403,2250.6367679427067,3.4177578508954656,3.4484797E-6,14.67244,0.0055926563,0.2790536,0.0012486177,0.06015625,0.0033993307,0.19041863,0.014760885,0.7803957,0.0019910277,0.0528736,0.0032206585,0.17295332,0.0129818935,0.060079765,0.00744095,0.2790536,0.0012486177,"TWOGAUSSIANS_WITH_ELLIPSOIDAL_ON_ECLIPSE1",9,39.741825,0.2790536,0.0012486177,0.336875,0.019036252,0.3105421,0.011250207,0.7803957,0.0019910277,0.29609215,0.018035688,0.29306826,0.0065924437
375316653866487564,394807069025679488,0.5266808,2255.7374078757275,2.514698657688204,9.1602205E-6,13.440608,0.009400021,0.19770245,0.0020174845,0.032765467,0.005548792,0.20448993,0.044799026,0.7170372,0.010185088,0.04566886,0.010463206,0.13774791,0.023157347,0.10991971,0.014666284,0.19770245,0.0020174845,"TWOGAUSSIANS_WITH_ELLIPSOIDAL_ON_ECLIPSE1",9,922.26434,0.19770245,0.0020174845,0.18348661,0.031073233,0.42432877,0.042300303,0.7170372,0.010185088,0.25574562,0.058593955,0.35435823,0.019410321
375316653866487564,394809237983730816,0.45289335,2255.1330322976883,0.7311591110216155,1.9447907E-5,14.383795,0.012112384,0.10650861,0.018635867,0.019856358,0.012578657,0.67359734,0.47596613,0.8336435,0.028669557,0.054030184,0.032788582,0.2233354,1.6702893,0.020113764,0.017992035,0.10650861,0.018635867,"TWOGAUSSIANS_WITH_ELLIPSOIDAL_ON_ECLIPSE1",9,330.6365,0.10650861,0.018635867,0.11119561,0.07044048,0.71382546,0.47813874,0.8336435,0.028669557,0.30256903,0.18361606,0.22415996,1.6695333
375316653866487564,394814215851565952,0.4527871,2245.5686135233586,1.3324378259298313,3.493033E-5,16.343334,0.005185193,0.20692998,0.018068936,0.033150397,0.014273759,0.0246407,0.015516527,0.7088333,0.008045761,0.05492069,0.0074744103,0.08610906,0.017432585,0.010530412,0.006158885,0.20692998,0.018068936,"TWOGAUSSIANS_WITH_ELLIPSOIDAL_ON_ECLIPSE1",9,24.868168,0.7088333,0.0075379387,0.30755585,0.0418567,0.10716445,0.015034155,0.20692998,0.018068936,0.18564223,0.07993305,0.0456991,0.0102954805
375316653866487564,394820198743340416,0.5437522,2209.9557791874363,3.819885867237189,1.31195075E-5,17.819094,0.011084939,0.23831514,0.0035912325,0.08214867,0.0053834277,0.32401156,0.017597307,0.7354641,0.0051139696,0.08628351,0.0055904663,0.359798,0.02096769,null,null,null,null,"TWOGAUSSIANS",8,12.681228,0.7354641,0.0051139696,0.4,0.0,0.35186765,0.020238867,0.23831514,0.0035912325,0.4,0.0,0.31608126,0.016832484
375316653866487564,394830880325255808,0.6386245,2210.6031869562216,2.513867041180644,3.4512825E-6,16.712858,0.0030975938,0.27446038,0.0010401794,0.06907758,0.002088058,0.19542664,0.00806501,0.77720773,0.0031191325,0.044870768,0.003444804,0.10567805,0.007777564,0.074398,0.0040710927,0.27446038,0.0010401794,"TWOGAUSSIANS_WITH_ELLIPSOIDAL_ON_ECLIPSE1",9,4.5150013,0.27446038,0.0010401794,0.38683444,0.011693126,0.34395143,0.0047989,0.77720773,0.0031191325,0.2512763,0.019290904,0.2541585,0.0036318519
375316653866487564,394836309164321408,0.45673406,2264.234167544746,1.3440024649193174,3.4132936E-5,18.912136,0.0059226514,0.14805414,0.00931989,0.019157093,0.006561601,0.24189691,0.163461,0.64480585,0.01341489,0.10093477,0.018765628,0.1075581,0.008253125,null,null,null,null,"TWOGAUSSIANS",8,3.038659,0.14805414,0.00931989,0.107279725,0.036744967,0.24186939,0.1634736,0.64480585,0.01341489,0.4,0.0,0.10752956,0.008260096
375316653866487564,394837000655024640,0.5775488,2242.2893925897583,4.048705220725071,7.5967646E-6,16.467485,0.057008054,0.25895435,0.008866576,0.06867785,0.025232138,0.30776802,0.098343395,0.7462345,0.0037327134,0.053919323,0.020148437,0.26090884,0.10640505,0.10100636,0.057749268,0.25895435,0.008866576,"TWOGAUSSIANS_WITH_ELLIPSOIDAL_ON_ECLIPSE1",9,33.304462,0.25895435,0.008866576,0.38459596,0.1361816,0.5093835,0.03600041,0.74815446,0.003429417,0.3019482,0.11283125,0.46143013,0.01657917
375316653866487564,394843391566219520,0.5113125,2226.562980394281,2.5879729496896697,8.598026E-6,17.075476,0.0149654355,0.44412208,2.4529757E-6,0.0050304583,6.501782E-5,7.586776,0.51852983,0.7138408,0.057493832,0.20798442,0.11793087,0.022314468,0.014619209,null,null,null,null,"TWOGAUSSIANS",8,19.500013,0.44412208,2.4529757E-6,0.028170567,3.6409977E-4,7.5939665,0.52090615,0.7138408,0.057493832,0.4,0.0,0.019833753,0.008599629
375316653866487564,394843838242843136,0.644815,2206.4247233099745,0.23386884793816606,1.3996055E-6,15.945961,0.001196237,0.21883346,0.0057368143,0.042605914,0.04083281,0.0012339142,6.1267517E10,0.71473277,2.9436374E-4,0.017968893,2.7244762E-4,0.49002045,0.006163005,0.018399185,0.0016787909,0.21883346,0.0057368143,"TWOGAUSSIANS_WITH_ELLIPSOIDAL_ON_ECLIPSE1",9,7.0975957,0.7147428,2.9444371E-4,0.1006258,0.0015257067,0.52679443,0.0065596155,0.21883346,0.0057368143,0.23859312,0.22866373,0.038032256,6.1267517E10
375316653866487564,394845521869992704,0.59249145,2163.079453507917,0.7337128901602324,8.2415445E-6,14.686489,6.508381E-4,0.4562448,7.628053E-4,0.025383655,5.4547E-4,0.3463293,0.016921759,null,null,null,null,null,null,null,null,null,null,"ONEGAUSSIAN",5,12.165808,0.4562448,7.628053E-4,0.14214846,0.003054632,0.3463293,0.0,null,null,null,null,null,null
375316653866487564,394846174705031680,0.5481555,2216.6844593355277,3.7004511947624352,1.0076528E-5,17.191603,0.00896589,0.18540609,0.0028200087,0.07644894,0.0044329492,0.3432153,0.02076719,0.6767631,0.0023009237,0.072710335,0.0028532054,0.42043063,0.014255521,null,null,null,null,"TWOGAUSSIANS",8,29.160488,0.6767631,0.0023009237,0.4,0.0,0.4181712,0.014008904,0.18540609,0.0028200087,0.4,0.0,0.34095585,0.021023465
375316653866487564,394849537662681472,0.4991214,2215.531338809696,1.9664019802085895,2.9410012E-5,17.558582,0.020942131,0.28465295,0.002892929,0.03343447,0.008011453,0.3440074,0.05675259,0.7826453,0.028313057,0.07011145,0.079241216,0.037932597,0.04456795,0.01553881,0.029857226,0.7826453,0.028313057,"TWOGAUSSIANS_WITH_ELLIPSOIDAL_ON_ECLIPSE2",9,28.605247,0.28463295,0.0028182594,0.18723303,0.044864133,0.37501648,0.06579606,0.7826453,0.028313057,0.39262414,0.42877713,0.06894657,0.018319737
375316653866487564,394850018700331392,0.5480504,2234.8521770494826,4.510412399513406,8.316327E-6,17.434061,0.009933573,0.2230836,0.0025860057,0.039765276,0.021297803,0.10292522,0.019254347,0.6891506,0.014916093,0.06760729,0.0108130295,0.094111,0.028131986,0.07995792,0.014968109,0.2230836,0.0025860057,"TWOGAUSSIANS_WITH_ELLIPSOIDAL_ON_ECLIPSE1",9,8.540223,0.2230836,0.0025860057,0.22268555,0.119267695,0.26282695,0.03079178,0.7021006,0.006346695,0.3786008,0.060552966,0.24953844,0.013015209
375316653866487564,394850499735498240,0.48381796,2262.0765730530297,1.6326962083125265,2.472997E-5,18.892519,0.0074022026,0.31401664,0.013975342,0.018730095,0.0055698473,0.4621473,0.24100399,null,null,null,null,null,null,0.03317403,0.011948847,0.31401664,0.013975342,"ONEGAUSSIAN_WITH_ELLIPSOIDAL",6,7.5284753,0.31401664,0.013975342,0.10488853,0.031191144,0.5284953,0.2363656,null,null,null,null,null,null
375316653866487564,394854386682419584,0.6599507,2228.624218422444,2.2851509573739457,3.804644E-6,15.893761,0.0057539633,0.23469053,7.9441007E-4,0.050739735,0.0022179754,0.2556535,0.012819124,0.7353266,0.0016422888,0.052584853,0.002140465,0.27765244,0.012289558,0.11390096,0.0072203227,0.23469053,7.9441007E-4,"TWOGAUSSIANS_WITH_ELLIPSOIDAL_ON_ECLIPSE1",9,13.40207,0.7353266,0.0016422888,0.29447517,0.011986604,0.5054458,0.005980685,0.23469053,7.9441007E-4,0.28414252,0.012420663,0.48345047,0.0052551227
375316653866487564,394860601498806144,0.50818473,2219.6144890140763,4.080861595994518,3.4285567E-5,19.289627,0.02269428,0.2041714,0.0062899073,0.085390784,0.007935721,0.27553433,0.030924821,0.6863611,0.0053209597,0.078869015,0.00951486,0.3963044,0.045135096,null,null,null,null,"TWOGAUSSIANS",8,3.049792,0.6863611,0.0053209597,0.4,0.0,0.39175856,0.04672634,0.2041714,0.0062899073,0.4,0.0,0.2709885,0.029391535
375316653866487564,394866786251879168,0.5408174,2237.676171291723,1.1207445665688052,2.6362716E-6,16.910019,0.004466188,0.19695689,0.0012695227,0.023111593,0.0013520159,0.5278938,0.018893462,0.69623893,0.004125487,0.02029177,0.0026993211,0.38379985,0.06759648,0.02009506,0.0077560632,0.19695689,0.0012695227,"TWOGAUSSIANS_WITH_ELLIPSOIDAL_ON_ECLIPSE1",9,39.92121,0.19695689,0.0012695227,0.12942493,0.0075712893,0.56808394,0.020216782,0.69623893,0.004109163,0.113633916,0.015116198,0.42398915,0.06766854
375316653866487564,394869981706592384,0.48775002,2250.3464044313127,2.2065164655674367,3.1524545E-5,12.973056,8.8246586E-4,0.39117092,0.012102103,0.020402163,0.011606566,0.012126682,0.006565058,0.9256819,0.0020073839,0.011895623,0.0030132607,0.1552366,0.08625867,null,null,null,null,"TWOGAUSSIANS",8,26.252346,0.9256819,0.0020073839,0.066615485,0.016874261,0.1552366,0.08625867,0.39117092,0.012102103,0.11425211,0.064996764,0.012126682,0.006565058
375316653866487564,394878610297968768,0.500602,2218.978284311307,1.8301094542071477,1.3811647E-5,15.536098,0.0023767448,0.8065462,0.07060651,0.05736265,0.030710103,0.012991563,0.008770033,0.5766343,0.0010010118,0.031931333,0.0010649771,0.16774236,0.0048456946,null,null,null,null,"TWOGAUSSIANS",8,34.504467,0.5766343,9.991828E-4,0.17881545,0.005963872,0.16774657,0.004858147,0.8065462,0.070615545,0.32123083,0.17197658,0.012991563,0.008769922
375316653866487564,394883141487741056,0.579727,2240.372654580351,3.6406833210783565,8.803387E-6,17.700092,0.009763117,0.2577225,0.0013087243,0.036803804,0.0033643707,0.33169973,0.021895459,0.7537938,0.0104476875,0.044683635,0.007825406,0.33561435,0.07658771,0.12531912,0.014574324,0.2577225,0.0013087243,"TWOGAUSSIANS_WITH_ELLIPSOIDAL_ON_ECLIPSE1",9,12.467367,0.75420374,0.009823348,0.25022838,0.043822274,0.5861155,0.08238305,0.2577225,0.0013087243,0.20610131,0.018840475,0.58233744,0.01720229
375316653866487564,394883725603420800,0.4479329,2276.2972243073937,0.1712711338104538,1.6766699E-5,18.352198,0.005214793,0.3701827,6.2931934E-4,0.041831404,0.0020516438,0.34309554,0.030549768,0.7557875,0.012562807,0.056981917,0.009268711,0.12787007,0.01941123,null,null,null,null,"TWOGAUSSIANS",8,6.067951,0.3701827,6.2931934E-4,0.23425587,0.011489205,0.34309554,0.030549768,0.7557875,0.012562807,0.31909874,0.051904783,0.12787005,0.019411229
375316653866487564,394888535966896384,0.55426586,2251.7928021188395,2.48074678301948,9.657133E-6,17.679358,0.006657313,0.2536915,0.001194962,0.039322525,0.0015228551,0.725455,0.033249732,0.7536111,0.00750815,0.054093823,0.008850263,0.18833773,0.013995452,null,null,null,null,"TWOGAUSSIANS",8,19.355598,0.2536915,0.001194962,0.22020613,0.008527989,0.72545457,0.033249795,0.7536111,0.00750815,0.3029254,0.049561474,0.18833734,0.013995605
