Gaia/vari_eclipsing_binary/VariEclipsingBinary_685107-685123.csv
# %ECSV 1.0
# ---
# delimiter: ','
# meta: !!omap
# - RELEASE: Gaia DR3
# - TABLE: vari_eclipsing_binary
# - DESCRIPTION: >
#     This table describes the properties of the eclipsing binaries resulting from the variability analysis. 
# - CITATION: >
#     How to cite and acknowledge Gaia: 
#     https://gea.esac.esa.int/archive/documentation/credits.html 
# - KNOWN_ISSUES: >
#     Known issues: 
#     https://www.cosmos.esa.int/web/gaia-users/known-issues 
# - DOCUMENTATION: >
#     Tutorials and documentation: 
#     https://www.cosmos.esa.int/web/gaia-users/archive 
# datatype:
# - 
#   name: solution_id
#   datatype: int64
#   description: Solution Identifier
#   meta:
#     ucd: meta.version
# - 
#   name: source_id
#   datatype: int64
#   description: Unique source identifier
#   meta:
#     ucd: meta.id;meta.main
# - 
#   name: global_ranking
#   datatype: float32
#   description: Number between 0 (worst) and 1 (best)
#   meta:
#     ucd: stat.param
# - 
#   name: reference_time
#   datatype: float64
#   unit: d
#   description: Reference time used for the geometric model fit
#   meta:
#     ucd: time.epoch
# - 
#   name: frequency
#   datatype: float64
#   unit: d**-1
#   description: Frequency of geometric model of the eclipsing binary light curve
#   meta:
#     ucd: src.orbital
# - 
#   name: frequency_error
#   datatype: float32
#   unit: d**-1
#   description: "Uncertainty of \\texttt{frequency}"
#   meta:
#     ucd: stat.error
# - 
#   name: geom_model_reference_level
#   datatype: float32
#   unit: mag
#   description: Magnitude reference level of geometric model
#   meta:
#     ucd: phot.mag;em.opt
# - 
#   name: geom_model_reference_level_error
#   datatype: float32
#   unit: mag
#   description: "Uncertainty of \\texttt{geomModelReferenceLevel}"
#   meta:
#     ucd: stat.error;phot.mag;em.opt
# - 
#   name: geom_model_gaussian1_phase
#   datatype: float32
#   description: Phase of the Gaussian 1 component
#   meta:
#     ucd: time.phase
# - 
#   name: geom_model_gaussian1_phase_error
#   datatype: float32
#   description: "Uncertainty of \\texttt{geomModelGaussian1Phase}"
#   meta:
#     ucd: stat.error;time.phase
# - 
#   name: geom_model_gaussian1_sigma
#   datatype: float32
#   description: "Standard deviation [phase] of Gaussian 1 component"
#   meta:
#     ucd: stat.stdev
# - 
#   name: geom_model_gaussian1_sigma_error
#   datatype: float32
#   description: "Uncertainty of \\texttt{geomModelGaussian1Sigma}"
#   meta:
#     ucd: stat.error
# - 
#   name: geom_model_gaussian1_depth
#   datatype: float32
#   unit: mag
#   description: Magnitude depth of Gaussian 1 component
#   meta:
#     ucd: src.var.amplitude
# - 
#   name: geom_model_gaussian1_depth_error
#   datatype: float32
#   unit: mag
#   description: "Uncertainty of \\texttt{geomModelGaussian1Depth}"
#   meta:
#     ucd: stat.error;src.var.amplitude
# - 
#   name: geom_model_gaussian2_phase
#   datatype: float32
#   description: Phase of Gaussian 2 component
#   meta:
#     ucd: time.phase
# - 
#   name: geom_model_gaussian2_phase_error
#   datatype: float32
#   description: "Uncertainty of \\texttt{geomModelGaussian2Phase}"
#   meta:
#     ucd: stat.error;time.phase
# - 
#   name: geom_model_gaussian2_sigma
#   datatype: float32
[...]
#   datatype: float32
#   description: "Secondary eclipse: uncertainty of \\texttt{derivedSecondaryEclDuration}"
#   meta:
#     ucd: stat.error;time.duration
# - 
#   name: derived_secondary_ecl_depth
#   datatype: float32
#   unit: mag
#   description: "Secondary eclipse: depth"
#   meta:
#     ucd: src.var.amplitude
# - 
#   name: derived_secondary_ecl_depth_error
#   datatype: float32
#   unit: mag
#   description: "Secondary eclipse: uncertainty of \\texttt{derivedSecondaryEclDepth}"
#   meta:
#     ucd: stat.error;src.var.amplitude
solution_id,source_id,global_ranking,reference_time,frequency,frequency_error,geom_model_reference_level,geom_model_reference_level_error,geom_model_gaussian1_phase,geom_model_gaussian1_phase_error,geom_model_gaussian1_sigma,geom_model_gaussian1_sigma_error,geom_model_gaussian1_depth,geom_model_gaussian1_depth_error,geom_model_gaussian2_phase,geom_model_gaussian2_phase_error,geom_model_gaussian2_sigma,geom_model_gaussian2_sigma_error,geom_model_gaussian2_depth,geom_model_gaussian2_depth_error,geom_model_cosine_half_period_amplitude,geom_model_cosine_half_period_amplitude_error,geom_model_cosine_half_period_phase,geom_model_cosine_half_period_phase_error,model_type,num_model_parameters,reduced_chi2,derived_primary_ecl_phase,derived_primary_ecl_phase_error,derived_primary_ecl_duration,derived_primary_ecl_duration_error,derived_primary_ecl_depth,derived_primary_ecl_depth_error,derived_secondary_ecl_phase,derived_secondary_ecl_phase_error,derived_secondary_ecl_duration,derived_secondary_ecl_duration_error,derived_secondary_ecl_depth,derived_secondary_ecl_depth_error
[from data line 482]
375316653866487564,6026407224508193280,0.5227144,2267.508936900611,3.173442146855457,2.538973E-5,19.461128,0.015659582,0.25029925,0.008593968,0.07504951,0.00634066,0.30753648,0.021812012,0.7316759,0.006531077,0.07270161,0.009726608,0.37086412,0.02776811,null,null,null,null,"TWOGAUSSIANS",8,2.5936143,0.7316759,0.006531077,0.4,0.012744126,0.3694409,0.027924277,0.25029925,0.008593968,0.4,0.0,0.30611327,0.020958066
375316653866487564,6026407877337736576,0.48846433,2266.7006224224774,0.84146819522262,1.7827807E-4,18.385925,0.0103619415,0.22924438,0.033122893,0.034871835,0.026009766,0.51213604,1.0148987,0.6230655,0.056394722,0.11873528,0.036667414,0.040330242,0.016755078,null,null,null,null,"TWOGAUSSIANS",8,7.8808923,0.22925438,0.03313405,0.19528227,0.1456547,0.5122529,1.0148362,0.6230655,0.056394722,0.4,0.0,0.04028229,0.01657466
375316653866487564,6026407877416622592,0.43145165,2247.4943825075625,1.1111876953652737,1.2725193E-4,19.415186,0.3330741,0.25474247,0.029310316,0.14373562,0.07570027,0.20127809,0.31011772,0.7215505,0.028130015,0.14007913,0.08982378,0.178111,0.29665178,null,null,null,null,"TWOGAUSSIANS",8,3.2720392,0.2561425,0.02679848,0.4,0.0,0.13724223,0.017670983,0.7215505,0.028130015,0.4,0.0,0.11448662,0.035137773
375316653866487564,6026407976122121344,0.59189683,2285.6722209311597,0.3216531101026443,1.0645732E-5,16.383099,0.0037614452,0.27783108,0.0069585294,0.024597786,0.002710097,1.3618351,0.49066004,0.7888112,0.0013876866,0.033462375,0.0015291537,0.19112296,0.008418879,0.044532843,0.005283034,0.27783108,0.0069585294,"TWOGAUSSIANS_WITH_ELLIPSOIDAL_ON_ECLIPSE1",9,12.645242,0.27783108,0.0069585294,0.1377476,0.015176543,1.4509007,0.4904226,0.7888112,0.0013876866,0.1873893,0.008563261,0.27976525,0.0057412637
375316653866487564,6026408014776683264,0.5586904,2253.724237527787,3.3605022232404425,1.0391954E-5,19.158743,0.007818402,0.1921731,0.0043102135,0.06323114,0.0038756835,0.563458,0.04040759,0.69386536,0.0031734107,0.066354364,0.0030029342,0.446085,0.014308817,null,null,null,null,"TWOGAUSSIANS",8,2.1625612,0.1921731,0.0043102135,0.35409436,0.021703828,0.5629024,0.040514607,0.69386536,0.0031734107,0.37158445,0.016816432,0.4455294,0.0142238615
375316653866487564,6026408152215769088,0.50917375,2284.4356539222413,2.08268781405692,2.0044423E-5,18.79468,0.02037334,0.2365744,0.006107416,0.10114017,0.010186204,0.23513848,0.020240376,0.73921084,0.004955493,0.10910058,0.013425177,0.2203429,0.01860741,null,null,null,null,"TWOGAUSSIANS",8,2.4206545,0.2365744,0.006107573,0.4,0.0,0.20908801,0.008349873,0.73921084,0.004955493,0.4,0.0,0.19428259,0.0126434
375316653866487564,6026408564532573184,0.5177589,2292.3233813802535,2.2015810754096674,6.9911555E-5,18.885923,0.0077353898,0.27648053,0.0062453407,0.08007245,0.0075302026,0.24652855,0.019943777,0.76607335,0.008142788,0.08035139,0.0067732506,0.25180903,0.013921259,null,null,null,null,"TWOGAUSSIANS",8,3.1114225,0.76607335,0.008142788,0.4,0.0,0.24865118,0.013338942,0.27648053,0.0062453407,0.4,0.0,0.24337071,0.019979984
375316653866487564,6026408976928361728,0.52192587,2274.184342301272,4.002325120944167,2.5704294E-5,19.788034,0.06014792,0.31581193,0.02525199,0.08331737,0.02598402,0.47721383,0.07170392,0.82715356,0.0105452705,0.08828512,0.015030554,0.43169948,0.06528204,null,null,null,null,"TWOGAUSSIANS",8,2.5465395,0.31581193,0.02525199,0.4,0.0,0.466526,0.05557401,0.82715356,0.010546524,0.4,0.0,0.42101154,0.0531893
375316653866487564,6026409079928994688,0.56969523,2280.2663428873934,1.3456609004717686,6.0851003E-6,18.067053,0.0049063256,0.2600253,0.0067951092,0.0688671,0.005852415,0.1233797,0.008036977,0.7553363,0.0032637685,0.066527374,0.005224562,0.24884047,0.008224875,null,null,null,null,"TWOGAUSSIANS",8,2.0702994,0.7553363,0.0032637685,0.3725533,0.029257545,0.24850734,0.008278835,0.2600253,0.0067951092,0.3856558,0.031394113,0.12304657,0.007878734
375316653866487564,6026409522310799616,0.6496421,2270.7444841825754,0.4104688518992927,4.957799E-6,15.638995,0.0027662714,0.36608532,4.567818E-4,0.030535553,4.9792347E-4,0.6971524,0.01115214,0.86593074,0.002483016,0.03059126,0.003185056,0.079502515,0.006388143,0.01759208,0.004229655,0.36608532,4.567818E-4,"TWOGAUSSIANS_WITH_ELLIPSOIDAL_ON_ECLIPSE1",9,23.225151,0.36608532,4.567818E-4,0.1709991,0.0027883714,0.7323366,0.010984501,0.86593074,0.00244797,0.17131107,0.017836314,0.11468664,0.004394554
375316653866487564,6026409767123949312,0.42176554,2279.8795987303647,0.07751645523356569,6.235216E-5,18.81726,0.013371769,0.29964533,0.006856961,0.014101729,0.010718228,0.12784247,0.055649497,0.61963886,0.012260626,0.06887063,0.02280106,0.29925624,0.64269316,null,null,null,null,"TWOGAUSSIANS",8,15.7569,0.61963886,0.012260626,0.38567552,0.12669858,0.29925624,0.64269316,0.29964533,0.006856961,0.07896968,0.06002208,0.12784861,0.05565178
375316653866487564,6026409831551444608,0.5632122,2259.7473290281187,2.7083371934603777,7.5297694E-6,18.398008,0.013459736,0.24218811,0.0013763098,0.094455004,0.0035721331,0.39418536,0.012348518,0.750808,0.0039281826,0.10081983,0.008309506,0.32869485,0.01203231,null,null,null,null,"TWOGAUSSIANS",8,2.3098855,0.24218811,0.0013753545,0.4,0.0,0.37008753,0.0053975834,0.750808,0.0039281826,0.4,0.0,0.3045945,0.009941703
375316653866487564,6026409835921900928,0.607808,2286.115793405284,0.19293795666841332,7.772639E-6,16.975937,0.0019292099,0.16708486,0.009061504,0.012989371,0.007139057,0.56677884,6.2421274,0.6659019,2.9165385E-4,0.012952337,3.6464471E-4,0.4878139,0.025089178,null,null,null,null,"TWOGAUSSIANS",8,8.288145,0.16708486,0.009061504,0.07274047,0.039978717,0.56677884,6.2421274,0.6659019,2.9165385E-4,0.072533086,0.0020420104,0.4878139,0.025089178
375316653866487564,6026410316884898944,0.484576,2265.9352323023377,3.2107873723597224,3.7185553E-5,18.91591,0.018656487,0.29340982,0.0094705885,0.08486598,0.011475763,0.28644216,0.02208839,0.7879653,0.006766226,0.08298761,0.009453592,0.33925727,0.031020204,null,null,null,null,"TWOGAUSSIANS",8,7.0251822,0.7879653,0.006766226,0.4,0.0,0.33257136,0.029764079,0.29340982,0.0094705885,0.4,0.0,0.27975625,0.018007288
375316653866487564,6026410901000861440,0.48152983,2251.138444802381,2.725426957546491,3.533831E-5,19.23637,0.04864794,0.26420054,0.009842654,0.10169647,0.020604776,0.20885086,0.048334472,0.7234255,0.011115141,0.11167529,0.0290683,0.21833101,0.04353532,null,null,null,null,"TWOGAUSSIANS",8,1.5005665,0.7234255,0.011115141,0.4,0.0,0.20113386,0.016707076,0.26428056,0.009583605,0.4,0.0,0.19169407,0.02639634
375316653866487564,6026411205937742848,0.54943544,2293.3613541106997,0.22345251890956527,1.5011235E-5,17.051151,0.0035467425,0.7176678,1.3822452E-4,0.0049602897,1.3054421E-4,1.3593016,0.08092945,null,null,null,null,null,null,null,null,null,null,"ONEGAUSSIAN",5,27.41562,0.7176678,1.3822452E-4,0.027777622,7.310476E-4,1.3593016,0.0,null,null,null,null,null,null
375316653866487564,6026411622555775232,0.4205009,2302.545679963157,2.084725461885033,2.1722912E-5,18.089804,0.023642166,0.4340767,0.012129506,0.09371835,0.019727351,0.27031955,0.052650016,0.7770469,0.012630759,0.016782675,0.0090521285,0.30722257,9.573174,null,null,null,null,"TWOGAUSSIANS",8,5.4270306,0.7770469,0.012630759,0.09398299,0.050691918,0.30755618,9.573213,0.4340767,0.012129506,0.4,0.0,0.2703192,0.052653935
375316653866487564,6026411725634832896,0.41767824,2261.072780027106,0.6372550655789526,4.7989593E-5,18.66983,0.008173689,0.38910288,0.04652839,0.053329956,0.02119091,0.051954944,0.025884815,0.80760264,0.005634792,0.0588305,0.007689047,0.21556588,0.027551888,null,null,null,null,"TWOGAUSSIANS",8,3.9513507,0.80760264,0.005634792,0.3294508,0.043058664,0.21556556,0.027552295,0.38910288,0.04652839,0.29864776,0.11866909,0.051954627,0.025884764
375316653866487564,6026411760093975296,0.46827182,2254.3644304731106,2.4590597762208812,3.2484204E-5,19.051128,0.0150309075,0.2677966,0.01027696,0.06939231,0.007983482,0.5543479,0.06673859,0.775363,0.0063095186,0.059887096,0.009332862,0.3829659,0.040572725,null,null,null,null,"TWOGAUSSIANS",8,16.17854,0.2677966,0.01027696,0.38859692,0.036671516,0.55392915,0.06669543,0.775363,0.0063095186,0.33536774,0.052264024,0.38254717,0.04071569
375316653866487564,6026412168010987136,0.5680766,2271.799389332925,1.4164408182685513,5.891626E-6,18.357508,0.005176103,0.2314322,0.0068035116,0.05793776,0.010929912,0.08181345,0.009007838,0.7359246,0.0029780443,0.0529258,0.0032805905,0.34307447,0.011527494,null,null,null,null,"TWOGAUSSIANS",8,1.979559,0.7359246,0.0029780443,0.29638445,0.018371308,0.3430643,0.011530048,0.2314322,0.0068035116,0.32445145,0.06120751,0.08180327,0.009011959
375316653866487564,6026412545971998976,0.48973203,2276.3652467169204,2.1811629475001646,3.2371594E-5,18.832455,0.004459627,null,null,null,null,null,null,null,null,null,null,null,null,0.090184085,0.0064670667,0.25241455,0.004700472,"ELLIPSOIDAL",4,2.444971,null,null,null,null,null,null,null,null,null,null,null,null
375316653866487564,6026412825140879744,0.47398472,2272.3041344664116,3.256680612858714,2.6119313E-5,18.42878,0.36363107,0.2860013,0.0085889585,0.1320874,0.108632244,0.17705992,0.3536797,0.80380994,0.008330057,0.11428821,0.045317825,0.20585907,0.2754291,null,null,null,null,"TWOGAUSSIANS",8,4.1367064,0.8040599,0.0054248567,0.4,0.0,0.16468763,0.012915636,0.2859313,0.007986524,0.4,0.0,0.1356157,0.021494847
375316653866487564,6026412859578932096,0.45302078,2254.214264760604,2.5483737710499215,3.018421E-5,19.723946,0.34182614,0.16466264,0.01223206,0.10986545,0.07999762,0.366879,0.310891,0.67220926,0.011091812,0.10301703,0.045390792,0.37175247,0.31346315,null,null,null,null,"TWOGAUSSIANS",8,3.8541632,0.6722193,0.010640783,0.4,0.0,0.32875237,0.036091834,0.16466264,0.012429141,0.4,0.0,0.3238605,0.04064182
375316653866487564,6026413100018966528,0.47411913,2245.2974843267148,3.1626688494283375,2.4793759E-5,18.919222,0.0026492001,null,null,null,null,null,null,null,null,null,null,null,null,0.056294106,0.0037927665,0.24386686,0.0050538406,"ELLIPSOIDAL",4,1.4274752,null,null,null,null,null,null,null,null,null,null,null,null
375316653866487564,6026413478054291968,0.5896002,2274.1206869063985,1.0549870102225605,9.94952E-6,17.419226,0.0065104435,0.27327597,0.005046619,0.094768144,0.0049895537,0.22924536,0.008633227,0.76962173,0.0014858948,0.085532755,0.0025221147,0.40697575,0.009214189,null,null,null,null,"TWOGAUSSIANS",8,4.0031853,0.76962173,0.0014858948,0.4,0.0,0.39492697,0.009103289,0.27327597,0.005046619,0.4,0.0,0.21719618,0.0059120064
375316653866487564,6026414268328350848,0.66941667,2261.641209346166,1.0230598303064693,8.261172E-6,15.956495,9.114976E-4,0.76467675,0.030531663,0.059381876,0.019125316,0.0029072855,0.0015210982,0.6092645,0.004541928,0.02487439,0.003110511,0.48550367,0.06758151,null,null,null,null,"TWOGAUSSIANS",8,2.895699,0.60927445,0.004540971,0.13929658,0.017418861,0.48559833,0.06759508,0.76467675,0.030540941,0.33253852,0.107101776,0.002907287,0.0015210848
