Gaia/vari_eclipsing_binary/VariEclipsingBinary_668297-668350.csv
# %ECSV 1.0
# ---
# delimiter: ','
# meta: !!omap
# - RELEASE: Gaia DR3
# - TABLE: vari_eclipsing_binary
# - DESCRIPTION: >
#     This table describes the properties of the eclipsing binaries resulting from the variability analysis. 
# - CITATION: >
#     How to cite and acknowledge Gaia: 
#     https://gea.esac.esa.int/archive/documentation/credits.html 
# - KNOWN_ISSUES: >
#     Known issues: 
#     https://www.cosmos.esa.int/web/gaia-users/known-issues 
# - DOCUMENTATION: >
#     Tutorials and documentation: 
#     https://www.cosmos.esa.int/web/gaia-users/archive 
# datatype:
# - 
#   name: solution_id
#   datatype: int64
#   description: Solution Identifier
#   meta:
#     ucd: meta.version
# - 
#   name: source_id
#   datatype: int64
#   description: Unique source identifier
#   meta:
#     ucd: meta.id;meta.main
# - 
#   name: global_ranking
#   datatype: float32
#   description: Number between 0 (worst) and 1 (best)
#   meta:
#     ucd: stat.param
# - 
#   name: reference_time
#   datatype: float64
#   unit: d
#   description: Reference time used for the geometric model fit
#   meta:
#     ucd: time.epoch
# - 
#   name: frequency
#   datatype: float64
#   unit: d**-1
#   description: Frequency of geometric model of the eclipsing binary light curve
#   meta:
#     ucd: src.orbital
# - 
#   name: frequency_error
#   datatype: float32
#   unit: d**-1
#   description: "Uncertainty of \\texttt{frequency}"
#   meta:
#     ucd: stat.error
# - 
#   name: geom_model_reference_level
#   datatype: float32
#   unit: mag
#   description: Magnitude reference level of geometric model
#   meta:
#     ucd: phot.mag;em.opt
# - 
#   name: geom_model_reference_level_error
#   datatype: float32
#   unit: mag
#   description: "Uncertainty of \\texttt{geomModelReferenceLevel}"
#   meta:
#     ucd: stat.error;phot.mag;em.opt
# - 
#   name: geom_model_gaussian1_phase
#   datatype: float32
#   description: Phase of the Gaussian 1 component
#   meta:
#     ucd: time.phase
# - 
#   name: geom_model_gaussian1_phase_error
#   datatype: float32
#   description: "Uncertainty of \\texttt{geomModelGaussian1Phase}"
#   meta:
#     ucd: stat.error;time.phase
# - 
#   name: geom_model_gaussian1_sigma
#   datatype: float32
#   description: "Standard deviation [phase] of Gaussian 1 component"
#   meta:
#     ucd: stat.stdev
# - 
#   name: geom_model_gaussian1_sigma_error
#   datatype: float32
#   description: "Uncertainty of \\texttt{geomModelGaussian1Sigma}"
#   meta:
#     ucd: stat.error
# - 
#   name: geom_model_gaussian1_depth
#   datatype: float32
#   unit: mag
#   description: Magnitude depth of Gaussian 1 component
#   meta:
#     ucd: src.var.amplitude
# - 
#   name: geom_model_gaussian1_depth_error
#   datatype: float32
#   unit: mag
#   description: "Uncertainty of \\texttt{geomModelGaussian1Depth}"
#   meta:
#     ucd: stat.error;src.var.amplitude
# - 
#   name: geom_model_gaussian2_phase
#   datatype: float32
#   description: Phase of Gaussian 2 component
#   meta:
#     ucd: time.phase
# - 
#   name: geom_model_gaussian2_phase_error
#   datatype: float32
#   description: "Uncertainty of \\texttt{geomModelGaussian2Phase}"
#   meta:
#     ucd: stat.error;time.phase
# - 
#   name: geom_model_gaussian2_sigma
#   datatype: float32
[...]
#   datatype: float32
#   description: "Secondary eclipse: uncertainty of \\texttt{derivedSecondaryEclDuration}"
#   meta:
#     ucd: stat.error;time.duration
# - 
#   name: derived_secondary_ecl_depth
#   datatype: float32
#   unit: mag
#   description: "Secondary eclipse: depth"
#   meta:
#     ucd: src.var.amplitude
# - 
#   name: derived_secondary_ecl_depth_error
#   datatype: float32
#   unit: mag
#   description: "Secondary eclipse: uncertainty of \\texttt{derivedSecondaryEclDepth}"
#   meta:
#     ucd: stat.error;src.var.amplitude
solution_id,source_id,global_ranking,reference_time,frequency,frequency_error,geom_model_reference_level,geom_model_reference_level_error,geom_model_gaussian1_phase,geom_model_gaussian1_phase_error,geom_model_gaussian1_sigma,geom_model_gaussian1_sigma_error,geom_model_gaussian1_depth,geom_model_gaussian1_depth_error,geom_model_gaussian2_phase,geom_model_gaussian2_phase_error,geom_model_gaussian2_sigma,geom_model_gaussian2_sigma_error,geom_model_gaussian2_depth,geom_model_gaussian2_depth_error,geom_model_cosine_half_period_amplitude,geom_model_cosine_half_period_amplitude_error,geom_model_cosine_half_period_phase,geom_model_cosine_half_period_phase_error,model_type,num_model_parameters,reduced_chi2,derived_primary_ecl_phase,derived_primary_ecl_phase_error,derived_primary_ecl_duration,derived_primary_ecl_duration_error,derived_primary_ecl_depth,derived_primary_ecl_depth_error,derived_secondary_ecl_phase,derived_secondary_ecl_phase_error,derived_secondary_ecl_duration,derived_secondary_ecl_duration_error,derived_secondary_ecl_depth,derived_secondary_ecl_depth_error
[from data line 141]
375316653866487564,5878462433132683008,0.58119476,2254.7954199061624,3.5279475354140115,7.1925742E-6,18.02539,0.012847918,0.2752416,0.0015600291,0.054856744,0.0045875977,0.35066697,0.028227566,0.7795741,0.0019784202,0.047399145,0.004168875,0.2056561,0.030502856,0.09494859,0.017588615,0.2752416,0.0015600291,"TWOGAUSSIANS_WITH_ELLIPSOIDAL_ON_ECLIPSE1",9,8.433981,0.2752416,0.0015600291,0.30719775,0.025690546,0.54055285,0.018204452,0.7795741,0.0019784202,0.26543522,0.023345701,0.3954013,0.010690219
375316653866487564,5878463463924849792,0.49381244,2252.174136650536,0.7661376361045552,4.96163E-6,18.784864,0.004155506,0.29320174,9.96225E-4,0.0193586,7.7558315E-4,0.2989732,0.0072820233,0.79355043,3.8694392E-4,0.014540115,4.8081143E-4,0.7255496,0.0674741,null,null,null,null,"TWOGAUSSIANS",8,6.5151124,0.79355043,3.8694392E-4,0.081424646,0.002692544,0.7255496,0.0674741,0.29320174,9.96225E-4,0.10840815,0.0043432657,0.2989732,0.0072820233
375316653866487564,5878464361567456768,0.5546806,2236.5855008831895,3.3636170585414007,1.3099949E-5,18.662731,0.005865693,0.21812932,0.0045417785,0.06807235,0.005263149,0.32714605,0.018278481,0.72072905,0.0030996844,0.07557344,0.003986719,0.36732635,0.010498477,null,null,null,null,"TWOGAUSSIANS",8,2.8401902,0.72072905,0.0030996844,0.4,0.0,0.36580116,0.0105358,0.21812932,0.0045417785,0.38120517,0.029473633,0.32562083,0.018617807
375316653866487564,5878464464646689408,0.5342707,2205.225853981943,3.5437480405003647,1.3631992E-5,19.684332,0.0077139298,0.2506702,0.0050274464,0.06849109,0.004204501,0.6489904,0.07340714,0.7466882,0.0031249386,0.06575541,0.0028989753,0.5604792,0.019541932,null,null,null,null,"TWOGAUSSIANS",8,3.1261168,0.2506702,0.0050274464,0.38355008,0.023545206,0.6479392,0.073703535,0.7466882,0.0031249386,0.3682303,0.016234262,0.55942804,0.019581487
375316653866487564,5878465117512129536,0.64750314,2233.3617903065997,1.3091274236163404,3.1565683E-6,12.786587,0.0051685483,0.20315766,8.3057233E-4,0.047271874,0.0012128612,0.4944287,0.014905452,0.70105636,0.0038386583,0.04399999,0.0085743265,0.053346068,0.014119448,0.032855533,0.0059427884,0.20315766,8.3057233E-4,"TWOGAUSSIANS_WITH_ELLIPSOIDAL_ON_ECLIPSE1",9,140.196,0.20315766,8.3057233E-4,0.2647225,0.0067920224,0.56013924,0.0114477,0.70138633,0.003375728,0.24639994,0.04801623,0.11904698,0.009273422
375316653866487564,5878465564188740480,0.48179543,2208.147599852145,1.8234763909056069,1.901127E-5,19.164618,0.21597178,0.24555483,0.012685729,0.12321627,0.0768026,0.2702667,0.18741484,0.71501726,0.010009281,0.119802274,0.03208908,0.4487439,0.18551719,null,null,null,null,"TWOGAUSSIANS",8,4.9081693,0.71501726,0.010009281,0.4,0.0,0.38552848,0.022764046,0.24588484,0.0124521535,0.4,0.0,0.20706894,0.0420797
375316653866487564,5878465632908232064,0.40412673,2237.4221333302266,1.237994506202573,3.717848E-5,16.640453,0.006789766,0.20735317,0.0070770285,0.033618234,0.008525581,0.08425345,0.024840117,0.7174316,0.009501145,0.06632515,0.009936814,0.2485555,0.057756934,null,null,null,null,"TWOGAUSSIANS",8,27.902615,0.7174316,0.009501145,0.37142086,0.053844616,0.24855478,0.05775817,0.20735317,0.0070770285,0.1882621,0.047743253,0.08425274,0.024840664
375316653866487564,5878465976475468288,0.5128393,2226.271153194667,1.6335489874467062,1.0311666E-5,18.809666,0.004940535,0.21541789,0.0065229954,0.031188296,0.00507888,0.38595095,0.020730421,0.71705824,0.0024596245,0.024650635,0.0016934219,0.27450025,0.01672777,null,null,null,null,"TWOGAUSSIANS",8,5.1646376,0.21541789,0.0065229954,0.17465445,0.028441729,0.38595095,0.020730421,0.71705824,0.0024596245,0.13804357,0.009483162,0.27450025,0.01672777
375316653866487564,5878466285713387008,0.58990806,2246.427202674713,3.1833883960317997,6.885327E-6,17.794918,0.025000943,0.21500759,0.0026928466,0.051091705,0.011131889,0.21247822,0.050970327,0.71841556,0.028394187,0.05158347,0.02254233,0.27126172,0.0810256,0.10607821,0.028979208,0.21500759,0.0026928466,"TWOGAUSSIANS_WITH_ELLIPSOIDAL_ON_ECLIPSE1",9,6.777255,0.71841556,0.0263544,0.2888674,0.12623705,0.48331654,0.040919486,0.21500759,0.0026928466,0.28611353,0.06233858,0.4246303,0.011772515
375316653866487564,5878466487576145280,0.51969874,2237.054385179268,0.08751195387546074,1.5112297E-5,12.4524145,0.0026363493,0.26985306,0.003906883,0.09365335,0.0071101515,0.047490902,0.0028642453,0.75077367,0.012002086,0.09803527,0.013226555,0.043950733,0.004362274,null,null,null,null,"TWOGAUSSIANS",8,35.37093,0.26985306,0.003905548,0.4,0.0,0.04515835,0.002312802,0.75077367,0.012002086,0.4,0.0,0.041617982,0.0040562637
375316653866487564,5878466560621500672,0.50424117,2252.625546799793,0.9444691137273595,1.3044586E-5,14.972184,8.1599876E-4,0.24014051,0.014961913,0.022170756,0.019427521,0.005866538,0.07096577,0.6694169,0.001679198,0.027653722,0.0017657862,0.07548563,0.0033526279,null,null,null,null,"TWOGAUSSIANS",8,11.965307,0.6694169,0.001679198,0.15486084,0.009888403,0.07548563,0.0033526279,0.24014051,0.014961913,0.12415623,0.108794115,0.005866538,0.07096577
375316653866487564,5878466594950777088,0.54244757,2234.923933991453,1.9443731997251485,1.0388579E-5,17.488327,0.015353342,0.16620786,0.0037118862,0.04482591,0.005474064,0.51893806,0.040728882,0.66062033,0.00419114,0.042881597,0.0041276873,0.5603264,0.05020915,0.05983256,0.026880868,0.16620786,0.0037118862,"TWOGAUSSIANS_WITH_ELLIPSOIDAL_ON_ECLIPSE1",9,57.035633,0.6607903,0.0040695244,0.24013695,0.02311505,0.67984813,0.032589428,0.16620786,0.0037118862,0.25102508,0.03065476,0.63860285,0.021636097
375316653866487564,5878466831174476544,0.5029799,2248.191608207068,0.29744522831996056,2.1789023E-5,17.414442,0.001340549,0.65858656,9.672186E-5,0.013864164,1.708744E-4,0.23851645,0.0012070435,null,null,null,null,null,null,null,null,null,null,"ONEGAUSSIAN",5,5.3781424,0.65858656,9.672186E-5,0.07763932,9.5689663E-4,0.23851645,0.0,null,null,null,null,null,null
375316653866487564,5878466899898653696,0.4486691,2243.916907379528,0.35872682814980716,4.0547326E-5,18.32996,0.008974884,0.18002841,0.01786758,0.033481292,0.010694666,0.41724777,0.06931027,0.6824712,0.011117931,0.006906668,0.011014017,0.43544152,0.36628968,null,null,null,null,"TWOGAUSSIANS",8,25.741655,0.6824712,0.011117931,0.038677342,0.061678495,0.43544152,0.36628968,0.18002841,0.01786758,0.18749523,0.05989013,0.41724777,0.06931027
375316653866487564,5878466938548189824,0.4692746,2212.975760369725,0.9999421998170331,3.0968535E-5,19.286364,0.011101741,0.20448339,0.039375003,0.05392246,0.02429821,0.23964888,0.050012056,0.71022797,0.0039460566,0.045606207,0.004987929,0.4306005,0.055041272,null,null,null,null,"TWOGAUSSIANS",8,8.564211,0.71022797,0.0039460566,0.25539476,0.027932402,0.43059897,0.05504235,0.20448339,0.039375003,0.30196577,0.13606997,0.23964734,0.050014976
375316653866487564,5878467209136295168,0.4909894,2236.2056023624727,0.3438563536432263,1.964573E-5,18.762447,0.016060228,0.17729267,0.006463094,0.015573191,0.0036131542,0.6324214,0.13329965,0.66245633,0.0067795473,0.027705343,0.0043419516,0.74257463,0.17454387,null,null,null,null,"TWOGAUSSIANS",8,28.8668,0.66245633,0.0067795473,0.15514992,0.024314929,0.74257463,0.17454387,0.17729267,0.006463094,0.08720987,0.020233663,0.6324214,0.13329965
375316653866487564,5878467419585041664,0.52006453,2247.772346738135,0.8903562658994715,7.257552E-6,18.925262,0.0049589705,0.3154702,8.162075E-4,0.032118287,6.0986413E-4,0.5512049,0.008285007,0.81863433,0.005284631,0.031787116,0.005624961,0.23964928,0.017798036,null,null,null,null,"TWOGAUSSIANS",8,3.224597,0.3154702,8.162075E-4,0.1798624,0.003415239,0.5512049,0.008285007,0.81863433,0.005284631,0.17800784,0.03149978,0.23964928,0.017798036
375316653866487564,5878467660103069440,0.42570603,2226.028893932334,1.404938745240675,2.3260673E-6,18.924906,0.0038282936,0.87517864,0.0013199876,0.011364781,0.0025962791,0.25832868,0.09655149,null,null,null,null,null,null,0.026812257,0.005221503,0.87517864,0.0013199876,"ONEGAUSSIAN_WITH_ELLIPSOIDAL",6,4.872409,0.87517864,0.0013199876,0.06364278,0.014539163,0.3119532,0.098272175,null,null,null,null,null,null
375316653866487564,5878467728852374272,0.64689624,2241.647620629947,0.5034278590646606,2.4155845E-6,15.888144,7.47558E-4,0.24657166,0.0010201493,0.023492081,7.326243E-4,0.30299616,0.010087281,0.74623686,9.20147E-4,0.023417428,5.334711E-4,0.2956546,0.0060970127,0.0070551536,0.0010669348,0.24657166,0.0010201493,"TWOGAUSSIANS_WITH_ELLIPSOIDAL_ON_ECLIPSE1",9,3.4539142,0.24657166,0.0010201493,0.13155566,0.004102696,0.31710646,0.009747647,0.74623686,9.20147E-4,0.1311376,0.0029874383,0.30976483,0.0056662764
375316653866487564,5878467763182313344,0.5088941,2219.177039561327,1.7873974820532703,1.5366248E-5,18.929329,0.004101121,0.18926866,0.006021997,0.050291434,0.005946074,0.20700596,0.025797045,0.68991786,0.001884259,0.046870593,0.0025031616,0.6013923,0.048227645,null,null,null,null,"TWOGAUSSIANS",8,3.912867,0.68991786,0.001884259,0.2624753,0.014017704,0.60139114,0.048228554,0.18926866,0.006021997,0.28163204,0.033298016,0.20700479,0.025797905
375316653866487564,5878467900621426432,0.49256146,2227.899076636111,0.7911786579510051,1.4446683E-5,18.68801,0.008316864,0.32753196,2.633077E-4,0.013581998,8.664233E-4,0.55899084,0.01979303,0.53612584,0.07063419,0.15857036,0.07494724,0.038470082,0.009699362,null,null,null,null,"TWOGAUSSIANS",8,5.282063,0.327572,2.583677E-4,0.076059185,0.0048519704,0.57465464,0.028085608,0.53612584,0.07063419,0.4,0.0,0.037936542,0.009220883
375316653866487564,5878467900651123200,0.59437996,2243.152678220661,1.657108903339547,4.1575995E-6,15.603512,0.004860612,0.28750387,9.719925E-4,0.05178578,0.005295609,0.09007664,0.0110439025,0.7795362,0.0063415007,0.04355076,0.019439243,0.06672003,0.020379668,0.073539674,0.007082649,0.28750387,9.719925E-4,"TWOGAUSSIANS_WITH_ELLIPSOIDAL_ON_ECLIPSE1",9,15.170928,0.28750387,9.719925E-4,0.29000035,0.02965541,0.23715518,0.0049536186,0.7815162,0.0039978875,0.24388425,0.10885976,0.21352158,0.029031897
375316653866487564,5878468068129916288,0.553945,2253.4582933913066,2.9698340596561943,4.7897493E-6,18.499527,0.008317805,0.23912755,0.0015413503,0.042543624,0.0045425785,0.24612099,0.041213058,0.734537,0.001694331,0.05036593,0.0030376168,0.30562457,0.019165168,0.12206134,0.010905129,0.23912755,0.0015413503,"TWOGAUSSIANS_WITH_ELLIPSOIDAL_ON_ECLIPSE1",9,4.312281,0.735167,0.0013639401,0.2820492,0.017010655,0.54957116,0.013282136,0.23912755,0.0015413503,0.2382443,0.02543844,0.4902426,0.04260526
375316653866487564,5878468141169287424,0.62404186,2255.601530874263,1.8999444724638257,3.0151066E-6,15.463697,0.0032123125,0.28989893,9.883519E-4,0.09532319,0.0016043171,0.25824186,0.0034337714,0.7903791,0.0016688877,0.08873074,0.0031934069,0.17186683,0.0036232152,null,null,null,null,"TWOGAUSSIANS",8,8.358995,0.28989893,9.883519E-4,0.4,0.0,0.24774717,0.002436124,0.7903791,0.0016688877,0.4,0.0,0.16137266,0.0037219992
375316653866487564,5878468308642468096,0.5086507,2217.726257377927,0.39960705766381655,6.1580795E-5,13.966568,0.0027654634,0.13736078,0.0014380704,0.01159526,0.009159588,0.73705363,0.44360378,0.6962847,0.01843051,0.027651004,0.01526999,0.23142776,1.0348297,0.007398459,0.0049900156,0.6962847,0.01843051,"TWOGAUSSIANS_WITH_ELLIPSOIDAL_ON_ECLIPSE2",9,52.645657,0.13737078,0.0014768486,0.06493346,0.051293693,0.7499137,0.44905937,0.6962847,0.01843051,0.15484563,0.085511945,0.24622466,1.0364084
375316653866487564,5878469171961402496,0.54891247,2251.764091260154,0.31609216361764064,2.7511218E-5,13.98365,0.0036268448,0.06620542,0.025263341,0.0068446333,0.008124129,0.14075902,8.022776,0.5703369,0.0021857948,0.031231375,0.0024917498,0.70702755,0.02184559,0.015080896,0.005306969,0.5703369,0.0021857948,"TWOGAUSSIANS_WITH_ELLIPSOIDAL_ON_ECLIPSE2",9,508.0701,0.5703369,0.0021857948,0.1748957,0.013953798,0.73718935,0.0231919,0.06620542,0.025037933,0.038329948,0.045495123,0.1709005,8.02078
375316653866487564,5878469240680884224,0.5326391,2259.674611698799,0.2564124471712744,2.4701085E-5,15.074715,0.0021058198,0.31417012,0.0041125305,0.026654933,0.0035393585,0.1867803,0.013164918,0.763928,0.011642145,0.028449679,0.013562309,0.082138285,0.024264505,0.0054035084,0.0031587721,0.763928,0.011642145,"TWOGAUSSIANS_WITH_ELLIPSOIDAL_ON_ECLIPSE2",9,26.543882,0.31402013,0.004093422,0.14926761,0.019820407,0.1965487,0.01159705,0.763928,0.011642145,0.15931821,0.075948924,0.09294529,0.024184136
375316653866487564,5878469515529249664,0.5176606,2246.282375968584,0.8043305568905682,1.2324356E-5,19.029852,0.0051031653,0.2747784,0.011806682,0.021535339,0.015645517,0.15654565,0.15256177,0.7692188,0.0010292638,0.021478524,0.0012715209,0.42753392,0.026606156,null,null,null,null,"TWOGAUSSIANS",8,3.9329705,0.7692188,0.0010292638,0.12027974,0.0071205166,0.42753392,0.026606156,0.2747784,0.011806682,0.1205979,0.087614894,0.15654565,0.15256177
375316653866487564,5878469515559020288,0.47967002,2251.025266370029,0.3956495389044779,1.0006472E-5,18.901928,0.005264699,0.30911136,0.0015625947,0.046089273,0.0025273836,0.3401416,0.012866601,0.8109517,0.031408858,0.040732186,0.027002523,0.115303345,0.488597,null,null,null,null,"TWOGAUSSIANS",8,4.6546674,0.30911136,0.0015625947,0.2580999,0.014153348,0.34014156,0.012866546,0.8109517,0.031408858,0.22810024,0.15121412,0.11530332,0.488597
375316653866487564,5878469820470893568,0.5467654,2250.346066557286,0.891833608815988,6.776522E-6,17.608257,0.0065776836,0.17336379,0.008908645,0.02042639,0.0047046253,0.35891628,0.122912526,0.67275035,0.0018387823,0.021602066,0.002538824,0.42777735,0.022996454,0.009672043,0.012604738,0.17336379,0.008908645,"TWOGAUSSIANS_WITH_ELLIPSOIDAL_ON_ECLIPSE1",9,19.020777,0.67275035,0.0018387823,0.120971575,0.014217414,0.44712114,0.026506284,0.17336379,0.008908645,0.11438779,0.026345903,0.37826034,0.119458176
375316653866487564,5878469824796487552,0.57914644,2257.0051381047615,0.9994435891602292,8.230777E-6,16.61291,0.004776839,0.27786812,0.0015025763,0.09028368,0.0037763123,0.18910597,0.005366592,0.7745391,0.0021913443,0.09566547,0.0034142025,0.24758826,0.0064258343,null,null,null,null,"TWOGAUSSIANS",8,7.7221437,0.7745391,0.0021913443,0.4,0.0,0.23646091,0.005800445,0.27786812,0.0015025763,0.4,0.0,0.17797913,0.005328606
375316653866487564,5878470511991333376,0.54472685,2279.4599365328127,1.8232507084290255,4.558648E-6,17.44058,0.007868091,0.20651822,0.003391874,0.10214899,0.008147184,0.11557659,0.0074155196,0.7180124,0.001833286,0.09312111,0.005425217,0.17557617,0.006731005,null,null,null,null,"TWOGAUSSIANS",8,2.2762065,0.7180124,0.001833286,0.4,0.0,0.16650504,0.0050226706,0.20651822,0.003391874,0.4,0.0,0.10650404,0.0046206573
375316653866487564,5878470821233531904,0.47097373,2233.718360422262,0.7617765822433371,2.116598E-5,18.284342,0.01994381,0.21216714,0.004100509,0.09252916,0.012947645,0.15946643,0.018206244,0.7075764,0.007133072,0.110800885,0.016925888,0.14445587,0.01856714,null,null,null,null,"TWOGAUSSIANS",8,4.7927957,0.21216714,0.0041087708,0.4,0.0,0.14565973,0.01059121,0.7075764,0.007133072,0.4,0.0,0.1306382,0.010328559
375316653866487564,5878471233545841280,0.69273025,2254.5812905620905,0.2656827097192299,1.586428E-6,16.045204,0.0011877837,0.38659605,2.0163505E-4,0.010597916,3.460334E-4,0.5939407,0.016463397,0.88598156,3.2766527E-4,0.010869309,3.704592E-4,0.59240454,0.08939818,null,null,null,null,"TWOGAUSSIANS",8,3.960717,0.38659605,2.0163505E-4,0.05934833,0.001937787,0.5939407,0.016463397,0.88598156,3.2766527E-4,0.060868133,0.0020745716,0.59240454,0.08939818
375316653866487564,5878472161258816000,0.56283915,2226.2074697441617,3.4197183311905186,1.4478538E-5,17.94141,0.008989933,0.26792178,0.0026546118,0.0915686,0.0048708776,0.28603417,0.009438869,0.7655196,0.0038713287,0.09358584,0.0072917347,0.22413297,0.008536179,null,null,null,null,"TWOGAUSSIANS",8,4.5146847,0.26792178,0.0026546118,0.4,0.0,0.2733137,0.0076075345,0.7655196,0.0038713287,0.4,0.0,0.21141243,0.008148218
