Gaia/vari_eclipsing_binary/VariEclipsingBinary_514101-514251.csv
# %ECSV 1.0
# ---
# delimiter: ','
# meta: !!omap
# - RELEASE: Gaia DR3
# - TABLE: vari_eclipsing_binary
# - DESCRIPTION: >
#     This table describes the properties of the eclipsing binaries resulting from the variability analysis. 
# - CITATION: >
#     How to cite and acknowledge Gaia: 
#     https://gea.esac.esa.int/archive/documentation/credits.html 
# - KNOWN_ISSUES: >
#     Known issues: 
#     https://www.cosmos.esa.int/web/gaia-users/known-issues 
# - DOCUMENTATION: >
#     Tutorials and documentation: 
#     https://www.cosmos.esa.int/web/gaia-users/archive 
# datatype:
# - 
#   name: solution_id
#   datatype: int64
#   description: Solution Identifier
#   meta:
#     ucd: meta.version
# - 
#   name: source_id
#   datatype: int64
#   description: Unique source identifier
#   meta:
#     ucd: meta.id;meta.main
# - 
#   name: global_ranking
#   datatype: float32
#   description: Number between 0 (worst) and 1 (best)
#   meta:
#     ucd: stat.param
# - 
#   name: reference_time
#   datatype: float64
#   unit: d
#   description: Reference time used for the geometric model fit
#   meta:
#     ucd: time.epoch
# - 
#   name: frequency
#   datatype: float64
#   unit: d**-1
#   description: Frequency of geometric model of the eclipsing binary light curve
#   meta:
#     ucd: src.orbital
# - 
#   name: frequency_error
#   datatype: float32
#   unit: d**-1
#   description: "Uncertainty of \\texttt{frequency}"
#   meta:
#     ucd: stat.error
# - 
#   name: geom_model_reference_level
#   datatype: float32
#   unit: mag
#   description: Magnitude reference level of geometric model
#   meta:
#     ucd: phot.mag;em.opt
# - 
#   name: geom_model_reference_level_error
#   datatype: float32
#   unit: mag
#   description: "Uncertainty of \\texttt{geomModelReferenceLevel}"
#   meta:
#     ucd: stat.error;phot.mag;em.opt
# - 
#   name: geom_model_gaussian1_phase
#   datatype: float32
#   description: Phase of the Gaussian 1 component
#   meta:
#     ucd: time.phase
# - 
#   name: geom_model_gaussian1_phase_error
#   datatype: float32
#   description: "Uncertainty of \\texttt{geomModelGaussian1Phase}"
#   meta:
#     ucd: stat.error;time.phase
# - 
#   name: geom_model_gaussian1_sigma
#   datatype: float32
#   description: "Standard deviation [phase] of Gaussian 1 component"
#   meta:
#     ucd: stat.stdev
# - 
#   name: geom_model_gaussian1_sigma_error
#   datatype: float32
#   description: "Uncertainty of \\texttt{geomModelGaussian1Sigma}"
#   meta:
#     ucd: stat.error
# - 
#   name: geom_model_gaussian1_depth
#   datatype: float32
#   unit: mag
#   description: Magnitude depth of Gaussian 1 component
#   meta:
#     ucd: src.var.amplitude
# - 
#   name: geom_model_gaussian1_depth_error
#   datatype: float32
#   unit: mag
#   description: "Uncertainty of \\texttt{geomModelGaussian1Depth}"
#   meta:
#     ucd: stat.error;src.var.amplitude
# - 
#   name: geom_model_gaussian2_phase
#   datatype: float32
#   description: Phase of Gaussian 2 component
#   meta:
#     ucd: time.phase
# - 
#   name: geom_model_gaussian2_phase_error
#   datatype: float32
#   description: "Uncertainty of \\texttt{geomModelGaussian2Phase}"
#   meta:
#     ucd: stat.error;time.phase
# - 
#   name: geom_model_gaussian2_sigma
#   datatype: float32
[...]
#   datatype: float32
#   description: "Secondary eclipse: uncertainty of \\texttt{derivedSecondaryEclDuration}"
#   meta:
#     ucd: stat.error;time.duration
# - 
#   name: derived_secondary_ecl_depth
#   datatype: float32
#   unit: mag
#   description: "Secondary eclipse: depth"
#   meta:
#     ucd: src.var.amplitude
# - 
#   name: derived_secondary_ecl_depth_error
#   datatype: float32
#   unit: mag
#   description: "Secondary eclipse: uncertainty of \\texttt{derivedSecondaryEclDepth}"
#   meta:
#     ucd: stat.error;src.var.amplitude
solution_id,source_id,global_ranking,reference_time,frequency,frequency_error,geom_model_reference_level,geom_model_reference_level_error,geom_model_gaussian1_phase,geom_model_gaussian1_phase_error,geom_model_gaussian1_sigma,geom_model_gaussian1_sigma_error,geom_model_gaussian1_depth,geom_model_gaussian1_depth_error,geom_model_gaussian2_phase,geom_model_gaussian2_phase_error,geom_model_gaussian2_sigma,geom_model_gaussian2_sigma_error,geom_model_gaussian2_depth,geom_model_gaussian2_depth_error,geom_model_cosine_half_period_amplitude,geom_model_cosine_half_period_amplitude_error,geom_model_cosine_half_period_phase,geom_model_cosine_half_period_phase_error,model_type,num_model_parameters,reduced_chi2,derived_primary_ecl_phase,derived_primary_ecl_phase_error,derived_primary_ecl_duration,derived_primary_ecl_duration_error,derived_primary_ecl_depth,derived_primary_ecl_depth_error,derived_secondary_ecl_phase,derived_secondary_ecl_phase_error,derived_secondary_ecl_duration,derived_secondary_ecl_duration_error,derived_secondary_ecl_depth,derived_secondary_ecl_depth_error
375316653866487564,4522081013388235776,0.6485059,2195.6799305081227,3.3779093703921093,4.8146117E-6,17.582165,0.007127922,0.12628429,0.0014394323,0.040762518,0.0017318807,0.7011786,0.018125713,0.6269766,0.0021378435,0.03679856,0.003650411,0.53498006,0.034220602,0.1442371,0.012747466,0.12628429,0.0014394323,"TWOGAUSSIANS_WITH_ELLIPSOIDAL_ON_ECLIPSE1",9,14.430972,0.12628429,0.0014394323,0.2282701,0.0096985325,0.98965275,0.01366912,0.6269766,0.0020664525,0.20607193,0.020442301,0.8234487,0.0339952
375316653866487564,4522081666223306368,0.5013927,2270.281211939871,3.190500530156223,1.4281437E-5,16.65847,0.0075686593,0.30079696,0.006020323,0.11669689,0.00791698,0.10868601,0.008454067,0.767109,0.005209771,0.09272744,0.010652968,0.097235255,0.0075139175,null,null,null,null,"TWOGAUSSIANS",8,7.5187836,0.30079696,0.006024335,0.4,0.0,0.10069474,0.004827682,0.767109,0.005209771,0.4,0.0,0.08928385,0.0070787794
375316653866487564,4522082314754397568,0.58070433,2272.217246471171,3.7867544632429584,7.0680326E-6,18.12745,0.012132491,0.24455228,0.002704662,0.053046655,0.00463613,0.24922173,0.026712265,0.7452459,0.0026523464,0.05121455,0.0043372177,0.28769863,0.023950696,0.07555561,0.013646063,0.24455228,0.002704662,"TWOGAUSSIANS_WITH_ELLIPSOIDAL_ON_ECLIPSE1",9,4.4213347,0.7452459,0.00248229,0.2868015,0.024288418,0.43880138,0.010510231,0.24455228,0.002704662,0.29706126,0.025962327,0.40032735,0.010388265
375316653866487564,4522083242467342976,0.46100512,2223.6829731721564,3.1605938493621872,2.6812235E-5,18.35082,0.006177226,0.15414186,0.005696049,0.052336782,0.009658117,0.112344205,0.011617201,0.67474306,0.006560791,0.08297255,0.0084617715,0.15143105,0.010885541,null,null,null,null,"TWOGAUSSIANS",8,4.744487,0.67474306,0.006560791,0.4,0.0,0.15127058,0.010896088,0.15414186,0.005696049,0.293086,0.054085456,0.11218374,0.011762842
375316653866487564,4522087640513951872,0.47543243,2283.968873922552,1.1911478314196056,1.9428762E-5,18.448263,0.0021064973,0.71158165,0.004875309,0.05552491,0.023031246,0.008266456,0.007734652,null,null,null,null,null,null,0.04131827,0.0031812256,0.71158165,0.004875309,"ONEGAUSSIAN_WITH_ELLIPSOIDAL",6,1.9518585,0.71158165,0.004875309,0.3109395,0.12266443,0.090902634,0.0061634816,null,null,null,null,null,null
375316653866487564,4522089839538167040,0.4964069,2317.881177443628,4.187145814953842,1.3066932E-5,17.9763,0.00280702,0.225609,0.004096796,0.05963475,0.024796065,0.02382386,0.008833514,null,null,null,null,null,null,0.064576,0.004458405,0.225609,0.004096796,"ONEGAUSSIAN_WITH_ELLIPSOIDAL",6,6.0818257,0.225609,0.004096796,0.33395457,0.13885796,0.1529721,0.008538313,null,null,null,null,null,null
375316653866487564,4522090531035734272,0.5754256,2341.2421300018686,3.399535158890043,3.894673E-6,14.0126295,0.0071884557,0.26455593,0.0013847229,0.08185189,0.002389197,0.5067603,0.01248289,0.7733878,0.001751376,0.0777949,0.0028371306,0.43317983,0.01104786,null,null,null,null,"TWOGAUSSIANS",8,391.89993,0.26455593,0.0013847229,0.4,0.0,0.500918,0.012601042,0.7733878,0.001751376,0.4,0.0,0.4273375,0.011060766
375316653866487564,4522092592620372992,0.5513326,2341.7210661777417,3.6505307681220804,9.130534E-6,18.179626,0.011940979,0.26132104,0.0019241344,0.05330267,0.0062452415,0.21427472,0.02831963,0.7657449,0.0031076865,0.05117384,0.00680206,0.1398828,0.030796437,0.09076452,0.018706433,0.26132104,0.0019241344,"TWOGAUSSIANS_WITH_ELLIPSOIDAL_ON_ECLIPSE1",9,6.1760736,0.26132104,0.0019241344,0.29849496,0.034973353,0.39579937,0.011386905,0.7657449,0.0031076865,0.2865735,0.038091537,0.32126725,0.012565648
375316653866487564,4522093447310796160,0.5194122,2321.3988175836434,2.509649136906939,1.744098E-5,19.16451,0.011868977,0.1708576,0.006283961,0.066070564,0.010206458,0.22369234,0.014201752,0.6406584,0.0029915387,0.07669379,0.0035090141,0.5641502,0.021067522,null,null,null,null,"TWOGAUSSIANS",8,5.218478,0.6406584,0.0029915387,0.4,0.0,0.5634125,0.020847164,0.1708576,0.006283961,0.36999518,0.057156168,0.22295465,0.014031808
375316653866487564,4522095543255214336,0.4944076,2383.747487004272,0.6062158992521695,3.2326832E-5,18.858215,0.0043430305,0.1124024,7.9876844E-7,0.0039299037,2.552081E-5,5.056677,0.11067813,0.5946045,0.008465558,0.014818257,0.0047062114,0.53190756,0.066881105,null,null,null,null,"TWOGAUSSIANS",8,7.366421,0.1124024,7.9876844E-7,0.02200746,1.4291654E-4,5.056677,0.11067813,0.5946045,0.008465558,0.082982235,0.026354784,0.53190756,0.066881105
375316653866487564,4522098635631695488,0.45715132,2294.097976261457,0.97634517487763,1.9064675E-5,18.505526,0.028932089,0.14229165,0.0059875,0.10922374,0.016469676,0.21193552,0.026065556,0.6222636,0.008446371,0.10376308,0.018443054,0.20251533,0.027136363,null,null,null,null,"TWOGAUSSIANS",8,9.578699,0.14230165,0.005982259,0.4,0.0,0.19090442,0.014293368,0.6222636,0.008446371,0.4,0.0,0.18149507,0.016383395
375316653866487564,4522101251267871360,0.4506754,2333.316764339979,1.3651477453887433,4.079646E-6,19.929235,0.007379441,0.09638836,0.0053491285,0.016367678,0.006765654,0.12824315,0.123863764,0.5933291,0.0088402,0.024228944,0.0035719094,0.41790053,0.09960608,null,null,null,null,"TWOGAUSSIANS",8,4.047809,0.5933291,0.0088402,0.13568209,0.020002693,0.41790053,0.09960608,0.09638836,0.0053491285,0.091658995,0.037887663,0.12824315,0.123863764
375316653866487564,4522103549074681472,0.5696997,2363.4709872948524,1.9414693769233158,3.793644E-6,18.815248,0.0039080963,0.21509244,0.0011933073,0.0387314,0.0012693745,0.53660965,0.016934013,0.7135243,0.0023540875,0.035833616,0.0027321079,0.80104005,0.049021967,null,null,null,null,"TWOGAUSSIANS",8,3.8687127,0.7135243,0.0023540875,0.20066826,0.015299804,0.80104005,0.04902197,0.21509244,0.0011933073,0.21689585,0.0071084974,0.53660965,0.016934013
375316653866487564,4522109562031061376,0.4930828,2344.111280935996,1.611150130569853,1.5061493E-5,18.180038,0.0054268986,0.14221004,0.010094838,0.011932825,0.013689194,0.21609068,0.24778982,0.6350603,0.0012411472,0.028279468,0.0016017983,0.674906,0.061371163,0.016204938,0.009046175,0.14221004,0.010094838,"TWOGAUSSIANS_WITH_ELLIPSOIDAL_ON_ECLIPSE1",9,14.140531,0.63508034,0.0012404959,0.15836503,0.008970071,0.70725065,0.06308798,0.14221004,0.010094838,0.06682382,0.076659486,0.24850051,0.25136375
375316653866487564,4522110902059802368,0.4966369,2338.7224867401715,4.182242903354995,1.600812E-5,19.691341,0.01049944,0.25837418,0.004473839,0.07540444,0.005482715,0.39843398,0.012669816,0.75295514,0.006603474,0.08156097,0.0077825296,0.33695537,0.020832116,null,null,null,null,"TWOGAUSSIANS",8,1.960402,0.25837418,0.004473839,0.4,0.0,0.39434588,0.012110517,0.75295514,0.006603474,0.4,0.0,0.33286726,0.02134761
375316653866487564,4522114406754262656,0.5060393,2354.071102497802,3.2028275395375116,8.6050195E-6,19.071348,0.0036280865,0.31083506,0.0022578144,0.055053465,0.0023244633,0.21407954,0.005234283,0.80433184,0.0026721668,0.043015428,0.0038581828,0.30262697,0.06765819,null,null,null,null,"TWOGAUSSIANS",8,1.7717643,0.80433184,0.0026721668,0.2408864,0.021605823,0.30262616,0.06765873,0.31083506,0.0022578144,0.3082994,0.013016994,0.21407874,0.005234179
375316653866487564,4522116300840066048,0.5321462,2355.896231138548,2.8811954811599025,6.5782015E-6,18.11388,0.011914197,0.22417715,0.0020212764,0.087046966,0.0036960877,0.48362666,0.02101982,0.7295674,0.0020614406,0.08522984,0.003569326,0.4494966,0.011736492,null,null,null,null,"TWOGAUSSIANS",8,9.721527,0.22417715,0.0020212764,0.4,0.0,0.47100815,0.021312773,0.7295674,0.0020614406,0.4,0.0,0.43687811,0.010290447
375316653866487564,4522118190625968768,0.52955383,2355.717045520111,2.6817384570735725,1.1534085E-5,17.896667,0.009825183,0.26106724,0.0023555432,0.09555131,0.0075684735,0.15024178,0.008628568,0.7525217,0.00524789,0.09330151,0.009560172,0.19816783,0.007402875,null,null,null,null,"TWOGAUSSIANS",8,3.0026577,0.7525217,0.00524789,0.4,0.0,0.18900971,0.0060437103,0.26106724,0.0023555432,0.4,0.0,0.14108354,0.005449264
375316653866487564,4522118602942834816,0.45557597,2351.660893281589,1.6034546842602648,1.824877E-5,18.864857,0.012003373,0.36182606,0.0028420368,0.042004377,0.004225355,0.20163748,0.018660285,0.85635334,0.005463875,0.042445708,0.0042735585,0.20469376,0.015238314,null,null,null,null,"TWOGAUSSIANS",8,9.864157,0.85635334,0.005463875,0.23769596,0.023931928,0.20469375,0.015238285,0.36182606,0.0028420368,0.23522452,0.023661988,0.20163748,0.018660264
375316653866487564,4522120557147917696,0.42176205,2367.602512296535,0.21674844577281105,4.7386577E-5,18.112795,0.26894674,0.21024562,0.013377912,0.15301141,0.049390834,0.23919633,0.20241643,0.70553994,0.01256764,0.22483104,0.12228474,0.29152352,0.26525065,null,null,null,null,"TWOGAUSSIANS",8,6.322658,0.70553994,0.01256764,0.4,0.0,0.07685433,0.00595631,0.21307562,0.0143094435,0.4,0.0,0.07143536,0.008210911
375316653866487564,4522122107635919488,0.6076667,2351.681869728963,0.14730528339493154,3.438514E-5,17.419498,9.57332E-4,0.6017821,0.0028225528,0.013292469,0.001888542,0.48423308,0.07325087,null,null,null,null,null,null,null,null,null,null,"ONEGAUSSIAN",5,1.3795334,0.6017821,0.0028225528,0.07443783,0.010575836,0.48423308,0.0,null,null,null,null,null,null
375316653866487564,4522124645956287232,0.5272535,2347.5626485002094,2.908750812954732,7.779912E-6,18.28281,0.011932249,0.32370466,0.0031985214,0.08888555,0.004759182,0.25180086,0.0142839495,0.8197139,0.0025057124,0.092840545,0.0072947806,0.2509823,0.010724619,null,null,null,null,"TWOGAUSSIANS",8,3.4502056,0.32370466,0.0031985214,0.4,0.0,0.24105954,0.0118538635,0.8197139,0.0025057124,0.4,0.0,0.2402408,0.0107505005
375316653866487564,4522125131288228480,0.5004646,2321.8521560032427,3.5730172688621926,9.8235105E-6,19.713156,0.012503447,0.24820593,0.0037263026,0.08547924,0.0050879465,0.34237382,0.015045252,0.7347249,0.0042907814,0.08545356,0.006552495,0.34929812,0.015724573,null,null,null,null,"TWOGAUSSIANS",8,1.4526787,0.7347249,0.0042907814,0.4,0.0,0.34170616,0.015426127,0.24820593,0.0037263026,0.4,0.0,0.33478186,0.013381457
375316653866487564,4522129662481287680,0.49381074,2311.022625592831,3.955464229916562,1.558305E-5,19.442654,0.011146336,0.27230927,0.0038342937,0.085075565,0.0070831943,0.221854,0.012977894,0.77822083,0.0055160043,0.08594293,0.007328145,0.22374178,0.013309828,null,null,null,null,"TWOGAUSSIANS",8,1.7679414,0.77822083,0.0055160043,0.4,0.0,0.21813498,0.01139894,0.27230927,0.0038342937,0.4,0.0,0.2162472,0.011904296
375316653866487564,4522135988966258560,0.40660658,2410.4005905451268,1.256303218060539,8.3830026E-5,18.908113,0.011587233,0.32576624,0.0017479317,0.018879987,0.0033978317,0.36553982,0.04725034,0.7615492,0.032281164,0.028969035,0.01736641,0.066116035,0.04777658,null,null,null,null,"TWOGAUSSIANS",8,9.779977,0.32576624,0.0017479317,0.105727926,0.019027857,0.36553982,0.04725034,0.7615492,0.032281164,0.1622266,0.09725189,0.066116035,0.04777658
375316653866487564,4522141692687074176,0.59933245,2326.427132995233,3.2489143079583447,6.0020056E-6,18.255177,0.008686322,0.24772118,0.0010232651,0.05094757,0.004335593,0.38523751,0.020567684,0.746697,0.002689468,0.046743203,0.004724667,0.22614716,0.022357369,0.12182556,0.01162583,0.24772118,0.0010232651,"TWOGAUSSIANS_WITH_ELLIPSOIDAL_ON_ECLIPSE1",9,4.1730695,0.24772118,0.0010232651,0.2853064,0.024279322,0.6288857,0.025270492,0.746857,0.002237241,0.26176193,0.026458135,0.46978682,0.016960712
375316653866487564,4522144815120349696,0.523467,2348.1647104633557,4.16404002241702,1.1815004E-5,19.672499,0.008097878,0.23522252,0.0030691891,0.06760107,0.004582308,0.4244154,0.017881503,0.74337584,0.005181258,0.06192695,0.00540532,0.39337617,0.02242114,null,null,null,null,"TWOGAUSSIANS",8,1.8562846,0.23522252,0.0030691891,0.378566,0.025660926,0.42404336,0.01795226,0.74337584,0.005181258,0.34679094,0.030269792,0.39300412,0.022466673
375316653866487564,4522146846647962624,0.533551,2362.982204221653,3.235891427011,1.1659344E-5,15.0772705,0.019956864,0.24315757,0.0028610216,0.111388706,0.009397251,0.20987368,0.018325537,0.72576886,0.0022559427,0.116576925,0.009911994,0.23358151,0.01718654,null,null,null,null,"TWOGAUSSIANS",8,62.28179,0.72576886,0.0022559427,0.4,0.0,0.1998696,0.00524183,0.24322757,0.0028758235,0.4,0.0,0.17619656,0.0064272634
375316653866487564,4522147220302155264,0.51635665,2352.5474993398007,2.435212609598683,9.03524E-6,18.56931,0.088716194,0.22734454,0.0040521803,0.12666087,0.02414952,0.27338588,0.08462108,0.7398684,0.0027702046,0.13312542,0.025991678,0.2637994,0.085166566,null,null,null,null,"TWOGAUSSIANS",8,1.6281229,0.22708455,0.0038128651,0.4,0.0,0.1972359,0.00781717,0.7400484,0.0025997525,0.4,0.0,0.18740848,0.00795931
375316653866487564,4522151893226782208,0.652386,2364.8811335947767,0.3610542141911167,1.7392772E-6,15.618204,0.0014617689,0.0781371,4.9939007E-4,0.019034738,4.978275E-4,0.38451245,0.00824169,0.5775806,0.006786507,0.01862781,0.007978781,0.6865644,0.035068844,null,null,null,null,"TWOGAUSSIANS",8,13.892683,0.5775806,0.006786507,0.104315735,0.044681173,0.6865644,0.035068844,0.0781371,4.9939007E-4,0.10659453,0.002787834,0.38451245,0.00824169
375316653866487564,4522160246945949824,0.4569327,2354.0851360797883,1.6577914105068694,7.0578662E-6,18.16031,0.004139876,0.348376,0.001273709,0.020533746,0.001629255,0.35505897,0.024617845,0.8488743,0.0034554496,0.017154796,0.0024170356,0.13892755,0.017209746,null,null,null,null,"TWOGAUSSIANS",8,13.51149,0.348376,0.001273709,0.11498898,0.009123828,0.35505897,0.024617845,0.8488743,0.0034554496,0.096066855,0.0135354,0.13892755,0.017209746
375316653866487564,4522160998557547264,0.5596821,2346.9578307693555,3.1950475764092356,4.192269E-6,18.235498,0.023956817,0.22697689,0.001874552,0.10438694,0.007518521,0.38017222,0.017689789,0.72612065,0.0016285586,0.11696054,0.007883887,0.3238627,0.022616703,null,null,null,null,"TWOGAUSSIANS",8,2.376479,0.22697689,0.0018819919,0.4,0.0,0.32644644,0.016884824,0.72612065,0.0016285586,0.4,0.0,0.27007517,0.0056957114
375316653866487564,4522165194748759552,0.5594301,2328.6652175886816,4.052159531069496,8.331497E-6,19.171173,0.012364514,0.20919095,0.0017030918,0.06794114,0.0031884199,0.41887757,0.0123458095,0.71530557,0.00551717,0.07208698,0.007064347,0.4843702,0.025059657,null,null,null,null,"TWOGAUSSIANS",8,2.2095535,0.71530557,0.00551717,0.4,0.023533488,0.4830559,0.025314784,0.20919095,0.0017030918,0.38047037,0.01785515,0.41756326,0.0117213
375316653866487564,4522168493283420032,0.43840995,2363.6146638031773,0.8580512037794656,3.8129067E-5,12.395866,0.24250138,0.21806818,0.013261017,0.15985622,0.066055335,0.16828442,0.21925202,0.7032268,0.013187564,0.16471109,0.059639577,0.23244755,0.2191808,null,null,null,null,"TWOGAUSSIANS",8,953.5773,0.7032268,0.013187564,0.4,0.0,0.12317065,0.012610116,0.2221382,0.011306526,0.4,0.0,0.061219975,0.009771195
375316653866487564,4522168935657502848,0.5033076,2385.61719638912,2.7714473452025854,1.6592097E-5,18.616503,0.014562246,0.25614554,0.0026697847,0.090445735,0.005579097,0.32912868,0.013468375,0.75175077,0.0043369643,0.09008536,0.007908303,0.3417143,0.021749476,null,null,null,null,"TWOGAUSSIANS",8,6.2528625,0.75175077,0.0043369643,0.4,0.0,0.32818013,0.023413496,0.25614554,0.0026697847,0.4,0.0,0.3155945,0.009405597
375316653866487564,4522169554132773120,0.57763934,2373.69806184795,3.794327477800382,7.867845E-6,19.573172,0.005556027,0.1998595,0.0030538617,0.062255636,0.0033861166,0.61036354,0.019475171,0.70244086,0.002417392,0.066521905,0.0023552252,0.6467939,0.029107204,null,null,null,null,"TWOGAUSSIANS",8,1.3919065,0.70244086,0.002417392,0.37252268,0.013189261,0.64617425,0.029225934,0.1998595,0.0030538617,0.34863156,0.018962253,0.6097439,0.019603148
375316653866487564,4522169798953495808,0.5501941,2352.355039611885,3.1247257987228236,7.4197324E-6,18.45695,0.00502776,0.22169329,0.002012405,0.07700428,0.0024602276,0.46703088,0.015551923,0.7163651,0.00283858,0.07988667,0.0034484288,0.4514668,0.02188555,null,null,null,null,"TWOGAUSSIANS",8,4.694638,0.22169329,0.002012405,0.4,0.0,0.46190122,0.015888209,0.7163651,0.00283858,0.4,0.0,0.44633716,0.022427171
