Gaia/vari_eclipsing_binary/VariEclipsingBinary_326720-327760.csv
# %ECSV 1.0
# ---
# delimiter: ','
# meta: !!omap
# - RELEASE: Gaia DR3
# - TABLE: vari_eclipsing_binary
# - DESCRIPTION: >
#     This table describes the properties of the eclipsing binaries resulting from the variability analysis. 
# - CITATION: >
#     How to cite and acknowledge Gaia: 
#     https://gea.esac.esa.int/archive/documentation/credits.html 
# - KNOWN_ISSUES: >
#     Known issues: 
#     https://www.cosmos.esa.int/web/gaia-users/known-issues 
# - DOCUMENTATION: >
#     Tutorials and documentation: 
#     https://www.cosmos.esa.int/web/gaia-users/archive 
# datatype:
# - 
#   name: solution_id
#   datatype: int64
#   description: Solution Identifier
#   meta:
#     ucd: meta.version
# - 
#   name: source_id
#   datatype: int64
#   description: Unique source identifier
#   meta:
#     ucd: meta.id;meta.main
# - 
#   name: global_ranking
#   datatype: float32
#   description: Number between 0 (worst) and 1 (best)
#   meta:
#     ucd: stat.param
# - 
#   name: reference_time
#   datatype: float64
#   unit: d
#   description: Reference time used for the geometric model fit
#   meta:
#     ucd: time.epoch
# - 
#   name: frequency
#   datatype: float64
#   unit: d**-1
#   description: Frequency of geometric model of the eclipsing binary light curve
#   meta:
#     ucd: src.orbital
# - 
#   name: frequency_error
#   datatype: float32
#   unit: d**-1
#   description: "Uncertainty of \\texttt{frequency}"
#   meta:
#     ucd: stat.error
# - 
#   name: geom_model_reference_level
#   datatype: float32
#   unit: mag
#   description: Magnitude reference level of geometric model
#   meta:
#     ucd: phot.mag;em.opt
# - 
#   name: geom_model_reference_level_error
#   datatype: float32
#   unit: mag
#   description: "Uncertainty of \\texttt{geomModelReferenceLevel}"
#   meta:
#     ucd: stat.error;phot.mag;em.opt
# - 
#   name: geom_model_gaussian1_phase
#   datatype: float32
#   description: Phase of the Gaussian 1 component
#   meta:
#     ucd: time.phase
# - 
#   name: geom_model_gaussian1_phase_error
#   datatype: float32
#   description: "Uncertainty of \\texttt{geomModelGaussian1Phase}"
#   meta:
#     ucd: stat.error;time.phase
# - 
#   name: geom_model_gaussian1_sigma
#   datatype: float32
#   description: "Standard deviation [phase] of Gaussian 1 component"
#   meta:
#     ucd: stat.stdev
# - 
#   name: geom_model_gaussian1_sigma_error
#   datatype: float32
#   description: "Uncertainty of \\texttt{geomModelGaussian1Sigma}"
#   meta:
#     ucd: stat.error
# - 
#   name: geom_model_gaussian1_depth
#   datatype: float32
#   unit: mag
#   description: Magnitude depth of Gaussian 1 component
#   meta:
#     ucd: src.var.amplitude
# - 
#   name: geom_model_gaussian1_depth_error
#   datatype: float32
#   unit: mag
#   description: "Uncertainty of \\texttt{geomModelGaussian1Depth}"
#   meta:
#     ucd: stat.error;src.var.amplitude
# - 
#   name: geom_model_gaussian2_phase
#   datatype: float32
#   description: Phase of Gaussian 2 component
#   meta:
#     ucd: time.phase
# - 
#   name: geom_model_gaussian2_phase_error
#   datatype: float32
#   description: "Uncertainty of \\texttt{geomModelGaussian2Phase}"
#   meta:
#     ucd: stat.error;time.phase
# - 
#   name: geom_model_gaussian2_sigma
#   datatype: float32
[...]
#   datatype: float32
#   description: "Secondary eclipse: uncertainty of \\texttt{derivedSecondaryEclDuration}"
#   meta:
#     ucd: stat.error;time.duration
# - 
#   name: derived_secondary_ecl_depth
#   datatype: float32
#   unit: mag
#   description: "Secondary eclipse: depth"
#   meta:
#     ucd: src.var.amplitude
# - 
#   name: derived_secondary_ecl_depth_error
#   datatype: float32
#   unit: mag
#   description: "Secondary eclipse: uncertainty of \\texttt{derivedSecondaryEclDepth}"
#   meta:
#     ucd: stat.error;src.var.amplitude
solution_id,source_id,global_ranking,reference_time,frequency,frequency_error,geom_model_reference_level,geom_model_reference_level_error,geom_model_gaussian1_phase,geom_model_gaussian1_phase_error,geom_model_gaussian1_sigma,geom_model_gaussian1_sigma_error,geom_model_gaussian1_depth,geom_model_gaussian1_depth_error,geom_model_gaussian2_phase,geom_model_gaussian2_phase_error,geom_model_gaussian2_sigma,geom_model_gaussian2_sigma_error,geom_model_gaussian2_depth,geom_model_gaussian2_depth_error,geom_model_cosine_half_period_amplitude,geom_model_cosine_half_period_amplitude_error,geom_model_cosine_half_period_phase,geom_model_cosine_half_period_phase_error,model_type,num_model_parameters,reduced_chi2,derived_primary_ecl_phase,derived_primary_ecl_phase_error,derived_primary_ecl_duration,derived_primary_ecl_duration_error,derived_primary_ecl_depth,derived_primary_ecl_depth_error,derived_secondary_ecl_phase,derived_secondary_ecl_phase_error,derived_secondary_ecl_duration,derived_secondary_ecl_duration_error,derived_secondary_ecl_depth,derived_secondary_ecl_depth_error
[from data line 142]
375316653866487564,2876719071378670720,0.51810646,2131.295158204027,2.0419027020378127,8.272319E-5,16.6806,0.00573249,0.24205993,0.010225129,0.049359713,0.008854428,0.14523152,0.018012248,0.7149341,0.0011170601,0.0044787065,0.0023956732,0.65120596,0.2546564,0.007011754,0.00956653,0.7149341,0.0011170601,"TWOGAUSSIANS_WITH_ELLIPSOIDAL_ON_ECLIPSE2",9,96.84487,0.7149341,0.0011170601,0.025080755,0.013415771,0.66522944,0.25792322,0.24156992,0.00998037,0.2764144,0.0495848,0.15885872,0.017276455
375316653866487564,2876727283356028032,0.65729815,2165.122580620825,0.23605402588222513,1.1217776E-6,14.732043,0.0010884665,0.2911937,0.15733998,0.15846509,0.11024744,0.004404988,0.0018697145,0.7111681,5.063172E-4,0.009246311,5.278497E-4,0.4943165,0.03325795,null,null,null,null,"TWOGAUSSIANS",8,13.405197,0.7111681,5.063172E-4,0.05177934,0.0029559585,0.49439266,0.03324576,0.2911937,0.15733998,0.4,0.081170924,0.004344296,0.0018596753
375316653866487564,2876730203933881216,0.55584157,2157.2213327627233,3.1717458846504387,7.5556964E-6,16.001377,0.09593451,0.1961023,0.003242672,0.06633669,0.020066842,0.3041289,0.18252864,0.6845323,0.0063185734,0.070985116,0.015572945,0.34089252,0.18327656,0.071760006,0.093637705,0.1961023,0.003242672,"TWOGAUSSIANS_WITH_ELLIPSOIDAL_ON_ECLIPSE1",9,104.90591,0.6861923,0.0039771735,0.39751667,0.044325188,0.48312932,0.023992429,0.1961023,0.003242672,0.37148544,0.0882799,0.4470146,0.018919352
375316653866487564,2876732265518073984,0.56936836,2163.0768712218,2.5263496200941677,5.6506206E-6,13.823054,0.019955738,0.25809836,0.0030138297,0.0929257,0.0085171,0.20777103,0.019359691,0.7493073,0.0026253127,0.095100135,0.010272669,0.22227845,0.017049555,null,null,null,null,"TWOGAUSSIANS",8,135.28731,0.7493073,0.0026253127,0.4,0.0,0.21122709,0.008494491,0.25809836,0.0030138297,0.4,0.0,0.19671993,0.011152017
375316653866487564,2876745730240051968,0.49970758,2123.7400481624877,0.19946535141118393,3.9958726E-5,19.483025,0.005239126,0.22396752,0.024294926,0.024094991,0.023846578,0.32064185,618327.0,0.8779318,3.2667146E-4,0.0055220644,2.8008377E-4,0.47279286,0.02299828,null,null,null,null,"TWOGAUSSIANS",8,2.8471034,0.8779318,3.2667146E-4,0.03092356,0.0015684691,0.47279286,0.02299828,0.22396752,0.024294926,0.13493195,0.13354084,0.32064185,618327.0
375316653866487564,2876752159806488320,0.47465035,2133.414313744452,0.4626065542072597,2.617801E-5,15.065908,4.7035902E-4,0.1937842,0.015688585,0.034419898,0.013111378,0.00620585,0.0011599327,0.77131885,0.0012605042,0.008884392,0.0013840939,0.039897256,0.024492055,null,null,null,null,"TWOGAUSSIANS",8,3.1873317,0.77131885,0.0012605042,0.049752593,0.0077509256,0.039897256,0.024492055,0.1937842,0.015688585,0.19275142,0.07342372,0.00620585,0.0011599327
375316653866487564,2876781193783953664,0.44425508,2122.6555596794124,0.13440657034156187,7.026588E-5,18.65784,0.00589085,0.40093023,0.025057252,0.094607845,0.025445426,0.14948912,0.024711749,0.042424485,0.008225663,0.013970861,0.009236542,0.046155177,4.972227,null,null,null,null,"TWOGAUSSIANS",8,3.304592,0.40093023,0.025057252,0.4,0.0,0.14948885,0.024715805,0.042444482,0.008226059,0.078236826,0.051724635,0.046268854,4.972173
375316653866487564,2876806306458383104,0.49675843,2135.2114034416563,0.03711552513538666,2.834084E-5,18.89756,0.007072388,0.292267,0.007266451,0.10411017,0.008398919,0.20619552,0.017228762,0.86921924,0.036188297,0.042332735,0.011383683,0.026044447,0.0091134,null,null,null,null,"TWOGAUSSIANS",8,1.8009742,0.292267,0.007266451,0.4,0.0,0.20610818,0.017227093,0.8693592,0.0366393,0.2370633,0.06374863,0.026010875,0.0089381
375316653866487564,2876827197178844928,0.439968,2197.8119672002504,2.1765001225771194,1.4092581E-4,18.879871,0.02376705,0.2666827,0.01850079,0.02624015,0.021765511,0.30672705,96.05594,0.7752844,0.05368687,0.044459738,0.06964903,0.10804147,0.023221996,null,null,null,null,"TWOGAUSSIANS",8,10.505093,0.2666827,0.01850079,0.14694484,0.121886864,0.30672705,96.05594,0.7752844,0.05368687,0.24897453,0.17395568,0.10804147,0.023188284
375316653866487564,2876830564433235456,0.60949653,2179.247976366738,4.206325667100971,6.25164E-6,18.586977,0.012203159,0.2633765,0.001860796,0.050616734,0.004286642,0.3643049,0.035734072,0.7632362,0.0021011638,0.05448728,0.0028855198,0.49063015,0.031091662,0.09937745,0.018402716,0.2633765,0.001860796,"TWOGAUSSIANS_WITH_ELLIPSOIDAL_ON_ECLIPSE1",9,3.613705,0.76324624,0.0019692287,0.30512878,0.01615891,0.68936944,0.01645157,0.2633765,0.001860796,0.2834537,0.024005197,0.56304437,0.030275468
375316653866487564,2876862007890128896,0.5998648,2106.3730698501486,3.284834679705536,3.7505704E-6,14.22065,0.008396695,0.20863183,0.0012847192,0.0504003,0.0035836564,0.24179944,0.019042486,0.7170192,0.0023935281,0.05835556,0.0037098806,0.2340164,0.0201099,0.08754849,0.011373021,0.20863183,0.0012847192,"TWOGAUSSIANS_WITH_ELLIPSOIDAL_ON_ECLIPSE1",9,151.78061,0.20863183,0.0012847192,0.28224167,0.020068476,0.4168823,0.006632655,0.7170192,0.0023935281,0.32679114,0.020775331,0.40861344,0.010165151
375316653866487564,2876871216299974528,0.66267484,2124.091690710577,3.7779627838697682,3.0658039E-6,16.681808,0.0051993807,0.21094304,6.934529E-4,0.043374293,0.0020454982,0.3588906,0.012494999,0.709341,8.3587394E-4,0.04109083,0.0018704906,0.29792166,0.010129204,0.11908166,0.0066707996,0.21094304,6.934529E-4,"TWOGAUSSIANS_WITH_ELLIPSOIDAL_ON_ECLIPSE1",9,8.897719,0.21094304,6.934529E-4,0.24289604,0.01145479,0.5970539,0.012568346,0.709491,7.473386E-4,0.23010865,0.010474748,0.53606313,0.006079457
375316653866487564,2876875403892195072,0.60959125,2145.290701654052,4.628309694439953,2.7859087E-6,18.986378,0.008642665,0.18546955,8.3916006E-4,0.041773163,0.002754157,0.5382784,0.038744744,0.6874317,0.004433342,0.04290393,0.0035649054,0.43530965,0.045146324,0.1474864,0.012339207,0.18546955,8.3916006E-4,"TWOGAUSSIANS_WITH_ELLIPSOIDAL_ON_ECLIPSE1",9,2.2620106,0.18546955,8.3916006E-4,0.23392971,0.015423278,0.8332512,0.045898255,0.6874317,0.004433342,0.240262,0.019963471,0.7302376,0.046369236
375316653866487564,2876917666369727616,0.58750373,2154.792588370867,2.227536419948776,1.0969934E-5,12.201267,0.0023757676,0.25097215,0.0025948798,0.063973844,0.001880142,0.32743445,0.008016688,0.91364807,0.013391372,0.007380504,0.008852386,0.039449405,52.017715,0.0022038352,0.003892543,0.91364807,0.013391372,"TWOGAUSSIANS_WITH_ELLIPSOIDAL_ON_ECLIPSE2",9,202.14214,0.25128216,0.0023576613,0.3582535,0.010528795,0.32863724,0.008525811,0.91364807,0.013391372,0.041330826,0.049573362,0.043857377,52.018044
375316653866487564,2876938522731675008,0.54035187,2149.208553397621,2.9832085599363047,9.716078E-6,18.123028,0.009270293,0.2614588,0.004841737,0.087249875,0.006045766,0.27451822,0.014112657,0.7471779,0.0031442735,0.089898676,0.005399044,0.33190778,0.01316731,null,null,null,null,"TWOGAUSSIANS",8,6.1024666,0.7471779,0.0031442735,0.4,0.0,0.322973,0.013202983,0.2614588,0.004841737,0.4,0.0,0.2655836,0.013632751
375316653866487564,2876984912673942016,0.588193,2150.250838954004,2.5361189388532424,8.9487285E-6,12.98281,0.0078103812,0.28039,0.002248053,0.088387474,0.0033490635,0.29486042,0.008138907,0.7740801,0.0038143278,0.089479215,0.005394435,0.3385614,0.009877938,null,null,null,null,"TWOGAUSSIANS",8,206.94858,0.7740801,0.0038143278,0.4,0.0,0.32756692,0.009322309,0.28039,0.002248053,0.4,0.0,0.283866,0.0056910818
375316653866487564,2877014148515320064,0.5865865,2209.4259709780445,4.361425303341318,5.433305E-6,19.170301,0.010490903,0.3204884,0.002970106,0.045147188,0.00831563,0.2826157,0.06771701,0.82187414,0.002265858,0.047939967,0.0034954764,0.3200524,0.028244166,0.13384575,0.019520106,0.3204884,0.002970106,"TWOGAUSSIANS_WITH_ELLIPSOIDAL_ON_ECLIPSE1",9,2.6588256,0.82187414,0.0021943378,0.26846382,0.019574668,0.5877231,0.015786307,0.3204884,0.002970106,0.25282425,0.046567533,0.5503067,0.07525315
375316653866487564,2877022875889128960,0.46810058,2154.1071290242558,1.6848879371421843,1.9581366E-5,19.597515,0.007568853,0.17405303,0.0031531632,0.026853265,0.0024648032,0.2664553,0.018535746,0.6776533,0.01756009,0.03085767,0.02799032,0.23410688,6.1600998E14,null,null,null,null,"TWOGAUSSIANS",8,3.0387206,0.17405303,0.0031531632,0.15037829,0.013802898,0.2664553,0.018535746,0.6776533,0.01756009,0.17280294,0.15674579,0.23410688,6.1600998E14
375316653866487564,2877022910248882048,0.5238982,2185.518603828678,1.0732851109375252,3.4165492E-5,18.256964,0.005414634,0.42682827,0.02825955,0.024630694,0.020447168,0.076963715,0.18535244,0.90400875,0.017175265,0.009897732,0.008357458,1.1744279,2.4564416,null,null,null,null,"TWOGAUSSIANS",8,2.8729897,0.90400875,0.017175265,0.055427298,0.046801765,1.1744279,2.4564416,0.42682827,0.02825955,0.13793188,0.11450414,0.076963715,0.18535244
375316653866487564,2877054456784948992,0.5952471,2139.4225733961666,2.0997531527517563,8.2773995E-6,16.569887,0.0025079567,0.22295022,0.002568437,0.069691606,0.0015447685,0.40222058,0.01350872,0.7221638,0.0023541965,0.09438311,0.0034511292,0.12944782,0.0039132275,null,null,null,null,"TWOGAUSSIANS",8,4.82327,0.22295022,0.002568437,0.390273,0.008650703,0.39840442,0.01356023,0.7221638,0.0023541965,0.4,0.0,0.12563147,0.0038965233
375316653866487564,2877078542960918272,0.470729,2154.5714743332474,1.2752441921800963,1.335098E-5,13.778907,0.0019761508,0.19466797,0.014839837,0.028472621,0.016672798,0.1420718,0.073412865,0.6651975,0.0017345225,0.014677071,0.0019864815,0.09396224,0.013672745,null,null,null,null,"TWOGAUSSIANS",8,23.630148,0.19466797,0.014839837,0.15944667,0.093367666,0.1420718,0.073412865,0.6651975,0.0017345225,0.082191594,0.011124297,0.09396224,0.013672745
375316653866487564,2877100185299988480,0.48140267,2179.6060946209673,0.03720237355951738,3.4314126E-5,18.277021,0.111420974,0.27277628,0.06666944,0.21526931,0.1921359,0.09122597,0.1055689,0.6640832,0.019696146,0.10418152,0.013770317,0.20058443,0.03247377,null,null,null,null,"TWOGAUSSIANS",8,5.436806,0.6640832,0.019696146,0.4,0.0,0.185495,0.011980179,0.27635625,0.07104441,0.4,0.0,0.057167087,0.013695436
375316653866487564,2877105236181481728,0.5191002,2118.575182150165,0.1268246323050191,9.981281E-7,12.295064,0.0012244185,0.2069166,1.0753182E-4,0.0077632046,8.6120745E-5,0.3282835,0.0027040157,null,null,null,null,null,null,null,null,null,null,"ONEGAUSSIAN",5,232.16087,0.2069166,1.0753182E-4,0.043473948,4.822762E-4,0.3282835,0.0,null,null,null,null,null,null
375316653866487564,2877136434824209024,0.44851863,2149.7237460113274,0.22597644626403757,5.1993065E-5,17.70067,0.011511157,0.3632549,0.053052135,0.12265572,0.043575577,0.0754128,0.019367266,0.6921703,0.019535942,0.032346275,0.030991577,0.32079333,0.17609493,null,null,null,null,"TWOGAUSSIANS",8,26.68825,0.6921703,0.019535942,0.18113914,0.17355283,0.32282573,0.17561683,0.3632549,0.053052135,0.4,0.0,0.07537539,0.019188026
375316653866487564,2877143001831009408,0.43724975,2181.1554541625364,3.8798609014736574,1.0774829E-4,12.932542,0.0029040794,0.33544865,0.013848721,0.04012141,0.009722044,0.07429304,0.0072687967,0.81579083,0.05720772,0.051230535,0.015845716,0.057311993,0.04392878,null,null,null,null,"TWOGAUSSIANS",8,19.623915,0.33544865,0.013848721,0.22467989,0.054443445,0.074293025,0.0072687953,0.81579083,0.05720772,0.286891,0.08873601,0.057311982,0.04392879
375316653866487564,2877154100024663168,0.48062432,2099.8518134519595,4.639088561402242,6.7823436E-5,13.501198,0.017675815,0.326046,0.048272237,0.054243274,0.024713302,0.52690625,0.09857134,0.7525307,0.023544284,0.08250601,0.020403715,0.50445044,0.116647325,null,null,null,null,"TWOGAUSSIANS",8,380.14807,0.326046,0.048272237,0.30376232,0.13839449,0.526755,0.09819225,0.7525307,0.023544284,0.4,0.0,0.5042984,0.11667292
375316653866487564,2877154649781748992,0.59059405,2163.836949458982,2.420224358672913,4.5865404E-6,12.839856,0.003955452,0.22040543,0.0014369353,0.09528017,0.0024545505,0.19365378,0.0041520726,0.72419685,0.0027116525,0.10038981,0.003836914,0.18216088,0.0051588328,null,null,null,null,"TWOGAUSSIANS",8,27.634357,0.22040543,0.0014369353,0.4,0.0,0.18001978,0.0028544036,0.72419685,0.0027116525,0.4,0.0,0.16852579,0.0040644477
375316653866487564,2877179457512758528,0.57620585,2140.9478813051096,3.431709800075632,8.229606E-6,16.193571,0.011966391,0.27909338,0.0017527502,0.09096026,0.003994623,0.34997302,0.012825614,0.7956608,0.0059655877,0.085803345,0.007927919,0.38057995,0.037860993,null,null,null,null,"TWOGAUSSIANS",8,24.554537,0.7956608,0.0059655877,0.4,0.0,0.37039602,0.041052397,0.27909338,0.0017527502,0.4,0.0,0.33978885,0.010460405
375316653866487564,2877204329666903680,0.5923571,2151.30782963522,0.6409828951918154,4.9052345E-5,13.742281,0.01031327,0.40498906,0.178481,0.19535589,0.28176856,0.005979338,0.11763712,0.5592523,0.005125046,0.01739876,0.0074842824,0.24382421,0.11130242,null,null,null,null,"TWOGAUSSIANS",8,34.309864,0.5592523,0.005125046,0.09743305,0.041911982,0.24775039,0.045826975,0.40498906,0.17993422,0.4,0.25187328,0.0055272784,0.25422558
375316653866487564,2877205051222206464,0.64686555,2162.117251268763,2.353420268998919,4.0507307E-6,15.122137,0.0044103228,0.19658928,0.0018738119,0.08746011,0.002912397,0.37950405,0.012308116,0.6968682,9.015447E-4,0.09201537,0.0030606706,0.34370396,0.008795891,null,null,null,null,"TWOGAUSSIANS",8,22.817411,0.19658928,0.0018738119,0.4,0.0,0.36469027,0.013662719,0.6968682,9.015447E-4,0.4,0.0,0.32889,0.010458123
375316653866487564,2877211858746022400,0.63714,2140.452939337755,4.130523216717803,2.5692589E-6,15.239282,0.007922024,0.21060413,8.357633E-4,0.047271837,0.003049399,0.40976483,0.026853178,0.70755386,0.0011964955,0.04869287,0.0037135968,0.37115765,0.023929369,0.13464618,0.011258107,0.21060413,8.357633E-4,"TWOGAUSSIANS_WITH_ELLIPSOIDAL_ON_ECLIPSE1",9,46.074753,0.21060413,8.357633E-4,0.2647223,0.017076634,0.67905563,0.03241148,0.7079139,0.0010606414,0.27268007,0.020796143,0.64036137,0.029987155
375316653866487564,2877229858952410112,0.47682843,2179.8126873515325,0.03722944672931949,2.3658831E-5,18.650818,0.0039710603,0.24580172,0.024546618,0.08091967,0.025325377,0.047480684,0.005571678,0.6213366,0.005034896,0.10154722,0.0065700244,0.14105925,0.0092622135,null,null,null,null,"TWOGAUSSIANS",8,1.7222918,0.6213366,0.005034896,0.4,0.0,0.14056948,0.009324502,0.24658172,0.025199968,0.4,0.0080591235,0.047143284,0.005559329
375316653866487564,2877276382041899008,0.57951826,2203.5838644565365,2.7606379838858413,5.2428554E-6,18.64587,0.010923975,0.16714193,0.00239653,0.08582705,0.004780761,0.30265072,0.010925583,0.6703225,7.3939067E-4,0.08464067,0.0031322292,0.33575937,0.011192331,null,null,null,null,"TWOGAUSSIANS",8,1.0419152,0.6703225,7.3939067E-4,0.4,0.0,0.3275885,0.009583159,0.16714193,0.00239653,0.4,0.0,0.29447985,0.009461226
375316653866487564,2877392208716778752,0.5647865,2260.292345947828,4.1301826578077625,9.926615E-6,17.577995,0.020029744,0.2114699,0.0042965407,0.10514514,0.010656778,0.237977,0.018304752,0.7208924,0.0039939242,0.10275001,0.009956178,0.23647161,0.01862952,null,null,null,null,"TWOGAUSSIANS",8,4.297814,0.2114699,0.004299774,0.4,0.0,0.21441162,0.008818228,0.7208924,0.0040029343,0.4,0.0,0.21290885,0.00814197
375316653866487564,2877394716977721088,0.49853992,2234.7042495603864,3.648792448582068,1.2091033E-5,17.912682,0.004194233,0.2197455,0.003061737,0.030655159,0.0032725185,0.13942976,0.010477749,0.71213573,0.0034837234,0.038429413,0.0047824183,0.12687276,0.011651832,0.028616985,0.0073733856,0.2197455,0.003061737,"TWOGAUSSIANS_WITH_ELLIPSOIDAL_ON_ECLIPSE1",9,6.650045,0.2197455,0.003061737,0.17166889,0.018326104,0.19666362,0.008086621,0.7125157,0.003285836,0.2152047,0.026781542,0.1839824,0.010866527
