Gaia/vari_eclipsing_binary/VariEclipsingBinary_020985-021233.csv
# %ECSV 1.0
# ---
# delimiter: ','
# meta: !!omap
# - RELEASE: Gaia DR3
# - TABLE: vari_eclipsing_binary
# - DESCRIPTION: >
#     This table describes the properties of the eclipsing binaries resulting from the variability analysis. 
# - CITATION: >
#     How to cite and acknowledge Gaia: 
#     https://gea.esac.esa.int/archive/documentation/credits.html 
# - KNOWN_ISSUES: >
#     Known issues: 
#     https://www.cosmos.esa.int/web/gaia-users/known-issues 
# - DOCUMENTATION: >
#     Tutorials and documentation: 
#     https://www.cosmos.esa.int/web/gaia-users/archive 
# datatype:
# - 
#   name: solution_id
#   datatype: int64
#   description: Solution Identifier
#   meta:
#     ucd: meta.version
# - 
#   name: source_id
#   datatype: int64
#   description: Unique source identifier
#   meta:
#     ucd: meta.id;meta.main
# - 
#   name: global_ranking
#   datatype: float32
#   description: Number between 0 (worst) and 1 (best)
#   meta:
#     ucd: stat.param
# - 
#   name: reference_time
#   datatype: float64
#   unit: d
#   description: Reference time used for the geometric model fit
#   meta:
#     ucd: time.epoch
# - 
#   name: frequency
#   datatype: float64
#   unit: d**-1
#   description: Frequency of geometric model of the eclipsing binary light curve
#   meta:
#     ucd: src.orbital
# - 
#   name: frequency_error
#   datatype: float32
#   unit: d**-1
#   description: "Uncertainty of \\texttt{frequency}"
#   meta:
#     ucd: stat.error
# - 
#   name: geom_model_reference_level
#   datatype: float32
#   unit: mag
#   description: Magnitude reference level of geometric model
#   meta:
#     ucd: phot.mag;em.opt
# - 
#   name: geom_model_reference_level_error
#   datatype: float32
#   unit: mag
#   description: "Uncertainty of \\texttt{geomModelReferenceLevel}"
#   meta:
#     ucd: stat.error;phot.mag;em.opt
# - 
#   name: geom_model_gaussian1_phase
#   datatype: float32
#   description: Phase of the Gaussian 1 component
#   meta:
#     ucd: time.phase
# - 
#   name: geom_model_gaussian1_phase_error
#   datatype: float32
#   description: "Uncertainty of \\texttt{geomModelGaussian1Phase}"
#   meta:
#     ucd: stat.error;time.phase
# - 
#   name: geom_model_gaussian1_sigma
#   datatype: float32
#   description: "Standard deviation [phase] of Gaussian 1 component"
#   meta:
#     ucd: stat.stdev
# - 
#   name: geom_model_gaussian1_sigma_error
#   datatype: float32
#   description: "Uncertainty of \\texttt{geomModelGaussian1Sigma}"
#   meta:
#     ucd: stat.error
# - 
#   name: geom_model_gaussian1_depth
#   datatype: float32
#   unit: mag
#   description: Magnitude depth of Gaussian 1 component
#   meta:
#     ucd: src.var.amplitude
# - 
#   name: geom_model_gaussian1_depth_error
#   datatype: float32
#   unit: mag
#   description: "Uncertainty of \\texttt{geomModelGaussian1Depth}"
#   meta:
#     ucd: stat.error;src.var.amplitude
# - 
#   name: geom_model_gaussian2_phase
#   datatype: float32
#   description: Phase of Gaussian 2 component
#   meta:
#     ucd: time.phase
# - 
#   name: geom_model_gaussian2_phase_error
#   datatype: float32
#   description: "Uncertainty of \\texttt{geomModelGaussian2Phase}"
#   meta:
#     ucd: stat.error;time.phase
# - 
#   name: geom_model_gaussian2_sigma
#   datatype: float32
[...]
#   datatype: float32
#   description: "Secondary eclipse: uncertainty of \\texttt{derivedSecondaryEclDuration}"
#   meta:
#     ucd: stat.error;time.duration
# - 
#   name: derived_secondary_ecl_depth
#   datatype: float32
#   unit: mag
#   description: "Secondary eclipse: depth"
#   meta:
#     ucd: src.var.amplitude
# - 
#   name: derived_secondary_ecl_depth_error
#   datatype: float32
#   unit: mag
#   description: "Secondary eclipse: uncertainty of \\texttt{derivedSecondaryEclDepth}"
#   meta:
#     ucd: stat.error;src.var.amplitude
solution_id,source_id,global_ranking,reference_time,frequency,frequency_error,geom_model_reference_level,geom_model_reference_level_error,geom_model_gaussian1_phase,geom_model_gaussian1_phase_error,geom_model_gaussian1_sigma,geom_model_gaussian1_sigma_error,geom_model_gaussian1_depth,geom_model_gaussian1_depth_error,geom_model_gaussian2_phase,geom_model_gaussian2_phase_error,geom_model_gaussian2_sigma,geom_model_gaussian2_sigma_error,geom_model_gaussian2_depth,geom_model_gaussian2_depth_error,geom_model_cosine_half_period_amplitude,geom_model_cosine_half_period_amplitude_error,geom_model_cosine_half_period_phase,geom_model_cosine_half_period_phase_error,model_type,num_model_parameters,reduced_chi2,derived_primary_ecl_phase,derived_primary_ecl_phase_error,derived_primary_ecl_duration,derived_primary_ecl_duration_error,derived_primary_ecl_depth,derived_primary_ecl_depth_error,derived_secondary_ecl_phase,derived_secondary_ecl_phase_error,derived_secondary_ecl_duration,derived_secondary_ecl_duration_error,derived_secondary_ecl_depth,derived_secondary_ecl_depth_error
[from data line 756]
375316653866487564,186492977551602688,0.58136016,2264.257574556968,2.491105972236977,9.6000695E-6,16.818037,0.007328307,0.20517199,0.0027154672,0.09779473,0.004988889,0.20237163,0.0073934733,0.6947754,0.001912329,0.103350796,0.007088685,0.1434987,0.006484181,null,null,null,null,"TWOGAUSSIANS",8,3.4650004,0.20517199,0.0027154672,0.4,0.0,0.18886632,0.0051492364,0.6947754,0.001912329,0.4,0.0,0.12999173,0.006280397
375316653866487564,186492981849264000,0.69211864,2280.8804208819056,0.2772733495477063,1.1711248E-5,15.352793,9.541806E-4,0.34545565,0.0016045616,0.019216185,0.0010201161,0.48681453,0.049201306,0.84509546,0.0033398443,0.019211631,0.0037694364,0.51152563,0.16068013,0.0030934205,0.0016990693,0.34545565,0.0016045616,"TWOGAUSSIANS_WITH_ELLIPSOIDAL_ON_ECLIPSE1",9,5.581993,0.84509546,0.0033398443,0.10758514,0.021108843,0.5177125,0.16219106,0.34545565,0.0016045616,0.107610635,0.0057126507,0.49300137,0.049827818
375316653866487564,186492981850868992,0.41826624,2315.937291698201,0.02247184563746894,4.186122E-5,18.533506,0.013474156,0.43630546,0.013778283,0.06764132,0.011862722,0.35151693,0.045511093,0.8774398,0.00533291,0.0364073,0.007003999,0.22701545,0.06987667,null,null,null,null,"TWOGAUSSIANS",8,9.074332,0.43630546,0.013778283,0.3787914,0.05100505,0.35151663,0.04551091,0.8774398,0.00533291,0.20388088,0.039222393,0.22701514,0.06987729
375316653866487564,186493875202459648,0.5491711,2254.648981565907,0.40494285837288174,1.551523E-5,14.099166,0.0031155804,0.2642499,0.0054341666,0.09534873,0.0065355757,0.14583361,0.008506533,0.7611516,0.0031759555,0.07043711,0.007497828,0.05536834,0.0028052442,null,null,null,null,"TWOGAUSSIANS",8,47.679893,0.2642499,0.0054341666,0.4,0.0,0.14393398,0.009423736,0.7611516,0.0031759555,0.39444783,0.032755148,0.053469036,0.0021696663
375316653866487564,186499299744815744,0.54799855,2259.5471300120066,4.140611333149015,1.2822708E-5,19.360392,0.007855567,0.2950536,0.0042952173,0.070814274,0.00432223,0.5001493,0.021245146,0.7997242,0.0018232013,0.064231664,0.0039513553,0.5396247,0.048223156,null,null,null,null,"TWOGAUSSIANS",8,2.7373738,0.7997242,0.0018232013,0.3596973,0.02212759,0.5386636,0.04860045,0.2950536,0.0042952173,0.39655992,0.016579919,0.4991882,0.021294469
375316653866487564,186501709222897024,0.4577488,2286.7800248800095,0.5686403587118555,1.0839062E-6,18.74344,0.007649831,0.22578286,0.024863372,0.01734021,0.018656002,0.23497248,131181.98,0.71849567,1.4648284E-6,0.004842733,6.5941036E-5,3.73202,0.16434558,null,null,null,null,"TWOGAUSSIANS",8,14.31962,0.71849567,1.4648284E-6,0.027119303,3.6926978E-4,3.73202,0.16434558,0.22578286,0.024863372,0.097105175,0.104473606,0.23497248,131181.98
375316653866487564,186503873886372864,0.62679106,2266.461081389063,0.5276825346760335,4.2786733E-6,15.370552,0.0014901696,0.31176803,8.2691835E-4,0.03805942,0.0014774771,0.23112029,0.010030154,0.81017226,9.1710506E-4,0.036749788,0.0012900833,0.24720024,0.005806406,0.029015671,0.0024472717,0.31176803,8.2691835E-4,"TWOGAUSSIANS_WITH_ELLIPSOIDAL_ON_ECLIPSE1",9,10.725423,0.81021225,8.946133E-4,0.2057988,0.007224466,0.3052258,0.006347299,0.31176803,8.2691835E-4,0.21313275,0.008273872,0.28915155,0.009804064
375316653866487564,186507893975663104,0.596752,2274.626729820792,1.2527279066058747,3.6251706E-6,13.568715,0.0013526054,0.22390004,8.6416217E-4,0.037193287,0.0012857473,0.09676013,0.004908802,0.72186464,0.0022934463,0.03355188,0.00217879,0.17621893,0.0034244999,0.00828824,0.0017783949,0.22390004,8.6416217E-4,"TWOGAUSSIANS_WITH_ELLIPSOIDAL_ON_ECLIPSE1",9,20.507746,0.7218846,0.0022724792,0.18789053,0.012201224,0.19279271,0.003964644,0.22390004,8.6416217E-4,0.20828241,0.007200185,0.11333661,0.004109553
375316653866487564,186509264069227008,0.6524272,2277.701931432816,0.4877413285594906,7.922422E-6,16.552847,0.0013070289,0.25381508,8.411903E-4,0.024768412,0.0011449688,0.41631788,0.016815104,0.7570352,3.1601597E-4,0.024698434,6.1347045E-4,0.37072995,0.0056554074,0.009080331,0.0021250017,0.25381508,8.411903E-4,"TWOGAUSSIANS_WITH_ELLIPSOIDAL_ON_ECLIPSE1",9,3.843064,0.25381508,8.411903E-4,0.13870311,0.0064118253,0.4344785,0.017237892,0.7570352,3.1601597E-4,0.13831124,0.0034354345,0.38888314,0.0048422283
375316653866487564,186509367148072832,0.58314085,2282.3544480579562,0.3631443574468063,1.3068841E-6,11.494876,0.00400196,0.4068111,2.1310341E-4,0.025293762,4.6802388E-4,0.22620793,7.1214174E-4,0.62752455,0.09396689,0.18955638,0.3720753,0.0021825898,0.08864568,null,null,null,null,"TWOGAUSSIANS",8,7.7215953,0.4068311,2.1025677E-4,0.14164507,0.0026209338,0.22718191,0.0021390426,0.62752455,0.09396689,0.4,0.5140701,0.0020479546,0.088977
375316653866487564,186512459522223360,0.47999704,2292.947694823766,2.5675357197377195,4.1774652E-5,17.058537,0.0020954206,0.3401603,0.0071329297,0.013699826,0.012560264,0.02182096,1.7260456,0.75603837,0.0055560614,0.06376137,0.0037094734,0.098269425,0.008600696,null,null,null,null,"TWOGAUSSIANS",8,5.7668653,0.75603837,0.0055560614,0.35706368,0.020773051,0.098269425,0.008600696,0.3401603,0.0071329297,0.07671902,0.07033748,0.02182096,1.7260456
375316653866487564,186514486747951360,0.63621867,2304.239471941973,1.763970788648661,5.7949924E-6,17.653345,0.006166761,0.2517374,7.4928027E-4,0.049417425,0.0025090366,0.28611314,0.014876901,0.75267065,0.0058554495,0.06265464,0.009317599,0.05176873,0.015290273,0.06466074,0.009609147,0.2517374,7.4928027E-4,"TWOGAUSSIANS_WITH_ELLIPSOIDAL_ON_ECLIPSE1",9,2.3947635,0.2517374,7.4928027E-4,0.2767376,0.014050605,0.41541675,0.013152262,0.75267065,0.004719047,0.35086596,0.052178558,0.1810679,0.005384403
375316653866487564,186515414460912256,0.59596676,2275.5524029086314,3.558582488007808,7.341088E-6,16.845552,0.011933397,0.27205163,0.001231803,0.06565114,0.0051691337,0.14501134,0.02571662,0.7665499,0.0022071984,0.061278544,0.007084308,0.16035976,0.021730041,0.08603916,0.013503525,0.27205163,0.001231803,"TWOGAUSSIANS_WITH_ELLIPSOIDAL_ON_ECLIPSE1",9,8.05395,0.7678799,0.0016619065,0.34315985,0.039672125,0.33215237,0.0133988615,0.27205163,0.001231803,0.3676464,0.028947148,0.31695992,0.0052161147
375316653866487564,186515723698566912,0.65248585,2281.659906879851,2.9273214397758434,3.002286E-6,17.908241,0.0070533524,0.29048535,9.899125E-4,0.045805212,0.0022095195,0.34958166,0.019614398,0.78828526,0.0014503158,0.049202465,0.0021937108,0.37440988,0.020159055,0.14816298,0.009410474,0.29048535,9.899125E-4,"TWOGAUSSIANS_WITH_ELLIPSOIDAL_ON_ECLIPSE1",9,3.1695642,0.7885753,0.0012025874,0.2755338,0.012284781,0.67068535,0.01706659,0.29048535,9.899125E-4,0.25650918,0.01237331,0.64590627,0.013521548
375316653866487564,186516032935128704,0.48939827,2305.3689827443804,0.5655535220023881,2.5614849E-5,13.321183,7.327795E-4,0.23865469,0.0031526613,0.025705228,0.0023256775,0.08126925,0.011015091,0.8204583,0.027471326,0.020592472,0.04145866,0.006313783,0.0066442504,0.009090922,0.0012472477,0.23865469,0.0031526613,"TWOGAUSSIANS_WITH_ELLIPSOIDAL_ON_ECLIPSE1",9,25.650318,0.23865469,0.0031526613,0.14394927,0.013023794,0.09945108,0.011572373,0.8204583,0.027471326,0.11531784,0.23216848,0.02010064,0.0063618263
375316653866487564,186516346471513216,0.59401214,2273.014982853761,0.8010265543824756,9.696034E-6,15.48983,8.0484216E-4,0.5100063,0.006009009,0.035957076,0.003443635,0.15579732,0.01191556,0.64034814,0.0049576117,0.015189956,0.0046733427,0.011051125,0.0026913849,null,null,null,null,"TWOGAUSSIANS",8,6.8498135,0.5100063,0.006009009,0.20135963,0.019284356,0.15579732,0.01191556,0.64034814,0.0049576117,0.085063756,0.02617072,0.01126951,0.0027045072
375316653866487564,186518751652959616,0.5786084,2277.9127080524468,0.7947630348496729,3.0785916E-6,15.611839,0.0022439263,0.37140733,9.534302E-4,0.024531594,0.0012227588,0.5563087,0.017010836,null,null,null,null,null,null,null,null,null,null,"ONEGAUSSIAN",5,57.619385,0.37140733,9.534302E-4,0.13737692,0.006847449,0.5563087,0.0,null,null,null,null,null,null
375316653866487564,186524107475047424,0.67083645,2297.6773110036843,0.5095567567833357,1.1697174E-6,15.919291,0.0013074604,0.24209313,5.0687446E-4,0.023544593,4.2743396E-4,0.39397147,0.0045739384,0.74283355,0.001461978,0.023430472,0.0015709285,0.40107,0.044099323,0.003974001,0.0018666437,0.24209313,5.0687446E-4,"TWOGAUSSIANS_WITH_ELLIPSOIDAL_ON_ECLIPSE1",9,5.8796573,0.74283355,0.001461978,0.13121064,0.008797199,0.4090178,0.04437541,0.24209313,5.0687446E-4,0.13184972,0.00239363,0.40191948,0.0027833704
375316653866487564,186525142564516864,0.5861796,2299.269554629858,2.6031232296551106,1.1348359E-5,14.349478,0.0071578785,0.2311276,0.0018656187,0.051427457,0.007713987,0.090378225,0.016376846,0.7385496,0.0035212922,0.050967164,0.0074072354,0.09294164,0.015725752,0.08625618,0.009178477,0.2311276,0.0018656187,"TWOGAUSSIANS_WITH_ELLIPSOIDAL_ON_ECLIPSE1",9,79.71812,0.7385496,0.0035212922,0.28541613,0.04148052,0.26507735,0.010219558,0.2311276,0.0018656187,0.28799376,0.04319833,0.26288882,0.0061407327
375316653866487564,186526512656785920,0.4905163,2277.290986270255,1.4151624584523594,3.451002E-5,16.951653,0.0042603146,0.1952021,0.015939161,0.033548217,0.008432808,0.03221224,0.02362568,0.6811009,0.0037065316,0.026861938,0.003536175,0.26150757,0.028287891,0.012326646,0.005933362,0.1952021,0.015939161,"TWOGAUSSIANS_WITH_ELLIPSOIDAL_ON_ECLIPSE1",9,27.852125,0.6811709,0.0036772534,0.15042685,0.01980258,0.2859688,0.02727578,0.1952021,0.015939161,0.18787001,0.047223724,0.056865472,0.020837607
375316653866487564,186527685184825088,0.6380137,2272.206978638236,2.494095803582132,8.707416E-6,15.604593,0.011967193,0.23658988,0.0015279761,0.053762205,0.0046112575,0.2976232,0.027482042,0.73708177,0.0044384985,0.054589286,0.0075704628,0.26365224,0.047518503,0.14064398,0.0155154625,0.23658988,0.0015279761,"TWOGAUSSIANS_WITH_ELLIPSOIDAL_ON_ECLIPSE1",9,48.705986,0.23658988,0.0015279761,0.30106837,0.025823042,0.57889795,0.011636422,0.73708177,0.0042132405,0.3057,0.04239459,0.5449243,0.055904187
375316653866487564,186527822623778048,0.66680366,2243.7124950957727,1.7917578368879157,3.6911042E-6,16.296457,0.0033378704,0.2886245,6.154587E-4,0.05727394,0.0014729159,0.24028751,0.00888627,0.7898057,0.0013983309,0.0495283,0.0024055357,0.16165711,0.008837012,0.04920294,0.005555796,0.2886245,6.154587E-4,"TWOGAUSSIANS_WITH_ELLIPSOIDAL_ON_ECLIPSE1",9,3.1162648,0.2886245,6.154587E-4,0.32073405,0.008248329,0.33867532,0.005067194,0.7898057,0.0013983309,0.2773585,0.013471,0.26003948,0.0056906086
375316653866487564,186527852686592384,0.6365119,2284.630394602395,0.5123038226153311,1.0839058E-6,16.253756,0.001810492,0.28363955,0.026901584,0.024543831,0.033392545,0.3433359,19.253721,0.77180105,5.159088E-4,0.02124224,7.483981E-4,0.42715657,0.0034159904,0.007174224,0.005239315,0.28363955,0.026901584,"TWOGAUSSIANS_WITH_ELLIPSOIDAL_ON_ECLIPSE1",9,7.7348614,0.77181107,5.226359E-4,0.11895655,0.004191029,0.44142586,0.009851049,0.28363955,0.026901584,0.13744545,0.18699825,0.35768434,19.256342
375316653866487564,186531052439625984,0.5762223,2284.048249925525,0.9987463528865842,1.3276585E-5,15.387958,8.184433E-4,0.13426672,0.011722524,0.012426225,0.0084995655,0.0072793067,0.0027169099,0.5027394,0.0039442102,0.030597057,0.0047779526,0.19465855,0.050564468,null,null,null,null,"TWOGAUSSIANS",8,8.976701,0.5027394,0.0039442102,0.17134352,0.026756536,0.19465855,0.050564468,0.13426672,0.011722524,0.06958686,0.047597565,0.0072793067,0.0027169099
375316653866487564,186532250732965888,0.5165912,2233.143526928668,0.5257562539163111,2.8415185E-5,19.334425,0.0038801362,0.27122858,0.005461861,0.015139566,0.0055721565,0.5335102,0.34951794,0.44968885,7.2521466E-6,0.010840782,4.7487783E-4,0.08644478,0.0027140798,null,null,null,null,"TWOGAUSSIANS",8,1.4203787,0.27122858,0.005461861,0.084781565,0.031204076,0.5335102,0.34951794,0.44968885,7.2521466E-6,0.06070838,0.002659316,0.08644478,0.0027140798
375316653866487564,186532495548280704,0.6486099,2287.208218917457,0.9458412178178399,7.304973E-6,15.891471,0.0045230193,0.32389012,0.0010569057,0.039734572,0.0015610156,0.8596085,0.03944297,0.8138757,0.0069045015,0.032778405,0.009274157,0.074286245,0.0122315325,0.02420687,0.0064213607,0.32389012,0.0010569057,"TWOGAUSSIANS_WITH_ELLIPSOIDAL_ON_ECLIPSE1",9,21.647627,0.32389012,0.0010569057,0.22251362,0.008741687,0.90802217,0.045328893,0.81439567,0.0067633577,0.18355906,0.051935274,0.12251848,0.011858352
375316653866487564,186533590762868224,0.45758376,2281.2375886164255,0.9205344307292532,3.0720148E-5,15.230938,0.0023943535,0.21649657,0.008498554,0.051993426,0.06128793,0.008244655,0.04738171,null,null,null,null,null,null,0.024632804,0.0035000632,0.21649657,0.008498554,"ONEGAUSSIAN_WITH_ELLIPSOIDAL",6,37.027416,0.21649657,0.008498554,0.29116318,0.29745266,0.057510182,0.05326854,null,null,null,null,null,null
375316653866487564,186533904297514880,0.5342328,2276.7113263062474,0.8814200467992467,1.057903E-5,15.141344,0.0014211203,0.17009696,0.0021719607,0.024924472,0.0020651605,0.05864568,0.0058568874,null,null,null,null,null,null,0.023456782,0.002676702,0.17009696,0.0021719607,"ONEGAUSSIAN_WITH_ELLIPSOIDAL",6,13.576623,0.17009696,0.0021719607,0.13957705,0.011564898,0.105559185,0.0049565015,null,null,null,null,null,null
375316653866487564,186535446187566080,0.5948444,2269.247198693686,0.704886672331767,6.975239E-6,16.20756,5.8092445E-4,0.22446363,9.768334E-4,0.013786058,0.0021163812,0.06695838,0.0050576213,0.7298493,0.016657041,0.011386215,0.003594992,1.1293705,6.42307,0.0076954965,8.0100866E-4,0.22446363,9.768334E-4,"TWOGAUSSIANS_WITH_ELLIPSOIDAL_ON_ECLIPSE1",9,1.9006383,0.7298493,0.016657041,0.0637628,0.020131955,1.1447438,6.4225807,0.22446363,9.768334E-4,0.077201925,0.0118517345,0.082349375,0.005024254
375316653866487564,186538302345708800,0.47728422,2265.5744585664297,1.0860173146598577,1.9149296E-5,13.993046,0.0017144844,0.24641614,0.005268023,0.031513065,0.008808384,0.093102366,0.15063904,0.7436818,0.045038465,0.051266722,0.051099315,0.015640792,0.86455834,0.03046867,0.003008933,0.24641614,0.005268023,"TWOGAUSSIANS_WITH_ELLIPSOIDAL_ON_ECLIPSE1",9,8.421425,0.24641614,0.005268023,0.17647317,0.049326953,0.15403955,0.15337674,0.7449018,0.043222692,0.28709364,0.28615618,0.07656803,0.86348116
375316653866487564,186540329568560512,0.54690015,2270.8782669700795,1.0590908268683425,3.1052023E-5,16.395473,0.0014916646,0.27425462,0.0037517066,0.027758002,0.004767409,0.025299922,0.008730497,0.7748468,0.00442269,0.027286084,0.0034908971,0.07919575,0.00730027,0.017985133,0.0022988727,0.27425462,0.0037517066,"TWOGAUSSIANS_WITH_ELLIPSOIDAL_ON_ECLIPSE1",9,2.990237,0.7748468,0.0043529947,0.15280207,0.019549023,0.11516545,0.0064520976,0.27425462,0.0037517066,0.15544482,0.026697492,0.061270114,0.0074824374
375316653866487564,186541562222412800,0.6095231,2273.0253154610696,0.74434700345688,7.70263E-6,17.134056,0.00814436,0.22902717,0.019863326,0.029570647,0.027763885,0.06720311,2.5660737,0.7233443,0.001069853,0.037890095,0.0020078584,0.61333966,0.012252761,0.013227933,0.009850834,0.22902717,0.019863326,"TWOGAUSSIANS_WITH_ELLIPSOIDAL_ON_ECLIPSE1",9,13.192317,0.72337437,0.0010386306,0.21218455,0.011244007,0.6397619,0.017144883,0.22902717,0.019863326,0.16559562,0.15547775,0.093658976,2.5670779
375316653866487564,186544860757349888,0.47526148,2270.9956941096293,1.2164490705947253,2.2502054E-5,18.030615,0.012990164,0.16731267,0.019743893,0.07926759,0.053191766,0.02934716,0.010872167,0.6856123,0.007133764,0.11709397,0.02014706,0.078681596,0.011752898,null,null,null,null,"TWOGAUSSIANS",8,1.7087288,0.6856123,0.007133764,0.4,0.0,0.07552029,0.0047922395,0.16722266,0.019675696,0.4,0.13193135,0.026206888,0.004233667
