Gaia/vari_eclipsing_binary/VariEclipsingBinary_235836-235897.csv
# %ECSV 1.0
# ---
# delimiter: ','
# meta: !!omap
# - RELEASE: Gaia DR3
# - TABLE: vari_eclipsing_binary
# - DESCRIPTION: >
#     This table describes the properties of the eclipsing binaries resulting from the variability analysis. 
# - CITATION: >
#     How to cite and acknowledge Gaia: 
#     https://gea.esac.esa.int/archive/documentation/credits.html 
# - KNOWN_ISSUES: >
#     Known issues: 
#     https://www.cosmos.esa.int/web/gaia-users/known-issues 
# - DOCUMENTATION: >
#     Tutorials and documentation: 
#     https://www.cosmos.esa.int/web/gaia-users/archive 
# datatype:
# - 
#   name: solution_id
#   datatype: int64
#   description: Solution Identifier
#   meta:
#     ucd: meta.version
# - 
#   name: source_id
#   datatype: int64
#   description: Unique source identifier
#   meta:
#     ucd: meta.id;meta.main
# - 
#   name: global_ranking
#   datatype: float32
#   description: Number between 0 (worst) and 1 (best)
#   meta:
#     ucd: stat.param
# - 
#   name: reference_time
#   datatype: float64
#   unit: d
#   description: Reference time used for the geometric model fit
#   meta:
#     ucd: time.epoch
# - 
#   name: frequency
#   datatype: float64
#   unit: d**-1
#   description: Frequency of geometric model of the eclipsing binary light curve
#   meta:
#     ucd: src.orbital
# - 
#   name: frequency_error
#   datatype: float32
#   unit: d**-1
#   description: "Uncertainty of \\texttt{frequency}"
#   meta:
#     ucd: stat.error
# - 
#   name: geom_model_reference_level
#   datatype: float32
#   unit: mag
#   description: Magnitude reference level of geometric model
#   meta:
#     ucd: phot.mag;em.opt
# - 
#   name: geom_model_reference_level_error
#   datatype: float32
#   unit: mag
#   description: "Uncertainty of \\texttt{geomModelReferenceLevel}"
#   meta:
#     ucd: stat.error;phot.mag;em.opt
# - 
#   name: geom_model_gaussian1_phase
#   datatype: float32
#   description: Phase of the Gaussian 1 component
#   meta:
#     ucd: time.phase
# - 
#   name: geom_model_gaussian1_phase_error
#   datatype: float32
#   description: "Uncertainty of \\texttt{geomModelGaussian1Phase}"
#   meta:
#     ucd: stat.error;time.phase
# - 
#   name: geom_model_gaussian1_sigma
#   datatype: float32
#   description: "Standard deviation [phase] of Gaussian 1 component"
#   meta:
#     ucd: stat.stdev
# - 
#   name: geom_model_gaussian1_sigma_error
#   datatype: float32
#   description: "Uncertainty of \\texttt{geomModelGaussian1Sigma}"
#   meta:
#     ucd: stat.error
# - 
#   name: geom_model_gaussian1_depth
#   datatype: float32
#   unit: mag
#   description: Magnitude depth of Gaussian 1 component
#   meta:
#     ucd: src.var.amplitude
# - 
#   name: geom_model_gaussian1_depth_error
#   datatype: float32
#   unit: mag
#   description: "Uncertainty of \\texttt{geomModelGaussian1Depth}"
#   meta:
#     ucd: stat.error;src.var.amplitude
# - 
#   name: geom_model_gaussian2_phase
#   datatype: float32
#   description: Phase of Gaussian 2 component
#   meta:
#     ucd: time.phase
# - 
#   name: geom_model_gaussian2_phase_error
#   datatype: float32
#   description: "Uncertainty of \\texttt{geomModelGaussian2Phase}"
#   meta:
#     ucd: stat.error;time.phase
# - 
#   name: geom_model_gaussian2_sigma
#   datatype: float32
[...]
#   datatype: float32
#   description: "Secondary eclipse: uncertainty of \\texttt{derivedSecondaryEclDuration}"
#   meta:
#     ucd: stat.error;time.duration
# - 
#   name: derived_secondary_ecl_depth
#   datatype: float32
#   unit: mag
#   description: "Secondary eclipse: depth"
#   meta:
#     ucd: src.var.amplitude
# - 
#   name: derived_secondary_ecl_depth_error
#   datatype: float32
#   unit: mag
#   description: "Secondary eclipse: uncertainty of \\texttt{derivedSecondaryEclDepth}"
#   meta:
#     ucd: stat.error;src.var.amplitude
solution_id,source_id,global_ranking,reference_time,frequency,frequency_error,geom_model_reference_level,geom_model_reference_level_error,geom_model_gaussian1_phase,geom_model_gaussian1_phase_error,geom_model_gaussian1_sigma,geom_model_gaussian1_sigma_error,geom_model_gaussian1_depth,geom_model_gaussian1_depth_error,geom_model_gaussian2_phase,geom_model_gaussian2_phase_error,geom_model_gaussian2_sigma,geom_model_gaussian2_sigma_error,geom_model_gaussian2_depth,geom_model_gaussian2_depth_error,geom_model_cosine_half_period_amplitude,geom_model_cosine_half_period_amplitude_error,geom_model_cosine_half_period_phase,geom_model_cosine_half_period_phase_error,model_type,num_model_parameters,reduced_chi2,derived_primary_ecl_phase,derived_primary_ecl_phase_error,derived_primary_ecl_duration,derived_primary_ecl_duration_error,derived_primary_ecl_depth,derived_primary_ecl_depth_error,derived_secondary_ecl_phase,derived_secondary_ecl_phase_error,derived_secondary_ecl_duration,derived_secondary_ecl_duration_error,derived_secondary_ecl_depth,derived_secondary_ecl_depth_error
[from data line 691]
375316653866487564,2074867021019873280,0.50289655,2228.024498702736,3.6783425174141087,1.036815E-5,18.780123,0.016149253,0.20600289,0.003840934,0.0718225,0.007910935,0.34346393,0.018438078,0.7117907,0.008636055,0.08593529,0.007555538,0.4013697,0.03959182,null,null,null,null,"TWOGAUSSIANS",8,7.190182,0.7117907,0.008636055,0.4,0.0,0.39700496,0.038754214,0.20600289,0.003840934,0.4,0.027612912,0.33909923,0.017491654
375316653866487564,2074867227192044160,0.43691412,2209.087168881708,2.7677039162208437,2.8061633E-5,18.839912,0.004471522,null,null,null,null,null,null,null,null,null,null,null,null,0.06612309,0.0077354503,0.27540377,0.0062311757,"ELLIPSOIDAL",4,4.3097277,null,null,null,null,null,null,null,null,null,null,null,null
375316653866487564,2074867265852675072,0.63372725,2236.605655829691,2.3804939398423244,6.290164E-6,14.783834,0.013195893,0.25785014,0.0018335021,0.061255805,0.0075211977,0.17811593,0.029394865,0.7621311,0.0026617732,0.054881543,0.0069018826,0.19532628,0.025373029,0.109336644,0.016226694,0.25785014,0.0018335021,"TWOGAUSSIANS_WITH_ELLIPSOIDAL_ON_ECLIPSE1",9,73.00723,0.7621311,0.0026617732,0.30733666,0.038650542,0.41379222,0.011546129,0.25785014,0.0018335021,0.3430325,0.042118706,0.39674005,0.0072442917
375316653866487564,2074867953041497344,0.5506408,2204.8681385035115,2.725754230430072,9.161726E-6,19.966097,0.011454522,0.26813552,0.0028524252,0.049135335,0.005670568,0.48930067,0.057817217,0.7527911,0.032017626,0.028304016,0.012483842,0.6846771,0.5553453,0.110390075,0.016007416,0.26813552,0.0028524252,"TWOGAUSSIANS_WITH_ELLIPSOIDAL_ON_ECLIPSE1",9,1.310736,0.7530911,0.031360153,0.15850249,0.06990951,0.90345067,0.548206,0.26813552,0.0028524252,0.27515787,0.03175518,0.71007955,0.057472263
375316653866487564,2074867987407058944,0.6314828,2217.6541406745055,1.582008721303866,1.7455136E-4,15.908997,0.0018067466,0.4930284,5.6331925E-4,0.061636675,0.001371105,0.5758992,0.0061088214,null,null,null,null,null,null,null,null,null,null,"ONEGAUSSIAN",5,12.949053,0.4930284,5.6331925E-4,0.34516537,0.007678188,0.5758992,0.0,null,null,null,null,null,null
375316653866487564,2074868262285074176,0.4544668,2238.00679072918,2.904534801750691,3.214691E-5,19.317682,0.007158795,null,null,null,null,null,null,null,null,null,null,null,null,0.076159194,0.009737294,0.235582,0.010395563,"ELLIPSOIDAL",4,2.9463472,null,null,null,null,null,null,null,null,null,null,null,null
375316653866487564,2074869357482760320,0.51289374,2221.226793358963,4.304789655685374,1.3788213E-5,18.316643,0.0070302356,0.32274595,0.037736095,0.17105453,0.06712802,0.026989514,0.0075035742,0.83127993,0.0010727323,0.033922397,0.0013015475,0.4956044,0.028786609,null,null,null,null,"TWOGAUSSIANS",8,2.7603955,0.83127993,0.0010713396,0.18996543,0.007288666,0.49368072,0.02984694,0.32274595,0.037736095,0.4,0.0,0.02430562,0.006264348
375316653866487564,2074870560073734912,0.62588406,2248.0794584458176,3.1521241687548405,5.893606E-6,17.40928,0.020738736,0.26616532,0.0020196906,0.050196074,0.004867653,0.40193143,0.036703505,0.7746276,0.003515781,0.04557537,0.010923076,0.3300529,0.046203095,0.112500146,0.024681449,0.7746276,0.003515781,"TWOGAUSSIANS_WITH_ELLIPSOIDAL_ON_ECLIPSE2",9,14.292192,0.2670153,0.0015555334,0.28109804,0.027258856,0.62635887,0.015212179,0.7746276,0.003515781,0.25522208,0.061169226,0.5550523,0.023763238
375316653866487564,2074871801338131200,0.508183,2244.704268694331,0.011998473956926456,1.3884881E-5,14.016097,0.002620004,0.21958737,0.0022770073,0.022789324,0.0015939078,0.20534523,0.003944327,0.4697257,0.0011159941,0.014643321,0.0027808577,0.10412638,0.024103552,0.008093893,0.0036782704,0.21958737,0.0022770073,"TWOGAUSSIANS_WITH_ELLIPSOIDAL_ON_ECLIPSE1",9,131.07588,0.21958737,0.0022770073,0.12762022,0.008925884,0.22153291,0.0054932227,0.4697257,0.0011159941,0.082002595,0.015572803,0.1041263,0.024103476
375316653866487564,2074871801338137984,0.53828275,2250.381584534857,2.8986906275702107,1.0817799E-5,19.412956,0.02284434,0.2746904,0.0044566332,0.07973531,0.0071450477,0.4073536,0.028517324,0.77439934,0.0046329414,0.07908513,0.0063838204,0.40989572,0.02164007,null,null,null,null,"TWOGAUSSIANS",8,2.7321985,0.77439934,0.0046329414,0.4,0.0,0.40417212,0.018314993,0.2746904,0.0044566332,0.4,0.0,0.40163004,0.02710914
375316653866487564,2074874550117275520,0.61368597,2245.717480971941,2.9582883121312036,8.538337E-6,18.580433,0.01412139,0.25568897,0.002783921,0.0459893,0.008428967,0.5353756,0.0682302,0.75226736,0.0019244179,0.042750657,0.004657426,0.34034735,0.026921332,0.13741092,0.018798832,0.25568897,0.002783921,"TWOGAUSSIANS_WITH_ELLIPSOIDAL_ON_ECLIPSE1",9,3.956419,0.25568897,0.002783921,0.25754008,0.04720221,0.8101969,0.09046018,0.7526273,0.0015977682,0.23940368,0.026081586,0.61505485,0.017034668
375316653866487564,2074874687556274688,0.6234851,2237.41305714466,0.9415586880369384,4.208995E-6,18.259497,0.0024351869,0.27100796,5.9305545E-4,0.030559117,4.4520182E-4,0.43596596,0.0049087387,0.7760679,0.008195853,0.035431217,0.0054706596,0.30202743,0.07793846,null,null,null,null,"TWOGAUSSIANS",8,1.7529672,0.27100796,5.9305545E-4,0.17113106,0.0024931303,0.43596596,0.0049087387,0.7760679,0.008195853,0.19841482,0.030635694,0.30202743,0.07793846
375316653866487564,2074874996793876992,0.6440635,2240.6787623252926,2.29810444323368,4.7149324E-6,16.882874,0.008832395,0.23989445,0.0013737534,0.060347825,0.0050436677,0.1762095,0.028681895,0.7560033,0.009276157,0.05117905,0.010240675,0.14147636,0.019370103,0.12993537,0.0104414215,0.23989445,0.0013737534,"TWOGAUSSIANS_WITH_ELLIPSOIDAL_ON_ECLIPSE1",9,5.86353,0.23989445,0.0013737534,0.33794782,0.02824454,0.43604466,0.022818819,0.7560033,0.009276157,0.28660268,0.05734778,0.39865837,0.008097351
375316653866487564,2074876126356013952,0.5247631,2227.7197981711447,0.8236159432200352,6.5892746E-5,17.71695,0.0013790705,0.41420472,2.1622267E-5,0.005320155,3.7143854E-4,0.07567989,0.0097706,0.84001946,0.017890371,0.024425913,0.011050394,0.2049476,0.16339996,null,null,null,null,"TWOGAUSSIANS",8,1.8052762,0.84001946,0.017890371,0.1367851,0.061882205,0.2049476,0.16339996,0.41420472,2.1622267E-5,0.029792868,0.002080056,0.07567989,0.0097706
375316653866487564,2074876229435278336,0.5088591,2227.9377843736975,3.6865483057923116,5.171867E-5,19.038633,0.0039986637,0.11472116,1.6033105E-4,0.02570046,2.9932038E-4,0.51860374,0.0042129634,0.5279579,0.018523999,0.068110906,0.018296346,0.09305493,0.03401986,null,null,null,null,"TWOGAUSSIANS",8,2.7132201,0.11472116,1.6033105E-4,0.14392257,0.0016761941,0.51860374,0.004212964,0.5279579,0.018523999,0.3814211,0.07930398,0.09305493,0.03401988
375316653866487564,2074876641752014592,0.60822046,2200.8857818272495,2.5727552359032333,5.070641E-6,17.365677,0.0061861016,0.24076469,0.0014053388,0.044832006,0.004034615,0.17582019,0.014829741,0.7396143,0.0045659738,0.045203034,0.0062702284,0.13860258,0.018074304,0.13220948,0.009336527,0.24076469,0.0014053388,"TWOGAUSSIANS_WITH_ELLIPSOIDAL_ON_ECLIPSE1",9,7.107998,0.24076469,0.0014053388,0.25105923,0.022593845,0.44023857,0.0056902478,0.7398843,0.0036030044,0.253137,0.03511328,0.40301037,0.016832007
375316653866487564,2074876916631803264,0.44551447,2216.5242881964755,3.923622890654545,1.7840287E-4,18.665497,0.0048484886,0.21007223,0.0383392,0.070065185,0.025235087,0.032151565,0.011438556,0.88343704,0.010498495,0.016623745,0.01249389,0.45243058,2158.535,null,null,null,null,"TWOGAUSSIANS",8,4.417262,0.88343704,0.010498495,0.09309297,0.06996579,0.45243117,2158.535,0.21007223,0.0383392,0.39236504,0.1067106,0.032151565,0.011438556
375316653866487564,2074879016875981568,0.5566717,2203.809263475348,3.138639995823568,1.0049645E-5,19.67698,0.00976542,0.253608,0.0034122744,0.066064656,0.0039959936,0.62610435,0.09772045,0.75507563,0.002168634,0.06332117,0.007531104,0.7660799,0.052810326,null,null,null,null,"TWOGAUSSIANS",8,2.526149,0.75507563,0.002168634,0.35459858,0.042174183,0.7653242,0.053510267,0.253608,0.0034122744,0.36996207,0.022377564,0.6253486,0.097934
375316653866487564,2074879287452332800,0.42702913,2231.059063491528,2.9565893274400032,3.5169975E-5,19.317919,0.02015434,0.30036393,0.012906026,0.039419737,0.010137052,0.23562175,0.061187055,0.7490235,0.051117063,0.044184107,0.041463736,0.20523036,0.0655402,null,null,null,null,"TWOGAUSSIANS",8,11.150373,0.30036393,0.012906026,0.22075053,0.05676749,0.23562175,0.061186932,0.7490235,0.051117063,0.247431,0.17642182,0.20523036,0.065537855
375316653866487564,2074879291760814720,0.5916518,2232.095986033527,1.278118055403782,7.473202E-6,18.027252,0.006554351,0.23136728,0.0014602683,0.08936366,0.002615688,0.27810284,0.0076656374,0.73114336,0.0020814326,0.09294471,0.0039327918,0.24577668,0.009045315,null,null,null,null,"TWOGAUSSIANS",8,1.3643397,0.23136728,0.0014602683,0.4,0.0,0.266004,0.0067968103,0.73114336,0.0020814326,0.4,0.0,0.2336777,0.008674228
375316653866487564,2074880593122311680,0.649141,2213.8833070359105,2.886173770618128,4.77793E-6,17.103462,0.0064945677,0.21291396,0.00103715,0.056107223,0.0036784005,0.1899731,0.013730173,0.71072185,0.001808514,0.052835893,0.0031456277,0.16481799,0.0142476335,0.115576304,0.0074233697,0.21291396,0.00103715,"TWOGAUSSIANS_WITH_ELLIPSOIDAL_ON_ECLIPSE1",9,3.0412006,0.21291396,0.00103715,0.31420043,0.020599043,0.42111453,0.0055010314,0.71124184,0.001307935,0.295881,0.017615516,0.3959259,0.0058943336
375316653866487564,2074881250266373504,0.52175385,2231.419047579821,2.4486829665232523,2.34462E-5,19.259764,0.008299782,0.22624585,0.005006355,0.07283178,0.0073569277,0.28216097,0.011151998,0.73063827,0.007488468,0.08645733,0.00990908,0.2751925,0.016069634,null,null,null,null,"TWOGAUSSIANS",8,1.6851913,0.22624585,0.005006355,0.4,0.0068364735,0.27847537,0.011524109,0.73063827,0.007488468,0.4,0.0,0.27150688,0.016821846
375316653866487564,2074882590295669376,0.4854301,2229.2593088052304,1.7744919236257257,1.0561569E-4,14.923657,0.006836714,0.20497724,0.00906882,0.059379842,0.008710714,0.36338747,0.06404809,0.7212702,0.011041628,0.083121456,0.011927734,0.1368174,0.011061522,null,null,null,null,"TWOGAUSSIANS",8,615.5106,0.20497724,0.00906882,0.3325271,0.04878,0.36282498,0.06447646,0.7212702,0.011041628,0.4,0.0,0.1362549,0.010986941
375316653866487564,2074882727727927040,0.47764757,2236.6453017476315,1.2913486062216932,2.2880322E-5,15.571273,0.0014969576,null,null,null,null,null,null,null,null,null,null,null,null,0.03101722,0.002578184,0.29248413,0.0049473955,"ELLIPSOIDAL",4,20.613829,null,null,null,null,null,null,null,null,null,null,null,null
375316653866487564,2074883174403831424,0.6933095,2251.737314271165,0.4220942517207479,9.523355E-6,17.963688,0.0038357438,0.2942431,0.0010427362,0.033310417,0.0010841986,1.7436566,0.052135475,0.79978114,0.0074645095,0.043345228,0.0065232855,0.20314288,0.07812247,null,null,null,null,"TWOGAUSSIANS",8,3.838155,0.2942431,0.0010427362,0.18653834,0.006071512,1.7436566,0.052135475,0.79978114,0.0074645095,0.24273328,0.036530398,0.20314288,0.078122474
375316653866487564,2074885025523731456,0.5931139,2250.108221798845,1.3703657490021544,5.7681204E-6,18.387482,0.00464352,0.32155672,0.0011390934,0.06973931,0.0013288014,0.43104595,0.006819769,0.8176132,0.0034717754,0.08869025,0.0056234635,0.17537118,0.012909865,null,null,null,null,"TWOGAUSSIANS",8,1.6494048,0.32155672,0.0011390934,0.39054015,0.007441288,0.42781574,0.006446252,0.8176132,0.0034717754,0.4,0.0,0.17214093,0.013609756
375316653866487564,2074885128602807040,0.50391155,2221.395334149327,2.472090437511399,2.6678617E-5,18.284878,0.046792597,0.24769437,0.008615065,0.14502914,0.04594778,0.11088967,0.043346327,0.72751474,0.004973444,0.11143563,0.016003627,0.1694674,0.041716293,null,null,null,null,"TWOGAUSSIANS",8,1.5346936,0.72751474,0.004973444,0.4,0.0,0.13691643,0.0054624607,0.24778438,0.008548316,0.4,0.0,0.07771381,0.0069707544
375316653866487564,2074885304715544576,0.573737,2232.6707955636903,0.7132656017291813,2.1252124E-5,16.906149,0.0020640572,0.26505086,0.0030715056,0.03721976,0.0026835387,0.26659128,0.0073905895,0.78739446,0.012212696,0.055390026,0.012638916,0.08168445,0.043096762,null,null,null,null,"TWOGAUSSIANS",8,5.493748,0.26505086,0.0030715056,0.20843066,0.015027817,0.26659125,0.00739058,0.78739446,0.012212696,0.31018415,0.07077793,0.08168441,0.04309703
375316653866487564,2074885991903745792,0.44502437,2224.0465737075347,3.6599585888178345,4.3786393E-5,18.798878,0.048372008,0.2724251,0.048931945,0.040459123,0.07137128,0.17558764,0.027233247,0.77815086,0.016824914,0.07363959,0.03694175,0.1517659,0.040290106,null,null,null,null,"TWOGAUSSIANS",8,9.984543,0.2724251,0.048999824,0.22657108,0.174049,0.1755711,0.01557742,0.77815086,0.016824914,0.4,0.03476843,0.15174936,0.02425296
375316653866487564,2074886296834062336,0.49916992,2216.191230921895,0.6952025172336648,1.0074896E-5,18.760008,0.003506334,0.26347187,0.0018158676,0.03187986,0.012091977,0.5835103,36.735924,0.77751243,0.00402331,0.011063729,0.0025036996,0.30899376,0.10178496,null,null,null,null,"TWOGAUSSIANS",8,1.5819393,0.26347187,0.0018158676,0.17852722,0.06771507,0.5835103,36.735924,0.77751243,0.00402331,0.061956886,0.014020719,0.30899376,0.10178496
375316653866487564,2074886606071762304,0.4522348,2223.0134563403544,3.503623982521591,2.3330345E-5,19.571398,0.0051936302,null,null,null,null,null,null,null,null,null,null,null,null,0.08324203,0.0072219484,0.2831477,0.0064117447,"ELLIPSOIDAL",4,2.224617,null,null,null,null,null,null,null,null,null,null,null,null
375316653866487564,2074888117899476992,0.48951027,2239.533393218937,1.6080582746124876,1.6580438E-5,19.314299,0.012014382,0.23699787,0.0040464764,0.07811147,0.007842385,0.3338899,0.032559995,0.7533931,0.005776882,0.070430376,0.00705951,0.24298789,0.020145284,null,null,null,null,"TWOGAUSSIANS",8,2.341859,0.23699787,0.0040464764,0.4,0.0,0.33252802,0.033138417,0.7533931,0.005776882,0.3944101,0.03202088,0.24162601,0.019921515
375316653866487564,2074889290445289856,0.45979568,2246.6871968148826,2.6752909082307204,1.843784E-5,19.193453,0.47278947,0.1755813,0.013006939,0.11573866,0.0539699,0.2759812,0.31085423,0.65248644,0.0077295853,0.15556331,0.13368618,0.29751182,0.45251945,null,null,null,null,"TWOGAUSSIANS",8,2.4498758,0.65248644,0.0077295853,0.4,0.0,0.20890908,0.029259654,0.1771813,0.0069391597,0.4,0.0,0.1910874,0.02556015
375316653866487564,2074890321237341184,0.61028725,2224.70446062869,0.6587372438035605,1.8449278E-5,16.371502,0.0012596376,0.34618175,0.0042237686,0.031228872,0.0038895796,0.30791336,0.05558158,0.75089556,0.028572021,0.018179663,0.017956728,0.01938549,4718999.5,null,null,null,null,"TWOGAUSSIANS",8,3.598136,0.34618175,0.0042237686,0.17488168,0.021781646,0.30791336,0.05558158,0.75089556,0.028572021,0.10180611,0.10055767,0.01938549,4718999.5
375316653866487564,2074890488722422784,0.59889984,2216.5006835187105,1.0205880438801724,4.0641007E-6,17.870089,0.0018264222,0.22897312,6.758727E-4,0.032931015,7.04109E-4,0.28964534,0.0060992744,0.7237946,0.022872092,0.026704894,0.009729719,0.28962767,0.16112757,null,null,null,null,"TWOGAUSSIANS",8,2.0560343,0.22897312,6.758727E-4,0.18441369,0.0039430107,0.28964534,0.0060992744,0.7237946,0.022872092,0.14954741,0.054486427,0.28962767,0.16112757
375316653866487564,2074890832319800576,0.4629924,2244.861208396526,0.03706224276448787,5.20892E-6,19.7748,0.006619253,0.16471067,0.023651188,0.030959718,0.032698225,0.13291633,0.06823512,0.43426907,0.0012357179,0.005176241,5.334069E-4,1.6209241,0.66038245,null,null,null,null,"TWOGAUSSIANS",8,2.3352046,0.43426907,0.0012357179,0.028986951,0.0029870786,1.6209241,0.6603824,0.16471067,0.023651188,0.17337441,0.18311007,0.13291633,0.06823512
