Gaia/vari_eclipsing_binary/VariEclipsingBinary_597994-598400.csv
# %ECSV 1.0
# ---
# delimiter: ','
# meta: !!omap
# - RELEASE: Gaia DR3
# - TABLE: vari_eclipsing_binary
# - DESCRIPTION: >
#     This table describes the properties of the eclipsing binaries resulting from the variability analysis. 
# - CITATION: >
#     How to cite and acknowledge Gaia: 
#     https://gea.esac.esa.int/archive/documentation/credits.html 
# - KNOWN_ISSUES: >
#     Known issues: 
#     https://www.cosmos.esa.int/web/gaia-users/known-issues 
# - DOCUMENTATION: >
#     Tutorials and documentation: 
#     https://www.cosmos.esa.int/web/gaia-users/archive 
# datatype:
# - 
#   name: solution_id
#   datatype: int64
#   description: Solution Identifier
#   meta:
#     ucd: meta.version
# - 
#   name: source_id
#   datatype: int64
#   description: Unique source identifier
#   meta:
#     ucd: meta.id;meta.main
# - 
#   name: global_ranking
#   datatype: float32
#   description: Number between 0 (worst) and 1 (best)
#   meta:
#     ucd: stat.param
# - 
#   name: reference_time
#   datatype: float64
#   unit: d
#   description: Reference time used for the geometric model fit
#   meta:
#     ucd: time.epoch
# - 
#   name: frequency
#   datatype: float64
#   unit: d**-1
#   description: Frequency of geometric model of the eclipsing binary light curve
#   meta:
#     ucd: src.orbital
# - 
#   name: frequency_error
#   datatype: float32
#   unit: d**-1
#   description: "Uncertainty of \\texttt{frequency}"
#   meta:
#     ucd: stat.error
# - 
#   name: geom_model_reference_level
#   datatype: float32
#   unit: mag
#   description: Magnitude reference level of geometric model
#   meta:
#     ucd: phot.mag;em.opt
# - 
#   name: geom_model_reference_level_error
#   datatype: float32
#   unit: mag
#   description: "Uncertainty of \\texttt{geomModelReferenceLevel}"
#   meta:
#     ucd: stat.error;phot.mag;em.opt
# - 
#   name: geom_model_gaussian1_phase
#   datatype: float32
#   description: Phase of the Gaussian 1 component
#   meta:
#     ucd: time.phase
# - 
#   name: geom_model_gaussian1_phase_error
#   datatype: float32
#   description: "Uncertainty of \\texttt{geomModelGaussian1Phase}"
#   meta:
#     ucd: stat.error;time.phase
# - 
#   name: geom_model_gaussian1_sigma
#   datatype: float32
#   description: "Standard deviation [phase] of Gaussian 1 component"
#   meta:
#     ucd: stat.stdev
# - 
#   name: geom_model_gaussian1_sigma_error
#   datatype: float32
#   description: "Uncertainty of \\texttt{geomModelGaussian1Sigma}"
#   meta:
#     ucd: stat.error
# - 
#   name: geom_model_gaussian1_depth
#   datatype: float32
#   unit: mag
#   description: Magnitude depth of Gaussian 1 component
#   meta:
#     ucd: src.var.amplitude
# - 
#   name: geom_model_gaussian1_depth_error
#   datatype: float32
#   unit: mag
#   description: "Uncertainty of \\texttt{geomModelGaussian1Depth}"
#   meta:
#     ucd: stat.error;src.var.amplitude
# - 
#   name: geom_model_gaussian2_phase
#   datatype: float32
#   description: Phase of Gaussian 2 component
#   meta:
#     ucd: time.phase
# - 
#   name: geom_model_gaussian2_phase_error
#   datatype: float32
#   description: "Uncertainty of \\texttt{geomModelGaussian2Phase}"
#   meta:
#     ucd: stat.error;time.phase
# - 
#   name: geom_model_gaussian2_sigma
#   datatype: float32
[...]
#   datatype: float32
#   description: "Secondary eclipse: uncertainty of \\texttt{derivedSecondaryEclDuration}"
#   meta:
#     ucd: stat.error;time.duration
# - 
#   name: derived_secondary_ecl_depth
#   datatype: float32
#   unit: mag
#   description: "Secondary eclipse: depth"
#   meta:
#     ucd: src.var.amplitude
# - 
#   name: derived_secondary_ecl_depth_error
#   datatype: float32
#   unit: mag
#   description: "Secondary eclipse: uncertainty of \\texttt{derivedSecondaryEclDepth}"
#   meta:
#     ucd: stat.error;src.var.amplitude
solution_id,source_id,global_ranking,reference_time,frequency,frequency_error,geom_model_reference_level,geom_model_reference_level_error,geom_model_gaussian1_phase,geom_model_gaussian1_phase_error,geom_model_gaussian1_sigma,geom_model_gaussian1_sigma_error,geom_model_gaussian1_depth,geom_model_gaussian1_depth_error,geom_model_gaussian2_phase,geom_model_gaussian2_phase_error,geom_model_gaussian2_sigma,geom_model_gaussian2_sigma_error,geom_model_gaussian2_depth,geom_model_gaussian2_depth_error,geom_model_cosine_half_period_amplitude,geom_model_cosine_half_period_amplitude_error,geom_model_cosine_half_period_phase,geom_model_cosine_half_period_phase_error,model_type,num_model_parameters,reduced_chi2,derived_primary_ecl_phase,derived_primary_ecl_phase_error,derived_primary_ecl_duration,derived_primary_ecl_duration_error,derived_primary_ecl_depth,derived_primary_ecl_depth_error,derived_secondary_ecl_phase,derived_secondary_ecl_phase_error,derived_secondary_ecl_duration,derived_secondary_ecl_duration_error,derived_secondary_ecl_depth,derived_secondary_ecl_depth_error
[from data line 536]
375316653866487564,5263162708180017664,0.5310841,2145.0156923505874,1.6677150440560842,1.6991922E-5,12.501032,0.04152081,0.21284908,0.0061726877,0.18366835,0.038354825,0.28525817,0.050082434,0.71371204,0.005079756,0.19980076,0.04228813,0.292761,0.041370206,null,null,null,null,"TWOGAUSSIANS",8,60.7465,0.21227908,0.0070703155,0.4,0.0,0.06443638,0.004335445,0.71420205,0.004788588,0.4,0.0,0.060402922,0.0064282827
375316653866487564,5263170125589717504,0.5668998,2135.31293550014,1.2727731874740236,3.8518498E-5,18.939924,0.013858081,0.24593705,0.0021378093,0.031007245,0.002207341,1.0838864,0.03936045,0.75046366,0.006680706,0.037238892,0.006593037,0.21516024,0.036324307,0.038057335,0.020438176,0.24593705,0.0021378093,"TWOGAUSSIANS_WITH_ELLIPSOIDAL_ON_ECLIPSE1",9,7.340759,0.24593705,0.0021378093,0.17364058,0.012361109,1.160001,0.03740283,0.75046366,0.006680706,0.2085378,0.03692101,0.29121333,0.020453993
375316653866487564,5263171744789380864,0.61625826,2184.839943040286,4.04530543669964,5.632018E-6,16.132553,0.010638089,0.18373218,0.0014034892,0.04673275,0.003604439,0.30473322,0.030007143,0.6906208,0.008397682,0.045784872,0.0075819953,0.28305525,0.034484394,0.12533873,0.0184916,0.18373218,0.0014034892,"TWOGAUSSIANS_WITH_ELLIPSOIDAL_ON_ECLIPSE1",9,42.83689,0.18373218,0.0014034892,0.2617034,0.02018486,0.5554099,0.019266998,0.6906208,0.008397682,0.25639528,0.042459175,0.5332626,0.030587908
375316653866487564,5263173325339178240,0.637578,2155.351838064796,3.114648933695081,3.4784462E-6,17.00586,0.005670756,0.23769982,8.7512954E-4,0.045847133,0.0021373255,0.28998724,0.014406122,0.7372288,0.0030947893,0.04710739,0.0055207657,0.22982308,0.028300177,0.11536856,0.009282969,0.23769982,8.7512954E-4,"TWOGAUSSIANS_WITH_ELLIPSOIDAL_ON_ECLIPSE1",9,7.7509747,0.23769982,8.7512954E-4,0.25674394,0.011969022,0.52072364,0.0077799023,0.73729885,0.0029427914,0.2638014,0.030916287,0.4605578,0.03528099
375316653866487564,5263176963174238592,0.5525841,2179.7099877167693,3.6043318966557223,9.596264E-6,19.155268,0.032632392,0.19512315,0.0065288036,0.091375664,0.020952757,0.32627577,0.023314485,0.6957868,0.0024518103,0.09013872,0.007989856,0.37535655,0.029287333,null,null,null,null,"TWOGAUSSIANS",8,1.6352365,0.6957868,0.0024518103,0.4,0.0,0.3597761,0.013782227,0.19512315,0.0065288036,0.4,0.0,0.3106953,0.03882358
375316653866487564,5263177551584940160,0.48102278,2160.3266094055734,2.8917581493929516,3.4050703E-5,18.702728,0.34189302,0.19250843,0.009054616,0.109382845,0.1519211,0.1684147,0.31487456,0.6919186,0.0057722465,0.10366547,0.040774226,0.28714836,0.23843405,null,null,null,null,"TWOGAUSSIANS",8,6.038002,0.6919186,0.0057729078,0.4,0.0,0.25980243,0.027909957,0.19250843,0.00906586,0.4,0.046621177,0.1410641,0.028851474
375316653866487564,5263177723385612416,0.5254506,2170.5439985302974,3.5482010456753823,2.0229741E-5,15.011152,0.0048092236,0.23429427,0.008610423,0.047693808,0.01632635,0.0720417,0.015268849,0.7555633,0.0072187297,0.03673082,0.022695675,0.05870855,4.445162,0.033051513,0.0053485907,0.7555633,0.0072187297,"TWOGAUSSIANS_WITH_ELLIPSOIDAL_ON_ECLIPSE2",9,45.85641,0.23728426,0.006502519,0.2670853,0.09142755,0.13713516,0.014873117,0.7555633,0.0072187297,0.20569259,0.12709579,0.12481155,4.4469123
375316653866487564,5263189543135707392,0.5843933,2163.760700996157,3.1192774742339733,1.1440305E-5,18.001753,0.044565603,0.29032257,0.0033712548,0.043968167,0.009187533,0.3807615,0.09665413,0.7763653,0.0076950123,0.058479644,0.021634448,0.63798016,0.08730804,0.09962666,0.05511013,0.29032257,0.0033712548,"TWOGAUSSIANS_WITH_ELLIPSOIDAL_ON_ECLIPSE1",9,29.213634,0.77744526,0.0068699867,0.327486,0.121152915,0.8357979,0.06188163,0.29032257,0.0033712548,0.24622174,0.05145018,0.5799896,0.03587664
375316653866487564,5263202153159748480,0.69193554,2227.5528813159335,1.8471425370781647,1.7122943E-6,14.565025,0.0073323483,0.19304112,0.0012763449,0.048296977,0.0016175414,0.7315099,0.020246528,0.71101284,0.0069783907,0.03963688,0.009679181,0.11400915,0.022772672,0.045282006,0.009117871,0.19304112,0.0012763449,"TWOGAUSSIANS_WITH_ELLIPSOIDAL_ON_ECLIPSE1",9,41.554066,0.19304112,0.0012763449,0.27046305,0.0090582315,0.8220728,0.0171679,0.71101284,0.0069783907,0.22196653,0.05420341,0.20342214,0.014542327
375316653866487564,5263216996566776064,0.6241623,2229.1100341927263,2.106278238226044,6.9596604E-6,15.605918,0.008237889,0.30673265,0.0014164208,0.093001924,0.00371411,0.26107943,0.007906833,0.8078904,0.0050877417,0.103638,0.007326842,0.21562015,0.009013148,null,null,null,null,"TWOGAUSSIANS",8,10.109606,0.30673265,0.0014164208,0.4,0.0,0.24280055,0.0043956893,0.8078904,0.0050877417,0.4,0.0,0.19733772,0.004758611
375316653866487564,5263245274631160320,0.48127583,2222.913383893979,2.616721556113471,2.9481658E-5,16.412659,0.02966071,0.30132398,0.010017205,0.12610418,0.035767358,0.11405919,0.025266763,0.8030715,0.007905964,0.09069355,0.023957497,0.12157029,0.024066957,null,null,null,null,"TWOGAUSSIANS",8,19.363146,0.8030815,0.007934541,0.4,0.0,0.1058461,0.012823773,0.30132398,0.010017205,0.4,0.0,0.09824695,0.010004761
375316653866487564,5263245648291667968,0.6518571,2186.893060828474,0.694735040601414,2.86395E-5,18.192387,0.003187632,0.14612454,0.007128044,0.026548857,0.010514725,0.17857653,0.029033318,0.645089,0.004666563,0.016255192,0.006594841,2.1027586,1.4202174,0.05345406,0.006340184,0.14612454,0.007128044,"TWOGAUSSIANS_WITH_ELLIPSOIDAL_ON_ECLIPSE1",9,3.2208471,0.645089,0.004657353,0.09102908,0.03693111,2.209662,1.4220165,0.14612454,0.007128044,0.1486736,0.058882456,0.28548443,0.029886577
375316653866487564,5263262798097586176,0.6445363,2188.4647211880674,3.975008947784689,2.7364429E-6,14.272599,0.0033566875,0.20185542,8.291177E-4,0.05847526,0.0033747049,0.0936551,0.0076233437,0.69261235,0.0016103892,0.05078938,0.0036400312,0.10021621,0.008406874,0.032763377,0.005150467,0.20185542,8.291177E-4,"TWOGAUSSIANS_WITH_ELLIPSOIDAL_ON_ECLIPSE1",9,10.71738,0.6936924,0.0013816218,0.28442052,0.020384174,0.16553771,0.0049615125,0.20185542,8.291177E-4,0.32746145,0.018898347,0.15917148,0.0032274288
375316653866487564,5263272143946592512,0.5683983,2218.690927317098,3.743667003153879,1.1916022E-5,15.587336,0.1044784,0.28900763,0.0032935287,0.056565713,0.04506724,0.10697589,0.19702835,0.77215385,0.014323268,0.06615972,0.02840132,0.13357677,0.20317921,0.07298479,0.102079496,0.28900763,0.0032935287,"TWOGAUSSIANS_WITH_ELLIPSOIDAL_ON_ECLIPSE1",9,44.88475,0.7767738,0.0075630457,0.3704944,0.0795604,0.27831504,0.021110995,0.28900763,0.0032935287,0.316768,0.16179417,0.2529002,0.018227996
375316653866487564,5263275403824415232,0.7534216,2203.961975589292,1.5096778251285443,1.8090876E-6,12.371868,0.002761232,0.2850052,3.2094543E-4,0.050131537,9.4997964E-4,0.41077834,0.0057780193,0.7850074,0.016216679,0.044710435,0.016288321,0.039483193,0.07535284,0.09521646,0.00382259,0.2850052,3.2094543E-4,"TWOGAUSSIANS_WITH_ELLIPSOIDAL_ON_ECLIPSE1",9,13.637395,0.2850052,3.2094543E-4,0.28073663,0.005319886,0.60120964,0.0025878937,0.7850074,0.012637235,0.25037846,0.091214605,0.22991447,0.076118775
375316653866487564,5263282417508288256,0.4745886,2147.984900857376,0.9745338991600243,9.680058E-5,17.319035,0.002475771,0.17340009,0.020282215,0.05179096,0.006939261,0.22278048,0.091820195,0.87302506,0.022228837,0.050061524,0.023458041,0.015623199,0.00542082,null,null,null,null,"TWOGAUSSIANS",8,3.5725255,0.17340009,0.020282215,0.29002938,0.038859863,0.22278048,0.091820195,0.87302506,0.022228837,0.28034452,0.13136503,0.01562321,0.005420811
375316653866487564,5263295229395694208,0.4960806,2166.96903434903,2.9598570414082697,3.6113208E-5,18.297863,0.015048773,0.40571016,0.037034597,0.195633,0.085952416,0.028466087,0.014670768,0.8362705,0.006899388,0.03981127,0.00469816,0.23728552,0.01767542,null,null,null,null,"TWOGAUSSIANS",8,1.9544219,0.8362705,0.006899388,0.2229431,0.026309697,0.23683372,0.01760027,0.40571016,0.037034597,0.4,0.0,0.02507626,0.009005253
375316653866487564,5263297501433394048,0.5778725,2228.965745954463,3.3987411938166834,6.749119E-6,14.832416,0.015856287,0.31298798,0.0022160152,0.08390404,0.0042605805,0.503522,0.015668139,0.81986487,0.0050012963,0.07990389,0.0051939683,0.47077313,0.026279327,null,null,null,null,"TWOGAUSSIANS",8,273.51852,0.31298798,0.0022160152,0.4,0.0,0.49540246,0.013848693,0.81986487,0.0050012963,0.4,0.0,0.46265364,0.024427889
375316653866487564,5263306293229746048,0.5464353,2170.045026901432,3.3316533585246693,3.687144E-5,19.742807,0.004689873,0.27338338,8.1337625E-5,0.019010006,3.212551E-4,0.7075743,0.002371959,0.70322526,0.0049244063,0.042789023,0.005211876,0.09469011,0.014145928,null,null,null,null,"TWOGAUSSIANS",8,0.9396565,0.27338338,8.1337625E-5,0.106456034,0.0017990286,0.7075743,0.002371959,0.70322526,0.0049244063,0.23961852,0.029186504,0.09469011,0.014145928
375316653866487564,5263318632670886528,0.50455934,2203.981657015654,3.801110809757412,1.805724E-5,19.317596,0.045030586,0.20743006,0.009081667,0.09298338,0.026092194,0.28915662,0.025764028,0.7067381,0.00410397,0.09379181,0.014727556,0.3124697,0.040379148,null,null,null,null,"TWOGAUSSIANS",8,2.4961734,0.7067381,0.0040989947,0.4,0.0,0.29592845,0.018581267,0.20743006,0.009081667,0.4,0.0,0.2726155,0.03053434
375316653866487564,5263330452422715392,0.53913844,2177.8044551417356,3.453753073289924,1.0382087E-5,17.757055,0.017794248,0.28032213,0.00227584,0.07699081,0.0039390964,0.52934676,0.025835114,0.78354317,0.015726652,0.065060005,0.013726212,0.56792015,0.23153922,null,null,null,null,"TWOGAUSSIANS",8,20.270761,0.78354317,0.015726652,0.36433604,0.06362509,0.5658697,0.23318602,0.28032213,0.00227584,0.4,0.0,0.5272963,0.02522547
375316653866487564,5263361406250960128,0.5507183,2175.920563554858,3.769636161383578,6.2585623E-6,15.187039,0.049974985,0.2255508,0.0020002327,0.06260211,0.013335023,0.38428044,0.07821086,0.7274278,0.0021649755,0.056097593,0.008251639,0.539411,0.09154487,0.08519607,0.054748677,0.2255508,0.0020002327,"TWOGAUSSIANS_WITH_ELLIPSOIDAL_ON_ECLIPSE1",9,105.12538,0.7274278,0.0021601408,0.31414652,0.04620918,0.7096246,0.02839921,0.2255508,0.0020002327,0.3505718,0.074676126,0.55451775,0.07077724
375316653866487564,5263379346330190464,0.5466344,2197.3786656935526,2.4705666979074468,7.0870788E-6,15.33988,0.031950675,0.2710675,0.004553041,0.11576137,0.01582489,0.25213575,0.0280609,0.76297396,0.0029025595,0.105043046,0.010923746,0.27452198,0.02862024,null,null,null,null,"TWOGAUSSIANS",8,55.910404,0.76297396,0.0029025595,0.4,0.0,0.23745802,0.010019533,0.27107748,0.0045543574,0.4,0.0,0.21503204,0.014025209
375316653866487564,5263384118037374976,0.6154899,2158.3287110392594,3.6617492915757976,5.2526293E-6,18.77472,0.013231944,0.113355555,0.001941191,0.046922274,0.0036829154,0.54191905,0.0336866,0.62182456,0.0012773413,0.04172058,0.0030816272,0.4160746,0.028438361,0.13688616,0.01676086,0.113355555,0.001941191,"TWOGAUSSIANS_WITH_ELLIPSOIDAL_ON_ECLIPSE1",9,2.7603667,0.113355555,0.001941191,0.26276475,0.020624327,0.815691,0.031597644,0.62182456,0.0012773413,0.23363526,0.017257113,0.6890721,0.007372784
375316653866487564,5263395667205683072,0.48898685,2181.4767108942656,1.625766264989935,1.0170617E-6,17.31293,0.0020545041,0.13473189,2.932203E-4,0.00259593,2.1928863E-4,0.3116892,0.082035616,0.5840775,0.0069845603,0.05328732,0.006173458,0.035511773,0.0027128775,null,null,null,null,"TWOGAUSSIANS",8,4.4637175,0.13473189,2.932203E-4,0.014537207,0.0012280163,0.3116892,0.082035616,0.5840775,0.0069845603,0.29840901,0.034571365,0.035511773,0.0027128775
375316653866487564,5263395873364120576,0.64476264,2198.2686040606454,0.8976295972820029,7.8561825E-6,14.170058,0.0018641519,0.23051533,5.740078E-4,0.03737079,0.0019465899,0.1715438,0.0077848593,0.7324417,0.0011404023,0.032975778,0.0010300861,0.39938825,0.005401133,0.018753195,0.0035310113,0.23051533,5.740078E-4,"TWOGAUSSIANS_WITH_ELLIPSOIDAL_ON_ECLIPSE1",9,23.084896,0.7324417,0.0011404023,0.18466437,0.005768482,0.43688914,0.0057678036,0.23051533,5.740078E-4,0.20927642,0.0109009035,0.2090502,0.008415254
375316653866487564,5263401611440462976,0.66647434,2180.456694278536,2.498909662230027,2.9785E-6,14.7602215,0.0064987475,0.2497398,0.0015773742,0.03954924,0.0025021152,0.44840842,0.019633373,0.7477568,0.0020308716,0.04382321,0.0030766632,0.47663817,0.017547812,0.14823219,0.009802983,0.2497398,0.0015773742,"TWOGAUSSIANS_WITH_ELLIPSOIDAL_ON_ECLIPSE1",9,72.49263,0.7479268,0.0018339758,0.24540998,0.017229313,0.7730598,0.018865056,0.2497398,0.0015773742,0.22147574,0.014011845,0.7448721,0.0112990625
375316653866487564,5263412533541751552,0.6588808,2200.6999499458857,3.0525140332215566,5.1360357E-6,16.535833,0.007659788,0.27741405,0.0010828185,0.04286773,0.0047659213,0.22387874,0.01550508,0.77343416,0.0017434481,0.046279695,0.0029743267,0.24815463,0.01745698,0.1126001,0.010818892,0.27741405,0.0010828185,"TWOGAUSSIANS_WITH_ELLIPSOIDAL_ON_ECLIPSE1",9,12.115757,0.77396417,0.001501125,0.2591663,0.016656231,0.47323245,0.0069054035,0.27741405,0.0010828185,0.24005929,0.026689159,0.44907865,0.021444526
375316653866487564,5263420062618482944,0.65477157,2138.907453107349,3.880099316661931,4.9759906E-6,17.586233,0.0069174953,0.18765259,9.427925E-4,0.04522189,0.0019460313,0.42812562,0.016275814,0.6972494,0.011263819,0.04109933,0.005328504,0.59768546,0.16450526,0.12744384,0.009730522,0.18765259,9.427925E-4,"TWOGAUSSIANS_WITH_ELLIPSOIDAL_ON_ECLIPSE1",9,3.4209888,0.6972494,0.011201007,0.23015624,0.029839622,0.8516469,0.16652893,0.18765259,9.427925E-4,0.25324258,0.010897775,0.6830127,0.009977538
375316653866487564,5263432874507023488,0.56363255,2180.441592233292,2.9359732140353936,1.1338897E-5,17.264856,0.023520306,0.25117347,0.002234818,0.110558175,0.010557987,0.24456938,0.020512221,0.7603546,0.0054488243,0.10263092,0.014456019,0.2286073,0.021592185,null,null,null,null,"TWOGAUSSIANS",8,4.7836237,0.25117347,0.002238353,0.4,0.0,0.21726222,0.0075922683,0.7603646,0.0054522413,0.4,0.0,0.20131554,0.010139795
375316653866487564,5263438337705883136,0.53184074,2199.2515679473254,3.980628501427329,1.4861643E-5,19.450674,0.015952243,0.24286047,0.01521574,0.09551765,0.022758162,0.34123787,0.053697012,0.7501004,0.003166836,0.07462955,0.005369521,0.4197119,0.020064984,null,null,null,null,"TWOGAUSSIANS",8,2.0080967,0.7501004,0.003166836,0.4,0.0,0.4110238,0.018667415,0.24286047,0.01521574,0.4,0.0,0.33254898,0.0583865
375316653866487564,5263448817425128704,0.53628933,2164.868080552975,3.808957343685838,1.786209E-5,19.014423,0.013519879,0.21357629,0.0027015281,0.072484925,0.0065216133,0.4647761,0.024494743,0.703719,0.0038799928,0.076720044,0.00495696,0.45509088,0.027338134,null,null,null,null,"TWOGAUSSIANS",8,3.418011,0.21357629,0.0027015281,0.4,0.008802374,0.4620985,0.025633698,0.703719,0.0038799928,0.4,0.0,0.4524133,0.027260352
375316653866487564,5263495757124452224,0.59416765,2203.017448188885,1.5983090761809313,1.3944996E-5,16.94457,0.0016061349,0.21132018,0.003068763,0.050436497,0.002184337,0.34101838,0.015337429,0.7092925,0.0045471555,0.056054875,0.0026969458,0.17241067,0.006731962,null,null,null,null,"TWOGAUSSIANS",8,4.9409285,0.21132018,0.003068763,0.2824444,0.012232287,0.3410113,0.015338745,0.7092925,0.0045471555,0.3139073,0.015102897,0.17240359,0.0067315768
375316653866487564,5263506816662740736,0.5407105,2226.3395986504006,1.1230771225900271,1.0333666E-4,19.289589,0.0044194185,0.5180274,0.023359422,0.1157754,0.020931205,0.04037253,0.009455765,0.86080307,2.3353534E-6,0.0067897458,1.1941814E-4,0.5958135,0.0019322983,null,null,null,null,"TWOGAUSSIANS",8,1.0510296,0.86080307,2.3353534E-6,0.038022578,6.687416E-4,0.59631056,0.0022620119,0.5180274,0.023359422,0.4,0.0,0.04036534,0.009454851
