Gaia/vari_eclipsing_binary/VariEclipsingBinary_382005-382489.csv
# %ECSV 1.0
# ---
# delimiter: ','
# meta: !!omap
# - RELEASE: Gaia DR3
# - TABLE: vari_eclipsing_binary
# - DESCRIPTION: >
#     This table describes the properties of the eclipsing binaries resulting from the variability analysis. 
# - CITATION: >
#     How to cite and acknowledge Gaia: 
#     https://gea.esac.esa.int/archive/documentation/credits.html 
# - KNOWN_ISSUES: >
#     Known issues: 
#     https://www.cosmos.esa.int/web/gaia-users/known-issues 
# - DOCUMENTATION: >
#     Tutorials and documentation: 
#     https://www.cosmos.esa.int/web/gaia-users/archive 
# datatype:
# - 
#   name: solution_id
#   datatype: int64
#   description: Solution Identifier
#   meta:
#     ucd: meta.version
# - 
#   name: source_id
#   datatype: int64
#   description: Unique source identifier
#   meta:
#     ucd: meta.id;meta.main
# - 
#   name: global_ranking
#   datatype: float32
#   description: Number between 0 (worst) and 1 (best)
#   meta:
#     ucd: stat.param
# - 
#   name: reference_time
#   datatype: float64
#   unit: d
#   description: Reference time used for the geometric model fit
#   meta:
#     ucd: time.epoch
# - 
#   name: frequency
#   datatype: float64
#   unit: d**-1
#   description: Frequency of geometric model of the eclipsing binary light curve
#   meta:
#     ucd: src.orbital
# - 
#   name: frequency_error
#   datatype: float32
#   unit: d**-1
#   description: "Uncertainty of \\texttt{frequency}"
#   meta:
#     ucd: stat.error
# - 
#   name: geom_model_reference_level
#   datatype: float32
#   unit: mag
#   description: Magnitude reference level of geometric model
#   meta:
#     ucd: phot.mag;em.opt
# - 
#   name: geom_model_reference_level_error
#   datatype: float32
#   unit: mag
#   description: "Uncertainty of \\texttt{geomModelReferenceLevel}"
#   meta:
#     ucd: stat.error;phot.mag;em.opt
# - 
#   name: geom_model_gaussian1_phase
#   datatype: float32
#   description: Phase of the Gaussian 1 component
#   meta:
#     ucd: time.phase
# - 
#   name: geom_model_gaussian1_phase_error
#   datatype: float32
#   description: "Uncertainty of \\texttt{geomModelGaussian1Phase}"
#   meta:
#     ucd: stat.error;time.phase
# - 
#   name: geom_model_gaussian1_sigma
#   datatype: float32
#   description: "Standard deviation [phase] of Gaussian 1 component"
#   meta:
#     ucd: stat.stdev
# - 
#   name: geom_model_gaussian1_sigma_error
#   datatype: float32
#   description: "Uncertainty of \\texttt{geomModelGaussian1Sigma}"
#   meta:
#     ucd: stat.error
# - 
#   name: geom_model_gaussian1_depth
#   datatype: float32
#   unit: mag
#   description: Magnitude depth of Gaussian 1 component
#   meta:
#     ucd: src.var.amplitude
# - 
#   name: geom_model_gaussian1_depth_error
#   datatype: float32
#   unit: mag
#   description: "Uncertainty of \\texttt{geomModelGaussian1Depth}"
#   meta:
#     ucd: stat.error;src.var.amplitude
# - 
#   name: geom_model_gaussian2_phase
#   datatype: float32
#   description: Phase of Gaussian 2 component
#   meta:
#     ucd: time.phase
# - 
#   name: geom_model_gaussian2_phase_error
#   datatype: float32
#   description: "Uncertainty of \\texttt{geomModelGaussian2Phase}"
#   meta:
#     ucd: stat.error;time.phase
# - 
#   name: geom_model_gaussian2_sigma
#   datatype: float32
[...]
#   datatype: float32
#   description: "Secondary eclipse: uncertainty of \\texttt{derivedSecondaryEclDuration}"
#   meta:
#     ucd: stat.error;time.duration
# - 
#   name: derived_secondary_ecl_depth
#   datatype: float32
#   unit: mag
#   description: "Secondary eclipse: depth"
#   meta:
#     ucd: src.var.amplitude
# - 
#   name: derived_secondary_ecl_depth_error
#   datatype: float32
#   unit: mag
#   description: "Secondary eclipse: uncertainty of \\texttt{derivedSecondaryEclDepth}"
#   meta:
#     ucd: stat.error;src.var.amplitude
solution_id,source_id,global_ranking,reference_time,frequency,frequency_error,geom_model_reference_level,geom_model_reference_level_error,geom_model_gaussian1_phase,geom_model_gaussian1_phase_error,geom_model_gaussian1_sigma,geom_model_gaussian1_sigma_error,geom_model_gaussian1_depth,geom_model_gaussian1_depth_error,geom_model_gaussian2_phase,geom_model_gaussian2_phase_error,geom_model_gaussian2_sigma,geom_model_gaussian2_sigma_error,geom_model_gaussian2_depth,geom_model_gaussian2_depth_error,geom_model_cosine_half_period_amplitude,geom_model_cosine_half_period_amplitude_error,geom_model_cosine_half_period_phase,geom_model_cosine_half_period_phase_error,model_type,num_model_parameters,reduced_chi2,derived_primary_ecl_phase,derived_primary_ecl_phase_error,derived_primary_ecl_duration,derived_primary_ecl_duration_error,derived_primary_ecl_depth,derived_primary_ecl_depth_error,derived_secondary_ecl_phase,derived_secondary_ecl_phase_error,derived_secondary_ecl_duration,derived_secondary_ecl_duration_error,derived_secondary_ecl_depth,derived_secondary_ecl_depth_error
[from data line 626]
375316653866487564,3364270663464866304,0.4452252,2285.843068552835,1.1025377754990369,1.8667784E-5,17.614637,0.010575032,0.15979925,0.011755478,0.041110467,0.005312509,0.1965522,0.028694557,0.80708766,0.011540142,0.15087296,0.025788244,0.2590038,0.053702258,null,null,null,null,"TWOGAUSSIANS",8,4.173131,0.80708766,0.011540142,0.4,0.0,0.2566933,0.057045657,0.15748924,0.012187984,0.23021862,0.02975005,0.21141505,0.02973913
375316653866487564,3364273721481591040,0.49427956,2155.4571140807693,0.4431521189274557,4.1435094E-5,18.1845,0.006737414,0.17987387,0.0068807825,0.08256212,0.008145821,0.115054905,0.0062766764,0.6606564,0.054124475,0.06256914,0.046227224,0.1233995,0.09512331,null,null,null,null,"TWOGAUSSIANS",8,2.1521027,0.6606564,0.054124475,0.3503872,0.25887245,0.12300943,0.09534147,0.17987387,0.0068807825,0.4,0.0,0.11466482,0.006002978
375316653866487564,3364275645627030400,0.59088725,2240.3535170934833,0.3282182022426666,6.218057E-5,17.123964,0.009080861,0.22532085,0.0045027286,0.03723156,0.003065702,0.62210053,0.030439371,0.667071,0.037545737,0.056201894,0.020455774,0.043162186,0.00912908,null,null,null,null,"TWOGAUSSIANS",8,28.179657,0.22532085,0.0045027286,0.20849675,0.017167931,0.62210053,0.03043937,0.667071,0.037545737,0.31473058,0.11455233,0.043162182,0.009129066
375316653866487564,3364278153887214080,0.51186824,2221.158058676075,3.571039222802233,2.9098597E-5,17.907309,0.026828082,0.25717103,0.007839548,0.0965004,0.019498505,0.13856082,0.027009167,0.7575441,0.0100751445,0.09872767,0.026343983,0.13826981,0.022569537,null,null,null,null,"TWOGAUSSIANS",8,2.9396963,0.25717103,0.007830717,0.4,0.0,0.12819235,0.014785157,0.7575441,0.010083076,0.4,0.0,0.12790102,0.010487627
375316653866487564,3364284686535342080,0.60319424,2263.727947063234,2.508640270508009,1.2662482E-5,15.810349,0.02470586,0.24488091,0.010652852,0.047763288,0.011788643,0.29520702,0.055026207,0.7384509,0.0037846218,0.053207677,0.008224557,0.35742027,0.091832444,0.10697884,0.02756274,0.7384509,0.0037846218,"TWOGAUSSIANS_WITH_ELLIPSOIDAL_ON_ECLIPSE2",9,89.67725,0.7384509,0.0037846218,0.297963,0.046057522,0.5713715,0.0804309,0.24414091,0.009264129,0.2674744,0.0660164,0.5088495,0.0397129
375316653866487564,3364287881987744640,0.54090995,2211.8767387592843,0.10786169979329978,2.561914E-5,17.561665,0.03428318,0.41741908,0.00320692,0.06264207,0.018658888,0.23841423,0.025416583,0.8672348,0.04474439,0.06492584,0.028453954,0.23340227,0.08102831,null,null,null,null,"TWOGAUSSIANS",8,6.7638464,0.41741908,0.0032081988,0.35079557,0.09096102,0.23837112,0.025297772,0.8672348,0.04474439,0.3635847,0.11012796,0.23335916,0.080864176
375316653866487564,3364288667967971072,0.56706065,2266.8287809972626,4.024846717979815,1.1656938E-5,17.704346,0.004689811,0.27915642,0.0023726434,0.028740233,0.0055763437,0.10529627,0.032406487,null,null,null,null,null,null,0.15069394,0.015363475,0.27915642,0.0023726434,"ONEGAUSSIAN_WITH_ELLIPSOIDAL",6,8.386148,0.27915642,0.0023726434,0.1609453,0.031227525,0.40668395,0.033849414,null,null,null,null,null,null
375316653866487564,3364288942844224384,0.5486188,2167.8539720448466,2.393433113226554,5.3348034E-5,18.647648,0.036358733,0.21307778,0.010509463,0.09282685,0.014913596,0.32787117,0.03493178,0.71897423,0.011617827,0.10433671,0.028933857,0.18422692,0.03509127,null,null,null,null,"TWOGAUSSIANS",8,2.9073803,0.21307778,0.010507876,0.4,0.0,0.31012198,0.024120167,0.71897423,0.011617827,0.4,0.0,0.16647415,0.02633523
375316653866487564,3364289286442700672,0.5864358,2221.792875511781,1.6503449747595795,5.1596658E-6,19.35762,0.013606457,0.30594856,9.945623E-4,0.043945976,0.0031112388,0.572449,0.04333258,0.8100189,0.04057336,0.05985644,0.030045373,0.17661619,7.0810857,null,null,null,null,"TWOGAUSSIANS",8,0.7279977,0.30594856,9.945623E-4,0.24609746,0.017422939,0.57244474,0.043338977,0.8100189,0.04057336,0.33519605,0.16825409,0.1766119,7.0810905
375316653866487564,3364292378817994112,0.51574177,2192.4790444034975,0.10790668513171776,1.04255065E-4,18.357552,0.007546243,0.15450454,0.011033235,0.055421542,0.01682918,0.15406246,0.038952332,0.6813889,0.041439008,0.05150892,0.04102393,0.1359468,0.12670746,null,null,null,null,"TWOGAUSSIANS",8,2.873762,0.15450454,0.011033235,0.31036064,0.09424341,0.15406092,0.038975153,0.6813889,0.041439008,0.28844994,0.21841069,0.13594525,0.12673481
375316653866487564,3364295131895451520,0.6074562,2261.949261676608,3.5163101341933936,1.5325455E-5,17.206852,0.009190601,0.23567247,0.0041935877,0.077064864,0.0043480047,0.3747641,0.0105456775,0.73061496,0.0035979615,0.07089828,0.008638085,0.38330755,0.034269456,null,null,null,null,"TWOGAUSSIANS",8,8.022985,0.73061496,0.0035979615,0.39703038,0.039471455,0.38107395,0.035273544,0.23567247,0.0041935877,0.4,0.0,0.37253055,0.009702798
375316653866487564,3364306367529734272,0.5058704,2259.989736413839,2.731023278437755,2.3464178E-5,16.421808,0.047672626,0.31019753,0.022739083,0.09552731,0.017660767,0.5302212,0.07460154,0.8239854,0.0071572205,0.10392005,0.012714196,0.41286734,0.052966587,null,null,null,null,"TWOGAUSSIANS",8,143.27296,0.31019753,0.022739084,0.4,0.0,0.49662367,0.069611445,0.8239854,0.0071572205,0.4,0.0,0.37926197,0.036378816
375316653866487564,3364309253747413504,0.62705755,2248.222466158863,1.3782172817704206,5.4835023E-6,12.52157,0.028997494,0.2154401,0.0024370512,0.113061994,0.016144628,0.13744214,0.024131097,0.70676404,0.0019422721,0.12918352,0.016179118,0.14280644,0.028077418,null,null,null,null,"TWOGAUSSIANS",8,19.023617,0.70676404,0.0019422721,0.4,0.0,0.11195883,0.0017703489,0.2155501,0.002335131,0.4,0.0,0.10674273,0.0050815353
375316653866487564,3364314098470610688,0.54021746,2230.60676442524,4.328768748844497,1.6830989E-5,16.69994,0.018954316,0.3113268,0.023357963,0.03836168,0.032473426,0.11430728,0.10140498,0.62150943,0.037768845,0.03272449,0.02148508,0.49940628,0.07580267,0.025349632,0.023187816,0.62150943,0.037768845,"TWOGAUSSIANS_WITH_ELLIPSOIDAL_ON_ECLIPSE2",9,92.47538,0.62150943,0.037768845,0.18325713,0.120316446,0.5501053,0.086602695,0.30839682,0.027948085,0.2148254,0.1818512,0.12153734,0.10446877
375316653866487564,3364319939626078464,0.57919794,2241.550141895138,0.07084259131128418,1.9873232E-4,14.1572075,0.0026483505,0.6400342,0.09831098,0.068951614,0.07747561,0.4322862,null,null,null,null,null,null,null,0.0041308175,0.004592857,0.6400342,0.09831098,"ONEGAUSSIAN_WITH_ELLIPSOIDAL",6,52.54137,0.6400342,0.09831098,0.38612902,0.42827627,0.44021648,null,null,null,null,null,null,null
375316653866487564,3364321726332428672,0.60179317,2236.843329440142,0.6290216384522795,2.6470603E-4,13.157989,0.18703975,0.36443257,0.23511127,0.10178381,0.24202211,0.049484998,0.22034082,0.76168627,0.018036222,0.05953646,0.006551602,1.8104036,0.5097327,null,null,null,null,"TWOGAUSSIANS",8,473.2909,0.76168627,0.018036222,0.33340418,0.036688972,1.8101364,0.48907596,0.36443257,0.4078943,0.4,0.0661235,0.049193595,1.5326878
375316653866487564,3364323302582991232,0.5709388,2136.202268543905,4.280231396988444,2.9054001E-5,18.610542,0.018283485,0.28973618,0.004947957,0.09145049,0.0069474266,0.38555983,0.027214436,0.77126944,0.006428042,0.08655445,0.009545945,0.390197,0.016511986,null,null,null,null,"TWOGAUSSIANS",8,1.936697,0.77126944,0.006428042,0.4,0.0,0.37904626,0.010897857,0.28973618,0.004947957,0.4,0.0,0.37440878,0.025519084
375316653866487564,3364325913923311616,0.47272226,2263.527696953129,0.7410670827027648,3.6184156E-5,19.497997,0.022602437,0.36720836,0.0064684777,0.051259447,0.013659064,0.30477557,0.061499022,0.6780426,0.024935188,0.0559792,0.025013028,0.10372595,0.031168321,null,null,null,null,"TWOGAUSSIANS",8,4.044458,0.36720836,0.0064683794,0.2870529,0.07649076,0.3047756,0.061499424,0.6780426,0.024935188,0.3134835,0.13919069,0.103725955,0.031168403
375316653866487564,3364325913923312640,0.52912444,2198.3672556238257,3.904951835635432,1.0097344E-5,18.424347,0.5715058,0.15467337,0.0045638494,0.17682964,0.1205312,0.39467672,0.56307393,0.66116905,0.0031922702,0.12939075,0.039088935,0.44109216,0.4042228,null,null,null,null,"TWOGAUSSIANS",8,2.3148324,0.66207904,0.0020637328,0.4,0.0,0.24992986,0.015521131,0.15445337,0.004306832,0.4,0.0,0.18945813,0.013850897
375316653866487564,3364330453706629888,0.66150105,2262.776376077022,3.1988297032471342,3.056478E-5,16.523989,0.05989914,0.18629763,0.003328369,0.060818795,0.013402162,0.37038708,0.12189171,0.67632097,0.01999196,0.067675754,0.028950678,0.38096222,0.10827416,0.076528154,0.06410804,0.18629763,0.003328369,"TWOGAUSSIANS_WITH_ELLIPSOIDAL_ON_ECLIPSE1",9,14.688787,0.67758095,0.017469924,0.3789842,0.15531193,0.5331791,0.03175136,0.18629763,0.003328369,0.34058526,0.075052105,0.5231286,0.011547246
375316653866487564,3364345640710731648,0.54438865,2155.705058912251,2.637847879179011,4.62333E-5,16.965385,0.020626971,0.31597173,0.006887797,0.08922146,0.011169649,0.22491212,0.024052454,0.8139712,0.054008223,0.07859048,0.05406382,0.2434338,4.350803,null,null,null,null,"TWOGAUSSIANS",8,16.780754,0.8139712,0.054008223,0.4,0.24854816,0.23812751,4.3559656,0.31597173,0.006887797,0.4,0.0,0.21960576,0.02058107
375316653866487564,3364347801078629248,0.5395573,2195.728637387937,0.18541871003370775,4.462401E-5,17.618332,0.0047686053,0.30559736,0.0090254275,0.060441714,0.0070524663,0.18022858,0.022731753,0.7254222,0.01283968,0.06435116,0.010822245,0.22463982,0.02930633,null,null,null,null,"TWOGAUSSIANS",8,2.6125298,0.7254222,0.01283968,0.3603665,0.060604572,0.22463164,0.029311381,0.30559736,0.0090254275,0.3384736,0.03949381,0.1802204,0.022740906
375316653866487564,3364352508360290432,0.53571826,2206.2700989693794,3.161497721038858,1.6894743E-5,19.58896,0.04929442,0.24330306,0.0067849993,0.08522723,0.015987096,0.43658394,0.03381707,0.7405864,0.0058565103,0.077653095,0.0113026295,0.4960637,0.04885706,null,null,null,null,"TWOGAUSSIANS",8,2.669577,0.7405864,0.0058565103,0.4,0.0,0.48815167,0.03523275,0.24330306,0.0067849993,0.4,0.0,0.42867184,0.028886955
375316653866487564,3364360587196991232,0.64109796,2268.0974129425285,0.17895753313374468,1.17300275E-4,16.829334,0.0026087877,0.37678084,0.06595905,0.054871723,0.034004103,0.44925037,0.28728506,0.9540493,5.583517E-4,0.013805495,0.0014266329,0.036131117,0.002665421,null,null,null,null,"TWOGAUSSIANS",8,4.337269,0.37678084,0.06595905,0.30728164,0.13670264,0.44925037,0.28728506,0.9540493,5.583517E-4,0.07731077,0.007989144,0.036131117,0.002666029
375316653866487564,3364371994629964544,0.5030978,2223.4759002236424,1.0014184943070328,6.085099E-5,16.872238,0.009304752,0.2383293,0.0066544455,0.047281746,0.013373922,0.27533108,0.059406683,0.64454,0.017042432,0.08278336,0.01643984,0.19737439,0.02410166,null,null,null,null,"TWOGAUSSIANS",8,1.6034724,0.2383293,0.0066544455,0.26477778,0.07489396,0.27531952,0.0594199,0.64454,0.017042432,0.4,0.0,0.19736166,0.024073845
375316653866487564,3364372716184478592,0.49996272,2252.064179608184,1.5739204271166591,1.3565838E-5,16.974783,0.0021098396,null,null,null,null,null,null,null,null,null,null,null,null,0.044284336,0.003448513,0.21277131,0.00365034,"ELLIPSOIDAL",4,3.432249,null,null,null,null,null,null,null,null,null,null,null,null
375316653866487564,3364373914477793408,0.6472581,2285.8505531133037,3.8099332901570366,3.3102776E-6,16.359907,0.027402809,0.29554626,0.0045928317,0.06988064,0.0070301634,0.25519222,0.059694935,0.8044848,0.003595247,0.053798314,0.013698782,0.19404311,0.05867178,0.0743606,0.03316579,0.8044848,0.003595247,"TWOGAUSSIANS_WITH_ELLIPSOIDAL_ON_ECLIPSE2",9,10.723343,0.29718626,0.0033492898,0.39133158,0.032020956,0.40326798,0.017167583,0.8044848,0.003595247,0.30127054,0.07671318,0.34250167,0.01078678
375316653866487564,3364382062033201408,0.4963018,2193.5490607537236,2.2210174154375775,2.8318485E-5,15.561071,0.06493072,0.24352993,0.026746724,0.104224265,0.05496275,0.17583673,0.053107154,0.7278839,0.012022211,0.08915861,0.034013085,0.2005974,0.053910185,null,null,null,null,"TWOGAUSSIANS",8,207.3248,0.7278839,0.012022211,0.4,0.0,0.18997078,0.026503135,0.24352993,0.026756778,0.4,0.0,0.16520575,0.030918423
375316653866487564,3364384531637306240,0.51308876,2230.3863928234377,4.335640489528809,5.6858E-5,19.495113,0.0025168252,0.27702212,1.5280777E-4,0.0041082455,1.8986835E-4,0.8941611,0.2114877,0.64812595,0.02890092,0.05533028,0.04372329,0.037889652,0.34195286,null,null,null,null,"TWOGAUSSIANS",8,1.0707769,0.27702212,1.5280777E-4,0.023006175,0.0010632628,0.8941611,0.2114877,0.64812595,0.02890092,0.30984956,0.24485041,0.037889652,0.34195286
375316653866487564,3364384673373440000,0.5387866,2202.14759142865,1.085054337709309,2.3850593E-5,14.877188,0.0055463854,0.8759704,1.5610678E-5,0.024231374,3.77814E-4,1.2167407,0.030957337,null,null,null,null,null,null,null,null,null,null,"ONEGAUSSIAN",5,111.249,0.8759704,1.5610678E-5,0.1356957,0.0021157584,1.2167407,0.0,null,null,null,null,null,null
375316653866487564,3364392881054074880,0.6605712,2204.0919175823865,2.3846070868823923,3.7422983E-6,16.302,0.008992621,0.2379603,0.0028956668,0.092419416,0.0035976183,0.43455276,0.012099237,0.73807424,0.0013222174,0.08426185,0.0025503442,0.49570844,0.008957438,null,null,null,null,"TWOGAUSSIANS",8,7.8187256,0.73807424,0.0013222174,0.4,0.0,0.47889572,0.008022498,0.2379603,0.0028956668,0.4,0.0,0.4177397,0.012037895
375316653866487564,3364393950502698240,0.5175981,2188.0729462080817,3.0141587094993287,1.895875E-5,13.63131,0.0013935822,0.24666336,0.0061757416,0.00945287,0.009503082,0.10372298,0.14557888,0.7923493,0.0046295994,0.03427954,0.008676616,0.03760387,0.0052436683,0.02460686,0.0028148622,0.7923493,0.0046295994,"TWOGAUSSIANS_WITH_ELLIPSOIDAL_ON_ECLIPSE2",9,30.559309,0.24680336,0.0073274784,0.052936073,0.053217262,0.14900371,0.14543934,0.7923493,0.0046295994,0.19196543,0.04858905,0.08681752,0.0045585018
375316653866487564,3364397042879210112,0.5546649,2246.8772276226528,4.209189316762026,2.5289617E-5,18.7216,0.004710444,0.22615209,0.025212198,0.032874163,0.014643095,0.041189995,0.024613911,0.8367037,0.0045309043,0.045840293,0.003980161,0.32508153,0.04368792,null,null,null,null,"TWOGAUSSIANS",8,0.80499506,0.8367037,0.0045309043,0.25670564,0.022288902,0.32508153,0.04368792,0.22615209,0.025212198,0.18409531,0.082001336,0.041189995,0.024613911
375316653866487564,3364399890441829632,0.5310025,2281.8577934105474,0.18526946659715104,9.540395E-5,18.95335,0.07839187,0.3535937,0.009899387,0.09152392,0.04083773,0.22504464,0.071009874,0.79055816,0.028062524,0.11543275,0.064295284,0.22544366,0.061226074,null,null,null,null,"TWOGAUSSIANS",8,2.1640213,0.79055816,0.028062524,0.4,0.10314049,0.21439973,0.046312053,0.3538037,0.009841527,0.4,0.09624346,0.21417466,0.05457304
375316653866487564,3364401883304637056,0.5047703,2265.9462242318214,0.39069471416557205,3.567592E-5,19.199986,0.019879391,0.29826766,0.06516983,0.06849208,0.046305213,0.3771695,0.7446524,0.7938988,0.0063963216,0.087450705,0.013278784,0.32498807,0.030766847,null,null,null,null,"TWOGAUSSIANS",8,1.1094555,0.29826766,0.06516983,0.38355565,0.25887287,0.37349036,0.7473895,0.7938988,0.0063963216,0.4,0.0,0.32130888,0.033691566
375316653866487564,3364403227632330112,0.57747734,2270.781312903882,3.2697814717218505,1.1864447E-5,17.134726,0.014308225,0.31033215,0.0032937622,0.06713328,0.0050657084,0.4989698,0.030169634,0.81267893,0.02175663,0.06566627,0.010579448,0.43484256,0.08165653,null,null,null,null,"TWOGAUSSIANS",8,25.253351,0.31033215,0.0032937622,0.37594634,0.028367966,0.49824148,0.03033379,0.81267893,0.02175663,0.36773112,0.059244912,0.43411425,0.08129189
