Gaia/vari_eclipsing_binary/VariEclipsingBinary_229524-229555.csv
# %ECSV 1.0
# ---
# delimiter: ','
# meta: !!omap
# - RELEASE: Gaia DR3
# - TABLE: vari_eclipsing_binary
# - DESCRIPTION: >
#     This table describes the properties of the eclipsing binaries resulting from the variability analysis. 
# - CITATION: >
#     How to cite and acknowledge Gaia: 
#     https://gea.esac.esa.int/archive/documentation/credits.html 
# - KNOWN_ISSUES: >
#     Known issues: 
#     https://www.cosmos.esa.int/web/gaia-users/known-issues 
# - DOCUMENTATION: >
#     Tutorials and documentation: 
#     https://www.cosmos.esa.int/web/gaia-users/archive 
# datatype:
# - 
#   name: solution_id
#   datatype: int64
#   description: Solution Identifier
#   meta:
#     ucd: meta.version
# - 
#   name: source_id
#   datatype: int64
#   description: Unique source identifier
#   meta:
#     ucd: meta.id;meta.main
# - 
#   name: global_ranking
#   datatype: float32
#   description: Number between 0 (worst) and 1 (best)
#   meta:
#     ucd: stat.param
# - 
#   name: reference_time
#   datatype: float64
#   unit: d
#   description: Reference time used for the geometric model fit
#   meta:
#     ucd: time.epoch
# - 
#   name: frequency
#   datatype: float64
#   unit: d**-1
#   description: Frequency of geometric model of the eclipsing binary light curve
#   meta:
#     ucd: src.orbital
# - 
#   name: frequency_error
#   datatype: float32
#   unit: d**-1
#   description: "Uncertainty of \\texttt{frequency}"
#   meta:
#     ucd: stat.error
# - 
#   name: geom_model_reference_level
#   datatype: float32
#   unit: mag
#   description: Magnitude reference level of geometric model
#   meta:
#     ucd: phot.mag;em.opt
# - 
#   name: geom_model_reference_level_error
#   datatype: float32
#   unit: mag
#   description: "Uncertainty of \\texttt{geomModelReferenceLevel}"
#   meta:
#     ucd: stat.error;phot.mag;em.opt
# - 
#   name: geom_model_gaussian1_phase
#   datatype: float32
#   description: Phase of the Gaussian 1 component
#   meta:
#     ucd: time.phase
# - 
#   name: geom_model_gaussian1_phase_error
#   datatype: float32
#   description: "Uncertainty of \\texttt{geomModelGaussian1Phase}"
#   meta:
#     ucd: stat.error;time.phase
# - 
#   name: geom_model_gaussian1_sigma
#   datatype: float32
#   description: "Standard deviation [phase] of Gaussian 1 component"
#   meta:
#     ucd: stat.stdev
# - 
#   name: geom_model_gaussian1_sigma_error
#   datatype: float32
#   description: "Uncertainty of \\texttt{geomModelGaussian1Sigma}"
#   meta:
#     ucd: stat.error
# - 
#   name: geom_model_gaussian1_depth
#   datatype: float32
#   unit: mag
#   description: Magnitude depth of Gaussian 1 component
#   meta:
#     ucd: src.var.amplitude
# - 
#   name: geom_model_gaussian1_depth_error
#   datatype: float32
#   unit: mag
#   description: "Uncertainty of \\texttt{geomModelGaussian1Depth}"
#   meta:
#     ucd: stat.error;src.var.amplitude
# - 
#   name: geom_model_gaussian2_phase
#   datatype: float32
#   description: Phase of Gaussian 2 component
#   meta:
#     ucd: time.phase
# - 
#   name: geom_model_gaussian2_phase_error
#   datatype: float32
#   description: "Uncertainty of \\texttt{geomModelGaussian2Phase}"
#   meta:
#     ucd: stat.error;time.phase
# - 
#   name: geom_model_gaussian2_sigma
#   datatype: float32
[...]
#   datatype: float32
#   description: "Secondary eclipse: uncertainty of \\texttt{derivedSecondaryEclDuration}"
#   meta:
#     ucd: stat.error;time.duration
# - 
#   name: derived_secondary_ecl_depth
#   datatype: float32
#   unit: mag
#   description: "Secondary eclipse: depth"
#   meta:
#     ucd: src.var.amplitude
# - 
#   name: derived_secondary_ecl_depth_error
#   datatype: float32
#   unit: mag
#   description: "Secondary eclipse: uncertainty of \\texttt{derivedSecondaryEclDepth}"
#   meta:
#     ucd: stat.error;src.var.amplitude
solution_id,source_id,global_ranking,reference_time,frequency,frequency_error,geom_model_reference_level,geom_model_reference_level_error,geom_model_gaussian1_phase,geom_model_gaussian1_phase_error,geom_model_gaussian1_sigma,geom_model_gaussian1_sigma_error,geom_model_gaussian1_depth,geom_model_gaussian1_depth_error,geom_model_gaussian2_phase,geom_model_gaussian2_phase_error,geom_model_gaussian2_sigma,geom_model_gaussian2_sigma_error,geom_model_gaussian2_depth,geom_model_gaussian2_depth_error,geom_model_cosine_half_period_amplitude,geom_model_cosine_half_period_amplitude_error,geom_model_cosine_half_period_phase,geom_model_cosine_half_period_phase_error,model_type,num_model_parameters,reduced_chi2,derived_primary_ecl_phase,derived_primary_ecl_phase_error,derived_primary_ecl_duration,derived_primary_ecl_duration_error,derived_primary_ecl_depth,derived_primary_ecl_depth_error,derived_secondary_ecl_phase,derived_secondary_ecl_phase_error,derived_secondary_ecl_duration,derived_secondary_ecl_duration_error,derived_secondary_ecl_depth,derived_secondary_ecl_depth_error
375316653866487564,2018914630972546176,0.46529496,2218.0351286043365,0.13770110233011754,1.8505862E-5,14.678881,0.0015372675,0.19700421,0.016837226,0.042208873,0.03763797,0.060990985,1.2724661,0.73944896,0.00655739,0.025350932,0.006402053,0.032043952,0.0058377595,0.003684558,0.0018528966,0.73944896,0.00655739,"TWOGAUSSIANS_WITH_ELLIPSOIDAL_ON_ECLIPSE2",9,27.571053,0.19768423,0.01685427,0.23636968,0.21077263,0.067856275,1.2735995,0.73944896,0.00655739,0.14196521,0.035851497,0.039413065,0.005657514
375316653866487564,2018915283768819584,0.50362474,2181.2258446981605,2.6942287793942454,2.414187E-5,19.267538,0.020739011,0.2927501,0.009607616,0.085814856,0.0125727225,0.3237934,0.029404731,0.8059633,0.009381009,0.07658743,0.0102488985,0.37064934,0.027424451,null,null,null,null,"TWOGAUSSIANS",8,4.981818,0.8059633,0.009381009,0.4,0.020190682,0.3659787,0.026290148,0.2927501,0.009607616,0.4,0.0,0.31912273,0.028855158
375316653866487564,2018916864316580352,0.47976607,2196.982830881674,2.4660812240511483,1.9160616E-5,19.746082,0.015416546,0.2856958,0.004949466,0.0854892,0.0061333175,0.34687337,0.019460563,0.7789972,0.006325016,0.0746869,0.012003699,0.3607262,0.05692267,null,null,null,null,"TWOGAUSSIANS",8,3.111349,0.7789972,0.006325016,0.4,0.013293857,0.35599473,0.059539046,0.2856958,0.004949466,0.4,0.0,0.34214187,0.017585304
375316653866487564,2018917482791898496,0.5111646,2210.090622889919,0.6110820505051086,4.3014374E-5,19.841003,0.0056271036,0.20129144,0.012552145,0.023040744,0.009705613,0.56477803,1.318749,0.7146847,0.009714572,0.037484054,0.009154003,0.391189,0.09282735,null,null,null,null,"TWOGAUSSIANS",8,1.2716782,0.20129144,0.012552145,0.12902817,0.054351434,0.56477803,1.318749,0.7146847,0.009714572,0.2099107,0.05126242,0.391189,0.09282735
375316653866487564,2018917620232390016,0.48436692,2201.165811179578,1.5107779084135644,2.642563E-5,19.805727,0.013364642,0.24029997,0.005137375,0.070478275,0.006951028,0.29401016,0.025471868,0.7423031,0.013767536,0.07832638,0.0109392945,0.1782944,0.021848537,null,null,null,null,"TWOGAUSSIANS",8,1.9395468,0.24029997,0.005137375,0.39467832,0.033647634,0.29249242,0.025471866,0.7423031,0.013767536,0.4,0.0,0.17677666,0.020877289
375316653866487564,2018918341785486720,0.51867837,2193.628414828045,1.7677283192276914,1.7273407E-5,19.365131,0.009230732,0.26834556,0.0035984635,0.07521061,0.0037834623,0.43086648,0.029827895,0.7722203,0.005973913,0.0736501,0.0047698678,0.48281354,0.029219091,null,null,null,null,"TWOGAUSSIANS",8,3.0331333,0.7722203,0.005973913,0.4,0.005019057,0.4798501,0.029102586,0.26834556,0.0035984635,0.4,0.0,0.42790303,0.03005592
375316653866487564,2018918479263254400,0.51908135,2202.472176507842,0.6781463315413793,5.0026345E-5,16.802635,0.0026089856,0.2690091,0.0059323637,0.016334835,0.0076203756,0.05291474,0.019531213,0.7690011,0.0023128653,0.030497093,0.0024615356,0.28228593,0.011338591,null,null,null,null,"TWOGAUSSIANS",8,16.04293,0.7690011,0.0023128653,0.17078373,0.0137845995,0.28228593,0.011338591,0.2690091,0.0059323637,0.09147508,0.042674102,0.05291474,0.019531213
375316653866487564,2018918685383159680,0.53307056,2209.5986911856835,1.2156278448662028,1.1683158E-5,18.529877,0.0035189448,0.23293926,0.012401745,0.034915414,0.009347504,0.11032338,0.032919116,0.73565245,0.0017202233,0.044989582,0.0013569067,0.3214635,0.013889744,null,null,null,null,"TWOGAUSSIANS",8,3.1504097,0.73565245,0.0017202233,0.25194165,0.0075986777,0.3214635,0.013889743,0.23293926,0.012401745,0.19552632,0.05234602,0.11032338,0.03291912
375316653866487564,2018919028980962048,0.5406373,2178.1499888946387,2.607447234087755,1.4072887E-5,19.305574,0.0104245655,0.31168476,0.0037082492,0.07012095,0.0045009223,0.30518782,0.011961726,0.8053269,0.004261867,0.067292705,0.0057817143,0.38265595,0.010839769,null,null,null,null,"TWOGAUSSIANS",8,2.0592794,0.8053269,0.004261867,0.37683916,0.0287738,0.38188905,0.01058601,0.31168476,0.0037082492,0.3926773,0.02150331,0.3044209,0.011518264
375316653866487564,2018919063340862976,0.65943193,2183.387170543424,0.6826673592552879,7.81355E-6,17.7932,0.003525095,0.15167542,0.0060581965,0.025838332,0.004271546,0.1156208,0.009732144,0.6372376,5.9952383E-4,0.02451938,0.0011124616,1.7819868,0.20839377,0.017019937,0.0056812554,0.15167542,0.0060581965,"TWOGAUSSIANS_WITH_ELLIPSOIDAL_ON_ECLIPSE1",9,5.175062,0.6372476,5.990251E-4,0.13730854,0.006229785,1.8157475,0.21406846,0.15167542,0.0060581965,0.14469467,0.023920655,0.1496606,0.0062390473
375316653866487564,2018919918035579520,0.43906626,2185.4801192369027,2.6501151094797883,9.509967E-5,18.822142,0.634205,0.2660713,0.023802241,0.117914245,0.16227318,0.23764609,0.6211768,0.75528044,0.010627258,0.084573165,0.044797964,0.2781045,0.27107334,null,null,null,null,"TWOGAUSSIANS",8,14.126845,0.75528044,0.010627258,0.4,0.0076910234,0.25749293,0.07339385,0.2660713,0.023797117,0.4,0.0,0.21697102,0.031293143
375316653866487564,2018920467791346048,0.521444,2207.3968506004567,2.599507003728879,1.0575556E-5,18.595993,0.0065965815,0.28454843,0.0047356556,0.08368597,0.007969059,0.22023617,0.0120211,0.7775094,0.0021864127,0.083954945,0.0039953245,0.22820556,0.007797637,null,null,null,null,"TWOGAUSSIANS",8,2.1578708,0.7775094,0.0021864127,0.4,0.0,0.22357966,0.0072867284,0.28454843,0.0047356556,0.4,0.0,0.21561027,0.0129091935
375316653866487564,2018920742669967360,0.44744006,2213.8757376779618,2.370525092899643,2.4586741E-5,18.80583,0.23953697,0.25162712,0.01646951,0.12034519,0.067369305,0.14907055,0.22467208,0.75803894,0.007839258,0.13260245,0.06812809,0.20320956,0.23354918,null,null,null,null,"TWOGAUSSIANS",8,4.3393087,0.7580689,0.0076923436,0.4,0.0,0.15613738,0.012557503,0.2514671,0.016225412,0.4,0.0,0.10228151,0.012810543
375316653866487564,2018920880108895360,0.61463606,2205.4561320127455,2.3055543467435533,4.282024E-6,17.062004,0.007862538,0.25133416,0.0012127575,0.05123764,0.011398935,0.09648056,0.011478184,0.7448003,0.0043846946,0.047054578,0.007489652,0.1219525,0.031698182,0.11101222,0.0094530545,0.25133416,0.0012127575,"TWOGAUSSIANS_WITH_ELLIPSOIDAL_ON_ECLIPSE1",9,4.6721473,0.7463803,0.0030869504,0.26350564,0.04194205,0.3436921,0.030799998,0.25133416,0.0012127575,0.28693077,0.063834034,0.31850395,0.011259989
375316653866487564,2018921502882067456,0.556289,2186.973711798781,1.1028414587171187,4.1832805E-6,18.794657,0.0039870357,0.237849,0.001109604,0.060900375,0.0014440198,0.34215817,0.00729579,0.7403314,0.004002184,0.07857819,0.0046398463,0.20339373,0.011147387,null,null,null,null,"TWOGAUSSIANS",8,1.3724756,0.237849,0.001109604,0.3410421,0.008086511,0.34139323,0.0072430945,0.7403314,0.004002184,0.4,0.0,0.20262879,0.011228103
375316653866487564,2018922185778993024,0.5726323,2197.0032775663317,3.032725164532147,1.391589E-5,18.099182,0.019031625,0.226762,0.002881873,0.043358676,0.0074588875,0.1736022,0.040234905,0.7185816,0.0068531577,0.04746274,0.015944598,0.24463913,0.027319979,0.103766054,0.022345686,0.226762,0.002881873,"TWOGAUSSIANS_WITH_ELLIPSOIDAL_ON_ECLIPSE1",9,7.6475077,0.71965164,0.0057773455,0.26579133,0.089289755,0.45169464,0.030810434,0.226762,0.002881873,0.2428086,0.04176977,0.38113382,0.013034079
375316653866487564,2018922426302467840,0.5142123,2204.2656083256297,2.11112103335704,1.747205E-5,18.154734,0.07032413,0.24081849,0.00338173,0.12229681,0.02554368,0.24265312,0.06650131,0.7387257,0.0047327057,0.109647885,0.025148176,0.25331318,0.05805925,null,null,null,null,"TWOGAUSSIANS",8,5.262639,0.7387257,0.0047327057,0.4,0.0,0.20596845,0.017520133,0.24081849,0.0033788742,0.4,0.0,0.19520979,0.012763902
375316653866487564,2018922495034973056,0.5538649,2202.4163189508445,0.23458442423928672,5.340931E-5,18.113596,0.0017342741,0.266843,0.009669146,0.025222128,0.016519098,0.087211944,107.00697,0.7824635,0.0028762456,0.020347467,0.0029558805,0.19921567,0.009962801,null,null,null,null,"TWOGAUSSIANS",8,1.5554091,0.7824635,0.0028762456,0.11394582,0.01655293,0.19921567,0.009962801,0.266843,0.009669146,0.14124392,0.09250695,0.087211944,107.00697
375316653866487564,2018922774230769792,0.51807505,2194.3335191360225,0.23184731567832922,8.6727436E-5,19.635206,0.0071701766,0.14074825,0.012892593,0.04747129,0.01321835,0.04467023,0.006479042,0.5179973,0.0072333403,0.009422334,0.0030347102,1.002522,1.5099231,null,null,null,null,"TWOGAUSSIANS",8,1.1583053,0.5179973,0.0072333403,0.05276507,0.016994378,1.002522,1.5099231,0.14074825,0.012892593,0.26583922,0.07402276,0.04467023,0.006479042
375316653866487564,2018922907327101184,0.58259696,2222.666905406226,2.8215425960920997,5.733838E-6,17.597006,0.00686411,0.24453562,0.0020964686,0.085724555,0.0033235194,0.26390433,0.0072250455,0.74347174,0.0024160924,0.092028104,0.0038535984,0.28233296,0.00728907,null,null,null,null,"TWOGAUSSIANS",8,4.24362,0.74347174,0.0024160924,0.4,0.0,0.27205488,0.0064626043,0.24453562,0.0020964686,0.4,0.0,0.25362644,0.0057218866
375316653866487564,2018923014710986496,0.5523774,2210.6506108942654,2.4046080126465403,1.2417629E-5,19.109013,0.010052773,0.21588516,0.006007471,0.07956346,0.006579539,0.45217484,0.032081187,0.7133378,0.002274705,0.082671456,0.0041781776,0.4408914,0.0202107,null,null,null,null,"TWOGAUSSIANS",8,2.692204,0.21588516,0.006007471,0.4,0.0,0.4448115,0.033028908,0.7133378,0.002274705,0.4,0.0,0.43352807,0.020543328
375316653866487564,2018923083430542464,0.43920672,2201.960574773551,2.747869617901381,2.6014517E-5,19.547195,0.061718024,0.23851173,0.013167689,0.11741012,0.03652115,0.2496144,0.056210868,0.7495603,0.00764376,0.084067926,0.016292654,0.26750955,0.062046427,null,null,null,null,"TWOGAUSSIANS",8,4.800117,0.74958026,0.007627249,0.4,0.0,0.24733008,0.032743204,0.23851173,0.013167689,0.4,0.0,0.22937295,0.039144095
375316653866487564,2018923323950939264,0.54924464,2193.697042576236,2.5241350217534326,8.463233E-6,19.02709,0.008601877,0.24695775,0.0017724896,0.0649842,0.0040255142,0.7320925,0.0640548,0.7525038,0.0022151032,0.0634098,0.0027119992,0.47178304,0.017213663,null,null,null,null,"TWOGAUSSIANS",8,4.8691177,0.24695775,0.0017724896,0.36391154,0.02254288,0.7315865,0.06427691,0.7525038,0.0022151032,0.35509485,0.015187196,0.47127706,0.01722184
375316653866487564,2018923736267971712,0.5645505,2210.0093311980518,2.6005057568142504,9.412829E-6,19.754633,0.0070224656,0.31207523,0.0065312833,0.069248766,0.006256838,0.5905102,0.056789063,0.81144553,0.0025496306,0.06350954,0.0027233323,0.5739964,0.017745547,null,null,null,null,"TWOGAUSSIANS",8,1.3719089,0.31207523,0.0065312833,0.3877931,0.023102507,0.58955926,0.057054255,0.81144553,0.0025496306,0.35565343,0.015250661,0.5730455,0.017772602
375316653866487564,2018923908102674304,0.62255406,2224.171541752142,0.30651556712112793,6.065996E-6,15.363013,0.0024506466,0.36317715,2.3016684E-4,0.020575222,3.183895E-4,0.3811584,0.0041121864,null,null,null,null,null,null,null,null,null,null,"ONEGAUSSIAN",5,24.813068,0.36317715,2.3016684E-4,0.11522125,0.0017829812,0.3811584,0.0,null,null,null,null,null,null
375316653866487564,2018924384802354688,0.5956184,2232.831253520996,0.9556335768353427,9.455682E-6,17.766912,0.0062922146,0.24888493,0.0066081015,0.036792845,0.004366214,0.7755908,0.03673782,0.75158596,0.0051803947,0.03766547,0.0052039297,0.17360924,0.015515024,0.03435609,0.009872716,0.24888493,0.0066081015,"TWOGAUSSIANS_WITH_ELLIPSOIDAL_ON_ECLIPSE1",9,7.9082413,0.24888493,0.0066081015,0.20603992,0.024450798,0.84430295,0.032966137,0.75158596,0.0051261615,0.21092664,0.029142007,0.2423016,0.013147547
375316653866487564,2018924694039978368,0.49243033,2237.2370609426894,0.11152641133947495,1.7512686E-5,17.846344,0.0019520093,0.2749447,0.00161208,0.009352034,9.881796E-4,0.16221015,0.011403545,0.6038072,0.013001184,0.032129828,0.0074814223,0.026024628,0.005084448,0.010625062,0.002744064,0.2749447,0.00161208,"TWOGAUSSIANS_WITH_ELLIPSOIDAL_ON_ECLIPSE1",9,2.6324437,0.2749447,0.00161208,0.05237139,0.0055338056,0.18346027,0.011851761,0.6084472,0.014450911,0.17992704,0.041895967,0.031086758,0.006583972
375316653866487564,2018925900967487872,0.45929083,2240.634210845152,0.05043192823104553,2.8636901E-5,19.783524,0.012578945,0.553685,0.0115567865,0.025647396,0.012268808,0.09544932,0.020639697,0.8385499,0.0033527396,0.007737655,0.0021973732,0.52196926,0.119222894,null,null,null,null,"TWOGAUSSIANS",8,3.886908,0.8385499,0.0033527396,0.04333087,0.0123052895,0.52196926,0.119222894,0.553685,0.0115567865,0.14362542,0.06870532,0.09544932,0.020639697
375316653866487564,2018926622485997952,0.58311844,2225.5598437648596,1.719705653309017,6.3026464E-6,18.892166,0.0065124054,0.13772343,0.0023751755,0.078873314,0.0028820017,0.47814766,0.014028545,0.6409062,0.0028629114,0.07858962,0.0039502042,0.35853666,0.019236796,null,null,null,null,"TWOGAUSSIANS",8,2.1978831,0.13772343,0.0023751755,0.4,0.0,0.47313222,0.01405372,0.6409062,0.0028629114,0.4,0.0,0.35352123,0.019904764
375316653866487564,2018927030493771776,0.50533754,2210.110850099521,4.241697896709339,1.8096893E-5,19.005585,0.029518152,0.27735204,0.004046749,0.0823023,0.010132312,0.32019466,0.027083442,0.7754344,0.0077977073,0.098285176,0.018118134,0.25963166,0.034864195,null,null,null,null,"TWOGAUSSIANS",8,4.0954046,0.27735204,0.004046749,0.4,0.0,0.30826724,0.018928431,0.7754344,0.0077977073,0.4,0.0,0.24770297,0.035298336
375316653866487564,2018927683355414144,0.5479693,2221.076282087805,2.779074670703439,9.250962E-6,19.402134,0.011330618,0.14243655,0.003298702,0.06929208,0.0048997565,0.4686171,0.04606717,0.6452903,0.0030000908,0.07109975,0.0048811357,0.48967984,0.01947737,null,null,null,null,"TWOGAUSSIANS",8,2.3810067,0.6452903,0.0030000908,0.3981586,0.01650915,0.48811072,0.01964435,0.14243655,0.003298702,0.38803568,0.023269001,0.467048,0.046578318
375316653866487564,2018928168674817152,0.48256445,2219.5804469376467,1.6004538764715286,2.4690436E-5,19.351614,0.013912886,0.20841964,0.0064281397,0.07983666,0.007938594,0.18767463,0.016436616,0.7040977,0.007260351,0.08305221,0.009443299,0.3324521,0.021507181,null,null,null,null,"TWOGAUSSIANS",8,4.721534,0.7040977,0.007260351,0.4,0.0,0.32830617,0.019992743,0.20841964,0.0064281397,0.4,0.0,0.1835287,0.014232942
375316653866487564,2018928443552418304,0.60111415,2206.4421189822183,2.421075256956011,6.232442E-6,18.653841,0.018373953,0.2723667,0.0018288346,0.053819075,0.008553567,0.34452975,0.053752717,0.7692988,0.0019922035,0.049702384,0.0037641076,0.3621428,0.04380977,0.13779585,0.02533341,0.2723667,0.0018288346,"TWOGAUSSIANS_WITH_ELLIPSOIDAL_ON_ECLIPSE1",9,4.126722,0.7696988,0.0016870322,0.27833334,0.021079002,0.6376365,0.015832508,0.2723667,0.0018288346,0.3013868,0.047899976,0.62011254,0.0682323
375316653866487564,2018928958949029248,0.60945934,2238.1560988471256,2.976418305339533,7.564608E-6,18.80356,0.016772617,0.29685867,0.0014354166,0.04428723,0.0038137834,0.37880498,0.03327888,0.7974056,0.0039864313,0.05497385,0.005601167,0.4797038,0.03451483,0.11081144,0.01991861,0.29685867,0.0014354166,"TWOGAUSSIANS_WITH_ELLIPSOIDAL_ON_ECLIPSE1",9,3.1704845,0.7974056,0.003977276,0.30785355,0.031366535,0.7013088,0.011376178,0.29685867,0.0014354166,0.24800849,0.021357186,0.60041255,0.012391083
375316653866487564,2018929577459780864,0.5949715,2205.957462121301,2.0907516236359203,7.977275E-6,17.186241,0.04071803,0.22322115,0.0031977806,0.14644271,0.025946833,0.17439254,0.038780913,0.718194,0.0014142115,0.099744886,0.00706529,0.32002518,0.036688585,null,null,null,null,"TWOGAUSSIANS",8,3.668377,0.718194,0.0014142115,0.4,0.0,0.2694491,0.0046393923,0.22322115,0.00320223,0.4,0.0,0.122786306,0.0059792413
375316653866487564,2018929921057017344,0.4482764,2213.2149540656824,2.510373085150489,2.2258728E-5,18.691523,0.022832025,0.29634312,0.011837403,0.082735084,0.009960716,0.38943332,0.06065497,0.79236037,0.009010784,0.073879786,0.012566992,0.46210253,0.04349088,null,null,null,null,"TWOGAUSSIANS",8,29.503582,0.79236037,0.009010784,0.4,0.012564984,0.45735228,0.04529441,0.29634312,0.011837403,0.4,0.0,0.38468304,0.061245594
