Gaia/vari_eclipsing_binary/VariEclipsingBinary_779915-780373.csv
# %ECSV 1.0
# ---
# delimiter: ','
# meta: !!omap
# - RELEASE: Gaia DR3
# - TABLE: vari_eclipsing_binary
# - DESCRIPTION: >
#     This table describes the properties of the eclipsing binaries resulting from the variability analysis. 
# - CITATION: >
#     How to cite and acknowledge Gaia: 
#     https://gea.esac.esa.int/archive/documentation/credits.html 
# - KNOWN_ISSUES: >
#     Known issues: 
#     https://www.cosmos.esa.int/web/gaia-users/known-issues 
# - DOCUMENTATION: >
#     Tutorials and documentation: 
#     https://www.cosmos.esa.int/web/gaia-users/archive 
# datatype:
# - 
#   name: solution_id
#   datatype: int64
#   description: Solution Identifier
#   meta:
#     ucd: meta.version
# - 
#   name: source_id
#   datatype: int64
#   description: Unique source identifier
#   meta:
#     ucd: meta.id;meta.main
# - 
#   name: global_ranking
#   datatype: float32
#   description: Number between 0 (worst) and 1 (best)
#   meta:
#     ucd: stat.param
# - 
#   name: reference_time
#   datatype: float64
#   unit: d
#   description: Reference time used for the geometric model fit
#   meta:
#     ucd: time.epoch
# - 
#   name: frequency
#   datatype: float64
#   unit: d**-1
#   description: Frequency of geometric model of the eclipsing binary light curve
#   meta:
#     ucd: src.orbital
# - 
#   name: frequency_error
#   datatype: float32
#   unit: d**-1
#   description: "Uncertainty of \\texttt{frequency}"
#   meta:
#     ucd: stat.error
# - 
#   name: geom_model_reference_level
#   datatype: float32
#   unit: mag
#   description: Magnitude reference level of geometric model
#   meta:
#     ucd: phot.mag;em.opt
# - 
#   name: geom_model_reference_level_error
#   datatype: float32
#   unit: mag
#   description: "Uncertainty of \\texttt{geomModelReferenceLevel}"
#   meta:
#     ucd: stat.error;phot.mag;em.opt
# - 
#   name: geom_model_gaussian1_phase
#   datatype: float32
#   description: Phase of the Gaussian 1 component
#   meta:
#     ucd: time.phase
# - 
#   name: geom_model_gaussian1_phase_error
#   datatype: float32
#   description: "Uncertainty of \\texttt{geomModelGaussian1Phase}"
#   meta:
#     ucd: stat.error;time.phase
# - 
#   name: geom_model_gaussian1_sigma
#   datatype: float32
#   description: "Standard deviation [phase] of Gaussian 1 component"
#   meta:
#     ucd: stat.stdev
# - 
#   name: geom_model_gaussian1_sigma_error
#   datatype: float32
#   description: "Uncertainty of \\texttt{geomModelGaussian1Sigma}"
#   meta:
#     ucd: stat.error
# - 
#   name: geom_model_gaussian1_depth
#   datatype: float32
#   unit: mag
#   description: Magnitude depth of Gaussian 1 component
#   meta:
#     ucd: src.var.amplitude
# - 
#   name: geom_model_gaussian1_depth_error
#   datatype: float32
#   unit: mag
#   description: "Uncertainty of \\texttt{geomModelGaussian1Depth}"
#   meta:
#     ucd: stat.error;src.var.amplitude
# - 
#   name: geom_model_gaussian2_phase
#   datatype: float32
#   description: Phase of Gaussian 2 component
#   meta:
#     ucd: time.phase
# - 
#   name: geom_model_gaussian2_phase_error
#   datatype: float32
#   description: "Uncertainty of \\texttt{geomModelGaussian2Phase}"
#   meta:
#     ucd: stat.error;time.phase
# - 
#   name: geom_model_gaussian2_sigma
#   datatype: float32
[...]
#   datatype: float32
#   description: "Secondary eclipse: uncertainty of \\texttt{derivedSecondaryEclDuration}"
#   meta:
#     ucd: stat.error;time.duration
# - 
#   name: derived_secondary_ecl_depth
#   datatype: float32
#   unit: mag
#   description: "Secondary eclipse: depth"
#   meta:
#     ucd: src.var.amplitude
# - 
#   name: derived_secondary_ecl_depth_error
#   datatype: float32
#   unit: mag
#   description: "Secondary eclipse: uncertainty of \\texttt{derivedSecondaryEclDepth}"
#   meta:
#     ucd: stat.error;src.var.amplitude
solution_id,source_id,global_ranking,reference_time,frequency,frequency_error,geom_model_reference_level,geom_model_reference_level_error,geom_model_gaussian1_phase,geom_model_gaussian1_phase_error,geom_model_gaussian1_sigma,geom_model_gaussian1_sigma_error,geom_model_gaussian1_depth,geom_model_gaussian1_depth_error,geom_model_gaussian2_phase,geom_model_gaussian2_phase_error,geom_model_gaussian2_sigma,geom_model_gaussian2_sigma_error,geom_model_gaussian2_depth,geom_model_gaussian2_depth_error,geom_model_cosine_half_period_amplitude,geom_model_cosine_half_period_amplitude_error,geom_model_cosine_half_period_phase,geom_model_cosine_half_period_phase_error,model_type,num_model_parameters,reduced_chi2,derived_primary_ecl_phase,derived_primary_ecl_phase_error,derived_primary_ecl_duration,derived_primary_ecl_duration_error,derived_primary_ecl_depth,derived_primary_ecl_depth_error,derived_secondary_ecl_phase,derived_secondary_ecl_phase_error,derived_secondary_ecl_duration,derived_secondary_ecl_duration_error,derived_secondary_ecl_depth,derived_secondary_ecl_depth_error
[from data line 36]
375316653866487564,6860589001230137088,0.6441334,2128.951153515902,1.5748609144133265,5.131756E-6,14.22355,0.004435796,0.18588102,0.005293314,0.03685528,0.003405384,0.40194622,0.046093374,0.6869627,0.0014974526,0.040452667,0.002093866,0.2607496,0.010443087,0.021996966,0.0075917337,0.18588102,0.005293314,"TWOGAUSSIANS_WITH_ELLIPSOIDAL_ON_ECLIPSE1",9,35.42313,0.18588102,0.005293314,0.20638958,0.01907015,0.44594014,0.039909884,0.6869627,0.0014682193,0.22653492,0.011725649,0.3047415,0.007328045
375316653866487564,6860591642631599616,0.5365803,2148.070385996316,0.6394592749417728,1.7021177E-5,15.790625,0.0940309,0.2659087,0.0026049633,0.19710581,0.026568526,0.59819615,0.084329344,0.7637522,0.0026590729,0.18177623,0.023201779,0.5761882,0.09086959,null,null,null,null,"TWOGAUSSIANS",8,11.684223,0.2670087,0.0027452004,0.4,0.0,0.13618532,0.0059122904,0.7637522,0.0026590729,0.4,0.0,0.13587445,0.006665121
375316653866487564,6860600820979782016,0.47979197,2118.6536126147657,2.499322232411477,3.960725E-5,14.410192,0.4087934,0.29418847,0.01284019,0.11616332,0.09711311,0.098526016,0.37596908,0.79308546,0.01085251,0.0981086,0.10618538,0.0783337,0.34850997,null,null,null,null,"TWOGAUSSIANS",8,92.33935,0.29418847,0.01283932,0.4,0.0,0.087050915,0.008911716,0.79308546,0.011281617,0.4,0.0,0.06687694,0.011947935
375316653866487564,6860604016435457536,0.4670616,2108.280720994838,3.035652841887294,2.4115461E-5,17.466995,0.0034373242,0.24360682,0.007529468,0.033994254,0.021175055,0.01962595,0.37729776,0.68050367,0.018513698,0.020880723,0.0075605977,0.06753972,0.05816964,0.04083835,0.00548197,0.24360682,0.007529468,"TWOGAUSSIANS_WITH_ELLIPSOIDAL_ON_ECLIPSE1",9,8.075052,0.68281364,0.018793803,0.11693205,0.042339347,0.13745575,0.05051595,0.24360682,0.007529468,0.19036782,0.118580304,0.10130261,0.37723893
375316653866487564,6860609445274149632,0.45685938,2116.7304240185767,0.29015721617066914,1.965172E-5,17.399162,0.009077521,0.44415605,0.0075268405,0.07231729,0.012846319,0.251075,0.02189228,0.018693205,0.9483617,0.09669885,0.033383034,0.042933036,0.010486073,null,null,null,null,"TWOGAUSSIANS",8,7.278085,0.44415605,0.007524245,0.4,0.02469287,0.2505436,0.022192717,0.018693205,0.9483614,0.4,0.0,0.042398967,0.0085123405
375316653866487564,6860618580665559808,0.6055951,2116.028957334069,2.556320270807121,7.28908E-6,12.902261,0.010411638,0.2529921,0.0038187169,0.055995088,0.006691453,0.15841426,0.023341253,0.7499786,0.0023685475,0.047566105,0.012677683,0.15848748,0.022114554,0.12975141,0.012123963,0.7499786,0.0023685475,"TWOGAUSSIANS_WITH_ELLIPSOIDAL_ON_ECLIPSE2",9,168.20769,0.7499786,0.0023685475,0.26637018,0.070995025,0.4179843,0.009097922,0.25212207,0.0023961351,0.3135725,0.037472136,0.4178449,0.008909951
375316653866487564,6860641189374407808,0.436143,2127.161281781956,0.03963488151796319,1.04453655E-4,19.483946,0.047796454,0.5647422,0.027913079,0.16892694,0.061400197,0.28798956,0.041016668,0.3043641,0.0778797,0.019217435,0.011731689,0.26173893,0.39432567,null,null,null,null,"TWOGAUSSIANS",8,3.6550002,0.30550408,0.07777178,0.10761764,0.065697454,0.34279874,0.43355325,0.5647422,0.027913079,0.4,0.0,0.2807779,0.036737114
375316653866487564,6860653941135774208,0.579868,2106.5581310137454,2.348747308831413,1.2747389E-5,16.929472,0.008611903,0.26681206,0.0030897183,0.044130705,0.009946874,0.07218236,0.021652337,0.770422,0.007870994,0.02941687,0.023378182,0.08256624,0.5384409,0.107913025,0.011766698,0.26681206,0.0030897183,"TWOGAUSSIANS_WITH_ELLIPSOIDAL_ON_ECLIPSE1",9,10.771662,0.770422,0.007819668,0.16473447,0.13091782,0.2982809,0.5473539,0.26681206,0.0030897183,0.24713194,0.0557025,0.28800803,0.012376716
375316653866487564,6860655727842155392,0.70391667,2136.4319034200603,1.1203353268531797,3.879998E-6,10.513518,5.275362E-4,0.7547138,0.0011346044,0.057143316,0.0021953718,0.09897153,0.0030418148,null,null,null,null,null,null,0.05256137,6.2670873E-4,0.7547138,0.0011346044,"ONEGAUSSIAN_WITH_ELLIPSOIDAL",6,17.371733,0.7547138,0.0011346044,0.3200026,0.012294082,0.20408729,0.0030442069,null,null,null,null,null,null
375316653866487564,6860711115740325760,0.49528468,2067.3309913337052,0.3719156564112877,9.323343E-6,14.76392,0.002955092,0.31918254,0.0012580523,0.024795344,0.0015939556,0.14459132,0.009569178,0.79633826,0.006793761,0.018811619,0.004667133,0.018421268,0.006687598,0.028494902,0.0059554623,0.79633826,0.006793761,"TWOGAUSSIANS_WITH_ELLIPSOIDAL_ON_ECLIPSE2",9,100.47665,0.31876254,0.0012157706,0.13885392,0.008926151,0.20043641,0.011779,0.79633826,0.006793761,0.10534507,0.026135944,0.07541098,0.009374072
375316653866487564,6860725409391577728,0.47907442,2089.2736901840967,3.520039353188573,1.6188162E-5,16.266535,0.0024607962,null,null,null,null,null,null,null,null,null,null,null,null,0.055468015,0.0029607425,0.2507889,0.0054914053,"ELLIPSOIDAL",4,25.899128,null,null,null,null,null,null,null,null,null,null,null,null
375316653866487564,6860750148403355136,0.65054506,2118.613032262552,2.7718236784093615,3.4076268E-6,14.370263,0.012939289,0.24725603,0.0020103531,0.047779147,0.007281636,0.15535267,0.024370063,0.7444762,0.00451166,0.050812036,0.008111865,0.22499567,0.021762049,0.10638935,0.0147979595,0.24725603,0.0020103531,"TWOGAUSSIANS_WITH_ELLIPSOIDAL_ON_ECLIPSE1",9,52.039837,0.7449262,0.0038304245,0.2845474,0.045426447,0.43771824,0.022106862,0.24725603,0.0020103531,0.26756322,0.04077716,0.36812967,0.008244296
375316653866487564,6860752377487396224,0.5054666,2091.88817458283,2.305930691429668,1.2579162E-5,18.38303,0.009432422,0.21943715,0.0023440542,0.027588662,0.0020666847,0.40205136,0.0409051,0.72161096,0.022032885,0.07647821,0.019436534,0.14558499,0.020214872,null,null,null,null,"TWOGAUSSIANS",8,7.7634273,0.21943715,0.0023440542,0.1544965,0.011573434,0.4020484,0.040904164,0.72161096,0.022032885,0.4,0.027435051,0.14558205,0.020220181
375316653866487564,6860759837850567168,0.60695153,2113.9977305263915,4.067525565393586,5.825165E-6,15.140154,0.018404594,0.24104708,0.0052141827,0.047436822,0.00446647,0.3473128,0.05035145,0.7271518,0.0024448503,0.052520484,0.004378775,0.43064258,0.043620955,0.09816364,0.025430178,0.24104708,0.0052141827,"TWOGAUSSIANS_WITH_ELLIPSOIDAL_ON_ECLIPSE1",9,129.33064,0.7284018,0.002140413,0.2941147,0.02452114,0.6256094,0.019859701,0.24104708,0.0052141827,0.26564622,0.025012232,0.54363835,0.019582456
375316653866487564,6860772860190487040,0.49350855,2113.9782552076936,0.03197976016412592,1.6722204E-5,17.489962,0.002195083,0.42717648,0.005107241,0.031224877,0.0045943637,0.16237724,0.013878985,0.7060395,0.0064253146,0.0952098,0.011853629,0.21983396,0.075438045,null,null,null,null,"TWOGAUSSIANS",8,3.9079711,0.7060395,0.0064253146,0.4,0.0,0.21983351,0.07543856,0.42774647,0.0052658776,0.17485932,0.025728436,0.16541786,0.01392756
375316653866487564,6860791070852079872,0.51464665,2058.914989368875,2.5534355402973197,3.598488E-5,14.804439,0.016992634,0.27629626,0.0073740073,0.08942037,0.007158185,0.2861675,0.027717238,0.78413314,0.0060406374,0.09552105,0.012623732,0.26347756,0.01608487,null,null,null,null,"TWOGAUSSIANS",8,341.68286,0.27629626,0.0073740073,0.4,0.0,0.2735387,0.025748733,0.78413314,0.0060406374,0.4,0.0,0.25084823,0.014237372
375316653866487564,6860800309321626112,0.572834,2100.0879132256746,4.269788858094823,8.548033E-6,17.968596,0.007993629,0.17370261,0.0040552197,0.072891176,0.005025858,0.4322435,0.026519744,0.6753454,0.0022348468,0.07039381,0.0028288793,0.49062967,0.014029445,null,null,null,null,"TWOGAUSSIANS",8,6.155045,0.6753454,0.0022348468,0.39420533,0.0138735315,0.48862496,0.01408575,0.17370261,0.0040552197,0.4,0.006845772,0.43023878,0.026840877
375316653866487564,6860804333710950400,0.528818,2044.9015216334076,1.3149873404002832,6.523907E-6,17.283636,0.0037773906,0.6880447,7.991063E-4,0.019994993,0.0010525738,0.9422552,0.14146969,null,null,null,null,null,null,null,null,null,null,"ONEGAUSSIAN",5,11.876324,0.6880447,7.991063E-4,0.11197196,0.0058944137,0.9422552,0.0,null,null,null,null,null,null
375316653866487564,6860805123985093376,0.555329,2054.0958305622416,1.3500375547547,8.121356E-5,16.352404,0.004018486,0.22781652,6.778318E-4,0.009276205,2.3204111E-4,1.426257,0.08900605,0.5448052,0.029190382,0.094181195,0.029292706,0.030246107,0.0085401265,null,null,null,null,"TWOGAUSSIANS",8,31.664392,0.22781652,6.778318E-4,0.051946748,0.0012994303,1.4263619,0.088990144,0.5448052,0.029190382,0.4,0.0,0.03024606,0.008541697
375316653866487564,6860828900924116608,0.56733817,2048.8197868697075,3.0608386503291998,6.1590767E-6,17.702559,0.011621459,0.25780165,0.0017026275,0.0907005,0.004176246,0.27893418,0.010727889,0.760007,0.0023225269,0.10025938,0.005908371,0.26017943,0.011708601,null,null,null,null,"TWOGAUSSIANS",8,3.6983094,0.25780165,0.0017026275,0.4,0.0,0.26203156,0.00638256,0.760007,0.0023225269,0.4,0.0,0.24327488,0.009991292
375316653866487564,6860830928148466944,0.47979003,2044.8993497903125,1.5259133674073824,3.5589908E-6,15.15577,0.004098061,0.79389334,0.0017947053,0.010888204,0.0012427496,0.59502876,0.07371772,null,null,null,null,null,null,0.009196991,0.0056586144,0.79389334,0.0017947053,"ONEGAUSSIAN_WITH_ELLIPSOIDAL",6,397.34528,0.79389334,0.0017947053,0.060973946,0.006959398,0.61342275,0.07368554,null,null,null,null,null,null
375316653866487564,6860843160215337344,0.59216684,2079.267213757906,2.0915221839605698,9.8188375E-6,15.996988,0.008310707,0.2366463,1.6558531E-4,0.011821547,0.0015351699,0.21049063,0.010756823,0.73097277,0.0022440727,0.046989664,0.002403098,0.81202537,0.035699185,0.06566798,0.009806215,0.73097277,0.0022440727,"TWOGAUSSIANS_WITH_ELLIPSOIDAL_ON_ECLIPSE2",9,161.98334,0.73097277,0.0022440727,0.2631421,0.013457348,0.94336075,0.034038547,0.23660628,1.5343675E-4,0.06620066,0.008596951,0.34166032,0.02877986
375316653866487564,6860847455182914560,0.6954213,2056.174511854014,0.25152282411125704,1.9948484E-6,13.676448,0.0011141003,0.20009217,0.016932096,0.00850405,0.0113344835,0.18637846,170.37457,0.6849292,5.3449615E-4,0.012313789,3.5073864E-4,0.5582546,0.009150895,0.0024764414,0.0016089272,0.20009217,0.016932096,"TWOGAUSSIANS_WITH_ELLIPSOIDAL_ON_ECLIPSE1",9,42.22853,0.6849292,5.3449615E-4,0.06895722,0.0019641365,0.5631626,0.009115495,0.20009217,0.016932096,0.04762268,0.063473105,0.19133134,170.375
375316653866487564,6860847485242520704,0.4704417,2077.406813698996,1.1547606491538112,1.3555293E-5,19.132317,0.003505053,0.21505043,0.0029412615,0.031924084,0.0031455422,0.12105825,0.010145476,0.7089796,0.0018254222,0.022021523,0.0022559545,0.36769295,0.06324002,null,null,null,null,"TWOGAUSSIANS",8,1.400385,0.7089796,0.0018254222,0.12332053,0.012633345,0.36769295,0.06324002,0.21505043,0.0029412615,0.17877486,0.017615037,0.12105825,0.010145476
375316653866487564,6860848245456907136,0.63236,2081.158836492186,1.930903808894033,2.3546775E-6,12.602035,0.01221691,0.25207013,7.502415E-4,0.06452673,0.004547544,0.2085807,0.024322037,0.7439032,0.0018809616,0.053617258,0.004396164,0.23266828,0.026007243,0.0899687,0.014249129,0.25207013,7.502415E-4,"TWOGAUSSIANS_WITH_ELLIPSOIDAL_ON_ECLIPSE1",9,118.90982,0.7451232,0.0015212479,0.30025664,0.024618518,0.4120864,0.005701081,0.25207013,7.502415E-4,0.36134967,0.025466247,0.38840163,0.007344934
375316653866487564,6860849929084070272,0.5641884,2120.9755249425507,2.7091461702793116,1.6635744E-5,14.513814,0.010703388,0.23143522,0.0027456798,0.09336544,0.004794749,0.30698508,0.010345775,0.73245084,0.0048884577,0.08386261,0.00728789,0.29651195,0.0133563755,null,null,null,null,"TWOGAUSSIANS",8,148.92825,0.23143522,0.0027456798,0.4,0.0,0.29589304,0.0072146477,0.73245084,0.0048884577,0.4,0.0,0.2854202,0.013974376
375316653866487564,6860862917065239680,0.5899433,2126.9162988921175,0.2655766035337988,2.4478555E-5,14.909873,0.0017906191,0.50926733,0.064766,0.07650907,0.058008168,0.013032933,0.0025153148,0.7407306,0.0796584,0.039756637,0.03340592,0.5279822,212.90643,null,null,null,null,"TWOGAUSSIANS",8,18.92025,0.7407306,0.0796584,0.22263716,0.18707314,0.52811635,212.90627,0.50926733,0.06479575,0.4,0.21325785,0.013032956,0.0025152774
375316653866487564,6860890164337520768,0.585055,2076.7869663559695,3.5769143953488336,5.5202618E-6,14.803252,0.009117526,0.23397234,0.0018882517,0.085833795,0.003182155,0.3807131,0.009897852,0.72340924,0.0019509146,0.08749041,0.0032843177,0.40161604,0.012107602,null,null,null,null,"TWOGAUSSIANS",8,113.220024,0.72340924,0.0019509146,0.4,0.0,0.3914043,0.011372741,0.23397234,0.0018882517,0.4,0.0,0.37050143,0.008431364
375316653866487564,6860902671282297088,0.58301795,2052.2357529805195,1.11265700550256,1.2919214E-5,11.667812,0.08406282,0.23545076,0.0017395995,0.2576602,0.01666476,0.6864022,0.080260746,0.73442787,0.001445986,0.17103879,0.008700512,0.49456233,0.0683949,null,null,null,null,"TWOGAUSSIANS",8,23.033466,0.73442787,0.001445986,0.4,0.0,0.096549824,0.0024307976,0.23600076,0.0018920191,0.4,0.0,0.0940331,0.0017909019
375316653866487564,6860903392836832256,0.52077764,2049.2379404368494,1.2833281769696636,2.34314E-6,18.420261,0.0074138218,0.22912951,3.429753E-4,0.017653484,4.5652888E-4,0.5226802,0.011546224,0.623254,0.042721648,0.16202533,0.043913078,0.037694186,0.016397968,null,null,null,null,"TWOGAUSSIANS",8,5.191948,0.2291495,3.4042812E-4,0.098859504,0.0025565617,0.5240266,0.011778287,0.623254,0.042721648,0.4,0.0,0.0370494,0.016444933
375316653866487564,6860908065761282944,0.65630984,2040.6607021426466,2.7046450524802825,1.8791496E-6,15.346432,0.004274524,0.2314529,0.0020754703,0.082453005,0.0024380959,0.40870082,0.00927055,0.7268319,7.7689136E-4,0.07423836,9.954765E-4,0.4988836,0.0055893795,null,null,null,null,"TWOGAUSSIANS",8,23.30651,0.7268319,7.7689136E-4,0.4,0.0,0.49386948,0.0052475976,0.2314529,0.0020754703,0.4,0.0,0.4036867,0.009341362
375316653866487564,6860912360728666752,0.6430457,2067.591912091318,1.4465111820499028,1.6779734E-6,14.299973,0.0027122363,0.2715266,0.002280018,0.04928683,0.0046314728,0.04743381,0.0063047265,0.7638225,4.2881217E-4,0.04729111,0.001002951,0.40853772,0.007590407,0.036798637,0.0031150403,0.2715266,0.002280018,"TWOGAUSSIANS_WITH_ELLIPSOIDAL_ON_ECLIPSE1",9,21.097008,0.76406246,3.9551538E-4,0.26483023,0.005616525,0.48196703,0.008550219,0.2715266,0.002280018,0.27600625,0.025936246,0.121030144,0.0029630517
375316653866487564,6860919679353135872,0.5873484,2065.7543802154705,3.967760259748638,5.4894153E-6,17.082424,0.008165661,0.28037673,0.002442295,0.08576693,0.0039450913,0.2542993,0.0093186805,0.7917387,0.0015421255,0.08620598,0.0069158208,0.2681913,0.010405796,null,null,null,null,"TWOGAUSSIANS",8,6.653043,0.7917387,0.0015421255,0.4,0.0,0.261911,0.013208594,0.28037673,0.002442295,0.4,0.0,0.24801901,0.007589372
375316653866487564,6860940604433615488,0.5446235,2038.6465467651085,2.4253259483175587,5.4364114E-6,15.762756,0.206808,0.2713094,0.0030373498,0.20781103,0.105434775,0.16450915,0.20537908,0.7687733,0.0021898947,0.13800195,0.021221219,0.16869433,0.10762443,null,null,null,null,"TWOGAUSSIANS",8,2.8170013,0.7687733,0.0021898947,0.4,0.0,0.07540729,0.0023179636,0.2715294,0.0030172572,0.4,0.0,0.053492177,0.001915094
375316653866487564,6860946033272554752,0.439677,2078.422433115556,2.717717346119112,9.42812E-5,18.148914,0.0125022195,0.19522381,0.009571823,0.052512076,0.01984721,0.15640427,0.035207048,0.6718736,0.020175051,0.08226529,0.027194656,0.083887845,0.019536102,null,null,null,null,"TWOGAUSSIANS",8,8.235057,0.19522381,0.009571823,0.29406762,0.111144386,0.15629435,0.03593055,0.6718736,0.020175051,0.4,0.00719198,0.08377791,0.01931862
375316653866487564,6860950156441222656,0.48651683,2096.903889548254,1.1019473694203148,1.02807935E-4,18.384253,0.0058507724,0.25443247,0.0032429616,0.019619908,0.0035587638,0.5884832,0.40973535,0.8196702,0.028014643,0.018516129,0.017879413,0.12883309,116895.55,null,null,null,null,"TWOGAUSSIANS",8,7.671506,0.25443247,0.0032429616,0.10987149,0.019929077,0.5884832,0.40973535,0.8196702,0.028014643,0.10369032,0.10012472,0.12883309,116895.55
