Gaia/vari_eclipsing_binary/VariEclipsingBinary_630380-630505.csv
# %ECSV 1.0
# ---
# delimiter: ','
# meta: !!omap
# - RELEASE: Gaia DR3
# - TABLE: vari_eclipsing_binary
# - DESCRIPTION: >
#     This table describes the properties of the eclipsing binaries resulting from the variability analysis. 
# - CITATION: >
#     How to cite and acknowledge Gaia: 
#     https://gea.esac.esa.int/archive/documentation/credits.html 
# - KNOWN_ISSUES: >
#     Known issues: 
#     https://www.cosmos.esa.int/web/gaia-users/known-issues 
# - DOCUMENTATION: >
#     Tutorials and documentation: 
#     https://www.cosmos.esa.int/web/gaia-users/archive 
# datatype:
# - 
#   name: solution_id
#   datatype: int64
#   description: Solution Identifier
#   meta:
#     ucd: meta.version
# - 
#   name: source_id
#   datatype: int64
#   description: Unique source identifier
#   meta:
#     ucd: meta.id;meta.main
# - 
#   name: global_ranking
#   datatype: float32
#   description: Number between 0 (worst) and 1 (best)
#   meta:
#     ucd: stat.param
# - 
#   name: reference_time
#   datatype: float64
#   unit: d
#   description: Reference time used for the geometric model fit
#   meta:
#     ucd: time.epoch
# - 
#   name: frequency
#   datatype: float64
#   unit: d**-1
#   description: Frequency of geometric model of the eclipsing binary light curve
#   meta:
#     ucd: src.orbital
# - 
#   name: frequency_error
#   datatype: float32
#   unit: d**-1
#   description: "Uncertainty of \\texttt{frequency}"
#   meta:
#     ucd: stat.error
# - 
#   name: geom_model_reference_level
#   datatype: float32
#   unit: mag
#   description: Magnitude reference level of geometric model
#   meta:
#     ucd: phot.mag;em.opt
# - 
#   name: geom_model_reference_level_error
#   datatype: float32
#   unit: mag
#   description: "Uncertainty of \\texttt{geomModelReferenceLevel}"
#   meta:
#     ucd: stat.error;phot.mag;em.opt
# - 
#   name: geom_model_gaussian1_phase
#   datatype: float32
#   description: Phase of the Gaussian 1 component
#   meta:
#     ucd: time.phase
# - 
#   name: geom_model_gaussian1_phase_error
#   datatype: float32
#   description: "Uncertainty of \\texttt{geomModelGaussian1Phase}"
#   meta:
#     ucd: stat.error;time.phase
# - 
#   name: geom_model_gaussian1_sigma
#   datatype: float32
#   description: "Standard deviation [phase] of Gaussian 1 component"
#   meta:
#     ucd: stat.stdev
# - 
#   name: geom_model_gaussian1_sigma_error
#   datatype: float32
#   description: "Uncertainty of \\texttt{geomModelGaussian1Sigma}"
#   meta:
#     ucd: stat.error
# - 
#   name: geom_model_gaussian1_depth
#   datatype: float32
#   unit: mag
#   description: Magnitude depth of Gaussian 1 component
#   meta:
#     ucd: src.var.amplitude
# - 
#   name: geom_model_gaussian1_depth_error
#   datatype: float32
#   unit: mag
#   description: "Uncertainty of \\texttt{geomModelGaussian1Depth}"
#   meta:
#     ucd: stat.error;src.var.amplitude
# - 
#   name: geom_model_gaussian2_phase
#   datatype: float32
#   description: Phase of Gaussian 2 component
#   meta:
#     ucd: time.phase
# - 
#   name: geom_model_gaussian2_phase_error
#   datatype: float32
#   description: "Uncertainty of \\texttt{geomModelGaussian2Phase}"
#   meta:
#     ucd: stat.error;time.phase
# - 
#   name: geom_model_gaussian2_sigma
#   datatype: float32
[...]
#   datatype: float32
#   description: "Secondary eclipse: uncertainty of \\texttt{derivedSecondaryEclDuration}"
#   meta:
#     ucd: stat.error;time.duration
# - 
#   name: derived_secondary_ecl_depth
#   datatype: float32
#   unit: mag
#   description: "Secondary eclipse: depth"
#   meta:
#     ucd: src.var.amplitude
# - 
#   name: derived_secondary_ecl_depth_error
#   datatype: float32
#   unit: mag
#   description: "Secondary eclipse: uncertainty of \\texttt{derivedSecondaryEclDepth}"
#   meta:
#     ucd: stat.error;src.var.amplitude
solution_id,source_id,global_ranking,reference_time,frequency,frequency_error,geom_model_reference_level,geom_model_reference_level_error,geom_model_gaussian1_phase,geom_model_gaussian1_phase_error,geom_model_gaussian1_sigma,geom_model_gaussian1_sigma_error,geom_model_gaussian1_depth,geom_model_gaussian1_depth_error,geom_model_gaussian2_phase,geom_model_gaussian2_phase_error,geom_model_gaussian2_sigma,geom_model_gaussian2_sigma_error,geom_model_gaussian2_depth,geom_model_gaussian2_depth_error,geom_model_cosine_half_period_amplitude,geom_model_cosine_half_period_amplitude_error,geom_model_cosine_half_period_phase,geom_model_cosine_half_period_phase_error,model_type,num_model_parameters,reduced_chi2,derived_primary_ecl_phase,derived_primary_ecl_phase_error,derived_primary_ecl_duration,derived_primary_ecl_duration_error,derived_primary_ecl_depth,derived_primary_ecl_depth_error,derived_secondary_ecl_phase,derived_secondary_ecl_phase_error,derived_secondary_ecl_duration,derived_secondary_ecl_duration_error,derived_secondary_ecl_depth,derived_secondary_ecl_depth_error
[from data line 722]
375316653866487564,5545888276301010688,0.41751942,2229.1075833986883,0.23068195966468752,3.2514705E-5,19.079296,0.010855588,0.1390309,0.006208778,0.05337118,0.007985192,0.18559691,0.05276466,0.4068114,0.010697414,0.047704436,0.008470547,0.17015745,0.02907799,0.049501166,0.013366952,0.1390309,0.006208778,"TWOGAUSSIANS_WITH_ELLIPSOIDAL_ON_ECLIPSE1",9,10.827604,0.1390309,0.006208778,0.2988786,0.04471708,0.28459606,0.050412115,0.4088614,0.012687694,0.26714486,0.047435064,0.17152674,0.02835016
375316653866487564,5545889753769310848,0.64082456,2236.087649151974,2.0167898720564494,4.261147E-6,16.965342,0.008931982,0.22861288,0.0011957008,0.05741425,0.0057256324,0.17690659,0.01723934,0.7347503,0.0028798168,0.047419067,0.005962885,0.17700125,0.017697038,0.095880724,0.010218138,0.22861288,0.0011957008,"TWOGAUSSIANS_WITH_ELLIPSOIDAL_ON_ECLIPSE1",9,5.237639,0.22861288,0.0011957008,0.3215198,0.032063544,0.36865416,0.0057572257,0.7347503,0.0028798168,0.26554677,0.033392154,0.36846384,0.0052467473
375316653866487564,5545889891208262144,0.67564905,2233.0245439860387,0.6724196275560955,2.9166936E-6,11.097754,0.0014972831,0.15630053,3.805222E-4,0.024478255,3.5125532E-4,0.5919562,0.007926396,0.6560161,3.9264894E-4,0.025602104,6.885791E-4,0.4338115,0.008025958,0.013673604,0.0025443467,0.15630053,3.805222E-4,"TWOGAUSSIANS_WITH_ELLIPSOIDAL_ON_ECLIPSE1",9,69.43512,0.15630053,3.805222E-4,0.13707823,0.0019670299,0.6193034,0.008227823,0.6560161,3.9264894E-4,0.14337178,0.0038560429,0.4611586,0.008852559
375316653866487564,5545891025079907328,0.6729053,2239.005900439666,0.2397962572358814,3.4816092E-6,17.083231,0.0020609468,0.7493882,3.225829E-4,0.020452011,3.4053362E-4,0.8461924,0.01206696,null,null,null,null,null,null,0.025162814,0.0026427729,0.7493882,3.225829E-4,"ONEGAUSSIAN_WITH_ELLIPSOIDAL",6,7.64633,0.7493882,3.225829E-4,0.11453127,0.0019069882,0.89651805,0.011886148,null,null,null,null,null,null
375316653866487564,5545891196878559616,0.4947632,2186.1459651848563,2.4742608263427237,1.4324352E-5,19.358751,0.053071886,0.31013045,0.005126423,0.10879898,0.018735973,0.23562157,0.047463696,0.77818286,0.0061780284,0.11790996,0.02319639,0.24785464,0.046666436,null,null,null,null,"TWOGAUSSIANS",8,1.4214146,0.77818286,0.0061780284,0.4,0.0,0.21706083,0.016956184,0.31027046,0.0049786246,0.4,0.0,0.20490718,0.014393005
375316653866487564,5545895040864728192,0.6040676,2256.567515757213,3.145594849152511,7.201012E-6,18.614944,0.013308446,0.1929225,0.0025421816,0.046574257,0.0034051058,0.53666997,0.04273923,0.69359046,0.0014237595,0.047524337,0.0032478992,0.38684267,0.03355485,0.13407028,0.019980967,0.1929225,0.0025421816,"TWOGAUSSIANS_WITH_ELLIPSOIDAL_ON_ECLIPSE1",9,6.3515286,0.1929225,0.0025421816,0.26081583,0.019068593,0.8048098,0.026583433,0.69359046,0.0013404582,0.2661363,0.018188236,0.6549778,0.020328809
375316653866487564,5545897312906143744,0.44206223,2204.3204710911305,0.21287224974991298,5.453513E-6,19.703642,0.016671918,0.33703285,0.0057366947,0.019724373,0.017134184,0.31042552,7.3879266,0.86010265,4.2164026E-4,0.013902513,0.0011917927,0.56274307,0.047162514,null,null,null,null,"TWOGAUSSIANS",8,4.8958864,0.86010265,4.2164026E-4,0.077854075,0.0066740387,0.56274307,0.047162514,0.33703285,0.0057366947,0.11045649,0.09595143,0.31042552,7.3879266
375316653866487564,5545897587789608320,0.57084066,2206.226302827172,1.6952319730898782,8.591088E-6,17.02543,0.060284242,0.2915985,0.002726289,0.14445633,0.0286167,0.17501622,0.05890639,0.7909631,0.0020202203,0.1226443,0.017214743,0.19582674,0.056877784,null,null,null,null,"TWOGAUSSIANS",8,1.6893976,0.7909631,0.0020173746,0.4,0.0,0.13352193,0.0035361173,0.2916085,0.002729142,0.4,0.0,0.11193143,0.0030675544
375316653866487564,5545897862667491200,0.5840523,2223.9605778413334,2.0513711824824803,9.7775555E-6,16.451162,0.018043851,0.21608,0.0021730314,0.110992335,0.0065466305,0.25244093,0.017254962,0.71305627,0.0024173185,0.111756034,0.007645129,0.2552345,0.017138897,null,null,null,null,"TWOGAUSSIANS",8,7.9394894,0.71305627,0.0024173185,0.4,0.0,0.21560812,0.0053899847,0.21609,0.0021779805,0.4,0.0,0.21281776,0.0043402323
375316653866487564,5545898274984384000,0.4669112,2211.185868711418,4.556806080939099,1.64866E-5,14.496038,0.0010496901,0.28478423,0.0025388573,0.02473379,0.0038889025,0.053960584,0.007070004,0.6501017,0.03041879,0.0257105,0.018838326,0.016971227,0.02142635,null,null,null,null,"TWOGAUSSIANS",8,21.437366,0.28478423,0.0025388573,0.13850923,0.021777853,0.053960584,0.007070004,0.6501017,0.03041879,0.1439788,0.105494626,0.016971227,0.02142635
375316653866487564,5545899610710104064,0.5684903,2190.536417455376,1.676224659594845,6.839169E-6,19.277277,0.005642577,0.24901074,0.0022458634,0.04661762,0.0028635273,0.8279792,0.07493741,0.74505085,0.0041411547,0.059260327,0.0044718804,0.18854961,0.006879497,null,null,null,null,"TWOGAUSSIANS",8,2.4370232,0.24901074,0.0022458634,0.26105866,0.016035752,0.8279707,0.074944556,0.74505085,0.0041411547,0.33185783,0.025042532,0.1885411,0.0068756235
375316653866487564,5545899992971207680,0.51367015,2170.0781437705928,2.8480989581832032,2.1236723E-5,16.89872,0.040894374,0.23610407,0.0049407408,0.06451554,0.028708002,0.109428994,0.08650859,0.7734125,0.028397275,0.062294167,0.042833656,0.11059989,0.068836845,0.085147694,0.049734842,0.23610407,0.0049407408,"TWOGAUSSIANS_WITH_ELLIPSOIDAL_ON_ECLIPSE1",9,46.350193,0.23610407,0.0049407408,0.36128703,0.15769659,0.27966198,0.018120814,0.7734125,0.028397275,0.34884733,0.23643427,0.27164516,0.022344172
375316653866487564,5545900194825732224,0.61193293,2191.717791438328,3.4967935209932826,3.834091E-6,18.530111,0.010751544,0.16875497,0.0016439585,0.05957862,0.0032143593,0.33019826,0.024785645,0.66573316,0.0017862918,0.049834073,0.0036259168,0.32845646,0.02154287,0.11445815,0.012201061,0.16875497,0.0016439585,"TWOGAUSSIANS_WITH_ELLIPSOIDAL_ON_ECLIPSE1",9,2.8232722,0.16875497,0.0016439585,0.33364028,0.018000413,0.5590634,0.012175649,0.6660932,0.0015217329,0.2790708,0.020305134,0.55724895,0.017904896
375316653866487564,5545900641502299392,0.54428375,2197.1244382442624,1.0481805383948697,9.059141E-6,17.936874,0.0050363117,0.23484676,0.0039693043,0.03147617,0.0032477197,0.8594372,0.033734236,0.75142103,0.015984755,0.026655126,0.013150692,0.0817435,0.046356983,0.03536913,0.015107768,0.23484676,0.0039693043,"TWOGAUSSIANS_WITH_ELLIPSOIDAL_ON_ECLIPSE1",9,19.467726,0.23484676,0.0039693043,0.17626655,0.01818723,0.9301754,0.03271056,0.75142103,0.015984755,0.1492687,0.07364387,0.15171732,0.042790037
375316653866487564,5545903085334079488,0.48318493,2267.152799021248,0.3951188861783746,5.0354247E-5,19.781103,0.0039162594,0.22561081,0.0054042656,0.01865841,0.0031954886,0.35287258,0.033060372,0.74151284,0.01853001,0.025153402,0.0075718993,0.32580942,0.16083191,null,null,null,null,"TWOGAUSSIANS",8,1.156471,0.22561081,0.0054042656,0.1044871,0.017894736,0.35287258,0.033060372,0.74151284,0.01853001,0.14085905,0.042402636,0.32580942,0.16083191
375316653866487564,5545904425374311552,0.58227897,2225.345577331404,1.015384747112124,6.5039235E-6,16.358633,0.009431646,0.2643472,0.0014767365,0.09062413,0.003440313,0.30908045,0.00895786,0.7605947,0.0028961492,0.11949088,0.008354074,0.16153978,0.008450779,null,null,null,null,"TWOGAUSSIANS",8,8.461874,0.26435718,0.0014865276,0.4,0.0,0.28572983,0.0069409804,0.7605947,0.0028961492,0.4,0.0,0.1381379,0.005129011
375316653866487564,5545904906410706432,0.67547715,2241.712491889617,0.30264211592698925,2.2224669E-5,17.026016,8.70387E-4,0.14506896,0.0016589392,0.015594306,7.350808E-4,0.55810857,0.054506414,0.6425964,0.013505717,0.015808955,0.0059322678,0.72083443,0.32848302,null,null,null,null,"TWOGAUSSIANS",8,1.9599676,0.6425964,0.013505717,0.088530146,0.0332207,0.72083443,0.32848302,0.14506896,0.0016589392,0.08732812,0.0041164523,0.55810857,0.054506414
375316653866487564,5545907891402167424,0.48337904,2250.8081977177944,1.888764652438325,3.4207485E-5,19.757847,0.006461792,0.13831192,0.007392612,0.033288784,0.0064355354,0.3382223,0.065009475,0.6329362,0.0054152594,0.044890985,0.013210218,0.8871644,0.5801706,null,null,null,null,"TWOGAUSSIANS",8,3.4896626,0.6329362,0.0054152594,0.25138953,0.073977225,0.8871644,0.58017075,0.13831192,0.007392612,0.1864172,0.036039,0.3382223,0.065009475
375316653866487564,5545912220729400832,0.51804537,2263.3073288700766,2.8027552178869652,9.53793E-6,18.87715,0.048038643,0.14961061,0.0040422105,0.11322081,0.018621052,0.21217734,0.047192834,0.64535606,0.0042943386,0.119099915,0.01839708,0.22258991,0.045210324,null,null,null,null,"TWOGAUSSIANS",8,1.5701443,0.64535606,0.0042943386,0.4,0.0,0.1813813,0.010279723,0.1496306,0.0040349583,0.4,0.0,0.17101067,0.008741168
375316653866487564,5545912804844956032,0.55731463,2216.226819932757,1.2907068574547351,1.2272974E-5,19.765581,0.0042443047,0.20622993,0.0015961468,0.030352646,0.0027586345,0.53328794,0.027533904,0.70454365,0.0037235005,0.027565455,0.0024625135,0.7178445,0.09762093,null,null,null,null,"TWOGAUSSIANS",8,2.0935938,0.70454365,0.0037235005,0.15436655,0.013790076,0.7178445,0.09762093,0.20622993,0.0015961468,0.16997482,0.015448353,0.53328794,0.027533904
375316653866487564,5545912809150364032,0.65158385,2244.522683978078,0.7508392078734459,1.0998783E-5,15.236854,0.0014092377,0.2945563,8.6813135E-4,0.029956987,6.210481E-4,0.393222,0.0050279577,0.79068726,0.01062099,0.02558864,0.00731047,0.094541244,0.020408507,0.0109055005,0.0016880085,0.2945563,8.6813135E-4,"TWOGAUSSIANS_WITH_ELLIPSOIDAL_ON_ECLIPSE1",9,9.83722,0.2945563,8.6813135E-4,0.16775914,0.0034778693,0.415033,0.0046727094,0.7907373,0.010545912,0.14329638,0.040938634,0.116339505,0.020152148
375316653866487564,5545913908661986432,0.603527,2257.0682177130348,0.9727744069659535,3.4142336E-6,16.629833,0.00552722,0.21309622,0.0015576937,0.044947665,0.002520478,0.34724948,0.011444174,0.7017188,0.015965376,0.02921488,0.012481743,0.14072567,0.04470723,0.05158049,0.007601146,0.21309622,0.0015576937,"TWOGAUSSIANS_WITH_ELLIPSOIDAL_ON_ECLIPSE1",9,10.751789,0.21309622,0.0015576937,0.25170693,0.014114677,0.4504103,0.007675038,0.7022488,0.01594816,0.16360332,0.069897756,0.24338488,0.0465863
375316653866487564,5545915832796627456,0.42025304,2243.542834112967,2.391646203672027,3.1875858E-5,19.244379,0.007958011,0.17209023,0.0059393225,0.040903773,0.012084419,0.14893259,0.0656881,0.8738974,0.013433186,0.047449023,0.012558639,0.12515745,0.036455683,0.066359,0.022531498,0.17209023,0.0059393225,"TWOGAUSSIANS_WITH_ELLIPSOIDAL_ON_ECLIPSE1",9,5.7876477,0.17209023,0.0059393225,0.22906113,0.067672744,0.28165,0.06881295,0.8738974,0.013433186,0.26571453,0.07032838,0.13695846,0.03866266
375316653866487564,5545915897221490176,0.5809436,2202.829308308184,0.7992058820305015,1.6014681E-5,18.007853,0.0025821486,0.19896199,0.012242428,0.02334519,0.016355624,0.17167531,0.22207694,0.7080896,0.006862765,0.022379344,0.0038665303,0.58343416,0.08730605,null,null,null,null,"TWOGAUSSIANS",8,3.3911057,0.7080896,0.006862765,0.12532432,0.02165257,0.58343416,0.08730605,0.19896199,0.012242428,0.13073306,0.09159149,0.17167531,0.22207694
375316653866487564,5545916004595169408,0.5381742,2185.2641370538104,3.3223899668516452,1.3211463E-5,19.688982,0.040389925,0.26356182,0.0064738668,0.038991466,0.006391062,0.3274118,0.17697813,0.75623804,0.008127253,0.041719016,0.016696937,0.48662192,0.07176999,0.12983043,0.06718014,0.26356182,0.0064738668,"TWOGAUSSIANS_WITH_ELLIPSOIDAL_ON_ECLIPSE1",9,4.098629,0.75673807,0.0072311005,0.23362648,0.09350285,0.74577075,0.09210994,0.26356182,0.0064738668,0.21835221,0.035789948,0.5870726,0.07938483
375316653866487564,5545916451282675072,0.4564809,2220.9442429978717,2.474854772446837,3.9893268E-5,16.250057,0.36376375,0.2541354,0.011369671,0.20575704,0.08847411,0.48903912,0.34702492,0.7521675,0.0067732236,0.18010874,0.052820377,0.44216818,0.3125629,null,null,null,null,"TWOGAUSSIANS",8,31.010195,0.2551354,0.010962252,0.4,0.0,0.107558854,0.007516173,0.7521675,0.0067732236,0.4,0.0,0.09298658,0.010129752
375316653866487564,5545916824934632704,0.50220954,2225.524298395308,2.5504250987504964,9.921917E-6,18.457666,0.045953304,0.31473008,0.0034989445,0.104324885,0.010589499,0.3774003,0.044255383,0.808054,0.008985232,0.11751345,0.021592308,0.32120222,0.037018023,null,null,null,null,"TWOGAUSSIANS",8,5.500685,0.31475008,0.003472765,0.4,0.0,0.32663867,0.017000979,0.808054,0.008985232,0.4,0.0,0.27037132,0.018207815
375316653866487564,5545919474939890816,0.5007088,2251.0312238386296,0.06496218001426779,3.6700116E-5,14.609182,0.0020687412,0.23474719,0.010121379,0.03731708,0.0065340325,0.14449337,0.03870691,0.67993146,0.01965646,0.011863727,0.0061023305,0.573972,2.985916,null,null,null,null,"TWOGAUSSIANS",8,12.598805,0.67993146,0.01965646,0.06643687,0.03417305,0.573972,2.985916,0.23474719,0.010121379,0.20897564,0.036590584,0.14449337,0.03870691
375316653866487564,5545919646738542720,0.62769437,2216.418899726125,0.2960418462104926,8.094142E-6,15.525235,9.57374E-4,0.34770003,0.0063965046,0.017110482,0.0040814485,0.18722883,0.022596866,0.8006491,0.0052801035,0.009664553,0.0037303057,0.35471496,0.94875556,null,null,null,null,"TWOGAUSSIANS",8,8.314595,0.8006491,0.0052801035,0.054121498,0.020889712,0.35471496,0.94875556,0.34770003,0.0063965046,0.0958187,0.02285611,0.18722883,0.022596866
375316653866487564,5545920123469176320,0.4688505,2223.7544373730584,0.765919829197113,1.4168912E-5,19.41212,0.007753053,0.18144664,0.016474007,0.017362962,0.014830163,0.2952716,0.2350643,0.7172198,0.026050827,0.047025938,0.019258164,0.23547077,0.080332376,null,null,null,null,"TWOGAUSSIANS",8,2.6356,0.18144664,0.016474007,0.09723259,0.08304891,0.2952716,0.2350643,0.7172198,0.026050827,0.26334524,0.10784572,0.23547077,0.080332376
375316653866487564,5545921085543477888,0.5338464,2201.6274122925793,1.4683948247953484,1.2423262E-5,18.424946,0.0028203926,0.24345002,0.0061865244,0.06782801,0.005254628,0.13089535,0.009963355,0.74537957,0.0034873951,0.057156824,0.0026949039,0.25585297,0.013630558,null,null,null,null,"TWOGAUSSIANS",8,1.9380857,0.74537957,0.0034873951,0.32007822,0.015091462,0.25574204,0.013638149,0.24345002,0.0061865244,0.37983683,0.029425919,0.13078442,0.009978566
375316653866487564,5545923215847345920,0.57879734,2187.3287023077537,0.6710274363194488,1.4778723E-5,18.083931,0.015839688,0.24069306,0.0036674242,0.0991044,0.0071258824,0.28412893,0.016042314,0.7626699,0.0026051896,0.11061154,0.007846724,0.21042886,0.01511148,null,null,null,null,"TWOGAUSSIANS",8,1.6227292,0.24067307,0.003667946,0.4,0.0,0.2623662,0.0072661918,0.76267993,0.002605968,0.4,0.0,0.18864736,0.0063941386
375316653866487564,5545925968930382592,0.589901,2203.790050861701,1.0026799690757038,4.6816476E-5,15.971747,0.0010915737,0.2533467,8.9555664E-4,0.031058513,0.0010275984,0.37736747,0.008008212,null,null,null,null,null,null,null,null,null,null,"ONEGAUSSIAN",5,6.9754868,0.2533467,8.9555664E-4,0.17392766,0.0057545514,0.37736747,0.0,null,null,null,null,null,null
375316653866487564,5545926381247342208,0.5635476,2204.631559831212,2.5330730511401827,2.943096E-6,16.909172,0.0027817101,0.35835445,0.008475375,0.026693523,0.0060312226,0.4261533,0.061072942,0.8583183,3.5213734E-4,0.019507008,4.1534656E-4,0.5811877,0.02540761,null,null,null,null,"TWOGAUSSIANS",8,12.1842,0.8583183,3.5213734E-4,0.10923924,0.0023259409,0.5811877,0.02540761,0.35835445,0.008475375,0.14948373,0.03377485,0.4261533,0.061072942
375316653866487564,5545928545899574016,0.43858492,2205.0863864725857,3.4834223227657684,2.1981787E-5,19.548517,0.018612707,0.34454364,0.027270786,0.08623154,0.029449822,0.17220074,0.039819606,0.83293504,0.0045080623,0.064022034,0.011149586,0.22666077,0.029791124,null,null,null,null,"TWOGAUSSIANS",8,4.6038876,0.83293504,0.0045080623,0.3585234,0.062437683,0.22550194,0.030415667,0.34454364,0.027270786,0.4,0.0,0.17104189,0.040896673
