Gaia/vari_eclipsing_binary/VariEclipsingBinary_470300-470339.csv
# %ECSV 1.0
# ---
# delimiter: ','
# meta: !!omap
# - RELEASE: Gaia DR3
# - TABLE: vari_eclipsing_binary
# - DESCRIPTION: >
#     This table describes the properties of the eclipsing binaries resulting from the variability analysis. 
# - CITATION: >
#     How to cite and acknowledge Gaia: 
#     https://gea.esac.esa.int/archive/documentation/credits.html 
# - KNOWN_ISSUES: >
#     Known issues: 
#     https://www.cosmos.esa.int/web/gaia-users/known-issues 
# - DOCUMENTATION: >
#     Tutorials and documentation: 
#     https://www.cosmos.esa.int/web/gaia-users/archive 
# datatype:
# - 
#   name: solution_id
#   datatype: int64
#   description: Solution Identifier
#   meta:
#     ucd: meta.version
# - 
#   name: source_id
#   datatype: int64
#   description: Unique source identifier
#   meta:
#     ucd: meta.id;meta.main
# - 
#   name: global_ranking
#   datatype: float32
#   description: Number between 0 (worst) and 1 (best)
#   meta:
#     ucd: stat.param
# - 
#   name: reference_time
#   datatype: float64
#   unit: d
#   description: Reference time used for the geometric model fit
#   meta:
#     ucd: time.epoch
# - 
#   name: frequency
#   datatype: float64
#   unit: d**-1
#   description: Frequency of geometric model of the eclipsing binary light curve
#   meta:
#     ucd: src.orbital
# - 
#   name: frequency_error
#   datatype: float32
#   unit: d**-1
#   description: "Uncertainty of \\texttt{frequency}"
#   meta:
#     ucd: stat.error
# - 
#   name: geom_model_reference_level
#   datatype: float32
#   unit: mag
#   description: Magnitude reference level of geometric model
#   meta:
#     ucd: phot.mag;em.opt
# - 
#   name: geom_model_reference_level_error
#   datatype: float32
#   unit: mag
#   description: "Uncertainty of \\texttt{geomModelReferenceLevel}"
#   meta:
#     ucd: stat.error;phot.mag;em.opt
# - 
#   name: geom_model_gaussian1_phase
#   datatype: float32
#   description: Phase of the Gaussian 1 component
#   meta:
#     ucd: time.phase
# - 
#   name: geom_model_gaussian1_phase_error
#   datatype: float32
#   description: "Uncertainty of \\texttt{geomModelGaussian1Phase}"
#   meta:
#     ucd: stat.error;time.phase
# - 
#   name: geom_model_gaussian1_sigma
#   datatype: float32
#   description: "Standard deviation [phase] of Gaussian 1 component"
#   meta:
#     ucd: stat.stdev
# - 
#   name: geom_model_gaussian1_sigma_error
#   datatype: float32
#   description: "Uncertainty of \\texttt{geomModelGaussian1Sigma}"
#   meta:
#     ucd: stat.error
# - 
#   name: geom_model_gaussian1_depth
#   datatype: float32
#   unit: mag
#   description: Magnitude depth of Gaussian 1 component
#   meta:
#     ucd: src.var.amplitude
# - 
#   name: geom_model_gaussian1_depth_error
#   datatype: float32
#   unit: mag
#   description: "Uncertainty of \\texttt{geomModelGaussian1Depth}"
#   meta:
#     ucd: stat.error;src.var.amplitude
# - 
#   name: geom_model_gaussian2_phase
#   datatype: float32
#   description: Phase of Gaussian 2 component
#   meta:
#     ucd: time.phase
# - 
#   name: geom_model_gaussian2_phase_error
#   datatype: float32
#   description: "Uncertainty of \\texttt{geomModelGaussian2Phase}"
#   meta:
#     ucd: stat.error;time.phase
# - 
#   name: geom_model_gaussian2_sigma
#   datatype: float32
[...]
#   datatype: float32
#   description: "Secondary eclipse: uncertainty of \\texttt{derivedSecondaryEclDuration}"
#   meta:
#     ucd: stat.error;time.duration
# - 
#   name: derived_secondary_ecl_depth
#   datatype: float32
#   unit: mag
#   description: "Secondary eclipse: depth"
#   meta:
#     ucd: src.var.amplitude
# - 
#   name: derived_secondary_ecl_depth_error
#   datatype: float32
#   unit: mag
#   description: "Secondary eclipse: uncertainty of \\texttt{derivedSecondaryEclDepth}"
#   meta:
#     ucd: stat.error;src.var.amplitude
solution_id,source_id,global_ranking,reference_time,frequency,frequency_error,geom_model_reference_level,geom_model_reference_level_error,geom_model_gaussian1_phase,geom_model_gaussian1_phase_error,geom_model_gaussian1_sigma,geom_model_gaussian1_sigma_error,geom_model_gaussian1_depth,geom_model_gaussian1_depth_error,geom_model_gaussian2_phase,geom_model_gaussian2_phase_error,geom_model_gaussian2_sigma,geom_model_gaussian2_sigma_error,geom_model_gaussian2_depth,geom_model_gaussian2_depth_error,geom_model_cosine_half_period_amplitude,geom_model_cosine_half_period_amplitude_error,geom_model_cosine_half_period_phase,geom_model_cosine_half_period_phase_error,model_type,num_model_parameters,reduced_chi2,derived_primary_ecl_phase,derived_primary_ecl_phase_error,derived_primary_ecl_duration,derived_primary_ecl_duration_error,derived_primary_ecl_depth,derived_primary_ecl_depth_error,derived_secondary_ecl_phase,derived_secondary_ecl_phase_error,derived_secondary_ecl_duration,derived_secondary_ecl_duration_error,derived_secondary_ecl_depth,derived_secondary_ecl_depth_error
[from data line 36]
375316653866487564,4136822412594575488,0.4804677,2437.098228107341,3.3387930067069025,3.836613E-6,19.688917,0.01414765,0.28000006,8.897661E-4,0.055343904,0.0024564774,0.8225442,0.041174002,0.7761014,0.030570999,0.056043956,0.01674414,0.44494966,0.13144557,null,null,null,null,"TWOGAUSSIANS",8,7.92176,0.28000006,8.897661E-4,0.30992585,0.013756272,0.8225009,0.041185297,0.7761014,0.030570999,0.31384614,0.09376719,0.4449063,0.13143177
375316653866487564,4136823267274463232,0.525753,2423.61152089719,0.5662142513397731,1.436273E-5,18.625408,0.006517506,0.5968699,4.7207836E-4,0.015680647,8.4209343E-4,0.7909532,0.027549567,0.75182337,0.045025088,0.037941948,0.09412629,0.0468539,0.043424267,null,null,null,null,"TWOGAUSSIANS",8,6.771288,0.5968699,4.5848984E-4,0.08781162,0.0047157235,0.79096437,0.030006666,0.75182337,0.045025088,0.21247491,0.28647405,0.0468539,0.04343248
375316653866487564,4136823890064788096,0.4418605,2506.352105352982,4.039294036551927,1.7963404E-5,19.711391,0.02107901,0.19657415,0.003606846,0.016388806,0.0027312136,0.5817143,0.07534212,0.5275787,0.07452658,0.06144066,0.04502131,0.16523027,0.049455177,null,null,null,null,"TWOGAUSSIANS",8,5.736478,0.19657415,0.003606324,0.09177731,0.015294796,0.58171433,0.07544649,0.5275787,0.07452658,0.34406772,0.18002866,0.16523027,0.049455203
375316653866487564,4136823993143919360,0.55532724,2444.309413218907,2.96780972587638,7.1473505E-6,19.021513,0.0070155016,0.28616363,0.0052504106,0.07408949,0.00642502,0.4453177,0.028635668,0.78424585,0.0022771948,0.06783796,0.0028260879,0.40979496,0.016646521,null,null,null,null,"TWOGAUSSIANS",8,3.2712727,0.28616363,0.0052504106,0.4,0.014633383,0.44367215,0.029097563,0.78424585,0.0022771948,0.3798926,0.015826091,0.40814942,0.016616637
375316653866487564,4136824882181900672,0.47812283,2403.130292195597,2.5738755929852504,3.115377E-5,19.605604,0.0123507455,0.23243134,0.013300833,0.031045662,0.0097531555,0.3845025,0.318312,0.7566332,0.0047378954,0.03667794,0.0043473947,0.35926932,0.04168563,0.11272063,0.016791698,0.7566332,0.0047378954,"TWOGAUSSIANS_WITH_ELLIPSOIDAL_ON_ECLIPSE2",9,11.156645,0.23345134,0.012769961,0.1738557,0.05461767,0.604987,0.32649013,0.7566332,0.0047378954,0.20539647,0.024345411,0.5847104,0.040333726
375316653866487564,4136825260139256320,0.45355177,2446.7296009584816,0.03991937020268125,1.266209E-4,18.10771,0.0026710469,0.35537845,0.010537636,0.09717399,0.01569955,0.10682662,0.014097434,0.62872434,0.00652871,0.019319091,0.0040531517,0.09283074,0.021229062,null,null,null,null,"TWOGAUSSIANS",8,3.432158,0.35537845,0.010537636,0.4,0.0,0.10682624,0.01409908,0.62872434,0.00652871,0.10818691,0.02269765,0.09487425,0.021063419
375316653866487564,4136826119132787456,0.552316,2390.6305955010766,1.9672102572824808,1.059857E-5,17.678982,0.034307737,0.27230334,0.004852959,0.10322676,0.017526774,0.18023632,0.025283424,0.78009033,0.0054896846,0.13293953,0.027418977,0.11938767,0.03334682,null,null,null,null,"TWOGAUSSIANS",8,1.3292117,0.27223334,0.004801619,0.4,0.0,0.15274154,0.01282014,0.7801003,0.005493339,0.4,0.0,0.09168893,0.0038954655
375316653866487564,4136827463488763008,0.57744753,2425.4961771896865,1.3275244321686315,6.91297E-6,17.686283,0.009873257,0.3319387,0.005830568,0.030836638,0.0062540052,0.6865644,0.10802135,0.8331436,0.003598188,0.03128254,0.0045610126,0.31153238,0.024694126,0.017228724,0.01460232,0.3319387,0.005830568,"TWOGAUSSIANS_WITH_ELLIPSOIDAL_ON_ECLIPSE1",9,8.904196,0.3319387,0.005830568,0.17268518,0.03502243,0.7210218,0.1146544,0.8331436,0.0035916523,0.17518222,0.02554167,0.34598783,0.018887438
375316653866487564,4136827497848505088,0.5538567,2403.9089010109233,0.20762729336100028,4.506537E-5,18.023968,0.0025763994,0.58143234,0.0099383695,0.035290867,0.0115193445,0.033483222,0.0110270735,0.80301124,6.107465E-4,0.009778629,0.00100097,1.0506443,0.38003075,null,null,null,null,"TWOGAUSSIANS",8,4.07206,0.80301124,6.107465E-4,0.054760322,0.005605432,1.0506443,0.38003075,0.58143234,0.0099383695,0.19762886,0.06450833,0.033483222,0.0110270735
375316653866487564,4136828081963776128,0.5409667,2421.229062315555,4.180273669374254,6.6300463E-6,17.807875,0.014667896,0.23984647,0.0035178899,0.09396904,0.0062364754,0.34921205,0.014525637,0.71400875,0.002935373,0.09265252,0.0063156886,0.29767588,0.0130673405,null,null,null,null,"TWOGAUSSIANS",8,7.113027,0.23984647,0.0035178899,0.4,0.0,0.3370355,0.012169243,0.71400875,0.002935373,0.4,0.0,0.28549978,0.008062557
375316653866487564,4136828249436746624,0.4881383,2446.246649470417,2.264249268514286,2.2951708E-5,19.879602,0.01952024,0.25224224,0.0044726683,0.08293686,0.0075502186,0.31017515,0.019433027,0.7467226,0.0060335505,0.078975245,0.008221363,0.29740018,0.024052456,null,null,null,null,"TWOGAUSSIANS",8,1.4616231,0.25224224,0.0044726683,0.4,0.0,0.30553123,0.016473245,0.7467226,0.0060335505,0.4,0.0,0.2927563,0.021942936
375316653866487564,4136828318156253312,0.48591715,2450.7291005647044,0.08536660877560315,2.8024815E-5,19.437483,0.007865838,0.43806273,0.010482405,0.11844033,0.010465882,0.5656302,0.044566043,0.8346666,0.006037257,0.018479284,0.0062160385,0.17286614,0.07917421,null,null,null,null,"TWOGAUSSIANS",8,2.915406,0.43806273,0.010482405,0.4,0.0,0.56547755,0.044642165,0.8346666,0.006037257,0.10348398,0.034809817,0.17479302,0.079158664
375316653866487564,4136828356829759360,0.5380866,2389.376059583828,2.977355292141752,9.572647E-6,19.342052,0.02573216,0.25293407,0.004363396,0.08756533,0.008820116,0.45554435,0.02493119,0.7414573,0.0070325206,0.09856341,0.008972189,0.48572388,0.03302558,null,null,null,null,"TWOGAUSSIANS",8,2.6642885,0.7414573,0.0070325206,0.4,0.0,0.46415725,0.023260426,0.25293407,0.004363396,0.4,0.0,0.4339806,0.01993486
375316653866487564,4136829009667266944,0.49427077,2437.044478625102,3.0556150590607354,1.493849E-5,19.478605,0.032196425,0.26910678,0.0061330344,0.10111004,0.011369447,0.41312265,0.0322082,0.7644569,0.0043650246,0.102945276,0.008944599,0.43588006,0.030773241,null,null,null,null,"TWOGAUSSIANS",8,4.266135,0.7644569,0.0043650246,0.4,0.0,0.39600897,0.01374729,0.26910678,0.0061330344,0.4,0.0,0.37325415,0.015904956
375316653866487564,4136829933057833600,0.58001643,2451.883617616885,3.274510107176707,8.83438E-6,18.171867,0.004445454,0.21599877,0.0023437166,0.07473561,0.0022598268,0.42672646,0.009524275,0.7078589,0.0015684171,0.07662721,0.0019782304,0.46411237,0.011677169,null,null,null,null,"TWOGAUSSIANS",8,4.056045,0.7078589,0.0015684171,0.4,0.0,0.46093312,0.011767529,0.21599877,0.0023437166,0.4,0.0,0.4235472,0.009484277
375316653866487564,4136830796383350656,0.48709688,2454.121916829623,1.5606769366968554,1.4347244E-5,13.770711,0.09823584,0.17035832,0.0038304112,0.14999959,0.0694236,0.06916528,0.08868243,0.6687542,0.0048483047,0.16099311,0.095723614,0.06312359,0.094290204,null,null,null,null,"TWOGAUSSIANS",8,15.5795355,0.17055832,0.0037280617,0.4,0.0,0.0343451,0.0025794813,0.6687542,0.0048483047,0.4,0.0,0.027822386,0.0018796631
375316653866487564,4136831135648630272,0.5126688,2450.965935589087,2.3341711476200566,1.1624339E-5,17.947088,0.31383044,0.24316739,0.004750218,0.1519623,0.039078932,0.41920796,0.29978675,0.75145817,0.0039263805,0.15099946,0.03274111,0.42572865,0.29095235,null,null,null,null,"TWOGAUSSIANS",8,6.219537,0.75222814,0.003702457,0.4,0.0,0.22271894,0.012037516,0.24238738,0.00407377,0.4,0.0,0.21600084,0.012114213
375316653866487564,4136832269520188032,0.5007446,2464.600850731042,3.2939150147121876,1.3525595E-5,19.672031,0.0063317553,0.28294265,0.0045914315,0.053962383,0.0043009464,0.39324227,0.010831779,0.7908526,0.0044220993,0.062359545,0.0053117373,0.38802558,0.025414756,null,null,null,null,"TWOGAUSSIANS",8,2.5539694,0.28294265,0.0045914315,0.30218935,0.0240853,0.39318585,0.010807871,0.7908526,0.0044220993,0.34921345,0.02974573,0.38796917,0.025440149
375316653866487564,4136833132845938432,0.575936,2451.648221857639,3.123607397416477,7.875956E-6,17.257994,0.0045193955,0.24257931,0.006232367,0.051700316,0.007313365,0.090806864,0.0096205715,0.76128024,0.0026419295,0.027659146,0.015624696,0.038628142,0.96942997,0.092222035,0.0059043695,0.76128024,0.0026419295,"TWOGAUSSIANS_WITH_ELLIPSOIDAL_ON_ECLIPSE2",9,6.8736687,0.24819931,0.0041727987,0.28952175,0.040954843,0.27347234,0.005949964,0.76128024,0.0026419295,0.15489122,0.0874983,0.2230717,0.97058845
375316653866487564,4136833678269399936,0.6017823,2419.2789448982376,3.6715490430604505,4.931963E-6,17.624802,0.008628201,0.27473903,0.0021434983,0.042849347,0.0052303374,0.15914664,0.021918967,0.7739443,0.0026835974,0.04784231,0.0046283384,0.21642818,0.019403063,0.11923575,0.011669723,0.27473903,0.0021434983,"TWOGAUSSIANS_WITH_ELLIPSOIDAL_ON_ECLIPSE1",9,6.3374205,0.7740743,0.0021757204,0.26791692,0.025918694,0.454894,0.01166636,0.27473903,0.0021434983,0.23995633,0.02928989,0.39761743,0.010274141
375316653866487564,4136833716950172672,0.42329466,2453.5431631346046,0.9759341534419531,1.4597876E-5,18.453335,0.026558086,0.4560644,0.017555583,0.0374706,0.034234524,0.27888405,0.32841203,0.6908254,0.0013270519,0.015659915,0.0017331786,0.6452514,0.055892788,null,null,null,null,"TWOGAUSSIANS",8,8.809879,0.6908254,0.0013270519,0.08769553,0.009705801,0.6452514,0.055892788,0.4560644,0.017555583,0.20983537,0.19171333,0.27888405,0.32841203
375316653866487564,4136833854400128128,0.54185176,2436.3697308254173,3.198743846922406,1.110536E-5,19.111889,0.008426825,0.26425678,0.0033012175,0.07398067,0.004376494,0.52978164,0.027845997,0.7591742,0.0017212657,0.07826365,0.002385539,0.5203148,0.013918035,null,null,null,null,"TWOGAUSSIANS",8,2.9607868,0.26425678,0.0033012175,0.4,0.0,0.5255069,0.028540432,0.7591742,0.0017212657,0.4,0.0,0.5160401,0.01376493
375316653866487564,4136835636774784128,0.5198125,2435.488287779038,0.35889456020575217,3.3367287E-5,17.454525,0.0011579323,0.14067955,0.0056638257,0.013986744,0.004236211,0.06433754,0.0093859285,0.63862854,0.0011135939,0.018729215,8.7338913E-4,0.09915571,0.003478204,null,null,null,null,"TWOGAUSSIANS",8,1.4315833,0.63862854,0.0011135939,0.104883604,0.0048909793,0.09915571,0.003478204,0.14067955,0.0056638257,0.07832576,0.023722783,0.06433754,0.0093859285
375316653866487564,4136835641106850432,0.60179186,2427.3831503068814,4.415926286983245,5.7948623E-6,16.203108,0.0042357664,0.2420766,0.0014986852,0.048220772,0.003565625,0.13424651,0.009165866,0.7448184,0.0010941472,0.03943737,0.002567565,0.221803,0.013820878,0.08203807,0.005210451,0.2420766,0.0014986852,"TWOGAUSSIANS_WITH_ELLIPSOIDAL_ON_ECLIPSE1",9,7.7662244,0.7448184,0.0010941472,0.22084926,0.014378364,0.3858302,0.015693875,0.2420766,0.0014986852,0.2700363,0.0199675,0.2983224,0.003668931
375316653866487564,4136835881617583232,0.523713,2451.7164331313134,3.363768645916037,1.4555564E-5,19.742174,0.0163737,0.23352799,0.0061308886,0.095478944,0.007424316,0.42584425,0.019631263,0.73990655,0.0025091388,0.093386635,0.0051413747,0.4412814,0.017900975,null,null,null,null,"TWOGAUSSIANS",8,1.973423,0.73990655,0.0025091388,0.4,0.0,0.41746536,0.015400753,0.23352799,0.0061308886,0.4,0.0,0.40202776,0.013428254
375316653866487564,4136836530128159360,0.601629,2467.68653804067,2.968865545580227,3.8065446E-6,18.542576,0.009759619,0.25118667,0.0014474525,0.05247568,0.003347532,0.43616402,0.027479026,0.7515365,0.0023689934,0.04797505,0.003328828,0.32515377,0.023226691,0.11121381,0.015981358,0.25118667,0.0014474525,"TWOGAUSSIANS_WITH_ELLIPSOIDAL_ON_ECLIPSE1",9,3.2287614,0.25118667,0.0014474525,0.2938638,0.018746179,0.65858585,0.02533852,0.7515365,0.0022993952,0.26866028,0.018641436,0.5475745,0.01840433
375316653866487564,4136837427806629504,0.44376358,2471.0866323534638,3.3158151866462866,2.2241522E-5,18.367462,0.0041292002,null,null,null,null,null,null,null,null,null,null,null,null,0.06654442,0.00539359,0.28629318,0.0077369115,"ELLIPSOIDAL",4,10.465717,null,null,null,null,null,null,null,null,null,null,null,null
375316653866487564,4136838389846662400,0.48714072,2365.389365107258,1.417122762103543,1.1593225E-5,17.863493,0.005488904,0.16738303,0.004689903,0.054943055,0.0057620755,0.091984555,0.0070496285,0.6633746,0.028387764,0.037931275,0.029890155,0.90940857,0.7101284,null,null,null,null,"TWOGAUSSIANS",8,2.7735283,0.6633746,0.028387764,0.21241513,0.16738486,0.90940833,0.7101819,0.16738303,0.004689903,0.3076811,0.032267623,0.09198437,0.0070302854
375316653866487564,4136838492925833600,0.41223314,2359.077207230679,1.6933912342457187,4.550141E-5,18.816643,0.6024524,0.290268,0.00819226,0.0627632,0.016279655,0.3410355,0.14926013,0.85013384,0.0543274,0.13835369,0.1835001,0.2734676,0.5804497,null,null,null,null,"TWOGAUSSIANS",8,22.761246,0.28982803,0.0066668442,0.35147393,0.07217597,0.3317043,0.06015338,0.85013384,0.0543274,0.4,0.0,0.26231694,0.05048457
375316653866487564,4136839278909643392,0.51757485,2338.81811675808,2.887394013004692,1.4752494E-5,19.315432,0.007996896,0.21505766,0.0059404965,0.0627739,0.005263805,0.43624896,0.030328786,0.75058293,0.015040891,0.057530895,0.013905299,0.15638748,0.011451759,null,null,null,null,"TWOGAUSSIANS",8,1.9252052,0.21505766,0.0059404965,0.35153383,0.029477308,0.43622252,0.030331595,0.75058293,0.015040891,0.32217303,0.07786967,0.15636106,0.011359159
375316653866487564,4136839863025310592,0.46372008,2283.508466454236,3.6683671948902976,2.311602E-5,17.301735,0.012169118,0.23542245,0.0092451535,0.08400286,0.015663922,0.08108375,0.012806617,0.7504227,0.009253683,0.09656851,0.022656105,0.10975481,0.012740574,null,null,null,null,"TWOGAUSSIANS",8,8.082672,0.7504227,0.009253683,0.4,0.0,0.10649846,0.0135946395,0.23542245,0.009245524,0.4,0.0,0.07782783,0.009889891
375316653866487564,4136840176573632896,0.5524184,2315.5826415972906,1.46580751824427,6.5898616E-6,17.62927,0.008886574,0.24009207,0.0013218493,0.041900113,0.00269936,0.5045434,0.02403915,0.72096086,0.036351476,0.029091256,0.024050724,0.13201028,28.824648,0.0335602,0.011475422,0.24009207,0.0013218493,"TWOGAUSSIANS_WITH_ELLIPSOIDAL_ON_ECLIPSE1",9,28.692356,0.24009207,0.0013218493,0.23464064,0.015116417,0.5716638,0.021108996,0.72158086,0.035655297,0.16291103,0.13468406,0.19819677,28.81527
375316653866487564,4136840790736803200,0.46563306,2330.200066067681,1.4424498565026465,2.635505E-5,19.040117,0.006447078,0.32203105,0.007209048,0.056322116,0.008888469,0.11644597,0.012814253,0.81803966,0.0044654,0.041738212,0.0035967825,0.39857385,0.03339103,null,null,null,null,"TWOGAUSSIANS",8,2.4282267,0.81803966,0.0044654,0.233734,0.020141982,0.39857313,0.03339123,0.32203105,0.007209048,0.31540385,0.049775425,0.116445266,0.012814807
375316653866487564,4136842749243307392,0.5816704,2303.9653437782313,2.421152552146798,7.209687E-6,17.989664,0.010778388,0.17129181,0.0025399541,0.08580806,0.0049616494,0.38676587,0.010727811,0.67389405,0.0014078566,0.080347255,0.0034647589,0.36571223,0.010450922,null,null,null,null,"TWOGAUSSIANS",8,3.9221175,0.17129181,0.0025399541,0.4,0.0,0.3790103,0.009825616,0.67389405,0.0014078566,0.4,0.0,0.3579567,0.009173212
375316653866487564,4136843333358904064,0.52498895,2348.91821330444,2.17579890553739,1.2072122E-5,19.508663,0.0056415796,0.2273102,0.0038476468,0.04672605,0.0039954814,0.4596656,0.0911613,0.7227178,0.0024245472,0.047624342,0.0049635307,0.31470704,0.02118588,null,null,null,null,"TWOGAUSSIANS",8,1.8384304,0.2273102,0.0038476468,0.26166588,0.022374695,0.45966512,0.09116163,0.7227178,0.0024245472,0.26669633,0.027795771,0.31470656,0.021186542
375316653866487564,4136843475089028864,0.56221116,2321.6198341590984,2.9952837782570043,1.2118526E-5,19.093357,0.009255822,0.26909086,0.005835151,0.06921454,0.0034992984,0.54892236,0.03728554,0.76619583,0.0028924595,0.07694316,0.004616808,0.34381795,0.019925885,null,null,null,null,"TWOGAUSSIANS",8,2.2418654,0.26909086,0.005835151,0.3876014,0.01959607,0.54662836,0.037052434,0.76619583,0.0028924595,0.4,0.0,0.341524,0.020248326
