Gaia/vari_eclipsing_binary/VariEclipsingBinary_352382-352553.csv
# %ECSV 1.0
# ---
# delimiter: ','
# meta: !!omap
# - RELEASE: Gaia DR3
# - TABLE: vari_eclipsing_binary
# - DESCRIPTION: >
#     This table describes the properties of the eclipsing binaries resulting from the variability analysis. 
# - CITATION: >
#     How to cite and acknowledge Gaia: 
#     https://gea.esac.esa.int/archive/documentation/credits.html 
# - KNOWN_ISSUES: >
#     Known issues: 
#     https://www.cosmos.esa.int/web/gaia-users/known-issues 
# - DOCUMENTATION: >
#     Tutorials and documentation: 
#     https://www.cosmos.esa.int/web/gaia-users/archive 
# datatype:
# - 
#   name: solution_id
#   datatype: int64
#   description: Solution Identifier
#   meta:
#     ucd: meta.version
# - 
#   name: source_id
#   datatype: int64
#   description: Unique source identifier
#   meta:
#     ucd: meta.id;meta.main
# - 
#   name: global_ranking
#   datatype: float32
#   description: Number between 0 (worst) and 1 (best)
#   meta:
#     ucd: stat.param
# - 
#   name: reference_time
#   datatype: float64
#   unit: d
#   description: Reference time used for the geometric model fit
#   meta:
#     ucd: time.epoch
# - 
#   name: frequency
#   datatype: float64
#   unit: d**-1
#   description: Frequency of geometric model of the eclipsing binary light curve
#   meta:
#     ucd: src.orbital
# - 
#   name: frequency_error
#   datatype: float32
#   unit: d**-1
#   description: "Uncertainty of \\texttt{frequency}"
#   meta:
#     ucd: stat.error
# - 
#   name: geom_model_reference_level
#   datatype: float32
#   unit: mag
#   description: Magnitude reference level of geometric model
#   meta:
#     ucd: phot.mag;em.opt
# - 
#   name: geom_model_reference_level_error
#   datatype: float32
#   unit: mag
#   description: "Uncertainty of \\texttt{geomModelReferenceLevel}"
#   meta:
#     ucd: stat.error;phot.mag;em.opt
# - 
#   name: geom_model_gaussian1_phase
#   datatype: float32
#   description: Phase of the Gaussian 1 component
#   meta:
#     ucd: time.phase
# - 
#   name: geom_model_gaussian1_phase_error
#   datatype: float32
#   description: "Uncertainty of \\texttt{geomModelGaussian1Phase}"
#   meta:
#     ucd: stat.error;time.phase
# - 
#   name: geom_model_gaussian1_sigma
#   datatype: float32
#   description: "Standard deviation [phase] of Gaussian 1 component"
#   meta:
#     ucd: stat.stdev
# - 
#   name: geom_model_gaussian1_sigma_error
#   datatype: float32
#   description: "Uncertainty of \\texttt{geomModelGaussian1Sigma}"
#   meta:
#     ucd: stat.error
# - 
#   name: geom_model_gaussian1_depth
#   datatype: float32
#   unit: mag
#   description: Magnitude depth of Gaussian 1 component
#   meta:
#     ucd: src.var.amplitude
# - 
#   name: geom_model_gaussian1_depth_error
#   datatype: float32
#   unit: mag
#   description: "Uncertainty of \\texttt{geomModelGaussian1Depth}"
#   meta:
#     ucd: stat.error;src.var.amplitude
# - 
#   name: geom_model_gaussian2_phase
#   datatype: float32
#   description: Phase of Gaussian 2 component
#   meta:
#     ucd: time.phase
# - 
#   name: geom_model_gaussian2_phase_error
#   datatype: float32
#   description: "Uncertainty of \\texttt{geomModelGaussian2Phase}"
#   meta:
#     ucd: stat.error;time.phase
# - 
#   name: geom_model_gaussian2_sigma
#   datatype: float32
[...]
#   datatype: float32
#   description: "Secondary eclipse: uncertainty of \\texttt{derivedSecondaryEclDuration}"
#   meta:
#     ucd: stat.error;time.duration
# - 
#   name: derived_secondary_ecl_depth
#   datatype: float32
#   unit: mag
#   description: "Secondary eclipse: depth"
#   meta:
#     ucd: src.var.amplitude
# - 
#   name: derived_secondary_ecl_depth_error
#   datatype: float32
#   unit: mag
#   description: "Secondary eclipse: uncertainty of \\texttt{derivedSecondaryEclDepth}"
#   meta:
#     ucd: stat.error;src.var.amplitude
solution_id,source_id,global_ranking,reference_time,frequency,frequency_error,geom_model_reference_level,geom_model_reference_level_error,geom_model_gaussian1_phase,geom_model_gaussian1_phase_error,geom_model_gaussian1_sigma,geom_model_gaussian1_sigma_error,geom_model_gaussian1_depth,geom_model_gaussian1_depth_error,geom_model_gaussian2_phase,geom_model_gaussian2_phase_error,geom_model_gaussian2_sigma,geom_model_gaussian2_sigma_error,geom_model_gaussian2_depth,geom_model_gaussian2_depth_error,geom_model_cosine_half_period_amplitude,geom_model_cosine_half_period_amplitude_error,geom_model_cosine_half_period_phase,geom_model_cosine_half_period_phase_error,model_type,num_model_parameters,reduced_chi2,derived_primary_ecl_phase,derived_primary_ecl_phase_error,derived_primary_ecl_duration,derived_primary_ecl_duration_error,derived_primary_ecl_depth,derived_primary_ecl_depth_error,derived_secondary_ecl_phase,derived_secondary_ecl_phase_error,derived_secondary_ecl_duration,derived_secondary_ecl_duration_error,derived_secondary_ecl_depth,derived_secondary_ecl_depth_error
[from data line 409]
375316653866487564,3100456837094812032,0.5308503,2251.8821550468656,4.977052189427346,1.8419369E-4,16.979364,0.009561226,0.18222493,0.05228526,0.034511384,0.029550126,0.4832498,21.15625,0.8513732,0.017693326,0.01948114,0.010869313,0.6645302,0.90422416,0.012737086,0.011024403,0.18222493,0.05228526,"TWOGAUSSIANS_WITH_ELLIPSOIDAL_ON_ECLIPSE1",9,31.581114,0.8513732,0.017693326,0.10909438,0.06086815,0.67055786,0.9034721,0.18222493,0.05228526,0.19326375,0.1654807,0.5087239,21.158611
375316653866487564,3100459517154327808,0.5741792,2218.2545755523092,3.403811257686979,1.0200997E-5,17.034664,0.012591438,0.21825938,0.0025672251,0.093366794,0.009452173,0.27436757,0.019300949,0.71716535,0.0030447256,0.0835784,0.0053766654,0.2749484,0.01569636,null,null,null,null,"TWOGAUSSIANS",8,5.7230253,0.71716535,0.0030447256,0.4,0.0,0.26500455,0.013999924,0.21825938,0.0025672251,0.4,0.0,0.2644234,0.023658963
375316653866487564,3100462192912841216,0.56322014,2246.9490428444356,1.175666096215536,2.5181327E-4,19.243677,0.013212425,0.15482208,0.0025747707,0.03853845,0.0021055634,0.85971487,0.043298844,0.62322,0.018837865,0.10524087,0.042601805,0.18126643,0.104316644,null,null,null,null,"TWOGAUSSIANS",8,2.5615308,0.15482208,0.0025737614,0.21581532,0.011791155,0.8592193,0.04313429,0.62322,0.018837865,0.4,0.0,0.18076126,0.107371345
375316653866487564,3100462673949126656,0.6315698,2269.3197258771343,3.5519560252919806,6.5460486E-6,17.51185,0.008136028,0.26657176,0.001626997,0.070063554,0.0026593949,0.40320197,0.011276512,0.76299834,0.0029801037,0.07648737,0.0027113536,0.4572117,0.010802173,null,null,null,null,"TWOGAUSSIANS",8,4.5518956,0.76299834,0.0029801037,0.4,0.0,0.4548635,0.010480879,0.26657176,0.001626997,0.39235592,0.014593189,0.40085375,0.011168643
375316653866487564,3100464705474502784,0.63737154,2237.4909228310435,0.9495035741846678,7.617981E-6,17.621025,0.008592826,0.30201098,0.005587726,0.041930676,0.007930974,0.43770453,0.51381564,0.8013136,0.0018655119,0.041531365,0.0022200558,0.47417888,0.025878832,0.052427024,0.014179727,0.30201098,0.005587726,"TWOGAUSSIANS_WITH_ELLIPSOIDAL_ON_ECLIPSE1",9,5.61262,0.8013336,0.0017853533,0.23257564,0.012432312,0.57903093,0.017808393,0.30201098,0.005587726,0.23481178,0.04441345,0.54255855,0.5148595
375316653866487564,3100468931722352640,0.56838,2245.9298494576155,3.8260772817335416,9.586925E-6,18.232822,0.01971735,0.29788104,0.006827772,0.077683456,0.0082335165,0.38251913,0.022532323,0.7740547,0.0060644792,0.08192691,0.009359445,0.3578055,0.022788804,null,null,null,null,"TWOGAUSSIANS",8,3.445938,0.29788104,0.006827772,0.4,0.0,0.37913296,0.019214459,0.7740547,0.0060644792,0.4,0.0,0.3544193,0.022353781
375316653866487564,3100469511536856576,0.49137616,2243.0030857918887,0.30874186221517896,6.209121E-5,18.779009,0.00832408,0.106707126,0.016401611,0.05668991,0.01839878,0.057112947,0.011142108,0.56581634,0.012797699,0.12574281,0.024119303,0.13106811,0.009516491,null,null,null,null,"TWOGAUSSIANS",8,1.119106,0.56581634,0.012797699,0.4,0.0,0.12874651,0.008845176,0.10695712,0.016549401,0.3174635,0.10303317,0.054971457,0.009935433
375316653866487564,3100473222391724416,0.5719045,2240.352633152746,3.065189561540906,1.4217227E-5,18.604689,0.018207777,0.24595107,0.0061522583,0.08491141,0.012143836,0.4072092,0.04837179,0.7573041,0.0029293757,0.08169925,0.0061369096,0.3400404,0.017794808,null,null,null,null,"TWOGAUSSIANS",8,1.9108052,0.24595107,0.0061522583,0.4,0.0,0.40049797,0.054641,0.7573041,0.0029293757,0.4,0.0,0.33332917,0.014575989
375316653866487564,3100476383485298176,0.50182796,2284.9884669919907,0.053217362972302985,1.7795908E-5,18.300602,0.011660743,0.26314196,0.00764882,0.063006505,0.012714614,0.13727033,0.0440753,null,null,null,null,null,null,0.08756264,0.03375907,0.26314196,0.00764882,"ONEGAUSSIAN_WITH_ELLIPSOIDAL",6,4.5343924,0.26314196,0.00764882,0.35283643,0.07120184,0.3123436,0.06009046,null,null,null,null,null,null
375316653866487564,3100476765737102336,0.5239173,2279.410014480605,1.4386978620461779,2.0738548E-4,12.983301,0.0012371296,0.6752606,0.13693741,0.047951072,0.025288748,0.21629892,0.19402435,null,null,null,null,null,null,null,null,null,null,"ONEGAUSSIAN",5,77.67682,0.6752606,0.13693741,0.26852602,0.14161699,0.21629892,0.0,null,null,null,null,null,null
375316653866487564,3100477792234255360,0.5049944,2253.666744272837,0.031884645048994256,6.428241E-5,16.757748,0.012809339,0.14717744,0.008916145,0.014509902,0.006290169,0.0769891,0.059448134,0.86370385,0.0075167315,0.05182316,0.011784183,0.32507637,0.89459133,0.010683761,0.020439517,0.14717744,0.008916145,"TWOGAUSSIANS_WITH_ELLIPSOIDAL_ON_ECLIPSE1",9,27.506613,0.86370385,0.0075167315,0.29020968,0.065991424,0.32600766,0.89450425,0.14717744,0.008916145,0.08125546,0.035224948,0.09835668,0.06105073
375316653866487564,3100479578941010816,0.5180888,2261.1015679381508,3.211606764992809,2.6536583E-5,18.269127,0.04500846,0.20340711,0.0066420147,0.095197424,0.017770022,0.2322705,0.041894775,0.7111008,0.008590629,0.1148831,0.03497928,0.1831502,0.04200395,null,null,null,null,"TWOGAUSSIANS",8,4.426782,0.20339711,0.006640891,0.4,0.0,0.21049787,0.015288057,0.7111008,0.008590469,0.4,0.0,0.16134872,0.03944745
375316653866487564,3100479651960450688,0.59720325,2214.3226805099234,0.10697100532794573,2.0956866E-5,15.355062,0.008563715,0.17551728,0.015407714,0.06913879,0.008322214,0.09283641,0.022071326,0.664336,0.007346744,0.037764993,0.0077414177,0.42987624,0.022329489,0.030774357,0.0132518085,0.664336,0.007346744,"TWOGAUSSIANS_WITH_ELLIPSOIDAL_ON_ECLIPSE2",9,41.394756,0.664336,0.007346744,0.21148396,0.04335194,0.49135226,0.018793385,0.17327727,0.011752073,0.3871772,0.0466044,0.15406966,0.009929698
375316653866487564,3100480510953783424,0.5172145,2215.5814692518547,0.15047562288576752,3.4186185E-5,14.3882265,0.003522175,0.1930946,0.008708544,0.008428795,0.008068795,0.087148175,6.0921206,0.7035479,0.0018624056,0.002494986,0.0011792432,0.26737323,2.6223056,0.015620923,0.005116384,0.1930946,0.008708544,"TWOGAUSSIANS_WITH_ELLIPSOIDAL_ON_ECLIPSE1",9,76.12249,0.7035479,0.0018624056,0.013971922,0.006603762,0.29848048,2.6224174,0.1930946,0.008708544,0.047201257,0.045185253,0.11838999,6.092774
375316653866487564,3100480682752484352,0.6683582,2239.3265344615265,2.8217985799840672,7.1292325E-6,16.216938,0.008301445,0.26608646,0.0017645807,0.08445915,0.003375691,0.47149014,0.02222475,0.7626087,0.0032744883,0.082530834,0.003701186,0.61145496,0.014849871,null,null,null,null,"TWOGAUSSIANS",8,13.996586,0.7626087,0.0032744883,0.4,0.0,0.60008407,0.016213382,0.26608646,0.0017645807,0.4,0.0,0.4601192,0.024330305
375316653866487564,3100483225373772800,0.6026622,2240.215845113765,0.9971970742243826,2.2949433E-5,15.5187645,0.015508892,0.2713342,0.0034235138,0.078754,0.005412214,0.45456064,0.01622848,0.7848629,0.003917703,0.09852103,0.00919209,0.18949257,0.013629962,null,null,null,null,"TWOGAUSSIANS",8,33.6207,0.2713342,0.0034235138,0.4,0.0,0.44635856,0.014948741,0.7848629,0.003917703,0.4,0.0,0.18128929,0.0086220885
375316653866487564,3100489203964054784,0.56873465,2220.2927921082005,2.1089022054903555,1.336342E-5,18.439856,0.0061822855,0.19483618,0.0050992765,0.07488865,0.008544925,0.15320714,0.017919647,0.7067683,0.0068213935,0.08698913,0.012028216,0.18957287,0.012337371,null,null,null,null,"TWOGAUSSIANS",8,0.78007483,0.7067683,0.0068213935,0.4,0.0,0.18726565,0.013639925,0.19483618,0.0050992765,0.4,0.015887639,0.15089996,0.01847627
375316653866487564,3100490883295009152,0.6476648,2219.2116206016594,0.5271070627598994,2.0150922E-6,16.617445,0.0019378846,0.67351913,0.06988384,0.09740301,0.081268825,0.0048668734,0.014955472,0.41147307,0.0015800834,0.021456202,0.0014956685,0.30106506,0.015963312,null,null,null,null,"TWOGAUSSIANS",8,2.7691503,0.41148308,0.0015889821,0.12015473,0.008375744,0.3011955,0.016463153,0.67351913,0.06988384,0.4,0.23595661,0.0048668548,0.01495486
375316653866487564,3100493430215877504,0.44808784,2223.8566752980946,0.30886958581196977,3.8894483E-5,16.959665,0.009893407,0.24339488,0.020113988,0.14197063,0.03503209,0.06903664,0.013845627,0.5797155,0.012839564,0.03526623,0.01392274,0.16490716,0.05745623,null,null,null,null,"TWOGAUSSIANS",8,4.577014,0.5797155,0.012839564,0.1974909,0.07796734,0.16879891,0.05938842,0.24339488,0.020113988,0.4,0.0,0.06875394,0.013809242
375316653866487564,3100493876893586560,0.54798216,2238.3914060208886,2.787629606723195,2.1816006E-5,17.908054,0.011717538,0.2615531,0.007948123,0.013236309,0.006667965,0.64062464,49.386723,0.73485243,0.007128292,0.06039086,0.018361647,0.0621214,0.04590085,0.13037592,0.010571442,0.73485243,0.007128292,"TWOGAUSSIANS_WITH_ELLIPSOIDAL_ON_ECLIPSE2",9,17.649284,0.26140308,0.0080140475,0.07412333,0.037340604,0.89413387,49.3855,0.73485243,0.007128292,0.33818883,0.10282522,0.32286137,0.042195704
375316653866487564,3100495487500386176,0.50210136,2213.108307222945,3.1390977498330854,1.1216768E-4,18.417288,0.0116429925,0.23814815,0.014163342,0.07809509,0.016036026,0.17297508,0.019902803,0.7638644,0.014776694,0.09433017,0.01475565,0.14194061,0.012048669,null,null,null,null,"TWOGAUSSIANS",8,3.481541,0.23814815,0.014163342,0.4,0.038364723,0.1700208,0.020319838,0.7638644,0.014776694,0.4,0.0,0.13898584,0.008614149
375316653866487564,3100495972836533120,0.47316846,2239.0642641459776,1.7396008109486212,2.5226102E-5,17.175104,0.024585478,0.15379632,0.007587747,0.09591484,0.023976149,0.06685064,0.024712835,0.66407967,0.0055441256,0.09805774,0.033802167,0.0978874,0.019756528,null,null,null,null,"TWOGAUSSIANS",8,6.38113,0.66407967,0.005538881,0.4,0.0,0.09280756,0.017204696,0.15379632,0.007607365,0.4,0.0,0.06177111,0.009119281
375316653866487564,3100496144635248896,0.5365763,2227.259149783691,1.2568935372511332,1.1923721E-5,17.99224,0.00871708,0.27507463,0.01243594,0.1039179,0.014978893,0.072291836,0.009117656,0.76786083,0.0035319608,0.055370126,0.0045080194,0.16446388,0.010655446,null,null,null,null,"TWOGAUSSIANS",8,2.5662675,0.76786083,0.0035319608,0.3100727,0.025244908,0.1633403,0.010011016,0.27507463,0.01243594,0.4,0.0,0.071166836,0.008096993
375316653866487564,3100497549085064704,0.50243723,2248.6978310844906,4.003192307218509,2.104512E-5,18.459202,0.006822602,0.17163527,0.007957276,0.039844517,0.0067096525,0.484461,0.21831872,0.4981742,0.026478972,0.045960337,0.017226188,0.93802136,4.8414326,null,null,null,null,"TWOGAUSSIANS",8,10.658291,0.4981742,0.026478972,0.2573779,0.096466646,0.93802136,4.8414326,0.17163527,0.007957276,0.22312929,0.037574053,0.484461,0.21831872
375316653866487564,3100500847619284864,0.565293,2201.7159773239737,3.263008587684119,2.5695517E-5,18.708641,0.050889626,0.25400943,0.021379396,0.08401624,0.019214433,0.54510754,0.09498631,0.7692899,0.02112218,0.097370654,0.024170712,0.44601217,0.059771866,null,null,null,null,"TWOGAUSSIANS",8,3.7502909,0.25400943,0.021379396,0.4,0.0,0.5278795,0.06185106,0.7692899,0.02112218,0.4,0.0,0.42878187,0.040953886
375316653866487564,3100501367314871552,0.5187085,2185.4835642159396,2.56946667706818,2.52602E-5,18.172552,0.7254213,0.26440588,0.012237486,0.098924644,0.11508338,0.16784406,0.7003056,0.8071474,0.017530415,0.09737885,0.06962035,0.19229095,0.5935818,null,null,null,null,"TWOGAUSSIANS",8,4.586718,0.8071574,0.010073956,0.4,0.0,0.18444012,0.052347966,0.26439586,0.0071203164,0.4,0.0,0.1599925,0.05200544
375316653866487564,3100501431735023616,0.49584392,2205.7164929345777,4.0848695405711455,4.8556176E-5,17.934498,0.0335773,0.24992251,0.0062532136,0.089111455,0.023389297,0.15323356,0.02789241,0.74418277,0.012428011,0.10740857,0.030885708,0.16127789,0.034355268,null,null,null,null,"TWOGAUSSIANS",8,7.7412047,0.74418277,0.012428011,0.4,0.0,0.14983931,0.02674947,0.24992251,0.00626722,0.4,0.0,0.14180148,0.015467941
375316653866487564,3100503119662209792,0.54634595,2183.8361664766553,2.3233899825210833,2.3167841E-4,13.967776,0.010214964,0.41386613,0.14223713,0.20700434,0.18465704,0.015368845,0.012190802,0.6337154,0.0066648936,0.036421455,0.01377822,0.56057245,0.42770684,null,null,null,null,"TWOGAUSSIANS",8,52.79507,0.6337154,0.0066648936,0.20396015,0.077158034,0.5676665,0.43051746,0.41386613,0.14242159,0.4,0.0,0.013706501,0.010259346
375316653866487564,3100509613652727168,0.6062404,2171.565930581944,3.5843512188216433,1.3441127E-5,17.337961,0.038793672,0.18295798,0.011337657,0.11205357,0.021834245,0.24019478,0.039107546,0.66716325,0.005563762,0.101440616,0.012432537,0.2838791,0.03762282,null,null,null,null,"TWOGAUSSIANS",8,3.5362637,0.66716325,0.005563762,0.4,0.0,0.2558975,0.014084158,0.18296798,0.01134621,0.4,0.0,0.2121899,0.010321324
375316653866487564,3100510678804534272,0.59851944,2247.21267821739,3.851286070039204,1.8597877E-5,17.658342,0.016114678,0.20750852,0.0036482983,0.046072114,0.013839433,0.2560496,0.08101894,0.70165133,0.017981388,0.050363056,0.009746663,0.3688918,0.086687095,0.13282605,0.018650282,0.20750852,0.0036482983,"TWOGAUSSIANS_WITH_ELLIPSOIDAL_ON_ECLIPSE1",9,8.741956,0.7023913,0.017134061,0.28203312,0.054581314,0.6342265,0.07138398,0.20750852,0.0036482983,0.25800383,0.07750082,0.5216987,0.08838815
375316653866487564,3100514110479593344,0.5429956,2171.8991088427924,3.4049577416625474,2.4564924E-5,19.50531,0.016938029,0.33726084,0.01734822,0.06298014,0.010633797,0.6550879,0.33862582,0.84247136,0.010605844,0.064051956,0.009052122,0.460884,0.038639687,null,null,null,null,"TWOGAUSSIANS",8,2.7225394,0.33726084,0.01734822,0.35268876,0.059549265,0.6546849,0.33893806,0.84247136,0.010605844,0.35869095,0.047939524,0.460481,0.03859531
375316653866487564,3100517271573285376,0.5488128,2235.301582542149,1.3898769992282172,8.762529E-5,18.891773,0.00733908,0.28748524,0.019078813,0.050465446,0.018941991,0.17714496,0.49795845,0.77801245,0.011892356,0.043127052,0.013590873,0.49466684,0.22155418,null,null,null,null,"TWOGAUSSIANS",8,3.5079308,0.77801245,0.011892356,0.24151148,0.07610889,0.49466664,0.2215639,0.28748524,0.019078813,0.2826065,0.106075145,0.17714475,0.49795908
375316653866487564,3100518890781884288,0.53007144,2187.2917124737537,1.7542084650136556,5.1254938E-5,16.24269,0.0022390245,0.34088632,0.046026878,0.0440725,0.0267843,0.14748006,3.5022447,0.8885742,8.621583E-4,0.014471614,0.0024926313,0.031499177,0.0026658545,null,null,null,null,"TWOGAUSSIANS",8,2.833936,0.34088632,0.046026878,0.24680601,0.1499921,0.14748006,3.5022447,0.8885742,8.621583E-4,0.08104104,0.013958735,0.031499177,0.0026658545
375316653866487564,3100520333890787072,0.5343861,2232.837750787744,2.525523974709555,2.5513815E-5,16.722729,0.085577816,0.2245603,0.006780975,0.12891857,0.03269464,0.21628234,0.081319734,0.7299879,0.0031989445,0.124713965,0.02921931,0.2171552,0.0807611,null,null,null,null,"TWOGAUSSIANS",8,11.891639,0.7300679,0.0031047473,0.4,0.0,0.15789132,0.0062852954,0.2245003,0.0068073906,0.4,0.0,0.15692371,0.010415893
375316653866487564,3100524452759494144,0.54464287,2239.3765395475284,3.149105305175413,2.330122E-5,19.38804,0.036315568,0.28599784,0.0052271094,0.07694564,0.012568838,0.48563993,0.06066531,0.8076983,0.01499788,0.078837216,0.017942693,0.46374986,0.35805663,null,null,null,null,"TWOGAUSSIANS",8,2.6086292,0.28599784,0.0052271094,0.4,0.015056203,0.48215798,0.0639961,0.8076983,0.01499788,0.4,0.035501476,0.4602679,0.3600921
375316653866487564,3100527407699799680,0.4486563,2201.952434529179,2.199676195699363,6.8836795E-5,15.769398,0.39261258,0.05796491,0.87501514,0.12514058,0.12417301,0.40654,0.3832078,0.6567967,0.029791748,0.1352388,0.04188448,0.78084975,0.35716438,null,null,null,null,"TWOGAUSSIANS",8,339.78125,0.6582767,0.021653254,0.4,0.0,0.7030604,0.1705797,0.048204906,0.87679243,0.4,0.14867535,0.3369611,0.26935038
