Gaia/vari_eclipsing_binary/VariEclipsingBinary_675160-675191.csv
# %ECSV 1.0
# ---
# delimiter: ','
# meta: !!omap
# - RELEASE: Gaia DR3
# - TABLE: vari_eclipsing_binary
# - DESCRIPTION: >
#     This table describes the properties of the eclipsing binaries resulting from the variability analysis. 
# - CITATION: >
#     How to cite and acknowledge Gaia: 
#     https://gea.esac.esa.int/archive/documentation/credits.html 
# - KNOWN_ISSUES: >
#     Known issues: 
#     https://www.cosmos.esa.int/web/gaia-users/known-issues 
# - DOCUMENTATION: >
#     Tutorials and documentation: 
#     https://www.cosmos.esa.int/web/gaia-users/archive 
# datatype:
# - 
#   name: solution_id
#   datatype: int64
#   description: Solution Identifier
#   meta:
#     ucd: meta.version
# - 
#   name: source_id
#   datatype: int64
#   description: Unique source identifier
#   meta:
#     ucd: meta.id;meta.main
# - 
#   name: global_ranking
#   datatype: float32
#   description: Number between 0 (worst) and 1 (best)
#   meta:
#     ucd: stat.param
# - 
#   name: reference_time
#   datatype: float64
#   unit: d
#   description: Reference time used for the geometric model fit
#   meta:
#     ucd: time.epoch
# - 
#   name: frequency
#   datatype: float64
#   unit: d**-1
#   description: Frequency of geometric model of the eclipsing binary light curve
#   meta:
#     ucd: src.orbital
# - 
#   name: frequency_error
#   datatype: float32
#   unit: d**-1
#   description: "Uncertainty of \\texttt{frequency}"
#   meta:
#     ucd: stat.error
# - 
#   name: geom_model_reference_level
#   datatype: float32
#   unit: mag
#   description: Magnitude reference level of geometric model
#   meta:
#     ucd: phot.mag;em.opt
# - 
#   name: geom_model_reference_level_error
#   datatype: float32
#   unit: mag
#   description: "Uncertainty of \\texttt{geomModelReferenceLevel}"
#   meta:
#     ucd: stat.error;phot.mag;em.opt
# - 
#   name: geom_model_gaussian1_phase
#   datatype: float32
#   description: Phase of the Gaussian 1 component
#   meta:
#     ucd: time.phase
# - 
#   name: geom_model_gaussian1_phase_error
#   datatype: float32
#   description: "Uncertainty of \\texttt{geomModelGaussian1Phase}"
#   meta:
#     ucd: stat.error;time.phase
# - 
#   name: geom_model_gaussian1_sigma
#   datatype: float32
#   description: "Standard deviation [phase] of Gaussian 1 component"
#   meta:
#     ucd: stat.stdev
# - 
#   name: geom_model_gaussian1_sigma_error
#   datatype: float32
#   description: "Uncertainty of \\texttt{geomModelGaussian1Sigma}"
#   meta:
#     ucd: stat.error
# - 
#   name: geom_model_gaussian1_depth
#   datatype: float32
#   unit: mag
#   description: Magnitude depth of Gaussian 1 component
#   meta:
#     ucd: src.var.amplitude
# - 
#   name: geom_model_gaussian1_depth_error
#   datatype: float32
#   unit: mag
#   description: "Uncertainty of \\texttt{geomModelGaussian1Depth}"
#   meta:
#     ucd: stat.error;src.var.amplitude
# - 
#   name: geom_model_gaussian2_phase
#   datatype: float32
#   description: Phase of Gaussian 2 component
#   meta:
#     ucd: time.phase
# - 
#   name: geom_model_gaussian2_phase_error
#   datatype: float32
#   description: "Uncertainty of \\texttt{geomModelGaussian2Phase}"
#   meta:
#     ucd: stat.error;time.phase
# - 
#   name: geom_model_gaussian2_sigma
#   datatype: float32
[...]
#   datatype: float32
#   description: "Secondary eclipse: uncertainty of \\texttt{derivedSecondaryEclDuration}"
#   meta:
#     ucd: stat.error;time.duration
# - 
#   name: derived_secondary_ecl_depth
#   datatype: float32
#   unit: mag
#   description: "Secondary eclipse: depth"
#   meta:
#     ucd: src.var.amplitude
# - 
#   name: derived_secondary_ecl_depth_error
#   datatype: float32
#   unit: mag
#   description: "Secondary eclipse: uncertainty of \\texttt{derivedSecondaryEclDepth}"
#   meta:
#     ucd: stat.error;src.var.amplitude
solution_id,source_id,global_ranking,reference_time,frequency,frequency_error,geom_model_reference_level,geom_model_reference_level_error,geom_model_gaussian1_phase,geom_model_gaussian1_phase_error,geom_model_gaussian1_sigma,geom_model_gaussian1_sigma_error,geom_model_gaussian1_depth,geom_model_gaussian1_depth_error,geom_model_gaussian2_phase,geom_model_gaussian2_phase_error,geom_model_gaussian2_sigma,geom_model_gaussian2_sigma_error,geom_model_gaussian2_depth,geom_model_gaussian2_depth_error,geom_model_cosine_half_period_amplitude,geom_model_cosine_half_period_amplitude_error,geom_model_cosine_half_period_phase,geom_model_cosine_half_period_phase_error,model_type,num_model_parameters,reduced_chi2,derived_primary_ecl_phase,derived_primary_ecl_phase_error,derived_primary_ecl_duration,derived_primary_ecl_duration_error,derived_primary_ecl_depth,derived_primary_ecl_depth_error,derived_secondary_ecl_phase,derived_secondary_ecl_phase_error,derived_secondary_ecl_duration,derived_secondary_ecl_duration_error,derived_secondary_ecl_depth,derived_secondary_ecl_depth_error
[from data line 405]
375316653866487564,5938896578688015360,0.4635312,2283.196001440461,0.14975095835513094,3.4263325E-5,18.693775,0.009074024,0.8255065,0.007220123,0.051979285,0.0043238294,0.40518746,0.011899813,null,null,null,null,null,null,null,null,null,null,"ONEGAUSSIAN",5,15.578127,0.8255065,0.007220123,0.291084,0.024213444,0.40518746,0.0,null,null,null,null,null,null
375316653866487564,5938896991004470144,0.6692497,2276.4001823964054,0.060072313524982296,2.1219963E-5,16.50856,6.477877E-4,0.35780197,1.8646388E-7,0.0032520625,3.66781E-6,0.42143357,6.08243E-4,0.50337183,3.26534E-5,0.004689098,5.1527262E-5,0.12982582,7.1426004E-4,null,null,null,null,"TWOGAUSSIANS",8,2.1208675,0.35780197,1.8646388E-7,0.01821155,2.0539735E-5,0.42143357,6.08243E-4,0.50337183,3.26534E-5,0.026258947,2.8855266E-4,0.12982582,7.1426004E-4
375316653866487564,5938897227190769664,0.54821116,2268.512429239334,2.786324353375255,1.1545418E-5,17.561026,0.0070575206,0.3247548,0.0042105163,0.07054968,0.0046575433,0.20182057,0.008018245,0.8224179,0.002869361,0.07391034,0.0050290553,0.2146296,0.009200693,null,null,null,null,"TWOGAUSSIANS",8,4.2699046,0.8224179,0.002869361,0.4,0.003939269,0.21364348,0.009167634,0.3247548,0.0042105163,0.3950782,0.02403379,0.20083444,0.00760757
375316653866487564,5938897433349248128,0.49811023,2268.566415979781,0.3220967369258516,2.4056946E-5,17.720676,0.0034252414,0.8993648,0.0038952283,0.01843753,0.0028220008,0.23011376,0.038599517,null,null,null,null,null,null,null,null,null,null,"ONEGAUSSIAN",5,8.83203,0.8993648,0.0038952283,0.10325017,0.015803203,0.23011376,0.0,null,null,null,null,null,null
375316653866487564,5938897467711502080,0.5022209,2244.2079293681527,0.12105892589889711,1.2067848E-4,18.966333,0.0033649183,0.36283037,0.046580326,0.047901552,0.06094081,0.012266244,0.012946999,0.68240094,0.012417969,0.012987451,0.009232285,0.29711005,1.6078311,null,null,null,null,"TWOGAUSSIANS",8,1.3881149,0.68240094,0.012417969,0.07272972,0.051700797,0.29711005,1.6078306,0.36283037,0.046580326,0.2682487,0.21069929,0.012266244,0.012947021
375316653866487564,5938897575096981504,0.47800064,2241.3371956045207,1.5150623133241763,2.3776582E-5,19.34636,0.008630152,0.19653127,0.0047941394,0.06447477,0.0071408325,0.19528103,0.018550768,0.6854743,0.0074434243,0.075817,0.009189289,0.16525759,0.017648898,null,null,null,null,"TWOGAUSSIANS",8,2.5696099,0.19653127,0.0047941394,0.3610587,0.039988663,0.19481426,0.018673992,0.6854743,0.0074434243,0.4,0.0068355133,0.16479082,0.01770213
375316653866487564,5938898193572280448,0.45046252,2231.9583579557698,0.7268264610494257,2.4801966E-5,16.968842,0.0045479075,0.31119224,0.024961937,0.025664192,0.024489101,0.09708245,8.2595168E7,0.7743925,0.0053187776,0.01915018,0.008086484,0.23496409,5.7304583,0.06490152,0.007177822,0.7743925,0.0053187776,"TWOGAUSSIANS_WITH_ELLIPSOIDAL_ON_ECLIPSE2",9,57.606762,0.7743925,0.0053187776,0.107241005,0.04528431,0.36476704,5.73024,0.30886224,0.025846954,0.14371946,0.13713896,0.2204921,8.2595168E7
375316653866487564,5938898193572338688,0.57023,2237.7579564493044,0.3820660905554452,4.3791784E-5,19.038832,0.005325693,0.30151016,0.0036999998,0.026286697,0.0019762465,0.8685015,0.10110753,0.80833423,0.026364524,0.04719317,0.02360947,0.106117874,0.063471705,null,null,null,null,"TWOGAUSSIANS",8,3.3288987,0.30151016,0.0036999998,0.1472055,0.01106698,0.8685015,0.10110753,0.80833423,0.026364524,0.26428175,0.13221304,0.106117874,0.06347172
375316653866487564,5938898571529468032,0.43279123,2245.2651240102728,0.05866111558722693,5.8379752E-5,19.234686,0.02229397,0.30409157,0.010810165,0.06543303,0.01890299,1.6055269,7.097378,0.8156966,0.013104803,0.083821274,0.016858827,0.30538273,0.02790675,null,null,null,null,"TWOGAUSSIANS",8,12.805749,0.30409157,0.010810165,0.36642498,0.10358877,1.6021422,7.099356,0.8156966,0.013104803,0.4,0.0,0.301998,0.026374476
375316653866487564,5938898983846552960,0.44977656,2252.246785110526,2.500477602443955,8.8217894E-5,19.746803,0.022515213,0.3363383,0.025630323,0.08186505,0.020718163,0.45067787,0.097545765,0.8376723,0.007855256,0.069766246,0.008650879,0.45521018,0.050902557,null,null,null,null,"TWOGAUSSIANS",8,4.0549636,0.8376723,0.007855256,0.39069098,0.041312657,0.45139378,0.050506204,0.3363383,0.025630323,0.4,0.0,0.44686145,0.09677247
375316653866487564,5938899254415299712,0.4412247,2257.2708581773677,2.4921796953112834,7.969142E-6,17.243639,0.0021546392,0.24276532,0.007717816,0.02242508,0.13379894,0.0015153679,600.44214,0.79901767,0.0039353147,0.005035887,0.0026875404,0.11335675,0.64278346,0.03578848,0.003969603,0.24276532,0.007717816,"TWOGAUSSIANS_WITH_ELLIPSOIDAL_ON_ECLIPSE1",9,7.3097324,0.79901767,0.0039353147,0.028200967,0.015050226,0.17635818,0.6424672,0.24276532,0.007717816,0.12558044,0.7374276,0.07309218,600.4405
375316653866487564,5938900010329623552,0.5122554,2256.8893352367522,2.5033998206752988,2.8300314E-5,18.436056,0.025339,0.26028356,0.004139865,0.0904734,0.010415685,0.38222817,0.037095595,0.737006,0.005839554,0.08728114,0.009510487,0.4206758,0.033145618,null,null,null,null,"TWOGAUSSIANS",8,13.522229,0.737006,0.005839554,0.4,0.0,0.41016164,0.030959418,0.26028356,0.004139865,0.4,0.0,0.37171376,0.03752807
375316653866487564,5938900323876442368,0.58170354,2244.8271517937237,2.702456144687381,1.35889095E-5,18.699986,0.010266349,0.28980172,0.002458283,0.079906456,0.0035079587,0.4260454,0.011669521,0.7819958,0.0035467658,0.07058096,0.004395773,0.37914467,0.010411407,null,null,null,null,"TWOGAUSSIANS",8,3.1197598,0.28980172,0.002458283,0.4,0.0,0.42333308,0.010790558,0.7819958,0.0035467658,0.39525336,0.018350996,0.37643236,0.009719419
375316653866487564,5938900731884434688,0.6547836,2259.089901051127,1.1758331908943007,3.1593759E-6,15.856739,0.011847574,0.25122908,0.0010273831,0.05742511,0.0037224654,0.24545792,0.023728311,0.7498451,0.0022317648,0.06523281,0.0059573473,0.20727338,0.022144586,0.07428389,0.013286344,0.25122908,0.0010273831,"TWOGAUSSIANS_WITH_ELLIPSOIDAL_ON_ECLIPSE1",9,12.032889,0.25122908,0.0010273831,0.32158062,0.020845806,0.39388424,0.008717527,0.7501151,0.0017738852,0.36530375,0.033361144,0.35569066,0.00846875
375316653866487564,5938901900117906816,0.56692314,2251.5921183046244,1.4298232560316153,1.6283884E-5,18.952335,0.012188443,0.2627224,0.003741757,0.08939845,0.007700608,0.21010688,0.011923055,0.7436756,0.002774694,0.08413413,0.004454262,0.47579768,0.017217882,null,null,null,null,"TWOGAUSSIANS",8,2.5835383,0.7436756,0.002774694,0.4,0.0,0.46875948,0.01677824,0.2627224,0.003741757,0.4,0.0,0.20306858,0.010815991
375316653866487564,5938901973144467200,0.5460239,2254.455484537625,2.9010004513737973,1.2444553E-5,18.920013,0.025047358,0.22451419,0.003893876,0.07572608,0.0062949425,0.52841663,0.027199432,0.7023309,0.006857593,0.094692014,0.011335902,0.45662823,0.02900172,null,null,null,null,"TWOGAUSSIANS",8,7.763883,0.22451419,0.003893876,0.4,0.0,0.51957834,0.023875602,0.7023309,0.006857593,0.4,0.0,0.44778845,0.028368013
375316653866487564,5938902243715114496,0.5140087,2282.5160369738333,1.7860929497351268,2.542635E-5,19.095573,0.011096683,0.26052868,0.006401291,0.04530942,0.0061913673,0.39198646,0.025157686,0.76219976,0.018513728,0.04963975,0.013772331,0.3382959,0.12171567,null,null,null,null,"TWOGAUSSIANS",8,5.554754,0.26052868,0.006401291,0.25373274,0.034671657,0.3919858,0.025158904,0.76219976,0.018513728,0.2779826,0.07712506,0.33829528,0.12171774
375316653866487564,5938902282380464896,0.50975746,2256.750843363489,2.5198567677565897,1.4588757E-5,18.502283,0.5233277,0.18813464,0.004035615,0.1512006,0.10246171,0.32435805,0.5173666,0.6854836,0.00614433,0.118954904,0.040936332,0.3776501,0.39343554,null,null,null,null,"TWOGAUSSIANS",8,3.5750244,0.6854836,0.00614433,0.4,0.0,0.25931484,0.012102,0.18815464,0.004028326,0.4,0.0,0.2033909,0.014526909
375316653866487564,5938902484242710528,0.43961102,2270.2615793142763,3.1381245617728672,3.5154495E-5,18.061903,0.57371145,0.27363566,0.008341906,0.20896588,0.08906395,0.8311815,0.5554552,0.7790075,0.012310616,0.16904594,0.054013234,0.81393766,0.49673942,null,null,null,null,"TWOGAUSSIANS",8,15.809899,0.7820375,0.009829358,0.4,0.0,0.24137786,0.024081983,0.27141565,0.008442503,0.4,0.0,0.18407369,0.028908862
375316653866487564,5938902793480673024,0.48556703,2245.6580325018663,2.78849678072432,3.9435152E-5,19.171978,0.03280189,0.20385984,0.0077475207,0.10080963,0.015359144,0.32498723,0.03053676,0.68249786,0.012132574,0.081757605,0.018741928,0.25647718,0.031992108,null,null,null,null,"TWOGAUSSIANS",8,4.622536,0.20385984,0.0077475207,0.4,0.0,0.31513262,0.02330381,0.68249786,0.012132574,0.4,0.0,0.2466272,0.024931606
375316653866487564,5938903515025534208,0.57687575,2241.4472367682424,2.893664758422711,9.8908E-6,19.15323,0.014565093,0.22697681,0.0019566498,0.039400667,0.00805243,0.38619098,0.033582598,0.721004,0.0016222976,0.04177741,0.0035005135,0.55784583,0.06646645,0.13283966,0.022443337,0.22697681,0.0019566498,"TWOGAUSSIANS_WITH_ELLIPSOIDAL_ON_ECLIPSE1",9,3.437876,0.721374,0.0015169993,0.23395349,0.019602876,0.8231742,0.06654518,0.22697681,0.0019566498,0.22064374,0.045093607,0.6518703,0.045397554
375316653866487564,5938903858633718400,0.4935031,2241.2333156005643,0.2798104611562521,2.0838275E-5,17.95805,0.004369089,0.24611655,0.002726592,0.017711326,0.0022593152,0.23087792,0.023857819,0.7460672,0.036971558,0.015217563,0.058044832,0.08317202,0.06900487,null,null,null,null,"TWOGAUSSIANS",8,7.6281657,0.24611655,0.002726592,0.099183425,0.012652166,0.23087792,0.023857819,0.7460672,0.036971558,0.085218355,0.32249165,0.08317202,0.06900488
375316653866487564,5938904339657147520,0.6129647,2273.2063345486754,2.603687898547273,3.9018837E-6,17.30305,0.013843014,0.1577278,0.0015365873,0.058722764,0.0055439915,0.24411072,0.030326795,0.657957,0.0023288508,0.05877593,0.005228848,0.18631701,0.030817794,0.093333445,0.01703855,0.1577278,0.0015365873,"TWOGAUSSIANS_WITH_ELLIPSOIDAL_ON_ECLIPSE1",9,6.9905267,0.1577278,0.0015365873,0.3288475,0.031046351,0.4307268,0.016136853,0.657957,0.002215353,0.32914522,0.029281551,0.3729327,0.009107113
375316653866487564,5938904580175386368,0.5719639,2290.486212784648,2.885616744894241,1.7874941E-5,17.804655,0.025610514,0.27495834,0.0020869318,0.05119109,0.007899913,0.25401065,0.05278158,0.7726454,0.01849699,0.057638463,0.016862867,0.36178938,0.06660493,0.106991656,0.03110198,0.27495834,0.0020869318,"TWOGAUSSIANS_WITH_ELLIPSOIDAL_ON_ECLIPSE1",9,15.939843,0.7729554,0.017895993,0.3227754,0.094432056,0.575707,0.03860742,0.27495834,0.0020869318,0.28667012,0.044239514,0.4679674,0.013609233
375316653866487564,5938905374758205440,0.50364065,2254.4207004813143,3.278168214377129,1.8593291E-5,19.258463,0.023663495,0.18934181,0.011492937,0.08817785,0.011428176,0.29120147,0.024236936,0.69660187,0.005100745,0.090718694,0.010422625,0.3079676,0.023428047,null,null,null,null,"TWOGAUSSIANS",8,2.2385476,0.69660187,0.005100745,0.4,0.0,0.29721123,0.019618372,0.18934181,0.011492937,0.4,0.0,0.2804452,0.017378563
375316653866487564,5938906057648404352,0.5594406,2265.0426032908404,2.1788754676621926,6.052648E-6,19.332748,0.006620211,0.28219077,0.009252063,0.033524096,0.008118564,0.65559846,0.11130218,0.776454,0.0015799061,0.0409571,0.0033929993,0.58242714,0.10797342,null,null,null,null,"TWOGAUSSIANS",8,2.8220518,0.28219077,0.009252063,0.18773495,0.04546396,0.65559846,0.11130219,0.776454,0.0015799061,0.22935976,0.019000797,0.58242714,0.10797342
375316653866487564,5938906504320555776,0.6390233,2244.1017674021646,2.210085857313808,4.7263516E-6,17.30164,0.0064624045,0.27844736,0.0014852186,0.094194196,0.0027792354,0.3217035,0.006553648,0.7775282,9.409641E-4,0.08809349,0.0021632744,0.35566226,0.0060485313,null,null,null,null,"TWOGAUSSIANS",8,2.4670467,0.7775282,9.409641E-4,0.4,0.0,0.340198,0.004164383,0.27844736,0.0014852186,0.4,0.0,0.30623886,0.0060104737
375316653866487564,5938907745602856064,0.6543748,2245.9199039563155,3.516080557727754,6.1000974E-6,13.639242,0.008390532,0.25430924,0.0024089767,0.048347402,0.0026852915,0.4104939,0.01857282,0.75307566,0.001157599,0.045408264,0.002538174,0.32044166,0.015897933,0.11841819,0.008809782,0.75307566,0.001157599,"TWOGAUSSIANS_WITH_ELLIPSOIDAL_ON_ECLIPSE2",9,180.92766,0.25418922,0.0021497484,0.27074546,0.015037633,0.64731675,0.0072246273,0.75307566,0.001157599,0.25428626,0.014213774,0.5572773,0.0051473984
375316653866487564,5938907878710485504,0.53235424,2245.0259044235067,0.7612271182442966,6.451338E-5,18.691994,0.0034683624,0.22967608,0.015530009,0.01470201,0.0036672058,0.042000983,0.01666825,0.63465834,7.406988E-4,0.019505955,3.616054E-4,0.6611387,0.01308788,null,null,null,null,"TWOGAUSSIANS",8,4.0636497,0.63465834,7.406988E-4,0.10923335,0.0020249903,0.6611387,0.01308788,0.22967608,0.015530009,0.082331255,0.020536352,0.042000983,0.01666825
375316653866487564,5938907947431366400,0.4565374,2250.7676500564116,3.6775421948609774,5.5292323E-5,19.526035,0.14490187,0.2192122,0.007669362,0.100612074,0.036477022,0.19933894,0.13331799,0.7388463,0.0123132095,0.120571434,0.06511335,0.24400607,0.11023662,null,null,null,null,"TWOGAUSSIANS",8,3.332782,0.7388563,0.012186245,0.4,0.0,0.21594046,0.044942603,0.2191022,0.0076053557,0.4,0.0,0.17138071,0.016125495
375316653866487564,5938908123560036480,0.6548437,2272.713322203927,1.4213499540926207,2.9568896E-6,16.203053,0.0035717685,0.24000654,5.7861186E-4,0.084142715,0.0011519176,0.39230186,0.005465677,0.741749,0.0017371828,0.09411843,0.0022327004,0.3628549,0.0046498473,null,null,null,null,"TWOGAUSSIANS",8,4.8740897,0.24000654,5.7861186E-4,0.4,0.0,0.37799665,0.00546487,0.741749,0.0017371828,0.4,0.0,0.34854913,0.0046494524
375316653866487564,5938909051272941056,0.58261895,2233.4172270045556,1.6615504563941315,7.2209805E-6,16.909138,0.014506159,0.32197714,0.0029308035,0.095305584,0.008757384,0.15654638,0.013486387,0.8311608,0.0055692596,0.11579229,0.016620915,0.09307609,0.014333345,null,null,null,null,"TWOGAUSSIANS",8,1.9955001,0.32196712,0.0029566677,0.4,0.0,0.14395222,0.0039891326,0.8311608,0.0055682887,0.4,0.0,0.08046474,0.004591396
375316653866487564,5938909287460073600,0.48519677,2246.430850110627,3.1237706025897265,6.139952E-5,18.580957,0.037647754,0.23811908,0.014410779,0.10119234,0.025227873,0.1945076,0.039494064,0.7254057,0.0047331355,0.09715224,0.019899799,0.27639917,0.039965503,null,null,null,null,"TWOGAUSSIANS",8,6.908894,0.7254057,0.0047331355,0.4,0.0,0.26010138,0.042755753,0.23811908,0.014411843,0.4,0.0,0.1782087,0.025554623
375316653866487564,5938909978963640576,0.6147184,2257.5492671737165,3.273515692458524,1.2747293E-5,18.914305,0.0076395776,0.20511279,0.0028759586,0.06387902,0.0029392198,0.57045853,0.016285654,0.70140326,0.0033791733,0.07550059,0.003794963,0.5693635,0.019843543,null,null,null,null,"TWOGAUSSIANS",8,2.0153322,0.20511279,0.0028759586,0.35772252,0.01645963,0.56880194,0.016287193,0.70140326,0.0033791733,0.4,0.0,0.5677069,0.019894673
375316653866487564,5938910872316935168,0.53086317,2252.583511016348,3.146910815072987,2.1251039E-5,19.438578,0.017965492,0.2345862,0.0078016105,0.07416433,0.010644919,0.44112775,0.020698229,0.7140065,0.0035567817,0.079476476,0.005108015,0.5189841,0.020383973,null,null,null,null,"TWOGAUSSIANS",8,3.5290403,0.7140065,0.0035567817,0.4,0.0,0.5159014,0.018464932,0.2345862,0.0078016105,0.4,0.0,0.43804508,0.01866671
375316653866487564,5938910975419708288,0.50002605,2293.8100851565964,2.540435124844124,2.4763125E-5,15.950439,0.019157251,0.25290987,0.008285413,0.10550409,0.01642131,0.22030109,0.01808068,0.74329746,0.0049788486,0.08641597,0.01066419,0.22517468,0.022429364,null,null,null,null,"TWOGAUSSIANS",8,90.67536,0.74329746,0.0049788486,0.4,0.0,0.21215847,0.0207995,0.25290987,0.008285413,0.4,0.0,0.20727853,0.013386672
