Gaia/vari_eclipsing_binary/VariEclipsingBinary_685547-685561.csv
# %ECSV 1.0
# ---
# delimiter: ','
# meta: !!omap
# - RELEASE: Gaia DR3
# - TABLE: vari_eclipsing_binary
# - DESCRIPTION: >
#     This table describes the properties of the eclipsing binaries resulting from the variability analysis. 
# - CITATION: >
#     How to cite and acknowledge Gaia: 
#     https://gea.esac.esa.int/archive/documentation/credits.html 
# - KNOWN_ISSUES: >
#     Known issues: 
#     https://www.cosmos.esa.int/web/gaia-users/known-issues 
# - DOCUMENTATION: >
#     Tutorials and documentation: 
#     https://www.cosmos.esa.int/web/gaia-users/archive 
# datatype:
# - 
#   name: solution_id
#   datatype: int64
#   description: Solution Identifier
#   meta:
#     ucd: meta.version
# - 
#   name: source_id
#   datatype: int64
#   description: Unique source identifier
#   meta:
#     ucd: meta.id;meta.main
# - 
#   name: global_ranking
#   datatype: float32
#   description: Number between 0 (worst) and 1 (best)
#   meta:
#     ucd: stat.param
# - 
#   name: reference_time
#   datatype: float64
#   unit: d
#   description: Reference time used for the geometric model fit
#   meta:
#     ucd: time.epoch
# - 
#   name: frequency
#   datatype: float64
#   unit: d**-1
#   description: Frequency of geometric model of the eclipsing binary light curve
#   meta:
#     ucd: src.orbital
# - 
#   name: frequency_error
#   datatype: float32
#   unit: d**-1
#   description: "Uncertainty of \\texttt{frequency}"
#   meta:
#     ucd: stat.error
# - 
#   name: geom_model_reference_level
#   datatype: float32
#   unit: mag
#   description: Magnitude reference level of geometric model
#   meta:
#     ucd: phot.mag;em.opt
# - 
#   name: geom_model_reference_level_error
#   datatype: float32
#   unit: mag
#   description: "Uncertainty of \\texttt{geomModelReferenceLevel}"
#   meta:
#     ucd: stat.error;phot.mag;em.opt
# - 
#   name: geom_model_gaussian1_phase
#   datatype: float32
#   description: Phase of the Gaussian 1 component
#   meta:
#     ucd: time.phase
# - 
#   name: geom_model_gaussian1_phase_error
#   datatype: float32
#   description: "Uncertainty of \\texttt{geomModelGaussian1Phase}"
#   meta:
#     ucd: stat.error;time.phase
# - 
#   name: geom_model_gaussian1_sigma
#   datatype: float32
#   description: "Standard deviation [phase] of Gaussian 1 component"
#   meta:
#     ucd: stat.stdev
# - 
#   name: geom_model_gaussian1_sigma_error
#   datatype: float32
#   description: "Uncertainty of \\texttt{geomModelGaussian1Sigma}"
#   meta:
#     ucd: stat.error
# - 
#   name: geom_model_gaussian1_depth
#   datatype: float32
#   unit: mag
#   description: Magnitude depth of Gaussian 1 component
#   meta:
#     ucd: src.var.amplitude
# - 
#   name: geom_model_gaussian1_depth_error
#   datatype: float32
#   unit: mag
#   description: "Uncertainty of \\texttt{geomModelGaussian1Depth}"
#   meta:
#     ucd: stat.error;src.var.amplitude
# - 
#   name: geom_model_gaussian2_phase
#   datatype: float32
#   description: Phase of Gaussian 2 component
#   meta:
#     ucd: time.phase
# - 
#   name: geom_model_gaussian2_phase_error
#   datatype: float32
#   description: "Uncertainty of \\texttt{geomModelGaussian2Phase}"
#   meta:
#     ucd: stat.error;time.phase
# - 
#   name: geom_model_gaussian2_sigma
#   datatype: float32
[...]
#   datatype: float32
#   description: "Secondary eclipse: uncertainty of \\texttt{derivedSecondaryEclDuration}"
#   meta:
#     ucd: stat.error;time.duration
# - 
#   name: derived_secondary_ecl_depth
#   datatype: float32
#   unit: mag
#   description: "Secondary eclipse: depth"
#   meta:
#     ucd: src.var.amplitude
# - 
#   name: derived_secondary_ecl_depth_error
#   datatype: float32
#   unit: mag
#   description: "Secondary eclipse: uncertainty of \\texttt{derivedSecondaryEclDepth}"
#   meta:
#     ucd: stat.error;src.var.amplitude
solution_id,source_id,global_ranking,reference_time,frequency,frequency_error,geom_model_reference_level,geom_model_reference_level_error,geom_model_gaussian1_phase,geom_model_gaussian1_phase_error,geom_model_gaussian1_sigma,geom_model_gaussian1_sigma_error,geom_model_gaussian1_depth,geom_model_gaussian1_depth_error,geom_model_gaussian2_phase,geom_model_gaussian2_phase_error,geom_model_gaussian2_sigma,geom_model_gaussian2_sigma_error,geom_model_gaussian2_depth,geom_model_gaussian2_depth_error,geom_model_cosine_half_period_amplitude,geom_model_cosine_half_period_amplitude_error,geom_model_cosine_half_period_phase,geom_model_cosine_half_period_phase_error,model_type,num_model_parameters,reduced_chi2,derived_primary_ecl_phase,derived_primary_ecl_phase_error,derived_primary_ecl_duration,derived_primary_ecl_duration_error,derived_primary_ecl_depth,derived_primary_ecl_depth_error,derived_secondary_ecl_phase,derived_secondary_ecl_phase_error,derived_secondary_ecl_duration,derived_secondary_ecl_duration_error,derived_secondary_ecl_depth,derived_secondary_ecl_depth_error
375316653866487564,6030135359237456640,0.46991998,2266.2421639608324,0.8675731315173194,7.402472E-5,17.842455,0.012996418,0.270221,0.014614033,0.017151477,0.035135023,0.048083562,0.13263047,0.73925245,0.015425972,0.034132116,0.034956314,0.2742241,0.14238872,0.017252808,0.013854743,0.270221,0.014614033,"TWOGAUSSIANS_WITH_ELLIPSOIDAL_ON_ECLIPSE1",9,11.120336,0.73960245,0.015734656,0.19113986,0.19575536,0.30745384,0.1641712,0.270221,0.014614033,0.096048266,0.19675614,0.08258913,0.1309141
375316653866487564,6030135805909389056,0.5423804,2257.512810158632,2.4594610794538565,1.2136958E-5,18.672112,0.010517622,0.2524938,0.001904634,0.08245891,0.0041734674,0.42712492,0.011368633,0.7602853,0.0035160931,0.087252766,0.0064278943,0.254828,0.009305421,null,null,null,null,"TWOGAUSSIANS",8,3.7415283,0.2524938,0.001904634,0.4,0.0,0.41971466,0.011078282,0.7602853,0.0035160931,0.4,0.0,0.24741769,0.0070766346
375316653866487564,6030135943399389184,0.49646512,2277.9038142502036,1.7199714929287782,2.3367818E-5,18.928102,0.0074090995,0.1847442,0.012776434,0.04663916,0.015242521,0.104540475,0.0372768,0.6971444,0.0046004434,0.0660634,0.0049861018,0.35871205,0.030529035,null,null,null,null,"TWOGAUSSIANS",8,5.35255,0.6971444,0.0046004434,0.369955,0.027922168,0.35869834,0.03053577,0.1847442,0.012776434,0.2611793,0.08535811,0.10452676,0.037306186
375316653866487564,6030136424435812608,0.5620705,2247.567726036804,2.8552049595138236,8.111158E-6,17.035765,0.01181112,0.21553051,0.0019107008,0.094041355,0.003872163,0.3789265,0.011382264,0.71590376,0.0023046404,0.09775161,0.004420994,0.36708963,0.012318254,null,null,null,null,"TWOGAUSSIANS",8,12.879532,0.21553051,0.0019107008,0.4,0.0,0.3541296,0.006842913,0.71590376,0.0023046404,0.4,0.0,0.34229177,0.009607144
375316653866487564,6030137180300952448,0.48457843,2246.637205021047,1.5235679723350655,2.0646768E-5,17.273108,0.0055425004,0.24295375,0.011296719,0.08759747,0.015879426,0.042556293,0.005817725,0.7247453,0.0067768204,0.092967354,0.012751082,0.0872881,0.0058389646,null,null,null,null,"TWOGAUSSIANS",8,3.4804192,0.7247453,0.0067768204,0.4,0.0,0.08529898,0.005508633,0.24295375,0.011297025,0.4,0.0,0.0405673,0.0043877703
375316653866487564,6030137485200916608,0.51096284,2268.826677099502,2.7855771676327907,1.8666831E-5,18.292591,0.014928374,0.28344262,0.0040219408,0.10162543,0.013595931,0.115583874,0.013581635,0.7896071,0.0056787585,0.09051569,0.018776892,0.12650691,0.007344724,null,null,null,null,"TWOGAUSSIANS",8,1.4406067,0.7896071,0.0056787585,0.4,0.0,0.11902044,0.011855699,0.28344262,0.0040219408,0.4,0.0,0.10809614,0.004169381
375316653866487564,6030137489536899968,0.56764495,2255.5699078848565,2.2300088735855246,9.496696E-6,18.785484,0.0071411687,0.26943234,0.0025499188,0.06926771,0.003168587,0.41804403,0.020694066,0.7615335,0.0030814658,0.07173996,0.00224975,0.6516702,0.03229149,null,null,null,null,"TWOGAUSSIANS",8,3.92339,0.7615335,0.0030814658,0.4,0.005067254,0.65007687,0.032380316,0.26943234,0.0025499188,0.3878992,0.017744089,0.41645065,0.02086309
375316653866487564,6030137798774780672,0.437477,2273.8980790657547,0.20423773761432684,4.1811618E-5,18.46511,0.005292428,0.24568738,0.0039071906,0.040945247,0.0056227027,0.0567894,0.012442984,0.7544127,0.008186377,0.009591286,0.0020880203,0.5989817,0.5946337,null,null,null,null,"TWOGAUSSIANS",8,9.179693,0.7544127,0.008186377,0.053711202,0.011692914,0.5989817,0.5946337,0.24568738,0.0039071906,0.22929338,0.031487137,0.0567894,0.012442984
375316653866487564,6030137828798492032,0.603463,2273.2496838016737,0.3099064854470162,1.7224446E-6,16.88671,0.005398676,0.30373982,3.8721814E-4,0.024636658,5.9895683E-4,0.8648933,0.019465428,0.7960401,0.024129488,0.03074391,0.02205893,0.0697106,0.17045672,0.015787901,0.008659184,0.30373982,3.8721814E-4,"TWOGAUSSIANS_WITH_ELLIPSOIDAL_ON_ECLIPSE1",9,32.0937,0.30373982,3.8721814E-4,0.13796529,0.0033541583,0.89646906,0.01915493,0.7962901,0.022799402,0.1721659,0.12353001,0.101214916,0.17474298
375316653866487564,6030138481635631232,0.54328793,2257.108886052016,2.020386394269027,2.3016937E-5,18.266394,0.0021211796,0.22402948,0.012608131,0.07037414,0.008031959,0.08658395,0.008008118,0.7136886,0.004657755,0.06468282,0.0028346882,0.2953388,0.02086262,null,null,null,null,"TWOGAUSSIANS",8,1.4126627,0.7136886,0.004657755,0.36222377,0.015874254,0.2950957,0.02089957,0.22402948,0.012608131,0.39409518,0.042370632,0.08634084,0.007899974
375316653866487564,6030138481658360064,0.58098,2252.235929265734,1.6283304171822381,4.9184173E-6,18.36253,0.005805001,0.2560913,0.0021583217,0.05378223,0.0035016395,0.2829438,0.01220625,0.74813586,0.005261284,0.0321823,0.0060315435,0.08134323,0.013590168,0.046176665,0.0072434368,0.2560913,0.0021583217,"TWOGAUSSIANS_WITH_ELLIPSOIDAL_ON_ECLIPSE1",9,1.8837478,0.2560913,0.0021583217,0.30118048,0.019609181,0.37529138,0.00803718,0.74881583,0.004962702,0.18022086,0.033776645,0.17347983,0.006279085
375316653866487564,6030138756536174720,0.5218897,2240.8517152715713,2.6024149850374494,2.7264967E-5,19.100197,0.019624794,0.27008703,0.0033550002,0.077748135,0.0069455593,0.40961906,0.032859247,0.755119,0.0030637272,0.07752075,0.0065205307,0.41225487,0.018743252,null,null,null,null,"TWOGAUSSIANS",8,4.673334,0.755119,0.0030637272,0.4,0.0,0.40889576,0.018290386,0.27008703,0.0033550002,0.4,0.0,0.40625995,0.032567527
375316653866487564,6030138760848611712,0.5230865,2239.616525069189,3.47274620955868,1.1746706E-5,19.462505,0.010890087,0.25270274,0.0039495984,0.08105685,0.005762935,0.4276566,0.023405494,0.757642,0.0064758426,0.07838518,0.0054126205,0.34332338,0.019869387,null,null,null,null,"TWOGAUSSIANS",8,1.9548542,0.25270274,0.0039495984,0.4,0.0,0.42256108,0.02403626,0.757642,0.0064758426,0.4,0.0,0.33822784,0.018707393
375316653866487564,6030138829617687424,0.57221466,2264.5787596630835,2.5051623437130393,5.494942E-6,18.104868,0.00463824,0.21373323,0.0023434078,0.07609207,0.0028138955,0.37260407,0.011787666,0.7126998,0.0018911225,0.07865937,0.0019133582,0.44999942,0.013555858,null,null,null,null,"TWOGAUSSIANS",8,4.054491,0.7126998,0.0018911225,0.4,0.0,0.4456586,0.013680727,0.21373323,0.0023434078,0.4,0.0,0.36826324,0.012008408
375316653866487564,6030138863997771520,0.5023393,2268.6919230501653,2.3937605231136367,1.450021E-5,18.402975,0.005085181,null,null,null,null,null,null,null,null,null,null,null,null,0.14564541,0.007837244,0.27929977,0.0033517468,"ELLIPSOIDAL",4,11.065378,null,null,null,null,null,null,null,null,null,null,null,null
375316653866487564,6030138962686663424,0.44770512,2246.220645630963,3.103884837872513,5.3527176E-5,19.566725,0.0067850607,0.3474865,0.007517772,0.065884374,0.00891517,0.2188302,0.048106164,0.83049643,0.019241698,0.056348298,0.016038926,0.25503364,0.080813915,null,null,null,null,"TWOGAUSSIANS",8,3.0159311,0.83049643,0.019241698,0.31555048,0.089817986,0.2549726,0.080910996,0.3474865,0.007517772,0.3689525,0.049924955,0.21876916,0.048143625
375316653866487564,6030139173165185280,0.52725893,2241.2099451158565,2.7543553554996323,1.8143719E-5,19.78219,0.012837997,0.23769735,0.0059513277,0.07073275,0.0058809444,0.6376444,0.022391388,0.7271338,0.0050642886,0.07263631,0.005272064,0.53187907,0.02285629,null,null,null,null,"TWOGAUSSIANS",8,2.2760005,0.23769735,0.0059513277,0.39610338,0.011747725,0.6355947,0.022566942,0.7271338,0.0050642886,0.4,0.0018010087,0.5298293,0.022144143
375316653866487564,6030139409371462656,0.5529315,2271.947719339724,1.412144729302589,3.8876383E-6,18.147604,0.0033717856,0.21096337,0.007848717,0.021287363,0.008774159,0.05562749,0.16899636,0.7237948,0.0010076809,0.039203376,0.0015092054,0.3024415,0.014119866,0.020599522,0.004278753,0.21096337,0.007848717,"TWOGAUSSIANS_WITH_ELLIPSOIDAL_ON_ECLIPSE1",9,2.668902,0.7237948,0.0010076809,0.21953891,0.00845155,0.34337333,0.013611142,0.21096337,0.007848717,0.11920924,0.04913529,0.09682653,0.16815445
375316653866487564,6030139551123180288,0.5261109,2274.205365388916,2.424783706858131,8.79489E-6,18.470787,0.0040597753,0.24490295,0.0024049184,0.062779866,0.003655646,0.251332,0.007851749,0.74270654,0.005415328,0.07618345,0.007387549,0.091822535,0.008960824,null,null,null,null,"TWOGAUSSIANS",8,2.3124645,0.24490295,0.0024049184,0.35156727,0.020471618,0.2509178,0.0078966925,0.74270654,0.005415328,0.4,0.0,0.09140831,0.0090140775
375316653866487564,6030140066520041856,0.49562085,2244.6456363449993,3.147674537214431,2.5837036E-5,19.083485,0.011167513,0.2648061,0.004115442,0.07840182,0.0068971347,0.20824286,0.0125601,0.76574326,0.010153646,0.092500456,0.00976624,0.2216004,0.015742961,null,null,null,null,"TWOGAUSSIANS",8,1.9861921,0.76574326,0.010153646,0.4,0.0,0.21575196,0.01401995,0.2648061,0.004115442,0.4,0.0,0.20239463,0.010955376
375316653866487564,6030140994233674880,0.5195485,2223.153542133765,1.8103725442915022,1.5213014E-5,18.267504,0.006406156,0.22606562,0.016998611,0.07571713,0.016410906,0.1058756,0.010778048,0.7217635,0.001939422,0.05749917,0.0028087422,0.28845134,0.011856541,null,null,null,null,"TWOGAUSSIANS",8,4.225153,0.7217635,0.001939422,0.32199535,0.015728956,0.2882051,0.011796298,0.22606562,0.016998611,0.4,0.021874897,0.10562935,0.010552325
375316653866487564,6030141063000947968,0.55255103,2241.5987884832753,3.3989053102593254,1.4824936E-5,17.862587,0.01098302,0.2829688,0.0031561707,0.08230956,0.005213798,0.28320995,0.011390983,0.7915393,0.0029716522,0.0847611,0.005499124,0.30782068,0.020231565,null,null,null,null,"TWOGAUSSIANS",8,7.4551845,0.7915393,0.0029716522,0.4,0.0,0.30207545,0.0202742,0.2829688,0.0031561707,0.4,0.0,0.27746472,0.010227679
375316653866487564,6030141883247983872,0.60697484,2266.9324420427088,1.6750407628906971,4.9710297E-6,17.227762,0.005994486,0.21982986,0.0015789965,0.057795003,0.0087932395,0.044595227,0.016969347,0.719301,0.002703175,0.058698267,0.0037386024,0.14843805,0.015631778,0.08431698,0.007917799,0.21982986,0.0015789965,"TWOGAUSSIANS_WITH_ELLIPSOIDAL_ON_ECLIPSE1",9,3.0751452,0.71942097,0.0019752844,0.3287103,0.020936174,0.31705028,0.008560421,0.21982986,0.0015789965,0.323652,0.049242143,0.21320887,0.008226316
375316653866487564,6030141921945437440,0.53270525,2237.997467885857,2.7353199951081955,1.3224555E-5,19.676939,0.011316328,0.26090917,0.0053569903,0.07815658,0.0066418806,0.39038843,0.018255351,0.7576943,0.0027158945,0.07989288,0.0037473743,0.49907482,0.015550155,null,null,null,null,"TWOGAUSSIANS",8,1.6231242,0.7576943,0.0027158945,0.4,0.0,0.4935177,0.014948997,0.26090917,0.0053569903,0.4,0.0,0.3848313,0.018525938
375316653866487564,6030141951973146496,0.4437204,2261.62709194724,1.5185054296001468,9.894267E-6,17.960875,0.0077345083,0.31764483,0.0012643093,0.018438337,0.0036037716,1.1819429,0.6534821,0.80700684,0.007620041,0.017507246,0.017078334,0.18176381,3.84950848E8,0.01475908,0.012352636,0.31764483,0.0012643093,"TWOGAUSSIANS_WITH_ELLIPSOIDAL_ON_ECLIPSE1",9,43.550716,0.31764483,0.0012643093,0.10325469,0.020181121,1.2114611,0.66770583,0.80704683,0.0076223044,0.09804057,0.09563867,0.2111508,3.84950848E8
375316653866487564,6030142265543623552,0.5732539,2232.45191774601,3.6946431541947744,6.1231535E-6,18.457561,0.011364322,0.24517441,0.0014676163,0.07004663,0.0026019767,0.4503946,0.019407513,0.7546792,0.0023005772,0.057049677,0.0062872586,0.354924,0.04238639,null,null,null,null,"TWOGAUSSIANS",8,5.1585474,0.24517441,0.0014676163,0.39226115,0.012891785,0.45013383,0.019341232,0.7546792,0.0023005772,0.31947818,0.03520865,0.3546632,0.04259322
375316653866487564,6030142265545234048,0.49291804,2255.7318284879743,1.4203934612825848,3.5405323E-5,19.94805,0.007983386,0.30570117,0.008231783,0.03549594,0.0058942246,0.35702926,0.10998476,0.7990427,0.012414035,0.031791423,0.010845641,0.67495763,0.33231393,null,null,null,null,"TWOGAUSSIANS",8,1.9926859,0.7990427,0.012414035,0.17803197,0.060735587,0.67495763,0.33231393,0.30570117,0.008231783,0.19877727,0.03300766,0.35702926,0.10998476
375316653866487564,6030142643548796928,0.6078922,2271.465130393421,2.9755658681186388,5.4041784E-6,17.967615,0.0068414523,0.23332421,0.001638616,0.04274812,0.002368988,0.5380043,0.030507874,0.73811144,0.0012754487,0.035928085,0.0021157977,0.49927935,0.024315247,0.16014639,0.010487897,0.73811144,0.0012754487,"TWOGAUSSIANS_WITH_ELLIPSOIDAL_ON_ECLIPSE2",9,6.944482,0.23370421,0.0015095286,0.23938948,0.013266333,0.85803,0.031868327,0.73811144,0.0012754487,0.20119728,0.011848467,0.8195719,0.024351269
375316653866487564,6030142879704771200,0.56773293,2247.0177167798465,3.16876200158195,1.0766982E-5,18.825554,0.005597191,0.22961268,0.008377098,0.07946116,0.0055411877,0.2890223,0.014787485,0.7414132,0.0021770645,0.0862373,0.0032145593,0.2570082,0.006566395,null,null,null,null,"TWOGAUSSIANS",8,1.0080823,0.22961268,0.008377098,0.4,0.0,0.2844176,0.015068554,0.7414132,0.0021770645,0.4,0.0,0.25240347,0.006017463
375316653866487564,6030142918385329792,0.460287,2249.3454365868447,1.7895076340845932,1.1778118E-4,19.585728,0.012176327,0.26461065,0.008263184,0.05210319,0.015940472,0.3736882,0.16325755,0.7510517,0.009056915,0.036643766,0.007709974,0.32387695,0.053205084,null,null,null,null,"TWOGAUSSIANS",8,3.2790742,0.26461065,0.008263184,0.29177788,0.08926665,0.37368813,0.16325946,0.7510517,0.009056915,0.2052051,0.043175854,0.32387692,0.05320508
375316653866487564,6030143292013489408,0.50632465,2243.0037440348265,0.1576091300925092,3.2508135E-5,18.743654,0.0026517273,0.22933039,0.0048436206,0.008540801,0.0048859227,0.28666806,0.1535225,0.7959798,0.0046976404,0.014362781,0.005377847,0.0672145,0.07710327,null,null,null,null,"TWOGAUSSIANS",8,1.7455658,0.22933039,0.0048436206,0.047828484,0.027361168,0.28666806,0.1535225,0.7959798,0.0046976404,0.08043158,0.030115942,0.0672145,0.07710327
375316653866487564,6030143601259678592,0.5258694,2247.809773580811,2.543645567470259,1.539245E-5,18.445223,0.009056706,0.2320947,0.004023259,0.07960835,0.0047581256,0.2686823,0.013446268,0.727328,0.0018676954,0.08019229,0.005280587,0.29867157,0.014146846,null,null,null,null,"TWOGAUSSIANS",8,5.1533527,0.727328,0.0018676954,0.4,0.0,0.29481086,0.014658346,0.2320947,0.004023259,0.4,0.0,0.2648216,0.013061964
375316653866487564,6030143983541473536,0.551034,2299.6649193784533,3.6887332638760855,1.2431102E-5,19.708586,0.02025974,0.23180017,0.003182812,0.044008497,0.0062260227,0.4146524,0.050804712,0.7382763,0.004602463,0.04410459,0.007187989,0.4525932,0.057740513,0.13634889,0.029390922,0.23180017,0.003182812,"TWOGAUSSIANS_WITH_ELLIPSOIDAL_ON_ECLIPSE1",9,3.6711931,0.7382763,0.004602463,0.2469857,0.040252738,0.7248392,0.05607567,0.23180017,0.003182812,0.2464476,0.03486573,0.6873497,0.03503538
375316653866487564,6030144150989566976,0.49129012,2301.746532562381,1.7533009452918444,2.4225596E-5,17.680246,0.017833302,0.26034787,0.0044031795,0.10337385,0.014433995,0.12821144,0.01637153,0.75117564,0.005024352,0.1093417,0.015753912,0.11643725,0.017136993,null,null,null,null,"TWOGAUSSIANS",8,2.780236,0.26035786,0.0044087498,0.4,0.0,0.114324436,0.0066757514,0.75117564,0.005024352,0.4,0.0,0.10254539,0.0068452456
375316653866487564,6030144185349307008,0.5141787,2289.0909222515133,3.0829100366173927,1.9560148E-5,17.683735,0.012214092,0.22619924,0.0042906147,0.10073725,0.008558002,0.2105145,0.0129533475,0.7367067,0.0029020754,0.094309255,0.007728626,0.18480456,0.011238604,null,null,null,null,"TWOGAUSSIANS",8,7.077458,0.22619924,0.0042906147,0.4,0.0,0.19765885,0.011583618,0.7367067,0.0029020754,0.4,0.0,0.1719507,0.007188445
375316653866487564,6030144563335795456,0.5153577,2303.5252541193063,3.3467556438986796,1.8813163E-5,18.74258,0.025860816,0.25080326,0.0037984243,0.1096326,0.011365938,0.28298947,0.023992844,0.75134045,0.0050430344,0.098105095,0.009998104,0.3097611,0.024556242,null,null,null,null,"TWOGAUSSIANS",8,3.3677232,0.75134045,0.00504321,0.4,0.0,0.27745143,0.012569071,0.25080326,0.0037984243,0.4,0.0,0.250664,0.008255066
