Gaia/vari_eclipsing_binary/VariEclipsingBinary_676821-676848.csv
# %ECSV 1.0
# ---
# delimiter: ','
# meta: !!omap
# - RELEASE: Gaia DR3
# - TABLE: vari_eclipsing_binary
# - DESCRIPTION: >
#     This table describes the properties of the eclipsing binaries resulting from the variability analysis. 
# - CITATION: >
#     How to cite and acknowledge Gaia: 
#     https://gea.esac.esa.int/archive/documentation/credits.html 
# - KNOWN_ISSUES: >
#     Known issues: 
#     https://www.cosmos.esa.int/web/gaia-users/known-issues 
# - DOCUMENTATION: >
#     Tutorials and documentation: 
#     https://www.cosmos.esa.int/web/gaia-users/archive 
# datatype:
# - 
#   name: solution_id
#   datatype: int64
#   description: Solution Identifier
#   meta:
#     ucd: meta.version
# - 
#   name: source_id
#   datatype: int64
#   description: Unique source identifier
#   meta:
#     ucd: meta.id;meta.main
# - 
#   name: global_ranking
#   datatype: float32
#   description: Number between 0 (worst) and 1 (best)
#   meta:
#     ucd: stat.param
# - 
#   name: reference_time
#   datatype: float64
#   unit: d
#   description: Reference time used for the geometric model fit
#   meta:
#     ucd: time.epoch
# - 
#   name: frequency
#   datatype: float64
#   unit: d**-1
#   description: Frequency of geometric model of the eclipsing binary light curve
#   meta:
#     ucd: src.orbital
# - 
#   name: frequency_error
#   datatype: float32
#   unit: d**-1
#   description: "Uncertainty of \\texttt{frequency}"
#   meta:
#     ucd: stat.error
# - 
#   name: geom_model_reference_level
#   datatype: float32
#   unit: mag
#   description: Magnitude reference level of geometric model
#   meta:
#     ucd: phot.mag;em.opt
# - 
#   name: geom_model_reference_level_error
#   datatype: float32
#   unit: mag
#   description: "Uncertainty of \\texttt{geomModelReferenceLevel}"
#   meta:
#     ucd: stat.error;phot.mag;em.opt
# - 
#   name: geom_model_gaussian1_phase
#   datatype: float32
#   description: Phase of the Gaussian 1 component
#   meta:
#     ucd: time.phase
# - 
#   name: geom_model_gaussian1_phase_error
#   datatype: float32
#   description: "Uncertainty of \\texttt{geomModelGaussian1Phase}"
#   meta:
#     ucd: stat.error;time.phase
# - 
#   name: geom_model_gaussian1_sigma
#   datatype: float32
#   description: "Standard deviation [phase] of Gaussian 1 component"
#   meta:
#     ucd: stat.stdev
# - 
#   name: geom_model_gaussian1_sigma_error
#   datatype: float32
#   description: "Uncertainty of \\texttt{geomModelGaussian1Sigma}"
#   meta:
#     ucd: stat.error
# - 
#   name: geom_model_gaussian1_depth
#   datatype: float32
#   unit: mag
#   description: Magnitude depth of Gaussian 1 component
#   meta:
#     ucd: src.var.amplitude
# - 
#   name: geom_model_gaussian1_depth_error
#   datatype: float32
#   unit: mag
#   description: "Uncertainty of \\texttt{geomModelGaussian1Depth}"
#   meta:
#     ucd: stat.error;src.var.amplitude
# - 
#   name: geom_model_gaussian2_phase
#   datatype: float32
#   description: Phase of Gaussian 2 component
#   meta:
#     ucd: time.phase
# - 
#   name: geom_model_gaussian2_phase_error
#   datatype: float32
#   description: "Uncertainty of \\texttt{geomModelGaussian2Phase}"
#   meta:
#     ucd: stat.error;time.phase
# - 
#   name: geom_model_gaussian2_sigma
#   datatype: float32
[...]
#   datatype: float32
#   description: "Secondary eclipse: uncertainty of \\texttt{derivedSecondaryEclDuration}"
#   meta:
#     ucd: stat.error;time.duration
# - 
#   name: derived_secondary_ecl_depth
#   datatype: float32
#   unit: mag
#   description: "Secondary eclipse: depth"
#   meta:
#     ucd: src.var.amplitude
# - 
#   name: derived_secondary_ecl_depth_error
#   datatype: float32
#   unit: mag
#   description: "Secondary eclipse: uncertainty of \\texttt{derivedSecondaryEclDepth}"
#   meta:
#     ucd: stat.error;src.var.amplitude
solution_id,source_id,global_ranking,reference_time,frequency,frequency_error,geom_model_reference_level,geom_model_reference_level_error,geom_model_gaussian1_phase,geom_model_gaussian1_phase_error,geom_model_gaussian1_sigma,geom_model_gaussian1_sigma_error,geom_model_gaussian1_depth,geom_model_gaussian1_depth_error,geom_model_gaussian2_phase,geom_model_gaussian2_phase_error,geom_model_gaussian2_sigma,geom_model_gaussian2_sigma_error,geom_model_gaussian2_depth,geom_model_gaussian2_depth_error,geom_model_cosine_half_period_amplitude,geom_model_cosine_half_period_amplitude_error,geom_model_cosine_half_period_phase,geom_model_cosine_half_period_phase_error,model_type,num_model_parameters,reduced_chi2,derived_primary_ecl_phase,derived_primary_ecl_phase_error,derived_primary_ecl_duration,derived_primary_ecl_duration_error,derived_primary_ecl_depth,derived_primary_ecl_depth_error,derived_secondary_ecl_phase,derived_secondary_ecl_phase_error,derived_secondary_ecl_duration,derived_secondary_ecl_duration_error,derived_secondary_ecl_depth,derived_secondary_ecl_depth_error
[from data line 444]
375316653866487564,5953556161032464512,0.48959303,2233.1136545260397,0.5161594951554912,2.3443314E-4,19.719584,0.06976802,0.31650022,0.019234566,0.14852233,0.03262811,0.35018855,0.08494771,0.9182456,0.031135231,0.050061215,0.040307038,0.103628404,0.053360432,null,null,null,null,"TWOGAUSSIANS",8,2.231125,0.31650022,0.019234566,0.4,0.0,0.34521648,0.05893464,0.92270565,0.028337952,0.28034282,0.1960008,0.10874767,0.044576623
375316653866487564,5953556161033595008,0.529471,2265.539196652867,4.214978273256544,1.3568297E-5,19.810102,0.023678152,0.28726596,0.0033350675,0.053687047,0.0072660972,0.8249058,0.18537721,0.77563155,0.004720768,0.062447526,0.007901121,0.54395455,0.06345478,null,null,null,null,"TWOGAUSSIANS",8,2.0525267,0.28726596,0.0033350675,0.30064747,0.040690143,0.82482576,0.18553077,0.77563155,0.004720768,0.34970614,0.04424628,0.5438745,0.063558735
375316653866487564,5953556981365847552,0.4941233,2254.143949163191,2.575235862148916,4.621545E-5,18.544025,0.09408228,0.2265955,0.0066838856,0.105746366,0.035310972,0.19386703,0.08286876,0.72129965,0.009330135,0.13362108,0.047795676,0.16934963,0.09181723,null,null,null,null,"TWOGAUSSIANS",8,3.1939929,0.22666551,0.006850469,0.4,0.0,0.15588914,0.015789097,0.72129965,0.00934408,0.4,0.0,0.13106556,0.01657096
375316653866487564,5953557157464080128,0.54920197,2252.6751723440725,2.146904308595012,3.0338497E-5,19.222492,0.017672537,0.32503614,0.014988298,0.10547098,0.025892321,0.13057634,0.014704512,0.8120448,0.0052772546,0.073962204,0.0113118645,0.28001857,0.017355144,null,null,null,null,"TWOGAUSSIANS",8,0.95530504,0.8120448,0.0052772546,0.4,0.021150038,0.27422822,0.013604297,0.32503614,0.014988298,0.4,0.0,0.12478199,0.014273593
375316653866487564,5953557187521268992,0.5898312,2249.225394121835,2.9802263690074082,1.0415915E-5,18.089405,0.012117574,0.31252706,0.0032050875,0.08174751,0.0046960227,0.47362053,0.030426748,0.8044977,0.002736678,0.0807414,0.0049376115,0.4709567,0.028976822,null,null,null,null,"TWOGAUSSIANS",8,4.196176,0.31252706,0.0032050875,0.4,0.0,0.4664993,0.03097472,0.8044977,0.002736678,0.4,0.0,0.4638355,0.029779118
375316653866487564,5953558664993610112,0.47413245,2253.1335147015798,0.17196808232690608,6.6827335E-5,19.482681,0.005857561,0.17635468,1.3192516E-4,0.002821943,2.1537964E-4,0.68464214,0.16676138,0.49664274,0.020992728,0.034662567,0.024070462,0.17761211,1714.2064,0.05619858,0.008809994,0.17635468,1.3192516E-4,"TWOGAUSSIANS_WITH_ELLIPSOIDAL_ON_ECLIPSE1",9,1.8835795,0.17635468,1.3192516E-4,0.01580288,0.001206126,0.79703844,0.1700569,0.50050277,0.027059834,0.19411038,0.1347946,0.19919448,1714.1998
375316653866487564,5953558806745885056,0.51239085,2222.8187160836765,1.4857972197926206,1.8030849E-5,16.940796,0.0026913753,0.2292842,0.0034946695,0.063856736,0.0034692776,0.124174476,0.0037529166,0.73300266,0.0064393985,0.09737472,0.007697013,0.058841784,0.0035080062,null,null,null,null,"TWOGAUSSIANS",8,3.2426565,0.2292842,0.0034946695,0.3575977,0.019427955,0.12302025,0.0034698308,0.73300266,0.0064393985,0.4,0.0,0.05768733,0.0032418265
375316653866487564,5953559661422042496,0.4311241,2259.335405066502,0.04917266616319741,3.9219532E-5,15.869401,0.0013928773,0.6043148,0.01861374,0.045494046,0.01182493,0.20678684,1.107576,null,null,null,null,null,null,null,null,null,null,"ONEGAUSSIAN",5,75.85964,0.6043148,0.01861374,0.25476664,0.06621961,0.20678684,0.0,null,null,null,null,null,null
375316653866487564,5953560627798377216,0.5113774,2242.710701843116,3.8875946862630455,3.236915E-5,19.754908,0.01580643,0.1876842,0.011397246,0.05988609,0.015911411,0.68563706,0.34024766,0.68283004,0.004464687,0.060753267,0.004808506,0.46221256,0.03534071,null,null,null,null,"TWOGAUSSIANS",8,1.6499236,0.1876842,0.011397246,0.3353621,0.07345353,0.68546027,0.34078223,0.68283004,0.004464687,0.3402183,0.026927635,0.46203575,0.035263393
375316653866487564,5953560932736278656,0.49515137,2229.8576197813136,1.932505108847356,1.4779053E-4,18.778086,0.0080045955,0.25706232,0.0029572253,0.017156372,0.0013939104,0.29277384,0.029904034,0.6329273,0.056546915,0.1260434,0.12675175,0.02308739,0.007889702,null,null,null,null,"TWOGAUSSIANS",8,1.4981556,0.25707233,0.002951992,0.09607568,0.0078058983,0.29302692,0.029981235,0.6329273,0.056546915,0.4,0.017965047,0.023069715,0.009032985
375316653866487564,5953562685079633024,0.5915778,2231.4768163540693,0.6814631875060754,2.8042981E-5,17.54492,0.0020576396,0.8682939,5.71645E-4,0.025420714,7.6724E-4,0.3419299,0.015292188,null,null,null,null,null,null,null,null,null,null,"ONEGAUSSIAN",5,2.4602435,0.8682939,5.71645E-4,0.142356,0.004296544,0.3419299,0.0,null,null,null,null,null,null
375316653866487564,5953562719443259392,0.5536504,2221.090595450844,0.5600133151289668,1.3032442E-4,19.090216,0.013460772,0.3122404,0.008438417,0.03821892,0.0050385944,1.0702947,0.40979296,0.67221755,0.015244359,0.031912003,0.027374828,2.4418733,9.3082194E9,null,null,null,null,"TWOGAUSSIANS",8,14.607986,0.67221755,0.015244359,0.17870721,0.15329903,2.4418733,9.3082194E9,0.3122404,0.008438417,0.21402594,0.02821613,1.0702947,0.40979296
375316653866487564,5953563028676969472,0.51396,2276.1148183350174,2.9127515186535686,2.7253247E-5,17.949995,0.0589105,0.24339898,0.006271617,0.1323714,0.027333822,0.24897383,0.052055333,0.76018476,0.0065543307,0.10596847,0.019743588,0.21220048,0.05624625,null,null,null,null,"TWOGAUSSIANS",8,5.8941693,0.24338898,0.0062692873,0.4,0.0,0.20505741,0.015870366,0.7604648,0.0064232755,0.4,0.0,0.16871694,0.01202502
375316653866487564,5953563200475109248,0.6529872,2256.4023803283976,0.5946620363481782,4.898267E-6,16.659798,0.0013198265,0.5464095,7.1443495E-4,0.031224433,6.943361E-4,0.436918,0.010395734,null,null,null,null,null,null,null,null,null,null,"ONEGAUSSIAN",5,4.1258965,0.5464095,7.1443495E-4,0.17485683,0.003888282,0.436918,0.0,null,null,null,null,null,null
375316653866487564,5953564510449353600,0.49367186,2226.3136999249414,2.5614286040416774,1.9578614E-5,19.306187,0.65233374,0.15655126,0.007633215,0.120134875,0.048516303,0.5201056,0.4696199,0.6637521,0.012895591,0.15802254,0.115516424,0.5024545,0.6393208,null,null,null,null,"TWOGAUSSIANS",8,2.6272025,0.15603127,0.0077428175,0.4,0.0,0.33615333,0.045027826,0.6638221,0.012910875,0.4,0.0,0.3118882,0.044987153
375316653866487564,5953564746664044288,0.5173576,2239.5617432959953,1.3326684650681953,1.6100847E-5,17.94456,0.03238665,0.21528088,0.0058894637,0.050670166,0.0055579534,0.5006798,0.099691674,0.7084176,0.018483134,0.039219756,0.039696585,0.11562809,22132.516,0.08783479,0.06576582,0.7084176,0.018483134,"TWOGAUSSIANS_WITH_ELLIPSOIDAL_ON_ECLIPSE2",9,34.78652,0.21482088,0.0046291226,0.28375295,0.031124538,0.67604184,0.041892555,0.7084176,0.018483134,0.21963063,0.22230087,0.29129493,22132.494
375316653866487564,5953565262059173632,0.6506655,2248.165916634197,0.6689851750699646,4.5247075E-6,15.936762,0.004292923,0.21575136,0.0056917877,0.026852993,0.022472033,0.04782523,1.2631114E13,0.7076957,8.971566E-4,0.034866042,0.0013976642,0.6649379,0.0170923,0.031046813,0.0063144458,0.21575136,0.0056917877,"TWOGAUSSIANS_WITH_ELLIPSOIDAL_ON_ECLIPSE1",9,18.65192,0.7077657,8.836606E-4,0.19524984,0.00782692,0.7268739,0.019644786,0.21575136,0.0056917877,0.15037677,0.12584339,0.10991874,1.2631114E13
375316653866487564,5953565605656584960,0.6441223,2261.7767520045863,2.121648303213689,4.793241E-6,16.879913,0.0065998514,0.21018769,0.0019196594,0.07678506,0.003174731,0.46835965,0.011942168,0.70915014,0.002896017,0.0805795,0.0043080733,0.44102728,0.018039627,null,null,null,null,"TWOGAUSSIANS",8,7.6271935,0.21018769,0.0019196594,0.4,0.0,0.4626481,0.012353092,0.70915014,0.002896017,0.4,0.0,0.43531573,0.019060737
375316653866487564,5953566297169093248,0.4662916,2259.6048337138996,1.7796066275237306,1.4720544E-4,17.4723,0.1946056,0.28176957,0.0189041,0.11933559,0.11061248,0.12360705,0.18547973,0.7551765,0.010579642,0.095859975,0.05089794,0.1253247,0.14769758,null,null,null,null,"TWOGAUSSIANS",8,8.879124,0.7551765,0.010579642,0.4,0.0,0.11301144,0.014935854,0.28176957,0.018731559,0.4,0.0,0.111239865,0.014509895
375316653866487564,5953566950004189824,0.52012455,2245.226885108873,0.5257993433437292,9.47933E-5,17.753122,0.0061682286,0.27755198,0.031907152,0.04250176,0.0352048,0.4442236,54.98284,0.68541276,0.012563464,0.033042297,0.028692573,0.07080131,428.94458,null,null,null,null,"TWOGAUSSIANS",8,9.803627,0.27755198,0.031907152,0.23800984,0.19714689,0.4442236,54.98284,0.68541276,0.012563464,0.18503685,0.16067842,0.07080131,428.94458
375316653866487564,5953567602825508992,0.48283783,2223.451254808075,2.156369522707982,6.9990696E-5,19.527866,0.009403152,0.12075773,0.017865915,0.058126565,0.012673992,0.36722353,0.027320238,0.608938,0.0070787542,0.06777407,0.011780681,0.46463612,0.05345074,null,null,null,null,"TWOGAUSSIANS",8,6.904133,0.608938,0.0070787542,0.3795348,0.057661384,0.46442178,0.053706348,0.12075773,0.017865915,0.32550877,0.07097436,0.36700922,0.027360423
375316653866487564,5953567735964372352,0.60150975,2237.0505771853427,3.004711630402513,1.4359797E-5,18.302635,0.013681973,0.27987581,0.0019503864,0.06396426,0.0028196739,0.5443436,0.022093812,0.7736241,0.0012162883,0.07192149,0.0026956093,0.61360013,0.013502346,null,null,null,null,"TWOGAUSSIANS",8,5.329161,0.7736241,0.0012162883,0.4,0.004357817,0.61247855,0.012947198,0.27987581,0.0019503864,0.35819986,0.015790174,0.543222,0.02195691
375316653866487564,5953568015142398208,0.51467776,2231.2098044086197,1.9286945348503857,3.8201153E-5,18.371078,0.3145965,0.2587635,0.010308042,0.101487584,0.058471248,0.17338647,0.28882438,0.7508809,0.008581692,0.08005898,0.10320811,0.2209306,0.24403766,null,null,null,null,"TWOGAUSSIANS",8,2.4698234,0.7508809,0.008581692,0.4,0.0,0.21330783,0.057559904,0.2587635,0.008922496,0.4,0.0,0.16576171,0.021700135
375316653866487564,5953568526234459648,0.6187415,2220.0035816423483,0.6097428406038617,1.37193565E-5,15.195704,0.0015418149,0.27711686,0.004186768,0.02701416,0.0027585023,0.15551579,0.013022782,0.775993,0.0026086539,0.028582169,0.00465201,0.1512944,0.017476818,0.013910807,0.0024308665,0.27711686,0.004186768,"TWOGAUSSIANS_WITH_ELLIPSOIDAL_ON_ECLIPSE1",9,8.385568,0.27711686,0.004186768,0.1512793,0.015447613,0.1833374,0.010799611,0.776003,0.0025606134,0.16006015,0.026051253,0.17911462,0.0187788
375316653866487564,5953570003703186432,0.6529879,2242.860274030161,2.606122762722566,2.3383732E-6,16.399635,0.008787462,0.2731769,0.0014181053,0.047869552,0.0025431584,0.34402135,0.02330577,0.77734166,0.00834381,0.049824275,0.007054371,0.35614702,0.026921943,0.13112861,0.010915743,0.2731769,0.0014181053,"TWOGAUSSIANS_WITH_ELLIPSOIDAL_ON_ECLIPSE1",9,16.375826,0.77734166,0.00834381,0.27901593,0.039504476,0.61822224,0.021598302,0.2731769,0.0014181053,0.2680695,0.014241687,0.6062761,0.016657138
375316653866487564,5953570141142688256,0.5126405,2263.2831008329667,2.7959990476381775,1.9910613E-5,17.582228,0.01047067,0.32121274,0.0045862473,0.10332743,0.009497978,0.17334421,0.009969732,0.82738155,0.006012331,0.08607103,0.010203694,0.17016082,0.009364726,null,null,null,null,"TWOGAUSSIANS",8,4.988747,0.32121274,0.0045862473,0.4,0.0,0.16372065,0.0065411055,0.82738155,0.006012331,0.4,0.0,0.16054021,0.006793479
375316653866487564,5953570244225203456,0.506554,2252.429583677412,2.643215868458413,2.076909E-5,19.056911,0.02251429,0.15102848,0.014470712,0.071151935,0.024097862,0.26055816,0.043966237,0.6530878,0.004078053,0.076391496,0.006840653,0.4115628,0.041007504,null,null,null,null,"TWOGAUSSIANS",8,3.1826563,0.6530878,0.004078053,0.4,0.0,0.40954742,0.039863113,0.15102848,0.014470712,0.39845082,0.041197762,0.25854278,0.0489455
375316653866487564,5953570931420534528,0.56211317,2263.99310519912,0.6827189646370715,1.9629384E-5,19.504475,0.0070555583,0.4455233,0.001756366,0.05009719,0.0020519746,0.93257123,0.043337,0.65609455,0.0034090194,0.012136855,0.006790935,0.08941951,0.14546034,null,null,null,null,"TWOGAUSSIANS",8,1.6182486,0.4455233,0.001756366,0.28054425,0.011491057,0.93257123,0.043337,0.65609455,0.0034090194,0.06796639,0.038029235,0.08955543,0.14548787
375316653866487564,5953572069592032768,0.47915718,2249.4486773607678,1.3715256814240275,4.4162178E-5,19.176037,0.005214478,0.074308686,0.0032741239,0.014402601,0.0024067147,0.21964583,0.027205748,0.661595,0.02500606,0.033017922,0.011732745,0.051591564,0.016671767,null,null,null,null,"TWOGAUSSIANS",8,1.7540822,0.074308686,0.0032741239,0.08065456,0.013477602,0.21964583,0.027205748,0.661595,0.02500606,0.18490036,0.06570337,0.051591564,0.016671767
375316653866487564,5953572202730912000,0.4857459,2229.5109596543084,0.0361594363937712,1.0814659E-6,18.760918,0.0048263427,0.23664318,0.030139226,0.108780235,0.018735133,0.03920952,0.012072634,0.6478742,1.8600231E-6,0.0010570042,1.267248E-5,0.34836522,0.0043142205,null,null,null,null,"TWOGAUSSIANS",8,2.0540287,0.6478742,1.8600231E-6,0.0059192237,7.096589E-5,0.34839413,0.004352321,0.23664318,0.030139226,0.4,0.0,0.039207492,0.012072651
375316653866487564,5953574302988257792,0.48321524,2232.2072783526696,0.7290146665658171,4.3941567E-5,13.345685,0.0042230524,0.41936803,0.007997372,0.10249233,0.017058881,0.039004385,0.0040248414,0.9239146,0.009371349,0.08170351,0.024002932,0.01704144,0.0040661506,null,null,null,null,"TWOGAUSSIANS",8,18.508461,0.41936803,0.007997372,0.4,0.0,0.037752513,0.0024949075,0.9239146,0.009383673,0.4,0.0,0.015790109,0.0024273985
375316653866487564,5953574882790589312,0.46066868,2235.699586964671,2.7050404094564957,3.9618513E-5,19.016949,0.027540972,0.2539815,0.009133072,0.11506188,0.020067664,0.16505858,0.02778274,0.76791114,0.012066672,0.08949871,0.020608349,0.13667463,0.030220645,null,null,null,null,"TWOGAUSSIANS",8,1.8156228,0.2539815,0.009133072,0.4,0.0,0.15221311,0.012459238,0.7679412,0.012037406,0.4,0.0,0.12385878,0.020174133
375316653866487564,5953575196341513088,0.4932228,2227.2990806012617,3.14274427760628,3.0025045E-5,18.938478,0.041627612,0.26227608,0.011198551,0.07757683,0.010905162,0.32726085,0.0614663,0.76282513,0.013685238,0.1018913,0.027463658,0.3148119,0.04452381,null,null,null,null,"TWOGAUSSIANS",8,6.994758,0.26227608,0.011198818,0.4,0.0,0.31430927,0.054766376,0.76282513,0.013685238,0.4,0.0,0.3018566,0.03389579
375316653866487564,5953575608645149824,0.495294,2217.0238467342388,1.5246142422144455,2.201489E-5,19.727884,0.07169072,0.25407493,0.006521088,0.10862076,0.020073874,0.36515957,0.066121474,0.77879065,0.017312204,0.11399774,0.033388253,0.23057446,0.07117015,null,null,null,null,"TWOGAUSSIANS",8,1.6187485,0.25403494,0.0065476536,0.4,0.0,0.32958302,0.025045805,0.77884066,0.017267464,0.4,0.0,0.1949819,0.030254036
375316653866487564,5953576806936558848,0.578957,2216.1894956622423,2.4762109787515523,1.3992319E-5,19.006672,0.008535746,0.27437243,0.0042793555,0.0368213,0.008471901,0.551801,0.12016481,0.77782935,0.003459741,0.03895358,0.0044716853,0.52404386,0.04330601,0.10996045,0.010093413,0.27437243,0.0042793555,"TWOGAUSSIANS_WITH_ELLIPSOIDAL_ON_ECLIPSE1",9,2.7521093,0.27437243,0.0042793555,0.20619927,0.047442645,0.7717217,0.1290016,0.77782935,0.003459741,0.21814005,0.025041437,0.74386084,0.045138717
375316653866487564,5953576910010872832,0.6721262,2236.1478843020154,1.0325864247846646,2.994385E-6,16.529398,0.0025288302,0.8271447,6.3568685E-4,0.05321312,0.0013249745,0.24648826,0.005540342,null,null,null,null,null,null,0.09031642,0.0033114087,0.8271447,6.3568685E-4,"ONEGAUSSIAN_WITH_ELLIPSOIDAL",6,4.388009,0.8271447,6.3568685E-4,0.29799348,0.0074198567,0.42711708,0.0039757197,null,null,null,null,null,null
