Gaia/vari_eclipsing_binary/VariEclipsingBinary_570399-574043.csv
# %ECSV 1.0
# ---
# delimiter: ','
# meta: !!omap
# - RELEASE: Gaia DR3
# - TABLE: vari_eclipsing_binary
# - DESCRIPTION: >
#     This table describes the properties of the eclipsing binaries resulting from the variability analysis. 
# - CITATION: >
#     How to cite and acknowledge Gaia: 
#     https://gea.esac.esa.int/archive/documentation/credits.html 
# - KNOWN_ISSUES: >
#     Known issues: 
#     https://www.cosmos.esa.int/web/gaia-users/known-issues 
# - DOCUMENTATION: >
#     Tutorials and documentation: 
#     https://www.cosmos.esa.int/web/gaia-users/archive 
# datatype:
# - 
#   name: solution_id
#   datatype: int64
#   description: Solution Identifier
#   meta:
#     ucd: meta.version
# - 
#   name: source_id
#   datatype: int64
#   description: Unique source identifier
#   meta:
#     ucd: meta.id;meta.main
# - 
#   name: global_ranking
#   datatype: float32
#   description: Number between 0 (worst) and 1 (best)
#   meta:
#     ucd: stat.param
# - 
#   name: reference_time
#   datatype: float64
#   unit: d
#   description: Reference time used for the geometric model fit
#   meta:
#     ucd: time.epoch
# - 
#   name: frequency
#   datatype: float64
#   unit: d**-1
#   description: Frequency of geometric model of the eclipsing binary light curve
#   meta:
#     ucd: src.orbital
# - 
#   name: frequency_error
#   datatype: float32
#   unit: d**-1
#   description: "Uncertainty of \\texttt{frequency}"
#   meta:
#     ucd: stat.error
# - 
#   name: geom_model_reference_level
#   datatype: float32
#   unit: mag
#   description: Magnitude reference level of geometric model
#   meta:
#     ucd: phot.mag;em.opt
# - 
#   name: geom_model_reference_level_error
#   datatype: float32
#   unit: mag
#   description: "Uncertainty of \\texttt{geomModelReferenceLevel}"
#   meta:
#     ucd: stat.error;phot.mag;em.opt
# - 
#   name: geom_model_gaussian1_phase
#   datatype: float32
#   description: Phase of the Gaussian 1 component
#   meta:
#     ucd: time.phase
# - 
#   name: geom_model_gaussian1_phase_error
#   datatype: float32
#   description: "Uncertainty of \\texttt{geomModelGaussian1Phase}"
#   meta:
#     ucd: stat.error;time.phase
# - 
#   name: geom_model_gaussian1_sigma
#   datatype: float32
#   description: "Standard deviation [phase] of Gaussian 1 component"
#   meta:
#     ucd: stat.stdev
# - 
#   name: geom_model_gaussian1_sigma_error
#   datatype: float32
#   description: "Uncertainty of \\texttt{geomModelGaussian1Sigma}"
#   meta:
#     ucd: stat.error
# - 
#   name: geom_model_gaussian1_depth
#   datatype: float32
#   unit: mag
#   description: Magnitude depth of Gaussian 1 component
#   meta:
#     ucd: src.var.amplitude
# - 
#   name: geom_model_gaussian1_depth_error
#   datatype: float32
#   unit: mag
#   description: "Uncertainty of \\texttt{geomModelGaussian1Depth}"
#   meta:
#     ucd: stat.error;src.var.amplitude
# - 
#   name: geom_model_gaussian2_phase
#   datatype: float32
#   description: Phase of Gaussian 2 component
#   meta:
#     ucd: time.phase
# - 
#   name: geom_model_gaussian2_phase_error
#   datatype: float32
#   description: "Uncertainty of \\texttt{geomModelGaussian2Phase}"
#   meta:
#     ucd: stat.error;time.phase
# - 
#   name: geom_model_gaussian2_sigma
#   datatype: float32
[...]
#   datatype: float32
#   description: "Secondary eclipse: uncertainty of \\texttt{derivedSecondaryEclDuration}"
#   meta:
#     ucd: stat.error;time.duration
# - 
#   name: derived_secondary_ecl_depth
#   datatype: float32
#   unit: mag
#   description: "Secondary eclipse: depth"
#   meta:
#     ucd: src.var.amplitude
# - 
#   name: derived_secondary_ecl_depth_error
#   datatype: float32
#   unit: mag
#   description: "Secondary eclipse: uncertainty of \\texttt{derivedSecondaryEclDepth}"
#   meta:
#     ucd: stat.error;src.var.amplitude
solution_id,source_id,global_ranking,reference_time,frequency,frequency_error,geom_model_reference_level,geom_model_reference_level_error,geom_model_gaussian1_phase,geom_model_gaussian1_phase_error,geom_model_gaussian1_sigma,geom_model_gaussian1_sigma_error,geom_model_gaussian1_depth,geom_model_gaussian1_depth_error,geom_model_gaussian2_phase,geom_model_gaussian2_phase_error,geom_model_gaussian2_sigma,geom_model_gaussian2_sigma_error,geom_model_gaussian2_depth,geom_model_gaussian2_depth_error,geom_model_cosine_half_period_amplitude,geom_model_cosine_half_period_amplitude_error,geom_model_cosine_half_period_phase,geom_model_cosine_half_period_phase_error,model_type,num_model_parameters,reduced_chi2,derived_primary_ecl_phase,derived_primary_ecl_phase_error,derived_primary_ecl_duration,derived_primary_ecl_duration_error,derived_primary_ecl_depth,derived_primary_ecl_depth_error,derived_secondary_ecl_phase,derived_secondary_ecl_phase_error,derived_secondary_ecl_duration,derived_secondary_ecl_duration_error,derived_secondary_ecl_depth,derived_secondary_ecl_depth_error
375316653866487564,5017478140623278080,0.59545374,2043.2669273869915,2.2280574462601246,3.0409606E-6,14.829362,0.0028897997,0.24737471,0.0016973924,0.1052889,0.0028727604,0.15846936,0.0034008825,0.74755305,0.0012085617,0.08117766,0.00198255,0.2873001,0.005147471,null,null,null,null,"TWOGAUSSIANS",8,16.35565,0.74755305,0.0012085617,0.4,0.0,0.2763078,0.005693937,0.24737471,0.0016973924,0.4,0.0,0.14747302,0.002966531
375316653866487564,5017645713067200256,0.5353287,1997.9254258453868,3.678318617395573,1.1488596E-5,17.621645,0.009711419,0.23621613,0.0029796294,0.0927876,0.0067058736,0.1993171,0.009175518,0.7368332,0.0063462476,0.09196697,0.009600633,0.19249693,0.009159874,null,null,null,null,"TWOGAUSSIANS",8,5.561728,0.23621613,0.0029796294,0.4,0.0,0.18934628,0.0073413253,0.7368332,0.0063462476,0.4,0.0,0.18252616,0.0058172913
375316653866487564,5017692064354329344,0.5641507,2001.8393989313809,2.605012016543685,5.9572694E-6,14.259631,0.00860541,0.2362386,0.001783872,0.10011754,0.0047989935,0.18451056,0.00819569,0.7352527,0.002192105,0.10518253,0.0052440544,0.18950824,0.008436354,null,null,null,null,"TWOGAUSSIANS",8,57.060204,0.7352527,0.002192105,0.4,0.0,0.17046434,0.0048410906,0.2362386,0.001783872,0.4,0.0,0.16546994,0.0033686585
375316653866487564,5017907431194722688,0.4705729,1988.1373141073072,0.7018103961800607,9.565201E-6,12.544188,5.6056335E-4,0.5314159,0.0073995823,0.01758674,0.008067246,0.009024245,0.005585521,0.7178331,0.0014659822,0.016192354,0.002528069,0.077881485,0.014378771,0.0022066145,7.9403614E-4,0.7178331,0.0014659822,"TWOGAUSSIANS_WITH_ELLIPSOIDAL_ON_ECLIPSE2",9,40.967487,0.7178331,0.0014659822,0.09067719,0.014157186,0.08229471,0.014727317,0.53210586,0.0073982095,0.09848574,0.045176577,0.009698744,0.005571024
375316653866487564,5018341944445833728,0.62322265,2005.6090441170732,3.9495353287011272,3.2393573E-6,16.82051,0.003894728,0.27289152,0.0031001316,0.0518557,0.004193642,0.08173102,0.008593517,0.7638152,0.0012754026,0.06209961,0.0041673225,0.098584734,0.009136102,0.081229806,0.0045492975,0.7638152,0.0012754026,"TWOGAUSSIANS_WITH_ELLIPSOIDAL_ON_ECLIPSE2",9,4.2803216,0.7638152,0.0012754026,0.34775782,0.023337007,0.26101434,0.004995671,0.27020153,0.0019874156,0.29039192,0.023484398,0.24378929,0.0035347615
375316653866487564,5018504500367610752,0.5486906,2067.5844998854377,2.6499318185693177,5.2878677E-6,13.924524,0.012271127,0.2565339,0.0020989322,0.10479129,0.0063409256,0.2290883,0.011111506,0.756586,0.0033883716,0.099897884,0.006261101,0.21280575,0.012039766,null,null,null,null,"TWOGAUSSIANS",8,219.63174,0.2565339,0.0020989322,0.4,0.0,0.20673794,0.0057520936,0.756586,0.0033883716,0.4,0.0,0.19045904,0.0064256904
375316653866487564,5018659875104593152,0.50495267,2014.4814794162846,2.593314181850744,7.963375E-6,17.975275,0.006414718,0.20849116,0.0018269935,0.03865155,0.0026970108,0.39141032,0.03700624,0.72728413,0.015129794,0.09267323,0.01843112,0.1237547,0.009141171,null,null,null,null,"TWOGAUSSIANS",8,17.228952,0.20849116,0.0018269935,0.21644868,0.01510326,0.391284,0.03703428,0.72728413,0.015129794,0.4,0.0,0.12362817,0.009137228
375316653866487564,5018667743484736512,0.59699535,2031.22014145769,4.401123669002161,3.214161E-6,15.411567,0.0062283524,0.26130292,0.0012634684,0.05084896,0.00285658,0.24653445,0.014600488,0.75909144,0.0026395598,0.051936124,0.003574045,0.2075954,0.016039262,0.10167751,0.008105595,0.26130292,0.0012634684,"TWOGAUSSIANS_WITH_ELLIPSOIDAL_ON_ECLIPSE1",9,62.194046,0.26130292,0.0012634684,0.2847542,0.01599685,0.44988582,0.007776566,0.7594715,0.0021248278,0.2908423,0.020014651,0.41091427,0.012920266
375316653866487564,5018765084623151360,0.6422289,2118.5610572454475,1.2429035420430212,6.001398E-6,12.436473,0.0021317925,0.27715,0.0018323701,0.035108164,0.0019325311,0.51378345,0.022603976,0.7769042,0.0015241515,0.039772026,0.0018657079,0.18669605,0.008337815,0.020699823,0.003500047,0.27715,0.0018323701,"TWOGAUSSIANS_WITH_ELLIPSOIDAL_ON_ECLIPSE1",9,149.64584,0.27715,0.0018323701,0.19660571,0.010822174,0.55518305,0.0240967,0.77691424,0.0014857649,0.22272335,0.010447964,0.22809558,0.007985588
375316653866487564,5018876719412432768,0.4518234,2100.093309403548,1.711580450897273,2.4359377E-5,15.039775,0.0029663143,0.31945103,0.006176848,0.02748355,0.0074440297,0.1415839,0.020200387,null,null,null,null,null,null,null,null,null,null,"ONEGAUSSIAN",5,136.71277,0.31945103,0.006176848,0.15390788,0.041686565,0.1415839,0.0,null,null,null,null,null,null
375316653866487564,5018935921241580416,0.5524188,2106.727884235295,0.46717953101636567,1.066046E-5,16.671078,0.0019502963,0.2137232,4.8644023E-4,0.013374961,0.0020486661,0.04417019,0.0020293356,0.7127702,0.0053229295,0.0119433915,0.003400742,0.22894137,0.022152966,null,null,null,null,"TWOGAUSSIANS",8,6.616854,0.7127702,0.0053229295,0.06688299,0.019044155,0.22894137,0.022152966,0.2137232,4.8644023E-4,0.074899785,0.011472531,0.04417019,0.0020293356
375316653866487564,5018940765964702976,0.5946286,2114.723706636026,2.711701195925049,5.2471187E-6,12.46646,0.003293643,0.26743034,0.014961774,0.04517917,0.013043994,0.0333424,0.008304101,0.75528896,0.0012091608,0.05951693,0.007917443,0.06753003,0.009377503,0.06516806,0.0042434153,0.75528896,0.0012091608,"TWOGAUSSIANS_WITH_ELLIPSOIDAL_ON_ECLIPSE2",9,49.979923,0.75528896,0.0012091608,0.3332948,0.044337682,0.19785577,0.0073686517,0.26273033,0.0093265055,0.25300336,0.073046364,0.16320348,0.004534028
375316653866487564,5018981276096397568,0.51859885,2045.4594001497283,0.1880381301255248,3.844665E-6,11.918985,0.0012953358,0.3650995,2.604674E-4,0.0071791173,1.4015673E-4,0.24243304,0.0039030511,0.86903614,0.0023744463,0.0066440194,0.0012558248,0.2509212,0.07058221,null,null,null,null,"TWOGAUSSIANS",8,91.24276,0.86903614,0.0023744463,0.03720651,0.007032619,0.2509212,0.07058221,0.3650995,2.604674E-4,0.040203057,7.848777E-4,0.24243304,0.0039030511
375316653866487564,5018987563928516352,0.51039374,2102.56513254583,1.178357945731076,7.576502E-6,16.867416,0.0017847192,0.28210235,0.0039181393,0.06690993,0.028650315,0.018853119,0.0043484825,0.7902431,0.012457964,0.019978693,0.0059375907,0.050184846,0.015332468,0.03658644,0.002306556,0.28210235,0.0039181393,"TWOGAUSSIANS_WITH_ELLIPSOIDAL_ON_ECLIPSE1",9,4.8077216,0.7902431,0.012344455,0.11188068,0.03325051,0.12314897,0.014627562,0.28210235,0.0039181393,0.3746956,0.15650871,0.09200852,0.0033187312
375316653866487564,5019234850965418752,0.512042,2131.091372089884,3.3674256819565698,6.8332324E-6,11.582824,0.070042424,0.18764573,0.00398648,0.15069023,0.0144885685,0.466173,0.09870685,0.68649906,0.0028387615,0.31294692,0.021099519,1.0545319,0.06840469,null,null,null,null,"TWOGAUSSIANS",8,199.17491,0.68649906,0.0028168473,0.4,0.0,0.13088077,0.0035348653,0.18860573,0.0052795783,0.4,0.0,0.11451683,0.009890838
375316653866487564,5019295560327513088,0.5577074,2136.829829438912,4.260314950245774,8.310473E-6,17.114243,0.0030362578,0.22020742,0.0010769609,0.040065687,0.0028868108,0.15503995,0.009951342,0.7195409,0.001019351,0.03568183,0.0028741586,0.14748757,0.010049206,0.040798895,0.0053748037,0.22020742,0.0010769609,"TWOGAUSSIANS_WITH_ELLIPSOIDAL_ON_ECLIPSE1",9,5.6531677,0.22020742,0.0010769609,0.22436784,0.01616614,0.23663756,0.009466729,0.7195809,9.6449757E-4,0.19981824,0.016095288,0.2290838,0.008352295
375316653866487564,5019414926058421504,0.65288025,2186.7030511793537,3.0171934404120035,3.5412238E-6,15.313405,0.0075921556,0.25956798,0.0014047232,0.055810764,0.0021358419,0.32097557,0.020199021,0.7654333,0.0016602026,0.05317329,0.0022618638,0.35696557,0.021130646,0.10339093,0.013213044,0.25956798,0.0014047232,"TWOGAUSSIANS_WITH_ELLIPSOIDAL_ON_ECLIPSE1",9,39.40418,0.7654333,0.0016602026,0.2977704,0.012666437,0.5634492,0.011279823,0.25956798,0.0014047232,0.31254026,0.011960714,0.52773994,0.008029682
375316653866487564,5019624593477673856,0.59107196,2087.766393203682,2.8393344385353765,6.9339035E-6,13.738358,0.0066838013,0.31089997,0.0027288776,0.09592085,0.004126056,0.30916232,0.0065848436,0.81076366,0.0026329483,0.08830791,0.0028667925,0.3613834,0.009134155,null,null,null,null,"TWOGAUSSIANS",8,137.93701,0.81076366,0.0026329483,0.4,0.0,0.34469256,0.0066439905,0.31089997,0.0027288776,0.4,0.0,0.29247072,0.004824582
375316653866487564,5019674105860676096,0.49198097,2127.5522227489837,2.8890776444980384,2.1260243E-5,15.688339,0.020270457,0.2077401,0.006311763,0.09496174,0.013221498,0.18842149,0.01846674,0.70709324,0.00524616,0.10277436,0.013574605,0.18663377,0.020274306,null,null,null,null,"TWOGAUSSIANS",8,93.27743,0.2077401,0.006311763,0.4,0.0,0.17323335,0.0092185745,0.70709324,0.00524616,0.4,0.0,0.17144327,0.014791707
375316653866487564,5019823948679527680,0.6006965,2175.859866505469,2.7163164290321293,7.33253E-6,10.454847,0.0149926795,0.26823443,0.005055372,0.09702405,0.006877688,0.36606845,0.016348552,0.76367766,0.0021823116,0.09434633,0.0043090247,0.39528853,0.015233409,null,null,null,null,"TWOGAUSSIANS",8,88.70536,0.76367766,0.0021823116,0.4,0.0,0.37176967,0.007057176,0.26823443,0.005055372,0.4,0.0,0.34254897,0.008690039
375316653866487564,5020027461410391808,0.65783626,2230.3880596248678,2.0610152955080343,1.1842837E-6,15.112934,0.005436247,0.20395024,2.6080856E-4,0.046387225,9.1663207E-4,0.5000601,0.010524213,0.68961155,0.00965669,0.05027732,0.006847342,0.06448495,0.013106696,0.02322237,0.0065920106,0.20395024,2.6080856E-4,"TWOGAUSSIANS_WITH_ELLIPSOIDAL_ON_ECLIPSE1",9,15.471303,0.20395024,2.6080856E-4,0.25976846,0.0051331394,0.5465045,0.004839582,0.69141155,0.008903258,0.28155297,0.038345113,0.11060038,0.0054035014
375316653866487564,5020033504428633728,0.4331526,2208.9111774505045,0.49602706670122265,3.308181E-5,17.514753,0.004138155,0.7037469,0.009909411,0.08753345,0.0111327795,0.062095262,0.00706493,0.4949004,0.026757613,0.029998917,0.016525915,0.14520857,0.08637013,null,null,null,null,"TWOGAUSSIANS",8,7.009632,0.4955204,0.026306191,0.16799393,0.09254512,0.14884418,0.09050527,0.7037469,0.009909411,0.4,0.0,0.06209525,0.0070649455
375316653866487564,5020050890455893376,0.4160489,2204.9840242243204,1.9638689038550519,2.9272E-5,19.0846,0.028228028,0.17654763,0.011175807,0.08041219,0.016982963,0.16544174,0.033625066,0.6656538,0.016218374,0.10394157,0.033772547,0.12862672,0.027613262,null,null,null,null,"TWOGAUSSIANS",8,4.8183084,0.17654763,0.011182876,0.4,0.0,0.1593521,0.028028898,0.6656538,0.016218374,0.4,0.0,0.122534335,0.025251444
375316653866487564,5020128238522487040,0.51894486,2222.7190664509144,3.322764472986164,1.1945221E-5,13.597986,0.6636722,0.26664385,0.00589371,0.16849963,0.044252064,0.4997465,0.38191533,0.77189887,0.009109932,0.23423739,0.11892906,0.5979809,0.6403215,null,null,null,null,"TWOGAUSSIANS",8,97.133514,0.26232386,0.0034244924,0.4,0.0,0.12219854,0.005357086,0.77425885,0.0076443306,0.4,0.0,0.11012648,0.011250722
375316653866487564,5020336836494292736,0.68616277,2191.0461467731097,1.5045401176160897,2.2292397E-6,12.664695,0.002672323,0.24883838,2.7347181E-4,0.04224697,4.5948857E-4,0.66784996,0.0071923994,0.75748485,0.02394275,0.044991516,0.013825953,0.051119566,0.012009226,0.017909575,0.0032971988,0.24883838,2.7347181E-4,"TWOGAUSSIANS_WITH_ELLIPSOIDAL_ON_ECLIPSE1",9,62.25448,0.24883838,2.7347181E-4,0.23658304,0.002573136,0.703669,0.0057482086,0.75748485,0.02316675,0.25195247,0.07742534,0.086833015,0.010965397
375316653866487564,5020352465879435264,0.58754516,2167.441705610131,2.3694613254432237,1.2565759E-5,11.827896,0.0074489084,0.24719556,0.0021607135,0.09095019,0.0037342678,0.29694223,0.009616566,0.7487887,0.0034288573,0.09722495,0.0055131926,0.26234478,0.0076217847,null,null,null,null,"TWOGAUSSIANS",8,221.13039,0.24719556,0.0021607135,0.4,0.0,0.28100428,0.008634745,0.7487887,0.0034288573,0.4,0.0,0.24640602,0.0059178304
375316653866487564,5020551550499386624,0.45200467,2065.846667715585,1.9206582477414007,2.1345104E-5,16.307652,0.010651683,0.1389115,0.018249191,0.05253572,0.011584653,0.23762983,0.044600967,0.50373906,0.0024608972,0.008242988,0.0026002359,0.34723365,0.101997286,null,null,null,null,"TWOGAUSSIANS",8,11.165799,0.50373906,0.0024608972,0.04616073,0.014561321,0.34723365,0.101997286,0.1389115,0.018249191,0.29420003,0.06487405,0.23762983,0.044600967
375316653866487564,5020773136452027776,0.56963336,2118.0568546810737,2.9270859649351237,7.722439E-6,13.304282,0.004790305,0.3267384,0.0076190555,0.048287336,0.007064202,0.05552771,0.010605901,0.7900793,0.0019934862,0.040553518,0.019045712,0.059392583,0.010799273,0.07921902,0.007054228,0.7900793,0.0019934862,"TWOGAUSSIANS_WITH_ELLIPSOIDAL_ON_ECLIPSE2",9,130.63155,0.7900793,0.0019934862,0.22709969,0.10665599,0.21783061,0.016142523,0.31394836,0.0051752543,0.27040908,0.03955953,0.2085147,0.0050791353
375316653866487564,5020820754754187008,0.5182275,2163.3213987200893,0.9191347792715836,7.026585E-5,17.491934,0.0045956653,0.52946633,0.008235217,0.0077125975,0.010064403,0.101167865,0.08917441,0.79099447,0.003340097,0.023577174,0.0037980392,0.7886028,0.1764755,0.013398679,0.0094073275,0.79099447,0.003340097,"TWOGAUSSIANS_WITH_ELLIPSOIDAL_ON_ECLIPSE2",9,31.054874,0.79099447,0.003340097,0.13203219,0.02126902,0.8154002,0.1772302,0.5294563,0.00873783,0.043190546,0.056360655,0.101308376,0.08889924
375316653866487564,5020925247013816832,0.5572183,2186.924008939909,3.390290903474576,1.5335905E-5,13.073438,0.06576655,0.22280669,0.003107788,0.055607826,0.030241959,0.19003832,0.13675179,0.7150395,0.009878098,0.06591444,0.041382566,0.26375678,0.10414768,0.08398217,0.084671795,0.22280669,0.003107788,"TWOGAUSSIANS_WITH_ELLIPSOIDAL_ON_ECLIPSE1",9,601.9622,0.7164295,0.0074998112,0.36912087,0.23110196,0.43126017,0.11058283,0.22280669,0.003107788,0.3114038,0.16935498,0.35786986,0.036902744
375316653866487564,5021128381787366528,0.44590566,2168.6370061666425,2.940579746104459,7.2034716E-5,14.210554,0.55706227,0.2141464,0.011943218,0.13468078,0.06609893,0.35581827,0.50449115,0.7076141,0.013584102,0.14382514,0.09283559,0.34404883,0.5278707,null,null,null,null,"TWOGAUSSIANS",8,1065.549,0.21445641,0.011667758,0.4,0.0,0.22382408,0.029853567,0.7076141,0.013590784,0.4,0.0,0.21113531,0.036441486
375316653866487564,5021154632627458176,0.50511473,2202.580319428577,2.085154007686565,1.4313309E-5,14.584156,0.0026240144,0.23291485,0.005178082,0.08692249,0.0071089594,0.06192246,0.0031390958,0.72252965,0.0057658553,0.0948452,0.0077526937,0.085519865,0.005006617,null,null,null,null,"TWOGAUSSIANS",8,18.57275,0.72252965,0.0057658553,0.4,0.0,0.08268098,0.0055300356,0.23291485,0.005178082,0.4,0.0,0.059083752,0.0028653473
375316653866487564,5021207477905045760,0.47687417,2170.1917966044066,2.045907537674213,3.301917E-5,17.500908,0.0027808917,0.26425964,0.0020277875,0.02006684,0.0028900125,0.7926346,1.0467725,0.7694935,0.003582838,0.030048033,0.0032863943,0.15764533,0.011290809,null,null,null,null,"TWOGAUSSIANS",8,6.8331122,0.26425964,0.0020277875,0.112374306,0.01618407,0.7926346,1.0467725,0.7694935,0.003582838,0.16826898,0.018403808,0.15764533,0.011290809
375316653866487564,5021328248089565312,0.5615078,2203.355987885874,3.285303439470379,6.3495377E-6,18.92337,0.0086385105,0.22397491,0.0034666823,0.09160469,0.005292511,0.29137748,0.00984609,0.7232002,0.0020625957,0.08566201,0.0049420227,0.31591028,0.010693321,null,null,null,null,"TWOGAUSSIANS",8,1.3244001,0.7232002,0.0020625957,0.4,0.0,0.30471364,0.011766835,0.22397491,0.0034666823,0.4,0.0,0.28018066,0.008858794
375316653866487564,5021328355464252800,0.6250825,2172.100115667311,1.5087245581291895,4.604276E-6,12.794062,0.0025015685,0.14694966,0.0057383636,0.02638518,0.007816795,0.28540894,0.022825629,0.6410046,0.0024156235,0.03953118,0.0037473566,0.11385525,0.007836009,0.025110548,0.0029608055,0.14694966,0.0057383636,"TWOGAUSSIANS_WITH_ELLIPSOIDAL_ON_ECLIPSE1",9,54.991657,0.14694966,0.0057383636,0.14775701,0.043774053,0.33563003,0.022455618,0.6413146,0.0022471605,0.2213746,0.020985197,0.16400991,0.006712884
