Gaia/vari_eclipsing_binary/VariEclipsingBinary_595945-595964.csv
# %ECSV 1.0
# ---
# delimiter: ','
# meta: !!omap
# - RELEASE: Gaia DR3
# - TABLE: vari_eclipsing_binary
# - DESCRIPTION: >
#     This table describes the properties of the eclipsing binaries resulting from the variability analysis. 
# - CITATION: >
#     How to cite and acknowledge Gaia: 
#     https://gea.esac.esa.int/archive/documentation/credits.html 
# - KNOWN_ISSUES: >
#     Known issues: 
#     https://www.cosmos.esa.int/web/gaia-users/known-issues 
# - DOCUMENTATION: >
#     Tutorials and documentation: 
#     https://www.cosmos.esa.int/web/gaia-users/archive 
# datatype:
# - 
#   name: solution_id
#   datatype: int64
#   description: Solution Identifier
#   meta:
#     ucd: meta.version
# - 
#   name: source_id
#   datatype: int64
#   description: Unique source identifier
#   meta:
#     ucd: meta.id;meta.main
# - 
#   name: global_ranking
#   datatype: float32
#   description: Number between 0 (worst) and 1 (best)
#   meta:
#     ucd: stat.param
# - 
#   name: reference_time
#   datatype: float64
#   unit: d
#   description: Reference time used for the geometric model fit
#   meta:
#     ucd: time.epoch
# - 
#   name: frequency
#   datatype: float64
#   unit: d**-1
#   description: Frequency of geometric model of the eclipsing binary light curve
#   meta:
#     ucd: src.orbital
# - 
#   name: frequency_error
#   datatype: float32
#   unit: d**-1
#   description: "Uncertainty of \\texttt{frequency}"
#   meta:
#     ucd: stat.error
# - 
#   name: geom_model_reference_level
#   datatype: float32
#   unit: mag
#   description: Magnitude reference level of geometric model
#   meta:
#     ucd: phot.mag;em.opt
# - 
#   name: geom_model_reference_level_error
#   datatype: float32
#   unit: mag
#   description: "Uncertainty of \\texttt{geomModelReferenceLevel}"
#   meta:
#     ucd: stat.error;phot.mag;em.opt
# - 
#   name: geom_model_gaussian1_phase
#   datatype: float32
#   description: Phase of the Gaussian 1 component
#   meta:
#     ucd: time.phase
# - 
#   name: geom_model_gaussian1_phase_error
#   datatype: float32
#   description: "Uncertainty of \\texttt{geomModelGaussian1Phase}"
#   meta:
#     ucd: stat.error;time.phase
# - 
#   name: geom_model_gaussian1_sigma
#   datatype: float32
#   description: "Standard deviation [phase] of Gaussian 1 component"
#   meta:
#     ucd: stat.stdev
# - 
#   name: geom_model_gaussian1_sigma_error
#   datatype: float32
#   description: "Uncertainty of \\texttt{geomModelGaussian1Sigma}"
#   meta:
#     ucd: stat.error
# - 
#   name: geom_model_gaussian1_depth
#   datatype: float32
#   unit: mag
#   description: Magnitude depth of Gaussian 1 component
#   meta:
#     ucd: src.var.amplitude
# - 
#   name: geom_model_gaussian1_depth_error
#   datatype: float32
#   unit: mag
#   description: "Uncertainty of \\texttt{geomModelGaussian1Depth}"
#   meta:
#     ucd: stat.error;src.var.amplitude
# - 
#   name: geom_model_gaussian2_phase
#   datatype: float32
#   description: Phase of Gaussian 2 component
#   meta:
#     ucd: time.phase
# - 
#   name: geom_model_gaussian2_phase_error
#   datatype: float32
#   description: "Uncertainty of \\texttt{geomModelGaussian2Phase}"
#   meta:
#     ucd: stat.error;time.phase
# - 
#   name: geom_model_gaussian2_sigma
#   datatype: float32
[...]
#   datatype: float32
#   description: "Secondary eclipse: uncertainty of \\texttt{derivedSecondaryEclDuration}"
#   meta:
#     ucd: stat.error;time.duration
# - 
#   name: derived_secondary_ecl_depth
#   datatype: float32
#   unit: mag
#   description: "Secondary eclipse: depth"
#   meta:
#     ucd: src.var.amplitude
# - 
#   name: derived_secondary_ecl_depth_error
#   datatype: float32
#   unit: mag
#   description: "Secondary eclipse: uncertainty of \\texttt{derivedSecondaryEclDepth}"
#   meta:
#     ucd: stat.error;src.var.amplitude
solution_id,source_id,global_ranking,reference_time,frequency,frequency_error,geom_model_reference_level,geom_model_reference_level_error,geom_model_gaussian1_phase,geom_model_gaussian1_phase_error,geom_model_gaussian1_sigma,geom_model_gaussian1_sigma_error,geom_model_gaussian1_depth,geom_model_gaussian1_depth_error,geom_model_gaussian2_phase,geom_model_gaussian2_phase_error,geom_model_gaussian2_sigma,geom_model_gaussian2_sigma_error,geom_model_gaussian2_depth,geom_model_gaussian2_depth_error,geom_model_cosine_half_period_amplitude,geom_model_cosine_half_period_amplitude_error,geom_model_cosine_half_period_phase,geom_model_cosine_half_period_phase_error,model_type,num_model_parameters,reduced_chi2,derived_primary_ecl_phase,derived_primary_ecl_phase_error,derived_primary_ecl_duration,derived_primary_ecl_duration_error,derived_primary_ecl_depth,derived_primary_ecl_depth_error,derived_secondary_ecl_phase,derived_secondary_ecl_phase_error,derived_secondary_ecl_duration,derived_secondary_ecl_duration_error,derived_secondary_ecl_depth,derived_secondary_ecl_depth_error
[from data line 655]
375316653866487564,5242110286030230272,0.46755913,2251.7947693546084,1.217756162626079,4.102905E-5,16.990654,0.0048251203,0.2799819,0.021017626,0.07583804,0.016238397,0.060601614,0.0056417985,0.781029,0.009813738,0.06776213,0.012578074,0.06913535,0.009684977,null,null,null,null,"TWOGAUSSIANS",8,7.7596684,0.781029,0.009813738,0.3794679,0.05992508,0.06884297,0.009687327,0.2799819,0.021017626,0.4,0.034794156,0.06030923,0.005272694
375316653866487564,5242111076307101312,0.5095089,2238.98202734779,2.24687240290663,2.6542146E-5,17.758217,0.011086053,0.25212324,0.01755729,0.08263405,0.020139525,0.16097443,0.039632507,0.742904,0.0069443868,0.07636139,0.009271156,0.21576583,0.015940249,null,null,null,null,"TWOGAUSSIANS",8,7.455455,0.742904,0.0069443868,0.4,0.0,0.21357596,0.015571904,0.25212324,0.01755729,0.4,0.03227899,0.15878455,0.04065103
375316653866487564,5242111183721043712,0.5760181,2248.54441059656,0.46571124624995736,2.0509879E-5,18.105791,0.0030035577,0.21680588,0.008855154,0.029180614,0.0073809754,0.022241317,0.003281383,0.39633718,0.0077765854,0.03848871,0.004324634,0.6335593,0.075946294,null,null,null,null,"TWOGAUSSIANS",8,3.869565,0.39633718,0.0077765854,0.21553677,0.024217952,0.6335593,0.075946294,0.21686587,0.0088672405,0.16341144,0.041333463,0.022253301,0.003284252
375316653866487564,5242112042714530816,0.47147796,2277.6738780507208,2.9191114761763064,2.446943E-5,19.348946,0.11950847,0.23824444,0.008165246,0.086515576,0.017364573,0.5153218,0.14309981,0.74877393,0.00531835,0.11456788,0.03204358,0.40288183,0.10596307,null,null,null,null,"TWOGAUSSIANS",8,7.460804,0.23823445,0.0081762,0.4,0.0,0.48026296,0.108530395,0.74877393,0.00531835,0.4,0.0,0.36775962,0.04812276
375316653866487564,5242112420671694464,0.5539111,2228.921714249362,0.5870290002155484,1.0263751E-5,15.550612,6.1171217E-4,0.25389183,0.0017257053,0.018971603,0.0039021245,0.051722225,0.026569365,0.7447946,0.004871543,0.017118666,0.0032062475,0.032862104,0.0042616813,0.017701035,8.341832E-4,0.25389183,0.0017257053,"TWOGAUSSIANS_WITH_ELLIPSOIDAL_ON_ECLIPSE1",9,2.6736207,0.25389183,0.0017257053,0.10624097,0.021851897,0.08712428,0.027955027,0.7450146,0.004814019,0.095864534,0.017954987,0.068151414,0.004094216
375316653866487564,5242112489391211392,0.66801107,2230.8322611200238,0.3843162753844397,8.816758E-5,15.708595,0.0038620946,0.14558733,0.00206899,0.023107236,0.0010382836,0.69014776,0.049941182,0.4964526,0.022296172,0.11314042,0.074135266,0.009910251,0.0031845206,null,null,null,null,"TWOGAUSSIANS",8,10.943806,0.14558733,0.00206899,0.12940052,0.005814388,0.6902275,0.04992791,0.4964526,0.022296172,0.4,0.07141597,0.009909113,0.0031976847
375316653866487564,5242112759949927936,0.5370573,2238.358384226071,1.0940216647628764,5.14335E-5,18.559437,0.0036433982,0.356217,0.04309059,0.042356245,0.021138914,1.0973226,1.9215916,0.6559811,0.013936105,0.02321889,0.009684258,0.075878434,0.018152425,null,null,null,null,"TWOGAUSSIANS",8,2.6074164,0.356217,0.04309059,0.23719497,0.11837792,1.0973226,1.9215916,0.6559811,0.013936105,0.13002579,0.054231845,0.075878434,0.018152604
375316653866487564,5242112759977154176,0.52446157,2215.8186854958894,3.025289169800282,2.9545217E-5,19.442247,0.022074519,0.26585838,0.0141947605,0.07268465,0.030075008,0.45935202,0.28380266,0.7684208,0.0031473702,0.06649839,0.0050264075,0.5636053,0.024259027,null,null,null,null,"TWOGAUSSIANS",8,4.5974994,0.7684208,0.0031473702,0.372391,0.028147884,0.5621135,0.02231143,0.26585838,0.0141947605,0.4,0.046427928,0.45786026,0.28858498
375316653866487564,5242112794291254528,0.4435277,2235.5391626697924,0.192502628123229,8.242483E-5,17.456629,0.0024481728,0.3435988,0.013171847,0.05866739,0.014456197,0.16171043,0.036623053,null,null,null,null,null,null,null,null,null,null,"ONEGAUSSIAN",5,8.213759,0.3435988,0.013171847,0.3285374,0.0809547,0.16171043,0.0,null,null,null,null,null,null
375316653866487564,5242112970398121216,0.44777405,2169.9397874686124,1.6420784509432838,3.3759345E-5,18.454628,0.042812422,0.2521358,0.008834649,0.04897862,0.020222189,0.61970717,0.19252175,0.7622141,0.061265156,0.04271056,0.03517907,0.32646042,0.13446507,null,null,null,null,"TWOGAUSSIANS",8,69.73859,0.2521358,0.008834649,0.27428028,0.113244265,0.619707,0.19252759,0.7622141,0.061265156,0.23917913,0.1970028,0.32646024,0.13450103
375316653866487564,5242113103574644480,0.45769322,2214.588023556217,0.3038446475244643,4.249723E-5,19.252563,0.0051988307,0.25210834,0.011027651,0.043548606,0.012125207,0.16211759,0.10527565,0.6114111,0.005214388,0.061695617,0.010201443,0.16851723,0.032333728,null,null,null,null,"TWOGAUSSIANS",8,2.6111681,0.6114111,0.005214388,0.34549546,0.05712808,0.16851723,0.032333735,0.25210834,0.011027651,0.24387218,0.067901164,0.16211759,0.10527565
375316653866487564,5242113137893607808,0.47608578,2263.4916702885644,0.7175912588467882,2.2182374E-5,18.211933,0.010384999,0.40825585,3.6453275E-4,0.010062124,5.0149666E-4,1.1980304,0.23554693,0.7591369,0.04690604,0.19143173,0.0811779,0.038021237,0.00997733,null,null,null,null,"TWOGAUSSIANS",8,3.0532212,0.40826586,3.5774606E-4,0.05634789,0.0028083813,1.202729,0.24020824,0.7591369,0.04690604,0.4,0.0,0.03551131,0.0055443593
375316653866487564,5242113309692290432,0.5928938,2262.6468751377483,2.50063987992755,5.7190086E-6,16.825989,0.00811239,0.2355474,0.0018663397,0.10485158,0.004993761,0.1798412,0.007708375,0.7340392,0.0022123088,0.1037076,0.005954109,0.17434086,0.0072203474,null,null,null,null,"TWOGAUSSIANS",8,1.6905679,0.2355474,0.0018663397,0.4,0.0,0.16018362,0.0024763707,0.7340392,0.0022123088,0.4,0.0,0.1546843,0.0047046444
375316653866487564,5242113417074831744,0.53124607,2251.474777012068,3.0075362947878945,7.101442E-6,18.335646,0.014160461,0.23373239,0.0030754213,0.06864264,0.0045607192,0.43651485,0.020051738,0.72889775,0.0057882112,0.07822852,0.0060882173,0.45932305,0.027806124,null,null,null,null,"TWOGAUSSIANS",8,9.707731,0.72889775,0.0057882112,0.4,0.0,0.4568891,0.027639585,0.23373239,0.0030754213,0.3843988,0.025540026,0.43408087,0.0198044
375316653866487564,5242113588902995072,0.5750773,2259.8438285543866,1.8931688142446454,4.5544957E-6,16.146841,0.013940087,0.26373318,8.625821E-4,0.037147436,0.002581512,0.68667436,0.038071204,0.76714194,0.0051630856,0.0364733,0.007362684,0.40461713,0.073973484,0.133938,0.031667482,0.76714194,0.0051630856,"TWOGAUSSIANS_WITH_ELLIPSOIDAL_ON_ECLIPSE2",9,167.7227,0.2638732,7.0806226E-4,0.20802565,0.014456468,0.9544323,0.047700256,0.76714194,0.0051630856,0.20425048,0.04123103,0.6724929,0.06723983
375316653866487564,5242113722022449664,0.5334767,2228.4156649178776,1.8364310205597574,1.9397427E-5,18.870016,0.012456949,0.33153474,0.004979037,0.08184868,0.0062675974,0.26463732,0.026555361,0.82805216,0.008178958,0.07188718,0.008405402,0.21994042,0.020479184,null,null,null,null,"TWOGAUSSIANS",8,1.5940099,0.33153474,0.004979037,0.4,0.0,0.26236644,0.02630559,0.82805216,0.008178958,0.4,0.02128521,0.21766955,0.020309215
375316653866487564,5242113898140622976,0.44783238,2249.1135826075847,0.16499023443943905,3.0234856E-5,19.449001,0.010835352,0.1853887,0.0070149745,0.009068661,0.008752015,0.16523804,2.6685782E10,0.7107056,0.0049545206,0.03398723,0.0056341155,0.19646047,0.039382484,null,null,null,null,"TWOGAUSSIANS",8,3.9811242,0.7107056,0.0049545206,0.1903285,0.03155105,0.19646047,0.039382484,0.1853887,0.0070149745,0.050784506,0.049011286,0.16523804,2.6685782E10
375316653866487564,5242114203086421376,0.48206514,2245.7467671746404,1.514832304792887,4.7549507E-5,18.380632,0.005506726,0.29232466,0.033192664,0.059568815,0.02202633,0.26083815,0.117051914,0.7695873,0.007766277,0.083041266,0.008276391,0.09805839,0.0068928483,null,null,null,null,"TWOGAUSSIANS",8,2.953128,0.29232466,0.033192664,0.33358538,0.123347454,0.2604919,0.11713121,0.7695873,0.007766277,0.4,0.0,0.097712114,0.006653184
375316653866487564,5242114443563882368,0.6090431,2212.9353349813637,0.8154375225159193,2.2974495E-5,17.11472,0.0019092602,0.25675005,6.2168605E-4,0.02095569,0.0011745628,0.19399847,0.007451367,0.75824714,0.012172627,0.02414234,0.011838047,0.21701813,0.17567639,0.009881507,0.0031523048,0.25675005,6.2168605E-4,"TWOGAUSSIANS_WITH_ELLIPSOIDAL_ON_ECLIPSE1",9,2.1883488,0.75824714,0.0121629825,0.1351971,0.06629306,0.23677935,0.17581666,0.25675005,6.2168605E-4,0.11735186,0.006577552,0.21376143,0.0050289016
375316653866487564,5242114482256135168,0.5717283,2253.82270970449,2.269676855523455,7.533378E-6,18.215334,0.021013921,0.25759068,0.011962137,0.09633158,0.013091181,0.41927886,0.025026333,0.7672366,0.0020714628,0.089596935,0.0051709386,0.44876966,0.023030244,null,null,null,null,"TWOGAUSSIANS",8,4.5438275,0.7672366,0.0020714628,0.4,0.0,0.42855072,0.017689161,0.25759068,0.011962137,0.4,0.0,0.39905876,0.015641628
375316653866487564,5242114512324310528,0.4653597,2227.631647773454,2.997242678771306,1.7211092E-5,19.037766,0.014222066,0.21385743,0.008998026,0.09580925,0.009259105,0.2947398,0.018221753,0.7218107,0.0048465985,0.080960475,0.008008071,0.28389087,0.017234268,null,null,null,null,"TWOGAUSSIANS",8,4.1592517,0.21385743,0.008998026,0.4,0.0,0.28544247,0.015508088,0.7218107,0.0048465985,0.4,0.0,0.27459434,0.016385613
375316653866487564,5242114546656300544,0.5025423,2215.999058916562,1.7716025531158042,1.2110532E-5,19.270195,0.010847125,0.25346562,0.0036585866,0.034790955,0.0026461403,0.33422133,0.03812237,0.75334716,0.0074998215,0.03535101,0.004539064,0.69517434,0.21662687,null,null,null,null,"TWOGAUSSIANS",8,8.039146,0.75334716,0.0074998215,0.19796565,0.025418758,0.69517434,0.21662687,0.25346562,0.0036585866,0.19482934,0.014818385,0.33422133,0.03812237
375316653866487564,5242114757104775680,0.44979587,2224.0187319065067,0.03720792719160817,1.01509795E-4,19.673279,0.01345412,0.27645168,0.014268645,0.03979045,0.015046453,0.18926963,0.022548415,0.6980381,0.0018063886,0.04846928,0.00457864,0.27251264,0.014372793,null,null,null,null,"TWOGAUSSIANS",8,2.8620007,0.6980381,0.0018063886,0.27142796,0.025640385,0.27251264,0.014372792,0.27645168,0.014268645,0.22282653,0.084260136,0.18926963,0.022548415
375316653866487564,5242114894573100928,0.4785612,2230.6497118763155,1.0309409688298203,2.3031693E-5,16.675056,0.007186044,0.23520733,0.008683708,0.027969744,0.011825767,0.0562159,0.014335916,null,null,null,null,null,null,0.016675517,0.0071677626,0.23520733,0.008683708,"ONEGAUSSIAN_WITH_ELLIPSOIDAL",6,12.033389,0.23520733,0.008683708,0.15663056,0.06622429,0.08956687,0.0096623935,null,null,null,null,null,null
375316653866487564,5242114993360645760,0.54938495,2248.590061174955,3.3104265197299827,1.09805305E-5,19.101625,0.014512534,0.26014048,0.0046801222,0.07754492,0.004841486,0.4551581,0.02993329,0.7597139,0.002329463,0.07415757,0.003599363,0.4231314,0.014434076,null,null,null,null,"TWOGAUSSIANS",8,2.8571835,0.26014048,0.0046801222,0.4,0.0,0.4513504,0.029665692,0.7597139,0.002329463,0.4,0.0,0.41932365,0.01305407
375316653866487564,5242115032012403328,0.6945117,2224.458134567555,0.707642299279015,1.473609E-6,16.347239,0.0015858104,0.24266717,0.001307132,0.037703224,0.0019014563,0.4599968,0.08644659,0.7402062,3.352932E-4,0.03760122,4.7699304E-4,0.44201326,0.004595976,0.030854164,0.002244403,0.24266717,0.001307132,"TWOGAUSSIANS_WITH_ELLIPSOIDAL_ON_ECLIPSE1",9,2.3702023,0.24266717,0.001307132,0.21113805,0.010648156,0.52170503,0.08821976,0.7402462,3.250995E-4,0.21056683,0.002671161,0.503707,0.0038346034
375316653866487564,5242115268244065024,0.46619868,2211.6518536431913,2.1408674290909495,7.17014E-5,18.571014,0.008736294,0.2897547,0.0058619613,0.057644513,0.014125111,0.16352352,0.026239445,0.9283282,0.015107741,0.0107822195,0.006600527,0.06666292,0.04556946,0.06704996,0.0105143115,0.2897547,0.0058619613,"TWOGAUSSIANS_WITH_ELLIPSOIDAL_ON_ECLIPSE1",9,15.966005,0.2897547,0.0058619613,0.32280928,0.079100624,0.2976095,0.026779415,0.9283282,0.015107741,0.06038043,0.036962952,0.12231762,0.05545546
375316653866487564,5242115405646964096,0.5974756,2203.902956458568,2.6458679748519263,6.702452E-6,19.308786,0.0062497566,0.2882611,0.002249761,0.03972394,0.0096645625,0.18078628,0.08999293,0.7886953,0.0024086481,0.035924274,0.0063722776,0.19461836,0.0141288815,0.15677173,0.010211239,0.2882611,0.002249761,"TWOGAUSSIANS_WITH_ELLIPSOIDAL_ON_ECLIPSE1",9,1.3349981,0.7886953,0.0023578922,0.20117594,0.035684757,0.5081589,0.013417117,0.2882611,0.002249761,0.22245406,0.05412155,0.49432915,0.0902175
375316653866487564,5242115547379018752,0.55285513,2226.4418957466464,0.49462189657426736,2.8624361E-5,18.356949,0.0019265726,0.46880987,0.004546336,0.0067433733,0.0053940285,0.020506693,277.82034,0.74247044,0.0019980664,0.043789916,0.0054295696,0.4044198,0.010795159,null,null,null,null,"TWOGAUSSIANS",8,2.1081858,0.74247044,0.0019980664,0.24522354,0.03040559,0.4044198,0.010795159,0.46880987,0.004546336,0.03776289,0.03020656,0.020506695,277.82034
375316653866487564,5242115547408209536,0.67280114,2236.9427361302187,2.9262053519545446,3.4008472E-6,15.768427,0.011350309,0.23194486,0.006287706,0.04981033,0.0055796155,0.36356705,0.03133152,0.7258644,0.0016324456,0.045258876,0.0032899424,0.3967025,0.023542749,0.12329757,0.012006766,0.7258644,0.0016324456,"TWOGAUSSIANS_WITH_ELLIPSOIDAL_ON_ECLIPSE2",9,26.075079,0.7258644,0.0016324456,0.2534497,0.018423678,0.6432968,0.009691195,0.23123485,0.005707256,0.27893785,0.031245846,0.60984373,0.022315614
375316653866487564,5242115577478592000,0.47722143,2224.0839611480737,2.460238945917396,3.519691E-5,19.790876,0.050627857,0.16827641,0.0064386525,0.10774017,0.016299287,0.33365807,0.048625328,0.66024107,0.006313781,0.09890724,0.015513439,0.37749815,0.046514526,null,null,null,null,"TWOGAUSSIANS",8,2.6499078,0.66024107,0.006313781,0.4,0.0,0.34310293,0.022569695,0.16827641,0.0064386525,0.4,0.0,0.2992503,0.024698608
375316653866487564,5242115886716841856,0.50136113,2258.860801189865,0.41517900618709264,1.9789974E-5,18.533052,0.002957308,0.5250753,0.028772868,0.0159983,0.013107188,0.29870138,1.4699247,0.7185329,0.006841733,0.01423043,0.004598698,0.028707627,0.0087719215,null,null,null,null,"TWOGAUSSIANS",8,2.347698,0.5250753,0.028772868,0.08959048,0.07340025,0.29870138,1.4699247,0.7185329,0.006841733,0.07969041,0.02575271,0.028707627,0.0087719215
375316653866487564,5242116195907569408,0.516487,2254.130295417158,1.1471753311019877,9.693567E-5,17.969791,0.001293796,0.40788078,0.030786462,0.02598597,0.011890414,0.18954904,0.09899943,0.6999078,0.004634034,0.017055815,0.0137306815,0.012554828,0.06310332,null,null,null,null,"TWOGAUSSIANS",8,1.249418,0.40788078,0.030786462,0.14552143,0.06658632,0.18954904,0.09899943,0.6999078,0.004634034,0.09551257,0.07689182,0.012554828,0.06310332
375316653866487564,5242116372041894272,0.5166229,2286.532855773318,3.985716761302619,2.481025E-5,19.815527,0.017257966,0.28205636,0.0058252024,0.09250022,0.014399815,0.40180328,0.075414546,0.7751234,0.004887021,0.06668709,0.0056406916,0.4853775,0.036547903,null,null,null,null,"TWOGAUSSIANS",8,2.471274,0.7751234,0.004887021,0.37344772,0.031587873,0.48000616,0.0363125,0.28205636,0.0058252024,0.4,0.0,0.39643157,0.078322284
375316653866487564,5242116608271182336,0.5412218,2240.4350371081364,3.5965777978927913,2.096105E-5,19.70967,0.0145564,0.22980033,0.008299818,0.06516173,0.006074636,0.5349131,0.04780086,0.7335682,0.005720391,0.067434065,0.0075977053,0.6749129,0.04921322,null,null,null,null,"TWOGAUSSIANS",8,3.8951974,0.7335682,0.005720391,0.37763077,0.041555155,0.6740298,0.04949095,0.22980033,0.008299818,0.36490566,0.03401796,0.53403,0.047813717
