Gaia/vari_eclipsing_binary/VariEclipsingBinary_226131-226268.csv
# %ECSV 1.0
# ---
# delimiter: ','
# meta: !!omap
# - RELEASE: Gaia DR3
# - TABLE: vari_eclipsing_binary
# - DESCRIPTION: >
#     This table describes the properties of the eclipsing binaries resulting from the variability analysis. 
# - CITATION: >
#     How to cite and acknowledge Gaia: 
#     https://gea.esac.esa.int/archive/documentation/credits.html 
# - KNOWN_ISSUES: >
#     Known issues: 
#     https://www.cosmos.esa.int/web/gaia-users/known-issues 
# - DOCUMENTATION: >
#     Tutorials and documentation: 
#     https://www.cosmos.esa.int/web/gaia-users/archive 
# datatype:
# - 
#   name: solution_id
#   datatype: int64
#   description: Solution Identifier
#   meta:
#     ucd: meta.version
# - 
#   name: source_id
#   datatype: int64
#   description: Unique source identifier
#   meta:
#     ucd: meta.id;meta.main
# - 
#   name: global_ranking
#   datatype: float32
#   description: Number between 0 (worst) and 1 (best)
#   meta:
#     ucd: stat.param
# - 
#   name: reference_time
#   datatype: float64
#   unit: d
#   description: Reference time used for the geometric model fit
#   meta:
#     ucd: time.epoch
# - 
#   name: frequency
#   datatype: float64
#   unit: d**-1
#   description: Frequency of geometric model of the eclipsing binary light curve
#   meta:
#     ucd: src.orbital
# - 
#   name: frequency_error
#   datatype: float32
#   unit: d**-1
#   description: "Uncertainty of \\texttt{frequency}"
#   meta:
#     ucd: stat.error
# - 
#   name: geom_model_reference_level
#   datatype: float32
#   unit: mag
#   description: Magnitude reference level of geometric model
#   meta:
#     ucd: phot.mag;em.opt
# - 
#   name: geom_model_reference_level_error
#   datatype: float32
#   unit: mag
#   description: "Uncertainty of \\texttt{geomModelReferenceLevel}"
#   meta:
#     ucd: stat.error;phot.mag;em.opt
# - 
#   name: geom_model_gaussian1_phase
#   datatype: float32
#   description: Phase of the Gaussian 1 component
#   meta:
#     ucd: time.phase
# - 
#   name: geom_model_gaussian1_phase_error
#   datatype: float32
#   description: "Uncertainty of \\texttt{geomModelGaussian1Phase}"
#   meta:
#     ucd: stat.error;time.phase
# - 
#   name: geom_model_gaussian1_sigma
#   datatype: float32
#   description: "Standard deviation [phase] of Gaussian 1 component"
#   meta:
#     ucd: stat.stdev
# - 
#   name: geom_model_gaussian1_sigma_error
#   datatype: float32
#   description: "Uncertainty of \\texttt{geomModelGaussian1Sigma}"
#   meta:
#     ucd: stat.error
# - 
#   name: geom_model_gaussian1_depth
#   datatype: float32
#   unit: mag
#   description: Magnitude depth of Gaussian 1 component
#   meta:
#     ucd: src.var.amplitude
# - 
#   name: geom_model_gaussian1_depth_error
#   datatype: float32
#   unit: mag
#   description: "Uncertainty of \\texttt{geomModelGaussian1Depth}"
#   meta:
#     ucd: stat.error;src.var.amplitude
# - 
#   name: geom_model_gaussian2_phase
#   datatype: float32
#   description: Phase of Gaussian 2 component
#   meta:
#     ucd: time.phase
# - 
#   name: geom_model_gaussian2_phase_error
#   datatype: float32
#   description: "Uncertainty of \\texttt{geomModelGaussian2Phase}"
#   meta:
#     ucd: stat.error;time.phase
# - 
#   name: geom_model_gaussian2_sigma
#   datatype: float32
[...]
#   datatype: float32
#   description: "Secondary eclipse: uncertainty of \\texttt{derivedSecondaryEclDuration}"
#   meta:
#     ucd: stat.error;time.duration
# - 
#   name: derived_secondary_ecl_depth
#   datatype: float32
#   unit: mag
#   description: "Secondary eclipse: depth"
#   meta:
#     ucd: src.var.amplitude
# - 
#   name: derived_secondary_ecl_depth_error
#   datatype: float32
#   unit: mag
#   description: "Secondary eclipse: uncertainty of \\texttt{derivedSecondaryEclDepth}"
#   meta:
#     ucd: stat.error;src.var.amplitude
solution_id,source_id,global_ranking,reference_time,frequency,frequency_error,geom_model_reference_level,geom_model_reference_level_error,geom_model_gaussian1_phase,geom_model_gaussian1_phase_error,geom_model_gaussian1_sigma,geom_model_gaussian1_sigma_error,geom_model_gaussian1_depth,geom_model_gaussian1_depth_error,geom_model_gaussian2_phase,geom_model_gaussian2_phase_error,geom_model_gaussian2_sigma,geom_model_gaussian2_sigma_error,geom_model_gaussian2_depth,geom_model_gaussian2_depth_error,geom_model_cosine_half_period_amplitude,geom_model_cosine_half_period_amplitude_error,geom_model_cosine_half_period_phase,geom_model_cosine_half_period_phase_error,model_type,num_model_parameters,reduced_chi2,derived_primary_ecl_phase,derived_primary_ecl_phase_error,derived_primary_ecl_duration,derived_primary_ecl_duration_error,derived_primary_ecl_depth,derived_primary_ecl_depth_error,derived_secondary_ecl_phase,derived_secondary_ecl_phase_error,derived_secondary_ecl_duration,derived_secondary_ecl_duration_error,derived_secondary_ecl_depth,derived_secondary_ecl_depth_error
[from data line 713]
375316653866487564,1990047674700076544,0.42814663,2171.3373572020173,0.6484182074075652,4.1064286E-5,15.537669,0.009401462,0.39930066,0.01848708,0.018964745,0.016380092,0.3326985,0.34520847,0.7459242,0.034724455,0.023381347,0.019744825,0.15525573,0.11170304,0.038422678,0.010008161,0.7459242,0.034724455,"TWOGAUSSIANS_WITH_ELLIPSOIDAL_ON_ECLIPSE2",9,416.36642,0.39881065,0.02006314,0.10620257,0.091728516,0.35781947,0.3498633,0.7459242,0.034724455,0.13093553,0.11057102,0.23210107,0.10569222
375316653866487564,1990051041954422528,0.6145175,2164.3659565300004,2.9205162241197478,4.6729724E-6,16.41467,0.0142830005,0.23489338,0.0013831551,0.057964876,0.009515764,0.11749769,0.030235276,0.7338861,0.0060282336,0.05709426,0.010011557,0.15285963,0.031651232,0.09028886,0.017029881,0.23489338,0.0013831551,"TWOGAUSSIANS_WITH_ELLIPSOIDAL_ON_ECLIPSE1",9,9.823895,0.73411614,0.0049267686,0.31972787,0.056064717,0.3334113,0.00639781,0.23489338,0.0013831551,0.32460332,0.053288277,0.2980549,0.006536348
375316653866487564,1990052656852571264,0.4306538,2155.965906212132,0.22082569065702054,3.9065533E-5,19.493511,0.039723452,0.23682244,0.047733113,0.008478981,0.05500991,1.0248077,5.2436776,0.7626436,0.014569052,0.08737546,0.010795576,0.14366291,0.057508625,null,null,null,null,"TWOGAUSSIANS",8,14.713179,0.23682244,0.047741808,0.047482297,0.3080555,1.0248077,5.243758,0.7626436,0.014569052,0.4,0.0,0.14366284,0.05735785
375316653866487564,1990054645425260160,0.44640782,2193.7772159105507,3.040694546320526,6.26606E-5,14.900562,0.06314749,0.1973927,0.030056767,0.031719863,0.042082034,0.32294625,0.1998409,0.70882076,0.023280421,0.041094583,0.040511627,0.20305417,0.20490028,0.07617685,0.08105104,0.70882076,0.023280421,"TWOGAUSSIANS_WITH_ELLIPSOIDAL_ON_ECLIPSE2",9,800.0665,0.19780271,0.025109056,0.17763123,0.23565939,0.47454387,0.26279405,0.70882076,0.023280421,0.23012967,0.22686511,0.35540777,0.20499066
375316653866487564,1990055951095490432,0.43953428,2195.5241600467193,2.5411351431496914,1.8087478E-5,19.49742,0.014271771,0.30633917,0.042628814,0.1216854,0.053867076,0.092429936,0.02412488,0.8367554,0.00415344,0.033464044,0.005762392,0.466749,0.079173416,null,null,null,null,"TWOGAUSSIANS",8,6.824648,0.8367554,0.0041460693,0.18739866,0.032269396,0.4662058,0.07969318,0.30633917,0.042628814,0.4,0.0,0.09182586,0.024245866
375316653866487564,1990058738536196608,0.55643475,2152.4346245809215,2.5462261695025528,1.0221538E-5,16.76957,0.025570268,0.28575182,0.0028946945,0.10450689,0.013790865,0.13426869,0.023888368,0.78291285,0.005354806,0.11400054,0.020801244,0.1311137,0.024468867,null,null,null,null,"TWOGAUSSIANS",8,3.16365,0.2857618,0.0028969643,0.4,0.0,0.11553195,0.0023956867,0.78291285,0.005354806,0.4,0.0,0.11236231,0.0038817928
375316653866487564,1990061349876205952,0.5189971,2143.071025395079,2.919754003130432,1.2769804E-5,18.340752,0.008738649,0.24813451,0.003344257,0.070223786,0.004388225,0.5203362,0.03212933,0.7450355,0.0031232324,0.070877306,0.0050858334,0.44372377,0.032957606,null,null,null,null,"TWOGAUSSIANS",8,14.180692,0.24813451,0.003344257,0.3932532,0.021022901,0.51866955,0.03255856,0.7450355,0.0031232324,0.3969129,0.022323646,0.44205707,0.03335245
375316653866487564,1990061379934644224,0.45675287,2138.6402261815315,2.1325368250439913,2.2987231E-5,18.867643,0.003435179,0.6818056,0.0040139854,0.028164987,0.005001337,0.395157,0.14096195,0.5568954,0.010792946,0.03047464,0.013186668,0.05113891,0.015613787,null,null,null,null,"TWOGAUSSIANS",8,3.3573298,0.6818056,0.004010337,0.15772392,0.028007485,0.3951685,0.14098836,0.5569554,0.010865107,0.17065799,0.07384534,0.051160187,0.015618247
375316653866487564,1990063274013856384,0.5360716,2193.583477638227,2.4811573242707303,8.1317885E-6,15.729823,0.006041433,0.28261095,0.0023902697,0.08898245,0.003971249,0.24393363,0.0070406073,0.78987664,0.0031034981,0.0912554,0.0042295186,0.1922854,0.0074203326,null,null,null,null,"TWOGAUSSIANS",8,16.706339,0.28261095,0.0023902697,0.4,0.0,0.23570356,0.006424,0.78987664,0.0031034981,0.4,0.0,0.18405527,0.0063091777
375316653866487564,1990064820210174464,0.60150135,2185.9569492474284,2.6610585955427615,5.139667E-6,16.504269,0.005154913,0.2330213,0.0018694117,0.08619495,0.0028377427,0.37725803,0.0073255324,0.7320482,0.0015103077,0.081807144,0.002450796,0.39787212,0.0074706106,null,null,null,null,"TWOGAUSSIANS",8,16.859005,0.7320482,0.0015103077,0.4,0.0,0.3887972,0.007390957,0.2330213,0.0018694117,0.4,0.0,0.36818308,0.0073894616
375316653866487564,1990065468742985856,0.6444521,2189.129017649005,0.7264575119429448,1.7690904E-6,18.21946,0.0019388371,0.51056635,0.0954769,0.095348865,0.06744528,0.011890481,0.0063586906,0.77468234,2.7944692E-4,0.026261939,2.2425628E-4,0.5626825,0.0034094963,null,null,null,null,"TWOGAUSSIANS",8,1.7424443,0.77468234,2.7944692E-4,0.14706685,0.0012558352,0.5629389,0.003375341,0.51056635,0.0954769,0.4,0.2244636,0.011890456,0.0063587325
375316653866487564,1990066259017306880,0.48123047,2215.2592451457613,2.971309510298697,3.5503814E-5,17.942537,0.011796086,0.26451147,0.011715585,0.051374584,0.009555577,0.1451225,0.033623252,0.73602307,0.018444147,0.10317375,0.017616084,0.289098,0.023786388,null,null,null,null,"TWOGAUSSIANS",8,22.272358,0.73602307,0.018444147,0.4,0.0,0.28784323,0.023907157,0.26452145,0.011718275,0.28769767,0.053511236,0.14387675,0.033665117
375316653866487564,1990066366398535808,0.5258326,2236.620907455125,3.890960407188681,1.3885518E-5,18.052795,0.021991266,0.296401,0.010835785,0.03393933,0.009980761,0.16942722,0.057651583,0.78236485,0.0035436112,0.04748433,0.0061825244,0.28330898,0.05028296,0.12145114,0.025453122,0.78236485,0.0035436112,"TWOGAUSSIANS_WITH_ELLIPSOIDAL_ON_ECLIPSE2",9,23.555687,0.78236485,0.0035436112,0.26591223,0.034622137,0.5262107,0.021271238,0.29479098,0.010258736,0.19006026,0.055892266,0.41066074,0.0341484
375316653866487564,1990066671334087040,0.5333655,2198.9830030183452,1.7382037495503613,2.4601297E-5,18.444122,0.0037975556,0.21117641,0.006341516,0.03714014,0.003989337,0.569248,0.10592672,0.7136761,0.0066123623,0.029051976,0.01015145,0.15804756,0.06720516,null,null,null,null,"TWOGAUSSIANS",8,3.676983,0.21117641,0.006341516,0.20798478,0.022340288,0.569248,0.10592672,0.7136761,0.0066123623,0.16269107,0.05684812,0.15804756,0.06720516
375316653866487564,1990067289809627776,0.5139907,2241.957518932978,0.01311336990239269,4.876405E-5,17.994883,0.0023395736,0.5823443,0.047545873,0.039297517,0.027215332,0.39819404,0.2259551,0.87178975,0.015171616,0.02939351,0.022478946,0.019316178,1.8808144,null,null,null,null,"TWOGAUSSIANS",8,2.488421,0.5823443,0.047545873,0.22006609,0.15240586,0.39819404,0.2259551,0.87178975,0.015171616,0.16460367,0.1258821,0.019316178,1.8808144
375316653866487564,1990068977730525056,0.574316,2149.356239966761,2.7130750523245273,4.8497845E-6,18.169233,0.008163103,0.24394114,0.0019150374,0.079273105,0.0043193144,0.4012331,0.01718991,0.7432446,0.0016026994,0.08864366,0.0034734628,0.34710842,0.008500766,null,null,null,null,"TWOGAUSSIANS",8,2.7751973,0.24394114,0.0019150374,0.4,0.0,0.39253488,0.018648097,0.7432446,0.0016026994,0.4,0.0,0.3384101,0.008016845
375316653866487564,1990069286976136960,0.44229406,2183.87492943126,2.2840281912423657,9.063967E-6,13.196191,0.17476578,0.23450734,0.044071812,0.06625824,0.069542296,0.074201226,0.31439063,0.7086874,0.0037478157,0.059124175,0.06568332,0.043106336,0.3116167,0.10196075,0.14102697,0.7086874,0.0037478157,"TWOGAUSSIANS_WITH_ELLIPSOIDAL_ON_ECLIPSE2",9,82.579575,0.22181733,0.02653034,0.37104613,0.26179165,0.27537036,0.0128556825,0.7086874,0.0037478157,0.33109537,0.16465007,0.24700867,0.013461265
375316653866487564,1990069699292996864,0.55946964,2189.1252890216424,0.07891217605065107,2.2227454E-5,14.9380245,0.0016303301,0.7504485,0.0024142123,0.0018794952,0.0013984557,0.8934772,0.5348286,null,null,null,null,null,null,0.008942941,0.0021244015,0.7504485,0.0024142123,"ONEGAUSSIAN_WITH_ELLIPSOIDAL",6,59.33457,0.7504485,0.0024142123,0.0105251735,0.007831352,0.91136307,0.534872,null,null,null,null,null,null
375316653866487564,1990071382920290688,0.6174751,2203.6643305584903,0.7291466290857989,1.3394442E-5,16.071436,7.948295E-4,0.6789517,7.34077E-4,0.03757173,5.002409E-4,0.2729748,0.0019804582,null,null,null,null,null,null,null,null,null,null,"ONEGAUSSIAN",5,3.5293686,0.6789517,7.34077E-4,0.21040168,0.0028013492,0.2729748,0.0,null,null,null,null,null,null
375316653866487564,1990075265571029120,0.5780405,2207.2810527897823,0.4373562396602395,3.65445E-6,17.0555,0.004495819,0.27263096,0.0012239881,0.02715194,0.0011293493,0.57297397,0.013966059,0.7698825,0.013511383,0.030361151,0.010340363,0.080607705,0.027030386,0.021479536,0.008877023,0.27263096,0.0012239881,"TWOGAUSSIANS_WITH_ELLIPSOIDAL_ON_ECLIPSE1",9,25.06751,0.27263096,0.0012239881,0.15205087,0.0063243564,0.615933,0.0148212435,0.76998246,0.01248435,0.17002244,0.05790603,0.12355442,0.02264348
375316653866487564,1990076055845006976,0.56823987,2238.1845350473213,2.7309813955690774,6.394066E-6,15.359942,0.02237057,0.31075138,0.007192676,0.055501357,0.0084439395,0.19480276,0.053926747,0.8191556,0.0032352363,0.057747893,0.009581506,0.20764902,0.053690724,0.1350334,0.028931985,0.8191556,0.0032352363,"TWOGAUSSIANS_WITH_ELLIPSOIDAL_ON_ECLIPSE2",9,166.45761,0.8191556,0.0032352363,0.3233882,0.053656433,0.47769207,0.018368501,0.3128714,0.004721743,0.31080762,0.04728606,0.46428293,0.018815475
375316653866487564,1990077189716234368,0.6442761,2226.892566725014,2.356842966714411,4.432223E-6,17.235704,0.015090391,0.21577685,0.0019591956,0.065183535,0.006142552,0.11738627,0.03416309,0.7139675,0.0016724512,0.064649545,0.0046627275,0.3006952,0.028007163,0.08275751,0.016744398,0.21577685,0.0019591956,"TWOGAUSSIANS_WITH_ELLIPSOIDAL_ON_ECLIPSE1",9,4.142659,0.7142475,0.0013019734,0.36203745,0.026111273,0.46596503,0.010606718,0.21577685,0.0019591956,0.36502782,0.03439829,0.2826742,0.005495334
375316653866487564,1990080621386694016,0.5336927,2205.7007856016476,3.774018018314768,1.1744435E-5,18.41601,0.011087146,0.28743014,0.008050596,0.08460628,0.00832754,0.32747185,0.018339068,0.7763131,0.0036315054,0.08814963,0.006199641,0.2758229,0.0135245165,null,null,null,null,"TWOGAUSSIANS",8,3.8645718,0.28743014,0.008050596,0.4,0.0,0.31993783,0.015220249,0.7763131,0.0036315054,0.4,0.0,0.26828882,0.012724399
375316653866487564,1990081033705005184,0.5764198,2152.0064382894484,0.6166495117388603,1.0224583E-5,17.904964,0.0020712616,0.72554237,0.0027993424,0.015294492,0.0011726532,0.43463054,0.04503534,null,null,null,null,null,null,0.010354707,0.0034913754,0.72554237,0.0027993424,"ONEGAUSSIAN_WITH_ELLIPSOIDAL",6,2.680781,0.72554237,0.0027993424,0.085649155,0.006566858,0.45533997,0.045870863,null,null,null,null,null,null
375316653866487564,1990081961418008704,0.54999965,2208.5255292961415,0.21189249550624503,1.1021957E-5,18.008995,0.0026186744,0.1734862,1.1993905E-5,0.0027955582,5.1734223E-5,0.5861253,0.009321888,0.8790972,0.024504539,0.0074894466,0.03533465,0.2737306,0.24825934,null,null,null,null,"TWOGAUSSIANS",8,3.8320513,0.1734862,1.1993905E-5,0.015655126,2.8971164E-4,0.5861253,0.009321888,0.8790972,0.024504539,0.0419409,0.19787404,0.2737306,0.24825934
375316653866487564,1990082343676698752,0.49611285,2198.780197831092,0.444225541414529,7.242452E-5,14.636923,8.180138E-4,0.33245644,0.012726753,0.022207102,0.015799476,0.043198187,0.23061119,0.82084984,0.008350591,0.013727322,0.013246609,0.0061065196,0.11584197,0.0050327224,0.0011004972,0.33245644,0.012726753,"TWOGAUSSIANS_WITH_ELLIPSOIDAL_ON_ECLIPSE1",9,5.221124,0.33245644,0.012726753,0.12435977,0.08847707,0.053263627,0.23216704,0.82112986,0.008096667,0.076873004,0.07418101,0.016119795,0.11584246
375316653866487564,1990083924224774400,0.5597255,2184.3900375168096,0.41017370265330905,1.8748948E-5,16.964657,0.0014614332,0.2844701,0.0011283042,0.019007448,0.0017209233,0.27194715,0.03337212,null,null,null,null,null,null,0.024481611,0.0016225302,0.2844701,0.0011283042,"ONEGAUSSIAN_WITH_ELLIPSOIDAL",6,5.3499627,0.2844701,0.0011283042,0.10644171,0.0096371705,0.32091036,0.033776727,null,null,null,null,null,null
375316653866487564,1990084783218222080,0.550485,2196.985790443304,3.1388533723980245,8.599976E-6,17.434242,0.0095768105,0.19401969,0.002890212,0.04378212,0.019767238,0.08633833,0.022484077,0.6804641,0.0124221295,0.04763717,0.013826425,0.07402815,0.02504441,0.08707894,0.014958205,0.19401969,0.002890212,"TWOGAUSSIANS_WITH_ELLIPSOIDAL_ON_ECLIPSE1",9,7.8783746,0.19401969,0.002890212,0.24517988,0.11069653,0.26049614,0.023426475,0.68448406,0.00897943,0.26676816,0.07742798,0.24729842,0.007820052
375316653866487564,1990085259953148928,0.48804617,2199.768347073708,0.0855760205569099,7.6771896E-5,17.31035,0.013830216,0.30840746,2.7699367E-5,0.0075030923,1.152074E-4,2.7527647,0.053104155,0.64470965,0.03884624,0.11857286,0.034508366,0.11398335,0.017647592,null,null,null,null,"TWOGAUSSIANS",8,76.68106,0.30840746,2.7699367E-5,0.04201732,6.4516143E-4,2.7547753,0.059736244,0.64470965,0.03884624,0.4,0.0,0.113951966,0.01771085
375316653866487564,1990085363032442752,0.5685715,2200.9831887747887,3.356721286593874,1.0986745E-5,18.552376,0.011779924,0.28249192,0.004913539,0.07505135,0.0047393166,0.6031965,0.019251466,0.7705242,0.0027209057,0.07463923,0.0041850777,0.4633069,0.016208284,null,null,null,null,"TWOGAUSSIANS",8,6.428361,0.28249192,0.004913539,0.4,0.0,0.6001489,0.018851917,0.7705242,0.0027209057,0.4,0.0,0.46025935,0.016019393
375316653866487564,1990089314399690496,0.53191686,2227.576032847744,3.1971284189893696,1.3255897E-5,18.911661,0.016937325,0.24354462,0.004596159,0.09233419,0.007845703,0.37997875,0.019059425,0.74215114,0.0036459877,0.089089446,0.006099826,0.4008046,0.017945953,null,null,null,null,"TWOGAUSSIANS",8,4.487635,0.74215114,0.0036459877,0.4,0.0,0.383685,0.01347834,0.24354462,0.004596159,0.4,0.0,0.36285892,0.01994552
375316653866487564,1990089726719666560,0.5045164,2223.2878927734896,3.7377230613391332,1.0545037E-5,19.773914,0.026507495,0.20015724,0.0044633294,0.068366714,0.0046647,0.5430516,0.03159602,0.70857525,0.004999186,0.069680065,0.008012498,0.6153579,0.05483073,null,null,null,null,"TWOGAUSSIANS",8,5.063111,0.70857525,0.004999186,0.39020833,0.03520964,0.6140459,0.055186972,0.20015724,0.0044633294,0.3828536,0.02612232,0.54173964,0.03065211
375316653866487564,1990090555654419328,0.6474975,2219.133640092216,2.3552022582235024,2.8402353E-6,15.401535,0.002790943,0.2460403,0.0012428745,0.08194948,0.0025280982,0.1581825,0.0032541063,0.74551463,0.0014744526,0.08180896,0.0016596153,0.25748926,0.003466025,null,null,null,null,"TWOGAUSSIANS",8,6.9002714,0.74551463,0.0014744526,0.4,0.0,0.25372458,0.0029367725,0.2460403,0.0012428745,0.4,0.0,0.1544178,0.0031108991
375316653866487564,1990094571439819392,0.56956565,2235.835471999282,3.243457573575501,9.034154E-6,18.272633,0.008944735,0.22569239,0.0033524134,0.092636526,0.0055399584,0.29175723,0.0142329335,0.7234777,0.0027369962,0.08436109,0.0045182793,0.27023748,0.010070625,null,null,null,null,"TWOGAUSSIANS",8,2.7938125,0.22569239,0.0033524134,0.4,0.0,0.2817228,0.01463263,0.7234777,0.0027369962,0.4,0.0,0.26020333,0.008556368
375316653866487564,1990095086836000256,0.5721239,2241.870283090501,1.6691777963220558,9.35166E-6,17.805212,0.007556301,0.28481895,0.0020287982,0.04501783,0.0032600258,0.2846286,0.016169421,0.7822848,0.0012739409,0.033834327,0.002564633,0.17713155,0.017191192,0.0301163,0.009796472,0.28481895,0.0020287982,"TWOGAUSSIANS_WITH_ELLIPSOIDAL_ON_ECLIPSE1",9,6.2736964,0.28481895,0.0020287982,0.25209987,0.018256145,0.34486103,0.0057372083,0.7823648,0.0012284301,0.18947223,0.014361944,0.23734917,0.005131336
