Gaia/vari_eclipsing_binary/VariEclipsingBinary_463702-463734.csv
# %ECSV 1.0
# ---
# delimiter: ','
# meta: !!omap
# - RELEASE: Gaia DR3
# - TABLE: vari_eclipsing_binary
# - DESCRIPTION: >
#     This table describes the properties of the eclipsing binaries resulting from the variability analysis. 
# - CITATION: >
#     How to cite and acknowledge Gaia: 
#     https://gea.esac.esa.int/archive/documentation/credits.html 
# - KNOWN_ISSUES: >
#     Known issues: 
#     https://www.cosmos.esa.int/web/gaia-users/known-issues 
# - DOCUMENTATION: >
#     Tutorials and documentation: 
#     https://www.cosmos.esa.int/web/gaia-users/archive 
# datatype:
# - 
#   name: solution_id
#   datatype: int64
#   description: Solution Identifier
#   meta:
#     ucd: meta.version
# - 
#   name: source_id
#   datatype: int64
#   description: Unique source identifier
#   meta:
#     ucd: meta.id;meta.main
# - 
#   name: global_ranking
#   datatype: float32
#   description: Number between 0 (worst) and 1 (best)
#   meta:
#     ucd: stat.param
# - 
#   name: reference_time
#   datatype: float64
#   unit: d
#   description: Reference time used for the geometric model fit
#   meta:
#     ucd: time.epoch
# - 
#   name: frequency
#   datatype: float64
#   unit: d**-1
#   description: Frequency of geometric model of the eclipsing binary light curve
#   meta:
#     ucd: src.orbital
# - 
#   name: frequency_error
#   datatype: float32
#   unit: d**-1
#   description: "Uncertainty of \\texttt{frequency}"
#   meta:
#     ucd: stat.error
# - 
#   name: geom_model_reference_level
#   datatype: float32
#   unit: mag
#   description: Magnitude reference level of geometric model
#   meta:
#     ucd: phot.mag;em.opt
# - 
#   name: geom_model_reference_level_error
#   datatype: float32
#   unit: mag
#   description: "Uncertainty of \\texttt{geomModelReferenceLevel}"
#   meta:
#     ucd: stat.error;phot.mag;em.opt
# - 
#   name: geom_model_gaussian1_phase
#   datatype: float32
#   description: Phase of the Gaussian 1 component
#   meta:
#     ucd: time.phase
# - 
#   name: geom_model_gaussian1_phase_error
#   datatype: float32
#   description: "Uncertainty of \\texttt{geomModelGaussian1Phase}"
#   meta:
#     ucd: stat.error;time.phase
# - 
#   name: geom_model_gaussian1_sigma
#   datatype: float32
#   description: "Standard deviation [phase] of Gaussian 1 component"
#   meta:
#     ucd: stat.stdev
# - 
#   name: geom_model_gaussian1_sigma_error
#   datatype: float32
#   description: "Uncertainty of \\texttt{geomModelGaussian1Sigma}"
#   meta:
#     ucd: stat.error
# - 
#   name: geom_model_gaussian1_depth
#   datatype: float32
#   unit: mag
#   description: Magnitude depth of Gaussian 1 component
#   meta:
#     ucd: src.var.amplitude
# - 
#   name: geom_model_gaussian1_depth_error
#   datatype: float32
#   unit: mag
#   description: "Uncertainty of \\texttt{geomModelGaussian1Depth}"
#   meta:
#     ucd: stat.error;src.var.amplitude
# - 
#   name: geom_model_gaussian2_phase
#   datatype: float32
#   description: Phase of Gaussian 2 component
#   meta:
#     ucd: time.phase
# - 
#   name: geom_model_gaussian2_phase_error
#   datatype: float32
#   description: "Uncertainty of \\texttt{geomModelGaussian2Phase}"
#   meta:
#     ucd: stat.error;time.phase
# - 
#   name: geom_model_gaussian2_sigma
#   datatype: float32
[...]
#   datatype: float32
#   description: "Secondary eclipse: uncertainty of \\texttt{derivedSecondaryEclDuration}"
#   meta:
#     ucd: stat.error;time.duration
# - 
#   name: derived_secondary_ecl_depth
#   datatype: float32
#   unit: mag
#   description: "Secondary eclipse: depth"
#   meta:
#     ucd: src.var.amplitude
# - 
#   name: derived_secondary_ecl_depth_error
#   datatype: float32
#   unit: mag
#   description: "Secondary eclipse: uncertainty of \\texttt{derivedSecondaryEclDepth}"
#   meta:
#     ucd: stat.error;src.var.amplitude
solution_id,source_id,global_ranking,reference_time,frequency,frequency_error,geom_model_reference_level,geom_model_reference_level_error,geom_model_gaussian1_phase,geom_model_gaussian1_phase_error,geom_model_gaussian1_sigma,geom_model_gaussian1_sigma_error,geom_model_gaussian1_depth,geom_model_gaussian1_depth_error,geom_model_gaussian2_phase,geom_model_gaussian2_phase_error,geom_model_gaussian2_sigma,geom_model_gaussian2_sigma_error,geom_model_gaussian2_depth,geom_model_gaussian2_depth_error,geom_model_cosine_half_period_amplitude,geom_model_cosine_half_period_amplitude_error,geom_model_cosine_half_period_phase,geom_model_cosine_half_period_phase_error,model_type,num_model_parameters,reduced_chi2,derived_primary_ecl_phase,derived_primary_ecl_phase_error,derived_primary_ecl_duration,derived_primary_ecl_duration_error,derived_primary_ecl_depth,derived_primary_ecl_depth_error,derived_secondary_ecl_phase,derived_secondary_ecl_phase_error,derived_secondary_ecl_duration,derived_secondary_ecl_duration_error,derived_secondary_ecl_depth,derived_secondary_ecl_depth_error
[from data line 341]
375316653866487564,4078932850525317888,0.6522539,2244.095033306702,1.030084423020323,7.918706E-6,15.829816,0.015181489,0.29716006,0.0017693595,0.09364393,0.005427138,0.32374528,0.0126595665,0.79944235,0.0042211083,0.11033903,0.011113562,0.23918952,0.010407186,null,null,null,null,"TWOGAUSSIANS",8,8.005346,0.29716006,0.0017693595,0.4,0.0,0.2974742,0.00768634,0.79944235,0.0042211083,0.4,0.0,0.21290216,0.018639503
375316653866487564,4078933292876412544,0.5467927,2151.4157529228514,3.8293302178411963,5.386356E-5,18.361633,0.005467043,0.3375409,0.0019224283,0.012828924,0.0016384028,0.098468415,0.009681997,0.5941616,0.027256018,0.02431593,0.012766293,0.3703893,0.06629393,null,null,null,null,"TWOGAUSSIANS",8,4.2560315,0.5941616,0.027256018,0.13616921,0.07149124,0.3703893,0.06629393,0.3375409,0.0019224283,0.07184197,0.009175056,0.098468415,0.009681998
375316653866487564,4078933533389875840,0.59202427,2204.675409683295,1.0875559266287218,9.018981E-6,17.183075,0.008173303,0.21012142,0.0015893911,0.058503132,0.0020609999,0.42937496,0.016764482,0.7138543,0.006605546,0.06808819,0.008288563,0.13087061,0.012113446,null,null,null,null,"TWOGAUSSIANS",8,7.8778386,0.21012142,0.0015893911,0.32761753,0.011541599,0.42921266,0.01672016,0.7138543,0.006605546,0.38129383,0.039631583,0.13070829,0.01209668
375316653866487564,4078934053094691200,0.6009296,2170.0011640336465,2.5009256595162337,1.7182685E-5,17.847746,0.037884004,0.23570332,0.0026182486,0.05236521,0.009207308,0.5726723,0.19815974,0.72893286,0.008327705,0.052965015,0.0069091334,0.81239563,0.14742403,0.011515511,0.049056478,0.23570332,0.0026182486,"TWOGAUSSIANS_WITH_ELLIPSOIDAL_ON_ECLIPSE1",9,17.24484,0.72897285,0.008390043,0.2966041,0.03869115,0.8353723,0.10739821,0.23570332,0.0026182486,0.29324517,0.051560927,0.59569037,0.21166177
375316653866487564,4078935977245695616,0.58884376,2215.5472370215075,3.350860543135646,1.8516323E-5,18.27313,0.013994363,0.31394497,0.0033673039,0.11021588,0.0059438287,0.25793302,0.014312149,0.7730853,0.0049719205,0.08802179,0.009483972,0.3002552,0.019628108,null,null,null,null,"TWOGAUSSIANS",8,1.314732,0.7730853,0.0049719205,0.4,0.0,0.2870717,0.023181524,0.31394497,0.0033673039,0.4,0.0,0.2447044,0.007971611
375316653866487564,4078936419609158144,0.46235248,2222.95263598418,3.5183123647252006,2.8502565E-5,17.79673,0.013701157,0.082335584,0.018584086,0.058704797,0.013838793,0.11526031,0.0268938,0.7497805,0.0041599143,0.028047131,0.003476262,0.3325856,0.07020975,null,null,null,null,"TWOGAUSSIANS",8,28.482271,0.7497805,0.0041599143,0.15706393,0.019467067,0.33258563,0.07020978,0.082335584,0.018584086,0.32874686,0.077497244,0.11526031,0.0268938
375316653866487564,4078936458276802688,0.472479,2181.8756013503976,1.5718279843409118,6.2389765E-5,18.1172,0.065734096,0.40402728,0.0073686913,0.19488591,0.05585802,0.18321459,0.062201016,0.93363464,0.07073357,0.06372443,0.04488561,0.080994986,0.07251129,null,null,null,null,"TWOGAUSSIANS",8,3.7162719,0.40402728,0.0073686913,0.4,0.0,0.1497858,0.04377703,0.93696463,0.072033316,0.3568568,0.20405172,0.062180247,0.09382337
375316653866487564,4078936557067151616,0.4697421,2199.0512002182686,4.854527595326022,3.7787137E-5,19.157213,0.0434035,0.29751202,0.011753789,0.10522385,0.030249152,0.18839392,0.040493444,0.7815308,0.018644297,0.083407536,0.038292833,0.14284058,0.059024896,null,null,null,null,"TWOGAUSSIANS",8,2.6673152,0.29751202,0.011753789,0.4,0.0,0.18053721,0.021529006,0.7815308,0.018644297,0.4,0.04254006,0.13498978,0.057074923
375316653866487564,4078936561376598912,0.58606535,2197.527325186407,3.003306965097157,9.334905E-6,17.650782,0.014868884,0.32499477,0.0046720044,0.07164987,0.0054449425,0.62654793,0.026035244,0.8314636,0.0038188505,0.06642746,0.006191686,0.5222705,0.061687086,null,null,null,null,"TWOGAUSSIANS",8,14.028734,0.32499477,0.0046720044,0.4,0.010835995,0.6251737,0.025860973,0.8314636,0.0038188505,0.3719938,0.03467344,0.5208962,0.062469803
375316653866487564,4078936939316653440,0.593648,2158.556383788614,3.0068025317220424,2.0834748E-5,18.4849,0.0039381995,0.20052522,0.004237586,0.07534365,0.009578935,0.31348136,0.01041072,0.6943683,0.0022977614,0.07642927,0.0032760245,0.38044056,0.021663802,null,null,null,null,"TWOGAUSSIANS",8,1.4325061,0.6943683,0.0022977614,0.4,0.0,0.37778372,0.022049218,0.20052522,0.004237586,0.4,0.027642872,0.3108245,0.011379227
375316653866487564,4078937523429222400,0.4579246,2215.0656960848964,1.2091655563749755,3.3193006E-5,19.180147,0.06693957,0.2521435,0.011845494,0.12972042,0.03508773,0.2501533,0.058022056,0.77957433,0.012351503,0.096269354,0.02846568,0.29583648,0.054066457,null,null,null,null,"TWOGAUSSIANS",8,3.165483,0.77980435,0.012154987,0.4,0.0,0.26154393,0.04193601,0.25213352,0.011832513,0.4,0.0,0.21546902,0.024756864
375316653866487564,4078937557788928128,0.5041695,2199.326645352387,2.018501838540828,8.937562E-5,19.43171,0.021078398,0.30533546,0.019399581,0.015096139,0.015230459,0.24310876,0.07215132,0.6830178,0.036241934,0.12044094,0.02204986,0.50242674,0.06390471,null,null,null,null,"TWOGAUSSIANS",8,5.810643,0.6830178,0.036241934,0.4,0.0,0.5022449,0.063831724,0.30542544,0.01911603,0.08453838,0.085290566,0.24661136,0.07369274
375316653866487564,4078937695248160384,0.48525798,2194.493773705539,2.9761840152129833,1.6478689E-5,18.102,0.01804456,0.2137106,0.0064914823,0.066911556,0.010450826,0.7062962,0.21517135,0.7856017,0.022920894,0.044935666,0.034478754,0.5765623,1.3284181,null,null,null,null,"TWOGAUSSIANS",8,34.931267,0.2137106,0.0064914823,0.3747047,0.040659554,0.7062935,0.21518263,0.7856017,0.022920894,0.25163972,0.19308102,0.5765596,1.328422
375316653866487564,4078938549930559232,0.4733483,2201.152422568182,2.8552393817627433,5.3728898E-5,19.030338,0.007721992,0.25230968,1.27548465E-5,0.0056858556,2.464745E-4,0.56321037,0.027422518,0.7332831,0.028029563,0.10559049,0.03746384,0.05929664,0.010435783,null,null,null,null,"TWOGAUSSIANS",8,2.1048038,0.25230968,1.27548465E-5,0.031840794,0.0013802572,0.5632106,0.027416084,0.7332831,0.028029563,0.4,0.0,0.0592947,0.010445653
375316653866487564,4078939103977521920,0.51747537,2184.091277045154,3.247115458613369,2.8941997E-5,19.30338,0.010456438,0.22792608,0.006351046,0.034195784,0.006317543,0.30663857,0.05047133,0.68852216,0.012656558,0.07936386,0.009606179,0.482868,0.027802223,null,null,null,null,"TWOGAUSSIANS",8,2.350633,0.68852216,0.012656558,0.4,0.0,0.48285818,0.027807446,0.22792608,0.006351046,0.1914964,0.03537824,0.3066288,0.050489318
375316653866487564,4078940302289510784,0.5000198,2190.8630122121576,2.3859302449421578,5.5045934E-5,16.71019,0.0196124,0.28322327,0.008593682,0.11145968,0.016608883,0.16048327,0.020322716,0.82239765,0.018068032,0.081678376,0.021991298,0.13676709,0.02131715,null,null,null,null,"TWOGAUSSIANS",8,24.24351,0.28322327,0.008597667,0.4,0.0,0.15446556,0.01424397,0.82244766,0.018039912,0.4,0.0,0.13078187,0.010339325
375316653866487564,4078940925064574720,0.5516383,2281.308230062042,2.059563219831882,1.3975081E-5,15.8135805,0.47417024,0.27411342,0.0056019546,0.09641231,0.093664214,0.31953242,0.38589302,0.77514535,0.0031878084,0.102684155,0.052658904,0.302734,0.40445998,null,null,null,null,"TWOGAUSSIANS",8,34.59446,0.27411342,0.0056403,0.4,0.0,0.2933598,0.0774038,0.77514535,0.0031878084,0.4,0.0,0.27655795,0.028607093
375316653866487564,4078940955112974976,0.44073355,2232.94602716734,0.2236750095193905,4.6740464E-5,17.89442,0.04588358,0.43783656,0.020416616,0.13221844,0.0339332,0.29380843,0.07029853,0.8397006,0.014751805,0.07990613,0.018332021,0.21102576,0.045847885,null,null,null,null,"TWOGAUSSIANS",8,5.035703,0.43783656,0.02040577,0.4,0.0,0.28436735,0.077060096,0.8397006,0.014751805,0.4,0.015610139,0.20449243,0.041135844
375316653866487564,4078940993784058368,0.50204325,2254.8510187270003,0.07643,7.7828845E-5,15.27287,0.0045037097,0.2608728,0.011787923,0.036553755,0.008427078,0.03390445,0.005614606,0.6114142,0.02886117,0.051592987,0.033563223,0.17744042,0.07567233,null,null,null,null,"TWOGAUSSIANS",8,36.65398,0.6114142,0.02886117,0.28892073,0.109045714,0.17744042,0.0756728,0.2608728,0.011787672,0.20470104,0.047191635,0.03390445,0.0056160903
375316653866487564,4078941264350564352,0.46684784,2311.410878720786,0.7888038845820171,1.3634752E-4,19.300034,0.004252305,0.7734264,0.023231857,0.027075987,0.009944264,0.5089192,0.4507479,null,null,null,null,null,null,null,null,null,null,"ONEGAUSSIAN",5,1.4078615,0.7734264,0.023231857,0.15162553,0.05568788,0.5089192,0.0,null,null,null,null,null,null
375316653866487564,4078941543521893632,0.5900817,2251.6877403270155,2.0799898555041794,1.1655478E-5,17.38676,0.026173634,0.3093587,0.005419582,0.092482835,0.014183995,0.17676577,0.024499916,0.8225473,0.004893516,0.08516284,0.014465738,0.18978104,0.025106523,null,null,null,null,"TWOGAUSSIANS",8,2.1424494,0.8225473,0.004893516,0.4,0.0,0.18415107,0.011951592,0.3093587,0.005419582,0.4,0.0,0.1711356,0.012461299
375316653866487564,4078941779728762752,0.56848204,2254.9792557410597,1.3504560379453572,7.437883E-5,18.725243,0.010127552,0.2787089,0.11169353,0.08626031,0.13879137,0.03586636,0.019401567,0.6275815,0.009973344,0.072038434,0.0070794974,2.3928943,1.5837836,null,null,null,null,"TWOGAUSSIANS",8,2.6784713,0.6275815,0.009973344,0.4,0.032168057,2.3928158,1.579616,0.2789789,0.4636689,0.4,0.029386006,0.035797365,2.6102953
375316653866487564,4078942432566786176,0.56889075,2150.0294848318676,3.2082233477967304,1.488119E-5,18.687223,0.018291853,0.2694016,0.014055493,0.08351544,0.0331409,0.28272608,0.23783475,0.76870054,0.0068558394,0.0741434,0.007919085,0.3339894,0.021141225,null,null,null,null,"TWOGAUSSIANS",8,3.4965997,0.76870054,0.0068558394,0.4,0.0014377735,0.33005372,0.017854853,0.2694016,0.014055493,0.4,0.07947387,0.27879035,0.24260046
375316653866487564,4078943600821094656,0.5451488,2182.65872518809,3.1203975238374264,7.545801E-6,19.221333,0.018294599,0.2663503,0.0043805707,0.07482041,0.009898832,0.46954334,0.056326896,0.7696435,0.0021567293,0.07437181,0.0034726097,0.5843956,0.039548293,null,null,null,null,"TWOGAUSSIANS",8,2.6924248,0.7696435,0.0021567293,0.4,0.0,0.58085775,0.039051943,0.2663503,0.0043805707,0.4,0.008966187,0.46600556,0.0586943
375316653866487564,4078943703900391040,0.53426254,2175.7729753560293,1.8740752481312435,2.215542E-5,15.627497,0.015112243,0.24595322,0.005319522,0.09996934,0.0094751585,0.22256117,0.013112343,0.7399484,0.0057822256,0.09184814,0.0086806975,0.26968756,0.015014362,null,null,null,null,"TWOGAUSSIANS",8,36.699253,0.7399484,0.0057822256,0.4,0.0,0.25468355,0.009471321,0.24595322,0.005319522,0.4,0.0,0.20755564,0.008523084
375316653866487564,4078944292301124224,0.58529496,2197.610076830698,2.3534903120471564,1.588318E-5,18.639904,0.001942026,0.32292986,0.0034920925,0.040316015,0.0032918807,0.23200645,0.049656797,0.82710886,0.009493134,0.08944913,0.015359588,0.024736242,0.0029962233,null,null,null,null,"TWOGAUSSIANS",8,0.23862119,0.32292986,0.0034920925,0.2257697,0.018434532,0.23196091,0.049677044,0.82710886,0.009493134,0.4,0.0,0.024690686,0.0030116127
375316653866487564,4078944395397586048,0.5044265,2141.2404368503558,3.2204376159596086,4.337807E-5,18.41164,0.027755124,0.26129544,0.017155355,0.09664111,0.023182428,0.19048871,0.022085624,0.7433614,0.016987244,0.11113342,0.028963292,0.211301,0.029736739,null,null,null,null,"TWOGAUSSIANS",8,5.718466,0.7433614,0.016987244,0.4,0.0,0.19332936,0.019721773,0.26131544,0.017123712,0.4,0.0,0.17253762,0.01646111
375316653866487564,4078944734665853056,0.55373234,2208.388648999806,2.583557931632327,3.098882E-5,18.545841,0.060048353,0.2001774,0.004585926,0.113281205,0.022393249,0.26677456,0.055809624,0.6939326,0.004232026,0.09772469,0.021670923,0.24225502,0.05425962,null,null,null,null,"TWOGAUSSIANS",8,1.388497,0.2001774,0.004584504,0.4,0.0,0.23815744,0.0141412895,0.6939326,0.004232026,0.4,0.0,0.21366912,0.03236115
375316653866487564,4078945078265592448,0.66166115,2179.1163744074493,1.8984377173806557,1.0242145E-5,18.086672,0.006396134,0.2600394,0.0037384257,0.06942164,0.0028331054,0.6498822,0.014111201,0.77536464,0.0054533156,0.08172344,0.0047144927,0.24215254,0.007151925,null,null,null,null,"TWOGAUSSIANS",8,2.3271203,0.2600394,0.0037384257,0.38876116,0.01586539,0.64764494,0.014065346,0.77536464,0.0054533156,0.4,0.0,0.23991527,0.0067490353
375316653866487564,4078945181377803136,0.48267218,2202.1696974897136,2.3405789224019706,3.8918057E-5,19.481804,0.02635198,0.21254946,0.016007354,0.07066077,0.01376468,0.2520929,0.03923491,0.7109106,0.012495093,0.08906459,0.020147415,0.3824046,0.026808769,null,null,null,null,"TWOGAUSSIANS",8,5.8986535,0.7109106,0.012495093,0.4,0.0,0.37784877,0.027472014,0.21254946,0.016007354,0.39570034,0.065452576,0.24753718,0.034801833
375316653866487564,4078945357470304768,0.5079826,2142.838540706477,2.4406358306909057,5.7191173E-5,18.57516,0.016636692,0.26647973,0.01956296,0.08164003,0.021399152,0.38197985,0.07612502,0.7352776,0.036238097,0.063416116,0.017211098,0.5703427,0.12965122,null,null,null,null,"TWOGAUSSIANS",8,11.299323,0.7352776,0.036238097,0.35513023,0.09638215,0.56924134,0.12868918,0.26647973,0.01956296,0.4,0.021741975,0.3808785,0.07735743
375316653866487564,4078945563609627520,0.5979348,2139.202168521089,2.786977355207079,7.377142E-6,17.957489,0.012225101,0.21717754,0.005509576,0.06627389,0.0069192178,0.39083964,0.018792571,0.70963144,0.0022518074,0.07252415,0.0038805993,0.4428517,0.01791777,null,null,null,null,"TWOGAUSSIANS",8,6.747744,0.70963144,0.0022518074,0.4,0.006113345,0.44181094,0.017828144,0.21717754,0.005509576,0.37113377,0.03874762,0.38979888,0.018997783
375316653866487564,4078945563609714176,0.47322646,2208.9884267900457,0.3521285845205761,7.3955816E-5,19.660524,0.009137231,0.4972573,0.030013321,0.06234949,0.018223008,0.15401396,0.0510312,0.73091567,0.017251518,0.05265806,0.012022383,0.2063129,0.030476678,null,null,null,null,"TWOGAUSSIANS",8,1.6942494,0.73091567,0.017251518,0.29488513,0.067325346,0.20645027,0.030392105,0.4972773,0.03006259,0.34915715,0.08727818,0.15402491,0.051027674
375316653866487564,4078946182085071488,0.49169552,2158.2746857360366,4.4184926720804105,2.4408379E-5,18.388742,0.09041629,0.3680939,0.04545498,0.10364511,0.0577014,0.6228727,0.43926677,0.61005855,0.3023599,0.119746804,0.1919491,0.23207839,0.330331,null,null,null,null,"TWOGAUSSIANS",8,37.96653,0.3780539,0.026575388,0.4,0.0,0.65324825,0.07244673,0.61005855,0.3023599,0.4,0.23675404,0.27062407,0.42536178
375316653866487564,4078948827785426432,0.44496632,2192.7880190761225,0.7676145311107704,2.4526718E-5,19.078463,0.16879073,0.22827905,0.08937177,0.050530013,0.07473882,0.40237334,0.3361604,0.7982609,0.013737187,0.08308963,0.035423923,0.26512784,0.16970137,null,null,null,null,"TWOGAUSSIANS",8,19.458065,0.22827905,0.08941002,0.28296807,0.13164525,0.4023067,0.22848514,0.7982609,0.013737187,0.4,0.0,0.26506078,0.08669631
375316653866487564,4078949167106807808,0.5177555,2185.792381185131,3.554582359120685,3.349362E-5,19.27486,0.02013161,0.25044408,0.008838883,0.099676214,0.014627697,0.3024856,0.030242618,0.78438103,0.006914879,0.072485544,0.007494604,0.3675642,0.03778778,null,null,null,null,"TWOGAUSSIANS",8,1.9856071,0.78438103,0.0069238893,0.4,0.0078584645,0.36230087,0.03622284,0.25044408,0.008838883,0.4,0.0,0.29721665,0.030494658
