Gaia/vari_eclipsing_binary/VariEclipsingBinary_484764-484789.csv
# %ECSV 1.0
# ---
# delimiter: ','
# meta: !!omap
# - RELEASE: Gaia DR3
# - TABLE: vari_eclipsing_binary
# - DESCRIPTION: >
#     This table describes the properties of the eclipsing binaries resulting from the variability analysis. 
# - CITATION: >
#     How to cite and acknowledge Gaia: 
#     https://gea.esac.esa.int/archive/documentation/credits.html 
# - KNOWN_ISSUES: >
#     Known issues: 
#     https://www.cosmos.esa.int/web/gaia-users/known-issues 
# - DOCUMENTATION: >
#     Tutorials and documentation: 
#     https://www.cosmos.esa.int/web/gaia-users/archive 
# datatype:
# - 
#   name: solution_id
#   datatype: int64
#   description: Solution Identifier
#   meta:
#     ucd: meta.version
# - 
#   name: source_id
#   datatype: int64
#   description: Unique source identifier
#   meta:
#     ucd: meta.id;meta.main
# - 
#   name: global_ranking
#   datatype: float32
#   description: Number between 0 (worst) and 1 (best)
#   meta:
#     ucd: stat.param
# - 
#   name: reference_time
#   datatype: float64
#   unit: d
#   description: Reference time used for the geometric model fit
#   meta:
#     ucd: time.epoch
# - 
#   name: frequency
#   datatype: float64
#   unit: d**-1
#   description: Frequency of geometric model of the eclipsing binary light curve
#   meta:
#     ucd: src.orbital
# - 
#   name: frequency_error
#   datatype: float32
#   unit: d**-1
#   description: "Uncertainty of \\texttt{frequency}"
#   meta:
#     ucd: stat.error
# - 
#   name: geom_model_reference_level
#   datatype: float32
#   unit: mag
#   description: Magnitude reference level of geometric model
#   meta:
#     ucd: phot.mag;em.opt
# - 
#   name: geom_model_reference_level_error
#   datatype: float32
#   unit: mag
#   description: "Uncertainty of \\texttt{geomModelReferenceLevel}"
#   meta:
#     ucd: stat.error;phot.mag;em.opt
# - 
#   name: geom_model_gaussian1_phase
#   datatype: float32
#   description: Phase of the Gaussian 1 component
#   meta:
#     ucd: time.phase
# - 
#   name: geom_model_gaussian1_phase_error
#   datatype: float32
#   description: "Uncertainty of \\texttt{geomModelGaussian1Phase}"
#   meta:
#     ucd: stat.error;time.phase
# - 
#   name: geom_model_gaussian1_sigma
#   datatype: float32
#   description: "Standard deviation [phase] of Gaussian 1 component"
#   meta:
#     ucd: stat.stdev
# - 
#   name: geom_model_gaussian1_sigma_error
#   datatype: float32
#   description: "Uncertainty of \\texttt{geomModelGaussian1Sigma}"
#   meta:
#     ucd: stat.error
# - 
#   name: geom_model_gaussian1_depth
#   datatype: float32
#   unit: mag
#   description: Magnitude depth of Gaussian 1 component
#   meta:
#     ucd: src.var.amplitude
# - 
#   name: geom_model_gaussian1_depth_error
#   datatype: float32
#   unit: mag
#   description: "Uncertainty of \\texttt{geomModelGaussian1Depth}"
#   meta:
#     ucd: stat.error;src.var.amplitude
# - 
#   name: geom_model_gaussian2_phase
#   datatype: float32
#   description: Phase of Gaussian 2 component
#   meta:
#     ucd: time.phase
# - 
#   name: geom_model_gaussian2_phase_error
#   datatype: float32
#   description: "Uncertainty of \\texttt{geomModelGaussian2Phase}"
#   meta:
#     ucd: stat.error;time.phase
# - 
#   name: geom_model_gaussian2_sigma
#   datatype: float32
[...]
#   datatype: float32
#   description: "Secondary eclipse: uncertainty of \\texttt{derivedSecondaryEclDuration}"
#   meta:
#     ucd: stat.error;time.duration
# - 
#   name: derived_secondary_ecl_depth
#   datatype: float32
#   unit: mag
#   description: "Secondary eclipse: depth"
#   meta:
#     ucd: src.var.amplitude
# - 
#   name: derived_secondary_ecl_depth_error
#   datatype: float32
#   unit: mag
#   description: "Secondary eclipse: uncertainty of \\texttt{derivedSecondaryEclDepth}"
#   meta:
#     ucd: stat.error;src.var.amplitude
solution_id,source_id,global_ranking,reference_time,frequency,frequency_error,geom_model_reference_level,geom_model_reference_level_error,geom_model_gaussian1_phase,geom_model_gaussian1_phase_error,geom_model_gaussian1_sigma,geom_model_gaussian1_sigma_error,geom_model_gaussian1_depth,geom_model_gaussian1_depth_error,geom_model_gaussian2_phase,geom_model_gaussian2_phase_error,geom_model_gaussian2_sigma,geom_model_gaussian2_sigma_error,geom_model_gaussian2_depth,geom_model_gaussian2_depth_error,geom_model_cosine_half_period_amplitude,geom_model_cosine_half_period_amplitude_error,geom_model_cosine_half_period_phase,geom_model_cosine_half_period_phase_error,model_type,num_model_parameters,reduced_chi2,derived_primary_ecl_phase,derived_primary_ecl_phase_error,derived_primary_ecl_duration,derived_primary_ecl_duration_error,derived_primary_ecl_depth,derived_primary_ecl_depth_error,derived_secondary_ecl_phase,derived_secondary_ecl_phase_error,derived_secondary_ecl_duration,derived_secondary_ecl_duration_error,derived_secondary_ecl_depth,derived_secondary_ecl_depth_error
[from data line 151]
375316653866487564,4264092635879044864,0.619545,2193.552327311568,1.4874786512687999,5.9664003E-6,17.698622,0.0029257075,0.3284878,0.07231843,0.054538086,0.05500118,0.021837788,0.17942934,0.6096463,0.001842677,0.05031532,0.0015800894,0.5915277,0.015858259,null,null,null,null,"TWOGAUSSIANS",8,8.410311,0.6096463,0.001842677,0.2817658,0.0088485,0.59152776,0.016043521,0.3284878,0.07302802,0.30541328,0.28528482,0.021837886,0.17942785
375316653866487564,4264092700255508480,0.5003471,2180.92926889075,3.6928879334532825,2.0409454E-5,18.228476,0.019356566,0.19269133,0.011399797,0.09499643,0.019831127,0.15474519,0.019781036,0.70299363,0.0062739705,0.085563,0.0099257715,0.20420118,0.018224582,null,null,null,null,"TWOGAUSSIANS",8,4.39104,0.70299363,0.0062739705,0.4,0.0,0.19772217,0.01243492,0.19269133,0.011399797,0.4,0.0,0.14826585,0.013397856
375316653866487564,4264092945074214016,0.48178682,2194.9707453427322,1.3221644820263678,6.4417545E-5,19.23469,0.013258794,0.31494483,0.0036724056,0.053801887,0.00592693,0.21009544,0.01712444,0.8229842,0.025431985,0.07780799,0.021574764,0.07799813,0.02508452,null,null,null,null,"TWOGAUSSIANS",8,2.3261359,0.31494483,0.0036724056,0.30129057,0.03319081,0.20996386,0.01697722,0.8229842,0.025431985,0.4,0.054966047,0.07786655,0.024971692
375316653866487564,4264093597913025408,0.4592666,2183.70436949146,1.2333396559267653,4.9947612E-5,19.543613,0.028332304,0.36189768,0.031811066,0.1451398,0.060504984,0.10227255,0.024953596,0.6955892,0.008620528,0.041457348,0.01259476,0.16763991,0.022336699,null,null,null,null,"TWOGAUSSIANS",8,1.84484,0.6955892,0.008620528,0.23216115,0.07053065,0.17434454,0.030108664,0.36189768,0.031811066,0.4,0.0,0.101697594,0.02286651
375316653866487564,4264093735390467840,0.5775393,2150.397476914797,2.8900492900343533,1.6202526E-5,19.105492,0.018437434,0.23835504,0.0034690965,0.06440824,0.0040220045,0.52377075,0.025945907,0.7312553,0.008915806,0.06491527,0.0133053465,0.6459255,0.09636341,null,null,null,null,"TWOGAUSSIANS",8,3.2624483,0.7312553,0.008915806,0.36352554,0.052641086,0.6453921,0.09739545,0.23835504,0.0034690965,0.36068618,0.022523224,0.5232373,0.025570154
375316653866487564,4264094796200633728,0.52286303,2191.442075793219,3.716995993393714,4.148365E-5,17.482315,0.030499185,0.3163043,0.023653783,0.068230025,0.03051017,0.085915215,0.032684773,0.7511306,0.014116717,0.07154731,0.025464902,0.32458508,0.041555554,null,null,null,null,"TWOGAUSSIANS",8,42.325283,0.7511306,0.014116717,0.4,0.037481677,0.32449076,0.042466957,0.3163043,0.023653783,0.38208815,0.09144182,0.08582091,0.03079596
375316653866487564,4264095006711993600,0.4899325,2207.3002578571004,0.02663070243659966,1.5430209E-4,18.900568,0.016170869,0.29665953,0.035968836,0.09098239,0.027066413,0.17351818,0.02747302,0.6999404,0.0075457585,0.09877095,0.020942949,0.11332851,0.021866325,null,null,null,null,"TWOGAUSSIANS",8,2.9503481,0.29670954,0.036034927,0.4,0.0,0.17157422,0.026755864,0.6999404,0.0075457585,0.4,0.0,0.11136673,0.020687193
375316653866487564,4264095659494324992,0.4815801,2230.4923461315893,0.21455873675640216,7.920854E-5,18.875433,0.004343585,0.16090205,0.040605053,0.046379488,0.012003844,0.19687492,0.10320049,0.57787484,0.008403419,0.08439984,0.008932996,0.085323706,0.0050394093,null,null,null,null,"TWOGAUSSIANS",8,1.4789665,0.16090205,0.040605053,0.25972512,0.06722152,0.19686484,0.10330898,0.57787484,0.008403419,0.4,0.0,0.0853132,0.005025912
375316653866487564,4264095796975189888,0.5544032,2223.7427689436736,2.3734296138717124,2.4471614E-5,17.150986,0.014482653,0.23392059,0.0053937957,0.040059485,0.008693567,0.14560884,0.12088092,0.7618988,0.008707347,0.037139636,0.01623634,0.2226668,0.5067352,0.13369597,0.017361395,0.23392059,0.0053937957,"TWOGAUSSIANS_WITH_ELLIPSOIDAL_ON_ECLIPSE1",9,29.314087,0.7618988,0.008707347,0.20798196,0.0909235,0.48188028,0.51561505,0.23392059,0.0053937957,0.22433312,0.048683975,0.41300076,0.10777514
375316653866487564,4264096346731210752,0.48574406,2226.887563215026,1.3248955102226012,2.3130295E-5,17.055275,0.044233818,0.2516742,0.012537691,0.12663434,0.05038042,0.06741989,0.03949969,0.7221204,0.013332044,0.13212945,0.05126665,0.09921242,0.03494209,null,null,null,null,"TWOGAUSSIANS",8,4.0037537,0.7221204,0.013332044,0.4,0.0,0.07915623,0.016666617,0.2525942,0.009969959,0.4,0.0,0.047494315,0.00503094
375316653866487564,4264096376748361600,0.5691226,2232.816280509858,0.0693062142231367,1.7287772E-5,17.623283,0.006033052,0.42371804,7.983438E-6,0.0037091447,2.3206887E-4,0.25673762,0.0045697684,0.283695,0.051861577,0.18672936,0.22025047,0.013877964,0.013554962,null,null,null,null,"TWOGAUSSIANS",8,1.3492461,0.42371804,7.983438E-6,0.02077121,0.0012995857,0.26644474,0.008354656,0.283695,0.051861577,0.4,0.33141837,0.013108095,0.014430202
375316653866487564,4264096621568256512,0.5846715,2185.8749556590037,1.9511431154824441,3.240564E-5,18.197895,0.007799732,0.20044333,0.0058179265,0.084952995,0.005491758,0.31916553,0.020171365,0.7041953,0.002839474,0.07592689,0.006025988,0.3248898,0.020459944,null,null,null,null,"TWOGAUSSIANS",8,2.441599,0.7041953,0.002839474,0.4,0.0,0.32011604,0.021895919,0.20044333,0.0058179265,0.4,0.0,0.31439173,0.020188188
375316653866487564,4264096862085934464,0.4928796,2214.4789224255887,3.6952745261798357,1.7313172E-5,19.68052,0.008782568,0.36993313,0.0123867085,0.07529918,0.0101470025,0.2449358,0.035895653,0.868599,0.012624004,0.066075005,0.01637331,0.258043,0.056290157,null,null,null,null,"TWOGAUSSIANS",8,1.8898956,0.868599,0.012624004,0.37002003,0.053523086,0.25711203,0.057360914,0.36993313,0.0123867085,0.4,0.011740348,0.24400482,0.03616722
375316653866487564,4264096896445705600,0.47292775,2198.349396987916,0.21188826056387136,4.3258664E-5,19.701973,0.060566712,0.2599247,0.029492564,0.09586278,0.03398493,0.24512899,0.06000658,0.7795627,0.0101184305,0.12517199,0.025056463,0.30977368,0.06553057,null,null,null,null,"TWOGAUSSIANS",8,1.1861053,0.7795627,0.010067095,0.4,0.0,0.2747797,0.032335714,0.25976473,0.029764287,0.4,0.0123359375,0.21038681,0.021697594
375316653866487564,4264096995223891840,0.50989956,2212.1631234113256,3.607197318746352,1.5855378E-5,15.755465,0.0038783732,0.22896193,0.0059767016,0.078322954,0.007141685,0.09086204,0.011789728,0.72475463,0.012980266,0.09574196,0.015285745,0.0855668,0.014231367,null,null,null,null,"TWOGAUSSIANS",8,13.438592,0.22896193,0.005975431,0.4,0.0,0.08822949,0.011656118,0.72475463,0.012980266,0.4,0.0,0.082934044,0.015410484
375316653866487564,4264097171324105216,0.454875,2191.811263599178,3.072493546282514,7.7561264E-5,19.777433,0.027028916,0.29511154,0.029216014,0.11535054,0.05171251,0.15743048,0.036371585,0.7722113,0.009411141,0.062404003,0.021703824,0.22294752,0.02363827,null,null,null,null,"TWOGAUSSIANS",8,3.1614928,0.7722113,0.009411141,0.34946242,0.09541869,0.21854925,0.020864984,0.29511154,0.029216014,0.4,0.019109566,0.15299642,0.036725774
375316653866487564,4264097480560254976,0.5429682,2189.687869452899,1.661972002235539,1.5464431E-5,18.824001,0.009692897,0.24414769,0.0031586695,0.084965706,0.0046854294,0.25588515,0.013341065,0.7536693,0.004775824,0.09247727,0.007781899,0.2416483,0.009701055,null,null,null,null,"TWOGAUSSIANS",8,1.1733838,0.24414769,0.0031586695,0.4,0.0,0.24784769,0.012182424,0.7536693,0.004775824,0.4,0.0,0.2336106,0.008540161
375316653866487564,4264097583639346048,0.47922966,2150.319841029092,4.1353816167584485,2.9258352E-5,19.310705,0.010917847,0.29139972,0.011408934,0.101748146,0.020950925,0.16086675,0.029896863,0.87753457,0.008635715,0.026944539,0.013808614,0.2252954,0.082451895,null,null,null,null,"TWOGAUSSIANS",8,1.3355179,0.8775446,0.008629015,0.15088941,0.077328235,0.22532748,0.08250493,0.29139972,0.011408934,0.4,0.0,0.16085772,0.0299145
375316653866487564,4264097721078786816,0.4806241,2218.696007159146,0.423677406060251,5.3971216E-5,19.342207,0.035049375,0.29570574,0.0076154307,0.038348343,0.018328786,0.21759647,0.22139375,0.46769762,0.06707227,0.12993869,0.08657965,0.14811619,0.04013979,null,null,null,null,"TWOGAUSSIANS",8,1.9930184,0.30005574,0.008446357,0.21475072,0.1026412,0.28046083,0.22706638,0.46769762,0.06707227,0.4,0.0,0.14794506,0.021598604
375316653866487564,4264097789798639104,0.48883358,2169.140680371635,2.5888617333070183,1.9269919E-5,18.240036,0.043347616,0.28448674,0.00554678,0.08528115,0.019262021,0.33683476,0.056365624,0.7700534,0.0076598106,0.083968826,0.029715706,0.3407556,0.065777235,null,null,null,null,"TWOGAUSSIANS",8,10.499794,0.7700534,0.0076598106,0.4,0.0,0.33407474,0.08168565,0.28448674,0.005547792,0.4,0.0,0.33015385,0.06047466
375316653866487564,4264097991657056640,0.67680585,2204.913625939483,0.019424654666324818,8.506011E-5,15.64548,0.00926552,0.7198285,4.535019E-5,0.0016196285,4.8163896E-5,1.8287067,0.026107607,null,null,null,null,null,null,0.015357924,0.016356431,0.7198285,4.535019E-5,"ONEGAUSSIAN_WITH_ELLIPSOIDAL",6,155.47195,0.7198285,4.535019E-5,0.00906992,2.6971783E-4,1.8594226,0.010518394,null,null,null,null,null,null
375316653866487564,4264098064717979136,0.5991015,2201.9563224290087,1.919298809450401,1.0756212E-5,17.556906,0.0068709943,0.17841165,0.0036431542,0.085718386,0.005211066,0.19850235,0.0070786607,0.68547666,0.0052813357,0.0888875,0.008117292,0.3326501,0.036007613,null,null,null,null,"TWOGAUSSIANS",8,2.447916,0.68547666,0.0052813357,0.4,0.0,0.3250664,0.03881488,0.17841165,0.0036431542,0.4,0.0,0.19091873,0.0053198193
375316653866487564,4264098850674702208,0.5325685,2253.3870807001454,0.1527820469527945,7.054652E-5,19.825588,0.0087692905,0.27325225,0.05992974,0.017007686,0.03551898,0.61427253,3.8697677,0.8450822,0.0043019005,0.018846573,0.0044763773,0.09367365,0.015785266,null,null,null,null,"TWOGAUSSIANS",8,0.8188149,0.27325225,0.05992974,0.095243044,0.1989063,0.61427253,3.8697677,0.8450822,0.0043019005,0.10554081,0.025067713,0.09367365,0.015785266
375316653866487564,4264098854992288768,0.58211285,2248.692242281711,1.4283512082862042,1.1341965E-5,16.988466,0.018453514,0.24980706,0.0031630765,0.082407765,0.0045056315,0.41317585,0.020157347,0.7628546,0.007051754,0.09662318,0.011391272,0.3491832,0.025163025,null,null,null,null,"TWOGAUSSIANS",8,23.93437,0.24980706,0.0031630765,0.4,0.0,0.40080884,0.014811856,0.7628546,0.007051754,0.4,0.0,0.33681488,0.025085185
375316653866487564,4264098885007527552,0.5985335,2232.29637234102,3.054042719204028,6.0143507E-6,18.741335,0.005288683,0.3300582,0.0033268675,0.07218279,0.0026438814,0.45697096,0.016308162,0.8317485,0.062185284,0.06693746,0.019698057,0.4288505,0.2408984,null,null,null,null,"TWOGAUSSIANS",8,1.813539,0.3300582,0.0033268675,0.4,0.0034060862,0.45564193,0.016169544,0.8317485,0.062185284,0.3748498,0.110309124,0.42752147,0.23989445
375316653866487564,4264098988086779264,0.5741837,2191.414364389024,2.5744807635478977,1.2709033E-5,18.693176,0.011893358,0.21379837,0.0024745218,0.099293426,0.0056928224,0.29764742,0.011108236,0.7191442,0.0042495998,0.087134145,0.007927914,0.26130578,0.018330986,null,null,null,null,"TWOGAUSSIANS",8,1.2492397,0.21379837,0.0024745218,0.4,0.0,0.2834616,0.006487929,0.7191442,0.0042495998,0.4,0.0,0.24712186,0.019242575
375316653866487564,4264099748346115968,0.4588977,2196.8746188256596,0.6291700172495669,2.5626143E-5,16.276499,0.0103874365,0.25413707,0.035297245,0.1550187,0.056343816,0.06317983,0.05560532,0.66296285,0.0079336995,0.048919626,0.019329427,0.076152146,0.0098939,null,null,null,null,"TWOGAUSSIANS",8,10.838135,0.66296285,0.0079336995,0.2739499,0.10824479,0.076390855,0.01172733,0.25413707,0.035297245,0.4,0.0,0.06142353,0.05683524
375316653866487564,4264099778364636288,0.6021726,2274.032782103995,0.45519891424985065,4.277248E-5,18.73433,0.009060342,0.26955205,0.01828068,0.062403888,0.00889101,0.18394418,0.017897421,0.78079575,0.06328075,0.0402881,0.027183,0.653799,0.41582015,null,null,null,null,"TWOGAUSSIANS",8,2.599757,0.78079575,0.06328075,0.22561334,0.1522248,0.65379655,0.41576484,0.26955205,0.01828068,0.34946176,0.049789652,0.18394177,0.017864956
375316653866487564,4264100469863885056,0.49567285,2227.0505699823475,0.011527180363266009,7.62396E-5,17.708435,0.0017745334,0.1473367,0.041548196,0.0352726,0.030756416,0.19955844,3.10605872E16,null,null,null,null,null,null,0.0042166794,0.0027507495,0.1473367,0.041548196,"ONEGAUSSIAN_WITH_ELLIPSOIDAL",6,3.4805207,0.1473367,0.041548196,0.19752656,0.17223592,0.2079918,3.10605872E16,null,null,null,null,null,null
375316653866487564,4264100568638983296,0.5747328,2186.878217931583,1.3243445556136044,1.9959862E-5,18.935457,0.17496023,0.2730527,0.01655575,0.13355747,0.042448256,0.34836632,0.16398942,0.7549568,0.024983304,0.14156611,0.036580857,0.33592775,0.16510615,null,null,null,null,"TWOGAUSSIANS",8,1.2301351,0.27379268,0.015942346,0.4,0.0,0.23379275,0.016219938,0.7549568,0.024983304,0.4,0.0,0.22061783,0.018813467
375316653866487564,4264100637358537088,0.57568264,2209.494618248007,1.4917781102070387,1.8639532E-5,18.15668,0.07925944,0.25843608,0.003965379,0.07676131,0.00883094,0.22718406,0.020932823,0.7451618,0.010361915,0.2370509,0.10125377,0.13134351,0.072977655,null,null,null,null,"TWOGAUSSIANS",8,1.2605181,0.25906608,0.0039134254,0.4,0.020133952,0.19132692,0.010940896,0.7451618,0.010361915,0.4,0.0,0.06695855,0.009064322
375316653866487564,4264101122735684864,0.67046887,2174.8871528211675,2.022526383219644,1.1755549E-5,17.002306,0.0066396124,0.20577583,0.0022774972,0.0909027,0.0028659406,0.45429653,0.007788256,0.7097898,0.0024062986,0.09433119,0.0031169667,0.40494415,0.01263725,null,null,null,null,"TWOGAUSSIANS",8,2.7153528,0.20577583,0.0022774972,0.4,0.0,0.43316188,0.004663891,0.7097898,0.0024062986,0.4,0.0,0.38380912,0.012561057
375316653866487564,4264101225823665408,0.47940487,2144.7278678030784,0.43731363732912654,4.0308638E-5,19.371191,0.01797143,0.21855958,0.019224267,0.099753544,0.026058879,0.23472415,0.04303957,0.73121226,0.0062682503,0.079907544,0.008764675,0.24767846,0.02856055,null,null,null,null,"TWOGAUSSIANS",8,2.3145068,0.73121226,0.0062679937,0.4,0.0,0.23953892,0.026558885,0.21855958,0.019224267,0.4,0.0,0.22658265,0.05023825
375316653866487564,4264102802039705344,0.4863502,2190.7957125777257,2.751755610938657,3.1376338E-5,18.616043,0.046526678,0.34061104,0.0058352705,0.096319064,0.0177966,0.26622945,0.044511594,0.84218997,0.0072199977,0.08867416,0.022403732,0.2850954,0.05705608,null,null,null,null,"TWOGAUSSIANS",8,4.3141294,0.84218997,0.0072199977,0.4,0.0,0.27117568,0.0587546,0.34061104,0.0058352705,0.4,0.0,0.25230905,0.018117111
375316653866487564,4264102875083786624,0.4994923,2172.9154421289004,0.11341635580929277,5.6278244E-5,16.54655,0.021294354,0.09000584,0.008552322,0.01784429,0.010422409,0.51216495,0.11221103,0.6689136,0.0054384493,0.09338867,0.029104125,0.292349,0.13948369,null,null,null,null,"TWOGAUSSIANS",8,103.024124,0.09000584,0.0085614575,0.09992802,0.058365487,0.5121755,0.11213824,0.6689136,0.0054384493,0.4,0.0,0.29234833,0.13950747
375316653866487564,4264104386910871296,0.54714686,2201.9346894577816,2.937591477652921,3.9828978E-5,17.99086,0.017653262,0.028517669,8.672257E-5,0.002698543,1.6157774E-4,0.94670045,0.06679937,0.37922195,0.039494444,0.12491273,0.025171662,0.17045647,0.030110558,null,null,null,null,"TWOGAUSSIANS",8,25.443651,0.028517669,8.672257E-5,0.015111841,9.048354E-4,0.94989836,0.06530302,0.37922195,0.039494444,0.4,0.0,0.17034337,0.029978402
