Gaia/vari_eclipsing_binary/VariEclipsingBinary_663837-663930.csv
# %ECSV 1.0
# ---
# delimiter: ','
# meta: !!omap
# - RELEASE: Gaia DR3
# - TABLE: vari_eclipsing_binary
# - DESCRIPTION: >
#     This table describes the properties of the eclipsing binaries resulting from the variability analysis. 
# - CITATION: >
#     How to cite and acknowledge Gaia: 
#     https://gea.esac.esa.int/archive/documentation/credits.html 
# - KNOWN_ISSUES: >
#     Known issues: 
#     https://www.cosmos.esa.int/web/gaia-users/known-issues 
# - DOCUMENTATION: >
#     Tutorials and documentation: 
#     https://www.cosmos.esa.int/web/gaia-users/archive 
# datatype:
# - 
#   name: solution_id
#   datatype: int64
#   description: Solution Identifier
#   meta:
#     ucd: meta.version
# - 
#   name: source_id
#   datatype: int64
#   description: Unique source identifier
#   meta:
#     ucd: meta.id;meta.main
# - 
#   name: global_ranking
#   datatype: float32
#   description: Number between 0 (worst) and 1 (best)
#   meta:
#     ucd: stat.param
# - 
#   name: reference_time
#   datatype: float64
#   unit: d
#   description: Reference time used for the geometric model fit
#   meta:
#     ucd: time.epoch
# - 
#   name: frequency
#   datatype: float64
#   unit: d**-1
#   description: Frequency of geometric model of the eclipsing binary light curve
#   meta:
#     ucd: src.orbital
# - 
#   name: frequency_error
#   datatype: float32
#   unit: d**-1
#   description: "Uncertainty of \\texttt{frequency}"
#   meta:
#     ucd: stat.error
# - 
#   name: geom_model_reference_level
#   datatype: float32
#   unit: mag
#   description: Magnitude reference level of geometric model
#   meta:
#     ucd: phot.mag;em.opt
# - 
#   name: geom_model_reference_level_error
#   datatype: float32
#   unit: mag
#   description: "Uncertainty of \\texttt{geomModelReferenceLevel}"
#   meta:
#     ucd: stat.error;phot.mag;em.opt
# - 
#   name: geom_model_gaussian1_phase
#   datatype: float32
#   description: Phase of the Gaussian 1 component
#   meta:
#     ucd: time.phase
# - 
#   name: geom_model_gaussian1_phase_error
#   datatype: float32
#   description: "Uncertainty of \\texttt{geomModelGaussian1Phase}"
#   meta:
#     ucd: stat.error;time.phase
# - 
#   name: geom_model_gaussian1_sigma
#   datatype: float32
#   description: "Standard deviation [phase] of Gaussian 1 component"
#   meta:
#     ucd: stat.stdev
# - 
#   name: geom_model_gaussian1_sigma_error
#   datatype: float32
#   description: "Uncertainty of \\texttt{geomModelGaussian1Sigma}"
#   meta:
#     ucd: stat.error
# - 
#   name: geom_model_gaussian1_depth
#   datatype: float32
#   unit: mag
#   description: Magnitude depth of Gaussian 1 component
#   meta:
#     ucd: src.var.amplitude
# - 
#   name: geom_model_gaussian1_depth_error
#   datatype: float32
#   unit: mag
#   description: "Uncertainty of \\texttt{geomModelGaussian1Depth}"
#   meta:
#     ucd: stat.error;src.var.amplitude
# - 
#   name: geom_model_gaussian2_phase
#   datatype: float32
#   description: Phase of Gaussian 2 component
#   meta:
#     ucd: time.phase
# - 
#   name: geom_model_gaussian2_phase_error
#   datatype: float32
#   description: "Uncertainty of \\texttt{geomModelGaussian2Phase}"
#   meta:
#     ucd: stat.error;time.phase
# - 
#   name: geom_model_gaussian2_sigma
#   datatype: float32
[...]
#   datatype: float32
#   description: "Secondary eclipse: uncertainty of \\texttt{derivedSecondaryEclDuration}"
#   meta:
#     ucd: stat.error;time.duration
# - 
#   name: derived_secondary_ecl_depth
#   datatype: float32
#   unit: mag
#   description: "Secondary eclipse: depth"
#   meta:
#     ucd: src.var.amplitude
# - 
#   name: derived_secondary_ecl_depth_error
#   datatype: float32
#   unit: mag
#   description: "Secondary eclipse: uncertainty of \\texttt{derivedSecondaryEclDepth}"
#   meta:
#     ucd: stat.error;src.var.amplitude
solution_id,source_id,global_ranking,reference_time,frequency,frequency_error,geom_model_reference_level,geom_model_reference_level_error,geom_model_gaussian1_phase,geom_model_gaussian1_phase_error,geom_model_gaussian1_sigma,geom_model_gaussian1_sigma_error,geom_model_gaussian1_depth,geom_model_gaussian1_depth_error,geom_model_gaussian2_phase,geom_model_gaussian2_phase_error,geom_model_gaussian2_sigma,geom_model_gaussian2_sigma_error,geom_model_gaussian2_depth,geom_model_gaussian2_depth_error,geom_model_cosine_half_period_amplitude,geom_model_cosine_half_period_amplitude_error,geom_model_cosine_half_period_phase,geom_model_cosine_half_period_phase_error,model_type,num_model_parameters,reduced_chi2,derived_primary_ecl_phase,derived_primary_ecl_phase_error,derived_primary_ecl_duration,derived_primary_ecl_duration_error,derived_primary_ecl_depth,derived_primary_ecl_depth_error,derived_secondary_ecl_phase,derived_secondary_ecl_phase_error,derived_secondary_ecl_duration,derived_secondary_ecl_duration_error,derived_secondary_ecl_depth,derived_secondary_ecl_depth_error
[from data line 252]
375316653866487564,5839581988288299264,0.58656085,2148.2426357998606,2.7616891802175116,6.1025817E-6,16.484774,0.007967799,0.26828453,0.003095815,0.040801246,0.0065967566,0.08966165,0.022222249,0.76822823,0.0023136719,0.047795374,0.004366466,0.16036123,0.01577474,0.10665951,0.009378119,0.26828453,0.003095815,"TWOGAUSSIANS_WITH_ELLIPSOIDAL_ON_ECLIPSE1",9,20.9781,0.76823825,0.00189704,0.2676541,0.024452208,0.37367958,0.007948005,0.26828453,0.003095815,0.22848697,0.036941838,0.30298,0.012842485
375316653866487564,5839587726365306624,0.5368469,2225.773240782245,2.942928068131286,9.6352305E-6,19.130945,0.008560375,0.19115327,0.0015934474,0.07613017,0.002706634,0.38089845,0.013249213,0.70208675,0.004363307,0.085525215,0.005104479,0.2755181,0.0133088445,null,null,null,null,"TWOGAUSSIANS",8,1.8286481,0.19115327,0.0015934474,0.4,0.0,0.37656966,0.012990895,0.70208675,0.004363307,0.4,0.0,0.27118927,0.0130510945
375316653866487564,5839590921820763776,0.66398096,2231.101338082737,2.083847940109057,2.8772354E-6,16.55987,0.011972461,0.31408462,0.0010239743,0.055191267,0.002218661,0.61722726,0.027164428,0.8181153,0.005362398,0.055855848,0.0058984575,0.12720785,0.030742938,0.049129277,0.016750831,0.31408462,0.0010239743,"TWOGAUSSIANS_WITH_ELLIPSOIDAL_ON_ECLIPSE1",9,16.626152,0.31408462,0.0010239743,0.3090711,0.012424501,0.7154598,0.014895393,0.8181153,0.005362398,0.31279275,0.033031363,0.22537744,0.010812646
375316653866487564,5839591231058430464,0.5522658,2207.9660613650126,0.9052732070409665,1.21599105E-5,14.287334,0.03980364,0.2108735,0.0029963246,0.12531604,0.025577635,0.06873628,0.036508553,0.7178003,0.0028186098,0.14411803,0.04136683,0.070537075,0.037793335,null,null,null,null,"TWOGAUSSIANS",8,5.3817587,0.7178903,0.0027052634,0.4,0.0,0.04691479,0.0024799246,0.2105735,0.0025165277,0.4,0.0,0.045412786,0.0011341021
375316653866487564,5839594971969067008,0.45517823,2260.2378511698644,0.562930619907557,5.3771466E-5,17.69294,0.0026701097,0.24636373,0.016213628,0.017397765,0.008579366,0.05881798,0.014770715,null,null,null,null,null,null,0.024498433,0.003140069,0.24636373,0.016213628,"ONEGAUSSIAN_WITH_ELLIPSOIDAL",6,5.047825,0.24636373,0.016213628,0.09742749,0.048044447,0.10781481,0.015262719,null,null,null,null,null,null
375316653866487564,5839597411509729792,0.4982522,2263.56850638248,2.28182903308792,2.5242616E-5,17.114786,0.42909634,0.20635815,0.0054007424,0.17476559,0.032667182,0.40161252,0.28511718,0.7148157,0.0047643604,0.19376142,0.06494718,0.40281656,0.40928435,null,null,null,null,"TWOGAUSSIANS",8,6.6258874,0.20216815,0.005250391,0.4,0.0,0.12067518,0.0065666074,0.7183557,0.0037458714,0.4,0.0,0.10636726,0.00847024
375316653866487564,5839597755107080064,0.48740265,2265.0906749083697,3.3078260528287315,3.1334075E-5,19.028166,0.031762116,0.20797819,0.031197129,0.058652557,0.044933744,0.30483943,0.076023616,0.6940913,0.0025132205,0.06816488,0.006543598,0.47616243,0.02925685,null,null,null,null,"TWOGAUSSIANS",8,10.122605,0.6940913,0.0025132205,0.3817233,0.033629667,0.47595248,0.027098134,0.20797819,0.031197129,0.32845432,0.13372026,0.30462947,0.07856852
375316653866487564,5839599649194647552,0.5483452,2247.526913881791,2.8595772154751953,1.25351735E-5,16.88396,0.009294907,0.22581427,0.0023046308,0.08438248,0.0033191408,0.3684114,0.011325139,0.7260586,0.0051400517,0.09138256,0.0067160153,0.35228828,0.019425044,null,null,null,null,"TWOGAUSSIANS",8,24.384165,0.22581427,0.0023046308,0.4,0.0,0.35588413,0.009581197,0.7260586,0.0051400517,0.4,0.0,0.33976078,0.021345159
375316653866487564,5839604008575326848,0.57566494,2215.9549307089915,1.04481040626447,1.5893767E-5,18.53482,0.0022279653,0.15654786,0.0032827964,0.01572549,0.0019421619,0.43373576,0.057124194,0.77450794,0.068827294,0.07027221,0.029415995,0.07612163,0.07163526,null,null,null,null,"TWOGAUSSIANS",8,1.2415351,0.15654786,0.0032827964,0.08806274,0.010876107,0.4337358,0.057124197,0.77450794,0.068827294,0.39352435,0.15846781,0.07612163,0.07163526
375316653866487564,5839606379397402240,0.61592513,2191.413306874673,3.534039749968314,8.817278E-6,18.517345,0.00773454,0.27326548,0.0020020308,0.046386924,0.0038011323,0.25595796,0.027276827,0.7661389,0.0037639579,0.047573444,0.003734134,0.4390954,0.021026913,0.12240277,0.009605746,0.27326548,0.0020020308,"TWOGAUSSIANS_WITH_ELLIPSOIDAL_ON_ECLIPSE1",9,3.0236926,0.7667889,0.0033776416,0.2664113,0.02091115,0.6834539,0.015116034,0.27326548,0.0020020308,0.2597668,0.02128634,0.50076264,0.026976269
375316653866487564,5839607994305065216,0.51957613,2210.396521953795,3.815276709649097,1.3378405E-5,16.426538,0.018386103,0.29015785,0.0032474236,0.09577879,0.00893197,0.1773086,0.01793196,0.7868115,0.0039977524,0.10078993,0.011742601,0.1738118,0.016739003,null,null,null,null,"TWOGAUSSIANS",8,22.81255,0.29015785,0.0032474236,0.4,0.0,0.16408788,0.009471956,0.7868115,0.0039977524,0.4,0.0,0.1605899,0.009336437
375316653866487564,5839608410922824704,0.4740085,2163.0186308109555,2.48652687905215,2.1894923E-5,19.402857,0.028076665,0.19358626,0.012706329,0.07299989,0.022282371,0.22699031,0.039365817,0.6927546,0.007557024,0.08079694,0.011861479,0.4269561,0.027869465,null,null,null,null,"TWOGAUSSIANS",8,6.2764535,0.6927546,0.007557024,0.4,0.0,0.42382053,0.025478277,0.19358626,0.012706329,0.4,0.07253082,0.22385477,0.04263035
375316653866487564,5839608956378097664,0.61347353,2179.5219739033946,3.9149640416409537,4.9050573E-6,18.763353,0.013194765,0.12504601,0.0022579147,0.03924094,0.0030387347,0.42899838,0.03097564,0.6266872,0.0046201157,0.040873207,0.0052874717,0.56664646,0.03180498,0.15966833,0.01892438,0.12504601,0.0022579147,"TWOGAUSSIANS_WITH_ELLIPSOIDAL_ON_ECLIPSE1",9,5.8694596,0.6266872,0.0046185213,0.22888997,0.029609842,0.8859488,0.018703185,0.12504601,0.0022579147,0.21974927,0.017016916,0.74833465,0.016621556
375316653866487564,5839609132477329280,0.52111757,2198.123847573944,3.719867745309294,1.887113E-5,19.80735,0.01806126,0.2918211,0.00496119,0.06736631,0.0060588834,0.6210791,0.03870402,0.79601747,0.005355126,0.071889155,0.008997438,0.6161032,0.06489248,null,null,null,null,"TWOGAUSSIANS",8,3.3701954,0.2918211,0.00496119,0.37725133,0.033929747,0.61931914,0.039454743,0.79601747,0.005355126,0.4,0.017725376,0.6143432,0.06629709
375316653866487564,5839609579153990912,0.51268256,2203.5800469326964,0.5873720567748857,5.1993666E-5,19.927767,0.008418809,0.23309478,0.017017085,0.030706644,0.014520624,1.229897,0.69671935,0.7484895,0.023924926,0.02678493,0.015294396,0.060884904,0.031209413,null,null,null,null,"TWOGAUSSIANS",8,2.3781924,0.23309478,0.017017085,0.17195721,0.081315495,1.229897,0.69671935,0.7484895,0.023924926,0.14999561,0.08564862,0.060884904,0.031209413
375316653866487564,5839612018700473856,0.46252465,2283.1267993299602,0.10194378468362816,2.0534284E-5,16.826643,0.0025199864,0.3222376,0.00768913,0.0070048487,0.008868553,0.09786482,3.41257155E10,0.6265921,0.026805524,0.018437034,0.009080002,0.19810358,0.3303044,0.013582981,0.0035652448,0.3222376,0.00768913,"TWOGAUSSIANS_WITH_ELLIPSOIDAL_ON_ECLIPSE1",9,10.094876,0.6267821,0.026929392,0.10324739,0.05084801,0.20116076,0.32858163,0.3222376,0.00768913,0.039227154,0.049663894,0.12503076,3.41257155E10
375316653866487564,5839615072415580672,0.46277452,2252.6961987370682,3.2799808639452173,8.906818E-6,19.23605,0.14008144,0.2192477,0.0025771786,0.10559073,0.01940208,0.7028543,0.11907974,0.70699733,0.0029760115,0.122135624,0.02869096,0.5601782,0.1143338,null,null,null,null,"TWOGAUSSIANS",8,5.8282375,0.2192977,0.0025292223,0.4,0.0,0.60465485,0.021155385,0.70699733,0.0029760115,0.4,0.0,0.46172282,0.034684047
375316653866487564,5839615729548138880,0.5249248,2248.750251345824,3.456132501026632,1.0430905E-5,19.368998,0.027692104,0.218228,0.005333255,0.081287846,0.0101371715,0.32844836,0.030825095,0.709671,0.003013047,0.07452129,0.00850248,0.42387277,0.030810555,null,null,null,null,"TWOGAUSSIANS",8,3.8629856,0.709671,0.003013047,0.4,0.0044550914,0.4202745,0.029317964,0.218228,0.005333255,0.4,0.0,0.32485008,0.02855188
375316653866487564,5839618783274437504,0.48484316,2222.142951881087,3.2548348997411978,1.0883814E-5,19.593021,0.027781552,0.28860554,0.012112861,0.09892394,0.020692445,0.23268276,0.024713691,0.7827891,0.005953408,0.09096314,0.013732781,0.26682734,0.02375406,null,null,null,null,"TWOGAUSSIANS",8,1.8911277,0.7827891,0.005953408,0.4,0.0,0.25255045,0.016593453,0.28860554,0.012112861,0.4,0.0,0.21840467,0.024380371
375316653866487564,5839619161224657536,0.534606,2216.702622325507,1.5308961593005652,6.406059E-5,19.74835,0.004119824,0.50760937,2.4725648E-5,0.0045544957,3.9361458E-4,6.326419,3.6378453,0.73472065,0.027656812,0.04199934,0.029778441,0.035535026,0.115331784,null,null,null,null,"TWOGAUSSIANS",8,1.5274796,0.50760937,2.4725648E-5,0.025505174,0.0022042417,6.326419,3.6378453,0.73472065,0.027656812,0.2351963,0.16675927,0.035535026,0.115331784
375316653866487564,5839622601498667392,0.5263662,2219.0870594926696,1.2163763577104865,1.2129029E-5,12.870662,0.0054102144,0.2588284,0.004989555,0.101389065,0.009078691,0.09150232,0.0063753584,0.7569661,0.0052054287,0.10937068,0.0120580355,0.051959105,0.005192361,null,null,null,null,"TWOGAUSSIANS",8,41.56897,0.2588284,0.004989555,0.4,0.0,0.08358744,0.0054549584,0.7569661,0.0052054287,0.4,0.0,0.044042174,0.0017368714
375316653866487564,5839622803351079680,0.56697834,2201.276160319169,0.22086069243731646,7.604081E-6,19.09619,0.0027022415,0.6017979,4.964399E-4,0.012702001,5.2296807E-4,0.59874785,0.007906268,0.81602246,0.02188165,0.03270122,0.011860818,0.034470595,0.003828625,null,null,null,null,"TWOGAUSSIANS",8,1.4861764,0.6017979,4.964399E-4,0.07113121,0.0029286211,0.59874785,0.007906268,0.81602246,0.02188165,0.18312684,0.06642058,0.034470595,0.003828625
375316653866487564,5839623219962805760,0.5413914,2193.519128862682,3.744199449563162,1.5992211E-5,17.79976,0.03243527,0.2681645,0.0048055053,0.11071476,0.013599135,0.24738045,0.030662455,0.75074464,0.008093793,0.111522555,0.014769737,0.24970229,0.031689692,null,null,null,null,"TWOGAUSSIANS",8,6.3514857,0.75074464,0.008093793,0.4,0.0,0.21666075,0.009712181,0.26819447,0.004763719,0.4,0.0,0.21434265,0.009416454
375316653866487564,5839626170605321856,0.4791139,2219.094073404382,3.490057766343431,2.5414376E-5,19.746046,0.033426862,0.31424558,0.0063179443,0.091130555,0.012058715,0.4563516,0.0316509,0.80744326,0.008789735,0.09296241,0.012505332,0.3869513,0.0456572,null,null,null,null,"TWOGAUSSIANS",8,3.9833972,0.31424558,0.0063179443,0.4,0.0,0.4373791,0.024810188,0.80744326,0.008789735,0.4,0.0,0.36797863,0.038075194
375316653866487564,5839630362493893120,0.5519185,2204.7268353912054,3.084192643428887,1.7383067E-5,18.61558,0.0073717157,0.267997,0.0030482167,0.07369683,0.0034274685,0.49737996,0.023389941,0.76469266,0.0053842487,0.071657784,0.0054459544,0.44626376,0.028988153,null,null,null,null,"TWOGAUSSIANS",8,4.759825,0.267997,0.0030482167,0.4,0.0,0.49503073,0.023508202,0.76469266,0.0053842487,0.4,0.013612895,0.4439145,0.02929772
375316653866487564,5839633149938660352,0.5196997,2220.4191334218117,3.2516465648482398,1.5366944E-5,17.535765,0.009268712,0.27683523,0.004619693,0.027842436,0.014385239,0.16933404,5.4390807,0.7624714,0.026719049,0.056316312,0.032026608,0.07106736,0.02088022,0.094945006,0.013573124,0.27683523,0.004619693,"TWOGAUSSIANS_WITH_ELLIPSOIDAL_ON_ECLIPSE1",9,13.593559,0.27683523,0.004619693,0.15591764,0.08055734,0.35922265,5.438922,0.7682414,0.02328286,0.31537136,0.17934899,0.2600308,0.018244198
375316653866487564,5839634627407361920,0.45346674,2125.8102914769574,1.8610726204345263,1.2885193E-4,14.435221,0.019847525,0.5384461,0.021387666,0.07159998,0.072880246,0.6995904,2803.7556,0.85675585,0.001090183,0.011295347,0.007828645,1.6488689,24.883076,null,null,null,null,"TWOGAUSSIANS",8,275.77756,0.85675585,0.001090183,0.06325394,0.043840416,1.6489047,24.883066,0.5384461,0.021387666,0.4,0.4024051,0.6995904,2803.7556
375316653866487564,5839636581607064576,0.5388206,2195.879900015799,0.9196148362574829,1.7503264E-5,17.83644,0.004284861,0.14911678,0.0065235947,0.025838466,0.0047183246,0.48672646,0.086160585,0.65101945,0.01526208,0.01993726,0.018093364,0.26914194,21.129667,null,null,null,null,"TWOGAUSSIANS",8,12.9926,0.14911678,0.0065235947,0.14469542,0.026422618,0.48672646,0.086160585,0.65101945,0.01526208,0.11164866,0.101322845,0.26914194,21.129667
375316653866487564,5839637032578830208,0.6204373,2221.966771331675,3.2457787171865524,8.893611E-6,17.79277,0.0102491,0.24916118,0.0027704749,0.04946411,0.003121012,0.6519845,0.038435593,0.7473472,0.001294061,0.043395128,0.0026066483,0.4247501,0.023406716,0.11833823,0.013831302,0.24916118,0.0027704749,"TWOGAUSSIANS_WITH_ELLIPSOIDAL_ON_ECLIPSE1",9,8.482414,0.24916118,0.0027704749,0.276999,0.017477667,0.8886588,0.029505165,0.7474872,0.0011417627,0.24301271,0.01459723,0.6613961,0.016252944
375316653866487564,5839637101308619648,0.6017638,2178.398095277627,3.405951940607365,7.752966E-6,16.908953,0.008739917,0.21260238,0.0028215689,0.047483295,0.0066496767,0.2224936,0.034984753,0.7131204,0.0026445207,0.048048,0.004224136,0.17100582,0.0219072,0.10750878,0.011241891,0.21260238,0.0028215689,"TWOGAUSSIANS_WITH_ELLIPSOIDAL_ON_ECLIPSE1",9,17.679022,0.21260238,0.0028215689,0.26590645,0.03723819,0.43751058,0.032269306,0.7131204,0.0023805695,0.2690688,0.023655161,0.3860205,0.01163605
375316653866487564,5839637513625541120,0.5490818,2188.278456419298,3.0684360363264416,1.0230866E-5,16.359127,0.017367687,0.31014547,0.003617592,0.08217648,0.008608223,0.27504167,0.019737797,0.7960786,0.0070318365,0.07985101,0.010514788,0.28916556,0.015764454,null,null,null,null,"TWOGAUSSIANS",8,49.54589,0.7960786,0.0070318365,0.4,0.0,0.28549013,0.012960242,0.31014547,0.003617592,0.4,0.0,0.27136624,0.01888315
375316653866487564,5839637612403300480,0.56314486,2177.3243283688,2.9150862555464725,8.476469E-6,18.933056,0.010758524,0.21045318,0.002839952,0.071424216,0.0032084496,0.63523954,0.017750785,0.71701884,0.0026985256,0.07562589,0.0062286207,0.5238808,0.058265336,null,null,null,null,"TWOGAUSSIANS",8,4.3015223,0.21045318,0.002839952,0.3999756,0.011119219,0.6321949,0.017474243,0.71701884,0.0026985256,0.4,0.0,0.52083606,0.059365515
375316653866487564,5839638956734291712,0.48796466,2231.4119544726777,1.8241149523647613,9.014397E-6,19.23706,0.006406016,0.5887615,4.954565E-4,0.013841201,8.1924215E-4,1.1759015,0.18609536,null,null,null,null,null,null,null,null,null,null,"ONEGAUSSIAN",5,5.5026264,0.5887615,4.954565E-4,0.07751072,0.004587756,1.1759015,0.0,null,null,null,null,null,null
375316653866487564,5839642938158053760,0.5018537,2215.7927758497112,1.3985173796727408,2.1010144E-5,19.39861,0.006753638,0.27378806,0.005397583,0.031809617,0.004622517,0.5606375,0.10542076,0.7650905,0.012037887,0.032562044,0.0088732885,0.20935683,0.07004001,null,null,null,null,"TWOGAUSSIANS",8,3.9092624,0.27378806,0.005397583,0.17813386,0.025886094,0.5606375,0.10542076,0.7650905,0.012037887,0.18234743,0.049690414,0.20935683,0.07004001
375316653866487564,5839642942464025088,0.414812,2197.933627598086,2.6105554708704863,7.025199E-5,16.128477,0.029817117,0.21252275,0.022820372,0.06351034,0.03394802,0.11400748,0.028250286,0.7043229,0.02038888,0.13080041,0.046128947,0.091052696,0.028249832,null,null,null,null,"TWOGAUSSIANS",8,97.65386,0.21255274,0.023547778,0.35565794,0.099164195,0.10819844,0.01883855,0.7043229,0.02038888,0.4,0.0,0.08511811,0.0144778965
375316653866487564,5839644896666501888,0.50799936,2200.206650242034,2.9658225269633185,1.0335036E-5,18.309004,0.007883169,0.21788962,0.0051373625,0.08269679,0.0060692686,0.1843345,0.009668944,0.72097945,0.0022210958,0.07761972,0.008214019,0.2236593,0.015313221,null,null,null,null,"TWOGAUSSIANS",8,2.5817559,0.72097945,0.0022210958,0.4,0.0,0.22071964,0.016854417,0.21788962,0.0051373625,0.4,0.0,0.18139483,0.008552526
