Gaia/vari_eclipsing_binary/VariEclipsingBinary_665516-665543.csv
# %ECSV 1.0
# ---
# delimiter: ','
# meta: !!omap
# - RELEASE: Gaia DR3
# - TABLE: vari_eclipsing_binary
# - DESCRIPTION: >
#     This table describes the properties of the eclipsing binaries resulting from the variability analysis. 
# - CITATION: >
#     How to cite and acknowledge Gaia: 
#     https://gea.esac.esa.int/archive/documentation/credits.html 
# - KNOWN_ISSUES: >
#     Known issues: 
#     https://www.cosmos.esa.int/web/gaia-users/known-issues 
# - DOCUMENTATION: >
#     Tutorials and documentation: 
#     https://www.cosmos.esa.int/web/gaia-users/archive 
# datatype:
# - 
#   name: solution_id
#   datatype: int64
#   description: Solution Identifier
#   meta:
#     ucd: meta.version
# - 
#   name: source_id
#   datatype: int64
#   description: Unique source identifier
#   meta:
#     ucd: meta.id;meta.main
# - 
#   name: global_ranking
#   datatype: float32
#   description: Number between 0 (worst) and 1 (best)
#   meta:
#     ucd: stat.param
# - 
#   name: reference_time
#   datatype: float64
#   unit: d
#   description: Reference time used for the geometric model fit
#   meta:
#     ucd: time.epoch
# - 
#   name: frequency
#   datatype: float64
#   unit: d**-1
#   description: Frequency of geometric model of the eclipsing binary light curve
#   meta:
#     ucd: src.orbital
# - 
#   name: frequency_error
#   datatype: float32
#   unit: d**-1
#   description: "Uncertainty of \\texttt{frequency}"
#   meta:
#     ucd: stat.error
# - 
#   name: geom_model_reference_level
#   datatype: float32
#   unit: mag
#   description: Magnitude reference level of geometric model
#   meta:
#     ucd: phot.mag;em.opt
# - 
#   name: geom_model_reference_level_error
#   datatype: float32
#   unit: mag
#   description: "Uncertainty of \\texttt{geomModelReferenceLevel}"
#   meta:
#     ucd: stat.error;phot.mag;em.opt
# - 
#   name: geom_model_gaussian1_phase
#   datatype: float32
#   description: Phase of the Gaussian 1 component
#   meta:
#     ucd: time.phase
# - 
#   name: geom_model_gaussian1_phase_error
#   datatype: float32
#   description: "Uncertainty of \\texttt{geomModelGaussian1Phase}"
#   meta:
#     ucd: stat.error;time.phase
# - 
#   name: geom_model_gaussian1_sigma
#   datatype: float32
#   description: "Standard deviation [phase] of Gaussian 1 component"
#   meta:
#     ucd: stat.stdev
# - 
#   name: geom_model_gaussian1_sigma_error
#   datatype: float32
#   description: "Uncertainty of \\texttt{geomModelGaussian1Sigma}"
#   meta:
#     ucd: stat.error
# - 
#   name: geom_model_gaussian1_depth
#   datatype: float32
#   unit: mag
#   description: Magnitude depth of Gaussian 1 component
#   meta:
#     ucd: src.var.amplitude
# - 
#   name: geom_model_gaussian1_depth_error
#   datatype: float32
#   unit: mag
#   description: "Uncertainty of \\texttt{geomModelGaussian1Depth}"
#   meta:
#     ucd: stat.error;src.var.amplitude
# - 
#   name: geom_model_gaussian2_phase
#   datatype: float32
#   description: Phase of Gaussian 2 component
#   meta:
#     ucd: time.phase
# - 
#   name: geom_model_gaussian2_phase_error
#   datatype: float32
#   description: "Uncertainty of \\texttt{geomModelGaussian2Phase}"
#   meta:
#     ucd: stat.error;time.phase
# - 
#   name: geom_model_gaussian2_sigma
#   datatype: float32
[...]
#   datatype: float32
#   description: "Secondary eclipse: uncertainty of \\texttt{derivedSecondaryEclDuration}"
#   meta:
#     ucd: stat.error;time.duration
# - 
#   name: derived_secondary_ecl_depth
#   datatype: float32
#   unit: mag
#   description: "Secondary eclipse: depth"
#   meta:
#     ucd: src.var.amplitude
# - 
#   name: derived_secondary_ecl_depth_error
#   datatype: float32
#   unit: mag
#   description: "Secondary eclipse: uncertainty of \\texttt{derivedSecondaryEclDepth}"
#   meta:
#     ucd: stat.error;src.var.amplitude
solution_id,source_id,global_ranking,reference_time,frequency,frequency_error,geom_model_reference_level,geom_model_reference_level_error,geom_model_gaussian1_phase,geom_model_gaussian1_phase_error,geom_model_gaussian1_sigma,geom_model_gaussian1_sigma_error,geom_model_gaussian1_depth,geom_model_gaussian1_depth_error,geom_model_gaussian2_phase,geom_model_gaussian2_phase_error,geom_model_gaussian2_sigma,geom_model_gaussian2_sigma_error,geom_model_gaussian2_depth,geom_model_gaussian2_depth_error,geom_model_cosine_half_period_amplitude,geom_model_cosine_half_period_amplitude_error,geom_model_cosine_half_period_phase,geom_model_cosine_half_period_phase_error,model_type,num_model_parameters,reduced_chi2,derived_primary_ecl_phase,derived_primary_ecl_phase_error,derived_primary_ecl_duration,derived_primary_ecl_duration_error,derived_primary_ecl_depth,derived_primary_ecl_depth_error,derived_secondary_ecl_phase,derived_secondary_ecl_phase_error,derived_secondary_ecl_duration,derived_secondary_ecl_duration_error,derived_secondary_ecl_depth,derived_secondary_ecl_depth_error
[from data line 459]
375316653866487564,5854120727517961856,0.5634822,2301.922447354595,0.24485855972858833,1.9146411E-5,16.45324,6.412456E-4,0.53082275,8.2695443E-4,0.011631976,7.507706E-4,0.22662257,0.0048389905,0.65729713,0.07542276,0.11148911,0.045901105,0.0044320435,0.0014733385,null,null,null,null,"TWOGAUSSIANS",8,2.6571686,0.53083277,8.282211E-4,0.06513906,0.0042043156,0.22895113,0.0030121375,0.65729713,0.07542276,0.4,0.0,0.0044316635,0.0014727046
375316653866487564,5854120761877714432,0.57700056,2318.0803277346276,2.1835868032720867,4.3870737E-6,17.832907,0.009699777,0.2857319,0.0015459016,0.0862934,0.0032057753,0.3145513,0.009629184,0.7865828,0.0054039448,0.11692376,0.011615839,0.13237311,0.009267415,null,null,null,null,"TWOGAUSSIANS",8,3.1595116,0.2857319,0.0015459455,0.4,0.0,0.29701114,0.006391245,0.7865828,0.0054039448,0.4,0.0,0.11480464,0.003699701
375316653866487564,5854120860635441664,0.47176144,2303.848627865486,0.3363928799337124,1.2916964E-5,18.454567,0.0018222304,0.23596348,0.005935929,0.012262837,0.007686959,0.070812404,0.2830059,0.7376886,0.004733076,0.014904564,0.0017595214,0.89874256,0.6182796,0.027495394,0.0022825443,0.23596348,0.005935929,"TWOGAUSSIANS_WITH_ELLIPSOIDAL_ON_ECLIPSE1",9,2.157495,0.7376886,0.004733076,0.083465554,0.00985332,0.9537269,0.61867964,0.23596348,0.005935929,0.06867188,0.04304697,0.12580319,0.28358087
375316653866487564,5854121071115546496,0.47330108,2272.856047524191,2.8863464587774006,1.3337424E-5,17.36775,0.0028739627,0.24766488,0.006443673,0.08291777,0.007435312,0.074796714,0.005388273,0.74688166,0.0045364033,0.08255812,0.0071736895,0.0906669,0.0039341715,null,null,null,null,"TWOGAUSSIANS",8,4.8327465,0.74688166,0.0045364033,0.4,0.0,0.088978045,0.0040884605,0.24766488,0.006443673,0.4,0.0,0.07310785,0.0054342914
375316653866487564,5854121208554516480,0.5549037,2299.62849516573,0.29409200364838445,1.3498476E-6,18.002447,0.001907589,0.2673014,2.6806537E-4,0.007958664,2.68505E-4,0.42125928,0.0044960617,0.7640478,9.5904816E-4,0.0117286565,6.330579E-4,0.30043495,0.022485875,null,null,null,null,"TWOGAUSSIANS",8,4.1816063,0.2673014,2.6806537E-4,0.044568516,0.001503628,0.42125928,0.0044960617,0.7640478,9.5904816E-4,0.065680474,0.0035451243,0.30043495,0.022485875
375316653866487564,5854121307296933760,0.4596257,2307.720636105717,1.3149253687869293,7.8366165E-6,18.39244,0.004298476,0.10406611,0.0013773929,0.026329389,0.002136551,0.20440824,0.015456941,0.60701156,0.006033286,0.028872693,0.006333729,0.30092782,0.0983548,null,null,null,null,"TWOGAUSSIANS",8,12.361981,0.60701156,0.006033286,0.16168708,0.03546888,0.30092782,0.0983548,0.10406611,0.0013773929,0.14744458,0.011964685,0.20440824,0.015456941
375316653866487564,5854121414662180864,0.6690029,2302.933815982933,0.3696808711312179,1.0388741E-6,14.758029,7.222016E-4,0.12740432,8.870315E-4,0.012363207,7.242634E-4,0.6273154,0.035686456,0.62833065,5.1742874E-4,0.012929035,5.785651E-4,0.62113464,0.018479332,null,null,null,null,"TWOGAUSSIANS",8,21.297709,0.12740432,8.870315E-4,0.069233954,0.004055875,0.6273154,0.035686456,0.62833065,5.1742874E-4,0.0724026,0.0032399646,0.62113464,0.018479332
375316653866487564,5854121689538300800,0.53512377,2313.1003124407966,0.46068712625928565,1.7250062E-6,19.014389,0.003139962,0.2954337,0.001889041,0.043915503,0.0022917725,0.31577158,0.017057948,0.79634327,5.5455894E-4,0.039201967,8.06304E-4,0.33767998,0.0071580186,null,null,null,null,"TWOGAUSSIANS",8,1.8348678,0.79634327,5.5455894E-4,0.21953101,0.0045153024,0.33767995,0.0071580186,0.2954337,0.001889041,0.24592681,0.012833926,0.31577158,0.017057953
375316653866487564,5854122273706476544,0.5007722,2287.7742745588034,2.4106315982855135,7.907091E-6,16.860468,0.02470519,0.16777445,0.0043629725,0.070520885,0.010665391,0.17693527,0.06540128,0.69725895,0.0059321215,0.050460625,0.01148861,0.19525121,0.04659645,0.078378685,0.02774253,0.16777445,0.0043629725,"TWOGAUSSIANS_WITH_ELLIPSOIDAL_ON_ECLIPSE1",9,49.81273,0.69725895,0.0059321215,0.28257948,0.06433622,0.3463692,0.020042809,0.16777445,0.0043629725,0.39491698,0.05149496,0.33337188,0.030272556
375316653866487564,5854122514224691456,0.46325964,2296.2083357926604,1.9078454990758436,1.0006277E-5,18.80087,0.012014919,0.14639965,0.009436514,0.0943516,0.018691668,0.08147583,0.011690309,0.64899516,0.004105411,0.10401166,0.0105732605,0.15029623,0.010886759,null,null,null,null,"TWOGAUSSIANS",8,1.917585,0.64899516,0.004105411,0.4,0.0,0.14129521,0.0069378233,0.14639965,0.009436514,0.4,0.0,0.072477594,0.007699664
375316653866487564,5854122582892257280,0.52504563,2309.8710815383843,2.320907145736424,8.646152E-6,19.316679,0.006236175,0.2557073,0.0036597052,0.08054632,0.0037519608,0.3370218,0.012320819,0.75334996,0.002332057,0.08022687,0.0032504278,0.40429905,0.011894437,null,null,null,null,"TWOGAUSSIANS",8,2.5072134,0.75334996,0.002332057,0.4,0.0,0.39870322,0.012255605,0.2557073,0.0036597052,0.4,0.0,0.33142596,0.012131616
375316653866487564,5854123304446287616,0.45625475,2276.206619552021,2.649738926316391,1.4107395E-5,19.628498,0.051905,0.24462049,0.0058407243,0.10527334,0.016826067,0.36553174,0.046719786,0.74477446,0.008013806,0.10202912,0.018946335,0.33902416,0.047637,null,null,null,null,"TWOGAUSSIANS",8,6.3628345,0.24462049,0.0058407243,0.4,0.0,0.32718474,0.02344051,0.74477446,0.008013806,0.4,0.0,0.30068225,0.025258847
375316653866487564,5854123338858615424,0.5458373,2298.6016617032524,0.2947591142913234,3.599272E-6,17.040222,0.0067279474,0.13188984,8.3316985E-4,0.015571892,8.957456E-4,1.3723804,0.07640775,0.4005561,0.0041800993,0.037297286,0.006022755,0.13781618,0.020000337,0.020101326,0.010013036,0.13188984,8.3316985E-4,"TWOGAUSSIANS_WITH_ELLIPSOIDAL_ON_ECLIPSE1",9,69.37695,0.13188984,8.3316985E-4,0.0872026,0.005016175,1.412583,0.079361,0.40116608,0.0043484014,0.2088648,0.03372743,0.13838461,0.02000649
375316653866487564,5854123373166049536,0.5352954,2318.6644424774336,1.6019410813622939,3.2079906E-6,18.798603,0.0065456405,0.2544,0.0023683268,0.041986734,0.0051134555,0.13426667,0.027405884,0.7566748,0.0010649664,0.04536093,0.0028415904,0.6452847,0.038566086,0.08100205,0.00911016,0.2544,0.0023683268,"TWOGAUSSIANS_WITH_ELLIPSOIDAL_ON_ECLIPSE1",9,4.443089,0.7566748,0.0010649664,0.25402123,0.015912907,0.8072555,0.041391697,0.2544,0.0023683268,0.2351257,0.02863535,0.29627058,0.024541792
375316653866487564,5854123785483093504,0.42276058,2325.1619124610743,2.37460396182372,3.25666E-5,19.416105,0.0063338727,0.23917343,0.0042113005,0.0177944,0.0071008205,0.14592217,0.14404678,0.7359842,0.055641744,0.056826964,0.045428265,0.07562252,0.07399403,0.0765154,0.010440503,0.23917343,0.0042113005,"TWOGAUSSIANS_WITH_ELLIPSOIDAL_ON_ECLIPSE1",9,7.4611726,0.23917343,0.0042113005,0.09964864,0.039764594,0.298949,0.14251824,0.7370742,0.05096189,0.318231,0.2543983,0.22860883,0.07046057
375316653866487564,5854123957333996032,0.4613942,2291.536098050746,0.17159685966516858,3.6696478E-5,15.022629,0.25417826,0.12154277,0.0031594874,0.029467978,0.00339613,0.27270633,0.01857684,0.5278774,0.06122688,0.24951608,0.36043474,0.062840216,0.2383153,null,null,null,null,"TWOGAUSSIANS",8,349.82733,0.121772766,0.0031727273,0.16502067,0.019018328,0.27591026,0.016678777,0.5278774,0.06122688,0.4,0.0,0.045683127,0.008659792
375316653866487564,5854124129080836352,0.46867967,2300.230129216862,2.79919873684706,9.783589E-6,19.982012,0.04674923,0.2522174,0.0055827973,0.04454843,0.010305216,0.6881163,0.11333282,0.76061964,0.0046569114,0.039620798,0.008493173,0.51048094,0.14472678,0.13068742,0.05763931,0.2522174,0.0055827973,"TWOGAUSSIANS_WITH_ELLIPSOIDAL_ON_ECLIPSE1",9,18.956982,0.2522174,0.0055827973,0.2494712,0.057709206,0.9494906,0.11655733,0.76061964,0.0046569114,0.22187647,0.04756177,0.7711274,0.13778764
375316653866487564,5854124163440664832,0.52129006,2286.7046284226685,1.5333237133312383,6.440054E-6,18.787207,0.0057327626,0.18437047,0.007498813,0.07465421,0.0074909073,0.0885303,0.008475889,0.6807154,0.0020335207,0.05937984,0.002753745,0.34081054,0.009567332,null,null,null,null,"TWOGAUSSIANS",8,3.5422642,0.6807154,0.0020335207,0.3325271,0.015420971,0.3405423,0.009520427,0.18437047,0.007498813,0.4,8.0484746E-4,0.088262044,0.008406813
375316653866487564,5854124193529998848,0.463402,2298.5500461509173,0.19919695594056103,2.0875703E-5,19.75206,0.008521585,0.24337028,5.0376216E-4,0.024361204,0.0019053662,1.2755475,0.22601964,0.740692,0.03252046,0.067617916,0.02232876,0.17626664,0.072354995,null,null,null,null,"TWOGAUSSIANS",8,4.510066,0.24337028,5.0376216E-4,0.13642274,0.010670051,1.2755474,0.22601993,0.740692,0.03252046,0.37866032,0.085259154,0.17626646,0.07235619
375316653866487564,5854124541449517824,0.51117826,2329.816008350061,0.33310085662329775,1.9014258E-5,16.997803,0.0012935299,0.74024236,0.011291356,0.0116582895,0.0068602194,0.19472381,0.048758052,null,null,null,null,null,null,0.0042192983,0.0019513179,0.74024236,0.011291356,"ONEGAUSSIAN_WITH_ELLIPSOIDAL",6,3.771428,0.74024236,0.011291356,0.06528642,0.03841723,0.20316239,0.048883777,null,null,null,null,null,null
375316653866487564,5854124678888531840,0.6133773,2310.6500490089975,1.3001791668174987,2.7623094E-6,17.848475,0.004699523,0.2577279,0.0015581719,0.05664965,0.007977969,0.038175292,0.0120874895,0.7580877,0.0013241658,0.05659217,0.0017188052,0.36103514,0.013955969,0.06803902,0.006748572,0.2577279,0.0015581719,"TWOGAUSSIANS_WITH_ELLIPSOIDAL_ON_ECLIPSE1",9,1.9665337,0.7580877,0.0012841878,0.31691617,0.009625309,0.49708998,0.012473954,0.2577279,0.0015581719,0.31723806,0.044676624,0.17423081,0.004565225
375316653866487564,5854124747556352128,0.5238849,2292.100048870634,4.435882186128602,6.192078E-6,18.387701,0.0031879193,0.80969876,0.0019545,0.0032811535,0.002239896,0.051905718,0.7712041,0.5628749,0.0026271574,0.08163541,0.0034897102,0.2902048,0.009240829,null,null,null,null,"TWOGAUSSIANS",8,4.9481306,0.5628749,0.0026271574,0.4,0.0,0.2902048,0.009240833,0.80967873,0.0019803212,0.01837446,0.012543417,0.054910664,0.7710392
375316653866487564,5854125194284660480,0.57101643,2274.955689099902,1.278288330512459,2.0285524E-6,15.869338,0.0075867604,0.23709872,0.0048755724,0.03272505,0.0064315405,0.1042367,0.020573543,0.73546773,5.128951E-4,0.0366863,8.087114E-4,0.98182815,0.024726493,0.023503562,0.011107451,0.23709872,0.0048755724,"TWOGAUSSIANS_WITH_ELLIPSOIDAL_ON_ECLIPSE1",9,158.68173,0.73547775,5.106167E-4,0.2054433,0.004528784,1.0288304,0.0227988,0.23709872,0.0048755724,0.18326028,0.036016624,0.1512438,0.010883443
375316653866487564,5854125503473043584,0.5672177,2283.7903708629524,0.4013734439385091,1.5021959E-6,19.478806,0.00552887,0.251937,0.005261124,0.04041958,0.0050748405,0.11724356,0.009875467,0.74615806,2.645764E-4,0.026556129,6.6625257E-4,1.8453789,0.073442794,null,null,null,null,"TWOGAUSSIANS",8,3.2443273,0.74615806,2.645764E-4,0.14871432,0.0037310144,1.8453789,0.073442794,0.251937,0.005261124,0.22634964,0.028419105,0.11724356,0.009875467
375316653866487564,5854125537832824576,0.53802586,2301.587361446992,2.342533544979462,7.5386242E-6,18.463053,0.007414382,0.2652028,0.005373768,0.110508,0.011965116,0.114279404,0.006642524,0.7727655,0.0024011463,0.0818098,0.0038056881,0.2677714,0.008392847,null,null,null,null,"TWOGAUSSIANS",8,1.7990155,0.7727655,0.0024009887,0.4,0.0,0.2580635,0.006945202,0.2652028,0.005373768,0.4,0.0,0.10456293,0.005516513
375316653866487564,5854125640961456512,0.48589003,2305.231762512864,1.5941799588968164,7.662019E-6,17.359179,0.008325913,0.22924475,0.004296489,0.08904242,0.0063279946,0.25886506,0.012892451,0.7288693,0.0027188903,0.09313558,0.006107991,0.23752701,0.00865921,null,null,null,null,"TWOGAUSSIANS",8,10.097723,0.22924475,0.004296489,0.4,0.0,0.2474732,0.012989457,0.7288693,0.0027188903,0.4,0.0,0.22613496,0.008428521
375316653866487564,5854126053278373888,0.42663586,2307.64768576102,1.892253822659031,3.3845266E-5,18.474707,0.053018533,0.35794908,0.022208322,0.18946108,0.07082323,0.11279351,0.050910387,0.7784449,0.018975163,0.09993389,0.017772416,0.15047543,0.027756995,null,null,null,null,"TWOGAUSSIANS",8,5.961443,0.7784449,0.018975163,0.4,0.0,0.12981665,0.015334584,0.35823908,0.021843959,0.4,0.0,0.08149945,0.009897118
375316653866487564,5854126534314703104,0.6609926,2300.9212659010027,1.3112138504550825,1.9846423E-6,14.52889,0.0026829783,0.23838674,0.0018791257,0.05138972,0.0029507603,0.13065399,0.006614824,0.7333658,6.457755E-4,0.047372956,0.00206317,0.14637919,0.0058919913,0.100780085,0.003255834,0.7333658,6.457755E-4,"TWOGAUSSIANS_WITH_ELLIPSOIDAL_ON_ECLIPSE2",9,26.899818,0.7333658,6.457755E-4,0.26528856,0.011553753,0.3479376,0.0037004626,0.23716673,0.0014045682,0.28778243,0.016524257,0.33206066,0.005460655
375316653866487564,5854126736113024768,0.59996116,2280.0279316023425,1.2383003240308863,3.5635815E-6,16.272762,0.0108821215,0.2522187,0.0012505882,0.052401505,0.004116205,0.32557836,0.024368515,0.75944054,0.005794816,0.047611643,0.0070856614,0.12149915,0.024781797,0.10389682,0.012752554,0.2522187,0.0012505882,"TWOGAUSSIANS_WITH_ELLIPSOIDAL_ON_ECLIPSE1",9,33.618183,0.2522187,0.0012505882,0.29344842,0.02305075,0.5333677,0.019233301,0.75944054,0.005794816,0.2666252,0.039679702,0.32886094,0.010576823
375316653866487564,5854126809192678528,0.5046007,2292.599621149511,1.6882986906585407,1.1432851E-5,17.985628,0.00702678,0.22874543,0.0026050925,0.03877571,0.0027342127,0.5811874,0.041197967,0.74583805,0.011638254,0.06311566,0.013650032,0.11567548,0.019863918,null,null,null,null,"TWOGAUSSIANS",8,25.604069,0.22874543,0.0026050925,0.21714397,0.015311591,0.58118635,0.041198265,0.74583805,0.011638254,0.35344768,0.07644018,0.115674436,0.019865287
375316653866487564,5854126809192681344,0.4982402,2305.109460280423,2.515846228996641,9.615402E-6,18.53047,0.013388523,0.23788135,0.004906501,0.08567444,0.0067942603,0.29299238,0.015523748,0.71872413,0.0050213234,0.08174039,0.0075042956,0.3151406,0.012857793,null,null,null,null,"TWOGAUSSIANS",8,9.758465,0.71872413,0.0050213234,0.4,0.0,0.31018654,0.011364747,0.23788135,0.004906501,0.4,0.0,0.28803825,0.013845116
375316653866487564,5854126873552015360,0.6356538,2258.0799743383163,0.5396071485182073,3.68784E-6,17.566889,0.0015901083,0.19717118,0.0028566427,0.02207245,0.00173457,0.5312331,0.025004556,0.69760436,8.142226E-4,0.021683864,6.629009E-4,0.6254719,0.016710313,null,null,null,null,"TWOGAUSSIANS",8,3.2060547,0.69760436,8.142226E-4,0.121429645,0.003712245,0.6254719,0.016710313,0.19717118,0.0028566427,0.12360572,0.009713592,0.5312331,0.025004556
375316653866487564,5854127152741402112,0.51941,2301.5877513756427,2.396798177498393,7.0793562E-6,19.187792,0.017113114,0.23519729,0.0032786382,0.08543593,0.007124704,0.35135546,0.01618974,0.7403717,0.0020016667,0.08368364,0.003983275,0.3819145,0.01798376,null,null,null,null,"TWOGAUSSIANS",8,3.160383,0.7403717,0.0020016667,0.4,0.0,0.3734601,0.0151741095,0.23519729,0.0032786382,0.4,0.0,0.34290108,0.01466897
375316653866487564,5854127187149865856,0.5922736,2299.0278459623796,1.3748337806536546,1.7831568E-6,16.913158,0.0046458156,0.24818921,6.3801324E-4,0.053766362,0.0016430255,0.3620278,0.011954881,0.7515956,0.003251523,0.052322987,0.0033786816,0.078995995,0.011742955,0.05769085,0.0058868276,0.24818921,6.3801324E-4,"TWOGAUSSIANS_WITH_ELLIPSOIDAL_ON_ECLIPSE1",9,7.089512,0.24818921,6.3801324E-4,0.3010916,0.009200943,0.4774013,0.011692765,0.7515956,0.003251523,0.29300874,0.018920617,0.19431664,0.0037404818
