Gaia/vari_eclipsing_binary/VariEclipsingBinary_678378-678425.csv
# %ECSV 1.0
# ---
# delimiter: ','
# meta: !!omap
# - RELEASE: Gaia DR3
# - TABLE: vari_eclipsing_binary
# - DESCRIPTION: >
#     This table describes the properties of the eclipsing binaries resulting from the variability analysis. 
# - CITATION: >
#     How to cite and acknowledge Gaia: 
#     https://gea.esac.esa.int/archive/documentation/credits.html 
# - KNOWN_ISSUES: >
#     Known issues: 
#     https://www.cosmos.esa.int/web/gaia-users/known-issues 
# - DOCUMENTATION: >
#     Tutorials and documentation: 
#     https://www.cosmos.esa.int/web/gaia-users/archive 
# datatype:
# - 
#   name: solution_id
#   datatype: int64
#   description: Solution Identifier
#   meta:
#     ucd: meta.version
# - 
#   name: source_id
#   datatype: int64
#   description: Unique source identifier
#   meta:
#     ucd: meta.id;meta.main
# - 
#   name: global_ranking
#   datatype: float32
#   description: Number between 0 (worst) and 1 (best)
#   meta:
#     ucd: stat.param
# - 
#   name: reference_time
#   datatype: float64
#   unit: d
#   description: Reference time used for the geometric model fit
#   meta:
#     ucd: time.epoch
# - 
#   name: frequency
#   datatype: float64
#   unit: d**-1
#   description: Frequency of geometric model of the eclipsing binary light curve
#   meta:
#     ucd: src.orbital
# - 
#   name: frequency_error
#   datatype: float32
#   unit: d**-1
#   description: "Uncertainty of \\texttt{frequency}"
#   meta:
#     ucd: stat.error
# - 
#   name: geom_model_reference_level
#   datatype: float32
#   unit: mag
#   description: Magnitude reference level of geometric model
#   meta:
#     ucd: phot.mag;em.opt
# - 
#   name: geom_model_reference_level_error
#   datatype: float32
#   unit: mag
#   description: "Uncertainty of \\texttt{geomModelReferenceLevel}"
#   meta:
#     ucd: stat.error;phot.mag;em.opt
# - 
#   name: geom_model_gaussian1_phase
#   datatype: float32
#   description: Phase of the Gaussian 1 component
#   meta:
#     ucd: time.phase
# - 
#   name: geom_model_gaussian1_phase_error
#   datatype: float32
#   description: "Uncertainty of \\texttt{geomModelGaussian1Phase}"
#   meta:
#     ucd: stat.error;time.phase
# - 
#   name: geom_model_gaussian1_sigma
#   datatype: float32
#   description: "Standard deviation [phase] of Gaussian 1 component"
#   meta:
#     ucd: stat.stdev
# - 
#   name: geom_model_gaussian1_sigma_error
#   datatype: float32
#   description: "Uncertainty of \\texttt{geomModelGaussian1Sigma}"
#   meta:
#     ucd: stat.error
# - 
#   name: geom_model_gaussian1_depth
#   datatype: float32
#   unit: mag
#   description: Magnitude depth of Gaussian 1 component
#   meta:
#     ucd: src.var.amplitude
# - 
#   name: geom_model_gaussian1_depth_error
#   datatype: float32
#   unit: mag
#   description: "Uncertainty of \\texttt{geomModelGaussian1Depth}"
#   meta:
#     ucd: stat.error;src.var.amplitude
# - 
#   name: geom_model_gaussian2_phase
#   datatype: float32
#   description: Phase of Gaussian 2 component
#   meta:
#     ucd: time.phase
# - 
#   name: geom_model_gaussian2_phase_error
#   datatype: float32
#   description: "Uncertainty of \\texttt{geomModelGaussian2Phase}"
#   meta:
#     ucd: stat.error;time.phase
# - 
#   name: geom_model_gaussian2_sigma
#   datatype: float32
[...]
#   datatype: float32
#   description: "Secondary eclipse: uncertainty of \\texttt{derivedSecondaryEclDuration}"
#   meta:
#     ucd: stat.error;time.duration
# - 
#   name: derived_secondary_ecl_depth
#   datatype: float32
#   unit: mag
#   description: "Secondary eclipse: depth"
#   meta:
#     ucd: src.var.amplitude
# - 
#   name: derived_secondary_ecl_depth_error
#   datatype: float32
#   unit: mag
#   description: "Secondary eclipse: uncertainty of \\texttt{derivedSecondaryEclDepth}"
#   meta:
#     ucd: stat.error;src.var.amplitude
solution_id,source_id,global_ranking,reference_time,frequency,frequency_error,geom_model_reference_level,geom_model_reference_level_error,geom_model_gaussian1_phase,geom_model_gaussian1_phase_error,geom_model_gaussian1_sigma,geom_model_gaussian1_sigma_error,geom_model_gaussian1_depth,geom_model_gaussian1_depth_error,geom_model_gaussian2_phase,geom_model_gaussian2_phase_error,geom_model_gaussian2_sigma,geom_model_gaussian2_sigma_error,geom_model_gaussian2_depth,geom_model_gaussian2_depth_error,geom_model_cosine_half_period_amplitude,geom_model_cosine_half_period_amplitude_error,geom_model_cosine_half_period_phase,geom_model_cosine_half_period_phase_error,model_type,num_model_parameters,reduced_chi2,derived_primary_ecl_phase,derived_primary_ecl_phase_error,derived_primary_ecl_duration,derived_primary_ecl_duration_error,derived_primary_ecl_depth,derived_primary_ecl_depth_error,derived_secondary_ecl_phase,derived_secondary_ecl_phase_error,derived_secondary_ecl_duration,derived_secondary_ecl_duration_error,derived_secondary_ecl_depth,derived_secondary_ecl_depth_error
[from data line 216]
375316653866487564,5967304007741701504,0.5455898,2247.2999876542162,1.060684362845305,9.148705E-6,18.341263,0.0080079,0.24677141,0.008911228,0.035261866,0.011261783,0.069742456,0.009502327,0.75301385,0.010395033,0.036383737,0.014983354,0.45580858,0.46810204,null,null,null,null,"TWOGAUSSIANS",8,3.0170288,0.75301385,0.010395033,0.20374894,0.083906785,0.45580858,0.46810204,0.24677141,0.008911228,0.19746645,0.06306598,0.069742456,0.009502327
375316653866487564,5967304076461209344,0.42648593,2263.117581531493,0.40446135899970337,6.880246E-5,16.796415,0.0068827495,0.3702878,0.014458069,0.15172623,0.044905994,0.068005845,0.015520816,0.89835656,0.0041856375,0.010266564,0.0028839558,0.031374477,0.006736934,null,null,null,null,"TWOGAUSSIANS",8,8.072153,0.3702878,0.014458069,0.4,0.0,0.06737761,0.017547496,0.8983766,0.0041782446,0.057492755,0.016150152,0.031444784,0.0068743727
375316653866487564,5967304140884694528,0.4128494,2241.5270842649834,2.840422461023863,1.2845159E-4,18.499346,0.006000058,0.1295448,0.01594467,0.037689622,0.03075179,0.060328063,0.033688344,0.63610756,0.012829207,0.06302063,0.033514515,0.071673304,0.018274747,null,null,null,null,"TWOGAUSSIANS",8,3.7535305,0.63610756,0.012829207,0.35291556,0.13197489,0.07167289,0.01830173,0.1295448,0.01594467,0.21106188,0.17221002,0.060327645,0.033703268
375316653866487564,5967304351364309504,0.54639596,2263.7071404119724,3.6112783976932983,1.773458E-5,16.148678,0.7243212,0.16962157,0.0077400324,0.15013652,0.060904548,0.25120434,0.59939456,0.6565244,0.0070272484,0.1559918,0.08159431,0.2440398,0.66474485,null,null,null,null,"TWOGAUSSIANS",8,7.5913343,0.17106158,0.0044063088,0.4,0.0,0.1327169,0.0050112354,0.6565244,0.0070272484,0.4,0.0,0.124617904,0.004345556
375316653866487564,5967304420058601472,0.5133498,2266.6576586653564,3.8068297813828154,1.869598E-5,18.843971,0.02146853,0.2770066,0.006049088,0.097140305,0.012633064,0.21944343,0.020454274,0.7779678,0.0077791396,0.1048864,0.017616346,0.17770049,0.018929059,null,null,null,null,"TWOGAUSSIANS",8,1.5570372,0.2770066,0.006049088,0.4,0.0,0.20131718,0.016121969,0.7779678,0.0077791396,0.4,0.0,0.15957089,0.013538977
375316653866487564,5967304523137851520,0.45881605,2271.0177210111297,1.4006412481684143,3.670343E-5,18.018024,0.005268216,0.19772922,0.0017324953,0.023436025,0.0013698154,0.16080028,0.0103943255,0.70694387,0.025170848,0.03503725,0.023265356,0.17550033,0.08478528,null,null,null,null,"TWOGAUSSIANS",8,8.420358,0.70694387,0.025170848,0.1962086,0.130286,0.17550033,0.08478528,0.19772922,0.0017324953,0.13124174,0.0076709664,0.16080028,0.0103943255
375316653866487564,5967304866740360832,0.4881605,2255.1070114208483,2.5024112215159935,4.8787733E-5,16.463444,0.00357313,null,null,null,null,null,null,null,null,null,null,null,null,0.054715395,0.003974614,0.26294586,0.0070348666,"ELLIPSOIDAL",4,21.686678,null,null,null,null,null,null,null,null,null,null,null,null
375316653866487564,5967305038539054976,0.47952253,2250.9248444230225,3.199135892906783,4.984028E-5,19.326092,0.015297651,0.3078576,0.005512195,0.06455096,0.013798395,0.32737875,0.1315033,0.81015426,0.014831625,0.083711304,0.015888274,0.15083998,0.020210544,null,null,null,null,"TWOGAUSSIANS",8,2.8046968,0.3078576,0.005512195,0.36148536,0.07146633,0.32604623,0.1327575,0.81015426,0.014831625,0.4,0.0,0.14950745,0.01921829
375316653866487564,5967305206035196672,0.5273216,2283.6507307426905,0.4639795501641308,1.1217402E-6,15.383864,8.8207953E-4,0.2689841,2.600704E-6,0.007223179,3.9480667E-5,0.14931118,8.831908E-4,null,null,null,null,null,null,null,null,null,null,"ONEGAUSSIAN",5,8.1390295,0.2689841,2.600704E-6,0.040449806,2.2109173E-4,0.14931118,0.0,null,null,null,null,null,null
375316653866487564,5967307336339501952,0.579794,2259.285510375813,2.9263575046440278,4.5563676E-5,17.764893,0.003922497,0.30523482,0.01756219,0.06533376,0.015676811,0.14155354,0.31415108,0.8093167,0.0062130117,0.02173245,0.002249749,0.70528454,0.14592622,null,null,null,null,"TWOGAUSSIANS",8,3.4396236,0.8093167,0.0062130117,0.12170172,0.012598595,0.70528454,0.14592612,0.30523482,0.01756219,0.36586905,0.08779015,0.14155352,0.3141511
375316653866487564,5967308268354743680,0.47469,2250.0538392387734,0.5296151631215732,3.8506805E-5,17.394203,0.0039647603,0.22636566,0.008060907,0.03564265,0.00512407,0.23953487,0.033751387,0.7194568,0.021179289,0.06028968,0.011057455,0.11906077,0.02304986,null,null,null,null,"TWOGAUSSIANS",8,15.555472,0.22636566,0.008060907,0.19959885,0.028694794,0.23953462,0.0337514,0.7194568,0.021179289,0.3376222,0.06192175,0.11906052,0.023049675
375316653866487564,5967308951251236224,0.49579066,2216.142617295414,4.783250810529026,4.7863712E-5,18.685186,0.007016869,0.45304587,0.017155118,0.14684361,0.014059887,0.27125746,0.013912362,0.71349955,0.028020376,0.07702186,0.017815188,0.10289605,0.091788255,null,null,null,null,"TWOGAUSSIANS",8,3.022863,0.45428586,0.016418353,0.4,0.0,0.2694423,0.01263845,0.71349955,0.028020376,0.4,0.060688235,0.15700057,0.08738769
375316653866487564,5967309191774302976,0.47887284,2279.359944542872,4.5224879084718,1.5999294E-5,18.59316,0.01148136,0.1821582,0.001428177,0.017710611,7.634096E-4,4.1668444,0.8175272,0.512585,0.0140544735,0.02330434,0.022228664,0.38269928,0.7982205,null,null,null,null,"TWOGAUSSIANS",8,14.40027,0.1821582,0.001428177,0.09917942,0.004275094,4.1668444,0.8175272,0.512585,0.0140544735,0.13050431,0.12448052,0.38269928,0.7982205
375316653866487564,5967309604082305792,0.5453396,2276.5786183576615,0.4030439015816864,2.5723895E-5,14.163401,9.971132E-4,0.2511781,0.005389415,0.03772323,0.0063059195,0.03486975,0.00449541,null,null,null,null,null,null,0.01948614,0.0012779592,0.2511781,0.005389415,"ONEGAUSSIAN_WITH_ELLIPSOIDAL",6,16.130066,0.2511781,0.005389415,0.21125008,0.035313148,0.07384198,0.0032520157,null,null,null,null,null,null
375316653866487564,5967310433046472704,0.6362296,2287.4639191994174,2.181079341516489,6.798229E-6,16.038929,0.011385152,0.24574065,0.0013852941,0.0934627,0.003561465,0.4493211,0.01474891,0.7521171,0.0019018474,0.10074355,0.0044136294,0.39415553,0.0109845605,null,null,null,null,"TWOGAUSSIANS",8,14.543762,0.24574065,0.0013852941,0.4,0.0,0.42132863,0.015484515,0.7521171,0.0019018474,0.4,0.0,0.36615998,0.008981201
375316653866487564,5967311051515319552,0.5380255,2252.565778685627,0.38979552147159235,1.6200192E-5,19.22184,0.006133542,0.15420406,0.024024544,0.042326547,0.033141755,0.5333561,0.57076,0.68770164,9.692204E-4,0.024924766,7.504792E-4,0.37805137,0.0069272593,null,null,null,null,"TWOGAUSSIANS",8,1.47833,0.15420406,0.024024544,0.23702866,0.18559383,0.5333561,0.5707601,0.68770164,9.692204E-4,0.13957869,0.0042026835,0.37805137,0.0069272104
375316653866487564,5967311120215264512,0.5338695,2255.5296172477556,1.7764518440965276,1.7139751E-5,18.25886,0.005733291,0.406384,0.007049169,0.028336702,0.0052693365,0.7356012,0.15947194,0.6925247,0.10022351,0.013100525,0.038736463,0.053834967,3.55816346E9,null,null,null,null,"TWOGAUSSIANS",8,15.116918,0.406384,0.007049169,0.15868554,0.029508283,0.7356012,0.15947194,0.6925247,0.10022351,0.07336295,0.21692418,0.053834967,3.55816346E9
375316653866487564,5967311738710103552,0.51435304,2258.2816811428643,2.0797643574467823,3.08765E-5,16.175138,0.017736401,0.14651063,0.0062209107,0.10868841,0.021662874,0.094331,0.016152624,0.64125204,0.0060957307,0.102980465,0.01671409,0.0965259,0.017234975,null,null,null,null,"TWOGAUSSIANS",8,9.51047,0.64125204,0.0060957307,0.4,0.0,0.085488886,0.00782711,0.14651063,0.006228458,0.4,0.0,0.08329059,0.006156544
375316653866487564,5967311807408259840,0.6125689,2250.310260951023,2.470820327775525,4.4127783E-6,18.368479,0.010629855,0.2256727,0.0016846289,0.046572275,0.0038038907,0.3580288,0.04383746,0.71719116,0.0037187606,0.0528273,0.0046071257,0.3052591,0.034891218,0.13039069,0.018600615,0.2256727,0.0016846289,"TWOGAUSSIANS_WITH_ELLIPSOIDAL_ON_ECLIPSE1",9,3.2482545,0.2256727,0.0016846289,0.26080474,0.02130179,0.6188072,0.040878028,0.71853113,0.0029423228,0.29583287,0.025799902,0.56541455,0.023611268
375316653866487564,5967311841789283072,0.65769875,2264.8924435568606,0.32401797432117574,4.7204252E-5,17.265682,0.0020814072,0.21934566,0.0039569223,0.011874135,0.001563778,0.8147713,0.19248551,0.69874537,0.081261046,0.041421235,0.04250097,0.032012995,0.022790274,null,null,null,null,"TWOGAUSSIANS",8,2.4843142,0.21934566,0.0039569223,0.06649515,0.008757157,0.8147713,0.19248551,0.69874537,0.081261046,0.23195891,0.16800627,0.032012995,0.022790274
375316653866487564,5967312284151993856,0.5109108,2228.2364785976397,4.684938227780716,1.3970317E-4,19.219421,0.0068089766,0.43688706,3.3915017E-4,0.022579003,0.0010148813,0.5347194,0.0015741567,0.77391845,0.032432605,0.051481802,0.01349351,0.087955356,0.065574,null,null,null,null,"TWOGAUSSIANS",8,2.6782467,0.43688706,3.3915017E-4,0.12644242,0.005683335,0.5347194,0.0015741573,0.77391845,0.032432605,0.2882981,0.075563654,0.087955356,0.065574
375316653866487564,5967313387956711168,0.538863,2250.064040468436,1.5530625098468662,2.1829492E-5,19.390532,0.017728668,0.23731595,0.009405791,0.08772458,0.01485422,0.22832929,0.04884097,0.740486,0.0031845986,0.07622275,0.0069977012,0.49871385,0.019812612,null,null,null,null,"TWOGAUSSIANS",8,3.308262,0.740486,0.0031845986,0.4,0.0,0.4928859,0.020152338,0.23731595,0.009405791,0.4,0.0,0.22250128,0.05129519
375316653866487564,5967314109507838208,0.5123477,2230.3639550462426,3.7821648271407065,1.1685314E-5,19.447897,0.003399255,null,null,null,null,null,null,null,null,null,null,null,null,0.117686726,0.0062138177,0.23061645,0.002527961,"ELLIPSOIDAL",4,1.4307057,null,null,null,null,null,null,null,null,null,null,null,null
375316653866487564,5967314453105287552,0.4430417,2230.096977370254,1.7569455272984034,4.381131E-5,19.358109,0.1272904,0.29343966,0.010796278,0.07821161,0.03611398,0.16744453,0.11368067,0.8250123,0.06422813,0.059798546,0.11138253,0.14695628,0.13773622,null,null,null,null,"TWOGAUSSIANS",8,2.8123891,0.29343966,0.008623365,0.4,0.0,0.16725619,0.026142826,0.8250123,0.06422813,0.33487186,0.111502394,0.14676796,0.047321152
375316653866487564,5967314551885667712,0.56865686,2225.0263189658367,2.303986318015231,1.0566107E-5,17.842463,0.009719211,0.22382933,0.0034661333,0.08608028,0.006093869,0.32999697,0.010328139,0.7256201,0.0026137922,0.08530172,0.004277864,0.29199192,0.012343396,null,null,null,null,"TWOGAUSSIANS",8,4.0651517,0.22382933,0.0034661333,0.4,0.0,0.3214565,0.009327519,0.7256201,0.0026137922,0.4,0.0,0.28345147,0.011415942
375316653866487564,5967316342914333952,0.5882296,2232.638895918224,0.4446806539059357,7.0177325E-6,14.289683,6.7092606E-4,0.33236414,0.001196997,0.017613413,0.0028228783,0.19326843,0.19130851,0.8390239,0.003908091,0.023682138,0.0022180807,0.023253627,0.0016955986,null,null,null,null,"TWOGAUSSIANS",8,9.002366,0.33236414,0.001196997,0.09863511,0.015808119,0.19326843,0.19130851,0.8390239,0.003908091,0.13261998,0.012421252,0.023253627,0.0016955986
375316653866487564,5967316853990523520,0.5745321,2200.983233703523,3.9709353203549953,8.936879E-5,18.71604,0.002951492,0.1487462,0.014519099,0.052959003,0.013434944,0.050226763,0.008168767,0.49274507,0.09386361,0.039066937,0.029072123,0.4446726,0.4074184,null,null,null,null,"TWOGAUSSIANS",8,0.9811995,0.49274507,0.09386361,0.21877484,0.16280389,0.4446726,0.40741742,0.1487462,0.014519099,0.29657042,0.07523569,0.050226763,0.008168767
375316653866487564,5967316888357010304,0.40651503,2201.6740469980855,1.768015422718296,4.096999E-5,19.622349,0.032093503,0.084948584,0.016766002,0.033203956,0.00690726,0.14494818,0.06701579,0.7884193,0.05247932,0.11498319,0.07263802,0.18291879,0.1234621,null,null,null,null,"TWOGAUSSIANS",8,4.6400366,0.7884193,0.05247932,0.4,0.1363804,0.18289013,0.12348742,0.08379859,0.015953824,0.18594216,0.038680658,0.15158194,0.067905866
375316653866487564,5967317609903178880,0.4929903,2229.5192215861393,0.4976371510637836,3.6448295E-5,17.40592,0.001791483,0.69288975,0.0045729796,0.030301245,0.0031659482,0.08170476,0.006948067,null,null,null,null,null,null,0.018530404,0.0026141454,0.69288975,0.0045729796,"ONEGAUSSIAN_WITH_ELLIPSOIDAL",6,2.8844056,0.69288975,0.0045729796,0.16968697,0.01772931,0.118765555,0.005265576,null,null,null,null,null,null
375316653866487564,5967317781702118144,0.5144364,2243.899017849813,3.88573161089465,1.7152986E-5,18.232712,0.007386357,0.19852452,0.004191728,0.07280558,0.005736247,0.30378678,0.04432442,0.68702394,0.008209686,0.07106713,0.007200775,0.20520501,0.020494165,null,null,null,null,"TWOGAUSSIANS",8,5.351897,0.19852452,0.004191728,0.4,0.0094684325,0.302887,0.044683103,0.68702394,0.008209686,0.39797595,0.029946882,0.2043052,0.020428644
375316653866487564,5967318404475657344,0.5787716,2233.066052716761,2.8412566141387097,1.40175325E-5,19.244267,0.012554527,0.23277111,0.0037198407,0.041486233,0.006875617,0.45428333,0.037366167,0.72807175,0.015830502,0.036045194,0.037531473,0.39880085,0.23463526,0.1300976,0.017990958,0.23277111,0.0037198407,"TWOGAUSSIANS_WITH_ELLIPSOIDAL_ON_ECLIPSE1",9,4.273075,0.23277111,0.0037198407,0.2323229,0.038503453,0.7144781,0.032244466,0.7283618,0.011828596,0.2018531,0.1958568,0.658783,0.23970814
375316653866487564,5967318404475743872,0.4423338,2224.135829182919,2.0457873025850017,5.7569978E-5,18.001123,0.01126145,0.20136721,0.01264751,0.06300128,0.011610161,0.1369987,0.009392521,0.7121131,0.011276686,0.0841383,0.017215189,0.1383933,0.030173397,null,null,null,null,"TWOGAUSSIANS",8,14.526114,0.7121131,0.011276686,0.4,0.0,0.13773412,0.030663563,0.20136721,0.01264751,0.35280716,0.059394326,0.13633953,0.008698619
375316653866487564,5967318503255970176,0.5269475,2255.5038286226977,0.08882386624798669,1.0808786E-6,18.262814,0.0059756814,0.45847264,8.5987085E-6,0.0017422957,3.693665E-5,2.021831,0.10957347,0.17749366,0.020865783,0.050919175,0.01781225,0.049181774,0.011468796,null,null,null,null,"TWOGAUSSIANS",8,6.436873,0.45847264,8.5987085E-6,0.009756856,2.0684523E-4,2.021831,0.10957344,0.17749366,0.020865783,0.28514737,0.099748604,0.049181774,0.011468796
375316653866487564,5967318748073097344,0.5665382,2241.284168266272,0.7879843902627967,8.738209E-5,18.504498,0.0024509346,0.33773252,0.0038532855,0.03996681,0.0067328336,0.4036267,0.09448688,0.5353309,5.0573016E-4,0.0039071026,8.246828E-4,0.015953228,0.002797567,null,null,null,null,"TWOGAUSSIANS",8,1.4604114,0.33773252,0.0038532855,0.22381413,0.037703868,0.4036267,0.09448688,0.5353309,5.0573016E-4,0.021879775,0.0046182238,0.015955213,0.0027988676
375316653866487564,5967318778134100864,0.64757776,2214.507056764641,2.182928441560223,5.538E-6,15.940632,0.0040361104,0.26214612,0.0014170122,0.07923903,0.0022818767,0.4161984,0.018387217,0.76495165,0.0021861782,0.07841264,0.0022002398,0.4281062,0.006323606,null,null,null,null,"TWOGAUSSIANS",8,14.571512,0.76495165,0.0021861782,0.4,0.0,0.42288688,0.0061287326,0.26214612,0.0014170122,0.4,0.0,0.41097906,0.018820314
375316653866487564,5967318949933013248,0.55680287,2243.3775357728787,1.256938471617213,2.410559E-6,18.33786,0.0031232128,0.25808328,2.6808726E-4,0.0020205346,2.510184E-4,0.34779364,0.011248554,0.8217467,0.04130749,0.050673597,0.04104236,0.017499609,0.0100345025,null,null,null,null,"TWOGAUSSIANS",8,2.0143223,0.25808328,2.6808726E-4,0.011314995,0.0014057031,0.34779364,0.011248554,0.8217467,0.04130749,0.28377214,0.22983724,0.017499609,0.0100345025
375316653866487564,5967319774563151744,0.7071024,2219.8339283651117,0.10331647059236601,4.762432E-5,12.508476,9.657519E-4,0.46873873,0.010470288,0.007982588,0.007510578,0.60550594,5.8858876,0.93677205,0.012970402,0.012736541,0.008796475,0.5269737,0.64098865,null,null,null,null,"TWOGAUSSIANS",8,45.769997,0.46873873,0.010470288,0.044702493,0.042059235,0.60550594,5.8858876,0.93677205,0.012970402,0.07132463,0.04926026,0.5269737,0.64098865
