Gaia/vari_eclipsing_binary/VariEclipsingBinary_479174-479237.csv
# %ECSV 1.0
# ---
# delimiter: ','
# meta: !!omap
# - RELEASE: Gaia DR3
# - TABLE: vari_eclipsing_binary
# - DESCRIPTION: >
#     This table describes the properties of the eclipsing binaries resulting from the variability analysis. 
# - CITATION: >
#     How to cite and acknowledge Gaia: 
#     https://gea.esac.esa.int/archive/documentation/credits.html 
# - KNOWN_ISSUES: >
#     Known issues: 
#     https://www.cosmos.esa.int/web/gaia-users/known-issues 
# - DOCUMENTATION: >
#     Tutorials and documentation: 
#     https://www.cosmos.esa.int/web/gaia-users/archive 
# datatype:
# - 
#   name: solution_id
#   datatype: int64
#   description: Solution Identifier
#   meta:
#     ucd: meta.version
# - 
#   name: source_id
#   datatype: int64
#   description: Unique source identifier
#   meta:
#     ucd: meta.id;meta.main
# - 
#   name: global_ranking
#   datatype: float32
#   description: Number between 0 (worst) and 1 (best)
#   meta:
#     ucd: stat.param
# - 
#   name: reference_time
#   datatype: float64
#   unit: d
#   description: Reference time used for the geometric model fit
#   meta:
#     ucd: time.epoch
# - 
#   name: frequency
#   datatype: float64
#   unit: d**-1
#   description: Frequency of geometric model of the eclipsing binary light curve
#   meta:
#     ucd: src.orbital
# - 
#   name: frequency_error
#   datatype: float32
#   unit: d**-1
#   description: "Uncertainty of \\texttt{frequency}"
#   meta:
#     ucd: stat.error
# - 
#   name: geom_model_reference_level
#   datatype: float32
#   unit: mag
#   description: Magnitude reference level of geometric model
#   meta:
#     ucd: phot.mag;em.opt
# - 
#   name: geom_model_reference_level_error
#   datatype: float32
#   unit: mag
#   description: "Uncertainty of \\texttt{geomModelReferenceLevel}"
#   meta:
#     ucd: stat.error;phot.mag;em.opt
# - 
#   name: geom_model_gaussian1_phase
#   datatype: float32
#   description: Phase of the Gaussian 1 component
#   meta:
#     ucd: time.phase
# - 
#   name: geom_model_gaussian1_phase_error
#   datatype: float32
#   description: "Uncertainty of \\texttt{geomModelGaussian1Phase}"
#   meta:
#     ucd: stat.error;time.phase
# - 
#   name: geom_model_gaussian1_sigma
#   datatype: float32
#   description: "Standard deviation [phase] of Gaussian 1 component"
#   meta:
#     ucd: stat.stdev
# - 
#   name: geom_model_gaussian1_sigma_error
#   datatype: float32
#   description: "Uncertainty of \\texttt{geomModelGaussian1Sigma}"
#   meta:
#     ucd: stat.error
# - 
#   name: geom_model_gaussian1_depth
#   datatype: float32
#   unit: mag
#   description: Magnitude depth of Gaussian 1 component
#   meta:
#     ucd: src.var.amplitude
# - 
#   name: geom_model_gaussian1_depth_error
#   datatype: float32
#   unit: mag
#   description: "Uncertainty of \\texttt{geomModelGaussian1Depth}"
#   meta:
#     ucd: stat.error;src.var.amplitude
# - 
#   name: geom_model_gaussian2_phase
#   datatype: float32
#   description: Phase of Gaussian 2 component
#   meta:
#     ucd: time.phase
# - 
#   name: geom_model_gaussian2_phase_error
#   datatype: float32
#   description: "Uncertainty of \\texttt{geomModelGaussian2Phase}"
#   meta:
#     ucd: stat.error;time.phase
# - 
#   name: geom_model_gaussian2_sigma
#   datatype: float32
[...]
#   datatype: float32
#   description: "Secondary eclipse: uncertainty of \\texttt{derivedSecondaryEclDuration}"
#   meta:
#     ucd: stat.error;time.duration
# - 
#   name: derived_secondary_ecl_depth
#   datatype: float32
#   unit: mag
#   description: "Secondary eclipse: depth"
#   meta:
#     ucd: src.var.amplitude
# - 
#   name: derived_secondary_ecl_depth_error
#   datatype: float32
#   unit: mag
#   description: "Secondary eclipse: uncertainty of \\texttt{derivedSecondaryEclDepth}"
#   meta:
#     ucd: stat.error;src.var.amplitude
solution_id,source_id,global_ranking,reference_time,frequency,frequency_error,geom_model_reference_level,geom_model_reference_level_error,geom_model_gaussian1_phase,geom_model_gaussian1_phase_error,geom_model_gaussian1_sigma,geom_model_gaussian1_sigma_error,geom_model_gaussian1_depth,geom_model_gaussian1_depth_error,geom_model_gaussian2_phase,geom_model_gaussian2_phase_error,geom_model_gaussian2_sigma,geom_model_gaussian2_sigma_error,geom_model_gaussian2_depth,geom_model_gaussian2_depth_error,geom_model_cosine_half_period_amplitude,geom_model_cosine_half_period_amplitude_error,geom_model_cosine_half_period_phase,geom_model_cosine_half_period_phase_error,model_type,num_model_parameters,reduced_chi2,derived_primary_ecl_phase,derived_primary_ecl_phase_error,derived_primary_ecl_duration,derived_primary_ecl_duration_error,derived_primary_ecl_depth,derived_primary_ecl_depth_error,derived_secondary_ecl_phase,derived_secondary_ecl_phase_error,derived_secondary_ecl_duration,derived_secondary_ecl_duration_error,derived_secondary_ecl_depth,derived_secondary_ecl_depth_error
[from data line 111]
375316653866487564,4214968651044100224,0.46216574,2137.913741119064,3.815590588240301,1.7817756E-5,18.893711,0.12434924,0.22193395,0.011912169,0.12500955,0.08053239,0.13129827,0.11938635,0.7038963,0.0070638205,0.09981146,0.026416421,0.16497283,0.10327004,null,null,null,null,"TWOGAUSSIANS",8,2.1340964,0.7038963,0.0070638205,0.4,0.0,0.14488547,0.009146138,0.22194394,0.011829389,0.4,0.0,0.11111033,0.01708
375316653866487564,4214968685392734848,0.5869971,2099.0333910146974,0.3431845861040559,5.093686E-6,18.223413,0.002207038,0.21802069,0.0038880883,0.015039082,0.001538297,0.72548676,0.2699347,0.7038558,7.653984E-4,0.007260904,0.004686149,0.24904779,2.211746,0.049514253,0.0029315476,0.21802069,0.0038880883,"TWOGAUSSIANS_WITH_ELLIPSOIDAL_ON_ECLIPSE1",9,1.258688,0.21802069,0.0038880883,0.08421886,0.008614464,0.8245152,0.27120194,0.7038758,8.6457015E-4,0.040661063,0.026242433,0.3472952,2.2115977
375316653866487564,4214969720492152832,0.5315195,2120.776189691898,3.494171733749416,2.097627E-5,14.858733,0.2840744,0.2420781,0.007182097,0.13761202,0.09139094,0.2086282,0.27732593,0.74479866,0.005635923,0.119466096,0.037389006,0.25791702,0.24273685,null,null,null,null,"TWOGAUSSIANS",8,77.66112,0.7448587,0.005555846,0.4,0.0,0.19097397,0.008196377,0.2420581,0.0072389897,0.4,0.0,0.14119802,0.0119240265
375316653866487564,4214971365452273792,0.5103816,2106.357979104251,0.03869401068253434,1.863107E-5,18.016373,0.0016267208,0.3674583,0.005452198,0.035491753,0.01033666,0.21550441,0.03387756,0.8372418,0.006259588,0.038824037,0.010116441,0.2313364,0.05648899,null,null,null,null,"TWOGAUSSIANS",8,2.3051283,0.8372418,0.006259588,0.2174146,0.056652073,0.2313364,0.05648899,0.3674583,0.005452198,0.19875382,0.057885297,0.21550441,0.03387756
375316653866487564,4214971743409701632,0.59054935,2095.9662564661694,1.4979212419897554,1.5153906E-5,17.684694,0.004788472,0.29192793,0.011655222,0.01852919,0.011325333,0.08082929,0.4258881,0.7752441,0.0049058697,0.046086628,0.0046168845,0.445242,0.015738368,0.021959534,0.007282554,0.29192793,0.011655222,"TWOGAUSSIANS_WITH_ELLIPSOIDAL_ON_ECLIPSE1",9,9.480549,0.77551407,0.00476088,0.2580851,0.025854552,0.4886879,0.01580917,0.29192793,0.011655222,0.10376346,0.06342187,0.12474831,0.42515185
375316653866487564,4214974977535749376,0.5015898,2147.234466651017,2.682614076480772,3.3262935E-5,17.690004,0.0032537878,0.35192582,0.008784836,0.0335718,0.03061426,0.8397637,0.7525962,null,null,null,null,null,null,null,null,null,null,"ONEGAUSSIAN",5,1.6649072,0.35192582,0.008784836,0.18800206,0.17143986,0.8397637,0.0,null,null,null,null,null,null
375316653866487564,4214975011892116992,0.57277846,2127.8434628032373,3.9206886273606245,1.0895011E-5,18.176027,0.0074926196,0.27618057,0.0028615925,0.044425778,0.0043571535,0.23502125,0.04899711,0.77379954,0.011439639,0.038232848,0.012121133,0.27263898,0.094271466,0.13890906,0.020722369,0.27618057,0.0028615925,"TWOGAUSSIANS_WITH_ELLIPSOIDAL_ON_ECLIPSE1",9,6.5799294,0.7740495,0.011092917,0.21410395,0.06787834,0.55040115,0.09613789,0.27618057,0.0028615925,0.24878435,0.024400061,0.5128391,0.04601318
375316653866487564,4214975454261812992,0.4745743,2109.9583755452572,0.29334628875570173,2.0625195E-5,19.342457,0.0548105,0.49330395,0.0032089367,0.022861453,0.0052510328,0.32623878,0.052184302,0.8130287,0.053210713,0.066898085,0.068533964,0.17306447,0.05309976,null,null,null,null,"TWOGAUSSIANS",8,5.671448,0.49330395,0.0031968583,0.12802413,0.029405782,0.3262407,0.05338401,0.8130287,0.053210713,0.3746293,0.11194275,0.17306447,0.053098965
375316653866487564,4214976798598217984,0.5209006,2130.905573835865,0.9156153559803477,3.511585E-5,10.186775,0.005899923,0.19836341,0.005388912,0.03186722,0.0062143537,0.10100349,0.015892135,0.6872034,0.010102704,0.030148674,0.0413186,0.010867026,0.013686481,0.033137042,0.00889931,0.6872034,0.010102704,"TWOGAUSSIANS_WITH_ELLIPSOIDAL_ON_ECLIPSE2",9,159.03487,0.19780341,0.004733768,0.17845644,0.03480038,0.1669683,0.013273011,0.6872034,0.010102704,0.16883257,0.23138416,0.07714097,0.0076715113
375316653866487564,4214977966829378176,0.5381251,2133.3614348283186,1.8753281600200262,2.3519784E-5,17.715075,0.015607646,0.2415052,0.0060454994,0.08082609,0.016795494,0.18324189,0.021546206,0.75325596,0.0046174964,0.10669376,0.017022878,0.10230068,0.014485769,null,null,null,null,"TWOGAUSSIANS",8,1.544113,0.2415052,0.0060451827,0.4,0.0,0.17704234,0.030361446,0.75325596,0.0046174964,0.4,0.0,0.0960972,0.0064711706
375316653866487564,4214978069908631808,0.48350713,2114.292178509514,0.16698006790435782,1.8504274E-5,17.09845,0.002867575,0.2562994,0.004402217,0.06923531,0.0043244595,0.110924155,0.0088286875,0.7357822,0.007717784,0.017116314,0.011506521,0.06944175,0.022099322,null,null,null,null,"TWOGAUSSIANS",8,6.3087935,0.2562994,0.004402217,0.38771772,0.024216974,0.11092415,0.008828688,0.7357822,0.007717784,0.09585136,0.06443652,0.06944174,0.02209939
375316653866487564,4214979753522233984,0.63974327,2118.7959410783233,3.188057789761876,6.7588066E-6,17.496424,0.00636096,0.26984605,0.0019102633,0.07941496,0.0020922064,0.50993997,0.010435843,0.775417,0.0015406306,0.07536445,0.002331973,0.48784292,0.011813242,null,null,null,null,"TWOGAUSSIANS",8,4.065882,0.26984605,0.0019102633,0.4,0.0,0.5051287,0.010046647,0.775417,0.0015406306,0.4,0.0,0.48303157,0.011651026
375316653866487564,4214980127186655616,0.5552311,2138.4189486828013,3.5770959944929452,9.254195E-6,19.031979,0.007214812,0.25925663,0.0022833254,0.0408065,0.004279508,0.35126954,0.07737786,null,null,null,null,null,null,0.16273445,0.0104699945,0.25925663,0.0022833254,"ONEGAUSSIAN_WITH_ELLIPSOIDAL",6,3.9674888,0.25925663,0.0022833254,0.22851638,0.023965243,0.67673767,0.07654819,null,null,null,null,null,null
375316653866487564,4214980543795949440,0.59940684,2122.672898311453,3.499385688735707,6.0193097E-6,18.728237,0.01662712,0.28851193,0.0020038246,0.047039375,0.0050366526,0.4328713,0.03235212,0.7853739,0.0022362713,0.04623475,0.0038399603,0.48588234,0.038888548,0.10787043,0.022158658,0.28851193,0.0020038246,"TWOGAUSSIANS_WITH_ELLIPSOIDAL_ON_ECLIPSE1",9,4.0474324,0.7855939,0.0020480454,0.25891462,0.021503778,0.7015445,0.024904598,0.28851193,0.0020038246,0.2634205,0.028205255,0.64861155,0.02384052
375316653866487564,4214983734958518400,0.58185184,2172.2539413953396,2.500625801372092,8.749735E-6,17.801409,0.010357564,0.27248096,0.0043782117,0.075186364,0.00404557,0.46566015,0.016960781,0.7665922,0.0028946153,0.0792187,0.005980717,0.4570252,0.031691246,null,null,null,null,"TWOGAUSSIANS",8,9.227198,0.27248096,0.0043782117,0.4,0.0,0.46135718,0.01643246,0.7665922,0.0028946153,0.4,0.0,0.4527222,0.032841105
375316653866487564,4214986797282825088,0.44649556,2198.606591052953,0.08555764199237544,3.4092303E-5,17.234812,0.003863246,0.15551051,0.0037017306,0.04496015,0.0057904306,0.08360365,0.012345663,0.62835145,0.0073064575,0.045719136,0.009715934,0.18169959,0.12859064,null,null,null,null,"TWOGAUSSIANS",8,5.8356495,0.62835145,0.0073064575,0.25602716,0.054409232,0.18169957,0.12859067,0.15551051,0.0037017306,0.25177684,0.03242641,0.083603635,0.0123456735
375316653866487564,4214987484477356160,0.52981657,2153.2178062994176,3.3098592005557212,2.1263888E-5,16.435072,0.8286679,0.21332201,0.008438452,0.13063177,0.1587891,0.22228792,0.8153786,0.7220723,0.0062278206,0.10756499,0.042646285,0.3153023,0.40070963,null,null,null,null,"TWOGAUSSIANS",8,35.41357,0.7221523,0.00546263,0.4,0.0,0.2631854,0.019719986,0.21330202,0.008533266,0.4,0.0,0.16988277,0.024734154
375316653866487564,4214988270444471168,0.6199111,2169.5872094907168,2.656355808532448,7.151132E-6,17.068731,0.007611138,0.32042515,0.0025355904,0.06790598,0.003204794,0.41957724,0.008739718,0.8160007,0.001403222,0.07330929,0.0021783644,0.47715968,0.008179448,null,null,null,null,"TWOGAUSSIANS",8,10.804243,0.8160007,0.001403222,0.4,0.0,0.47563946,0.007897492,0.32042515,0.0025355904,0.3802735,0.017946847,0.418057,0.008456155
375316653866487564,4214989095078393088,0.6265426,2174.570088438567,1.8947731013256914,1.0416556E-5,16.650732,0.019088404,0.24529512,0.0034707517,0.04936264,0.0044487813,0.7860958,0.033548906,0.7433837,0.0038923388,0.043428015,0.010843633,0.16198322,0.04482303,0.029655524,0.022142157,0.24529512,0.0034707517,"TWOGAUSSIANS_WITH_ELLIPSOIDAL_ON_ECLIPSE1",9,25.113817,0.24529512,0.0034707517,0.2764308,0.024913175,0.8454047,0.03688814,0.74348366,0.003763829,0.24319687,0.060724344,0.22128397,0.03210527
375316653866487564,4214989988431786624,0.46595687,2128.321978006718,2.980693056613246,3.3382406E-5,19.010355,0.006620781,null,null,null,null,null,null,null,null,null,null,null,null,0.09709929,0.0081193885,0.2321619,0.007765765,"ELLIPSOIDAL",4,5.3957047,null,null,null,null,null,null,null,null,null,null,null,null
375316653866487564,4214990057151300864,0.600555,2153.2867962210667,2.6348416669997587,1.2039629E-5,17.234251,0.015884094,0.30876884,0.004133467,0.042469002,0.005813006,0.55315423,0.049010895,0.810773,0.0023651558,0.042557918,0.0028087688,0.592953,0.037946474,0.059616994,0.021552805,0.30876884,0.004133467,"TWOGAUSSIANS_WITH_ELLIPSOIDAL_ON_ECLIPSE1",9,19.757454,0.810773,0.0023651558,0.23832434,0.015729105,0.71216786,0.020378642,0.30876884,0.004133467,0.2378264,0.032552835,0.67238796,0.054468263
375316653866487564,4214991672059026304,0.49795076,2155.8834360001533,2.8790688630601764,2.8406266E-5,18.668581,0.016826745,0.24783443,0.0062402897,0.097837515,0.010941985,0.17160577,0.017230801,0.72875035,0.007609735,0.08734964,0.017610136,0.18720809,0.026420468,null,null,null,null,"TWOGAUSSIANS",8,1.5025473,0.72875035,0.007609735,0.4,0.0,0.18018998,0.03024234,0.24783443,0.0062385127,0.4,0.0,0.16458662,0.010597864
375316653866487564,4214993939802444416,0.57681936,2214.3854055227284,2.816520907816195,1.7918785E-5,17.039637,0.011987296,0.19212587,0.0062918356,0.038715124,0.00837821,0.22990492,0.03257521,0.65623933,0.013723194,0.068278156,0.0091884555,0.24449356,0.04466688,0.08390639,0.018827232,0.19212587,0.0062918356,"TWOGAUSSIANS_WITH_ELLIPSOIDAL_ON_ECLIPSE1",9,15.761562,0.6633793,0.011651027,0.38235766,0.03595109,0.405519,0.03363872,0.19212587,0.0062918356,0.21680468,0.04691797,0.3976789,0.02223746
375316653866487564,4214994253346221056,0.5246053,2170.0350789123586,3.526830273153808,2.2971155E-5,16.313139,0.052108537,0.19696924,0.007956899,0.11399429,0.037506856,0.1255967,0.050462812,0.7212883,0.0056252927,0.09651575,0.024917966,0.14271982,0.04905523,null,null,null,null,"TWOGAUSSIANS",8,11.011334,0.7213283,0.005618063,0.4,0.0,0.13083233,0.012904799,0.19696924,0.007925101,0.4,0.0,0.11368602,0.014151443
375316653866487564,4214994871821515008,0.6049139,2158.1962039089653,1.0002888282513052,9.811958E-6,13.838686,0.016739167,0.2331581,0.0034460214,0.12280914,0.012861622,0.16232175,0.01516908,0.72210497,0.0063098366,0.10015936,0.009048556,0.2637278,0.016698051,null,null,null,null,"TWOGAUSSIANS",8,34.400356,0.72210497,0.0063098366,0.4,0.0,0.23516081,0.012674724,0.2331681,0.0034502307,0.4,0.0,0.13367026,0.004459363
375316653866487564,4214995181059168896,0.5491893,2203.9926710881473,4.026859271937076,2.4499543E-5,16.780537,0.004102104,0.29026788,0.0048680888,0.07815145,0.0066342745,0.07905028,0.0051718955,0.7903854,0.0022543126,0.091404006,0.007437426,0.07565911,0.002814465,null,null,null,null,"TWOGAUSSIANS",8,1.3017144,0.29026788,0.0048680888,0.4,0.0,0.07706456,0.0045498633,0.7903854,0.0022543126,0.4,0.0,0.073673345,0.002601199
375316653866487564,4215000124554452480,0.44918323,2149.5111261946713,1.4383435533577316,5.3148753E-5,18.662455,0.0057874406,0.3479774,0.015779825,0.016954599,0.007926431,0.12329786,0.11976186,0.6475119,0.02233932,0.11317603,0.023242943,0.10268263,0.009092646,null,null,null,null,"TWOGAUSSIANS",8,5.324895,0.3481474,0.01572054,0.09494575,0.044388007,0.1263857,0.119822964,0.6475119,0.02233932,0.4,0.0,0.10267076,0.009107921
375316653866487564,4215000708670332544,0.5094858,2157.33090851215,3.1865630936985685,2.2692848E-5,18.952261,0.015880426,0.11784252,0.005154136,0.07268099,0.007420612,0.28044558,0.0187898,0.60217386,0.013170304,0.07671772,0.014758808,0.3180682,0.044195402,null,null,null,null,"TWOGAUSSIANS",8,3.6707416,0.60217386,0.013170304,0.4,0.0024822736,0.31652033,0.04458007,0.11784252,0.005154136,0.4,0.004081816,0.2788977,0.017349595
375316653866487564,4215003118158391936,0.49401504,2149.0677060952153,3.4624365844005034,2.3819186E-5,18.561367,0.002913444,0.7058459,0.0043706633,0.061980624,0.020538615,0.051620953,0.010387792,null,null,null,null,null,null,0.07464596,0.005101621,0.7058459,0.0043706633,"ONEGAUSSIAN_WITH_ELLIPSOIDAL",6,2.696956,0.7058459,0.0043706633,0.3470915,0.099238135,0.20089778,0.010731902,null,null,null,null,null,null
375316653866487564,4215003152505767040,0.45109412,2159.183099791116,3.0066456138644804,8.969232E-5,18.735943,0.029589612,0.21841614,0.012897385,0.0908852,0.024721954,0.19883794,0.028507823,0.7907045,0.05299144,0.07291041,0.052333437,0.07984637,0.035228163,null,null,null,null,"TWOGAUSSIANS",8,5.9639125,0.21841614,0.012897385,0.4,0.0,0.19825259,0.02719378,0.7907145,0.052960496,0.4,0.1982182,0.079264104,0.03142591
375316653866487564,4215003942792131584,0.49176607,2174.6374935309223,2.751873290790268,1.8545094E-5,17.234283,0.006424527,0.8088429,0.005844665,0.060860995,0.06934734,0.020336041,0.021061927,null,null,null,null,null,null,0.105223924,0.010962933,0.8088429,0.005844665,"ONEGAUSSIAN_WITH_ELLIPSOIDAL",6,27.196653,0.8088429,0.005844665,0.34082156,0.1034047,0.23077916,0.01580884,null,null,null,null,null,null
375316653866487564,4215008783209668608,0.6410275,2147.722968770678,3.9568760573857578,8.660745E-6,18.104404,0.017794283,0.27739963,0.0013242615,0.04384066,0.0068373526,0.22186516,0.040250234,0.78790385,0.0099965185,0.05722687,0.008760107,0.3310445,0.038965136,0.14634627,0.022222733,0.27739963,0.0013242615,"TWOGAUSSIANS_WITH_ELLIPSOIDAL_ON_ECLIPSE1",9,3.3002276,0.78790385,0.0099965185,0.32047048,0.049056597,0.62245315,0.013781283,0.27739963,0.0013242615,0.2455077,0.038289174,0.51454693,0.024098469
375316653866487564,4215009096753089920,0.56405395,2162.260560877707,3.621932938633166,1.3714237E-5,18.21996,0.010042596,0.30014837,0.0055733565,0.0989791,0.007267148,0.20457186,0.012291345,0.8042016,0.0024655014,0.09345253,0.0045129163,0.28251824,0.010643344,null,null,null,null,"TWOGAUSSIANS",8,2.0651436,0.8042016,0.0024655014,0.4,0.0,0.26708215,0.008211316,0.30014837,0.0055733565,0.4,0.0,0.18913494,0.010199043
375316653866487564,4215010264984202368,0.57727283,2166.301799198222,2.4917989271779812,2.0824176E-5,16.928461,0.01205917,0.25858375,0.0047590006,0.08087669,0.0046313037,0.4669059,0.03023297,0.7481861,0.0037029209,0.08173045,0.0050899815,0.5190003,0.021382011,null,null,null,null,"TWOGAUSSIANS",8,31.38971,0.7481861,0.0037029209,0.4,0.0,0.5118572,0.020969233,0.25858375,0.0047590006,0.4,0.0,0.45976278,0.030278187
375316653866487564,4215011055258397056,0.56676334,2193.882148060413,1.6209667950208646,1.5325062E-5,13.985471,0.014609932,0.21993555,0.0048104427,0.1029798,0.017863996,0.08081269,0.013070736,0.72161615,0.011036171,0.10143496,0.0158678,0.14815868,0.015491764,null,null,null,null,"TWOGAUSSIANS",8,34.785915,0.72161615,0.011036171,0.4,0.0,0.13751756,0.005465529,0.21993555,0.0048028072,0.4,0.0,0.07017191,0.0055618943
375316653866487564,4215011330136309504,0.5800783,2168.6214652993,4.151315610320169,1.2807377E-5,17.733263,0.010340251,0.22354299,0.005322867,0.0836577,0.005896881,0.45778254,0.010089128,0.7424131,0.003182969,0.06502862,0.0052509666,0.39479622,0.01903781,null,null,null,null,"TWOGAUSSIANS",8,8.33905,0.22354299,0.005322867,0.4,0.0,0.45585185,0.009386296,0.7424131,0.003182969,0.36416027,0.029405413,0.39286557,0.019387186
