Gaia/vari_eclipsing_binary/VariEclipsingBinary_676849-676887.csv
# %ECSV 1.0
# ---
# delimiter: ','
# meta: !!omap
# - RELEASE: Gaia DR3
# - TABLE: vari_eclipsing_binary
# - DESCRIPTION: >
#     This table describes the properties of the eclipsing binaries resulting from the variability analysis. 
# - CITATION: >
#     How to cite and acknowledge Gaia: 
#     https://gea.esac.esa.int/archive/documentation/credits.html 
# - KNOWN_ISSUES: >
#     Known issues: 
#     https://www.cosmos.esa.int/web/gaia-users/known-issues 
# - DOCUMENTATION: >
#     Tutorials and documentation: 
#     https://www.cosmos.esa.int/web/gaia-users/archive 
# datatype:
# - 
#   name: solution_id
#   datatype: int64
#   description: Solution Identifier
#   meta:
#     ucd: meta.version
# - 
#   name: source_id
#   datatype: int64
#   description: Unique source identifier
#   meta:
#     ucd: meta.id;meta.main
# - 
#   name: global_ranking
#   datatype: float32
#   description: Number between 0 (worst) and 1 (best)
#   meta:
#     ucd: stat.param
# - 
#   name: reference_time
#   datatype: float64
#   unit: d
#   description: Reference time used for the geometric model fit
#   meta:
#     ucd: time.epoch
# - 
#   name: frequency
#   datatype: float64
#   unit: d**-1
#   description: Frequency of geometric model of the eclipsing binary light curve
#   meta:
#     ucd: src.orbital
# - 
#   name: frequency_error
#   datatype: float32
#   unit: d**-1
#   description: "Uncertainty of \\texttt{frequency}"
#   meta:
#     ucd: stat.error
# - 
#   name: geom_model_reference_level
#   datatype: float32
#   unit: mag
#   description: Magnitude reference level of geometric model
#   meta:
#     ucd: phot.mag;em.opt
# - 
#   name: geom_model_reference_level_error
#   datatype: float32
#   unit: mag
#   description: "Uncertainty of \\texttt{geomModelReferenceLevel}"
#   meta:
#     ucd: stat.error;phot.mag;em.opt
# - 
#   name: geom_model_gaussian1_phase
#   datatype: float32
#   description: Phase of the Gaussian 1 component
#   meta:
#     ucd: time.phase
# - 
#   name: geom_model_gaussian1_phase_error
#   datatype: float32
#   description: "Uncertainty of \\texttt{geomModelGaussian1Phase}"
#   meta:
#     ucd: stat.error;time.phase
# - 
#   name: geom_model_gaussian1_sigma
#   datatype: float32
#   description: "Standard deviation [phase] of Gaussian 1 component"
#   meta:
#     ucd: stat.stdev
# - 
#   name: geom_model_gaussian1_sigma_error
#   datatype: float32
#   description: "Uncertainty of \\texttt{geomModelGaussian1Sigma}"
#   meta:
#     ucd: stat.error
# - 
#   name: geom_model_gaussian1_depth
#   datatype: float32
#   unit: mag
#   description: Magnitude depth of Gaussian 1 component
#   meta:
#     ucd: src.var.amplitude
# - 
#   name: geom_model_gaussian1_depth_error
#   datatype: float32
#   unit: mag
#   description: "Uncertainty of \\texttt{geomModelGaussian1Depth}"
#   meta:
#     ucd: stat.error;src.var.amplitude
# - 
#   name: geom_model_gaussian2_phase
#   datatype: float32
#   description: Phase of Gaussian 2 component
#   meta:
#     ucd: time.phase
# - 
#   name: geom_model_gaussian2_phase_error
#   datatype: float32
#   description: "Uncertainty of \\texttt{geomModelGaussian2Phase}"
#   meta:
#     ucd: stat.error;time.phase
# - 
#   name: geom_model_gaussian2_sigma
#   datatype: float32
[...]
#   datatype: float32
#   description: "Secondary eclipse: uncertainty of \\texttt{derivedSecondaryEclDuration}"
#   meta:
#     ucd: stat.error;time.duration
# - 
#   name: derived_secondary_ecl_depth
#   datatype: float32
#   unit: mag
#   description: "Secondary eclipse: depth"
#   meta:
#     ucd: src.var.amplitude
# - 
#   name: derived_secondary_ecl_depth_error
#   datatype: float32
#   unit: mag
#   description: "Secondary eclipse: uncertainty of \\texttt{derivedSecondaryEclDepth}"
#   meta:
#     ucd: stat.error;src.var.amplitude
solution_id,source_id,global_ranking,reference_time,frequency,frequency_error,geom_model_reference_level,geom_model_reference_level_error,geom_model_gaussian1_phase,geom_model_gaussian1_phase_error,geom_model_gaussian1_sigma,geom_model_gaussian1_sigma_error,geom_model_gaussian1_depth,geom_model_gaussian1_depth_error,geom_model_gaussian2_phase,geom_model_gaussian2_phase_error,geom_model_gaussian2_sigma,geom_model_gaussian2_sigma_error,geom_model_gaussian2_depth,geom_model_gaussian2_depth_error,geom_model_cosine_half_period_amplitude,geom_model_cosine_half_period_amplitude_error,geom_model_cosine_half_period_phase,geom_model_cosine_half_period_phase_error,model_type,num_model_parameters,reduced_chi2,derived_primary_ecl_phase,derived_primary_ecl_phase_error,derived_primary_ecl_duration,derived_primary_ecl_duration_error,derived_primary_ecl_depth,derived_primary_ecl_depth_error,derived_secondary_ecl_phase,derived_secondary_ecl_phase_error,derived_secondary_ecl_duration,derived_secondary_ecl_duration_error,derived_secondary_ecl_depth,derived_secondary_ecl_depth_error
[from data line 481]
375316653866487564,5953888449762759808,0.5380286,2311.4247683461363,3.3000628099829648,6.7579035E-6,17.594015,0.013356446,0.2559267,0.0019254477,0.090699695,0.007616322,0.2262981,0.01149102,0.74321556,0.005107618,0.095584564,0.0076312935,0.2757323,0.02004819,null,null,null,null,"TWOGAUSSIANS",8,6.855828,0.74321556,0.005107618,0.4,0.0,0.2643957,0.019658862,0.2559267,0.0019254477,0.4,0.0,0.21496214,0.0103074135
375316653866487564,5953888522794060672,0.47281393,2322.2417061819365,3.218962454549474,3.155152E-5,17.371828,0.020898815,0.27579707,0.009924729,0.07527401,0.01443162,0.13453467,0.02409775,0.785254,0.011273603,0.12344422,0.03510841,0.09610719,0.017765252,null,null,null,null,"TWOGAUSSIANS",8,11.303865,0.27577707,0.009953574,0.4,0.024830045,0.12677483,0.018288258,0.785254,0.011273603,0.4,0.0,0.08829232,0.011575585
375316653866487564,5953889381778782720,0.47333476,2323.305126176838,0.9443731470284707,4.7161917E-5,19.315477,0.0062484555,0.26414162,0.0020636907,0.020702058,0.003288079,0.2062913,0.054390192,0.7203183,0.013715671,0.031475216,0.007376317,0.3548406,0.38711092,null,null,null,null,"TWOGAUSSIANS",8,2.3551712,0.7203183,0.013715671,0.17626122,0.041307375,0.3548406,0.38711092,0.26414162,0.0020636907,0.115931526,0.018413242,0.2062913,0.054390192
375316653866487564,5953890515651790208,0.5731419,2295.3109421578015,2.172983234707653,1.5934387E-5,18.449905,0.008692837,0.2884392,0.005443376,0.032596376,0.0090463245,0.08988614,0.02232999,0.78837717,0.005361465,0.04586515,0.005735517,0.38708296,0.024990331,0.037048396,0.013222343,0.2884392,0.005443376,"TWOGAUSSIANS_WITH_ELLIPSOIDAL_ON_ECLIPSE1",9,3.8530104,0.78837717,0.0053154477,0.25684485,0.032118898,0.46117958,0.019433971,0.2884392,0.005443376,0.1825397,0.050659418,0.16398276,0.009461906
375316653866487564,5953890996695506304,0.5959747,2335.2609450804534,2.723843156831532,5.1673187E-6,16.715284,0.007917492,0.23658389,0.0024254539,0.08640338,0.0048245285,0.2325855,0.008659767,0.73369616,0.0043881563,0.09382538,0.007700784,0.17665912,0.0073774466,null,null,null,null,"TWOGAUSSIANS",8,4.554009,0.23658389,0.0024254539,0.4,0.0,0.22439323,0.008682752,0.73369616,0.0043881563,0.4,0.0,0.16846664,0.004610751
375316653866487564,5953891164182556928,0.43213636,2322.7109927067754,1.3922337247337895,7.289722E-5,18.026628,0.13831683,0.48800528,0.016182423,0.22390619,0.11304973,0.14568348,0.13476175,0.8815731,0.0073727523,0.027101109,0.005868152,0.05452341,0.013894584,null,null,null,null,"TWOGAUSSIANS",8,7.961781,0.48800528,0.016182423,0.4,0.0,0.12159785,0.017063115,0.8815731,0.0073727523,0.15176621,0.03286165,0.06522569,0.017735982
375316653866487564,5953891374652627968,0.49860966,2288.7721424241977,3.2928734567300904,2.822102E-5,16.57871,0.020178372,0.29144558,0.008797483,0.110353716,0.016584247,0.15244907,0.02193408,0.7978437,0.0066267694,0.10082244,0.01707518,0.168633,0.01777691,null,null,null,null,"TWOGAUSSIANS",8,17.598904,0.79785365,0.006643508,0.4,0.0,0.150632,0.010677021,0.29144558,0.008796266,0.4,0.0,0.1344387,0.013603049
375316653866487564,5953892405444820480,0.43254545,2390.9544693175735,0.9080671737133463,1.977069E-5,17.097786,0.010880172,0.24106361,0.013892922,0.03873532,0.009462802,0.148256,0.03411703,0.75555944,0.0042178896,0.030975748,0.0052813347,0.29251438,0.09345249,null,null,null,null,"TWOGAUSSIANS",8,10.919178,0.75555944,0.0042178896,0.1734642,0.029575475,0.29251438,0.09345249,0.24106361,0.013892922,0.2169178,0.052991692,0.148256,0.03411703
375316653866487564,5953892435492923904,0.5083595,2335.2249248914577,2.1089056898122984,8.469033E-5,18.405003,0.0055331527,0.38554832,0.024673376,0.07820893,0.07071742,0.026273485,0.69723094,0.66101736,1.2588823E-4,0.012835817,6.152492E-4,0.33344024,0.018128743,null,null,null,null,"TWOGAUSSIANS",8,1.414061,0.66101736,1.2588823E-4,0.07188058,0.0034453955,0.3334934,0.018029554,0.38554832,0.024673376,0.4,0.27111554,0.026273485,0.697231
375316653866487564,5953892542876079488,0.57003635,2386.638877426871,0.7121880685674111,5.2455885E-5,17.519854,0.003719382,0.3087557,4.1800096E-5,0.0065082973,7.65835E-5,0.5523189,0.0044054147,0.7987857,0.003416742,0.02951538,0.0036698338,0.12131603,0.03966859,null,null,null,null,"TWOGAUSSIANS",8,11.034876,0.3087557,4.1800096E-5,0.036446463,4.2886758E-4,0.5523189,0.0044054147,0.7987857,0.003416742,0.16528612,0.020551069,0.12131603,0.03966859
375316653866487564,5953892714682492928,0.4856917,2354.6292235212154,3.9980063583167764,4.322779E-5,15.551639,0.14065446,0.25621113,0.015626095,0.13461566,0.043971445,0.19457313,0.12980214,0.7860006,0.008484448,0.13130964,0.04852604,0.16550307,0.12852785,null,null,null,null,"TWOGAUSSIANS",8,55.935448,0.25565112,0.013728484,0.4,0.0,0.14555876,0.014436509,0.78696066,0.0062399223,0.4,0.0,0.116691574,0.01873656
375316653866487564,5953892920840867712,0.57376766,2336.316653020591,0.8901633943990023,4.5368477E-5,14.990719,0.0014309911,0.24414249,0.0084436415,0.028396973,0.0035809628,0.27406427,0.18860778,0.7458429,1.8900448E-5,0.022852013,5.207579E-4,0.26151434,8.8429375E-4,null,null,null,null,"TWOGAUSSIANS",8,31.686527,0.24414249,0.0084436415,0.15902306,0.020053392,0.27406427,0.18860778,0.7458429,1.8900448E-5,0.12797128,0.0029162446,0.26151434,8.8429375E-4
375316653866487564,5953893882907155200,0.5230899,2347.3242294142947,2.454560536977071,4.1626925E-5,18.480972,0.007199181,0.24582475,0.057521984,0.038113903,0.036492266,0.3425093,119.1269,0.7464923,0.009236716,0.061364263,0.0059745195,0.57918245,0.056786936,null,null,null,null,"TWOGAUSSIANS",8,9.588808,0.7464923,0.009236716,0.34363988,0.03345731,0.5791795,0.05678235,0.24582475,0.057521984,0.21343786,0.2043567,0.3425064,119.12691
375316653866487564,5953894295230471424,0.56920093,2377.539095945912,3.512718459152888,8.168674E-6,16.445436,0.0063402015,0.12152033,0.0018898111,0.0416922,0.006025254,0.11315867,0.019847741,0.61177754,0.020560447,0.05121389,0.015533453,0.20949522,0.022742692,0.111722186,0.009939494,0.12152033,0.0018898111,"TWOGAUSSIANS_WITH_ELLIPSOIDAL_ON_ECLIPSE1",9,24.438602,0.61353755,0.018257864,0.2867978,0.08698733,0.43225265,0.01818467,0.12152033,0.0018898111,0.23347633,0.033741422,0.3366014,0.015975595
375316653866487564,5953896180704120704,0.5405416,2346.499522637164,3.4605325668181774,2.6914287E-5,16.874216,0.036830682,0.2377784,0.011021071,0.10084208,0.01918365,0.269357,0.03308646,0.71275985,0.0065200026,0.12391426,0.022479393,0.20385812,0.033167645,null,null,null,null,"TWOGAUSSIANS",8,15.053388,0.2378984,0.011075867,0.4,0.0,0.23968333,0.010877949,0.71275985,0.0065200026,0.4,0.0,0.1740315,0.014931022
375316653866487564,5953896528613522688,0.60307544,2328.041962427451,2.1521653383781176,1.1807395E-5,16.02064,0.0059202914,0.23644534,0.0018601391,0.07480975,0.0036273128,0.23267901,0.006599735,0.7267305,0.0023355149,0.09363426,0.0036747507,0.35755622,0.01214876,null,null,null,null,"TWOGAUSSIANS",8,11.142445,0.7267305,0.0023355149,0.4,0.0,0.3515285,0.012809967,0.23644534,0.0018601391,0.4,0.0,0.22665182,0.0058144797
375316653866487564,5953897044002282368,0.56763554,2322.034134494313,2.895464190908181,1.919464E-5,18.137705,0.011867845,0.2468017,0.0044893157,0.08591806,0.005398904,0.29718173,0.0144491745,0.75552946,0.003971175,0.08605388,0.011466403,0.3189068,0.031219643,null,null,null,null,"TWOGAUSSIANS",8,3.47952,0.75552946,0.003971175,0.4,0.0,0.3111599,0.03634347,0.2468017,0.0044893157,0.4,0.0,0.28943482,0.011821449
375316653866487564,5953897181441249920,0.5563419,2302.77203452106,0.9037895225586171,6.171548E-6,18.689901,0.0028211416,0.20722188,0.004202682,0.02134174,0.0035132302,0.2901268,0.18797381,0.7005622,0.0029716336,0.026643202,0.00696332,0.08723576,0.07861202,null,null,null,null,"TWOGAUSSIANS",8,0.7600433,0.20722188,0.004202682,0.119513735,0.019674089,0.2901268,0.18797381,0.7005622,0.0029716336,0.14920193,0.03899459,0.08723576,0.07861202
375316653866487564,5953899346105774720,0.4817776,2342.3191363340343,2.518933378592048,1.8881332E-5,18.88734,0.005040835,null,null,null,null,null,null,null,null,null,null,null,null,0.094110556,0.0066890093,0.29448813,0.006682539,"ELLIPSOIDAL",4,3.8214314,null,null,null,null,null,null,null,null,null,null,null,null
375316653866487564,5953899792764542208,0.4930226,2320.901574797344,2.992722727317861,4.977125E-5,19.272654,0.016838877,0.28152302,0.02832121,0.0813838,0.028458448,0.20888127,0.02811136,0.78265274,0.008315296,0.09588461,0.015682915,0.23126405,0.03649466,null,null,null,null,"TWOGAUSSIANS",8,3.10167,0.78265274,0.008315296,0.4,0.0,0.2231732,0.04024174,0.28152302,0.02832121,0.4,0.069441825,0.200791,0.029629303
375316653866487564,5953900613104254464,0.45102304,2315.066844210247,2.2188482751154677,2.2262361E-4,12.465806,0.0011827633,0.39751366,0.01084486,0.05391528,0.016076868,0.12068504,0.1287348,null,null,null,null,null,null,null,null,null,null,"ONEGAUSSIAN",5,315.46478,0.39751366,0.01084486,0.30192557,0.09003046,0.12068504,0.0,null,null,null,null,null,null
375316653866487564,5953903945998912640,0.6391471,2338.8823178331986,2.6906932135274686,6.719396E-6,15.471917,0.0077167656,0.25329423,0.0043044146,0.10099375,0.006099264,0.24798137,0.010165676,0.7512544,0.0017990605,0.093492836,0.003244724,0.26864463,0.0074980943,null,null,null,null,"TWOGAUSSIANS",8,15.209052,0.7512544,0.0017990605,0.4,0.0,0.25025383,0.0034353065,0.25329423,0.0043044146,0.4,0.0,0.22958852,0.008768824
375316653866487564,5953904122094215168,0.5116099,2356.9921600056955,4.466737925008931,1.4707251E-5,17.305252,0.012223622,0.32924268,0.0013865768,0.017248383,0.0024383299,0.10518256,0.013977477,0.6244488,0.014570566,0.1340049,0.021060294,0.27025416,0.029421976,null,null,null,null,"TWOGAUSSIANS",8,13.346114,0.6244488,0.014570566,0.4,0.0,0.26974162,0.029405382,0.33037266,0.0012814766,0.09659094,0.013654647,0.12876748,0.013981293
375316653866487564,5953904122116219136,0.47094026,2367.1327941346444,2.474597177158291,5.539861E-5,15.926129,0.29892543,0.2713809,0.012864153,0.22207676,0.097919516,0.43684918,0.2915684,0.77540565,0.009594946,0.16178294,0.04536942,0.3780918,0.21099971,null,null,null,null,"TWOGAUSSIANS",8,44.191357,0.77804565,0.0089343395,0.4,0.0,0.10439571,0.010409158,0.27014092,0.013098319,0.4,0.0,0.10022801,0.013452689
375316653866487564,5953905668280423296,0.416436,2342.662680603419,0.5782818810725147,1.0620081E-4,17.780386,0.015380259,0.19869876,0.03439376,0.060323294,0.05287136,0.06482901,0.034316257,0.7693388,0.018280707,0.09303097,0.017638987,0.11541827,0.016188823,null,null,null,null,"TWOGAUSSIANS",8,12.013279,0.7693388,0.018280707,0.4,0.0,0.11524123,0.015504892,0.19868876,0.034397166,0.33781046,0.29174843,0.0646547,0.03431961
375316653866487564,5953905977518254080,0.5518787,2381.337813221184,3.6831545639794716,9.906151E-6,19.050083,0.015787521,0.22446267,0.0022039085,0.077136055,0.0041037984,0.5602899,0.031451035,0.72121423,0.018328859,0.080941275,0.01560434,0.43706033,0.040177677,null,null,null,null,"TWOGAUSSIANS",8,3.375397,0.22446267,0.0022039085,0.4,0.0,0.5540845,0.03152126,0.72121423,0.018328859,0.4,0.029882805,0.4308549,0.04039797
375316653866487564,5953906488624923776,0.5910592,2327.9429146194525,1.0166962276195142,8.646482E-6,17.649323,0.007855478,0.22772452,0.0022336564,0.01924915,0.001741648,0.6058707,0.0493355,0.73150456,0.017330697,0.020238506,0.0060463957,0.68263215,0.59404355,0.01429882,0.010478896,0.22772452,0.0022336564,"TWOGAUSSIANS_WITH_ELLIPSOIDAL_ON_ECLIPSE1",9,13.98846,0.73150456,0.017330697,0.11333563,0.033859815,0.7112136,0.59124297,0.22772452,0.0022336564,0.107795246,0.009753229,0.6344683,0.048541903
375316653866487564,5953907828649549056,0.5726658,2355.6908293245474,0.5538958375279941,1.2494363E-4,15.338776,0.0016079977,0.17934361,0.021713715,0.02215681,0.012245308,0.33597684,2.0856462,0.6630864,0.011954577,0.055110876,0.017963061,0.039168525,0.020570736,null,null,null,null,"TWOGAUSSIANS",8,19.710478,0.17934361,0.021713715,0.12407814,0.06857372,0.33597684,2.0856462,0.6630864,0.011954577,0.3086209,0.10059314,0.039168525,0.020570748
375316653866487564,5953909168680867968,0.52085185,2347.0784757660736,3.7490709943276634,2.5261197E-5,18.545132,0.10917269,0.20652041,0.0060448716,0.11926372,0.040826667,0.25321174,0.09749235,0.6929672,0.005655994,0.11391802,0.031355135,0.2458306,0.10364692,null,null,null,null,"TWOGAUSSIANS",8,3.2171304,0.2065604,0.0060163643,0.4,0.0,0.20910434,0.014837081,0.6929672,0.005655994,0.4,0.0,0.20177232,0.01317952
375316653866487564,5953910027690166784,0.44722456,2286.9980399351216,2.9854058100427565,6.921049E-5,17.960014,0.06630873,0.25071093,0.026900241,0.07832533,0.058155693,0.09164182,0.06252018,0.62959003,0.019985568,0.124632135,0.052718744,0.11604202,0.06774817,null,null,null,null,"TWOGAUSSIANS",8,3.6379788,0.62959003,0.019985568,0.4,0.0,0.11413419,0.04883315,0.25266093,0.025766797,0.4,0.022429816,0.09090327,0.044381693
375316653866487564,5953910959680049664,0.55411613,2338.711770779046,0.8165587344236074,4.5361296E-5,18.170105,0.017216736,0.19553046,0.078092635,0.04074444,0.08720656,0.055856287,0.01502452,0.6977001,0.0010200657,0.03571378,0.0020432058,0.3849174,0.01578314,null,null,null,null,"TWOGAUSSIANS",8,5.36588,0.6977001,0.0010200657,0.19999719,0.011441952,0.3849174,0.015721664,0.19553046,0.078092635,0.22816885,0.17672394,0.055856287,0.015011046
375316653866487564,5953913188769792896,0.40472078,2318.373459232315,2.1146283328321696,5.3036852E-5,18.603186,0.009195281,0.55112493,0.021711703,0.15181056,0.096260205,0.07297197,0.1420505,0.8580368,0.019941978,0.040197473,0.012513319,0.024470126,0.010975284,null,null,null,null,"TWOGAUSSIANS",8,3.8288043,0.55112493,0.021711703,0.4,0.0,0.07232808,0.14324605,0.8580368,0.019941978,0.22510584,0.07007459,0.033282876,0.007140321
375316653866487564,5953914258238648960,0.43763846,2369.998414597346,0.8687125387009804,7.3048235E-5,17.994667,0.011647203,0.29122034,0.025990138,0.08993481,0.033523984,0.12991793,0.014775057,0.71873945,0.016358139,0.04134679,0.012720247,0.11224036,0.14702854,null,null,null,null,"TWOGAUSSIANS",8,4.7698603,0.29122034,0.025990138,0.4,0.0,0.12990078,0.014705123,0.71873945,0.016358139,0.23154202,0.071233384,0.112224825,0.14704241
375316653866487564,5953915009835992704,0.499467,2341.4531240631095,2.6174085673652066,4.958157E-5,18.584768,0.020095611,0.24596442,0.0100351,0.07979936,0.011986087,0.30569866,0.030288573,0.74668324,0.011164184,0.0839563,0.016708419,0.30378944,0.035978485,null,null,null,null,"TWOGAUSSIANS",8,8.265424,0.24596442,0.0100351,0.4,0.0,0.30001608,0.02929339,0.74668324,0.011164184,0.4,0.0,0.29810682,0.038186353
375316653866487564,5953915078554564352,0.46547166,2333.7151155912316,0.1418065355981546,2.9405719E-5,17.361097,0.0034341149,0.25658837,0.0076045995,0.07455521,0.0077541755,0.1109076,0.017372066,0.7229002,0.010646966,0.06806582,0.017807828,0.12216008,0.025021581,null,null,null,null,"TWOGAUSSIANS",8,4.332544,0.7229002,0.010646966,0.3811686,0.059516508,0.12194877,0.025379982,0.25658837,0.0076045995,0.4,0.006483158,0.110696286,0.017456459
375316653866487564,5953917591109819392,0.61601245,2378.000734412758,4.400489188240009,4.042802E-6,18.685522,0.0060750255,0.23474556,0.0017449238,0.04366705,0.0037341695,0.48859295,0.061399933,0.73701483,0.003219842,0.043696728,0.0036667038,0.31258443,0.02323001,0.112022944,0.013005939,0.23474556,0.0017449238,"TWOGAUSSIANS_WITH_ELLIPSOIDAL_ON_ECLIPSE1",9,1.4065008,0.23474556,0.0017449238,0.24453548,0.020911349,0.71263826,0.06608761,0.73701483,0.003219842,0.24470167,0.020533541,0.5365842,0.018698286
375316653866487564,5953918312664585344,0.5086324,2344.607334578095,3.6342673525594082,1.177259E-5,19.334661,0.02449692,0.23126787,0.002681227,0.07302484,0.005030195,0.42765296,0.02645265,0.7400145,0.011199085,0.090230316,0.020150296,0.40893236,0.09728435,null,null,null,null,"TWOGAUSSIANS",8,2.1898456,0.23126787,0.002681227,0.4,0.0017375431,0.42119935,0.021704255,0.7400145,0.011199085,0.4,0.0,0.40247855,0.10419703
