Gaia/vari_eclipsing_binary/VariEclipsingBinary_357063-357507.csv
# %ECSV 1.0
# ---
# delimiter: ','
# meta: !!omap
# - RELEASE: Gaia DR3
# - TABLE: vari_eclipsing_binary
# - DESCRIPTION: >
#     This table describes the properties of the eclipsing binaries resulting from the variability analysis. 
# - CITATION: >
#     How to cite and acknowledge Gaia: 
#     https://gea.esac.esa.int/archive/documentation/credits.html 
# - KNOWN_ISSUES: >
#     Known issues: 
#     https://www.cosmos.esa.int/web/gaia-users/known-issues 
# - DOCUMENTATION: >
#     Tutorials and documentation: 
#     https://www.cosmos.esa.int/web/gaia-users/archive 
# datatype:
# - 
#   name: solution_id
#   datatype: int64
#   description: Solution Identifier
#   meta:
#     ucd: meta.version
# - 
#   name: source_id
#   datatype: int64
#   description: Unique source identifier
#   meta:
#     ucd: meta.id;meta.main
# - 
#   name: global_ranking
#   datatype: float32
#   description: Number between 0 (worst) and 1 (best)
#   meta:
#     ucd: stat.param
# - 
#   name: reference_time
#   datatype: float64
#   unit: d
#   description: Reference time used for the geometric model fit
#   meta:
#     ucd: time.epoch
# - 
#   name: frequency
#   datatype: float64
#   unit: d**-1
#   description: Frequency of geometric model of the eclipsing binary light curve
#   meta:
#     ucd: src.orbital
# - 
#   name: frequency_error
#   datatype: float32
#   unit: d**-1
#   description: "Uncertainty of \\texttt{frequency}"
#   meta:
#     ucd: stat.error
# - 
#   name: geom_model_reference_level
#   datatype: float32
#   unit: mag
#   description: Magnitude reference level of geometric model
#   meta:
#     ucd: phot.mag;em.opt
# - 
#   name: geom_model_reference_level_error
#   datatype: float32
#   unit: mag
#   description: "Uncertainty of \\texttt{geomModelReferenceLevel}"
#   meta:
#     ucd: stat.error;phot.mag;em.opt
# - 
#   name: geom_model_gaussian1_phase
#   datatype: float32
#   description: Phase of the Gaussian 1 component
#   meta:
#     ucd: time.phase
# - 
#   name: geom_model_gaussian1_phase_error
#   datatype: float32
#   description: "Uncertainty of \\texttt{geomModelGaussian1Phase}"
#   meta:
#     ucd: stat.error;time.phase
# - 
#   name: geom_model_gaussian1_sigma
#   datatype: float32
#   description: "Standard deviation [phase] of Gaussian 1 component"
#   meta:
#     ucd: stat.stdev
# - 
#   name: geom_model_gaussian1_sigma_error
#   datatype: float32
#   description: "Uncertainty of \\texttt{geomModelGaussian1Sigma}"
#   meta:
#     ucd: stat.error
# - 
#   name: geom_model_gaussian1_depth
#   datatype: float32
#   unit: mag
#   description: Magnitude depth of Gaussian 1 component
#   meta:
#     ucd: src.var.amplitude
# - 
#   name: geom_model_gaussian1_depth_error
#   datatype: float32
#   unit: mag
#   description: "Uncertainty of \\texttt{geomModelGaussian1Depth}"
#   meta:
#     ucd: stat.error;src.var.amplitude
# - 
#   name: geom_model_gaussian2_phase
#   datatype: float32
#   description: Phase of Gaussian 2 component
#   meta:
#     ucd: time.phase
# - 
#   name: geom_model_gaussian2_phase_error
#   datatype: float32
#   description: "Uncertainty of \\texttt{geomModelGaussian2Phase}"
#   meta:
#     ucd: stat.error;time.phase
# - 
#   name: geom_model_gaussian2_sigma
#   datatype: float32
[...]
#   datatype: float32
#   description: "Secondary eclipse: uncertainty of \\texttt{derivedSecondaryEclDuration}"
#   meta:
#     ucd: stat.error;time.duration
# - 
#   name: derived_secondary_ecl_depth
#   datatype: float32
#   unit: mag
#   description: "Secondary eclipse: depth"
#   meta:
#     ucd: src.var.amplitude
# - 
#   name: derived_secondary_ecl_depth_error
#   datatype: float32
#   unit: mag
#   description: "Secondary eclipse: uncertainty of \\texttt{derivedSecondaryEclDepth}"
#   meta:
#     ucd: stat.error;src.var.amplitude
solution_id,source_id,global_ranking,reference_time,frequency,frequency_error,geom_model_reference_level,geom_model_reference_level_error,geom_model_gaussian1_phase,geom_model_gaussian1_phase_error,geom_model_gaussian1_sigma,geom_model_gaussian1_sigma_error,geom_model_gaussian1_depth,geom_model_gaussian1_depth_error,geom_model_gaussian2_phase,geom_model_gaussian2_phase_error,geom_model_gaussian2_sigma,geom_model_gaussian2_sigma_error,geom_model_gaussian2_depth,geom_model_gaussian2_depth_error,geom_model_cosine_half_period_amplitude,geom_model_cosine_half_period_amplitude_error,geom_model_cosine_half_period_phase,geom_model_cosine_half_period_phase_error,model_type,num_model_parameters,reduced_chi2,derived_primary_ecl_phase,derived_primary_ecl_phase_error,derived_primary_ecl_duration,derived_primary_ecl_duration_error,derived_primary_ecl_depth,derived_primary_ecl_depth_error,derived_secondary_ecl_phase,derived_secondary_ecl_phase_error,derived_secondary_ecl_duration,derived_secondary_ecl_duration_error,derived_secondary_ecl_depth,derived_secondary_ecl_depth_error
[from data line 186]
375316653866487564,3141520160413698688,0.60739875,2240.0531491758093,1.468721826311987,6.4482347E-6,12.941609,9.727986E-4,0.77136886,0.0031947885,0.051983513,0.00793947,0.051525623,0.022099156,null,null,null,null,null,null,0.03984885,0.0012225988,0.77136886,0.0031947885,"ONEGAUSSIAN_WITH_ELLIPSOIDAL",6,11.155042,0.77136886,0.0031947885,0.29110765,0.04446103,0.13122275,0.022348234,null,null,null,null,null,null
375316653866487564,3141521324348140672,0.60792315,2207.8281216066343,3.7001145351815716,1.149176E-5,17.783716,0.008818617,0.2882824,0.01033475,0.050104726,0.005993629,0.3356364,0.019761901,0.7739725,0.0050062444,0.027629158,0.018971972,0.13278042,2.1471992,0.13675778,0.009887964,0.7739725,0.0050062444,"TWOGAUSSIANS_WITH_ELLIPSOIDAL_ON_ECLIPSE2",9,9.062385,0.2863024,0.007892691,0.28058645,0.03356432,0.60725135,0.011823747,0.7739725,0.0050062444,0.15472329,0.106243044,0.40629563,2.150225
375316653866487564,3141528372390953472,0.50472337,2159.8457758860427,3.696892536668817,4.9461112E-5,14.882161,0.009029265,0.27123094,0.01743328,0.056281388,0.06999076,0.014475422,0.27530676,null,null,null,null,null,null,0.079524286,0.0114064645,0.27123094,0.01743328,"ONEGAUSSIAN_WITH_ELLIPSOIDAL",6,207.60185,0.27123094,0.01743328,0.31517577,0.39194825,0.17352298,0.26536053,null,null,null,null,null,null
375316653866487564,3141530090375203712,0.4551085,2153.2238109986147,0.09450447121106238,4.0333187E-5,18.357424,0.006940818,0.32873324,0.005955255,0.02356672,0.01457412,0.76343364,2.0107043,0.7380793,0.09363751,0.10559564,0.061876785,0.051819284,0.014058818,null,null,null,null,"TWOGAUSSIANS",8,2.6114297,0.32873324,0.005955255,0.13197362,0.081615075,0.7634581,2.0107143,0.7380793,0.09363751,0.4,0.14661649,0.051815443,0.014049988
375316653866487564,3141531288672911616,0.56855667,2175.9438921058295,3.9559764463811073,1.7210374E-5,19.235832,0.019039515,0.21350968,0.0044289567,0.0680845,0.0058245063,0.6396036,0.04789711,0.72241163,0.009086097,0.06830482,0.009146438,0.6507796,0.08636836,null,null,null,null,"TWOGAUSSIANS",8,3.4338982,0.72241163,0.009086097,0.382507,0.04647431,0.6495563,0.086892724,0.21350968,0.0044289567,0.38127318,0.031250954,0.6383803,0.048309915
375316653866487564,3141532078946929152,0.49201828,2171.257694058066,0.9112423571912852,5.3190885E-5,17.728487,0.0059833694,0.27167585,0.017007904,0.06279322,0.010534869,0.1144956,0.03872709,0.7620096,0.0071767666,0.039472222,0.0062482823,0.19589517,0.030022472,null,null,null,null,"TWOGAUSSIANS",8,8.352663,0.7620096,0.0071767666,0.22104444,0.03499038,0.19589406,0.03002376,0.27167585,0.017007904,0.351642,0.05899526,0.11449449,0.03872775
375316653866487564,3141533766869858688,0.4565598,2173.336170055684,3.499496406478304,5.22815E-5,18.124031,0.02126049,0.32218397,0.012157055,0.15802324,0.036045194,0.14537646,0.017064635,0.6868542,0.03566918,0.094704896,0.0200187,0.062817454,0.011994723,null,null,null,null,"TWOGAUSSIANS",8,6.9748597,0.32245398,0.011777782,0.4,0.0,0.1365833,0.012323566,0.6868542,0.03566918,0.4,0.0,0.06417214,0.008111651
375316653866487564,3141539539305882496,0.56065875,2180.269870376819,3.271800095986891,2.6508735E-5,16.844524,0.034113836,0.26539174,0.00670977,0.09446091,0.02119391,0.25475737,0.047828253,0.78205013,0.012414386,0.103564605,0.020776173,0.25470912,0.032354884,null,null,null,null,"TWOGAUSSIANS",8,10.491044,0.26538172,0.0066982936,0.4,0.0,0.23784152,0.055467896,0.78205013,0.012417365,0.4,0.0,0.2377881,0.014612531
375316653866487564,3141549056955448832,0.69881284,2224.2258881999787,0.7772733640578945,1.1669602E-5,16.6536,0.0028232243,0.24959832,0.0028464894,0.02585184,0.002891239,0.2241411,0.019599259,0.7457916,0.03097344,0.023661662,0.019499004,0.9940791,101.94434,0.026861822,0.0043928768,0.24959832,0.0028464894,"TWOGAUSSIANS_WITH_ELLIPSOIDAL_ON_ECLIPSE1",9,5.4218173,0.7458016,0.030984702,0.13250531,0.10919442,1.047772,101.94532,0.24959832,0.0028464894,0.1447703,0.016190939,0.27786472,0.021841738
375316653866487564,3141549121375389568,0.4901288,2196.5256346975452,0.26689762926350985,3.703826E-5,17.101892,0.0042929254,0.26801002,0.0030793652,0.05661888,0.005636206,1.9959228,1.0565475,0.79954314,0.017866159,0.05431956,0.019332083,0.065432236,0.07773231,null,null,null,null,"TWOGAUSSIANS",8,10.987877,0.26801002,0.0030793652,0.31706575,0.031562753,1.9959155,1.0565485,0.79954314,0.017866159,0.30418953,0.10825966,0.06542497,0.07775939
375316653866487564,3141553416343316480,0.52659917,2171.6720052512337,2.2163837430992825,3.3338096E-5,17.584658,0.040840656,0.27054062,0.055686593,0.13342685,0.056950215,0.15338974,0.045530047,0.716365,0.010821771,0.07881564,0.010395802,0.43186247,0.049963217,null,null,null,null,"TWOGAUSSIANS",8,25.362194,0.716365,0.010821771,0.4,0.0,0.41869283,0.039807774,0.27054062,0.055686593,0.4,0.0,0.13961525,0.030620372
375316653866487564,3141558982621014400,0.47677323,2257.7375507689626,0.6439280067132246,6.1110215E-5,18.241829,0.010076777,0.3567876,0.018036695,0.10646562,0.015184376,0.19243637,0.017945081,0.7890348,0.014603198,0.07930587,0.019949118,0.2442093,0.052088834,null,null,null,null,"TWOGAUSSIANS",8,1.2991465,0.7890348,0.014603198,0.4,0.011850763,0.24032615,0.054911677,0.3567876,0.018033845,0.4,0.0,0.18850248,0.019131046
375316653866487564,3141565480910104704,0.49382362,2196.253331149126,0.6947775100846234,5.468951E-5,14.553485,0.0028522285,0.2343885,0.010695401,0.05305396,0.015439521,0.019621069,0.002671139,0.72716016,0.007834686,0.08705899,0.006709593,0.08033142,0.005666937,null,null,null,null,"TWOGAUSSIANS",8,11.452504,0.72716016,0.007834686,0.4,0.0,0.080202036,0.0055714725,0.2343885,0.010695401,0.29710218,0.08646131,0.019491695,0.0025443097
375316653866487564,3141573280570629888,0.5551693,2190.9316596439116,3.7966178961659773,2.2070317E-5,17.567413,0.010935693,0.24449554,0.005517119,0.07770982,0.0078097596,0.20829424,0.011958143,0.727201,0.0028620295,0.0802882,0.0051755505,0.23625492,0.012006076,null,null,null,null,"TWOGAUSSIANS",8,5.3460693,0.727201,0.0028620295,0.4,0.0,0.23416689,0.01108847,0.24449554,0.005517119,0.4,0.0,0.20620622,0.010975704
375316653866487564,3141576093770439040,0.6483612,2264.0063681252786,0.556800969016611,1.5397365E-4,14.623333,4.1871335E-4,0.5741484,2.8839856E-4,0.03170006,2.7296826E-4,0.18160303,0.001167162,null,null,null,null,null,null,null,null,null,null,"ONEGAUSSIAN",5,2.260602,0.5741484,2.8839856E-4,0.17752033,0.0015286222,0.18160303,0.0,null,null,null,null,null,null
375316653866487564,3141577094501486720,0.52923715,2198.9879880419894,3.9756455182615973,1.4107264E-5,18.47852,0.025794713,0.20710331,0.0029320708,0.08161186,0.0069514383,0.43001947,0.022358488,0.7085536,0.014950865,0.0838822,0.020030575,0.31094187,0.03223606,null,null,null,null,"TWOGAUSSIANS",8,7.1864243,0.20710331,0.0029320708,0.4,0.0,0.42262888,0.016801367,0.7085536,0.014950865,0.4,0.0,0.3035513,0.027562
375316653866487564,3141583794651406336,0.48396605,2177.979645326119,3.0018340097882548,1.138737E-4,18.419903,0.05507793,0.21174718,0.03268747,0.043515302,0.08846,0.6094762,0.49119866,0.8501904,0.01379543,0.034665555,0.02018985,0.04311972,0.055926982,null,null,null,null,"TWOGAUSSIANS",8,6.2863708,0.21174718,0.03268747,0.24368569,0.15740152,0.6094762,0.4916781,0.8501904,0.012293192,0.19412711,0.11306316,0.04311972,0.06025375
375316653866487564,3141586337271636864,0.5675506,2221.1142722344553,3.5147564060922267,6.944926E-6,17.741096,0.005846837,0.32046518,0.003190366,0.06777187,0.0029936517,0.32176897,0.013260992,0.8180938,0.0039348905,0.07368788,0.0036429162,0.3828003,0.031396918,null,null,null,null,"TWOGAUSSIANS",8,3.79166,0.8180938,0.0039348905,0.4,0.0,0.3815155,0.031538468,0.32046518,0.003190366,0.37952244,0.016764449,0.32048416,0.0131857665
375316653866487564,3141588089618020480,0.52365464,2177.499947554993,2.6084779651015477,2.1366443E-5,17.897366,0.017513774,0.2779692,0.004520271,0.090109184,0.0126149515,0.14794879,0.015759204,0.7799945,0.01906136,0.087117694,0.023178304,0.1595995,0.056674466,null,null,null,null,"TWOGAUSSIANS",8,1.5767838,0.7799945,0.01906136,0.4,0.02398829,0.15404321,0.05945394,0.2779692,0.004520271,0.4,0.0,0.14239246,0.010133354
375316653866487564,3141589459709089408,0.46026248,2211.914220819862,0.33336401114964614,1.4536026E-4,18.52198,0.07049807,0.247926,0.051510256,0.09799427,0.09856825,0.16927643,0.068613045,0.83949953,0.048659656,0.06555953,0.027464954,0.13057621,0.080428585,null,null,null,null,"TWOGAUSSIANS",8,3.2832167,0.247926,0.051510256,0.4,0.0,0.16884501,0.017304491,0.8395395,0.04823232,0.36713335,0.13980925,0.13017343,0.06287516
375316653866487564,3141605200767751680,0.6744826,2184.585971337054,2.4919563110169682,7.063679E-6,15.962339,0.006352675,0.3304483,0.0016402937,0.058265377,0.008590302,0.22487025,0.033780564,0.83939284,0.0027452211,0.047704387,0.0027729142,0.2814414,0.020822536,0.11722736,0.010258911,0.3304483,0.0016402937,"TWOGAUSSIANS_WITH_ELLIPSOIDAL_ON_ECLIPSE1",9,14.073078,0.83939284,0.0027452211,0.2671446,0.01552832,0.51513374,0.013713759,0.3304483,0.0016402937,0.3262861,0.048105694,0.4593023,0.03054996
375316653866487564,3141613653263271040,0.58106935,2200.563482629487,2.967781587739684,1.1924516E-5,16.622196,0.004547157,0.26015002,0.002216353,0.094231844,0.0049786833,0.16047,0.0047668503,0.7719882,0.0105633335,0.083708405,0.010206381,0.12679687,0.0072574313,null,null,null,null,"TWOGAUSSIANS",8,3.8947692,0.26015002,0.002216353,0.4,0.0,0.15589094,0.004138055,0.7719882,0.0105633335,0.4,0.0,0.1222181,0.005685319
375316653866487564,3141616024085196672,0.54421455,2161.2163431509343,3.650892297715834,1.3698128E-5,18.019825,0.029689418,0.23538086,0.0058109313,0.10148281,0.013337704,0.19641608,0.02951419,0.72286385,0.004228699,0.1142271,0.017872883,0.21327798,0.022809327,null,null,null,null,"TWOGAUSSIANS",8,2.1603055,0.72286385,0.004228699,0.4,0.0,0.18892758,0.01380042,0.23541087,0.005815337,0.4,0.0,0.17209594,0.01377086
375316653866487564,3141627019201421824,0.48677558,2216.083177184608,0.565182052297548,6.356634E-5,15.48675,0.0118129,0.37385792,0.011004637,0.16144422,0.060262017,0.047188863,0.0097525995,0.8740535,0.004283382,0.056705933,0.0070151864,0.08618576,0.011377552,null,null,null,null,"TWOGAUSSIANS",8,4.663114,0.8740535,0.0042996816,0.31755322,0.03928504,0.08024329,0.009703261,0.37385792,0.011004637,0.4,0.0,0.04046645,0.0116677815
375316653866487564,3141632581180382848,0.6354213,2253.7790111790086,3.458791962894974,1.2825549E-5,18.498968,0.021304604,0.17767932,0.0030992115,0.045255374,0.0076919044,0.50262517,0.054434292,0.6856373,0.010373288,0.04000161,0.007869764,0.35682508,0.05526321,0.1458273,0.027099488,0.17767932,0.0030992115,"TWOGAUSSIANS_WITH_ELLIPSOIDAL_ON_ECLIPSE1",9,4.974491,0.17767932,0.0030992115,0.2534301,0.043074664,0.79427886,0.058835592,0.6856373,0.010373288,0.22400899,0.04407068,0.64775026,0.029955003
375316653866487564,3141637086604824192,0.638571,2255.2685415619967,1.8305240073202333,5.2023556E-6,14.894751,0.005568687,0.2379977,0.0020080751,0.09194825,0.003043612,0.22564645,0.0076647396,0.7228396,0.0014234815,0.07940944,0.0019969137,0.32651404,0.0068175555,null,null,null,null,"TWOGAUSSIANS",8,18.335707,0.7228396,0.0014234815,0.4,0.0,0.3207159,0.0060401834,0.2379977,0.0020080751,0.4,0.0,0.21984808,0.0072783646
375316653866487564,3141639904103288192,0.58607626,2237.3697375909446,3.1720069442051844,7.535152E-6,16.07388,0.013088918,0.19317551,0.005335322,0.08161117,0.0054690363,0.3417162,0.023800515,0.703848,0.0075909398,0.07454506,0.011757303,0.29779428,0.009584522,null,null,null,null,"TWOGAUSSIANS",8,30.052376,0.19317551,0.005335322,0.4,0.0,0.33867237,0.022975646,0.703848,0.0075909398,0.4,0.0031543218,0.29475045,0.008437
375316653866487564,3141652170529813504,0.45458516,2222.284150157772,3.4488402948181394,2.6615484E-5,15.9793415,0.0033388846,null,null,null,null,null,null,null,null,null,null,null,null,0.05353762,0.004582295,0.253516,0.0066747013,"ELLIPSOIDAL",4,26.654732,null,null,null,null,null,null,null,null,null,null,null,null
375316653866487564,3141653884219212288,0.58695066,2199.499129580098,0.08998186645135034,5.943717E-5,17.462866,0.0023394753,0.20459442,0.011793375,0.021136275,0.0028344071,0.34634906,0.15820004,0.4600947,0.007976262,0.076869264,0.033850495,0.024941768,0.2074299,null,null,null,null,"TWOGAUSSIANS",8,1.6876168,0.20460442,0.01178456,0.118363135,0.01587268,0.34644857,0.15808131,0.4600947,0.007976262,0.4,0.12225445,0.024941767,0.2074299
375316653866487564,3141654850589733120,0.588629,2186.159556805489,0.33157861456372456,1.5716672E-5,14.567701,7.5690006E-4,0.26752347,0.004058029,0.023073602,0.007356404,0.05998164,0.0050700027,null,null,null,null,null,null,0.01691723,8.1495184E-4,0.26752347,0.004058029,"ONEGAUSSIAN_WITH_ELLIPSOIDAL",6,5.863,0.26752347,0.004058029,0.12921217,0.041195862,0.0938161,0.005337317,null,null,null,null,null,null
375316653866487564,3141655915741220480,0.6065598,2176.360280852486,2.9068471514298366,1.029586E-5,13.690359,0.63507235,0.29401684,0.0028087061,0.13081618,0.064713195,0.3023633,0.59205705,0.7926593,0.0025526127,0.13157433,0.056499287,0.2871042,0.5717176,null,null,null,null,"TWOGAUSSIANS",8,55.735287,0.29404685,0.002803522,0.4,0.0,0.20784685,0.004135576,0.7926593,0.0025526127,0.4,0.0,0.19257444,0.00619984
375316653866487564,3141657560710770176,0.55255634,2161.4519150730766,1.6733799331911992,1.3913868E-4,16.134588,0.019579595,0.8220337,0.07509155,0.018581057,0.05957203,3.9096692,69.68942,null,null,null,null,null,null,0.031264167,0.028194463,0.8220337,0.07509155,"ONEGAUSSIAN_WITH_ELLIPSOIDAL",6,72.37188,0.8220337,0.07509155,0.104053915,0.33360335,3.9721975,69.70072,null,null,null,null,null,null
375316653866487564,3141661482018789248,0.5593054,2140.956237360522,0.24597361606923215,7.56439E-5,15.980502,0.0013757457,0.48359683,0.03659427,0.060065776,0.010928622,0.6371564,0.7021949,null,null,null,null,null,null,null,null,null,null,"ONEGAUSSIAN",5,5.666149,0.48359683,0.03659427,0.33636835,0.061200287,0.6371564,0.0,null,null,null,null,null,null
375316653866487564,3141664883632830208,0.51372963,2234.584386281876,0.5073700963372881,2.3689336E-5,14.976837,0.044465158,0.30942604,0.023203483,0.15601029,0.17892674,0.021480555,0.042982653,0.7663133,0.009496808,0.061477438,0.014160933,0.060483262,0.013563037,null,null,null,null,"TWOGAUSSIANS",8,10.441379,0.7663133,0.009496808,0.34427363,0.07131965,0.058657162,0.007042677,0.30942604,0.023203483,0.4,0.0,0.019309388,0.0065214667
375316653866487564,3141666906559708800,0.5032798,2233.1739332813845,0.7025284188899039,2.4848741E-5,14.0031185,0.0022821487,0.32464144,0.037866797,0.009304284,0.007957715,0.21503015,5.7896247,0.7171843,0.005567987,0.037681855,0.00485495,0.12199446,0.021787614,0.006032081,0.0032642265,0.32464144,0.037866797,"TWOGAUSSIANS_WITH_ELLIPSOIDAL_ON_ECLIPSE1",9,29.809477,0.32464144,0.037866797,0.052103993,0.0445632,0.22709423,5.793477,0.7180443,0.005738353,0.21101838,0.027187722,0.12937725,0.021594899
375316653866487564,3141669797075586688,0.5708735,2193.458581508255,2.212477229087875,8.726502E-6,12.554697,0.033412144,0.2624015,0.0026706539,0.10003775,0.014882505,0.28066325,0.02485045,0.77461106,0.0046291696,0.11098182,0.022151852,0.17683955,0.030331755,null,null,null,null,"TWOGAUSSIANS",8,105.78265,0.2623915,0.0026565315,0.4,0.0,0.2577579,0.028901933,0.77461106,0.0046403934,0.4,0.0,0.15392122,0.00811241
375316653866487564,3141671510765100928,0.5175809,2257.0465594308275,4.248493748340443,1.6067912E-5,19.719751,0.013707236,0.29068542,0.0035002707,0.05968758,0.0061133318,0.30822527,0.056587,0.7654581,0.022736045,0.079902254,0.053681284,0.21548678,1365.7179,null,null,null,null,"TWOGAUSSIANS",8,1.2237538,0.29068542,0.0035002707,0.33425045,0.034234658,0.30780798,0.05667957,0.7654581,0.022736045,0.4,0.23811176,0.21506949,1365.7183
