Gaia/vari_eclipsing_binary/VariEclipsingBinary_674416-674428.csv
# %ECSV 1.0
# ---
# delimiter: ','
# meta: !!omap
# - RELEASE: Gaia DR3
# - TABLE: vari_eclipsing_binary
# - DESCRIPTION: >
#     This table describes the properties of the eclipsing binaries resulting from the variability analysis. 
# - CITATION: >
#     How to cite and acknowledge Gaia: 
#     https://gea.esac.esa.int/archive/documentation/credits.html 
# - KNOWN_ISSUES: >
#     Known issues: 
#     https://www.cosmos.esa.int/web/gaia-users/known-issues 
# - DOCUMENTATION: >
#     Tutorials and documentation: 
#     https://www.cosmos.esa.int/web/gaia-users/archive 
# datatype:
# - 
#   name: solution_id
#   datatype: int64
#   description: Solution Identifier
#   meta:
#     ucd: meta.version
# - 
#   name: source_id
#   datatype: int64
#   description: Unique source identifier
#   meta:
#     ucd: meta.id;meta.main
# - 
#   name: global_ranking
#   datatype: float32
#   description: Number between 0 (worst) and 1 (best)
#   meta:
#     ucd: stat.param
# - 
#   name: reference_time
#   datatype: float64
#   unit: d
#   description: Reference time used for the geometric model fit
#   meta:
#     ucd: time.epoch
# - 
#   name: frequency
#   datatype: float64
#   unit: d**-1
#   description: Frequency of geometric model of the eclipsing binary light curve
#   meta:
#     ucd: src.orbital
# - 
#   name: frequency_error
#   datatype: float32
#   unit: d**-1
#   description: "Uncertainty of \\texttt{frequency}"
#   meta:
#     ucd: stat.error
# - 
#   name: geom_model_reference_level
#   datatype: float32
#   unit: mag
#   description: Magnitude reference level of geometric model
#   meta:
#     ucd: phot.mag;em.opt
# - 
#   name: geom_model_reference_level_error
#   datatype: float32
#   unit: mag
#   description: "Uncertainty of \\texttt{geomModelReferenceLevel}"
#   meta:
#     ucd: stat.error;phot.mag;em.opt
# - 
#   name: geom_model_gaussian1_phase
#   datatype: float32
#   description: Phase of the Gaussian 1 component
#   meta:
#     ucd: time.phase
# - 
#   name: geom_model_gaussian1_phase_error
#   datatype: float32
#   description: "Uncertainty of \\texttt{geomModelGaussian1Phase}"
#   meta:
#     ucd: stat.error;time.phase
# - 
#   name: geom_model_gaussian1_sigma
#   datatype: float32
#   description: "Standard deviation [phase] of Gaussian 1 component"
#   meta:
#     ucd: stat.stdev
# - 
#   name: geom_model_gaussian1_sigma_error
#   datatype: float32
#   description: "Uncertainty of \\texttt{geomModelGaussian1Sigma}"
#   meta:
#     ucd: stat.error
# - 
#   name: geom_model_gaussian1_depth
#   datatype: float32
#   unit: mag
#   description: Magnitude depth of Gaussian 1 component
#   meta:
#     ucd: src.var.amplitude
# - 
#   name: geom_model_gaussian1_depth_error
#   datatype: float32
#   unit: mag
#   description: "Uncertainty of \\texttt{geomModelGaussian1Depth}"
#   meta:
#     ucd: stat.error;src.var.amplitude
# - 
#   name: geom_model_gaussian2_phase
#   datatype: float32
#   description: Phase of Gaussian 2 component
#   meta:
#     ucd: time.phase
# - 
#   name: geom_model_gaussian2_phase_error
#   datatype: float32
#   description: "Uncertainty of \\texttt{geomModelGaussian2Phase}"
#   meta:
#     ucd: stat.error;time.phase
# - 
#   name: geom_model_gaussian2_sigma
#   datatype: float32
[...]
#   datatype: float32
#   description: "Secondary eclipse: uncertainty of \\texttt{derivedSecondaryEclDuration}"
#   meta:
#     ucd: stat.error;time.duration
# - 
#   name: derived_secondary_ecl_depth
#   datatype: float32
#   unit: mag
#   description: "Secondary eclipse: depth"
#   meta:
#     ucd: src.var.amplitude
# - 
#   name: derived_secondary_ecl_depth_error
#   datatype: float32
#   unit: mag
#   description: "Secondary eclipse: uncertainty of \\texttt{derivedSecondaryEclDepth}"
#   meta:
#     ucd: stat.error;src.var.amplitude
solution_id,source_id,global_ranking,reference_time,frequency,frequency_error,geom_model_reference_level,geom_model_reference_level_error,geom_model_gaussian1_phase,geom_model_gaussian1_phase_error,geom_model_gaussian1_sigma,geom_model_gaussian1_sigma_error,geom_model_gaussian1_depth,geom_model_gaussian1_depth_error,geom_model_gaussian2_phase,geom_model_gaussian2_phase_error,geom_model_gaussian2_sigma,geom_model_gaussian2_sigma_error,geom_model_gaussian2_depth,geom_model_gaussian2_depth_error,geom_model_cosine_half_period_amplitude,geom_model_cosine_half_period_amplitude_error,geom_model_cosine_half_period_phase,geom_model_cosine_half_period_phase_error,model_type,num_model_parameters,reduced_chi2,derived_primary_ecl_phase,derived_primary_ecl_phase_error,derived_primary_ecl_duration,derived_primary_ecl_duration_error,derived_primary_ecl_depth,derived_primary_ecl_depth_error,derived_secondary_ecl_phase,derived_secondary_ecl_phase_error,derived_secondary_ecl_duration,derived_secondary_ecl_duration_error,derived_secondary_ecl_depth,derived_secondary_ecl_depth_error
[from data line 147]
375316653866487564,5932249614252011648,0.43860403,2224.862074124289,0.1605506744545774,4.4085686E-5,18.168756,0.023087889,0.38650012,0.013701032,0.13867249,0.035981838,0.20124736,0.0197674,0.69299096,0.040872235,0.06287924,0.016952222,0.051252853,0.011290618,null,null,null,null,"TWOGAUSSIANS",8,8.524972,0.38650012,0.013705364,0.4,0.0,0.20040597,0.019276936,0.69299096,0.040872235,0.35212374,0.094932444,0.067909926,0.0168299
375316653866487564,5932249682993658112,0.49939358,2226.896689964527,2.829533903342061,1.1727531E-5,17.62776,0.0019995747,null,null,null,null,null,null,null,null,null,null,null,null,0.0677144,0.003046134,0.23573844,0.0031390917,"ELLIPSOIDAL",4,5.3940787,null,null,null,null,null,null,null,null,null,null,null,null
375316653866487564,5932249687370816512,0.569456,2211.5679700784226,1.8809968117598375,1.1384757E-5,17.894697,0.02802172,0.18991518,0.002861488,0.108278506,0.01161036,0.20477606,0.028583298,0.68724346,0.003975685,0.11136835,0.013781325,0.20485368,0.025985928,null,null,null,null,"TWOGAUSSIANS",8,1.7317156,0.68724346,0.003975685,0.4,0.0,0.1750058,0.0072356104,0.18991518,0.0028655778,0.4,0.0,0.1749358,0.006760367
375316653866487564,5932249721634099712,0.4695656,2205.9263864608442,2.1559119124898505,3.2383236E-5,19.047968,0.027646046,0.30541325,0.0091508245,0.0790983,0.013654332,0.3187979,0.04142979,0.8035682,0.008862607,0.0871443,0.0153641375,0.31187463,0.05318696,null,null,null,null,"TWOGAUSSIANS",8,8.016309,0.30541325,0.0091508245,0.4,0.0,0.312189,0.040844,0.8035682,0.008862607,0.4,0.0,0.30526572,0.0544248
375316653866487564,5932249721730532480,0.47247934,2198.4779534285035,2.5961533860263546,2.7207609E-5,18.326572,0.008393458,0.31124365,0.0038039095,0.033566277,0.007459206,0.10694865,0.056117248,0.79173845,0.003069836,0.023049619,0.023120191,0.26427865,0.19247416,0.102208726,0.013707643,0.31124365,0.0038039095,"TWOGAUSSIANS_WITH_ELLIPSOIDAL_ON_ECLIPSE1",9,11.291643,0.79234844,0.005261387,0.12907787,0.12947308,0.46573555,0.20579714,0.31124365,0.0038039095,0.18797114,0.041771553,0.31136584,0.053282216
375316653866487564,5932249927792720768,0.44636947,2180.800993937191,0.06817650546296639,3.7327412E-5,19.321854,0.01404908,0.317652,0.011816395,0.09985053,0.016131882,0.13818727,0.016027577,0.75407094,0.035187326,0.046587795,0.05521997,0.26220518,325.02744,null,null,null,null,"TWOGAUSSIANS",8,1.5336375,0.75407094,0.035187326,0.26089168,0.20096935,0.2620254,325.02792,0.317652,0.011816395,0.4,0.0,0.13799763,0.011541221
375316653866487564,5932250202766727936,0.6467437,2205.734717695043,1.6067367004986388,4.514419E-6,15.689678,0.008725173,0.26194438,9.810298E-4,0.055346984,0.0023806551,0.4711219,0.020366894,0.76391304,0.0018076003,0.04519013,0.00280189,0.26934153,0.019720597,0.09610178,0.011435577,0.26194438,9.810298E-4,"TWOGAUSSIANS_WITH_ELLIPSOIDAL_ON_ECLIPSE1",9,33.882412,0.26194438,9.810298E-4,0.3099431,0.013331669,0.6633078,0.016934253,0.76391304,0.0018076003,0.25306472,0.015690586,0.461498,0.007339878
375316653866487564,5932250237029574144,0.48427603,2215.6003323132168,3.132737159283882,2.9799628E-5,19.919687,0.017863192,0.27228087,0.0088439435,0.05411337,0.0098105045,0.49472255,0.14015208,0.77913034,0.020176295,0.06757661,0.018739102,0.32496682,0.037227124,null,null,null,null,"TWOGAUSSIANS",8,2.978845,0.27228087,0.0088439435,0.30303487,0.054938823,0.4945898,0.14039215,0.77913034,0.020176295,0.378429,0.072643295,0.32483408,0.03716452
375316653866487564,5932250443190683264,0.5626088,2233.9181894158082,0.8739078604946909,5.64219E-6,18.70117,0.0042212945,0.33356595,5.4228713E-4,0.036657415,8.0226996E-4,0.6152076,0.021859536,0.84200764,0.01013716,0.03965381,0.010141303,0.097661436,0.0245077,null,null,null,null,"TWOGAUSSIANS",8,2.903421,0.33356595,5.4228713E-4,0.20528153,0.0044927117,0.6152076,0.021859536,0.84200764,0.01013716,0.22206135,0.056791294,0.097661436,0.0245077
375316653866487564,5932250512004519808,0.4317839,2212.186761749628,2.391508643622168,2.2875087E-5,15.513486,0.061636876,0.25883192,0.008163214,0.09657576,0.02625174,0.1321236,0.05909987,0.74979985,0.01429144,0.10368876,0.06036857,0.10784771,0.056489434,null,null,null,null,"TWOGAUSSIANS",8,43.916256,0.25883192,0.008144055,0.4,0.0,0.122741215,0.020758921,0.74979985,0.014307805,0.4,0.0,0.098463684,0.011124513
375316653866487564,5932250649346535680,0.5050293,2202.1841358850183,0.2595958068653519,1.2399036E-4,19.540789,0.0078464225,0.20530744,0.028412653,0.032055173,0.017292798,0.6172667,1.2033521,0.8254732,0.02295359,0.017121863,0.0286764,2.4619966,3.1351247,null,null,null,null,"TWOGAUSSIANS",8,1.7898457,0.8254732,0.02295359,0.09588243,0.16058783,2.4619966,3.1351247,0.20530744,0.028412653,0.17950895,0.09683967,0.6172667,1.2033521
375316653866487564,5932250889865077504,0.47766674,2211.762627109649,2.6346124126389157,3.4190656E-5,18.14838,0.006143213,0.26866087,0.006261553,0.069818094,0.0122858845,0.12025674,0.017269874,0.7515735,0.009359609,0.08005518,0.010510822,0.13271311,0.008797381,null,null,null,null,"TWOGAUSSIANS",8,5.58215,0.7515735,0.009359609,0.4,0.0,0.13205518,0.008541914,0.26866087,0.006261553,0.39098135,0.03617108,0.119598806,0.017852666
375316653866487564,5932250889865103232,0.44702625,2197.1160637453822,3.5288485734590096,3.7963735E-5,17.794498,0.013082199,0.55254835,0.011453202,0.096133396,0.019730233,0.15412228,0.030710336,0.8747923,0.008787376,0.0057413285,0.0044879285,0.92492414,153.04399,null,null,null,null,"TWOGAUSSIANS",8,33.670322,0.8747923,0.008787376,0.03215144,0.025132399,0.9254834,153.04399,0.55254835,0.011453202,0.4,0.0,0.15412186,0.03071677
375316653866487564,5932251577060647040,0.4457946,2185.8999211454766,3.3455376369223786,4.9578477E-5,19.110397,0.008277985,0.24089687,0.017669499,0.108200416,0.018810857,0.11343647,0.009963583,0.71912235,0.0032213107,0.006380514,0.0034530552,0.08165297,0.023554483,null,null,null,null,"TWOGAUSSIANS",8,2.9471943,0.24089687,0.017669499,0.4,0.0,0.11343052,0.009953644,0.71912235,0.0032213107,0.035730876,0.019337108,0.081654534,0.023556177
375316653866487564,5932251675835107456,0.44223556,2225.497074476193,0.06808104076284131,2.5411375E-5,17.176308,0.046601664,0.27424714,0.0032727045,0.08138685,0.01620984,0.18313067,0.03403331,0.78951377,0.018858936,0.12284704,0.11347759,0.057866473,0.050788365,null,null,null,null,"TWOGAUSSIANS",8,7.4674797,0.27422714,0.0032466464,0.4,0.0,0.17609419,0.01668835,0.78951377,0.018858936,0.4,0.0,0.050797164,0.043488905
375316653866487564,5932251680139943680,0.5367718,2208.0994095214896,2.3553363810410817,1.46824805E-5,18.77683,0.020818958,0.28361577,0.0023469157,0.050785787,0.0060255043,0.34178495,0.045759287,0.7698364,0.024929745,0.050924104,0.028524818,0.17188871,0.08762461,0.08962532,0.02823242,0.28361577,0.0023469157,"TWOGAUSSIANS_WITH_ELLIPSOIDAL_ON_ECLIPSE1",9,7.8903313,0.28361577,0.0023469157,0.2844004,0.033742823,0.52103215,0.023649871,0.7722564,0.024622247,0.28517497,0.15973897,0.35003036,0.09489982
375316653866487564,5932251744557387520,0.53665346,2214.8289863182144,0.6946832848855978,4.064915E-5,17.619438,0.0019486663,0.3030696,4.6210014E-4,0.0020068116,9.162712E-4,0.019646075,0.0023161254,0.5051743,0.0045225495,0.011972275,0.00660139,1.2378042,20858.78,null,null,null,null,"TWOGAUSSIANS",8,3.062222,0.5051743,0.0045225495,0.06704474,0.036967784,1.2378042,20858.78,0.3030696,4.6210014E-4,0.011238145,0.0051311185,0.019646075,0.0023161254
375316653866487564,5932251920658032896,0.4819995,2194.625288188144,0.3494103435989328,3.421444E-5,18.113869,0.024168074,0.18196526,0.004767163,0.035358716,0.0033823783,0.70193475,0.120888375,0.7183065,0.034515575,0.13221414,0.059257228,0.07772377,0.022476492,null,null,null,null,"TWOGAUSSIANS",8,9.978374,0.18195526,0.0047682645,0.1980088,0.018941319,0.70099247,0.12173826,0.7183065,0.034515575,0.4,0.0,0.07659474,0.016263936
375316653866487564,5932252058097109248,0.48918894,2200.597068721991,2.3139396083032073,1.293028E-5,17.318163,0.024051776,0.21190293,0.0067252405,0.09283001,0.012930675,0.28480735,0.023839928,0.7241331,0.0058469917,0.07620873,0.0070560817,0.33708745,0.0268949,null,null,null,null,"TWOGAUSSIANS",8,41.843506,0.7241331,0.0058469917,0.4,0.0,0.33089823,0.023481965,0.21190293,0.0067252405,0.4,0.0,0.27861777,0.020325853
375316653866487564,5932252161176369024,0.50217515,2200.626363141469,2.6989740163970906,3.5262663E-5,19.762497,0.09642374,0.27652314,0.011938235,0.098240644,0.028211491,0.5095357,0.15040736,0.7727394,0.0074395486,0.09533549,0.019751346,0.5904014,0.084344395,null,null,null,null,"TWOGAUSSIANS",8,3.7700205,0.7727394,0.0074395486,0.4,0.0,0.5533675,0.046624206,0.27652314,0.011938235,0.4,0.0,0.47250053,0.15591341
375316653866487564,5932252195536128640,0.58546966,2221.5278303085347,1.855213217879035,4.520243E-6,18.633022,0.005162365,0.2067679,0.0012121456,0.07601964,0.0024495723,0.41968563,0.010002072,0.7075022,0.0037263166,0.078308,0.003616817,0.3741971,0.018056987,null,null,null,null,"TWOGAUSSIANS",8,1.3818538,0.2067679,0.0012121456,0.4,0.0,0.41558847,0.010453393,0.7075022,0.0037263166,0.4,0.0,0.37009993,0.018709673
375316653866487564,5932252195631885952,0.6749057,2192.2627150489398,0.5838085376075913,4.1735275E-5,14.287868,5.5623613E-4,0.16050386,0.009070576,0.03229366,0.0035113508,0.5207373,0.10467266,0.888714,0.02630954,0.043144345,0.021298593,0.00431572,0.0062599657,null,null,null,null,"TWOGAUSSIANS",8,9.870711,0.16050386,0.009070576,0.18084449,0.019663565,0.5207373,0.10467266,0.888714,0.02630954,0.24160832,0.11927212,0.00431572,0.0062599657
375316653866487564,5932252264351956352,0.49572673,2212.2364567708705,0.41394819125231963,8.943189E-5,17.95597,0.0042013824,0.28105992,0.021602083,0.011616408,0.015835233,0.1388561,0.13470004,0.76720715,0.042686753,0.029586311,0.027066234,0.55328757,0.35875112,0.018504433,0.0052484395,0.28105992,0.021602083,"TWOGAUSSIANS_WITH_ELLIPSOIDAL_ON_ECLIPSE1",9,4.295908,0.7672671,0.04262362,0.16568334,0.15157092,0.5900181,0.35855445,0.28105992,0.021602083,0.06505188,0.0886773,0.17586496,0.13289252
375316653866487564,5932252642309118336,0.5772138,2239.4555142499253,2.7302588399784757,1.6635788E-5,17.24963,0.05733644,0.20610502,0.0029082731,0.057758722,0.008745646,0.45251998,0.11306517,0.7035807,0.0058753863,0.0647458,0.009261533,0.49774674,0.1150567,0.05620371,0.059201542,0.20610502,0.0029082731,"TWOGAUSSIANS_WITH_ELLIPSOIDAL_ON_ECLIPSE1",9,32.869,0.7037607,0.005415849,0.36257645,0.051864583,0.6098482,0.022499518,0.20610502,0.0029082731,0.32344884,0.048975617,0.56464773,0.024947843
375316653866487564,5932252642309121792,0.56780016,2214.3011778376535,1.5256121716474864,5.333386E-6,14.360612,0.018301655,0.18936855,0.002041377,0.108041376,0.010637499,0.15824383,0.015199555,0.70936215,0.0033173168,0.117817275,0.013805977,0.12984443,0.017355224,null,null,null,null,"TWOGAUSSIANS",8,14.571161,0.18930855,0.0019890184,0.4,0.0,0.13818718,0.0049231,0.7093922,0.0032900746,0.4,0.0,0.10975748,0.0030141084
375316653866487564,5932252779655563008,0.50270873,2217.099423718438,1.7628277979883074,1.066132E-5,16.833223,0.002803795,0.29235128,0.0042702053,0.062281486,0.00505363,0.14660735,0.0073204613,0.78782,0.0023479136,0.05875022,0.0031133771,0.2892574,0.010393518,null,null,null,null,"TWOGAUSSIANS",8,7.964079,0.78782,0.0023479136,0.32900122,0.017434912,0.28918898,0.010408878,0.29235128,0.0042702053,0.3487763,0.028300328,0.14653894,0.0073278346
375316653866487564,5932252947147338368,0.5237781,2237.069116735161,0.8332778634549167,9.086978E-6,17.853125,0.0143482955,0.26079452,0.009095861,0.12332905,0.01754189,0.116061926,0.015266558,0.7692647,0.002385585,0.080703124,0.005467943,0.24972007,0.012983539,null,null,null,null,"TWOGAUSSIANS",8,3.7568147,0.7692747,0.002388933,0.4,0.0,0.23642577,0.007280836,0.26079452,0.009095861,0.4,0.0,0.10270275,0.009059825
375316653866487564,5932252951546778624,0.53989273,2236.9276019260064,0.26977964069414456,2.6212117E-6,19.072807,0.010156143,0.22581433,0.02040646,0.021656109,0.019117182,0.10302924,0.08480708,0.7210222,3.8473902E-4,0.021643262,0.0011501989,1.8467921,0.3196767,null,null,null,null,"TWOGAUSSIANS",8,4.403156,0.7210222,3.8473902E-4,0.12120227,0.006441114,1.8467921,0.3196767,0.22581433,0.02040646,0.12127421,0.10705622,0.10302924,0.08480708
375316653866487564,5932253050226587392,0.55856234,2239.01211603177,0.3428963638157264,1.5227294E-5,18.320545,0.0043279445,0.379915,0.0012299872,0.014439483,0.0013508461,0.36424544,0.1509611,0.88791656,0.0015748347,0.009528997,0.0014214286,0.6677128,0.029193329,null,null,null,null,"TWOGAUSSIANS",8,5.552483,0.88791656,0.0015748347,0.053362384,0.00796,0.6677128,0.029193329,0.379915,0.0012299872,0.08086111,0.007564738,0.36424544,0.1509611
375316653866487564,5932253050255418240,0.57001203,2225.042085349907,2.478955124332828,1.3307558E-5,18.08292,0.023813069,0.24771874,0.0036791938,0.043142233,0.007429389,0.63804746,0.05898694,0.7430583,0.004422213,0.05048777,0.0056372373,0.4280047,0.06549058,0.06599977,0.031897612,0.24771874,0.0036791938,"TWOGAUSSIANS_WITH_ELLIPSOIDAL_ON_ECLIPSE1",9,14.015734,0.24771874,0.0036791938,0.24159652,0.04160458,0.77004534,0.048621587,0.7433283,0.004049903,0.28273153,0.03156853,0.55989605,0.029282343
375316653866487564,5932253226337329280,0.48332837,2233.0324506082493,1.9059531163530603,2.929435E-5,19.675123,0.044180363,0.24936952,0.010013391,0.08379578,0.02826874,0.32977286,0.03924489,0.75815773,0.012470801,0.096010834,0.019874578,0.29295895,0.06605593,null,null,null,null,"TWOGAUSSIANS",8,2.8075848,0.24936952,0.0100128725,0.4,0.0,0.31851062,0.05412831,0.75815773,0.012471076,0.4,0.0,0.28169587,0.060500287
375316653866487564,5932253398243151360,0.48789328,2224.9297772343625,0.8362735131988871,1.3106147E-5,18.433125,0.01830373,0.18458678,0.0023880005,0.0800154,0.009346104,0.36016515,0.017156191,0.6601702,0.022502419,0.10111158,0.040136438,0.04616077,0.01919257,null,null,null,null,"TWOGAUSSIANS",8,2.116297,0.18458678,0.002386173,0.4,0.0,0.35700625,0.014822979,0.6601702,0.022502419,0.4,0.0,0.04300108,0.013577375
375316653866487564,5932253432582925312,0.5497449,2178.611962323386,3.0348369211615926,1.1354786E-5,16.405466,0.021821303,0.27899915,0.0026923406,0.10546217,0.011106627,0.2286121,0.016962552,0.7756523,0.0042635966,0.10656259,0.01227097,0.19955099,0.021664815,null,null,null,null,"TWOGAUSSIANS",8,16.99379,0.27899915,0.002691552,0.4,0.0,0.2031274,0.009820874,0.7756523,0.0042635966,0.4,0.0,0.17406566,0.008434273
375316653866487564,5932253776088346880,0.6031413,2194.594775485936,3.259693971596039,5.1106085E-6,18.222225,0.011859117,0.21021545,0.001013914,0.04410866,0.0038982665,0.2582185,0.027039157,0.71740645,0.0023231248,0.053162947,0.0029744012,0.3793797,0.02848686,0.11230276,0.015355847,0.21021545,0.001013914,"TWOGAUSSIANS_WITH_ELLIPSOIDAL_ON_ECLIPSE1",9,2.7432687,0.71740645,0.0023231248,0.2977125,0.016656647,0.6035232,0.015015018,0.21021545,0.001013914,0.24700849,0.021830292,0.48282024,0.016242309
375316653866487564,5932254085326184576,0.4684854,2203.3199497940873,2.8951386077856123,8.5717526E-5,19.76607,0.026205136,0.29748183,0.010328642,0.05891773,0.011081061,0.55026776,0.10796493,0.7919967,0.0129344715,0.069533095,0.017050862,0.42556474,0.103211604,null,null,null,null,"TWOGAUSSIANS",8,6.039733,0.29748183,0.010328642,0.32993928,0.062053945,0.54985446,0.10824597,0.7919967,0.0129344715,0.3893853,0.06794128,0.42515144,0.10377404
375316653866487564,5932254325844692224,0.5964812,2234.655504188434,1.6937659258709579,6.550722E-6,17.176006,0.022016888,0.27367318,0.0032674056,0.06754069,0.02409547,0.089613214,0.042791545,0.7715456,0.0014036468,0.05396305,0.004194891,0.52417094,0.042278018,0.060652025,0.026366545,0.27367318,0.0032674056,"TWOGAUSSIANS_WITH_ELLIPSOIDAL_ON_ECLIPSE1",9,8.251925,0.77165556,0.0012621349,0.30219308,0.02349139,0.6453507,0.026652576,0.27367318,0.0032674056,0.37822786,0.12227638,0.21081358,0.021584962
