Gaia/vari_eclipsing_binary/VariEclipsingBinary_715498-716837.csv
# %ECSV 1.0
# ---
# delimiter: ','
# meta: !!omap
# - RELEASE: Gaia DR3
# - TABLE: vari_eclipsing_binary
# - DESCRIPTION: >
#     This table describes the properties of the eclipsing binaries resulting from the variability analysis. 
# - CITATION: >
#     How to cite and acknowledge Gaia: 
#     https://gea.esac.esa.int/archive/documentation/credits.html 
# - KNOWN_ISSUES: >
#     Known issues: 
#     https://www.cosmos.esa.int/web/gaia-users/known-issues 
# - DOCUMENTATION: >
#     Tutorials and documentation: 
#     https://www.cosmos.esa.int/web/gaia-users/archive 
# datatype:
# - 
#   name: solution_id
#   datatype: int64
#   description: Solution Identifier
#   meta:
#     ucd: meta.version
# - 
#   name: source_id
#   datatype: int64
#   description: Unique source identifier
#   meta:
#     ucd: meta.id;meta.main
# - 
#   name: global_ranking
#   datatype: float32
#   description: Number between 0 (worst) and 1 (best)
#   meta:
#     ucd: stat.param
# - 
#   name: reference_time
#   datatype: float64
#   unit: d
#   description: Reference time used for the geometric model fit
#   meta:
#     ucd: time.epoch
# - 
#   name: frequency
#   datatype: float64
#   unit: d**-1
#   description: Frequency of geometric model of the eclipsing binary light curve
#   meta:
#     ucd: src.orbital
# - 
#   name: frequency_error
#   datatype: float32
#   unit: d**-1
#   description: "Uncertainty of \\texttt{frequency}"
#   meta:
#     ucd: stat.error
# - 
#   name: geom_model_reference_level
#   datatype: float32
#   unit: mag
#   description: Magnitude reference level of geometric model
#   meta:
#     ucd: phot.mag;em.opt
# - 
#   name: geom_model_reference_level_error
#   datatype: float32
#   unit: mag
#   description: "Uncertainty of \\texttt{geomModelReferenceLevel}"
#   meta:
#     ucd: stat.error;phot.mag;em.opt
# - 
#   name: geom_model_gaussian1_phase
#   datatype: float32
#   description: Phase of the Gaussian 1 component
#   meta:
#     ucd: time.phase
# - 
#   name: geom_model_gaussian1_phase_error
#   datatype: float32
#   description: "Uncertainty of \\texttt{geomModelGaussian1Phase}"
#   meta:
#     ucd: stat.error;time.phase
# - 
#   name: geom_model_gaussian1_sigma
#   datatype: float32
#   description: "Standard deviation [phase] of Gaussian 1 component"
#   meta:
#     ucd: stat.stdev
# - 
#   name: geom_model_gaussian1_sigma_error
#   datatype: float32
#   description: "Uncertainty of \\texttt{geomModelGaussian1Sigma}"
#   meta:
#     ucd: stat.error
# - 
#   name: geom_model_gaussian1_depth
#   datatype: float32
#   unit: mag
#   description: Magnitude depth of Gaussian 1 component
#   meta:
#     ucd: src.var.amplitude
# - 
#   name: geom_model_gaussian1_depth_error
#   datatype: float32
#   unit: mag
#   description: "Uncertainty of \\texttt{geomModelGaussian1Depth}"
#   meta:
#     ucd: stat.error;src.var.amplitude
# - 
#   name: geom_model_gaussian2_phase
#   datatype: float32
#   description: Phase of Gaussian 2 component
#   meta:
#     ucd: time.phase
# - 
#   name: geom_model_gaussian2_phase_error
#   datatype: float32
#   description: "Uncertainty of \\texttt{geomModelGaussian2Phase}"
#   meta:
#     ucd: stat.error;time.phase
# - 
#   name: geom_model_gaussian2_sigma
#   datatype: float32
[...]
#   datatype: float32
#   description: "Secondary eclipse: uncertainty of \\texttt{derivedSecondaryEclDuration}"
#   meta:
#     ucd: stat.error;time.duration
# - 
#   name: derived_secondary_ecl_depth
#   datatype: float32
#   unit: mag
#   description: "Secondary eclipse: depth"
#   meta:
#     ucd: src.var.amplitude
# - 
#   name: derived_secondary_ecl_depth_error
#   datatype: float32
#   unit: mag
#   description: "Secondary eclipse: uncertainty of \\texttt{derivedSecondaryEclDepth}"
#   meta:
#     ucd: stat.error;src.var.amplitude
solution_id,source_id,global_ranking,reference_time,frequency,frequency_error,geom_model_reference_level,geom_model_reference_level_error,geom_model_gaussian1_phase,geom_model_gaussian1_phase_error,geom_model_gaussian1_sigma,geom_model_gaussian1_sigma_error,geom_model_gaussian1_depth,geom_model_gaussian1_depth_error,geom_model_gaussian2_phase,geom_model_gaussian2_phase_error,geom_model_gaussian2_sigma,geom_model_gaussian2_sigma_error,geom_model_gaussian2_depth,geom_model_gaussian2_depth_error,geom_model_cosine_half_period_amplitude,geom_model_cosine_half_period_amplitude_error,geom_model_cosine_half_period_phase,geom_model_cosine_half_period_phase_error,model_type,num_model_parameters,reduced_chi2,derived_primary_ecl_phase,derived_primary_ecl_phase_error,derived_primary_ecl_duration,derived_primary_ecl_duration_error,derived_primary_ecl_depth,derived_primary_ecl_depth_error,derived_secondary_ecl_phase,derived_secondary_ecl_phase_error,derived_secondary_ecl_duration,derived_secondary_ecl_duration_error,derived_secondary_ecl_depth,derived_secondary_ecl_depth_error
[from data line 222]
375316653866487564,6303588470863497344,0.5065543,2186.5217349641794,1.5217400709795914,9.305576E-6,19.31817,0.007015423,0.18719397,0.011198969,0.0887407,0.015492654,0.14319074,0.07516964,0.5572567,0.0013377876,0.03243717,0.0018024188,0.29098278,0.016911665,null,null,null,null,"TWOGAUSSIANS",8,0.82466495,0.5572567,0.0013377876,0.18164816,0.010093546,0.29100633,0.016922247,0.18719397,0.011198969,0.4,0.0,0.14319032,0.07517024
375316653866487564,6303596575466276352,0.60733855,2208.54355080009,2.006715560468924,8.109985E-6,18.96609,0.008040447,0.2051441,0.0027364728,0.044522602,0.0037081912,0.73103124,0.059641276,0.7085286,0.0071201446,0.058940817,0.0064465045,0.41951358,0.08185796,null,null,null,null,"TWOGAUSSIANS",8,3.019761,0.2051441,0.0027364728,0.24932657,0.02076587,0.7310236,0.05965017,0.7085286,0.0071201446,0.3300686,0.036100425,0.41950598,0.08186469
375316653866487564,6303666634972615296,0.4678823,2171.328100939992,0.8672056590098782,5.2404717E-5,18.853241,0.16534896,0.22526215,0.012709498,0.22439806,0.13394043,0.16671522,0.16011962,0.7174005,0.050493713,0.07778553,0.03729091,0.31856436,1.2051492,null,null,null,null,"TWOGAUSSIANS",8,2.8683434,0.7174005,0.050493713,0.4,0.16046664,0.2683212,1.2231575,0.22526215,0.012709498,0.4,0.0,0.0885649,0.027206168
375316653866487564,6303738588560396672,0.572868,2213.98612833662,3.5431336375182307,1.57297E-5,16.098385,0.031196056,0.2739871,0.0017267413,0.061687876,0.013896052,0.17144124,0.06970615,0.77696925,0.006650551,0.056001585,0.013004781,0.261966,0.07121792,0.1274969,0.03957923,0.2739871,0.0017267413,"TWOGAUSSIANS_WITH_ELLIPSOIDAL_ON_ECLIPSE1",9,66.376724,0.77696925,0.006612647,0.31360886,0.07282677,0.5168123,0.055541262,0.2739871,0.0017267413,0.3454521,0.077817895,0.4263771,0.034392472
375316653866487564,6303835208144631808,0.4631476,2202.052171659275,1.1254322635837741,6.607223E-5,16.430424,0.027348964,0.6483854,0.031002628,0.16194862,0.06467676,0.12288221,0.024056798,0.3145648,0.016249057,0.04443902,0.010209806,0.11865643,0.05677376,null,null,null,null,"TWOGAUSSIANS",8,4.1805687,0.3177748,0.015359612,0.24885851,0.057174917,0.13149634,0.050491404,0.6483854,0.031002628,0.4,0.0,0.12071333,0.017870607
375316653866487564,6303850566947598848,0.61370116,2173.9047990551026,3.723394446378524,6.172511E-6,15.519125,0.007369669,0.17857963,0.0026721074,0.052360695,0.0025331774,0.44066462,0.041363556,0.669292,0.0054995655,0.03942469,0.008659655,0.5596101,0.26082537,0.12405104,0.012467544,0.17857963,0.0026721074,"TWOGAUSSIANS_WITH_ELLIPSOIDAL_ON_ECLIPSE1",9,53.965626,0.66977197,0.005373786,0.22077827,0.04849407,0.80690646,0.2724347,0.17857963,0.0026721074,0.2932199,0.014185793,0.6887615,0.04469177
375316653866487564,6303922962916301184,0.5244406,2197.2790723772914,4.1555341255353815,1.6973177E-5,17.54959,0.020578133,0.28186324,0.0037392876,0.03370154,0.014509856,0.2288841,0.10144581,null,null,null,null,null,null,0.2594217,0.033868458,0.28186324,0.0037392876,"ONEGAUSSIAN_WITH_ELLIPSOIDAL",6,83.65901,0.28186324,0.0037392876,0.18872862,0.0812552,0.747727,0.10147202,null,null,null,null,null,null
375316653866487564,6304012156501762304,0.48858854,2174.31507853689,0.89098774438081,4.8389214E-5,18.616777,0.10579388,0.21210922,0.021452863,0.09705683,0.076399416,0.091342136,0.1035514,0.71982694,0.021404345,0.032625537,0.09334487,0.38214728,0.19787352,null,null,null,null,"TWOGAUSSIANS",8,6.28126,0.71982694,0.022016233,0.182703,0.21135205,0.3820436,0.27997375,0.21210922,0.021386342,0.4,0.0,0.091238104,0.025713967
375316653866487564,6304041396639186688,0.5843117,2227.1460443636042,3.1596489439461855,2.1251251E-5,16.379255,0.009288684,0.25054708,0.009729836,0.041339282,0.010019406,0.16249463,0.029605482,0.68728733,0.0048030713,0.05314369,0.040538102,0.13796854,159.4216,0.1289912,0.02283753,0.68728733,0.0048030713,"TWOGAUSSIANS_WITH_ELLIPSOIDAL_ON_ECLIPSE2",9,57.98617,0.68728733,0.0048030713,0.29760468,0.22701338,0.39594746,159.42221,0.23974708,0.011799136,0.23149997,0.056108672,0.38799357,0.019391099
375316653866487564,6304053220684845312,0.5844812,2188.2288387835442,4.414292421963129,1.386398E-5,15.884783,0.019891767,0.17737001,0.005794684,0.09795501,0.009716257,0.28315565,0.016197188,0.69140095,0.007222549,0.08521506,0.009928208,0.36004978,0.021206757,null,null,null,null,"TWOGAUSSIANS",8,39.11813,0.69140095,0.007222549,0.4,0.0,0.347768,0.018472437,0.17737001,0.005794684,0.4,0.0,0.27087232,0.010919965
375316653866487564,6304070190099376896,0.57402515,2148.6993217112804,1.3659966238544856,7.411265E-6,12.124152,0.053402793,0.28822035,0.004440587,0.29199082,0.031028472,0.8113046,0.05052274,0.78301805,0.0024028437,0.16063745,0.013485799,0.5002737,0.12398675,null,null,null,null,"TWOGAUSSIANS",8,49.710087,0.78301805,0.0024028437,0.4,0.0,0.1409039,0.00468016,0.29042035,0.0043926863,0.4,0.0,0.08982556,0.0036096836
375316653866487564,6304180313061505280,0.5178612,2260.506546589531,0.34676082499791955,1.4201013E-4,15.862491,0.0036105998,0.36342734,0.0025373388,0.019713778,0.0043637757,0.18167156,0.117412955,0.8499719,0.06599997,0.035154533,0.048434377,0.076421335,0.07513767,null,null,null,null,"TWOGAUSSIANS",8,1.0029862,0.36342734,0.0025373388,0.11039715,0.024437144,0.18167156,0.11741296,0.8499719,0.06599997,0.19686538,0.24760363,0.076421335,0.07513772
375316653866487564,6304211275480856320,0.7009515,2184.390492998802,1.573687062161581,2.180981E-5,12.956538,0.0070444583,0.28725663,0.013214556,0.059191227,0.006112757,0.66484135,0.023840308,0.81660014,0.004676948,0.05290954,0.010434308,0.07632135,0.016223516,0.028406058,0.009846287,0.81660014,0.004676948,"TWOGAUSSIANS_WITH_ELLIPSOIDAL_ON_ECLIPSE2",9,73.10466,0.28791663,0.012738383,0.33147088,0.03423144,0.719776,0.025094928,0.81660014,0.004676948,0.2962934,0.058432125,0.13312267,0.006624024
375316653866487564,6304264636154596096,0.5252584,2191.152756467867,3.2176708538289236,2.602274E-5,16.086437,0.024523987,0.29334593,0.0073217573,0.1066634,0.020560598,0.21144186,0.019028956,0.80592704,0.0042484673,0.08748626,0.011798616,0.26898462,0.023188548,null,null,null,null,"TWOGAUSSIANS",8,48.09269,0.80592704,0.00425057,0.4,0.0,0.2546742,0.02415232,0.29334593,0.0073217573,0.4,0.0,0.19712326,0.011381366
375316653866487564,6304363317323152640,0.5390805,2237.0224839306015,2.5445403775565922,1.6091615E-5,13.1079445,0.008015016,0.22079742,0.002922809,0.08142615,0.010490383,0.10931049,0.00661572,0.7126003,0.010807009,0.09210936,0.014675683,0.105307035,0.0132172145,null,null,null,null,"TWOGAUSSIANS",8,59.261997,0.22079742,0.002922809,0.4,0.0,0.106374025,0.0070153847,0.7126003,0.010807009,0.4,0.0,0.10237048,0.0129827745
375316653866487564,6304446257436575488,0.6005572,2205.5047558832102,1.6050293953355323,8.3220395E-5,16.552534,0.005048363,0.35697836,0.002451131,0.030203063,0.0028854772,0.47098345,0.016998382,0.5867602,3.3048287E-4,0.01636589,0.0017951207,0.18629353,0.004480645,0.009381389,0.009255702,0.35697836,0.002451131,"TWOGAUSSIANS_WITH_ELLIPSOIDAL_ON_ECLIPSE1",9,24.682413,0.35697836,0.002451131,0.16913715,0.016158672,0.4897462,0.019716483,0.5867602,3.3048287E-4,0.09164899,0.010052675,0.18659468,0.004223889
375316653866487564,6304491543571021440,0.603341,2204.3303185606446,3.8136316145976523,8.573105E-6,17.889061,0.08601103,0.25302783,0.006332032,0.1180591,0.03049527,0.30289966,0.08319382,0.7455237,0.0029458695,0.10779274,0.015480265,0.32076243,0.08409457,null,null,null,null,"TWOGAUSSIANS",8,2.0446002,0.7455237,0.0029458695,0.4,0.0,0.27106512,0.015610082,0.25303784,0.0063923174,0.4,0.0,0.25313687,0.010720283
375316653866487564,6304513125782512000,0.6544544,2197.6880125595526,2.758547039216228,7.5591956E-6,13.781155,0.005579938,0.18966714,0.0010096875,0.04275235,0.0017458621,0.4304955,0.015282619,0.6927325,6.526718E-4,0.047750916,0.0015047132,0.54239064,0.03119111,0.12704167,0.008549978,0.6927325,6.526718E-4,"TWOGAUSSIANS_WITH_ELLIPSOIDAL_ON_ECLIPSE2",9,141.5943,0.6927325,6.526718E-4,0.26740515,0.008426394,0.79647297,0.031385563,0.18990715,9.119448E-4,0.23941316,0.009776828,0.6844909,0.01476382
375316653866487564,6304648296993546368,0.5079283,2234.8094297748685,4.288286927699594,2.7584796E-5,17.820774,0.006160597,0.23145464,0.017759474,0.039423093,0.015047736,0.10730047,0.014507629,0.7245118,0.004266467,0.06843308,0.0077403397,0.2429607,0.021150056,null,null,null,null,"TWOGAUSSIANS",8,7.013277,0.7245118,0.004266467,0.38322526,0.028215995,0.24295516,0.021160902,0.23145464,0.017759474,0.22076933,0.08426732,0.107294925,0.014468808
375316653866487564,6304790821187990016,0.6176899,2190.926930504576,3.572669278201209,6.331291E-6,16.055513,0.06919394,0.17113248,0.0032412643,0.059840813,0.019975785,0.26264742,0.14140473,0.6641888,0.035782263,0.06461911,0.035959583,0.34211424,0.17223269,0.09290459,0.08873027,0.17113248,0.0032412643,"TWOGAUSSIANS_WITH_ELLIPSOIDAL_ON_ECLIPSE1",9,40.85532,0.6652388,0.03418043,0.36186704,0.20137367,0.52745384,0.07232873,0.17113248,0.0032412643,0.33510855,0.111864395,0.44828686,0.06463577
375316653866487564,6304841501801336704,0.56008357,2304.952723582021,4.020866921344984,8.740309E-6,18.437962,0.015197686,0.21097799,0.005381468,0.038341396,0.010368089,0.46234483,0.24762996,0.69293153,2.6381388E-4,0.020178428,0.0013843209,2.8162258,0.6578276,0.15107474,0.024269717,0.21097799,0.005381468,"TWOGAUSSIANS_WITH_ELLIPSOIDAL_ON_ECLIPSE1",9,12.050575,0.69299155,2.496748E-4,0.1129992,0.0077521973,3.1145203,0.6997541,0.21097799,0.005381468,0.21471182,0.058061298,0.7644943,0.27423608
375316653866487564,6304866859289026304,0.47737724,2204.5052990263957,0.9325518251426397,1.2923995E-4,18.277086,0.008144032,0.273717,0.024863672,0.07218069,0.01922203,0.17973794,0.02452858,0.76574916,0.015741797,0.048653115,0.01839802,0.11486125,0.017876688,null,null,null,null,"TWOGAUSSIANS",8,1.8373678,0.273717,0.024863672,0.4,0.01637627,0.17969513,0.024215594,0.76574916,0.015741797,0.27245745,0.10302891,0.11481844,0.017837955
375316653866487564,6304931352517979648,0.63430333,2190.1997440909336,3.855643298129128,7.2724742E-6,18.037264,0.0045332266,0.25941056,0.0023819227,0.0666353,0.0024699096,0.6366731,0.021952176,0.7604148,0.004759553,0.072238356,0.003196653,0.51854515,0.04026568,null,null,null,null,"TWOGAUSSIANS",8,3.8984358,0.25941056,0.0023819227,0.3731577,0.013831494,0.634968,0.022124574,0.7604148,0.004759553,0.4,0.007883458,0.5168401,0.04045306
375316653866487564,6304947639034278400,0.5577164,2189.908447880117,0.12077181849244005,1.5221586E-4,15.805387,0.005105626,0.2923462,0.004541896,0.06510431,0.0059410133,0.23053394,0.14305063,0.71734923,0.020993514,0.14830221,0.0233448,0.03882574,0.006631836,null,null,null,null,"TWOGAUSSIANS",8,9.871037,0.2925662,0.004457721,0.36458415,0.033269674,0.22821942,0.14340337,0.71734923,0.020993514,0.4,0.0,0.03584946,0.005400623
375316653866487564,6304977836948638976,0.44296476,2179.4400433961537,3.662711483571139,1.8315553E-5,16.847126,0.003641731,null,null,null,null,null,null,null,null,null,null,null,null,0.05659104,0.00727948,0.17463176,0.0063281176,"ELLIPSOIDAL",4,26.352507,null,null,null,null,null,null,null,null,null,null,null,null
375316653866487564,6304980040267262592,0.62774694,2183.1703895869446,3.0538452680063215,1.0062831E-5,15.1801815,0.03189857,0.18194236,0.003010911,0.05745212,0.008243984,0.40400288,0.05946799,0.67990863,0.00489878,0.061441954,0.00845112,0.5024018,0.05759138,0.08048008,0.033290844,0.18194236,0.003010911,"TWOGAUSSIANS_WITH_ELLIPSOIDAL_ON_ECLIPSE1",9,88.46806,0.68008864,0.004450904,0.34407493,0.04732627,0.6631952,0.036025476,0.18194236,0.003010911,0.32173187,0.046166312,0.56482023,0.02767945
375316653866487564,6305065832238331392,0.4572187,2210.066423522117,1.2686171617735587,9.1321344E-5,19.391829,0.008960951,0.2660044,0.020536112,0.054589953,0.017499685,0.1665802,0.028500779,0.81259245,0.0014147307,0.04371859,0.007788995,0.11701745,0.017409554,null,null,null,null,"TWOGAUSSIANS",8,1.9120516,0.2660044,0.020536112,0.30570373,0.09799824,0.16658014,0.028501049,0.81259245,0.0014147307,0.24482413,0.04361837,0.117017396,0.017409652
375316653866487564,6305081019242475392,0.5803722,2174.226495804254,3.877824215581641,1.3087226E-5,18.851994,0.0083006425,0.30468643,0.004257211,0.081902936,0.0043483465,0.3566106,0.0105338115,0.812223,0.0156696,0.06632332,0.010011291,0.40619978,0.15189777,null,null,null,null,"TWOGAUSSIANS",8,2.388739,0.812223,0.0156696,0.3714106,0.049491186,0.40406314,0.15258515,0.30468643,0.004257211,0.4,0.0,0.35447392,0.010495323
375316653866487564,6305098306486598784,0.5075261,2277.702136226679,4.883841782241087,3.74237E-5,18.569908,0.008781447,0.28598022,0.017386125,0.048032362,0.022416791,1.0723276,72.2613,0.69331723,0.011636219,0.09142526,0.01967224,0.05407752,0.0088787675,null,null,null,null,"TWOGAUSSIANS",8,1.2031095,0.28598022,0.017386125,0.26898122,0.12553403,1.0722984,72.26133,0.69331723,0.011636219,0.4,0.0,0.05404573,0.008822944
375316653866487564,6305153144629784576,0.53990805,2192.115030290037,4.91036430209811,4.28437E-5,15.820145,0.0033275383,0.25178966,0.0025194273,0.06634231,0.0029960591,0.11498157,0.0036616267,0.74300635,0.0105945375,0.07455855,0.009908074,0.15015107,0.009430009,null,null,null,null,"TWOGAUSSIANS",8,17.391209,0.74300635,0.0105945375,0.4,0.017221808,0.14976129,0.009243789,0.25178966,0.0025194273,0.3715169,0.01677793,0.114591785,0.003432611
375316653866487564,6305221206975302912,0.61253256,2271.520653959072,3.0990914471967015,2.8010127E-5,18.95663,0.010060038,0.189202,0.009589963,0.059722804,0.012986122,0.3422177,0.051880185,0.672032,0.0023864543,0.06245352,0.0074470434,0.7322145,0.041488215,null,null,null,null,"TWOGAUSSIANS",8,2.8597808,0.672032,0.0023864543,0.3497397,0.041703444,0.7320852,0.041590877,0.189202,0.009589963,0.3344477,0.07272228,0.34208843,0.052237958
375316653866487564,6305221688011714048,0.48376843,2238.894678135882,0.8984357548331134,1.9140925E-5,19.189842,0.0066668605,0.31980777,0.122085996,0.086398475,0.07130198,0.04679625,0.02097968,0.7916384,0.0049498403,0.02330169,0.006062137,0.1524563,0.027616529,null,null,null,null,"TWOGAUSSIANS",8,1.4581206,0.7916384,0.0049498403,0.13048947,0.033947967,0.1524554,0.027616091,0.31980777,0.122085996,0.4,0.2311529,0.04679534,0.020973517
375316653866487564,6305244885131212544,0.5107497,2182.460295916412,0.5333510904338561,8.2725244E-5,15.774759,0.005613313,0.45186853,1.18735974E-4,0.006673765,2.5915075E-4,0.28516695,0.00370728,0.7703687,0.012688669,0.03934407,0.018377667,0.06671496,0.0106569305,null,null,null,null,"TWOGAUSSIANS",8,82.6202,0.45186853,1.18735974E-4,0.037373085,0.0014512442,0.28516695,0.0037072806,0.7703687,0.012688669,0.22032678,0.10291494,0.06671496,0.0106569305
375316653866487564,6305258281133851008,0.65052223,2173.1818187826216,2.6546795821502873,4.5959555E-6,16.40686,0.010181568,0.2165355,0.0012256111,0.049292836,0.0030910408,0.4521914,0.045294542,0.720415,0.05064475,0.043911375,0.025798248,0.4107044,0.13695845,0.10927943,0.015425832,0.2165355,0.0012256111,"TWOGAUSSIANS_WITH_ELLIPSOIDAL_ON_ECLIPSE1",9,14.249506,0.2165355,0.0012256111,0.27603987,0.017309828,0.670749,0.044579618,0.720415,0.05064475,0.2459037,0.14447019,0.62913215,0.15418586
375316653866487564,6305282577764153600,0.6100823,2209.7987392660643,1.7600609122819835,1.2424208E-5,14.859512,0.006477111,0.18163894,0.002088972,0.05948103,0.012713764,0.06605241,0.01813872,0.68353504,0.01747027,0.04229388,0.015775293,0.044865165,0.01730332,0.07418755,0.011132468,0.18163894,0.002088972,"TWOGAUSSIANS_WITH_ELLIPSOIDAL_ON_ECLIPSE1",9,21.571533,0.18163894,0.002088972,0.33309376,0.07119708,0.21441747,0.01321786,0.68353504,0.016692484,0.23684573,0.088341646,0.19320917,0.0075369263
