Gaia/vari_eclipsing_binary/VariEclipsingBinary_205074-205233.csv
# %ECSV 1.0
# ---
# delimiter: ','
# meta: !!omap
# - RELEASE: Gaia DR3
# - TABLE: vari_eclipsing_binary
# - DESCRIPTION: >
#     This table describes the properties of the eclipsing binaries resulting from the variability analysis. 
# - CITATION: >
#     How to cite and acknowledge Gaia: 
#     https://gea.esac.esa.int/archive/documentation/credits.html 
# - KNOWN_ISSUES: >
#     Known issues: 
#     https://www.cosmos.esa.int/web/gaia-users/known-issues 
# - DOCUMENTATION: >
#     Tutorials and documentation: 
#     https://www.cosmos.esa.int/web/gaia-users/archive 
# datatype:
# - 
#   name: solution_id
#   datatype: int64
#   description: Solution Identifier
#   meta:
#     ucd: meta.version
# - 
#   name: source_id
#   datatype: int64
#   description: Unique source identifier
#   meta:
#     ucd: meta.id;meta.main
# - 
#   name: global_ranking
#   datatype: float32
#   description: Number between 0 (worst) and 1 (best)
#   meta:
#     ucd: stat.param
# - 
#   name: reference_time
#   datatype: float64
#   unit: d
#   description: Reference time used for the geometric model fit
#   meta:
#     ucd: time.epoch
# - 
#   name: frequency
#   datatype: float64
#   unit: d**-1
#   description: Frequency of geometric model of the eclipsing binary light curve
#   meta:
#     ucd: src.orbital
# - 
#   name: frequency_error
#   datatype: float32
#   unit: d**-1
#   description: "Uncertainty of \\texttt{frequency}"
#   meta:
#     ucd: stat.error
# - 
#   name: geom_model_reference_level
#   datatype: float32
#   unit: mag
#   description: Magnitude reference level of geometric model
#   meta:
#     ucd: phot.mag;em.opt
# - 
#   name: geom_model_reference_level_error
#   datatype: float32
#   unit: mag
#   description: "Uncertainty of \\texttt{geomModelReferenceLevel}"
#   meta:
#     ucd: stat.error;phot.mag;em.opt
# - 
#   name: geom_model_gaussian1_phase
#   datatype: float32
#   description: Phase of the Gaussian 1 component
#   meta:
#     ucd: time.phase
# - 
#   name: geom_model_gaussian1_phase_error
#   datatype: float32
#   description: "Uncertainty of \\texttt{geomModelGaussian1Phase}"
#   meta:
#     ucd: stat.error;time.phase
# - 
#   name: geom_model_gaussian1_sigma
#   datatype: float32
#   description: "Standard deviation [phase] of Gaussian 1 component"
#   meta:
#     ucd: stat.stdev
# - 
#   name: geom_model_gaussian1_sigma_error
#   datatype: float32
#   description: "Uncertainty of \\texttt{geomModelGaussian1Sigma}"
#   meta:
#     ucd: stat.error
# - 
#   name: geom_model_gaussian1_depth
#   datatype: float32
#   unit: mag
#   description: Magnitude depth of Gaussian 1 component
#   meta:
#     ucd: src.var.amplitude
# - 
#   name: geom_model_gaussian1_depth_error
#   datatype: float32
#   unit: mag
#   description: "Uncertainty of \\texttt{geomModelGaussian1Depth}"
#   meta:
#     ucd: stat.error;src.var.amplitude
# - 
#   name: geom_model_gaussian2_phase
#   datatype: float32
#   description: Phase of Gaussian 2 component
#   meta:
#     ucd: time.phase
# - 
#   name: geom_model_gaussian2_phase_error
#   datatype: float32
#   description: "Uncertainty of \\texttt{geomModelGaussian2Phase}"
#   meta:
#     ucd: stat.error;time.phase
# - 
#   name: geom_model_gaussian2_sigma
#   datatype: float32
[...]
#   datatype: float32
#   description: "Secondary eclipse: uncertainty of \\texttt{derivedSecondaryEclDuration}"
#   meta:
#     ucd: stat.error;time.duration
# - 
#   name: derived_secondary_ecl_depth
#   datatype: float32
#   unit: mag
#   description: "Secondary eclipse: depth"
#   meta:
#     ucd: src.var.amplitude
# - 
#   name: derived_secondary_ecl_depth_error
#   datatype: float32
#   unit: mag
#   description: "Secondary eclipse: uncertainty of \\texttt{derivedSecondaryEclDepth}"
#   meta:
#     ucd: stat.error;src.var.amplitude
solution_id,source_id,global_ranking,reference_time,frequency,frequency_error,geom_model_reference_level,geom_model_reference_level_error,geom_model_gaussian1_phase,geom_model_gaussian1_phase_error,geom_model_gaussian1_sigma,geom_model_gaussian1_sigma_error,geom_model_gaussian1_depth,geom_model_gaussian1_depth_error,geom_model_gaussian2_phase,geom_model_gaussian2_phase_error,geom_model_gaussian2_sigma,geom_model_gaussian2_sigma_error,geom_model_gaussian2_depth,geom_model_gaussian2_depth_error,geom_model_cosine_half_period_amplitude,geom_model_cosine_half_period_amplitude_error,geom_model_cosine_half_period_phase,geom_model_cosine_half_period_phase_error,model_type,num_model_parameters,reduced_chi2,derived_primary_ecl_phase,derived_primary_ecl_phase_error,derived_primary_ecl_duration,derived_primary_ecl_duration_error,derived_primary_ecl_depth,derived_primary_ecl_depth_error,derived_secondary_ecl_phase,derived_secondary_ecl_phase_error,derived_secondary_ecl_duration,derived_secondary_ecl_duration_error,derived_secondary_ecl_depth,derived_secondary_ecl_depth_error
[from data line 468]
375316653866487564,1805121569929772544,0.44013065,2187.9051605532727,1.3029363420476765,4.5722016E-5,19.092667,0.011762464,0.20408824,0.02335806,0.09050959,0.023726527,0.115656964,0.033325143,0.701881,0.002926434,0.017832372,0.0062659946,2.6394181,5.3420596,null,null,null,null,"TWOGAUSSIANS",8,2.4631152,0.701881,0.002926434,0.09986129,0.03508957,2.639412,5.3420725,0.20408824,0.02335806,0.4,0.0,0.11565083,0.033332746
375316653866487564,1805121947892452480,0.6342838,2211.6687187269376,3.056803725319247,2.9158311E-6,17.594202,0.008051073,0.15094484,0.0011364674,0.053125374,0.0020376632,0.56967944,0.023203028,0.65024745,8.768792E-4,0.044273008,0.0020831386,0.39752766,0.021114578,0.11301113,0.011995916,0.15094484,0.0011364674,"TWOGAUSSIANS_WITH_ELLIPSOIDAL_ON_ECLIPSE1",9,6.464919,0.15094484,0.0011364674,0.2975021,0.011410913,0.7956928,0.01913354,0.6503075,7.861505E-4,0.24792884,0.011665576,0.62353706,0.01863562
375316653866487564,1805123043103380352,0.6274142,2240.5950091949608,4.148414534698633,1.1382573E-5,18.447382,0.014244621,0.21400537,0.0024879982,0.052086122,0.0049363305,0.4419103,0.03444281,0.71042746,0.003829092,0.04876504,0.006749411,0.38559502,0.03766129,0.11917234,0.018050728,0.21400537,0.0024879982,"TWOGAUSSIANS_WITH_ELLIPSOIDAL_ON_ECLIPSE1",9,2.6448023,0.21400537,0.0024879982,0.29168227,0.027643451,0.68025005,0.018990228,0.7107975,0.0032951783,0.27308422,0.037796702,0.62382686,0.042174656
375316653866487564,1805123146182653312,0.7188145,2222.706099496,1.3781047672606637,3.8824887E-6,15.323124,0.0037339518,0.2557945,9.4516686E-4,0.04813838,0.0035462857,0.108957864,0.008849709,0.75426364,0.0011010346,0.04802736,0.0015993462,0.4038574,0.012293794,0.0927187,0.0047522904,0.2557945,9.4516686E-4,"TWOGAUSSIANS_WITH_ELLIPSOIDAL_ON_ECLIPSE1",9,6.299506,0.7543836,9.938561E-4,0.2689532,0.008956338,0.58927804,0.013358856,0.2557945,9.4516686E-4,0.26957494,0.0198592,0.29439434,0.004573641
375316653866487564,1805123867737156736,0.53181756,2206.8491071475155,2.5694237132215934,8.626519E-6,17.720999,0.009212322,0.8197783,0.0024445194,0.042417232,0.004861047,0.21126945,0.03604827,null,null,null,null,null,null,0.21566159,0.01671113,0.8197783,0.0024445194,"ONEGAUSSIAN_WITH_ELLIPSOIDAL",6,36.6836,0.8197783,0.0024445194,0.2375365,0.027221864,0.64259183,0.026877593,null,null,null,null,null,null
375316653866487564,1805129850635537408,0.52383673,2231.4535272909366,0.27543135335380203,6.540675E-5,18.225588,0.00283372,0.12023258,0.0069148038,0.013262395,0.0033429903,0.31704846,0.023731433,0.55486035,0.03347787,0.020657182,0.014810428,0.054461896,12.106409,null,null,null,null,"TWOGAUSSIANS",8,3.6384072,0.12023258,0.0069148038,0.074269414,0.018720744,0.31704846,0.023731433,0.55486035,0.03347787,0.11568021,0.082938395,0.054461896,12.106409
375316653866487564,1805130602246313600,0.4850392,2219.718274239096,0.15814420186403394,8.2490384E-5,18.260483,0.0048249983,0.14421602,0.016720861,0.057097413,0.0079771085,0.24185994,0.09276121,0.61039746,0.0046845265,0.024949271,0.0035828827,0.20425647,0.020917721,null,null,null,null,"TWOGAUSSIANS",8,5.45226,0.14421602,0.016720861,0.3197455,0.044671807,0.24185994,0.09276121,0.61039746,0.0046845265,0.13971592,0.020064143,0.20425647,0.020917721
375316653866487564,1805132114074863744,0.5272776,2227.858598983144,3.3672224587615647,2.1363236E-5,17.750324,0.018443443,0.32024533,0.0031507232,0.09140778,0.0122618945,0.25142035,0.012760591,0.81616354,0.0046804487,0.088479474,0.012875426,0.27491865,0.020674644,null,null,null,null,"TWOGAUSSIANS",8,10.216023,0.81616354,0.0046804487,0.4,0.0,0.26456183,0.02648727,0.32024533,0.0031507232,0.4,0.0,0.24106343,0.012615193
375316653866487564,1805134656697357056,0.5656532,2263.154163773125,3.858174099275686,5.6846316E-6,17.71696,0.0066471724,0.29221135,0.006154979,0.07576697,0.0057142186,0.36261293,0.024669122,0.7832579,0.0015402713,0.069542386,0.002683583,0.35356757,0.013101214,null,null,null,null,"TWOGAUSSIANS",8,6.3909407,0.29221135,0.006154979,0.4,0.0,0.36106062,0.024942225,0.7832579,0.0015402713,0.38943738,0.015028064,0.35201523,0.013123565
375316653866487564,1805134695355921280,0.489784,2223.300493117034,3.094141826417026,3.1245632E-5,19.217318,0.022002965,0.27937636,0.062481828,0.10352717,0.1256508,0.06311788,0.028140817,0.7756847,0.0039985506,0.041801963,0.004625203,0.3670466,0.041489456,null,null,null,null,"TWOGAUSSIANS",8,2.103366,0.7756847,0.0039985506,0.234091,0.025901137,0.36660483,0.04074169,0.27937636,0.062481828,0.4,0.0,0.06267501,0.030956121
375316653866487564,1805137409775528704,0.45284066,2226.0532006950993,0.10578144535650265,5.2703497E-5,16.815407,0.0065599736,0.12376629,0.01470735,0.022759298,0.013514086,0.54454464,18.377731,0.7251317,0.010615757,0.049592223,0.037035864,0.25178453,26656.574,0.0253553,0.0072816876,0.7251317,0.010615757,"TWOGAUSSIANS_WITH_ELLIPSOIDAL_ON_ECLIPSE2",9,26.377932,0.12405629,0.016393352,0.12745208,0.07567888,0.57736355,18.375452,0.7251317,0.010615757,0.27771646,0.20740083,0.30249432,26656.586
375316653866487564,1805138612366099712,0.5676844,2246.995255635242,3.7694057615546503,3.126459E-5,14.036646,0.016206844,0.2172503,0.0031664462,0.04306867,0.0071925186,0.36940917,0.03449493,0.71613467,0.010064923,0.060462452,0.00783021,0.26825246,0.039894473,0.09933132,0.02002763,0.2172503,0.0031664462,"TWOGAUSSIANS_WITH_ELLIPSOIDAL_ON_ECLIPSE1",9,33.442493,0.2172503,0.0031664462,0.24118456,0.040278103,0.568022,0.03974703,0.71633464,0.009264662,0.33858973,0.043849178,0.46685728,0.013774032
375316653866487564,1805140463493402240,0.52391297,2219.585826315837,2.2275646141794163,2.2822755E-5,17.8885,0.005217286,0.316772,0.007828507,0.08272423,0.012060042,0.119624734,0.008378505,0.80773383,0.005024622,0.04207412,0.004975338,0.29457667,0.052715894,null,null,null,null,"TWOGAUSSIANS",8,4.8605027,0.80773383,0.005024622,0.23561507,0.027861893,0.294503,0.05276071,0.316772,0.007828507,0.4,0.0,0.11955107,0.0084117055
375316653866487564,1805140948830774528,0.4421679,2182.8915973958706,3.3346931700122577,9.835031E-6,17.159075,0.006298302,0.49305177,0.006579072,0.0465184,0.005374363,0.092794016,0.00659422,0.74246454,7.31551E-8,0.0012437219,8.103023E-5,1.0566843,0.37951395,null,null,null,null,"TWOGAUSSIANS",8,11.930824,0.74246454,7.31551E-8,0.006964843,4.537693E-4,1.0566844,0.3795139,0.49305177,0.006579072,0.26050302,0.030096432,0.092794016,0.00659422
375316653866487564,1805143525807484032,0.4276041,2184.2338723621065,0.7907438023897976,4.456891E-5,18.657362,0.008565119,0.18685898,0.018324712,0.02292016,0.0124568185,0.17088617,0.09306559,0.77822983,0.015367947,0.08147194,0.017291311,0.07594903,0.01567803,null,null,null,null,"TWOGAUSSIANS",8,3.9670746,0.18685898,0.018324712,0.1283529,0.069758184,0.17088643,0.09306557,0.77822983,0.015367947,0.4,0.0,0.07594901,0.015678143
375316653866487564,1805144621021939712,0.5839477,2226.584294894811,3.4181498908748256,1.482187E-5,18.2458,0.009115095,0.2697404,0.003296914,0.07620914,0.0027358825,0.47492436,0.017747026,0.7633843,0.0036351304,0.077047065,0.004142246,0.5522765,0.018947672,null,null,null,null,"TWOGAUSSIANS",8,5.3933983,0.7633843,0.0036351304,0.4,0.0,0.54791063,0.0191186,0.2697404,0.003296914,0.4,0.0,0.4705585,0.017201094
375316653866487564,1805147545898135936,0.5745612,2228.5002240297613,1.4957951249376553,1.2899223E-5,14.259035,0.007162921,0.19117823,0.0027635281,0.10858737,0.007748277,0.123705775,0.006529617,0.68519706,0.0027882908,0.09226146,0.007394887,0.114060275,0.006634604,null,null,null,null,"TWOGAUSSIANS",8,11.817687,0.19117823,0.0027635281,0.4,0.0,0.11376039,0.0027544019,0.68519706,0.0027882908,0.4,0.0,0.104121126,0.003088095
375316653866487564,1805148885927973504,0.63338876,2219.434390391864,3.4514815939670345,6.6487955E-6,15.625895,0.00875118,0.21380782,0.0023130914,0.044042207,0.008172704,0.23203826,0.02004839,0.71708953,0.0026360387,0.05429405,0.0040665464,0.3202005,0.018252417,0.11637992,0.011579436,0.21380782,0.0023130914,"TWOGAUSSIANS_WITH_ELLIPSOIDAL_ON_ECLIPSE1",9,39.305264,0.71708953,0.0026360387,0.30404666,0.02277266,0.5528544,0.013379405,0.21380782,0.0023130914,0.24663636,0.04576714,0.46479112,0.008793462
375316653866487564,1805150702695975680,0.5841719,2235.6310041896522,2.636005298005946,1.5143769E-5,17.676376,0.013517881,0.29767516,0.0056046904,0.079892844,0.005725073,0.47060108,0.04165839,0.79974467,0.001398658,0.07979982,0.0032883345,0.44338372,0.013021938,null,null,null,null,"TWOGAUSSIANS",8,8.47938,0.29767516,0.0056046904,0.4,0.0,0.46407983,0.042101517,0.79974467,0.001398658,0.4,0.0,0.43686247,0.011438477
375316653866487564,1805150737055749632,0.5645727,2237.3902032474716,3.1101084140023385,1.34314605E-5,18.891977,0.006203549,0.21923076,0.0026406911,0.0413738,0.003771199,0.76252806,0.067655034,0.7242928,0.0046133986,0.029357804,0.013461577,0.67925984,5.984395,0.071045145,0.014841574,0.21923076,0.0026406911,"TWOGAUSSIANS_WITH_ELLIPSOIDAL_ON_ECLIPSE1",9,6.233809,0.21923076,0.0026406911,0.23169328,0.021118714,0.904618,0.06807576,0.7242928,0.0046133986,0.1644037,0.07538483,0.8212061,5.9863224
375316653866487564,1805152008365494656,0.47332048,2241.1920446979334,0.09082339631280278,4.655835E-5,18.02284,0.015574267,0.2232707,0.012781357,0.049335476,0.0107477,0.119936936,0.019802956,0.69687814,0.04004548,0.08364472,0.056525964,0.10336828,0.02934537,null,null,null,null,"TWOGAUSSIANS",8,3.2883337,0.2232707,0.012772019,0.27627867,0.06018712,0.11985362,0.016436396,0.69687814,0.04004548,0.4,0.0,0.10328496,0.030325783
375316653866487564,1805156303332969984,0.5721099,2231.164263611671,2.995941059867843,3.1151263E-5,18.357994,0.0089913225,0.14487506,0.0041051386,0.06766333,0.004723166,0.42377838,0.015564528,0.6344567,0.004095877,0.079524316,0.004667702,0.50379544,0.040347513,null,null,null,null,"TWOGAUSSIANS",8,5.3002763,0.6344567,0.004095877,0.4,0.0,0.50152516,0.040656183,0.14487506,0.0041051386,0.37891462,0.02422794,0.42150807,0.015350517
375316653866487564,1805157712082485760,0.40540934,2243.3376061014146,0.00935548788406481,1.9881303E-5,15.563318,0.028149027,0.20912945,0.008354449,0.16147031,0.05487603,0.29216668,0.06649729,0.71181095,0.005645379,0.20820677,0.07682566,0.3093693,0.029398475,null,null,null,null,"TWOGAUSSIANS",8,24.987537,0.20774946,0.010131123,0.4,0.0,0.09004954,0.011717761,0.7125809,0.005645528,0.4,0.0,0.07747,0.019402798
375316653866487564,1805158609734156032,0.6204623,2251.42235720439,2.2264129657246325,1.615349E-5,15.365381,0.0083953645,0.25539508,0.0032897082,0.048120886,0.00752205,0.48910218,0.021920202,0.7525746,0.015363924,0.036066554,0.016804488,0.067189135,0.038849883,0.07474228,0.01021535,0.25539508,0.0032897082,"TWOGAUSSIANS_WITH_ELLIPSOIDAL_ON_ECLIPSE1",9,97.61392,0.25539508,0.0032897082,0.26947698,0.042123478,0.638586,0.024907632,0.7530946,0.014270276,0.20197271,0.09410514,0.21663474,0.038514607
375316653866487564,1805159773666967040,0.521627,2218.7740320128564,3.7318887268756433,3.1926644E-5,18.454939,0.009863885,0.25218272,0.0067504677,0.07921707,0.011315671,0.2169292,0.017542334,0.76580817,0.003457995,0.082725905,0.0051916214,0.26050535,0.012989337,null,null,null,null,"TWOGAUSSIANS",8,4.630491,0.76580817,0.003457995,0.4,0.0,0.25739086,0.0116706835,0.25218272,0.0067504677,0.4,0.0,0.21381472,0.018422678
375316653866487564,1805160018483488128,0.5419262,2234.4064074325665,2.3151720902107327,2.522126E-5,17.198275,0.00628778,0.2801339,0.01144928,0.032804005,0.008035142,0.30158448,0.03813957,0.7854906,0.010663993,0.033522923,0.007935076,0.37508196,0.2112424,0.023743764,0.010336006,0.7854906,0.010663993,"TWOGAUSSIANS_WITH_ELLIPSOIDAL_ON_ECLIPSE2",9,16.92565,0.7854906,0.010663993,0.18772836,0.044436425,0.42256948,0.21186693,0.2802039,0.011331051,0.18370244,0.044996794,0.34901893,0.036313295
375316653866487564,1805160563941278848,0.64790297,2246.480326074668,3.411433297082437,5.134364E-6,15.948337,0.00977653,0.21804364,0.0016323223,0.047296274,0.0030926447,0.33984953,0.025973896,0.72571343,0.0036343313,0.04210902,0.0030559222,0.45882234,0.026074382,0.1356522,0.011969466,0.21804364,0.0016323223,"TWOGAUSSIANS_WITH_ELLIPSOIDAL_ON_ECLIPSE1",9,45.344875,0.72571343,0.0036343313,0.23581052,0.017113164,0.7294968,0.017263958,0.21804364,0.0016323223,0.26485914,0.017318811,0.61115354,0.017790057
375316653866487564,1805162178854604800,0.55506396,2264.141936705984,4.150408770841358,7.0028063E-6,19.814104,0.02634091,0.20971914,0.0025541408,0.08721283,0.0075134546,0.5138325,0.01833917,0.7012199,0.0031199323,0.10030636,0.008395114,0.39494884,0.027516456,null,null,null,null,"TWOGAUSSIANS",8,0.52252346,0.20971914,0.0025541408,0.4,0.0,0.4913701,0.0180641,0.7012199,0.0031199323,0.4,0.0,0.37248302,0.023250474
375316653866487564,1805163244000840064,0.47243196,2217.234166854003,0.03725563711325592,2.7436827E-5,18.5237,0.0069540166,0.1944153,0.00722318,0.039878048,0.006397633,0.18074232,0.06071839,0.55977666,0.08651391,0.07021209,0.045351245,0.3248299,0.120753594,null,null,null,null,"TWOGAUSSIANS",8,4.4587655,0.55977666,0.08651391,0.3931877,0.24876297,0.32482988,0.1207535,0.1944153,0.00722318,0.22331706,0.035826746,0.18074271,0.060718384
375316653866487564,1805163901128083072,0.5179156,2206.677939411216,0.6390562,3.4247464E-6,19.784798,0.0055167866,0.32368153,1.1794962E-4,0.0028721446,1.076493E-4,0.5708312,0.012938338,null,null,null,null,null,null,null,null,null,null,"ONEGAUSSIAN",5,0.8545256,0.32368153,1.1794962E-4,0.01608401,6.028361E-4,0.5708312,0.0,null,null,null,null,null,null
375316653866487564,1805165344237229568,0.42140147,2240.0772523321093,0.10107915929073064,7.550704E-5,18.434711,0.009629898,0.4136594,0.0068698265,0.01845062,0.009299048,0.13081604,0.056935646,0.5831484,0.00314276,0.029715473,0.006939178,1.9117824,4.639798,null,null,null,null,"TWOGAUSSIANS",8,7.966807,0.5831484,0.00314276,0.16640665,0.038859397,1.9117824,4.639798,0.4136594,0.0068698265,0.103323475,0.05207467,0.13081622,0.056935664
375316653866487564,1805168501041148416,0.5173777,2206.389728849571,3.9802962644676745,1.1468422E-5,19.390907,0.0154439965,0.27927825,0.002914536,0.08071281,0.008021471,0.3776052,0.016527599,0.7694302,0.004935181,0.08056128,0.008315992,0.40316465,0.047641512,null,null,null,null,"TWOGAUSSIANS",8,2.4612625,0.7694302,0.004935181,0.4,0.0,0.39789215,0.049451713,0.27927825,0.002914536,0.4,0.0,0.3723327,0.016644444
375316653866487564,1805171906945867648,0.57142717,2197.3799902775622,3.5987389060222967,6.801704E-6,19.418829,0.015162957,0.28816435,0.004685378,0.073823914,0.0056590806,0.43407154,0.028232064,0.78638583,0.0019626145,0.07734225,0.0033253462,0.53282183,0.020834459,null,null,null,null,"TWOGAUSSIANS",8,1.7152654,0.78638583,0.0019626145,0.4,0.0,0.5289198,0.020225583,0.28816435,0.004685378,0.4,0.0,0.43016952,0.028453294
375316653866487564,1805176506856970880,0.6305071,2261.0491162207627,3.9501478923594244,8.558124E-6,18.251566,0.017499892,0.2467867,0.0015989863,0.04153278,0.003751067,0.44797406,0.037784692,0.74876505,0.020286761,0.042557344,0.016876781,0.35852754,0.0441006,0.14171797,0.01960658,0.2467867,0.0015989863,"TWOGAUSSIANS_WITH_ELLIPSOIDAL_ON_ECLIPSE1",9,3.722195,0.2467867,0.0015989863,0.23258358,0.021005975,0.7314095,0.027402844,0.74876505,0.017729562,0.23832114,0.09450998,0.6419192,0.018496739
375316653866487564,1805177090972473856,0.53317523,2223.571222661516,3.4263120550264436,1.6374392E-5,17.610422,0.03355971,0.280521,0.0058034025,0.10033496,0.013590841,0.27577502,0.031509228,0.76079166,0.00442208,0.11135837,0.0154003445,0.2580624,0.030339045,null,null,null,null,"TWOGAUSSIANS",8,9.571913,0.28055102,0.005818955,0.4,0.0,0.24970232,0.012934664,0.76079166,0.00442208,0.4,0.0,0.23196462,0.015468176
