Gaia/vari_eclipsing_binary/VariEclipsingBinary_492775-493031.csv
# %ECSV 1.0
# ---
# delimiter: ','
# meta: !!omap
# - RELEASE: Gaia DR3
# - TABLE: vari_eclipsing_binary
# - DESCRIPTION: >
#     This table describes the properties of the eclipsing binaries resulting from the variability analysis. 
# - CITATION: >
#     How to cite and acknowledge Gaia: 
#     https://gea.esac.esa.int/archive/documentation/credits.html 
# - KNOWN_ISSUES: >
#     Known issues: 
#     https://www.cosmos.esa.int/web/gaia-users/known-issues 
# - DOCUMENTATION: >
#     Tutorials and documentation: 
#     https://www.cosmos.esa.int/web/gaia-users/archive 
# datatype:
# - 
#   name: solution_id
#   datatype: int64
#   description: Solution Identifier
#   meta:
#     ucd: meta.version
# - 
#   name: source_id
#   datatype: int64
#   description: Unique source identifier
#   meta:
#     ucd: meta.id;meta.main
# - 
#   name: global_ranking
#   datatype: float32
#   description: Number between 0 (worst) and 1 (best)
#   meta:
#     ucd: stat.param
# - 
#   name: reference_time
#   datatype: float64
#   unit: d
#   description: Reference time used for the geometric model fit
#   meta:
#     ucd: time.epoch
# - 
#   name: frequency
#   datatype: float64
#   unit: d**-1
#   description: Frequency of geometric model of the eclipsing binary light curve
#   meta:
#     ucd: src.orbital
# - 
#   name: frequency_error
#   datatype: float32
#   unit: d**-1
#   description: "Uncertainty of \\texttt{frequency}"
#   meta:
#     ucd: stat.error
# - 
#   name: geom_model_reference_level
#   datatype: float32
#   unit: mag
#   description: Magnitude reference level of geometric model
#   meta:
#     ucd: phot.mag;em.opt
# - 
#   name: geom_model_reference_level_error
#   datatype: float32
#   unit: mag
#   description: "Uncertainty of \\texttt{geomModelReferenceLevel}"
#   meta:
#     ucd: stat.error;phot.mag;em.opt
# - 
#   name: geom_model_gaussian1_phase
#   datatype: float32
#   description: Phase of the Gaussian 1 component
#   meta:
#     ucd: time.phase
# - 
#   name: geom_model_gaussian1_phase_error
#   datatype: float32
#   description: "Uncertainty of \\texttt{geomModelGaussian1Phase}"
#   meta:
#     ucd: stat.error;time.phase
# - 
#   name: geom_model_gaussian1_sigma
#   datatype: float32
#   description: "Standard deviation [phase] of Gaussian 1 component"
#   meta:
#     ucd: stat.stdev
# - 
#   name: geom_model_gaussian1_sigma_error
#   datatype: float32
#   description: "Uncertainty of \\texttt{geomModelGaussian1Sigma}"
#   meta:
#     ucd: stat.error
# - 
#   name: geom_model_gaussian1_depth
#   datatype: float32
#   unit: mag
#   description: Magnitude depth of Gaussian 1 component
#   meta:
#     ucd: src.var.amplitude
# - 
#   name: geom_model_gaussian1_depth_error
#   datatype: float32
#   unit: mag
#   description: "Uncertainty of \\texttt{geomModelGaussian1Depth}"
#   meta:
#     ucd: stat.error;src.var.amplitude
# - 
#   name: geom_model_gaussian2_phase
#   datatype: float32
#   description: Phase of Gaussian 2 component
#   meta:
#     ucd: time.phase
# - 
#   name: geom_model_gaussian2_phase_error
#   datatype: float32
#   description: "Uncertainty of \\texttt{geomModelGaussian2Phase}"
#   meta:
#     ucd: stat.error;time.phase
# - 
#   name: geom_model_gaussian2_sigma
#   datatype: float32
[...]
#   datatype: float32
#   description: "Secondary eclipse: uncertainty of \\texttt{derivedSecondaryEclDuration}"
#   meta:
#     ucd: stat.error;time.duration
# - 
#   name: derived_secondary_ecl_depth
#   datatype: float32
#   unit: mag
#   description: "Secondary eclipse: depth"
#   meta:
#     ucd: src.var.amplitude
# - 
#   name: derived_secondary_ecl_depth_error
#   datatype: float32
#   unit: mag
#   description: "Secondary eclipse: uncertainty of \\texttt{derivedSecondaryEclDepth}"
#   meta:
#     ucd: stat.error;src.var.amplitude
solution_id,source_id,global_ranking,reference_time,frequency,frequency_error,geom_model_reference_level,geom_model_reference_level_error,geom_model_gaussian1_phase,geom_model_gaussian1_phase_error,geom_model_gaussian1_sigma,geom_model_gaussian1_sigma_error,geom_model_gaussian1_depth,geom_model_gaussian1_depth_error,geom_model_gaussian2_phase,geom_model_gaussian2_phase_error,geom_model_gaussian2_sigma,geom_model_gaussian2_sigma_error,geom_model_gaussian2_depth,geom_model_gaussian2_depth_error,geom_model_cosine_half_period_amplitude,geom_model_cosine_half_period_amplitude_error,geom_model_cosine_half_period_phase,geom_model_cosine_half_period_phase_error,model_type,num_model_parameters,reduced_chi2,derived_primary_ecl_phase,derived_primary_ecl_phase_error,derived_primary_ecl_duration,derived_primary_ecl_duration_error,derived_primary_ecl_depth,derived_primary_ecl_depth_error,derived_secondary_ecl_phase,derived_secondary_ecl_phase_error,derived_secondary_ecl_duration,derived_secondary_ecl_duration_error,derived_secondary_ecl_depth,derived_secondary_ecl_depth_error
[from data line 260]
375316653866487564,4335780171193472000,0.5690748,2241.849449591885,2.9382590268154942,9.673727E-6,18.830833,0.008712942,0.25985578,0.007849551,0.067229666,0.009122768,0.3024444,0.02621367,0.7739199,0.0038214317,0.08346641,0.0044890805,0.2934739,0.011599074,null,null,null,null,"TWOGAUSSIANS",8,1.6708082,0.25985578,0.007849551,0.37648612,0.04239356,0.3006874,0.026814852,0.7739199,0.0038214317,0.4,0.0,0.2917169,0.011113462
375316653866487564,4335782679454504960,0.5054066,2172.6153368037353,3.755520110806796,2.109391E-5,19.330175,0.03920667,0.21087755,0.0070103467,0.1002882,0.015561202,0.34689078,0.039536823,0.68429327,0.006261956,0.1048585,0.013668562,0.37256932,0.038449496,null,null,null,null,"TWOGAUSSIANS",8,2.1092832,0.68429327,0.006261956,0.4,0.0,0.3458925,0.023494188,0.21089755,0.007011198,0.4,0.0,0.32022378,0.028153284
375316653866487564,4335795362492432128,0.56218666,2270.4527679412704,3.7367754631082457,1.26077175E-5,18.820877,0.006915856,0.29927,0.0050289505,0.06994772,0.0061545866,0.31717747,0.02440204,0.7999612,0.006976141,0.074147426,0.006953868,0.36901754,0.0449455,null,null,null,null,"TWOGAUSSIANS",8,1.8464386,0.7999612,0.006976141,0.4,0.0,0.36738,0.045561533,0.29927,0.0050289505,0.39170724,0.028763767,0.3155399,0.024776207
375316653866487564,4335805563037886464,0.5728807,2195.9687675903187,1.1184910494414262,7.863518E-6,16.140928,0.011848046,0.20416382,0.0021570553,0.097901404,0.0053050546,0.25875053,0.010801705,0.6968065,0.003524732,0.087256044,0.007995922,0.3335575,0.032148246,null,null,null,null,"TWOGAUSSIANS",8,15.260864,0.6968065,0.003524732,0.4,0.0,0.31995615,0.035583887,0.20416382,0.0021570553,0.4,0.0,0.24514806,0.006565777
375316653866487564,4335809754928442496,0.6207959,2197.7589653764076,3.807708441902842,9.922266E-6,18.624334,0.0049469136,0.23362021,0.0020036856,0.06930797,0.0059547867,0.6618874,0.051884733,0.7376958,0.006684534,0.063898176,0.0058061266,0.6439848,0.051006872,null,null,null,null,"TWOGAUSSIANS",8,1.842825,0.23362021,0.0020036856,0.38812461,0.033346806,0.66087306,0.052365772,0.7376958,0.006684534,0.35782978,0.032514308,0.64297044,0.051225267
375316653866487564,4335811099254854912,0.55506134,2191.0743800333175,2.8750323779835556,1.0515994E-5,17.60077,0.021804739,0.2112331,0.0025890484,0.099297486,0.0072452324,0.32306516,0.021044446,0.7201589,0.0035837698,0.09946971,0.010619412,0.34369814,0.02037957,null,null,null,null,"TWOGAUSSIANS",8,6.1616583,0.7201589,0.0035837698,0.4,0.0,0.31856978,0.021210233,0.2112331,0.0025890484,0.4,0.0,0.29793704,0.012829631
375316653866487564,4335816695593702016,0.54859954,2206.473554485996,1.148147264409292,2.3790955E-5,18.553236,0.0051171957,0.28486052,0.0017272878,0.036348253,0.004088722,0.35511753,0.061998606,0.77636176,0.0061409115,0.051194444,0.005172418,0.20672476,0.013848827,null,null,null,null,"TWOGAUSSIANS",8,2.7936714,0.28486052,0.0017272878,0.20355022,0.022896843,0.3551175,0.06199868,0.77636176,0.0061409115,0.2866889,0.02896554,0.20672475,0.013848826
375316653866487564,4335830164611359232,0.5535065,2215.469549994634,3.6309604331150505,1.2544777E-5,17.904972,0.00650254,0.1786013,0.0028072903,0.0653337,0.0035049918,0.37115228,0.015400628,0.68091446,0.0025639394,0.0815369,0.0077765165,0.42600864,0.0552552,null,null,null,null,"TWOGAUSSIANS",8,6.380525,0.68091446,0.0025639394,0.4,0.0,0.42371145,0.056906924,0.1786013,0.0028072903,0.36586872,0.019627953,0.3688551,0.0153188715
375316653866487564,4335839063785634944,0.52791345,2216.947027659944,3.5338483162408343,3.3532542E-5,19.239946,0.021549601,0.25060084,0.013969668,0.0912158,0.024411319,0.22996154,0.027061716,0.73794156,0.008098707,0.081541695,0.012283859,0.31400424,0.024861313,null,null,null,null,"TWOGAUSSIANS",8,3.2599175,0.73794156,0.008098707,0.4,0.0,0.3075121,0.019588038,0.25060084,0.013969668,0.4,0.0,0.22346923,0.026952203
375316653866487564,4335873767118941696,0.47312918,2191.2516978606373,3.941117811001895,4.8837937E-5,17.463688,0.010606147,0.2771588,0.012801989,0.09696503,0.021368833,0.057011083,0.012156165,0.79308367,0.003637049,0.086112745,0.023135627,0.0645673,0.009127907,null,null,null,null,"TWOGAUSSIANS",8,2.722608,0.79308367,0.0036446175,0.4,0.0,0.062293798,0.0054069893,0.2771588,0.012801989,0.4,0.0,0.054737337,0.0086694965
375316653866487564,4335877963302155008,0.60172474,2228.714415519734,1.7274469438432827,1.1160903E-5,13.42949,0.010648662,0.25441027,0.0031619116,0.0910808,0.009048296,0.11308726,0.009786512,0.7381706,0.002964788,0.100791775,0.0066150445,0.19174694,0.009919612,null,null,null,null,"TWOGAUSSIANS",8,64.31156,0.7381706,0.002964788,0.4,0.0,0.18378833,0.0059800665,0.25442028,0.003167706,0.4,0.0,0.10513085,0.0055448394
375316653866487564,4335886793755203584,0.56448853,2256.1700876957384,1.0908038212075988,2.355847E-5,15.617346,0.003427387,0.24729642,0.0038047968,0.023668569,0.0053073107,0.06516256,0.036090214,0.75619614,0.009927683,0.0558104,0.00991532,0.25182,0.06486684,null,null,null,null,"TWOGAUSSIANS",8,20.505259,0.75619614,0.009927683,0.31253824,0.055525795,0.25182,0.06486685,0.24729642,0.0038047968,0.13254398,0.02972094,0.06516256,0.036090214
375316653866487564,4335918537858154368,0.6797583,2215.4827389276984,0.7935467358224342,3.3038705E-5,17.408619,0.0026186479,0.17075989,0.0020492924,0.03589584,0.0021799062,0.10389755,0.0047869245,0.67062104,7.126335E-4,0.03602055,6.008702E-4,0.97958934,0.006566787,null,null,null,null,"TWOGAUSSIANS",8,5.9544244,0.67062104,7.126335E-4,0.2017151,0.003364873,0.97958934,0.006566787,0.17075989,0.0020492924,0.2010167,0.012207475,0.10389755,0.0047869245
375316653866487564,4335928712636082176,0.57904726,2205.770817401025,4.855202229045648,5.5688623E-5,17.794817,0.0023110304,0.17457126,1.3916416E-4,0.0117778955,9.083422E-4,0.7134498,0.21595357,0.50248253,1.5889853E-5,0.0069879782,2.7161046E-5,0.5468335,0.0023363465,null,null,null,null,"TWOGAUSSIANS",8,4.428917,0.17457126,1.3916416E-4,0.06595621,0.0050867163,0.7134498,0.21595357,0.50248253,1.5889853E-5,0.039132677,1.5210186E-4,0.5468335,0.0023363465
375316653866487564,4335938470801635840,0.53902656,2215.4432051327135,4.255819704984778,2.9622248E-5,16.096788,0.00800148,0.2606084,0.0043960786,0.09993446,0.005692202,0.25136223,0.009585974,0.75163954,0.0045707165,0.08343226,0.0066160755,0.18920222,0.007829612,null,null,null,null,"TWOGAUSSIANS",8,26.5431,0.2606084,0.0043960786,0.4,0.0,0.24202189,0.006732371,0.75163954,0.0045707165,0.4,0.0,0.17986391,0.005370444
375316653866487564,4335940562451379840,0.5978463,2206.896894130493,2.1609088221502253,1.0376344E-5,17.192701,0.021517994,0.20427343,0.0021704785,0.047096927,0.0045672646,0.47662345,0.04890765,0.69663316,0.0022838484,0.050960574,0.0042215935,0.7289245,0.05955693,0.087411575,0.030031007,0.20427343,0.0021704785,"TWOGAUSSIANS_WITH_ELLIPSOIDAL_ON_ECLIPSE1",9,40.21513,0.6969932,0.00214058,0.28537923,0.023640925,0.9033608,0.052948583,0.20427343,0.0021704785,0.2637428,0.02557668,0.6514434,0.01723708
375316653866487564,4335945823785704320,0.5952027,2204.9225426426547,0.2938499152555869,8.3387595E-6,16.342388,0.006810267,0.33647767,0.003560923,0.043175124,0.0031321736,0.22237095,0.012950837,0.83670336,7.9881074E-4,0.027085645,6.7841646E-4,1.1231145,0.025641486,null,null,null,null,"TWOGAUSSIANS",8,98.98089,0.83670336,7.9881074E-4,0.15167962,0.0037991323,1.1231145,0.025641486,0.33647767,0.003560923,0.24178068,0.017540172,0.22237095,0.012950837
375316653866487564,4335966160456603904,0.482177,2205.087328876284,0.2735420292106535,9.726664E-5,18.905924,0.005304121,0.35171807,0.015282586,0.03862878,0.012195848,0.26647,0.2526839,0.80525106,0.012409555,0.0999272,0.023082444,0.030805256,0.006914512,null,null,null,null,"TWOGAUSSIANS",8,1.5794,0.35171807,0.015282586,0.21632117,0.068296745,0.26643097,0.25271583,0.80525106,0.012409555,0.4,0.0,0.030765198,0.006885641
375316653866487564,4335966504054051328,0.56471986,2203.2556814470026,0.7407452401128192,2.3359793E-5,18.30045,0.008707754,0.29583874,0.006144752,0.036582083,0.0054628043,0.9226637,0.07135863,0.793021,0.0029618419,0.034619126,0.0051371786,0.26160213,0.041283872,null,null,null,null,"TWOGAUSSIANS",8,13.586073,0.29583874,0.006144752,0.20485966,0.030591704,0.9226637,0.07135863,0.793021,0.0029618419,0.19386712,0.0287682,0.26160213,0.041283872
375316653866487564,4335967947163157376,0.5144334,2199.2876621662017,2.8116269546377497,1.7529976E-5,19.579344,0.0141294785,0.3411912,0.0041073402,0.077522606,0.006401681,0.56324786,0.032614473,0.8324892,0.007759563,0.06810568,0.007999543,0.39843127,0.037402518,null,null,null,null,"TWOGAUSSIANS",8,2.9916174,0.3411912,0.0041073402,0.4,0.0,0.56110674,0.03360093,0.8324892,0.007759563,0.38139182,0.033237133,0.3962902,0.03761325
375316653866487564,4335969291487001856,0.6980638,2205.391416166985,2.2549060575898072,2.26384E-6,14.577975,0.0029959586,0.21703283,5.6286494E-4,0.052840453,0.0021858513,0.11579901,0.0070947544,0.716556,0.0012361732,0.052037437,0.0023077615,0.09800172,0.007208596,0.09982297,0.003886324,0.21703283,5.6286494E-4,"TWOGAUSSIANS_WITH_ELLIPSOIDAL_ON_ECLIPSE1",9,12.578023,0.21703283,5.6286494E-4,0.2959065,0.0122407675,0.3154424,0.0030509473,0.716696,9.1455085E-4,0.29140964,0.012923464,0.29764387,0.0027856529
375316653866487564,4335982107670022272,0.6317316,2229.332601797993,3.290198606534965,1.2410281E-5,16.388765,0.016806722,0.2831785,0.0023512202,0.041035812,0.004624518,0.44337687,0.042922474,0.7763158,0.008078701,0.038130328,0.014101248,0.3247995,0.09024054,0.14997004,0.024509158,0.2831785,0.0023512202,"TWOGAUSSIANS_WITH_ELLIPSOIDAL_ON_ECLIPSE1",9,30.38106,0.2831785,0.0023512202,0.22980054,0.0258973,0.7433167,0.021939704,0.7769758,0.0072868583,0.21352983,0.07896699,0.62423533,0.11743577
375316653866487564,4335982343893814528,0.47374833,2269.8401536975593,0.8768201045759739,3.6427853E-5,19.077826,0.0035298765,0.23589858,0.0062857787,0.021666672,0.006351303,0.10726455,0.040182002,0.9345259,0.02727915,0.035197563,0.014774298,0.2430373,0.2645022,null,null,null,null,"TWOGAUSSIANS",8,1.2003154,0.9345259,0.02727915,0.19710635,0.082736075,0.2430373,0.2645022,0.23589858,0.0062857787,0.12133337,0.035567295,0.10726455,0.040182002
375316653866487564,4335993446383703168,0.53218216,2200.803248175885,0.050596542044034694,5.5846318E-5,18.182083,0.022581246,0.24427333,0.020456018,0.1363413,0.05206454,0.06763957,0.020236863,0.64090997,0.011316277,0.07070506,0.008325586,0.15856628,0.021270989,null,null,null,null,"TWOGAUSSIANS",8,1.6291012,0.64090997,0.011316277,0.39594835,0.029998086,0.15716639,0.018223375,0.24427333,0.020456018,0.4,0.0,0.06525315,0.014242729
375316653866487564,4335993893060321024,0.4766241,2216.6593093516426,0.5961113724206927,9.6117175E-5,16.787483,0.002489594,0.30175626,0.009267195,0.055027023,0.016346967,0.03571896,0.013727993,0.8068251,0.0131708905,0.05176301,0.011379594,0.055092372,0.005427794,null,null,null,null,"TWOGAUSSIANS",8,4.834907,0.8068251,0.0131708905,0.28987285,0.063725725,0.05509115,0.0054261438,0.30175626,0.009267195,0.30815133,0.09154301,0.035717733,0.013730321
375316653866487564,4335996431391942144,0.5379918,2250.314042562349,2.5150113617727476,1.6411388E-5,18.961958,0.00656533,0.21406843,0.043684218,0.0713328,0.02338099,0.21262586,0.017460171,0.7058449,0.004555017,0.080772385,0.006913122,0.22185975,0.018226925,null,null,null,null,"TWOGAUSSIANS",8,1.0666152,0.7058449,0.004555017,0.4,0.0,0.22022533,0.018633325,0.21406843,0.043684218,0.39946365,0.12416414,0.21099144,0.01651411
375316653866487564,4335998359826338688,0.49293777,2228.428294916903,2.5345233937395166,3.9900497E-5,12.785181,0.036471296,0.25919378,0.015153626,0.10436917,0.019809965,0.2946788,0.03688011,0.7312108,0.012840558,0.09758875,0.022638995,0.28659645,0.035121378,null,null,null,null,"TWOGAUSSIANS",8,1062.325,0.25919378,0.015139821,0.4,0.0,0.27561975,0.021794302,0.7312108,0.012840558,0.4,0.0,0.26754633,0.024479665
375316653866487564,4336016188234919936,0.5891176,2217.606688135119,3.4260505376892647,1.838149E-5,18.172224,0.016527412,0.21871175,0.003561743,0.039793633,0.007795073,0.3764012,0.12508063,0.71443236,0.02710403,0.0345718,0.024058776,0.27161768,0.060746767,0.17006765,0.020992393,0.21871175,0.003561743,"TWOGAUSSIANS_WITH_ELLIPSOIDAL_ON_ECLIPSE1",9,10.877891,0.21871175,0.003561743,0.22284435,0.043652408,0.7165357,0.124693304,0.7148824,0.02109273,0.19360209,0.13472915,0.61153233,0.04863977
375316653866487564,4336018735151118976,0.540328,2365.368368199479,3.520261422211334,1.4672909E-5,19.649267,0.010639321,0.2816071,0.0055359527,0.067213506,0.008232933,0.4540353,0.056558505,0.7837088,0.0058868583,0.06630626,0.005098188,0.34898823,0.043887645,null,null,null,null,"TWOGAUSSIANS",8,0.7982085,0.2816071,0.0055359527,0.37639564,0.042480517,0.45335865,0.057135586,0.7837088,0.0058868583,0.37131506,0.028549852,0.3483116,0.043992374
375316653866487564,4336032199872196352,0.477814,2213.3845893150046,1.1748769271644965,5.7135792E-5,18.291414,0.007828815,0.25894123,0.02120461,0.063118495,0.046076078,0.07708806,0.029879883,0.7548469,0.006624027,0.08257586,0.010416081,0.11953552,0.013730909,null,null,null,null,"TWOGAUSSIANS",8,1.9325706,0.7548469,0.006624027,0.4,0.0,0.11904287,0.013297419,0.25894123,0.02120461,0.35346356,0.1251201,0.07659541,0.032828983
375316653866487564,4336035399624353024,0.6426862,2200.8811135447795,1.9418156166092795,6.4564356E-6,17.123787,0.006243157,0.28766218,0.0012232747,0.08224274,0.0019177577,0.34731436,0.0062747593,0.79742134,0.006307839,0.08441146,0.005365829,0.28170073,0.0089708185,null,null,null,null,"TWOGAUSSIANS",8,2.407692,0.28766218,0.0012232747,0.4,0.0,0.34151137,0.004291503,0.79742134,0.006307839,0.4,0.0,0.27589774,0.007796773
375316653866487564,4336041962334430592,0.45926857,2271.3034795478334,2.002472239637059,8.237642E-6,17.548918,0.006700457,0.3126493,4.8350423E-4,0.016197875,9.5930876E-4,0.3815716,0.0417154,0.6014479,0.010369686,0.10623526,0.022173397,0.1499449,0.069389045,null,null,null,null,"TWOGAUSSIANS",8,2.9383495,0.3127193,4.6147226E-4,0.0907081,0.005372129,0.38529554,0.042499714,0.6014479,0.010369686,0.4,0.0,0.14994027,0.069406435
375316653866487564,4336042713953270784,0.44797155,2213.974102393137,0.672094682164396,9.380669E-5,17.769556,0.010218578,0.27060428,0.017272873,0.072673805,0.035334017,0.058570627,0.014641898,0.7866676,0.020691875,0.09761524,0.03278089,0.031979606,0.011228503,null,null,null,null,"TWOGAUSSIANS",8,2.5835826,0.27060428,0.01726636,0.4,0.09766282,0.05775058,0.0152531145,0.7866676,0.020691875,0.4,0.0,0.031159379,0.008819633
375316653866487564,4336047146358613376,0.52519155,2284.756258939504,3.2062437192746036,2.0213673E-5,18.459064,0.016438257,0.22806442,0.005355824,0.082315736,0.010124633,0.2762498,0.018490626,0.7061325,0.0075598783,0.08173164,0.008973412,0.28519186,0.026813678,null,null,null,null,"TWOGAUSSIANS",8,5.12418,0.7061325,0.0075598783,0.4,0.0,0.28163436,0.025471326,0.22806442,0.005355824,0.4,0.0,0.27269226,0.017916627
375316653866487564,4336050376174038400,0.46631402,2231.3670110996673,0.20103725539908543,3.980012E-5,18.568087,0.0139799295,0.27235615,0.028821567,0.08583727,0.031857934,0.15469298,0.052814752,0.7538505,0.0053751366,0.07940113,0.015243337,0.17918538,0.037046775,null,null,null,null,"TWOGAUSSIANS",8,3.4159517,0.7538505,0.0053751366,0.4,0.0,0.17677327,0.039490275,0.27235615,0.028821567,0.4,0.045108944,0.15228085,0.05475478
375316653866487564,4336069003448595200,0.6118729,2170.4448554723886,1.425354883264818,1.3125151E-5,14.894225,0.0136933485,0.26433742,0.0027149247,0.08745908,0.006856104,0.2704324,0.011696577,0.7709307,0.004534782,0.091282174,0.0184908,0.20440099,0.029653566,null,null,null,null,"TWOGAUSSIANS",8,37.014748,0.26433742,0.0027149247,0.4,0.0,0.26200238,0.006098994,0.7709307,0.004534782,0.4,0.0,0.19597086,0.039225966
