Gaia/vari_eclipsing_binary/VariEclipsingBinary_689163-689188.csv
# %ECSV 1.0
# ---
# delimiter: ','
# meta: !!omap
# - RELEASE: Gaia DR3
# - TABLE: vari_eclipsing_binary
# - DESCRIPTION: >
#     This table describes the properties of the eclipsing binaries resulting from the variability analysis. 
# - CITATION: >
#     How to cite and acknowledge Gaia: 
#     https://gea.esac.esa.int/archive/documentation/credits.html 
# - KNOWN_ISSUES: >
#     Known issues: 
#     https://www.cosmos.esa.int/web/gaia-users/known-issues 
# - DOCUMENTATION: >
#     Tutorials and documentation: 
#     https://www.cosmos.esa.int/web/gaia-users/archive 
# datatype:
# - 
#   name: solution_id
#   datatype: int64
#   description: Solution Identifier
#   meta:
#     ucd: meta.version
# - 
#   name: source_id
#   datatype: int64
#   description: Unique source identifier
#   meta:
#     ucd: meta.id;meta.main
# - 
#   name: global_ranking
#   datatype: float32
#   description: Number between 0 (worst) and 1 (best)
#   meta:
#     ucd: stat.param
# - 
#   name: reference_time
#   datatype: float64
#   unit: d
#   description: Reference time used for the geometric model fit
#   meta:
#     ucd: time.epoch
# - 
#   name: frequency
#   datatype: float64
#   unit: d**-1
#   description: Frequency of geometric model of the eclipsing binary light curve
#   meta:
#     ucd: src.orbital
# - 
#   name: frequency_error
#   datatype: float32
#   unit: d**-1
#   description: "Uncertainty of \\texttt{frequency}"
#   meta:
#     ucd: stat.error
# - 
#   name: geom_model_reference_level
#   datatype: float32
#   unit: mag
#   description: Magnitude reference level of geometric model
#   meta:
#     ucd: phot.mag;em.opt
# - 
#   name: geom_model_reference_level_error
#   datatype: float32
#   unit: mag
#   description: "Uncertainty of \\texttt{geomModelReferenceLevel}"
#   meta:
#     ucd: stat.error;phot.mag;em.opt
# - 
#   name: geom_model_gaussian1_phase
#   datatype: float32
#   description: Phase of the Gaussian 1 component
#   meta:
#     ucd: time.phase
# - 
#   name: geom_model_gaussian1_phase_error
#   datatype: float32
#   description: "Uncertainty of \\texttt{geomModelGaussian1Phase}"
#   meta:
#     ucd: stat.error;time.phase
# - 
#   name: geom_model_gaussian1_sigma
#   datatype: float32
#   description: "Standard deviation [phase] of Gaussian 1 component"
#   meta:
#     ucd: stat.stdev
# - 
#   name: geom_model_gaussian1_sigma_error
#   datatype: float32
#   description: "Uncertainty of \\texttt{geomModelGaussian1Sigma}"
#   meta:
#     ucd: stat.error
# - 
#   name: geom_model_gaussian1_depth
#   datatype: float32
#   unit: mag
#   description: Magnitude depth of Gaussian 1 component
#   meta:
#     ucd: src.var.amplitude
# - 
#   name: geom_model_gaussian1_depth_error
#   datatype: float32
#   unit: mag
#   description: "Uncertainty of \\texttt{geomModelGaussian1Depth}"
#   meta:
#     ucd: stat.error;src.var.amplitude
# - 
#   name: geom_model_gaussian2_phase
#   datatype: float32
#   description: Phase of Gaussian 2 component
#   meta:
#     ucd: time.phase
# - 
#   name: geom_model_gaussian2_phase_error
#   datatype: float32
#   description: "Uncertainty of \\texttt{geomModelGaussian2Phase}"
#   meta:
#     ucd: stat.error;time.phase
# - 
#   name: geom_model_gaussian2_sigma
#   datatype: float32
[...]
#   datatype: float32
#   description: "Secondary eclipse: uncertainty of \\texttt{derivedSecondaryEclDuration}"
#   meta:
#     ucd: stat.error;time.duration
# - 
#   name: derived_secondary_ecl_depth
#   datatype: float32
#   unit: mag
#   description: "Secondary eclipse: depth"
#   meta:
#     ucd: src.var.amplitude
# - 
#   name: derived_secondary_ecl_depth_error
#   datatype: float32
#   unit: mag
#   description: "Secondary eclipse: uncertainty of \\texttt{derivedSecondaryEclDepth}"
#   meta:
#     ucd: stat.error;src.var.amplitude
solution_id,source_id,global_ranking,reference_time,frequency,frequency_error,geom_model_reference_level,geom_model_reference_level_error,geom_model_gaussian1_phase,geom_model_gaussian1_phase_error,geom_model_gaussian1_sigma,geom_model_gaussian1_sigma_error,geom_model_gaussian1_depth,geom_model_gaussian1_depth_error,geom_model_gaussian2_phase,geom_model_gaussian2_phase_error,geom_model_gaussian2_sigma,geom_model_gaussian2_sigma_error,geom_model_gaussian2_depth,geom_model_gaussian2_depth_error,geom_model_cosine_half_period_amplitude,geom_model_cosine_half_period_amplitude_error,geom_model_cosine_half_period_phase,geom_model_cosine_half_period_phase_error,model_type,num_model_parameters,reduced_chi2,derived_primary_ecl_phase,derived_primary_ecl_phase_error,derived_primary_ecl_duration,derived_primary_ecl_duration_error,derived_primary_ecl_depth,derived_primary_ecl_depth_error,derived_secondary_ecl_phase,derived_secondary_ecl_phase_error,derived_secondary_ecl_duration,derived_secondary_ecl_duration_error,derived_secondary_ecl_depth,derived_secondary_ecl_depth_error
[from data line 395]
375316653866487564,6062085002464253824,0.58548987,2230.5431160363396,3.4127342731935215,4.6473297E-6,17.971666,0.0067444183,0.26115465,0.0015228587,0.05179256,0.0029799433,0.27205676,0.015069033,0.76079667,0.002785582,0.05216963,0.0040455894,0.20487957,0.014806846,0.07082392,0.00804993,0.26115465,0.0015228587,"TWOGAUSSIANS_WITH_ELLIPSOIDAL_ON_ECLIPSE1",9,3.9432495,0.26115465,0.0015228587,0.29003832,0.016687682,0.41370007,0.008078008,0.7608467,0.00246747,0.2921499,0.0226553,0.34652227,0.007567773
375316653866487564,6062085071183626496,0.5851188,2233.8991988400035,1.4009819787727482,4.3092073E-6,18.679031,0.010132808,0.2564511,0.0012519467,0.04383804,0.003274216,0.3081883,0.02529175,0.7580965,0.0018550379,0.04604078,0.0030242633,0.46993396,0.026002191,0.12827902,0.01393664,0.2564511,0.0012519467,"TWOGAUSSIANS_WITH_ELLIPSOIDAL_ON_ECLIPSE1",9,4.407385,0.7580965,0.0018550379,0.25782835,0.016935876,0.7264644,0.022304246,0.2564511,0.0012519467,0.24549302,0.018335609,0.5647461,0.01749355
375316653866487564,6062085444814737536,0.55880344,2223.8354327497545,2.864515291000725,1.2381808E-5,16.693214,0.004769829,0.2196344,0.0023779515,0.087677196,0.0033542083,0.23548931,0.006834514,0.7165657,0.002653938,0.08943271,0.0036070745,0.28038678,0.007954982,null,null,null,null,"TWOGAUSSIANS",8,16.013111,0.7165657,0.002653938,0.4,0.0,0.27128485,0.0079890415,0.2196344,0.0023779515,0.4,0.0,0.22638743,0.00646887
375316653866487564,6062085582253852416,0.47599608,2253.9338563681185,2.7844632788874164,1.1205485E-5,18.219936,0.0059306934,0.2900317,0.0035789225,0.08319252,0.006453388,0.19875722,0.011864945,0.77170205,0.005248119,0.072245374,0.005038991,0.19675003,0.011361229,null,null,null,null,"TWOGAUSSIANS",8,8.484805,0.2900317,0.0035789225,0.4,0.0,0.19723836,0.0121676745,0.77170205,0.005248119,0.4,0.010690451,0.19523118,0.011161465
375316653866487564,6062086170695703936,0.5493907,2231.1763098619867,3.3240313655612983,5.9636204E-6,18.539293,0.007856767,0.23677947,0.0020076218,0.075673535,0.0028307368,0.46495986,0.012263134,0.74564594,0.002806652,0.07878144,0.0036467072,0.32176965,0.011187242,null,null,null,null,"TWOGAUSSIANS",8,5.3881254,0.23677947,0.0020076218,0.4,0.0,0.46157992,0.012093952,0.74564594,0.002806652,0.4,0.0,0.3183897,0.010973681
375316653866487564,6062086342494758528,0.45706016,2216.355895314547,2.6422418277864006,1.7947123E-5,19.124868,0.003341496,null,null,null,null,null,null,null,null,null,null,null,null,0.08092192,0.0041242912,0.251425,0.004684223,"ELLIPSOIDAL",4,3.4129453,null,null,null,null,null,null,null,null,null,null,null,null
375316653866487564,6062086372531739776,0.5002623,2234.3334449447566,1.9094114609248476,1.3782011E-5,17.987053,0.002288691,0.7284055,0.0059072953,0.013590346,0.0068884687,0.9387385,0.45019907,null,null,null,null,null,null,null,null,null,null,"ONEGAUSSIAN",5,9.453785,0.7284055,0.0059072953,0.07610594,0.038575426,0.9387385,0.0,null,null,null,null,null,null
375316653866487564,6062086926610736000,0.4956986,2248.2290707248026,3.513059508843437,1.0772151E-5,18.538315,0.013319751,0.27972996,0.0033242516,0.09710372,0.007625768,0.20320757,0.01272367,0.7744521,0.0035739292,0.09125973,0.0074493224,0.2210042,0.012920208,null,null,null,null,"TWOGAUSSIANS",8,4.041523,0.7744521,0.0035739292,0.4,0.0,0.20942411,0.008979087,0.27972996,0.0033242516,0.4,0.0,0.19162688,0.008236876
375316653866487564,6062088163560353792,0.5554188,2221.976984503308,1.8105606636966458,5.456131E-6,18.990679,0.004116335,0.17411979,0.0044501377,0.07630065,0.0045689116,0.19140337,0.010216577,0.6729493,0.0012491571,0.0629626,0.001835797,0.49170783,0.016242465,null,null,null,null,"TWOGAUSSIANS",8,2.268478,0.6729493,0.0012491571,0.35259056,0.010280463,0.49082002,0.0163291,0.17411979,0.0044501377,0.4,0.0,0.19051555,0.010271818
375316653866487564,6062088232306957824,0.46630305,2203.9692704699078,0.7856728058768667,1.6070007E-5,16.593401,0.007121039,0.19540566,0.008321883,0.027680859,0.012058776,0.07713911,0.042116582,0.6859928,0.003984662,0.05492101,0.009229112,0.103442416,0.015147582,0.015375967,0.0101820165,0.19540566,0.008321883,"TWOGAUSSIANS_WITH_ELLIPSOIDAL_ON_ECLIPSE1",9,47.51995,0.6866128,0.00341935,0.30755764,0.05168303,0.13409223,0.008305011,0.19540566,0.008321883,0.1550128,0.06752915,0.10788928,0.045327052
375316653866487564,6062088885142157184,0.55100936,2202.2052544436324,3.370928267294568,7.70571E-6,19.474483,0.0066100047,0.26069674,0.0026060522,0.068924956,0.0031432405,0.63785,0.018867008,0.761318,0.0022871883,0.066495,0.0024900201,0.57747227,0.02212319,null,null,null,null,"TWOGAUSSIANS",8,3.0858424,0.26069674,0.0026060522,0.38597974,0.017602146,0.636541,0.01900283,0.761318,0.0022871883,0.372372,0.013944113,0.5761633,0.022286527
375316653866487564,6062089125633951232,0.53173333,2223.277611891859,1.9372765246593597,8.268874E-6,18.379803,0.005577049,0.26241013,0.0024190648,0.09077735,0.0042093345,0.18152873,0.005969008,0.7688814,0.0046172966,0.0823064,0.007343255,0.1460608,0.0067643477,null,null,null,null,"TWOGAUSSIANS",8,1.9908772,0.26241013,0.0024190648,0.4,0.0,0.17700806,0.00475654,0.7688814,0.0046172966,0.4,0.0,0.14154021,0.0069128545
375316653866487564,6062089744109164928,0.4812166,2251.1211294690843,2.3280680707682144,1.2103059E-5,18.711424,0.022763165,0.21251263,0.004704929,0.0833583,0.008543253,0.26199383,0.0229393,0.69931,0.003081231,0.08421398,0.0075792335,0.377304,0.020246629,null,null,null,null,"TWOGAUSSIANS",8,13.727968,0.69931,0.003081231,0.4,0.0,0.37153065,0.017620163,0.21251263,0.004704929,0.4,0.0,0.2562205,0.019502357
375316653866487564,6062089744135651072,0.5798077,2247.0224489924044,0.7420023723753981,3.5047933E-6,16.182549,0.0041700974,0.2950761,0.0011216124,0.03400343,0.0013405981,0.45973486,0.012348668,0.7963823,8.2594913E-4,0.033385687,0.0012306094,0.52614886,0.017898621,0.0139219165,0.005793493,0.2950761,0.0011216124,"TWOGAUSSIANS_WITH_ELLIPSOIDAL_ON_ECLIPSE1",9,24.083723,0.7963823,8.2594913E-4,0.18695983,0.0068914127,0.55399084,0.019195253,0.2950761,0.0011216124,0.1904192,0.0075073494,0.4875787,0.009913266
375316653866487564,6062089847214881024,0.47781882,2258.496255330114,2.381814624240661,9.362931E-6,17.069113,0.035477933,0.23157331,0.00492545,0.12467332,0.022772199,0.15761058,0.033690587,0.7307237,0.0022993134,0.10455682,0.0146011235,0.19878861,0.031278476,null,null,null,null,"TWOGAUSSIANS",8,18.597187,0.7307237,0.002298917,0.4,0.0,0.16697845,0.0072430703,0.23157331,0.00492545,0.4,0.0,0.12570328,0.008006627
375316653866487564,6062090156426370944,0.52024835,2252.6791260033024,1.8036107921167512,1.4724677E-5,18.591648,0.006145429,0.26803395,0.00606454,0.105560504,0.010657102,0.12580085,0.0066166674,0.7824009,0.0018410991,0.08193982,0.0031208433,0.21868965,0.0064995983,null,null,null,null,"TWOGAUSSIANS",8,2.0021808,0.7824009,0.0018406037,0.4,0.0,0.21140197,0.004817503,0.26803395,0.00606454,0.4,0.0,0.1185091,0.0061772163
375316653866487564,6062090568769383808,0.43463865,2233.9254687016232,2.8610609885987714,2.564875E-5,18.79319,0.006179535,null,null,null,null,null,null,null,null,null,null,null,null,0.08637856,0.0105159655,0.25582784,0.0053081536,"ELLIPSOIDAL",4,16.115042,null,null,null,null,null,null,null,null,null,null,null,null
375316653866487564,6062090740541925120,0.61484236,2228.988706149106,1.2729926117270263,3.0270976E-6,17.828257,0.010089853,0.22889602,0.0012141558,0.061312493,0.003673423,0.22089058,0.021988207,0.7296858,0.0016259352,0.06093975,0.0027057899,0.35927695,0.021129286,0.08884255,0.011414816,0.22889602,0.0012141558,"TWOGAUSSIANS_WITH_ELLIPSOIDAL_ON_ECLIPSE1",9,4.5548863,0.7296858,0.0016259352,0.3412626,0.015152424,0.5368274,0.009465725,0.22889602,0.0012141558,0.34334996,0.020571169,0.39844537,0.008928581
375316653866487564,6062090946726582272,0.5317162,2221.6812422307994,1.685777744064688,1.0720451E-5,19.005741,0.0058294856,0.27563506,0.0035541106,0.07819272,0.0053078076,0.17763868,0.006667699,0.7706082,0.00263257,0.08158772,0.0039504203,0.32111037,0.008478321,null,null,null,null,"TWOGAUSSIANS",8,1.7829287,0.7706082,0.00263257,0.4,0.0,0.31787023,0.008340435,0.27563506,0.0035541106,0.4,0.0,0.17439856,0.005986487
375316653866487564,6062091049779665024,0.5490608,2246.1223511341886,3.223376297089513,5.4344077E-6,19.591682,0.017184252,0.25188538,0.0020764535,0.05330988,0.0044480786,0.4387433,0.048022468,0.75574565,0.004393274,0.044248436,0.0061931196,0.35118097,0.04842036,0.10229653,0.032041043,0.25188538,0.0020764535,"TWOGAUSSIANS_WITH_ELLIPSOIDAL_ON_ECLIPSE1",9,3.7431993,0.25188538,0.0020764535,0.29853532,0.02490924,0.6433287,0.027552364,0.75574565,0.004393274,0.24779125,0.03468147,0.55564606,0.03171683
375316653866487564,6062091904449520000,0.46456674,2238.3141909907354,0.27123393283041436,1.29142745E-5,18.297764,0.0076927673,0.19510098,0.003246278,0.04201268,0.0055475864,0.24662928,0.020513318,0.7140002,0.010289591,0.08905219,0.015805207,0.09637783,0.011563073,null,null,null,null,"TWOGAUSSIANS",8,10.114884,0.19510098,0.003246278,0.23527102,0.031066485,0.24653499,0.020566441,0.7140002,0.010289591,0.4,0.0,0.09628348,0.011558344
375316653866487564,6062092046238789504,0.616057,2228.448821708786,3.2412031112828386,2.1782632E-6,17.080647,0.0053373044,0.23103914,8.4137364E-4,0.046214752,0.0016342865,0.33038005,0.012630318,0.733803,9.424381E-4,0.04836359,0.0018790712,0.42109817,0.015719991,0.12381753,0.0064955982,0.23103914,8.4137364E-4,"TWOGAUSSIANS_WITH_ELLIPSOIDAL_ON_ECLIPSE1",9,12.607919,0.733803,9.424381E-4,0.27083609,0.010522799,0.6686575,0.017502893,0.23103914,8.4137364E-4,0.25880262,0.0091520045,0.578014,0.0077068806
375316653866487564,6062092183677768320,0.40934572,2242.314208478724,1.9548695749437521,9.1300295E-5,16.647133,0.0043915813,0.21098313,0.010314531,0.006819899,0.008259627,0.079392694,1.57139072E9,0.3972186,0.02148267,0.025283689,0.011570482,0.11830001,0.104515225,0.01442453,0.006600996,0.21098313,0.010314531,"TWOGAUSSIANS_WITH_ELLIPSOIDAL_ON_ECLIPSE1",9,14.281026,0.3972186,0.02148267,0.14158866,0.0647947,0.12268822,0.103563204,0.21098313,0.010314531,0.038191438,0.046253912,0.10824175,1.57139072E9
375316653866487564,6062093077030999936,0.66986245,2236.825524968455,2.471823517149158,2.6503947E-6,16.152704,0.0053206515,0.2504338,5.412625E-4,0.04892731,0.0018927663,0.32883772,0.012173949,0.7507523,0.0015432595,0.049648553,0.0021409611,0.3091287,0.013412288,0.14526455,0.006814073,0.2504338,5.412625E-4,"TWOGAUSSIANS_WITH_ELLIPSOIDAL_ON_ECLIPSE1",9,14.339505,0.2504338,5.412625E-4,0.27399293,0.010599491,0.61936516,0.0093483785,0.7507523,0.001518261,0.2780319,0.011989382,0.599655,0.0064388383
375316653866487564,6062093489347883008,0.4628572,2251.168043621907,3.2227021258947897,1.3044227E-5,17.397923,0.0029627678,0.27827504,0.0036305762,0.078378916,0.0067886496,0.05845508,0.0037814637,0.7853077,0.0064315354,0.08427961,0.009021121,0.0485121,0.004045044,null,null,null,null,"TWOGAUSSIANS",8,2.707208,0.27827504,0.0036305762,0.4,0.0,0.057632364,0.0036502664,0.7853077,0.0064315354,0.4,0.0,0.047689382,0.0038869714
375316653866487564,6062093626786967424,0.5358909,2245.468759662331,0.27838709620627794,1.916979E-6,17.357473,0.0012929102,0.26398435,0.0036248975,0.01365465,0.0017299174,0.17517972,0.030181227,0.7677842,0.0013076611,0.012377573,8.372038E-4,0.17994188,0.011055529,null,null,null,null,"TWOGAUSSIANS",8,2.9063756,0.7677842,0.0013076611,0.06931441,0.0046883416,0.17994188,0.011055529,0.26398435,0.0036248975,0.07646604,0.009687537,0.17517972,0.030181227
375316653866487564,6062093691151670784,0.5789246,2250.9742821559553,1.2258956864353832,3.272501E-6,17.873678,0.0014176167,0.22860642,6.691091E-4,0.056335468,7.816259E-4,0.23479682,0.003030503,0.7310313,0.0036804208,0.07052672,0.004673773,0.082707465,0.0030235727,null,null,null,null,"TWOGAUSSIANS",8,1.4587903,0.22860642,6.691091E-4,0.31547862,0.0043771053,0.23469558,0.0030234584,0.7310313,0.0036804208,0.39494962,0.022663783,0.08260622,0.0030413314
375316653866487564,6062093798560888704,0.54359496,2237.904851608239,2.2499882347698823,9.081725E-6,19.184404,0.005559184,0.23177518,0.0028688589,0.077103406,0.0027978653,0.39066958,0.012516407,0.7250672,0.002334478,0.070403494,0.0036351248,0.5154191,0.019095777,null,null,null,null,"TWOGAUSSIANS",8,2.9143038,0.7250672,0.002334478,0.39425957,0.017593713,0.5129825,0.019546058,0.23177518,0.0028688589,0.4,0.0,0.38823292,0.012445009
375316653866487564,6062093901671277952,0.4718425,2241.876230621232,2.796249098631361,1.5799593E-5,18.99865,0.010376792,0.28645134,0.0042689047,0.0948636,0.007223388,0.17420845,0.010773884,0.7876929,0.004133045,0.09080761,0.009258745,0.17506751,0.011710703,null,null,null,null,"TWOGAUSSIANS",8,2.9769652,0.7876929,0.004133045,0.4,0.0,0.165938,0.012174868,0.28645134,0.0042689047,0.4,0.0,0.1650787,0.007816605
375316653866487564,6062094863737601792,0.43699545,2238.3459950016363,2.3441646144237067,3.8775E-5,18.040337,0.0052812244,0.24399751,0.0066211107,0.05477491,0.1492143,0.023112189,0.026046848,null,null,null,null,null,null,0.039731193,0.003364257,0.24399751,0.0066211107,"ONEGAUSSIAN_WITH_ELLIPSOIDAL",6,12.339006,0.24399751,0.0066211107,0.3067395,0.5168033,0.10257388,0.02478281,null,null,null,null,null,null
375316653866487564,6062094928102632960,0.45938316,2250.272703614265,3.6837912396217645,2.2958304E-5,18.210812,0.01994155,0.23132999,0.009282351,0.08347134,0.0155209275,0.21743388,0.021173263,0.71558577,0.0036699933,0.09560393,0.011535013,0.20376095,0.018894186,null,null,null,null,"TWOGAUSSIANS",8,17.542393,0.23132999,0.009282351,0.4,0.0,0.2108142,0.015211058,0.71558577,0.0036699933,0.4,0.0,0.19714063,0.012400883
375316653866487564,6062095550932407296,0.5063976,2230.057757975251,0.5336828324410575,8.8682755E-6,14.75397,0.056954786,0.24861045,0.0029845214,0.2585533,0.027062235,0.32323325,0.056095947,0.74549353,0.0025945758,0.15659025,0.009684072,0.25381318,0.033342052,null,null,null,null,"TWOGAUSSIANS",8,22.475578,0.74549353,0.0025945758,0.4,0.0,0.07740439,0.002575861,0.24962045,0.0031416789,0.4,0.0,0.050629407,0.0024351387
375316653866487564,6062095791425437696,0.43466768,2228.3691437299394,2.3425325378242325,2.638489E-5,18.16434,0.41019425,0.26797208,0.0081795445,0.18167259,0.080347486,0.45212325,0.40039623,0.7668566,0.007907984,0.15269908,0.05186005,0.46031985,0.34588334,null,null,null,null,"TWOGAUSSIANS",8,19.252197,0.7668566,0.007919975,0.4,0.0,0.18630853,0.020510994,0.26814207,0.008830217,0.4,0.0,0.16194792,0.019192006
375316653866487564,6062095825785267328,0.5388834,2232.1537798855625,3.326598021354234,9.359296E-6,18.155775,0.013798896,0.23250647,0.0034290315,0.073494524,0.0037098154,0.44410273,0.01668478,0.72130656,0.0023429347,0.07535251,0.0036518231,0.6073785,0.019946953,null,null,null,null,"TWOGAUSSIANS",8,21.027346,0.72130656,0.0023429347,0.4,0.0,0.6045227,0.019974139,0.23250647,0.0034290315,0.4,0.0,0.44124696,0.015965408
375316653866487564,6062096478645594880,0.5115453,2238.2060375440824,3.3371634407971844,1.004088E-5,17.362076,0.0053070383,0.23418806,0.002974191,0.032016497,0.004720749,0.1495186,0.018146956,0.75340736,0.0027404467,0.055278692,0.0034986527,0.16278057,0.018655963,0.07378539,0.007766412,0.75340736,0.0027404467,"TWOGAUSSIANS_WITH_ELLIPSOIDAL_ON_ECLIPSE2",9,27.151712,0.75340736,0.0027404467,0.3095607,0.019592455,0.31034535,0.014217078,0.23559807,0.002771349,0.17929238,0.026436193,0.29509833,0.014761351
375316653866487564,6062097028376548096,0.5274994,2223.3793535792292,2.4418593708351644,5.7813713E-6,19.511497,0.008168914,0.26071498,0.002064765,0.08246385,0.0033840984,0.36860162,0.01225738,0.7618173,0.001665065,0.076872975,0.002623271,0.41164675,0.011294792,null,null,null,null,"TWOGAUSSIANS",8,1.6951077,0.7618173,0.001665065,0.4,0.0,0.4061189,0.010942074,0.26071498,0.002064765,0.4,0.0,0.36307377,0.012105848
