Gaia/vari_eclipsing_binary/VariEclipsingBinary_688356-688384.csv
# %ECSV 1.0
# ---
# delimiter: ','
# meta: !!omap
# - RELEASE: Gaia DR3
# - TABLE: vari_eclipsing_binary
# - DESCRIPTION: >
#     This table describes the properties of the eclipsing binaries resulting from the variability analysis. 
# - CITATION: >
#     How to cite and acknowledge Gaia: 
#     https://gea.esac.esa.int/archive/documentation/credits.html 
# - KNOWN_ISSUES: >
#     Known issues: 
#     https://www.cosmos.esa.int/web/gaia-users/known-issues 
# - DOCUMENTATION: >
#     Tutorials and documentation: 
#     https://www.cosmos.esa.int/web/gaia-users/archive 
# datatype:
# - 
#   name: solution_id
#   datatype: int64
#   description: Solution Identifier
#   meta:
#     ucd: meta.version
# - 
#   name: source_id
#   datatype: int64
#   description: Unique source identifier
#   meta:
#     ucd: meta.id;meta.main
# - 
#   name: global_ranking
#   datatype: float32
#   description: Number between 0 (worst) and 1 (best)
#   meta:
#     ucd: stat.param
# - 
#   name: reference_time
#   datatype: float64
#   unit: d
#   description: Reference time used for the geometric model fit
#   meta:
#     ucd: time.epoch
# - 
#   name: frequency
#   datatype: float64
#   unit: d**-1
#   description: Frequency of geometric model of the eclipsing binary light curve
#   meta:
#     ucd: src.orbital
# - 
#   name: frequency_error
#   datatype: float32
#   unit: d**-1
#   description: "Uncertainty of \\texttt{frequency}"
#   meta:
#     ucd: stat.error
# - 
#   name: geom_model_reference_level
#   datatype: float32
#   unit: mag
#   description: Magnitude reference level of geometric model
#   meta:
#     ucd: phot.mag;em.opt
# - 
#   name: geom_model_reference_level_error
#   datatype: float32
#   unit: mag
#   description: "Uncertainty of \\texttt{geomModelReferenceLevel}"
#   meta:
#     ucd: stat.error;phot.mag;em.opt
# - 
#   name: geom_model_gaussian1_phase
#   datatype: float32
#   description: Phase of the Gaussian 1 component
#   meta:
#     ucd: time.phase
# - 
#   name: geom_model_gaussian1_phase_error
#   datatype: float32
#   description: "Uncertainty of \\texttt{geomModelGaussian1Phase}"
#   meta:
#     ucd: stat.error;time.phase
# - 
#   name: geom_model_gaussian1_sigma
#   datatype: float32
#   description: "Standard deviation [phase] of Gaussian 1 component"
#   meta:
#     ucd: stat.stdev
# - 
#   name: geom_model_gaussian1_sigma_error
#   datatype: float32
#   description: "Uncertainty of \\texttt{geomModelGaussian1Sigma}"
#   meta:
#     ucd: stat.error
# - 
#   name: geom_model_gaussian1_depth
#   datatype: float32
#   unit: mag
#   description: Magnitude depth of Gaussian 1 component
#   meta:
#     ucd: src.var.amplitude
# - 
#   name: geom_model_gaussian1_depth_error
#   datatype: float32
#   unit: mag
#   description: "Uncertainty of \\texttt{geomModelGaussian1Depth}"
#   meta:
#     ucd: stat.error;src.var.amplitude
# - 
#   name: geom_model_gaussian2_phase
#   datatype: float32
#   description: Phase of Gaussian 2 component
#   meta:
#     ucd: time.phase
# - 
#   name: geom_model_gaussian2_phase_error
#   datatype: float32
#   description: "Uncertainty of \\texttt{geomModelGaussian2Phase}"
#   meta:
#     ucd: stat.error;time.phase
# - 
#   name: geom_model_gaussian2_sigma
#   datatype: float32
[...]
#   datatype: float32
#   description: "Secondary eclipse: uncertainty of \\texttt{derivedSecondaryEclDuration}"
#   meta:
#     ucd: stat.error;time.duration
# - 
#   name: derived_secondary_ecl_depth
#   datatype: float32
#   unit: mag
#   description: "Secondary eclipse: depth"
#   meta:
#     ucd: src.var.amplitude
# - 
#   name: derived_secondary_ecl_depth_error
#   datatype: float32
#   unit: mag
#   description: "Secondary eclipse: uncertainty of \\texttt{derivedSecondaryEclDepth}"
#   meta:
#     ucd: stat.error;src.var.amplitude
solution_id,source_id,global_ranking,reference_time,frequency,frequency_error,geom_model_reference_level,geom_model_reference_level_error,geom_model_gaussian1_phase,geom_model_gaussian1_phase_error,geom_model_gaussian1_sigma,geom_model_gaussian1_sigma_error,geom_model_gaussian1_depth,geom_model_gaussian1_depth_error,geom_model_gaussian2_phase,geom_model_gaussian2_phase_error,geom_model_gaussian2_sigma,geom_model_gaussian2_sigma_error,geom_model_gaussian2_depth,geom_model_gaussian2_depth_error,geom_model_cosine_half_period_amplitude,geom_model_cosine_half_period_amplitude_error,geom_model_cosine_half_period_phase,geom_model_cosine_half_period_phase_error,model_type,num_model_parameters,reduced_chi2,derived_primary_ecl_phase,derived_primary_ecl_phase_error,derived_primary_ecl_duration,derived_primary_ecl_duration_error,derived_primary_ecl_depth,derived_primary_ecl_depth_error,derived_secondary_ecl_phase,derived_secondary_ecl_phase_error,derived_secondary_ecl_duration,derived_secondary_ecl_duration_error,derived_secondary_ecl_depth,derived_secondary_ecl_depth_error
[from data line 178]
375316653866487564,6054915190209682816,0.5602186,2193.7866680398415,2.554038914284953,9.655467E-6,19.239746,0.0066913627,0.19134688,0.0030102264,0.07998744,0.0032660228,0.45217258,0.009118678,0.699825,0.002614498,0.070806056,0.003434769,0.5128185,0.031100838,null,null,null,null,"TWOGAUSSIANS",8,1.9405458,0.699825,0.002614498,0.39651394,0.012706863,0.5095686,0.031680696,0.19134688,0.0030102264,0.4,0.0,0.44892266,0.008668779
375316653866487564,6054915533826473088,0.6131117,2193.6709586019106,1.1902256724606268,3.9611837E-6,16.955135,0.017922612,0.22420436,0.0015982408,0.06403844,0.009173915,0.12596104,0.041704163,0.71424747,0.0016837408,0.05896905,0.0058502615,0.26710856,0.037791587,0.070913725,0.02465933,0.22420436,0.0015982408,"TWOGAUSSIANS_WITH_ELLIPSOIDAL_ON_ECLIPSE1",9,9.824811,0.7155075,0.0012750966,0.3302267,0.032761462,0.4083744,0.014855431,0.22420436,0.0015982408,0.35861528,0.05137392,0.2677109,0.009478571
375316653866487564,6054916221021332736,0.5999126,2199.028428744786,1.6478273967194337,4.8398424E-6,12.779534,0.048112303,0.2174946,0.0019412456,0.11851051,0.015709115,0.17213307,0.04548802,0.7191414,0.0027887328,0.13909806,0.021164045,0.19584624,0.048214324,null,null,null,null,"TWOGAUSSIANS",8,33.91507,0.71915144,0.0028075948,0.4,0.0,0.14064488,0.004012571,0.21744461,0.0019513282,0.4,0.0,0.1174978,0.003774754
375316653866487564,6054916629018563840,0.47414204,2188.9263211496354,1.0014086896379168,6.6446914E-6,18.468525,0.00550489,0.29074904,0.0010056933,0.023389414,0.0016223979,0.36429718,0.03811248,0.8033974,0.0046340725,0.019514458,0.0050041983,0.08737485,0.015150172,null,null,null,null,"TWOGAUSSIANS",8,7.2783732,0.29074904,0.0010056933,0.13098072,0.009085428,0.36429718,0.03811248,0.8033974,0.0046340725,0.109280966,0.028023511,0.08737485,0.015150172
375316653866487564,6054917178756941184,0.58818215,2178.369884770028,1.0312235658621647,7.7652785E-6,16.177572,0.019711612,0.2732666,0.0036043262,0.12249929,0.0095451595,0.27116698,0.018739657,0.74673384,0.0023514035,0.09966313,0.0049868976,0.4350474,0.018185606,null,null,null,null,"TWOGAUSSIANS",8,20.09825,0.74673384,0.0023514035,0.4,0.0,0.39550352,0.0068289875,0.2732766,0.0036097378,0.4,0.0,0.23144795,0.009054302
375316653866487564,6054917183094012416,0.64454204,2196.5792293575514,0.41977058011510526,2.2860531E-6,15.447774,6.2293914E-4,0.22832687,4.166097E-4,0.020179681,6.893845E-4,0.22422907,0.0057573053,0.8455524,0.008039678,0.017210623,0.017207244,0.016520046,1.1382933,0.004750522,9.1466395E-4,0.22832687,4.166097E-4,"TWOGAUSSIANS_WITH_ELLIPSOIDAL_ON_ECLIPSE1",9,3.6981244,0.22832687,4.166097E-4,0.11300621,0.0038605533,0.2337301,0.0056774304,0.8455524,0.008039678,0.096379496,0.09636057,0.021733932,1.1382957
375316653866487564,6054917389252511744,0.5476562,2187.919545918781,1.486751255852848,1.03421E-5,16.39664,0.0019940648,0.22700077,0.0027517145,0.058548857,0.00497044,0.17668647,0.013365961,0.72374636,0.003906473,0.064079836,0.00285923,0.18212491,0.005270063,null,null,null,null,"TWOGAUSSIANS",8,11.892345,0.72374636,0.003906473,0.35884708,0.016011687,0.18204592,0.0052594976,0.22700077,0.0027517145,0.3278736,0.027834466,0.17660747,0.013404738
375316653866487564,6054917423593446400,0.4472653,2163.5310023288966,4.102742745172491,2.2998318E-5,18.33459,0.6491957,0.29969642,0.011179818,0.17946826,0.07142676,0.8011245,0.55873805,0.8097352,0.01165129,0.20203657,0.091119945,0.83274,0.61152875,null,null,null,null,"TWOGAUSSIANS",8,4.596494,0.2931764,0.007999922,0.4,0.0,0.21144277,0.01146912,0.8149352,0.0069363113,0.4,0.0,0.19793169,0.014297541
375316653866487564,6054917423612218624,0.5809195,2173.018071337216,2.3798885848540903,1.0951444E-5,17.9916,0.003088443,0.5550759,0.0013926493,0.06174553,0.0012680764,0.67304087,0.01851138,0.82857335,0.0051842476,0.012195156,0.01265479,0.04994641,102.88565,null,null,null,null,"TWOGAUSSIANS",8,5.530644,0.5550759,0.0013926493,0.34577498,0.0071012275,0.67304087,0.01851138,0.82857335,0.0051842476,0.06829287,0.07086682,0.04998336,102.88565
375316653866487564,6054917457971984640,0.4587334,2174.479482155819,0.4312875833831642,1.7686614E-6,16.644226,0.0018991146,0.1854473,5.8753043E-4,0.017456768,5.253284E-4,0.1591042,0.0028078114,null,null,null,null,null,null,null,null,null,null,"ONEGAUSSIAN",5,17.22122,0.1854473,5.8753043E-4,0.0977579,0.002941839,0.1591042,0.0,null,null,null,null,null,null
375316653866487564,6054917492313158912,0.52130103,2177.393347305315,0.22612273677860062,7.8829635E-6,17.470144,0.0016795932,0.14717846,0.0060963607,0.021779455,0.005116793,0.07397315,0.045809936,0.7229241,0.0019474024,0.01059976,0.0011241207,0.23358357,0.027554419,null,null,null,null,"TWOGAUSSIANS",8,3.4594798,0.7229241,0.0019474024,0.05935866,0.0062950756,0.23358357,0.027554419,0.14717846,0.0060963607,0.12196495,0.02865404,0.07397315,0.045809936
375316653866487564,6054917870288968704,0.5457105,2202.1476914306627,0.2710011021735102,8.116236E-6,16.926764,0.0014176569,0.2634371,7.4251206E-4,0.010306305,7.227433E-4,0.22087216,0.020378819,0.4343086,0.035081994,0.056446597,0.013373596,0.010811387,0.0034039274,null,null,null,null,"TWOGAUSSIANS",8,2.875409,0.2634371,7.422275E-4,0.057715308,0.0040473626,0.22098283,0.020387806,0.4343086,0.035081994,0.31610093,0.07489213,0.010811387,0.0034039274
375316653866487564,6054918763642301568,0.52489424,2214.1373653902465,0.19964564531154907,1.6491114E-5,13.765668,0.0023472614,0.1954394,0.004643637,0.010177192,0.0028104791,0.083507225,0.017385226,0.79027873,3.8197095E-4,0.0129005015,4.7878388E-4,0.29176998,0.007793872,0.0049969996,0.0025963413,0.1954394,0.004643637,"TWOGAUSSIANS_WITH_ELLIPSOIDAL_ON_ECLIPSE1",9,174.62048,0.79027873,3.8197095E-4,0.072242804,0.0026811897,0.29861587,0.008260202,0.1954394,0.004643637,0.056992278,0.015738683,0.093501225,0.017035743
375316653866487564,6054918866721205888,0.48042583,2202.9240983549275,0.5161632152727283,9.089206E-6,12.881641,0.0010146,0.32073918,0.015191882,0.039186954,0.020984307,0.026614496,0.00612372,0.8238105,4.9677293E-4,0.026883904,0.0014720687,0.09217144,0.002883467,null,null,null,null,"TWOGAUSSIANS",8,39.776627,0.8238105,4.9677293E-4,0.15054986,0.008243585,0.09217144,0.002883467,0.32073918,0.015191882,0.21944694,0.117512114,0.026614496,0.0061237216
375316653866487564,6054919450836745088,0.4805882,2169.8053853828965,1.0860387889510754,3.0729814E-5,16.122007,0.019469215,0.19442779,0.028755601,0.08212062,0.13836639,0.009506537,0.01725913,0.65208143,0.010040522,0.1135442,0.032384675,0.041937187,0.018227275,null,null,null,null,"TWOGAUSSIANS",8,2.0160086,0.65208143,0.010040522,0.4,0.0,0.04100789,0.0023609463,0.19472778,0.027052432,0.4,0.029709792,0.008590209,0.0027759701
375316653866487564,6054920206732608384,0.52944255,2187.476482675336,1.4283711817369733,9.594962E-6,18.34214,0.0077365213,0.24649711,0.0036926542,0.07649356,0.0033574759,0.3503786,0.017904937,0.75716066,0.0026902626,0.08513833,0.004525265,0.29819497,0.012199997,null,null,null,null,"TWOGAUSSIANS",8,3.4682496,0.24649711,0.0036926542,0.4,0.0,0.3460121,0.01779723,0.75716066,0.0026902626,0.4,0.0,0.29382846,0.012448612
375316653866487564,6054920447269240192,0.51347786,2181.2650156761915,3.1399552141452185,8.537438E-6,17.671053,0.017311616,0.12528966,0.004360578,0.095481426,0.013872658,0.14407046,0.014897008,0.6243723,0.0040887957,0.099413805,0.009633589,0.17619349,0.01689732,null,null,null,null,"TWOGAUSSIANS",8,5.2686143,0.6243723,0.0040887957,0.4,0.0,0.16446024,0.008190494,0.12528966,0.004360578,0.4,0.0,0.13233802,0.0074936114
375316653866487564,6054920859586194176,0.61918527,2212.446679992346,3.259745463335073,2.616614E-6,17.217993,0.00780346,0.31007126,0.001405799,0.04971424,0.005668957,0.16202334,0.016693648,0.8102121,0.0018713673,0.052344378,0.0035120007,0.24167947,0.01770268,0.09827602,0.010369031,0.31007126,0.001405799,"TWOGAUSSIANS_WITH_ELLIPSOIDAL_ON_ECLIPSE1",9,5.120308,0.8102121,0.0016505463,0.29312852,0.019667204,0.4382281,0.012779098,0.31007126,0.001405799,0.27839977,0.031746157,0.35857213,0.009281333
375316653866487564,6054921237525190656,0.52602184,2203.6510440214365,0.453889231229705,1.7326742E-5,18.506088,0.0015227647,0.44979587,0.0018528316,0.040641904,0.0018176662,0.28414145,0.0073768413,0.9069043,0.0060160183,0.012041194,0.0056332205,0.022677513,0.009867998,null,null,null,null,"TWOGAUSSIANS",8,1.3051037,0.44979587,0.0018528316,0.22759467,0.010178931,0.28414145,0.0073768413,0.9069043,0.0060160183,0.06743069,0.031546034,0.022677513,0.009867998
375316653866487564,6054921478043012480,0.58064586,2196.4411034429795,2.257754289007412,5.035621E-6,18.28068,0.025199948,0.264553,0.0031602185,0.04136492,0.0052716346,0.38022172,0.06441614,0.7608968,0.0016531434,0.05298648,0.0039618616,0.6155492,0.048290145,0.11541474,0.030653294,0.264553,0.0031602185,"TWOGAUSSIANS_WITH_ELLIPSOIDAL_ON_ECLIPSE1",9,13.039577,0.7611768,0.0014602948,0.2967243,0.022186426,0.8462581,0.021935415,0.264553,0.0031602185,0.23164356,0.029521152,0.61104304,0.028621672
375316653866487564,6054921611169382144,0.52718693,2200.620470306586,0.4544661059598636,1.0081979E-5,17.769423,0.004075323,0.26519167,4.3205902E-4,0.0110100135,0.0016883789,0.4644744,0.06568914,0.5725684,0.017099919,0.05309932,0.035174977,0.03982053,0.0105472375,null,null,null,null,"TWOGAUSSIANS",8,12.081946,0.26519167,4.3205902E-4,0.061656076,0.009454922,0.4644744,0.065688185,0.5725684,0.017099919,0.2973562,0.111826204,0.03982053,0.010547242
375316653866487564,6054921856018663040,0.45406207,2209.9298562771787,0.8514470375806299,1.2775445E-4,17.5851,0.007811612,0.22907971,0.040390935,0.08491294,0.023216533,0.08236503,0.021785125,0.71735185,0.009384309,0.011848663,0.0026418893,0.9877529,0.85892385,null,null,null,null,"TWOGAUSSIANS",8,44.651283,0.71735185,0.009384309,0.06635251,0.01479458,0.9877528,0.85892373,0.22907971,0.040390935,0.4,0.0291606,0.082364894,0.021785088
375316653866487564,6054922027820683904,0.50618565,2224.9843531430597,3.4308143849932535,1.3204501E-5,19.57182,0.046838578,0.2802477,0.0030436486,0.03977499,0.008879032,0.69838136,0.14986144,0.76959527,0.0070979563,0.042145465,0.013740199,0.3676106,0.10927557,0.15004155,0.06476585,0.2802477,0.0030436486,"TWOGAUSSIANS_WITH_ELLIPSOIDAL_ON_ECLIPSE1",9,13.21071,0.2802477,0.0030436486,0.22273995,0.04972258,0.99846387,0.15612034,0.77068526,0.0065397853,0.23601459,0.07694511,0.6664883,0.068813525
375316653866487564,6054922092216784000,0.512691,2206.754942143601,1.8348712514,1.0098918E-6,19.81886,0.0056672287,0.235692,1.2791954E-6,4.9044273E-4,8.9646355E-6,0.9274456,0.012118182,0.73305327,0.0132064605,0.053734735,0.01111801,0.06655911,0.016505234,null,null,null,null,"TWOGAUSSIANS",8,1.2451514,0.235692,1.2791954E-6,0.0027464794,5.020196E-5,0.9274456,0.012118182,0.73305327,0.0132064605,0.30091453,0.06226085,0.06655911,0.016505234
375316653866487564,6054922096518692992,0.46565992,2217.076063362438,2.7039360535003,2.2231423E-5,19.594812,0.007297096,0.24452017,0.0071321977,0.06576783,0.013403457,0.20151226,0.018658834,0.7325481,0.009440653,0.071666844,0.006828739,0.27458024,0.02143384,null,null,null,null,"TWOGAUSSIANS",8,2.1939785,0.7325481,0.009440653,0.4,0.021007668,0.2741216,0.021386823,0.24452017,0.0071321977,0.36829984,0.075059354,0.20105365,0.019023804
375316653866487564,6054922508835664384,0.48473024,2195.518266746683,2.8862082386121144,1.9867022E-5,19.034956,0.00562533,0.25916246,0.008395038,0.0733823,0.008533248,0.16247241,0.012828532,0.7532405,0.008452875,0.07540983,0.007505782,0.19162105,0.015556827,null,null,null,null,"TWOGAUSSIANS",8,3.492852,0.7532405,0.008452875,0.4,0.008089815,0.1905308,0.015239238,0.25916246,0.008395038,0.4,0.024635924,0.16138218,0.012816884
375316653866487564,6054922508835664512,0.5358527,2203.974086651492,2.6089659676410277,1.0518073E-5,19.722027,0.020986985,0.29964253,0.0034878354,0.07190559,0.0059552477,0.47278756,0.059052616,0.7886441,0.003694199,0.07499182,0.008374149,0.49849018,0.021115255,null,null,null,null,"TWOGAUSSIANS",8,1.9096563,0.7886441,0.003694199,0.4,0.013168001,0.4962005,0.021304239,0.29964253,0.0034878354,0.4,0.021709124,0.47049788,0.059302874
375316653866487564,6054922646275788544,0.49685693,2212.5586133620495,1.978596949371177,1.0555858E-5,19.036516,0.0046269307,0.26541734,0.009467734,0.06600523,0.0075171315,0.14101021,0.01269374,0.76306087,0.0034443277,0.058665976,0.0064035915,0.3243724,0.03970521,null,null,null,null,"TWOGAUSSIANS",8,2.9696798,0.76306087,0.0034443277,0.32852945,0.035860114,0.32424912,0.03986916,0.26541734,0.009467734,0.3696293,0.042095937,0.14088692,0.01270058
375316653866487564,6054922646275796992,0.49403897,2190.0384237618323,4.215565269567835,1.9948935E-5,19.750706,0.0070955763,0.07631586,0.003307495,0.00799558,0.004716961,0.03588033,0.011521507,0.5262076,0.0075820633,0.14932951,0.009159136,0.25602224,0.01197761,null,null,null,null,"TWOGAUSSIANS",8,1.2662989,0.5262076,0.0075820633,0.4,0.0,0.25413924,0.012018219,0.07640585,0.0032993946,0.044775248,0.026414983,0.037025977,0.011619077
375316653866487564,6054923397894785792,0.5062107,2220.9603900412335,2.224361504997218,1.6070018E-5,18.712309,0.0021347965,0.63906926,0.01339673,0.026725711,0.012446431,0.028151734,0.020019261,0.8130951,0.0049941856,0.023714393,0.004887031,0.41437876,0.119708866,null,null,null,null,"TWOGAUSSIANS",8,1.680054,0.8130951,0.0049941856,0.1328006,0.027367374,0.41437876,0.119708866,0.63906926,0.01339673,0.14966398,0.06970002,0.028151734,0.020019261
375316653866487564,6054923814524195968,0.46833912,2191.8654421437104,3.761054892548293,1.8505443E-5,15.216053,0.0054147667,0.26182988,0.0055369935,0.06786112,0.0062627764,0.17445076,0.012706407,0.7624656,0.005853294,0.06893158,0.011118576,0.14861237,0.014495317,null,null,null,null,"TWOGAUSSIANS",8,62.582504,0.26182988,0.0055369935,0.38002226,0.033762082,0.1740535,0.012722082,0.7624656,0.005853294,0.38601685,0.035405852,0.1482151,0.014718952
375316653866487564,6054924359945522944,0.44315487,2217.969012412075,0.9145466343052715,1.8330344E-5,18.490782,0.0063070427,0.117660746,0.0029514537,0.027847024,0.0030688571,0.1427257,0.01500252,0.6091388,0.009120614,0.027245956,0.008323821,0.07870731,0.029371526,null,null,null,null,"TWOGAUSSIANS",8,6.0335364,0.117660746,0.0029514537,0.15594333,0.0171856,0.1427257,0.01500252,0.6091388,0.009120614,0.15257734,0.046613395,0.07870731,0.029371526
375316653866487564,6054924944060613248,0.5118951,2213.786263024248,0.9786449629421426,8.51351E-6,17.363787,0.0038684022,0.26288486,0.0025202946,0.028817927,0.0060552885,0.04707968,0.0071842903,0.6937308,0.004750077,0.02009704,0.044306967,0.14197215,0.22611013,0.057404492,0.005078638,0.6937308,0.004750077,"TWOGAUSSIANS_WITH_ELLIPSOIDAL_ON_ECLIPSE2",9,5.6515064,0.6937308,0.004750077,0.11254343,0.24811903,0.25678092,0.22729392,0.25372487,0.0035441124,0.1613804,0.033909615,0.14401372,0.0076715257
375316653866487564,6054925115858780416,0.5252398,2211.5906182002277,1.88746038147786,8.941811E-6,16.994919,0.25233003,0.25683755,0.002961727,0.16034031,0.09013845,0.16796874,0.2480829,0.75480103,0.0035230862,0.13324732,0.042886645,0.18966478,0.20401219,null,null,null,null,"TWOGAUSSIANS",8,3.162995,0.75480103,0.0035230862,0.4,0.0,0.11082694,0.004595096,0.25691754,0.0030528354,0.4,0.0,0.08686362,0.0027616308
375316653866487564,6054925395055563648,0.4877211,2189.5800065421504,2.6539503208996718,1.715184E-5,19.673134,0.011012673,0.27085605,0.0046171574,0.08214206,0.007837505,0.41996264,0.02316865,0.7663915,0.004595056,0.0826184,0.0059669027,0.3863434,0.030016862,null,null,null,null,"TWOGAUSSIANS",8,2.7619514,0.27085605,0.0046171574,0.4,0.0,0.4125438,0.025016762,0.7663915,0.004595056,0.4,0.0,0.37892455,0.030755032
