Gaia/vari_eclipsing_binary/VariEclipsingBinary_721970-722959.csv
# %ECSV 1.0
# ---
# delimiter: ','
# meta: !!omap
# - RELEASE: Gaia DR3
# - TABLE: vari_eclipsing_binary
# - DESCRIPTION: >
#     This table describes the properties of the eclipsing binaries resulting from the variability analysis. 
# - CITATION: >
#     How to cite and acknowledge Gaia: 
#     https://gea.esac.esa.int/archive/documentation/credits.html 
# - KNOWN_ISSUES: >
#     Known issues: 
#     https://www.cosmos.esa.int/web/gaia-users/known-issues 
# - DOCUMENTATION: >
#     Tutorials and documentation: 
#     https://www.cosmos.esa.int/web/gaia-users/archive 
# datatype:
# - 
#   name: solution_id
#   datatype: int64
#   description: Solution Identifier
#   meta:
#     ucd: meta.version
# - 
#   name: source_id
#   datatype: int64
#   description: Unique source identifier
#   meta:
#     ucd: meta.id;meta.main
# - 
#   name: global_ranking
#   datatype: float32
#   description: Number between 0 (worst) and 1 (best)
#   meta:
#     ucd: stat.param
# - 
#   name: reference_time
#   datatype: float64
#   unit: d
#   description: Reference time used for the geometric model fit
#   meta:
#     ucd: time.epoch
# - 
#   name: frequency
#   datatype: float64
#   unit: d**-1
#   description: Frequency of geometric model of the eclipsing binary light curve
#   meta:
#     ucd: src.orbital
# - 
#   name: frequency_error
#   datatype: float32
#   unit: d**-1
#   description: "Uncertainty of \\texttt{frequency}"
#   meta:
#     ucd: stat.error
# - 
#   name: geom_model_reference_level
#   datatype: float32
#   unit: mag
#   description: Magnitude reference level of geometric model
#   meta:
#     ucd: phot.mag;em.opt
# - 
#   name: geom_model_reference_level_error
#   datatype: float32
#   unit: mag
#   description: "Uncertainty of \\texttt{geomModelReferenceLevel}"
#   meta:
#     ucd: stat.error;phot.mag;em.opt
# - 
#   name: geom_model_gaussian1_phase
#   datatype: float32
#   description: Phase of the Gaussian 1 component
#   meta:
#     ucd: time.phase
# - 
#   name: geom_model_gaussian1_phase_error
#   datatype: float32
#   description: "Uncertainty of \\texttt{geomModelGaussian1Phase}"
#   meta:
#     ucd: stat.error;time.phase
# - 
#   name: geom_model_gaussian1_sigma
#   datatype: float32
#   description: "Standard deviation [phase] of Gaussian 1 component"
#   meta:
#     ucd: stat.stdev
# - 
#   name: geom_model_gaussian1_sigma_error
#   datatype: float32
#   description: "Uncertainty of \\texttt{geomModelGaussian1Sigma}"
#   meta:
#     ucd: stat.error
# - 
#   name: geom_model_gaussian1_depth
#   datatype: float32
#   unit: mag
#   description: Magnitude depth of Gaussian 1 component
#   meta:
#     ucd: src.var.amplitude
# - 
#   name: geom_model_gaussian1_depth_error
#   datatype: float32
#   unit: mag
#   description: "Uncertainty of \\texttt{geomModelGaussian1Depth}"
#   meta:
#     ucd: stat.error;src.var.amplitude
# - 
#   name: geom_model_gaussian2_phase
#   datatype: float32
#   description: Phase of Gaussian 2 component
#   meta:
#     ucd: time.phase
# - 
#   name: geom_model_gaussian2_phase_error
#   datatype: float32
#   description: "Uncertainty of \\texttt{geomModelGaussian2Phase}"
#   meta:
#     ucd: stat.error;time.phase
# - 
#   name: geom_model_gaussian2_sigma
#   datatype: float32
[...]
#   datatype: float32
#   description: "Secondary eclipse: uncertainty of \\texttt{derivedSecondaryEclDuration}"
#   meta:
#     ucd: stat.error;time.duration
# - 
#   name: derived_secondary_ecl_depth
#   datatype: float32
#   unit: mag
#   description: "Secondary eclipse: depth"
#   meta:
#     ucd: src.var.amplitude
# - 
#   name: derived_secondary_ecl_depth_error
#   datatype: float32
#   unit: mag
#   description: "Secondary eclipse: uncertainty of \\texttt{derivedSecondaryEclDepth}"
#   meta:
#     ucd: stat.error;src.var.amplitude
solution_id,source_id,global_ranking,reference_time,frequency,frequency_error,geom_model_reference_level,geom_model_reference_level_error,geom_model_gaussian1_phase,geom_model_gaussian1_phase_error,geom_model_gaussian1_sigma,geom_model_gaussian1_sigma_error,geom_model_gaussian1_depth,geom_model_gaussian1_depth_error,geom_model_gaussian2_phase,geom_model_gaussian2_phase_error,geom_model_gaussian2_sigma,geom_model_gaussian2_sigma_error,geom_model_gaussian2_depth,geom_model_gaussian2_depth_error,geom_model_cosine_half_period_amplitude,geom_model_cosine_half_period_amplitude_error,geom_model_cosine_half_period_phase,geom_model_cosine_half_period_phase_error,model_type,num_model_parameters,reduced_chi2,derived_primary_ecl_phase,derived_primary_ecl_phase_error,derived_primary_ecl_duration,derived_primary_ecl_duration_error,derived_primary_ecl_depth,derived_primary_ecl_depth_error,derived_secondary_ecl_phase,derived_secondary_ecl_phase_error,derived_secondary_ecl_duration,derived_secondary_ecl_duration_error,derived_secondary_ecl_depth,derived_secondary_ecl_depth_error
[from data line 108]
375316653866487564,6352854460168430336,0.6077809,2206.2733183104615,2.6946407370059178,6.3256766E-6,15.774946,0.023099227,0.30371776,0.0016736337,0.059624236,0.014324861,0.11403633,0.04814507,0.8066257,0.0049726283,0.051634643,0.012822874,0.1259461,0.049765807,0.0868686,0.02757584,0.30371776,0.0016736337,"TWOGAUSSIANS_WITH_ELLIPSOIDAL_ON_ECLIPSE1",9,19.681408,0.8066257,0.0049726283,0.289154,0.07180809,0.2996068,0.018189775,0.30371776,0.0016736337,0.3338957,0.080219224,0.287755,0.018207924
375316653866487564,6352856311298616064,0.61230296,2199.80234302536,1.4910803708415667,1.45411195E-5,18.212158,0.0020450384,0.60929835,1.186197E-4,0.03587921,3.0189456E-4,0.8118788,0.0069552423,0.83409977,0.030102834,0.042424984,0.028038623,0.030773273,0.044048537,null,null,null,null,"TWOGAUSSIANS",8,1.3143039,0.60929835,1.186197E-4,0.20092358,0.0016906095,0.8118788,0.0069572506,0.83409977,0.030102834,0.23757991,0.15701628,0.030773276,0.04404855
375316653866487564,6352871571316868224,0.45261514,2229.3449279440647,1.346866727004284,3.1219934E-5,17.23768,0.0033219368,0.73424906,0.0068650492,0.012838511,0.009360378,0.07574891,3.0973237,null,null,null,null,null,null,0.037530355,0.0044279206,0.73424906,0.0068650492,"ONEGAUSSIAN_WITH_ELLIPSOIDAL",6,15.815891,0.73424906,0.0068650492,0.07189566,0.052418113,0.15080945,3.0974417,null,null,null,null,null,null
375316653866487564,6352954240848729856,0.4979238,2201.6925207265995,3.2215446440991515,2.542932E-5,16.375624,0.49920475,0.24582212,0.0072132153,0.13559061,0.09916895,0.2050452,0.4872663,0.73779464,0.0072577684,0.123231225,0.06596044,0.21359241,0.417002,null,null,null,null,"TWOGAUSSIANS",8,28.934082,0.73779464,0.0072577684,0.4,0.0,0.1532655,0.008402043,0.24590212,0.0067184544,0.4,0.0,0.1443685,0.009659221
375316653866487564,6353008804113390976,0.65148467,2177.991857668092,3.6167120859551165,3.3369884E-6,16.493109,0.0110393325,0.20998985,0.0010405104,0.04929912,0.0037630203,0.359225,0.02288309,0.7084745,0.0021503693,0.053718388,0.0041007744,0.40833083,0.035754852,0.09873896,0.014491177,0.20998985,0.0010405104,"TWOGAUSSIANS_WITH_ELLIPSOIDAL_ON_ECLIPSE1",9,11.86028,0.7086245,0.0019157664,0.30082297,0.022964338,0.6057846,0.039140653,0.20998985,0.0010405104,0.2760751,0.021072913,0.55669487,0.021068068
375316653866487564,6353017802068660864,0.5287172,2189.533684665257,2.4878316483960026,7.537645E-6,17.99973,0.01757633,0.31036198,0.0018444412,0.096611686,0.0065897494,0.24756525,0.01646114,0.81869227,0.0024068104,0.11063828,0.010325343,0.22165707,0.015711876,null,null,null,null,"TWOGAUSSIANS",8,2.2402523,0.31035197,0.0018430069,0.4,0.0,0.22461554,0.008141969,0.81869227,0.0024068104,0.4,0.0,0.198691,0.0134070935
375316653866487564,6353019966731978624,0.5401851,2188.338658794922,0.4970881786713639,1.8487362E-5,17.848871,0.0036117833,0.24744175,0.0014734874,0.00399581,7.799271E-4,0.3041225,0.16469371,0.6148983,0.0036212078,0.034092974,0.0026873013,0.42055684,0.016014744,null,null,null,null,"TWOGAUSSIANS",8,6.858914,0.6148983,0.0036212078,0.19092065,0.015048887,0.42055684,0.016014744,0.24744175,0.0014734874,0.022376535,0.0043675923,0.3041225,0.16469371
375316653866487564,6353101678486031488,0.5590708,2160.616531808487,0.6890031232525203,2.2075272E-5,16.754885,0.0033067863,0.33836785,0.0070103197,0.006833575,0.0015332903,2.24799,4.21913,0.70516115,0.02329949,0.068462804,0.028341854,0.038802832,0.014550137,null,null,null,null,"TWOGAUSSIANS",8,16.34594,0.33836785,0.0070103197,0.03826802,0.008586425,2.24799,4.21913,0.70516115,0.02329949,0.3833917,0.10760559,0.038802832,0.014550137
375316653866487564,6353119579908585472,0.47144437,2188.4516937626872,0.9398129682371198,1.842884E-5,17.65363,0.16170682,0.16183321,0.0062407004,0.16604106,0.11217586,0.11437467,0.15795913,0.655381,0.0050999834,0.12641971,0.04152648,0.118736185,0.12250934,null,null,null,null,"TWOGAUSSIANS",8,2.5159965,0.655381,0.0050999834,0.4,0.0,0.0700649,0.0058587175,0.16197321,0.0059699723,0.4,0.0,0.063329235,0.005644129
375316653866487564,6353132705329737088,0.59733546,2157.804800315862,2.0609001145240278,2.3225704E-5,13.517458,0.0027997969,0.24040638,0.002629065,0.050438363,0.013834095,0.018623611,0.0063309614,0.7321941,0.010424831,0.052404556,0.011955678,0.1177719,0.022650223,0.03132741,0.0037385682,0.24040638,0.002629065,"TWOGAUSSIANS_WITH_ELLIPSOIDAL_ON_ECLIPSE1",9,12.955273,0.73304415,0.010129621,0.29346552,0.0669518,0.18027608,0.025634773,0.24040638,0.002629065,0.28245485,0.07747093,0.081277266,0.0019913355
375316653866487564,6353138920146134400,0.4969148,2181.1627579326205,1.446971626551941,3.618279E-5,17.118464,0.028430436,0.29281473,0.0072614434,0.0755267,0.012662591,0.3512028,0.031712066,0.8112257,0.009858415,0.08873932,0.025340982,0.113951825,0.0262927,null,null,null,null,"TWOGAUSSIANS",8,49.67526,0.29281473,0.0072614434,0.4,0.002301407,0.3486413,0.028952356,0.8112257,0.009858415,0.4,0.0,0.11139028,0.020940337
375316653866487564,6353179846890682624,0.4608579,2220.6057720502126,3.842173296217798,2.6435688E-5,15.432,0.07764382,0.3184337,0.008014111,0.10715163,0.04960634,0.3665407,0.058575477,0.85687524,0.009971232,0.05612958,0.014449789,0.34340677,0.075108804,null,null,null,null,"TWOGAUSSIANS",8,849.08075,0.3184337,0.008014111,0.4,0.0,0.36358356,0.066295214,0.85688525,0.010150604,0.31432566,0.08091882,0.34048513,0.056489732
375316653866487564,6353191632281494656,0.41424176,2193.608340955769,1.6156949880683988,2.8274371E-5,17.165302,0.0202861,0.33461046,0.029069005,0.17121847,0.093032226,0.043019794,0.01872698,0.76195586,3.0366984E-6,0.0015909792,3.7413428E-4,0.3393316,0.47514135,null,null,null,null,"TWOGAUSSIANS",8,6.351087,0.76195586,3.0366984E-6,0.008909483,0.002095152,0.34019104,0.47408527,0.33461046,0.029069005,0.4,0.0,0.041809466,0.009634599
375316653866487564,6353192663073208832,0.496778,2194.297698386733,2.323943162921738,1.939391E-5,14.188769,0.050156068,0.30713356,0.0049868496,0.09411891,0.016429774,0.19834879,0.04477147,0.8137296,0.014027122,0.118693545,0.06939945,0.09015804,0.047012493,null,null,null,null,"TWOGAUSSIANS",8,260.74347,0.30712357,0.004867815,0.4,0.0,0.183838,0.012549411,0.8137296,0.01403951,0.4,0.0,0.075621635,0.0118066035
375316653866487564,6353222934002605440,0.5190199,2187.4880110919585,3.6838029596826383,1.8589177E-5,16.678099,0.022446113,0.26757646,0.004332024,0.08800084,0.011114405,0.26160225,0.020125195,0.7719765,0.0055463593,0.10018819,0.012853433,0.2446168,0.019224523,null,null,null,null,"TWOGAUSSIANS",8,37.750626,0.26757646,0.004332024,0.4,0.0,0.2477388,0.016131457,0.7719765,0.0055463593,0.4,0.0,0.23075144,0.010591369
375316653866487564,6353227538207575936,0.52943665,2164.462691353431,2.375860626603247,1.2087862E-5,14.834338,0.027145123,0.19984694,0.003372969,0.09692522,0.018666653,0.2496246,0.015428039,0.7054039,0.004121261,0.098064445,0.010513588,0.23987816,0.026303457,null,null,null,null,"TWOGAUSSIANS",8,96.835884,0.19984694,0.003372969,0.4,0.0,0.23264864,0.022788933,0.7054039,0.0041209073,0.4,0.0,0.22290194,0.0098299
375316653866487564,6353282646931758848,0.52466375,2164.892776880345,0.6474193352606318,1.11354406E-4,19.430206,0.004092876,0.21831022,0.001736332,0.015627874,0.0041240426,0.93652976,1.608227,0.70011944,0.0017036517,0.019781355,0.0015811304,0.6645684,0.20581768,null,null,null,null,"TWOGAUSSIANS",8,1.4799422,0.21831022,0.001736332,0.0875161,0.023094637,0.93652976,1.608227,0.70011944,0.0017036517,0.11077558,0.0088543305,0.6645684,0.20581768
375316653866487564,6353303915609516800,0.54351807,2222.42622529657,0.23781370330815788,2.448721E-5,12.583456,8.37469E-4,0.17136599,0.031632848,0.021966048,0.024472272,0.0074051167,0.0048177284,0.9102856,8.4981037E-4,0.012960572,2.9774132E-4,0.23890527,0.009958757,0.0014740864,8.873967E-4,0.17136599,0.031632848,"TWOGAUSSIANS_WITH_ELLIPSOIDAL_ON_ECLIPSE1",9,65.88365,0.9102856,8.4981037E-4,0.072579205,0.0016673515,0.23891954,0.009970441,0.17136599,0.031632848,0.12300987,0.13704473,0.01035329,0.004589223
375316653866487564,6353309688046282496,0.6437931,2242.7673595101355,4.324836689663687,2.5724228E-6,17.736872,0.010974388,0.24138199,0.0011182971,0.04405718,0.003513557,0.4483174,0.030415177,0.74382186,0.0018942092,0.047590677,0.0023797606,0.5324076,0.022672206,0.1327606,0.013473253,0.24138199,0.0011182971,"TWOGAUSSIANS_WITH_ELLIPSOIDAL_ON_ECLIPSE1",9,5.027925,0.74382186,0.0018942092,0.2665078,0.01332666,0.7978658,0.013059667,0.24138199,0.0011182971,0.2467202,0.01967592,0.713838,0.037479922
375316653866487564,6353321924408643328,0.6556914,2175.3570492784506,3.70382056293692,3.3881277E-6,16.144571,0.0044852234,0.27441165,0.0014662539,0.04324152,0.0025389614,0.28120086,0.014074861,0.7717805,8.425964E-4,0.044912744,0.0012206733,0.41567963,0.014195478,0.13404888,0.006449547,0.27441165,0.0014662539,"TWOGAUSSIANS_WITH_ELLIPSOIDAL_ON_ECLIPSE1",9,15.768888,0.77203053,7.049798E-4,0.25151137,0.006835771,0.6837107,0.011847742,0.27441165,0.0014662539,0.24215251,0.014218184,0.5492984,0.011346821
375316653866487564,6353329517910809728,0.64490485,2174.4368960282586,1.3688278025170297,2.6432137E-6,17.34908,0.0023975512,0.30236027,7.3863176E-4,0.028950201,0.0020668842,0.15983067,0.010364542,0.80300784,0.0010598914,0.030921876,7.9112145E-4,0.70131296,0.025122203,0.031338584,0.0045404225,0.30236027,7.3863176E-4,"TWOGAUSSIANS_WITH_ELLIPSOIDAL_ON_ECLIPSE1",9,3.2210119,0.80300784,0.0010598914,0.1731625,0.00443028,0.763989,0.024582602,0.30236027,7.3863176E-4,0.16212113,0.011574551,0.22250776,0.013647291
375316653866487564,6353356455945661568,0.5793274,2163.89602014545,3.5796706587323524,1.5482616E-5,13.233329,0.029039452,0.27109414,0.0023520482,0.06329979,0.0076145735,0.3420939,0.06025933,0.7738246,0.0052147834,0.05318365,0.010710928,0.43108562,0.06459324,0.0886685,0.034688834,0.27109414,0.0023520482,"TWOGAUSSIANS_WITH_ELLIPSOIDAL_ON_ECLIPSE1",9,1180.8564,0.7738246,0.0051708384,0.29782844,0.059981197,0.60822695,0.064445354,0.27109414,0.0023520482,0.3544788,0.04264161,0.51928747,0.015984375
375316653866487564,6353397515833217152,0.50786215,2207.071979737936,2.8958673756623425,1.5850428E-5,13.682549,0.049465116,0.23889074,0.0057985066,0.10824349,0.020294385,0.23679785,0.04355185,0.732418,0.0044431873,0.11589742,0.021026108,0.23447214,0.043822788,null,null,null,null,"TWOGAUSSIANS",8,387.13303,0.23891073,0.0058400994,0.4,0.0,0.20018673,0.014294263,0.732418,0.0044431873,0.4,0.0,0.19782865,0.015066403
375316653866487564,6353404937536732928,0.56605875,2232.249177944498,4.537876367101084,1.6099757E-5,16.63521,0.05868136,0.27682808,0.0058833645,0.05819932,0.016625,0.378858,0.10363506,0.7566063,0.009812906,0.06342552,0.0392864,0.09981019,0.11859587,0.042769276,0.06328313,0.7566063,0.009812906,"TWOGAUSSIANS_WITH_ELLIPSOIDAL_ON_ECLIPSE2",9,41.218746,0.27568808,0.004654211,0.3259162,0.08781758,0.46305028,0.027357435,0.7566063,0.009812906,0.35518292,0.18165702,0.18529887,0.018132519
375316653866487564,6353437987309384832,0.59673053,2138.6066220881025,0.12975402388245091,3.6700378E-5,12.219664,0.0016671402,0.46374738,0.007020478,0.008447627,0.0027411461,0.31946698,0.16708404,0.75392413,0.045686897,0.029863156,0.016771432,0.1012992,0.20898673,0.0027516296,0.0023530177,0.46374738,0.007020478,"TWOGAUSSIANS_WITH_ELLIPSOIDAL_ON_ECLIPSE1",9,89.842155,0.46374738,0.007020478,0.047306705,0.015350418,0.3249702,0.16691697,0.75407416,0.045827042,0.16723368,0.09392002,0.10164369,0.20911893
375316653866487564,6353474997043324032,0.46080148,2213.200618540615,0.7040495430789244,1.8776165E-5,18.411985,0.005450224,0.32412797,0.0017999241,0.012226777,0.0014350999,0.3405461,0.08231848,0.8183677,0.036526103,0.045673423,0.017851897,0.07595208,0.012222565,null,null,null,null,"TWOGAUSSIANS",8,12.144384,0.32412797,0.0017999241,0.06846995,0.008036559,0.3405461,0.08231848,0.8183677,0.036526103,0.25577116,0.09997062,0.07595208,0.012222565
375316653866487564,6353526497995347456,0.54802495,2193.9855363459183,1.6277203801341793,4.7064004E-6,19.120338,0.00904937,0.23227617,8.7082817E-4,0.028033797,0.0015241395,0.5638481,0.027199445,0.730358,0.009586717,0.0278308,0.017849665,0.61897993,37.11308,null,null,null,null,"TWOGAUSSIANS",8,4.31716,0.730358,0.009586717,0.15585248,0.09995813,0.61897993,37.11308,0.23227617,8.7082817E-4,0.15698926,0.008535181,0.5638481,0.027199445
375316653866487564,6353540826006377344,0.57050216,2199.7156031260442,3.1495673358584364,9.972082E-6,17.834604,0.006651337,0.250311,0.0029124233,0.087862656,0.0038142365,0.22610454,0.007489995,0.7492094,0.0014167518,0.08586248,0.005444504,0.2747471,0.013385379,null,null,null,null,"TWOGAUSSIANS",8,2.701882,0.7492094,0.0014167518,0.4,0.0,0.26698217,0.015631855,0.250311,0.0029124233,0.4,0.0,0.21833959,0.0058124703
375316653866487564,6353580305345878016,0.49231923,2206.8208461736644,0.39140749861940316,1.0297236E-6,17.934647,0.006285949,0.09188094,4.4115475E-7,1.3204753E-4,2.468813E-6,0.67728937,0.0039346092,0.41077882,0.01738037,0.059432264,0.022433372,0.06847787,0.025536539,null,null,null,null,"TWOGAUSSIANS",8,13.179001,0.09188094,4.4115475E-7,7.3946617E-4,1.3825352E-5,0.67728937,0.003934233,0.41077882,0.01738037,0.33282068,0.11902949,0.06847787,0.025536539
375316653866487564,6353581855829763840,0.59324586,2212.3118896464084,2.636805824611777,7.5362195E-6,16.984772,0.009010862,0.2633306,0.0020341284,0.089945465,0.004916387,0.22369882,0.01097145,0.75309545,0.003831299,0.086451404,0.0048537203,0.3787145,0.015183817,null,null,null,null,"TWOGAUSSIANS",8,9.20834,0.75309545,0.003831299,0.4,0.0,0.3699348,0.014270971,0.2633306,0.0020341284,0.4,0.0,0.21491905,0.009949477
375316653866487564,6353621743189822208,0.60196656,2198.5582427725185,1.3537293248769198,2.6071875E-6,12.363685,0.00268782,0.15814787,0.0032590718,0.02818077,0.005324227,0.0455706,0.0047261203,0.66379154,6.4193754E-4,0.041023478,9.809147E-4,0.2457175,0.0056185224,0.01701167,0.0031191546,0.66379154,6.4193754E-4,"TWOGAUSSIANS_WITH_ELLIPSOIDAL_ON_ECLIPSE2",9,108.06708,0.66379154,6.4193754E-4,0.22973147,0.005493122,0.2797408,0.004791068,0.15839787,0.0031403254,0.15781231,0.02981567,0.07955306,0.0034327789
375316653866487564,6353647375554857600,0.54871505,2198.7575120741476,3.2076559411744583,9.738611E-6,17.680256,0.02029717,0.2483016,0.003280654,0.09795866,0.006192446,0.44389153,0.025195979,0.7430802,0.0027145424,0.09246137,0.007392418,0.45662013,0.027789017,null,null,null,null,"TWOGAUSSIANS",8,15.747832,0.7430802,0.0027145424,0.4,0.0,0.4299884,0.03140145,0.2483016,0.003280654,0.4,0.0,0.41725823,0.023543527
375316653866487564,6353650055613778944,0.5417894,2210.6046165754747,0.5241750769702137,1.0244471E-4,9.17921,0.0017450054,0.27700046,0.07686959,0.06943636,0.050613407,0.024062011,0.091353185,0.7088494,0.0010997305,0.012379059,0.0015628112,0.2834014,0.017256465,0.005877004,0.002650219,0.7088494,0.0010997305,"TWOGAUSSIANS_WITH_ELLIPSOIDAL_ON_ECLIPSE2",9,114.13058,0.7088494,0.0010997305,0.06932273,0.008751743,0.29515472,0.018230297,0.26702046,0.07619378,0.38884357,0.28254038,0.034066558,0.09076822
375316653866487564,6353663112314791424,0.46769023,2193.991751186126,0.8696683566186382,1.7476827E-5,19.314472,0.0054831025,0.10715007,0.0043669445,0.0073988787,0.002670308,0.2761141,0.051924035,0.46070144,0.056157008,0.036186244,0.03552373,0.0407821,0.1253365,null,null,null,null,"TWOGAUSSIANS",8,1.889337,0.10715007,0.0043669445,0.04143372,0.014953725,0.2761141,0.051924035,0.46070144,0.056157008,0.20264296,0.19893289,0.0407821,0.1253365
