Gaia/vari_eclipsing_binary/VariEclipsingBinary_674912-674930.csv
# %ECSV 1.0
# ---
# delimiter: ','
# meta: !!omap
# - RELEASE: Gaia DR3
# - TABLE: vari_eclipsing_binary
# - DESCRIPTION: >
#     This table describes the properties of the eclipsing binaries resulting from the variability analysis. 
# - CITATION: >
#     How to cite and acknowledge Gaia: 
#     https://gea.esac.esa.int/archive/documentation/credits.html 
# - KNOWN_ISSUES: >
#     Known issues: 
#     https://www.cosmos.esa.int/web/gaia-users/known-issues 
# - DOCUMENTATION: >
#     Tutorials and documentation: 
#     https://www.cosmos.esa.int/web/gaia-users/archive 
# datatype:
# - 
#   name: solution_id
#   datatype: int64
#   description: Solution Identifier
#   meta:
#     ucd: meta.version
# - 
#   name: source_id
#   datatype: int64
#   description: Unique source identifier
#   meta:
#     ucd: meta.id;meta.main
# - 
#   name: global_ranking
#   datatype: float32
#   description: Number between 0 (worst) and 1 (best)
#   meta:
#     ucd: stat.param
# - 
#   name: reference_time
#   datatype: float64
#   unit: d
#   description: Reference time used for the geometric model fit
#   meta:
#     ucd: time.epoch
# - 
#   name: frequency
#   datatype: float64
#   unit: d**-1
#   description: Frequency of geometric model of the eclipsing binary light curve
#   meta:
#     ucd: src.orbital
# - 
#   name: frequency_error
#   datatype: float32
#   unit: d**-1
#   description: "Uncertainty of \\texttt{frequency}"
#   meta:
#     ucd: stat.error
# - 
#   name: geom_model_reference_level
#   datatype: float32
#   unit: mag
#   description: Magnitude reference level of geometric model
#   meta:
#     ucd: phot.mag;em.opt
# - 
#   name: geom_model_reference_level_error
#   datatype: float32
#   unit: mag
#   description: "Uncertainty of \\texttt{geomModelReferenceLevel}"
#   meta:
#     ucd: stat.error;phot.mag;em.opt
# - 
#   name: geom_model_gaussian1_phase
#   datatype: float32
#   description: Phase of the Gaussian 1 component
#   meta:
#     ucd: time.phase
# - 
#   name: geom_model_gaussian1_phase_error
#   datatype: float32
#   description: "Uncertainty of \\texttt{geomModelGaussian1Phase}"
#   meta:
#     ucd: stat.error;time.phase
# - 
#   name: geom_model_gaussian1_sigma
#   datatype: float32
#   description: "Standard deviation [phase] of Gaussian 1 component"
#   meta:
#     ucd: stat.stdev
# - 
#   name: geom_model_gaussian1_sigma_error
#   datatype: float32
#   description: "Uncertainty of \\texttt{geomModelGaussian1Sigma}"
#   meta:
#     ucd: stat.error
# - 
#   name: geom_model_gaussian1_depth
#   datatype: float32
#   unit: mag
#   description: Magnitude depth of Gaussian 1 component
#   meta:
#     ucd: src.var.amplitude
# - 
#   name: geom_model_gaussian1_depth_error
#   datatype: float32
#   unit: mag
#   description: "Uncertainty of \\texttt{geomModelGaussian1Depth}"
#   meta:
#     ucd: stat.error;src.var.amplitude
# - 
#   name: geom_model_gaussian2_phase
#   datatype: float32
#   description: Phase of Gaussian 2 component
#   meta:
#     ucd: time.phase
# - 
#   name: geom_model_gaussian2_phase_error
#   datatype: float32
#   description: "Uncertainty of \\texttt{geomModelGaussian2Phase}"
#   meta:
#     ucd: stat.error;time.phase
# - 
#   name: geom_model_gaussian2_sigma
#   datatype: float32
[...]
#   datatype: float32
#   description: "Secondary eclipse: uncertainty of \\texttt{derivedSecondaryEclDuration}"
#   meta:
#     ucd: stat.error;time.duration
# - 
#   name: derived_secondary_ecl_depth
#   datatype: float32
#   unit: mag
#   description: "Secondary eclipse: depth"
#   meta:
#     ucd: src.var.amplitude
# - 
#   name: derived_secondary_ecl_depth_error
#   datatype: float32
#   unit: mag
#   description: "Secondary eclipse: uncertainty of \\texttt{derivedSecondaryEclDepth}"
#   meta:
#     ucd: stat.error;src.var.amplitude
solution_id,source_id,global_ranking,reference_time,frequency,frequency_error,geom_model_reference_level,geom_model_reference_level_error,geom_model_gaussian1_phase,geom_model_gaussian1_phase_error,geom_model_gaussian1_sigma,geom_model_gaussian1_sigma_error,geom_model_gaussian1_depth,geom_model_gaussian1_depth_error,geom_model_gaussian2_phase,geom_model_gaussian2_phase_error,geom_model_gaussian2_sigma,geom_model_gaussian2_sigma_error,geom_model_gaussian2_depth,geom_model_gaussian2_depth_error,geom_model_cosine_half_period_amplitude,geom_model_cosine_half_period_amplitude_error,geom_model_cosine_half_period_phase,geom_model_cosine_half_period_phase_error,model_type,num_model_parameters,reduced_chi2,derived_primary_ecl_phase,derived_primary_ecl_phase_error,derived_primary_ecl_duration,derived_primary_ecl_duration_error,derived_primary_ecl_depth,derived_primary_ecl_depth_error,derived_secondary_ecl_phase,derived_secondary_ecl_phase_error,derived_secondary_ecl_duration,derived_secondary_ecl_duration_error,derived_secondary_ecl_depth,derived_secondary_ecl_depth_error
[from data line 107]
375316653866487564,5936617394188916992,0.50912637,2207.2228267638525,0.19116155666114426,8.2063096E-5,15.961388,0.0115297325,0.26327062,0.013812114,0.02943156,0.009286048,0.8634405,0.12005124,0.7904567,0.024339186,0.037288386,0.012941596,0.13612309,0.024585994,null,null,null,null,"TWOGAUSSIANS",8,351.22473,0.26327062,0.013812114,0.16481674,0.05200187,0.8634405,0.12005124,0.7904567,0.024339186,0.20881496,0.07247294,0.13612309,0.024585994
375316653866487564,5936618832938358400,0.51199853,2203.1720086420664,0.17156186100279872,2.8576987E-5,18.156511,0.019723902,0.19820964,0.004268082,0.08996545,0.0071646813,0.40013954,0.022833189,0.6981516,0.0048684995,0.09918027,0.0099329185,0.43312117,0.04315607,null,null,null,null,"TWOGAUSSIANS",8,9.127142,0.6981516,0.0048684995,0.4,0.0,0.40782818,0.04879076,0.19820964,0.004268082,0.4,0.0,0.374849,0.021752635
375316653866487564,5936619593158444800,0.4629814,2143.690269660757,2.472955459572805,3.448275E-5,19.594175,0.034241192,0.22960825,0.016290914,0.12983486,0.033756196,0.21765965,0.030064786,0.7590354,0.0073185675,0.08809448,0.012436233,0.32004544,0.03318786,null,null,null,null,"TWOGAUSSIANS",8,3.0219445,0.7592054,0.007346523,0.4,0.0,0.29465613,0.023292081,0.22960825,0.016290914,0.4,0.0,0.19191095,0.020308763
375316653866487564,5936620142914454528,0.43572867,2165.038847626923,4.691482611808628,7.0066744E-5,19.260122,0.026722152,0.395574,0.015021785,0.15605995,0.02799788,0.2649544,0.027722219,0.74504167,0.022415772,0.019503146,0.015894327,0.13931887,0.83188856,null,null,null,null,"TWOGAUSSIANS",8,8.607089,0.395574,0.015021785,0.4,0.0,0.26182687,0.026663082,0.74504167,0.022415772,0.10921762,0.089008234,0.15782723,0.8327335
375316653866487564,5936620177274325248,0.5299088,2168.1256838824493,2.218963995185554,1.4880026E-5,18.60833,0.023984628,0.1561499,0.007036591,0.10889356,0.015415823,0.24278092,0.022943085,0.6675631,0.004743709,0.09435259,0.008889408,0.30261952,0.023856223,null,null,null,null,"TWOGAUSSIANS",8,3.5838768,0.6675731,0.0047418666,0.4,0.0,0.2800719,0.011585094,0.1561499,0.007036591,0.4,0.0,0.22021966,0.012615462
375316653866487564,5936620310423690496,0.51597697,2187.2586452557766,2.4254689825991176,1.6706119E-5,19.388565,0.009926819,0.22917679,0.0029606153,0.05446543,0.0035038579,0.8734165,0.12023973,0.7183743,0.0045037684,0.056131143,0.0054020947,0.23665318,0.04488711,null,null,null,null,"TWOGAUSSIANS",8,4.3812394,0.22917679,0.0029606153,0.3050064,0.019621605,0.8733957,0.12025751,0.7183743,0.0045037684,0.3143344,0.03025173,0.2366324,0.04489412
375316653866487564,5936620349073107968,0.58548826,2181.7016929491665,2.2941465617309715,5.1197394E-6,19.26534,0.009186739,0.2539122,0.0018379206,0.04063795,0.004319082,0.43260962,0.03837139,0.7512272,0.0031617794,0.04231348,0.003679403,0.41945446,0.03234502,0.1260145,0.014139439,0.2539122,0.0018379206,"TWOGAUSSIANS_WITH_ELLIPSOIDAL_ON_ECLIPSE1",9,1.8802757,0.2539122,0.0018379206,0.22757252,0.02418686,0.6846385,0.04440961,0.7514372,0.0029115237,0.23695548,0.020604657,0.67141724,0.024267541
375316653866487564,5936620692724074752,0.5228003,2169.6314738351925,1.3207883595896033,1.5039284E-5,16.614218,0.0028801209,0.36238956,0.013575541,0.052483883,0.008872362,0.3304054,0.049340367,null,null,null,null,null,null,null,null,null,null,"ONEGAUSSIAN",5,28.57669,0.36238956,0.013575541,0.29390976,0.049685225,0.3304054,0.0,null,null,null,null,null,null
375316653866487564,5936620727030428800,0.558065,2172.9456389353595,2.6278041530291927,8.751609E-6,16.477245,0.020700475,0.19909705,0.0036360587,0.10753533,0.01107888,0.21192054,0.018653527,0.6863198,0.0018113728,0.114411466,0.008660453,0.23191948,0.019269442,null,null,null,null,"TWOGAUSSIANS",8,9.4253645,0.6863198,0.0018113728,0.4,0.0,0.20116067,0.0052562933,0.19912705,0.003651626,0.4,0.0,0.18118873,0.007765628
375316653866487564,5936620830109691648,0.56474066,2163.9090504696164,1.9050699222333272,9.449481E-6,19.598204,0.016606722,0.23157552,0.0027571716,0.039558742,0.003251709,0.8274966,0.05791635,0.7239993,0.0058552735,0.043416284,0.005904455,0.4099337,0.044486277,0.08154454,0.024143025,0.23157552,0.0027571716,"TWOGAUSSIANS_WITH_ELLIPSOIDAL_ON_ECLIPSE1",9,3.6532447,0.23157552,0.0027571716,0.22152896,0.018209571,0.99058557,0.051264025,0.72441936,0.005492391,0.24313119,0.03306495,0.572674,0.02710186
375316653866487564,5936620830163053184,0.4983178,2165.4520615011375,1.6575298137301964,2.519127E-5,16.14716,0.0053665326,0.23508751,1.6349895E-4,0.0032624595,4.5575073E-4,0.080700964,0.0073785116,0.66625744,0.0054312428,0.04922542,0.005982699,0.26065257,0.019372275,0.032282427,0.008068416,0.66625744,0.0054312428,"TWOGAUSSIANS_WITH_ELLIPSOIDAL_ON_ECLIPSE2",9,107.459625,0.66625744,0.0054312428,0.27566233,0.033503115,0.32521668,0.016864453,0.2350475,1.6349895E-4,0.018269774,0.002552204,0.13392998,0.008084937
375316653866487564,5936620997601883904,0.5008129,2148.7391418566203,3.087440266993187,1.7673445E-5,17.604372,0.00517103,0.22908452,0.0064789196,0.07178913,0.010012763,0.09663945,0.0066911383,0.73573,0.0051118843,0.059455145,0.012848367,0.08180985,0.0083209425,null,null,null,null,"TWOGAUSSIANS",8,4.545531,0.22908452,0.0064789196,0.4,0.02228662,0.096535765,0.006600089,0.73573,0.0051118843,0.3329488,0.07195085,0.081706166,0.0084048025
375316653866487564,5936621036268257536,0.59913373,2141.213533659881,2.06112607467535,6.0386496E-6,18.335224,0.004667805,0.22937652,0.0016069143,0.08164494,0.0020022874,0.3312664,0.005817494,0.72881603,0.0038317873,0.083109535,0.004609728,0.28656366,0.010011899,null,null,null,null,"TWOGAUSSIANS",8,1.3211043,0.22937652,0.0016069143,0.4,0.0,0.32517353,0.0050875195,0.72881603,0.0038317873,0.4,0.0,0.2804708,0.01046135
375316653866487564,5936621139347696768,0.5507926,2135.237973470533,2.389411846323765,8.816684E-6,19.33358,0.012689067,0.19790797,0.003632168,0.07216424,0.00531538,0.4867488,0.026441047,0.6992622,0.0022595637,0.076798454,0.0038565865,0.43477958,0.016659731,null,null,null,null,"TWOGAUSSIANS",8,2.240181,0.19790797,0.003632168,0.4,0.009515915,0.48356435,0.026764248,0.6992622,0.0022595637,0.4,0.0,0.43159515,0.016224053
375316653866487564,5936621169400615296,0.6207013,2162.2279944392712,3.3489650397931072,4.1969547E-6,18.069271,0.011801238,0.25214344,0.0014173354,0.045804285,0.0043534115,0.26222894,0.027702402,0.75188416,0.003288725,0.052013975,0.005530581,0.31276363,0.0243434,0.11713969,0.014918585,0.25214344,0.0014173354,"TWOGAUSSIANS_WITH_ELLIPSOIDAL_ON_ECLIPSE1",9,3.5769541,0.75192416,0.0029448024,0.29127824,0.030971253,0.5470392,0.013819126,0.25214344,0.0014173354,0.256504,0.024379106,0.49650505,0.018311087
375316653866487564,5936621272479970048,0.5131979,2152.680956934205,3.0428936648473486,1.19878905E-5,19.033844,0.026767835,0.28576514,0.004161297,0.0872072,0.008045718,0.4301414,0.025443444,0.77846813,0.0038272296,0.0859083,0.0071151564,0.4353164,0.042739864,null,null,null,null,"TWOGAUSSIANS",8,5.8963814,0.77846813,0.0038272296,0.4,0.0,0.4234986,0.040571187,0.28576514,0.004161297,0.4,0.0,0.41832358,0.019741785
375316653866487564,5936621517370297856,0.5223087,2158.2223012062286,0.8246008783820383,8.744867E-6,18.927809,0.004688063,0.15155222,0.0016710876,0.0282887,0.0019838128,0.52799284,0.011297258,0.6551086,0.0024183285,0.03518741,0.0021133819,0.6369305,0.031191207,null,null,null,null,"TWOGAUSSIANS",8,4.866554,0.6551086,0.0024183285,0.19704948,0.011834939,0.6369305,0.031191207,0.15155222,0.0016710876,0.15841672,0.011109351,0.52799284,0.011297258
375316653866487564,5936621551664686976,0.5442762,2175.4890539576118,2.0165854560232903,4.8138077E-6,18.11216,0.0022494758,0.27100936,0.0022503303,0.06420202,0.002227732,0.15437771,0.0044376818,0.75692505,0.006476035,0.075641915,0.009647216,0.07321968,0.012154573,null,null,null,null,"TWOGAUSSIANS",8,1.1044266,0.27100936,0.0022503303,0.3595313,0.0124753,0.15414062,0.00439023,0.75692505,0.006476035,0.4,0.0,0.07298259,0.012336321
375316653866487564,5936621586077379840,0.5584581,2156.8539270368697,3.1134216385885956,7.561532E-6,17.942636,0.008613724,0.30087045,0.0020724412,0.09183557,0.005041895,0.36797085,0.02056844,0.79703355,0.0022289262,0.08625741,0.003135044,0.39670914,0.014107152,null,null,null,null,"TWOGAUSSIANS",8,5.911143,0.79703355,0.0022289262,0.4,0.0,0.38276553,0.014336941,0.30087045,0.0020724412,0.4,0.0,0.354027,0.022807447
375316653866487564,5936622823027914624,0.46209544,2160.1687866236866,0.11733607337635714,1.4745214E-4,18.856056,0.005264638,0.34107146,0.020172453,0.043515287,0.020953665,0.083686255,0.025947511,0.7667714,0.006664797,0.055266988,0.010348486,0.19182824,0.022075005,null,null,null,null,"TWOGAUSSIANS",8,4.275044,0.7667714,0.006664797,0.30949515,0.05795152,0.19182822,0.022075048,0.34107146,0.020172453,0.24368562,0.11734052,0.08368625,0.025947616
375316653866487564,5936623196626152192,0.5248933,2175.957809648385,0.9660749365004851,4.2706E-6,17.959906,0.0033069714,0.12774906,0.001412781,0.012055763,0.005270989,0.90567183,0.45628256,0.46493042,0.015555794,0.015416509,0.009042626,0.5211347,1.6437285,null,null,null,null,"TWOGAUSSIANS",8,10.716825,0.12774906,0.001412781,0.067512274,0.029517539,0.90567183,0.45628256,0.46493042,0.015555794,0.08633245,0.05063871,0.5211347,1.6437285
375316653866487564,5936624300497069184,0.4602483,2231.416753730295,1.3666059717631747,4.4171502E-5,17.630112,0.0032702119,0.06360958,0.008759974,0.027932959,0.013154369,0.07669185,0.50049144,0.7839768,0.008487298,0.024256058,0.0052935616,0.14371301,0.022292696,null,null,null,null,"TWOGAUSSIANS",8,5.8923893,0.7839768,0.008487298,0.13583393,0.029643944,0.14371301,0.022292696,0.06360958,0.008759974,0.15642457,0.073664464,0.07669185,0.50049144
375316653866487564,5936624678403158144,0.57873464,2249.7294024649395,2.561074515489548,5.8646924E-6,18.340168,0.008273467,0.23045796,0.0026756967,0.08769102,0.0044097877,0.37107912,0.009234032,0.7318723,0.0013681052,0.08061102,0.0030048967,0.36358967,0.009148625,null,null,null,null,"TWOGAUSSIANS",8,3.0292957,0.23045796,0.0026756967,0.4,0.0,0.3624002,0.008618914,0.7318723,0.0013681052,0.4,0.0,0.35491082,0.008612626
375316653866487564,5936624708475994496,0.47388068,2227.026807170617,4.116468773679209,7.855673E-5,19.346392,0.01386787,0.55408007,0.027922895,0.11308043,0.07316806,0.07678501,0.026922423,0.84838206,0.011308308,0.020667953,0.022731524,0.5129455,0.40726563,null,null,null,null,"TWOGAUSSIANS",8,2.2780035,0.84838206,0.011308308,0.11574054,0.12729654,0.5155335,0.40884432,0.55408007,0.027922895,0.4,0.0,0.07677629,0.027548047
375316653866487564,5936625296878683136,0.5558589,2232.894669807579,2.9520403999888982,1.6915365E-5,17.83119,0.0158307,0.16568671,0.006981919,0.10114813,0.014929477,0.1675256,0.014537579,0.660568,0.0016499411,0.09244196,0.007856061,0.18893038,0.014265204,null,null,null,null,"TWOGAUSSIANS",8,2.7123458,0.660568,0.0016499411,0.4,0.0,0.17715934,0.0042360127,0.16568671,0.006981919,0.4,0.0,0.15575303,0.005881957
375316653866487564,5936626357720628608,0.6095019,2250.4183053726365,1.6601688933635559,6.385448E-6,16.81164,0.009122393,0.26005498,0.0019728804,0.10999483,0.006347527,0.2150033,0.007630007,0.75929797,0.001665998,0.0985845,0.004960043,0.2685753,0.0077293366,null,null,null,null,"TWOGAUSSIANS",8,3.4113128,0.75929797,0.001665998,0.4,0.0,0.24194181,0.008924078,0.26005498,0.0019728804,0.4,0.0,0.18835719,0.006831403
375316653866487564,5936626426440005376,0.47830045,2254.463168367263,2.7443070509325738,2.2285509E-5,16.872353,0.06618552,0.240814,0.0046425,0.10603161,0.031870443,0.11893777,0.06192745,0.7466886,0.007222223,0.11990879,0.05050961,0.0888107,0.064919025,null,null,null,null,"TWOGAUSSIANS",8,7.3201256,0.240794,0.004594351,0.4,0.0,0.10247328,0.0074816262,0.7466986,0.0072092423,0.4,0.0,0.07231949,0.011684302
375316653866487564,5936626632598655872,0.5044748,2266.0333988706243,2.377329802970751,2.2666018E-5,17.730986,0.0119284345,0.20564696,0.0053124838,0.09461989,0.009265706,0.17823051,0.011707291,0.69932353,0.0091643315,0.08964059,0.01532682,0.11641225,0.013009112,null,null,null,null,"TWOGAUSSIANS",8,6.121491,0.20564696,0.0053124838,0.4,0.0,0.17160651,0.0065755835,0.69932353,0.0091643315,0.4,0.0,0.109788544,0.011308954
375316653866487564,5936626770037670272,0.6071048,2243.7285479458333,2.945823565550778,5.56945E-6,17.41643,0.03906573,0.24977805,0.0022216765,0.055337895,0.009945072,0.33527085,0.076025076,0.7390896,0.008335821,0.060727507,0.0118884565,0.42610008,0.08126519,0.08123416,0.04107693,0.24977805,0.0022216765,"TWOGAUSSIANS_WITH_ELLIPSOIDAL_ON_ECLIPSE1",9,14.771433,0.74015963,0.007782714,0.34007403,0.066575356,0.58785486,0.01471083,0.24977805,0.0022216765,0.3098922,0.055692405,0.49768445,0.010785908
375316653866487564,5936626770037826816,0.49429807,2285.2595348389355,2.9243709586549884,3.541076E-5,16.765917,0.09945378,0.2492751,0.0034666448,0.10735692,0.017861366,0.38470796,0.084262736,0.7638679,0.0070110247,0.13333899,0.02859634,0.32982203,0.10027953,null,null,null,null,"TWOGAUSSIANS",8,49.842937,0.2490851,0.003281259,0.4,0.0,0.31421137,0.024902971,0.7638879,0.0069765993,0.4,0.0,0.25871336,0.013636011
375316653866487564,5936627560334138496,0.52970916,2253.9357376714847,1.680007518949363,2.1080103E-5,19.695663,0.01317616,0.28805545,0.0102522895,0.08868084,0.013561026,0.19872835,0.018054944,0.7870248,0.0050132633,0.06811495,0.0054554837,0.46471986,0.022639794,null,null,null,null,"TWOGAUSSIANS",8,2.2870705,0.7870248,0.0050132633,0.3814437,0.030550709,0.46131927,0.02221115,0.28805545,0.0102522895,0.4,0.0,0.1953277,0.016705468
375316653866487564,5936627598981700224,0.57827085,2238.231688583136,2.5903794246271543,6.018344E-6,18.328264,0.010937646,0.21082395,0.0020329747,0.08593209,0.003774837,0.3778767,0.011616311,0.72379327,0.0024911757,0.07994994,0.0041335523,0.32949233,0.015196796,null,null,null,null,"TWOGAUSSIANS",8,2.4732988,0.21082395,0.0020329747,0.4,0.0,0.37194934,0.010603448,0.72379327,0.0024911757,0.4,0.0,0.323565,0.0147356065
375316653866487564,5936627766488514048,0.46956393,2238.0117988092306,0.5637269058273476,4.6029778E-5,19.422895,0.027339045,0.32444072,0.015999934,0.07920116,0.008315679,0.35633454,0.04296538,0.5558226,0.021513818,0.15941569,0.032051764,0.2498206,0.034078076,null,null,null,null,"TWOGAUSSIANS",8,7.8760333,0.33963072,0.014448683,0.4,0.0,0.44507375,0.03705135,0.5558226,0.021513818,0.4,0.0,0.25044647,0.034544628
375316653866487564,5936627869549948416,0.54264635,2243.9240625222014,1.1430045464296954,1.6980306E-5,16.2683,0.03576274,0.27983466,0.0054304576,0.14457029,0.035423357,0.08838096,0.03369492,0.7538277,0.01106996,0.13686973,0.02330936,0.11075132,0.034830224,null,null,null,null,"TWOGAUSSIANS",8,2.6967115,0.7538277,0.01106996,0.4,0.0,0.0770283,0.0043774033,0.28109464,0.004613762,0.4,0.0,0.054477952,0.0037159456
375316653866487564,5936628320586555136,0.44491747,2231.8172823967093,1.419984069926181,1.7488579E-5,16.266495,0.009231676,0.2523951,0.0065948633,0.07022246,0.0131210815,0.10689695,0.00985693,0.7682557,0.004557242,0.06866534,0.0072882813,0.16927867,0.013915454,null,null,null,null,"TWOGAUSSIANS",8,38.687443,0.7682557,0.004557242,0.3845259,0.04005834,0.16900824,0.01383331,0.2523951,0.0065948633,0.39324576,0.055762112,0.10662653,0.0098065
375316653866487564,5936628629824262656,0.42889985,2245.5400337680676,0.08644541635475683,5.690458E-5,14.6144,0.0041059456,0.17321573,0.06540593,0.043731637,0.020260105,0.22499664,0.2508127,0.7563404,0.014365379,0.04761226,0.042537186,0.035486497,0.03583084,0.023243973,0.0044161635,0.7563404,0.014365379,"TWOGAUSSIANS_WITH_ELLIPSOIDAL_ON_ECLIPSE2",9,47.983086,0.17533574,0.06537418,0.24489717,0.11345659,0.2601823,0.2631282,0.7563404,0.014365379,0.26662865,0.14102387,0.08197436,0.034217477
