Gaia/vari_eclipsing_binary/VariEclipsingBinary_391426-391647.csv
# %ECSV 1.0
# ---
# delimiter: ','
# meta: !!omap
# - RELEASE: Gaia DR3
# - TABLE: vari_eclipsing_binary
# - DESCRIPTION: >
#     This table describes the properties of the eclipsing binaries resulting from the variability analysis. 
# - CITATION: >
#     How to cite and acknowledge Gaia: 
#     https://gea.esac.esa.int/archive/documentation/credits.html 
# - KNOWN_ISSUES: >
#     Known issues: 
#     https://www.cosmos.esa.int/web/gaia-users/known-issues 
# - DOCUMENTATION: >
#     Tutorials and documentation: 
#     https://www.cosmos.esa.int/web/gaia-users/archive 
# datatype:
# - 
#   name: solution_id
#   datatype: int64
#   description: Solution Identifier
#   meta:
#     ucd: meta.version
# - 
#   name: source_id
#   datatype: int64
#   description: Unique source identifier
#   meta:
#     ucd: meta.id;meta.main
# - 
#   name: global_ranking
#   datatype: float32
#   description: Number between 0 (worst) and 1 (best)
#   meta:
#     ucd: stat.param
# - 
#   name: reference_time
#   datatype: float64
#   unit: d
#   description: Reference time used for the geometric model fit
#   meta:
#     ucd: time.epoch
# - 
#   name: frequency
#   datatype: float64
#   unit: d**-1
#   description: Frequency of geometric model of the eclipsing binary light curve
#   meta:
#     ucd: src.orbital
# - 
#   name: frequency_error
#   datatype: float32
#   unit: d**-1
#   description: "Uncertainty of \\texttt{frequency}"
#   meta:
#     ucd: stat.error
# - 
#   name: geom_model_reference_level
#   datatype: float32
#   unit: mag
#   description: Magnitude reference level of geometric model
#   meta:
#     ucd: phot.mag;em.opt
# - 
#   name: geom_model_reference_level_error
#   datatype: float32
#   unit: mag
#   description: "Uncertainty of \\texttt{geomModelReferenceLevel}"
#   meta:
#     ucd: stat.error;phot.mag;em.opt
# - 
#   name: geom_model_gaussian1_phase
#   datatype: float32
#   description: Phase of the Gaussian 1 component
#   meta:
#     ucd: time.phase
# - 
#   name: geom_model_gaussian1_phase_error
#   datatype: float32
#   description: "Uncertainty of \\texttt{geomModelGaussian1Phase}"
#   meta:
#     ucd: stat.error;time.phase
# - 
#   name: geom_model_gaussian1_sigma
#   datatype: float32
#   description: "Standard deviation [phase] of Gaussian 1 component"
#   meta:
#     ucd: stat.stdev
# - 
#   name: geom_model_gaussian1_sigma_error
#   datatype: float32
#   description: "Uncertainty of \\texttt{geomModelGaussian1Sigma}"
#   meta:
#     ucd: stat.error
# - 
#   name: geom_model_gaussian1_depth
#   datatype: float32
#   unit: mag
#   description: Magnitude depth of Gaussian 1 component
#   meta:
#     ucd: src.var.amplitude
# - 
#   name: geom_model_gaussian1_depth_error
#   datatype: float32
#   unit: mag
#   description: "Uncertainty of \\texttt{geomModelGaussian1Depth}"
#   meta:
#     ucd: stat.error;src.var.amplitude
# - 
#   name: geom_model_gaussian2_phase
#   datatype: float32
#   description: Phase of Gaussian 2 component
#   meta:
#     ucd: time.phase
# - 
#   name: geom_model_gaussian2_phase_error
#   datatype: float32
#   description: "Uncertainty of \\texttt{geomModelGaussian2Phase}"
#   meta:
#     ucd: stat.error;time.phase
# - 
#   name: geom_model_gaussian2_sigma
#   datatype: float32
[...]
#   datatype: float32
#   description: "Secondary eclipse: uncertainty of \\texttt{derivedSecondaryEclDuration}"
#   meta:
#     ucd: stat.error;time.duration
# - 
#   name: derived_secondary_ecl_depth
#   datatype: float32
#   unit: mag
#   description: "Secondary eclipse: depth"
#   meta:
#     ucd: src.var.amplitude
# - 
#   name: derived_secondary_ecl_depth_error
#   datatype: float32
#   unit: mag
#   description: "Secondary eclipse: uncertainty of \\texttt{derivedSecondaryEclDepth}"
#   meta:
#     ucd: stat.error;src.var.amplitude
solution_id,source_id,global_ranking,reference_time,frequency,frequency_error,geom_model_reference_level,geom_model_reference_level_error,geom_model_gaussian1_phase,geom_model_gaussian1_phase_error,geom_model_gaussian1_sigma,geom_model_gaussian1_sigma_error,geom_model_gaussian1_depth,geom_model_gaussian1_depth_error,geom_model_gaussian2_phase,geom_model_gaussian2_phase_error,geom_model_gaussian2_sigma,geom_model_gaussian2_sigma_error,geom_model_gaussian2_depth,geom_model_gaussian2_depth_error,geom_model_cosine_half_period_amplitude,geom_model_cosine_half_period_amplitude_error,geom_model_cosine_half_period_phase,geom_model_cosine_half_period_phase_error,model_type,num_model_parameters,reduced_chi2,derived_primary_ecl_phase,derived_primary_ecl_phase_error,derived_primary_ecl_duration,derived_primary_ecl_duration_error,derived_primary_ecl_depth,derived_primary_ecl_depth_error,derived_secondary_ecl_phase,derived_secondary_ecl_phase_error,derived_secondary_ecl_duration,derived_secondary_ecl_duration_error,derived_secondary_ecl_depth,derived_secondary_ecl_depth_error
[from data line 400]
375316653866487564,3443693782820283648,0.4939466,2354.6300052740503,0.2174444716947355,2.051143E-5,17.426504,0.0021279962,0.17034684,0.014478328,0.046180896,0.018525964,0.3330297,0.63821834,0.81462,2.9368137E-4,0.016671427,4.1936367E-4,0.4617561,0.015795186,null,null,null,null,"TWOGAUSSIANS",8,36.27679,0.81462,2.9368137E-4,0.093359984,0.0023484365,0.4617561,0.015795186,0.17034684,0.014478328,0.25861302,0.10374539,0.3330297,0.63821834
375316653866487564,3443695981843733760,0.6130875,2395.9218229949947,2.81114398779697,6.8524882E-6,17.462597,0.009645652,0.297657,0.0021081266,0.09641046,0.0061756056,0.28196707,0.017262224,0.79709786,0.0015565538,0.08922744,0.003440146,0.31892127,0.009062491,null,null,null,null,"TWOGAUSSIANS",8,3.321411,0.79709786,0.0015565538,0.4,0.0,0.30316535,0.006180421,0.297657,0.0021081266,0.4,0.0,0.26621044,0.019541666
375316653866487564,3443697188729851008,0.55406904,2408.854151578168,0.593401257453043,2.051836E-5,17.461058,0.004387757,0.10906826,0.018252565,0.012288859,0.005911832,1.619059,1.671069,0.71262145,0.010820696,0.018848684,0.013705755,0.015871663,0.00826158,null,null,null,null,"TWOGAUSSIANS",8,11.645759,0.10906826,0.018252565,0.06881761,0.03310626,1.619059,1.671069,0.71262145,0.010820696,0.10555263,0.07675222,0.015871663,0.00826158
375316653866487564,3443698180866990976,0.49973056,2402.2511517237676,1.1822353570794728,3.8705988E-5,16.236696,0.005619919,0.23043728,0.016002644,0.038311113,0.01832122,0.0682167,0.008587485,0.7256682,0.012051707,0.038440295,0.034865316,0.15501426,0.09697588,null,null,null,null,"TWOGAUSSIANS",8,11.1495495,0.7256682,0.012051707,0.21526565,0.1808453,0.15501426,0.09700228,0.23043728,0.016002644,0.21454223,0.10259883,0.0682167,0.00857935
375316653866487564,3443699864490418304,0.4706937,2384.3260531517913,0.07303020412983012,7.390988E-6,17.780138,0.031455543,0.06422793,0.0012137778,0.012849597,0.0012927066,0.39417747,0.13419461,0.5140131,0.029769212,0.26500833,0.15291621,0.043505702,0.027715726,null,null,null,null,"TWOGAUSSIANS",8,3.1742728,0.06423793,0.0012209861,0.071957745,0.007239157,0.3948165,0.13423876,0.5140131,0.029769212,0.4,0.0,0.028870037,0.008926864
375316653866487564,3443701414977666688,0.56595606,2440.243188968008,3.4856080058072663,2.4435305E-5,17.738707,0.008054309,0.2135487,0.0042285137,0.06570608,0.0040571103,0.3387888,0.025029128,0.6959,0.0036797544,0.061236374,0.0026690941,0.4839511,0.00800896,null,null,null,null,"TWOGAUSSIANS",8,15.431824,0.6959,0.0036797544,0.3429237,0.014946927,0.48375434,0.007910497,0.2135487,0.0042285137,0.36795405,0.022719817,0.33859205,0.025036095
375316653866487564,3443702097873408128,0.52208096,2422.3638488741703,0.8022656256574437,1.7644173E-6,17.55186,0.003508355,0.34413373,0.0068503865,0.013307173,0.0055705765,0.19040166,0.10079155,0.84673715,5.2365434E-4,0.015901418,6.81061E-4,0.35775846,0.021990338,null,null,null,null,"TWOGAUSSIANS",8,10.641044,0.84673715,5.2365434E-4,0.08904794,0.0038139415,0.35775846,0.021990338,0.34413373,0.0068503865,0.07452017,0.031195229,0.19040166,0.10079155
375316653866487564,3443702200952642816,0.6125681,2417.60087903866,3.370322874025616,9.356971E-6,18.734982,0.0056923404,0.21102275,0.0014745706,0.070433125,0.0020585347,0.43702254,0.008586734,0.7123227,0.0013821214,0.074880324,0.0020241204,0.38581172,0.0073965685,null,null,null,null,"TWOGAUSSIANS",8,1.2032305,0.21102275,0.0014745706,0.39442548,0.010782062,0.4348893,0.008455939,0.7123227,0.0013821214,0.4,0.0,0.38367847,0.007244467
375316653866487564,3443706809455373824,0.56919813,2472.254271375017,4.102886545983739,1.1265035E-5,19.473236,0.0077951956,0.2175468,0.0023400185,0.06310209,0.0031973226,0.61890227,0.041810762,0.71862876,0.0039808387,0.055694584,0.0050693806,0.73348457,0.05828304,null,null,null,null,"TWOGAUSSIANS",8,1.9933316,0.71862876,0.0039808387,0.31188968,0.028388532,0.73330146,0.05839583,0.2175468,0.0023400185,0.3533717,0.017905008,0.61871916,0.04188408
375316653866487564,3443709386437927296,0.53614694,2411.0492624200183,0.8360540143536825,2.6988813E-5,15.306164,5.8281503E-4,0.1189209,0.03193822,0.021442,0.020078134,0.11831985,0.119351864,0.6672218,4.1888782E-8,0.004368469,1.2646135E-5,0.22320479,5.7403307E-4,null,null,null,null,"TWOGAUSSIANS",8,12.421127,0.6672218,4.1888782E-8,0.024463428,7.081835E-5,0.22320479,5.7403307E-4,0.1189209,0.03193822,0.120075196,0.11243755,0.11831985,0.119351864
375316653866487564,3443709657019242112,0.53857726,2487.89021856945,3.344537001521227,1.6794274E-5,18.843134,0.006832835,0.2302832,0.002789261,0.08928418,0.004743183,0.21934283,0.010101844,0.72705054,0.0036114086,0.09102836,0.0053715343,0.26106274,0.009478367,null,null,null,null,"TWOGAUSSIANS",8,1.3736378,0.72705054,0.0036114086,0.4,0.0,0.2513187,0.009194897,0.2302832,0.002789261,0.4,0.0,0.20959885,0.00988942
375316653866487564,3443711237567134208,0.49017516,2433.9960755350976,0.06924147797628497,1.0603542E-4,13.436683,3.6639482E-4,0.2510467,0.006523721,0.040292006,0.020876674,0.1240072,2.0320258,0.78395444,0.025366822,0.058045704,0.018670123,0.011638023,0.001256082,null,null,null,null,"TWOGAUSSIANS",8,2.7573688,0.2510467,0.006523721,0.22563523,0.11690937,0.12400718,2.032026,0.78395444,0.025366822,0.32505593,0.08373694,0.011637998,0.00125281
375316653866487564,3443715949148156288,0.70170873,2402.9495893188914,0.2270371962116402,3.7929876E-6,12.440789,0.0011691755,0.29462898,6.8066776E-4,0.01565408,0.001071717,0.66444546,0.077161826,0.79549265,0.0011414703,0.01404177,0.0011066111,0.6483502,0.027648367,0.0033240777,0.002359208,0.29462898,6.8066776E-4,"TWOGAUSSIANS_WITH_ELLIPSOIDAL_ON_ECLIPSE1",9,81.077225,0.29462898,6.8066776E-4,0.087662846,0.006001615,0.67109364,0.07825788,0.79549265,0.0011414703,0.07863391,0.0061970223,0.6549981,0.027626881
375316653866487564,3443717078719218304,0.5034173,2420.804762576566,3.566553180801924,1.23256505E-5,18.712769,0.019389754,0.22736931,0.0049973107,0.096171595,0.011237296,0.20850071,0.017782612,0.7377352,0.0037800102,0.104980476,0.010455941,0.20415646,0.018202376,null,null,null,null,"TWOGAUSSIANS",8,2.103597,0.22736931,0.0050106235,0.4,0.0,0.19202527,0.009079992,0.7377352,0.0037785764,0.4,0.0,0.1876763,0.008561964
375316653866487564,3443719655706028800,0.589443,2422.2118952215073,3.482617901062701,1.05733025E-5,18.701536,0.01304931,0.2610849,0.002218063,0.04528734,0.0073296814,0.24513327,0.030300636,0.7590925,0.0023426902,0.04168644,0.0051988256,0.2009615,0.02708777,0.08807684,0.01669875,0.2610849,0.002218063,"TWOGAUSSIANS_WITH_ELLIPSOIDAL_ON_ECLIPSE1",9,2.546207,0.2610849,0.002218063,0.25360912,0.041046217,0.42128682,0.031568013,0.75930256,0.0020303268,0.23344406,0.029113423,0.37709042,0.010562963
375316653866487564,3443719659999552384,0.5577739,2471.786506143207,3.3970006780894915,8.346614E-6,19.192049,0.008756417,0.2773269,0.002664653,0.08115118,0.0057729585,0.30725285,0.012266035,0.7701593,0.005510585,0.08427787,0.0067439917,0.2481375,0.010838143,null,null,null,null,"TWOGAUSSIANS",8,1.5040549,0.2773269,0.002664653,0.4,0.0,0.30224302,0.012715978,0.7701593,0.005510585,0.4,0.0,0.24312764,0.009681114
375316653866487564,3443720484633614976,0.49713448,2396.256306841086,3.390394920744724,1.925883E-5,18.29478,0.04609341,0.23003252,0.0047974,0.11299763,0.024958065,0.13978955,0.043853663,0.73677385,0.0042797225,0.11277474,0.026322113,0.17528667,0.036678676,null,null,null,null,"TWOGAUSSIANS",8,2.478767,0.73678386,0.0042657475,0.4,0.0,0.15012765,0.009820464,0.2300125,0.0048170993,0.4,0.0,0.11463389,0.005988977
375316653866487564,3443720931309854848,0.4711585,2411.4205081910245,1.3963148208611522,1.778242E-5,17.960539,0.0028404759,0.2767893,0.013607786,0.09739127,0.010818541,0.04241704,0.005930691,0.77620506,0.006785766,0.055449847,0.008486204,0.10582014,0.015057257,null,null,null,null,"TWOGAUSSIANS",8,3.048142,0.77620506,0.006785766,0.31051913,0.047522742,0.105300374,0.01533897,0.2767893,0.013607786,0.4,0.0,0.041897114,0.005781804
375316653866487564,3443722752375888256,0.59901786,2413.3180922485753,1.5337543592316838,3.2614084E-6,13.582751,0.002431738,0.23848489,0.0018229451,0.04036494,0.01160997,0.014588045,0.007823007,0.7215028,0.0023373528,0.062029336,0.0021392882,0.15863392,0.007381238,0.0736836,0.004175452,0.23848489,0.0018229451,"TWOGAUSSIANS_WITH_ELLIPSOIDAL_ON_ECLIPSE1",9,34.59011,0.7252328,0.0016515115,0.34736428,0.011980014,0.3046792,0.00578323,0.23848489,0.0018229451,0.22604366,0.06501583,0.16193922,0.0039792866
375316653866487564,3443725054478656768,0.47046253,2409.351717583529,2.0328701990486375,6.8800678E-6,18.571772,0.0027051384,0.44587192,0.007818499,0.046395555,0.0070675663,0.2533336,0.065152176,null,null,null,null,null,null,null,null,null,null,"ONEGAUSSIAN",5,2.5241153,0.44587192,0.007818499,0.2598151,0.03957837,0.2533336,0.0,null,null,null,null,null,null
375316653866487564,3443727768898013440,0.43987688,2500.3957774141427,0.886100609559153,1.0491972E-4,13.981762,0.0018611095,0.32337245,0.013352208,0.11061484,0.027852092,0.044754706,0.013218682,0.8141318,0.028603215,0.030082718,0.01959091,0.010382038,0.004463343,null,null,null,null,"TWOGAUSSIANS",8,6.238845,0.32337245,0.013352208,0.4,0.0,0.044676013,0.013363952,0.8141318,0.028610593,0.16846322,0.1097091,0.010306842,0.004398437
375316653866487564,3443733743192754688,0.5749502,2400.6269776125473,3.4671368662155815,1.5008737E-5,18.436655,0.0057275677,0.26045293,0.0020892273,0.07923962,0.0031043268,0.32639703,0.009348224,0.75835663,0.0034809834,0.082726955,0.0031509064,0.30325824,0.009140447,null,null,null,null,"TWOGAUSSIANS",8,2.6446223,0.26045293,0.0020892273,0.4,0.0,0.3212507,0.009377536,0.75835663,0.0034809834,0.4,0.0,0.29811192,0.008609546
375316653866487564,3443735259320625280,0.54644245,2398.3093299322454,4.001928806185951,1.2477223E-5,18.478346,0.010770193,0.1370693,0.0028634612,0.08577205,0.00447357,0.30469748,0.011485531,0.6437127,0.002461435,0.09484103,0.007127062,0.23872136,0.008752548,null,null,null,null,"TWOGAUSSIANS",8,2.0842752,0.1370693,0.0028634612,0.4,0.0,0.29424796,0.009051795,0.6437127,0.002461435,0.4,0.0,0.2282714,0.0068248464
375316653866487564,3443735809072806656,0.5347252,2382.556136359295,2.5739304402439815,1.5247412E-5,19.752285,0.009774701,0.32082036,0.0023013242,0.07570035,0.0038460563,0.439648,0.013709592,0.8128999,0.006371469,0.063674726,0.010243145,0.312849,0.03128278,null,null,null,null,"TWOGAUSSIANS",8,1.9567842,0.32082036,0.0023013242,0.4,0.0,0.43866843,0.013367105,0.8128999,0.006371469,0.35657847,0.057361614,0.3118694,0.031841785
375316653866487564,3443735946515425024,0.5388874,2406.236897779073,3.5253269135434073,1.5153487E-5,15.969361,0.041274656,0.2808081,0.0031890124,0.12200522,0.017853897,0.18139014,0.03972386,0.77309537,0.0042436174,0.120728455,0.022419898,0.1292948,0.041816205,null,null,null,null,"TWOGAUSSIANS",8,12.91155,0.2808381,0.0031901759,0.4,0.0,0.14718232,0.0061275624,0.77309537,0.0042436174,0.4,0.0,0.09512097,0.0064656665
375316653866487564,3443737664502482560,0.69798803,2403.095404216594,1.364240113540209,1.4050935E-6,14.251206,0.0041598524,0.24066974,7.654388E-4,0.05993535,0.0054050377,0.07024831,0.010020878,0.7391512,0.0011306634,0.051986422,0.0013895537,0.4734316,0.017376294,0.096878685,0.00595476,0.24066974,7.654388E-4,"TWOGAUSSIANS_WITH_ELLIPSOIDAL_ON_ECLIPSE1",9,18.584528,0.73927116,0.0010058627,0.29112396,0.0077815005,0.66715616,0.019950459,0.24066974,7.654388E-4,0.33563796,0.03026821,0.26398912,0.005361268
375316653866487564,3443744433370627968,0.4700673,2397.4006617423647,0.15525122333482716,3.8812843E-5,17.506765,0.002890234,0.08409429,0.0028771795,0.008045214,8.039998E-4,0.24999441,0.070252866,null,null,null,null,null,null,0.014094963,0.004236718,0.08409429,0.0028771795,"ONEGAUSSIAN_WITH_ELLIPSOIDAL",6,10.869646,0.08409429,0.0028771795,0.0450532,0.004502399,0.27818426,0.07065275,null,null,null,null,null,null
375316653866487564,3443745184985553152,0.53925896,2393.808032467223,3.0521305754509997,9.694298E-6,17.147429,0.006102745,0.2433703,0.0036218043,0.081749745,0.00395219,0.21614292,0.0073611797,0.7351934,0.0036502013,0.08367492,0.0038293141,0.2479907,0.008559827,null,null,null,null,"TWOGAUSSIANS",8,11.721302,0.7351934,0.0036502013,0.4,0.0,0.24385399,0.008004574,0.2433703,0.0036218043,0.4,0.0,0.21200623,0.006829575
375316653866487564,3443756283182409984,0.62928987,2447.8251755700626,4.10794950983646,7.89723E-6,19.018076,0.0072623207,0.2367233,0.001301266,0.041248854,0.002244717,0.4575391,0.022678133,0.73594195,0.0020675426,0.047005873,0.002362628,0.4011037,0.01704454,0.12049182,0.00972122,0.2367233,0.001301266,"TWOGAUSSIANS_WITH_ELLIPSOIDAL_ON_ECLIPSE1",9,1.7891599,0.2367233,0.001301266,0.23099358,0.012570416,0.6985219,0.01953839,0.736012,0.0018589884,0.2632329,0.013230718,0.64208126,0.00891417
375316653866487564,3443757898090436864,0.51024216,2476.5130076973073,3.2278659518500206,2.524503E-5,19.874039,0.011157217,0.23188217,0.010523583,0.08667506,0.00837615,0.39412177,0.028396167,0.7530266,0.0070201405,0.06933943,0.007229591,0.22596788,0.016459951,null,null,null,null,"TWOGAUSSIANS",8,1.499214,0.23188217,0.010523583,0.4,0.0,0.39181453,0.029040836,0.7530266,0.0070201405,0.38830084,0.034068745,0.22366075,0.015552874
375316653866487564,3443759139338681216,0.46255383,2407.034164216973,4.9932550848472355,9.256832E-6,18.57976,0.011250018,0.10636045,0.0037038908,0.019972136,0.004398296,0.8739263,1.616678,0.31731102,0.026646875,0.021476056,0.033304334,0.05470573,0.029972002,null,null,null,null,"TWOGAUSSIANS",8,8.907399,0.10636045,0.0037038908,0.111843966,0.024630457,0.8739263,1.6166778,0.31731102,0.026646875,0.120265916,0.18650426,0.05470573,0.029972002
375316653866487564,3443759581719806720,0.53632164,2373.2681072894443,1.434597132016688,3.0452567E-5,19.01436,0.008047996,0.25263846,0.022391843,0.025283784,0.018527329,0.4375044,0.36597112,0.74006397,0.0017391121,0.027160794,0.0010671263,0.86159855,0.05629851,null,null,null,null,"TWOGAUSSIANS",8,8.889864,0.74006397,0.0017391121,0.15210044,0.005975907,0.86159855,0.05629851,0.25263846,0.022391843,0.1415892,0.103753045,0.4375044,0.36597112
375316653866487564,3443760822962009344,0.42288455,2498.6723291917974,2.7001028117489936,4.4501423E-5,19.937143,0.012538534,0.46332917,0.018936062,0.029662466,0.0075885155,2.547566,6.495229,0.8930045,0.052097574,0.051663525,0.03357464,0.109638326,0.10880331,null,null,null,null,"TWOGAUSSIANS",8,5.254255,0.46332917,0.018936062,0.1661098,0.042495687,2.547566,6.495229,0.8930045,0.052097574,0.28931576,0.18801798,0.109638326,0.10880331
375316653866487564,3443764907476829952,0.42119578,2459.0531356184597,0.015317795102645252,1.466218E-4,19.328949,0.013069002,0.18515722,0.078241095,0.07289855,0.073337056,0.10906168,null,0.8319791,0.09593162,0.03381017,0.048957814,0.76886016,0.71974695,null,null,null,null,"TWOGAUSSIANS",8,12.682472,0.8319791,0.09652389,0.18933694,0.20500912,0.768861,0.7197126,0.18515722,0.07822589,0.4,0.36125228,0.10906168,null
375316653866487564,3443766423603169664,0.51387733,2441.329654214368,1.3288711605225716,1.7433577E-4,19.2247,0.014222547,0.10868499,0.0049967635,0.019085946,0.0044979174,2.6606224,3.7755816,0.6391424,0.040110365,0.08152142,0.04979049,0.08473559,0.035238832,null,null,null,null,"TWOGAUSSIANS",8,2.9368317,0.10868499,0.0049967635,0.1068813,0.025188336,2.6606221,3.7755852,0.6391424,0.040110365,0.4,0.111224435,0.084735356,0.03528532
375316653866487564,3443771062167525504,0.6050494,2440.353623467758,2.1099173132116773,4.387665E-6,17.899872,0.0058156378,0.21760996,0.0013834137,0.07693267,0.0019154897,0.41513893,0.008417653,0.7182816,0.002325411,0.085845225,0.0029975902,0.40911627,0.010886556,null,null,null,null,"TWOGAUSSIANS",8,3.955629,0.21760996,0.0013834137,0.4,0.0,0.40788054,0.008073704,0.7182816,0.002325411,0.4,0.0,0.40185788,0.010924152
