Gaia/vari_eclipsing_binary/VariEclipsingBinary_459182-459192.csv
# %ECSV 1.0
# ---
# delimiter: ','
# meta: !!omap
# - RELEASE: Gaia DR3
# - TABLE: vari_eclipsing_binary
# - DESCRIPTION: >
#     This table describes the properties of the eclipsing binaries resulting from the variability analysis. 
# - CITATION: >
#     How to cite and acknowledge Gaia: 
#     https://gea.esac.esa.int/archive/documentation/credits.html 
# - KNOWN_ISSUES: >
#     Known issues: 
#     https://www.cosmos.esa.int/web/gaia-users/known-issues 
# - DOCUMENTATION: >
#     Tutorials and documentation: 
#     https://www.cosmos.esa.int/web/gaia-users/archive 
# datatype:
# - 
#   name: solution_id
#   datatype: int64
#   description: Solution Identifier
#   meta:
#     ucd: meta.version
# - 
#   name: source_id
#   datatype: int64
#   description: Unique source identifier
#   meta:
#     ucd: meta.id;meta.main
# - 
#   name: global_ranking
#   datatype: float32
#   description: Number between 0 (worst) and 1 (best)
#   meta:
#     ucd: stat.param
# - 
#   name: reference_time
#   datatype: float64
#   unit: d
#   description: Reference time used for the geometric model fit
#   meta:
#     ucd: time.epoch
# - 
#   name: frequency
#   datatype: float64
#   unit: d**-1
#   description: Frequency of geometric model of the eclipsing binary light curve
#   meta:
#     ucd: src.orbital
# - 
#   name: frequency_error
#   datatype: float32
#   unit: d**-1
#   description: "Uncertainty of \\texttt{frequency}"
#   meta:
#     ucd: stat.error
# - 
#   name: geom_model_reference_level
#   datatype: float32
#   unit: mag
#   description: Magnitude reference level of geometric model
#   meta:
#     ucd: phot.mag;em.opt
# - 
#   name: geom_model_reference_level_error
#   datatype: float32
#   unit: mag
#   description: "Uncertainty of \\texttt{geomModelReferenceLevel}"
#   meta:
#     ucd: stat.error;phot.mag;em.opt
# - 
#   name: geom_model_gaussian1_phase
#   datatype: float32
#   description: Phase of the Gaussian 1 component
#   meta:
#     ucd: time.phase
# - 
#   name: geom_model_gaussian1_phase_error
#   datatype: float32
#   description: "Uncertainty of \\texttt{geomModelGaussian1Phase}"
#   meta:
#     ucd: stat.error;time.phase
# - 
#   name: geom_model_gaussian1_sigma
#   datatype: float32
#   description: "Standard deviation [phase] of Gaussian 1 component"
#   meta:
#     ucd: stat.stdev
# - 
#   name: geom_model_gaussian1_sigma_error
#   datatype: float32
#   description: "Uncertainty of \\texttt{geomModelGaussian1Sigma}"
#   meta:
#     ucd: stat.error
# - 
#   name: geom_model_gaussian1_depth
#   datatype: float32
#   unit: mag
#   description: Magnitude depth of Gaussian 1 component
#   meta:
#     ucd: src.var.amplitude
# - 
#   name: geom_model_gaussian1_depth_error
#   datatype: float32
#   unit: mag
#   description: "Uncertainty of \\texttt{geomModelGaussian1Depth}"
#   meta:
#     ucd: stat.error;src.var.amplitude
# - 
#   name: geom_model_gaussian2_phase
#   datatype: float32
#   description: Phase of Gaussian 2 component
#   meta:
#     ucd: time.phase
# - 
#   name: geom_model_gaussian2_phase_error
#   datatype: float32
#   description: "Uncertainty of \\texttt{geomModelGaussian2Phase}"
#   meta:
#     ucd: stat.error;time.phase
# - 
#   name: geom_model_gaussian2_sigma
#   datatype: float32
[...]
#   datatype: float32
#   description: "Secondary eclipse: uncertainty of \\texttt{derivedSecondaryEclDuration}"
#   meta:
#     ucd: stat.error;time.duration
# - 
#   name: derived_secondary_ecl_depth
#   datatype: float32
#   unit: mag
#   description: "Secondary eclipse: depth"
#   meta:
#     ucd: src.var.amplitude
# - 
#   name: derived_secondary_ecl_depth_error
#   datatype: float32
#   unit: mag
#   description: "Secondary eclipse: uncertainty of \\texttt{derivedSecondaryEclDepth}"
#   meta:
#     ucd: stat.error;src.var.amplitude
solution_id,source_id,global_ranking,reference_time,frequency,frequency_error,geom_model_reference_level,geom_model_reference_level_error,geom_model_gaussian1_phase,geom_model_gaussian1_phase_error,geom_model_gaussian1_sigma,geom_model_gaussian1_sigma_error,geom_model_gaussian1_depth,geom_model_gaussian1_depth_error,geom_model_gaussian2_phase,geom_model_gaussian2_phase_error,geom_model_gaussian2_sigma,geom_model_gaussian2_sigma_error,geom_model_gaussian2_depth,geom_model_gaussian2_depth_error,geom_model_cosine_half_period_amplitude,geom_model_cosine_half_period_amplitude_error,geom_model_cosine_half_period_phase,geom_model_cosine_half_period_phase_error,model_type,num_model_parameters,reduced_chi2,derived_primary_ecl_phase,derived_primary_ecl_phase_error,derived_primary_ecl_duration,derived_primary_ecl_duration_error,derived_primary_ecl_depth,derived_primary_ecl_depth_error,derived_secondary_ecl_phase,derived_secondary_ecl_phase_error,derived_secondary_ecl_duration,derived_secondary_ecl_duration_error,derived_secondary_ecl_depth,derived_secondary_ecl_depth_error
[from data line 223]
375316653866487564,4039022708832133376,0.46920428,2433.55700036244,2.7981829619044087,1.37574725E-5,19.569904,0.020993387,0.24434927,0.0019552347,0.046590477,0.012827259,0.6059656,0.18048953,0.73343444,0.046535026,0.06362852,0.03389956,0.3434597,0.08628338,null,null,null,null,"TWOGAUSSIANS",8,8.3175335,0.24434927,0.0019552347,0.26090667,0.07183265,0.6059471,0.18055141,0.73343444,0.046535026,0.3563197,0.18983755,0.34344116,0.08628384
375316653866487564,4039022708858147456,0.46411178,2354.1282317021655,1.0216175375189225,4.8228216E-5,17.518671,0.0032844485,0.18604511,0.015200641,0.03864647,0.013054005,0.08384241,0.0081577385,0.6783551,0.009824294,0.05054113,0.02609352,0.14853832,0.09064274,null,null,null,null,"TWOGAUSSIANS",8,3.2350178,0.6783551,0.009824294,0.28303033,0.14111611,0.14853829,0.09064921,0.18604511,0.015200641,0.21642023,0.07310242,0.08384239,0.008158079
375316653866487564,4039022777578228864,0.54095656,2407.5790311046653,0.2349437934677859,1.09118E-5,19.660252,0.0062246975,0.29888484,0.12892261,0.06591951,0.07278561,0.4521383,5.2219929E12,0.7866702,0.016979024,0.03944016,0.0061196024,0.8369904,0.29077888,null,null,null,null,"TWOGAUSSIANS",8,1.2636365,0.7866702,0.016979024,0.22086488,0.034269772,0.8369823,0.29077834,0.29888484,0.12892261,0.36914924,0.38722736,0.45213023,5.2219929E12
375316653866487564,4039022811937941376,0.46524963,2417.6375890135823,2.6769845584490195,8.42544E-5,19.656212,0.042244025,0.19498165,0.013824189,0.12638374,0.029271854,0.3101382,0.068267964,0.88299364,0.034197874,0.053163454,0.034000967,0.13712548,1.1360033,null,null,null,null,"TWOGAUSSIANS",8,3.9726458,0.19498165,0.013824189,0.4,0.0,0.3097791,0.06901325,0.88964367,0.026585098,0.29771534,0.19040541,0.15245104,1.1452382
375316653866487564,4039022876241381248,0.4669156,2387.065586144897,3.3260758257571017,3.5728382E-5,17.31544,0.0031308653,null,null,null,null,null,null,null,null,null,null,null,null,0.07093427,0.004202222,0.19161339,0.0045471615,"ELLIPSOIDAL",4,10.170575,null,null,null,null,null,null,null,null,null,null,null,null
375316653866487564,4039022944961941120,0.4443284,2407.2541297532707,0.4150589416157711,4.013817E-5,19.497606,0.053505477,0.27613622,0.010323091,0.13670246,0.025479862,0.21861415,0.05341782,0.93166375,0.0067146686,0.018448278,0.05048588,0.15441088,0.66398185,null,null,null,null,"TWOGAUSSIANS",8,4.947059,0.27613622,0.010323091,0.4,0.0,0.21806996,0.047070004,0.9320338,0.024670448,0.103310354,0.28272092,0.16303828,0.66188323
375316653866487564,4039023018067164928,0.44594905,2453.6059536985567,0.9378091678620493,3.023334E-5,19.148588,0.007563017,0.37182665,0.0031085734,0.0061510834,0.0024644567,0.59047157,1.5782785,0.8491496,0.0015859415,0.025241897,0.0018832299,0.28078294,0.019458255,null,null,null,null,"TWOGAUSSIANS",8,3.4265425,0.37182665,0.0031085734,0.034446064,0.013800957,0.59047157,1.5782785,0.8491496,0.0015859415,0.14135462,0.010546088,0.28078294,0.019458255
375316653866487564,4039023018095471104,0.4450291,2459.0658495696875,0.14500460091083986,1.4465637E-6,16.584341,0.0137427095,0.17631024,4.3682187E-5,0.0031611624,3.6346872E-4,0.87483954,0.4181481,0.67193747,0.0023271632,0.011065971,0.0012429464,0.39869615,0.03551769,null,null,null,null,"TWOGAUSSIANS",8,12.414906,0.17631024,4.3682187E-5,0.017702509,0.0020354248,0.87483954,0.4181481,0.67193747,0.0023271632,0.06196944,0.0069605,0.39869615,0.03551769
375316653866487564,4039023052426990336,0.43673047,2429.5964776939622,2.165627519675529,7.873988E-6,18.656998,0.0047498886,0.18032734,0.029615799,0.0374778,0.023484942,0.026494533,0.10632576,0.6805002,0.0014555053,0.019534204,0.0041449466,0.16823097,0.019400137,null,null,null,null,"TWOGAUSSIANS",8,2.5647354,0.6805002,0.0014555053,0.10939154,0.0232117,0.16823097,0.019400137,0.18032734,0.029615799,0.20987567,0.13151567,0.026494533,0.10632576
375316653866487564,4039023082389930752,0.41530564,2351.77656927717,0.18520447774273763,4.574031E-5,18.560347,0.10679561,0.37458867,0.027637964,0.11545266,0.0484117,0.29310873,0.103343666,0.8142972,0.017190149,0.10302291,0.0225243,0.30774844,0.09793433,null,null,null,null,"TWOGAUSSIANS",8,8.416489,0.8142972,0.017190149,0.4,0.0,0.28562534,0.014891551,0.37464866,0.027491545,0.4,0.0,0.27081,0.017261479
375316653866487564,4039023151119867136,0.51026636,2397.9419743495805,1.3226277961289534,5.6264278E-5,18.54918,0.004220661,0.22734518,0.009916005,0.055604454,0.008735344,0.056339182,0.008124539,0.70841664,0.007688131,0.036755186,0.0038971487,0.3075311,0.031318925,null,null,null,null,"TWOGAUSSIANS",8,2.4145403,0.70841664,0.007688131,0.20582902,0.021824032,0.30753106,0.031318773,0.22734518,0.009916005,0.31138495,0.048917927,0.056339152,0.008124531
375316653866487564,4039023219839164032,0.4375839,2396.707316570673,0.13411197126680152,2.538402E-4,19.068106,0.26921263,0.2681829,0.016190946,0.0717979,0.0165243,0.2955644,0.07688715,0.68482304,0.024876777,0.21968907,0.12872203,0.33513862,0.2550164,null,null,null,null,"TWOGAUSSIANS",8,5.6241665,0.2749829,0.014122287,0.4,0.07489291,0.27890328,0.058494013,0.68482304,0.024876777,0.4,0.0,0.2519231,0.05068566
375316653866487564,4039023258587615104,0.55517393,2544.2341237020705,2.881118583490072,1.0510533E-4,19.2592,0.040528785,0.07416272,0.01502614,0.064012475,0.011857792,0.16875955,0.036139,0.5972877,0.0064981403,0.15368085,0.017869191,0.38818395,0.041361768,null,null,null,null,"TWOGAUSSIANS",8,0.53933805,0.5972877,0.0064981403,0.4,0.0,0.35707116,0.021607691,0.07321272,0.015554271,0.35846984,0.066403635,0.14199644,0.020026337
375316653866487564,4039023288558656896,0.45872307,2457.7045904434995,2.417285548525965,7.5864686E-5,19.456102,0.20365168,0.40486607,0.028375389,0.11541556,0.021186763,0.48831582,0.15131414,0.8116584,0.048967846,0.12650263,0.1584342,0.15458982,0.19499233,null,null,null,null,"TWOGAUSSIANS",8,4.666621,0.40548608,0.02352232,0.4,0.0,0.46373835,0.091328695,0.8116584,0.048967846,0.4,0.1685043,0.13010511,0.085724026
375316653866487564,4039023292945377024,0.4405203,2402.0464399668017,0.5906342764511319,6.8330926E-5,19.426815,0.041004915,0.27238163,0.021191677,0.04001413,0.019441662,0.42180455,0.08191153,0.7895138,0.03112166,0.032688726,0.01157208,0.91281486,0.87755084,null,null,null,null,"TWOGAUSSIANS",8,5.3694015,0.7895138,0.03112166,0.18305686,0.064803645,0.91281486,0.87755084,0.27238163,0.021191677,0.22407913,0.10887331,0.42180455,0.08191153
375316653866487564,4039023322918086400,0.52010435,2388.039281981836,2.328207927853529,1.7110131E-5,18.469584,0.023089923,0.27908128,0.004776563,0.08348862,0.0071658753,0.4110023,0.025906824,0.7644698,0.005211641,0.090483546,0.011623074,0.4296506,0.024855278,null,null,null,null,"TWOGAUSSIANS",8,10.205299,0.7644698,0.005211641,0.4,0.0,0.41906807,0.025117302,0.27908128,0.004776563,0.4,0.0,0.40042004,0.021730915
375316653866487564,4039023391637834112,0.46168295,2477.793081562117,0.8234417459666007,4.938394E-5,19.202757,0.012797583,0.29299283,0.006731082,0.06574605,0.009749863,0.16115996,0.02137435,0.74403346,0.018694803,0.04547162,0.023110045,0.15248875,0.07403045,null,null,null,null,"TWOGAUSSIANS",8,1.7681663,0.29299283,0.006731082,0.36817786,0.054599233,0.16115837,0.021370754,0.74403346,0.018694803,0.25464106,0.12941626,0.15248716,0.07410613
375316653866487564,4039023425997543936,0.5339284,2425.8182686110977,2.4365589507917447,1.25189645E-5,17.964813,0.008744872,0.21789071,0.0048593804,0.07052595,0.005617937,0.26105258,0.017470436,0.7284645,0.0034492938,0.07733237,0.004791478,0.27765423,0.016460907,null,null,null,null,"TWOGAUSSIANS",8,8.090741,0.7284645,0.0034492938,0.4,0.0,0.2762673,0.016528582,0.21789071,0.0048593804,0.39494532,0.02083993,0.25966564,0.017745338
375316653866487564,4039023636571420928,0.4708967,2295.600395832984,0.7731364252760583,1.1210861E-5,18.96631,0.010918652,0.2751278,0.022531316,0.08408219,0.017819002,0.28383628,0.07557216,0.56418955,0.031516097,0.09309456,0.021120584,0.080303,0.014393919,null,null,null,null,"TWOGAUSSIANS",8,1.2288817,0.27567777,0.022005219,0.4,0.0,0.28439784,0.07574886,0.56418955,0.031516097,0.4,0.0,0.080981545,0.014337214
375316653866487564,4039023705290887552,0.43937805,2455.3540526459583,4.002020359581138,7.1681265E-5,18.479986,0.09357869,0.25797358,0.045784157,0.08008973,0.056624886,0.14524938,0.10908366,0.6401382,0.036355264,0.1431993,0.06497499,0.33076456,0.07925707,null,null,null,null,"TWOGAUSSIANS",8,3.8270626,0.6401382,0.036355264,0.4,0.0,0.32043737,0.062837526,0.26690358,0.043952726,0.4,0.20813508,0.14511894,0.10930638
375316653866487564,4039023877106420352,0.4122336,2417.429763786559,2.2868668849045526,7.9087906E-5,19.535683,0.026040938,0.27554077,0.0142578045,0.082072444,0.018945314,0.5974102,0.21644996,0.91795635,0.010794463,0.04731905,0.011338549,0.39357835,0.2198023,null,null,null,null,"TWOGAUSSIANS",8,7.514157,0.27554077,0.0142578045,0.4,0.0,0.5974058,0.2165072,0.91796637,0.010807374,0.26498666,0.063495874,0.3936191,0.21979174
375316653866487564,4039024078832368512,0.43303975,2472.2302024169794,1.7994317769120665,3.335312E-5,19.315655,0.015586972,0.4396817,0.0031975696,0.032724775,0.0058011482,0.69428104,0.36145043,0.75346094,0.011565496,0.06256319,0.0122391675,0.18776019,0.04154001,null,null,null,null,"TWOGAUSSIANS",8,5.7525864,0.4396817,0.0031975696,0.18325873,0.03248643,0.6942817,0.36145005,0.75346094,0.011565496,0.35035387,0.06853934,0.18776019,0.04154001
375316653866487564,4039024147552903552,0.42936966,2428.8157239345983,2.5529908454115513,8.390661E-5,17.739895,0.002887195,0.19390492,0.013583883,0.028669849,0.016197875,0.083710775,0.8292217,0.6533452,0.03449138,0.04160844,0.016537603,0.071328014,0.022043783,null,null,null,null,"TWOGAUSSIANS",8,4.7485056,0.19390492,0.013583883,0.16055116,0.0907081,0.083710775,0.8292217,0.6533452,0.03449138,0.23300728,0.09261058,0.071328014,0.022043783
375316653866487564,4039024181912800512,0.5293066,2470.617878069588,3.2927071761978923,2.9248617E-5,19.620916,0.017571243,0.28940165,0.007910481,0.08742994,0.008450194,0.41975337,0.042306807,0.7811524,0.0036087094,0.0897979,0.006478503,0.46023163,0.016236193,null,null,null,null,"TWOGAUSSIANS",8,1.8448608,0.7811524,0.0036087094,0.4,0.0,0.44583127,0.012935819,0.28940165,0.007910481,0.4,0.0,0.40535313,0.043262277
375316653866487564,4039024216272737664,0.5023639,2413.4825622657136,0.07726556090995569,3.36613E-5,19.020596,0.0044780253,0.10893488,0.015178048,0.030555649,0.018046295,0.3093471,0.7445062,0.7623893,0.0038460386,0.069288164,0.0046225274,0.24545394,0.015484796,null,null,null,null,"TWOGAUSSIANS",8,2.5457346,0.10893488,0.015178048,0.17111163,0.10105926,0.309348,0.7445059,0.7623893,0.0038460386,0.38801375,0.025886152,0.24545394,0.015484797
375316653866487564,4039024284980731776,0.46662393,2377.0760068557333,2.450078277035445,2.393063E-5,17.989317,0.025153372,0.21022615,0.0073289354,0.10871002,0.040230263,0.07796626,0.021919489,0.7081119,0.024297642,0.10566568,0.04411105,0.099782445,0.021049885,null,null,null,null,"TWOGAUSSIANS",8,3.161332,0.7081119,0.024297642,0.4,0.037187498,0.08847454,0.010664147,0.21022615,0.0073289354,0.4,0.0,0.06665711,0.0044762944
375316653866487564,4039024319351813120,0.51153445,2369.1225899998008,1.2375051867319151,1.3382767E-5,18.211433,0.010371778,0.2719498,0.0032531545,0.03823439,0.004364571,0.3094687,0.033441324,0.781425,0.005965185,0.037303083,0.008955794,0.1986478,0.036604527,0.04892477,0.018443482,0.2719498,0.0032531545,"TWOGAUSSIANS_WITH_ELLIPSOIDAL_ON_ECLIPSE1",9,9.958547,0.2719498,0.0032531545,0.21411258,0.024441598,0.4073182,0.026089095,0.781425,0.005965185,0.20889726,0.05015245,0.29615092,0.04361836
375316653866487564,4039024358125628544,0.4411676,2471.133976340032,1.996249616660132,3.108965E-5,19.219316,0.010038441,0.6264927,0.0054102587,0.043849826,0.0062145703,0.103040986,0.02249272,0.8392514,0.007036797,0.037260894,0.005512174,0.29712492,0.049867984,null,null,null,null,"TWOGAUSSIANS",8,4.555307,0.8392514,0.007036797,0.208661,0.030868175,0.29712573,0.04986744,0.6264927,0.0054102587,0.24555904,0.034801595,0.10304101,0.022492737
375316653866487564,4039024422430634368,0.5213159,2418.8764518686235,3.3466070073531142,2.1425283E-5,16.66546,0.02125179,0.1959496,0.006667377,0.08776194,0.01060131,0.3252075,0.023935558,0.6987663,0.0055149673,0.096213095,0.0105632655,0.31297058,0.021470904,null,null,null,null,"TWOGAUSSIANS",8,27.338108,0.1959496,0.006667377,0.4,0.0,0.31000772,0.018755587,0.6987663,0.0055149673,0.4,0.0,0.29777002,0.01671901
375316653866487564,4039024456790375680,0.44047597,2340.7794380362775,0.9288857318575453,3.214155E-5,18.631804,0.018034462,0.28818944,0.007964746,0.035763357,0.006766259,0.35767278,0.1265889,0.6991738,0.02807287,0.07872512,0.019677397,0.13486297,0.039378338,null,null,null,null,"TWOGAUSSIANS",8,12.171195,0.28818944,0.007964746,0.2002748,0.037891053,0.35767236,0.1265893,0.6991738,0.02807287,0.4,0.03465159,0.13486238,0.03938043
375316653866487564,4039024461204910976,0.5506406,2384.4035629261243,2.521545969908836,7.746531E-6,18.154497,0.117298916,0.24174957,0.004758667,0.0622964,0.018238772,0.30766776,0.23738132,0.74744195,0.0052975547,0.049289268,0.028821992,0.32098362,0.18209152,0.116275705,0.1157363,0.24174957,0.004758667,"TWOGAUSSIANS_WITH_ELLIPSOIDAL_ON_ECLIPSE1",9,14.815039,0.74744195,0.0052975547,0.2760199,0.12974414,0.55313873,0.061369307,0.24174957,0.004758667,0.34885985,0.062323105,0.54012024,0.029622573
375316653866487564,4039024594230588928,0.44272432,2422.595247109216,0.4045059643306583,2.002221E-5,18.562136,0.006491285,0.32749674,0.018902086,0.09091817,0.020674398,0.07049926,0.009715723,0.7830755,0.0028583563,0.04100616,0.0034278291,0.12146927,0.011899811,null,null,null,null,"TWOGAUSSIANS",8,3.8778272,0.7830755,0.0028583563,0.2296345,0.019195843,0.12143878,0.011874534,0.32749674,0.018902086,0.4,0.0,0.07046853,0.009721498
375316653866487564,4039024598616483712,0.49768394,2387.4514084837283,2.0555056092614374,3.1696003E-5,19.33889,0.011034165,0.31074706,0.07128926,0.09796087,0.052866448,0.06354664,0.018672105,0.73167443,0.024511317,0.021030998,0.031262726,0.38164827,0.29688242,null,null,null,null,"TWOGAUSSIANS",8,1.8067334,0.73167443,0.024511317,0.117773585,0.17507127,0.38165352,0.29699156,0.31074706,0.07128926,0.4,0.11947083,0.06354566,0.01865332
375316653866487564,4039024667363678976,0.46656218,2410.080432216129,0.135810242448114,4.752674E-5,18.86687,0.00520645,0.47858498,0.007767663,0.058221497,0.012838476,0.16235834,0.012960578,0.82803863,0.01406265,0.028228924,0.016120812,0.9433826,2.8240368,null,null,null,null,"TWOGAUSSIANS",8,4.8546534,0.82803863,0.01406265,0.15808198,0.09027654,0.9433826,2.8240368,0.47858498,0.007767663,0.3260404,0.071895465,0.16235834,0.012960578
375316653866487564,4039024731669845376,0.5347633,2430.5528659453516,2.5711409275089863,3.2345168E-5,19.45133,0.012423958,0.28220972,0.010120085,0.07171564,0.0108644515,0.559746,0.14660986,0.7845999,0.005647593,0.07561387,0.007951617,0.6180798,0.09514405,null,null,null,null,"TWOGAUSSIANS",8,3.3732035,0.7845999,0.005647593,0.4,0.009436161,0.614564,0.09698192,0.28220972,0.010120085,0.4,0.047473833,0.55623025,0.14814274
375316653866487564,4039024736083184256,0.53843904,2394.0801416570916,2.397164973975593,6.8022514E-6,18.483418,0.014614359,0.26016998,0.015330059,0.07460458,0.016098231,0.42307866,0.030353157,0.7593519,0.0027509653,0.06909563,0.0051536183,0.45476246,0.04120335,null,null,null,null,"TWOGAUSSIANS",8,8.599604,0.7593519,0.0027509653,0.38693553,0.027195169,0.45274606,0.041535243,0.26016998,0.015330059,0.4,0.064386755,0.42106226,0.030161345
