Gaia/vari_eclipsing_binary/VariEclipsingBinary_756229-756367.csv
# %ECSV 1.0
# ---
# delimiter: ','
# meta: !!omap
# - RELEASE: Gaia DR3
# - TABLE: vari_eclipsing_binary
# - DESCRIPTION: >
#     This table describes the properties of the eclipsing binaries resulting from the variability analysis. 
# - CITATION: >
#     How to cite and acknowledge Gaia: 
#     https://gea.esac.esa.int/archive/documentation/credits.html 
# - KNOWN_ISSUES: >
#     Known issues: 
#     https://www.cosmos.esa.int/web/gaia-users/known-issues 
# - DOCUMENTATION: >
#     Tutorials and documentation: 
#     https://www.cosmos.esa.int/web/gaia-users/archive 
# datatype:
# - 
#   name: solution_id
#   datatype: int64
#   description: Solution Identifier
#   meta:
#     ucd: meta.version
# - 
#   name: source_id
#   datatype: int64
#   description: Unique source identifier
#   meta:
#     ucd: meta.id;meta.main
# - 
#   name: global_ranking
#   datatype: float32
#   description: Number between 0 (worst) and 1 (best)
#   meta:
#     ucd: stat.param
# - 
#   name: reference_time
#   datatype: float64
#   unit: d
#   description: Reference time used for the geometric model fit
#   meta:
#     ucd: time.epoch
# - 
#   name: frequency
#   datatype: float64
#   unit: d**-1
#   description: Frequency of geometric model of the eclipsing binary light curve
#   meta:
#     ucd: src.orbital
# - 
#   name: frequency_error
#   datatype: float32
#   unit: d**-1
#   description: "Uncertainty of \\texttt{frequency}"
#   meta:
#     ucd: stat.error
# - 
#   name: geom_model_reference_level
#   datatype: float32
#   unit: mag
#   description: Magnitude reference level of geometric model
#   meta:
#     ucd: phot.mag;em.opt
# - 
#   name: geom_model_reference_level_error
#   datatype: float32
#   unit: mag
#   description: "Uncertainty of \\texttt{geomModelReferenceLevel}"
#   meta:
#     ucd: stat.error;phot.mag;em.opt
# - 
#   name: geom_model_gaussian1_phase
#   datatype: float32
#   description: Phase of the Gaussian 1 component
#   meta:
#     ucd: time.phase
# - 
#   name: geom_model_gaussian1_phase_error
#   datatype: float32
#   description: "Uncertainty of \\texttt{geomModelGaussian1Phase}"
#   meta:
#     ucd: stat.error;time.phase
# - 
#   name: geom_model_gaussian1_sigma
#   datatype: float32
#   description: "Standard deviation [phase] of Gaussian 1 component"
#   meta:
#     ucd: stat.stdev
# - 
#   name: geom_model_gaussian1_sigma_error
#   datatype: float32
#   description: "Uncertainty of \\texttt{geomModelGaussian1Sigma}"
#   meta:
#     ucd: stat.error
# - 
#   name: geom_model_gaussian1_depth
#   datatype: float32
#   unit: mag
#   description: Magnitude depth of Gaussian 1 component
#   meta:
#     ucd: src.var.amplitude
# - 
#   name: geom_model_gaussian1_depth_error
#   datatype: float32
#   unit: mag
#   description: "Uncertainty of \\texttt{geomModelGaussian1Depth}"
#   meta:
#     ucd: stat.error;src.var.amplitude
# - 
#   name: geom_model_gaussian2_phase
#   datatype: float32
#   description: Phase of Gaussian 2 component
#   meta:
#     ucd: time.phase
# - 
#   name: geom_model_gaussian2_phase_error
#   datatype: float32
#   description: "Uncertainty of \\texttt{geomModelGaussian2Phase}"
#   meta:
#     ucd: stat.error;time.phase
# - 
#   name: geom_model_gaussian2_sigma
#   datatype: float32
[...]
#   datatype: float32
#   description: "Secondary eclipse: uncertainty of \\texttt{derivedSecondaryEclDuration}"
#   meta:
#     ucd: stat.error;time.duration
# - 
#   name: derived_secondary_ecl_depth
#   datatype: float32
#   unit: mag
#   description: "Secondary eclipse: depth"
#   meta:
#     ucd: src.var.amplitude
# - 
#   name: derived_secondary_ecl_depth_error
#   datatype: float32
#   unit: mag
#   description: "Secondary eclipse: uncertainty of \\texttt{derivedSecondaryEclDepth}"
#   meta:
#     ucd: stat.error;src.var.amplitude
solution_id,source_id,global_ranking,reference_time,frequency,frequency_error,geom_model_reference_level,geom_model_reference_level_error,geom_model_gaussian1_phase,geom_model_gaussian1_phase_error,geom_model_gaussian1_sigma,geom_model_gaussian1_sigma_error,geom_model_gaussian1_depth,geom_model_gaussian1_depth_error,geom_model_gaussian2_phase,geom_model_gaussian2_phase_error,geom_model_gaussian2_sigma,geom_model_gaussian2_sigma_error,geom_model_gaussian2_depth,geom_model_gaussian2_depth_error,geom_model_cosine_half_period_amplitude,geom_model_cosine_half_period_amplitude_error,geom_model_cosine_half_period_phase,geom_model_cosine_half_period_phase_error,model_type,num_model_parameters,reduced_chi2,derived_primary_ecl_phase,derived_primary_ecl_phase_error,derived_primary_ecl_duration,derived_primary_ecl_duration_error,derived_primary_ecl_depth,derived_primary_ecl_depth_error,derived_secondary_ecl_phase,derived_secondary_ecl_phase_error,derived_secondary_ecl_duration,derived_secondary_ecl_duration_error,derived_secondary_ecl_depth,derived_secondary_ecl_depth_error
[from data line 216]
375316653866487564,6652408221242505600,0.43315005,2269.3759065636814,1.69880612011229,6.347436E-5,19.702148,0.04886738,0.27148834,0.014526489,0.096013814,0.0583847,0.065570645,0.04707779,0.72801167,0.019488364,0.040153984,0.04946097,0.40688834,0.19985121,null,null,null,null,"TWOGAUSSIANS",8,4.3942046,0.72801167,0.019488364,0.2248623,0.17351784,0.40682086,0.21547352,0.27148834,0.014523643,0.4,0.0,0.06550237,0.031614803
375316653866487564,6652409943528575104,0.6531996,2236.0091539936902,1.4259849023772384,4.2678007E-6,16.780537,0.0054231724,0.28929606,5.663418E-4,0.032981705,0.0011875494,0.8544966,0.06351775,0.79556185,0.0066715227,0.031607594,0.005864267,0.19720195,0.014494196,0.02556548,0.0065925634,0.28929606,5.663418E-4,"TWOGAUSSIANS_WITH_ELLIPSOIDAL_ON_ECLIPSE1",9,8.414095,0.28929606,5.663418E-4,0.18469755,0.006650277,0.9056274,0.06433708,0.79556185,0.0066715227,0.17700252,0.032839894,0.24825358,0.01426069
375316653866487564,6652410798223009152,0.47366795,2291.6131539748544,2.9999909150119493,5.6482393E-5,19.531137,0.0059202383,0.2956965,1.2155176E-4,0.02057036,0.0011233456,0.36915627,0.012936889,0.8198659,0.0010681202,0.014752172,9.94236E-4,0.23117915,0.022915903,null,null,null,null,"TWOGAUSSIANS",8,2.5954716,0.2956965,1.2155176E-4,0.11519402,0.006290735,0.36915627,0.012936889,0.8198659,0.0010681202,0.082612164,0.0055677216,0.23117915,0.022915903
375316653866487564,6652413306486063488,0.5223386,2257.3688896816493,2.5896236356713938,1.3747264E-5,16.843182,0.013632807,0.21122806,0.0040681893,0.0417574,0.009960883,0.092871875,0.031356413,0.7282506,0.004153588,0.044714533,0.011339521,0.15437879,0.031825036,0.06658732,0.020214817,0.7282506,0.004153588,"TWOGAUSSIANS_WITH_ELLIPSOIDAL_ON_ECLIPSE2",9,24.061563,0.7282506,0.004153588,0.25040138,0.06350131,0.28755313,0.016714891,0.21402805,0.0030199708,0.23384143,0.055780947,0.22477698,0.011148025
375316653866487564,6652419388159479040,0.5102363,2251.118284068031,2.660589778137666,2.886254E-5,17.239891,0.04486018,0.32572505,0.007578513,0.11737746,0.030408818,0.15281264,0.040438663,0.8564354,0.010977884,0.093304045,0.040835567,0.062519886,0.042844262,null,null,null,null,"TWOGAUSSIANS",8,4.6717463,0.32572505,0.007428404,0.4,0.0,0.1443393,0.008143814,0.8566554,0.010542678,0.4,0.0,0.054103695,0.009644713
375316653866487564,6652424473399674368,0.49655846,2288.149941403989,0.6783219176972023,1.3053796E-5,19.283136,0.0049645873,0.36757988,0.014370515,0.016409913,0.0051658717,0.54150105,0.18442532,0.48383754,0.057915114,0.05440963,0.050289493,0.036180183,0.04446483,null,null,null,null,"TWOGAUSSIANS",8,2.7082286,0.36764988,0.014344768,0.09189551,0.028928882,0.5451967,0.18203847,0.48383754,0.057915114,0.30469394,0.28162116,0.036180183,0.044469945
375316653866487564,6652424786936057856,0.5960914,2278.2726426104678,2.7068209307663413,1.3227213E-5,15.203946,0.021258388,0.24790606,0.002476041,0.06792385,0.008992158,0.18409841,0.043280877,0.7411689,0.005425436,0.06680846,0.010447672,0.13203716,0.044681564,0.054484498,0.023221638,0.24790606,0.002476041,"TWOGAUSSIANS_WITH_ELLIPSOIDAL_ON_ECLIPSE1",9,38.383694,0.24790606,0.002476041,0.3803736,0.03971941,0.292777,0.006716218,0.7426889,0.0038952914,0.3741274,0.056581832,0.24056453,0.009808888
375316653866487564,6652425882148973056,0.48709682,2301.252613973557,1.4569352059507532,4.4220265E-5,17.846846,0.01447014,0.251137,0.019875098,0.04502267,0.039452475,0.055864133,0.03005478,0.7456134,0.007176402,0.03839206,0.0073482613,0.27219915,0.043898493,0.01863639,0.018390765,0.251137,0.019875098,"TWOGAUSSIANS_WITH_ELLIPSOIDAL_ON_ECLIPSE1",9,19.120697,0.7457034,0.007041543,0.21499553,0.041150264,0.30942774,0.033969685,0.251137,0.019875098,0.25212696,0.22093385,0.09313688,0.009231271
375316653866487564,6652426092606080128,0.43519866,2275.2774578888816,3.9068128099763504,2.3163926E-4,19.26163,0.10051284,0.09094285,0.0165462,0.036013566,0.00839446,0.470628,0.11641515,0.3880684,0.047375333,0.18062674,0.094712675,0.18374018,0.0972104,null,null,null,null,"TWOGAUSSIANS",8,11.868338,0.09214286,0.016726185,0.20167597,0.047008976,0.5105042,0.12083307,0.3880684,0.047375333,0.4,0.0,0.17577267,0.04286969
375316653866487564,6652433441292830464,0.5183625,2268.392949097681,3.094365617626637,1.324765E-5,18.842594,0.009040188,0.2701271,0.0032061904,0.07260484,0.005402431,0.29959258,0.018431773,0.7660805,0.006742302,0.07372888,0.008020383,0.3404231,0.03093534,null,null,null,null,"TWOGAUSSIANS",8,3.8614757,0.7660805,0.006742302,0.4,0.0,0.33872828,0.03122063,0.2701271,0.0032061904,0.4,0.0012776701,0.29789776,0.018589845
375316653866487564,6652437431319931776,0.43123448,2247.5854493497427,0.8308270608648697,6.7753106E-5,18.243635,0.66112316,0.2857276,0.016253771,0.15375507,0.11730756,0.45593426,0.4786241,0.79494786,0.010979071,0.24780501,0.21477933,0.58100814,0.635291,null,null,null,null,"TWOGAUSSIANS",8,6.614297,0.27974758,0.009987833,0.4,0.0025180408,0.14396031,0.017272426,0.79725784,0.008984126,0.4,0.0,0.121785216,0.021033827
375316653866487564,6652440523696388096,0.55172765,2280.78389702286,2.344385338462306,1.5907124E-5,14.68329,0.11344442,0.22734062,0.008352524,0.13418825,0.03007247,0.30390227,0.10036076,0.69065577,0.005344158,0.13787955,0.016859101,0.48686975,0.10684015,null,null,null,null,"TWOGAUSSIANS",8,219.68703,0.69065577,0.005344158,0.4,0.0,0.37841523,0.012132657,0.22955063,0.006787863,0.4,0.0,0.1965702,0.01887088
375316653866487564,6652443508694969472,0.64835536,2280.619750720822,3.1537606306527306,7.837563E-6,16.057915,0.006476337,0.2120051,0.0029405768,0.04684216,0.0037285946,0.43959665,0.017796515,0.7064272,0.002093678,0.041723266,0.0020610425,0.39393905,0.02017359,0.1288795,0.008726102,0.2120051,0.0029405768,"TWOGAUSSIANS_WITH_ELLIPSOIDAL_ON_ECLIPSE1",9,20.279049,0.2120051,0.0029405768,0.2623161,0.020880131,0.69735533,0.011573412,0.7068872,0.0018519684,0.2336503,0.011541838,0.65140736,0.015831962
375316653866487564,6652455092226418176,0.6093713,2294.862446313986,0.6714949835577857,5.2593737E-6,16.167175,0.0045809504,0.28491804,0.0013884864,0.08553757,0.0023922871,0.31796017,0.004776882,0.784755,0.0020639515,0.10278724,0.0039724773,0.18505628,0.004714491,null,null,null,null,"TWOGAUSSIANS",8,6.4056177,0.28491804,0.0013884864,0.4,0.0,0.30425406,0.004485944,0.784755,0.0020639515,0.4,0.0,0.17134748,0.004049808
375316653866487564,6652458249022064256,0.58520055,2295.590548305129,2.8428438732530013,7.748253E-6,17.829538,0.017595341,0.25545913,0.0025065253,0.09494059,0.005009786,0.3343059,0.018442007,0.73889554,0.00523999,0.11811219,0.0094069345,0.27321625,0.019064913,null,null,null,null,"TWOGAUSSIANS",8,2.4132795,0.25549912,0.0025097707,0.4,0.0,0.30308503,0.0109999245,0.73889554,0.00523999,0.4,0.0,0.24191417,0.010258653
375316653866487564,6652459073655637632,0.49812397,2298.0045235838775,4.307882764035035,4.4289318E-5,18.345715,0.0036740913,0.12680553,0.022964392,0.016889293,0.009951314,0.05045602,0.38976738,0.5285735,0.0120342,0.021045137,0.02918941,0.22692533,0.19953784,null,null,null,null,"TWOGAUSSIANS",8,1.9170432,0.5285735,0.0120342,0.11785277,0.16346069,0.22692533,0.19953784,0.12680553,0.022964392,0.09458003,0.055727355,0.05045602,0.38976738
375316653866487564,6652459348533596928,0.47725978,2301.3841619567575,3.5260537695289655,5.87119E-5,19.483536,0.0058082878,0.13031512,0.0030537648,0.016701927,0.0029104627,0.44079173,0.044458203,0.6475407,0.011879878,0.04753452,0.0076750624,0.17884322,0.017847491,null,null,null,null,"TWOGAUSSIANS",8,3.3967845,0.13031512,0.0030537648,0.0935308,0.016298592,0.44079173,0.044458203,0.6475407,0.011879878,0.26619333,0.04298035,0.17884322,0.017847491
375316653866487564,6652460551126402944,0.47307327,2295.6944764354403,3.1198764034108923,2.972114E-5,18.734392,0.011911095,0.19648895,0.018937016,0.06172239,0.024559297,0.11325371,0.012296495,0.69318753,0.008439435,0.08145115,0.013377815,0.16949071,0.017626666,null,null,null,null,"TWOGAUSSIANS",8,4.2709036,0.69318753,0.008439435,0.4,8.5921865E-4,0.16890581,0.017005866,0.19648895,0.018937016,0.3456454,0.093203686,0.11266881,0.010748776
375316653866487564,6652460899016728064,0.46686423,2291.4461863019933,2.7789659482918188,2.3163037E-5,15.63415,0.6915461,0.2860733,0.009999608,0.10874406,0.09150926,0.15553474,0.59422094,0.79042727,0.009248864,0.11059774,0.1108864,0.15466914,0.6427801,null,null,null,null,"TWOGAUSSIANS",8,84.228485,0.2860633,0.009402272,0.4,0.0,0.133491,0.014552568,0.79042727,0.009768879,0.4,0.0,0.13262205,0.011449838
375316653866487564,6652462578351286016,0.6330666,2301.181108468175,3.428423032340189,3.9461365E-6,16.975409,0.005562433,0.2466907,0.0010708947,0.039326567,0.00563442,0.10628633,0.011750279,0.74387777,0.0035049757,0.050764434,0.004238843,0.21555011,0.017849099,0.12999322,0.007360324,0.2466907,0.0010708947,"TWOGAUSSIANS_WITH_ELLIPSOIDAL_ON_ECLIPSE1",9,4.1112404,0.7444278,0.0027076616,0.28428084,0.023737522,0.4754695,0.015363071,0.2466907,0.0010708947,0.22022878,0.03155275,0.36627093,0.008060972
375316653866487564,6652463265543872512,0.5956452,2271.6137254664445,3.9575070670461656,3.4917693E-6,19.01707,0.011096374,0.2522357,0.0024173143,0.046148732,0.0027989645,0.63885033,0.031521983,0.7505976,0.0011264211,0.048459962,0.0044121547,0.58876616,0.05429857,0.0956296,0.013631263,0.2522357,0.0024173143,"TWOGAUSSIANS_WITH_ELLIPSOIDAL_ON_ECLIPSE1",9,2.616781,0.2522357,0.0024173143,0.2584329,0.0156742,0.83010805,0.02546411,0.7506876,0.0010406261,0.27137578,0.024708066,0.78000474,0.062421247
375316653866487564,6652463853954244352,0.49597064,2251.848590950502,0.3196563192543907,9.389401E-5,19.755072,0.07354489,0.46782508,0.015294605,0.0708534,0.008836533,0.5580635,0.07872523,0.8569224,0.01016869,0.03194852,0.14053369,0.0837823,0.051522642,null,null,null,null,"TWOGAUSSIANS",8,3.0476987,0.46782508,0.015095234,0.396779,0.040153455,0.5580635,0.07508992,0.8569224,0.01016869,0.17891173,0.23446536,0.08378245,0.036819536
375316653866487564,6652464261978231168,0.6015458,2263.24006313202,3.0773366888949893,8.9420355E-6,16.592003,0.032089334,0.28179008,0.0019567192,0.049321447,0.0066915806,0.47478744,0.078317754,0.7767943,0.008600395,0.04196796,0.016737968,0.29966423,0.06308009,0.13944961,0.04050245,0.28179008,0.0019567192,"TWOGAUSSIANS_WITH_ELLIPSOIDAL_ON_ECLIPSE1",9,21.85765,0.28179008,0.0019567192,0.27620012,0.03747285,0.7536847,0.058590803,0.7773643,0.0080211535,0.23502056,0.09373262,0.57831824,0.0578981
375316653866487564,6652464468136750592,0.56157726,2268.6344607387596,3.554121881119211,1.38721525E-5,18.643435,0.014731653,0.26157877,0.0050417813,0.046241138,0.009128749,0.18975975,0.02793282,0.75897044,0.0062067523,0.034634978,0.0059272666,0.06736212,0.04030363,0.11640904,0.019172102,0.75897044,0.0062067523,"TWOGAUSSIANS_WITH_ELLIPSOIDAL_ON_ECLIPSE2",9,3.9842186,0.26112878,0.0035911726,0.25895038,0.051120996,0.42252594,0.015576674,0.75897044,0.0062067523,0.19395587,0.033192694,0.30018014,0.010516549
375316653866487564,6652466323563065472,0.52309495,2272.4260601123074,1.7845794993402933,5.230511E-5,19.045996,0.0048784777,0.28756565,0.013446608,0.07140123,0.009678282,0.061507814,0.008416801,0.756278,0.008437641,0.056412004,0.006514446,0.34915802,0.024359375,null,null,null,null,"TWOGAUSSIANS",8,1.4510669,0.756278,0.008437641,0.3159072,0.036480896,0.34911278,0.024379196,0.28756565,0.013446608,0.3998469,0.03514975,0.061462585,0.008389106
375316653866487564,6652471310022849024,0.6369111,2272.764891929842,2.6049374457586043,2.6594043E-6,15.295256,0.00532017,0.26360145,0.0020572746,0.09685858,0.0033596011,0.35584325,0.007897297,0.76377183,0.0013008404,0.089361235,0.0023079023,0.40540957,0.008769286,null,null,null,null,"TWOGAUSSIANS",8,24.625881,0.76377183,0.0013008404,0.4,0.0,0.38488978,0.009445755,0.26360145,0.0020572746,0.4,0.0,0.33532244,0.00901762
375316653866487564,6652479693798916352,0.6213074,2246.641189590803,3.3712764917791365,6.6478215E-6,15.74701,0.017624138,0.29938537,0.0023354539,0.049270526,0.019606886,0.07610995,0.034282714,0.801322,0.008442368,0.05685864,0.013481492,0.1067959,0.03598591,0.11553186,0.020307645,0.29938537,0.0023354539,"TWOGAUSSIANS_WITH_ELLIPSOIDAL_ON_ECLIPSE1",9,19.816963,0.801322,0.007003109,0.31840837,0.07549635,0.33781907,0.011895076,0.29938537,0.0023354539,0.27591494,0.109798566,0.30716735,0.00850814
375316653866487564,6652480445415949952,0.5553851,2255.919747506502,3.1002505866387975,1.9309009E-5,17.061232,0.011197011,0.19932975,0.0034214274,0.053013083,0.017411748,0.12316104,0.022340082,0.70366615,0.0098361485,0.041513443,0.011841793,0.10431413,0.025995286,0.116560124,0.013103191,0.19932975,0.0034214274,"TWOGAUSSIANS_WITH_ELLIPSOIDAL_ON_ECLIPSE1",9,18.699228,0.19932975,0.0034214274,0.29687327,0.097505786,0.35627934,0.01045378,0.70366615,0.0098361485,0.23247528,0.066314034,0.3372594,0.020707846
375316653866487564,6652482678798909312,0.5906551,2280.837901044622,0.015908403363883748,1.7037682E-5,16.636858,0.0024328171,0.077844046,0.004148594,0.037199136,0.0028671406,0.12506382,0.009447398,0.740565,0.004429253,0.07559727,0.012148473,0.6948051,1.1439848,null,null,null,null,"TWOGAUSSIANS",8,2.9091096,0.740565,0.004429253,0.4,0.04482942,0.6948051,1.1439848,0.07782405,0.004147795,0.20831516,0.016055986,0.12509689,0.009455449
375316653866487564,6652482717455985152,0.55732095,2307.328371239053,0.5094305178653976,2.8319015E-5,17.441395,0.0011441846,0.27745652,0.025850808,0.018341256,0.013634235,0.34872752,0.50763756,0.6258738,0.0049395156,0.015838,0.0027237362,0.014708099,0.003055842,null,null,null,null,"TWOGAUSSIANS",8,1.8858908,0.27745652,0.025850808,0.10271103,0.07635172,0.34872752,0.50763756,0.6258738,0.0049395156,0.08869281,0.015252924,0.014708099,0.003055842
375316653866487564,6652487935838647680,0.5851736,2265.167726349354,3.9262384448841683,6.6739767E-6,17.57239,0.005734536,0.21168427,0.002115249,0.040040337,0.005465958,0.22558883,0.026001,0.7130863,0.0030366548,0.044334807,0.005215541,0.14814512,0.01599677,0.11952535,0.012590566,0.21168427,0.002115249,"TWOGAUSSIANS_WITH_ELLIPSOIDAL_ON_ECLIPSE1",9,9.141632,0.21168427,0.002115249,0.2242259,0.030609364,0.46463904,0.022459349,0.7130863,0.0028381697,0.24827492,0.029207028,0.3871768,0.012001426
375316653866487564,6652489241508945152,0.66107947,2273.3855198198144,2.3397505296213006,7.391698E-6,16.808569,0.0050287885,0.24053508,0.0013347107,0.051157955,0.0043391795,0.12924053,0.013683139,0.7361037,0.0046369797,0.051082935,0.0049640825,0.1568766,0.012168847,0.111707024,0.006323811,0.24053508,0.0013347107,"TWOGAUSSIANS_WITH_ELLIPSOIDAL_ON_ECLIPSE1",9,4.0051026,0.7371137,0.0035712484,0.28606445,0.027798863,0.3801544,0.005577636,0.24053508,0.0013347107,0.28648454,0.024299406,0.35265222,0.008188416
375316653866487564,6652494395467632640,0.43763438,2272.2352746513925,4.037850302404888,5.815909E-5,18.419765,0.008142372,0.15957157,0.011964832,0.046208158,0.018982474,0.094777,0.067926295,0.46853593,0.01407692,0.02926804,0.010905418,0.25200766,0.11035395,0.058327235,0.019980917,0.15957157,0.011964832,"TWOGAUSSIANS_WITH_ELLIPSOIDAL_ON_ECLIPSE1",9,9.418953,0.47025594,0.0158539,0.16390102,0.061070338,0.26772577,0.11034519,0.15957157,0.011964832,0.2587657,0.10630185,0.2114309,0.05514239
375316653866487564,6652494601626087936,0.52142406,2298.8211013624455,0.7766862871766413,1.2286911E-5,18.210112,0.002724791,0.28045338,0.023898698,0.0083333645,0.036583647,0.2712635,0.33103535,0.7897179,1.8839777E-4,0.009515469,3.0055243E-4,0.25821322,0.0017672372,null,null,null,null,"TWOGAUSSIANS",8,1.9901206,0.28045338,0.023898698,0.046666842,0.20486842,0.2712635,0.33103535,0.7897179,1.8839777E-4,0.053286627,0.0016830937,0.25821322,0.0017672372
375316653866487564,6652494739065066240,0.57648915,2310.1525983760216,3.916034843221748,5.4199036E-6,18.328064,0.009309491,0.19472426,0.0032400016,0.070300825,0.0034580245,0.54809546,0.014957168,0.7020325,0.0023361798,0.07662603,0.0046034707,0.5718305,0.02977192,null,null,null,null,"TWOGAUSSIANS",8,4.7242403,0.7020325,0.0023361798,0.4,0.0,0.56894386,0.030629456,0.19472426,0.0032400016,0.39368463,0.013770771,0.5452089,0.014772722
