Gaia/vari_eclipsing_binary/VariEclipsingBinary_641806-641987.csv
# %ECSV 1.0
# ---
# delimiter: ','
# meta: !!omap
# - RELEASE: Gaia DR3
# - TABLE: vari_eclipsing_binary
# - DESCRIPTION: >
#     This table describes the properties of the eclipsing binaries resulting from the variability analysis. 
# - CITATION: >
#     How to cite and acknowledge Gaia: 
#     https://gea.esac.esa.int/archive/documentation/credits.html 
# - KNOWN_ISSUES: >
#     Known issues: 
#     https://www.cosmos.esa.int/web/gaia-users/known-issues 
# - DOCUMENTATION: >
#     Tutorials and documentation: 
#     https://www.cosmos.esa.int/web/gaia-users/archive 
# datatype:
# - 
#   name: solution_id
#   datatype: int64
#   description: Solution Identifier
#   meta:
#     ucd: meta.version
# - 
#   name: source_id
#   datatype: int64
#   description: Unique source identifier
#   meta:
#     ucd: meta.id;meta.main
# - 
#   name: global_ranking
#   datatype: float32
#   description: Number between 0 (worst) and 1 (best)
#   meta:
#     ucd: stat.param
# - 
#   name: reference_time
#   datatype: float64
#   unit: d
#   description: Reference time used for the geometric model fit
#   meta:
#     ucd: time.epoch
# - 
#   name: frequency
#   datatype: float64
#   unit: d**-1
#   description: Frequency of geometric model of the eclipsing binary light curve
#   meta:
#     ucd: src.orbital
# - 
#   name: frequency_error
#   datatype: float32
#   unit: d**-1
#   description: "Uncertainty of \\texttt{frequency}"
#   meta:
#     ucd: stat.error
# - 
#   name: geom_model_reference_level
#   datatype: float32
#   unit: mag
#   description: Magnitude reference level of geometric model
#   meta:
#     ucd: phot.mag;em.opt
# - 
#   name: geom_model_reference_level_error
#   datatype: float32
#   unit: mag
#   description: "Uncertainty of \\texttt{geomModelReferenceLevel}"
#   meta:
#     ucd: stat.error;phot.mag;em.opt
# - 
#   name: geom_model_gaussian1_phase
#   datatype: float32
#   description: Phase of the Gaussian 1 component
#   meta:
#     ucd: time.phase
# - 
#   name: geom_model_gaussian1_phase_error
#   datatype: float32
#   description: "Uncertainty of \\texttt{geomModelGaussian1Phase}"
#   meta:
#     ucd: stat.error;time.phase
# - 
#   name: geom_model_gaussian1_sigma
#   datatype: float32
#   description: "Standard deviation [phase] of Gaussian 1 component"
#   meta:
#     ucd: stat.stdev
# - 
#   name: geom_model_gaussian1_sigma_error
#   datatype: float32
#   description: "Uncertainty of \\texttt{geomModelGaussian1Sigma}"
#   meta:
#     ucd: stat.error
# - 
#   name: geom_model_gaussian1_depth
#   datatype: float32
#   unit: mag
#   description: Magnitude depth of Gaussian 1 component
#   meta:
#     ucd: src.var.amplitude
# - 
#   name: geom_model_gaussian1_depth_error
#   datatype: float32
#   unit: mag
#   description: "Uncertainty of \\texttt{geomModelGaussian1Depth}"
#   meta:
#     ucd: stat.error;src.var.amplitude
# - 
#   name: geom_model_gaussian2_phase
#   datatype: float32
#   description: Phase of Gaussian 2 component
#   meta:
#     ucd: time.phase
# - 
#   name: geom_model_gaussian2_phase_error
#   datatype: float32
#   description: "Uncertainty of \\texttt{geomModelGaussian2Phase}"
#   meta:
#     ucd: stat.error;time.phase
# - 
#   name: geom_model_gaussian2_sigma
#   datatype: float32
[...]
#   datatype: float32
#   description: "Secondary eclipse: uncertainty of \\texttt{derivedSecondaryEclDuration}"
#   meta:
#     ucd: stat.error;time.duration
# - 
#   name: derived_secondary_ecl_depth
#   datatype: float32
#   unit: mag
#   description: "Secondary eclipse: depth"
#   meta:
#     ucd: src.var.amplitude
# - 
#   name: derived_secondary_ecl_depth_error
#   datatype: float32
#   unit: mag
#   description: "Secondary eclipse: uncertainty of \\texttt{derivedSecondaryEclDepth}"
#   meta:
#     ucd: stat.error;src.var.amplitude
solution_id,source_id,global_ranking,reference_time,frequency,frequency_error,geom_model_reference_level,geom_model_reference_level_error,geom_model_gaussian1_phase,geom_model_gaussian1_phase_error,geom_model_gaussian1_sigma,geom_model_gaussian1_sigma_error,geom_model_gaussian1_depth,geom_model_gaussian1_depth_error,geom_model_gaussian2_phase,geom_model_gaussian2_phase_error,geom_model_gaussian2_sigma,geom_model_gaussian2_sigma_error,geom_model_gaussian2_depth,geom_model_gaussian2_depth_error,geom_model_cosine_half_period_amplitude,geom_model_cosine_half_period_amplitude_error,geom_model_cosine_half_period_phase,geom_model_cosine_half_period_phase_error,model_type,num_model_parameters,reduced_chi2,derived_primary_ecl_phase,derived_primary_ecl_phase_error,derived_primary_ecl_duration,derived_primary_ecl_duration_error,derived_primary_ecl_depth,derived_primary_ecl_depth_error,derived_secondary_ecl_phase,derived_secondary_ecl_phase_error,derived_secondary_ecl_duration,derived_secondary_ecl_duration_error,derived_secondary_ecl_depth,derived_secondary_ecl_depth_error
[from data line 772]
375316653866487564,5646856497787906688,0.46012622,2146.4216408547973,4.153364454821444,3.6931688E-5,18.926544,0.015025896,0.22930184,0.005171938,0.07138969,0.008210857,0.23305741,0.0144236665,0.7168207,0.014348022,0.07778695,0.014786436,0.17133982,0.028125452,null,null,null,null,"TWOGAUSSIANS",8,7.6764154,0.22930184,0.005171938,0.39978227,0.029740492,0.23197359,0.0131712435,0.7168207,0.014348022,0.4,0.0,0.17025599,0.02782964
375316653866487564,5646856738313803904,0.6212946,2127.0358785510634,0.320879143333513,1.175112E-5,16.685732,0.0015500691,0.16463338,0.0026264624,0.030644072,0.0024281864,0.09399579,0.0058985148,0.66256535,0.00217944,0.025296679,0.0017594292,1.6784616,0.17667694,null,null,null,null,"TWOGAUSSIANS",8,11.334193,0.66256535,0.00217944,0.1416614,0.009852804,1.6784616,0.17667694,0.16463338,0.0026264624,0.1716068,0.013597843,0.09399579,0.0058985148
375316653866487564,5646857318124579072,0.506218,2155.247364413153,0.71854328898774,3.7717833E-5,17.328747,0.002057282,0.35239735,0.0027569216,0.010373605,0.0028722205,0.21442065,0.055826947,0.8850233,0.0195917,0.02826086,0.018751446,0.029510334,0.01677481,null,null,null,null,"TWOGAUSSIANS",8,5.730064,0.35239735,0.0027569216,0.058092188,0.016084434,0.21442065,0.055826947,0.8850233,0.0195917,0.15826082,0.105008096,0.029510334,0.01677481
375316653866487564,5646861170720167680,0.6022868,2136.265486670029,3.468959621098549,6.340508E-6,16.768173,0.0034482242,0.29013333,0.0014843617,0.07665865,0.0015042789,0.4798651,0.010292474,0.7804936,9.950707E-4,0.071714066,0.0015563815,0.49268296,0.006673848,null,null,null,null,"TWOGAUSSIANS",8,18.496595,0.7804936,9.950707E-4,0.4,0.0018499518,0.49001956,0.0067680837,0.29013333,0.0014843617,0.4,0.0,0.47720167,0.010299938
375316653866487564,5646861789186433792,0.470999,2099.4567717488544,0.3606365275887636,6.163837E-5,18.536446,0.001854029,0.55550104,0.004667873,0.0066132424,0.0013221034,0.30106544,0.14513078,0.7442416,0.0017251663,0.015985116,0.0032736328,0.024607545,0.0022509196,null,null,null,null,"TWOGAUSSIANS",8,1.9083087,0.55550104,0.004667873,0.037034158,0.0074037793,0.30106544,0.14513078,0.7442416,0.0017251663,0.089516655,0.018332344,0.024607545,0.0022509196
375316653866487564,5646861892274224640,0.5538871,2128.672504259021,2.937747339739174,6.5664703E-6,17.230675,0.009739952,0.26709402,0.0020778656,0.10464056,0.0049154703,0.21096641,0.009302482,0.75778157,0.001823099,0.11518564,0.005447153,0.21901612,0.009008035,null,null,null,null,"TWOGAUSSIANS",8,3.8371356,0.75778157,0.001823099,0.4,0.0,0.1896728,0.004261491,0.267114,0.0020766982,0.4,0.0,0.18165559,0.0038618168
375316653866487564,5646862781323607168,0.5412068,2113.88385785063,1.9054488754769188,4.853652E-6,19.040758,0.002349211,0.35341957,0.0015829034,0.0064615053,8.0992945E-4,1.0782553,0.30374843,0.46136642,0.022395562,0.030016256,0.014804971,0.01287817,0.0052497373,null,null,null,null,"TWOGAUSSIANS",8,1.699424,0.35341957,0.0015829034,0.03618443,0.004535605,1.0782753,0.30374974,0.46136642,0.022395562,0.16809104,0.08290784,0.01287817,0.0052497373
375316653866487564,5646866496479612928,0.63929915,2138.4311192368123,2.8471505427868395,1.7808344E-6,17.850632,0.009192058,0.25127128,9.1043673E-4,0.051914938,0.003052174,0.48375198,0.016175568,0.74924576,0.0013283867,0.04734767,0.0032255817,0.46418417,0.0207413,0.10625282,0.011117493,0.25127128,9.1043673E-4,"TWOGAUSSIANS_WITH_ELLIPSOIDAL_ON_ECLIPSE1",9,4.1144543,0.25127128,9.1043673E-4,0.29072365,0.017092174,0.69625235,0.020880828,0.7493957,0.0012211767,0.26514694,0.018063258,0.67665267,0.02299982
375316653866487564,5646870997605154688,0.5811568,2141.28041048578,0.498177496242094,4.494225E-6,16.74123,0.0012856922,0.26966503,6.2107097E-4,0.01625218,5.644146E-4,0.20786925,0.0021696808,0.77373385,0.019104965,0.015535392,0.013640017,0.50911283,1102.466,null,null,null,null,"TWOGAUSSIANS",8,6.489692,0.77373385,0.019104965,0.086998194,0.0763841,0.50911283,1102.466,0.26966503,6.2107097E-4,0.09101221,0.0031607216,0.20786925,0.0021696808
375316653866487564,5646871233819183744,0.613233,2122.865780870962,2.5479881955767016,3.7540196E-6,17.869583,0.007855511,0.24429213,0.0010857226,0.048292685,0.002907103,0.34589294,0.017615711,0.7426038,0.0021198008,0.05528341,0.0031807811,0.3271833,0.01981106,0.103199966,0.011674335,0.24429213,0.0010857226,"TWOGAUSSIANS_WITH_ELLIPSOIDAL_ON_ECLIPSE1",9,5.693018,0.24429213,0.0010857226,0.27043903,0.016279776,0.552281,0.012465069,0.7428238,0.001808775,0.3095871,0.017812375,0.5335513,0.01334725
375316653866487564,5646872921750398848,0.69304925,2149.628245374956,3.246940086124612,1.4117205E-6,16.665792,0.0048274538,0.24710986,4.066067E-4,0.045784503,0.0010389329,0.43272552,0.010004401,0.7468759,6.3216314E-4,0.044391785,0.0013096884,0.3640715,0.009656613,0.1346007,0.005537914,0.24710986,4.066067E-4,"TWOGAUSSIANS_WITH_ELLIPSOIDAL_ON_ECLIPSE1",9,5.2980504,0.24710986,4.066067E-4,0.25639322,0.0058180243,0.7019266,0.0055711814,0.7468959,5.650199E-4,0.24859399,0.0073342556,0.633272,0.0041666944
375316653866487564,5646874158700868096,0.59372336,2131.408059026925,1.5888121298690385,5.1513903E-6,15.608316,0.003672699,0.2232924,0.0021626577,0.09500476,0.0028704512,0.19358346,0.0041573215,0.72557867,0.0012174404,0.08503821,0.0019700367,0.19889306,0.003954523,null,null,null,null,"TWOGAUSSIANS",8,12.01738,0.72557867,0.0012174404,0.4,0.0,0.19090284,0.0031658642,0.2232924,0.0021626577,0.4,0.0,0.18559287,0.0033192567
375316653866487564,5646877933968536320,0.6072584,2128.657233135561,3.450770919091448,5.0859685E-6,18.058172,0.00925003,0.26832154,0.0018078698,0.043004546,0.0025797735,0.6470301,0.057447605,0.7627576,0.0023443154,0.04087197,0.0030706164,0.4572852,0.016921014,0.1463608,0.012268427,0.26832154,0.0018078698,"TWOGAUSSIANS_WITH_ELLIPSOIDAL_ON_ECLIPSE1",9,10.452031,0.26832154,0.0018078698,0.24082547,0.014446732,0.9397512,0.05813292,0.76318765,0.0021332859,0.22888304,0.017195452,0.7496765,0.014888564
375316653866487564,5646879892473867776,0.5556439,2117.861608113028,2.9601123933131555,7.376593E-6,18.971563,0.011672447,0.2605712,0.002100009,0.04437829,0.0061595603,0.21913345,0.025235035,0.7528708,0.0032570967,0.055061128,0.005095746,0.26988816,0.030656552,0.10037027,0.016250601,0.2605712,0.002100009,"TWOGAUSSIANS_WITH_ELLIPSOIDAL_ON_ECLIPSE1",9,3.652309,0.7540308,0.0026225983,0.3083423,0.028536178,0.47022387,0.023108551,0.2605712,0.002100009,0.24851842,0.034493536,0.41986787,0.01316944
375316653866487564,5646881889643051392,0.5280887,2181.724586452182,0.027892465251546643,6.565642E-5,15.898519,8.206304E-4,0.08902191,0.0019863448,0.0059548416,0.0034963682,1.7986674,2.1910603,0.83452475,0.021428782,0.040045336,0.016544834,0.008010786,0.003651406,0.002941829,0.002693198,0.08902191,0.0019863448,"TWOGAUSSIANS_WITH_ELLIPSOIDAL_ON_ECLIPSE1",9,16.099321,0.08902191,0.0019863448,0.033347115,0.019579662,1.804551,2.191681,0.83452475,0.022314645,0.22425388,0.09265108,0.008015459,0.0036655744
375316653866487564,5646881992722291328,0.6686737,2180.656738413496,0.9763618510902566,2.083865E-6,15.659435,0.0015460594,0.23561421,0.0024153406,0.030313034,0.0028417306,0.073185414,0.0070446753,0.73310393,6.3075643E-4,0.034479707,7.002234E-4,0.5264355,0.0050889505,0.016278328,0.0027065026,0.23561421,0.0024153406,"TWOGAUSSIANS_WITH_ELLIPSOIDAL_ON_ECLIPSE1",9,10.748864,0.73311394,6.249164E-4,0.19308636,0.003921251,0.5589841,0.0045649935,0.23561421,0.0024153406,0.169753,0.015913691,0.10574205,0.007266024
375316653866487564,5646884913299956992,0.53976256,2152.1836543660174,1.2686781764983284,9.707172E-6,15.023223,0.077072516,0.21388915,0.003377393,0.12615833,0.028028637,0.1659539,0.07277355,0.7238503,0.0027298082,0.13683155,0.028457077,0.18922159,0.07506898,null,null,null,null,"TWOGAUSSIANS",8,20.615393,0.72397035,0.0025712152,0.4,0.0,0.13518482,0.0044748974,0.21357915,0.003139106,0.4,0.0,0.11227539,0.0047308845
375316653866487564,5646885188177943424,0.48128265,2163.5221984282707,0.47875064646084764,1.7858118E-5,16.586142,0.0012165437,0.14121264,0.0016934394,0.012112768,0.0013529378,0.086288966,0.0045704497,0.67036605,0.11513825,0.062907666,0.09491495,0.004249943,0.010033179,3.591939E-4,0.0017183302,0.14121264,0.0016934394,"TWOGAUSSIANS_WITH_ELLIPSOIDAL_ON_ECLIPSE1",9,3.9724355,0.14121264,0.0016934394,0.0678315,0.007576451,0.08700712,0.0039693397,0.67036605,0.11511076,0.35228294,0.53147835,0.004944266,0.011355649
375316653866487564,5646885325616914048,0.6470797,2162.2817082129345,2.6379094847056477,2.0546136E-6,16.641138,0.0048679016,0.20185772,9.7418047E-4,0.09436641,0.0016366865,0.36956668,0.005146763,0.7024352,8.7803067E-4,0.08848904,0.0014637918,0.41613394,0.005051348,null,null,null,null,"TWOGAUSSIANS",8,4.8997,0.7024352,8.7803067E-4,0.4,0.0,0.3976921,0.0034085487,0.20185772,9.7418047E-4,0.4,0.0,0.35112435,0.0039138105
375316653866487564,5646891372930741376,0.5188829,2136.157014398468,3.6950595759655878,8.782977E-6,17.282581,0.008485799,0.24049433,0.0029000994,0.09792196,0.0067483624,0.2020738,0.009089137,0.7478119,0.0044082464,0.094065964,0.0069528404,0.1792581,0.009177315,null,null,null,null,"TWOGAUSSIANS",8,9.025607,0.24049433,0.0029000994,0.4,0.0,0.19046777,0.009163324,0.7478119,0.0044082464,0.4,0.0,0.16765273,0.006896715
375316653866487564,5646891647808623616,0.49144757,2130.5915413412204,2.7201647401877267,9.013078E-6,16.67808,0.022813844,0.2482417,0.012356267,0.055999972,0.017299552,0.14521648,0.042746652,0.73705816,0.0020538787,0.054549817,0.009910278,0.18306525,0.04773358,0.1204968,0.026993975,0.73705816,0.0020538787,"TWOGAUSSIANS_WITH_ELLIPSOIDAL_ON_ECLIPSE2",9,47.32957,0.73705816,0.0020538787,0.30547896,0.05549756,0.42405102,0.01041178,0.24498169,0.009024916,0.31359982,0.09687749,0.38535956,0.018331522
375316653866487564,5646892678600753280,0.5114772,2143.6177275638756,3.037050035854183,1.526695E-5,16.935112,0.04246117,0.25922847,0.0037708562,0.12929147,0.022018213,0.18577494,0.039411813,0.7656431,0.0042100414,0.11840511,0.01782561,0.16614708,0.041647527,null,null,null,null,"TWOGAUSSIANS",8,8.100843,0.2591985,0.0037819687,0.4,0.0,0.14229561,0.0065003354,0.7657431,0.004150585,0.4,0.0,0.12283584,0.0049395165
375316653866487564,5646893159637103488,0.6262669,2130.3616084283713,1.248055393760901,4.634342E-6,16.243923,0.0034081747,0.27182776,0.0037186113,0.054305498,0.0066940584,0.036045447,0.00852002,0.765386,7.78849E-4,0.04826932,0.0015761902,0.24751556,0.006870542,0.028468713,0.004397316,0.27182776,0.0037186113,"TWOGAUSSIANS_WITH_ELLIPSOIDAL_ON_ECLIPSE1",9,4.3610773,0.765646,7.0509803E-4,0.2703082,0.008826666,0.30436236,0.0036720748,0.27182776,0.0037186113,0.3041108,0.03748673,0.092981696,0.0027926997
375316653866487564,5646894877623804800,0.5056212,2149.743145078866,3.989622847022733,1.29222635E-5,18.182425,0.0037568081,0.3019293,0.0036583126,0.048087947,0.0028937184,0.22553994,0.021825146,0.8392921,5.631296E-4,0.009068058,0.0035837374,0.08181185,0.007591299,0.06821931,0.0063637067,0.3019293,0.0036583126,"TWOGAUSSIANS_WITH_ELLIPSOIDAL_ON_ECLIPSE1",9,9.856376,0.3019293,0.0036583126,0.2692925,0.016204823,0.36197817,0.018075239,0.8392921,5.631296E-4,0.050781127,0.02006893,0.21086794,0.007771973
375316653866487564,5646895324300446848,0.5076669,2133.522667246261,0.18736265208168035,9.701307E-6,16.494406,0.0022217557,0.38751754,0.025149288,0.08145872,0.024537442,0.012484257,0.0030219387,0.5914592,8.5141195E-4,0.007564509,0.0016077689,0.2363829,0.05403726,null,null,null,null,"TWOGAUSSIANS",8,11.381642,0.5914592,8.5141195E-4,0.04236125,0.009003506,0.23692648,0.054099903,0.38751754,0.025149288,0.4,0.021518761,0.012484257,0.0030219383
375316653866487564,5646897415939704832,0.51064503,2146.6382036684477,2.510420974783433,1.3171918E-5,18.500158,0.002604808,0.31759334,0.006729445,0.007922609,0.0075076898,0.6393057,0.68992233,0.82259214,0.003609044,0.017408745,0.0017533624,0.34977466,0.07086844,null,null,null,null,"TWOGAUSSIANS",8,4.435758,0.31759334,0.006729445,0.04436661,0.04204306,0.6393057,0.68992233,0.82259214,0.003609044,0.09748897,0.00981883,0.34977466,0.07086844
375316653866487564,5646901745266369664,0.59619164,2152.9928915658597,2.0935432630597677,2.9373884E-6,15.244605,0.008741294,0.24081965,0.001555262,0.08738928,0.0029532334,0.43343264,0.0077775843,0.72449404,0.0016855808,0.079863586,0.0025651772,0.50172794,0.009439874,null,null,null,null,"TWOGAUSSIANS",8,65.2699,0.72449404,0.0016855808,0.4,0.0,0.49381965,0.00866508,0.24081965,0.001555262,0.4,0.0,0.42552423,0.006054969
375316653866487564,5646902058811005696,0.5785894,2145.6587842675335,3.841507871167503,8.292223E-6,19.361855,0.010475845,0.2501077,0.0031275742,0.045393653,0.0047585294,0.43336427,0.04105451,0.75106275,0.0019997216,0.04550116,0.0028436354,0.5308616,0.03474293,0.121278696,0.014047384,0.2501077,0.0031275742,"TWOGAUSSIANS_WITH_ELLIPSOIDAL_ON_ECLIPSE1",9,3.1078403,0.75106275,0.001986451,0.25480652,0.015924359,0.7734099,0.033918865,0.2501077,0.0031275742,0.25420445,0.026647765,0.67592126,0.030750634
375316653866487564,5646904773228607104,0.6624485,2166.094735030496,1.71954375018796,2.6110463E-6,13.958661,0.0032993832,0.24795586,0.0014612437,0.050418362,0.004782288,0.067963384,0.008457813,0.74983263,5.689489E-4,0.048310652,6.0690375E-4,0.57669234,0.008168509,0.09064634,0.00431391,0.24795586,0.0014612437,"TWOGAUSSIANS_WITH_ELLIPSOIDAL_ON_ECLIPSE1",9,44.85073,0.74983263,5.689489E-4,0.27053964,0.0033986608,0.7579584,0.004504857,0.24795586,0.0014612437,0.28234282,0.026780814,0.24925466,0.00474227
375316653866487564,5646911198499500800,0.55198824,2147.6692884954145,2.9809258188505807,7.75482E-6,15.942855,0.0018397531,0.25154802,0.005083895,0.0685946,0.0056918743,0.06661012,0.0029972622,0.7593039,0.0021122172,0.08093753,0.0031461779,0.09758783,0.0026312557,null,null,null,null,"TWOGAUSSIANS",8,5.3476615,0.7593039,0.0021122172,0.4,0.0,0.09707625,0.002577498,0.25154802,0.005083895,0.38412973,0.031874496,0.06609855,0.0030090753
375316653866487564,5646911954408946560,0.5513722,2163.9761240218418,3.8628808260984164,8.262608E-6,19.839901,0.0114381,0.31438792,0.0027142188,0.067977004,0.0036808331,0.6531302,0.034246217,0.8098216,0.0015401852,0.058664877,0.002183045,0.69905263,0.022541706,null,null,null,null,"TWOGAUSSIANS",8,1.7229234,0.8098216,0.0015401852,0.3285233,0.012225051,0.6985724,0.022536453,0.31438792,0.0027142188,0.3806712,0.020612665,0.6526499,0.03433031
375316653866487564,5646912431145853056,0.58201355,2122.8012422784905,4.251222251389488,8.8399875E-6,18.273834,0.002706068,0.5311572,0.0013938822,0.055308614,0.0014606002,0.50036246,0.01679943,0.8414255,0.023322165,0.038658485,0.018205503,0.0340055,0.022970734,null,null,null,null,"TWOGAUSSIANS",8,3.3357003,0.5311572,0.0013938822,0.30972824,0.008179361,0.50036246,0.01679943,0.8414255,0.023322165,0.21648753,0.10195081,0.034005575,0.022970663
375316653866487564,5646914733248472448,0.514719,2124.443506530666,1.9304079598945199,9.990075E-6,19.730473,0.0051929955,0.2463111,0.005102701,0.051952314,0.0058036824,0.20940346,0.023038886,0.7452077,0.002577463,0.0471749,0.0023442863,0.4293438,0.021341503,null,null,null,null,"TWOGAUSSIANS",8,1.7402952,0.7452077,0.002577463,0.26417944,0.013128003,0.42934215,0.02134166,0.2463111,0.005102701,0.29093295,0.03250062,0.2094018,0.023040492
