Gaia/vari_eclipsing_binary/VariEclipsingBinary_460453-460463.csv
# %ECSV 1.0
# ---
# delimiter: ','
# meta: !!omap
# - RELEASE: Gaia DR3
# - TABLE: vari_eclipsing_binary
# - DESCRIPTION: >
#     This table describes the properties of the eclipsing binaries resulting from the variability analysis. 
# - CITATION: >
#     How to cite and acknowledge Gaia: 
#     https://gea.esac.esa.int/archive/documentation/credits.html 
# - KNOWN_ISSUES: >
#     Known issues: 
#     https://www.cosmos.esa.int/web/gaia-users/known-issues 
# - DOCUMENTATION: >
#     Tutorials and documentation: 
#     https://www.cosmos.esa.int/web/gaia-users/archive 
# datatype:
# - 
#   name: solution_id
#   datatype: int64
#   description: Solution Identifier
#   meta:
#     ucd: meta.version
# - 
#   name: source_id
#   datatype: int64
#   description: Unique source identifier
#   meta:
#     ucd: meta.id;meta.main
# - 
#   name: global_ranking
#   datatype: float32
#   description: Number between 0 (worst) and 1 (best)
#   meta:
#     ucd: stat.param
# - 
#   name: reference_time
#   datatype: float64
#   unit: d
#   description: Reference time used for the geometric model fit
#   meta:
#     ucd: time.epoch
# - 
#   name: frequency
#   datatype: float64
#   unit: d**-1
#   description: Frequency of geometric model of the eclipsing binary light curve
#   meta:
#     ucd: src.orbital
# - 
#   name: frequency_error
#   datatype: float32
#   unit: d**-1
#   description: "Uncertainty of \\texttt{frequency}"
#   meta:
#     ucd: stat.error
# - 
#   name: geom_model_reference_level
#   datatype: float32
#   unit: mag
#   description: Magnitude reference level of geometric model
#   meta:
#     ucd: phot.mag;em.opt
# - 
#   name: geom_model_reference_level_error
#   datatype: float32
#   unit: mag
#   description: "Uncertainty of \\texttt{geomModelReferenceLevel}"
#   meta:
#     ucd: stat.error;phot.mag;em.opt
# - 
#   name: geom_model_gaussian1_phase
#   datatype: float32
#   description: Phase of the Gaussian 1 component
#   meta:
#     ucd: time.phase
# - 
#   name: geom_model_gaussian1_phase_error
#   datatype: float32
#   description: "Uncertainty of \\texttt{geomModelGaussian1Phase}"
#   meta:
#     ucd: stat.error;time.phase
# - 
#   name: geom_model_gaussian1_sigma
#   datatype: float32
#   description: "Standard deviation [phase] of Gaussian 1 component"
#   meta:
#     ucd: stat.stdev
# - 
#   name: geom_model_gaussian1_sigma_error
#   datatype: float32
#   description: "Uncertainty of \\texttt{geomModelGaussian1Sigma}"
#   meta:
#     ucd: stat.error
# - 
#   name: geom_model_gaussian1_depth
#   datatype: float32
#   unit: mag
#   description: Magnitude depth of Gaussian 1 component
#   meta:
#     ucd: src.var.amplitude
# - 
#   name: geom_model_gaussian1_depth_error
#   datatype: float32
#   unit: mag
#   description: "Uncertainty of \\texttt{geomModelGaussian1Depth}"
#   meta:
#     ucd: stat.error;src.var.amplitude
# - 
#   name: geom_model_gaussian2_phase
#   datatype: float32
#   description: Phase of Gaussian 2 component
#   meta:
#     ucd: time.phase
# - 
#   name: geom_model_gaussian2_phase_error
#   datatype: float32
#   description: "Uncertainty of \\texttt{geomModelGaussian2Phase}"
#   meta:
#     ucd: stat.error;time.phase
# - 
#   name: geom_model_gaussian2_sigma
#   datatype: float32
[...]
#   datatype: float32
#   description: "Secondary eclipse: uncertainty of \\texttt{derivedSecondaryEclDuration}"
#   meta:
#     ucd: stat.error;time.duration
# - 
#   name: derived_secondary_ecl_depth
#   datatype: float32
#   unit: mag
#   description: "Secondary eclipse: depth"
#   meta:
#     ucd: src.var.amplitude
# - 
#   name: derived_secondary_ecl_depth_error
#   datatype: float32
#   unit: mag
#   description: "Secondary eclipse: uncertainty of \\texttt{derivedSecondaryEclDepth}"
#   meta:
#     ucd: stat.error;src.var.amplitude
solution_id,source_id,global_ranking,reference_time,frequency,frequency_error,geom_model_reference_level,geom_model_reference_level_error,geom_model_gaussian1_phase,geom_model_gaussian1_phase_error,geom_model_gaussian1_sigma,geom_model_gaussian1_sigma_error,geom_model_gaussian1_depth,geom_model_gaussian1_depth_error,geom_model_gaussian2_phase,geom_model_gaussian2_phase_error,geom_model_gaussian2_sigma,geom_model_gaussian2_sigma_error,geom_model_gaussian2_depth,geom_model_gaussian2_depth_error,geom_model_cosine_half_period_amplitude,geom_model_cosine_half_period_amplitude_error,geom_model_cosine_half_period_phase,geom_model_cosine_half_period_phase_error,model_type,num_model_parameters,reduced_chi2,derived_primary_ecl_phase,derived_primary_ecl_phase_error,derived_primary_ecl_duration,derived_primary_ecl_duration_error,derived_primary_ecl_depth,derived_primary_ecl_depth_error,derived_secondary_ecl_phase,derived_secondary_ecl_phase_error,derived_secondary_ecl_duration,derived_secondary_ecl_duration_error,derived_secondary_ecl_depth,derived_secondary_ecl_depth_error
[from data line 529]
375316653866487564,4050225838915991168,0.43262556,2192.628743698681,1.2400145340409763,4.4474466E-5,18.72588,0.09846289,0.2538512,0.013051605,0.10139056,0.020906722,0.6088921,0.09232958,0.84906334,0.00876526,0.09701704,0.020788228,0.5520702,0.0994996,null,null,null,null,"TWOGAUSSIANS",8,6.2959023,0.2537812,0.013023508,0.4,0.0,0.59608877,0.07535577,0.84920335,0.00870962,0.4,0.0,0.53938633,0.08752132
375316653866487564,4050225838916075008,0.49435884,2323.178536797991,0.38513680053382876,4.181938E-5,18.896036,0.1605191,0.16888893,0.011990661,0.059398446,0.013895816,0.36315033,0.13373263,0.7446255,0.0105702635,0.17353332,0.045487214,0.55843365,0.1565394,null,null,null,null,"TWOGAUSSIANS",8,7.243697,0.7446255,0.0105702635,0.4,0.0,0.51521486,0.096710466,0.16525893,0.011746901,0.3326313,0.077816576,0.35096404,0.13596536
375316653866487564,4050225838916112128,0.4647468,2253.796855776668,0.3723679542955943,1.2395627E-4,18.855165,0.028100437,0.34962854,0.007182875,0.06499468,0.010474684,0.1671329,0.03011565,0.6977547,0.09183098,0.10019168,0.08597429,0.09974004,0.03400088,null,null,null,null,"TWOGAUSSIANS",8,4.0932693,0.34983855,0.0069334437,0.3639702,0.058658227,0.16727367,0.030478615,0.6977547,0.09183098,0.4,0.18284166,0.099641666,0.032859337
375316653866487564,4050225869154554624,0.56966776,2234.7680151095487,0.3873801113427346,1.4501356E-5,17.970968,0.0067510726,0.17272405,0.005288031,0.03502599,0.004534426,0.16811812,0.012072635,0.6645836,0.0029100026,0.04190023,0.0027048201,0.73415667,0.068929784,null,null,null,null,"TWOGAUSSIANS",8,8.033541,0.6645836,0.0029100026,0.23464128,0.015146993,0.73415667,0.068929784,0.17272405,0.005288031,0.19614555,0.025392788,0.16811812,0.012072635
375316653866487564,4050225873275821952,0.49121162,2248.276279566992,0.25992002844817486,3.879383E-5,14.298912,0.0019377354,0.20069538,0.033778563,0.035976514,0.04107797,0.01447062,2.46759731E10,0.7379532,0.0022926829,0.022498937,0.005102162,0.07000774,0.041306768,0.005695197,0.0028060991,0.20069538,0.033778563,"TWOGAUSSIANS_WITH_ELLIPSOIDAL_ON_ECLIPSE1",9,28.642035,0.7379532,0.0022926829,0.12599404,0.028572105,0.080785215,0.044564307,0.20069538,0.033778563,0.20146847,0.23003663,0.025860986,2.46759731E10
375316653866487564,4050225873275852032,0.43367442,2214.1697714483016,0.4563403464816953,2.7435492E-5,18.159815,0.0600514,0.07380138,0.02678367,0.17382805,0.11604678,0.07715979,0.056515887,0.41525778,0.012190695,0.066717386,0.015805325,0.13726398,0.032497972,null,null,null,null,"TWOGAUSSIANS",8,3.0679867,0.41525778,0.012190695,0.37361738,0.07226734,0.14433274,0.041621707,0.07381138,0.026754161,0.4,0.0,0.072962455,0.026258156
375316653866487564,4050225873278210048,0.47747487,2228.3228569907715,0.22868472174936336,1.1196979E-4,18.740608,0.030862775,0.48459774,0.076451145,0.1233781,0.047759373,0.2635779,0.07877665,0.81388724,0.023766791,0.099863835,0.03255298,0.17500502,0.021815283,null,null,null,null,"TWOGAUSSIANS",8,3.1785142,0.48611775,0.07580003,0.4,0.0,0.25957626,0.08090904,0.81388724,0.023766791,0.4,0.0,0.17770572,0.015484015
375316653866487564,4050225941995387264,0.4260232,2236.7342879515345,0.98535827831939,5.085175E-5,18.586859,0.023103168,0.25739256,0.012853673,0.062390197,0.018713515,0.17810346,0.067286685,0.5430445,0.025241002,0.08793218,0.04027352,0.11239702,0.026384115,null,null,null,null,"TWOGAUSSIANS",8,1.9953164,0.25786257,0.011800368,0.34938508,0.10479568,0.17867948,0.06774431,0.5430445,0.025241002,0.4,0.046014596,0.112398684,0.026381897
375316653866487564,4050226040958782976,0.48012644,2183.16303757352,0.6436511074365469,1.2645535E-5,18.203712,0.09961482,0.2051671,0.015569853,0.27116328,0.10011954,0.17803143,0.09453988,0.8823836,0.014013583,0.042454474,0.007162594,0.55894834,0.14847997,null,null,null,null,"TWOGAUSSIANS",8,4.9893084,0.8833936,0.013645236,0.23774506,0.040110525,0.5895153,0.15537362,0.2051671,0.015569853,0.4,0.0,0.113302976,0.018697493
375316653866487564,4050226182515920896,0.51907295,2238.579183104826,0.42735817520456176,2.4171004E-5,18.847145,0.32518062,0.2470372,0.014757255,0.13035299,0.081777446,0.24952406,0.31106576,0.7275065,0.010328737,0.13629758,0.047640774,0.30488175,0.27598673,null,null,null,null,"TWOGAUSSIANS",8,2.0239875,0.7275065,0.010328737,0.4,0.0,0.22250669,0.023413178,0.2477272,0.01428024,0.4,0.0,0.16760777,0.025576277
375316653866487564,4050226247117885568,0.46150237,2277.9451835185355,0.22550317838007,2.565528E-5,18.912817,0.053518567,0.15233408,0.06593491,0.054072946,0.04204927,0.2632963,0.3333467,0.64074475,0.01970369,0.1427609,0.035596337,0.29326674,0.054743163,null,null,null,null,"TWOGAUSSIANS",8,4.818942,0.64074475,0.01970369,0.4,0.0,0.2759726,0.022951439,0.15242407,0.06606527,0.3028085,0.2354759,0.24732244,0.337411
375316653866487564,4050226315831912192,0.49413753,2261.022394674977,0.3407028595829852,2.2271355E-5,18.735226,0.014925093,0.32725507,0.0019426343,0.034694735,0.005108515,0.17761157,0.013163912,0.64355636,0.04911041,0.023735188,0.027444178,0.09991404,0.08563695,null,null,null,null,"TWOGAUSSIANS",8,3.5202382,0.32725507,0.0019426343,0.1942905,0.028607683,0.17761157,0.013164149,0.64355636,0.04911041,0.13291706,0.1536874,0.09991404,0.08563695
375316653866487564,4050226315832422272,0.45222992,2189.2026387613887,0.5292309484720481,4.879862E-5,18.213911,0.010232565,0.24523024,0.011409646,0.09521081,0.015654385,0.15948777,0.017898014,0.79941577,0.004886539,0.026529564,0.005631032,0.058449205,0.011947529,null,null,null,null,"TWOGAUSSIANS",8,4.001302,0.24523024,0.011409646,0.4,0.0,0.15948091,0.017907478,0.79941577,0.004886539,0.14856555,0.03153378,0.058445126,0.011942145
375316653866487564,4050226315836977664,0.4682856,2277.711464769808,0.2186576489666197,3.5836714E-5,19.142282,0.027086811,0.34577245,0.008452447,0.057932798,0.0177785,0.21150292,0.02047918,0.82139605,0.010386289,0.08791814,0.016180517,0.190419,0.02378605,null,null,null,null,"TWOGAUSSIANS",8,2.3334775,0.34577245,0.008452447,0.32442367,0.097338215,0.21089827,0.018270247,0.82139605,0.010386289,0.4,0.0,0.18981425,0.020687198
375316653866487564,4050226418911547776,0.50520915,2217.7626909118612,4.201783859405464,2.380831E-5,18.8538,0.015681207,0.21517947,0.0057536215,0.102157064,0.01374678,0.11575404,0.014737758,0.61730635,0.028276451,0.1052846,0.03809345,0.048902016,0.03717609,null,null,null,null,"TWOGAUSSIANS",8,1.2002615,0.21528947,0.0054238783,0.4,0.0,0.11347022,0.01095429,0.61730635,0.028276451,0.4,0.0,0.046634886,0.03716243
375316653866487564,4050226423032301824,0.55942947,2241.0245916252447,0.9551358224772089,8.394246E-6,17.987436,0.01111478,0.23257965,0.0010446942,0.05051934,0.0015887257,0.48761034,0.016192446,0.7375077,0.015195854,0.0517701,0.017189933,0.14671776,0.02109361,null,null,null,null,"TWOGAUSSIANS",8,11.104137,0.23257965,0.0010446942,0.2829083,0.008896864,0.48760766,0.016189298,0.7375077,0.015195854,0.28991255,0.09626362,0.14671506,0.02109501
375316653866487564,4050226457453421952,0.46462205,2211.900180959383,1.1149528992050866,9.260299E-5,18.688753,0.30034405,0.2879482,0.041615847,0.067464046,0.04679863,0.14575233,0.060475986,0.6642525,0.032512505,0.23223725,0.13367762,0.23653752,0.28751448,null,null,null,null,"TWOGAUSSIANS",8,3.5424888,0.6642525,0.032512505,0.4,0.0,0.18088488,0.026366688,0.3007682,0.048928,0.37779868,0.23649316,0.16247295,0.068735085
375316653866487564,4050226521990195072,0.44963977,2234.626028720079,0.6799657500948648,6.9030495E-5,18.610485,0.58231765,0.28157404,0.02954037,0.28917903,0.14587164,0.6780374,0.562595,0.7370694,0.04400631,0.05136031,0.029677406,0.4625541,0.17268975,null,null,null,null,"TWOGAUSSIANS",8,8.852812,0.7370694,0.04400631,0.28761774,0.12354905,0.4263544,0.17702682,0.28157404,0.02954037,0.4,0.0,0.3339778,0.085690804
375316653866487564,4050226526055062272,0.49474007,2312.484502481693,0.039770310715719015,7.959673E-5,18.892498,0.03137841,0.29661986,0.009116475,0.06121678,0.022181407,0.2894149,0.05446053,0.682072,0.013887091,0.15644671,0.02388503,0.4176984,0.041067183,null,null,null,null,"TWOGAUSSIANS",8,6.535825,0.682072,0.013887091,0.4,0.0,0.4045153,0.039562214,0.30090988,0.0076197893,0.34281397,0.1097739,0.29716247,0.06237429
375316653866487564,4050226526111100160,0.4482016,2192.67693621896,1.1782731240292545,5.0328796E-5,18.527163,0.022979492,0.3088296,0.012512577,0.09407197,0.04910731,0.11885034,0.01921742,0.7309802,0.017742893,0.09283314,0.015415897,0.08054697,0.023409639,null,null,null,null,"TWOGAUSSIANS",8,2.5184674,0.3088396,0.012473834,0.4,0.0,0.117209904,0.028725503,0.7309802,0.017742893,0.4,0.0,0.07890896,0.014042842
375316653866487564,4050226560470860800,0.48572972,2265.5954383777957,1.0450762696327789,5.3618776E-5,19.02561,0.013076483,0.30407304,0.005707574,0.07194433,0.014615934,0.25150743,0.078455165,0.8367004,0.0034365829,0.046113268,0.005167994,0.2451114,0.01896195,null,null,null,null,"TWOGAUSSIANS",8,1.9227269,0.30407304,0.005707574,0.4,0.022628453,0.25148895,0.07852589,0.8367004,0.0034365829,0.2582343,0.028940767,0.24509293,0.018970447
375316653866487564,4050226590709072384,0.46031198,2192.946322156281,0.5165418904961204,3.519944E-5,18.280249,0.23153391,0.5000106,0.058819134,0.21614213,0.090741426,0.41565582,0.2062481,0.90782416,0.012542841,0.046878595,0.033155724,0.1968627,0.08146781,null,null,null,null,"TWOGAUSSIANS",8,10.86973,0.5000106,0.058819134,0.4,0.0,0.35047078,0.04889035,0.90782416,0.012542841,0.26252013,0.18567206,0.21149953,0.070158474
375316653866487564,4050226590709078528,0.5154837,2260.861565036022,1.637561793922108,2.0659163E-5,18.123425,0.014119672,0.18083344,0.017760986,0.046486463,0.018520085,0.34204784,0.16978249,0.6399941,0.008304084,0.04788679,0.053801082,0.08112458,null,0.14310873,0.021501238,0.6399941,0.008304084,"TWOGAUSSIANS_WITH_ELLIPSOIDAL_ON_ECLIPSE2",9,10.064444,0.17585345,0.020455053,0.26032418,0.10371248,0.6120223,0.1451445,0.6399941,0.008304084,0.268166,0.30128607,0.36734182,null
375316653866487564,4050226625068833408,0.55246806,2281.7815006267997,2.8520982208881227,7.941228E-6,17.477928,0.027669523,0.26029873,0.0030834912,0.047984593,0.011942278,0.5318372,0.17799035,0.76480997,0.0075593744,0.043794855,0.010105499,0.32541585,0.09387958,0.14255314,0.034219217,0.26029873,0.0030834912,"TWOGAUSSIANS_WITH_ELLIPSOIDAL_ON_ECLIPSE1",9,28.89111,0.26029873,0.0030834912,0.2687137,0.066876754,0.81694233,0.20070434,0.76480997,0.007339168,0.2452512,0.056590796,0.6102919,0.08181332
375316653866487564,4050226663550145536,0.42375234,2238.5333421792975,0.5257479519968611,2.8611952E-5,18.60579,0.006470515,null,null,null,null,null,null,null,null,null,null,null,null,0.07156189,0.008964581,0.2282011,0.010086245,"ELLIPSOIDAL",4,4.074033,null,null,null,null,null,null,null,null,null,null,null,null
375316653866487564,4050226697909941248,0.47417027,2343.347609587951,0.40573670299562103,3.4142955E-5,19.036493,0.006848801,null,null,null,null,null,null,null,null,null,null,null,null,0.11188709,0.0118183,0.2671368,0.00388355,"ELLIPSOIDAL",4,2.7506766,null,null,null,null,null,null,null,null,null,null,null,null
375316653866487564,4050226697910016384,0.46404806,2201.234456292199,0.34606399810040517,2.5407915E-5,18.410318,0.050834924,0.28187674,0.009377095,0.07530978,0.029895611,0.17676644,0.047875077,0.7644336,0.014495803,0.10621006,0.031135598,0.22147529,0.038612828,null,null,null,null,"TWOGAUSSIANS",8,7.4217477,0.7644336,0.014495803,0.4,0.0,0.21463992,0.024627348,0.28188673,0.0094439555,0.4,0.09771353,0.16993992,0.041140385
375316653866487564,4050226732271737600,0.46686184,2194.6397669986386,0.4099869128876665,6.675586E-5,18.738104,0.011990865,0.22631331,0.019643191,0.12930119,0.0350748,0.10905396,0.018334545,0.6985355,0.018911222,0.048309684,0.01886967,0.14534919,0.037304662,null,null,null,null,"TWOGAUSSIANS",8,3.2008214,0.6985355,0.018911222,0.27053422,0.10567015,0.14300042,0.037085094,0.22631331,0.019643191,0.4,0.0,0.10654045,0.017920982
375316653866487564,4050226865582886400,0.49163824,2228.137934227743,4.7561505605995125,7.51928E-5,17.83326,0.005445817,0.36597627,0.030726165,0.022416273,0.024744984,0.58954674,224.32251,0.60827947,1.254443E-4,0.008655787,0.0038390113,0.118983775,0.13852823,0.012287071,0.011287561,0.36597627,0.030726165,"TWOGAUSSIANS_WITH_ELLIPSOIDAL_ON_ECLIPSE1",9,6.25987,0.36597627,0.030726165,0.12553114,0.13857192,0.6141209,224.32713,0.60827947,1.0921956E-4,0.048472412,0.021498464,0.11904118,0.13846944
375316653866487564,4050226869708774784,0.49247333,2221.0834976165856,0.4682423753286006,4.7706402E-5,18.649057,0.03990967,0.28327474,0.03589507,0.12915371,0.04993938,0.21728185,0.034206454,0.71697986,0.009366775,0.053758167,0.011646503,0.19110002,0.03690941,null,null,null,null,"TWOGAUSSIANS",8,4.964035,0.28327474,0.03589507,0.4,0.0,0.21412036,0.021470506,0.71697986,0.009366775,0.30104572,0.065220416,0.18872637,0.028659808
375316653866487564,4050226904068486144,0.55587494,2230.6948536049035,1.4511059397154942,1.0651903E-5,16.819784,0.013748958,0.27267218,0.004049291,0.08594566,0.006501184,0.28821304,0.019280927,0.7725654,0.0043016667,0.09156144,0.007076589,0.3254053,0.0148779955,null,null,null,null,"TWOGAUSSIANS",8,20.994171,0.7725654,0.0043016667,0.4,0.0,0.31381536,0.013891585,0.27267218,0.004049291,0.4,0.0,0.2766233,0.018593779
375316653866487564,4050226904068567040,0.45067284,2230.778106498206,0.4992439878748688,1.8505913E-5,18.069529,0.03935208,0.14933784,0.012620026,0.07834207,0.024779929,0.1827833,0.036621865,0.6847302,0.0034493136,0.089608125,0.02049677,0.19184011,0.032607652,null,null,null,null,"TWOGAUSSIANS",8,7.5820355,0.6847302,0.0034493136,0.4,0.0,0.1895148,0.025973085,0.14933784,0.012623612,0.4,0.024960903,0.18045828,0.031944282
375316653866487564,4050226968662081280,0.45779705,2241.7536573169486,0.8139392577459962,8.478576E-5,18.63049,0.054173473,0.37803802,0.018440608,0.16718726,0.0404797,0.21813627,0.05399329,0.85357183,0.0072495113,0.035528384,0.015432055,0.110512845,0.052024238,null,null,null,null,"TWOGAUSSIANS",8,5.3218455,0.37803802,0.018440608,0.4,0.0,0.20684414,0.03402683,0.85357183,0.0072495113,0.19895896,0.08641951,0.10463153,0.046134077
375316653866487564,4050227041507761280,0.4722465,2301.034585756705,1.9370703246486278,2.2036946E-5,18.482634,0.36706167,0.19821283,0.015581629,0.10723357,0.064344,0.3298957,0.31856164,0.69842684,0.010541668,0.12391131,0.065524586,0.3296581,0.35718346,null,null,null,null,"TWOGAUSSIANS",8,17.791214,0.19821283,0.015706101,0.4,0.0,0.2668672,0.05501252,0.69842684,0.010508263,0.4,0.0,0.26645008,0.02519979
375316653866487564,4050227144586903936,0.48288843,2333.3560589424105,0.08543650416885937,4.103827E-5,19.243391,0.014803999,null,null,null,null,null,null,null,null,null,null,null,null,0.18028376,0.01977958,0.1881506,0.008754563,"ELLIPSOIDAL",4,5.1614456,null,null,null,null,null,null,null,null,null,null,null,null
375316653866487564,4050227178890332416,0.469702,2395.0085039952833,3.406100387899075,6.803931E-5,18.521753,0.029241854,0.33418915,0.02815798,0.043418877,0.02327579,0.2783101,0.12964143,0.08831118,0.0123137,0.062465258,0.030586416,0.08990242,0.022428052,null,null,null,null,"TWOGAUSSIANS",8,2.6612854,0.33416915,0.028177263,0.24314572,0.13034442,0.27834895,0.13031915,0.08831118,0.012296946,0.34980544,0.08440717,0.08990245,0.022430196
375316653866487564,4050227209196866048,0.5360842,2189.7353888016364,1.0332212486163106,2.468257E-5,18.834574,0.012914862,0.34416604,0.012955223,0.030166473,0.0062639024,0.92084014,0.07625637,0.7180318,0.0050057652,0.040843982,0.019656029,0.066636376,0.017264307,null,null,null,null,"TWOGAUSSIANS",8,5.5811424,0.34416604,0.012955223,0.16893226,0.03507785,0.92084014,0.07625637,0.7180318,0.0050057652,0.2287263,0.11007376,0.066636376,0.017264307
