Gaia/vari_eclipsing_binary/VariEclipsingBinary_253550-253946.csv
# %ECSV 1.0
# ---
# delimiter: ','
# meta: !!omap
# - RELEASE: Gaia DR3
# - TABLE: vari_eclipsing_binary
# - DESCRIPTION: >
#     This table describes the properties of the eclipsing binaries resulting from the variability analysis. 
# - CITATION: >
#     How to cite and acknowledge Gaia: 
#     https://gea.esac.esa.int/archive/documentation/credits.html 
# - KNOWN_ISSUES: >
#     Known issues: 
#     https://www.cosmos.esa.int/web/gaia-users/known-issues 
# - DOCUMENTATION: >
#     Tutorials and documentation: 
#     https://www.cosmos.esa.int/web/gaia-users/archive 
# datatype:
# - 
#   name: solution_id
#   datatype: int64
#   description: Solution Identifier
#   meta:
#     ucd: meta.version
# - 
#   name: source_id
#   datatype: int64
#   description: Unique source identifier
#   meta:
#     ucd: meta.id;meta.main
# - 
#   name: global_ranking
#   datatype: float32
#   description: Number between 0 (worst) and 1 (best)
#   meta:
#     ucd: stat.param
# - 
#   name: reference_time
#   datatype: float64
#   unit: d
#   description: Reference time used for the geometric model fit
#   meta:
#     ucd: time.epoch
# - 
#   name: frequency
#   datatype: float64
#   unit: d**-1
#   description: Frequency of geometric model of the eclipsing binary light curve
#   meta:
#     ucd: src.orbital
# - 
#   name: frequency_error
#   datatype: float32
#   unit: d**-1
#   description: "Uncertainty of \\texttt{frequency}"
#   meta:
#     ucd: stat.error
# - 
#   name: geom_model_reference_level
#   datatype: float32
#   unit: mag
#   description: Magnitude reference level of geometric model
#   meta:
#     ucd: phot.mag;em.opt
# - 
#   name: geom_model_reference_level_error
#   datatype: float32
#   unit: mag
#   description: "Uncertainty of \\texttt{geomModelReferenceLevel}"
#   meta:
#     ucd: stat.error;phot.mag;em.opt
# - 
#   name: geom_model_gaussian1_phase
#   datatype: float32
#   description: Phase of the Gaussian 1 component
#   meta:
#     ucd: time.phase
# - 
#   name: geom_model_gaussian1_phase_error
#   datatype: float32
#   description: "Uncertainty of \\texttt{geomModelGaussian1Phase}"
#   meta:
#     ucd: stat.error;time.phase
# - 
#   name: geom_model_gaussian1_sigma
#   datatype: float32
#   description: "Standard deviation [phase] of Gaussian 1 component"
#   meta:
#     ucd: stat.stdev
# - 
#   name: geom_model_gaussian1_sigma_error
#   datatype: float32
#   description: "Uncertainty of \\texttt{geomModelGaussian1Sigma}"
#   meta:
#     ucd: stat.error
# - 
#   name: geom_model_gaussian1_depth
#   datatype: float32
#   unit: mag
#   description: Magnitude depth of Gaussian 1 component
#   meta:
#     ucd: src.var.amplitude
# - 
#   name: geom_model_gaussian1_depth_error
#   datatype: float32
#   unit: mag
#   description: "Uncertainty of \\texttt{geomModelGaussian1Depth}"
#   meta:
#     ucd: stat.error;src.var.amplitude
# - 
#   name: geom_model_gaussian2_phase
#   datatype: float32
#   description: Phase of Gaussian 2 component
#   meta:
#     ucd: time.phase
# - 
#   name: geom_model_gaussian2_phase_error
#   datatype: float32
#   description: "Uncertainty of \\texttt{geomModelGaussian2Phase}"
#   meta:
#     ucd: stat.error;time.phase
# - 
#   name: geom_model_gaussian2_sigma
#   datatype: float32
[...]
#   datatype: float32
#   description: "Secondary eclipse: uncertainty of \\texttt{derivedSecondaryEclDuration}"
#   meta:
#     ucd: stat.error;time.duration
# - 
#   name: derived_secondary_ecl_depth
#   datatype: float32
#   unit: mag
#   description: "Secondary eclipse: depth"
#   meta:
#     ucd: src.var.amplitude
# - 
#   name: derived_secondary_ecl_depth_error
#   datatype: float32
#   unit: mag
#   description: "Secondary eclipse: uncertainty of \\texttt{derivedSecondaryEclDepth}"
#   meta:
#     ucd: stat.error;src.var.amplitude
solution_id,source_id,global_ranking,reference_time,frequency,frequency_error,geom_model_reference_level,geom_model_reference_level_error,geom_model_gaussian1_phase,geom_model_gaussian1_phase_error,geom_model_gaussian1_sigma,geom_model_gaussian1_sigma_error,geom_model_gaussian1_depth,geom_model_gaussian1_depth_error,geom_model_gaussian2_phase,geom_model_gaussian2_phase_error,geom_model_gaussian2_sigma,geom_model_gaussian2_sigma_error,geom_model_gaussian2_depth,geom_model_gaussian2_depth_error,geom_model_cosine_half_period_amplitude,geom_model_cosine_half_period_amplitude_error,geom_model_cosine_half_period_phase,geom_model_cosine_half_period_phase_error,model_type,num_model_parameters,reduced_chi2,derived_primary_ecl_phase,derived_primary_ecl_phase_error,derived_primary_ecl_duration,derived_primary_ecl_duration_error,derived_primary_ecl_depth,derived_primary_ecl_depth_error,derived_secondary_ecl_phase,derived_secondary_ecl_phase_error,derived_secondary_ecl_duration,derived_secondary_ecl_duration_error,derived_secondary_ecl_depth,derived_secondary_ecl_depth_error
[from data line 761]
375316653866487564,2233326476448183040,0.56360644,2154.8624062595904,0.935720617945403,1.21185585E-5,13.500383,0.021304745,0.24674016,0.0030296044,0.12656245,0.024331948,0.069746636,0.02054961,0.74680865,0.0033790856,0.1083734,0.018244602,0.10025888,0.016003637,null,null,null,null,"TWOGAUSSIANS",8,15.083385,0.74680865,0.003384827,0.4,0.0,0.08340773,0.0062171724,0.24674016,0.0030267148,0.4,0.0,0.05284333,0.0016045384
375316653866487564,2233331321171707392,0.6200717,2177.550552884787,3.4454480530935405,9.560572E-6,16.583708,0.026259562,0.23154922,0.004164085,0.055501327,0.014077975,0.4165116,0.04412244,0.7267679,0.0035957461,0.05037729,0.006999326,0.33609223,0.054330666,0.111260235,0.03008734,0.23154922,0.004164085,"TWOGAUSSIANS_WITH_ELLIPSOIDAL_ON_ECLIPSE1",9,34.006493,0.23154922,0.004164085,0.31080744,0.07883666,0.6390132,0.0221288,0.72732794,0.0028453409,0.28211284,0.039196223,0.55841655,0.016138436
375316653866487564,2233333107878088192,0.5236909,2181.9034268048886,3.54916566254406,1.025751E-5,18.5685,0.015789373,0.24738269,0.004603276,0.088408664,0.007874228,0.31134617,0.020743899,0.76039803,0.006072299,0.08306309,0.0085204905,0.2935418,0.028775766,null,null,null,null,"TWOGAUSSIANS",8,6.358833,0.24738269,0.004603276,0.4,0.0,0.30445972,0.02021415,0.76039803,0.006072299,0.4,0.0,0.28665546,0.029325893
375316653866487564,2233344304856119040,0.45683455,2205.342905540621,1.4325348220496346,2.7621507E-5,18.597067,0.012585868,0.2639054,0.007924538,0.041110102,0.0069394163,0.3808967,0.06825379,0.7716342,0.017223112,0.058828145,0.016079437,0.13855103,0.03601967,null,null,null,null,"TWOGAUSSIANS",8,13.992693,0.2639054,0.007924538,0.23021658,0.03886073,0.38089567,0.068256624,0.7716342,0.017223112,0.3294376,0.09004484,0.13855001,0.036021285
375316653866487564,2233347882565543680,0.5494508,2195.980517649436,2.5922890301957624,1.4871947E-5,16.713795,0.021442592,0.26696262,0.004589534,0.11695815,0.012931203,0.1596409,0.021087058,0.7974439,0.006291009,0.12266881,0.023265345,0.08623309,0.020023804,null,null,null,null,"TWOGAUSSIANS",8,4.208479,0.26683262,0.0044192253,0.4,0.0,0.13989761,0.0047727316,0.79771394,0.0062081437,0.4,0.0,0.0664816,0.0043887063
375316653866487564,2233349046500722432,0.5830856,2192.250229203523,4.467961905217999,4.4370004E-6,19.17857,0.010563371,0.21922766,0.001913473,0.04454945,0.0029567135,0.53043777,0.035478048,0.7302412,0.0016783315,0.047207482,0.0023651836,0.442124,0.029737027,0.11700152,0.020246943,0.21922766,0.001913473,"TWOGAUSSIANS_WITH_ELLIPSOIDAL_ON_ECLIPSE1",9,1.9793724,0.21922766,0.001913473,0.24947692,0.016557597,0.7644401,0.03370855,0.7302412,0.0016783315,0.2643619,0.0132450275,0.6750076,0.016506808
375316653866487564,2233349669271916288,0.48174617,2151.2087830683868,1.6122950250057622,4.2542197E-5,18.623842,0.0053550093,0.23325966,0.003756786,0.030360812,0.004660593,0.119982846,0.037947323,0.6908436,0.015181884,0.053949546,0.013888486,0.20054333,0.05102487,0.050117694,0.010800508,0.23325966,0.003756786,"TWOGAUSSIANS_WITH_ELLIPSOIDAL_ON_ECLIPSE1",9,6.0250044,0.6950736,0.0141578475,0.30211747,0.07777552,0.29450253,0.05227645,0.23325966,0.003756786,0.17002055,0.02609932,0.22021785,0.038960364
375316653866487564,2233349841070598400,0.6639418,2155.7227717638366,1.3279776724767487,3.0900583E-6,14.95348,0.005632936,0.2720188,9.2089793E-4,0.089734726,0.0022906435,0.41512534,0.0053068367,0.77045625,0.0011254945,0.08518893,0.0018042494,0.4522851,0.0063610054,null,null,null,null,"TWOGAUSSIANS",8,21.682701,0.77045625,0.0011254945,0.4,0.0,0.4381022,0.0058331406,0.2720188,9.2089793E-4,0.4,0.0,0.4009423,0.0048682084
375316653866487564,2233354376556030976,0.6377746,2198.661488137077,1.5628911100381595,4.876619E-6,16.264277,0.00574448,0.22962075,0.0032727707,0.037911236,0.003449119,0.16659254,0.025914503,0.7296736,0.0014884049,0.041260105,0.0025219405,0.7647216,0.07717178,0.035558313,0.007998771,0.22962075,0.0032727707,"TWOGAUSSIANS_WITH_ELLIPSOIDAL_ON_ECLIPSE1",9,13.735191,0.7296736,0.0014803845,0.23105659,0.014122867,0.83583814,0.07924268,0.22962075,0.0032727707,0.21230292,0.019315066,0.2377091,0.020473877
375316653866487564,2233354578417849472,0.6358691,2170.676773001523,3.8519340404115296,2.679889E-6,17.77426,0.010186735,0.22816916,0.0015412025,0.051657088,0.0033358708,0.40432227,0.020048143,0.7312855,0.0028616292,0.04284967,0.004373853,0.33293873,0.021629596,0.11453798,0.01285194,0.22816916,0.0015412025,"TWOGAUSSIANS_WITH_ELLIPSOIDAL_ON_ECLIPSE1",9,6.261429,0.22816916,0.0015412025,0.2892797,0.018680876,0.6333946,0.011750603,0.7312855,0.0028616292,0.23995817,0.024493577,0.56192327,0.016177652
375316653866487564,2233355471771107968,0.5920724,2177.470411475904,3.2811906858099054,6.582683E-6,18.586466,0.0063115796,0.22741087,0.0021944658,0.04156683,0.0035736084,0.16812642,0.016306767,0.7336567,0.012734293,0.05290947,0.0097287465,0.10974423,0.034157917,0.10819891,0.0078494875,0.22741087,0.0021944658,"TWOGAUSSIANS_WITH_ELLIPSOIDAL_ON_ECLIPSE1",9,1.3640133,0.22741087,0.0021944658,0.23277424,0.020012207,0.3845233,0.0072871987,0.7336567,0.012650305,0.29629302,0.05448098,0.32580802,0.033100523
375316653866487564,2233357842593090944,0.60893965,2217.4044993386888,2.884591951611699,6.3370003E-6,16.88932,0.0036555955,0.2614864,0.001319397,0.04952824,0.005282682,0.06261848,0.011879545,0.7556008,0.008321155,0.0492125,0.010843411,0.0696376,0.010227345,0.06340203,0.0070793033,0.2614864,0.001319397,"TWOGAUSSIANS_WITH_ELLIPSOIDAL_ON_ECLIPSE1",9,3.3968482,0.7571208,0.0062053143,0.27559,0.0607231,0.19631255,0.005345929,0.2614864,0.001319397,0.27735814,0.02958302,0.18942203,0.0073009254
375316653866487564,2233359285702083712,0.589506,2197.8497440294773,3.1297173407305636,9.793586E-6,18.69713,0.01213887,0.26426628,0.0027826265,0.03891024,0.0085475445,0.589963,0.072550565,0.7754877,0.0027991342,0.037264775,0.004499101,0.39459974,0.039907485,0.1448694,0.01839758,0.26426628,0.0027826265,"TWOGAUSSIANS_WITH_ELLIPSOIDAL_ON_ECLIPSE1",9,6.929791,0.26426628,0.0027826265,0.21789736,0.047866248,0.87970114,0.084278286,0.7754877,0.0027991342,0.20868273,0.025194965,0.6828999,0.03872636
375316653866487564,2233366746061908352,0.6383451,2183.486425093227,0.48082865293673044,6.790839E-6,18.141354,0.0053638793,0.28654465,4.2962423E-4,0.028778818,5.940887E-4,1.0093937,0.019708158,null,null,null,null,null,null,0.01738902,0.007994194,0.28654465,4.2962423E-4,"ONEGAUSSIAN_WITH_ELLIPSOIDAL",6,5.436679,0.28654465,4.2962423E-4,0.16116138,0.0033268968,1.0441718,0.018311385,null,null,null,null,null,null
375316653866487564,2233370109019771776,0.60852724,2177.4741611400827,0.5697418478803807,8.490075E-6,17.287476,9.2770235E-4,0.26483807,0.033280022,0.040565,0.031359695,0.011383639,0.004809736,0.5785297,5.250673E-4,0.022660926,4.287295E-4,0.23853648,0.005534469,null,null,null,null,"TWOGAUSSIANS",8,1.2490418,0.5785297,5.250673E-4,0.12690118,0.002400885,0.23853648,0.005534497,0.26483807,0.033280022,0.22716399,0.17561428,0.011383639,0.004809736
375316653866487564,2233376813465220608,0.67348886,2175.956310218413,2.979390180963323,2.3909115E-6,17.375484,0.0050116437,0.26667985,7.989139E-4,0.043094914,0.0013802915,0.4034213,0.012388262,0.7679109,0.0011054245,0.044220503,0.0013772241,0.44392744,0.01269741,0.13222305,0.0070286193,0.26667985,7.989139E-4,"TWOGAUSSIANS_WITH_ELLIPSOIDAL_ON_ECLIPSE1",9,3.8268843,0.7679109,0.0011054245,0.24763483,0.0077124555,0.7083574,0.007119764,0.26667985,7.989139E-4,0.24133153,0.007729633,0.66786706,0.0065349583
375316653866487564,2233377157062604160,0.554442,2163.3096716130813,1.3011944999749847,4.190118E-5,13.169029,0.0014461747,0.24993403,0.004909026,0.034520827,0.005509922,0.07280435,0.0045256335,0.7931466,0.020634541,0.030583188,0.015557905,0.007162499,0.0058068046,0.010074569,0.0018521675,0.24993403,0.004909026,"TWOGAUSSIANS_WITH_ELLIPSOIDAL_ON_ECLIPSE1",9,18.684788,0.24993403,0.004909026,0.19331662,0.030855563,0.09295348,0.002603652,0.7931466,0.020634541,0.17126586,0.087124266,0.025862401,0.003917094
375316653866487564,2233380348221433344,0.5192038,2241.501822771138,0.8123336703744655,4.7280813E-5,18.955519,0.0035909056,0.29198343,0.0144020235,0.02408049,0.0149442805,0.60276,0.42990783,0.7902752,0.06909049,0.018889412,0.031193215,0.015234712,0.026439263,null,null,null,null,"TWOGAUSSIANS",8,1.6383069,0.29198343,0.0144020235,0.13485074,0.08368797,0.60276,0.42990783,0.7902752,0.06909049,0.10578071,0.174682,0.015234712,0.026439263
375316653866487564,2233380485659383040,0.4535762,2199.072372773128,3.644405846653754,2.7034446E-5,18.194578,0.02376561,0.2627616,0.0071562286,0.10359419,0.018829498,0.1342599,0.027045889,0.7771744,0.005647282,0.101615734,0.01812297,0.14999323,0.021630924,null,null,null,null,"TWOGAUSSIANS",8,5.3743014,0.7771844,0.005652038,0.4,0.0,0.13774724,0.015157342,0.2627616,0.0071505303,0.4,0.0,0.12201311,0.02102595
375316653866487564,2233382719043815808,0.4528937,2151.9039567667214,2.680596479648364,2.1144133E-5,19.392817,0.011124916,0.251315,0.0017292206,0.036262635,0.0036668265,0.31611782,0.052168984,0.76994485,0.02182608,0.07209757,0.028945407,0.075279094,0.014193756,null,null,null,null,"TWOGAUSSIANS",8,2.7502966,0.251315,0.0017292206,0.20307076,0.020534229,0.31611544,0.052166335,0.76994485,0.02182608,0.4,0.07566546,0.0752767,0.014187661
375316653866487564,2233395573882293120,0.63714087,2146.515789127471,0.9751244564324485,4.2302017E-6,17.690025,0.0058099236,0.3461624,0.0010403006,0.049937688,0.002397417,0.2965482,0.013488393,0.8522792,0.013652969,0.04730694,0.017299442,0.060701244,0.013428683,0.056006934,0.008000054,0.3461624,0.0010403006,"TWOGAUSSIANS_WITH_ELLIPSOIDAL_ON_ECLIPSE1",9,2.3501172,0.3461624,0.0010403006,0.27965105,0.0134255355,0.40856087,0.007999135,0.8522792,0.012291344,0.26491886,0.096876875,0.17254856,0.0053990977
375316653866487564,2233397635466843776,0.58270806,2203.1822878608127,2.639619647904609,6.5431545E-6,17.288332,0.0101606175,0.27966377,0.0024815006,0.027520403,0.030880444,0.09178769,0.011931,0.76716745,0.013580775,0.04415281,0.017712481,0.0888209,0.02678514,0.10488119,0.0135412,0.27966377,0.0024815006,"TWOGAUSSIANS_WITH_ELLIPSOIDAL_ON_ECLIPSE1",9,6.1662216,0.27966377,0.0024815006,0.15411426,0.17293048,0.30154988,0.030374518,0.7704975,0.011209135,0.24725574,0.0991899,0.29763582,0.018386582
375316653866487564,2233405503846973696,0.61984414,2203.9497380302964,2.7205246287428886,3.7038867E-6,15.171768,0.011764291,0.26419416,0.0011647193,0.051433377,0.005667051,0.1679614,0.028591303,0.7556004,0.0051181456,0.05524765,0.0074932678,0.22078735,0.028515078,0.09829934,0.018299205,0.26419416,0.0011647193,"TWOGAUSSIANS_WITH_ELLIPSOIDAL_ON_ECLIPSE1",9,68.73385,0.75712043,0.0040187347,0.30938682,0.0419623,0.41690895,0.012233576,0.26419416,0.0011647193,0.2880269,0.031735484,0.36455467,0.010373932
375316653866487564,2233406053602786688,0.6000236,2179.6597463538333,1.496193569986197,6.4566484E-6,17.478405,0.004145647,0.3273228,0.0017548755,0.04121498,0.0016454742,0.36087462,0.010084009,0.82681865,0.0022115407,0.038296018,0.002809539,0.25431594,0.011698329,0.028816368,0.005253658,0.3273228,0.0017548755,"TWOGAUSSIANS_WITH_ELLIPSOIDAL_ON_ECLIPSE1",9,4.0151224,0.3273228,0.0017548755,0.23080389,0.0092146555,0.41850722,0.005179494,0.82682866,0.0021810187,0.21445769,0.015733417,0.31194797,0.010334511
375316653866487564,2233408385767163904,0.59087163,2238.973106629115,3.209698281213177,8.344961E-6,17.495253,0.013176293,0.23017047,0.0040423116,0.08988498,0.0054909266,0.41414487,0.013878082,0.73212135,0.0023471524,0.08757634,0.004814754,0.39678532,0.018223,null,null,null,null,"TWOGAUSSIANS",8,8.224676,0.23017047,0.0040423116,0.4,0.0,0.39929593,0.011187212,0.73212135,0.0023471524,0.4,0.0,0.38193646,0.01812544
375316653866487564,2233411860398792960,0.6083946,2198.9349172122843,2.5192929286860144,8.4264075E-6,9.116244,0.0067568216,0.24010538,0.0035489893,0.051071696,0.011787826,0.04944526,0.02466247,0.7490549,0.0041915225,0.048699368,0.007812904,0.08828765,0.013179239,0.072450526,0.007551223,0.24010538,0.0035489893,"TWOGAUSSIANS_WITH_ELLIPSOIDAL_ON_ECLIPSE1",9,134.93285,0.7490549,0.0041915225,0.27271646,0.04375226,0.2327302,0.009295424,0.24010538,0.0035489893,0.2860015,0.06601182,0.1943455,0.020359665
375316653866487564,2233420656491556736,0.55931103,2225.5317099118174,2.592967131693473,1.4863051E-5,14.013409,0.008103593,0.24577574,0.0042380053,0.04242921,0.016147017,0.08105177,0.01996789,0.7327851,0.005419925,0.061096974,0.005424286,0.21018495,0.01978779,0.055275414,0.011616425,0.24577574,0.0042380053,"TWOGAUSSIANS_WITH_ELLIPSOIDAL_ON_ECLIPSE1",9,278.1387,0.73452514,0.004689546,0.34214306,0.030376,0.32007924,0.008775911,0.24577574,0.0042380053,0.23760356,0.09042329,0.19158277,0.018537179
375316653866487564,2233421064510727168,0.46468115,2255.360588120017,1.9255947808830525,8.171442E-5,19.059484,0.0029573746,0.39584786,0.010172854,0.01300418,0.0038149431,0.28449652,0.1672669,0.71134907,0.025130732,0.05440052,0.035166204,0.037710704,0.012732704,null,null,null,null,"TWOGAUSSIANS",8,1.2605026,0.39584786,0.010172854,0.072823405,0.021363681,0.28449652,0.16726771,0.71134907,0.025130732,0.3046429,0.16258141,0.037710704,0.012732704
375316653866487564,2233425501214902528,0.67161244,2219.443396545972,1.8865626028001885,3.3482281E-6,14.065878,0.0017529133,0.25567454,5.778622E-4,0.051167276,0.001504645,0.14421915,0.004185593,0.76397103,0.0071844333,0.026465056,0.013630841,0.02598105,1.3054701,0.06461608,0.0025399541,0.25567454,5.778622E-4,"TWOGAUSSIANS_WITH_ELLIPSOIDAL_ON_ECLIPSE1",9,17.524141,0.25567454,5.778622E-4,0.28653675,0.008426012,0.2734502,0.0036597725,0.76397103,0.0071844333,0.14820431,0.07633271,0.15486126,1.3044727
375316653866487564,2233428559231591808,0.5504287,2200.1399213999366,0.4205078922009737,1.3759738E-5,13.314118,9.1968046E-4,0.3256268,0.0015332565,0.014820136,0.0018595213,0.06724886,0.0021233931,0.6089584,0.018728854,0.10933656,0.043136522,0.0059440616,0.0023571423,null,null,null,null,"TWOGAUSSIANS",8,15.857068,0.3256468,0.0015282274,0.08299276,0.010413319,0.067455515,0.0021920437,0.6089584,0.018728854,0.4,0.0,0.0059437193,0.0023587868
375316653866487564,2233431200634087808,0.48995298,2195.522704147277,3.5173579835524396,1.1549028E-5,18.080627,0.0024868434,null,null,null,null,null,null,null,null,null,null,null,null,0.07576827,0.003526855,0.18342252,0.0037572088,"ELLIPSOIDAL",4,5.2843747,null,null,null,null,null,null,null,null,null,null,null,null
375316653866487564,2233433571456658176,0.56667703,2178.5039251558464,3.295770256117908,9.011832E-6,18.027258,0.008637676,0.30071232,0.006765767,0.07691179,0.0071580117,0.45442957,0.037120182,0.80779153,0.0024724586,0.07109137,0.0027651447,0.54652935,0.020033522,null,null,null,null,"TWOGAUSSIANS",8,9.676587,0.80779153,0.0024724586,0.39811167,0.012524858,0.54372764,0.020009317,0.30071232,0.006765767,0.4,0.0014291597,0.45162785,0.037679397
375316653866487564,2233434842767083520,0.52387816,2178.3533667153856,3.9762757411942493,2.8614399E-5,19.864164,0.016226593,0.25904217,0.008419804,0.06900223,0.011504699,0.37294105,0.026177363,0.75380945,0.0060659805,0.06469039,0.0074181263,0.44889233,0.05842888,null,null,null,null,"TWOGAUSSIANS",8,1.8071196,0.75380945,0.0060659805,0.36226615,0.041541506,0.44824654,0.058733348,0.25904217,0.008419804,0.3864125,0.03538708,0.37229526,0.02659858
375316653866487564,2233436118373563648,0.48492125,2159.5685767292357,1.679866969082399,2.128894E-5,16.30596,0.008528683,0.1806336,0.005819117,0.12349975,0.022007613,0.049055137,0.007845267,0.6723574,0.036881417,0.091111474,0.04512379,0.04184612,0.00891443,null,null,null,null,"TWOGAUSSIANS",8,3.3702326,0.1806336,0.0058200513,0.4,0.0,0.04356987,0.002800385,0.6723574,0.03690075,0.4,0.1142305,0.03638883,0.0049567423
