Gaia/vari_eclipsing_binary/VariEclipsingBinary_679621-679631.csv
# %ECSV 1.0
# ---
# delimiter: ','
# meta: !!omap
# - RELEASE: Gaia DR3
# - TABLE: vari_eclipsing_binary
# - DESCRIPTION: >
#     This table describes the properties of the eclipsing binaries resulting from the variability analysis. 
# - CITATION: >
#     How to cite and acknowledge Gaia: 
#     https://gea.esac.esa.int/archive/documentation/credits.html 
# - KNOWN_ISSUES: >
#     Known issues: 
#     https://www.cosmos.esa.int/web/gaia-users/known-issues 
# - DOCUMENTATION: >
#     Tutorials and documentation: 
#     https://www.cosmos.esa.int/web/gaia-users/archive 
# datatype:
# - 
#   name: solution_id
#   datatype: int64
#   description: Solution Identifier
#   meta:
#     ucd: meta.version
# - 
#   name: source_id
#   datatype: int64
#   description: Unique source identifier
#   meta:
#     ucd: meta.id;meta.main
# - 
#   name: global_ranking
#   datatype: float32
#   description: Number between 0 (worst) and 1 (best)
#   meta:
#     ucd: stat.param
# - 
#   name: reference_time
#   datatype: float64
#   unit: d
#   description: Reference time used for the geometric model fit
#   meta:
#     ucd: time.epoch
# - 
#   name: frequency
#   datatype: float64
#   unit: d**-1
#   description: Frequency of geometric model of the eclipsing binary light curve
#   meta:
#     ucd: src.orbital
# - 
#   name: frequency_error
#   datatype: float32
#   unit: d**-1
#   description: "Uncertainty of \\texttt{frequency}"
#   meta:
#     ucd: stat.error
# - 
#   name: geom_model_reference_level
#   datatype: float32
#   unit: mag
#   description: Magnitude reference level of geometric model
#   meta:
#     ucd: phot.mag;em.opt
# - 
#   name: geom_model_reference_level_error
#   datatype: float32
#   unit: mag
#   description: "Uncertainty of \\texttt{geomModelReferenceLevel}"
#   meta:
#     ucd: stat.error;phot.mag;em.opt
# - 
#   name: geom_model_gaussian1_phase
#   datatype: float32
#   description: Phase of the Gaussian 1 component
#   meta:
#     ucd: time.phase
# - 
#   name: geom_model_gaussian1_phase_error
#   datatype: float32
#   description: "Uncertainty of \\texttt{geomModelGaussian1Phase}"
#   meta:
#     ucd: stat.error;time.phase
# - 
#   name: geom_model_gaussian1_sigma
#   datatype: float32
#   description: "Standard deviation [phase] of Gaussian 1 component"
#   meta:
#     ucd: stat.stdev
# - 
#   name: geom_model_gaussian1_sigma_error
#   datatype: float32
#   description: "Uncertainty of \\texttt{geomModelGaussian1Sigma}"
#   meta:
#     ucd: stat.error
# - 
#   name: geom_model_gaussian1_depth
#   datatype: float32
#   unit: mag
#   description: Magnitude depth of Gaussian 1 component
#   meta:
#     ucd: src.var.amplitude
# - 
#   name: geom_model_gaussian1_depth_error
#   datatype: float32
#   unit: mag
#   description: "Uncertainty of \\texttt{geomModelGaussian1Depth}"
#   meta:
#     ucd: stat.error;src.var.amplitude
# - 
#   name: geom_model_gaussian2_phase
#   datatype: float32
#   description: Phase of Gaussian 2 component
#   meta:
#     ucd: time.phase
# - 
#   name: geom_model_gaussian2_phase_error
#   datatype: float32
#   description: "Uncertainty of \\texttt{geomModelGaussian2Phase}"
#   meta:
#     ucd: stat.error;time.phase
# - 
#   name: geom_model_gaussian2_sigma
#   datatype: float32
[...]
#   datatype: float32
#   description: "Secondary eclipse: uncertainty of \\texttt{derivedSecondaryEclDuration}"
#   meta:
#     ucd: stat.error;time.duration
# - 
#   name: derived_secondary_ecl_depth
#   datatype: float32
#   unit: mag
#   description: "Secondary eclipse: depth"
#   meta:
#     ucd: src.var.amplitude
# - 
#   name: derived_secondary_ecl_depth_error
#   datatype: float32
#   unit: mag
#   description: "Secondary eclipse: uncertainty of \\texttt{derivedSecondaryEclDepth}"
#   meta:
#     ucd: stat.error;src.var.amplitude
solution_id,source_id,global_ranking,reference_time,frequency,frequency_error,geom_model_reference_level,geom_model_reference_level_error,geom_model_gaussian1_phase,geom_model_gaussian1_phase_error,geom_model_gaussian1_sigma,geom_model_gaussian1_sigma_error,geom_model_gaussian1_depth,geom_model_gaussian1_depth_error,geom_model_gaussian2_phase,geom_model_gaussian2_phase_error,geom_model_gaussian2_sigma,geom_model_gaussian2_sigma_error,geom_model_gaussian2_depth,geom_model_gaussian2_depth_error,geom_model_cosine_half_period_amplitude,geom_model_cosine_half_period_amplitude_error,geom_model_cosine_half_period_phase,geom_model_cosine_half_period_phase_error,model_type,num_model_parameters,reduced_chi2,derived_primary_ecl_phase,derived_primary_ecl_phase_error,derived_primary_ecl_duration,derived_primary_ecl_duration_error,derived_primary_ecl_depth,derived_primary_ecl_depth_error,derived_secondary_ecl_phase,derived_secondary_ecl_phase_error,derived_secondary_ecl_duration,derived_secondary_ecl_duration_error,derived_secondary_ecl_depth,derived_secondary_ecl_depth_error
[from data line 295]
375316653866487564,5978066302478559488,0.47949877,2275.898869791237,2.738200978900208,6.390923E-5,19.732155,0.013893548,0.24100554,0.0066988324,0.0683377,0.008927244,0.3362176,0.03871614,0.72560334,0.010661011,0.076730676,0.011792351,0.29833472,0.048399344,null,null,null,null,"TWOGAUSSIANS",8,3.1935449,0.24100554,0.0066988324,0.38269112,0.04957272,0.3350739,0.039112832,0.72560334,0.010661011,0.4,0.021207789,0.297191,0.048803408
375316653866487564,5978066366881285120,0.5609789,2283.5524519486194,1.3660061737981208,1.0003193E-5,18.741543,0.0063047763,0.2694818,0.0019810598,0.06654599,0.0024656868,0.4239255,0.018870482,0.77136695,0.004852067,0.09073536,0.005733745,0.13330461,0.007031531,null,null,null,null,"TWOGAUSSIANS",8,1.771952,0.2694818,0.0019810598,0.37265757,0.013807845,0.4213543,0.019117685,0.77136695,0.004852067,0.4,0.0,0.13073336,0.0064840526
375316653866487564,5978066504301078912,0.50777876,2266.4630846050454,4.125565742113344,3.4984856E-5,15.790181,0.0017409457,0.15530233,0.009762266,0.020346979,0.014283313,0.31091803,352.34644,0.46567583,0.014213005,0.04001729,0.022822047,0.041755196,0.026201855,0.004078346,0.0026479007,0.15530233,0.009762266,"TWOGAUSSIANS_WITH_ELLIPSOIDAL_ON_ECLIPSE1",9,18.633728,0.15530233,0.009762266,0.113943085,0.07998656,0.3190747,352.34705,0.46705583,0.012656141,0.22409682,0.12780346,0.04289792,0.026238278
375316653866487564,5978066542996953344,0.5509379,2280.945012400461,2.9856200463974027,1.0583167E-5,18.575644,0.010590957,0.22523414,0.0027992292,0.07931367,0.0028817374,0.53538406,0.016940096,0.7224843,0.0035289135,0.07444888,0.0030982213,0.4762332,0.020952048,null,null,null,null,"TWOGAUSSIANS",8,6.357106,0.22523414,0.0027992292,0.4,0.0,0.53055984,0.016210726,0.7224843,0.0035289135,0.4,0.0,0.471409,0.020729564
375316653866487564,5978066542997009792,0.48613158,2275.2774437693897,1.5255279100481074,2.2413044E-5,17.594194,0.018195529,0.28012657,0.008074796,0.08099399,0.012014638,0.21642102,0.019592244,0.7831117,0.007896127,0.09173655,0.025491975,0.16599743,0.019093791,null,null,null,null,"TWOGAUSSIANS",8,21.56481,0.28012657,0.008074678,0.4,0.0,0.21102722,0.014592832,0.7831117,0.007896127,0.4,0.0,0.16060351,0.020725217
375316653866487564,5978066852240525696,0.47731808,2273.957670799108,2.450231260004569,2.1503347E-5,19.782864,0.010955852,0.3117945,0.0053236256,0.052981686,0.036023736,0.050751388,0.030760027,0.8115547,0.0042016143,0.003067107,0.004729692,0.0918405,0.39477634,0.122598276,0.02346711,0.3117945,0.0053236256,"TWOGAUSSIANS_WITH_ELLIPSOIDAL_ON_ECLIPSE1",9,2.5237105,0.8115547,0.0041758753,0.0171758,0.026486276,0.3370352,0.40868255,0.3117945,0.0053236256,0.29669744,0.18933508,0.29594666,0.034799926
375316653866487564,5978067024039441664,0.42105368,2270.16407190971,0.07896707654062997,3.7570487E-4,19.558012,0.023029177,0.20700912,0.021862632,0.07064269,0.05739356,0.3238401,0.5307096,null,null,null,null,null,null,0.1387964,0.02053116,0.20700912,0.021862632,"ONEGAUSSIAN_WITH_ELLIPSOIDAL",6,23.967499,0.20700912,0.021862632,0.39559907,0.08365557,0.6008356,0.53287745,null,null,null,null,null,null
375316653866487564,5978067470716335104,0.42905146,2304.809569309265,3.194926873564649,6.319829E-5,19.222136,0.018171653,0.56182957,0.0090416875,0.08267585,0.022502458,0.24277689,0.27977738,0.8475981,3.4557024E-4,0.0201421,0.0038549297,0.2759305,0.08118457,null,null,null,null,"TWOGAUSSIANS",8,6.3393307,0.8475981,3.4557024E-4,0.11279577,0.021587607,0.27654833,0.08105547,0.56182957,0.0090416875,0.4,0.05073855,0.24277689,0.27977738
375316653866487564,5978067676878923008,0.56141186,2306.448173838583,3.32749973906945,8.79532E-6,18.455307,0.01074415,0.2727008,0.020127159,0.0466399,0.010176722,0.18967454,0.046811517,0.7995338,0.0017951581,0.043112464,0.004112473,0.3382985,0.030973991,0.11586569,0.022732677,0.7995338,0.0017951581,"TWOGAUSSIANS_WITH_ELLIPSOIDAL_ON_ECLIPSE2",9,7.9189386,0.7995338,0.0017951581,0.24142979,0.02302985,0.57002985,0.03339785,0.2773208,0.017031727,0.26118344,0.05698964,0.4159929,0.037830215
375316653866487564,5978067809973574784,0.5883479,2280.3379863958667,0.7931455569362019,1.5354879E-5,19.014996,0.010117628,0.24079959,0.005893927,0.043255933,0.006104293,0.16163126,0.023510415,0.73102874,0.001773627,0.043242794,0.0024565186,1.0150518,0.13743378,0.0698098,0.013967856,0.24079959,0.005893927,"TWOGAUSSIANS_WITH_ELLIPSOIDAL_ON_ECLIPSE1",9,2.9990778,0.73121876,0.0016493103,0.24215963,0.013756504,1.1541561,0.14019066,0.24079959,0.005893927,0.24223322,0.034184042,0.30125064,0.015517033
375316653866487564,5978068084848756736,0.45027915,2283.091513420576,3.9787990097328674,1.0972625E-4,16.7956,0.45714936,0.17617851,0.026301699,0.0149415815,0.022483392,0.06428322,1953002.5,0.5522696,0.016700523,0.26379994,0.21349873,0.17719008,0.4188292,null,null,null,null,"TWOGAUSSIANS",8,39.13501,0.5522696,0.016700523,0.4,0.0,0.11865837,0.032117534,0.1770485,0.029193776,0.08367285,0.12590699,0.08053445,1953002.5
375316653866487564,5978068535869984768,0.5619654,2297.853819501146,2.3726861107517014,2.3146498E-5,18.68147,0.009978623,0.29628378,0.003589336,0.07711493,0.0057160365,0.39172834,0.02514541,0.799545,0.0047157165,0.08159613,0.0060096765,0.35698435,0.010703618,null,null,null,null,"TWOGAUSSIANS",8,3.470872,0.29628378,0.003589336,0.4,0.0,0.38683462,0.025993405,0.799545,0.0047157165,0.4,0.0,0.35209063,0.009276673
375316653866487564,5978068879532119296,0.5640514,2270.403019041063,1.8126186990846849,1.5693759E-5,18.30339,0.0070742867,0.23821503,0.0026512896,0.048663326,0.007817201,0.19799031,0.019966982,0.7649861,0.01957731,0.035017885,0.015298437,0.18476245,0.8649143,0.10454087,0.010487393,0.23821503,0.0026512896,"TWOGAUSSIANS_WITH_ELLIPSOIDAL_ON_ECLIPSE1",9,3.3071501,0.23821503,0.0026512896,0.2725146,0.043776326,0.40707126,0.020376198,0.7649861,0.01957731,0.19610015,0.08567125,0.38798326,0.87301916
375316653866487564,5978068913825286912,0.5176241,2294.4726474300023,3.1246129408027863,2.8839151E-5,19.769995,0.026191989,0.28387916,0.005843525,0.07430865,0.012893453,0.36662245,0.052246857,0.7810046,0.0075589353,0.08355576,0.012214984,0.3918307,0.034687236,null,null,null,null,"TWOGAUSSIANS",8,1.2421309,0.7810046,0.0075589353,0.4,0.0,0.38708422,0.034226555,0.28387916,0.005843525,0.4,0.009912796,0.36187595,0.0550656
375316653866487564,5978069081276175360,0.47766837,2272.114283958387,2.0945655370086196,3.6195273E-5,17.969614,0.020267691,0.22423725,0.011264717,0.103817746,0.0145471385,0.10912674,0.022573091,0.73303676,0.008688705,0.11715572,0.02419294,0.097729154,0.01997637,null,null,null,null,"TWOGAUSSIANS",8,2.205519,0.22421725,0.011264388,0.4,0.0,0.09466614,0.011585389,0.73304677,0.008704982,0.4,0.0,0.08324799,0.0055846088
375316653866487564,5978069635373558784,0.4287701,2267.695970962891,0.03987542740018632,1.615328E-5,19.567404,0.01222063,0.10053256,0.00407602,0.025061416,0.0059009916,0.17668322,0.11872396,0.5159239,0.028987803,0.13543016,0.045416925,0.17488061,0.04212156,null,null,null,null,"TWOGAUSSIANS",8,3.7114503,0.10066256,0.0040660584,0.14034392,0.033045553,0.17781925,0.119159915,0.5159239,0.028987803,0.4,0.0,0.17441422,0.04279387
375316653866487564,5978069875891954560,0.5803503,2290.555722305535,0.16701196207981236,1.7895535E-4,17.575848,0.0016239354,0.664653,6.637809E-4,0.006925082,3.6652805E-4,0.39624533,0.021269532,0.90183455,0.032704525,0.02185563,0.01673938,0.012270926,0.007018562,null,null,null,null,"TWOGAUSSIANS",8,2.765645,0.664653,6.637809E-4,0.03878046,0.0020525572,0.39624533,0.021269532,0.90183455,0.032704525,0.12239153,0.09374052,0.012270926,0.007018562
375316653866487564,5978070077744116992,0.42212123,2230.8172477510943,4.919104531946718,6.447729E-5,19.351107,0.02884052,0.24693786,0.01991908,0.117081665,0.033746354,0.24119377,0.030693611,0.6212775,0.022202833,0.07563421,0.019818867,0.23312777,0.07798941,null,null,null,null,"TWOGAUSSIANS",8,7.5953712,0.24693786,0.019868443,0.4,0.0,0.23880763,0.029648473,0.6212775,0.022202833,0.4,7.553449E-4,0.23219475,0.07867687
375316653866487564,5978070112103862400,0.5028944,2270.9487156587725,0.336355432797033,4.634304E-5,17.056564,0.0068410942,0.24214046,0.0028157202,0.061901268,0.0067087146,0.10737332,0.006386201,0.7484841,0.018346447,0.06427208,0.022414915,0.09746958,0.022127597,null,null,null,null,"TWOGAUSSIANS",8,6.410961,0.24214046,0.0028157202,0.34664708,0.0375688,0.10730826,0.0061571575,0.7484841,0.018346447,0.3599237,0.074835636,0.097404525,0.022369215
375316653866487564,5978070146451488768,0.52332336,2261.782206520042,2.273766608463676,1.400041E-5,19.030638,0.039445624,0.16344863,0.0029315,0.08129435,0.011963151,0.33878535,0.030018697,0.6681558,0.02058243,0.079118066,0.021535987,0.3353424,0.077353306,null,null,null,null,"TWOGAUSSIANS",8,2.6729922,0.16344863,0.0029315,0.4,0.0,0.33400804,0.022143953,0.6681558,0.02058243,0.4,0.0,0.3305651,0.0680184
375316653866487564,5978070288209020672,0.45484525,2286.838924290519,0.4410680446645808,2.4894018E-5,16.40864,0.0010954457,0.3507914,0.0120295305,0.07254594,0.004131697,0.05952134,0.008547685,0.83809304,3.0197487E-5,0.0040061683,2.1101967E-4,0.08221463,0.0059917704,null,null,null,null,"TWOGAUSSIANS",8,3.132082,0.83809304,3.0197487E-5,0.022434544,0.00118171,0.08221463,0.0059917704,0.3507914,0.0120295305,0.4,0.0021902907,0.05952134,0.008547685
375316653866487564,5978070455701665152,0.500757,2257.5463923980087,1.499379254138639,1.3216901E-5,18.706415,0.009177982,0.21331319,0.003394082,0.09158582,0.010034896,0.14953499,0.0075441436,0.7133674,0.007173729,0.09229344,0.010784494,0.1552793,0.009678394,null,null,null,null,"TWOGAUSSIANS",8,1.215842,0.7133674,0.007173729,0.4,0.0,0.14772707,0.009671775,0.21331319,0.003394082,0.4,0.0,0.14198281,0.007911973
375316653866487564,5978070700525887488,0.4858881,2265.3203013849497,0.3581974156347424,6.533249E-5,18.558542,0.017084839,0.25267032,0.009042236,0.10479119,0.015869072,0.26839983,0.052778825,0.67388195,0.006536821,0.053779952,0.018962206,0.5221985,0.24360971,null,null,null,null,"TWOGAUSSIANS",8,8.253698,0.67388195,0.006536821,0.30116773,0.09890697,0.5214779,0.24579237,0.25267032,0.009042236,0.4,0.0,0.2675959,0.053471636
375316653866487564,5978071009770299264,0.42861646,2269.431901806281,0.22808355525988472,5.577203E-5,18.402912,0.009564899,0.18763977,0.012786279,0.016523551,0.016692238,0.15888084,4.0749474,0.6852694,0.009531626,0.10760666,0.017393203,0.27446693,0.07406543,null,null,null,null,"TWOGAUSSIANS",8,4.228945,0.6852694,0.009531626,0.4,0.0,0.2743625,0.07425023,0.18763977,0.012786279,0.09253188,0.093476534,0.1587877,4.0750422
375316653866487564,5978071177229475456,0.5325804,2260.9099174977327,3.571955183481913,2.2322401E-5,17.794302,0.022548752,0.28084028,0.0034855339,0.10751941,0.010543021,0.237312,0.020985495,0.7715123,0.0060768137,0.10335757,0.010707373,0.27321547,0.023723856,null,null,null,null,"TWOGAUSSIANS",8,5.6135907,0.7715123,0.0060768137,0.4,0.0,0.24573797,0.012974758,0.28084028,0.0034956455,0.4,0.0,0.20982912,0.008691294
375316653866487564,5978071215935120640,0.548062,2244.75300922966,2.6150698052583117,8.527721E-6,19.372168,0.011826062,0.17811409,0.0019322208,0.086641766,0.003659685,0.35176784,0.011522225,0.6813443,0.0036666552,0.092855684,0.0077514523,0.37731567,0.017283807,null,null,null,null,"TWOGAUSSIANS",8,1.0707154,0.6813443,0.0036666552,0.4,0.0,0.36299202,0.020820944,0.17811409,0.0019322208,0.4,0.0,0.3374445,0.007804514
375316653866487564,5978071349022819712,0.44476008,2262.833899042606,0.26112232699313004,4.339532E-5,18.0691,0.017160311,0.32956034,0.0124352565,0.04959859,0.029994698,0.31387028,0.32427543,0.8069101,0.005092608,0.076242305,0.01424561,0.12696251,0.016534327,null,null,null,null,"TWOGAUSSIANS",8,8.960219,0.32956034,0.0124352565,0.2777521,0.15683179,0.3138074,0.32517588,0.8069101,0.005092608,0.4,0.0,0.12689961,0.015509146
375316653866487564,5978071349022919552,0.51790375,2255.5375598138476,1.7403632849802488,2.1270616E-5,16.530998,0.007852667,0.26078537,0.0034942501,0.09634121,0.006874326,0.15995675,0.0076035187,0.7592971,0.0039037112,0.093371406,0.0059744883,0.18595284,0.009135545,null,null,null,null,"TWOGAUSSIANS",8,13.550546,0.7592971,0.0039037112,0.4,0.0,0.17549342,0.0070691193,0.26078537,0.0034942501,0.4,0.0,0.14949709,0.0047967182
375316653866487564,5978071383382493824,0.44160947,2247.628797154391,4.669074620131957,1.9742081E-5,17.472795,0.006875977,0.18603079,0.004015187,0.02191064,0.0036949746,0.1014063,0.016741047,0.8123809,0.001987188,0.018003052,0.0027806952,0.637407,0.30135536,0.023252297,0.009623542,0.8123809,0.001987188,"TWOGAUSSIANS_WITH_ELLIPSOIDAL_ON_ECLIPSE2",9,18.976982,0.8123809,0.001987188,0.10081709,0.015571892,0.68391156,0.3063737,0.1874208,0.0039231298,0.12269958,0.020691859,0.12446633,0.019982189
375316653866487564,5978071800050689408,0.45705828,2260.6006364416403,2.5874852766117065,5.3132408E-5,18.603386,0.0039980803,null,null,null,null,null,null,null,null,null,null,null,null,0.066506624,0.0048496467,0.2665018,0.008113057,"ELLIPSOIDAL",4,5.095339,null,null,null,null,null,null,null,null,null,null,null,null
375316653866487564,5978072178008591104,0.43435207,2275.558007480128,1.4060782395863372,1.0315677E-5,19.950155,0.0089167,0.50613356,0.02457656,0.05976554,0.022086157,0.12538669,0.018890565,0.72225696,1.3941717E-4,0.01788214,0.0012056725,0.36265546,0.0075000757,null,null,null,null,"TWOGAUSSIANS",8,2.2403185,0.72225696,1.3941717E-4,0.10013999,0.006751766,0.36283687,0.0113692945,0.50613356,0.02457656,0.33468702,0.11257732,0.12538669,0.018890565
375316653866487564,5978072487306613888,0.6350114,2281.0140414796647,1.4166787069474678,8.020881E-6,16.103687,0.0085060345,0.26450515,0.0018594775,0.057314817,0.0028943466,0.4628474,0.016749224,0.7758465,0.0018226367,0.056165244,0.004252768,0.14908746,0.0197799,0.05628547,0.010027484,0.7758465,0.0018226367,"TWOGAUSSIANS_WITH_ELLIPSOIDAL_ON_ECLIPSE2",9,12.514066,0.26517516,0.0017421417,0.32096297,0.016208341,0.5748592,0.012680083,0.7758465,0.0018226367,0.31452537,0.023815503,0.26163617,0.0070497496
375316653866487564,5978072830843714048,0.4220188,2300.217034063304,0.5942789408807276,3.4367764E-5,18.123138,0.01516486,0.50410646,0.01552917,0.015522412,0.011167156,1.038308,1.7914867,0.79436326,0.007734174,0.038042277,0.011504495,0.37510374,0.0896954,null,null,null,null,"TWOGAUSSIANS",8,8.048702,0.50410646,0.01552917,0.08692551,0.062536076,1.038308,1.7914867,0.79436326,0.007734174,0.21303675,0.06442517,0.37510374,0.0896954
375316653866487564,5978072830843937408,0.49400562,2240.7776928959665,3.150121568317412,3.0064804E-5,19.146175,0.0054288725,0.7408542,0.0054436065,0.0408662,0.035970952,0.005404957,0.020233536,null,null,null,null,null,null,0.12580083,0.0068401224,0.7408542,0.0054436065,"ONEGAUSSIAN_WITH_ELLIPSOIDAL",6,4.7735987,0.7408542,0.0054436065,0.22885072,0.18723345,0.25700644,0.017996587,null,null,null,null,null,null
375316653866487564,5978073002642810240,0.46934557,2223.206219815526,2.684386644741594,5.0820698E-5,19.767324,0.11170204,0.25643697,0.007313432,0.10833061,0.020995809,0.4888353,0.1075429,0.75726414,0.0072279912,0.116796285,0.028775297,0.4294798,0.09809839,null,null,null,null,"TWOGAUSSIANS",8,4.3471413,0.25643697,0.0073199254,0.4,0.0,0.41210344,0.055772193,0.75726414,0.0072359177,0.4,0.0,0.352681,0.030995537
375316653866487564,5978073071362358656,0.5344024,2249.075320312153,2.306249334631914,1.768177E-5,18.880268,0.013881516,0.2495601,0.004103016,0.076658584,0.005449788,0.42084703,0.01830832,0.74994653,0.0046586576,0.09402132,0.0057351473,0.35750565,0.015517988,null,null,null,null,"TWOGAUSSIANS",8,5.0037403,0.2495601,0.004103016,0.4,0.0,0.41045892,0.01732437,0.74994653,0.0046586576,0.4,0.0,0.34711704,0.012807033
