Gaia/vari_eclipsing_binary/VariEclipsingBinary_679429-679451.csv
# %ECSV 1.0
# ---
# delimiter: ','
# meta: !!omap
# - RELEASE: Gaia DR3
# - TABLE: vari_eclipsing_binary
# - DESCRIPTION: >
#     This table describes the properties of the eclipsing binaries resulting from the variability analysis. 
# - CITATION: >
#     How to cite and acknowledge Gaia: 
#     https://gea.esac.esa.int/archive/documentation/credits.html 
# - KNOWN_ISSUES: >
#     Known issues: 
#     https://www.cosmos.esa.int/web/gaia-users/known-issues 
# - DOCUMENTATION: >
#     Tutorials and documentation: 
#     https://www.cosmos.esa.int/web/gaia-users/archive 
# datatype:
# - 
#   name: solution_id
#   datatype: int64
#   description: Solution Identifier
#   meta:
#     ucd: meta.version
# - 
#   name: source_id
#   datatype: int64
#   description: Unique source identifier
#   meta:
#     ucd: meta.id;meta.main
# - 
#   name: global_ranking
#   datatype: float32
#   description: Number between 0 (worst) and 1 (best)
#   meta:
#     ucd: stat.param
# - 
#   name: reference_time
#   datatype: float64
#   unit: d
#   description: Reference time used for the geometric model fit
#   meta:
#     ucd: time.epoch
# - 
#   name: frequency
#   datatype: float64
#   unit: d**-1
#   description: Frequency of geometric model of the eclipsing binary light curve
#   meta:
#     ucd: src.orbital
# - 
#   name: frequency_error
#   datatype: float32
#   unit: d**-1
#   description: "Uncertainty of \\texttt{frequency}"
#   meta:
#     ucd: stat.error
# - 
#   name: geom_model_reference_level
#   datatype: float32
#   unit: mag
#   description: Magnitude reference level of geometric model
#   meta:
#     ucd: phot.mag;em.opt
# - 
#   name: geom_model_reference_level_error
#   datatype: float32
#   unit: mag
#   description: "Uncertainty of \\texttt{geomModelReferenceLevel}"
#   meta:
#     ucd: stat.error;phot.mag;em.opt
# - 
#   name: geom_model_gaussian1_phase
#   datatype: float32
#   description: Phase of the Gaussian 1 component
#   meta:
#     ucd: time.phase
# - 
#   name: geom_model_gaussian1_phase_error
#   datatype: float32
#   description: "Uncertainty of \\texttt{geomModelGaussian1Phase}"
#   meta:
#     ucd: stat.error;time.phase
# - 
#   name: geom_model_gaussian1_sigma
#   datatype: float32
#   description: "Standard deviation [phase] of Gaussian 1 component"
#   meta:
#     ucd: stat.stdev
# - 
#   name: geom_model_gaussian1_sigma_error
#   datatype: float32
#   description: "Uncertainty of \\texttt{geomModelGaussian1Sigma}"
#   meta:
#     ucd: stat.error
# - 
#   name: geom_model_gaussian1_depth
#   datatype: float32
#   unit: mag
#   description: Magnitude depth of Gaussian 1 component
#   meta:
#     ucd: src.var.amplitude
# - 
#   name: geom_model_gaussian1_depth_error
#   datatype: float32
#   unit: mag
#   description: "Uncertainty of \\texttt{geomModelGaussian1Depth}"
#   meta:
#     ucd: stat.error;src.var.amplitude
# - 
#   name: geom_model_gaussian2_phase
#   datatype: float32
#   description: Phase of Gaussian 2 component
#   meta:
#     ucd: time.phase
# - 
#   name: geom_model_gaussian2_phase_error
#   datatype: float32
#   description: "Uncertainty of \\texttt{geomModelGaussian2Phase}"
#   meta:
#     ucd: stat.error;time.phase
# - 
#   name: geom_model_gaussian2_sigma
#   datatype: float32
[...]
#   datatype: float32
#   description: "Secondary eclipse: uncertainty of \\texttt{derivedSecondaryEclDuration}"
#   meta:
#     ucd: stat.error;time.duration
# - 
#   name: derived_secondary_ecl_depth
#   datatype: float32
#   unit: mag
#   description: "Secondary eclipse: depth"
#   meta:
#     ucd: src.var.amplitude
# - 
#   name: derived_secondary_ecl_depth_error
#   datatype: float32
#   unit: mag
#   description: "Secondary eclipse: uncertainty of \\texttt{derivedSecondaryEclDepth}"
#   meta:
#     ucd: stat.error;src.var.amplitude
solution_id,source_id,global_ranking,reference_time,frequency,frequency_error,geom_model_reference_level,geom_model_reference_level_error,geom_model_gaussian1_phase,geom_model_gaussian1_phase_error,geom_model_gaussian1_sigma,geom_model_gaussian1_sigma_error,geom_model_gaussian1_depth,geom_model_gaussian1_depth_error,geom_model_gaussian2_phase,geom_model_gaussian2_phase_error,geom_model_gaussian2_sigma,geom_model_gaussian2_sigma_error,geom_model_gaussian2_depth,geom_model_gaussian2_depth_error,geom_model_cosine_half_period_amplitude,geom_model_cosine_half_period_amplitude_error,geom_model_cosine_half_period_phase,geom_model_cosine_half_period_phase_error,model_type,num_model_parameters,reduced_chi2,derived_primary_ecl_phase,derived_primary_ecl_phase_error,derived_primary_ecl_duration,derived_primary_ecl_duration_error,derived_primary_ecl_depth,derived_primary_ecl_depth_error,derived_secondary_ecl_phase,derived_secondary_ecl_phase_error,derived_secondary_ecl_duration,derived_secondary_ecl_duration_error,derived_secondary_ecl_depth,derived_secondary_ecl_depth_error
[from data line 476]
375316653866487564,5976520870135184512,0.5202947,2228.381905694464,2.044027911814183,1.1561212E-5,19.75152,0.01741813,0.16753288,0.007824678,0.08131131,0.008211899,0.35727268,0.01982395,0.669462,0.0029112103,0.06659218,0.0050039445,0.37284094,0.029873677,null,null,null,null,"TWOGAUSSIANS",8,1.8213627,0.669462,0.0029112103,0.3729162,0.02802209,0.37055477,0.029862085,0.16753288,0.007824678,0.4,0.0,0.3549865,0.0190193
375316653866487564,5976521381224660480,0.624646,2274.260275619626,0.10094334225617989,9.14224E-6,18.016441,0.003458584,0.23356469,0.008091857,0.022466542,0.006901258,0.13253705,0.07118875,0.74070156,0.008202799,0.021552304,0.003916768,1.810512,6.1392198,0.042306095,0.005448673,0.74070156,0.008202799,"TWOGAUSSIANS_WITH_ELLIPSOIDAL_ON_ECLIPSE2",9,1.7886865,0.74070156,0.008202799,0.1206929,0.0219339,1.8951241,6.1459417,0.2337447,0.007395991,0.12581263,0.038647044,0.21698327,0.07115725
375316653866487564,5976521449944151680,0.57243395,2271.2275470423765,2.2266262216749855,1.178484E-5,18.317123,0.0085375095,0.30333674,0.005822543,0.041281037,0.0067322566,0.14219472,0.026518159,0.78409535,0.002109718,0.05321145,0.0065793972,0.15378705,0.023387695,0.13947771,0.01018258,0.78409535,0.002109718,"TWOGAUSSIANS_WITH_ELLIPSOIDAL_ON_ECLIPSE2",9,4.757992,0.78409535,0.002109718,0.29798412,0.036844622,0.43273994,0.016372072,0.29932672,0.003960008,0.2311738,0.03770064,0.41793123,0.020191243
375316653866487564,5976521690462398976,0.70286596,2252.2960882637494,1.4462227096676397,5.627419E-6,16.103518,0.0030766323,0.2550924,0.001087785,0.046242706,0.00314421,0.08650749,0.0078365775,0.75460166,0.0012195711,0.04713104,0.0011424172,0.58190703,0.012128732,0.10554848,0.0038893602,0.2550924,0.001087785,"TWOGAUSSIANS_WITH_ELLIPSOIDAL_ON_ECLIPSE1",9,6.208184,0.7546317,0.0011412468,0.2639338,0.0063975365,0.7930016,0.011115947,0.2550924,0.001087785,0.25895914,0.017607575,0.2976039,0.0039281123
375316653866487564,5976521935287477632,0.57631344,2264.5724966814178,2.376200836194267,9.641073E-6,18.27637,0.005581426,0.2664624,0.0036347667,0.085520156,0.005074801,0.22052364,0.006129635,0.7567469,0.0014768264,0.09235596,0.0030372567,0.3019133,0.0078102397,null,null,null,null,"TWOGAUSSIANS",8,1.5791223,0.7567469,0.0014768264,0.4,0.0,0.29337212,0.007679477,0.2664624,0.0036347667,0.4,0.0,0.21198277,0.005484226
375316653866487564,5976522175805736576,0.5842466,2246.997369335545,2.7569478223004227,1.4303942E-5,19.127647,0.010460215,0.23437464,0.0030613332,0.079788156,0.004317208,0.45421648,0.014305705,0.7323072,0.0017723194,0.071433276,0.002599849,0.46860904,0.012614301,null,null,null,null,"TWOGAUSSIANS",8,2.1644843,0.7323072,0.0017723194,0.4,0.005307221,0.46489072,0.011624411,0.23437464,0.0030613332,0.4,0.0,0.45049813,0.013895341
375316653866487564,5976522381964319232,0.5132433,2257.693083851197,0.8210164104939169,2.9267943E-5,18.967663,0.008188567,0.27483952,0.0019440658,0.04717044,0.0027999468,0.48471,0.039595522,0.7762971,0.010906615,0.05312495,0.014967959,0.081739955,0.012132469,null,null,null,null,"TWOGAUSSIANS",8,3.4834774,0.27483952,0.0019440658,0.26415446,0.015679702,0.48470864,0.039596356,0.7762971,0.010906615,0.29749972,0.083820574,0.08173858,0.012133231
375316653866487564,5976522416358897280,0.5704535,2262.5685015438376,0.2784736218451952,1.0819351E-4,18.17921,0.0034719878,0.40702948,0.042446814,0.15072726,0.041783527,0.027001534,0.0066863867,0.25632697,6.5650576E-4,0.010223429,5.412145E-4,0.64799756,0.02699444,null,null,null,null,"TWOGAUSSIANS",8,3.6334677,0.25634697,6.561858E-4,0.0572512,0.0030308012,0.6641582,0.028308257,0.40702948,0.042446814,0.4,0.0,0.026781293,0.0067379326
