Gaia/vari_eclipsing_binary/VariEclipsingBinary_608520-608563.csv
# %ECSV 1.0
# ---
# delimiter: ','
# meta: !!omap
# - RELEASE: Gaia DR3
# - TABLE: vari_eclipsing_binary
# - DESCRIPTION: >
#     This table describes the properties of the eclipsing binaries resulting from the variability analysis. 
# - CITATION: >
#     How to cite and acknowledge Gaia: 
#     https://gea.esac.esa.int/archive/documentation/credits.html 
# - KNOWN_ISSUES: >
#     Known issues: 
#     https://www.cosmos.esa.int/web/gaia-users/known-issues 
# - DOCUMENTATION: >
#     Tutorials and documentation: 
#     https://www.cosmos.esa.int/web/gaia-users/archive 
# datatype:
# - 
#   name: solution_id
#   datatype: int64
#   description: Solution Identifier
#   meta:
#     ucd: meta.version
# - 
#   name: source_id
#   datatype: int64
#   description: Unique source identifier
#   meta:
#     ucd: meta.id;meta.main
# - 
#   name: global_ranking
#   datatype: float32
#   description: Number between 0 (worst) and 1 (best)
#   meta:
#     ucd: stat.param
# - 
#   name: reference_time
#   datatype: float64
#   unit: d
#   description: Reference time used for the geometric model fit
#   meta:
#     ucd: time.epoch
# - 
#   name: frequency
#   datatype: float64
#   unit: d**-1
#   description: Frequency of geometric model of the eclipsing binary light curve
#   meta:
#     ucd: src.orbital
# - 
#   name: frequency_error
#   datatype: float32
#   unit: d**-1
#   description: "Uncertainty of \\texttt{frequency}"
#   meta:
#     ucd: stat.error
# - 
#   name: geom_model_reference_level
#   datatype: float32
#   unit: mag
#   description: Magnitude reference level of geometric model
#   meta:
#     ucd: phot.mag;em.opt
# - 
#   name: geom_model_reference_level_error
#   datatype: float32
#   unit: mag
#   description: "Uncertainty of \\texttt{geomModelReferenceLevel}"
#   meta:
#     ucd: stat.error;phot.mag;em.opt
# - 
#   name: geom_model_gaussian1_phase
#   datatype: float32
#   description: Phase of the Gaussian 1 component
#   meta:
#     ucd: time.phase
# - 
#   name: geom_model_gaussian1_phase_error
#   datatype: float32
#   description: "Uncertainty of \\texttt{geomModelGaussian1Phase}"
#   meta:
#     ucd: stat.error;time.phase
# - 
#   name: geom_model_gaussian1_sigma
#   datatype: float32
#   description: "Standard deviation [phase] of Gaussian 1 component"
#   meta:
#     ucd: stat.stdev
# - 
#   name: geom_model_gaussian1_sigma_error
#   datatype: float32
#   description: "Uncertainty of \\texttt{geomModelGaussian1Sigma}"
#   meta:
#     ucd: stat.error
# - 
#   name: geom_model_gaussian1_depth
#   datatype: float32
#   unit: mag
#   description: Magnitude depth of Gaussian 1 component
#   meta:
#     ucd: src.var.amplitude
# - 
#   name: geom_model_gaussian1_depth_error
#   datatype: float32
#   unit: mag
#   description: "Uncertainty of \\texttt{geomModelGaussian1Depth}"
#   meta:
#     ucd: stat.error;src.var.amplitude
# - 
#   name: geom_model_gaussian2_phase
#   datatype: float32
#   description: Phase of Gaussian 2 component
#   meta:
#     ucd: time.phase
# - 
#   name: geom_model_gaussian2_phase_error
#   datatype: float32
#   description: "Uncertainty of \\texttt{geomModelGaussian2Phase}"
#   meta:
#     ucd: stat.error;time.phase
# - 
#   name: geom_model_gaussian2_sigma
#   datatype: float32
[...]
#   datatype: float32
#   description: "Secondary eclipse: uncertainty of \\texttt{derivedSecondaryEclDuration}"
#   meta:
#     ucd: stat.error;time.duration
# - 
#   name: derived_secondary_ecl_depth
#   datatype: float32
#   unit: mag
#   description: "Secondary eclipse: depth"
#   meta:
#     ucd: src.var.amplitude
# - 
#   name: derived_secondary_ecl_depth_error
#   datatype: float32
#   unit: mag
#   description: "Secondary eclipse: uncertainty of \\texttt{derivedSecondaryEclDepth}"
#   meta:
#     ucd: stat.error;src.var.amplitude
solution_id,source_id,global_ranking,reference_time,frequency,frequency_error,geom_model_reference_level,geom_model_reference_level_error,geom_model_gaussian1_phase,geom_model_gaussian1_phase_error,geom_model_gaussian1_sigma,geom_model_gaussian1_sigma_error,geom_model_gaussian1_depth,geom_model_gaussian1_depth_error,geom_model_gaussian2_phase,geom_model_gaussian2_phase_error,geom_model_gaussian2_sigma,geom_model_gaussian2_sigma_error,geom_model_gaussian2_depth,geom_model_gaussian2_depth_error,geom_model_cosine_half_period_amplitude,geom_model_cosine_half_period_amplitude_error,geom_model_cosine_half_period_phase,geom_model_cosine_half_period_phase_error,model_type,num_model_parameters,reduced_chi2,derived_primary_ecl_phase,derived_primary_ecl_phase_error,derived_primary_ecl_duration,derived_primary_ecl_duration_error,derived_primary_ecl_depth,derived_primary_ecl_depth_error,derived_secondary_ecl_phase,derived_secondary_ecl_phase_error,derived_secondary_ecl_duration,derived_secondary_ecl_duration_error,derived_secondary_ecl_depth,derived_secondary_ecl_depth_error
[from data line 585]
375316653866487564,5352862825306402560,0.52055997,2186.0681285758315,2.204045917643417,1.7534683E-5,15.255703,0.08913889,0.29137525,0.007009034,0.27504697,0.06144725,0.9892435,0.07967122,0.7857436,0.0046142275,0.16776805,0.027491426,0.75262,0.30518517,null,null,null,null,"TWOGAUSSIANS",8,38.924637,0.7857436,0.0046142275,0.4,0.0,0.21957864,0.008420689,0.29502526,0.007844425,0.4,0.0,0.09746608,0.009156748
375316653866487564,5352863267680993920,0.48269793,2175.1520732635718,1.7530724675043554,2.025832E-5,19.837215,0.0141777955,0.2110992,0.0113066835,0.016063578,0.004188747,0.20387311,0.07248264,0.7075047,0.012590607,0.029371144,0.009955748,0.4810864,0.068263285,null,null,null,null,"TWOGAUSSIANS",8,5.6442313,0.7075047,0.012590607,0.1644784,0.055752188,0.4810864,0.068263285,0.2110992,0.0113066835,0.089956045,0.023456985,0.20387311,0.07248264
375316653866487564,5352863478119305344,0.4957019,2175.348401277426,3.132836834240015,2.3602106E-5,19.409426,0.0140350945,0.29082975,0.0037951479,0.07832619,0.009171147,0.21440136,0.015837297,0.79054135,0.013553217,0.070000075,0.017772177,0.252932,0.033131436,null,null,null,null,"TWOGAUSSIANS",8,1.5614887,0.79054135,0.013553217,0.39200044,0.059860665,0.25136638,0.035197422,0.29082975,0.0037951479,0.4,0.0,0.21283571,0.014842669
375316653866487564,5352863615580344576,0.51426184,2233.005608597176,2.511684279513244,1.800382E-5,18.403315,0.014014306,0.29869747,0.006317405,0.080869384,0.0121123,0.14278106,0.013345121,0.7814381,0.006599128,0.09409343,0.011249714,0.18394077,0.014614969,null,null,null,null,"TWOGAUSSIANS",8,2.974325,0.7814381,0.006599128,0.4,0.0,0.17981377,0.011466751,0.29869747,0.006317405,0.4,0.0,0.13865447,0.011017357
375316653866487564,5352864474574925056,0.6496528,2237.8374386655028,1.2473280660559194,2.4156939E-6,17.950354,0.0043566204,0.26478222,0.002207184,0.051480033,0.008232213,0.04726375,0.024062032,0.7578397,0.0011026551,0.05327851,0.0017645354,0.41527435,0.013104792,0.06619732,0.006839374,0.26478222,0.002207184,"TWOGAUSSIANS_WITH_ELLIPSOIDAL_ON_ECLIPSE1",9,1.3273492,0.75829965,0.0010021664,0.29835966,0.009881399,0.54742974,0.0127988085,0.26478222,0.002207184,0.28828818,0.046100393,0.17965412,0.018278638
375316653866487564,5352864955588127744,0.44490343,2210.1496867571054,0.4844355826555539,7.5078206E-5,18.303577,0.07611572,0.15277031,0.037413724,0.061470084,0.044540476,0.05833896,0.03777802,0.6454472,0.015400979,0.17714243,0.09047587,0.10069345,0.07561327,null,null,null,null,"TWOGAUSSIANS",8,5.2437425,0.6454472,0.015400979,0.4,0.0,0.084495366,0.01160993,0.1531903,0.039659783,0.34423247,0.14866236,0.045914356,0.021556132
375316653866487564,5352865191806163712,0.45610985,2223.210815226804,0.0777056839168863,1.3015652E-5,18.038843,0.0077461456,0.08996707,8.521434E-4,0.0026721314,7.116615E-4,0.2826594,0.24322276,0.71454763,0.008346322,0.0058088913,0.007999801,0.10012948,53488.754,0.022667905,0.011508446,0.71454763,0.008346322,"TWOGAUSSIANS_WITH_ELLIPSOIDAL_ON_ECLIPSE2",9,15.460812,0.08997707,8.4963767E-4,0.014963936,0.0039853044,0.3054468,0.24306792,0.71454763,0.008346322,0.03252979,0.04479889,0.14546528,53488.754
375316653866487564,5352865397963659904,0.6079762,2216.829511733659,0.9850172320650852,5.059613E-6,16.300165,0.002130394,0.2657592,0.0025607077,0.03428059,0.011136038,0.026477585,0.0051305,0.7558296,0.0023983757,0.048080277,0.005305995,0.13037416,0.009642627,0.038075097,0.00397026,0.2657592,0.0025607077,"TWOGAUSSIANS_WITH_ELLIPSOIDAL_ON_ECLIPSE1",9,3.2038183,0.75677955,0.002326975,0.26924956,0.029713571,0.20625651,0.011365285,0.2657592,0.0025607077,0.1919713,0.062361814,0.10262752,0.00394256
375316653866487564,5352865810297080064,0.42017075,2224.812633055509,0.0870114934677845,4.656922E-5,19.689463,0.016492808,0.31353274,0.012864681,0.09246957,0.017869292,0.19203526,0.030000955,0.8666279,0.009574516,0.04318823,0.008281562,0.18769938,0.069885544,null,null,null,null,"TWOGAUSSIANS",8,3.7035286,0.31353274,0.012864681,0.4,0.0,0.19194803,0.030042037,0.8666279,0.009574516,0.24185407,0.046376746,0.18761377,0.06988317
375316653866487564,5352866089481849600,0.59348565,2255.9683441014963,3.0936767978127837,1.02210015E-5,17.357779,0.0058930437,0.27043027,0.0027398826,0.08976857,0.0034034955,0.30052447,0.01023706,0.7740302,0.0039759325,0.08507166,0.0046364283,0.23714931,0.0070819417,null,null,null,null,"TWOGAUSSIANS",8,4.796629,0.27043027,0.0027398826,0.4,0.0,0.29207265,0.010240711,0.7740302,0.0039759325,0.4,0.0,0.2286976,0.0062214113
375316653866487564,5352866119524743808,0.5277223,2222.123224481045,2.3668699609796318,1.0923759E-5,18.190945,0.005850154,0.3564562,0.0010797498,0.015917335,0.0015448052,0.623651,0.06420067,0.87062997,0.003743227,0.01598979,0.0077446653,0.056959935,0.021959867,null,null,null,null,"TWOGAUSSIANS",8,16.57618,0.3564562,0.0010797498,0.08913708,0.008650909,0.623651,0.06420067,0.87062997,0.003743227,0.08954283,0.043370124,0.056959935,0.021959867
375316653866487564,5352866639243700224,0.5361135,2217.2309096680524,3.720660877044856,2.0540198E-5,19.250664,0.047864504,0.26129562,0.0039445492,0.06017889,0.0068901647,0.56585795,0.10767691,0.73572505,0.020890288,0.038092725,0.010945475,0.5313211,0.16301824,0.06874046,0.06212333,0.26129562,0.0039445492,"TWOGAUSSIANS_WITH_ELLIPSOIDAL_ON_ECLIPSE1",9,11.857721,0.26129562,0.0039445492,0.3370018,0.03858492,0.7032392,0.038745854,0.73644507,0.020535333,0.21331926,0.061294656,0.6652828,0.09004125
375316653866487564,5352866707935710848,0.53730893,2268.97460432738,2.168600178676324,7.2377E-6,18.94426,0.0113417385,0.29452693,0.0016918153,0.030767564,0.0020645496,0.9120398,0.052529696,0.7996754,0.012569056,0.03414054,0.011030498,0.24873918,0.0551446,0.03952876,0.01802935,0.29452693,0.0016918153,"TWOGAUSSIANS_WITH_ELLIPSOIDAL_ON_ECLIPSE1",9,6.613973,0.29452693,0.0016918153,0.17229836,0.011561478,0.99109733,0.0512441,0.7996754,0.012569056,0.19118702,0.06177079,0.32771403,0.049475484
375316653866487564,5352868013633099392,0.4322622,2267.78671885466,3.9289706835561184,2.6499842E-5,19.867393,0.013350353,0.2275164,0.00609698,0.04200844,0.011107879,0.24273805,0.060537715,0.7052196,0.029693928,0.06803685,0.032673944,0.16105838,0.061077174,null,null,null,null,"TWOGAUSSIANS",8,3.4720309,0.2275164,0.00609698,0.23524727,0.06220412,0.24273337,0.060547873,0.7052196,0.029693928,0.38100633,0.14350377,0.1610537,0.06109238
375316653866487564,5352868421622802944,0.46574274,2236.684975075472,2.712847652841498,3.690839E-5,19.14413,0.15471444,0.22579482,0.008526569,0.118735984,0.049172614,0.2153486,0.1504835,0.7278822,0.0114185875,0.104906656,0.04825507,0.22132556,0.14665115,null,null,null,null,"TWOGAUSSIANS",8,4.2222857,0.7278922,0.011565832,0.4,0.0,0.18638015,0.04110659,0.22579482,0.008533209,0.4,0.0,0.18034747,0.019070338
375316653866487564,5352869967811881728,0.55298,2218.4996002588214,3.2988127763178694,1.7466282E-5,18.755037,0.028209753,0.29243317,0.0047201053,0.046827577,0.012888854,0.44135243,0.063173115,0.78785974,0.004738645,0.04922247,0.0055620107,0.33830634,0.072146945,0.08888076,0.03699188,0.29243317,0.0047201053,"TWOGAUSSIANS_WITH_ELLIPSOIDAL_ON_ECLIPSE1",9,7.0497456,0.29243317,0.0047201053,0.26223442,0.07217759,0.6191122,0.0993451,0.7882798,0.0043310616,0.27564582,0.03114726,0.51593274,0.023579706
375316653866487564,5352870040830235648,0.5394096,2218.943087289366,0.08465851959540827,1.1064562E-5,19.11232,0.012184197,0.6635023,8.184184E-6,0.0015054687,1.6693759E-5,1.9029438,0.08316916,0.56206965,0.039949782,0.10342077,0.05806961,0.034051925,0.012778404,null,null,null,null,"TWOGAUSSIANS",8,1.1995254,0.6635023,8.184184E-6,0.008430624,9.3485054E-5,1.9239938,0.08405352,0.56206965,0.039949782,0.4,0.0,0.03405135,0.0124639105
375316653866487564,5352870414486470144,0.46909115,2216.1882703114507,2.360945754255883,2.2731741E-5,18.487692,0.0022171026,0.2710356,1.6415319E-4,0.010301256,5.569753E-4,0.050274957,0.0019252828,0.51973194,8.9382456E-4,0.012365236,7.0710987E-4,0.14329384,0.0062344065,null,null,null,null,"TWOGAUSSIANS",8,1.5019413,0.51973194,8.9382456E-4,0.06924532,0.003959815,0.14329384,0.0062344065,0.2710356,1.6415319E-4,0.057687033,0.0031190617,0.050274957,0.0019252828
375316653866487564,5352870723726146304,0.50237036,2202.160242001238,3.142841399089052,1.8049028E-5,19.700743,0.017316056,0.18151604,0.0052601337,0.08987732,0.00901525,0.39177838,0.02261521,0.68174154,0.0057769865,0.08442497,0.0068785422,0.36376008,0.018235333,null,null,null,null,"TWOGAUSSIANS",8,1.8538601,0.18151604,0.0052601337,0.4,0.0,0.3794815,0.023042392,0.68174154,0.0057769865,0.4,0.0,0.35146335,0.0118080955
375316653866487564,5352871002905024256,0.52115554,2235.733428698349,2.8619027668734147,1.730739E-4,19.488861,0.005386024,0.4317686,0.08572608,0.15685138,0.08427892,0.02056207,0.007443124,0.6748802,1.7562023E-4,0.009332643,3.2673133E-4,0.7882078,0.07023098,null,null,null,null,"TWOGAUSSIANS",8,1.8435233,0.6748802,1.7562023E-4,0.0522628,0.0018296955,0.7941383,0.07177041,0.4317686,0.08572608,0.4,0.0,0.020306487,0.007518363
375316653866487564,5352871209061558656,0.47235468,2230.9268904531027,1.752314297420152,1.5969004E-5,19.304441,0.0028994335,0.60811734,0.002475242,0.023559282,0.0040549263,0.5118095,0.24607371,0.8244428,0.009800106,0.04130616,0.0048050233,0.05170075,0.009922047,null,null,null,null,"TWOGAUSSIANS",8,0.8713983,0.60811734,0.002475242,0.13193198,0.022707587,0.5118096,0.24607372,0.8244428,0.009800106,0.23131451,0.02690813,0.05170075,0.009922047
375316653866487564,5352871376562861056,0.55056477,2197.1697721081678,2.537450859864109,8.2637225E-6,18.28346,0.02180247,0.27741,0.0039197137,0.09416693,0.009624161,0.30878422,0.019645918,0.7846935,0.00282422,0.087487005,0.0076924204,0.31436408,0.022921622,null,null,null,null,"TWOGAUSSIANS",8,4.641738,0.7846935,0.00282422,0.4,0.0,0.30175653,0.019460706,0.27741,0.0039197137,0.4,0.0,0.2961762,0.013198288
375316653866487564,5352871548373713280,0.5411147,2210.149222032672,0.7281839188294501,1.9827235E-6,18.321705,0.006046862,0.2309977,0.0036386983,0.04346582,0.0044886554,0.12394219,0.011206408,0.73911065,0.0069314535,0.030724373,0.003213318,0.71957356,0.08750292,null,null,null,null,"TWOGAUSSIANS",8,4.689378,0.73911065,0.0069314535,0.1720565,0.01799458,0.71957356,0.08750292,0.2309977,0.0036386983,0.24340859,0.025136469,0.12394219,0.011206408
375316653866487564,5352871685797965184,0.5104489,2213.8950271170374,2.901772282564934,1.5452779E-5,19.10654,0.011553274,0.24907866,0.0036490767,0.09095718,0.0057637547,0.27336398,0.012490251,0.7394101,0.01125064,0.0886563,0.011412164,0.26176524,0.021404644,null,null,null,null,"TWOGAUSSIANS",8,1.7528646,0.24907866,0.0036490767,0.4,0.0,0.26381382,0.009946964,0.7394101,0.01125064,0.4,0.0,0.25221518,0.019715747
375316653866487564,5352871685799820800,0.5641808,2231.6974800800685,0.2988645190161772,1.4809E-6,17.763851,0.0011445883,0.36325586,8.640014E-6,0.019345794,7.302113E-5,0.23210366,0.0010985695,0.89722306,6.963123E-5,0.011426381,1.6467154E-4,0.26386338,0.0014324128,null,null,null,null,"TWOGAUSSIANS",8,1.4769188,0.89722306,6.963123E-5,0.06398773,9.2216063E-4,0.26386338,0.0014324128,0.36325586,8.640014E-6,0.10833644,4.0891833E-4,0.23210366,0.0010985695
375316653866487564,5352871861918337280,0.52629024,2243.4471548493507,0.5825638367338597,1.9278908E-5,16.80092,7.691451E-4,0.2911681,0.006310413,0.018251369,0.00340051,0.017638685,0.00474273,0.7784613,0.0025158029,0.016455673,0.0016183512,0.08400322,0.0059611886,null,null,null,null,"TWOGAUSSIANS",8,1.3196579,0.7784613,0.0025158029,0.09215176,0.009062766,0.08400322,0.0059611886,0.2911681,0.006310413,0.10220767,0.019042855,0.017638685,0.00474273
375316653866487564,5352872063757509376,0.55414337,2206.3228372975354,2.7980112701513984,6.856195E-6,18.047377,0.018210571,0.31898934,0.002481741,0.09939295,0.008460355,0.29470062,0.01671835,0.820601,0.0022113512,0.09576814,0.0067149177,0.29270837,0.015995776,null,null,null,null,"TWOGAUSSIANS",8,3.667122,0.31898934,0.002481741,0.4,0.0,0.27310508,0.014729276,0.820601,0.0022113512,0.4,0.0,0.27111402,0.0095112445
375316653866487564,5352872927048933376,0.45272443,2240.084664051141,2.537113874202273,5.862428E-5,19.412285,0.013868501,0.21897943,0.011762217,0.07007651,0.015396012,0.23790862,0.026720664,0.74773806,0.005141854,0.11379353,0.015409162,0.1712833,0.013936123,null,null,null,null,"TWOGAUSSIANS",8,3.12745,0.21895944,0.011765422,0.3924285,0.03350833,0.23196782,0.029160153,0.74773806,0.005141854,0.4,0.0,0.16530666,0.012856454
375316653866487564,5352873957862622592,0.62668985,2214.1030344283586,0.19798866018589234,6.026535E-6,17.354725,0.0016748713,0.3699197,0.0032142836,0.009079189,0.0035306886,0.09974622,0.05046179,0.87032026,2.856491E-4,0.0067832377,3.4027084E-4,0.66397876,0.02845036,null,null,null,null,"TWOGAUSSIANS",8,4.1420875,0.87032026,2.856491E-4,0.037986133,0.0019055167,0.66397876,0.02845036,0.3699197,0.0032142836,0.050843455,0.019771855,0.09974622,0.05046179
375316653866487564,5352874056622563456,0.5536717,2227.5111393873417,1.3144983896508824,2.3147153E-5,19.429026,0.007712686,0.3100221,0.0023524822,0.0350802,0.0014559434,0.9578123,0.075082794,0.8157986,0.011408528,0.034277044,0.010803734,0.1273778,0.012659596,null,null,null,null,"TWOGAUSSIANS",8,2.8376675,0.3100221,0.0023524822,0.1964491,0.008153283,0.9578123,0.075082794,0.8157986,0.011408528,0.19195145,0.06050091,0.1273778,0.012659596
375316653866487564,5352874129661370752,0.5313137,2219.356676190161,2.6506978216362134,1.0556768E-5,17.670383,0.042122405,0.2911937,0.0045531713,0.11592488,0.02066361,0.20463026,0.037832677,0.7795979,0.0027265006,0.11919903,0.016285239,0.21376485,0.04028803,null,null,null,null,"TWOGAUSSIANS",8,4.2005596,0.7795979,0.0027265006,0.4,0.0,0.17458344,0.00655764,0.2912537,0.004497961,0.4,0.0,0.16547792,0.008069037
375316653866487564,5352874331500482560,0.59255254,2217.799586345133,3.738900707589741,8.253647E-6,18.612413,0.01744335,0.31496093,0.0039253635,0.03690958,0.008339537,0.1865426,0.03951723,0.8114379,0.010710343,0.04285816,0.011286713,0.32382724,0.051018342,0.1335543,0.022738002,0.31496093,0.0039253635,"TWOGAUSSIANS_WITH_ELLIPSOIDAL_ON_ECLIPSE1",9,3.4318526,0.8118179,0.010168626,0.2400057,0.06320559,0.5908188,0.01483024,0.31496093,0.0039253635,0.20669365,0.04670141,0.45365107,0.011230861
375316653866487564,5352874404539284608,0.5248551,2248.683115510114,1.5127143826413942,2.0431435E-5,17.276102,0.32942322,0.11776291,0.008867842,0.12389559,0.07469569,0.10768409,0.27756545,0.6301304,0.009894298,0.13488369,0.1240562,0.11467043,0.31980935,null,null,null,null,"TWOGAUSSIANS",8,2.7034385,0.6302604,0.009031785,0.4,0.0,0.08342218,0.005503057,0.11746291,0.005559295,0.4,0.0,0.07661954,0.005741289
375316653866487564,5352874576337769856,0.6475938,2262.841748059552,1.4365884939040459,8.387506E-6,16.808102,0.0041461103,0.24744742,0.0036913648,0.040462818,0.0056268903,0.07591451,0.012883333,0.74941796,0.0078155445,0.048846085,0.004043487,0.31719223,0.036916118,0.03183531,0.0051914,0.24744742,0.0036913648,"TWOGAUSSIANS_WITH_ELLIPSOIDAL_ON_ECLIPSE1",9,2.6033275,0.74941796,0.007610874,0.27353808,0.022643525,0.38085252,0.03711265,0.24744742,0.0036913648,0.22659177,0.031510588,0.13958459,0.008468401
375316653866487564,5352874984335847040,0.5473493,2268.7136431338736,0.94801659413988,1.8088245E-5,18.891832,0.00429631,0.4920652,0.0019837879,0.041099146,0.0026661123,0.33034715,0.022529025,0.7515325,0.027573887,0.06514106,0.025192581,0.02888021,0.012208584,null,null,null,null,"TWOGAUSSIANS",8,2.0932543,0.4920652,0.0019767254,0.23015521,0.014930229,0.33035752,0.02253199,0.7515325,0.027573887,0.36478993,0.11323586,0.02888021,0.012208582
