Gaia/vari_eclipsing_binary/VariEclipsingBinary_460676-460686.csv
# %ECSV 1.0
# ---
# delimiter: ','
# meta: !!omap
# - RELEASE: Gaia DR3
# - TABLE: vari_eclipsing_binary
# - DESCRIPTION: >
#     This table describes the properties of the eclipsing binaries resulting from the variability analysis. 
# - CITATION: >
#     How to cite and acknowledge Gaia: 
#     https://gea.esac.esa.int/archive/documentation/credits.html 
# - KNOWN_ISSUES: >
#     Known issues: 
#     https://www.cosmos.esa.int/web/gaia-users/known-issues 
# - DOCUMENTATION: >
#     Tutorials and documentation: 
#     https://www.cosmos.esa.int/web/gaia-users/archive 
# datatype:
# - 
#   name: solution_id
#   datatype: int64
#   description: Solution Identifier
#   meta:
#     ucd: meta.version
# - 
#   name: source_id
#   datatype: int64
#   description: Unique source identifier
#   meta:
#     ucd: meta.id;meta.main
# - 
#   name: global_ranking
#   datatype: float32
#   description: Number between 0 (worst) and 1 (best)
#   meta:
#     ucd: stat.param
# - 
#   name: reference_time
#   datatype: float64
#   unit: d
#   description: Reference time used for the geometric model fit
#   meta:
#     ucd: time.epoch
# - 
#   name: frequency
#   datatype: float64
#   unit: d**-1
#   description: Frequency of geometric model of the eclipsing binary light curve
#   meta:
#     ucd: src.orbital
# - 
#   name: frequency_error
#   datatype: float32
#   unit: d**-1
#   description: "Uncertainty of \\texttt{frequency}"
#   meta:
#     ucd: stat.error
# - 
#   name: geom_model_reference_level
#   datatype: float32
#   unit: mag
#   description: Magnitude reference level of geometric model
#   meta:
#     ucd: phot.mag;em.opt
# - 
#   name: geom_model_reference_level_error
#   datatype: float32
#   unit: mag
#   description: "Uncertainty of \\texttt{geomModelReferenceLevel}"
#   meta:
#     ucd: stat.error;phot.mag;em.opt
# - 
#   name: geom_model_gaussian1_phase
#   datatype: float32
#   description: Phase of the Gaussian 1 component
#   meta:
#     ucd: time.phase
# - 
#   name: geom_model_gaussian1_phase_error
#   datatype: float32
#   description: "Uncertainty of \\texttt{geomModelGaussian1Phase}"
#   meta:
#     ucd: stat.error;time.phase
# - 
#   name: geom_model_gaussian1_sigma
#   datatype: float32
#   description: "Standard deviation [phase] of Gaussian 1 component"
#   meta:
#     ucd: stat.stdev
# - 
#   name: geom_model_gaussian1_sigma_error
#   datatype: float32
#   description: "Uncertainty of \\texttt{geomModelGaussian1Sigma}"
#   meta:
#     ucd: stat.error
# - 
#   name: geom_model_gaussian1_depth
#   datatype: float32
#   unit: mag
#   description: Magnitude depth of Gaussian 1 component
#   meta:
#     ucd: src.var.amplitude
# - 
#   name: geom_model_gaussian1_depth_error
#   datatype: float32
#   unit: mag
#   description: "Uncertainty of \\texttt{geomModelGaussian1Depth}"
#   meta:
#     ucd: stat.error;src.var.amplitude
# - 
#   name: geom_model_gaussian2_phase
#   datatype: float32
#   description: Phase of Gaussian 2 component
#   meta:
#     ucd: time.phase
# - 
#   name: geom_model_gaussian2_phase_error
#   datatype: float32
#   description: "Uncertainty of \\texttt{geomModelGaussian2Phase}"
#   meta:
#     ucd: stat.error;time.phase
# - 
#   name: geom_model_gaussian2_sigma
#   datatype: float32
[...]
#   datatype: float32
#   description: "Secondary eclipse: uncertainty of \\texttt{derivedSecondaryEclDuration}"
#   meta:
#     ucd: stat.error;time.duration
# - 
#   name: derived_secondary_ecl_depth
#   datatype: float32
#   unit: mag
#   description: "Secondary eclipse: depth"
#   meta:
#     ucd: src.var.amplitude
# - 
#   name: derived_secondary_ecl_depth_error
#   datatype: float32
#   unit: mag
#   description: "Secondary eclipse: uncertainty of \\texttt{derivedSecondaryEclDepth}"
#   meta:
#     ucd: stat.error;src.var.amplitude
solution_id,source_id,global_ranking,reference_time,frequency,frequency_error,geom_model_reference_level,geom_model_reference_level_error,geom_model_gaussian1_phase,geom_model_gaussian1_phase_error,geom_model_gaussian1_sigma,geom_model_gaussian1_sigma_error,geom_model_gaussian1_depth,geom_model_gaussian1_depth_error,geom_model_gaussian2_phase,geom_model_gaussian2_phase_error,geom_model_gaussian2_sigma,geom_model_gaussian2_sigma_error,geom_model_gaussian2_depth,geom_model_gaussian2_depth_error,geom_model_cosine_half_period_amplitude,geom_model_cosine_half_period_amplitude_error,geom_model_cosine_half_period_phase,geom_model_cosine_half_period_phase_error,model_type,num_model_parameters,reduced_chi2,derived_primary_ecl_phase,derived_primary_ecl_phase_error,derived_primary_ecl_duration,derived_primary_ecl_duration_error,derived_primary_ecl_depth,derived_primary_ecl_depth_error,derived_secondary_ecl_phase,derived_secondary_ecl_phase_error,derived_secondary_ecl_duration,derived_secondary_ecl_duration_error,derived_secondary_ecl_depth,derived_secondary_ecl_depth_error
[from data line 978]
375316653866487564,4052215194849617536,0.5322133,2266.0319088584997,1.749362746801293,1.6205995E-5,16.913157,0.5382991,0.28984484,0.0055448306,0.17281395,0.05318776,0.6573553,0.482355,0.79098,0.003633303,0.18969658,0.07343079,0.6591403,0.51288396,null,null,null,null,"TWOGAUSSIANS",8,8.395385,0.28934482,0.0059803533,0.4,0.0,0.19265005,0.02683474,0.79139996,0.0035950802,0.4,0.0,0.17356618,0.008953492
375316653866487564,4052215199056534656,0.46811607,2237.453160592947,2.421038095605687,4.3533615E-5,18.078112,0.07984376,0.22224881,0.01566147,0.13782197,0.07913411,0.12381804,0.076755494,0.7128418,0.005527107,0.08302,0.022811748,0.21899138,0.06510386,null,null,null,null,"TWOGAUSSIANS",8,10.219398,0.7128418,0.005527107,0.4,0.024281649,0.19914979,0.021451391,0.22224881,0.01566147,0.4,0.0,0.10362326,0.024240855
375316653866487564,4052215199056656896,0.4399004,2249.7512467210677,0.6656721870348495,6.199884E-5,18.384285,0.01939695,0.5264922,0.010633495,0.13624288,0.02445892,0.19209827,0.027019251,0.21551952,0.09856686,0.049152695,0.044401843,0.21561304,0.9625309,null,null,null,null,"TWOGAUSSIANS",8,7.707981,0.21828951,0.10109446,0.27525508,0.24865031,0.22961181,0.9582892,0.5264922,0.010633495,0.4,0.0,0.19156887,0.027285008
375316653866487564,4052215229209295232,0.48608539,2318.582763840621,0.22798095861550668,1.005986E-4,18.621069,0.0045554987,0.43938902,9.6787396E-4,0.04397574,0.0040122815,0.15877084,0.025560765,0.8153281,0.033055026,0.07953007,0.05822239,0.047713265,12.251531,null,null,null,null,"TWOGAUSSIANS",8,1.8214797,0.43938902,9.6375437E-4,0.24626414,0.022468776,0.15877111,0.025560923,0.8153281,0.033055026,0.4,0.20978661,0.04771287,12.2515335
375316653866487564,4052215233416335744,0.45599636,2324.315244493227,2.4590127498830348,1.08985005E-5,17.485304,0.023713784,0.26927444,0.0021216397,0.035270005,0.0035922194,1.7177533,0.58519965,0.7712373,0.024189234,0.048626818,0.024905555,0.41701958,0.4735943,null,null,null,null,"TWOGAUSSIANS",8,9.237189,0.26927444,0.0021216397,0.19751203,0.020116428,1.7177533,0.5851997,0.7712373,0.024189234,0.27231017,0.13947111,0.41701955,0.47359437
375316653866487564,4052215267776197760,0.43058208,2290.888640484461,1.0744083629676398,8.156566E-5,17.667458,0.0043739607,0.39603767,0.054599795,0.05863309,0.041440535,0.037116487,0.017787026,0.8582935,0.022873685,0.04092256,0.015708923,0.089586705,0.025586966,null,null,null,null,"TWOGAUSSIANS",8,5.4838343,0.8582935,0.022873685,0.22916633,0.087969966,0.08958665,0.02559086,0.39603767,0.054599795,0.3283453,0.141374,0.03711644,0.01780492
375316653866487564,4052215267776314624,0.47161072,2300.933914244275,2.8579562512063155,3.9615516E-5,18.487011,0.01717146,0.2008026,0.03646723,0.072246335,0.043288805,0.5997172,1.2618865,0.7282841,0.019918505,0.039750483,0.023375357,0.4819247,4.718522,null,null,null,null,"TWOGAUSSIANS",8,6.3066864,0.2008026,0.03646723,0.4,0.18353266,0.599701,1.2620852,0.7282841,0.019918505,0.22260271,0.130902,0.4819085,4.718609
375316653866487564,4052215332288472448,0.44489303,2282.998696263505,1.8392956907434839,1.3645129E-4,17.948792,0.2592422,0.5866538,0.02392931,0.17401963,0.12708715,0.34674755,0.21161285,0.948639,0.009374645,0.026277743,0.016745584,0.07786072,0.032902066,null,null,null,null,"TWOGAUSSIANS",8,15.783473,0.5866538,0.02392931,0.4,0.0,0.33556876,0.09809069,0.948639,0.009374645,0.14715536,0.09377527,0.10694918,0.019783571
375316653866487564,4052215332288527104,0.48581603,2240.7280038819626,0.41291428200616476,4.923196E-5,18.520525,0.37971988,0.3680176,0.010852443,0.22266658,0.09926041,0.5066129,0.33959585,0.8757906,4.3941542E-4,0.012421072,0.007204093,0.25910094,1.8478266,null,null,null,null,"TWOGAUSSIANS",8,16.567604,0.3680176,0.010852443,0.4,0.0,0.42048767,0.06235302,0.8758206,4.8613086E-4,0.069558,0.04034292,0.25456426,1.8503039
375316653866487564,4052215435370774144,0.43785328,2249.113825944354,0.15497157738053313,1.0042344E-4,16.891726,0.002669307,0.28094932,0.021479715,0.080177,0.053682137,0.07107435,0.49819914,0.068664074,0.16423836,0.04768545,0.08867244,0.01783841,0.018630179,null,null,null,null,"TWOGAUSSIANS",8,4.159743,0.28093934,0.017598491,0.4,0.24814247,0.07107524,0.52871305,0.082144074,0.33681056,0.26703852,0.23627008,0.02042538,0.57710606
375316653866487564,4052215439575026560,0.496616,2294.1406326902893,0.18381710272223611,8.379948E-6,17.443304,0.00405815,0.24236941,0.14935634,0.04587274,0.0351774,0.08947354,0.5947249,0.705302,0.014248915,0.056351952,0.006587571,0.36199015,0.2095732,null,null,null,null,"TWOGAUSSIANS",8,5.989757,0.705302,0.014248915,0.31557095,0.036890395,0.36198977,0.20957518,0.24236941,0.14935634,0.25688735,0.19699343,0.08947315,0.59471583
375316653866487564,4052215607026903680,0.46158162,2237.8758437320707,0.08798460402967495,2.4792538E-5,17.372126,0.020519786,0.23164245,0.008442893,0.057933,0.04346806,0.06742944,0.28813893,0.90158355,0.004019075,0.031276945,0.012084895,0.5283942,0.48088413,0.15958701,0.015707172,0.23164245,0.008442893,"TWOGAUSSIANS_WITH_ELLIPSOIDAL_ON_ECLIPSE1",9,11.8083725,0.90158355,0.004019075,0.1751509,0.06767541,0.60256356,0.47713953,0.23164245,0.008442893,0.3244248,0.24342115,0.38659698,0.2884272
375316653866487564,4052215645679802368,0.4690652,2310.8800551761688,0.07418121555934129,5.86232E-5,15.605486,0.07629245,0.24118945,0.0027122954,0.061696224,0.01833275,0.47028965,0.10915915,0.75829405,0.005418637,0.069311306,0.046272203,1.8885045,10.268617,null,null,null,null,"TWOGAUSSIANS",8,28.771778,0.75829405,0.005418637,0.3881433,0.12862088,1.8877048,10.271623,0.24118945,0.0027123871,0.34549886,0.085430965,0.46949,0.11173405
375316653866487564,4052215675721105408,0.46121684,2272.3784955712276,0.4946179061529433,1.4953431E-5,16.673208,0.003129169,0.13841365,0.0035249975,0.039580915,0.0052204616,0.057914943,0.007906224,0.6043942,0.0155404,0.095749296,0.040545017,0.022041062,0.033128295,null,null,null,null,"TWOGAUSSIANS",8,2.9894445,0.13841365,0.0035249975,0.22165313,0.029234586,0.057893362,0.007911298,0.6043942,0.0155404,0.4,0.02557877,0.022019321,0.033157237
375316653866487564,4052215714452572800,0.49224165,2261.062832230534,0.4751552540089072,6.507136E-5,18.630629,0.03551945,0.27534235,0.00266506,0.068759106,0.007542628,1.9764341,0.71079147,0.73348445,0.01927124,0.15734115,0.023452803,0.3043564,0.038901374,null,null,null,null,"TWOGAUSSIANS",8,4.540134,0.27549234,0.0025117563,0.38505098,0.0291032,1.9322929,0.72374254,0.73348445,0.01927124,0.4,0.0,0.25501278,0.018928798
375316653866487564,4052215744609132416,0.49244174,2269.953831490302,1.8393681613105743,8.705232E-5,18.489807,0.012544961,0.31918055,0.0055605383,0.051962346,0.008464278,0.12437329,0.00718421,0.6786609,0.023679366,0.1555105,0.028752754,0.15189809,0.014623773,null,null,null,null,"TWOGAUSSIANS",8,4.487843,0.6786609,0.023679366,0.4,0.0,0.14933841,0.013701087,0.32271054,0.0041385503,0.29098913,0.047399957,0.13261901,0.015487969
375316653866487564,4052215851838739840,0.45682198,2265.48632582838,1.7582574034524703,2.1258873E-4,18.50546,0.019138718,0.31706163,0.048045598,0.10914958,0.05777517,0.17372064,0.043066386,0.5252749,0.035084102,0.032941546,0.030641623,0.4579962,0.37405536,null,null,null,null,"TWOGAUSSIANS",8,5.9249763,0.5252749,0.035084102,0.18447265,0.17159308,0.48614895,0.37176153,0.31706163,0.047645025,0.4,0.0,0.173711,0.0437889
375316653866487564,4052215950770780032,0.48143223,2270.697922916711,0.025833106080151987,2.7226646E-5,18.225904,0.016059753,0.110109225,0.015146028,0.06944674,0.06327503,0.19908372,0.18922296,0.5051925,0.019208385,0.15132451,0.03142603,0.139582,0.030316519,null,null,null,null,"TWOGAUSSIANS",8,3.8653405,0.11206923,0.018766662,0.38890177,0.080306344,0.1971024,0.20042089,0.5051925,0.019208385,0.4,0.0,0.13285643,0.02285791
375316653866487564,4052215985130471808,0.5922829,2276.036827300061,1.5372580817642978,1.4671886E-5,17.519657,0.037260186,0.28775448,0.008493071,0.049986858,0.015051771,0.4114803,0.0900277,0.7871104,0.0058988156,0.05416738,0.012133619,0.38973016,0.29554388,0.114019744,0.042663645,0.28775448,0.008493071,"TWOGAUSSIANS_WITH_ELLIPSOIDAL_ON_ECLIPSE1",9,14.774087,0.28775448,0.008493071,0.27992642,0.084289916,0.63950896,0.069340974,0.78719044,0.0047090766,0.30333734,0.06794827,0.61775553,0.2990683
375316653866487564,4052216092357075968,0.45165312,2352.6661349245546,0.8340456343623563,4.9616985E-5,17.613138,0.052616686,0.41019365,0.0035819705,0.019658644,0.0039926497,0.44498923,0.038725983,0.83132654,0.048556227,0.15959488,0.058293063,0.19710645,0.054604866,null,null,null,null,"TWOGAUSSIANS",8,5.4342628,0.41027364,0.0036154664,0.1100884,0.02235884,0.44836026,0.04334442,0.83132654,0.048556227,0.4,0.0,0.19413649,0.039695475
375316653866487564,4052216161129590528,0.5188516,2267.200365434426,0.20625251986416762,7.558741E-5,18.763746,0.0430831,0.3608906,0.030485304,0.080771655,0.060524162,0.11135734,0.033697,0.71603924,0.007913838,0.0772863,0.017281346,0.3603944,0.043743227,null,null,null,null,"TWOGAUSSIANS",8,5.85169,0.71603924,0.007913838,0.4,0.041786492,0.3603065,0.043638974,0.3609206,0.03052771,0.4,0.2791505,0.11127177,0.033551116
375316653866487564,4052216298568947328,0.4796393,2271.388583859385,2.664786382576065,2.7209675E-5,18.149107,0.016929414,0.306107,0.019169798,0.076968856,0.033320244,0.18653484,0.100893795,0.5521944,0.02388277,0.034137554,0.028805941,1.267362,73366.94,null,null,null,null,"TWOGAUSSIANS",8,3.146131,0.5521944,0.02388277,0.1911703,0.16131328,1.2684867,73366.95,0.306107,0.019169798,0.4,0.040282995,0.18653484,0.10089577
375316653866487564,4052216332928673792,0.4751529,2360.498903066413,3.044375092371656,1.5368703E-4,16.80233,0.01910702,0.5440922,0.033899147,0.027255252,0.010866792,0.5706692,1.0753256,0.3712439,0.082208075,0.11872096,0.045124236,0.3425388,0.21042113,null,null,null,null,"TWOGAUSSIANS",8,8.651871,0.5421722,0.03264709,0.15262942,0.060854036,0.6906626,0.9835559,0.3712439,0.08220217,0.4,0.0,0.34244236,0.21047346
375316653866487564,4052216363102330752,0.48894155,2321.140785589738,4.619202897800411,2.8985212E-5,18.371855,0.01919878,0.3346774,0.0018488294,0.035148207,0.0035799916,0.57025033,0.04015619,0.86728835,0.022907116,0.05894791,0.022290427,0.38297564,0.13003059,null,null,null,null,"TWOGAUSSIANS",8,4.632116,0.3346774,0.0018488294,0.19682996,0.020047953,0.5702502,0.040154763,0.86728835,0.022907116,0.33010828,0.11334312,0.38297555,0.13003246
375316653866487564,4052216397462093824,0.50684893,2192.7392956057547,2.0865024477408958,6.037857E-5,18.344965,0.057796724,0.28567594,0.01319087,0.08082786,0.023107091,0.35991567,0.16790977,0.76470673,0.011235416,0.0735078,0.03221199,0.6151411,0.111230984,null,null,null,null,"TWOGAUSSIANS",8,28.83695,0.76470673,0.011235416,0.4,0.0033528723,0.6120415,0.1454257,0.28567594,0.013193022,0.4,0.0,0.35681602,0.16898662
375316653866487564,4052216466166305024,0.457335,2297.696170628996,1.8469841151448225,2.7528568E-4,18.353777,0.058223795,0.43514916,0.05254867,0.18329,0.10995365,0.18983215,0.06526648,0.8428636,0.018193217,0.05366792,0.021540213,0.13508198,0.06866584,null,null,null,null,"TWOGAUSSIANS",8,6.710371,0.43514916,0.05254867,0.4,0.0,0.1750155,0.066640645,0.8428636,0.018193217,0.30054036,0.1206252,0.137283,0.07068312
375316653866487564,4052216534885746048,0.49731025,2198.6450196403016,2.415668112191014,4.0140185E-5,18.536694,0.011119454,0.45233905,0.010241216,0.097587645,0.013830917,0.2133567,0.020796098,0.09300281,0.027326193,0.05686162,0.021782331,0.08208153,0.08664503,null,null,null,null,"TWOGAUSSIANS",8,1.590924,0.45233905,0.010241216,0.4,0.0,0.21335585,0.020793144,0.093372814,0.027410258,0.31842506,0.12198106,0.08232496,0.08682351
375316653866487564,4052216607753090432,0.46113807,2322.607618389197,0.5104214518550526,4.6949153E-5,18.45369,0.022652956,0.21307038,0.041027974,0.0516239,0.022307044,0.5826929,0.27274445,0.7632445,0.02146428,0.031099474,0.028844869,0.121788785,0.044115286,null,null,null,null,"TWOGAUSSIANS",8,5.057246,0.21307038,0.041027974,0.28909385,0.124919444,0.5826929,0.27274445,0.7632445,0.02146428,0.17415705,0.16153127,0.121788785,0.044115283
375316653866487564,4052216607806311936,0.40993246,2310.025231248612,0.8265873276854885,1.6601383E-5,18.607374,0.017064037,0.3212046,0.00761912,0.061576046,0.013069175,0.13214254,0.017887747,0.8510371,0.076188035,0.10863708,0.07744941,0.08196725,1.6650394,null,null,null,null,"TWOGAUSSIANS",8,5.499978,0.3211946,0.007635498,0.34482586,0.07318738,0.13069531,0.016626107,0.8510371,0.076188035,0.4,0.18286502,0.08051243,1.6662173
375316653866487564,4052216642166094464,0.50422156,2275.0879001496205,0.22501804161372915,4.315319E-5,18.577587,0.039646056,0.15379708,0.086484626,0.053092554,0.025153564,1.2980143,1.4887675,0.7837476,0.029315142,0.059683893,0.035151158,0.06343379,0.10763824,0.13605691,0.07193156,0.7837476,0.029315142,"TWOGAUSSIANS_WITH_ELLIPSOIDAL_ON_ECLIPSE2",9,7.122004,0.15751708,0.085276686,0.2973183,0.111081444,1.428775,1.4831461,0.7837476,0.029315142,0.3342298,0.16115752,0.33553743,0.06035042
375316653866487564,4052216710885460224,0.48863578,2289.419874412953,0.08823438324931794,9.735651E-5,17.831905,0.015169434,0.4903367,0.052325085,0.13076276,0.086192705,0.07363175,0.013940536,0.69433904,0.0049879793,0.04580935,0.013098714,0.12706769,0.030068157,null,null,null,null,"TWOGAUSSIANS",8,3.8247333,0.69433904,0.0049879793,0.25653237,0.0733528,0.14877398,0.011646777,0.4904767,0.05261937,0.4,0.0,0.073539615,0.012177236
375316653866487564,4052216741045017344,0.45481265,2317.991944714525,2.9931646603035085,7.4037205E-5,18.603287,0.08793584,0.26179776,0.010551885,0.08813928,0.03231048,0.45864552,0.1223529,0.82182086,0.057483573,0.074977554,0.045328215,0.64378905,0.2733319,null,null,null,null,"TWOGAUSSIANS",8,28.047235,0.82182086,0.057484522,0.4,0.21624602,0.6408531,0.27260715,0.26179776,0.010551885,0.4,0.05561684,0.4557078,0.12434024
375316653866487564,4052216775404084608,0.47740778,2181.2726563889423,0.09822235184241265,4.5517776E-5,18.714045,0.009221776,0.6887506,0.007557096,0.06681922,0.026079882,0.18996847,0.6040779,null,null,null,null,null,null,0.1139603,0.014628814,0.6887506,0.007557096,"ONEGAUSSIAN_WITH_ELLIPSOIDAL",6,7.8491077,0.6887506,0.007557096,0.37418765,0.14202338,0.41771784,0.60195845,null,null,null,null,null,null
375316653866487564,4052216779605091840,0.46831387,2212.8633888442682,0.441979769911071,8.624855E-5,18.282166,0.01224196,0.19543384,0.01593619,0.068719916,0.018944388,0.29645145,0.108375594,0.70379466,0.015690416,0.090843536,0.022332342,0.19539274,0.020750256,null,null,null,null,"TWOGAUSSIANS",8,4.2621665,0.19543384,0.01593619,0.38483152,0.05478131,0.293575,0.11231962,0.70379466,0.015690416,0.4,0.0,0.19251616,0.021375585
375316653866487564,4052216779605166208,0.43743193,2265.3904974162097,0.14652707357034192,9.696014E-5,18.453133,0.017125994,0.27104798,0.0066220956,0.092560925,0.007683172,0.21582998,0.024843706,0.769541,0.01041398,0.06071625,0.01190192,0.3413349,0.04977929,null,null,null,null,"TWOGAUSSIANS",8,10.913497,0.769541,0.01041398,0.340011,0.066650756,0.338959,0.05059721,0.27104798,0.0066220956,0.4,0.0,0.21345389,0.024136309
375316653866487564,4052216809764216448,0.48835567,2236.3599129913073,0.2702204994964207,2.8185805E-5,18.646755,0.0117772855,0.30710512,0.009865243,0.03320671,0.00974375,0.1273448,0.050371774,0.7198077,0.006541718,0.011951628,0.0030592936,0.67524636,1.449019,0.044838656,0.021621319,0.7198077,0.006541718,"TWOGAUSSIANS_WITH_ELLIPSOIDAL_ON_ECLIPSE2",9,4.6532135,0.7198077,0.006541718,0.06692912,0.017132046,0.7649236,1.45029,0.30285513,0.0079859365,0.18595757,0.054565,0.19370332,0.042294823
