Gaia/vari_eclipsing_binary/VariEclipsingBinary_354733-355017.csv
# %ECSV 1.0
# ---
# delimiter: ','
# meta: !!omap
# - RELEASE: Gaia DR3
# - TABLE: vari_eclipsing_binary
# - DESCRIPTION: >
#     This table describes the properties of the eclipsing binaries resulting from the variability analysis. 
# - CITATION: >
#     How to cite and acknowledge Gaia: 
#     https://gea.esac.esa.int/archive/documentation/credits.html 
# - KNOWN_ISSUES: >
#     Known issues: 
#     https://www.cosmos.esa.int/web/gaia-users/known-issues 
# - DOCUMENTATION: >
#     Tutorials and documentation: 
#     https://www.cosmos.esa.int/web/gaia-users/archive 
# datatype:
# - 
#   name: solution_id
#   datatype: int64
#   description: Solution Identifier
#   meta:
#     ucd: meta.version
# - 
#   name: source_id
#   datatype: int64
#   description: Unique source identifier
#   meta:
#     ucd: meta.id;meta.main
# - 
#   name: global_ranking
#   datatype: float32
#   description: Number between 0 (worst) and 1 (best)
#   meta:
#     ucd: stat.param
# - 
#   name: reference_time
#   datatype: float64
#   unit: d
#   description: Reference time used for the geometric model fit
#   meta:
#     ucd: time.epoch
# - 
#   name: frequency
#   datatype: float64
#   unit: d**-1
#   description: Frequency of geometric model of the eclipsing binary light curve
#   meta:
#     ucd: src.orbital
# - 
#   name: frequency_error
#   datatype: float32
#   unit: d**-1
#   description: "Uncertainty of \\texttt{frequency}"
#   meta:
#     ucd: stat.error
# - 
#   name: geom_model_reference_level
#   datatype: float32
#   unit: mag
#   description: Magnitude reference level of geometric model
#   meta:
#     ucd: phot.mag;em.opt
# - 
#   name: geom_model_reference_level_error
#   datatype: float32
#   unit: mag
#   description: "Uncertainty of \\texttt{geomModelReferenceLevel}"
#   meta:
#     ucd: stat.error;phot.mag;em.opt
# - 
#   name: geom_model_gaussian1_phase
#   datatype: float32
#   description: Phase of the Gaussian 1 component
#   meta:
#     ucd: time.phase
# - 
#   name: geom_model_gaussian1_phase_error
#   datatype: float32
#   description: "Uncertainty of \\texttt{geomModelGaussian1Phase}"
#   meta:
#     ucd: stat.error;time.phase
# - 
#   name: geom_model_gaussian1_sigma
#   datatype: float32
#   description: "Standard deviation [phase] of Gaussian 1 component"
#   meta:
#     ucd: stat.stdev
# - 
#   name: geom_model_gaussian1_sigma_error
#   datatype: float32
#   description: "Uncertainty of \\texttt{geomModelGaussian1Sigma}"
#   meta:
#     ucd: stat.error
# - 
#   name: geom_model_gaussian1_depth
#   datatype: float32
#   unit: mag
#   description: Magnitude depth of Gaussian 1 component
#   meta:
#     ucd: src.var.amplitude
# - 
#   name: geom_model_gaussian1_depth_error
#   datatype: float32
#   unit: mag
#   description: "Uncertainty of \\texttt{geomModelGaussian1Depth}"
#   meta:
#     ucd: stat.error;src.var.amplitude
# - 
#   name: geom_model_gaussian2_phase
#   datatype: float32
#   description: Phase of Gaussian 2 component
#   meta:
#     ucd: time.phase
# - 
#   name: geom_model_gaussian2_phase_error
#   datatype: float32
#   description: "Uncertainty of \\texttt{geomModelGaussian2Phase}"
#   meta:
#     ucd: stat.error;time.phase
# - 
#   name: geom_model_gaussian2_sigma
#   datatype: float32
[...]
#   datatype: float32
#   description: "Secondary eclipse: uncertainty of \\texttt{derivedSecondaryEclDuration}"
#   meta:
#     ucd: stat.error;time.duration
# - 
#   name: derived_secondary_ecl_depth
#   datatype: float32
#   unit: mag
#   description: "Secondary eclipse: depth"
#   meta:
#     ucd: src.var.amplitude
# - 
#   name: derived_secondary_ecl_depth_error
#   datatype: float32
#   unit: mag
#   description: "Secondary eclipse: uncertainty of \\texttt{derivedSecondaryEclDepth}"
#   meta:
#     ucd: stat.error;src.var.amplitude
solution_id,source_id,global_ranking,reference_time,frequency,frequency_error,geom_model_reference_level,geom_model_reference_level_error,geom_model_gaussian1_phase,geom_model_gaussian1_phase_error,geom_model_gaussian1_sigma,geom_model_gaussian1_sigma_error,geom_model_gaussian1_depth,geom_model_gaussian1_depth_error,geom_model_gaussian2_phase,geom_model_gaussian2_phase_error,geom_model_gaussian2_sigma,geom_model_gaussian2_sigma_error,geom_model_gaussian2_depth,geom_model_gaussian2_depth_error,geom_model_cosine_half_period_amplitude,geom_model_cosine_half_period_amplitude_error,geom_model_cosine_half_period_phase,geom_model_cosine_half_period_phase_error,model_type,num_model_parameters,reduced_chi2,derived_primary_ecl_phase,derived_primary_ecl_phase_error,derived_primary_ecl_duration,derived_primary_ecl_duration_error,derived_primary_ecl_depth,derived_primary_ecl_depth_error,derived_secondary_ecl_phase,derived_secondary_ecl_phase_error,derived_secondary_ecl_duration,derived_secondary_ecl_duration_error,derived_secondary_ecl_depth,derived_secondary_ecl_depth_error
[from data line 520]
375316653866487564,3121847182973413248,0.49598637,2209.0558950712666,1.5818981706474897,1.3488648E-4,15.270834,0.0023660362,0.57070005,0.019173201,0.045532152,0.025201896,0.35323852,0.1365595,null,null,null,null,null,null,null,null,null,null,"ONEGAUSSIAN",5,250.72292,0.57070005,0.019173201,0.25498006,0.14113061,0.35323852,0.0,null,null,null,null,null,null
375316653866487564,3121847384834104832,0.59559745,2252.368608543145,2.664677965791035,1.3628436E-5,17.897457,0.016620032,0.16036122,0.0029286703,0.08231997,0.0059085567,0.43801922,0.026881808,0.65632415,0.004558252,0.08040809,0.005360789,0.46885407,0.019707114,null,null,null,null,"TWOGAUSSIANS",8,6.030339,0.65632415,0.004558252,0.4,0.0,0.46137694,0.017307108,0.16036122,0.0029286703,0.4,0.0,0.43054205,0.027483437
375316653866487564,3121848110686660352,0.6185748,2284.9243726775508,3.541120752868085,6.6635894E-6,13.402329,0.0041941227,0.2771545,0.00285402,0.08076479,0.00344808,0.2191291,0.01147224,0.7864683,0.0029805554,0.07710074,0.0036757994,0.26235163,0.006019342,null,null,null,null,"TWOGAUSSIANS",8,84.24207,0.7864683,0.0029805554,0.4,0.0,0.2597257,0.0057843933,0.2771545,0.00285402,0.4,0.0,0.21650314,0.011515666
375316653866487564,3121851855898095488,0.4582616,2216.4173165344246,2.0278354898216997,7.754725E-5,19.048935,0.13178723,0.23548752,0.03206396,0.07066829,0.04446183,0.3871208,18.006165,0.67062914,0.030089742,0.22358552,0.16008437,0.11734141,0.1268837,null,null,null,null,"TWOGAUSSIANS",8,3.4211926,0.23679753,0.03251024,0.3957424,0.2439413,0.3698755,18.018784,0.67062914,0.030089742,0.4,0.0,0.07755794,0.019832602
375316653866487564,3121854978336495232,0.61919177,2255.2106093003113,0.7086407930843186,1.6131675E-5,16.586428,0.0020261125,0.2750768,0.004824013,0.028405122,0.005387917,0.09673985,0.03804597,0.7713584,0.0038383207,0.027059529,0.0036413462,0.18317433,0.010650678,0.021903386,0.0052446206,0.2750768,0.004824013,"TWOGAUSSIANS_WITH_ELLIPSOIDAL_ON_ECLIPSE1",9,3.2199438,0.7714084,0.0037783755,0.15153337,0.020391539,0.2269575,0.012623668,0.2750768,0.004824013,0.15906869,0.030172335,0.14054662,0.037088953
375316653866487564,3121856077848184064,0.5937361,2256.0651338735656,3.2217437747122593,1.9913638E-5,18.577269,0.025363773,0.21822962,0.0038537637,0.078959346,0.005902804,0.5063891,0.024838446,0.72256005,0.005757522,0.08460368,0.00908952,0.496748,0.03190198,null,null,null,null,"TWOGAUSSIANS",8,4.6811523,0.21822962,0.0038537637,0.4,0.0,0.49775037,0.019633248,0.72256005,0.005757522,0.4,0.0,0.48810926,0.031987015
375316653866487564,3121856249646952192,0.5061866,2249.776360835377,3.8683731021433796,2.8486274E-5,18.681034,0.051036302,0.2455434,0.011039087,0.098741114,0.022834595,0.29598856,0.061035797,0.73307645,0.006409907,0.097315684,0.029376997,0.27111426,0.02581939,null,null,null,null,"TWOGAUSSIANS",8,3.3878515,0.2455434,0.011038149,0.4,0.0,0.27738154,0.0633309,0.73307645,0.006409907,0.4,0.0,0.25250795,0.03605665
375316653866487564,3121857353456010624,0.6113284,2212.9879205661514,1.2548475277055244,1.4007329E-4,16.81148,0.0017647595,0.41025782,0.034904532,0.13646765,0.060655788,0.011316926,0.0026958464,0.7407306,5.998998E-6,0.007937374,3.0098253E-4,0.3209496,0.014321676,null,null,null,null,"TWOGAUSSIANS",8,1.1795845,0.7407306,5.998998E-6,0.044449292,0.0016855021,0.32152516,0.01555464,0.41025782,0.034904532,0.4,0.0,0.011289397,0.0029115498
375316653866487564,3121857658395760256,0.55489284,2147.082055910046,0.2879032737496233,9.628806E-5,17.822567,0.0018457366,0.91357434,0.009615899,0.020960627,0.0062252376,0.041742645,0.008579135,0.5321653,0.002569393,0.076994196,0.0077841175,0.18736285,0.016260987,null,null,null,null,"TWOGAUSSIANS",8,1.270773,0.5321653,0.002569393,0.4,0.007709565,0.18736285,0.016260989,0.91357434,0.009615899,0.11737952,0.034861334,0.041743524,0.008579456
375316653866487564,3121859002723412352,0.53776574,2218.48611987207,0.9558640596135902,1.0410218E-6,15.9345665,0.0020732114,0.545162,4.9556453E-5,0.0045046867,1.368021E-4,0.12790625,6.8995013E-4,null,null,null,null,null,null,null,null,null,null,"ONEGAUSSIAN",5,11.114387,0.545162,4.9556453E-5,0.025226245,7.6609175E-4,0.12790625,0.0,null,null,null,null,null,null
375316653866487564,3121862576136295808,0.5769418,2257.3748033858114,2.948762527305946,1.0510816E-5,17.340067,0.012916759,0.12440354,0.003599046,0.08407255,0.004277995,0.4017222,0.020112762,0.6361744,0.0033895012,0.08644786,0.0060006822,0.4081005,0.016163144,null,null,null,null,"TWOGAUSSIANS",8,9.496074,0.6361744,0.0033895012,0.4,0.0,0.39913648,0.015727175,0.12440354,0.003599046,0.4,0.0,0.39275822,0.019048927
375316653866487564,3121862644855752704,0.50857544,2241.8364242631924,3.3944496120020005,2.2876815E-5,19.383846,0.02837127,0.2855663,0.011803629,0.09237015,0.013194107,0.27680242,0.030648336,0.771334,0.013263515,0.104146376,0.01759621,0.29403263,0.02570715,null,null,null,null,"TWOGAUSSIANS",8,1.2915682,0.771334,0.013263515,0.4,0.0,0.27543604,0.01386973,0.28557628,0.0118038915,0.4,0.0,0.25821257,0.019495673
375316653866487564,3121865973452738176,0.57230514,2241.821869065895,2.937628514739425,8.859763E-6,15.812543,0.047197532,0.24655408,0.028947014,0.08422649,0.060686972,0.37154534,1.8878876,0.75102437,0.0027754174,0.089517005,0.010091,0.41767526,0.042460043,null,null,null,null,"TWOGAUSSIANS",8,53.42513,0.75102437,0.0027754174,0.4,0.0,0.4060242,0.013093308,0.24655408,0.028947014,0.4,0.15639019,0.35989445,1.90367
375316653866487564,3121866213970969600,0.5579662,2207.141182864344,2.0188078133123835,2.1784954E-5,16.190447,0.2567964,0.2473535,0.009208557,0.13350488,0.08720831,0.39550564,0.2049348,0.71156895,0.010664672,0.10799593,0.020883424,0.6333036,0.21684904,null,null,null,null,"TWOGAUSSIANS",8,81.659325,0.71156895,0.010664672,0.4,0.0,0.55268276,0.027532296,0.2474535,0.009228724,0.4,0.0,0.31388655,0.046465043
375316653866487564,3121867317780002816,0.5410394,2215.3890831795316,1.607674830652827,3.771983E-5,15.72374,0.0021200369,0.4476376,0.116969846,0.063959844,0.066496864,0.18006715,341.80206,0.16160344,0.0064124577,0.0068639293,0.0021274202,0.13996021,0.09201957,null,null,null,null,"TWOGAUSSIANS",8,8.738465,0.4476376,0.116969846,0.35817513,0.37238246,0.18006715,341.80206,0.16160344,0.0064124577,0.038438004,0.011913554,0.1399684,0.09202747
375316653866487564,3121872158205988992,0.53796554,2251.8535358191953,3.341426523612859,1.1447199E-5,19.390736,0.02301687,0.32126123,0.017457811,0.07821616,0.017880933,0.3118233,0.048938245,0.8211491,0.0034845562,0.07308542,0.0066065793,0.34111962,0.026651114,null,null,null,null,"TWOGAUSSIANS",8,1.8162117,0.8211491,0.0034845562,0.4,0.0058787977,0.33835927,0.023170017,0.32126123,0.017457811,0.4,0.03507332,0.309063,0.04778745
375316653866487564,3121873773113889664,0.54130656,2273.052715485688,0.06471466666018519,1.3648103E-4,18.768242,0.0029838071,0.22312436,0.011371284,0.012841409,0.009488373,1.1821419,1.1501625,0.70267004,0.032014124,0.018246882,0.014668511,0.07822444,2.3002846,null,null,null,null,"TWOGAUSSIANS",8,1.6523072,0.22312436,0.011371284,0.071911894,0.05313489,1.1821419,1.1501625,0.70267004,0.032014124,0.10218254,0.082143664,0.07822444,2.3002846
375316653866487564,3121877346526956928,0.60642624,2235.3550081986423,3.6846291309071515,5.70879E-6,18.707329,0.010340505,0.2925696,0.0032593783,0.071299344,0.0035529952,0.5414608,0.013544799,0.796565,0.010045652,0.071306676,0.011144331,0.40244836,0.071308345,null,null,null,null,"TWOGAUSSIANS",8,1.4659576,0.2925696,0.0032593783,0.39927632,0.012863573,0.53965145,0.011694087,0.796565,0.010045652,0.39931735,0.028175417,0.400639,0.07316936
375316653866487564,3121887315147966336,0.4901824,2212.695727104539,3.445487447633646,3.0741663E-5,17.476517,0.044910472,0.28045338,0.006045433,0.10083457,0.028887223,0.12823038,0.041384064,0.7759302,0.02427076,0.12275261,0.037753604,0.16377166,0.043848727,null,null,null,null,"TWOGAUSSIANS",8,9.276957,0.7759302,0.02427076,0.4,0.0,0.14088647,0.010980567,0.2804834,0.006063535,0.4,0.0,0.105426624,0.010645939
375316653866487564,3121893740418689920,0.5354009,2208.273532793434,2.681963822063554,3.5117886E-5,18.475126,0.0073043825,0.23890375,0.005662122,0.07038199,0.009533004,0.33679757,0.04671255,0.7263967,0.008265686,0.07734477,0.008581559,0.21850112,0.012301526,null,null,null,null,"TWOGAUSSIANS",8,2.6749227,0.23890375,0.005662122,0.39413917,0.022754567,0.33549544,0.04791265,0.7263967,0.008265686,0.4,0.004608691,0.21719901,0.012100604
375316653866487564,3121895522833267840,0.49866605,2254.3149645547255,0.022469443688405307,8.2013785E-6,18.113813,0.019288423,0.3877858,0.019322973,0.16029562,0.03525675,0.11135634,0.017856322,0.6377399,5.0331705E-4,0.0062470427,0.0024861696,0.93349415,0.6798068,null,null,null,null,"TWOGAUSSIANS",8,12.5254965,0.6377399,5.0331705E-4,0.034983438,0.013922549,0.96479374,0.6823391,0.3877858,0.019322973,0.4,0.0,0.109638505,0.014990367
375316653866487564,3121899130602667520,0.52833223,2233.088614151869,1.8980451245436856,1.3379149E-5,17.46975,0.017731318,0.28167054,3.1917926E-4,0.01895191,6.768174E-4,1.277623,0.051683024,0.67272234,0.1300235,0.06787797,0.070913464,0.13443458,0.107077055,null,null,null,null,"TWOGAUSSIANS",8,90.77879,0.28167054,3.091964E-4,0.1061307,0.0037901774,1.2776232,0.051952243,0.67272234,0.1300235,0.38011664,0.11268281,0.13443458,0.107180156
375316653866487564,3121899787732600960,0.49636242,2218.671626740431,0.27926345917014994,1.0649565E-5,16.897776,0.0046770056,0.5319857,0.0079645775,0.06158948,0.008465668,0.14673464,0.039583065,0.3174275,0.023812242,0.03571414,0.015541057,0.073524185,0.051820952,null,null,null,null,"TWOGAUSSIANS",8,1.1905633,0.5319857,0.0079645775,0.34490108,0.047407743,0.14673464,0.039583065,0.3177675,0.023976423,0.19999918,0.08702992,0.07386725,0.051590633
375316653866487564,3121900573711736320,0.6194576,2197.862338587458,3.39423761783019,3.2245705E-5,19.496515,0.012464927,0.28716296,0.0045468896,0.036179524,0.01141026,0.3499839,0.31454352,0.78178,0.035199855,0.042620063,0.026512463,0.60669124,0.23800413,0.14718272,0.019106964,0.28716296,0.0045468896,"TWOGAUSSIANS_WITH_ELLIPSOIDAL_ON_ECLIPSE1",9,2.3157065,0.78213,0.03211935,0.23867235,0.14846979,0.90074176,0.22210361,0.28716296,0.0045468896,0.20260534,0.06389745,0.64434916,0.32189718
375316653866487564,3121901845022137472,0.58245444,2176.617669427798,3.3939293471903933,1.0908202E-5,19.174707,0.005890225,0.29862958,0.004462717,0.07646714,0.007436539,0.38940424,0.011629113,0.79977775,0.0021746731,0.07893575,0.004072756,0.44180977,0.010350478,null,null,null,null,"TWOGAUSSIANS",8,1.1375858,0.79977775,0.0021746731,0.4,0.0,0.4372283,0.011155345,0.29862958,0.004462717,0.4,0.0083629815,0.38482276,0.012584757
375316653866487564,3121904181484425216,0.5661605,2178.9216771747556,3.8189358344302127,1.5695708E-5,19.384272,0.011371547,0.23077193,0.005526517,0.07016639,0.0075519527,0.61650664,0.05216295,0.7386861,0.0027459427,0.06204923,0.0068377717,0.6851641,0.08098946,null,null,null,null,"TWOGAUSSIANS",8,2.5748193,0.7386861,0.0027459427,0.34747568,0.03829152,0.6843569,0.08169223,0.23077193,0.005526517,0.3929318,0.035944495,0.61569947,0.052654482
375316653866487564,3121910778551634304,0.57394797,2232.7438929063037,2.2771681505938877,9.372205E-6,18.131884,0.010256862,0.27892435,0.004726195,0.06890871,0.012072576,0.17483315,0.027575104,0.7767958,9.3468867E-4,0.03438117,8.443923E-4,0.6693461,0.011401449,null,null,null,null,"TWOGAUSSIANS",8,8.394343,0.7767958,9.3468867E-4,0.19253455,0.0047285967,0.66934234,0.011398468,0.27892435,0.004726195,0.38588876,0.06487585,0.17482942,0.027579261
375316653866487564,3121914390621734656,0.615538,2221.8785878043905,0.5061235492094596,3.678983E-5,15.928107,0.0025059748,0.3230887,0.008670649,0.016300922,0.004427057,0.33150503,0.06501701,0.82746583,0.023417087,0.03445844,0.03329575,0.046719152,0.58547044,0.014312652,0.00347823,0.3230887,0.008670649,"TWOGAUSSIANS_WITH_ELLIPSOIDAL_ON_ECLIPSE1",9,9.822574,0.3230887,0.008670649,0.09128516,0.024791522,0.3601303,0.06421698,0.82746583,0.023332398,0.19296725,0.1864562,0.07532281,0.58703357
375316653866487564,3121915249615230720,0.6069786,2199.8802041568415,1.9600278905509199,1.0572169E-5,17.976633,0.00676581,0.29431802,0.0042583207,0.07929103,0.0059512057,0.3224964,0.02109039,0.79649246,0.0018859648,0.07792309,0.002380035,0.3399323,0.007066493,null,null,null,null,"TWOGAUSSIANS",8,1.7764854,0.79649246,0.0018859648,0.4,0.0,0.33590233,0.005993262,0.29431802,0.0042583207,0.4,0.0,0.31846642,0.022008538
375316653866487564,3121916452205964160,0.5906134,2263.591240752703,3.330937005375336,8.736248E-6,18.86754,0.008744999,0.2986105,0.0024283007,0.08160873,0.0032701408,0.37314078,0.010997493,0.7918827,0.004715934,0.07803646,0.0049366183,0.4123906,0.021025022,null,null,null,null,"TWOGAUSSIANS",8,1.6383029,0.7918827,0.004715934,0.4,0.0,0.4073062,0.02137284,0.2986105,0.0024283007,0.4,0.0,0.3680564,0.009966644
375316653866487564,3121918062816693504,0.5651896,2256.1729040735167,3.2614874389683397,1.5708343E-5,18.317713,0.030235322,0.16859041,0.0034083512,0.08022042,0.009057945,0.30698767,0.031421468,0.65866596,0.0071982336,0.08444449,0.013306755,0.36578622,0.026330836,null,null,null,null,"TWOGAUSSIANS",8,5.2713103,0.65866596,0.0071982336,0.4,0.0,0.360233,0.023105824,0.16859041,0.0034083512,0.4,0.0,0.3014345,0.027548164
375316653866487564,3121920815890492928,0.5988354,2296.0219163432525,2.083007178414971,1.8543242E-5,17.514812,0.010011075,0.22204347,0.006991418,0.09176063,0.009576272,0.14880846,0.013198112,0.72111595,0.0036911597,0.07497232,0.004846166,0.29529816,0.0117906,null,null,null,null,"TWOGAUSSIANS",8,3.5175385,0.72111595,0.0036911597,0.4,0.0,0.2909326,0.010184092,0.22204347,0.006991418,0.4,0.0,0.14444278,0.012288218
375316653866487564,3121921017754228736,0.4695712,2273.0155575353356,0.3114418102417141,2.516265E-5,19.592802,0.0066945697,0.2854742,0.035417486,0.059935864,0.02055288,0.1801139,0.101583794,0.79574114,0.00943639,0.08459597,0.010717737,0.17842916,0.031038027,null,null,null,null,"TWOGAUSSIANS",8,1.4181776,0.2854742,0.035417486,0.33564085,0.11226928,0.17942089,0.10191857,0.79574114,0.00943639,0.4,0.0,0.17773613,0.03149645
375316653866487564,3121933632074653696,0.53143567,2183.8095870580178,3.167851923385932,2.0495256E-5,16.701838,0.024459226,0.23009999,0.0052070105,0.105526336,0.019325728,0.1600562,0.020423813,0.72731864,0.0064750966,0.09257445,0.020686315,0.1435445,0.018200077,null,null,null,null,"TWOGAUSSIANS",8,10.090343,0.23009999,0.0052070105,0.4,0.0,0.1479357,0.007138122,0.72731864,0.00647638,0.4,0.0,0.13142817,0.011432455
375316653866487564,3121936002897047424,0.6065365,2252.6844501842193,3.2933927923222774,1.0519242E-5,16.141691,0.07191323,0.2760391,0.0044568805,0.13003607,0.020384135,0.24523585,0.069845945,0.7949751,0.0057598734,0.13651039,0.02063982,0.2622165,0.070985615,null,null,null,null,"TWOGAUSSIANS",8,5.408679,0.7953251,0.005535517,0.4,0.0,0.18630314,0.0055871084,0.2754491,0.0038582268,0.4,0.0,0.16969512,0.008000189
375316653866487564,3121937476069858944,0.5058497,2251.0970712109997,3.6293558543743645,2.7601256E-5,17.802385,0.09517709,0.15670025,0.0052225734,0.10065902,0.028216587,0.32425228,0.076722614,0.66872275,0.020517468,0.09238064,0.05863092,0.28392226,0.06778225,null,null,null,null,"TWOGAUSSIANS",8,16.11957,0.15670025,0.005187275,0.4,0.0,0.30621436,0.02159179,0.66872275,0.02052188,0.4,0.0016109362,0.26588738,0.08972881
375316653866487564,3121939954266852224,0.47379455,2277.055160656485,2.5578235685930673,1.1163018E-5,19.289165,0.0092881,null,null,null,null,null,null,null,null,null,null,null,null,0.20793691,0.017064031,0.24473643,0.00337332,"ELLIPSOIDAL",4,9.463484,null,null,null,null,null,null,null,null,null,null,null,null
