Gaia/vari_eclipsing_binary/VariEclipsingBinary_663012-663035.csv
# %ECSV 1.0
# ---
# delimiter: ','
# meta: !!omap
# - RELEASE: Gaia DR3
# - TABLE: vari_eclipsing_binary
# - DESCRIPTION: >
#     This table describes the properties of the eclipsing binaries resulting from the variability analysis. 
# - CITATION: >
#     How to cite and acknowledge Gaia: 
#     https://gea.esac.esa.int/archive/documentation/credits.html 
# - KNOWN_ISSUES: >
#     Known issues: 
#     https://www.cosmos.esa.int/web/gaia-users/known-issues 
# - DOCUMENTATION: >
#     Tutorials and documentation: 
#     https://www.cosmos.esa.int/web/gaia-users/archive 
# datatype:
# - 
#   name: solution_id
#   datatype: int64
#   description: Solution Identifier
#   meta:
#     ucd: meta.version
# - 
#   name: source_id
#   datatype: int64
#   description: Unique source identifier
#   meta:
#     ucd: meta.id;meta.main
# - 
#   name: global_ranking
#   datatype: float32
#   description: Number between 0 (worst) and 1 (best)
#   meta:
#     ucd: stat.param
# - 
#   name: reference_time
#   datatype: float64
#   unit: d
#   description: Reference time used for the geometric model fit
#   meta:
#     ucd: time.epoch
# - 
#   name: frequency
#   datatype: float64
#   unit: d**-1
#   description: Frequency of geometric model of the eclipsing binary light curve
#   meta:
#     ucd: src.orbital
# - 
#   name: frequency_error
#   datatype: float32
#   unit: d**-1
#   description: "Uncertainty of \\texttt{frequency}"
#   meta:
#     ucd: stat.error
# - 
#   name: geom_model_reference_level
#   datatype: float32
#   unit: mag
#   description: Magnitude reference level of geometric model
#   meta:
#     ucd: phot.mag;em.opt
# - 
#   name: geom_model_reference_level_error
#   datatype: float32
#   unit: mag
#   description: "Uncertainty of \\texttt{geomModelReferenceLevel}"
#   meta:
#     ucd: stat.error;phot.mag;em.opt
# - 
#   name: geom_model_gaussian1_phase
#   datatype: float32
#   description: Phase of the Gaussian 1 component
#   meta:
#     ucd: time.phase
# - 
#   name: geom_model_gaussian1_phase_error
#   datatype: float32
#   description: "Uncertainty of \\texttt{geomModelGaussian1Phase}"
#   meta:
#     ucd: stat.error;time.phase
# - 
#   name: geom_model_gaussian1_sigma
#   datatype: float32
#   description: "Standard deviation [phase] of Gaussian 1 component"
#   meta:
#     ucd: stat.stdev
# - 
#   name: geom_model_gaussian1_sigma_error
#   datatype: float32
#   description: "Uncertainty of \\texttt{geomModelGaussian1Sigma}"
#   meta:
#     ucd: stat.error
# - 
#   name: geom_model_gaussian1_depth
#   datatype: float32
#   unit: mag
#   description: Magnitude depth of Gaussian 1 component
#   meta:
#     ucd: src.var.amplitude
# - 
#   name: geom_model_gaussian1_depth_error
#   datatype: float32
#   unit: mag
#   description: "Uncertainty of \\texttt{geomModelGaussian1Depth}"
#   meta:
#     ucd: stat.error;src.var.amplitude
# - 
#   name: geom_model_gaussian2_phase
#   datatype: float32
#   description: Phase of Gaussian 2 component
#   meta:
#     ucd: time.phase
# - 
#   name: geom_model_gaussian2_phase_error
#   datatype: float32
#   description: "Uncertainty of \\texttt{geomModelGaussian2Phase}"
#   meta:
#     ucd: stat.error;time.phase
# - 
#   name: geom_model_gaussian2_sigma
#   datatype: float32
[...]
#   datatype: float32
#   description: "Secondary eclipse: uncertainty of \\texttt{derivedSecondaryEclDuration}"
#   meta:
#     ucd: stat.error;time.duration
# - 
#   name: derived_secondary_ecl_depth
#   datatype: float32
#   unit: mag
#   description: "Secondary eclipse: depth"
#   meta:
#     ucd: src.var.amplitude
# - 
#   name: derived_secondary_ecl_depth_error
#   datatype: float32
#   unit: mag
#   description: "Secondary eclipse: uncertainty of \\texttt{derivedSecondaryEclDepth}"
#   meta:
#     ucd: stat.error;src.var.amplitude
solution_id,source_id,global_ranking,reference_time,frequency,frequency_error,geom_model_reference_level,geom_model_reference_level_error,geom_model_gaussian1_phase,geom_model_gaussian1_phase_error,geom_model_gaussian1_sigma,geom_model_gaussian1_sigma_error,geom_model_gaussian1_depth,geom_model_gaussian1_depth_error,geom_model_gaussian2_phase,geom_model_gaussian2_phase_error,geom_model_gaussian2_sigma,geom_model_gaussian2_sigma_error,geom_model_gaussian2_depth,geom_model_gaussian2_depth_error,geom_model_cosine_half_period_amplitude,geom_model_cosine_half_period_amplitude_error,geom_model_cosine_half_period_phase,geom_model_cosine_half_period_phase_error,model_type,num_model_parameters,reduced_chi2,derived_primary_ecl_phase,derived_primary_ecl_phase_error,derived_primary_ecl_duration,derived_primary_ecl_duration_error,derived_primary_ecl_depth,derived_primary_ecl_depth_error,derived_secondary_ecl_phase,derived_secondary_ecl_phase_error,derived_secondary_ecl_duration,derived_secondary_ecl_duration_error,derived_secondary_ecl_depth,derived_secondary_ecl_depth_error
[from data line 37]
375316653866487564,5831932376703398912,0.5467064,2113.280311298198,2.8594885281575886,8.344615E-6,17.921251,0.0053932336,0.29270604,0.0022991123,0.09261324,0.0037811275,0.27019522,0.0063031944,0.7926308,0.0025131206,0.08745575,0.0038263795,0.21623652,0.0085680485,null,null,null,null,"TWOGAUSSIANS",8,4.915245,0.29270604,0.0022991123,0.4,0.0,0.259948,0.0057792827,0.7926308,0.0025131206,0.4,0.0,0.20598951,0.008634194
375316653866487564,5831932617229703680,0.55971634,2099.223978367359,1.0050445749601558,1.5507883E-5,17.613234,0.0036239177,0.25176018,6.3983176E-4,0.024081687,6.743477E-4,0.45669296,0.012212328,0.75413567,0.0013594913,0.021063982,0.0027643167,0.658979,0.026806759,null,null,null,null,"TWOGAUSSIANS",8,22.410276,0.75413567,0.0013594913,0.1179583,0.015480174,0.658979,0.026806759,0.25176018,6.3983176E-4,0.13485745,0.003776347,0.45669296,0.012212328
375316653866487564,5831933716733486848,0.5003237,2122.4037260361883,2.3384175806943173,2.2667979E-5,16.134483,0.030510506,0.23323102,0.0058095935,0.11710391,0.024028687,0.14181235,0.028270567,0.7416887,0.0037133484,0.10480017,0.017006788,0.15030518,0.028708281,null,null,null,null,"TWOGAUSSIANS",8,24.798271,0.74170876,0.0037240083,0.4,0.0,0.1292725,0.00641867,0.23322102,0.0058131227,0.4,0.0,0.12075074,0.007828021
375316653866487564,5831933854132945408,0.5270847,2155.9806919090997,3.1943231481224146,2.077646E-5,19.675074,0.010925381,0.19885206,0.0076774936,0.04691895,0.0036196103,0.45094517,0.027795965,0.6887812,0.0027643188,0.070995316,0.0037666084,0.68168175,0.03621489,null,null,null,null,"TWOGAUSSIANS",8,5.8203363,0.6887812,0.0027643188,0.39757377,0.014384019,0.6815839,0.03624955,0.19885206,0.0076774936,0.26274613,0.020269819,0.45084727,0.027824057
375316653866487564,5831933854172486400,0.5499598,2150.371352706333,3.2483149155557496,8.01966E-6,18.496317,0.008674813,0.23816344,0.0028891813,0.09989135,0.0052607832,0.2988995,0.00830952,0.7391053,0.0022042352,0.09656015,0.0043002157,0.2735776,0.010679378,null,null,null,null,"TWOGAUSSIANS",8,2.6204605,0.23816344,0.0028891813,0.4,0.0,0.27673686,0.007957066,0.7391053,0.0022042352,0.4,0.0,0.25141633,0.009966448
375316653866487564,5831934507007497344,0.5142915,2150.7981722205463,2.9517052972225324,2.087847E-5,18.167568,0.010749953,0.19619744,0.0021373192,0.07380034,0.0031305202,0.3704355,0.010585103,0.69314027,0.0047299922,0.088392854,0.0068528964,0.3458781,0.016019704,null,null,null,null,"TWOGAUSSIANS",8,14.319245,0.19619744,0.0021373192,0.4,0.0,0.3646486,0.00871853,0.69314027,0.0047299922,0.4,0.0,0.3400911,0.016294805
375316653866487564,5831934507008140544,0.5343502,2156.366916006614,2.631175813067412,2.1233336E-5,17.220402,0.008552319,0.16589715,0.003625834,0.08175705,0.0048189578,0.34991512,0.015709333,0.6588009,0.003624375,0.08627793,0.0055502355,0.3154523,0.012615059,null,null,null,null,"TWOGAUSSIANS",8,23.134064,0.16589715,0.003625834,0.4,0.0,0.34293327,0.01626771,0.6588009,0.003624375,0.4,0.0,0.30847043,0.012838449
375316653866487564,5831935297241994112,0.5008913,2152.584265645352,1.7273102070283437,2.6620282E-5,19.635647,0.008174651,0.274952,0.0034796388,0.041926876,0.0024422396,0.67931575,0.019527806,0.74720913,0.015841693,0.052183177,0.01501371,0.105961174,0.024780327,null,null,null,null,"TWOGAUSSIANS",8,4.3313665,0.274952,0.0034796388,0.2347905,0.013676541,0.6793157,0.019527754,0.74720913,0.015841693,0.29222578,0.08407677,0.10596111,0.024780428
375316653866487564,5831936156235715712,0.5798244,2156.209205790145,4.142910817736664,1.3005477E-5,18.78497,0.01845636,0.24987076,0.0014577658,0.0521849,0.004132754,0.45238104,0.038548514,0.73486453,0.0045310305,0.060859133,0.0074503385,0.31553033,0.036150135,0.08600176,0.021670261,0.24987076,0.0014577658,"TWOGAUSSIANS_WITH_ELLIPSOIDAL_ON_ECLIPSE1",9,4.0635557,0.24987076,0.0014577658,0.29223543,0.023143422,0.62435585,0.019020494,0.7369245,0.0038238328,0.34081113,0.041721895,0.48618883,0.010051249
375316653866487564,5831936156285135104,0.53369606,2163.3749621054662,3.109299611248008,1.2396382E-5,18.534868,0.012701876,0.20653266,0.0026672077,0.048538916,0.005875466,0.2420228,0.03056915,0.7343657,0.0075109466,0.05256625,0.0074625346,0.16491157,0.03008362,0.0854195,0.017471699,0.20653266,0.0026672077,"TWOGAUSSIANS_WITH_ELLIPSOIDAL_ON_ECLIPSE1",9,5.865946,0.20653266,0.0026672077,0.27181792,0.03290261,0.4128612,0.018049423,0.7343657,0.0075109466,0.29437098,0.041790195,0.33057824,0.011556362
375316653866487564,5831936224955322240,0.5469157,2167.111403327576,4.106009620692633,1.6290984E-5,18.656017,0.011567819,0.24464014,0.00722174,0.07135426,0.0072628455,0.5796526,0.021743154,0.73464704,0.008977348,0.07113461,0.0076780096,0.53174996,0.027315883,null,null,null,null,"TWOGAUSSIANS",8,11.400933,0.24464014,0.00722174,0.39958388,0.013344115,0.577817,0.021504462,0.73464704,0.008977348,0.39835382,0.012870663,0.52991444,0.025688505
375316653866487564,5831937113996578816,0.62640095,2117.7909944670005,2.6693775208564876,5.7182133E-6,15.707529,0.012941144,0.20090015,0.0019669181,0.06498812,0.0042511346,0.2926405,0.02903937,0.7069832,0.0013340077,0.055583477,0.0051044165,0.2281118,0.02950118,0.0820959,0.017963342,0.7069832,0.0013340077,"TWOGAUSSIANS_WITH_ELLIPSOIDAL_ON_ECLIPSE2",9,34.479378,0.20186016,0.001618374,0.3639335,0.023806354,0.45649844,0.01214445,0.7069832,0.0013340077,0.31126747,0.028584732,0.39217174,0.008217163
375316653866487564,5831937805542562944,0.5674096,2154.731700491155,2.4392731183293996,1.3979571E-5,16.796652,0.01603542,0.26362062,0.003361739,0.052099384,0.0139319645,0.10914055,0.032924835,0.76043755,0.0045860535,0.05826622,0.009618074,0.08695702,0.035233803,0.09093687,0.018196687,0.26362062,0.003361739,"TWOGAUSSIANS_WITH_ELLIPSOIDAL_ON_ECLIPSE1",9,16.390265,0.26362062,0.003361739,0.29175657,0.078019,0.29100534,0.0125962235,0.76157755,0.0025221324,0.32629082,0.053861212,0.2687752,0.0058436156
375316653866487564,5831937942981968512,0.43112838,2169.7872363226556,1.0495200748942926,3.242215E-5,19.30618,0.009558201,0.56247646,0.003893712,0.018426262,0.0035865083,0.39565355,0.057007223,null,null,null,null,null,null,0.0186338,0.013935177,0.56247646,0.003893712,"ONEGAUSSIAN_WITH_ELLIPSOIDAL",6,16.54237,0.56247646,0.003893712,0.10318706,0.020084446,0.4329211,0.05942114,null,null,null,null,null,null
375316653866487564,5831938080420547968,0.5430119,2151.2021321703564,2.4393204169315177,1.0740107E-5,16.029507,0.0067440704,0.23076361,0.008898395,0.039504968,0.0063034524,0.16118361,0.030273505,0.74278015,0.002072107,0.04708881,0.0058308337,0.16261405,0.02589122,0.119577214,0.012876854,0.74278015,0.002072107,"TWOGAUSSIANS_WITH_ELLIPSOIDAL_ON_ECLIPSE2",9,86.13253,0.74278015,0.002072107,0.26369733,0.03265267,0.4017679,0.02301799,0.23261362,0.0074694487,0.22122781,0.03529933,0.3991863,0.021050245
375316653866487564,5831938320899758592,0.5092902,2140.5639574242923,3.5400722656994272,2.7246888E-5,19.723923,0.012968878,0.24009001,0.0068524885,0.07844226,0.012626435,0.28656003,0.02391798,0.7518502,0.0049172007,0.08630523,0.0077512204,0.28644896,0.014192977,null,null,null,null,"TWOGAUSSIANS",8,1.8878884,0.24009001,0.0068524885,0.4,0.0,0.28196475,0.026193026,0.7518502,0.0049172007,0.4,0.0,0.28185365,0.012863249
375316653866487564,5831939278659986560,0.5119034,2149.977915192932,0.44937762341847604,1.251371E-5,15.583537,9.406332E-4,0.22791444,0.02000251,0.01205038,0.0121874,0.0675145,0.22591099,0.75525415,0.0036488369,0.020341547,0.0025243706,0.11602995,0.007992566,null,null,null,null,"TWOGAUSSIANS",8,11.495985,0.75525415,0.0036488369,0.113912664,0.014136475,0.11602995,0.007992566,0.22791444,0.02000251,0.06748213,0.06824944,0.0675145,0.22591099
375316653866487564,5831940279443966848,0.59580016,2159.050573820481,1.659533836670452,5.2992636E-6,16.684082,0.015810382,0.27404964,0.0026251643,0.11329592,0.009496137,0.24956238,0.01263905,0.77163064,0.001525473,0.104755245,0.0051563387,0.29981503,0.014429762,null,null,null,null,"TWOGAUSSIANS",8,6.7525377,0.77163064,0.001525473,0.4,0.0,0.2616093,0.0040295813,0.27404964,0.0026251643,0.4,0.0,0.21133389,0.0110571515
375316653866487564,5831940588643148032,0.615893,2136.1082026247386,3.923250329646963,1.0028674E-5,19.22185,0.01291516,0.28960368,0.0021216865,0.050379872,0.0049228533,0.57164925,0.055711467,0.78857803,0.0012175136,0.039340567,0.0034109151,0.42010885,0.023340778,0.14762549,0.018929735,0.28960368,0.0021216865,"TWOGAUSSIANS_WITH_ELLIPSOIDAL_ON_ECLIPSE1",9,1.5119994,0.28960368,0.0021216865,0.2821273,0.027567979,0.8668976,0.0661205,0.788658,0.0010590485,0.22030717,0.019101124,0.7153459,0.023285206
375316653866487564,5831940863559645568,0.58597916,2124.8768445814594,2.792975193691487,5.5684177E-6,17.35383,0.00417956,0.26820657,0.0019647724,0.052253474,0.0039920346,0.1350852,0.009597481,0.76683944,0.0025261329,0.046236575,0.0053549153,0.12740353,0.0073901326,0.04574105,0.0051585548,0.26820657,0.0019647724,"TWOGAUSSIANS_WITH_ELLIPSOIDAL_ON_ECLIPSE1",9,3.0146286,0.26820657,0.0019647724,0.29261944,0.022355394,0.2265657,0.0066792155,0.76698947,0.0022559494,0.2589248,0.029987525,0.21887802,0.006714694
375316653866487564,5831941477681378688,0.54992515,2150.4159345586127,2.5180646252557835,8.408631E-6,17.605352,0.049595192,0.275203,0.0022857597,0.12061906,0.010532691,0.3730435,0.04688223,0.7605853,0.003445911,0.12589173,0.013677723,0.33417723,0.04604993,null,null,null,null,"TWOGAUSSIANS",8,7.70518,0.27534297,0.0021806234,0.4,0.0,0.29359928,0.0083865505,0.7605853,0.003445911,0.4,0.0,0.25461167,0.009715496
375316653866487564,5831942822028074880,0.5265257,2134.1405195912425,0.4105297580039596,2.1458722E-5,19.338736,0.0031537917,0.18074079,0.004425553,0.0054748566,0.0034258314,0.71609324,36.868725,0.70068735,0.005927967,0.014342214,0.0042201933,0.4875235,0.15929204,null,null,null,null,"TWOGAUSSIANS",8,1.8981984,0.18074079,0.004425553,0.030659197,0.019184656,0.71609324,36.868725,0.70068735,0.005927967,0.080316395,0.023633081,0.4875235,0.15929204
375316653866487564,5831943131302721920,0.6789419,2137.1584398196756,3.0302742497769706,2.5740599E-6,16.540632,0.004325617,0.23152755,9.3289634E-4,0.05393145,0.0012509864,0.42360178,0.011683553,0.7346418,6.1023905E-4,0.048159637,0.001308227,0.39377418,0.011057041,0.114682704,0.005865732,0.7346418,6.1023905E-4,"TWOGAUSSIANS_WITH_ELLIPSOIDAL_ON_ECLIPSE2",9,10.195262,0.23186755,8.134561E-4,0.3020161,0.0070055234,0.65288126,0.008755817,0.7346418,6.1023905E-4,0.26969397,0.007326071,0.62313175,0.008022541
375316653866487564,5831944162095284096,0.4334399,2137.0660101708095,1.038799611678264,5.615738E-5,16.510366,0.00827763,0.31831726,0.0069739297,0.02194619,0.004156757,0.20087402,0.025472868,0.8028287,0.010583635,0.11034504,0.034105275,0.07095416,0.009364479,null,null,null,null,"TWOGAUSSIANS",8,69.71231,0.31831726,0.0069739297,0.12289866,0.023277842,0.20081519,0.025411531,0.8028287,0.010583635,0.4,0.0,0.07088941,0.009439827
375316653866487564,5831944333893583744,0.59807014,2119.2070146030615,2.6616082021666845,9.998526E-6,17.592035,0.031112712,0.27616167,0.0034872093,0.06306379,0.0092448555,0.2900639,0.06529798,0.772816,0.004118198,0.060329925,0.010463088,0.23788095,0.061785135,0.07508009,0.03399583,0.27616167,0.0034872093,"TWOGAUSSIANS_WITH_ELLIPSOIDAL_ON_ECLIPSE1",9,8.136926,0.27616167,0.0034872093,0.35315725,0.051771194,0.44007716,0.0059049753,0.773326,0.0033419637,0.3378476,0.05859329,0.38783804,0.00912886
375316653866487564,5831945021088414720,0.5879601,2124.287410018535,3.0172431920818465,4.5605734E-6,17.325089,0.031390764,0.29508173,0.002305873,0.06023052,0.008019993,0.3453835,0.06671341,0.78459257,0.0044656605,0.06239174,0.0062903403,0.44715178,0.07008716,0.06853398,0.035966873,0.29508173,0.002305873,"TWOGAUSSIANS_WITH_ELLIPSOIDAL_ON_ECLIPSE1",9,16.45437,0.7854926,0.0038324213,0.34939373,0.035225905,0.5835402,0.015661154,0.29508173,0.002305873,0.3372909,0.04491196,0.4823154,0.020741552
375316653866487564,5831945227246868608,0.5700744,2117.680557705666,1.4689741019502387,7.215811E-6,17.177036,0.00209529,0.24507228,0.00939172,0.0628406,0.007856498,0.049615458,0.0029597327,0.7433336,0.0016386753,0.06659191,0.0028463297,0.14951506,0.0026560242,null,null,null,null,"TWOGAUSSIANS",8,2.5323763,0.7433336,0.0016386753,0.3729147,0.015939446,0.1494205,0.0026315972,0.24507228,0.00939172,0.35190737,0.043996386,0.049520902,0.0029314824
375316653866487564,5831945364685839360,0.4216359,2113.8043227749686,0.9323975464958383,8.0027836E-5,17.973125,0.0037978636,0.2653382,0.006841561,0.04112879,0.0066489023,0.09520782,0.011770395,0.78057194,0.0061453744,0.04339763,0.0069953254,0.088442154,0.011984607,null,null,null,null,"TWOGAUSSIANS",8,11.460517,0.2653382,0.006841561,0.23032121,0.037233856,0.09520781,0.011770398,0.78057194,0.0061453744,0.24302675,0.039173823,0.08844215,0.011984609
375316653866487564,5831945467764997888,0.44448248,2124.2147580914752,0.4350063690114322,2.69621E-5,13.078561,8.7828474E-4,0.15973975,0.0015132184,0.01743136,0.0018991361,0.03201133,0.002579007,0.7786375,0.034088,0.033735693,0.01820248,0.004757358,0.0022483205,0.0027217648,0.0024637943,0.15973975,0.0015132184,"TWOGAUSSIANS_WITH_ELLIPSOIDAL_ON_ECLIPSE1",9,46.807224,0.15973975,0.0015132184,0.097615615,0.010635162,0.037454836,0.0032131947,0.7786375,0.034088,0.18891989,0.10193389,0.007687607,0.0033337025
375316653866487564,5831945708291567360,0.52407235,2111.678487674332,3.073481835709081,1.4998247E-5,18.549866,0.017515594,0.2915231,0.0026292198,0.0942065,0.00563989,0.3372302,0.017216438,0.79296345,0.0042916243,0.09668343,0.009174725,0.29152882,0.02241143,null,null,null,null,"TWOGAUSSIANS",8,6.130767,0.2915231,0.0026292198,0.4,0.0,0.31736007,0.010376869,0.79296345,0.0042916243,0.4,0.0,0.27165827,0.023209244
375316653866487564,5831945811326101504,0.5033102,2103.0565652902774,0.022383844496108536,7.5851785E-5,18.525917,0.0024421418,0.35681245,0.01140078,0.0916949,0.025562331,0.11931497,0.01727339,0.70160514,0.021905249,0.029544933,0.02498691,0.24596511,0.05364479,null,null,null,null,"TWOGAUSSIANS",8,2.9074423,0.70160514,0.021905249,0.16545163,0.13992669,0.24606645,0.053603455,0.35681245,0.01140078,0.4,0.0,0.11931484,0.017276105
375316653866487564,5831947323191046912,0.5105084,2137.70961436165,0.9678941346537427,1.25173765E-5,16.800594,0.0014819617,0.14469813,0.001706444,0.02531401,0.0020745322,0.057181805,0.0044100718,0.6398304,0.0072968006,0.031188702,0.012458485,0.0383085,0.005154063,0.016474169,0.0023057254,0.14469813,0.001706444,"TWOGAUSSIANS_WITH_ELLIPSOIDAL_ON_ECLIPSE1",9,3.3136861,0.14469813,0.001706444,0.14175846,0.01161738,0.09013009,0.0033424138,0.6401304,0.0067413175,0.17465673,0.06976751,0.071227886,0.0056659915
375316653866487564,5831948079105367936,0.5181813,2147.221495701993,0.2921510046973921,1.2836438E-5,17.710226,0.0017562646,0.1753325,0.0014520768,0.00931625,0.001278378,0.2677872,0.021700973,0.76800466,0.01211169,0.028787434,0.018680733,0.016328713,0.134296,null,null,null,null,"TWOGAUSSIANS",8,4.4936852,0.1753325,0.0014520768,0.052171,0.0071589164,0.2677872,0.021700973,0.76800466,0.01211169,0.16120963,0.104612105,0.016328713,0.134296
375316653866487564,5831949689677941120,0.5151585,2134.5640816831174,2.4237277226190046,2.0867597E-5,18.249283,0.022758415,0.26219487,0.00506383,0.10047122,0.010945679,0.24830022,0.021376053,0.7556573,0.0034931935,0.11295847,0.011516261,0.23726909,0.020693013,null,null,null,null,"TWOGAUSSIANS",8,4.7292414,0.26220486,0.005068121,0.4,0.0,0.21939392,0.008803165,0.7556573,0.0034931935,0.4,0.0,0.20833774,0.008360014
