Gaia/vari_eclipsing_binary/VariEclipsingBinary_052056-052208.csv
# %ECSV 1.0
# ---
# delimiter: ','
# meta: !!omap
# - RELEASE: Gaia DR3
# - TABLE: vari_eclipsing_binary
# - DESCRIPTION: >
#     This table describes the properties of the eclipsing binaries resulting from the variability analysis. 
# - CITATION: >
#     How to cite and acknowledge Gaia: 
#     https://gea.esac.esa.int/archive/documentation/credits.html 
# - KNOWN_ISSUES: >
#     Known issues: 
#     https://www.cosmos.esa.int/web/gaia-users/known-issues 
# - DOCUMENTATION: >
#     Tutorials and documentation: 
#     https://www.cosmos.esa.int/web/gaia-users/archive 
# datatype:
# - 
#   name: solution_id
#   datatype: int64
#   description: Solution Identifier
#   meta:
#     ucd: meta.version
# - 
#   name: source_id
#   datatype: int64
#   description: Unique source identifier
#   meta:
#     ucd: meta.id;meta.main
# - 
#   name: global_ranking
#   datatype: float32
#   description: Number between 0 (worst) and 1 (best)
#   meta:
#     ucd: stat.param
# - 
#   name: reference_time
#   datatype: float64
#   unit: d
#   description: Reference time used for the geometric model fit
#   meta:
#     ucd: time.epoch
# - 
#   name: frequency
#   datatype: float64
#   unit: d**-1
#   description: Frequency of geometric model of the eclipsing binary light curve
#   meta:
#     ucd: src.orbital
# - 
#   name: frequency_error
#   datatype: float32
#   unit: d**-1
#   description: "Uncertainty of \\texttt{frequency}"
#   meta:
#     ucd: stat.error
# - 
#   name: geom_model_reference_level
#   datatype: float32
#   unit: mag
#   description: Magnitude reference level of geometric model
#   meta:
#     ucd: phot.mag;em.opt
# - 
#   name: geom_model_reference_level_error
#   datatype: float32
#   unit: mag
#   description: "Uncertainty of \\texttt{geomModelReferenceLevel}"
#   meta:
#     ucd: stat.error;phot.mag;em.opt
# - 
#   name: geom_model_gaussian1_phase
#   datatype: float32
#   description: Phase of the Gaussian 1 component
#   meta:
#     ucd: time.phase
# - 
#   name: geom_model_gaussian1_phase_error
#   datatype: float32
#   description: "Uncertainty of \\texttt{geomModelGaussian1Phase}"
#   meta:
#     ucd: stat.error;time.phase
# - 
#   name: geom_model_gaussian1_sigma
#   datatype: float32
#   description: "Standard deviation [phase] of Gaussian 1 component"
#   meta:
#     ucd: stat.stdev
# - 
#   name: geom_model_gaussian1_sigma_error
#   datatype: float32
#   description: "Uncertainty of \\texttt{geomModelGaussian1Sigma}"
#   meta:
#     ucd: stat.error
# - 
#   name: geom_model_gaussian1_depth
#   datatype: float32
#   unit: mag
#   description: Magnitude depth of Gaussian 1 component
#   meta:
#     ucd: src.var.amplitude
# - 
#   name: geom_model_gaussian1_depth_error
#   datatype: float32
#   unit: mag
#   description: "Uncertainty of \\texttt{geomModelGaussian1Depth}"
#   meta:
#     ucd: stat.error;src.var.amplitude
# - 
#   name: geom_model_gaussian2_phase
#   datatype: float32
#   description: Phase of Gaussian 2 component
#   meta:
#     ucd: time.phase
# - 
#   name: geom_model_gaussian2_phase_error
#   datatype: float32
#   description: "Uncertainty of \\texttt{geomModelGaussian2Phase}"
#   meta:
#     ucd: stat.error;time.phase
# - 
#   name: geom_model_gaussian2_sigma
#   datatype: float32
[...]
#   datatype: float32
#   description: "Secondary eclipse: uncertainty of \\texttt{derivedSecondaryEclDuration}"
#   meta:
#     ucd: stat.error;time.duration
# - 
#   name: derived_secondary_ecl_depth
#   datatype: float32
#   unit: mag
#   description: "Secondary eclipse: depth"
#   meta:
#     ucd: src.var.amplitude
# - 
#   name: derived_secondary_ecl_depth_error
#   datatype: float32
#   unit: mag
#   description: "Secondary eclipse: uncertainty of \\texttt{derivedSecondaryEclDepth}"
#   meta:
#     ucd: stat.error;src.var.amplitude
solution_id,source_id,global_ranking,reference_time,frequency,frequency_error,geom_model_reference_level,geom_model_reference_level_error,geom_model_gaussian1_phase,geom_model_gaussian1_phase_error,geom_model_gaussian1_sigma,geom_model_gaussian1_sigma_error,geom_model_gaussian1_depth,geom_model_gaussian1_depth_error,geom_model_gaussian2_phase,geom_model_gaussian2_phase_error,geom_model_gaussian2_sigma,geom_model_gaussian2_sigma_error,geom_model_gaussian2_depth,geom_model_gaussian2_depth_error,geom_model_cosine_half_period_amplitude,geom_model_cosine_half_period_amplitude_error,geom_model_cosine_half_period_phase,geom_model_cosine_half_period_phase_error,model_type,num_model_parameters,reduced_chi2,derived_primary_ecl_phase,derived_primary_ecl_phase_error,derived_primary_ecl_duration,derived_primary_ecl_duration_error,derived_primary_ecl_depth,derived_primary_ecl_depth_error,derived_secondary_ecl_phase,derived_secondary_ecl_phase_error,derived_secondary_ecl_duration,derived_secondary_ecl_duration_error,derived_secondary_ecl_depth,derived_secondary_ecl_depth_error
375316653866487564,457889731905794304,0.5691402,2111.567482627978,0.4474405876280873,1.8454184E-5,16.857925,0.0024261884,0.15829042,0.0015492366,0.033778977,0.0025736932,0.36299276,0.052843526,0.6686818,0.0051362175,0.044662964,0.0064418376,0.06011589,0.004972636,null,null,null,null,"TWOGAUSSIANS",8,4.966076,0.15829042,0.0015492366,0.18916225,0.0144126825,0.36299276,0.052843526,0.6686818,0.0051362175,0.2501126,0.036074292,0.06011589,0.004972636
375316653866487564,457890277360695936,0.5493046,2106.809721422081,2.8511493662105387,2.0180412E-5,19.867586,0.006418607,0.20712158,0.0048276237,0.06987745,0.0032170422,0.55290043,0.020881848,0.71315926,0.0019407367,0.059647474,0.0051989565,0.54088527,0.08227739,null,null,null,null,"TWOGAUSSIANS",8,1.4078403,0.20712158,0.0048276237,0.39131373,0.01764439,0.5523713,0.020879893,0.71315926,0.0019407367,0.33402586,0.029114157,0.54035616,0.08263328
375316653866487564,457890689677087872,0.52648675,2127.002409573837,1.4399585039188174,1.8247403E-5,19.67139,0.0056113913,0.19263254,0.0052376953,0.053485993,0.0062277387,0.19230501,0.01480899,0.68777686,0.006991128,0.037697244,0.0045576603,0.46975034,0.041880894,null,null,null,null,"TWOGAUSSIANS",8,1.6770855,0.68777686,0.006991128,0.21110457,0.025522897,0.46975023,0.04188078,0.19263254,0.0052376953,0.29952157,0.034875337,0.1923049,0.014809088
375316653866487564,457890758396565376,0.44669658,2132.239899666641,3.3732282415264265,2.9666462E-5,19.212013,0.004505851,null,null,null,null,null,null,null,null,null,null,null,null,0.0720405,0.006919987,0.258864,0.007288988,"ELLIPSOIDAL",4,2.9656909,null,null,null,null,null,null,null,null,null,null,null,null
375316653866487564,457890900132628864,0.42948294,2101.881454874901,3.2572478609064683,3.557931E-5,19.053207,0.018639019,0.2758355,0.0070667304,0.06717657,0.008408729,0.23254105,0.029182905,0.7530122,0.007378836,0.050252743,0.0082939435,0.25797057,0.054147396,null,null,null,null,"TWOGAUSSIANS",8,14.234695,0.7530122,0.007378836,0.28141537,0.046446085,0.25794673,0.054149237,0.2758355,0.0070667304,0.3761888,0.047088884,0.2325172,0.029159786
375316653866487564,457892338942073216,0.5925369,2169.3847418124096,0.7566245931708231,1.5911977E-5,18.423151,0.0036956677,0.27877945,6.6349434E-4,0.022844214,5.462523E-4,0.4986963,0.0058889175,0.77124906,0.02694636,0.02108708,0.009688603,0.43571904,0.15449566,null,null,null,null,"TWOGAUSSIANS",8,3.4194767,0.27877945,6.6349434E-4,0.1279276,0.0030590128,0.4986963,0.0058889175,0.77124906,0.02694636,0.11808766,0.05425618,0.43571904,0.15449566
375316653866487564,457892411965198336,0.66341335,2143.3274151815303,2.684497050475607,4.6392233E-6,16.689913,0.009070777,0.2504407,0.0018776917,0.050820027,0.0048434106,0.18894017,0.017482478,0.7526762,0.0012991719,0.044703014,0.0030877204,0.20250113,0.0192226,0.09824125,0.010002138,0.2504407,0.0018776917,"TWOGAUSSIANS_WITH_ELLIPSOIDAL_ON_ECLIPSE1",9,5.937433,0.7526762,0.0012991719,0.2503369,0.017291233,0.39894375,0.0065826895,0.2504407,0.0018776917,0.28459215,0.0271231,0.38542157,0.004704317
375316653866487564,457896805708524288,0.5303568,2128.737224483974,2.117231999469341,1.0868899E-5,18.495586,0.0115695,0.13667811,0.002179147,0.07574592,0.003984925,0.4171771,0.018248437,0.663588,0.006400942,0.0911576,0.007849949,0.27972844,0.013954819,null,null,null,null,"TWOGAUSSIANS",8,4.106548,0.13667811,0.002179147,0.4,0.0,0.41262284,0.018163066,0.663588,0.006400942,0.4,0.0,0.27517375,0.012817457
375316653866487564,457897114945964032,0.5916808,2163.083589710283,2.317920339240579,5.803262E-6,17.938515,0.009332914,0.24101005,0.00409087,0.078404926,0.006199745,0.4742115,0.025730517,0.734468,0.0021671162,0.080986544,0.0027204661,0.47096094,0.013815646,null,null,null,null,"TWOGAUSSIANS",8,5.2830477,0.24101005,0.00409087,0.4,0.0,0.46815306,0.028946579,0.734468,0.0021671162,0.4,0.0,0.4649025,0.0124942595
375316653866487564,457897321104538624,0.46406272,2158.626744293678,0.5729302676306756,3.347959E-5,18.209433,0.0020154377,0.10036234,0.0067141787,0.030465364,0.0051163235,0.039579224,0.007354007,0.60441923,0.0050378954,0.028920565,0.0073468294,0.08427924,0.0066237734,null,null,null,null,"TWOGAUSSIANS",8,1.6094545,0.60441923,0.0050378954,0.16195516,0.041142244,0.08427924,0.0066237734,0.10036234,0.0067141787,0.17060605,0.028651413,0.039579224,0.007354007
375316653866487564,457898115680911104,0.50967306,2133.1502881996284,2.3620084836878497,1.3903046E-5,16.37344,0.0062296516,0.39802384,0.013484869,0.048447527,0.0065912665,0.2682537,0.037492305,0.6813043,0.015614641,0.008700458,0.012573626,0.05351137,0.110607676,null,null,null,null,"TWOGAUSSIANS",8,62.262558,0.39802384,0.013484869,0.27130616,0.036911093,0.2682537,0.037492305,0.6813043,0.015614641,0.048722565,0.0704123,0.05351138,0.11060766
375316653866487564,457901208058000768,0.62549365,2145.448734249053,0.6811766416690674,6.220338E-6,16.327126,0.0011070659,0.2634918,0.0019503776,0.021912294,0.0011085928,0.22018056,0.008482037,0.7601215,0.0011396938,0.0205443,6.7185226E-4,0.2997553,0.012343585,null,null,null,null,"TWOGAUSSIANS",8,3.7331092,0.7601215,0.0011396938,0.11504808,0.0037623725,0.2997553,0.012343585,0.2634918,0.0019503776,0.12270884,0.00620812,0.22018056,0.008482037
375316653866487564,457901276777494016,0.57025295,2159.780135940944,0.8851537498135256,1.903809E-5,14.941523,0.04079916,0.23523606,0.034166556,0.14350809,0.044278104,0.07241005,0.03535324,0.64084387,0.024235986,0.17451078,0.02220528,0.12732464,0.036408484,null,null,null,null,"TWOGAUSSIANS",8,9.961602,0.64084387,0.024235986,0.4,0.0,0.09453583,0.0034340706,0.30578607,0.6251801,0.4,0.0,0.050278604,0.08316912
375316653866487564,457902200187918592,0.43127912,2115.5449500367904,2.1210169781513555,7.531735E-5,18.76656,0.045707043,0.36143893,0.06838169,0.16657214,0.089795485,0.08316976,0.04485319,0.7347804,0.032640114,0.10488659,0.03754376,0.15111801,0.02891654,null,null,null,null,"TWOGAUSSIANS",8,5.470018,0.7347804,0.032640114,0.4,0.0,0.14408724,0.024535324,0.36480892,0.06344386,0.4,0.0,0.06960483,0.013968438
375316653866487564,457902818662826368,0.5990212,2133.818755954292,1.1713254697785758,3.8064807E-6,18.11836,0.0059277993,0.30441022,0.0024657638,0.03130545,0.0022051581,0.5549902,0.050033584,0.80503947,0.0026378713,0.031834256,0.0021570935,0.5034189,0.018372864,0.028496414,0.008850298,0.30441022,0.0024657638,"TWOGAUSSIANS_WITH_ELLIPSOIDAL_ON_ECLIPSE1",9,6.550493,0.30441022,0.0024657638,0.17531054,0.012348886,0.61198294,0.050335333,0.80503947,0.0026189294,0.17827184,0.012079724,0.5604108,0.016929546
375316653866487564,457903063483959552,0.61341226,2161.7491623793567,0.42038065843552885,6.2642954E-5,13.916823,5.417958E-4,0.23913097,0.0048008985,0.025870567,0.014403555,0.048569605,0.03653728,0.67360556,0.0070977593,0.0185997,0.0048534647,0.22559443,0.06274609,null,null,null,null,"TWOGAUSSIANS",8,13.474139,0.67360556,0.0070977593,0.10415832,0.027179403,0.22559443,0.06274609,0.23913097,0.0048008985,0.14487517,0.08065991,0.048569605,0.03653728
375316653866487564,457903132203421696,0.70447105,2183.7867085419953,1.1405122825687426,1.49075E-6,16.344322,0.0025956999,0.15925908,3.1991687E-4,0.034685668,9.10887E-4,0.47008198,0.007007422,0.6585943,8.3387183E-4,0.034017008,8.506662E-4,0.48635286,0.0067070127,0.018927334,0.004107124,0.15925908,3.1991687E-4,"TWOGAUSSIANS_WITH_ELLIPSOIDAL_ON_ECLIPSE1",9,3.8138678,0.6585943,8.245581E-4,0.19049525,0.004763731,0.5242068,0.0039589284,0.15925908,3.1991687E-4,0.19423974,0.0051009674,0.5079366,0.012299826
375316653866487564,457903853757933824,0.4692515,2172.569084863903,2.5496455199109023,2.095027E-5,17.688105,0.0019268382,null,null,null,null,null,null,null,null,null,null,null,null,0.040873297,0.0026024913,0.2685827,0.0055551133,"ELLIPSOIDAL",4,3.9188821,null,null,null,null,null,null,null,null,null,null,null,null
375316653866487564,457904193052697728,0.5425308,2173.4516411917975,1.6623445108143768,7.337301E-6,18.263973,0.0025861838,0.2563364,0.0052616145,0.046433,0.005616362,0.07865446,0.011188377,0.7479964,0.0018937438,0.04462327,0.0026201627,0.2646301,0.024624612,null,null,null,null,"TWOGAUSSIANS",8,1.9132726,0.7479964,0.0018937438,0.24989031,0.014672911,0.26463005,0.02462464,0.2563364,0.0052616145,0.2600248,0.031451628,0.078654416,0.01118842
375316653866487564,457906426437082112,0.5374493,2183.5361471563565,3.750077988757063,6.4027845E-6,19.53387,0.010186291,0.29539135,0.0020309635,0.0657661,0.0034227637,0.576686,0.039876595,0.79578334,0.0030907404,0.07052278,0.0039887843,0.5660139,0.027471919,null,null,null,null,"TWOGAUSSIANS",8,1.9302623,0.29539135,0.0020309635,0.3682902,0.019167475,0.57533616,0.04017858,0.79578334,0.0030907404,0.39492756,0.021112474,0.56466407,0.027677417
375316653866487564,457909488754338944,0.5977549,2182.873826391547,2.3543244015993245,4.0698674E-6,18.21628,0.0071125934,0.28196442,0.0013022627,0.04883918,0.0040603513,0.16787389,0.018393354,0.78075594,0.0076685357,0.038477633,0.0067548635,0.1681022,0.0282312,0.10644986,0.010410617,0.28196442,0.0013022627,"TWOGAUSSIANS_WITH_ELLIPSOIDAL_ON_ECLIPSE1",9,2.4802706,0.7809159,0.0074429587,0.21547474,0.03782724,0.38099083,0.013875001,0.28196442,0.0013022627,0.27349943,0.022737967,0.38077322,0.010741237
375316653866487564,457909557473811584,0.5297576,2193.026658917673,0.5582312560829457,5.9662066E-6,13.28366,0.002059189,0.2088742,0.00203832,0.025047438,0.002525117,0.24772258,0.053430583,0.69882745,0.0049581667,0.035886355,0.0037436641,0.3172564,0.015651898,null,null,null,null,"TWOGAUSSIANS",8,65.47076,0.69882745,0.0049581667,0.20096359,0.020964518,0.3172564,0.015651898,0.2088742,0.00203832,0.14026566,0.014140655,0.24772258,0.053430583
375316653866487564,457909729272475648,0.47547442,2183.1171536829615,0.12693155846260273,1.6571574E-5,17.108507,0.0028118403,0.36609188,0.010525381,0.05059314,0.010577936,0.07652425,0.017325427,0.8839471,0.0045755003,0.032263182,0.0033913597,0.11263509,0.010680931,null,null,null,null,"TWOGAUSSIANS",8,8.215492,0.8839471,0.0045755003,0.18067382,0.018991614,0.11263509,0.010680931,0.36609188,0.010525381,0.2833216,0.05923644,0.07652425,0.01732543
375316653866487564,457915879665616128,0.59915423,2161.91138238803,3.127521362223231,4.7167396E-6,16.807402,0.007288192,0.2599007,0.0014846284,0.048318386,0.0033437002,0.22902194,0.016727192,0.7617652,0.003478173,0.055283085,0.0040466473,0.23895065,0.018152634,0.10317231,0.008373257,0.2599007,0.0014846284,"TWOGAUSSIANS_WITH_ELLIPSOIDAL_ON_ECLIPSE1",9,11.468459,0.7617652,0.0033046294,0.30958527,0.022661224,0.44525814,0.017402917,0.2599007,0.0014846284,0.27058294,0.01872472,0.43535775,0.0102956565
375316653866487564,457919826734409472,0.51453924,2200.139679809282,3.5216381955879017,7.214581E-6,19.366106,0.020274954,0.19817796,0.002132982,0.083212495,0.005194413,0.34923095,0.019588944,0.69821876,0.005099929,0.084447995,0.008743538,0.32451752,0.021966172,null,null,null,null,"TWOGAUSSIANS",8,1.8270607,0.19817796,0.002132982,0.4,0.0,0.34135133,0.015810423,0.69821876,0.005099929,0.4,0.0,0.3166379,0.020464411
375316653866487564,457919861094132992,0.5592736,2179.0732244912933,3.0840682529303676,9.271228E-6,19.491547,0.010469154,0.24973759,0.0032214872,0.058703292,0.004525513,0.7416507,0.022429997,0.7427839,0.0061828895,0.063701,0.0046822196,0.5688649,0.03922587,null,null,null,null,"TWOGAUSSIANS",8,3.7731302,0.24973759,0.0032214872,0.32873845,0.025342872,0.74140763,0.022492712,0.7427839,0.0061828895,0.35672557,0.02622043,0.5686218,0.039246783
375316653866487564,457921269843388672,0.5531602,2257.5829532051534,2.867614238910032,6.041875E-6,18.998177,0.0148371,0.12505695,0.0026943162,0.08617631,0.004745878,0.44512296,0.017559027,0.6150899,0.0015579605,0.08600234,0.0042698635,0.43099937,0.014756499,null,null,null,null,"TWOGAUSSIANS",8,2.4019752,0.12505695,0.0026943162,0.4,0.0,0.4342181,0.01646325,0.6150899,0.0015579605,0.4,0.0,0.42009455,0.0133449435
375316653866487564,457928214812153216,0.6895538,2154.844800026813,0.27126539704082137,1.8599092E-6,15.034222,0.0025014794,0.36350542,3.475073E-4,0.01843391,4.9365836E-4,1.967799,0.08201414,0.8611728,0.0013862377,0.024211263,0.001958173,0.0765936,0.0075170225,0.03379539,0.0052071605,0.36350542,3.475073E-4,"TWOGAUSSIANS_WITH_ELLIPSOIDAL_ON_ECLIPSE1",9,60.933884,0.36350542,3.475073E-4,0.103229895,0.0027644867,2.0353897,0.0836151,0.8612628,0.0013290715,0.13558307,0.010965769,0.1441704,0.007509875
375316653866487564,457928932066518016,0.54460365,2182.6613257772406,4.157381532823663,7.653374E-6,19.745224,0.010284607,0.27045015,0.0021210136,0.06673628,0.0023235227,0.6303822,0.0133665735,0.76972723,0.005462688,0.06940435,0.008877936,0.5163692,0.06760604,null,null,null,null,"TWOGAUSSIANS",8,1.4405717,0.27045015,0.0021210136,0.37372318,0.0130117275,0.62906766,0.012806954,0.76972723,0.005462688,0.38866436,0.031848732,0.5150547,0.068661116
375316653866487564,457929245604365312,0.48431793,2152.1595528588828,0.6975548214165698,3.461452E-5,17.698141,0.008026971,0.26833728,0.011388351,0.02431847,0.00723142,0.7143981,0.48399425,0.76504636,0.010704929,0.042398676,0.010639455,0.1244447,0.02551745,null,null,null,null,"TWOGAUSSIANS",8,26.16024,0.26833728,0.011388351,0.13618343,0.040495954,0.7143981,0.48399425,0.76504636,0.010704929,0.23743258,0.05958095,0.1244447,0.02551745
375316653866487564,457929520482254848,0.65218705,2142.0024101880635,3.2837105661704293,3.6578717E-6,15.846202,0.007107037,0.31605583,0.0024743327,0.052272543,0.0027702947,0.3444179,0.017247414,0.8209186,0.0010512201,0.04640193,0.0033140588,0.34037736,0.026828948,0.12574704,0.009934833,0.8209186,0.0010512201,"TWOGAUSSIANS_WITH_ELLIPSOIDAL_ON_ECLIPSE2",9,22.827534,0.31671584,0.002085541,0.29272622,0.01551365,0.5957054,0.0106762145,0.8209186,0.0010512201,0.2598508,0.01855873,0.5918676,0.031630535
375316653866487564,457930104598676992,0.44430968,2191.2048829580385,0.9654539302204496,1.3844091E-5,16.67047,0.0054097925,0.75122213,0.0036348717,0.014992361,0.0062709623,0.27069953,8.780081,0.88302994,7.1707304E-4,0.0015812989,0.0073314575,0.6477562,0.6134116,0.015124556,0.010728212,0.75122213,0.0036348717,"TWOGAUSSIANS_WITH_ELLIPSOIDAL_ON_ECLIPSE1",9,44.20223,0.88302994,7.1707304E-4,0.008855274,0.041056164,0.66158843,0.61291784,0.75122213,0.0036348717,0.08395722,0.035117388,0.3009486,8.78148
375316653866487564,457933678011545344,0.58158195,2173.4938714861187,0.8460673876431207,7.5486464E-6,18.140999,0.0044903145,0.11589395,0.0015221589,0.028879141,0.0020822566,0.5565846,0.06255891,0.61258537,0.0010428261,0.027232012,0.0026443223,0.63514405,0.07407076,0.03624205,0.00921239,0.11589395,0.0015221589,"TWOGAUSSIANS_WITH_ELLIPSOIDAL_ON_ECLIPSE1",9,6.438349,0.61260533,0.0010424946,0.15249927,0.014808205,0.7075971,0.0810632,0.11589395,0.0015221589,0.1617232,0.011660637,0.62906873,0.06871954
375316653866487564,457934567062226304,0.61311954,2163.6402796969833,0.3110651004989973,3.010626E-6,17.60135,0.0010842016,0.21421483,0.0012895338,0.019328305,0.0011230572,0.24212843,0.0148807,0.7193373,0.0017392591,0.017246546,0.0019147877,0.18583155,0.0048658154,null,null,null,null,"TWOGAUSSIANS",8,1.0794756,0.21421483,0.0012895338,0.10823851,0.0062891203,0.24212843,0.0148807,0.7193373,0.0017392591,0.096580654,0.010722811,0.18583155,0.0048658154
375316653866487564,457934777523724160,0.52616835,2182.5800757733527,2.9646308500350234,2.2819033E-5,19.489466,0.010750338,0.22943844,0.0049289423,0.07153903,0.0046680695,0.50366163,0.037760615,0.7265033,0.006566376,0.07973451,0.006341229,0.46234855,0.038834393,null,null,null,null,"TWOGAUSSIANS",8,2.7213688,0.22943844,0.0049289423,0.4,0.011730014,0.49983755,0.0384842,0.7265033,0.006566376,0.4,0.0,0.4585245,0.039170954
375316653866487564,457936839108001024,0.5190624,2162.7188094202274,3.2301499996085714,8.378622E-6,19.871548,0.008897368,0.2118145,0.0053347717,0.06472822,0.008363979,0.45369688,0.08853246,0.70555645,0.0052654585,0.06764904,0.006189687,0.48215142,0.052184343,null,null,null,null,"TWOGAUSSIANS",8,1.1406107,0.70555645,0.0052654585,0.37883464,0.034662247,0.4815271,0.052426156,0.2118145,0.0053347717,0.36247808,0.046838284,0.45307258,0.08904929
