Gaia/vari_eclipsing_binary/VariEclipsingBinary_232240-232374.csv
# %ECSV 1.0
# ---
# delimiter: ','
# meta: !!omap
# - RELEASE: Gaia DR3
# - TABLE: vari_eclipsing_binary
# - DESCRIPTION: >
#     This table describes the properties of the eclipsing binaries resulting from the variability analysis. 
# - CITATION: >
#     How to cite and acknowledge Gaia: 
#     https://gea.esac.esa.int/archive/documentation/credits.html 
# - KNOWN_ISSUES: >
#     Known issues: 
#     https://www.cosmos.esa.int/web/gaia-users/known-issues 
# - DOCUMENTATION: >
#     Tutorials and documentation: 
#     https://www.cosmos.esa.int/web/gaia-users/archive 
# datatype:
# - 
#   name: solution_id
#   datatype: int64
#   description: Solution Identifier
#   meta:
#     ucd: meta.version
# - 
#   name: source_id
#   datatype: int64
#   description: Unique source identifier
#   meta:
#     ucd: meta.id;meta.main
# - 
#   name: global_ranking
#   datatype: float32
#   description: Number between 0 (worst) and 1 (best)
#   meta:
#     ucd: stat.param
# - 
#   name: reference_time
#   datatype: float64
#   unit: d
#   description: Reference time used for the geometric model fit
#   meta:
#     ucd: time.epoch
# - 
#   name: frequency
#   datatype: float64
#   unit: d**-1
#   description: Frequency of geometric model of the eclipsing binary light curve
#   meta:
#     ucd: src.orbital
# - 
#   name: frequency_error
#   datatype: float32
#   unit: d**-1
#   description: "Uncertainty of \\texttt{frequency}"
#   meta:
#     ucd: stat.error
# - 
#   name: geom_model_reference_level
#   datatype: float32
#   unit: mag
#   description: Magnitude reference level of geometric model
#   meta:
#     ucd: phot.mag;em.opt
# - 
#   name: geom_model_reference_level_error
#   datatype: float32
#   unit: mag
#   description: "Uncertainty of \\texttt{geomModelReferenceLevel}"
#   meta:
#     ucd: stat.error;phot.mag;em.opt
# - 
#   name: geom_model_gaussian1_phase
#   datatype: float32
#   description: Phase of the Gaussian 1 component
#   meta:
#     ucd: time.phase
# - 
#   name: geom_model_gaussian1_phase_error
#   datatype: float32
#   description: "Uncertainty of \\texttt{geomModelGaussian1Phase}"
#   meta:
#     ucd: stat.error;time.phase
# - 
#   name: geom_model_gaussian1_sigma
#   datatype: float32
#   description: "Standard deviation [phase] of Gaussian 1 component"
#   meta:
#     ucd: stat.stdev
# - 
#   name: geom_model_gaussian1_sigma_error
#   datatype: float32
#   description: "Uncertainty of \\texttt{geomModelGaussian1Sigma}"
#   meta:
#     ucd: stat.error
# - 
#   name: geom_model_gaussian1_depth
#   datatype: float32
#   unit: mag
#   description: Magnitude depth of Gaussian 1 component
#   meta:
#     ucd: src.var.amplitude
# - 
#   name: geom_model_gaussian1_depth_error
#   datatype: float32
#   unit: mag
#   description: "Uncertainty of \\texttt{geomModelGaussian1Depth}"
#   meta:
#     ucd: stat.error;src.var.amplitude
# - 
#   name: geom_model_gaussian2_phase
#   datatype: float32
#   description: Phase of Gaussian 2 component
#   meta:
#     ucd: time.phase
# - 
#   name: geom_model_gaussian2_phase_error
#   datatype: float32
#   description: "Uncertainty of \\texttt{geomModelGaussian2Phase}"
#   meta:
#     ucd: stat.error;time.phase
# - 
#   name: geom_model_gaussian2_sigma
#   datatype: float32
[...]
#   datatype: float32
#   description: "Secondary eclipse: uncertainty of \\texttt{derivedSecondaryEclDuration}"
#   meta:
#     ucd: stat.error;time.duration
# - 
#   name: derived_secondary_ecl_depth
#   datatype: float32
#   unit: mag
#   description: "Secondary eclipse: depth"
#   meta:
#     ucd: src.var.amplitude
# - 
#   name: derived_secondary_ecl_depth_error
#   datatype: float32
#   unit: mag
#   description: "Secondary eclipse: uncertainty of \\texttt{derivedSecondaryEclDepth}"
#   meta:
#     ucd: stat.error;src.var.amplitude
solution_id,source_id,global_ranking,reference_time,frequency,frequency_error,geom_model_reference_level,geom_model_reference_level_error,geom_model_gaussian1_phase,geom_model_gaussian1_phase_error,geom_model_gaussian1_sigma,geom_model_gaussian1_sigma_error,geom_model_gaussian1_depth,geom_model_gaussian1_depth_error,geom_model_gaussian2_phase,geom_model_gaussian2_phase_error,geom_model_gaussian2_sigma,geom_model_gaussian2_sigma_error,geom_model_gaussian2_depth,geom_model_gaussian2_depth_error,geom_model_cosine_half_period_amplitude,geom_model_cosine_half_period_amplitude_error,geom_model_cosine_half_period_phase,geom_model_cosine_half_period_phase_error,model_type,num_model_parameters,reduced_chi2,derived_primary_ecl_phase,derived_primary_ecl_phase_error,derived_primary_ecl_duration,derived_primary_ecl_duration_error,derived_primary_ecl_depth,derived_primary_ecl_depth_error,derived_secondary_ecl_phase,derived_secondary_ecl_phase_error,derived_secondary_ecl_duration,derived_secondary_ecl_duration_error,derived_secondary_ecl_depth,derived_secondary_ecl_depth_error
[from data line 36]
375316653866487564,2042875635002089216,0.5753391,2244.1151857420105,1.0459293980283884,3.4760942E-6,11.171789,0.0012470285,0.25763312,0.0026927846,0.030726654,0.011960597,0.020893248,0.010086693,0.7551511,0.0017796273,0.03696776,0.0029517834,0.14097846,0.019398578,0.03396292,0.0022726767,0.25763312,0.0026927846,"TWOGAUSSIANS_WITH_ELLIPSOIDAL_ON_ECLIPSE1",9,29.5606,0.7552711,0.0016629006,0.20701946,0.016529987,0.20888855,0.020417243,0.25763312,0.0026927846,0.17206927,0.06697934,0.08881905,0.010219231
375316653866487564,2042888034564974720,0.45139092,2266.609993221832,0.5480924599131816,5.0814157E-5,18.176964,0.0036095623,0.40315115,0.0012766924,0.026193378,0.0011439623,0.6168279,0.03719369,0.6673886,0.004129819,0.010491262,0.0022778194,0.16621894,0.044409435,0.01903793,0.0090813665,0.6673886,0.004129819,"TWOGAUSSIANS_WITH_ELLIPSOIDAL_ON_ECLIPSE2",9,21.746874,0.40310115,0.0012519424,0.14668292,0.006406189,0.6171325,0.03728243,0.6673886,0.004129819,0.058751065,0.012755789,0.20429446,0.04211639
375316653866487564,2042889993072454400,0.4735505,2203.6852248615696,1.8499279375433504,1.5861418E-5,17.904057,0.0047342433,0.8928779,0.006873097,0.016362322,0.01243518,0.062911354,0.08127133,0.7511239,0.006746114,0.037469555,0.0058804704,0.2535189,0.082778916,0.037135117,0.007619696,0.7511239,0.006746114,"TWOGAUSSIANS_WITH_ELLIPSOIDAL_ON_ECLIPSE2",9,17.881905,0.7511239,0.006746114,0.20982951,0.032930635,0.3277891,0.081175625,0.89080787,0.011745928,0.091629006,0.06963701,0.092974834,0.08070204
375316653866487564,2042890959445337088,0.5057651,2236.367143475548,2.5998444029159273,2.0854564E-5,16.426607,0.02863783,0.2316413,0.0047744038,0.116635256,0.016072547,0.2666274,0.024858987,0.7141617,0.0052100266,0.09576584,0.010565564,0.23816451,0.028894052,null,null,null,null,"TWOGAUSSIANS",8,55.67825,0.2316413,0.0047744038,0.4,0.0,0.24070217,0.012044059,0.7141617,0.0052100266,0.4,0.0,0.21230385,0.010693944
375316653866487564,2042891230020744064,0.5186989,2227.934222538861,2.630667241377893,1.0237211E-5,19.232079,0.020069769,0.28388727,0.0024025636,0.0916908,0.009623051,0.3394453,0.019800019,0.78976667,0.0050534857,0.098256215,0.009952629,0.3038765,0.020064823,null,null,null,null,"TWOGAUSSIANS",8,2.1437685,0.28388727,0.0024025636,0.4,0.0,0.32098922,0.02389827,0.78976667,0.0050534857,0.4,0.0,0.28541914,0.012727064
375316653866487564,2042893051087647104,0.48835436,2236.1037314661216,0.18808028639624788,4.5422432E-5,12.871516,0.015528489,0.24363525,0.0051060026,0.10227236,0.016713845,0.07656219,0.014820153,0.76203203,0.007252891,0.11676204,0.028208375,0.0690237,0.014983458,null,null,null,null,"TWOGAUSSIANS",8,87.68772,0.24358526,0.005046325,0.4,0.0,0.067807555,0.004428975,0.76204205,0.007247641,0.4,0.0,0.060252856,0.003413651
375316653866487564,2042894704647167744,0.53682715,2221.266996595454,2.4304780814636735,8.731492E-6,19.197113,0.005239187,0.20744868,0.0031471457,0.028425355,0.0033947653,0.5349252,0.112148866,0.7172942,0.003615461,0.036321666,0.004551544,0.32796174,0.014388137,null,null,null,null,"TWOGAUSSIANS",8,1.7168894,0.20744868,0.0031471457,0.159182,0.019010685,0.5349252,0.112148866,0.7172942,0.003615461,0.20340134,0.025488645,0.32796174,0.014388137
375316653866487564,2042895563650135168,0.6441494,2228.3741071687386,2.98337410649249,4.692217E-6,17.3812,0.008660006,0.22055621,8.93122E-4,0.03689209,0.0019378487,0.45961764,0.017723162,0.72132826,0.0027152284,0.041793495,0.0048823683,0.6389079,0.05496846,0.15773867,0.010718029,0.22055621,8.93122E-4,"TWOGAUSSIANS_WITH_ELLIPSOIDAL_ON_ECLIPSE1",9,11.236981,0.72132826,0.0026798816,0.23404358,0.027341262,0.9543777,0.06265306,0.22055621,8.93122E-4,0.20659569,0.010851953,0.7750949,0.012523408
375316653866487564,2042895902947351040,0.5272677,2220.9382818439867,1.560154381984047,2.94092E-5,17.71728,0.0034149655,0.24325942,0.0032843628,0.059640937,0.0028446068,0.19209851,0.013179631,0.74960774,0.01008203,0.04777562,0.009988793,0.059883628,0.011523757,null,null,null,null,"TWOGAUSSIANS",8,3.3719525,0.24325942,0.0032843628,0.33398926,0.015929798,0.19209513,0.013179442,0.74960774,0.01008203,0.26754346,0.05593724,0.05988024,0.011524939
375316653866487564,2042897861452500736,0.53306305,2264.0015512461837,3.037111610636449,1.230533E-5,17.976969,0.013521033,0.22471128,0.0029689008,0.0681426,0.0049544214,0.28023905,0.015029445,0.7201852,0.0033281248,0.08703134,0.005766478,0.3521973,0.025886618,null,null,null,null,"TWOGAUSSIANS",8,10.223912,0.7201852,0.0033281248,0.4,0.0,0.34899494,0.025938123,0.22471128,0.0029689008,0.38159856,0.027230926,0.27703673,0.014022162
375316653866487564,2042902981053693056,0.5946231,2229.608412658592,2.7380096626070416,4.0357627E-6,17.720776,0.014930814,0.26368538,0.0016617324,0.057683136,0.006688218,0.26552063,0.029041432,0.76370835,0.0018542272,0.05747377,0.0059263585,0.24956283,0.026253605,0.097470686,0.017305154,0.26368538,0.0016617324,"TWOGAUSSIANS_WITH_ELLIPSOIDAL_ON_ECLIPSE1",9,4.793142,0.26368538,0.0016617324,0.32302555,0.03745402,0.4604202,0.02114124,0.76370835,0.0016544893,0.32185313,0.03318761,0.4444624,0.014609254
375316653866487564,2042903840047193600,0.44708872,2226.22160764817,1.1156846205745263,4.96923E-5,18.080969,0.0062542185,0.29209208,5.801807E-5,0.016249334,4.5004504E-4,0.6326196,0.02126693,0.7929135,0.01487383,0.047779746,0.039527737,0.079016395,0.093637325,null,null,null,null,"TWOGAUSSIANS",8,9.086927,0.29209208,5.801807E-5,0.09099627,0.0025202523,0.6326196,0.02126693,0.7929135,0.01487383,0.2675666,0.22135532,0.079016395,0.093637325
375316653866487564,2042906898063920000,0.5455419,2232.6030773281464,2.111307673943454,1.6790158E-5,17.713583,0.0030555248,0.6144259,0.013791536,0.0067463256,0.009764914,0.08858201,0.6961145,0.78656816,0.003940868,0.020209981,0.0029136266,0.6254505,0.17260286,0.009308717,0.0043718657,0.78656816,0.003940868,"TWOGAUSSIANS_WITH_ELLIPSOIDAL_ON_ECLIPSE2",9,8.59558,0.78656816,0.003940868,0.11317589,0.01631631,0.6440679,0.17506851,0.6144759,0.013452203,0.037779424,0.05468352,0.09269553,0.69650865
375316653866487564,2042909788581987072,0.5174559,2232.3427106397485,3.2026641337152397,1.1194568E-5,16.154682,0.03272452,0.2134828,0.004994203,0.1053898,0.019644137,0.16423887,0.02772636,0.71761996,0.0038449203,0.12212718,0.018611085,0.18198565,0.030574951,null,null,null,null,"TWOGAUSSIANS",8,18.540977,0.71761996,0.0038454777,0.4,0.0,0.15226938,0.0068405382,0.2134628,0.004995465,0.4,0.0,0.13460246,0.009766497
375316653866487564,2042910991173192832,0.6055956,2228.8800711693166,1.191132136657222,3.927844E-6,17.146431,0.004755251,0.238693,0.0011439382,0.05540266,0.0045601195,0.09767063,0.010657706,0.72119695,0.0075304583,0.047086794,0.008123088,0.035651606,0.014424027,0.06771453,0.0059674415,0.238693,0.0011439382,"TWOGAUSSIANS_WITH_ELLIPSOIDAL_ON_ECLIPSE1",9,2.445329,0.238693,0.0011439382,0.3102549,0.02553667,0.23309553,0.0050696,0.72821695,0.0060789976,0.26368603,0.045489293,0.17009656,0.007275788
375316653866487564,2042911708423709056,0.51576763,2267.8320893409796,2.5744014566494897,6.984027E-6,19.74846,0.008449844,0.2907033,0.005679266,0.06885861,0.00963154,0.16315667,0.016279997,0.80095047,0.002242639,0.06589451,0.0031171935,0.43750474,0.009118102,null,null,null,null,"TWOGAUSSIANS",8,1.2967836,0.80095047,0.002242639,0.36900923,0.017456284,0.43710175,0.008942213,0.2907033,0.005679266,0.38560823,0.04713307,0.1627537,0.016391864
375316653866487564,2042918069279349888,0.52870744,2238.0666629641323,4.4225547519537445,2.4729823E-5,16.099564,0.001993515,0.2227573,0.0011273465,0.006999354,5.336676E-4,0.21638957,0.022264367,0.84778833,0.022989536,0.019306917,0.0132798385,0.013874134,0.008196723,null,null,null,null,"TWOGAUSSIANS",8,8.990067,0.2227573,0.0011273465,0.039196383,0.0029885385,0.21638957,0.022264367,0.84778833,0.022989536,0.108118735,0.07436709,0.013874134,0.008196723
375316653866487564,2042924322751900416,0.4926922,2239.0495136556146,0.08627245512866816,5.3611557E-6,14.22672,0.0012802338,0.37398008,1.05759E-4,0.0018283844,9.718874E-5,0.09864798,0.0035335384,0.8761146,0.0027551036,0.0043339375,0.0017564042,0.10521106,0.021770377,null,null,null,null,"TWOGAUSSIANS",8,32.10025,0.8761146,0.0027551036,0.02427005,0.0098358635,0.10521106,0.021770377,0.37398008,1.05759E-4,0.010238952,5.4425694E-4,0.09864798,0.0035335384
375316653866487564,2042924357111663360,0.6206349,2268.112487487267,1.2058498418386556,2.7985961E-6,17.464754,0.0024977005,0.23805004,0.0061448864,0.03650483,0.0068030353,0.082524985,0.013980514,0.7420962,5.781155E-4,0.03905661,9.5684594E-4,0.4621177,0.015046672,null,null,null,null,"TWOGAUSSIANS",8,2.993766,0.7420962,5.781155E-4,0.21871701,0.0053583374,0.4621177,0.015046672,0.23805004,0.0061448864,0.20442705,0.038096998,0.082524985,0.013980514
375316653866487564,2042924558965082496,0.6199533,2220.556516961864,3.1674747774878473,5.2515657E-6,17.624725,0.016682955,0.29975194,0.0019681256,0.056526892,0.0039560935,0.28913397,0.03710489,0.7896229,0.0028584523,0.06287819,0.0050709574,0.32842755,0.035076287,0.0757732,0.019855758,0.29975194,0.0019681256,"TWOGAUSSIANS_WITH_ELLIPSOIDAL_ON_ECLIPSE1",9,6.304982,0.7908929,0.0023505941,0.35211787,0.02839736,0.47935876,0.011059639,0.29975194,0.0019681256,0.3165506,0.022154124,0.44060123,0.008767114
375316653866487564,2042927616981312512,0.47004038,2254.796626967852,2.0196601236392655,1.48898425E-5,16.824049,0.008229501,0.273783,0.0037676676,0.018846475,0.0031216554,0.13485445,0.01036189,0.6648775,0.009337477,0.05751891,0.0076980963,0.41589487,0.05102665,0.02040287,0.01094309,0.6648775,0.009337477,"TWOGAUSSIANS_WITH_ELLIPSOIDAL_ON_ECLIPSE2",9,122.10054,0.6648775,0.009337477,0.3221059,0.04310934,0.45666853,0.048056852,0.273123,0.0036940922,0.10554026,0.01748127,0.15940657,0.0153904315
375316653866487564,2042928823868912128,0.42963323,2235.4733198165704,1.1033338341936285,8.625897E-5,19.920769,0.0075764684,0.18108799,0.015650768,0.020661088,0.01073042,0.15202153,0.077550285,0.71723753,0.011242316,0.06666247,0.015583472,0.2339654,0.14378138,null,null,null,null,"TWOGAUSSIANS",8,2.9940991,0.71723753,0.011242316,0.37330982,0.07626892,0.23396538,0.14378142,0.18108799,0.015650768,0.11570209,0.060090356,0.15202153,0.07755027
375316653866487564,2042931263418891904,0.509309,2212.920480410586,1.3943618305169019,3.6787995E-5,16.651455,0.0060646306,0.7024994,0.005392608,0.032291614,0.0036248446,0.37718305,0.024354516,null,null,null,null,null,null,0.023271052,0.010918896,0.7024994,0.005392608,"ONEGAUSSIAN_WITH_ELLIPSOIDAL",6,118.65364,0.7024994,0.005392608,0.18083304,0.02029913,0.42372516,0.021609968,null,null,null,null,null,null
375316653866487564,2042931503938383488,0.50625813,2225.7357462147106,3.675389454968245,2.8257648E-5,16.500462,0.075481415,0.2611575,0.053252794,0.049720462,0.06521059,0.16884176,0.13939832,0.7742302,0.008991839,0.042924386,0.058142867,0.24108377,0.12029245,0.17003042,0.10821058,0.7742302,0.008991839,"TWOGAUSSIANS_WITH_ELLIPSOIDAL_ON_ECLIPSE2",9,145.17625,0.7742302,0.008991839,0.24037656,0.32560006,0.5811433,0.287722,0.26484752,0.04246724,0.2784346,0.36517927,0.50725645,0.1560921
375316653866487564,2042931847534486912,0.512639,2220.081257808173,1.8973068905147987,4.342181E-6,17.468859,0.0011313991,0.2671271,0.0010003055,0.039107107,0.0015758249,0.102778316,0.0041167852,0.7592431,0.006812961,0.047676075,0.0065930504,6.0427544E-4,0.008766714,0.019108042,0.0030296256,0.7592431,0.006812961,"TWOGAUSSIANS_WITH_ELLIPSOIDAL_ON_ECLIPSE2",9,4.7329745,0.2667871,8.5074553E-4,0.21899979,0.008824619,0.14090464,0.0043326784,0.7592431,0.006812961,0.266986,0.03692108,0.038820274,0.006447463
375316653866487564,2042935107404190976,0.44106597,2224.010564149334,1.594198912438853,8.183574E-5,17.778631,0.005704503,0.31348014,0.0042062085,0.03755863,0.006626296,0.3013678,0.13040607,0.80937254,0.06856623,0.061596025,0.050857283,0.05212588,0.028080149,null,null,null,null,"TWOGAUSSIANS",8,12.44693,0.31348014,0.0042062085,0.21032834,0.037107255,0.30136734,0.13040805,0.80937254,0.06856623,0.34493774,0.21146457,0.052125413,0.028075598
375316653866487564,2042935627105649792,0.5602766,2223.0332736528057,2.424470756883323,8.697129E-6,15.293121,0.0296633,0.27656883,0.004393489,0.057447225,0.017847562,0.49581432,0.19845672,0.77866024,0.0027865034,0.044581212,0.007670834,0.47186464,0.050300393,0.11029427,0.0358868,0.27656883,0.004393489,"TWOGAUSSIANS_WITH_ELLIPSOIDAL_ON_ECLIPSE1",9,214.28462,0.27656883,0.004393489,0.32170448,0.09994634,0.7163644,0.2370737,0.77866024,0.0027865034,0.24965478,0.042956673,0.6923766,0.04651313
375316653866487564,2042936035117130240,0.5728095,2232.5171631763565,2.309776183096464,5.3806893E-6,15.957206,0.0035840203,0.2897844,0.0026318517,0.0981331,0.0037426979,0.13134658,0.0041111307,0.7995831,0.0015319238,0.09707297,0.0037882836,0.1323013,0.003263029,null,null,null,null,"TWOGAUSSIANS",8,5.023757,0.7995831,0.0015319238,0.4,0.0,0.12359293,0.0026951018,0.2897844,0.0026318517,0.4,0.0,0.12263804,0.0032545999
375316653866487564,2042936760977160320,0.61005354,2224.5000714290804,2.5644934595179203,7.821772E-6,16.511215,0.0056392844,0.25992677,0.001657038,0.0412155,0.0055319387,0.11532972,0.01296646,0.76512474,0.0076299305,0.04238099,0.009716136,0.12283043,0.028992321,0.12237344,0.007297786,0.25992677,0.001657038,"TWOGAUSSIANS_WITH_ELLIPSOIDAL_ON_ECLIPSE1",9,10.401952,0.76512474,0.0075283293,0.23733354,0.054410364,0.36731625,0.030636815,0.25992677,0.001657038,0.23080681,0.030978858,0.36007652,0.004449642
375316653866487564,2042938199780625536,0.55388194,2199.6428429921643,0.6606379155606765,7.918319E-5,11.938356,0.0011826223,0.16793187,0.003639312,0.032266855,0.0051675835,0.13155998,0.019274663,0.72743404,0.015071792,0.009030749,0.01876793,0.01306759,0.02955458,0.012246411,0.0011211102,0.72743404,0.015071792,"TWOGAUSSIANS_WITH_ELLIPSOIDAL_ON_ECLIPSE2",9,53.471313,0.16875187,0.0036112852,0.18069439,0.028938469,0.15282877,0.019244978,0.72743404,0.015071792,0.050572194,0.105100416,0.03756041,0.029755693
375316653866487564,2042938375884899328,0.58042824,2203.651559203198,2.580754724688548,9.716243E-6,13.736503,0.0116643505,0.25457418,0.0048122564,0.06583908,0.0073311916,0.12286873,0.024573086,0.7354211,0.0031227625,0.054855067,0.0103563145,0.13464673,0.024907142,0.08754702,0.013518481,0.7354211,0.0031227625,"TWOGAUSSIANS_WITH_ELLIPSOIDAL_ON_ECLIPSE2",9,273.43262,0.7354211,0.0031227625,0.3071884,0.05799536,0.30970705,0.012795711,0.24829417,0.0026045137,0.36869887,0.041054673,0.29622838,0.0079823285
375316653866487564,2042938410244667520,0.46125168,2220.703864764028,3.8861424301678453,1.960647E-5,18.073772,0.003734164,null,null,null,null,null,null,null,null,null,null,null,null,0.07146196,0.00607252,0.2057282,0.004987941,"ELLIPSOIDAL",4,9.915681,null,null,null,null,null,null,null,null,null,null,null,null
375316653866487564,2042942361614453120,0.6507,2209.620966833716,0.21969653712135237,5.811339E-6,17.71929,0.0075612282,0.19406082,9.5445034E-4,0.03655535,9.967651E-4,0.78059614,0.023002623,0.6832231,0.016431786,0.05286838,0.013278272,0.15819402,0.024556337,0.021560937,0.012879872,0.19406082,9.5445034E-4,"TWOGAUSSIANS_WITH_ELLIPSOIDAL_ON_ECLIPSE1",9,4.635396,0.19406082,9.5445034E-4,0.20470996,0.005581884,0.8237171,0.016484903,0.6838331,0.015379408,0.29606292,0.07435832,0.20112668,0.0202549
375316653866487564,2042946656581888000,0.5782773,2270.8032627876883,2.8770009788817035,9.286914E-6,17.525028,0.007844468,0.2795024,0.0040703756,0.07639226,0.0046527353,0.45343935,0.019413304,0.783248,9.919179E-4,0.07965348,0.0023861465,0.406996,0.0076092198,null,null,null,null,"TWOGAUSSIANS",8,13.564318,0.2795024,0.0040703756,0.4,0.0,0.44875672,0.01971861,0.783248,9.919179E-4,0.4,0.0,0.40231338,0.0066435793
