Gaia/vari_eclipsing_binary/VariEclipsingBinary_462173-462184.csv
# %ECSV 1.0
# ---
# delimiter: ','
# meta: !!omap
# - RELEASE: Gaia DR3
# - TABLE: vari_eclipsing_binary
# - DESCRIPTION: >
#     This table describes the properties of the eclipsing binaries resulting from the variability analysis. 
# - CITATION: >
#     How to cite and acknowledge Gaia: 
#     https://gea.esac.esa.int/archive/documentation/credits.html 
# - KNOWN_ISSUES: >
#     Known issues: 
#     https://www.cosmos.esa.int/web/gaia-users/known-issues 
# - DOCUMENTATION: >
#     Tutorials and documentation: 
#     https://www.cosmos.esa.int/web/gaia-users/archive 
# datatype:
# - 
#   name: solution_id
#   datatype: int64
#   description: Solution Identifier
#   meta:
#     ucd: meta.version
# - 
#   name: source_id
#   datatype: int64
#   description: Unique source identifier
#   meta:
#     ucd: meta.id;meta.main
# - 
#   name: global_ranking
#   datatype: float32
#   description: Number between 0 (worst) and 1 (best)
#   meta:
#     ucd: stat.param
# - 
#   name: reference_time
#   datatype: float64
#   unit: d
#   description: Reference time used for the geometric model fit
#   meta:
#     ucd: time.epoch
# - 
#   name: frequency
#   datatype: float64
#   unit: d**-1
#   description: Frequency of geometric model of the eclipsing binary light curve
#   meta:
#     ucd: src.orbital
# - 
#   name: frequency_error
#   datatype: float32
#   unit: d**-1
#   description: "Uncertainty of \\texttt{frequency}"
#   meta:
#     ucd: stat.error
# - 
#   name: geom_model_reference_level
#   datatype: float32
#   unit: mag
#   description: Magnitude reference level of geometric model
#   meta:
#     ucd: phot.mag;em.opt
# - 
#   name: geom_model_reference_level_error
#   datatype: float32
#   unit: mag
#   description: "Uncertainty of \\texttt{geomModelReferenceLevel}"
#   meta:
#     ucd: stat.error;phot.mag;em.opt
# - 
#   name: geom_model_gaussian1_phase
#   datatype: float32
#   description: Phase of the Gaussian 1 component
#   meta:
#     ucd: time.phase
# - 
#   name: geom_model_gaussian1_phase_error
#   datatype: float32
#   description: "Uncertainty of \\texttt{geomModelGaussian1Phase}"
#   meta:
#     ucd: stat.error;time.phase
# - 
#   name: geom_model_gaussian1_sigma
#   datatype: float32
#   description: "Standard deviation [phase] of Gaussian 1 component"
#   meta:
#     ucd: stat.stdev
# - 
#   name: geom_model_gaussian1_sigma_error
#   datatype: float32
#   description: "Uncertainty of \\texttt{geomModelGaussian1Sigma}"
#   meta:
#     ucd: stat.error
# - 
#   name: geom_model_gaussian1_depth
#   datatype: float32
#   unit: mag
#   description: Magnitude depth of Gaussian 1 component
#   meta:
#     ucd: src.var.amplitude
# - 
#   name: geom_model_gaussian1_depth_error
#   datatype: float32
#   unit: mag
#   description: "Uncertainty of \\texttt{geomModelGaussian1Depth}"
#   meta:
#     ucd: stat.error;src.var.amplitude
# - 
#   name: geom_model_gaussian2_phase
#   datatype: float32
#   description: Phase of Gaussian 2 component
#   meta:
#     ucd: time.phase
# - 
#   name: geom_model_gaussian2_phase_error
#   datatype: float32
#   description: "Uncertainty of \\texttt{geomModelGaussian2Phase}"
#   meta:
#     ucd: stat.error;time.phase
# - 
#   name: geom_model_gaussian2_sigma
#   datatype: float32
[...]
#   datatype: float32
#   description: "Secondary eclipse: uncertainty of \\texttt{derivedSecondaryEclDuration}"
#   meta:
#     ucd: stat.error;time.duration
# - 
#   name: derived_secondary_ecl_depth
#   datatype: float32
#   unit: mag
#   description: "Secondary eclipse: depth"
#   meta:
#     ucd: src.var.amplitude
# - 
#   name: derived_secondary_ecl_depth_error
#   datatype: float32
#   unit: mag
#   description: "Secondary eclipse: uncertainty of \\texttt{derivedSecondaryEclDepth}"
#   meta:
#     ucd: stat.error;src.var.amplitude
solution_id,source_id,global_ranking,reference_time,frequency,frequency_error,geom_model_reference_level,geom_model_reference_level_error,geom_model_gaussian1_phase,geom_model_gaussian1_phase_error,geom_model_gaussian1_sigma,geom_model_gaussian1_sigma_error,geom_model_gaussian1_depth,geom_model_gaussian1_depth_error,geom_model_gaussian2_phase,geom_model_gaussian2_phase_error,geom_model_gaussian2_sigma,geom_model_gaussian2_sigma_error,geom_model_gaussian2_depth,geom_model_gaussian2_depth_error,geom_model_cosine_half_period_amplitude,geom_model_cosine_half_period_amplitude_error,geom_model_cosine_half_period_phase,geom_model_cosine_half_period_phase_error,model_type,num_model_parameters,reduced_chi2,derived_primary_ecl_phase,derived_primary_ecl_phase_error,derived_primary_ecl_duration,derived_primary_ecl_duration_error,derived_primary_ecl_depth,derived_primary_ecl_depth_error,derived_secondary_ecl_phase,derived_secondary_ecl_phase_error,derived_secondary_ecl_duration,derived_secondary_ecl_duration_error,derived_secondary_ecl_depth,derived_secondary_ecl_depth_error
[from data line 189]
375316653866487564,4065332471663243008,0.5278695,2273.6956709872256,1.500679678652228,3.1318305E-5,17.499332,0.038353413,0.3109389,0.0075047323,0.1001521,0.022686075,0.23795901,0.031177517,0.81890434,0.006523178,0.090130456,0.017056478,0.3194046,0.041162122,null,null,null,null,"TWOGAUSSIANS",8,11.394996,0.81890434,0.006525504,0.4,0.0,0.30396715,0.042507585,0.3109389,0.0075047323,0.4,0.0,0.22251973,0.028343217
375316653866487564,4065332475858310272,0.47814518,2135.0042817830654,0.05283764709269786,8.709211E-5,19.238531,0.014770446,0.312394,0.010734728,0.12190587,0.01801392,0.19368066,0.022122476,0.6978472,0.024776103,0.0262668,0.01730983,0.12643881,1.4810759,null,null,null,null,"TWOGAUSSIANS",8,0.9802888,0.312394,0.010734728,0.4,0.0,0.1935895,0.022163495,0.6978472,0.024776103,0.14709409,0.09693505,0.12765484,1.4809449
375316653866487564,4065332540225202304,0.44955453,2163.086400834027,1.1542213536622659,6.175504E-5,18.103607,0.01468902,0.2964928,0.030184029,0.11511578,0.038295407,0.0825169,0.02875243,0.74046916,0.017777372,0.08556479,0.026496006,0.08744213,0.0144572295,null,null,null,null,"TWOGAUSSIANS",8,2.934027,0.74046916,0.017777372,0.4,0.0,0.08389708,0.01154377,0.2964928,0.03017681,0.4,0.0,0.07892267,0.030098014
375316653866487564,4065332540383083648,0.47766227,2153.874027396324,4.808215358350832,5.9428246E-5,18.812965,0.01895553,0.49471682,0.02060515,0.059857856,0.023807868,0.32965925,0.024367847,null,null,null,null,null,null,null,null,null,null,"ONEGAUSSIAN",5,3.2673986,0.49471682,0.02060515,0.33520398,0.13332407,0.32965925,0.0,null,null,null,null,null,null
375316653866487564,4065332578937463424,0.48488402,2187.0601736001495,0.2906016256941407,7.406827E-5,18.646677,0.014759263,0.5418538,0.019456876,0.123120174,0.02519082,0.12922226,0.0132455025,0.9124706,0.008621399,0.034210395,0.010919274,0.056700375,0.021858817,null,null,null,null,"TWOGAUSSIANS",8,1.7651031,0.5418538,0.019456876,0.4,0.0,0.12913892,0.0129209105,0.9124706,0.008621399,0.19157821,0.061147932,0.058009494,0.022438072
375316653866487564,4065332578937499264,0.43724397,2159.7926241869527,0.10707338229625742,4.346145E-5,19.177206,0.004008115,0.34348252,0.010600423,0.060365297,0.008300362,0.40703017,0.012957339,0.7723874,0.010658043,0.028688336,0.047865316,1.1510932,1.1783934,null,null,null,null,"TWOGAUSSIANS",8,3.555325,0.7723874,0.010658043,0.16065468,0.22525507,1.1510932,1.1785209,0.34348252,0.010600423,0.33804566,0.04648203,0.40703017,0.012936045
375316653866487564,4065332613249006720,0.44894412,2223.7873968451827,0.9581697037195464,9.698026E-5,18.738167,0.05052672,0.5447619,0.020056397,0.19308409,0.065579325,0.17394643,0.045557883,0.9232516,0.014917975,0.050002564,0.05139742,0.07194025,0.018367628,null,null,null,null,"TWOGAUSSIANS",8,2.6078603,0.5447619,0.020051258,0.4,0.0,0.16022223,0.021672877,0.9232516,0.014917975,0.28001434,0.22222395,0.08466376,0.025607482
375316653866487564,4065332677822452352,0.5137561,2178.0086399992992,2.7066602994508484,4.336497E-5,18.176662,0.01753487,0.2942909,0.008080445,0.06993514,0.008670529,0.38132316,0.078892596,0.80047923,0.027652076,0.0806658,0.031563435,0.30393553,0.078817815,null,null,null,null,"TWOGAUSSIANS",8,10.2084465,0.2942909,0.008080445,0.39163682,0.043143984,0.37895378,0.07962802,0.80047923,0.027652076,0.4,0.014944341,0.30156612,0.0846507
375316653866487564,4065332815072517760,0.5352989,2199.31289235956,0.08190118560566527,1.7896746E-5,12.120821,0.0015025828,0.29811066,0.005448981,0.04497588,0.0052198055,0.20871107,0.073901616,0.80154645,0.007375508,0.051018998,0.031951293,0.12695935,22.533974,null,null,null,null,"TWOGAUSSIANS",8,68.230515,0.29811066,0.005448981,0.25186494,0.029230911,0.20871073,0.07390214,0.80154645,0.007375508,0.2857064,0.17892726,0.12695901,22.533974
375316653866487564,4065332853815095296,0.47040284,2153.1267143444998,0.5297597511576683,1.13591654E-4,18.67354,0.05750054,0.5766367,0.09869597,0.17988895,0.05876244,0.14152487,0.057640128,0.9237425,0.090809956,0.05165422,0.15950784,0.046851434,0.080947965,null,null,null,null,"TWOGAUSSIANS",8,2.362219,0.5766367,0.07825326,0.4,0.0,0.13520405,0.043882336,0.9237425,0.090809956,0.28926364,0.2882692,0.06272218,0.038673993
375316653866487564,4065332883983522944,0.5110106,2207.394821744355,1.152740546586969,4.998115E-5,18.760702,0.054568045,0.24517787,0.009852528,0.115722604,0.037213024,0.14076501,0.053060934,0.69200414,0.025533374,0.101229385,0.027265752,0.16561162,0.06845743,null,null,null,null,"TWOGAUSSIANS",8,1.2890198,0.69200414,0.025533374,0.4,0.0,0.15397458,0.03213496,0.24521787,0.00972845,0.4,0.0,0.12905473,0.023763452
375316653866487564,4065333025565862400,0.5509079,2213.7520720827406,0.9119638963739471,6.21823E-5,18.969303,0.025689147,0.25627828,0.052190512,0.08191808,0.05826103,0.3039541,0.20174557,0.7702331,0.009866066,0.05203753,0.0071484763,0.5033699,0.05271192,null,null,null,null,"TWOGAUSSIANS",8,4.5708876,0.7702331,0.009866066,0.29141018,0.040031467,0.5029147,0.052422877,0.25627828,0.052190512,0.4,0.2195972,0.30349886,0.2021039
375316653866487564,4065333334852489856,0.532373,2216.1886207334346,1.1060452842980353,3.9360177E-5,14.483193,0.0023748036,0.2508204,0.017118154,0.022567483,0.01940541,0.08082846,6.8728358E12,0.735451,0.018324194,0.043132715,0.0113344295,0.086724095,0.03548678,0.009292799,0.0030647474,0.2508204,0.017118154,"TWOGAUSSIANS_WITH_ELLIPSOIDAL_ON_ECLIPSE1",9,26.953674,0.73592097,0.017541315,0.2415432,0.0634728,0.10514212,0.035408948,0.2508204,0.017118154,0.1263779,0.108670294,0.099414036,6.8728358E12
375316653866487564,4065333369163386240,0.4606452,2174.238902972689,0.3700809960757038,2.6113203E-5,18.153593,0.035486322,0.24308586,0.008998729,0.038848862,0.008924939,0.34835404,0.11073774,0.80666524,0.013487107,0.100596614,0.022375366,0.22282016,0.034632225,null,null,null,null,"TWOGAUSSIANS",8,3.8446083,0.24308586,0.009006036,0.21755363,0.049979657,0.3482445,0.11073615,0.80666524,0.013487107,0.4,0.0,0.22269231,0.034294553
375316653866487564,4065333437882977280,0.5026778,2183.043151263666,0.9613444209014167,4.8226222E-5,18.965582,0.010050853,0.3405858,0.015156703,0.10836338,0.0099582905,0.41218618,0.059179995,0.68404824,0.008097853,0.04942288,0.0071711307,0.6178511,0.128783,null,null,null,null,"TWOGAUSSIANS",8,4.9694514,0.68404824,0.008097853,0.27676812,0.04015833,0.6204144,0.12942292,0.3405858,0.015156703,0.4,0.0,0.41203532,0.059122972
375316653866487564,4065333437931255296,0.4677494,2206.4685215382005,2.107114159970368,3.60582E-5,16.325985,0.019977078,0.22267745,0.005503405,0.07534671,0.0072557502,0.21351516,0.023490455,0.7050679,0.011562992,0.06348892,0.013368999,0.18651615,0.052750155,null,null,null,null,"TWOGAUSSIANS",8,86.02538,0.22267745,0.005503405,0.4,0.0,0.21313165,0.022985518,0.7050679,0.011562992,0.35553798,0.07486639,0.18613264,0.053050067
375316653866487564,4065333502457705088,0.5103716,2189.4369915412412,2.1986329691848936,2.9862646E-5,18.786486,0.063165456,0.30754757,0.008259376,0.11020749,0.019199567,0.3754427,0.06046035,0.796827,0.005310341,0.10600844,0.019071057,0.34256905,0.05172058,null,null,null,null,"TWOGAUSSIANS",8,2.549072,0.30755758,0.008265505,0.4,0.0,0.3313586,0.016593369,0.796827,0.005310341,0.4,0.0,0.29850158,0.027541814
375316653866487564,4065333536817325952,0.4931369,2181.1221598203806,1.693256198441946,3.7945665E-5,18.070337,0.005609284,null,null,null,null,null,null,null,null,null,null,null,null,0.09393955,0.0073567703,0.2810958,0.007622218,"ELLIPSOIDAL",4,6.625236,null,null,null,null,null,null,null,null,null,null,null,null
375316653866487564,4065333575370400768,0.48189798,2176.038518382969,0.4062454785648382,1.8258992E-5,18.856514,0.016641045,0.28633708,0.006081404,0.041881517,0.008155803,0.28461045,0.046237893,0.9080896,0.007687682,0.046847966,0.0075715734,0.24360777,0.031490877,null,null,null,null,"TWOGAUSSIANS",8,5.3732095,0.28633708,0.006081404,0.23453648,0.0456725,0.28461045,0.046237893,0.9080896,0.007687682,0.26234862,0.04240081,0.24360777,0.031490877
375316653866487564,4065333811695716480,0.48850137,2162.8525305124617,0.22366859919569607,6.2327235E-5,18.877062,0.060639713,0.31079763,0.01275918,0.20265055,0.04091968,0.30361193,0.04994338,0.82762194,0.03379742,0.04619867,0.021846475,0.31619227,0.34576035,null,null,null,null,"TWOGAUSSIANS",8,4.150754,0.8280419,0.033666853,0.25871256,0.12234026,0.28744018,0.3658618,0.31079763,0.01275918,0.4,0.0,0.24540614,0.02802724
375316653866487564,4065333846057803520,0.4578561,2174.6622963864284,0.20396802087202456,2.165559E-5,18.792093,0.012439928,0.27874076,0.0018065355,0.05514308,0.007304631,0.30813214,0.06438577,0.7530976,0.062135596,0.06747372,0.036160704,0.23371795,0.28556022,null,null,null,null,"TWOGAUSSIANS",8,5.4977465,0.27874076,0.0018065355,0.30880123,0.040905934,0.3080784,0.06464611,0.7530976,0.062135596,0.37785283,0.16827612,0.23366421,0.28566954
375316653866487564,4065334086405704192,0.49549273,2137.4563813328145,0.1563103013986583,5.360158E-5,18.518934,0.052981477,0.28540638,0.0139668165,0.12319652,0.050441403,0.19108453,0.031999342,0.8372903,0.014656963,0.08573375,0.02671892,0.21367194,0.05125316,null,null,null,null,"TWOGAUSSIANS",8,3.1743731,0.83754027,0.014402878,0.4,0.055911034,0.2019673,0.037121505,0.28540638,0.013963127,0.4,0.0,0.17911488,0.025169052
375316653866487564,4065334086575810048,0.44441363,2181.22033658699,0.8710536047655134,2.960629E-5,18.63828,0.033967663,0.1265053,0.0013182632,0.029826267,0.0049849036,0.07367985,0.025907049,0.5952861,0.014789109,0.17896056,0.054814953,0.163572,0.02996586,null,null,null,null,"TWOGAUSSIANS",8,4.733009,0.5952861,0.014789109,0.4,0.0,0.15371838,0.018625388,0.1270553,7.935484E-4,0.1670271,0.02791546,0.0711287,0.02321228
375316653866487564,4065334086575820288,0.4842496,2157.8890497127954,0.3317242773792004,3.036999E-5,18.750343,0.17953616,0.19571021,0.019212805,0.069754384,0.038398065,0.3222623,0.0750828,0.79845923,0.04140579,0.1679686,0.122825064,0.22827226,0.17771438,null,null,null,null,"TWOGAUSSIANS",8,4.9377747,0.19276021,0.015034715,0.39062455,0.18300153,0.3183429,0.055708203,0.79845923,0.041437387,0.4,0.0,0.2097826,0.116967686
375316653866487564,4065334120935772416,0.54685956,2189.8262709333544,2.3501357832417686,2.2844755E-5,18.357445,0.008284557,0.29311693,0.0049308315,0.081427686,0.00936217,0.4271881,0.06548846,0.78257436,0.020780772,0.062789716,0.022788774,0.5386823,0.056456976,null,null,null,null,"TWOGAUSSIANS",8,7.8425484,0.78257436,0.020780772,0.3516224,0.12761714,0.53690636,0.056324754,0.29311693,0.0049308315,0.4,0.0,0.42541218,0.06682246
375316653866487564,4065334258212338432,0.51097035,2270.639956399575,2.2723247637738453,9.983805E-6,17.81535,0.030393297,0.23691247,0.0036999402,0.06840024,0.010953359,0.58269215,0.13928907,0.7360518,0.005498849,0.087902404,0.009122683,0.45019385,0.030672573,null,null,null,null,"TWOGAUSSIANS",8,27.893661,0.23691247,0.0036999402,0.38304132,0.043208838,0.5768195,0.14322105,0.7360518,0.005498849,0.4,0.0,0.4443211,0.027163511
375316653866487564,4065334292572359296,0.43674147,2266.2319745008804,4.549289365345049,6.310092E-5,18.960226,0.05010697,0.22673821,0.0051954836,0.079509936,0.019170957,0.7587232,0.3574722,0.87759674,0.09976906,0.048661944,0.049573246,1.3756355,27.60131,null,null,null,null,"TWOGAUSSIANS",8,4.763194,0.87759674,0.09985456,0.2725069,0.2747825,1.3756802,27.600622,0.22673821,0.0051954836,0.4,0.050724175,0.75871855,0.3575274
375316653866487564,4065334296926009728,0.48839816,2235.98526034097,1.3277973620527252,7.653554E-6,18.843016,0.0063252705,0.30083773,0.014002603,0.029382419,0.0051446864,0.2947603,0.090327784,null,null,null,null,null,null,null,null,null,null,"ONEGAUSSIAN",5,2.445222,0.30083773,0.014002603,0.16454154,0.028810244,0.2947603,0.0,null,null,null,null,null,null
375316653866487564,4065334331285770880,0.45607617,2228.091362350936,1.922190296154774,6.02222E-5,18.131403,0.09282174,0.20798156,0.017755723,0.067525186,0.027806528,0.2217252,0.08529545,0.83030784,0.029814133,0.10388408,0.05374178,0.21550643,0.08530612,null,null,null,null,"TWOGAUSSIANS",8,6.7731156,0.20777155,0.01666949,0.37814105,0.117485695,0.22143309,0.0811408,0.83030784,0.02980887,0.4,0.03380838,0.2149226,0.07776122
375316653866487564,4065334567606051712,0.50256735,2198.521731402665,0.23190989975333257,1.782685E-5,18.426468,0.08180063,0.3327865,5.5829633E-4,0.03846475,0.002035375,0.5568462,0.0500806,0.77239704,0.0072331848,0.18484217,0.027166437,0.46882683,0.07696942,null,null,null,null,"TWOGAUSSIANS",8,5.5540547,0.33353648,1.2306125E-4,0.21540262,0.0113981,0.55296963,0.047105227,0.77239704,0.0072331848,0.4,0.0,0.4323951,0.0456117
375316653866487564,4065334606115491200,0.6235556,2232.197028987572,2.496199292228195,7.1828895E-6,16.855646,0.0073522925,0.3069514,0.0026715817,0.033562183,0.0057030404,0.2509561,0.061697815,0.8069183,0.005238664,0.04642577,0.004791623,0.29428098,0.020669768,0.1289741,0.009937016,0.3069514,0.0026715817,"TWOGAUSSIANS_WITH_ELLIPSOIDAL_ON_ECLIPSE1",9,12.75076,0.8069183,0.004713367,0.2599843,0.026833089,0.55222887,0.018555554,0.3069514,0.0026715817,0.18794823,0.031937025,0.50890404,0.064484075
375316653866487564,4065334670688013568,0.53667563,2248.1109426762364,3.2732504230967536,3.2550095E-5,18.359503,0.047854688,0.31307983,0.004205966,0.115247585,0.018535493,0.32497606,0.042118527,0.8311953,0.010407858,0.091911584,0.01606784,0.27221248,0.05058138,null,null,null,null,"TWOGAUSSIANS",8,4.414719,0.31307983,0.004205966,0.4,0.0,0.29881436,0.019436682,0.8312353,0.010432314,0.4,0.0,0.2461157,0.024948265
375316653866487564,4065334911047691904,0.5215314,2273.814573009378,0.7731674701767636,2.8677056E-5,17.253115,0.018445894,0.23647664,0.0050784303,0.104107,0.011956386,0.18955079,0.01752555,0.7587371,0.021988936,0.084459715,0.0145359095,0.21632336,0.03537378,null,null,null,null,"TWOGAUSSIANS",8,8.019637,0.7587471,0.022001056,0.4,0.0,0.20770983,0.033693317,0.23647664,0.0050784303,0.4,0.0,0.18093157,0.013421851
375316653866487564,4065334945374531456,0.6490521,2260.1666852020953,1.9997651029373862,8.909396E-6,16.437067,0.005027075,0.27288553,0.0021576216,0.09162581,0.0032227412,0.2704373,0.008138495,0.7756316,0.010231469,0.08801855,0.0038962187,0.28393912,0.045018695,null,null,null,null,"TWOGAUSSIANS",8,2.9270012,0.7756316,0.010231469,0.4,0.0,0.2729079,0.04391731,0.27288553,0.0021576216,0.4,0.0,0.25940597,0.008022891
375316653866487564,4065334945590146432,0.4623726,2288.604274861224,1.2916342749532443,4.091915E-5,19.060265,0.01764137,0.28735837,0.021399477,0.10539014,0.03894489,0.22283354,0.09073369,0.58902156,0.06977057,0.03321802,0.05492919,0.10702293,0.18758413,null,null,null,null,"TWOGAUSSIANS",8,2.7253873,0.28735837,0.021392925,0.4,0.0,0.22282778,0.09095729,0.58902156,0.06977057,0.18602091,0.21764112,0.110723,0.18762091
375316653866487564,4065335392242166144,0.61958826,2336.2992052850586,0.7381741318379502,1.131306E-5,18.053312,0.0072988556,0.2092725,0.003652251,0.049848706,0.0051054275,0.12631804,0.013514247,0.5186237,0.026093177,0.043424763,0.008797758,1.2896961,0.5935963,null,null,null,null,"TWOGAUSSIANS",8,3.1059186,0.5186237,0.026093177,0.24317867,0.049267445,1.2896961,0.5935963,0.2092725,0.003652251,0.27915275,0.028590392,0.12631804,0.013514247
375316653866487564,4065335392242241024,0.54541415,2281.372246561213,2.230223718090022,2.8978922E-5,18.728682,0.07873483,0.18528129,0.009604965,0.104946636,0.023179999,0.33184588,0.078258835,0.6861248,0.0072575426,0.10500213,0.03080188,0.3116259,0.06562588,null,null,null,null,"TWOGAUSSIANS",8,2.1324847,0.18528129,0.009603749,0.4,0.0,0.2944842,0.020114927,0.6861248,0.007264745,0.4,0.0,0.27426463,0.031589042
