Gaia/vari_eclipsing_binary/VariEclipsingBinary_432523-435127.csv
# %ECSV 1.0
# ---
# delimiter: ','
# meta: !!omap
# - RELEASE: Gaia DR3
# - TABLE: vari_eclipsing_binary
# - DESCRIPTION: >
#     This table describes the properties of the eclipsing binaries resulting from the variability analysis. 
# - CITATION: >
#     How to cite and acknowledge Gaia: 
#     https://gea.esac.esa.int/archive/documentation/credits.html 
# - KNOWN_ISSUES: >
#     Known issues: 
#     https://www.cosmos.esa.int/web/gaia-users/known-issues 
# - DOCUMENTATION: >
#     Tutorials and documentation: 
#     https://www.cosmos.esa.int/web/gaia-users/archive 
# datatype:
# - 
#   name: solution_id
#   datatype: int64
#   description: Solution Identifier
#   meta:
#     ucd: meta.version
# - 
#   name: source_id
#   datatype: int64
#   description: Unique source identifier
#   meta:
#     ucd: meta.id;meta.main
# - 
#   name: global_ranking
#   datatype: float32
#   description: Number between 0 (worst) and 1 (best)
#   meta:
#     ucd: stat.param
# - 
#   name: reference_time
#   datatype: float64
#   unit: d
#   description: Reference time used for the geometric model fit
#   meta:
#     ucd: time.epoch
# - 
#   name: frequency
#   datatype: float64
#   unit: d**-1
#   description: Frequency of geometric model of the eclipsing binary light curve
#   meta:
#     ucd: src.orbital
# - 
#   name: frequency_error
#   datatype: float32
#   unit: d**-1
#   description: "Uncertainty of \\texttt{frequency}"
#   meta:
#     ucd: stat.error
# - 
#   name: geom_model_reference_level
#   datatype: float32
#   unit: mag
#   description: Magnitude reference level of geometric model
#   meta:
#     ucd: phot.mag;em.opt
# - 
#   name: geom_model_reference_level_error
#   datatype: float32
#   unit: mag
#   description: "Uncertainty of \\texttt{geomModelReferenceLevel}"
#   meta:
#     ucd: stat.error;phot.mag;em.opt
# - 
#   name: geom_model_gaussian1_phase
#   datatype: float32
#   description: Phase of the Gaussian 1 component
#   meta:
#     ucd: time.phase
# - 
#   name: geom_model_gaussian1_phase_error
#   datatype: float32
#   description: "Uncertainty of \\texttt{geomModelGaussian1Phase}"
#   meta:
#     ucd: stat.error;time.phase
# - 
#   name: geom_model_gaussian1_sigma
#   datatype: float32
#   description: "Standard deviation [phase] of Gaussian 1 component"
#   meta:
#     ucd: stat.stdev
# - 
#   name: geom_model_gaussian1_sigma_error
#   datatype: float32
#   description: "Uncertainty of \\texttt{geomModelGaussian1Sigma}"
#   meta:
#     ucd: stat.error
# - 
#   name: geom_model_gaussian1_depth
#   datatype: float32
#   unit: mag
#   description: Magnitude depth of Gaussian 1 component
#   meta:
#     ucd: src.var.amplitude
# - 
#   name: geom_model_gaussian1_depth_error
#   datatype: float32
#   unit: mag
#   description: "Uncertainty of \\texttt{geomModelGaussian1Depth}"
#   meta:
#     ucd: stat.error;src.var.amplitude
# - 
#   name: geom_model_gaussian2_phase
#   datatype: float32
#   description: Phase of Gaussian 2 component
#   meta:
#     ucd: time.phase
# - 
#   name: geom_model_gaussian2_phase_error
#   datatype: float32
#   description: "Uncertainty of \\texttt{geomModelGaussian2Phase}"
#   meta:
#     ucd: stat.error;time.phase
# - 
#   name: geom_model_gaussian2_sigma
#   datatype: float32
[...]
#   datatype: float32
#   description: "Secondary eclipse: uncertainty of \\texttt{derivedSecondaryEclDuration}"
#   meta:
#     ucd: stat.error;time.duration
# - 
#   name: derived_secondary_ecl_depth
#   datatype: float32
#   unit: mag
#   description: "Secondary eclipse: depth"
#   meta:
#     ucd: src.var.amplitude
# - 
#   name: derived_secondary_ecl_depth_error
#   datatype: float32
#   unit: mag
#   description: "Secondary eclipse: uncertainty of \\texttt{derivedSecondaryEclDepth}"
#   meta:
#     ucd: stat.error;src.var.amplitude
solution_id,source_id,global_ranking,reference_time,frequency,frequency_error,geom_model_reference_level,geom_model_reference_level_error,geom_model_gaussian1_phase,geom_model_gaussian1_phase_error,geom_model_gaussian1_sigma,geom_model_gaussian1_sigma_error,geom_model_gaussian1_depth,geom_model_gaussian1_depth_error,geom_model_gaussian2_phase,geom_model_gaussian2_phase_error,geom_model_gaussian2_sigma,geom_model_gaussian2_sigma_error,geom_model_gaussian2_depth,geom_model_gaussian2_depth_error,geom_model_cosine_half_period_amplitude,geom_model_cosine_half_period_amplitude_error,geom_model_cosine_half_period_phase,geom_model_cosine_half_period_phase_error,model_type,num_model_parameters,reduced_chi2,derived_primary_ecl_phase,derived_primary_ecl_phase_error,derived_primary_ecl_duration,derived_primary_ecl_duration_error,derived_primary_ecl_depth,derived_primary_ecl_depth_error,derived_secondary_ecl_phase,derived_secondary_ecl_phase_error,derived_secondary_ecl_duration,derived_secondary_ecl_duration_error,derived_secondary_ecl_depth,derived_secondary_ecl_depth_error
[from data line 147]
375316653866487564,3819442265177892864,0.6467263,2320.0782791743663,2.816774328848178,9.488224E-6,15.154894,0.012653566,0.21962573,0.0016823664,0.041720904,0.003067036,0.39561364,0.022662295,0.7112847,0.002765841,0.046132535,0.0026153359,0.56167185,0.034056533,0.14085907,0.015131572,0.21962573,0.0016823664,"TWOGAUSSIANS_WITH_ELLIPSOIDAL_ON_ECLIPSE1",9,110.05611,0.7119347,0.0025439616,0.2583422,0.014645881,0.842676,0.020744143,0.21962573,0.0016823664,0.23363706,0.017175402,0.67733085,0.014285104
375316653866487564,3819474563332036096,0.5780855,2306.6159406037364,2.5822036780166,1.7503195E-5,13.376424,0.11487966,0.21776533,0.0041666315,0.03961965,0.042129923,0.2835588,0.16540232,0.72289294,0.008985717,0.06113401,0.021617237,0.19768053,0.23652473,0.11618574,0.11486894,0.21776533,0.0041666315,"TWOGAUSSIANS_WITH_ELLIPSOIDAL_ON_ECLIPSE1",9,810.62854,0.21776533,0.0041666315,0.22187003,0.1829757,0.5158974,0.13382423,0.72289294,0.008985717,0.34235048,0.07160848,0.42977807,0.05258314
375316653866487564,3819483909180906368,0.58208346,2306.7097211453915,3.1601054840931213,5.2679484E-6,12.44454,0.0094772335,0.25792712,0.0019494264,0.098191515,0.003926952,0.3943695,0.0093691675,0.7546134,0.0020084754,0.09067107,0.0040074834,0.41389796,0.015788347,null,null,null,null,"TWOGAUSSIANS",8,324.6449,0.7546134,0.0020084754,0.4,0.0,0.39076185,0.016820908,0.25792712,0.0019494264,0.4,0.0,0.37123176,0.0077746287
375316653866487564,3819501290912926976,0.5145377,2293.9249936971537,3.2273675264477943,1.0088132E-5,16.803305,0.025744155,0.19423166,0.0052294354,0.11408552,0.017119125,0.1520526,0.024137773,0.6506002,0.009212667,0.11618686,0.019070176,0.15298063,0.025180126,null,null,null,null,"TWOGAUSSIANS",8,8.859775,0.6506002,0.009212667,0.4,0.0,0.1342365,0.011101836,0.19442166,0.0050826175,0.4,0.0,0.13332692,0.008653018
375316653866487564,3819560256519523968,0.442854,2307.4085952191726,0.7759570275903006,1.5481999E-5,16.138983,0.008357909,0.27050915,0.060927056,0.076798104,0.062847614,0.107752115,2409628.5,0.7459608,0.004172029,0.020584535,0.0037368922,0.27440014,0.119892724,null,null,null,null,"TWOGAUSSIANS",8,224.6765,0.7459608,0.004172029,0.11527339,0.020926597,0.27440006,0.11989281,0.27050915,0.060927056,0.4,0.30386516,0.10775201,2409628.5
375316653866487564,3819582178032575744,0.6211327,2307.0357163636554,1.1091892181475926,2.2760464E-6,17.074488,0.0036558358,0.24655816,9.840329E-4,0.015272,9.011352E-4,0.5599419,0.0076093334,0.73235935,0.010792138,0.011096678,0.004709858,0.34756082,0.17023954,null,null,null,null,"TWOGAUSSIANS",8,11.553504,0.24655816,9.840329E-4,0.085523196,0.0050463574,0.5599419,0.0076093334,0.73235935,0.010792138,0.062141392,0.026375206,0.34756082,0.17023954
375316653866487564,3819603820372079616,0.5563071,2306.678423888291,3.9177854214577126,1.5967345E-5,19.84112,0.014660907,0.23482108,0.006661552,0.052104317,0.004897157,0.47602424,0.034013357,0.73857707,0.007441304,0.06902686,0.0100755375,0.3773436,0.041298527,null,null,null,null,"TWOGAUSSIANS",8,1.6962851,0.23482108,0.006661552,0.29178417,0.02742408,0.47587958,0.03397616,0.73857707,0.007441304,0.3865504,0.036287528,0.3771989,0.041457936
375316653866487564,3819616056734626944,0.57469046,2233.7510068508896,3.2632938859894396,2.435548E-5,12.568743,0.005471831,0.37328467,0.0046341806,0.07476007,0.006649784,0.37488672,0.025695194,0.88380444,0.0030989416,0.065567866,0.005138733,0.4543256,0.09570988,null,null,null,null,"TWOGAUSSIANS",8,377.00693,0.88380444,0.0030989416,0.36718005,0.028776905,0.45323277,0.096136026,0.37328467,0.0046341806,0.4,0.0,0.3737939,0.026339937
375316653866487564,3819690132034926848,0.4881563,2234.0566079315054,3.862972411592869,5.1688872E-5,16.541866,0.015253919,0.2920064,0.011983492,0.09582519,0.02361784,0.11338695,0.0144572845,0.7686565,0.026807975,0.08535362,0.01959059,0.1399163,0.023257207,null,null,null,null,"TWOGAUSSIANS",8,27.875088,0.7686565,0.026807975,0.4,0.00633903,0.13606875,0.019529944,0.2920064,0.011983492,0.4,0.0,0.10953889,0.011077349
375316653866487564,3819730165425984512,0.5453272,2242.3800860250226,0.17044128454613722,8.751206E-5,19.12349,0.0063214223,0.14311162,0.05294893,0.07444624,0.02076913,0.04519725,0.027994523,0.6693277,0.026291246,0.024844967,0.011047759,0.23400055,0.13846871,null,null,null,null,"TWOGAUSSIANS",8,0.6353361,0.6693277,0.026291246,0.13913181,0.06186745,0.23400046,0.138457,0.14311162,0.05294893,0.4,0.020874573,0.045197155,0.027994659
375316653866487564,3819742947248243072,0.47914612,2295.5781968698507,2.689647471401377,3.7435704E-5,17.314087,0.033191737,0.22128749,0.010249073,0.097013235,0.025521679,0.121965714,0.024865251,0.712624,0.013420107,0.14594638,0.04193022,0.10074292,0.032384396,null,null,null,null,"TWOGAUSSIANS",8,6.0930853,0.22148749,0.010388277,0.4,0.0,0.09902719,0.021407617,0.712624,0.013420107,0.4,0.0,0.07722416,0.007079186
375316653866487564,3819761531572162432,0.5759915,2191.949082562907,1.3726628187869767,1.2296167E-5,11.027383,0.01359381,0.34770554,0.004643294,0.11166696,0.014251714,0.12111724,0.011427382,0.8542121,0.0022229599,0.11434825,0.009937791,0.1166383,0.013302445,null,null,null,null,"TWOGAUSSIANS",8,43.783955,0.34768555,0.0046600928,0.4,0.0,0.10184463,0.008343698,0.85422206,0.0022270447,0.4,0.0,0.097359836,0.003964247
375316653866487564,3819781498874779520,0.6586047,2223.0755239342616,3.6308218513594754,6.0228995E-6,16.46932,0.019548813,0.33182618,0.0012276851,0.05988666,0.005000009,0.44123176,0.042546544,0.82701993,0.032208364,0.050691407,0.022616612,0.39526832,1.1798102,0.08862903,0.028586311,0.33182618,0.0012276851,"TWOGAUSSIANS_WITH_ELLIPSOIDAL_ON_ECLIPSE1",9,10.906107,0.33182618,0.0012276851,0.3353653,0.028000051,0.6184157,0.025884882,0.82741994,0.03080701,0.2838719,0.12665302,0.5723041,1.194533
375316653866487564,3819795414568871168,0.57900846,2273.9971580523697,3.4113494175599057,1.8188019E-5,19.352549,0.012867572,0.15342955,0.015688507,0.06576697,0.0136417085,0.47213373,0.090623505,0.6587011,0.003857314,0.07093181,0.006750957,0.43926063,0.038466666,null,null,null,null,"TWOGAUSSIANS",8,1.3985112,0.15342955,0.015688507,0.36829504,0.044662364,0.4711524,0.0921329,0.6587011,0.003857314,0.39721814,0.02021784,0.4382793,0.03896011
375316653866487564,3819837814485943040,0.62006587,2253.3108123873844,1.4486342297344077,5.1045517E-6,16.066359,0.0063419566,0.2838169,0.0011002074,0.09384598,0.0029463377,0.20825028,0.0058309617,0.7784615,0.0013761192,0.10575354,0.0070048473,0.1587779,0.0058595515,null,null,null,null,"TWOGAUSSIANS",8,3.359224,0.2838169,0.0011002074,0.4,0.0,0.19370207,0.002687863,0.7784615,0.0013761192,0.4,0.0,0.1442254,0.008173839
375316653866487564,3819923984414529152,0.57202697,2291.595688966654,3.887561277466051,1.1112053E-5,18.89375,0.008163913,0.25611264,0.004036847,0.03415153,0.0051499936,0.32349825,0.03949261,0.75155336,0.01009973,0.03600827,0.0072370097,0.56900597,0.052963,0.086049356,0.013282427,0.25611264,0.004036847,"TWOGAUSSIANS_WITH_ELLIPSOIDAL_ON_ECLIPSE1",9,4.165476,0.75169337,0.00971426,0.2016463,0.040527254,0.74096763,0.04973352,0.25611264,0.004036847,0.19124858,0.028839964,0.4955969,0.034402315
375316653866487564,3819977589901688192,0.6185203,2365.0413339307684,4.214084534695907,9.506769E-6,16.595541,0.010908427,0.20986335,0.0012157568,0.044560306,0.0027454977,0.50362974,0.024356509,0.71593106,0.0074114995,0.048110235,0.00599091,0.48292753,0.037090104,0.13543145,0.01177442,0.20986335,0.0012157568,"TWOGAUSSIANS_WITH_ELLIPSOIDAL_ON_ECLIPSE1",9,21.011332,0.20986335,0.0012157568,0.24953772,0.015374787,0.77449125,0.023353525,0.71593106,0.0074033,0.26941732,0.033549096,0.75339556,0.03137881
375316653866487564,3820124748365869440,0.55442154,2304.1047148883695,2.716221391341532,6.8867935E-6,18.127163,0.009965968,0.27597493,0.0062814723,0.09157247,0.016962372,0.16354826,0.01654818,0.7778802,0.017216343,0.079625614,0.011128207,0.20180532,0.024302796,null,null,null,null,"TWOGAUSSIANS",8,2.433051,0.7778802,0.017216343,0.4,0.0096747875,0.19692078,0.019750554,0.27597493,0.0062814723,0.4,0.0,0.15866362,0.019879643
375316653866487564,3820129627448670720,0.6460539,2213.128115444779,4.43661902448064,1.6288968E-5,17.41352,0.02597995,0.18026449,0.0028770322,0.047215756,0.008473134,0.52744824,0.062155284,0.677959,0.016638622,0.051344022,0.010510728,0.46590522,0.094563805,0.10497581,0.036971528,0.18026449,0.0028770322,"TWOGAUSSIANS_WITH_ELLIPSOIDAL_ON_ECLIPSE1",9,7.717697,0.18026449,0.0028770322,0.26440823,0.047449548,0.73739576,0.10035702,0.67815906,0.01509121,0.28752652,0.05886008,0.6758125,0.07647246
375316653866487564,3820211407921311104,0.52609104,2266.7836442935013,3.4829104109925817,1.2554081E-5,14.8393345,0.8710519,0.31577057,0.0044962224,0.22658549,0.07303303,1.3037673,0.8299436,0.82166433,0.008128219,0.18103354,0.047869608,1.0214982,0.66474104,null,null,null,null,"TWOGAUSSIANS",8,75.45832,0.31245056,0.0029648622,0.4,0.0,0.26424366,0.010713446,0.8289443,0.006358884,0.4,0.0,0.16566095,0.01849428
375316653866487564,3820266830179344384,0.6319518,2357.545216887101,0.5889658472343333,4.3547487E-5,12.573323,0.0011458308,0.2697838,0.0050002355,0.03652458,0.0023168775,0.19721329,0.01514181,0.774642,0.0050163395,0.022120368,0.006183972,0.22182764,0.011059194,null,null,null,null,"TWOGAUSSIANS",8,41.60039,0.774642,0.0050163395,0.12387406,0.034630246,0.22182764,0.011059194,0.2697838,0.0050002355,0.20453764,0.012974514,0.19721329,0.01514181
375316653866487564,3820367091895944832,0.4547822,2310.2888114526495,4.2479682731566,2.5356485E-5,14.798871,0.022282735,0.48186755,0.0072162156,0.07622186,0.013287721,0.22534579,0.0392221,0.825502,0.022397613,0.06620071,0.012460291,0.11856926,0.029301127,null,null,null,null,"TWOGAUSSIANS",8,62.293472,0.48186755,0.0072162156,0.4,0.006448578,0.22533782,0.039219677,0.825502,0.022397613,0.370724,0.06433719,0.11856981,0.029295007
375316653866487564,3820387050609184512,0.5636993,2266.9549956634028,4.180404616085137,1.1303598E-5,18.727972,0.0137697095,0.23204178,0.0048811156,0.090870626,0.008179219,0.35541213,0.014703694,0.73061866,0.004588678,0.0855446,0.005043534,0.44036353,0.020842867,null,null,null,null,"TWOGAUSSIANS",8,2.9578385,0.73061866,0.004588678,0.4,0.0,0.42649937,0.018575368,0.23204178,0.0048811156,0.4,0.0,0.3415478,0.013110113
375316653866487564,3820420963669907328,0.5887184,2266.5440573855035,0.7649089590456174,8.6186155E-6,12.697713,0.002378343,0.3317079,0.0045429156,0.015000945,0.0036220604,0.8736169,0.6258061,0.69840765,0.0488579,0.058120355,0.019330863,0.013692679,0.004770688,0.0048910286,0.0045526912,0.3317079,0.0045429156,"TWOGAUSSIANS_WITH_ELLIPSOIDAL_ON_ECLIPSE1",9,163.17276,0.3317079,0.0045429156,0.084005296,0.020283537,0.8833989,0.6308781,0.71406764,0.0493585,0.325474,0.10825284,0.018547237,0.005136926
375316653866487564,3820444023350050560,0.49663314,2266.79534615186,0.23037763831509492,8.2470484E-5,15.002688,0.004537784,0.29745793,0.0060832584,0.04790239,0.006175662,0.36932066,0.060928605,0.78666246,0.0088468045,0.061070748,0.0102658225,0.051448263,0.010469926,null,null,null,null,"TWOGAUSSIANS",8,105.27496,0.29745793,0.0060832584,0.2682534,0.034583706,0.36931667,0.060938444,0.78666246,0.0088468045,0.3419962,0.05748861,0.051444262,0.010471515
375316653866487564,3820452063528201984,0.42690036,2347.1205519948917,2.0754615521652773,5.9339953E-5,19.817118,0.021456495,0.21857849,0.030322814,0.06693496,0.035743162,0.16678244,0.07510651,0.5610008,0.01257624,0.082161866,0.015287648,0.23067941,0.04072741,null,null,null,null,"TWOGAUSSIANS",8,4.9815316,0.5610008,0.01257624,0.4,0.0,0.23065606,0.040668566,0.2186285,0.0312439,0.37483576,0.09488135,0.16679782,0.07515441
375316653866487564,3820469346477293056,0.5968603,2329.955932711485,3.034121984610421,5.980764E-6,15.720829,0.019692833,0.26325122,0.0037223345,0.055882417,0.007846134,0.25301906,0.047902543,0.75844467,0.0019144701,0.058888555,0.00530669,0.33454064,0.038345475,0.097380504,0.02336572,0.26325122,0.0037223345,"TWOGAUSSIANS_WITH_ELLIPSOIDAL_ON_ECLIPSE1",9,72.96931,0.75910467,0.001245664,0.3297759,0.029717464,0.5291076,0.014632966,0.26325122,0.0037223345,0.31294155,0.043938346,0.44773918,0.03164089
375316653866487564,3820489996679985792,0.55132395,2389.435294604295,0.872155220660044,1.9154677E-5,12.399786,0.011002764,0.11695669,0.009085362,0.05996976,0.032395322,0.06826537,0.019232234,0.6041557,0.0036786913,0.03258288,0.0034610964,0.86315674,0.1357058,null,null,null,null,"TWOGAUSSIANS",8,935.07837,0.6041557,0.0036786913,0.18246414,0.01938214,0.8631567,0.135706,0.11695669,0.009085362,0.33583066,0.1814138,0.068265304,0.019232718
375316653866487564,3820498547959151232,0.43625918,2283.598241075165,0.32010650203727153,1.4124459E-4,19.394564,0.02047206,0.24901909,0.04266672,0.090768896,0.045390636,0.08104909,0.033962328,0.65375173,0.026252726,0.0816135,0.02316667,0.20739941,0.07226706,null,null,null,null,"TWOGAUSSIANS",8,3.4278846,0.65375173,0.026252726,0.4,0.0,0.2067612,0.073661886,0.24902909,0.04265953,0.4,0.04194006,0.08040792,0.031633344
375316653866487564,3820559781308613888,0.54693127,2472.0908679079794,1.519569514399152,3.2315534E-6,12.327161,0.0046202466,0.2093351,0.0068710768,0.046900205,0.0080719115,0.035800025,0.014489885,0.7037604,6.510476E-4,0.04155128,0.0010540778,0.46702158,0.011168087,0.024364362,0.0073760804,0.2093351,0.0068710768,"TWOGAUSSIANS_WITH_ELLIPSOIDAL_ON_ECLIPSE1",9,88.44368,0.7038404,6.149091E-4,0.23268718,0.005902835,0.51569134,0.005262766,0.2093351,0.0068710768,0.26264113,0.045202702,0.08452868,0.007538997
375316653866487564,3820563492160087680,0.4463285,2493.850068528729,4.005368456658757,1.1840871E-4,17.43681,0.010015205,0.40953934,0.04563015,0.090586975,0.03604412,0.11391156,0.06616485,0.73698837,0.0018385197,0.033841144,0.0048137377,0.19118582,0.0020659491,null,null,null,null,"TWOGAUSSIANS",8,6.7352386,0.73698837,0.0018385197,0.1895104,0.02695693,0.19135137,0.0021611862,0.40953934,0.04563015,0.4,0.07468274,0.11391145,0.06616495
375316653866487564,3820592869736630528,0.51208925,2432.1567716623435,0.9483766275607483,8.014411E-6,14.505182,5.9091405E-4,0.16615966,0.001373087,0.017514804,0.0012156405,0.057767995,0.00698117,null,null,null,null,null,null,null,null,null,null,"ONEGAUSSIAN",5,8.653249,0.16615966,0.001373087,0.09808291,0.006807586,0.057767995,0.0,null,null,null,null,null,null
375316653866487564,3820606132595700096,0.70563364,2320.1314693436966,4.171990821190577,3.821595E-6,15.166476,0.010511198,0.31388596,5.486432E-4,0.0463463,0.003126011,0.25321755,0.024668721,0.8132565,0.003612541,0.050380908,0.0045520565,0.4062324,0.02623215,0.12464287,0.015569632,0.31388596,5.486432E-4,"TWOGAUSSIANS_WITH_ELLIPSOIDAL_ON_ECLIPSE1",9,20.82176,0.8133265,0.003404626,0.28213307,0.025491517,0.6555125,0.009947479,0.31388596,5.486432E-4,0.25953928,0.01750566,0.5025012,0.008013202
375316653866487564,3820617398294956032,0.544184,2276.89860481694,2.168230204563811,4.2084384E-6,15.475414,0.0023214305,0.2690477,0.045844015,0.042993117,0.032084666,0.15193868,0.15696953,0.8052908,5.3937434E-5,0.020960683,1.9660767E-4,0.35252786,0.0011318016,null,null,null,null,"TWOGAUSSIANS",8,54.563522,0.8052908,5.3937434E-5,0.11737982,0.0011010029,0.35252786,0.0011318016,0.2690477,0.045844015,0.24076146,0.17967412,0.15193868,0.15696953
375316653866487564,3820682991035022336,0.5894939,2275.6772004577565,3.1452883683641946,7.740195E-6,16.847763,0.011912441,0.2906327,0.0042158496,0.08535167,0.0030473485,0.5073454,0.021038642,0.78499067,0.0027390462,0.08417973,0.0034599788,0.60402006,0.021621207,null,null,null,null,"TWOGAUSSIANS",8,39.232754,0.78499067,0.0027390462,0.4,0.0,0.59107846,0.021894803,0.2906327,0.0042158496,0.4,0.0,0.49440375,0.01957216
