Gaia/vari_eclipsing_binary/VariEclipsingBinary_347302-347543.csv
# %ECSV 1.0
# ---
# delimiter: ','
# meta: !!omap
# - RELEASE: Gaia DR3
# - TABLE: vari_eclipsing_binary
# - DESCRIPTION: >
#     This table describes the properties of the eclipsing binaries resulting from the variability analysis. 
# - CITATION: >
#     How to cite and acknowledge Gaia: 
#     https://gea.esac.esa.int/archive/documentation/credits.html 
# - KNOWN_ISSUES: >
#     Known issues: 
#     https://www.cosmos.esa.int/web/gaia-users/known-issues 
# - DOCUMENTATION: >
#     Tutorials and documentation: 
#     https://www.cosmos.esa.int/web/gaia-users/archive 
# datatype:
# - 
#   name: solution_id
#   datatype: int64
#   description: Solution Identifier
#   meta:
#     ucd: meta.version
# - 
#   name: source_id
#   datatype: int64
#   description: Unique source identifier
#   meta:
#     ucd: meta.id;meta.main
# - 
#   name: global_ranking
#   datatype: float32
#   description: Number between 0 (worst) and 1 (best)
#   meta:
#     ucd: stat.param
# - 
#   name: reference_time
#   datatype: float64
#   unit: d
#   description: Reference time used for the geometric model fit
#   meta:
#     ucd: time.epoch
# - 
#   name: frequency
#   datatype: float64
#   unit: d**-1
#   description: Frequency of geometric model of the eclipsing binary light curve
#   meta:
#     ucd: src.orbital
# - 
#   name: frequency_error
#   datatype: float32
#   unit: d**-1
#   description: "Uncertainty of \\texttt{frequency}"
#   meta:
#     ucd: stat.error
# - 
#   name: geom_model_reference_level
#   datatype: float32
#   unit: mag
#   description: Magnitude reference level of geometric model
#   meta:
#     ucd: phot.mag;em.opt
# - 
#   name: geom_model_reference_level_error
#   datatype: float32
#   unit: mag
#   description: "Uncertainty of \\texttt{geomModelReferenceLevel}"
#   meta:
#     ucd: stat.error;phot.mag;em.opt
# - 
#   name: geom_model_gaussian1_phase
#   datatype: float32
#   description: Phase of the Gaussian 1 component
#   meta:
#     ucd: time.phase
# - 
#   name: geom_model_gaussian1_phase_error
#   datatype: float32
#   description: "Uncertainty of \\texttt{geomModelGaussian1Phase}"
#   meta:
#     ucd: stat.error;time.phase
# - 
#   name: geom_model_gaussian1_sigma
#   datatype: float32
#   description: "Standard deviation [phase] of Gaussian 1 component"
#   meta:
#     ucd: stat.stdev
# - 
#   name: geom_model_gaussian1_sigma_error
#   datatype: float32
#   description: "Uncertainty of \\texttt{geomModelGaussian1Sigma}"
#   meta:
#     ucd: stat.error
# - 
#   name: geom_model_gaussian1_depth
#   datatype: float32
#   unit: mag
#   description: Magnitude depth of Gaussian 1 component
#   meta:
#     ucd: src.var.amplitude
# - 
#   name: geom_model_gaussian1_depth_error
#   datatype: float32
#   unit: mag
#   description: "Uncertainty of \\texttt{geomModelGaussian1Depth}"
#   meta:
#     ucd: stat.error;src.var.amplitude
# - 
#   name: geom_model_gaussian2_phase
#   datatype: float32
#   description: Phase of Gaussian 2 component
#   meta:
#     ucd: time.phase
# - 
#   name: geom_model_gaussian2_phase_error
#   datatype: float32
#   description: "Uncertainty of \\texttt{geomModelGaussian2Phase}"
#   meta:
#     ucd: stat.error;time.phase
# - 
#   name: geom_model_gaussian2_sigma
#   datatype: float32
[...]
#   datatype: float32
#   description: "Secondary eclipse: uncertainty of \\texttt{derivedSecondaryEclDuration}"
#   meta:
#     ucd: stat.error;time.duration
# - 
#   name: derived_secondary_ecl_depth
#   datatype: float32
#   unit: mag
#   description: "Secondary eclipse: depth"
#   meta:
#     ucd: src.var.amplitude
# - 
#   name: derived_secondary_ecl_depth_error
#   datatype: float32
#   unit: mag
#   description: "Secondary eclipse: uncertainty of \\texttt{derivedSecondaryEclDepth}"
#   meta:
#     ucd: stat.error;src.var.amplitude
solution_id,source_id,global_ranking,reference_time,frequency,frequency_error,geom_model_reference_level,geom_model_reference_level_error,geom_model_gaussian1_phase,geom_model_gaussian1_phase_error,geom_model_gaussian1_sigma,geom_model_gaussian1_sigma_error,geom_model_gaussian1_depth,geom_model_gaussian1_depth_error,geom_model_gaussian2_phase,geom_model_gaussian2_phase_error,geom_model_gaussian2_sigma,geom_model_gaussian2_sigma_error,geom_model_gaussian2_depth,geom_model_gaussian2_depth_error,geom_model_cosine_half_period_amplitude,geom_model_cosine_half_period_amplitude_error,geom_model_cosine_half_period_phase,geom_model_cosine_half_period_phase_error,model_type,num_model_parameters,reduced_chi2,derived_primary_ecl_phase,derived_primary_ecl_phase_error,derived_primary_ecl_duration,derived_primary_ecl_duration_error,derived_primary_ecl_depth,derived_primary_ecl_depth_error,derived_secondary_ecl_phase,derived_secondary_ecl_phase_error,derived_secondary_ecl_duration,derived_secondary_ecl_duration_error,derived_secondary_ecl_depth,derived_secondary_ecl_depth_error
[from data line 433]
375316653866487564,3055778864994826752,0.45507124,2075.0251792252766,2.008126534795173,2.4345989E-5,17.994438,0.0059307204,0.13633387,0.004177212,0.012013902,0.00561927,0.14702652,0.05510434,0.78196,0.009107376,0.01666187,0.016719019,0.19696866,6.1318283,0.013152958,0.008069168,0.78196,0.009107376,"TWOGAUSSIANS_WITH_ELLIPSOIDAL_ON_ECLIPSE2",9,12.340175,0.78196,0.009107376,0.09330647,0.0936265,0.22327457,6.133184,0.13649386,0.0040625175,0.06727785,0.03146791,0.15682086,0.055621404
375316653866487564,3055780789140994688,0.5109368,2059.381878585773,3.2353072508467795,2.4448458E-5,18.121601,0.35508555,0.24438703,0.0066001345,0.15478389,0.08504521,0.2505359,0.34492385,0.7539231,0.0060011577,0.13392675,0.045960184,0.26475957,0.30159336,null,null,null,null,"TWOGAUSSIANS",8,3.1760464,0.7546731,0.004409687,0.4,0.0,0.15975076,0.009166028,0.24404703,0.005917737,0.4,0.0,0.14327317,0.009968282
375316653866487564,3055782477066166784,0.64410716,2068.1853466954512,1.7257787004002674,3.6841432E-6,16.575846,0.0031340595,0.27269718,0.002127957,0.0531485,0.0030196677,0.33696094,0.015220775,0.7529003,0.02650723,0.043359187,0.019514734,0.037486225,0.0125387255,0.094802566,0.0039775716,0.27269718,0.002127957,"TWOGAUSSIANS_WITH_ELLIPSOIDAL_ON_ECLIPSE1",9,4.722334,0.27269718,0.002127957,0.2976316,0.01691014,0.5265604,0.0137030985,0.76147026,0.019548673,0.24281146,0.10928251,0.2254187,0.0056498866
375316653866487564,3055784087677766144,0.5042755,2046.1454463499565,3.111581794070178,1.9945843E-5,19.2301,0.10039462,0.18267018,0.0066080876,0.098798245,0.029610293,0.3453511,0.087415844,0.68958867,0.006900609,0.086928606,0.0260105,0.3178663,0.08827125,null,null,null,null,"TWOGAUSSIANS",8,3.2880087,0.18267018,0.0066080876,0.4,0.0,0.32935956,0.028697517,0.68958867,0.006894755,0.4,0.0,0.30187672,0.035306975
375316653866487564,3055784779169151360,0.4820825,2075.9424076513396,2.189623866521645,4.2009797E-5,16.893124,0.03048169,0.29931185,0.16845094,0.06041945,0.13318095,0.057116944,2.1329836E7,0.76830244,0.009362718,0.04756636,0.014605485,0.29566872,0.07616374,0.044981204,0.043535754,0.76830244,0.009362718,"TWOGAUSSIANS_WITH_ELLIPSOIDAL_ON_ECLIPSE2",9,69.31335,0.76830244,0.009362718,0.26637164,0.081790715,0.38562942,0.04587689,0.28962186,0.039217465,0.33834893,0.52285624,0.14474316,2.1329836E7
375316653866487564,3055786286698766976,0.56458825,2071.336922735833,0.20067899139581233,1.1908887E-6,18.164148,0.0045804847,0.15278347,2.0287659E-4,0.006734794,2.0263926E-4,0.4107697,0.015960108,0.73961234,0.044758398,0.12702341,0.02344258,0.04606237,0.015609691,null,null,null,null,"TWOGAUSSIANS",8,4.5919204,0.15278347,2.0287659E-4,0.037714846,0.0011347799,0.41096318,0.01599129,0.73961234,0.044758398,0.4,0.0,0.04602257,0.015623244
375316653866487564,3055791028342759296,0.52580523,2096.361274441342,3.8818742067244814,1.1964765E-5,18.285446,0.024967734,0.30629417,0.0032146533,0.09584142,0.008681983,0.32890487,0.023148175,0.79485697,0.0048034196,0.09004383,0.010367852,0.34618366,0.02839012,null,null,null,null,"TWOGAUSSIANS",8,7.0993276,0.79485697,0.0048034196,0.4,0.0,0.3308821,0.025421657,0.30629417,0.0032146533,0.4,0.0,0.31360254,0.01528747
375316653866487564,3055800580348433920,0.44581795,2109.1520469022694,0.11696294188592113,1.9395133E-5,18.682486,0.008671205,0.4688563,0.014006271,0.11316855,0.01693962,0.17638661,0.01192815,0.18721063,0.020755297,0.032862954,0.021892881,0.12439055,0.027006844,null,null,null,null,"TWOGAUSSIANS",8,3.5590491,0.4688563,0.014006271,0.4,0.0,0.17636625,0.011930664,0.18878064,0.023378456,0.18403254,0.12260014,0.13247843,0.029719502
375316653866487564,3055801404982195584,0.56716365,2113.1067739784303,2.7511104376695763,9.959348E-6,18.1449,0.009932726,0.25458032,0.0028992733,0.0939967,0.0057033338,0.23146023,0.009886804,0.74950945,0.0036468352,0.09654188,0.0070976196,0.21081106,0.009683042,null,null,null,null,"TWOGAUSSIANS",8,2.400756,0.25458032,0.0028992733,0.4,0.0,0.21830887,0.0050753155,0.74950945,0.0036468352,0.4,0.0,0.19765939,0.0074162567
375316653866487564,3055801787238656512,0.42982125,2090.9465612597683,0.2556479598661391,1.665485E-4,18.152697,0.0061439127,0.17194346,0.032803748,0.03392934,0.038561657,0.18328412,0.10547275,0.6349434,0.016467528,0.09321543,0.019824354,0.0788939,0.011841902,null,null,null,null,"TWOGAUSSIANS",8,4.2300205,0.17194346,0.032815292,0.1900043,0.21594527,0.18326129,0.10604727,0.6349434,0.016467528,0.4,0.0,0.07887072,0.011733707
375316653866487564,3055802195256335616,0.6309808,2106.1068857518167,3.190216441317701,6.397829E-6,16.736546,0.015696902,0.25348678,0.0012889443,0.05584573,0.0062284404,0.2626765,0.028235175,0.7505799,0.0077561163,0.050165918,0.008311317,0.18742691,0.0399741,0.0786309,0.018012896,0.25348678,0.0012889443,"TWOGAUSSIANS_WITH_ELLIPSOIDAL_ON_ECLIPSE1",9,8.927663,0.25348678,0.0012889443,0.3127361,0.034879267,0.41992563,0.015133357,0.75099987,0.007210975,0.28092915,0.04654338,0.34463108,0.0144402
375316653866487564,3055803294767873536,0.54123884,2120.6617049127913,3.2911026372226004,1.190059E-5,18.561287,0.019054808,0.12147597,0.0026900566,0.079216,0.0068284716,0.39016512,0.033046555,0.6159987,0.0033928875,0.08253818,0.0063153775,0.43756238,0.01984617,null,null,null,null,"TWOGAUSSIANS",8,6.0597363,0.6159987,0.0033928875,0.4,0.0,0.4312959,0.018382696,0.12147597,0.0026900566,0.4,0.0,0.38389865,0.033552844
375316653866487564,3055806799461217408,0.6521631,2091.6999634507292,4.2863399972864595,4.449396E-6,18.392963,0.012578767,0.21828958,0.0038096593,0.047823433,0.0066871103,0.31763014,0.028739464,0.71371907,0.0016849883,0.056232616,0.0034702048,0.38589785,0.026389493,0.10214676,0.013693128,0.21828958,0.0038096593,"TWOGAUSSIANS_WITH_ELLIPSOIDAL_ON_ECLIPSE1",9,1.3893449,0.7142491,0.0013589861,0.31490266,0.019433146,0.59002733,0.0150763765,0.21828958,0.0038096593,0.2678112,0.037447818,0.52190846,0.010150215
375316653866487564,3055806936900237952,0.55418545,2098.854172269843,3.388480628318066,1.1825699E-5,18.511229,0.017735803,0.3030388,0.003208035,0.08373632,0.0101543395,0.28149575,0.013426438,0.79246825,0.0055169733,0.09656909,0.009152926,0.2945003,0.017166622,null,null,null,null,"TWOGAUSSIANS",8,2.463882,0.79246825,0.0055169733,0.4,0.0,0.28406185,0.010070631,0.3030388,0.003208035,0.4,0.0,0.27105832,0.01353941
375316653866487564,3055807284796697856,0.61099434,2058.0859721862184,0.9789404916596112,4.396318E-6,16.33882,0.006936544,0.22466159,0.004349808,0.029307688,0.0128512075,0.07854788,0.03500379,0.7180942,0.004647493,0.041371036,0.0067440304,0.40966097,0.046942774,0.026884802,0.009386743,0.22466159,0.004349808,"TWOGAUSSIANS_WITH_ELLIPSOIDAL_ON_ECLIPSE1",9,8.528345,0.71820426,0.004514822,0.2316778,0.03776657,0.46334058,0.059644174,0.22466159,0.004349808,0.16412304,0.07196676,0.1323174,0.044383224
375316653866487564,3055815806006899584,0.45205542,2115.3196968311536,3.066066701296091,2.8618233E-5,17.052364,1.1045469,0.2301921,0.010126455,0.094651796,0.1305568,0.359361,1.0792079,0.74898106,0.011144153,0.08875111,0.06646262,0.34825334,0.83485055,null,null,null,null,"TWOGAUSSIANS",8,37.667236,0.2301921,0.0098847,0.4,0.0,0.34641203,0.050703637,0.74898106,0.008358866,0.4,0.0,0.33530518,0.05015206
375316653866487564,3055819856162268288,0.5670141,2108.491219262398,2.837985678546092,6.119226E-6,18.291933,0.013800268,0.19283985,0.0019178956,0.052580908,0.0025504518,0.48247343,0.017979313,0.6831319,0.0024184778,0.053578746,0.0025852614,0.57415056,0.028058734,null,null,null,null,"TWOGAUSSIANS",8,10.967319,0.6831319,0.0024184778,0.30004096,0.014477463,0.5741402,0.028060004,0.19283985,0.0019178956,0.29445308,0.01428253,0.48246303,0.017974809
375316653866487564,3055820440277608064,0.48952207,2098.3185376803867,0.8922134681350817,5.7739937E-5,18.402508,0.0020069815,0.4978773,0.05548602,0.10531995,0.04175458,0.029630836,0.012236913,0.73993516,0.00448827,0.02280639,0.0024807386,0.20280027,0.03413597,null,null,null,null,"TWOGAUSSIANS",8,2.388168,0.73993516,0.00448827,0.12771578,0.0138921365,0.20491165,0.034391306,0.4978773,0.05548602,0.4,0.0,0.02963008,0.012238425
375316653866487564,3055822403081689600,0.49495828,2094.403742173111,3.904616983526046,2.3515777E-5,17.660746,0.014013106,0.121462874,0.029865852,0.06901737,0.04872645,0.040167894,0.014110964,0.63735354,0.011438085,0.09476362,0.019482262,0.070491284,0.013619893,null,null,null,null,"TWOGAUSSIANS",8,2.2271535,0.63735354,0.011438085,0.4,0.0,0.06972214,0.0066477032,0.121462874,0.029905083,0.38649732,0.05319223,0.039398927,0.0082962485
375316653866487564,3055824945702200960,0.54611266,2107.0334728811554,0.7506836447076219,8.372759E-6,13.530601,8.4877247E-4,null,null,null,null,null,null,null,null,null,null,null,null,0.036690965,0.0014157228,0.16209242,0.001868358,"ELLIPSOIDAL",4,33.769577,null,null,null,null,null,null,null,null,null,null,null,null
375316653866487564,3055826590671067392,0.52645695,2050.80680374117,0.06147092203162994,2.8584025E-5,19.35184,0.08042212,0.23350643,0.0057843956,0.14625213,0.03179375,0.37229446,0.068892054,0.74524015,0.021928722,0.08142863,0.020706758,0.5621758,0.091198325,null,null,null,null,"TWOGAUSSIANS",8,1.8763125,0.7453901,0.02206062,0.4,0.039080482,0.49987397,0.05201418,0.23350643,0.0057843956,0.4,0.0,0.30775982,0.032932
375316653866487564,3055832672345900160,0.4670164,2066.9172126441285,3.651653790166929,4.4643733E-5,18.476246,0.003926811,null,null,null,null,null,null,null,null,null,null,null,null,0.066425726,0.006117979,0.27152634,0.0060249227,"ELLIPSOIDAL",4,5.0346036,null,null,null,null,null,null,null,null,null,null,null,null
375316653866487564,3055834291551797376,0.43817827,2066.669331733651,0.14110561436959712,3.1340605E-5,17.14417,0.011015643,0.26712236,0.035569157,0.060825717,0.023611942,0.048206035,0.021360835,0.63467294,0.014274145,0.13915859,0.023907822,0.16186213,0.021591235,null,null,null,null,"TWOGAUSSIANS",8,9.685358,0.63467294,0.014274145,0.4,0.0,0.1604134,0.022262717,0.27542233,0.037281584,0.340624,0.10103576,0.052094817,0.020340668
375316653866487564,3055837963742269696,0.543303,2070.191917897877,0.17625696669793733,8.230205E-6,18.437365,0.007247306,0.46828225,0.090078376,0.038570963,0.049588118,0.21410684,3.4145856E9,0.74846715,0.0146669205,0.013306672,0.0055606863,0.45881835,0.55200267,0.053948678,0.010422537,0.74846715,0.0146669205,"TWOGAUSSIANS_WITH_ELLIPSOIDAL_ON_ECLIPSE2",9,5.136495,0.74846715,0.0146669205,0.07451736,0.031139843,0.56671476,0.5652841,0.46643227,0.09332966,0.2159974,0.2775997,0.21817242,3.4145856E9
375316653866487564,3055847928069466368,0.49523523,2066.019737937827,2.3474387606904226,3.7158865E-5,18.987661,0.011139123,0.20978148,0.0032555922,0.035404928,0.004998405,0.33640447,0.023730574,0.71127325,0.008510378,0.06516665,0.015691563,0.2794113,0.025594952,null,null,null,null,"TWOGAUSSIANS",8,5.978921,0.20978148,0.0032555922,0.19826761,0.027991068,0.3364022,0.023731083,0.71127325,0.008510378,0.36493325,0.08787276,0.27940902,0.02559723
375316653866487564,3055855457150121600,0.60253656,2046.8838804460704,2.8519781996023394,4.34745E-6,15.651961,0.0047817053,0.293671,0.0021880576,0.053776633,0.011527924,0.060522545,0.01237446,0.8052516,0.006036156,0.04166487,0.010244881,0.05222048,0.012309271,0.098048456,0.006964589,0.293671,0.0021880576,"TWOGAUSSIANS_WITH_ELLIPSOIDAL_ON_ECLIPSE1",9,20.771034,0.293671,0.0021880576,0.30114913,0.064556375,0.25661808,0.0064897467,0.8052516,0.006036156,0.23332326,0.05737133,0.24727963,0.012463238
375316653866487564,3055869956959984000,0.5740898,2099.28082619201,1.885230208174942,6.9870293E-6,16.555294,0.0087038325,0.22939736,0.0027495322,0.09164233,0.004319922,0.31444767,0.008634319,0.71573186,0.0030047586,0.08435376,0.004724139,0.32888073,0.018148104,null,null,null,null,"TWOGAUSSIANS",8,13.514321,0.71573186,0.0030047586,0.4,0.0,0.31980908,0.018971415,0.22939736,0.0027495322,0.4,0.0,0.30537573,0.0067124474
375316653866487564,3055879951343711744,0.55873615,2056.184943897585,3.700798903110146,1.2787609E-5,19.271458,0.018714238,0.2572236,0.0030427708,0.080257,0.007057836,0.31310928,0.024272906,0.76256526,0.01045439,0.06890577,0.008984299,0.41971767,0.028656092,null,null,null,null,"TWOGAUSSIANS",8,1.7257252,0.76256526,0.01045439,0.38587233,0.0297001,0.41742182,0.026400357,0.2572236,0.0030427708,0.4,0.0,0.3108134,0.023791863
375316653866487564,3055883563416202496,0.53784835,2148.606555575765,2.799169818196714,1.3763145E-5,17.233418,0.009400788,0.28739443,0.003714576,0.0798707,0.0045451666,0.41490164,0.01663826,0.77357256,0.003478063,0.065033674,0.005780182,0.26726866,0.012723394,null,null,null,null,"TWOGAUSSIANS",8,26.267994,0.28739443,0.003714576,0.4,0.0,0.41364136,0.016623398,0.77357256,0.003478063,0.36418858,0.03236902,0.2660084,0.012808972
375316653866487564,3055885968598080256,0.6809987,2111.0933500804576,3.8519242955868807,3.5385658E-6,16.884699,0.008529376,0.23628916,0.0013358879,0.047800288,0.0018304145,0.3719454,0.022176214,0.7328629,0.0035660074,0.04193195,0.0043356433,0.39977768,0.022539834,0.13750763,0.011691345,0.23628916,0.0013358879,"TWOGAUSSIANS_WITH_ELLIPSOIDAL_ON_ECLIPSE1",9,11.041697,0.7331629,0.0032544755,0.23481892,0.024279604,0.67467576,0.013010323,0.23628916,0.0013358879,0.26768163,0.010250321,0.6469598,0.011525568
375316653866487564,3055887927103123328,0.61514467,2113.4232169346315,2.389827775482278,5.527141E-6,16.15123,0.0055276835,0.26413903,0.0013958885,0.104511455,0.004267706,0.15761167,0.0049411217,0.7629117,0.0036783568,0.09227061,0.005822694,0.22174661,0.0057953987,null,null,null,null,"TWOGAUSSIANS",8,3.8650563,0.7629117,0.0036783568,0.4,0.0,0.2074152,0.0072290963,0.26413903,0.0013958885,0.4,0.0,0.14327706,0.00199709
375316653866487564,3055892565668995200,0.5097931,2117.6992934306145,3.847123059675889,1.3678712E-5,17.427433,0.6806593,0.15240291,0.0067476337,0.11150761,0.12582025,0.14475493,0.63769734,0.6374952,0.00894911,0.109567784,0.100535914,0.16445602,0.59167653,null,null,null,null,"TWOGAUSSIANS",8,3.9619153,0.6374952,0.00894911,0.4,0.0,0.14401147,0.013485489,0.1524229,0.004815412,0.4,0.0,0.124307476,0.016529959
375316653866487564,3055894008776754816,0.5673166,2130.8009341406446,3.7151545018245384,1.3065256E-5,14.061951,0.012620793,0.2543037,0.009775125,0.06574819,0.0067654373,0.46914944,0.06919652,0.7664055,0.005068905,0.08057543,0.0053884066,0.54644567,0.01625107,null,null,null,null,"TWOGAUSSIANS",8,918.2198,0.7664055,0.005068905,0.4,0.0,0.5442226,0.015632939,0.2543037,0.009775125,0.36818987,0.03788645,0.4669264,0.069278084
375316653866487564,3055900021726566016,0.49744287,2063.598053327716,1.8103655109150611,3.903995E-5,19.36714,0.013206838,0.21969174,5.0316815E-4,0.009947832,0.0010836864,0.64398926,0.13011266,0.7145175,0.012263082,0.11179278,0.029060125,0.08488586,0.014002786,null,null,null,null,"TWOGAUSSIANS",8,1.6219131,0.21969174,5.0316815E-4,0.05570786,0.0060686436,0.6439732,0.130152,0.7145175,0.012263082,0.4,0.0,0.08486193,0.013987968
375316653866487564,3055900124810087424,0.5688473,2111.0853411429175,3.1764557956788138,1.2408201E-5,16.634617,0.028126316,0.24005504,0.0023929488,0.06319599,0.00919156,0.23728932,0.05866084,0.7508589,0.010646988,0.06063891,0.013026465,0.2861923,0.06619382,0.123371646,0.031512648,0.24005504,0.0023929488,"TWOGAUSSIANS_WITH_ELLIPSOIDAL_ON_ECLIPSE1",9,42.166492,0.7508589,0.010646988,0.33957788,0.0729482,0.5316778,0.05191177,0.24005504,0.0023929488,0.35389754,0.051472735,0.48391008,0.012637325
375316653866487564,3055903801302002816,0.5114489,2059.690203782127,1.1452448819845995,1.8270595E-5,13.000015,0.00221664,0.74298066,0.0027622897,0.03613318,0.005640564,0.12586415,0.08184353,null,null,null,null,null,null,0.018542577,0.0033055798,0.74298066,0.0027622897,"ONEGAUSSIAN_WITH_ELLIPSOIDAL",6,29.26613,0.74298066,0.0027622897,0.2023458,0.03158716,0.16294931,0.08300587,null,null,null,null,null,null
