Gaia/vari_eclipsing_binary/VariEclipsingBinary_674453-674465.csv
# %ECSV 1.0
# ---
# delimiter: ','
# meta: !!omap
# - RELEASE: Gaia DR3
# - TABLE: vari_eclipsing_binary
# - DESCRIPTION: >
#     This table describes the properties of the eclipsing binaries resulting from the variability analysis. 
# - CITATION: >
#     How to cite and acknowledge Gaia: 
#     https://gea.esac.esa.int/archive/documentation/credits.html 
# - KNOWN_ISSUES: >
#     Known issues: 
#     https://www.cosmos.esa.int/web/gaia-users/known-issues 
# - DOCUMENTATION: >
#     Tutorials and documentation: 
#     https://www.cosmos.esa.int/web/gaia-users/archive 
# datatype:
# - 
#   name: solution_id
#   datatype: int64
#   description: Solution Identifier
#   meta:
#     ucd: meta.version
# - 
#   name: source_id
#   datatype: int64
#   description: Unique source identifier
#   meta:
#     ucd: meta.id;meta.main
# - 
#   name: global_ranking
#   datatype: float32
#   description: Number between 0 (worst) and 1 (best)
#   meta:
#     ucd: stat.param
# - 
#   name: reference_time
#   datatype: float64
#   unit: d
#   description: Reference time used for the geometric model fit
#   meta:
#     ucd: time.epoch
# - 
#   name: frequency
#   datatype: float64
#   unit: d**-1
#   description: Frequency of geometric model of the eclipsing binary light curve
#   meta:
#     ucd: src.orbital
# - 
#   name: frequency_error
#   datatype: float32
#   unit: d**-1
#   description: "Uncertainty of \\texttt{frequency}"
#   meta:
#     ucd: stat.error
# - 
#   name: geom_model_reference_level
#   datatype: float32
#   unit: mag
#   description: Magnitude reference level of geometric model
#   meta:
#     ucd: phot.mag;em.opt
# - 
#   name: geom_model_reference_level_error
#   datatype: float32
#   unit: mag
#   description: "Uncertainty of \\texttt{geomModelReferenceLevel}"
#   meta:
#     ucd: stat.error;phot.mag;em.opt
# - 
#   name: geom_model_gaussian1_phase
#   datatype: float32
#   description: Phase of the Gaussian 1 component
#   meta:
#     ucd: time.phase
# - 
#   name: geom_model_gaussian1_phase_error
#   datatype: float32
#   description: "Uncertainty of \\texttt{geomModelGaussian1Phase}"
#   meta:
#     ucd: stat.error;time.phase
# - 
#   name: geom_model_gaussian1_sigma
#   datatype: float32
#   description: "Standard deviation [phase] of Gaussian 1 component"
#   meta:
#     ucd: stat.stdev
# - 
#   name: geom_model_gaussian1_sigma_error
#   datatype: float32
#   description: "Uncertainty of \\texttt{geomModelGaussian1Sigma}"
#   meta:
#     ucd: stat.error
# - 
#   name: geom_model_gaussian1_depth
#   datatype: float32
#   unit: mag
#   description: Magnitude depth of Gaussian 1 component
#   meta:
#     ucd: src.var.amplitude
# - 
#   name: geom_model_gaussian1_depth_error
#   datatype: float32
#   unit: mag
#   description: "Uncertainty of \\texttt{geomModelGaussian1Depth}"
#   meta:
#     ucd: stat.error;src.var.amplitude
# - 
#   name: geom_model_gaussian2_phase
#   datatype: float32
#   description: Phase of Gaussian 2 component
#   meta:
#     ucd: time.phase
# - 
#   name: geom_model_gaussian2_phase_error
#   datatype: float32
#   description: "Uncertainty of \\texttt{geomModelGaussian2Phase}"
#   meta:
#     ucd: stat.error;time.phase
# - 
#   name: geom_model_gaussian2_sigma
#   datatype: float32
[...]
#   datatype: float32
#   description: "Secondary eclipse: uncertainty of \\texttt{derivedSecondaryEclDuration}"
#   meta:
#     ucd: stat.error;time.duration
# - 
#   name: derived_secondary_ecl_depth
#   datatype: float32
#   unit: mag
#   description: "Secondary eclipse: depth"
#   meta:
#     ucd: src.var.amplitude
# - 
#   name: derived_secondary_ecl_depth_error
#   datatype: float32
#   unit: mag
#   description: "Secondary eclipse: uncertainty of \\texttt{derivedSecondaryEclDepth}"
#   meta:
#     ucd: stat.error;src.var.amplitude
solution_id,source_id,global_ranking,reference_time,frequency,frequency_error,geom_model_reference_level,geom_model_reference_level_error,geom_model_gaussian1_phase,geom_model_gaussian1_phase_error,geom_model_gaussian1_sigma,geom_model_gaussian1_sigma_error,geom_model_gaussian1_depth,geom_model_gaussian1_depth_error,geom_model_gaussian2_phase,geom_model_gaussian2_phase_error,geom_model_gaussian2_sigma,geom_model_gaussian2_sigma_error,geom_model_gaussian2_depth,geom_model_gaussian2_depth_error,geom_model_cosine_half_period_amplitude,geom_model_cosine_half_period_amplitude_error,geom_model_cosine_half_period_phase,geom_model_cosine_half_period_phase_error,model_type,num_model_parameters,reduced_chi2,derived_primary_ecl_phase,derived_primary_ecl_phase_error,derived_primary_ecl_duration,derived_primary_ecl_duration_error,derived_primary_ecl_depth,derived_primary_ecl_depth_error,derived_secondary_ecl_phase,derived_secondary_ecl_phase_error,derived_secondary_ecl_duration,derived_secondary_ecl_duration_error,derived_secondary_ecl_depth,derived_secondary_ecl_depth_error
[from data line 253]
375316653866487564,5932585789954016768,0.4937796,2158.6048246617916,0.7767215779134369,1.3593912E-5,18.158989,0.010486749,0.23737663,0.0028314798,0.032426443,0.002424802,0.55164003,0.039394468,0.75645155,0.039794605,0.02953798,0.028233182,0.18677332,0.08719889,null,null,null,null,"TWOGAUSSIANS",8,29.465544,0.23737663,0.0028314798,0.18158807,0.013578891,0.55164003,0.039394468,0.75645155,0.039794605,0.1654127,0.15810582,0.18677332,0.08719889
375316653866487564,5932585828713366144,0.5921253,2139.5409475275005,0.44077554734107516,8.988708E-6,16.910332,0.0011172782,0.6605505,3.997522E-4,0.020512061,6.893164E-4,0.35045502,0.003943163,null,null,null,null,null,null,null,null,null,null,"ONEGAUSSIAN",5,3.8406255,0.6605505,3.997522E-4,0.114867546,0.003860172,0.35045502,0.0,null,null,null,null,null,null
375316653866487564,5932585897432880384,0.61037725,2162.5921103070636,0.5676191842770232,3.0670049E-6,14.743385,7.509456E-4,0.23408149,7.7014026E-4,0.030774958,0.0011867614,0.10150597,0.002939575,0.72707134,0.001957879,0.031909958,0.0033580188,0.02124067,0.0029281513,0.029165847,0.0011874788,0.72707134,0.001957879,"TWOGAUSSIANS_WITH_ELLIPSOIDAL_ON_ECLIPSE2",9,8.593179,0.23379149,7.340485E-4,0.17233977,0.006645864,0.1597292,0.0029852372,0.72707134,0.001957879,0.17869577,0.018804906,0.07957234,0.0026054783
375316653866487564,5932586137895620096,0.51071835,2135.2190749944457,0.2528718650713605,6.396424E-5,18.680578,0.003409758,0.21465088,4.7398164E-4,0.0075514964,0.0017038315,0.11331924,0.005550573,0.75148696,0.0021654074,0.019150078,9.6756726E-4,0.59715676,0.07223594,null,null,null,null,"TWOGAUSSIANS",8,4.622621,0.75148696,0.0021654074,0.10724044,0.005418377,0.59715676,0.07223594,0.21465088,4.7398164E-4,0.042288378,0.009541457,0.11331924,0.005550573
375316653866487564,5932586481493318528,0.484665,2125.4880820301582,3.0106694405293766,1.5864847E-5,18.963848,0.15372968,0.16794217,0.0074366042,0.119627886,0.045259032,0.4559632,0.120209605,0.69141763,0.0042011207,0.104441404,0.023779841,0.45545304,0.14521293,null,null,null,null,"TWOGAUSSIANS",8,7.632701,0.16792217,0.0073797884,0.4,0.0,0.39663938,0.028305983,0.69151765,0.0040691327,0.4,0.0,0.39630926,0.039947964
375316653866487564,5932586584627762432,0.5165097,2154.5054673144064,0.38663736303815127,1.40982365E-5,15.410391,5.994516E-4,0.28114262,0.0029790434,0.020224154,0.0018069583,0.07474591,0.004338642,0.7774166,0.04207869,0.024333326,0.01432704,0.007259749,0.0029566619,null,null,null,null,"TWOGAUSSIANS",8,6.1678777,0.28114262,0.0029790434,0.11325526,0.010118967,0.07474591,0.004338642,0.7774166,0.04207869,0.13626662,0.08023143,0.007259749,0.0029566619
375316653866487564,5932587507917353984,0.6036605,2145.211757551739,1.2802463975365181,9.247459E-6,14.89274,0.010382166,0.24597053,0.0022657982,0.053277593,0.0032255477,0.45784405,0.023090035,0.75422686,0.006392509,0.048488658,0.0074610193,0.24630307,0.02411373,0.047698554,0.013545602,0.24597053,0.0022657982,"TWOGAUSSIANS_WITH_ELLIPSOIDAL_ON_ECLIPSE1",9,105.51802,0.24597053,0.0022657982,0.2983545,0.018063067,0.55323267,0.007991943,0.75422686,0.006392509,0.27153647,0.04178171,0.34143522,0.015366629
375316653866487564,5932587512340796032,0.56321985,2142.2887506876245,0.27718965317148564,1.4877527E-5,16.461464,9.5526036E-4,0.2511648,0.023749352,0.023731329,0.009953807,0.015722377,0.017459767,0.7434916,9.2575053E-4,0.022312924,0.0024252965,0.12691014,0.0036451458,null,null,null,null,"TWOGAUSSIANS",8,2.4071286,0.7434916,9.2575053E-4,0.12495237,0.01358166,0.12691014,0.0036451458,0.2511648,0.023749352,0.13289544,0.05574132,0.015722377,0.017459767
375316653866487564,5932587890297926912,0.5478351,2153.915648265435,3.0763619231168224,1.159039E-5,17.37729,0.009494611,0.28149977,0.003541635,0.029441237,0.0082186395,0.18040378,0.06559104,0.80411005,0.007417216,0.052284017,0.009135275,0.1379228,0.018752666,0.13384302,0.012960721,0.28149977,0.003541635,"TWOGAUSSIANS_WITH_ELLIPSOIDAL_ON_ECLIPSE1",9,26.294832,0.28149977,0.003541635,0.16487093,0.046024382,0.44808963,0.061980434,0.80411005,0.007417216,0.2927905,0.051157538,0.4002424,0.010202583
375316653866487564,5932587924604341632,0.49868128,2145.910407123206,2.2303468982670758,2.2243887E-5,19.46821,0.0061863028,0.2749599,0.0010658661,0.021856735,0.0020619298,2.7640505,2.1584978,0.7885017,0.006712774,0.021491038,0.008817203,2.2211976,24.928345,null,null,null,null,"TWOGAUSSIANS",8,4.3825006,0.2749599,0.0010658661,0.12239771,0.011546806,2.7640505,2.1584978,0.7885017,0.006712774,0.12034981,0.04937634,2.2211976,24.928345
375316653866487564,5932588474359941248,0.46656954,2150.7950551364406,0.06865072025235744,7.9536796E-5,17.946999,0.019397886,0.51935816,0.010737402,0.12619051,0.021538686,0.1643465,0.017355623,0.9026321,0.022248777,0.061033342,0.016328905,0.038696267,0.019193744,null,null,null,null,"TWOGAUSSIANS",8,10.747073,0.51935816,0.010737402,0.4,0.0,0.16349718,0.016413294,0.9026321,0.022248777,0.3417867,0.09144187,0.039479494,0.019600132
375316653866487564,5932588607429101312,0.5004655,2153.1088634599823,0.03595289799158768,6.749528E-5,16.901228,0.0017073874,0.101973504,0.014861625,0.018128708,0.0064660436,0.26538098,0.03749444,0.4756906,0.11496178,0.03593224,0.046543438,0.021546021,0.093985595,null,null,null,null,"TWOGAUSSIANS",8,5.7915316,0.101973504,0.014861625,0.10152076,0.036209844,0.26538098,0.037494443,0.4756906,0.11496178,0.20122053,0.2521069,0.021546021,0.093985595
375316653866487564,5932588680518466560,0.49343866,2164.6663169542066,2.8975852212899125,1.515916E-4,18.245575,0.0043624225,0.28940997,0.027475938,0.018069562,0.009820849,0.3892514,0.23268107,0.79146504,0.028609458,0.08649867,0.018129876,0.02621571,0.008153453,null,null,null,null,"TWOGAUSSIANS",8,4.2347736,0.28940997,0.027475938,0.10118954,0.054996755,0.3892508,0.23267739,0.79146504,0.028609458,0.4,0.0,0.02621509,0.008152573
375316653866487564,5932588783598512512,0.5361046,2111.892575854625,1.9861697483964176,1.08561E-5,19.509844,0.013880565,0.26283765,0.0021645643,0.080230795,0.005120935,0.4718345,0.018289916,0.7585683,0.0031357505,0.07572336,0.0042493115,0.519634,0.02565025,null,null,null,null,"TWOGAUSSIANS",8,2.7732017,0.7585683,0.0031357505,0.4,0.0,0.51432997,0.025851155,0.26283765,0.0021645643,0.4,0.0,0.46653044,0.018345004
375316653866487564,5932588818011077120,0.45989433,2151.2312975331915,0.24609281044342046,4.4093875E-5,16.182135,0.002140935,0.472569,0.0064162603,0.01545998,0.0046854853,0.5304451,0.07639365,null,null,null,null,null,null,null,null,null,null,"ONEGAUSSIAN",5,207.77527,0.472569,0.0064162603,0.08657589,0.026238719,0.5304451,0.0,null,null,null,null,null,null
375316653866487564,5932588852317999616,0.51447225,2126.60137188167,2.2982511637196343,1.6658141E-5,19.171164,0.014261926,0.26320198,0.0069987113,0.07400498,0.010353372,0.47543594,0.06458435,0.7634006,0.003084215,0.07909204,0.005297811,0.5281225,0.020196663,null,null,null,null,"TWOGAUSSIANS",8,7.8990045,0.7634006,0.003084215,0.4,0.0,0.52329755,0.020320391,0.26320198,0.0069987113,0.4,0.020374522,0.47061098,0.066633195
375316653866487564,5932589397719187968,0.5260291,2159.733033599137,3.089350959693729,1.6641034E-5,17.619732,0.009897609,0.26024505,0.0049258117,0.08748901,0.0063670836,0.27986538,0.01730497,0.74844456,0.003705471,0.092242256,0.005126709,0.35373923,0.0103792595,null,null,null,null,"TWOGAUSSIANS",8,17.355667,0.74844456,0.003705471,0.4,0.0,0.34279925,0.0077627283,0.26024505,0.0049258117,0.4,0.0,0.2689257,0.0177924
375316653866487564,5932589402074029312,0.5101069,2134.0557440997213,2.519302560048463,1.4918476E-5,19.334587,0.01409222,0.28159976,0.0046383864,0.085932516,0.006162278,0.38830858,0.026280193,0.7659215,0.003523583,0.0921284,0.006151867,0.35028383,0.020643756,null,null,null,null,"TWOGAUSSIANS",8,3.3195543,0.28159976,0.0046383864,0.4,0.0,0.3772092,0.026510272,0.7659215,0.003523583,0.4,0.0,0.33918408,0.020363513
375316653866487564,5932589505153494784,0.49595895,2165.115016495863,2.6261035989354737,1.0734152E-5,15.0804615,0.011167194,0.24167925,0.0048824404,0.08435991,0.0069948975,0.32461905,0.010314672,0.73046726,0.0024628,0.08271736,0.004993064,0.38729554,0.02023412,null,null,null,null,"TWOGAUSSIANS",8,210.53122,0.73046726,0.0024628,0.4,0.0,0.3807309,0.020706145,0.24167925,0.0048824404,0.4,0.0,0.3180544,0.009685343
375316653866487564,5932589505206095104,0.61558175,2176.437437466136,3.189995410521374,4.277341E-6,17.692715,0.017974949,0.18844973,0.0017737036,0.070080176,0.003731445,0.41542697,0.036060207,0.6893246,9.7063265E-4,0.05905995,0.003756787,0.38291523,0.03200993,0.060684208,0.018431695,0.18844973,0.0017737036,"TWOGAUSSIANS_WITH_ELLIPSOIDAL_ON_ECLIPSE1",9,5.946028,0.18844973,0.0017737036,0.392449,0.018354513,0.53608066,0.010574324,0.6893246,9.7063265E-4,0.3307357,0.021038007,0.5035653,0.011842731
375316653866487564,5932589608232825344,0.45982412,2147.2576161925153,1.1542647442023661,2.9440485E-5,18.89425,0.047599506,0.2608175,0.021118699,0.08885155,0.057757985,0.09126049,0.043565392,0.7326573,0.007259564,0.09306575,0.022593964,0.1338522,0.046370316,null,null,null,null,"TWOGAUSSIANS",8,3.5442412,0.7326573,0.007259564,0.4,0.0,0.13057806,0.014944581,0.2608175,0.021081956,0.4,0.0,0.08798665,0.0145140905
375316653866487564,5932589745671959552,0.54272276,2139.9981960319956,1.9018304025704496,9.484064E-6,19.308167,0.008696867,0.18015671,0.0014887053,0.07544446,0.002933086,0.44653723,0.011427007,0.6881935,0.007911474,0.076233834,0.011365279,0.3438177,0.021252,null,null,null,null,"TWOGAUSSIANS",8,2.2082825,0.18015671,0.0014887053,0.4,0.0,0.44367087,0.011165298,0.6881935,0.007911474,0.4,0.005246809,0.34095135,0.0230898
375316653866487564,5932589745724127104,0.60459054,2147.484227988541,1.426365124140666,4.2943248E-6,16.174417,0.0046642376,0.24175608,0.0012214902,0.08599909,0.002709043,0.24756394,0.0042236014,0.75249726,0.0015829952,0.08827111,0.0035624693,0.15003437,0.0041079116,null,null,null,null,"TWOGAUSSIANS",8,5.701346,0.24175608,0.0012214902,0.4,0.0,0.2423472,0.0036475302,0.75249726,0.0015829952,0.4,0.0,0.1448176,0.0029226327
375316653866487564,5932589780083875968,0.613033,2142.91967999429,2.2137346338426855,4.7358003E-6,16.90893,0.0034744567,0.2637702,0.0010881256,0.05250281,0.009317604,0.058233213,0.0074251783,0.7689078,0.0052765436,0.046242185,0.008128519,0.061727006,0.00824756,0.09360776,0.004916051,0.2637702,0.0010881256,"TWOGAUSSIANS_WITH_ELLIPSOIDAL_ON_ECLIPSE1",9,3.9756968,0.7689078,0.0052765436,0.25895625,0.045519706,0.2487463,0.0052461848,0.2637702,0.0010881256,0.29401574,0.052178584,0.24544753,0.0061057988
375316653866487564,5932590016201479296,0.43298468,2137.6956852717512,1.0054094693268516,1.9207739E-5,18.249575,0.00825894,0.16381496,0.009163288,0.015112332,0.01670347,0.030959407,0.022420002,0.6209209,0.0031434079,0.02726532,0.004251904,0.18998545,0.021374488,null,null,null,null,"TWOGAUSSIANS",8,21.140152,0.6209209,0.0031434079,0.15268579,0.023810662,0.18998545,0.021374488,0.16381496,0.009163288,0.08462906,0.093539424,0.030959407,0.022420002
375316653866487564,5932590153635049088,0.5555719,2138.7847273080824,2.808112316862038,1.4530241E-5,18.440937,0.008377007,0.28307235,0.0025346263,0.07993704,0.0029869871,0.36848608,0.009943789,0.78565,0.0043678894,0.0808292,0.0045276023,0.30132776,0.011242979,null,null,null,null,"TWOGAUSSIANS",8,5.4345665,0.28307235,0.0025346263,0.4,0.0,0.36346066,0.009077845,0.78565,0.0043678894,0.4,0.0,0.29630235,0.01059492
375316653866487564,5932590226708573824,0.466589,2120.9504306094677,0.049049878310629555,6.986335E-5,19.113028,0.0074925385,0.12587003,0.02937477,0.03237924,0.028384633,0.1383821,2.0234025,0.5868375,0.001141658,0.025104566,0.0023474717,6.1462703,2.4713352,null,null,null,null,"TWOGAUSSIANS",8,9.52941,0.5868375,0.001141658,0.14058557,0.013145841,6.1462703,2.4713352,0.12587003,0.02937477,0.18132374,0.15895395,0.1383821,2.0234025
375316653866487564,5932590226760508928,0.5486981,2139.1718518929933,2.7989224190651303,8.069163E-6,13.072603,0.0065092836,0.23421997,0.001457907,0.084826045,0.0022788248,0.37251127,0.008300436,0.7389386,0.0027695296,0.08922436,0.004170703,0.3634453,0.0059829103,null,null,null,null,"TWOGAUSSIANS",8,386.3623,0.23421997,0.001457907,0.4,0.0,0.36153412,0.0074041663,0.7389386,0.0027695296,0.4,0.0,0.35246807,0.005808315
375316653866487564,5932590256701576832,0.48020133,2156.762808998527,0.5571737881655457,1.5932988E-5,17.965366,0.011335513,0.54602337,0.05865083,0.095659435,0.104661375,0.04598549,0.039335273,0.82843655,0.002770355,0.027192127,0.0035022853,0.52418864,0.040158574,null,null,null,null,"TWOGAUSSIANS",8,24.220884,0.82843655,0.002770355,0.1522759,0.019612797,0.52477735,0.04132159,0.54602337,0.05865083,0.4,0.24655963,0.045985382,0.03939933
375316653866487564,5932590295428202880,0.47230458,2136.319000768232,2.5450659321636127,2.650721E-5,19.694548,0.03318825,0.25297055,0.009797232,0.10208869,0.01518072,0.2240765,0.042278286,0.7347107,0.0071705417,0.100275934,0.013733741,0.28903198,0.032393336,null,null,null,null,"TWOGAUSSIANS",8,2.4439979,0.7347107,0.0071705417,0.4,0.0,0.2699269,0.02237586,0.25298056,0.009799124,0.4,0.0,0.20497087,0.027488064
375316653866487564,5932590325413787392,0.63678354,2152.4182360221116,1.1011670804174678,2.0415694E-6,16.904213,0.0019828826,0.19448921,0.0024120654,0.0359282,0.0020351761,0.09394579,0.003347918,0.69414014,3.3840814E-4,0.0363467,2.7055712E-4,0.56518275,0.0058043296,null,null,null,null,"TWOGAUSSIANS",8,5.766018,0.69414014,3.3840814E-4,0.20354152,0.0015151199,0.56518275,0.0058043296,0.19448921,0.0024120654,0.20119794,0.0113969855,0.09394579,0.003347918
375316653866487564,5932590497237809024,0.52003497,2115.0321613129313,4.174952044800881,1.6568896E-5,19.650452,0.01370021,0.17461777,0.0050574336,0.06829505,0.010746359,0.37178123,0.036094334,0.68285,0.0024992842,0.071993314,0.004284183,0.42137855,0.01834775,null,null,null,null,"TWOGAUSSIANS",8,2.4274843,0.68285,0.0024992842,0.4,0.009623751,0.4202588,0.01795371,0.17461777,0.0050574336,0.38245225,0.034642056,0.37066147,0.03740927
375316653866487564,5932590742156650880,0.5922712,2164.9075551407936,0.4196851327873927,4.9669297E-6,14.146352,8.713833E-4,0.30836055,5.198411E-4,0.018908136,0.0014162466,0.25871655,0.0069109327,0.79629225,0.007084176,0.017194323,0.0046718116,0.03388481,0.0029800339,0.00414218,0.0013914411,0.30836055,5.198411E-4,"TWOGAUSSIANS_WITH_ELLIPSOIDAL_ON_ECLIPSE1",9,14.532286,0.30836055,5.198411E-4,0.10588556,0.007930981,0.26700088,0.0075107384,0.7963623,0.0070257345,0.096288204,0.026162146,0.04212188,0.0024983273
375316653866487564,5932590845184210176,0.44149688,2162.810342492058,0.22693447153346774,3.7431575E-5,18.241058,0.014337206,0.22916493,1.1939919E-4,0.0051212334,2.6447972E-4,0.34060353,0.013544294,0.5040965,0.051978514,0.019283336,0.06400525,0.1161418,0.08107185,0.011018411,0.018362867,0.22916493,1.1939919E-4,"TWOGAUSSIANS_WITH_ELLIPSOIDAL_ON_ECLIPSE1",9,16.15671,0.22916493,1.1939919E-4,0.028678905,0.0014810865,0.36264032,0.030448806,0.5042365,0.05207965,0.10798668,0.29385042,0.11668106,0.08036087
375316653866487564,5932590875194868352,0.40092984,2153.5911446335294,2.671062855685393,6.2278516E-5,18.85435,0.6257619,0.32913572,0.013772845,0.11027498,0.055104103,0.29203197,0.3421958,0.8078273,0.018783564,0.15205413,0.2322028,0.17149979,0.61939377,null,null,null,null,"TWOGAUSSIANS",8,18.492289,0.32974574,0.00866636,0.4,0.0,0.23657392,0.051746465,0.8078273,0.018783564,0.4,0.0,0.11437631,0.02933501
375316653866487564,5932590948264264576,0.4202933,2143.6332389854465,1.5524817291255528,1.9983776E-5,16.307442,0.0044806954,0.25594303,0.0058744205,0.038073134,0.010227119,0.1074755,0.022875661,0.7534394,0.0026565343,0.020373905,0.0043679564,0.1723212,0.04248331,null,null,null,null,"TWOGAUSSIANS",8,18.004122,0.7534394,0.0026565343,0.11409387,0.024460556,0.1723212,0.04248331,0.25594303,0.0058744205,0.21320955,0.057271864,0.1074755,0.022875661
