Gaia/vari_eclipsing_binary/VariEclipsingBinary_677108-677136.csv
# %ECSV 1.0
# ---
# delimiter: ','
# meta: !!omap
# - RELEASE: Gaia DR3
# - TABLE: vari_eclipsing_binary
# - DESCRIPTION: >
#     This table describes the properties of the eclipsing binaries resulting from the variability analysis. 
# - CITATION: >
#     How to cite and acknowledge Gaia: 
#     https://gea.esac.esa.int/archive/documentation/credits.html 
# - KNOWN_ISSUES: >
#     Known issues: 
#     https://www.cosmos.esa.int/web/gaia-users/known-issues 
# - DOCUMENTATION: >
#     Tutorials and documentation: 
#     https://www.cosmos.esa.int/web/gaia-users/archive 
# datatype:
# - 
#   name: solution_id
#   datatype: int64
#   description: Solution Identifier
#   meta:
#     ucd: meta.version
# - 
#   name: source_id
#   datatype: int64
#   description: Unique source identifier
#   meta:
#     ucd: meta.id;meta.main
# - 
#   name: global_ranking
#   datatype: float32
#   description: Number between 0 (worst) and 1 (best)
#   meta:
#     ucd: stat.param
# - 
#   name: reference_time
#   datatype: float64
#   unit: d
#   description: Reference time used for the geometric model fit
#   meta:
#     ucd: time.epoch
# - 
#   name: frequency
#   datatype: float64
#   unit: d**-1
#   description: Frequency of geometric model of the eclipsing binary light curve
#   meta:
#     ucd: src.orbital
# - 
#   name: frequency_error
#   datatype: float32
#   unit: d**-1
#   description: "Uncertainty of \\texttt{frequency}"
#   meta:
#     ucd: stat.error
# - 
#   name: geom_model_reference_level
#   datatype: float32
#   unit: mag
#   description: Magnitude reference level of geometric model
#   meta:
#     ucd: phot.mag;em.opt
# - 
#   name: geom_model_reference_level_error
#   datatype: float32
#   unit: mag
#   description: "Uncertainty of \\texttt{geomModelReferenceLevel}"
#   meta:
#     ucd: stat.error;phot.mag;em.opt
# - 
#   name: geom_model_gaussian1_phase
#   datatype: float32
#   description: Phase of the Gaussian 1 component
#   meta:
#     ucd: time.phase
# - 
#   name: geom_model_gaussian1_phase_error
#   datatype: float32
#   description: "Uncertainty of \\texttt{geomModelGaussian1Phase}"
#   meta:
#     ucd: stat.error;time.phase
# - 
#   name: geom_model_gaussian1_sigma
#   datatype: float32
#   description: "Standard deviation [phase] of Gaussian 1 component"
#   meta:
#     ucd: stat.stdev
# - 
#   name: geom_model_gaussian1_sigma_error
#   datatype: float32
#   description: "Uncertainty of \\texttt{geomModelGaussian1Sigma}"
#   meta:
#     ucd: stat.error
# - 
#   name: geom_model_gaussian1_depth
#   datatype: float32
#   unit: mag
#   description: Magnitude depth of Gaussian 1 component
#   meta:
#     ucd: src.var.amplitude
# - 
#   name: geom_model_gaussian1_depth_error
#   datatype: float32
#   unit: mag
#   description: "Uncertainty of \\texttt{geomModelGaussian1Depth}"
#   meta:
#     ucd: stat.error;src.var.amplitude
# - 
#   name: geom_model_gaussian2_phase
#   datatype: float32
#   description: Phase of Gaussian 2 component
#   meta:
#     ucd: time.phase
# - 
#   name: geom_model_gaussian2_phase_error
#   datatype: float32
#   description: "Uncertainty of \\texttt{geomModelGaussian2Phase}"
#   meta:
#     ucd: stat.error;time.phase
# - 
#   name: geom_model_gaussian2_sigma
#   datatype: float32
[...]
#   datatype: float32
#   description: "Secondary eclipse: uncertainty of \\texttt{derivedSecondaryEclDuration}"
#   meta:
#     ucd: stat.error;time.duration
# - 
#   name: derived_secondary_ecl_depth
#   datatype: float32
#   unit: mag
#   description: "Secondary eclipse: depth"
#   meta:
#     ucd: src.var.amplitude
# - 
#   name: derived_secondary_ecl_depth_error
#   datatype: float32
#   unit: mag
#   description: "Secondary eclipse: uncertainty of \\texttt{derivedSecondaryEclDepth}"
#   meta:
#     ucd: stat.error;src.var.amplitude
solution_id,source_id,global_ranking,reference_time,frequency,frequency_error,geom_model_reference_level,geom_model_reference_level_error,geom_model_gaussian1_phase,geom_model_gaussian1_phase_error,geom_model_gaussian1_sigma,geom_model_gaussian1_sigma_error,geom_model_gaussian1_depth,geom_model_gaussian1_depth_error,geom_model_gaussian2_phase,geom_model_gaussian2_phase_error,geom_model_gaussian2_sigma,geom_model_gaussian2_sigma_error,geom_model_gaussian2_depth,geom_model_gaussian2_depth_error,geom_model_cosine_half_period_amplitude,geom_model_cosine_half_period_amplitude_error,geom_model_cosine_half_period_phase,geom_model_cosine_half_period_phase_error,model_type,num_model_parameters,reduced_chi2,derived_primary_ecl_phase,derived_primary_ecl_phase_error,derived_primary_ecl_duration,derived_primary_ecl_duration_error,derived_primary_ecl_depth,derived_primary_ecl_depth_error,derived_secondary_ecl_phase,derived_secondary_ecl_phase_error,derived_secondary_ecl_duration,derived_secondary_ecl_duration_error,derived_secondary_ecl_depth,derived_secondary_ecl_depth_error
[from data line 551]
375316653866487564,5956117331628177792,0.46757218,2328.465702831861,2.964786237782894,1.2290517E-4,18.847393,0.007192966,0.12460706,0.009886673,0.041290343,0.009433331,0.179062,0.14403662,0.62833637,0.014997632,0.06892013,0.014535418,0.20983028,0.046210285,null,null,null,null,"TWOGAUSSIANS",8,5.494592,0.62833637,0.014997632,0.3859527,0.0661906,0.20981914,0.046225723,0.12460706,0.009886673,0.23122592,0.052826654,0.17905085,0.1440492
375316653866487564,5956117542112480000,0.43182915,2365.448729780915,1.98368403213145,6.351584E-5,18.566525,0.042304818,0.3474659,0.025045978,0.05629253,0.039760847,0.17484774,0.05151478,0.85607004,0.049239546,0.061223015,0.110749006,0.08792257,0.122266784,null,null,null,null,"TWOGAUSSIANS",8,14.822154,0.3474659,0.02503364,0.31523818,0.22266074,0.17482692,0.045974765,0.85607004,0.049239546,0.3428489,0.31359184,0.087901756,0.12334254
375316653866487564,5956117851337666816,0.501686,2297.7422757040576,4.037495966790341,1.8368406E-5,18.705788,0.122202106,0.2869901,0.007872231,0.14450802,0.046631034,0.21671496,0.119758055,0.771712,0.006687359,0.114480026,0.026078958,0.23512268,0.111000836,null,null,null,null,"TWOGAUSSIANS",8,1.8564963,0.771712,0.006687359,0.4,0.0,0.17485791,0.014735235,0.2870601,0.007760045,0.4,0.0,0.15533277,0.008994501
375316653866487564,5956118469812895488,0.5684456,2326.5286179628856,3.229149861376713,1.0849699E-5,17.643429,0.008624403,0.26362693,0.008018765,0.08334109,0.008619343,0.23753892,0.013132227,0.7654375,0.0048475545,0.091508076,0.0059840037,0.26363453,0.012993878,null,null,null,null,"TWOGAUSSIANS",8,5.634581,0.7654375,0.0048475545,0.4,0.0,0.25547978,0.011807496,0.26362693,0.008018765,0.4,0.0,0.22938433,0.01290905
375316653866487564,5956118847770007808,0.5490363,2309.706453304649,3.3751903345533893,1.2178131E-5,17.816244,0.017625486,0.24292654,0.002924875,0.090039656,0.0070747966,0.3970089,0.027070548,0.72625834,0.0011284653,0.080679104,0.002843738,0.43177682,0.020339917,null,null,null,null,"TWOGAUSSIANS",8,9.914088,0.72625834,0.0011284653,0.4,0.0,0.4233183,0.017552378,0.24292654,0.002924875,0.4,0.0,0.38855016,0.02744109
375316653866487564,5956119500617573120,0.56182027,2331.6493547137,3.9126180278942813,9.88629E-6,16.442604,0.021114884,0.25593945,0.0050953203,0.06897629,0.015163846,0.09455224,0.05247311,0.77041584,0.0061943014,0.047771953,0.006912421,0.23781484,0.049583312,0.16994976,0.026617123,0.25593945,0.0050953203,"TWOGAUSSIANS_WITH_ELLIPSOIDAL_ON_ECLIPSE1",9,95.28823,0.77041584,0.0061943014,0.26752293,0.038709555,0.57477677,0.02385445,0.25593945,0.0050953203,0.38626724,0.07022984,0.4343185,0.023957465
375316653866487564,5956120153452658432,0.5555456,2326.5171920694397,3.6983178950845885,1.0889065E-5,17.924252,0.011621204,0.25472388,0.0033744082,0.08817547,0.0057837702,0.30074295,0.0150724435,0.77708185,0.006054746,0.087558985,0.0070950342,0.3574502,0.012914441,null,null,null,null,"TWOGAUSSIANS",8,7.294685,0.77708185,0.006054746,0.4,0.0,0.34954658,0.010400789,0.25472388,0.0033744082,0.4,0.0,0.29283938,0.014657643
375316653866487564,5956120497037663232,0.544701,2427.92490871538,2.845132549555392,1.5265967E-5,19.5871,0.019729776,0.19011536,0.0038529169,0.061173223,0.009421289,0.6219804,0.06181344,0.69077426,0.004165893,0.0641133,0.0052790227,0.45508906,0.030422788,null,null,null,null,"TWOGAUSSIANS",8,1.9225649,0.19011536,0.0038529169,0.34257004,0.05275922,0.62161964,0.06276354,0.69077426,0.004165893,0.35903448,0.029562527,0.45472834,0.030233217
375316653866487564,5956120840635463936,0.5507999,2373.1776665706025,0.03703530938281131,7.264129E-5,18.257984,0.00258392,0.8145677,0.0121762585,0.03967009,0.007583227,0.027462691,0.0039179553,0.58649975,0.1364123,0.054221805,0.05325741,0.5344833,11.071919,null,null,null,null,"TWOGAUSSIANS",8,1.2195063,0.58649975,0.13642171,0.3036421,0.2982415,0.5344833,11.071663,0.8142177,0.012283929,0.2221525,0.04246607,0.027540674,0.0039357413
375316653866487564,5956121081165586176,0.4233876,2428.122388339452,0.7724119422228896,1.1170618E-4,19.326458,0.014874132,0.22240302,0.029300556,0.060434557,0.030577539,0.41337436,20.05334,0.74577063,0.027985958,0.039731503,0.03488929,0.17023638,0.06983059,null,null,null,null,"TWOGAUSSIANS",8,5.1738462,0.22240302,0.029300556,0.3384335,0.17123422,0.41337368,20.053354,0.74577063,0.027985958,0.22249642,0.18986695,0.17023571,0.07014716
375316653866487564,5956121420437280512,0.42157635,2322.7224152394133,3.2664399742538888,7.2371484E-5,18.416725,0.027581844,0.22699834,0.025083503,0.13473076,0.04497885,0.11867304,0.0239664,0.6860269,0.0067820796,0.052426353,0.018781126,0.17563137,0.19773585,null,null,null,null,"TWOGAUSSIANS",8,3.887852,0.6860269,0.0067820796,0.2935876,0.1051743,0.17243019,0.19997478,0.22699834,0.025083503,0.4,0.0,0.1150765,0.01984485
375316653866487564,5956121596549801856,0.44534895,2379.158486770209,2.8894145643548397,3.191738E-5,18.524202,0.031039432,0.35199592,0.017090233,0.09307116,0.025342317,0.12910505,0.0413172,0.8406186,0.007586615,0.087431975,0.020560198,0.17767118,0.031621717,null,null,null,null,"TWOGAUSSIANS",8,8.694013,0.8406186,0.007586615,0.4,0.0,0.17223969,0.028858952,0.35199592,0.017090233,0.4,0.0,0.123673424,0.03830378
375316653866487564,5956122489903709440,0.4783025,2325.385821802711,2.2053064316936495,2.2096392E-5,18.623064,0.029577745,0.32412368,0.0073415097,0.09616891,0.016722037,0.2757533,0.01850191,0.8380323,0.011642401,0.08238803,0.011949224,0.24031875,0.040416613,null,null,null,null,"TWOGAUSSIANS",8,7.334035,0.32412368,0.0073415097,0.4,0.0,0.26755103,0.017615607,0.8380323,0.011643139,0.4,0.0,0.23211741,0.035265923
375316653866487564,5956122867872025728,0.5704564,2344.8653539686893,2.634094406103006,1.0488477E-5,15.173841,0.014395392,0.23454122,0.0037445864,0.042018186,0.0078977775,0.15195961,0.036924005,0.7297102,0.013141436,0.051794503,0.012103714,0.19696309,0.070422515,0.10977322,0.021017568,0.23454122,0.0037445864,"TWOGAUSSIANS_WITH_ELLIPSOIDAL_ON_ECLIPSE1",9,201.86555,0.7306302,0.011483202,0.2900492,0.0677808,0.4163432,0.06490834,0.23454122,0.0037445864,0.23530184,0.044227555,0.37150335,0.016021682
375316653866487564,5956125066882872832,0.45218784,2301.0719971058284,0.22857872015320618,5.501124E-5,19.70767,0.015171518,0.58225226,0.0053585116,0.09445693,0.006452642,0.30915466,0.02214954,0.7582023,0.009225875,0.035055093,0.0062286477,0.26791945,0.040812112,null,null,null,null,"TWOGAUSSIANS",8,3.8833375,0.7582023,0.009225875,0.19630851,0.03488043,0.32245788,0.04325262,0.58225226,0.00535249,0.4,0.0,0.30915505,0.022148974
375316653866487564,5956125101254936704,0.55089396,2316.9670863508727,0.5118071918036764,2.4022447E-5,15.265584,0.0063662594,0.20422341,0.014407014,0.01627978,0.0158704,2.5235474,2.3090465,0.6814666,0.00400519,0.015272272,0.0028344905,0.5421147,0.11295018,null,null,null,null,"TWOGAUSSIANS",8,220.63242,0.20422341,0.014407014,0.091166764,0.08887424,2.5235474,2.3090465,0.6814666,0.00400519,0.08552472,0.015873147,0.5421147,0.11295018
375316653866487564,5956125131290949376,0.5246811,2338.6999154641476,2.933711521895557,1.6509694E-5,17.425758,0.013169099,0.30769143,0.0068092444,0.09202458,0.015688814,0.14561526,0.011295021,0.8032893,0.0041343756,0.10310679,0.007584445,0.1740866,0.013402961,null,null,null,null,"TWOGAUSSIANS",8,6.00003,0.8032893,0.0041343756,0.4,0.0,0.16277505,0.007137515,0.30769143,0.0068145306,0.4,0.0,0.13430639,0.010697535
375316653866487564,5956125543606028800,0.5298643,2337.0758805584137,1.0098744978096315,2.6863138E-6,17.964344,0.0023753569,0.6397703,0.0106667355,0.025880747,0.012809891,0.033856332,0.021766521,0.9322953,0.0061279386,0.0027667675,0.0022844742,0.61468345,2.640529,null,null,null,null,"TWOGAUSSIANS",8,2.2235825,0.9322953,0.0061279386,0.015493899,0.012793056,0.61468345,2.640529,0.6397703,0.0106667355,0.14493218,0.07173539,0.033856332,0.021766521
375316653866487564,5956126093359773696,0.44370225,2337.3263848826637,0.24751487413637072,2.5942534E-5,15.805101,0.0685916,0.28050897,0.014683205,0.25894684,0.12366086,0.074811876,0.063159585,0.6560842,0.00571718,0.042697947,0.009134695,0.028854597,0.0038769655,null,null,null,null,"TWOGAUSSIANS",8,4.335759,0.28050897,0.014683205,0.4,0.0,0.051460944,0.011694813,0.6560842,0.00571718,0.23910852,0.051154293,0.035635047,0.003391503
375316653866487564,5956126647431442432,0.45802405,2371.3749249338616,0.12376015184795153,2.8355502E-5,19.756317,0.03335399,0.1980213,0.0055382806,0.07494643,0.0146033205,0.30416697,0.041453853,0.68037117,0.0111033255,0.085367076,0.018252073,0.2213167,0.040730175,null,null,null,null,"TWOGAUSSIANS",8,3.627148,0.1980213,0.0055382806,0.4,0.008840828,0.30138418,0.041097753,0.68037117,0.0111033255,0.4,0.0,0.21853387,0.036802772
375316653866487564,5956127300270630912,0.4866923,2367.231794332789,1.2887132377874733,1.0305735E-5,17.235735,0.0574455,0.21672593,0.0047750166,0.049886428,0.0065710554,0.5726169,0.05548204,0.73718774,0.15024194,0.044571463,0.055970397,3.0888193,2.7990696E7,null,null,null,null,"TWOGAUSSIANS",8,5.307903,0.73718774,0.15024194,0.2496002,0.21755745,3.0888186,2.7990696E7,0.21672593,0.004772256,0.279364,0.03679791,0.5726162,0.05552329
375316653866487564,5956127643863650816,0.54085964,2319.63873123851,2.94214763030119,1.548774E-5,18.929682,0.014524323,0.26137853,0.0037655353,0.07147511,0.006568985,0.4187899,0.04143585,0.76047605,0.003929398,0.07925378,0.0057395645,0.3980347,0.027089136,null,null,null,null,"TWOGAUSSIANS",8,3.2931235,0.26137853,0.0037655353,0.4,0.030082382,0.41553444,0.042441383,0.76047605,0.003929398,0.4,0.0,0.39477924,0.027176863
375316653866487564,5956127815662678784,0.515391,2344.618456519522,3.1832526419628464,7.710522E-6,19.092775,0.021573223,0.27118522,0.00575752,0.078405455,0.0077706743,0.5140873,0.020910336,0.78087944,0.004952516,0.08796311,0.0063592466,0.4309435,0.024909643,null,null,null,null,"TWOGAUSSIANS",8,3.310358,0.27118522,0.00575752,0.4,0.0,0.50553304,0.018371394,0.78087944,0.004952516,0.4,0.0,0.42238912,0.020698396
375316653866487564,5956128159260077568,0.60831517,2318.281483969145,3.2579475431343408,1.2939371E-5,18.47289,0.017118473,0.2386933,0.003130434,0.07347807,0.0048068897,0.49387613,0.017810728,0.7402353,0.0042975587,0.07388611,0.004644038,0.6165781,0.030338291,null,null,null,null,"TWOGAUSSIANS",8,4.830972,0.7402353,0.0042975587,0.4,0.0013837173,0.61320925,0.030542407,0.2386933,0.003130434,0.4,0.0072989026,0.49050725,0.016898444
375316653866487564,5956129323179091200,0.4610142,2295.803576819938,3.6110823280464257,4.4628137E-5,18.124283,0.17140651,0.26260033,0.017464712,0.11849945,0.045619007,0.18074803,0.14355123,0.77194446,0.014688281,0.1556555,0.09793357,0.14063823,0.16623114,null,null,null,null,"TWOGAUSSIANS",8,7.3271713,0.26212034,0.016919488,0.4,0.0,0.12782045,0.0103889005,0.7720444,0.014488684,0.4,0.0,0.08611758,0.01902538
375316653866487564,5956129361851319424,0.48845172,2329.2635590709147,3.9703993788143297,3.495277E-5,19.486168,0.014399632,0.13369979,0.0034453794,0.0641751,0.005946431,0.21875238,0.013270123,0.6335623,0.018955795,0.09084706,0.03844681,0.14969313,0.04210084,null,null,null,null,"TWOGAUSSIANS",8,2.0618296,0.13369979,0.0034453794,0.35938057,0.033300012,0.2168691,0.01065867,0.6335623,0.018955795,0.4,0.010354286,0.14780977,0.04551453
375316653866487564,5956129391896780288,0.50654185,2280.6329795791776,0.3441249553042766,3.5370424E-5,18.386662,0.0023235485,0.31114462,0.028827606,0.059657067,0.018946232,0.12961514,0.026660342,0.7870699,0.0072890813,0.033277735,0.0076761157,0.061610464,0.007969131,null,null,null,null,"TWOGAUSSIANS",8,1.0860307,0.31114462,0.028827606,0.3340796,0.087079816,0.12961513,0.026657589,0.7870699,0.0072890813,0.18635532,0.042986248,0.06161044,0.007968571
375316653866487564,5956129494974025600,0.55970514,2337.1585237198315,2.419101787123481,1.6947646E-5,16.05337,0.012188283,0.2942953,0.0041633663,0.08579087,0.005410785,0.42880234,0.024069246,0.7937856,0.0047460147,0.089310154,0.005463284,0.3873461,0.019740995,null,null,null,null,"TWOGAUSSIANS",8,68.56812,0.2942953,0.0041633663,0.4,0.0,0.41511357,0.02408996,0.7937856,0.0047460147,0.4,0.0,0.37365723,0.018697929
375316653866487564,5956129568021101824,0.40393332,2319.4285789082155,0.3124260001694918,2.9141509E-5,15.0116625,0.013025883,null,null,null,null,null,null,null,null,null,null,null,null,0.050236624,0.022016818,0.8259264,0.008626444,"ELLIPSOIDAL",4,410.2438,null,null,null,null,null,null,null,null,null,null,null,null
375316653866487564,5956129842887725184,0.4749954,2294.1071103948257,4.862253129243373,4.3064512E-5,18.423332,0.020725742,0.17114641,0.012798182,0.04210345,0.021682518,0.101758845,0.028840866,0.5524174,0.01574454,0.1406529,0.026245248,0.24257053,0.02287955,null,null,null,null,"TWOGAUSSIANS",8,13.392725,0.5524174,0.01574454,0.4,0.0,0.24125932,0.02302222,0.17328641,0.010833405,0.23577933,0.121422105,0.106744066,0.031640127
375316653866487564,5956129911607297152,0.62729114,2300.171618520542,2.3764191568464037,1.4674386E-5,18.57651,0.018278448,0.17940895,0.0013648177,0.039811593,0.0029722578,0.4575217,0.047569904,0.67874956,0.0030504283,0.04593211,0.0037721246,0.7552813,0.05605891,0.08120649,0.025186382,0.17940895,0.0013648177,"TWOGAUSSIANS_WITH_ELLIPSOIDAL_ON_ECLIPSE1",9,4.9895396,0.6787696,0.0030196516,0.25721982,0.021123897,0.91769135,0.050500955,0.17940895,0.0013648177,0.22294492,0.016644644,0.6199344,0.025079103
375316653866487564,5956130152125685888,0.5670474,2262.003569306491,0.15905496624199084,7.56796E-6,18.857613,0.006617588,0.094862916,3.0860407E-5,0.01587116,2.3359303E-4,4.625198,0.24143222,0.59056836,7.8899146E-4,0.015389781,0.001068831,1.7303121,0.42874634,null,null,null,null,"TWOGAUSSIANS",8,4.522317,0.094862916,3.0860407E-5,0.0888785,0.001308121,4.625198,0.24143222,0.59056836,7.8899146E-4,0.08618278,0.0059854537,1.7303121,0.42874634
375316653866487564,5956130186485449344,0.46224707,2269.658533114093,4.6511783573329994,1.4291005E-4,19.610693,0.010299588,0.2077268,0.04636588,0.035811357,0.026254702,0.3059886,1.2852811,0.6970471,0.029010253,0.052288957,0.014804004,0.21854989,0.11962036,null,null,null,null,"TWOGAUSSIANS",8,2.2012174,0.2077268,0.04636588,0.2005436,0.14702633,0.30598858,1.2852814,0.6970471,0.029010253,0.29281816,0.082902424,0.21854986,0.11961982
375316653866487564,5956131350403701248,0.5056946,2301.080398398203,2.560535558376613,4.5164557E-5,17.84994,0.032872535,0.29131407,0.007158953,0.05425726,0.01767377,0.56062615,0.088604696,0.80910033,0.010032431,0.026681978,0.013528522,0.19322914,0.101021305,0.07717104,0.042928863,0.80910033,0.010032431,"TWOGAUSSIANS_WITH_ELLIPSOIDAL_ON_ECLIPSE2",9,77.2924,0.29237407,0.006461526,0.30384067,0.09897312,0.7131588,0.11468295,0.80910033,0.010032431,0.14941908,0.075759724,0.34756717,0.10115316
375316653866487564,5956132351160020864,0.5628488,2289.42725881188,1.430488816820596,1.22415795E-5,17.133966,0.004020115,0.22849242,0.0034813113,0.060652737,0.005303971,0.14545171,0.0060551045,0.73275185,0.0044672163,0.082380705,0.0053514703,0.12040219,0.007896422,null,null,null,null,"TWOGAUSSIANS",8,3.5910783,0.22849242,0.0034813113,0.3396553,0.029702237,0.14493716,0.0061257207,0.73275185,0.0044672163,0.4,0.0,0.119887635,0.007880712
375316653866487564,5956132694746685824,0.52452856,2312.4233801241417,2.872434371284667,2.4544643E-5,19.311823,0.026146762,0.23509414,0.008573145,0.108731225,0.015193723,0.33259997,0.026925635,0.7353231,0.0071856906,0.08822964,0.017188288,0.3208464,0.029080564,null,null,null,null,"TWOGAUSSIANS",8,1.9853954,0.23509414,0.008573145,0.4,0.0,0.30673882,0.02771473,0.7353231,0.0071856906,0.4,0.0,0.29500222,0.031705793
