Gaia/vari_eclipsing_binary/VariEclipsingBinary_486097-486187.csv
# %ECSV 1.0
# ---
# delimiter: ','
# meta: !!omap
# - RELEASE: Gaia DR3
# - TABLE: vari_eclipsing_binary
# - DESCRIPTION: >
#     This table describes the properties of the eclipsing binaries resulting from the variability analysis. 
# - CITATION: >
#     How to cite and acknowledge Gaia: 
#     https://gea.esac.esa.int/archive/documentation/credits.html 
# - KNOWN_ISSUES: >
#     Known issues: 
#     https://www.cosmos.esa.int/web/gaia-users/known-issues 
# - DOCUMENTATION: >
#     Tutorials and documentation: 
#     https://www.cosmos.esa.int/web/gaia-users/archive 
# datatype:
# - 
#   name: solution_id
#   datatype: int64
#   description: Solution Identifier
#   meta:
#     ucd: meta.version
# - 
#   name: source_id
#   datatype: int64
#   description: Unique source identifier
#   meta:
#     ucd: meta.id;meta.main
# - 
#   name: global_ranking
#   datatype: float32
#   description: Number between 0 (worst) and 1 (best)
#   meta:
#     ucd: stat.param
# - 
#   name: reference_time
#   datatype: float64
#   unit: d
#   description: Reference time used for the geometric model fit
#   meta:
#     ucd: time.epoch
# - 
#   name: frequency
#   datatype: float64
#   unit: d**-1
#   description: Frequency of geometric model of the eclipsing binary light curve
#   meta:
#     ucd: src.orbital
# - 
#   name: frequency_error
#   datatype: float32
#   unit: d**-1
#   description: "Uncertainty of \\texttt{frequency}"
#   meta:
#     ucd: stat.error
# - 
#   name: geom_model_reference_level
#   datatype: float32
#   unit: mag
#   description: Magnitude reference level of geometric model
#   meta:
#     ucd: phot.mag;em.opt
# - 
#   name: geom_model_reference_level_error
#   datatype: float32
#   unit: mag
#   description: "Uncertainty of \\texttt{geomModelReferenceLevel}"
#   meta:
#     ucd: stat.error;phot.mag;em.opt
# - 
#   name: geom_model_gaussian1_phase
#   datatype: float32
#   description: Phase of the Gaussian 1 component
#   meta:
#     ucd: time.phase
# - 
#   name: geom_model_gaussian1_phase_error
#   datatype: float32
#   description: "Uncertainty of \\texttt{geomModelGaussian1Phase}"
#   meta:
#     ucd: stat.error;time.phase
# - 
#   name: geom_model_gaussian1_sigma
#   datatype: float32
#   description: "Standard deviation [phase] of Gaussian 1 component"
#   meta:
#     ucd: stat.stdev
# - 
#   name: geom_model_gaussian1_sigma_error
#   datatype: float32
#   description: "Uncertainty of \\texttt{geomModelGaussian1Sigma}"
#   meta:
#     ucd: stat.error
# - 
#   name: geom_model_gaussian1_depth
#   datatype: float32
#   unit: mag
#   description: Magnitude depth of Gaussian 1 component
#   meta:
#     ucd: src.var.amplitude
# - 
#   name: geom_model_gaussian1_depth_error
#   datatype: float32
#   unit: mag
#   description: "Uncertainty of \\texttt{geomModelGaussian1Depth}"
#   meta:
#     ucd: stat.error;src.var.amplitude
# - 
#   name: geom_model_gaussian2_phase
#   datatype: float32
#   description: Phase of Gaussian 2 component
#   meta:
#     ucd: time.phase
# - 
#   name: geom_model_gaussian2_phase_error
#   datatype: float32
#   description: "Uncertainty of \\texttt{geomModelGaussian2Phase}"
#   meta:
#     ucd: stat.error;time.phase
# - 
#   name: geom_model_gaussian2_sigma
#   datatype: float32
[...]
#   datatype: float32
#   description: "Secondary eclipse: uncertainty of \\texttt{derivedSecondaryEclDuration}"
#   meta:
#     ucd: stat.error;time.duration
# - 
#   name: derived_secondary_ecl_depth
#   datatype: float32
#   unit: mag
#   description: "Secondary eclipse: depth"
#   meta:
#     ucd: src.var.amplitude
# - 
#   name: derived_secondary_ecl_depth_error
#   datatype: float32
#   unit: mag
#   description: "Secondary eclipse: uncertainty of \\texttt{derivedSecondaryEclDepth}"
#   meta:
#     ucd: stat.error;src.var.amplitude
solution_id,source_id,global_ranking,reference_time,frequency,frequency_error,geom_model_reference_level,geom_model_reference_level_error,geom_model_gaussian1_phase,geom_model_gaussian1_phase_error,geom_model_gaussian1_sigma,geom_model_gaussian1_sigma_error,geom_model_gaussian1_depth,geom_model_gaussian1_depth_error,geom_model_gaussian2_phase,geom_model_gaussian2_phase_error,geom_model_gaussian2_sigma,geom_model_gaussian2_sigma_error,geom_model_gaussian2_depth,geom_model_gaussian2_depth_error,geom_model_cosine_half_period_amplitude,geom_model_cosine_half_period_amplitude_error,geom_model_cosine_half_period_phase,geom_model_cosine_half_period_phase_error,model_type,num_model_parameters,reduced_chi2,derived_primary_ecl_phase,derived_primary_ecl_phase_error,derived_primary_ecl_duration,derived_primary_ecl_duration_error,derived_primary_ecl_depth,derived_primary_ecl_depth_error,derived_secondary_ecl_phase,derived_secondary_ecl_phase_error,derived_secondary_ecl_duration,derived_secondary_ecl_duration_error,derived_secondary_ecl_depth,derived_secondary_ecl_depth_error
[from data line 296]
375316653866487564,4276135483623747072,0.5688536,2339.126087067092,3.4180498331615174,9.860947E-6,17.366077,0.03318866,0.26039445,0.003392253,0.109841265,0.011787189,0.27968994,0.03090389,0.73220223,0.0049862727,0.11472043,0.012870112,0.3130634,0.030086499,null,null,null,null,"TWOGAUSSIANS",8,6.9828577,0.73220223,0.0049862727,0.4,0.0,0.27583614,0.016672056,0.26048446,0.0034124355,0.4,0.0,0.24250682,0.011855338
375316653866487564,4276137918862151424,0.44350454,2241.5667881860472,2.428704049333712,4.3099317E-5,18.535107,0.03351256,0.25658923,0.0211384,0.128017,0.053093996,0.09647126,0.029816203,0.7503895,0.011444654,0.089348696,0.024271082,0.11849327,0.031147908,null,null,null,null,"TWOGAUSSIANS",8,3.5558033,0.7503895,0.011464157,0.4,0.0,0.10497828,0.009038272,0.25658923,0.0211384,0.4,0.0,0.08286078,0.009846855
375316653866487564,4276138056301180160,0.4833758,2303.8167914555197,1.2974586645275388,4.5324163E-5,19.323343,0.007963299,0.26676503,0.008819409,0.027352134,0.011042463,0.36729273,0.13966826,0.8974555,0.019862827,0.030275349,0.010529278,0.0300865,0.015850985,null,null,null,null,"TWOGAUSSIANS",8,4.209556,0.26676503,0.008819409,0.15317196,0.06183779,0.36729273,0.13966826,0.8974555,0.019862827,0.16954195,0.058963954,0.0300865,0.015850985
375316653866487564,4276139916030116992,0.64456457,2294.3312227907068,1.649816617278062,8.970484E-6,16.75171,0.0016812648,0.26712528,0.0043245256,0.063732244,0.0026737666,0.44771498,0.005159806,0.76686823,0.002889191,0.08092665,0.0029826078,0.10364685,0.0031194447,null,null,null,null,"TWOGAUSSIANS",8,3.2210062,0.26712528,0.0043245256,0.35690057,0.014973093,0.44675392,0.0051535456,0.76686823,0.002889191,0.4,0.0,0.1026858,0.003088988
375316653866487564,4276140843743147904,0.5238647,2315.149392634009,0.4886938317104769,1.3833502E-5,16.723381,0.006131786,0.26378548,0.027347242,0.026771577,0.017017998,0.096777506,0.029312009,0.7741175,0.0032198527,0.030918777,0.007503728,0.14777517,0.01826634,0.04859965,0.008893619,0.7741175,0.0032198527,"TWOGAUSSIANS_WITH_ELLIPSOIDAL_ON_ECLIPSE2",9,24.28197,0.7741175,0.0032198527,0.17314515,0.042020876,0.24497443,0.01801642,0.26433545,0.02497694,0.14992084,0.09530079,0.19358963,0.020378472
375316653866487564,4276141187341015552,0.5393996,2340.850754371854,3.5922260191976916,1.7259372E-5,15.535564,0.028348904,0.21908852,0.0020198678,0.054447066,0.009742917,0.31792042,0.070984766,0.7136041,0.0053986036,0.055989437,0.007838142,0.37198925,0.06480894,0.10417074,0.03493114,0.21908852,0.0020198678,"TWOGAUSSIANS_WITH_ELLIPSOIDAL_ON_ECLIPSE1",9,66.74448,0.71427405,0.0046499297,0.31354085,0.043893594,0.5800938,0.019710599,0.21908852,0.0020198678,0.30490357,0.054560333,0.5262422,0.07242501
375316653866487564,4276144653381563904,0.5320564,2339.193780169143,2.942728171264154,1.979561E-5,19.407654,0.009827614,0.22450235,0.004065293,0.06991111,0.005383796,0.35885128,0.027763007,0.72086847,0.0039573186,0.0781112,0.0052536754,0.35980484,0.015515539,null,null,null,null,"TWOGAUSSIANS",8,2.0809963,0.72086847,0.0039573186,0.4,0.0,0.35760656,0.015393365,0.22450235,0.004065293,0.3915022,0.02968347,0.35665298,0.028012395
375316653866487564,4276147234654959872,0.5659527,2332.171895380892,2.483560080151531,1.2658314E-5,17.338385,0.0058427295,0.19501776,0.0061434903,0.08549946,0.009540575,0.087567545,0.0057131955,0.6964828,0.0040982496,0.07332233,0.0039409245,0.25850362,0.011402745,null,null,null,null,"TWOGAUSSIANS",8,4.319911,0.6964828,0.0040982496,0.4,0.0,0.25657466,0.011038442,0.19501776,0.0061434903,0.4,0.0,0.0856386,0.0046890653
375316653866487564,4276147406453657600,0.50612354,2292.6851608936286,1.2351983974322613,1.6251566E-5,15.820634,0.0023772204,0.288723,0.004008357,0.06283655,0.005154017,0.059007756,0.0026833506,0.7853678,0.010520852,0.061633084,0.0095097255,0.033409253,0.0109572,null,null,null,null,"TWOGAUSSIANS",8,7.641847,0.288723,0.004008357,0.35188466,0.028862495,0.058982793,0.0026590666,0.7853678,0.010520852,0.34514526,0.053254463,0.033384286,0.010964256
375316653866487564,4276148059289483776,0.48877186,2298.9859370427534,3.434614856638406,1.5702617E-5,19.526987,0.009349963,0.2105923,0.0044858116,0.083311476,0.0067337966,0.25967845,0.011858572,0.703796,0.004634091,0.05360777,0.01337968,0.20238769,0.028057944,null,null,null,null,"TWOGAUSSIANS",8,1.8980358,0.2105923,0.0044858116,0.4,0.0,0.25919136,0.011577175,0.703796,0.004634091,0.3002035,0.07492621,0.20190062,0.02866225
375316653866487564,4276150838123978880,0.5143186,2307.8605028743723,4.126749573586261,1.365267E-5,17.92536,0.002363638,0.3595856,0.0018050876,0.009525627,0.0014484053,0.6505095,0.8024018,0.22458085,5.367498E-4,0.015442005,0.0012111433,0.37337697,0.12499458,null,null,null,null,"TWOGAUSSIANS",8,3.733625,0.3595856,0.0018050876,0.053343512,0.00811107,0.6505095,0.8024018,0.22458085,5.367498E-4,0.08647523,0.0067824023,0.37337697,0.12499458
375316653866487564,4276151186024473088,0.46140978,2290.6139314928155,3.656479712556061,7.8659104E-5,18.330217,0.004149268,0.47967175,0.01964845,0.013325762,0.03759093,0.56728804,1.1514015,0.81739706,0.008137513,0.035085138,0.006038356,0.06968211,0.016054729,null,null,null,null,"TWOGAUSSIANS",8,2.5588615,0.47967175,0.01964845,0.07462427,0.2105092,0.56728804,1.1514015,0.81739706,0.008137513,0.19647679,0.033814795,0.06968211,0.016054729
375316653866487564,4276153518182010240,0.555898,2273.53045044528,3.7230730852742657,7.882805E-6,19.611687,0.007170053,0.19634889,0.0018360489,0.061405063,0.0017931068,0.57938474,0.020968992,0.7108728,0.006216056,0.077204,0.0059011993,0.580014,0.03774538,null,null,null,null,"TWOGAUSSIANS",8,1.1784644,0.7108728,0.006216056,0.4,0.0,0.57884157,0.03809219,0.19634889,0.0018360489,0.34386835,0.010041398,0.5782123,0.021003922
375316653866487564,4276153793061902208,0.5017723,2292.4040618971844,2.331803393732354,2.9462015E-5,19.35646,0.0103762,0.19421919,0.010741591,0.02789196,0.0077006244,0.44979468,0.10725108,0.69198143,0.020458682,0.030243807,0.031035237,0.22118153,0.10359767,null,null,null,null,"TWOGAUSSIANS",8,2.8748834,0.19421919,0.010741591,0.15619497,0.0431235,0.44979468,0.10725108,0.69198143,0.020458682,0.16936532,0.17379732,0.22118153,0.10359768
375316653866487564,4276153866073814272,0.50333464,2319.212391531796,3.316048822049396,8.5754335E-5,19.543137,0.010699562,0.19270612,0.008966113,0.056031603,0.0090010315,0.56903404,0.08850299,0.6806995,0.00501051,0.07562488,0.007667574,0.4042709,0.05662416,null,null,null,null,"TWOGAUSSIANS",8,3.9267516,0.19270612,0.008966113,0.313777,0.050405778,0.56855494,0.08883067,0.6806995,0.00501051,0.4,0.0056129876,0.4037918,0.05691823
375316653866487564,4276153934803603840,0.5044862,2336.3035743970245,1.8736579075553954,5.321202E-5,19.139416,0.13002479,0.30972704,0.012231978,0.08254851,0.028225513,0.3273102,0.15695186,0.795041,0.011143275,0.13282943,0.08210631,0.13655125,0.12759769,null,null,null,null,"TWOGAUSSIANS",8,1.6618658,0.30977705,0.01200117,0.4,0.054313608,0.30707595,0.14309607,0.795041,0.011143275,0.4,0.0,0.11606953,0.015901897
375316653866487564,4276154656358136064,0.4701069,2292.9133860005236,3.711794152582905,3.427763E-5,19.592503,0.021458877,0.21656248,0.010672208,0.08659234,0.01223584,0.3211074,0.02588685,0.69862103,0.007082346,0.072434604,0.013038464,0.18399966,0.03343552,null,null,null,null,"TWOGAUSSIANS",8,3.043974,0.21656248,0.010672208,0.4,0.0,0.31864336,0.025513692,0.69862103,0.007082346,0.4,0.049392913,0.18153569,0.032908253
375316653866487564,4276154759437361920,0.51201993,2292.8396733692457,3.3141293923384714,1.5657413E-5,19.313055,0.005220616,0.29683536,0.004973694,0.030741353,0.0044720834,0.42742187,0.090520814,0.8405684,0.009922018,0.033402324,0.009388841,0.21731374,0.26394284,null,null,null,null,"TWOGAUSSIANS",8,1.9520018,0.29683536,0.004973694,0.17215158,0.025043666,0.42742187,0.090520814,0.8405684,0.009922018,0.18705301,0.052577507,0.21731374,0.26394284
375316653866487564,4276156477414510720,0.56602,2296.4334049203067,3.9156429472906393,1.8519822E-5,19.398447,0.010195066,0.22468916,0.0026603017,0.067725904,0.0031969936,0.49624655,0.015740966,0.7343005,0.008639556,0.0719523,0.005834335,0.66138756,0.04860849,null,null,null,null,"TWOGAUSSIANS",8,2.3036726,0.7343005,0.008639556,0.4,0.014750556,0.65990824,0.04861137,0.22468916,0.0026603017,0.37926507,0.017903164,0.49476725,0.015606136
375316653866487564,4276157576935885056,0.47162032,2299.027308552891,1.584646705767776,2.633607E-5,15.693185,0.0018997102,null,null,null,null,null,null,null,null,null,null,null,null,0.030298945,0.0025639175,0.25210854,0.007587539,"ELLIPSOIDAL",4,20.60201,null,null,null,null,null,null,null,null,null,null,null,null
375316653866487564,4276158401569706496,0.54663146,2295.1826578297623,2.5315116776136755,1.9188601E-5,18.229856,0.13410085,0.2431834,0.012721456,0.053137694,0.034508273,0.6383482,0.19315954,0.7709323,0.012271556,0.056666672,0.037114725,0.19359076,0.24629079,0.07615432,0.120721996,0.2431834,0.012721456,"TWOGAUSSIANS_WITH_ELLIPSOIDAL_ON_ECLIPSE1",9,28.999832,0.2431834,0.012721456,0.2975711,0.15542442,0.7906454,0.09257621,0.7709323,0.012271556,0.31733337,0.18186854,0.3413047,0.026645526
375316653866487564,4276159531138329600,0.5373868,2277.623790125845,3.570771710577562,1.24851695E-5,19.737131,0.013725423,0.20897815,0.0020597624,0.060848977,0.0030620408,0.61923176,0.027764473,0.7066863,0.008429298,0.06214371,0.0085501075,0.6013721,0.12128345,null,null,null,null,"TWOGAUSSIANS",8,2.4042368,0.20897815,0.0020597624,0.34075427,0.01714743,0.6189402,0.027753543,0.7066863,0.008429298,0.34800476,0.047880605,0.60108054,0.12148142
375316653866487564,4276159741599749888,0.5473305,2303.9728369585678,2.8573440792123512,1.8633433E-5,17.762283,0.020458102,0.21251312,0.004075937,0.08516235,0.006602026,0.39474213,0.025095182,0.71825427,0.00722534,0.10031185,0.011416959,0.38149387,0.028274227,null,null,null,null,"TWOGAUSSIANS",8,14.2011,0.21251312,0.004075937,0.4,0.0,0.37599412,0.02221115,0.71825427,0.00722534,0.4,0.0,0.3627427,0.02948138
375316653866487564,4276159909091993216,0.539201,2302.5270462612093,1.2930916657625833,2.0669288E-5,18.301947,0.002310974,0.4017184,0.019323837,0.05193744,0.009609492,0.24021432,0.031731505,0.7896157,0.0062676277,0.013838947,0.011806455,0.062110282,3242.7932,null,null,null,null,"TWOGAUSSIANS",8,1.6694638,0.4017184,0.019323837,0.29084966,0.053813152,0.24021432,0.031731505,0.7896157,0.0062676277,0.0774981,0.06611615,0.062110282,3242.7932
375316653866487564,4276159909109905024,0.48173532,2314.196468086625,0.7960858105230122,1.7882674E-5,15.863019,0.0014938527,0.42852685,0.002943328,0.04669155,0.009067037,0.24428414,0.112716176,0.19051981,0.05431263,0.09851938,0.032025784,0.005400774,0.0018749564,null,null,null,null,"TWOGAUSSIANS",8,10.664811,0.42846686,0.0029156187,0.26147267,0.05077541,0.24457616,0.11300251,0.19062981,0.05504621,0.4,0.0,0.0054012933,0.001873143
375316653866487564,4276161803184393216,0.4973352,2303.4421939004105,3.3313175016354455,4.258252E-5,19.273096,0.012959031,0.2308611,0.0073381444,0.07585138,0.010004898,0.29412213,0.020514729,0.73669606,0.0069015226,0.085694924,0.007666517,0.26395854,0.026569882,null,null,null,null,"TWOGAUSSIANS",8,3.6441045,0.2308611,0.0073381444,0.4,0.0,0.29000595,0.020131547,0.73669606,0.0069015226,0.4,0.0,0.25984234,0.026382444
375316653866487564,4276162142486468096,0.6304452,2280.370727693923,2.9495531310095946,2.8488544E-6,17.75432,0.010082363,0.23406899,0.0013175516,0.041359346,0.002774504,0.41724488,0.020240977,0.73023194,0.001412171,0.05348025,0.0023531744,0.5179171,0.02393621,0.12121362,0.014022245,0.23406899,0.0013175516,"TWOGAUSSIANS_WITH_ELLIPSOIDAL_ON_ECLIPSE1",9,7.9172153,0.73060197,0.0012624152,0.29948938,0.013177777,0.76021016,0.015800638,0.23406899,0.0013175516,0.23161232,0.015537222,0.65966535,0.015216478
375316653866487564,4276164105286657536,0.64979625,2305.4895416654676,1.516571769928667,4.2985343E-6,15.850354,9.277501E-4,0.1923491,0.0074720713,0.012388582,0.007679693,0.008925904,0.038415425,0.7385645,8.047605E-4,0.061118174,0.0013246372,0.26214272,0.00395151,0.07673134,9.677548E-4,0.7385645,8.047605E-4,"TWOGAUSSIANS_WITH_ELLIPSOIDAL_ON_ECLIPSE2",9,7.333803,0.7385645,8.047605E-4,0.3422618,0.0074179685,0.41554502,0.003991313,0.2025091,0.06167216,0.06937606,0.04300628,0.15203696,0.03448399
375316653866487564,4276165342237305728,0.5967252,2257.410874798578,3.352536463126971,7.756569E-6,18.388697,0.07621607,0.15590742,0.0047865734,0.04573633,0.024276724,0.35599548,0.12375733,0.64777714,0.0019757736,0.05742399,0.017487222,0.28049436,0.14055037,0.11802508,0.08166636,0.15590742,0.0047865734,"TWOGAUSSIANS_WITH_ELLIPSOIDAL_ON_ECLIPSE1",9,5.5433655,0.15590742,0.0047865734,0.25612345,0.13594966,0.59203404,0.047989804,0.64923716,0.0012168,0.32157436,0.08373668,0.5160279,0.026654935
375316653866487564,4276165514036011776,0.58380413,2299.8469842099494,0.859924412676923,7.0842784E-6,17.879063,0.002685989,0.21604618,0.0037396238,0.02471403,0.004379143,0.3004532,0.038167156,0.7225136,0.008689727,0.021617308,0.0043989145,0.63761544,0.113907084,null,null,null,null,"TWOGAUSSIANS",8,6.290109,0.7225136,0.008689727,0.12105692,0.024633922,0.63761544,0.113907084,0.21604618,0.0037396238,0.13839857,0.024523202,0.3004532,0.038167156
375316653866487564,4276166682267288064,0.5557162,2308.0053257096934,2.985039776024707,1.2163524E-5,18.03917,0.10575586,0.2221918,0.0035689045,0.11682866,0.024793863,0.33277822,0.09744924,0.71737343,0.0049901805,0.12507053,0.026262581,0.3153801,0.10359429,null,null,null,null,"TWOGAUSSIANS",8,3.9024725,0.22223179,0.0035240727,0.4,0.0,0.25972322,0.011838386,0.71737343,0.0049901805,0.4,0.0,0.24218033,0.009779054
375316653866487564,4276167438181536000,0.6896132,2311.7392887699343,1.9738121462235358,5.5411806E-6,15.075063,0.0039393413,0.28833342,0.0012536789,0.055682756,0.0013491828,0.42328596,0.014715549,0.7829973,0.0012928961,0.04087924,0.007958137,0.071806,0.011520198,0.07582636,0.0045048827,0.7829973,0.0012928961,"TWOGAUSSIANS_WITH_ELLIPSOIDAL_ON_ECLIPSE2",9,9.706466,0.28790343,0.0011440185,0.31182343,0.007555424,0.57477045,0.01253124,0.7829973,0.0012928961,0.22892372,0.04456557,0.22344719,0.015790394
375316653866487564,4276167708756377216,0.62379384,2304.5652821611698,3.5584220362773222,5.2010605E-6,18.793417,0.013549253,0.2796691,0.0018938289,0.041680526,0.003110168,0.5009243,0.039506547,0.77438736,0.00873571,0.040481474,0.007341293,0.34261224,0.051527306,0.16443732,0.021602457,0.2796691,0.0018938289,"TWOGAUSSIANS_WITH_ELLIPSOIDAL_ON_ECLIPSE1",9,4.3576927,0.2796691,0.0018938289,0.23341095,0.017416941,0.8297987,0.026527682,0.7749674,0.008036143,0.22669625,0.041111242,0.6711645,0.04049025
375316653866487564,4276168086706760448,0.52877,2216.9017297597106,1.165727701941865,6.020541E-6,19.322332,0.018286057,0.25514695,0.030282335,0.057302486,0.021204198,0.26123503,0.06448513,0.7407091,0.0016008661,0.046266936,0.0035001962,0.44234884,0.032445844,null,null,null,null,"TWOGAUSSIANS",8,3.5564253,0.7407091,0.0016008661,0.25909483,0.0196011,0.44234598,0.032427456,0.25514695,0.030282335,0.32089394,0.10288017,0.26123217,0.06443353
375316653866487564,4276170457528749568,0.56017065,2208.9134807740616,2.1208709749563863,1.0213072E-5,18.375195,0.010793828,0.26134604,0.01139318,0.08730115,0.012710109,0.2537657,0.030974079,0.76242095,0.0036564823,0.08668293,0.005333375,0.31126183,0.010814366,null,null,null,null,"TWOGAUSSIANS",8,3.4326434,0.76242095,0.0036564823,0.4,0.0,0.30238554,0.008631244,0.26134604,0.01139318,0.4,0.0,0.24488941,0.03344132
375316653866487564,4276170629327461760,0.57985085,2198.60662946904,2.5783359666545658,7.0421015E-6,19.085083,0.015296367,0.2311205,0.0014733025,0.06330273,0.0025075378,0.5588596,0.015564688,0.73564094,0.007190177,0.06747209,0.005430439,0.53250563,0.019840248,null,null,null,null,"TWOGAUSSIANS",8,3.4373,0.2311205,0.0014733025,0.35449532,0.014042213,0.55822086,0.015329489,0.73564094,0.007190177,0.3778437,0.03041046,0.5318669,0.019721864
