Gaia/vari_eclipsing_binary/VariEclipsingBinary_020092-020493.csv
# %ECSV 1.0
# ---
# delimiter: ','
# meta: !!omap
# - RELEASE: Gaia DR3
# - TABLE: vari_eclipsing_binary
# - DESCRIPTION: >
#     This table describes the properties of the eclipsing binaries resulting from the variability analysis. 
# - CITATION: >
#     How to cite and acknowledge Gaia: 
#     https://gea.esac.esa.int/archive/documentation/credits.html 
# - KNOWN_ISSUES: >
#     Known issues: 
#     https://www.cosmos.esa.int/web/gaia-users/known-issues 
# - DOCUMENTATION: >
#     Tutorials and documentation: 
#     https://www.cosmos.esa.int/web/gaia-users/archive 
# datatype:
# - 
#   name: solution_id
#   datatype: int64
#   description: Solution Identifier
#   meta:
#     ucd: meta.version
# - 
#   name: source_id
#   datatype: int64
#   description: Unique source identifier
#   meta:
#     ucd: meta.id;meta.main
# - 
#   name: global_ranking
#   datatype: float32
#   description: Number between 0 (worst) and 1 (best)
#   meta:
#     ucd: stat.param
# - 
#   name: reference_time
#   datatype: float64
#   unit: d
#   description: Reference time used for the geometric model fit
#   meta:
#     ucd: time.epoch
# - 
#   name: frequency
#   datatype: float64
#   unit: d**-1
#   description: Frequency of geometric model of the eclipsing binary light curve
#   meta:
#     ucd: src.orbital
# - 
#   name: frequency_error
#   datatype: float32
#   unit: d**-1
#   description: "Uncertainty of \\texttt{frequency}"
#   meta:
#     ucd: stat.error
# - 
#   name: geom_model_reference_level
#   datatype: float32
#   unit: mag
#   description: Magnitude reference level of geometric model
#   meta:
#     ucd: phot.mag;em.opt
# - 
#   name: geom_model_reference_level_error
#   datatype: float32
#   unit: mag
#   description: "Uncertainty of \\texttt{geomModelReferenceLevel}"
#   meta:
#     ucd: stat.error;phot.mag;em.opt
# - 
#   name: geom_model_gaussian1_phase
#   datatype: float32
#   description: Phase of the Gaussian 1 component
#   meta:
#     ucd: time.phase
# - 
#   name: geom_model_gaussian1_phase_error
#   datatype: float32
#   description: "Uncertainty of \\texttt{geomModelGaussian1Phase}"
#   meta:
#     ucd: stat.error;time.phase
# - 
#   name: geom_model_gaussian1_sigma
#   datatype: float32
#   description: "Standard deviation [phase] of Gaussian 1 component"
#   meta:
#     ucd: stat.stdev
# - 
#   name: geom_model_gaussian1_sigma_error
#   datatype: float32
#   description: "Uncertainty of \\texttt{geomModelGaussian1Sigma}"
#   meta:
#     ucd: stat.error
# - 
#   name: geom_model_gaussian1_depth
#   datatype: float32
#   unit: mag
#   description: Magnitude depth of Gaussian 1 component
#   meta:
#     ucd: src.var.amplitude
# - 
#   name: geom_model_gaussian1_depth_error
#   datatype: float32
#   unit: mag
#   description: "Uncertainty of \\texttt{geomModelGaussian1Depth}"
#   meta:
#     ucd: stat.error;src.var.amplitude
# - 
#   name: geom_model_gaussian2_phase
#   datatype: float32
#   description: Phase of Gaussian 2 component
#   meta:
#     ucd: time.phase
# - 
#   name: geom_model_gaussian2_phase_error
#   datatype: float32
#   description: "Uncertainty of \\texttt{geomModelGaussian2Phase}"
#   meta:
#     ucd: stat.error;time.phase
# - 
#   name: geom_model_gaussian2_sigma
#   datatype: float32
[...]
#   datatype: float32
#   description: "Secondary eclipse: uncertainty of \\texttt{derivedSecondaryEclDuration}"
#   meta:
#     ucd: stat.error;time.duration
# - 
#   name: derived_secondary_ecl_depth
#   datatype: float32
#   unit: mag
#   description: "Secondary eclipse: depth"
#   meta:
#     ucd: src.var.amplitude
# - 
#   name: derived_secondary_ecl_depth_error
#   datatype: float32
#   unit: mag
#   description: "Secondary eclipse: uncertainty of \\texttt{derivedSecondaryEclDepth}"
#   meta:
#     ucd: stat.error;src.var.amplitude
solution_id,source_id,global_ranking,reference_time,frequency,frequency_error,geom_model_reference_level,geom_model_reference_level_error,geom_model_gaussian1_phase,geom_model_gaussian1_phase_error,geom_model_gaussian1_sigma,geom_model_gaussian1_sigma_error,geom_model_gaussian1_depth,geom_model_gaussian1_depth_error,geom_model_gaussian2_phase,geom_model_gaussian2_phase_error,geom_model_gaussian2_sigma,geom_model_gaussian2_sigma_error,geom_model_gaussian2_depth,geom_model_gaussian2_depth_error,geom_model_cosine_half_period_amplitude,geom_model_cosine_half_period_amplitude_error,geom_model_cosine_half_period_phase,geom_model_cosine_half_period_phase_error,model_type,num_model_parameters,reduced_chi2,derived_primary_ecl_phase,derived_primary_ecl_phase_error,derived_primary_ecl_duration,derived_primary_ecl_duration_error,derived_primary_ecl_depth,derived_primary_ecl_depth_error,derived_secondary_ecl_phase,derived_secondary_ecl_phase_error,derived_secondary_ecl_duration,derived_secondary_ecl_duration_error,derived_secondary_ecl_depth,derived_secondary_ecl_depth_error
[from data line 552]
375316653866487564,179450541151763328,0.5530841,2254.843787907404,3.6221601474017673,1.3350947E-5,18.408087,0.007433747,0.30284834,0.0044039954,0.07706517,0.004951794,0.40439457,0.032049377,0.8005695,0.0025899366,0.07821218,0.0038533565,0.47370502,0.0149916615,null,null,null,null,"TWOGAUSSIANS",8,2.7118082,0.8005695,0.0025899366,0.4,0.0,0.4690248,0.015379199,0.30284834,0.0044039954,0.4,0.0,0.39971435,0.03321663
375316653866487564,179452083043646848,0.51425576,2214.0675782848257,3.6537818263425756,2.3393213E-5,18.798634,0.028961357,0.26622632,0.0061938274,0.09334442,0.013746621,0.28047636,0.026120353,0.75981,0.014611085,0.098270155,0.019810362,0.21677615,0.03049841,null,null,null,null,"TWOGAUSSIANS",8,3.5546892,0.26622632,0.006192853,0.4,0.0,0.26555663,0.01390513,0.75981,0.014611085,0.4,0.0,0.20185569,0.025007186
375316653866487564,179453560512276096,0.52611405,2230.6060129833086,1.027484357890792,3.8232167E-5,18.43504,0.010286932,0.25994125,0.005374044,0.048488677,0.004511829,0.32399434,0.020719463,0.739824,0.03061476,0.037459314,0.03101086,2.0698335,3.2909372,null,null,null,null,"TWOGAUSSIANS",8,7.2862024,0.739824,0.03061476,0.20977215,0.17366083,2.0698335,3.2909632,0.25994125,0.005374044,0.2715366,0.025266241,0.3239943,0.02070808
375316653866487564,179459264228812544,0.4873542,2182.610049555964,1.0565639440344445,1.9645617E-5,16.759527,0.0025811517,0.35244364,0.0032918833,0.06035141,0.004601083,0.0658221,0.005137396,0.8795621,0.02302102,0.08472255,0.025416015,0.026858184,0.004051021,null,null,null,null,"TWOGAUSSIANS",8,2.708153,0.35244364,0.0032918833,0.3379679,0.025766065,0.06571915,0.0051310537,0.8795621,0.02302102,0.4,0.043675117,0.02675523,0.0040145144
375316653866487564,179468305137259520,0.56713825,2175.6333468083176,3.214592865808843,1.027857E-5,17.612785,0.0030308221,0.81981874,0.0021825416,0.04272377,0.0052037113,0.09823326,0.010856997,null,null,null,null,null,null,0.08846839,0.005100473,0.81981874,0.0021825416,"ONEGAUSSIAN_WITH_ELLIPSOIDAL",6,4.479658,0.81981874,0.0021825416,0.2392531,0.029140783,0.27516958,0.010739726,null,null,null,null,null,null
375316653866487564,179470706022268544,0.5252048,2223.6358698370645,1.5299084712041833,3.0314486E-5,17.456362,0.04027615,0.24183801,0.0049906354,0.11754042,0.021691244,0.21856947,0.03297795,0.7288769,0.013982741,0.105619185,0.02006723,0.24406923,0.041941516,null,null,null,null,"TWOGAUSSIANS",8,7.5140023,0.7288769,0.013982741,0.4,0.0,0.21141097,0.029217642,0.241848,0.004964136,0.4,0.0,0.1858621,0.014638942
375316653866487564,179480670346308352,0.5637585,2272.3020131811368,2.8929462185048513,1.2365328E-5,18.164015,0.016105125,0.2617543,0.0047843987,0.10537352,0.008749864,0.29063517,0.015930502,0.77485716,0.0019948117,0.08919293,0.0054647676,0.32732427,0.016134147,null,null,null,null,"TWOGAUSSIANS",8,2.6867378,0.77485716,0.001999406,0.4,0.0,0.30846912,0.011777696,0.2617543,0.0047843987,0.4,0.0,0.27177134,0.010740886
375316653866487564,179484415557867520,0.5849332,2203.614901064829,3.208891722780969,1.533505E-5,17.079418,0.012072335,0.15906751,0.0048733093,0.087011844,0.010630301,0.33991793,0.04464376,0.6555337,0.0025041292,0.078625984,0.0040078596,0.39083043,0.011891578,null,null,null,null,"TWOGAUSSIANS",8,8.810716,0.6555337,0.0025041292,0.4,0.0,0.38369343,0.00944467,0.15906751,0.0048733093,0.4,0.0,0.33278087,0.04841436
375316653866487564,179484449917620352,0.6155011,2221.9679440680925,2.689851769674502,1.2915244E-5,17.330553,0.009758534,0.2958178,0.003364235,0.087638356,0.0065499493,0.40265122,0.02874174,0.7931098,0.0038699415,0.084797986,0.0045175576,0.42806986,0.019695895,null,null,null,null,"TWOGAUSSIANS",8,5.1895914,0.7931098,0.0038699415,0.4,0.0,0.41622987,0.0190423,0.2958178,0.003364235,0.4,0.0,0.3908112,0.031719934
375316653866487564,179487752749243520,0.566187,2182.1038683837837,3.953660833321604,7.433768E-6,19.080023,0.02554542,0.32930657,0.02179057,0.07089949,0.01501659,0.6811088,0.24199817,0.80486125,0.029243166,0.06518545,0.015403378,0.45650092,0.12563178,null,null,null,null,"TWOGAUSSIANS",8,2.3798134,0.32930657,0.02179057,0.39703712,0.049178828,0.6804401,0.24232055,0.80486125,0.029243166,0.36503854,0.05469782,0.45583224,0.12510149
375316653866487564,179490600311268992,0.651307,2217.526904651204,2.648735493899386,6.2703125E-6,18.187065,0.004252764,0.18270622,0.0011050304,0.06936048,0.0014555049,0.5522434,0.017711226,0.6809098,0.008811827,0.07399157,0.0071843667,0.5459013,0.02533805,null,null,null,null,"TWOGAUSSIANS",8,1.6803846,0.18270622,0.0011050304,0.38841867,0.008150828,0.5498468,0.017958056,0.6809098,0.008811827,0.4,0.024086576,0.5435047,0.025047405
375316653866487564,179490982564649984,0.7206988,2181.6336287872,1.564162866167433,4.6746404E-6,16.365696,0.0011953785,0.4910535,5.2375696E-4,0.04111512,4.4643358E-4,0.4177555,0.00413444,0.8726013,0.006157062,0.014079428,0.0069948453,0.01238071,0.001713679,null,null,null,null,"TWOGAUSSIANS",8,2.161388,0.4910535,5.2375696E-4,0.23024467,0.0025000281,0.4177555,0.00413444,0.8726013,0.006157062,0.0788448,0.039171133,0.01238071,0.001713679
375316653866487564,179493628264556032,0.6113989,2242.4377049219597,3.0126436575270197,1.7067703E-5,17.297943,0.009586306,0.26934168,0.0037297125,0.08195414,0.0057611726,0.36258966,0.017588003,0.77718276,0.0042001717,0.07771649,0.003613152,0.31879795,0.01010654,null,null,null,null,"TWOGAUSSIANS",8,5.082509,0.26934168,0.0037297125,0.4,0.0,0.3582598,0.018583478,0.77718276,0.0042001717,0.4,0.0,0.31446806,0.008178839
375316653866487564,179506238288246016,0.4774759,2277.3385902183004,1.8839738770579946,6.546626E-5,15.812875,0.0029132022,0.38674107,0.008424867,0.069502994,0.0077407276,0.1711819,0.006932058,null,null,null,null,null,null,null,null,null,null,"ONEGAUSSIAN",5,56.393227,0.38674107,0.008424867,0.38921678,0.028559493,0.1711819,0.0,null,null,null,null,null,null
375316653866487564,179507337799901056,0.6014275,2189.121301722102,3.3971543508889397,1.7445895E-5,16.933237,0.004537904,0.25455162,0.0028926008,0.03967301,0.005873417,0.10304553,0.013250125,null,null,null,null,null,null,0.08894961,0.0060330355,0.25455162,0.0028926008,"ONEGAUSSIAN_WITH_ELLIPSOIDAL",6,8.263084,0.25455162,0.0028926008,0.22216886,0.032891136,0.28094473,0.010893065,null,null,null,null,null,null
375316653866487564,179508914052562304,0.5903531,2191.9163546811537,3.181361293659544,2.7367556E-5,17.079103,0.0036318037,0.2586703,0.008308489,0.08584934,0.005848697,0.16561456,0.008580073,0.7533645,0.004804553,0.080930375,0.004544266,0.16504177,0.0037413826,null,null,null,null,"TWOGAUSSIANS",8,2.3061166,0.2586703,0.008308489,0.4,0.0,0.16225782,0.008318771,0.7533645,0.004804553,0.4,0.0,0.16168505,0.002938328
375316653866487564,179512143866463744,0.537255,2206.69386040531,3.0267220925378155,2.2684439E-5,17.516691,0.02330413,0.19143346,0.010154486,0.093461506,0.022269309,0.17294934,0.019203942,0.69464666,0.0034789904,0.09810555,0.011700398,0.22473896,0.021454899,null,null,null,null,"TWOGAUSSIANS",8,5.5727973,0.69464666,0.0034789904,0.4,0.0,0.21219914,0.013853229,0.19143346,0.010163255,0.4,0.0,0.16041034,0.018115783
375316653866487564,179513999292423936,0.5423404,2213.26479034563,3.053658774828179,2.382584E-5,19.234718,0.074072406,0.25420263,0.0058536376,0.12550008,0.029629339,0.16743971,0.0728737,0.7550722,0.007201267,0.11041806,0.034919523,0.18003508,0.069220915,null,null,null,null,"TWOGAUSSIANS",8,0.68872887,0.7550822,0.0074421633,0.4,0.0,0.14390092,0.0061958074,0.25420263,0.005780026,0.4,0.0,0.1311985,0.005342169
375316653866487564,179540559371287424,0.514799,2188.003299061143,2.661604880091687,2.170688E-5,16.774183,0.013704549,0.16171597,0.0035023836,0.08776481,0.0113102365,0.14855435,0.012757976,0.67110765,0.005624718,0.10669108,0.013542401,0.13402629,0.01272111,null,null,null,null,"TWOGAUSSIANS",8,8.070782,0.16171597,0.0035052756,0.4,0.0,0.13953446,0.011929642,0.67110765,0.005624718,0.4,0.0,0.12500148,0.009613681
375316653866487564,179541834977144576,0.6595469,2123.5999116855855,1.380843577072331,1.9942454E-6,17.311405,0.0058129393,0.25401115,0.0031002515,0.041562818,0.003642646,0.8562428,0.110736094,0.75377226,0.0019524604,0.042842515,0.0042070714,0.13030313,0.013740964,0.033737823,0.008230205,0.25401115,0.0031002515,"TWOGAUSSIANS_WITH_ELLIPSOIDAL_ON_ECLIPSE1",9,2.4760597,0.25401115,0.0031002515,0.23275177,0.020398816,0.9237184,0.11661447,0.7537922,0.0018164525,0.23991808,0.0235596,0.19777861,0.006623504
375316653866487564,179549218025310720,0.5208454,2219.5986975361284,2.2600505309744663,8.482749E-5,18.175043,0.007849129,0.1573594,0.0033988552,0.023330156,0.0039122608,0.3961756,0.08516921,0.49873462,0.03379279,0.11290301,0.022969285,0.057676326,0.010865077,null,null,null,null,"TWOGAUSSIANS",8,10.197155,0.15737942,0.0033999654,0.13064887,0.02190866,0.39676616,0.08497098,0.49873462,0.03379279,0.4,0.0,0.057669967,0.010844195
375316653866487564,179550454975825408,0.4629727,2234.3429892982726,2.2637003144163024,6.2616804E-5,18.812077,0.0067498055,0.20193052,0.0056804544,0.037583098,0.006980033,0.17596246,0.03851719,0.766111,0.03609391,0.082746066,0.029374877,0.10013033,0.019081453,null,null,null,null,"TWOGAUSSIANS",8,2.7903965,0.20193052,0.0056804544,0.21046536,0.039088186,0.17595886,0.038532905,0.766111,0.03609391,0.4,0.0018949361,0.10012662,0.01920837
375316653866487564,179558976191644160,0.5503331,2300.5229228070075,3.6440049790666342,1.495986E-5,19.568962,0.018464228,0.3105478,0.0033069362,0.07201532,0.005499887,0.34469423,0.021211246,0.8060929,0.006736927,0.07412896,0.008448708,0.41002113,0.025025979,null,null,null,null,"TWOGAUSSIANS",8,1.5810195,0.8060929,0.006736927,0.4,0.017641371,0.408074,0.024686193,0.3105478,0.0033069362,0.4,0.010871319,0.3427471,0.020352965
375316653866487564,179562961921358976,0.64779395,2296.675990374169,3.40425575769307,4.332707E-6,18.996563,0.01074915,0.23309962,0.0015237242,0.043975666,0.0022113922,0.45133457,0.025618218,0.7368526,0.0036776755,0.046070516,0.0030617928,0.532551,0.057136167,0.1253147,0.017878428,0.23309962,0.0015237242,"TWOGAUSSIANS_WITH_ELLIPSOIDAL_ON_ECLIPSE1",9,1.4893576,0.7368526,0.0036776755,0.2579949,0.01714604,0.7830406,0.053544555,0.23309962,0.0015237242,0.24626374,0.012383796,0.7019635,0.012100928
375316653866487564,179563069295487872,0.6290552,2264.1946047517463,1.7971750960062978,4.6613673E-6,14.018271,0.02506156,0.26099586,0.0022159612,0.12341764,0.0124599505,0.25949478,0.021251597,0.74235326,0.0019378786,0.1071371,0.0071713035,0.3341034,0.022175346,null,null,null,null,"TWOGAUSSIANS",8,51.8038,0.74235326,0.0019378786,0.4,0.0,0.288121,0.006063878,0.26102588,0.0022151982,0.4,0.0,0.21336189,0.007105191
375316653866487564,179569662070240512,0.4900166,2136.9923246303956,0.9346237351829164,5.191786E-5,19.378323,0.011337633,0.107925534,3.6505805E-4,0.01981725,9.771216E-4,2.2313402,0.41009507,0.61765623,0.011470689,0.06538639,0.014415974,0.10173829,0.011309138,null,null,null,null,"TWOGAUSSIANS",8,2.9048767,0.107925534,3.6505805E-4,0.1109766,0.0054718815,2.2313402,0.4100951,0.61765623,0.011470689,0.3661638,0.07117091,0.10173829,0.011309088
375316653866487564,179570795941674112,0.495781,2197.3252904757737,2.6923990066472863,9.842898E-6,18.983614,0.004284801,0.61889714,0.011665086,0.058345657,0.031135954,0.056189865,0.08241554,0.38207373,0.0013901315,0.03130984,0.0017367384,0.16207215,0.012954611,null,null,null,null,"TWOGAUSSIANS",8,0.8206843,0.3820837,0.0013847749,0.17533511,0.009725735,0.16208701,0.0129628945,0.61889714,0.011665086,0.32673568,0.17436135,0.056189865,0.08241554
375316653866487564,179573549015607296,0.5707117,2164.7087179855703,1.2891221775912505,1.145341E-5,17.718117,0.029936058,0.16416198,0.0049355174,0.106592186,0.017444257,0.1443487,0.028590769,0.6761744,0.0017659158,0.104902185,0.015303055,0.15898757,0.027014505,null,null,null,null,"TWOGAUSSIANS",8,0.7932679,0.6761844,0.0017857732,0.4,0.0,0.14283375,0.006045173,0.16415198,0.0049403226,0.4,0.0,0.12819365,0.009223649
375316653866487564,179576572672564352,0.65623176,2232.8489978336547,2.0622319781073846,3.6410306E-6,16.584782,0.004139975,0.25298497,0.001938533,0.06797487,0.0030315723,0.5766706,0.033637512,0.75517076,0.0020157355,0.08776376,0.003456109,0.22672482,0.004840413,null,null,null,null,"TWOGAUSSIANS",8,4.425823,0.25298497,0.001938533,0.38065928,0.016976805,0.5730041,0.034531508,0.75517076,0.0020157355,0.4,0.0,0.2230583,0.004632024
375316653866487564,179576950629704704,0.57407004,2164.584512239087,1.2700647590778402,6.711743E-5,15.684478,0.0018683586,0.74012756,0.0021285831,0.03216316,0.0056052683,0.24865352,0.008719207,null,null,null,null,null,null,null,null,null,null,"ONEGAUSSIAN",5,20.582167,0.74012756,0.0021285831,0.1801137,0.031389505,0.24865352,0.0,null,null,null,null,null,null
375316653866487564,179579007919277568,0.45826507,2243.4330867645162,3.432926672627503,3.2078417E-5,19.05476,0.048899658,0.2702524,0.008047504,0.0932683,0.014507083,0.3648126,0.045927342,0.79464734,0.008057651,0.11068644,0.031598642,0.279524,0.04650221,null,null,null,null,"TWOGAUSSIANS",8,3.4011028,0.2702324,0.008004366,0.4,0.0,0.341859,0.018849444,0.79464734,0.008059163,0.4,0.0,0.25654018,0.053457104
375316653866487564,179581138220626944,0.56597203,2226.7128387036255,2.225669194626556,6.766134E-5,19.18576,0.0065261475,0.35781732,0.0410147,0.037343286,0.047356088,0.047730044,0.89744556,0.21310487,0.011689356,0.020351455,0.01366865,1.3686185,0.9959881,0.0110333385,0.011224822,0.35781732,0.0410147,"TWOGAUSSIANS_WITH_ELLIPSOIDAL_ON_ECLIPSE1",9,2.2275372,0.21314487,0.011814764,0.11396814,0.07654444,1.3769757,0.9950005,0.35781732,0.04103999,0.2091224,0.2651941,0.06979668,0.9003099
375316653866487564,179581726634069760,0.5113056,2251.330436589531,3.6532524059926432,1.6151369E-5,19.671019,0.012232904,0.20523556,0.0045387596,0.0769109,0.0062480387,0.28721124,0.012818225,0.68009484,0.008083354,0.07672333,0.011695164,0.25068918,0.023771152,null,null,null,null,"TWOGAUSSIANS",8,0.7270944,0.20523556,0.0045387596,0.4,0.0,0.28565308,0.011629068,0.68009484,0.008083354,0.4,2.5397856E-4,0.24913104,0.024222527
375316653866487564,179583444620982144,0.4998322,2257.1304981930225,1.9766902866851042,2.2576303E-5,18.268427,0.0063695605,0.15628792,0.0062936107,0.07954974,0.007912971,0.11566377,0.007321359,0.6624508,0.0016565808,0.06648406,0.0023122588,0.29602313,0.009192543,null,null,null,null,"TWOGAUSSIANS",8,3.9741118,0.6624508,0.0016565808,0.3723107,0.012948649,0.2951651,0.008925892,0.15628792,0.0062936107,0.4,0.0,0.11480573,0.00709271
375316653866487564,179584505475062400,0.52505594,2195.9987158700496,2.974497741437071,4.5302004E-5,19.199402,0.010224597,0.26437506,0.005812774,0.07292888,0.0061820257,0.28003716,0.024822002,0.759892,0.010460078,0.08403561,0.011764848,0.24177906,0.026237601,null,null,null,null,"TWOGAUSSIANS",8,2.0179641,0.26437506,0.005812774,0.4,0.009179288,0.27708974,0.024966404,0.759892,0.010460078,0.4,0.0,0.23883162,0.0267801
375316653866487564,179590106112441600,0.52489454,2301.0527121039167,3.1707062969557285,1.8336854E-5,18.211395,0.021920335,0.30482468,0.0025974598,0.10191864,0.010982183,0.23044202,0.019403502,0.81537414,0.004687556,0.098781265,0.010688399,0.2406959,0.020375585,null,null,null,null,"TWOGAUSSIANS",8,3.3010113,0.81537414,0.0046943603,0.4,0.0,0.22218062,0.0094743045,0.30482468,0.0025967036,0.4,0.0,0.21192516,0.01289322
