Gaia/vari_eclipsing_binary/VariEclipsingBinary_274603-277912.csv
# %ECSV 1.0
# ---
# delimiter: ','
# meta: !!omap
# - RELEASE: Gaia DR3
# - TABLE: vari_eclipsing_binary
# - DESCRIPTION: >
#     This table describes the properties of the eclipsing binaries resulting from the variability analysis. 
# - CITATION: >
#     How to cite and acknowledge Gaia: 
#     https://gea.esac.esa.int/archive/documentation/credits.html 
# - KNOWN_ISSUES: >
#     Known issues: 
#     https://www.cosmos.esa.int/web/gaia-users/known-issues 
# - DOCUMENTATION: >
#     Tutorials and documentation: 
#     https://www.cosmos.esa.int/web/gaia-users/archive 
# datatype:
# - 
#   name: solution_id
#   datatype: int64
#   description: Solution Identifier
#   meta:
#     ucd: meta.version
# - 
#   name: source_id
#   datatype: int64
#   description: Unique source identifier
#   meta:
#     ucd: meta.id;meta.main
# - 
#   name: global_ranking
#   datatype: float32
#   description: Number between 0 (worst) and 1 (best)
#   meta:
#     ucd: stat.param
# - 
#   name: reference_time
#   datatype: float64
#   unit: d
#   description: Reference time used for the geometric model fit
#   meta:
#     ucd: time.epoch
# - 
#   name: frequency
#   datatype: float64
#   unit: d**-1
#   description: Frequency of geometric model of the eclipsing binary light curve
#   meta:
#     ucd: src.orbital
# - 
#   name: frequency_error
#   datatype: float32
#   unit: d**-1
#   description: "Uncertainty of \\texttt{frequency}"
#   meta:
#     ucd: stat.error
# - 
#   name: geom_model_reference_level
#   datatype: float32
#   unit: mag
#   description: Magnitude reference level of geometric model
#   meta:
#     ucd: phot.mag;em.opt
# - 
#   name: geom_model_reference_level_error
#   datatype: float32
#   unit: mag
#   description: "Uncertainty of \\texttt{geomModelReferenceLevel}"
#   meta:
#     ucd: stat.error;phot.mag;em.opt
# - 
#   name: geom_model_gaussian1_phase
#   datatype: float32
#   description: Phase of the Gaussian 1 component
#   meta:
#     ucd: time.phase
# - 
#   name: geom_model_gaussian1_phase_error
#   datatype: float32
#   description: "Uncertainty of \\texttt{geomModelGaussian1Phase}"
#   meta:
#     ucd: stat.error;time.phase
# - 
#   name: geom_model_gaussian1_sigma
#   datatype: float32
#   description: "Standard deviation [phase] of Gaussian 1 component"
#   meta:
#     ucd: stat.stdev
# - 
#   name: geom_model_gaussian1_sigma_error
#   datatype: float32
#   description: "Uncertainty of \\texttt{geomModelGaussian1Sigma}"
#   meta:
#     ucd: stat.error
# - 
#   name: geom_model_gaussian1_depth
#   datatype: float32
#   unit: mag
#   description: Magnitude depth of Gaussian 1 component
#   meta:
#     ucd: src.var.amplitude
# - 
#   name: geom_model_gaussian1_depth_error
#   datatype: float32
#   unit: mag
#   description: "Uncertainty of \\texttt{geomModelGaussian1Depth}"
#   meta:
#     ucd: stat.error;src.var.amplitude
# - 
#   name: geom_model_gaussian2_phase
#   datatype: float32
#   description: Phase of Gaussian 2 component
#   meta:
#     ucd: time.phase
# - 
#   name: geom_model_gaussian2_phase_error
#   datatype: float32
#   description: "Uncertainty of \\texttt{geomModelGaussian2Phase}"
#   meta:
#     ucd: stat.error;time.phase
# - 
#   name: geom_model_gaussian2_sigma
#   datatype: float32
[...]
#   datatype: float32
#   description: "Secondary eclipse: uncertainty of \\texttt{derivedSecondaryEclDuration}"
#   meta:
#     ucd: stat.error;time.duration
# - 
#   name: derived_secondary_ecl_depth
#   datatype: float32
#   unit: mag
#   description: "Secondary eclipse: depth"
#   meta:
#     ucd: src.var.amplitude
# - 
#   name: derived_secondary_ecl_depth_error
#   datatype: float32
#   unit: mag
#   description: "Secondary eclipse: uncertainty of \\texttt{derivedSecondaryEclDepth}"
#   meta:
#     ucd: stat.error;src.var.amplitude
solution_id,source_id,global_ranking,reference_time,frequency,frequency_error,geom_model_reference_level,geom_model_reference_level_error,geom_model_gaussian1_phase,geom_model_gaussian1_phase_error,geom_model_gaussian1_sigma,geom_model_gaussian1_sigma_error,geom_model_gaussian1_depth,geom_model_gaussian1_depth_error,geom_model_gaussian2_phase,geom_model_gaussian2_phase_error,geom_model_gaussian2_sigma,geom_model_gaussian2_sigma_error,geom_model_gaussian2_depth,geom_model_gaussian2_depth_error,geom_model_cosine_half_period_amplitude,geom_model_cosine_half_period_amplitude_error,geom_model_cosine_half_period_phase,geom_model_cosine_half_period_phase_error,model_type,num_model_parameters,reduced_chi2,derived_primary_ecl_phase,derived_primary_ecl_phase_error,derived_primary_ecl_duration,derived_primary_ecl_duration_error,derived_primary_ecl_depth,derived_primary_ecl_depth_error,derived_secondary_ecl_phase,derived_secondary_ecl_phase_error,derived_secondary_ecl_duration,derived_secondary_ecl_duration_error,derived_secondary_ecl_depth,derived_secondary_ecl_depth_error
[from data line 36]
375316653866487564,2419079547094850048,0.6714716,2005.2739291750172,0.17975208407431148,1.01670685E-5,12.508174,8.853317E-4,0.3361405,0.038923834,0.061373934,0.042808775,0.003778724,0.0018793276,0.7005666,3.6217627E-4,0.021295438,6.9128984E-4,0.26299223,9.784759E-4,0.004498194,0.0010626367,0.7005666,3.6217627E-4,"TWOGAUSSIANS_WITH_ELLIPSOIDAL_ON_ECLIPSE2",9,21.394482,0.7005666,3.6217627E-4,0.119254455,0.0038712232,0.27198857,0.0016827558,0.24701053,0.10732237,0.34369403,0.23972914,0.009568105,0.0019655398
375316653866487564,2419294059237393664,0.5285937,2039.2807688612693,0.44915896068957484,3.883155E-5,18.090647,0.004078103,0.123376615,0.009766349,0.017889015,0.011920727,0.3397734,8.5868424E7,0.61768043,0.07328389,0.017436838,0.018446805,0.15928707,0.12747617,null,null,null,null,"TWOGAUSSIANS",8,2.5802245,0.123376615,0.009766349,0.10017849,0.06675607,0.3397734,8.5868424E7,0.61768043,0.07328389,0.097646296,0.103302106,0.15928707,0.12747617
375316653866487564,2419321233494762368,0.64905643,2076.1686873610697,3.4997431540783723,5.496746E-6,17.176126,0.005633909,0.30107504,0.0015571795,0.072499104,0.0022318738,0.48124322,0.008362416,0.7984713,0.0028221474,0.069236256,0.0042449962,0.5447418,0.034236684,null,null,null,null,"TWOGAUSSIANS",8,6.3091764,0.7984713,0.0028221474,0.38772303,0.02225897,0.5428411,0.03475216,0.30107504,0.0015571795,0.4,0.0027302254,0.4793425,0.008268275
375316653866487564,2419386693092021632,0.63494384,2122.05488794149,3.097912166325572,6.4334054E-6,15.884234,0.012291806,0.18073143,0.0016117624,0.0460247,0.0046247435,0.2628831,0.030912088,0.68232054,0.00432826,0.05345188,0.007675393,0.36125985,0.05304523,0.10266993,0.016947908,0.18073143,0.0016117624,"TWOGAUSSIANS_WITH_ELLIPSOIDAL_ON_ECLIPSE1",9,20.044075,0.68232054,0.004046976,0.29933053,0.0429822,0.56657296,0.06780762,0.18073143,0.0016117624,0.25773832,0.025898563,0.4682167,0.017557824
375316653866487564,2419611783737925376,0.57284534,2118.0347415294777,0.8752710616051452,3.155165E-5,14.6539345,0.010003768,0.26705348,0.020313056,0.036259126,0.015855564,0.78079134,7.9085703,0.8009939,0.009957294,0.066769645,0.019315654,0.10016849,0.018652227,null,null,null,null,"TWOGAUSSIANS",8,238.44617,0.26705348,0.020313056,0.2030511,0.08879116,0.78079075,7.9085712,0.8009939,0.009957294,0.37391,0.08927215,0.10016793,0.01865772
375316653866487564,2419651881552546304,0.51110893,2023.6547662709556,2.9121563435186038,6.1902356E-5,15.7421055,0.66608894,0.29566604,0.01984539,0.11430777,0.13511615,0.14464037,0.6043876,0.79524666,0.007104664,0.13037913,0.113192625,0.17869054,0.5862969,null,null,null,null,"TWOGAUSSIANS",8,30.711359,0.79524666,0.00598394,0.4,0.0,0.13881253,0.013396822,0.29567605,0.020804744,0.4,0.0,0.10497097,0.038641475
375316653866487564,2419657413469709312,0.57963467,2106.312327537788,0.07391108890073071,3.394688E-5,18.38161,0.0025858646,0.6868942,0.0016695571,0.0070219324,0.0012608661,0.38469157,0.0863572,null,null,null,null,null,null,null,null,null,null,"ONEGAUSSIAN",5,1.3748765,0.6868942,0.0016695571,0.039322823,0.0070608496,0.38469157,0.0,null,null,null,null,null,null
375316653866487564,2419663941820731648,0.54638183,2092.953658925366,3.266688746379025,2.5078689E-5,16.958988,0.048945628,0.21193701,0.018251562,0.03231421,0.045714647,0.4204963,4.8169994E9,0.7083601,0.0037388846,0.03912404,0.008358488,0.71905726,0.074561074,0.11000678,0.058509525,0.21193701,0.018251562,"TWOGAUSSIANS_WITH_ELLIPSOIDAL_ON_ECLIPSE1",9,132.26167,0.7084901,0.0032607939,0.21909462,0.04680753,0.93896365,0.08556851,0.21193701,0.018251562,0.18095958,0.256002,0.6405099,4.8169994E9
375316653866487564,2419676169592485376,0.5587003,2151.0786378178054,4.530783868696587,9.6988815E-6,18.508299,0.014338013,0.31906974,0.002105414,0.076103054,0.00506142,0.43900174,0.03529599,0.81774104,0.0043417886,0.0750534,0.0062192776,0.364667,0.015679985,null,null,null,null,"TWOGAUSSIANS",8,3.6008234,0.31906974,0.002105414,0.4,0.0,0.43572995,0.035894886,0.81774104,0.0043417886,0.4,0.0,0.36139524,0.014627006
375316653866487564,2420128756065800064,0.63875747,2028.8107492758377,0.8787591318157907,7.541828E-6,17.759739,0.004415836,0.5665737,0.0016518835,0.0706761,0.0024466615,0.8480044,0.029206213,null,null,null,null,null,null,null,null,null,null,"ONEGAUSSIAN",5,5.3385887,0.5665737,0.0016518835,0.39578617,0.011390012,0.8480044,0.0,null,null,null,null,null,null
375316653866487564,2420384018857696512,0.6132154,2008.693849374157,4.573647945522389,9.717707E-6,18.185007,0.01597744,0.22484176,0.0021692608,0.037965514,0.0034878375,0.38704956,0.034045964,0.72561157,0.0136647895,0.04291532,0.016240992,0.5097519,0.10405793,0.14881472,0.02002164,0.22484176,0.0021692608,"TWOGAUSSIANS_WITH_ELLIPSOIDAL_ON_ECLIPSE1",9,7.1403146,0.72561157,0.01324222,0.24032578,0.09094956,0.8073741,0.1095685,0.22484176,0.0021692608,0.21260688,0.01953189,0.6846788,0.012532012
375316653866487564,2420407039882301696,0.61740166,2007.2826344981506,3.606852421433863,1.3040705E-5,14.063668,0.012227106,0.19763297,0.002700565,0.045906965,0.004510048,0.25103447,0.027410585,0.6887196,0.0027880995,0.0539675,0.005314653,0.3476732,0.029776428,0.11280984,0.016016698,0.6887196,0.0027880995,"TWOGAUSSIANS_WITH_ELLIPSOIDAL_ON_ECLIPSE2",9,336.89642,0.6887196,0.0027880995,0.302218,0.029762056,0.5732849,0.0165019,0.19647296,0.0021986545,0.257079,0.025256269,0.47603106,0.012199948
375316653866487564,2420543654202077440,0.5814064,2043.6285627129485,2.560911014525706,1.0348339E-5,13.098589,0.021891981,0.33623606,0.0033787778,0.066062935,0.0060023097,0.5874503,0.053397506,0.8389717,0.0019690823,0.04958141,0.003740747,0.5437016,0.04962274,0.05327229,0.028962893,0.33623606,0.0033787778,"TWOGAUSSIANS_WITH_ELLIPSOIDAL_ON_ECLIPSE1",9,1006.2678,0.33623606,0.0033787778,0.36995244,0.033612933,0.6935715,0.04131735,0.8389717,0.0019690823,0.27765587,0.020948183,0.6497913,0.02890088
375316653866487564,2420809667297342464,0.5730791,1966.99858398688,2.445049715840915,1.8565572E-5,13.481999,0.011512938,0.27719346,0.0017319141,0.050162777,0.016058436,0.046667546,0.02321912,0.78336626,0.015372411,0.051684555,0.039987132,0.028238688,0.021887938,0.079184465,0.012786025,0.27719346,0.0017319141,"TWOGAUSSIANS_WITH_ELLIPSOIDAL_ON_ECLIPSE1",9,49.4667,0.27719346,0.0017319141,0.28091154,0.08992724,0.2050357,0.004234193,0.78336626,0.013791764,0.2894335,0.18190241,0.18636872,0.0070194732
375316653866487564,2420875255742263936,0.50737363,2048.587790542632,3.3342477210141377,1.6810984E-5,19.311146,0.024252133,0.25735673,0.010540429,0.11427295,0.020871928,0.14705944,0.024863098,0.77482206,0.0038563123,0.08361548,0.009174488,0.3193931,0.022840353,null,null,null,null,"TWOGAUSSIANS",8,2.3584387,0.77483207,0.003858643,0.4,0.0,0.3065236,0.016443891,0.25735673,0.010540429,0.4,0.0,0.13416499,0.019918783
375316653866487564,2421159861750790912,0.52897644,2004.9831969552122,1.9465891811355533,7.8534475E-5,15.724352,0.004457564,0.060232595,0.017510395,0.009105522,0.017232291,0.042031046,79.20763,0.68835205,0.0032496382,0.026293177,0.0043625413,0.5823323,0.12508652,0.0053705308,0.006702631,0.68835205,0.0032496382,"TWOGAUSSIANS_WITH_ELLIPSOIDAL_ON_ECLIPSE2",9,101.66453,0.68835205,0.0032496382,0.14724179,0.024430232,0.59307337,0.12858777,0.060362592,0.02145024,0.050990924,0.09650083,0.047195587,79.20426
375316653866487564,2421210233127185152,0.542095,1972.1977508451612,1.4601198239336401,5.6791887E-6,13.096723,0.049587816,0.24098347,0.0021238253,0.1359211,0.0070718336,0.22171025,0.021906245,0.74286795,0.0023510607,0.31035572,0.01475237,0.44128984,0.047187753,null,null,null,null,"TWOGAUSSIANS",8,19.489761,0.24004348,0.0024731166,0.4,0.0,0.080963284,0.0019234442,0.74303794,0.0023886457,0.4,0.0,0.06487602,0.0018025679
375316653866487564,2421433193469283712,0.5446291,1996.2330500559995,2.4335981879946766,9.1691645E-6,17.948885,0.009961908,0.34818172,0.0011591647,0.025865199,0.0013725786,0.47324258,0.029328614,0.8494131,0.010521347,0.035830297,0.010156712,0.21364287,0.037240602,null,null,null,null,"TWOGAUSSIANS",8,13.009241,0.34818172,0.0011591647,0.14484511,0.0076864394,0.47324258,0.029328614,0.8494131,0.010521347,0.20064966,0.056877587,0.21364287,0.037240602
375316653866487564,2421452125684206464,0.4688193,2025.3442492170411,4.147230430873955,2.5116386E-5,19.683846,0.0069172513,0.15710278,0.0074456534,0.016343836,0.013986614,0.22782144,1612.8419,0.7619567,0.0020827085,0.032758217,0.0025453947,0.33087805,0.014054394,null,null,null,null,"TWOGAUSSIANS",8,3.1292906,0.7619567,0.0020827085,0.18344602,0.01425421,0.33087805,0.014054394,0.15710278,0.0074456534,0.09152548,0.07832503,0.22782144,1612.8419
375316653866487564,2421513522241653376,0.52202237,1991.9351787096948,3.557427739920561,1.0561653E-5,19.49357,0.37220338,0.23006009,0.015491893,0.18120244,0.15094553,0.28805768,0.35712537,0.7168616,0.0060665836,0.10593413,0.020304173,0.49918792,0.232565,null,null,null,null,"TWOGAUSSIANS",8,2.5429628,0.7168616,0.0060665836,0.4,0.0,0.3814117,0.019007023,0.23010008,0.015484236,0.4,0.0,0.15727545,0.027791651
375316653866487564,2421730439565880960,0.53644234,2012.5181684850515,0.4675566397262567,1.0104558E-5,16.713566,0.0030658408,0.43459764,0.043416724,0.12888199,0.048547182,0.023585463,0.007273434,0.8089795,2.827791E-4,0.007856619,0.002669438,0.6006912,0.1898702,null,null,null,null,"TWOGAUSSIANS",8,12.803712,0.8089795,2.827791E-4,0.043997064,0.014948852,0.60101295,0.18991312,0.43459764,0.043416724,0.4,0.0,0.023560025,0.0072905854
375316653866487564,2421791462461240320,0.4963577,2015.4751346912626,1.0140132186935045,7.041908E-6,13.128819,0.0038184086,0.78452116,0.010842176,0.05480916,0.016560365,0.018389968,0.005657221,0.5264777,0.0017468437,0.04740821,0.0043240464,0.17741774,0.0103394585,1.5211516E-4,0.005077712,0.5264777,0.0017468437,"TWOGAUSSIANS_WITH_ELLIPSOIDAL_ON_ECLIPSE2",9,132.70406,0.5264777,0.0017468437,0.26548597,0.02421466,0.17772208,0.010137264,0.7845512,0.010908455,0.3069313,0.09273804,0.018390654,0.0056712436
375316653866487564,2421826509393898752,0.5791831,2046.9965400862845,3.4793660900084373,1.5136017E-5,16.278212,0.0075574503,0.28182212,0.007685329,0.07910166,0.0060430127,0.46043,0.022754777,0.77415836,0.0024867016,0.07597182,0.0031074006,0.5865679,0.022452977,null,null,null,null,"TWOGAUSSIANS",8,32.919773,0.77415836,0.0024867016,0.4,0.0,0.58169186,0.02349053,0.28182212,0.007685329,0.4,0.0,0.45555398,0.022582212
375316653866487564,2421916390173931520,0.49904066,2061.36573093145,1.4386177958316961,3.978754E-5,12.200312,0.0034066173,0.32318506,0.06549956,0.043013465,0.026507884,0.2763683,1.2665838,0.73494864,0.023574771,0.040275257,0.026327636,0.40097263,0.27828476,null,null,null,null,"TWOGAUSSIANS",8,121.89418,0.73494864,0.023574771,0.22554143,0.14743476,0.40097263,0.27828568,0.32318506,0.06549956,0.2408754,0.14844415,0.2763683,1.2665839
375316653866487564,2421931714617900288,0.4647246,2092.6207397558337,0.6686434489399234,2.6454343E-5,17.967052,0.0076530636,0.2207123,0.005767122,0.011232163,0.0061000963,0.4863793,33.425926,0.7057496,0.039174214,0.034723815,0.01878764,0.28898013,0.14132509,null,null,null,null,"TWOGAUSSIANS",8,18.645643,0.2207123,0.005767122,0.06290011,0.03416054,0.4863793,33.425926,0.7057496,0.039174214,0.19445336,0.10521078,0.28898013,0.14132509
375316653866487564,2422337296969319040,0.4424729,2071.3506658463275,1.1326395311303348,4.8505208E-5,18.156763,0.003608409,0.33350468,0.04672376,0.03679464,0.024709562,0.05781839,0.039960977,0.84506154,0.0075058746,0.052063804,0.00922285,0.07547279,0.0044818954,null,null,null,null,"TWOGAUSSIANS",8,3.0576005,0.84506154,0.0075058746,0.2915573,0.05164796,0.07547278,0.0044817436,0.33350468,0.04672376,0.20605,0.13837354,0.057818383,0.039960675
375316653866487564,2422673816246520704,0.512874,2003.1719796973691,3.795133748922291,1.422328E-5,18.77868,0.0050188173,0.2173303,0.016236853,0.04863489,0.020523218,0.05263528,0.0113564385,0.4580449,0.0052262563,0.08896601,0.0062162825,0.33328548,0.008739791,null,null,null,null,"TWOGAUSSIANS",8,2.7337754,0.4580449,0.0052262563,0.4,0.0,0.33328563,0.008742797,0.2406103,0.45531917,0.27235538,0.11493002,0.063754685,0.5558321
375316653866487564,2422814145714038528,0.6402713,1986.478664797736,3.728399517071458,3.7974849E-6,14.724688,0.0056681926,0.21267179,9.5394434E-4,0.050184857,0.004998548,0.18338843,0.022264067,0.7146283,0.0012912176,0.046263322,0.003112454,0.27112868,0.010471717,0.10787629,0.0068329214,0.21267179,9.5394434E-4,"TWOGAUSSIANS_WITH_ELLIPSOIDAL_ON_ECLIPSE1",9,51.283432,0.7146283,0.0012912176,0.2590746,0.017429743,0.48684743,0.006936322,0.21267179,9.5394434E-4,0.2810352,0.027991869,0.3991398,0.026224097
375316653866487564,2422980412487943808,0.6154602,2036.0263018482212,4.397542900740924,3.4726627E-6,17.894514,0.010054539,0.3084425,0.0012581962,0.046769656,0.0039982884,0.4563259,0.04542132,0.81004447,0.0011991889,0.041480247,0.00193084,0.49792215,0.022747463,0.15611172,0.013397168,0.3084425,0.0012581962,"TWOGAUSSIANS_WITH_ELLIPSOIDAL_ON_ECLIPSE1",9,6.422639,0.81004447,0.0011991889,0.23228937,0.0108127035,0.8101135,0.011958066,0.3084425,0.0012581962,0.26191008,0.022390414,0.76854885,0.04931946
375316653866487564,2422990308092593280,0.56845075,1999.0361786006185,3.7827023259106807,8.138963E-6,15.658293,0.0025910703,0.2323526,0.014905769,0.029529545,0.013050818,0.122532375,0.059329405,0.7457679,0.0018272452,0.033459626,0.0045396215,0.07423225,0.009271151,0.11868819,0.006521321,0.7457679,0.0018272452,"TWOGAUSSIANS_WITH_ELLIPSOIDAL_ON_ECLIPSE2",9,62.27306,0.2339326,0.013202195,0.16536546,0.07308458,0.35842276,0.060467944,0.7457679,0.0018272452,0.1873739,0.02542188,0.31160814,0.008393747
375316653866487564,2423035697306932480,0.531171,1998.4852637012998,3.038241769076841,1.9003124E-5,12.164514,0.058966096,0.2094462,0.0045602224,0.10630017,0.02791598,0.23925212,0.044532396,0.71506035,0.0054489234,0.11057142,0.019874793,0.2651223,0.05547991,null,null,null,null,"TWOGAUSSIANS",8,540.3051,0.71506035,0.0054450277,0.4,0.0,0.23184872,0.013384166,0.20943621,0.0045619137,0.4,0.0,0.20599054,0.016163316
375316653866487564,2423176915830477568,0.47749454,2078.7281881942577,3.201741954456576,2.4962315E-5,15.955168,0.19588102,0.25047353,0.011816411,0.14598891,0.07364456,0.17134146,0.18112017,0.75847733,0.010444904,0.13943368,0.04436342,0.18837298,0.17758907,null,null,null,null,"TWOGAUSSIANS",8,23.919378,0.7589073,0.010017194,0.4,0.0,0.115822755,0.008293447,0.25008354,0.011542702,0.4,0.0,0.09842281,0.024797773
375316653866487564,2423321501610788352,0.6312425,1976.9442421420747,2.843253927459664,1.0777572E-5,15.326405,0.0077671055,0.27204406,0.0022347053,0.10865561,0.004555675,0.26554513,0.0076083844,0.7699832,0.0013616796,0.09492878,0.0030859944,0.28262478,0.0073252437,null,null,null,null,"TWOGAUSSIANS",8,9.542802,0.7699832,0.0013616796,0.4,0.0,0.25659046,0.004018671,0.27204406,0.0022347053,0.4,0.0,0.23949793,0.0026007397
375316653866487564,2423324422188621056,0.64903903,1953.0623045863472,2.944930812914805,8.793381E-6,15.753446,0.013476126,0.22509503,0.0019670376,0.052637335,0.005648189,0.29530397,0.02400987,0.71979755,0.0024881084,0.054170318,0.0042106174,0.2997949,0.027032878,0.09816255,0.013738108,0.22509503,0.0019670376,"TWOGAUSSIANS_WITH_ELLIPSOIDAL_ON_ECLIPSE1",9,49.674026,0.72049755,0.0021260425,0.3033538,0.023579456,0.49592286,0.0073298947,0.22509503,0.0019670376,0.29476908,0.03162986,0.49162072,0.006421051
