Gaia/vari_eclipsing_binary/VariEclipsingBinary_670099-670143.csv
# %ECSV 1.0
# ---
# delimiter: ','
# meta: !!omap
# - RELEASE: Gaia DR3
# - TABLE: vari_eclipsing_binary
# - DESCRIPTION: >
#     This table describes the properties of the eclipsing binaries resulting from the variability analysis. 
# - CITATION: >
#     How to cite and acknowledge Gaia: 
#     https://gea.esac.esa.int/archive/documentation/credits.html 
# - KNOWN_ISSUES: >
#     Known issues: 
#     https://www.cosmos.esa.int/web/gaia-users/known-issues 
# - DOCUMENTATION: >
#     Tutorials and documentation: 
#     https://www.cosmos.esa.int/web/gaia-users/archive 
# datatype:
# - 
#   name: solution_id
#   datatype: int64
#   description: Solution Identifier
#   meta:
#     ucd: meta.version
# - 
#   name: source_id
#   datatype: int64
#   description: Unique source identifier
#   meta:
#     ucd: meta.id;meta.main
# - 
#   name: global_ranking
#   datatype: float32
#   description: Number between 0 (worst) and 1 (best)
#   meta:
#     ucd: stat.param
# - 
#   name: reference_time
#   datatype: float64
#   unit: d
#   description: Reference time used for the geometric model fit
#   meta:
#     ucd: time.epoch
# - 
#   name: frequency
#   datatype: float64
#   unit: d**-1
#   description: Frequency of geometric model of the eclipsing binary light curve
#   meta:
#     ucd: src.orbital
# - 
#   name: frequency_error
#   datatype: float32
#   unit: d**-1
#   description: "Uncertainty of \\texttt{frequency}"
#   meta:
#     ucd: stat.error
# - 
#   name: geom_model_reference_level
#   datatype: float32
#   unit: mag
#   description: Magnitude reference level of geometric model
#   meta:
#     ucd: phot.mag;em.opt
# - 
#   name: geom_model_reference_level_error
#   datatype: float32
#   unit: mag
#   description: "Uncertainty of \\texttt{geomModelReferenceLevel}"
#   meta:
#     ucd: stat.error;phot.mag;em.opt
# - 
#   name: geom_model_gaussian1_phase
#   datatype: float32
#   description: Phase of the Gaussian 1 component
#   meta:
#     ucd: time.phase
# - 
#   name: geom_model_gaussian1_phase_error
#   datatype: float32
#   description: "Uncertainty of \\texttt{geomModelGaussian1Phase}"
#   meta:
#     ucd: stat.error;time.phase
# - 
#   name: geom_model_gaussian1_sigma
#   datatype: float32
#   description: "Standard deviation [phase] of Gaussian 1 component"
#   meta:
#     ucd: stat.stdev
# - 
#   name: geom_model_gaussian1_sigma_error
#   datatype: float32
#   description: "Uncertainty of \\texttt{geomModelGaussian1Sigma}"
#   meta:
#     ucd: stat.error
# - 
#   name: geom_model_gaussian1_depth
#   datatype: float32
#   unit: mag
#   description: Magnitude depth of Gaussian 1 component
#   meta:
#     ucd: src.var.amplitude
# - 
#   name: geom_model_gaussian1_depth_error
#   datatype: float32
#   unit: mag
#   description: "Uncertainty of \\texttt{geomModelGaussian1Depth}"
#   meta:
#     ucd: stat.error;src.var.amplitude
# - 
#   name: geom_model_gaussian2_phase
#   datatype: float32
#   description: Phase of Gaussian 2 component
#   meta:
#     ucd: time.phase
# - 
#   name: geom_model_gaussian2_phase_error
#   datatype: float32
#   description: "Uncertainty of \\texttt{geomModelGaussian2Phase}"
#   meta:
#     ucd: stat.error;time.phase
# - 
#   name: geom_model_gaussian2_sigma
#   datatype: float32
[...]
#   datatype: float32
#   description: "Secondary eclipse: uncertainty of \\texttt{derivedSecondaryEclDuration}"
#   meta:
#     ucd: stat.error;time.duration
# - 
#   name: derived_secondary_ecl_depth
#   datatype: float32
#   unit: mag
#   description: "Secondary eclipse: depth"
#   meta:
#     ucd: src.var.amplitude
# - 
#   name: derived_secondary_ecl_depth_error
#   datatype: float32
#   unit: mag
#   description: "Secondary eclipse: uncertainty of \\texttt{derivedSecondaryEclDepth}"
#   meta:
#     ucd: stat.error;src.var.amplitude
solution_id,source_id,global_ranking,reference_time,frequency,frequency_error,geom_model_reference_level,geom_model_reference_level_error,geom_model_gaussian1_phase,geom_model_gaussian1_phase_error,geom_model_gaussian1_sigma,geom_model_gaussian1_sigma_error,geom_model_gaussian1_depth,geom_model_gaussian1_depth_error,geom_model_gaussian2_phase,geom_model_gaussian2_phase_error,geom_model_gaussian2_sigma,geom_model_gaussian2_sigma_error,geom_model_gaussian2_depth,geom_model_gaussian2_depth_error,geom_model_cosine_half_period_amplitude,geom_model_cosine_half_period_amplitude_error,geom_model_cosine_half_period_phase,geom_model_cosine_half_period_phase_error,model_type,num_model_parameters,reduced_chi2,derived_primary_ecl_phase,derived_primary_ecl_phase_error,derived_primary_ecl_duration,derived_primary_ecl_duration_error,derived_primary_ecl_depth,derived_primary_ecl_depth_error,derived_secondary_ecl_phase,derived_secondary_ecl_phase_error,derived_secondary_ecl_duration,derived_secondary_ecl_duration_error,derived_secondary_ecl_depth,derived_secondary_ecl_depth_error
[from data line 584]
375316653866487564,5894614705633166976,0.4346015,2177.8894669196834,1.2197715896933985,1.04808405E-5,17.379774,0.0035153981,0.5081881,6.790726E-4,0.013662326,0.0019802793,0.23830044,0.03838717,0.81209767,0.011254471,0.018594144,0.0107995,0.17378289,0.06631708,null,null,null,null,"TWOGAUSSIANS",8,25.87547,0.5081881,6.790726E-4,0.07650903,0.011089563,0.23830044,0.03838717,0.81209767,0.011254471,0.104127206,0.0604772,0.17378289,0.06631708
375316653866487564,5894615225327231360,0.51340044,2171.9308067639713,1.38340940932153,1.0105984E-5,18.764788,0.023080647,0.26615566,0.0038784493,0.09492604,0.008725491,0.25201485,0.02217031,0.76287574,0.0048627947,0.10942364,0.017935857,0.19231233,0.01677146,null,null,null,null,"TWOGAUSSIANS",8,1.7637724,0.26615566,0.0038784493,0.4,0.0,0.231154,0.011712421,0.76287574,0.0048627947,0.4,0.0,0.17144062,0.011024169
375316653866487564,5894615294057535744,0.6092743,2195.448030575399,3.043015853504437,5.852566E-6,14.953933,0.01480299,0.23838495,0.0016926916,0.059971686,0.0069285748,0.19135647,0.03188598,0.7325583,0.00199583,0.058421288,0.006071115,0.20585564,0.03071357,0.10389207,0.01805381,0.23838495,0.0016926916,"TWOGAUSSIANS_WITH_ELLIPSOIDAL_ON_ECLIPSE1",9,101.947586,0.73380834,0.001552685,0.3271592,0.033998244,0.4133737,0.0070748064,0.23838495,0.0016926916,0.33584145,0.03880002,0.39909342,0.012510908
375316653866487564,5894615392816472576,0.5070943,2176.269352054673,3.21094085704609,8.453879E-6,17.420988,0.08253991,0.28603768,0.0026819243,0.22161806,0.025740044,0.4757136,0.08198562,0.7852675,0.0021892372,0.15149646,0.0105881365,0.41069913,0.05486887,null,null,null,null,"TWOGAUSSIANS",8,2.3975809,0.7852675,0.0021892372,0.4,0.0,0.12837292,0.0042820787,0.2861777,0.0028967296,0.4,0.0,0.12230789,0.0070156385
375316653866487564,5894615465856230144,0.5803913,2165.725915604976,3.576127042299522,4.2289976E-6,17.692059,0.01862247,0.21085869,0.0011136526,0.04237977,0.002890285,0.74934083,0.044457935,0.7031576,0.004154963,0.042129032,0.0047331867,0.5335482,0.08238382,0.090955436,0.024438046,0.21085869,0.0011136526,"TWOGAUSSIANS_WITH_ELLIPSOIDAL_ON_ECLIPSE1",9,30.86854,0.21085869,0.0011136526,0.23732671,0.016185597,0.93125165,0.03908301,0.7035076,0.0039762673,0.23592257,0.026505847,0.7150527,0.07899462
375316653866487564,5894615564617649152,0.5364806,2141.3196635116733,2.8206860646492267,9.585589E-6,18.995321,0.008966221,0.15694065,0.0018612838,0.047252633,0.0039779865,0.5732983,0.0367284,0.6482539,0.002467236,0.05406716,0.0032459104,0.7260521,0.03545484,null,null,null,null,"TWOGAUSSIANS",8,6.131914,0.6482539,0.002467236,0.3027761,0.018177098,0.7260477,0.035457324,0.15694065,0.0018612838,0.26461473,0.022276724,0.5732939,0.03673189
375316653866487564,5894615603295191296,0.5320006,2175.776355453003,2.7091539421518562,1.3542573E-5,18.612192,0.01085177,0.26548854,0.0051979544,0.09131178,0.0068002185,0.30725893,0.0139309205,0.7718667,0.0031149315,0.076376565,0.0063575064,0.33099183,0.0140590025,null,null,null,null,"TWOGAUSSIANS",8,3.7837124,0.7718667,0.0031149315,0.4,0.0,0.3243704,0.014239997,0.26548854,0.0051979544,0.4,0.0,0.30063733,0.012990406
375316653866487564,5894616462288679168,0.62392205,2178.32557663916,1.95501708910811,4.8210086E-6,15.122686,0.25314996,0.23473269,0.001296697,0.16083427,0.0671293,0.20811272,0.24838993,0.73436165,0.0016155785,0.13639385,0.028992414,0.20930904,0.19392587,null,null,null,null,"TWOGAUSSIANS",8,4.16633,0.73436165,0.0016155785,0.4,0.0,0.11198372,0.0015772755,0.23475268,0.0013423802,0.4,0.0,0.1079762,0.001820116
375316653866487564,5894617218202938240,0.4775844,2054.421414716137,2.929704993610106,3.2111944E-5,19.24898,0.14420399,0.24350202,0.007782377,0.11948526,0.037781604,0.29904658,0.1355623,0.7586709,0.02486277,0.12313515,0.05013851,0.28580314,0.13618943,null,null,null,null,"TWOGAUSSIANS",8,2.9723222,0.243382,0.0073838,0.4,0.0,0.23789188,0.014499586,0.7587609,0.024719352,0.4,0.0,0.22458726,0.01827517
375316653866487564,5894617458721140352,0.57528216,2163.5928319282643,2.2841396032109746,5.9974295E-6,17.53246,0.005443364,0.26692817,0.0023124993,0.08728677,0.0036621864,0.32582936,0.009470942,0.7717755,0.0028444852,0.079883456,0.0048825643,0.2854181,0.01138494,null,null,null,null,"TWOGAUSSIANS",8,4.1273756,0.26692817,0.0023124993,0.4,0.0,0.31943628,0.009805231,0.7717755,0.0028444852,0.4,0.0,0.27902508,0.0125219505
375316653866487564,5894619623384793472,0.6183173,2182.930611148339,2.294486662643479,5.264563E-6,16.248493,0.016864665,0.21497673,0.0010803745,0.043379214,0.003884788,0.32274053,0.03810821,0.71913576,0.0022471398,0.055053253,0.004639546,0.51634085,0.031560134,0.104265444,0.020613115,0.21497673,0.0010803745,"TWOGAUSSIANS_WITH_ELLIPSOIDAL_ON_ECLIPSE1",9,45.02334,0.71913576,0.0022471398,0.30829823,0.025981456,0.72471553,0.023371462,0.21497673,0.0010803745,0.2429236,0.021754812,0.53125757,0.018071385
375316653866487564,5894619863902863872,0.5520963,2213.1500185730333,0.7212584969590454,2.0744828E-6,14.830033,0.0011440008,0.22598387,7.332035E-4,0.0231602,0.001113394,0.32341498,0.02221811,0.7252597,0.0025020987,0.023127466,0.0029523573,0.09237819,0.012179988,0.007121483,0.0016924514,0.22598387,7.332035E-4,"TWOGAUSSIANS_WITH_ELLIPSOIDAL_ON_ECLIPSE1",9,27.725027,0.22598387,7.332035E-4,0.12969713,0.0062350067,0.33765796,0.022848971,0.7252597,0.0024851535,0.12951382,0.016533202,0.10662086,0.012304954
375316653866487564,5894620585457371136,0.5331977,2178.003331202111,0.37830071920534414,1.0922036E-5,16.244385,0.0017853354,0.52231073,0.030385524,0.035607703,0.04172709,0.011464451,0.016156707,0.67370385,0.0010817128,0.020339817,0.0013286867,0.15508285,0.012152174,null,null,null,null,"TWOGAUSSIANS",8,7.3265657,0.67370385,0.0010817128,0.11390297,0.0074406457,0.15508421,0.012152303,0.52231073,0.030385524,0.19940314,0.23367168,0.011464451,0.016156707
375316653866487564,5894620959094489728,0.448232,2110.8506068356555,3.2890452733581674,3.9572573E-5,19.37926,0.6297154,0.34239104,0.016144576,0.1557627,0.09602759,0.48746455,0.60737294,0.83280796,0.009221092,0.13324949,0.06756982,0.42275986,0.54520756,null,null,null,null,"TWOGAUSSIANS",8,4.796639,0.34266105,0.015777968,0.4,0.0,0.29588437,0.06699614,0.83280796,0.009221092,0.4,0.0,0.23615485,0.02941
375316653866487564,5894622440883321728,0.5075227,2170.170123610199,2.83645484855712,3.0401274E-5,18.104698,0.04267515,0.24018884,0.004023819,0.10986066,0.013921763,0.30059212,0.040232398,0.73149216,0.0057805125,0.115035854,0.019618608,0.25632852,0.038145345,null,null,null,null,"TWOGAUSSIANS",8,8.318676,0.24020883,0.004030142,0.4,0.0,0.25778183,0.010623752,0.73149216,0.0057805125,0.4,0.0,0.21349591,0.01825084
375316653866487564,5894623574757054848,0.5927675,2196.3872240018427,2.9201806704784548,7.2798593E-6,18.4196,0.012835237,0.2648389,0.0032024127,0.044428006,0.0053032464,0.38947728,0.050836824,0.7672528,0.004342182,0.045981564,0.0057563703,0.30015317,0.023372117,0.12451398,0.01500345,0.2648389,0.0032024127,"TWOGAUSSIANS_WITH_ELLIPSOIDAL_ON_ECLIPSE1",9,4.7516165,0.2648389,0.0032024127,0.24879682,0.02969818,0.63850474,0.0432398,0.7672528,0.0042739864,0.25749674,0.032235675,0.54912335,0.013945092
375316653866487564,5894623677834035968,0.47158203,2168.669275977489,3.925645584037768,3.1843454E-5,17.899328,0.007854339,0.31810123,0.008568755,0.07060438,0.032331374,0.10493315,0.014716323,null,null,null,null,null,null,0.07670978,0.010302288,0.31810123,0.008568755,"ONEGAUSSIAN_WITH_ELLIPSOIDAL",6,24.072548,0.31810123,0.008568755,0.3953845,0.14137664,0.25815752,0.015253862,null,null,null,null,null,null
375316653866487564,5894624124501028480,0.43844426,2091.4906126957007,3.2544783268028743,2.8311853E-5,19.212269,0.5411027,0.18887961,0.016677909,0.121806785,0.041068096,0.32205382,0.3797705,0.7249636,0.020061666,0.13629581,0.13108867,0.27959383,0.5139189,null,null,null,null,"TWOGAUSSIANS",8,7.0763016,0.1880396,0.009130048,0.4,0.0,0.25416523,0.026819335,0.7253936,0.018476956,0.4,0.0,0.21097237,0.0347765
375316653866487564,5894624227589864192,0.542373,2208.8452022245788,2.6370196832222246,1.0099708E-5,15.62041,0.012731782,0.26495898,0.0038421587,0.10027226,0.006111038,0.31857908,0.0137375165,0.7621941,0.0041270615,0.091178,0.006411602,0.31976447,0.014067135,null,null,null,null,"TWOGAUSSIANS",8,91.77418,0.7621941,0.0041270615,0.4,0.0,0.2994936,0.011908478,0.26495898,0.0038421587,0.4,0.0,0.29830587,0.0076185223
375316653866487564,5894625017863962752,0.49346206,2175.408355756625,0.28287230918077705,1.8577888E-5,16.870564,0.0062770536,0.26606402,0.01723123,0.0641482,0.021798942,0.20690618,0.13694414,0.73950803,0.004887837,0.048491683,0.0038333212,0.2836956,0.02966813,null,null,null,null,"TWOGAUSSIANS",8,46.885303,0.73950803,0.004887837,0.27155343,0.021466598,0.28368717,0.029667826,0.26606402,0.01723123,0.35922992,0.10132426,0.20689777,0.13699204
375316653866487564,5894625258382294656,0.62404853,2199.926137693651,1.9902814861455878,1.5017241E-6,17.475649,0.017119654,0.275244,7.40361E-4,0.048986275,0.002427565,0.63743824,0.034871936,0.77514756,0.0024045052,0.05402183,0.0064018946,0.17827627,0.041082747,0.066265084,0.021078065,0.275244,7.40361E-4,"TWOGAUSSIANS_WITH_ELLIPSOIDAL_ON_ECLIPSE1",9,6.703842,0.275244,7.40361E-4,0.27432314,0.013594364,0.7699627,0.018898694,0.7751576,0.0021500338,0.30252227,0.03585061,0.31080073,0.015180287
375316653866487564,5894629415910553472,0.6308361,2176.0172505202713,2.557443388687365,2.4951642E-6,15.823101,0.011705234,0.26185164,0.0013272511,0.059646245,0.0032791416,0.32045552,0.02660417,0.7623011,0.0015757878,0.05949019,0.0031993599,0.30805987,0.02505443,0.08728602,0.014025806,0.26185164,0.0013272511,"TWOGAUSSIANS_WITH_ELLIPSOIDAL_ON_ECLIPSE1",9,26.3475,0.26185164,0.0013272511,0.33401898,0.018363193,0.49493387,0.013726066,0.7623011,0.0015011097,0.33314505,0.017916415,0.48253682,0.007479393
375316653866487564,5894629622059780736,0.49484614,2064.736489283768,3.641169471924989,2.0525997E-5,19.71389,0.027546346,0.2564894,0.010289742,0.08300581,0.015215077,0.31636187,0.04129082,0.7573681,0.0039999434,0.09372256,0.008754314,0.37805182,0.025229838,null,null,null,null,"TWOGAUSSIANS",8,2.5409842,0.7573681,0.0039999434,0.4,0.0,0.36554378,0.019299177,0.2564894,0.010289742,0.4,0.0,0.30385435,0.04296598
375316653866487564,5894631202617018496,0.49927285,2144.3897499439613,2.026570491355957,2.6802454E-5,16.17633,0.094172224,0.26415187,0.005491271,0.12761328,0.03718728,0.1062204,0.08495485,0.7584799,0.0056108083,0.15044922,0.061156373,0.10468713,0.09298086,null,null,null,null,"TWOGAUSSIANS",8,6.918978,0.2644919,0.0050613745,0.4,0.0,0.06693201,0.004252904,0.7584799,0.0056108083,0.4,0.0,0.06465568,0.002903206
375316653866487564,5894631370095059712,0.4241204,2098.157948760479,3.1601234962360683,4.8467697E-5,19.829138,0.03928271,0.25608376,0.02249743,0.08488769,0.022770654,0.2553227,0.05960109,0.7925535,0.013408408,0.06580761,0.017035216,0.3176962,0.042003628,null,null,null,null,"TWOGAUSSIANS",8,7.976661,0.7925535,0.013408408,0.3685226,0.08998387,0.31671196,0.039967258,0.25608376,0.02249743,0.4,0.0,0.25433832,0.05813654
375316653866487564,5894632095962067584,0.54502946,2072.8697930083895,2.529982155634643,7.3577685E-6,19.483673,0.016176594,0.22513923,0.0025564125,0.04330097,0.0062491708,0.4608166,0.04301408,0.7249504,0.0029080634,0.04282966,0.006362399,0.4474544,0.064562626,0.13451008,0.031124817,0.22513923,0.0025564125,"TWOGAUSSIANS_WITH_ELLIPSOIDAL_ON_ECLIPSE1",9,5.176469,0.22513923,0.0025564125,0.24248543,0.034995355,0.7298364,0.032075167,0.7249704,0.0027942199,0.23984608,0.035629436,0.7164739,0.0788657
375316653866487564,5894632233401033856,0.5904002,2068.297934636739,1.4318578776532545,1.7008566E-5,19.159273,0.0064870464,0.12596205,0.0031625163,0.030025598,0.008721371,0.13047706,0.038738362,0.61797905,0.0012635463,0.034917284,0.0017736383,0.8736273,0.027784538,null,null,null,null,"TWOGAUSSIANS",8,2.920476,0.61797905,0.0012635463,0.19553679,0.009932375,0.8736273,0.027784538,0.12596205,0.0031625163,0.16814335,0.048839677,0.13047706,0.038738362
375316653866487564,5894633332920987136,0.5161395,2160.01560427582,3.3428208787882783,8.415567E-6,16.53548,0.006219614,0.2662268,0.0032247764,0.09268021,0.0065223626,0.13145357,0.006194652,0.77405936,0.00337701,0.088445775,0.0065977904,0.12332378,0.0059528654,null,null,null,null,"TWOGAUSSIANS",8,9.39254,0.2662268,0.0032247764,0.4,0.0,0.1264516,0.0047544423,0.77405936,0.00337701,0.4,0.0,0.11832191,0.004434588
375316653866487564,5894634707310537600,0.5063008,2133.3631410805747,1.5035177987920165,1.0429792E-5,17.05844,0.007343071,0.110809095,0.005064799,0.098278284,0.010141725,0.07692385,0.0072673555,0.6053405,0.002679865,0.09771359,0.008698839,0.108344905,0.006282852,null,null,null,null,"TWOGAUSSIANS",8,4.206186,0.6053405,0.002679865,0.4,0.0,0.101802506,0.0042747753,0.110809095,0.005064799,0.4,0.0,0.07038153,0.0039093904
375316653866487564,5894634982180376704,0.52595437,2088.762799622904,3.260278207624297,2.246508E-5,19.79127,0.013955518,0.2694077,0.0026237497,0.062376153,0.0031165509,0.5658953,0.023976345,0.77692825,0.004691225,0.07408117,0.0065409685,0.40577126,0.025878416,null,null,null,null,"TWOGAUSSIANS",8,3.4162517,0.2694077,0.0026237497,0.34930646,0.017452685,0.5649644,0.023721883,0.77692825,0.004691225,0.4,0.0063430015,0.40484035,0.025960058
375316653866487564,5894635012227823232,0.5726832,2136.4036717692693,2.782782627045539,4.7118224E-6,17.993397,0.0077237757,0.25893506,0.002264476,0.079576254,0.0032970777,0.45680174,0.021138342,0.7505544,0.0019563788,0.07503777,0.0024512406,0.4263346,0.012244371,null,null,null,null,"TWOGAUSSIANS",8,7.1738534,0.25893506,0.002264476,0.4,0.0,0.45283556,0.021495042,0.7505544,0.0019563788,0.4,0.0,0.4223684,0.011955604
375316653866487564,5894636631458205312,0.5967707,2122.6939285997396,2.9107251266156036,4.0472783E-6,18.30652,0.006561324,0.29947597,0.0012369644,0.046692867,0.002911464,0.2167567,0.01666515,0.79519564,0.004944805,0.041930914,0.0046234936,0.2563743,0.021326642,0.11642298,0.008818836,0.29947597,0.0012369644,"TWOGAUSSIANS_WITH_ELLIPSOIDAL_ON_ECLIPSE1",9,2.4578052,0.79567564,0.0043805945,0.23481311,0.025891565,0.48907053,0.012853595,0.29947597,0.0012369644,0.26148006,0.016304199,0.44960245,0.011149251
375316653866487564,5894637215571523328,0.55355746,2100.7733984369293,2.7091920512895085,7.3911274E-6,17.503185,0.010481965,0.28792533,0.0027337212,0.08610547,0.005128337,0.2768841,0.009731638,0.7875393,0.0018291441,0.08965657,0.004336939,0.28857163,0.010705372,null,null,null,null,"TWOGAUSSIANS",8,8.747186,0.7875393,0.0018291441,0.4,0.0,0.27874509,0.008714889,0.28792533,0.0027337212,0.4,0.0,0.26705763,0.007722756
375316653866487564,5894637318642749952,0.5098735,2107.838686194447,3.3582261051799507,9.463332E-6,18.987444,0.012588569,0.14007808,0.0083236275,0.07942552,0.008974769,0.28726783,0.016547745,0.630029,0.008445798,0.07927384,0.009676492,0.26734516,0.017599817,null,null,null,null,"TWOGAUSSIANS",8,4.0652037,0.14007808,0.0083236275,0.4,0.0,0.2841004,0.015650831,0.630029,0.008445798,0.4,0.0,0.26417774,0.016380161
375316653866487564,5894637348690083328,0.43951043,2130.4417921307777,2.148326958056593,2.6955719E-5,18.399298,0.003914104,0.22979088,0.008127265,0.052452732,0.02528037,0.012144984,0.01109114,null,null,null,null,null,null,0.043078847,0.005018991,0.22979088,0.008127265,"ONEGAUSSIAN_WITH_ELLIPSOIDAL",6,5.633387,0.22979088,0.008127265,0.2937353,0.14157006,0.09830242,0.008323617,null,null,null,null,null,null
375316653866487564,5894638967910348160,0.50591266,2044.5180709035362,3.2377246854924855,1.3215413E-5,19.609877,0.010768664,0.13367999,0.003324717,0.08989462,0.007613971,0.31669027,0.018927723,0.6317542,0.0054818816,0.09100906,0.007072769,0.33211392,0.018267224,null,null,null,null,"TWOGAUSSIANS",8,2.125397,0.6317542,0.0054818816,0.4,0.0,0.3182971,0.018182904,0.13367999,0.003324717,0.4,0.0,0.3028735,0.02134352
