Gaia/vari_eclipsing_binary/VariEclipsingBinary_648920-649247.csv
# %ECSV 1.0
# ---
# delimiter: ','
# meta: !!omap
# - RELEASE: Gaia DR3
# - TABLE: vari_eclipsing_binary
# - DESCRIPTION: >
#     This table describes the properties of the eclipsing binaries resulting from the variability analysis. 
# - CITATION: >
#     How to cite and acknowledge Gaia: 
#     https://gea.esac.esa.int/archive/documentation/credits.html 
# - KNOWN_ISSUES: >
#     Known issues: 
#     https://www.cosmos.esa.int/web/gaia-users/known-issues 
# - DOCUMENTATION: >
#     Tutorials and documentation: 
#     https://www.cosmos.esa.int/web/gaia-users/archive 
# datatype:
# - 
#   name: solution_id
#   datatype: int64
#   description: Solution Identifier
#   meta:
#     ucd: meta.version
# - 
#   name: source_id
#   datatype: int64
#   description: Unique source identifier
#   meta:
#     ucd: meta.id;meta.main
# - 
#   name: global_ranking
#   datatype: float32
#   description: Number between 0 (worst) and 1 (best)
#   meta:
#     ucd: stat.param
# - 
#   name: reference_time
#   datatype: float64
#   unit: d
#   description: Reference time used for the geometric model fit
#   meta:
#     ucd: time.epoch
# - 
#   name: frequency
#   datatype: float64
#   unit: d**-1
#   description: Frequency of geometric model of the eclipsing binary light curve
#   meta:
#     ucd: src.orbital
# - 
#   name: frequency_error
#   datatype: float32
#   unit: d**-1
#   description: "Uncertainty of \\texttt{frequency}"
#   meta:
#     ucd: stat.error
# - 
#   name: geom_model_reference_level
#   datatype: float32
#   unit: mag
#   description: Magnitude reference level of geometric model
#   meta:
#     ucd: phot.mag;em.opt
# - 
#   name: geom_model_reference_level_error
#   datatype: float32
#   unit: mag
#   description: "Uncertainty of \\texttt{geomModelReferenceLevel}"
#   meta:
#     ucd: stat.error;phot.mag;em.opt
# - 
#   name: geom_model_gaussian1_phase
#   datatype: float32
#   description: Phase of the Gaussian 1 component
#   meta:
#     ucd: time.phase
# - 
#   name: geom_model_gaussian1_phase_error
#   datatype: float32
#   description: "Uncertainty of \\texttt{geomModelGaussian1Phase}"
#   meta:
#     ucd: stat.error;time.phase
# - 
#   name: geom_model_gaussian1_sigma
#   datatype: float32
#   description: "Standard deviation [phase] of Gaussian 1 component"
#   meta:
#     ucd: stat.stdev
# - 
#   name: geom_model_gaussian1_sigma_error
#   datatype: float32
#   description: "Uncertainty of \\texttt{geomModelGaussian1Sigma}"
#   meta:
#     ucd: stat.error
# - 
#   name: geom_model_gaussian1_depth
#   datatype: float32
#   unit: mag
#   description: Magnitude depth of Gaussian 1 component
#   meta:
#     ucd: src.var.amplitude
# - 
#   name: geom_model_gaussian1_depth_error
#   datatype: float32
#   unit: mag
#   description: "Uncertainty of \\texttt{geomModelGaussian1Depth}"
#   meta:
#     ucd: stat.error;src.var.amplitude
# - 
#   name: geom_model_gaussian2_phase
#   datatype: float32
#   description: Phase of Gaussian 2 component
#   meta:
#     ucd: time.phase
# - 
#   name: geom_model_gaussian2_phase_error
#   datatype: float32
#   description: "Uncertainty of \\texttt{geomModelGaussian2Phase}"
#   meta:
#     ucd: stat.error;time.phase
# - 
#   name: geom_model_gaussian2_sigma
#   datatype: float32
[...]
#   datatype: float32
#   description: "Secondary eclipse: uncertainty of \\texttt{derivedSecondaryEclDuration}"
#   meta:
#     ucd: stat.error;time.duration
# - 
#   name: derived_secondary_ecl_depth
#   datatype: float32
#   unit: mag
#   description: "Secondary eclipse: depth"
#   meta:
#     ucd: src.var.amplitude
# - 
#   name: derived_secondary_ecl_depth_error
#   datatype: float32
#   unit: mag
#   description: "Secondary eclipse: uncertainty of \\texttt{derivedSecondaryEclDepth}"
#   meta:
#     ucd: stat.error;src.var.amplitude
solution_id,source_id,global_ranking,reference_time,frequency,frequency_error,geom_model_reference_level,geom_model_reference_level_error,geom_model_gaussian1_phase,geom_model_gaussian1_phase_error,geom_model_gaussian1_sigma,geom_model_gaussian1_sigma_error,geom_model_gaussian1_depth,geom_model_gaussian1_depth_error,geom_model_gaussian2_phase,geom_model_gaussian2_phase_error,geom_model_gaussian2_sigma,geom_model_gaussian2_sigma_error,geom_model_gaussian2_depth,geom_model_gaussian2_depth_error,geom_model_cosine_half_period_amplitude,geom_model_cosine_half_period_amplitude_error,geom_model_cosine_half_period_phase,geom_model_cosine_half_period_phase_error,model_type,num_model_parameters,reduced_chi2,derived_primary_ecl_phase,derived_primary_ecl_phase_error,derived_primary_ecl_duration,derived_primary_ecl_duration_error,derived_primary_ecl_depth,derived_primary_ecl_depth_error,derived_secondary_ecl_phase,derived_secondary_ecl_phase_error,derived_secondary_ecl_duration,derived_secondary_ecl_duration_error,derived_secondary_ecl_depth,derived_secondary_ecl_depth_error
[from data line 145]
375316653866487564,5708634478441187584,0.4786981,2287.0754376565737,1.8463691385300807,1.9006122E-5,18.522442,0.003916302,0.3745649,0.016148277,0.0230099,0.016989943,0.05371507,1.0021906,0.56528115,0.0025497195,0.02931441,0.0016127852,0.25804472,0.005797833,null,null,null,null,"TWOGAUSSIANS",8,4.611802,0.56528115,0.0025497195,0.1641607,0.009031597,0.25804472,0.005797833,0.3745649,0.016148277,0.12885544,0.095143676,0.05371507,1.0021906
375316653866487564,5708638743345965568,0.56756276,2346.0056994514443,3.5008444161600325,1.0050947E-5,17.163395,0.008779348,0.21992426,0.0019209785,0.047610145,0.0046328055,0.18939936,0.02375306,0.7185978,0.004408545,0.046208233,0.0068871286,0.2906953,0.037004504,0.08193714,0.012593804,0.21992426,0.0019209785,"TWOGAUSSIANS_WITH_ELLIPSOIDAL_ON_ECLIPSE1",9,12.644969,0.7187178,0.004215492,0.2587661,0.038567923,0.45455888,0.045980535,0.21992426,0.0019209785,0.26661682,0.02594371,0.35327333,0.015267248
375316653866487564,5708649016906204032,0.42056707,2270.864592851177,1.4368367586757067,6.966106E-5,18.9201,0.1786172,0.20745227,0.03491555,0.18206973,0.115339175,0.18199192,0.17248408,0.788258,0.016106347,0.08415586,0.031466316,0.2218855,0.069937736,null,null,null,null,"TWOGAUSSIANS",8,7.0756936,0.793138,0.01297545,0.4,0.0,0.2031153,0.049001783,0.20744227,0.034769528,0.4,0.0,0.14890012,0.035206202
375316653866487564,5708656541690450432,0.6267475,2342.8924726042433,4.205007313741656,4.870662E-6,14.911066,0.0072606145,0.25677136,0.0020545642,0.052029844,0.002983477,0.3091454,0.018706579,0.7531576,0.001411197,0.04377503,0.0028144303,0.2547721,0.017064031,0.09856257,0.010051761,0.7531576,0.001411197,"TWOGAUSSIANS_WITH_ELLIPSOIDAL_ON_ECLIPSE2",9,78.58675,0.25634137,0.0017606028,0.29136714,0.01670747,0.5061788,0.012048586,0.7531576,0.001411197,0.24514017,0.01576081,0.4518949,0.007841417
375316653866487564,5708659427908023936,0.6666548,2291.450105218295,2.5753490954874176,3.2253483E-6,15.456611,0.0032553854,0.23117012,7.8693044E-4,0.041863423,0.0088900775,0.047106616,0.006273921,0.7255691,0.0029925618,0.042559214,0.006034546,0.06589011,0.007139641,0.12579884,0.0045353165,0.23117012,7.8693044E-4,"TWOGAUSSIANS_WITH_ELLIPSOIDAL_ON_ECLIPSE1",9,9.638407,0.72754914,0.0019289436,0.2383316,0.03379346,0.31728595,0.0064022527,0.23117012,7.8693044E-4,0.23443516,0.049784433,0.29870394,0.0064343065
375316653866487564,5708666231136582656,0.66982394,2313.9919645926425,3.1074763614405025,2.927478E-6,16.29674,0.0028361224,0.25126222,0.0015896611,0.04494327,0.0027804603,0.40529317,0.031338345,0.751181,4.999437E-4,0.03986515,8.8164245E-4,0.4274504,0.0070047346,0.123271175,0.005199331,0.25126222,0.0015896611,"TWOGAUSSIANS_WITH_ELLIPSOIDAL_ON_ECLIPSE1",9,12.435568,0.751191,4.143127E-4,0.22324485,0.0049371975,0.67399204,0.005613681,0.25126222,0.0015896611,0.2516823,0.015570578,0.6518349,0.033222094
375316653866487564,5708672652111443840,0.57718027,2343.0884882876744,0.8243096511649196,6.49368E-6,15.017654,0.0031267558,0.28211424,5.625982E-4,0.012146077,0.0018845791,0.04495227,0.010535628,0.748822,5.6358887E-4,0.036345154,8.385335E-4,0.37818646,0.009689408,0.017633779,0.0039511295,0.748822,5.6358887E-4,"TWOGAUSSIANS_WITH_ELLIPSOIDAL_ON_ECLIPSE2",9,41.769985,0.748822,5.6358887E-4,0.20353286,0.0046957876,0.413454,0.008070502,0.28182423,4.532026E-4,0.068018034,0.010553643,0.07871215,0.008927494
375316653866487564,5708683239208178176,0.4344944,2325.1691549986444,4.176053985117449,8.133206E-5,19.303627,0.047827896,0.2756695,0.042171326,0.037374903,0.055169858,0.15970764,0.08708073,0.7501043,0.008415304,0.05570849,0.015453364,0.2771932,0.07332443,0.031285238,0.04478511,0.2756695,0.042171326,"TWOGAUSSIANS_WITH_ELLIPSOIDAL_ON_ECLIPSE1",9,17.358582,0.7514243,0.007136724,0.31196755,0.08653884,0.3382434,0.028392818,0.2756695,0.042171326,0.20929946,0.22105215,0.2222765,0.026292574
375316653866487564,5708693027436679680,0.4311423,2357.961382112537,1.5350084190629938,5.3168624E-5,17.03471,0.005152384,0.085809894,0.025780821,0.01962022,0.016246902,0.08651744,0.10339717,0.58587533,0.0054677697,0.03596391,0.011616512,0.1988777,0.06599684,null,null,null,null,"TWOGAUSSIANS",8,66.10626,0.58587533,0.0054677697,0.2013979,0.06505247,0.1988777,0.06599684,0.085809894,0.025780821,0.10987323,0.090982646,0.08651744,0.10339717
375316653866487564,5708702137062966016,0.46335948,2316.9139720914613,1.788050758322213,4.039208E-5,14.91229,0.008470991,0.24427134,0.0073407367,0.022206666,0.008259022,0.07648386,0.026765574,0.77095103,0.0033228158,0.04664647,0.006355561,0.22249632,0.0185936,0.03402755,0.01338981,0.24427134,0.0073407367,"TWOGAUSSIANS_WITH_ELLIPSOIDAL_ON_ECLIPSE1",9,646.33026,0.77095103,0.0033228158,0.26122022,0.03559114,0.2886567,0.022611039,0.24427134,0.0073407367,0.12435733,0.04625052,0.14453882,0.02576043
375316653866487564,5708705018985477632,0.5536275,2327.256776455347,2.4097454761813673,1.0531182E-5,16.040764,0.098626934,0.28717485,0.0023132302,0.12839852,0.028215734,0.2418578,0.09302583,0.7863865,0.004556906,0.13186744,0.033086073,0.21981795,0.09279145,null,null,null,null,"TWOGAUSSIANS",8,10.7023535,0.28718483,0.0023361342,0.4,0.0,0.16986546,0.0056873746,0.7863865,0.004565276,0.4,0.0,0.14774,0.012212297
375316653866487564,5708716598217572096,0.5719384,2373.25817947379,0.05788092121260814,1.0521361E-5,16.481562,0.0043573584,0.37984458,0.042141978,0.038754996,0.028325913,0.03315489,0.008543363,0.67031807,1.6040996E-5,0.0025559764,5.5951965E-5,0.6373076,0.003412011,null,null,null,null,"TWOGAUSSIANS",8,25.32349,0.67031807,1.6040996E-5,0.014313468,3.13331E-4,0.6373076,0.0034119757,0.37984458,0.042141978,0.21702798,0.15862511,0.03315489,0.008543363
375316653866487564,5708719110774963200,0.56296176,2368.2625323308043,0.6760065286329836,1.8504246E-5,14.767045,0.003095606,0.31475845,0.019492263,0.016321244,0.009881022,0.15377033,0.087969236,0.8010252,0.0012973063,0.019758731,0.0013643221,0.53263956,0.071272306,0.009903735,0.0048538703,0.8010252,0.0012973063,"TWOGAUSSIANS_WITH_ELLIPSOIDAL_ON_ECLIPSE2",9,35.069546,0.8010252,0.0012973063,0.1106489,0.0076402044,0.552447,0.07367757,0.31471843,0.019431226,0.09139897,0.055333726,0.17343107,0.08434635
375316653866487564,5708730071530158336,0.5247377,2365.5086922473592,0.26857442226529166,1.4825966E-5,15.88356,0.0021441437,0.21444534,0.013323196,0.008781327,0.0061342763,0.032395218,0.24068528,0.715797,0.0021801013,0.023124909,0.002242606,0.277358,0.026725642,0.013781674,0.0021345692,0.715797,0.0021801013,"TWOGAUSSIANS_WITH_ELLIPSOIDAL_ON_ECLIPSE2",9,17.541008,0.715797,0.0021801013,0.1294995,0.0125585925,0.3049213,0.027298354,0.21445534,0.013307591,0.049175434,0.03435195,0.059956558,0.24067587
375316653866487564,5708742922072832512,0.5621231,2311.6712273556805,0.921922633158175,1.0378831E-5,15.4572935,0.0015365308,0.15436362,0.12662543,0.053132568,0.07053647,0.0032988607,0.002900874,0.754312,0.0033273732,0.029378232,0.00268618,0.10313982,0.006180634,0.008806259,0.002927239,0.754312,0.0033273732,"TWOGAUSSIANS_WITH_ELLIPSOIDAL_ON_ECLIPSE2",9,6.1052446,0.754312,0.0033273732,0.1645181,0.015042607,0.120752305,0.005065386,0.23135363,0.0647526,0.29754236,0.3722246,0.018403135,0.002077902
375316653866487564,5708749514844985088,0.59016526,2302.5375752797504,3.7266622870683936,5.8387905E-6,18.211367,0.009924902,0.27218375,0.0014090213,0.04537132,0.003680861,0.30393058,0.027719311,0.76605994,0.0028497535,0.045243748,0.004171346,0.20272803,0.023826098,0.106168374,0.013774664,0.27218375,0.0014090213,"TWOGAUSSIANS_WITH_ELLIPSOIDAL_ON_ECLIPSE1",9,4.74973,0.27218375,0.0014090213,0.2540794,0.020612823,0.516267,0.022704596,0.7669499,0.002336259,0.25336498,0.023359537,0.4147957,0.008061425
375316653866487564,5708751134050225280,0.56548315,2332.3356801138884,0.42356043806016563,3.081662E-5,16.173922,0.014829115,0.21231745,0.0023592003,0.04167356,0.0044262563,0.2723373,0.032619707,0.7113819,0.0152781885,0.042290896,0.0104554705,0.84733635,0.23866345,0.057511553,0.017430713,0.21231745,0.0023592003,"TWOGAUSSIANS_WITH_ELLIPSOIDAL_ON_ECLIPSE1",9,112.537544,0.71140194,0.0149910785,0.23682901,0.058550633,0.96235543,0.2314996,0.21231745,0.0023592003,0.23337194,0.024787037,0.38736024,0.0141381575
375316653866487564,5708752748958985344,0.43629932,2304.1972254047078,4.457682453375797,1.5624275E-5,19.801252,0.009480222,null,null,null,null,null,null,null,null,null,null,null,null,0.15017302,0.015356898,0.3204078,0.005921117,"ELLIPSOIDAL",4,6.5835557,null,null,null,null,null,null,null,null,null,null,null,null
375316653866487564,5708771779955614080,0.6104853,2351.7211089982075,3.772286721536369,4.4690464E-6,17.954432,0.010618309,0.16125914,0.0016974232,0.055950835,0.0032334046,0.42851883,0.025097914,0.65737385,0.0016897791,0.05089332,0.0031035522,0.29938343,0.025128609,0.080130726,0.014992642,0.16125914,0.0016974232,"TWOGAUSSIANS_WITH_ELLIPSOIDAL_ON_ECLIPSE1",9,5.4994197,0.16125914,0.0016974232,0.3133247,0.018107066,0.588759,0.014378091,0.6577538,0.0014764972,0.2850026,0.017379893,0.45953757,0.010968146
375316653866487564,5708784321261632512,0.6295834,2323.8640342491944,2.246932387848308,5.973763E-6,15.473138,0.010408818,0.20517133,0.0010911098,0.050815642,0.004751195,0.2703213,0.020777894,0.7013339,0.0041673593,0.055510275,0.0048363954,0.30282268,0.025869787,0.12633234,0.013801886,0.20517133,0.0010911098,"TWOGAUSSIANS_WITH_ELLIPSOIDAL_ON_ECLIPSE1",9,74.94058,0.70198387,0.003389233,0.31085753,0.027083816,0.5553545,0.020114519,0.20517133,0.0010911098,0.2845676,0.026606694,0.52297515,0.015009172
375316653866487564,5708792224004239232,0.55950123,2339.6854347638373,3.830771065117501,1.0675705E-5,17.669016,0.012261238,0.2340205,0.003333545,0.096995905,0.0057619805,0.27638406,0.013145211,0.73041636,0.003450755,0.0963163,0.0063045397,0.25635383,0.011979154,null,null,null,null,"TWOGAUSSIANS",8,5.2635717,0.2340205,0.003333545,0.4,0.0,0.25849926,0.009061893,0.73041636,0.003450755,0.4,0.0,0.23846924,0.0071476204
375316653866487564,5708807239205154176,0.45037878,2358.457450763597,0.05973097831669328,7.7376E-6,13.868946,0.0029189645,0.3267476,0.017939435,0.04673314,0.019110886,0.10339176,0.02838768,0.82731396,0.0019146296,0.017769506,0.0020020844,0.9722689,0.39623407,0.029946225,0.008870507,0.3267476,0.017939435,"TWOGAUSSIANS_WITH_ELLIPSOIDAL_ON_ECLIPSE1",9,751.7345,0.82731396,0.0019073063,0.09950924,0.011211673,1.0321604,0.4049526,0.3267476,0.017939435,0.2617056,0.10702096,0.16328408,0.028097095
375316653866487564,5708819368193606528,0.5406312,2342.8986073016426,3.00134513612962,8.7482895E-6,17.689482,0.014199902,0.22277501,0.0046129157,0.10392688,0.010097017,0.24282195,0.012110772,0.7368035,0.002535082,0.09347786,0.0055769426,0.23406316,0.013823231,null,null,null,null,"TWOGAUSSIANS",8,6.3488617,0.22277501,0.0046129157,0.4,0.0,0.22676148,0.010726893,0.7368135,0.0025430727,0.4,0.0,0.21800783,0.0076478315
375316653866487564,5708834387696421632,0.62241685,2335.8728858675936,3.2808537057591725,6.290342E-6,15.294926,0.018817576,0.27747336,0.0012857292,0.048194796,0.0056860466,0.41112545,0.031482395,0.7851104,0.0019656536,0.048936132,0.004130887,0.4241307,0.043295383,0.12577724,0.02061464,0.7851104,0.0019656536,"TWOGAUSSIANS_WITH_ELLIPSOIDAL_ON_ECLIPSE2",9,78.34131,0.7851104,0.0019656536,0.27404234,0.023132967,0.6756829,0.020424195,0.27824336,0.0010935671,0.26989084,0.03184186,0.6621572,0.031059043
375316653866487564,5708836616783082624,0.5109905,2361.9490864532013,1.4735729377309068,8.834304E-6,16.674164,0.006120607,0.42128888,0.021773929,0.03088734,0.024748784,0.11321733,0.091359854,0.9055561,0.0015063913,0.031622164,0.002265732,0.50584006,0.01978066,null,null,null,null,"TWOGAUSSIANS",8,104.342,0.9055561,0.0015063913,0.17708412,0.012688099,0.50584006,0.01978066,0.42128888,0.021773929,0.1729691,0.13859318,0.11321733,0.091359854
375316653866487564,5708840950405924224,0.58314675,2313.0212419712097,2.6746937973357277,7.2843077E-6,14.784906,0.009258494,0.21753876,0.0032811,0.09957855,0.006566632,0.27918226,0.012044207,0.71128356,0.0018762437,0.09150366,0.003166755,0.32717866,0.009779332,null,null,null,null,"TWOGAUSSIANS",8,66.955444,0.71128356,0.0018762437,0.4,0.0,0.30920202,0.0060786293,0.21753876,0.0032811,0.4,0.0,0.26120389,0.012967366
375316653866487564,5708843630465491584,0.6107604,2334.2875163524536,2.1498311473397846,5.9350527E-6,10.49047,0.0076204315,0.26673824,9.631098E-4,0.09600854,0.0024269873,0.29713267,0.007413452,0.7665503,0.0015770975,0.1031381,0.004833435,0.27478245,0.006236502,null,null,null,null,"TWOGAUSSIANS",8,107.463524,0.26673824,9.631098E-4,0.4,0.0,0.27281332,0.002809456,0.7665503,0.0015770975,0.4,0.0,0.25045955,0.0077708927
375316653866487564,5708851872507441024,0.51890653,2329.230727461877,3.0089466620090017,1.3417245E-5,17.743387,0.029166339,0.23050088,0.0032447889,0.124312125,0.016749732,0.17827559,0.027003137,0.7024978,0.004376676,0.10340695,0.013496773,0.23026057,0.024416137,null,null,null,null,"TWOGAUSSIANS",8,4.3764696,0.7024978,0.004376676,0.4,0.0,0.2034378,0.012013508,0.23052087,0.003231141,0.4,0.0,0.15130663,0.0059599704
375316653866487564,5708853212537266944,0.520995,2344.928830033247,2.864763901945241,3.7798927E-5,17.028774,0.009049765,0.21086612,0.0054762578,0.041255087,0.0149080595,0.069887124,0.02297192,0.7037831,0.0046547893,0.04855778,0.0056209834,0.24403782,0.025973728,0.047929466,0.0138177285,0.21086612,0.0054762578,"TWOGAUSSIANS_WITH_ELLIPSOIDAL_ON_ECLIPSE1",9,30.15753,0.7042631,0.004254176,0.27192357,0.031477507,0.3397197,0.01742565,0.21086612,0.0054762578,0.2310285,0.083485134,0.16574582,0.013027118
375316653866487564,5708855926956609408,0.49463427,2356.8061529560064,2.5401301168462873,1.886293E-5,16.52102,0.03619067,0.28178614,0.0072670155,0.042349003,0.023028702,0.27876294,0.0789667,0.7753984,0.007890911,0.048434507,0.013492916,0.3160114,0.09536245,0.07615158,0.063246906,0.28178614,0.0072670155,"TWOGAUSSIANS_WITH_ELLIPSOIDAL_ON_ECLIPSE1",9,223.51285,0.77591836,0.0068572997,0.27123326,0.07556033,0.46808878,0.03944794,0.28178614,0.0072670155,0.23715442,0.12896073,0.43106544,0.09095213
375316653866487564,5708858439512782208,0.48304546,2360.3302504597586,1.219194785211315,3.7792233E-5,15.204823,0.028592087,0.2197836,0.0073996955,0.0962671,0.014840329,0.24701732,0.02803869,0.7330084,0.011593529,0.115354605,0.017542072,0.22960861,0.030071644,null,null,null,null,"TWOGAUSSIANS",8,176.83156,0.21975361,0.0073900716,0.4,0.0,0.22212432,0.01289887,0.7330084,0.011593491,0.4,0.0,0.2046737,0.012968223
375316653866487564,5708862631400632832,0.6502839,2335.9359226100055,1.9618068144362046,3.3147621E-6,14.807514,0.010779113,0.23069988,9.1517944E-4,0.055368003,0.003324339,0.26505676,0.022235727,0.72749466,0.002046324,0.062438745,0.0034328913,0.4826755,0.01965913,0.07763847,0.012399239,0.23069988,9.1517944E-4,"TWOGAUSSIANS_WITH_ELLIPSOIDAL_ON_ECLIPSE1",9,47.704956,0.7277847,0.0018372627,0.34965697,0.019224191,0.63775724,0.008618869,0.23069988,9.1517944E-4,0.31006083,0.018616298,0.42019582,0.008470996
375316653866487564,5708889157118944896,0.6419075,2287.0083117058844,2.9868742455248354,3.67118E-6,17.470074,0.00964015,0.23066993,8.5346226E-4,0.040497296,0.0020535951,0.45436624,0.021723855,0.72956425,0.004439251,0.046741463,0.0037847373,0.5395063,0.03405149,0.1384257,0.012502923,0.23066993,8.5346226E-4,"TWOGAUSSIANS_WITH_ELLIPSOIDAL_ON_ECLIPSE1",9,9.984262,0.72965425,0.0040591946,0.2617522,0.021194529,0.8163447,0.019979266,0.23066993,8.5346226E-4,0.22678486,0.011500132,0.73121685,0.011537683
375316653866487564,5708889431996821504,0.6440022,2266.151872274044,1.4407514552772522,8.016386E-6,16.374407,0.0063772765,0.30704695,7.5084675E-4,0.049552016,0.0030440649,0.19649196,0.012641452,0.80721325,0.0036448669,0.061186943,0.0053303787,0.1988284,0.016780356,0.10328444,0.00753266,0.30704695,7.5084675E-4,"TWOGAUSSIANS_WITH_ELLIPSOIDAL_ON_ECLIPSE1",9,8.182436,0.80721325,0.0030628762,0.3426469,0.02985012,0.40534937,0.018254383,0.30704695,7.5084675E-4,0.2774913,0.017046764,0.40301314,0.006085302
