Gaia/vari_eclipsing_binary/VariEclipsingBinary_512208-512261.csv
# %ECSV 1.0
# ---
# delimiter: ','
# meta: !!omap
# - RELEASE: Gaia DR3
# - TABLE: vari_eclipsing_binary
# - DESCRIPTION: >
#     This table describes the properties of the eclipsing binaries resulting from the variability analysis. 
# - CITATION: >
#     How to cite and acknowledge Gaia: 
#     https://gea.esac.esa.int/archive/documentation/credits.html 
# - KNOWN_ISSUES: >
#     Known issues: 
#     https://www.cosmos.esa.int/web/gaia-users/known-issues 
# - DOCUMENTATION: >
#     Tutorials and documentation: 
#     https://www.cosmos.esa.int/web/gaia-users/archive 
# datatype:
# - 
#   name: solution_id
#   datatype: int64
#   description: Solution Identifier
#   meta:
#     ucd: meta.version
# - 
#   name: source_id
#   datatype: int64
#   description: Unique source identifier
#   meta:
#     ucd: meta.id;meta.main
# - 
#   name: global_ranking
#   datatype: float32
#   description: Number between 0 (worst) and 1 (best)
#   meta:
#     ucd: stat.param
# - 
#   name: reference_time
#   datatype: float64
#   unit: d
#   description: Reference time used for the geometric model fit
#   meta:
#     ucd: time.epoch
# - 
#   name: frequency
#   datatype: float64
#   unit: d**-1
#   description: Frequency of geometric model of the eclipsing binary light curve
#   meta:
#     ucd: src.orbital
# - 
#   name: frequency_error
#   datatype: float32
#   unit: d**-1
#   description: "Uncertainty of \\texttt{frequency}"
#   meta:
#     ucd: stat.error
# - 
#   name: geom_model_reference_level
#   datatype: float32
#   unit: mag
#   description: Magnitude reference level of geometric model
#   meta:
#     ucd: phot.mag;em.opt
# - 
#   name: geom_model_reference_level_error
#   datatype: float32
#   unit: mag
#   description: "Uncertainty of \\texttt{geomModelReferenceLevel}"
#   meta:
#     ucd: stat.error;phot.mag;em.opt
# - 
#   name: geom_model_gaussian1_phase
#   datatype: float32
#   description: Phase of the Gaussian 1 component
#   meta:
#     ucd: time.phase
# - 
#   name: geom_model_gaussian1_phase_error
#   datatype: float32
#   description: "Uncertainty of \\texttt{geomModelGaussian1Phase}"
#   meta:
#     ucd: stat.error;time.phase
# - 
#   name: geom_model_gaussian1_sigma
#   datatype: float32
#   description: "Standard deviation [phase] of Gaussian 1 component"
#   meta:
#     ucd: stat.stdev
# - 
#   name: geom_model_gaussian1_sigma_error
#   datatype: float32
#   description: "Uncertainty of \\texttt{geomModelGaussian1Sigma}"
#   meta:
#     ucd: stat.error
# - 
#   name: geom_model_gaussian1_depth
#   datatype: float32
#   unit: mag
#   description: Magnitude depth of Gaussian 1 component
#   meta:
#     ucd: src.var.amplitude
# - 
#   name: geom_model_gaussian1_depth_error
#   datatype: float32
#   unit: mag
#   description: "Uncertainty of \\texttt{geomModelGaussian1Depth}"
#   meta:
#     ucd: stat.error;src.var.amplitude
# - 
#   name: geom_model_gaussian2_phase
#   datatype: float32
#   description: Phase of Gaussian 2 component
#   meta:
#     ucd: time.phase
# - 
#   name: geom_model_gaussian2_phase_error
#   datatype: float32
#   description: "Uncertainty of \\texttt{geomModelGaussian2Phase}"
#   meta:
#     ucd: stat.error;time.phase
# - 
#   name: geom_model_gaussian2_sigma
#   datatype: float32
[...]
#   datatype: float32
#   description: "Secondary eclipse: uncertainty of \\texttt{derivedSecondaryEclDuration}"
#   meta:
#     ucd: stat.error;time.duration
# - 
#   name: derived_secondary_ecl_depth
#   datatype: float32
#   unit: mag
#   description: "Secondary eclipse: depth"
#   meta:
#     ucd: src.var.amplitude
# - 
#   name: derived_secondary_ecl_depth_error
#   datatype: float32
#   unit: mag
#   description: "Secondary eclipse: uncertainty of \\texttt{derivedSecondaryEclDepth}"
#   meta:
#     ucd: stat.error;src.var.amplitude
solution_id,source_id,global_ranking,reference_time,frequency,frequency_error,geom_model_reference_level,geom_model_reference_level_error,geom_model_gaussian1_phase,geom_model_gaussian1_phase_error,geom_model_gaussian1_sigma,geom_model_gaussian1_sigma_error,geom_model_gaussian1_depth,geom_model_gaussian1_depth_error,geom_model_gaussian2_phase,geom_model_gaussian2_phase_error,geom_model_gaussian2_sigma,geom_model_gaussian2_sigma_error,geom_model_gaussian2_depth,geom_model_gaussian2_depth_error,geom_model_cosine_half_period_amplitude,geom_model_cosine_half_period_amplitude_error,geom_model_cosine_half_period_phase,geom_model_cosine_half_period_phase_error,model_type,num_model_parameters,reduced_chi2,derived_primary_ecl_phase,derived_primary_ecl_phase_error,derived_primary_ecl_duration,derived_primary_ecl_duration_error,derived_primary_ecl_depth,derived_primary_ecl_depth_error,derived_secondary_ecl_phase,derived_secondary_ecl_phase_error,derived_secondary_ecl_duration,derived_secondary_ecl_duration_error,derived_secondary_ecl_depth,derived_secondary_ecl_depth_error
[from data line 368]
375316653866487564,4505708284520988928,0.52175814,2213.0739668852343,2.5034204786361025,2.3916726E-5,18.507318,0.04482413,0.30602986,0.0072372183,0.083981,0.012273516,0.45034397,0.042881787,0.79336303,0.004769613,0.084160656,0.011838225,0.42420512,0.038015228,null,null,null,null,"TWOGAUSSIANS",8,11.395634,0.30602986,0.0072372183,0.4,0.0,0.44197178,0.030211724,0.79336303,0.004769613,0.4,0.0,0.41583294,0.027043428
375316653866487564,4505708559398867072,0.517877,2278.3739226726148,2.9659010283321563,2.046463E-5,19.097939,0.010925562,0.22370505,0.005028044,0.08613527,0.008903448,0.23290315,0.01460038,0.71358407,0.0072929864,0.08555847,0.014865622,0.2876682,0.024945652,null,null,null,null,"TWOGAUSSIANS",8,2.5900638,0.71358407,0.0072929864,0.4,0.0,0.28140578,0.028796703,0.22370505,0.005028044,0.4,0.0,0.22664075,0.013475496
375316653866487564,4505710865792249856,0.571581,2247.482945630201,0.5609734117612705,2.4372495E-5,18.820934,0.0058556045,0.41100124,0.004821036,0.07679146,0.0054372833,0.7323582,0.040161572,0.6028725,0.008166145,0.027351208,0.0052682087,0.07985204,0.023042157,null,null,null,null,"TWOGAUSSIANS",8,4.623931,0.41100124,0.004821036,0.4,0.0,0.7323582,0.040161572,0.6028725,0.008166145,0.15316677,0.029501969,0.112142265,0.024700452
375316653866487564,4505711170739135360,0.5270451,2264.641843733976,1.9230424910982378,1.01036894E-4,18.883877,0.009408498,0.19201995,8.530311E-4,0.032954246,0.0012075652,0.533545,0.015954861,0.6705416,0.019357907,0.060107704,0.027898053,0.61562425,0.4486533,null,null,null,null,"TWOGAUSSIANS",8,5.9619017,0.6705416,0.019357907,0.33660313,0.078445315,0.61562407,0.4487201,0.19201995,8.530311E-4,0.18454377,0.0067623653,0.53354484,0.015932633
375316653866487564,4505711381185573632,0.54660195,2247.770562155329,3.5441667960703858,7.858854E-6,19.654064,0.010603167,0.27066785,0.0029188122,0.057000045,0.005066817,0.75771993,0.102940634,0.7590358,0.0049916864,0.087405846,0.005310134,0.64139706,0.06039836,null,null,null,null,"TWOGAUSSIANS",8,2.232028,0.27066785,0.0029188122,0.31920025,0.028374176,0.7552099,0.1040016,0.7590358,0.0049916864,0.4,0.0,0.63888687,0.060776368
375316653866487564,4505711690441494912,0.5533564,2227.438733573359,1.5293776587652088,8.689433E-6,13.097678,7.1260217E-4,0.24705644,0.0030125368,0.02510735,0.0059692073,0.014143717,0.0037347556,0.7466217,0.006226845,0.032378588,0.022101933,0.14921936,0.11769969,0.01749749,0.0011613141,0.24705644,0.0030125368,"TWOGAUSSIANS_WITH_ELLIPSOIDAL_ON_ECLIPSE1",9,9.345334,0.7466317,0.00621126,0.18132009,0.123770826,0.18421409,0.118416876,0.24705644,0.0030125368,0.14060116,0.033427563,0.04913869,0.003754788
375316653866487564,4505711961013140224,0.62775123,2231.976704540265,3.1922514024802364,3.958237E-6,17.485476,0.011915495,0.18877047,0.0010180502,0.0459137,0.002142045,0.5970091,0.02715445,0.6927065,0.0069575934,0.039386638,0.010868366,0.37254137,1.3153859,0.1383489,0.016488485,0.18877047,0.0010180502,"TWOGAUSSIANS_WITH_ELLIPSOIDAL_ON_ECLIPSE1",9,16.289816,0.18877047,0.0010180502,0.2571167,0.011995452,0.87370646,0.012742746,0.6927065,0.0069575934,0.22056517,0.060862847,0.6490695,1.325409
375316653866487564,4505713270989487744,0.6114597,2221.7630177578553,2.5710210215621787,4.1074313E-6,16.337831,0.0065751374,0.19906348,0.0014344725,0.08074078,0.0024164433,0.4403286,0.010610244,0.7020944,0.0016094532,0.07975932,0.0038174759,0.29769453,0.014126681,null,null,null,null,"TWOGAUSSIANS",8,13.6145315,0.19906348,0.0014344725,0.4,0.0,0.43500236,0.010631468,0.7020944,0.0016094532,0.4,0.0,0.2923683,0.014844778
375316653866487564,4505713644640435584,0.5223701,2234.9758622999425,1.6608024518723703,1.40130405E-5,17.434868,0.031804424,0.14614417,0.012959344,0.12026673,0.0265733,0.10875185,0.03155059,0.640868,0.004500374,0.109460555,0.019392425,0.1452713,0.028524505,null,null,null,null,"TWOGAUSSIANS",8,2.9924114,0.640868,0.0044975965,0.4,0.0,0.12321188,0.0076076747,0.14615417,0.012976981,0.4,0.0,0.08666219,0.008713999
375316653866487564,4505713786386047232,0.44609788,2252.5084321506756,1.0096661436868741,2.611068E-5,14.440436,0.0025581168,0.22867364,0.0110392,0.03796483,0.029326541,0.028400581,0.01630656,0.8198789,0.066808105,0.048625503,0.064137004,0.008455607,224.99918,0.012563061,0.0039015913,0.22867364,0.0110392,"TWOGAUSSIANS_WITH_ELLIPSOIDAL_ON_ECLIPSE1",9,27.98099,0.22867364,0.0110392,0.21260305,0.16422863,0.053526666,0.01649684,0.8198789,0.066808105,0.2723028,0.35916725,0.026194949,225.00471
375316653866487564,4505714851519693312,0.49381226,2260.8957700936476,1.3248779936696236,6.3286534E-5,16.835493,0.006853102,0.31035846,0.0058266935,0.03623972,0.005166377,0.33006284,0.040733084,0.7852799,0.013577568,0.061677083,0.014072223,0.0829603,0.011800681,null,null,null,null,"TWOGAUSSIANS",8,27.335587,0.31035846,0.0058266935,0.20294243,0.02893171,0.3300627,0.04073319,0.7852799,0.013577568,0.34539166,0.07880445,0.08296015,0.011800627
375316653866487564,4505715465708108544,0.46925858,2294.148631662723,2.3039496724261417,3.4791105E-5,18.22906,0.023914801,0.23480031,0.0139480075,0.15661374,0.033972356,0.13116632,0.022447266,0.68218476,0.0079305805,0.075465724,0.011975769,0.27709353,0.043694224,null,null,null,null,"TWOGAUSSIANS",8,8.370393,0.68218476,0.0079305805,0.4,0.027324678,0.2619227,0.049472287,0.23480031,0.0139480075,0.4,0.0,0.113518484,0.011504538
375316653866487564,4505715813610204672,0.56322974,2229.0373368401265,2.5741343270665666,8.457019E-6,18.018616,0.016632266,0.23705542,0.0029504308,0.093632504,0.005181075,0.37004048,0.016639642,0.73374027,0.0036696019,0.09624997,0.00626014,0.32472053,0.01909036,null,null,null,null,"TWOGAUSSIANS",8,5.427646,0.23705542,0.0029504308,0.4,0.0,0.3494069,0.010290943,0.73374027,0.0036696019,0.4,0.0,0.30408654,0.014960213
375316653866487564,4505716500789633920,0.49940056,2273.888579424717,1.0689663902630515,1.4498666E-5,19.418901,0.0029457326,0.1810542,8.968681E-5,0.0038489108,1.2953054E-4,0.39392284,0.0108204605,0.63163555,0.0040399237,0.03925449,0.0048050694,0.05871974,0.006477803,null,null,null,null,"TWOGAUSSIANS",8,0.8073024,0.1810542,8.968681E-5,0.0215539,7.25371E-4,0.39392284,0.0108204605,0.63163555,0.0040399237,0.21982515,0.02690839,0.05871974,0.006477803
375316653866487564,4505716603868833280,0.52403855,2253.7540492913754,3.401503614904323,2.5863625E-5,19.224285,0.011263201,0.2580867,0.0016816458,0.018416284,0.016590003,1.8381441,1.6765676,0.77165705,0.02944478,0.03681315,0.025936455,0.13605829,0.14843194,0.1489264,0.018904293,0.2580867,0.0016816458,"TWOGAUSSIANS_WITH_ELLIPSOIDAL_ON_ECLIPSE1",9,7.8036957,0.2580867,0.0016816458,0.10313118,0.09290402,2.1359968,1.6991199,0.77165705,0.02944478,0.20615365,0.14524414,0.43175086,0.14746219
375316653866487564,4505716633939153024,0.48154762,2269.7784873846185,2.2117959849686692,2.4483825E-5,19.23931,0.0948874,0.25116187,0.0037143973,0.06387923,0.007389239,0.2649008,0.02699034,0.72158533,0.015720114,0.23485754,0.092416726,0.15891592,0.09126336,null,null,null,null,"TWOGAUSSIANS",8,1.6644937,0.25215188,0.003582215,0.35772368,0.04137974,0.23813085,0.020778181,0.72158533,0.015720114,0.4,0.0,0.09826944,0.009711448
375316653866487564,4505717733449424128,0.51419014,2261.661780443402,1.9953716128754346,1.2196591E-5,18.738281,0.011129103,0.18035315,0.005936622,0.06981101,0.0075010173,0.3597949,0.015463479,0.67411375,0.010797482,0.02974198,0.0124101695,0.2326384,0.028257374,null,null,null,null,"TWOGAUSSIANS",8,7.6678886,0.18035315,0.005936622,0.39094165,0.022981076,0.3597935,0.015463721,0.67411375,0.010797482,0.16655509,0.06949695,0.232637,0.028258657
375316653866487564,4505717870888382208,0.46745571,2288.2876591426784,3.7499344370307695,4.645237E-5,18.537073,0.040388763,0.22949974,0.0075040488,0.110086694,0.03484369,0.124075584,0.03393764,0.7208819,0.026545068,0.10567064,0.05852216,0.099829435,0.035197623,null,null,null,null,"TWOGAUSSIANS",8,2.4338841,0.22949974,0.007488934,0.4,0.0,0.110233694,0.0110210795,0.7208819,0.026545068,0.4,0.08097213,0.08599333,0.016675673
375316653866487564,4505719009065971456,0.6416858,2259.3051331129996,1.5321746839522017,3.8614035E-6,15.545993,0.005428885,0.3162207,0.0015589254,0.09240646,0.0031529895,0.25514233,0.0049376865,0.8105478,0.0014307777,0.088553466,0.0031949487,0.26757586,0.005632604,null,null,null,null,"TWOGAUSSIANS",8,6.6411486,0.8105478,0.0014307777,0.4,0.0,0.2570524,0.0055909255,0.3162207,0.0015589254,0.4,0.0,0.24461873,0.0035536827
375316653866487564,4505719558803382016,0.53056,2214.629711870932,3.558141995506206,3.9923587E-5,19.630861,0.016771358,0.2318741,0.01061219,0.069865294,0.010651162,0.63673735,0.05592957,0.7258828,0.0065868427,0.068982616,0.0054942262,0.5901987,0.06277993,null,null,null,null,"TWOGAUSSIANS",8,2.7523763,0.2318741,0.01061219,0.39124563,0.0373107,0.6351345,0.055572584,0.7258828,0.0065868427,0.38630265,0.028922262,0.5885959,0.06265552
375316653866487564,4505720349095569024,0.6308197,2249.7279929350234,1.3276904480466516,9.453837E-6,15.361148,0.0024424533,0.27359578,0.0057129245,0.057187915,0.011418396,0.250147,0.01594487,0.77620417,0.0016074452,0.06708747,0.0042980635,0.08234337,0.0032411623,null,null,null,null,"TWOGAUSSIANS",8,6.2562723,0.27359578,0.0057129245,0.32025233,0.06394301,0.25007114,0.01618624,0.77620417,0.0016074452,0.37568986,0.024069155,0.0822675,0.0032219929
375316653866487564,4505720654028596992,0.5362276,2261.7105070669522,3.5863580408306075,1.5980157E-5,19.102608,0.025973769,0.29261234,0.0047424557,0.08515051,0.0067231557,0.36789778,0.027357034,0.7791438,0.0067356387,0.08016158,0.009034308,0.45659095,0.031609654,null,null,null,null,"TWOGAUSSIANS",8,3.7403815,0.7791438,0.0067356387,0.4,0.0,0.45003513,0.029354742,0.29261234,0.0047424557,0.4,0.0,0.36134192,0.023198705
375316653866487564,4505722578167257984,0.49990636,2257.3826969329966,3.4625227487137753,3.2599575E-5,18.90565,0.012905389,0.20486994,0.0060546882,0.08890122,0.00755886,0.27038878,0.02122386,0.69589657,0.012101711,0.081744365,0.013629817,0.28833553,0.021498773,null,null,null,null,"TWOGAUSSIANS",8,3.8552475,0.69589657,0.012101711,0.4,0.0,0.28181788,0.021523004,0.20486994,0.0060546882,0.4,0.0,0.26387104,0.019858
375316653866487564,4505723407112346240,0.5473897,2240.0821805351206,3.8332559938592774,1.20187115E-5,18.547115,0.011018326,0.27189508,0.011484356,0.07743853,0.010415507,0.32063094,0.02414729,0.7640256,0.0031605447,0.081487395,0.0054789092,0.31845248,0.013326224,null,null,null,null,"TWOGAUSSIANS",8,5.2080417,0.27189508,0.011484356,0.4,0.019647345,0.31675947,0.024786491,0.7640256,0.0031605447,0.4,0.0,0.314581,0.01294002
375316653866487564,4505723578911042176,0.6096211,2251.5101221818354,0.40806295168603834,9.269337E-6,16.192177,9.2496385E-4,0.30533165,0.052120455,0.047196772,0.050377913,0.22300775,0.21020623,0.79779804,0.0018590363,0.027797896,0.0013347771,0.105638444,0.0030800942,null,null,null,null,"TWOGAUSSIANS",8,1.6377037,0.30533165,0.052120455,0.26430193,0.13479425,0.22300775,0.21020788,0.79779804,0.0018590363,0.15566823,0.0074747517,0.105638444,0.0030799478
375316653866487564,4505723681990294400,0.64957464,2221.691024138749,0.9283761377537487,3.2250766E-6,12.223336,0.0035354702,0.18327555,0.0016947932,0.04556793,0.0036932665,0.07411621,0.0078150695,0.68717176,0.001580422,0.05907044,0.0040165824,0.2740024,0.037370082,0.10389316,0.0052549746,0.68717176,0.001580422,"TWOGAUSSIANS_WITH_ELLIPSOIDAL_ON_ECLIPSE2",9,73.01667,0.68717176,0.001580422,0.33079445,0.022492861,0.4817523,0.03679712,0.18450555,7.749118E-4,0.25518042,0.020682292,0.2817808,0.0034287337
375316653866487564,4505724158720602368,0.62890166,2237.8026417618858,0.28783120060776607,1.8592132E-6,18.393847,0.0030046615,0.1913152,0.045947637,0.16614847,0.057008386,0.013658754,0.004109342,0.5692809,0.0054294006,0.014665212,0.001555487,0.77581125,0.19418772,null,null,null,null,"TWOGAUSSIANS",8,1.9699336,0.5692809,0.0054294006,0.08212518,0.008710727,0.7765558,0.19409074,0.1913152,0.045947637,0.4,0.0,0.013363691,0.0038891195
375316653866487564,4505724850221452800,0.69962925,2225.77129324138,0.4577557679731887,1.0051284E-5,14.503207,0.0011867977,0.8500962,5.236582E-4,0.017770935,8.17792E-4,0.55852056,0.018920103,null,null,null,null,null,null,null,null,null,null,"ONEGAUSSIAN",5,23.759773,0.8500962,5.236582E-4,0.09951723,0.0045796353,0.55852056,0.0,null,null,null,null,null,null
375316653866487564,4505725399977330816,0.5260171,2237.486789885497,2.8520449795893974,1.7835986E-5,13.507912,0.006312031,0.25984886,0.006442751,0.07809433,0.007986011,0.16577904,0.014848653,0.76952773,0.0028482047,0.083290346,0.004458049,0.15613434,0.0063540144,null,null,null,null,"TWOGAUSSIANS",8,293.6899,0.25984886,0.006442751,0.4,0.0,0.16358623,0.015255017,0.76952773,0.0028482047,0.4,0.0,0.15394151,0.0052218814
375316653866487564,4505725503056562560,0.606857,2242.8511526773354,4.1390076802942435,4.9724582E-5,16.893183,0.0014970266,0.4053558,1.4458256E-4,0.0214547,6.051624E-4,0.1277594,3.6662357E-4,0.9082443,1.176378E-4,0.017733062,3.3845595E-4,0.39048657,0.003649579,null,null,null,null,"TWOGAUSSIANS",8,2.3109047,0.9082443,1.176378E-4,0.09930515,0.0018953533,0.39048657,0.003649579,0.4053558,1.4458256E-4,0.12014632,0.0033889096,0.1277594,3.6662357E-4
375316653866487564,4505725743574693632,0.5447084,2220.9990828889827,0.7143800401662588,1.5322044E-5,15.409061,0.0013131405,0.81409776,0.0012657845,0.02363059,0.0021012295,0.07197551,0.0070501617,null,null,null,null,null,null,0.012790189,0.0020638967,0.81409776,0.0012657845,"ONEGAUSSIAN_WITH_ELLIPSOIDAL",6,6.376986,0.81409776,0.0012657845,0.1323313,0.0117668845,0.09755588,0.0073925233,null,null,null,null,null,null
375316653866487564,4505726701338564224,0.580121,2223.1086268404824,2.485580160557525,9.333792E-6,17.134792,0.01691417,0.26011536,0.0041985423,0.09272921,0.0064403806,0.32988694,0.016802102,0.74868,0.0030792418,0.09541363,0.007971434,0.33790234,0.014308411,null,null,null,null,"TWOGAUSSIANS",8,9.187709,0.74868,0.0030792418,0.4,0.0,0.32130447,0.011930926,0.26011536,0.0041985423,0.4,0.0,0.31328958,0.010358656
375316653866487564,4505727835210038016,0.6254697,2188.290783287012,0.14098017666266055,2.0233965E-5,15.621366,0.0015886568,0.67546105,0.0025300505,0.009887416,6.5155886E-4,0.50714093,0.16031933,0.89981115,0.0057789837,0.03320174,0.00735683,0.01585452,0.007846923,null,null,null,null,"TWOGAUSSIANS",8,9.585714,0.67546105,0.0025300505,0.05536953,0.0036487298,0.50714093,0.16031933,0.89981115,0.0057789837,0.18592973,0.041198246,0.01585452,0.007846923
375316653866487564,4505727938289283072,0.4423715,2193.025826185916,2.0012700603038964,1.810409E-4,17.837196,0.0039368155,0.48533368,0.043176405,0.061200958,0.021631027,0.088619806,0.0319206,0.7343444,0.08522954,0.103655025,0.071284615,0.027204698,0.011757333,null,null,null,null,"TWOGAUSSIANS",8,3.7853932,0.4868637,0.044468246,0.34272537,0.12113375,0.09016294,0.029419607,0.7343444,0.08522954,0.4,0.0,0.027224697,0.012046416
375316653866487564,4505729798008538368,0.5629089,2238.3564735516607,3.286314211016855,1.163836E-5,19.020178,0.008473426,0.23003843,0.0015998683,0.06542525,0.0042427415,0.44247264,0.010896699,0.73104155,0.008911692,0.06809822,0.009170463,0.48239547,0.059827376,null,null,null,null,"TWOGAUSSIANS",8,3.0155172,0.73104155,0.008911692,0.38135,0.0513546,0.48158473,0.060421977,0.23003843,0.0015998683,0.3663814,0.023759352,0.4416619,0.010940644
375316653866487564,4505730309113825408,0.50360423,2223.690801594894,2.153219607705238,4.649355E-5,17.936457,0.007597576,0.20322777,0.00811361,0.067551315,0.0060733533,0.20603023,0.015301462,0.68547344,0.006685857,0.063462794,0.009405589,0.27288324,0.013946378,null,null,null,null,"TWOGAUSSIANS",8,12.171433,0.68547344,0.006685857,0.35539165,0.052671295,0.2726917,0.014011145,0.20322777,0.00811361,0.37828735,0.03401078,0.2058387,0.015246454
