Gaia/vari_eclipsing_binary/VariEclipsingBinary_675785-675818.csv
# %ECSV 1.0
# ---
# delimiter: ','
# meta: !!omap
# - RELEASE: Gaia DR3
# - TABLE: vari_eclipsing_binary
# - DESCRIPTION: >
#     This table describes the properties of the eclipsing binaries resulting from the variability analysis. 
# - CITATION: >
#     How to cite and acknowledge Gaia: 
#     https://gea.esac.esa.int/archive/documentation/credits.html 
# - KNOWN_ISSUES: >
#     Known issues: 
#     https://www.cosmos.esa.int/web/gaia-users/known-issues 
# - DOCUMENTATION: >
#     Tutorials and documentation: 
#     https://www.cosmos.esa.int/web/gaia-users/archive 
# datatype:
# - 
#   name: solution_id
#   datatype: int64
#   description: Solution Identifier
#   meta:
#     ucd: meta.version
# - 
#   name: source_id
#   datatype: int64
#   description: Unique source identifier
#   meta:
#     ucd: meta.id;meta.main
# - 
#   name: global_ranking
#   datatype: float32
#   description: Number between 0 (worst) and 1 (best)
#   meta:
#     ucd: stat.param
# - 
#   name: reference_time
#   datatype: float64
#   unit: d
#   description: Reference time used for the geometric model fit
#   meta:
#     ucd: time.epoch
# - 
#   name: frequency
#   datatype: float64
#   unit: d**-1
#   description: Frequency of geometric model of the eclipsing binary light curve
#   meta:
#     ucd: src.orbital
# - 
#   name: frequency_error
#   datatype: float32
#   unit: d**-1
#   description: "Uncertainty of \\texttt{frequency}"
#   meta:
#     ucd: stat.error
# - 
#   name: geom_model_reference_level
#   datatype: float32
#   unit: mag
#   description: Magnitude reference level of geometric model
#   meta:
#     ucd: phot.mag;em.opt
# - 
#   name: geom_model_reference_level_error
#   datatype: float32
#   unit: mag
#   description: "Uncertainty of \\texttt{geomModelReferenceLevel}"
#   meta:
#     ucd: stat.error;phot.mag;em.opt
# - 
#   name: geom_model_gaussian1_phase
#   datatype: float32
#   description: Phase of the Gaussian 1 component
#   meta:
#     ucd: time.phase
# - 
#   name: geom_model_gaussian1_phase_error
#   datatype: float32
#   description: "Uncertainty of \\texttt{geomModelGaussian1Phase}"
#   meta:
#     ucd: stat.error;time.phase
# - 
#   name: geom_model_gaussian1_sigma
#   datatype: float32
#   description: "Standard deviation [phase] of Gaussian 1 component"
#   meta:
#     ucd: stat.stdev
# - 
#   name: geom_model_gaussian1_sigma_error
#   datatype: float32
#   description: "Uncertainty of \\texttt{geomModelGaussian1Sigma}"
#   meta:
#     ucd: stat.error
# - 
#   name: geom_model_gaussian1_depth
#   datatype: float32
#   unit: mag
#   description: Magnitude depth of Gaussian 1 component
#   meta:
#     ucd: src.var.amplitude
# - 
#   name: geom_model_gaussian1_depth_error
#   datatype: float32
#   unit: mag
#   description: "Uncertainty of \\texttt{geomModelGaussian1Depth}"
#   meta:
#     ucd: stat.error;src.var.amplitude
# - 
#   name: geom_model_gaussian2_phase
#   datatype: float32
#   description: Phase of Gaussian 2 component
#   meta:
#     ucd: time.phase
# - 
#   name: geom_model_gaussian2_phase_error
#   datatype: float32
#   description: "Uncertainty of \\texttt{geomModelGaussian2Phase}"
#   meta:
#     ucd: stat.error;time.phase
# - 
#   name: geom_model_gaussian2_sigma
#   datatype: float32
[...]
#   datatype: float32
#   description: "Secondary eclipse: uncertainty of \\texttt{derivedSecondaryEclDuration}"
#   meta:
#     ucd: stat.error;time.duration
# - 
#   name: derived_secondary_ecl_depth
#   datatype: float32
#   unit: mag
#   description: "Secondary eclipse: depth"
#   meta:
#     ucd: src.var.amplitude
# - 
#   name: derived_secondary_ecl_depth_error
#   datatype: float32
#   unit: mag
#   description: "Secondary eclipse: uncertainty of \\texttt{derivedSecondaryEclDepth}"
#   meta:
#     ucd: stat.error;src.var.amplitude
solution_id,source_id,global_ranking,reference_time,frequency,frequency_error,geom_model_reference_level,geom_model_reference_level_error,geom_model_gaussian1_phase,geom_model_gaussian1_phase_error,geom_model_gaussian1_sigma,geom_model_gaussian1_sigma_error,geom_model_gaussian1_depth,geom_model_gaussian1_depth_error,geom_model_gaussian2_phase,geom_model_gaussian2_phase_error,geom_model_gaussian2_sigma,geom_model_gaussian2_sigma_error,geom_model_gaussian2_depth,geom_model_gaussian2_depth_error,geom_model_cosine_half_period_amplitude,geom_model_cosine_half_period_amplitude_error,geom_model_cosine_half_period_phase,geom_model_cosine_half_period_phase_error,model_type,num_model_parameters,reduced_chi2,derived_primary_ecl_phase,derived_primary_ecl_phase_error,derived_primary_ecl_duration,derived_primary_ecl_duration_error,derived_primary_ecl_depth,derived_primary_ecl_depth_error,derived_secondary_ecl_phase,derived_secondary_ecl_phase_error,derived_secondary_ecl_duration,derived_secondary_ecl_duration_error,derived_secondary_ecl_depth,derived_secondary_ecl_depth_error
[from data line 111]
375316653866487564,5944303147911607424,0.5119753,2297.465068644032,2.112675940484361,1.6185266E-4,18.113379,0.0025200285,0.2064642,0.0046082744,0.0070810723,0.0034286662,0.41596514,0.43565607,0.3868646,0.023655454,0.023477264,0.034613967,0.03779986,0.22321236,null,null,null,null,"TWOGAUSSIANS",8,6.5208783,0.2064642,0.0046082744,0.039654005,0.01920053,0.41596514,0.43564543,0.3868646,0.023655454,0.13147268,0.19383821,0.03779986,0.22321236
375316653866487564,5944303319710249472,0.6052247,2274.709315358504,3.1520074028168543,5.445001E-6,15.97031,0.008988724,0.27307072,0.0018146341,0.0792426,0.002893629,0.45211843,0.014692159,0.7633783,0.0022678575,0.081336215,0.0028840967,0.49155656,0.012612794,null,null,null,null,"TWOGAUSSIANS",8,51.87006,0.7633783,0.0022678575,0.4,0.0,0.48543411,0.01208452,0.27307072,0.0018146341,0.4,0.0,0.445996,0.0145105515
375316653866487564,5944303633282333696,0.471055,2283.2136410228945,1.1660128764605961,3.0839507E-5,17.950079,0.004125969,0.15784986,0.0062363273,0.03346045,0.0040725325,0.11465224,0.01581454,0.67339116,0.0029290116,0.031237405,0.003035772,0.92211515,0.5446974,null,null,null,null,"TWOGAUSSIANS",8,16.31624,0.67339116,0.0029290116,0.17492947,0.017000321,0.92211515,0.5446974,0.15784986,0.0062363273,0.18737851,0.022806183,0.11465224,0.01581454
375316653866487564,5944303839451481600,0.44311145,2265.136275237207,1.9242196163259315,6.700288E-5,16.515024,0.002552176,0.23302442,0.03641972,0.0450019,0.035093676,0.056875974,0.5642788,0.68068075,0.0014997564,0.016121944,0.0012013039,0.59913206,0.14090948,null,null,null,null,"TWOGAUSSIANS",8,7.4394593,0.68068075,0.0014997564,0.090282895,0.006727302,0.59913206,0.14090948,0.23302442,0.03641972,0.25201064,0.19652459,0.056875974,0.5642788
375316653866487564,5944304595343030144,0.52000266,2232.5511064861935,1.3649104589244605,3.507121E-5,19.687925,0.006607761,0.17335226,0.053021293,0.058247555,0.03227202,0.05554081,0.033010554,0.65241677,0.0041797888,0.06996843,0.004212978,0.2854927,0.023409434,null,null,null,null,"TWOGAUSSIANS",8,1.788431,0.65241677,0.0041797888,0.3918232,0.023288958,0.28542355,0.023413783,0.17335226,0.053021293,0.3261863,0.1807233,0.055471655,0.0330437
375316653866487564,5944305351269273088,0.51374114,2288.292813505992,0.0873813527304693,2.098302E-4,17.257214,0.012455364,0.4933261,0.042897526,0.19304661,0.12905174,0.028253842,0.009986517,0.30920675,0.005936396,0.0063811447,0.0038565528,0.25972047,16.88637,null,null,null,null,"TWOGAUSSIANS",8,3.3946595,0.30921677,0.0059297285,0.035734408,0.021596694,0.2756792,16.886444,0.4933261,0.042897526,0.4,0.0,0.026279632,0.004022959
375316653866487564,5944305935373060736,0.43301207,2285.9282446206867,1.653917464497763,6.153569E-5,19.052292,0.008394699,null,null,null,null,null,null,null,null,null,null,null,null,0.08337872,0.012148622,0.25860742,0.011150099,"ELLIPSOIDAL",4,11.302612,null,null,null,null,null,null,null,null,null,null,null,null
375316653866487564,5944305965403490048,0.58811647,2304.4235366209837,0.6685655613321553,1.0403654E-5,16.889246,0.015351461,0.23125392,0.0036794478,0.10419412,0.007992897,0.22649646,0.01504251,0.70010877,0.0013494199,0.09015534,0.003975558,0.41304702,0.014207874,null,null,null,null,"TWOGAUSSIANS",8,12.6728525,0.70010877,0.0013494199,0.4,0.0,0.39894566,0.008355896,0.23125392,0.0036794478,0.4,0.0,0.21238609,0.009451783
375316653866487564,5944306485129057920,0.5148134,2241.650811685385,0.16552209466911177,8.930981E-5,19.539001,0.015671821,0.1301475,0.013063589,0.037222307,0.008172609,0.9428988,1.6100425,0.7625393,0.016602036,0.10539324,0.014919991,0.09682732,0.02029268,null,null,null,null,"TWOGAUSSIANS",8,2.9491544,0.1301375,0.013061924,0.20844492,0.04576661,0.9431038,1.6100875,0.7625393,0.016602036,0.4,0.0,0.09681133,0.020267943
375316653866487564,5944307309762649088,0.4990952,2293.8185607194073,2.8466582509905773,1.6599333E-5,18.990873,0.028502498,0.26029167,0.005003725,0.10315567,0.015911289,0.22563587,0.026013494,0.7705801,0.005249721,0.098659724,0.01338445,0.22222018,0.028182227,null,null,null,null,"TWOGAUSSIANS",8,1.8364736,0.26029167,0.005003889,0.4,0.0,0.20732233,0.019214474,0.7705801,0.005253325,0.4,0.0,0.2039093,0.01736492
375316653866487564,5944307447201674624,0.46723905,2273.405140719677,2.8105788165200267,2.1272223E-5,18.56138,0.695019,0.23962902,0.006850439,0.23160508,0.13493612,0.71836096,0.6920415,0.7385138,0.006408426,0.14014366,0.03907717,0.6401622,0.47263864,null,null,null,null,"TWOGAUSSIANS",8,4.6595225,0.7385138,0.0063828127,0.4,0.0,0.24728142,0.014868167,0.23974901,0.00697848,0.4,0.0,0.1880645,0.0113927
375316653866487564,5944307511591543552,0.6074547,2300.132920128947,0.4075997088813256,7.962744E-6,14.665571,0.002397701,0.31766644,6.6053966E-4,0.037164543,0.0010057589,0.4828081,0.016071195,0.8185995,0.0019792418,0.034579247,0.00253544,0.0695494,0.009271125,0.01866414,0.0030185988,0.31766644,6.6053966E-4,"TWOGAUSSIANS_WITH_ELLIPSOIDAL_ON_ECLIPSE1",9,35.07841,0.31766644,6.6053966E-4,0.20812143,0.00563225,0.52013636,0.017331526,0.8185995,0.0019734106,0.1936438,0.014198463,0.10687638,0.0074054166
375316653866487564,5944307790801733376,0.5157268,2298.6745005652647,1.9923760084918152,3.043867E-5,19.231415,0.29811305,0.2503411,0.0049622892,0.10962543,0.03885441,0.29611784,0.2664839,0.7465013,0.008408157,0.1168006,0.07491485,0.28202656,0.2882776,null,null,null,null,"TWOGAUSSIANS",8,1.7665344,0.25035107,0.00491435,0.4,0.0,0.24764985,0.024702989,0.7465013,0.008408157,0.4,0.0,0.23351707,0.025795752
375316653866487564,5944307859518610944,0.44501096,2300.186443107352,0.02927870844668791,4.5072138E-5,19.516914,0.021393761,0.1935255,0.014910707,0.051606335,0.01035882,0.040366612,0.049142532,null,null,null,null,null,null,0.19488014,0.022837427,0.1935255,0.014910707,"ONEGAUSSIAN_WITH_ELLIPSOIDAL",6,10.150559,0.1935255,0.014910707,0.28899547,0.05800939,0.4301265,0.032724828,null,null,null,null,null,null
375316653866487564,5944308065677239424,0.556725,2248.3602114526757,0.07649096068948621,2.1256477E-4,19.705698,0.010710834,0.25463906,0.0070850365,0.056151945,0.003877618,1.1804622,0.05429769,0.7356855,0.09686395,0.106860384,0.071094416,0.08465895,0.03663522,null,null,null,null,"TWOGAUSSIANS",8,0.86403316,0.25463906,0.0070728874,0.3144509,0.02171466,1.1782322,0.052926052,0.7356855,0.09686395,0.4,0.12434369,0.08242489,0.039272793
375316653866487564,5944308130066994560,0.49469474,2290.8285208762454,0.5475930177958025,7.989934E-5,16.741587,7.771549E-4,0.27965534,4.07724E-4,0.018739885,0.0025180983,0.12468163,0.023028836,0.7682479,0.012102442,0.016457006,0.008230201,0.008705276,0.008847435,null,null,null,null,"TWOGAUSSIANS",8,2.3379612,0.27965534,4.07724E-4,0.10494336,0.014101351,0.12468163,0.023028836,0.7682479,0.012102442,0.092159234,0.046089128,0.008705276,0.008847435
375316653866487564,5944308581084808960,0.6398581,2282.16417702381,1.5502586836303747,4.842906E-6,15.002384,0.0042451657,0.25980708,0.0020033557,0.05080345,0.004488864,0.10898456,0.008427585,0.7520732,9.432877E-4,0.05261442,0.0033633257,0.13687308,0.009503187,0.099232726,0.005188715,0.7520732,9.432877E-4,"TWOGAUSSIANS_WITH_ELLIPSOIDAL_ON_ECLIPSE2",9,22.113167,0.7520732,9.432877E-4,0.29464075,0.018834624,0.33533648,0.003953437,0.25771707,0.0013797516,0.28449932,0.025137639,0.30710632,0.006203065
375316653866487564,5944310844486718080,0.568827,2296.5952585496484,0.2357965328627361,2.5470501E-5,17.29151,0.0011279162,0.15159419,0.0014363496,0.016368799,0.0017654691,0.32323328,0.021647366,null,null,null,null,null,null,null,null,null,null,"ONEGAUSSIAN",5,3.885978,0.15159419,0.0014363496,0.09166527,0.009886627,0.32323328,0.0,null,null,null,null,null,null
375316653866487564,5944312257565284096,0.48302376,2225.1807212782087,2.0793192020336893,2.9681916E-5,19.751001,0.070528276,0.28396854,0.03986075,0.106854014,0.05606219,0.23408544,0.055839997,0.73924524,0.00852626,0.09252924,0.021944275,0.45965374,0.055460677,null,null,null,null,"TWOGAUSSIANS",8,2.039542,0.73924524,0.00852626,0.4,0.0,0.44458225,0.04286601,0.28397855,0.03987203,0.4,0.0,0.21898925,0.02763559
375316653866487564,5944312463723975808,0.4896921,2296.7701084729088,2.4448827049102637,3.4896002E-5,18.233309,0.010604148,0.21003048,0.008749332,0.09296435,0.0141900685,0.1435353,0.010993592,0.71837354,0.006735914,0.08124277,0.010408346,0.13773909,0.013637893,null,null,null,null,"TWOGAUSSIANS",8,3.4886267,0.21003048,0.008749332,0.4,0.0,0.13955781,0.009595242,0.71837354,0.006735914,0.4,0.0,0.13376176,0.012816557
375316653866487564,5944312734271724928,0.6461221,2277.3791766027507,2.531897038387078,3.1039774E-6,17.29396,0.0050343066,0.24064298,6.5270194E-4,0.04331623,0.0012421038,0.5294871,0.020675186,0.7408742,0.001828164,0.041071773,0.0021951506,0.4039254,0.019208645,0.13849166,0.012214162,0.24064298,6.5270194E-4,"TWOGAUSSIANS_WITH_ELLIPSOIDAL_ON_ECLIPSE1",9,13.637457,0.24064298,6.5270194E-4,0.24257089,0.0069557806,0.8064701,0.016678285,0.7408742,0.001819388,0.23000193,0.012292843,0.68090785,0.019096062
375316653866487564,5944313043516548736,0.59734136,2264.8406495516906,0.852719633339048,1.4347803E-5,15.657579,0.028664788,0.24302724,0.002165945,0.12763762,0.017656425,0.14567894,0.027806053,0.7258275,0.0028678603,0.114978574,0.012201489,0.17312568,0.027450962,null,null,null,null,"TWOGAUSSIANS",8,5.484562,0.7258275,0.0028678603,0.4,0.0,0.14081606,0.003366147,0.24309725,0.0022543161,0.4,0.0,0.11324851,0.003205221
375316653866487564,5944313047851507072,0.5889714,2258.147041525083,1.8430185551504348,1.2462118E-5,18.035631,0.0076777474,0.26508266,0.0027488193,0.079365015,0.003006239,0.5068404,0.015948955,0.7647993,0.0030874289,0.083469614,0.0033370599,0.46279183,0.020916507,null,null,null,null,"TWOGAUSSIANS",8,4.5332236,0.26508266,0.0027488193,0.4,0.0,0.49821687,0.015855687,0.7647993,0.0030874289,0.4,0.0,0.45416826,0.02137212
375316653866487564,5944314658417364864,0.54355913,2288.768445424998,0.49402477712659876,4.1961353E-5,17.54537,0.0053523453,0.25597563,0.008395685,0.030299177,0.0037894144,0.80672675,0.13725989,null,null,null,null,null,null,0.018172529,0.007531366,0.25597563,0.008395685,"ONEGAUSSIAN_WITH_ELLIPSOIDAL",6,7.6726246,0.25597563,0.008395685,0.1696754,0.021220721,0.8430718,0.13121866,null,null,null,null,null,null
375316653866487564,5944314868906082816,0.43603674,2220.102521774503,2.505021263154169,2.7637654E-5,19.665665,0.15060824,0.30511427,0.01292178,0.12611012,0.04283632,0.29919016,0.14115764,0.79515564,0.006644728,0.1230405,0.034640882,0.3057699,0.14547232,null,null,null,null,"TWOGAUSSIANS",8,3.509096,0.79515564,0.006644728,0.4,0.0,0.23156044,0.023656134,0.30520427,0.01278629,0.4,0.0,0.22490597,0.03382469
375316653866487564,5944316376403986688,0.43355846,2238.935913493131,1.3281310009066518,3.8940547E-5,19.052677,0.254958,0.22565567,0.008453005,0.15555216,0.08598856,0.25527418,0.2508562,0.7381779,0.010325346,0.11558236,0.029784203,0.27128908,0.20685896,null,null,null,null,"TWOGAUSSIANS",8,4.3481483,0.7389179,0.010484787,0.4,0.0,0.18797743,0.025094131,0.22557567,0.008262297,0.4,0.0,0.16900703,0.023173023
375316653866487564,5944316758692027776,0.43317747,2211.2438433020498,2.2445252243783607,4.408751E-5,19.58059,0.009083528,null,null,null,null,null,null,null,null,null,null,null,null,0.11943073,0.014043494,0.1754709,0.006930812,"ELLIPSOIDAL",4,6.310712,null,null,null,null,null,null,null,null,null,null,null,null
375316653866487564,5944316788721074048,0.5344428,2283.1517758273744,0.35377187327755283,1.5082952E-5,17.95454,0.0037492053,0.26440018,0.0024413492,0.027948339,0.0027361459,0.22770129,0.017423272,0.78593665,0.03995656,0.013579557,0.005426885,0.048501007,0.020276846,0.021791603,0.005525251,0.26440018,0.0024413492,"TWOGAUSSIANS_WITH_ELLIPSOIDAL_ON_ECLIPSE1",9,3.4323943,0.26440018,0.0024413492,0.1565107,0.015322416,0.27128446,0.017222889,0.78593665,0.03962483,0.07604552,0.030390557,0.091291,0.024164356
375316653866487564,5944317510285227520,0.51865494,2263.172265514576,3.247037797788586,3.7383237E-5,18.578024,0.053356748,0.20608427,0.0095172925,0.10570497,0.02538095,0.19775608,0.05352212,0.70585525,0.0046329997,0.0981259,0.017390028,0.2922351,0.049627904,null,null,null,null,"TWOGAUSSIANS",8,3.2384245,0.70585525,0.0046299677,0.4,0.0,0.2688868,0.022812834,0.20608427,0.009527055,0.4,0.0,0.17440364,0.020095007
375316653866487564,5944319090833545216,0.5087808,2233.6377329590805,2.0401021871473506,2.6531827E-5,19.157507,0.008431876,0.27131778,0.0053134547,0.047808878,0.0044500926,0.377156,0.027688771,0.78604203,0.0058938237,0.05389773,0.0065911054,0.13753916,0.017178733,null,null,null,null,"TWOGAUSSIANS",8,3.3915703,0.27131778,0.0053134547,0.2677297,0.024920518,0.3771548,0.027688773,0.78604203,0.0058938237,0.3018273,0.03691019,0.13753797,0.017179482
375316653866487564,5944319438762991232,0.56242293,2287.9307150902546,2.47150129151046,2.6412714E-5,13.258518,0.014123334,0.25233573,0.0033082168,0.08958605,0.0056421864,0.3606853,0.01430512,0.75446683,0.002106192,0.09486708,0.0059042037,0.33045444,0.01330671,null,null,null,null,"TWOGAUSSIANS",8,549.05774,0.25233573,0.0033082168,0.4,0.0,0.3437402,0.010418591,0.75446683,0.002106192,0.4,0.0,0.31350884,0.009322284
375316653866487564,5944320568302189056,0.6275113,2279.4232631229215,0.6245480613478659,1.3892698E-5,17.854866,0.005891681,0.31012955,0.0010391031,0.026700256,9.6717314E-4,1.0348072,0.04761407,0.8157713,0.0064414935,0.02605724,0.005581711,0.11425379,0.01692397,0.015590103,0.007838269,0.31012955,0.0010391031,"TWOGAUSSIANS_WITH_ELLIPSOIDAL_ON_ECLIPSE1",9,8.9295025,0.31012955,0.0010391031,0.14952144,0.0054161698,1.0659875,0.04873697,0.8157713,0.0064414935,0.14592054,0.03125758,0.14539483,0.011060488
375316653866487564,5944322148840643584,0.5092458,2248.4274812140957,2.5683370917335644,1.3323496E-5,19.05674,0.012563485,0.20762765,0.0017758561,0.02674567,0.003114304,0.68605816,0.13237377,0.7151788,0.013512198,0.06828911,0.014326069,0.39681858,0.12166303,0.12121993,0.021836845,0.20762765,0.0017758561,"TWOGAUSSIANS_WITH_ELLIPSOIDAL_ON_ECLIPSE1",9,14.479705,0.20762765,0.0017758561,0.14977574,0.017440103,0.9281817,0.14511463,0.7151788,0.013512198,0.382419,0.066507176,0.6383968,0.11335806
375316653866487564,5944322668578881792,0.566811,2277.7509738823737,0.9492170882025615,4.7477224E-6,17.424446,0.0020626392,0.19114542,0.0043282043,0.028828895,0.0052915453,0.047618136,0.008880894,0.681649,0.0016080814,0.04577604,0.0015983632,0.19688477,0.0054179155,0.03310832,0.0031257574,0.19114542,0.0043282043,"TWOGAUSSIANS_WITH_ELLIPSOIDAL_ON_ECLIPSE1",9,3.8976302,0.682149,0.0014559198,0.2563458,0.008950833,0.26287818,0.004238103,0.19114542,0.0043282043,0.1614418,0.029632652,0.11383464,0.007704417
375316653866487564,5944323665000996480,0.49499354,2241.8587816101467,2.315702380209364,3.5347643E-5,19.378178,0.037995107,0.22718486,0.017026836,0.021779872,0.009903072,0.37540147,0.2154264,0.74125975,0.02610665,0.038801994,0.02985476,0.45306897,0.080102995,0.21188556,0.069301404,0.22718486,0.017026836,"TWOGAUSSIANS_WITH_ELLIPSOIDAL_ON_ECLIPSE1",9,36.283188,0.74125975,0.026076015,0.21729118,0.16718665,0.8735338,0.11561785,0.22718486,0.017026836,0.121967286,0.05545721,0.79917186,0.20548728
375316653866487564,5944323699371018240,0.6300375,2278.921979734125,0.4298242694236598,3.471213E-6,16.437891,0.0012773308,0.240993,3.7133315E-4,0.022637714,4.682282E-4,0.37370428,0.0047074202,0.7398813,4.9659074E-4,0.023525324,3.3210538E-4,0.4215519,0.0022369975,null,null,null,null,"TWOGAUSSIANS",8,7.1270037,0.7398813,4.9659074E-4,0.1317418,0.0018597902,0.4215519,0.0022369975,0.240993,3.7133315E-4,0.1267712,0.002622078,0.37370428,0.0047074202
