Gaia/vari_eclipsing_binary/VariEclipsingBinary_467813-467840.csv
# %ECSV 1.0
# ---
# delimiter: ','
# meta: !!omap
# - RELEASE: Gaia DR3
# - TABLE: vari_eclipsing_binary
# - DESCRIPTION: >
#     This table describes the properties of the eclipsing binaries resulting from the variability analysis. 
# - CITATION: >
#     How to cite and acknowledge Gaia: 
#     https://gea.esac.esa.int/archive/documentation/credits.html 
# - KNOWN_ISSUES: >
#     Known issues: 
#     https://www.cosmos.esa.int/web/gaia-users/known-issues 
# - DOCUMENTATION: >
#     Tutorials and documentation: 
#     https://www.cosmos.esa.int/web/gaia-users/archive 
# datatype:
# - 
#   name: solution_id
#   datatype: int64
#   description: Solution Identifier
#   meta:
#     ucd: meta.version
# - 
#   name: source_id
#   datatype: int64
#   description: Unique source identifier
#   meta:
#     ucd: meta.id;meta.main
# - 
#   name: global_ranking
#   datatype: float32
#   description: Number between 0 (worst) and 1 (best)
#   meta:
#     ucd: stat.param
# - 
#   name: reference_time
#   datatype: float64
#   unit: d
#   description: Reference time used for the geometric model fit
#   meta:
#     ucd: time.epoch
# - 
#   name: frequency
#   datatype: float64
#   unit: d**-1
#   description: Frequency of geometric model of the eclipsing binary light curve
#   meta:
#     ucd: src.orbital
# - 
#   name: frequency_error
#   datatype: float32
#   unit: d**-1
#   description: "Uncertainty of \\texttt{frequency}"
#   meta:
#     ucd: stat.error
# - 
#   name: geom_model_reference_level
#   datatype: float32
#   unit: mag
#   description: Magnitude reference level of geometric model
#   meta:
#     ucd: phot.mag;em.opt
# - 
#   name: geom_model_reference_level_error
#   datatype: float32
#   unit: mag
#   description: "Uncertainty of \\texttt{geomModelReferenceLevel}"
#   meta:
#     ucd: stat.error;phot.mag;em.opt
# - 
#   name: geom_model_gaussian1_phase
#   datatype: float32
#   description: Phase of the Gaussian 1 component
#   meta:
#     ucd: time.phase
# - 
#   name: geom_model_gaussian1_phase_error
#   datatype: float32
#   description: "Uncertainty of \\texttt{geomModelGaussian1Phase}"
#   meta:
#     ucd: stat.error;time.phase
# - 
#   name: geom_model_gaussian1_sigma
#   datatype: float32
#   description: "Standard deviation [phase] of Gaussian 1 component"
#   meta:
#     ucd: stat.stdev
# - 
#   name: geom_model_gaussian1_sigma_error
#   datatype: float32
#   description: "Uncertainty of \\texttt{geomModelGaussian1Sigma}"
#   meta:
#     ucd: stat.error
# - 
#   name: geom_model_gaussian1_depth
#   datatype: float32
#   unit: mag
#   description: Magnitude depth of Gaussian 1 component
#   meta:
#     ucd: src.var.amplitude
# - 
#   name: geom_model_gaussian1_depth_error
#   datatype: float32
#   unit: mag
#   description: "Uncertainty of \\texttt{geomModelGaussian1Depth}"
#   meta:
#     ucd: stat.error;src.var.amplitude
# - 
#   name: geom_model_gaussian2_phase
#   datatype: float32
#   description: Phase of Gaussian 2 component
#   meta:
#     ucd: time.phase
# - 
#   name: geom_model_gaussian2_phase_error
#   datatype: float32
#   description: "Uncertainty of \\texttt{geomModelGaussian2Phase}"
#   meta:
#     ucd: stat.error;time.phase
# - 
#   name: geom_model_gaussian2_sigma
#   datatype: float32
[...]
#   datatype: float32
#   description: "Secondary eclipse: uncertainty of \\texttt{derivedSecondaryEclDuration}"
#   meta:
#     ucd: stat.error;time.duration
# - 
#   name: derived_secondary_ecl_depth
#   datatype: float32
#   unit: mag
#   description: "Secondary eclipse: depth"
#   meta:
#     ucd: src.var.amplitude
# - 
#   name: derived_secondary_ecl_depth_error
#   datatype: float32
#   unit: mag
#   description: "Secondary eclipse: uncertainty of \\texttt{derivedSecondaryEclDepth}"
#   meta:
#     ucd: stat.error;src.var.amplitude
solution_id,source_id,global_ranking,reference_time,frequency,frequency_error,geom_model_reference_level,geom_model_reference_level_error,geom_model_gaussian1_phase,geom_model_gaussian1_phase_error,geom_model_gaussian1_sigma,geom_model_gaussian1_sigma_error,geom_model_gaussian1_depth,geom_model_gaussian1_depth_error,geom_model_gaussian2_phase,geom_model_gaussian2_phase_error,geom_model_gaussian2_sigma,geom_model_gaussian2_sigma_error,geom_model_gaussian2_depth,geom_model_gaussian2_depth_error,geom_model_cosine_half_period_amplitude,geom_model_cosine_half_period_amplitude_error,geom_model_cosine_half_period_phase,geom_model_cosine_half_period_phase_error,model_type,num_model_parameters,reduced_chi2,derived_primary_ecl_phase,derived_primary_ecl_phase_error,derived_primary_ecl_duration,derived_primary_ecl_duration_error,derived_primary_ecl_depth,derived_primary_ecl_depth_error,derived_secondary_ecl_phase,derived_secondary_ecl_phase_error,derived_secondary_ecl_duration,derived_secondary_ecl_duration_error,derived_secondary_ecl_depth,derived_secondary_ecl_depth_error
[from data line 151]
375316653866487564,4114976765846414080,0.54284275,2322.9670011609765,0.13037819641080403,1.8673716E-5,16.828318,0.0014410161,0.6423593,0.14412066,0.10377018,0.09428774,0.0069004996,0.0068532033,0.7933177,2.9619072E-5,0.0047779563,3.7923758E-4,0.15739088,0.005890006,null,null,null,null,"TWOGAUSSIANS",8,1.2950016,0.7933177,2.9619072E-5,0.026756555,0.0021237305,0.15978594,0.010812231,0.6423593,0.14412066,0.4,0.22556117,0.0069003743,0.006848825
375316653866487564,4114977487400760320,0.6562772,2287.6140073435386,0.3554275845381622,1.2879279E-5,17.795506,0.003596772,0.7075185,0.0010281554,0.021546882,7.1682106E-4,1.5601106,0.100090615,0.8663301,0.038864315,0.012070766,0.031604446,0.019862758,0.028088948,0.026936382,0.008748797,0.7075185,0.0010281554,"TWOGAUSSIANS_WITH_ELLIPSOIDAL_ON_ECLIPSE1",9,5.609547,0.7075185,0.0010281554,0.12066253,0.0040141977,1.6139833,0.10027383,0.8663301,0.038864315,0.06759629,0.1769849,0.035695426,0.02957579
375316653866487564,4114978002770941184,0.5481253,2265.8252747112374,2.5772891011295114,1.1015409E-5,19.333794,0.010276119,0.23864287,0.0047951587,0.0770508,0.007180926,0.4816101,0.04568235,0.7305637,0.0014648504,0.07414361,0.0029713127,0.59476966,0.04835946,null,null,null,null,"TWOGAUSSIANS",8,2.2075193,0.7305637,0.0014648504,0.4,0.0,0.59100145,0.048759367,0.23864287,0.0047951587,0.4,0.0,0.4778419,0.04724356
375316653866487564,4114979033563683456,0.43927118,2298.2248613206502,2.999323088502408,5.6383346E-5,19.372543,0.08382875,0.26124573,0.011905605,0.12174488,0.037378237,0.15692802,0.08320436,0.73064256,0.019066524,0.10875512,0.04690611,0.16037637,0.07897165,null,null,null,null,"TWOGAUSSIANS",8,2.952313,0.73064256,0.019066524,0.4,0.0,0.13811465,0.023659,0.2612957,0.011683854,0.4,0.0,0.13457723,0.018915812
375316653866487564,4114979097963129600,0.60863984,2315.5639708056633,3.111469918618205,7.995359E-6,18.455933,0.006156164,0.24655077,0.0024412193,0.07615133,0.0015458006,0.56948155,0.013412628,0.74996406,0.0042152433,0.08025407,0.0048031593,0.42302415,0.009628523,null,null,null,null,"TWOGAUSSIANS",8,2.4185648,0.24655077,0.0024412193,0.4,0.0,0.56398827,0.012855682,0.74996406,0.0042152433,0.4,0.0,0.41753083,0.008865885
375316653866487564,4114979171002836992,0.5202169,2299.756881581609,2.990798317741391,1.2865083E-5,19.658113,0.010869899,0.18157223,0.0014937944,0.059678223,0.0035521302,0.5697511,0.031922404,0.67448795,0.0068250024,0.061265185,0.0063058673,0.45583317,0.023897426,null,null,null,null,"TWOGAUSSIANS",8,3.2658486,0.18157223,0.0014937944,0.33419806,0.019891929,0.56959605,0.03199845,0.67448795,0.0068250024,0.34308502,0.035312857,0.45567814,0.0239825
375316653866487564,4114979823862738816,0.5708385,2302.883903944572,2.9582019973089184,8.040984E-6,15.574218,0.01660681,0.29938534,0.0022951264,0.049941305,0.010594778,0.15742548,0.03659758,0.8117193,0.013212006,0.048940804,0.014284406,0.101470225,0.04271514,0.11920585,0.02461191,0.29938534,0.0022951264,"TWOGAUSSIANS_WITH_ELLIPSOIDAL_ON_ECLIPSE1",9,94.71156,0.29938534,0.0022951264,0.2796713,0.059330758,0.3958363,0.01821965,0.8117193,0.013212006,0.2740685,0.079992674,0.33845207,0.016157497
375316653866487564,4114980030021075072,0.4171043,2366.209951346671,3.94560748517109,5.1764273E-5,18.870821,0.011522348,0.35369673,4.36734E-4,0.010620909,6.10437E-4,0.19685358,0.011526072,0.6170041,0.017864227,0.027004493,0.030531943,0.06090764,0.021765746,null,null,null,null,"TWOGAUSSIANS",8,4.5421486,0.35369673,4.36734E-4,0.059477087,0.0034184472,0.19685358,0.011526831,0.6170041,0.017864227,0.15122516,0.17097889,0.06090764,0.021765746
375316653866487564,4114980304872122240,0.4386015,2314.7650460277405,0.42435762649339215,9.361476E-5,19.630129,0.022091566,0.70219934,0.043475635,0.060188446,0.02806,0.4031418,0.06729023,0.25429264,0.027917664,0.071609154,0.03952976,0.16639999,0.06036453,null,null,null,null,"TWOGAUSSIANS",8,4.8660803,0.70219934,0.043475635,0.3370553,0.09845138,0.4030656,0.06690577,0.25429264,0.027918153,0.4,0.14769267,0.16632377,0.06062005
375316653866487564,4114980579777034112,0.6091995,2288.6403764296133,2.9150122191394954,9.658709E-6,15.077729,0.012216917,0.2825243,0.005595922,0.058859933,0.007123535,0.22314785,0.02810743,0.77643514,0.0027363233,0.0501363,0.004351054,0.21907994,0.030350728,0.103620596,0.01402512,0.77643514,0.0027363233,"TWOGAUSSIANS_WITH_ELLIPSOIDAL_ON_ECLIPSE2",9,75.84072,0.2812943,0.004245692,0.32961562,0.039891794,0.43012816,0.020808633,0.77643514,0.0027363233,0.2807633,0.024365902,0.42630208,0.010967229
375316653866487564,4114982538255368320,0.5050322,2298.800734661048,3.4688167841205697,2.1423266E-5,19.021162,0.004928041,0.26212662,0.0097352145,0.08132974,0.007969123,0.23926984,0.00997812,0.7633163,0.0037865844,0.07129683,0.006476728,0.19852659,0.014121558,null,null,null,null,"TWOGAUSSIANS",8,1.275134,0.26212662,0.0097352145,0.4,0.0,0.23727633,0.009962191,0.7633163,0.0037865844,0.39926228,0.014094103,0.19653307,0.014934838
375316653866487564,4114982606974677888,0.48806617,2292.6778196304804,3.467212589383103,2.0191777E-5,19.719473,0.07176806,0.24665682,0.008266319,0.111153975,0.024802385,0.34333357,0.06772808,0.747147,0.0058781435,0.1035682,0.018548798,0.3312018,0.070721,null,null,null,null,"TWOGAUSSIANS",8,1.4347943,0.24665682,0.008269495,0.4,0.0,0.29875565,0.02480362,0.747147,0.005875914,0.4,0.0,0.28664586,0.01770472
375316653866487564,4114982774455266304,0.5439984,2295.2232724962955,1.451486221102072,1.4676587E-5,17.397854,0.015037305,0.22505775,0.0062111197,0.08562843,0.009734882,0.28109506,0.018006684,0.7393693,0.004010291,0.09125996,0.007859036,0.22457385,0.015242442,null,null,null,null,"TWOGAUSSIANS",8,7.7591786,0.22505775,0.0062111197,0.4,0.0,0.27379927,0.014698388,0.7393693,0.004010291,0.4,0.0,0.21727791,0.010996315
375316653866487564,4114982813133705472,0.5925712,2287.4611150035244,1.5601418188681595,7.3617957E-6,17.818188,0.0074910945,0.18650281,0.0021122387,0.07477339,0.0029069511,0.25765085,0.007846879,0.6927654,0.0069452403,0.09172575,0.009472766,0.115348816,0.0087629175,null,null,null,null,"TWOGAUSSIANS",8,2.006617,0.18650281,0.0021122387,0.4,0.0,0.25446373,0.0062175915,0.6927654,0.0069452403,0.4,0.0,0.11216161,0.0077183284
375316653866487564,4114983637767767168,0.5564026,2259.3527986073527,0.959938858955997,1.637594E-4,18.726961,0.0067319474,0.32931176,0.02354179,0.02287185,0.012348341,0.3713639,2.2817302,0.83612686,0.010744214,0.03396366,0.0059386347,0.48989582,0.07577394,null,null,null,null,"TWOGAUSSIANS",8,3.2011452,0.83612686,0.010744214,0.19019651,0.033256356,0.48989582,0.07577394,0.32931176,0.02354179,0.12808235,0.06915071,0.3713639,2.2817302
375316653866487564,4114983702168631808,0.5320838,2297.910306490276,2.556858995140934,2.0869153E-5,17.9021,0.08832726,0.24569653,0.0023280436,0.12289644,0.022655997,0.3270661,0.08459952,0.75485903,0.0072557223,0.12369436,0.028719757,0.29878953,0.083603285,null,null,null,null,"TWOGAUSSIANS",8,6.329097,0.24562652,0.0023296315,0.4,0.0,0.25310805,0.007509739,0.754939,0.00723592,0.4,0.0,0.22482887,0.018534213
375316653866487564,4114983770888237184,0.6388137,2299.687008438219,0.33897550734462956,5.555749E-5,17.680277,0.004385769,0.3458317,0.0014246423,0.03122512,0.0017086501,1.8102112,0.09299628,0.8186753,0.0046668607,0.03840391,0.0028425138,0.11661092,0.008271825,null,null,null,null,"TWOGAUSSIANS",8,19.78638,0.3458317,0.0014246423,0.17486067,0.009568441,1.8102112,0.09299628,0.8186753,0.0046668607,0.21506189,0.015918078,0.11661092,0.008271825
375316653866487564,4114984045765434240,0.49750677,2318.1299510670906,1.6491652205239287,1.2605372E-5,17.188992,0.024555558,0.27502432,0.0052075633,0.0853607,0.009764159,0.4390604,0.034268115,0.79333854,0.005567414,0.040753357,0.0051767747,0.4386642,0.09563148,null,null,null,null,"TWOGAUSSIANS",8,84.17006,0.27502432,0.0052075633,0.4,0.0,0.4388841,0.034278482,0.79333854,0.005567414,0.2282188,0.028989937,0.43848798,0.095652945
375316653866487564,4114984080125247104,0.5323383,2295.260971435328,3.2184658915458875,2.6888478E-5,17.92661,0.027150445,0.21319568,0.005207021,0.105762035,0.014646697,0.25459635,0.023658184,0.7086807,0.007522716,0.096273676,0.013455643,0.20054057,0.026101029,null,null,null,null,"TWOGAUSSIANS",8,4.940397,0.21319568,0.005207021,0.4,0.0,0.23451887,0.008767187,0.7086807,0.007522716,0.4,0.0,0.18046978,0.012102264
375316653866487564,4114984118830334592,0.5467743,2285.344559986964,2.0387771475318894,1.0400217E-5,18.156015,0.012244445,0.21898423,0.0036772122,0.09645023,0.006837663,0.28548008,0.012873921,0.7317609,0.0036334826,0.09417259,0.0067939777,0.30959845,0.016456999,null,null,null,null,"TWOGAUSSIANS",8,4.0132,0.7317609,0.0036334826,0.4,0.0,0.29365614,0.015962211,0.21898423,0.0036772122,0.4,0.0,0.26953736,0.01219618
375316653866487564,4114984320645781376,0.50567126,2290.1711400567037,3.693136990225319,1.8419223E-5,17.749033,0.47183624,0.2587406,0.007349971,0.14416018,0.11567386,0.23079571,0.47324562,0.75904894,0.006225745,0.11457133,0.04347865,0.248061,0.32310137,null,null,null,null,"TWOGAUSSIANS",8,5.9314733,0.75905895,0.0061097243,0.4,0.0,0.17647937,0.010894196,0.2587406,0.007417784,0.4,0.0,0.15812296,0.013622726
375316653866487564,4114984595548606336,0.48053694,2308.1085617263975,3.281376570344187,2.9874842E-5,19.23745,0.18259749,0.17763473,0.005122499,0.10399067,0.03590145,0.26938805,0.16507281,0.68632925,0.009818815,0.113297686,0.06608952,0.24011871,0.16655439,null,null,null,null,"TWOGAUSSIANS",8,2.2659674,0.17762473,0.0050773276,0.4,0.0,0.23673253,0.021509394,0.68632925,0.009778323,0.4,0.0,0.20743884,0.019369826
375316653866487564,4114985183982350080,0.59177023,2324.9558594713853,3.902879748286953,8.173195E-6,15.955211,0.0029871871,0.26532647,0.0043861843,0.07908452,0.0034832715,0.20164172,0.0071621677,0.76710695,0.0037809543,0.07903116,0.0029771107,0.18137938,0.0065923715,null,null,null,null,"TWOGAUSSIANS",8,7.8265767,0.26532647,0.0043861843,0.4,0.0,0.19915482,0.0067017768,0.76710695,0.0037809543,0.4,0.0,0.17889248,0.006525682
375316653866487564,4114985729393196032,0.6202628,2300.282925723667,1.963634283720919,9.031914E-6,16.36012,0.035658397,0.25417894,0.002084691,0.12775333,0.012235847,0.28866518,0.032910347,0.75148267,0.0023474975,0.11413596,0.009752546,0.3104829,0.03375327,null,null,null,null,"TWOGAUSSIANS",8,6.094747,0.75148267,0.0023474975,0.4,0.0,0.24200739,0.0049306867,0.25418895,0.002083749,0.4,0.0,0.21995887,0.0070397956
375316653866487564,4114986283467988608,0.4990854,2284.7527777206715,3.6095288458473824,4.5056087E-5,18.04086,0.0103154285,0.21973927,0.0073275887,0.07958177,0.01215803,0.10157971,0.010374761,0.7072939,0.013754235,0.107744694,0.026076984,0.072563834,0.011111684,null,null,null,null,"TWOGAUSSIANS",8,1.5935047,0.21973927,0.007335604,0.4,0.0,0.0976873,0.0060117156,0.7072939,0.013754235,0.4,0.0,0.06866794,0.0045606983
375316653866487564,4114987039408124800,0.5022047,2307.0494013452844,3.039464147892911,1.2545156E-5,14.730073,0.00410367,0.30331796,0.003290249,0.064026766,0.013511231,0.03792334,0.014597122,0.764458,0.01991371,0.028878454,0.016483206,0.05323411,0.017714823,0.07041604,0.008313615,0.30331796,0.003290249,"TWOGAUSSIANS_WITH_ELLIPSOIDAL_ON_ECLIPSE1",9,53.740036,0.770178,0.022252748,0.16171935,0.09230595,0.18699515,0.018319951,0.30331796,0.003290249,0.3585499,0.075662896,0.17873682,0.01088342
375316653866487564,4114987279906531840,0.504485,2307.7983644546116,3.8362651339580354,2.5899148E-5,19.879992,0.016584838,0.26982966,0.0039972323,0.063465,0.004899103,0.53397286,0.04909949,0.766393,0.007561314,0.08690464,0.010740095,0.40678498,0.031462476,null,null,null,null,"TWOGAUSSIANS",8,1.870265,0.26982966,0.0039972323,0.355404,0.027434977,0.5306676,0.04930423,0.766393,0.007561314,0.4,0.0,0.4034797,0.032220587
375316653866487564,4114987653538946304,0.56923693,2334.0805965242766,1.6122878575728818,1.2401968E-5,16.896358,0.009630428,0.2787385,0.0030131727,0.102972925,0.0066725556,0.18045129,0.009262512,0.77719396,0.0052267956,0.095403306,0.009322304,0.201516,0.010168274,null,null,null,null,"TWOGAUSSIANS",8,6.2114697,0.77719396,0.0052267956,0.4,0.0,0.185967,0.009643158,0.2787385,0.0030131727,0.4,0.0,0.16489998,0.0040812613
375316653866487564,4114987829662417152,0.4659796,2341.5430769035884,2.8495419859923934,9.8640354E-5,19.848751,0.021829942,0.08516716,0.01564581,0.028073067,0.01678236,0.12941019,1.2375685,0.56211436,0.010454147,0.12876168,0.020971507,0.23942834,0.031547803,null,null,null,null,"TWOGAUSSIANS",8,1.8365791,0.56211436,0.010454147,0.4,0.0,0.23810658,0.03158274,0.08519716,0.01567928,0.15720917,0.093981214,0.12840213,1.2386434
375316653866487564,4114988138919911808,0.6588324,2309.8731484160394,2.51787327613774,3.7094094E-6,15.695668,0.0074479226,0.25733274,0.0016133895,0.045308147,0.0028476552,0.43611854,0.024703402,0.7568714,0.004060937,0.050532773,0.0030545914,0.43461233,0.029095242,0.12211834,0.008481018,0.25733274,0.0016133895,"TWOGAUSSIANS_WITH_ELLIPSOIDAL_ON_ECLIPSE1",9,22.541319,0.25733274,0.0016133895,0.25372562,0.015946869,0.6803526,0.022635903,0.7569214,0.0039470578,0.2829835,0.017105712,0.6788445,0.02196733
375316653866487564,4114989753809832192,0.4896232,2327.514592583833,2.6209800355106663,1.5464273E-5,19.324987,0.03173332,0.29397103,0.004586896,0.07230058,0.010115014,0.2701545,0.032820385,0.8113602,0.005136344,0.07128116,0.013030641,0.26192078,0.033509135,null,null,null,null,"TWOGAUSSIANS",8,3.420248,0.29397103,0.004586896,0.4,0.008335341,0.2693485,0.030696502,0.8113602,0.005136344,0.39917448,0.03039942,0.26111475,0.03204492
375316653866487564,4114989891248692352,0.45844796,2259.0759817697367,0.5810082812084322,1.432261E-4,18.661526,0.009885241,0.19005403,0.0485169,0.04186416,0.040877927,0.13375604,0.27925143,0.72033674,0.014499423,0.06186607,0.020917881,0.25168967,0.110879846,null,null,null,null,"TWOGAUSSIANS",8,5.9250746,0.72033674,0.014499423,0.34645,0.08816682,0.25168884,0.11089132,0.19005403,0.0485169,0.2344393,0.2289164,0.13375524,0.27925268
375316653866487564,4114990608498920832,0.5635503,2303.1436851574927,2.6300482276669235,8.012197E-6,19.093649,0.0097369095,0.24993151,0.0067729154,0.071789004,0.007367049,0.51130414,0.031548914,0.76373684,0.0024475954,0.072822526,0.0041670995,0.5094184,0.025115367,null,null,null,null,"TWOGAUSSIANS",8,1.988601,0.24993151,0.0067729154,0.4,0.0096213715,0.50945187,0.032284085,0.76373684,0.0024475954,0.4,0.0,0.50756615,0.025546188
375316653866487564,4114990711554625280,0.57681596,2320.217483606891,4.1692888944736195,4.1041258E-5,17.453056,0.0010412064,0.15942961,1.4967215E-4,0.016400615,1.21702986E-4,0.31476676,0.0021949161,0.8397148,0.005791398,0.023701452,0.0022771833,0.19954439,0.038317263,null,null,null,null,"TWOGAUSSIANS",8,1.4658113,0.15942961,1.4967215E-4,0.09184344,6.8153674E-4,0.31476676,0.0021949161,0.8397148,0.005791398,0.13272813,0.012752227,0.19954439,0.038317263
375316653866487564,4114991226951096832,0.5320484,2302.974534658479,1.295822581607077,5.6558274E-6,17.997944,0.012031963,0.24995859,0.0025393115,0.046057552,0.002624089,0.55127436,0.023103014,0.7475877,0.0040991274,0.05745862,0.008090568,0.41774145,0.045540426,null,null,null,null,"TWOGAUSSIANS",8,19.527712,0.24995859,0.0025393115,0.2579223,0.014694897,0.55126715,0.02310339,0.7475877,0.0040991274,0.32176828,0.045307178,0.41773424,0.045555484
375316653866487564,4114991299999824640,0.42784086,2322.548439306038,4.092753225477198,1.4231706E-4,17.940954,0.11093037,0.11964692,0.049563576,0.033626985,0.032775644,0.070961334,0.07153049,0.58239084,0.010764439,0.22418365,0.09886875,0.15526389,0.10505636,null,null,null,null,"TWOGAUSSIANS",8,12.986408,0.58239084,0.010764439,0.4,0.0,0.12475582,0.01619598,0.12089693,0.06658926,0.18831111,0.18354361,0.06772037,0.06560327
