Gaia/vari_eclipsing_binary/VariEclipsingBinary_461173-461183.csv
# %ECSV 1.0
# ---
# delimiter: ','
# meta: !!omap
# - RELEASE: Gaia DR3
# - TABLE: vari_eclipsing_binary
# - DESCRIPTION: >
#     This table describes the properties of the eclipsing binaries resulting from the variability analysis. 
# - CITATION: >
#     How to cite and acknowledge Gaia: 
#     https://gea.esac.esa.int/archive/documentation/credits.html 
# - KNOWN_ISSUES: >
#     Known issues: 
#     https://www.cosmos.esa.int/web/gaia-users/known-issues 
# - DOCUMENTATION: >
#     Tutorials and documentation: 
#     https://www.cosmos.esa.int/web/gaia-users/archive 
# datatype:
# - 
#   name: solution_id
#   datatype: int64
#   description: Solution Identifier
#   meta:
#     ucd: meta.version
# - 
#   name: source_id
#   datatype: int64
#   description: Unique source identifier
#   meta:
#     ucd: meta.id;meta.main
# - 
#   name: global_ranking
#   datatype: float32
#   description: Number between 0 (worst) and 1 (best)
#   meta:
#     ucd: stat.param
# - 
#   name: reference_time
#   datatype: float64
#   unit: d
#   description: Reference time used for the geometric model fit
#   meta:
#     ucd: time.epoch
# - 
#   name: frequency
#   datatype: float64
#   unit: d**-1
#   description: Frequency of geometric model of the eclipsing binary light curve
#   meta:
#     ucd: src.orbital
# - 
#   name: frequency_error
#   datatype: float32
#   unit: d**-1
#   description: "Uncertainty of \\texttt{frequency}"
#   meta:
#     ucd: stat.error
# - 
#   name: geom_model_reference_level
#   datatype: float32
#   unit: mag
#   description: Magnitude reference level of geometric model
#   meta:
#     ucd: phot.mag;em.opt
# - 
#   name: geom_model_reference_level_error
#   datatype: float32
#   unit: mag
#   description: "Uncertainty of \\texttt{geomModelReferenceLevel}"
#   meta:
#     ucd: stat.error;phot.mag;em.opt
# - 
#   name: geom_model_gaussian1_phase
#   datatype: float32
#   description: Phase of the Gaussian 1 component
#   meta:
#     ucd: time.phase
# - 
#   name: geom_model_gaussian1_phase_error
#   datatype: float32
#   description: "Uncertainty of \\texttt{geomModelGaussian1Phase}"
#   meta:
#     ucd: stat.error;time.phase
# - 
#   name: geom_model_gaussian1_sigma
#   datatype: float32
#   description: "Standard deviation [phase] of Gaussian 1 component"
#   meta:
#     ucd: stat.stdev
# - 
#   name: geom_model_gaussian1_sigma_error
#   datatype: float32
#   description: "Uncertainty of \\texttt{geomModelGaussian1Sigma}"
#   meta:
#     ucd: stat.error
# - 
#   name: geom_model_gaussian1_depth
#   datatype: float32
#   unit: mag
#   description: Magnitude depth of Gaussian 1 component
#   meta:
#     ucd: src.var.amplitude
# - 
#   name: geom_model_gaussian1_depth_error
#   datatype: float32
#   unit: mag
#   description: "Uncertainty of \\texttt{geomModelGaussian1Depth}"
#   meta:
#     ucd: stat.error;src.var.amplitude
# - 
#   name: geom_model_gaussian2_phase
#   datatype: float32
#   description: Phase of Gaussian 2 component
#   meta:
#     ucd: time.phase
# - 
#   name: geom_model_gaussian2_phase_error
#   datatype: float32
#   description: "Uncertainty of \\texttt{geomModelGaussian2Phase}"
#   meta:
#     ucd: stat.error;time.phase
# - 
#   name: geom_model_gaussian2_sigma
#   datatype: float32
[...]
#   datatype: float32
#   description: "Secondary eclipse: uncertainty of \\texttt{derivedSecondaryEclDuration}"
#   meta:
#     ucd: stat.error;time.duration
# - 
#   name: derived_secondary_ecl_depth
#   datatype: float32
#   unit: mag
#   description: "Secondary eclipse: depth"
#   meta:
#     ucd: src.var.amplitude
# - 
#   name: derived_secondary_ecl_depth_error
#   datatype: float32
#   unit: mag
#   description: "Secondary eclipse: uncertainty of \\texttt{derivedSecondaryEclDepth}"
#   meta:
#     ucd: stat.error;src.var.amplitude
solution_id,source_id,global_ranking,reference_time,frequency,frequency_error,geom_model_reference_level,geom_model_reference_level_error,geom_model_gaussian1_phase,geom_model_gaussian1_phase_error,geom_model_gaussian1_sigma,geom_model_gaussian1_sigma_error,geom_model_gaussian1_depth,geom_model_gaussian1_depth_error,geom_model_gaussian2_phase,geom_model_gaussian2_phase_error,geom_model_gaussian2_sigma,geom_model_gaussian2_sigma_error,geom_model_gaussian2_depth,geom_model_gaussian2_depth_error,geom_model_cosine_half_period_amplitude,geom_model_cosine_half_period_amplitude_error,geom_model_cosine_half_period_phase,geom_model_cosine_half_period_phase_error,model_type,num_model_parameters,reduced_chi2,derived_primary_ecl_phase,derived_primary_ecl_phase_error,derived_primary_ecl_duration,derived_primary_ecl_duration_error,derived_primary_ecl_depth,derived_primary_ecl_depth_error,derived_secondary_ecl_phase,derived_secondary_ecl_phase_error,derived_secondary_ecl_duration,derived_secondary_ecl_duration_error,derived_secondary_ecl_depth,derived_secondary_ecl_depth_error
[from data line 664]
375316653866487564,4056574144199681280,0.61238474,2374.221928408154,1.3271775095050518,5.009699E-6,14.015794,0.003522356,0.2418578,0.0014920492,0.08621517,0.0025350482,0.217993,0.0037559862,0.74579716,0.0017145793,0.100116886,0.0030530381,0.2020839,0.0044968124,null,null,null,null,"TWOGAUSSIANS",8,30.628645,0.2418578,0.0014920492,0.4,0.0,0.20723401,0.003147692,0.74579716,0.0017145793,0.4,0.0,0.19132334,0.004522705
375316653866487564,4056574243037756544,0.4389196,2438.4737408086007,0.6426913388094706,1.2506849E-4,18.78434,0.020184077,0.32019895,0.010666451,0.10215877,0.029979264,0.15740187,0.02453378,0.819079,0.007362049,0.040315606,0.0067728814,0.2341099,0.036989205,null,null,null,null,"TWOGAUSSIANS",8,3.911231,0.819079,0.007362049,0.22576739,0.037928138,0.23346354,0.0368383,0.32019895,0.010666451,0.4,0.0,0.15675354,0.025149893
375316653866487564,4056574346116953984,0.46262646,2348.2808158122325,0.1063591690952914,8.716334E-6,18.247812,0.008045413,0.28219745,0.008246657,0.048359316,0.00745324,0.14919065,0.0132879345,0.5539522,0.012082921,0.04485463,0.014864095,0.17413254,0.019422349,null,null,null,null,"TWOGAUSSIANS",8,6.8663955,0.5539522,0.012082921,0.25118592,0.08323893,0.17413256,0.01942242,0.28219745,0.008246657,0.27081215,0.04173814,0.14919065,0.013287929
375316653866487564,4056574483544049024,0.5082137,2315.4440367560264,2.3075036486081006,4.2382107E-5,19.01367,0.016911084,0.2653855,0.00631673,0.021732165,0.0130839385,0.27324626,0.10106964,0.8020194,0.020036526,0.036167122,0.009617029,0.23652041,0.06417993,0.08489281,0.022400405,0.2653855,0.00631673,"TWOGAUSSIANS_WITH_ELLIPSOIDAL_ON_ECLIPSE1",9,9.30801,0.2653855,0.00631673,0.121700116,0.07327005,0.44303176,0.09244877,0.8020194,0.020036526,0.2025359,0.053855363,0.39746815,0.06887863
375316653866487564,4056574552263527168,0.46229705,2440.1629045914374,0.9457138960670647,3.2568187E-5,18.999065,0.023272557,0.25154892,0.012786342,0.060390715,0.008272561,0.3161571,0.050235298,0.77633137,0.022323247,0.03799111,0.027157046,0.09655214,0.10675678,null,null,null,null,"TWOGAUSSIANS",8,9.679088,0.25154892,0.012786342,0.338188,0.04632634,0.31615683,0.050234795,0.77633137,0.022323247,0.21275021,0.15207946,0.09655188,0.10675714
375316653866487564,4056574728314277888,0.4484147,2231.689697147453,0.027661750376684828,2.8506493E-5,19.431038,0.0072847824,null,null,null,null,null,null,null,null,null,null,null,null,0.099545635,0.012713358,0.33423546,0.007548677,"ELLIPSOIDAL",4,2.9979782,null,null,null,null,null,null,null,null,null,null,null,null
375316653866487564,4056574930232727936,0.4415803,2352.623347553463,0.8709315631566918,1.8313522E-5,19.2621,0.011752365,0.2650814,0.0011802628,0.011865049,0.002009852,0.43534654,0.13626425,0.7498505,0.014343874,0.06805903,0.060126506,0.06053895,1.2272795E19,0.051349506,0.022662112,0.7498505,0.014343874,"TWOGAUSSIANS_WITH_ELLIPSOIDAL_ON_ECLIPSE2",9,9.195871,0.2650414,0.0011752599,0.06644428,0.011255172,0.53704,0.1475471,0.7498505,0.014343874,0.38113058,0.3358695,0.16316767,1.2272795E19
375316653866487564,4056575106271422464,0.568799,2389.6581913759214,1.3211631752444128,5.044708E-6,18.111645,0.017546525,0.18422087,0.003942727,0.036083482,0.0040208073,0.3395514,0.041206185,0.6965369,0.0021231577,0.06761773,0.005276719,0.45209172,0.041676182,0.10325697,0.024667675,0.6965369,0.0021231577,"TWOGAUSSIANS_WITH_ELLIPSOIDAL_ON_ECLIPSE2",9,8.917657,0.6965369,0.0021231577,0.3786593,0.029549627,0.65813935,0.017564109,0.18494086,0.0037430145,0.2020675,0.022516523,0.5444371,0.02182946
375316653866487564,4056575205108596480,0.4662121,2361.4275242987273,2.5660763326662797,4.301593E-5,17.06104,0.017372748,0.2877425,0.008195683,0.057629142,0.031096622,0.10405352,0.05306973,0.82656723,0.009270126,0.024279334,0.0072278953,0.076059036,0.035532977,0.051185418,0.020803487,0.2877425,0.008195683,"TWOGAUSSIANS_WITH_ELLIPSOIDAL_ON_ECLIPSE1",9,39.799534,0.2877425,0.008195683,0.32272318,0.14342953,0.20641552,0.04721043,0.82656723,0.009270126,0.13596427,0.040476214,0.17244902,0.012362172
375316653866487564,4056575239468300416,0.4542561,2441.5202386166216,1.758240710705529,3.067467E-5,18.838942,0.013506599,0.27100462,0.0066310684,0.047367185,0.01188758,0.14166845,0.030686285,0.619529,0.012172851,0.12457249,0.015504321,0.29919437,0.036594983,null,null,null,null,"TWOGAUSSIANS",8,3.7503283,0.619529,0.012172851,0.4,0.0,0.29882568,0.03670113,0.27322462,0.0057116756,0.26525623,0.066570446,0.14742258,0.03173807
375316653866487564,4056575415524291072,0.5186729,2339.4014305378173,1.7668377308261745,4.4694443E-5,18.769659,0.0064154644,0.43764633,0.0027698642,0.026610726,0.0030152234,0.66901493,0.2824144,0.7649092,0.006472214,0.03350965,0.00779812,0.051219832,0.0150281275,null,null,null,null,"TWOGAUSSIANS",8,3.8764822,0.43764633,0.0027698642,0.14902006,0.01688525,0.66901493,0.2824144,0.7649092,0.006472214,0.18765403,0.043669473,0.051219832,0.0150281275
375316653866487564,4056575583067235968,0.45289734,2354.2101518562467,0.17895309308053103,8.661818E-5,18.883776,0.033082984,0.36387733,0.015440527,0.046694905,0.022734929,0.18121034,0.040367972,0.7237083,0.020908933,0.11923033,0.023269063,0.2820446,0.051503733,null,null,null,null,"TWOGAUSSIANS",8,5.9925427,0.7237083,0.020908933,0.4,0.0,0.2817725,0.05108709,0.36479732,0.015994227,0.26149145,0.1273156,0.18394157,0.044725813
375316653866487564,4056575655964198016,0.42941543,2356.5481963832017,2.5589397654344546,1.7346667E-5,16.175121,0.31124339,0.31199598,0.00834931,0.16885015,0.054330215,0.49398562,0.28421736,0.81198,0.004525702,0.18765226,0.06351697,0.45682174,0.29327664,null,null,null,null,"TWOGAUSSIANS",8,15.004636,0.312006,0.008805874,0.4,0.0,0.16751711,0.010389757,0.81198,0.004549644,0.4,0.0,0.1164249,0.019127678
375316653866487564,4056575720503916160,0.46673208,2288.263094084889,0.6744597987814716,1.12728434E-4,19.181858,0.053405248,0.34101835,0.011133943,0.059561335,0.023757664,0.3012358,0.3021218,0.80256486,0.017818969,0.12263042,0.053333122,0.20791948,0.04770316,null,null,null,null,"TWOGAUSSIANS",8,4.31802,0.34107834,0.011092294,0.33354348,0.13304293,0.29591137,0.30605042,0.80256486,0.017818969,0.4,0.0,0.20240684,0.03954262
375316653866487564,4056575754742143872,0.41678455,2407.7279008840496,2.970896358832792,7.502525E-5,16.954094,0.012029707,0.28517437,0.0077681607,0.014791405,0.0059226165,0.3124135,0.38988042,0.7925344,0.02686052,0.0963989,0.034634702,0.09318169,0.018332396,null,null,null,null,"TWOGAUSSIANS",8,16.162489,0.28517437,0.0077681607,0.08283187,0.03316665,0.31240904,0.38988486,0.7925344,0.02686052,0.4,0.0,0.09317692,0.018338613
375316653866487564,4056575754863695488,0.42806643,2408.0347069219447,2.7815719662705995,5.0868046E-5,18.957188,0.108212836,0.3779822,0.033967532,0.10726965,0.034615878,0.21738058,0.088738926,0.76196337,0.025283929,0.14135759,0.06022306,0.22871555,0.084576294,null,null,null,null,"TWOGAUSSIANS",8,3.4907076,0.76196337,0.025283929,0.4,0.0,0.20850323,0.05553069,0.3844322,0.025671996,0.4,0.0,0.20289347,0.061203033
375316653866487564,4056575930842284288,0.43876114,2350.331997514089,0.16558239573483816,7.977802E-5,16.355124,0.003450949,0.31816292,0.02036096,0.12444197,0.01611436,0.046758376,0.0064222445,0.7035197,0.012037634,0.019502947,0.011982985,0.07396325,214.84096,null,null,null,null,"TWOGAUSSIANS",8,4.922884,0.7035197,0.012037634,0.109216504,0.06710471,0.074321136,214.84103,0.31816292,0.02036096,0.4,0.0,0.046729177,0.006405304
375316653866487564,4056575995382197760,0.45937046,2391.653673831552,0.09882706948008733,8.362226E-5,18.136375,0.010111378,0.5481025,0.056292925,0.055806566,0.055977363,0.047479805,0.011828717,0.8237347,0.0021711932,0.037849277,0.0052259923,0.46846044,0.18887205,null,null,null,null,"TWOGAUSSIANS",8,3.6652975,0.8237347,0.0021711932,0.21195596,0.029265556,0.46846068,0.18866323,0.5481025,0.056292925,0.31251678,0.17200488,0.047479805,0.011827371
375316653866487564,4056576029595908096,0.42763713,2408.0435277300717,2.4231788690821547,2.6026122E-5,17.630217,0.016860502,0.13653706,0.011347179,0.025087921,0.013152252,0.53785425,63.354202,0.64863443,0.001134463,0.025043515,0.0017960386,0.50731003,0.033771794,null,null,null,null,"TWOGAUSSIANS",8,11.605414,0.13653706,0.011347179,0.14049235,0.07365261,0.53785425,63.354202,0.64863443,0.001134463,0.14024368,0.010057816,0.50731003,0.033771794
375316653866487564,4056576068345123712,0.62729985,2362.7265678680774,0.7372073759481559,3.0111871E-6,15.505572,0.0019063946,0.25028026,7.9793955E-4,0.03481757,0.0012333571,0.3292222,0.013902083,0.75017136,9.6507615E-4,0.034281828,0.0012218041,0.32100874,0.0147259105,0.019723456,0.0025365502,0.25028026,7.9793955E-4,"TWOGAUSSIANS_WITH_ELLIPSOIDAL_ON_ECLIPSE1",9,10.100538,0.25028026,7.9793955E-4,0.19497837,0.0069067995,0.36866903,0.014892211,0.75017136,9.568041E-4,0.19197825,0.006842103,0.36045557,0.015979603
375316653866487564,4056576098459297280,0.48334137,2339.7344147616786,2.420612441986119,5.3578282E-5,19.024475,0.09834545,0.2608106,0.007131111,0.076626286,0.020980334,0.42969897,0.109642476,0.75508946,0.017155051,0.08399165,0.030829672,0.35037622,0.11820736,null,null,null,null,"TWOGAUSSIANS",8,9.073209,0.2608106,0.007131111,0.4,0.009326342,0.42427683,0.085306495,0.75508946,0.017155051,0.4,0.0,0.34495407,0.10006657
375316653866487564,4056576167180283520,0.46607992,2482.7170866281313,2.192112204870857,5.8030073E-5,18.69449,0.07622084,0.19462891,9.2787034E-4,0.02016225,0.0034453936,2.2927978,1.5611165,0.659969,0.05530313,0.15584709,0.09366007,0.13301344,0.062655225,null,null,null,null,"TWOGAUSSIANS",8,4.3730884,0.19462891,9.04077E-4,0.11290861,0.019294204,2.292109,1.5611284,0.659969,0.05530313,0.4,0.0,0.13041328,0.050711215
375316653866487564,4056576205782630272,0.4559663,2455.154636933802,2.0705758066751945,6.6077264E-5,18.561275,0.010614594,0.33350283,0.031368632,0.024189971,0.017110966,0.49604213,1.8076795,0.6943334,0.022592826,0.075933166,0.022490565,0.10886854,0.03540331,null,null,null,null,"TWOGAUSSIANS",8,2.7560349,0.33350283,0.031368632,0.13546383,0.09582141,0.4960435,1.807678,0.6943334,0.022592826,0.4,0.042600133,0.10886854,0.03540332
375316653866487564,4056576270257187072,0.4332702,2459.1130403285392,1.9052446440180497,1.2890241E-4,18.301498,0.0066854255,0.278114,0.008168072,0.07263186,0.007947417,0.23959528,0.037819814,0.6927052,0.021103125,0.078425735,0.023176592,0.100107774,0.036607563,null,null,null,null,"TWOGAUSSIANS",8,4.879025,0.278114,0.008168072,0.4,0.02197105,0.2394299,0.037938375,0.6927052,0.021103125,0.4,0.072012365,0.099942334,0.036765233
375316653866487564,4056576343162085504,0.4429565,2514.9955322459455,0.6491806022951512,8.758134E-5,18.842377,0.008993872,0.28715396,0.016760856,0.08695107,0.019583756,0.15891944,0.034505915,0.8410734,0.007332279,0.031672988,0.008797878,0.06541367,0.010808879,null,null,null,null,"TWOGAUSSIANS",8,3.1493294,0.28715396,0.016760856,0.4,0.0,0.15891531,0.034515403,0.8410734,0.0073326756,0.17736873,0.04926812,0.06540985,0.0108064655
375316653866487564,4056576343222980864,0.4642698,2317.2752795263436,2.256387763959769,4.414298E-5,18.924026,0.38094032,0.2341245,0.038270306,0.2070015,0.08872705,0.49533296,0.37519845,0.6342777,0.09177412,0.11784996,0.06642606,0.22323796,0.2356869,null,null,null,null,"TWOGAUSSIANS",8,3.889439,0.2359545,0.029478854,0.4,0.0,0.35992372,0.06764944,0.6342777,0.09177412,0.4,0.0,0.17100215,0.0548129
375316653866487564,4056576377520725120,0.44032636,2374.4072952139013,1.7815355886633988,4.135201E-5,19.163813,0.017516034,0.25870258,0.009236199,0.055080187,0.018210946,0.29144153,0.30255914,0.6509243,0.01742456,0.07831379,0.0155524155,0.3037777,0.07070936,null,null,null,null,"TWOGAUSSIANS",8,4.757872,0.6509243,0.01742456,0.4,0.0,0.30375943,0.07073449,0.25870258,0.009235408,0.30844903,0.1019813,0.29142436,0.30257857
375316653866487564,4056576442056512640,0.45079285,2439.6037912862757,4.203819240807523,1.7851425E-4,18.098957,0.07199237,0.19639093,0.01630507,0.091659814,0.060328625,0.13708168,0.050775778,0.72523564,0.014140736,0.08277503,0.023026451,0.325532,0.0732112,null,null,null,null,"TWOGAUSSIANS",8,6.7917886,0.72523564,0.0140916165,0.4,0.0,0.3214241,0.043646026,0.19639093,0.016305853,0.4,0.00687961,0.13297357,0.025245734
375316653866487564,4056576510656132992,0.45931602,2396.5286799779315,1.1202337637841535,6.448326E-5,18.860401,0.01557093,0.28915095,0.0014967321,0.016179217,0.0011534797,0.36966813,0.026206747,0.7940419,0.0063983323,0.035198577,0.005319439,0.45783746,0.1044761,null,null,null,null,"TWOGAUSSIANS",8,7.2519,0.7940419,0.0063983323,0.19711204,0.029788857,0.45783746,0.1044761,0.28915095,0.0014967321,0.09060361,0.006459486,0.36966813,0.026206747
375316653866487564,4056576545135682176,0.4835049,2380.648851018556,1.3481646947910602,4.2938915E-5,18.74854,0.009972126,0.32123828,0.0112488335,0.0645642,0.008781586,0.344551,0.024594976,0.85808045,0.0077427104,0.06311563,0.0064665405,0.2263501,0.014628889,null,null,null,null,"TWOGAUSSIANS",8,8.176318,0.32123828,0.0112488335,0.3615595,0.04917688,0.34446993,0.024523282,0.85808045,0.0077427104,0.3534475,0.036212627,0.22626905,0.014570033
375316653866487564,4056576545135686912,0.4716679,2494.674284017792,1.1545937951772043,4.9163533E-5,18.775703,0.0062034964,0.27314025,0.012447506,0.065449975,0.0062687844,0.24587718,0.032485377,0.51950395,0.032555055,0.022060871,0.014533442,0.1399732,0.08381448,null,null,null,null,"TWOGAUSSIANS",8,2.4415176,0.27314025,0.012447506,0.36651987,0.03510519,0.24587718,0.032485377,0.51950395,0.032555055,0.12354088,0.08138728,0.14017926,0.08308303
375316653866487564,4056576716936735232,0.43334475,2400.7756182634366,2.7291450151452503,7.0657254E-5,18.557579,0.010103655,0.34243706,0.007909345,0.0565411,0.009254334,0.25606248,0.058123205,0.8297791,0.01541582,0.036072962,0.018705646,0.24727482,0.12043348,null,null,null,null,"TWOGAUSSIANS",8,4.908533,0.34243706,0.007909345,0.31663015,0.051824268,0.25606236,0.05812395,0.8297791,0.01541582,0.20200859,0.10475161,0.24727471,0.12043997
375316653866487564,4056576721179018368,0.53107494,2369.831300126369,1.1156504411177612,4.0546356E-6,15.972178,0.005865705,0.22876085,0.0021656079,0.055413954,0.0029581399,0.17687443,0.0070680357,0.73307955,0.005696339,0.07991706,0.013734046,0.10815779,0.021854006,null,null,null,null,"TWOGAUSSIANS",8,19.706522,0.22876085,0.0021656079,0.31031814,0.016565584,0.17662504,0.0068778456,0.73307955,0.005696339,0.4,0.0,0.107908405,0.022215247
375316653866487564,4056576923093107072,0.5948744,2385.3735960383387,2.390631018057279,1.3928242E-5,17.803366,0.0085753,0.242476,0.0026145868,0.037111823,0.0045209485,0.3013845,0.035955597,0.7456746,0.002843511,0.051476203,0.003902765,0.26044625,0.02314375,0.14163876,0.010153861,0.242476,0.0026145868,"TWOGAUSSIANS_WITH_ELLIPSOIDAL_ON_ECLIPSE1",9,7.6340528,0.242476,0.0026145868,0.2078262,0.025317311,0.5846606,0.030533861,0.7456746,0.002843511,0.28826672,0.021855483,0.5436079,0.017990826
375316653866487564,4056576957453050880,0.4853962,2327.102642987572,0.04576426180806002,4.3510358E-5,19.14358,0.017006764,0.39161703,0.008251073,0.1575339,0.025354862,0.2284223,0.01769846,0.8208032,0.010264328,0.062444437,0.008712263,0.13016187,0.01712803,null,null,null,null,"TWOGAUSSIANS",8,1.7798513,0.39161703,0.008251073,0.4,0.0,0.21608232,0.018503973,0.8208032,0.010264328,0.34968886,0.048788674,0.123728365,0.015446605
375316653866487564,4056576991812872704,0.45823166,2456.1772577128568,1.9987170892708535,1.8933401E-4,18.240595,0.02355661,0.18528762,0.007008534,0.03159581,0.0060389293,0.24976768,0.047479823,0.65421516,0.035282068,0.13903226,0.06190152,0.11039309,0.032869704,null,null,null,null,"TWOGAUSSIANS",8,3.449507,0.18531762,0.0070171207,0.17693654,0.033818007,0.24863064,0.047198076,0.65421516,0.035282068,0.4,0.0,0.10880717,0.03522059
