Gaia/vari_eclipsing_binary/VariEclipsingBinary_649502-649674.csv
# %ECSV 1.0
# ---
# delimiter: ','
# meta: !!omap
# - RELEASE: Gaia DR3
# - TABLE: vari_eclipsing_binary
# - DESCRIPTION: >
#     This table describes the properties of the eclipsing binaries resulting from the variability analysis. 
# - CITATION: >
#     How to cite and acknowledge Gaia: 
#     https://gea.esac.esa.int/archive/documentation/credits.html 
# - KNOWN_ISSUES: >
#     Known issues: 
#     https://www.cosmos.esa.int/web/gaia-users/known-issues 
# - DOCUMENTATION: >
#     Tutorials and documentation: 
#     https://www.cosmos.esa.int/web/gaia-users/archive 
# datatype:
# - 
#   name: solution_id
#   datatype: int64
#   description: Solution Identifier
#   meta:
#     ucd: meta.version
# - 
#   name: source_id
#   datatype: int64
#   description: Unique source identifier
#   meta:
#     ucd: meta.id;meta.main
# - 
#   name: global_ranking
#   datatype: float32
#   description: Number between 0 (worst) and 1 (best)
#   meta:
#     ucd: stat.param
# - 
#   name: reference_time
#   datatype: float64
#   unit: d
#   description: Reference time used for the geometric model fit
#   meta:
#     ucd: time.epoch
# - 
#   name: frequency
#   datatype: float64
#   unit: d**-1
#   description: Frequency of geometric model of the eclipsing binary light curve
#   meta:
#     ucd: src.orbital
# - 
#   name: frequency_error
#   datatype: float32
#   unit: d**-1
#   description: "Uncertainty of \\texttt{frequency}"
#   meta:
#     ucd: stat.error
# - 
#   name: geom_model_reference_level
#   datatype: float32
#   unit: mag
#   description: Magnitude reference level of geometric model
#   meta:
#     ucd: phot.mag;em.opt
# - 
#   name: geom_model_reference_level_error
#   datatype: float32
#   unit: mag
#   description: "Uncertainty of \\texttt{geomModelReferenceLevel}"
#   meta:
#     ucd: stat.error;phot.mag;em.opt
# - 
#   name: geom_model_gaussian1_phase
#   datatype: float32
#   description: Phase of the Gaussian 1 component
#   meta:
#     ucd: time.phase
# - 
#   name: geom_model_gaussian1_phase_error
#   datatype: float32
#   description: "Uncertainty of \\texttt{geomModelGaussian1Phase}"
#   meta:
#     ucd: stat.error;time.phase
# - 
#   name: geom_model_gaussian1_sigma
#   datatype: float32
#   description: "Standard deviation [phase] of Gaussian 1 component"
#   meta:
#     ucd: stat.stdev
# - 
#   name: geom_model_gaussian1_sigma_error
#   datatype: float32
#   description: "Uncertainty of \\texttt{geomModelGaussian1Sigma}"
#   meta:
#     ucd: stat.error
# - 
#   name: geom_model_gaussian1_depth
#   datatype: float32
#   unit: mag
#   description: Magnitude depth of Gaussian 1 component
#   meta:
#     ucd: src.var.amplitude
# - 
#   name: geom_model_gaussian1_depth_error
#   datatype: float32
#   unit: mag
#   description: "Uncertainty of \\texttt{geomModelGaussian1Depth}"
#   meta:
#     ucd: stat.error;src.var.amplitude
# - 
#   name: geom_model_gaussian2_phase
#   datatype: float32
#   description: Phase of Gaussian 2 component
#   meta:
#     ucd: time.phase
# - 
#   name: geom_model_gaussian2_phase_error
#   datatype: float32
#   description: "Uncertainty of \\texttt{geomModelGaussian2Phase}"
#   meta:
#     ucd: stat.error;time.phase
# - 
#   name: geom_model_gaussian2_sigma
#   datatype: float32
[...]
#   datatype: float32
#   description: "Secondary eclipse: uncertainty of \\texttt{derivedSecondaryEclDuration}"
#   meta:
#     ucd: stat.error;time.duration
# - 
#   name: derived_secondary_ecl_depth
#   datatype: float32
#   unit: mag
#   description: "Secondary eclipse: depth"
#   meta:
#     ucd: src.var.amplitude
# - 
#   name: derived_secondary_ecl_depth_error
#   datatype: float32
#   unit: mag
#   description: "Secondary eclipse: uncertainty of \\texttt{derivedSecondaryEclDepth}"
#   meta:
#     ucd: stat.error;src.var.amplitude
solution_id,source_id,global_ranking,reference_time,frequency,frequency_error,geom_model_reference_level,geom_model_reference_level_error,geom_model_gaussian1_phase,geom_model_gaussian1_phase_error,geom_model_gaussian1_sigma,geom_model_gaussian1_sigma_error,geom_model_gaussian1_depth,geom_model_gaussian1_depth_error,geom_model_gaussian2_phase,geom_model_gaussian2_phase_error,geom_model_gaussian2_sigma,geom_model_gaussian2_sigma_error,geom_model_gaussian2_depth,geom_model_gaussian2_depth_error,geom_model_cosine_half_period_amplitude,geom_model_cosine_half_period_amplitude_error,geom_model_cosine_half_period_phase,geom_model_cosine_half_period_phase_error,model_type,num_model_parameters,reduced_chi2,derived_primary_ecl_phase,derived_primary_ecl_phase_error,derived_primary_ecl_duration,derived_primary_ecl_duration_error,derived_primary_ecl_depth,derived_primary_ecl_depth_error,derived_secondary_ecl_phase,derived_secondary_ecl_phase_error,derived_secondary_ecl_duration,derived_secondary_ecl_duration_error,derived_secondary_ecl_depth,derived_secondary_ecl_depth_error
[from data line 460]
375316653866487564,5713931135192671488,0.49245897,2144.7796940102676,2.8004967987204967,1.4615646E-5,18.344109,0.021226937,0.27485457,0.01145408,0.078042045,0.020799732,0.22538273,0.02406898,0.7545553,0.004087542,0.058076236,0.0050255614,0.40098968,0.026475638,null,null,null,null,"TWOGAUSSIANS",8,16.005556,0.7545553,0.004087542,0.32522693,0.028143143,0.40060908,0.025971243,0.27485457,0.01145408,0.4,0.0072092344,0.22500214,0.024102813
375316653866487564,5713932204644029312,0.6237404,2083.0498480977517,0.054864767880009095,4.0598246E-5,14.808259,0.00450457,0.10724325,5.422519E-4,0.0066170986,8.981146E-4,0.68408006,0.12385989,0.6326489,0.04660103,0.15394126,0.074914075,0.01631277,0.004949576,null,null,null,null,"TWOGAUSSIANS",8,24.251482,0.10724325,5.422519E-4,0.037055753,0.005029442,0.68409836,0.12385328,0.6326489,0.04660103,0.4,0.0,0.016142087,0.004881427
375316653866487564,5713932715740786816,0.5384966,2135.4372139753073,2.9368868477444443,2.6079522E-5,18.102428,0.013621169,0.15693465,0.003405957,0.06876551,0.0044102767,0.43922874,0.0152795,0.656623,0.0050891913,0.08411324,0.007886357,0.4780695,0.04976124,null,null,null,null,"TWOGAUSSIANS",8,16.71445,0.656623,0.0050891913,0.4,0.0,0.47374287,0.051234994,0.15693465,0.003405957,0.3850869,0.024007283,0.43490213,0.014227545
375316653866487564,5713932823119295360,0.5962977,2112.2783711814504,1.7563713712176585,5.758634E-6,13.707211,0.014765237,0.24479522,0.0016685114,0.10385649,0.006374906,0.23890911,0.012769316,0.74675256,0.002297835,0.115420036,0.0063825846,0.259345,0.014063921,null,null,null,null,"TWOGAUSSIANS",8,48.783882,0.74675256,0.002297835,0.4,0.0,0.22308175,0.0058913273,0.24478522,0.001680737,0.4,0.0,0.20268515,0.004782613
375316653866487564,5713937629183355648,0.5074926,2108.800279698241,4.863079662131636,1.5524705E-5,19.870056,0.007803531,0.38579935,0.004495368,0.075656585,0.0037405733,0.6235975,0.034380663,0.73208773,0.04013104,0.026056388,0.034056757,0.07356682,0.03415364,null,null,null,null,"TWOGAUSSIANS",8,1.8239093,0.38579935,0.004495368,0.4,0.0,0.6235975,0.034380235,0.73208773,0.04013104,0.14591578,0.19071783,0.07358442,0.03419062
375316653866487564,5713940828938237184,0.6150296,2123.464430695215,2.512597029851716,6.5121967E-6,17.532936,0.019431502,0.22247434,0.0013646501,0.058021016,0.004230862,0.37729242,0.039791096,0.7149128,0.0025658386,0.064023085,0.0041144183,0.38902655,0.042106695,0.07917177,0.022613756,0.22247434,0.0013646501,"TWOGAUSSIANS_WITH_ELLIPSOIDAL_ON_ECLIPSE1",9,9.096861,0.7157928,0.002229197,0.35852927,0.023040742,0.5469011,0.010952367,0.22247434,0.0013646501,0.3249177,0.023692828,0.53548265,0.011271302
375316653866487564,5713943234118091008,0.4510121,2158.3930984113285,0.06429387578450431,2.006185E-4,18.873363,0.0041656466,0.22973871,0.009049864,0.05359716,0.008329662,0.121181026,0.021631777,0.73683864,8.212029E-4,0.02090305,0.002744339,0.15186508,8.6441805E-4,null,null,null,null,"TWOGAUSSIANS",8,3.1979854,0.73683864,8.212029E-4,0.11705709,0.015368298,0.15186508,8.64418E-4,0.22973871,0.009049864,0.3001441,0.046646103,0.121181026,0.021631777
375316653866487564,5713945398784402048,0.6423213,2161.1490169151834,0.6345233967530104,8.7334665E-5,8.611973,8.719071E-4,0.5204555,0.08928286,0.14219972,0.05709088,0.0025746603,0.0011204374,0.8180961,0.013213344,0.04028758,0.0074981204,0.304126,0.018316153,null,null,null,null,"TWOGAUSSIANS",8,5.6136136,0.8180961,0.013213344,0.22561045,0.041989475,0.3044028,0.0181182,0.5204555,0.08928286,0.4,0.0,0.0025634598,0.0010982895
375316653866487564,5713946567015594496,0.42875722,2153.159604849886,0.02986745152662957,1.28799575E-5,17.142809,0.0023173431,0.20662941,0.0049515986,0.016953627,0.002688506,0.032091063,0.006412172,0.8261042,0.009138104,0.0105920825,0.005764348,1.6339115,430.30374,null,null,null,null,"TWOGAUSSIANS",8,7.3424544,0.8261042,0.009138104,0.059315663,0.03228035,1.6339115,430.30374,0.20662941,0.0049515986,0.09494031,0.015055633,0.032091063,0.006412172
375316653866487564,5713948452498694400,0.5532241,2135.1342312795578,3.1652588754035067,2.4734352E-5,18.34984,0.011134498,0.22579946,0.0031558173,0.048132982,0.0065839957,0.20822869,0.04160905,0.73018557,0.005072679,0.0498312,0.004956666,0.2617837,0.027331023,0.096474595,0.016843524,0.22579946,0.0031558173,"TWOGAUSSIANS_WITH_ELLIPSOIDAL_ON_ECLIPSE1",9,8.502512,0.73018557,0.0049911607,0.2790547,0.02775733,0.45458472,0.011573287,0.22579946,0.0031558173,0.2695447,0.036870375,0.40117624,0.037233833
375316653866487564,5713949384513990528,0.65485024,2151.894018304423,0.8630747195687847,5.60061E-6,16.175694,0.0014160036,0.25593218,0.0023347435,0.024146754,9.7858E-4,0.5385255,0.058834415,0.7560323,0.0012331886,0.027853435,0.0011032482,0.27857155,0.010865215,0.0147407325,0.0020314218,0.25593218,0.0023347435,"TWOGAUSSIANS_WITH_ELLIPSOIDAL_ON_ECLIPSE1",9,3.9347854,0.25593218,0.0023347435,0.13522182,0.005480048,0.568007,0.05864709,0.7560323,0.0012243633,0.15597923,0.0061781895,0.30805302,0.010729325
375316653866487564,5713951063842149504,0.5056971,2129.4808500944114,3.3229881860962345,1.3213398E-5,18.686419,0.015724398,0.25971577,0.0042769467,0.09145464,0.008901268,0.19651589,0.014415975,0.758848,0.0061646923,0.09236027,0.014015119,0.19364037,0.01413769,null,null,null,null,"TWOGAUSSIANS",8,2.6846547,0.25971577,0.0042769467,0.4,0.0,0.18698971,0.008748657,0.758848,0.0061646923,0.4,0.0,0.18411414,0.009968253
375316653866487564,5713951995854052992,0.5170681,2185.5559966377477,0.35444034222647564,6.803689E-5,16.329403,0.0055412524,0.34277508,0.03687136,0.09306775,0.07495678,0.03145563,64.73122,0.8668862,0.009809041,0.04551311,0.012114509,0.27058336,0.12269927,null,null,null,null,"TWOGAUSSIANS",8,16.154007,0.8668862,0.009809041,0.25487342,0.06784125,0.27049512,0.12325823,0.34277508,0.03687136,0.4,0.27708068,0.031367294,64.731316
375316653866487564,5713955633684149760,0.5093323,2178.9069964588934,4.241400182843923,1.1237346E-6,17.582718,0.001866972,0.55880886,2.607369E-4,0.01023518,3.329603E-4,0.2939805,0.0071433987,0.82649595,2.5165893E-6,0.005662138,3.1341222E-4,0.31920952,0.09734298,null,null,null,null,"TWOGAUSSIANS",8,3.1881032,0.82649595,2.5165893E-6,0.031707972,0.0017551085,0.31920952,0.09734298,0.55880886,2.607369E-4,0.057317007,0.0018645776,0.2939805,0.0071433987
375316653866487564,5713956290821272960,0.573827,2144.409185964247,3.6096973527867595,9.046263E-6,17.3838,0.028501302,0.33225828,0.0039098896,0.058067746,0.011021318,0.19798799,0.060078256,0.8257623,0.0036824772,0.060907453,0.008304665,0.33233327,0.05701372,0.10352679,0.03483588,0.33225828,0.0039098896,"TWOGAUSSIANS_WITH_ELLIPSOIDAL_ON_ECLIPSE1",9,15.3536215,0.82676226,0.002897315,0.34108174,0.04650612,0.5390291,0.027713144,0.33225828,0.0039098896,0.3251794,0.06171938,0.40497547,0.015173113
375316653866487564,5713958318045784704,0.731757,2165.254064238874,1.7621807729648997,2.5406748E-6,13.47149,0.002904457,0.25673038,8.316194E-4,0.05000628,0.0021460543,0.115435846,0.007964401,0.7559861,6.024511E-4,0.045787673,7.388433E-4,0.5993887,0.0076252427,0.08776244,0.0037637658,0.25673038,8.316194E-4,"TWOGAUSSIANS_WITH_ELLIPSOIDAL_ON_ECLIPSE1",9,24.489697,0.7560161,5.665281E-4,0.25641096,0.004137522,0.7749089,0.0057490896,0.25673038,8.316194E-4,0.28003517,0.012017905,0.29095972,0.004470398
375316653866487564,5713959932953864192,0.49320146,2105.432770109843,1.3478017574710384,1.7910466E-5,17.491722,0.0013975431,0.3606251,0.015453269,0.030353522,0.010955739,0.08907565,0.03751988,0.6033756,0.0095885275,0.037528966,0.008109341,0.019279204,0.0030465561,null,null,null,null,"TWOGAUSSIANS",8,1.1871976,0.3606251,0.015453269,0.16997972,0.061352137,0.08907565,0.03751988,0.6033756,0.0095885275,0.21016221,0.04541231,0.019279204,0.0030465561
375316653866487564,5713960031729343104,0.5243126,2099.509904633414,4.039471936924683,1.6581778E-5,19.076033,0.006351537,0.11826175,0.008177374,0.07769537,0.009206174,0.18648505,0.010917002,0.61052597,0.0035736696,0.07095762,0.003678146,0.20143358,0.011257285,null,null,null,null,"TWOGAUSSIANS",8,1.3779986,0.61052597,0.0035736696,0.3973627,0.017393177,0.20030172,0.011136253,0.11826175,0.008177374,0.4,0.0,0.18535319,0.011060652
375316653866487564,5713960757587593600,0.55183065,2136.0568329926678,3.362726930389632,8.651677E-6,19.22121,0.008978114,0.27958897,0.0024741022,0.06948133,0.0031870296,0.65745956,0.028275143,0.78215384,0.0023268575,0.06897856,0.0025821126,0.582187,0.024971267,null,null,null,null,"TWOGAUSSIANS",8,3.7931516,0.27958897,0.0024741022,0.38909543,0.017847365,0.6557542,0.028483676,0.78215384,0.0023268575,0.38627997,0.014459831,0.58048165,0.025090529
375316653866487564,5713961719660208128,0.4629115,2173.3349562226576,1.1955062381130064,2.870451E-5,16.282537,0.0013550711,0.23225601,0.014092971,0.02413025,0.011903379,0.06824503,0.03062861,0.7627872,0.08642102,0.035426114,0.05040546,0.012666261,0.0043346337,0.012925256,0.0032763479,0.23225601,0.014092971,"TWOGAUSSIANS_WITH_ELLIPSOIDAL_ON_ECLIPSE1",9,7.539482,0.23225601,0.014092971,0.1351294,0.06665892,0.09409549,0.031870652,0.7627872,0.08642102,0.19838624,0.18879049,0.037577033,0.0098502375
375316653866487564,5713962097617291008,0.55936235,2165.4468650511103,2.935187552625156,9.74555E-6,15.841239,0.00944685,0.19183353,0.00437422,0.09192023,0.006460675,0.26797357,0.012748614,0.6941724,0.0033882018,0.087282784,0.005184277,0.28106573,0.013585307,null,null,null,null,"TWOGAUSSIANS",8,47.783783,0.6941724,0.0033882018,0.4,0.0,0.27028415,0.012943033,0.19183353,0.00437422,0.4,0.0,0.2571918,0.012332294
375316653866487564,5713965013891486720,0.6293089,2152.3174985960186,2.517386109924926,3.5933106E-6,17.874973,0.01153182,0.21599597,8.8913E-4,0.051297985,0.0028473595,0.39279538,0.024315974,0.7174902,0.0011394353,0.054267965,0.0029227736,0.39955008,0.02541041,0.102789305,0.014242401,0.21599597,8.8913E-4,"TWOGAUSSIANS_WITH_ELLIPSOIDAL_ON_ECLIPSE1",9,3.901995,0.7174902,0.0011394353,0.3039006,0.016367532,0.6050971,0.017854078,0.21599597,8.8913E-4,0.28726873,0.015945213,0.59836054,0.011587945
375316653866487564,5713967629535197824,0.67120594,2175.8063285893672,2.833229595058936,3.5815722E-6,15.974741,0.009369769,0.24319346,0.0010211233,0.053996127,0.0051863147,0.1950362,0.018755656,0.7445977,0.0031855358,0.0609488,0.004507987,0.19345777,0.021227593,0.10195619,0.011252576,0.24319346,0.0010211233,"TWOGAUSSIANS_WITH_ELLIPSOIDAL_ON_ECLIPSE1",9,8.232915,0.24319346,0.0010211233,0.3023783,0.029043363,0.39890376,0.007927258,0.7445977,0.0030017295,0.34131327,0.025244726,0.39730945,0.010036094
375316653866487564,5713970378314075520,0.60125667,2166.0907510866487,4.811504634345831,1.083363E-6,16.31771,9.1915997E-4,0.14143617,9.424895E-9,9.7632426E-4,2.8831819E-6,0.21914594,8.556778E-4,0.48819107,1.26869445E-5,0.0044912286,2.106087E-4,0.06124414,0.0036770739,null,null,null,null,"TWOGAUSSIANS",8,2.5339892,0.14143617,9.424895E-9,0.005467416,1.614582E-5,0.21914594,8.556778E-4,0.48819107,1.26869445E-5,0.02515088,0.0011794087,0.06124414,0.0036770739
375316653866487564,5713970545810974080,0.56220156,2111.6159879689267,3.1916681269075418,7.1119885E-6,18.89225,0.006226935,0.1899157,0.0024727103,0.037035268,0.004945785,0.18896632,0.025095241,0.6918629,0.011235417,0.037932225,0.005520828,0.13289143,0.031249952,0.09808274,0.009064068,0.1899157,0.0024727103,"TWOGAUSSIANS_WITH_ELLIPSOIDAL_ON_ECLIPSE1",9,2.019556,0.1899157,0.0024727103,0.20739749,0.027696395,0.3851318,0.022566814,0.6918629,0.011128518,0.21242045,0.030916637,0.32902756,0.03272507
375316653866487564,5713973573769745920,0.5480791,2123.504745983871,1.2023681177486456,2.033537E-5,19.63824,0.006962841,0.27279228,0.0226947,0.022292018,0.03882631,0.48418495,0.42534196,0.773095,0.0054199,0.019082421,0.0028175807,0.79966027,0.13503417,null,null,null,null,"TWOGAUSSIANS",8,2.4717977,0.773095,0.0054199,0.10686156,0.015778452,0.79966027,0.13503417,0.27279228,0.0226947,0.124835305,0.21742734,0.48418495,0.42534196
375316653866487564,5713974565900501632,0.5383359,2128.3409811692854,3.8582569634942745,1.4797497E-5,19.58937,0.013984787,0.23582414,0.0051108836,0.07463591,0.0047421614,0.45006728,0.02141869,0.7312303,0.005310725,0.06042886,0.0059150355,0.5778977,0.037082788,null,null,null,null,"TWOGAUSSIANS",8,3.7754834,0.7312303,0.005310725,0.33840165,0.033124197,0.5769667,0.037368894,0.23582414,0.0051108836,0.4,0.0,0.4491363,0.021298394
375316653866487564,5713976764921876352,0.5263413,2168.9004381924233,0.23510407066082142,1.9917206E-6,12.940744,8.955825E-4,0.29622144,4.697289E-4,0.020167343,6.574581E-4,0.15220885,0.0052372506,0.79872054,0.014826241,0.021777742,0.006623575,0.045555927,0.017262518,0.004180428,0.0017246364,0.29622144,4.697289E-4,"TWOGAUSSIANS_WITH_ELLIPSOIDAL_ON_ECLIPSE1",9,24.680944,0.29622144,4.697289E-4,0.112937115,0.0036817652,0.1605697,0.005659392,0.79872054,0.014759194,0.12195535,0.03709202,0.05391471,0.016960265
375316653866487564,5713976975383664256,0.6103852,2170.265861302649,0.4387568442036689,2.4977314E-6,15.763221,8.2225044E-4,0.2395465,0.005923656,0.021825286,0.00762812,0.06462396,0.016827863,0.7435902,0.0053744083,0.023667661,0.0031935573,0.060535595,0.0056634634,0.018453019,0.0011100079,0.2395465,0.005923656,"TWOGAUSSIANS_WITH_ELLIPSOIDAL_ON_ECLIPSE1",9,1.9459751,0.2395465,0.005923656,0.1222216,0.04271747,0.101529986,0.017224608,0.7435902,0.0053725694,0.1325389,0.017883921,0.09741781,0.005027706
375316653866487564,5713977898797944832,0.5570254,2159.988492011677,4.623766876377913,1.1642146E-5,19.39828,0.010307766,0.26377484,0.0038718604,0.07342068,0.006902076,0.50314003,0.05142484,0.7703969,0.0015483253,0.07017985,0.0025976305,0.54791313,0.011210028,null,null,null,null,"TWOGAUSSIANS",8,2.8044002,0.7703969,0.0015483253,0.3930072,0.013805441,0.5458341,0.010989362,0.26377484,0.0038718604,0.4,0.0036616046,0.501061,0.052765097
375316653866487564,5713979346206776832,0.6318272,2166.1894370154505,2.8613917135528353,4.447204E-6,16.906057,0.016529687,0.29529318,0.0013481005,0.051075973,0.00384126,0.47002235,0.029411254,0.79469293,0.0018289794,0.046298783,0.0041317395,0.40119717,0.034692965,0.113529846,0.020451041,0.29529318,0.0013481005,"TWOGAUSSIANS_WITH_ELLIPSOIDAL_ON_ECLIPSE1",9,12.803831,0.29529318,0.0013481005,0.28602543,0.021511056,0.6970784,0.026751447,0.79474294,0.0017247471,0.25927317,0.02313774,0.6282503,0.016142195
375316653866487564,5713981128613454976,0.43289694,2129.987764007345,2.4400403589813626,4.5514393E-5,18.598726,0.009516565,0.34410515,0.011538706,0.090856336,0.012811074,0.10703705,0.0096430555,0.7936389,0.0035653147,0.033649236,0.008785484,0.13974923,0.03598791,null,null,null,null,"TWOGAUSSIANS",8,8.725136,0.7936389,0.0035653147,0.18843572,0.049198713,0.1397381,0.036007144,0.34410515,0.011538706,0.4,0.0,0.10702541,0.009615212
375316653866487564,5713981644006387200,0.45417306,2170.060069173443,0.03583329922424393,5.7215457E-5,17.988434,0.0051015317,0.3495404,0.00840106,0.03966921,0.007978327,0.12656578,0.014442522,0.81480885,0.012186626,0.044914436,0.010148992,0.18234943,0.05494337,null,null,null,null,"TWOGAUSSIANS",8,8.081154,0.81480885,0.012186626,0.25152084,0.056834355,0.18234943,0.054943375,0.3495404,0.00840106,0.22214757,0.04467863,0.12656578,0.014442522
375316653866487564,5713981648309314048,0.6360458,2149.658725867987,2.7435000071731612,5.9231265E-6,16.360205,0.023785204,0.18398799,0.0137659665,0.060767107,0.026184259,0.21200076,0.04611187,0.6704588,0.0017987486,0.057898678,0.0083248615,0.2525156,0.048408005,0.124326974,0.027641771,0.6704588,0.0017987486,"TWOGAUSSIANS_WITH_ELLIPSOIDAL_ON_ECLIPSE2",9,14.170567,0.6704588,0.0017987486,0.3242326,0.046619225,0.5011276,0.008846042,0.18054798,0.012966857,0.3402958,0.14663185,0.4592754,0.015179321
