Gaia/vari_eclipsing_binary/VariEclipsingBinary_027833-028076.csv
# %ECSV 1.0
# ---
# delimiter: ','
# meta: !!omap
# - RELEASE: Gaia DR3
# - TABLE: vari_eclipsing_binary
# - DESCRIPTION: >
#     This table describes the properties of the eclipsing binaries resulting from the variability analysis. 
# - CITATION: >
#     How to cite and acknowledge Gaia: 
#     https://gea.esac.esa.int/archive/documentation/credits.html 
# - KNOWN_ISSUES: >
#     Known issues: 
#     https://www.cosmos.esa.int/web/gaia-users/known-issues 
# - DOCUMENTATION: >
#     Tutorials and documentation: 
#     https://www.cosmos.esa.int/web/gaia-users/archive 
# datatype:
# - 
#   name: solution_id
#   datatype: int64
#   description: Solution Identifier
#   meta:
#     ucd: meta.version
# - 
#   name: source_id
#   datatype: int64
#   description: Unique source identifier
#   meta:
#     ucd: meta.id;meta.main
# - 
#   name: global_ranking
#   datatype: float32
#   description: Number between 0 (worst) and 1 (best)
#   meta:
#     ucd: stat.param
# - 
#   name: reference_time
#   datatype: float64
#   unit: d
#   description: Reference time used for the geometric model fit
#   meta:
#     ucd: time.epoch
# - 
#   name: frequency
#   datatype: float64
#   unit: d**-1
#   description: Frequency of geometric model of the eclipsing binary light curve
#   meta:
#     ucd: src.orbital
# - 
#   name: frequency_error
#   datatype: float32
#   unit: d**-1
#   description: "Uncertainty of \\texttt{frequency}"
#   meta:
#     ucd: stat.error
# - 
#   name: geom_model_reference_level
#   datatype: float32
#   unit: mag
#   description: Magnitude reference level of geometric model
#   meta:
#     ucd: phot.mag;em.opt
# - 
#   name: geom_model_reference_level_error
#   datatype: float32
#   unit: mag
#   description: "Uncertainty of \\texttt{geomModelReferenceLevel}"
#   meta:
#     ucd: stat.error;phot.mag;em.opt
# - 
#   name: geom_model_gaussian1_phase
#   datatype: float32
#   description: Phase of the Gaussian 1 component
#   meta:
#     ucd: time.phase
# - 
#   name: geom_model_gaussian1_phase_error
#   datatype: float32
#   description: "Uncertainty of \\texttt{geomModelGaussian1Phase}"
#   meta:
#     ucd: stat.error;time.phase
# - 
#   name: geom_model_gaussian1_sigma
#   datatype: float32
#   description: "Standard deviation [phase] of Gaussian 1 component"
#   meta:
#     ucd: stat.stdev
# - 
#   name: geom_model_gaussian1_sigma_error
#   datatype: float32
#   description: "Uncertainty of \\texttt{geomModelGaussian1Sigma}"
#   meta:
#     ucd: stat.error
# - 
#   name: geom_model_gaussian1_depth
#   datatype: float32
#   unit: mag
#   description: Magnitude depth of Gaussian 1 component
#   meta:
#     ucd: src.var.amplitude
# - 
#   name: geom_model_gaussian1_depth_error
#   datatype: float32
#   unit: mag
#   description: "Uncertainty of \\texttt{geomModelGaussian1Depth}"
#   meta:
#     ucd: stat.error;src.var.amplitude
# - 
#   name: geom_model_gaussian2_phase
#   datatype: float32
#   description: Phase of Gaussian 2 component
#   meta:
#     ucd: time.phase
# - 
#   name: geom_model_gaussian2_phase_error
#   datatype: float32
#   description: "Uncertainty of \\texttt{geomModelGaussian2Phase}"
#   meta:
#     ucd: stat.error;time.phase
# - 
#   name: geom_model_gaussian2_sigma
#   datatype: float32
[...]
#   datatype: float32
#   description: "Secondary eclipse: uncertainty of \\texttt{derivedSecondaryEclDuration}"
#   meta:
#     ucd: stat.error;time.duration
# - 
#   name: derived_secondary_ecl_depth
#   datatype: float32
#   unit: mag
#   description: "Secondary eclipse: depth"
#   meta:
#     ucd: src.var.amplitude
# - 
#   name: derived_secondary_ecl_depth_error
#   datatype: float32
#   unit: mag
#   description: "Secondary eclipse: uncertainty of \\texttt{derivedSecondaryEclDepth}"
#   meta:
#     ucd: stat.error;src.var.amplitude
solution_id,source_id,global_ranking,reference_time,frequency,frequency_error,geom_model_reference_level,geom_model_reference_level_error,geom_model_gaussian1_phase,geom_model_gaussian1_phase_error,geom_model_gaussian1_sigma,geom_model_gaussian1_sigma_error,geom_model_gaussian1_depth,geom_model_gaussian1_depth_error,geom_model_gaussian2_phase,geom_model_gaussian2_phase_error,geom_model_gaussian2_sigma,geom_model_gaussian2_sigma_error,geom_model_gaussian2_depth,geom_model_gaussian2_depth_error,geom_model_cosine_half_period_amplitude,geom_model_cosine_half_period_amplitude_error,geom_model_cosine_half_period_phase,geom_model_cosine_half_period_phase_error,model_type,num_model_parameters,reduced_chi2,derived_primary_ecl_phase,derived_primary_ecl_phase_error,derived_primary_ecl_duration,derived_primary_ecl_duration_error,derived_primary_ecl_depth,derived_primary_ecl_depth_error,derived_secondary_ecl_phase,derived_secondary_ecl_phase_error,derived_secondary_ecl_duration,derived_secondary_ecl_duration_error,derived_secondary_ecl_depth,derived_secondary_ecl_depth_error
[from data line 684]
375316653866487564,246495358603922432,0.5122015,2187.2884649379425,2.374542738091155,2.0263693E-5,13.6722145,0.555669,0.28396198,0.0039740563,0.1645292,0.17167595,0.19892438,0.54737276,0.7867364,0.0050803167,0.12617001,0.051546812,0.20348069,0.33325368,null,null,null,null,"TWOGAUSSIANS",8,163.5026,0.7870264,0.00519103,0.4,0.0,0.11859182,0.00531519,0.283902,0.0039628167,0.4,0.0,0.11026023,0.011975386
375316653866487564,246500851861277824,0.5362175,2188.46562476248,0.45372502408534104,3.294691E-5,18.394484,0.002898499,0.2804287,0.0016223574,0.018689862,0.0038706318,0.024925085,0.0043439344,0.42330453,0.07203728,0.013639701,0.024900025,0.8561698,25.534914,null,null,null,null,"TWOGAUSSIANS",8,3.6445584,0.42330453,0.07203728,0.076382324,0.13944013,0.8561698,25.534914,0.2804287,0.0016223574,0.10466322,0.021675538,0.024925085,0.00434398
375316653866487564,246503257043695872,0.48979843,2084.808345247254,2.6653829276242735,1.3047173E-5,19.259365,0.002951483,null,null,null,null,null,null,null,null,null,null,null,null,0.08252234,0.0038800829,0.2217843,0.004328739,"ELLIPSOIDAL",4,1.3765837,null,null,null,null,null,null,null,null,null,null,null,null
375316653866487564,246504356555408256,0.56948453,2102.3561880534694,1.0825365416336812,1.3758422E-5,14.813187,0.001074003,0.43495408,0.0047181477,0.04131256,0.003855968,0.12932584,0.009163718,0.6151027,0.032431122,0.05413139,0.031000832,0.008513428,0.0019744795,null,null,null,null,"TWOGAUSSIANS",8,11.770104,0.4349841,0.004646475,0.23135033,0.02159342,0.12935936,0.009280959,0.6151027,0.032431122,0.30313578,0.17360467,0.008523036,0.0020023114
375316653866487564,246509343017244544,0.5757402,2099.7800554980836,0.763681219583835,6.116934E-5,15.8743305,6.024969E-4,0.24032663,0.007023789,0.01671995,0.0041334494,0.012227533,0.0066532646,0.7574993,0.0028574418,0.022190321,0.0017548864,0.14608115,0.007691972,0.008221709,0.0010687814,0.24032663,0.007023789,"TWOGAUSSIANS_WITH_ELLIPSOIDAL_ON_ECLIPSE1",9,2.3416138,0.7574993,0.0028574418,0.1242658,0.009827363,0.16233386,0.0077368994,0.24032663,0.007023789,0.09363172,0.023147317,0.028670933,0.005883008
375316653866487564,246510992284680704,0.4586256,2108.1526693082023,3.2073530954193443,3.957536E-5,17.247587,0.0039765644,0.27811727,0.013772838,0.08154744,0.012662086,0.07949567,0.007715601,0.7454256,0.011695731,0.07191839,0.01101164,0.088857114,0.0074574365,null,null,null,null,"TWOGAUSSIANS",8,6.5430303,0.7454256,0.011695731,0.4,0.016877387,0.08845288,0.0073693898,0.27811727,0.013772838,0.4,0.005540763,0.07909144,0.0076099667
375316653866487564,246511267162560640,0.4793769,2133.711907091179,0.5760808219014297,6.0295547E-6,16.517458,0.0015250689,0.30137268,0.001209332,0.01849759,0.0021222073,0.0570578,0.003368002,null,null,null,null,null,null,0.0076232357,0.002140179,0.30137268,0.001209332,"ONEGAUSSIAN_WITH_ELLIPSOIDAL",6,4.792866,0.30137268,0.001209332,0.10358651,0.011884361,0.07230425,0.0040764636,null,null,null,null,null,null
375316653866487564,246514943654584704,0.6299853,2109.0361361273217,0.3668846482130815,1.1152954E-6,14.441967,0.0034891223,0.26717043,0.002924282,0.025109794,0.002312307,0.07668364,0.007969995,0.76981485,6.9422385E-5,0.029673012,2.9952248E-4,1.250017,0.013301593,null,null,null,null,"TWOGAUSSIANS",8,210.96988,0.76981485,6.9422385E-5,0.16616887,0.0016773259,1.250017,0.013301593,0.26717043,0.002924282,0.14061485,0.01294892,0.07668364,0.007969995
375316653866487564,246515115453260928,0.6333139,2111.047494754485,0.5812854305455097,4.277005E-6,17.759232,0.0012647596,0.24421203,4.937089E-4,0.02710561,6.6338945E-4,0.47087684,0.011025734,0.74489856,0.0016264565,0.0280982,8.149534E-4,0.42376032,0.023252415,null,null,null,null,"TWOGAUSSIANS",8,1.6424636,0.24421203,4.937089E-4,0.15179142,0.003714981,0.47087684,0.011025734,0.74489856,0.0016264565,0.15734991,0.004563739,0.42376032,0.023252415
375316653866487564,246515248592881664,0.44381177,2072.149518645852,0.8697205777910876,2.687032E-5,19.192923,0.01182538,0.36353356,0.0037198483,0.014091782,0.0026479734,0.23994583,0.039654195,0.85466486,0.0024998353,0.026980584,0.0033331052,0.18543376,0.030292278,null,null,null,null,"TWOGAUSSIANS",8,9.002868,0.36353356,0.0037198483,0.07891398,0.01482865,0.23994583,0.039654195,0.85466486,0.0024998353,0.15109128,0.018665388,0.18543376,0.030292278
375316653866487564,246517932951730304,0.69911116,2160.2386709705324,0.7393091358717331,2.054314E-6,13.260916,0.0011354036,0.22328295,0.002129774,0.026844282,0.019291261,0.21600322,672.8411,0.7213479,6.563342E-4,0.033684917,7.511418E-4,0.14903526,0.0033640463,0.04462033,0.0013819295,0.22328295,0.002129774,"TWOGAUSSIANS_WITH_ELLIPSOIDAL_ON_ECLIPSE1",9,13.175259,0.22328295,0.002129774,0.15032798,0.10803106,0.30524376,672.8423,0.72144794,5.840043E-4,0.18863553,0.004206394,0.23826328,0.0026872002
375316653866487564,246518650207307520,0.57970446,2155.8991972821086,1.312933477536962,7.762769E-6,18.40537,0.004501283,0.16225389,0.0018759707,0.04560046,0.0036891238,0.21010438,0.032272942,0.65750897,0.0015356095,0.03980067,0.0014371681,0.5688895,0.0075970753,null,null,null,null,"TWOGAUSSIANS",8,4.116873,0.65750897,0.0015356095,0.22288376,0.008048141,0.5688895,0.0075970734,0.16225389,0.0018759707,0.25536257,0.020659093,0.21010435,0.032272957
375316653866487564,246522120540599552,0.5507924,2101.206185112582,0.5910729615339494,1.900805E-5,17.33733,0.0013243889,0.33084458,0.0034701345,0.025554148,0.0025080624,0.18028969,0.0113440575,0.82345456,0.004388187,0.02405281,0.0048716543,0.03495843,0.013260891,0.009914593,0.0030626105,0.33084458,0.0034701345,"TWOGAUSSIANS_WITH_ELLIPSOIDAL_ON_ECLIPSE1",9,3.4813797,0.33084458,0.0034701345,0.14310323,0.01404515,0.20011882,0.011306669,0.8236446,0.00427169,0.13469574,0.027281264,0.054745927,0.013728442
375316653866487564,246525526453656960,0.64804745,2091.3008807740684,0.6165722248237516,4.420831E-6,13.652187,7.380281E-4,0.35912007,8.778183E-4,0.017485581,0.0010146088,0.40576196,0.018327666,0.85977143,0.0014836721,0.018767927,0.0017218976,0.08367764,0.015481466,null,null,null,null,"TWOGAUSSIANS",8,37.004616,0.35912007,8.778183E-4,0.097919255,0.005681809,0.40576196,0.018327666,0.85977143,0.0014836721,0.105100386,0.009642627,0.08367764,0.015481466
375316653866487564,246526591605850368,0.49335778,2122.7734101255382,1.2418546535972983,2.8584856E-5,17.03318,8.207137E-4,0.23563197,0.02025771,0.050553333,0.019855365,0.0059459093,0.0037975824,0.48127422,0.0028475982,0.033380605,0.0025409535,0.10116019,0.0053951778,null,null,null,null,"TWOGAUSSIANS",8,1.5540204,0.48127422,0.0028475982,0.18693139,0.01422934,0.101160236,0.0053952006,0.23563197,0.02025771,0.28309867,0.11119004,0.0059459093,0.0037975824
375316653866487564,246527789897773952,0.5340015,2099.99868051264,3.523800178308471,1.1102397E-5,18.558952,0.007363556,0.24069667,0.0033143566,0.09098197,0.004709565,0.27308494,0.008754596,0.72631323,0.0027028662,0.08415878,0.004184915,0.30782014,0.009917683,null,null,null,null,"TWOGAUSSIANS",8,2.8906467,0.72631323,0.0027028662,0.4,0.0,0.3000821,0.009740729,0.24069667,0.0033143566,0.4,0.0,0.2653467,0.0076023927
375316653866487564,246528824988812672,0.59542245,2147.2386274701666,0.4946861899860816,6.250751E-6,14.86497,0.00910351,0.23463869,0.002906365,0.111973085,0.009555998,0.085170746,0.008645091,0.7500748,0.0015989863,0.12704809,0.009417036,0.08505761,0.008729559,null,null,null,null,"TWOGAUSSIANS",8,3.910228,0.23447868,0.0028434182,0.4,0.0,0.0686521,0.0017158386,0.7501148,0.0015990286,0.4,0.0,0.06846664,0.001605187
375316653866487564,246530130658863488,0.5118697,2142.0504296979225,0.23291303771195163,1.527223E-5,15.333231,5.206043E-4,0.098571524,0.0016240197,0.016633255,0.021474542,0.01769568,0.007836946,0.66101974,0.002626021,0.015064531,0.003545782,0.083802335,0.007655272,null,null,null,null,"TWOGAUSSIANS",8,7.6876397,0.66101974,0.002626021,0.084361374,0.01985638,0.083802335,0.007655272,0.098571524,0.0016240197,0.09314623,0.12025744,0.01769568,0.007836946
375316653866487564,246531672548262528,0.56070346,2219.2171420121726,0.010456589247574354,9.351989E-6,18.473934,0.0020607358,0.48208186,0.038713116,0.09174757,0.0126156425,0.092504166,0.036783807,0.8931287,6.2101094E-6,0.0010764328,2.1762942E-5,0.44521612,0.004467187,null,null,null,null,"TWOGAUSSIANS",8,1.9103903,0.8931287,6.2101094E-6,0.006028023,1.2187248E-4,0.4452201,0.004468188,0.48208186,0.038713116,0.4,0.0,0.0925041,0.036783814
375316653866487564,246533184376757760,0.58812326,2124.3608931457243,1.0995267348869961,4.9299833E-6,18.487822,0.0030646785,0.1813355,0.1569629,0.0921739,0.11290832,0.008169543,0.013911893,0.8483757,5.255098E-4,0.027066112,5.088676E-4,0.49400696,0.0042334176,null,null,null,null,"TWOGAUSSIANS",8,1.5422745,0.8483757,5.255098E-4,0.15157023,0.0028496585,0.49401894,0.004244051,0.1813355,0.1569629,0.4,0.42492434,0.008169536,0.013911903
375316653866487564,246537621081769600,0.52744144,2166.8318454859937,1.8511451902650828,1.4056382E-5,13.638484,0.0010230456,0.4080788,0.0031781914,0.035821036,0.005220386,0.05801077,0.0022329837,0.892578,0.0033311027,0.050094243,0.005596279,0.06139153,0.005358187,null,null,null,null,"TWOGAUSSIANS",8,26.893515,0.892578,0.0033311027,0.28052777,0.031339165,0.061391525,0.0053581903,0.4080788,0.0031781914,0.20059781,0.029234162,0.05801077,0.0022329856
375316653866487564,246539334769891456,0.5435056,2151.54637268712,1.5203788829464084,1.0260642E-5,18.520247,0.004332371,0.27158535,0.0030505916,0.040108662,0.0033194213,0.39881015,0.02069271,0.77087617,0.0051424825,0.0456829,0.005849524,0.19765119,0.013631927,null,null,null,null,"TWOGAUSSIANS",8,3.408328,0.27158535,0.0030505916,0.22460851,0.018588759,0.39881015,0.02069272,0.77087617,0.0051424825,0.25582424,0.032757334,0.19765116,0.013631987
375316653866487564,246541057055547520,0.5267968,2174.420819417967,1.1690699810499219,1.8865694E-5,13.724666,0.018733602,0.17120999,0.0030891323,0.11787903,0.016140621,0.09008835,0.01776645,0.65023524,0.007954995,0.123814546,0.021770885,0.074395694,0.018844286,null,null,null,null,"TWOGAUSSIANS",8,43.467762,0.17135999,0.0029570349,0.4,0.0,0.07417425,0.003386423,0.65023524,0.007954995,0.4,0.0,0.058457617,0.004297121
375316653866487564,246543805834630400,0.60251987,2182.193180770901,0.435385932940436,8.608078E-6,12.981445,8.008318E-4,0.2227855,0.0016559291,0.024356611,0.0023757205,0.06986453,0.0075507597,0.7029825,0.023944631,0.070976906,0.029183537,0.018665045,0.008287552,0.017130068,0.001422972,0.2227855,0.0016559291,"TWOGAUSSIANS_WITH_ELLIPSOIDAL_ON_ECLIPSE1",9,12.309143,0.2227855,0.0016559291,0.13639702,0.013304035,0.10411116,0.008320458,0.7113525,0.016285697,0.39747065,0.03265164,0.052605852,0.00783105
375316653866487564,246547860283684480,0.49223536,2182.136096106385,3.6817121860883577,2.0541842E-5,16.872356,0.018533891,0.26472512,0.005853869,0.10384021,0.012915573,0.18456566,0.019185502,0.76013947,0.0062569324,0.08984821,0.014982934,0.19147226,0.017174924,null,null,null,null,"TWOGAUSSIANS",8,28.442274,0.76013947,0.0062569324,0.4,0.0,0.17890337,0.012953808,0.26472512,0.005853869,0.4,0.0,0.17199336,0.015250389
375316653866487564,246547929003168256,0.51373225,2210.2602875937255,1.124641878647882,1.3477815E-5,13.112898,0.05791671,0.3133562,0.0039090575,0.13209498,0.035664722,0.13424465,0.054831687,0.8069025,0.006151627,0.11838089,0.03168395,0.11244306,0.05354371,null,null,null,null,"TWOGAUSSIANS",8,116.0368,0.31338617,0.003864948,0.4,0.0,0.10235594,0.005129663,0.8069025,0.006151627,0.4,0.0,0.0807347,0.005137201
375316653866487564,246548783696338432,0.49848023,2219.087645228276,0.42267546983595333,4.468706E-5,18.87964,0.0049507176,0.088794656,0.018110875,0.039617345,0.04923915,0.044946376,0.11375735,0.57803744,0.0020347012,0.006020948,0.0011392466,1.2700151,0.99895436,null,null,null,null,"TWOGAUSSIANS",8,2.7644594,0.57803744,0.0020347012,0.03371731,0.0063797813,1.2700151,0.99895436,0.088794656,0.018110875,0.22185713,0.26680163,0.044946376,0.11375735
375316653866487564,246554010676806144,0.620009,2177.147659588372,0.2111645915357728,8.259444E-6,15.882602,0.009653707,0.7259806,0.0022966827,0.026487747,0.002346084,1.3420098,0.091813356,null,null,null,null,null,null,0.07945478,0.018380687,0.7259806,0.0022966827,"ONEGAUSSIAN_WITH_ELLIPSOIDAL",6,125.85139,0.7259806,0.0022966827,0.14833137,0.01313807,1.5009193,0.08863231,null,null,null,null,null,null
375316653866487564,246555140249693568,0.45552903,2165.3409628404575,0.5598606376992246,1.9240524E-5,18.564383,0.0061471006,0.24474622,0.0048812274,0.052006688,0.013511082,0.30123997,0.09960556,0.74768776,0.0029194823,0.037418112,0.008373267,0.06271085,0.006604318,null,null,null,null,"TWOGAUSSIANS",8,3.9660692,0.24474622,0.0048812274,0.29123744,0.07566206,0.30123994,0.09960851,0.74768776,0.0029194823,0.20954143,0.046890296,0.06271081,0.0066038202
375316653866487564,246556347139124608,0.5610118,2168.6760994389115,3.2306867182261247,8.878671E-6,17.408007,0.018412651,0.26314625,0.0027956245,0.11379833,0.009678276,0.21963273,0.01644739,0.7582233,0.0033948284,0.10308048,0.009237258,0.22915532,0.017190283,null,null,null,null,"TWOGAUSSIANS",8,2.9348845,0.7582233,0.0033948284,0.4,0.0,0.19941711,0.0064667678,0.26314625,0.0027956245,0.4,0.0,0.18986945,0.0066225384
375316653866487564,246560023631138816,0.53716135,2150.556588577106,0.3387584472316247,1.9275174E-5,17.85437,0.0014970074,0.78278565,7.134603E-4,0.009835703,7.8975974E-4,0.41360718,0.04171034,null,null,null,null,null,null,null,null,null,null,"ONEGAUSSIAN",5,3.2448044,0.78278565,7.134603E-4,0.055079937,0.0044226544,0.41360718,0.0,null,null,null,null,null,null
375316653866487564,246566204083782144,0.46872213,2158.375983707863,1.5289385343312376,1.8382042E-4,18.839478,0.0065125343,0.35965958,0.024621299,0.022639792,0.034690313,0.3138519,0.32266837,0.7151175,0.019832272,0.01453366,0.00497261,0.68161863,1.4657451,null,null,null,null,"TWOGAUSSIANS",8,7.4617743,0.7151175,0.019832272,0.081388496,0.027846618,0.68161863,1.4657451,0.35965958,0.024621299,0.12678283,0.19426575,0.3138519,0.32266837
375316653866487564,246573698808344576,0.46970788,2195.967024756353,1.264107972558908,4.899842E-5,18.152624,0.014911806,0.10836884,0.012960107,0.017919261,0.027296586,0.07756269,0.088110924,0.6703627,0.0062804227,0.045444965,0.015513014,0.21719234,0.041484036,0.05091332,0.020862048,0.6703627,0.0062804227,"TWOGAUSSIANS_WITH_ELLIPSOIDAL_ON_ECLIPSE2",9,26.908825,0.6703627,0.0062804227,0.2544918,0.086872876,0.3190189,0.04236263,0.11019883,0.012886957,0.100347854,0.15286088,0.16511488,0.08901536
375316653866487564,246574145484932352,0.65915024,2206.1098307455327,2.58763448285128,3.4290022E-6,14.00712,0.005547122,0.27349004,0.0012947051,0.048275206,0.0054858886,0.15141818,0.013542694,0.77262765,0.0022136653,0.049637966,0.0036591259,0.13824388,0.01263037,0.11516492,0.007682709,0.27349004,0.0012947051,"TWOGAUSSIANS_WITH_ELLIPSOIDAL_ON_ECLIPSE1",9,63.07987,0.27349004,0.0012947051,0.27034116,0.030720977,0.38174734,0.012920209,0.7728377,0.0017635562,0.2779726,0.020491105,0.3685679,0.003904755
375316653866487564,246578882827017344,0.49307567,2144.8503538202276,0.6050324439661587,4.123191E-6,19.341866,0.006685234,0.12904148,4.451286E-4,0.01102847,6.0441886E-4,0.64011127,0.04563523,0.62861496,0.010803503,0.020728221,0.0058624996,0.2764556,0.0498319,null,null,null,null,"TWOGAUSSIANS",8,3.8850534,0.12904148,4.451286E-4,0.061759427,0.0033847454,0.64011127,0.04563523,0.62861496,0.010803503,0.116078034,0.032829996,0.2764556,0.0498319
