Gaia/vari_eclipsing_binary/VariEclipsingBinary_668695-668711.csv
# %ECSV 1.0
# ---
# delimiter: ','
# meta: !!omap
# - RELEASE: Gaia DR3
# - TABLE: vari_eclipsing_binary
# - DESCRIPTION: >
#     This table describes the properties of the eclipsing binaries resulting from the variability analysis. 
# - CITATION: >
#     How to cite and acknowledge Gaia: 
#     https://gea.esac.esa.int/archive/documentation/credits.html 
# - KNOWN_ISSUES: >
#     Known issues: 
#     https://www.cosmos.esa.int/web/gaia-users/known-issues 
# - DOCUMENTATION: >
#     Tutorials and documentation: 
#     https://www.cosmos.esa.int/web/gaia-users/archive 
# datatype:
# - 
#   name: solution_id
#   datatype: int64
#   description: Solution Identifier
#   meta:
#     ucd: meta.version
# - 
#   name: source_id
#   datatype: int64
#   description: Unique source identifier
#   meta:
#     ucd: meta.id;meta.main
# - 
#   name: global_ranking
#   datatype: float32
#   description: Number between 0 (worst) and 1 (best)
#   meta:
#     ucd: stat.param
# - 
#   name: reference_time
#   datatype: float64
#   unit: d
#   description: Reference time used for the geometric model fit
#   meta:
#     ucd: time.epoch
# - 
#   name: frequency
#   datatype: float64
#   unit: d**-1
#   description: Frequency of geometric model of the eclipsing binary light curve
#   meta:
#     ucd: src.orbital
# - 
#   name: frequency_error
#   datatype: float32
#   unit: d**-1
#   description: "Uncertainty of \\texttt{frequency}"
#   meta:
#     ucd: stat.error
# - 
#   name: geom_model_reference_level
#   datatype: float32
#   unit: mag
#   description: Magnitude reference level of geometric model
#   meta:
#     ucd: phot.mag;em.opt
# - 
#   name: geom_model_reference_level_error
#   datatype: float32
#   unit: mag
#   description: "Uncertainty of \\texttt{geomModelReferenceLevel}"
#   meta:
#     ucd: stat.error;phot.mag;em.opt
# - 
#   name: geom_model_gaussian1_phase
#   datatype: float32
#   description: Phase of the Gaussian 1 component
#   meta:
#     ucd: time.phase
# - 
#   name: geom_model_gaussian1_phase_error
#   datatype: float32
#   description: "Uncertainty of \\texttt{geomModelGaussian1Phase}"
#   meta:
#     ucd: stat.error;time.phase
# - 
#   name: geom_model_gaussian1_sigma
#   datatype: float32
#   description: "Standard deviation [phase] of Gaussian 1 component"
#   meta:
#     ucd: stat.stdev
# - 
#   name: geom_model_gaussian1_sigma_error
#   datatype: float32
#   description: "Uncertainty of \\texttt{geomModelGaussian1Sigma}"
#   meta:
#     ucd: stat.error
# - 
#   name: geom_model_gaussian1_depth
#   datatype: float32
#   unit: mag
#   description: Magnitude depth of Gaussian 1 component
#   meta:
#     ucd: src.var.amplitude
# - 
#   name: geom_model_gaussian1_depth_error
#   datatype: float32
#   unit: mag
#   description: "Uncertainty of \\texttt{geomModelGaussian1Depth}"
#   meta:
#     ucd: stat.error;src.var.amplitude
# - 
#   name: geom_model_gaussian2_phase
#   datatype: float32
#   description: Phase of Gaussian 2 component
#   meta:
#     ucd: time.phase
# - 
#   name: geom_model_gaussian2_phase_error
#   datatype: float32
#   description: "Uncertainty of \\texttt{geomModelGaussian2Phase}"
#   meta:
#     ucd: stat.error;time.phase
# - 
#   name: geom_model_gaussian2_sigma
#   datatype: float32
[...]
#   datatype: float32
#   description: "Secondary eclipse: uncertainty of \\texttt{derivedSecondaryEclDuration}"
#   meta:
#     ucd: stat.error;time.duration
# - 
#   name: derived_secondary_ecl_depth
#   datatype: float32
#   unit: mag
#   description: "Secondary eclipse: depth"
#   meta:
#     ucd: src.var.amplitude
# - 
#   name: derived_secondary_ecl_depth_error
#   datatype: float32
#   unit: mag
#   description: "Secondary eclipse: uncertainty of \\texttt{derivedSecondaryEclDepth}"
#   meta:
#     ucd: stat.error;src.var.amplitude
solution_id,source_id,global_ranking,reference_time,frequency,frequency_error,geom_model_reference_level,geom_model_reference_level_error,geom_model_gaussian1_phase,geom_model_gaussian1_phase_error,geom_model_gaussian1_sigma,geom_model_gaussian1_sigma_error,geom_model_gaussian1_depth,geom_model_gaussian1_depth_error,geom_model_gaussian2_phase,geom_model_gaussian2_phase_error,geom_model_gaussian2_sigma,geom_model_gaussian2_sigma_error,geom_model_gaussian2_depth,geom_model_gaussian2_depth_error,geom_model_cosine_half_period_amplitude,geom_model_cosine_half_period_amplitude_error,geom_model_cosine_half_period_phase,geom_model_cosine_half_period_phase_error,model_type,num_model_parameters,reduced_chi2,derived_primary_ecl_phase,derived_primary_ecl_phase_error,derived_primary_ecl_duration,derived_primary_ecl_duration_error,derived_primary_ecl_depth,derived_primary_ecl_depth_error,derived_secondary_ecl_phase,derived_secondary_ecl_phase_error,derived_secondary_ecl_duration,derived_secondary_ecl_duration_error,derived_secondary_ecl_depth,derived_secondary_ecl_depth_error
[from data line 146]
375316653866487564,5881949298076530432,0.5296159,2172.799819354288,2.7805424036264363,1.6033417E-5,19.347818,0.011624577,0.29323524,0.002321386,0.06578041,0.0034494852,0.49071077,0.017281247,0.79762155,0.0051393113,0.06914077,0.0068050334,0.46783367,0.03257655,null,null,null,null,"TWOGAUSSIANS",8,2.8909776,0.29323524,0.002321386,0.3683703,0.019317117,0.4898268,0.017198844,0.79762155,0.0051393113,0.38718832,0.028701317,0.4669497,0.032884717
375316653866487564,5881949435515831936,0.5529503,2196.5717889544,2.217645955557728,1.4463899E-5,18.730919,0.009022138,0.24848616,0.0045774817,0.0724766,0.0054168385,0.37452218,0.011273993,0.74535173,0.004394089,0.07482443,0.005864727,0.3220218,0.017066618,null,null,null,null,"TWOGAUSSIANS",8,3.8007073,0.24848616,0.0045774817,0.4,0.0016659984,0.37249196,0.011126203,0.74535173,0.004394089,0.4,0.0,0.3199916,0.01695596
375316653866487564,5881949469875528320,0.5432187,2172.8261991607346,2.5462924943395073,8.988971E-6,19.261883,0.009060333,0.20835504,0.0036401325,0.0673853,0.0039180904,0.5631017,0.03465511,0.7153791,0.0015482297,0.06913946,0.0025804634,0.45300958,0.016270118,null,null,null,null,"TWOGAUSSIANS",8,3.1524053,0.20835504,0.0036401325,0.3773577,0.021941306,0.5620816,0.03484476,0.7153791,0.0015482297,0.38718095,0.014450596,0.45198944,0.016234731
375316653866487564,5881950054021345536,0.5535285,2165.887537798941,1.2091655306484623,6.735132E-5,17.595997,0.0064914413,0.228944,0.01300032,0.020706799,0.011982325,0.29183328,0.067401245,0.6914248,2.3255977E-4,0.014341133,6.062175E-4,1.4046078,0.11259325,0.011344815,0.009768569,0.228944,0.01300032,"TWOGAUSSIANS_WITH_ELLIPSOIDAL_ON_ECLIPSE1",9,20.94981,0.69143474,2.3255977E-4,0.080310345,0.0033948177,1.42606,0.1145914,0.228944,0.01300032,0.11595807,0.06710102,0.31452292,0.07469639
375316653866487564,5881950431947846528,0.5251963,2169.2863463359636,3.5971529204293935,6.264532E-6,18.812534,0.0079033645,0.23856187,0.0019981826,0.024595037,0.0049265204,0.23553643,0.036475707,0.7458501,0.017552644,0.046548042,0.018742269,0.10866492,0.029704055,0.11565664,0.01146074,0.23856187,0.0019981826,"TWOGAUSSIANS_WITH_ELLIPSOIDAL_ON_ECLIPSE1",9,5.9874372,0.23856187,0.0019981826,0.13773221,0.027588515,0.46684963,0.03797133,0.7458501,0.01728206,0.26066905,0.1049567,0.3394934,0.023225091
375316653866487564,5881950741185663360,0.5208523,2179.837973481265,0.4901176563529464,1.615913E-5,18.925545,0.0031449273,0.3289393,0.020550406,0.025415,0.0058456673,0.84182304,0.45832604,0.83559626,0.0021571822,0.017574783,0.001560877,1.0152252,0.6597012,null,null,null,null,"TWOGAUSSIANS",8,4.2083097,0.83559626,0.0021571822,0.098418795,0.00874091,1.0152252,0.6597012,0.3289393,0.020550406,0.142324,0.032735735,0.84182304,0.45832604
375316653866487564,5881950741185679360,0.53330094,2173.103089998436,2.0575413129991476,1.9552099E-5,18.958277,0.013323038,0.22792976,0.0064339596,0.08447416,0.008216415,0.18719068,0.015601094,0.70748705,0.0036924102,0.08424384,0.005639786,0.45165703,0.017680159,null,null,null,null,"TWOGAUSSIANS",8,3.668704,0.70748705,0.0036924102,0.4,0.0,0.44672397,0.016990958,0.22792976,0.0064339596,0.4,0.0,0.18225764,0.014202588
375316653866487564,5881950809936123136,0.4815085,2207.7787756176867,0.27444680980638975,6.308327E-6,15.280758,0.0022383083,0.2585605,0.0023564396,0.011542517,0.00188352,0.07616487,0.0072710644,0.76692826,0.0034773946,0.015297497,0.0030498568,0.095757484,0.024636162,0.017977254,0.004889504,0.76692826,0.0034773946,"TWOGAUSSIANS_WITH_ELLIPSOIDAL_ON_ECLIPSE2",9,54.63896,0.76692826,0.0034773946,0.085665986,0.017079199,0.13171197,0.030952087,0.25860053,0.00235033,0.06463809,0.010547712,0.11202056,0.008319644
375316653866487564,5881950839933669120,0.4698777,2175.0986719928223,2.3431569774825207,2.0202207E-5,18.646425,0.037095543,0.29287243,0.006782874,0.106634706,0.015851073,0.22602654,0.03450874,0.77568316,0.0070576444,0.11947283,0.020000877,0.22058815,0.034672663,null,null,null,null,"TWOGAUSSIANS",8,6.126648,0.2929424,0.0067492267,0.4,0.0,0.19355853,0.012170629,0.77568316,0.0070576444,0.4,0.0,0.18804833,0.016074045
375316653866487564,5881951187893250432,0.5781328,2193.9005777922994,1.4828403277239677,1.2607535E-5,16.163052,0.0027043952,0.19382936,0.0037395197,0.03648914,0.0062396037,0.031653557,0.009406278,0.68972677,0.0029796371,0.05027722,0.004107634,0.12952882,0.0067215576,0.02874999,0.003423901,0.19382936,0.0037395197,"TWOGAUSSIANS_WITH_ELLIPSOIDAL_ON_ECLIPSE1",9,5.6730175,0.69005674,0.0026410455,0.28155243,0.02300275,0.18699332,0.0067460164,0.19382936,0.0037395197,0.20433919,0.03494178,0.08915314,0.006623034
375316653866487564,5881951424067753728,0.54508877,2184.200738465692,0.8260215645189488,1.5740705E-5,16.73605,0.29315543,0.2635472,0.0070562856,0.14868386,0.0804736,0.17627262,0.28676024,0.7756281,0.004337165,0.1340351,0.04195423,0.1928704,0.23624542,null,null,null,null,"TWOGAUSSIANS",8,3.3511946,0.77631813,0.0028381017,0.4,0.0,0.12304673,0.0061397967,0.2631272,0.005965419,0.4,0.0,0.10555662,0.0058380957
375316653866487564,5881951561508531840,0.4758436,2196.903619304584,1.0968518548419532,2.7296597E-5,18.761095,0.017652348,0.2632106,0.015525997,0.10875428,0.029578075,0.1270638,0.014353035,0.75514853,0.0076173833,0.09374352,0.014586025,0.120767705,0.017650766,null,null,null,null,"TWOGAUSSIANS",8,2.1417453,0.2632106,0.015525997,0.4,0.0,0.116431825,0.009941295,0.75514853,0.0076173833,0.4,0.0,0.110142455,0.0085414015
375316653866487564,5881952356093753728,0.60938585,2186.445840258032,2.077974569363074,4.6251353E-6,18.695406,0.005191047,0.20582202,0.0032862308,0.036369577,0.0075527565,0.058374,0.013064621,0.7013431,0.0011391415,0.048778962,0.0017035977,0.5726049,0.021158613,0.077249885,0.008173176,0.20582202,0.0032862308,"TWOGAUSSIANS_WITH_ELLIPSOIDAL_ON_ECLIPSE1",9,2.0706656,0.7015631,0.0010194586,0.2731622,0.009540147,0.7269875,0.023308435,0.20582202,0.0032862308,0.20366962,0.042295437,0.21287297,0.0116439825
375316653866487564,5881952420481608192,0.5558673,2181.1172596942097,1.2671489644094598,2.354673E-5,18.223196,0.004335736,0.33208165,0.0012500471,0.032088224,0.0016436095,0.5131372,0.023044957,0.83128524,0.0069495453,0.037860118,0.005332271,0.08618664,0.011725796,null,null,null,null,"TWOGAUSSIANS",8,5.8131986,0.33208165,0.0012500471,0.17969406,0.009204213,0.5131372,0.023044957,0.83128524,0.0069495453,0.21201667,0.029860718,0.08618664,0.011725796
375316653866487564,5881952768440932992,0.44636288,2193.447880563278,2.263971321671661,4.929108E-5,17.392248,0.036879968,0.28049472,0.007594794,0.109574534,0.027385464,0.14070311,0.033507477,0.78925514,0.012883138,0.09626911,0.02777805,0.13845564,0.033436757,null,null,null,null,"TWOGAUSSIANS",8,21.548128,0.28049472,0.0075950585,0.4,0.0,0.12756571,0.012882489,0.78926516,0.012870142,0.4,0.0,0.12532684,0.016642598
375316653866487564,5881952940209716480,0.5176305,2196.558427039302,1.9192024997863124,2.3133913E-5,19.02274,0.10378184,0.25778404,0.01118404,0.14070924,0.07303456,0.14376809,0.09888364,0.73166764,0.009806809,0.085204825,0.015184261,0.32798696,0.08398034,null,null,null,null,"TWOGAUSSIANS",8,2.145966,0.73166764,0.009806809,0.4,0.0,0.30439723,0.016347773,0.25778404,0.011184932,0.4,0.0,0.119550854,0.018872168
375316653866487564,5881953107689035264,0.6694342,2176.3248666084087,0.49354660664921707,3.253783E-6,17.520672,0.002406929,0.31379676,4.9221626E-4,0.023968494,4.2802692E-4,1.3016099,0.043545254,0.81202966,0.004134347,0.031391177,0.0062450795,0.11046646,0.03755878,0.014112904,0.0027946301,0.81202966,0.004134347,"TWOGAUSSIANS_WITH_ELLIPSOIDAL_ON_ECLIPSE2",9,2.5337822,0.31379676,4.9221626E-4,0.13422357,0.0023969507,1.3298322,0.044206597,0.81202966,0.004134347,0.1757906,0.034972444,0.13869226,0.03917715
375316653866487564,5881953176390100736,0.53953415,2166.3822148304503,3.751712089664547,1.774899E-5,17.244028,0.012645756,0.25177234,0.0043715914,0.041076146,0.016216107,0.09402244,0.023341738,0.75948024,0.0042305086,0.05521447,0.008668754,0.14189132,0.028779231,0.052249033,0.01571059,0.25177234,0.0043715914,"TWOGAUSSIANS_WITH_ELLIPSOIDAL_ON_ECLIPSE1",9,7.389792,0.75948024,0.0042305086,0.30920103,0.04854502,0.24614158,0.012936355,0.25177234,0.0043715914,0.23002642,0.0908102,0.19851762,0.022401232
375316653866487564,5881953180757810304,0.64229804,2178.381436047601,0.7995633210477393,1.3964782E-5,12.388374,0.0010393865,0.2398421,0.002621134,0.02101818,0.0028656619,0.0436692,0.013432511,0.7305001,0.00323153,0.023985414,0.001403228,0.30500364,0.014670568,0.010635883,0.001490546,0.2398421,0.002621134,"TWOGAUSSIANS_WITH_ELLIPSOIDAL_ON_ECLIPSE1",9,35.612698,0.73053014,0.0032175127,0.13431832,0.007858077,0.32620242,0.014721039,0.2398421,0.002621134,0.117701806,0.016047707,0.06494095,0.014119341
375316653866487564,5881953215088100992,0.47923917,2175.637092672194,2.6780418317458716,1.636739E-5,18.57681,0.049375895,0.272578,0.0048837774,0.09768087,0.016837232,0.33902797,0.034991413,0.77322733,0.008245856,0.11503408,0.019942418,0.29086077,0.051252734,null,null,null,null,"TWOGAUSSIANS",8,6.702584,0.272578,0.0048929104,0.4,0.0,0.3001901,0.028332444,0.77322733,0.008245856,0.4,0.0,0.2519783,0.023299247
375316653866487564,5881953867923500416,0.48744255,2175.210620757638,2.7406685168734035,1.557101E-5,19.739138,0.021383606,0.17055908,0.010920893,0.092767,0.01576427,0.27599663,0.02931066,0.67038494,0.0036193319,0.08250563,0.011921759,0.28434002,0.02442628,null,null,null,null,"TWOGAUSSIANS",8,2.076367,0.67038494,0.0036193319,0.4,0.0,0.2748165,0.025883287,0.17055908,0.010920893,0.4,0.0,0.26647282,0.029057639
375316653866487564,5881954211549973120,0.5184097,2194.550531656676,0.4997019434847387,2.4781055E-5,19.002634,0.0043808003,0.39313608,0.10259318,0.080480985,0.09370749,0.087583914,1.03454126E10,0.8265468,5.534104E-4,0.012902266,5.643222E-4,0.43735293,0.010796142,null,null,null,null,"TWOGAUSSIANS",8,3.3947372,0.8265468,5.534104E-4,0.07225269,0.0031602045,0.437353,0.010836122,0.39313608,0.10259318,0.4,0.3600065,0.08758391,1.03454126E10
375316653866487564,5881954348959486720,0.56080943,2167.6450451642163,3.5155803102755443,9.6625945E-6,19.478544,0.008819305,0.28681517,0.0032492785,0.067486525,0.0034329311,0.65312105,0.0347091,0.7900462,0.0077869366,0.0631747,0.0045540403,0.58013254,0.05833573,null,null,null,null,"TWOGAUSSIANS",8,1.5476336,0.28681517,0.0032492785,0.37792453,0.019224415,0.6523798,0.034859926,0.7900462,0.0077869366,0.35377833,0.025502624,0.5793913,0.058437493
375316653866487564,5881954383319378816,0.46310562,2188.0456059744797,3.1336604258263248,3.0816216E-5,19.580973,0.013298232,0.11839629,0.0051645497,0.06595346,0.009901003,0.23820905,0.025632108,0.6199418,0.014317144,0.07708589,0.011167243,0.28571618,0.03181083,null,null,null,null,"TWOGAUSSIANS",8,3.385007,0.6199418,0.014317144,0.4,0.0,0.2845954,0.031344652,0.11839629,0.0051645497,0.3693394,0.05544562,0.23708828,0.026043015
375316653866487564,5881954417708449536,0.6332511,2188.755997075409,0.3798376360966006,2.6828258E-5,16.548111,0.0033286514,0.29599994,0.0040195207,0.025315905,0.0021922623,0.9091105,0.028856223,0.79779726,0.0016657681,0.03283444,0.00316977,0.0892108,0.007196363,0.010594614,0.00399517,0.29599994,0.0040195207,"TWOGAUSSIANS_WITH_ELLIPSOIDAL_ON_ECLIPSE1",9,11.82688,0.29599994,0.0040195207,0.14176907,0.012276669,0.9302997,0.02691234,0.79779726,0.0016657681,0.18387286,0.017750712,0.110397324,0.0057389657
375316653866487564,5881954864355872384,0.5540349,2191.282937257174,1.7325400811676683,1.1525215E-5,19.284399,0.0079561565,0.28033835,0.0064994334,0.084806465,0.0066488623,0.2148976,0.016965808,0.77015543,0.0022816674,0.07444661,0.0028049338,0.45997626,0.0134093035,null,null,null,null,"TWOGAUSSIANS",8,1.6424183,0.77015543,0.0022816674,0.4,0.0,0.4563981,0.013215197,0.28033835,0.0064994334,0.4,0.0,0.21131945,0.01701441
375316653866487564,5881954898715798272,0.54971933,2203.8291933943874,2.9010092314842884,1.534946E-5,19.679518,0.011107267,0.2034112,0.003931636,0.06463793,0.0058348333,0.45808747,0.02768885,0.7018141,0.0022933243,0.06285613,0.0024505993,0.67711735,0.018405255,null,null,null,null,"TWOGAUSSIANS",8,1.8751514,0.7018141,0.0022933243,0.35199434,0.013723357,0.67663443,0.018292446,0.2034112,0.003931636,0.36197242,0.032675065,0.4576046,0.027846336
375316653866487564,5881955070543608576,0.6178274,2192.239385205017,1.3114296909631569,5.652557E-6,16.939903,0.009914311,0.26064134,0.0015296869,0.1086437,0.0047854003,0.27116913,0.008769554,0.76126754,0.0014295421,0.099254005,0.003431612,0.30833268,0.009937395,null,null,null,null,"TWOGAUSSIANS",8,3.1761167,0.76126754,0.0014295421,0.4,0.0,0.27666855,0.00516068,0.26064134,0.0015296869,0.4,0.0,0.23949325,0.005360941
375316653866487564,5881955689022976384,0.46226498,2198.459494792046,1.193597653091126,1.4365179E-5,16.87967,0.0043381727,0.15487152,0.042662423,0.050377335,0.014413581,0.02444712,0.009233666,0.5888063,0.0075727426,0.04444432,0.006366993,0.25825322,0.042563647,null,null,null,null,"TWOGAUSSIANS",8,22.445911,0.5888063,0.0075727426,0.24888818,0.03565516,0.25825322,0.04256365,0.15487152,0.042662423,0.28211308,0.08071606,0.024447119,0.009233661
375316653866487564,5881955723378652672,0.6097047,2185.004496448536,1.5587083332860552,6.635406E-6,16.09307,0.0038841653,0.23237133,0.0020557435,0.087252185,0.0026457459,0.20806164,0.0044993497,0.73264545,0.0019206867,0.08901867,0.002976073,0.16917907,0.003641304,null,null,null,null,"TWOGAUSSIANS",8,5.062935,0.23237133,0.0020557435,0.4,0.0,0.20138755,0.0036648836,0.73264545,0.0019206867,0.4,0.0,0.16250497,0.0024047932
375316653866487564,5881955723378653056,0.6186394,2206.8077162811264,2.362056108978972,6.407192E-6,17.34494,0.009230585,0.24387363,0.0012929926,0.08842934,0.0033841347,0.30401522,0.008586977,0.7403164,0.005163697,0.09472635,0.006635197,0.28444684,0.010656647,null,null,null,null,"TWOGAUSSIANS",8,2.990319,0.24387363,0.0012929926,0.4,0.0,0.2906131,0.005467447,0.7403164,0.005163697,0.4,0.0,0.27104428,0.0069912425
375316653866487564,5881955929508268544,0.47670048,2179.210164163313,1.1140066600578047,1.8502773E-5,19.565798,0.025065565,0.25158015,0.006474332,0.10127093,0.017830703,0.2126452,0.019348925,0.75573444,0.0059991837,0.09220125,0.014616505,0.23093262,0.023862217,null,null,null,null,"TWOGAUSSIANS",8,2.206542,0.75573444,0.0059991837,0.4,0.0,0.21612678,0.023045575,0.25158015,0.006474332,0.4,0.0,0.19783737,0.01799781
375316653866487564,5881956135666817536,0.60264355,2183.8407559977663,2.8706082007208455,5.462242E-6,19.165377,0.01396973,0.2795648,0.0015277842,0.04405434,0.003778846,0.40471846,0.025812648,0.7820476,0.0064958027,0.052866194,0.0061888723,0.42296666,0.03866022,0.09109944,0.020322444,0.2795648,0.0015277842,"TWOGAUSSIANS_WITH_ELLIPSOIDAL_ON_ECLIPSE1",9,1.5609393,0.7820476,0.006388792,0.2960507,0.034657683,0.6051165,0.017574728,0.2795648,0.0015277842,0.24670431,0.021161538,0.5869126,0.021774173
375316653866487564,5881956170026565504,0.52643764,2163.42551203465,0.7581530485884257,1.6455211E-5,19.345625,0.0069764955,0.2563439,0.0034574138,0.01899468,0.0032141476,0.4670417,0.13011017,0.7600628,0.011439731,0.018865211,0.0048778546,0.7387907,0.22567652,null,null,null,null,"TWOGAUSSIANS",8,4.9593706,0.7600628,0.011439731,0.10564518,0.027315987,0.7387907,0.22567652,0.2563439,0.0034574138,0.10637021,0.017999226,0.4670417,0.13011017
375316653866487564,5881956509309054208,0.5124646,2180.713985872113,2.426489429626234,1.9923149E-5,19.017319,0.020344872,0.24844185,0.0049087955,0.0804627,0.010488227,0.22653644,0.017719492,0.74275637,0.0029726173,0.08344214,0.007301403,0.32653898,0.025850337,null,null,null,null,"TWOGAUSSIANS",8,4.206975,0.74275637,0.0029726173,0.4,0.0,0.32186928,0.024216373,0.24844185,0.0049087955,0.4,0.0,0.22186674,0.012987998
