Gaia/vari_eclipsing_binary/VariEclipsingBinary_048268-048417.csv
# %ECSV 1.0
# ---
# delimiter: ','
# meta: !!omap
# - RELEASE: Gaia DR3
# - TABLE: vari_eclipsing_binary
# - DESCRIPTION: >
#     This table describes the properties of the eclipsing binaries resulting from the variability analysis. 
# - CITATION: >
#     How to cite and acknowledge Gaia: 
#     https://gea.esac.esa.int/archive/documentation/credits.html 
# - KNOWN_ISSUES: >
#     Known issues: 
#     https://www.cosmos.esa.int/web/gaia-users/known-issues 
# - DOCUMENTATION: >
#     Tutorials and documentation: 
#     https://www.cosmos.esa.int/web/gaia-users/archive 
# datatype:
# - 
#   name: solution_id
#   datatype: int64
#   description: Solution Identifier
#   meta:
#     ucd: meta.version
# - 
#   name: source_id
#   datatype: int64
#   description: Unique source identifier
#   meta:
#     ucd: meta.id;meta.main
# - 
#   name: global_ranking
#   datatype: float32
#   description: Number between 0 (worst) and 1 (best)
#   meta:
#     ucd: stat.param
# - 
#   name: reference_time
#   datatype: float64
#   unit: d
#   description: Reference time used for the geometric model fit
#   meta:
#     ucd: time.epoch
# - 
#   name: frequency
#   datatype: float64
#   unit: d**-1
#   description: Frequency of geometric model of the eclipsing binary light curve
#   meta:
#     ucd: src.orbital
# - 
#   name: frequency_error
#   datatype: float32
#   unit: d**-1
#   description: "Uncertainty of \\texttt{frequency}"
#   meta:
#     ucd: stat.error
# - 
#   name: geom_model_reference_level
#   datatype: float32
#   unit: mag
#   description: Magnitude reference level of geometric model
#   meta:
#     ucd: phot.mag;em.opt
# - 
#   name: geom_model_reference_level_error
#   datatype: float32
#   unit: mag
#   description: "Uncertainty of \\texttt{geomModelReferenceLevel}"
#   meta:
#     ucd: stat.error;phot.mag;em.opt
# - 
#   name: geom_model_gaussian1_phase
#   datatype: float32
#   description: Phase of the Gaussian 1 component
#   meta:
#     ucd: time.phase
# - 
#   name: geom_model_gaussian1_phase_error
#   datatype: float32
#   description: "Uncertainty of \\texttt{geomModelGaussian1Phase}"
#   meta:
#     ucd: stat.error;time.phase
# - 
#   name: geom_model_gaussian1_sigma
#   datatype: float32
#   description: "Standard deviation [phase] of Gaussian 1 component"
#   meta:
#     ucd: stat.stdev
# - 
#   name: geom_model_gaussian1_sigma_error
#   datatype: float32
#   description: "Uncertainty of \\texttt{geomModelGaussian1Sigma}"
#   meta:
#     ucd: stat.error
# - 
#   name: geom_model_gaussian1_depth
#   datatype: float32
#   unit: mag
#   description: Magnitude depth of Gaussian 1 component
#   meta:
#     ucd: src.var.amplitude
# - 
#   name: geom_model_gaussian1_depth_error
#   datatype: float32
#   unit: mag
#   description: "Uncertainty of \\texttt{geomModelGaussian1Depth}"
#   meta:
#     ucd: stat.error;src.var.amplitude
# - 
#   name: geom_model_gaussian2_phase
#   datatype: float32
#   description: Phase of Gaussian 2 component
#   meta:
#     ucd: time.phase
# - 
#   name: geom_model_gaussian2_phase_error
#   datatype: float32
#   description: "Uncertainty of \\texttt{geomModelGaussian2Phase}"
#   meta:
#     ucd: stat.error;time.phase
# - 
#   name: geom_model_gaussian2_sigma
#   datatype: float32
[...]
#   datatype: float32
#   description: "Secondary eclipse: uncertainty of \\texttt{derivedSecondaryEclDuration}"
#   meta:
#     ucd: stat.error;time.duration
# - 
#   name: derived_secondary_ecl_depth
#   datatype: float32
#   unit: mag
#   description: "Secondary eclipse: depth"
#   meta:
#     ucd: src.var.amplitude
# - 
#   name: derived_secondary_ecl_depth_error
#   datatype: float32
#   unit: mag
#   description: "Secondary eclipse: uncertainty of \\texttt{derivedSecondaryEclDepth}"
#   meta:
#     ucd: stat.error;src.var.amplitude
solution_id,source_id,global_ranking,reference_time,frequency,frequency_error,geom_model_reference_level,geom_model_reference_level_error,geom_model_gaussian1_phase,geom_model_gaussian1_phase_error,geom_model_gaussian1_sigma,geom_model_gaussian1_sigma_error,geom_model_gaussian1_depth,geom_model_gaussian1_depth_error,geom_model_gaussian2_phase,geom_model_gaussian2_phase_error,geom_model_gaussian2_sigma,geom_model_gaussian2_sigma_error,geom_model_gaussian2_depth,geom_model_gaussian2_depth_error,geom_model_cosine_half_period_amplitude,geom_model_cosine_half_period_amplitude_error,geom_model_cosine_half_period_phase,geom_model_cosine_half_period_phase_error,model_type,num_model_parameters,reduced_chi2,derived_primary_ecl_phase,derived_primary_ecl_phase_error,derived_primary_ecl_duration,derived_primary_ecl_duration_error,derived_primary_ecl_depth,derived_primary_ecl_depth_error,derived_secondary_ecl_phase,derived_secondary_ecl_phase_error,derived_secondary_ecl_duration,derived_secondary_ecl_duration_error,derived_secondary_ecl_depth,derived_secondary_ecl_depth_error
[from data line 711]
375316653866487564,425658613689911424,0.53084695,2237.1594180569095,2.9310275780981967,6.033488E-6,18.219063,0.0076886527,0.24900495,0.004170261,0.06890608,0.003923308,0.37892926,0.015165462,0.747021,0.0024252962,0.0757334,0.0070358394,0.43482918,0.03398797,null,null,null,null,"TWOGAUSSIANS",8,10.467762,0.747021,0.0024252962,0.4,0.0,0.43285716,0.0352224,0.24900495,0.004170261,0.3858741,0.021970524,0.37695727,0.014850969
375316653866487564,425661461247582080,0.57034844,2200.5002132980712,0.12346279241711858,1.4388272E-5,18.509737,0.0015386178,0.12658928,0.011760275,0.013707214,0.007882492,0.025318587,0.00908991,0.22958165,5.0075277E-4,0.014848464,3.9650517E-4,0.5582416,0.010237677,0.0016681314,0.0024628292,0.22958165,5.0075277E-4,"TWOGAUSSIANS_WITH_ELLIPSOIDAL_ON_ECLIPSE2",9,1.386394,0.22958165,5.0075277E-4,0.0831514,0.002220429,0.56157786,0.010507712,0.1267393,0.011406641,0.0767604,0.044141956,0.0274437,0.009057025
375316653866487564,425666447711779584,0.52056587,2245.9493190109215,4.326449691271277,1.0654648E-5,19.857506,0.009148877,0.22193283,0.003954498,0.07339065,0.0042376164,0.43637586,0.019318491,0.72226137,0.0042093466,0.06746617,0.0043028337,0.48699462,0.032593,null,null,null,null,"TWOGAUSSIANS",8,2.131397,0.72226137,0.0042093466,0.37781057,0.024095869,0.4853219,0.03286758,0.22193283,0.003954498,0.4,0.0,0.43470314,0.019307245
375316653866487564,425669265210003456,0.57148784,2191.561743911297,2.336493423444522,5.0515264E-6,16.24013,0.015217123,0.24961868,0.0018354639,0.05805706,0.007331849,0.1568185,0.036380075,0.7421632,0.0064064795,0.058560304,0.007168049,0.21426196,0.03240465,0.13614482,0.01866546,0.24961868,0.0018354639,"TWOGAUSSIANS_WITH_ELLIPSOIDAL_ON_ECLIPSE1",9,50.00887,0.74407315,0.004585915,0.3279377,0.040141076,0.48607728,0.0164347,0.24961868,0.0018354639,0.32511953,0.041058354,0.42907816,0.011958983
375316653866487564,425669608807582720,0.58524156,2207.9924079134885,1.1897256462869996,2.0958967E-6,16.068104,0.0012458902,0.24112347,9.5591135E-4,0.028834525,0.0013145837,0.09512251,0.0027407506,0.74124146,6.393438E-4,0.031823173,9.4130443E-4,0.08995726,0.003304883,0.014324386,0.0012183624,0.24112347,9.5591135E-4,"TWOGAUSSIANS_WITH_ELLIPSOIDAL_ON_ECLIPSE1",9,2.539855,0.24112347,9.5591135E-4,0.16147335,0.007361669,0.12377126,0.0019463106,0.74124146,6.3282787E-4,0.17820978,0.005271305,0.118606,0.0026886046
375316653866487564,425669677527046016,0.5119576,2235.3165621558896,0.03395333349342534,1.006676E-6,18.228922,0.0016312401,0.5429582,1.6411211E-6,0.0016096461,1.3653554E-5,0.6452927,0.0057980116,0.8456514,0.002182218,0.0144848395,0.0019224273,0.018214133,0.002115037,null,null,null,null,"TWOGAUSSIANS",8,1.8756968,0.5429582,1.6411211E-6,0.009014019,7.6459895E-5,0.6452927,0.0057980116,0.8456514,0.002182218,0.0811151,0.0107655935,0.018214133,0.002115037
375316653866487564,425671807830735360,0.49098668,2209.6345306676167,3.5985311581996875,2.0680242E-5,16.90084,0.03856188,0.2791208,0.005245394,0.10148234,0.014148383,0.32879063,0.035106946,0.7953689,0.0053823995,0.09835302,0.017628472,0.27913368,0.02924344,null,null,null,null,"TWOGAUSSIANS",8,74.26649,0.2791208,0.005249578,0.4,0.0,0.30723763,0.018031232,0.7953689,0.0053862794,0.4,0.0,0.25758344,0.014263974
375316653866487564,425672838622797184,0.5485266,2182.575854708272,3.555716662780522,7.1657655E-6,19.794325,0.02191968,0.26599136,0.0036759884,0.036043152,0.018299514,0.4216333,0.12997094,0.7673344,0.002048802,0.039224926,0.0047707795,0.5365943,0.069383055,0.1631043,0.028637806,0.26599136,0.0036759884,"TWOGAUSSIANS_WITH_ELLIPSOIDAL_ON_ECLIPSE1",9,2.2945259,0.7673344,0.0019793552,0.21965958,0.026716365,0.8627796,0.07136972,0.26599136,0.0036759884,0.20184165,0.102477275,0.7478419,0.17258993
375316653866487564,425675754896670848,0.49775773,2192.3412474420734,0.1617252380334048,5.0214723E-5,18.161863,0.0013275095,0.4663243,1.5478383E-4,0.0102026155,1.4077962E-4,0.3131921,0.0019124133,null,null,null,null,null,null,null,null,null,null,"ONEGAUSSIAN",5,1.9885056,0.4663243,1.5478383E-4,0.057134647,7.883659E-4,0.3131921,0.0,null,null,null,null,null,null
375316653866487564,425676442091499136,0.45778865,2200.2831942104717,0.45473869743912665,1.610408E-5,17.369253,0.0011834244,0.7607108,0.004984422,0.037190456,0.033177268,0.0029384536,0.0066948244,null,null,null,null,null,null,0.028452378,0.0017034564,0.7607108,0.004984422,"ONEGAUSSIAN_WITH_ELLIPSOIDAL",6,4.0572047,0.7607108,0.004984422,0.20826656,0.18579268,0.05984312,0.0067119543,null,null,null,null,null,null
375316653866487564,425677816481271936,0.47343832,2185.7798397663178,3.5588738032158873,9.26788E-6,19.847036,0.010491565,0.23725232,0.0032380403,0.08669659,0.006019934,0.2838692,0.020760708,0.7346689,0.0033890908,0.07195376,0.005377002,0.3698869,0.036917973,null,null,null,null,"TWOGAUSSIANS",8,2.0204663,0.7346689,0.0033890908,0.4,0.008474626,0.36567917,0.037842594,0.23725232,0.0032380403,0.4,0.0,0.27966145,0.021107992
375316653866487564,425677855144421120,0.4572107,2219.108322273914,1.2759233467344637,3.3140157E-5,18.835476,0.0039557517,0.49792328,0.025077173,0.053068534,0.020692255,0.041066244,0.01389157,0.81815815,4.0739065E-5,0.011823846,2.5105974E-4,0.7741599,0.022236645,null,null,null,null,"TWOGAUSSIANS",8,5.073389,0.81815815,4.0739065E-5,0.06621354,0.0014059346,0.7741599,0.022236886,0.49792328,0.025077173,0.29718378,0.11587664,0.041066244,0.01389157
375316653866487564,425682248887117568,0.54587734,2220.09549062574,0.9118035129375619,7.1258723E-6,17.315248,0.0022976545,0.32415572,0.002540601,0.043886002,0.0030091717,0.29141015,0.012856894,0.82352823,0.0033630745,0.033423685,0.0045168456,0.054391786,0.004142665,null,null,null,null,"TWOGAUSSIANS",8,7.2169156,0.32415572,0.002540601,0.24576162,0.016851362,0.29141015,0.012856894,0.82352823,0.0033630745,0.18717264,0.025294334,0.054391786,0.0041426653
375316653866487564,425682390629940224,0.45496905,2225.7206599714564,0.03179783169431604,1.8400535E-5,16.507154,0.01919367,0.4773067,0.00655712,0.20833828,0.030524245,0.16808419,0.01895387,0.9442915,0.006085778,0.017803444,0.00896177,0.046912383,0.016059985,null,null,null,null,"TWOGAUSSIANS",8,7.433245,0.4773067,0.00655712,0.4,0.0,0.14833924,0.0205578,0.9442915,0.006085778,0.09969929,0.05018591,0.047166128,0.016846895
375316653866487564,425682455045683072,0.5301747,2244.6913598037736,3.0291083038977287,9.587994E-6,19.265385,0.015925562,0.14066897,0.0029597594,0.07524205,0.004725989,0.4759894,0.016363814,0.63999975,0.0037722418,0.08104409,0.005511476,0.40345398,0.022071255,null,null,null,null,"TWOGAUSSIANS",8,3.4925516,0.14066897,0.0029597594,0.4,0.0,0.4708332,0.01544179,0.63999975,0.0037722418,0.4,0.0,0.39829782,0.021359595
375316653866487564,425684142976610304,0.5711448,2223.35727980911,2.6109510108066116,6.3907632E-6,17.755661,0.013084208,0.25092277,0.0022403875,0.07047643,0.0049717687,0.2592358,0.028757002,0.75982904,0.002051632,0.055068754,0.006118937,0.20338073,0.025189329,0.057660185,0.015209323,0.25092277,0.0022403875,"TWOGAUSSIANS_WITH_ELLIPSOIDAL_ON_ECLIPSE1",9,7.155474,0.25092277,0.0022403875,0.39466798,0.026352214,0.37410057,0.010935957,0.75982904,0.002051632,0.308385,0.034266047,0.31788474,0.014181793
375316653866487564,425684555293884928,0.49487242,2219.4156562458047,1.3112353047490575,1.5358884E-5,16.581488,0.0042641833,0.2428969,0.0046579707,0.03958795,0.006967984,0.18400645,0.02387904,0.7531759,0.007896683,0.03450179,0.005942818,0.09258188,0.021128358,0.025187483,0.0062969266,0.2428969,0.0046579707,"TWOGAUSSIANS_WITH_ELLIPSOIDAL_ON_ECLIPSE1",9,32.936085,0.2428969,0.0046579707,0.22169252,0.039020713,0.23438141,0.023416365,0.7531759,0.007896683,0.19321002,0.03327978,0.142747,0.0200079
375316653866487564,425685135105239296,0.49494517,2253.066061243634,0.31609388219206397,9.337298E-5,19.045513,0.0035124451,0.0893963,0.01702718,0.014068038,0.012437256,0.020263309,0.046984915,0.7761553,6.1419513E-4,0.005999396,0.001134413,1.4532865,1.6804395,0.014597844,0.004451826,0.0893963,0.01702718,"TWOGAUSSIANS_WITH_ELLIPSOIDAL_ON_ECLIPSE1",9,2.743562,0.7761553,6.1419513E-4,0.03359662,0.0063527124,1.4576586,1.6802335,0.0893963,0.01702718,0.078781016,0.06964863,0.049458995,0.04586508
375316653866487564,425686131537825024,0.5152841,2225.628637311416,2.7490898222534947,1.0433E-5,17.742897,0.0049223714,0.24260084,0.0034382755,0.03520094,0.0074246274,0.063967064,0.012996953,0.7306411,0.006700435,0.06254881,0.0091567375,0.065768994,0.012201526,0.041821375,0.007388575,0.24260084,0.0034382755,"TWOGAUSSIANS_WITH_ELLIPSOIDAL_ON_ECLIPSE1",9,4.6446757,0.7340111,0.004214921,0.35027334,0.051277727,0.1490625,0.007049072,0.24260084,0.0034382755,0.19712526,0.041577913,0.14759935,0.010474957
375316653866487564,425689086479861888,0.5846479,2218.256596770563,2.5605349290791177,6.149218E-6,17.53194,0.010288885,0.15060855,0.0018670335,0.051221482,0.0053232466,0.24190575,0.023784596,0.64717,0.004663951,0.050919957,0.004128536,0.29979208,0.0268653,0.108826675,0.01431995,0.15060855,0.0018670335,"TWOGAUSSIANS_WITH_ELLIPSOIDAL_ON_ECLIPSE1",9,11.4267645,0.64761,0.0039890846,0.28515175,0.023119802,0.51735336,0.01400259,0.15060855,0.0018670335,0.2868403,0.02981018,0.45955548,0.0126640005
375316653866487564,425691083646241664,0.4936578,2201.544960164359,1.7399797059796926,9.267609E-6,19.322937,0.008621348,0.22213642,0.014365738,0.007803819,0.015633099,0.16664198,61.867184,0.729202,0.002363946,0.04274806,0.0042307833,0.32561266,0.041457683,0.04368256,0.011804624,0.22213642,0.014365738,"TWOGAUSSIANS_WITH_ELLIPSOIDAL_ON_ECLIPSE1",9,4.8621325,0.729202,0.0022307856,0.23938914,0.023692386,0.4128056,0.043747205,0.22213642,0.014365738,0.043701388,0.08754536,0.25400698,61.86834
375316653866487564,425691839557876736,0.6033706,2221.5061637822123,2.6060607657623653,4.5069964E-6,16.022194,0.012185281,0.24674655,0.0012772995,0.1177731,0.006839645,0.15308659,0.011282979,0.7459122,0.0011868209,0.12658095,0.0078039565,0.14955753,0.011181573,null,null,null,null,"TWOGAUSSIANS",8,2.1458695,0.24675655,0.0012859786,0.4,0.0,0.1162209,0.001793912,0.7459122,0.0011868209,0.4,0.0,0.112606764,0.0020404446
375316653866487564,425693106562914304,0.465965,2203.266421223731,2.205409681689952,2.7267652E-5,18.402248,0.0045139077,0.46904176,0.016170418,0.029656045,0.012323283,0.03860976,0.010362593,0.6640191,0.003327388,0.031005947,0.0044621844,0.31594822,0.07299929,null,null,null,null,"TWOGAUSSIANS",8,7.7949343,0.6640191,0.003327388,0.1736333,0.024988232,0.31594822,0.0729993,0.46904176,0.016170418,0.16607386,0.069010384,0.03860976,0.010362592
375316653866487564,425694416538196608,0.64158094,2193.1704648768987,1.6135997947069989,2.384013E-6,17.568937,0.0036379092,0.25371352,0.0011171298,0.05359471,0.0090465415,0.0350734,0.0088724075,0.75313246,8.311019E-4,0.05352832,0.0016795814,0.25474462,0.008762457,0.09201155,0.0046877605,0.25371352,0.0011171298,"TWOGAUSSIANS_WITH_ELLIPSOIDAL_ON_ECLIPSE1",9,1.4375883,0.7532125,6.5488875E-4,0.2997586,0.009405656,0.43876,0.0075007495,0.25371352,0.0011171298,0.30013037,0.050660633,0.21909088,0.0048097563
375316653866487564,425695138092692864,0.4811262,2196.44877513089,1.1362198107990036,1.8000977E-5,14.55604,0.0014342539,0.17718309,0.0049242275,0.02001075,0.0064348243,0.02510523,0.028385872,0.69963896,0.0043253005,0.04308948,0.009522225,0.05780359,0.005829139,0.011126247,0.0020615738,0.69963896,0.0043253005,"TWOGAUSSIANS_WITH_ELLIPSOIDAL_ON_ECLIPSE2",9,34.603848,0.69963896,0.0043253005,0.24130109,0.05332446,0.08005605,0.007162581,0.17778309,0.004544886,0.112060204,0.036035016,0.0469294,0.028486544
375316653866487564,425695481690074496,0.5148494,2171.6556753146942,2.8533150111023518,1.3665269E-5,15.705021,0.23121876,0.29469046,0.0049955705,0.13918947,0.04454119,0.27262315,0.22067825,0.80379605,0.0054953746,0.13866045,0.047580663,0.24717887,0.22243233,null,null,null,null,"TWOGAUSSIANS",8,57.046616,0.29438046,0.0045854375,0.4,0.0,0.17653105,0.006869239,0.80418605,0.0047576698,0.4,0.0,0.15120757,0.0048671653
375316653866487564,425696718642147840,0.5930499,2218.590084957409,2.4408983139508504,3.569723E-6,17.285784,0.007818279,0.24061087,0.0047717937,0.08870217,0.0057678716,0.19769484,0.008886808,0.7311849,0.0021561987,0.084760174,0.0031748777,0.44662118,0.008442853,null,null,null,null,"TWOGAUSSIANS",8,9.137613,0.7311849,0.0021561987,0.4,0.0,0.43882665,0.0074884994,0.24061087,0.0047717937,0.4,0.0,0.18990031,0.007508244
375316653866487564,425698402269319680,0.64499396,2193.184657987353,0.1913359616427485,5.240484E-6,15.694791,0.0016952333,0.25174692,0.0063456786,0.0075573493,0.0054116864,0.646306,4.4914684,0.7526357,0.0024949966,0.008617217,0.0017212207,0.31764045,0.0484688,0.0022667511,0.0020221951,0.25174692,0.0063456786,"TWOGAUSSIANS_WITH_ELLIPSOIDAL_ON_ECLIPSE1",9,6.6187267,0.25174692,0.0063456786,0.042321157,0.030305443,0.6508395,4.4919047,0.7526357,0.0024949966,0.048256416,0.009638836,0.3221738,0.04818948
375316653866487564,425698604123040512,0.595358,2209.756042190847,2.1802098464988737,4.3281343E-6,17.797024,0.017428158,0.2184775,0.004315786,0.055023342,0.011712371,0.090710014,0.039401073,0.7148033,0.0029746941,0.06344124,0.0049527516,0.33262923,0.038230862,0.08140429,0.021345058,0.2184775,0.004315786,"TWOGAUSSIANS_WITH_ELLIPSOIDAL_ON_ECLIPSE1",9,6.7388654,0.7152933,0.002304447,0.35527092,0.027735408,0.49524927,0.01150891,0.2184775,0.004315786,0.3081307,0.06558928,0.25340515,0.0074068354
375316653866487564,425700292054820480,0.6056772,2196.9089114358217,2.6178188075718185,5.4347765E-6,15.667032,0.0043316423,0.24633601,0.0012425289,0.047300886,0.004410776,0.107779294,0.010723673,0.7539755,0.0030451145,0.038232595,0.005889094,0.10709135,0.01139364,0.11346832,0.0061870907,0.24633601,0.0012425289,"TWOGAUSSIANS_WITH_ELLIPSOIDAL_ON_ECLIPSE1",9,28.770876,0.24633601,0.0012425289,0.26488495,0.024700345,0.3347156,0.005854584,0.7539755,0.0030451145,0.21410254,0.032978926,0.3335052,0.009756533
375316653866487564,425701937017860992,0.564241,2221.2227720621095,1.3280905785417951,7.7246905E-6,17.499346,0.0021907752,0.21344694,0.0033203124,0.07837812,0.0042682043,0.09858838,0.0038517455,0.71201277,0.0022071484,0.060473103,0.0021033378,0.3531548,0.0146422805,null,null,null,null,"TWOGAUSSIANS",8,3.8959918,0.71201277,0.0022071484,0.33864936,0.011778692,0.35266462,0.014719356,0.21344694,0.0033203124,0.4,0.0,0.098098174,0.0038409783
375316653866487564,425703448846423936,0.5121898,2211.7488973950813,3.447027858296732,1.1867052E-5,18.134996,0.03488949,0.2851463,0.006381623,0.11986512,0.014749824,0.27377054,0.032849044,0.75855255,0.004519078,0.104457915,0.015122587,0.27432275,0.024734613,null,null,null,null,"TWOGAUSSIANS",8,6.559113,0.75855255,0.004519078,0.4,0.0,0.23970348,0.015079563,0.2851663,0.0063758353,0.4,0.0,0.2390317,0.008953828
375316653866487564,425706682966211840,0.5651715,2233.280681450844,1.640792656093596,2.8768754E-6,18.050692,0.002338166,0.22191605,0.003672107,0.03333642,0.0029939034,0.060021568,0.0071439184,0.72302204,8.1280834E-4,0.04187239,0.0012626441,0.31258282,0.009728087,0.014156025,0.0028563547,0.22191605,0.003672107,"TWOGAUSSIANS_WITH_ELLIPSOIDAL_ON_ECLIPSE1",9,1.9925048,0.72302204,8.1193354E-4,0.23448539,0.007070807,0.3408935,0.009890472,0.22191605,0.003672107,0.18668394,0.016765859,0.08833361,0.0050802454
375316653866487564,425707164002556928,0.4853745,2238.954653066933,0.8053804099346453,1.3125279E-5,16.144058,8.609551E-4,0.30084693,0.0029258402,0.027904943,0.010858087,0.01912041,0.0061362963,0.7993868,0.013078781,0.030718025,0.011054485,0.01557052,0.0050635934,0.017308403,0.0015688722,0.30084693,0.0029258402,"TWOGAUSSIANS_WITH_ELLIPSOIDAL_ON_ECLIPSE1",9,4.060055,0.30084693,0.0029258402,0.15626767,0.060805287,0.05373716,0.006578774,0.7995968,0.0119342515,0.17202094,0.061905116,0.05018477,0.00526237
