Gaia/vari_eclipsing_binary/VariEclipsingBinary_674148-674170.csv
# %ECSV 1.0
# ---
# delimiter: ','
# meta: !!omap
# - RELEASE: Gaia DR3
# - TABLE: vari_eclipsing_binary
# - DESCRIPTION: >
#     This table describes the properties of the eclipsing binaries resulting from the variability analysis. 
# - CITATION: >
#     How to cite and acknowledge Gaia: 
#     https://gea.esac.esa.int/archive/documentation/credits.html 
# - KNOWN_ISSUES: >
#     Known issues: 
#     https://www.cosmos.esa.int/web/gaia-users/known-issues 
# - DOCUMENTATION: >
#     Tutorials and documentation: 
#     https://www.cosmos.esa.int/web/gaia-users/archive 
# datatype:
# - 
#   name: solution_id
#   datatype: int64
#   description: Solution Identifier
#   meta:
#     ucd: meta.version
# - 
#   name: source_id
#   datatype: int64
#   description: Unique source identifier
#   meta:
#     ucd: meta.id;meta.main
# - 
#   name: global_ranking
#   datatype: float32
#   description: Number between 0 (worst) and 1 (best)
#   meta:
#     ucd: stat.param
# - 
#   name: reference_time
#   datatype: float64
#   unit: d
#   description: Reference time used for the geometric model fit
#   meta:
#     ucd: time.epoch
# - 
#   name: frequency
#   datatype: float64
#   unit: d**-1
#   description: Frequency of geometric model of the eclipsing binary light curve
#   meta:
#     ucd: src.orbital
# - 
#   name: frequency_error
#   datatype: float32
#   unit: d**-1
#   description: "Uncertainty of \\texttt{frequency}"
#   meta:
#     ucd: stat.error
# - 
#   name: geom_model_reference_level
#   datatype: float32
#   unit: mag
#   description: Magnitude reference level of geometric model
#   meta:
#     ucd: phot.mag;em.opt
# - 
#   name: geom_model_reference_level_error
#   datatype: float32
#   unit: mag
#   description: "Uncertainty of \\texttt{geomModelReferenceLevel}"
#   meta:
#     ucd: stat.error;phot.mag;em.opt
# - 
#   name: geom_model_gaussian1_phase
#   datatype: float32
#   description: Phase of the Gaussian 1 component
#   meta:
#     ucd: time.phase
# - 
#   name: geom_model_gaussian1_phase_error
#   datatype: float32
#   description: "Uncertainty of \\texttt{geomModelGaussian1Phase}"
#   meta:
#     ucd: stat.error;time.phase
# - 
#   name: geom_model_gaussian1_sigma
#   datatype: float32
#   description: "Standard deviation [phase] of Gaussian 1 component"
#   meta:
#     ucd: stat.stdev
# - 
#   name: geom_model_gaussian1_sigma_error
#   datatype: float32
#   description: "Uncertainty of \\texttt{geomModelGaussian1Sigma}"
#   meta:
#     ucd: stat.error
# - 
#   name: geom_model_gaussian1_depth
#   datatype: float32
#   unit: mag
#   description: Magnitude depth of Gaussian 1 component
#   meta:
#     ucd: src.var.amplitude
# - 
#   name: geom_model_gaussian1_depth_error
#   datatype: float32
#   unit: mag
#   description: "Uncertainty of \\texttt{geomModelGaussian1Depth}"
#   meta:
#     ucd: stat.error;src.var.amplitude
# - 
#   name: geom_model_gaussian2_phase
#   datatype: float32
#   description: Phase of Gaussian 2 component
#   meta:
#     ucd: time.phase
# - 
#   name: geom_model_gaussian2_phase_error
#   datatype: float32
#   description: "Uncertainty of \\texttt{geomModelGaussian2Phase}"
#   meta:
#     ucd: stat.error;time.phase
# - 
#   name: geom_model_gaussian2_sigma
#   datatype: float32
[...]
#   datatype: float32
#   description: "Secondary eclipse: uncertainty of \\texttt{derivedSecondaryEclDuration}"
#   meta:
#     ucd: stat.error;time.duration
# - 
#   name: derived_secondary_ecl_depth
#   datatype: float32
#   unit: mag
#   description: "Secondary eclipse: depth"
#   meta:
#     ucd: src.var.amplitude
# - 
#   name: derived_secondary_ecl_depth_error
#   datatype: float32
#   unit: mag
#   description: "Secondary eclipse: uncertainty of \\texttt{derivedSecondaryEclDepth}"
#   meta:
#     ucd: stat.error;src.var.amplitude
solution_id,source_id,global_ranking,reference_time,frequency,frequency_error,geom_model_reference_level,geom_model_reference_level_error,geom_model_gaussian1_phase,geom_model_gaussian1_phase_error,geom_model_gaussian1_sigma,geom_model_gaussian1_sigma_error,geom_model_gaussian1_depth,geom_model_gaussian1_depth_error,geom_model_gaussian2_phase,geom_model_gaussian2_phase_error,geom_model_gaussian2_sigma,geom_model_gaussian2_sigma_error,geom_model_gaussian2_depth,geom_model_gaussian2_depth_error,geom_model_cosine_half_period_amplitude,geom_model_cosine_half_period_amplitude_error,geom_model_cosine_half_period_phase,geom_model_cosine_half_period_phase_error,model_type,num_model_parameters,reduced_chi2,derived_primary_ecl_phase,derived_primary_ecl_phase_error,derived_primary_ecl_duration,derived_primary_ecl_duration_error,derived_primary_ecl_depth,derived_primary_ecl_depth_error,derived_secondary_ecl_phase,derived_secondary_ecl_phase_error,derived_secondary_ecl_duration,derived_secondary_ecl_duration_error,derived_secondary_ecl_depth,derived_secondary_ecl_depth_error
375316653866487564,5929868591764037120,0.5113929,2214.78422026813,2.6588978033235193,2.804092E-5,19.490152,0.009325697,0.3023105,0.0055955607,0.04020017,0.011655022,0.11732761,0.026864463,0.79397655,0.01088478,0.03652157,0.008958727,0.14097804,0.039952617,0.123656966,0.015393186,0.3023105,0.0055955607,"TWOGAUSSIANS_WITH_ELLIPSOIDAL_ON_ECLIPSE1",9,3.6473646,0.7952766,0.009450901,0.20452079,0.050168876,0.38771936,0.03137511,0.3023105,0.0055955607,0.22512096,0.06526813,0.36464095,0.018083394
375316653866487564,5929869004121210112,0.6175813,2217.8337682856445,2.6099293367212337,5.477566E-6,17.406107,0.012521856,0.2141123,7.11493E-4,0.050686587,0.0032584188,0.42601207,0.03451813,0.71626973,0.002210796,0.0446744,0.0054115537,0.43841234,0.0354428,0.11318571,0.024226135,0.2141123,7.11493E-4,"TWOGAUSSIANS_WITH_ELLIPSOIDAL_ON_ECLIPSE1",9,15.015292,0.71626973,0.002210796,0.25017664,0.0303047,0.66473967,0.057439294,0.2141123,7.11493E-4,0.2838449,0.018247144,0.652381,0.024286084
375316653866487564,5929870271088164480,0.46338004,2233.909728644468,0.09742060641094763,6.1522864E-5,17.83134,0.003164476,0.2908146,0.009771044,0.10037465,0.015425832,0.07129278,0.0063853352,0.73088735,0.0051766164,0.051793538,0.003598472,0.11003385,0.009105842,null,null,null,null,"TWOGAUSSIANS",8,3.847546,0.73088735,0.0051766164,0.29004383,0.020151444,0.10986036,0.00903369,0.2908146,0.009771044,0.4,0.0,0.07111451,0.006478539
375316653866487564,5929870653346570496,0.46874142,2225.2239563829166,1.572287014903006,5.0647963E-5,19.409702,0.009515423,0.29038715,0.0126503045,0.03903185,0.009610723,0.3489882,0.12839878,0.7254208,0.013098604,0.11247402,0.024276845,0.066110075,0.008837617,null,null,null,null,"TWOGAUSSIANS",8,2.1316037,0.29039717,0.012646828,0.21857835,0.05382005,0.34886235,0.12865458,0.7254208,0.013098604,0.4,0.0,0.0659467,0.008457053
375316653866487564,5929871027023530368,0.51964617,2227.836049776398,3.372721973088964,2.2372933E-5,19.616674,0.041780982,0.20996425,0.0022023143,0.092936926,0.008691118,0.43915224,0.03838825,0.7184959,0.010556222,0.10217065,0.022566462,0.3917718,0.03908228,null,null,null,null,"TWOGAUSSIANS",8,2.1131003,0.20996425,0.0022046212,0.4,0.0,0.41151172,0.012015909,0.7184959,0.010556222,0.4,0.0,0.36412647,0.023405228
375316653866487564,5929871409302380288,0.57807016,2181.6745140608687,0.8252325371032331,2.6205345E-5,17.395,0.0030527536,0.21932162,0.002853467,0.039472938,0.003194026,0.15082563,0.006159297,0.7141749,0.05126471,0.040903203,0.040331457,0.50458777,0.61105883,null,null,null,null,"TWOGAUSSIANS",8,2.8310106,0.7141749,0.05126471,0.22905795,0.22085728,0.50458777,0.61106443,0.21932162,0.002853467,0.22104844,0.017886546,0.15082563,0.0061571435
375316653866487564,5929871752899780864,0.4377679,2197.325493283192,2.5227901759307705,3.5929053E-5,17.308811,0.18695636,0.19564077,0.0063835713,0.12968035,0.019735575,0.35322168,0.07811731,0.68868935,0.008893108,0.27214068,0.046608232,0.51589346,0.18480276,null,null,null,null,"TWOGAUSSIANS",8,18.798223,0.19850077,0.0071227034,0.4,0.0,0.14844473,0.016360592,0.68868935,0.008893108,0.4,0.0,0.12173785,0.008655925
375316653866487564,5929872405734812416,0.62542754,2192.181223482338,2.5740602119002847,3.0833294E-6,16.979069,0.0025837102,0.23846039,7.399502E-4,0.0818881,0.0012876631,0.2816887,0.0032857982,0.73755443,0.0010410257,0.084991686,0.0018019413,0.24344923,0.0056391507,null,null,null,null,"TWOGAUSSIANS",8,2.153172,0.23846039,7.399502E-4,0.4,0.0,0.27591002,0.003173015,0.73755443,0.0010410257,0.4,0.0,0.23767054,0.0058592665
375316653866487564,5929872646253304448,0.56917024,2218.7704525703393,2.5264180181193123,1.3652899E-5,16.076279,0.04490332,0.25062454,0.0030606133,0.1235572,0.017889908,0.20911986,0.043010075,0.7420673,0.004379118,0.118643016,0.019209744,0.22662942,0.04047873,null,null,null,null,"TWOGAUSSIANS",8,11.5751095,0.7420673,0.004379118,0.4,0.0,0.17879516,0.0068363934,0.25067455,0.003062479,0.4,0.0,0.16123085,0.003924101
375316653866487564,5929873088586737536,0.63136536,2182.9702710344327,2.7158162593226094,5.9427753E-6,16.634073,0.01050667,0.25556463,0.0019391956,0.049101155,0.005762682,0.18592156,0.022251742,0.7453879,0.0035957047,0.05866811,0.005501857,0.25304374,0.022577535,0.09530766,0.01272403,0.25556463,0.0019391956,"TWOGAUSSIANS_WITH_ELLIPSOIDAL_ON_ECLIPSE1",9,9.421392,0.74711794,0.002878659,0.32854143,0.030810399,0.44299763,0.009007581,0.25556463,0.0019391956,0.27496645,0.03227102,0.37652186,0.006863631
375316653866487564,5929873402167326848,0.5297051,2188.3491704418093,2.046705195094549,1.6119122E-5,16.048225,0.02754419,0.27083912,0.0053642658,0.102341644,0.013274927,0.2350552,0.025044559,0.779899,0.005521343,0.102332704,0.016069157,0.19844009,0.024777342,null,null,null,null,"TWOGAUSSIANS",8,36.14547,0.27083912,0.005372524,0.4,0.0,0.2154761,0.010725042,0.779899,0.0055311886,0.4,0.0,0.17886153,0.010944544
375316653866487564,5929873810161545088,0.5180046,2207.853119229615,0.20567533491185966,2.2908974E-4,18.943636,0.009611736,0.17152679,0.0014993618,0.023208557,0.0013274131,0.35850233,0.01291695,0.7023928,0.035997443,0.15229166,0.051421694,0.042983335,0.0106705865,null,null,null,null,"TWOGAUSSIANS",8,1.6782058,0.17151679,0.0014990313,0.12996791,0.0074335136,0.358133,0.012395762,0.7023928,0.035997443,0.4,0.0,0.04214132,0.009638155
375316653866487564,5929874845234976896,0.60289335,2188.5948678520244,3.5144037922314335,1.7599265E-5,19.109087,0.014316475,0.17108867,0.0023125056,0.04213097,0.003987315,0.4796518,0.061162952,0.66830295,0.0052884966,0.050071348,0.005935939,0.5165906,0.04601469,0.12824166,0.016768659,0.17108867,0.0023125056,"TWOGAUSSIANS_WITH_ELLIPSOIDAL_ON_ECLIPSE1",9,2.1660054,0.66855294,0.004890121,0.28039956,0.03324126,0.77300054,0.04579929,0.17108867,0.0023125056,0.23593342,0.022328965,0.7361333,0.05818107
375316653866487564,5929874845286764800,0.41957214,2181.3135984092846,0.1522873701084493,1.1859667E-6,19.296015,0.12533829,0.26841715,1.4259929E-5,0.0029012123,2.7496586E-4,2.3639638,1.0647479,0.60815376,0.021240441,0.2059859,0.0512404,0.57739013,0.122501634,null,null,null,null,"TWOGAUSSIANS",8,15.751538,0.26841715,1.4259929E-5,0.016246788,0.0015398088,2.4548476,1.0617894,0.60815376,0.021240441,0.4,0.0,0.5167167,0.03909548
375316653866487564,5929875257593417856,0.66064733,2207.986911439124,0.4686699062704996,5.6176745E-5,16.660707,0.0011874884,0.120279156,0.021613332,0.022517506,0.018349996,0.511021,326770.25,0.611354,9.0231426E-4,0.022152027,4.5355875E-4,0.5300387,0.01279703,null,null,null,null,"TWOGAUSSIANS",8,3.8928983,0.611354,9.0231426E-4,0.124051355,0.002539929,0.5300387,0.01279703,0.120279156,0.021613332,0.12609804,0.10275998,0.511021,326770.25
375316653866487564,5929875360631688192,0.55235577,2217.2232141620984,2.7137217398181597,9.229076E-6,18.602983,0.019041635,0.15388116,0.0027981314,0.09230358,0.0060848207,0.453224,0.016204078,0.6522076,0.0034004203,0.08974618,0.0053087454,0.5102587,0.019488044,null,null,null,null,"TWOGAUSSIANS",8,4.7429323,0.6522076,0.0034004203,0.4,0.0,0.4887042,0.013512382,0.15388116,0.0027981314,0.4,0.0,0.43166938,0.01142959
375316653866487564,5929875601190667008,0.6443213,2194.7137708086707,0.9676544235941416,9.955069E-6,13.595056,0.012926328,0.26809213,0.0012827233,0.052102424,0.0030215746,0.4576821,0.027093958,0.78451866,0.025356287,0.048303835,0.051486943,0.04672441,0.077066116,0.026895788,0.014641059,0.26809213,0.0012827233,"TWOGAUSSIANS_WITH_ELLIPSOIDAL_ON_ECLIPSE1",9,108.72176,0.26809213,0.0012827233,0.2917736,0.016920818,0.5114689,0.016040536,0.78451866,0.024953496,0.2705015,0.2883269,0.099940196,0.07688682
375316653866487564,5929876455838086016,0.474876,2214.262551473082,0.023950182981026906,4.6229134E-6,18.333864,0.0030981768,0.31053293,0.0121681085,0.07987261,0.012400549,0.08359475,0.014230648,0.116356194,2.3051571E-4,0.008494166,4.954264E-4,0.13023216,0.007369636,null,null,null,null,"TWOGAUSSIANS",8,1.6613438,0.11642619,2.1541475E-4,0.047567327,0.002774388,0.13459018,0.007908662,0.31053293,0.0121681085,0.4,0.0,0.08359474,0.01423065
375316653866487564,5929877250417133056,0.5713789,2204.447840676897,3.867974355088361,1.268383E-5,19.678577,0.027407026,0.26322296,0.0043479097,0.049149223,0.012883302,0.49189827,0.047656283,0.76290506,0.0015415918,0.03671489,0.0050382093,0.45265338,0.047703452,0.13362388,0.030169608,0.26322296,0.0043479097,"TWOGAUSSIANS_WITH_ELLIPSOIDAL_ON_ECLIPSE1",9,2.1518543,0.26322296,0.0043479097,0.27523565,0.07214649,0.7591444,0.051874485,0.7629251,0.0014454453,0.20560339,0.028213972,0.7198985,0.03097698
375316653866487564,5929877353497813376,0.60526246,2194.5573004466714,2.81848045719647,7.1702925E-6,17.9531,0.0152269965,0.27357736,0.0028453611,0.04321845,0.0043772087,0.40469894,0.04217732,0.77102774,0.004411414,0.043862406,0.0068763504,0.2874662,0.05746923,0.12642239,0.018767104,0.27357736,0.0028453611,"TWOGAUSSIANS_WITH_ELLIPSOIDAL_ON_ECLIPSE1",9,8.277633,0.27357736,0.0028453611,0.24202332,0.02451237,0.65754366,0.024104996,0.77132773,0.0038334774,0.24562947,0.038507562,0.54025364,0.057379268
375316653866487564,5929877731494895360,0.5498654,2183.900099035891,2.079885975304821,1.36176595E-5,15.916359,0.03256656,0.26244092,0.0045822677,0.11602565,0.016101664,0.19763218,0.030404208,0.7763285,0.003925879,0.115950875,0.021546155,0.15657812,0.028851109,null,null,null,null,"TWOGAUSSIANS",8,15.603548,0.26240093,0.0045616496,0.4,0.0,0.16746627,0.008820655,0.77638847,0.003954632,0.4,0.0,0.12642118,0.0084691495
375316653866487564,5929878654881753088,0.4893588,2197.7199570878356,2.9267649323365634,2.902812E-5,19.45772,0.023068607,0.20022614,0.007453871,0.08078285,0.013816201,0.26001838,0.028756918,0.7072089,0.007038672,0.10908222,0.014379343,0.2332142,0.024581803,null,null,null,null,"TWOGAUSSIANS",8,1.6724685,0.20022614,0.007454059,0.4,0.0,0.24640656,0.031604733,0.7072089,0.007038672,0.4,0.0,0.21958908,0.01937166
375316653866487564,5929878964098978304,0.5630095,2208.5649963193896,1.8108445901641312,9.093487E-6,17.608997,0.003037427,0.3428116,0.0062064547,0.068817,0.0056209653,0.09833124,0.0056444863,0.8426963,0.0030644939,0.07340829,0.0034397799,0.16147943,0.0038411696,null,null,null,null,"TWOGAUSSIANS",8,1.9986945,0.8426963,0.0030644939,0.4,0.0,0.16095592,0.00372987,0.3428116,0.0062064547,0.38537517,0.031477407,0.09780774,0.005569725
375316653866487564,5929879002765562752,0.47313252,2210.0418489999447,4.246067930899266,6.083729E-5,19.097843,0.0856198,0.26173526,0.012869077,0.1074027,0.03616499,0.20923515,0.07936995,0.74092793,0.010813381,0.124777146,0.031169074,0.20369722,0.0837409,null,null,null,null,"TWOGAUSSIANS",8,3.8804486,0.26189527,0.012541846,0.4,0.0,0.1761938,0.021723658,0.74092793,0.010813381,0.4,0.0,0.17050593,0.016712861
375316653866487564,5929879208963766400,0.621293,2196.9291760726405,2.2173512074701196,6.212097E-6,17.172352,0.0044221855,0.2554054,0.0021750072,0.083513364,0.002804791,0.29639933,0.006425274,0.7535692,0.0019373232,0.09310608,0.0029142257,0.26354665,0.00601042,null,null,null,null,"TWOGAUSSIANS",8,3.340305,0.2554054,0.0021750072,0.4,0.0,0.2865843,0.006388703,0.7535692,0.0019373232,0.4,0.0,0.25373134,0.0058767786
375316653866487564,5929879586880995968,0.52396613,2164.4019277202706,2.586695676663292,1.7528117E-5,18.482637,0.016090604,0.16328444,0.0046381936,0.07701912,0.0108511625,0.26231477,0.017493952,0.6516095,0.005844904,0.0906806,0.010550563,0.22838268,0.014171516,null,null,null,null,"TWOGAUSSIANS",8,4.4923162,0.16328444,0.0046381936,0.4,0.0,0.257704,0.018064808,0.6516095,0.005844904,0.4,0.0,0.22377177,0.0112615675
375316653866487564,5929879724359759744,0.6513512,2188.0506786362866,1.3921129368461989,3.6955928E-6,17.1875,0.0030434942,0.2443179,3.6067603E-4,0.03285795,0.0016639689,0.24800669,0.0052648904,0.74708474,0.0012399332,0.030830625,0.0010367957,0.5761167,0.013982598,0.03655729,0.0073092813,0.2443179,3.6067603E-4,"TWOGAUSSIANS_WITH_ELLIPSOIDAL_ON_ECLIPSE1",9,6.2029443,0.74708474,0.0012399332,0.1726515,0.005806056,0.6492091,0.012936227,0.2443179,3.6067603E-4,0.18400452,0.009318226,0.3211212,0.011207179
375316653866487564,5929880475926514560,0.53513294,2189.640965593498,3.4317208662234187,8.383179E-6,16.922482,0.014344339,0.22492622,0.0024240026,0.082668506,0.0056445356,0.31273448,0.018910708,0.7264887,0.0026759638,0.08316952,0.0056210062,0.34871796,0.018823238,null,null,null,null,"TWOGAUSSIANS",8,34.43536,0.7264887,0.0026759638,0.4,0.0,0.34190091,0.018512627,0.22492622,0.0024240026,0.4,0.0,0.30591744,0.018433863
375316653866487564,5929880514634174720,0.41756,2209.5390620842027,0.24365364862238076,7.74401E-6,18.766771,0.008105632,0.32605976,0.040511705,0.03464639,0.028121034,0.17074494,0.07217428,0.54022706,0.0013635136,0.009284959,0.0021339392,0.16140947,0.008421143,null,null,null,null,"TWOGAUSSIANS",8,11.42961,0.32605976,0.040511705,0.19401976,0.15747778,0.17074494,0.07217428,0.54022706,0.0013635136,0.051995773,0.01195006,0.16140947,0.0084211435
375316653866487564,5929880686432873984,0.5062852,2236.726417049446,3.602748379494978,3.317056E-5,19.481821,0.04081976,0.19620405,0.0050850427,0.08495177,0.020761922,0.3703678,0.036018364,0.71087694,0.01087716,0.06679651,0.017757205,0.47239274,0.07022236,null,null,null,null,"TWOGAUSSIANS",8,3.8194194,0.71087694,0.01087716,0.37406048,0.09052337,0.46979854,0.0740833,0.19620405,0.0050850427,0.4,0.0,0.36777356,0.038477004
375316653866487564,5929881304868461952,0.4899401,2193.0639082894645,4.0052221060655775,1.550513E-5,19.11635,0.0058138967,0.26817328,0.0054518115,0.051997844,0.041164063,0.086129755,0.050021153,null,null,null,null,null,null,0.11205388,0.0072089634,0.26817328,0.0054518115,"ONEGAUSSIAN_WITH_ELLIPSOIDAL",6,4.001199,0.26817328,0.0054518115,0.29118794,0.18556,0.31023648,0.048549533,null,null,null,null,null,null
375316653866487564,5929881644158435584,0.55052394,2192.3938084008514,2.5302325101765213,1.1387325E-5,17.924957,0.0043972046,0.25622454,0.005632503,0.090091996,0.006906577,0.07892317,0.0061654327,0.7540558,0.0030428243,0.07862861,0.0043353005,0.15740313,0.0059690895,null,null,null,null,"TWOGAUSSIANS",8,1.3030397,0.7540558,0.0030428243,0.4,0.0,0.15484054,0.00551071,0.25622454,0.005632503,0.4,0.0,0.07636055,0.005796684
375316653866487564,5929882095181907712,0.5994041,2211.1170700460793,2.171108967625598,5.0897875E-6,14.043999,0.007842876,0.33120427,0.0029371935,0.048805278,0.0054676407,0.1547418,0.018528704,0.8213464,0.0020186238,0.048704285,0.004121086,0.14272997,0.025633061,0.102238104,0.012025521,0.8213464,0.0020186238,"TWOGAUSSIANS_WITH_ELLIPSOIDAL_ON_ECLIPSE2",9,112.846756,0.32924426,0.002231462,0.27330956,0.030618789,0.35858917,0.010760533,0.8213464,0.0020186238,0.272744,0.023078082,0.3472052,0.013211779
375316653866487564,5929882301340286464,0.5720945,2216.568714259964,2.4356816422288388,9.458369E-6,17.369005,0.007147684,0.2783801,0.0027054197,0.0894004,0.0044235745,0.28988022,0.008576866,0.77384764,0.002022473,0.09251531,0.0037528148,0.2953117,0.009167113,null,null,null,null,"TWOGAUSSIANS",8,6.0195246,0.77384764,0.002022473,0.4,0.0,0.28280935,0.00875414,0.2783801,0.0027054197,0.4,0.0,0.27737805,0.008477754
375316653866487564,5929882881107961600,0.48901537,2219.8683096050313,0.9385121082973282,1.4988015E-5,12.531102,0.008892146,0.27013534,0.0074874153,0.112998255,0.026491256,0.034806594,0.007819868,0.76854026,0.0032553873,0.11885107,0.018313661,0.039351415,0.008628937,null,null,null,null,"TWOGAUSSIANS",8,18.891909,0.76854026,0.0032527265,0.4,0.0,0.03221964,0.0013321745,0.27014533,0.007525405,0.4,0.0,0.027682226,0.003042338
375316653866487564,5929883740103611392,0.5590615,2233.5513128305,3.5240209340203066,1.1611951E-5,18.582588,0.012255732,0.23065819,0.0027824065,0.08281057,0.00662019,0.44755057,0.01392607,0.7216833,0.0028052279,0.09222257,0.0032647997,0.42552966,0.017536154,null,null,null,null,"TWOGAUSSIANS",8,3.5131602,0.23065819,0.0027824065,0.4,0.0,0.43486333,0.015342192,0.7216833,0.0028052279,0.4,0.0,0.412842,0.01484249
