Gaia/vari_eclipsing_binary/VariEclipsingBinary_668736-668751.csv
# %ECSV 1.0
# ---
# delimiter: ','
# meta: !!omap
# - RELEASE: Gaia DR3
# - TABLE: vari_eclipsing_binary
# - DESCRIPTION: >
#     This table describes the properties of the eclipsing binaries resulting from the variability analysis. 
# - CITATION: >
#     How to cite and acknowledge Gaia: 
#     https://gea.esac.esa.int/archive/documentation/credits.html 
# - KNOWN_ISSUES: >
#     Known issues: 
#     https://www.cosmos.esa.int/web/gaia-users/known-issues 
# - DOCUMENTATION: >
#     Tutorials and documentation: 
#     https://www.cosmos.esa.int/web/gaia-users/archive 
# datatype:
# - 
#   name: solution_id
#   datatype: int64
#   description: Solution Identifier
#   meta:
#     ucd: meta.version
# - 
#   name: source_id
#   datatype: int64
#   description: Unique source identifier
#   meta:
#     ucd: meta.id;meta.main
# - 
#   name: global_ranking
#   datatype: float32
#   description: Number between 0 (worst) and 1 (best)
#   meta:
#     ucd: stat.param
# - 
#   name: reference_time
#   datatype: float64
#   unit: d
#   description: Reference time used for the geometric model fit
#   meta:
#     ucd: time.epoch
# - 
#   name: frequency
#   datatype: float64
#   unit: d**-1
#   description: Frequency of geometric model of the eclipsing binary light curve
#   meta:
#     ucd: src.orbital
# - 
#   name: frequency_error
#   datatype: float32
#   unit: d**-1
#   description: "Uncertainty of \\texttt{frequency}"
#   meta:
#     ucd: stat.error
# - 
#   name: geom_model_reference_level
#   datatype: float32
#   unit: mag
#   description: Magnitude reference level of geometric model
#   meta:
#     ucd: phot.mag;em.opt
# - 
#   name: geom_model_reference_level_error
#   datatype: float32
#   unit: mag
#   description: "Uncertainty of \\texttt{geomModelReferenceLevel}"
#   meta:
#     ucd: stat.error;phot.mag;em.opt
# - 
#   name: geom_model_gaussian1_phase
#   datatype: float32
#   description: Phase of the Gaussian 1 component
#   meta:
#     ucd: time.phase
# - 
#   name: geom_model_gaussian1_phase_error
#   datatype: float32
#   description: "Uncertainty of \\texttt{geomModelGaussian1Phase}"
#   meta:
#     ucd: stat.error;time.phase
# - 
#   name: geom_model_gaussian1_sigma
#   datatype: float32
#   description: "Standard deviation [phase] of Gaussian 1 component"
#   meta:
#     ucd: stat.stdev
# - 
#   name: geom_model_gaussian1_sigma_error
#   datatype: float32
#   description: "Uncertainty of \\texttt{geomModelGaussian1Sigma}"
#   meta:
#     ucd: stat.error
# - 
#   name: geom_model_gaussian1_depth
#   datatype: float32
#   unit: mag
#   description: Magnitude depth of Gaussian 1 component
#   meta:
#     ucd: src.var.amplitude
# - 
#   name: geom_model_gaussian1_depth_error
#   datatype: float32
#   unit: mag
#   description: "Uncertainty of \\texttt{geomModelGaussian1Depth}"
#   meta:
#     ucd: stat.error;src.var.amplitude
# - 
#   name: geom_model_gaussian2_phase
#   datatype: float32
#   description: Phase of Gaussian 2 component
#   meta:
#     ucd: time.phase
# - 
#   name: geom_model_gaussian2_phase_error
#   datatype: float32
#   description: "Uncertainty of \\texttt{geomModelGaussian2Phase}"
#   meta:
#     ucd: stat.error;time.phase
# - 
#   name: geom_model_gaussian2_sigma
#   datatype: float32
[...]
#   datatype: float32
#   description: "Secondary eclipse: uncertainty of \\texttt{derivedSecondaryEclDuration}"
#   meta:
#     ucd: stat.error;time.duration
# - 
#   name: derived_secondary_ecl_depth
#   datatype: float32
#   unit: mag
#   description: "Secondary eclipse: depth"
#   meta:
#     ucd: src.var.amplitude
# - 
#   name: derived_secondary_ecl_depth_error
#   datatype: float32
#   unit: mag
#   description: "Secondary eclipse: uncertainty of \\texttt{derivedSecondaryEclDepth}"
#   meta:
#     ucd: stat.error;src.var.amplitude
solution_id,source_id,global_ranking,reference_time,frequency,frequency_error,geom_model_reference_level,geom_model_reference_level_error,geom_model_gaussian1_phase,geom_model_gaussian1_phase_error,geom_model_gaussian1_sigma,geom_model_gaussian1_sigma_error,geom_model_gaussian1_depth,geom_model_gaussian1_depth_error,geom_model_gaussian2_phase,geom_model_gaussian2_phase_error,geom_model_gaussian2_sigma,geom_model_gaussian2_sigma_error,geom_model_gaussian2_depth,geom_model_gaussian2_depth_error,geom_model_cosine_half_period_amplitude,geom_model_cosine_half_period_amplitude_error,geom_model_cosine_half_period_phase,geom_model_cosine_half_period_phase_error,model_type,num_model_parameters,reduced_chi2,derived_primary_ecl_phase,derived_primary_ecl_phase_error,derived_primary_ecl_duration,derived_primary_ecl_duration_error,derived_primary_ecl_depth,derived_primary_ecl_depth_error,derived_secondary_ecl_phase,derived_secondary_ecl_phase_error,derived_secondary_ecl_duration,derived_secondary_ecl_duration_error,derived_secondary_ecl_depth,derived_secondary_ecl_depth_error
[from data line 37]
375316653866487564,5882274031925118592,0.47587264,2195.092387548563,3.4202001838228524,1.47135315E-5,19.007828,0.060508866,0.19473669,0.004277983,0.11006233,0.01860855,0.29107878,0.0532442,0.68757236,0.005855281,0.123931214,0.020973943,0.30873492,0.055845797,null,null,null,null,"TWOGAUSSIANS",8,2.1543164,0.68757236,0.005855281,0.4,0.0,0.25151888,0.012043894,0.19478668,0.004319183,0.4,0.0,0.2340277,0.020486739
375316653866487564,5882274375522717568,0.44043863,2193.3233988003853,2.033111583530476,5.274039E-5,18.376026,0.0059791817,null,null,null,null,null,null,null,null,null,null,null,null,0.059975605,0.008313503,0.2938747,0.010375532,"ELLIPSOIDAL",4,9.432081,null,null,null,null,null,null,null,null,null,null,null,null
375316653866487564,5882274959717907968,0.46223655,2194.4904036544667,0.25361969999433337,1.0176463E-5,15.306111,0.0065023,0.5961023,0.0011570599,0.011731098,9.331024E-4,0.35874927,0.027194532,null,null,null,null,null,null,0.01298714,0.009617672,0.5961023,0.0011570599,"ONEGAUSSIAN_WITH_ELLIPSOIDAL",6,231.38684,0.5961023,0.0011570599,0.06569415,0.0052253734,0.38472348,0.03386617,null,null,null,null,null,null
375316653866487564,5882275303315186048,0.62087065,2199.517730458579,3.9179210149032184,3.955553E-5,12.000596,0.0015644018,0.08434971,0.78714967,0.018752703,0.14695865,0.0054434636,0.0026991304,0.2637676,0.0031080372,0.004656063,0.001520671,0.31848317,0.5695667,null,null,null,null,"TWOGAUSSIANS",8,27.381208,0.2637676,0.0031080372,0.026073953,0.0085157575,0.31848317,0.5695631,0.08434971,0.78714967,0.10501514,0.302056,0.0054434636,0.0027587665
375316653866487564,5882275475032282112,0.5769426,2189.111822671787,2.5262010967586486,1.2328079E-5,19.394493,0.0066639213,0.2735646,0.0051558805,0.07029078,0.0046417294,0.6032037,0.026039565,0.77767247,0.0018331143,0.06418094,0.0021647927,0.57011384,0.014991562,null,null,null,null,"TWOGAUSSIANS",8,2.0820763,0.2735646,0.0051558805,0.3936284,0.018213233,0.6021621,0.026130036,0.77767247,0.0018331143,0.35941327,0.012122839,0.5690723,0.014985814
375316653866487564,5882275573848293120,0.48154825,2178.943702210832,3.3707839754006383,2.4610119E-5,18.86917,0.09162368,0.28383547,0.007592855,0.09767979,0.024748595,0.17137933,0.08328365,0.7731434,0.0100564975,0.1186202,0.06382418,0.16370714,0.079097,null,null,null,null,"TWOGAUSSIANS",8,2.4957144,0.28386548,0.0070910486,0.4,0.0,0.1509681,0.013738687,0.7731434,0.0100564975,0.4,0.0,0.1432482,0.014989511
375316653866487564,5882275578111734144,0.46264243,2158.8296398590483,2.7262346373639827,2.977792E-5,19.868303,0.039056413,0.10663032,0.004654605,0.01919945,0.013400661,0.2739717,421.25262,0.5128016,0.013978173,0.20123073,0.038996793,0.2709943,0.027571911,null,null,null,null,"TWOGAUSSIANS",8,2.2455077,0.10704032,0.004895491,0.107516915,0.0750437,0.28811827,421.25183,0.5128016,0.013978173,0.4,0.0,0.2462564,0.023452373
375316653866487564,5882275681190683392,0.47190037,2180.58722274412,1.923854288664149,2.4718718E-5,19.28562,0.0131484205,0.27056956,0.007115437,0.07489111,0.017175091,0.24311294,0.032349233,0.7567927,0.0054898593,0.09085577,0.009777767,0.16985394,0.012807356,null,null,null,null,"TWOGAUSSIANS",8,2.1207197,0.27056956,0.007115437,0.4,0.007282789,0.23986883,0.03843331,0.7567927,0.0054898593,0.4,0.0,0.16660972,0.00896193
375316653866487564,5882275887349245952,0.488169,2209.4777558835967,3.302143988219666,3.068276E-5,19.457596,0.00834526,0.26912555,0.0055602766,0.009630066,0.0041078785,0.9486764,43.12558,0.70927227,0.003986464,0.01888165,0.0037612226,0.18802555,0.041165095,null,null,null,null,"TWOGAUSSIANS",8,5.428333,0.26912555,0.0055602766,0.05392837,0.02300412,0.9486764,43.12558,0.70927227,0.003986464,0.10573725,0.021062847,0.18802555,0.041165095
375316653866487564,5882275887349261568,0.4823276,2189.5514440331194,2.5830095925392094,5.8191526E-5,18.690351,0.009291007,0.25698367,0.028484758,0.07561784,0.02204627,0.0967564,0.03700519,0.7378082,0.0050571645,0.07566182,0.008192976,0.23372206,0.020177128,null,null,null,null,"TWOGAUSSIANS",8,5.1256733,0.7378082,0.0050571645,0.4,0.0,0.23289634,0.020428682,0.25698367,0.028484758,0.4,0.06205746,0.09593068,0.03750023
375316653866487564,5882276226657887488,0.5002896,2195.403658918899,4.159805128730362,2.095937E-5,17.887753,0.5148023,0.17884104,0.009518206,0.1494062,0.07090596,0.26002848,0.47950792,0.661048,0.011924315,0.15626656,0.054567996,0.31387743,0.45165467,null,null,null,null,"TWOGAUSSIANS",8,5.066892,0.661048,0.011924315,0.4,0.0,0.17977731,0.018459057,0.18135104,0.0068,0.4,0.0,0.1278785,0.0065100878
375316653866487564,5882276742048716416,0.47340414,2199.2592975799275,3.16912249405887,2.5361955E-5,17.888659,0.016105281,0.29298452,0.010417747,0.08603573,0.01720804,0.13819267,0.016810883,0.8030818,0.004437246,0.09127678,0.01455256,0.14129615,0.01365073,null,null,null,null,"TWOGAUSSIANS",8,7.751306,0.8030818,0.004437246,0.4,0.0,0.13683781,0.010148482,0.29298452,0.010417747,0.4,0.0,0.13373442,0.013327712
375316653866487564,5882276849422307200,0.523997,2176.7503197363576,2.9421280023712666,1.3845703E-5,18.176773,0.014251487,0.28891093,0.0031557968,0.09152799,0.008562597,0.22144525,0.012574421,0.7707236,0.005621162,0.10061416,0.011612576,0.19425029,0.012571044,null,null,null,null,"TWOGAUSSIANS",8,3.739234,0.28891093,0.0031611065,0.4,0.0,0.21057759,0.010213572,0.7707236,0.005621162,0.4,0.0,0.1833805,0.008670286
375316653866487564,5882276918223061760,0.48317468,2183.629674533852,0.5919041097887441,1.4116243E-5,16.942295,0.00619828,0.34737974,0.0150926225,0.0217478,0.029898608,0.22347276,304.06177,0.84916013,0.0017949702,0.016921928,0.0025290798,0.22779411,0.014694845,0.0107440865,0.009437249,0.34737974,0.0150926225,"TWOGAUSSIANS_WITH_ELLIPSOIDAL_ON_ECLIPSE1",9,29.149746,0.84916013,0.0017941354,0.0947628,0.014162848,0.24927956,0.0154999625,0.34737974,0.0150926225,0.12178768,0.1674322,0.24496089,304.06375
375316653866487564,5882277227460769280,0.45513776,2218.1229922684997,4.250045273423929,2.2875367E-5,19.82791,0.012984642,0.20789084,0.005436858,0.039716013,0.012623923,0.051327117,0.04240451,null,null,null,null,null,null,0.13049147,0.02147205,0.20789084,0.005436858,"ONEGAUSSIAN_WITH_ELLIPSOIDAL",6,4.8505416,0.20789084,0.005436858,0.22240967,0.07069397,0.31231,0.029813362,null,null,null,null,null,null
375316653866487564,5882277364820076416,0.46894765,2201.041101359727,2.612698734155274,3.8336766E-5,17.328922,0.4332836,0.30350283,0.014606122,0.21665332,0.22634275,0.17571653,0.4277296,0.77364373,0.011662465,0.11676015,0.02188427,0.23268759,0.11554795,null,null,null,null,"TWOGAUSSIANS",8,11.671235,0.77364373,0.011662465,0.4,0.0,0.15770833,0.013175334,0.30408284,0.01381498,0.4,0.0,0.07531028,0.007440057
375316653866487564,5882277364899961088,0.61079293,2208.734781851561,0.03692820475147337,5.440358E-5,15.559056,0.002922952,0.43939352,0.0037087076,0.02879701,0.010050294,0.07723122,0.07508516,0.66862494,0.0024961475,0.029755998,0.0032217116,0.44829303,0.009281479,0.0078843245,0.0051509417,0.66862494,0.0024961475,"TWOGAUSSIANS_WITH_ELLIPSOIDAL_ON_ECLIPSE2",9,35.279,0.66862494,0.0024961475,0.16663359,0.018041585,0.46406162,0.010018257,0.43967354,0.0034297334,0.16126326,0.056281645,0.077501714,0.07512493
375316653866487564,5882277777137224960,0.4938151,2207.865910657357,2.212675562139029,1.6116483E-5,19.262476,0.010146046,0.22874731,0.009492492,0.03553667,0.0046045063,0.3702952,0.059883572,0.75469685,0.016040307,0.0632082,0.019672606,0.117081314,0.026042953,null,null,null,null,"TWOGAUSSIANS",8,3.628234,0.22874731,0.009492492,0.19900534,0.025785234,0.37029496,0.059883077,0.75469685,0.016040307,0.3539659,0.1064869,0.11708108,0.026042622
375316653866487564,5882278120734659328,0.4539282,2201.6173149495335,2.461698569857268,2.338861E-5,19.370895,0.016163182,0.22540513,0.0065193637,0.095266216,0.010160411,0.2536827,0.024088137,0.7288222,0.008016221,0.0877231,0.0137986075,0.28263584,0.036506116,null,null,null,null,"TWOGAUSSIANS",8,3.639139,0.7288222,0.008016221,0.4,0.0,0.27051038,0.042270556,0.22540513,0.0065193637,0.4,0.0,0.24155676,0.023762647
375316653866487564,5882278288237446400,0.48805195,2219.4966873004573,0.8440339108227043,7.1950475E-5,16.626379,0.0013012114,0.2452108,0.0048126145,0.018707598,0.0049084118,0.1500461,0.013538442,0.7589201,0.0073996517,0.011362134,0.0036429449,0.03957174,0.019710902,0.0021059297,0.0021248874,0.2452108,0.0048126145,"TWOGAUSSIANS_WITH_ELLIPSOIDAL_ON_ECLIPSE1",9,7.7754874,0.2452108,0.0048126145,0.10476255,0.027487107,0.15425795,0.013582427,0.7589201,0.0073996517,0.06362795,0.02040049,0.043752417,0.02056689
375316653866487564,5882278773570584192,0.46410948,2217.6213158504984,1.9536540733427352,4.0946263E-5,19.689804,0.035567075,0.28201047,0.01633834,0.086469114,0.029573238,0.16443102,0.044356044,0.74707985,0.012402785,0.11573246,0.027291141,0.28834862,0.029592298,null,null,null,null,"TWOGAUSSIANS",8,2.9323413,0.74707985,0.012402785,0.4,0.0,0.27480802,0.029951647,0.28214046,0.016172457,0.4,0.05575374,0.15098697,0.04086571
375316653866487564,5882279044152402176,0.4617896,2205.4848569397295,0.5005730407657948,1.4977637E-5,15.822736,0.008685107,0.23484948,0.003976846,0.031540677,0.004353586,0.3736202,0.10887009,0.7338438,0.015884655,0.02560977,0.014330108,0.47487164,1.5231218,null,null,null,null,"TWOGAUSSIANS",8,182.14177,0.7338438,0.015884655,0.14341472,0.0802486,0.47487164,1.5231218,0.23484948,0.003976846,0.1766278,0.024380082,0.3736202,0.10887009
375316653866487564,5882279151527092096,0.48191077,2216.429311355085,0.7760617107733099,2.1759595E-5,19.462217,0.009721674,0.27211276,0.008421853,0.055060428,0.01861119,0.30148885,0.09871312,0.7600195,0.021829002,0.092510365,0.019840823,0.061404273,0.01353303,null,null,null,null,"TWOGAUSSIANS",8,1.4519635,0.27211276,0.008421853,0.3083384,0.090081796,0.30098936,0.10186777,0.7600195,0.021829002,0.4,0.0,0.060904697,0.0125304535
375316653866487564,5882279151606485632,0.51394224,2212.227949425411,2.7826242390820455,1.6085954E-5,17.098656,0.015616054,0.24498044,0.004153986,0.09186645,0.0068134866,0.36544535,0.018869694,0.7456616,0.003579312,0.08933582,0.0062687807,0.33229792,0.015984206,null,null,null,null,"TWOGAUSSIANS",8,39.03238,0.24498044,0.004153986,0.4,0.0,0.35011417,0.017460426,0.7456616,0.003579312,0.4,0.0,0.31696692,0.011956944
375316653866487564,5882279529482201216,0.52336276,2188.8452896502054,3.0470609043000056,1.3300393E-5,18.58942,0.014071716,0.20609353,0.003197174,0.08338521,0.0067441384,0.30241156,0.020373791,0.7023724,0.0052081603,0.08470281,0.008079402,0.27239445,0.014385383,null,null,null,null,"TWOGAUSSIANS",8,3.8789825,0.20609353,0.003197174,0.4,0.0,0.29597655,0.021012256,0.7023724,0.0052081603,0.4,0.0,0.26595944,0.011854857
375316653866487564,5882279666921201664,0.527446,2205.910773453781,1.7350608553675073,1.2110339E-5,19.247444,0.02995714,0.11049552,0.0025789521,0.06585009,0.0060727205,0.44218934,0.028019134,0.5973401,0.0042156195,0.08585195,0.0069958763,0.4767815,0.032418437,null,null,null,null,"TWOGAUSSIANS",8,4.8886614,0.5973401,0.0042156195,0.4,0.0,0.47378522,0.03050978,0.11049552,0.0025789521,0.36876047,0.034007233,0.43919313,0.026253019
375316653866487564,5882280010518657920,0.6351228,2230.2525069659164,2.6828925717046683,2.47122E-6,17.873177,0.0068488936,0.25106978,0.0015098401,0.052651443,0.0026339875,0.39059642,0.019400753,0.7455414,7.890364E-4,0.050920483,0.0021676014,0.34083682,0.016477976,0.10212812,0.010382554,0.25106978,0.0015098401,"TWOGAUSSIANS_WITH_ELLIPSOIDAL_ON_ECLIPSE1",9,3.2820375,0.25106978,0.0015098401,0.29484805,0.01475033,0.59484655,0.012191945,0.7461414,6.3013326E-4,0.2851547,0.012138568,0.54486746,0.012223555
375316653866487564,5882280452932389376,0.5342174,2239.4379667696408,4.105662544374632,1.277575E-5,18.475609,0.004998898,0.18696721,0.0018017603,0.04734999,0.0034031202,0.27181596,0.039926883,0.7322998,0.02224416,0.017082086,0.015800174,0.10047645,0.23910107,0.15059839,0.01156827,0.18696721,0.0018017603,"TWOGAUSSIANS_WITH_ELLIPSOIDAL_ON_ECLIPSE1",9,8.987795,0.18696721,0.0018017603,0.26515993,0.019057473,0.57301253,0.03885464,0.7322998,0.02224416,0.09565967,0.08848097,0.37789068,0.22502643
375316653866487564,5882280697713760640,0.5037533,2182.46512056164,2.9600620450225477,1.782011E-5,19.120026,0.02797409,0.17994027,0.0050023035,0.08131929,0.010688349,0.3871161,0.024520008,0.6789123,0.004221808,0.08217044,0.008667421,0.4417079,0.027149688,null,null,null,null,"TWOGAUSSIANS",8,6.0902643,0.6789123,0.004221808,0.4,0.0,0.43415296,0.02507352,0.17994027,0.0050023035,0.4,0.0,0.37956116,0.022432834
375316653866487564,5882280938232206848,0.52919704,2184.0408665976734,2.1184827437913127,1.5143631E-5,19.30735,0.022778297,0.35618275,0.0026273944,0.07981737,0.0054283068,0.56675094,0.027282558,0.86269575,0.0061697327,0.09818659,0.013789862,0.24428745,0.026106523,null,null,null,null,"TWOGAUSSIANS",8,3.7923076,0.35618275,0.0026273944,0.4,0.0,0.554616,0.025014563,0.86269575,0.0061697327,0.4,0.0,0.23215127,0.025748102
375316653866487564,5882280968328578432,0.5978401,2196.959490205501,2.913128579805804,4.6857112E-6,19.143972,0.011676779,0.28683594,8.6759415E-4,0.04938387,0.0035640434,0.51389694,0.05514175,0.7922033,0.0034188847,0.045490116,0.004238086,0.3700569,0.038500585,0.1120772,0.018942943,0.28683594,8.6759415E-4,"TWOGAUSSIANS_WITH_ELLIPSOIDAL_ON_ECLIPSE1",9,2.2218208,0.28683594,8.6759415E-4,0.27654967,0.019958643,0.7380493,0.054585118,0.7922033,0.0034188847,0.25474465,0.02373328,0.59395444,0.023748329
375316653866487564,5882281247550262144,0.51991725,2211.3230467681474,0.7750938258751944,1.6836284E-5,17.758913,0.0025869312,0.2618616,0.009469463,0.034247413,0.005589897,0.22190377,0.022170734,0.7462803,0.0058297147,0.029186402,0.004223293,0.045709115,0.015578819,null,null,null,null,"TWOGAUSSIANS",8,4.521141,0.2618616,0.009469463,0.19178551,0.03130342,0.22190377,0.022170734,0.7462803,0.0058297147,0.16344385,0.023650441,0.045709115,0.015578819
375316653866487564,5882281453628348160,0.66318417,2190.401675313153,0.4445852498026466,2.2939914E-6,16.80219,0.0037580957,0.27524742,5.1906897E-4,0.035233617,0.0010466402,0.3917023,0.00950621,0.7770049,0.0041925907,0.03519215,0.0036972826,0.3471112,0.016566822,0.051601302,0.004857528,0.27524742,5.1906897E-4,"TWOGAUSSIANS_WITH_ELLIPSOIDAL_ON_ECLIPSE1",9,3.430859,0.27524742,5.1906897E-4,0.19730824,0.005861185,0.4949047,0.008731404,0.7770049,0.0041876393,0.19707605,0.020704783,0.45030102,0.012969131
375316653866487564,5882281522347828352,0.57937,2188.542617139624,1.9840655316576992,5.433611E-6,19.07539,0.0051356163,0.21210617,0.00667522,0.07016034,0.004184262,0.5612282,0.027976003,0.71081877,9.315232E-4,0.068927296,0.0015069377,0.55520314,0.008857292,null,null,null,null,"TWOGAUSSIANS",8,1.2772764,0.21210617,0.00667522,0.3928979,0.01835006,0.55954075,0.027876968,0.71081877,9.315232E-4,0.38599285,0.008438851,0.5535157,0.008887236
375316653866487564,5882281728509556992,0.55274254,2177.9876691824093,3.5863376329786374,1.2464088E-5,19.03389,0.009490586,0.29472968,0.0032269682,0.051440775,0.008861755,0.2259528,0.043032497,0.7794821,0.0049361135,0.039104264,0.0062044836,0.1494794,0.02281647,0.11316458,0.012178505,0.29472968,0.0032269682,"TWOGAUSSIANS_WITH_ELLIPSOIDAL_ON_ECLIPSE1",9,2.4538312,0.29472968,0.0032269682,0.28806835,0.04962583,0.45227996,0.03948982,0.7818321,0.0042297267,0.21898387,0.03474511,0.3740538,0.013375502
375316653866487564,5882282037747328768,0.46069866,2179.7361400033406,2.5223696015985833,3.3837514E-5,19.3871,0.021562848,0.2872767,0.006721003,0.08061538,0.009536012,0.25336188,0.030001866,0.79116476,0.0073535577,0.07984772,0.010927654,0.29499605,0.032739013,null,null,null,null,"TWOGAUSSIANS",8,5.3840637,0.79116476,0.0073535577,0.4,0.0,0.2910491,0.03196942,0.2872767,0.006721003,0.4,0.0,0.24941492,0.02808516
