Gaia/vari_eclipsing_binary/VariEclipsingBinary_235617-235665.csv
# %ECSV 1.0
# ---
# delimiter: ','
# meta: !!omap
# - RELEASE: Gaia DR3
# - TABLE: vari_eclipsing_binary
# - DESCRIPTION: >
#     This table describes the properties of the eclipsing binaries resulting from the variability analysis. 
# - CITATION: >
#     How to cite and acknowledge Gaia: 
#     https://gea.esac.esa.int/archive/documentation/credits.html 
# - KNOWN_ISSUES: >
#     Known issues: 
#     https://www.cosmos.esa.int/web/gaia-users/known-issues 
# - DOCUMENTATION: >
#     Tutorials and documentation: 
#     https://www.cosmos.esa.int/web/gaia-users/archive 
# datatype:
# - 
#   name: solution_id
#   datatype: int64
#   description: Solution Identifier
#   meta:
#     ucd: meta.version
# - 
#   name: source_id
#   datatype: int64
#   description: Unique source identifier
#   meta:
#     ucd: meta.id;meta.main
# - 
#   name: global_ranking
#   datatype: float32
#   description: Number between 0 (worst) and 1 (best)
#   meta:
#     ucd: stat.param
# - 
#   name: reference_time
#   datatype: float64
#   unit: d
#   description: Reference time used for the geometric model fit
#   meta:
#     ucd: time.epoch
# - 
#   name: frequency
#   datatype: float64
#   unit: d**-1
#   description: Frequency of geometric model of the eclipsing binary light curve
#   meta:
#     ucd: src.orbital
# - 
#   name: frequency_error
#   datatype: float32
#   unit: d**-1
#   description: "Uncertainty of \\texttt{frequency}"
#   meta:
#     ucd: stat.error
# - 
#   name: geom_model_reference_level
#   datatype: float32
#   unit: mag
#   description: Magnitude reference level of geometric model
#   meta:
#     ucd: phot.mag;em.opt
# - 
#   name: geom_model_reference_level_error
#   datatype: float32
#   unit: mag
#   description: "Uncertainty of \\texttt{geomModelReferenceLevel}"
#   meta:
#     ucd: stat.error;phot.mag;em.opt
# - 
#   name: geom_model_gaussian1_phase
#   datatype: float32
#   description: Phase of the Gaussian 1 component
#   meta:
#     ucd: time.phase
# - 
#   name: geom_model_gaussian1_phase_error
#   datatype: float32
#   description: "Uncertainty of \\texttt{geomModelGaussian1Phase}"
#   meta:
#     ucd: stat.error;time.phase
# - 
#   name: geom_model_gaussian1_sigma
#   datatype: float32
#   description: "Standard deviation [phase] of Gaussian 1 component"
#   meta:
#     ucd: stat.stdev
# - 
#   name: geom_model_gaussian1_sigma_error
#   datatype: float32
#   description: "Uncertainty of \\texttt{geomModelGaussian1Sigma}"
#   meta:
#     ucd: stat.error
# - 
#   name: geom_model_gaussian1_depth
#   datatype: float32
#   unit: mag
#   description: Magnitude depth of Gaussian 1 component
#   meta:
#     ucd: src.var.amplitude
# - 
#   name: geom_model_gaussian1_depth_error
#   datatype: float32
#   unit: mag
#   description: "Uncertainty of \\texttt{geomModelGaussian1Depth}"
#   meta:
#     ucd: stat.error;src.var.amplitude
# - 
#   name: geom_model_gaussian2_phase
#   datatype: float32
#   description: Phase of Gaussian 2 component
#   meta:
#     ucd: time.phase
# - 
#   name: geom_model_gaussian2_phase_error
#   datatype: float32
#   description: "Uncertainty of \\texttt{geomModelGaussian2Phase}"
#   meta:
#     ucd: stat.error;time.phase
# - 
#   name: geom_model_gaussian2_sigma
#   datatype: float32
[...]
#   datatype: float32
#   description: "Secondary eclipse: uncertainty of \\texttt{derivedSecondaryEclDuration}"
#   meta:
#     ucd: stat.error;time.duration
# - 
#   name: derived_secondary_ecl_depth
#   datatype: float32
#   unit: mag
#   description: "Secondary eclipse: depth"
#   meta:
#     ucd: src.var.amplitude
# - 
#   name: derived_secondary_ecl_depth_error
#   datatype: float32
#   unit: mag
#   description: "Secondary eclipse: uncertainty of \\texttt{derivedSecondaryEclDepth}"
#   meta:
#     ucd: stat.error;src.var.amplitude
solution_id,source_id,global_ranking,reference_time,frequency,frequency_error,geom_model_reference_level,geom_model_reference_level_error,geom_model_gaussian1_phase,geom_model_gaussian1_phase_error,geom_model_gaussian1_sigma,geom_model_gaussian1_sigma_error,geom_model_gaussian1_depth,geom_model_gaussian1_depth_error,geom_model_gaussian2_phase,geom_model_gaussian2_phase_error,geom_model_gaussian2_sigma,geom_model_gaussian2_sigma_error,geom_model_gaussian2_depth,geom_model_gaussian2_depth_error,geom_model_cosine_half_period_amplitude,geom_model_cosine_half_period_amplitude_error,geom_model_cosine_half_period_phase,geom_model_cosine_half_period_phase_error,model_type,num_model_parameters,reduced_chi2,derived_primary_ecl_phase,derived_primary_ecl_phase_error,derived_primary_ecl_duration,derived_primary_ecl_duration_error,derived_primary_ecl_depth,derived_primary_ecl_depth_error,derived_secondary_ecl_phase,derived_secondary_ecl_phase_error,derived_secondary_ecl_duration,derived_secondary_ecl_duration_error,derived_secondary_ecl_depth,derived_secondary_ecl_depth_error
[from data line 218]
375316653866487564,2072609796691701504,0.6351034,2248.646290097114,1.4340399295404094,3.3076508E-6,16.059965,0.004477781,0.20287424,0.0013979815,0.048279077,0.007287889,0.09291696,0.009058993,0.6849184,0.00434654,0.05253337,0.0040876614,0.15176614,0.011231453,0.11529004,0.0051845214,0.20287424,0.0013979815,"TWOGAUSSIANS_WITH_ELLIPSOIDAL_ON_ECLIPSE1",9,9.923258,0.68937844,0.0032555293,0.29418686,0.022890905,0.3801457,0.008667044,0.20287424,0.0013979815,0.27036285,0.04081218,0.32349652,0.012058955
375316653866487564,2072609998526937344,0.5262151,2252.358442684774,1.466697326804379,1.0854188E-5,17.956436,0.004625717,0.27480724,0.0016112013,0.02360209,0.0017512965,0.65470356,0.08743422,0.77006876,0.011621014,0.027856262,0.008882474,0.65012664,0.40432182,null,null,null,null,"TWOGAUSSIANS",8,10.166988,0.27480724,0.0016112013,0.1321717,0.00980726,0.65470356,0.08743422,0.77006876,0.011621014,0.15599507,0.049741857,0.65012664,0.40432182
375316653866487564,2072612236233479808,0.5598156,2192.3735686978325,1.1960617332861427,1.8185141E-5,17.309305,0.022127902,0.2751931,0.0025163775,0.11073633,0.015191524,0.14017102,0.019466547,0.77141553,0.0051544323,0.11254845,0.017388541,0.14801477,0.020309571,null,null,null,null,"TWOGAUSSIANS",8,2.8548255,0.77141553,0.0051544323,0.4,0.0,0.12542027,0.005057066,0.2752031,0.0025087362,0.4,0.0,0.11758143,0.004731554
375316653866487564,2072613468869206912,0.4747968,2219.5044984603223,1.6360341250044164,2.2270187E-5,17.962389,0.0031790873,0.5444288,0.025946638,0.04871572,0.01005277,0.019616837,0.004406458,0.83456427,1.2702009E-4,0.007582041,1.8721644E-4,0.17950493,0.0038056667,null,null,null,null,"TWOGAUSSIANS",8,3.9938416,0.83456427,1.2702009E-4,0.04245943,0.001048412,0.17950493,0.0038055794,0.5444288,0.025946638,0.27280805,0.056295518,0.019616837,0.004406458
375316653866487564,2072614607054953088,0.60899174,2212.251695356141,4.178977744191505,4.8542046E-5,15.460722,8.26897E-4,0.15860508,0.009389798,0.03313752,0.010301689,0.008868129,0.0086749345,0.7712888,0.0013689725,0.02483594,0.0010771728,0.23402348,0.0057025366,null,null,null,null,"TWOGAUSSIANS",8,3.4323788,0.7712888,0.0013689725,0.13908127,0.006032168,0.23402348,0.0057025366,0.15860508,0.009389798,0.1855701,0.057689458,0.008868129,0.0086749345
375316653866487564,2072614877609775744,0.5295388,2258.3004013524896,3.574692799426379,9.597565E-6,18.77939,0.011977608,0.24916677,0.00505493,0.085172884,0.0074814786,0.26213554,0.031344064,0.7576809,0.0019200698,0.08423977,0.0059041665,0.2863427,0.012525519,null,null,null,null,"TWOGAUSSIANS",8,1.5172565,0.7576809,0.0019200698,0.4,0.0,0.2802876,0.012503935,0.24916677,0.00505493,0.4,0.0,0.25608042,0.031762693
375316653866487564,2072615294242195456,0.49841014,2227.498221297896,3.142256472731713,1.841082E-5,19.74056,0.037179388,0.22190338,0.013082309,0.08383226,0.019689614,0.59000266,0.09713841,0.74641305,0.0035356379,0.084810965,0.0083970735,0.45026034,0.039520036,null,null,null,null,"TWOGAUSSIANS",8,2.7396696,0.22190338,0.013082309,0.4,0.0,0.5818391,0.1047689,0.74641305,0.0035356379,0.4,0.0,0.44209677,0.03233108
375316653866487564,2072615431688697088,0.49093035,2245.455096982258,0.34112607885994545,2.4906018E-5,16.048044,0.009281813,0.22833678,0.01221418,0.09855902,0.033789657,0.040788278,0.0075605935,0.7246405,0.004447834,0.102433845,0.017213557,0.074857034,0.007712035,null,null,null,null,"TWOGAUSSIANS",8,4.468178,0.7246405,0.004447834,0.4,0.0,0.070084065,0.008211595,0.22833678,0.012225132,0.4,0.0,0.036016114,0.0066802083
375316653866487564,2072616462480957056,0.5314197,2247.6903757045457,0.5504528784812968,3.5255624E-5,16.55936,0.0035548394,0.27958423,0.010861505,0.025113443,0.0053612464,0.37223098,0.116101645,0.76682997,0.009434891,0.030894125,0.01502657,0.0315002,0.010604865,0.011639755,0.006454903,0.27958423,0.010861505,"TWOGAUSSIANS_WITH_ELLIPSOIDAL_ON_ECLIPSE1",9,13.936934,0.27958423,0.010861505,0.14063528,0.030022979,0.39551046,0.11676765,0.7674999,0.008703871,0.1730071,0.084148794,0.054638356,0.010746647
375316653866487564,2072616874797676928,0.496026,2236.575620588918,2.6974010598607827,1.8895425E-5,18.209095,0.043846797,0.2561193,0.0047965087,0.10824587,0.021650754,0.16156712,0.042113468,0.7600822,0.0055201817,0.12137968,0.029695166,0.14897472,0.039720297,null,null,null,null,"TWOGAUSSIANS",8,2.1026926,0.2560993,0.0048421538,0.4,0.0,0.13386005,0.007489676,0.76009214,0.005532519,0.4,0.0,0.121213175,0.009322525
375316653866487564,2072617832560911104,0.4426026,2246.0682008614235,0.31111724175208,2.9200452E-5,18.32807,0.011090961,0.29089537,0.024878586,0.07397479,0.011901592,0.10966297,0.02528247,0.78258973,0.009724955,0.09888607,0.026349118,0.08817071,0.013575366,null,null,null,null,"TWOGAUSSIANS",8,4.5713134,0.29089537,0.024878379,0.4,0.0152635835,0.10713445,0.02421938,0.78258973,0.009724955,0.4,0.0,0.085641645,0.01678074
375316653866487564,2072618008659618176,0.56552327,2257.666379220196,2.959692439325609,7.3214437E-6,18.682283,0.009139957,0.27638325,0.0025381183,0.06827782,0.0030367887,0.501907,0.012240516,0.776329,0.002954074,0.06638186,0.003891899,0.4478271,0.015122141,null,null,null,null,"TWOGAUSSIANS",8,3.5924094,0.27638325,0.0025381183,0.3823558,0.017006015,0.5009459,0.012101534,0.776329,0.002954074,0.3717384,0.021794634,0.44686604,0.015152895
375316653866487564,2072620546973997056,0.51440144,2204.904992247585,1.6504867608794844,4.6359073E-6,18.23641,0.004244519,0.6538112,4.8806015E-4,0.031727657,0.0058707455,0.48091808,0.056008086,0.86687416,8.6479256E-4,0.005605094,0.0018704569,0.08896059,0.05459442,null,null,null,null,"TWOGAUSSIANS",8,6.701694,0.6538112,4.8806015E-4,0.17767487,0.032876175,0.48091808,0.056008086,0.86687416,8.6479256E-4,0.03138853,0.010474559,0.08896059,0.05459442
375316653866487564,2072621891310278912,0.5370877,2238.4279824062714,3.443693630658683,1.8073208E-5,19.837925,0.016497808,0.24976644,0.0057281386,0.062224943,0.008206037,0.593226,0.07303367,0.73999935,0.002510815,0.06657353,0.0043762936,0.71851975,0.028380295,null,null,null,null,"TWOGAUSSIANS",8,2.3517182,0.73999935,0.002510815,0.37281176,0.024507245,0.7180003,0.028496243,0.24976644,0.0057281386,0.3484597,0.045953806,0.59270656,0.07359543
375316653866487564,2072622677276758528,0.5640735,2200.9829709650285,2.8569485052008026,8.07509E-6,18.476841,0.009311131,0.22346163,0.0042598234,0.0815741,0.0067429226,0.23297815,0.00922961,0.7266833,0.0065587536,0.08746614,0.0064522387,0.22805186,0.011921711,null,null,null,null,"TWOGAUSSIANS",8,1.6663668,0.22346163,0.0042598234,0.4,0.0,0.22749728,0.009086686,0.7266833,0.0065587536,0.4,0.0,0.22257096,0.009413507
375316653866487564,2072622745996238336,0.4913296,2215.012370474066,2.9656734081647635,1.3145843E-5,18.866743,0.0075164186,0.25860518,0.004936154,0.074491195,0.0077676405,0.26032498,0.025294991,0.75907487,0.00579143,0.08686857,0.008178302,0.1822006,0.010114262,null,null,null,null,"TWOGAUSSIANS",8,2.6911724,0.25860518,0.004936154,0.4,0.012526426,0.2568466,0.02681455,0.75907487,0.00579143,0.4,0.0,0.17872219,0.009734189
375316653866487564,2072623227032607104,0.57371587,2217.334935958594,3.054595805434129,9.72464E-6,19.059982,0.0071840626,0.2284063,0.0015517107,0.062572084,0.0018698578,0.74722445,0.025073871,0.726922,0.007803302,0.05638526,0.006655415,0.61586624,0.04064428,null,null,null,null,"TWOGAUSSIANS",8,3.049184,0.2284063,0.0015517107,0.35040367,0.010471203,0.7470361,0.025089353,0.726922,0.007803302,0.31575745,0.037270322,0.6156779,0.040656235
375316653866487564,2072623501910876928,0.59504795,2228.6874911615655,3.5418904529484845,7.3297824E-6,17.838026,0.012746227,0.27347636,0.002207703,0.05123727,0.0028693539,0.4787291,0.02955726,0.78090835,0.0039372086,0.041167762,0.0059242677,0.30787614,0.03570121,0.12496209,0.015308392,0.78090835,0.0039372086,"TWOGAUSSIANS_WITH_ELLIPSOIDAL_ON_ECLIPSE2",9,15.875548,0.27419636,0.001889804,0.2869287,0.016068382,0.7281588,0.011941595,0.78090835,0.0039372086,0.23053947,0.0331759,0.55779725,0.020803878
375316653866487564,2072624532703200768,0.52002895,2216.5057746109965,0.5417676348908823,2.3413539E-5,18.86399,0.0028837656,0.160114,0.012728465,0.008917555,0.0042666546,1.082383,1.9731187,0.8315789,0.002255192,0.007920458,0.0022563147,0.7446226,3.2896593,null,null,null,null,"TWOGAUSSIANS",8,2.642718,0.160114,0.012728465,0.049938306,0.023893267,1.082383,1.9731187,0.8315789,0.002255192,0.04435456,0.012635363,0.7446226,3.2896593
375316653866487564,2072625357337110400,0.5552537,2204.7138522292466,2.497597133310152,1.2252758E-5,18.580591,0.052337475,0.254708,0.0053336504,0.12078365,0.028189598,0.2224483,0.046400756,0.75572854,0.00362857,0.10567895,0.01778221,0.25240037,0.04982996,null,null,null,null,"TWOGAUSSIANS",8,1.5617814,0.75572854,0.0036582612,0.4,0.0,0.2118303,0.0072905794,0.254708,0.00533224,0.4,0.0,0.18180059,0.037751313
375316653866487564,2072625464732905344,0.6484741,2192.3057335553885,0.9065649511385465,3.890335E-6,16.98138,0.0019382673,0.693049,9.559391E-4,0.059628777,0.0017582679,0.1691643,0.0045231455,null,null,null,null,null,null,0.06889332,0.0022956901,0.693049,9.559391E-4,"ONEGAUSSIAN_WITH_ELLIPSOIDAL",6,2.7684329,0.693049,9.559391E-4,0.33392113,0.0098463,0.3069249,0.0032950162,null,null,null,null,null,null
375316653866487564,2072626319410996480,0.5192493,2203.3024192233147,0.5494903410350886,3.7329402E-5,17.58852,0.0011604297,0.5654934,0.0037191461,0.02254148,0.0075902687,0.15594195,0.22961755,null,null,null,null,null,null,null,null,null,null,"ONEGAUSSIAN",5,1.5944028,0.5654934,0.0037191461,0.12623228,0.042505506,0.15594195,0.0,null,null,null,null,null,null
375316653866487564,2072628316582955776,0.55958045,2237.0205707341925,1.6878920952965424,6.228109E-6,19.824131,0.01028099,0.31890893,0.009802733,0.0649026,0.006126802,0.5139103,0.07183612,0.81607646,0.0022267976,0.0522751,0.0034441764,0.80920684,0.04681987,null,null,null,null,"TWOGAUSSIANS",8,2.085116,0.81607646,0.0022267976,0.29274055,0.019287389,0.8090817,0.04688677,0.31890893,0.009802733,0.3634546,0.03431009,0.5137852,0.07187827
375316653866487564,2072628415353895168,0.56677467,2216.1666609126287,3.0111699796406373,9.09642E-6,19.332193,0.015140367,0.25522625,0.003646199,0.07978386,0.003994668,0.5178093,0.01691451,0.75397223,0.0034576203,0.07716478,0.0043230793,0.50866,0.017996566,null,null,null,null,"TWOGAUSSIANS",8,2.5163927,0.25522625,0.003646199,0.4,0.0,0.5115507,0.015079966,0.75397223,0.0034576203,0.4,0.0,0.50240153,0.016262077
375316653866487564,2072628488389913344,0.44943726,2171.5950732843735,1.794589794094205,6.517443E-5,15.883448,0.0846529,0.28792116,0.014489662,0.09103676,0.04808765,0.119467504,0.079955965,0.76336914,0.021420043,0.08886153,0.082661696,0.085280016,0.09327448,null,null,null,null,"TWOGAUSSIANS",8,61.9007,0.28792116,0.014102529,0.4,0.0,0.11658996,0.015337479,0.76336914,0.021420043,0.4,0.07460999,0.08240258,0.06752189
375316653866487564,2072628522749643648,0.57427186,2195.3529088752734,0.10081024995197965,2.4048126E-5,14.043558,8.760473E-4,0.2773408,0.003252622,0.014566431,0.0029913506,0.12322582,0.018146874,0.706601,0.03088316,0.04618821,0.015087014,0.0063703046,0.0026666748,0.0050440156,0.0012500087,0.2773408,0.003252622,"TWOGAUSSIANS_WITH_ELLIPSOIDAL_ON_ECLIPSE1",9,15.187481,0.2773408,0.003252622,0.08157201,0.016751563,0.13331382,0.018077234,0.721081,0.032931633,0.25865397,0.08448728,0.0149439005,0.002361493
375316653866487564,2072629068188955904,0.59417015,2220.129218024636,1.2170183185594825,2.7045431E-5,18.052309,0.0031449227,0.2440712,0.007932848,0.038318153,0.0103160115,0.013594263,0.013722903,0.74407786,0.0028289873,0.03598262,0.0022668408,0.323718,0.014714388,0.023427533,0.004726129,0.2440712,0.007932848,"TWOGAUSSIANS_WITH_ELLIPSOIDAL_ON_ECLIPSE1",9,2.0778177,0.74407786,0.002813344,0.20150267,0.0126943085,0.37057307,0.013143795,0.2440712,0.007932848,0.21458165,0.057769664,0.060449317,0.008770469
375316653866487564,2072629106865319168,0.60705924,2215.6020829621266,2.8319110996168146,6.286825E-6,15.398867,0.012651493,0.29143113,0.0014543814,0.11360559,0.005725731,0.21773252,0.012144973,0.792522,0.0019821431,0.103636816,0.0071296906,0.2175315,0.010003074,null,null,null,null,"TWOGAUSSIANS",8,7.8452497,0.29143113,0.0014543814,0.4,0.0,0.18733457,0.0042238254,0.792522,0.0019821431,0.4,0.0,0.18715683,0.0058813887
375316653866487564,2072631473370989568,0.51910746,2199.307271074227,1.9120251941036752,9.605028E-6,19.026327,0.0073333452,0.20504384,0.0012795009,0.03801869,0.0013849371,0.61273414,0.015490037,0.7027548,0.005296821,0.044423703,0.0053168996,0.2117667,0.02225688,null,null,null,null,"TWOGAUSSIANS",8,4.135853,0.20504384,0.0012795009,0.21290466,0.007755648,0.6127341,0.015490038,0.7027548,0.005296821,0.24877273,0.029774638,0.2117667,0.022256883
375316653866487564,2072631576450763904,0.43434533,2191.8585900063485,0.5685446522888573,3.2656113E-5,17.507153,0.006913394,0.15931901,0.023516413,0.045546707,0.017124107,0.046950236,0.022636708,0.4091308,0.009500143,0.047215786,0.0060869656,0.12495809,0.018649701,0.019623265,0.01148655,0.15931901,0.023516413,"TWOGAUSSIANS_WITH_ELLIPSOIDAL_ON_ECLIPSE1",9,25.78395,0.4091308,0.009549669,0.2644084,0.034087006,0.12495789,0.018653654,0.15931901,0.023516413,0.25506157,0.09589499,0.086196594,0.023503793
375316653866487564,2072631580765501824,0.42444387,2192.485305171481,2.2543548741238975,5.0051123E-5,18.079191,0.013728763,0.22044702,0.015310334,0.082325205,0.01814486,0.09490179,0.020856014,0.7058693,0.016634762,0.112554535,0.03556715,0.08692441,0.013624903,null,null,null,null,"TWOGAUSSIANS",8,10.100051,0.22045702,0.015300433,0.4,0.0,0.089471616,0.01933462,0.7058693,0.016634762,0.4,0.0,0.081483774,0.015952947
375316653866487564,2072632194925276032,0.5396715,2205.1911222732297,2.5696924446522598,1.6022746E-5,18.622559,0.006867112,0.24500985,0.008959513,0.07817202,0.00841349,0.15487954,0.020733297,0.7382741,0.006390221,0.08830467,0.0068869493,0.22637227,0.009381166,null,null,null,null,"TWOGAUSSIANS",8,2.2708066,0.7382741,0.006390221,0.4,0.0,0.22269696,0.008174095,0.24500985,0.008959513,0.4,0.0,0.15120427,0.02106487
375316653866487564,2072632199241456512,0.6764935,2218.9752649711636,1.1402878677001442,1.5655626E-6,14.15308,0.002594863,0.20568855,5.4664654E-4,0.055715833,0.0018636667,0.13851975,0.0066751074,0.71063757,0.0014858177,0.047252655,0.003066665,0.07174217,0.005397184,0.08701981,0.003465345,0.20568855,5.4664654E-4,"TWOGAUSSIANS_WITH_ELLIPSOIDAL_ON_ECLIPSE1",9,13.320914,0.20568855,5.4664654E-4,0.31200868,0.010436533,0.31255296,0.0048212144,0.71063757,0.0014858177,0.26461485,0.017173324,0.24560717,0.0030112027
375316653866487564,2072632714628911616,0.45531604,2203.845010523125,3.6436531821813523,2.0568265E-5,18.45509,0.014963704,0.22402887,0.007854667,0.077712096,0.010779477,0.27073866,0.02653979,0.7321476,0.0058034305,0.08265223,0.007869182,0.2914367,0.020160545,null,null,null,null,"TWOGAUSSIANS",8,18.827719,0.7321476,0.0058034305,0.4,0.0,0.2877227,0.019140577,0.22402887,0.007854667,0.4,0.0,0.26702467,0.026684549
375316653866487564,2072633711061551232,0.4618957,2201.517184322925,0.6212494970165496,3.232245E-5,17.064026,0.0017366462,0.2473563,7.335431E-4,0.023483481,0.0032680677,0.53095263,0.7769892,0.7171393,0.0058961143,0.06874398,0.011849665,0.07640112,0.015381715,null,null,null,null,"TWOGAUSSIANS",8,4.0383053,0.2473563,7.335431E-4,0.1315075,0.01830118,0.53095263,0.7769893,0.7171393,0.0058961143,0.38496628,0.041026942,0.076401114,0.015381858
375316653866487564,2072634741862141568,0.5691969,2207.5746737832515,0.20947915908231224,1.1616969E-6,17.271736,0.0038389617,0.5773406,0.14250416,0.1666413,0.15942396,0.0075667985,0.00592064,0.42654124,3.5767282E-6,0.00292288,4.1602405E-5,6.157406,0.38156265,null,null,null,null,"TWOGAUSSIANS",8,2.2729206,0.42654124,3.5767282E-6,0.016368128,2.3297346E-4,6.1622624,0.38941246,0.5773406,0.14250416,0.4,0.0,0.007398908,0.0056148246
