Gaia/vari_eclipsing_binary/VariEclipsingBinary_389476-389705.csv
# %ECSV 1.0
# ---
# delimiter: ','
# meta: !!omap
# - RELEASE: Gaia DR3
# - TABLE: vari_eclipsing_binary
# - DESCRIPTION: >
#     This table describes the properties of the eclipsing binaries resulting from the variability analysis. 
# - CITATION: >
#     How to cite and acknowledge Gaia: 
#     https://gea.esac.esa.int/archive/documentation/credits.html 
# - KNOWN_ISSUES: >
#     Known issues: 
#     https://www.cosmos.esa.int/web/gaia-users/known-issues 
# - DOCUMENTATION: >
#     Tutorials and documentation: 
#     https://www.cosmos.esa.int/web/gaia-users/archive 
# datatype:
# - 
#   name: solution_id
#   datatype: int64
#   description: Solution Identifier
#   meta:
#     ucd: meta.version
# - 
#   name: source_id
#   datatype: int64
#   description: Unique source identifier
#   meta:
#     ucd: meta.id;meta.main
# - 
#   name: global_ranking
#   datatype: float32
#   description: Number between 0 (worst) and 1 (best)
#   meta:
#     ucd: stat.param
# - 
#   name: reference_time
#   datatype: float64
#   unit: d
#   description: Reference time used for the geometric model fit
#   meta:
#     ucd: time.epoch
# - 
#   name: frequency
#   datatype: float64
#   unit: d**-1
#   description: Frequency of geometric model of the eclipsing binary light curve
#   meta:
#     ucd: src.orbital
# - 
#   name: frequency_error
#   datatype: float32
#   unit: d**-1
#   description: "Uncertainty of \\texttt{frequency}"
#   meta:
#     ucd: stat.error
# - 
#   name: geom_model_reference_level
#   datatype: float32
#   unit: mag
#   description: Magnitude reference level of geometric model
#   meta:
#     ucd: phot.mag;em.opt
# - 
#   name: geom_model_reference_level_error
#   datatype: float32
#   unit: mag
#   description: "Uncertainty of \\texttt{geomModelReferenceLevel}"
#   meta:
#     ucd: stat.error;phot.mag;em.opt
# - 
#   name: geom_model_gaussian1_phase
#   datatype: float32
#   description: Phase of the Gaussian 1 component
#   meta:
#     ucd: time.phase
# - 
#   name: geom_model_gaussian1_phase_error
#   datatype: float32
#   description: "Uncertainty of \\texttt{geomModelGaussian1Phase}"
#   meta:
#     ucd: stat.error;time.phase
# - 
#   name: geom_model_gaussian1_sigma
#   datatype: float32
#   description: "Standard deviation [phase] of Gaussian 1 component"
#   meta:
#     ucd: stat.stdev
# - 
#   name: geom_model_gaussian1_sigma_error
#   datatype: float32
#   description: "Uncertainty of \\texttt{geomModelGaussian1Sigma}"
#   meta:
#     ucd: stat.error
# - 
#   name: geom_model_gaussian1_depth
#   datatype: float32
#   unit: mag
#   description: Magnitude depth of Gaussian 1 component
#   meta:
#     ucd: src.var.amplitude
# - 
#   name: geom_model_gaussian1_depth_error
#   datatype: float32
#   unit: mag
#   description: "Uncertainty of \\texttt{geomModelGaussian1Depth}"
#   meta:
#     ucd: stat.error;src.var.amplitude
# - 
#   name: geom_model_gaussian2_phase
#   datatype: float32
#   description: Phase of Gaussian 2 component
#   meta:
#     ucd: time.phase
# - 
#   name: geom_model_gaussian2_phase_error
#   datatype: float32
#   description: "Uncertainty of \\texttt{geomModelGaussian2Phase}"
#   meta:
#     ucd: stat.error;time.phase
# - 
#   name: geom_model_gaussian2_sigma
#   datatype: float32
[...]
#   datatype: float32
#   description: "Secondary eclipse: uncertainty of \\texttt{derivedSecondaryEclDuration}"
#   meta:
#     ucd: stat.error;time.duration
# - 
#   name: derived_secondary_ecl_depth
#   datatype: float32
#   unit: mag
#   description: "Secondary eclipse: depth"
#   meta:
#     ucd: src.var.amplitude
# - 
#   name: derived_secondary_ecl_depth_error
#   datatype: float32
#   unit: mag
#   description: "Secondary eclipse: uncertainty of \\texttt{derivedSecondaryEclDepth}"
#   meta:
#     ucd: stat.error;src.var.amplitude
solution_id,source_id,global_ranking,reference_time,frequency,frequency_error,geom_model_reference_level,geom_model_reference_level_error,geom_model_gaussian1_phase,geom_model_gaussian1_phase_error,geom_model_gaussian1_sigma,geom_model_gaussian1_sigma_error,geom_model_gaussian1_depth,geom_model_gaussian1_depth_error,geom_model_gaussian2_phase,geom_model_gaussian2_phase_error,geom_model_gaussian2_sigma,geom_model_gaussian2_sigma_error,geom_model_gaussian2_depth,geom_model_gaussian2_depth_error,geom_model_cosine_half_period_amplitude,geom_model_cosine_half_period_amplitude_error,geom_model_cosine_half_period_phase,geom_model_cosine_half_period_phase_error,model_type,num_model_parameters,reduced_chi2,derived_primary_ecl_phase,derived_primary_ecl_phase_error,derived_primary_ecl_duration,derived_primary_ecl_duration_error,derived_primary_ecl_depth,derived_primary_ecl_depth_error,derived_secondary_ecl_phase,derived_secondary_ecl_phase_error,derived_secondary_ecl_duration,derived_secondary_ecl_duration_error,derived_secondary_ecl_depth,derived_secondary_ecl_depth_error
[from data line 734]
375316653866487564,3427548519716074880,0.5623532,2425.3345994398205,1.0195394196315828,5.0872324E-5,19.292051,0.0028061715,0.32290012,0.012577874,0.023055002,0.0063763415,0.50586987,0.14794257,0.79877883,0.03621625,0.052763823,0.022372419,0.031230932,0.0073101246,null,null,null,null,"TWOGAUSSIANS",8,0.7190703,0.32290012,0.012577874,0.12910801,0.035707515,0.50586987,0.14794257,0.79877883,0.03621625,0.29547742,0.12528555,0.031230932,0.0073101246
375316653866487564,3427548764528640640,0.46008572,2426.5881059262833,2.7775252847499816,3.8499627E-5,18.10887,0.0032898155,null,null,null,null,null,null,null,null,null,null,null,null,0.081227995,0.0048793973,0.21102284,0.0046120756,"ELLIPSOIDAL",4,7.944279,null,null,null,null,null,null,null,null,null,null,null,null
375316653866487564,3427551543373328128,0.520174,2464.853753241419,4.42718240488593,4.5290137E-5,19.015985,0.030067952,0.28095344,0.007963849,0.09457038,0.013195582,0.28095934,0.030214058,0.7900294,0.005854651,0.07830392,0.008352854,0.34781918,0.031195424,null,null,null,null,"TWOGAUSSIANS",8,4.483099,0.7900294,0.005854651,0.4,0.0,0.33977342,0.023824528,0.28095344,0.007963849,0.4,0.0,0.27291304,0.02346244
375316653866487564,3427551994347088640,0.5273644,2419.777707755079,2.084499846471253,1.5724794E-5,19.521982,0.006207575,0.80505353,0.025158213,0.033211358,0.01338284,0.07967918,0.029538356,0.5154962,0.0029432736,0.09372384,0.0042963317,0.26156053,0.00924792,null,null,null,null,"TWOGAUSSIANS",8,0.81102717,0.5154962,0.0029432736,0.4,0.0,0.2615602,0.009247953,0.8040135,0.025915517,0.1859836,0.07494391,0.08192958,0.030703729
375316653866487564,3427554257793962496,0.48205298,2413.3651650892875,2.9481028164168266,7.653761E-5,18.796564,0.040459793,0.26509646,0.015430313,0.084597155,0.030121036,0.19683021,0.03996419,0.7723369,0.015097214,0.10010473,0.02605175,0.1785044,0.041802518,null,null,null,null,"TWOGAUSSIANS",8,5.179765,0.26509646,0.0154524,0.4,0.0,0.18827537,0.013341627,0.7723369,0.015088577,0.4,0.0,0.16994812,0.019722162
375316653866487564,3427555121082445696,0.5342248,2428.2028699215302,1.1612528771210255,9.221857E-5,16.350828,7.254438E-4,0.21309078,1.2210298E-4,0.01090245,2.0706818E-4,0.25001502,0.013968897,0.38745356,0.019342236,0.039735228,0.02088318,0.008998152,0.0027883612,null,null,null,null,"TWOGAUSSIANS",8,1.7053086,0.21309078,1.2210298E-4,0.061053723,0.0011595818,0.25001562,0.013969809,0.38745356,0.019342236,0.22251728,0.11694581,0.008998152,0.0027883612
375316653866487564,3427557285745939840,0.6676197,2399.957797479742,0.5576968583342359,9.541924E-6,14.875251,0.0023528358,0.18248151,0.0012877961,0.0326778,0.0017001891,0.4195654,0.030936835,0.68401754,0.009493645,0.032455795,0.0059841634,0.4056585,0.0499152,0.015426624,0.0036206574,0.18248151,0.0012877961,"TWOGAUSSIANS_WITH_ELLIPSOIDAL_ON_ECLIPSE1",9,24.08713,0.18248151,0.0012877961,0.18299568,0.009521059,0.45041865,0.032764237,0.68401754,0.009493645,0.18175244,0.033511315,0.4365089,0.04875715
375316653866487564,3427561683790161280,0.6309632,2445.842140231522,0.36893021885204297,1.0753728E-6,18.754242,0.0024810105,0.23223151,0.058907457,0.021370256,0.010861107,0.6755432,1.040921,0.72447276,8.833884E-5,0.016606987,1.0959663E-4,0.5855642,0.00201415,null,null,null,null,"TWOGAUSSIANS",8,1.088427,0.23223151,0.058907457,0.11967344,0.0608222,0.6755432,1.040921,0.72447276,8.833884E-5,0.09299912,6.137411E-4,0.5855642,0.00201415
375316653866487564,3427570372510501632,0.4224857,2388.7389928257226,3.162145067967116,1.4063604E-5,18.838276,0.009805366,0.24285921,0.0035143748,0.04184869,0.0077602067,0.1537157,0.021513931,0.7876919,0.0073220385,0.0434181,0.0051564276,0.13845836,0.01972478,null,null,null,null,"TWOGAUSSIANS",8,7.0601435,0.24285921,0.0035143748,0.23435266,0.043457158,0.1537157,0.021513933,0.7876919,0.0073220385,0.24314135,0.028875994,0.13845836,0.01972478
375316653866487564,3427580341130350720,0.69612825,2382.4562042624234,1.574175945461917,5.3360195E-6,15.148951,0.012388931,0.31328148,0.014450862,0.039256763,0.013376019,0.7573259,0.10645066,0.81049657,8.019365E-4,0.03827885,0.0026487717,0.34298298,0.028479718,0.109217376,0.01690734,0.81049657,8.019365E-4,"TWOGAUSSIANS_WITH_ELLIPSOIDAL_ON_ECLIPSE2",9,32.20708,0.31319147,0.013645848,0.21983787,0.07490571,0.975696,0.1370214,0.81049657,8.019365E-4,0.21436158,0.014833122,0.5614177,0.011804463
375316653866487564,3427582742016382976,0.5449167,2437.6123511381884,2.73600832127638,1.1647482E-5,19.495108,0.012696056,0.26224303,0.003605131,0.0898933,0.007500328,0.3247168,0.02066349,0.7713273,0.004828947,0.07640628,0.00882419,0.39504218,0.01611418,null,null,null,null,"TWOGAUSSIANS",8,1.2340685,0.7713273,0.004828947,0.4,0.0,0.3885182,0.018803792,0.26224303,0.003605131,0.4,0.0,0.3181927,0.021542355
375316653866487564,3427583089909372288,0.69707334,2389.229950882488,0.6055251331403738,7.2451926E-6,16.608608,0.004145254,0.24181154,3.1648716E-4,0.028327785,5.0152E-4,1.6710293,0.030382311,0.74057406,0.0028690596,0.032072615,0.0026821836,0.13776645,0.016538886,0.026565367,0.005115851,0.24181154,3.1648716E-4,"TWOGAUSSIANS_WITH_ELLIPSOIDAL_ON_ECLIPSE1",9,12.961044,0.24181154,3.1648716E-4,0.1586356,0.002808512,1.72416,0.03429376,0.74061406,0.0028014185,0.17960663,0.015020229,0.19089401,0.013853519
375316653866487564,3427585112838432384,0.4746267,2401.5227002846664,1.9521711998296154,3.1160507E-5,18.779974,0.002921875,null,null,null,null,null,null,null,null,null,null,null,null,0.06644773,0.0040939497,0.2434888,0.0059039565,"ELLIPSOIDAL",4,2.8926246,null,null,null,null,null,null,null,null,null,null,null,null
375316653866487564,3427585495091029632,0.61520535,2413.2521925436117,2.860917667176454,1.3673865E-5,17.066576,0.006294471,0.24104437,0.0015677286,0.07930323,0.002362158,0.3991679,0.00931656,0.7372506,0.0029246656,0.085615456,0.0040588537,0.3991377,0.011486861,null,null,null,null,"TWOGAUSSIANS",8,8.252604,0.24104437,0.0015677286,0.4,0.0,0.39166084,0.008961056,0.7372506,0.0029246656,0.4,0.0,0.39163062,0.011843652
375316653866487564,3427586968264288256,0.58510745,2390.5509971187034,1.5551381375488442,3.8731528E-6,17.15747,0.0030887276,0.29390818,8.20693E-4,0.04637497,9.848808E-4,0.32427227,0.0054272716,0.79108745,0.01518806,0.06772897,0.017783348,0.05872747,0.014195346,null,null,null,null,"TWOGAUSSIANS",8,6.9698844,0.29390818,8.20693E-4,0.25969982,0.005515333,0.32425863,0.005425358,0.79108745,0.01518806,0.3792822,0.08172806,0.058713824,0.014211478
375316653866487564,3427588514452579712,0.5052087,2367.786162589046,1.7738817516090601,9.8664845E-5,17.844793,0.0038029242,0.18899795,0.018327866,0.035155233,0.02304227,0.18104033,289.86234,0.6962462,1.5411935E-4,0.01457909,2.59661E-4,0.44745034,0.0044800728,null,null,null,null,"TWOGAUSSIANS",8,10.078717,0.6962462,1.5411935E-4,0.0816429,0.0014541015,0.44745034,0.0044800728,0.18899795,0.018327866,0.19686931,0.12903671,0.18104033,289.86234
375316653866487564,3427602361426469248,0.56327355,2396.797051834571,2.8038837963552012,9.560457E-6,17.107134,0.008396203,0.15179949,0.0025443055,0.048273213,0.006694712,0.17881222,0.02635482,0.65647346,0.028544273,0.04347981,0.014074708,0.14738862,0.061900903,0.096124455,0.019158212,0.15179949,0.0025443055,"TWOGAUSSIANS_WITH_ELLIPSOIDAL_ON_ECLIPSE1",9,36.111588,0.15179949,0.0025443055,0.27033,0.037490387,0.37106076,0.019957071,0.65647346,0.025200674,0.24348694,0.078818366,0.3394714,0.059872262
375316653866487564,3427603151700619520,0.5228,2388.5878254720105,2.1325204017418753,1.4630859E-5,19.282045,0.039984133,0.29087692,0.01275443,0.11236799,0.019692492,0.35451913,0.03828274,0.77578753,0.0069682114,0.10791826,0.015394061,0.30843621,0.03935731,null,null,null,null,"TWOGAUSSIANS",8,1.572786,0.2908869,0.012763168,0.4,0.0,0.31152388,0.012515787,0.77578753,0.0069682114,0.4,0.0,0.26546648,0.022918165
375316653866487564,3427603705752239488,0.66631067,2427.1811902041504,2.1625043298411613,3.9819633E-6,13.821272,0.026500385,0.23455754,0.0014104075,0.07132814,0.0112713,0.19904172,0.047106232,0.7286035,0.00887798,0.067700006,0.012476915,0.23487723,0.056761134,0.090768866,0.026473816,0.23455754,0.0014104075,"TWOGAUSSIANS_WITH_ELLIPSOIDAL_ON_ECLIPSE1",9,57.196907,0.72990346,0.0067688194,0.37912002,0.069870725,0.41560715,0.008753379,0.23455754,0.0014104075,0.39943758,0.05473895,0.37997013,0.012499961
375316653866487564,3427608580537428480,0.6248888,2419.381943140149,3.0316950457377803,7.408173E-6,17.15615,0.013297542,0.2258107,0.0027959782,0.038276136,0.0049879625,0.49933437,0.027971633,0.71973747,0.008176889,0.05091297,0.011805028,0.7714923,0.08557465,0.11378026,0.015677731,0.2258107,0.0027959782,"TWOGAUSSIANS_WITH_ELLIPSOIDAL_ON_ECLIPSE1",9,28.213997,0.72008747,0.0077846097,0.28511262,0.06610816,0.99873775,0.09889308,0.2258107,0.0027959782,0.21434636,0.02793259,0.7268922,0.015741233
375316653866487564,3427609340749419264,0.5857905,2354.40587777795,2.6450884620857167,4.800892E-6,17.007751,0.0060648713,0.2794195,0.0019492686,0.050585378,0.0054380693,0.1006861,0.014875718,0.7748148,0.011673717,0.044924274,0.01135408,0.09926328,0.01762368,0.09674677,0.008338294,0.2794195,0.0019492686,"TWOGAUSSIANS_WITH_ELLIPSOIDAL_ON_ECLIPSE1",9,6.48861,0.2794195,0.0019492686,0.2832781,0.030453188,0.29417902,0.006380995,0.77590483,0.0104076415,0.25157595,0.06358285,0.29263264,0.014160341
375316653866487564,3427613253463495168,0.57790685,2386.243138903702,0.5361940759420729,1.979775E-5,18.475729,0.0023233192,0.20893161,0.018035503,0.035109635,0.025033075,0.020467127,0.012996692,0.4187248,0.0025369271,0.024559403,0.001950351,0.44120538,0.041962128,null,null,null,null,"TWOGAUSSIANS",8,1.4402614,0.4187248,0.0025369271,0.13753265,0.010921965,0.44120538,0.041962128,0.20893161,0.018035503,0.19661397,0.14018522,0.020467127,0.012996692
375316653866487564,3427618063825061632,0.5275168,2398.840753111353,2.649099186858547,8.86451E-6,19.005816,0.002244068,0.27591875,0.0041448427,0.02086469,0.04550763,0.029816682,4.9205,null,null,null,null,null,null,0.09105053,0.0037504702,0.27591875,0.0041448427,"ONEGAUSSIAN_WITH_ELLIPSOIDAL",6,1.5056016,0.27591875,0.0041448427,0.11684226,0.25484273,0.21191765,4.921861,null,null,null,null,null,null
375316653866487564,3427621568518704128,0.64902127,2395.5998495229815,3.5218426904921003,6.2496006E-6,16.88656,0.01691565,0.22061469,0.00475235,0.04250688,0.012001319,0.40235066,0.08862359,0.721668,0.0057350355,0.052058548,0.004891576,0.4845099,0.040968586,0.10055302,0.021100888,0.22061469,0.00475235,"TWOGAUSSIANS_WITH_ELLIPSOIDAL_ON_ECLIPSE1",9,11.131819,0.721668,0.005550004,0.29152787,0.027392825,0.68560266,0.018837312,0.22061469,0.00475235,0.23803854,0.06720738,0.60345227,0.112284265
375316653866487564,3427625897845892864,0.5287443,2386.4022237330964,3.61362183866479,1.3118334E-5,17.501085,0.018691238,0.31764674,0.0025726536,0.08741134,0.0075471057,0.29356843,0.023722492,0.83985853,0.004148584,0.078863956,0.008504675,0.30644733,0.013118643,null,null,null,null,"TWOGAUSSIANS",8,10.446487,0.83985853,0.004148584,0.4,0.0,0.30213156,0.012069842,0.31764674,0.0025726536,0.4,0.0,0.28925255,0.0225798
375316653866487564,3427626378888947328,0.44818062,2517.2821997834517,0.9554688656374064,1.0256446E-4,19.460552,0.027359772,0.18823789,0.010439947,0.07376445,0.010525744,0.3563169,0.04597104,0.6638974,0.028583761,0.08521314,0.03874845,0.20712319,0.1361315,null,null,null,null,"TWOGAUSSIANS",8,4.018555,0.18823789,0.010439947,0.4,0.026306493,0.3540222,0.042802814,0.6638974,0.028583761,0.4,0.06726295,0.20482849,0.14028344
375316653866487564,3427626932935338240,0.5942183,2398.642067334904,1.338297614978282,8.7047165E-6,16.202185,0.0021839112,0.23201261,0.007538406,0.036107626,0.003713147,0.1845692,0.015247383,0.7278144,0.0037379942,0.035228763,0.0033232467,0.19175257,0.013695876,0.008175628,0.0029285029,0.23201261,0.007538406,"TWOGAUSSIANS_WITH_ELLIPSOIDAL_ON_ECLIPSE1",9,5.528812,0.7278444,0.003706335,0.19728108,0.018610181,0.20809254,0.013354007,0.23201261,0.007538406,0.2022027,0.020793622,0.20092045,0.015518281
375316653866487564,3427630025312776704,0.4494921,2405.482715773847,0.12088195876909119,1.1262592E-4,19.073442,0.092362665,0.12520663,0.09687312,0.06263182,0.16478272,0.12570265,0.073382534,0.5323723,0.0066676377,0.058980454,0.012448158,0.5000673,0.07480978,null,null,null,null,"TWOGAUSSIANS",8,4.775864,0.5323723,0.0066676377,0.33029053,0.06970969,0.50006396,0.07525464,0.12520663,0.09687312,0.35073823,0.20097195,0.12569928,0.06850671
375316653866487564,3427630158453264768,0.5423823,2340.221634243347,0.14233586277205973,2.6576528E-5,17.626152,0.06674866,0.09642279,5.45921E-4,0.0017114808,5.8237143E-4,0.24522804,0.19930457,0.41976306,0.022376122,0.24461561,0.13538682,0.066134825,0.061135482,null,null,null,null,"TWOGAUSSIANS",8,2.0514486,0.09642279,5.45921E-4,0.009584292,0.00326128,0.25790069,0.19940616,0.41976306,0.022376122,0.4,0.0,0.049789723,0.005711983
375316653866487564,3427630742568575232,0.690191,2431.27316195053,0.15334722096086303,2.3040486E-5,16.893145,0.0012602938,0.40809804,0.025341274,0.064792514,0.024489505,0.07104112,0.0439134,0.8589728,6.164243E-5,0.0041700895,3.6977865E-5,0.5884412,0.004232438,null,null,null,null,"TWOGAUSSIANS",8,1.9005462,0.8589728,6.164243E-5,0.023352502,2.0707604E-4,0.5884412,0.0042324383,0.40809804,0.025341274,0.3628381,0.054599527,0.07104112,0.04391341
375316653866487564,3427631223605051264,0.5291227,2441.1077773924003,0.4280534729524809,1.5494866E-4,16.84405,0.0019325576,0.10848404,0.018723441,0.008031144,0.013659166,0.02389668,0.014873283,0.6852776,0.0029332328,0.030266019,0.0032063215,0.1768117,0.014484351,null,null,null,null,"TWOGAUSSIANS",8,6.8091593,0.6852776,0.0029332328,0.1694897,0.017955402,0.1768117,0.014484351,0.10848404,0.018723441,0.044974405,0.076491326,0.02389668,0.014873283
375316653866487564,3427631842080306688,0.5657274,2406.318976604982,1.6577747155726668,1.0459758E-5,18.798832,0.040765423,0.21432632,0.0054807593,0.1398255,0.035435513,0.17367566,0.035562653,0.7057762,0.0030484495,0.090136774,0.0075793485,0.28387734,0.037150003,null,null,null,null,"TWOGAUSSIANS",8,0.88243645,0.7057762,0.0030484495,0.4,0.0,0.24968863,0.0070940545,0.21432632,0.0054807593,0.4,0.0,0.13889334,0.007180687
375316653866487564,3427633048968745216,0.5020015,2400.798427248341,0.5583755316340573,2.88271E-5,19.571884,0.0046169483,0.23062895,0.006752494,0.016505444,0.003601667,0.6228659,0.14895754,0.66317326,0.06440261,0.044195533,0.04006326,0.5151519,24.594307,null,null,null,null,"TWOGAUSSIANS",8,3.2262166,0.23062895,0.006752494,0.09243049,0.020169334,0.6228659,0.14895754,0.66317326,0.06440261,0.24749498,0.22435425,0.5151519,24.594307
375316653866487564,3427633323846654720,0.46364093,2436.18468055253,0.02531464548747856,4.2977405E-5,19.442423,0.019649034,0.1994104,0.0050737644,0.03933789,0.009377925,0.65469754,0.27850738,0.7317506,0.025689783,0.117994435,0.030045968,0.08007208,0.022768686,null,null,null,null,"TWOGAUSSIANS",8,3.093124,0.1994104,0.005062847,0.22029218,0.052516382,0.65401465,0.28029022,0.7317506,0.025689783,0.4,0.0,0.079355106,0.020627001
375316653866487564,3427633560067444992,0.50884885,2379.881730489622,4.073182274935787,1.5443624E-5,17.829514,0.014292137,0.21710144,0.0031896834,0.06533499,0.008936243,0.18803255,0.01092293,0.714437,0.0034663496,0.062403977,0.008269608,0.18304637,0.021793956,null,null,null,null,"TWOGAUSSIANS",8,9.493051,0.21710144,0.0031896834,0.36587593,0.05004296,0.1878715,0.010802024,0.714437,0.0034663496,0.34946227,0.046309803,0.18288532,0.021829268
