Gaia/vari_eclipsing_binary/VariEclipsingBinary_484648-484684.csv
# %ECSV 1.0
# ---
# delimiter: ','
# meta: !!omap
# - RELEASE: Gaia DR3
# - TABLE: vari_eclipsing_binary
# - DESCRIPTION: >
#     This table describes the properties of the eclipsing binaries resulting from the variability analysis. 
# - CITATION: >
#     How to cite and acknowledge Gaia: 
#     https://gea.esac.esa.int/archive/documentation/credits.html 
# - KNOWN_ISSUES: >
#     Known issues: 
#     https://www.cosmos.esa.int/web/gaia-users/known-issues 
# - DOCUMENTATION: >
#     Tutorials and documentation: 
#     https://www.cosmos.esa.int/web/gaia-users/archive 
# datatype:
# - 
#   name: solution_id
#   datatype: int64
#   description: Solution Identifier
#   meta:
#     ucd: meta.version
# - 
#   name: source_id
#   datatype: int64
#   description: Unique source identifier
#   meta:
#     ucd: meta.id;meta.main
# - 
#   name: global_ranking
#   datatype: float32
#   description: Number between 0 (worst) and 1 (best)
#   meta:
#     ucd: stat.param
# - 
#   name: reference_time
#   datatype: float64
#   unit: d
#   description: Reference time used for the geometric model fit
#   meta:
#     ucd: time.epoch
# - 
#   name: frequency
#   datatype: float64
#   unit: d**-1
#   description: Frequency of geometric model of the eclipsing binary light curve
#   meta:
#     ucd: src.orbital
# - 
#   name: frequency_error
#   datatype: float32
#   unit: d**-1
#   description: "Uncertainty of \\texttt{frequency}"
#   meta:
#     ucd: stat.error
# - 
#   name: geom_model_reference_level
#   datatype: float32
#   unit: mag
#   description: Magnitude reference level of geometric model
#   meta:
#     ucd: phot.mag;em.opt
# - 
#   name: geom_model_reference_level_error
#   datatype: float32
#   unit: mag
#   description: "Uncertainty of \\texttt{geomModelReferenceLevel}"
#   meta:
#     ucd: stat.error;phot.mag;em.opt
# - 
#   name: geom_model_gaussian1_phase
#   datatype: float32
#   description: Phase of the Gaussian 1 component
#   meta:
#     ucd: time.phase
# - 
#   name: geom_model_gaussian1_phase_error
#   datatype: float32
#   description: "Uncertainty of \\texttt{geomModelGaussian1Phase}"
#   meta:
#     ucd: stat.error;time.phase
# - 
#   name: geom_model_gaussian1_sigma
#   datatype: float32
#   description: "Standard deviation [phase] of Gaussian 1 component"
#   meta:
#     ucd: stat.stdev
# - 
#   name: geom_model_gaussian1_sigma_error
#   datatype: float32
#   description: "Uncertainty of \\texttt{geomModelGaussian1Sigma}"
#   meta:
#     ucd: stat.error
# - 
#   name: geom_model_gaussian1_depth
#   datatype: float32
#   unit: mag
#   description: Magnitude depth of Gaussian 1 component
#   meta:
#     ucd: src.var.amplitude
# - 
#   name: geom_model_gaussian1_depth_error
#   datatype: float32
#   unit: mag
#   description: "Uncertainty of \\texttt{geomModelGaussian1Depth}"
#   meta:
#     ucd: stat.error;src.var.amplitude
# - 
#   name: geom_model_gaussian2_phase
#   datatype: float32
#   description: Phase of Gaussian 2 component
#   meta:
#     ucd: time.phase
# - 
#   name: geom_model_gaussian2_phase_error
#   datatype: float32
#   description: "Uncertainty of \\texttt{geomModelGaussian2Phase}"
#   meta:
#     ucd: stat.error;time.phase
# - 
#   name: geom_model_gaussian2_sigma
#   datatype: float32
[...]
#   datatype: float32
#   description: "Secondary eclipse: uncertainty of \\texttt{derivedSecondaryEclDuration}"
#   meta:
#     ucd: stat.error;time.duration
# - 
#   name: derived_secondary_ecl_depth
#   datatype: float32
#   unit: mag
#   description: "Secondary eclipse: depth"
#   meta:
#     ucd: src.var.amplitude
# - 
#   name: derived_secondary_ecl_depth_error
#   datatype: float32
#   unit: mag
#   description: "Secondary eclipse: uncertainty of \\texttt{derivedSecondaryEclDepth}"
#   meta:
#     ucd: stat.error;src.var.amplitude
solution_id,source_id,global_ranking,reference_time,frequency,frequency_error,geom_model_reference_level,geom_model_reference_level_error,geom_model_gaussian1_phase,geom_model_gaussian1_phase_error,geom_model_gaussian1_sigma,geom_model_gaussian1_sigma_error,geom_model_gaussian1_depth,geom_model_gaussian1_depth_error,geom_model_gaussian2_phase,geom_model_gaussian2_phase_error,geom_model_gaussian2_sigma,geom_model_gaussian2_sigma_error,geom_model_gaussian2_depth,geom_model_gaussian2_depth_error,geom_model_cosine_half_period_amplitude,geom_model_cosine_half_period_amplitude_error,geom_model_cosine_half_period_phase,geom_model_cosine_half_period_phase_error,model_type,num_model_parameters,reduced_chi2,derived_primary_ecl_phase,derived_primary_ecl_phase_error,derived_primary_ecl_duration,derived_primary_ecl_duration_error,derived_primary_ecl_depth,derived_primary_ecl_depth_error,derived_secondary_ecl_phase,derived_secondary_ecl_phase_error,derived_secondary_ecl_duration,derived_secondary_ecl_duration_error,derived_secondary_ecl_depth,derived_secondary_ecl_depth_error
[from data line 189]
375316653866487564,4263126611794543488,0.540959,2197.597793372488,0.15470147937434753,7.984538E-5,19.918442,0.010815946,0.22655396,0.008665122,0.081784144,0.009980989,0.37948468,0.024860855,0.5998307,0.0013399064,0.030599665,0.004525698,0.35007656,0.16501866,null,null,null,null,"TWOGAUSSIANS",8,0.85671705,0.22655396,0.008665122,0.4,0.0,0.37948456,0.024860881,0.5998307,0.0013399064,0.17135812,0.025343908,0.3500878,0.16501191
375316653866487564,4263126676210974976,0.5005685,2218.6732175287766,2.238122873928246,6.872033E-5,17.664125,0.020617377,0.2521424,0.013379038,0.09492718,0.021894496,0.14357612,0.023982,0.76263523,0.015141968,0.08968916,0.032183196,0.096573666,0.022319267,null,null,null,null,"TWOGAUSSIANS",8,6.148269,0.2521424,0.013376854,0.4,0.0,0.13841175,0.017299993,0.76263523,0.015149137,0.4,0.0,0.091409564,0.022443712
375316653866487564,4263126710570760704,0.4499741,2220.283529587124,0.7637037283738861,4.634537E-5,17.333227,0.029738206,0.27890185,0.016739367,0.12699783,0.041750096,0.11743215,0.033204272,0.78910464,0.010489979,0.06997396,0.014620094,0.16711211,0.02722685,null,null,null,null,"TWOGAUSSIANS",8,4.3646007,0.7891346,0.010532715,0.3918542,0.052257977,0.15845896,0.015047419,0.27890185,0.016739367,0.4,0.0,0.10867309,0.029683298
375316653866487564,4263127638283159040,0.49791753,2194.4565577342682,0.7302214040547546,4.901936E-5,17.976633,0.0070635,0.34651405,0.024446217,0.08654391,0.034747977,0.052422367,0.037946764,0.80994076,0.013840536,0.031942103,0.010410401,0.24477771,0.09439012,null,null,null,null,"TWOGAUSSIANS",8,5.136095,0.80994076,0.013840536,0.17887577,0.05829825,0.24477288,0.0943934,0.34651405,0.024446217,0.4,0.041543312,0.05241751,0.037954353
375316653866487564,4263128084960091776,0.52113074,2113.038363715007,2.753056978973196,1.3975452E-5,18.522491,0.015057516,0.19829178,0.015144212,0.08271392,0.0132780485,0.2778136,0.040223278,0.7004054,0.0013176866,0.06727321,0.004194335,0.35360786,0.018080635,null,null,null,null,"TWOGAUSSIANS",8,5.1575146,0.7004054,0.0013176866,0.37672997,0.023488278,0.35134402,0.017438782,0.19829178,0.015144212,0.4,0.0,0.27554977,0.039922614
375316653866487564,4263129665508583936,0.52360183,2209.3628882792736,2.6112126579358654,2.8517112E-5,17.077864,0.07333411,0.2888408,0.0073468876,0.115367055,0.031425234,0.22940955,0.06657538,0.7907482,0.0049380567,0.110849895,0.026021188,0.25740469,0.06612744,null,null,null,null,"TWOGAUSSIANS",8,14.600049,0.7907482,0.0049563255,0.4,0.0,0.21606238,0.021765115,0.2888408,0.0073744818,0.4,0.0,0.18804862,0.016329842
375316653866487564,4263130185234304512,0.5766995,2206.605843941359,1.3832153130495233,8.7871995E-6,14.615341,0.006304927,0.79104745,0.0018029709,0.04804261,0.0026799724,0.38410562,0.021776058,null,null,null,null,null,null,0.07655307,0.008957618,0.79104745,0.0018029709,"ONEGAUSSIAN_WITH_ELLIPSOIDAL",6,130.65372,0.79104745,0.0018029709,0.26903862,0.015007845,0.53721124,0.018821687,null,null,null,null,null,null
375316653866487564,4263131319105809152,0.5743445,2215.656043853159,2.461190118860702,1.7921979E-5,17.736353,0.018578993,0.27956453,0.0074911304,0.08678636,0.011053979,0.38111717,0.058866274,0.7731429,0.0025917748,0.08532626,0.0057038027,0.4006259,0.022199387,null,null,null,null,"TWOGAUSSIANS",8,12.46848,0.7731429,0.0025917748,0.4,0.0,0.3903262,0.02037025,0.27956453,0.0074911304,0.4,0.0,0.37081745,0.06153605
375316653866487564,4263131692750206208,0.53975475,2187.6280259049017,0.6729780809750228,9.657397E-5,18.036236,0.007325645,0.59757286,3.5074332E-5,0.016696524,6.7373924E-4,0.53560853,0.0011833945,null,null,null,null,null,null,null,null,null,null,"ONEGAUSSIAN",5,12.4135,0.59757286,3.5074332E-5,0.09350053,0.0037729398,0.53560853,0.0,null,null,null,null,null,null
375316653866487564,4263131765782375424,0.6578129,2206.7158714863003,2.4033447447230523,6.273255E-6,16.451271,0.0044404236,0.30668882,0.0016479447,0.095345676,0.002949302,0.21199,0.0040610097,0.8082532,0.00280601,0.09581688,0.0038134826,0.20843875,0.005293252,null,null,null,null,"TWOGAUSSIANS",8,2.0205886,0.30668882,0.0016479447,0.4,0.0,0.19853796,0.0021882297,0.8082532,0.00280601,0.4,0.0,0.19498666,0.0044074943
375316653866487564,4263132693470378752,0.5395898,2191.9757931261056,3.367683142171011,1.4329193E-5,18.496887,0.014541201,0.28686848,0.0033894216,0.07733972,0.0065538804,0.5015723,0.059732083,0.794662,0.0036633757,0.072019264,0.00658241,0.486462,0.042991433,null,null,null,null,"TWOGAUSSIANS",8,5.1196213,0.28686848,0.0033894216,0.4,0.0,0.4985192,0.06085927,0.794662,0.0036633757,0.4,0.008647376,0.4834089,0.04421128
375316653866487564,4263133032762193152,0.55738086,2190.9560348555096,3.5696246185326865,5.9827694E-6,16.953203,0.0053208973,0.6616799,0.0018908052,0.04301093,0.0047432864,0.16458912,0.019443955,null,null,null,null,null,null,0.10331501,0.010120608,0.6616799,0.0018908052,"ONEGAUSSIAN_WITH_ELLIPSOIDAL",6,15.432089,0.6616799,0.0018908052,0.2408612,0.026562406,0.3712187,0.02196386,null,null,null,null,null,null
375316653866487564,4263133208870392448,0.47917593,2191.018647897362,3.9438884530958913,9.667961E-5,18.50152,0.06456399,0.13779293,0.018935047,0.13599852,0.08418328,0.115951434,0.055186994,0.6068298,0.009177019,0.08791699,0.016913911,0.13438672,0.053815283,null,null,null,null,"TWOGAUSSIANS",8,3.5543501,0.6068298,0.009177019,0.4,0.0,0.12043503,0.016149467,0.13779293,0.01893075,0.4,0.0,0.101640046,0.020769032
375316653866487564,4263133724262995328,0.54114145,2210.6370894121856,3.566182685536246,1.4865138E-5,18.476303,0.08651878,0.17185643,0.008166426,0.10560156,0.023932096,0.22259612,0.08246547,0.65480494,0.00874251,0.12569718,0.030473523,0.2743626,0.086521946,null,null,null,null,"TWOGAUSSIANS",8,1.5234902,0.65480494,0.00874251,0.4,0.0,0.23352672,0.014391789,0.17202644,0.008133274,0.4,0.0,0.18198173,0.011138976
375316653866487564,4263133793007151360,0.62347996,2200.2125055853194,2.524896204255708,8.3608375E-6,16.926506,0.02451746,0.18549068,0.0030275362,0.070855856,0.01452174,0.09088498,0.05014435,0.6744159,0.009392303,0.059176564,0.012693149,0.19008625,0.047856618,0.07010762,0.02594651,0.18549068,0.0030275362,"TWOGAUSSIANS_WITH_ELLIPSOIDAL_ON_ECLIPSE1",9,3.9573581,0.67628586,0.0076546283,0.33138877,0.07108164,0.32954955,0.019945106,0.18549068,0.0030275362,0.3967928,0.042819884,0.23091166,0.0058660484
375316653866487564,4263134411457138048,0.51586425,2215.0576858374934,0.726181089167621,1.9488603E-5,19.414349,0.12966269,0.14620717,0.014110633,0.0616874,0.073532864,1.5556805,1.5481938,0.6510301,0.011443671,0.080161765,0.032421835,0.297762,0.123096496,null,null,null,null,"TWOGAUSSIANS",8,1.8124906,0.14620717,0.014110633,0.34544945,0.082181126,1.5536062,1.6291062,0.6510301,0.011443671,0.4,0.0,0.29568765,0.03074829
375316653866487564,4263135167396604416,0.60031796,2181.632627161851,1.8536562169364263,1.3734574E-5,16.454632,0.011115268,0.25032827,0.00346146,0.097674236,0.006888462,0.23068029,0.0126745775,0.7503914,0.002742706,0.08972733,0.0075433115,0.285597,0.01994617,null,null,null,null,"TWOGAUSSIANS",8,8.587747,0.7503914,0.002742706,0.4,0.0,0.27110624,0.022225164,0.25032827,0.00346146,0.4,0.0,0.2161887,0.010816131
375316653866487564,4263135545329362944,0.5655226,2208.7789107258955,3.1517639229637107,2.1206299E-5,18.586266,0.025867041,0.32202914,0.007982525,0.07815725,0.013287705,0.4259053,0.028854193,0.81375986,0.0030071954,0.07617444,0.009525633,0.44125354,0.028472986,null,null,null,null,"TWOGAUSSIANS",8,4.525776,0.81375986,0.0030071954,0.4,0.019623557,0.43742797,0.031350475,0.32202914,0.007982525,0.4,0.012901832,0.4220797,0.028764745
375316653866487564,4263136438707451648,0.57141346,2202.548915138016,3.095279951280096,2.940334E-5,17.42076,0.0102796275,0.30578977,0.0066974396,0.081113294,0.0056657,0.52458215,0.025905162,0.7858954,0.0067113447,0.069587834,0.004672719,0.6898981,0.056969043,null,null,null,null,"TWOGAUSSIANS",8,32.66567,0.7858954,0.0067113447,0.38969186,0.021254918,0.68681306,0.056728426,0.30578977,0.0066974396,0.4,0.0,0.5214972,0.025794763
375316653866487564,4263136679204127232,0.54414153,2244.350999182819,2.9677036901862333,1.7303531E-5,18.845575,0.018259233,0.3117419,0.012219322,0.08486046,0.013596943,0.30593386,0.045581702,0.82674116,0.0021479004,0.075256,0.005904034,0.4271853,0.033665355,null,null,null,null,"TWOGAUSSIANS",8,2.1410744,0.82674116,0.0021479004,0.4,0.0,0.42314523,0.033938114,0.3117419,0.012219322,0.4,0.0,0.30189374,0.046336714
375316653866487564,4263137744377535232,0.5449094,2277.942287344767,3.701886455743513,2.0045103E-5,17.723993,0.011497778,0.36215472,0.0048761396,0.08319222,0.0068955165,0.2913801,0.015934238,0.8425068,0.005174439,0.08570416,0.008171842,0.28156295,0.03460539,null,null,null,null,"TWOGAUSSIANS",8,5.913423,0.36215472,0.0048761396,0.4,0.0,0.2863417,0.015601154,0.8425068,0.005174439,0.4,0.0,0.2765245,0.035654247
375316653866487564,4263137778715932544,0.5963182,2249.0136341447337,0.6742362262448439,1.7046923E-5,18.845522,0.005451067,0.1953574,0.012048079,0.06472711,0.014863237,0.37118384,1.5234033,0.58058083,0.0070115477,0.050335437,0.009401105,0.45841476,0.032170717,null,null,null,null,"TWOGAUSSIANS",8,1.6356934,0.58058083,0.0070115477,0.28187844,0.05264619,0.45841426,0.032172505,0.1953574,0.012048079,0.36247185,0.083234124,0.37118334,1.523404
375316653866487564,4263137911854115584,0.4831433,2251.2401813423667,2.1580667865853402,5.1664214E-5,17.669281,0.06568346,0.204678,0.02433783,0.16482696,0.059798844,0.13295558,0.06425549,0.63653946,0.017656561,0.11566261,0.02014025,0.24330209,0.05570252,null,null,null,null,"TWOGAUSSIANS",8,6.6732917,0.63653946,0.017656561,0.4,0.0,0.20618024,0.037102036,0.206248,0.023046771,0.4,0.0,0.09142402,0.011814968
375316653866487564,4263138912608330240,0.47805464,2226.0213751803335,0.2554056683193652,1.3414888E-5,18.421177,0.0106976135,0.34035912,0.0045917,0.020750212,0.020778192,0.26367342,0.18318255,null,null,null,null,null,null,0.10519936,0.015493719,0.34035912,0.0045917,"ONEGAUSSIAN_WITH_ELLIPSOIDAL",6,4.3258624,0.34035912,0.0045917,0.11620118,0.11635788,0.4740717,0.18557033,null,null,null,null,null,null
375316653866487564,4263139118766781568,0.6002533,2235.0498220917734,1.8138033106125848,4.7060767E-5,16.963505,0.0016745668,0.35902968,0.05314018,0.052753307,0.027103977,0.31292027,0.36836714,0.83999866,0.0075979983,0.049595226,0.0075394656,0.08120025,0.005930818,null,null,null,null,"TWOGAUSSIANS",8,1.0919304,0.35902968,0.05314018,0.29541853,0.113677315,0.31291944,0.36837706,0.83999866,0.0075979983,0.27773327,0.042221006,0.08119941,0.005929513
375316653866487564,4263139973430427392,0.56362724,2233.3871029338775,0.6445338965238858,2.5265012E-5,13.711713,0.009162815,0.41176122,0.0062062014,0.11586037,0.0073251384,0.26931202,0.011376035,0.84476316,0.062725306,0.06685083,0.062197108,0.04368405,0.1175761,null,null,null,null,"TWOGAUSSIANS",8,376.4281,0.41176122,0.0062044687,0.4,0.0,0.267196,0.01054699,0.84476316,0.062725306,0.37436467,0.31141043,0.041819353,0.119345784
375316653866487564,4263141008552041088,0.5978535,2210.1598746184122,4.164764773325092,5.0604187E-5,16.958536,0.009790962,0.25300393,0.010365411,0.084191024,0.008764441,0.54336166,0.027967159,0.7566839,0.008223905,0.07853722,0.006265119,0.54753685,0.03117835,null,null,null,null,"TWOGAUSSIANS",8,20.679186,0.7566839,0.008223905,0.4,0.0,0.53847814,0.030956883,0.25300393,0.010365411,0.4,0.0,0.53430295,0.02953785
375316653866487564,4263141141661167744,0.54313624,2144.553635174217,3.5535424126570025,1.084969E-5,18.672892,0.025874387,0.26669094,0.005705789,0.08435262,0.0071850466,0.4800996,0.036243252,0.7595698,0.05849978,0.08493297,0.039548736,0.38369694,0.408397,null,null,null,null,"TWOGAUSSIANS",8,6.3114643,0.26669094,0.005705789,0.4,0.0,0.4704499,0.033009544,0.7595698,0.05849978,0.4,0.127413,0.37404728,0.4123797
375316653866487564,4263141347819794688,0.5010899,2135.4293994732902,0.47906177621245305,5.1099996E-5,18.969172,0.01749139,0.29486847,0.01639524,0.032572933,0.009073133,0.07197002,0.029155875,0.667178,0.003779391,0.06622639,0.008263795,0.20296629,0.042597234,0.06257384,0.020234177,0.667178,0.003779391,"TWOGAUSSIANS_WITH_ELLIPSOIDAL_ON_ECLIPSE2",9,2.460954,0.667178,0.003779391,0.37086782,0.046277247,0.3279547,0.024629248,0.28249848,0.020639863,0.18240842,0.05080954,0.13697003,0.022847729
375316653866487564,4263141622708302208,0.5769284,2227.5776945909656,2.742308951529701,5.0499115E-5,17.254637,0.020796828,0.34901717,0.004750686,0.114851385,0.012799862,0.2202606,0.019787552,0.8598942,0.009657855,0.07898251,0.02019295,0.26244524,0.25367716,null,null,null,null,"TWOGAUSSIANS",8,4.7971544,0.85990417,0.009652296,0.4,0.057303425,0.24814503,0.26196334,0.34901717,0.004750686,0.4,0.0,0.20592387,0.01082537
375316653866487564,4263142932697580672,0.53923225,2174.554506896335,1.289965601556387,8.076737E-5,17.28111,0.018815419,0.24144381,0.022729203,0.051125,0.034883637,0.04483998,0.02144039,0.6595968,0.07967048,0.054386526,0.0602234,0.4946665,0.46707827,null,null,null,null,"TWOGAUSSIANS",8,16.35302,0.6595968,0.07967048,0.30456457,0.13637502,0.4946664,0.46917143,0.24144381,0.022825092,0.2863,0.16359404,0.044839904,0.01905375
375316653866487564,4263143448099084672,0.5228748,2244.71365899376,0.02656150460271557,2.2602479E-5,18.781641,0.008104017,null,null,null,null,null,null,null,null,null,null,null,null,0.26446974,0.008090332,0.2719232,0.00546444,"ELLIPSOIDAL",4,4.6815414,null,null,null,null,null,null,null,null,null,null,null,null
375316653866487564,4263144719403939968,0.69608706,2200.263919533822,0.642791649711143,3.157715E-6,14.407094,0.0022418527,0.7455478,5.2525976E-4,0.054395195,9.872001E-4,0.2112297,0.00526084,null,null,null,null,null,null,0.066008106,0.0025952812,0.7455478,5.2525976E-4,"ONEGAUSSIAN_WITH_ELLIPSOIDAL",6,11.059695,0.7455478,5.2525976E-4,0.30461308,0.0055283206,0.34324047,0.0034052038,null,null,null,null,null,null
375316653866487564,4263145264830213376,0.6295685,2154.0383717641917,2.548643379670562,1.0270007E-5,18.033897,0.0060578766,0.16942793,0.0068749394,0.07904672,0.0064576296,0.3843072,0.031590827,0.65643126,0.006259004,0.07816672,0.0061969548,0.34039444,0.024561862,null,null,null,null,"TWOGAUSSIANS",8,1.8861495,0.16942793,0.0068749394,0.4,0.0,0.38078067,0.032461237,0.65643126,0.006259004,0.4,0.0,0.33686787,0.024844015
375316653866487564,4263145299191916416,0.4791372,2118.3810029698143,2.386863197679163,7.341501E-5,17.75512,0.033294473,0.22521983,0.013552307,0.077899605,0.011720363,0.19204205,0.031387553,0.65039355,0.060045958,0.1261467,0.057785865,0.2109913,0.052747954,null,null,null,null,"TWOGAUSSIANS",8,22.515776,0.65039355,0.060045958,0.4,0.0,0.20352632,0.061272126,0.22582982,0.0070596044,0.4,0.0,0.18530956,0.01949734
375316653866487564,4263145917665537280,0.49946144,2197.6344626545674,0.07722412899841187,7.841694E-5,17.702915,0.0095901545,0.63380456,0.04272027,0.06381834,0.03529407,0.07694074,0.01390402,0.9678059,0.01909305,0.024209255,0.011816617,0.018890936,0.0108676115,null,null,null,null,"TWOGAUSSIANS",8,2.8778503,0.63380456,0.04272027,0.35738274,0.07015296,0.07694074,0.013903359,0.9678059,0.01909305,0.13557182,0.066173054,0.018891023,0.010906554
375316653866487564,4263147193305406592,0.55607796,2164.663490124158,3.324577462856595,8.85013E-6,18.498215,0.011539153,0.259105,8.48024E-5,0.022445494,7.5645215E-4,0.788088,0.005383195,0.7293096,1.3094151E-5,0.007018255,9.682537E-5,5.154567,0.18713763,null,null,null,null,"TWOGAUSSIANS",8,20.02842,0.7293096,1.3094151E-5,0.039302226,5.4222206E-4,5.154567,0.18713763,0.259105,8.48024E-5,0.12569477,0.004236132,0.788088,0.005383195
