Gaia/vari_eclipsing_binary/VariEclipsingBinary_461633-461658.csv
# %ECSV 1.0
# ---
# delimiter: ','
# meta: !!omap
# - RELEASE: Gaia DR3
# - TABLE: vari_eclipsing_binary
# - DESCRIPTION: >
#     This table describes the properties of the eclipsing binaries resulting from the variability analysis. 
# - CITATION: >
#     How to cite and acknowledge Gaia: 
#     https://gea.esac.esa.int/archive/documentation/credits.html 
# - KNOWN_ISSUES: >
#     Known issues: 
#     https://www.cosmos.esa.int/web/gaia-users/known-issues 
# - DOCUMENTATION: >
#     Tutorials and documentation: 
#     https://www.cosmos.esa.int/web/gaia-users/archive 
# datatype:
# - 
#   name: solution_id
#   datatype: int64
#   description: Solution Identifier
#   meta:
#     ucd: meta.version
# - 
#   name: source_id
#   datatype: int64
#   description: Unique source identifier
#   meta:
#     ucd: meta.id;meta.main
# - 
#   name: global_ranking
#   datatype: float32
#   description: Number between 0 (worst) and 1 (best)
#   meta:
#     ucd: stat.param
# - 
#   name: reference_time
#   datatype: float64
#   unit: d
#   description: Reference time used for the geometric model fit
#   meta:
#     ucd: time.epoch
# - 
#   name: frequency
#   datatype: float64
#   unit: d**-1
#   description: Frequency of geometric model of the eclipsing binary light curve
#   meta:
#     ucd: src.orbital
# - 
#   name: frequency_error
#   datatype: float32
#   unit: d**-1
#   description: "Uncertainty of \\texttt{frequency}"
#   meta:
#     ucd: stat.error
# - 
#   name: geom_model_reference_level
#   datatype: float32
#   unit: mag
#   description: Magnitude reference level of geometric model
#   meta:
#     ucd: phot.mag;em.opt
# - 
#   name: geom_model_reference_level_error
#   datatype: float32
#   unit: mag
#   description: "Uncertainty of \\texttt{geomModelReferenceLevel}"
#   meta:
#     ucd: stat.error;phot.mag;em.opt
# - 
#   name: geom_model_gaussian1_phase
#   datatype: float32
#   description: Phase of the Gaussian 1 component
#   meta:
#     ucd: time.phase
# - 
#   name: geom_model_gaussian1_phase_error
#   datatype: float32
#   description: "Uncertainty of \\texttt{geomModelGaussian1Phase}"
#   meta:
#     ucd: stat.error;time.phase
# - 
#   name: geom_model_gaussian1_sigma
#   datatype: float32
#   description: "Standard deviation [phase] of Gaussian 1 component"
#   meta:
#     ucd: stat.stdev
# - 
#   name: geom_model_gaussian1_sigma_error
#   datatype: float32
#   description: "Uncertainty of \\texttt{geomModelGaussian1Sigma}"
#   meta:
#     ucd: stat.error
# - 
#   name: geom_model_gaussian1_depth
#   datatype: float32
#   unit: mag
#   description: Magnitude depth of Gaussian 1 component
#   meta:
#     ucd: src.var.amplitude
# - 
#   name: geom_model_gaussian1_depth_error
#   datatype: float32
#   unit: mag
#   description: "Uncertainty of \\texttt{geomModelGaussian1Depth}"
#   meta:
#     ucd: stat.error;src.var.amplitude
# - 
#   name: geom_model_gaussian2_phase
#   datatype: float32
#   description: Phase of Gaussian 2 component
#   meta:
#     ucd: time.phase
# - 
#   name: geom_model_gaussian2_phase_error
#   datatype: float32
#   description: "Uncertainty of \\texttt{geomModelGaussian2Phase}"
#   meta:
#     ucd: stat.error;time.phase
# - 
#   name: geom_model_gaussian2_sigma
#   datatype: float32
[...]
#   datatype: float32
#   description: "Secondary eclipse: uncertainty of \\texttt{derivedSecondaryEclDuration}"
#   meta:
#     ucd: stat.error;time.duration
# - 
#   name: derived_secondary_ecl_depth
#   datatype: float32
#   unit: mag
#   description: "Secondary eclipse: depth"
#   meta:
#     ucd: src.var.amplitude
# - 
#   name: derived_secondary_ecl_depth_error
#   datatype: float32
#   unit: mag
#   description: "Secondary eclipse: uncertainty of \\texttt{derivedSecondaryEclDepth}"
#   meta:
#     ucd: stat.error;src.var.amplitude
solution_id,source_id,global_ranking,reference_time,frequency,frequency_error,geom_model_reference_level,geom_model_reference_level_error,geom_model_gaussian1_phase,geom_model_gaussian1_phase_error,geom_model_gaussian1_sigma,geom_model_gaussian1_sigma_error,geom_model_gaussian1_depth,geom_model_gaussian1_depth_error,geom_model_gaussian2_phase,geom_model_gaussian2_phase_error,geom_model_gaussian2_sigma,geom_model_gaussian2_sigma_error,geom_model_gaussian2_depth,geom_model_gaussian2_depth_error,geom_model_cosine_half_period_amplitude,geom_model_cosine_half_period_amplitude_error,geom_model_cosine_half_period_phase,geom_model_cosine_half_period_phase_error,model_type,num_model_parameters,reduced_chi2,derived_primary_ecl_phase,derived_primary_ecl_phase_error,derived_primary_ecl_duration,derived_primary_ecl_duration_error,derived_primary_ecl_depth,derived_primary_ecl_depth_error,derived_secondary_ecl_phase,derived_secondary_ecl_phase_error,derived_secondary_ecl_duration,derived_secondary_ecl_duration_error,derived_secondary_ecl_depth,derived_secondary_ecl_depth_error
[from data line 326]
375316653866487564,4060695079358354816,0.45645845,2533.307115547946,2.441028647273426,2.8134318E-5,19.626328,0.008442941,0.21367702,0.007477722,0.02706075,0.004833058,0.2078313,0.031481907,0.71386325,0.020628922,0.06423271,0.015125944,0.42478484,0.20879409,null,null,null,null,"TWOGAUSSIANS",8,2.786659,0.71386325,0.020628922,0.35970315,0.065530345,0.42478463,0.20879474,0.21367702,0.007477722,0.1515402,0.027065124,0.2078311,0.03148192
375316653866487564,4060695178121232128,0.430445,2477.0310595647657,2.1423992903841924,6.375343E-5,18.56035,0.015503919,0.13786899,0.006432176,0.009363809,0.00640062,0.46187797,0.06051753,0.7353367,0.016690195,0.02269322,0.016020559,0.1947451,0.5434836,null,null,null,null,"TWOGAUSSIANS",8,8.428019,0.13786899,0.006432176,0.05243733,0.035843473,0.46187797,0.06051753,0.7353367,0.016690195,0.12708203,0.08971513,0.1947451,0.5434836
375316653866487564,4060695319877411712,0.42425582,2496.5390622346304,1.1492954111701335,2.2100667E-5,19.708958,0.010360267,0.20645586,0.007447228,0.10323996,0.01613661,0.4344201,0.13528304,0.48997518,0.0055681486,0.018940305,0.003036362,0.13985798,0.009987073,null,null,null,null,"TWOGAUSSIANS",8,4.350996,0.20645586,0.007447228,0.4,0.0,0.4344131,0.13530764,0.48997518,0.0055681486,0.106065705,0.017003627,0.14985672,0.011012608
375316653866487564,4060695354237045760,0.4594331,2476.241986555733,0.5747292887007561,2.7003822E-5,19.738977,0.0060498943,0.24640425,0.0058975355,0.021343797,0.019234234,0.1920573,0.1078419,0.78339535,0.013865132,0.046473328,0.008127395,0.24414936,0.076638915,null,null,null,null,"TWOGAUSSIANS",8,1.725291,0.78339535,0.013865132,0.26025063,0.04551341,0.24414936,0.076638915,0.24640425,0.0058975355,0.11952526,0.10771171,0.1920573,0.10784191
375316653866487564,4060695354237141760,0.45027104,2515.138261218917,0.22097973658436879,2.9245077E-5,19.383661,0.0129205985,0.4662123,0.03057165,0.084249295,0.029382959,0.18385233,0.046842642,0.92854017,0.0012509025,0.016675273,0.0014129549,0.34415263,0.03192233,null,null,null,null,"TWOGAUSSIANS",8,3.9682689,0.92854017,0.0012509025,0.09338153,0.007912547,0.34415245,0.031923216,0.4662123,0.03057165,0.4,0.0,0.1838521,0.04686619
375316653866487564,4060695354237197824,0.43718976,2498.122962609328,0.569412302515733,3.1146912E-5,19.47341,0.0154067725,0.25805676,9.040363E-4,0.03732982,0.0019142498,0.7963854,0.050433435,0.71998066,0.009027866,0.042803813,0.0074858936,0.448814,0.115830265,null,null,null,null,"TWOGAUSSIANS",8,5.3925977,0.25805676,9.040363E-4,0.20904697,0.010719799,0.7963854,0.050433435,0.71998066,0.009027866,0.23970135,0.041921005,0.448814,0.115830265
375316653866487564,4060695354261182848,0.42930174,2478.746502491265,2.4282134318772934,2.0227737E-5,19.18068,0.011033488,0.3609171,0.008398612,0.056615256,0.006097363,0.31027043,0.03744297,0.8256371,0.0011770228,0.030855447,0.0040907073,0.26043063,0.029119667,null,null,null,null,"TWOGAUSSIANS",8,4.4487414,0.3609171,0.008398612,0.31704545,0.034145232,0.31027043,0.037442975,0.8256371,0.0011770228,0.1727905,0.022907961,0.26043063,0.029119672
375316653866487564,4060695556078324480,0.43944523,2472.43151695664,2.1382008487348183,5.179013E-5,19.860447,0.015419232,0.21997087,0.07328059,0.09266176,0.05409835,0.1920387,0.08537567,0.7831796,0.013076737,0.05700549,0.009418053,0.4422577,0.15513147,null,null,null,null,"TWOGAUSSIANS",8,3.8069072,0.7831796,0.013076737,0.31923077,0.052741095,0.44183558,0.1553139,0.21997087,0.07328059,0.4,0.16628756,0.19161369,0.08519701
375316653866487564,4060695560396290560,0.43676928,2459.4907547894863,4.265564513739508,5.379256E-5,19.086185,0.01151991,0.29505146,0.013182878,0.045564674,0.035383597,0.12286279,0.045357496,0.7631877,0.013227262,0.0688818,0.019618757,0.329282,0.36434683,null,null,null,null,"TWOGAUSSIANS",8,4.332083,0.7631877,0.013227262,0.3857381,0.10930129,0.3292731,0.3643802,0.29505146,0.013182878,0.25516218,0.19549674,0.122853905,0.045687553
375316653866487564,4060695697835516288,0.50780135,2435.2170316966344,1.7323993039857368,1.704548E-5,19.283556,0.014052656,0.25881,0.0034244473,0.07191259,0.00859921,0.47556642,0.035587378,0.7653759,0.007947655,0.08160242,0.008167078,0.42750883,0.030023523,null,null,null,null,"TWOGAUSSIANS",8,5.385477,0.25881,0.0034244473,0.4,0.017099455,0.47169268,0.038119182,0.7653759,0.007947655,0.4,0.0,0.42363507,0.029865894
375316653866487564,4060696140182466176,0.49071288,2406.887290633446,0.07981881273253782,1.686398E-6,17.296696,0.0018244829,0.29339185,0.0010203094,0.005764872,0.001290951,0.032643516,0.004216473,0.66663855,6.6063412E-6,0.0023501215,4.8285845E-5,0.23074906,0.0036702224,null,null,null,null,"TWOGAUSSIANS",8,3.890069,0.66663855,6.6063412E-6,0.01316068,2.7040072E-4,0.23074906,0.0036702224,0.29339185,0.0010203094,0.03228328,0.007229326,0.032643516,0.004216473
375316653866487564,4060696140182869760,0.54507047,2423.341321766143,0.4665963391571848,9.5483865E-6,18.236832,0.015936272,0.61143196,0.11758719,0.16742848,0.22071259,0.017311959,0.013941441,0.77220446,0.0025788436,0.026927263,0.0027929135,0.5239997,0.039480947,null,null,null,null,"TWOGAUSSIANS",8,6.3982296,0.77220446,0.0025788436,0.15079267,0.015640315,0.53451645,0.045558214,0.61143196,0.19263498,0.4,0.107696675,0.016911285,0.50439286
375316653866487564,4060696281951297152,0.44590122,2472.9084774726734,4.0026826558238815,6.9845846E-5,18.40695,0.009588025,0.14933904,0.0010879912,0.031658392,0.002451946,0.5652741,0.02651065,0.519406,0.050079666,0.047622595,0.020843659,0.43993062,0.5430465,null,null,null,null,"TWOGAUSSIANS",8,5.6689134,0.14933904,0.0010879912,0.17728698,0.013730898,0.5652741,0.02651065,0.519406,0.050079666,0.26668653,0.11672449,0.43993062,0.5430465
375316653866487564,4060696419390319616,0.51943845,2453.6064967728394,2.9218916565518933,1.2209692E-5,19.535955,0.11663825,0.21129069,0.0047994573,0.09969374,0.022366522,0.42109296,0.10574921,0.7052276,0.009350582,0.10696252,0.034719735,0.45095244,0.07806976,null,null,null,null,"TWOGAUSSIANS",8,2.5904782,0.7052276,0.009350582,0.4,0.0,0.40746698,0.046739385,0.21129069,0.004802685,0.4,0.0,0.3776212,0.04266532
375316653866487564,4060696655579662592,0.43188992,2495.3919803358394,0.3371397446152568,7.855281E-6,19.239492,0.010301799,0.4751386,0.009422453,0.029658843,0.025668038,0.18216737,1.7786168,0.94971126,0.0021871403,0.019994145,0.0029179219,0.45362246,0.12512407,null,null,null,null,"TWOGAUSSIANS",8,4.3215675,0.94971126,0.0021871403,0.11196721,0.016340362,0.45362246,0.12512407,0.4751386,0.009422453,0.16608952,0.14374101,0.18216737,1.7786168
375316653866487564,4060696694266047104,0.43975288,2501.9576544168635,0.9008449130533789,1.29233995E-5,19.736229,0.021295357,0.34606966,0.0065646716,0.06330215,0.0068064975,0.32263964,0.04322994,0.64353424,0.010913492,0.012137883,0.0049671554,0.53851813,0.9224508,null,null,null,null,"TWOGAUSSIANS",8,4.358629,0.64353424,0.010913492,0.067972146,0.02781607,0.5385233,0.92244697,0.34606966,0.0065646716,0.35449207,0.038116388,0.32263964,0.04322994
375316653866487564,4060696866094461568,0.5181689,2428.2589086631215,3.048973441330473,2.6170985E-5,19.657133,0.045003105,0.2474082,0.0074887327,0.0861242,0.012248036,0.4782459,0.046394948,0.74359363,0.008691419,0.10948005,0.016850928,0.34371078,0.046458658,null,null,null,null,"TWOGAUSSIANS",8,2.8169203,0.2474082,0.007494416,0.4,0.0,0.4498447,0.025199754,0.74359363,0.008691419,0.4,0.0,0.31528905,0.02999213
375316653866487564,4060697518924728960,0.6274065,2370.3829744649415,1.8510650320714603,7.345593E-6,9.8885145,0.01993169,0.17011885,0.007984064,0.06261708,0.015758047,0.17222592,0.03803898,0.6757203,0.004775979,0.041736413,0.011041202,0.17349741,0.044151466,0.113360226,0.023885338,0.6757203,0.004775979,"TWOGAUSSIANS_WITH_ELLIPSOIDAL_ON_ECLIPSE2",9,165.88562,0.6757203,0.004775979,0.23372392,0.061830733,0.4001748,0.007314327,0.17173885,0.004971823,0.35065562,0.08708998,0.3987038,0.0117093045
375316653866487564,4060697793779416192,0.45513347,2474.7894164307836,0.558073744694877,3.0891362E-5,18.074846,0.009316247,0.25821838,0.019604638,0.031230515,0.046121057,0.22036067,0.15992995,0.74696374,0.007856842,0.027796788,0.0039476296,0.2221809,0.04057531,null,null,null,null,"TWOGAUSSIANS",8,4.738481,0.74696374,0.007856842,0.15566202,0.022106726,0.2221809,0.04057534,0.25821838,0.019604638,0.17489088,0.21976516,0.22036067,0.15993288
375316653866487564,4060697828138884608,0.4435817,2471.7879076014783,0.5742374754723527,2.2634269E-5,19.549236,0.008408698,0.25817582,0.0074428613,0.04585571,0.008422903,0.25328633,0.11380814,0.683504,0.023506433,0.019752515,0.015803171,0.2222597,3.45162,null,null,null,null,"TWOGAUSSIANS",8,2.69178,0.25817582,0.0074428613,0.25679195,0.047168255,0.25328633,0.11380814,0.683504,0.023506433,0.11061409,0.08849776,0.2222597,3.45162
375316653866487564,4060697961260242944,0.43543512,2466.753462140469,0.673721106150586,1.8576266E-5,19.60362,0.04437683,0.122986175,0.035579752,0.03762167,0.100983985,0.33356148,0.2058032,0.61726177,0.0039231814,0.04499693,0.0129084755,0.74199426,0.43394935,null,null,null,null,"TWOGAUSSIANS",8,2.8329844,0.61726177,0.0039231814,0.25198278,0.07228746,0.74199426,0.4374361,0.122986175,0.035579752,0.21068136,0.20033187,0.33356148,0.21317248
375316653866487564,4060697965578591872,0.4699723,2409.3252297948834,2.701279213621118,3.234141E-5,19.258387,0.01981159,0.23775719,0.007462845,0.09387384,0.0162491,0.22056742,0.022913286,0.7513345,0.0052954103,0.08599321,0.021606198,0.15849258,0.023881935,null,null,null,null,"TWOGAUSSIANS",8,3.3294287,0.23775719,0.007462845,0.4,0.0,0.21418855,0.02136542,0.7513345,0.0052954103,0.4,0.0,0.15211408,0.02837889
375316653866487564,4060697965578806912,0.475679,2376.7559399569514,3.693596021635517,9.9011295E-6,18.618372,0.0091134105,0.22507697,0.031288195,0.023515623,0.045975525,0.0912956,0.06413921,0.5124532,0.0023196964,0.008746245,0.002046459,0.73824596,0.416469,null,null,null,null,"TWOGAUSSIANS",8,8.444012,0.5124532,0.0023196964,0.04897897,0.011460169,0.73824596,0.4164682,0.22507697,0.031288195,0.13168749,0.25746292,0.0912956,0.06413921
375316653866487564,4060697995608430720,0.44176432,2498.194379124607,0.5406504911318136,4.1348172E-5,18.818813,0.0060303328,0.14047456,0.009303112,0.017130086,0.010015194,0.14822488,0.0780166,0.6680926,0.004615051,0.010571289,0.0067296433,0.2762743,0.16676526,null,null,null,null,"TWOGAUSSIANS",8,3.0663812,0.6680926,0.004615051,0.059199218,0.037686,0.2762743,0.16676526,0.14047456,0.009303112,0.09592849,0.056085087,0.14822488,0.0780166
375316653866487564,4060698068657880448,0.43173513,2501.4779018947247,2.6619134144935246,5.0031635E-5,19.637865,0.04420536,0.33932745,0.024019336,0.1312437,0.05149596,0.22053914,0.042095978,0.7751781,0.013429724,0.03144047,0.0091559,0.37083605,0.15956424,null,null,null,null,"TWOGAUSSIANS",8,4.162552,0.7751781,0.013429724,0.17606662,0.051273044,0.37076932,0.15961735,0.33932745,0.024019336,0.4,0.0,0.21956246,0.04268391
375316653866487564,4060701191080182656,0.5926636,2477.2845154336474,1.3521918332046154,1.7656837E-4,18.259544,0.008121441,0.32502848,0.03447034,0.08749573,0.06925163,0.021389982,0.0078053153,0.5863627,9.941211E-4,0.036581546,0.0035567717,0.4770137,0.026942287,null,null,null,null,"TWOGAUSSIANS",8,2.1883152,0.5863627,9.941211E-4,0.20485665,0.01991792,0.4772609,0.028759241,0.32502848,0.03447034,0.4,0.12349454,0.021389978,0.0078050774
375316653866487564,4060701775174021376,0.51807827,2362.379817401574,0.08556214238136352,1.035936E-6,17.728039,0.0040653786,0.25233316,9.635624E-6,0.0024866005,5.61993E-4,0.0931491,0.055448256,0.81346256,7.402878E-6,0.014622114,1.8272495E-4,1.6105181,0.0465638,null,null,null,null,"TWOGAUSSIANS",8,7.4773035,0.81346256,7.402878E-6,0.08188383,0.0010232597,1.6105181,0.0465638,0.25233316,9.635624E-6,0.013924963,0.0031471606,0.0931491,0.055448256
375316653866487564,4060702634167487104,0.53463733,2388.296289370262,0.3909376458210738,1.0448461E-5,16.561646,0.0010821281,0.19803843,0.002125018,0.028305631,0.0015776074,0.15785101,0.01513065,0.69405216,0.011055605,0.025250135,0.0031226545,0.24273463,0.114347294,null,null,null,null,"TWOGAUSSIANS",8,2.763823,0.69405216,0.011055605,0.14140075,0.017486865,0.24273463,0.114347294,0.19803843,0.002125018,0.15851153,0.008834601,0.15785101,0.01513065
375316653866487564,4060704145998375552,0.5884885,2436.408880485925,2.598598720634149,8.9572795E-6,17.784033,0.061700676,0.22536734,0.004932476,0.05570938,0.019682549,0.36953193,0.10093408,0.73401445,0.006478162,0.042752616,0.015752021,0.29423836,0.12416296,0.14951915,0.064608574,0.22536734,0.004932476,"TWOGAUSSIANS_WITH_ELLIPSOIDAL_ON_ECLIPSE1",9,15.044293,0.22536734,0.004932476,0.31197253,0.11022227,0.66855454,0.04209934,0.73401445,0.006478162,0.23941465,0.08821132,0.59237915,0.04185867
375316653866487564,4060707689379928576,0.5282993,2357.2527584739196,1.2319925202978956,1.2687113E-5,12.93432,0.0077814357,0.25573024,0.004140045,0.10622502,0.0141599495,0.051664513,0.007558766,0.7467867,0.006134496,0.09931455,0.013630271,0.09034918,0.006665336,null,null,null,null,"TWOGAUSSIANS",8,41.54243,0.7467867,0.006134496,0.4,0.0,0.08410265,0.004673818,0.25573024,0.004139653,0.4,0.0,0.045416888,0.003519542
375316653866487564,4060709029409772672,0.43882087,2370.3113667884572,1.7510264025981261,1.6803275E-5,15.873347,0.010817511,0.20643824,0.0067696758,0.048197392,0.059742518,0.07053213,0.07263824,0.70974696,0.0066858414,0.046025228,0.011600856,0.1348787,0.03145054,0.07185835,0.023346623,0.20643824,0.0067696758,"TWOGAUSSIANS_WITH_ELLIPSOIDAL_ON_ECLIPSE1",9,122.45282,0.70974696,0.006557351,0.25774127,0.06496479,0.27853313,0.018942446,0.20643824,0.0067696758,0.2699054,0.14571266,0.21424869,0.047687706
375316653866487564,4060711602059310080,0.5292299,2401.812419995676,2.847511109414127,1.8083743E-5,18.157122,0.009264188,0.27565858,0.005566117,0.07969505,0.008452008,0.30918998,0.031005217,0.78266215,0.0047039697,0.08538002,0.00795004,0.25357348,0.012668681,null,null,null,null,"TWOGAUSSIANS",8,6.206912,0.27565858,0.005566117,0.4,0.0,0.3042057,0.032991808,0.78266215,0.0047039697,0.4,0.0,0.24858917,0.012814028
375316653866487564,4060712053030179200,0.46481365,2416.464830622149,2.9273594480562317,2.4658584E-5,18.537811,0.022801843,0.17432721,0.006126652,0.10916122,0.017649744,0.16985707,0.020725101,0.6959439,0.004361436,0.08433746,0.014689469,0.19141649,0.018821033,null,null,null,null,"TWOGAUSSIANS",8,3.9111285,0.69595385,0.0043583647,0.4,0.0,0.18207586,0.017373754,0.17432721,0.006126652,0.4,0.0,0.16050312,0.01107862
375316653866487564,4060712392335710976,0.54742384,2394.396847846184,3.717282537665718,1.2463749E-5,18.334938,0.010904909,0.16721281,0.0035284567,0.08227554,0.0053457962,0.29220212,0.01819676,0.6829822,0.0030909455,0.07881648,0.0045420113,0.32707182,0.015142399,null,null,null,null,"TWOGAUSSIANS",8,4.252961,0.6829822,0.0030909455,0.4,0.0,0.3234035,0.014913881,0.16721281,0.0035284567,0.4,0.0,0.2885338,0.018183712
375316653866487564,4060712602822579840,0.539657,2374.761910532741,2.3116923382664862,1.0340236E-5,17.134893,0.0391285,0.33654085,0.006197264,0.099799775,0.011344793,0.43477952,0.04302659,0.84075993,0.0042709503,0.09199981,0.011294897,0.45456222,0.030975709,null,null,null,null,"TWOGAUSSIANS",8,39.71231,0.84075993,0.0042709503,0.4,0.0,0.42655167,0.023780927,0.33654085,0.006197264,0.4,0.0,0.4067662,0.030298183
