Gaia/vari_eclipsing_binary/VariEclipsingBinary_334877-335112.csv
# %ECSV 1.0
# ---
# delimiter: ','
# meta: !!omap
# - RELEASE: Gaia DR3
# - TABLE: vari_eclipsing_binary
# - DESCRIPTION: >
#     This table describes the properties of the eclipsing binaries resulting from the variability analysis. 
# - CITATION: >
#     How to cite and acknowledge Gaia: 
#     https://gea.esac.esa.int/archive/documentation/credits.html 
# - KNOWN_ISSUES: >
#     Known issues: 
#     https://www.cosmos.esa.int/web/gaia-users/known-issues 
# - DOCUMENTATION: >
#     Tutorials and documentation: 
#     https://www.cosmos.esa.int/web/gaia-users/archive 
# datatype:
# - 
#   name: solution_id
#   datatype: int64
#   description: Solution Identifier
#   meta:
#     ucd: meta.version
# - 
#   name: source_id
#   datatype: int64
#   description: Unique source identifier
#   meta:
#     ucd: meta.id;meta.main
# - 
#   name: global_ranking
#   datatype: float32
#   description: Number between 0 (worst) and 1 (best)
#   meta:
#     ucd: stat.param
# - 
#   name: reference_time
#   datatype: float64
#   unit: d
#   description: Reference time used for the geometric model fit
#   meta:
#     ucd: time.epoch
# - 
#   name: frequency
#   datatype: float64
#   unit: d**-1
#   description: Frequency of geometric model of the eclipsing binary light curve
#   meta:
#     ucd: src.orbital
# - 
#   name: frequency_error
#   datatype: float32
#   unit: d**-1
#   description: "Uncertainty of \\texttt{frequency}"
#   meta:
#     ucd: stat.error
# - 
#   name: geom_model_reference_level
#   datatype: float32
#   unit: mag
#   description: Magnitude reference level of geometric model
#   meta:
#     ucd: phot.mag;em.opt
# - 
#   name: geom_model_reference_level_error
#   datatype: float32
#   unit: mag
#   description: "Uncertainty of \\texttt{geomModelReferenceLevel}"
#   meta:
#     ucd: stat.error;phot.mag;em.opt
# - 
#   name: geom_model_gaussian1_phase
#   datatype: float32
#   description: Phase of the Gaussian 1 component
#   meta:
#     ucd: time.phase
# - 
#   name: geom_model_gaussian1_phase_error
#   datatype: float32
#   description: "Uncertainty of \\texttt{geomModelGaussian1Phase}"
#   meta:
#     ucd: stat.error;time.phase
# - 
#   name: geom_model_gaussian1_sigma
#   datatype: float32
#   description: "Standard deviation [phase] of Gaussian 1 component"
#   meta:
#     ucd: stat.stdev
# - 
#   name: geom_model_gaussian1_sigma_error
#   datatype: float32
#   description: "Uncertainty of \\texttt{geomModelGaussian1Sigma}"
#   meta:
#     ucd: stat.error
# - 
#   name: geom_model_gaussian1_depth
#   datatype: float32
#   unit: mag
#   description: Magnitude depth of Gaussian 1 component
#   meta:
#     ucd: src.var.amplitude
# - 
#   name: geom_model_gaussian1_depth_error
#   datatype: float32
#   unit: mag
#   description: "Uncertainty of \\texttt{geomModelGaussian1Depth}"
#   meta:
#     ucd: stat.error;src.var.amplitude
# - 
#   name: geom_model_gaussian2_phase
#   datatype: float32
#   description: Phase of Gaussian 2 component
#   meta:
#     ucd: time.phase
# - 
#   name: geom_model_gaussian2_phase_error
#   datatype: float32
#   description: "Uncertainty of \\texttt{geomModelGaussian2Phase}"
#   meta:
#     ucd: stat.error;time.phase
# - 
#   name: geom_model_gaussian2_sigma
#   datatype: float32
[...]
#   datatype: float32
#   description: "Secondary eclipse: uncertainty of \\texttt{derivedSecondaryEclDuration}"
#   meta:
#     ucd: stat.error;time.duration
# - 
#   name: derived_secondary_ecl_depth
#   datatype: float32
#   unit: mag
#   description: "Secondary eclipse: depth"
#   meta:
#     ucd: src.var.amplitude
# - 
#   name: derived_secondary_ecl_depth_error
#   datatype: float32
#   unit: mag
#   description: "Secondary eclipse: uncertainty of \\texttt{derivedSecondaryEclDepth}"
#   meta:
#     ucd: stat.error;src.var.amplitude
solution_id,source_id,global_ranking,reference_time,frequency,frequency_error,geom_model_reference_level,geom_model_reference_level_error,geom_model_gaussian1_phase,geom_model_gaussian1_phase_error,geom_model_gaussian1_sigma,geom_model_gaussian1_sigma_error,geom_model_gaussian1_depth,geom_model_gaussian1_depth_error,geom_model_gaussian2_phase,geom_model_gaussian2_phase_error,geom_model_gaussian2_sigma,geom_model_gaussian2_sigma_error,geom_model_gaussian2_depth,geom_model_gaussian2_depth_error,geom_model_cosine_half_period_amplitude,geom_model_cosine_half_period_amplitude_error,geom_model_cosine_half_period_phase,geom_model_cosine_half_period_phase_error,model_type,num_model_parameters,reduced_chi2,derived_primary_ecl_phase,derived_primary_ecl_phase_error,derived_primary_ecl_duration,derived_primary_ecl_duration_error,derived_primary_ecl_depth,derived_primary_ecl_depth_error,derived_secondary_ecl_phase,derived_secondary_ecl_phase_error,derived_secondary_ecl_duration,derived_secondary_ecl_duration_error,derived_secondary_ecl_depth,derived_secondary_ecl_depth_error
[from data line 870]
375316653866487564,2947643515611176448,0.506748,2095.370096318782,1.0687222718858118,1.3706576E-5,13.589187,7.715448E-4,0.30157852,0.0024547477,0.05289438,0.004653527,0.055737715,0.002893707,0.80192465,0.013292018,0.04394432,0.009276765,0.017999152,0.002209751,null,null,null,null,"TWOGAUSSIANS",8,20.79717,0.30157852,0.0024547477,0.29620853,0.02605975,0.055737607,0.0028938297,0.80192465,0.013292018,0.2460882,0.05194989,0.017999047,0.0022097675
375316653866487564,2947644374602510720,0.45367593,2073.5975825685264,0.07448200551205172,2.7809272E-5,17.083115,0.002025682,0.28267598,0.00976194,0.12162825,0.010917521,0.039520726,0.002575901,0.6545804,0.0074743927,0.025302753,0.0067653167,0.032940064,0.0034702814,null,null,null,null,"TWOGAUSSIANS",8,2.5085337,0.28267598,0.00976194,0.4,0.0,0.03950373,0.0025702098,0.6545804,0.0074743927,0.14169541,0.037885774,0.033291757,0.003573977
375316653866487564,2947644473384038528,0.6236595,2067.5349183364287,2.0319585935221243,4.5220713E-6,17.695702,0.008613563,0.21123767,0.0013547936,0.06573191,0.007677487,0.06825893,0.018425953,0.7092765,9.692008E-4,0.054142315,0.0024590094,0.35752547,0.016404219,0.06960797,0.0098677315,0.21123767,0.0013547936,"TWOGAUSSIANS_WITH_ELLIPSOIDAL_ON_ECLIPSE1",9,2.859096,0.70943654,8.665547E-4,0.30319697,0.013770453,0.4966658,0.010286405,0.21123767,0.0013547936,0.3680987,0.04299393,0.20741865,0.0035624069
375316653866487564,2947645164876491264,0.64036113,2046.9779265538557,3.3573577048563896,2.410218E-6,16.175446,0.006523094,0.2466532,0.0011663202,0.041608162,0.0024649638,0.36499056,0.013886796,0.7480658,0.0010563254,0.043784924,0.001617272,0.5020075,0.019162754,0.12856667,0.009617273,0.2466532,0.0011663202,"TWOGAUSSIANS_WITH_ELLIPSOIDAL_ON_ECLIPSE1",9,42.66125,0.7480658,0.0010563254,0.24519557,0.009056724,0.7591202,0.015888257,0.2466532,0.0011663202,0.2330057,0.013803798,0.6221236,0.009407766
375316653866487564,2947646642345354752,0.48790124,2059.538091760314,0.19106072470350977,7.89926E-6,17.31208,8.4459106E-4,0.1575069,5.8949407E-4,0.012582488,7.7714876E-4,0.053529702,2.0625835E-4,0.6547007,0.0016501446,0.0105615975,0.0013521871,0.08014475,0.004340052,null,null,null,null,"TWOGAUSSIANS",8,1.8408858,0.6547007,0.0016501446,0.059144948,0.0075722476,0.08014475,0.004340052,0.1575069,5.8949407E-4,0.07046194,0.004352033,0.053529702,2.0625835E-4
375316653866487564,2947647089021928320,0.54943424,2054.6386608807265,0.11785036532255155,1.804274E-5,17.927906,0.0014552933,0.479643,0.021581199,0.02594157,0.011858417,0.19766696,0.088803515,0.8103824,0.0033178406,0.016226642,0.003065795,0.42687127,0.0804254,null,null,null,null,"TWOGAUSSIANS",8,3.2985654,0.8103824,0.0033178406,0.09086919,0.017168451,0.42687127,0.0804254,0.479643,0.021581199,0.14527279,0.06640714,0.19766696,0.088803515
375316653866487564,2947647192101134976,0.4865631,2024.617467435379,1.1628669159658083,2.8057397E-5,17.36056,0.0014134161,0.32803836,0.015651915,0.020870695,0.038441457,0.01476055,0.022627825,0.78868395,0.004533859,0.025085272,0.0060752584,0.15000883,0.03765509,null,null,null,null,"TWOGAUSSIANS",8,3.447028,0.78868395,0.004533859,0.14047752,0.03402145,0.15000883,0.03765509,0.32803836,0.015651915,0.116875894,0.21527216,0.01476055,0.022627825
375316653866487564,2947649489906233600,0.5439689,2071.9828372856628,0.7941488832018924,6.349344E-5,18.244738,0.0018566258,0.2219941,0.010635803,0.033530083,0.009448831,0.082539864,0.021952627,0.7432478,0.0032314311,0.020672156,0.0033407817,0.30629387,0.018381393,null,null,null,null,"TWOGAUSSIANS",8,1.7274325,0.7432478,0.0032314311,0.11576407,0.018708378,0.30629387,0.018381393,0.2219941,0.010635803,0.18776846,0.05291345,0.082539864,0.021952627
375316653866487564,2947650383259238784,0.55847263,2101.2695313378604,3.06380819411452,5.594088E-6,19.607214,0.007918091,0.21564211,0.0028066863,0.06621246,0.0026427412,0.60635567,0.01314518,0.7173246,0.003833848,0.07051745,0.0042383303,0.64711064,0.020099783,null,null,null,null,"TWOGAUSSIANS",8,1.875595,0.7173246,0.003833848,0.3948977,0.017533766,0.64561534,0.020344406,0.21564211,0.0028066863,0.37078977,0.014799351,0.6048603,0.012937352
375316653866487564,2947651448411222528,0.5371294,2083.6221750358,0.6882485503904167,5.5458704E-6,17.381544,0.0065922597,0.32598773,0.0130036445,0.014624663,0.009227685,0.5315302,0.1467397,0.82395726,9.495567E-4,0.015245308,0.0011547453,0.3801418,0.021408353,0.010465503,0.010053062,0.32598773,0.0130036445,"TWOGAUSSIANS_WITH_ELLIPSOIDAL_ON_ECLIPSE1",9,26.317226,0.32598773,0.0130036445,0.08189811,0.051675037,0.5524612,0.1350749,0.82395726,9.5121574E-4,0.08537373,0.006466574,0.40106937,0.018199816
375316653866487564,2947651723289221888,0.49246353,2063.7761614988967,1.0905700860735745,1.1611231E-5,19.500134,0.004764552,0.13661547,0.002626731,0.025619479,0.0013350679,0.46562704,0.031604517,0.6260236,0.004504277,0.03146333,0.0072489427,0.12790434,0.02452927,null,null,null,null,"TWOGAUSSIANS",8,2.4677536,0.13661547,0.002626731,0.14346908,0.00747638,0.46562704,0.031604517,0.6260236,0.004504277,0.17619464,0.04059408,0.12790434,0.02452927
375316653866487564,2947651865025409920,0.57336175,2082.242461010248,0.3467860752957917,7.645531E-6,16.572208,0.005850011,0.16886169,0.0022867755,0.04226893,0.005338647,0.11435838,0.012943978,0.678034,0.0050628157,0.03373064,0.0030770083,0.8664422,0.07191475,0.055111635,0.008406576,0.16886169,0.0022867755,"TWOGAUSSIANS_WITH_ELLIPSOIDAL_ON_ECLIPSE1",9,71.41432,0.678034,0.0050628157,0.18889157,0.017231246,0.97629976,0.07320102,0.16886169,0.0022867755,0.236706,0.029896423,0.22458164,0.0070742015
375316653866487564,2947652066886710400,0.611488,2079.2015597414975,4.179135349339813,2.498109E-6,17.918943,0.00391065,0.29242325,0.001032754,0.041309807,0.0019137816,0.26256126,0.0135373715,0.789713,0.0014023996,0.042684134,0.0024730512,0.20979369,0.010150149,0.1338499,0.006018848,0.29242325,0.001032754,"TWOGAUSSIANS_WITH_ELLIPSOIDAL_ON_ECLIPSE1",9,3.7788775,0.29242325,0.001032754,0.23133492,0.010717177,0.5302609,0.011050148,0.790133,0.0011655961,0.23903115,0.013849087,0.47742775,0.008097138
375316653866487564,2947653132038726528,0.5455598,2098.2922772371962,2.68461756271083,6.6114317E-6,15.014156,0.009870389,0.18261273,0.0030108204,0.09212872,0.0053903335,0.24948165,0.010086294,0.67822057,0.0018344482,0.09996253,0.005409789,0.25245902,0.008642623,null,null,null,null,"TWOGAUSSIANS",8,33.21885,0.67822057,0.0018344482,0.4,0.0,0.23649426,0.006475512,0.18261273,0.0030108204,0.4,0.0,0.23351859,0.007364808
375316653866487564,2947653132038729216,0.60037076,2073.4816429476614,3.216652736327409,4.3023224E-6,19.099298,0.010855414,0.26223737,9.6155785E-4,0.045738004,0.003082044,0.39716005,0.038574517,0.764518,0.0043505672,0.042075694,0.005263292,0.35651493,0.030317891,0.12851585,0.014207286,0.26223737,9.6155785E-4,"TWOGAUSSIANS_WITH_ELLIPSOIDAL_ON_ECLIPSE1",9,1.6804736,0.26223737,9.6155785E-4,0.25613284,0.017259445,0.65419114,0.036639195,0.764518,0.004183412,0.23562388,0.029474437,0.6134932,0.017778754
375316653866487564,2947653548652546432,0.6180662,2086.581817545844,0.5632967317488016,6.6215644E-6,17.872963,0.0013657731,0.26682672,0.0012276798,0.020293761,7.798457E-4,0.501178,0.010994461,0.769297,0.0024441604,0.023046728,0.002323907,0.25495917,0.012326705,null,null,null,null,"TWOGAUSSIANS",8,2.0613337,0.26682672,0.0012276798,0.11364506,0.004367136,0.501178,0.010994461,0.769297,0.0024441604,0.12906168,0.01301388,0.25495917,0.012326705
375316653866487564,2947656430573741824,0.6222836,2046.2056872601058,2.16057634475965,2.7225642E-6,17.971907,0.004295176,0.19642147,0.0012632388,0.046014763,0.004020949,0.11182089,0.011754429,0.69310164,0.0022439277,0.05459945,0.0026348238,0.17180644,0.00963967,0.089027494,0.005575791,0.19642147,0.0012632388,"TWOGAUSSIANS_WITH_ELLIPSOIDAL_ON_ECLIPSE1",9,1.6059122,0.69375163,0.0017194547,0.30575693,0.014755013,0.34979373,0.0037817382,0.19642147,0.0012632388,0.25768265,0.022517314,0.28987047,0.008797557
375316653866487564,2947656430573761408,0.54694164,2050.194992037391,0.8117895330274696,8.0266655E-6,18.427973,0.0044760555,0.29837698,0.0014208588,0.031626664,0.0026378713,0.59676003,0.13396464,0.800871,0.0021243219,0.038808092,0.002214229,0.3832788,0.016281575,0.03646586,0.007835681,0.29837698,0.0014208588,"TWOGAUSSIANS_WITH_ELLIPSOIDAL_ON_ECLIPSE1",9,5.1347685,0.29837698,0.0014208588,0.17710933,0.01477208,0.6696917,0.13899092,0.800871,0.0021243219,0.21732531,0.012399682,0.45619252,0.0159326
375316653866487564,2947657049049066368,0.51254666,2058.8296607275674,2.0495973130309606,2.5101539E-5,19.338541,0.004518919,0.26331905,0.0051954146,0.0468127,0.0047414755,0.32786846,0.027773675,0.4760576,0.0070629283,0.0120817,0.0071839103,0.055127185,0.016554689,0.009438307,0.006370453,0.26331905,0.0051954146,"TWOGAUSSIANS_WITH_ELLIPSOIDAL_ON_ECLIPSE1",9,2.600305,0.26331905,0.0051954146,0.2621511,0.026552262,0.3467448,0.027616525,0.4760576,0.0070629283,0.06765752,0.040229898,0.056153562,0.016768465
375316653866487564,2947659973923816064,0.512112,2056.548662671241,1.578051256429886,4.8256575E-6,18.019968,0.005643738,0.23990296,0.0014781168,0.043274086,0.001800229,0.40525895,0.019248739,0.7326063,0.014556688,0.031593785,0.013355733,0.03304352,0.018315315,0.01869617,0.007923744,0.23990296,0.0014781168,"TWOGAUSSIANS_WITH_ELLIPSOIDAL_ON_ECLIPSE1",9,15.21239,0.23990296,0.0014781168,0.24233487,0.010081283,0.44265127,0.017229239,0.7332063,0.013646485,0.1769252,0.0747921,0.0703637,0.015666306
375316653866487564,2947668563858226688,0.5382405,2059.7540947129646,2.4568631339244273,6.91591E-6,17.781628,0.017347327,0.23216909,0.0033294926,0.103508554,0.011935144,0.15639369,0.015277654,0.70924187,0.0031472645,0.109290525,0.009727751,0.23008467,0.015134809,null,null,null,null,"TWOGAUSSIANS",8,3.5118153,0.70924187,0.0031472645,0.4,0.0,0.21152173,0.005907191,0.2322091,0.003352815,0.4,0.0,0.13784571,0.007753806
375316653866487564,2947670174466976768,0.56347907,2036.0767568821775,3.673738215441805,5.569946E-6,19.591122,0.0054764496,0.24504784,0.0015423493,0.041925482,0.0023184929,0.36695996,0.02257184,0.74245226,0.0024128233,0.049922977,0.002899606,0.38176873,0.015420452,0.13066006,0.008551276,0.24504784,0.0015423493,"TWOGAUSSIANS_WITH_ELLIPSOIDAL_ON_ECLIPSE1",9,2.2546182,0.74276227,0.002085486,0.27956867,0.016237793,0.6430265,0.010566499,0.24504784,0.0015423493,0.23478271,0.012983561,0.628279,0.021694027
375316653866487564,2947671411417640064,0.52222484,2059.2264589042124,3.0751481303193358,7.3155306E-6,18.788527,0.008641491,0.27447164,0.0031937673,0.07911087,0.005211207,0.317477,0.011718815,0.76805496,0.002420909,0.08140587,0.0038098006,0.35141525,0.009957625,null,null,null,null,"TWOGAUSSIANS",8,4.6396775,0.76805496,0.002420909,0.4,0.0,0.3468056,0.009316553,0.27447164,0.0031937673,0.4,0.0,0.31286737,0.011766588
375316653866487564,2947672309069555840,0.55314803,2096.965797262772,0.6822018148680411,1.064819E-5,15.626772,0.0010110739,0.24053332,0.0025377977,0.057051282,0.0073479437,0.012202537,0.0022082173,null,null,null,null,null,null,0.03286951,0.0011866683,0.24053332,0.0025377977,"ONEGAUSSIAN_WITH_ELLIPSOIDAL",6,5.850942,0.24053332,0.0025377977,0.31948718,0.041148487,0.077940725,0.0015290225,null,null,null,null,null,null
375316653866487564,2947673026325237376,0.53287214,2070.379714076603,1.9571596588780953,1.100767E-5,18.346508,0.0017517522,0.17597269,3.2914276E-4,0.0045063514,4.7486997E-4,0.7890741,0.11098213,0.75898933,0.023994617,0.047448102,0.03484205,0.028433573,0.026064333,null,null,null,null,"TWOGAUSSIANS",8,2.2860086,0.17597269,3.2914276E-4,0.02523557,0.0026592717,0.7890741,0.11098213,0.75898933,0.023994617,0.26570937,0.19511549,0.028433573,0.026064333
375316653866487564,2947674851690259072,0.52692413,2061.0974886755453,2.98288686105768,1.3993231E-5,17.908308,0.016943201,0.2693308,0.005518895,0.09800158,0.008851971,0.36015508,0.015841972,0.77076656,0.0054915724,0.08351957,0.009545601,0.29666102,0.016182724,null,null,null,null,"TWOGAUSSIANS",8,16.921726,0.2693308,0.005518895,0.4,0.0,0.34568918,0.013870594,0.77076656,0.0054915724,0.4,0.0,0.28219673,0.009989838
375316653866487564,2947676737176404864,0.45584244,2089.7613715976486,0.031783833147236845,3.369823E-5,18.909275,0.01294465,0.22963089,0.011206528,0.12183616,0.017385764,0.17855021,0.012772941,0.5762948,0.044304237,0.06541314,0.010258456,0.12860958,0.052618273,null,null,null,null,"TWOGAUSSIANS",8,2.5931063,0.22963089,0.011202517,0.4,0.0,0.1778577,0.012553378,0.5762948,0.044304237,0.36631358,0.05744735,0.13103421,0.051881023
375316653866487564,2947677080773828608,0.45253158,2072.2719763210966,0.16653657900176655,3.432387E-5,17.664005,0.0033482693,0.13478187,0.012122383,0.007900908,0.023807168,0.05871673,0.04438045,0.42362082,0.012544783,0.016881246,0.008370625,0.31917384,0.25806415,null,null,null,null,"TWOGAUSSIANS",8,9.807554,0.42362082,0.012544783,0.094534986,0.0468755,0.31917384,0.25806415,0.13478187,0.012122383,0.044245083,0.13332014,0.05871673,0.04438045
375316653866487564,2947677355651756032,0.5725289,2058.7765440100557,0.20775119289143543,1.896331E-5,18.69853,0.0014702531,0.16987747,1.2908311E-5,0.009376276,4.12607E-5,0.6037437,3.8648545E-4,null,null,null,null,null,null,null,null,null,null,"ONEGAUSSIAN",5,1.1821039,0.16987747,1.2908311E-5,0.052507143,2.3105992E-4,0.6037437,0.0,null,null,null,null,null,null
375316653866487564,2947680619827024640,0.65621287,2133.188743585271,0.45356077198543054,1.0840758E-6,16.9362,8.182396E-4,0.24303626,5.842471E-4,0.024556784,0.0011536218,0.39826956,0.033206917,0.74336576,2.7502593E-4,0.025860166,3.102798E-4,0.4421949,0.0068845726,0.0053741233,0.001166045,0.24303626,5.842471E-4,"TWOGAUSSIANS_WITH_ELLIPSOIDAL_ON_ECLIPSE1",9,2.3763251,0.74336576,2.7502593E-4,0.14481694,0.001737567,0.45294312,0.0069880304,0.24303626,5.842471E-4,0.13751799,0.0064602825,0.40901783,0.034030396
375316653866487564,2947681620561540352,0.5415158,2125.4397881688274,3.840164718213774,1.0390572E-5,18.774595,0.018056037,0.2456051,0.00267388,0.05225735,0.0057140263,0.2955632,0.044883873,0.7555322,0.006151695,0.055212587,0.00793316,0.2800065,0.044687863,0.09420707,0.023320964,0.2456051,0.00267388,"TWOGAUSSIANS_WITH_ELLIPSOIDAL_ON_ECLIPSE1",9,6.210713,0.2456051,0.00267388,0.29264116,0.031998545,0.48396978,0.02536042,0.7555322,0.006151695,0.30919048,0.0444257,0.467681,0.023408705
375316653866487564,2947682101596165632,0.48059654,2105.264369391047,3.1917048491223765,1.8762645E-5,17.948732,0.0024074847,null,null,null,null,null,null,null,null,null,null,null,null,0.056933254,0.0029848411,0.2816488,0.005306324,"ELLIPSOIDAL",4,5.6549163,null,null,null,null,null,null,null,null,null,null,null,null
375316653866487564,2947683025008688512,0.58069086,2115.868594255203,2.212432198866202,3.9682154E-6,17.762783,0.00917099,0.23380639,0.0018438173,0.08369181,0.0053031594,0.19443108,0.008140431,0.71863776,0.0014012466,0.07413467,0.002821529,0.35421133,0.010204486,null,null,null,null,"TWOGAUSSIANS",8,3.9444673,0.71863776,0.0014012466,0.4,0.0,0.35172907,0.009624491,0.23380639,0.0018438173,0.4,0.0,0.19194882,0.007227062
375316653866487564,2947684227599560960,0.5408548,2103.3424586310307,3.220562365744192,7.873304E-6,17.839806,0.004480758,0.29541254,0.0021943261,0.036053043,0.007567189,0.08259557,0.0156116495,0.793365,0.003903668,0.036200702,0.0045894855,0.14643367,0.018600736,0.11292434,0.010706469,0.29541254,0.0021943261,"TWOGAUSSIANS_WITH_ELLIPSOIDAL_ON_ECLIPSE1",9,10.046461,0.79364496,0.0033238675,0.20272394,0.025701119,0.37224996,0.015115609,0.29541254,0.0021943261,0.20189703,0.04237626,0.30844408,0.016098954
