Gaia/vari_eclipsing_binary/VariEclipsingBinary_049039-049162.csv
# %ECSV 1.0
# ---
# delimiter: ','
# meta: !!omap
# - RELEASE: Gaia DR3
# - TABLE: vari_eclipsing_binary
# - DESCRIPTION: >
#     This table describes the properties of the eclipsing binaries resulting from the variability analysis. 
# - CITATION: >
#     How to cite and acknowledge Gaia: 
#     https://gea.esac.esa.int/archive/documentation/credits.html 
# - KNOWN_ISSUES: >
#     Known issues: 
#     https://www.cosmos.esa.int/web/gaia-users/known-issues 
# - DOCUMENTATION: >
#     Tutorials and documentation: 
#     https://www.cosmos.esa.int/web/gaia-users/archive 
# datatype:
# - 
#   name: solution_id
#   datatype: int64
#   description: Solution Identifier
#   meta:
#     ucd: meta.version
# - 
#   name: source_id
#   datatype: int64
#   description: Unique source identifier
#   meta:
#     ucd: meta.id;meta.main
# - 
#   name: global_ranking
#   datatype: float32
#   description: Number between 0 (worst) and 1 (best)
#   meta:
#     ucd: stat.param
# - 
#   name: reference_time
#   datatype: float64
#   unit: d
#   description: Reference time used for the geometric model fit
#   meta:
#     ucd: time.epoch
# - 
#   name: frequency
#   datatype: float64
#   unit: d**-1
#   description: Frequency of geometric model of the eclipsing binary light curve
#   meta:
#     ucd: src.orbital
# - 
#   name: frequency_error
#   datatype: float32
#   unit: d**-1
#   description: "Uncertainty of \\texttt{frequency}"
#   meta:
#     ucd: stat.error
# - 
#   name: geom_model_reference_level
#   datatype: float32
#   unit: mag
#   description: Magnitude reference level of geometric model
#   meta:
#     ucd: phot.mag;em.opt
# - 
#   name: geom_model_reference_level_error
#   datatype: float32
#   unit: mag
#   description: "Uncertainty of \\texttt{geomModelReferenceLevel}"
#   meta:
#     ucd: stat.error;phot.mag;em.opt
# - 
#   name: geom_model_gaussian1_phase
#   datatype: float32
#   description: Phase of the Gaussian 1 component
#   meta:
#     ucd: time.phase
# - 
#   name: geom_model_gaussian1_phase_error
#   datatype: float32
#   description: "Uncertainty of \\texttt{geomModelGaussian1Phase}"
#   meta:
#     ucd: stat.error;time.phase
# - 
#   name: geom_model_gaussian1_sigma
#   datatype: float32
#   description: "Standard deviation [phase] of Gaussian 1 component"
#   meta:
#     ucd: stat.stdev
# - 
#   name: geom_model_gaussian1_sigma_error
#   datatype: float32
#   description: "Uncertainty of \\texttt{geomModelGaussian1Sigma}"
#   meta:
#     ucd: stat.error
# - 
#   name: geom_model_gaussian1_depth
#   datatype: float32
#   unit: mag
#   description: Magnitude depth of Gaussian 1 component
#   meta:
#     ucd: src.var.amplitude
# - 
#   name: geom_model_gaussian1_depth_error
#   datatype: float32
#   unit: mag
#   description: "Uncertainty of \\texttt{geomModelGaussian1Depth}"
#   meta:
#     ucd: stat.error;src.var.amplitude
# - 
#   name: geom_model_gaussian2_phase
#   datatype: float32
#   description: Phase of Gaussian 2 component
#   meta:
#     ucd: time.phase
# - 
#   name: geom_model_gaussian2_phase_error
#   datatype: float32
#   description: "Uncertainty of \\texttt{geomModelGaussian2Phase}"
#   meta:
#     ucd: stat.error;time.phase
# - 
#   name: geom_model_gaussian2_sigma
#   datatype: float32
[...]
#   datatype: float32
#   description: "Secondary eclipse: uncertainty of \\texttt{derivedSecondaryEclDuration}"
#   meta:
#     ucd: stat.error;time.duration
# - 
#   name: derived_secondary_ecl_depth
#   datatype: float32
#   unit: mag
#   description: "Secondary eclipse: depth"
#   meta:
#     ucd: src.var.amplitude
# - 
#   name: derived_secondary_ecl_depth_error
#   datatype: float32
#   unit: mag
#   description: "Secondary eclipse: uncertainty of \\texttt{derivedSecondaryEclDepth}"
#   meta:
#     ucd: stat.error;src.var.amplitude
solution_id,source_id,global_ranking,reference_time,frequency,frequency_error,geom_model_reference_level,geom_model_reference_level_error,geom_model_gaussian1_phase,geom_model_gaussian1_phase_error,geom_model_gaussian1_sigma,geom_model_gaussian1_sigma_error,geom_model_gaussian1_depth,geom_model_gaussian1_depth_error,geom_model_gaussian2_phase,geom_model_gaussian2_phase_error,geom_model_gaussian2_sigma,geom_model_gaussian2_sigma_error,geom_model_gaussian2_depth,geom_model_gaussian2_depth_error,geom_model_cosine_half_period_amplitude,geom_model_cosine_half_period_amplitude_error,geom_model_cosine_half_period_phase,geom_model_cosine_half_period_phase_error,model_type,num_model_parameters,reduced_chi2,derived_primary_ecl_phase,derived_primary_ecl_phase_error,derived_primary_ecl_duration,derived_primary_ecl_duration_error,derived_primary_ecl_depth,derived_primary_ecl_depth_error,derived_secondary_ecl_phase,derived_secondary_ecl_phase_error,derived_secondary_ecl_duration,derived_secondary_ecl_duration_error,derived_secondary_ecl_depth,derived_secondary_ecl_depth_error
[from data line 722]
375316653866487564,432067215988681216,0.5140567,2225.3417418068893,0.9595338614659622,1.6057684E-5,15.964218,0.0033469046,0.30381906,0.0049701394,0.05727716,0.0028969008,0.3887896,0.036421012,0.7877532,0.007382807,0.063274376,0.005283504,0.06875683,0.009317525,null,null,null,null,"TWOGAUSSIANS",8,23.729416,0.30381906,0.0049701394,0.3207521,0.016222645,0.38875756,0.036430575,0.7877532,0.007382807,0.3543365,0.029587623,0.06872481,0.009316108
375316653866487564,432067460808660864,0.49045762,2226.3928671931635,0.6976621820039617,2.0116302E-6,13.024299,9.0080715E-4,0.14894523,1.6439268E-6,0.011455155,1.5662212E-4,0.22611693,0.002797866,null,null,null,null,null,null,null,null,null,null,"ONEGAUSSIAN",5,36.85554,0.14894523,1.6439268E-6,0.064148866,8.7708386E-4,0.22611693,0.0,null,null,null,null,null,null
375316653866487564,432067765749404928,0.4608971,2221.246428933045,2.966145053221175,2.135547E-5,18.931154,0.0048909294,null,null,null,null,null,null,null,null,null,null,null,null,0.100216396,0.007848499,0.23827994,0.0046554306,"ELLIPSOIDAL",4,4.3325553,null,null,null,null,null,null,null,null,null,null,null,null
375316653866487564,432068903912861696,0.47335348,2212.819822847735,3.325076686042647,2.0684753E-5,18.639803,0.004504592,0.73528415,0.0058430284,0.037855513,0.009880645,0.040638965,0.022759518,null,null,null,null,null,null,0.071659304,0.0076605557,0.73528415,0.0058430284,"ONEGAUSSIAN_WITH_ELLIPSOIDAL",6,4.152786,0.73528415,0.0058430284,0.21199088,0.055331614,0.18395734,0.020413205,null,null,null,null,null,null
375316653866487564,432069311933016704,0.5428568,2179.205622558661,3.3799658934656014,1.6707152E-5,19.378405,0.016560981,0.21427462,0.0052364604,0.08010201,0.008370168,0.44707677,0.023852218,0.7048327,0.005475936,0.07711191,0.005590961,0.65294296,0.03973094,null,null,null,null,"TWOGAUSSIANS",8,3.618496,0.7048327,0.005475936,0.4,0.0,0.64730763,0.039954007,0.21427462,0.0052364604,0.4,0.0,0.44144142,0.02390189
375316653866487564,432070136571314304,0.5403768,2213.305808399619,1.735947394466786,1.3287867E-5,19.400953,0.0057299216,0.24058609,0.0052095796,0.013938958,0.008847353,0.1044282,0.02590913,0.5324018,0.0031999461,0.026626652,0.0027908152,0.69918555,0.16191885,null,null,null,null,"TWOGAUSSIANS",8,2.155058,0.5324018,0.0031999461,0.14910926,0.015628565,0.69918555,0.16191885,0.24058609,0.0052095796,0.07805816,0.049545176,0.1044282,0.02590913
375316653866487564,432072992726514816,0.47322404,2208.9219230799904,0.1079144125086924,6.174708E-5,16.573856,0.0018976085,0.25158867,3.9033807E-4,0.016636116,0.0011286162,0.13611114,0.0130356345,0.6422465,4.074611E-4,0.011513003,4.367303E-4,0.18867569,0.010034859,null,null,null,null,"TWOGAUSSIANS",8,9.301187,0.6422465,4.074611E-4,0.06447282,0.0024456899,0.18867569,0.010034859,0.25158867,3.9033807E-4,0.09316225,0.0063202507,0.13611114,0.0130356345
375316653866487564,432073954799128960,0.53388625,2227.50904203553,0.3103583326890448,8.984975E-6,16.88126,0.0044953106,0.16053158,0.0021364645,0.029378133,0.0033307958,0.09117666,0.0070911185,0.66338295,0.0051657073,0.027274253,0.003147246,0.51817167,0.035516035,null,null,null,null,"TWOGAUSSIANS",8,41.89493,0.66338295,0.0051657073,0.15273581,0.01762458,0.51817167,0.035516035,0.16053158,0.0021364645,0.16451754,0.018652458,0.09117666,0.0070911185
375316653866487564,432074397174136320,0.5438994,2179.920818742891,2.7392906755414,6.4542364E-6,18.05557,0.016612032,0.28172046,0.00943242,0.09663062,0.012744742,0.32444385,0.026357349,0.7808026,0.0014922441,0.084512554,0.00522208,0.3141564,0.015597107,null,null,null,null,"TWOGAUSSIANS",8,5.7356954,0.28172046,0.00943242,0.4,0.0,0.31050926,0.026889931,0.7808026,0.0014922441,0.4,0.0,0.30022278,0.009791319
375316653866487564,432076085102853376,0.5554293,2209.2486627695,0.9897774983591359,8.063174E-6,16.972797,0.0016826664,0.18229285,0.0023071652,0.035922825,0.0029768662,0.16871628,0.00691066,0.90769166,0.0050884318,0.01498614,0.0064051123,0.023679866,0.008056661,null,null,null,null,"TWOGAUSSIANS",8,2.7537339,0.18229285,0.0023071652,0.20116782,0.01667045,0.16871628,0.00691066,0.90769166,0.0050884318,0.08392238,0.03586863,0.023679866,0.008056661
375316653866487564,432077562571618560,0.4438791,2188.0746326424273,1.5202635515005285,2.3054952E-5,17.76292,0.0073613934,0.2879085,0.008815735,0.023333292,0.0068290164,0.07520774,0.10257438,0.74146473,0.008168216,0.04976386,0.035507247,0.03292148,0.01780604,0.036506508,0.010632143,0.74146473,0.008168216,"TWOGAUSSIANS_WITH_ELLIPSOIDAL_ON_ECLIPSE2",9,10.509383,0.2861385,0.009174754,0.13066643,0.038242493,0.14240146,0.097155355,0.74146473,0.008168216,0.2786776,0.18682504,0.10593438,0.01020891
375316653866487564,432077626989962752,0.60279053,2195.4952169154367,3.2699429949330936,5.9917056E-6,18.422745,0.01396222,0.2521582,0.0024376367,0.047965508,0.0054466743,0.20304263,0.03150154,0.7418703,0.0057143015,0.058443867,0.0065882956,0.29229945,0.03187118,0.08371569,0.018207436,0.2521582,0.0024376367,"TWOGAUSSIANS_WITH_ELLIPSOIDAL_ON_ECLIPSE1",9,3.092247,0.7432403,0.0046998565,0.32728565,0.036894456,0.4591104,0.0134560475,0.2521582,0.0024376367,0.26860684,0.030501375,0.370459,0.0136996955
375316653866487564,432078936956013952,0.5127554,2183.693456233728,2.5445810706422165,7.025911E-5,19.331736,0.0043909666,0.6165108,0.0049924282,0.031441305,0.0040953215,1.1668043,0.39670023,0.8495937,0.03952424,0.023743408,0.03488347,0.044518493,0.032968957,null,null,null,null,"TWOGAUSSIANS",8,1.739141,0.6165108,0.0049924282,0.1760713,0.0229338,1.1668043,0.39670205,0.8495937,0.03952424,0.13296308,0.19534744,0.044518493,0.032968953
375316653866487564,432080478848606336,0.6432379,2219.6017083848133,3.7990625964226408,3.4176915E-6,15.491289,0.0072761867,0.291318,0.0031151567,0.043644708,0.0025138827,0.37959784,0.02178692,0.793769,6.840441E-4,0.0434869,0.0028704747,0.53206575,0.02882311,0.14511608,0.009758117,0.793769,6.840441E-4,"TWOGAUSSIANS_WITH_ELLIPSOIDAL_ON_ECLIPSE2",9,61.643013,0.793769,6.840441E-4,0.24352664,0.016074657,0.8222972,0.03449705,0.29156798,0.0027736807,0.24441035,0.0140777435,0.6697676,0.014076622
375316653866487564,432080994244659968,0.57667154,2172.4625533260823,2.8636404970587463,8.50464E-6,18.162634,0.005493934,0.20143346,0.0018685401,0.038164023,0.0055197217,0.14837596,0.012139593,0.6998196,0.010934396,0.039471578,0.01426128,0.13049062,0.034822166,0.10359439,0.0072109606,0.20143346,0.0018685401,"TWOGAUSSIANS_WITH_ELLIPSOIDAL_ON_ECLIPSE1",9,3.1480317,0.20143346,0.0018685401,0.21371853,0.030910442,0.35556474,0.008516437,0.7000796,0.009714506,0.22104084,0.07986317,0.33766156,0.034252305
375316653866487564,432081239063501056,0.47174025,2195.036931851345,1.806823299284972,2.1189977E-5,17.074366,0.0040873163,0.23851244,0.0043441476,0.08210606,0.005897701,0.08755785,0.006139862,0.7390297,0.0030429354,0.031469174,0.0064519965,0.107426114,0.09297597,null,null,null,null,"TWOGAUSSIANS",8,9.756118,0.7390297,0.0030429354,0.17622736,0.03613118,0.10741604,0.092982806,0.23851244,0.0043441476,0.4,0.0,0.08754777,0.0061374595
375316653866487564,432081754454845184,0.48156938,2224.380902980546,3.2175572261664867,3.4069002E-5,19.326574,0.034138944,0.29389906,0.012517452,0.10564452,0.0257094,0.18149266,0.034095734,0.78659314,0.009005633,0.092976704,0.01696509,0.1945741,0.033290025,null,null,null,null,"TWOGAUSSIANS",8,2.2371306,0.78659314,0.009005477,0.4,0.0,0.1802504,0.016506063,0.29389906,0.012517452,0.4,0.0,0.16716395,0.016889604
375316653866487564,432081921956768256,0.51040447,2225.981620135041,1.19323163784748,5.8327358E-5,19.525309,0.006463673,0.28767887,0.007982253,0.024835179,0.0062134196,0.4297754,0.0687527,0.7854838,0.0011246798,0.0092658065,0.0056670997,0.22123618,51.996304,null,null,null,null,"TWOGAUSSIANS",8,3.3487535,0.28767887,0.007982253,0.13907701,0.03479515,0.4297754,0.0687527,0.7854838,0.0011246798,0.051888518,0.03173576,0.22123618,51.996304
375316653866487564,432082441649491712,0.5969395,2196.072035989986,3.351240054803181,4.1895096E-6,19.03257,0.013072336,0.1763025,0.0015529303,0.039300002,0.00738688,0.4655456,0.06593313,0.6745262,0.003129868,0.040002715,0.00376922,0.611048,0.032232855,0.13937674,0.02281692,0.1763025,0.0015529303,"TWOGAUSSIANS_WITH_ELLIPSOIDAL_ON_ECLIPSE1",9,3.375698,0.6746262,0.002952041,0.2240152,0.021107633,0.8897685,0.022742877,0.1763025,0.0015529303,0.22008002,0.04136653,0.74429893,0.0886389
375316653866487564,432085495370178688,0.53772074,2208.351368594732,1.1385892780742584,1.11953495E-5,18.10365,0.0010274568,null,null,null,null,null,null,null,null,null,null,null,null,0.04405068,0.0012929193,0.18180452,0.00321574,"ELLIPSOIDAL",4,0.87459797,null,null,null,null,null,null,null,null,null,null,null,null
375316653866487564,432085598449365504,0.57669085,2209.7634232411147,1.485346849698644,7.813844E-6,18.390198,0.0124204485,0.22296874,0.0026569564,0.07258812,0.0042772237,0.58128136,0.0147295855,0.7333369,0.0027722158,0.083998404,0.004945861,0.24069458,0.015401173,null,null,null,null,"TWOGAUSSIANS",8,4.370803,0.22296874,0.0026569564,0.4,0.0054027378,0.577764,0.014691321,0.7333369,0.0027722158,0.4,0.0,0.2371772,0.014495254
375316653866487564,432086697960812544,0.5176441,2178.454171391026,3.74088874800637,1.3524927E-5,19.107185,0.0348647,0.27037907,0.009677566,0.0842077,0.015869139,0.44558436,0.03609077,0.78598773,0.0047398834,0.08650848,0.013815194,0.34380445,0.030329343,null,null,null,null,"TWOGAUSSIANS",8,4.8438478,0.27037907,0.009677566,0.4,0.0,0.43742794,0.029477155,0.78598773,0.0047398834,0.4,0.0,0.33564803,0.028838392
375316653866487564,432087728753122432,0.56666595,2176.190791177476,2.4709240978535747,7.936758E-6,18.792097,0.00941602,0.18984738,0.0039928104,0.082035035,0.005079374,0.2974841,0.011361675,0.6941464,0.0027663473,0.078792594,0.004252923,0.30287725,0.0105635375,null,null,null,null,"TWOGAUSSIANS",8,1.7957705,0.6941464,0.0027663473,0.4,0.0,0.29848018,0.009586311,0.18984738,0.0039928104,0.4,0.0,0.293087,0.010980462
375316653866487564,432090099576736384,0.52755475,2222.841135205768,3.040861559583803,2.2415275E-5,18.595789,0.009757766,0.25309393,0.0040240814,0.048832063,0.016559966,0.072786495,0.027041975,0.72521585,0.024856994,0.047668375,0.016804626,0.21606793,0.10627283,0.09534975,0.012617733,0.25309393,0.0040240814,"TWOGAUSSIANS_WITH_ELLIPSOIDAL_ON_ECLIPSE1",9,4.7710752,0.72898585,0.02137652,0.2669429,0.094105914,0.40175033,0.10647723,0.25309393,0.0040240814,0.27345955,0.09273581,0.26348576,0.018312763
375316653866487564,432090206955056512,0.69482315,2211.409077032929,2.841002757508589,1.444633E-6,15.432855,0.003956175,0.21821523,8.795738E-4,0.041201543,0.0020502748,0.45236737,0.009946197,0.7175922,8.0538E-4,0.04529712,0.0014375986,0.49555153,0.0226888,0.12610893,0.006257925,0.21821523,8.795738E-4,"TWOGAUSSIANS_WITH_ELLIPSOIDAL_ON_ECLIPSE1",9,19.58072,0.7176421,7.185089E-4,0.25366387,0.008050552,0.74776506,0.025035897,0.21821523,8.795738E-4,0.23072864,0.011481539,0.7045845,0.0067846854
375316653866487564,432090378753745152,0.5758472,2235.097299804974,1.1225145911172347,6.9810726E-6,15.944106,0.010155673,0.2573359,0.0037610633,0.11122324,0.01065034,0.1068346,0.010000155,0.7582502,0.0017328764,0.1118619,0.008606416,0.10937817,0.009410001,null,null,null,null,"TWOGAUSSIANS",8,2.65912,0.7582502,0.0017306968,0.4,0.0,0.09200702,0.002310061,0.2573359,0.003772018,0.4,0.0,0.08946475,0.0030168386
375316653866487564,432091096007641472,0.49254307,2211.823552097122,2.5907929075488556,2.8653203E-5,18.13968,0.020345507,0.17190394,0.006210575,0.086036816,0.011837657,0.20993367,0.020406406,0.67090803,0.013570735,0.10220516,0.025093718,0.20759675,0.01810571,null,null,null,null,"TWOGAUSSIANS",8,7.3987083,0.17190394,0.006210575,0.4,0.0,0.19790088,0.013948262,0.67090803,0.013570735,0.4,0.0,0.19556133,0.011091344
375316653866487564,432091130368707712,0.5545665,2211.876370504856,2.1648203556254253,6.325868E-6,18.680532,0.0074050818,0.12502418,0.0021553189,0.03818696,0.0022468683,0.266099,0.011150365,0.626264,0.0014457048,0.032743834,0.0015642552,0.5497008,0.018566195,null,null,null,null,"TWOGAUSSIANS",8,4.573114,0.626264,0.0014457048,0.18336546,0.008759829,0.5497008,0.018566195,0.12502418,0.0021553189,0.21384698,0.012582462,0.266099,0.011150365
375316653866487564,432091340826577664,0.54209393,2187.0352433263424,2.0382134313181495,7.5946778E-6,15.624032,0.0022025944,0.10911727,0.004379418,0.02709168,0.010349118,0.021738026,0.011152619,0.61517864,0.0041786167,0.04261526,0.003763822,0.09452304,0.0102315815,0.027241176,0.0030246375,0.10911727,0.004379418,"TWOGAUSSIANS_WITH_ELLIPSOIDAL_ON_ECLIPSE1",9,11.258884,0.61517864,0.0041786167,0.23864546,0.021077402,0.14892627,0.009447261,0.10911727,0.004379418,0.15171342,0.05795506,0.07622025,0.010882183
375316653866487564,432092023720672000,0.5342502,2182.930660687657,0.34914662505103466,4.64322E-6,19.526323,0.011705168,0.21914172,0.032184828,0.11274695,0.06544898,0.03445506,0.01548789,0.8580201,9.849191E-4,0.023484632,0.0018268037,11.301004,5.1893387,null,null,null,null,"TWOGAUSSIANS",8,3.1319394,0.8580201,9.849191E-4,0.13151394,0.010230101,11.301205,5.189128,0.21914172,0.032184828,0.4,0.0,0.03445122,0.015444119
375316653866487564,432093746008205824,0.47175774,2207.303258198598,0.6861218966157775,1.6032509E-5,14.2822275,0.002775012,0.29647288,0.010165302,0.04721872,0.04151243,0.03143833,0.017992105,0.7866748,0.005456949,0.028349876,0.005688915,0.118698515,0.023762189,0.02482025,0.004336569,0.29647288,0.010165302,"TWOGAUSSIANS_WITH_ELLIPSOIDAL_ON_ECLIPSE1",9,47.869556,0.7869248,0.0053914804,0.15875931,0.031857926,0.16815591,0.02581435,0.29647288,0.010165302,0.26442486,0.1530229,0.08107879,0.01885594
375316653866487564,432095906371418496,0.5449855,2184.5087138790263,2.6683827636364192,9.170815E-6,16.704569,0.011786136,0.2804812,0.0039781234,0.09583157,0.0064981347,0.2404633,0.012753656,0.7853389,0.0029718615,0.08805066,0.0052614333,0.26089925,0.01306688,null,null,null,null,"TWOGAUSSIANS",8,20.144188,0.7853389,0.0029718615,0.4,0.0,0.24937694,0.010580753,0.2804812,0.0039781234,0.4,0.0,0.22894043,0.010247302
375316653866487564,432096593566148480,0.5566018,2182.992550177004,2.826009290146177,1.4400143E-5,18.851355,0.01336895,0.23492941,0.002546758,0.09286276,0.005884541,0.27516803,0.012281127,0.7411407,0.008336463,0.09512828,0.013264549,0.26695246,0.017382372,null,null,null,null,"TWOGAUSSIANS",8,1.5369402,0.23492941,0.002546758,0.4,0.0,0.26073316,0.005249793,0.7411407,0.008336463,0.4,0.0,0.25251728,0.018392347
375316653866487564,432096627927246080,0.4750104,2198.2166016365236,1.5514175642923704,2.054136E-5,18.68111,0.033628926,0.2734213,0.009261627,0.09334889,0.024010131,0.1581574,0.030651964,0.7795101,0.007839793,0.1158404,0.027531512,0.12793173,0.031302124,null,null,null,null,"TWOGAUSSIANS",8,2.227482,0.27341127,0.009273681,0.4,0.0,0.14326505,0.011265283,0.7795101,0.007839793,0.4,0.0,0.11301598,0.0072411024
375316653866487564,432097555638967680,0.6050633,2157.4487901774355,3.079863096490409,3.382103E-6,17.942638,0.014797126,0.22854602,9.4461895E-4,0.05322565,0.0043143933,0.28984255,0.029518161,0.7334629,0.0021101185,0.058336515,0.0052052587,0.29556447,0.029838884,0.095782384,0.016608113,0.22854602,9.4461895E-4,"TWOGAUSSIANS_WITH_ELLIPSOIDAL_ON_ECLIPSE1",9,4.139681,0.7334629,0.0021101185,0.32668447,0.029149448,0.4869207,0.014493017,0.22854602,9.4461895E-4,0.29806367,0.024160603,0.48138157,0.016387578
375316653866487564,432098174115560320,0.4709376,2203.331628511818,1.4444809891670471,1.2509165E-5,19.808165,0.005447094,0.46331707,0.06775104,0.009795023,0.004565876,0.06700039,3911.2305,0.8052013,1.5554269E-4,0.032735053,8.635159E-4,0.93614787,0.05933596,null,null,null,null,"TWOGAUSSIANS",8,2.176363,0.8052013,1.5554269E-4,0.18331629,0.004835689,0.93614787,0.05933596,0.46331707,0.06775104,0.054852128,0.025568904,0.06700039,3911.2305
