Gaia/vari_eclipsing_binary/VariEclipsingBinary_231942-232081.csv
# %ECSV 1.0
# ---
# delimiter: ','
# meta: !!omap
# - RELEASE: Gaia DR3
# - TABLE: vari_eclipsing_binary
# - DESCRIPTION: >
#     This table describes the properties of the eclipsing binaries resulting from the variability analysis. 
# - CITATION: >
#     How to cite and acknowledge Gaia: 
#     https://gea.esac.esa.int/archive/documentation/credits.html 
# - KNOWN_ISSUES: >
#     Known issues: 
#     https://www.cosmos.esa.int/web/gaia-users/known-issues 
# - DOCUMENTATION: >
#     Tutorials and documentation: 
#     https://www.cosmos.esa.int/web/gaia-users/archive 
# datatype:
# - 
#   name: solution_id
#   datatype: int64
#   description: Solution Identifier
#   meta:
#     ucd: meta.version
# - 
#   name: source_id
#   datatype: int64
#   description: Unique source identifier
#   meta:
#     ucd: meta.id;meta.main
# - 
#   name: global_ranking
#   datatype: float32
#   description: Number between 0 (worst) and 1 (best)
#   meta:
#     ucd: stat.param
# - 
#   name: reference_time
#   datatype: float64
#   unit: d
#   description: Reference time used for the geometric model fit
#   meta:
#     ucd: time.epoch
# - 
#   name: frequency
#   datatype: float64
#   unit: d**-1
#   description: Frequency of geometric model of the eclipsing binary light curve
#   meta:
#     ucd: src.orbital
# - 
#   name: frequency_error
#   datatype: float32
#   unit: d**-1
#   description: "Uncertainty of \\texttt{frequency}"
#   meta:
#     ucd: stat.error
# - 
#   name: geom_model_reference_level
#   datatype: float32
#   unit: mag
#   description: Magnitude reference level of geometric model
#   meta:
#     ucd: phot.mag;em.opt
# - 
#   name: geom_model_reference_level_error
#   datatype: float32
#   unit: mag
#   description: "Uncertainty of \\texttt{geomModelReferenceLevel}"
#   meta:
#     ucd: stat.error;phot.mag;em.opt
# - 
#   name: geom_model_gaussian1_phase
#   datatype: float32
#   description: Phase of the Gaussian 1 component
#   meta:
#     ucd: time.phase
# - 
#   name: geom_model_gaussian1_phase_error
#   datatype: float32
#   description: "Uncertainty of \\texttt{geomModelGaussian1Phase}"
#   meta:
#     ucd: stat.error;time.phase
# - 
#   name: geom_model_gaussian1_sigma
#   datatype: float32
#   description: "Standard deviation [phase] of Gaussian 1 component"
#   meta:
#     ucd: stat.stdev
# - 
#   name: geom_model_gaussian1_sigma_error
#   datatype: float32
#   description: "Uncertainty of \\texttt{geomModelGaussian1Sigma}"
#   meta:
#     ucd: stat.error
# - 
#   name: geom_model_gaussian1_depth
#   datatype: float32
#   unit: mag
#   description: Magnitude depth of Gaussian 1 component
#   meta:
#     ucd: src.var.amplitude
# - 
#   name: geom_model_gaussian1_depth_error
#   datatype: float32
#   unit: mag
#   description: "Uncertainty of \\texttt{geomModelGaussian1Depth}"
#   meta:
#     ucd: stat.error;src.var.amplitude
# - 
#   name: geom_model_gaussian2_phase
#   datatype: float32
#   description: Phase of Gaussian 2 component
#   meta:
#     ucd: time.phase
# - 
#   name: geom_model_gaussian2_phase_error
#   datatype: float32
#   description: "Uncertainty of \\texttt{geomModelGaussian2Phase}"
#   meta:
#     ucd: stat.error;time.phase
# - 
#   name: geom_model_gaussian2_sigma
#   datatype: float32
[...]
#   datatype: float32
#   description: "Secondary eclipse: uncertainty of \\texttt{derivedSecondaryEclDuration}"
#   meta:
#     ucd: stat.error;time.duration
# - 
#   name: derived_secondary_ecl_depth
#   datatype: float32
#   unit: mag
#   description: "Secondary eclipse: depth"
#   meta:
#     ucd: src.var.amplitude
# - 
#   name: derived_secondary_ecl_depth_error
#   datatype: float32
#   unit: mag
#   description: "Secondary eclipse: uncertainty of \\texttt{derivedSecondaryEclDepth}"
#   meta:
#     ucd: stat.error;src.var.amplitude
solution_id,source_id,global_ranking,reference_time,frequency,frequency_error,geom_model_reference_level,geom_model_reference_level_error,geom_model_gaussian1_phase,geom_model_gaussian1_phase_error,geom_model_gaussian1_sigma,geom_model_gaussian1_sigma_error,geom_model_gaussian1_depth,geom_model_gaussian1_depth_error,geom_model_gaussian2_phase,geom_model_gaussian2_phase_error,geom_model_gaussian2_sigma,geom_model_gaussian2_sigma_error,geom_model_gaussian2_depth,geom_model_gaussian2_depth_error,geom_model_cosine_half_period_amplitude,geom_model_cosine_half_period_amplitude_error,geom_model_cosine_half_period_phase,geom_model_cosine_half_period_phase_error,model_type,num_model_parameters,reduced_chi2,derived_primary_ecl_phase,derived_primary_ecl_phase_error,derived_primary_ecl_duration,derived_primary_ecl_duration_error,derived_primary_ecl_depth,derived_primary_ecl_depth_error,derived_secondary_ecl_phase,derived_secondary_ecl_phase_error,derived_secondary_ecl_duration,derived_secondary_ecl_duration_error,derived_secondary_ecl_depth,derived_secondary_ecl_depth_error
[from data line 37]
375316653866487564,2040274323636708352,0.53601336,2242.3768561018674,0.16288734012472625,6.0094528E-5,19.644253,0.0036642721,0.2326527,8.8931207E-4,0.016736776,8.483554E-4,0.62189084,0.008352699,0.7108019,0.045501918,0.06404473,0.03474335,0.03369668,0.01824973,null,null,null,null,"TWOGAUSSIANS",8,0.9733234,0.2326527,8.8931207E-4,0.09372594,0.00475079,0.62189084,0.008352692,0.7108019,0.045501918,0.35865048,0.15628317,0.03369668,0.018249746
375316653866487564,2040275457500195712,0.53439593,2275.4714566131975,2.7429357402526766,2.090669E-5,17.411089,0.012153474,0.3003629,0.0029356012,0.08807672,0.0058363667,0.20951921,0.012375535,0.8092074,0.0057518804,0.09076551,0.010846725,0.20458114,0.012010567,null,null,null,null,"TWOGAUSSIANS",8,10.633477,0.3003629,0.0029356012,0.4,0.0,0.20229009,0.009134916,0.8092074,0.0057518804,0.4,0.0,0.19735195,0.009930162
375316653866487564,2040276733101513088,0.574569,2237.4909005263316,4.604709953362115,1.6186093E-5,19.890347,0.007155145,0.28326282,0.003035599,0.06687086,0.003130479,0.71935785,0.03199635,0.78975093,0.0048701135,0.062754914,0.0052948245,0.6063233,0.027575132,null,null,null,null,"TWOGAUSSIANS",8,0.9807453,0.28326282,0.003035599,0.37447685,0.017530683,0.7187173,0.03209178,0.78975093,0.0048701135,0.35142753,0.029651016,0.60568273,0.027697502
375316653866487564,2040276904907857408,0.5142369,2214.469102713655,3.4395230285171037,1.7395329E-5,17.150976,0.0032026481,null,null,null,null,null,null,null,null,null,null,null,null,0.08125106,0.004367818,0.21157919,0.0042335675,"ELLIPSOIDAL",4,15.337272,null,null,null,null,null,null,null,null,null,null,null,null
375316653866487564,2040279065272733824,0.5464084,2241.071324460233,3.3140602991391206,6.818461E-6,17.711256,0.009901247,0.25756872,0.0039072447,0.095843434,0.007158281,0.28465417,0.009535543,0.75717074,0.0030397621,0.09558178,0.004981071,0.27103636,0.010409797,null,null,null,null,"TWOGAUSSIANS",8,5.192582,0.25756872,0.0039072447,0.4,0.0,0.26642185,0.008304349,0.75717074,0.0030397621,0.4,0.0,0.2528041,0.0067269388
375316653866487564,2040284734625606784,0.4489956,2255.6210995749534,2.7909123408021626,3.7821952E-5,18.57484,0.09751173,0.28979307,0.013552233,0.17206855,0.06885441,0.20995177,0.09112959,0.75049037,0.010290269,0.086028,0.011611534,0.30399737,0.07010893,null,null,null,null,"TWOGAUSSIANS",8,10.434467,0.75049037,0.010290269,0.4,0.0,0.26234752,0.020690445,0.28979307,0.013552233,0.4,0.0,0.16092917,0.025584621
375316653866487564,2040286594354385664,0.5113684,2259.091985401737,0.8159638681622706,3.4563298E-5,17.594215,0.0037063842,0.106359184,0.011553431,0.016021857,0.011306509,0.07568125,708.11395,0.6002579,0.0029934864,0.020429088,0.0033161978,0.54056287,0.27677903,null,null,null,null,"TWOGAUSSIANS",8,15.211622,0.6002579,0.0029934864,0.11440289,0.018570706,0.54056287,0.27677903,0.106359184,0.011553431,0.089722395,0.06331645,0.07568125,708.11395
375316653866487564,2040288484140005632,0.44022956,2255.893266666093,2.884581653078551,3.1500604E-5,14.90174,0.4563991,0.26159635,0.005497877,0.12553032,0.12652779,0.18206476,0.4503001,0.7580071,0.017220475,0.08212234,0.0571602,0.1619291,0.2677952,null,null,null,null,"TWOGAUSSIANS",8,211.82243,0.26159635,0.0054075373,0.4,0.0,0.16413948,0.014529905,0.7580071,0.018863369,0.4,0.0,0.14413528,0.017191911
375316653866487564,2040289892888999424,0.47960627,2217.2351771174135,1.9149020047981697,9.534508E-6,15.643369,0.0048712646,0.15854919,0.0037731272,0.024151875,0.0033765165,0.1653546,0.016606456,0.6609493,0.0035496475,0.025145859,0.0032603766,0.15996099,0.012670614,0.0090832645,0.006797148,0.15854919,0.0037731272,"TWOGAUSSIANS_WITH_ELLIPSOIDAL_ON_ECLIPSE1",9,106.074,0.15854919,0.0037731272,0.1352505,0.018908491,0.1835211,0.0137732895,0.6609493,0.003549339,0.14081681,0.01825811,0.17812337,0.010393608
375316653866487564,2040290580083780992,0.52330714,2236.816623786384,2.593910429571537,1.5915452E-5,15.398731,0.0027469702,0.19076979,0.0039180634,0.032390494,0.020603472,0.01135493,0.011727203,0.7006807,0.023042683,0.00862212,0.016474482,0.038263034,0.018487485,0.050795346,0.0047468184,0.19076979,0.0039180634,"TWOGAUSSIANS_WITH_ELLIPSOIDAL_ON_ECLIPSE1",9,38.66014,0.7006807,0.022257222,0.04828387,0.0922571,0.13946018,0.014351379,0.19076979,0.0039180634,0.18138677,0.115379445,0.112945504,0.0095729735
375316653866487564,2040293084042286464,0.5359282,2229.891378819177,3.20815783554765,1.0760601E-5,17.559956,0.0096347965,0.312133,0.0031169648,0.049060974,0.008561657,0.11638161,0.022555953,0.78755766,0.0043469206,0.043079924,0.006057459,0.15756369,0.022750044,0.09261492,0.012796569,0.312133,0.0031169648,"TWOGAUSSIANS_WITH_ELLIPSOIDAL_ON_ECLIPSE1",9,17.218065,0.79114765,0.003759704,0.24124758,0.033921767,0.33904535,0.013626371,0.312133,0.0031169648,0.27474144,0.047945276,0.30161116,0.012080444
375316653866487564,2040296107699324416,0.5265322,2261.407228214413,2.161044955280429,1.7890286E-5,17.942976,0.003301224,0.27293685,0.0039362037,0.07015978,0.0041600843,0.20076388,0.011064403,0.760388,0.0051958915,0.07271098,0.007867314,0.08233523,0.00645662,null,null,null,null,"TWOGAUSSIANS",8,3.5590587,0.27293685,0.0039362037,0.39289477,0.018750481,0.20035835,0.011133881,0.760388,0.0051958915,0.4,0.01135359,0.0819297,0.006484618
375316653866487564,2040297452031606144,0.5278634,2248.5532706535973,0.8372023514889734,2.6509744E-5,15.187321,0.0028390074,0.21511771,0.0062022097,0.026178181,0.0047129267,0.08130233,0.01508718,0.7271457,0.0064297435,0.03727515,0.07677342,0.037235998,0.025042225,0.019342432,0.0026066555,0.7271457,0.0064297435,"TWOGAUSSIANS_WITH_ELLIPSOIDAL_ON_ECLIPSE2",9,10.684082,0.2154177,0.006009742,0.14659782,0.02639239,0.11977213,0.014625033,0.7271457,0.0064297435,0.20874083,0.19133809,0.07592082,0.028573308
375316653866487564,2040300235170545024,0.52258694,2211.7048821751923,0.5050930292092369,5.3225955E-5,15.070949,0.0012901574,0.7356936,0.0021221854,0.029363476,0.0028283035,0.07767813,0.0032096158,null,null,null,null,null,null,0.009641525,0.0020536238,0.7356936,0.0021221854,"ONEGAUSSIAN_WITH_ELLIPSOIDAL",6,7.8974786,0.7356936,0.0021221854,0.16443546,0.0158385,0.09696115,0.0022869827,null,null,null,null,null,null
375316653866487564,2040300441328980736,0.48828754,2223.587435663566,0.3528063976309693,1.4628165E-5,18.575148,0.0025340568,0.17537732,0.006147171,0.02756101,0.0039889533,0.45910132,0.3995592,0.6929424,0.008635884,0.020605432,0.019705582,0.034281917,1.15722125E11,0.038857985,0.0037968871,0.6929424,0.008635884,"TWOGAUSSIANS_WITH_ELLIPSOIDAL_ON_ECLIPSE2",9,2.293806,0.17555732,0.006100022,0.15434165,0.022338139,0.53588384,0.40058553,0.6929424,0.008635884,0.11539041,0.110351264,0.11199789,1.15722125E11
375316653866487564,2040301811416470912,0.58522666,2235.839687460945,3.490954331963989,9.828267E-6,18.812086,0.015643235,0.22398579,0.0039861677,0.05553691,0.0088117365,0.33253112,0.045191456,0.72402257,0.0030020736,0.048332214,0.0053488933,0.2940001,0.035902843,0.11315058,0.02035139,0.22398579,0.0039861677,"TWOGAUSSIANS_WITH_ELLIPSOIDAL_ON_ECLIPSE1",9,3.1811,0.22398579,0.0039861677,0.3110067,0.049345724,0.5588186,0.04256592,0.72402257,0.0025566581,0.2706604,0.029953802,0.5202876,0.025609748
375316653866487564,2040303873000685824,0.58950686,2253.0551491256874,3.29227183800556,4.992797E-6,19.357468,0.0070906538,0.2654665,0.0022796153,0.06585426,0.003177471,0.4518123,0.015651694,0.7635529,0.001845661,0.0695587,0.002618323,0.54217297,0.011327416,null,null,null,null,"TWOGAUSSIANS",8,1.1775616,0.7635529,0.001845661,0.38952872,0.014662609,0.541142,0.011310739,0.2654665,0.0022796153,0.36878386,0.017793838,0.4507813,0.015747484
375316653866487564,2040304220900306432,0.5544985,2267.646228774005,3.666494971372701,1.4526912E-5,17.972874,0.008938147,0.25603065,0.0021859005,0.07808114,0.004671669,0.30053395,0.009301364,0.75888485,0.005710696,0.07605933,0.0072283708,0.39004588,0.01214481,null,null,null,null,"TWOGAUSSIANS",8,4.4856234,0.75888485,0.005710696,0.4,0.004057138,0.38670895,0.011907361,0.25603065,0.0021859005,0.4,0.0,0.297197,0.0088729495
375316653866487564,2040304285317736064,0.5854639,2262.6568526337205,3.0488964159584335,7.828788E-6,18.233288,0.005462398,0.2632136,0.0035905233,0.085850224,0.005187924,0.2604579,0.016550655,0.76619655,0.0022736655,0.08175055,0.003624425,0.3375382,0.008096476,null,null,null,null,"TWOGAUSSIANS",8,2.8165584,0.76619655,0.0022736655,0.4,0.0,0.3310033,0.00820493,0.2632136,0.0035905233,0.4,0.0,0.25392297,0.0173204
375316653866487564,2040307034096140672,0.509926,2258.752393863399,2.4253853268422128,1.7040871E-5,17.970858,0.08121823,0.24750116,0.0042399378,0.12177199,0.03240703,0.2162034,0.07472745,0.74357307,0.004963746,0.12668726,0.030362254,0.231449,0.07751101,null,null,null,null,"TWOGAUSSIANS",8,5.012815,0.74357307,0.004963746,0.4,0.0,0.17431459,0.008872212,0.24755116,0.0043541896,0.4,0.0,0.1591671,0.013114499
375316653866487564,2040309099979308672,0.5551222,2218.0880855271657,4.814470271888981,9.528301E-6,19.653023,0.009539743,0.2504109,0.0035075562,0.06671916,0.0034978322,0.55286026,0.032463185,0.74984246,0.002104617,0.067290775,0.0025469454,0.63095397,0.015843684,null,null,null,null,"TWOGAUSSIANS",8,2.1138315,0.74984246,0.002104617,0.37682834,0.014262893,0.62985057,0.01578023,0.2504109,0.0035075562,0.37362728,0.01958786,0.55175686,0.03255723
375316653866487564,2040309237422790784,0.44258177,2264.7075477122567,3.2191270207405265,2.9564913E-5,19.68552,0.01397578,0.23003182,0.0039543747,0.049379565,0.014190758,0.27388772,0.0418406,0.73013073,0.00873739,0.07775429,0.008153958,0.22817273,0.028050255,null,null,null,null,"TWOGAUSSIANS",8,6.0104747,0.23003182,0.0039543747,0.27652556,0.07946824,0.27367988,0.042070456,0.73013073,0.00873739,0.4,0.0,0.2279649,0.028006397
375316653866487564,2040310470070411008,0.65840113,2219.2205093375974,2.4726208849905764,2.2646411E-6,14.545587,0.012378975,0.21010277,0.001980506,0.064976774,0.005319633,0.20185767,0.022782242,0.70376366,0.001243338,0.06286802,0.004878602,0.23704636,0.027170619,0.10502898,0.013782487,0.70376366,0.001243338,"TWOGAUSSIANS_WITH_ELLIPSOIDAL_ON_ECLIPSE2",9,31.53216,0.70376366,0.001243338,0.3520609,0.02732017,0.44693255,0.017306855,0.20847277,0.0012642883,0.36386994,0.029789945,0.41149652,0.008587618
375316653866487564,2040312054921059968,0.7105296,2229.3810699409214,0.5246025222089096,1.5170298E-6,15.385069,0.0032821668,0.21603416,0.0058264476,0.021668663,0.0058974246,0.09137934,0.21317294,0.71168226,3.95111E-4,0.023384605,3.1428906E-4,1.8558673,0.013643705,0.019840822,0.004573769,0.21603416,0.0058264476,"TWOGAUSSIANS_WITH_ELLIPSOIDAL_ON_ECLIPSE1",9,65.656105,0.71168226,3.9877844E-4,0.13095377,0.0017600188,1.8955193,0.012516204,0.21603416,0.0058264476,0.121344514,0.033025578,0.13106097,0.21273828
375316653866487564,2040312192359998848,0.42724088,2217.2635726135454,0.3917362506370948,6.242546E-5,16.520609,0.01698717,0.17946328,0.009034026,0.031044828,0.007393376,0.20641568,0.03418405,0.664976,0.010085938,0.05893196,0.024686348,0.39301404,0.13478388,null,null,null,null,"TWOGAUSSIANS",8,429.1477,0.664976,0.010085938,0.33001897,0.091947354,0.393014,0.1348024,0.17946328,0.009034026,0.17385104,0.041402906,0.20641564,0.03417898
375316653866487564,2040313738548140800,0.55363184,2195.924177038664,2.4075952291026854,1.3000378E-5,16.058529,0.010001157,0.23733175,0.005055028,0.09036357,0.0055060126,0.2739328,0.013390293,0.7273139,0.0029862358,0.08440835,0.0068993256,0.22958153,0.010453797,null,null,null,null,"TWOGAUSSIANS",8,36.207718,0.23733175,0.005055028,0.4,0.0,0.26681894,0.011453832,0.7273139,0.0029862358,0.4,0.0,0.22246781,0.011108485
375316653866487564,2040316006291258496,0.49405888,2230.9231503580513,3.241191490661863,2.3298726E-5,19.035957,0.019647727,0.18468353,0.003641027,0.08809211,0.009844929,0.32092008,0.024683692,0.69287163,0.005457265,0.08620813,0.010765699,0.25832987,0.016220676,null,null,null,null,"TWOGAUSSIANS",8,3.535581,0.18468353,0.003641027,0.4,0.0,0.31270415,0.025514947,0.69287163,0.005457265,0.4,0.0,0.25011396,0.011697611
375316653866487564,2040316796565119616,0.49692768,2226.008427540495,0.7688808149190208,6.007805E-6,16.220053,9.911967E-4,0.7272554,0.0010343026,0.026288483,0.0017075662,0.047636587,0.0027561772,null,null,null,null,null,null,0.010819555,0.0012846177,0.7272554,0.0010343026,"ONEGAUSSIAN_WITH_ELLIPSOIDAL",6,4.622984,0.7272554,0.0010343026,0.1472155,0.009562371,0.069275655,0.002582259,null,null,null,null,null,null
375316653866487564,2040317445100936576,0.45613593,2201.6837715283477,0.7687186869008975,8.065411E-6,19.176023,0.047149245,0.47701502,0.0010998466,0.006972328,0.003190579,0.6708873,4.2568626,0.6275861,0.016764631,0.21223286,0.08553204,0.110574126,0.03734547,null,null,null,null,"TWOGAUSSIANS",8,2.7987323,0.47703502,0.0010818195,0.039045036,0.017867241,0.743112,4.257272,0.6275861,0.016764631,0.4,0.0,0.09679076,0.016057305
375316653866487564,2040319339185742976,0.46236837,2206.6489277822266,3.5359534559916597,1.52213415E-5,19.577349,0.014766606,0.11193217,0.024689468,0.023658652,0.009615789,0.081420034,0.027757475,0.69043255,0.007351169,0.05516277,0.015867302,0.30922937,0.039551627,null,null,null,null,"TWOGAUSSIANS",8,4.333823,0.69043255,0.007351169,0.3089115,0.08885689,0.30922937,0.039551627,0.11193217,0.024689468,0.13248844,0.053848423,0.081420034,0.027757475
375316653866487564,2040319510987100544,0.57179546,2215.599034409854,3.0732846949069947,8.0100535E-6,18.780703,0.014772427,0.2067907,0.0022734185,0.049293015,0.005023176,0.34911084,0.038088515,0.69714594,0.0041364585,0.05660405,0.005386595,0.49320495,0.042885114,0.10098464,0.017793434,0.2067907,0.0022734185,"TWOGAUSSIANS_WITH_ELLIPSOIDAL_ON_ECLIPSE1",9,3.7051113,0.69804597,0.003719187,0.3169827,0.030164935,0.6944885,0.04643002,0.2067907,0.0022734185,0.27604088,0.028129786,0.55106586,0.030382391
375316653866487564,2040322324183893376,0.47422808,2211.228044710994,2.7587304671612065,1.8413644E-5,16.66826,0.0018982296,0.40069547,0.004359277,0.04080269,0.00947603,0.023638107,0.0026521862,0.875418,0.0020270047,0.04209782,0.0032924414,0.06049716,0.0041841455,null,null,null,null,"TWOGAUSSIANS",8,5.452871,0.875418,0.0020270047,0.2357478,0.018437672,0.06049716,0.0041841455,0.40069547,0.004359277,0.22849508,0.05306577,0.023638107,0.002652187
375316653866487564,2040323256195684096,0.61038524,2237.9762047405275,0.026386781535795812,3.2774293E-5,16.273901,5.8533245E-4,0.21335945,2.1775634E-6,8.2929817E-4,9.1716065E-6,0.40596226,0.0052125803,0.88633037,0.03504909,0.03074182,0.04198389,0.012229737,109.81092,null,null,null,null,"TWOGAUSSIANS",8,1.997382,0.21335945,2.1775634E-6,0.0046440694,5.1360996E-5,0.40596226,0.0052125803,0.88633037,0.03504909,0.17215419,0.2351098,0.012229737,109.81092
375316653866487564,2040326589090404480,0.6290164,2229.2131363316407,3.3217834715614716,3.2371815E-6,15.879972,0.0075903405,0.23015174,0.0021298763,0.04843838,0.0036962228,0.3786068,0.037813906,0.72801906,0.00164933,0.055433653,0.0021874704,0.43033394,0.023038754,0.10763911,0.011081651,0.23015174,0.0021298763,"TWOGAUSSIANS_WITH_ELLIPSOIDAL_ON_ECLIPSE1",9,40.449146,0.7282491,0.0013819855,0.31042847,0.012249834,0.64556277,0.018199127,0.23015174,0.0021298763,0.27125493,0.020698847,0.5938701,0.041985285
375316653866487564,2040330914115381632,0.49443614,2240.2113295292356,4.10248018229692,1.5196516E-5,19.472893,0.010200224,0.2511908,0.007750258,0.085756846,0.008918773,0.26313168,0.020689491,0.75204533,0.0039257486,0.084236935,0.0069742305,0.26018673,0.012894614,null,null,null,null,"TWOGAUSSIANS",8,1.9378737,0.2511908,0.007750258,0.4,0.0,0.2563118,0.022085749,0.75204533,0.0039257486,0.4,0.0,0.25336686,0.012830021
