Gaia/vari_eclipsing_binary/VariEclipsingBinary_675956-676009.csv
# %ECSV 1.0
# ---
# delimiter: ','
# meta: !!omap
# - RELEASE: Gaia DR3
# - TABLE: vari_eclipsing_binary
# - DESCRIPTION: >
#     This table describes the properties of the eclipsing binaries resulting from the variability analysis. 
# - CITATION: >
#     How to cite and acknowledge Gaia: 
#     https://gea.esac.esa.int/archive/documentation/credits.html 
# - KNOWN_ISSUES: >
#     Known issues: 
#     https://www.cosmos.esa.int/web/gaia-users/known-issues 
# - DOCUMENTATION: >
#     Tutorials and documentation: 
#     https://www.cosmos.esa.int/web/gaia-users/archive 
# datatype:
# - 
#   name: solution_id
#   datatype: int64
#   description: Solution Identifier
#   meta:
#     ucd: meta.version
# - 
#   name: source_id
#   datatype: int64
#   description: Unique source identifier
#   meta:
#     ucd: meta.id;meta.main
# - 
#   name: global_ranking
#   datatype: float32
#   description: Number between 0 (worst) and 1 (best)
#   meta:
#     ucd: stat.param
# - 
#   name: reference_time
#   datatype: float64
#   unit: d
#   description: Reference time used for the geometric model fit
#   meta:
#     ucd: time.epoch
# - 
#   name: frequency
#   datatype: float64
#   unit: d**-1
#   description: Frequency of geometric model of the eclipsing binary light curve
#   meta:
#     ucd: src.orbital
# - 
#   name: frequency_error
#   datatype: float32
#   unit: d**-1
#   description: "Uncertainty of \\texttt{frequency}"
#   meta:
#     ucd: stat.error
# - 
#   name: geom_model_reference_level
#   datatype: float32
#   unit: mag
#   description: Magnitude reference level of geometric model
#   meta:
#     ucd: phot.mag;em.opt
# - 
#   name: geom_model_reference_level_error
#   datatype: float32
#   unit: mag
#   description: "Uncertainty of \\texttt{geomModelReferenceLevel}"
#   meta:
#     ucd: stat.error;phot.mag;em.opt
# - 
#   name: geom_model_gaussian1_phase
#   datatype: float32
#   description: Phase of the Gaussian 1 component
#   meta:
#     ucd: time.phase
# - 
#   name: geom_model_gaussian1_phase_error
#   datatype: float32
#   description: "Uncertainty of \\texttt{geomModelGaussian1Phase}"
#   meta:
#     ucd: stat.error;time.phase
# - 
#   name: geom_model_gaussian1_sigma
#   datatype: float32
#   description: "Standard deviation [phase] of Gaussian 1 component"
#   meta:
#     ucd: stat.stdev
# - 
#   name: geom_model_gaussian1_sigma_error
#   datatype: float32
#   description: "Uncertainty of \\texttt{geomModelGaussian1Sigma}"
#   meta:
#     ucd: stat.error
# - 
#   name: geom_model_gaussian1_depth
#   datatype: float32
#   unit: mag
#   description: Magnitude depth of Gaussian 1 component
#   meta:
#     ucd: src.var.amplitude
# - 
#   name: geom_model_gaussian1_depth_error
#   datatype: float32
#   unit: mag
#   description: "Uncertainty of \\texttt{geomModelGaussian1Depth}"
#   meta:
#     ucd: stat.error;src.var.amplitude
# - 
#   name: geom_model_gaussian2_phase
#   datatype: float32
#   description: Phase of Gaussian 2 component
#   meta:
#     ucd: time.phase
# - 
#   name: geom_model_gaussian2_phase_error
#   datatype: float32
#   description: "Uncertainty of \\texttt{geomModelGaussian2Phase}"
#   meta:
#     ucd: stat.error;time.phase
# - 
#   name: geom_model_gaussian2_sigma
#   datatype: float32
[...]
#   datatype: float32
#   description: "Secondary eclipse: uncertainty of \\texttt{derivedSecondaryEclDuration}"
#   meta:
#     ucd: stat.error;time.duration
# - 
#   name: derived_secondary_ecl_depth
#   datatype: float32
#   unit: mag
#   description: "Secondary eclipse: depth"
#   meta:
#     ucd: src.var.amplitude
# - 
#   name: derived_secondary_ecl_depth_error
#   datatype: float32
#   unit: mag
#   description: "Secondary eclipse: uncertainty of \\texttt{derivedSecondaryEclDepth}"
#   meta:
#     ucd: stat.error;src.var.amplitude
solution_id,source_id,global_ranking,reference_time,frequency,frequency_error,geom_model_reference_level,geom_model_reference_level_error,geom_model_gaussian1_phase,geom_model_gaussian1_phase_error,geom_model_gaussian1_sigma,geom_model_gaussian1_sigma_error,geom_model_gaussian1_depth,geom_model_gaussian1_depth_error,geom_model_gaussian2_phase,geom_model_gaussian2_phase_error,geom_model_gaussian2_sigma,geom_model_gaussian2_sigma_error,geom_model_gaussian2_depth,geom_model_gaussian2_depth_error,geom_model_cosine_half_period_amplitude,geom_model_cosine_half_period_amplitude_error,geom_model_cosine_half_period_phase,geom_model_cosine_half_period_phase_error,model_type,num_model_parameters,reduced_chi2,derived_primary_ecl_phase,derived_primary_ecl_phase_error,derived_primary_ecl_duration,derived_primary_ecl_duration_error,derived_primary_ecl_depth,derived_primary_ecl_depth_error,derived_secondary_ecl_phase,derived_secondary_ecl_phase_error,derived_secondary_ecl_duration,derived_secondary_ecl_duration_error,derived_secondary_ecl_depth,derived_secondary_ecl_depth_error
375316653866487564,5945772473399140480,0.5381662,2275.9530005265096,3.374705847365209,6.061053E-6,19.494976,0.012657584,0.23383425,0.0026175242,0.06426638,0.0028436596,0.66981524,0.02522503,0.7296211,0.0028999837,0.066373445,0.0035867933,0.6051279,0.04298056,null,null,null,null,"TWOGAUSSIANS",8,3.36993,0.23383425,0.0026175242,0.35989174,0.015924495,0.6690742,0.025179064,0.7296211,0.0028999837,0.37169132,0.020086043,0.60438675,0.043095164
375316653866487564,5945778005315265536,0.56019014,2321.1214328588185,1.2499140890865619,6.923133E-6,14.247402,0.0070079765,0.16819313,0.011683211,0.06162184,0.03185413,0.05280186,0.02064389,0.6660863,0.003278712,0.03284589,0.0041269795,0.14307517,0.015769474,0.014964339,0.007422776,0.16819313,0.011683211,"TWOGAUSSIANS_WITH_ELLIPSOIDAL_ON_ECLIPSE1",9,23.71529,0.6661263,0.0032002789,0.18393698,0.023111084,0.17298478,0.009474067,0.16819313,0.011683211,0.3450823,0.17838314,0.08271662,0.021560064
375316653866487564,5945778726869782784,0.5478032,2322.7937595122794,0.11295121504295279,1.2180533E-5,14.17093,0.0015158708,0.35904637,0.009067582,0.03453089,0.012017227,0.023438007,0.0042556715,0.7149054,0.0024127553,0.01785916,0.0016841856,0.11529821,0.005819351,0.040582284,0.00226148,0.7149054,0.0024127553,"TWOGAUSSIANS_WITH_ELLIPSOIDAL_ON_ECLIPSE2",9,40.8558,0.7149054,0.0024127553,0.1000113,0.009431439,0.19646277,0.004607362,0.21497636,0.0024349885,0.19337298,0.06729647,0.08116843,0.0045186724
375316653866487564,5945780376137346432,0.6161019,2339.1736801193156,1.9521991907693284,5.3852796E-6,16.684975,0.0060131233,0.27813965,0.0020574895,0.08288118,0.0028362758,0.3297398,0.010158096,0.78146833,0.0020839132,0.11368579,0.0054442193,0.13682885,0.0056963344,null,null,null,null,"TWOGAUSSIANS",8,3.3594437,0.27813965,0.0020574895,0.4,0.0,0.3154342,0.009873694,0.78146833,0.0020839132,0.4,0.0,0.12250584,0.0025722282
375316653866487564,5945780861482756736,0.5678394,2275.731311330446,2.4338519380899792,6.1900637E-6,15.883273,0.012458482,0.258181,0.0068103336,0.0772729,0.008794655,0.35503674,0.011958134,0.7410947,0.001439422,0.07478802,0.0040233578,0.40614805,0.015311263,null,null,null,null,"TWOGAUSSIANS",8,62.23722,0.7410947,0.001439422,0.4,0.0,0.40380964,0.015116128,0.258181,0.0068103336,0.4,3.620387E-4,0.35269833,0.011482998
375316653866487564,5945783812112989440,0.5925399,2269.886412948327,3.949749590598141,1.5800388E-5,19.054148,0.028240575,0.21560669,0.0045308317,0.052638683,0.0077061923,0.3646584,0.06261252,0.7167196,0.0119562885,0.047969654,0.01275254,0.33696643,0.07217612,0.11451374,0.036717046,0.21560669,0.0045308317,"TWOGAUSSIANS_WITH_ELLIPSOIDAL_ON_ECLIPSE1",9,4.2375784,0.21560669,0.0045308317,0.29477662,0.04315468,0.5936806,0.023554934,0.7167196,0.011439435,0.26863006,0.071414225,0.56597745,0.032969788
375316653866487564,5945785117780487296,0.5512891,2335.3632419872474,0.008596149015031472,8.76412E-6,11.915028,0.007660189,0.17478551,0.012793442,0.06685482,0.0045245234,0.10680929,0.01612966,0.71075577,0.0016902034,0.0703342,0.004824943,0.17058106,0.023423003,0.013420302,0.009086856,0.71075577,0.0016902034,"TWOGAUSSIANS_WITH_ELLIPSOIDAL_ON_ECLIPSE2",9,158.3875,0.71075577,0.0016902034,0.39387152,0.02701968,0.19714111,0.018053332,0.1776455,0.009977238,0.374387,0.025337331,0.13212664,0.005744296
375316653866487564,5945786324681417856,0.6305876,2298.1311338521846,0.5665537870901248,5.010886E-5,16.968761,0.0011057458,0.42561457,0.008119025,0.011036439,0.0069033112,0.015257916,2.7996628,0.6342845,0.0033582393,0.016626885,0.004451506,0.7034637,0.19242144,null,null,null,null,"TWOGAUSSIANS",8,3.9008527,0.6342845,0.0033582393,0.093110554,0.024928434,0.7034637,0.19242144,0.42561457,0.008119025,0.06180406,0.038658544,0.015257916,2.7996628
375316653866487564,5945786938862224896,0.48435026,2305.8281161867603,3.7563740974008644,2.187656E-5,18.757542,0.013584821,0.15531419,0.006292704,0.094117925,0.011746519,0.18565828,0.015495616,0.6643044,0.0104543,0.09021917,0.014438172,0.16619776,0.01384842,null,null,null,null,"TWOGAUSSIANS",8,2.1089942,0.15531419,0.006292704,0.4,0.0,0.17788689,0.015233383,0.6643044,0.0104543,0.4,0.0,0.15842658,0.011839852
375316653866487564,5945787797841000192,0.5845219,2291.7051782425356,2.900828516470719,7.729042E-6,17.458584,0.014319023,0.2587753,0.0024556022,0.05346917,0.005798219,0.20471776,0.03247802,0.7614704,0.0041874554,0.05434222,0.00819861,0.22115275,0.03040506,0.10078349,0.01618219,0.2587753,0.0024556022,"TWOGAUSSIANS_WITH_ELLIPSOIDAL_ON_ECLIPSE1",9,10.108448,0.7614704,0.0041874554,0.30431643,0.045912214,0.42265326,0.020199105,0.2587753,0.0024556022,0.29942733,0.032470025,0.40627605,0.010869486
375316653866487564,5945788553769922560,0.5033011,2292.756224927584,2.2509978578911927,4.082218E-6,19.204258,0.0069186226,0.54184556,0.0013027749,0.0050306222,7.5926294E-4,1.0286211,0.2641723,0.6919893,0.059052043,0.0956188,0.07313316,0.042481355,0.015654622,null,null,null,null,"TWOGAUSSIANS",8,4.3311205,0.5418556,0.0013031566,0.028171483,0.004251872,1.0410031,0.263808,0.6919893,0.059052043,0.4,0.18508913,0.04248126,0.015654735
375316653866487564,5945789520143903360,0.46752763,2297.985326273886,0.03715963533947454,5.7185367E-5,18.956894,0.013411366,0.16003478,0.028644133,0.069340155,0.019535584,0.14137104,0.02180089,0.5574639,0.015802598,0.10693183,0.016352456,0.26574385,0.028277824,null,null,null,null,"TWOGAUSSIANS",8,5.5968437,0.5574639,0.015802598,0.4,0.0,0.2645688,0.028407382,0.16035478,0.0288494,0.38830486,0.107130386,0.14046349,0.021272669
375316653866487564,5945790860166964096,0.6292839,2311.4352331721775,3.3569475273628337,5.95072E-6,15.250106,0.0069327718,0.2348237,0.0014315828,0.039962027,0.0030580913,0.41228423,0.02589307,0.72949636,0.002679339,0.043735705,0.0022846141,0.5368739,0.02647952,0.13349989,0.009869052,0.2348237,0.0014315828,"TWOGAUSSIANS_WITH_ELLIPSOIDAL_ON_ECLIPSE1",9,88.4136,0.7298663,0.0024768007,0.24491994,0.012793839,0.8035952,0.024188712,0.2348237,0.0014315828,0.22378735,0.01712531,0.67928374,0.02713802
375316653866487564,5945791959678554240,0.4226231,2276.7560014422297,0.1172660886333846,1.4627215E-5,16.782896,0.008010337,0.95399797,0.0026529427,0.0076172748,0.001713238,0.18388264,0.04293676,0.5545838,0.015716659,0.04863994,0.032527965,0.6034284,0.263341,null,null,null,null,"TWOGAUSSIANS",8,12.457604,0.5545838,0.015716659,0.27238366,0.1658854,0.6034284,0.263341,0.95399797,0.0026529427,0.04265674,0.009594133,0.18388264,0.04293676
375316653866487564,5945792371995417984,0.54480237,2314.2648140395463,2.1848636188813098,1.1685235E-5,18.426289,0.02123053,0.2475648,0.003274354,0.100455165,0.00812569,0.30069587,0.01896976,0.7465308,0.0028446754,0.10513594,0.010946491,0.27165547,0.018161725,null,null,null,null,"TWOGAUSSIANS",8,2.5723062,0.2475648,0.003274354,0.4,0.0,0.27142218,0.010809741,0.7465308,0.0028446754,0.4,0.0,0.24237761,0.017394457
375316653866487564,5945793329760811136,0.5244309,2318.451656223352,2.784805178850638,1.5508647E-5,18.84631,0.018405005,0.18076082,0.008867602,0.0910314,0.011116449,0.3971717,0.031370815,0.6758275,0.0024066293,0.08784764,0.0057775164,0.38361472,0.01755151,null,null,null,null,"TWOGAUSSIANS",8,4.034813,0.18076082,0.008867602,0.4,0.0,0.38264042,0.03145122,0.6758275,0.0024066293,0.4,0.0,0.3690836,0.012082607
375316653866487564,5945794669789928960,0.48739234,2301.8682212243507,0.7072233004947315,6.484785E-5,18.474926,0.009252017,0.1462331,0.007304791,0.063605666,0.0071594417,0.28267676,0.029752001,0.6460098,0.011836969,0.07347123,0.012482006,0.21109468,0.018744932,null,null,null,null,"TWOGAUSSIANS",8,8.11378,0.1462331,0.007304791,0.35619172,0.04009287,0.28205916,0.029817088,0.6460098,0.011836969,0.4,0.04258315,0.21047707,0.018789595
375316653866487564,5945795116468805760,0.5483709,2292.0778201041385,1.7812980875093123,8.911399E-6,13.066987,0.048060033,0.1901546,0.0027257355,0.119014405,0.02104916,0.204007,0.043615397,0.708836,0.004799709,0.120690204,0.03464388,0.14489353,0.041869815,null,null,null,null,"TWOGAUSSIANS",8,76.08171,0.1900746,0.0025904651,0.4,0.0,0.17116748,0.009153455,0.70897603,0.004820281,0.4,0.0,0.11206153,0.010087782
375316653866487564,5945795322627903232,0.55947226,2310.2136676375203,3.487352879569288,9.901983E-6,18.796999,0.013832801,0.22879434,0.0049023773,0.08530551,0.008747741,0.27329066,0.013532363,0.7362307,0.0023611477,0.07135488,0.004706199,0.28445643,0.015054937,null,null,null,null,"TWOGAUSSIANS",8,2.6242151,0.7362307,0.0023611477,0.39958733,0.017356465,0.28153652,0.013635569,0.22879434,0.0049023773,0.4,0.0,0.27037072,0.012004512
375316653866487564,5945797766460989312,0.426819,2316.197218516275,1.070402474297883,3.594809E-5,18.21816,0.011922596,0.30329487,0.02592898,0.14275917,0.03939488,0.094249085,0.010931481,0.92572993,0.010784016,0.021632414,0.005366896,0.072992064,0.02692628,null,null,null,null,"TWOGAUSSIANS",8,6.398584,0.30329487,0.02592898,0.4,0.0,0.09384017,0.010157321,0.92607,0.010754176,0.121141516,0.030054616,0.07545259,0.027709184
375316653866487564,5945797835194296576,0.52882624,2323.250316935366,2.9181521989913994,1.8142602E-5,18.657515,0.013517264,0.26373297,0.0046763984,0.083803,0.0065204115,0.3083705,0.016165443,0.761735,0.0047788788,0.083800316,0.0069540017,0.3466706,0.019511951,null,null,null,null,"TWOGAUSSIANS",8,3.815155,0.761735,0.0047788788,0.4,0.0,0.33930072,0.019404022,0.26373297,0.0046763984,0.4,0.0,0.30100065,0.014582817
375316653866487564,5945798178778186880,0.50966984,2320.9227392432535,3.7500886225925423,1.4063777E-5,19.188675,0.018426688,0.2530288,0.0050330954,0.08053977,0.0074513857,0.41636124,0.026031591,0.76781416,0.0038222424,0.08248402,0.006309347,0.38009813,0.02002869,null,null,null,null,"TWOGAUSSIANS",8,2.6166127,0.2530288,0.0050330954,0.4,0.0,0.4109262,0.02601704,0.76781416,0.0038222424,0.4,0.0,0.37466308,0.01817037
375316653866487564,5945798797266545024,0.5697384,2320.6895774295253,0.4839293250974342,1.09663015E-5,15.411258,0.0020149576,0.30337378,0.0028420605,0.029517438,0.0036391637,0.21398774,0.01620517,0.79905623,0.0118771335,0.024804227,0.005187631,0.31472227,0.056412622,0.010837044,0.003728997,0.30337378,0.0028420605,"TWOGAUSSIANS_WITH_ELLIPSOIDAL_ON_ECLIPSE1",9,29.644966,0.79906625,0.011864475,0.13890368,0.029050734,0.33638042,0.054553792,0.30337378,0.0028420605,0.16529766,0.020379316,0.23566179,0.017403442
375316653866487564,5945800480893779584,0.6191783,2285.2945631133703,1.8883389524494227,6.7498595E-6,16.265238,0.0046362258,0.2552913,0.0015685369,0.087044224,0.0022061164,0.32838526,0.0060161636,0.76919395,0.0019399531,0.08932555,0.0030393647,0.17273694,0.0047767423,null,null,null,null,"TWOGAUSSIANS",8,6.9072423,0.2552913,0.0015685369,0.4,0.0,0.32163632,0.005508858,0.76919395,0.0019399531,0.4,0.0,0.16598797,0.003829654
375316653866487564,5945800515253523840,0.6788307,2274.983101276132,1.3456729638346234,2.8139184E-6,15.361583,0.0023204298,0.2474679,7.222803E-4,0.03480808,7.3371426E-4,0.74780744,0.016469648,0.74702007,0.0020703913,0.03431011,0.0022601585,0.12586445,0.009695407,0.01903475,0.0033333832,0.2474679,7.222803E-4,"TWOGAUSSIANS_WITH_ELLIPSOIDAL_ON_ECLIPSE1",9,16.33109,0.2474679,7.222803E-4,0.19492525,0.0041088,0.785877,0.017810496,0.7470301,0.002026529,0.19213663,0.012656887,0.16393365,0.008321479
375316653866487564,5945800927570461696,0.52133656,2273.653757888489,3.1233177002856816,1.0287135E-5,17.661617,0.027173955,0.20753746,0.00488157,0.12271758,0.011170719,0.2036021,0.026586454,0.6665601,0.0048387586,0.12591325,0.0122949695,0.22388168,0.02539728,null,null,null,null,"TWOGAUSSIANS",8,4.4204855,0.6665601,0.0048387586,0.4,0.0,0.18403359,0.005066501,0.20811746,0.0045046387,0.4,0.0,0.16387062,0.0075598476
375316653866487564,5945801129416802048,0.5804321,2271.875156661097,3.819895368823218,4.0030945E-6,19.051273,0.010246725,0.27749678,0.0010746222,0.046314973,0.0041476167,0.38401905,0.029844983,0.78113616,0.0021771032,0.052495066,0.0033669819,0.413586,0.034864586,0.09794273,0.019985063,0.27749678,0.0010746222,"TWOGAUSSIANS_WITH_ELLIPSOIDAL_ON_ECLIPSE1",9,2.0274374,0.78113616,0.0021771032,0.29397237,0.018855099,0.60936534,0.02721193,0.27749678,0.0010746222,0.25936386,0.023226652,0.5799008,0.03530314
375316653866487564,5945801202434183424,0.5380356,2282.963407092088,2.15339143733704,8.574512E-6,18.817062,0.003781083,0.25546136,0.0013389514,0.042627346,0.001891451,0.39908805,0.030077001,0.7572197,0.0023796775,0.04709149,0.003541213,0.3262486,0.025435844,null,null,null,null,"TWOGAUSSIANS",8,2.0161784,0.25546136,0.0013389514,0.23871313,0.010592125,0.39908794,0.030077074,0.7572197,0.0023796775,0.26371235,0.019830793,0.32624847,0.025435971
375316653866487564,5945803156648844288,0.49004018,2317.525979803696,3.4612915995462257,1.1577234E-5,19.574854,0.012501371,0.28102255,0.0027783772,0.085441485,0.005417836,0.3756388,0.02470116,0.77605397,0.0038435948,0.083006196,0.0057001295,0.3485932,0.013750331,null,null,null,null,"TWOGAUSSIANS",8,2.0746837,0.28102255,0.0027783772,0.4,0.0,0.36754182,0.025373831,0.77605397,0.0038435948,0.4,0.0,0.34049624,0.011987184
375316653866487564,5945805493105290624,0.55765486,2320.7014267453105,4.30846411216858,1.2692136E-5,17.720654,0.011906668,0.25222802,0.0029523068,0.048638675,0.010666734,0.25349107,0.029493988,0.7568109,0.0015849593,0.043982994,0.003782988,0.31028682,0.027344536,0.11925305,0.017221238,0.25222802,0.0029523068,"TWOGAUSSIANS_WITH_ELLIPSOIDAL_ON_ECLIPSE1",9,17.277357,0.7568109,0.0015849593,0.24630478,0.021184733,0.54859424,0.014449959,0.25222802,0.0029523068,0.27237657,0.059733707,0.4919962,0.0302383
375316653866487564,5945805497402370432,0.47250035,2326.928078784568,2.9559605435861833,5.7972018E-5,18.541117,0.08822309,0.251447,0.0036593394,0.18114932,0.031163843,0.5031547,0.070733726,0.74589586,0.0047715018,0.19747671,0.035761,0.5212619,0.09958681,null,null,null,null,"TWOGAUSSIANS",8,2.0339427,0.254887,0.004019922,0.4,0.0,0.12526876,0.0061971983,0.74589586,0.0047715018,0.4,0.0,0.12333872,0.006291979
375316653866487564,5945809513199971840,0.5444479,2289.7897598472186,3.1715370590720235,1.003051E-5,18.717285,0.0075044255,0.22090563,0.0014557962,0.0832927,0.0034731806,0.37494215,0.013094692,0.7223906,0.0046056346,0.078312226,0.0058737868,0.36802188,0.012087847,null,null,null,null,"TWOGAUSSIANS",8,1.7838148,0.22090563,0.0014557962,0.4,0.0,0.36891872,0.013612033,0.7223906,0.0046056346,0.4,0.0,0.36199847,0.012141279
375316653866487564,5945810617002538496,0.56353146,2318.6475730282687,2.644836624835452,5.989215E-5,18.455778,0.0020627026,0.46147078,3.5622387E-4,0.0066758883,4.953835E-4,0.92283684,0.18732134,null,null,null,null,null,null,null,null,null,null,"ONEGAUSSIAN",5,1.8338399,0.46147078,3.5622387E-4,0.037384972,0.0027741475,0.92283684,0.0,null,null,null,null,null,null
375316653866487564,5945811338573115392,0.546541,2291.1665115775536,3.9407063046264463,1.0367102E-5,19.256044,0.0089976685,0.24591734,0.0043791085,0.035234876,0.0119837755,0.36155638,0.052539997,0.73393035,0.011778978,0.022625325,0.009657401,0.12409184,0.04571432,0.17193176,0.013297555,0.24591734,0.0043791085,"TWOGAUSSIANS_WITH_ELLIPSOIDAL_ON_ECLIPSE1",9,3.9991448,0.24591734,0.0043791085,0.1973153,0.067109145,0.7054198,0.06386139,0.7351403,0.009308001,0.12670182,0.054081444,0.46620366,0.05124269
375316653866487564,5945812369349736960,0.44155037,2331.723139050303,1.8801966031071793,7.029556E-5,19.154377,0.019166755,0.20420745,0.018457508,0.052746195,0.027437411,0.16533756,0.053088196,0.6985506,0.013778097,0.06246443,0.012198288,0.26904276,0.05096738,null,null,null,null,"TWOGAUSSIANS",8,4.883558,0.6985506,0.013778097,0.3498008,0.06831042,0.26901463,0.050950125,0.20420745,0.018457508,0.29537868,0.1536495,0.16530941,0.05310384
