Gaia/vari_eclipsing_binary/VariEclipsingBinary_459947-459958.csv
# %ECSV 1.0
# ---
# delimiter: ','
# meta: !!omap
# - RELEASE: Gaia DR3
# - TABLE: vari_eclipsing_binary
# - DESCRIPTION: >
#     This table describes the properties of the eclipsing binaries resulting from the variability analysis. 
# - CITATION: >
#     How to cite and acknowledge Gaia: 
#     https://gea.esac.esa.int/archive/documentation/credits.html 
# - KNOWN_ISSUES: >
#     Known issues: 
#     https://www.cosmos.esa.int/web/gaia-users/known-issues 
# - DOCUMENTATION: >
#     Tutorials and documentation: 
#     https://www.cosmos.esa.int/web/gaia-users/archive 
# datatype:
# - 
#   name: solution_id
#   datatype: int64
#   description: Solution Identifier
#   meta:
#     ucd: meta.version
# - 
#   name: source_id
#   datatype: int64
#   description: Unique source identifier
#   meta:
#     ucd: meta.id;meta.main
# - 
#   name: global_ranking
#   datatype: float32
#   description: Number between 0 (worst) and 1 (best)
#   meta:
#     ucd: stat.param
# - 
#   name: reference_time
#   datatype: float64
#   unit: d
#   description: Reference time used for the geometric model fit
#   meta:
#     ucd: time.epoch
# - 
#   name: frequency
#   datatype: float64
#   unit: d**-1
#   description: Frequency of geometric model of the eclipsing binary light curve
#   meta:
#     ucd: src.orbital
# - 
#   name: frequency_error
#   datatype: float32
#   unit: d**-1
#   description: "Uncertainty of \\texttt{frequency}"
#   meta:
#     ucd: stat.error
# - 
#   name: geom_model_reference_level
#   datatype: float32
#   unit: mag
#   description: Magnitude reference level of geometric model
#   meta:
#     ucd: phot.mag;em.opt
# - 
#   name: geom_model_reference_level_error
#   datatype: float32
#   unit: mag
#   description: "Uncertainty of \\texttt{geomModelReferenceLevel}"
#   meta:
#     ucd: stat.error;phot.mag;em.opt
# - 
#   name: geom_model_gaussian1_phase
#   datatype: float32
#   description: Phase of the Gaussian 1 component
#   meta:
#     ucd: time.phase
# - 
#   name: geom_model_gaussian1_phase_error
#   datatype: float32
#   description: "Uncertainty of \\texttt{geomModelGaussian1Phase}"
#   meta:
#     ucd: stat.error;time.phase
# - 
#   name: geom_model_gaussian1_sigma
#   datatype: float32
#   description: "Standard deviation [phase] of Gaussian 1 component"
#   meta:
#     ucd: stat.stdev
# - 
#   name: geom_model_gaussian1_sigma_error
#   datatype: float32
#   description: "Uncertainty of \\texttt{geomModelGaussian1Sigma}"
#   meta:
#     ucd: stat.error
# - 
#   name: geom_model_gaussian1_depth
#   datatype: float32
#   unit: mag
#   description: Magnitude depth of Gaussian 1 component
#   meta:
#     ucd: src.var.amplitude
# - 
#   name: geom_model_gaussian1_depth_error
#   datatype: float32
#   unit: mag
#   description: "Uncertainty of \\texttt{geomModelGaussian1Depth}"
#   meta:
#     ucd: stat.error;src.var.amplitude
# - 
#   name: geom_model_gaussian2_phase
#   datatype: float32
#   description: Phase of Gaussian 2 component
#   meta:
#     ucd: time.phase
# - 
#   name: geom_model_gaussian2_phase_error
#   datatype: float32
#   description: "Uncertainty of \\texttt{geomModelGaussian2Phase}"
#   meta:
#     ucd: stat.error;time.phase
# - 
#   name: geom_model_gaussian2_sigma
#   datatype: float32
[...]
#   datatype: float32
#   description: "Secondary eclipse: uncertainty of \\texttt{derivedSecondaryEclDuration}"
#   meta:
#     ucd: stat.error;time.duration
# - 
#   name: derived_secondary_ecl_depth
#   datatype: float32
#   unit: mag
#   description: "Secondary eclipse: depth"
#   meta:
#     ucd: src.var.amplitude
# - 
#   name: derived_secondary_ecl_depth_error
#   datatype: float32
#   unit: mag
#   description: "Secondary eclipse: uncertainty of \\texttt{derivedSecondaryEclDepth}"
#   meta:
#     ucd: stat.error;src.var.amplitude
solution_id,source_id,global_ranking,reference_time,frequency,frequency_error,geom_model_reference_level,geom_model_reference_level_error,geom_model_gaussian1_phase,geom_model_gaussian1_phase_error,geom_model_gaussian1_sigma,geom_model_gaussian1_sigma_error,geom_model_gaussian1_depth,geom_model_gaussian1_depth_error,geom_model_gaussian2_phase,geom_model_gaussian2_phase_error,geom_model_gaussian2_sigma,geom_model_gaussian2_sigma_error,geom_model_gaussian2_depth,geom_model_gaussian2_depth_error,geom_model_cosine_half_period_amplitude,geom_model_cosine_half_period_amplitude_error,geom_model_cosine_half_period_phase,geom_model_cosine_half_period_phase_error,model_type,num_model_parameters,reduced_chi2,derived_primary_ecl_phase,derived_primary_ecl_phase_error,derived_primary_ecl_duration,derived_primary_ecl_duration_error,derived_primary_ecl_depth,derived_primary_ecl_depth_error,derived_secondary_ecl_phase,derived_secondary_ecl_phase_error,derived_secondary_ecl_duration,derived_secondary_ecl_duration_error,derived_secondary_ecl_depth,derived_secondary_ecl_depth_error
[from data line 527]
375316653866487564,4045799067599578880,0.54312176,2318.4570620902346,0.38091078018658964,1.09783134E-4,19.351557,0.009459364,0.5158357,0.07063819,0.052155893,0.07938502,0.36073917,0.4724401,0.27980718,0.08259529,0.07879732,0.059896354,0.17545795,0.04023784,null,null,null,null,"TWOGAUSSIANS",8,2.6349971,0.51525575,0.06995301,0.292073,0.29197896,0.36273715,0.46992302,0.27984717,0.07740779,0.4,0.23283467,0.17547084,0.019869251
375316653866487564,4045799342476346752,0.47586456,2250.8462238899406,0.6250705520144739,4.94724E-5,18.53768,0.0314798,0.20719579,0.020900432,0.084143914,0.02024734,0.22659463,0.03769202,0.59662145,0.06558866,0.07076129,0.05887431,0.30539688,0.07229917,null,null,null,null,"TWOGAUSSIANS",8,11.4518795,0.59662145,0.06558866,0.39626324,0.032243036,0.30518344,0.09734331,0.20719579,0.020800894,0.4,0.0,0.22637618,0.024783062
375316653866487564,4045799376933193088,0.46771124,2282.711882231084,0.4149543568962671,4.017216E-5,17.598606,0.0052938065,0.5091721,0.02098712,0.15446006,0.033095393,0.087249935,0.012836371,0.8852707,0.008448886,0.033563387,0.015099237,0.041995015,0.02038736,null,null,null,null,"TWOGAUSSIANS",8,3.9640641,0.5091721,0.02098712,0.4,0.0,0.08629454,0.014280986,0.8852707,0.008448886,0.18795498,0.08455572,0.045565832,0.020204034
375316653866487564,4045799411195790080,0.47745305,2276.631595511492,0.1197493249254503,2.8602026E-5,19.460873,0.03649097,0.33325928,0.012637858,0.084774464,0.024244696,0.21231903,0.02577579,0.82045,0.006038005,0.073739715,0.017057352,0.2623253,0.06233959,null,null,null,null,"TWOGAUSSIANS",8,2.1867092,0.82045,0.006038005,0.4,0.056354336,0.2598342,0.06198484,0.33325928,0.012637858,0.4,0.0,0.2098279,0.019414943
375316653866487564,4045799480012402304,0.5102852,2249.806010240472,0.21320489619038846,7.773619E-5,15.418131,0.002230309,0.13852386,0.079858065,0.01933648,0.03207188,0.14684859,0.3387623,0.8221434,0.009919715,0.018513247,0.0058438117,0.2667391,2.8392048,null,null,null,null,"TWOGAUSSIANS",8,21.741953,0.8221434,0.009919715,0.10367419,0.032725345,0.2667391,2.8392048,0.13852386,0.079858065,0.10828429,0.17960253,0.14684859,0.3387623
375316653866487564,4045799509970229504,0.46032086,2233.9822690842752,2.0200975897608915,1.9054027E-5,18.376165,0.13747369,0.28768542,0.008507346,0.2161009,0.10980558,0.18453147,0.1285905,0.7785463,0.0064199227,0.09455588,0.027000094,0.106087044,0.0505578,null,null,null,null,"TWOGAUSSIANS",8,2.1334045,0.28768542,0.008507015,0.4,0.0,0.10796566,0.017628228,0.7785463,0.0064199227,0.4,0.0,0.054999817,0.014378076
375316653866487564,4045799617354343040,0.63965255,2261.9712266338056,1.5741289718342928,6.0194993E-6,17.640625,0.025293611,0.28375062,0.0034582566,0.055531185,0.012750163,0.25906795,0.09717301,0.7842449,0.011129411,0.050284903,0.026782978,0.27145213,0.10967092,0.119763955,0.027638704,0.28375062,0.0034582566,"TWOGAUSSIANS_WITH_ELLIPSOIDAL_ON_ECLIPSE1",9,3.5246785,0.7842449,0.011039719,0.28159547,0.12397646,0.5109657,0.1493913,0.28375062,0.0034582566,0.31097463,0.07140091,0.49858385,0.09899788
375316653866487564,4045799720435286528,0.43299422,2307.184333468401,1.5853766766622523,4.7930356E-5,18.725565,0.044302482,0.30774605,0.013812417,0.13077164,0.059290927,0.20393588,0.03848096,0.7103972,0.013222609,0.042617016,0.018108986,0.12942922,0.034562014,null,null,null,null,"TWOGAUSSIANS",8,6.8952947,0.30774605,0.013812417,0.4,0.0,0.20307185,0.04047219,0.7103972,0.013222609,0.23865528,0.10141033,0.13035288,0.03760687
375316653866487564,4045799857873905792,0.51738876,2324.502281481537,3.4097520821420573,3.589821E-5,19.245163,0.008975131,0.22459842,0.006829063,0.077780165,0.008853067,0.3100271,0.025862554,0.7434734,0.032128166,0.08403709,0.015209255,0.3126431,0.076365046,null,null,null,null,"TWOGAUSSIANS",8,3.007034,0.7434734,0.032128166,0.4,0.0,0.30900103,0.07527887,0.22459842,0.006829063,0.4,0.0016476286,0.30638504,0.027905537
375316653866487564,4045799926593599232,0.44771838,2317.716289837379,0.7838575700656055,5.822662E-5,18.433887,0.03342453,0.2834844,0.18120104,0.06021985,0.1599989,0.07933905,0.041296665,0.7077963,0.0023035002,0.013130817,0.0021086507,0.1624527,0.07252146,0.030916942,0.0236886,0.7077963,0.0023035002,"TWOGAUSSIANS_WITH_ELLIPSOIDAL_ON_ECLIPSE2",9,6.599149,0.7077963,0.0023035002,0.073532574,0.011808444,0.22428648,0.095012665,0.2705844,0.04668027,0.33723116,0.13847369,0.13023855,0.036645398
375316653866487564,4045799960957040000,0.47280347,2323.620262775607,2.506711269199505,1.4607312E-5,19.026733,0.0054277345,null,null,null,null,null,null,null,null,null,null,null,null,0.06560847,0.008652121,0.24565597,0.0064987354,"ELLIPSOIDAL",4,2.2270901,null,null,null,null,null,null,null,null,null,null,null,null
375316653866487564,4045800064032460160,0.49246377,2274.3790417757486,0.027697384687804895,3.617251E-5,18.480053,0.001886652,0.4387742,0.015108453,0.07644779,0.012619497,0.15243135,0.01891232,0.84928185,0.027083758,0.094084226,0.03182451,0.120646276,0.038912337,null,null,null,null,"TWOGAUSSIANS",8,2.7958915,0.4387942,0.015071238,0.4,0.0027379922,0.15176398,0.019055942,0.84928185,0.027083758,0.4,0.0032494485,0.11997012,0.039671518
375316653866487564,4045800132754595840,0.4479819,2295.5215920255864,0.6894536773857655,4.3349242E-5,18.731482,0.027901579,0.4349784,0.017032411,0.15521938,0.05651028,0.10407427,0.023394205,0.7472954,0.009303226,0.049399573,0.009231812,0.08339525,0.013072477,null,null,null,null,"TWOGAUSSIANS",8,2.5106719,0.4349784,0.017032411,0.4,0.0,0.10286596,0.020152029,0.7472954,0.009303226,0.2766376,0.05169815,0.09593976,0.022797884
375316653866487564,4045800167112093952,0.45918378,2347.5982703034388,0.7337690374084609,1.3192835E-5,17.771965,0.0034856002,0.24957769,0.0029603932,0.045449432,0.0037797778,0.06507475,0.007955715,0.756104,0.06893,0.04268321,0.062134746,0.04182471,2.4821736E21,null,null,null,null,"TWOGAUSSIANS",8,1.6991718,0.24957769,0.0029603932,0.2545168,0.021166757,0.06507474,0.007954177,0.756104,0.06893,0.23902597,0.33106545,0.041824702,2.4821736E21
375316653866487564,4045800407628729600,0.50057685,2394.2206232936824,4.136870587239545,6.7068504E-5,19.647312,0.020842135,0.24961163,0.0054387785,0.035076663,0.008087282,0.5943986,0.316672,0.7786838,0.014815018,0.08516243,0.028527688,0.28645125,0.48762998,null,null,null,null,"TWOGAUSSIANS",8,1.6716793,0.24961163,0.0054387785,0.19642931,0.04528878,0.59435874,0.31670922,0.7786838,0.014815018,0.4,0.07477675,0.28641132,0.48767015
375316653866487564,4045800579427783680,0.5259601,2282.4471624591965,2.2052909710767707,1.5336791E-5,18.827738,0.0093920715,0.30491045,0.006783087,0.05430514,0.025031384,0.25694647,0.11670512,0.81453496,0.017361782,0.052705362,0.013357154,0.08793345,0.015806649,null,null,null,null,"TWOGAUSSIANS",8,1.0633934,0.30491045,0.006783087,0.30410877,0.0937543,0.2569429,0.11690236,0.81453496,0.017361782,0.29515,0.07480007,0.08792987,0.015721088
375316653866487564,4045800643884651392,0.42689162,2293.122477554325,3.698763640910603,6.876769E-5,19.412722,0.011700468,0.29456407,0.013371615,0.05693445,0.034033332,0.07192871,0.041483514,null,null,null,null,null,null,0.06078325,0.022305384,0.29456407,0.013371615,"ONEGAUSSIAN_WITH_ELLIPSOIDAL",6,3.4558113,0.29456407,0.013371615,0.3188329,0.13379066,0.19349052,0.044076487,null,null,null,null,null,null
375316653866487564,4045800785586331648,0.5440356,2378.353945527869,2.8220418655917348,3.485032E-5,19.075329,0.022565113,0.3039844,0.005675558,0.07905806,0.009897457,0.58115804,0.09240897,0.79767567,0.009817284,0.09560621,0.013946335,0.40153742,0.077648684,null,null,null,null,"TWOGAUSSIANS",8,2.5462365,0.3039844,0.005675558,0.4,0.0,0.567079,0.10173145,0.79767567,0.009817284,0.4,0.0,0.3874574,0.081751406
375316653866487564,4045801300985559680,0.5397651,2260.8957731901746,3.3328146433682817,3.0393909E-5,18.433125,0.0168185,0.23605813,0.02274677,0.07656907,0.010668256,0.30306855,0.054841492,0.738092,0.008955627,0.07669321,0.011537134,0.31886533,0.02080784,null,null,null,null,"TWOGAUSSIANS",8,5.8191786,0.738092,0.008955627,0.4,0.011379596,0.31595692,0.020174019,0.23605813,0.02274677,0.4,0.016026389,0.30016014,0.05341715
375316653866487564,4045801369798745728,0.51073337,2245.2422355742533,1.853490116405803,2.191462E-5,18.464998,0.015774824,0.36739117,0.016081803,0.07251118,0.021468807,0.3097147,0.02870604,0.8733351,0.0036567415,0.06450935,0.0086188745,0.21081422,0.029917916,null,null,null,null,"TWOGAUSSIANS",8,4.9377985,0.36739117,0.016081803,0.4,0.03195938,0.30915022,0.028127713,0.8733351,0.0036567415,0.36125234,0.048265696,0.21024974,0.029703066
375316653866487564,4045801541596987264,0.4682004,2362.6589057833285,2.224296421503478,5.0757884E-5,18.790813,0.034710597,0.5915752,0.017135328,0.1529531,0.045880355,0.1281195,0.033352792,0.9630495,0.016932294,0.035555128,0.00978622,0.053167183,0.02342062,null,null,null,null,"TWOGAUSSIANS",8,1.5820302,0.5915752,0.017135328,0.4,0.0,0.12684487,0.024408348,0.9630495,0.016932294,0.1991087,0.05480283,0.058630947,0.027870173
375316653866487564,4045801782115197184,0.6155972,2301.4833985643645,3.800999030253336,4.15833E-6,15.903978,0.06443816,0.20803219,0.0033270556,0.054699488,0.0154292295,0.33094174,0.12916976,0.6976695,0.040298715,0.056447614,0.033092618,0.3573354,0.1515458,0.07775387,0.06838623,0.20803219,0.0033270556,"TWOGAUSSIANS_WITH_ELLIPSOIDAL_ON_ECLIPSE1",9,27.234535,0.6986895,0.035307758,0.31610665,0.15684654,0.5122313,0.07374748,0.20803219,0.0033270556,0.30631712,0.08640368,0.48643124,0.017424809
375316653866487564,4045801816379660288,0.5262859,2254.230225522604,2.049132484194987,3.300918E-5,18.505487,0.003621666,0.28138083,0.002992847,0.05565519,0.00353927,0.09634708,0.007836138,0.7808074,0.011568559,0.035012912,0.014578699,0.12749632,0.029227644,null,null,null,null,"TWOGAUSSIANS",8,0.7382366,0.7808074,0.011568559,0.19607231,0.08164071,0.12749627,0.029228352,0.28138083,0.002992847,0.31166905,0.019819912,0.096347034,0.007835715
375316653866487564,4045801953818610432,0.42827782,2259.7299732983424,2.3771690628407307,6.409189E-5,18.051273,0.09852887,0.33498955,0.01565885,0.32218835,0.027573317,0.35744056,0.10189033,0.85288537,0.049518567,0.022363797,0.0369285,0.16741449,0.15724562,null,null,null,null,"TWOGAUSSIANS",8,9.956518,0.8530454,0.060725242,0.12523727,0.2067996,0.16273136,0.16228613,0.33498955,0.01565885,0.4,0.0,0.14363877,0.037964433
375316653866487564,4045802297415814272,0.5100318,2323.7439363963153,3.5804464277138455,1.8610835E-5,19.092741,0.019851618,0.3018557,0.005365953,0.07884637,0.02112519,0.28589547,0.07267779,0.79804784,0.0050742063,0.086236455,0.0125321625,0.2928798,0.029520499,null,null,null,null,"TWOGAUSSIANS",8,2.25936,0.79804784,0.0050742063,0.4,0.0,0.28738695,0.03306561,0.3018557,0.005365953,0.4,0.053928625,0.2804027,0.07875989
375316653866487564,4045802503576789120,0.47920284,2335.0672220949787,1.578198185540044,7.127868E-6,18.96101,0.032678753,0.09328138,6.7633385E-4,0.036249027,0.005069954,0.23632653,0.023678796,0.54496014,0.010160198,0.1270099,0.029100059,0.16984738,0.029876683,null,null,null,null,"TWOGAUSSIANS",8,1.8715414,0.093321376,5.783322E-4,0.20299456,0.028391741,0.23556115,0.021815166,0.54496014,0.010160198,0.4,0.0,0.16876192,0.027519608
375316653866487564,4045802675371161216,0.51433957,2224.226616890497,2.8330231926664684,3.178229E-5,18.076532,0.011446904,0.20672622,0.0048493184,0.08564577,0.010081355,0.17093302,0.0128326155,0.7032907,0.010097472,0.078843445,0.017520087,0.20408711,0.060732935,null,null,null,null,"TWOGAUSSIANS",8,6.1047993,0.7032907,0.010097472,0.4,0.037364647,0.20065211,0.06295517,0.20672622,0.0048493184,0.4,0.0,0.167498,0.011459186
375316653866487564,4045802778547733632,0.44314247,2357.6651145362002,1.9396770448391008,3.5874782E-5,17.540562,0.007155746,0.19430609,0.006829909,0.01699998,0.019652907,0.7965894,null,null,null,null,null,null,null,0.066825606,0.010839171,0.19430609,0.006829909,"ONEGAUSSIAN_WITH_ELLIPSOIDAL",6,7.5644193,0.19430609,0.006829909,0.09519988,0.11005627,0.9302405,null,null,null,null,null,null,null
375316653866487564,4045802915986300544,0.43191516,2284.41543848533,0.4389608620562518,1.8897803E-4,18.783121,0.030611023,0.3241064,0.050748933,0.22809237,0.08332416,0.07414044,0.029771902,0.5892726,0.016380858,0.04413781,0.012748089,0.110917665,0.029403288,null,null,null,null,"TWOGAUSSIANS",8,5.265899,0.5892726,0.016380858,0.24717174,0.071389295,0.13563542,0.02639716,0.3241064,0.050749484,0.4,0.0,0.06073397,0.011242734
375316653866487564,4045802950249173760,0.4910536,2235.0389069145335,0.09625721361398386,1.4048548E-5,18.238808,0.007628684,0.18933764,0.0072048865,0.010259981,0.0050136703,0.12815465,0.1353229,0.40227103,0.00401188,0.031284787,0.0024723886,0.8282527,0.1843593,0.025447208,0.010755518,0.18933764,0.0072048865,"TWOGAUSSIANS_WITH_ELLIPSOIDAL_ON_ECLIPSE1",9,5.5831656,0.40227103,0.00401188,0.17519481,0.013845376,0.8309633,0.18409504,0.18933764,0.0072048865,0.057455894,0.028076554,0.17904875,0.13731787
375316653866487564,4045802950249174784,0.497034,2294.5564163231134,4.29396984888064,2.8337265E-5,19.33702,0.2511036,0.24647428,0.0125285415,0.08890667,0.021141335,0.4670153,0.13292532,0.6965052,0.015475818,0.19210087,0.07093345,0.40398043,0.25300846,null,null,null,null,"TWOGAUSSIANS",8,1.9309489,0.25045428,0.011275726,0.4,0.0,0.38594878,0.049362876,0.6965052,0.015475818,0.4,0.0,0.2897989,0.058837645
375316653866487564,4045802980345952768,0.43210638,2293.5587280146483,0.1198364025424289,1.3368715E-4,19.35151,0.030096808,0.30917835,0.017311828,0.08959898,0.02834384,0.16280451,0.018676214,0.8358201,0.005305079,0.0417083,0.016181413,0.3399035,0.22785842,null,null,null,null,"TWOGAUSSIANS",8,5.5249343,0.8358201,0.005305079,0.2335665,0.09061591,0.33978206,0.2280085,0.30917835,0.017311828,0.4,0.0,0.16268294,0.01844601
375316653866487564,4045802984611267968,0.5647564,2331.2094694273087,3.099537846606023,2.7712078E-5,19.325727,0.013830296,0.27165392,0.0054791067,0.071717225,0.008247683,0.5367464,0.053506654,0.7637788,0.0047699236,0.08818274,0.012019684,0.43939254,0.023920916,null,null,null,null,"TWOGAUSSIANS",8,1.836017,0.27165392,0.0054791067,0.4,0.030841101,0.5305953,0.055058513,0.7637788,0.0047699236,0.4,0.0,0.43324137,0.026019545
375316653866487564,4045803087785435520,0.52489406,2289.212115544847,1.7514879484108623,1.8654664E-5,17.301807,0.00460339,0.20287153,0.0040564095,0.05936974,0.007720562,0.10539667,0.01201692,0.7017864,0.014527713,0.07364,0.039003856,0.08818913,0.048094552,null,null,null,null,"TWOGAUSSIANS",8,2.2301357,0.20287153,0.0040564095,0.33247054,0.043235146,0.10523958,0.012134677,0.7017864,0.014527713,0.4,0.007986662,0.08803204,0.049334377
375316653866487564,4045803362571217664,0.51564854,2363.564825863009,3.8826150608528756,1.8105373E-5,19.791111,0.029715125,0.32583103,0.027368203,0.110750966,0.03692271,0.14160898,0.02243897,0.64461106,0.007598241,0.089699335,0.009557135,0.3602758,0.025323022,null,null,null,null,"TWOGAUSSIANS",8,1.3211592,0.64461106,0.007598241,0.4,0.0,0.3612168,0.025646664,0.328271,0.026879394,0.4,0.0,0.14098392,0.023546204
375316653866487564,4045803637446522112,0.5876792,2265.0782004875537,2.692053316624237,7.876626E-6,18.2973,0.009112118,0.2759189,0.0020174524,0.091506414,0.0051033595,0.27662668,0.009367933,0.78129005,0.0021733851,0.10794138,0.0051231417,0.24082607,0.008728791,null,null,null,null,"TWOGAUSSIANS",8,0.96132636,0.2759189,0.0020174524,0.4,0.0,0.2560409,0.010357545,0.78129005,0.0021733851,0.4,0.0,0.22022966,0.005918326
375316653866487564,4045803671803714688,0.4653355,2255.6882025117816,0.16554933184201817,4.736616E-5,18.712677,0.015726514,0.12481595,0.015554346,0.06881114,0.018365579,0.08592289,0.0263444,0.5509531,0.0018486287,0.0131110335,0.0017099233,0.30020237,0.030921392,null,null,null,null,"TWOGAUSSIANS",8,9.305203,0.5509531,0.0018486287,0.073421784,0.00957557,0.30020237,0.030921392,0.12481595,0.015554346,0.38534242,0.0807723,0.08592289,0.0263444
