Gaia/vari_eclipsing_binary/VariEclipsingBinary_483799-483825.csv
# %ECSV 1.0
# ---
# delimiter: ','
# meta: !!omap
# - RELEASE: Gaia DR3
# - TABLE: vari_eclipsing_binary
# - DESCRIPTION: >
#     This table describes the properties of the eclipsing binaries resulting from the variability analysis. 
# - CITATION: >
#     How to cite and acknowledge Gaia: 
#     https://gea.esac.esa.int/archive/documentation/credits.html 
# - KNOWN_ISSUES: >
#     Known issues: 
#     https://www.cosmos.esa.int/web/gaia-users/known-issues 
# - DOCUMENTATION: >
#     Tutorials and documentation: 
#     https://www.cosmos.esa.int/web/gaia-users/archive 
# datatype:
# - 
#   name: solution_id
#   datatype: int64
#   description: Solution Identifier
#   meta:
#     ucd: meta.version
# - 
#   name: source_id
#   datatype: int64
#   description: Unique source identifier
#   meta:
#     ucd: meta.id;meta.main
# - 
#   name: global_ranking
#   datatype: float32
#   description: Number between 0 (worst) and 1 (best)
#   meta:
#     ucd: stat.param
# - 
#   name: reference_time
#   datatype: float64
#   unit: d
#   description: Reference time used for the geometric model fit
#   meta:
#     ucd: time.epoch
# - 
#   name: frequency
#   datatype: float64
#   unit: d**-1
#   description: Frequency of geometric model of the eclipsing binary light curve
#   meta:
#     ucd: src.orbital
# - 
#   name: frequency_error
#   datatype: float32
#   unit: d**-1
#   description: "Uncertainty of \\texttt{frequency}"
#   meta:
#     ucd: stat.error
# - 
#   name: geom_model_reference_level
#   datatype: float32
#   unit: mag
#   description: Magnitude reference level of geometric model
#   meta:
#     ucd: phot.mag;em.opt
# - 
#   name: geom_model_reference_level_error
#   datatype: float32
#   unit: mag
#   description: "Uncertainty of \\texttt{geomModelReferenceLevel}"
#   meta:
#     ucd: stat.error;phot.mag;em.opt
# - 
#   name: geom_model_gaussian1_phase
#   datatype: float32
#   description: Phase of the Gaussian 1 component
#   meta:
#     ucd: time.phase
# - 
#   name: geom_model_gaussian1_phase_error
#   datatype: float32
#   description: "Uncertainty of \\texttt{geomModelGaussian1Phase}"
#   meta:
#     ucd: stat.error;time.phase
# - 
#   name: geom_model_gaussian1_sigma
#   datatype: float32
#   description: "Standard deviation [phase] of Gaussian 1 component"
#   meta:
#     ucd: stat.stdev
# - 
#   name: geom_model_gaussian1_sigma_error
#   datatype: float32
#   description: "Uncertainty of \\texttt{geomModelGaussian1Sigma}"
#   meta:
#     ucd: stat.error
# - 
#   name: geom_model_gaussian1_depth
#   datatype: float32
#   unit: mag
#   description: Magnitude depth of Gaussian 1 component
#   meta:
#     ucd: src.var.amplitude
# - 
#   name: geom_model_gaussian1_depth_error
#   datatype: float32
#   unit: mag
#   description: "Uncertainty of \\texttt{geomModelGaussian1Depth}"
#   meta:
#     ucd: stat.error;src.var.amplitude
# - 
#   name: geom_model_gaussian2_phase
#   datatype: float32
#   description: Phase of Gaussian 2 component
#   meta:
#     ucd: time.phase
# - 
#   name: geom_model_gaussian2_phase_error
#   datatype: float32
#   description: "Uncertainty of \\texttt{geomModelGaussian2Phase}"
#   meta:
#     ucd: stat.error;time.phase
# - 
#   name: geom_model_gaussian2_sigma
#   datatype: float32
[...]
#   datatype: float32
#   description: "Secondary eclipse: uncertainty of \\texttt{derivedSecondaryEclDuration}"
#   meta:
#     ucd: stat.error;time.duration
# - 
#   name: derived_secondary_ecl_depth
#   datatype: float32
#   unit: mag
#   description: "Secondary eclipse: depth"
#   meta:
#     ucd: src.var.amplitude
# - 
#   name: derived_secondary_ecl_depth_error
#   datatype: float32
#   unit: mag
#   description: "Secondary eclipse: uncertainty of \\texttt{derivedSecondaryEclDepth}"
#   meta:
#     ucd: stat.error;src.var.amplitude
solution_id,source_id,global_ranking,reference_time,frequency,frequency_error,geom_model_reference_level,geom_model_reference_level_error,geom_model_gaussian1_phase,geom_model_gaussian1_phase_error,geom_model_gaussian1_sigma,geom_model_gaussian1_sigma_error,geom_model_gaussian1_depth,geom_model_gaussian1_depth_error,geom_model_gaussian2_phase,geom_model_gaussian2_phase_error,geom_model_gaussian2_sigma,geom_model_gaussian2_sigma_error,geom_model_gaussian2_depth,geom_model_gaussian2_depth_error,geom_model_cosine_half_period_amplitude,geom_model_cosine_half_period_amplitude_error,geom_model_cosine_half_period_phase,geom_model_cosine_half_period_phase_error,model_type,num_model_parameters,reduced_chi2,derived_primary_ecl_phase,derived_primary_ecl_phase_error,derived_primary_ecl_duration,derived_primary_ecl_duration_error,derived_primary_ecl_depth,derived_primary_ecl_depth_error,derived_secondary_ecl_phase,derived_secondary_ecl_phase_error,derived_secondary_ecl_duration,derived_secondary_ecl_duration_error,derived_secondary_ecl_depth,derived_secondary_ecl_depth_error
[from data line 76]
375316653866487564,4255585160322570880,0.5328235,2203.45343271253,1.0395857066352128,1.71578E-5,18.653927,0.0047790515,0.30349463,0.0032626214,0.050348457,0.004234544,0.19907223,0.012186236,0.8120498,0.013302664,0.064641684,0.020139078,0.056726724,0.0073993797,null,null,null,null,"TWOGAUSSIANS",8,0.7277387,0.30349463,0.0032626214,0.28195137,0.023713447,0.19906135,0.012187932,0.8120498,0.013302664,0.3619934,0.112778835,0.056715846,0.0074029095
375316653866487564,4255585817476281856,0.53821546,2203.6439464874875,2.95118137621763,2.1069523E-5,19.717373,0.027972978,0.22965804,0.0074767834,0.07547738,0.0118082585,0.3947696,0.06493752,0.7214363,0.015118639,0.08264359,0.017652817,0.32344723,0.028663406,null,null,null,null,"TWOGAUSSIANS",8,1.9497994,0.22965804,0.0074767834,0.4,0.021120558,0.39071506,0.06530636,0.7214363,0.015118639,0.4,0.029599015,0.31939265,0.02362641
375316653866487564,4255587123163638784,0.49610037,2270.734091708933,0.4888041370814235,2.2013039E-5,18.723936,0.007075439,0.31867042,0.042589895,0.028837478,0.029856008,0.40761703,2.38832918E13,0.8314898,0.0027404448,0.028580174,0.003587442,0.23158258,0.031715095,null,null,null,null,"TWOGAUSSIANS",8,5.8025537,0.31867042,0.042589895,0.16148987,0.16719365,0.40761703,2.38832918E13,0.8314898,0.0027404448,0.16004898,0.020089675,0.23158258,0.031715095
375316653866487564,4255588080896215680,0.61074513,2254.9279127168284,2.33053939378368,8.729271E-6,17.716879,0.027116315,0.14367788,0.006640595,0.104841635,0.0094850715,0.4267028,0.02558495,0.6398074,0.0018360446,0.09103087,0.00694059,0.45467755,0.024909107,null,null,null,null,"TWOGAUSSIANS",8,6.6823153,0.6398074,0.0018360446,0.4,0.0,0.42265853,0.019790793,0.14367788,0.006640595,0.4,0.0,0.3946741,0.012605359
375316653866487564,4255588325737599360,0.52597916,2213.4604120321646,2.6638014478867853,1.4093598E-5,18.94319,0.034387432,0.31239718,0.022126257,0.07400891,0.026663981,0.2181622,0.42843005,0.8139935,0.0058952644,0.074908026,0.012529882,0.33446378,0.04206177,null,null,null,null,"TWOGAUSSIANS",8,2.651821,0.8139935,0.0058952644,0.4,0.00387987,0.3326076,0.03934798,0.31239718,0.022126257,0.4,0.10595386,0.21630602,0.429556
375316653866487564,4255588978572661504,0.56697947,2214.977709154408,4.986659387116745,2.0105888E-5,18.41685,0.036353726,0.46122637,0.0041833324,0.18063077,0.016271453,0.37643862,0.033381626,0.9094777,0.0067323972,0.02804843,0.019625835,0.14123306,0.07079587,null,null,null,null,"TWOGAUSSIANS",8,3.157136,0.46122637,0.0041833324,0.4,0.0,0.35687762,0.014256851,0.9094777,0.0067323972,0.1570712,0.10990468,0.14253268,0.076299265
375316653866487564,4255589081652148864,0.58443606,2234.3747188875536,0.11633887394018812,1.6907994E-4,18.980417,0.005263163,0.3368073,0.06335065,0.033561308,0.04625443,0.021616582,0.052386705,0.72730094,4.330028E-4,0.020632848,3.213277E-4,1.2383276,0.017607894,0.009539685,0.007036977,0.3368073,0.06335065,"TWOGAUSSIANS_WITH_ELLIPSOIDAL_ON_ECLIPSE1",9,4.555131,0.72734094,4.147279E-4,0.11554395,0.0017994351,1.2497153,0.017945105,0.3368073,0.06335065,0.18794332,0.2590248,0.040695917,0.049537707
375316653866487564,4255589871934689408,0.5698998,2275.515873476932,1.6694510574782022,2.5688607E-5,18.848839,0.021419866,0.2451809,0.0106360745,0.07013282,0.008871169,0.5133305,0.068497516,0.74792904,0.0068853437,0.066496104,0.0065155765,0.43932095,0.026981382,null,null,null,null,"TWOGAUSSIANS",8,4.4696746,0.2451809,0.0106360745,0.39274383,0.036560625,0.51223856,0.068548284,0.74792904,0.0068853437,0.3723782,0.03648723,0.43822902,0.026388776
375316653866487564,4255591108878930432,0.5210236,2250.2448174572755,2.181199466259004,1.4878538E-5,19.747412,0.012398019,0.73425615,0.0020346683,0.06616898,0.005969143,0.18259954,0.034249388,null,null,null,null,null,null,0.059026536,0.019481905,0.73425615,0.0020346683,"ONEGAUSSIAN_WITH_ELLIPSOIDAL",6,0.96392107,0.73425615,0.0020346683,0.37054628,0.0334272,0.30051097,0.020038411,null,null,null,null,null,null
375316653866487564,4255591177598084480,0.5369658,2303.8729063201263,2.7810823385971135,1.2549833E-5,19.075686,0.04029534,0.25304732,0.01180291,0.07880089,0.016155187,0.5197541,0.026759934,0.7480459,0.0064548235,0.09621622,0.018761052,0.37317124,0.047557753,null,null,null,null,"TWOGAUSSIANS",8,2.46434,0.25304732,0.01180291,0.4,0.0,0.50640064,0.040265106,0.7480459,0.0064548235,0.4,0.0,0.3598167,0.052155066
375316653866487564,4255591585587000192,0.64596087,2267.46822715845,1.4825128872422153,8.907524E-6,16.769157,0.008102732,0.22180362,0.002356737,0.054137435,0.01290182,0.12821071,0.022127906,0.7199824,0.00878998,0.038838577,0.010525485,0.08348706,0.04054969,0.082528986,0.01213198,0.22180362,0.002356737,"TWOGAUSSIANS_WITH_ELLIPSOIDAL_ON_ECLIPSE1",9,4.9180965,0.22180362,0.002356737,0.30316964,0.072250195,0.29326546,0.015574518,0.7203324,0.008114161,0.21749604,0.058942713,0.24852431,0.03555452
375316653866487564,4255591658633557248,0.49741757,2294.181060466251,0.7935209255925068,1.840453E-5,19.584822,0.0869014,0.23979075,0.027668085,0.14183842,0.07887836,0.1724501,0.080531955,0.7365888,0.006536464,0.06703276,0.008526491,0.9744827,0.17681938,null,null,null,null,"TWOGAUSSIANS",8,6.3276777,0.7365888,0.0065365657,0.37538347,0.047443636,0.94765776,0.16161977,0.23979075,0.027668085,0.4,0.0,0.14493242,0.038582467
375316653866487564,4255591761712635904,0.49378788,2263.7986698411855,2.6694010009983247,2.470541E-5,19.282879,0.01620688,0.30029193,0.0257137,0.043026786,0.019754943,0.3122312,0.08609306,0.83955514,0.0055065127,0.053633943,0.008127136,0.27863014,0.058091164,null,null,null,null,"TWOGAUSSIANS",8,3.3091705,0.30029193,0.0257137,0.24095,0.11062768,0.3122311,0.08609319,0.83955514,0.0055065127,0.30035007,0.04551196,0.27863005,0.058091246
375316653866487564,4255592174029423872,0.62808436,2269.1645387167773,3.4944143279272137,3.8331524E-5,17.206707,0.0053746803,0.4267518,0.0068530324,0.07047229,0.008935169,0.56249475,0.013983429,null,null,null,null,null,null,null,null,null,null,"ONEGAUSSIAN",5,18.17725,0.4267518,0.0068530324,0.39464486,0.047579475,0.56249475,0.0,null,null,null,null,null,null
375316653866487564,4255592925624290432,0.6493115,2259.4773707025624,1.9398768163708873,2.3446019E-5,17.115076,0.004722143,0.23788343,0.011055268,0.06578667,0.0064395596,0.10486,0.008316123,0.7358446,0.0014897614,0.050346885,0.001642827,0.532877,0.010838284,null,null,null,null,"TWOGAUSSIANS",8,5.422391,0.7358446,0.0014897614,0.28194255,0.009199831,0.5328411,0.010832863,0.23788343,0.011055268,0.36840534,0.036061537,0.10482407,0.008294811
375316653866487564,4255593548437345792,0.44240385,2312.85137322681,0.6043503065469409,1.0373623E-5,18.682775,0.017745849,0.13123989,0.0025679653,0.04355211,0.006571523,0.634689,0.21775053,0.62628657,0.02853916,0.10792475,0.03600272,0.08816102,0.02781186,null,null,null,null,"TWOGAUSSIANS",8,5.722765,0.13123989,0.0025679653,0.24389184,0.03680053,0.6336769,0.21908659,0.62628657,0.02853916,0.4,0.0,0.087145,0.027905703
375316653866487564,4255594300008908544,0.5452905,2236.730055010258,2.595771959277701,1.2967661E-5,17.544365,0.56492215,0.22804822,0.0034095766,0.12566191,0.03760035,0.4194348,0.45912424,0.73111767,0.0037727845,0.14261289,0.076330446,0.4069621,0.5482264,null,null,null,null,"TWOGAUSSIANS",8,9.418032,0.22792822,0.0031937924,0.4,0.0,0.27935517,0.015674893,0.73115766,0.0038889004,0.4,0.0,0.26544178,0.016181678
375316653866487564,4255595090280460160,0.4753879,2197.720595641817,0.10657615224929298,3.444664E-5,17.582733,0.002222315,0.31650817,0.011510364,0.04185382,0.01954533,0.035380132,0.033411954,0.820036,0.006096616,0.021851923,0.005115654,0.09592118,0.0032559282,null,null,null,null,"TWOGAUSSIANS",8,1.8782994,0.820036,0.006096616,0.122370765,0.028647663,0.09592118,0.0032559282,0.31650817,0.011510364,0.2343814,0.10945385,0.035380132,0.033411954
375316653866487564,4255595128966099072,0.55844617,2215.260758131388,2.9159719792650347,2.6564E-5,19.72763,0.01217455,0.22757028,0.0051521654,0.07756377,0.009246093,0.3944662,0.04603779,0.70314,0.007985118,0.06934429,0.010570869,0.35358483,0.026074613,null,null,null,null,"TWOGAUSSIANS",8,1.2447401,0.22757028,0.0051521654,0.4,0.011228885,0.39318746,0.046742734,0.70314,0.007985118,0.38832805,0.04038545,0.3523061,0.027079046
375316653866487564,4255595159007329152,0.47637132,2247.481007872579,0.8516646680608673,8.096058E-5,19.266453,0.048419546,0.32620162,0.02119368,0.17210385,0.07550328,0.11417284,0.046922006,0.72405934,0.0036476874,0.043516815,0.01085833,0.3733443,0.21334463,null,null,null,null,"TWOGAUSSIANS",8,2.615285,0.72405934,0.0036476874,0.24369416,0.060806647,0.37627155,0.21487567,0.32620162,0.02119368,0.4,0.0,0.10895866,0.03283926
375316653866487564,4255595163326162688,0.4575925,2191.6340537356127,2.4507431270096824,1.3510283E-4,18.75981,0.035036985,0.28969753,0.021027204,0.12317368,0.05460391,0.09373996,0.032890327,0.77945507,0.034448065,0.077667765,0.054778907,0.11365249,0.03397711,null,null,null,null,"TWOGAUSSIANS",8,2.8844175,0.77945507,0.034448065,0.4,0.18747066,0.10596688,0.021789897,0.28969753,0.021017585,0.4,0.0,0.08600216,0.018117104
375316653866487564,4255595163333600128,0.5288685,2234.4947023232708,2.884256887058348,2.2921495E-5,17.831322,0.066453375,0.28084987,0.0085115135,0.1051387,0.027962467,0.24929878,0.061351012,0.7747487,0.006752912,0.10490395,0.024032997,0.2624288,0.0641163,null,null,null,null,"TWOGAUSSIANS",8,7.237826,0.7747487,0.006752912,0.4,0.0,0.23437144,0.014903114,0.28084987,0.008511933,0.4,0.0,0.22124143,0.031235158
375316653866487564,4255595300765155072,0.4682544,2211.469423314381,1.8672785779220191,2.040391E-5,19.423935,0.078579366,0.1884644,0.019017763,0.10597397,0.032048665,0.3779189,0.0758629,0.83126235,0.009515976,0.078030705,0.017266773,0.3276811,0.077694245,null,null,null,null,"TWOGAUSSIANS",8,5.9561024,0.1884444,0.019013198,0.4,0.0,0.3763541,0.075397946,0.83204234,0.009417407,0.4,0.03999718,0.32741222,0.07754499
375316653866487564,4255595300781359744,0.51424927,2223.1683878081026,1.7128313428170159,2.8140243E-5,15.817532,0.01016904,0.23028938,0.00443095,0.09899598,0.009527086,0.12388404,0.009489885,0.71536523,0.011341417,0.09360339,0.014506877,0.1357696,0.015810769,null,null,null,null,"TWOGAUSSIANS",8,21.323015,0.71536523,0.011341417,0.4,0.0,0.12851132,0.014296243,0.23028938,0.00443095,0.4,0.0,0.11662507,0.005163335
375316653866487564,4255595914921592320,0.519037,2275.2445822918553,1.2107767453186327,6.12831E-5,19.012077,0.0059028715,0.28430143,0.005820645,0.04238748,0.008629217,0.29776427,0.1406543,0.8663198,0.04974441,0.08286697,0.024780784,0.021525908,0.010001864,null,null,null,null,"TWOGAUSSIANS",8,1.5075302,0.28430143,0.005820645,0.23736991,0.048323616,0.2977624,0.14065681,0.8663198,0.04974441,0.4,0.0,0.021523986,0.009998688
375316653866487564,4255596365916216576,0.4974334,2226.1218422085053,0.1906175932636954,4.29276E-5,19.38143,0.036427695,0.13845949,0.10097819,0.18172364,0.117733195,0.09735128,0.17587197,0.7416087,0.005121123,0.026248569,0.005019617,0.89307225,0.22096564,null,null,null,null,"TWOGAUSSIANS",8,13.021757,0.74168867,0.005141803,0.14699198,0.028109854,0.89789695,0.22135586,0.13845949,0.10097819,0.4,0.040696852,0.09280824,0.18002307
375316653866487564,4255596812609686144,0.4659829,2255.4661979821035,1.4621001399463842,7.710857E-5,19.140278,0.011437958,0.048892915,0.019938875,0.06580315,0.02220775,0.043153908,0.012138739,0.77235633,0.019538034,0.07062477,0.019589918,0.40908283,0.45601982,null,null,null,null,"TWOGAUSSIANS",8,1.92549,0.77235633,0.019534802,0.39549872,0.10921605,0.40908894,0.4560539,0.047762915,0.019892016,0.36849764,0.118793964,0.04335138,0.01216332
375316653866487564,4255597912105123712,0.47689113,2203.869684228264,1.5811187847699462,3.420711E-5,16.735725,0.025472201,0.31358215,0.02667722,0.15386847,0.046102576,0.093691595,0.027169596,0.762553,0.009701638,0.07847205,0.010334755,0.1940164,0.018917056,null,null,null,null,"TWOGAUSSIANS",8,17.173067,0.762553,0.009701638,0.4,0.0,0.18242168,0.011621478,0.31358215,0.02667722,0.4,0.0,0.080616064,0.015168252
375316653866487564,4255598049544143488,0.55575615,2169.5079645746378,1.9243445363444227,1.4955155E-5,16.626274,0.014841699,0.25171247,0.0020528233,0.046248905,0.0147862695,0.15248755,0.059913557,0.7547446,0.017708998,0.049674917,0.027892321,0.10561174,0.03778939,0.103803776,0.024439145,0.25171247,0.0020528233,"TWOGAUSSIANS_WITH_ELLIPSOIDAL_ON_ECLIPSE1",9,26.240074,0.25171247,0.0020528233,0.25899386,0.08280311,0.36009443,0.06467809,0.7547446,0.017419513,0.27817953,0.156197,0.31314328,0.021228766
375316653866487564,4255598083903903488,0.63235193,2204.265365592514,1.0779749239303882,2.1487762E-5,17.744715,0.007722079,0.23883305,0.0045408173,0.08948606,0.006876992,0.2172603,0.008903395,0.7271537,0.0075680087,0.06558393,0.006822593,0.7334411,0.05405799,null,null,null,null,"TWOGAUSSIANS",8,2.752276,0.7271537,0.0075680087,0.36727002,0.03820652,0.73042196,0.05512578,0.23883305,0.0045408173,0.4,0.0,0.21424104,0.00851521
375316653866487564,4255598152642192384,0.48476696,2190.515936712769,2.3205224902739037,1.9756837E-5,19.153719,0.022681393,0.21192993,0.006078939,0.06893566,0.011637502,0.3512768,0.041164186,0.728446,0.0028609463,0.077904396,0.0056290366,0.29307228,0.026444433,null,null,null,null,"TWOGAUSSIANS",8,2.3895686,0.21192993,0.006078939,0.3860397,0.04283998,0.34996766,0.042722043,0.728446,0.0028609463,0.4,0.0,0.2917632,0.025241964
375316653866487564,4255598255721450112,0.4627608,2232.134184839772,2.3780792302830243,4.16694E-5,19.528925,0.05119347,0.4063004,0.083115354,0.05136247,0.087263875,0.1278301,0.16283318,0.8224152,0.015003596,0.030808013,0.03967189,0.35405353,2.922757,0.1720212,0.056205202,0.8224152,0.015003596,"TWOGAUSSIANS_WITH_ELLIPSOIDAL_ON_ECLIPSE2",9,13.74898,0.8224152,0.015003596,0.17252487,0.22216259,0.6980943,2.8849,0.3735404,0.096726365,0.28762984,0.28562394,0.4140466,0.04440296
375316653866487564,4255598496239637632,0.48596755,2297.961813992152,0.18274607570400386,2.4422652E-5,18.768246,0.015610174,0.071927816,0.010995088,0.055097915,0.01869783,0.099784754,0.011199709,0.48374954,0.009554199,0.072962895,0.011620668,0.19266061,0.0392005,null,null,null,null,"TWOGAUSSIANS",8,2.9813156,0.48374954,0.009554199,0.4,0.02530175,0.19265307,0.03920195,0.071927816,0.010995088,0.30854833,0.104707845,0.09977724,0.011181431
375316653866487564,4255598771099276800,0.55846083,2240.8880426012643,2.936891908408736,8.268036E-6,19.420439,0.009528925,0.18915518,0.003136342,0.06739631,0.0033684166,0.5237278,0.023140958,0.69680697,0.00268717,0.0695333,0.006221841,0.62796915,0.09942634,null,null,null,null,"TWOGAUSSIANS",8,1.5427004,0.69680697,0.00268717,0.3893865,0.013215339,0.6267796,0.10015902,0.18915518,0.003136342,0.37741935,0.018863132,0.52253824,0.023187973
375316653866487564,4255598839818863360,0.48258978,2277.033730320306,1.4910708983314374,5.7924324E-5,18.504082,0.020283004,0.9026683,0.7467095,0.042264868,0.033828173,0.09141497,1.1758277,0.6392003,0.023864517,0.0252746,0.028374126,0.113783814,4382.0044,0.0891204,0.042650737,0.6392003,0.023864517,"TWOGAUSSIANS_WITH_ELLIPSOIDAL_ON_ECLIPSE2",9,4.891586,0.6392003,0.023866871,0.14153777,0.1588951,0.29202437,4382.0215,0.9077683,0.7544065,0.23668326,0.18943776,0.09316665,1.1888902
375316653866487564,4255599045977708288,0.5642911,2226.7317975993383,2.5239855950437162,8.95238E-6,18.699486,0.07045108,0.26841024,0.0040180255,0.11317866,0.017621871,0.46658826,0.065674365,0.7621387,0.002535854,0.10109286,0.012397722,0.45289794,0.06656938,null,null,null,null,"TWOGAUSSIANS",8,3.9991179,0.26841024,0.0040206704,0.4,0.0,0.4102492,0.03215993,0.7621387,0.002535854,0.4,0.0,0.39660972,0.021284092
