Gaia/vari_eclipsing_binary/VariEclipsingBinary_680414-680454.csv
# %ECSV 1.0
# ---
# delimiter: ','
# meta: !!omap
# - RELEASE: Gaia DR3
# - TABLE: vari_eclipsing_binary
# - DESCRIPTION: >
#     This table describes the properties of the eclipsing binaries resulting from the variability analysis. 
# - CITATION: >
#     How to cite and acknowledge Gaia: 
#     https://gea.esac.esa.int/archive/documentation/credits.html 
# - KNOWN_ISSUES: >
#     Known issues: 
#     https://www.cosmos.esa.int/web/gaia-users/known-issues 
# - DOCUMENTATION: >
#     Tutorials and documentation: 
#     https://www.cosmos.esa.int/web/gaia-users/archive 
# datatype:
# - 
#   name: solution_id
#   datatype: int64
#   description: Solution Identifier
#   meta:
#     ucd: meta.version
# - 
#   name: source_id
#   datatype: int64
#   description: Unique source identifier
#   meta:
#     ucd: meta.id;meta.main
# - 
#   name: global_ranking
#   datatype: float32
#   description: Number between 0 (worst) and 1 (best)
#   meta:
#     ucd: stat.param
# - 
#   name: reference_time
#   datatype: float64
#   unit: d
#   description: Reference time used for the geometric model fit
#   meta:
#     ucd: time.epoch
# - 
#   name: frequency
#   datatype: float64
#   unit: d**-1
#   description: Frequency of geometric model of the eclipsing binary light curve
#   meta:
#     ucd: src.orbital
# - 
#   name: frequency_error
#   datatype: float32
#   unit: d**-1
#   description: "Uncertainty of \\texttt{frequency}"
#   meta:
#     ucd: stat.error
# - 
#   name: geom_model_reference_level
#   datatype: float32
#   unit: mag
#   description: Magnitude reference level of geometric model
#   meta:
#     ucd: phot.mag;em.opt
# - 
#   name: geom_model_reference_level_error
#   datatype: float32
#   unit: mag
#   description: "Uncertainty of \\texttt{geomModelReferenceLevel}"
#   meta:
#     ucd: stat.error;phot.mag;em.opt
# - 
#   name: geom_model_gaussian1_phase
#   datatype: float32
#   description: Phase of the Gaussian 1 component
#   meta:
#     ucd: time.phase
# - 
#   name: geom_model_gaussian1_phase_error
#   datatype: float32
#   description: "Uncertainty of \\texttt{geomModelGaussian1Phase}"
#   meta:
#     ucd: stat.error;time.phase
# - 
#   name: geom_model_gaussian1_sigma
#   datatype: float32
#   description: "Standard deviation [phase] of Gaussian 1 component"
#   meta:
#     ucd: stat.stdev
# - 
#   name: geom_model_gaussian1_sigma_error
#   datatype: float32
#   description: "Uncertainty of \\texttt{geomModelGaussian1Sigma}"
#   meta:
#     ucd: stat.error
# - 
#   name: geom_model_gaussian1_depth
#   datatype: float32
#   unit: mag
#   description: Magnitude depth of Gaussian 1 component
#   meta:
#     ucd: src.var.amplitude
# - 
#   name: geom_model_gaussian1_depth_error
#   datatype: float32
#   unit: mag
#   description: "Uncertainty of \\texttt{geomModelGaussian1Depth}"
#   meta:
#     ucd: stat.error;src.var.amplitude
# - 
#   name: geom_model_gaussian2_phase
#   datatype: float32
#   description: Phase of Gaussian 2 component
#   meta:
#     ucd: time.phase
# - 
#   name: geom_model_gaussian2_phase_error
#   datatype: float32
#   description: "Uncertainty of \\texttt{geomModelGaussian2Phase}"
#   meta:
#     ucd: stat.error;time.phase
# - 
#   name: geom_model_gaussian2_sigma
#   datatype: float32
[...]
#   datatype: float32
#   description: "Secondary eclipse: uncertainty of \\texttt{derivedSecondaryEclDuration}"
#   meta:
#     ucd: stat.error;time.duration
# - 
#   name: derived_secondary_ecl_depth
#   datatype: float32
#   unit: mag
#   description: "Secondary eclipse: depth"
#   meta:
#     ucd: src.var.amplitude
# - 
#   name: derived_secondary_ecl_depth_error
#   datatype: float32
#   unit: mag
#   description: "Secondary eclipse: uncertainty of \\texttt{derivedSecondaryEclDepth}"
#   meta:
#     ucd: stat.error;src.var.amplitude
solution_id,source_id,global_ranking,reference_time,frequency,frequency_error,geom_model_reference_level,geom_model_reference_level_error,geom_model_gaussian1_phase,geom_model_gaussian1_phase_error,geom_model_gaussian1_sigma,geom_model_gaussian1_sigma_error,geom_model_gaussian1_depth,geom_model_gaussian1_depth_error,geom_model_gaussian2_phase,geom_model_gaussian2_phase_error,geom_model_gaussian2_sigma,geom_model_gaussian2_sigma_error,geom_model_gaussian2_depth,geom_model_gaussian2_depth_error,geom_model_cosine_half_period_amplitude,geom_model_cosine_half_period_amplitude_error,geom_model_cosine_half_period_phase,geom_model_cosine_half_period_phase_error,model_type,num_model_parameters,reduced_chi2,derived_primary_ecl_phase,derived_primary_ecl_phase_error,derived_primary_ecl_duration,derived_primary_ecl_duration_error,derived_primary_ecl_depth,derived_primary_ecl_depth_error,derived_secondary_ecl_phase,derived_secondary_ecl_phase_error,derived_secondary_ecl_duration,derived_secondary_ecl_duration_error,derived_secondary_ecl_depth,derived_secondary_ecl_depth_error
[from data line 327]
375316653866487564,5985248690367622528,0.5497379,2191.8265217709713,3.109128203940139,1.1175708E-5,16.359781,0.0051879184,0.21506275,0.0031218454,0.06798521,0.0029962081,0.47084045,0.022949276,0.70896107,0.0027710018,0.069013365,0.0027486796,0.4185341,0.010202092,null,null,null,null,"TWOGAUSSIANS",8,38.94574,0.21506275,0.0031218454,0.38071716,0.016778767,0.4698751,0.023054771,0.70896107,0.0027710018,0.38647485,0.015392606,0.41756874,0.010148216
375316653866487564,5985251164259160064,0.48412237,2111.308833653249,0.9321244683733887,2.8382356E-5,19.673605,0.0073455437,0.27426922,0.005333167,0.016455362,0.0037031812,0.5564733,0.049811564,0.768706,0.018654225,0.012394355,0.013437054,0.26564568,0.23500419,null,null,null,null,"TWOGAUSSIANS",8,3.4084268,0.27426922,0.005333167,0.092150025,0.020737816,0.5564733,0.049811564,0.768706,0.018654225,0.06940839,0.075247504,0.26564568,0.23500419
375316653866487564,5985251744062483712,0.59024286,2219.0553636600553,1.2065743626473613,5.047114E-6,18.373905,0.0031345284,0.23440933,0.005770302,0.052091703,0.0038001048,0.09714814,0.007434304,0.7303337,0.0014922436,0.045309357,0.00171792,0.6477993,0.024581293,null,null,null,null,"TWOGAUSSIANS",8,3.5101693,0.7303337,0.0014922436,0.2537324,0.009620352,0.64779866,0.024581516,0.23440933,0.005770302,0.29171354,0.021280587,0.097147435,0.00743436
375316653866487564,5985252431260565120,0.52074105,2211.085369681901,1.211109390546752,5.099945E-6,18.731203,0.0038416423,0.28184426,0.0013743744,0.031004606,0.0015031612,0.6656631,0.060454834,0.7858773,0.0024082744,0.036616147,0.0022224337,0.29429245,0.019221714,null,null,null,null,"TWOGAUSSIANS",8,3.9903345,0.28184426,0.0013743744,0.1736258,0.008417702,0.6656631,0.060454834,0.7858773,0.0024082744,0.20505042,0.012445628,0.29429245,0.019221714
375316653866487564,5985253432011923200,0.6526746,2232.448230194392,2.3521902814345323,3.6234737E-6,17.624231,0.008416952,0.2471326,0.0013389953,0.04826768,0.0028261445,0.2897145,0.016065855,0.7457921,0.0052483086,0.047924053,0.004520742,0.26876557,0.019635873,0.1291098,0.008673295,0.2471326,0.0013389953,"TWOGAUSSIANS_WITH_ELLIPSOIDAL_ON_ECLIPSE1",9,4.2205005,0.2471326,0.0013389953,0.27029902,0.01582641,0.54793316,0.0066582086,0.74599206,0.0046584895,0.2683747,0.025316156,0.52696866,0.01130147
375316653866487564,5985253736927764096,0.5101339,2239.757875702289,3.3551367802151915,9.3419085E-6,16.779911,0.034834668,0.23649064,0.011482611,0.051692218,0.03072621,0.12190665,0.05878559,0.7453689,0.0027843972,0.058305614,0.016996484,0.09876006,0.07536864,0.09243799,0.0390107,0.7453689,0.0027843972,"TWOGAUSSIANS_WITH_ELLIPSOIDAL_ON_ECLIPSE2",9,38.9599,0.23864064,0.008264203,0.28947642,0.15746717,0.3063363,0.043671258,0.7453689,0.0027843972,0.32651144,0.08996285,0.28362533,0.013290219
375316653866487564,5985254256635892224,0.6613018,2248.6739740625076,0.29167387291283137,4.7761937E-6,17.217525,0.0027075994,0.26959947,0.0013149523,0.029186008,6.3251896E-4,1.2133168,0.038071804,0.77303094,0.002601864,0.028342111,0.0021510592,0.15862519,0.012382275,0.014881967,0.0033664065,0.26959947,0.0013149523,"TWOGAUSSIANS_WITH_ELLIPSOIDAL_ON_ECLIPSE1",9,4.629762,0.26959947,0.0013149523,0.16344166,0.0035421061,1.2430807,0.03614525,0.77303094,0.002601864,0.15871581,0.012045932,0.18837528,0.011150871
375316653866487564,5985256318220463872,0.49654633,2148.5259966588696,3.5433212957140032,5.2477837E-5,19.84477,0.022027353,0.24170302,0.00853444,0.09648564,0.014494849,0.34055293,0.01882814,0.7509639,0.010916737,0.08531901,0.013764763,0.278556,0.02454237,null,null,null,null,"TWOGAUSSIANS",8,1.8691175,0.24170302,0.00853444,0.4,0.0,0.32831898,0.017358577,0.7509639,0.010916737,0.4,0.0,0.26632312,0.019862527
375316653866487564,5985257142854256640,0.53661007,2140.7888053918487,3.0495791832947345,8.129939E-6,19.439789,0.0071172626,0.13202915,0.002033477,0.067560665,0.002425793,0.50494224,0.020084284,0.63007396,0.00421562,0.07726998,0.0033685938,0.49278867,0.03106215,null,null,null,null,"TWOGAUSSIANS",8,1.617922,0.13202915,0.002033477,0.37833974,0.0135844415,0.502492,0.020169847,0.63007396,0.00421562,0.4,0.0,0.49033844,0.031260192
375316653866487564,5985258208016036992,0.4736146,2226.2868394964744,1.0693050275791103,4.2632128E-5,17.307045,0.00599521,0.24688667,0.0065866397,0.0062607517,0.0035759634,0.13196519,0.32133916,0.75950813,0.0023595279,0.024968155,0.003450287,0.33135745,0.02463389,0.017238287,0.007992425,0.75950813,0.0023595279,"TWOGAUSSIANS_WITH_ELLIPSOIDAL_ON_ECLIPSE2",9,42.172535,0.75950813,0.0023595279,0.13982166,0.019321607,0.36583403,0.025543395,0.24689667,0.0065876227,0.03506021,0.020025395,0.16622558,0.32231036
375316653866487564,5985258448525820416,0.5259581,2235.5837958836373,0.8548606958593173,1.3329672E-5,18.442762,0.0048166304,0.13595842,0.015654823,0.027580936,0.01092607,0.15957585,0.0270431,0.6356743,0.0010302626,0.027205287,0.0014115565,0.45152813,0.019956496,null,null,null,null,"TWOGAUSSIANS",8,7.6779943,0.6356743,0.0010302626,0.1523496,0.007904717,0.45152813,0.019956496,0.13595842,0.015654823,0.15445323,0.061185993,0.15957585,0.0270431
375316653866487564,5985259444966215808,0.48528442,2210.7210319274977,0.7282240686667633,2.5932082E-5,18.458912,0.0061769187,0.22751674,0.022969902,0.021693349,0.022512816,0.13671908,0.1379901,0.7275013,0.009536592,0.023509238,0.0072076735,0.45601222,0.097202614,0.02124263,0.009894314,0.22751674,0.022969902,"TWOGAUSSIANS_WITH_ELLIPSOIDAL_ON_ECLIPSE1",9,12.331999,0.7275013,0.009534428,0.13165173,0.04036297,0.49849746,0.09699574,0.22751674,0.022969902,0.12148276,0.12607177,0.17920434,0.14637883
375316653866487564,5985260578829700224,0.5436142,2145.5227404543593,0.9575013523708157,2.1729236E-5,19.713118,0.0071710753,0.2599863,0.008032133,0.036498792,0.0064587193,0.3403498,0.03254491,0.75597066,0.0018064205,0.027330047,0.0019265364,0.85256046,0.04038717,null,null,null,null,"TWOGAUSSIANS",8,2.6759195,0.75597066,0.0018064205,0.15304826,0.010788604,0.85256046,0.04038717,0.2599863,0.008032133,0.20439324,0.03616883,0.3403498,0.03254491
375316653866487564,5985261708386757504,0.49394277,2229.935553707302,1.7378704286006876,1.4396258E-5,18.414461,0.0019775513,0.7548506,0.003870378,0.05612984,0.029684957,0.017786432,0.019266011,null,null,null,null,null,null,0.04287083,0.0026158043,0.7548506,0.003870378,"ONEGAUSSIAN_WITH_ELLIPSOIDAL",6,1.473045,0.7548506,0.003870378,0.3143271,0.16623576,0.10352715,0.020121755,null,null,null,null,null,null
375316653866487564,5985262331176446208,0.51964885,2140.137533741922,2.7177301537247858,1.4331423E-5,19.695137,0.017350664,0.19725399,0.005867957,0.084128596,0.007151329,0.36795306,0.02788452,0.7036283,0.002866409,0.08000788,0.004641191,0.44645125,0.021405349,null,null,null,null,"TWOGAUSSIANS",8,1.4374568,0.7036283,0.002866409,0.4,0.0,0.4395247,0.0197522,0.19725399,0.005867957,0.4,0.0,0.3610265,0.027769295
375316653866487564,5985262571702462848,0.5739314,2225.191517362839,0.4149276235394809,1.0845429E-5,16.095665,0.0028158345,0.31353873,8.5146085E-4,0.03238101,9.862008E-4,0.3700993,0.012725316,0.8164756,0.0025684414,0.02510637,0.004977369,0.029997107,0.008457614,0.0067386674,0.0040838043,0.31353873,8.5146085E-4,"TWOGAUSSIANS_WITH_ELLIPSOIDAL_ON_ECLIPSE1",9,22.941618,0.31353873,8.5146085E-4,0.18133366,0.0055227242,0.38357666,0.0125455465,0.8164756,0.0025684414,0.14059567,0.027873268,0.043469854,0.0072506936
375316653866487564,5985262601743290880,0.45196474,2147.001789964793,0.11514487572255938,1.2404316E-4,19.157032,0.003615279,0.23797671,0.024924848,0.049154483,0.023036826,0.07123427,0.021152843,0.70953906,5.9837376E-4,0.014374779,9.1090676E-4,0.44519085,0.09498817,null,null,null,null,"TWOGAUSSIANS",8,3.011226,0.70953906,5.9837376E-4,0.08049876,0.0051010777,0.44519085,0.09498817,0.23797671,0.024924848,0.2752651,0.12900622,0.07123427,0.021152843
375316653866487564,5985262743501153792,0.4442051,2222.5035540417366,2.270456544278706,1.5954867E-5,17.32449,0.011476156,0.36479944,0.02595674,0.03300062,0.039378747,0.11396105,0.018154,0.8783484,0.001920508,0.029774722,0.0030410567,0.36876473,0.039967462,null,null,null,null,"TWOGAUSSIANS",8,71.16827,0.8783484,0.001920508,0.16673845,0.017029917,0.36876473,0.039967313,0.36479944,0.02595674,0.18480347,0.21575804,0.11396105,0.018154463
375316653866487564,5985263460736849024,0.49291337,2220.4603816771137,2.5262639184386018,1.9366624E-5,18.57626,0.00888974,0.27786565,0.007964302,0.09020847,0.012992592,0.14981915,0.009493389,0.7659016,0.003631563,0.087804615,0.006452421,0.1767454,0.00971871,null,null,null,null,"TWOGAUSSIANS",8,2.8324509,0.7659016,0.003631563,0.4,0.0,0.17155029,0.008443659,0.27786565,0.007964302,0.4,0.0,0.144624,0.008747155
375316653866487564,5985264594608225920,0.5440609,2138.6404743343865,3.1176302488584686,2.1062517E-5,19.554504,0.012358952,0.19472212,0.0025852805,0.06551429,0.0037578875,0.5457247,0.015210453,0.70870626,0.0047966824,0.06011261,0.0050628236,0.55159754,0.043671347,null,null,null,null,"TWOGAUSSIANS",8,2.77302,0.70870626,0.0047966824,0.3366306,0.028351812,0.5513434,0.043751717,0.19472212,0.0025852805,0.36688003,0.02104417,0.54547054,0.0151341725
375316653866487564,5985266106436787456,0.47510335,2101.0505784469533,2.890382321876601,2.4633595E-5,19.245428,0.015051189,0.2762242,0.008286933,0.07602701,0.019634796,0.3301816,0.030174043,0.79624856,0.0055719186,0.056034304,0.0064685326,0.24902982,0.019566664,null,null,null,null,"TWOGAUSSIANS",8,7.17266,0.2762242,0.008286933,0.4,0.007401665,0.32993284,0.030635113,0.79624856,0.0055719186,0.3137921,0.036223784,0.24878106,0.019085407
375316653866487564,5985268442897010048,0.56724393,2214.792811872887,2.4829265534097407,8.002876E-6,18.358904,0.011493535,0.17205253,0.0030729233,0.09062843,0.0052210568,0.31763926,0.0120338565,0.6798475,0.0015654004,0.0898205,0.0037448853,0.33297402,0.010282065,null,null,null,null,"TWOGAUSSIANS",8,2.5016294,0.6798475,0.0015654004,0.4,0.0,0.32056987,0.0066880262,0.17205253,0.0030729233,0.4,0.0,0.3052351,0.009622378
375316653866487564,5985269237491766144,0.54727226,2205.593868281349,3.2520821429267617,8.674171E-6,17.797989,0.004858828,0.30281028,0.0033881988,0.08139442,0.0040770294,0.32709402,0.016193207,0.8025871,0.002623527,0.08295577,0.0038821,0.25488502,0.0072455574,null,null,null,null,"TWOGAUSSIANS",8,7.8835764,0.30281028,0.0033881988,0.4,0.0,0.32148442,0.01672284,0.8025871,0.002623527,0.4,0.0,0.24927542,0.0073928074
375316653866487564,5985269512369706240,0.6050361,2199.0676199853883,0.37758199683329113,5.311498E-6,16.184017,0.0032283508,0.22110003,0.0015493032,0.027320873,0.0012720071,1.1625926,0.049943186,0.7205943,0.0026544365,0.024045553,0.003332375,0.11940491,0.027763985,0.008196747,0.0059405267,0.22110003,0.0015493032,"TWOGAUSSIANS_WITH_ELLIPSOIDAL_ON_ECLIPSE1",9,61.71809,0.22110003,0.0015493032,0.1529969,0.0071232403,1.1789862,0.050335757,0.7205943,0.0026427053,0.13465509,0.018661302,0.13579823,0.030174958
375316653866487564,5985270985519393280,0.5384905,2125.658330328309,3.9915391094059194,9.00892E-6,19.744686,0.009155121,0.33846837,0.002976475,0.06782262,0.0035938832,0.44064853,0.027186017,0.83521676,0.0044270656,0.064564556,0.0035496682,0.62102884,0.019525075,null,null,null,null,"TWOGAUSSIANS",8,1.6564755,0.83521676,0.0044270656,0.3615615,0.019878143,0.6202716,0.019399295,0.33846837,0.002976475,0.3798067,0.020125747,0.43989128,0.027326994
375316653866487564,5985271299076973568,0.5852674,2190.6623743806977,0.34491679371345696,4.6257992E-5,16.091726,7.035331E-4,0.30933055,0.01553545,0.012393095,0.009739259,0.26053417,2.298504,0.80839705,0.012203582,0.012606491,0.004700254,0.2936407,0.41591394,null,null,null,null,"TWOGAUSSIANS",8,3.785192,0.80839705,0.012203582,0.07059635,0.026321422,0.2936407,0.41591394,0.30933055,0.01553545,0.06940133,0.05453985,0.26053417,2.298504
375316653866487564,5985271848831968000,0.4922009,2185.5347072411155,2.090882139064063,1.9389236E-5,16.569382,0.08738628,0.22607915,0.00806648,0.12932804,0.025512889,0.29819667,0.08071031,0.7081898,0.004416813,0.12436526,0.018918235,0.33300886,0.0826645,null,null,null,null,"TWOGAUSSIANS",8,52.242153,0.7081898,0.004416813,0.4,0.0,0.2551125,0.015530282,0.22628915,0.0077936365,0.4,0.0,0.22015488,0.016292522
375316653866487564,5985272845255707392,0.48360866,2113.4673026552096,1.447156647635699,1.7338407E-5,19.246634,0.009229505,0.17515418,0.006236511,0.06295227,0.008236087,0.26626083,0.022851443,0.6687241,0.0064185644,0.04347072,0.008207142,0.1716692,0.032682925,null,null,null,null,"TWOGAUSSIANS",8,2.3628128,0.17515418,0.006236511,0.3525327,0.046122085,0.26625553,0.022856874,0.6687241,0.0064185644,0.24343605,0.045959998,0.17166391,0.032687724
375316653866487564,5985273291941031168,0.62745017,2191.0319284157536,0.5124559055108798,7.738405E-6,15.288938,8.8404905E-4,0.33373806,7.3155016E-4,0.028461765,7.781231E-4,0.44358018,0.006460613,null,null,null,null,null,null,null,null,null,null,"ONEGAUSSIAN",5,14.575183,0.33373806,7.3155016E-4,0.15938589,0.0043574893,0.44358018,0.0,null,null,null,null,null,null
375316653866487564,5985273390699140480,0.47678715,2183.116442672703,2.8039518831542076,2.4236218E-5,18.742264,0.09466688,0.25492656,0.0058166487,0.11391135,0.03225629,0.16009767,0.08806679,0.7495138,0.006663397,0.13636012,0.04942322,0.16818094,0.0914146,null,null,null,null,"TWOGAUSSIANS",8,2.0285985,0.7495138,0.006663397,0.4,0.0,0.12559734,0.0071473615,0.25504658,0.0057598883,0.4,0.0,0.11790153,0.009258862
375316653866487564,5985273669898162304,0.5123455,2176.8789523758,2.895480075830392,1.2502107E-5,18.607822,0.2006032,0.2998801,0.005205114,0.12489227,0.026144072,0.37513638,0.18230401,0.7893489,0.0034882948,0.14591886,0.038720608,0.3644664,0.19821368,null,null,null,null,"TWOGAUSSIANS",8,3.104497,0.30036008,0.0046272087,0.4,0.0,0.25288236,0.012016192,0.7893489,0.0034882948,0.4,0.0,0.24035734,0.008485207
375316653866487564,5985274425812462720,0.6705668,2180.9666353944194,0.22461549307620876,3.887158E-6,15.157488,7.7386753E-4,0.053013824,2.002954E-4,0.009017798,3.5363485E-4,0.5620901,0.015734455,0.2027665,0.0019349926,0.019023031,0.0033328596,0.0147576,0.0045181406,null,null,null,null,"TWOGAUSSIANS",8,9.270518,0.053013824,2.002954E-4,0.050499666,0.0019803552,0.5620901,0.015734455,0.2027665,0.0019349926,0.106528975,0.018664014,0.0147576,0.0045181406
375316653866487564,5985275727163437312,0.53498447,2192.649342605498,1.948151806523152,1.0544911E-5,18.69412,0.006911675,0.24367766,0.006259166,0.084716335,0.007216331,0.14294063,0.0090226075,0.7419856,0.0022129242,0.0722771,0.0034279113,0.3236506,0.0089896815,null,null,null,null,"TWOGAUSSIANS",8,2.066555,0.7419856,0.0022129242,0.4,0.005031742,0.32116643,0.008485518,0.24367766,0.006259166,0.4,0.0,0.14045644,0.008654742
375316653866487564,5985277621268033024,0.5402703,2179.0439078265335,1.7252183471162494,9.977249E-6,18.171803,0.006048481,0.24359746,0.005072057,0.042802636,0.0063397773,0.20716138,0.011494518,0.73798287,0.001606011,0.036938336,0.0013121289,0.68833256,0.02301968,null,null,null,null,"TWOGAUSSIANS",8,10.376217,0.73798287,0.001606011,0.20685467,0.0073479214,0.68833256,0.023019679,0.24359746,0.005072057,0.23969476,0.035502754,0.20716138,0.01149452
375316653866487564,5985279201808510720,0.5843815,2132.949472378118,1.1316675862912882,7.811574E-6,19.72274,0.020075519,0.1889096,0.0054491693,0.036058683,0.006654207,0.5196478,0.1123483,0.6929566,0.0019973642,0.042315878,0.003710639,0.6211195,0.051959507,0.1385408,0.026394058,0.1889096,0.0054491693,"TWOGAUSSIANS_WITH_ELLIPSOIDAL_ON_ECLIPSE1",9,2.8914025,0.6929566,0.0019973642,0.2369689,0.020779578,0.89802194,0.038153864,0.1889096,0.0054491693,0.20192862,0.03726356,0.7967293,0.12701082
