Gaia/vari_eclipsing_binary/VariEclipsingBinary_731726-732020.csv
# %ECSV 1.0
# ---
# delimiter: ','
# meta: !!omap
# - RELEASE: Gaia DR3
# - TABLE: vari_eclipsing_binary
# - DESCRIPTION: >
#     This table describes the properties of the eclipsing binaries resulting from the variability analysis. 
# - CITATION: >
#     How to cite and acknowledge Gaia: 
#     https://gea.esac.esa.int/archive/documentation/credits.html 
# - KNOWN_ISSUES: >
#     Known issues: 
#     https://www.cosmos.esa.int/web/gaia-users/known-issues 
# - DOCUMENTATION: >
#     Tutorials and documentation: 
#     https://www.cosmos.esa.int/web/gaia-users/archive 
# datatype:
# - 
#   name: solution_id
#   datatype: int64
#   description: Solution Identifier
#   meta:
#     ucd: meta.version
# - 
#   name: source_id
#   datatype: int64
#   description: Unique source identifier
#   meta:
#     ucd: meta.id;meta.main
# - 
#   name: global_ranking
#   datatype: float32
#   description: Number between 0 (worst) and 1 (best)
#   meta:
#     ucd: stat.param
# - 
#   name: reference_time
#   datatype: float64
#   unit: d
#   description: Reference time used for the geometric model fit
#   meta:
#     ucd: time.epoch
# - 
#   name: frequency
#   datatype: float64
#   unit: d**-1
#   description: Frequency of geometric model of the eclipsing binary light curve
#   meta:
#     ucd: src.orbital
# - 
#   name: frequency_error
#   datatype: float32
#   unit: d**-1
#   description: "Uncertainty of \\texttt{frequency}"
#   meta:
#     ucd: stat.error
# - 
#   name: geom_model_reference_level
#   datatype: float32
#   unit: mag
#   description: Magnitude reference level of geometric model
#   meta:
#     ucd: phot.mag;em.opt
# - 
#   name: geom_model_reference_level_error
#   datatype: float32
#   unit: mag
#   description: "Uncertainty of \\texttt{geomModelReferenceLevel}"
#   meta:
#     ucd: stat.error;phot.mag;em.opt
# - 
#   name: geom_model_gaussian1_phase
#   datatype: float32
#   description: Phase of the Gaussian 1 component
#   meta:
#     ucd: time.phase
# - 
#   name: geom_model_gaussian1_phase_error
#   datatype: float32
#   description: "Uncertainty of \\texttt{geomModelGaussian1Phase}"
#   meta:
#     ucd: stat.error;time.phase
# - 
#   name: geom_model_gaussian1_sigma
#   datatype: float32
#   description: "Standard deviation [phase] of Gaussian 1 component"
#   meta:
#     ucd: stat.stdev
# - 
#   name: geom_model_gaussian1_sigma_error
#   datatype: float32
#   description: "Uncertainty of \\texttt{geomModelGaussian1Sigma}"
#   meta:
#     ucd: stat.error
# - 
#   name: geom_model_gaussian1_depth
#   datatype: float32
#   unit: mag
#   description: Magnitude depth of Gaussian 1 component
#   meta:
#     ucd: src.var.amplitude
# - 
#   name: geom_model_gaussian1_depth_error
#   datatype: float32
#   unit: mag
#   description: "Uncertainty of \\texttt{geomModelGaussian1Depth}"
#   meta:
#     ucd: stat.error;src.var.amplitude
# - 
#   name: geom_model_gaussian2_phase
#   datatype: float32
#   description: Phase of Gaussian 2 component
#   meta:
#     ucd: time.phase
# - 
#   name: geom_model_gaussian2_phase_error
#   datatype: float32
#   description: "Uncertainty of \\texttt{geomModelGaussian2Phase}"
#   meta:
#     ucd: stat.error;time.phase
# - 
#   name: geom_model_gaussian2_sigma
#   datatype: float32
[...]
#   datatype: float32
#   description: "Secondary eclipse: uncertainty of \\texttt{derivedSecondaryEclDuration}"
#   meta:
#     ucd: stat.error;time.duration
# - 
#   name: derived_secondary_ecl_depth
#   datatype: float32
#   unit: mag
#   description: "Secondary eclipse: depth"
#   meta:
#     ucd: src.var.amplitude
# - 
#   name: derived_secondary_ecl_depth_error
#   datatype: float32
#   unit: mag
#   description: "Secondary eclipse: uncertainty of \\texttt{derivedSecondaryEclDepth}"
#   meta:
#     ucd: stat.error;src.var.amplitude
solution_id,source_id,global_ranking,reference_time,frequency,frequency_error,geom_model_reference_level,geom_model_reference_level_error,geom_model_gaussian1_phase,geom_model_gaussian1_phase_error,geom_model_gaussian1_sigma,geom_model_gaussian1_sigma_error,geom_model_gaussian1_depth,geom_model_gaussian1_depth_error,geom_model_gaussian2_phase,geom_model_gaussian2_phase_error,geom_model_gaussian2_sigma,geom_model_gaussian2_sigma_error,geom_model_gaussian2_depth,geom_model_gaussian2_depth_error,geom_model_cosine_half_period_amplitude,geom_model_cosine_half_period_amplitude_error,geom_model_cosine_half_period_phase,geom_model_cosine_half_period_phase_error,model_type,num_model_parameters,reduced_chi2,derived_primary_ecl_phase,derived_primary_ecl_phase_error,derived_primary_ecl_duration,derived_primary_ecl_duration_error,derived_primary_ecl_depth,derived_primary_ecl_depth_error,derived_secondary_ecl_phase,derived_secondary_ecl_phase_error,derived_secondary_ecl_duration,derived_secondary_ecl_duration_error,derived_secondary_ecl_depth,derived_secondary_ecl_depth_error
[from data line 317]
375316653866487564,6438577364537522944,0.6146601,2243.776667505479,0.947002702957499,1.1296968E-4,15.780706,0.001629433,0.38906497,0.041937146,0.049009178,0.041406512,0.015208113,0.21499838,0.8315721,0.015996074,0.05040399,0.02468109,0.40885314,0.11443286,null,null,null,null,"TWOGAUSSIANS",8,14.068486,0.8315721,0.015996074,0.28226236,0.1382141,0.4088531,0.11443288,0.38906497,0.041937146,0.27445138,0.23187648,0.01520809,0.2149984
375316653866487564,6438581869956709120,0.5000766,2176.522644158952,3.6671323050926654,1.40173925E-5,19.525759,0.020267379,0.22955447,0.0046095923,0.06249364,0.006523192,0.4212427,0.03319381,0.7312656,0.009570606,0.07474305,0.0117888525,0.5000115,0.08809438,null,null,null,null,"TWOGAUSSIANS",8,4.751368,0.7312656,0.009570606,0.4,0.00997068,0.49885726,0.0890312,0.22955447,0.0046095923,0.34996438,0.036529873,0.42008847,0.03299724
375316653866487564,6438587706817129472,0.42921367,2253.8103265944787,0.6430036846430124,3.6179823E-5,17.108036,0.008949672,null,null,null,null,null,null,null,null,null,null,null,null,0.09823382,0.014979776,0.22079113,0.007238797,"ELLIPSOIDAL",4,94.116104,null,null,null,null,null,null,null,null,null,null,null,null
375316653866487564,6438609838785636224,0.5559853,2225.176517561626,3.6111804401721312,1.3424432E-5,16.295483,0.009001827,0.22601086,0.0076494184,0.0976479,0.008818995,0.25800744,0.011041229,0.7173835,0.0032014486,0.07825927,0.005332984,0.28861344,0.020870138,null,null,null,null,"TWOGAUSSIANS",8,22.531065,0.7173835,0.0032014486,0.4,0.0,0.28038374,0.02217547,0.22601086,0.0076494184,0.4,0.0,0.24977659,0.01030208
375316653866487564,6438613236102496000,0.5490906,2212.940199231079,1.657233620231733,7.65038E-6,19.497677,0.009215791,0.23014133,0.0020957538,0.042172212,0.0024468824,0.7627449,0.045701914,0.72601455,0.0051492373,0.04723322,0.0034018708,0.5662402,0.042824727,null,null,null,null,"TWOGAUSSIANS",8,3.9714403,0.23014133,0.0020957538,0.23616439,0.013702541,0.7627447,0.04570201,0.72601455,0.0051492373,0.264506,0.019050477,0.56624,0.042824745
375316653866487564,6438625914846043520,0.4721332,2186.1705264443417,0.07531555933473727,2.0461826E-5,18.893274,0.009367499,0.17020962,0.0046369266,0.041569088,0.011334057,0.20838644,0.09151411,0.58292264,0.0062178248,0.0651568,0.008122115,0.24925499,0.045906566,null,null,null,null,"TWOGAUSSIANS",8,3.270868,0.58292264,0.0062178248,0.3648781,0.045483846,0.24925487,0.04590679,0.17020962,0.0046369266,0.23278688,0.06347072,0.20838632,0.09151436
375316653866487564,6438627117436956416,0.59393656,2246.5142927696884,1.0110312875284533,1.0210086E-5,18.580864,0.0035124032,0.25962844,0.0041694893,0.01599986,0.0020816242,0.6339869,0.06247874,0.75669765,0.0018974479,0.015964726,0.0014631149,0.33650568,0.05395538,null,null,null,null,"TWOGAUSSIANS",8,2.3294723,0.25962844,0.0041694893,0.08959921,0.0116570955,0.6339869,0.06247874,0.75669765,0.0018974479,0.08940247,0.0081934435,0.33650568,0.05395538
375316653866487564,6438630248470294912,0.64443064,2232.450646048467,2.9880711310820285,9.829979E-6,16.378963,0.016194243,0.27141085,9.957771E-4,0.05383953,0.0032777502,0.35132095,0.03396196,0.7762481,0.0025115432,0.062181216,0.004300284,0.3577638,0.03356074,0.098812275,0.01797024,0.27141085,9.957771E-4,"TWOGAUSSIANS_WITH_ELLIPSOIDAL_ON_ECLIPSE1",9,18.747742,0.7762481,0.0025115432,0.3482148,0.02408159,0.5551173,0.01082004,0.27141085,9.957771E-4,0.30150136,0.018355401,0.548857,0.0074564843
375316653866487564,6438632275692517120,0.47858527,2213.6158691164355,3.5078740276399225,5.6024096E-6,14.3456545,0.010897124,0.21053278,0.013396872,0.05504025,0.014998347,0.21641758,0.05770711,0.7239838,0.002606049,0.049570728,0.0050671054,0.16504154,0.02701214,0.08832303,0.016166937,0.7239838,0.002606049,"TWOGAUSSIANS_WITH_ELLIPSOIDAL_ON_ECLIPSE2",9,195.30821,0.21272278,0.007714429,0.30822542,0.083990745,0.39200512,0.058382936,0.7239838,0.002606049,0.2775961,0.028375791,0.34168318,0.009466421
375316653866487564,6438634818315395584,0.49828777,2234.957730194307,2.2818412058871176,2.2777283E-5,14.209842,0.31526634,0.24076968,0.0089861695,0.1113357,0.04766573,0.15756232,0.24837263,0.7366665,0.0050491407,0.12210909,0.09814466,0.1758228,0.29755273,null,null,null,null,"TWOGAUSSIANS",8,200.39868,0.7366665,0.0050491407,0.4,0.0,0.14345019,0.014206967,0.24079968,0.008980882,0.4,0.0,0.1252575,0.008895334
375316653866487564,6438636635084613120,0.59203666,2202.274975640335,3.6493295654307603,3.887771E-6,17.615145,0.0075817504,0.27438888,0.0015019845,0.07510074,0.002256691,0.5158086,0.012774862,0.77849454,0.003104065,0.07215879,0.002856439,0.5508798,0.01654083,null,null,null,null,"TWOGAUSSIANS",8,10.431733,0.77849454,0.003104065,0.4,0.004305985,0.54784065,0.016331583,0.27438888,0.0015019845,0.4,0.0,0.51276946,0.012831144
375316653866487564,6438639727461129472,0.44138077,2202.338539712,2.381869349902233,5.3139807E-5,17.569452,0.28618273,0.21612261,0.014610338,0.20619853,0.1745654,0.18458149,0.28404233,0.70484006,0.018684708,0.13795684,0.052188676,0.19903931,0.19411938,null,null,null,null,"TWOGAUSSIANS",8,9.173905,0.70484006,0.018684708,0.4,0.0,0.09715998,0.013022662,0.21714261,0.013484972,0.4,0.0,0.06362937,0.0057836366
375316653866487564,6438648557914108416,0.5370472,2230.8492308530685,1.2093276579863461,1.6990933E-5,18.982246,0.005833214,0.18426773,0.0035621256,0.028267624,0.003927018,0.40828907,0.048268244,0.6842392,0.0030006235,0.023627236,0.0021877168,0.80512476,0.10859079,null,null,null,null,"TWOGAUSSIANS",8,5.501663,0.6842392,0.0030006235,0.13231252,0.012251213,0.80512476,0.10859079,0.18426773,0.0035621256,0.1582987,0.0219913,0.40828907,0.048268244
375316653866487564,6438665879519230080,0.48253748,2189.6629556941402,2.3417544335384917,3.420773E-5,17.226381,0.007293268,0.21791936,0.008330487,0.0966194,0.020346744,0.043526597,0.0067707365,0.7223461,0.012078583,0.08421552,0.021609345,0.07751052,0.0116894,null,null,null,null,"TWOGAUSSIANS",8,2.2906413,0.7223461,0.012078583,0.4,0.0,0.075210094,0.013693955,0.21791936,0.008330487,0.4,0.0,0.041226033,0.004115332
375316653866487564,6438673434365316352,0.6421764,2181.5216732203967,3.96030187915826,5.946505E-6,17.451824,0.013597897,0.25640097,0.0013891449,0.05739064,0.0048254323,0.28600582,0.025927952,0.7467692,0.0021244925,0.06352529,0.0040074345,0.34773862,0.027935468,0.09583656,0.014482875,0.25640097,0.0013891449,"TWOGAUSSIANS_WITH_ELLIPSOIDAL_ON_ECLIPSE1",9,4.3315964,0.7482092,0.0017026351,0.35574162,0.022441633,0.5387107,0.010822437,0.25640097,0.0013891449,0.3213876,0.027022421,0.4775746,0.00806879
375316653866487564,6438683918381657472,0.6435629,2232.8140537377885,0.8331044349887834,8.495508E-6,14.613968,0.0022670203,0.24302168,0.0019531643,0.036024973,0.002925532,0.11176558,0.006203806,0.7363738,0.0010586393,0.03363434,7.1851094E-4,0.5836156,0.025180325,0.010340592,0.0026001898,0.24302168,0.0019531643,"TWOGAUSSIANS_WITH_ELLIPSOIDAL_ON_ECLIPSE1",9,17.385366,0.73639375,0.0010502363,0.1883523,0.0040236614,0.60426086,0.025141513,0.24302168,0.0019531643,0.20173985,0.01638298,0.13244677,0.00667426
375316653866487564,6438687697952964608,0.54913354,2268.6378807558654,2.7159628118415213,1.089E-5,15.983098,0.008531462,0.27811044,0.0037507797,0.09000492,0.005294024,0.21735498,0.008832969,0.78805274,0.0029884162,0.08941034,0.0057329726,0.20134,0.00826818,null,null,null,null,"TWOGAUSSIANS",8,28.527992,0.27811044,0.0037507797,0.4,0.0,0.20998578,0.006843409,0.78805274,0.0029884162,0.4,0.0,0.19397083,0.006567061
375316653866487564,6438689033686677376,0.4470441,2232.2132248432813,1.2798461135771746,1.4305275E-5,18.449465,0.0065825507,0.352913,0.009052907,0.028485125,0.007372722,0.15981422,0.02608529,0.7726596,0.034821976,0.04190844,0.02970095,0.40933922,1.6309588,0.036427274,0.005975889,0.7726596,0.034821976,"TWOGAUSSIANS_WITH_ELLIPSOIDAL_ON_ECLIPSE2",9,11.069352,0.7726596,0.034821976,0.23468725,0.16632532,0.4821937,1.6315308,0.350973,0.009434987,0.15951669,0.041287243,0.21603738,0.02427376
375316653866487564,6438697043801748096,0.5289093,2204.7984852692857,3.6529310827418975,1.4344318E-5,13.226106,0.011767558,0.268819,0.0090676695,0.08699705,0.010179725,0.22783518,0.014861646,0.7801713,0.003933446,0.08400887,0.006597885,0.2829958,0.016448136,null,null,null,null,"TWOGAUSSIANS",8,837.34235,0.7801713,0.003933446,0.4,0.0,0.2772044,0.016011735,0.268819,0.0090676695,0.4,0.0,0.22204374,0.013998171
375316653866487564,6438700857732739328,0.57164407,2194.1292031440667,1.8866174603739934,2.942001E-6,13.826634,0.049930345,0.25962672,0.0010301829,0.1427559,0.015842933,0.23579708,0.048459675,0.75868046,9.3883125E-4,0.13129438,0.0128715085,0.2348616,0.047597975,null,null,null,null,"TWOGAUSSIANS",8,16.981054,0.2596467,0.0010423141,0.4,0.0,0.14768974,0.0021819263,0.75868046,9.3883125E-4,0.4,0.0,0.14744394,0.0015441137
375316653866487564,6438705217123656448,0.5816118,2214.9211972243866,0.03781671108652151,4.8378065E-6,16.284119,8.2423084E-4,0.33550045,3.0379759E-5,0.0016744542,4.3898737E-5,0.13427885,0.0010717395,null,null,null,null,null,null,null,null,null,null,"ONEGAUSSIAN",5,2.548758,0.33550045,3.0379759E-5,0.009376944,2.4583293E-4,0.13427885,0.0,null,null,null,null,null,null
375316653866487564,6438711234373990400,0.5476299,2233.522630104655,3.2711375206170183,7.1489208E-6,15.847076,0.012261489,0.21670783,0.0019840498,0.08306408,0.00402081,0.33996513,0.01258897,0.7115726,0.0035223735,0.08675173,0.0060121585,0.32977593,0.019955931,null,null,null,null,"TWOGAUSSIANS",8,66.238594,0.21670783,0.0019840498,0.4,0.0,0.33194387,0.01056243,0.7115726,0.0035223735,0.4,0.0,0.32175463,0.019990608
375316653866487564,6438728684824483968,0.54217386,2231.1625220273127,3.527766205074406,1.6199581E-5,19.53804,0.008628724,0.24312246,0.0062157265,0.0713972,0.0060274173,0.41695306,0.02026171,0.7305282,0.0049249693,0.0799607,0.0043260246,0.49748653,0.026104527,null,null,null,null,"TWOGAUSSIANS",8,1.8176688,0.7305282,0.0049249693,0.4,0.0,0.49453264,0.026383802,0.24312246,0.0062157265,0.39982432,0.02564935,0.41399917,0.020245004
375316653866487564,6438736415765374080,0.46461883,2212.488949116652,2.1854476637764195,7.0371316E-5,16.234005,0.029081497,0.264512,0.016962178,0.048891768,0.016017076,0.44510362,0.10191571,0.78040123,0.027329462,0.0476249,0.04200517,0.08969241,0.65547854,0.030313,0.042049244,0.264512,0.016962178,"TWOGAUSSIANS_WITH_ELLIPSOIDAL_ON_ECLIPSE1",9,246.11409,0.264512,0.016962178,0.2737939,0.089695625,0.50572866,0.118622966,0.78040123,0.026758706,0.26669943,0.23522894,0.1497152,0.6676214
375316653866487564,6438758440356723712,0.54658824,2195.9736100546543,4.240541360254075,1.44592605E-5,19.17392,0.012571355,0.3157022,0.0052111577,0.06151155,0.0044838325,0.49126583,0.021679705,0.7997288,0.0036796026,0.06386144,0.00452137,0.5610413,0.032544952,null,null,null,null,"TWOGAUSSIANS",8,4.0044365,0.7997288,0.0036796026,0.35762402,0.025319671,0.56082064,0.03256812,0.3157022,0.0052111577,0.3444647,0.025109462,0.49104515,0.021618797
375316653866487564,6438764560687432576,0.6026956,2219.0341489771067,3.2227644472949732,8.297202E-6,14.841619,0.012621793,0.2711368,0.014081638,0.02858613,0.016897894,0.19351713,0.045020036,0.7762422,0.0029112478,0.03419289,0.009415491,0.10989413,0.02387925,0.13247183,0.01535896,0.7762422,0.0029112478,"TWOGAUSSIANS_WITH_ELLIPSOIDAL_ON_ECLIPSE2",9,129.33983,0.2715468,0.012619209,0.16008233,0.09462821,0.45820987,0.034366626,0.7762422,0.0029112478,0.19148019,0.05272675,0.3748373,0.009350133
375316653866487564,6438783630342635904,0.44758287,2243.5939459625406,2.704371701892429,1.6511152E-5,13.340631,0.0039846823,0.2279195,0.019562362,0.05633168,0.049467355,0.0149221495,0.00903638,0.7943199,0.0040920335,0.022567773,0.0062679723,0.07739904,0.06364824,0.013752972,0.004643681,0.2279195,0.019562362,"TWOGAUSSIANS_WITH_ELLIPSOIDAL_ON_ECLIPSE1",9,145.68108,0.7943199,0.0040920335,0.12637953,0.035100646,0.100387886,0.06592099,0.2279195,0.019562362,0.3154574,0.1438247,0.042427298,0.0049255635
375316653866487564,6438787268179615488,0.52820295,2239.9431706285686,3.016722084943373,8.2755205E-6,19.328115,0.011528809,0.22274691,0.0029298104,0.0749525,0.0041971803,0.46351582,0.023603868,0.71492124,0.008044687,0.07812172,0.008472015,0.5187596,0.036844518,null,null,null,null,"TWOGAUSSIANS",8,3.32434,0.71492124,0.008044687,0.4,0.0,0.5147599,0.038323432,0.22274691,0.0029298104,0.4,0.0,0.45951608,0.023726169
375316653866487564,6438790158690326144,0.42268273,2276.8365367676124,2.1297112383774652,4.9275706E-5,19.475115,0.011442011,0.33813274,0.011831062,0.06317124,0.010152353,0.16735354,0.023071755,0.6081404,0.018552154,0.036022812,0.021538166,0.10299476,0.044784684,null,null,null,null,"TWOGAUSSIANS",8,4.5235963,0.33813274,0.011831062,0.3537589,0.05685318,0.16735354,0.023071755,0.6081404,0.018552154,0.20172773,0.12061373,0.103012815,0.04478153
375316653866487564,6438801256888188032,0.5883894,2261.9338867910537,1.578855342071813,6.27199E-6,16.070349,0.0019081761,0.28237444,0.0023834284,0.026445221,0.0035767371,0.2623892,0.018002648,0.7829082,0.0016811908,0.024901457,0.0019846489,0.3733469,0.022460304,0.005839508,0.0033527527,0.28237444,0.0023834284,"TWOGAUSSIANS_WITH_ELLIPSOIDAL_ON_ECLIPSE1",9,19.043732,0.7829082,0.0016811908,0.13944817,0.011114034,0.38502574,0.024238542,0.28237444,0.0023834284,0.14809324,0.02002973,0.27406824,0.018305192
375316653866487564,6438809537585087872,0.59016407,2192.801533942384,3.868292323463952,6.2670656E-6,18.06575,0.006111505,0.27516663,0.0033333227,0.07895138,0.0036037234,0.39857313,0.015434616,0.7756661,0.0020695082,0.080588415,0.0024451185,0.40150458,0.0086085545,null,null,null,null,"TWOGAUSSIANS",8,3.1085703,0.7756661,0.0020695082,0.4,0.0,0.39566877,0.008012102,0.27516663,0.0033333227,0.4,0.0,0.39273733,0.015572272
375316653866487564,6438817337244272896,0.4785873,2199.1734044177333,1.248698714887206,3.8542512E-5,19.465523,0.007964801,0.2677967,0.0017599163,0.025405932,0.0024370002,0.6793743,0.14903745,0.7571039,0.010229354,0.039160844,0.00959387,0.22102802,0.07699149,null,null,null,null,"TWOGAUSSIANS",8,2.9027152,0.2677967,0.0017599163,0.14227322,0.013647201,0.6793743,0.14903745,0.7571039,0.010229354,0.21930073,0.05372567,0.22102802,0.07699149
375316653866487564,6438818642913965696,0.48737258,2207.5749370627914,0.2978348268024823,4.4976776E-5,14.849451,0.004324305,0.6561733,0.018025156,0.03978579,0.03934995,0.50634694,22988.832,0.7756209,0.004603569,0.020463243,0.0051967064,0.5456848,0.049481932,null,null,null,null,"TWOGAUSSIANS",8,138.46606,0.7756209,0.004603569,0.114594154,0.029101556,0.5512717,0.05261753,0.6561733,0.018025156,0.22280043,0.22035973,0.50634694,22988.832
375316653866487564,6438822005874054016,0.546752,2227.635162892182,2.422463718700118,8.88881E-6,15.859339,0.0051147323,0.2903632,0.0026828118,0.08762043,0.010654541,0.13459146,0.012509293,0.788826,0.0031232191,0.0723795,0.004457447,0.13021028,0.0062317727,null,null,null,null,"TWOGAUSSIANS",8,12.421451,0.2903632,0.0026828118,0.4,0.0,0.13265155,0.013773333,0.788826,0.0031232191,0.4,0.007368441,0.12827039,0.0055473526
375316653866487564,6438828504161061120,0.6177068,2267.204011017186,3.949522979403942,1.2333776E-5,16.258558,0.013728867,0.2050067,0.0043679946,0.049935337,0.016015973,0.23034267,0.34073764,0.71166545,0.0015656613,0.048377942,0.0033132827,0.29927322,0.030442052,0.10970663,0.017586917,0.2050067,0.0043679946,"TWOGAUSSIANS_WITH_ELLIPSOIDAL_ON_ECLIPSE1",9,35.781456,0.71166545,0.0015656613,0.2709165,0.018554384,0.51830083,0.008525609,0.2050067,0.0043679946,0.27963787,0.08968945,0.44975412,0.35829505
