Gaia/vari_eclipsing_binary/VariEclipsingBinary_459171-459181.csv
# %ECSV 1.0
# ---
# delimiter: ','
# meta: !!omap
# - RELEASE: Gaia DR3
# - TABLE: vari_eclipsing_binary
# - DESCRIPTION: >
#     This table describes the properties of the eclipsing binaries resulting from the variability analysis. 
# - CITATION: >
#     How to cite and acknowledge Gaia: 
#     https://gea.esac.esa.int/archive/documentation/credits.html 
# - KNOWN_ISSUES: >
#     Known issues: 
#     https://www.cosmos.esa.int/web/gaia-users/known-issues 
# - DOCUMENTATION: >
#     Tutorials and documentation: 
#     https://www.cosmos.esa.int/web/gaia-users/archive 
# datatype:
# - 
#   name: solution_id
#   datatype: int64
#   description: Solution Identifier
#   meta:
#     ucd: meta.version
# - 
#   name: source_id
#   datatype: int64
#   description: Unique source identifier
#   meta:
#     ucd: meta.id;meta.main
# - 
#   name: global_ranking
#   datatype: float32
#   description: Number between 0 (worst) and 1 (best)
#   meta:
#     ucd: stat.param
# - 
#   name: reference_time
#   datatype: float64
#   unit: d
#   description: Reference time used for the geometric model fit
#   meta:
#     ucd: time.epoch
# - 
#   name: frequency
#   datatype: float64
#   unit: d**-1
#   description: Frequency of geometric model of the eclipsing binary light curve
#   meta:
#     ucd: src.orbital
# - 
#   name: frequency_error
#   datatype: float32
#   unit: d**-1
#   description: "Uncertainty of \\texttt{frequency}"
#   meta:
#     ucd: stat.error
# - 
#   name: geom_model_reference_level
#   datatype: float32
#   unit: mag
#   description: Magnitude reference level of geometric model
#   meta:
#     ucd: phot.mag;em.opt
# - 
#   name: geom_model_reference_level_error
#   datatype: float32
#   unit: mag
#   description: "Uncertainty of \\texttt{geomModelReferenceLevel}"
#   meta:
#     ucd: stat.error;phot.mag;em.opt
# - 
#   name: geom_model_gaussian1_phase
#   datatype: float32
#   description: Phase of the Gaussian 1 component
#   meta:
#     ucd: time.phase
# - 
#   name: geom_model_gaussian1_phase_error
#   datatype: float32
#   description: "Uncertainty of \\texttt{geomModelGaussian1Phase}"
#   meta:
#     ucd: stat.error;time.phase
# - 
#   name: geom_model_gaussian1_sigma
#   datatype: float32
#   description: "Standard deviation [phase] of Gaussian 1 component"
#   meta:
#     ucd: stat.stdev
# - 
#   name: geom_model_gaussian1_sigma_error
#   datatype: float32
#   description: "Uncertainty of \\texttt{geomModelGaussian1Sigma}"
#   meta:
#     ucd: stat.error
# - 
#   name: geom_model_gaussian1_depth
#   datatype: float32
#   unit: mag
#   description: Magnitude depth of Gaussian 1 component
#   meta:
#     ucd: src.var.amplitude
# - 
#   name: geom_model_gaussian1_depth_error
#   datatype: float32
#   unit: mag
#   description: "Uncertainty of \\texttt{geomModelGaussian1Depth}"
#   meta:
#     ucd: stat.error;src.var.amplitude
# - 
#   name: geom_model_gaussian2_phase
#   datatype: float32
#   description: Phase of Gaussian 2 component
#   meta:
#     ucd: time.phase
# - 
#   name: geom_model_gaussian2_phase_error
#   datatype: float32
#   description: "Uncertainty of \\texttt{geomModelGaussian2Phase}"
#   meta:
#     ucd: stat.error;time.phase
# - 
#   name: geom_model_gaussian2_sigma
#   datatype: float32
[...]
#   datatype: float32
#   description: "Secondary eclipse: uncertainty of \\texttt{derivedSecondaryEclDuration}"
#   meta:
#     ucd: stat.error;time.duration
# - 
#   name: derived_secondary_ecl_depth
#   datatype: float32
#   unit: mag
#   description: "Secondary eclipse: depth"
#   meta:
#     ucd: src.var.amplitude
# - 
#   name: derived_secondary_ecl_depth_error
#   datatype: float32
#   unit: mag
#   description: "Secondary eclipse: uncertainty of \\texttt{derivedSecondaryEclDepth}"
#   meta:
#     ucd: stat.error;src.var.amplitude
solution_id,source_id,global_ranking,reference_time,frequency,frequency_error,geom_model_reference_level,geom_model_reference_level_error,geom_model_gaussian1_phase,geom_model_gaussian1_phase_error,geom_model_gaussian1_sigma,geom_model_gaussian1_sigma_error,geom_model_gaussian1_depth,geom_model_gaussian1_depth_error,geom_model_gaussian2_phase,geom_model_gaussian2_phase_error,geom_model_gaussian2_sigma,geom_model_gaussian2_sigma_error,geom_model_gaussian2_depth,geom_model_gaussian2_depth_error,geom_model_cosine_half_period_amplitude,geom_model_cosine_half_period_amplitude_error,geom_model_cosine_half_period_phase,geom_model_cosine_half_period_phase_error,model_type,num_model_parameters,reduced_chi2,derived_primary_ecl_phase,derived_primary_ecl_phase_error,derived_primary_ecl_duration,derived_primary_ecl_duration_error,derived_primary_ecl_depth,derived_primary_ecl_depth_error,derived_secondary_ecl_phase,derived_secondary_ecl_phase_error,derived_secondary_ecl_duration,derived_secondary_ecl_duration_error,derived_secondary_ecl_depth,derived_secondary_ecl_depth_error
[from data line 375]
375316653866487564,4038941070015424256,0.59526235,2353.0452081728677,2.143284533566725,5.0113213E-6,16.884077,0.009186351,0.2422308,0.0041630836,0.08946562,0.0064143185,0.2758203,0.009369139,0.74537176,0.0014637056,0.08225427,0.0026274892,0.35937846,0.01409054,null,null,null,null,"TWOGAUSSIANS",8,8.658728,0.74537176,0.0014637056,0.4,0.0,0.35084248,0.013187614,0.2422308,0.0041630836,0.4,0.0,0.26728424,0.00847149
375316653866487564,4038941070015608704,0.42950156,2343.448500759264,0.25106292906826505,2.341557E-5,17.958818,0.017307332,0.26361313,0.011069294,0.09887227,0.019856114,0.072846934,0.016697947,0.80143523,0.021350097,0.12193195,0.036323797,0.07192763,0.016017634,null,null,null,null,"TWOGAUSSIANS",8,4.0442233,0.26340312,0.010943633,0.4,0.0,0.06550669,0.0068636364,0.8014452,0.021321075,0.4,0.0,0.064529695,0.014990342
375316653866487564,4038941276174545664,0.4732534,2466.0206088918108,0.008028696680633433,1.26146815E-5,17.91753,0.011272459,0.44634616,0.009717931,0.050857536,0.011943653,0.38718402,0.36123952,0.800553,0.002036271,0.024248652,0.004034832,0.8532357,1.2045106,null,null,null,null,"TWOGAUSSIANS",8,30.98644,0.800553,0.002036271,0.13579246,0.02259506,0.8532357,1.2045106,0.44634616,0.009717931,0.2848022,0.06688446,0.38718402,0.36123952
375316653866487564,4038941310651557504,0.4696099,2398.8732296756607,0.03067903694552682,3.61629E-5,18.99427,0.51852167,0.20693883,0.010696799,0.25381374,0.19368227,0.4033556,0.5057475,0.762503,0.011928505,0.08840819,0.028055781,0.33181146,0.14814647,null,null,null,null,"TWOGAUSSIANS",8,1.7473499,0.7700931,0.005186303,0.4,0.056593273,0.2637838,0.076256335,0.20692883,0.010694239,0.4,0.0,0.2107687,0.08418755
375316653866487564,4038941551053069056,0.4524647,2255.0990582211634,0.4392177353536043,2.313573E-5,18.774185,0.076719515,0.20262913,0.010311905,0.2972281,0.017087486,0.41826564,0.07675816,0.77574164,0.012373494,0.043459117,0.010730765,0.53170854,0.02144558,null,null,null,null,"TWOGAUSSIANS",8,5.6997986,0.7768116,0.0120283235,0.24337105,0.060092285,0.53075624,0.029689897,0.20262913,0.010311905,0.4,0.0,0.20576479,0.017663592
375316653866487564,4038941688492301184,0.47842905,2379.0113632879134,0.055986847679662104,7.6643686E-5,19.247133,0.11664571,0.25176403,0.041806813,0.11708008,0.07636221,0.38029334,0.08176054,0.7105995,0.033627875,0.064915776,0.036645252,0.21302213,0.10166902,null,null,null,null,"TWOGAUSSIANS",8,4.427966,0.25176403,0.041806813,0.4,0.0,0.3731593,0.033476006,0.7105995,0.033627875,0.36352834,0.20521341,0.20607261,0.0894251
375316653866487564,4038941688492369536,0.4614184,2359.9544362457723,0.06085337376074436,8.3483115E-5,19.539585,0.03589342,0.20941298,0.022576327,0.07684349,0.04140293,0.22053348,0.12831005,0.6932522,0.01509561,0.071665116,0.034354594,0.2305967,0.1023091,null,null,null,null,"TWOGAUSSIANS",8,2.513213,0.6932522,0.01509561,0.4,0.17348073,0.22952414,0.10247599,0.20941298,0.022576327,0.4,0.13502437,0.2194609,0.12907846
375316653866487564,4038941722852070016,0.4955643,2430.420557316612,2.5160603974563265,1.4142649E-5,19.017029,0.008963326,0.27986416,0.0036764005,0.035749942,0.027456168,0.07892319,8.0008392E7,null,null,null,null,null,null,0.24777037,0.018103374,0.27986416,0.0036764005,"ONEGAUSSIAN_WITH_ELLIPSOIDAL",6,13.9835005,0.27986416,0.0036764005,0.20019968,0.15375453,0.57446337,8.0008392E7,null,null,null,null,null,null
375316653866487564,4038941963457288192,0.5599149,2385.8192348891157,2.2511330732119657,7.1666473E-6,19.018215,0.011543824,0.27841267,0.0030149152,0.069058195,0.0036486858,0.5268442,0.028686652,0.7810694,0.0057334877,0.06868666,0.008080871,0.43592688,0.038416814,null,null,null,null,"TWOGAUSSIANS",8,3.544215,0.27841267,0.0030149152,0.3867259,0.02043264,0.52561414,0.028721513,0.7810694,0.0057334877,0.38464528,0.03142657,0.43469685,0.039109584
375316653866487564,4038941997732891776,0.50443894,2474.7064367232615,3.434405826079636,8.345612E-5,19.273136,0.027346248,0.31110844,0.0045183604,0.1239285,0.01867536,0.17922512,0.024202865,0.82277364,0.02491985,0.09576859,0.025760485,0.13736202,0.032652024,null,null,null,null,"TWOGAUSSIANS",8,0.9571567,0.31110844,0.0045183604,0.4,0.0,0.15820304,0.013644772,0.8228536,0.024943065,0.4,0.0,0.116451375,0.017993717
375316653866487564,4038942135169710208,0.47696155,2380.127046170774,0.3952739932842631,2.560245E-5,19.437366,0.1695994,0.24532492,0.0072418395,0.12683439,0.036595583,0.245551,0.16523342,0.7367892,0.007618526,0.1278086,0.039642368,0.29340068,0.16537438,null,null,null,null,"TWOGAUSSIANS",8,1.9670701,0.7367892,0.007618526,0.4,0.0,0.22059843,0.010516739,0.24546492,0.0071179224,0.4,0.0,0.17282237,0.014041684
375316653866487564,4038942238248175744,0.64174366,2301.847620238075,0.8325930710544213,1.26336045E-5,17.3104,0.0032990635,0.3551595,0.0010370378,0.031984165,0.00139315,1.2153643,0.06841434,0.86287314,0.037773672,0.029253637,0.03495836,0.09517534,1.47673632E15,null,null,null,null,"TWOGAUSSIANS",8,8.359358,0.3551595,0.0010370378,0.17911132,0.0078016394,1.2153643,0.06841434,0.86287314,0.037773672,0.16382037,0.19576682,0.09517534,1.47673632E15
375316653866487564,4038942272608009472,0.44221917,2319.8182890189446,0.3238339783797589,1.0462569E-5,19.163704,0.036669873,0.14708331,0.011675983,0.046140097,0.009863434,0.28668794,0.052899044,0.51318914,0.0015720127,0.014862067,0.0022821233,0.2638651,0.043177124,null,null,null,null,"TWOGAUSSIANS",8,4.8975534,0.14708331,0.011675983,0.25838453,0.05523523,0.28668794,0.052899044,0.51318914,0.0015720127,0.083227575,0.0127798915,0.2638651,0.043177124
375316653866487564,4038942306967490048,0.54094166,2329.2237655879676,2.623377038958946,1.5635462E-5,18.8045,0.009261954,0.27985442,0.009861327,0.018656654,0.009648748,0.092961036,0.022008676,0.79196936,0.0039917454,0.0519122,0.015118215,0.13185573,0.075550854,0.15703051,0.014014786,0.79196936,0.0039917454,"TWOGAUSSIANS_WITH_ELLIPSOIDAL_ON_ECLIPSE2",9,7.1081567,0.79196936,0.0039917454,0.29070833,0.084662005,0.44591546,0.06907134,0.28088441,0.00752785,0.104477264,0.05403299,0.4053582,0.01944308
375316653866487564,4038942341414267392,0.56271535,2343.9250165932767,1.6719644280675094,2.4489722E-5,17.223202,0.007828105,0.24478447,0.0064967126,0.03383022,0.0059871688,0.53029627,0.15007877,0.74112725,0.028532239,0.040664807,0.021077972,0.1557156,0.04706766,0.01829199,0.010569609,0.24478447,0.0064967126,"TWOGAUSSIANS_WITH_ELLIPSOIDAL_ON_ECLIPSE1",9,9.693784,0.24478447,0.0064967126,0.18944924,0.033528145,0.56688017,0.15608744,0.7412372,0.028313054,0.22772293,0.11803664,0.19228077,0.041082587
375316653866487564,4038942375687274880,0.4317678,2276.9134172148547,1.427933649146261,7.531765E-5,19.265236,0.019544458,0.13214779,0.028650623,0.13456362,0.027535575,0.16792628,0.02713808,0.52289027,0.011580125,0.03466989,0.011987314,0.40028718,0.2273067,null,null,null,null,"TWOGAUSSIANS",8,5.284287,0.52289027,0.011580125,0.1941514,0.06712896,0.4022113,0.22793725,0.13214779,0.028650623,0.4,0.0,0.16736619,0.027173722
375316653866487564,4038942478766691584,0.46479377,2327.1689172455426,0.13422212420765595,2.0132044E-5,18.809875,0.022848107,0.36869565,0.010652839,0.118448764,0.014751828,0.22583804,0.025131842,0.82350653,0.0070447978,0.110061124,0.014048426,0.22683062,0.019986112,null,null,null,null,"TWOGAUSSIANS",8,4.665399,0.82350653,0.0070447978,0.4,0.0,0.20071617,0.015072528,0.36879566,0.010595974,0.4,0.0,0.19962148,0.021052526
375316653866487564,4038942478766752128,0.41917577,2370.2928546870703,0.9641123658564422,6.441526E-5,19.23355,0.03608043,0.21161476,0.013420279,0.08590673,0.016851606,0.78668845,0.22663407,0.6760169,0.027994178,0.07045837,0.027011717,0.52174485,0.056568798,null,null,null,null,"TWOGAUSSIANS",8,8.528705,0.21161476,0.013420279,0.4,0.0,0.7830037,0.2295002,0.6760169,0.027994178,0.39456686,0.14588724,0.51806045,0.057920665
375316653866487564,4038942478853337984,0.4726905,2361.3896676324293,2.7074663371542136,1.1457624E-4,18.810976,0.034531068,0.24172002,0.010649675,0.062246382,0.021477843,0.5716059,0.087751165,0.68359786,0.030110378,0.06148887,0.029033724,0.38136372,0.086066045,null,null,null,null,"TWOGAUSSIANS",8,34.26055,0.24172002,0.010649675,0.34857973,0.070797466,0.5715703,0.08949494,0.68359786,0.030110378,0.34433767,0.13936904,0.38132805,0.08669613
375316653866487564,4038942547486636544,0.41732857,2391.655759716734,3.842776714827196,7.8484554E-5,18.413816,0.052090928,0.19078483,0.025701746,0.076267116,0.059796963,0.109301396,0.022157514,0.55170363,0.06001467,0.15671806,0.102603234,0.08699945,0.050509922,null,null,null,null,"TWOGAUSSIANS",8,8.061115,0.19586483,0.017178828,0.4,0.13619256,0.11157214,0.025593309,0.55170363,0.06001467,0.4,0.0,0.082888,0.02322587
375316653866487564,4038942616205762944,0.47000456,2356.6667027191256,2.4862813594506523,2.252905E-5,18.5878,0.24937567,0.22403783,0.008128698,0.11936821,0.06785651,0.24461135,0.23304585,0.72560364,0.0073713465,0.12346611,0.054404266,0.27777916,0.23720703,null,null,null,null,"TWOGAUSSIANS",8,6.8425045,0.72561365,0.0073670167,0.4,0.0,0.2160526,0.014987217,0.22402783,0.008171481,0.4,0.0,0.18296167,0.019856121
375316653866487564,4038942788091129728,0.4124444,2433.95797683216,1.1203117495167105,9.15832E-6,19.416805,0.018443028,0.053846676,5.027136E-4,0.013802247,0.0010571391,0.6229243,0.034538753,0.58675635,0.017467998,0.057476424,0.023512691,0.1414151,0.17741048,null,null,null,null,"TWOGAUSSIANS",8,6.484021,0.053846676,5.027136E-4,0.077292584,0.0059199794,0.6229243,0.034538753,0.58675635,0.017467998,0.32186797,0.13167107,0.1414151,0.17741048
375316653866487564,4038942886765909760,0.49627873,2387.6022678961635,3.3440110157121086,4.3586842E-5,18.207975,0.031131472,0.3080593,0.014678651,0.089378305,0.021999389,0.2529794,0.035125412,0.7787735,0.003923198,0.08903657,0.012340375,0.27898145,0.02923155,null,null,null,null,"TWOGAUSSIANS",8,10.387204,0.7787735,0.003923198,0.4,0.0,0.27246195,0.018598882,0.3080593,0.014678651,0.4,0.0,0.24645992,0.02027116
375316653866487564,4038942891086156544,0.4492815,2425.706620490189,0.07082790958633295,3.1762433E-5,18.633493,0.010559352,0.231356,0.0074044624,0.05085616,0.019523492,0.10328839,0.016737951,0.77663046,0.009994305,0.10261324,0.015550801,0.120919675,0.010900285,null,null,null,null,"TWOGAUSSIANS",8,3.3045049,0.77663046,0.009994305,0.4,0.0,0.12052768,0.010610802,0.231346,0.0074062943,0.2847945,0.109331556,0.10290307,0.016633406
375316653866487564,4038942925444330240,0.43222898,2383.9967988481694,0.045969967499449836,3.929213E-5,17.763083,0.006990291,0.47322196,0.0071018278,0.016388526,0.011078695,0.07524298,0.019212596,0.8042798,0.009727962,0.06269767,0.009291883,0.153655,0.064408444,null,null,null,null,"TWOGAUSSIANS",8,9.469602,0.8042798,0.009727962,0.35110694,0.052034542,0.153655,0.064408444,0.47322196,0.0071018278,0.09177575,0.06204069,0.075243115,0.019212654
375316653866487564,4038943161643761536,0.441636,2368.3021702034503,0.20642650671333931,3.647211E-5,18.461136,0.006716003,0.28155392,0.05290071,0.072643235,0.07802926,0.18859579,2.84563874E16,0.8039884,0.0068172696,0.049084067,0.011037952,0.12501724,0.01955359,null,null,null,null,"TWOGAUSSIANS",8,5.6445394,0.28155392,0.05290071,0.4,0.4252192,0.18856442,2.84563874E16,0.8039884,0.0068172696,0.27487078,0.061812535,0.12498587,0.019631669
375316653866487564,4038943200322800640,0.44641536,2387.383086772462,0.235811980585857,3.0533854E-5,18.598948,0.060253862,0.22919726,0.03621298,0.03488663,0.018470831,0.7376467,0.26203364,0.75703657,0.020909417,0.15865886,0.035631664,0.43768084,0.054817528,null,null,null,null,"TWOGAUSSIANS",8,18.126722,0.22909726,0.03617465,0.19536512,0.10343666,0.7261826,0.25047815,0.75703657,0.020909417,0.4,0.0,0.4192603,0.03746161
375316653866487564,4038943543920047360,0.4590762,2313.907600800716,0.27058861078366114,1.0652371E-4,19.19989,0.035243653,0.41286168,0.02466657,0.17247519,0.046708282,0.160915,0.036720764,0.7849413,0.0031815062,0.021889377,0.00319213,0.19987124,0.023637578,null,null,null,null,"TWOGAUSSIANS",8,2.8464518,0.7849413,0.0031815062,0.122580506,0.017875928,0.21097197,0.029085547,0.41286168,0.02466657,0.4,0.0,0.15609866,0.030402003
375316653866487564,4038943750080128768,0.5483011,2337.9161017534643,0.4116026836275829,1.617527E-5,19.809845,0.0070692217,0.43986383,0.059696663,0.070577726,0.072775096,0.09842004,0.036467325,0.942081,0.0098825805,0.005113171,0.003756624,1.3185041,10.163036,null,null,null,null,"TWOGAUSSIANS",8,0.9562288,0.942081,0.0098825805,0.028633757,0.021037094,1.3185041,10.163035,0.43986383,0.059696663,0.39523527,0.04313856,0.09842004,0.03666713
375316653866487564,4038943818795848064,0.5307909,2346.131174659056,0.8977203474892153,1.1106327E-5,16.740515,0.010751001,0.21482247,0.0018774921,0.08462707,0.008440472,0.20142655,0.009368611,0.71847516,0.008014022,0.096651874,0.017737627,0.1743527,0.009459646,null,null,null,null,"TWOGAUSSIANS",8,11.873518,0.21482247,0.0018774921,0.4,0.0,0.19359303,0.008808608,0.71847516,0.008014022,0.4,0.0,0.16651864,0.011425569
375316653866487564,4038943853155801600,0.4537368,2335.3552430711134,0.07715957251361004,6.106162E-5,19.012878,0.005580422,0.12074818,0.010743301,0.04833451,0.008217601,0.12912704,0.018291317,0.79268605,0.040394343,0.026478155,0.023631323,0.086353466,0.12927106,null,null,null,null,"TWOGAUSSIANS",8,2.7700028,0.12074818,0.010743301,0.27067325,0.046018567,0.12912704,0.018291317,0.79268605,0.040394343,0.14827767,0.13233541,0.086353466,0.12927106
375316653866487564,4038944020637344000,0.4522288,2298.8332653102075,0.28019800113761045,6.741259E-5,19.692602,0.025998259,0.18675074,0.01100441,0.04516986,0.010070529,0.21055326,0.048107725,0.71919584,0.020335915,0.09097021,0.025930392,0.12560315,0.030850077,null,null,null,null,"TWOGAUSSIANS",8,2.8940077,0.18675074,0.011004282,0.25295123,0.05639496,0.21042073,0.04767758,0.71919584,0.020335915,0.4,0.0,0.12547038,0.030052505
375316653866487564,4038944128034271360,0.4347575,2388.874691798995,0.09189037913501091,1.7842876E-5,18.92539,0.046069942,0.21157739,0.012394715,0.08143511,0.029898832,0.41551253,0.123854876,0.70315146,0.016943695,0.08973051,0.03927539,0.22518897,0.0866172,null,null,null,null,"TWOGAUSSIANS",8,5.3087406,0.21157739,0.0124042705,0.4,0.0052792006,0.4082638,0.14831357,0.70315146,0.016943695,0.4,0.006160601,0.21794014,0.09680574
375316653866487564,4038944158049539840,0.48812428,2372.519391210854,2.674440112301458,1.2579676E-5,16.029785,1.2130388,0.25650945,0.004269277,0.27630362,0.14259759,1.4966413,1.19754,0.7633364,0.005559812,0.15239048,0.03803063,0.9427367,0.64180726,null,null,null,null,"TWOGAUSSIANS",8,29.833368,0.7684264,0.003107024,0.4,0.0,0.26969543,0.028592974,0.25487944,0.0033073216,0.4,0.0,0.25375944,0.02181953
375316653866487564,4038944334193293568,0.4217859,2340.879284693836,1.9024512779915748,4.330319E-5,17.930908,0.007561764,0.22286753,0.046140973,0.066330366,0.019210655,0.11130781,0.025407026,0.75182813,0.013718188,0.09007363,0.01767669,0.08646436,0.01005183,null,null,null,null,"TWOGAUSSIANS",8,5.308011,0.22286753,0.046140973,0.37145007,0.10503159,0.11068545,0.024743736,0.75182813,0.013718188,0.4,0.0,0.0858419,0.009790306
375316653866487564,4038944505990898816,0.45073047,2353.5992367070435,0.09732305044091097,6.03266E-5,19.081875,0.005114447,0.34353364,0.02154135,0.05940008,0.018768074,0.1445693,0.1683866,0.7237694,0.012493791,0.06936557,0.017023506,0.23192629,0.10187709,null,null,null,null,"TWOGAUSSIANS",8,2.5402896,0.7237694,0.012493791,0.3884472,0.08095685,0.23192282,0.10188363,0.34353364,0.02154135,0.33264047,0.10510121,0.1445659,0.16839138
