Gaia/vari_eclipsing_binary/VariEclipsingBinary_732021-732459.csv
# %ECSV 1.0
# ---
# delimiter: ','
# meta: !!omap
# - RELEASE: Gaia DR3
# - TABLE: vari_eclipsing_binary
# - DESCRIPTION: >
#     This table describes the properties of the eclipsing binaries resulting from the variability analysis. 
# - CITATION: >
#     How to cite and acknowledge Gaia: 
#     https://gea.esac.esa.int/archive/documentation/credits.html 
# - KNOWN_ISSUES: >
#     Known issues: 
#     https://www.cosmos.esa.int/web/gaia-users/known-issues 
# - DOCUMENTATION: >
#     Tutorials and documentation: 
#     https://www.cosmos.esa.int/web/gaia-users/archive 
# datatype:
# - 
#   name: solution_id
#   datatype: int64
#   description: Solution Identifier
#   meta:
#     ucd: meta.version
# - 
#   name: source_id
#   datatype: int64
#   description: Unique source identifier
#   meta:
#     ucd: meta.id;meta.main
# - 
#   name: global_ranking
#   datatype: float32
#   description: Number between 0 (worst) and 1 (best)
#   meta:
#     ucd: stat.param
# - 
#   name: reference_time
#   datatype: float64
#   unit: d
#   description: Reference time used for the geometric model fit
#   meta:
#     ucd: time.epoch
# - 
#   name: frequency
#   datatype: float64
#   unit: d**-1
#   description: Frequency of geometric model of the eclipsing binary light curve
#   meta:
#     ucd: src.orbital
# - 
#   name: frequency_error
#   datatype: float32
#   unit: d**-1
#   description: "Uncertainty of \\texttt{frequency}"
#   meta:
#     ucd: stat.error
# - 
#   name: geom_model_reference_level
#   datatype: float32
#   unit: mag
#   description: Magnitude reference level of geometric model
#   meta:
#     ucd: phot.mag;em.opt
# - 
#   name: geom_model_reference_level_error
#   datatype: float32
#   unit: mag
#   description: "Uncertainty of \\texttt{geomModelReferenceLevel}"
#   meta:
#     ucd: stat.error;phot.mag;em.opt
# - 
#   name: geom_model_gaussian1_phase
#   datatype: float32
#   description: Phase of the Gaussian 1 component
#   meta:
#     ucd: time.phase
# - 
#   name: geom_model_gaussian1_phase_error
#   datatype: float32
#   description: "Uncertainty of \\texttt{geomModelGaussian1Phase}"
#   meta:
#     ucd: stat.error;time.phase
# - 
#   name: geom_model_gaussian1_sigma
#   datatype: float32
#   description: "Standard deviation [phase] of Gaussian 1 component"
#   meta:
#     ucd: stat.stdev
# - 
#   name: geom_model_gaussian1_sigma_error
#   datatype: float32
#   description: "Uncertainty of \\texttt{geomModelGaussian1Sigma}"
#   meta:
#     ucd: stat.error
# - 
#   name: geom_model_gaussian1_depth
#   datatype: float32
#   unit: mag
#   description: Magnitude depth of Gaussian 1 component
#   meta:
#     ucd: src.var.amplitude
# - 
#   name: geom_model_gaussian1_depth_error
#   datatype: float32
#   unit: mag
#   description: "Uncertainty of \\texttt{geomModelGaussian1Depth}"
#   meta:
#     ucd: stat.error;src.var.amplitude
# - 
#   name: geom_model_gaussian2_phase
#   datatype: float32
#   description: Phase of Gaussian 2 component
#   meta:
#     ucd: time.phase
# - 
#   name: geom_model_gaussian2_phase_error
#   datatype: float32
#   description: "Uncertainty of \\texttt{geomModelGaussian2Phase}"
#   meta:
#     ucd: stat.error;time.phase
# - 
#   name: geom_model_gaussian2_sigma
#   datatype: float32
[...]
#   datatype: float32
#   description: "Secondary eclipse: uncertainty of \\texttt{derivedSecondaryEclDuration}"
#   meta:
#     ucd: stat.error;time.duration
# - 
#   name: derived_secondary_ecl_depth
#   datatype: float32
#   unit: mag
#   description: "Secondary eclipse: depth"
#   meta:
#     ucd: src.var.amplitude
# - 
#   name: derived_secondary_ecl_depth_error
#   datatype: float32
#   unit: mag
#   description: "Secondary eclipse: uncertainty of \\texttt{derivedSecondaryEclDepth}"
#   meta:
#     ucd: stat.error;src.var.amplitude
solution_id,source_id,global_ranking,reference_time,frequency,frequency_error,geom_model_reference_level,geom_model_reference_level_error,geom_model_gaussian1_phase,geom_model_gaussian1_phase_error,geom_model_gaussian1_sigma,geom_model_gaussian1_sigma_error,geom_model_gaussian1_depth,geom_model_gaussian1_depth_error,geom_model_gaussian2_phase,geom_model_gaussian2_phase_error,geom_model_gaussian2_sigma,geom_model_gaussian2_sigma_error,geom_model_gaussian2_depth,geom_model_gaussian2_depth_error,geom_model_cosine_half_period_amplitude,geom_model_cosine_half_period_amplitude_error,geom_model_cosine_half_period_phase,geom_model_cosine_half_period_phase_error,model_type,num_model_parameters,reduced_chi2,derived_primary_ecl_phase,derived_primary_ecl_phase_error,derived_primary_ecl_duration,derived_primary_ecl_duration_error,derived_primary_ecl_depth,derived_primary_ecl_depth_error,derived_secondary_ecl_phase,derived_secondary_ecl_phase_error,derived_secondary_ecl_duration,derived_secondary_ecl_duration_error,derived_secondary_ecl_depth,derived_secondary_ecl_depth_error
[from data line 143]
375316653866487564,6440238112429221376,0.518761,2223.2038496030295,4.26578998466633,2.1607868E-5,19.38183,0.0047747325,0.4925177,0.0025231766,0.109329805,0.0033762604,0.396387,0.013421635,0.74963564,0.036743585,0.022641478,0.017581709,0.05823135,0.2770441,null,null,null,null,"TWOGAUSSIANS",8,1.5047531,0.4925177,0.0025231766,0.4,0.0,0.3963642,0.013427545,0.74963564,0.036743585,0.12679228,0.09845757,0.08316156,0.27693242
375316653866487564,6440242441755201152,0.53444475,2173.194520363298,1.1081992986401137,3.3162232E-6,17.4399,0.0035389212,0.19783345,0.0028997085,0.0126189515,0.0015052505,0.2139902,0.046825,0.70088416,0.003761587,0.021564225,0.0037714166,0.5359952,0.04305229,null,null,null,null,"TWOGAUSSIANS",8,20.608353,0.70088416,0.003761587,0.12075966,0.021119934,0.5359952,0.04305229,0.19783345,0.0028997085,0.07066613,0.0084294025,0.2139902,0.046825
375316653866487564,6440250065319653632,0.5707588,2180.065357623921,3.8702678983810945,5.6282543E-6,19.773767,0.010626745,0.26738065,0.0015058079,0.045215108,0.002844181,0.4311317,0.028382784,0.76602054,0.0030867516,0.046042223,0.0042639133,0.31504798,0.025420839,0.13128558,0.015529482,0.26738065,0.0015058079,"TWOGAUSSIANS_WITH_ELLIPSOIDAL_ON_ECLIPSE1",9,1.0845474,0.26738065,0.0015058079,0.25320458,0.015927412,0.6937024,0.020097509,0.7661906,0.0026588133,0.25783646,0.023877915,0.57760185,0.015768752
375316653866487564,6440255361017045632,0.5922433,2162.8128248396447,1.2631504539931186,5.558201E-6,16.095264,0.019044515,0.24031694,0.0015551219,0.10342155,0.0041201795,0.39733705,0.017579455,0.7611122,0.0025704924,0.12977357,0.009512878,0.24762052,0.017305447,null,null,null,null,"TWOGAUSSIANS",8,14.081998,0.24017693,0.0015369823,0.4,0.0,0.34829813,0.0057544573,0.76113224,0.0025715628,0.4,0.0,0.19824135,0.005979468
375316653866487564,6440269139269345280,0.55279344,2247.076507707457,0.013236031893316602,1.9108438E-6,18.720142,0.0022260249,0.6813817,0.0053928825,0.0022411318,0.0019320752,0.038587775,425370.8,0.8632436,6.5621315E-4,5.955868E-4,1.5201222E-4,1.3133541,2.1988986,2.5378956E-4,0.002301626,0.6813817,0.0053928825,"TWOGAUSSIANS_WITH_ELLIPSOIDAL_ON_ECLIPSE1",9,2.3738596,0.8632436,6.5621315E-4,0.0033352862,8.512684E-4,1.3134416,2.1988714,0.6813817,0.0053928825,0.012550338,0.010819621,0.039095357,425370.8
375316653866487564,6440297103802399872,0.55870456,2127.210032981466,3.6502602305294296,7.1784098E-6,19.198336,0.010396506,0.2130908,0.001912655,0.06118027,0.0034537935,0.4400212,0.012647674,0.70597124,0.0026550104,0.06874475,0.0028956092,0.91002756,0.049405616,null,null,null,null,"TWOGAUSSIANS",8,5.622537,0.70597124,0.0026550104,0.3849706,0.016215412,0.90939486,0.049520448,0.2130908,0.001912655,0.34260952,0.019341243,0.43938848,0.012633354
375316653866487564,6440335728444113408,0.5068478,2258.935045216237,3.397962667648668,1.2429402E-5,17.15714,0.0034760663,0.22120923,0.0034697244,0.04295279,0.02214375,0.009176266,0.009198561,null,null,null,null,null,null,0.068229035,0.004974428,0.22120923,0.0034697244,"ONEGAUSSIAN_WITH_ELLIPSOIDAL",6,9.802234,0.22120923,0.0034697244,0.24053562,0.124005,0.14563403,0.0061478703,null,null,null,null,null,null
375316653866487564,6440338923897690496,0.544317,2279.6279628493603,3.2200981323567888,8.744544E-6,18.92792,0.043187346,0.25288206,0.0027150596,0.103095874,0.011514419,0.37360483,0.038202807,0.7655346,0.0044433507,0.11397276,0.015848443,0.31435916,0.039261688,null,null,null,null,"TWOGAUSSIANS",8,1.9702696,0.25286207,0.0027171862,0.4,0.0,0.33182085,0.014531255,0.7655446,0.004453129,0.4,0.0,0.27253562,0.014767742
375316653866487564,6440342256794348032,0.57618666,2217.441834587597,2.8807381039332967,5.2461146E-6,16.713299,0.01322758,0.20556486,0.0031343007,0.13064821,0.01168913,0.14214268,0.012398594,0.70259523,0.0013254926,0.09672113,0.0050862734,0.19305106,0.012259645,null,null,null,null,"TWOGAUSSIANS",8,3.0280607,0.70259523,0.0013254926,0.4,0.0,0.16582534,0.0029708957,0.20556486,0.0031343007,0.4,0.0,0.11472929,0.0032732256
375316653866487564,6440362078067384960,0.5641644,2189.0888315097213,3.43771167131832,6.2731256E-6,17.70681,0.0065831565,0.14756933,0.003244697,0.0763459,0.0034778847,0.50962305,0.018862821,0.65174097,0.0012541444,0.07553449,0.0019776234,0.46385893,0.011638302,null,null,null,null,"TWOGAUSSIANS",8,10.56024,0.14756933,0.003244697,0.4,0.0,0.50568616,0.019118894,0.65174097,0.0012541444,0.4,0.0,0.45992208,0.011577362
375316653866487564,6440368091020122496,0.49312612,2216.186683507615,2.1632481367296164,1.7594937E-5,17.440617,0.023528121,0.26298365,0.0076653506,0.08943299,0.014089189,0.18132778,0.023335282,0.7723492,0.010035774,0.09155826,0.039909575,0.10298108,0.012820275,null,null,null,null,"TWOGAUSSIANS",8,11.386155,0.26298365,0.0076653506,0.4,0.0,0.17616883,0.016919643,0.7723492,0.010035774,0.4,0.00290225,0.09782213,0.010496773
375316653866487564,6440370328700766080,0.45692867,2271.106022541249,0.07423650234083656,2.4420862E-5,14.060185,0.0025883466,0.24847624,0.008047008,0.02276681,0.015114479,0.06839906,0.5585334,0.7959969,0.015052621,0.03910123,0.008938765,0.09002332,0.02114189,0.006370225,0.0031647638,0.7959969,0.015052621,"TWOGAUSSIANS_WITH_ELLIPSOIDAL_ON_ECLIPSE2",9,26.300013,0.7959969,0.015052621,0.21896689,0.050057083,0.102763765,0.02158957,0.24881624,0.007933028,0.12749413,0.08464108,0.080044664,0.5622387
375316653866487564,6440380013849274240,0.53006047,2296.1452484035144,0.4202036301292565,5.384398E-6,12.014624,0.0021542278,0.2733242,0.0010826844,0.028208077,0.0019210927,0.2343004,0.010655058,null,null,null,null,null,null,0.0149360355,0.00262323,0.2733242,0.0010826844,"ONEGAUSSIAN_WITH_ELLIPSOIDAL",6,233.06813,0.2733242,0.0010826844,0.15796523,0.01075812,0.26417243,0.011468407,null,null,null,null,null,null
375316653866487564,6440382973084358272,0.5173842,2291.7046782965335,0.9194978762552818,2.2098762E-5,14.997923,0.007229795,0.33919424,0.008362215,0.023111781,0.0077282633,0.18918934,0.044025976,0.8395623,0.0053613908,0.022237958,0.0037103249,0.6436343,0.085668854,0.008830739,0.011412589,0.33919424,0.008362215,"TWOGAUSSIANS_WITH_ELLIPSOIDAL_ON_ECLIPSE1",9,283.4844,0.8395623,0.0053613908,0.124532565,0.02077782,0.6612957,0.087543786,0.33919424,0.008362215,0.12942597,0.043278273,0.20685081,0.04557517
375316653866487564,6440383316681927296,0.47529128,2289.496273204149,2.8786272898869143,1.2182506E-5,18.868538,0.011988513,0.22480366,0.007018441,0.07312837,0.01123809,0.19760779,0.017808499,0.69725436,0.0069613797,0.08580721,0.013614924,0.16016626,0.013022138,null,null,null,null,"TWOGAUSSIANS",8,4.2322507,0.22480366,0.007018441,0.4,0.020557286,0.19618529,0.017916694,0.69725436,0.0069613797,0.4,0.0,0.15874374,0.012637768
375316653866487564,6440384824213015040,0.49218836,2330.5313133059954,3.4778587326612365,1.9664263E-5,18.262852,0.03545338,0.26302794,0.005471721,0.104379155,0.017372321,0.18723665,0.032682635,0.7603535,0.005312591,0.11692855,0.020716486,0.2102268,0.029430278,null,null,null,null,"TWOGAUSSIANS",8,4.6230865,0.7603535,0.005312591,0.4,0.0,0.18010096,0.011115056,0.26303792,0.005483576,0.4,0.0,0.15715209,0.010289368
375316653866487564,6440397331157830016,0.4643084,2282.6778985426226,0.6340872668028202,1.9286854E-5,18.884335,0.0046237004,0.25277436,0.0017103212,0.012066352,0.007184109,2.513207,42759.098,0.7148956,1.532336E-4,0.0034938578,2.3572333E-4,1.2456435,0.30957815,0.024123242,0.009420682,0.7148956,1.532336E-4,"TWOGAUSSIANS_WITH_ELLIPSOIDAL_ON_ECLIPSE2",9,5.4086833,0.25276434,0.001703463,0.06757157,0.04023101,2.5587723,42759.098,0.7148956,1.532336E-4,0.019565603,0.0013200507,1.29389,0.32005692
375316653866487564,6440399740634878464,0.4175278,2338.0747418165734,2.3392388298281417,6.266512E-5,17.57153,0.0058242553,0.25436756,0.019934786,0.07142851,0.016194025,0.058505278,0.00975548,0.77871215,0.0064239935,0.043877322,0.014787166,0.07443549,0.020596022,null,null,null,null,"TWOGAUSSIANS",8,8.008462,0.77871215,0.0064239935,0.245713,0.08280813,0.07443147,0.020600878,0.25436756,0.019934786,0.39999965,0.048418187,0.058501262,0.009753502
375316653866487564,6440405891029913856,0.50618136,2299.0451895385568,3.1606688818080872,1.098198E-5,17.075497,0.025203165,0.2759563,0.0062717567,0.097956054,0.0097604655,0.36733255,0.0253281,0.7592623,0.0046131774,0.10170021,0.010931943,0.38874856,0.02265716,null,null,null,null,"TWOGAUSSIANS",8,44.100357,0.7592623,0.0046131774,0.4,0.0,0.36218986,0.018312708,0.2759563,0.0062761726,0.4,0.0,0.34077743,0.016625308
375316653866487564,6440411800904996352,0.5390755,2295.8515581069273,3.995834172536539,2.3657529E-5,16.756023,0.0043239845,0.71496236,8.5694354E-4,0.0067212223,9.628482E-4,0.59934646,0.09792734,0.90106905,0.016045893,0.07360689,0.013528214,0.028332947,0.006598503,null,null,null,null,"TWOGAUSSIANS",8,22.991568,0.71496236,8.5694354E-4,0.037638843,0.00539195,0.6005056,0.09783943,0.90106905,0.016045893,0.4,0.022137154,0.028332947,0.006598503
375316653866487564,6440414304869063296,0.4736113,2301.3262714526977,1.1336839003004762,1.6207463E-5,19.270266,0.0046371706,0.26005167,0.004236729,0.033128027,0.0050562927,0.20995115,0.030456048,0.76152873,0.014595064,0.018799657,0.039232492,0.047343604,7.354988,0.036725096,0.009029188,0.76152873,0.014595064,"TWOGAUSSIANS_WITH_ELLIPSOIDAL_ON_ECLIPSE2",9,3.2335186,0.26009166,0.0040124557,0.18551695,0.02831524,0.2833952,0.03337668,0.76152873,0.014595064,0.105278075,0.21970196,0.1207938,7.365586
375316653866487564,6440419875443514880,0.5594125,2311.951252587735,1.303516970581585,1.3207259E-5,12.723361,5.7828944E-4,0.7528724,0.002760554,0.056215446,0.0060106777,0.05927017,0.010197977,null,null,null,null,null,null,0.028170662,5.855317E-4,0.7528724,0.002760554,"ONEGAUSSIAN_WITH_ELLIPSOIDAL",6,40.070366,0.7528724,0.002760554,0.3148065,0.033659793,0.115608476,0.010044406,null,null,null,null,null,null
375316653866487564,6440421455991444864,0.59451354,2303.2115789455197,3.1664624491768025,6.0609805E-6,16.232605,0.0123015335,0.27826214,0.0021266993,0.05370372,0.005929883,0.20756808,0.026037872,0.7723541,0.003814709,0.05964574,0.0062336666,0.23928891,0.026082596,0.09486204,0.014380304,0.27826214,0.0021266993,"TWOGAUSSIANS_WITH_ELLIPSOIDAL_ON_ECLIPSE1",9,24.927542,0.77343416,0.0031083599,0.3340161,0.034908533,0.4287703,0.009968392,0.27826214,0.0021266993,0.30074084,0.033207346,0.39726326,0.010809505
375316653866487564,6440422241968778496,0.5459401,2294.815741098334,3.8308516155791357,9.376868E-6,13.959295,0.23369734,0.2245617,0.0060050036,0.13957076,0.02811675,0.40091968,0.2186885,0.7027295,0.0062466753,0.1478531,0.03457836,0.41107845,0.22307171,null,null,null,null,"TWOGAUSSIANS",8,232.0619,0.7027295,0.0062466753,0.4,0.0,0.25636855,0.008863556,0.2260617,0.0037358806,0.4,0.0,0.24774124,0.0095771495
375316653866487564,6440429702328929792,0.62728184,2200.3931424402526,2.247906902778345,2.6195212E-6,14.791854,0.003389725,0.2623456,0.0011750998,0.102930434,0.0022093544,0.21632718,0.0034944369,0.76429087,0.0012756601,0.08974757,0.002386811,0.22123964,0.003569263,null,null,null,null,"TWOGAUSSIANS",8,12.527174,0.76429087,0.0012756601,0.4,0.0,0.20659481,0.003024439,0.2623456,0.0011750998,0.4,0.0,0.20167916,0.00227123
375316653866487564,6440436230679394560,0.54102165,2210.573159740341,2.414196345808208,7.707892E-6,14.353439,0.006384159,0.20540375,0.005008757,0.10764126,0.013250532,0.055031613,0.005908975,0.6833873,0.0022059763,0.1097706,0.0062473235,0.10883427,0.0062215193,null,null,null,null,"TWOGAUSSIANS",8,19.283558,0.6833873,0.0022059763,0.4,0.0,0.10024184,0.002603863,0.20546375,0.005035715,0.4,0.0,0.04644553,0.002970421
375316653866487564,6440454097743413248,0.4571893,2223.296589168963,0.031620102875860936,7.0178176E-5,19.65257,0.34974986,0.4181495,0.031954102,0.19636738,0.099504456,0.49345016,0.3133262,0.8419175,0.026794646,0.033772115,0.025266975,0.56731296,0.3394246,null,null,null,null,"TWOGAUSSIANS",8,5.8857207,0.8419175,0.026794646,0.18912384,0.14149506,0.57764226,0.376541,0.4181495,0.031954102,0.4,0.0,0.4490435,0.06893034
375316653866487564,6440468391394370048,0.68099123,2220.4045354031364,0.3427933076152365,1.3217115E-6,12.399265,0.0032959478,0.2565285,0.0022414108,0.02672461,0.003304328,0.15282516,0.060150918,0.75467646,4.3257352E-4,0.026990823,3.9452108E-4,1.7271434,0.04836525,0.034838133,0.003040541,0.2565285,0.0022414108,"TWOGAUSSIANS_WITH_ELLIPSOIDAL_ON_ECLIPSE1",9,378.54373,0.75467646,4.3292867E-4,0.15114862,0.002209318,1.7968103,0.049458556,0.2565285,0.0022414108,0.14965782,0.018504238,0.22250143,0.061274808
375316653866487564,6440470109381350400,0.54417926,2229.6882916169825,3.7864274677460505,6.5321874E-6,17.488993,0.012780229,0.2657263,0.0033900007,0.06949183,0.0047253594,0.5335104,0.018706402,0.7577855,0.0030851918,0.06845488,0.004600076,0.42813554,0.01868194,null,null,null,null,"TWOGAUSSIANS",8,33.384087,0.2657263,0.0033900007,0.3891543,0.021605186,0.53242284,0.01857352,0.7577855,0.0030851918,0.3833473,0.025760427,0.427048,0.018605249
375316653866487564,6440470590417664256,0.5587744,2220.4094831837638,3.1304800049719654,5.4425705E-6,16.59638,0.0029294086,0.29401737,0.0020214077,0.02887965,0.015429425,0.02820831,0.00682232,0.7759602,0.010481899,0.04700973,0.0078102816,0.039118636,0.0091332905,0.094350226,0.0049136197,0.29401737,0.0020214077,"TWOGAUSSIANS_WITH_ELLIPSOIDAL_ON_ECLIPSE1",9,10.316186,0.7842702,0.005481256,0.2632545,0.043737575,0.22650576,0.0059331967,0.29401737,0.0020214077,0.16172604,0.086404786,0.21690875,0.010317625
375316653866487564,6440488010805066368,0.5235264,2283.6901557501574,0.7794662198882012,4.0562383E-5,18.131536,0.014516015,0.33291864,0.059553765,0.16051269,0.07939135,0.03567961,0.014358107,0.8286061,3.0032056E-4,0.016629608,8.825599E-4,0.61193216,0.025222205,null,null,null,null,"TWOGAUSSIANS",8,6.0179996,0.8286061,3.0032056E-4,0.093125805,0.0049423357,0.61142176,0.025318284,0.33291864,0.059553765,0.4,0.0,0.034609735,0.010200502
375316653866487564,6440501990921202432,0.5411174,2220.681452520568,3.8385581573567635,7.263275E-6,17.916668,0.021759817,0.24875553,0.002415297,0.05599618,0.012459566,0.1403834,0.047778144,0.7501539,0.0050537097,0.056700125,0.010734172,0.25858253,0.04182147,0.0831419,0.028840858,0.24875553,0.002415297,"TWOGAUSSIANS_WITH_ELLIPSOIDAL_ON_ECLIPSE1",9,11.218643,0.7501539,0.004829235,0.3175207,0.06011136,0.42483267,0.028500404,0.24875553,0.002415297,0.3135786,0.06977357,0.3066464,0.015994238
375316653866487564,6440502471958105856,0.491595,2228.517371010943,1.3953215746296668,9.429736E-6,18.115974,0.008387995,0.26212355,0.005571735,0.021270478,0.01254868,0.07714171,0.02988712,0.7590601,0.0022166292,0.028174337,0.0029731046,0.38353103,0.0327995,0.015764669,0.013240487,0.26212355,0.005571735,"TWOGAUSSIANS_WITH_ELLIPSOIDAL_ON_ECLIPSE1",9,17.169321,0.7590801,0.002205493,0.15777628,0.016649386,0.41504872,0.033463538,0.26212355,0.005571735,0.119114675,0.07027261,0.10867103,0.025624938
375316653866487564,6440502613691364352,0.48527005,2238.3680412257186,0.3299836335545191,5.2427244E-5,18.536446,0.0038971293,0.5340132,0.005120666,0.0091253435,0.005151543,0.75939566,0.5403536,0.7209856,0.027695458,0.04323643,0.040149853,0.018134352,0.12809752,null,null,null,null,"TWOGAUSSIANS",8,3.4075384,0.5340132,0.005120666,0.051101923,0.028848639,0.75939727,0.54035354,0.7209856,0.027695458,0.242124,0.22483917,0.018134352,0.12809752
375316653866487564,6440504022443381888,0.5390052,2226.4599330368087,4.233331306280144,5.6468266E-6,16.717365,0.0018260179,0.2943922,0.002257641,0.0706428,0.0030561355,0.09276102,0.0023583903,0.7910887,0.0025020656,0.07074084,0.003359665,0.088533886,0.0020510426,null,null,null,null,"TWOGAUSSIANS",8,3.241397,0.2943922,0.002257641,0.3955997,0.01613722,0.09244001,0.002330632,0.7910887,0.0025020656,0.3961487,0.01733826,0.08821288,0.0019925137
