Gaia/vari_eclipsing_binary/VariEclipsingBinary_490668-490704.csv
# %ECSV 1.0
# ---
# delimiter: ','
# meta: !!omap
# - RELEASE: Gaia DR3
# - TABLE: vari_eclipsing_binary
# - DESCRIPTION: >
#     This table describes the properties of the eclipsing binaries resulting from the variability analysis. 
# - CITATION: >
#     How to cite and acknowledge Gaia: 
#     https://gea.esac.esa.int/archive/documentation/credits.html 
# - KNOWN_ISSUES: >
#     Known issues: 
#     https://www.cosmos.esa.int/web/gaia-users/known-issues 
# - DOCUMENTATION: >
#     Tutorials and documentation: 
#     https://www.cosmos.esa.int/web/gaia-users/archive 
# datatype:
# - 
#   name: solution_id
#   datatype: int64
#   description: Solution Identifier
#   meta:
#     ucd: meta.version
# - 
#   name: source_id
#   datatype: int64
#   description: Unique source identifier
#   meta:
#     ucd: meta.id;meta.main
# - 
#   name: global_ranking
#   datatype: float32
#   description: Number between 0 (worst) and 1 (best)
#   meta:
#     ucd: stat.param
# - 
#   name: reference_time
#   datatype: float64
#   unit: d
#   description: Reference time used for the geometric model fit
#   meta:
#     ucd: time.epoch
# - 
#   name: frequency
#   datatype: float64
#   unit: d**-1
#   description: Frequency of geometric model of the eclipsing binary light curve
#   meta:
#     ucd: src.orbital
# - 
#   name: frequency_error
#   datatype: float32
#   unit: d**-1
#   description: "Uncertainty of \\texttt{frequency}"
#   meta:
#     ucd: stat.error
# - 
#   name: geom_model_reference_level
#   datatype: float32
#   unit: mag
#   description: Magnitude reference level of geometric model
#   meta:
#     ucd: phot.mag;em.opt
# - 
#   name: geom_model_reference_level_error
#   datatype: float32
#   unit: mag
#   description: "Uncertainty of \\texttt{geomModelReferenceLevel}"
#   meta:
#     ucd: stat.error;phot.mag;em.opt
# - 
#   name: geom_model_gaussian1_phase
#   datatype: float32
#   description: Phase of the Gaussian 1 component
#   meta:
#     ucd: time.phase
# - 
#   name: geom_model_gaussian1_phase_error
#   datatype: float32
#   description: "Uncertainty of \\texttt{geomModelGaussian1Phase}"
#   meta:
#     ucd: stat.error;time.phase
# - 
#   name: geom_model_gaussian1_sigma
#   datatype: float32
#   description: "Standard deviation [phase] of Gaussian 1 component"
#   meta:
#     ucd: stat.stdev
# - 
#   name: geom_model_gaussian1_sigma_error
#   datatype: float32
#   description: "Uncertainty of \\texttt{geomModelGaussian1Sigma}"
#   meta:
#     ucd: stat.error
# - 
#   name: geom_model_gaussian1_depth
#   datatype: float32
#   unit: mag
#   description: Magnitude depth of Gaussian 1 component
#   meta:
#     ucd: src.var.amplitude
# - 
#   name: geom_model_gaussian1_depth_error
#   datatype: float32
#   unit: mag
#   description: "Uncertainty of \\texttt{geomModelGaussian1Depth}"
#   meta:
#     ucd: stat.error;src.var.amplitude
# - 
#   name: geom_model_gaussian2_phase
#   datatype: float32
#   description: Phase of Gaussian 2 component
#   meta:
#     ucd: time.phase
# - 
#   name: geom_model_gaussian2_phase_error
#   datatype: float32
#   description: "Uncertainty of \\texttt{geomModelGaussian2Phase}"
#   meta:
#     ucd: stat.error;time.phase
# - 
#   name: geom_model_gaussian2_sigma
#   datatype: float32
[...]
#   datatype: float32
#   description: "Secondary eclipse: uncertainty of \\texttt{derivedSecondaryEclDuration}"
#   meta:
#     ucd: stat.error;time.duration
# - 
#   name: derived_secondary_ecl_depth
#   datatype: float32
#   unit: mag
#   description: "Secondary eclipse: depth"
#   meta:
#     ucd: src.var.amplitude
# - 
#   name: derived_secondary_ecl_depth_error
#   datatype: float32
#   unit: mag
#   description: "Secondary eclipse: uncertainty of \\texttt{derivedSecondaryEclDepth}"
#   meta:
#     ucd: stat.error;src.var.amplitude
solution_id,source_id,global_ranking,reference_time,frequency,frequency_error,geom_model_reference_level,geom_model_reference_level_error,geom_model_gaussian1_phase,geom_model_gaussian1_phase_error,geom_model_gaussian1_sigma,geom_model_gaussian1_sigma_error,geom_model_gaussian1_depth,geom_model_gaussian1_depth_error,geom_model_gaussian2_phase,geom_model_gaussian2_phase_error,geom_model_gaussian2_sigma,geom_model_gaussian2_sigma_error,geom_model_gaussian2_depth,geom_model_gaussian2_depth_error,geom_model_cosine_half_period_amplitude,geom_model_cosine_half_period_amplitude_error,geom_model_cosine_half_period_phase,geom_model_cosine_half_period_phase_error,model_type,num_model_parameters,reduced_chi2,derived_primary_ecl_phase,derived_primary_ecl_phase_error,derived_primary_ecl_duration,derived_primary_ecl_duration_error,derived_primary_ecl_depth,derived_primary_ecl_depth_error,derived_secondary_ecl_phase,derived_secondary_ecl_phase_error,derived_secondary_ecl_duration,derived_secondary_ecl_duration_error,derived_secondary_ecl_depth,derived_secondary_ecl_depth_error
[from data line 220]
375316653866487564,4316159046900141184,0.5232641,2126.6116493911586,4.663515800195425,1.4129141E-5,19.404247,0.006163321,0.4185538,0.004743117,0.0064189746,0.005807863,0.0959814,0.06739065,0.6983276,0.012158882,0.022415316,0.0057460964,0.9365025,1.0483902,0.012035783,0.012362831,0.4185538,0.004743117,"TWOGAUSSIANS_WITH_ELLIPSOIDAL_ON_ECLIPSE1",9,3.6953826,0.6983576,0.012147098,0.12552577,0.03217814,0.93733585,1.0484712,0.4185538,0.004743117,0.035946257,0.032524034,0.12005282,0.06677364
375316653866487564,4316159218700193408,0.5377342,2124.379390340478,1.3877667864086358,6.299067E-6,19.105122,0.011643209,0.3152479,0.0019737482,0.03539424,0.0021584993,0.60097593,0.019163731,0.82188594,0.006216657,0.03420396,0.0064995363,0.4454627,0.031384524,null,null,null,null,"TWOGAUSSIANS",8,7.038159,0.3152479,0.0019737482,0.19820775,0.012087597,0.60097593,0.019163731,0.82188594,0.006216657,0.19154218,0.0363974,0.4454627,0.031384524
375316653866487564,4316159248755804032,0.5128007,2097.456027086319,1.2222995770265108,2.9422927E-5,18.589996,0.02453439,0.2720942,0.004842076,0.1130132,0.018218521,0.20159325,0.01946381,0.7661935,0.009782651,0.085406795,0.015238891,0.28982824,0.031783573,null,null,null,null,"TWOGAUSSIANS",8,4.6452193,0.7661935,0.009782651,0.4,0.0,0.2719196,0.035116374,0.2720942,0.004842076,0.4,0.0,0.18366143,0.01014402
375316653866487564,4316159253111538304,0.4353196,2079.886829449255,2.6359156323467245,6.405496E-5,17.94108,0.023996478,0.2066728,0.0333437,0.075560145,0.036248844,0.15329227,0.0313659,0.727866,0.010090606,0.12171555,0.031130498,0.109397605,0.022618352,null,null,null,null,"TWOGAUSSIANS",8,13.522091,0.20663281,0.03337203,0.4,0.1394342,0.14605674,0.02914692,0.727866,0.010090606,0.4,0.0,0.10210293,0.013405584
375316653866487564,4316159562349435520,0.5361586,2141.946229716215,1.3271776746869033,8.983338E-6,18.837643,0.011828417,0.21845375,0.0044319984,0.08816903,0.0066331243,0.20115457,0.013200193,0.7288144,0.0028012812,0.09218493,0.0061239786,0.24366638,0.010324001,null,null,null,null,"TWOGAUSSIANS",8,1.1650081,0.7288144,0.0028012812,0.4,0.0,0.2355751,0.007181311,0.21845375,0.0044319984,0.4,0.0,0.19306347,0.010558777
375316653866487564,4316159695432659456,0.47728997,2113.769337633541,0.8779362885983307,3.685352E-5,18.11302,0.009432031,0.22078031,0.007386428,0.011354274,0.009408434,1.0170593,0.8395225,0.6413255,0.019271946,0.01146338,0.017844344,0.08009617,0.36316603,0.03619532,0.011886322,0.22078031,0.007386428,"TWOGAUSSIANS_WITH_ELLIPSOIDAL_ON_ECLIPSE1",9,12.810845,0.22078031,0.007386428,0.06358394,0.05268723,1.0894499,0.8490329,0.64195544,0.018600732,0.06419493,0.09992833,0.1360141,0.36907583
375316653866487564,4316159764152159616,0.49073488,2139.889305831573,0.7343521285304776,2.4732359E-5,19.22993,0.005114007,0.20677549,0.003936999,0.06721705,0.0038010166,0.26173708,0.017242905,0.69611925,0.01188994,0.08170972,0.012046494,0.103148825,0.01309213,null,null,null,null,"TWOGAUSSIANS",8,1.1582571,0.20677549,0.003936999,0.37641552,0.021285692,0.2608749,0.017295618,0.69611925,0.01188994,0.4,0.0,0.10228663,0.013172475
375316653866487564,4316160112052434944,0.5525774,2106.5785923561652,2.61962984912728,8.867701E-6,18.88291,0.020452168,0.1614065,0.0034013873,0.09395052,0.005517071,0.37994844,0.024232764,0.66163015,0.0033084827,0.08890936,0.0063694976,0.4270071,0.023389433,null,null,null,null,"TWOGAUSSIANS",8,2.887119,0.66163015,0.0033084827,0.4,0.0,0.40795115,0.020260753,0.1614065,0.0034013873,0.4,0.0,0.36089206,0.01900615
375316653866487564,4316160180824547456,0.5235742,2125.7177885484184,2.1678296951338814,2.2688027E-5,17.197,0.0040606176,null,null,null,null,null,null,null,null,null,null,null,null,0.098397516,0.0054207323,0.27897,0.0044654137,"ELLIPSOIDAL",4,16.11878,null,null,null,null,null,null,null,null,null,null,null,null
375316653866487564,4316160382627429760,0.48079446,2148.1362817326703,2.2769259423249,4.8126265E-5,19.131,0.044264734,0.3130026,0.017131843,0.09020659,0.029318001,0.2119205,0.06222264,0.8107121,0.007392314,0.104005694,0.023889795,0.23799875,0.039681736,null,null,null,null,"TWOGAUSSIANS",8,2.8977249,0.8107121,0.007392314,0.4,0.0,0.22212768,0.018811282,0.3130026,0.017131843,0.4,0.002732571,0.1960539,0.061228123
375316653866487564,4316161761372484352,0.5441068,2102.6250233268815,2.7642580743353364,8.945765E-6,18.451015,0.009146068,0.2365141,0.0045423564,0.06952468,0.0051207854,0.5081449,0.024477325,0.7349623,0.0034442989,0.06737922,0.0064738262,0.48288515,0.031741843,null,null,null,null,"TWOGAUSSIANS",8,10.043256,0.2365141,0.0045423564,0.38933823,0.01987047,0.5069379,0.024674792,0.7349623,0.0034442989,0.37732363,0.03236586,0.48167813,0.032349553
375316653866487564,4316161830091998848,0.6059835,2164.5552056233523,2.3468057115361796,3.884428E-6,17.344011,0.005085577,0.28352597,0.0043665688,0.086587414,0.004742171,0.2557369,0.0058656447,0.79036474,0.0014405386,0.091634095,0.002874855,0.23079355,0.005001295,null,null,null,null,"TWOGAUSSIANS",8,2.5711353,0.28352597,0.0043665688,0.4,0.0,0.24723858,0.0060039586,0.79036474,0.0014405386,0.4,0.0,0.22229509,0.0045651286
375316653866487564,4316162001890701568,0.57989293,2155.200483844471,2.8577044446638613,7.1743257E-6,17.61716,0.012872371,0.2063062,0.0026279653,0.08331569,0.0039509097,0.39562526,0.015658358,0.7035408,0.0023707133,0.09642609,0.004777678,0.38516825,0.016669935,null,null,null,null,"TWOGAUSSIANS",8,9.590593,0.2063062,0.0026279653,0.4,0.0,0.38007715,0.01356325,0.7035408,0.0023707133,0.4,0.0,0.36961904,0.015752783
375316653866487564,4316162208049061888,0.44255576,2204.076064621297,0.009209087872443834,4.243793E-5,7.8066883,0.015955098,0.2739858,0.031994328,0.065753154,0.020145835,0.7316603,0.30852804,0.7684755,0.10043235,0.047828004,0.04788952,0.82555974,3.502658,null,null,null,null,"TWOGAUSSIANS",8,118.91646,0.7684755,0.10043235,0.26783684,0.26818132,0.82548386,3.5033548,0.2739858,0.031994328,0.36821768,0.065395236,0.73158437,0.3065931
375316653866487564,4316162345435588096,0.4864571,2130.9716165970945,1.3849014223007317,1.6451539E-5,19.152805,0.008902713,0.23173967,0.0039450177,0.046693295,0.006572897,0.22956334,0.026516587,0.73302275,0.007803777,0.079451464,0.011211837,0.27963096,0.03987448,null,null,null,null,"TWOGAUSSIANS",8,4.240698,0.73302275,0.007803777,0.4,0.0,0.27944398,0.04002365,0.23173967,0.0039450177,0.26148245,0.036808223,0.22937636,0.026628418
375316653866487564,4316162482874698496,0.5571858,2120.118361994257,1.64996145903675,9.894281E-6,18.850767,0.008459098,0.1480456,0.0033274805,0.082523115,0.0045502717,0.29744,0.01543416,0.64915514,0.0020421203,0.06988727,0.0029185086,0.46582922,0.014083234,null,null,null,null,"TWOGAUSSIANS",8,3.0458348,0.64915514,0.0020421203,0.39136872,0.016343648,0.46257234,0.01397844,0.1480456,0.0033274805,0.4,0.0,0.2941831,0.01549688
375316653866487564,4316162517286787328,0.49557146,2100.176802680917,2.0645152676492375,4.7397984E-6,16.815075,0.008155718,0.32389706,0.0046990914,0.04498421,0.0063638575,0.27452177,0.03306061,null,null,null,null,null,null,0.06688017,0.010095235,0.32389706,0.0046990914,"ONEGAUSSIAN_WITH_ELLIPSOIDAL",6,68.17464,0.32389706,0.0046990914,0.25191158,0.035637602,0.40828186,0.034062285,null,null,null,null,null,null
375316653866487564,4316162551594843776,0.5166661,2116.931130701197,0.4593417462708341,6.424021E-5,18.143314,0.0033155328,0.27705657,0.010380116,0.03168576,0.010373585,0.198952,0.103452235,0.7821605,0.005382593,0.05172421,0.0070726187,0.38774082,0.21819009,null,null,null,null,"TWOGAUSSIANS",8,2.547902,0.7821605,0.005382593,0.28965557,0.039606664,0.38774082,0.2181901,0.27705657,0.010380116,0.17744024,0.058092073,0.198952,0.10345244
375316653866487564,4316162654673659008,0.4760017,2123.658898963652,1.1132775748770851,1.2988907E-5,18.600992,0.0043180613,0.72144747,0.0074223606,0.030325478,0.0038063242,0.09538624,0.026987419,null,null,null,null,null,null,0.04065125,0.0054787626,0.72144747,0.0074223606,"ONEGAUSSIAN_WITH_ELLIPSOIDAL",6,4.3754826,0.72144747,0.0074223606,0.16982268,0.021315414,0.17668875,0.025434403,null,null,null,null,null,null
375316653866487564,4316162723392973184,0.50402004,2132.344569301579,2.3140387902197657,1.5510086E-5,18.071724,0.025635451,0.19762537,0.011306685,0.08469568,0.02312773,0.17044967,0.026463555,0.7000503,0.0044499952,0.10439863,0.008413139,0.3694221,0.029386716,null,null,null,null,"TWOGAUSSIANS",8,14.209389,0.7000503,0.0044499952,0.4,0.0,0.35428974,0.022584986,0.19762537,0.011312155,0.4,0.0,0.15532506,0.028233644
375316653866487564,4316162723393001344,0.4875877,2155.075361662089,0.08929775598825554,5.12935E-5,19.115088,0.010529874,0.3975707,0.0068791024,0.08903097,0.0065225237,0.3747496,0.048396256,0.7874511,0.07252741,0.04938449,0.031277005,0.20128973,0.14582255,null,null,null,null,"TWOGAUSSIANS",8,5.8535743,0.3975707,0.0068791024,0.4,0.0,0.37471482,0.048401494,0.7874511,0.07252741,0.27655312,0.17515123,0.20128062,0.1458387
375316653866487564,4316162860884231168,0.46208605,2122.2639406322487,3.171326970223689,3.0266694E-5,18.132576,0.013543256,0.08544967,0.013402889,0.08564231,0.023060067,0.08636945,0.014083272,0.55876505,0.011929987,0.10851627,0.021592896,0.110893294,0.012286374,null,null,null,null,"TWOGAUSSIANS",8,4.43808,0.55876505,0.011929987,0.4,0.0,0.10591376,0.007652313,0.08546967,0.013409544,0.4,0.0,0.08139894,0.01181546
375316653866487564,4316162890888614144,0.4657729,2155.1946591810015,0.17835149043101137,4.174381E-5,18.215694,0.00423761,0.2621789,0.012602541,0.07236781,0.011197225,0.17016162,0.045645498,0.75666934,0.00759964,0.054870002,0.0072189523,0.22099993,0.05919664,null,null,null,null,"TWOGAUSSIANS",8,5.6520762,0.75666934,0.00759964,0.30727202,0.040426135,0.22085926,0.05924604,0.2621789,0.012602541,0.4,0.04412568,0.17002095,0.04570779
375316653866487564,4316162959608140928,0.62047344,2150.305518576653,3.3538148973409734,6.5444206E-6,18.04087,0.02162131,0.18379776,0.00162378,0.043715153,0.0055055516,0.33558512,0.046250187,0.6869675,0.006856009,0.04966735,0.013458832,0.46067682,0.038009077,0.1248322,0.028082749,0.18379776,0.00162378,"TWOGAUSSIANS_WITH_ELLIPSOIDAL_ON_ECLIPSE1",9,5.9895887,0.6869675,0.0068274136,0.27813715,0.075369455,0.71024,0.052189484,0.18379776,0.00162378,0.24480484,0.03083109,0.58524734,0.013674438
375316653866487564,4316163067042692480,0.6188723,2174.825032156288,1.465448531578447,1.3971759E-5,16.068848,0.0037731081,0.26530218,0.009292412,0.046010528,0.012772977,1.0353308,0.6732082,0.7628604,0.0021964454,0.046755094,0.0026306626,0.17670037,0.0051110373,null,null,null,null,"TWOGAUSSIANS",8,18.077087,0.26530218,0.009292412,0.25765896,0.07152867,1.0353304,0.67321664,0.7628604,0.0021964454,0.26182854,0.014731711,0.17670001,0.0051070643
375316653866487564,4316163444947847936,0.50005925,2179.289246476741,1.4042617511746627,1.2684735E-5,18.885616,0.013723179,0.23543632,0.0036126757,0.09516413,0.0076929145,0.18487713,0.0137337865,0.757336,0.010033065,0.10195017,0.015795294,0.15535603,0.028706098,null,null,null,null,"TWOGAUSSIANS",8,2.0194259,0.23542632,0.0036184962,0.4,0.0,0.17474611,0.009794324,0.757336,0.010033065,0.4,0.0,0.14522275,0.030492937
375316653866487564,4316163582386785280,0.47873038,2152.604164394875,2.4399510586519786,2.2794955E-5,19.629795,0.056708183,0.2650427,0.014638831,0.10402807,0.033255726,0.21519172,0.05744793,0.7482501,0.0066505587,0.10141934,0.017630717,0.27627903,0.054397628,null,null,null,null,"TWOGAUSSIANS",8,1.6547163,0.7482501,0.0066505587,0.4,0.0,0.25574324,0.016069092,0.26505268,0.014627744,0.4,0.0,0.19465442,0.016840786
375316653866487564,4316163822957127296,0.45844996,2138.327033091574,1.4978019826943798,2.6469008E-5,19.044903,0.29082847,0.2404542,0.00928214,0.14006013,0.09081227,0.19731274,0.28963253,0.7441166,0.007404196,0.12065281,0.054069884,0.22233334,0.2605632,null,null,null,null,"TWOGAUSSIANS",8,2.4223704,0.7442166,0.0074059656,0.4,0.0,0.15886712,0.015451773,0.2404242,0.009246577,0.4,0.0,0.13325304,0.011266005
375316653866487564,4316163857317503232,0.6427346,2144.3915343849458,1.8874872441686708,4.3116165E-6,17.09968,0.006706713,0.30068517,8.124308E-4,0.05044824,0.0061019347,0.16363199,0.016463531,0.79943717,0.0033066974,0.046885308,0.004480972,0.18596232,0.01517591,0.11889998,0.009360726,0.30068517,8.124308E-4,"TWOGAUSSIANS_WITH_ELLIPSOIDAL_ON_ECLIPSE1",9,3.424992,0.7996672,0.0026257783,0.26255772,0.025093442,0.42374924,0.00615384,0.30068517,8.124308E-4,0.28251013,0.034170836,0.40143088,0.019909045
375316653866487564,4316164230941904256,0.5995847,2098.2450468001143,3.1990095569818164,1.7442431E-5,18.85891,0.006485863,0.26001358,0.004522437,0.06931039,0.005770963,0.4834549,0.045936186,0.7544666,0.0029313501,0.08047785,0.0026404646,0.48914748,0.011669225,null,null,null,null,"TWOGAUSSIANS",8,2.3384182,0.7544666,0.0029313501,0.4,0.0,0.48588672,0.011336685,0.26001358,0.004522437,0.3881382,0.025588501,0.48019418,0.046956748
375316653866487564,4316164780673483648,0.4365271,2098.9531239541666,1.5452858094053035,5.776702E-5,16.969799,0.02098509,0.3186647,0.02661455,0.12356103,0.05944745,0.078731455,0.018247021,0.75893754,0.0124466,0.06952648,0.013404251,0.12188431,0.022268528,null,null,null,null,"TWOGAUSSIANS",8,29.059439,0.75893754,0.0124466,0.38934827,0.06581501,0.11941311,0.017264262,0.3186647,0.02661455,0.4,0.0,0.07611972,0.014466479
375316653866487564,4316165089911145856,0.6985294,2121.6127134116628,0.9920984206541146,1.7734972E-6,17.13679,0.004120957,0.23585019,0.0011907463,0.0336358,0.00488299,0.05558065,0.008341987,0.73627883,4.5395913E-4,0.0345283,8.649321E-4,0.6292083,0.00848455,0.020797368,0.0053628758,0.23585019,0.0011907463,"TWOGAUSSIANS_WITH_ELLIPSOIDAL_ON_ECLIPSE1",9,2.8802657,0.73627883,4.5395913E-4,0.19335848,0.0048436197,0.6708028,0.006395669,0.23585019,0.0011907463,0.18836047,0.027344745,0.09717535,0.0038982558
375316653866487564,4316165158630630400,0.5089489,2122.6400735645807,4.869318825663156,3.501287E-5,19.611984,0.008883614,0.27461806,0.017491162,0.1245611,0.016224101,0.34429124,0.030589098,0.54111177,0.019302482,0.09153118,0.019115238,0.21408908,0.03737755,null,null,null,null,"TWOGAUSSIANS",8,2.243668,0.27972806,0.018420145,0.4,0.0,0.34587094,0.029969713,0.54111177,0.019302482,0.4,0.0,0.24724178,0.026365716
375316653866487564,4316165227350120448,0.55633485,2106.8639076283175,1.948101799637335,7.067454E-6,16.405735,0.049547564,0.28365034,0.0016255922,0.17535275,0.008742395,0.6029132,0.04707875,0.78113747,0.0015995131,0.22111529,0.014859831,0.70840603,0.0493157,null,null,null,null,"TWOGAUSSIANS",8,2.462814,0.78113747,0.0015995131,0.4,0.0,0.13996516,0.004089916,0.28589034,0.0018016204,0.4,0.0,0.12366339,0.0024533728
375316653866487564,4316165300426179712,0.51931864,2120.366729416495,0.7814278703605552,4.1912335E-5,14.149121,0.004879336,0.8539933,0.014130031,0.014971195,0.015923075,0.50488025,105533.836,null,null,null,null,null,null,0.01407313,0.009833185,0.8539933,0.014130031,"ONEGAUSSIAN_WITH_ELLIPSOIDAL",6,605.6019,0.8539933,0.014130031,0.083838694,0.08916923,0.5330265,105533.836,null,null,null,null,null,null
375316653866487564,4316165334785787776,0.5166638,2110.6690491705876,2.8769876487393398,7.0951737E-6,19.768867,0.014137731,0.2619787,0.0018741045,0.077489935,0.004786037,0.4135829,0.021396708,0.7577377,0.0029311962,0.075470865,0.004586394,0.4630189,0.014276464,null,null,null,null,"TWOGAUSSIANS",8,2.0140498,0.7577377,0.0029311962,0.4,0.0,0.4592003,0.013527355,0.2619787,0.0018741045,0.4,0.0,0.4097643,0.021319676
