Gaia/vari_eclipsing_binary/VariEclipsingBinary_497074-497268.csv
# %ECSV 1.0
# ---
# delimiter: ','
# meta: !!omap
# - RELEASE: Gaia DR3
# - TABLE: vari_eclipsing_binary
# - DESCRIPTION: >
#     This table describes the properties of the eclipsing binaries resulting from the variability analysis. 
# - CITATION: >
#     How to cite and acknowledge Gaia: 
#     https://gea.esac.esa.int/archive/documentation/credits.html 
# - KNOWN_ISSUES: >
#     Known issues: 
#     https://www.cosmos.esa.int/web/gaia-users/known-issues 
# - DOCUMENTATION: >
#     Tutorials and documentation: 
#     https://www.cosmos.esa.int/web/gaia-users/archive 
# datatype:
# - 
#   name: solution_id
#   datatype: int64
#   description: Solution Identifier
#   meta:
#     ucd: meta.version
# - 
#   name: source_id
#   datatype: int64
#   description: Unique source identifier
#   meta:
#     ucd: meta.id;meta.main
# - 
#   name: global_ranking
#   datatype: float32
#   description: Number between 0 (worst) and 1 (best)
#   meta:
#     ucd: stat.param
# - 
#   name: reference_time
#   datatype: float64
#   unit: d
#   description: Reference time used for the geometric model fit
#   meta:
#     ucd: time.epoch
# - 
#   name: frequency
#   datatype: float64
#   unit: d**-1
#   description: Frequency of geometric model of the eclipsing binary light curve
#   meta:
#     ucd: src.orbital
# - 
#   name: frequency_error
#   datatype: float32
#   unit: d**-1
#   description: "Uncertainty of \\texttt{frequency}"
#   meta:
#     ucd: stat.error
# - 
#   name: geom_model_reference_level
#   datatype: float32
#   unit: mag
#   description: Magnitude reference level of geometric model
#   meta:
#     ucd: phot.mag;em.opt
# - 
#   name: geom_model_reference_level_error
#   datatype: float32
#   unit: mag
#   description: "Uncertainty of \\texttt{geomModelReferenceLevel}"
#   meta:
#     ucd: stat.error;phot.mag;em.opt
# - 
#   name: geom_model_gaussian1_phase
#   datatype: float32
#   description: Phase of the Gaussian 1 component
#   meta:
#     ucd: time.phase
# - 
#   name: geom_model_gaussian1_phase_error
#   datatype: float32
#   description: "Uncertainty of \\texttt{geomModelGaussian1Phase}"
#   meta:
#     ucd: stat.error;time.phase
# - 
#   name: geom_model_gaussian1_sigma
#   datatype: float32
#   description: "Standard deviation [phase] of Gaussian 1 component"
#   meta:
#     ucd: stat.stdev
# - 
#   name: geom_model_gaussian1_sigma_error
#   datatype: float32
#   description: "Uncertainty of \\texttt{geomModelGaussian1Sigma}"
#   meta:
#     ucd: stat.error
# - 
#   name: geom_model_gaussian1_depth
#   datatype: float32
#   unit: mag
#   description: Magnitude depth of Gaussian 1 component
#   meta:
#     ucd: src.var.amplitude
# - 
#   name: geom_model_gaussian1_depth_error
#   datatype: float32
#   unit: mag
#   description: "Uncertainty of \\texttt{geomModelGaussian1Depth}"
#   meta:
#     ucd: stat.error;src.var.amplitude
# - 
#   name: geom_model_gaussian2_phase
#   datatype: float32
#   description: Phase of Gaussian 2 component
#   meta:
#     ucd: time.phase
# - 
#   name: geom_model_gaussian2_phase_error
#   datatype: float32
#   description: "Uncertainty of \\texttt{geomModelGaussian2Phase}"
#   meta:
#     ucd: stat.error;time.phase
# - 
#   name: geom_model_gaussian2_sigma
#   datatype: float32
[...]
#   datatype: float32
#   description: "Secondary eclipse: uncertainty of \\texttt{derivedSecondaryEclDuration}"
#   meta:
#     ucd: stat.error;time.duration
# - 
#   name: derived_secondary_ecl_depth
#   datatype: float32
#   unit: mag
#   description: "Secondary eclipse: depth"
#   meta:
#     ucd: src.var.amplitude
# - 
#   name: derived_secondary_ecl_depth_error
#   datatype: float32
#   unit: mag
#   description: "Secondary eclipse: uncertainty of \\texttt{derivedSecondaryEclDepth}"
#   meta:
#     ucd: stat.error;src.var.amplitude
solution_id,source_id,global_ranking,reference_time,frequency,frequency_error,geom_model_reference_level,geom_model_reference_level_error,geom_model_gaussian1_phase,geom_model_gaussian1_phase_error,geom_model_gaussian1_sigma,geom_model_gaussian1_sigma_error,geom_model_gaussian1_depth,geom_model_gaussian1_depth_error,geom_model_gaussian2_phase,geom_model_gaussian2_phase_error,geom_model_gaussian2_sigma,geom_model_gaussian2_sigma_error,geom_model_gaussian2_depth,geom_model_gaussian2_depth_error,geom_model_cosine_half_period_amplitude,geom_model_cosine_half_period_amplitude_error,geom_model_cosine_half_period_phase,geom_model_cosine_half_period_phase_error,model_type,num_model_parameters,reduced_chi2,derived_primary_ecl_phase,derived_primary_ecl_phase_error,derived_primary_ecl_duration,derived_primary_ecl_duration_error,derived_primary_ecl_depth,derived_primary_ecl_depth_error,derived_secondary_ecl_phase,derived_secondary_ecl_phase_error,derived_secondary_ecl_duration,derived_secondary_ecl_duration_error,derived_secondary_ecl_depth,derived_secondary_ecl_depth_error
[from data line 438]
375316653866487564,4373715349574320128,0.46414873,2370.7414043629637,0.22869562431080523,2.7628566E-5,19.105164,0.01959205,0.45394635,0.017023297,0.17146602,0.03948736,0.14381054,0.015689846,0.8711303,0.017213177,0.037938427,0.015927793,0.063119106,0.020435678,null,null,null,null,"TWOGAUSSIANS",8,1.4871812,0.45394635,0.017023297,0.4,0.0,0.138561,0.008113476,0.8711303,0.017213177,0.21245518,0.08919565,0.06576849,0.021097273
375316653866487564,4373720434815300224,0.46281117,2343.152758216111,0.0369962407386018,2.6895956E-5,17.686388,0.24931502,0.67207706,0.009975856,0.048800167,0.0068036546,0.28831434,0.06694032,0.4322013,0.018576639,0.30212215,0.21003075,0.2318685,0.23134558,null,null,null,null,"TWOGAUSSIANS",8,8.303819,0.6690671,0.009975453,0.27328092,0.038100466,0.34997588,0.06564724,0.4322713,0.018540327,0.4,0.0,0.115901455,0.02850975
375316653866487564,4373720645272255232,0.559216,2342.100678007113,0.7614550133867293,1.4400798E-5,12.750039,6.7853887E-4,0.24317388,0.0022888263,0.028868483,0.0025300106,0.067699715,0.0030853867,0.7454955,0.009159912,0.004448505,0.0028422633,0.008512348,9.487772,0.0052804365,0.0010778694,0.7454955,0.009159912,"TWOGAUSSIANS_WITH_ELLIPSOIDAL_ON_ECLIPSE2",9,10.797769,0.24319388,0.0022581888,0.1616635,0.01416806,0.078258365,0.0032527132,0.7454955,0.009159912,0.024911627,0.015916673,0.019073222,9.488845
375316653866487564,4373722844294266752,0.59933084,2321.141376141883,1.9610893435868475,3.4822772E-6,17.832024,0.006516475,0.29353508,0.0012445061,0.035738736,0.0030565297,0.62518364,0.03290522,0.79321843,0.0010375909,0.038142484,0.0017430421,0.5795001,0.025359815,0.063891456,0.014455033,0.29353508,0.0012445061,"TWOGAUSSIANS_WITH_ELLIPSOIDAL_ON_ECLIPSE1",9,12.644791,0.29353508,0.0012445061,0.20013691,0.017116565,0.7529665,0.035032008,0.79322845,0.0010136443,0.21359791,0.009761036,0.7072825,0.028341055
375316653866487564,4373722844294588032,0.6284967,2323.9437088641885,2.211409804143355,6.3225684E-6,16.247742,0.0054269466,0.2272344,0.0018777493,0.08405174,0.002522875,0.2579874,0.0063855434,0.7254168,0.0015693315,0.09010973,0.003216481,0.20394118,0.0054413076,null,null,null,null,"TWOGAUSSIANS",8,5.589376,0.2272344,0.0018777493,0.4,0.0,0.25080818,0.0051519643,0.7254168,0.0015693315,0.4,0.0,0.19676188,0.0039646314
375316653866487564,4373725588776121600,0.45327872,2336.51576366256,3.987277749285977,7.435711E-5,19.713087,0.015849004,0.31566662,0.009479398,0.04548725,0.009440389,0.12152514,0.030613312,0.7795297,0.009767827,0.06106805,0.011341153,0.23014878,0.022158347,null,null,null,null,"TWOGAUSSIANS",8,3.6833663,0.7795297,0.009767827,0.34198108,0.063510455,0.23014767,0.022156384,0.31566662,0.009479398,0.25472862,0.052866183,0.121524036,0.03061137
375316653866487564,4373727306763381632,0.51238227,2372.1585329895966,2.0883529523410593,2.9963447E-5,19.11437,0.033409588,0.27527392,0.00728251,0.10753473,0.019537143,0.17353971,0.032625545,0.7774176,0.005223637,0.08295847,0.02845982,0.22863168,0.03925231,null,null,null,null,"TWOGAUSSIANS",8,0.9499258,0.7774176,0.00525591,0.4,0.0,0.21668379,0.065293476,0.27527392,0.0072808806,0.4,0.0,0.16158478,0.007744845
375316653866487564,4373733083496288896,0.47881413,2337.7972737060554,1.3751744515925932,2.4661731E-5,17.060015,0.020740459,0.20847891,0.01566132,0.13202728,0.047449768,0.045683715,0.019085212,0.650988,0.008626331,0.11290996,0.01288811,0.103019856,0.019015422,null,null,null,null,"TWOGAUSSIANS",8,5.3410916,0.650988,0.008626331,0.4,0.0,0.09352137,0.0054446203,0.2091189,0.0152134495,0.4,0.0,0.036061615,0.0071373163
375316653866487564,4373733388440655360,0.4560554,2333.9156027760514,0.04270724863882655,2.533672E-5,17.214941,0.0027884129,0.4028846,0.01684567,0.11451594,0.017533638,0.07035771,0.0060436167,0.663508,0.0054999203,0.009999848,0.0038911605,0.027532022,0.006359372,null,null,null,null,"TWOGAUSSIANS",8,3.5341184,0.4028846,0.01684567,0.4,0.0,0.0703475,0.006060268,0.663508,0.0054999203,0.05599915,0.021790499,0.03280116,0.0052083856
375316653866487564,4373733839410536320,0.57639587,2341.6511797706285,2.042475391161546,7.37905E-6,16.571165,0.0036547137,0.3144213,8.4581744E-4,0.052831493,0.0015605616,0.37923008,0.015636858,0.8170686,0.002164969,0.0764194,0.003677393,0.12718108,0.005841587,null,null,null,null,"TWOGAUSSIANS",8,9.641692,0.3144213,8.4581744E-4,0.29585636,0.008739145,0.37903044,0.015653262,0.8170686,0.002164969,0.4,0.0,0.12698142,0.0058430918
375316653866487564,4373752153150035968,0.47525597,2376.210311234517,3.4496263401664824,3.0126352E-5,19.537935,0.41830784,0.23849851,0.010271272,0.13001199,0.07186243,0.3085398,0.36364192,0.73495597,0.005910929,0.1523755,0.09736652,0.2870062,0.40595564,null,null,null,null,"TWOGAUSSIANS",8,1.5569237,0.23872851,0.009996287,0.4,0.0,0.19088006,0.030635657,0.73495597,0.005910929,0.4,0.0,0.16708483,0.022912074
375316653866487564,4373760846165444480,0.42878503,2403.6334348706514,1.4807384208257623,4.8264003E-5,17.055883,0.0058932845,0.19759573,0.0058438946,0.054004196,0.0056093647,0.15483172,0.025709173,0.6100865,0.048423354,0.11510516,0.03343103,0.06456972,0.04606451,null,null,null,null,"TWOGAUSSIANS",8,6.798062,0.19765574,0.005806556,0.30242348,0.03141244,0.15456393,0.025916012,0.6100865,0.048423354,0.4,0.0,0.064196646,0.04639641
375316653866487564,4373762869094608000,0.5427606,2322.686428439841,3.0937101951886805,6.8042355E-6,18.225967,0.003322835,0.26639035,0.0020322385,0.02603383,0.0033863632,0.10394309,0.011677203,0.72545946,1.0992525E-4,0.009654687,6.203807E-4,1.0617186,0.288849,0.10672849,0.0038095114,0.26639035,0.0020322385,"TWOGAUSSIANS_WITH_ELLIPSOIDAL_ON_ECLIPSE1",9,3.2007432,0.7255194,1.2371826E-4,0.054066245,0.003474132,1.2613851,0.2951112,0.26639035,0.0020322385,0.14578944,0.018963633,0.31739992,0.011421228
375316653866487564,4373767748177909120,0.5441736,2400.875719415777,3.47230129739488,1.0540927E-5,19.319016,0.014396119,0.24753359,0.0049910597,0.06310406,0.0056135035,0.45182726,0.025056878,0.7449226,0.0024936686,0.06946405,0.005026921,0.5259778,0.02476624,null,null,null,null,"TWOGAUSSIANS",8,2.5915186,0.7449226,0.0024936686,0.3889987,0.024239434,0.5252386,0.025000146,0.24753359,0.0049910597,0.35338277,0.03143562,0.45108807,0.024974698
375316653866487564,4373770565673782528,0.47935423,2349.5167535952514,3.2810193571715467,1.4633056E-5,17.05274,0.012035244,0.20430584,0.005345724,0.08029052,0.013948275,0.1625297,0.012777371,0.6778937,0.0049683214,0.090842485,0.011080236,0.17225505,0.013760239,null,null,null,null,"TWOGAUSSIANS",8,24.115557,0.6778937,0.0049683214,0.4,0.0,0.16930462,0.012786725,0.20430584,0.005345724,0.4,0.0,0.1595795,0.013062567
375316653866487564,4373772318020743296,0.5581232,2354.5877352981893,3.973878736413344,1.20419345E-5,18.64028,0.0055770334,0.3088279,0.0025057613,0.07585107,0.0027253397,0.44746226,0.0075771436,0.80346596,0.005232146,0.070031635,0.0047575254,0.49051267,0.073165916,null,null,null,null,"TWOGAUSSIANS",8,3.9801533,0.80346596,0.005232146,0.39217716,0.020398555,0.4881975,0.07349502,0.3088279,0.0025057613,0.4,0.0,0.44514707,0.0071355286
375316653866487564,4373773073935140992,0.49566454,2352.01147515089,3.802888387909606,1.199336E-5,19.194586,0.011702338,0.1604344,0.0024971883,0.09321877,0.009160352,0.28228006,0.01941434,0.6505351,0.0045992257,0.07942148,0.0073906463,0.30685365,0.013248192,null,null,null,null,"TWOGAUSSIANS",8,1.6146864,0.6505351,0.0045992257,0.4,0.0,0.29940093,0.012710168,0.1604344,0.0024971883,0.4,0.0,0.27482694,0.02171393
375316653866487564,4373775964449852800,0.5495875,2369.8513544015586,4.101424277719412,7.806394E-6,19.649702,0.0136777805,0.22842778,0.0040322524,0.01650394,0.017398318,0.27930218,0.082405716,0.73992324,0.0032807433,0.03845221,0.004375165,0.62920225,0.05591079,0.25149184,0.028515462,0.22842778,0.0040322524,"TWOGAUSSIANS_WITH_ELLIPSOIDAL_ON_ECLIPSE1",9,4.9066906,0.73992324,0.0032807433,0.21533237,0.024500923,1.1295664,0.056405127,0.22842778,0.0040322524,0.09242206,0.09743059,0.7822858,0.08320137
375316653866487564,4373780255121117952,0.4283063,2326.86145075435,1.085271041498532,1.7075667E-5,16.974998,0.0033955504,0.36887878,0.0566612,0.033209722,0.024793386,0.057890806,0.16590266,0.87944895,0.0034379817,0.042715214,0.003339128,0.059306588,0.0056595737,null,null,null,null,"TWOGAUSSIANS",8,12.583507,0.87944895,0.0034379817,0.23920521,0.018699117,0.059306588,0.0056595737,0.36887878,0.0566612,0.18597445,0.13884297,0.057890806,0.16590266
375316653866487564,4373786130637242112,0.60105675,2314.7200176332003,3.9786583374976785,1.3057879E-5,17.426523,0.009667106,0.2619032,0.0024277165,0.04445963,0.004409773,0.304545,0.03902078,0.76079375,0.0014070843,0.04019466,0.0045918142,0.31521255,0.033298116,0.11517065,0.013175014,0.2619032,0.0024277165,"TWOGAUSSIANS_WITH_ELLIPSOIDAL_ON_ECLIPSE1",9,9.727654,0.76088375,0.0012317428,0.2250901,0.025714159,0.54554343,0.033680677,0.2619032,0.0024277165,0.24897392,0.024694728,0.5348861,0.034356806
375316653866487564,4373786302436095232,0.5603069,2356.0241118846684,1.1566942527479194,2.031356E-5,19.066721,0.0032765528,0.6657038,0.013755819,0.011134815,0.004871042,0.6916679,1.7073631,0.80013674,0.004910573,0.013406529,0.011612228,0.100010805,12.255068,null,null,null,null,"TWOGAUSSIANS",8,0.9003934,0.6657038,0.013755819,0.062354967,0.027277835,0.6916679,1.7073631,0.80013674,0.004910573,0.075076565,0.06502848,0.100010805,12.255068
375316653866487564,4373788707616573184,0.50531465,2336.931651088745,4.03629849534694,1.37705065E-5,19.815067,0.014004291,0.25726467,0.0023529734,0.05495462,0.009512652,0.38838398,0.06864223,0.7625,0.008567002,0.07960179,0.010269182,0.41521633,0.049467225,null,null,null,null,"TWOGAUSSIANS",8,1.6888361,0.7625,0.008567002,0.4,0.0,0.41452724,0.0499233,0.25726467,0.0023529734,0.30774587,0.05327085,0.3876949,0.069371425
375316653866487564,4373790429899791616,0.5729983,2280.3417864259786,2.51774827139025,9.083343E-6,14.514708,0.011414248,0.26484105,0.0048679467,0.042232435,0.006756778,0.21590555,0.03117776,0.76269203,0.002371359,0.049959693,0.0063635306,0.13586742,0.027971426,0.10849613,0.016099228,0.76269203,0.002371359,"TWOGAUSSIANS_WITH_ELLIPSOIDAL_ON_ECLIPSE2",9,222.15956,0.26457107,0.004148594,0.23650163,0.037837956,0.43286237,0.018437771,0.76269203,0.002371359,0.27977428,0.035635773,0.3528589,0.009194589
375316653866487564,4373805062853054080,0.55839753,2417.800832944917,3.5186464912795987,1.23915515E-5,19.263634,0.010865618,0.22026984,0.002469748,0.06462081,0.0029527692,0.5365734,0.018981086,0.7286038,0.004036017,0.07020856,0.0051029017,0.5139014,0.025528643,null,null,null,null,"TWOGAUSSIANS",8,2.2581434,0.22026984,0.002469748,0.36187652,0.016535508,0.53571457,0.018912006,0.7286038,0.004036017,0.3931679,0.023167474,0.51304257,0.02564252
375316653866487564,4373807021358421120,0.4872674,2373.9451124169723,1.31815244136415,2.0771506E-5,18.885988,0.003227767,0.17465913,0.008230884,0.05720485,0.009496079,0.10301349,0.037894063,0.6726173,8.9170825E-4,0.040913343,0.001215304,0.41008168,0.022697031,null,null,null,null,"TWOGAUSSIANS",8,1.871768,0.6726173,8.9170825E-4,0.22911473,0.0068057026,0.41008094,0.022697244,0.17465913,0.008230884,0.32034716,0.053178042,0.103012756,0.037894934
375316653866487564,4373813515349338880,0.47093636,2383.103487824408,0.2488631730780846,4.9611823E-5,17.883957,0.006206238,0.19033386,0.047606323,0.014036706,0.051337585,0.41656443,4.401568,0.6855513,0.01694369,0.062486842,0.021501776,0.123078644,0.07230731,null,null,null,null,"TWOGAUSSIANS",8,4.60411,0.19033386,0.047606323,0.078605555,0.2874905,0.41656443,4.401572,0.6855513,0.01694369,0.34992632,0.09620439,0.12307864,0.07230721
375316653866487564,4373816715097588736,0.48193207,2406.3628646295047,3.537413306064592,2.0147278E-5,19.459288,0.019226214,0.2558496,0.0047019986,0.064363346,0.0072611147,0.4821149,0.08139469,0.7556381,0.00484589,0.07858381,0.008597144,0.5290367,0.07268907,null,null,null,null,"TWOGAUSSIANS",8,4.772104,0.7556381,0.00484589,0.4,0.0,0.52682215,0.07375254,0.2558496,0.0047019986,0.36043474,0.04066224,0.4799004,0.08234208
375316653866487564,4373820078059837952,0.54852283,2365.584458839142,3.964550749896159,1.7293785E-5,19.795954,0.022441471,0.1915753,0.0035553018,0.078160666,0.00970518,0.75803447,0.16300586,0.67285556,0.0075545865,0.07349121,0.0073718354,0.7237438,0.029450841,null,null,null,null,"TWOGAUSSIANS",8,1.7598896,0.1915753,0.0035553018,0.4,0.0,0.75376534,0.16606778,0.67285556,0.0075545865,0.4,0.0,0.7194747,0.027599826
375316653866487564,4373820559096244480,0.47564304,2380.568126099381,2.292354809431392,3.2533757E-5,18.729303,0.009438786,0.27009413,0.016523834,0.05434294,0.015365727,0.1245019,0.022102369,0.76184744,0.002935569,0.06186309,0.009936105,0.36099604,0.112958245,null,null,null,null,"TWOGAUSSIANS",8,7.3227344,0.76184744,0.002935569,0.3464333,0.05564219,0.3609655,0.1129829,0.27009413,0.016523834,0.30432045,0.086048074,0.12447135,0.022095578
375316653866487564,4373821796046899200,0.45971948,2318.070944804533,3.0861732595860345,2.2334983E-5,16.777494,0.0038076427,0.2043542,0.0026681789,0.013442604,0.0032821582,0.08005939,0.032507733,0.75082934,0.0033426208,0.006866574,0.005875653,0.09665622,105.0947,0.045626827,0.005955841,0.75082934,0.0033426208,"TWOGAUSSIANS_WITH_ELLIPSOIDAL_ON_ECLIPSE2",9,38.027172,0.75082934,0.0033426208,0.038452815,0.032903656,0.18790977,105.09468,0.20505421,0.0026033877,0.07527858,0.018380087,0.16386168,0.0340745
375316653866487564,4373822483241044224,0.5946818,2351.4528113415854,0.416834258166829,1.5545502E-5,18.102083,0.006661518,0.27898154,0.023132814,0.039605014,0.010218123,0.4553937,0.19253676,0.82454735,0.116406895,0.023921335,0.11568061,0.007658886,0.0065102633,null,null,null,null,"TWOGAUSSIANS",8,3.1006327,0.27898154,0.023132814,0.2217881,0.057221487,0.4553937,0.19253874,0.82454735,0.116406895,0.13395947,0.45047802,0.007658886,0.006405924
375316653866487564,4373826713783547136,0.6210081,2365.448669130282,3.5247797059186525,3.6409342E-6,19.085077,0.007822407,0.13674442,0.0021678251,0.044207018,0.003719589,0.47143507,0.039280664,0.6320071,0.004254827,0.037763644,0.004478373,0.32938662,0.030402416,0.144605,0.012694791,0.13674442,0.0021678251,"TWOGAUSSIANS_WITH_ELLIPSOIDAL_ON_ECLIPSE1",9,1.7085404,0.13674442,0.0021678251,0.2475593,0.020829698,0.7606448,0.039721053,0.6324371,0.003829742,0.2114764,0.025078889,0.6183632,0.023792647
375316653866487564,4373826984367125632,0.4737267,2361.8609446443616,0.11166801195588245,6.4951E-5,18.41574,0.004585587,0.2545339,0.00773888,0.08719611,0.006212248,0.19583704,0.018853044,0.6511566,0.010258615,0.079953775,0.0057883244,0.26196438,0.02137084,null,null,null,null,"TWOGAUSSIANS",8,5.974579,0.6511566,0.010258615,0.4,0.0,0.2613057,0.021456312,0.2545339,0.00773888,0.4,0.0,0.19517323,0.01897062
375316653866487564,4373827224885305984,0.62087816,2380.5106261254687,0.16554432752036055,5.632082E-6,18.099463,0.0019833462,0.25078183,0.009721944,0.036166526,0.009200712,0.09641391,0.18095782,0.84535366,2.0389455E-4,0.012617125,1.6193639E-4,0.52877223,0.004858447,null,null,null,null,"TWOGAUSSIANS",8,1.4511762,0.84535366,2.0389455E-4,0.0706559,9.0684375E-4,0.52877223,0.004858447,0.25078183,0.009721944,0.20253254,0.051523983,0.09641391,0.18095782
375316653866487564,4373839182074697728,0.55218214,2364.069409354913,1.6284381761675362,1.0856233E-5,16.286777,0.005628163,0.15112497,0.02070003,0.05023506,0.019517532,0.0782952,0.015987657,0.6725763,0.010309639,0.056913957,0.007000767,0.40835425,0.026972605,null,null,null,null,"TWOGAUSSIANS",8,38.631027,0.6725763,0.010309639,0.31871817,0.039204296,0.4083516,0.026965544,0.15112497,0.02070003,0.2813163,0.10929817,0.07829253,0.015989672
