Gaia/vari_eclipsing_binary/VariEclipsingBinary_463489-463500.csv
# %ECSV 1.0
# ---
# delimiter: ','
# meta: !!omap
# - RELEASE: Gaia DR3
# - TABLE: vari_eclipsing_binary
# - DESCRIPTION: >
#     This table describes the properties of the eclipsing binaries resulting from the variability analysis. 
# - CITATION: >
#     How to cite and acknowledge Gaia: 
#     https://gea.esac.esa.int/archive/documentation/credits.html 
# - KNOWN_ISSUES: >
#     Known issues: 
#     https://www.cosmos.esa.int/web/gaia-users/known-issues 
# - DOCUMENTATION: >
#     Tutorials and documentation: 
#     https://www.cosmos.esa.int/web/gaia-users/archive 
# datatype:
# - 
#   name: solution_id
#   datatype: int64
#   description: Solution Identifier
#   meta:
#     ucd: meta.version
# - 
#   name: source_id
#   datatype: int64
#   description: Unique source identifier
#   meta:
#     ucd: meta.id;meta.main
# - 
#   name: global_ranking
#   datatype: float32
#   description: Number between 0 (worst) and 1 (best)
#   meta:
#     ucd: stat.param
# - 
#   name: reference_time
#   datatype: float64
#   unit: d
#   description: Reference time used for the geometric model fit
#   meta:
#     ucd: time.epoch
# - 
#   name: frequency
#   datatype: float64
#   unit: d**-1
#   description: Frequency of geometric model of the eclipsing binary light curve
#   meta:
#     ucd: src.orbital
# - 
#   name: frequency_error
#   datatype: float32
#   unit: d**-1
#   description: "Uncertainty of \\texttt{frequency}"
#   meta:
#     ucd: stat.error
# - 
#   name: geom_model_reference_level
#   datatype: float32
#   unit: mag
#   description: Magnitude reference level of geometric model
#   meta:
#     ucd: phot.mag;em.opt
# - 
#   name: geom_model_reference_level_error
#   datatype: float32
#   unit: mag
#   description: "Uncertainty of \\texttt{geomModelReferenceLevel}"
#   meta:
#     ucd: stat.error;phot.mag;em.opt
# - 
#   name: geom_model_gaussian1_phase
#   datatype: float32
#   description: Phase of the Gaussian 1 component
#   meta:
#     ucd: time.phase
# - 
#   name: geom_model_gaussian1_phase_error
#   datatype: float32
#   description: "Uncertainty of \\texttt{geomModelGaussian1Phase}"
#   meta:
#     ucd: stat.error;time.phase
# - 
#   name: geom_model_gaussian1_sigma
#   datatype: float32
#   description: "Standard deviation [phase] of Gaussian 1 component"
#   meta:
#     ucd: stat.stdev
# - 
#   name: geom_model_gaussian1_sigma_error
#   datatype: float32
#   description: "Uncertainty of \\texttt{geomModelGaussian1Sigma}"
#   meta:
#     ucd: stat.error
# - 
#   name: geom_model_gaussian1_depth
#   datatype: float32
#   unit: mag
#   description: Magnitude depth of Gaussian 1 component
#   meta:
#     ucd: src.var.amplitude
# - 
#   name: geom_model_gaussian1_depth_error
#   datatype: float32
#   unit: mag
#   description: "Uncertainty of \\texttt{geomModelGaussian1Depth}"
#   meta:
#     ucd: stat.error;src.var.amplitude
# - 
#   name: geom_model_gaussian2_phase
#   datatype: float32
#   description: Phase of Gaussian 2 component
#   meta:
#     ucd: time.phase
# - 
#   name: geom_model_gaussian2_phase_error
#   datatype: float32
#   description: "Uncertainty of \\texttt{geomModelGaussian2Phase}"
#   meta:
#     ucd: stat.error;time.phase
# - 
#   name: geom_model_gaussian2_sigma
#   datatype: float32
[...]
#   datatype: float32
#   description: "Secondary eclipse: uncertainty of \\texttt{derivedSecondaryEclDuration}"
#   meta:
#     ucd: stat.error;time.duration
# - 
#   name: derived_secondary_ecl_depth
#   datatype: float32
#   unit: mag
#   description: "Secondary eclipse: depth"
#   meta:
#     ucd: src.var.amplitude
# - 
#   name: derived_secondary_ecl_depth_error
#   datatype: float32
#   unit: mag
#   description: "Secondary eclipse: uncertainty of \\texttt{derivedSecondaryEclDepth}"
#   meta:
#     ucd: stat.error;src.var.amplitude
solution_id,source_id,global_ranking,reference_time,frequency,frequency_error,geom_model_reference_level,geom_model_reference_level_error,geom_model_gaussian1_phase,geom_model_gaussian1_phase_error,geom_model_gaussian1_sigma,geom_model_gaussian1_sigma_error,geom_model_gaussian1_depth,geom_model_gaussian1_depth_error,geom_model_gaussian2_phase,geom_model_gaussian2_phase_error,geom_model_gaussian2_sigma,geom_model_gaussian2_sigma_error,geom_model_gaussian2_depth,geom_model_gaussian2_depth_error,geom_model_cosine_half_period_amplitude,geom_model_cosine_half_period_amplitude_error,geom_model_cosine_half_period_phase,geom_model_cosine_half_period_phase_error,model_type,num_model_parameters,reduced_chi2,derived_primary_ecl_phase,derived_primary_ecl_phase_error,derived_primary_ecl_duration,derived_primary_ecl_duration_error,derived_primary_ecl_depth,derived_primary_ecl_depth_error,derived_secondary_ecl_phase,derived_secondary_ecl_phase_error,derived_secondary_ecl_duration,derived_secondary_ecl_duration_error,derived_secondary_ecl_depth,derived_secondary_ecl_depth_error
[from data line 115]
375316653866487564,4076909160712088192,0.51790404,2293.249016162532,0.22887568341014236,3.838073E-5,18.583855,0.0054544625,0.388054,0.00558966,0.1291769,0.01629639,0.44961974,0.074306324,0.75116986,0.012504267,0.082138345,0.00818459,0.22612227,0.026241075,null,null,null,null,"TWOGAUSSIANS",8,3.1084118,0.38808402,0.0055833496,0.4,0.0,0.4424773,0.07779734,0.75116986,0.012504267,0.4,0.0,0.2276192,0.025892356
375316653866487564,4076909233815616640,0.50532144,2245.275754476986,0.7827963567986664,9.468436E-5,19.111172,0.028126528,0.3244496,0.019011483,0.06838629,0.0118590575,0.5700646,0.076629564,0.8497218,0.013032016,0.060674712,0.019931931,0.38908982,0.06729728,null,null,null,null,"TWOGAUSSIANS",8,4.6466875,0.3244496,0.019011483,0.38296318,0.055567507,0.5698241,0.07642597,0.8497218,0.013032016,0.3397784,0.08251026,0.38884932,0.06762548
375316653866487564,4076909405580878720,0.5703694,2313.092639161611,2.309123936101815,2.492918E-5,18.707386,0.017066404,0.27647552,0.006994025,0.07739599,0.005574423,0.5342355,0.048702355,0.75185204,0.009120928,0.07347407,0.0066932514,0.5601575,0.024568537,null,null,null,null,"TWOGAUSSIANS",8,4.2707396,0.75185204,0.009120928,0.4,0.010101445,0.55756927,0.02358433,0.27647552,0.006994025,0.4,0.0,0.53164726,0.0488296
375316653866487564,4076909676122382976,0.5068817,2223.0735502504567,0.46977606866101895,5.532621E-5,19.370956,0.121723875,0.14111492,0.014993224,0.07249528,0.039636556,0.27920324,0.7050174,0.53952235,0.04604557,0.20204753,0.07630636,0.34545556,0.125429,null,null,null,null,"TWOGAUSSIANS",8,1.5486957,0.53952235,0.04604557,0.4,0.0,0.2881592,0.06015943,0.14982492,0.01332864,0.4,0.1828451,0.27727944,0.7306598
375316653866487564,4076909680458890496,0.50437874,2300.493758211115,0.3917634937188715,1.1219869E-4,18.268497,0.006793012,0.19767974,0.016338743,0.029132055,0.010761267,0.14656983,0.35510057,0.6493361,0.016274955,0.11193283,0.015325514,0.23532175,0.018090656,null,null,null,null,"TWOGAUSSIANS",8,4.1449904,0.6493361,0.016274955,0.4,0.0,0.23513609,0.018314091,0.19768974,0.016354783,0.1631395,0.060263094,0.14645422,0.3551988
375316653866487564,4076909779158907904,0.5284476,2310.9123788397583,1.308533897474683,1.1595178E-4,15.297263,0.038663685,0.35700184,0.014694113,0.09998781,0.031344596,0.049459256,0.025323428,0.8783804,0.045776583,0.13194305,0.19476356,0.015160393,0.038112484,null,null,null,null,"TWOGAUSSIANS",8,3.4136603,0.35692185,0.014536441,0.4,0.0,0.04572698,0.0036623303,0.8784104,0.045588367,0.4,0.026943346,0.011401466,0.0023699384
375316653866487564,4076909920977077632,0.45907012,2279.309743229592,1.9893513377340957,4.049437E-5,18.800474,0.00675109,0.35131437,0.013347249,0.07823458,0.048116688,0.08230082,0.2423948,0.7092829,0.016584165,0.129055,0.02115305,0.22571552,0.03273174,null,null,null,null,"TWOGAUSSIANS",8,2.7075236,0.7092829,0.016584165,0.4,0.0,0.22324912,0.03411455,0.36049438,0.020528918,0.4,0.20027854,0.085122295,0.24927944
375316653866487564,4076910294560027648,0.6012557,2375.4359890065125,1.940858594545977,1.1573156E-5,17.004269,0.0048485063,0.28339294,0.0027587893,0.0752536,0.00409466,0.1420727,0.005541945,0.77508056,0.001557629,0.08020373,0.00430232,0.20064804,0.008005665,null,null,null,null,"TWOGAUSSIANS",8,2.0734892,0.77508056,0.001557629,0.4,0.0,0.19903146,0.008220345,0.28339294,0.0027587893,0.4,0.0,0.14045614,0.005122297
375316653866487564,4076910367576104576,0.46187186,2320.661631753737,3.339297758400108,6.412697E-5,17.618685,0.003889867,0.2828661,0.014186431,0.01641234,0.022448828,0.34800515,0.49811184,0.76782507,0.013196462,0.0313758,0.012401849,0.092608996,0.036981434,null,null,null,null,"TWOGAUSSIANS",8,4.32277,0.2828661,0.014186431,0.0919091,0.12571344,0.34800515,0.49811184,0.76782507,0.013196462,0.17570446,0.069450356,0.092608996,0.036981434
375316653866487564,4076910401935843968,0.608301,2281.0067312403266,2.0068885596203865,4.3689146E-5,18.404888,0.012604953,0.1875767,0.006610553,0.07411333,0.0058011925,0.37222913,0.015963554,0.6760327,0.004089032,0.07243564,0.005798697,0.39806607,0.0220316,null,null,null,null,"TWOGAUSSIANS",8,3.1173334,0.6760327,0.004089032,0.4,0.016209912,0.3963267,0.021604467,0.1875767,0.006610553,0.4,0.0,0.37048975,0.014667536
375316653866487564,4076910436295759488,0.4869484,2288.5861551266153,3.449736103428243,2.7588487E-5,18.504604,0.16812743,0.2706816,0.007239057,0.13452895,0.07713917,0.16999626,0.16102885,0.7877631,0.008341,0.112711295,0.04491588,0.20189062,0.14587186,null,null,null,null,"TWOGAUSSIANS",8,3.023987,0.7880331,0.0077781207,0.4,0.0,0.16133167,0.015914347,0.2706216,0.006727519,0.4,0.0,0.12908718,0.012546136
375316653866487564,4076910505014675328,0.4737794,2254.158584852403,0.14738999285433754,3.6790254E-5,19.243654,0.021032702,0.35838854,0.0019399786,0.026605308,0.002656895,0.24907897,0.023998931,0.8168052,0.011170345,0.12471492,0.031117566,0.13232316,0.023539385,null,null,null,null,"TWOGAUSSIANS",8,2.1663451,0.35839853,0.0019425382,0.14898972,0.014878612,0.24886008,0.023676123,0.8168052,0.011170345,0.4,0.0,0.13193952,0.023229001
375316653866487564,4076910814332772480,0.6279655,2295.8947085718646,0.800792936735482,5.436998E-5,18.086308,0.009271434,0.30294317,0.06710142,0.03535797,0.027065258,0.66124946,0.99848926,0.79941076,0.0024530296,0.026360618,0.004171183,0.18649808,0.061126243,null,null,null,null,"TWOGAUSSIANS",8,4.019913,0.30294317,0.06710142,0.19800463,0.15156545,0.66124946,0.99848926,0.79941076,0.0024530296,0.14761946,0.023358624,0.18649808,0.061126243
375316653866487564,4076910986131515264,0.4552126,2340.7914562194005,0.16576841037207965,7.0506925E-5,18.698524,0.011196858,0.31062955,0.03986621,0.08116457,0.03767165,0.11690386,0.033292223,0.9029982,0.017504022,0.045187782,0.01595683,0.15645687,0.042662673,null,null,null,null,"TWOGAUSSIANS",8,2.286254,0.9029982,0.017505283,0.25305158,0.089358255,0.15645307,0.042621356,0.31062955,0.03986621,0.4,0.004433374,0.11689968,0.033083647
375316653866487564,4076911089210223744,0.486527,2319.904416297728,0.0308606392082211,4.739557E-5,18.878479,0.08629692,0.17657289,0.0344121,0.09212689,0.056691978,0.24634553,0.20531575,0.6042778,0.008291529,0.07286335,0.02606933,0.3962344,0.07821398,null,null,null,null,"TWOGAUSSIANS",8,5.2576404,0.6042778,0.008291529,0.4,0.051574126,0.39477494,0.07807916,0.17657289,0.0344121,0.4,0.12261314,0.24488096,0.19869785
375316653866487564,4076911157850700544,0.5882968,2286.14358478242,1.9387379431156913,1.0879855E-5,18.351665,0.01311851,0.17026114,0.0021390803,0.07899771,0.004553648,0.335574,0.009954522,0.65703607,0.0036972146,0.081384115,0.005764449,0.38719982,0.016304536,null,null,null,null,"TWOGAUSSIANS",8,2.251993,0.65703607,0.0036972146,0.4,0.0,0.3828884,0.01613443,0.17026114,0.0021390803,0.4,0.0,0.3312626,0.008777102
375316653866487564,4076911226569963520,0.55729103,2279.968862414146,2.364483543097988,8.622408E-6,19.033457,0.013843974,0.24760637,0.0023725564,0.08476446,0.005298013,0.49651742,0.036475826,0.7489584,0.0043805744,0.077225715,0.006479781,0.54732513,0.031721763,null,null,null,null,"TWOGAUSSIANS",8,2.2553334,0.7489584,0.0043805744,0.4,0.0,0.538686,0.033752687,0.24760637,0.0023725564,0.4,0.0,0.48787826,0.037888482
375316653866487564,4076911364009410048,0.5570378,2284.1886009303644,0.4909877324963524,3.823029E-5,18.774666,0.023772307,0.28899103,0.055444952,0.10174476,0.031724077,0.5212807,0.050085284,0.7908429,0.012150953,0.06816322,0.008942821,0.4574483,0.04269527,null,null,null,null,"TWOGAUSSIANS",8,5.6566653,0.28899103,0.055444952,0.4,0.0,0.5089239,0.047400203,0.7908429,0.012150953,0.38171408,0.04751228,0.44509745,0.032823194
375316653866487564,4076911364088177792,0.6147004,2310.493415974569,0.9871316338270569,1.8076398E-5,16.873367,0.006885526,0.31497326,0.005514128,0.09882846,0.008414736,0.14207107,0.0070822304,0.8234456,0.004347025,0.07182791,0.0045860857,0.37054297,0.015633278,null,null,null,null,"TWOGAUSSIANS",8,5.1550064,0.8234456,0.004347025,0.4,0.015201802,0.3657031,0.015693238,0.31497326,0.005514128,0.4,0.0,0.13723032,0.0062679555
375316653866487564,4076911978187478656,0.6235518,2321.5815392165277,3.430970015748165,5.3731164E-6,17.370218,0.0053293505,0.19056503,0.0021733327,0.046416577,0.003936468,0.12944585,0.012918307,0.67985547,0.024008056,0.052588224,0.019897105,0.20957431,0.02724626,0.08881527,0.008487167,0.19056503,0.0021733327,"TWOGAUSSIANS_WITH_ELLIPSOIDAL_ON_ECLIPSE1",9,3.4590049,0.68152547,0.022023167,0.29449406,0.10367259,0.38652483,0.031105924,0.19056503,0.0021733327,0.25993285,0.022044223,0.3070744,0.0072852443
375316653866487564,4076912807125716992,0.50930256,2257.3799450721153,4.965704383244355,7.958657E-5,19.503523,0.0105226915,0.1790263,0.032758083,0.0473265,0.019303903,0.36618552,0.79338026,0.69923204,0.023461035,0.0674137,0.01568465,0.43007463,0.032817062,null,null,null,null,"TWOGAUSSIANS",8,1.9036504,0.69923204,0.023461035,0.37751675,0.035927538,0.43004736,0.032842908,0.1790263,0.032758083,0.26502842,0.10810186,0.36615825,0.7934163
375316653866487564,4076912944636336768,0.53237945,2275.064992265985,2.0081548688936284,2.1025031E-5,18.135138,0.004125476,null,null,null,null,null,null,null,null,null,null,null,null,0.0992498,0.004743783,0.29897246,0.004428887,"ELLIPSOIDAL",4,4.546908,null,null,null,null,null,null,null,null,null,null,null,null
375316653866487564,4076913047744340992,0.47731492,2289.5732008939544,0.49112196837374567,7.8184865E-5,19.257524,0.016995445,0.1741168,0.036736783,0.07327797,0.04726633,0.09868909,0.026194414,0.69230115,0.017601041,0.06869344,0.036562357,0.16725753,0.07284519,null,null,null,null,"TWOGAUSSIANS",8,1.9299704,0.69230115,0.017601041,0.38468325,0.17745528,0.16693276,0.07346854,0.1741168,0.036736783,0.4,0.08164636,0.098364316,0.028024511
375316653866487564,4076913425601587328,0.5039066,2337.3657217897708,0.6449239951422225,1.4845375E-5,19.014303,0.009910216,0.53411585,0.017886728,0.13119334,0.01438375,0.36262393,0.084681466,0.35127774,0.0017763475,0.016653042,0.0016066537,0.33529532,0.07739287,null,null,null,null,"TWOGAUSSIANS",8,4.777438,0.35249773,0.0014731433,0.09325703,0.008997261,0.47298175,0.045446817,0.53411585,0.017886728,0.4,0.0,0.3621153,0.08498565
375316653866487564,4076913563041042176,0.45564166,2313.278700783935,4.820448580061579,6.545758E-5,18.174599,0.003179363,0.33783326,0.015050372,0.07183658,0.011021617,0.06710468,0.004028107,0.6514849,0.030526627,0.09100799,0.038195327,0.046276763,0.012257606,null,null,null,null,"TWOGAUSSIANS",8,1.4050674,0.33819324,0.01382136,0.4,0.031074364,0.06721245,0.004445463,0.6514849,0.030526627,0.4,0.0,0.046266634,0.0123105375
375316653866487564,4076913940992225152,0.53142065,2232.1875654079026,2.5130944322004747,2.1029447E-5,18.290184,0.009521969,0.3651723,0.007090991,0.09477964,0.013080699,0.18814364,0.014980004,0.86331785,0.00562997,0.08204877,0.005968132,0.22554044,0.013569028,null,null,null,null,"TWOGAUSSIANS",8,3.1995478,0.86331785,0.00562997,0.4,0.0,0.21827874,0.0118007725,0.3651723,0.007090991,0.4,0.0,0.18088159,0.016817965
375316653866487564,4076914147156843520,0.52645206,2294.8418530843956,2.0213469359348006,1.72147E-5,18.28431,0.021286635,0.26063406,0.0068372567,0.091885276,0.010469785,0.4325198,0.038441766,0.7370552,0.007958486,0.07414931,0.01129129,0.485855,0.06794883,null,null,null,null,"TWOGAUSSIANS",8,13.8567915,0.7370552,0.007958486,0.4,2.9394607E-4,0.47958753,0.071175344,0.26063406,0.0068372567,0.4,0.0,0.42625162,0.039593983
375316653866487564,4076914181510615552,0.45795757,2229.5030516166394,0.1335185907714654,6.9308066E-5,18.616999,0.03660717,0.0951173,0.004946804,0.071835786,0.009788065,0.18468294,0.037048966,0.6353551,0.017352484,0.10450712,0.048539143,0.2254229,0.022735102,null,null,null,null,"TWOGAUSSIANS",8,7.6665664,0.6353551,0.017352484,0.4,0.0,0.22168098,0.032713115,0.0950973,0.0045519127,0.4,0.021013554,0.18095551,0.021364087
375316653866487564,4076914318949576960,0.5074381,2230.802566922255,0.38925090555625763,3.619773E-5,18.35706,0.008986865,0.3129595,0.03457184,0.07655845,0.02141382,0.16448425,0.02027362,0.7646043,0.01095635,0.05561386,0.013056826,0.14889668,0.017640956,null,null,null,null,"TWOGAUSSIANS",8,5.2857604,0.3129595,0.03457184,0.4,0.02037309,0.16442728,0.02026933,0.7646043,0.01095635,0.3114376,0.073118225,0.1488397,0.017671708
375316653866487564,4076914318949581056,0.5552811,2272.2586087053564,2.5491193429475167,1.3127033E-5,19.021149,0.013735939,0.28955704,0.080654256,0.07275763,0.045446645,0.6677944,0.28005397,0.7645321,0.005997002,0.06981125,0.0068440717,0.53643066,0.031742055,null,null,null,null,"TWOGAUSSIANS",8,3.3676229,0.28955704,0.080654256,0.4,0.23791434,0.66643286,0.2783618,0.7645321,0.005997002,0.390943,0.017156504,0.5350691,0.03205365
375316653866487564,4076914349009140608,0.5053352,2316.230994479992,0.5871097403409558,3.4762557E-5,18.522226,0.009612276,0.2209242,0.027934331,0.06942912,0.036153127,0.112874,0.03502973,0.71342605,0.0075833783,0.07397744,0.010117356,0.15285876,0.025478747,null,null,null,null,"TWOGAUSSIANS",8,1.0448717,0.71342605,0.0075833783,0.4,0.009286157,0.15235572,0.02566339,0.2209242,0.027934331,0.3888031,0.037839577,0.11237096,0.03741439
375316653866487564,4076914353385454336,0.49024615,2321.2720257122287,2.429343385394852,6.726932E-5,18.029757,1.628607,0.32717127,0.032998126,0.2477294,0.21630795,1.3142886,1.5889933,0.84073436,0.0107469475,0.11200356,0.035845645,1.1163188,0.68537796,null,null,null,null,"TWOGAUSSIANS",8,10.833045,0.84397435,0.007054511,0.4,0.0,0.6251641,0.07862064,0.32706127,0.033068072,0.4,0.0,0.4791835,0.07561735
375316653866487564,4076914490745884032,0.5612219,2290.239110098104,2.334446037452473,2.9615408E-5,18.732626,0.016909119,0.3066193,0.0037671549,0.088869184,0.006117441,0.5077827,0.015438065,0.8048347,0.006554484,0.08889748,0.010247802,0.44193068,0.047556426,null,null,null,null,"TWOGAUSSIANS",8,3.6052694,0.3066193,0.0037671549,0.4,0.0,0.49015373,0.012811684,0.8048347,0.006554484,0.4,0.0,0.42430168,0.05397321
375316653866487564,4076914525105672448,0.50425094,2246.0041383037733,1.5481197748307967,1.7823517E-5,19.24897,0.008460206,0.4316895,0.005696465,0.14609438,0.010802457,0.35588196,0.028535554,0.85524017,0.0014249476,0.01108156,5.4497545E-4,0.24633516,0.042834416,null,null,null,null,"TWOGAUSSIANS",8,0.48677453,0.4316895,0.005696465,0.4,0.0,0.35384554,0.029672865,0.85524017,0.0014249476,0.06205673,0.0030518626,0.24976987,0.04392313
375316653866487564,4076914559465633280,0.480166,2268.175267709302,0.3600198429869223,1.6692034E-5,19.190655,0.06062113,0.19087932,0.005725485,0.04912744,0.012298484,0.1779688,0.029158762,0.7339088,0.0060552806,0.1966146,0.02683809,0.35217264,0.05802656,null,null,null,null,"TWOGAUSSIANS",8,0.79344654,0.7339088,0.0060552806,0.4,0.0,0.30405852,0.020947548,0.18842931,0.006333782,0.27511367,0.06887151,0.1614756,0.021847403
375316653866487564,4076914903062850432,0.5092091,2288.5073425686473,2.7218317620273536,4.5454E-5,18.223276,0.07662684,0.27798983,0.031658582,0.044874873,0.020105135,0.2254982,0.15732545,0.75898427,0.0076783467,0.039512813,0.02084766,0.6451085,0.50843143,0.11741127,0.09516737,0.75898427,0.0076783467,"TWOGAUSSIANS_WITH_ELLIPSOIDAL_ON_ECLIPSE2",9,34.882103,0.75898427,0.0076783467,0.22127174,0.116746895,0.8799311,0.593808,0.27529982,0.025982473,0.2512993,0.11258875,0.45745683,0.0794929
375316653866487564,4076915212379833088,0.53380007,2392.6167828959756,0.9404545769850717,4.207441E-5,19.445045,0.08507068,0.19992417,0.0055442126,0.061554,0.0055514583,0.80419624,0.07031124,0.5732448,0.026953466,0.17333773,0.06596847,0.2817947,0.07664942,null,null,null,null,"TWOGAUSSIANS",8,1.42221,0.20153418,0.004627321,0.3447024,0.031088168,0.81376386,0.07026163,0.5732448,0.026953466,0.4,0.0,0.2629695,0.058013406
