Gaia/vari_eclipsing_binary/VariEclipsingBinary_355018-355271.csv
# %ECSV 1.0
# ---
# delimiter: ','
# meta: !!omap
# - RELEASE: Gaia DR3
# - TABLE: vari_eclipsing_binary
# - DESCRIPTION: >
#     This table describes the properties of the eclipsing binaries resulting from the variability analysis. 
# - CITATION: >
#     How to cite and acknowledge Gaia: 
#     https://gea.esac.esa.int/archive/documentation/credits.html 
# - KNOWN_ISSUES: >
#     Known issues: 
#     https://www.cosmos.esa.int/web/gaia-users/known-issues 
# - DOCUMENTATION: >
#     Tutorials and documentation: 
#     https://www.cosmos.esa.int/web/gaia-users/archive 
# datatype:
# - 
#   name: solution_id
#   datatype: int64
#   description: Solution Identifier
#   meta:
#     ucd: meta.version
# - 
#   name: source_id
#   datatype: int64
#   description: Unique source identifier
#   meta:
#     ucd: meta.id;meta.main
# - 
#   name: global_ranking
#   datatype: float32
#   description: Number between 0 (worst) and 1 (best)
#   meta:
#     ucd: stat.param
# - 
#   name: reference_time
#   datatype: float64
#   unit: d
#   description: Reference time used for the geometric model fit
#   meta:
#     ucd: time.epoch
# - 
#   name: frequency
#   datatype: float64
#   unit: d**-1
#   description: Frequency of geometric model of the eclipsing binary light curve
#   meta:
#     ucd: src.orbital
# - 
#   name: frequency_error
#   datatype: float32
#   unit: d**-1
#   description: "Uncertainty of \\texttt{frequency}"
#   meta:
#     ucd: stat.error
# - 
#   name: geom_model_reference_level
#   datatype: float32
#   unit: mag
#   description: Magnitude reference level of geometric model
#   meta:
#     ucd: phot.mag;em.opt
# - 
#   name: geom_model_reference_level_error
#   datatype: float32
#   unit: mag
#   description: "Uncertainty of \\texttt{geomModelReferenceLevel}"
#   meta:
#     ucd: stat.error;phot.mag;em.opt
# - 
#   name: geom_model_gaussian1_phase
#   datatype: float32
#   description: Phase of the Gaussian 1 component
#   meta:
#     ucd: time.phase
# - 
#   name: geom_model_gaussian1_phase_error
#   datatype: float32
#   description: "Uncertainty of \\texttt{geomModelGaussian1Phase}"
#   meta:
#     ucd: stat.error;time.phase
# - 
#   name: geom_model_gaussian1_sigma
#   datatype: float32
#   description: "Standard deviation [phase] of Gaussian 1 component"
#   meta:
#     ucd: stat.stdev
# - 
#   name: geom_model_gaussian1_sigma_error
#   datatype: float32
#   description: "Uncertainty of \\texttt{geomModelGaussian1Sigma}"
#   meta:
#     ucd: stat.error
# - 
#   name: geom_model_gaussian1_depth
#   datatype: float32
#   unit: mag
#   description: Magnitude depth of Gaussian 1 component
#   meta:
#     ucd: src.var.amplitude
# - 
#   name: geom_model_gaussian1_depth_error
#   datatype: float32
#   unit: mag
#   description: "Uncertainty of \\texttt{geomModelGaussian1Depth}"
#   meta:
#     ucd: stat.error;src.var.amplitude
# - 
#   name: geom_model_gaussian2_phase
#   datatype: float32
#   description: Phase of Gaussian 2 component
#   meta:
#     ucd: time.phase
# - 
#   name: geom_model_gaussian2_phase_error
#   datatype: float32
#   description: "Uncertainty of \\texttt{geomModelGaussian2Phase}"
#   meta:
#     ucd: stat.error;time.phase
# - 
#   name: geom_model_gaussian2_sigma
#   datatype: float32
[...]
#   datatype: float32
#   description: "Secondary eclipse: uncertainty of \\texttt{derivedSecondaryEclDuration}"
#   meta:
#     ucd: stat.error;time.duration
# - 
#   name: derived_secondary_ecl_depth
#   datatype: float32
#   unit: mag
#   description: "Secondary eclipse: depth"
#   meta:
#     ucd: src.var.amplitude
# - 
#   name: derived_secondary_ecl_depth_error
#   datatype: float32
#   unit: mag
#   description: "Secondary eclipse: uncertainty of \\texttt{derivedSecondaryEclDepth}"
#   meta:
#     ucd: stat.error;src.var.amplitude
solution_id,source_id,global_ranking,reference_time,frequency,frequency_error,geom_model_reference_level,geom_model_reference_level_error,geom_model_gaussian1_phase,geom_model_gaussian1_phase_error,geom_model_gaussian1_sigma,geom_model_gaussian1_sigma_error,geom_model_gaussian1_depth,geom_model_gaussian1_depth_error,geom_model_gaussian2_phase,geom_model_gaussian2_phase_error,geom_model_gaussian2_sigma,geom_model_gaussian2_sigma_error,geom_model_gaussian2_depth,geom_model_gaussian2_depth_error,geom_model_cosine_half_period_amplitude,geom_model_cosine_half_period_amplitude_error,geom_model_cosine_half_period_phase,geom_model_cosine_half_period_phase_error,model_type,num_model_parameters,reduced_chi2,derived_primary_ecl_phase,derived_primary_ecl_phase_error,derived_primary_ecl_duration,derived_primary_ecl_duration_error,derived_primary_ecl_depth,derived_primary_ecl_depth_error,derived_secondary_ecl_phase,derived_secondary_ecl_phase_error,derived_secondary_ecl_duration,derived_secondary_ecl_duration_error,derived_secondary_ecl_depth,derived_secondary_ecl_depth_error
[from data line 298]
375316653866487564,3123610108133086720,0.5768251,2189.524368501707,0.07928615259304651,1.0404772E-6,17.136892,0.0011594704,0.32330805,0.031834185,0.04275358,0.02012208,0.01451687,0.004125561,0.8990604,1.3141291E-6,0.0012602389,1.1868396E-5,0.31666866,0.002009547,null,null,null,null,"TWOGAUSSIANS",8,1.167447,0.8990604,1.3141291E-6,0.007057338,6.646301E-5,0.31666866,0.002009547,0.32330805,0.031834185,0.23942006,0.11268364,0.01451687,0.004125561
375316653866487564,3123610520449966720,0.4865253,2198.830391900118,2.9246327699853247,4.1291747E-5,19.079693,0.02382101,0.30184895,0.0053337645,0.073900394,0.011120546,0.333463,0.06445729,0.83268857,0.034495242,0.07124514,0.028941145,0.28315297,0.47557932,null,null,null,null,"TWOGAUSSIANS",8,6.550548,0.30184895,0.0053337645,0.4,0.029792367,0.33269644,0.06481244,0.83268857,0.034495242,0.3989728,0.1401571,0.28238636,0.47639474
375316653866487564,3123610662185512320,0.58225536,2223.5907587754014,2.8472971912561658,9.764632E-6,18.508389,0.010414472,0.21765535,0.002063398,0.068385124,0.0023838237,0.5639861,0.0168749,0.7201419,0.011111119,0.065400325,0.012290867,0.48349407,0.054415565,null,null,null,null,"TWOGAUSSIANS",8,2.686598,0.21765535,0.002063398,0.38295668,0.013349413,0.5630821,0.016556596,0.7201419,0.011111119,0.3662418,0.05357874,0.48259005,0.054843917
375316653866487564,3123612689410118912,0.5913217,2180.320513486472,2.930407144998852,9.340444E-6,17.92755,0.011409061,0.24175443,0.0027391596,0.06720941,0.0039470014,0.640995,0.05558649,0.7461435,0.0029017143,0.06974426,0.0040603215,0.5147294,0.03546965,null,null,null,null,"TWOGAUSSIANS",8,10.335432,0.24175443,0.0027391596,0.37637267,0.022103209,0.6396957,0.056037743,0.7461435,0.0029017143,0.39056784,0.018241648,0.51343,0.03563724
375316653866487564,3123616194103561984,0.63027066,2232.037644018261,2.5766155338128813,7.4571713E-6,16.811632,0.009993657,0.2017953,0.00298292,0.09358906,0.0050060037,0.29842067,0.009999548,0.704329,0.0014427924,0.10197484,0.0040411986,0.26822245,0.00889334,null,null,null,null,"TWOGAUSSIANS",8,1.8428788,0.2017953,0.00298292,0.4,0.0,0.27767086,0.0067060296,0.704329,0.0014427924,0.4,0.0,0.24746977,0.004511161
375316653866487564,3123621034532289792,0.4677709,2248.6084231971226,3.586273757465133,2.1920376E-5,18.79592,0.026760882,0.25932115,0.00437653,0.09260703,0.014035812,0.20558418,0.026323825,0.7469844,0.0111941295,0.08920808,0.01931236,0.24032152,0.038089745,null,null,null,null,"TWOGAUSSIANS",8,2.5341206,0.7469844,0.0111941295,0.4,0.0,0.23195323,0.041147016,0.25932115,0.00437653,0.4,0.0,0.19721574,0.022431102
375316653866487564,3123623959404373504,0.6000448,2198.4654497437728,0.5937689892830297,1.2717882E-5,15.613541,0.005961527,0.25537375,0.0034202395,0.027360218,0.003644375,0.10652168,0.015536468,0.7608404,0.015892722,0.040290084,0.018397456,0.12314901,0.023485294,0.016640183,0.008171473,0.25537375,0.0034202395,"TWOGAUSSIANS_WITH_ELLIPSOIDAL_ON_ECLIPSE1",9,7.0057597,0.7608404,0.015792018,0.22562447,0.10302576,0.1563901,0.035455104,0.25537375,0.0034202395,0.15321723,0.0204085,0.13980202,0.0069458536
375316653866487564,3123624058185790208,0.57484436,2257.6437010408954,0.7779107354199332,1.0815109E-5,13.549019,6.369862E-4,0.75080276,0.0021118058,0.04994749,0.019049885,0.0023205855,0.0026260985,null,null,null,null,null,null,0.019781591,9.238078E-4,0.75080276,0.0021118058,"ONEGAUSSIAN_WITH_ELLIPSOIDAL",6,4.1591644,0.75080276,0.0021118058,0.27970594,0.10667935,0.0418837,0.0019552927,null,null,null,null,null,null
375316653866487564,3123627257939138048,0.5255227,2220.9374442400854,2.8735358421836463,2.9009052E-5,16.956081,0.016874634,0.28037712,0.005778131,0.05028789,0.01821592,0.10312153,0.048811268,0.7433378,0.068836346,0.06945064,0.07331257,0.1010419,262.552,0.08139213,0.026068589,0.28037712,0.005778131,"TWOGAUSSIANS_WITH_ELLIPSOIDAL_ON_ECLIPSE1",9,27.565195,0.28037712,0.005778131,0.2816122,0.102009155,0.26588443,0.033221383,0.7574778,0.083858214,0.3889236,0.4005819,0.25838545,262.54324
375316653866487564,3123630139861009536,0.5769473,2258.981047214007,3.011902320412126,1.6902512E-5,18.50479,0.017131688,0.2939446,0.0037534507,0.09232889,0.009281624,0.32137325,0.024666203,0.7855937,0.0055716247,0.08439119,0.008548883,0.37722772,0.01953685,null,null,null,null,"TWOGAUSSIANS",8,2.0284462,0.7855937,0.0055716247,0.4,0.0,0.36617327,0.015431688,0.2939446,0.0037534507,0.4,0.0,0.3103185,0.026978087
375316653866487564,3123631617330025472,0.5505893,2250.0005650940684,0.13315090902131427,4.8794056E-5,17.235949,0.004346914,0.385025,0.034411777,0.06647061,0.04855928,0.0072655086,0.0076831626,0.6621105,0.12668525,0.04782044,0.045698956,0.21125494,1.7916443,null,null,null,null,"TWOGAUSSIANS",8,3.6355102,0.6621105,0.12668525,0.26779446,0.25591415,0.21125616,1.7916073,0.385025,0.03441479,0.3722354,0.19087291,0.0072655194,0.0076837884
375316653866487564,3123634159950268800,0.5216882,2223.7162414555432,2.995548039257801,2.9968827E-5,16.229155,0.030513396,0.34406614,0.010101564,0.10023442,0.020225435,0.29863995,0.0290541,0.863895,0.004866189,0.08493586,0.012507428,0.25520277,0.030317597,null,null,null,null,"TWOGAUSSIANS",8,69.52399,0.34406614,0.010101564,0.4,0.0,0.28787348,0.02353519,0.863895,0.0048672617,0.4,0.0,0.24443978,0.01952789
375316653866487564,3123638699731952000,0.61875194,2233.7953806119267,1.0315267734363387,5.4889474E-6,13.824443,8.7728247E-4,0.48233548,0.0012237462,0.050616864,0.0012118415,0.16978678,0.006165262,null,null,null,null,null,null,null,null,null,null,"ONEGAUSSIAN",5,12.22157,0.48233548,0.0012237462,0.28345445,0.006786312,0.16978678,0.0,null,null,null,null,null,null
375316653866487564,3123639661804609664,0.47952354,2212.1000051460455,1.7000262560107975,1.2593526E-4,13.731174,0.029926864,0.16617207,0.039652478,0.05657094,0.054986365,0.054882687,0.026316842,0.67598104,0.019017858,0.06295872,0.043140896,0.18292825,0.038306676,null,null,null,null,"TWOGAUSSIANS",8,789.9382,0.67598104,0.019017858,0.3525688,0.08060149,0.18290527,0.03499765,0.16617207,0.03974896,0.31679726,0.10405424,0.054859713,0.019597922
375316653866487564,3123639971042251776,0.62038285,2244.745488685574,0.7485806068074575,1.745938E-5,13.497581,5.5474706E-4,0.3076031,0.014920621,0.01930402,0.018594803,0.00559729,1.48013104E8,0.5562816,0.0022598377,0.034688633,0.0016652367,0.18596403,0.008030194,0.0029588838,9.202068E-4,0.3076031,0.014920621,"TWOGAUSSIANS_WITH_ELLIPSOIDAL_ON_ECLIPSE1",9,12.29584,0.5562816,0.0022598377,0.19425635,0.0093253255,0.1859644,0.008029764,0.3076031,0.014920621,0.108102515,0.1041309,0.011515009,1.48013104E8
375316653866487564,3123644536592686080,0.5456116,2244.370198745862,2.2065362915341695,9.22922E-6,17.90117,0.0063080178,0.21670641,0.002449557,0.0959366,0.0068903025,0.116789825,0.0054455753,0.7201762,0.012889771,0.104815975,0.017538328,0.07032682,0.0066644796,null,null,null,null,"TWOGAUSSIANS",8,0.9098528,0.21670641,0.0024491455,0.4,0.0,0.10914241,0.005782156,0.7201762,0.012889771,0.4,0.0,0.06267808,0.0056551225
375316653866487564,3123645640399392256,0.5681006,2188.244511884619,3.690987157160402,9.730484E-6,18.6209,0.020600049,0.17880157,0.003058848,0.07730827,0.0075006536,0.32936642,0.014885052,0.6825071,0.012299597,0.074339464,0.015116734,0.32176465,0.08639975,null,null,null,null,"TWOGAUSSIANS",8,2.206681,0.17880157,0.003058848,0.4,0.0,0.32674864,0.01280392,0.6825071,0.012299597,0.4,0.041251503,0.31914684,0.0876828
375316653866487564,3123652959023381760,0.62090254,2265.6853131434777,1.8166712943178291,1.0107309E-5,16.387966,0.0065907026,0.2306046,0.0017010797,0.07338574,0.005557853,0.10260009,0.008294532,0.761013,0.004781111,0.07911824,0.006018397,0.21240732,0.008410964,null,null,null,null,"TWOGAUSSIANS",8,5.5534105,0.761013,0.004781111,0.4,0.0,0.21170409,0.008030572,0.2306046,0.0017010797,0.4,0.0057416917,0.10189686,0.008047045
375316653866487564,3123653955455724672,0.52400535,2250.10540097137,2.260754082716085,1.6310536E-4,17.485126,0.025456464,0.12742844,0.043985423,0.065986,0.050038297,0.025543064,0.023800563,0.64726424,0.05787959,0.13814332,0.0627531,0.14837527,0.119713046,null,null,null,null,"TWOGAUSSIANS",8,2.9068463,0.64726424,0.05787959,0.4,0.0,0.14234914,0.12433617,0.12644844,0.044579033,0.36952162,0.21575317,0.019997612,0.010618533
375316653866487564,3123656498076446720,0.5179113,2268.6591132644535,2.2679198991412166,7.504233E-5,18.484827,0.005543524,0.2271649,0.0149441995,0.09745572,0.01452257,0.035344422,0.00876151,0.73836493,0.012793637,0.019239023,0.01956273,0.24019155,0.19390236,null,null,null,null,"TWOGAUSSIANS",8,1.6949854,0.73836493,0.012793637,0.10773853,0.10955129,0.24018675,0.19400372,0.2271649,0.0149441995,0.4,0.0,0.035339467,0.008743293
375316653866487564,3123662407952512256,0.46487242,2186.9728364865914,3.378288891011682,3.922766E-5,19.604338,0.04430428,0.20216967,0.013195483,0.06630401,0.014531618,0.61195356,0.1567152,0.70540947,0.0033823976,0.080190346,0.011469805,0.4121751,0.04851929,null,null,null,null,"TWOGAUSSIANS",8,3.824884,0.20216967,0.013195483,0.3713025,0.062013704,0.60927635,0.1572708,0.70540947,0.0033823976,0.4,0.0,0.40949792,0.045856494
375316653866487564,3123664778773284864,0.6585873,2261.589234286819,1.075461557942978,4.644772E-6,14.116511,0.004841626,0.29384914,0.0033825815,0.038443994,0.0017871023,0.7882987,0.057842888,0.7917409,0.0056074695,0.037204985,0.004228765,0.17220783,0.013504711,0.030020347,0.009545996,0.29384914,0.0033825815,"TWOGAUSSIANS_WITH_ELLIPSOIDAL_ON_ECLIPSE1",9,116.77878,0.29384914,0.0033825815,0.21528636,0.010007773,0.8483393,0.058789104,0.7918209,0.0054656416,0.20834792,0.023681086,0.2322383,0.0083641065
375316653866487564,3123665255515226112,0.5190419,2235.1488809503603,0.2849116071052192,1.9001109E-5,19.217789,0.114243686,0.33234984,0.039742794,0.14875835,0.083370015,0.29379413,0.112067655,0.8572241,0.005469285,0.0940979,0.025058383,0.26418287,0.097670935,null,null,null,null,"TWOGAUSSIANS",8,0.7730362,0.33234984,0.039740536,0.4,0.0,0.24080788,0.11636163,0.8580841,0.004026866,0.4,0.0,0.21357808,0.019209394
375316653866487564,3123671371546697728,0.5201685,2211.067669901488,2.6410145925606545,3.8529422E-5,17.661327,0.0067161955,0.1754368,9.912808E-4,0.030972846,0.004723115,0.062537,0.013234771,0.74340665,0.008194157,0.056339998,0.020876542,0.12290897,0.1929644,0.045584872,0.008241181,0.74340665,0.008194157,"TWOGAUSSIANS_WITH_ELLIPSOIDAL_ON_ECLIPSE2",9,9.4745,0.74340665,0.008194157,0.31550398,0.11690863,0.21407212,0.18498765,0.1817168,6.304853E-4,0.17344794,0.026449442,0.13940279,0.0055343253
375316653866487564,3123672166118533888,0.60528696,2213.208042948822,2.130418099129779,1.568108E-5,17.09702,0.012340393,0.36349612,0.0027466484,0.10004898,0.010955649,0.11979661,0.01073238,0.86267805,0.0021281205,0.08041582,0.0048438697,0.23183464,0.011303584,null,null,null,null,"TWOGAUSSIANS",8,1.7154757,0.86267805,0.0021281205,0.4,0.0,0.22513314,0.007761877,0.36349612,0.0027466484,0.4,0.0,0.1130942,0.007651518
375316653866487564,3123678518372307968,0.5492167,2143.460945087059,2.7699737500861668,2.11556E-5,19.154312,0.022523722,0.33687717,0.003985071,0.08392146,0.007948647,0.29751962,0.03489108,0.8358965,0.019095706,0.08337111,0.021362435,0.26515573,0.029999547,null,null,null,null,"TWOGAUSSIANS",8,0.99352694,0.33687717,0.003984557,0.4,0.0,0.29117793,0.031987593,0.8358965,0.019095706,0.4,0.0,0.25881407,0.025815602
375316653866487564,3123691751169231360,0.47329956,2263.114127208426,0.5006880575017241,5.529418E-5,18.305716,0.018946819,0.18423349,0.012804034,0.053034935,0.008683077,0.102145225,0.017441005,0.60204893,0.051901005,0.1473618,0.045044508,0.14966993,0.024812976,null,null,null,null,"TWOGAUSSIANS",8,5.310937,0.60204893,0.051901005,0.4,0.0,0.1460822,0.01850806,0.1856535,0.012179741,0.29699564,0.04862523,0.10134244,0.016198847
375316653866487564,3123694534305615616,0.51252484,2259.3958888060233,1.1043308430385237,1.1640703E-4,19.269045,0.026597684,0.2451606,0.14276113,0.13107003,0.11595113,0.12211419,0.48658615,0.64277214,0.06058564,0.10984185,0.05220136,0.2959726,0.13447194,null,null,null,null,"TWOGAUSSIANS",8,1.053164,0.64277214,0.06058564,0.4,0.0,0.28162694,0.12553346,0.24725059,0.14439407,0.4,0.25803587,0.10697671,0.49981287
375316653866487564,3123696076199368576,0.6170745,2243.639671296175,2.6885062831700828,6.488687E-6,18.034239,0.016475674,0.3362197,0.0058474783,0.07941365,0.007152534,0.43810192,0.061186776,0.8393549,0.0012090447,0.07548318,0.0040962687,0.48665306,0.015616619,null,null,null,null,"TWOGAUSSIANS",8,3.0981743,0.8393549,0.0012090447,0.4,0.0,0.48193702,0.015619913,0.3362197,0.0058474783,0.4,0.0,0.43338588,0.06139875
375316653866487564,3123697588026205312,0.50368726,2200.9809886795206,0.2303216868877463,3.9112598E-5,18.861753,0.010358058,0.30271283,0.0045099463,0.07571289,0.008324871,0.25124347,0.034188636,0.7834492,0.034151495,0.08387427,0.036667578,0.13839306,0.019418787,null,null,null,null,"TWOGAUSSIANS",8,1.2951545,0.30271283,0.0045099463,0.4,0.0039799935,0.24941233,0.035317518,0.7834492,0.034151495,0.4,0.12776813,0.1365619,0.020312404
375316653866487564,3123699344671326848,0.52090245,2222.212292264536,0.06496808298742833,1.3724101E-5,16.86377,0.0032969147,0.065098695,0.009587861,0.006916368,0.006498767,0.20133212,0.15089187,0.7536127,0.00464479,0.032755304,0.0060013584,0.70175385,0.5251252,null,null,null,null,"TWOGAUSSIANS",8,5.4503818,0.7536127,0.00464479,0.18342969,0.033607606,0.70175385,0.5251252,0.065098695,0.009587861,0.03873166,0.036393095,0.20133212,0.15089187
375316653866487564,3123702059090597120,0.62197626,2279.2743499319945,1.0781461307317461,5.1344687E-6,16.489588,0.00968662,0.2732769,0.004459146,0.10890132,0.010057205,0.18518284,0.009153798,0.765519,9.486132E-4,0.08830659,0.0027620264,0.38453132,0.007284972,null,null,null,null,"TWOGAUSSIANS",8,6.5391483,0.765519,9.486132E-4,0.4,0.0,0.36632052,0.0046191,0.2732769,0.004459146,0.4,0.0,0.16696183,0.007606708
375316653866487564,3123704361191425280,0.4701673,2216.1940355987354,2.409019280177193,6.1926075E-5,19.809158,0.033731394,0.22899546,0.03777227,0.10433473,0.032200042,0.19075003,0.05059585,0.64988863,0.0047899415,0.039232723,0.00685437,0.2791515,0.042451657,null,null,null,null,"TWOGAUSSIANS",8,2.9103022,0.64988863,0.0047899415,0.21970324,0.03838447,0.27909708,0.042238973,0.22899546,0.03777227,0.4,0.0,0.19063978,0.05015242
375316653866487564,3123710236709172096,0.5624224,2170.874501381254,3.6672807581762075,8.2962404E-5,19.582489,0.029571565,0.21214268,0.023347069,0.06577397,0.02141433,0.5040289,0.074794054,0.7200893,0.010806969,0.059050802,0.04099777,0.60074276,0.13233787,null,null,null,null,"TWOGAUSSIANS",8,2.5870018,0.7200893,0.010806969,0.33068448,0.2295875,0.6004655,0.1326138,0.21214268,0.023347069,0.36833426,0.05582953,0.5037517,0.07469385
375316653866487564,3123710545946324480,0.58374834,2244.1071505868244,0.9952804850514293,7.517262E-5,16.992453,0.004831379,0.19559336,0.015711037,0.05132239,0.009756966,0.17409237,0.029574264,0.677387,0.02462918,0.044948358,0.022298016,0.17420349,1.6466267,null,null,null,null,"TWOGAUSSIANS",8,5.3996983,0.677387,0.02462918,0.2517108,0.12486889,0.1742033,1.646627,0.19559336,0.015711037,0.28740537,0.054639008,0.17409219,0.029574543
