Gaia/vari_eclipsing_binary/VariEclipsingBinary_675488-675516.csv
# %ECSV 1.0
# ---
# delimiter: ','
# meta: !!omap
# - RELEASE: Gaia DR3
# - TABLE: vari_eclipsing_binary
# - DESCRIPTION: >
#     This table describes the properties of the eclipsing binaries resulting from the variability analysis. 
# - CITATION: >
#     How to cite and acknowledge Gaia: 
#     https://gea.esac.esa.int/archive/documentation/credits.html 
# - KNOWN_ISSUES: >
#     Known issues: 
#     https://www.cosmos.esa.int/web/gaia-users/known-issues 
# - DOCUMENTATION: >
#     Tutorials and documentation: 
#     https://www.cosmos.esa.int/web/gaia-users/archive 
# datatype:
# - 
#   name: solution_id
#   datatype: int64
#   description: Solution Identifier
#   meta:
#     ucd: meta.version
# - 
#   name: source_id
#   datatype: int64
#   description: Unique source identifier
#   meta:
#     ucd: meta.id;meta.main
# - 
#   name: global_ranking
#   datatype: float32
#   description: Number between 0 (worst) and 1 (best)
#   meta:
#     ucd: stat.param
# - 
#   name: reference_time
#   datatype: float64
#   unit: d
#   description: Reference time used for the geometric model fit
#   meta:
#     ucd: time.epoch
# - 
#   name: frequency
#   datatype: float64
#   unit: d**-1
#   description: Frequency of geometric model of the eclipsing binary light curve
#   meta:
#     ucd: src.orbital
# - 
#   name: frequency_error
#   datatype: float32
#   unit: d**-1
#   description: "Uncertainty of \\texttt{frequency}"
#   meta:
#     ucd: stat.error
# - 
#   name: geom_model_reference_level
#   datatype: float32
#   unit: mag
#   description: Magnitude reference level of geometric model
#   meta:
#     ucd: phot.mag;em.opt
# - 
#   name: geom_model_reference_level_error
#   datatype: float32
#   unit: mag
#   description: "Uncertainty of \\texttt{geomModelReferenceLevel}"
#   meta:
#     ucd: stat.error;phot.mag;em.opt
# - 
#   name: geom_model_gaussian1_phase
#   datatype: float32
#   description: Phase of the Gaussian 1 component
#   meta:
#     ucd: time.phase
# - 
#   name: geom_model_gaussian1_phase_error
#   datatype: float32
#   description: "Uncertainty of \\texttt{geomModelGaussian1Phase}"
#   meta:
#     ucd: stat.error;time.phase
# - 
#   name: geom_model_gaussian1_sigma
#   datatype: float32
#   description: "Standard deviation [phase] of Gaussian 1 component"
#   meta:
#     ucd: stat.stdev
# - 
#   name: geom_model_gaussian1_sigma_error
#   datatype: float32
#   description: "Uncertainty of \\texttt{geomModelGaussian1Sigma}"
#   meta:
#     ucd: stat.error
# - 
#   name: geom_model_gaussian1_depth
#   datatype: float32
#   unit: mag
#   description: Magnitude depth of Gaussian 1 component
#   meta:
#     ucd: src.var.amplitude
# - 
#   name: geom_model_gaussian1_depth_error
#   datatype: float32
#   unit: mag
#   description: "Uncertainty of \\texttt{geomModelGaussian1Depth}"
#   meta:
#     ucd: stat.error;src.var.amplitude
# - 
#   name: geom_model_gaussian2_phase
#   datatype: float32
#   description: Phase of Gaussian 2 component
#   meta:
#     ucd: time.phase
# - 
#   name: geom_model_gaussian2_phase_error
#   datatype: float32
#   description: "Uncertainty of \\texttt{geomModelGaussian2Phase}"
#   meta:
#     ucd: stat.error;time.phase
# - 
#   name: geom_model_gaussian2_sigma
#   datatype: float32
[...]
#   datatype: float32
#   description: "Secondary eclipse: uncertainty of \\texttt{derivedSecondaryEclDuration}"
#   meta:
#     ucd: stat.error;time.duration
# - 
#   name: derived_secondary_ecl_depth
#   datatype: float32
#   unit: mag
#   description: "Secondary eclipse: depth"
#   meta:
#     ucd: src.var.amplitude
# - 
#   name: derived_secondary_ecl_depth_error
#   datatype: float32
#   unit: mag
#   description: "Secondary eclipse: uncertainty of \\texttt{derivedSecondaryEclDepth}"
#   meta:
#     ucd: stat.error;src.var.amplitude
solution_id,source_id,global_ranking,reference_time,frequency,frequency_error,geom_model_reference_level,geom_model_reference_level_error,geom_model_gaussian1_phase,geom_model_gaussian1_phase_error,geom_model_gaussian1_sigma,geom_model_gaussian1_sigma_error,geom_model_gaussian1_depth,geom_model_gaussian1_depth_error,geom_model_gaussian2_phase,geom_model_gaussian2_phase_error,geom_model_gaussian2_sigma,geom_model_gaussian2_sigma_error,geom_model_gaussian2_depth,geom_model_gaussian2_depth_error,geom_model_cosine_half_period_amplitude,geom_model_cosine_half_period_amplitude_error,geom_model_cosine_half_period_phase,geom_model_cosine_half_period_phase_error,model_type,num_model_parameters,reduced_chi2,derived_primary_ecl_phase,derived_primary_ecl_phase_error,derived_primary_ecl_duration,derived_primary_ecl_duration_error,derived_primary_ecl_depth,derived_primary_ecl_depth_error,derived_secondary_ecl_phase,derived_secondary_ecl_phase_error,derived_secondary_ecl_duration,derived_secondary_ecl_duration_error,derived_secondary_ecl_depth,derived_secondary_ecl_depth_error
[from data line 364]
375316653866487564,5941792142565005184,0.65474313,2150.287374537311,1.284029918519212,1.07448595E-5,18.026974,0.022924012,0.21375023,7.2432135E-4,0.03986538,0.006928692,1.2871683,0.36115032,0.7112567,0.026807234,0.036314536,0.016197152,0.17680538,0.097224586,0.03849356,0.026669038,0.21375023,7.2432135E-4,"TWOGAUSSIANS_WITH_ELLIPSOIDAL_ON_ECLIPSE1",9,6.485963,0.21375023,7.2432135E-4,0.22324613,0.038800675,1.3641553,0.38744894,0.71136665,0.026241194,0.20336139,0.09070405,0.2537743,0.0710911
375316653866487564,5941792211273473536,0.53428966,2180.788307178805,1.1735748215898782,8.394878E-6,19.18421,0.008759007,0.25137427,0.003586171,0.05456697,0.0040948014,0.27787077,0.025378494,0.75322944,0.007980214,0.05601774,0.009645473,0.6610129,0.23153554,null,null,null,null,"TWOGAUSSIANS",8,1.9619361,0.75322944,0.007980214,0.31369936,0.054014653,0.660984,0.23161231,0.25137427,0.003586171,0.305575,0.022930887,0.27784187,0.025380995
375316653866487564,5941792378750363520,0.53112257,2152.8983447480277,1.1184833274595691,1.5183162E-5,18.00335,0.011348273,0.22726116,0.009105647,0.08594435,0.0132356575,0.16196543,0.017144116,0.70666295,0.00766963,0.09494265,0.008557584,0.27142346,0.013787169,null,null,null,null,"TWOGAUSSIANS",8,3.383119,0.70666295,0.00766963,0.4,0.0,0.2646985,0.012653709,0.22726116,0.009105395,0.4,0.0,0.1552413,0.016837645
375316653866487564,5941792451802626816,0.6351189,2144.135591549528,2.3045358623509613,6.5305926E-6,18.012068,0.00637054,0.20435798,0.001577351,0.07628692,0.0020393287,0.48129314,0.006924293,0.7070304,0.0027903426,0.07210525,0.0029338368,0.5187106,0.012270925,null,null,null,null,"TWOGAUSSIANS",8,3.3140638,0.7070304,0.0027903426,0.4,0.0038913134,0.51549494,0.01235989,0.20435798,0.001577351,0.4,0.0,0.4780775,0.006537593
375316653866487564,5941793345155895296,0.5134967,2168.0441605609963,0.1538074544772485,5.5172353E-5,17.706327,0.0066753584,0.1318802,0.054267924,0.012673391,0.02246405,0.38390875,5.1143403,0.7042587,0.0067816083,0.06102229,0.011058475,0.4373883,0.19353509,null,null,null,null,"TWOGAUSSIANS",8,10.19937,0.7042587,0.0067816083,0.3417248,0.05929828,0.4373883,0.19353509,0.1318802,0.054267924,0.07097099,0.12579869,0.38390875,5.1143403
375316653866487564,5941793585660435968,0.5408979,2065.4954192541763,2.6173177944321573,2.7887601E-5,19.736063,0.057122175,0.16715588,0.028959865,0.07658682,0.026746385,0.6691821,0.10917069,0.6809441,0.0048177466,0.06977286,0.010303662,0.6909738,0.07648408,null,null,null,null,"TWOGAUSSIANS",8,3.6299303,0.6809441,0.0048177466,0.39072803,0.03625384,0.68811154,0.079411194,0.16715588,0.028959865,0.4,0.002767306,0.6663198,0.10892653
375316653866487564,5941793684439782016,0.5466621,2141.5985550228397,2.969362414547237,1.7006862E-5,18.149025,0.013267431,0.17177303,0.0033908808,0.07335592,0.0054393956,0.4548239,0.037201352,0.66786116,0.0034846154,0.07564377,0.0043921447,0.4107624,0.023541994,null,null,null,null,"TWOGAUSSIANS",8,6.674966,0.17177303,0.0033908808,0.4,0.0061227237,0.45198852,0.037830055,0.66786116,0.0034846154,0.4,0.0,0.407927,0.023412446
375316653866487564,5941793826178078848,0.5468049,2140.7213691697307,0.8081390490033419,3.3801087E-5,18.142796,0.00790945,0.7010204,0.0031345214,0.025872916,0.0014589862,0.7348669,0.056362282,0.87435836,0.009595126,0.023176614,0.016120512,0.07226803,0.0771124,null,null,null,null,"TWOGAUSSIANS",8,11.115319,0.7010204,0.0031345214,0.14488833,0.0081703225,0.7348669,0.056362282,0.87435836,0.009595126,0.12978904,0.09027487,0.07226803,0.0771124
375316653866487564,5941795402407511040,0.56507784,2150.7937576379286,0.7628947793136591,4.9828694E-5,18.699398,0.003925971,0.27492347,0.010499704,0.03313608,0.019885072,0.40283784,851.0793,0.7512442,0.0014129659,0.0140464315,7.969365E-4,0.26541397,0.027301254,null,null,null,null,"TWOGAUSSIANS",8,1.9795296,0.27492347,0.010499704,0.18556206,0.11135641,0.40283784,851.0793,0.7512442,0.0014129659,0.07866002,0.0044628447,0.26541397,0.027301254
375316653866487564,5941796334453312256,0.40806752,2239.9177657557757,0.9124990713004038,4.5029607E-5,15.583607,0.0031037321,0.52177685,0.009813972,0.061279517,0.027728185,0.10588053,0.017713709,0.9007027,0.018396858,0.020082247,0.024238346,0.051631715,16.681494,null,null,null,null,"TWOGAUSSIANS",8,28.958416,0.52177685,0.009813972,0.34316528,0.07021067,0.10588053,0.017713722,0.9007027,0.018396858,0.112460576,0.13573474,0.051631715,16.681494
375316653866487564,5941797189107371904,0.53385144,2233.411789180979,0.07664516262421149,1.2154618E-5,18.092602,0.0028642693,0.29909506,0.0047824527,0.019873997,0.0037455033,0.03419481,0.012402683,0.62200546,0.0044528227,0.0045972224,0.0034178225,0.43723506,32.730747,0.011475419,0.0037474246,0.62200546,0.0044528227,"TWOGAUSSIANS_WITH_ELLIPSOIDAL_ON_ECLIPSE2",9,3.9313734,0.62200546,0.0044528227,0.025744444,0.019139806,0.4601859,32.73105,0.29775506,0.0047272136,0.11129438,0.020974819,0.03876034,0.012633441
375316653866487564,5941797773222452736,0.6750648,2232.204343043088,0.3861337328687381,3.7418768E-6,16.015392,7.3683E-4,0.37369236,3.1651233E-4,0.017081369,2.0690919E-4,0.59539795,0.0057404833,0.87262225,7.5147604E-4,0.016680604,6.5458124E-4,0.58711344,0.0060971393,null,null,null,null,"TWOGAUSSIANS",8,3.8649728,0.37369236,3.1651233E-4,0.095655665,0.0011586915,0.59539795,0.0057404833,0.87262225,7.5147604E-4,0.093411386,0.003665655,0.58711344,0.0060971393
375316653866487564,5941798189879307392,0.5082423,2203.7908678770805,2.4780782400668326,2.6783042E-5,19.796164,0.0189076,0.25956383,0.0019220064,0.0734839,0.0042552114,0.48348418,0.022247829,0.7643609,0.011560123,0.07657676,0.013318268,0.4070401,0.1001705,null,null,null,null,"TWOGAUSSIANS",8,2.165538,0.25956383,0.0019220064,0.4,0.0,0.48039624,0.021136882,0.7643609,0.011560123,0.4,0.014460583,0.40395215,0.1018818
375316653866487564,5941798224238929024,0.62950796,2249.835556168747,1.4386475069976847,7.3214164E-6,16.234667,0.003378057,0.28234923,4.9626076E-4,0.04258229,7.6150754E-4,0.44447222,0.0076881475,0.78751284,0.0036413844,0.03652123,0.0036729365,0.096654385,0.008945565,0.021512533,0.0044183396,0.28234923,4.9626076E-4,"TWOGAUSSIANS_WITH_ELLIPSOIDAL_ON_ECLIPSE1",9,9.510181,0.28234923,4.9626076E-4,0.23846081,0.0042644423,0.4874972,0.0048303916,0.78751284,0.0036413844,0.20451888,0.020568443,0.1396341,0.0057744714
375316653866487564,5941798327318171264,0.65692663,2246.6247065727302,2.0329874025430184,4.9946166E-6,16.285128,0.0038592806,0.23370026,0.0015944848,0.046751298,0.0055497307,0.07371134,0.009981104,0.73479563,7.242095E-4,0.052612495,0.0013070237,0.28216946,0.009745325,0.07972606,0.0056506894,0.23370026,0.0015944848,"TWOGAUSSIANS_WITH_ELLIPSOIDAL_ON_ECLIPSE1",9,4.815916,0.73479563,7.242095E-4,0.29462996,0.007319333,0.44161057,0.0059943176,0.23370026,0.0015944848,0.26180726,0.031078493,0.23315999,0.005584459
375316653866487564,5941799151951951744,0.64636105,2249.876271203734,1.5005000959473977,4.5628476E-6,17.184256,0.0037050033,0.25093728,8.0974365E-4,0.051349845,0.0024833682,0.19522178,0.008238123,0.7517387,0.0042531597,0.044008173,0.0045907944,0.24590866,0.013339709,0.106426716,0.0051170113,0.25093728,8.0974365E-4,"TWOGAUSSIANS_WITH_ELLIPSOIDAL_ON_ECLIPSE1",9,3.80565,0.7517387,0.00395558,0.24644576,0.02570845,0.45875525,0.012462006,0.25093728,8.0974365E-4,0.28755912,0.013906861,0.40807375,0.0039864765
375316653866487564,5941799358110377088,0.5853371,2250.3397995594446,0.4761497451566145,5.2721302E-6,16.621128,8.2280516E-4,0.66594034,0.004304639,0.016173514,0.013785032,0.022317534,0.1315983,0.5650399,7.9977553E-4,0.015297478,5.0979835E-4,0.19450574,0.0062348237,null,null,null,null,"TWOGAUSSIANS",8,2.5399313,0.5650399,7.9977553E-4,0.08566588,0.0028548709,0.19450574,0.0062348326,0.66594034,0.004304639,0.09057168,0.07719617,0.022317534,0.1315983
375316653866487564,5941799736020930304,0.55324614,2157.236280401654,3.7397107542470445,2.2573193E-5,19.43102,0.01888619,0.19052988,0.0033468308,0.026403058,0.0062806793,0.35879043,0.09345003,0.67962503,0.0060628047,0.038541555,0.017747438,0.24619308,0.12099999,0.16091856,0.027623879,0.19052988,0.0033468308,"TWOGAUSSIANS_WITH_ELLIPSOIDAL_ON_ECLIPSE1",9,2.431164,0.19052988,0.0033468308,0.14785713,0.035171803,0.68062747,0.089138344,0.68107504,0.0056794663,0.2158327,0.09938566,0.56672144,0.12763904
375316653866487564,5941800113978187008,0.5409174,2253.810929336606,2.5430060169884054,1.4627157E-5,18.082682,0.03501838,0.27494445,0.0028556788,0.047932778,0.02460651,0.41981322,0.074451655,0.7714633,0.004609054,0.043667752,0.013290479,0.3968945,0.05110966,0.13002251,0.04248879,0.27494445,0.0028556788,"TWOGAUSSIANS_WITH_ELLIPSOIDAL_ON_ECLIPSE1",9,4.013482,0.27494445,0.0028556788,0.26842356,0.13779646,0.6798577,0.098430745,0.7717733,0.0042430675,0.24453942,0.07442668,0.6568257,0.04477592
375316653866487564,5941800114024683648,0.47786868,2240.410298924434,2.8148833265436703,1.3397792E-5,18.261568,0.011323545,0.22310357,0.004554939,0.06289666,0.013058619,0.16630393,0.03639753,0.7401868,0.011969793,0.04110995,0.011349015,0.14157858,0.041666374,0.0704158,0.014752224,0.22310357,0.004554939,"TWOGAUSSIANS_WITH_ELLIPSOIDAL_ON_ECLIPSE1",9,11.114746,0.22310357,0.004554939,0.35222128,0.07312826,0.30707452,0.02947342,0.7401868,0.011969793,0.23021573,0.06355448,0.28073284,0.03263349
375316653866487564,5941802072486918272,0.53789085,2215.545327762305,2.8822333465138406,1.0229703E-5,18.388636,0.00889153,0.33201057,0.0028234967,0.06531463,0.0094136,0.24643768,0.045243714,0.82972455,0.0018068728,0.06962719,0.005967613,0.2782943,0.010126547,null,null,null,null,"TWOGAUSSIANS",8,2.8204126,0.82972455,0.0018068728,0.38991225,0.032035265,0.27778,0.010289572,0.33201057,0.0028234967,0.36576194,0.047578424,0.24592337,0.04581015
375316653866487564,5941802175609163136,0.6163125,2232.477839269387,0.39813659044457306,4.666902E-5,16.877058,0.009908305,0.16862093,0.004811886,0.028543262,0.0070649413,0.07056566,0.027672363,0.68533957,0.0030014499,0.025593027,0.0031160547,1.7583975,0.17487675,0.042224366,0.014802947,0.68533957,0.0030014499,"TWOGAUSSIANS_WITH_ELLIPSOIDAL_ON_ECLIPSE2",9,30.361437,0.68533957,0.0030014499,0.14332096,0.017449906,1.8428462,0.17864484,0.16981092,0.0044012885,0.15984227,0.03956367,0.15415168,0.01270245
375316653866487564,5941802244282355072,0.5394741,2216.084219910624,3.34771892394613,1.8694276E-5,18.444328,0.0046192766,0.23398821,0.0026649402,0.025583666,0.0059583234,0.12931186,0.06583309,0.7291636,0.009657139,0.06358807,0.011333229,0.12901351,0.011664853,0.07790078,0.006199233,0.23398821,0.0026649402,"TWOGAUSSIANS_WITH_ELLIPSOIDAL_ON_ECLIPSE1",9,3.0403788,0.23398821,0.0026649402,0.14326853,0.03336661,0.2850714,0.0679282,0.7305036,0.007579098,0.3560932,0.06346608,0.28466973,0.008183245
375316653866487564,5941802652305332096,0.49132848,2480.23695285041,0.003950233060966349,1.1019404E-4,15.708912,9.6572144E-4,0.84388655,0.050407935,8.9307287E-4,0.009190567,0.28430486,5.25244544E8,null,null,null,null,null,null,0.0026446646,0.0018240024,0.84388655,0.050407935,"ONEGAUSSIAN_WITH_ELLIPSOIDAL",6,35.532932,0.84388655,0.050407935,0.0050012083,0.051467173,0.28959417,5.25244544E8,null,null,null,null,null,null
375316653866487564,5941802794084314752,0.5755749,2242.729527299633,2.3718510773591235,5.9664894E-6,16.048723,0.0037592517,0.24096353,0.0031113941,0.03079055,0.0034716944,0.16463256,0.014026957,0.7437014,6.936004E-4,0.032137483,8.509919E-4,0.7408337,0.017242104,0.013564678,0.0068248822,0.24096353,0.0031113941,"TWOGAUSSIANS_WITH_ELLIPSOIDAL_ON_ECLIPSE1",9,69.01568,0.7437014,6.936004E-4,0.1799699,0.004765555,0.76795506,0.018244918,0.24096353,0.0031113941,0.17242709,0.01944149,0.19176191,0.013154639
375316653866487564,5941803786177471872,0.4992551,2211.6822785405334,2.7422893553026273,2.2503633E-5,18.492365,0.012106126,0.28807724,0.0066155954,0.08362699,0.011641637,0.18746924,0.012076711,0.769792,0.010195268,0.08211213,0.014779007,0.18284704,0.022552839,null,null,null,null,"TWOGAUSSIANS",8,3.985359,0.28807724,0.0066155954,0.4,0.0,0.184682,0.010809833,0.769792,0.010195268,0.4,0.007132098,0.1800598,0.023025041
375316653866487564,5941804439012718464,0.64738864,2275.979146383117,0.015049270013216338,1.0788312E-6,16.608639,9.946362E-4,0.20882483,2.530809E-7,4.7835574E-4,1.5604699E-6,1.0836613,0.0027865523,null,null,null,null,null,null,null,null,null,null,"ONEGAUSSIAN",5,3.9070928,0.20882483,2.530809E-7,0.0026787922,8.738632E-6,1.0836613,0.0,null,null,null,null,null,null
375316653866487564,5941805611536257664,0.5198803,2205.4330135947903,2.9229369724269683,1.8856195E-5,19.155584,0.010854751,0.26305494,0.003913986,0.046944853,0.007488349,0.111215845,0.033691656,0.77053416,0.013601561,0.035466388,0.010979489,0.29751238,0.03453745,0.12519298,0.019733181,0.26305494,0.003913986,"TWOGAUSSIANS_WITH_ELLIPSOIDAL_ON_ECLIPSE1",9,5.4579506,0.77053416,0.013601561,0.19861178,0.06148514,0.5473457,0.025966436,0.26305494,0.003913986,0.26289117,0.041934755,0.3616017,0.016153278
375316653866487564,5941805641603358592,0.5153811,2238.103055972174,3.051105794523948,1.408832E-5,18.330807,0.024254983,0.23374584,0.0050666356,0.109920114,0.01267794,0.32660684,0.021171907,0.7310305,0.0028701134,0.0910417,0.00667796,0.3932489,0.023175959,null,null,null,null,"TWOGAUSSIANS",8,7.492929,0.7310305,0.0028701134,0.4,0.0,0.3624088,0.015546199,0.23374584,0.0050666356,0.4,0.0,0.29574582,0.019035002
375316653866487564,5941805645942919168,0.45712444,2249.932535556913,0.057958487303674124,4.3690725E-5,16.92931,0.0057847085,0.20511244,0.0073128017,0.09081728,0.022685971,0.07152619,0.013050246,0.71756494,0.035744525,0.06011971,0.037699535,0.07227948,0.054634187,null,null,null,null,"TWOGAUSSIANS",8,8.585775,0.71756494,0.035745513,0.3366704,0.2111174,0.07183864,0.05504524,0.20511244,0.0073128017,0.4,0.0,0.071085304,0.014510199
375316653866487564,5941805916480494592,0.4984147,2253.4787004142,1.7181451416793498,2.2684271E-5,16.144175,8.8885275E-4,null,null,null,null,null,null,null,null,null,null,null,null,0.025832603,0.0012785471,0.32702282,0.0036851708,"ELLIPSOIDAL",4,5.429407,null,null,null,null,null,null,null,null,null,null,null,null
375316653866487564,5941806161339047552,0.5162565,2224.8820258260644,0.6275382128353914,1.0902719E-5,17.684134,0.0022501906,0.34378338,0.001571484,0.024143727,0.0016933866,0.1270447,0.009458718,0.83613634,0.0019979104,0.02302237,0.0024505903,0.20931073,0.019479454,null,null,null,null,"TWOGAUSSIANS",8,4.7724175,0.83613634,0.0019979104,0.12892526,0.013723305,0.20931073,0.019479454,0.34378338,0.001571484,0.13520488,0.009482965,0.1270447,0.009458718
375316653866487564,5941806500596954880,0.5539136,2220.1198959386716,2.6438572814849963,1.7791E-5,18.261896,0.017936856,0.30173308,0.004805971,0.09190793,0.007418788,0.34967986,0.019845273,0.8026139,0.0030006338,0.095918946,0.006876501,0.3153286,0.018118707,null,null,null,null,"TWOGAUSSIANS",8,4.6573887,0.30173308,0.004805971,0.4,0.0,0.33074525,0.015148427,0.8026139,0.0030006338,0.4,0.0,0.29639342,0.010219534
375316653866487564,5941807329523348224,0.56457883,2234.150834110258,2.196385118819528,4.6965433E-6,18.383451,0.007024122,0.28338557,0.0015452236,0.030544356,0.0016011933,0.6243924,0.02606861,0.78232676,0.0016270069,0.03446678,0.0019505522,0.402356,0.022991395,0.05241444,0.012130322,0.28338557,0.0015452236,"TWOGAUSSIANS_WITH_ELLIPSOIDAL_ON_ECLIPSE1",9,10.760118,0.28338557,0.0015452236,0.17104839,0.0089666825,0.72922117,0.02448564,0.78235674,0.001592658,0.19301397,0.010923092,0.5071803,0.021055529
