Gaia/vari_eclipsing_binary/VariEclipsingBinary_463840-463862.csv
# %ECSV 1.0
# ---
# delimiter: ','
# meta: !!omap
# - RELEASE: Gaia DR3
# - TABLE: vari_eclipsing_binary
# - DESCRIPTION: >
#     This table describes the properties of the eclipsing binaries resulting from the variability analysis. 
# - CITATION: >
#     How to cite and acknowledge Gaia: 
#     https://gea.esac.esa.int/archive/documentation/credits.html 
# - KNOWN_ISSUES: >
#     Known issues: 
#     https://www.cosmos.esa.int/web/gaia-users/known-issues 
# - DOCUMENTATION: >
#     Tutorials and documentation: 
#     https://www.cosmos.esa.int/web/gaia-users/archive 
# datatype:
# - 
#   name: solution_id
#   datatype: int64
#   description: Solution Identifier
#   meta:
#     ucd: meta.version
# - 
#   name: source_id
#   datatype: int64
#   description: Unique source identifier
#   meta:
#     ucd: meta.id;meta.main
# - 
#   name: global_ranking
#   datatype: float32
#   description: Number between 0 (worst) and 1 (best)
#   meta:
#     ucd: stat.param
# - 
#   name: reference_time
#   datatype: float64
#   unit: d
#   description: Reference time used for the geometric model fit
#   meta:
#     ucd: time.epoch
# - 
#   name: frequency
#   datatype: float64
#   unit: d**-1
#   description: Frequency of geometric model of the eclipsing binary light curve
#   meta:
#     ucd: src.orbital
# - 
#   name: frequency_error
#   datatype: float32
#   unit: d**-1
#   description: "Uncertainty of \\texttt{frequency}"
#   meta:
#     ucd: stat.error
# - 
#   name: geom_model_reference_level
#   datatype: float32
#   unit: mag
#   description: Magnitude reference level of geometric model
#   meta:
#     ucd: phot.mag;em.opt
# - 
#   name: geom_model_reference_level_error
#   datatype: float32
#   unit: mag
#   description: "Uncertainty of \\texttt{geomModelReferenceLevel}"
#   meta:
#     ucd: stat.error;phot.mag;em.opt
# - 
#   name: geom_model_gaussian1_phase
#   datatype: float32
#   description: Phase of the Gaussian 1 component
#   meta:
#     ucd: time.phase
# - 
#   name: geom_model_gaussian1_phase_error
#   datatype: float32
#   description: "Uncertainty of \\texttt{geomModelGaussian1Phase}"
#   meta:
#     ucd: stat.error;time.phase
# - 
#   name: geom_model_gaussian1_sigma
#   datatype: float32
#   description: "Standard deviation [phase] of Gaussian 1 component"
#   meta:
#     ucd: stat.stdev
# - 
#   name: geom_model_gaussian1_sigma_error
#   datatype: float32
#   description: "Uncertainty of \\texttt{geomModelGaussian1Sigma}"
#   meta:
#     ucd: stat.error
# - 
#   name: geom_model_gaussian1_depth
#   datatype: float32
#   unit: mag
#   description: Magnitude depth of Gaussian 1 component
#   meta:
#     ucd: src.var.amplitude
# - 
#   name: geom_model_gaussian1_depth_error
#   datatype: float32
#   unit: mag
#   description: "Uncertainty of \\texttt{geomModelGaussian1Depth}"
#   meta:
#     ucd: stat.error;src.var.amplitude
# - 
#   name: geom_model_gaussian2_phase
#   datatype: float32
#   description: Phase of Gaussian 2 component
#   meta:
#     ucd: time.phase
# - 
#   name: geom_model_gaussian2_phase_error
#   datatype: float32
#   description: "Uncertainty of \\texttt{geomModelGaussian2Phase}"
#   meta:
#     ucd: stat.error;time.phase
# - 
#   name: geom_model_gaussian2_sigma
#   datatype: float32
[...]
#   datatype: float32
#   description: "Secondary eclipse: uncertainty of \\texttt{derivedSecondaryEclDuration}"
#   meta:
#     ucd: stat.error;time.duration
# - 
#   name: derived_secondary_ecl_depth
#   datatype: float32
#   unit: mag
#   description: "Secondary eclipse: depth"
#   meta:
#     ucd: src.var.amplitude
# - 
#   name: derived_secondary_ecl_depth_error
#   datatype: float32
#   unit: mag
#   description: "Secondary eclipse: uncertainty of \\texttt{derivedSecondaryEclDepth}"
#   meta:
#     ucd: stat.error;src.var.amplitude
solution_id,source_id,global_ranking,reference_time,frequency,frequency_error,geom_model_reference_level,geom_model_reference_level_error,geom_model_gaussian1_phase,geom_model_gaussian1_phase_error,geom_model_gaussian1_sigma,geom_model_gaussian1_sigma_error,geom_model_gaussian1_depth,geom_model_gaussian1_depth_error,geom_model_gaussian2_phase,geom_model_gaussian2_phase_error,geom_model_gaussian2_sigma,geom_model_gaussian2_sigma_error,geom_model_gaussian2_depth,geom_model_gaussian2_depth_error,geom_model_cosine_half_period_amplitude,geom_model_cosine_half_period_amplitude_error,geom_model_cosine_half_period_phase,geom_model_cosine_half_period_phase_error,model_type,num_model_parameters,reduced_chi2,derived_primary_ecl_phase,derived_primary_ecl_phase_error,derived_primary_ecl_duration,derived_primary_ecl_duration_error,derived_primary_ecl_depth,derived_primary_ecl_depth_error,derived_secondary_ecl_phase,derived_secondary_ecl_phase_error,derived_secondary_ecl_duration,derived_secondary_ecl_duration_error,derived_secondary_ecl_depth,derived_secondary_ecl_depth_error
[from data line 455]
375316653866487564,4080141793594370432,0.5779387,2186.5840632592362,2.5477752209553306,1.7068362E-5,17.542421,0.031508956,0.27871233,0.006674048,0.09594806,0.01212193,0.39933974,0.031245902,0.7914688,0.0030952888,0.08884371,0.007091661,0.41213793,0.03192089,null,null,null,null,"TWOGAUSSIANS",8,9.831226,0.7914688,0.0030966115,0.4,0.0,0.3948944,0.020410325,0.27871233,0.006674048,0.4,0.0,0.3820951,0.01728309
375316653866487564,4080141935327071488,0.64089274,2162.043971466751,0.3631423082676847,2.1635726E-5,19.925623,0.0072176177,0.44109496,0.09425967,0.07175455,0.04165928,0.34513742,0.49084392,0.7179829,0.01848454,0.04168089,0.03502951,0.5376006,0.05323638,null,null,null,null,"TWOGAUSSIANS",8,0.49065724,0.7179829,0.01848454,0.233413,0.19616523,0.5378022,0.0531863,0.44109496,0.0942876,0.4,0.22450852,0.34513742,0.49082762
375316653866487564,4080142004043827200,0.5894539,2207.4424963843803,3.132630263204593,1.5962538E-5,18.732012,0.017159821,0.22738741,0.0059318775,0.08428842,0.005970371,0.45067388,0.029686302,0.7262755,0.0037364983,0.079536594,0.0048555965,0.55176795,0.016542714,null,null,null,null,"TWOGAUSSIANS",8,3.3320577,0.7262755,0.0037364983,0.4,0.0,0.5425361,0.014057244,0.22738741,0.0059318775,0.4,0.0,0.441442,0.029257834
375316653866487564,4080142072763541504,0.46079984,2163.769878713134,2.319431215721688,2.7430866E-5,18.653292,0.05284543,0.26243874,0.016773352,0.11581609,0.027316645,0.3675436,0.05998655,0.69819623,0.016460037,0.08907895,0.024130756,0.3056,0.06092197,null,null,null,null,"TWOGAUSSIANS",8,8.580979,0.26243874,0.016745424,0.4,0.0,0.35237482,0.05637417,0.69819623,0.016460037,0.4,0.0,0.29074177,0.051362373
375316653866487564,4080142412065808384,0.6354015,2199.213609451651,1.5071406185000242,4.8488155E-6,13.005286,0.0013965152,0.42195392,0.0013819928,0.048170038,0.0015232445,0.496511,0.0070473873,null,null,null,null,null,null,null,null,null,null,"ONEGAUSSIAN",5,153.28389,0.42195392,0.0013819928,0.2697522,0.00853017,0.496511,0.0,null,null,null,null,null,null
375316653866487564,4080142549501738496,0.5014973,2200.514389348109,0.08813252174489546,4.0153118E-5,17.651592,0.0023088758,0.1646562,0.0036299203,0.044713803,0.00818638,0.06980482,0.015288223,0.69256204,0.033674676,0.0569497,0.036058128,0.045353618,0.00449296,null,null,null,null,"TWOGAUSSIANS",8,1.5900267,0.1646562,0.0036299203,0.2503973,0.045843728,0.06980466,0.015289915,0.69256204,0.033674676,0.31891832,0.106999986,0.045353465,0.0044796895
375316653866487564,4080142858739417344,0.4729951,2182.1986623896646,2.6898570893524525,6.667055E-5,18.553518,0.011458879,0.20929149,0.02230101,0.08292075,0.027270252,0.10464899,0.032176733,0.7832724,0.057891212,0.05597119,0.051272772,0.10555136,0.090995975,null,null,null,null,"TWOGAUSSIANS",8,2.9950109,0.7832724,0.057891212,0.31343868,0.1436517,0.105511285,0.092724666,0.20929149,0.02230101,0.4,0.05105526,0.104608715,0.031699363
375316653866487564,4080143584633054080,0.50715923,2198.795668760512,2.3063719558010076,1.892188E-5,17.678375,0.010798777,0.22425672,0.006685939,0.088233255,0.014906696,0.07025546,0.010168228,0.72746956,0.0056560435,0.09611909,0.011714929,0.10284656,0.010942494,null,null,null,null,"TWOGAUSSIANS",8,2.2032216,0.72746956,0.0056560435,0.4,0.0,0.09872615,0.00821171,0.22425672,0.006685939,0.4,0.0,0.06613531,0.007262819
375316653866487564,4080144095718955392,0.4750683,2210.1592143989333,3.516700540481419,2.505973E-5,19.03286,0.03424408,0.22469355,0.006572251,0.13212399,0.018120104,0.3107541,0.032564566,0.66527504,0.004310211,0.019974202,0.01651682,0.52108794,0.7048626,null,null,null,null,"TWOGAUSSIANS",8,4.3323593,0.66527504,0.004310211,0.11185553,0.0924942,0.5216578,0.7052753,0.22469355,0.006572251,0.4,0.0,0.31008792,0.032305993
375316653866487564,4080144203108389632,0.44901153,2162.5123651975728,0.92179723967646,8.606552E-5,18.154898,0.0060472805,0.21795557,0.0102891475,0.049514145,0.014568456,0.060329624,0.019707477,0.75704604,0.020787997,0.035683025,0.019591913,0.052077424,0.010762297,null,null,null,null,"TWOGAUSSIANS",8,2.3371034,0.21795557,0.0102891475,0.2772792,0.08158336,0.060329624,0.019707477,0.75704604,0.020787997,0.19982494,0.10971471,0.052077424,0.01076228
375316653866487564,4080144611115170432,0.4877151,2138.735945255514,0.21449509061118582,2.35274E-5,18.595654,0.044081077,0.28698102,0.009574478,0.13734004,0.031473074,0.13121744,0.044296358,0.76955366,0.0035032025,0.10214734,0.021402368,0.15372363,0.0382176,null,null,null,null,"TWOGAUSSIANS",8,1.5116639,0.76955366,0.0035032025,0.4,0.0,0.12737148,0.005342069,0.28699103,0.0095710065,0.4,0.0,0.10448572,0.010425558
375316653866487564,4080144890262535936,0.5299471,2138.9294887061424,1.3463591508673725,1.2047225E-4,19.848444,0.014792266,0.7496815,0.09146576,0.03283186,0.043791026,2.2196944,2.39329,null,null,null,null,null,null,null,null,null,null,"ONEGAUSSIAN",5,2.742628,0.7496815,0.09146576,0.18385842,0.20782556,2.2196944,0.0,null,null,null,null,null,null
375316653866487564,4080145027742396160,0.65918815,2179.624751150021,2.553451363783833,2.2149843E-6,15.509326,0.00572077,0.26502925,6.863422E-4,0.04543792,0.0027306527,0.22060518,0.012616678,0.75864094,0.034273542,0.038132817,0.012513768,0.16986892,0.05992225,0.10861998,0.008137437,0.26502925,6.863422E-4,"TWOGAUSSIANS_WITH_ELLIPSOIDAL_ON_ECLIPSE1",9,12.848732,0.26502925,6.863422E-4,0.25445235,0.015291655,0.43784508,0.007229482,0.7594609,0.028834531,0.21354377,0.0700771,0.38680375,0.04725927
375316653866487564,4080145440018417280,0.5659437,2142.7802875723733,2.220785296546409,2.886242E-5,18.509752,0.015250403,0.25130594,0.0031681014,0.08221436,0.0050924816,0.37607726,0.013941203,0.72720975,0.0075391894,0.07744993,0.008463298,0.41193116,0.07941409,null,null,null,null,"TWOGAUSSIANS",8,4.488739,0.72720975,0.0075391894,0.4,0.0,0.40833747,0.08040056,0.25130594,0.0031681014,0.4,0.0,0.37248355,0.011931728
375316653866487564,4080145848036843008,0.65705353,2147.202500778704,3.212772750689761,1.0490714E-5,17.590527,0.0055507077,0.21180713,0.0032438955,0.069984324,0.0032798864,0.574622,0.019068157,0.70607954,0.0016130912,0.06991903,0.0029514101,0.53811437,0.008015641,null,null,null,null,"TWOGAUSSIANS",8,4.292528,0.21180713,0.0032438955,0.3919122,0.013256495,0.573005,0.019141842,0.70607954,0.0016130912,0.39154658,0.016481847,0.5364974,0.008003295
375316653866487564,4080146195934868992,0.5370082,2215.635180462707,3.236874644352461,1.3673483E-5,17.71667,0.00870919,0.16674109,0.0068478025,0.08883219,0.008904985,0.23262885,0.011377254,0.6766079,0.004550261,0.07406078,0.019386122,0.19051045,0.025515502,null,null,null,null,"TWOGAUSSIANS",8,5.366758,0.16674109,0.0068478025,0.4,0.0,0.22947355,0.012165539,0.6766079,0.004550261,0.4,0.0117048,0.18735522,0.028933277
375316653866487564,4080146230333040896,0.60021603,2114.2458854633346,1.65183540594627,1.0999921E-5,18.350912,0.004642901,0.27971604,0.018487902,0.08119776,0.014522614,0.14979659,0.0088787265,0.77575934,0.0019106568,0.064095505,0.00323783,0.6117242,0.061912116,null,null,null,null,"TWOGAUSSIANS",8,2.311653,0.77575934,0.0019106568,0.35893482,0.018131848,0.61041254,0.06235258,0.27971604,0.018487902,0.4,0.017719988,0.14848495,0.009143689
375316653866487564,4080146810132431616,0.48437706,2156.094699072689,0.11872689615025721,2.330246E-5,19.318382,0.024735667,0.16634876,0.0031713848,0.053644132,0.0071692704,1.5265362,0.95702004,0.71177095,0.013189829,0.12591885,0.019864934,0.24492384,0.029798204,null,null,null,null,"TWOGAUSSIANS",8,2.4162707,0.16632876,0.0031496144,0.30040714,0.04014791,1.5197937,0.96165454,0.71177095,0.013189829,0.4,0.0,0.23779829,0.026137413
375316653866487564,4080146913191725952,0.5314747,2137.472934391056,3.1191728340127094,1.3099348E-5,18.408022,0.0053326185,null,null,null,null,null,null,null,null,null,null,null,null,0.13998017,0.008580884,0.20859034,0.00393354,"ELLIPSOIDAL",4,4.8522377,null,null,null,null,null,null,null,null,null,null,null,null
375316653866487564,4080146981914301312,0.58529997,2140.8265526378095,2.8765758030748056,7.3543038E-6,18.509285,0.009495945,0.2462457,0.004704689,0.071139894,0.00512429,0.5165477,0.0544872,0.7509528,0.0018996121,0.06502806,0.0029443696,0.45707396,0.02924468,null,null,null,null,"TWOGAUSSIANS",8,2.2925103,0.2462457,0.004704689,0.39838338,0.012110996,0.5155357,0.05481874,0.7509528,0.0018996121,0.36415714,0.01648847,0.456062,0.029269611
375316653866487564,4080147192366864384,0.49390593,2242.0833690781756,1.87520790114633,2.69926E-5,17.563704,0.011617004,0.25825506,0.006228295,0.08232423,0.01020399,0.13035755,0.01193478,0.7443688,0.02135069,0.07161883,0.03252078,0.11494881,0.017461052,null,null,null,null,"TWOGAUSSIANS",8,1.596489,0.25825506,0.006228295,0.4,0.0,0.12942427,0.008432304,0.7443688,0.02135069,0.4,0.027027095,0.114015535,0.023251062
375316653866487564,4080147432923476352,0.4918955,2189.285223970088,1.1875007610741632,8.8389665E-5,17.460226,0.0056519066,0.22677712,0.008155324,0.060732428,0.00890644,0.08766208,0.009086469,0.7280909,0.051012713,0.027999638,0.046328157,0.04724345,0.051294904,null,null,null,null,"TWOGAUSSIANS",8,4.2243795,0.22677712,0.008155324,0.3401016,0.049876064,0.08766206,0.009070898,0.7280909,0.051012713,0.15679798,0.25943768,0.047243435,0.0513033
375316653866487564,4080148154478017152,0.57228845,2174.8355812848317,0.21593249494443342,7.970782E-5,15.300317,0.0067960033,0.22928004,0.0236735,0.03310556,0.03711591,0.38332576,16.818,0.6044694,0.01185156,0.010954607,0.0063498756,0.114229724,0.04588597,0.0053130733,0.008341922,0.22928004,0.0236735,"TWOGAUSSIANS_WITH_ELLIPSOIDAL_ON_ECLIPSE1",9,56.79423,0.22928004,0.0236735,0.18539113,0.2078491,0.3939519,16.830555,0.60453945,0.011840784,0.0613458,0.035559304,0.11955776,0.04581386
375316653866487564,4080148390691520128,0.6123969,2147.621430872726,1.163282837204946,7.396539E-6,18.798666,0.006864,0.41481152,0.0056011328,0.059687976,0.0070642508,0.20810255,0.02574926,0.9028346,0.0029551224,0.045880094,0.002804128,0.3960764,0.016995184,null,null,null,null,"TWOGAUSSIANS",8,1.2148741,0.9028346,0.0029551224,0.25692853,0.015703117,0.39607218,0.016995687,0.41481152,0.0056011328,0.33425266,0.039559804,0.2080983,0.025751842
375316653866487564,4080148528130506880,0.4682517,2134.747396824541,1.614758229386759,6.405469E-5,18.371374,0.03885673,0.02998787,0.009647624,0.027570833,0.004791612,0.3646564,0.3474365,0.41409895,0.01485735,0.18165925,0.037306383,0.3728856,0.033424642,null,null,null,null,"TWOGAUSSIANS",8,18.028984,0.03091787,0.009311203,0.15439667,0.026833026,0.38899612,0.34589553,0.41409895,0.01485735,0.4,0.0,0.3559527,0.04694324
375316653866487564,4080148532394670208,0.5627311,2153.444708813693,2.9246207340248445,3.0269795E-5,19.347622,0.030997887,0.2894815,0.006803459,0.08167026,0.01026903,0.38367748,0.032666113,0.7806916,0.0070940144,0.09150955,0.013032482,0.3350285,0.03152867,null,null,null,null,"TWOGAUSSIANS",8,1.8736501,0.2894815,0.006803459,0.4,0.0,0.37416118,0.026320353,0.7806916,0.0070940144,0.4,0.0,0.32551196,0.025920475
375316653866487564,4080148601113641216,0.600085,2157.4445515267107,3.2079052285066045,1.4273068E-5,18.135212,0.013253091,0.22674036,0.004493075,0.079223834,0.0044808933,0.53230494,0.018272886,0.7254513,0.00612626,0.07897729,0.0065469793,0.53203243,0.03032016,null,null,null,null,"TWOGAUSSIANS",8,5.120393,0.22674036,0.004493075,0.4,0.0,0.52527714,0.017174888,0.7254513,0.00612626,0.4,0.0,0.5250046,0.031154362
375316653866487564,4080148871719378432,0.58192116,2154.8706199027342,3.4765092062671075,8.027579E-5,18.744286,0.014544563,0.30868334,0.022125285,0.041457683,0.024143226,0.55721635,0.19941063,0.74929476,0.00752765,0.036201816,0.013496004,0.3789871,0.047660585,0.091463886,0.015531095,0.74929476,0.00752765,"TWOGAUSSIANS_WITH_ELLIPSOIDAL_ON_ECLIPSE2",9,6.046213,0.30635333,0.024296286,0.23216301,0.13520207,0.7167428,0.18730606,0.74929476,0.00752765,0.20273018,0.075577624,0.5619142,0.041473605
375316653866487564,4080149013430707712,0.49540988,2196.3872773520047,1.2760658209039386,2.321919E-5,18.959278,0.013619514,0.34302044,0.008423505,0.05818192,0.008386861,0.14223823,0.021373803,0.82066214,0.010420442,0.07016899,0.00958114,0.26406738,0.034582093,null,null,null,null,"TWOGAUSSIANS",8,3.1494915,0.82066214,0.010420442,0.39294633,0.038182,0.26396698,0.03457994,0.34302044,0.008423505,0.32581875,0.04696642,0.1421378,0.02132154
375316653866487564,4080149387124219776,0.57053626,2107.4133307645075,3.193133203019658,1.1639264E-5,18.762196,0.00836394,0.7945664,0.0032512296,0.049191564,0.0028198366,0.43300492,0.051520962,null,null,null,null,null,null,0.16141753,0.015458357,0.7945664,0.0032512296,"ONEGAUSSIAN_WITH_ELLIPSOIDAL",6,8.001106,0.7945664,0.0032512296,0.27547276,0.015791085,0.75583893,0.042560436,null,null,null,null,null,null
375316653866487564,4080149661971064960,0.53549695,2198.7002203142915,1.18089649011812,1.1341485E-5,17.06223,0.062026735,0.20804314,0.006367615,0.106399246,0.03205479,0.21249817,0.054171097,0.7049106,0.008911365,0.096406095,0.033578556,0.23451813,0.03878331,null,null,null,null,"TWOGAUSSIANS",8,6.4187384,0.7049106,0.008911365,0.4,0.0,0.21404487,0.029056823,0.20804314,0.0063787024,0.4,0.0,0.19201873,0.012596596
375316653866487564,4080149700624624640,0.5054023,2197.7455725560017,3.0132907662912602,2.3424767E-5,19.3089,0.016038654,0.18780378,0.011295759,0.07696908,0.01012172,0.6110059,0.10730756,0.6775902,0.007558069,0.06818885,0.008441035,0.4709937,0.039433707,null,null,null,null,"TWOGAUSSIANS",8,7.9032617,0.18780378,0.011295759,0.4,0.0,0.6087652,0.10754009,0.6775902,0.007558069,0.38185757,0.045056038,0.468753,0.040203135
375316653866487564,4080149799410064128,0.627485,2215.871508657788,1.5960364840315155,2.1422E-5,16.437498,0.021827258,0.285219,0.002946128,0.09122897,0.008189192,0.3196139,0.019417824,0.7887425,0.006568642,0.10018686,0.024558978,0.25957575,0.2049578,null,null,null,null,"TWOGAUSSIANS",8,7.8944664,0.285219,0.002946128,0.4,0.0,0.30164906,0.008675756,0.7887425,0.006568642,0.4,0.0,0.24160907,0.21559179
375316653866487564,4080150662698178560,0.4458489,2217.0402342159923,2.05389744745666,4.841746E-5,19.263416,0.04340994,0.23195301,0.010685897,0.10582383,0.032782964,0.20542699,0.040194172,0.75375146,0.022092054,0.103456885,0.0468114,0.21574083,0.17296979,null,null,null,null,"TWOGAUSSIANS",8,5.676665,0.7537615,0.022090519,0.4,0.008414268,0.19694558,0.18580015,0.23194301,0.010673888,0.4,0.0,0.18662868,0.033165816
375316653866487564,4080150765777125888,0.44884935,2219.8902961291537,0.6978496105804577,6.759087E-5,19.457169,0.017983153,0.26416382,0.008878607,0.06439775,0.015649768,0.15601508,0.019292431,0.79414135,0.030276641,0.08054662,0.03973023,0.0926814,0.048883792,null,null,null,null,"TWOGAUSSIANS",8,2.4551942,0.26416382,0.008878607,0.3606274,0.07328273,0.15572649,0.018998487,0.79414135,0.030276641,0.4,0.14872329,0.0923928,0.04894488
375316653866487564,4080151178096643456,0.4834858,2181.9289340737223,0.20652133504170575,2.4547116E-5,18.38824,0.020807032,0.29617792,0.0051791472,0.08496794,0.010607701,0.2674212,0.029240597,0.8038354,0.011961296,0.091334485,0.020484801,0.20377593,0.038848013,null,null,null,null,"TWOGAUSSIANS",8,5.4362535,0.29617792,0.0051791472,0.4,0.0,0.26008493,0.029444607,0.8038354,0.011961296,0.4,0.0,0.19643955,0.039629634
