Gaia/vari_eclipsing_binary/VariEclipsingBinary_696387-696521.csv
# %ECSV 1.0
# ---
# delimiter: ','
# meta: !!omap
# - RELEASE: Gaia DR3
# - TABLE: vari_eclipsing_binary
# - DESCRIPTION: >
#     This table describes the properties of the eclipsing binaries resulting from the variability analysis. 
# - CITATION: >
#     How to cite and acknowledge Gaia: 
#     https://gea.esac.esa.int/archive/documentation/credits.html 
# - KNOWN_ISSUES: >
#     Known issues: 
#     https://www.cosmos.esa.int/web/gaia-users/known-issues 
# - DOCUMENTATION: >
#     Tutorials and documentation: 
#     https://www.cosmos.esa.int/web/gaia-users/archive 
# datatype:
# - 
#   name: solution_id
#   datatype: int64
#   description: Solution Identifier
#   meta:
#     ucd: meta.version
# - 
#   name: source_id
#   datatype: int64
#   description: Unique source identifier
#   meta:
#     ucd: meta.id;meta.main
# - 
#   name: global_ranking
#   datatype: float32
#   description: Number between 0 (worst) and 1 (best)
#   meta:
#     ucd: stat.param
# - 
#   name: reference_time
#   datatype: float64
#   unit: d
#   description: Reference time used for the geometric model fit
#   meta:
#     ucd: time.epoch
# - 
#   name: frequency
#   datatype: float64
#   unit: d**-1
#   description: Frequency of geometric model of the eclipsing binary light curve
#   meta:
#     ucd: src.orbital
# - 
#   name: frequency_error
#   datatype: float32
#   unit: d**-1
#   description: "Uncertainty of \\texttt{frequency}"
#   meta:
#     ucd: stat.error
# - 
#   name: geom_model_reference_level
#   datatype: float32
#   unit: mag
#   description: Magnitude reference level of geometric model
#   meta:
#     ucd: phot.mag;em.opt
# - 
#   name: geom_model_reference_level_error
#   datatype: float32
#   unit: mag
#   description: "Uncertainty of \\texttt{geomModelReferenceLevel}"
#   meta:
#     ucd: stat.error;phot.mag;em.opt
# - 
#   name: geom_model_gaussian1_phase
#   datatype: float32
#   description: Phase of the Gaussian 1 component
#   meta:
#     ucd: time.phase
# - 
#   name: geom_model_gaussian1_phase_error
#   datatype: float32
#   description: "Uncertainty of \\texttt{geomModelGaussian1Phase}"
#   meta:
#     ucd: stat.error;time.phase
# - 
#   name: geom_model_gaussian1_sigma
#   datatype: float32
#   description: "Standard deviation [phase] of Gaussian 1 component"
#   meta:
#     ucd: stat.stdev
# - 
#   name: geom_model_gaussian1_sigma_error
#   datatype: float32
#   description: "Uncertainty of \\texttt{geomModelGaussian1Sigma}"
#   meta:
#     ucd: stat.error
# - 
#   name: geom_model_gaussian1_depth
#   datatype: float32
#   unit: mag
#   description: Magnitude depth of Gaussian 1 component
#   meta:
#     ucd: src.var.amplitude
# - 
#   name: geom_model_gaussian1_depth_error
#   datatype: float32
#   unit: mag
#   description: "Uncertainty of \\texttt{geomModelGaussian1Depth}"
#   meta:
#     ucd: stat.error;src.var.amplitude
# - 
#   name: geom_model_gaussian2_phase
#   datatype: float32
#   description: Phase of Gaussian 2 component
#   meta:
#     ucd: time.phase
# - 
#   name: geom_model_gaussian2_phase_error
#   datatype: float32
#   description: "Uncertainty of \\texttt{geomModelGaussian2Phase}"
#   meta:
#     ucd: stat.error;time.phase
# - 
#   name: geom_model_gaussian2_sigma
#   datatype: float32
[...]
#   datatype: float32
#   description: "Secondary eclipse: uncertainty of \\texttt{derivedSecondaryEclDuration}"
#   meta:
#     ucd: stat.error;time.duration
# - 
#   name: derived_secondary_ecl_depth
#   datatype: float32
#   unit: mag
#   description: "Secondary eclipse: depth"
#   meta:
#     ucd: src.var.amplitude
# - 
#   name: derived_secondary_ecl_depth_error
#   datatype: float32
#   unit: mag
#   description: "Secondary eclipse: uncertainty of \\texttt{derivedSecondaryEclDepth}"
#   meta:
#     ucd: stat.error;src.var.amplitude
solution_id,source_id,global_ranking,reference_time,frequency,frequency_error,geom_model_reference_level,geom_model_reference_level_error,geom_model_gaussian1_phase,geom_model_gaussian1_phase_error,geom_model_gaussian1_sigma,geom_model_gaussian1_sigma_error,geom_model_gaussian1_depth,geom_model_gaussian1_depth_error,geom_model_gaussian2_phase,geom_model_gaussian2_phase_error,geom_model_gaussian2_sigma,geom_model_gaussian2_sigma_error,geom_model_gaussian2_depth,geom_model_gaussian2_depth_error,geom_model_cosine_half_period_amplitude,geom_model_cosine_half_period_amplitude_error,geom_model_cosine_half_period_phase,geom_model_cosine_half_period_phase_error,model_type,num_model_parameters,reduced_chi2,derived_primary_ecl_phase,derived_primary_ecl_phase_error,derived_primary_ecl_duration,derived_primary_ecl_duration_error,derived_primary_ecl_depth,derived_primary_ecl_depth_error,derived_secondary_ecl_phase,derived_secondary_ecl_phase_error,derived_secondary_ecl_duration,derived_secondary_ecl_duration_error,derived_secondary_ecl_depth,derived_secondary_ecl_depth_error
[from data line 355]
375316653866487564,6126195979272416256,0.4396133,2154.535199059962,0.816683314565134,5.048444E-6,19.05847,0.0029767093,0.2597692,0.002448693,0.0068040667,9.0555695E-4,0.32833502,0.10975805,null,null,null,null,null,null,0.054642215,0.0041742665,0.2597692,0.002448693,"ONEGAUSSIAN_WITH_ELLIPSOIDAL",6,4.1236544,0.2597692,0.002448693,0.038102776,0.005071119,0.4376192,0.11243541,null,null,null,null,null,null
375316653866487564,6126197353658710528,0.46988514,2202.03850726231,0.4546247990150255,1.004562E-6,15.023635,0.0011636692,0.38105333,6.766863E-5,0.0016127955,2.3223985E-5,0.7130932,0.029188767,0.87749416,5.0519534E-6,0.00613073,9.85111E-5,0.13039716,0.0018886816,2.4325751E-4,0.0014107933,0.38105333,6.766863E-5,"TWOGAUSSIANS_WITH_ELLIPSOIDAL_ON_ECLIPSE1",9,69.62875,0.38105333,6.766863E-5,0.009031654,1.3005432E-4,0.7135797,0.030174939,0.87749416,5.0519534E-6,0.034332085,5.516621E-4,0.13088343,0.0013764411
375316653866487564,6126199582736480128,0.48563567,2157.9832219454797,2.0556589353716617,1.1353334E-5,12.257469,0.0055042985,0.27385023,0.0047667325,0.048396867,0.015949778,0.08092787,0.01134677,0.773247,0.0039016837,0.031788483,0.0057809046,0.07572429,0.012414215,0.026290597,0.008268002,0.27385023,0.0047667325,"TWOGAUSSIANS_WITH_ELLIPSOIDAL_ON_ECLIPSE1",9,577.6322,0.27385023,0.0047667325,0.27102247,0.08931876,0.13350888,0.014573033,0.77327704,0.003711964,0.17801552,0.032373063,0.12830457,0.006384824
375316653866487564,6126203607131205632,0.43748233,2127.018003281355,1.8431369426534523,1.9702868E-5,17.921429,0.003036283,0.36500445,0.0064700423,0.04110484,0.006513099,0.15437417,0.022615522,0.8067551,1.1087147E-6,0.003047532,9.749719E-5,0.16991425,0.0027579688,null,null,null,null,"TWOGAUSSIANS",8,13.927136,0.8067551,1.1087147E-6,0.017066179,5.4598425E-4,0.16991425,0.0027579688,0.36500445,0.0064700423,0.23018709,0.036473356,0.15437417,0.022615522
375316653866487564,6126207588556064640,0.47831294,2150.1340448141414,0.6972864234057069,3.830535E-6,18.31335,0.004317788,0.32821038,0.014013034,0.015271047,0.010448707,0.48837084,20.96734,0.82940817,0.0013452519,0.013805075,9.99509E-4,0.36412647,0.013116466,null,null,null,null,"TWOGAUSSIANS",8,14.589544,0.32821038,0.014013034,0.08551787,0.058512762,0.48837084,20.96734,0.82940817,0.0013452519,0.07730842,0.0055972505,0.36412647,0.013116466
375316653866487564,6126211711724950784,0.4944311,2163.811231820698,2.8036471063994526,9.923604E-6,18.758764,0.016364718,0.22229742,0.0033468802,0.09856955,0.007841378,0.24175604,0.015627578,0.71920866,0.0043313247,0.10362268,0.010553393,0.24125092,0.014210563,null,null,null,null,"TWOGAUSSIANS",8,3.808242,0.22229742,0.0033468802,0.4,0.0,0.21991163,0.009132237,0.71920866,0.0043313247,0.4,0.0,0.21940349,0.011094689
375316653866487564,6126214494864257152,0.60255855,2169.357591749591,4.173379589055943,5.467002E-6,18.03567,0.012568846,0.22915114,0.0020767858,0.04602274,0.0056976406,0.32830572,0.032674458,0.7292893,0.0032863,0.051868677,0.0067896666,0.2129771,0.027364329,0.12521903,0.01753414,0.22915114,0.0020767858,"TWOGAUSSIANS_WITH_ELLIPSOIDAL_ON_ECLIPSE1",9,4.5127645,0.22915114,0.0020767858,0.25772735,0.031906787,0.57874143,0.023418412,0.7292893,0.0028677871,0.29046458,0.038022134,0.46341258,0.011995611
375316653866487564,6126216212850414336,0.5592246,2138.441886010448,3.2327835424650497,5.344753E-6,17.67668,0.0059355022,0.21828423,0.0020189306,0.07054258,0.002563413,0.40099257,0.013316007,0.7142106,0.0016838672,0.07831118,0.002118039,0.5743987,0.014383963,null,null,null,null,"TWOGAUSSIANS",8,18.94922,0.7142106,0.0016838672,0.4,0.0,0.57127035,0.014481161,0.21828423,0.0020189306,0.39503846,0.013617883,0.39786425,0.013439211
375316653866487564,6126218892910422400,0.4965748,2155.6012965938676,2.5402803926892856,9.805527E-6,19.480804,0.006510399,0.23188366,0.0048436876,0.050571077,0.0042688353,0.18089159,0.014347218,0.7216803,0.0020307198,0.048129022,0.0063222256,0.41695783,0.037971452,null,null,null,null,"TWOGAUSSIANS",8,2.6014047,0.7216803,0.0020307198,0.26952252,0.035404462,0.41695696,0.03797327,0.23188366,0.0048436876,0.28319803,0.023905477,0.18089074,0.014347034
375316653866487564,6126219481334007680,0.6010273,2157.728969889691,4.110962726595684,2.6490238E-6,18.906641,0.005806822,0.25466815,8.423249E-4,0.046376023,0.001923969,0.45847377,0.017487805,0.7571848,0.0017472651,0.042805646,0.0025714377,0.3546926,0.021244977,0.14000364,0.010474274,0.25466815,8.423249E-4,"TWOGAUSSIANS_WITH_ELLIPSOIDAL_ON_ECLIPSE1",9,2.5337512,0.25466815,8.423249E-4,0.25970572,0.010774226,0.7384805,0.014513807,0.7571848,0.0017472651,0.23971161,0.014400052,0.6346293,0.021408562
375316653866487564,6126221847847980032,0.51386994,2167.57863907028,3.1064436563437887,1.00667585E-5,18.06854,0.018272804,0.23958962,0.0037551725,0.10086968,0.007713869,0.30565223,0.017914332,0.7592042,0.0034008285,0.09468967,0.009053263,0.29411426,0.015831135,null,null,null,null,"TWOGAUSSIANS",8,11.436483,0.23958962,0.0037551725,0.4,0.0,0.28807762,0.011463571,0.7592042,0.0034101366,0.4,0.0,0.276543,0.010328136
375316653866487564,6126229273856110720,0.5734204,2162.3273456399656,0.2110600421918839,1.4954672E-6,10.6688385,6.115931E-4,0.26679012,0.0029194073,0.014199573,0.0029130077,0.158109,0.036062643,0.7650206,3.761841E-4,0.013987593,5.070133E-4,0.17037944,0.0020884864,0.0020629035,8.3696505E-4,0.26679012,0.0029194073,"TWOGAUSSIANS_WITH_ELLIPSOIDAL_ON_ECLIPSE1",9,17.63691,0.7650206,3.761841E-4,0.078330524,0.0028392745,0.17450473,0.0018241887,0.26679012,0.0029194073,0.07951761,0.016312843,0.16223478,0.036152445
375316653866487564,6126230785684676096,0.65176564,2203.7476705795007,0.8312100901992919,8.956668E-6,16.061071,0.0028177402,0.32011774,8.71633E-4,0.028887976,0.0018888379,2.021753,0.28468767,0.8176801,0.0032863105,0.03505969,0.0023551267,0.13584009,0.012770091,0.019794933,0.004172013,0.32011774,8.71633E-4,"TWOGAUSSIANS_WITH_ELLIPSOIDAL_ON_ECLIPSE1",9,27.755362,0.32011774,8.71633E-4,0.16177267,0.010577492,2.061343,0.28798932,0.81775016,0.0031965687,0.19633427,0.0131887095,0.17542093,0.010817088
375316653866487564,6126231468575523968,0.5877895,2194.278748722353,2.7827089358303123,5.8225173E-6,18.06999,0.008630212,0.25759363,0.0018468004,0.045083035,0.0033771635,0.23512797,0.020911392,0.75341445,0.0026505818,0.049580775,0.0032264148,0.2949273,0.022151638,0.1297423,0.012044475,0.25759363,0.0018468004,"TWOGAUSSIANS_WITH_ELLIPSOIDAL_ON_ECLIPSE1",9,4.67249,0.75402445,0.0021654475,0.27765235,0.018067922,0.55425763,0.0142719615,0.25759363,0.0018468004,0.25246498,0.018912116,0.49461108,0.008457912
375316653866487564,6126233500104507136,0.5165346,2196.4417847051564,4.1563575987141075,1.4124276E-5,16.598143,0.0026174656,0.17881751,0.0018106581,0.0052860132,9.309032E-4,0.26380065,0.20677353,0.5287395,0.014168623,0.0040248083,0.006644855,0.6221722,0.6603658,null,null,null,null,"TWOGAUSSIANS",8,30.249804,0.5287395,0.014168623,0.022538928,0.037211187,0.6221722,0.6603658,0.17881751,0.0018106581,0.029601673,0.005213058,0.26380065,0.20677353
375316653866487564,6126236691252799744,0.5733181,2202.7590027641145,4.389672084054745,4.537277E-6,17.898443,0.004767623,0.2521301,0.001662488,0.079142496,0.0023597062,0.4478074,0.009281901,0.7563533,0.001584059,0.07534666,0.002291525,0.3661755,0.0059382324,null,null,null,null,"TWOGAUSSIANS",8,6.6888266,0.2521301,0.001662488,0.4,0.0,0.44386205,0.009398121,0.7563533,0.001584059,0.4,0.0,0.36223015,0.0056797126
375316653866487564,6126236729920137856,0.5889042,2215.949774235753,3.3267626083317565,4.609044E-6,17.854113,0.0032427025,0.22827432,0.0014426119,0.07637449,0.0017299402,0.5006401,0.013199886,0.7320966,0.0023798756,0.07413747,0.0026081626,0.3921632,0.008896183,null,null,null,null,"TWOGAUSSIANS",8,6.234837,0.22827432,0.0014426119,0.4,0.0,0.49736756,0.013485467,0.7320966,0.0023798756,0.4,0.0,0.38889062,0.008978303
375316653866487564,6126236794332058240,0.5307522,2226.8506773210815,2.3993165657147526,1.0930248E-5,19.048784,0.019612487,0.27910888,0.0025883806,0.102015875,0.009066416,0.27818203,0.016103702,0.76645255,0.0043236245,0.092763275,0.00994908,0.25229552,0.018464683,null,null,null,null,"TWOGAUSSIANS",8,1.7387257,0.27910888,0.0025883806,0.4,0.0,0.2615697,0.00860171,0.76645255,0.0043236245,0.4,0.0,0.23568688,0.0117799295
375316653866487564,6126236798639625856,0.5342262,2228.726567822026,2.9769138374481448,8.202324E-6,16.415985,0.021304537,0.26821563,0.0025334859,0.098859295,0.009463179,0.2154077,0.018437762,0.7446248,0.0026753815,0.118691884,0.010047923,0.27097067,0.019003918,null,null,null,null,"TWOGAUSSIANS",8,21.705046,0.7446248,0.0026753815,0.4,0.0,0.24411674,0.0064220433,0.26832563,0.0025133102,0.4,0.0,0.18865389,0.0070775757
375316653866487564,6126238138669193472,0.54940015,2220.9219061269905,0.6513703299132946,1.3223549E-5,14.520401,0.0017403953,0.68727595,6.876901E-4,0.01617094,6.960785E-4,0.4205971,0.004280754,null,null,null,null,null,null,null,null,null,null,"ONEGAUSSIAN",5,127.93666,0.68727595,6.876901E-4,0.090557255,0.00389804,0.4205971,0.0,null,null,null,null,null,null
375316653866487564,6126243150883836928,0.5084814,2178.139263354969,2.330597662721001,1.4410135E-5,19.16559,0.0077964044,0.2845935,0.00323243,0.09432146,0.0042445413,0.353849,0.011427227,0.79890996,0.004060719,0.07430125,0.0057436293,0.20883425,0.009960207,null,null,null,null,"TWOGAUSSIANS",8,3.0610504,0.2845935,0.00323243,0.4,0.0,0.3485379,0.011007858,0.79890996,0.004060719,0.4,0.0,0.20352389,0.009568513
375316653866487564,6126244456555746176,0.6050481,2151.8865206111973,2.6040616611071017,3.1112872E-6,17.765509,0.0030472109,0.26640642,0.0011875986,0.08000824,0.0016489916,0.36685255,0.0061139967,0.76575816,9.510021E-4,0.08687071,0.001420816,0.31731793,0.0039823973,null,null,null,null,"TWOGAUSSIANS",8,2.2857826,0.26640642,0.0011875986,0.4,0.0,0.3593085,0.0062443465,0.76575816,9.510021E-4,0.4,0.0,0.30977386,0.003786119
375316653866487564,6126247828115735040,0.6034002,2153.833990351701,1.289639277524771,3.2539967E-6,16.323694,0.0035305475,0.14657544,0.0012029598,0.08973498,0.0019508882,0.31718156,0.006247572,0.6456455,9.939638E-4,0.09879799,0.00232376,0.2605245,0.0050755,null,null,null,null,"TWOGAUSSIANS",8,7.6838713,0.14657544,0.0012029598,0.4,0.0,0.30045962,0.0067752316,0.6456455,9.939638E-4,0.4,0.0,0.24380127,0.005584624
375316653866487564,6126249168139572480,0.44823185,2149.5993894149287,0.5649656344381253,4.034143E-6,11.381144,0.016349427,0.2599998,0.0010820219,0.30425403,0.006735559,0.46733022,0.015740465,0.7584481,0.0011278635,0.15070398,0.0035718202,0.24215613,0.013788556,null,null,null,null,"TWOGAUSSIANS",8,8.435968,0.7584481,0.0011278635,0.4,0.0,0.06863008,0.0013552277,0.2603598,0.0011040594,0.4,0.0,0.057759386,9.769473E-4
375316653866487564,6126250679973745280,0.4898333,2210.773248223072,3.226967199736694,2.0654876E-5,17.17517,0.3112315,0.25382966,0.0073528346,0.10539096,0.09483864,0.097473815,0.29348978,0.74148476,0.005830948,0.11171241,0.06336929,0.12995656,0.27487603,null,null,null,null,"TWOGAUSSIANS",8,7.8067155,0.74148476,0.005830948,0.4,0.0,0.11602575,0.007022772,0.25385967,0.0065635154,0.4,0.0,0.08355309,0.006180462
375316653866487564,6126258818924993280,0.47663957,2168.9978409653736,1.6724824639778457,2.3740582E-5,18.62192,0.004158985,0.2510146,0.0032491856,0.038162332,0.003477993,0.34913337,0.03936374,0.7780822,0.013549628,0.05482254,0.012859872,0.050097466,0.012552742,null,null,null,null,"TWOGAUSSIANS",8,9.040799,0.2510146,0.0032491856,0.21370907,0.01947676,0.34913334,0.039363757,0.7780822,0.013549628,0.30700624,0.07201528,0.050097443,0.0125528015
375316653866487564,6126260605631318016,0.50473285,2164.6624742996446,0.5411969442112057,8.034914E-6,18.686144,0.002004732,0.3098768,0.026777977,0.048919786,0.027511453,0.033676196,0.0140563315,0.8468318,6.859725E-4,0.0099296365,6.489886E-4,0.47952732,0.03933011,null,null,null,null,"TWOGAUSSIANS",8,1.9825898,0.8468318,6.859725E-4,0.055605963,0.003634336,0.47952732,0.03933011,0.3098768,0.026777977,0.27395082,0.15406413,0.033676196,0.0140563315
375316653866487564,6126266412432918912,0.49444017,2146.29304935052,3.188457336645308,8.137067E-6,19.113373,0.0118403,0.21348748,0.004418901,0.08835753,0.0062492546,0.28537983,0.012088088,0.72011334,0.0021276444,0.09080233,0.005608689,0.3097475,0.014123077,null,null,null,null,"TWOGAUSSIANS",8,2.2202504,0.72011334,0.0021276444,0.4,0.0,0.29883227,0.014060215,0.21348748,0.004418901,0.4,0.0,0.2744647,0.009545315
375316653866487564,6126267000849828480,0.5129181,2177.2423163893172,0.9630935240497608,1.313764E-5,13.702706,0.0022316768,0.20439401,0.0017746299,0.02416502,0.0028676782,0.080247805,0.024150824,0.7013767,0.0019309502,0.02326008,0.0021390505,0.15329471,0.013514737,0.0036125665,0.0029450704,0.20439401,0.0017746299,"TWOGAUSSIANS_WITH_ELLIPSOIDAL_ON_ECLIPSE1",9,78.40034,0.7013867,0.0019257894,0.13025644,0.011978682,0.16051725,0.013959615,0.20439401,0.0017746299,0.1353241,0.016058998,0.08747293,0.023656307
375316653866487564,6126268508372832640,0.49554327,2144.6470459090847,3.5814139083648513,1.4524723E-5,19.192093,0.025615077,0.25697613,0.0043549608,0.109179616,0.014217718,0.24700768,0.020738946,0.73437566,0.0033195917,0.10293364,0.013180011,0.21012801,0.022626469,null,null,null,null,"TWOGAUSSIANS",8,2.0417435,0.2569861,0.004361614,0.4,0.0,0.22507244,0.013481639,0.73437566,0.0033195917,0.4,0.0,0.18820778,0.0076816487
375316653866487564,6126270780421593728,0.45107296,2167.853723185656,3.0436851956737523,2.4816576E-5,15.181649,0.023641923,0.29325324,0.0072773667,0.10426513,0.018869855,0.12438698,0.02361286,0.78254354,0.010625306,0.105384976,0.025371674,0.09932568,0.023037782,null,null,null,null,"TWOGAUSSIANS",8,158.7724,0.29325324,0.0072801826,0.4,0.0,0.1129745,0.013063566,0.78254354,0.010625306,0.4,0.0,0.087913156,0.0071333875
375316653866487564,6126273323042594432,0.50535476,2152.0827049678905,0.11939816999982962,1.3137943E-5,18.073032,9.861838E-4,0.55642223,1.1795081E-4,0.0044961544,9.8380886E-5,0.42518538,0.026197754,0.6938101,4.0215586E-5,0.0034030613,1.3616846E-4,0.034029283,0.0026555085,null,null,null,null,"TWOGAUSSIANS",8,1.787822,0.55642223,1.1795081E-4,0.025178464,5.5093295E-4,0.42518538,0.026197754,0.6938101,4.0215586E-5,0.019057143,7.6254335E-4,0.034029283,0.0026555085
375316653866487564,6126275075388959872,0.46371806,2157.005473895766,2.471549673102932,2.017695E-5,15.105285,0.041595455,0.13965823,0.0064129718,0.10531002,0.021699956,0.14682299,0.039208576,0.6394347,0.0054909787,0.12758717,0.027334766,0.17830746,0.036817696,null,null,null,null,"TWOGAUSSIANS",8,144.7228,0.6394347,0.0054905196,0.4,0.0,0.14592743,0.009022601,0.13965823,0.0064775166,0.4,0.0,0.11460417,0.0102171
375316653866487564,6126275350268298752,0.47146767,2141.533860818572,1.7635618933476402,4.765206E-5,19.323435,0.007420998,0.18972263,0.017604286,0.057269875,0.010175235,0.07232004,0.021030813,0.6838969,0.008038819,0.036100727,0.005166226,0.45862642,0.061680023,null,null,null,null,"TWOGAUSSIANS",8,3.6984825,0.6838969,0.008038819,0.20216408,0.028930865,0.4586263,0.06167951,0.18972263,0.017604286,0.32071128,0.056981318,0.07231992,0.02103072
375316653866487564,6126275968742147584,0.5712294,2126.23861386342,2.158998023822405,8.359637E-6,14.139787,0.0058766333,0.24107428,0.0020832706,0.08777354,0.0035484117,0.27803454,0.0059384145,0.7441399,0.0024286967,0.09709882,0.0042405874,0.27077353,0.008245616,null,null,null,null,"TWOGAUSSIANS",8,141.7771,0.24107428,0.0020832706,0.4,0.0,0.2645303,0.004628566,0.7441399,0.0024286967,0.4,0.0,0.25726837,0.008874529
