Gaia/vari_eclipsing_binary/VariEclipsingBinary_507925-508013.csv
# %ECSV 1.0
# ---
# delimiter: ','
# meta: !!omap
# - RELEASE: Gaia DR3
# - TABLE: vari_eclipsing_binary
# - DESCRIPTION: >
#     This table describes the properties of the eclipsing binaries resulting from the variability analysis. 
# - CITATION: >
#     How to cite and acknowledge Gaia: 
#     https://gea.esac.esa.int/archive/documentation/credits.html 
# - KNOWN_ISSUES: >
#     Known issues: 
#     https://www.cosmos.esa.int/web/gaia-users/known-issues 
# - DOCUMENTATION: >
#     Tutorials and documentation: 
#     https://www.cosmos.esa.int/web/gaia-users/archive 
# datatype:
# - 
#   name: solution_id
#   datatype: int64
#   description: Solution Identifier
#   meta:
#     ucd: meta.version
# - 
#   name: source_id
#   datatype: int64
#   description: Unique source identifier
#   meta:
#     ucd: meta.id;meta.main
# - 
#   name: global_ranking
#   datatype: float32
#   description: Number between 0 (worst) and 1 (best)
#   meta:
#     ucd: stat.param
# - 
#   name: reference_time
#   datatype: float64
#   unit: d
#   description: Reference time used for the geometric model fit
#   meta:
#     ucd: time.epoch
# - 
#   name: frequency
#   datatype: float64
#   unit: d**-1
#   description: Frequency of geometric model of the eclipsing binary light curve
#   meta:
#     ucd: src.orbital
# - 
#   name: frequency_error
#   datatype: float32
#   unit: d**-1
#   description: "Uncertainty of \\texttt{frequency}"
#   meta:
#     ucd: stat.error
# - 
#   name: geom_model_reference_level
#   datatype: float32
#   unit: mag
#   description: Magnitude reference level of geometric model
#   meta:
#     ucd: phot.mag;em.opt
# - 
#   name: geom_model_reference_level_error
#   datatype: float32
#   unit: mag
#   description: "Uncertainty of \\texttt{geomModelReferenceLevel}"
#   meta:
#     ucd: stat.error;phot.mag;em.opt
# - 
#   name: geom_model_gaussian1_phase
#   datatype: float32
#   description: Phase of the Gaussian 1 component
#   meta:
#     ucd: time.phase
# - 
#   name: geom_model_gaussian1_phase_error
#   datatype: float32
#   description: "Uncertainty of \\texttt{geomModelGaussian1Phase}"
#   meta:
#     ucd: stat.error;time.phase
# - 
#   name: geom_model_gaussian1_sigma
#   datatype: float32
#   description: "Standard deviation [phase] of Gaussian 1 component"
#   meta:
#     ucd: stat.stdev
# - 
#   name: geom_model_gaussian1_sigma_error
#   datatype: float32
#   description: "Uncertainty of \\texttt{geomModelGaussian1Sigma}"
#   meta:
#     ucd: stat.error
# - 
#   name: geom_model_gaussian1_depth
#   datatype: float32
#   unit: mag
#   description: Magnitude depth of Gaussian 1 component
#   meta:
#     ucd: src.var.amplitude
# - 
#   name: geom_model_gaussian1_depth_error
#   datatype: float32
#   unit: mag
#   description: "Uncertainty of \\texttt{geomModelGaussian1Depth}"
#   meta:
#     ucd: stat.error;src.var.amplitude
# - 
#   name: geom_model_gaussian2_phase
#   datatype: float32
#   description: Phase of Gaussian 2 component
#   meta:
#     ucd: time.phase
# - 
#   name: geom_model_gaussian2_phase_error
#   datatype: float32
#   description: "Uncertainty of \\texttt{geomModelGaussian2Phase}"
#   meta:
#     ucd: stat.error;time.phase
# - 
#   name: geom_model_gaussian2_sigma
#   datatype: float32
[...]
#   datatype: float32
#   description: "Secondary eclipse: uncertainty of \\texttt{derivedSecondaryEclDuration}"
#   meta:
#     ucd: stat.error;time.duration
# - 
#   name: derived_secondary_ecl_depth
#   datatype: float32
#   unit: mag
#   description: "Secondary eclipse: depth"
#   meta:
#     ucd: src.var.amplitude
# - 
#   name: derived_secondary_ecl_depth_error
#   datatype: float32
#   unit: mag
#   description: "Secondary eclipse: uncertainty of \\texttt{derivedSecondaryEclDepth}"
#   meta:
#     ucd: stat.error;src.var.amplitude
solution_id,source_id,global_ranking,reference_time,frequency,frequency_error,geom_model_reference_level,geom_model_reference_level_error,geom_model_gaussian1_phase,geom_model_gaussian1_phase_error,geom_model_gaussian1_sigma,geom_model_gaussian1_sigma_error,geom_model_gaussian1_depth,geom_model_gaussian1_depth_error,geom_model_gaussian2_phase,geom_model_gaussian2_phase_error,geom_model_gaussian2_sigma,geom_model_gaussian2_sigma_error,geom_model_gaussian2_depth,geom_model_gaussian2_depth_error,geom_model_cosine_half_period_amplitude,geom_model_cosine_half_period_amplitude_error,geom_model_cosine_half_period_phase,geom_model_cosine_half_period_phase_error,model_type,num_model_parameters,reduced_chi2,derived_primary_ecl_phase,derived_primary_ecl_phase_error,derived_primary_ecl_duration,derived_primary_ecl_duration_error,derived_primary_ecl_depth,derived_primary_ecl_depth_error,derived_secondary_ecl_phase,derived_secondary_ecl_phase_error,derived_secondary_ecl_duration,derived_secondary_ecl_duration_error,derived_secondary_ecl_depth,derived_secondary_ecl_depth_error
[from data line 409]
375316653866487564,4468340046120941952,0.595503,2290.344505544119,1.1559839275580683,1.229857E-5,12.140442,0.0025732173,0.30135047,0.0021372645,0.085819036,0.0022399854,0.19114883,0.0035452927,0.7991579,0.002310594,0.07029589,0.0021186008,0.24079083,0.006085358,null,null,null,null,"TWOGAUSSIANS",8,96.80423,0.7991579,0.002310594,0.393657,0.011864165,0.23840673,0.0060333507,0.30135047,0.0021372645,0.4,0.0,0.18876474,0.003267707
375316653866487564,4468340286639126912,0.50704944,2279.6429015785084,2.4138961199424913,2.4151625E-5,18.735966,0.0035775222,null,null,null,null,null,null,null,null,null,null,null,null,0.087431885,0.0042561484,0.2395866,0.00453893,"ELLIPSOIDAL",4,2.0145657,null,null,null,null,null,null,null,null,null,null,null,null
375316653866487564,4468341794170107136,0.6059444,2289.9893569315927,0.685414325730907,3.4861634E-5,17.512003,0.0023565323,0.28851557,3.4338093E-4,0.02370649,0.0011667365,0.74637693,0.018620757,0.7901756,7.9834506E-5,0.023715142,0.0010386794,0.13814291,0.004978847,0.029520884,0.00565604,0.28851557,3.4338093E-4,"TWOGAUSSIANS_WITH_ELLIPSOIDAL_ON_ECLIPSE1",9,8.714269,0.28851557,3.4338093E-4,0.13275635,0.0065337243,0.80541867,0.022819946,0.7901756,7.9834506E-5,0.1328048,0.0058166045,0.19717826,0.007025974
375316653866487564,4468342520013184896,0.5325538,2271.6563196207894,3.8559304111501667,1.36360095E-5,18.717918,0.01848952,0.16551182,0.0058077006,0.09127944,0.009091519,0.18237288,0.02184997,0.6464957,0.0025108624,0.084298424,0.0070242137,0.2597503,0.018073004,null,null,null,null,"TWOGAUSSIANS",8,2.1854024,0.6464957,0.0025108624,0.4,0.0,0.2542979,0.015693959,0.16551182,0.0058077006,0.4,0.0,0.17692031,0.019323934
375316653866487564,4468345818557703040,0.6409542,2264.7642044041427,2.4948753721325905,5.550192E-6,14.491784,0.0067240824,0.28412867,0.0018648132,0.051670488,0.0066188923,0.14398506,0.016877728,0.7847255,0.0031973855,0.049940582,0.0052136825,0.13095959,0.014840325,0.10144589,0.008191967,0.28412867,0.0018648132,"TWOGAUSSIANS_WITH_ELLIPSOIDAL_ON_ECLIPSE1",9,40.821545,0.28412867,0.0018648132,0.28935474,0.037065797,0.34687507,0.012917034,0.7847255,0.0030941423,0.27966726,0.029196622,0.33384675,0.007758102
375316653866487564,4468345921636918528,0.52359724,2269.4550583152127,2.978033732373947,2.6208792E-5,13.616819,0.754879,0.24943937,0.0085090175,0.21578541,0.124087036,0.7741404,0.7340207,0.7471606,0.0050091366,0.16714796,0.057034142,0.71247065,0.49518663,null,null,null,null,"TWOGAUSSIANS",8,236.31287,0.7471606,0.0050091366,0.4,0.0,0.19257067,0.012786362,0.25031936,0.0078990655,0.4,0.0,0.16483274,0.012430885
375316653866487564,4468347738403426560,0.6520412,2292.834428842005,3.237774129415486,8.967934E-6,16.543722,0.0146428,0.24994679,0.0018863219,0.053247854,0.0039224983,0.3459162,0.031980835,0.7415659,0.003636329,0.057044033,0.0038771844,0.43442154,0.033268873,0.0971992,0.017436434,0.24994679,0.0018863219,"TWOGAUSSIANS_WITH_ELLIPSOIDAL_ON_ECLIPSE1",9,13.826288,0.74242586,0.0032101227,0.3194466,0.021712232,0.6283159,0.0150005305,0.24994679,0.0018863219,0.29818797,0.021965992,0.54029375,0.005206603
375316653866487564,4468347807122932224,0.55611295,2314.0781828594872,3.0489343997561256,1.37035295E-5,18.400692,0.011186647,0.3013863,0.011756977,0.06782001,0.013264201,0.36114717,0.058599256,0.79772896,0.0033760392,0.072965026,0.0041001556,0.43689194,0.020788124,null,null,null,null,"TWOGAUSSIANS",8,4.8667,0.79772896,0.0033760392,0.4,0.0034298846,0.43556738,0.020448808,0.3013863,0.011756977,0.3797921,0.032931387,0.3598226,0.059730127
375316653866487564,4468347910202150656,0.55410856,2254.2175045761837,2.320187199616248,1.4928616E-5,16.943064,0.005950486,0.2246045,0.0039385906,0.0798136,0.008443808,0.11717998,0.005866019,0.7129826,0.0021586856,0.09070185,0.0067859017,0.21983583,0.012466414,null,null,null,null,"TWOGAUSSIANS",8,6.180671,0.7129826,0.0021586856,0.4,0.0,0.2162239,0.013725588,0.2246045,0.0039385906,0.4,0.0,0.11356819,0.0052396436
375316653866487564,4468349048372811776,0.50014067,2276.6207589850887,2.5826861458166084,2.7869526E-5,18.320604,0.01261116,0.30420482,0.0092830695,0.097379476,0.011142898,0.1476657,0.0153450295,0.7918816,0.009294788,0.089088,0.0175754,0.08788697,0.013145141,null,null,null,null,"TWOGAUSSIANS",8,2.9463854,0.30420482,0.0092830695,0.4,0.0,0.14239986,0.014722453,0.7918816,0.009294788,0.4,0.0,0.08262177,0.009602758
375316653866487564,4468350938158753024,0.5642696,2270.2000970440054,3.099052701153624,1.49806265E-5,16.616459,0.0429675,0.2799159,0.0035355706,0.119283855,0.017163424,0.2128299,0.04079334,0.77068305,0.003156879,0.123147465,0.016740847,0.23202693,0.039600663,null,null,null,null,"TWOGAUSSIANS",8,7.6664853,0.77068305,0.003156879,0.4,0.0,0.18312632,0.010203349,0.2799959,0.003513662,0.4,0.0,0.16398844,0.0058713243
375316653866487564,4468351827212512640,0.5268466,2272.44952671424,2.756905178765087,1.866429E-5,18.685946,0.03435179,0.23612331,0.004843237,0.111056685,0.011924374,0.36067647,0.03219398,0.7351797,0.007892402,0.0987216,0.01559338,0.3199475,0.027958646,null,null,null,null,"TWOGAUSSIANS",8,4.5796976,0.23612331,0.004843237,0.4,0.0,0.3213548,0.014047894,0.7351797,0.007892402,0.4,0.0,0.2806528,0.01739796
375316653866487564,4468354094955298560,0.55539906,2267.2642584947716,3.851408865291195,2.9491464E-5,17.820879,0.03379182,0.27570787,0.006888224,0.10681115,0.01734247,0.23417011,0.030086387,0.74893826,0.007360077,0.10512259,0.017738955,0.24341899,0.032826595,null,null,null,null,"TWOGAUSSIANS",8,3.9541516,0.74893826,0.007360077,0.4,0.0,0.22168791,0.008449838,0.27572787,0.0068696863,0.4,0.0,0.21243554,0.014692874
375316653866487564,4468354094964851072,0.5351288,2276.7844920644266,3.9224499765559147,3.5052155E-5,18.787502,0.022148045,0.18037339,0.0032501156,0.07870013,0.007784684,0.24119177,0.021545602,0.6959558,0.013153379,0.08912735,0.018545087,0.31494865,0.03695487,null,null,null,null,"TWOGAUSSIANS",8,3.323333,0.6959558,0.013153379,0.4,0.0,0.30999842,0.038841262,0.18037339,0.0032501156,0.4,0.0,0.2362417,0.016459856
375316653866487564,4468356328333465984,0.5413402,2194.1738438611806,0.5318192295298382,1.7167889E-6,19.72318,0.006465517,0.42099544,0.018187383,0.024425434,0.0038818358,1.8391408,2.1926055,0.75096554,8.531457E-5,0.013902541,9.725839E-4,0.18786211,0.0077386135,null,null,null,null,"TWOGAUSSIANS",8,1.5853918,0.42099544,0.018187383,0.13678244,0.021738281,1.8391408,2.1926055,0.75096554,8.531457E-5,0.07785423,0.00544647,0.18786211,0.0077386135
375316653866487564,4468356607506013184,0.58394706,2266.6329459915364,3.981019039532736,5.161188E-6,18.571733,0.0063631306,0.21789153,0.0050025997,0.06996693,0.0038826936,0.5634246,0.034935802,0.7214955,0.0014591375,0.06143558,0.0017335518,0.6246734,0.018712126,null,null,null,null,"TWOGAUSSIANS",8,3.804093,0.7214955,0.0014591375,0.34403926,0.00970789,0.62391084,0.018735956,0.21789153,0.0050025997,0.3918148,0.01991897,0.56266195,0.03490493
375316653866487564,4468360249647620992,0.58776075,2268.5299427505133,0.46803519473511124,4.9082087E-6,16.630936,0.005885353,0.15543143,0.0020912003,0.0258385,0.0011064126,0.6603591,0.01905812,0.64457285,0.00205997,0.027275773,0.0011728375,0.68251246,0.04518546,null,null,null,null,"TWOGAUSSIANS",8,46.91983,0.64457285,0.00205997,0.15274432,0.00656789,0.68251246,0.04518546,0.15543143,0.0020912003,0.1446956,0.0061959107,0.6603591,0.01905812
375316653866487564,4468360455805965440,0.5369009,2241.3330197003656,2.995464810279717,1.2661359E-5,13.1243725,0.013279562,0.12263014,0.004346752,0.096226975,0.011977075,0.18884164,0.016373461,0.63216716,0.004823904,0.10149722,0.0095107,0.23952278,0.019874685,null,null,null,null,"TWOGAUSSIANS",8,292.51392,0.63216716,0.004823904,0.4,0.0,0.22412135,0.02238065,0.12263014,0.0043465956,0.4,0.0,0.17344245,0.01880373
375316653866487564,4468360971202036352,0.54617864,2242.54382008375,1.0935191469251488,1.0202287E-5,17.959208,0.0105197085,0.28953925,0.0032770573,0.076436035,0.0076645208,0.121513784,0.009323509,0.7654234,0.05067838,0.07361988,0.054532245,0.05833352,0.015727086,null,null,null,null,"TWOGAUSSIANS",8,1.4466726,0.28953925,0.0032708452,0.4,0.0,0.12113551,0.0041598477,0.7654234,0.05067838,0.4,0.027418025,0.057955246,0.017644666
375316653866487564,4468363853121030400,0.5860181,2266.940244578998,2.8734634746482133,1.2576943E-5,19.45227,0.008662249,0.2482507,0.0064412616,0.077712424,0.00844559,0.48740187,0.037227605,0.7329091,0.002542064,0.08028073,0.0023615838,0.55496943,0.014403866,null,null,null,null,"TWOGAUSSIANS",8,1.0465976,0.7329091,0.002542064,0.4,0.0,0.5498743,0.013259718,0.2482507,0.0064412616,0.4,0.0,0.48230672,0.040519867
375316653866487564,4468367082936622720,0.5802263,2320.518167444825,2.339350105813444,2.3675047E-5,17.473875,0.017310748,0.2813486,0.003978831,0.11068598,0.007540771,0.25463673,0.019124491,0.7842799,0.0038901884,0.096102625,0.008281999,0.2776992,0.016053662,null,null,null,null,"TWOGAUSSIANS",8,5.062424,0.7842799,0.003897168,0.4,0.0,0.2502803,0.010070224,0.2813486,0.003978831,0.4,0.0,0.22719955,0.009176737
375316653866487564,4468367499547524224,0.61858743,2260.3250230783083,0.285200452283956,1.8478258E-5,18.184282,0.0020360777,0.6905955,0.0018938165,0.018276786,9.802971E-4,1.2574531,0.24111043,0.83669883,0.02651655,0.03254315,0.020481255,0.028547674,0.05938279,null,null,null,null,"TWOGAUSSIANS",8,1.115551,0.6905955,0.0018938165,0.10235001,0.0054896637,1.2574543,0.24111064,0.83669883,0.02651655,0.18224163,0.11469503,0.028547674,0.05938279
375316653866487564,4468372168173630080,0.4737731,2289.862406464314,3.5746235750035065,8.567892E-5,18.53891,0.4461046,0.2914274,0.013408679,0.12917735,0.079140835,0.20934288,0.39136118,0.80511296,0.016571105,0.14156769,0.12736164,0.18462092,0.42735302,null,null,null,null,"TWOGAUSSIANS",8,3.6396494,0.29095742,0.011267345,0.4,0.0,0.14550355,0.017478535,0.80541295,0.015587732,0.4,0.0,0.120271824,0.0133522535
375316653866487564,4468372958447753344,0.44517535,2300.38310596807,2.8291688758086484,4.038687E-5,17.160322,0.004435267,null,null,null,null,null,null,null,null,null,null,null,null,0.06142984,0.0061016134,0.2893205,0.008533077,"ELLIPSOIDAL",4,24.771706,null,null,null,null,null,null,null,null,null,null,null,null
375316653866487564,4468374092319386240,0.6053752,2261.4059857688026,2.4690441640409673,9.898734E-6,16.477642,0.02250634,0.27468184,0.0023217532,0.09864864,0.0057950113,0.3442903,0.021768473,0.7734413,0.0032641464,0.116473116,0.011404821,0.29437515,0.016240317,null,null,null,null,"TWOGAUSSIANS",8,9.37068,0.27468184,0.0023276112,0.4,0.0,0.30271238,0.009232224,0.7734413,0.0032641464,0.4,0.0,0.25274038,0.008128908
375316653866487564,4468374474579342848,0.4898704,2295.2288457314344,1.9684109815933173,1.8950741E-5,11.43583,0.0022959216,0.21378109,0.0063408506,0.024512008,0.010275655,0.036701854,0.0053157085,0.6796857,0.0026046159,0.097508445,0.0041816663,0.08436499,0.0021486657,null,null,null,null,"TWOGAUSSIANS",8,54.435417,0.6796857,0.0026046159,0.4,0.0,0.084356844,0.002145632,0.21378109,0.0063408506,0.13726723,0.05754367,0.03669467,0.0053156815
375316653866487564,4468376978541752320,0.55532914,2248.192933184256,4.11278077840872,2.7979037E-5,19.241505,0.023854462,0.3104321,0.011937868,0.092068866,0.014844005,0.4098344,0.028072206,0.80193007,0.00493935,0.07558197,0.0072781052,0.46760836,0.026307698,null,null,null,null,"TWOGAUSSIANS",8,2.5524669,0.80193007,0.00493935,0.4,0.007411023,0.4589198,0.023697311,0.3104321,0.011937868,0.4,0.0,0.4011455,0.026232123
375316653866487564,4468377012901499008,0.49443135,2236.3247075799854,3.070216272930808,3.6421865E-5,19.14136,0.050346322,0.21992382,0.0065005044,0.08961787,0.018277146,0.3497919,0.04473887,0.7245405,0.014759369,0.073741674,0.02459115,0.37847498,0.052758943,null,null,null,null,"TWOGAUSSIANS",8,6.427775,0.7245405,0.014759369,0.4,0.077606514,0.37236863,0.05863334,0.21992382,0.0065005044,0.4,0.0,0.34368542,0.037811134
375316653866487564,4468377120279332736,0.53085715,2273.7006738790014,4.2894463601277355,2.4360466E-5,16.341621,0.016707387,0.2340206,0.00979478,0.08739365,0.010994934,0.2249333,0.023282766,0.7359477,0.006024021,0.078891456,0.00896356,0.3646021,0.02032385,null,null,null,null,"TWOGAUSSIANS",8,88.01227,0.7359477,0.006024021,0.4,0.0,0.3586958,0.018966924,0.2340206,0.00979478,0.4,0.0,0.219027,0.020817496
375316653866487564,4468377562653567360,0.43469894,2256.128285465737,1.0070786909489313,1.0186421E-4,18.39465,0.01752428,0.2685238,0.023245893,0.05776547,0.014777914,0.10238802,0.031566482,0.6487108,0.037354227,0.14686623,0.047956396,0.18478365,0.018360294,null,null,null,null,"TWOGAUSSIANS",8,12.766388,0.6487108,0.037354227,0.4,0.0,0.1817745,0.015968485,0.2724538,0.024264984,0.32348663,0.08275631,0.106106035,0.031925153
375316653866487564,4468378047992192256,0.51557624,2250.0219760500854,0.8739874303862131,2.464354E-5,14.534486,0.1862909,0.2936064,0.0021475216,0.15008464,0.048325464,0.1873381,0.11568606,0.79711014,0.0038056888,0.26530433,0.15518184,0.23383796,0.1835542,null,null,null,null,"TWOGAUSSIANS",8,12.145343,0.2917564,0.002388365,0.4,0.0,0.06730669,0.0058903643,0.79799014,0.0045986134,0.4,0.0,0.036435563,0.0056816796
375316653866487564,4468379284942839936,0.5440156,2241.532480652158,2.2817200475952464,1.11422905E-5,16.947504,0.014875754,0.25390926,0.0063716616,0.06668406,0.008788859,0.37432963,0.042945527,0.7362337,0.0053064227,0.08332555,0.0047590337,0.54887164,0.025760327,null,null,null,null,"TWOGAUSSIANS",8,50.27378,0.7362337,0.0053064227,0.4,0.0,0.54648465,0.025013931,0.25390926,0.0063716616,0.37343073,0.039308604,0.3719427,0.044053517
375316653866487564,4468379349360275968,0.620831,2249.1324967087985,3.027595779900188,6.976694E-6,17.807308,0.01676653,0.18222634,0.0014627769,0.04768593,0.005416845,0.32002816,0.036588486,0.6853806,0.0072743753,0.052207917,0.007329955,0.22415484,0.040469468,0.108852595,0.023333617,0.18222634,0.0014627769,"TWOGAUSSIANS_WITH_ELLIPSOIDAL_ON_ECLIPSE1",9,7.6444883,0.18222634,0.0014627769,0.2670412,0.030334331,0.5377309,0.013000476,0.6853806,0.0072743753,0.29236433,0.04104775,0.44177204,0.010423714
375316653866487564,4468380418814705024,0.68821466,2289.5496551159176,0.9383505748286938,7.4355294E-6,13.054799,0.0032877598,0.21390025,7.9432345E-4,0.035591435,8.226748E-4,1.1665999,0.03488015,0.7169322,0.0032925224,0.03428226,0.0032807349,0.23112108,0.021017907,0.04336693,0.0053500887,0.7169322,0.0032925224,"TWOGAUSSIANS_WITH_ELLIPSOIDAL_ON_ECLIPSE2",9,116.12816,0.21392025,7.865931E-4,0.19931205,0.0046069785,1.2533026,0.035512853,0.7169322,0.0032925224,0.19198065,0.018372115,0.31785494,0.022672141
375316653866487564,4468382961435295488,0.489928,2290.2358844601713,3.4334711606006185,3.4476026E-5,18.4297,0.043848258,0.2936156,0.015366399,0.111018494,0.033019498,0.18140233,0.045460112,0.79775417,0.008646204,0.08857018,0.017675202,0.205218,0.042560972,null,null,null,null,"TWOGAUSSIANS",8,5.1381025,0.79775417,0.008651324,0.4,0.0,0.18959786,0.013444119,0.2936156,0.015366399,0.4,0.0,0.16576774,0.013221292
375316653866487564,4468385297897659008,0.45430574,2251.9796421202163,0.0985166832422064,2.3079578E-5,14.580726,0.042982347,0.15473168,0.0069057764,0.056136664,0.008256483,0.23959336,0.030534348,0.6894613,0.008435599,0.18234433,0.12235467,0.05121759,0.038667914,null,null,null,null,"TWOGAUSSIANS",8,9.966048,0.15451168,0.006810241,0.3143653,0.046236303,0.23304497,0.027194832,0.6894613,0.008435599,0.4,0.0,0.041997053,0.011743411
