Gaia/vari_eclipsing_binary/VariEclipsingBinary_050903-051194.csv
# %ECSV 1.0
# ---
# delimiter: ','
# meta: !!omap
# - RELEASE: Gaia DR3
# - TABLE: vari_eclipsing_binary
# - DESCRIPTION: >
#     This table describes the properties of the eclipsing binaries resulting from the variability analysis. 
# - CITATION: >
#     How to cite and acknowledge Gaia: 
#     https://gea.esac.esa.int/archive/documentation/credits.html 
# - KNOWN_ISSUES: >
#     Known issues: 
#     https://www.cosmos.esa.int/web/gaia-users/known-issues 
# - DOCUMENTATION: >
#     Tutorials and documentation: 
#     https://www.cosmos.esa.int/web/gaia-users/archive 
# datatype:
# - 
#   name: solution_id
#   datatype: int64
#   description: Solution Identifier
#   meta:
#     ucd: meta.version
# - 
#   name: source_id
#   datatype: int64
#   description: Unique source identifier
#   meta:
#     ucd: meta.id;meta.main
# - 
#   name: global_ranking
#   datatype: float32
#   description: Number between 0 (worst) and 1 (best)
#   meta:
#     ucd: stat.param
# - 
#   name: reference_time
#   datatype: float64
#   unit: d
#   description: Reference time used for the geometric model fit
#   meta:
#     ucd: time.epoch
# - 
#   name: frequency
#   datatype: float64
#   unit: d**-1
#   description: Frequency of geometric model of the eclipsing binary light curve
#   meta:
#     ucd: src.orbital
# - 
#   name: frequency_error
#   datatype: float32
#   unit: d**-1
#   description: "Uncertainty of \\texttt{frequency}"
#   meta:
#     ucd: stat.error
# - 
#   name: geom_model_reference_level
#   datatype: float32
#   unit: mag
#   description: Magnitude reference level of geometric model
#   meta:
#     ucd: phot.mag;em.opt
# - 
#   name: geom_model_reference_level_error
#   datatype: float32
#   unit: mag
#   description: "Uncertainty of \\texttt{geomModelReferenceLevel}"
#   meta:
#     ucd: stat.error;phot.mag;em.opt
# - 
#   name: geom_model_gaussian1_phase
#   datatype: float32
#   description: Phase of the Gaussian 1 component
#   meta:
#     ucd: time.phase
# - 
#   name: geom_model_gaussian1_phase_error
#   datatype: float32
#   description: "Uncertainty of \\texttt{geomModelGaussian1Phase}"
#   meta:
#     ucd: stat.error;time.phase
# - 
#   name: geom_model_gaussian1_sigma
#   datatype: float32
#   description: "Standard deviation [phase] of Gaussian 1 component"
#   meta:
#     ucd: stat.stdev
# - 
#   name: geom_model_gaussian1_sigma_error
#   datatype: float32
#   description: "Uncertainty of \\texttt{geomModelGaussian1Sigma}"
#   meta:
#     ucd: stat.error
# - 
#   name: geom_model_gaussian1_depth
#   datatype: float32
#   unit: mag
#   description: Magnitude depth of Gaussian 1 component
#   meta:
#     ucd: src.var.amplitude
# - 
#   name: geom_model_gaussian1_depth_error
#   datatype: float32
#   unit: mag
#   description: "Uncertainty of \\texttt{geomModelGaussian1Depth}"
#   meta:
#     ucd: stat.error;src.var.amplitude
# - 
#   name: geom_model_gaussian2_phase
#   datatype: float32
#   description: Phase of Gaussian 2 component
#   meta:
#     ucd: time.phase
# - 
#   name: geom_model_gaussian2_phase_error
#   datatype: float32
#   description: "Uncertainty of \\texttt{geomModelGaussian2Phase}"
#   meta:
#     ucd: stat.error;time.phase
# - 
#   name: geom_model_gaussian2_sigma
#   datatype: float32
[...]
#   datatype: float32
#   description: "Secondary eclipse: uncertainty of \\texttt{derivedSecondaryEclDuration}"
#   meta:
#     ucd: stat.error;time.duration
# - 
#   name: derived_secondary_ecl_depth
#   datatype: float32
#   unit: mag
#   description: "Secondary eclipse: depth"
#   meta:
#     ucd: src.var.amplitude
# - 
#   name: derived_secondary_ecl_depth_error
#   datatype: float32
#   unit: mag
#   description: "Secondary eclipse: uncertainty of \\texttt{derivedSecondaryEclDepth}"
#   meta:
#     ucd: stat.error;src.var.amplitude
solution_id,source_id,global_ranking,reference_time,frequency,frequency_error,geom_model_reference_level,geom_model_reference_level_error,geom_model_gaussian1_phase,geom_model_gaussian1_phase_error,geom_model_gaussian1_sigma,geom_model_gaussian1_sigma_error,geom_model_gaussian1_depth,geom_model_gaussian1_depth_error,geom_model_gaussian2_phase,geom_model_gaussian2_phase_error,geom_model_gaussian2_sigma,geom_model_gaussian2_sigma_error,geom_model_gaussian2_depth,geom_model_gaussian2_depth_error,geom_model_cosine_half_period_amplitude,geom_model_cosine_half_period_amplitude_error,geom_model_cosine_half_period_phase,geom_model_cosine_half_period_phase_error,model_type,num_model_parameters,reduced_chi2,derived_primary_ecl_phase,derived_primary_ecl_phase_error,derived_primary_ecl_duration,derived_primary_ecl_duration_error,derived_primary_ecl_depth,derived_primary_ecl_depth_error,derived_secondary_ecl_phase,derived_secondary_ecl_phase_error,derived_secondary_ecl_duration,derived_secondary_ecl_duration_error,derived_secondary_ecl_depth,derived_secondary_ecl_depth_error
[from data line 615]
375316653866487564,449965890900637184,0.50618535,2190.1357811637,3.0417024582182237,1.819307E-5,19.24018,0.012535327,0.27370682,0.009127806,0.089527786,0.011299104,0.31118414,0.02436665,0.78291184,0.0039891526,0.08385605,0.0046984265,0.34441796,0.017401641,null,null,null,null,"TWOGAUSSIANS",8,2.7829392,0.78291184,0.0039891526,0.4,0.0,0.33566785,0.015095458,0.27370682,0.009127806,0.4,0.0,0.30243394,0.025671124
375316653866487564,449966925990784768,0.6391464,2173.4772790060174,0.9931950958012824,7.0246547E-6,17.107735,0.0039377916,0.21910742,0.0037756942,0.035683293,0.003207451,0.26403046,0.015343974,0.72189724,0.0011401556,0.03750241,0.0014083576,0.26709813,0.0112489415,0.026750246,0.0051567955,0.21910742,0.0037756942,"TWOGAUSSIANS_WITH_ELLIPSOIDAL_ON_ECLIPSE1",9,2.1796064,0.72189724,0.0011372786,0.21001351,0.007886803,0.32058215,0.0072958274,0.21910742,0.0037756942,0.19982645,0.017961726,0.3175309,0.012663318
375316653866487564,449969051995472512,0.5227687,2182.380454358421,2.7223868527132504,1.00804755E-5,18.841112,0.017549071,0.3032955,0.0017204691,0.086173564,0.005179104,0.34079823,0.017039672,0.80290073,0.005322404,0.10131631,0.009223495,0.28699672,0.01791321,null,null,null,null,"TWOGAUSSIANS",8,2.8821235,0.3032955,0.0017204691,0.4,0.0,0.3232591,0.011180148,0.80290073,0.005322404,0.4,0.0,0.26945466,0.014159053
375316653866487564,449970769983628800,0.5553933,2177.542286948121,0.4681431097527797,1.10636276E-4,16.943222,0.001244475,0.5163486,0.0030838277,0.04226471,0.003356138,0.22501615,0.011129343,null,null,null,null,null,null,null,null,null,null,"ONEGAUSSIAN",5,3.276695,0.5163486,0.0030838277,0.23668237,0.018794373,0.22501615,0.0,null,null,null,null,null,null
375316653866487564,449971147940835328,0.52818733,2164.44146776932,2.7388856315565633,1.437729E-5,19.908516,0.008620176,0.23129892,0.0051349048,0.07819903,0.0056875194,0.39181498,0.020703057,0.73242974,0.0059839888,0.067015596,0.00519538,0.3490125,0.021027578,null,null,null,null,"TWOGAUSSIANS",8,0.7848776,0.23129892,0.0051349048,0.4,0.0,0.38989362,0.020738605,0.73242974,0.0059839888,0.37528735,0.029094128,0.34709114,0.020908644
375316653866487564,449971285379795584,0.55279243,2176.895465073944,0.33885678405803366,1.3509158E-5,17.817087,0.002094137,0.20477621,0.00181053,0.018494876,0.0028264965,0.319211,0.02640307,0.8019828,0.0020252462,0.02259171,0.0020856322,0.11696909,0.009784363,null,null,null,null,"TWOGAUSSIANS",8,3.8235593,0.20477621,0.00181053,0.1035713,0.01582838,0.319211,0.02640307,0.8019828,0.0020252462,0.12651359,0.01167954,0.11696909,0.009784363
375316653866487564,449971942512574976,0.50119203,2206.3775647256457,0.1959751253369284,9.9816476E-5,16.975958,0.003350303,0.5796114,0.004920202,0.024224827,0.003156158,1.7174516,1.0479074,null,null,null,null,null,null,null,null,null,null,"ONEGAUSSIAN",5,31.654472,0.5796114,0.004920202,0.13565902,0.017674483,1.7174516,0.0,null,null,null,null,null,null
375316653866487564,449977405711741184,0.44209638,2179.108899637229,0.963557711450637,7.3149524E-5,15.303722,0.0018461451,0.19688728,0.0118685085,0.025942741,0.008748152,0.06642893,0.0045519536,0.7308596,0.05530013,0.088564426,0.05278092,0.018167945,0.0035662903,null,null,null,null,"TWOGAUSSIANS",8,20.411747,0.19688728,0.0118685085,0.14527935,0.04898965,0.06642818,0.004553738,0.7308596,0.05530013,0.4,0.14935802,0.018167173,0.0035656586
375316653866487564,449984552532797952,0.4377104,2160.1998073962704,0.35110639586816195,1.0364826E-5,19.498365,0.024030047,0.22731452,0.0024521963,0.031159963,0.0027112758,0.74798894,0.033205442,0.58438814,0.0229419,0.1160013,0.023406863,0.12901527,0.036711503,null,null,null,null,"TWOGAUSSIANS",8,7.8133526,0.22735451,0.0024408773,0.1744958,0.015183145,0.7490904,0.03357362,0.58438814,0.0229419,0.4,0.0,0.12898603,0.036715038
375316653866487564,449985858207243008,0.56085724,2186.20117271943,0.3084483195013239,4.9964524E-6,17.144444,0.0024363769,0.22391215,0.021759776,0.02737084,0.0061794356,0.048594583,0.03714607,0.6229202,3.5038657E-4,0.01497864,3.9185063E-4,0.4091032,0.015574918,null,null,null,null,"TWOGAUSSIANS",8,5.8161407,0.6229202,3.5038657E-4,0.08388038,0.0021943636,0.4091032,0.015574918,0.22391215,0.021759776,0.1532767,0.03460484,0.048594583,0.03714607
375316653866487564,449987468816803584,0.45541048,2211.5791790714907,0.6900367224712465,1.4789256E-4,18.3915,0.004491443,0.2096236,0.0025969753,0.023014976,0.003763625,0.14119726,0.027397115,0.74149185,0.040501203,0.13002768,0.04709661,0.022820845,0.0084115565,null,null,null,null,"TWOGAUSSIANS",8,1.9632882,0.2096236,0.002593696,0.12888385,0.0210763,0.1411329,0.027443137,0.74149185,0.040501203,0.4,0.0,0.022716207,0.008400119
375316653866487564,449987503176513408,0.5046719,2187.266193576648,2.851888678832562,1.3720715E-5,19.44403,0.008967733,0.27753747,0.0038783601,0.081720464,0.006321059,0.29349104,0.015732484,0.77078587,0.0038952394,0.0844973,0.0059879213,0.28106022,0.009530304,null,null,null,null,"TWOGAUSSIANS",8,1.425382,0.27753747,0.0038783601,0.4,0.0,0.28798726,0.016316181,0.77078587,0.0038952394,0.4,0.0,0.27555642,0.008873661
375316653866487564,449987541834461312,0.53155285,2219.8737505699364,0.30262358988937227,2.120474E-6,16.22114,0.0010306779,0.10076955,3.3745077E-4,0.015220083,3.495225E-4,0.12042634,0.0043345247,0.666512,0.015874967,0.101223975,0.01685051,0.01695561,0.004854186,null,null,null,null,"TWOGAUSSIANS",8,3.0584786,0.10076955,3.3745077E-4,0.08523247,0.0019573262,0.12042779,0.004334849,0.666512,0.015874967,0.4,0.0,0.016955344,0.004854557
375316653866487564,449990668570727168,0.5448235,2163.179802430608,2.580509295107731,1.8236682E-5,13.692076,0.010170525,0.27689993,0.0039409497,0.088859424,0.005902998,0.20032288,0.010983966,0.76059395,0.0031372975,0.09996346,0.006383546,0.20324726,0.009840254,null,null,null,null,"TWOGAUSSIANS",8,217.47716,0.76059395,0.0031372975,0.4,0.0,0.1936593,0.006549813,0.27689993,0.0039409497,0.4,0.0,0.19073685,0.008074104
375316653866487564,449996780305988096,0.60623014,2195.765729066094,0.7702667109939505,6.710525E-6,17.513296,0.0076764724,0.23709075,0.008913919,0.023142187,0.010844757,0.086693384,0.012617221,0.7412236,0.0014364258,0.03842893,0.00483944,0.50005525,0.028468061,0.030756319,0.009107122,0.23709075,0.008913919,"TWOGAUSSIANS_WITH_ELLIPSOIDAL_ON_ECLIPSE1",9,7.568359,0.7412236,0.0014343678,0.215202,0.027100865,0.5615264,0.03793453,0.23709075,0.008913919,0.12959625,0.06073064,0.148206,0.007635039
375316653866487564,449997467500743040,0.5338707,2162.6113747640243,0.879452180678417,6.643131E-5,17.828058,0.004207878,0.2837653,0.001965452,0.033848,0.002599102,0.41237924,0.036141083,0.77185553,0.0045640715,0.022589568,0.007635871,0.033405103,0.01573382,0.01908513,0.0053531975,0.2837653,0.001965452,"TWOGAUSSIANS_WITH_ELLIPSOIDAL_ON_ECLIPSE1",9,6.4533906,0.2837653,0.001965452,0.18954879,0.014554971,0.45054942,0.039000545,0.7723755,0.0045189713,0.12650159,0.04276088,0.07137128,0.014015962
375316653866487564,449997849750315520,0.50777394,2161.380419225514,4.336847231904846,2.1272159E-5,18.916368,0.012391394,0.23185147,0.010236279,0.066398636,0.0065870574,0.6214769,0.043559264,0.7203566,0.006532772,0.07194237,0.008807925,0.52512056,0.08553002,null,null,null,null,"TWOGAUSSIANS",8,10.284861,0.23185147,0.010236279,0.37183237,0.036887523,0.6202542,0.043078557,0.7203566,0.006532772,0.4,0.020559248,0.5238979,0.08637653
375316653866487564,449999499023396608,0.536071,2190.544522792854,1.7037841715334723,9.620983E-6,16.408075,0.014430088,0.24855764,0.009488774,0.03123438,0.012560482,0.36507317,0.040206205,0.7535527,0.0011350554,0.03177892,0.0034794286,0.26611283,0.03576337,0.015358134,0.022364002,0.24855764,0.009488774,"TWOGAUSSIANS_WITH_ELLIPSOIDAL_ON_ECLIPSE1",9,56.249485,0.24855764,0.009488774,0.17491253,0.070338696,0.3957894,0.04919204,0.7535527,0.0011338784,0.17796196,0.019484801,0.29679886,0.016357891
375316653866487564,450001659385974528,0.5476271,2178.9830278397435,2.387997010810083,1.5843696E-5,17.763823,0.013263089,0.2920928,0.0036937406,0.089606985,0.008112275,0.23702969,0.015477089,0.7860568,0.007138218,0.09014914,0.009498929,0.2608289,0.0148215,null,null,null,null,"TWOGAUSSIANS",8,5.0452194,0.7860568,0.007138218,0.4,0.0,0.25137174,0.010521108,0.2920928,0.0036937406,0.4,0.0,0.22757255,0.014522183
375316653866487564,450002934997192960,0.53147537,2192.1789356055438,2.7160835094269022,1.766798E-5,19.503876,0.01327181,0.28737035,0.005025409,0.0705136,0.0061647664,0.4803034,0.034899417,0.78179234,0.004488348,0.0726446,0.007903743,0.47733825,0.05477151,null,null,null,null,"TWOGAUSSIANS",8,3.3997564,0.28737035,0.005025409,0.39487615,0.031769767,0.4784292,0.03514591,0.78179234,0.004488348,0.4,0.015281346,0.47546405,0.05581163
375316653866487564,450005511979079296,0.58685875,2198.182988422219,3.1273913069539603,9.333655E-6,19.179531,0.005550154,0.25398812,0.0044474714,0.081828944,0.005509923,0.31628758,0.014535429,0.7460879,0.0019351734,0.07109454,0.001784087,0.43312457,0.009358145,null,null,null,null,"TWOGAUSSIANS",8,0.96684194,0.7460879,0.0019351734,0.39812943,0.0076098475,0.4301931,0.009013775,0.25398812,0.0044474714,0.4,0.0,0.31335607,0.014959635
375316653866487564,450008050297677696,0.49603313,2210.5145078083574,0.4074528764467434,1.3729364E-5,17.799025,0.0016660885,0.6339006,0.0019931602,0.015782062,0.0033823028,0.16489734,0.013138866,0.89586365,0.0054245302,0.0062985444,0.0017718696,0.03361958,0.026419321,null,null,null,null,"TWOGAUSSIANS",8,2.7288718,0.6339006,0.0019931602,0.08837955,0.018940896,0.16489734,0.013138866,0.89586365,0.0054245302,0.03527185,0.00992247,0.03361958,0.026419321
375316653866487564,450009875664982272,0.6792417,2192.794720229334,0.22519643080042953,1.3461248E-6,14.011402,0.002490916,0.1543188,0.0034059044,0.02336977,0.003356533,0.07958339,0.010258503,0.65210783,4.980838E-4,0.023441924,6.0361036E-4,1.0647818,0.032799356,0.031782202,0.0038528303,0.1543188,0.0034059044,"TWOGAUSSIANS_WITH_ELLIPSOIDAL_ON_ECLIPSE1",9,84.757095,0.65211785,4.965086E-4,0.13127477,0.0033802178,1.1283339,0.0344607,0.1543188,0.0034059044,0.13087071,0.018796584,0.14314778,0.008739451
375316653866487564,450014544289124608,0.5699678,2180.5021385401283,1.7746232575884593,1.7706618E-5,19.406185,0.006786615,0.28136054,0.0027142253,0.07304531,0.003830122,0.5755305,0.025033925,0.7852614,0.002800832,0.091215946,0.004742591,0.269463,0.010148694,null,null,null,null,"TWOGAUSSIANS",8,1.3159864,0.28136054,0.0027142253,0.4,0.0042932667,0.5688334,0.025921514,0.7852614,0.002800832,0.4,0.0,0.26276568,0.010683681
375316653866487564,450015231483940352,0.46509284,2189.101927030525,1.4760084695400677,6.438277E-5,17.890862,0.014019435,0.09323583,0.017393064,0.041377686,0.03149356,0.015622529,0.006518275,0.5009084,0.014313438,0.1872551,0.035560213,0.08427602,0.01300878,null,null,null,null,"TWOGAUSSIANS",8,3.3060098,0.5009084,0.014313438,0.4,0.0,0.078964934,0.006481217,0.10370582,0.018047487,0.23171504,0.17636393,0.019177971,0.0073128236
375316653866487564,450017086909780480,0.5659127,2178.5626436067187,2.6399901933591243,7.053153E-6,18.444105,0.009480623,0.2680639,0.0039679543,0.08503373,0.005516839,0.3739503,0.012466172,0.7673103,0.002173144,0.09201207,0.0038385596,0.32441568,0.010705997,null,null,null,null,"TWOGAUSSIANS",8,3.2726095,0.2680639,0.0039679543,0.4,0.0,0.36124587,0.0133935185,0.7673103,0.002173144,0.4,0.0,0.311711,0.009048796
375316653866487564,450017636665661952,0.54727674,2215.2658157945457,0.9320942320451694,1.7514134E-5,17.332935,0.0018342276,0.23351535,0.0194076,0.011756143,0.0173651,0.009690964,51890.555,0.66746557,0.0017874956,0.03561814,0.002008469,0.21681263,0.014427956,null,null,null,null,"TWOGAUSSIANS",8,1.8720163,0.66746557,0.0017874956,0.1994616,0.011247427,0.21681263,0.014427956,0.23351535,0.0194076,0.0658344,0.09724456,0.009690964,51890.555
375316653866487564,450018774838152576,0.64915234,2188.697026751733,0.34666531846648724,4.972178E-6,13.643245,6.41735E-4,0.27086464,5.0462974E-4,0.015535421,4.797905E-4,0.23981908,0.007698798,0.7771848,0.0040713972,0.019273845,0.0035626781,0.032539833,0.003241305,0.004100421,9.6807774E-4,0.27086464,5.0462974E-4,"TWOGAUSSIANS_WITH_ELLIPSOIDAL_ON_ECLIPSE1",9,7.8796296,0.27086464,5.0462974E-4,0.08699835,0.0026868267,0.24801992,0.007847888,0.7771848,0.0040713972,0.107933536,0.019950997,0.040727742,0.0028490396
375316653866487564,450022481388842880,0.5527222,2177.0951920872976,2.810818537768569,1.4829778E-5,19.251154,0.010894765,0.23679596,0.0044900337,0.07133957,0.0049954844,0.4852139,0.025816757,0.7427734,0.0020572026,0.07360355,0.0032803335,0.5006604,0.01697212,null,null,null,null,"TWOGAUSSIANS",8,2.3105457,0.7427734,0.0020572026,0.4,0.0,0.4984336,0.016837286,0.23679596,0.0044900337,0.3995016,0.01705856,0.48298708,0.02624937
375316653866487564,450024852210982784,0.5498107,2184.985171365905,2.7650861005850413,1.0384039E-5,19.299435,0.014867203,0.15664776,0.0023169825,0.04142702,0.009291191,0.40574825,0.28661984,0.6545431,0.004411797,0.056017995,0.0043799398,0.30337685,0.04207525,0.14425604,0.019094191,0.15664776,0.0023169825,"TWOGAUSSIANS_WITH_ELLIPSOIDAL_ON_ECLIPSE1",9,2.5819736,0.15664776,0.0023169825,0.2319913,0.052030668,0.69424766,0.2978742,0.6549431,0.0035880788,0.31370077,0.024527663,0.59183544,0.020036506
375316653866487564,450026913794958848,0.6204804,2174.3129851707745,0.38551488975273074,2.40727E-6,16.185013,0.0034360038,0.29094702,7.3983875E-4,0.0289808,6.804918E-4,1.1516414,0.038815703,0.7931077,0.003731699,0.025413804,0.0043127513,0.120506674,0.009224763,null,null,null,null,"TWOGAUSSIANS",8,57.391182,0.29094702,7.3983875E-4,0.16229248,0.0038107538,1.1516414,0.038815703,0.7931077,0.003731699,0.14231731,0.024151407,0.120506674,0.009224763
375316653866487564,450031041263655808,0.54306465,2178.0260018833574,0.6539451044682794,3.268399E-5,18.53394,0.0029345849,0.22400506,0.004775124,0.036215704,0.0050113355,0.107422724,0.017185599,0.72285384,0.004244329,0.025928799,0.0070546116,0.35710293,0.052708533,null,null,null,null,"TWOGAUSSIANS",8,2.3233838,0.72285384,0.004244329,0.14520127,0.039505824,0.35710293,0.052708533,0.22400506,0.004775124,0.20280793,0.028063478,0.107422724,0.017185599
375316653866487564,450031865897372288,0.56843203,2162.681067986049,0.4985902792734734,1.7420229E-5,16.382086,0.0010651792,0.19370985,0.01610305,0.02236631,0.007912867,0.14378202,0.047471438,0.68864685,0.0030919556,0.025164025,0.0019766432,0.14539742,0.0037370003,0.013173996,0.001728071,0.19370985,0.01610305,"TWOGAUSSIANS_WITH_ELLIPSOIDAL_ON_ECLIPSE1",9,3.9033127,0.6886968,0.0030597649,0.14091854,0.011069202,0.17171894,0.003649593,0.19370985,0.01610305,0.12525134,0.044312052,0.17012995,0.04542601
375316653866487564,450033961834642688,0.4529815,2178.2899405040516,1.164103849981283,3.6856592E-5,19.343704,0.006765295,0.20402576,0.01929202,0.0125425095,0.005264553,0.17180349,0.37559268,0.7700642,0.00685314,0.04659611,0.005506505,0.22473338,0.029195044,null,null,null,null,"TWOGAUSSIANS",8,2.7229376,0.7700642,0.00685314,0.2609382,0.030836426,0.22473338,0.029195044,0.20402576,0.01929202,0.070238054,0.029481497,0.17180349,0.37559268
375316653866487564,450035022693497856,0.47009555,2167.8739935868925,0.15432256733833866,5.053841E-5,19.095072,0.012093656,0.3642605,0.0057877186,0.034315653,0.004744686,0.59793055,0.04167076,0.8616603,0.05761269,0.037116993,0.040060177,0.6334219,4.7827435E13,null,null,null,null,"TWOGAUSSIANS",8,19.263987,0.8616603,0.05761269,0.20785515,0.224337,0.6334219,4.7827435E13,0.3642605,0.0057877186,0.19216765,0.026570242,0.59793055,0.04167076
375316653866487564,450035744248018560,0.47771123,2192.4697207401728,2.729476810927011,2.5240333E-5,18.331211,0.014520079,0.2528558,0.0075390763,0.08487661,0.012807364,0.24675463,0.025644489,0.74696255,0.0066707344,0.0699637,0.00954766,0.35841677,0.025992298,null,null,null,null,"TWOGAUSSIANS",8,13.717539,0.74696255,0.0066707344,0.3917967,0.03708538,0.35563186,0.02655306,0.2528558,0.0075390763,0.4,0.0,0.2439697,0.0264767
