Gaia/vari_eclipsing_binary/VariEclipsingBinary_460642-460652.csv
# %ECSV 1.0
# ---
# delimiter: ','
# meta: !!omap
# - RELEASE: Gaia DR3
# - TABLE: vari_eclipsing_binary
# - DESCRIPTION: >
#     This table describes the properties of the eclipsing binaries resulting from the variability analysis. 
# - CITATION: >
#     How to cite and acknowledge Gaia: 
#     https://gea.esac.esa.int/archive/documentation/credits.html 
# - KNOWN_ISSUES: >
#     Known issues: 
#     https://www.cosmos.esa.int/web/gaia-users/known-issues 
# - DOCUMENTATION: >
#     Tutorials and documentation: 
#     https://www.cosmos.esa.int/web/gaia-users/archive 
# datatype:
# - 
#   name: solution_id
#   datatype: int64
#   description: Solution Identifier
#   meta:
#     ucd: meta.version
# - 
#   name: source_id
#   datatype: int64
#   description: Unique source identifier
#   meta:
#     ucd: meta.id;meta.main
# - 
#   name: global_ranking
#   datatype: float32
#   description: Number between 0 (worst) and 1 (best)
#   meta:
#     ucd: stat.param
# - 
#   name: reference_time
#   datatype: float64
#   unit: d
#   description: Reference time used for the geometric model fit
#   meta:
#     ucd: time.epoch
# - 
#   name: frequency
#   datatype: float64
#   unit: d**-1
#   description: Frequency of geometric model of the eclipsing binary light curve
#   meta:
#     ucd: src.orbital
# - 
#   name: frequency_error
#   datatype: float32
#   unit: d**-1
#   description: "Uncertainty of \\texttt{frequency}"
#   meta:
#     ucd: stat.error
# - 
#   name: geom_model_reference_level
#   datatype: float32
#   unit: mag
#   description: Magnitude reference level of geometric model
#   meta:
#     ucd: phot.mag;em.opt
# - 
#   name: geom_model_reference_level_error
#   datatype: float32
#   unit: mag
#   description: "Uncertainty of \\texttt{geomModelReferenceLevel}"
#   meta:
#     ucd: stat.error;phot.mag;em.opt
# - 
#   name: geom_model_gaussian1_phase
#   datatype: float32
#   description: Phase of the Gaussian 1 component
#   meta:
#     ucd: time.phase
# - 
#   name: geom_model_gaussian1_phase_error
#   datatype: float32
#   description: "Uncertainty of \\texttt{geomModelGaussian1Phase}"
#   meta:
#     ucd: stat.error;time.phase
# - 
#   name: geom_model_gaussian1_sigma
#   datatype: float32
#   description: "Standard deviation [phase] of Gaussian 1 component"
#   meta:
#     ucd: stat.stdev
# - 
#   name: geom_model_gaussian1_sigma_error
#   datatype: float32
#   description: "Uncertainty of \\texttt{geomModelGaussian1Sigma}"
#   meta:
#     ucd: stat.error
# - 
#   name: geom_model_gaussian1_depth
#   datatype: float32
#   unit: mag
#   description: Magnitude depth of Gaussian 1 component
#   meta:
#     ucd: src.var.amplitude
# - 
#   name: geom_model_gaussian1_depth_error
#   datatype: float32
#   unit: mag
#   description: "Uncertainty of \\texttt{geomModelGaussian1Depth}"
#   meta:
#     ucd: stat.error;src.var.amplitude
# - 
#   name: geom_model_gaussian2_phase
#   datatype: float32
#   description: Phase of Gaussian 2 component
#   meta:
#     ucd: time.phase
# - 
#   name: geom_model_gaussian2_phase_error
#   datatype: float32
#   description: "Uncertainty of \\texttt{geomModelGaussian2Phase}"
#   meta:
#     ucd: stat.error;time.phase
# - 
#   name: geom_model_gaussian2_sigma
#   datatype: float32
[...]
#   datatype: float32
#   description: "Secondary eclipse: uncertainty of \\texttt{derivedSecondaryEclDuration}"
#   meta:
#     ucd: stat.error;time.duration
# - 
#   name: derived_secondary_ecl_depth
#   datatype: float32
#   unit: mag
#   description: "Secondary eclipse: depth"
#   meta:
#     ucd: src.var.amplitude
# - 
#   name: derived_secondary_ecl_depth_error
#   datatype: float32
#   unit: mag
#   description: "Secondary eclipse: uncertainty of \\texttt{derivedSecondaryEclDepth}"
#   meta:
#     ucd: stat.error;src.var.amplitude
solution_id,source_id,global_ranking,reference_time,frequency,frequency_error,geom_model_reference_level,geom_model_reference_level_error,geom_model_gaussian1_phase,geom_model_gaussian1_phase_error,geom_model_gaussian1_sigma,geom_model_gaussian1_sigma_error,geom_model_gaussian1_depth,geom_model_gaussian1_depth_error,geom_model_gaussian2_phase,geom_model_gaussian2_phase_error,geom_model_gaussian2_sigma,geom_model_gaussian2_sigma_error,geom_model_gaussian2_depth,geom_model_gaussian2_depth_error,geom_model_cosine_half_period_amplitude,geom_model_cosine_half_period_amplitude_error,geom_model_cosine_half_period_phase,geom_model_cosine_half_period_phase_error,model_type,num_model_parameters,reduced_chi2,derived_primary_ecl_phase,derived_primary_ecl_phase_error,derived_primary_ecl_duration,derived_primary_ecl_duration_error,derived_primary_ecl_depth,derived_primary_ecl_depth_error,derived_secondary_ecl_phase,derived_secondary_ecl_phase_error,derived_secondary_ecl_duration,derived_secondary_ecl_duration_error,derived_secondary_ecl_depth,derived_secondary_ecl_depth_error
[from data line 681]
375316653866487564,4051916269319107584,0.4632865,2273.1555025418224,2.8438221711715737,3.2993994E-5,18.303093,0.0065837447,0.25908855,0.010989107,0.0074603492,0.007152658,0.33196723,3.4331589,0.8683668,0.01894905,0.04805401,0.010551787,0.17760915,0.044151504,0.038690705,0.010528167,0.25908855,0.010989107,"TWOGAUSSIANS_WITH_ELLIPSOIDAL_ON_ECLIPSE1",9,7.601433,0.25908855,0.010989107,0.041777957,0.040054888,0.4093481,3.4346747,0.8683668,0.01894905,0.26910245,0.059090007,0.22389364,0.043816287
375316653866487564,4051916406824824320,0.5556415,2282.5617569570036,2.3950368754455695,2.6186208E-5,16.845009,0.07896151,0.26705554,0.0055866106,0.11207822,0.028887248,0.44122148,0.199051,0.77020633,0.0069349706,0.108438924,0.017609159,0.43467024,0.07742971,null,null,null,null,"TWOGAUSSIANS",8,42.900166,0.26705554,0.005585479,0.4,0.0,0.3763872,0.22757709,0.77021635,0.0069513903,0.4,0.0,0.36985713,0.025169881
375316653866487564,4051916544196666624,0.49032912,2260.900146468673,3.1309668605427,1.8157127E-5,18.11751,0.011695628,0.16882075,0.0039476664,0.08017802,0.008525448,0.16149509,0.010785513,0.6661783,0.016050631,0.086857416,0.019961702,0.12692526,0.028577972,null,null,null,null,"TWOGAUSSIANS",8,3.5471928,0.16882075,0.0039476664,0.4,0.0,0.15842283,0.009420667,0.6661783,0.016050631,0.4,0.0,0.12385298,0.029253997
375316653866487564,4051916578623546112,0.44999474,2227.748139706489,4.843732347333763,6.294824E-6,17.77336,0.014693551,0.94691795,2.0123774E-5,0.005403774,0.0010595319,0.10107589,0.014908977,0.39791355,0.016945705,0.14151919,0.043141536,0.0725805,0.012765113,null,null,null,null,"TWOGAUSSIANS",8,3.7114563,0.94691795,1.01920095E-5,0.030261133,0.005933379,0.10128479,0.014582012,0.39791355,0.016945705,0.4,0.0,0.07229784,0.012426328
375316653866487564,4051916608553557760,0.45066115,2335.8262937631234,1.4973598878814995,3.8712238E-5,18.369068,0.029452365,0.22310384,0.002144495,0.060393937,0.006649433,0.35110116,0.024654325,0.72154015,0.026970556,0.11735344,0.03787555,0.10950825,0.038227353,null,null,null,null,"TWOGAUSSIANS",8,3.1051502,0.22310384,0.00214646,0.33820605,0.03723683,0.34564042,0.02131338,0.72154015,0.026970556,0.4,0.0,0.10402241,0.033636034
375316653866487564,4051916750355870976,0.5663155,2215.215717997962,2.508881715723479,1.571865E-5,18.23063,0.02585602,0.2629309,0.0022295534,0.113802545,0.01071518,0.25659406,0.025504015,0.75559264,0.006406121,0.09823721,0.011823767,0.3473733,0.026426535,null,null,null,null,"TWOGAUSSIANS",8,2.252752,0.75559264,0.006406121,0.4,0.0,0.31393835,0.024787588,0.2629309,0.0022295534,0.4,0.0,0.2231266,0.010758039
375316653866487564,4051916750435510144,0.49945107,2285.219501542748,0.07166343296030055,5.3629938E-5,18.577158,0.06209851,0.43804726,0.011177784,0.18461922,0.030240258,0.5083803,0.054198626,0.87767243,0.009855066,0.043573447,0.02077272,0.94285053,67.16915,null,null,null,null,"TWOGAUSSIANS",8,7.9151487,0.87767243,0.009855066,0.2440113,0.11632723,0.930637,67.18268,0.43804726,0.011177784,0.4,0.0,0.46124446,0.045193564
375316653866487564,4051916956514468736,0.51071286,2327.9445265532036,1.7269621740492134,1.6698879E-4,19.19806,0.04157276,0.14284208,0.037901614,0.050884508,0.035233404,0.24059002,0.5217161,0.5366472,0.032293163,0.089200564,0.023827666,0.584693,0.05896457,null,null,null,null,"TWOGAUSSIANS",8,1.8533921,0.5366472,0.032293163,0.4,0.0,0.58462304,0.058742296,0.14286208,0.03777227,0.28495327,0.19730707,0.2405543,0.5216668
375316653866487564,4051917093953434368,0.563265,2299.9582481159914,2.346475682597777,1.7887798E-5,18.559046,0.014535286,0.22746117,0.008873244,0.07589402,0.007850177,0.5150606,0.037866753,0.7174849,0.003189273,0.06553836,0.0073711313,0.6010859,0.10027625,null,null,null,null,"TWOGAUSSIANS",8,6.5556536,0.7174849,0.003189273,0.36701483,0.041278336,0.5994297,0.10129677,0.22746117,0.008873244,0.4,0.0125134075,0.5134044,0.038228687
375316653866487564,4051917093953458176,0.43516156,2272.337409123706,2.484893610495862,1.4551441E-4,18.855377,0.08495766,0.3029397,0.010887066,0.104242496,0.023610221,0.48100343,0.07894216,0.81845665,0.0040898793,0.08723128,0.015882121,0.58139217,0.08224494,null,null,null,null,"TWOGAUSSIANS",8,16.911583,0.81845665,0.0040882085,0.4,0.0,0.5536213,0.07448665,0.3029397,0.010887066,0.4,0.0,0.45322055,0.056405768
375316653866487564,4051917123974488192,0.607719,2226.7379836274686,3.6853821366457193,1.5074305E-5,17.831764,0.0075900136,0.20651463,0.0031647142,0.0816078,0.003641788,0.5312901,0.012540792,0.7018477,0.0034505317,0.07431943,0.0042904387,0.5422877,0.015731672,null,null,null,null,"TWOGAUSSIANS",8,7.0321856,0.7018477,0.0034505317,0.4,0.0019302575,0.5365942,0.015886495,0.20651463,0.0031647142,0.4,0.0,0.5255967,0.012770416
375316653866487564,4051917158343930752,0.6021807,2226.3760834923132,1.8262787123966864,1.2225186E-5,17.582941,0.007631119,0.21650845,0.0032370214,0.08864999,0.00514487,0.2109032,0.009281147,0.6961906,0.0100101475,0.07822267,0.006786658,0.3229425,0.024425294,null,null,null,null,"TWOGAUSSIANS",8,2.492897,0.6961906,0.0100101475,0.4,0.0,0.31897986,0.020845562,0.21650845,0.0032370214,0.4,0.0,0.20694046,0.008005035
375316653866487564,4051917162673100800,0.47995526,2249.303407602369,0.1550125488022288,9.840645E-5,18.601175,0.03235782,0.3460995,0.021663556,0.109586865,0.04906761,0.17502703,0.030339846,0.8343418,0.017740747,0.083460614,0.035686765,0.0795402,0.035173383,null,null,null,null,"TWOGAUSSIANS",8,4.658929,0.3460995,0.02166436,0.4,0.0,0.1677209,0.023165334,0.8343418,0.017740747,0.4,1.0962062E-5,0.07224585,0.025896072
375316653866487564,4051917162739285632,0.5096101,2266.2033116650255,1.367331633466065,2.1318518E-5,15.287471,0.0045485953,null,null,null,null,null,null,null,null,null,null,null,null,0.09393068,0.006661941,0.24802661,0.0054098386,"ELLIPSOIDAL",4,108.586845,null,null,null,null,null,null,null,null,null,null,null,null
375316653866487564,4051917368832745472,0.58018667,2333.0495235616,0.24815136541470809,1.2506548E-4,16.896273,0.006839588,0.33744037,0.08384759,0.07723906,0.06219127,0.04894669,0.05380308,0.5799045,3.3500654E-4,0.012303569,2.4700782E-4,0.98606485,0.015400272,null,null,null,null,"TWOGAUSSIANS",8,56.434273,0.5799045,3.3500654E-4,0.06889999,0.0013832438,0.9864196,0.015559075,0.33744037,0.08384759,0.4,0.3019898,0.04894669,0.05380308
375316653866487564,4051917403191531776,0.4568012,2228.870355471194,1.4522362397054513,9.9807745E-5,18.608015,0.00812731,0.39530605,0.023687936,0.025490059,0.028501945,0.06414446,0.033599358,0.6246402,0.032257516,0.09674831,0.022978306,0.11198157,0.014449279,null,null,null,null,"TWOGAUSSIANS",8,2.395657,0.6246402,0.032257516,0.4,0.0,0.11198121,0.014430058,0.39704606,0.026032567,0.14274432,0.15961088,0.07103306,0.03448058
375316653866487564,4051917506270394752,0.4481636,2230.3048476628346,2.138709111109122,4.1917978E-5,18.760384,0.08671496,0.24271168,0.020171134,0.14671591,0.06292371,0.32128242,0.07641573,0.8917474,0.02675791,0.073999904,0.024815923,0.13274604,0.06017943,null,null,null,null,"TWOGAUSSIANS",8,5.0070043,0.24270168,0.020182896,0.4,0.0,0.31510496,0.071717255,0.9071774,0.024965571,0.4,0.018080305,0.14722852,0.06258945
375316653866487564,4051917639370744832,0.45293164,2307.2049220682234,2.020987573699211,1.3474233E-5,18.823114,0.017164407,0.40303952,0.037847366,0.101063296,0.03857041,0.46311978,0.18624415,0.1247718,0.010343203,0.028924327,0.011962766,0.086812474,0.02516375,null,null,null,null,"TWOGAUSSIANS",8,3.8464282,0.40303952,0.037847366,0.4,0.0,0.46311527,0.18681195,0.1277318,0.0118423775,0.16197623,0.06699149,0.09768617,0.023961399
375316653866487564,4051917678068978944,0.53428274,2284.5441862002804,4.333364919994549,3.1855452E-5,19.049591,0.1047294,0.2234422,0.00989123,0.07314283,0.01125407,0.35420322,0.06453436,0.64252234,0.019662503,0.16478303,0.036302257,0.59597176,0.0871701,null,null,null,null,"TWOGAUSSIANS",8,1.2016791,0.64252234,0.019662503,0.4,0.0,0.54757804,0.048595488,0.22899221,0.007969037,0.4,0.029284315,0.33141637,0.038984433
375316653866487564,4051917781148599424,0.59343165,2283.6697678597175,2.1337326414447975,1.0355664E-5,17.77032,0.013670873,0.2377536,0.0036075476,0.08764769,0.014797917,0.25621447,0.022209978,0.7387754,0.0036464953,0.081694104,0.00505689,0.27850354,0.013572583,null,null,null,null,"TWOGAUSSIANS",8,2.7969105,0.7387754,0.0036464953,0.4,0.0,0.27180678,0.008922756,0.2377536,0.0036075476,0.4,0.0,0.24951766,0.029373746
375316653866487564,4051917849868984576,0.5705726,2309.3250968882912,2.8927916099101774,3.1663953E-5,18.38109,0.0021300593,0.27558276,0.007877042,0.04754724,0.014695864,0.14498778,0.049020447,null,null,null,null,null,null,0.08250249,0.0023663214,0.27558276,0.007877042,"ONEGAUSSIAN_WITH_ELLIPSOIDAL",6,1.6942204,0.27558276,0.007877042,0.26626453,0.08229684,0.30999258,0.048702326,null,null,null,null,null,null
375316653866487564,4051917879898625408,0.4346504,2316.9153450862386,0.5988709339135896,2.1575949E-4,19.340902,0.019281844,0.28796953,0.05186498,0.10213553,0.08157056,0.036355913,0.062873065,0.677751,0.0040039048,0.05556726,0.007073093,0.23049898,0.022466289,null,null,null,null,"TWOGAUSSIANS",8,5.3095374,0.677751,0.0040039048,0.31117666,0.03960932,0.2304526,0.022388177,0.28796953,0.05186498,0.4,0.2224701,0.036284536,0.06293399
375316653866487564,4051917884228131200,0.5341625,2305.6978061737827,3.011520251923244,2.6812524E-4,19.273136,0.036012873,0.5338423,8.4319775E-4,0.03873621,0.0030344615,1.8333689,0.30571333,0.91198915,0.04242515,0.074820556,0.043581013,0.14321725,0.034206416,null,null,null,null,"TWOGAUSSIANS",8,1.243189,0.5338423,8.446586E-4,0.21692277,0.016992984,1.8333691,0.30568922,0.91198915,0.04242515,0.4,0.06868917,0.14321706,0.034184493
375316653866487564,4051917884293878912,0.45630115,2307.804064629222,4.842650389439871,2.1115158E-5,16.365358,0.057943583,0.264393,0.009220498,0.06682598,0.012341075,0.55160135,0.36847126,0.7371005,0.0037923034,0.028041016,0.007112844,0.5790115,0.7099381,null,null,null,null,"TWOGAUSSIANS",8,21.494692,0.7371005,0.0037923034,0.15702969,0.039831925,0.57901126,0.7099382,0.264393,0.009220498,0.37422547,0.06911002,0.5516012,0.36847138
375316653866487564,4051917884307018880,0.46343893,2257.384211975129,4.923338728928695,3.3659115E-5,17.950996,0.0033923604,0.32671037,0.008726339,0.025345843,0.008919183,0.09429813,0.026882833,0.84260386,0.025541916,0.0775205,0.019187048,0.04720929,0.011799168,null,null,null,null,"TWOGAUSSIANS",8,2.6385229,0.32671037,0.008726339,0.14193672,0.049947426,0.0942978,0.0268846,0.84260386,0.025541916,0.4,0.012259976,0.047208954,0.011801788
375316653866487564,4051917914258370560,0.4866149,2267.1391642964854,4.456025317211169,1.1951468E-4,17.169897,0.029371355,0.30932114,0.0430085,0.114315994,0.04716477,0.1957729,0.09039635,0.7878199,0.015485236,0.04871491,0.019616555,0.30932066,0.0265512,null,null,null,null,"TWOGAUSSIANS",8,43.844337,0.7878199,0.015485236,0.2728035,0.10985271,0.3069244,0.024051137,0.30932114,0.0430085,0.4,0.0,0.19334002,0.090921775
375316653866487564,4051917918587659264,0.5784464,2281.6634811193794,2.0559877963400504,2.3939972E-5,18.09637,0.0052878624,0.21525387,0.004720836,0.072976954,0.0037499561,0.38000137,0.016207503,0.7196353,0.007402965,0.06874975,0.0059983623,0.38528964,0.028864516,null,null,null,null,"TWOGAUSSIANS",8,4.281185,0.7196353,0.007402965,0.3849986,0.030382385,0.38393033,0.029129019,0.21525387,0.004720836,0.4,0.0,0.37864205,0.016193474
375316653866487564,4051918365259653504,0.5097973,2214.3491553624785,0.18923777895596836,3.574804E-5,19.158758,0.022009347,0.44529858,0.006567849,0.038872384,0.006159566,0.48827034,0.044089846,0.8129103,0.10440022,0.059634853,0.054526933,0.47881892,0.55869746,null,null,null,null,"TWOGAUSSIANS",8,12.7985115,0.44529858,0.006567849,0.21768536,0.03449357,0.48827034,0.044089846,0.8129103,0.10440022,0.33395517,0.3053508,0.47881892,0.55869746
375316653866487564,4051918365259662080,0.45938882,2226.379861865825,1.9280246905858587,8.165204E-5,18.286709,0.0038125035,0.037232466,0.044270467,0.04449679,0.079607174,0.015016298,0.016715446,0.7057139,0.0029145547,0.07425072,0.004957955,0.105790086,0.006350165,null,null,null,null,"TWOGAUSSIANS",8,1.9530033,0.7057139,0.002801785,0.4,0.0,0.10579007,0.0063904524,0.037192464,0.04468006,0.24918202,0.2459238,0.015021252,0.016737834
375316653866487564,4051918365259708416,0.5140823,2240.6467972028486,0.03004651319215387,5.2285923E-6,19.362644,0.023797335,0.3008957,0.018879997,0.027658809,0.013636375,0.5397234,0.061550155,0.6848455,0.011937903,0.1442923,0.013821547,0.397862,0.018398365,null,null,null,null,"TWOGAUSSIANS",8,1.7726892,0.30119568,0.019612426,0.15488933,0.0763637,0.5493243,0.057564653,0.6848455,0.011937903,0.4,0.0,0.39584664,0.01776997
375316653866487564,4051918468339005056,0.4505869,2257.678089321727,3.7640040404149193,2.548915E-5,18.542587,0.16236168,0.23310287,0.011624519,0.1189779,0.041889153,0.25654325,0.154858,0.7070004,0.013787032,0.13534677,0.058033362,0.24988453,0.15749508,null,null,null,null,"TWOGAUSSIANS",8,9.592481,0.23368287,0.011055167,0.4,0.0,0.19784659,0.034059245,0.7070004,0.013787032,0.4,0.0,0.19061664,0.033098757
375316653866487564,4051918708856971392,0.44877735,2231.8174661252824,0.5911191777215647,2.0562764E-5,17.849667,0.011450107,0.17920372,0.0057981084,0.046061743,0.018438844,0.029712608,0.009284398,0.6757122,0.01119331,0.14691333,0.030456072,0.092439905,0.015489158,null,null,null,null,"TWOGAUSSIANS",8,1.624609,0.6757122,0.01119331,0.4,0.0,0.08836463,0.016551265,0.17927371,0.0059567816,0.25794578,0.10325753,0.02620359,0.0061599575
375316653866487564,4051918880655749504,0.51563007,2142.3896302037733,0.780003498259869,2.8034365E-5,19.259045,0.09953108,0.3115919,0.016011486,0.14207314,0.05870403,0.2501481,0.09376776,0.78020096,0.025996886,0.0954363,0.020398878,0.31791398,0.115334265,null,null,null,null,"TWOGAUSSIANS",8,2.038878,0.78020096,0.025996886,0.4,0.0,0.2755208,0.04021234,0.3116019,0.01602016,0.4,0.0,0.20644157,0.010534784
375316653866487564,4051918915085252224,0.42585862,2299.615219911677,1.4630926434454874,4.9023594E-5,15.881041,0.542994,0.25296125,0.06328945,0.14535427,0.10068646,0.3995844,0.48398793,0.66868216,0.08463489,0.13775848,0.0824031,0.28329962,0.46260533,null,null,null,null,"TWOGAUSSIANS",8,12.492574,0.25662124,0.055742953,0.4,0.0,0.32263213,0.09183103,0.66868216,0.08463489,0.4,0.0,0.21002412,0.08226264
375316653866487564,4051919189893725440,0.43882078,2225.2738617769983,0.9422366889224225,2.4813098E-5,18.27692,0.0046607535,0.44983798,0.020799052,0.09859292,0.018913886,0.12246933,0.018038897,0.811436,0.02026231,0.03863109,0.014348182,0.035318203,0.0061081713,null,null,null,null,"TWOGAUSSIANS",8,2.2416577,0.44983798,0.020799052,0.4,0.0,0.12246617,0.01803387,0.811436,0.02026231,0.2163341,0.08034982,0.035461985,0.0062113455
375316653866487564,4051919292972985984,0.5075064,2273.3386019971676,0.029981216310844633,1.9973962E-5,19.510702,0.010578709,0.31043914,0.0050365403,0.0071911807,0.0075778463,0.316066,0.16338935,0.723938,0.020139582,0.098516375,0.022307072,0.29408228,0.12897186,null,null,null,null,"TWOGAUSSIANS",8,2.078352,0.31043914,0.0050365403,0.04027061,0.04243594,0.31610847,0.16338909,0.723938,0.020139582,0.4,0.0,0.2940808,0.12898321
375316653866487564,4051919292973110272,0.55695176,2296.073331771834,2.311157078485332,1.6308268E-5,18.35107,0.064560935,0.31763345,0.0076979543,0.11503277,0.02602155,0.3240471,0.05739527,0.8198141,0.0038078446,0.10681407,0.016038906,0.35836563,0.05883881,null,null,null,null,"TWOGAUSSIANS",8,3.108104,0.8198141,0.0038085436,0.4,0.0,0.30601874,0.014032332,0.31763345,0.0077074077,0.4,0.0,0.27166143,0.025795495
