Gaia/vari_eclipsing_binary/VariEclipsingBinary_675036-675068.csv
# %ECSV 1.0
# ---
# delimiter: ','
# meta: !!omap
# - RELEASE: Gaia DR3
# - TABLE: vari_eclipsing_binary
# - DESCRIPTION: >
#     This table describes the properties of the eclipsing binaries resulting from the variability analysis. 
# - CITATION: >
#     How to cite and acknowledge Gaia: 
#     https://gea.esac.esa.int/archive/documentation/credits.html 
# - KNOWN_ISSUES: >
#     Known issues: 
#     https://www.cosmos.esa.int/web/gaia-users/known-issues 
# - DOCUMENTATION: >
#     Tutorials and documentation: 
#     https://www.cosmos.esa.int/web/gaia-users/archive 
# datatype:
# - 
#   name: solution_id
#   datatype: int64
#   description: Solution Identifier
#   meta:
#     ucd: meta.version
# - 
#   name: source_id
#   datatype: int64
#   description: Unique source identifier
#   meta:
#     ucd: meta.id;meta.main
# - 
#   name: global_ranking
#   datatype: float32
#   description: Number between 0 (worst) and 1 (best)
#   meta:
#     ucd: stat.param
# - 
#   name: reference_time
#   datatype: float64
#   unit: d
#   description: Reference time used for the geometric model fit
#   meta:
#     ucd: time.epoch
# - 
#   name: frequency
#   datatype: float64
#   unit: d**-1
#   description: Frequency of geometric model of the eclipsing binary light curve
#   meta:
#     ucd: src.orbital
# - 
#   name: frequency_error
#   datatype: float32
#   unit: d**-1
#   description: "Uncertainty of \\texttt{frequency}"
#   meta:
#     ucd: stat.error
# - 
#   name: geom_model_reference_level
#   datatype: float32
#   unit: mag
#   description: Magnitude reference level of geometric model
#   meta:
#     ucd: phot.mag;em.opt
# - 
#   name: geom_model_reference_level_error
#   datatype: float32
#   unit: mag
#   description: "Uncertainty of \\texttt{geomModelReferenceLevel}"
#   meta:
#     ucd: stat.error;phot.mag;em.opt
# - 
#   name: geom_model_gaussian1_phase
#   datatype: float32
#   description: Phase of the Gaussian 1 component
#   meta:
#     ucd: time.phase
# - 
#   name: geom_model_gaussian1_phase_error
#   datatype: float32
#   description: "Uncertainty of \\texttt{geomModelGaussian1Phase}"
#   meta:
#     ucd: stat.error;time.phase
# - 
#   name: geom_model_gaussian1_sigma
#   datatype: float32
#   description: "Standard deviation [phase] of Gaussian 1 component"
#   meta:
#     ucd: stat.stdev
# - 
#   name: geom_model_gaussian1_sigma_error
#   datatype: float32
#   description: "Uncertainty of \\texttt{geomModelGaussian1Sigma}"
#   meta:
#     ucd: stat.error
# - 
#   name: geom_model_gaussian1_depth
#   datatype: float32
#   unit: mag
#   description: Magnitude depth of Gaussian 1 component
#   meta:
#     ucd: src.var.amplitude
# - 
#   name: geom_model_gaussian1_depth_error
#   datatype: float32
#   unit: mag
#   description: "Uncertainty of \\texttt{geomModelGaussian1Depth}"
#   meta:
#     ucd: stat.error;src.var.amplitude
# - 
#   name: geom_model_gaussian2_phase
#   datatype: float32
#   description: Phase of Gaussian 2 component
#   meta:
#     ucd: time.phase
# - 
#   name: geom_model_gaussian2_phase_error
#   datatype: float32
#   description: "Uncertainty of \\texttt{geomModelGaussian2Phase}"
#   meta:
#     ucd: stat.error;time.phase
# - 
#   name: geom_model_gaussian2_sigma
#   datatype: float32
[...]
#   datatype: float32
#   description: "Secondary eclipse: uncertainty of \\texttt{derivedSecondaryEclDuration}"
#   meta:
#     ucd: stat.error;time.duration
# - 
#   name: derived_secondary_ecl_depth
#   datatype: float32
#   unit: mag
#   description: "Secondary eclipse: depth"
#   meta:
#     ucd: src.var.amplitude
# - 
#   name: derived_secondary_ecl_depth_error
#   datatype: float32
#   unit: mag
#   description: "Secondary eclipse: uncertainty of \\texttt{derivedSecondaryEclDepth}"
#   meta:
#     ucd: stat.error;src.var.amplitude
solution_id,source_id,global_ranking,reference_time,frequency,frequency_error,geom_model_reference_level,geom_model_reference_level_error,geom_model_gaussian1_phase,geom_model_gaussian1_phase_error,geom_model_gaussian1_sigma,geom_model_gaussian1_sigma_error,geom_model_gaussian1_depth,geom_model_gaussian1_depth_error,geom_model_gaussian2_phase,geom_model_gaussian2_phase_error,geom_model_gaussian2_sigma,geom_model_gaussian2_sigma_error,geom_model_gaussian2_depth,geom_model_gaussian2_depth_error,geom_model_cosine_half_period_amplitude,geom_model_cosine_half_period_amplitude_error,geom_model_cosine_half_period_phase,geom_model_cosine_half_period_phase_error,model_type,num_model_parameters,reduced_chi2,derived_primary_ecl_phase,derived_primary_ecl_phase_error,derived_primary_ecl_duration,derived_primary_ecl_duration_error,derived_primary_ecl_depth,derived_primary_ecl_depth_error,derived_secondary_ecl_phase,derived_secondary_ecl_phase_error,derived_secondary_ecl_duration,derived_secondary_ecl_duration_error,derived_secondary_ecl_depth,derived_secondary_ecl_depth_error
[from data line 403]
375316653866487564,5937909831387216000,0.48422453,2220.555369802998,1.5991691439980231,2.1152042E-5,18.676615,0.012190384,0.26765558,0.004059117,0.09646854,0.009034487,0.17073196,0.011569405,0.768515,0.01178175,0.094722606,0.01588377,0.16721943,0.016655562,null,null,null,null,"TWOGAUSSIANS",8,2.4166315,0.26765558,0.004059117,0.4,0.0,0.1598019,0.007808899,0.768515,0.01178175,0.4,0.0,0.15628956,0.01522467
375316653866487564,5937910071903431680,0.5886828,2217.85284689042,1.0554714563788339,8.072183E-6,17.771238,0.0033947916,0.22505057,0.0029670731,0.028134886,0.0021765532,0.4227009,0.013088659,0.7274189,0.002265911,0.029283738,0.0017422165,0.34301287,0.00941548,null,null,null,null,"TWOGAUSSIANS",8,5.822903,0.22505057,0.0029670731,0.15755536,0.012188698,0.4227009,0.013088659,0.7274189,0.002265911,0.16398893,0.009756412,0.34301287,0.00941548
375316653866487564,5937910071905388800,0.5478058,2190.8830041871015,0.5234054429787304,3.1904612E-5,18.535368,0.006432627,0.21737646,0.0066995155,0.028740514,0.008949478,0.14285228,0.046988964,0.7106257,0.049056407,0.043259017,0.024326943,0.82516026,1.045513,null,null,null,null,"TWOGAUSSIANS",8,3.8950045,0.7106257,0.049056407,0.2422505,0.13623089,0.82516026,1.0455132,0.21737646,0.0066995155,0.16094688,0.05011708,0.14285228,0.046988957
375316653866487564,5937910312421708032,0.59075534,2227.3796578090723,2.30992429545536,5.907427E-6,17.652395,0.0044449503,0.31571856,0.0018902187,0.047655568,0.008484045,0.0779311,0.014692411,0.81358963,0.0043578856,0.034064,0.010616344,0.071530245,0.020317338,0.09485224,0.006251409,0.31571856,0.0018902187,"TWOGAUSSIANS_WITH_ELLIPSOIDAL_ON_ECLIPSE1",9,2.6958923,0.31571856,0.0018902187,0.26687118,0.047510654,0.26763532,0.011689062,0.81400967,0.0035807996,0.19075839,0.059451528,0.26120716,0.022307813
375316653866487564,5937910312422588928,0.5766107,2251.248019923932,0.0804479813151425,4.356204E-5,17.870567,0.0054582264,0.19919795,1.07513195E-4,0.0091022635,1.7979702E-4,1.051355,0.025909562,0.7354259,0.017377002,0.084866285,0.016690444,0.05601497,0.009007256,null,null,null,null,"TWOGAUSSIANS",8,14.604555,0.19919795,1.07513195E-4,0.050972678,0.0010068633,1.051355,0.025909558,0.7354259,0.017377002,0.4,0.0,0.056014962,0.009007289
375316653866487564,5937910660326291328,0.48048657,2199.3386126678365,2.1077781121395125,9.340174E-5,19.835821,0.020812066,0.37949196,0.004136312,0.023536304,0.020728977,1.1360217,1.2398205,0.71091986,0.09075918,0.080064856,0.10641061,0.057754498,0.026355285,null,null,null,null,"TWOGAUSSIANS",8,1.9786816,0.37949196,0.004128877,0.1318033,0.11608227,1.1360327,1.2397413,0.71091986,0.09075918,0.4,0.36387652,0.057754498,0.026355933
375316653866487564,5937910896537257216,0.63065755,2289.3594538705333,1.92000046639278,4.9768864E-6,17.079718,0.005159448,0.23627451,0.001708026,0.04180067,0.008085627,0.0694057,0.017117139,0.7347669,0.0011277352,0.04829763,0.0024365792,0.27861008,0.017264124,0.07507589,0.012893857,0.23627451,0.001708026,"TWOGAUSSIANS_WITH_ELLIPSOIDAL_ON_ECLIPSE1",9,4.119907,0.7349069,9.7595673E-4,0.27046672,0.013644843,0.42874885,0.013237915,0.23627451,0.001708026,0.23408374,0.04527951,0.21955669,0.0094036935
375316653866487564,5937911038288385792,0.5139754,2248.1769635991855,3.484009399216091,2.7418751E-5,19.851372,0.02152056,0.16022313,0.005286183,0.077773795,0.005218922,0.4847998,0.03573309,0.66976225,0.0056158598,0.08574755,0.010662537,0.3794372,0.034062136,null,null,null,null,"TWOGAUSSIANS",8,1.6582509,0.16022313,0.005286183,0.4,0.0,0.478176,0.03435508,0.66976225,0.0056158598,0.4,0.0,0.37281334,0.035324614
375316653866487564,5937911038288422912,0.4925214,2272.70653277525,2.4008107393543434,2.514386E-5,19.570295,0.038964394,0.26407897,0.013547815,0.07700818,0.020734042,0.34558767,0.0368967,0.766146,0.0066329394,0.076140694,0.015708791,0.35739213,0.032741033,null,null,null,null,"TWOGAUSSIANS",8,3.4487665,0.766146,0.0066329394,0.4,0.0,0.35413253,0.028198186,0.26407897,0.013547815,0.4,0.0,0.34232807,0.03523488
375316653866487564,5937911343215829248,0.57732415,2250.7569016855405,0.11659233703029738,4.5597295E-5,18.538065,0.0072334586,0.27122518,0.0090377405,0.021744821,0.0070555885,1.1180656,0.18115555,0.7700153,0.0070389374,0.020002227,0.009996581,0.13503414,0.11714029,0.055778794,0.009095909,0.27122518,0.0090377405,"TWOGAUSSIANS_WITH_ELLIPSOIDAL_ON_ECLIPSE1",9,7.053247,0.27122518,0.0090377405,0.121771,0.039511297,1.229623,0.18382664,0.7700453,0.0069016768,0.11201247,0.055980854,0.24658526,0.12340718
375316653866487564,5937912000387747968,0.57530075,2248.210568466377,2.440778237957866,9.6387E-6,14.632769,0.013575825,0.23858453,0.0031999354,0.108938366,0.008754834,0.162663,0.012608582,0.7511015,0.0029894148,0.11310542,0.008599738,0.17717844,0.012849711,null,null,null,null,"TWOGAUSSIANS",8,41.574287,0.7511115,0.0029865678,0.4,0.0,0.15351656,0.004352285,0.23855454,0.0031986912,0.4,0.0,0.13901383,0.00551296
375316653866487564,5937912172157589760,0.57036316,2209.9977630555254,2.7616100183039247,1.2462959E-5,19.160496,0.040653054,0.2475318,0.008709157,0.08941286,0.016518787,0.59621555,0.04795546,0.7554467,0.0032105409,0.084066935,0.007180216,0.5257325,0.03981412,null,null,null,null,"TWOGAUSSIANS",8,3.4500935,0.2475318,0.008709157,0.4,0.0,0.5807869,0.046226956,0.7554467,0.0032105409,0.4,0.0,0.51030403,0.03114135
375316653866487564,5937912343985150848,0.48797694,2215.7348025412875,0.41943329217617165,3.947414E-5,18.573639,0.015565195,0.2826141,0.04892452,0.05787553,0.019161027,0.36799106,0.18318509,0.7182072,0.02350076,0.023296993,0.013179338,0.5739232,0.29330698,null,null,null,null,"TWOGAUSSIANS",8,18.901878,0.7182072,0.02350076,0.13046317,0.07380429,0.5739232,0.29330695,0.2826141,0.04892452,0.32410297,0.10730175,0.36799106,0.18318509
375316653866487564,5937912447035555456,0.50321317,2218.7327554517174,2.582844241129332,3.2029915E-5,19.445517,0.07046908,0.27225608,0.008563011,0.097692765,0.01900682,0.34856492,0.06664049,0.7734943,0.0090475,0.12314917,0.033772063,0.29758742,0.05974793,null,null,null,null,"TWOGAUSSIANS",8,2.1992238,0.27224606,0.008577293,0.4,0.0,0.30068406,0.025191182,0.7734943,0.0090475,0.4,0.0,0.24955119,0.037060797
375316653866487564,5937912786331111936,0.49915326,2193.944670444089,1.0429833992787088,8.500106E-5,19.008757,0.0067529096,0.19683611,0.01372935,0.09596327,0.010844128,0.11581572,0.012550265,0.71635807,0.009100091,0.066185266,0.008024908,0.31655982,0.049258202,null,null,null,null,"TWOGAUSSIANS",8,2.3183055,0.71635807,0.009100091,0.37063748,0.0445074,0.3145825,0.049715262,0.19683611,0.01372935,0.4,0.0,0.113837935,0.01202016
375316653866487564,5937912928069326592,0.54685897,2134.25476143702,3.519215382054461,1.1765935E-5,19.547901,0.014586683,0.23547983,0.0057458933,0.0711595,0.008590141,0.29922524,0.016939877,0.7396335,0.0027756924,0.06997708,0.005963134,0.36892387,0.013961923,null,null,null,null,"TWOGAUSSIANS",8,1.7126168,0.7396335,0.0027756924,0.39187166,0.033084936,0.36779895,0.01338859,0.23547983,0.0057458933,0.3984932,0.03496203,0.29810032,0.016572515
375316653866487564,5937913237338187136,0.65354264,2211.485834350299,1.013429880231349,4.857326E-6,14.484789,0.0032341518,0.20137219,3.5967925E-4,0.05332438,0.0013906496,0.41974074,0.014110107,0.69866353,0.0023351496,0.047115795,0.0030622322,0.09325613,0.008932124,0.054174297,0.004918906,0.20137219,3.5967925E-4,"TWOGAUSSIANS_WITH_ELLIPSOIDAL_ON_ECLIPSE1",9,30.181398,0.20137219,3.5967925E-4,0.29861653,0.0077876374,0.52808213,0.014608425,0.69912356,0.0019131012,0.26384845,0.0171485,0.2015715,0.005222498
375316653866487564,5937913512216125568,0.5824581,2173.7727691176797,0.44058377610510185,8.588032E-6,16.5484,0.0022334193,0.26411727,0.0021131195,0.022237344,0.0042434805,0.23282132,0.023260772,0.7413676,0.027443783,0.056647006,0.04139215,0.03359611,0.020747418,null,null,null,null,"TWOGAUSSIANS",8,7.4290013,0.26411727,0.0021131195,0.12452912,0.02376349,0.23282132,0.023260772,0.7413676,0.027443783,0.31722322,0.23179606,0.03359611,0.020747418
375316653866487564,5937913714036675456,0.5927643,2164.652455885603,1.443285770262733,8.100013E-6,18.119059,0.010868058,0.24369296,0.0021419541,0.040368173,0.0023473636,0.6246676,0.03468876,0.74320024,0.0029897003,0.043336906,0.006194646,0.31797096,0.058019735,0.05533467,0.015723426,0.24369296,0.0021419541,"TWOGAUSSIANS_WITH_ELLIPSOIDAL_ON_ECLIPSE1",9,7.913352,0.24369296,0.0021419541,0.22606178,0.013145235,0.7353367,0.021480788,0.74322027,0.002896226,0.24268666,0.03469002,0.42863908,0.05558324
375316653866487564,5937913958892740608,0.5622933,2143.5723276972863,1.6500900430051952,1.1045757E-5,15.663568,0.011963058,0.18405575,0.0029076736,0.08272457,0.0069761034,0.1937337,0.010267502,0.66657007,0.005841459,0.095283926,0.009402628,0.31537867,0.012737195,null,null,null,null,"TWOGAUSSIANS",8,39.28681,0.66657007,0.005841459,0.4,0.0,0.3080597,0.011864143,0.18405575,0.0029076736,0.4,0.0,0.18641569,0.006621179
375316653866487564,5937914714776114944,0.4982648,2121.6330550053276,3.998264279540224,1.3708682E-5,19.527397,0.022894409,0.34485716,0.004790529,0.077924766,0.0069797165,0.4084762,0.03325491,0.84222215,0.0038917584,0.08055088,0.008438955,0.38226223,0.032542475,null,null,null,null,"TWOGAUSSIANS",8,1.9373966,0.34485716,0.004790529,0.4,0.0,0.40331158,0.032181635,0.84222215,0.0038917584,0.4,0.0,0.37709758,0.032006852
375316653866487564,5937915161452450688,0.5280307,2203.439128980725,2.027609896781024,2.932221E-5,19.131475,0.01950955,0.24119124,0.0027223723,0.08225372,0.0058530793,0.40287483,0.021242565,0.74549603,0.004559871,0.08746403,0.007689857,0.3828969,0.028613292,null,null,null,null,"TWOGAUSSIANS",8,3.3141935,0.24119124,0.0027223723,0.4,0.0,0.39338535,0.019284854,0.74549603,0.004559871,0.4,0.0,0.37340736,0.028300833
375316653866487564,5937915191513285632,0.43993133,2203.8966316787173,0.1502311490478208,5.975341E-5,17.911007,0.16265805,0.3358083,0.019619161,0.01670946,0.18466571,0.5630613,0.28346074,0.7812907,0.021247528,0.062090572,0.033349417,0.15645848,0.1376928,null,null,null,null,"TWOGAUSSIANS",8,31.798328,0.3358083,0.019609418,0.093572974,0.29971734,0.5630613,0.39381346,0.7812907,0.021247528,0.3477072,0.073454775,0.15645848,0.061155275
375316653866487564,5937915500742519040,0.52664846,2246.0414167744307,0.7664615982959145,5.545636E-5,17.67867,0.0023446744,0.19160153,0.017003605,0.03752426,0.013518069,0.038856566,0.0061751436,0.67989576,0.0032155989,0.028932039,0.003372961,0.24268898,0.09105258,null,null,null,null,"TWOGAUSSIANS",8,2.6070685,0.67989576,0.0032155989,0.16201942,0.018888582,0.24268898,0.09105258,0.19160153,0.017003605,0.21013586,0.075701185,0.038856566,0.0061751436
375316653866487564,5937915569463726080,0.48290068,2208.5457809685377,0.8818941218263046,3.5831243E-5,18.574923,0.008792678,0.1415573,0.0073137875,0.0346344,0.079268366,0.2501094,0.1934368,0.6301953,0.0087530725,0.05372983,0.012850172,0.06872701,0.009907511,null,null,null,null,"TWOGAUSSIANS",8,1.6739373,0.1415573,0.0073137875,0.19395265,0.20214301,0.25010937,0.1952709,0.6301953,0.0087530725,0.30088705,0.07196096,0.068726994,0.00909372
375316653866487564,5937915814290195968,0.52922887,2186.5343734699154,3.1062307047656117,2.448854E-5,18.972296,0.0048092594,0.21027867,0.0035511593,0.062137984,0.0042613675,0.27592063,0.014390379,0.7004166,0.0039177155,0.052922644,0.005212151,0.35721365,0.018978817,null,null,null,null,"TWOGAUSSIANS",8,3.1639047,0.7004166,0.0039177155,0.2963668,0.029188044,0.35717994,0.019000256,0.21027867,0.0035511593,0.3479727,0.023863658,0.27588692,0.014400516
375316653866487564,5937916501482502912,0.50477284,2174.4814479714455,2.8876377318023088,1.7612301E-5,18.951704,0.017990248,0.18077546,0.007592301,0.07836657,0.0119781345,0.24985619,0.016585616,0.6740336,0.005651421,0.07710339,0.00917828,0.21009046,0.019027209,null,null,null,null,"TWOGAUSSIANS",8,2.8348475,0.18077546,0.007592301,0.4,0.0,0.24759497,0.015233127,0.6740336,0.005651421,0.4,0.0,0.20782925,0.016669232
375316653866487564,5937916673312134656,0.4382782,2187.3222599153814,1.330846994173393,1.281444E-4,17.283373,0.0055983653,0.25268683,0.016276995,0.029159375,0.042754754,0.055358015,0.10520928,0.81150466,0.027961522,0.019503165,0.01978171,0.089722045,0.11033849,0.04069491,0.01356242,0.25268683,0.016276995,"TWOGAUSSIANS_WITH_ELLIPSOIDAL_ON_ECLIPSE1",9,20.714329,0.81150466,0.027961522,0.109217726,0.11077759,0.1604927,0.1151143,0.25268683,0.016276995,0.1632925,0.23942663,0.13674772,0.10267028
375316653866487564,5937917875903600896,0.5307783,2331.6003530619737,1.7957167567137298,1.9284558E-5,17.463348,0.053627882,0.3170614,0.01102906,0.042067945,0.016002905,0.31680375,0.10112816,0.8134831,0.010693221,0.032546192,0.030760229,0.30867937,0.10835909,0.06800134,0.069938555,0.3170614,0.01102906,"TWOGAUSSIANS_WITH_ELLIPSOIDAL_ON_ECLIPSE1",9,48.304928,0.3170614,0.01102906,0.23558049,0.08961627,0.4528064,0.063562706,0.8136131,0.010488515,0.18225868,0.17225729,0.44461575,0.078213125
375316653866487564,5937918150781344256,0.485629,2244.611184724548,2.0334057012621667,1.3698743E-5,17.107817,0.006221896,0.24573767,0.015455087,0.04999262,0.013616402,0.13677897,0.0413032,0.7392967,0.004339813,0.053211585,0.005141529,0.15404683,0.017545713,null,null,null,null,"TWOGAUSSIANS",8,18.01013,0.7392967,0.004339813,0.29798487,0.02879256,0.15404512,0.017545074,0.24573767,0.015455087,0.27995867,0.07625185,0.13677725,0.041307226
375316653866487564,5937918318249505664,0.63029367,2210.727170824809,1.680151991665723,1.3941259E-5,16.826757,0.0070707765,0.19275245,0.005169467,0.048397876,0.007794405,0.1201279,0.016297644,0.69570506,0.004079351,0.048244003,0.0032980063,0.4179904,0.015900806,0.059559587,0.010034221,0.19275245,0.005169467,"TWOGAUSSIANS_WITH_ELLIPSOIDAL_ON_ECLIPSE1",9,7.720098,0.69570506,0.0040699085,0.27016643,0.018468834,0.5370675,0.00761582,0.19275245,0.005169467,0.2710281,0.043648668,0.239246,0.008485708
375316653866487564,5937918391299517056,0.55705863,2221.361137317305,1.8891967954623494,1.4805195E-5,15.7106695,0.016328325,0.2514915,0.0062008128,0.104415,0.009894552,0.23081265,0.016633352,0.7497668,0.0053012394,0.095658995,0.010745411,0.24577373,0.014484138,null,null,null,null,"TWOGAUSSIANS",8,20.103174,0.7497668,0.0053012394,0.4,0.0,0.22530706,0.012931968,0.2514915,0.0062008128,0.4,0.0,0.2103417,0.0077461423
375316653866487564,5937918666177596416,0.4735624,2283.287848478547,1.9685561065383521,8.600485E-5,17.827242,0.003827127,0.123179495,0.001155823,0.014277904,0.003921275,0.10428153,0.018482586,0.58960927,0.027693901,0.11028032,0.024771582,0.043926407,0.012985983,null,null,null,null,"TWOGAUSSIANS",8,1.6360608,0.123179495,0.001155823,0.07995626,0.02195914,0.10428028,0.01848282,0.58960927,0.027693901,0.4,0.0,0.04391906,0.012983173
375316653866487564,5937918734870418432,0.5162884,2267.0663866240698,1.8277526771941346,5.6438195E-5,18.522205,0.0071047302,0.30564907,0.0048611267,0.03895146,0.009910886,0.37348667,0.16352999,0.7833999,0.010209801,0.021271262,0.012558607,0.49917644,0.31809732,null,null,null,null,"TWOGAUSSIANS",8,11.713449,0.7833999,0.010209801,0.11911907,0.0703282,0.49917644,0.31809732,0.30564907,0.0048611267,0.21812817,0.05550096,0.37348667,0.16352999
375316653866487564,5937918803616560256,0.4958597,2272.6625393149566,1.0207725138642667,1.8894661E-5,16.247206,0.04321622,0.27558655,0.0057547544,0.10608283,0.030467562,0.07694037,0.040084418,0.78124267,0.013195293,0.10266656,0.083633244,0.0429878,0.040453326,null,null,null,null,"TWOGAUSSIANS",8,6.12637,0.27558655,0.005577222,0.4,0.0,0.070841506,0.0053916737,0.7812527,0.013306736,0.4,0.026049089,0.036890686,0.006441983
375316653866487564,5937918906669145344,0.49968225,2274.3672054821704,2.658006267294186,2.854148E-5,18.980902,0.019875124,0.24540114,0.004492292,0.09235049,0.011373929,0.20451908,0.018341163,0.76308674,0.007047918,0.0948515,0.015329746,0.22521187,0.015978146,null,null,null,null,"TWOGAUSSIANS",8,1.533951,0.76308674,0.007047918,0.4,0.0,0.21583022,0.016851153,0.24540114,0.004493806,0.4,0.0,0.19513775,0.009254923
