Gaia/vari_eclipsing_binary/VariEclipsingBinary_459687-459698.csv
# %ECSV 1.0
# ---
# delimiter: ','
# meta: !!omap
# - RELEASE: Gaia DR3
# - TABLE: vari_eclipsing_binary
# - DESCRIPTION: >
#     This table describes the properties of the eclipsing binaries resulting from the variability analysis. 
# - CITATION: >
#     How to cite and acknowledge Gaia: 
#     https://gea.esac.esa.int/archive/documentation/credits.html 
# - KNOWN_ISSUES: >
#     Known issues: 
#     https://www.cosmos.esa.int/web/gaia-users/known-issues 
# - DOCUMENTATION: >
#     Tutorials and documentation: 
#     https://www.cosmos.esa.int/web/gaia-users/archive 
# datatype:
# - 
#   name: solution_id
#   datatype: int64
#   description: Solution Identifier
#   meta:
#     ucd: meta.version
# - 
#   name: source_id
#   datatype: int64
#   description: Unique source identifier
#   meta:
#     ucd: meta.id;meta.main
# - 
#   name: global_ranking
#   datatype: float32
#   description: Number between 0 (worst) and 1 (best)
#   meta:
#     ucd: stat.param
# - 
#   name: reference_time
#   datatype: float64
#   unit: d
#   description: Reference time used for the geometric model fit
#   meta:
#     ucd: time.epoch
# - 
#   name: frequency
#   datatype: float64
#   unit: d**-1
#   description: Frequency of geometric model of the eclipsing binary light curve
#   meta:
#     ucd: src.orbital
# - 
#   name: frequency_error
#   datatype: float32
#   unit: d**-1
#   description: "Uncertainty of \\texttt{frequency}"
#   meta:
#     ucd: stat.error
# - 
#   name: geom_model_reference_level
#   datatype: float32
#   unit: mag
#   description: Magnitude reference level of geometric model
#   meta:
#     ucd: phot.mag;em.opt
# - 
#   name: geom_model_reference_level_error
#   datatype: float32
#   unit: mag
#   description: "Uncertainty of \\texttt{geomModelReferenceLevel}"
#   meta:
#     ucd: stat.error;phot.mag;em.opt
# - 
#   name: geom_model_gaussian1_phase
#   datatype: float32
#   description: Phase of the Gaussian 1 component
#   meta:
#     ucd: time.phase
# - 
#   name: geom_model_gaussian1_phase_error
#   datatype: float32
#   description: "Uncertainty of \\texttt{geomModelGaussian1Phase}"
#   meta:
#     ucd: stat.error;time.phase
# - 
#   name: geom_model_gaussian1_sigma
#   datatype: float32
#   description: "Standard deviation [phase] of Gaussian 1 component"
#   meta:
#     ucd: stat.stdev
# - 
#   name: geom_model_gaussian1_sigma_error
#   datatype: float32
#   description: "Uncertainty of \\texttt{geomModelGaussian1Sigma}"
#   meta:
#     ucd: stat.error
# - 
#   name: geom_model_gaussian1_depth
#   datatype: float32
#   unit: mag
#   description: Magnitude depth of Gaussian 1 component
#   meta:
#     ucd: src.var.amplitude
# - 
#   name: geom_model_gaussian1_depth_error
#   datatype: float32
#   unit: mag
#   description: "Uncertainty of \\texttt{geomModelGaussian1Depth}"
#   meta:
#     ucd: stat.error;src.var.amplitude
# - 
#   name: geom_model_gaussian2_phase
#   datatype: float32
#   description: Phase of Gaussian 2 component
#   meta:
#     ucd: time.phase
# - 
#   name: geom_model_gaussian2_phase_error
#   datatype: float32
#   description: "Uncertainty of \\texttt{geomModelGaussian2Phase}"
#   meta:
#     ucd: stat.error;time.phase
# - 
#   name: geom_model_gaussian2_sigma
#   datatype: float32
[...]
#   datatype: float32
#   description: "Secondary eclipse: uncertainty of \\texttt{derivedSecondaryEclDuration}"
#   meta:
#     ucd: stat.error;time.duration
# - 
#   name: derived_secondary_ecl_depth
#   datatype: float32
#   unit: mag
#   description: "Secondary eclipse: depth"
#   meta:
#     ucd: src.var.amplitude
# - 
#   name: derived_secondary_ecl_depth_error
#   datatype: float32
#   unit: mag
#   description: "Secondary eclipse: uncertainty of \\texttt{derivedSecondaryEclDepth}"
#   meta:
#     ucd: stat.error;src.var.amplitude
solution_id,source_id,global_ranking,reference_time,frequency,frequency_error,geom_model_reference_level,geom_model_reference_level_error,geom_model_gaussian1_phase,geom_model_gaussian1_phase_error,geom_model_gaussian1_sigma,geom_model_gaussian1_sigma_error,geom_model_gaussian1_depth,geom_model_gaussian1_depth_error,geom_model_gaussian2_phase,geom_model_gaussian2_phase_error,geom_model_gaussian2_sigma,geom_model_gaussian2_sigma_error,geom_model_gaussian2_depth,geom_model_gaussian2_depth_error,geom_model_cosine_half_period_amplitude,geom_model_cosine_half_period_amplitude_error,geom_model_cosine_half_period_phase,geom_model_cosine_half_period_phase_error,model_type,num_model_parameters,reduced_chi2,derived_primary_ecl_phase,derived_primary_ecl_phase_error,derived_primary_ecl_duration,derived_primary_ecl_duration_error,derived_primary_ecl_depth,derived_primary_ecl_depth_error,derived_secondary_ecl_phase,derived_secondary_ecl_phase_error,derived_secondary_ecl_duration,derived_secondary_ecl_duration_error,derived_secondary_ecl_depth,derived_secondary_ecl_depth_error
[from data line 449]
375316653866487564,4043520394339702656,0.51292604,2359.551186665143,1.6928559374612826,1.3739109E-5,19.81386,0.023928134,0.2233288,0.008441931,0.08085932,0.009517056,0.50296336,0.049506612,0.7355752,0.0049017505,0.08736704,0.010205165,0.43639487,0.051653825,null,null,null,null,"TWOGAUSSIANS",8,2.2767212,0.2233288,0.008441931,0.4,0.0,0.49391472,0.05003058,0.7355752,0.0049017505,0.4,0.0,0.42734614,0.053760707
375316653866487564,4043520428699537792,0.5054198,2363.171890117366,2.036955204955047,1.7446613E-5,18.559814,0.05969275,0.22293651,0.009585245,0.11132077,0.030917326,0.23378868,0.054553904,0.72633874,0.0124448845,0.091381446,0.031364504,0.16526236,0.061285403,null,null,null,null,"TWOGAUSSIANS",8,3.1891108,0.22293651,0.009580706,0.4,0.0,0.21557675,0.016393365,0.72634876,0.01258723,0.4,0.0,0.14706995,0.01927109
375316653866487564,4043520566138778624,0.5039103,2355.409778829229,1.835985196658422,2.0250507E-5,19.808598,0.11732114,0.26701552,0.007882491,0.09290577,0.038415328,0.4130046,0.0576045,0.7604577,0.01408891,0.097363174,0.029342534,0.40488562,0.115953386,null,null,null,null,"TWOGAUSSIANS",8,2.6141596,0.26701552,0.007895803,0.4,0.0,0.3893857,0.06008473,0.7604577,0.01408891,0.4,0.0,0.38126555,0.038538896
375316653866487564,4043520669217992064,0.55142814,2320.022718670765,1.4000662103122579,2.575858E-5,19.50522,0.011515255,0.24848518,0.0068205693,0.07536952,0.0074188733,0.56295764,0.06004922,0.7533711,0.0047925804,0.078703865,0.00796853,0.43211627,0.049835216,null,null,null,null,"TWOGAUSSIANS",8,1.8049698,0.24848518,0.0068205693,0.4,0.0,0.5583823,0.062257346,0.7533711,0.0047925804,0.4,0.0,0.42754087,0.05203464
375316653866487564,4043520742154380800,0.5546648,2339.56827199982,2.5124401883164547,2.589838E-5,18.930645,0.0084087895,0.26678976,0.0031817814,0.03513609,0.0023566461,0.91107255,0.044739336,0.754153,0.009645591,0.07273208,0.007950133,0.2802695,0.040699005,null,null,null,null,"TWOGAUSSIANS",8,4.4829445,0.26678976,0.0031817814,0.1967621,0.013197218,0.91106313,0.044741258,0.754153,0.009645591,0.4,0.024265382,0.28026006,0.040705964
375316653866487564,4043521223191000064,0.46280703,2338.8680445097616,0.32455088109515134,8.7980356E-5,19.70955,0.010614174,0.18436635,0.014025549,0.019285724,0.030802779,0.25300524,0.17751867,0.77394164,0.019508222,0.066819295,0.011113975,0.22660492,0.04303365,null,null,null,null,"TWOGAUSSIANS",8,2.409388,0.18436635,0.014025549,0.108000055,0.17249556,0.25300524,0.17751975,0.77394164,0.019508222,0.37418804,0.06223826,0.22660492,0.04303359
375316653866487564,4043521424991439488,0.4239938,2364.8488517170576,0.23414100576048905,1.2173719E-4,19.355965,0.047033947,0.8282071,0.0877848,0.11000744,0.03691711,0.07813176,0.030569239,0.46836022,0.03361957,0.12050339,0.08023097,0.24447499,0.11228043,null,null,null,null,"TWOGAUSSIANS",8,4.4475327,0.46903023,0.032827567,0.4,0.010394648,0.23897801,0.1252622,0.8130271,0.0655593,0.4,0.0,0.07561041,0.021339908
375316653866487564,4043521631291555072,0.49574634,2398.4693305429205,1.5148059591133527,2.0592597E-5,19.19602,0.024232257,0.33129388,0.007897831,0.097576365,0.01822618,0.18929777,0.020426463,0.8278893,0.008502777,0.08574344,0.013165794,0.2529533,0.029433269,null,null,null,null,"TWOGAUSSIANS",8,2.5612712,0.8278893,0.008502777,0.4,0.0,0.24301681,0.021570755,0.33129388,0.007897831,0.4,0.0,0.17936055,0.01159976
375316653866487564,4043521734371975936,0.45844045,2395.279807928708,0.07204799577525105,4.075734E-5,19.503046,0.022182105,0.14592353,0.038693327,0.054402296,0.024133509,0.30853906,0.055312328,0.706605,0.013846904,0.09273055,0.014954418,0.24932265,0.050750982,null,null,null,null,"TWOGAUSSIANS",8,4.592258,0.14592353,0.038692888,0.30465284,0.13514766,0.30817786,0.055072043,0.706605,0.013846904,0.4,0.0,0.24895813,0.050618526
375316653866487564,4043521768551987072,0.6718688,2346.930646834655,2.349404812361719,2.3193409E-6,16.261412,0.007114477,0.2679806,0.0011498455,0.050673813,0.0025963734,0.34404454,0.0161461,0.7675705,0.0010478701,0.047479894,0.0019803264,0.33919892,0.01638712,0.10730715,0.0089748725,0.2679806,0.0011498455,"TWOGAUSSIANS_WITH_ELLIPSOIDAL_ON_ECLIPSE1",9,11.668125,0.2679806,0.0011498455,0.28377333,0.014539691,0.5586567,0.011229076,0.7676105,8.99849E-4,0.2658874,0.011089828,0.5538098,0.008394366
375316653866487564,4043521803091657728,0.43782228,2371.6632294159886,0.03870228894036938,4.7404414E-5,19.606108,0.22516496,0.32668427,0.044696227,0.12913065,0.062623024,0.21103196,0.24087688,0.7588973,0.016784756,0.06961625,0.054709103,0.37528268,0.098424956,null,null,null,null,"TWOGAUSSIANS",8,3.6144032,0.7588973,0.016784756,0.389851,0.056178834,0.367916,0.12908685,0.32668427,0.04436386,0.4,0.0,0.20287274,0.053046867
375316653866487564,4043521871663310720,0.5438712,2342.0069037909193,0.16793049898371318,1.3266158E-5,18.545029,0.005069988,0.37641293,0.039682716,0.014098732,0.018350353,0.50308174,0.39154264,0.7194309,0.0056342497,0.089825556,0.008456661,0.10709138,0.009209008,null,null,null,null,"TWOGAUSSIANS",8,1.3781027,0.37641293,0.03968566,0.07895289,0.102761984,0.5031547,0.39147177,0.7194309,0.0056342497,0.4,0.0,0.10709134,0.00920903
375316653866487564,4043522219623095168,0.46149433,2366.2413580830394,0.10787002360434378,8.349004E-5,19.292028,0.16046919,0.2352986,0.024559515,0.077139534,0.02255879,0.436686,0.13644958,0.6569857,0.02965076,0.19989826,0.083943285,0.4022751,0.13791744,null,null,null,null,"TWOGAUSSIANS",8,5.5172825,0.2407186,0.023017468,0.4,0.0037180523,0.40197614,0.13882506,0.6569857,0.02965076,0.4,0.0,0.31697017,0.047210358
375316653866487564,4043522253936336512,0.44880715,2324.7683349734107,0.2716939340002986,2.30239E-5,19.267637,0.022168918,0.56036556,0.0045458544,0.009434075,0.010657692,0.5551689,9.361531,null,null,null,null,null,null,0.16513143,0.041495934,0.56036556,0.0045458544,"ONEGAUSSIAN_WITH_ELLIPSOIDAL",6,4.1347747,0.56036556,0.0045458544,0.05283082,0.059683077,0.88543177,9.365816,null,null,null,null,null,null
375316653866487564,4043522284126980608,0.47012773,2391.9991031198933,0.09833730142454995,8.808953E-5,18.845901,0.008960083,0.28978962,0.011112863,0.013247704,0.010364461,1.6168953,2.5006257E21,null,null,null,null,null,null,0.07078668,0.010389092,0.28978962,0.011112863,"ONEGAUSSIAN_WITH_ELLIPSOIDAL",6,15.265986,0.28978962,0.011112863,0.074187145,0.05804098,1.7584683,2.5006257E21,null,null,null,null,null,null
375316653866487564,4043522666299979392,0.51577747,2345.7232563340117,2.2840474492727276,1.0256695E-5,19.043928,0.010463447,0.18914911,0.00369298,0.06834503,0.0054371078,0.44106603,0.03600303,0.6827003,0.007818734,0.08086107,0.0070234155,0.36792612,0.018935928,null,null,null,null,"TWOGAUSSIANS",8,6.0570946,0.18914911,0.00369298,0.38273218,0.028902052,0.43856046,0.036759928,0.6827003,0.007818734,0.4,0.0,0.36542055,0.018581409
375316653866487564,4043522700613226240,0.601825,2393.960910457398,0.05876644577174842,1.3447703E-5,16.64028,0.0021206033,0.4231554,0.025616188,0.047050804,0.035926092,0.01270177,0.0028796296,0.8215623,3.2633473E-4,0.005895558,3.8960995E-4,0.38596696,0.025665114,null,null,null,null,"TWOGAUSSIANS",8,6.9184217,0.8215623,3.2633473E-4,0.033015124,0.0021818157,0.38596696,0.025665114,0.4231554,0.025616188,0.2634845,0.18520851,0.01270177,0.0028796296
375316653866487564,4043522799344254720,0.5632022,2369.0724584051864,2.5998084523996674,2.3911973E-5,15.609827,0.01873598,0.19086455,0.004848585,0.0432061,0.012109459,0.2667673,0.07373753,0.6859069,0.012250119,0.04348406,0.022134835,0.29494756,1.4957545,0.10227922,0.025293553,0.19086455,0.004848585,"TWOGAUSSIANS_WITH_ELLIPSOIDAL_ON_ECLIPSE1",9,117.47652,0.68636686,0.011754236,0.24351072,0.12395508,0.49932614,1.5308771,0.19086455,0.004848585,0.24195416,0.06781297,0.47132567,0.071482725
375316653866487564,4043522868237106688,0.5183221,2421.7401190839314,0.1077655107176404,1.431233E-5,19.482666,0.22688925,0.49602073,0.025815243,0.20126086,0.11453087,0.37378356,0.19132899,0.8864006,0.008466199,0.07008142,0.010637504,0.35287863,0.029584633,null,null,null,null,"TWOGAUSSIANS",8,3.2603073,0.8864006,0.008466199,0.39245594,0.049592976,0.3563376,0.018270738,0.49602073,0.025815243,0.4,0.0,0.31647167,0.062113065
375316653866487564,4043522971143075072,0.5929612,2351.5557544182907,1.5124894613624675,1.1903021E-5,16.346638,0.004992388,0.27116355,0.0022509536,0.08964749,0.0035692467,0.17638628,0.006025374,0.76884454,0.0029752827,0.08102018,0.004054077,0.18813269,0.005413085,null,null,null,null,"TWOGAUSSIANS",8,5.9903426,0.76884454,0.0029752827,0.4,0.0,0.1833581,0.0044864514,0.27116355,0.0022509536,0.4,0.0,0.17161164,0.005392684
375316653866487564,4043523078616886144,0.47224563,2365.46399830373,0.11335024710971076,1.9572095E-5,19.360567,0.14513703,0.23305033,0.007154441,0.11169985,0.027873583,0.5510107,0.121646345,0.74446726,0.0049201883,0.11367545,0.0243273,0.47552788,0.1412258,null,null,null,null,"TWOGAUSSIANS",8,3.9768233,0.23303033,0.0070970245,0.4,0.0,0.4731977,0.061450407,0.7444872,0.0049214084,0.4,0.0,0.39770347,0.036344733
375316653866487564,4043523143114798208,0.45818573,2336.301912471757,0.11215380884650496,1.5354472E-5,19.172783,0.18175375,0.44764376,0.015988503,0.22826949,0.12148943,0.23418067,0.1645681,0.92161816,0.0046351166,0.023554599,0.008853508,0.09172472,0.025212249,null,null,null,null,"TWOGAUSSIANS",8,2.497559,0.44764376,0.015988503,0.4,0.0,0.18757871,0.033405095,0.92161816,0.0046351166,0.13190575,0.049579643,0.08867502,0.024095891
375316653866487564,4043523177474736384,0.4843353,2357.4040183169755,0.4310027962930895,1.7742987E-5,18.687618,0.012459012,0.26621553,0.004072067,0.048968762,0.0031022788,0.71517974,0.045659933,0.7540444,0.030255664,0.0937972,0.027661258,0.27953354,0.24573955,null,null,null,null,"TWOGAUSSIANS",8,21.32473,0.26621553,0.004072067,0.2742251,0.01737276,0.7140294,0.045593914,0.7540444,0.030255664,0.4,0.007938333,0.27838266,0.24665244
375316653866487564,4043523177475771776,0.49331674,2360.2725610295643,4.1896388938887545,6.511372E-5,19.637531,0.025473356,0.27219528,0.016531032,0.038260575,0.012740302,0.111000285,0.034145158,0.5923936,0.019725334,0.14947006,0.019162802,0.4264769,0.038240448,null,null,null,null,"TWOGAUSSIANS",8,3.0153937,0.5923936,0.019725334,0.4,0.0,0.42330524,0.03764643,0.2814553,0.01720057,0.21425922,0.07134569,0.15363388,0.02690835
375316653866487564,4043523216104381952,0.45800745,2435.3984473548185,0.057107165938169537,3.673202E-5,19.778938,0.1090001,0.41955712,0.032354783,0.12519291,0.04816674,0.296484,0.12838325,0.8413864,0.019710656,0.073083416,0.028700037,0.4407245,0.14459452,null,null,null,null,"TWOGAUSSIANS",8,3.7135973,0.8413864,0.019710656,0.4,0.10184422,0.43243042,0.1469443,0.41955712,0.032351807,0.4,0.0,0.28716743,0.09008983
375316653866487564,4043523452352317312,0.4483322,2391.073908018503,3.5483920390850257,5.874363E-5,19.642132,0.03442561,0.2097881,0.010106109,0.07303213,0.010965386,0.39255264,0.049034916,0.6905067,0.016276926,0.09194581,0.022287285,0.3434146,0.047286984,null,null,null,null,"TWOGAUSSIANS",8,6.4864326,0.2097881,0.010106666,0.4,0.020304106,0.3874528,0.044400025,0.6905067,0.016276926,0.4,0.0,0.33831432,0.043875713
375316653866487564,4043523559653451520,0.4415753,2354.543004993276,1.5071793659272064,1.81578E-5,19.33545,0.03339612,0.31028712,0.0070633166,0.07973395,0.017832527,0.19827361,0.03594381,0.8381707,0.012276565,0.08500053,0.040683493,0.1519227,0.02389706,null,null,null,null,"TWOGAUSSIANS",8,2.835539,0.31028712,0.0070648957,0.4,0.0,0.19624133,0.02948698,0.8381707,0.012276565,0.4,0.0,0.1498904,0.022247313
375316653866487564,4043523594061962368,0.44801277,2325.544082667812,2.3227400950794954,5.49034E-5,18.221731,0.007306614,0.5696493,0.02670358,0.052164353,0.020631596,0.06585824,0.09065568,0.81783074,0.004340746,0.025227038,0.0043739164,0.29383755,0.07960628,null,null,null,null,"TWOGAUSSIANS",8,3.528012,0.81783074,0.004340746,0.14127141,0.02449393,0.29383835,0.07960652,0.5696493,0.02670358,0.29212037,0.11553694,0.06585824,0.09065568
375316653866487564,4043523830309450368,0.48542473,2364.1697927408372,0.11995161611429367,1.1666584E-5,19.850847,0.015351078,0.32352856,0.017558072,0.115047805,0.012879892,0.378161,0.03432534,0.9300941,0.007410709,0.016795203,0.011209266,0.120855875,0.028686356,null,null,null,null,"TWOGAUSSIANS",8,2.4821677,0.32352856,0.017558072,0.4,0.0,0.37810114,0.034311023,0.9301741,0.0074408664,0.094053134,0.062771894,0.12188955,0.029009202
375316653866487564,4043523830309503744,0.52702653,2370.5383760224945,2.5063611958122425,1.5133313E-5,19.313665,0.00977133,0.3024729,0.003217786,0.021719795,0.003710735,0.26617053,0.08922628,0.83748335,0.0028909773,0.0146710295,0.0043820837,0.5170298,0.5771063,0.14823358,0.015845954,0.3024729,0.003217786,"TWOGAUSSIANS_WITH_ELLIPSOIDAL_ON_ECLIPSE1",9,5.2444015,0.83748335,0.0028909773,0.08215777,0.02453967,0.7993807,0.59380776,0.3024729,0.003217786,0.12163085,0.020780114,0.5626376,0.08690413
375316653866487564,4043523898888105728,0.44410065,2369.8941952604073,0.03946727230861991,1.13531474E-4,19.639498,0.16988842,0.39915508,0.017097667,0.17952468,0.06667602,0.3981933,0.16639926,0.8746931,0.014944323,0.060975105,0.023213252,0.31140393,0.10114845,null,null,null,null,"TWOGAUSSIANS",8,4.4086285,0.39915508,0.017097667,0.4,0.0,0.33715364,0.051573157,0.8746931,0.014944323,0.3414606,0.12999421,0.26787224,0.05318143
375316653866487564,4043524246848320512,0.5104254,2377.196737072293,0.15492994333695206,2.8919863E-5,18.327518,0.00699651,0.3896624,0.005851188,0.010146907,0.0033050305,0.60831636,1.2173579,0.6978406,0.029684965,0.051913433,0.025534913,0.060226724,0.045374975,0.02026199,0.009778963,0.3896624,0.005851188,"TWOGAUSSIANS_WITH_ELLIPSOIDAL_ON_ECLIPSE1",9,7.7871237,0.3896624,0.005851188,0.056822676,0.018508172,0.64884,1.2185029,0.7064306,0.05961539,0.29071522,0.14299552,0.06613077,0.040362023
375316653866487564,4043524276988363904,0.46649703,2434.010946337696,2.156895540231067,9.903868E-5,19.8622,0.04031454,0.24623287,0.0067425324,0.060978793,0.011581306,0.29065996,0.052671235,0.72445226,0.011935361,0.09306449,0.025377436,0.2721,0.037488382,null,null,null,null,"TWOGAUSSIANS",8,2.8557715,0.24623287,0.006749229,0.34148124,0.064855315,0.2889024,0.049162634,0.72445226,0.011935361,0.4,0.0,0.2703419,0.03210551
375316653866487564,4043524899637460608,0.47220284,2374.0192110010894,0.8772337996538426,1.5932697E-5,19.126026,0.35585743,0.25950956,0.00668805,0.14382558,0.07882836,0.34472027,0.34299055,0.7546184,0.007103407,0.121569976,0.04078007,0.33055213,0.30700755,null,null,null,null,"TWOGAUSSIANS",8,2.9802325,0.25954956,0.0066122203,0.4,0.0,0.23460573,0.025584355,0.7546184,0.007103407,0.4,0.0,0.2219433,0.014237871
375316653866487564,4043524899683720192,0.44841412,2389.836702605102,0.060046969382780015,3.4951267E-5,18.178917,0.03964614,0.116225645,0.0052913697,0.029252075,0.0071263993,0.10140612,0.024040563,0.6388799,0.011020254,0.2077287,0.073573194,0.11280065,0.027575329,null,null,null,null,"TWOGAUSSIANS",8,2.6551225,0.11595564,0.005334672,0.16381161,0.039907835,0.09772685,0.024233298,0.6388799,0.011020254,0.4,0.0,0.09631093,0.022465553
375316653866487564,4043525376356464768,0.45470515,2361.0663024003793,0.05726780995382232,5.911457E-6,19.386534,0.016754273,0.39618635,0.02986015,0.14606242,0.0380925,0.17515303,0.036515713,0.8628766,0.0028114703,0.007186865,0.0050589107,0.11382141,0.03064994,null,null,null,null,"TWOGAUSSIANS",8,2.2355983,0.39618635,0.02986015,0.4,0.0,0.17415182,0.037033997,0.8628766,0.0028114703,0.040246442,0.0283299,0.11410641,0.030622128
