Gaia/vari_eclipsing_binary/VariEclipsingBinary_467378-467400.csv
# %ECSV 1.0
# ---
# delimiter: ','
# meta: !!omap
# - RELEASE: Gaia DR3
# - TABLE: vari_eclipsing_binary
# - DESCRIPTION: >
#     This table describes the properties of the eclipsing binaries resulting from the variability analysis. 
# - CITATION: >
#     How to cite and acknowledge Gaia: 
#     https://gea.esac.esa.int/archive/documentation/credits.html 
# - KNOWN_ISSUES: >
#     Known issues: 
#     https://www.cosmos.esa.int/web/gaia-users/known-issues 
# - DOCUMENTATION: >
#     Tutorials and documentation: 
#     https://www.cosmos.esa.int/web/gaia-users/archive 
# datatype:
# - 
#   name: solution_id
#   datatype: int64
#   description: Solution Identifier
#   meta:
#     ucd: meta.version
# - 
#   name: source_id
#   datatype: int64
#   description: Unique source identifier
#   meta:
#     ucd: meta.id;meta.main
# - 
#   name: global_ranking
#   datatype: float32
#   description: Number between 0 (worst) and 1 (best)
#   meta:
#     ucd: stat.param
# - 
#   name: reference_time
#   datatype: float64
#   unit: d
#   description: Reference time used for the geometric model fit
#   meta:
#     ucd: time.epoch
# - 
#   name: frequency
#   datatype: float64
#   unit: d**-1
#   description: Frequency of geometric model of the eclipsing binary light curve
#   meta:
#     ucd: src.orbital
# - 
#   name: frequency_error
#   datatype: float32
#   unit: d**-1
#   description: "Uncertainty of \\texttt{frequency}"
#   meta:
#     ucd: stat.error
# - 
#   name: geom_model_reference_level
#   datatype: float32
#   unit: mag
#   description: Magnitude reference level of geometric model
#   meta:
#     ucd: phot.mag;em.opt
# - 
#   name: geom_model_reference_level_error
#   datatype: float32
#   unit: mag
#   description: "Uncertainty of \\texttt{geomModelReferenceLevel}"
#   meta:
#     ucd: stat.error;phot.mag;em.opt
# - 
#   name: geom_model_gaussian1_phase
#   datatype: float32
#   description: Phase of the Gaussian 1 component
#   meta:
#     ucd: time.phase
# - 
#   name: geom_model_gaussian1_phase_error
#   datatype: float32
#   description: "Uncertainty of \\texttt{geomModelGaussian1Phase}"
#   meta:
#     ucd: stat.error;time.phase
# - 
#   name: geom_model_gaussian1_sigma
#   datatype: float32
#   description: "Standard deviation [phase] of Gaussian 1 component"
#   meta:
#     ucd: stat.stdev
# - 
#   name: geom_model_gaussian1_sigma_error
#   datatype: float32
#   description: "Uncertainty of \\texttt{geomModelGaussian1Sigma}"
#   meta:
#     ucd: stat.error
# - 
#   name: geom_model_gaussian1_depth
#   datatype: float32
#   unit: mag
#   description: Magnitude depth of Gaussian 1 component
#   meta:
#     ucd: src.var.amplitude
# - 
#   name: geom_model_gaussian1_depth_error
#   datatype: float32
#   unit: mag
#   description: "Uncertainty of \\texttt{geomModelGaussian1Depth}"
#   meta:
#     ucd: stat.error;src.var.amplitude
# - 
#   name: geom_model_gaussian2_phase
#   datatype: float32
#   description: Phase of Gaussian 2 component
#   meta:
#     ucd: time.phase
# - 
#   name: geom_model_gaussian2_phase_error
#   datatype: float32
#   description: "Uncertainty of \\texttt{geomModelGaussian2Phase}"
#   meta:
#     ucd: stat.error;time.phase
# - 
#   name: geom_model_gaussian2_sigma
#   datatype: float32
[...]
#   datatype: float32
#   description: "Secondary eclipse: uncertainty of \\texttt{derivedSecondaryEclDuration}"
#   meta:
#     ucd: stat.error;time.duration
# - 
#   name: derived_secondary_ecl_depth
#   datatype: float32
#   unit: mag
#   description: "Secondary eclipse: depth"
#   meta:
#     ucd: src.var.amplitude
# - 
#   name: derived_secondary_ecl_depth_error
#   datatype: float32
#   unit: mag
#   description: "Secondary eclipse: uncertainty of \\texttt{derivedSecondaryEclDepth}"
#   meta:
#     ucd: stat.error;src.var.amplitude
solution_id,source_id,global_ranking,reference_time,frequency,frequency_error,geom_model_reference_level,geom_model_reference_level_error,geom_model_gaussian1_phase,geom_model_gaussian1_phase_error,geom_model_gaussian1_sigma,geom_model_gaussian1_sigma_error,geom_model_gaussian1_depth,geom_model_gaussian1_depth_error,geom_model_gaussian2_phase,geom_model_gaussian2_phase_error,geom_model_gaussian2_sigma,geom_model_gaussian2_sigma_error,geom_model_gaussian2_depth,geom_model_gaussian2_depth_error,geom_model_cosine_half_period_amplitude,geom_model_cosine_half_period_amplitude_error,geom_model_cosine_half_period_phase,geom_model_cosine_half_period_phase_error,model_type,num_model_parameters,reduced_chi2,derived_primary_ecl_phase,derived_primary_ecl_phase_error,derived_primary_ecl_duration,derived_primary_ecl_duration_error,derived_primary_ecl_depth,derived_primary_ecl_depth_error,derived_secondary_ecl_phase,derived_secondary_ecl_phase_error,derived_secondary_ecl_duration,derived_secondary_ecl_duration_error,derived_secondary_ecl_depth,derived_secondary_ecl_depth_error
[from data line 223]
375316653866487564,4111190971168125440,0.58146024,2310.421188796211,0.9719017138095757,7.828085E-6,17.607376,0.010172995,0.24503468,0.0018273329,0.09911088,0.003929367,0.31923035,0.010089977,0.748995,0.0033311322,0.10495811,0.0057790116,0.28391814,0.010594225,null,null,null,null,"TWOGAUSSIANS",8,3.8064775,0.24503468,0.0018273329,0.4,0.0,0.29078317,0.0071826656,0.748995,0.0033311322,0.4,0.0,0.25546607,0.0067649
375316653866487564,4111191387829671680,0.49274963,2292.8489473059603,2.291907159569585,1.9485355E-5,19.342573,0.024832807,0.17068665,0.0037508297,0.08583353,0.0076427874,0.32454085,0.02417111,0.6878002,0.012414411,0.09704398,0.02359194,0.24832153,0.038114697,null,null,null,null,"TWOGAUSSIANS",8,2.2880154,0.17068665,0.0037480637,0.4,0.0,0.31425247,0.012554323,0.6878002,0.012414411,0.4,0.0,0.23803198,0.045651127
375316653866487564,4111191830161617536,0.5716454,2302.2889645668065,1.259112003686488,1.4027653E-5,17.825819,0.009227278,0.28341886,0.003429654,0.08649739,0.004519769,0.44674987,0.016959496,0.78308463,0.0033828814,0.09128413,0.0041754083,0.29104403,0.012532737,null,null,null,null,"TWOGAUSSIANS",8,5.1002975,0.28341886,0.003429654,0.4,0.0,0.4331457,0.01750418,0.78308463,0.0033828814,0.4,0.0,0.27743974,0.010608613
375316653866487564,4111191868882528384,0.55053985,2316.175259630057,0.4266490642147557,1.5991698E-5,16.643478,0.0027879886,0.24862653,0.057713073,0.014617334,0.06530065,0.01241699,0.0071120467,0.9022431,4.5697877E-4,0.005012252,5.919348E-4,0.35797688,0.09901942,null,null,null,null,"TWOGAUSSIANS",8,4.5088544,0.9022431,4.5697877E-4,0.02806861,0.0033148346,0.35797688,0.09901942,0.24862653,0.057713073,0.08185707,0.3129627,0.01241699,0.0071120467
375316653866487564,4111192001979685504,0.56348234,2308.319325830246,2.3793861544072668,6.5261493E-6,18.542559,0.022121318,0.21856432,0.0037806842,0.11592871,0.010218642,0.22563,0.021930048,0.7110348,0.0028567705,0.10701694,0.009115919,0.29398558,0.018042073,null,null,null,null,"TWOGAUSSIANS",8,1.2346972,0.7110348,0.0028567705,0.4,0.0,0.25579983,0.009511644,0.21857432,0.0037880582,0.4,0.0,0.18741275,0.006261977
375316653866487564,4111192040665635072,0.48102462,2260.763664455673,3.3006594743469635,2.0660866E-5,19.641327,0.024275288,0.24728179,0.0052942256,0.069308914,0.011822588,0.28270027,0.021318039,0.75037104,0.0056601283,0.07029332,0.025453962,0.34438524,0.08966574,null,null,null,null,"TWOGAUSSIANS",8,2.6580002,0.75037104,0.0056601283,0.3936426,0.041155647,0.34344038,0.09632767,0.24728179,0.0052942256,0.38812992,0.049800348,0.28175542,0.020715455
375316653866487564,4111192860950192256,0.5087374,2293.007304746053,1.4993870040887187,1.45854265E-5,18.53049,0.010573038,0.17870577,0.0042450745,0.07608313,0.00658522,0.29027167,0.021601958,0.67500687,0.0073891543,0.08639045,0.008038682,0.22689512,0.015528721,null,null,null,null,"TWOGAUSSIANS",8,3.5993853,0.17870577,0.0042450745,0.4,4.956064E-5,0.28612,0.022245979,0.67500687,0.0073891543,0.4,0.0,0.22274342,0.013923536
375316653866487564,4111193071466828928,0.48991448,2349.8341196019846,2.3852784529487407,5.0357274E-5,19.753569,0.109105915,0.29132888,0.010250688,0.1033472,0.034266457,0.39356345,0.094345175,0.7649647,0.010022644,0.10973216,0.029320447,0.40035585,0.09898782,null,null,null,null,"TWOGAUSSIANS",8,2.5461974,0.7649647,0.010022644,0.4,0.0,0.36282086,0.026405815,0.2913589,0.010155543,0.4,0.0,0.35605684,0.04115282
375316653866487564,4111194063541182848,0.5223598,2310.894747031549,0.21155355928248648,3.247929E-5,18.201113,0.0048227464,0.28945082,0.010467606,0.077293776,0.0076862676,0.13055807,0.01245198,0.7983905,0.0031798535,0.03284391,0.011227821,0.5667784,0.3206126,null,null,null,null,"TWOGAUSSIANS",8,5.194264,0.7983905,0.0031798535,0.1839259,0.0628758,0.56677,0.32067114,0.28945082,0.010467606,0.4,0.0,0.13054971,0.012442597
375316653866487564,4111194578953040896,0.5633968,2330.1576592662714,1.1423748603202646,9.127686E-6,18.132563,0.0036351904,0.3337946,0.01146096,0.056618653,0.0075602625,0.057093654,0.0062627755,0.8320703,0.0012668732,0.044890385,0.0020983852,0.4749712,0.043289103,null,null,null,null,"TWOGAUSSIANS",8,2.642266,0.8320703,0.0012668732,0.25138614,0.011750958,0.4749698,0.04328972,0.3337946,0.01146096,0.31706446,0.04233747,0.05709226,0.0062620244
375316653866487564,4111195133042891136,0.45478547,2275.9288937726064,0.039914938379631074,1.1724214E-6,19.568,0.011715105,0.2299192,0.021979587,0.12156656,0.022550507,0.21894966,0.038896978,0.8183401,1.0804865E-4,6.967189E-4,9.1452344E-4,0.73666734,3.1938782,null,null,null,null,"TWOGAUSSIANS",8,3.9209874,0.8183401,1.0804865E-4,0.003901626,0.005121331,0.7372863,3.1938188,0.2299192,0.021979587,0.4,0.0,0.21885677,0.039111458
375316653866487564,4111195163056296960,0.52007806,2315.787663918777,2.5816359505059676,1.6537599E-5,16.452324,0.05672051,0.2396851,0.0036315068,0.056073125,0.0235196,0.11940012,0.11216424,0.72853166,0.011674153,0.06993073,0.018562298,0.16044827,0.11200832,0.101780206,0.05601908,0.2396851,0.0036315068,"TWOGAUSSIANS_WITH_ELLIPSOIDAL_ON_ECLIPSE1",9,63.57468,0.73220164,0.0063348133,0.3916121,0.049234886,0.36318365,0.03924266,0.2396851,0.0036315068,0.31400952,0.11869114,0.322806,0.035013936
375316653866487564,4111195648431762560,0.538375,2293.084475934204,0.49848797846325105,2.5631996E-5,17.833866,0.002791791,0.31325147,0.0073095043,0.029961219,0.0112858955,0.49396193,0.20790896,0.8138295,0.0035919643,0.021187402,0.00397656,0.06915517,0.015878363,0.020707212,0.004522302,0.31325147,0.0073095043,"TWOGAUSSIANS_WITH_ELLIPSOIDAL_ON_ECLIPSE1",9,4.3136396,0.31325147,0.0073095043,0.16778283,0.06320102,0.5353763,0.21060574,0.8138295,0.0035544923,0.11864946,0.022268737,0.11056899,0.015957592
375316653866487564,4111196301275335680,0.5660978,2299.4173138567053,2.6913187868885813,1.1189756E-5,19.802332,0.011748368,0.16067934,0.0026860116,0.0914459,0.0047736503,0.49817473,0.043767832,0.6760149,0.0048869727,0.07835023,0.004600229,0.58756787,0.0153546585,null,null,null,null,"TWOGAUSSIANS",8,0.84147274,0.6760149,0.0048869727,0.4,0.0,0.5768702,0.012604492,0.16067934,0.0026860116,0.4,0.0,0.48747662,0.044653255
375316653866487564,4111196301275337344,0.5178803,2337.499776215736,0.49105331685565873,2.3290508E-5,16.606524,0.0013962593,0.3070126,0.0029340978,0.015542316,0.0025993017,0.17788507,0.01840774,0.8102494,6.408322E-4,0.015429691,0.0012226921,0.085490815,0.005125748,null,null,null,null,"TWOGAUSSIANS",8,4.181357,0.3070126,0.0029340978,0.087036975,0.014556089,0.17788507,0.01840774,0.8102494,6.408322E-4,0.08640627,0.0068470757,0.085490815,0.005125748
375316653866487564,4111196782311964032,0.5079979,2269.302315916631,2.4788691119001016,2.4530607E-5,19.453983,0.021181686,0.26194647,0.0047308328,0.073949665,0.0060316087,0.49374047,0.025039887,0.7355581,0.0077598374,0.08393328,0.013505482,0.48767075,0.05914993,null,null,null,null,"TWOGAUSSIANS",8,5.1340733,0.26194647,0.0047308328,0.4,0.0027383976,0.4899649,0.02328023,0.7355581,0.0077598374,0.4,0.0,0.48389512,0.06262169
375316653866487564,4111196915415331840,0.5156203,2301.5916596050856,2.6964570859035852,1.8792729E-5,19.30349,0.060589302,0.21352921,0.0059433714,0.11065946,0.020712117,0.40432414,0.051430415,0.7186277,0.0045676185,0.09062489,0.013799893,0.46769118,0.05408113,null,null,null,null,"TWOGAUSSIANS",8,3.7742467,0.7186277,0.004571929,0.4,0.0,0.4309496,0.031250637,0.21352921,0.0059433714,0.4,0.0,0.36755234,0.033648044
375316653866487564,4111196949762743680,0.5844155,2326.7507758949755,1.984886585214411,1.2166397E-5,17.339338,0.0054217153,0.24124248,0.0028266795,0.086662196,0.004717581,0.19261318,0.00774905,0.72893834,0.0022850665,0.07985973,0.0034420015,0.38485506,0.016002877,null,null,null,null,"TWOGAUSSIANS",8,5.1722383,0.72893834,0.0022850665,0.4,0.0,0.38017276,0.016594045,0.24124248,0.0028266795,0.4,0.0,0.18793087,0.0077838707
375316653866487564,4111197194642499200,0.48432907,2316.6915520044195,2.5305267490646197,4.5621264E-6,17.828772,0.010293888,0.21580265,0.053578615,0.03145761,0.040897384,0.059918556,5.3934052E15,0.69224083,0.0019950976,0.039448325,0.0032688878,0.36109823,0.026654549,0.03754811,0.0132413525,0.69224083,0.0019950976,"TWOGAUSSIANS_WITH_ELLIPSOIDAL_ON_ECLIPSE2",9,29.942572,0.69224083,0.0019950976,0.22091061,0.018305773,0.43619433,0.024859263,0.21372266,0.04363442,0.17616263,0.22902536,0.133524,5.3934052E15
375316653866487564,4111197533895568256,0.44271305,2286.106372335498,2.653498111533678,1.02161874E-4,19.447878,0.37182313,0.21170595,0.013124094,0.11505294,0.067634255,0.18148637,0.32150874,0.686035,0.037468724,0.1225628,0.105861455,0.17183542,0.3594725,null,null,null,null,"TWOGAUSSIANS",8,4.226078,0.21188596,0.010169925,0.4,0.0,0.15108779,0.016078355,0.686035,0.037468724,0.4,0.0,0.14136542,0.0281333
375316653866487564,4111197636969963392,0.5408046,2279.7145146382395,2.214213826547291,1.1887225E-5,19.369371,0.019611018,0.26452342,0.0068659363,0.066944204,0.009440017,0.59081864,0.047723364,0.76946145,0.0031336823,0.06298192,0.00547462,0.6005434,0.055766214,null,null,null,null,"TWOGAUSSIANS",8,3.732139,0.76946145,0.0031336823,0.35269874,0.030657873,0.599918,0.056050904,0.26452342,0.0068659363,0.37488753,0.05085297,0.5901933,0.04815271
375316653866487564,4111197847453546880,0.46259704,2279.248628369121,0.039959405100551404,7.964899E-5,19.692457,0.02591214,0.32362482,0.022114782,0.09568479,0.030458549,0.33971414,0.15114596,0.71828663,0.0145663675,0.09434885,0.015388533,0.31380513,0.04837698,null,null,null,null,"TWOGAUSSIANS",8,4.7736583,0.3236848,0.022130521,0.4,0.0,0.3356748,0.15431346,0.71828663,0.0145663675,0.4,0.0,0.30978462,0.04772455
375316653866487564,4111197916197027968,0.44103137,2296.2826987610742,3.04403282192588,2.6081112E-5,18.575348,0.00898646,0.21607088,0.0072341724,0.051961485,0.0076018954,0.11580975,0.017232355,0.73008335,0.009340846,0.07034101,0.015675658,0.14892833,0.017458396,null,null,null,null,"TWOGAUSSIANS",8,7.8414726,0.73008335,0.009340846,0.39390966,0.056521613,0.14888968,0.017517408,0.21607088,0.0072341724,0.29098433,0.042570613,0.11577109,0.01721416
375316653866487564,4111198053636030336,0.48767126,2310.5915070116175,0.4434134780253018,1.1551317E-5,17.625608,0.014505695,0.23826045,0.0026270926,0.040286914,0.006298809,0.17990799,0.018148469,0.7394081,0.0196249,0.0573911,0.050993927,0.10190701,0.024844097,null,null,null,null,"TWOGAUSSIANS",8,14.357292,0.23826045,0.0026270926,0.22560672,0.03527333,0.17990752,0.017969308,0.7394081,0.0196249,0.32139015,0.13075621,0.10190652,0.025120702
375316653866487564,4111198324164677760,0.4418896,2283.905214811749,1.9598411723444664,3.0307621E-5,18.906748,0.019784763,0.19143185,0.0049822484,0.069615684,0.009318477,0.3322617,0.043907177,0.6634825,0.008067667,0.06440399,0.007934886,0.4916107,0.07283555,null,null,null,null,"TWOGAUSSIANS",8,21.404413,0.6634825,0.008067667,0.36066234,0.04443536,0.4912691,0.072915375,0.19143185,0.0049822484,0.38984782,0.04353848,0.33192012,0.04409138
375316653866487564,4111198599027849472,0.53403246,2289.666880874271,1.61679810129055,1.1905196E-5,17.579075,0.011282612,0.25803056,0.0053751473,0.0993619,0.011378962,0.13988909,0.011245793,0.75039226,0.0038036772,0.09871352,0.0077973953,0.1496107,0.011074572,null,null,null,null,"TWOGAUSSIANS",8,2.8761585,0.75039226,0.0038036772,0.4,0.0,0.13877164,0.006500212,0.25803056,0.0053751473,0.4,0.0,0.12904994,0.0075923027
375316653866487564,4111198667747641600,0.46148092,2294.0535717107773,0.31424569758923143,1.577349E-4,18.12075,0.003134066,0.3862139,0.003304853,0.044820867,0.0030238838,1.6534679,0.7083807,null,null,null,null,null,null,null,null,null,null,"ONEGAUSSIAN",5,4.8780165,0.3862139,0.003304853,0.25099686,0.016933748,1.6534679,0.0,null,null,null,null,null,null
375316653866487564,4111198706448315392,0.50945705,2276.369136478847,2.4660424895138595,1.6091775E-5,18.169846,0.013429872,0.29628453,0.003963984,0.07363381,0.005668616,0.49413997,0.025624834,0.7969131,0.0072884383,0.088376515,0.008538952,0.4721555,0.036603734,null,null,null,null,"TWOGAUSSIANS",8,25.99154,0.29628453,0.003963984,0.4,0.0038400686,0.48603913,0.025706576,0.7969131,0.0072884383,0.4,0.0,0.46405455,0.038507435
375316653866487564,4111199050045673216,0.50386155,2286.7723048382363,2.0386772177903922,8.130073E-6,18.926947,0.003487636,0.2374767,0.004455464,0.061093718,0.003991801,0.31399736,0.015235537,0.7449998,0.0047148243,0.065454215,0.007913621,0.14571594,0.031612106,null,null,null,null,"TWOGAUSSIANS",8,2.0957341,0.2374767,0.004455464,0.34212482,0.022354085,0.3138624,0.015250804,0.7449998,0.0047148243,0.36654362,0.044316277,0.14558102,0.03169037
375316653866487564,4111199565440713600,0.4513657,2327.0133093183126,2.669189245297092,3.9925362E-5,19.865217,0.0141555555,0.15558702,0.0110607175,0.0727749,0.016636536,0.18018474,0.024644483,0.61417294,0.007513828,0.09271184,0.010139726,0.23438245,0.019004837,null,null,null,null,"TWOGAUSSIANS",8,1.847888,0.61417294,0.007513828,0.4,0.0,0.23241772,0.018012587,0.15558702,0.0110607175,0.4,0.06746805,0.17822117,0.025934309
375316653866487564,4111200248295492736,0.6694686,2302.6497737735135,0.1600043373180158,7.4584195E-6,17.690666,0.0026671907,0.26210287,5.828389E-4,0.02013969,4.634902E-4,1.1117419,0.02913152,0.76230025,0.006521181,0.021522015,0.009511251,0.1633397,0.04008231,0.05123436,0.004005489,0.26210287,5.828389E-4,"TWOGAUSSIANS_WITH_ELLIPSOIDAL_ON_ECLIPSE1",9,4.745366,0.26210287,5.828389E-4,0.11278226,0.0025955453,1.2142106,0.028845105,0.76230025,0.0065124077,0.12052328,0.053263005,0.26580822,0.038075656
375316653866487564,4111200286995581440,0.45961368,2282.786260048093,1.277891461450095,2.396249E-5,18.831089,0.024827369,0.21490861,0.008625086,0.0655449,0.0093960585,0.3649139,0.051399864,0.7658593,0.011147699,0.011426652,0.01339751,0.17119998,51.071007,0.053578787,0.0353718,0.7658593,0.011147699,"TWOGAUSSIANS_WITH_ELLIPSOIDAL_ON_ECLIPSE2",9,25.607899,0.21929862,0.0060249525,0.36705145,0.05261793,0.46233112,0.03560771,0.7658593,0.011147699,0.06398925,0.07502606,0.27834716,51.116585
375316653866487564,4111200561873767680,0.6543148,2288.0949902436582,0.290080148578212,6.766497E-6,17.706173,0.002887892,0.24212344,0.006704112,0.021926766,0.0037064075,0.20254579,0.039520327,0.73077893,4.3046498E-4,0.030641172,0.0011301533,1.2377983,0.07867849,0.047441322,0.0043612,0.24212344,0.006704112,"TWOGAUSSIANS_WITH_ELLIPSOIDAL_ON_ECLIPSE1",9,5.330877,0.7308389,4.260891E-4,0.17159057,0.0063288584,1.3322023,0.08157436,0.24212344,0.006704112,0.12278989,0.020755881,0.29742837,0.045022342
375316653866487564,4111200768032718336,0.43214852,2312.4308349239027,0.04593958213970322,1.8694718E-5,19.778522,0.03750783,0.07756074,0.006022355,0.038300812,0.0073707523,0.12930103,0.04397874,0.388081,0.0031540252,0.036808405,0.004126359,0.7514713,0.029929774,null,null,null,null,"TWOGAUSSIANS",8,5.84428,0.388081,0.0031540252,0.20612706,0.02310761,0.7514713,0.029929774,0.07756074,0.006022355,0.21448454,0.041276213,0.12930103,0.04397874
375316653866487564,4111201867545019392,0.44866997,2279.643014502813,1.4784355910132378,1.4849321E-4,19.323935,0.027654264,0.18921995,0.015143754,0.094606936,0.025243882,0.14441115,0.036592893,0.7204375,0.02435643,0.089997314,0.03465944,0.17918116,0.023065947,null,null,null,null,"TWOGAUSSIANS",8,3.35066,0.7204375,0.024349255,0.4,0.0,0.17408217,0.02233134,0.18921995,0.0151391765,0.4,0.0,0.1393117,0.033791665
