Gaia/vari_eclipsing_binary/VariEclipsingBinary_674466-674485.csv
# %ECSV 1.0
# ---
# delimiter: ','
# meta: !!omap
# - RELEASE: Gaia DR3
# - TABLE: vari_eclipsing_binary
# - DESCRIPTION: >
#     This table describes the properties of the eclipsing binaries resulting from the variability analysis. 
# - CITATION: >
#     How to cite and acknowledge Gaia: 
#     https://gea.esac.esa.int/archive/documentation/credits.html 
# - KNOWN_ISSUES: >
#     Known issues: 
#     https://www.cosmos.esa.int/web/gaia-users/known-issues 
# - DOCUMENTATION: >
#     Tutorials and documentation: 
#     https://www.cosmos.esa.int/web/gaia-users/archive 
# datatype:
# - 
#   name: solution_id
#   datatype: int64
#   description: Solution Identifier
#   meta:
#     ucd: meta.version
# - 
#   name: source_id
#   datatype: int64
#   description: Unique source identifier
#   meta:
#     ucd: meta.id;meta.main
# - 
#   name: global_ranking
#   datatype: float32
#   description: Number between 0 (worst) and 1 (best)
#   meta:
#     ucd: stat.param
# - 
#   name: reference_time
#   datatype: float64
#   unit: d
#   description: Reference time used for the geometric model fit
#   meta:
#     ucd: time.epoch
# - 
#   name: frequency
#   datatype: float64
#   unit: d**-1
#   description: Frequency of geometric model of the eclipsing binary light curve
#   meta:
#     ucd: src.orbital
# - 
#   name: frequency_error
#   datatype: float32
#   unit: d**-1
#   description: "Uncertainty of \\texttt{frequency}"
#   meta:
#     ucd: stat.error
# - 
#   name: geom_model_reference_level
#   datatype: float32
#   unit: mag
#   description: Magnitude reference level of geometric model
#   meta:
#     ucd: phot.mag;em.opt
# - 
#   name: geom_model_reference_level_error
#   datatype: float32
#   unit: mag
#   description: "Uncertainty of \\texttt{geomModelReferenceLevel}"
#   meta:
#     ucd: stat.error;phot.mag;em.opt
# - 
#   name: geom_model_gaussian1_phase
#   datatype: float32
#   description: Phase of the Gaussian 1 component
#   meta:
#     ucd: time.phase
# - 
#   name: geom_model_gaussian1_phase_error
#   datatype: float32
#   description: "Uncertainty of \\texttt{geomModelGaussian1Phase}"
#   meta:
#     ucd: stat.error;time.phase
# - 
#   name: geom_model_gaussian1_sigma
#   datatype: float32
#   description: "Standard deviation [phase] of Gaussian 1 component"
#   meta:
#     ucd: stat.stdev
# - 
#   name: geom_model_gaussian1_sigma_error
#   datatype: float32
#   description: "Uncertainty of \\texttt{geomModelGaussian1Sigma}"
#   meta:
#     ucd: stat.error
# - 
#   name: geom_model_gaussian1_depth
#   datatype: float32
#   unit: mag
#   description: Magnitude depth of Gaussian 1 component
#   meta:
#     ucd: src.var.amplitude
# - 
#   name: geom_model_gaussian1_depth_error
#   datatype: float32
#   unit: mag
#   description: "Uncertainty of \\texttt{geomModelGaussian1Depth}"
#   meta:
#     ucd: stat.error;src.var.amplitude
# - 
#   name: geom_model_gaussian2_phase
#   datatype: float32
#   description: Phase of Gaussian 2 component
#   meta:
#     ucd: time.phase
# - 
#   name: geom_model_gaussian2_phase_error
#   datatype: float32
#   description: "Uncertainty of \\texttt{geomModelGaussian2Phase}"
#   meta:
#     ucd: stat.error;time.phase
# - 
#   name: geom_model_gaussian2_sigma
#   datatype: float32
[...]
#   datatype: float32
#   description: "Secondary eclipse: uncertainty of \\texttt{derivedSecondaryEclDuration}"
#   meta:
#     ucd: stat.error;time.duration
# - 
#   name: derived_secondary_ecl_depth
#   datatype: float32
#   unit: mag
#   description: "Secondary eclipse: depth"
#   meta:
#     ucd: src.var.amplitude
# - 
#   name: derived_secondary_ecl_depth_error
#   datatype: float32
#   unit: mag
#   description: "Secondary eclipse: uncertainty of \\texttt{derivedSecondaryEclDepth}"
#   meta:
#     ucd: stat.error;src.var.amplitude
solution_id,source_id,global_ranking,reference_time,frequency,frequency_error,geom_model_reference_level,geom_model_reference_level_error,geom_model_gaussian1_phase,geom_model_gaussian1_phase_error,geom_model_gaussian1_sigma,geom_model_gaussian1_sigma_error,geom_model_gaussian1_depth,geom_model_gaussian1_depth_error,geom_model_gaussian2_phase,geom_model_gaussian2_phase_error,geom_model_gaussian2_sigma,geom_model_gaussian2_sigma_error,geom_model_gaussian2_depth,geom_model_gaussian2_depth_error,geom_model_cosine_half_period_amplitude,geom_model_cosine_half_period_amplitude_error,geom_model_cosine_half_period_phase,geom_model_cosine_half_period_phase_error,model_type,num_model_parameters,reduced_chi2,derived_primary_ecl_phase,derived_primary_ecl_phase_error,derived_primary_ecl_duration,derived_primary_ecl_duration_error,derived_primary_ecl_depth,derived_primary_ecl_depth_error,derived_secondary_ecl_phase,derived_secondary_ecl_phase_error,derived_secondary_ecl_duration,derived_secondary_ecl_duration_error,derived_secondary_ecl_depth,derived_secondary_ecl_depth_error
[from data line 605]
375316653866487564,5932820024600200576,0.50740075,2191.369383942552,1.0719998152936938,1.0716765E-5,18.646502,0.003227046,0.33563754,0.006166204,0.040063526,0.0022252153,0.47538692,0.074129805,0.82294524,0.0067653493,0.040437218,0.0057554473,0.061679795,0.0066009043,null,null,null,null,"TWOGAUSSIANS",8,3.4367251,0.33563754,0.006166204,0.22435574,0.012461205,0.47538692,0.074129805,0.82294524,0.0067653493,0.22644842,0.032230504,0.061679795,0.0066009047
375316653866487564,5932820436917275776,0.4498634,2130.3417303138517,0.6373253451576295,5.523061E-5,19.166222,0.011455331,0.19235952,0.012622196,0.013501414,0.013561058,0.57698786,167093.7,0.67171425,0.006270238,0.04177969,0.0076248343,0.2860227,0.019774707,null,null,null,null,"TWOGAUSSIANS",8,19.11121,0.19235952,0.012622196,0.07560792,0.07594192,0.57698786,167093.7,0.67171425,0.006270238,0.23396626,0.042699073,0.2860227,0.019774707
375316653866487564,5932820608716193664,0.47051606,2144.8665338099395,3.618328832941754,1.3582467E-5,19.68599,0.017931756,0.23067902,0.005929602,0.07693428,0.013263884,0.29976514,0.022327676,0.7185786,0.0060424255,0.055029035,0.009245408,0.39044666,0.047508214,null,null,null,null,"TWOGAUSSIANS",8,5.953066,0.7185786,0.0060424255,0.3081626,0.051774282,0.39009315,0.047622584,0.23067902,0.005929602,0.4,0.0017962303,0.29941162,0.022307385
375316653866487564,5932820608742402944,0.44897792,2138.5698441434542,1.2609398483375436,4.0873096E-5,19.615221,0.007654956,0.22651124,0.0025940735,0.026664559,0.002498287,0.5463798,0.042123377,0.72155017,0.0015424717,0.031794574,0.002844092,0.4441383,0.03415701,null,null,null,null,"TWOGAUSSIANS",8,3.9859133,0.22651124,0.0025940735,0.14932153,0.013990407,0.5463798,0.042123377,0.72155017,0.0015424717,0.17804962,0.015926916,0.4441383,0.03415701
375316653866487564,5932820780514769152,0.5361945,2195.8878342671105,0.03734976892174157,5.1952422E-5,16.533705,8.543626E-4,0.08174247,0.006188468,0.023475314,0.0041673514,0.013316967,0.0034358618,0.66066456,1.7071136E-5,0.018862588,5.90499E-5,1.8690898,0.018206855,null,null,null,null,"TWOGAUSSIANS",8,3.3669026,0.66066456,1.7071136E-5,0.10563049,3.3067944E-4,1.8690898,0.018206855,0.08174247,0.006188468,0.13146175,0.023337169,0.013316967,0.0034358618
375316653866487564,5932821330296966016,0.54801774,2245.201322337119,0.017356620372637452,3.4675008E-6,14.377828,8.579468E-4,0.2347144,2.338633E-4,0.0013801102,2.1751993E-4,0.13614318,0.003574661,0.70259213,0.09404681,0.01774582,0.069276504,0.004118053,1622330.2,7.9704914E-4,5.8669626E-4,0.70259213,0.09404681,"TWOGAUSSIANS_WITH_ELLIPSOIDAL_ON_ECLIPSE2",9,28.564642,0.2347144,2.338633E-4,0.007728617,0.0012181116,0.13767321,0.0033887746,0.70259213,0.09404681,0.0993766,0.3525382,0.0057121497,1622330.2
375316653866487564,5932821433376175744,0.57735527,2195.3625268714923,0.3671897974280017,8.925808E-6,15.518281,6.742803E-4,0.52033395,0.0012817625,0.021990351,9.851422E-4,0.16321784,0.008052939,0.8530165,0.047913004,0.040057782,0.017817179,0.013031022,0.008958332,null,null,null,null,"TWOGAUSSIANS",8,6.8190823,0.52033395,0.0012817625,0.12314597,0.0055167964,0.16321784,0.008052939,0.8530165,0.047913004,0.22432359,0.0997762,0.013031022,0.008958332
375316653866487564,5932821570789261568,0.419575,2147.3770892724187,0.7425899711601822,6.618407E-5,19.264536,0.0077209454,0.25943384,0.012522799,0.05982152,0.021676214,0.07556568,0.03463615,0.6424564,0.024780747,0.05528465,0.017183369,0.076485924,0.017760517,0.040268943,0.01388616,0.25943384,0.012522799,"TWOGAUSSIANS_WITH_ELLIPSOIDAL_ON_ECLIPSE1",9,6.1565046,0.25943384,0.012522799,0.33500051,0.1213868,0.15609115,0.032781158,0.6627264,0.031815886,0.30959404,0.09622686,0.1257877,0.026790876
375316653866487564,5932821772610467584,0.65754604,2183.8214835882136,0.471336155954665,4.5906554E-6,14.433619,9.483563E-4,0.23016423,5.6657294E-4,0.026470227,5.7185424E-4,0.25609642,0.0064726667,0.72997683,5.3011894E-4,0.026929282,8.11914E-4,0.2561965,0.0055661993,0.003674026,0.001335272,0.23016423,5.6657294E-4,"TWOGAUSSIANS_WITH_ELLIPSOIDAL_ON_ECLIPSE1",9,14.98296,0.72997683,5.3011894E-4,0.15080398,0.004546718,0.26354453,0.0059940135,0.23016423,5.6657294E-4,0.14823326,0.0032023839,0.26344448,0.0065030497
375316653866487564,5932821776973670272,0.550299,2191.8779997587794,0.3243747269779143,6.8785007E-6,16.968311,0.0026926012,0.24853991,0.0010883483,0.046811517,0.0017624942,0.21803474,0.007202936,0.74538636,0.005501468,0.038265176,0.0035236857,0.0796586,0.010912123,0.016934078,0.0041268454,0.24853991,0.0010883483,"TWOGAUSSIANS_WITH_ELLIPSOIDAL_ON_ECLIPSE1",9,5.338414,0.24853991,0.0010883483,0.2621445,0.009869968,0.25190276,0.0063229073,0.7455364,0.005274354,0.214285,0.01973264,0.11351394,0.009615507
375316653866487564,5932822739020574720,0.5129125,2205.268551799117,0.06812281651295367,1.0762102E-6,14.589665,0.0010984626,0.33893237,1.8057672E-4,0.0061250846,2.1632135E-4,0.26163483,0.003964863,0.5981854,0.0044829664,0.008846074,0.0023340066,0.28522408,0.12669198,0.0053863614,0.0026972094,0.33893237,1.8057672E-4,"TWOGAUSSIANS_WITH_ELLIPSOIDAL_ON_ECLIPSE1",9,113.20947,0.5981854,0.0044829664,0.049538016,0.013070436,0.28526044,0.12667038,0.33893237,1.8057672E-4,0.034300473,0.0012113996,0.27240756,0.0033739847
375316653866487564,5932823254442432256,0.6635347,2189.5650831750954,0.3358981612366036,2.2734395E-5,16.60359,5.775473E-4,0.11690639,0.006624789,0.010209668,0.002787524,0.69367754,0.27043614,0.44823775,0.0027698232,0.017256444,0.0026533364,0.008207399,7.834924E-4,2.161971E-4,7.535679E-4,0.11690639,0.006624789,"TWOGAUSSIANS_WITH_ELLIPSOIDAL_ON_ECLIPSE1",9,1.8866017,0.11690639,0.006624789,0.057174142,0.015610134,0.69411,0.27043095,0.44831774,0.0026664613,0.09663609,0.0148586845,0.00831092,0.001014945
375316653866487564,5932823323161901184,0.5193503,2189.3419948349783,0.34559114786154577,1.2145098E-5,17.254108,9.097914E-4,0.23945124,0.0012465301,0.01374556,0.001212659,0.18136686,0.017429655,0.38589513,0.02592116,0.005856971,0.005286057,0.008517093,0.27496073,null,null,null,null,"TWOGAUSSIANS",8,2.4092875,0.23945124,0.0012465301,0.07697514,0.00679089,0.18136686,0.017429655,0.38589513,0.02592116,0.032799035,0.029601919,0.008517093,0.27496073
375316653866487564,5932824388314782720,0.5798702,2174.907069416715,3.0600329950621497,7.668795E-6,16.978104,0.006682918,0.25497293,0.001678519,0.05370387,0.009680953,0.094901316,0.014465838,0.75180185,0.0060528405,0.04688904,0.0109541025,0.06768517,0.013267166,0.090282016,0.007812061,0.25497293,0.001678519,"TWOGAUSSIANS_WITH_ELLIPSOIDAL_ON_ECLIPSE1",9,7.7716465,0.25497293,0.001678519,0.30074167,0.054213334,0.27546343,0.014499128,0.7528019,0.0042892005,0.26257864,0.061342973,0.24819829,0.004777968
375316653866487564,5932824628832252928,0.5463522,2159.610107014373,0.5376480020598084,1.4333391E-5,16.87309,0.0016356282,0.33222514,0.0026225494,0.023688331,0.0023400038,0.06041139,0.008461581,0.82986844,0.00336814,0.020526337,0.0024262113,0.31813467,0.05939547,null,null,null,null,"TWOGAUSSIANS",8,5.0654564,0.82986844,0.00336814,0.11494748,0.013586783,0.31813467,0.05939547,0.33222514,0.0026225494,0.13265465,0.013104021,0.06041139,0.008461581
375316653866487564,5932824658826244864,0.49199805,2128.8286802315533,2.218704637636433,1.74969E-5,19.26123,0.02134973,0.29003888,0.013074344,0.077947676,0.01803685,0.23259574,0.0288589,0.78509223,0.004428837,0.09942964,0.012493538,0.21548177,0.018864775,null,null,null,null,"TWOGAUSSIANS",8,2.6133173,0.29003888,0.013083358,0.4,0.0,0.22491693,0.025092661,0.78509223,0.004428837,0.4,0.0,0.20780154,0.010243797
375316653866487564,5932824766271225984,0.49234858,2145.2767231722187,2.542691328197196,2.2887341E-5,13.5158,0.045800656,0.15584125,0.0055106096,0.12636949,0.027923066,0.18037778,0.039717898,0.64808786,0.005700595,0.1105953,0.022697655,0.14684099,0.043549158,null,null,null,null,"TWOGAUSSIANS",8,72.60649,0.15585124,0.005501216,0.4,0.0,0.14746664,0.010260686,0.64808786,0.005700595,0.4,0.0,0.114066415,0.0064502805
375316653866487564,5932824766271233024,0.52114934,2155.990808403753,0.3961963801381165,4.3433516E-5,15.774104,6.478532E-4,0.58830386,0.0013685226,0.01694367,0.0014826964,0.075431444,0.004467186,0.79392034,0.004711926,0.018473221,0.0047485046,0.006115271,8.293206E-4,null,null,null,null,"TWOGAUSSIANS",8,3.1599698,0.58830386,0.0013685226,0.09488455,0.0083031,0.075431444,0.004467186,0.79392034,0.004711926,0.10345004,0.026591627,0.006115271,8.293206E-4
375316653866487564,5932824869326935040,0.5401509,2126.543264207598,2.5083224774162463,8.887682E-6,18.613838,0.010320631,0.16858624,0.0022617497,0.06490863,0.0032886297,0.50827086,0.016265195,0.6697788,0.0033712813,0.06818363,0.0038654741,0.50980514,0.030031145,null,null,null,null,"TWOGAUSSIANS",8,10.642572,0.6697788,0.0033712813,0.38182834,0.021646654,0.5089573,0.030133886,0.16858624,0.0022617497,0.36348835,0.018416326,0.50742304,0.016266363
375316653866487564,5932825075508936832,0.44488722,2136.7352668651833,2.750448393550764,3.8605343E-5,18.445415,0.04329082,0.27526194,0.008455904,0.101948075,0.014528742,0.16297768,0.041135937,0.7343555,0.013695587,0.13343339,0.044784375,0.13447529,0.04171884,null,null,null,null,"TWOGAUSSIANS",8,7.1838665,0.27579194,0.0076012234,0.4,0.0,0.14283673,0.012467565,0.7343555,0.013695587,0.4,0.0,0.11394092,0.02447559
375316653866487564,5932825075508975360,0.511685,2184.6831146779377,0.3641618305612086,1.4428666E-4,16.881582,0.0030332354,0.44166064,0.05843678,0.06655833,0.09625098,0.018366767,0.056338064,0.6971735,0.0019982462,0.017198183,0.0016133639,0.4079497,0.04615803,null,null,null,null,"TWOGAUSSIANS",8,10.457199,0.6971735,0.0019982462,0.09630982,0.009034838,0.40796125,0.046168514,0.44166064,0.05843678,0.37272665,0.51688343,0.018366767,0.056338068
375316653866487564,5932825212947872256,0.5012932,2154.4252936609782,1.5554212302228767,1.0634823E-5,12.967162,0.008322333,0.22740762,0.005155116,0.12185764,0.022304926,0.035851896,0.00791917,0.73057586,0.0026079474,0.108871065,0.014027121,0.056372795,0.0068810433,null,null,null,null,"TWOGAUSSIANS",8,10.4129925,0.7305859,0.0026046885,0.4,0.0,0.048254166,0.0019958755,0.22739762,0.005170769,0.4,0.0,0.027720334,0.0015655806
375316653866487564,5932825212948509312,0.6597492,2158.9216750336436,1.2168722509609324,2.4159674E-6,14.541197,0.00327515,0.19178644,4.0180006E-4,0.04234457,9.5723575E-4,0.6634534,0.0135450605,0.6949709,0.0014213922,0.041879762,0.0023024513,0.11026514,0.0087140165,0.05155481,0.005066629,0.19178644,4.0180006E-4,"TWOGAUSSIANS_WITH_ELLIPSOIDAL_ON_ECLIPSE1",9,46.465313,0.19178644,4.0180006E-4,0.2371296,0.00536052,0.7665629,0.015257803,0.6949709,0.0014213922,0.23452668,0.012893728,0.21333337,0.0048950794
375316653866487564,5932825487825861120,0.54353416,2149.5002153249084,3.410760645683014,7.0529964E-6,18.338522,0.019390885,0.20569198,0.003310921,0.08097812,0.0071558254,0.280142,0.019039322,0.69515556,0.0019245672,0.087568164,0.007378877,0.32157016,0.016973231,null,null,null,null,"TWOGAUSSIANS",8,4.7954903,0.69515556,0.0019245672,0.4,0.0,0.3154489,0.014819873,0.20569198,0.003310921,0.4,0.0,0.27402085,0.016407382
375316653866487564,5932825620900804608,0.6023115,2184.2051403387813,2.540388670938671,4.116861E-6,16.255987,0.0051383898,0.20558369,9.771021E-4,0.049836956,0.004129233,0.17167662,0.012575653,0.7094218,0.005496014,0.040816493,0.005899703,0.16286407,0.020557549,0.12052516,0.008682543,0.20558369,9.771021E-4,"TWOGAUSSIANS_WITH_ELLIPSOIDAL_ON_ECLIPSE1",9,22.341137,0.20558369,9.771021E-4,0.27908695,0.023123706,0.4127262,0.006675624,0.7094218,0.005496014,0.22857237,0.033038337,0.40377346,0.01985586
375316653866487564,5932825728320889728,0.56471986,2180.6999885958276,0.45998436562242934,4.0531817E-5,15.732197,8.8101113E-4,0.24254148,0.010950689,0.019147718,0.0053943223,0.2969749,0.088952534,0.7431314,0.005755312,0.02258159,0.0044628885,0.03730875,0.010891627,null,null,null,null,"TWOGAUSSIANS",8,7.7210617,0.24254148,0.010950689,0.10722723,0.030208204,0.2969749,0.088952534,0.7431314,0.005755312,0.1264569,0.024992175,0.03730875,0.010891627
375316653866487564,5932825895793745664,0.5047504,2149.8127939493215,1.3932856055134775,2.1929183E-5,18.228636,0.019159218,0.089575626,0.013767574,0.039487243,0.008698957,0.092286125,0.04621595,0.5996636,0.0066160606,0.06966128,0.0072330143,0.29882076,0.04120689,0.048285507,0.022563813,0.089575626,0.013767574,"TWOGAUSSIANS_WITH_ELLIPSOIDAL_ON_ECLIPSE1",9,19.540924,0.5996636,0.006466012,0.39010316,0.035139505,0.39473626,0.017227076,0.089575626,0.013767574,0.22112857,0.048714157,0.1885891,0.022152483
375316653866487564,5932826071941504256,0.58380026,2175.846595416298,0.0894359830997754,9.536344E-6,17.190506,8.038441E-4,0.102865815,0.006186709,0.0070400503,0.0031678346,0.096902676,0.19676912,0.5901187,0.0019115319,0.004611981,0.0010802267,0.25385502,0.0136647215,null,null,null,null,"TWOGAUSSIANS",8,1.5316156,0.5901187,0.0019115319,0.025827095,0.00604927,0.25385502,0.0136647215,0.102865815,0.006186709,0.03942428,0.017739873,0.096902676,0.19676912
375316653866487564,5932826656033769088,0.4297398,2153.2443710874636,1.8036458723649835,5.780214E-5,15.948882,0.0024970598,0.18143259,0.01221832,0.041151457,0.0051199934,0.20278063,0.016333334,0.65858066,0.027553035,0.014320529,0.014113202,0.052180715,0.036296297,null,null,null,null,"TWOGAUSSIANS",8,17.591248,0.18143259,0.01221832,0.23044816,0.028671963,0.20278063,0.016333334,0.65858066,0.027553035,0.080194965,0.079033926,0.052180715,0.036296297
375316653866487564,5932827068350851456,0.48257133,2127.268873743285,2.5217702731762044,2.1318861E-5,19.723188,0.022606788,0.214005,0.004024242,0.07958501,0.007639045,0.31814516,0.020031517,0.70488083,0.00766181,0.086857684,0.011387489,0.307394,0.030410955,null,null,null,null,"TWOGAUSSIANS",8,2.5646691,0.214005,0.004024242,0.4,0.0,0.31234276,0.016551778,0.70488083,0.00766181,0.4,0.0,0.30159155,0.029485438
375316653866487564,5932827102733652096,0.6456604,2167.7472375150924,2.003390129938867,3.6339445E-6,17.299828,0.01239228,0.3253854,0.0015922635,0.059600636,0.005519163,0.19525035,0.025701055,0.82558393,0.0018691922,0.054423593,0.0038625104,0.23140313,0.026162276,0.12924308,0.014194951,0.3253854,0.0015922635,"TWOGAUSSIANS_WITH_ELLIPSOIDAL_ON_ECLIPSE1",9,5.4708858,0.82558393,0.0017144552,0.3047721,0.021630058,0.48985332,0.0058349986,0.3253854,0.0015922635,0.33376354,0.03090731,0.45370096,0.005995753
375316653866487564,5932827343228776960,0.4434647,2128.517955566799,1.457880194264923,4.4758748E-5,18.571674,0.07913405,0.23747991,0.009500746,0.1121365,0.041633885,0.14847906,0.07635252,0.7590363,0.007130805,0.09939837,0.037889022,0.140442,0.073977746,null,null,null,null,"TWOGAUSSIANS",8,5.4754243,0.23747991,0.009432047,0.4,0.0,0.13466229,0.022278499,0.7590763,0.0069371946,0.4,0.0,0.1266433,0.0136251515
375316653866487564,5932827411948521216,0.4534322,2102.41941212017,1.1973894244936256,3.1558684E-5,19.57794,0.011466965,0.33109593,0.044466328,0.12189721,0.04339565,0.08332457,0.03738568,0.781523,0.0012480194,0.012839568,0.0038693696,4.026758,2.8764596,null,null,null,null,"TWOGAUSSIANS",8,5.6750827,0.781523,0.0012480194,0.071901575,0.02166847,4.026805,2.8764174,0.33109593,0.044466328,0.4,0.0,0.083277784,0.037313636
375316653866487564,5932827618107277056,0.52969253,2117.008656881618,3.216588618115091,8.903075E-6,19.552881,0.013231734,0.29498038,0.006098414,0.072515525,0.0061284974,0.45138717,0.039636325,0.7917478,0.0020717955,0.07034682,0.003550159,0.54243845,0.016510263,null,null,null,null,"TWOGAUSSIANS",8,2.7057078,0.7917478,0.0020717955,0.39394218,0.019090697,0.54044205,0.016244922,0.29498038,0.006098414,0.4,0.020716768,0.44939074,0.039845034
