Gaia/vari_eclipsing_binary/VariEclipsingBinary_236572-236697.csv
# %ECSV 1.0
# ---
# delimiter: ','
# meta: !!omap
# - RELEASE: Gaia DR3
# - TABLE: vari_eclipsing_binary
# - DESCRIPTION: >
#     This table describes the properties of the eclipsing binaries resulting from the variability analysis. 
# - CITATION: >
#     How to cite and acknowledge Gaia: 
#     https://gea.esac.esa.int/archive/documentation/credits.html 
# - KNOWN_ISSUES: >
#     Known issues: 
#     https://www.cosmos.esa.int/web/gaia-users/known-issues 
# - DOCUMENTATION: >
#     Tutorials and documentation: 
#     https://www.cosmos.esa.int/web/gaia-users/archive 
# datatype:
# - 
#   name: solution_id
#   datatype: int64
#   description: Solution Identifier
#   meta:
#     ucd: meta.version
# - 
#   name: source_id
#   datatype: int64
#   description: Unique source identifier
#   meta:
#     ucd: meta.id;meta.main
# - 
#   name: global_ranking
#   datatype: float32
#   description: Number between 0 (worst) and 1 (best)
#   meta:
#     ucd: stat.param
# - 
#   name: reference_time
#   datatype: float64
#   unit: d
#   description: Reference time used for the geometric model fit
#   meta:
#     ucd: time.epoch
# - 
#   name: frequency
#   datatype: float64
#   unit: d**-1
#   description: Frequency of geometric model of the eclipsing binary light curve
#   meta:
#     ucd: src.orbital
# - 
#   name: frequency_error
#   datatype: float32
#   unit: d**-1
#   description: "Uncertainty of \\texttt{frequency}"
#   meta:
#     ucd: stat.error
# - 
#   name: geom_model_reference_level
#   datatype: float32
#   unit: mag
#   description: Magnitude reference level of geometric model
#   meta:
#     ucd: phot.mag;em.opt
# - 
#   name: geom_model_reference_level_error
#   datatype: float32
#   unit: mag
#   description: "Uncertainty of \\texttt{geomModelReferenceLevel}"
#   meta:
#     ucd: stat.error;phot.mag;em.opt
# - 
#   name: geom_model_gaussian1_phase
#   datatype: float32
#   description: Phase of the Gaussian 1 component
#   meta:
#     ucd: time.phase
# - 
#   name: geom_model_gaussian1_phase_error
#   datatype: float32
#   description: "Uncertainty of \\texttt{geomModelGaussian1Phase}"
#   meta:
#     ucd: stat.error;time.phase
# - 
#   name: geom_model_gaussian1_sigma
#   datatype: float32
#   description: "Standard deviation [phase] of Gaussian 1 component"
#   meta:
#     ucd: stat.stdev
# - 
#   name: geom_model_gaussian1_sigma_error
#   datatype: float32
#   description: "Uncertainty of \\texttt{geomModelGaussian1Sigma}"
#   meta:
#     ucd: stat.error
# - 
#   name: geom_model_gaussian1_depth
#   datatype: float32
#   unit: mag
#   description: Magnitude depth of Gaussian 1 component
#   meta:
#     ucd: src.var.amplitude
# - 
#   name: geom_model_gaussian1_depth_error
#   datatype: float32
#   unit: mag
#   description: "Uncertainty of \\texttt{geomModelGaussian1Depth}"
#   meta:
#     ucd: stat.error;src.var.amplitude
# - 
#   name: geom_model_gaussian2_phase
#   datatype: float32
#   description: Phase of Gaussian 2 component
#   meta:
#     ucd: time.phase
# - 
#   name: geom_model_gaussian2_phase_error
#   datatype: float32
#   description: "Uncertainty of \\texttt{geomModelGaussian2Phase}"
#   meta:
#     ucd: stat.error;time.phase
# - 
#   name: geom_model_gaussian2_sigma
#   datatype: float32
[...]
#   datatype: float32
#   description: "Secondary eclipse: uncertainty of \\texttt{derivedSecondaryEclDuration}"
#   meta:
#     ucd: stat.error;time.duration
# - 
#   name: derived_secondary_ecl_depth
#   datatype: float32
#   unit: mag
#   description: "Secondary eclipse: depth"
#   meta:
#     ucd: src.var.amplitude
# - 
#   name: derived_secondary_ecl_depth_error
#   datatype: float32
#   unit: mag
#   description: "Secondary eclipse: uncertainty of \\texttt{derivedSecondaryEclDepth}"
#   meta:
#     ucd: stat.error;src.var.amplitude
solution_id,source_id,global_ranking,reference_time,frequency,frequency_error,geom_model_reference_level,geom_model_reference_level_error,geom_model_gaussian1_phase,geom_model_gaussian1_phase_error,geom_model_gaussian1_sigma,geom_model_gaussian1_sigma_error,geom_model_gaussian1_depth,geom_model_gaussian1_depth_error,geom_model_gaussian2_phase,geom_model_gaussian2_phase_error,geom_model_gaussian2_sigma,geom_model_gaussian2_sigma_error,geom_model_gaussian2_depth,geom_model_gaussian2_depth_error,geom_model_cosine_half_period_amplitude,geom_model_cosine_half_period_amplitude_error,geom_model_cosine_half_period_phase,geom_model_cosine_half_period_phase_error,model_type,num_model_parameters,reduced_chi2,derived_primary_ecl_phase,derived_primary_ecl_phase_error,derived_primary_ecl_duration,derived_primary_ecl_duration_error,derived_primary_ecl_depth,derived_primary_ecl_depth_error,derived_secondary_ecl_phase,derived_secondary_ecl_phase_error,derived_secondary_ecl_duration,derived_secondary_ecl_duration_error,derived_secondary_ecl_depth,derived_secondary_ecl_depth_error
[from data line 399]
375316653866487564,2081539961393316736,0.5710752,2218.120318089985,1.6986561616017934,1.0439158E-5,16.977957,0.007048385,0.18768343,0.0030333686,0.10471169,0.007459611,0.112207584,0.0069709616,0.69796646,0.0042737587,0.09158729,0.00796711,0.16869257,0.0099553205,null,null,null,null,"TWOGAUSSIANS",8,2.029107,0.69796646,0.004276309,0.4,0.0,0.15952009,0.011440385,0.18768343,0.0030333686,0.4,0.0,0.103032455,0.0041470416
375316653866487564,2081543775324637824,0.50955635,2192.636572475614,0.6582205007743352,9.686138E-6,19.354437,0.0070926496,0.17790535,0.013842349,0.029886572,0.004186077,1.0479414,0.45653465,0.6847118,0.0031805036,0.028014341,0.002650902,0.15225434,0.014194232,null,null,null,null,"TWOGAUSSIANS",8,2.4752398,0.17790535,0.013842349,0.16736479,0.02344203,1.0479414,0.45653465,0.6847118,0.0031805036,0.1568803,0.014845051,0.15225434,0.014194232
375316653866487564,2081545802549305984,0.64754766,2206.5773632987766,0.7136775471838658,3.1341888E-6,16.692225,0.0018303732,0.22197992,4.9293245E-4,0.024967669,6.5927533E-4,0.34689522,0.0053382795,0.72169924,0.0010829588,0.023345372,0.00223736,0.5260557,0.056803856,0.011288983,0.003023707,0.22197992,4.9293245E-4,"TWOGAUSSIANS_WITH_ELLIPSOIDAL_ON_ECLIPSE1",9,4.727625,0.72169924,0.0010829588,0.13073409,0.012529216,0.5486336,0.057977263,0.22197992,4.9293245E-4,0.13981895,0.0036919417,0.3694732,0.00522499
375316653866487564,2081554491258947840,0.49275342,2207.536105972442,1.6890046356142232,5.061E-5,19.479328,0.005141577,0.41585165,0.0078723235,0.047640588,0.019150574,0.061183333,0.013189065,0.9120811,0.0050305957,0.014546486,0.0024179416,0.8541121,0.40535158,null,null,null,null,"TWOGAUSSIANS",8,2.067921,0.9120811,0.0050305957,0.08146032,0.013540472,0.8541121,0.40535158,0.41585165,0.0078723235,0.2667873,0.10724321,0.061183333,0.013189065
375316653866487564,2081555281532929024,0.5298468,2228.3145895968164,0.975320710464063,2.072079E-5,19.346045,0.007321867,0.20459214,0.003867454,0.025439173,0.004730153,0.6255157,0.10322036,0.7053106,0.0029859198,0.026403373,0.004064457,0.49376827,0.14053325,null,null,null,null,"TWOGAUSSIANS",8,5.109291,0.20459214,0.003867454,0.14245936,0.026488857,0.6255157,0.10322036,0.7053106,0.0029859198,0.14785889,0.02276096,0.49376827,0.14053325
375316653866487564,2081556557147462784,0.43205148,2264.1475485761816,4.89783690130752,3.9188708E-5,17.597439,0.016273238,0.15755695,0.025238225,0.058302067,0.016808856,0.10464655,0.074697696,0.5800039,0.011407805,0.06812383,0.009739876,0.42231008,0.06804057,null,null,null,null,"TWOGAUSSIANS",8,8.912363,0.5800039,0.011407805,0.38149348,0.05145905,0.4222972,0.06804377,0.15755695,0.025238225,0.32649156,0.09412959,0.10463367,0.07470206
375316653866487564,2081561436230132480,0.594149,2231.825384239765,3.032288600322429,1.6263388E-5,16.737453,0.012309632,0.281042,0.0034027519,0.037402276,0.00638594,0.12293573,0.02699244,0.76860505,0.0052264645,0.046650577,0.009508708,0.19566782,0.025127597,0.121455826,0.01543671,0.281042,0.0034027519,"TWOGAUSSIANS_WITH_ELLIPSOIDAL_ON_ECLIPSE1",9,24.415121,0.77078503,0.0042445734,0.26124322,0.053248763,0.4373584,0.016155545,0.281042,0.0034027519,0.20945273,0.035761263,0.36584735,0.00749701
375316653866487564,2081566207931211904,0.5994644,2186.6776500155843,1.1562478862054426,5.5665937E-6,17.21624,0.012921735,0.28381467,0.0019296351,0.079340436,0.003504023,0.4196148,0.014197936,0.80496156,0.0030543376,0.087740384,0.0070922677,0.21869981,0.011687248,null,null,null,null,"TWOGAUSSIANS",8,10.281506,0.28381467,0.0019296351,0.4,0.0,0.41505867,0.012891063,0.80496156,0.0030543376,0.4,0.0,0.2141436,0.00992206
375316653866487564,2081570163603964416,0.62737405,2253.9975332089743,0.6731379164197745,6.433401E-6,16.175755,0.0013983935,0.1989214,0.012376896,0.0255681,0.006746874,0.39105505,0.08718364,0.5984076,0.002819031,0.01745025,0.011305288,0.018377533,0.1065954,null,null,null,null,"TWOGAUSSIANS",8,5.4111795,0.1989214,0.012376896,0.14318137,0.037782498,0.39105505,0.08718364,0.5984076,0.002819031,0.097721405,0.06330962,0.018377533,0.1065954
375316653866487564,2081571430612491648,0.56545293,2250.90557414904,1.6516550669242047,9.664233E-6,17.932268,0.006535304,0.22906426,0.004029268,0.08969913,0.005983707,0.16968505,0.006692515,0.7275679,0.0021405793,0.07882008,0.0037363132,0.3105143,0.008877029,null,null,null,null,"TWOGAUSSIANS",8,3.0497963,0.7275679,0.0021405793,0.4,0.0,0.30519575,0.00896631,0.22906426,0.004029268,0.4,0.0,0.16436645,0.0057989755
375316653866487564,2081573565218061696,0.56048775,2226.9455626863833,1.5644202237768903,6.809371E-6,17.091822,0.16488555,0.21665896,0.006484716,0.15898307,0.04604306,0.31097546,0.15331303,0.6875873,0.0077681094,0.13736027,0.022553608,0.35979897,0.14748715,null,null,null,null,"TWOGAUSSIANS",8,4.4265246,0.6875873,0.0077681094,0.4,0.0,0.23068725,0.008831709,0.21830897,0.004666609,0.4,0.0,0.17801227,0.008200384
375316653866487564,2081574419905407104,0.4787439,2223.910686913167,0.5438702630080244,6.8685134E-5,18.145159,0.007520988,0.6934744,0.00884571,0.02380681,0.007856611,0.7854959,0.65120703,0.56861,0.0075299684,0.0065179328,0.01762018,0.18726102,0.1579481,null,null,null,null,"TWOGAUSSIANS",8,9.708892,0.6934744,0.00884571,0.13331814,0.04399702,0.7854959,0.65120703,0.56861,0.0075299684,0.036500424,0.09867301,0.18726185,0.15794861
375316653866487564,2081575248845258624,0.58559877,2223.89950655131,2.706412815935944,1.0944305E-5,17.384247,0.014038739,0.2657693,0.0039504487,0.09669872,0.0056916215,0.33649218,0.015055475,0.75956935,0.003942381,0.10132926,0.0072207744,0.31144905,0.014079304,null,null,null,null,"TWOGAUSSIANS",8,5.72936,0.2657693,0.0039504487,0.4,0.0,0.31185344,0.0063554198,0.75956935,0.003942381,0.4,0.0,0.28680804,0.009988082
375316653866487564,2081575381978194560,0.5842346,2221.6533221212853,1.303207581314427,3.9038905E-6,18.960436,0.011478523,0.24812746,0.0074886624,0.04306827,0.013095515,0.16354504,0.092236795,0.7442604,0.0014183735,0.043236945,0.002792125,0.67035866,0.025924832,0.05736003,0.017136829,0.24812746,0.0074886624,"TWOGAUSSIANS_WITH_ELLIPSOIDAL_ON_ECLIPSE1",9,2.6873605,0.7443604,0.0013027495,0.2421269,0.0156359,0.78501254,0.028417258,0.24812746,0.0074886624,0.24118233,0.07333488,0.278265,0.088874914
375316653866487564,2081578439996864768,0.5386848,2232.568741593948,2.925360078671844,7.4904133E-6,18.166187,0.0062348866,0.2978227,0.001648485,0.08945405,0.0041627134,0.28679773,0.013068929,0.7957714,0.0052195904,0.08841438,0.0040736254,0.3183456,0.03318535,null,null,null,null,"TWOGAUSSIANS",8,2.379081,0.7957714,0.0052195904,0.4,0.0,0.30709907,0.034200363,0.2978227,0.001648485,0.4,0.0,0.27555117,0.01451124
375316653866487564,2081579475082464896,0.5129146,2234.4061498165897,2.614980412072705,1.2937477E-5,19.58155,0.022933641,0.27229097,0.0047587827,0.083999775,0.0085323155,0.42384556,0.029406156,0.77376235,0.0037316394,0.07596231,0.0065184576,0.45645168,0.037201185,null,null,null,null,"TWOGAUSSIANS",8,2.9362547,0.77376235,0.0037316394,0.4,0.0,0.45001382,0.037020437,0.27229097,0.0047587827,0.4,0.0,0.4174077,0.029379746
375316653866487564,2081580608966557952,0.5098296,2230.243025645011,0.4220436311703966,1.9884063E-5,17.501991,0.0015370515,0.28181127,0.04043984,0.08537896,0.02619133,0.009478468,0.004861954,0.73041475,0.0016510374,0.010980087,0.004009796,0.13069853,0.006640216,null,null,null,null,"TWOGAUSSIANS",8,1.9476798,0.73041475,0.0016510374,0.06148849,0.022454856,0.13069855,0.0066402233,0.28181127,0.04043984,0.4,0.0,0.009478467,0.0048619728
375316653866487564,2081580639020372864,0.52989805,2222.360061773422,3.045548768215042,9.491783E-6,17.542395,0.0050064716,0.22826385,0.0034514943,0.0638416,0.0040373476,0.12795845,0.008404612,0.72154343,0.0025780583,0.06636335,0.0048708017,0.14456199,0.0055880365,null,null,null,null,"TWOGAUSSIANS",8,2.6933043,0.72154343,0.0025780583,0.37163475,0.02727649,0.14442192,0.0055662687,0.22826385,0.0034514943,0.35751298,0.022609148,0.12781838,0.008377905
375316653866487564,2081583112921597824,0.5088172,2215.707693895815,0.3141137267992749,1.1965909E-5,19.209896,0.004263433,0.30733615,0.0035693622,0.021233046,0.0040221815,0.1922273,0.00834105,0.80514175,0.0016123415,0.019896835,0.0015027366,0.19934914,0.010697073,null,null,null,null,"TWOGAUSSIANS",8,1.1689987,0.80514175,0.0016123415,0.11142228,0.008415325,0.19934914,0.010697073,0.30733615,0.0035693622,0.11890506,0.022524217,0.1922273,0.00834105
375316653866487564,2081586617614992000,0.6491262,2215.2045980187504,2.046013119332659,3.504542E-6,18.123678,0.0073117004,0.14494716,0.0027749792,0.049402274,0.0046055904,0.12909661,0.016806068,0.64227694,9.131782E-4,0.05194995,0.0014769222,0.5774962,0.0179983,0.053975094,0.009736215,0.14494716,0.0027749792,"TWOGAUSSIANS_WITH_ELLIPSOIDAL_ON_ECLIPSE1",9,2.2587082,0.64237696,8.4818096E-4,0.29091972,0.008270765,0.6854125,0.013258027,0.14494716,0.0027749792,0.27665272,0.025791306,0.2370422,0.005579497
375316653866487564,2081586651976981632,0.4908166,2231.69586454592,0.23670957804918205,6.85988E-6,19.686287,0.017304946,0.16352229,0.0025218057,0.027208466,0.0022200062,0.42715225,0.027464995,0.61693776,0.012921523,0.0675559,0.013847389,0.586378,0.11831827,null,null,null,null,"TWOGAUSSIANS",8,5.4000216,0.61693776,0.012921523,0.378313,0.059281457,0.5863779,0.118318886,0.16352229,0.0025218057,0.15236741,0.012432034,0.4271522,0.02746483
375316653866487564,2081586755054009600,0.4489692,2238.597829982009,2.872818485569824,1.8099676E-5,19.314886,0.010877299,0.25789335,0.008486953,0.03378305,0.012464482,0.33649185,0.14914078,0.8030884,9.1081747E-4,0.011886306,8.2483236E-4,0.5184724,0.051817738,0.14066821,0.017077828,0.25789335,0.008486953,"TWOGAUSSIANS_WITH_ELLIPSOIDAL_ON_ECLIPSE1",9,12.67479,0.8030884,9.1081747E-4,0.066563316,0.004619061,0.7777254,0.0505682,0.25789335,0.008486953,0.18918507,0.0698011,0.61782813,0.15340248
375316653866487564,2081588133747710720,0.50851214,2224.925904586208,2.7106238699800103,1.8237864E-5,16.811893,0.003911679,0.32497174,0.0032533116,0.041806832,0.016735546,0.084129274,0.017770406,0.8460453,0.015315926,0.02821125,0.009380163,0.06913507,0.012785532,0.09733479,0.010054458,0.32497174,0.0032533116,"TWOGAUSSIANS_WITH_ELLIPSOIDAL_ON_ECLIPSE1",9,30.857769,0.32497174,0.0032533116,0.23411825,0.09371906,0.27879876,0.016108084,0.8460453,0.015315926,0.157983,0.052528914,0.2604115,0.014554238
375316653866487564,2081588683503564928,0.48364693,2270.2969747090665,2.2581820725184367,2.0764513E-5,19.731834,0.0099174725,0.38581902,0.0027908122,0.019551937,0.0023548782,0.62155753,0.09576813,0.85056514,0.04447816,0.069843315,0.033461906,0.05542418,0.035699118,null,null,null,null,"TWOGAUSSIANS",8,2.4045305,0.38581902,0.0027908122,0.10949085,0.013187318,0.62155753,0.09576814,0.85056514,0.04447816,0.39112255,0.17676127,0.05542418,0.03569911
375316653866487564,2081590568985693952,0.5477384,2229.7441430310632,2.8524229956577303,8.022464E-6,18.363897,0.0072760438,0.2272728,0.0024545158,0.07296961,0.002973102,0.3345972,0.013145809,0.73163635,0.0043660593,0.07146719,0.0045007216,0.29972905,0.0143355215,null,null,null,null,"TWOGAUSSIANS",8,3.3793514,0.2272728,0.0024545158,0.4,0.0,0.33317125,0.013076815,0.73163635,0.0043660593,0.4,0.0125170695,0.29830307,0.01424643
375316653866487564,2081591187460655616,0.5780528,2266.726572527916,0.09344203306214063,8.253423E-5,18.096529,0.0057451273,0.39544338,0.055874243,0.023364011,0.049375985,0.17272422,0.143391,0.72886086,6.1834604E-4,0.02793556,0.0012196144,0.4570165,0.013052764,null,null,null,null,"TWOGAUSSIANS",8,2.1656058,0.72886086,6.1834604E-4,0.15643914,0.0068298406,0.4570165,0.013044104,0.39544338,0.055874243,0.13083847,0.26543424,0.17272422,0.143391
375316653866487564,2081591427978863104,0.53984755,2241.669210633164,0.40814968783243655,2.5525167E-5,18.09718,0.0022630882,0.1252274,8.443168E-4,0.019651351,7.0545776E-4,0.21070015,0.005159391,0.6254562,0.0013485969,0.021395974,8.971805E-4,0.2510091,0.011103408,null,null,null,null,"TWOGAUSSIANS",8,2.2875004,0.6254562,0.0013485969,0.11981745,0.005024211,0.2510091,0.011103408,0.1252274,8.443168E-4,0.11004757,0.0039505633,0.21070015,0.005159391
375316653866487564,2081592871088205696,0.53555876,2270.692829038525,2.7780890468191464,2.0906895E-5,18.051617,0.009471384,0.23508736,0.002283677,0.095824875,0.007442843,0.15340059,0.007521646,0.7408659,0.0088756215,0.09298908,0.009667644,0.18548305,0.016592646,null,null,null,null,"TWOGAUSSIANS",8,1.7695781,0.7408659,0.0088756215,0.4,0.0,0.1761752,0.015585302,0.23508736,0.002283677,0.4,0.0,0.14409254,0.0052677407
375316653866487564,2081593214685467136,0.48720613,2247.465711630495,0.5135913221872502,5.2015086E-5,18.466133,0.0037683463,0.23479274,0.059321992,0.052548524,0.038516957,0.02914303,0.023900934,0.61472625,0.0012639381,0.010330258,8.472956E-4,0.230396,0.043836616,null,null,null,null,"TWOGAUSSIANS",8,2.1483965,0.61472625,0.0012639381,0.05784945,0.0047448557,0.230396,0.043836616,0.23479274,0.059321992,0.29427174,0.21569495,0.02914303,0.023900934
375316653866487564,2081595383645702656,0.5604406,2248.326342417027,1.8085701060631487,1.1978507E-5,19.693897,0.01640668,0.17044787,0.0054332535,0.06950889,0.008286558,0.53350395,0.02245406,0.6612914,0.007984515,0.07302897,0.008478474,0.22506703,0.020633211,null,null,null,null,"TWOGAUSSIANS",8,1.38153,0.17044787,0.0054332535,0.38924977,0.03313716,0.53235185,0.022708146,0.6612914,0.007984515,0.4,0.023107866,0.22391494,0.020116467
375316653866487564,2081595791665257344,0.49808794,2258.465386627401,1.2598916360619268,4.5141787E-5,19.790966,0.009176719,0.22812484,0.017061254,0.055899546,0.013482503,0.08239196,0.014543272,0.7217148,0.0037750883,0.036308326,0.0040535196,0.3922493,0.07243042,null,null,null,null,"TWOGAUSSIANS",8,1.5278149,0.7217148,0.0037750883,0.20332663,0.02269971,0.3922492,0.0724305,0.22812484,0.017061254,0.31303746,0.075502016,0.08239188,0.014543285
375316653866487564,2081595894744522112,0.47548962,2224.847180991731,1.8833363601254525,2.961362E-5,19.687302,0.032358315,0.26792824,0.009307289,0.077279426,0.018547494,0.3036983,0.044604283,0.7697844,0.004069236,0.095489584,0.01061146,0.39422792,0.034200773,null,null,null,null,"TWOGAUSSIANS",8,2.9720087,0.7697844,0.004069236,0.4,0.0,0.3839613,0.029042251,0.26792824,0.009307289,0.4,1.6047842E-4,0.29343253,0.049654026
375316653866487564,2081596002127616256,0.5572897,2258.4190442125982,1.44886973913089,8.98036E-6,16.558464,0.0016651581,0.7984976,0.0022605306,0.06449722,0.013361833,0.032649796,0.0055601113,null,null,null,null,null,null,0.045194447,0.0023362236,0.7984976,0.0022605306,"ONEGAUSSIAN_WITH_ELLIPSOIDAL",6,4.756025,0.7984976,0.0022605306,0.36118442,0.07482626,0.12302079,0.004824122,null,null,null,null,null,null
375316653866487564,2081596238350052480,0.48771995,2221.0141845913186,2.4234633160630983,1.8811157E-5,19.644518,0.044645257,0.23419836,0.0068287565,0.11110392,0.022345053,0.30114603,0.03286967,0.737198,0.0065693236,0.09621024,0.013684346,0.3094367,0.04449766,null,null,null,null,"TWOGAUSSIANS",8,1.7837954,0.737198,0.00657759,0.4,0.0,0.27743217,0.023162875,0.23419836,0.0068287565,0.4,0.0,0.2691181,0.022658153
375316653866487564,2081597131695248896,0.49516726,2245.8254475938984,3.6659472042822188,1.4446571E-5,19.67744,0.008061806,0.25634456,0.0024137641,0.06594364,0.0036471975,0.3199902,0.014931346,0.75214285,0.0074305753,0.089006215,0.007185146,0.1720619,0.01754608,null,null,null,null,"TWOGAUSSIANS",8,1.4086066,0.25634456,0.0024137641,0.3692844,0.020424306,0.31778875,0.0148596065,0.75214285,0.0074305753,0.4,0.0,0.16986041,0.017450357
375316653866487564,2081598780962891776,0.59814286,2215.625788581128,1.4310850588776367,7.0526503E-6,17.249683,0.008293246,0.24658343,0.0064293956,0.11334319,0.008890306,0.17184135,0.009633539,0.7392521,0.0015140461,0.08808968,0.0023625733,0.33801383,0.009377159,null,null,null,null,"TWOGAUSSIANS",8,4.271528,0.7392521,0.0015140461,0.4,0.0,0.31918225,0.0059884056,0.24658343,0.0064293956,0.4,0.0,0.15298864,0.007775012
