Gaia/vari_eclipsing_binary/VariEclipsingBinary_472501-472555.csv
# %ECSV 1.0
# ---
# delimiter: ','
# meta: !!omap
# - RELEASE: Gaia DR3
# - TABLE: vari_eclipsing_binary
# - DESCRIPTION: >
#     This table describes the properties of the eclipsing binaries resulting from the variability analysis. 
# - CITATION: >
#     How to cite and acknowledge Gaia: 
#     https://gea.esac.esa.int/archive/documentation/credits.html 
# - KNOWN_ISSUES: >
#     Known issues: 
#     https://www.cosmos.esa.int/web/gaia-users/known-issues 
# - DOCUMENTATION: >
#     Tutorials and documentation: 
#     https://www.cosmos.esa.int/web/gaia-users/archive 
# datatype:
# - 
#   name: solution_id
#   datatype: int64
#   description: Solution Identifier
#   meta:
#     ucd: meta.version
# - 
#   name: source_id
#   datatype: int64
#   description: Unique source identifier
#   meta:
#     ucd: meta.id;meta.main
# - 
#   name: global_ranking
#   datatype: float32
#   description: Number between 0 (worst) and 1 (best)
#   meta:
#     ucd: stat.param
# - 
#   name: reference_time
#   datatype: float64
#   unit: d
#   description: Reference time used for the geometric model fit
#   meta:
#     ucd: time.epoch
# - 
#   name: frequency
#   datatype: float64
#   unit: d**-1
#   description: Frequency of geometric model of the eclipsing binary light curve
#   meta:
#     ucd: src.orbital
# - 
#   name: frequency_error
#   datatype: float32
#   unit: d**-1
#   description: "Uncertainty of \\texttt{frequency}"
#   meta:
#     ucd: stat.error
# - 
#   name: geom_model_reference_level
#   datatype: float32
#   unit: mag
#   description: Magnitude reference level of geometric model
#   meta:
#     ucd: phot.mag;em.opt
# - 
#   name: geom_model_reference_level_error
#   datatype: float32
#   unit: mag
#   description: "Uncertainty of \\texttt{geomModelReferenceLevel}"
#   meta:
#     ucd: stat.error;phot.mag;em.opt
# - 
#   name: geom_model_gaussian1_phase
#   datatype: float32
#   description: Phase of the Gaussian 1 component
#   meta:
#     ucd: time.phase
# - 
#   name: geom_model_gaussian1_phase_error
#   datatype: float32
#   description: "Uncertainty of \\texttt{geomModelGaussian1Phase}"
#   meta:
#     ucd: stat.error;time.phase
# - 
#   name: geom_model_gaussian1_sigma
#   datatype: float32
#   description: "Standard deviation [phase] of Gaussian 1 component"
#   meta:
#     ucd: stat.stdev
# - 
#   name: geom_model_gaussian1_sigma_error
#   datatype: float32
#   description: "Uncertainty of \\texttt{geomModelGaussian1Sigma}"
#   meta:
#     ucd: stat.error
# - 
#   name: geom_model_gaussian1_depth
#   datatype: float32
#   unit: mag
#   description: Magnitude depth of Gaussian 1 component
#   meta:
#     ucd: src.var.amplitude
# - 
#   name: geom_model_gaussian1_depth_error
#   datatype: float32
#   unit: mag
#   description: "Uncertainty of \\texttt{geomModelGaussian1Depth}"
#   meta:
#     ucd: stat.error;src.var.amplitude
# - 
#   name: geom_model_gaussian2_phase
#   datatype: float32
#   description: Phase of Gaussian 2 component
#   meta:
#     ucd: time.phase
# - 
#   name: geom_model_gaussian2_phase_error
#   datatype: float32
#   description: "Uncertainty of \\texttt{geomModelGaussian2Phase}"
#   meta:
#     ucd: stat.error;time.phase
# - 
#   name: geom_model_gaussian2_sigma
#   datatype: float32
[...]
#   datatype: float32
#   description: "Secondary eclipse: uncertainty of \\texttt{derivedSecondaryEclDuration}"
#   meta:
#     ucd: stat.error;time.duration
# - 
#   name: derived_secondary_ecl_depth
#   datatype: float32
#   unit: mag
#   description: "Secondary eclipse: depth"
#   meta:
#     ucd: src.var.amplitude
# - 
#   name: derived_secondary_ecl_depth_error
#   datatype: float32
#   unit: mag
#   description: "Secondary eclipse: uncertainty of \\texttt{derivedSecondaryEclDepth}"
#   meta:
#     ucd: stat.error;src.var.amplitude
solution_id,source_id,global_ranking,reference_time,frequency,frequency_error,geom_model_reference_level,geom_model_reference_level_error,geom_model_gaussian1_phase,geom_model_gaussian1_phase_error,geom_model_gaussian1_sigma,geom_model_gaussian1_sigma_error,geom_model_gaussian1_depth,geom_model_gaussian1_depth_error,geom_model_gaussian2_phase,geom_model_gaussian2_phase_error,geom_model_gaussian2_sigma,geom_model_gaussian2_sigma_error,geom_model_gaussian2_depth,geom_model_gaussian2_depth_error,geom_model_cosine_half_period_amplitude,geom_model_cosine_half_period_amplitude_error,geom_model_cosine_half_period_phase,geom_model_cosine_half_period_phase_error,model_type,num_model_parameters,reduced_chi2,derived_primary_ecl_phase,derived_primary_ecl_phase_error,derived_primary_ecl_duration,derived_primary_ecl_duration_error,derived_primary_ecl_depth,derived_primary_ecl_depth_error,derived_secondary_ecl_phase,derived_secondary_ecl_phase_error,derived_secondary_ecl_duration,derived_secondary_ecl_duration_error,derived_secondary_ecl_depth,derived_secondary_ecl_depth_error
[from data line 75]
375316653866487564,4156236420693213440,0.535654,2304.4391639874766,2.4850561183428153,4.609197E-5,19.559752,0.022874035,0.34624463,0.011957976,0.064740345,0.011206024,0.46412835,0.04530588,0.95382077,0.062005676,0.02450153,0.050831556,0.3401854,0.11292495,null,null,null,null,"TWOGAUSSIANS",8,3.0628798,0.34624463,0.011957976,0.36254594,0.049473867,0.46412835,0.045198034,0.95382077,0.062005676,0.13720858,0.24869384,0.3401854,0.11326999
375316653866487564,4156236588165234560,0.5411565,2305.7784979835697,0.6528596524416324,1.0815917E-4,17.292856,0.0029074205,0.4072673,0.014366277,0.03579748,0.017602026,0.10281041,0.047555495,0.6633404,0.0043296902,0.022916038,0.0068354607,0.031358704,0.0049548103,null,null,null,null,"TWOGAUSSIANS",8,3.3261542,0.4072673,0.014366277,0.20046589,0.098571345,0.10281041,0.047555495,0.6633404,0.0043296902,0.12832981,0.03827858,0.031358704,0.0049548103
375316653866487564,4156237000482111104,0.62050706,2269.318721663527,2.0057765907480656,6.174621E-6,16.288063,0.0068388986,0.26718393,0.0032673292,0.09562079,0.004558555,0.24670507,0.0069226255,0.7604791,0.005257551,0.100897305,0.006917074,0.23196338,0.007730134,null,null,null,null,"TWOGAUSSIANS",8,4.994118,0.26718393,0.0032673292,0.4,0.0,0.22950673,0.0052957777,0.7604791,0.005257551,0.4,0.0,0.21476337,0.0063123098
375316653866487564,4156237932510984576,0.5823665,2265.5519227796613,2.4367660784111886,2.5887473E-5,18.44823,0.011349056,0.18564925,0.00953019,0.07655577,0.00835871,0.4207461,0.024882512,0.6792511,0.006754944,0.0784943,0.0075301602,0.48099992,0.02936165,null,null,null,null,"TWOGAUSSIANS",8,4.4742403,0.6792511,0.006754944,0.4,0.0,0.47665402,0.030388908,0.18564925,0.00953019,0.4,0.0,0.41640016,0.02357448
375316653866487564,4156238825864415616,0.473501,2278.73958983425,1.2421406759176679,7.8968056E-5,19.30637,0.014576466,0.45609152,7.6839596E-4,0.015569348,0.0016118045,0.461716,0.07790555,0.8914721,0.06124812,0.06533252,0.035502605,0.17825766,0.06479451,null,null,null,null,"TWOGAUSSIANS",8,2.7765088,0.45609152,7.681774E-4,0.08718835,0.0090261055,0.461716,0.07789901,0.8914721,0.06124812,0.3658621,0.059580393,0.17825766,0.0647921
375316653866487564,4156241643365467392,0.559103,2329.7118187574188,3.87947080974626,1.9988272E-5,19.480381,0.021498634,0.2158815,0.0028583026,0.06495515,0.0069268504,0.48788145,0.0203095,0.76683927,0.0028419113,0.041799124,0.0033788485,0.46524155,0.039093863,null,null,null,null,"TWOGAUSSIANS",8,4.1701026,0.2158815,0.0028583026,0.36374888,0.03879036,0.4878799,0.020309128,0.76683927,0.0028419113,0.23407508,0.018921552,0.46524,0.039092906
375316653866487564,4156242635480356224,0.5640815,2251.469560539424,0.5758628200645284,2.73457E-5,13.644933,0.12479611,0.26315445,0.010184199,0.16590923,0.074702196,0.119754404,0.12177744,0.76821345,0.0038453143,0.14949717,0.050974883,0.119410105,0.113166444,null,null,null,null,"TWOGAUSSIANS",8,8.563556,0.76904345,0.002982384,0.4,0.0,0.055748828,0.0022102382,0.26263443,0.009632349,0.4,0.0,0.05442367,0.0017988977
375316653866487564,4156243189549575936,0.49117324,2245.6894742624445,0.844035175481702,5.9630278E-5,19.623058,0.045549244,0.28683537,0.050596453,0.14516366,0.055274587,0.097790346,0.048995286,0.62611485,0.009145069,0.075066194,0.041345313,0.42927128,0.1886522,null,null,null,null,"TWOGAUSSIANS",8,1.1054072,0.62611485,0.009145069,0.4,0.0015952113,0.4324062,0.19981307,0.28704536,0.047061037,0.4,0.0,0.094568476,0.03930744
375316653866487564,4156243872432781568,0.46358022,2216.1365070348324,0.13552503436620011,1.1338515E-5,19.753246,0.008372145,0.26524487,0.0043644044,0.005980439,0.0035591724,0.11431255,0.02150197,0.5262697,0.009319773,0.10464867,0.01186795,0.19789398,0.028246937,null,null,null,null,"TWOGAUSSIANS",8,1.1601013,0.5262697,0.009319773,0.4,0.0,0.19788961,0.028252425,0.26531488,0.0044185035,0.033490457,0.019931367,0.12313466,0.022176111
375316653866487564,4156249438710642176,0.5683749,2226.749847982849,3.6213882860667463,1.6589207E-4,18.050453,0.0016222477,0.5566852,1.7724335E-4,0.018765979,4.6548335E-4,0.6887952,0.08952451,0.8317845,0.034674086,0.060243115,0.030338425,0.012149527,0.035845827,null,null,null,null,"TWOGAUSSIANS",8,0.8933236,0.5566852,1.7724335E-4,0.10508948,0.0026067067,0.68879557,0.08952462,0.8317845,0.034674086,0.33736145,0.16989517,0.012149527,0.035845827
375316653866487564,4156252947719361664,0.49400723,2354.1624836083324,3.36320495399486,2.819134E-5,19.555204,0.21393737,0.22452436,0.006308447,0.12294536,0.04125373,0.44969615,0.20342836,0.7122224,0.0051777647,0.1126785,0.032147046,0.42983305,0.2011123,null,null,null,null,"TWOGAUSSIANS",8,3.837416,0.22455436,0.006290168,0.4,0.0,0.36702633,0.056321185,0.7122224,0.0051777647,0.4,0.0,0.34736103,0.035658233
375316653866487564,4156253046481962496,0.55594194,2343.8745015766153,4.276145238963689,1.1811568E-4,17.84382,0.004183025,0.16576217,0.0067646676,0.03409818,0.0036754697,0.24756332,0.05554073,0.8241468,0.031823188,0.08658995,0.027976416,0.022496646,0.01604148,null,null,null,null,"TWOGAUSSIANS",8,2.6675568,0.16576217,0.0067642652,0.1909498,0.02058263,0.24757268,0.05553985,0.8241468,0.031823188,0.4,0.008665004,0.022496618,0.016041435
375316653866487564,4156253050798570368,0.4645775,2378.4808468991005,4.282907906222037,2.0937178E-4,19.488434,0.0058574784,0.31429386,0.0023565176,0.024998777,0.0043875827,0.3020404,0.023050869,null,null,null,null,null,null,null,null,null,null,"ONEGAUSSIAN",5,3.8284569,0.31429386,0.0023565176,0.13999315,0.024570463,0.3020404,0.0,null,null,null,null,null,null
375316653866487564,4156254081588787584,0.536207,2261.1689095429383,0.8956461376431811,1.7634469E-4,19.412727,0.007772101,0.433471,0.0075117466,0.029416343,0.0070548733,0.76086193,0.2601499,null,null,null,null,null,null,null,null,null,null,"ONEGAUSSIAN",5,2.6590633,0.433471,0.0075117466,0.16473152,0.039507292,0.76086193,0.0,null,null,null,null,null,null
375316653866487564,4156254322107037056,0.5974849,2310.602068798464,1.324670439267391,1.46713155E-5,18.88633,0.006631204,0.23236914,0.0026434693,0.08864334,0.004210312,0.22108632,0.00836421,0.74429953,0.007594751,0.079950355,0.006409901,0.4982129,0.05250163,null,null,null,null,"TWOGAUSSIANS",8,0.7285876,0.74429953,0.007594751,0.4,0.0,0.4918344,0.053677883,0.23236914,0.0026434693,0.4,0.0,0.21470776,0.007634066
375316653866487564,4156256138863558784,0.58752596,2270.8853319952514,1.03504441195721,1.0186648E-5,18.051964,0.003794229,0.31459138,7.9552317E-4,0.03197966,0.0015694136,0.4792371,0.04266178,0.81336194,0.0025792879,0.044021584,0.004317338,0.24025027,0.019627629,null,null,null,null,"TWOGAUSSIANS",8,2.0421035,0.31459138,7.9552317E-4,0.17908609,0.008788716,0.4792371,0.04266178,0.81336194,0.0025792879,0.24652088,0.024177095,0.24025027,0.01962763
375316653866487564,4156258548355243392,0.5403464,2278.2739602919005,2.89196464206057,2.0967982E-5,16.70276,0.080056116,0.25099543,0.023791693,0.12333583,0.033127055,0.32663617,0.07968832,0.7266305,0.0066118035,0.110409886,0.01702374,0.33569822,0.076358214,null,null,null,null,"TWOGAUSSIANS",8,47.905766,0.7266305,0.0066118035,0.4,0.0,0.28259528,0.022974279,0.2510454,0.023821093,0.4,0.0,0.27333742,0.03579179
375316653866487564,4156260128892992768,0.55604106,2237.9112955893365,1.8732075371246326,3.4482946E-5,17.366629,0.013082343,0.2429695,0.0054208166,0.08038807,0.011350096,0.19699128,0.030217992,0.7360616,0.009281983,0.07076647,0.016195362,0.3792655,0.06279682,null,null,null,null,"TWOGAUSSIANS",8,9.64418,0.7360616,0.009281983,0.39629224,0.022033062,0.3773493,0.06681507,0.2429695,0.0054208166,0.4,0.0,0.1950751,0.030653205
375316653866487564,4156260639980951936,0.5392622,2295.572456195936,2.791695925351609,1.3404013E-5,18.285793,0.06364939,0.2554397,0.004843738,0.0959266,0.015101946,0.33665058,0.058317486,0.7350048,0.0040274444,0.12348173,0.029896213,0.26435247,0.06812837,null,null,null,null,"TWOGAUSSIANS",8,4.4416394,0.2555297,0.0047756936,0.4,0.0,0.3020606,0.0131524475,0.7350048,0.0040274444,0.4,0.0,0.22958677,0.06065655
375316653866487564,4156261498974465920,0.5449025,2223.8330919290206,2.4808135050611013,1.493036E-5,16.852654,0.011051015,0.21558455,0.0024278734,0.08117624,0.0047629806,0.2766612,0.021747353,0.72106576,0.005125569,0.09082623,0.007818861,0.2713577,0.01662898,null,null,null,null,"TWOGAUSSIANS",8,12.211243,0.21558455,0.0024278734,0.4,0.0,0.26937798,0.020800944,0.72106576,0.005125569,0.4,0.0,0.26407433,0.01693186
375316653866487564,4156262637153943680,0.6549846,2186.8841969383134,2.2517301872986506,4.4084104E-6,16.779331,0.020870093,0.28415015,0.0019230302,0.054067507,0.009124638,0.42299023,0.25714168,0.79377025,0.0035819928,0.058339104,0.005636244,0.28068012,0.04824749,0.120943986,0.028093226,0.28415015,0.0019230302,"TWOGAUSSIANS_WITH_ELLIPSOIDAL_ON_ECLIPSE1",9,12.87106,0.28415015,0.0019230302,0.30277804,0.05109797,0.66485304,0.26927644,0.79377025,0.0035819928,0.326699,0.031562965,0.5216602,0.0100193
375316653866487564,4156263186897349888,0.59160525,2190.3789976060975,0.3883103154950469,5.7016827E-5,18.034086,0.003274929,0.1727671,0.065850236,0.050154977,0.016336998,0.4869236,1.4600804,0.73372775,0.008880666,0.04718406,0.0055699325,0.42210814,0.13034385,null,null,null,null,"TWOGAUSSIANS",8,1.2211624,0.1727671,0.065850236,0.28086787,0.091487184,0.48692355,1.4600078,0.73372775,0.008880666,0.26423076,0.031191621,0.4221081,0.13034187
375316653866487564,4156263320040738944,0.55892026,2247.4246264251105,2.5192930559768647,1.038431E-5,16.64747,0.016868964,0.26926076,0.0041241883,0.09011539,0.0063450946,0.23621258,0.0183985,0.77879256,0.005492964,0.1029939,0.01355386,0.23197103,0.01539733,null,null,null,null,"TWOGAUSSIANS",8,12.745804,0.26926076,0.004124322,0.4,0.0,0.2218555,0.012786439,0.77879256,0.005492964,0.4,0.0,0.2176102,0.018744534
375316653866487564,4156263599226670208,0.5465647,2211.209837520154,1.0039463014327745,1.0345439E-5,16.482513,0.006091309,0.24296992,0.0017538734,0.048538845,0.0038633167,0.16148557,0.008858969,0.744206,0.06251232,0.08054525,0.024154318,0.16240534,0.10577525,null,null,null,null,"TWOGAUSSIANS",8,8.099691,0.744206,0.06251232,0.4,0.0,0.16223852,0.105527654,0.24296992,0.0017510985,0.27181754,0.021634575,0.16131875,0.008807362
375316653866487564,4156263835436892288,0.49681708,2263.575504830214,2.272103217845032,2.9054618E-5,18.784098,0.014606728,0.17626758,0.0065328637,0.1071084,0.011734498,0.1608284,0.015441086,0.68673676,0.0068963673,0.08809254,0.009694408,0.1601824,0.019382676,null,null,null,null,"TWOGAUSSIANS",8,1.9305711,0.17626758,0.0065328637,0.4,0.0,0.15037644,0.0096243275,0.6867468,0.006902379,0.4,0.0,0.14973696,0.014797493
375316653866487564,4156265931380900096,0.5861438,2235.712425896559,2.0880679867140626,1.599016E-5,17.510365,0.01921947,0.19337305,0.006991894,0.08707662,0.008953712,0.4018576,0.021397011,0.68630356,0.0025361853,0.08213705,0.0064066076,0.42474625,0.015826907,null,null,null,null,"TWOGAUSSIANS",8,12.312227,0.68630356,0.0025361853,0.4,0.0,0.41548648,0.012853279,0.19337305,0.006991894,0.4,0.0,0.39259782,0.01942644
375316653866487564,4156268405282010624,0.49489605,2206.0865775347943,3.3183415271807117,1.9815763E-5,18.71871,0.012921609,0.28816548,0.0035795607,0.07579159,0.007029038,0.17490792,0.010123632,0.79933536,0.008675859,0.08550908,0.011283488,0.19273648,0.013677843,null,null,null,null,"TWOGAUSSIANS",8,3.15149,0.79933536,0.008675859,0.4,0.0,0.190312,0.012788977,0.28816548,0.0035795607,0.4,0.0,0.17248346,0.0076260087
375316653866487564,4156270329427655040,0.62532794,2179.607506038931,2.4818581561282214,1.193714E-5,17.2033,0.0066704513,0.23524223,0.0037051158,0.07918592,0.0035324676,0.4355677,0.011774776,0.72846967,0.004312159,0.082942694,0.004853235,0.42007363,0.015204645,null,null,null,null,"TWOGAUSSIANS",8,6.345783,0.23524223,0.0037051158,0.4,0.0,0.42910597,0.011604473,0.72846967,0.004312159,0.4,0.0,0.4136119,0.015604101
375316653866487564,4156274216385996416,0.51813775,2220.12677904169,0.7856636285615983,1.9840303E-5,13.9641285,9.946265E-4,0.36921692,0.0016825767,0.024937967,0.0020632884,0.055655215,0.0068485383,0.8538278,0.007786521,0.05931211,0.03569754,0.0028461681,1.429738,0.014176653,0.0017557362,0.8538278,0.007786521,"TWOGAUSSIANS_WITH_ELLIPSOIDAL_ON_ECLIPSE2",9,35.52701,0.36884692,0.0016415139,0.13965261,0.011554414,0.0837502,0.0070514884,0.8538278,0.007786521,0.3321478,0.19990622,0.031199029,1.428009
375316653866487564,4156276857779745280,0.5280984,2220.3951371709977,1.9605353682207374,3.7353104E-5,19.626434,0.019149756,0.23409857,0.0056149564,0.064757705,0.0083058495,0.5915441,0.06754068,0.72111607,0.08236592,0.07733393,0.049951654,0.577578,5.9193726,null,null,null,null,"TWOGAUSSIANS",8,2.7432215,0.23409857,0.0056149564,0.36264315,0.046512756,0.58982515,0.06884655,0.72111607,0.08236592,0.4,0.19769526,0.57585907,5.922333
375316653866487564,4156277205683318912,0.6683925,2262.555870072906,0.4323646701835179,1.5066597E-5,15.176689,0.0010149044,0.14068928,0.0011362152,0.0152099505,9.885017E-4,0.25833628,0.011998558,0.64051336,0.0044865627,0.017635902,0.0026696364,0.23520917,0.051393785,null,null,null,null,"TWOGAUSSIANS",8,6.5846024,0.14068928,0.0011362152,0.08517572,0.005535609,0.25833628,0.011998558,0.64051336,0.0044865627,0.09876106,0.014949963,0.23520917,0.051393785
375316653866487564,4156277373173732864,0.53268456,2294.4971018645338,2.5583687371237502,3.0433686E-5,18.492294,0.04193121,0.27805048,0.010094848,0.08801708,0.019316278,0.26252127,0.044039343,0.7877435,0.007861235,0.09788664,0.022407139,0.28383005,0.04192221,null,null,null,null,"TWOGAUSSIANS",8,5.0350733,0.7877435,0.007861235,0.4,0.0,0.27109024,0.043327678,0.27805048,0.010104438,0.4,0.0,0.24978277,0.028072422
375316653866487564,4156278060375462784,0.6266819,2227.054304808593,3.0501206121484783,1.1120595E-5,18.512804,0.02026683,0.23450485,0.0030548628,0.03433994,0.011792727,0.22655773,0.061138824,0.72671,0.02480124,0.0409274,0.0283675,0.39957193,0.24795945,0.14345817,0.025751086,0.23450485,0.0030548628,"TWOGAUSSIANS_WITH_ELLIPSOIDAL_ON_ECLIPSE1",9,2.9615324,0.72739,0.022788474,0.22919343,0.158858,0.6858601,0.25151682,0.23450485,0.0030548628,0.19230364,0.06603927,0.51347405,0.0760317
375316653866487564,4156278751871613184,0.6539187,2211.495064641091,0.9848972510416173,7.8783305E-6,15.803477,0.0110967485,0.24906194,0.0056459694,0.09749656,0.0072740926,0.29539195,0.020527428,0.759279,0.001293932,0.102579296,0.0038738193,0.28659102,0.010792376,null,null,null,null,"TWOGAUSSIANS",8,9.170772,0.24906194,0.005658705,0.4,0.0,0.27288723,0.022826033,0.759279,0.0012902142,0.4,0.0,0.2640832,0.004191703
375316653866487564,4156279920102645248,0.62412244,2205.261036478455,1.6316804161191805,9.340541E-6,14.14436,0.014941435,0.20098369,0.010591519,0.09159115,0.012409939,0.23143098,0.016058832,0.70419776,0.0025386452,0.08799936,0.008641816,0.16335613,0.012969174,null,null,null,null,"TWOGAUSSIANS",8,38.92955,0.20098369,0.010591519,0.4,0.0,0.22374663,0.00928998,0.70419776,0.0025386452,0.4,0.0,0.1556719,0.006657935
375316653866487564,4156281874306315136,0.46462095,2318.1646201029976,0.5010252578709375,6.185038E-5,18.940346,0.013463473,0.29832384,0.01634245,0.12546736,0.051793266,0.06325499,0.035914376,0.06115368,0.026364982,0.011870472,0.012502668,0.23350929,0.66586334,null,null,null,null,"TWOGAUSSIANS",8,1.7448945,0.061253678,0.026222346,0.06647465,0.070014946,0.2440689,0.67032355,0.29832384,0.01634245,0.4,0.0,0.06320994,0.03597606
