Gaia/vari_eclipsing_binary/VariEclipsingBinary_674577-674592.csv
# %ECSV 1.0
# ---
# delimiter: ','
# meta: !!omap
# - RELEASE: Gaia DR3
# - TABLE: vari_eclipsing_binary
# - DESCRIPTION: >
#     This table describes the properties of the eclipsing binaries resulting from the variability analysis. 
# - CITATION: >
#     How to cite and acknowledge Gaia: 
#     https://gea.esac.esa.int/archive/documentation/credits.html 
# - KNOWN_ISSUES: >
#     Known issues: 
#     https://www.cosmos.esa.int/web/gaia-users/known-issues 
# - DOCUMENTATION: >
#     Tutorials and documentation: 
#     https://www.cosmos.esa.int/web/gaia-users/archive 
# datatype:
# - 
#   name: solution_id
#   datatype: int64
#   description: Solution Identifier
#   meta:
#     ucd: meta.version
# - 
#   name: source_id
#   datatype: int64
#   description: Unique source identifier
#   meta:
#     ucd: meta.id;meta.main
# - 
#   name: global_ranking
#   datatype: float32
#   description: Number between 0 (worst) and 1 (best)
#   meta:
#     ucd: stat.param
# - 
#   name: reference_time
#   datatype: float64
#   unit: d
#   description: Reference time used for the geometric model fit
#   meta:
#     ucd: time.epoch
# - 
#   name: frequency
#   datatype: float64
#   unit: d**-1
#   description: Frequency of geometric model of the eclipsing binary light curve
#   meta:
#     ucd: src.orbital
# - 
#   name: frequency_error
#   datatype: float32
#   unit: d**-1
#   description: "Uncertainty of \\texttt{frequency}"
#   meta:
#     ucd: stat.error
# - 
#   name: geom_model_reference_level
#   datatype: float32
#   unit: mag
#   description: Magnitude reference level of geometric model
#   meta:
#     ucd: phot.mag;em.opt
# - 
#   name: geom_model_reference_level_error
#   datatype: float32
#   unit: mag
#   description: "Uncertainty of \\texttt{geomModelReferenceLevel}"
#   meta:
#     ucd: stat.error;phot.mag;em.opt
# - 
#   name: geom_model_gaussian1_phase
#   datatype: float32
#   description: Phase of the Gaussian 1 component
#   meta:
#     ucd: time.phase
# - 
#   name: geom_model_gaussian1_phase_error
#   datatype: float32
#   description: "Uncertainty of \\texttt{geomModelGaussian1Phase}"
#   meta:
#     ucd: stat.error;time.phase
# - 
#   name: geom_model_gaussian1_sigma
#   datatype: float32
#   description: "Standard deviation [phase] of Gaussian 1 component"
#   meta:
#     ucd: stat.stdev
# - 
#   name: geom_model_gaussian1_sigma_error
#   datatype: float32
#   description: "Uncertainty of \\texttt{geomModelGaussian1Sigma}"
#   meta:
#     ucd: stat.error
# - 
#   name: geom_model_gaussian1_depth
#   datatype: float32
#   unit: mag
#   description: Magnitude depth of Gaussian 1 component
#   meta:
#     ucd: src.var.amplitude
# - 
#   name: geom_model_gaussian1_depth_error
#   datatype: float32
#   unit: mag
#   description: "Uncertainty of \\texttt{geomModelGaussian1Depth}"
#   meta:
#     ucd: stat.error;src.var.amplitude
# - 
#   name: geom_model_gaussian2_phase
#   datatype: float32
#   description: Phase of Gaussian 2 component
#   meta:
#     ucd: time.phase
# - 
#   name: geom_model_gaussian2_phase_error
#   datatype: float32
#   description: "Uncertainty of \\texttt{geomModelGaussian2Phase}"
#   meta:
#     ucd: stat.error;time.phase
# - 
#   name: geom_model_gaussian2_sigma
#   datatype: float32
[...]
#   datatype: float32
#   description: "Secondary eclipse: uncertainty of \\texttt{derivedSecondaryEclDuration}"
#   meta:
#     ucd: stat.error;time.duration
# - 
#   name: derived_secondary_ecl_depth
#   datatype: float32
#   unit: mag
#   description: "Secondary eclipse: depth"
#   meta:
#     ucd: src.var.amplitude
# - 
#   name: derived_secondary_ecl_depth_error
#   datatype: float32
#   unit: mag
#   description: "Secondary eclipse: uncertainty of \\texttt{derivedSecondaryEclDepth}"
#   meta:
#     ucd: stat.error;src.var.amplitude
solution_id,source_id,global_ranking,reference_time,frequency,frequency_error,geom_model_reference_level,geom_model_reference_level_error,geom_model_gaussian1_phase,geom_model_gaussian1_phase_error,geom_model_gaussian1_sigma,geom_model_gaussian1_sigma_error,geom_model_gaussian1_depth,geom_model_gaussian1_depth_error,geom_model_gaussian2_phase,geom_model_gaussian2_phase_error,geom_model_gaussian2_sigma,geom_model_gaussian2_sigma_error,geom_model_gaussian2_depth,geom_model_gaussian2_depth_error,geom_model_cosine_half_period_amplitude,geom_model_cosine_half_period_amplitude_error,geom_model_cosine_half_period_phase,geom_model_cosine_half_period_phase_error,model_type,num_model_parameters,reduced_chi2,derived_primary_ecl_phase,derived_primary_ecl_phase_error,derived_primary_ecl_duration,derived_primary_ecl_duration_error,derived_primary_ecl_depth,derived_primary_ecl_depth_error,derived_secondary_ecl_phase,derived_secondary_ecl_phase_error,derived_secondary_ecl_duration,derived_secondary_ecl_duration_error,derived_secondary_ecl_depth,derived_secondary_ecl_depth_error
375316653866487564,5933642321911142528,0.49193087,2180.80455412161,3.1908009042461067,2.8222428E-5,19.602179,0.20125508,0.30911696,0.008243561,0.1213198,0.036196925,0.52645755,0.186564,0.7898568,0.00885189,0.12145799,0.04572889,0.4375679,0.18427518,null,null,null,null,"TWOGAUSSIANS",8,3.5508974,0.30922696,0.008115477,0.4,0.0,0.42933008,0.036628265,0.7898568,0.00885189,0.4,0.0,0.34048015,0.03213572
375316653866487564,5933642940296387584,0.5280567,2147.379100102665,1.468856935442718,1.7415014E-5,18.623018,0.015821341,0.22760537,0.006213018,0.10113948,0.01091103,0.23676768,0.018560447,0.7254405,0.0037567748,0.092789486,0.00629861,0.3409635,0.017140076,null,null,null,null,"TWOGAUSSIANS",8,3.242204,0.7254405,0.0037567748,0.4,0.0,0.32134005,0.012676453,0.22760537,0.006213018,0.4,0.0,0.2171422,0.01695974
375316653866487564,5933644280400070400,0.50921625,2174.653054526119,2.4572923815253325,1.4916021E-5,18.14936,0.011048767,0.24664873,0.0038423075,0.039941657,0.0041910503,0.39907768,0.040442426,0.72457045,0.010679179,0.030921215,0.008613782,0.08110316,0.027513534,0.06879281,0.01786934,0.24664873,0.0038423075,"TWOGAUSSIANS_WITH_ELLIPSOIDAL_ON_ECLIPSE1",9,20.694437,0.24664873,0.0038423075,0.22367328,0.023469882,0.5366632,0.040716983,0.7270605,0.009904429,0.17315881,0.04823718,0.21635251,0.019350871
375316653866487564,5933644349045689088,0.5467137,2187.691646333324,0.23608513064448622,1.4846574E-5,19.238249,0.005344182,0.31404135,8.0460927E-4,0.015316047,6.292776E-4,0.5697738,0.027001332,0.8136084,0.0026714392,0.01596254,0.0021258746,0.5518396,0.08759841,null,null,null,null,"TWOGAUSSIANS",8,3.9360597,0.31404135,8.0460927E-4,0.08576986,0.0035239547,0.5697738,0.027001332,0.8136084,0.0026714392,0.08939022,0.011904897,0.5518396,0.08759841
375316653866487564,5933644452125069440,0.50937337,2164.1042440812676,2.9165359993129076,2.4406776E-5,18.372627,0.019492155,0.29113337,0.0052944277,0.08928471,0.008002271,0.33930293,0.020609856,0.7931625,0.006513732,0.100479834,0.0129477335,0.26194605,0.01883495,null,null,null,null,"TWOGAUSSIANS",8,7.8907886,0.29113337,0.0052944277,0.4,0.0,0.32150936,0.014726302,0.7931625,0.006513732,0.4,0.0,0.24415037,0.014502659
375316653866487564,5933644486484864640,0.45892504,2160.8542964676953,1.1007734961734486,3.7691916E-5,18.897474,0.008749931,0.26575115,0.011812321,0.066403486,0.009316685,0.09088965,0.008235058,0.72028065,0.00854467,0.08149418,0.010868461,0.21433572,0.01773866,null,null,null,null,"TWOGAUSSIANS",8,5.174206,0.72028065,0.00854467,0.4,0.0,0.21401435,0.017867828,0.26575115,0.011812321,0.37185952,0.052173436,0.09056832,0.007892064
375316653866487564,5933644692643456640,0.514085,2152.5123171304112,2.6853919055064015,1.3683996E-5,18.31352,0.0054567,0.26696932,0.0043046004,0.020756848,0.015885646,0.06567442,0.023590425,0.7791686,0.01529694,0.0069551063,0.022281228,0.12824854,0.11206069,0.10293667,0.009293566,0.26696932,0.0043046004,"TWOGAUSSIANS_WITH_ELLIPSOIDAL_ON_ECLIPSE1",9,4.926307,0.7791686,0.01529694,0.038948596,0.12477487,0.33291465,0.1258752,0.26696932,0.0043046004,0.11623835,0.08895961,0.27154773,0.02482347
375316653866487564,5933644757097584256,0.43849352,2133.895946764273,1.3035934181945938,6.1173705E-5,19.28294,0.03359805,0.19062887,0.021411868,0.016320363,0.03570269,0.13607633,0.065813184,0.73071784,0.015989337,0.058186214,0.027019609,0.1356271,0.07952133,0.06992076,0.039135683,0.73071784,0.015989337,"TWOGAUSSIANS_WITH_ELLIPSOIDAL_ON_ECLIPSE2",9,11.818254,0.73071784,0.015989337,0.3258428,0.12210259,0.27545527,0.03406786,0.19144888,0.01663828,0.09139404,0.19993508,0.26739097,0.06787369
375316653866487564,5933644860176806784,0.5906502,2167.6482589436223,1.4480383134483448,1.9422912E-5,17.568726,0.006440494,0.16815895,0.0031822014,0.045321748,0.0040875813,0.1414602,0.011042476,0.6710326,0.0016972945,0.038402006,0.0010832291,0.8926127,0.027723446,null,null,null,null,"TWOGAUSSIANS",8,17.30401,0.6710326,0.0016972945,0.21505123,0.006066083,0.8926127,0.027723446,0.16815895,0.0031822014,0.2538018,0.022890456,0.14146018,0.011042478
375316653866487564,5933644864442157184,0.46923536,2147.461483975597,2.7154708303491852,1.4714493E-5,18.027338,0.07628623,0.22796683,0.0047622393,0.19321115,0.02355791,0.4366898,0.06939591,0.72987276,0.0047450988,0.16606572,0.01670837,0.41362298,0.06353292,null,null,null,null,"TWOGAUSSIANS",8,4.161103,0.22741683,0.004828874,0.4,0.0,0.12559678,0.008840465,0.7307428,0.005037728,0.4,0.0,0.12432912,0.010490774
375316653866487564,5933645100665193600,0.47607505,2170.091839432393,0.5449296954267716,8.1731465E-5,17.714846,0.0033648831,0.5419191,0.03301965,0.13726957,0.024210272,0.033429187,0.004851592,0.69233835,0.0035566173,0.012193015,0.0017425263,0.20319052,0.016890232,null,null,null,null,"TWOGAUSSIANS",8,3.690486,0.69233835,0.0035566173,0.06828088,0.009758147,0.22144191,0.016172413,0.5419191,0.03301965,0.4,0.0,0.03334126,0.004759259
375316653866487564,5933645139322009984,0.4685449,2164.7769974739654,3.2936743437441374,2.124702E-5,18.639952,0.0046305307,null,null,null,null,null,null,null,null,null,null,null,null,0.079237044,0.0062850355,0.23997061,0.006708464,"ELLIPSOIDAL",4,5.5952735,null,null,null,null,null,null,null,null,null,null,null,null
375316653866487564,5933645242472937472,0.58644503,2168.162483911333,0.6728945028931602,5.672285E-6,13.538146,7.787035E-4,0.17459558,0.0014283753,0.031704158,0.0014980331,0.058383714,0.0018240564,0.6730955,0.001652501,0.029934632,0.0017502332,0.060907092,0.0029781065,0.011789833,0.001056226,0.17459558,0.0014283753,"TWOGAUSSIANS_WITH_ELLIPSOIDAL_ON_ECLIPSE1",9,13.594286,0.6731355,0.0016152235,0.16763394,0.009801306,0.08448469,0.0025317173,0.17459558,0.0014283753,0.17754327,0.008388985,0.08196335,8.786106E-4
375316653866487564,5933645482919699456,0.51931846,2184.6325348454816,3.3137360228191493,3.2142863E-5,19.89596,0.020926,0.25040385,0.01184498,0.07685937,0.0108131375,0.39354348,0.040447723,0.77553946,0.0062869117,0.06463267,0.00762029,0.61979467,0.06768604,null,null,null,null,"TWOGAUSSIANS",8,2.9261467,0.77553946,0.0062869117,0.36194295,0.04267362,0.61881346,0.06804451,0.25040385,0.01184498,0.4,0.007301928,0.39256224,0.040435527
375316653866487564,5933645586070339584,0.42388287,2197.921834063323,2.7318553530671053,5.9531038E-5,18.842945,0.01816226,0.26985314,0.013000852,0.060091965,0.022370268,0.11010543,0.025316177,0.73555243,0.010355178,0.10997735,0.022455776,0.123729646,0.017871656,null,null,null,null,"TWOGAUSSIANS",8,6.506842,0.73555243,0.010355178,0.4,0.0,0.12209993,0.014404303,0.26987314,0.012972549,0.336515,0.09818484,0.10849245,0.02547807
375316653866487564,5933645787881576448,0.4518386,2164.7893472441433,4.093443195149734,4.4890734E-5,19.12676,0.03602788,0.26513007,0.012884193,0.123572305,0.024246927,0.22446354,0.03606141,0.7917475,0.013481856,0.091932416,0.015916238,0.21048892,0.03785835,null,null,null,null,"TWOGAUSSIANS",8,4.181716,0.26513007,0.012879272,0.4,0.0,0.20266956,0.013779416,0.79189754,0.013439948,0.4,0.0,0.18886642,0.02447787
375316653866487564,5933645792155830016,0.44279826,2195.0424233309104,2.4943278370057085,7.0295304E-5,19.487785,0.02698511,0.33803833,0.017395418,0.08723655,0.026180547,0.1303325,0.028821483,0.8160573,0.013698005,0.08282052,0.020413563,0.17199084,0.026967255,null,null,null,null,"TWOGAUSSIANS",8,2.6007488,0.8160573,0.013698005,0.4,0.0,0.16931129,0.02178517,0.33803833,0.017395418,0.4,0.0,0.12765291,0.02386601
375316653866487564,5933645929594530816,0.53971654,2129.862844334757,4.038642634813222,1.535904E-5,19.71957,0.012098836,0.2955852,0.0036601822,0.037596755,0.0043913075,0.8467598,0.07131196,null,null,null,null,null,null,0.18701386,0.02113084,0.2955852,0.0036601822,"ONEGAUSSIAN_WITH_ELLIPSOIDAL",6,4.642043,0.2955852,0.0036601822,0.21054181,0.024591323,1.2207875,0.06792993,null,null,null,null,null,null
375316653866487564,5933645998314227328,0.46816713,2179.218795293827,2.7172107988416956,3.856475E-5,18.995035,0.004228765,0.26401094,0.012249306,0.011148998,0.033626515,0.052612662,0.06027383,0.8875073,0.050455187,0.02262281,0.021099575,0.13957183,0.22376847,0.076994,0.0051060217,0.26401094,0.012249306,"TWOGAUSSIANS_WITH_ELLIPSOIDAL_ON_ECLIPSE1",9,4.560641,0.8875073,0.050455187,0.12668775,0.118157625,0.21802053,0.2258557,0.26401094,0.012249306,0.062434386,0.18830848,0.20660064,0.05616334
375316653866487564,5933646376344488704,0.4786712,2162.3552431087987,1.0636304194598298,3.0125997E-5,16.026997,0.0049649924,0.2488787,0.008682159,0.019042592,0.009125276,0.48938918,1.2027737,0.7574652,0.022240164,0.02884692,0.018212814,0.15676305,0.53121597,0.027716363,0.0074816593,0.2488787,0.008682159,"TWOGAUSSIANS_WITH_ELLIPSOIDAL_ON_ECLIPSE1",9,80.15813,0.2488787,0.008682159,0.10663852,0.051101547,0.54482186,1.2066407,0.7574652,0.022037491,0.16154274,0.101991765,0.21203455,0.52809966
375316653866487564,5933646444990445824,0.5347798,2175.8103136708273,3.468549390046242,1.8276276E-5,18.782688,0.017371483,0.24879526,0.0031117094,0.08771575,0.0058148787,0.40390676,0.021139573,0.7425045,0.006501253,0.093249224,0.008976845,0.33815452,0.018611649,null,null,null,null,"TWOGAUSSIANS",8,4.262828,0.24879526,0.0031117094,0.4,0.0,0.38921046,0.018721366,0.7425045,0.006501253,0.4,0.0,0.3234579,0.014125236
375316653866487564,5933646822948132736,0.43786398,2188.3553010816677,2.834980799029524,4.2829433E-5,18.093983,2.01676,0.2893773,0.018561801,0.24778868,0.24034938,1.2563128,1.9904624,0.77852184,0.017311685,0.14678222,0.072866015,0.97216386,1.2175899,null,null,null,null,"TWOGAUSSIANS",8,17.028648,0.77852184,0.017311685,0.4,0.0,0.33799955,0.057227187,0.2911973,0.015502437,0.4,0.0,0.29991746,0.03425015
375316653866487564,5933647127888480128,0.6656535,2187.4783841061508,0.05925024072630796,1.0765879E-6,15.39841,8.181624E-4,0.28002143,4.6969214E-7,0.0024403508,3.335298E-6,0.77366096,6.9382414E-4,null,null,null,null,null,null,null,null,null,null,"ONEGAUSSIAN",5,9.914444,0.28002143,4.6969214E-7,0.013665965,1.8677669E-5,0.77366096,0.0,null,null,null,null,null,null
375316653866487564,5933647402789065856,0.4879454,2202.6570095080137,3.24404658030403,1.9456344E-5,19.300613,0.0176754,0.27702007,0.0050401962,0.08301432,0.008384724,0.3715536,0.021568242,0.77760947,0.012540001,0.08875811,0.012329162,0.32394132,0.036648713,null,null,null,null,"TWOGAUSSIANS",8,5.5482597,0.27702007,0.0050401962,0.4,0.0,0.3616561,0.0202235,0.77760947,0.012540001,0.4,0.0,0.31404376,0.036798913
375316653866487564,5933647407063780352,0.513576,2195.1225660657296,2.5157204121947316,2.7367421E-5,19.022383,0.018088393,0.20949186,0.0035417408,0.06849951,0.005118175,0.41567838,0.03933898,0.69681174,0.0035554734,0.079938464,0.0058079013,0.71903354,0.047956068,null,null,null,null,"TWOGAUSSIANS",8,9.674515,0.69681174,0.0035554734,0.4,0.0,0.71617824,0.04872913,0.20949186,0.0035417408,0.38359728,0.02866178,0.41282308,0.03939523
375316653866487564,5933647608956748032,0.5448569,2206.979156428953,2.6062190944784125,1.2447265E-5,18.541973,0.010840138,0.26274496,0.0025322703,0.053516906,0.0025678186,0.512999,0.027356362,0.7906328,0.015580989,0.032045707,0.01837984,0.14474991,0.02419291,0.060082775,0.013972048,0.26274496,0.0025322703,"TWOGAUSSIANS_WITH_ELLIPSOIDAL_ON_ECLIPSE1",9,8.157788,0.26274496,0.0025322703,0.29969466,0.014379784,0.63315475,0.01431787,0.7906328,0.015580989,0.17945595,0.102927096,0.26125374,0.016592259
375316653866487564,5933648231698590848,0.52013,2183.7880439194796,1.2496912251093577,1.1180163E-5,18.691877,0.008154422,0.31146753,0.0018325984,0.046321686,0.0022113016,0.28588054,0.019977408,0.8074715,0.007331865,0.050179016,0.0067870277,0.32965708,0.025557756,null,null,null,null,"TWOGAUSSIANS",8,4.584065,0.8074715,0.007331865,0.2810025,0.038007356,0.32965636,0.025557507,0.31146753,0.0018325984,0.25940144,0.012383289,0.28587982,0.01997712
375316653866487564,5933648742797520640,0.6149942,2192.5210404038303,3.4920458509433527,5.6733697E-6,17.525553,0.018892217,0.28525698,0.0015452236,0.045024876,0.003927113,0.48729438,0.038575634,0.7812483,0.0020343198,0.04730929,0.0056622084,0.39880177,0.033981796,0.12666342,0.021866845,0.28525698,0.0015452236,"TWOGAUSSIANS_WITH_ELLIPSOIDAL_ON_ECLIPSE1",9,12.178495,0.28525698,0.0015452236,0.2521393,0.021991832,0.7406204,0.019534925,0.7816483,0.0017857496,0.26493204,0.031708367,0.6519833,0.015804552
375316653866487564,5933649090763876224,0.51137173,2180.982300886046,2.3358684152785263,1.1547729E-5,15.497979,0.031560965,0.19722834,0.0043624532,0.12123684,0.02294145,0.15876535,0.02528836,0.6914464,0.0037907972,0.10845724,0.0149854645,0.16366878,0.030174186,null,null,null,null,"TWOGAUSSIANS",8,36.564564,0.6914464,0.0037907972,0.4,0.0,0.13527769,0.0045172665,0.19723836,0.00436978,0.4,0.0,0.13031693,0.008587321
375316653866487564,5933649361294322816,0.54679227,2177.978659773586,2.3077514430052966,1.6274398E-5,18.298056,0.00990014,0.28729537,0.0048933574,0.0806547,0.006811262,0.365388,0.026744144,0.78606486,0.004511578,0.07787376,0.0061211293,0.34047157,0.018326398,null,null,null,null,"TWOGAUSSIANS",8,6.8431983,0.28729537,0.0048933574,0.4,0.0,0.36062494,0.027317138,0.78606486,0.004511578,0.4,0.0,0.3357085,0.018763386
375316653866487564,5933649365569104640,0.5532099,2175.6689566973823,2.6008516389126846,1.1299913E-5,16.760046,0.010937111,0.28425983,0.0025583624,0.07493668,0.0043022935,0.36724293,0.020433595,0.7767452,0.0018768776,0.069351785,0.0035035321,0.4036909,0.0098191295,null,null,null,null,"TWOGAUSSIANS",8,25.27285,0.7767452,0.0018768776,0.38836998,0.01961978,0.40211022,0.00927206,0.28425983,0.0025583624,0.4,0.0,0.36566222,0.020451317
375316653866487564,5933649399928917120,0.43176526,2189.1919809008136,2.8081028390012044,2.8181466E-5,18.788,0.0041000396,null,null,null,null,null,null,null,null,null,null,null,null,0.051907603,0.0068715876,0.25014356,0.0067682397,"ELLIPSOIDAL",4,3.9402235,null,null,null,null,null,null,null,null,null,null,null,null
375316653866487564,5933649846678195456,0.42704684,2190.4351195912386,3.841703334001175,6.5541506E-5,18.779642,0.015700411,0.23615429,0.009806474,0.08385813,0.015193537,0.15164185,0.02204579,0.74701273,0.015026473,0.09536667,0.030978331,0.09900529,0.025325296,null,null,null,null,"TWOGAUSSIANS",8,7.6158323,0.23615429,0.009806263,0.4,0.0,0.14751264,0.021462051,0.74701273,0.015026473,0.4,0.0,0.09487585,0.027953854
375316653866487564,5933650671311964544,0.58583194,2140.1483772473434,1.0125982502428272,4.114705E-6,16.903334,0.006718435,0.26710764,0.0018201352,0.041906286,0.0027015603,0.39722767,0.054107595,0.7659765,0.0011782246,0.04554943,0.0031267619,0.35283858,0.01781344,0.0307227,0.009408512,0.26710764,0.0018201352,"TWOGAUSSIANS_WITH_ELLIPSOIDAL_ON_ECLIPSE1",9,12.906006,0.26710764,0.0018201352,0.2346752,0.015128737,0.45867297,0.055157296,0.76600647,0.0011442231,0.25507683,0.017509867,0.41428083,0.013977613
375316653866487564,5933650808678698752,0.5049119,2156.344749141738,3.027385350661919,2.37697E-5,18.43301,0.027682757,0.24981791,0.005335674,0.11229804,0.015050899,0.17242453,0.026624031,0.7580141,0.007812993,0.110840306,0.018636081,0.1520615,0.026540672,null,null,null,null,"TWOGAUSSIANS",8,2.1790698,0.24980791,0.0053327642,0.4,0.0,0.14822517,0.009336559,0.75803405,0.0078094844,0.4,0.0,0.12786789,0.0077031697
375316653866487564,5933650877400476544,0.57722056,2224.449548819192,2.8972456479806907,6.396021E-6,18.068668,0.008057266,0.21761526,0.0017240389,0.07321886,0.0037328755,0.504674,0.026558435,0.7191167,0.0015437284,0.07206852,0.0029562488,0.40058586,0.011545207,null,null,null,null,"TWOGAUSSIANS",8,4.3964357,0.21761526,0.0017240389,0.4,0.0,0.50234693,0.027230017,0.7191167,0.0015437284,0.4,0.0025557508,0.39825878,0.0116008995
375316653866487564,5933650946122683520,0.47780055,2212.0791784957937,3.6347370191541497,2.4476032E-5,17.95923,0.001740307,null,null,null,null,null,null,null,null,null,null,null,null,0.03214772,0.003004819,0.24542826,0.0040785046,"ELLIPSOIDAL",4,1.3393964,null,null,null,null,null,null,null,null,null,null,null,null
