Gaia/vari_eclipsing_binary/VariEclipsingBinary_662741-662776.csv
# %ECSV 1.0
# ---
# delimiter: ','
# meta: !!omap
# - RELEASE: Gaia DR3
# - TABLE: vari_eclipsing_binary
# - DESCRIPTION: >
#     This table describes the properties of the eclipsing binaries resulting from the variability analysis. 
# - CITATION: >
#     How to cite and acknowledge Gaia: 
#     https://gea.esac.esa.int/archive/documentation/credits.html 
# - KNOWN_ISSUES: >
#     Known issues: 
#     https://www.cosmos.esa.int/web/gaia-users/known-issues 
# - DOCUMENTATION: >
#     Tutorials and documentation: 
#     https://www.cosmos.esa.int/web/gaia-users/archive 
# datatype:
# - 
#   name: solution_id
#   datatype: int64
#   description: Solution Identifier
#   meta:
#     ucd: meta.version
# - 
#   name: source_id
#   datatype: int64
#   description: Unique source identifier
#   meta:
#     ucd: meta.id;meta.main
# - 
#   name: global_ranking
#   datatype: float32
#   description: Number between 0 (worst) and 1 (best)
#   meta:
#     ucd: stat.param
# - 
#   name: reference_time
#   datatype: float64
#   unit: d
#   description: Reference time used for the geometric model fit
#   meta:
#     ucd: time.epoch
# - 
#   name: frequency
#   datatype: float64
#   unit: d**-1
#   description: Frequency of geometric model of the eclipsing binary light curve
#   meta:
#     ucd: src.orbital
# - 
#   name: frequency_error
#   datatype: float32
#   unit: d**-1
#   description: "Uncertainty of \\texttt{frequency}"
#   meta:
#     ucd: stat.error
# - 
#   name: geom_model_reference_level
#   datatype: float32
#   unit: mag
#   description: Magnitude reference level of geometric model
#   meta:
#     ucd: phot.mag;em.opt
# - 
#   name: geom_model_reference_level_error
#   datatype: float32
#   unit: mag
#   description: "Uncertainty of \\texttt{geomModelReferenceLevel}"
#   meta:
#     ucd: stat.error;phot.mag;em.opt
# - 
#   name: geom_model_gaussian1_phase
#   datatype: float32
#   description: Phase of the Gaussian 1 component
#   meta:
#     ucd: time.phase
# - 
#   name: geom_model_gaussian1_phase_error
#   datatype: float32
#   description: "Uncertainty of \\texttt{geomModelGaussian1Phase}"
#   meta:
#     ucd: stat.error;time.phase
# - 
#   name: geom_model_gaussian1_sigma
#   datatype: float32
#   description: "Standard deviation [phase] of Gaussian 1 component"
#   meta:
#     ucd: stat.stdev
# - 
#   name: geom_model_gaussian1_sigma_error
#   datatype: float32
#   description: "Uncertainty of \\texttt{geomModelGaussian1Sigma}"
#   meta:
#     ucd: stat.error
# - 
#   name: geom_model_gaussian1_depth
#   datatype: float32
#   unit: mag
#   description: Magnitude depth of Gaussian 1 component
#   meta:
#     ucd: src.var.amplitude
# - 
#   name: geom_model_gaussian1_depth_error
#   datatype: float32
#   unit: mag
#   description: "Uncertainty of \\texttt{geomModelGaussian1Depth}"
#   meta:
#     ucd: stat.error;src.var.amplitude
# - 
#   name: geom_model_gaussian2_phase
#   datatype: float32
#   description: Phase of Gaussian 2 component
#   meta:
#     ucd: time.phase
# - 
#   name: geom_model_gaussian2_phase_error
#   datatype: float32
#   description: "Uncertainty of \\texttt{geomModelGaussian2Phase}"
#   meta:
#     ucd: stat.error;time.phase
# - 
#   name: geom_model_gaussian2_sigma
#   datatype: float32
[...]
#   datatype: float32
#   description: "Secondary eclipse: uncertainty of \\texttt{derivedSecondaryEclDuration}"
#   meta:
#     ucd: stat.error;time.duration
# - 
#   name: derived_secondary_ecl_depth
#   datatype: float32
#   unit: mag
#   description: "Secondary eclipse: depth"
#   meta:
#     ucd: src.var.amplitude
# - 
#   name: derived_secondary_ecl_depth_error
#   datatype: float32
#   unit: mag
#   description: "Secondary eclipse: uncertainty of \\texttt{derivedSecondaryEclDepth}"
#   meta:
#     ucd: stat.error;src.var.amplitude
solution_id,source_id,global_ranking,reference_time,frequency,frequency_error,geom_model_reference_level,geom_model_reference_level_error,geom_model_gaussian1_phase,geom_model_gaussian1_phase_error,geom_model_gaussian1_sigma,geom_model_gaussian1_sigma_error,geom_model_gaussian1_depth,geom_model_gaussian1_depth_error,geom_model_gaussian2_phase,geom_model_gaussian2_phase_error,geom_model_gaussian2_sigma,geom_model_gaussian2_sigma_error,geom_model_gaussian2_depth,geom_model_gaussian2_depth_error,geom_model_cosine_half_period_amplitude,geom_model_cosine_half_period_amplitude_error,geom_model_cosine_half_period_phase,geom_model_cosine_half_period_phase_error,model_type,num_model_parameters,reduced_chi2,derived_primary_ecl_phase,derived_primary_ecl_phase_error,derived_primary_ecl_duration,derived_primary_ecl_duration_error,derived_primary_ecl_depth,derived_primary_ecl_depth_error,derived_secondary_ecl_phase,derived_secondary_ecl_phase_error,derived_secondary_ecl_duration,derived_secondary_ecl_duration_error,derived_secondary_ecl_depth,derived_secondary_ecl_depth_error
[from data line 575]
375316653866487564,5829841483506164992,0.46941277,2145.551672271818,3.282417858586079,7.839269E-5,18.444132,0.018212443,0.27856287,0.01634948,0.0846377,0.031277608,0.13790771,0.023038473,0.810719,0.005212397,0.09667366,0.015524161,0.112550646,0.017109094,null,null,null,null,"TWOGAUSSIANS",8,3.572093,0.27856287,0.016352704,0.4,0.022092815,0.13458802,0.025065187,0.810719,0.0052105403,0.4,0.0,0.109230034,0.010618769
375316653866487564,5829841788450555648,0.5277461,2121.1526445032673,2.517343427823121,1.6634382E-5,18.332201,0.0067827045,0.22727002,0.0037816581,0.050530866,0.005960308,0.10017164,0.0230847,0.7330223,0.0031056204,0.044116598,0.006693481,0.16943495,0.019012382,0.06847639,0.0077272477,0.22727002,0.0037816581,"TWOGAUSSIANS_WITH_ELLIPSOIDAL_ON_ECLIPSE1",9,3.371507,0.7330223,0.0031056204,0.24705294,0.037483495,0.3062082,0.025282344,0.22727002,0.0037816581,0.28297284,0.033377726,0.2371237,0.012615667
375316653866487564,5829843029694519552,0.549069,2121.767036037129,2.1198505244775,1.2440479E-5,16.909365,0.38203973,0.23657627,0.0104141515,0.12622482,0.033786964,0.20366067,0.2560723,0.7579199,0.0065704524,0.14601351,0.11220873,0.14943655,0.37377647,null,null,null,null,"TWOGAUSSIANS",8,4.6271377,0.23581627,0.006348619,0.4,0.0,0.15013696,0.006310068,0.7583999,0.0051263627,0.4,0.0,0.09515587,0.004902541
375316653866487564,5829843132773719296,0.47461814,2120.6527794889084,3.5786544097427577,1.7733695E-5,19.484463,0.029189728,0.13384655,0.005701072,0.09035456,0.010592019,0.28082886,0.029116204,0.6307647,0.0044663884,0.09113202,0.009861371,0.41011593,0.038219776,null,null,null,null,"TWOGAUSSIANS",8,3.5015585,0.6307647,0.0044663884,0.4,0.0,0.3955811,0.037328713,0.13384655,0.005701072,0.4,0.0,0.26629415,0.019336758
375316653866487564,5829845056945022208,0.53689957,2143.4096368644136,3.0782911563653643,1.1305813E-5,16.515842,0.9087862,0.25812748,0.0037441773,0.118357204,0.061402902,0.30331466,0.75668925,0.7516918,0.004847835,0.11908741,0.095435694,0.29646087,0.8543428,null,null,null,null,"TWOGAUSSIANS",8,32.49124,0.2581575,0.0030148663,0.4,0.0,0.24172895,0.007952967,0.7516918,0.004847835,0.4,0.0,0.23486775,0.01716441
375316653866487564,5829847118529359232,0.5423518,2127.6676471918163,0.3963301779964688,4.7019334E-6,14.769846,9.579566E-4,0.19282657,0.008049435,0.015086475,0.0039480086,0.10744382,0.022953574,0.69626594,0.021515034,0.011077719,0.011450236,0.22912821,654.4075,0.0026107593,0.0016443618,0.19282657,0.008049435,"TWOGAUSSIANS_WITH_ELLIPSOIDAL_ON_ECLIPSE1",9,11.156522,0.69626594,0.021515034,0.06203523,0.06412132,0.23434728,654.40753,0.19282657,0.008049435,0.08448426,0.02210885,0.11266533,0.022291994
375316653866487564,5829847840083911808,0.6071276,2134.3152023362377,1.0566934363985465,2.6074486E-6,15.705853,0.005380477,0.159583,0.002766771,0.10268717,0.004841596,0.20250997,0.0070893457,0.658974,8.2807895E-4,0.0938186,0.002726445,0.26093265,0.0058472953,null,null,null,null,"TWOGAUSSIANS",8,9.819723,0.658974,8.2807895E-4,0.4,0.0,0.24318801,0.0060305498,0.159583,0.002766771,0.4,0.0,0.1847628,0.0076574106
