Gaia/vari_eclipsing_binary/VariEclipsingBinary_482203-482293.csv
# %ECSV 1.0
# ---
# delimiter: ','
# meta: !!omap
# - RELEASE: Gaia DR3
# - TABLE: vari_eclipsing_binary
# - DESCRIPTION: >
#     This table describes the properties of the eclipsing binaries resulting from the variability analysis. 
# - CITATION: >
#     How to cite and acknowledge Gaia: 
#     https://gea.esac.esa.int/archive/documentation/credits.html 
# - KNOWN_ISSUES: >
#     Known issues: 
#     https://www.cosmos.esa.int/web/gaia-users/known-issues 
# - DOCUMENTATION: >
#     Tutorials and documentation: 
#     https://www.cosmos.esa.int/web/gaia-users/archive 
# datatype:
# - 
#   name: solution_id
#   datatype: int64
#   description: Solution Identifier
#   meta:
#     ucd: meta.version
# - 
#   name: source_id
#   datatype: int64
#   description: Unique source identifier
#   meta:
#     ucd: meta.id;meta.main
# - 
#   name: global_ranking
#   datatype: float32
#   description: Number between 0 (worst) and 1 (best)
#   meta:
#     ucd: stat.param
# - 
#   name: reference_time
#   datatype: float64
#   unit: d
#   description: Reference time used for the geometric model fit
#   meta:
#     ucd: time.epoch
# - 
#   name: frequency
#   datatype: float64
#   unit: d**-1
#   description: Frequency of geometric model of the eclipsing binary light curve
#   meta:
#     ucd: src.orbital
# - 
#   name: frequency_error
#   datatype: float32
#   unit: d**-1
#   description: "Uncertainty of \\texttt{frequency}"
#   meta:
#     ucd: stat.error
# - 
#   name: geom_model_reference_level
#   datatype: float32
#   unit: mag
#   description: Magnitude reference level of geometric model
#   meta:
#     ucd: phot.mag;em.opt
# - 
#   name: geom_model_reference_level_error
#   datatype: float32
#   unit: mag
#   description: "Uncertainty of \\texttt{geomModelReferenceLevel}"
#   meta:
#     ucd: stat.error;phot.mag;em.opt
# - 
#   name: geom_model_gaussian1_phase
#   datatype: float32
#   description: Phase of the Gaussian 1 component
#   meta:
#     ucd: time.phase
# - 
#   name: geom_model_gaussian1_phase_error
#   datatype: float32
#   description: "Uncertainty of \\texttt{geomModelGaussian1Phase}"
#   meta:
#     ucd: stat.error;time.phase
# - 
#   name: geom_model_gaussian1_sigma
#   datatype: float32
#   description: "Standard deviation [phase] of Gaussian 1 component"
#   meta:
#     ucd: stat.stdev
# - 
#   name: geom_model_gaussian1_sigma_error
#   datatype: float32
#   description: "Uncertainty of \\texttt{geomModelGaussian1Sigma}"
#   meta:
#     ucd: stat.error
# - 
#   name: geom_model_gaussian1_depth
#   datatype: float32
#   unit: mag
#   description: Magnitude depth of Gaussian 1 component
#   meta:
#     ucd: src.var.amplitude
# - 
#   name: geom_model_gaussian1_depth_error
#   datatype: float32
#   unit: mag
#   description: "Uncertainty of \\texttt{geomModelGaussian1Depth}"
#   meta:
#     ucd: stat.error;src.var.amplitude
# - 
#   name: geom_model_gaussian2_phase
#   datatype: float32
#   description: Phase of Gaussian 2 component
#   meta:
#     ucd: time.phase
# - 
#   name: geom_model_gaussian2_phase_error
#   datatype: float32
#   description: "Uncertainty of \\texttt{geomModelGaussian2Phase}"
#   meta:
#     ucd: stat.error;time.phase
# - 
#   name: geom_model_gaussian2_sigma
#   datatype: float32
[...]
#   datatype: float32
#   description: "Secondary eclipse: uncertainty of \\texttt{derivedSecondaryEclDuration}"
#   meta:
#     ucd: stat.error;time.duration
# - 
#   name: derived_secondary_ecl_depth
#   datatype: float32
#   unit: mag
#   description: "Secondary eclipse: depth"
#   meta:
#     ucd: src.var.amplitude
# - 
#   name: derived_secondary_ecl_depth_error
#   datatype: float32
#   unit: mag
#   description: "Secondary eclipse: uncertainty of \\texttt{derivedSecondaryEclDepth}"
#   meta:
#     ucd: stat.error;src.var.amplitude
solution_id,source_id,global_ranking,reference_time,frequency,frequency_error,geom_model_reference_level,geom_model_reference_level_error,geom_model_gaussian1_phase,geom_model_gaussian1_phase_error,geom_model_gaussian1_sigma,geom_model_gaussian1_sigma_error,geom_model_gaussian1_depth,geom_model_gaussian1_depth_error,geom_model_gaussian2_phase,geom_model_gaussian2_phase_error,geom_model_gaussian2_sigma,geom_model_gaussian2_sigma_error,geom_model_gaussian2_depth,geom_model_gaussian2_depth_error,geom_model_cosine_half_period_amplitude,geom_model_cosine_half_period_amplitude_error,geom_model_cosine_half_period_phase,geom_model_cosine_half_period_phase_error,model_type,num_model_parameters,reduced_chi2,derived_primary_ecl_phase,derived_primary_ecl_phase_error,derived_primary_ecl_duration,derived_primary_ecl_duration_error,derived_primary_ecl_depth,derived_primary_ecl_depth_error,derived_secondary_ecl_phase,derived_secondary_ecl_phase_error,derived_secondary_ecl_duration,derived_secondary_ecl_duration_error,derived_secondary_ecl_depth,derived_secondary_ecl_depth_error
[from data line 438]
375316653866487564,4242120472202383360,0.55973154,2096.729046302026,2.6059040849657436,1.4102917E-5,17.150642,0.012425912,0.2764391,0.0065972395,0.056482915,0.009531125,0.32984725,0.055522352,0.7709277,0.004106264,0.04968929,0.004340253,0.2703254,0.032889493,0.07683587,0.018916786,0.2764391,0.0065972395,"TWOGAUSSIANS_WITH_ELLIPSOIDAL_ON_ECLIPSE1",9,33.173016,0.2764391,0.0065972395,0.31630433,0.053374305,0.48349965,0.049143884,0.77147776,0.003398245,0.27826002,0.024305416,0.42381194,0.017027557
375316653866487564,4242128413610008704,0.55545694,2103.6123850149474,0.44998592137423227,1.4009901E-5,14.899705,0.0022833957,0.36891776,0.0012178111,0.017437987,7.631768E-4,0.42180035,0.008359868,0.8238774,0.0056460253,0.006182098,0.0051397355,0.07608063,8.0153254E8,null,null,null,null,"TWOGAUSSIANS",8,104.86752,0.36891776,0.0012178111,0.09765273,0.00427379,0.42180035,0.008359868,0.8238774,0.0056460253,0.03461975,0.028782519,0.07608063,8.0153254E8
375316653866487564,4242129306962805888,0.5930484,2075.8027716987867,2.6553625325151433,1.08980175E-5,15.725331,0.021026338,0.2894883,0.004936686,0.053405304,0.007466896,0.2638937,0.046337027,0.7836457,0.0023587586,0.05778666,0.0065606902,0.26288337,0.04566512,0.13651557,0.024566086,0.7836457,0.0023587586,"TWOGAUSSIANS_WITH_ELLIPSOIDAL_ON_ECLIPSE2",9,61.53212,0.28838828,0.0038464142,0.2990697,0.041814618,0.5366,0.023149857,0.7836457,0.0023587586,0.3236053,0.036739867,0.535888,0.012914939
375316653866487564,4242129753627172736,0.49568763,2051.966526656714,4.060493819754417,2.0704963E-5,17.45061,0.3947072,0.22365764,0.019112779,0.18458192,0.087067865,0.42191473,0.3902117,0.7005081,0.01035322,0.12406722,0.026320145,0.52312607,0.27146977,null,null,null,null,"TWOGAUSSIANS",8,22.736172,0.7005081,0.01035322,0.4,0.0,0.3356995,0.017493831,0.22428763,0.018254029,0.4,0.0,0.2122894,0.016508576
375316653866487564,4242129852423817088,0.5603499,2022.803843748736,3.763530646092292,1.7527664E-5,18.922491,0.014903471,0.23688084,0.004926713,0.09138437,0.006555846,0.34221828,0.019325674,0.73269707,0.0067540975,0.08192634,0.010077587,0.46645203,0.028081995,null,null,null,null,"TWOGAUSSIANS",8,2.5906851,0.73269707,0.0067540975,0.4,0.0,0.4549899,0.02813651,0.23688084,0.004926713,0.4,0.0,0.33075595,0.01688717
375316653866487564,4242130024209808512,0.48425266,2047.397262459843,0.2472134546007024,4.271727E-5,19.182667,0.022789553,0.20453659,0.023344552,0.068557054,0.020902418,0.18608971,0.022663094,0.5867518,0.01909386,0.12802754,0.019083582,0.28002295,0.02910247,null,null,null,null,"TWOGAUSSIANS",8,3.2562704,0.5867518,0.01909386,0.4,0.0,0.2766964,0.023527106,0.20652658,0.023229552,0.3839195,0.05094157,0.18609057,0.022912646
375316653866487564,4242130131584418048,0.5519956,2028.459142825407,3.285985837101833,3.5244084E-5,19.75746,0.01099106,0.23570132,0.008340515,0.07894467,0.009757787,0.6024699,0.0409892,0.7251919,0.011500135,0.069230095,0.0065884115,0.57186776,0.07270878,null,null,null,null,"TWOGAUSSIANS",8,2.1784077,0.23570132,0.008340515,0.4,0.0,0.5993662,0.042649433,0.7251919,0.011500135,0.38768855,0.022600818,0.5687641,0.07362138
375316653866487564,4242130230368371712,0.63351613,2042.3542981384296,3.1504952870682437,1.0796892E-5,18.751953,0.026614297,0.24147221,0.003659876,0.057530224,0.008092837,0.4425097,0.056100335,0.74161553,0.0068561444,0.046121564,0.010593081,0.37740797,0.057398345,0.11242149,0.031319305,0.24147221,0.003659876,"TWOGAUSSIANS_WITH_ELLIPSOIDAL_ON_ECLIPSE1",9,2.0308003,0.24147221,0.003659876,0.32216924,0.04531989,0.66731745,0.014591169,0.74161553,0.0065338574,0.25828075,0.059321254,0.6022155,0.043919295
375316653866487564,4242132669913421056,0.53986716,2120.2987205142754,0.5746767707611016,2.3808345E-5,13.864891,0.0022429037,0.35455382,0.0051074284,0.030907977,0.0071567544,0.17454742,0.043543387,0.203661,0.0061694724,0.032532517,0.019062357,0.070319615,2.6321938,0.017263772,0.002451058,0.35455382,0.0051074284,"TWOGAUSSIANS_WITH_ELLIPSOIDAL_ON_ECLIPSE1",9,66.70583,0.35455382,0.005107463,0.17308466,0.040077824,0.20907645,0.045575988,0.206811,0.008846856,0.18218209,0.10674921,0.08238943,2.6318913
375316653866487564,4242134387909030528,0.5745753,2065.6791066379024,4.515115242224906,1.3390132E-5,19.295963,0.0072307196,0.25478297,0.0020306464,0.06750993,0.004307016,0.61718744,0.03555733,0.7568621,0.012222391,0.07118651,0.0056301327,0.5199752,0.05743558,null,null,null,null,"TWOGAUSSIANS",8,1.564789,0.25478297,0.0020306464,0.3780556,0.024119288,0.6155757,0.03609968,0.7568621,0.012222391,0.39864448,0.029434629,0.5183634,0.056730233
375316653866487564,4242134838880912000,0.58304626,2097.2329468326225,2.639116447016941,5.677841E-6,17.002209,0.008394915,0.2667326,0.0053925393,0.039400313,0.0064138784,0.2024487,0.03164332,0.764824,0.0019648208,0.041773237,0.0039300625,0.38824406,0.02001506,0.047617905,0.014602223,0.2667326,0.0053925393,"TWOGAUSSIANS_WITH_ELLIPSOIDAL_ON_ECLIPSE1",9,22.944813,0.76488394,0.0018693827,0.23393013,0.02200835,0.48346642,0.02018232,0.2667326,0.0053925393,0.22064176,0.035917718,0.2976843,0.028027408
375316653866487564,4242135040743777536,0.48537502,2031.3862337942583,2.026632296516712,2.367601E-5,18.624788,0.00405754,0.23426612,0.0041168686,0.075107165,0.0058303606,0.13609506,0.012519558,0.75191987,0.016108962,0.073463894,0.02466693,0.058861766,0.01210253,null,null,null,null,"TWOGAUSSIANS",8,0.7343468,0.23426612,0.0041168686,0.4,0.0,0.1356825,0.012654778,0.75191987,0.016108962,0.4,0.11318296,0.0584492,0.012484692
375316653866487564,4242137106623519488,0.54142857,2051.85863935682,1.3793383503983172,1.7249282E-5,16.02475,0.0017303546,0.2907301,0.002862535,0.03648259,0.008365577,0.031013269,0.008895389,0.8011854,0.043093536,0.03421612,0.030786002,0.06410422,0.26564205,0.017564636,0.0032819274,0.2907301,0.002862535,"TWOGAUSSIANS_WITH_ELLIPSOIDAL_ON_ECLIPSE1",9,4.1363482,0.8011854,0.043093536,0.19161028,0.1724016,0.09908206,0.26651427,0.2907301,0.002862535,0.2043025,0.046847228,0.06614249,0.010116914
375316653866487564,4242138034336393088,0.5746969,2038.6354808366375,3.162301502610551,1.5501635E-5,15.405885,0.064043194,0.22477111,0.002278806,0.13243952,0.016477628,0.27231768,0.062148675,0.7157174,0.0038158991,0.13376684,0.02050115,0.26057863,0.060486443,null,null,null,null,"TWOGAUSSIANS",8,20.198166,0.22498111,0.002100201,0.4,0.0,0.18723278,0.004338538,0.7157174,0.0038158991,0.4,0.0,0.1754482,0.008627121
375316653866487564,4242139198260553984,0.5362543,2043.5364830330084,2.4285176048788246,1.1487765E-5,16.012848,0.013525644,0.19181222,0.005667993,0.055358294,0.0046199798,0.3387051,0.03383016,0.6734029,0.003978704,0.07694227,0.0058408417,0.60524905,0.053189732,null,null,null,null,"TWOGAUSSIANS",8,168.14772,0.6734029,0.003978704,0.4,0.0,0.6048152,0.05342507,0.19181222,0.005667993,0.31000644,0.025871886,0.33827123,0.033776645
375316653866487564,4242143016498631936,0.4948383,2049.511599353588,4.0643529409300125,2.144549E-5,19.197191,0.011980231,0.30040446,0.004074444,0.07795364,0.0051722582,0.45257816,0.016058663,0.81634724,0.005931395,0.07432042,0.0058687725,0.4185142,0.032297976,null,null,null,null,"TWOGAUSSIANS",8,2.3497128,0.30040446,0.004074444,0.4,0.0,0.4497782,0.01528511,0.81634724,0.005931395,0.4,0.0,0.41571426,0.032314923
375316653866487564,4242144111703721728,0.49653715,2060.2945107484265,3.275538958180378,2.7923656E-5,17.872799,0.47542104,0.24136768,0.015362288,0.23070197,0.15913643,0.4205257,0.47042763,0.747118,0.0060691354,0.123905666,0.02715891,0.4427841,0.2614605,null,null,null,null,"TWOGAUSSIANS",8,5.841553,0.74849796,0.0049201893,0.4,0.0,0.23613271,0.0108323945,0.24117768,0.015172614,0.4,0.0,0.1337686,0.011741892
375316653866487564,4242144184729815680,0.53601587,2083.2336043965392,2.26170621387002,1.478139E-5,14.412232,0.12590669,0.2287648,0.012691979,0.049602583,0.041875407,0.27760196,0.18690267,0.7403096,0.005016087,0.056744583,0.027370924,0.19135019,0.25393277,0.12016634,0.12832975,0.7403096,0.005016087,"TWOGAUSSIANS_WITH_ELLIPSOIDAL_ON_ECLIPSE2",9,832.24524,0.2304248,0.010778927,0.27777448,0.18360303,0.516841,0.16879751,0.7403096,0.005016087,0.31776968,0.108279414,0.4316705,0.040231667
375316653866487564,4242145249882200064,0.57295173,2134.961184850375,2.5272754866283926,8.791534E-6,17.778425,0.007651763,0.29178566,0.0021144103,0.08088298,0.0037338177,0.32717726,0.013658549,0.78729206,0.0028355636,0.08207907,0.006315264,0.34568816,0.008248919,null,null,null,null,"TWOGAUSSIANS",8,5.3758307,0.78729206,0.0028355636,0.4,0.0,0.3401069,0.008234012,0.29178566,0.0021144103,0.4,0.0,0.321596,0.013763706
375316653866487564,4242146104567756416,0.57886523,2092.6759836971733,1.6547132010314052,2.7440808E-6,17.809462,0.004374622,0.24130127,0.0074820584,0.06571251,0.007869348,0.08288223,0.011684813,0.7258999,5.480606E-4,0.0558777,0.0012203453,0.28966007,0.005053829,null,null,null,null,"TWOGAUSSIANS",8,2.457549,0.7258999,5.480606E-4,0.31291512,0.0068339338,0.28962377,0.0050394954,0.24130127,0.0074820584,0.36799008,0.044068348,0.08284592,0.011698464
375316653866487564,4242148063073099008,0.45369112,2111.967264938702,0.03722179644075245,2.5998384E-5,19.063808,0.013432301,0.47859535,0.006292334,0.059079196,0.019451005,1.0521694,0.4263357,0.75578666,0.07115521,0.04895124,0.028075688,0.6261835,0.4667501,null,null,null,null,"TWOGAUSSIANS",8,10.367525,0.47859535,0.006292334,0.3308435,0.07786954,1.0521696,0.42633578,0.75578666,0.07115521,0.27412692,0.15722385,0.626201,0.46673584
375316653866487564,4242148410978183680,0.43258762,2119.2227184767817,1.5154618924757128,3.7112226E-5,14.868928,0.011153897,0.5060668,0.021759523,0.18288097,0.04394295,0.07625706,0.016246382,0.6845457,0.006201488,0.011574072,0.009351592,0.124918826,0.07827399,null,null,null,null,"TWOGAUSSIANS",8,339.9959,0.6845457,0.006201488,0.0648148,0.052368917,0.16865517,0.07980639,0.5060668,0.021759523,0.4,0.0,0.072624944,0.017118191
375316653866487564,4242148892014559872,0.44764617,2127.7846694282057,0.7267996927554699,2.5732064E-5,18.539244,0.009221505,0.3102139,0.0011241076,0.039685894,0.0042218184,0.76106185,0.16695514,0.76264125,0.01672899,0.05966449,0.019397125,0.061364427,0.018824905,null,null,null,null,"TWOGAUSSIANS",8,7.277088,0.3102139,0.0011241076,0.22224101,0.023642182,0.7610618,0.16695666,0.76264125,0.01672899,0.33412114,0.10862389,0.061364345,0.018824438
375316653866487564,4242149574901521792,0.5875267,2077.0642473215917,2.7750647099397585,6.3624793E-6,18.576237,0.011720073,0.31322566,0.0024647352,0.03867443,0.005714916,0.47442314,0.08312295,0.81558657,0.00469904,0.042975716,0.00809289,0.5184789,0.079787694,0.14736044,0.03234,0.31322566,0.0024647352,"TWOGAUSSIANS_WITH_ELLIPSOIDAL_ON_ECLIPSE1",9,4.8262744,0.81558657,0.00469904,0.240664,0.045320183,0.81313455,0.10119716,0.31322566,0.0024647352,0.2165768,0.03200353,0.7691437,0.08541873
375316653866487564,4242150335127271552,0.48229143,2040.0429553125236,2.9223144720761853,7.903471E-6,19.832455,0.0119473655,0.20705141,0.026188666,0.112512164,0.046593234,0.07515168,0.016940484,0.72657,0.0042990576,0.044910196,0.0055903615,0.30435556,0.031590074,null,null,null,null,"TWOGAUSSIANS",8,1.4023199,0.72657,0.0042976495,0.2514971,0.031306025,0.30352956,0.03160674,0.20705141,0.026188666,0.4,0.0,0.074315675,0.016888762
375316653866487564,4242150747440477696,0.5146153,2119.6798920301817,1.3023775339162538,1.342613E-5,13.32032,0.0011744847,0.19681212,0.0030019842,0.014892366,0.0034358937,0.023288526,0.008477237,0.7626788,0.0048114066,0.05983113,0.017519128,0.004867441,0.003999402,0.019762633,0.0015152735,0.7626788,0.0048114066,"TWOGAUSSIANS_WITH_ELLIPSOIDAL_ON_ECLIPSE2",9,27.724958,0.19853213,0.0036747535,0.08339725,0.019241003,0.056577682,0.008015477,0.7626788,0.0048114066,0.33505434,0.09810712,0.044391885,0.002631135
375316653866487564,4242153079595463424,0.5549233,2105.248013103256,4.032324606849584,1.6364693E-5,19.423504,0.012506964,0.22764301,0.005722563,0.056989685,0.0056427545,0.51072377,0.028854024,0.71222275,0.01918175,0.06545522,0.0174064,0.3396402,0.023609748,null,null,null,null,"TWOGAUSSIANS",8,1.9388582,0.22764301,0.005722563,0.31914222,0.031599425,0.51060766,0.028915992,0.71222275,0.01918175,0.36654922,0.09747584,0.33952403,0.023654528
375316653866487564,4242153186981955712,0.49348468,2118.3347853725863,3.587268326223668,1.4819013E-5,16.985958,0.015268074,0.23751336,0.026294827,0.06434141,0.0209295,0.3292773,0.05725064,0.7648211,0.006223646,0.07302075,0.007320997,0.42074642,0.029015623,null,null,null,null,"TWOGAUSSIANS",8,99.35016,0.7648211,0.006223646,0.4,0.013389355,0.42027405,0.028848102,0.23751336,0.026294827,0.36031193,0.09692977,0.32880494,0.057953045
375316653866487564,4242153835509458944,0.4661741,2109.7287802576006,3.0810092208908357,5.64521E-5,18.326202,0.00522552,0.25155213,0.0103266565,0.058647193,0.021779856,0.053634565,0.011952659,null,null,null,null,null,null,0.05107171,0.0072636427,0.25155213,0.0103266565,"ONEGAUSSIAN_WITH_ELLIPSOIDAL",6,7.1050296,0.25155213,0.0103266565,0.32842427,0.1219672,0.15577188,0.012894479,null,null,null,null,null,null
375316653866487564,4242154213469101824,0.4807911,2123.056614212337,3.7775069478625154,2.8314711E-5,19.535122,0.041923475,0.24371804,0.038036145,0.11342238,0.074318804,0.111968294,0.045901887,0.7472889,0.006761559,0.056250926,0.009582193,0.35808814,0.059279755,null,null,null,null,"TWOGAUSSIANS",8,2.8397472,0.7472889,0.006709652,0.31500518,0.05366028,0.35447127,0.05428099,0.24371804,0.038036145,0.4,0.0,0.10833783,0.03667812
375316653866487564,4242157825546565504,0.526928,2123.089797806859,1.3765575153660259,9.663919E-6,17.537285,0.004284506,0.41194212,0.0024332432,0.029459434,0.0037703814,0.43221205,0.03222199,null,null,null,null,null,null,null,null,null,null,"ONEGAUSSIAN",5,17.319117,0.41194212,0.0024332432,0.16497283,0.021114135,0.43221205,0.0,null,null,null,null,null,null
375316653866487564,4242158959417979648,0.6257837,2127.5363274451793,1.201533481506401,5.6628937E-6,16.76511,0.0052549364,0.29448667,8.7267096E-4,0.03678655,0.0014212658,0.56867075,0.01397779,0.79227287,0.017534912,0.03434415,0.0125045655,0.053532355,0.0360071,0.01442011,0.007460391,0.29448667,8.7267096E-4,"TWOGAUSSIANS_WITH_ELLIPSOIDAL_ON_ECLIPSE1",9,13.557472,0.29448667,8.7267096E-4,0.20600468,0.007959088,0.597511,0.013413605,0.7923829,0.01717907,0.19232725,0.07002556,0.08236726,0.03303898
375316653866487564,4242159058190155904,0.51713324,2168.932078599636,0.6356668997632682,4.2003667E-5,19.087679,0.011222903,0.14559054,0.004497962,0.020272117,0.007647653,0.5566989,0.08106999,0.81397367,0.0058183847,0.035204746,0.005011594,0.23795308,0.046281964,0.021591615,0.016879193,0.14559054,0.004497962,"TWOGAUSSIANS_WITH_ELLIPSOIDAL_ON_ECLIPSE1",9,6.7102027,0.14559054,0.004497962,0.113523856,0.042826857,0.59988207,0.10280204,0.81397367,0.0058183847,0.19714658,0.028064927,0.24834803,0.047967188
375316653866487564,4242160123342278272,0.56787246,2152.8777121178064,0.9381525842092886,1.0537704E-5,17.553703,0.0046678716,0.093832046,4.1252916E-4,0.016300835,3.718005E-4,0.7312045,0.012651896,0.59491175,0.0035215556,0.019580645,0.002975935,0.4144047,0.074161984,null,null,null,null,"TWOGAUSSIANS",8,20.182364,0.093832046,4.1252916E-4,0.09128467,0.0020820827,0.7312045,0.012651896,0.59491175,0.0035215556,0.10965162,0.016665235,0.4144047,0.074161984
375316653866487564,4242160436887260288,0.5507876,2148.16416204738,2.459054033366032,1.7635639E-5,17.151085,0.009243271,0.2869302,0.0039782682,0.09344824,0.009728278,0.11739871,0.009046225,0.7745591,0.0039658756,0.10292597,0.008156052,0.16713801,0.008982417,null,null,null,null,"TWOGAUSSIANS",8,3.881908,0.7745591,0.0039658756,0.4,0.0,0.15776867,0.006068762,0.28694022,0.0039810403,0.4,0.0,0.10803212,0.005242497
