Gaia/vari_eclipsing_binary/VariEclipsingBinary_207630-207656.csv
# %ECSV 1.0
# ---
# delimiter: ','
# meta: !!omap
# - RELEASE: Gaia DR3
# - TABLE: vari_eclipsing_binary
# - DESCRIPTION: >
#     This table describes the properties of the eclipsing binaries resulting from the variability analysis. 
# - CITATION: >
#     How to cite and acknowledge Gaia: 
#     https://gea.esac.esa.int/archive/documentation/credits.html 
# - KNOWN_ISSUES: >
#     Known issues: 
#     https://www.cosmos.esa.int/web/gaia-users/known-issues 
# - DOCUMENTATION: >
#     Tutorials and documentation: 
#     https://www.cosmos.esa.int/web/gaia-users/archive 
# datatype:
# - 
#   name: solution_id
#   datatype: int64
#   description: Solution Identifier
#   meta:
#     ucd: meta.version
# - 
#   name: source_id
#   datatype: int64
#   description: Unique source identifier
#   meta:
#     ucd: meta.id;meta.main
# - 
#   name: global_ranking
#   datatype: float32
#   description: Number between 0 (worst) and 1 (best)
#   meta:
#     ucd: stat.param
# - 
#   name: reference_time
#   datatype: float64
#   unit: d
#   description: Reference time used for the geometric model fit
#   meta:
#     ucd: time.epoch
# - 
#   name: frequency
#   datatype: float64
#   unit: d**-1
#   description: Frequency of geometric model of the eclipsing binary light curve
#   meta:
#     ucd: src.orbital
# - 
#   name: frequency_error
#   datatype: float32
#   unit: d**-1
#   description: "Uncertainty of \\texttt{frequency}"
#   meta:
#     ucd: stat.error
# - 
#   name: geom_model_reference_level
#   datatype: float32
#   unit: mag
#   description: Magnitude reference level of geometric model
#   meta:
#     ucd: phot.mag;em.opt
# - 
#   name: geom_model_reference_level_error
#   datatype: float32
#   unit: mag
#   description: "Uncertainty of \\texttt{geomModelReferenceLevel}"
#   meta:
#     ucd: stat.error;phot.mag;em.opt
# - 
#   name: geom_model_gaussian1_phase
#   datatype: float32
#   description: Phase of the Gaussian 1 component
#   meta:
#     ucd: time.phase
# - 
#   name: geom_model_gaussian1_phase_error
#   datatype: float32
#   description: "Uncertainty of \\texttt{geomModelGaussian1Phase}"
#   meta:
#     ucd: stat.error;time.phase
# - 
#   name: geom_model_gaussian1_sigma
#   datatype: float32
#   description: "Standard deviation [phase] of Gaussian 1 component"
#   meta:
#     ucd: stat.stdev
# - 
#   name: geom_model_gaussian1_sigma_error
#   datatype: float32
#   description: "Uncertainty of \\texttt{geomModelGaussian1Sigma}"
#   meta:
#     ucd: stat.error
# - 
#   name: geom_model_gaussian1_depth
#   datatype: float32
#   unit: mag
#   description: Magnitude depth of Gaussian 1 component
#   meta:
#     ucd: src.var.amplitude
# - 
#   name: geom_model_gaussian1_depth_error
#   datatype: float32
#   unit: mag
#   description: "Uncertainty of \\texttt{geomModelGaussian1Depth}"
#   meta:
#     ucd: stat.error;src.var.amplitude
# - 
#   name: geom_model_gaussian2_phase
#   datatype: float32
#   description: Phase of Gaussian 2 component
#   meta:
#     ucd: time.phase
# - 
#   name: geom_model_gaussian2_phase_error
#   datatype: float32
#   description: "Uncertainty of \\texttt{geomModelGaussian2Phase}"
#   meta:
#     ucd: stat.error;time.phase
# - 
#   name: geom_model_gaussian2_sigma
#   datatype: float32
[...]
#   datatype: float32
#   description: "Secondary eclipse: uncertainty of \\texttt{derivedSecondaryEclDuration}"
#   meta:
#     ucd: stat.error;time.duration
# - 
#   name: derived_secondary_ecl_depth
#   datatype: float32
#   unit: mag
#   description: "Secondary eclipse: depth"
#   meta:
#     ucd: src.var.amplitude
# - 
#   name: derived_secondary_ecl_depth_error
#   datatype: float32
#   unit: mag
#   description: "Secondary eclipse: uncertainty of \\texttt{derivedSecondaryEclDepth}"
#   meta:
#     ucd: stat.error;src.var.amplitude
solution_id,source_id,global_ranking,reference_time,frequency,frequency_error,geom_model_reference_level,geom_model_reference_level_error,geom_model_gaussian1_phase,geom_model_gaussian1_phase_error,geom_model_gaussian1_sigma,geom_model_gaussian1_sigma_error,geom_model_gaussian1_depth,geom_model_gaussian1_depth_error,geom_model_gaussian2_phase,geom_model_gaussian2_phase_error,geom_model_gaussian2_sigma,geom_model_gaussian2_sigma_error,geom_model_gaussian2_depth,geom_model_gaussian2_depth_error,geom_model_cosine_half_period_amplitude,geom_model_cosine_half_period_amplitude_error,geom_model_cosine_half_period_phase,geom_model_cosine_half_period_phase_error,model_type,num_model_parameters,reduced_chi2,derived_primary_ecl_phase,derived_primary_ecl_phase_error,derived_primary_ecl_duration,derived_primary_ecl_duration_error,derived_primary_ecl_depth,derived_primary_ecl_depth_error,derived_secondary_ecl_phase,derived_secondary_ecl_phase_error,derived_secondary_ecl_duration,derived_secondary_ecl_duration_error,derived_secondary_ecl_depth,derived_secondary_ecl_depth_error
[from data line 584]
375316653866487564,1826513599490401664,0.4817173,2169.059911283313,0.29129996662242985,2.6024916E-5,17.170906,0.0076989247,0.23442696,0.04380111,0.073028006,0.045696568,0.19269082,0.12642078,0.6953647,0.0027797187,0.054378968,0.0026202183,0.32548416,0.017924776,null,null,null,null,"TWOGAUSSIANS",8,45.938522,0.6953647,0.0027797187,0.30452222,0.014673223,0.32542264,0.01790582,0.23442696,0.04380111,0.4,0.23768114,0.1926293,0.12647732
375316653866487564,1826513839965332736,0.44976416,2170.7638860354614,2.931774982296215,2.1473115E-6,18.937935,0.0057877502,0.12702289,0.001797439,0.028936662,0.005028671,0.048790373,0.0054847156,0.6507018,6.6037486E-5,0.0072728177,2.919358E-4,0.8405611,0.080535084,null,null,null,null,"TWOGAUSSIANS",8,4.467917,0.6507018,6.6037486E-5,0.04072778,0.0016348406,0.8405611,0.080535084,0.12702289,0.001797439,0.16204531,0.028160557,0.048790373,0.0054847156
375316653866487564,1826513904412286080,0.56093925,2145.534639615181,2.3096648916284175,8.237078E-6,19.215942,0.009576005,0.19329405,0.0021694633,0.08604301,0.0043875603,0.3858448,0.014410535,0.6948941,0.0017574407,0.08805276,0.0034275372,0.33136216,0.01243039,null,null,null,null,"TWOGAUSSIANS",8,0.9619839,0.19329405,0.0021694633,0.4,0.0,0.37459397,0.01527177,0.6948941,0.0017574407,0.4,0.0,0.3201113,0.011570658
375316653866487564,1826514252325502464,0.6438723,2161.176337763111,3.1816449550206354,5.0597087E-6,18.119602,0.006647445,0.24642392,0.0010288839,0.045425765,0.0018265554,0.457184,0.019948866,0.7538868,0.009743135,0.039708354,0.008190649,0.34829554,0.029228719,0.120973535,0.0106089385,0.24642392,0.0010288839,"TWOGAUSSIANS_WITH_ELLIPSOIDAL_ON_ECLIPSE1",9,3.9105065,0.24642392,0.0010288839,0.25438428,0.010228709,0.6991309,0.01483331,0.7538868,0.009560341,0.22236678,0.045867633,0.58971083,0.022688676
375316653866487564,1826514424080588416,0.49895266,2134.589565330912,0.25258791321922514,4.4758304E-5,19.273087,0.02055418,0.18723519,0.026777202,0.018728586,0.11995266,0.54406995,0.5016966,0.71531314,0.008811914,0.06541223,0.024333598,0.13400431,0.23612918,null,null,null,null,"TWOGAUSSIANS",8,2.0513551,0.18723519,0.026777202,0.10488008,0.29074714,0.54406995,0.50855935,0.71531314,0.008760041,0.3663085,0.10447815,0.13400431,0.23647128
375316653866487564,1826516073391704320,0.53267425,2152.665028045333,0.8955649391410574,1.8494233E-5,15.88958,0.0039406754,0.24032065,0.01432621,0.012700287,0.012610279,0.06137287,35.9067,0.73515046,0.0033569136,0.042706527,0.0051453845,0.1374598,0.011443533,0.019012762,0.0049003195,0.24032065,0.01432621,"TWOGAUSSIANS_WITH_ELLIPSOIDAL_ON_ECLIPSE1",9,23.739784,0.73535043,0.0031021407,0.23915654,0.028814154,0.17544669,0.0118224835,0.24032065,0.01432621,0.0711216,0.07061756,0.09939834,35.906788
375316653866487564,1826516210830444800,0.46492738,2162.858178036032,0.2557615541554941,4.6716064E-5,15.908043,0.007796353,0.34679168,0.0051431134,0.0147206485,0.039560486,0.19083732,0.16243444,0.9350529,0.0012138326,0.0068353075,0.0050166477,0.013330727,0.013445486,0.018292049,0.01492021,0.34679168,0.0051431134,"TWOGAUSSIANS_WITH_ELLIPSOIDAL_ON_ECLIPSE1",9,25.370228,0.34679168,0.0051431134,0.08243563,0.22153872,0.22742137,0.18904094,0.9350529,0.0012138326,0.038277723,0.028093228,0.03977086,0.008984444
375316653866487564,1826516343954124032,0.54318106,2171.30706559946,2.020508293561713,1.1601469E-5,19.632538,0.007947121,0.31997535,0.0013441447,0.03787859,0.001536006,0.6988636,0.014858846,0.8172228,0.0037354284,0.039732046,0.0036490506,0.31080505,0.013688161,null,null,null,null,"TWOGAUSSIANS",8,2.9011567,0.31997535,0.0013441447,0.2121201,0.008601633,0.6988636,0.014858846,0.8172228,0.0037354284,0.22249946,0.020434683,0.31080505,0.01368816
375316653866487564,1826516623147404160,0.4628525,2145.3965418400003,1.2437312265384968,6.265235E-5,17.968842,0.0042726067,0.21967658,0.010326419,0.066713855,0.013051575,0.08659902,0.017471684,0.73391104,0.011343243,0.078282416,0.013969489,0.056747533,0.010687266,null,null,null,null,"TWOGAUSSIANS",8,3.7955034,0.21967658,0.010326419,0.3735976,0.06418089,0.086344786,0.017681,0.73391104,0.011343243,0.4,0.009031321,0.056493293,0.010760373
375316653866487564,1826517172903157888,0.52169555,2165.56299400627,2.743615810396286,3.1790692E-5,17.378769,0.018765002,0.21526863,0.007390757,0.10381298,0.013221502,0.24114454,0.022183685,0.72060543,0.0044820174,0.09508765,0.009853156,0.25568134,0.016524151,null,null,null,null,"TWOGAUSSIANS",8,21.055578,0.72060543,0.0044820174,0.4,0.0,0.2360446,0.0065749707,0.21526863,0.007390757,0.4,0.0,0.22150378,0.022741951
375316653866487564,1826517271638591360,0.46523297,2182.960721723698,0.08771999217338369,9.157878E-6,18.119917,0.012018616,0.14466856,3.678363E-4,0.00266232,1.3115372E-4,1.0438012,0.111150526,0.5789235,0.022955215,0.117842495,0.02061986,0.07792529,0.01674775,null,null,null,null,"TWOGAUSSIANS",8,19.107359,0.14466856,3.678363E-4,0.014908991,7.3446083E-4,1.0438704,0.11114372,0.5789235,0.022955215,0.4,0.0,0.07790607,0.01673449
375316653866487564,1826517649624626432,0.41991314,2142.160381938079,0.9320722045450562,6.288594E-5,18.89578,0.008644337,0.3484531,9.546936E-4,0.01732791,0.0013254097,0.4833429,0.10713113,0.833053,0.016718943,0.035428002,0.022630012,0.11053589,0.119652614,null,null,null,null,"TWOGAUSSIANS",8,9.113588,0.3484531,9.546936E-4,0.097036295,0.007422295,0.4833429,0.10713113,0.833053,0.016718943,0.1983968,0.12672807,0.11053589,0.119652614
375316653866487564,1826517821394066944,0.56796837,2147.588570042911,0.307227116997441,3.9916096E-5,16.980825,0.0010954074,0.09892023,0.001837643,0.02056563,0.0011741242,0.16792431,0.010258952,0.58409697,0.026855402,0.008261922,0.0064589498,0.33668315,8.047542,null,null,null,null,"TWOGAUSSIANS",8,2.530908,0.58409697,0.026855402,0.046266764,0.036170118,0.33668315,8.047542,0.09892023,0.001837643,0.115167536,0.0065750955,0.16792431,0.010258952
375316653866487564,1826518474252500480,0.4554314,2154.7083393879134,0.44000878979885394,4.7482274E-5,18.927574,0.0075156093,0.24205625,0.02001976,0.024164163,0.013244096,0.25274038,0.08598407,0.72269803,0.012307395,0.037290126,0.009578954,0.3443156,0.11497361,null,null,null,null,"TWOGAUSSIANS",8,5.937832,0.72269803,0.012307395,0.20882471,0.053642146,0.3443156,0.11497361,0.24205625,0.02001976,0.1353193,0.07416694,0.25274038,0.08598407
375316653866487564,1826518753451794560,0.65367746,2172.237920999667,2.120688072894173,2.6957698E-6,17.27549,0.007759708,0.23824935,8.627802E-4,0.06868561,0.0021145893,0.29057547,0.017997278,0.761391,0.0029188292,0.0453698,0.0039581317,0.15119074,0.016965965,0.084836975,0.009349156,0.23824935,8.627802E-4,"TWOGAUSSIANS_WITH_ELLIPSOIDAL_ON_ECLIPSE1",9,3.3343458,0.23824935,8.627802E-4,0.38463944,0.0118416995,0.45987782,0.0063000615,0.761391,0.0029188292,0.25407088,0.022165537,0.31693104,0.0070416294
375316653866487564,1826519127064412416,0.48310038,2170.4435602622175,0.22383210542522783,4.9323076E-5,18.12719,0.002612535,0.5283478,0.019140942,0.028604845,0.019399272,0.05979609,88.82629,0.865181,0.007253558,0.026513865,0.0049418984,0.22394197,0.019726135,null,null,null,null,"TWOGAUSSIANS",8,2.7915463,0.865181,0.007253558,0.14847764,0.02767463,0.22394197,0.019726135,0.5283478,0.019140942,0.16018713,0.108635925,0.05979609,88.82629
375316653866487564,1826519509324057600,0.48483315,2183.082686938407,0.44600729665674244,4.1504125E-5,15.769632,0.0015583786,0.29722953,0.017474866,0.050725855,0.019037127,0.08072594,0.015142793,0.8065385,0.005003692,0.04468618,0.0066832346,0.041786734,0.0033576249,null,null,null,null,"TWOGAUSSIANS",8,12.116841,0.29722953,0.017474866,0.28406477,0.106607914,0.08072586,0.015142528,0.8065385,0.005003692,0.2502426,0.037426114,0.04178666,0.0033565455
375316653866487564,1826519509324088704,0.57198596,2161.8361974026393,2.6397041227585523,1.283576E-5,19.519436,0.017610315,0.17546758,0.004018403,0.07940645,0.0057267076,0.47726315,0.023156984,0.6749014,0.009380412,0.078323275,0.009471886,0.5685925,0.028666573,null,null,null,null,"TWOGAUSSIANS",8,1.6690226,0.6749014,0.009380412,0.4,0.0107677225,0.5618266,0.029760905,0.17546758,0.004018403,0.4,0.0,0.47049728,0.021430982
375316653866487564,1826519612403111680,0.47977594,2153.307008180563,2.586089633546306,2.4761108E-5,18.996462,0.014270533,0.23528184,0.008980097,0.08297695,0.013332854,0.18687552,0.012737078,0.7219222,0.010698369,0.0794075,0.01114799,0.17956647,0.020715294,null,null,null,null,"TWOGAUSSIANS",8,4.7067795,0.23528184,0.008980097,0.4,0.0,0.18439949,0.011125907,0.7219222,0.010698369,0.4,0.0,0.17709042,0.019346263
375316653866487564,1826519711209356544,0.47733286,2143.830137425317,2.5554285978710314,1.9619552E-5,19.561764,0.032579128,0.11986042,0.016706247,0.08687071,0.035127845,0.24642316,0.040902454,0.6204147,0.0066566044,0.07125057,0.010302864,0.34521425,0.04044694,null,null,null,null,"TWOGAUSSIANS",8,2.2919805,0.6204147,0.0066566044,0.3990032,0.024871754,0.341423,0.034233257,0.11986042,0.016706247,0.4,0.0,0.24263188,0.044979602
375316653866487564,1826519951702502400,0.57190716,2183.5592251767166,0.32954750779057357,6.9196394E-6,17.716166,0.006043763,0.21480185,0.004861304,0.032957323,0.0040581836,0.1547644,0.0150534725,0.72830254,0.0075289668,0.040531762,0.0514305,1.2244833,1.1619278,0.030087965,0.006868743,0.72830254,0.0075289668,"TWOGAUSSIANS_WITH_ELLIPSOIDAL_ON_ECLIPSE2",9,2.4448805,0.72830254,0.0075289668,0.22697787,0.16975653,1.2846591,1.1662183,0.21523185,0.0047605154,0.184561,0.022725828,0.21452214,0.011713084
375316653866487564,1826519986062170240,0.58748823,2156.831723782989,1.4844005947512608,5.060357E-6,17.675928,0.012766476,0.35242456,0.003665853,0.10535201,0.006629219,0.27633768,0.011966933,0.8460307,0.001187264,0.08741264,0.0044002365,0.36101148,0.015828934,null,null,null,null,"TWOGAUSSIANS",8,3.660614,0.8460307,0.001187264,0.4,0.0,0.34139436,0.016307134,0.35242456,0.003665853,0.4,0.0,0.25671324,0.0074064396
375316653866487564,1826520054806729856,0.50596035,2160.2667925352316,1.5222591583074252,5.3777596E-5,18.85584,0.02629066,0.22717842,0.01279167,0.11534822,0.0411389,0.09447982,0.025088998,0.7243034,0.006553768,0.091791,0.01424367,0.18132849,0.024616947,null,null,null,null,"TWOGAUSSIANS",8,1.8171177,0.7243034,0.0065529565,0.4,0.0,0.16843498,0.009617069,0.22717842,0.01279167,0.4,0.0,0.08157065,0.023020284
375316653866487564,1826520059079228928,0.55784756,2152.950706910273,2.4695255856123888,7.193746E-6,18.993015,0.010207603,0.3011423,0.0026536793,0.07061273,0.006225044,0.24807155,0.011220558,0.8085964,0.0034024685,0.07703539,0.0048822244,0.35941887,0.01496298,null,null,null,null,"TWOGAUSSIANS",8,1.901365,0.8085964,0.0034024685,0.4,0.0,0.35778287,0.015061266,0.3011423,0.0026536793,0.39543128,0.025159212,0.24643557,0.011228209
375316653866487564,1826520157860968192,0.45411375,2182.206720334292,1.1562701713127133,6.2696585E-5,17.96828,0.08038363,0.22598597,0.018385464,0.070835896,0.041172456,0.022859521,0.1669279,0.77549595,0.030477209,0.05783013,0.024244303,0.18151882,0.18321322,0.05595961,0.07919824,0.22598597,0.018385464,"TWOGAUSSIANS_WITH_ELLIPSOIDAL_ON_ECLIPSE1",9,36.287155,0.77549595,0.030477209,0.32384872,0.09953366,0.28290704,0.046576347,0.22598597,0.018385464,0.396681,0.13392131,0.13473336,0.019856973
375316653866487564,1826521192993248896,0.6514092,2155.5631539155033,1.8218520272835301,4.284409E-6,16.661793,0.0067106793,0.26584595,0.0016261367,0.046078652,0.0028064759,0.40503526,0.015797615,0.7633833,0.0012160975,0.043617498,0.00231338,0.43610147,0.016367504,0.13486663,0.009060446,0.26584595,0.0016261367,"TWOGAUSSIANS_WITH_ELLIPSOIDAL_ON_ECLIPSE1",9,12.815579,0.7635934,0.001084626,0.244258,0.012954927,0.70577514,0.01449604,0.26584595,0.0016261367,0.25804046,0.015716266,0.67476803,0.009471496
375316653866487564,1826521394811717120,0.5051226,2180.5730057067876,2.886286134426417,1.5057537E-5,18.214727,0.008106193,0.31697783,0.0046267253,0.07427138,0.007004409,0.17795908,0.0180861,0.81494117,0.0020540492,0.07698738,0.0045133918,0.19408192,0.009085209,null,null,null,null,"TWOGAUSSIANS",8,3.7178242,0.81494117,0.0020540492,0.4,0.0,0.19257423,0.008711413,0.31697783,0.0046267253,0.4,0.002692357,0.1764514,0.018260062
375316653866487564,1826521570907696384,0.44657665,2183.0872416048537,2.667052140007155,2.9464893E-5,19.054363,0.110013425,0.24490994,0.005709318,0.10588882,0.029642144,0.30527708,0.100061946,0.75372946,0.010616803,0.11362469,0.047619022,0.28581893,0.08580195,null,null,null,null,"TWOGAUSSIANS",8,8.83628,0.24488994,0.005668389,0.4,0.0,0.26516145,0.027274441,0.7537395,0.010638378,0.4,0.0,0.2456751,0.040089644
375316653866487564,1826521738427711488,0.50739086,2155.1496391140918,3.05990709679011,1.7439203E-5,19.54082,0.02236095,0.27828494,0.007457862,0.07360193,0.008206286,0.42731655,0.03725899,0.7740136,0.005928581,0.08845759,0.0134008555,0.4041322,0.024124872,null,null,null,null,"TWOGAUSSIANS",8,3.2979093,0.27828494,0.007457862,0.4,0.016194934,0.42080188,0.03359331,0.7740136,0.005928581,0.4,0.0,0.3976174,0.02852821
375316653866487564,1826521880145681664,0.42108893,2143.619146907357,2.0663274902238107,3.8731807E-5,19.648684,0.013309035,0.2820237,0.025952313,0.030031068,0.034624144,0.17509837,0.068568416,0.5767009,0.010473465,0.08075764,0.020036213,0.3906068,0.23015235,null,null,null,null,"TWOGAUSSIANS",8,3.8466396,0.5767009,0.010473465,0.4,0.0,0.3906068,0.2301536,0.28214368,0.026321795,0.16817398,0.1938952,0.17560148,0.068918996
375316653866487564,1826522464303632896,0.62843513,2164.6985231699146,0.71687915498649,2.3807008E-5,14.928907,0.0011730453,0.20657113,0.0060589174,0.023949856,0.004282537,0.096529655,0.020150268,0.709917,0.0026065393,0.02923282,0.0024795395,0.19723283,0.012180734,0.0028166098,0.0015543308,0.20657113,0.0060589174,"TWOGAUSSIANS_WITH_ELLIPSOIDAL_ON_ECLIPSE1",9,5.9623623,0.709917,0.0026065393,0.1637038,0.013885422,0.20286354,0.012011742,0.20657113,0.0060589174,0.1341192,0.023982206,0.10216287,0.020309098
375316653866487564,1826522498621480832,0.46227682,2147.7973811351544,3.1213183783582306,3.900271E-5,19.667992,0.03877863,0.17732605,0.0156651,0.06396034,0.023881093,0.4213804,0.07419312,0.69380754,0.007822393,0.06961171,0.012629688,0.27150357,0.044027742,null,null,null,null,"TWOGAUSSIANS",8,5.220355,0.17732605,0.0156651,0.35817793,0.08447383,0.42100185,0.07566447,0.69380754,0.007822393,0.38982558,0.06408493,0.271125,0.043166734
375316653866487564,1826522528681657856,0.5378861,2163.04801957975,3.0780285015763837,1.698183E-5,19.602339,0.029277593,0.2512122,0.008052437,0.092895456,0.014875941,0.3168535,0.024614397,0.7759519,0.00456346,0.08676344,0.011325958,0.27774733,0.025627125,null,null,null,null,"TWOGAUSSIANS",8,1.0750388,0.2512122,0.008052437,0.4,0.0,0.30850643,0.017066712,0.7759519,0.004559342,0.4,0.0,0.26940084,0.016238691
375316653866487564,1826522773541356032,0.47649506,2133.8285814508727,3.4107126941946393,7.7025616E-5,19.719845,0.022602202,0.18826972,0.006504653,0.077403836,0.010683646,0.3411534,0.037361037,0.6783987,0.016841816,0.042746563,0.042241927,0.8494883,0.5914615,null,null,null,null,"TWOGAUSSIANS",8,4.739727,0.6783987,0.016841816,0.23938076,0.16041021,0.84937876,0.5969837,0.18826972,0.006504653,0.4,0.0,0.34104383,0.036726866
375316653866487564,1826522979658079744,0.5775897,2172.6603274413415,2.4125998761080534,1.3551186E-5,17.933266,0.015353222,0.25647914,0.004237927,0.08478106,0.005276028,0.39571685,0.018021762,0.76088184,0.0046567973,0.084833644,0.0074501513,0.4015353,0.019917391,null,null,null,null,"TWOGAUSSIANS",8,8.323466,0.76088184,0.0046567973,0.4,0.0,0.39195833,0.018794378,0.25647914,0.004237927,0.4,0.0,0.38613984,0.015038345
