Gaia/vari_eclipsing_binary/VariEclipsingBinary_482294-482495.csv
# %ECSV 1.0
# ---
# delimiter: ','
# meta: !!omap
# - RELEASE: Gaia DR3
# - TABLE: vari_eclipsing_binary
# - DESCRIPTION: >
#     This table describes the properties of the eclipsing binaries resulting from the variability analysis. 
# - CITATION: >
#     How to cite and acknowledge Gaia: 
#     https://gea.esac.esa.int/archive/documentation/credits.html 
# - KNOWN_ISSUES: >
#     Known issues: 
#     https://www.cosmos.esa.int/web/gaia-users/known-issues 
# - DOCUMENTATION: >
#     Tutorials and documentation: 
#     https://www.cosmos.esa.int/web/gaia-users/archive 
# datatype:
# - 
#   name: solution_id
#   datatype: int64
#   description: Solution Identifier
#   meta:
#     ucd: meta.version
# - 
#   name: source_id
#   datatype: int64
#   description: Unique source identifier
#   meta:
#     ucd: meta.id;meta.main
# - 
#   name: global_ranking
#   datatype: float32
#   description: Number between 0 (worst) and 1 (best)
#   meta:
#     ucd: stat.param
# - 
#   name: reference_time
#   datatype: float64
#   unit: d
#   description: Reference time used for the geometric model fit
#   meta:
#     ucd: time.epoch
# - 
#   name: frequency
#   datatype: float64
#   unit: d**-1
#   description: Frequency of geometric model of the eclipsing binary light curve
#   meta:
#     ucd: src.orbital
# - 
#   name: frequency_error
#   datatype: float32
#   unit: d**-1
#   description: "Uncertainty of \\texttt{frequency}"
#   meta:
#     ucd: stat.error
# - 
#   name: geom_model_reference_level
#   datatype: float32
#   unit: mag
#   description: Magnitude reference level of geometric model
#   meta:
#     ucd: phot.mag;em.opt
# - 
#   name: geom_model_reference_level_error
#   datatype: float32
#   unit: mag
#   description: "Uncertainty of \\texttt{geomModelReferenceLevel}"
#   meta:
#     ucd: stat.error;phot.mag;em.opt
# - 
#   name: geom_model_gaussian1_phase
#   datatype: float32
#   description: Phase of the Gaussian 1 component
#   meta:
#     ucd: time.phase
# - 
#   name: geom_model_gaussian1_phase_error
#   datatype: float32
#   description: "Uncertainty of \\texttt{geomModelGaussian1Phase}"
#   meta:
#     ucd: stat.error;time.phase
# - 
#   name: geom_model_gaussian1_sigma
#   datatype: float32
#   description: "Standard deviation [phase] of Gaussian 1 component"
#   meta:
#     ucd: stat.stdev
# - 
#   name: geom_model_gaussian1_sigma_error
#   datatype: float32
#   description: "Uncertainty of \\texttt{geomModelGaussian1Sigma}"
#   meta:
#     ucd: stat.error
# - 
#   name: geom_model_gaussian1_depth
#   datatype: float32
#   unit: mag
#   description: Magnitude depth of Gaussian 1 component
#   meta:
#     ucd: src.var.amplitude
# - 
#   name: geom_model_gaussian1_depth_error
#   datatype: float32
#   unit: mag
#   description: "Uncertainty of \\texttt{geomModelGaussian1Depth}"
#   meta:
#     ucd: stat.error;src.var.amplitude
# - 
#   name: geom_model_gaussian2_phase
#   datatype: float32
#   description: Phase of Gaussian 2 component
#   meta:
#     ucd: time.phase
# - 
#   name: geom_model_gaussian2_phase_error
#   datatype: float32
#   description: "Uncertainty of \\texttt{geomModelGaussian2Phase}"
#   meta:
#     ucd: stat.error;time.phase
# - 
#   name: geom_model_gaussian2_sigma
#   datatype: float32
[...]
#   datatype: float32
#   description: "Secondary eclipse: uncertainty of \\texttt{derivedSecondaryEclDuration}"
#   meta:
#     ucd: stat.error;time.duration
# - 
#   name: derived_secondary_ecl_depth
#   datatype: float32
#   unit: mag
#   description: "Secondary eclipse: depth"
#   meta:
#     ucd: src.var.amplitude
# - 
#   name: derived_secondary_ecl_depth_error
#   datatype: float32
#   unit: mag
#   description: "Secondary eclipse: uncertainty of \\texttt{derivedSecondaryEclDepth}"
#   meta:
#     ucd: stat.error;src.var.amplitude
solution_id,source_id,global_ranking,reference_time,frequency,frequency_error,geom_model_reference_level,geom_model_reference_level_error,geom_model_gaussian1_phase,geom_model_gaussian1_phase_error,geom_model_gaussian1_sigma,geom_model_gaussian1_sigma_error,geom_model_gaussian1_depth,geom_model_gaussian1_depth_error,geom_model_gaussian2_phase,geom_model_gaussian2_phase_error,geom_model_gaussian2_sigma,geom_model_gaussian2_sigma_error,geom_model_gaussian2_depth,geom_model_gaussian2_depth_error,geom_model_cosine_half_period_amplitude,geom_model_cosine_half_period_amplitude_error,geom_model_cosine_half_period_phase,geom_model_cosine_half_period_phase_error,model_type,num_model_parameters,reduced_chi2,derived_primary_ecl_phase,derived_primary_ecl_phase_error,derived_primary_ecl_duration,derived_primary_ecl_duration_error,derived_primary_ecl_depth,derived_primary_ecl_depth_error,derived_secondary_ecl_phase,derived_secondary_ecl_phase_error,derived_secondary_ecl_duration,derived_secondary_ecl_duration_error,derived_secondary_ecl_depth,derived_secondary_ecl_depth_error
[from data line 36]
375316653866487564,4242353023222464768,0.46925834,2086.554522980659,0.8249841721999389,2.9790279E-5,13.9568205,0.010174676,0.26029047,0.02946593,0.060628984,0.041739214,0.057844453,0.021355087,0.7811205,0.017819416,0.079852276,0.0763707,0.031167362,0.053117428,null,null,null,null,"TWOGAUSSIANS",8,34.32588,0.26029047,0.02946593,0.3395223,0.12739494,0.05776154,0.023504686,0.7811205,0.017819416,0.4,0.26029462,0.031084448,0.053568274
375316653866487564,4242353607338089472,0.56463206,2076.6837655205436,2.911648771714403,8.126576E-6,17.374184,0.011311894,0.23680808,0.004889627,0.05096551,0.011095181,0.13556655,0.03222195,0.72402203,0.0020820822,0.06140637,0.009931459,0.09583602,0.032604847,0.14829776,0.0208694,0.72402203,0.0020820822,"TWOGAUSSIANS_WITH_ELLIPSOIDAL_ON_ECLIPSE2",9,16.801313,0.23284808,0.0034572857,0.28540686,0.062133014,0.4308178,0.026920373,0.72402203,0.0020820822,0.34387568,0.05561617,0.3924071,0.012695231
375316653866487564,4242355394044447744,0.4329513,2067.576413307167,3.038029114769507,5.172402E-5,15.881686,0.060293954,0.30243114,0.015384127,0.107799746,0.06728192,0.081636116,0.048434667,0.820448,0.029297851,0.11019896,0.05376129,0.06493417,0.060030516,null,null,null,null,"TWOGAUSSIANS",8,59.650085,0.30241114,0.015193925,0.4,0.0,0.073016375,0.016073449,0.82046795,0.029096603,0.4,0.0,0.056313347,0.017401645
375316653866487564,4242356253038507648,0.52056915,2093.0974127346285,1.5339859811548617,1.4000995E-5,18.33438,0.006117336,0.097432084,0.030291177,0.040034454,0.037186347,0.07181928,0.012539656,0.6211749,0.0018371328,0.048057694,0.0026374764,0.22953862,0.009755283,null,null,null,null,"TWOGAUSSIANS",8,1.3282621,0.6211749,0.0018371328,0.26912308,0.014769867,0.22953862,0.009754428,0.097432084,0.030291177,0.22419295,0.20824355,0.071819276,0.012541572
375316653866487564,4242357730507360256,0.48869056,2122.544352128707,3.751014940844676,3.3347584E-5,18.837463,0.14826584,0.3163289,0.0068118004,0.12083103,0.0523569,0.2324991,0.13242488,0.8151856,0.0053693033,0.11223859,0.0423628,0.20713046,0.13672134,null,null,null,null,"TWOGAUSSIANS",8,2.1401803,0.3163289,0.006833556,0.4,0.0,0.18896541,0.02085902,0.8151856,0.0053687957,0.4,0.0,0.16366547,0.01331104
375316653866487564,4242359104896871040,0.5525402,2118.9441540687185,2.98036561717398,6.8851837E-6,17.973305,0.007599047,0.18448755,0.002689794,0.07435415,0.0048920023,0.34059,0.021744698,0.6791419,0.0018224309,0.06492254,0.0023646955,0.64020306,0.022757102,null,null,null,null,"TWOGAUSSIANS",8,5.609685,0.6791419,0.0018224309,0.36356625,0.013242295,0.6389478,0.022866573,0.18448755,0.002689794,0.4,0.0,0.33933473,0.022087121
375316653866487564,4242361200841059328,0.5205723,2089.8751404004156,2.4358033557471694,1.5961961E-5,15.002377,0.00353573,0.3085239,0.00436179,0.044192977,0.013520778,0.039507087,0.020774292,0.81463456,0.0016563911,0.007658801,0.00408973,0.10796305,7.002381,0.07685473,0.005690031,0.3085239,0.00436179,"TWOGAUSSIANS_WITH_ELLIPSOIDAL_ON_ECLIPSE1",9,100.16852,0.81463456,0.0016563911,0.042889286,0.022902487,0.26144603,7.003163,0.3085239,0.00436179,0.24748068,0.07571636,0.19321653,0.02151631
375316653866487564,4242362472151325696,0.48728704,2110.67459250196,1.8756062971078984,1.9860056E-5,19.07781,0.008256319,0.24386635,0.008063915,0.061562974,0.009599224,0.22106507,0.01910228,0.7343767,0.015736535,0.05318854,0.013484008,0.12529467,0.03111155,null,null,null,null,"TWOGAUSSIANS",8,2.4112036,0.24386635,0.008063915,0.34475267,0.053755652,0.22104733,0.019104328,0.7343767,0.015736535,0.29785582,0.07551044,0.12527692,0.031127607
375316653866487564,4242364636807784576,0.58547854,2080.443533658147,3.5946747383275115,6.3240996E-6,16.581083,0.0067864214,0.25464076,0.0035053475,0.08603337,0.005376138,0.28200242,0.009554948,0.76813114,0.0029268842,0.087528534,0.0041698082,0.3575028,0.012015886,null,null,null,null,"TWOGAUSSIANS",8,15.3834915,0.76813114,0.0029268842,0.4,0.0,0.3495192,0.012315289,0.25464076,0.0035053475,0.4,0.0,0.27401888,0.009435035
375316653866487564,4242364842973175680,0.6002288,2108.540089284741,1.7696739396929513,1.105939E-5,16.852707,0.0069591333,0.38917053,0.0016377484,0.052673202,0.0014618844,0.6415105,0.010943222,0.6554025,0.03324086,0.023458317,0.020965757,0.046452403,0.024640247,null,null,null,null,"TWOGAUSSIANS",8,39.159576,0.38917053,0.0016377484,0.29496995,0.008186553,0.6415105,0.010943222,0.6554025,0.03324086,0.13136657,0.11740824,0.046454225,0.024638047
375316653866487564,4242367553080904192,0.65544426,2123.3152426507377,0.8178098317833323,6.6455764E-6,13.150941,0.0017982612,0.2324542,0.0022309583,0.02369287,0.0017437798,0.2114796,0.025203029,0.72934145,0.006138568,0.021880006,0.0033775538,0.6486023,0.11399553,0.0050023263,0.003329615,0.2324542,0.0022309583,"TWOGAUSSIANS_WITH_ELLIPSOIDAL_ON_ECLIPSE1",9,82.304146,0.72934145,0.0061291903,0.12252803,0.018914301,0.65860313,0.11435455,0.2324542,0.0022309583,0.13268007,0.009765167,0.22148426,0.025134059
375316653866487564,4242369167992415872,0.5229367,2128.888473878811,1.4674243064431565,1.4460019E-6,19.278032,0.009378399,0.14744863,4.0765834E-5,0.02045932,3.7510376E-4,0.45992392,0.008494344,0.65197384,0.003048705,0.02996841,0.0036799258,0.53406423,0.024874622,null,null,null,null,"TWOGAUSSIANS",8,5.1465564,0.65197384,0.003048705,0.16782309,0.020607585,0.53406423,0.024874622,0.14744863,4.0765834E-5,0.11457219,0.002100581,0.45992392,0.008494344
375316653866487564,4242370100006780800,0.46766263,2130.426863343223,1.3983451767633768,8.745771E-6,19.356998,0.010856876,0.21658781,0.00629438,0.034984615,0.00551202,0.29501492,0.05934338,0.7091476,0.0012033087,0.027170427,0.001885953,0.39041084,0.026198996,null,null,null,null,"TWOGAUSSIANS",8,7.2746325,0.7091476,0.0012033087,0.15215439,0.010561337,0.39041084,0.026198996,0.21658781,0.00629438,0.19591384,0.030867314,0.29501492,0.05934338
375316653866487564,4242370512331662208,0.49915093,2099.0720415045553,1.3359655246443622,2.9802486E-5,13.719879,0.0060512475,0.40509292,0.026308743,0.021342097,0.020023165,1.019556,86.35808,0.9126825,0.0013562356,0.018975692,8.627147E-4,0.71742237,0.0690525,null,null,null,null,"TWOGAUSSIANS",8,251.9879,0.40509292,0.026308743,0.11951575,0.112129726,1.019556,86.35808,0.9126825,0.0013562356,0.106263876,0.0048312023,0.71742237,0.0690525
375316653866487564,4242371336957315456,0.5424086,2116.891143107784,1.721431460500878,1.2648754E-5,18.08715,0.0047980463,0.63823545,0.0015249281,0.034385912,0.0020917996,0.48082605,0.03482304,null,null,null,null,null,null,null,null,null,null,"ONEGAUSSIAN",5,8.899405,0.63823545,0.0015249281,0.1925611,0.0117140785,0.48082605,0.0,null,null,null,null,null,null
375316653866487564,4242371611842406272,0.6350272,2109.207086878945,2.5562407902716293,5.028711E-6,16.889126,0.016088169,0.2694206,0.0014644157,0.05808194,0.0047448296,0.41354543,0.032310735,0.7687063,0.0022106096,0.05022748,0.004320112,0.4284787,0.034566853,0.09886435,0.020267518,0.2694206,0.0014644157,"TWOGAUSSIANS_WITH_ELLIPSOIDAL_ON_ECLIPSE1",9,10.936336,0.76876634,0.0020238338,0.2812739,0.024192626,0.62616277,0.018112468,0.2694206,0.0014644157,0.32525885,0.026571045,0.6112332,0.015576255
375316653866487564,4242371921074373504,0.446386,2104.7435767498496,0.14585129235954214,3.554985E-5,19.885683,0.047159128,0.22229345,0.008758949,0.06740448,0.017160239,0.3144448,0.168574,0.7154942,0.010804139,0.12038929,0.032844786,0.26956704,0.0430753,null,null,null,null,"TWOGAUSSIANS",8,2.0023184,0.22230345,0.008763637,0.3774651,0.096097335,0.30033523,0.17318077,0.7154942,0.010804139,0.4,0.0,0.25535807,0.027960032
375316653866487564,4242372981924536576,0.53259873,2099.081071296504,0.45203747371560443,5.0290328E-5,18.104074,0.0033309506,0.3909057,5.128928E-4,0.017323114,6.9778867E-4,0.27745098,0.0061011887,0.80324286,0.027286578,0.02858287,0.008540925,0.39398766,0.2151682,null,null,null,null,"TWOGAUSSIANS",8,4.193488,0.80324286,0.027286578,0.16006407,0.047829177,0.39398766,0.2151682,0.3909057,5.128928E-4,0.097009435,0.0039076167,0.27745098,0.0061011887
375316653866487564,4242374218873768576,0.4621156,2072.0633501674624,2.076737740067488,4.412615E-5,19.130701,0.015735995,0.106398106,0.024680689,0.038855053,0.027090313,0.2408808,0.026569076,0.56637454,0.030822668,0.05836468,0.019661725,0.03197023,0.021630792,null,null,null,null,"TWOGAUSSIANS",8,3.2141213,0.106398106,0.024680689,0.2175883,0.15170574,0.24088077,0.026575828,0.56637454,0.030822668,0.3268422,0.110105656,0.0319702,0.02161214
375316653866487564,4242374223182057600,0.6504986,2040.6389528678865,1.852112573399943,6.85881E-6,15.715586,0.008389535,0.2489698,0.0011199282,0.070041545,0.0033573655,0.23362118,0.01602249,0.75587445,0.0056528696,0.059831012,0.010534954,0.1284834,0.023219505,0.054273,0.008486051,0.2489698,0.0011199282,"TWOGAUSSIANS_WITH_ELLIPSOIDAL_ON_ECLIPSE1",9,7.126942,0.2489698,0.0011199282,0.39223266,0.015772145,0.3417731,0.0045669996,0.75587445,0.0056528696,0.33505368,0.058995746,0.23643115,0.029138632
375316653866487564,4242374390672301696,0.4694202,2068.968612492882,0.6652222625563362,1.2708371E-5,19.063368,0.012514664,0.21452032,0.014980844,0.04193829,0.021135196,0.10497593,0.060193732,0.47302526,6.5515965E-4,0.025238832,9.11005E-4,0.6681606,0.025206111,0.053999353,0.013088389,0.21452032,0.014980844,"TWOGAUSSIANS_WITH_ELLIPSOIDAL_ON_ECLIPSE1",9,9.968679,0.47309524,5.812504E-4,0.14133747,0.005101628,0.6684704,0.02539678,0.21452032,0.014980844,0.23485443,0.11835709,0.21297379,0.060931154
375316653866487564,4242376525284578816,0.6312537,2090.267887935362,3.4433992506201703,5.3677686E-6,18.186419,0.013730159,0.27899772,0.0018833615,0.0462893,0.0031572604,0.6098245,0.034760177,0.7774403,0.0016889393,0.03790873,0.0039153397,0.47782782,0.038577598,0.12794365,0.018547377,0.27899772,0.0018833615,"TWOGAUSSIANS_WITH_ELLIPSOIDAL_ON_ECLIPSE1",9,4.140273,0.27899772,0.0018833615,0.25922006,0.017680658,0.8657115,0.023578094,0.7775303,0.0015709836,0.21228889,0.021925902,0.73369175,0.047267027
375316653866487564,4242377556078062592,0.4652442,2101.2749838472155,1.5274756382840027,5.451406E-5,19.010065,0.0121533545,0.6388769,0.0047003883,0.016489858,0.0013231892,4.8822756,2.1769412,0.83300465,0.020552766,0.030307751,0.034268856,0.030710582,0.054376006,0.045199513,0.022736244,0.83300465,0.020552766,"TWOGAUSSIANS_WITH_ELLIPSOIDAL_ON_ECLIPSE2",9,5.870207,0.6388969,0.0046980837,0.09234321,0.00740986,4.89297,2.1739662,0.83300465,0.020552766,0.1697234,0.1919056,0.12110959,0.04282363
375316653866487564,4242378415070300928,0.59288734,2091.9483450947682,3.7465298199139725,9.273675E-6,17.314676,0.009634845,0.302583,0.0052453834,0.09110342,0.0069352947,0.33000764,0.010835658,0.78013074,0.002577455,0.09556517,0.003902532,0.302851,0.010679195,null,null,null,null,"TWOGAUSSIANS",8,4.615213,0.302583,0.0052453834,0.4,0.0,0.31744304,0.009298422,0.78013074,0.002577455,0.4,0.0,0.29028553,0.0076430575
375316653866487564,4242379239704181760,0.55743444,2105.062895755958,0.9137559883125352,9.916663E-6,13.233296,0.16473225,0.27427894,0.0034143683,0.26769227,0.12963037,0.17456727,0.162537,0.7721666,0.0032959462,0.13374639,0.016072582,0.12125625,0.05356663,null,null,null,null,"TWOGAUSSIANS",8,12.194593,0.7721666,0.0032959462,0.4,0.0,0.046171837,0.0016752608,0.27442893,0.0034180244,0.4,0.0,0.039014846,0.0017521136
375316653866487564,4242380579733822080,0.5462626,2094.8119298074357,0.5401766652739514,1.15331604E-4,18.846872,0.003935763,0.23192103,0.055446222,0.0531295,0.03993011,0.6748301,0.61136633,null,null,null,null,null,null,null,null,null,null,"ONEGAUSSIAN",5,2.0706656,0.23192103,0.055446222,0.29752523,0.100927435,0.6748301,0.0,null,null,null,null,null,null
375316653866487564,4242387069417380736,0.43534818,2108.648512255537,1.9061152051662313,4.0353243E-5,17.733004,0.008693114,0.38194588,0.08962182,0.18578333,0.101463996,0.028254818,0.009241668,0.69049025,0.006297926,0.057189517,0.004690278,0.14027749,0.010678913,null,null,null,null,"TWOGAUSSIANS",8,7.0912166,0.69049025,0.006297926,0.3202613,0.026265556,0.14571454,0.0065819947,0.38195586,0.08966075,0.4,0.0,0.026549418,0.0069273533
375316653866487564,4242389715117434880,0.43299142,2130.1241588658268,2.919768019541781,6.298493E-5,18.809734,0.4287159,0.22861505,0.014242454,0.22616057,0.19312234,0.35395065,0.41859242,0.73062855,0.016305618,0.13038684,0.07197332,0.30204877,0.29453322,null,null,null,null,"TWOGAUSSIANS",8,4.1246204,0.7313486,0.016905757,0.4,0.0,0.12610301,0.015999012,0.22851504,0.01416833,0.4,0.0,0.11695649,0.019620739
375316653866487564,4242396243464762880,0.49599525,2168.5742012494275,0.5727991639790495,1.10019144E-4,18.961653,0.0091361,0.32612827,0.0056782356,0.024238652,0.0062588835,0.059774436,0.024304178,0.6119403,0.027284054,0.027870739,0.03929732,0.5266239,0.54082626,null,null,null,null,"TWOGAUSSIANS",8,4.4749484,0.6119403,0.027284054,0.15607613,0.22006498,0.5266239,0.54082626,0.32612827,0.00568091,0.13573645,0.035049748,0.059774436,0.024309188
375316653866487564,4242404184859730304,0.53641737,2247.7979105520108,2.8544154499881347,1.1421853E-5,17.37479,0.6489245,0.25983453,0.0032411248,0.14842023,0.045705825,0.49862942,0.4839961,0.7642046,0.0060556866,0.19848683,0.11423027,0.5331964,0.63715464,null,null,null,null,"TWOGAUSSIANS",8,3.5383613,0.25823453,0.0031255146,0.4,0.0,0.1883134,0.0058420976,0.76479465,0.0052890424,0.4,0.0,0.18157938,0.008506106
375316653866487564,4242404837695301248,0.57537496,2245.7070260932683,2.2467962876533147,1.108299E-5,15.401117,0.011686061,0.28754607,0.003461428,0.0895941,0.0048661735,0.264477,0.012279695,0.789589,0.003817962,0.097394355,0.0061114794,0.25271353,0.011574301,null,null,null,null,"TWOGAUSSIANS",8,42.370537,0.28754607,0.003461428,0.4,0.0,0.25044096,0.008566355,0.789589,0.003817962,0.4,0.0,0.23867658,0.00677063
375316653866487564,4242405593609057280,0.6197798,2228.1469446383667,3.1775429380404616,5.4399975E-6,18.02685,0.014980166,0.2575615,0.0044189673,0.03853682,0.008178886,0.38696766,0.05747339,0.7576894,0.0020414037,0.04443506,0.0037104485,0.46002474,0.033522345,0.15590537,0.023602456,0.2575615,0.0044189673,"TWOGAUSSIANS_WITH_ELLIPSOIDAL_ON_ECLIPSE1",9,9.653128,0.7576894,0.0018948952,0.24883634,0.020778513,0.7718352,0.026930662,0.2575615,0.0044189673,0.21580619,0.04580176,0.69877833,0.063910976
375316653866487564,4242412804857693568,0.5220478,2212.169984017128,0.47496241331059885,7.8611054E-5,19.062737,0.011569732,0.26995265,0.013559279,0.10180247,0.030795133,0.069524586,0.01817753,0.71998584,0.022723151,0.04870473,0.012087038,0.4218832,0.058293805,null,null,null,null,"TWOGAUSSIANS",8,1.2383424,0.71998584,0.022723151,0.27274647,0.067687415,0.42160767,0.058089085,0.26995265,0.013559279,0.4,0.0,0.06924505,0.018545892
375316653866487564,4242413324550357248,0.58711046,2213.3683897146557,1.2929190451230688,8.4798405E-5,13.981626,0.0046993624,0.42137164,0.011048549,0.053260364,0.006526065,1.0884346,0.40769693,null,null,null,null,null,null,null,null,null,null,"ONEGAUSSIAN",5,592.3038,0.42137164,0.011048549,0.29825804,0.036545966,1.0884346,0.0,null,null,null,null,null,null
375316653866487564,4242414282326231040,0.54195637,2146.4510158810535,3.732865919252857,1.368328E-5,18.973148,0.010366929,0.20979223,0.0017374853,0.052280825,0.0034666501,0.3483962,0.018387849,0.7060831,0.0062438957,0.06405303,0.00686735,0.31525669,0.030450976,null,null,null,null,"TWOGAUSSIANS",8,2.1660318,0.20979223,0.0017374853,0.29277262,0.01941324,0.3483405,0.018396815,0.7060831,0.0062438957,0.35869694,0.03845716,0.31520098,0.030476699
375316653866487564,4242416451286552704,0.5413708,2212.570739904324,2.678420089177071,1.208586E-5,16.043787,0.0747735,0.27085966,0.0075881626,0.10052132,0.025856428,0.36725193,0.057454012,0.760825,0.0048945183,0.109832756,0.020671496,0.35337177,0.06539969,null,null,null,null,"TWOGAUSSIANS",8,56.622353,0.27086967,0.007685771,0.4,0.0,0.32925147,0.033852424,0.760825,0.0048945183,0.4,0.0,0.3153506,0.015449803
