Gaia/vari_eclipsing_binary/VariEclipsingBinary_459834-459853.csv
# %ECSV 1.0
# ---
# delimiter: ','
# meta: !!omap
# - RELEASE: Gaia DR3
# - TABLE: vari_eclipsing_binary
# - DESCRIPTION: >
#     This table describes the properties of the eclipsing binaries resulting from the variability analysis. 
# - CITATION: >
#     How to cite and acknowledge Gaia: 
#     https://gea.esac.esa.int/archive/documentation/credits.html 
# - KNOWN_ISSUES: >
#     Known issues: 
#     https://www.cosmos.esa.int/web/gaia-users/known-issues 
# - DOCUMENTATION: >
#     Tutorials and documentation: 
#     https://www.cosmos.esa.int/web/gaia-users/archive 
# datatype:
# - 
#   name: solution_id
#   datatype: int64
#   description: Solution Identifier
#   meta:
#     ucd: meta.version
# - 
#   name: source_id
#   datatype: int64
#   description: Unique source identifier
#   meta:
#     ucd: meta.id;meta.main
# - 
#   name: global_ranking
#   datatype: float32
#   description: Number between 0 (worst) and 1 (best)
#   meta:
#     ucd: stat.param
# - 
#   name: reference_time
#   datatype: float64
#   unit: d
#   description: Reference time used for the geometric model fit
#   meta:
#     ucd: time.epoch
# - 
#   name: frequency
#   datatype: float64
#   unit: d**-1
#   description: Frequency of geometric model of the eclipsing binary light curve
#   meta:
#     ucd: src.orbital
# - 
#   name: frequency_error
#   datatype: float32
#   unit: d**-1
#   description: "Uncertainty of \\texttt{frequency}"
#   meta:
#     ucd: stat.error
# - 
#   name: geom_model_reference_level
#   datatype: float32
#   unit: mag
#   description: Magnitude reference level of geometric model
#   meta:
#     ucd: phot.mag;em.opt
# - 
#   name: geom_model_reference_level_error
#   datatype: float32
#   unit: mag
#   description: "Uncertainty of \\texttt{geomModelReferenceLevel}"
#   meta:
#     ucd: stat.error;phot.mag;em.opt
# - 
#   name: geom_model_gaussian1_phase
#   datatype: float32
#   description: Phase of the Gaussian 1 component
#   meta:
#     ucd: time.phase
# - 
#   name: geom_model_gaussian1_phase_error
#   datatype: float32
#   description: "Uncertainty of \\texttt{geomModelGaussian1Phase}"
#   meta:
#     ucd: stat.error;time.phase
# - 
#   name: geom_model_gaussian1_sigma
#   datatype: float32
#   description: "Standard deviation [phase] of Gaussian 1 component"
#   meta:
#     ucd: stat.stdev
# - 
#   name: geom_model_gaussian1_sigma_error
#   datatype: float32
#   description: "Uncertainty of \\texttt{geomModelGaussian1Sigma}"
#   meta:
#     ucd: stat.error
# - 
#   name: geom_model_gaussian1_depth
#   datatype: float32
#   unit: mag
#   description: Magnitude depth of Gaussian 1 component
#   meta:
#     ucd: src.var.amplitude
# - 
#   name: geom_model_gaussian1_depth_error
#   datatype: float32
#   unit: mag
#   description: "Uncertainty of \\texttt{geomModelGaussian1Depth}"
#   meta:
#     ucd: stat.error;src.var.amplitude
# - 
#   name: geom_model_gaussian2_phase
#   datatype: float32
#   description: Phase of Gaussian 2 component
#   meta:
#     ucd: time.phase
# - 
#   name: geom_model_gaussian2_phase_error
#   datatype: float32
#   description: "Uncertainty of \\texttt{geomModelGaussian2Phase}"
#   meta:
#     ucd: stat.error;time.phase
# - 
#   name: geom_model_gaussian2_sigma
#   datatype: float32
[...]
#   datatype: float32
#   description: "Secondary eclipse: uncertainty of \\texttt{derivedSecondaryEclDuration}"
#   meta:
#     ucd: stat.error;time.duration
# - 
#   name: derived_secondary_ecl_depth
#   datatype: float32
#   unit: mag
#   description: "Secondary eclipse: depth"
#   meta:
#     ucd: src.var.amplitude
# - 
#   name: derived_secondary_ecl_depth_error
#   datatype: float32
#   unit: mag
#   description: "Secondary eclipse: uncertainty of \\texttt{derivedSecondaryEclDepth}"
#   meta:
#     ucd: stat.error;src.var.amplitude
solution_id,source_id,global_ranking,reference_time,frequency,frequency_error,geom_model_reference_level,geom_model_reference_level_error,geom_model_gaussian1_phase,geom_model_gaussian1_phase_error,geom_model_gaussian1_sigma,geom_model_gaussian1_sigma_error,geom_model_gaussian1_depth,geom_model_gaussian1_depth_error,geom_model_gaussian2_phase,geom_model_gaussian2_phase_error,geom_model_gaussian2_sigma,geom_model_gaussian2_sigma_error,geom_model_gaussian2_depth,geom_model_gaussian2_depth_error,geom_model_cosine_half_period_amplitude,geom_model_cosine_half_period_amplitude_error,geom_model_cosine_half_period_phase,geom_model_cosine_half_period_phase_error,model_type,num_model_parameters,reduced_chi2,derived_primary_ecl_phase,derived_primary_ecl_phase_error,derived_primary_ecl_duration,derived_primary_ecl_duration_error,derived_primary_ecl_depth,derived_primary_ecl_depth_error,derived_secondary_ecl_phase,derived_secondary_ecl_phase_error,derived_secondary_ecl_duration,derived_secondary_ecl_duration_error,derived_secondary_ecl_depth,derived_secondary_ecl_depth_error
[from data line 526]
375316653866487564,4044894925482292864,0.62033886,2240.360126419984,2.5493295756981755,6.6517696E-6,17.627544,0.008731232,0.21123837,0.0047844728,0.09009578,0.009394584,0.23489822,0.0083519025,0.7138451,0.0027814698,0.08911122,0.0037929541,0.27478805,0.00896068,null,null,null,null,"TWOGAUSSIANS",8,1.65933,0.7138451,0.0027814698,0.4,0.0,0.26484486,0.004621023,0.21123837,0.0047844728,0.4,0.0,0.22495504,0.010437484
375316653866487564,4044895230403186048,0.48962173,2238.676076256539,0.3397505861912505,4.359629E-5,19.397459,0.007705619,0.20330903,0.013125926,0.04569327,0.012336961,0.14922039,0.025357729,0.7130899,0.014197974,0.0847698,0.020709837,0.16068147,0.017582234,null,null,null,null,"TWOGAUSSIANS",8,1.3756809,0.7130899,0.014197974,0.4,0.0,0.16053711,0.017708907,0.20330903,0.013125926,0.25588232,0.069086984,0.14907603,0.025286164
375316653866487564,4044895269056066688,0.44642836,2220.2068286760327,0.8519748586185198,2.43191E-4,18.80405,0.019504268,0.79739314,0.018101506,0.06598529,0.015192434,0.13096409,0.033758067,0.424555,0.028158218,0.115482435,0.057751384,0.2956576,0.34279272,null,null,null,null,"TWOGAUSSIANS",8,2.87448,0.424555,0.028158218,0.4,0.0,0.29457846,0.3464796,0.7958331,0.015003031,0.36951765,0.08475506,0.13153222,0.03478447
375316653866487564,4044895303415773440,0.44187573,2240.4676032379016,0.0759624425387436,3.4118177E-5,18.950613,0.02656678,0.17855574,0.024014024,0.06093767,0.0665703,0.08772948,0.049974177,0.6911715,0.00738508,0.060726732,0.014696336,0.124823794,0.046562813,null,null,null,null,"TWOGAUSSIANS",8,3.574072,0.6911715,0.0073826103,0.34006968,0.082299486,0.124794595,0.044540565,0.17855574,0.024014024,0.34125096,0.17160606,0.08770028,0.049262185
375316653866487564,4044895818835085440,0.48485476,2211.962587888045,3.2716636485767148,3.477638E-5,19.042353,0.009501673,0.2527055,0.013594976,0.084144264,0.011471703,0.43960437,0.032892507,0.7419745,0.004531218,0.07243995,0.0038571735,0.43559638,0.021850988,null,null,null,null,"TWOGAUSSIANS",8,3.8985996,0.2527055,0.013594976,0.4,0.0,0.43533102,0.032743778,0.7419745,0.004531218,0.4,0.009623656,0.43132308,0.021158408
375316653866487564,4044896402927640192,0.49339542,2155.325467377187,1.9146431387393954,1.8213953E-4,18.781523,0.014083661,0.35153562,0.09749409,0.050068196,0.049084693,0.04793274,0.030825024,0.6669847,0.05515194,0.071026444,0.064905696,0.60069066,0.4794359,null,null,null,null,"TWOGAUSSIANS",8,1.7204874,0.6669847,0.05515194,0.39774808,0.0076687066,0.6006906,0.4797721,0.35163563,0.09707612,0.2803819,0.26157638,0.04796408,0.033184398
375316653866487564,4044896536048940288,0.52168065,2260.7450804649925,0.029162131236998054,2.746474E-4,16.938824,0.007695786,0.21419142,0.0026790192,0.058368403,0.007003061,0.65277356,0.31945464,null,null,null,null,null,null,0.008871363,0.008538341,0.21419142,0.0026790192,"ONEGAUSSIAN_WITH_ELLIPSOIDAL",6,10.667529,0.21419142,0.0026790192,0.32686305,0.039217144,0.6704556,0.31971982,null,null,null,null,null,null
375316653866487564,4044896677803020672,0.47869384,2241.6165060539474,0.21544404246452661,1.5211709E-4,19.39742,0.08584261,0.30560297,0.010576733,0.14637987,0.03092862,0.5179337,0.07359332,0.7773342,0.030369664,0.077022165,0.015922684,0.662349,0.120071195,null,null,null,null,"TWOGAUSSIANS",8,4.0191402,0.7773342,0.030369664,0.4,0.0,0.6016023,0.09943447,0.30560297,0.010584348,0.4,0.0,0.45353967,0.04080587
375316653866487564,4044897365023358848,0.57862276,2212.668673080173,0.7867303902901284,1.1675633E-4,16.87675,0.002234357,0.33741933,0.03673161,0.06615617,0.030372629,0.3407263,0.08094489,0.7309663,0.017112002,0.0486578,0.024300674,0.025606463,0.009503829,null,null,null,null,"TWOGAUSSIANS",8,5.798725,0.33741933,0.03673161,0.37047455,0.17008673,0.3407261,0.08094511,0.7309663,0.017112002,0.27248368,0.13608377,0.025606276,0.009505094
375316653866487564,4044897566838055040,0.50111127,2242.8838979470956,0.15212689747284153,5.2148276E-5,15.886574,0.006012532,0.26518214,0.027315654,0.018901123,0.022450043,0.023532728,272.44516,0.5554979,0.011022513,0.14409919,0.019067414,0.09261773,0.008680497,null,null,null,null,"TWOGAUSSIANS",8,14.442605,0.5554979,0.011022513,0.4,0.0,0.092167586,0.008557243,0.26786214,0.025317281,0.105846286,0.12572025,0.035480283,272.44778
375316653866487564,4044898258382118016,0.4282686,2239.098152742661,0.3210285711555128,4.3301105E-5,19.433544,0.015305978,null,null,null,null,null,null,null,null,null,null,null,null,0.21633242,0.02737878,0.18905786,0.010779248,"ELLIPSOIDAL",4,7.7298956,null,null,null,null,null,null,null,null,null,null,null,null
375316653866487564,4044898391472529408,0.51628315,2221.633840301651,3.272986309970691,1.4032112E-5,18.042015,0.0035008357,null,null,null,null,null,null,null,null,null,null,null,null,0.089607775,0.0049799155,0.29040888,0.0049398616,"ELLIPSOIDAL",4,3.859498,null,null,null,null,null,null,null,null,null,null,null,null
375316653866487564,4044898911188593024,0.630521,2222.220815274854,3.1147567322004868,1.366176E-5,18.748455,0.01708491,0.29088712,0.0037031292,0.043652873,0.009523637,0.5297087,0.05645538,0.78109187,0.0021840637,0.038819633,0.0046601403,0.38286856,0.039473414,0.12282926,0.02209818,0.78109187,0.0021840637,"TWOGAUSSIANS_WITH_ELLIPSOIDAL_ON_ECLIPSE2",9,2.7580545,0.29024714,0.003509136,0.2444561,0.053332366,0.7744982,0.04684045,0.78109187,0.0021840637,0.21738994,0.026096787,0.62852705,0.020520015
375316653866487564,4044899838901711360,0.5179792,2239.3335163188017,2.2000406141052835,2.1436052E-5,18.120089,0.021909377,0.26008686,0.007013596,0.08947279,0.014818147,0.23916046,0.024010727,0.78187984,0.04424619,0.09291443,0.032610703,0.18295206,0.08001647,null,null,null,null,"TWOGAUSSIANS",8,6.770966,0.26008686,0.0070120664,0.4,0.0,0.23220481,0.025448725,0.78187984,0.044245288,0.4,0.0139086535,0.17599623,0.08214713
375316653866487564,4044900182522117632,0.50201494,2178.3275324319216,0.1930991754288082,4.548191E-5,18.495232,0.0054030227,0.22180596,0.01529783,0.08144314,0.01576816,0.11584392,0.011744413,0.7533461,8.6400105E-4,0.029110173,0.0021294768,0.10424997,0.0047166417,null,null,null,null,"TWOGAUSSIANS",8,1.6881301,0.22180596,0.01529783,0.4,0.012327914,0.115842015,0.0117461905,0.7533461,8.6400105E-4,0.16301696,0.01192507,0.10424807,0.0047111665
375316653866487564,4044900869717176576,0.5204147,2243.330184727129,2.5774638518626305,3.8604263E-5,15.429931,0.04734296,0.21368252,0.010796096,0.11798511,0.024028573,0.28213763,0.048391845,0.73140544,0.004543792,0.10130122,0.012931434,0.3212696,0.04380994,null,null,null,null,"TWOGAUSSIANS",8,198.14728,0.73145545,0.004433229,0.4,0.0,0.2846293,0.011762821,0.21367252,0.0108032,0.4,0.0,0.24541682,0.019388054
375316653866487564,4044901934851279232,0.50277877,2268.1499546628506,3.5306141956183494,8.483679E-5,19.733805,0.019763472,0.2117314,0.00936329,0.078358,0.009303263,0.46417764,0.04591955,0.71659064,0.013575087,0.07493976,0.010635842,0.31014746,0.04894428,null,null,null,null,"TWOGAUSSIANS",8,2.3355465,0.2117314,0.00936329,0.4,0.0,0.46081933,0.04589988,0.71659064,0.013575087,0.4,0.01982911,0.3067892,0.048639666
375316653866487564,4044902450247624576,0.5681182,2273.9044146100696,2.777622954654113,1.49372345E-5,18.953856,0.023217183,0.29595086,0.051965438,0.07677872,0.033419825,0.55983746,0.10191302,0.80224353,0.003228039,0.087147675,0.0047507747,0.5640274,0.026659632,null,null,null,null,"TWOGAUSSIANS",8,4.6633053,0.80224353,0.003228039,0.4,0.0,0.5545104,0.017479945,0.29595086,0.051965438,0.4,0.032535143,0.55032057,0.1052563
375316653866487564,4044902518985564928,0.4703277,2254.638172776935,0.3499472585014339,6.354765E-5,19.545532,0.013463846,0.35044545,0.048861533,0.07124913,0.030475296,0.34890744,0.12290389,0.7159922,0.011391779,0.12214547,0.020260453,0.2464219,0.025045432,null,null,null,null,"TWOGAUSSIANS",8,3.2296379,0.35146546,0.052808616,0.3989951,0.078258194,0.34927282,0.12798676,0.7159922,0.011391779,0.4,0.0,0.24395476,0.027684487
375316653866487564,4044903000021911552,0.59710836,2242.8591525713177,2.816780273541208,9.771994E-6,18.104702,0.012967787,0.29509968,0.0045565693,0.06911678,0.005423348,0.4859559,0.044286955,0.79263085,0.0013844986,0.074267045,0.0038785303,0.4888133,0.02077995,null,null,null,null,"TWOGAUSSIANS",8,5.0498433,0.79263085,0.0013844986,0.4,0.0,0.48671457,0.020910045,0.29509968,0.0045565693,0.38705397,0.030370748,0.48385713,0.044838
375316653866487564,4044903034363130624,0.5302127,2270.3024173829363,3.983814145344545,1.3265864E-5,19.538687,0.0153032625,0.23028481,0.0117303645,0.07268056,0.009246937,0.40284732,0.038624223,0.73078644,0.008232359,0.079235755,0.007887392,0.27925155,0.01569105,null,null,null,null,"TWOGAUSSIANS",8,1.8813726,0.23028481,0.0117303645,0.4,0.010125532,0.39993224,0.03681477,0.73078644,0.008232359,0.4,0.0,0.27633643,0.013615315
375316653866487564,4044904649276759424,0.45075908,2307.8714360174304,0.5621932322771345,1.0853628E-5,19.675028,0.013653796,0.15137108,2.8788784E-4,0.015823143,0.0013900475,0.43192613,0.03754573,0.5322027,0.019969026,0.07137661,0.027197925,0.16488262,0.042845357,null,null,null,null,"TWOGAUSSIANS",8,2.9877021,0.15137108,2.8788784E-4,0.0886096,0.0077842656,0.43192625,0.037544098,0.5322027,0.019969026,0.399709,0.10685113,0.16488262,0.04284536
375316653866487564,4044905508271623040,0.55407286,2310.0353621147333,3.306174460577471,7.1690454E-5,19.900621,0.018551191,0.21555236,0.008223273,0.07587264,0.008455848,0.6549415,0.10355666,0.7273187,0.00978111,0.07964325,0.012151944,0.50326926,0.09612194,null,null,null,null,"TWOGAUSSIANS",8,1.7327358,0.21555236,0.008223273,0.4,0.0,0.64985436,0.10576054,0.7273187,0.00978111,0.4,0.0,0.4981821,0.09892988
375316653866487564,4044905710096638592,0.4682221,2210.4390184899835,0.6864653716152571,4.8260474E-5,18.760908,0.031619754,0.26474065,0.0064215516,0.067842916,0.014805262,0.33590037,0.12630749,0.75969696,0.015186398,0.09627773,0.0237135,0.25858897,0.04297296,null,null,null,null,"TWOGAUSSIANS",8,8.225439,0.26474065,0.0064204666,0.37992033,0.07519569,0.33094132,0.12891413,0.75969696,0.015186398,0.4,0.0,0.25362918,0.042908974
375316653866487564,4044905886221678720,0.5718992,2283.0402266036845,2.5918606292102937,1.4228094E-5,17.5962,0.08233439,0.30389732,0.005208645,0.05025839,0.030350713,0.1984729,0.13869655,0.79948294,0.014560231,0.05138978,0.031485915,0.23865613,0.16342025,0.104163624,0.084524296,0.30389732,0.005208645,"TWOGAUSSIANS_WITH_ELLIPSOIDAL_ON_ECLIPSE1",9,10.463972,0.8001629,0.013513383,0.2877828,0.1524476,0.44684565,0.0632204,0.30389732,0.005208645,0.281447,0.15966949,0.40679798,0.07508842
375316653866487564,4044905920581263104,0.6734413,2274.6303259080487,1.1537631178793573,2.4741314E-5,17.862589,0.0040576104,0.27324593,0.01091119,0.034892824,0.009198748,0.17866875,0.11538854,0.78298426,0.009846544,0.026917098,0.00447181,0.577729,0.16668823,0.030683978,0.005832026,0.27324593,0.01091119,"TWOGAUSSIANS_WITH_ELLIPSOIDAL_ON_ECLIPSE1",9,1.0985208,0.78298426,0.009846544,0.15073575,0.025042137,0.6388673,0.16413608,0.27324593,0.01091119,0.1953998,0.051512986,0.24003659,0.116299056
375316653866487564,4044906779575000576,0.5609661,2253.3743609107287,4.178006413862501,1.0299879E-5,19.256077,0.016390359,0.2986209,0.0038837097,0.07555519,0.0054222923,0.38424182,0.047977515,0.79297155,0.0032408256,0.0661585,0.005104529,0.5048585,0.03213953,null,null,null,null,"TWOGAUSSIANS",8,3.014461,0.79297155,0.0032408256,0.37048763,0.028585363,0.5033631,0.032317493,0.2986209,0.0038837097,0.4,0.0,0.38274643,0.048337046
375316653866487564,4044907943479120640,0.6667684,2294.5605220084904,0.2636190995330745,2.930492E-6,15.409111,4.5643485E-4,0.34317893,3.6394933E-5,0.012063517,6.513506E-5,0.22711265,9.530708E-5,null,null,null,null,null,null,null,null,null,null,"ONEGAUSSIAN",5,1.7156152,0.34317893,3.6394933E-5,0.067555696,3.6475633E-4,0.22711265,0.0,null,null,null,null,null,null
375316653866487564,4044908080917060736,0.5864044,2312.9050120527263,0.8406285964497596,9.921025E-6,14.640579,0.029880274,0.2049509,0.0015612894,0.114295624,0.01922203,0.107488744,0.02685777,0.7081656,0.004281726,0.1262285,0.029267354,0.09883431,0.027398814,null,null,null,null,"TWOGAUSSIANS",8,4.408619,0.2049209,0.0015151115,0.4,0.0,0.0845671,0.0037201105,0.70817554,0.0043295356,0.4,0.0,0.07585001,0.0035907777
375316653866487564,4044908291405175680,0.4758855,2245.621547269844,0.5054497802601875,6.557368E-5,18.448948,0.009488735,0.23700818,0.06633388,0.059423663,0.038153563,0.32326984,0.16287673,0.8051882,0.013432087,0.041792944,0.02242053,0.11918252,0.038849756,null,null,null,null,"TWOGAUSSIANS",8,5.6642323,0.23700818,0.06633388,0.33277252,0.21365996,0.32326978,0.16287677,0.8051882,0.013432087,0.23404048,0.12555496,0.11918246,0.03884994
375316653866487564,4044908428849554048,0.4665729,2288.0803253040754,3.596026926722071,2.2832652E-5,19.766441,0.13601248,0.09068685,0.048701398,0.101216376,0.11368273,0.098200396,0.13058512,0.4788763,0.015122593,0.08357723,0.018844163,0.2638534,0.09753621,null,null,null,null,"TWOGAUSSIANS",8,3.8641067,0.4788763,0.015122593,0.4,0.0,0.26266396,0.05598396,0.090716854,0.048667632,0.4,0.0,0.09695358,0.056441337
375316653866487564,4044908566304071168,0.5220525,2162.6345340955904,0.915932912239498,2.40593E-4,18.973063,0.008460743,0.36854267,0.060166314,0.079647884,0.024401166,0.24434291,0.16940297,0.8000357,0.010368222,0.056601312,0.01959833,0.083889745,0.6323469,null,null,null,null,"TWOGAUSSIANS",8,0.6739834,0.36854267,0.060166314,0.4,0.0,0.2442919,0.16945748,0.8000357,0.010368222,0.31696734,0.10975064,0.08383884,0.6323991
375316653866487564,4044909768872995968,0.5049996,2256.4364155527846,3.5278115450840257,5.0692306E-5,19.62365,0.06715581,0.25100034,0.04518609,0.059895657,0.06257342,0.65455,0.40000117,0.7360341,0.011442194,0.0718046,0.018620672,0.5055635,0.10873959,null,null,null,null,"TWOGAUSSIANS",8,4.483015,0.25100034,0.04518609,0.3354157,0.095611475,0.65400887,0.42339236,0.7360341,0.011446198,0.4,0.05460985,0.50502235,0.102060474
375316653866487564,4044909871969816320,0.49718827,2252.3681891496703,2.809168639489223,2.3525334E-5,18.699558,0.06731983,0.3118807,0.011445055,0.092836514,0.015498297,0.3952354,0.07059381,0.7948971,0.0062356386,0.095797464,0.015498407,0.4995242,0.06360926,null,null,null,null,"TWOGAUSSIANS",8,13.081015,0.7948971,0.0062356386,0.4,0.0,0.47872248,0.044065602,0.3118807,0.011453031,0.4,0.0,0.37443483,0.0494724
375316653866487564,4044910765323042048,0.54415375,2270.9378544391066,1.6568289049579144,2.9271301E-5,13.992072,0.004994328,0.25881672,0.0032727919,0.08548024,0.0057627484,0.11512705,0.0043829493,0.76635,0.0032583703,0.08248699,0.008302105,0.053318106,0.0046971394,null,null,null,null,"TWOGAUSSIANS",8,35.72392,0.25881672,0.0032727919,0.4,0.0,0.11349863,0.003961722,0.76635,0.0032583703,0.4,0.0,0.05168969,0.003849483
375316653866487564,4044911074560734208,0.5481996,2299.6130072442465,0.5482675716387143,1.3031945E-6,10.733271,9.540696E-4,0.14750387,1.4362385E-4,0.015628858,2.960923E-4,0.06623426,9.4330346E-4,0.73626244,0.0013091422,0.015315905,0.006243076,0.013317821,0.021810265,null,null,null,null,"TWOGAUSSIANS",8,11.299132,0.14750387,1.4362385E-4,0.087521605,0.0016581169,0.06623426,9.4330346E-4,0.73626244,0.0013091422,0.085769065,0.034961224,0.013317821,0.021810265
375316653866487564,4044911486860462464,0.4667087,2278.4524842945157,0.10797318858351879,2.938507E-5,19.410416,0.11209317,0.34853825,0.023352342,0.0994223,0.041415896,0.35369134,0.11720067,0.8096151,0.0070999307,0.089352146,0.031549223,0.368308,0.08623092,null,null,null,null,"TWOGAUSSIANS",8,5.638322,0.8096151,0.0070999307,0.4,0.0,0.35608548,0.04400734,0.34853825,0.023364533,0.4,0.0,0.34146172,0.08414881
