Gaia/vari_eclipsing_binary/VariEclipsingBinary_545537-546921.csv
# %ECSV 1.0
# ---
# delimiter: ','
# meta: !!omap
# - RELEASE: Gaia DR3
# - TABLE: vari_eclipsing_binary
# - DESCRIPTION: >
#     This table describes the properties of the eclipsing binaries resulting from the variability analysis. 
# - CITATION: >
#     How to cite and acknowledge Gaia: 
#     https://gea.esac.esa.int/archive/documentation/credits.html 
# - KNOWN_ISSUES: >
#     Known issues: 
#     https://www.cosmos.esa.int/web/gaia-users/known-issues 
# - DOCUMENTATION: >
#     Tutorials and documentation: 
#     https://www.cosmos.esa.int/web/gaia-users/archive 
# datatype:
# - 
#   name: solution_id
#   datatype: int64
#   description: Solution Identifier
#   meta:
#     ucd: meta.version
# - 
#   name: source_id
#   datatype: int64
#   description: Unique source identifier
#   meta:
#     ucd: meta.id;meta.main
# - 
#   name: global_ranking
#   datatype: float32
#   description: Number between 0 (worst) and 1 (best)
#   meta:
#     ucd: stat.param
# - 
#   name: reference_time
#   datatype: float64
#   unit: d
#   description: Reference time used for the geometric model fit
#   meta:
#     ucd: time.epoch
# - 
#   name: frequency
#   datatype: float64
#   unit: d**-1
#   description: Frequency of geometric model of the eclipsing binary light curve
#   meta:
#     ucd: src.orbital
# - 
#   name: frequency_error
#   datatype: float32
#   unit: d**-1
#   description: "Uncertainty of \\texttt{frequency}"
#   meta:
#     ucd: stat.error
# - 
#   name: geom_model_reference_level
#   datatype: float32
#   unit: mag
#   description: Magnitude reference level of geometric model
#   meta:
#     ucd: phot.mag;em.opt
# - 
#   name: geom_model_reference_level_error
#   datatype: float32
#   unit: mag
#   description: "Uncertainty of \\texttt{geomModelReferenceLevel}"
#   meta:
#     ucd: stat.error;phot.mag;em.opt
# - 
#   name: geom_model_gaussian1_phase
#   datatype: float32
#   description: Phase of the Gaussian 1 component
#   meta:
#     ucd: time.phase
# - 
#   name: geom_model_gaussian1_phase_error
#   datatype: float32
#   description: "Uncertainty of \\texttt{geomModelGaussian1Phase}"
#   meta:
#     ucd: stat.error;time.phase
# - 
#   name: geom_model_gaussian1_sigma
#   datatype: float32
#   description: "Standard deviation [phase] of Gaussian 1 component"
#   meta:
#     ucd: stat.stdev
# - 
#   name: geom_model_gaussian1_sigma_error
#   datatype: float32
#   description: "Uncertainty of \\texttt{geomModelGaussian1Sigma}"
#   meta:
#     ucd: stat.error
# - 
#   name: geom_model_gaussian1_depth
#   datatype: float32
#   unit: mag
#   description: Magnitude depth of Gaussian 1 component
#   meta:
#     ucd: src.var.amplitude
# - 
#   name: geom_model_gaussian1_depth_error
#   datatype: float32
#   unit: mag
#   description: "Uncertainty of \\texttt{geomModelGaussian1Depth}"
#   meta:
#     ucd: stat.error;src.var.amplitude
# - 
#   name: geom_model_gaussian2_phase
#   datatype: float32
#   description: Phase of Gaussian 2 component
#   meta:
#     ucd: time.phase
# - 
#   name: geom_model_gaussian2_phase_error
#   datatype: float32
#   description: "Uncertainty of \\texttt{geomModelGaussian2Phase}"
#   meta:
#     ucd: stat.error;time.phase
# - 
#   name: geom_model_gaussian2_sigma
#   datatype: float32
[...]
#   datatype: float32
#   description: "Secondary eclipse: uncertainty of \\texttt{derivedSecondaryEclDuration}"
#   meta:
#     ucd: stat.error;time.duration
# - 
#   name: derived_secondary_ecl_depth
#   datatype: float32
#   unit: mag
#   description: "Secondary eclipse: depth"
#   meta:
#     ucd: src.var.amplitude
# - 
#   name: derived_secondary_ecl_depth_error
#   datatype: float32
#   unit: mag
#   description: "Secondary eclipse: uncertainty of \\texttt{derivedSecondaryEclDepth}"
#   meta:
#     ucd: stat.error;src.var.amplitude
solution_id,source_id,global_ranking,reference_time,frequency,frequency_error,geom_model_reference_level,geom_model_reference_level_error,geom_model_gaussian1_phase,geom_model_gaussian1_phase_error,geom_model_gaussian1_sigma,geom_model_gaussian1_sigma_error,geom_model_gaussian1_depth,geom_model_gaussian1_depth_error,geom_model_gaussian2_phase,geom_model_gaussian2_phase_error,geom_model_gaussian2_sigma,geom_model_gaussian2_sigma_error,geom_model_gaussian2_depth,geom_model_gaussian2_depth_error,geom_model_cosine_half_period_amplitude,geom_model_cosine_half_period_amplitude_error,geom_model_cosine_half_period_phase,geom_model_cosine_half_period_phase_error,model_type,num_model_parameters,reduced_chi2,derived_primary_ecl_phase,derived_primary_ecl_phase_error,derived_primary_ecl_duration,derived_primary_ecl_duration_error,derived_primary_ecl_depth,derived_primary_ecl_depth_error,derived_secondary_ecl_phase,derived_secondary_ecl_phase_error,derived_secondary_ecl_duration,derived_secondary_ecl_duration_error,derived_secondary_ecl_depth,derived_secondary_ecl_depth_error
[from data line 429]
375316653866487564,4810116123139941248,0.49794525,2179.124994706662,3.194012246937443,1.1471736E-5,17.176527,0.0044262237,0.22281235,0.0032382193,0.019597035,0.0033682184,0.20648596,0.11091772,0.7790025,0.0053110286,0.06312289,0.05130746,0.012034361,0.019579748,0.06459029,0.0051355474,0.7790025,0.0053110286,"TWOGAUSSIANS_WITH_ELLIPSOIDAL_ON_ECLIPSE2",9,22.028439,0.22378235,0.0037047165,0.1097434,0.018862022,0.32047233,0.10978076,0.7790025,0.0053110286,0.35348818,0.19691177,0.14121023,0.019303821
375316653866487564,4810134127642898304,0.6102447,2188.7659836119706,2.54632196231585,4.9459213E-6,16.734236,0.03369258,0.21292752,0.002193848,0.058161575,0.009068435,0.49902344,0.052722715,0.71975625,0.0020791492,0.055835493,0.0065947208,0.35339397,0.06962663,0.09228254,0.037813645,0.21292752,0.002193848,"TWOGAUSSIANS_WITH_ELLIPSOIDAL_ON_ECLIPSE1",9,23.686954,0.21292752,0.002193848,0.3257048,0.050783236,0.6835304,0.048077453,0.71975625,0.0020791492,0.31267875,0.036930438,0.53756136,0.008278058
375316653866487564,4810155087083284736,0.44319716,2208.9408222841157,1.0480990972864535,4.125911E-5,17.846453,0.006699439,0.29402897,0.027054809,0.086380854,0.021233857,0.05284153,0.010344384,0.7557026,0.0068788147,0.08203327,0.010103873,0.10334629,0.009660131,null,null,null,null,"TWOGAUSSIANS",8,6.3546314,0.7557026,0.0068788147,0.4,0.0,0.102467105,0.009419002,0.29402897,0.027054809,0.4,0.0019139324,0.051962327,0.009884397
375316653866487564,4810162745008411648,0.4538186,2239.313149244833,0.039764455625545904,2.6671076E-5,19.081347,0.04506194,0.1602123,0.011069228,0.04634992,0.0072682938,0.24883407,0.06333353,0.58923054,0.023167118,0.14565635,0.03623838,0.49624208,0.06923915,null,null,null,null,"TWOGAUSSIANS",8,6.991491,0.58923054,0.023167118,0.4,0.0,0.48727536,0.09333042,0.1613123,0.010892777,0.25955957,0.040702447,0.2466487,0.061269455
375316653866487564,4810169896130490880,0.48895305,2205.3489560279027,0.5079553917376844,2.4114428E-5,10.30268,0.004751083,0.36722085,0.0090307295,0.07537235,0.007874264,0.5386166,0.09162017,0.8473463,0.03568428,0.008881464,0.016416898,0.03526217,46.87078,null,null,null,null,"TWOGAUSSIANS",8,356.9327,0.36722085,0.0090307295,0.4,0.0,0.5386166,0.09162021,0.8473463,0.03568428,0.049736194,0.09193462,0.035262167,46.87078
375316653866487564,4810258716054064000,0.63839954,2190.506081217181,2.5241654339413757,2.59768E-6,13.659496,0.0055325646,0.27681413,0.001074109,0.09147838,0.0027335528,0.26684353,0.004797108,0.77892315,0.0014724839,0.099423446,0.0033749419,0.2452716,0.0055319713,null,null,null,null,"TWOGAUSSIANS",8,14.683806,0.27681413,0.001074109,0.4,0.0,0.25079763,0.0029082464,0.77892315,0.0014724839,0.4,0.0,0.2292243,0.004300079
375316653866487564,4810290567531784576,0.5681293,2157.4590409263747,3.8780322849773388,6.1998367E-6,14.795413,0.03193498,0.20987712,0.00555588,0.06555967,0.0103632575,0.26719275,0.07132649,0.72240883,0.0016737895,0.06481774,0.0050984425,0.47712117,0.0708557,0.058144644,0.04204434,0.72240883,0.0016737895,"TWOGAUSSIANS_WITH_ELLIPSOIDAL_ON_ECLIPSE2",9,225.14897,0.72240883,0.0016737895,0.36297935,0.028551277,0.59304774,0.02365975,0.21148711,0.004225683,0.36713415,0.05803424,0.38249198,0.016479194
375316653866487564,4810366536913155456,0.48932725,2197.0050650434464,3.711744947869254,1.5021097E-5,17.793474,0.06395488,0.2563715,0.004934817,0.11565248,0.020314861,0.2879238,0.061716177,0.7535245,0.004613877,0.11459362,0.020386683,0.28457734,0.06041316,null,null,null,null,"TWOGAUSSIANS",8,9.962315,0.2563815,0.0049420097,0.4,0.0,0.23523518,0.011813763,0.7535245,0.004613877,0.4,0.0,0.23189725,0.013536597
375316653866487564,4810492396634642304,0.6625393,2193.293263806757,2.946978215244235,4.1889552E-6,15.147154,0.009765238,0.2544583,0.0012335875,0.05312499,0.0031399792,0.393447,0.019513842,0.7539316,0.002339089,0.049737584,0.0027929386,0.34433848,0.020987544,0.109691024,0.010707063,0.2544583,0.0012335875,"TWOGAUSSIANS_WITH_ELLIPSOIDAL_ON_ECLIPSE1",9,46.52565,0.2544583,0.0012335875,0.29749995,0.017583884,0.61282176,0.010088256,0.7539916,0.0020935852,0.27853048,0.015640456,0.5637111,0.0077947914
375316653866487564,4810504830562910976,0.56581265,2221.328583936334,1.4048741668331326,1.2294697E-5,17.444416,0.011545642,0.32434866,0.002856478,0.056353103,0.0046760784,0.3122458,0.02927348,0.80765015,0.011895653,0.012330761,0.008331263,0.3398612,0.17101713,0.065345265,0.017435374,0.32434866,0.002856478,"TWOGAUSSIANS_WITH_ELLIPSOIDAL_ON_ECLIPSE1",9,12.757741,0.80773014,0.011851171,0.069052264,0.046655074,0.46910825,0.18842617,0.32434866,0.002856478,0.3155774,0.02618604,0.44291973,0.016218374
375316653866487564,4810518368300433408,0.47632164,2185.851319662211,0.42327175384226856,2.682408E-5,19.665756,0.006882046,0.15769584,0.0035084942,0.0155155705,0.005319464,0.21476677,0.7399617,0.91520727,0.011811799,0.008002995,0.007836605,0.3852736,2957750.8,null,null,null,null,"TWOGAUSSIANS",8,1.9096339,0.91520727,0.011811799,0.04481677,0.04388499,0.3852736,2957750.8,0.15769584,0.0035084942,0.086887196,0.029788999,0.21476677,0.7399617
375316653866487564,4810550155355083776,0.52213794,2190.6419184371443,4.015769160180437,3.047128E-5,16.800327,0.08806306,0.2984081,0.006540966,0.11671379,0.012448211,0.45992902,0.07764338,0.76156884,0.012000756,0.14155969,0.0276369,0.36343548,0.08079476,null,null,null,null,"TWOGAUSSIANS",8,54.249664,0.2993981,0.005355958,0.4,0.0,0.36977676,0.01633729,0.76156884,0.012000756,0.4,0.0,0.27145866,0.016659668
375316653866487564,4810627739644177408,0.6030549,2147.755078826291,3.121704269344051,2.3105636E-6,18.133026,0.010333334,0.2498916,0.0019823522,0.053018965,0.0024161036,0.4720217,0.031569663,0.7570686,0.0031021438,0.05100743,0.0040593655,0.33059666,0.023587374,0.10389525,0.014501126,0.2498916,0.0019823522,"TWOGAUSSIANS_WITH_ELLIPSOIDAL_ON_ECLIPSE1",9,3.7594576,0.2498916,0.0019823522,0.2969062,0.013530181,0.6798027,0.01719915,0.7570686,0.0031021438,0.2856416,0.022732448,0.5379554,0.015766844
375316653866487564,4810653814389021312,0.5369422,2173.7396425115226,2.166171441082274,9.773078E-6,19.21231,0.003751848,0.27003166,0.01019735,0.0074197813,0.0032816236,0.46606156,0.38679886,0.7417495,0.0014878765,0.01934692,0.0010643438,0.44701716,0.01888923,null,null,null,null,"TWOGAUSSIANS",8,1.6650892,0.27003166,0.01019735,0.041550774,0.018377092,0.46606156,0.38679886,0.7417495,0.0014878765,0.10834275,0.0059603257,0.44701716,0.01888923
375316653866487564,4810658663408687744,0.5319725,2172.8115273269696,1.3277101986148427,1.2247287E-5,9.700167,0.0080080535,0.34231433,0.0022534083,0.026234016,0.004436641,0.43471232,0.014326951,null,null,null,null,null,null,0.0089759845,0.011844091,0.34231433,0.0022534083,"ONEGAUSSIAN_WITH_ELLIPSOIDAL",6,1364.7521,0.34231433,0.0022534083,0.14691049,0.02484519,0.45266426,0.017088093,null,null,null,null,null,null
375316653866487564,4810681615711774336,0.55531645,2211.8509784427965,1.0157258312070758,5.453432E-5,16.813978,0.0012572074,0.29830134,0.004448518,0.042202055,0.0028581303,0.17225187,0.0051769707,0.8328633,9.689419E-5,0.015727667,4.3792126E-4,0.8281188,0.07812002,null,null,null,null,"TWOGAUSSIANS",8,0.8130266,0.8328633,9.689419E-5,0.08807493,0.002452359,0.8281188,0.07812002,0.29830134,0.004448518,0.23633151,0.01600553,0.17225187,0.0051769707
375316653866487564,4810733327120551296,0.48456928,2244.419274386391,2.9470613262280025,3.707797E-5,13.582119,1.9441518,0.3391759,0.044775303,0.20958102,0.1400135,0.99053633,1.893111,0.75842935,0.018337594,0.10547516,0.03916035,1.2332699,0.39785987,null,null,null,null,"TWOGAUSSIANS",8,6581.852,0.75842935,0.018337594,0.4,0.0,1.0247139,0.13403782,0.3399659,0.04054553,0.4,0.0,0.6272221,0.065084495
