Gaia/vari_eclipsing_binary/VariEclipsingBinary_028339-028592.csv
# %ECSV 1.0
# ---
# delimiter: ','
# meta: !!omap
# - RELEASE: Gaia DR3
# - TABLE: vari_eclipsing_binary
# - DESCRIPTION: >
#     This table describes the properties of the eclipsing binaries resulting from the variability analysis. 
# - CITATION: >
#     How to cite and acknowledge Gaia: 
#     https://gea.esac.esa.int/archive/documentation/credits.html 
# - KNOWN_ISSUES: >
#     Known issues: 
#     https://www.cosmos.esa.int/web/gaia-users/known-issues 
# - DOCUMENTATION: >
#     Tutorials and documentation: 
#     https://www.cosmos.esa.int/web/gaia-users/archive 
# datatype:
# - 
#   name: solution_id
#   datatype: int64
#   description: Solution Identifier
#   meta:
#     ucd: meta.version
# - 
#   name: source_id
#   datatype: int64
#   description: Unique source identifier
#   meta:
#     ucd: meta.id;meta.main
# - 
#   name: global_ranking
#   datatype: float32
#   description: Number between 0 (worst) and 1 (best)
#   meta:
#     ucd: stat.param
# - 
#   name: reference_time
#   datatype: float64
#   unit: d
#   description: Reference time used for the geometric model fit
#   meta:
#     ucd: time.epoch
# - 
#   name: frequency
#   datatype: float64
#   unit: d**-1
#   description: Frequency of geometric model of the eclipsing binary light curve
#   meta:
#     ucd: src.orbital
# - 
#   name: frequency_error
#   datatype: float32
#   unit: d**-1
#   description: "Uncertainty of \\texttt{frequency}"
#   meta:
#     ucd: stat.error
# - 
#   name: geom_model_reference_level
#   datatype: float32
#   unit: mag
#   description: Magnitude reference level of geometric model
#   meta:
#     ucd: phot.mag;em.opt
# - 
#   name: geom_model_reference_level_error
#   datatype: float32
#   unit: mag
#   description: "Uncertainty of \\texttt{geomModelReferenceLevel}"
#   meta:
#     ucd: stat.error;phot.mag;em.opt
# - 
#   name: geom_model_gaussian1_phase
#   datatype: float32
#   description: Phase of the Gaussian 1 component
#   meta:
#     ucd: time.phase
# - 
#   name: geom_model_gaussian1_phase_error
#   datatype: float32
#   description: "Uncertainty of \\texttt{geomModelGaussian1Phase}"
#   meta:
#     ucd: stat.error;time.phase
# - 
#   name: geom_model_gaussian1_sigma
#   datatype: float32
#   description: "Standard deviation [phase] of Gaussian 1 component"
#   meta:
#     ucd: stat.stdev
# - 
#   name: geom_model_gaussian1_sigma_error
#   datatype: float32
#   description: "Uncertainty of \\texttt{geomModelGaussian1Sigma}"
#   meta:
#     ucd: stat.error
# - 
#   name: geom_model_gaussian1_depth
#   datatype: float32
#   unit: mag
#   description: Magnitude depth of Gaussian 1 component
#   meta:
#     ucd: src.var.amplitude
# - 
#   name: geom_model_gaussian1_depth_error
#   datatype: float32
#   unit: mag
#   description: "Uncertainty of \\texttt{geomModelGaussian1Depth}"
#   meta:
#     ucd: stat.error;src.var.amplitude
# - 
#   name: geom_model_gaussian2_phase
#   datatype: float32
#   description: Phase of Gaussian 2 component
#   meta:
#     ucd: time.phase
# - 
#   name: geom_model_gaussian2_phase_error
#   datatype: float32
#   description: "Uncertainty of \\texttt{geomModelGaussian2Phase}"
#   meta:
#     ucd: stat.error;time.phase
# - 
#   name: geom_model_gaussian2_sigma
#   datatype: float32
[...]
#   datatype: float32
#   description: "Secondary eclipse: uncertainty of \\texttt{derivedSecondaryEclDuration}"
#   meta:
#     ucd: stat.error;time.duration
# - 
#   name: derived_secondary_ecl_depth
#   datatype: float32
#   unit: mag
#   description: "Secondary eclipse: depth"
#   meta:
#     ucd: src.var.amplitude
# - 
#   name: derived_secondary_ecl_depth_error
#   datatype: float32
#   unit: mag
#   description: "Secondary eclipse: uncertainty of \\texttt{derivedSecondaryEclDepth}"
#   meta:
#     ucd: stat.error;src.var.amplitude
solution_id,source_id,global_ranking,reference_time,frequency,frequency_error,geom_model_reference_level,geom_model_reference_level_error,geom_model_gaussian1_phase,geom_model_gaussian1_phase_error,geom_model_gaussian1_sigma,geom_model_gaussian1_sigma_error,geom_model_gaussian1_depth,geom_model_gaussian1_depth_error,geom_model_gaussian2_phase,geom_model_gaussian2_phase_error,geom_model_gaussian2_sigma,geom_model_gaussian2_sigma_error,geom_model_gaussian2_depth,geom_model_gaussian2_depth_error,geom_model_cosine_half_period_amplitude,geom_model_cosine_half_period_amplitude_error,geom_model_cosine_half_period_phase,geom_model_cosine_half_period_phase_error,model_type,num_model_parameters,reduced_chi2,derived_primary_ecl_phase,derived_primary_ecl_phase_error,derived_primary_ecl_duration,derived_primary_ecl_duration_error,derived_primary_ecl_depth,derived_primary_ecl_depth_error,derived_secondary_ecl_phase,derived_secondary_ecl_phase_error,derived_secondary_ecl_duration,derived_secondary_ecl_duration_error,derived_secondary_ecl_depth,derived_secondary_ecl_depth_error
[from data line 723]
375316653866487564,251116086281289728,0.4479947,2175.187509459981,0.2000621695614445,8.46088E-5,18.648745,0.0077133197,0.47948378,0.012295024,0.054706775,0.014443459,0.374312,0.10003132,0.7475408,0.016761065,0.04121101,0.013865659,0.08371113,0.0276338,0.028706376,0.010180094,0.7475408,0.016761065,"TWOGAUSSIANS_WITH_ELLIPSOIDAL_ON_ECLIPSE2",9,10.104175,0.47881377,0.012857642,0.30635795,0.08088337,0.37507468,0.09980615,0.7475408,0.016761065,0.23078166,0.07764769,0.14112571,0.026183879
375316653866487564,251118049083798400,0.51295465,2135.954817120733,0.40331856968453794,2.7135347E-5,16.962124,0.0012729735,0.48568094,0.006191603,0.01655975,0.0034802651,0.12572181,0.014901736,0.8153705,0.012975387,0.019532459,0.014481596,0.11153244,0.0555872,null,null,null,null,"TWOGAUSSIANS",8,3.6720364,0.48568094,0.006191603,0.0927346,0.019489486,0.12572181,0.014901736,0.8153705,0.012975387,0.10938177,0.08109694,0.11153244,0.0555872
375316653866487564,251120007588881408,0.5265519,2127.5147080928373,3.0130075392225266,1.129384E-5,16.07807,0.012915884,0.19622236,0.004148311,0.09684079,0.007950546,0.2194633,0.014068632,0.69899136,0.003181398,0.10541412,0.0072017745,0.21502054,0.012413284,null,null,null,null,"TWOGAUSSIANS",8,32.72295,0.19622236,0.004148311,0.4,0.0,0.1997247,0.013064783,0.69899136,0.003181398,0.4,0.0,0.19527702,0.0059765372
375316653866487564,251121381978396800,0.4845455,2111.5114566960597,4.023582916777926,2.1608515E-5,17.860998,0.09023744,0.20406789,0.008288954,0.14235756,0.03306843,0.23547804,0.086351186,0.6849957,0.01028371,0.12436422,0.025617683,0.28633448,0.084326714,null,null,null,null,"TWOGAUSSIANS",8,9.011059,0.6849957,0.01028371,0.4,0.0,0.21031894,0.011274452,0.20436789,0.0078072706,0.4,0.0,0.15858398,0.018678352
375316653866487564,251122137892632704,0.53542227,2129.030062310269,0.1030980316730117,8.528806E-5,10.937801,0.0010984686,0.27172586,0.0027855008,0.02586001,0.0040793587,0.09099168,0.0933967,0.8153937,0.021306852,0.021399843,0.009670311,0.116142474,0.028098496,0.0026738746,0.0014262903,0.8153937,0.021306852,"TWOGAUSSIANS_WITH_ELLIPSOIDAL_ON_ECLIPSE2",9,30.5515,0.8153937,0.021306852,0.11983912,0.054153737,0.12149022,0.027933896,0.27185586,0.0026882973,0.14481606,0.02284441,0.095947966,0.09351025
375316653866487564,251123649721088512,0.6760724,2148.6293255320847,0.7002586160197551,5.0931076E-6,14.950481,0.0013615887,0.114184946,0.0017383376,0.031716883,0.0013054922,0.28261366,0.013325424,0.614527,7.6145545E-4,0.032802846,7.585508E-4,0.2848639,0.004698358,0.022756733,0.0022683172,0.114184946,0.0017383376,"TWOGAUSSIANS_WITH_ELLIPSOIDAL_ON_ECLIPSE1",9,10.809828,0.614527,7.6145545E-4,0.18369594,0.0042478843,0.3303771,0.0037587432,0.114184946,0.0017383376,0.17761454,0.007310757,0.3281271,0.012495155
375316653866487564,251136942639710592,0.5994437,2136.8213423294806,1.7013284962629918,6.6944494E-6,17.7848,0.0067535774,0.28412205,0.0017694158,0.07512147,0.0022764762,0.62727684,0.017566111,0.79732674,0.0030388373,0.085782506,0.005005395,0.28194204,0.012786328,null,null,null,null,"TWOGAUSSIANS",8,4.462919,0.28412205,0.0017694158,0.4,0.0,0.62228495,0.017729655,0.79732674,0.0030388373,0.4,0.0,0.27695012,0.013314691
375316653866487564,251142203979127808,0.65708244,2151.5047321481625,0.9889664153848047,3.969334E-6,15.643618,0.0038368474,0.23072147,0.0011593752,0.040902928,0.0072238226,0.055648185,0.009000252,0.7323351,0.004549624,0.057373725,0.0070636887,0.07094984,0.008115953,0.09060277,0.005301158,0.23072147,0.0011593752,"TWOGAUSSIANS_WITH_ELLIPSOIDAL_ON_ECLIPSE1",9,6.9735456,0.7323351,0.0040648542,0.32129285,0.039556656,0.2521317,0.0046003913,0.23072147,0.0011593752,0.22905639,0.040453408,0.23684867,0.002296102
375316653866487564,251149488244066176,0.5913589,2187.342114183933,0.054914178749637006,7.215254E-5,14.691372,0.0037406767,0.23245567,0.002017472,0.01516249,0.0042701703,1.1495147,0.43971947,0.72934353,0.013921073,0.06655003,0.015047273,0.07449927,0.19566783,0.06651175,0.0049538296,0.23245567,0.002017472,"TWOGAUSSIANS_WITH_ELLIPSOIDAL_ON_ECLIPSE1",9,287.29535,0.23245567,0.002017472,0.084909946,0.023912955,1.2824845,0.44830677,0.7305435,0.010364188,0.3726802,0.08426473,0.20743778,0.1946769
375316653866487564,251152821138651136,0.5880716,2178.2259876748462,3.366732321787653,1.4570033E-5,17.245203,0.0070079565,0.24014755,0.003540965,0.087812446,0.0036313385,0.3430466,0.01339479,0.739781,0.004207811,0.08741941,0.0050055445,0.3479004,0.0077384105,null,null,null,null,"TWOGAUSSIANS",8,10.545132,0.739781,0.004207811,0.4,0.0,0.33618113,0.0052783513,0.24014755,0.003540965,0.4,0.0,0.33132738,0.012502048
375316653866487564,251153297879631232,0.48991233,2169.2282673354134,0.32213424491057613,4.0848405E-5,19.52632,0.008038833,0.29036385,0.019909931,0.025725005,0.014429318,0.2619588,0.06123426,0.79078925,0.0015817598,0.009560221,0.010340031,0.6175189,2.2323002E7,null,null,null,null,"TWOGAUSSIANS",8,3.4622512,0.79078925,0.0015817598,0.05353724,0.057904176,0.6175189,2.2323002E7,0.29036385,0.019909931,0.14406003,0.08080418,0.2619588,0.06123426
375316653866487564,251157116105832320,0.58804107,2148.7821812790608,3.120539335777039,5.418346E-6,13.564915,0.011514878,0.26044378,0.0014542735,0.05486345,0.006784852,0.17918994,0.027229482,0.75538486,0.003953509,0.0651636,0.0061066975,0.17063549,0.02429655,0.092195734,0.013633515,0.26044378,0.0014542735,"TWOGAUSSIANS_WITH_ELLIPSOIDAL_ON_ECLIPSE1",9,191.45238,0.26044378,0.0014542735,0.30723533,0.03799517,0.36349553,0.020717442,0.75673485,0.0027899116,0.36491612,0.034197506,0.35480437,0.0069390354
375316653866487564,251167630185202560,0.575057,2127.516395841698,3.7947700533965727,7.05439E-6,19.205435,0.007913445,0.21995537,0.0026781687,0.068341784,0.004515669,0.64755106,0.049527027,0.71975887,0.00213051,0.06494915,0.0027530808,0.61552244,0.0124906255,null,null,null,null,"TWOGAUSSIANS",8,1.9558572,0.21995537,0.0026781687,0.382714,0.025287746,0.6464455,0.049964868,0.71975887,0.00213051,0.36371523,0.015417253,0.61441684,0.012425391
375316653866487564,251170546466207872,0.4975924,2165.023060988348,0.4482695866903665,3.2263088E-5,18.14813,0.0054908874,0.23479469,0.0044622766,0.047805544,0.004615388,0.10931647,0.008548178,0.7098234,0.016840879,0.07073305,0.03355809,0.30605984,0.21814224,null,null,null,null,"TWOGAUSSIANS",8,3.1277199,0.7098234,0.016840879,0.39610508,0.037866972,0.30603805,0.21888833,0.23479469,0.0044622766,0.26771104,0.025846172,0.10929467,0.008356123
375316653866487564,251172676770012032,0.53515303,2182.0600714114594,2.0615502393887843,1.4344741E-5,18.034636,0.2709406,0.3378016,0.0053596194,0.13440208,0.0592704,0.1708124,0.24604213,0.83310103,0.006035478,0.11613217,0.096018374,0.10219191,0.25462076,null,null,null,null,"TWOGAUSSIANS",8,1.2224752,0.33781162,0.004496878,0.4,0.0,0.13572921,0.0051817615,0.83310103,0.006035478,0.4,0.0,0.06742933,0.0055527105
375316653866487564,251174089815978240,0.5246855,2165.837045472326,1.1581216413747377,7.694907E-6,17.579071,0.0016607591,0.09350942,0.0067689246,0.035054244,0.005533383,0.04879239,0.0044915145,0.5874572,0.0013157536,0.035823476,0.0020596501,0.15082815,0.0077058338,null,null,null,null,"TWOGAUSSIANS",8,2.0855956,0.5874572,0.0013157536,0.20061147,0.011534041,0.15082815,0.0077058338,0.09350942,0.0067689246,0.19630376,0.030986946,0.04879239,0.0044915145
375316653866487564,251174154236214656,0.53892004,2132.556050197757,3.5277520352203107,1.5129263E-5,19.276741,0.026700538,0.3536152,0.0045023286,0.041649792,0.005829782,0.35705015,0.06738858,0.8520572,0.0070830258,0.04436006,0.013916076,0.39956382,0.13468638,0.1313399,0.040200002,0.3536152,0.0045023286,"TWOGAUSSIANS_WITH_ELLIPSOIDAL_ON_ECLIPSE1",9,5.62253,0.85219723,0.006336139,0.24841633,0.077930026,0.6622207,0.14898242,0.3536152,0.0045023286,0.23323885,0.032646783,0.6197299,0.020151142
375316653866487564,251177590221670528,0.49498904,2161.743729764263,0.34586033736276944,1.4742036E-5,17.32642,0.020703427,0.23681813,0.0051596314,0.08991826,0.022559276,0.13160017,0.009044394,0.726855,0.0043403315,0.10445796,0.02303699,0.09403914,0.016731594,null,null,null,null,"TWOGAUSSIANS",8,4.922113,0.23681813,0.0051414627,0.4,0.0,0.124622494,0.018326484,0.726855,0.0043403315,0.4,0.0,0.087059334,0.0041813185
375316653866487564,251180308928560896,0.41845495,2134.105431255221,1.1538236093002383,6.420931E-5,18.230192,0.015839286,0.31581974,0.061781812,0.09758073,0.073361695,0.06405109,0.01820991,0.7920053,0.012227001,0.051097363,0.015511906,0.12203527,0.026491113,null,null,null,null,"TWOGAUSSIANS",8,8.455728,0.7920053,0.012227001,0.28614524,0.08686667,0.121733785,0.026184069,0.31581974,0.061781812,0.4,0.0,0.063749135,0.015299937
375316653866487564,251181610299345280,0.5059963,2094.120879516401,2.736999561049703,8.144048E-6,19.65559,0.013289941,0.22571196,0.006489671,0.049090363,0.0105136745,0.209089,0.019879464,0.7305846,0.0015211761,0.05430132,0.002226232,0.5905557,0.020480938,null,null,null,null,"TWOGAUSSIANS",8,2.9310503,0.7305846,0.0015211761,0.3040874,0.0124669,0.59055096,0.020478716,0.22571196,0.006489671,0.27490604,0.058876578,0.20908424,0.01988992
375316653866487564,251182125695487360,0.518189,2153.620692171169,0.6655898354625482,5.4164237E-5,18.150896,0.0042473758,0.24020417,6.8145234E-4,0.023910707,0.0012083611,0.58842146,0.034605402,0.67358947,0.006808714,0.01110015,0.004263668,0.24054575,1.8771434,null,null,null,null,"TWOGAUSSIANS",8,5.4956646,0.24020417,6.8145234E-4,0.13389996,0.006766822,0.58842146,0.034605402,0.67358947,0.006808714,0.06216084,0.02387654,0.24054575,1.8771434
375316653866487564,251183637532747008,0.47231585,2128.6718688856517,2.1552704606892017,1.7587201E-5,18.689188,0.0049740784,0.1685197,0.011614728,0.08465588,0.013551948,0.10021897,0.009756356,0.6627142,0.0027118933,0.068526246,0.004640155,0.19411303,0.011193949,null,null,null,null,"TWOGAUSSIANS",8,2.8750587,0.6627142,0.0027118933,0.38374698,0.025984868,0.19297452,0.01133382,0.1685197,0.011614728,0.4,0.0,0.099080466,0.00998373
375316653866487564,251184049841022208,0.55050695,2137.188448078821,2.7047597370366887,8.1330245E-6,18.164356,0.008461137,0.26547077,0.0018948176,0.09398104,0.0038586406,0.34168363,0.012836944,0.7701653,0.0027014103,0.081912145,0.0059197266,0.27422774,0.011218804,null,null,null,null,"TWOGAUSSIANS",8,2.59461,0.26547077,0.0018948176,0.4,0.0,0.33165312,0.012918216,0.7701653,0.0027014103,0.4,0.0,0.26419774,0.012719286
375316653866487564,251185424230673664,0.5325194,2095.9163046311146,2.6677903311844546,1.2722875E-5,19.60699,0.0143881375,0.2305037,0.0038012145,0.06914752,0.0043392717,0.35340872,0.022988351,0.73862267,0.006631432,0.06993751,0.011161084,0.3002793,0.018665088,null,null,null,null,"TWOGAUSSIANS",8,1.1275483,0.2305037,0.0038012145,0.3872261,0.024155153,0.3525855,0.022509122,0.73862267,0.006631432,0.39165008,0.029925898,0.29945606,0.019165507
375316653866487564,251188654046125184,0.50336426,2097.8815752710684,3.582432150250485,2.8233026E-5,19.70157,0.024335897,0.30813202,0.014584354,0.08592408,0.018216116,0.20978469,0.043290023,0.81685716,0.0060735215,0.08813219,0.011081463,0.3149639,0.023777172,null,null,null,null,"TWOGAUSSIANS",8,2.18956,0.81685716,0.0060735215,0.4,0.0,0.30778408,0.017788853,0.30813202,0.014584354,0.4,0.0,0.20260492,0.03904076
375316653866487564,251189208101228288,0.5499589,2142.2059466623427,0.28239825016671294,2.650652E-5,18.417944,0.003949526,0.25020295,0.006562888,0.07142238,0.0064573563,0.09807501,0.012761896,0.76306796,0.009680063,0.021358363,0.0029025977,1.0298706,0.48534563,null,null,null,null,"TWOGAUSSIANS",8,2.7961066,0.76306796,0.009680063,0.11960684,0.016254546,1.0298705,0.48534516,0.25020295,0.006562888,0.39996535,0.022341918,0.09807494,0.012761876
375316653866487564,251189650478649600,0.42757985,2145.379514483918,0.6039958200416565,2.2976674E-4,17.809788,0.0028435416,0.19595112,0.018438693,0.059653487,0.03509009,0.031563427,0.016090507,0.6792278,0.008945914,0.030484674,0.0068285624,0.06797039,0.025538655,null,null,null,null,"TWOGAUSSIANS",8,4.0540457,0.6792278,0.008945914,0.17071417,0.03823995,0.06797039,0.025538655,0.19595112,0.018438693,0.33405954,0.1965045,0.03156342,0.016090542
375316653866487564,251189723497245568,0.5371035,2152.8109028790336,0.8786533425474017,1.0344876E-5,17.930847,0.0036846965,0.18687524,0.0024000404,0.05074364,0.009634271,0.32070827,0.08162539,0.6787692,0.0045170095,0.05113223,0.005316226,0.09632986,0.007560434,null,null,null,null,"TWOGAUSSIANS",8,2.465727,0.18687524,0.0024000404,0.28416437,0.05395192,0.3207069,0.08163813,0.6787692,0.0045170095,0.28634048,0.029770864,0.09632848,0.007558483
375316653866487564,251190440752512384,0.49286672,2160.6704558079273,1.268981501102962,2.5052748E-5,18.315762,0.021583471,0.26319823,0.02961706,0.06996428,0.028722344,0.12954327,0.028359892,0.7271763,0.01309331,0.055907935,0.02186994,0.28704858,0.018348416,null,null,null,null,"TWOGAUSSIANS",8,10.996758,0.7271763,0.01309331,0.31308445,0.0890699,0.2870066,0.018617425,0.26319823,0.02961706,0.3918,0.101921804,0.12950128,0.027526638
375316653866487564,251190646911586560,0.4882774,2122.594300460256,1.572939817275416,1.03844206E-4,18.399784,0.0022544477,0.324084,0.006154007,0.017814385,0.004815085,0.32121968,0.91209054,0.49341413,0.009709975,0.0063999803,0.0039928984,0.0631488,0.11265119,null,null,null,null,"TWOGAUSSIANS",8,1.9029741,0.324084,0.006154007,0.09976056,0.026964474,0.32121968,0.91209054,0.49341413,0.009709975,0.03583989,0.02236023,0.0631488,0.11265119
375316653866487564,251191029167269632,0.5973593,2160.3465284907334,1.542371594060389,3.2216317E-6,16.677912,0.0043127397,0.29218483,7.125039E-4,0.038195882,0.0012433527,0.35074425,0.011890644,0.7917126,0.0021343895,0.032789662,0.0033366056,0.43232596,0.087345235,0.022155272,0.006448412,0.29218483,7.125039E-4,"TWOGAUSSIANS_WITH_ELLIPSOIDAL_ON_ECLIPSE1",9,11.859989,0.7917126,0.0021261794,0.1836221,0.018684993,0.47663608,0.088346645,0.29218483,7.125039E-4,0.21389693,0.0069627753,0.39505476,0.008986966
375316653866487564,251192193099904640,0.508974,2141.9947869358957,4.3485730129088,3.1140313E-5,18.915113,0.0058496655,0.27135187,0.004926515,0.06925045,0.005354316,0.17591222,0.012361941,0.75764817,0.004700616,0.060099673,0.006557403,0.1691018,0.021360332,null,null,null,null,"TWOGAUSSIANS",8,1.8861939,0.27135187,0.004926515,0.3878025,0.02998417,0.17578268,0.012359258,0.75764817,0.004700616,0.33655816,0.036721457,0.16897227,0.021405749
375316653866487564,251193052093358976,0.49342212,2083.5136357651854,2.303992821741816,2.472051E-5,19.600086,0.0078202505,0.30753374,0.0030249138,0.052384675,0.0037090434,0.43638104,0.01970277,null,null,null,null,null,null,null,null,null,null,"ONEGAUSSIAN",5,2.0156844,0.30753374,0.0030249138,0.29335418,0.020770643,0.43638104,0.0,null,null,null,null,null,null
375316653866487564,251201092271492736,0.45649064,2119.7060609666155,3.281611927637432,1.3211604E-4,19.471424,0.011952962,0.21488011,0.018853948,0.0453476,0.017552327,0.08061149,0.022723395,0.75623095,0.014138359,0.08081815,0.015199744,0.22334155,0.033996515,null,null,null,null,"TWOGAUSSIANS",8,3.2892241,0.75623095,0.014138359,0.4,0.015599374,0.22331169,0.034012303,0.21488011,0.018853948,0.25394657,0.098293036,0.08058165,0.022752944
375316653866487564,251206937725744640,0.5936209,2140.8051302151207,2.0338188073202956,4.4024982E-6,17.518162,0.001502815,0.7555575,0.0017989068,0.057319313,0.0035461586,0.21923427,0.011188603,null,null,null,null,null,null,0.05625238,0.0026385838,0.7555575,0.0017989068,"ONEGAUSSIAN_WITH_ELLIPSOIDAL",6,2.5953567,0.7555575,0.0017989068,0.32098815,0.019858487,0.33172286,0.0105164815,null,null,null,null,null,null
