Gaia/vari_eclipsing_binary/VariEclipsingBinary_636390-636486.csv
# %ECSV 1.0
# ---
# delimiter: ','
# meta: !!omap
# - RELEASE: Gaia DR3
# - TABLE: vari_eclipsing_binary
# - DESCRIPTION: >
#     This table describes the properties of the eclipsing binaries resulting from the variability analysis. 
# - CITATION: >
#     How to cite and acknowledge Gaia: 
#     https://gea.esac.esa.int/archive/documentation/credits.html 
# - KNOWN_ISSUES: >
#     Known issues: 
#     https://www.cosmos.esa.int/web/gaia-users/known-issues 
# - DOCUMENTATION: >
#     Tutorials and documentation: 
#     https://www.cosmos.esa.int/web/gaia-users/archive 
# datatype:
# - 
#   name: solution_id
#   datatype: int64
#   description: Solution Identifier
#   meta:
#     ucd: meta.version
# - 
#   name: source_id
#   datatype: int64
#   description: Unique source identifier
#   meta:
#     ucd: meta.id;meta.main
# - 
#   name: global_ranking
#   datatype: float32
#   description: Number between 0 (worst) and 1 (best)
#   meta:
#     ucd: stat.param
# - 
#   name: reference_time
#   datatype: float64
#   unit: d
#   description: Reference time used for the geometric model fit
#   meta:
#     ucd: time.epoch
# - 
#   name: frequency
#   datatype: float64
#   unit: d**-1
#   description: Frequency of geometric model of the eclipsing binary light curve
#   meta:
#     ucd: src.orbital
# - 
#   name: frequency_error
#   datatype: float32
#   unit: d**-1
#   description: "Uncertainty of \\texttt{frequency}"
#   meta:
#     ucd: stat.error
# - 
#   name: geom_model_reference_level
#   datatype: float32
#   unit: mag
#   description: Magnitude reference level of geometric model
#   meta:
#     ucd: phot.mag;em.opt
# - 
#   name: geom_model_reference_level_error
#   datatype: float32
#   unit: mag
#   description: "Uncertainty of \\texttt{geomModelReferenceLevel}"
#   meta:
#     ucd: stat.error;phot.mag;em.opt
# - 
#   name: geom_model_gaussian1_phase
#   datatype: float32
#   description: Phase of the Gaussian 1 component
#   meta:
#     ucd: time.phase
# - 
#   name: geom_model_gaussian1_phase_error
#   datatype: float32
#   description: "Uncertainty of \\texttt{geomModelGaussian1Phase}"
#   meta:
#     ucd: stat.error;time.phase
# - 
#   name: geom_model_gaussian1_sigma
#   datatype: float32
#   description: "Standard deviation [phase] of Gaussian 1 component"
#   meta:
#     ucd: stat.stdev
# - 
#   name: geom_model_gaussian1_sigma_error
#   datatype: float32
#   description: "Uncertainty of \\texttt{geomModelGaussian1Sigma}"
#   meta:
#     ucd: stat.error
# - 
#   name: geom_model_gaussian1_depth
#   datatype: float32
#   unit: mag
#   description: Magnitude depth of Gaussian 1 component
#   meta:
#     ucd: src.var.amplitude
# - 
#   name: geom_model_gaussian1_depth_error
#   datatype: float32
#   unit: mag
#   description: "Uncertainty of \\texttt{geomModelGaussian1Depth}"
#   meta:
#     ucd: stat.error;src.var.amplitude
# - 
#   name: geom_model_gaussian2_phase
#   datatype: float32
#   description: Phase of Gaussian 2 component
#   meta:
#     ucd: time.phase
# - 
#   name: geom_model_gaussian2_phase_error
#   datatype: float32
#   description: "Uncertainty of \\texttt{geomModelGaussian2Phase}"
#   meta:
#     ucd: stat.error;time.phase
# - 
#   name: geom_model_gaussian2_sigma
#   datatype: float32
[...]
#   datatype: float32
#   description: "Secondary eclipse: uncertainty of \\texttt{derivedSecondaryEclDuration}"
#   meta:
#     ucd: stat.error;time.duration
# - 
#   name: derived_secondary_ecl_depth
#   datatype: float32
#   unit: mag
#   description: "Secondary eclipse: depth"
#   meta:
#     ucd: src.var.amplitude
# - 
#   name: derived_secondary_ecl_depth_error
#   datatype: float32
#   unit: mag
#   description: "Secondary eclipse: uncertainty of \\texttt{derivedSecondaryEclDepth}"
#   meta:
#     ucd: stat.error;src.var.amplitude
solution_id,source_id,global_ranking,reference_time,frequency,frequency_error,geom_model_reference_level,geom_model_reference_level_error,geom_model_gaussian1_phase,geom_model_gaussian1_phase_error,geom_model_gaussian1_sigma,geom_model_gaussian1_sigma_error,geom_model_gaussian1_depth,geom_model_gaussian1_depth_error,geom_model_gaussian2_phase,geom_model_gaussian2_phase_error,geom_model_gaussian2_sigma,geom_model_gaussian2_sigma_error,geom_model_gaussian2_depth,geom_model_gaussian2_depth_error,geom_model_cosine_half_period_amplitude,geom_model_cosine_half_period_amplitude_error,geom_model_cosine_half_period_phase,geom_model_cosine_half_period_phase_error,model_type,num_model_parameters,reduced_chi2,derived_primary_ecl_phase,derived_primary_ecl_phase_error,derived_primary_ecl_duration,derived_primary_ecl_duration_error,derived_primary_ecl_depth,derived_primary_ecl_depth_error,derived_secondary_ecl_phase,derived_secondary_ecl_phase_error,derived_secondary_ecl_duration,derived_secondary_ecl_duration_error,derived_secondary_ecl_depth,derived_secondary_ecl_depth_error
[from data line 575]
375316653866487564,5598300174528430080,0.5591203,2242.6780711298193,0.8337019358241593,1.863788E-5,18.305582,0.0022740918,0.2045215,0.0078045563,0.02552898,0.0042651105,0.26465678,0.02242543,0.7057143,0.0071488703,0.0381473,0.0068459655,0.20021197,0.010920815,null,null,null,null,"TWOGAUSSIANS",8,1.9693033,0.2045215,0.0078045563,0.14296229,0.023884619,0.26465678,0.02242543,0.7057143,0.0071488703,0.2136249,0.038337406,0.20021197,0.010920815
375316653866487564,5598300204586175232,0.50580525,2258.5118259816113,2.137175316920457,1.40023985E-5,18.302982,0.0031248392,0.32850993,0.0054988842,0.035142504,0.0077215345,0.084133536,0.07410248,0.82594454,0.0011996471,0.034199804,0.0019424531,0.18839921,0.007143142,null,null,null,null,"TWOGAUSSIANS",8,2.1833415,0.82594454,0.0011996471,0.1915189,0.010877738,0.18839921,0.007143142,0.32850993,0.0054988842,0.19679803,0.043240592,0.084133536,0.07410248
375316653866487564,5598300582543379968,0.5575616,2242.335146351159,3.1170661025283386,1.1803959E-5,18.264011,0.012867919,0.25590226,0.0023496463,0.06843619,0.003764461,0.6464703,0.02468765,0.760577,0.0040275003,0.06386871,0.003755056,0.42135704,0.021708548,null,null,null,null,"TWOGAUSSIANS",8,13.535318,0.25590226,0.0023496463,0.3832427,0.021080982,0.6457433,0.02474676,0.760577,0.0040275003,0.35766476,0.021028314,0.42063,0.021570459
375316653866487564,5598301991292645760,0.5443929,2230.6681646959028,3.124347696954447,8.495692E-6,17.740654,0.0124759665,0.13983119,0.0038669228,0.1027224,0.005814109,0.30365503,0.014329918,0.6567365,0.0028550732,0.095783204,0.007206526,0.2685764,0.012343117,null,null,null,null,"TWOGAUSSIANS",8,7.497408,0.13983119,0.0038669228,0.4,0.0,0.28438166,0.012089169,0.6567465,0.0028638332,0.4,0.0,0.24930786,0.0122302305
375316653866487564,5598302236112670720,0.6301333,2265.753048604391,0.1648670685734854,2.1687015E-6,17.411352,0.001987716,0.33718088,2.7344082E-4,0.006931256,4.1450342E-4,0.5375953,0.016720952,0.5516707,0.027467407,0.028103277,0.014370309,0.27899602,0.7725941,null,null,null,null,"TWOGAUSSIANS",8,3.878091,0.33718088,2.7344082E-4,0.038815033,0.002321219,0.5375953,0.016720952,0.5516707,0.027467407,0.15737835,0.08047373,0.27899602,0.7725941
375316653866487564,5598304705712131840,0.44403416,2224.1210043173132,0.21799159601847087,5.7116875E-5,18.004744,0.10863012,0.2323213,0.025889292,0.06626477,0.09579713,0.049040224,0.08887248,0.75538903,0.032749582,0.1113519,0.106409654,0.07343163,0.108389,null,null,null,null,"TWOGAUSSIANS",8,3.8578904,0.75538903,0.032573823,0.4,0.0,0.07183191,0.017800987,0.23230131,0.027637912,0.37108272,0.1331768,0.04744932,0.012303634
375316653866487564,5598305946964198400,0.42480984,2252.802189657947,0.19760884881875845,6.397133E-5,17.266739,0.006650159,0.2665027,0.0202846,0.083595194,0.022269234,0.08546549,0.011885756,0.78416485,0.022771217,0.058109287,0.015703708,0.1113013,0.059944574,null,null,null,null,"TWOGAUSSIANS",8,9.338836,0.78416485,0.022771217,0.325412,0.08794077,0.11106512,0.06001388,0.2665027,0.0202846,0.4,0.0152591085,0.0852293,0.01208782
375316653866487564,5598306148816999552,0.52459496,2228.3371472133576,2.313189617802598,1.980019E-5,18.495394,0.0013623395,0.23612416,0.008759944,0.01547466,0.008050805,0.6479158,0.51281786,0.600588,0.015191175,0.032244697,0.029951595,0.02912287,0.30258992,null,null,null,null,"TWOGAUSSIANS",8,0.7382462,0.23612416,0.008759944,0.0866581,0.04508451,0.6479158,0.51281786,0.600588,0.015191175,0.18057032,0.16772893,0.02912287,0.30258992
375316653866487564,5598306599799455616,0.4455067,2247.344856044544,0.21797407150035325,1.874608E-5,17.161224,0.017715823,0.15554947,0.035203777,0.0843338,0.04058112,0.04184671,0.015340794,0.67107207,0.009990669,0.12849034,0.031021206,0.07927455,0.01695731,null,null,null,null,"TWOGAUSSIANS",8,4.91909,0.67107207,0.009990669,0.4,0.0,0.07287461,0.0055329883,0.15535946,0.035095394,0.4,0.11533133,0.035537064,0.011230712
375316653866487564,5598307080827890688,0.56138724,2226.952868832382,3.2042581102393526,1.2407371E-5,19.060623,0.010366312,0.25080702,0.0034803378,0.08544628,0.0047784313,0.45321122,0.02216815,0.7591339,0.0028855926,0.08477861,0.004405919,0.47231275,0.011934892,null,null,null,null,"TWOGAUSSIANS",8,2.5731502,0.7591339,0.0028855926,0.4,0.0,0.46160084,0.011564468,0.25080702,0.0034803378,0.4,0.0,0.4424993,0.022854215
375316653866487564,5598308313481085312,0.5212833,2223.6051758445733,3.2052600581795425,1.1366214E-5,19.517225,0.011002678,0.23334622,0.0057407753,0.08178716,0.008784051,0.28624493,0.013773661,0.73647827,0.005053514,0.07519427,0.006635423,0.26608023,0.012795763,null,null,null,null,"TWOGAUSSIANS",8,1.4741939,0.23334622,0.0057407753,0.4,0.0,0.28299707,0.012918839,0.73647827,0.005053514,0.4,0.0,0.26283237,0.010874532
375316653866487564,5598308725796372992,0.574678,2212.523303381183,0.3490896183011989,1.1653017E-5,17.930944,0.001135035,0.35933948,0.0024353394,0.0064804447,0.0024536878,0.02056433,0.006207311,0.47376743,0.010298673,0.0071873562,0.0050979443,0.36579418,0.40553853,null,null,null,null,"TWOGAUSSIANS",8,0.8786603,0.47376743,0.010298673,0.040249195,0.028548488,0.36579418,0.40553853,0.35933948,0.0024353394,0.03629049,0.013740652,0.02056433,0.006207311
375316653866487564,5598308798822896256,0.5628105,2233.563419735974,0.588140621861321,1.0170089E-5,15.79328,4.7883025E-4,0.22749567,4.733234E-4,2.752371E-4,1.1555094E-4,2.1254442,1.8757745,0.7471419,0.021254033,0.019547323,0.01608681,0.039111014,0.50161177,0.009789381,8.8143727E-4,0.22749567,4.733234E-4,"TWOGAUSSIANS_WITH_ELLIPSOIDAL_ON_ECLIPSE1",9,2.3995245,0.22749567,4.733234E-4,0.0015413278,6.4708525E-4,2.1450229,1.8758312,0.7471419,0.021254033,0.10946501,0.09008613,0.058392957,0.5023299
375316653866487564,5598309073700564608,0.6519021,2231.5954111728856,2.0470338682095224,3.4033487E-6,14.601367,0.011704741,0.19297561,0.0010696264,0.063663974,0.0054883366,0.18004721,0.020740787,0.68976915,0.0010133008,0.06773152,0.0102603985,0.12124609,0.020663956,0.08185049,0.0127435,0.68976915,0.0010133008,"TWOGAUSSIANS_WITH_ELLIPSOIDAL_ON_ECLIPSE2",9,18.605927,0.19225562,7.5960165E-4,0.35651824,0.030734684,0.34349748,0.008422159,0.68976915,0.0010133008,0.37929654,0.057458233,0.28474784,0.01880259
375316653866487564,5598310001413512320,0.51206213,2244.470920181752,1.802747329881471,1.2177701E-5,17.87737,0.020573786,0.2672317,0.011035608,0.10224773,0.022027785,0.14835377,0.01935225,0.77167547,0.0027709792,0.07613084,0.0063823713,0.3740953,0.025097132,null,null,null,null,"TWOGAUSSIANS",8,15.799809,0.77167547,0.0027721426,0.4,0.0,0.36630714,0.022044506,0.2672317,0.011035608,0.4,0.0,0.14056368,0.013685529
375316653866487564,5598310478143596160,0.6138397,2213.3062714830407,2.1903997360544114,4.712998E-6,17.420132,0.0047587883,0.2570521,0.0012586338,0.083595484,0.002038456,0.2770871,0.0050693983,0.7551534,0.0018588302,0.09234575,0.0025904425,0.2363232,0.005674918,null,null,null,null,"TWOGAUSSIANS",8,2.0674102,0.2570521,0.0012586338,0.4,0.0,0.2683923,0.0038796668,0.7551534,0.0018588302,0.4,0.0,0.2276282,0.0046557663
375316653866487564,5598310753021635968,0.515014,2229.664319387884,2.9199759838552186,2.8843147E-5,18.39247,0.045585472,0.26362264,0.012014865,0.10128924,0.025063409,0.24349199,0.036929075,0.7679263,0.008698225,0.09722187,0.019006211,0.2499938,0.04498524,null,null,null,null,"TWOGAUSSIANS",8,7.346897,0.7679263,0.008697302,0.4,0.0,0.23042756,0.016567722,0.26362264,0.012018891,0.4,0.0,0.22392413,0.01606078
375316653866487564,5598310821740796032,0.55238044,2218.3049559824717,3.3970738072947926,8.723691E-6,19.54128,0.011025578,0.26248616,0.003282901,0.07312167,0.0051015206,0.5422693,0.011295766,0.7596462,0.0033814285,0.07247659,0.004929709,0.481514,0.022517966,null,null,null,null,"TWOGAUSSIANS",8,2.4402623,0.26248616,0.003282901,0.4,0.0,0.53964186,0.011703816,0.7596462,0.0033814285,0.4,0.007736497,0.4788866,0.022891402
375316653866487564,5598311100925075456,0.48352593,2226.521182653152,3.078868123465301,1.9151956E-5,16.32638,0.015156929,0.24811181,0.0068741427,0.09607674,0.012818353,0.15179092,0.014924486,0.74275964,0.006449198,0.10934402,0.013444909,0.145953,0.014416766,null,null,null,null,"TWOGAUSSIANS",8,35.060833,0.24811181,0.0068879435,0.4,0.0,0.13741674,0.0071276715,0.74275964,0.006449198,0.4,0.0,0.13157062,0.0078059738
375316653866487564,5598311685040600320,0.6291743,2236.2857475510878,2.308109142880869,2.4771628E-6,16.90724,0.019917846,0.1945169,0.0013490408,0.06236916,0.0067145303,0.19449629,0.045590848,0.69234896,0.001388756,0.06440925,0.003705961,0.46649364,0.043234177,0.049543127,0.026382383,0.1945169,0.0013490408,"TWOGAUSSIANS_WITH_ELLIPSOIDAL_ON_ECLIPSE1",9,11.936728,0.69248897,0.0012639457,0.36069182,0.020753382,0.56528485,0.016469447,0.1945169,0.0013490408,0.3492673,0.03760137,0.29330468,0.010751929
375316653866487564,5598312681472996736,0.5607748,2246.9187148068145,0.5971436370553936,4.6627697E-6,17.165756,0.0010740971,0.33210507,0.0011843041,0.019713035,0.0010339626,0.21185713,0.015418789,0.8338649,0.007138271,0.02335753,0.011137244,0.056823898,0.085686475,null,null,null,null,"TWOGAUSSIANS",8,2.48282,0.33210507,0.0011843041,0.110392995,0.0057901903,0.21185713,0.015418789,0.8338649,0.007138271,0.13080217,0.062368568,0.056823898,0.085686475
375316653866487564,5598313746624966016,0.62764657,2238.8025885022935,1.3038596583834623,1.0837673E-5,15.881287,0.005034256,0.26110733,0.003144833,0.03352562,0.0032753742,0.09362856,0.010704306,0.7672705,0.002036493,0.037300255,0.0016610062,1.2574159,0.059054885,0.03777322,0.0060912943,0.26110733,0.003144833,"TWOGAUSSIANS_WITH_ELLIPSOIDAL_ON_ECLIPSE1",9,61.77625,0.7672705,0.002036493,0.20888144,0.0093016345,1.332849,0.06122091,0.26110733,0.003144833,0.18774347,0.018342096,0.16917498,0.0035537079
375316653866487564,5598315116706724864,0.6397049,2252.4097724418357,0.09478124885620681,9.697243E-6,11.716827,6.646066E-4,0.90312433,0.0016853239,0.016300254,0.0017748832,0.8500368,0.21725339,null,null,null,null,null,null,null,null,null,null,"ONEGAUSSIAN",5,41.500137,0.90312433,0.0016853239,0.09128142,0.009939346,0.8500368,0.0,null,null,null,null,null,null
375316653866487564,5598316151806594048,0.6259788,2270.4013029309012,0.3361041786169654,3.5391058E-6,13.757108,0.0010799993,0.26917633,0.0016152057,0.014814487,0.0015163138,0.38237318,0.061080504,0.76910096,0.005030752,0.014854085,0.002621291,0.21714775,0.01296207,0.0012735965,0.0018901139,0.26917633,0.0016152057,"TWOGAUSSIANS_WITH_ELLIPSOIDAL_ON_ECLIPSE1",9,41.537323,0.26917633,0.0016152057,0.08296113,0.008491357,0.3849204,0.06134426,0.76910096,0.005030752,0.08318287,0.01467923,0.21969494,0.01274165
375316653866487564,5598316628541772160,0.52190804,2283.9589426686384,0.4024078082797313,1.5825957E-5,17.766272,0.0018462718,0.32042858,2.398432E-5,0.016370328,3.5569124E-4,0.123639315,9.7291387E-4,0.82069224,0.0038767892,0.012030326,0.002694261,0.14831154,0.020995341,null,null,null,null,"TWOGAUSSIANS",8,2.6820188,0.82069224,0.0038767892,0.067369826,0.015087862,0.14831154,0.020995341,0.32042858,2.398432E-5,0.091673836,0.0019918708,0.123639315,9.7291387E-4
375316653866487564,5598318277802692224,0.6629209,2240.421208857466,0.15029505295488305,6.134855E-6,12.141027,0.002019037,0.12459707,0.0036508455,0.020435844,0.0032709623,0.043445546,0.0077205715,0.62522477,4.7464803E-4,0.023958575,4.910617E-4,0.7665062,0.009980134,0.01365117,0.002501131,0.12459707,0.0036508455,"TWOGAUSSIANS_WITH_ELLIPSOIDAL_ON_ECLIPSE1",9,179.77907,0.62522477,4.7464803E-4,0.13416803,0.0027499457,0.7938081,0.009732355,0.12459707,0.0036508455,0.114440724,0.018317388,0.07074784,0.006786571
375316653866487564,5598321649364565120,0.5775167,2296.868254441355,0.07518980914063168,5.5157498E-6,15.994675,7.8790414E-4,0.66108465,0.0011442711,0.008911942,6.6787057E-4,0.20777704,0.0062170457,0.29719645,0.022352163,0.024559462,0.006815772,0.08905084,0.17353503,null,null,null,null,"TWOGAUSSIANS",8,3.3978708,0.66108465,0.0011442711,0.04990688,0.0037400753,0.20777704,0.0062170457,0.29719645,0.022352163,0.137533,0.038168322,0.08905084,0.17353503
375316653866487564,5598323161193206400,0.58281606,2266.9346979228258,0.712257341849017,1.5338106E-5,17.002798,9.611882E-4,0.23648399,0.0013113675,0.027612185,0.0015937266,0.18213984,0.0062603108,0.72923386,0.014670013,0.036471445,0.006958135,0.057414226,0.009504491,null,null,null,null,"TWOGAUSSIANS",8,1.8349433,0.23648399,0.0013113675,0.15462825,0.008924869,0.18213984,0.0062603108,0.72923386,0.014670013,0.2042401,0.038965553,0.057414226,0.009504491
375316653866487564,5598324462558775424,0.6441639,2270.645893818006,0.222633266408459,9.593705E-5,15.970601,7.3692313E-4,0.14513876,0.012980646,0.043790635,0.04887371,0.014543458,3.10126739E11,0.6731625,2.5731555E-4,0.01440652,2.544549E-4,0.32999536,6.3196395E-4,null,null,null,null,"TWOGAUSSIANS",8,2.1262078,0.6731625,2.5731555E-4,0.08067651,0.0014249475,0.32999536,6.3196395E-4,0.14513876,0.012980646,0.24522755,0.2736928,0.014543458,3.10126739E11
375316653866487564,5598325257128828416,0.49246874,2276.195568850849,3.8917906149698176,3.299602E-5,19.823626,0.021716109,0.2663645,0.0098427795,0.064308666,0.017749501,0.20388277,0.020832084,0.7568137,0.014688721,0.07883377,0.021770991,0.20243496,0.018266983,null,null,null,null,"TWOGAUSSIANS",8,1.4115317,0.2663645,0.0098427795,0.36012855,0.068616495,0.20316724,0.018665405,0.7568137,0.014688721,0.4,0.028205328,0.20171943,0.016676065
375316653866487564,5598325635094255488,0.6121305,2245.989484930334,1.9700853105580727,1.5607226E-6,17.278769,0.0011754367,0.5415558,2.549106E-4,0.010810677,9.02202E-5,1.0490508,0.022084847,0.9241862,0.03386528,0.055000886,0.03241468,0.010842616,0.014918739,null,null,null,null,"TWOGAUSSIANS",8,1.0894996,0.5415558,2.549106E-4,0.06053979,5.052331E-4,1.0490508,0.022084843,0.9241862,0.03386528,0.30800495,0.15193626,0.010842616,0.014918739
375316653866487564,5598325841252661504,0.5715746,2248.5631376252504,1.3842215489412173,5.947988E-6,15.517067,0.001106173,0.74376327,0.0017221204,0.053921014,0.0128410375,0.036687415,0.0060386695,null,null,null,null,null,null,0.039424494,0.0013193794,0.74376327,0.0017221204,"ONEGAUSSIAN_WITH_ELLIPSOIDAL",6,6.167902,0.74376327,0.0017221204,0.30195767,0.071909815,0.11553546,0.0064226245,null,null,null,null,null,null
375316653866487564,5598328933623303296,0.45055246,2258.5938378268797,2.359985779316758,1.415697E-5,17.459251,0.2247658,0.2900691,0.004317189,0.12712185,0.045204073,0.19929543,0.2071613,0.78844917,0.00960564,0.12030054,0.072511494,0.15511487,0.21683998,null,null,null,null,"TWOGAUSSIANS",8,13.20343,0.29007912,0.004117063,0.4,0.0,0.15424344,0.007703844,0.78844917,0.009927664,0.4,0.0,0.110182226,0.01153301
375316653866487564,5598330406791359744,0.4821903,2228.926968168043,0.7209945926232875,3.3965196E-5,19.23033,0.0062169703,0.33476046,0.004227923,0.02205701,0.0023807583,0.31293473,0.023777448,0.835313,0.0049954974,0.016092442,0.009539194,0.50759244,2.8127697,null,null,null,null,"TWOGAUSSIANS",8,4.8218813,0.835313,0.0049954974,0.09011768,0.05341949,0.50759244,2.8127697,0.33476046,0.004227923,0.12351926,0.013332247,0.31293473,0.023777448
375316653866487564,5598330479820792320,0.46302325,2251.4299472832527,0.18972830264095128,4.1480987E-5,16.58676,0.007355301,0.26988477,0.0028581766,0.021161258,0.0035186429,0.13820237,0.029631045,0.5492489,0.033725634,0.051213145,0.0282324,0.43424326,4.9754257,0.008124068,0.012182778,0.26988477,0.0028581766,"TWOGAUSSIANS_WITH_ELLIPSOIDAL_ON_ECLIPSE1",9,175.60521,0.5494689,0.033504482,0.2867936,0.15810144,0.43479422,4.9770856,0.26988477,0.0028581766,0.11850305,0.0197044,0.15445064,0.0210846
