Gaia/vari_eclipsing_binary/VariEclipsingBinary_405724-407724.csv
# %ECSV 1.0
# ---
# delimiter: ','
# meta: !!omap
# - RELEASE: Gaia DR3
# - TABLE: vari_eclipsing_binary
# - DESCRIPTION: >
#     This table describes the properties of the eclipsing binaries resulting from the variability analysis. 
# - CITATION: >
#     How to cite and acknowledge Gaia: 
#     https://gea.esac.esa.int/archive/documentation/credits.html 
# - KNOWN_ISSUES: >
#     Known issues: 
#     https://www.cosmos.esa.int/web/gaia-users/known-issues 
# - DOCUMENTATION: >
#     Tutorials and documentation: 
#     https://www.cosmos.esa.int/web/gaia-users/archive 
# datatype:
# - 
#   name: solution_id
#   datatype: int64
#   description: Solution Identifier
#   meta:
#     ucd: meta.version
# - 
#   name: source_id
#   datatype: int64
#   description: Unique source identifier
#   meta:
#     ucd: meta.id;meta.main
# - 
#   name: global_ranking
#   datatype: float32
#   description: Number between 0 (worst) and 1 (best)
#   meta:
#     ucd: stat.param
# - 
#   name: reference_time
#   datatype: float64
#   unit: d
#   description: Reference time used for the geometric model fit
#   meta:
#     ucd: time.epoch
# - 
#   name: frequency
#   datatype: float64
#   unit: d**-1
#   description: Frequency of geometric model of the eclipsing binary light curve
#   meta:
#     ucd: src.orbital
# - 
#   name: frequency_error
#   datatype: float32
#   unit: d**-1
#   description: "Uncertainty of \\texttt{frequency}"
#   meta:
#     ucd: stat.error
# - 
#   name: geom_model_reference_level
#   datatype: float32
#   unit: mag
#   description: Magnitude reference level of geometric model
#   meta:
#     ucd: phot.mag;em.opt
# - 
#   name: geom_model_reference_level_error
#   datatype: float32
#   unit: mag
#   description: "Uncertainty of \\texttt{geomModelReferenceLevel}"
#   meta:
#     ucd: stat.error;phot.mag;em.opt
# - 
#   name: geom_model_gaussian1_phase
#   datatype: float32
#   description: Phase of the Gaussian 1 component
#   meta:
#     ucd: time.phase
# - 
#   name: geom_model_gaussian1_phase_error
#   datatype: float32
#   description: "Uncertainty of \\texttt{geomModelGaussian1Phase}"
#   meta:
#     ucd: stat.error;time.phase
# - 
#   name: geom_model_gaussian1_sigma
#   datatype: float32
#   description: "Standard deviation [phase] of Gaussian 1 component"
#   meta:
#     ucd: stat.stdev
# - 
#   name: geom_model_gaussian1_sigma_error
#   datatype: float32
#   description: "Uncertainty of \\texttt{geomModelGaussian1Sigma}"
#   meta:
#     ucd: stat.error
# - 
#   name: geom_model_gaussian1_depth
#   datatype: float32
#   unit: mag
#   description: Magnitude depth of Gaussian 1 component
#   meta:
#     ucd: src.var.amplitude
# - 
#   name: geom_model_gaussian1_depth_error
#   datatype: float32
#   unit: mag
#   description: "Uncertainty of \\texttt{geomModelGaussian1Depth}"
#   meta:
#     ucd: stat.error;src.var.amplitude
# - 
#   name: geom_model_gaussian2_phase
#   datatype: float32
#   description: Phase of Gaussian 2 component
#   meta:
#     ucd: time.phase
# - 
#   name: geom_model_gaussian2_phase_error
#   datatype: float32
#   description: "Uncertainty of \\texttt{geomModelGaussian2Phase}"
#   meta:
#     ucd: stat.error;time.phase
# - 
#   name: geom_model_gaussian2_sigma
#   datatype: float32
[...]
#   datatype: float32
#   description: "Secondary eclipse: uncertainty of \\texttt{derivedSecondaryEclDuration}"
#   meta:
#     ucd: stat.error;time.duration
# - 
#   name: derived_secondary_ecl_depth
#   datatype: float32
#   unit: mag
#   description: "Secondary eclipse: depth"
#   meta:
#     ucd: src.var.amplitude
# - 
#   name: derived_secondary_ecl_depth_error
#   datatype: float32
#   unit: mag
#   description: "Secondary eclipse: uncertainty of \\texttt{derivedSecondaryEclDepth}"
#   meta:
#     ucd: stat.error;src.var.amplitude
solution_id,source_id,global_ranking,reference_time,frequency,frequency_error,geom_model_reference_level,geom_model_reference_level_error,geom_model_gaussian1_phase,geom_model_gaussian1_phase_error,geom_model_gaussian1_sigma,geom_model_gaussian1_sigma_error,geom_model_gaussian1_depth,geom_model_gaussian1_depth_error,geom_model_gaussian2_phase,geom_model_gaussian2_phase_error,geom_model_gaussian2_sigma,geom_model_gaussian2_sigma_error,geom_model_gaussian2_depth,geom_model_gaussian2_depth_error,geom_model_cosine_half_period_amplitude,geom_model_cosine_half_period_amplitude_error,geom_model_cosine_half_period_phase,geom_model_cosine_half_period_phase_error,model_type,num_model_parameters,reduced_chi2,derived_primary_ecl_phase,derived_primary_ecl_phase_error,derived_primary_ecl_duration,derived_primary_ecl_duration_error,derived_primary_ecl_depth,derived_primary_ecl_depth_error,derived_secondary_ecl_phase,derived_secondary_ecl_phase_error,derived_secondary_ecl_duration,derived_secondary_ecl_duration_error,derived_secondary_ecl_depth,derived_secondary_ecl_depth_error
[from data line 251]
375316653866487564,3582327493111410432,0.43951398,2063.312867750267,2.7083550792647046,1.1049569E-4,17.995111,0.007440013,0.38356426,0.013230347,0.08776911,0.020663127,0.12076059,0.015759923,0.889571,0.002294701,0.009412206,0.006243414,0.22555313,3.406246,null,null,null,null,"TWOGAUSSIANS",8,14.0560665,0.889571,0.002294701,0.05270835,0.03496312,0.22555292,3.4062462,0.38356426,0.013230347,0.4,0.0,0.12076037,0.01576031
375316653866487564,3582378723481310080,0.5942882,2073.6568782227964,4.329464390381992,8.527486E-6,18.150494,0.011618237,0.24860917,0.0012472183,0.044049688,0.003640701,0.41278157,0.032758754,0.7474536,0.0024191919,0.045005526,0.0036735188,0.50276595,0.038652424,0.13280876,0.015021622,0.24860917,0.0012472183,"TWOGAUSSIANS_WITH_ELLIPSOIDAL_ON_ECLIPSE1",9,7.5436125,0.7475436,0.0022400054,0.25203097,0.020571705,0.7683703,0.036661968,0.24860917,0.0012472183,0.24667826,0.020387927,0.6783988,0.033227038
375316653866487564,3582418791232556800,0.45521203,2082.9166413687544,0.08012689122497131,1.566124E-5,15.127237,9.1033254E-4,0.11792461,0.023734905,0.034312528,0.022204423,0.016416375,0.0152886445,0.5645038,0.0060133273,0.014054638,0.009101001,0.04434725,0.007416816,null,null,null,null,"TWOGAUSSIANS",8,11.966933,0.5645038,0.0060133273,0.078705974,0.050965603,0.04434725,0.007416816,0.11792461,0.023734905,0.19215015,0.12434477,0.016416375,0.0152886445
375316653866487564,3582420784097704832,0.44738406,2107.923084651073,2.9510337492514176,3.0557465E-5,18.572962,0.003198139,0.3510232,0.0069295154,0.039070215,0.0027486642,0.19611415,0.040065695,0.8564629,0.0064964383,0.020889595,0.0041401433,0.6500055,0.28393257,null,null,null,null,"TWOGAUSSIANS",8,2.0904028,0.8564629,0.0064964383,0.11698174,0.023184802,0.6500055,0.28393257,0.3510232,0.0069295154,0.2187932,0.0153925195,0.19611415,0.040065695
375316653866487564,3582506919665391616,0.521032,2083.714081948628,2.2567975082393104,9.17935E-6,15.887935,0.0017810764,null,null,null,null,null,null,null,null,null,null,null,null,0.059767287,0.0025157037,0.19769132,0.0034388509,"ELLIPSOIDAL",4,15.345436,null,null,null,null,null,null,null,null,null,null,null,null
375316653866487564,3582607323117362688,0.6686739,2061.7590682806176,3.7017630291549795,3.702247E-6,14.944419,0.011188876,0.31577283,0.0025772522,0.051674947,0.004865961,0.47064963,0.02845629,0.8110094,0.001688027,0.04642901,0.0033947693,0.35938227,0.025570316,0.11818676,0.0145039605,0.31577283,0.0025772522,"TWOGAUSSIANS_WITH_ELLIPSOIDAL_ON_ECLIPSE1",9,67.6332,0.31577283,0.0025772522,0.2893797,0.027249383,0.7070185,0.01666092,0.8114894,0.0014189762,0.26000243,0.019010708,0.5955607,0.019004561
375316653866487564,3582727822718986112,0.50026876,2091.400537852238,3.1363673128366854,3.1350726E-5,16.801188,0.0028719194,0.75318336,0.003932867,0.027621629,0.013429474,0.013495374,6.0314755,null,null,null,null,null,null,0.06319608,0.005045812,0.75318336,0.003932867,"ONEGAUSSIAN_WITH_ELLIPSOIDAL",6,15.229102,0.75318336,0.003932867,0.15468112,0.07520505,0.13988736,6.0300117,null,null,null,null,null,null
375316653866487564,3582798431981218304,0.6046455,2159.442535416095,2.5296594377941832,5.4016637E-6,13.591648,0.008306154,0.27739725,0.0023441121,0.097240485,0.00396979,0.2757156,0.009037981,0.77442735,0.00230861,0.08957919,0.003905874,0.31358775,0.009348722,null,null,null,null,"TWOGAUSSIANS",8,110.27264,0.77442735,0.00230861,0.4,0.0,0.29797196,0.00625791,0.27739725,0.0023441121,0.4,0.0,0.2600989,0.0065553035
375316653866487564,3582908795460854016,0.5301942,2128.9783434453766,2.9521723455279254,1.842022E-5,13.980993,0.017766336,0.27424118,0.010850142,0.09407602,0.024410374,0.13377143,0.013096297,0.7895219,0.0040916,0.09873912,0.013682546,0.14296906,0.015743019,null,null,null,null,"TWOGAUSSIANS",8,116.797134,0.7895219,0.0040872293,0.4,0.0,0.13518454,0.0063243886,0.27424118,0.010860798,0.4,0.0,0.12598765,0.008733837
375316653866487564,3582912678111517568,0.5257707,2108.2253159775205,4.780306571493789,2.4069263E-5,18.367012,0.005768086,0.12116872,0.039025094,0.068548754,0.03879415,0.044295367,0.016783666,0.46373504,0.0036882581,0.029643157,0.002183072,2.066123,0.86911803,null,null,null,null,"TWOGAUSSIANS",8,0.98470736,0.46373504,0.0036882581,0.16600168,0.012225203,2.0661232,0.86911297,0.12116872,0.039025094,0.38387302,0.087603666,0.044295367,0.016783783
375316653866487564,3582936278956223744,0.57942194,2111.2495636415365,2.4609129579390165,7.817922E-6,17.569801,0.08865542,0.2659028,0.0027182677,0.12918912,0.010419697,0.47627518,0.0789705,0.79393977,0.004114667,0.15743499,0.01803343,0.4039185,0.08750345,null,null,null,null,"TWOGAUSSIANS",8,4.191918,0.2638228,0.0017363764,0.4,0.0,0.32468602,0.0081544295,0.7947998,0.0036129341,0.4,0.0,0.24701878,0.008855445
375316653866487564,3582949443031351296,0.49301216,2161.651928435886,3.2766378047277387,3.1518903E-5,17.187117,0.010244665,0.3227011,0.027248425,0.11536207,0.030373784,0.12164337,0.017801901,0.8128685,0.0297713,0.044553064,0.018940635,0.2635036,0.09250685,null,null,null,null,"TWOGAUSSIANS",8,23.912731,0.8128685,0.0297713,0.24949716,0.10606755,0.26188296,0.09388561,0.3227011,0.027248425,0.4,0.0,0.12000112,0.0177788
375316653866487564,3582970879212733184,0.5805977,2075.5281442362357,0.514247609895789,7.7369696E-5,18.44424,0.008868691,0.2330566,0.01666694,0.025056379,0.014475658,0.7822998,0.1331678,0.7330496,0.0068382616,0.067457244,0.008527964,0.14933352,0.030884216,null,null,null,null,"TWOGAUSSIANS",8,6.1656647,0.2330566,0.01666694,0.14031573,0.08106368,0.78229964,0.13316843,0.7330496,0.0068382616,0.3777606,0.044756383,0.14933334,0.03088423
375316653866487564,3583066128702928512,0.63168114,2133.444411923854,2.669615954483311,4.3650093E-6,11.588688,0.0071690525,0.23547716,8.126296E-4,0.08316358,0.0020106223,0.45330852,0.0066427207,0.7323958,0.0021819915,0.08846642,0.0035921438,0.40693268,0.010147675,null,null,null,null,"TWOGAUSSIANS",8,191.68478,0.23547716,8.126296E-4,0.4,0.0,0.4416367,0.00586665,0.7323958,0.0021819915,0.4,0.0,0.39526078,0.010277659
375316653866487564,3583261463815534848,0.4868756,2130.420302459096,2.8619355622672487,2.0559994E-5,19.528929,0.022582687,0.21112962,0.00937717,0.093513034,0.011181336,0.28305364,0.02560432,0.7127423,0.009065041,0.08716885,0.018423589,0.22835356,0.02890797,null,null,null,null,"TWOGAUSSIANS",8,2.1068172,0.21112962,0.00937717,0.4,0.0,0.2722436,0.0195979,0.7127423,0.009065041,0.4,0.0,0.21754384,0.031365186
375316653866487564,3583352139164939136,0.5062585,2132.209519414043,3.097905057952051,2.1833275E-5,14.270272,0.013880968,0.29080018,0.041768435,0.031161655,0.02708355,0.20086241,0.24844989,0.73450416,0.008357,0.04693345,0.015658237,0.13247073,0.042547412,0.084775165,0.021685472,0.73450416,0.008357,"TWOGAUSSIANS_WITH_ELLIPSOIDAL_ON_ECLIPSE2",9,584.2244,0.2876002,0.03890934,0.17450526,0.15166788,0.35117567,0.25168025,0.73450416,0.008357,0.26282734,0.08768612,0.30202094,0.015944501
375316653866487564,3583393813231942144,0.49282053,2145.9234850932303,2.618873304914861,3.229035E-5,13.569568,0.023390396,0.2541192,0.015999481,0.049001396,0.012068743,0.61613303,0.09582648,null,null,null,null,null,null,0.019986456,0.028564068,0.2541192,0.015999481,"ONEGAUSSIAN_WITH_ELLIPSOIDAL",6,553.54065,0.2541192,0.015999481,0.2744078,0.06758496,0.65610456,0.077156186,null,null,null,null,null,null
375316653866487564,3583413368218623744,0.45811912,2153.6426310403112,1.4193574488659464,4.9581326E-5,19.26391,0.024053466,0.2789804,0.009308285,0.020187953,0.014696025,0.2741191,0.07370755,0.60153514,0.035951395,0.17474665,0.06017014,0.088306315,0.022722222,null,null,null,null,"TWOGAUSSIANS",8,5.2303877,0.27923042,0.00955769,0.11305253,0.08229774,0.28731695,0.07889318,0.60153514,0.035951395,0.4,0.0,0.08536016,0.02063231
375316653866487564,3583499645521955328,0.62440455,2099.1194255504242,3.2724896564851553,5.2771306E-6,16.819817,0.006514522,0.23491836,0.009215038,0.047138788,0.006097963,0.344576,0.02156154,0.7188334,0.0020345363,0.05425646,0.0029125323,0.29321724,0.019847462,0.09766331,0.010360026,0.7188334,0.0020345363,"TWOGAUSSIANS_WITH_ELLIPSOIDAL_ON_ECLIPSE2",9,13.163765,0.23346835,0.008590044,0.2639772,0.034148593,0.5380854,0.01658209,0.7188334,0.0020345363,0.3038362,0.016310181,0.4885366,0.012911988
375316653866487564,3583507170304686208,0.65926343,2074.4236082651187,2.494397443198296,5.906196E-6,15.913847,0.0039043983,0.23324005,0.0027227895,0.039107013,0.0041689067,0.1833742,0.023626111,0.7293928,5.733504E-4,0.039281156,0.0015169444,0.65802795,0.042830966,0.04543188,0.0048699686,0.23324005,0.0027227895,"TWOGAUSSIANS_WITH_ELLIPSOIDAL_ON_ECLIPSE1",9,16.150658,0.72945285,5.6434487E-4,0.21997447,0.008494888,0.74883926,0.044832908,0.23324005,0.0027227895,0.21899928,0.023345876,0.27423772,0.028236326
375316653866487564,3583512083747243136,0.59458536,2143.1079662470097,4.058919581174773,8.968287E-6,16.908789,0.010048036,0.20343374,0.0015635428,0.072512,0.0030399547,0.44453868,0.012222515,0.6911932,0.00275747,0.076754786,0.0036439332,0.42289743,0.02161822,null,null,null,null,"TWOGAUSSIANS",8,22.703665,0.20343374,0.0015635428,0.4,6.803647E-4,0.4421379,0.011907592,0.6911932,0.00275747,0.4,0.0,0.42049664,0.021695333
375316653866487564,3583584170478270080,0.57831925,2139.646989611906,0.12848594022051452,8.136164E-6,12.889418,9.849155E-4,0.3576194,0.003588527,0.037328526,0.005053185,0.021729207,0.0018113902,0.86161,9.805154E-4,0.00785593,7.123886E-4,0.18559362,0.009295908,3.065133E-4,0.001199371,0.3576194,0.003588527,"TWOGAUSSIANS_WITH_ELLIPSOIDAL_ON_ECLIPSE1",9,37.59217,0.86161,9.805154E-4,0.04399321,0.003989376,0.18620625,0.008960758,0.3576194,0.003588527,0.20903975,0.028297834,0.022342233,0.0022712885
375316653866487564,3583849182844440320,0.4947295,2107.4181405950235,1.9537165143963249,2.5192254E-5,19.77562,0.0062792543,0.46252012,0.010108088,0.039539263,0.0065546483,0.124061935,0.020578906,0.7970589,0.006775146,0.027261365,0.010734868,0.60383487,0.45557785,null,null,null,null,"TWOGAUSSIANS",8,1.088629,0.7970589,0.006775146,0.15266365,0.06011526,0.60383487,0.45557785,0.46252012,0.010108088,0.22141987,0.03670603,0.124061935,0.020578906
375316653866487564,3583871211732797184,0.48245913,2052.786075723152,2.372525968862828,3.1943888E-5,14.65486,0.001795392,0.19609419,0.00438461,0.027807282,0.0034280461,0.04713028,0.0057496172,0.6947284,0.004729981,0.022034,0.0045813075,0.06252891,0.028047046,0.0066450476,0.002673692,0.19609419,0.00438461,"TWOGAUSSIANS_WITH_ELLIPSOIDAL_ON_ECLIPSE1",9,28.700987,0.6947384,0.0047058086,0.12339041,0.025655322,0.07581802,0.028496029,0.19609419,0.00438461,0.15572079,0.019197058,0.060420364,0.004600229
375316653866487564,3584031877870233088,0.55817,2023.0914387892303,3.2118306132325696,1.2453046E-5,16.153677,0.005312128,0.212516,0.0042017777,0.096122414,0.006063764,0.14507268,0.0060682185,0.7131641,0.0032973713,0.08506258,0.004774122,0.16464508,0.0065714587,null,null,null,null,"TWOGAUSSIANS",8,9.797971,0.7131641,0.0032973713,0.4,0.0,0.15789795,0.0057446933,0.212516,0.0042017777,0.4,0.0,0.13832518,0.004724823
375316653866487564,3584036958814644480,0.47320175,2028.6260688070902,4.01567392202029,9.38647E-5,19.581724,0.0064009232,0.26632774,0.025972046,0.007155287,0.0057796193,1.832749,76.48704,0.6110371,0.0063862726,0.013154485,0.0083932625,0.048210565,0.010100601,null,null,null,null,"TWOGAUSSIANS",8,1.456858,0.26632774,0.025972046,0.040069606,0.03236587,1.832749,76.48704,0.6110371,0.0063862726,0.07366512,0.04700227,0.048210565,0.010100601
375316653866487564,3584042872984617600,0.43236104,2042.3770037179643,3.992758237230348,3.088331E-5,16.594563,0.0039487043,0.30686617,0.009066329,0.07446364,0.009827445,0.055814415,0.004749749,0.95481616,0.014523006,0.03864897,0.0148388175,0.048780564,0.0072814887,null,null,null,null,"TWOGAUSSIANS",8,3.1676342,0.30686617,0.009066329,0.4,0.0039204345,0.055814408,0.0047497093,0.95481616,0.014522055,0.21643424,0.083097376,0.04878134,0.007282606
375316653866487564,3584081523395181568,0.49606082,2036.5800702521872,0.2714777856350817,1.5288837E-5,18.525742,0.0035888606,0.27427638,0.0061927317,0.028082356,0.003281626,0.2430714,0.01471032,0.60613763,0.018567989,0.030687626,0.020060843,0.015919948,0.008985411,null,null,null,null,"TWOGAUSSIANS",8,2.2880661,0.27427638,0.0061927317,0.1572612,0.018377105,0.2430714,0.01471032,0.60613763,0.018567989,0.17185071,0.112340726,0.015919948,0.008985411
375316653866487564,3584105300334087808,0.48826572,2119.438618980159,0.17754145782298672,1.4101571E-4,18.637243,0.0043368908,0.29651958,0.02099892,0.06464889,0.016606444,0.05313189,0.01119924,0.79858524,0.008948107,0.009700614,0.004587675,0.61476713,1.7767593,null,null,null,null,"TWOGAUSSIANS",8,5.348826,0.79858524,0.008948107,0.054323442,0.025690978,0.61476713,1.7767593,0.29651958,0.02099892,0.36203378,0.088873275,0.05313189,0.01119924
375316653866487564,3584127501022032512,0.5378729,2038.4756041838282,2.913732471399743,6.283438E-6,16.7716,0.0073595885,0.29367986,0.0020744144,0.081084475,0.0037144837,0.18118109,0.0076596234,0.80434793,0.0031470857,0.10586885,0.008049346,0.11917488,0.00686312,null,null,null,null,"TWOGAUSSIANS",8,4.825281,0.29367986,0.0020751758,0.4,0.0,0.17445064,0.0055107167,0.80434793,0.0031470857,0.4,0.0,0.11244065,0.0052510947
375316653866487564,3584142928544569088,0.5980661,2013.5315495538123,3.130440956740417,1.155517E-5,14.99116,0.01726435,0.23464625,0.004237428,0.04753093,0.006576062,0.25231865,0.036811944,0.7325226,0.004189998,0.05893456,0.009867968,0.2909369,0.030967198,0.1131583,0.020038731,0.7325226,0.004189998,"TWOGAUSSIANS_WITH_ELLIPSOIDAL_ON_ECLIPSE2",9,147.59082,0.7325226,0.004189998,0.33003354,0.05526062,0.5172173,0.022058155,0.23435624,0.0033882565,0.2661732,0.036825947,0.4785643,0.010870343
375316653866487564,3584184435108413312,0.47991022,2063.5417543097533,0.04806494328771248,9.86498E-6,16.933826,0.0019805876,0.1386834,0.05243306,0.032431003,0.01902934,0.0742171,0.053115923,0.76458675,0.0018470325,0.033375196,0.0054019676,0.2816635,0.26489636,0.011760918,0.002483667,0.76458675,0.0018470325,"TWOGAUSSIANS_WITH_ELLIPSOIDAL_ON_ECLIPSE2",9,2.9381895,0.76458675,0.0018470325,0.18690109,0.030251017,0.30518535,0.26485798,0.14078338,0.05063126,0.18161361,0.106564306,0.08599943,0.053961087
375316653866487564,3584241399258035072,0.46472648,2064.7979443147865,3.5640850752835354,1.9264722E-5,18.102377,0.0151993185,0.29891157,0.0041194553,0.096139096,0.009083558,0.22098055,0.015090228,0.7813226,0.0051997867,0.09755224,0.011638333,0.2446317,0.01031489,null,null,null,null,"TWOGAUSSIANS",8,9.02555,0.7813226,0.0051997867,0.4,0.0,0.23154265,0.011318326,0.29891157,0.004118382,0.4,0.0,0.20789202,0.011291342
375316653866487564,3584253704340913536,0.42757368,2046.7502541377532,4.789756028482761,1.0488382E-5,19.7684,0.015020389,0.22501563,0.006886247,0.060800098,0.010603038,0.4592186,0.13332877,0.9429908,6.5600243E-4,0.010232133,0.0010054993,0.48631817,0.035607755,0.056234553,0.0200282,0.22501563,0.006886247,"TWOGAUSSIANS_WITH_ELLIPSOIDAL_ON_ECLIPSE1",9,5.094578,0.22501563,0.006886247,0.34048054,0.05937701,0.5715919,0.12585132,0.9429908,6.5600243E-4,0.057299946,0.005630796,0.49072474,0.035895977
375316653866487564,3584256556199197568,0.5019195,2056.191388219937,1.8588289163006557,3.183218E-5,16.75474,0.0067995386,0.28954414,0.0062767495,0.04054348,0.03340894,0.02784176,0.020452136,0.88013303,0.015758352,0.045082502,0.011879057,0.10423994,0.02392987,0.11313268,0.011023744,0.28954414,0.0062767495,"TWOGAUSSIANS_WITH_ELLIPSOIDAL_ON_ECLIPSE1",9,54.072548,0.88013303,0.015758352,0.25246203,0.06652272,0.26478326,0.028868983,0.28954414,0.0062767495,0.2270435,0.18113743,0.25410712,0.017178971
