Gaia/vari_eclipsing_binary/VariEclipsingBinary_607031-607061.csv
# %ECSV 1.0
# ---
# delimiter: ','
# meta: !!omap
# - RELEASE: Gaia DR3
# - TABLE: vari_eclipsing_binary
# - DESCRIPTION: >
#     This table describes the properties of the eclipsing binaries resulting from the variability analysis. 
# - CITATION: >
#     How to cite and acknowledge Gaia: 
#     https://gea.esac.esa.int/archive/documentation/credits.html 
# - KNOWN_ISSUES: >
#     Known issues: 
#     https://www.cosmos.esa.int/web/gaia-users/known-issues 
# - DOCUMENTATION: >
#     Tutorials and documentation: 
#     https://www.cosmos.esa.int/web/gaia-users/archive 
# datatype:
# - 
#   name: solution_id
#   datatype: int64
#   description: Solution Identifier
#   meta:
#     ucd: meta.version
# - 
#   name: source_id
#   datatype: int64
#   description: Unique source identifier
#   meta:
#     ucd: meta.id;meta.main
# - 
#   name: global_ranking
#   datatype: float32
#   description: Number between 0 (worst) and 1 (best)
#   meta:
#     ucd: stat.param
# - 
#   name: reference_time
#   datatype: float64
#   unit: d
#   description: Reference time used for the geometric model fit
#   meta:
#     ucd: time.epoch
# - 
#   name: frequency
#   datatype: float64
#   unit: d**-1
#   description: Frequency of geometric model of the eclipsing binary light curve
#   meta:
#     ucd: src.orbital
# - 
#   name: frequency_error
#   datatype: float32
#   unit: d**-1
#   description: "Uncertainty of \\texttt{frequency}"
#   meta:
#     ucd: stat.error
# - 
#   name: geom_model_reference_level
#   datatype: float32
#   unit: mag
#   description: Magnitude reference level of geometric model
#   meta:
#     ucd: phot.mag;em.opt
# - 
#   name: geom_model_reference_level_error
#   datatype: float32
#   unit: mag
#   description: "Uncertainty of \\texttt{geomModelReferenceLevel}"
#   meta:
#     ucd: stat.error;phot.mag;em.opt
# - 
#   name: geom_model_gaussian1_phase
#   datatype: float32
#   description: Phase of the Gaussian 1 component
#   meta:
#     ucd: time.phase
# - 
#   name: geom_model_gaussian1_phase_error
#   datatype: float32
#   description: "Uncertainty of \\texttt{geomModelGaussian1Phase}"
#   meta:
#     ucd: stat.error;time.phase
# - 
#   name: geom_model_gaussian1_sigma
#   datatype: float32
#   description: "Standard deviation [phase] of Gaussian 1 component"
#   meta:
#     ucd: stat.stdev
# - 
#   name: geom_model_gaussian1_sigma_error
#   datatype: float32
#   description: "Uncertainty of \\texttt{geomModelGaussian1Sigma}"
#   meta:
#     ucd: stat.error
# - 
#   name: geom_model_gaussian1_depth
#   datatype: float32
#   unit: mag
#   description: Magnitude depth of Gaussian 1 component
#   meta:
#     ucd: src.var.amplitude
# - 
#   name: geom_model_gaussian1_depth_error
#   datatype: float32
#   unit: mag
#   description: "Uncertainty of \\texttt{geomModelGaussian1Depth}"
#   meta:
#     ucd: stat.error;src.var.amplitude
# - 
#   name: geom_model_gaussian2_phase
#   datatype: float32
#   description: Phase of Gaussian 2 component
#   meta:
#     ucd: time.phase
# - 
#   name: geom_model_gaussian2_phase_error
#   datatype: float32
#   description: "Uncertainty of \\texttt{geomModelGaussian2Phase}"
#   meta:
#     ucd: stat.error;time.phase
# - 
#   name: geom_model_gaussian2_sigma
#   datatype: float32
[...]
#   datatype: float32
#   description: "Secondary eclipse: uncertainty of \\texttt{derivedSecondaryEclDuration}"
#   meta:
#     ucd: stat.error;time.duration
# - 
#   name: derived_secondary_ecl_depth
#   datatype: float32
#   unit: mag
#   description: "Secondary eclipse: depth"
#   meta:
#     ucd: src.var.amplitude
# - 
#   name: derived_secondary_ecl_depth_error
#   datatype: float32
#   unit: mag
#   description: "Secondary eclipse: uncertainty of \\texttt{derivedSecondaryEclDepth}"
#   meta:
#     ucd: stat.error;src.var.amplitude
solution_id,source_id,global_ranking,reference_time,frequency,frequency_error,geom_model_reference_level,geom_model_reference_level_error,geom_model_gaussian1_phase,geom_model_gaussian1_phase_error,geom_model_gaussian1_sigma,geom_model_gaussian1_sigma_error,geom_model_gaussian1_depth,geom_model_gaussian1_depth_error,geom_model_gaussian2_phase,geom_model_gaussian2_phase_error,geom_model_gaussian2_sigma,geom_model_gaussian2_sigma_error,geom_model_gaussian2_depth,geom_model_gaussian2_depth_error,geom_model_cosine_half_period_amplitude,geom_model_cosine_half_period_amplitude_error,geom_model_cosine_half_period_phase,geom_model_cosine_half_period_phase_error,model_type,num_model_parameters,reduced_chi2,derived_primary_ecl_phase,derived_primary_ecl_phase_error,derived_primary_ecl_duration,derived_primary_ecl_duration_error,derived_primary_ecl_depth,derived_primary_ecl_depth_error,derived_secondary_ecl_phase,derived_secondary_ecl_phase_error,derived_secondary_ecl_duration,derived_secondary_ecl_duration_error,derived_secondary_ecl_depth,derived_secondary_ecl_depth_error
[from data line 583]
375316653866487564,5339677202666126720,0.5810086,2219.335270452695,2.6317125169295523,5.6404574E-6,18.189447,0.014765173,0.29382536,0.0020346749,0.053772643,0.0062514646,0.2663474,0.031378437,0.79854167,0.0037261485,0.049679477,0.005761895,0.19050084,0.03393272,0.112766646,0.018053224,0.29382536,0.0020346749,"TWOGAUSSIANS_WITH_ELLIPSOIDAL_ON_ECLIPSE1",9,4.879902,0.29382536,0.0020346749,0.3011268,0.035008203,0.4918741,0.020800715,0.79854167,0.0037261485,0.27820507,0.032266613,0.41582954,0.00997508
375316653866487564,5339677378781294976,0.46412742,2183.077967749959,2.5206241679337387,6.138796E-5,19.850266,0.0455447,0.23633419,0.00766079,0.058056153,0.012813919,0.33618414,0.04791082,0.7380812,0.07077574,0.049214095,0.09067121,0.12907735,0.04840216,null,null,null,null,"TWOGAUSSIANS",8,4.4619265,0.23633419,0.0076355087,0.32511446,0.07175795,0.33617648,0.04480057,0.7380812,0.07077574,0.27559894,0.1845717,0.1290697,0.045494795
375316653866487564,5339677378781363456,0.44397414,2215.863931241513,1.8467059763199671,2.4234461E-5,19.055079,0.0059994035,null,null,null,null,null,null,null,null,null,null,null,null,0.06819227,0.008382256,0.2132749,0.007857262,"ELLIPSOIDAL",4,3.6267347,null,null,null,null,null,null,null,null,null,null,null,null
375316653866487564,5339677859818802432,0.5087046,2180.866173431704,1.6006236111968126,8.12712E-5,19.786434,0.0071510277,0.42323872,0.010970495,0.057909213,0.009187724,0.7370797,0.15916622,0.6806287,2.4259118E-5,0.0016229937,5.3499894E-5,0.6555315,0.016336149,null,null,null,null,"TWOGAUSSIANS",8,2.4818754,0.42323872,0.010970495,0.3242916,0.051451255,0.7370797,0.15916622,0.6806287,2.4259118E-5,0.009088765,2.995994E-4,0.6555694,0.016308913
375316653866487564,5339677859842622464,0.49337962,2210.619462314883,1.855233925698909,3.0559E-5,17.615316,0.0017820593,0.29335105,0.0028883817,0.010351225,0.001161775,0.30901322,0.05844231,0.86557263,0.0264296,0.05873416,0.021500262,0.018783424,0.0053750975,null,null,null,null,"TWOGAUSSIANS",8,3.4409854,0.29335105,0.0028883817,0.05796686,0.00650594,0.30901322,0.05844231,0.86557263,0.0264296,0.3289113,0.120401464,0.018783424,0.0053750975
375316653866487564,5339678096038832512,0.5567636,2185.1488479613527,0.08894734751873012,2.2762964E-5,18.754023,0.003734118,0.17785469,5.411823E-6,0.0038244245,4.4586784E-5,0.4529095,0.0026902207,0.47688517,0.022195071,0.048314326,0.017022977,0.020295035,0.0077209366,null,null,null,null,"TWOGAUSSIANS",8,1.6122798,0.17785469,5.411823E-6,0.021416778,2.4968598E-4,0.4529095,0.0026902214,0.47688517,0.022195071,0.27056023,0.095328666,0.020295035,0.0077209366
375316653866487564,5339679028049650944,0.4650546,2238.1855827635927,3.6891187737872477,4.990982E-5,18.190071,0.026921136,0.22673443,0.014700119,0.06479853,0.025404144,0.09730811,0.04349731,0.78086895,0.062823266,0.04861817,0.03130405,0.091993175,0.051379137,0.020146536,0.02615691,0.78086895,0.062823266,"TWOGAUSSIANS_WITH_ELLIPSOIDAL_ON_ECLIPSE2",9,5.6713142,0.23295443,0.00928136,0.36287177,0.09528146,0.13360898,0.021754298,0.78086895,0.062823266,0.27226174,0.1750464,0.13228427,0.04636049
375316653866487564,5339679234208585728,0.52631676,2216.7661959657216,4.332620889387023,1.0020014E-5,19.359877,0.021335972,0.24214604,0.0038408255,0.07340407,0.0062229154,0.41809213,0.024705525,0.73806643,0.00297484,0.08318546,0.008248253,0.3684281,0.032464582,null,null,null,null,"TWOGAUSSIANS",8,3.093448,0.24214604,0.0038408255,0.4,0.0026270186,0.41370925,0.023277653,0.73806643,0.00297484,0.4,0.0,0.36404523,0.032547813
375316653866487564,5339679848366027776,0.45197475,2214.8684806969727,0.1509553254497467,4.3959113E-5,17.943064,0.0035393275,0.29248482,0.056688245,0.0076560224,0.030155629,0.18780196,2.1373003,0.6944017,0.00680275,0.020904854,0.027578643,0.40509027,0.41130355,null,null,null,null,"TWOGAUSSIANS",8,7.893305,0.6944017,0.00680275,0.11706719,0.15444039,0.40509027,0.41130355,0.29248482,0.056688245,0.042873725,0.16887152,0.18780196,2.1373003
375316653866487564,5339680299386012800,0.45852795,2222.7250334468777,0.5801971472104296,7.366949E-5,17.103123,0.001170225,0.28974468,0.005354157,0.012846109,0.0065457756,0.25696906,1.5065436,0.79221725,0.060067724,0.04954718,0.05274457,0.06856312,733.9384,null,null,null,null,"TWOGAUSSIANS",8,4.887531,0.28974468,0.005354157,0.07193822,0.036656342,0.25696906,1.5065436,0.79221725,0.060067724,0.2774642,0.2953696,0.06856312,733.9384
375316653866487564,5339680398128752128,0.5047841,2245.0978683005164,0.36901507879094037,2.1382622E-5,17.79933,0.0045730355,0.26652238,0.005083029,0.012734436,0.011066346,0.33330598,13327.9795,0.7828859,0.0027551376,0.031197274,0.0026871336,0.25176996,0.021702515,0.018950928,0.009047019,0.26652238,0.005083029,"TWOGAUSSIANS_WITH_ELLIPSOIDAL_ON_ECLIPSE1",9,13.4772,0.26652238,0.005083029,0.071312845,0.061971538,0.37120783,13327.98,0.7828859,0.0027551376,0.17470473,0.015047948,0.28927258,0.021007216
375316653866487564,5339680501228717312,0.5141966,2235.994555021604,2.596792901794018,2.8635242E-5,14.79766,0.08489093,0.26118848,0.014709682,0.12397012,0.11263989,0.06906015,0.07747445,0.740613,0.0065146373,0.10057546,0.03046673,0.112849966,0.07294272,null,null,null,null,"TWOGAUSSIANS",8,56.83501,0.740613,0.0065146373,0.4,0.0,0.10140699,0.0079389755,0.2611985,0.014620493,0.4,0.0,0.057569366,0.014183916
375316653866487564,5339680574262038912,0.54378563,2205.637646069141,2.127677915372301,7.4451937E-6,18.011297,0.0015436658,0.7174859,0.0026660108,0.05593644,0.0086532645,0.09967342,0.006267699,null,null,null,null,null,null,0.06726842,0.0028629121,0.7174859,0.0026660108,"ONEGAUSSIAN_WITH_ELLIPSOIDAL",6,2.3536232,0.7174859,0.0026660108,0.31324407,0.048458282,0.23420568,0.006172182,null,null,null,null,null,null
375316653866487564,5339680982236667648,0.52878493,2240.063120347242,2.9760984869500122,9.393661E-6,17.35015,0.0021528802,null,null,null,null,null,null,null,null,null,null,null,null,0.07162884,0.00326179,0.24589372,0.0033654906,"ELLIPSOIDAL",4,6.844064,null,null,null,null,null,null,null,null,null,null,null,null
375316653866487564,5339681639389532800,0.56021804,2193.416931567388,1.8573175383727594,1.2529505E-5,18.177246,0.011001555,0.29366302,0.0034767282,0.0794751,0.0036418373,0.5490972,0.01234558,0.7868611,0.003437792,0.09702128,0.008339551,0.24987881,0.016816124,null,null,null,null,"TWOGAUSSIANS",8,5.206068,0.29366302,0.0034767282,0.4,0.0,0.5377986,0.009200005,0.7868611,0.003437792,0.4,0.0,0.23857929,0.018494878
375316653866487564,5339681738180565120,0.53839386,2205.259440199161,2.5093038935122833,9.639231E-6,18.515251,0.011721618,0.3022505,0.0036323501,0.052658822,0.008005441,0.13420096,0.030803,0.79192907,0.0038882417,0.041339535,0.006876162,0.14208348,0.027699629,0.099483676,0.017987506,0.3022505,0.0036323501,"TWOGAUSSIANS_WITH_ELLIPSOIDAL_ON_ECLIPSE1",9,5.9644027,0.7935691,0.0029465994,0.2315014,0.038506508,0.34034565,0.017056955,0.3022505,0.0036323501,0.2948894,0.04483047,0.3331663,0.017600406
375316653866487564,5339682189146115584,0.5319673,2212.5384008401643,2.4967951266288457,8.6143145E-6,18.655804,0.0072359527,0.22953038,0.0034404418,0.072844744,0.0046069603,0.5323061,0.025306094,0.7293603,0.0037574489,0.07834274,0.005902313,0.49277312,0.08366047,null,null,null,null,"TWOGAUSSIANS",8,4.671263,0.22953038,0.0034404418,0.4,0.0039561694,0.5280122,0.026176298,0.7293603,0.0037574489,0.4,0.0,0.4884793,0.08508154
375316653866487564,5339682253549918080,0.5933049,2209.1277317579916,1.5979026823666163,6.088425E-6,18.533506,0.0057279565,0.24077362,0.0035857689,0.04443458,0.0057527153,0.08227716,0.017620811,0.73952955,0.0025293522,0.046902712,0.0030196435,0.6143296,0.036161225,0.06891945,0.008490536,0.24077362,0.0035857689,"TWOGAUSSIANS_WITH_ELLIPSOIDAL_ON_ECLIPSE1",9,2.9169617,0.73957956,0.002428625,0.2626552,0.016910003,0.7521597,0.03779147,0.24077362,0.0035857689,0.24883366,0.032215204,0.22011544,0.009841929
375316653866487564,5339682807644882176,0.50815415,2245.2451391129157,0.3843040160062168,1.7934546E-5,15.412853,0.0019700166,0.3440343,0.022169659,0.021565396,0.007696295,0.13263695,0.10447987,0.8384493,0.039931934,0.023138497,0.034520816,0.16324109,0.14642185,null,null,null,null,"TWOGAUSSIANS",8,23.816195,0.8384493,0.039931934,0.12957558,0.19331656,0.16324109,0.14642185,0.3440343,0.022169659,0.12076622,0.04309925,0.13263695,0.10447987
375316653866487564,5339683254321577344,0.6435126,2230.6250419656635,0.9427786160361338,1.5793747E-5,15.345539,0.0022514306,0.17822222,0.0031232955,0.028571293,0.002882438,0.083136864,0.006654499,0.6706995,0.0014651096,0.030680062,0.0012807128,0.51482207,0.005345455,0.014825216,0.002845054,0.17822222,0.0031232955,"TWOGAUSSIANS_WITH_ELLIPSOIDAL_ON_ECLIPSE1",9,14.210062,0.67072946,0.0014629274,0.17180835,0.0071719913,0.54440653,0.0030033307,0.17822222,0.0031232955,0.15999924,0.016141653,0.11278725,0.004896176
375316653866487564,5339683460479965440,0.48362824,2249.8539135402534,0.7773311328876491,1.4621494E-5,16.891335,0.0041527394,0.16402079,0.017224273,0.053332247,0.011188526,0.053212468,0.010601695,0.6350195,0.0027156353,0.042443898,0.0033224134,0.21093982,0.020503225,null,null,null,null,"TWOGAUSSIANS",8,21.823387,0.6350195,0.0027156353,0.23768581,0.018605515,0.21093978,0.02050327,0.16402079,0.017224273,0.29866058,0.06265575,0.053212423,0.010601679
375316653866487564,5339684010235856768,0.62807643,2246.82786539404,1.2871378807921228,4.013392E-6,16.574484,0.004876349,0.21990857,0.0010950961,0.047992118,0.003775432,0.17506248,0.010031481,0.71699184,0.016321428,0.036806244,0.035053127,0.031783596,0.012615443,0.02856763,0.0064672832,0.21990857,0.0010950961,"TWOGAUSSIANS_WITH_ELLIPSOIDAL_ON_ECLIPSE1",9,2.7449636,0.21990857,0.0010950961,0.26875588,0.02114242,0.23219751,0.007376842,0.7174618,0.015761157,0.20611496,0.19629751,0.08890253,0.021545136
375316653866487564,5339684456912606592,0.57866,2222.1066041195854,1.8290278632614938,7.1383784E-6,15.821286,0.011900269,0.23206347,0.002061069,0.043749064,0.0025178618,0.45905417,0.03827417,0.729338,0.0012291551,0.03789264,0.002600989,0.5445704,0.027237302,0.017090604,0.016987676,0.23206347,0.002061069,"TWOGAUSSIANS_WITH_ELLIPSOIDAL_ON_ECLIPSE1",9,75.71342,0.72935796,0.0012235998,0.2121988,0.014565539,0.5787416,0.014652672,0.23206347,0.002061069,0.24499476,0.014100026,0.49323535,0.020742754
375316653866487564,5339684525632147712,0.55756134,2258.9618156354272,3.1825825036134985,1.961033E-5,18.844687,0.0069739297,0.26681983,0.0075544314,0.080176264,0.0058077117,0.3622028,0.016523268,0.7615707,0.004584169,0.08113765,0.0060185743,0.33442006,0.015736183,null,null,null,null,"TWOGAUSSIANS",8,2.3913283,0.26681983,0.0075544314,0.4,0.0,0.35704666,0.015760673,0.7615707,0.004584169,0.4,0.0,0.32926393,0.016319234
375316653866487564,5339684628711291648,0.61523926,2223.3366772135805,1.6886772841548152,3.2353662E-6,15.42897,0.011732218,0.24146199,0.002023481,0.104311,0.0076782955,0.17768593,0.010251136,0.754913,0.001325618,0.100178,0.005637173,0.20488884,0.010066391,null,null,null,null,"TWOGAUSSIANS",8,9.449923,0.7549229,0.0013275834,0.4,0.0,0.1886169,0.00431566,0.24146199,0.002023481,0.4,0.0,0.16141161,0.0060780277
375316653866487564,5339685418985265536,0.58525157,2272.4044434725392,0.5410417377445952,3.47368E-5,17.120491,0.0060435166,0.30813342,3.495322E-4,0.030996043,0.0013165255,1.0482208,0.016775545,null,null,null,null,null,null,0.011565782,0.008037237,0.30813342,3.495322E-4,"ONEGAUSSIAN_WITH_ELLIPSOIDAL",6,14.3142,0.30813342,3.495322E-4,0.17357785,0.0073725428,1.0713524,0.029292358,null,null,null,null,null,null
375316653866487564,5339685556402036352,0.5867154,2287.0897933146516,0.44032028143949237,3.5868976E-5,18.358982,0.0032810443,0.6192362,0.0013735652,0.010785477,0.0018054221,0.46661153,0.05311541,0.88796026,0.0073595047,0.029571893,0.0056390846,0.12237116,0.018091803,null,null,null,null,"TWOGAUSSIANS",8,2.2278156,0.6192362,0.0013735652,0.06039867,0.010110364,0.46661153,0.05311541,0.88796026,0.0073595047,0.1656026,0.031578872,0.12237116,0.018091803
375316653866487564,5339685723909895552,0.49367517,2270.414691593026,3.1482291355332954,2.21067E-5,19.646263,0.021673163,0.28425053,0.011966194,0.09168974,0.015985841,0.28452665,0.07180444,0.7783941,0.0048081167,0.09207843,0.008812691,0.2617353,0.021843117,null,null,null,null,"TWOGAUSSIANS",8,2.0419986,0.28425053,0.011966194,0.4,0.0,0.27218062,0.07280464,0.7783941,0.0048081167,0.4,0.0,0.24938923,0.012641731
375316653866487564,5339686449767424000,0.42716908,2217.5751240828727,0.5886019135325701,2.7352224E-5,13.72672,6.702841E-4,0.25415173,0.0036604363,0.031660784,0.0046635745,0.030781785,0.0037179023,null,null,null,null,null,null,0.0043091876,0.0010133955,0.25415173,0.0036604363,"ONEGAUSSIAN_WITH_ELLIPSOIDAL",6,13.961133,0.25415173,0.0036604363,0.17730038,0.02611602,0.039400153,0.0037683763,null,null,null,null,null,null
375316653866487564,5339686552838826496,0.5869766,2216.0721318039205,3.0812543556542575,5.3389253E-6,19.051208,0.009594005,0.27673367,0.0023620445,0.06424461,0.0033345849,0.5276051,0.01765492,0.77542686,0.002126992,0.0676849,0.0024021773,0.5916953,0.015675155,null,null,null,null,"TWOGAUSSIANS",8,2.7415245,0.77542686,0.002126992,0.37903544,0.013452193,0.590876,0.015621758,0.27673367,0.0023620445,0.35976982,0.018673675,0.5267858,0.017721947
375316653866487564,5339686827724575616,0.59708124,2217.9970037875537,2.492392482690542,4.7646117E-6,15.253634,0.0029199217,0.23065233,0.0017229842,0.03517701,0.029684266,0.035275467,0.005932129,0.72810715,0.007878108,0.033757783,0.00769621,0.026495054,0.0075645735,0.08711765,0.003923705,0.23065233,0.0017229842,"TWOGAUSSIANS_WITH_ELLIPSOIDAL_ON_ECLIPSE1",9,20.017084,0.23065233,0.0017229842,0.19699126,0.16623189,0.20951056,0.009489227,0.7290572,0.0054452894,0.18904358,0.043098778,0.20070216,0.0046560704
375316653866487564,5339687240041326336,0.6066382,2236.336227983545,2.6814212614219475,8.884688E-6,15.9596405,0.074034676,0.30306333,0.0035916911,0.06548076,0.010728048,0.44644907,0.15052049,0.80033016,0.0059858374,0.062036537,0.0144145945,0.412718,0.15205353,0.06262975,0.07757245,0.30306333,0.0035916911,"TWOGAUSSIANS_WITH_ELLIPSOIDAL_ON_ECLIPSE1",9,62.524586,0.30306333,0.0035916911,0.36669225,0.052718293,0.5713061,0.018808562,0.8005602,0.005660053,0.3474046,0.069629766,0.5375412,0.011625982
375316653866487564,5339687338809613184,0.48009416,2276.069778462204,2.613510119002006,1.2740129E-5,19.815514,0.021306884,0.28759116,0.017053504,0.07404094,0.017361289,0.38415098,0.039150838,0.7682068,0.0031558438,0.08146765,0.0059961947,0.3894284,0.030661926,null,null,null,null,"TWOGAUSSIANS",8,3.342284,0.7682068,0.0031558438,0.4,0.0,0.38650528,0.028918562,0.28759116,0.017053504,0.4,0.024526754,0.38122788,0.04403152
375316653866487564,5339687514911444864,0.49999908,2230.3001597615175,3.5241142009555535,2.9214081E-5,19.557293,0.013039022,0.29504442,0.0058152224,0.0653015,0.004306211,0.43430945,0.029461864,0.86107504,0.02580931,0.013462402,0.01607655,0.0875835,0.072721526,null,null,null,null,"TWOGAUSSIANS",8,4.6375723,0.29504442,0.0058152224,0.3656884,0.024114782,0.43430945,0.029461864,0.86107504,0.02580931,0.07538945,0.09002867,0.0875835,0.072721526
375316653866487564,5339687617990738176,0.51235324,2197.321426679146,0.8618627259637405,1.389137E-5,19.02489,0.010714877,0.30784082,0.0054525924,0.03001951,0.0034296704,0.7480217,0.23974848,0.83153075,0.0036490534,0.023117447,0.0031053398,0.06341808,0.02359451,0.06289654,0.014781985,0.30784082,0.0054525924,"TWOGAUSSIANS_WITH_ELLIPSOIDAL_ON_ECLIPSE1",9,8.675095,0.30784082,0.0054525924,0.16810927,0.019206155,0.8738146,0.23990166,0.83153075,0.0036490534,0.1294577,0.017389903,0.1864444,0.011015467
