Gaia/vari_eclipsing_binary/VariEclipsingBinary_595146-595197.csv
# %ECSV 1.0
# ---
# delimiter: ','
# meta: !!omap
# - RELEASE: Gaia DR3
# - TABLE: vari_eclipsing_binary
# - DESCRIPTION: >
#     This table describes the properties of the eclipsing binaries resulting from the variability analysis. 
# - CITATION: >
#     How to cite and acknowledge Gaia: 
#     https://gea.esac.esa.int/archive/documentation/credits.html 
# - KNOWN_ISSUES: >
#     Known issues: 
#     https://www.cosmos.esa.int/web/gaia-users/known-issues 
# - DOCUMENTATION: >
#     Tutorials and documentation: 
#     https://www.cosmos.esa.int/web/gaia-users/archive 
# datatype:
# - 
#   name: solution_id
#   datatype: int64
#   description: Solution Identifier
#   meta:
#     ucd: meta.version
# - 
#   name: source_id
#   datatype: int64
#   description: Unique source identifier
#   meta:
#     ucd: meta.id;meta.main
# - 
#   name: global_ranking
#   datatype: float32
#   description: Number between 0 (worst) and 1 (best)
#   meta:
#     ucd: stat.param
# - 
#   name: reference_time
#   datatype: float64
#   unit: d
#   description: Reference time used for the geometric model fit
#   meta:
#     ucd: time.epoch
# - 
#   name: frequency
#   datatype: float64
#   unit: d**-1
#   description: Frequency of geometric model of the eclipsing binary light curve
#   meta:
#     ucd: src.orbital
# - 
#   name: frequency_error
#   datatype: float32
#   unit: d**-1
#   description: "Uncertainty of \\texttt{frequency}"
#   meta:
#     ucd: stat.error
# - 
#   name: geom_model_reference_level
#   datatype: float32
#   unit: mag
#   description: Magnitude reference level of geometric model
#   meta:
#     ucd: phot.mag;em.opt
# - 
#   name: geom_model_reference_level_error
#   datatype: float32
#   unit: mag
#   description: "Uncertainty of \\texttt{geomModelReferenceLevel}"
#   meta:
#     ucd: stat.error;phot.mag;em.opt
# - 
#   name: geom_model_gaussian1_phase
#   datatype: float32
#   description: Phase of the Gaussian 1 component
#   meta:
#     ucd: time.phase
# - 
#   name: geom_model_gaussian1_phase_error
#   datatype: float32
#   description: "Uncertainty of \\texttt{geomModelGaussian1Phase}"
#   meta:
#     ucd: stat.error;time.phase
# - 
#   name: geom_model_gaussian1_sigma
#   datatype: float32
#   description: "Standard deviation [phase] of Gaussian 1 component"
#   meta:
#     ucd: stat.stdev
# - 
#   name: geom_model_gaussian1_sigma_error
#   datatype: float32
#   description: "Uncertainty of \\texttt{geomModelGaussian1Sigma}"
#   meta:
#     ucd: stat.error
# - 
#   name: geom_model_gaussian1_depth
#   datatype: float32
#   unit: mag
#   description: Magnitude depth of Gaussian 1 component
#   meta:
#     ucd: src.var.amplitude
# - 
#   name: geom_model_gaussian1_depth_error
#   datatype: float32
#   unit: mag
#   description: "Uncertainty of \\texttt{geomModelGaussian1Depth}"
#   meta:
#     ucd: stat.error;src.var.amplitude
# - 
#   name: geom_model_gaussian2_phase
#   datatype: float32
#   description: Phase of Gaussian 2 component
#   meta:
#     ucd: time.phase
# - 
#   name: geom_model_gaussian2_phase_error
#   datatype: float32
#   description: "Uncertainty of \\texttt{geomModelGaussian2Phase}"
#   meta:
#     ucd: stat.error;time.phase
# - 
#   name: geom_model_gaussian2_sigma
#   datatype: float32
[...]
#   datatype: float32
#   description: "Secondary eclipse: uncertainty of \\texttt{derivedSecondaryEclDuration}"
#   meta:
#     ucd: stat.error;time.duration
# - 
#   name: derived_secondary_ecl_depth
#   datatype: float32
#   unit: mag
#   description: "Secondary eclipse: depth"
#   meta:
#     ucd: src.var.amplitude
# - 
#   name: derived_secondary_ecl_depth_error
#   datatype: float32
#   unit: mag
#   description: "Secondary eclipse: uncertainty of \\texttt{derivedSecondaryEclDepth}"
#   meta:
#     ucd: stat.error;src.var.amplitude
solution_id,source_id,global_ranking,reference_time,frequency,frequency_error,geom_model_reference_level,geom_model_reference_level_error,geom_model_gaussian1_phase,geom_model_gaussian1_phase_error,geom_model_gaussian1_sigma,geom_model_gaussian1_sigma_error,geom_model_gaussian1_depth,geom_model_gaussian1_depth_error,geom_model_gaussian2_phase,geom_model_gaussian2_phase_error,geom_model_gaussian2_sigma,geom_model_gaussian2_sigma_error,geom_model_gaussian2_depth,geom_model_gaussian2_depth_error,geom_model_cosine_half_period_amplitude,geom_model_cosine_half_period_amplitude_error,geom_model_cosine_half_period_phase,geom_model_cosine_half_period_phase_error,model_type,num_model_parameters,reduced_chi2,derived_primary_ecl_phase,derived_primary_ecl_phase_error,derived_primary_ecl_duration,derived_primary_ecl_duration_error,derived_primary_ecl_depth,derived_primary_ecl_depth_error,derived_secondary_ecl_phase,derived_secondary_ecl_phase_error,derived_secondary_ecl_duration,derived_secondary_ecl_duration_error,derived_secondary_ecl_depth,derived_secondary_ecl_depth_error
[from data line 110]
375316653866487564,5235032218577398272,0.49171862,2179.8978176486485,1.0503104852527196,3.071326E-5,19.17347,0.0048495866,0.2844382,0.0047242236,0.05151209,0.005698745,0.14219283,0.02177218,0.76382184,0.004165446,0.04655494,0.0039901272,0.3543803,0.021011185,null,null,null,null,"TWOGAUSSIANS",8,1.6068473,0.76382184,0.004165446,0.26070768,0.022344712,0.35437998,0.021011239,0.2844382,0.0047242236,0.2884677,0.03191297,0.1421925,0.021772375
375316653866487564,5235033623036210816,0.4475718,2136.586096263428,1.9019419386717427,5.252955E-5,18.7894,0.008000688,0.24675475,0.09300008,0.114644654,0.06394903,0.020992227,0.012133663,0.7869137,0.022245426,0.036793467,0.012773611,0.22872625,0.066126026,null,null,null,null,"TWOGAUSSIANS",8,2.7020333,0.7869137,0.02224102,0.20604342,0.07153222,0.2286296,0.0658405,0.24675475,0.09300008,0.4,0.05184295,0.020888522,0.0120413
375316653866487564,5235033902226089984,0.4058504,2148.2866281645797,1.267425913786729,3.9978226E-5,17.72556,0.0070538498,0.2192864,0.007216851,0.023114791,0.00714629,0.081260756,0.01639198,0.7391625,0.026693977,0.04459449,0.010119396,0.22945815,0.10857206,null,null,null,null,"TWOGAUSSIANS",8,9.613757,0.7391625,0.026693977,0.24972913,0.056668617,0.22945815,0.10857206,0.2192864,0.007216851,0.12944284,0.040019225,0.081260756,0.01639198
375316653866487564,5235033970924630144,0.4662735,2112.64241950191,2.3910133557802062,7.0701117E-6,18.228106,0.020977367,0.28666937,0.0019344075,0.045560893,0.0075402292,0.25017932,0.056496277,0.7725678,0.017390007,0.033089686,0.021613037,0.3205734,0.09301778,0.15614456,0.0290379,0.28666937,0.0019344075,"TWOGAUSSIANS_WITH_ELLIPSOIDAL_ON_ECLIPSE1",9,9.747667,0.7736578,0.016319755,0.18530224,0.121033005,0.63060576,0.10753059,0.28666937,0.0019344075,0.255141,0.042225283,0.5624681,0.036108654
375316653866487564,5235034761219324672,0.5615852,2192.9366802497893,2.588089616614351,6.4149185E-6,17.479982,0.010053142,0.25121373,0.002154796,0.094580784,0.006358354,0.21916215,0.008647442,0.7402361,0.0024196387,0.09751229,0.005723215,0.23838465,0.009080495,null,null,null,null,"TWOGAUSSIANS",8,4.5234685,0.7402361,0.0024196387,0.4,0.0,0.22508802,0.006670262,0.25121373,0.002154796,0.4,0.0,0.20586617,0.005184432
375316653866487564,5235037505682344832,0.42787218,2126.5648262544764,2.873090529808182,2.0723133E-5,18.621765,0.005176512,null,null,null,null,null,null,null,null,null,null,null,null,0.05684843,0.007893103,0.2699951,0.009115925,"ELLIPSOIDAL",4,11.869696,null,null,null,null,null,null,null,null,null,null,null,null
375316653866487564,5235037952358940416,0.55694485,2154.718738500508,2.9094941745198106,5.899398E-6,18.92498,0.012198411,0.23207764,0.0016878538,0.068049945,0.0023218316,0.56641495,0.016373111,0.72889185,0.0038659638,0.070328906,0.0043730373,0.52571285,0.019251453,null,null,null,null,"TWOGAUSSIANS",8,4.8804417,0.23207764,0.0016878538,0.38107967,0.013002257,0.5649479,0.016114531,0.72889185,0.0038659638,0.3938419,0.018925076,0.5242458,0.0192502
375316653866487564,5235040563703981696,0.4743271,2149.5768601281343,2.509772368559572,1.2336753E-5,18.363405,0.023789711,0.20701757,0.013851264,0.12373938,0.034585312,0.12239758,0.015106756,0.71768177,0.0028406712,0.09799948,0.01305175,0.13761415,0.022165116,null,null,null,null,"TWOGAUSSIANS",8,2.2242868,0.7177318,0.0028118175,0.4,0.0,0.11969284,0.0044993567,0.20701757,0.013851264,0.4,0.0,0.10440325,0.010850412
375316653866487564,5235041113459825024,0.52428436,2182.8736875653212,1.641895511423347,4.625086E-6,16.656775,0.01062374,0.25606748,0.002560615,0.031665836,0.0022222,0.8479218,0.055786904,0.77589786,0.049729638,0.02078318,0.013908533,1.5049853,2.2275493,null,null,null,null,"TWOGAUSSIANS",8,123.75794,0.77589786,0.049729638,0.11638581,0.07788779,1.5049853,2.2275493,0.25606748,0.002560615,0.17732868,0.01244432,0.8479218,0.055786904
375316653866487564,5235042285982176256,0.5134508,2179.2952184558408,3.0970514669769074,1.8410828E-5,19.683504,0.02307866,0.32690895,0.009244662,0.104106106,0.020630851,0.22117378,0.018518697,0.82741493,0.0059036524,0.08322136,0.008761878,0.32729068,0.023418881,null,null,null,null,"TWOGAUSSIANS",8,1.3838973,0.82741493,0.0059036524,0.4,0.0,0.31266424,0.014033477,0.32690895,0.009244662,0.4,0.0,0.20654301,0.019714858
375316653866487564,5235043213694391040,0.5418337,2153.7630623101118,3.4340747760350117,1.7842049E-5,19.338018,0.00980308,0.24884564,0.0052323514,0.08261769,0.006460198,0.37928924,0.021307025,0.75097495,0.0051891007,0.07818118,0.0063677067,0.44242054,0.021818718,null,null,null,null,"TWOGAUSSIANS",8,2.3033376,0.75097495,0.0051891007,0.4,0.0,0.43618858,0.02189638,0.24884564,0.0052323514,0.4,0.0,0.37305725,0.02198043
375316653866487564,5235044927386248576,0.49182147,2172.2850206478824,3.4175808902533458,3.311342E-5,18.911188,0.013433107,0.26739705,0.006630341,0.09827431,0.015523554,0.17160763,0.012686059,0.7363274,0.00805867,0.09238019,0.011636827,0.1644022,0.014020883,null,null,null,null,"TWOGAUSSIANS",8,1.6302512,0.26739705,0.006630341,0.4,0.0,0.16466625,0.011937433,0.7363274,0.00805867,0.4,0.0,0.15746243,0.008849501
375316653866487564,5235045000421863936,0.5673028,2187.0803986342576,0.05347728332880722,2.7574157E-5,17.215487,0.0053959754,0.16889608,0.020840261,0.059489064,0.01068839,0.024836345,0.013373163,0.9211385,9.005058E-5,0.005130441,1.287555E-4,0.8105656,0.0013371509,null,null,null,null,"TWOGAUSSIANS",8,19.838455,0.9211385,9.005058E-5,0.02873047,7.2103087E-4,0.8105698,0.0013371488,0.16889608,0.020840261,0.33313876,0.05985498,0.024836345,0.013373163
375316653866487564,5235045206586711808,0.43718404,2164.448145324302,3.680797044923415,3.6852885E-5,19.682026,0.019578082,0.15824966,0.0072349166,0.06724692,0.011374839,0.21384634,0.019107817,0.6761025,0.0092285015,0.10338634,0.013383507,0.19351803,0.022216426,null,null,null,null,"TWOGAUSSIANS",8,2.6463091,0.15824966,0.0072391313,0.37658274,0.05977794,0.20993108,0.0148765575,0.6761025,0.0092285015,0.4,0.0,0.18959841,0.019239193
375316653866487564,5235045515818032000,0.5421211,2138.524419098679,3.11769724221241,9.354545E-6,18.615877,0.014863703,0.21879554,0.002999045,0.0764904,0.0041294103,0.50230145,0.021618517,0.7161932,0.0066524744,0.07158183,0.005293656,0.49656367,0.046477072,null,null,null,null,"TWOGAUSSIANS",8,5.412127,0.21879554,0.002999045,0.4,0.0,0.4991572,0.021054812,0.7161932,0.0066524744,0.4,0.0137284035,0.49341944,0.04626576
375316653866487564,5235046645373454080,0.55484426,2188.4714814843223,2.2862242497984213,9.506003E-6,17.854067,0.01791831,0.29596597,0.0032413336,0.08905045,0.0070195184,0.2797688,0.020074602,0.8127579,0.0016503748,0.07820268,0.011394468,0.16553786,0.013929148,null,null,null,null,"TWOGAUSSIANS",8,3.7498617,0.29596597,0.0032413336,0.4,0.0,0.27608538,0.018286629,0.8127579,0.0016503748,0.4,0.019585485,0.16185458,0.011507973
375316653866487564,5235046684049173632,0.49785736,2217.3759459714283,2.428241202076884,1.8369941E-5,16.849922,0.0029093744,null,null,null,null,null,null,null,null,null,null,null,null,0.06983743,0.0035737685,0.24867925,0.0046150344,"ELLIPSOIDAL",4,16.051394,null,null,null,null,null,null,null,null,null,null,null,null
375316653866487564,5235047332568523520,0.51232827,2204.852878062853,3.2008247611149088,2.553176E-5,19.613918,0.02423446,0.28227502,0.010095772,0.06239692,0.013543197,0.37103125,0.049795754,0.76743037,0.006081723,0.08366315,0.012636252,0.43378747,0.032179058,null,null,null,null,"TWOGAUSSIANS",8,4.3409147,0.76743037,0.006081723,0.4,0.0,0.4321782,0.03272925,0.28227502,0.010095772,0.34942275,0.0758419,0.36942202,0.049662393
375316653866487564,5235048024079566464,0.58272946,2093.157575190021,3.9291924924777426,1.3989849E-5,18.473206,0.022488022,0.24738295,0.004379524,0.056535725,0.008249392,0.3624992,0.051432006,0.7337197,0.0067335786,0.04852222,0.008788138,0.33912298,0.046295084,0.11243813,0.02696697,0.24738295,0.004379524,"TWOGAUSSIANS_WITH_ELLIPSOIDAL_ON_ECLIPSE1",9,7.9691253,0.24738295,0.004379524,0.31660005,0.046196595,0.58735406,0.018450882,0.7352097,0.0058178813,0.27172443,0.04921357,0.56250495,0.018127512
375316653866487564,5235048367676976640,0.64165294,2144.2419269785755,1.0123813768738275,3.8903336E-6,15.50308,0.004015701,0.23401786,0.0013969932,0.05691188,0.0023697866,0.133907,0.008669751,0.73438704,0.003113446,0.0678898,0.004570886,0.0980987,0.00844744,0.02230409,0.0047842227,0.23401786,0.0013969932,"TWOGAUSSIANS_WITH_ELLIPSOIDAL_ON_ECLIPSE1",9,5.1697054,0.23401786,0.0013969932,0.3187065,0.013270805,0.17840083,0.004120713,0.73438704,0.002868136,0.3801829,0.025596963,0.1425923,0.0029031276
375316653866487564,5235049325438225408,0.4684578,2113.879498880898,0.5390542487303536,3.3821172E-5,18.228964,0.006357285,0.5016474,0.06399214,0.08411241,0.098206595,0.031373274,0.012169386,0.81410956,0.0059566232,0.009489758,0.006579869,1.6203815,2.4108434,null,null,null,null,"TWOGAUSSIANS",8,5.3855553,0.81410956,0.0059566232,0.05314264,0.036847267,1.6204131,2.4119163,0.5016474,0.06399214,0.4,0.0,0.031373274,0.01278269
375316653866487564,5235050154383537536,0.63038665,2142.714684554944,2.8138978628497244,3.6475058E-6,16.498991,0.009930247,0.28063327,0.005517723,0.04657604,0.0051945196,0.36309907,0.029247645,0.7721085,0.0011986621,0.052894387,0.0031789101,0.42011288,0.018822614,0.109766096,0.012713305,0.7721085,0.0011986621,"TWOGAUSSIANS_WITH_ELLIPSOIDAL_ON_ECLIPSE2",9,18.894775,0.7721085,0.0011986621,0.29620856,0.017801898,0.63963896,0.015591093,0.2798333,0.005133698,0.26082584,0.02908931,0.5820548,0.024091085
375316653866487564,5235050738499246336,0.67858285,2140.7426578965783,1.108872870515174,2.1959224E-6,16.659477,0.0060480726,0.2526555,0.0027829355,0.050160285,0.0043094237,0.17198142,0.015770104,0.7482088,9.382084E-4,0.05122893,0.0011500119,0.5664011,0.013845528,0.060249716,0.00769958,0.2526555,0.0027829355,"TWOGAUSSIANS_WITH_ELLIPSOIDAL_ON_ECLIPSE1",9,7.3682027,0.74839884,8.7286293E-4,0.286882,0.0064400667,0.6868068,0.005964561,0.2526555,0.0027829355,0.28089762,0.024132773,0.29247716,0.0091323685
375316653866487564,5235051356959450880,0.55720836,2162.4949163576025,3.5478901615737657,6.626572E-6,19.647007,0.014903225,0.17359737,0.001846166,0.0660985,0.004288742,0.54924625,0.040802654,0.6657941,0.0027609118,0.06408565,0.0033947595,0.6751746,0.027297389,null,null,null,null,"TWOGAUSSIANS",8,1.2920177,0.6657941,0.0027609118,0.35887963,0.019010654,0.67457104,0.027273955,0.17359737,0.001846166,0.3701516,0.024016954,0.5486427,0.041004818
375316653866487564,5235051455745649792,0.47687346,2143.346625764586,3.599246480650836,1.792211E-5,17.889782,0.40809512,0.17175949,0.009505726,0.1511093,0.09579974,0.23996875,0.38982895,0.6619892,0.009300553,0.14299068,0.061791357,0.25302187,0.3689547,null,null,null,null,"TWOGAUSSIANS",8,7.402729,0.6619892,0.009300553,0.4,0.0,0.14555581,0.0125303045,0.17236948,0.009330602,0.4,0.0,0.13159923,0.012226505
375316653866487564,5235051563132976640,0.5251858,2159.48230223663,1.4196200859061037,6.1913546E-5,17.44865,0.0025713902,0.34224913,0.003380841,0.031140275,0.0024849062,0.42142877,0.032873992,null,null,null,null,null,null,null,null,null,null,"ONEGAUSSIAN",5,10.913992,0.34224913,0.003380841,0.17438555,0.013915475,0.42142877,0.0,null,null,null,null,null,null
375316653866487564,5235052211655212160,0.54317385,2130.7569163539633,0.05155626279248259,4.7155714E-5,18.537352,0.0028178717,0.41249377,0.03429846,0.058215022,0.030321306,0.019459547,0.011918957,0.5943065,9.086756E-4,0.004929193,0.0011208374,0.6871015,2.990608,null,null,null,null,"TWOGAUSSIANS",8,1.8094538,0.5943065,9.086756E-4,0.02760348,0.0062766895,0.6872498,2.990614,0.41249377,0.03429846,0.32600412,0.16979931,0.019459547,0.011918957
375316653866487564,5235052868802770304,0.43743718,2182.0686980167466,0.9226950609236276,3.1400374E-5,15.370358,0.002011708,0.8148007,0.0047574397,0.017307052,0.004694467,0.06965535,0.07987345,null,null,null,null,null,null,0.014156617,0.0036141453,0.8148007,0.0047574397,"ONEGAUSSIAN_WITH_ELLIPSOIDAL",6,36.223312,0.8148007,0.0047574397,0.09691949,0.026289016,0.097968526,0.07979662,null,null,null,null,null,null
375316653866487564,5235053482965898496,0.4539101,2162.9480089868725,2.9784505560437884,2.2961287E-5,18.707035,0.021794997,0.24836051,0.009233562,0.07955317,0.01948657,0.11807526,0.019610774,0.746783,0.0150676705,0.07878458,0.016034037,0.12485846,0.023816412,null,null,null,null,"TWOGAUSSIANS",8,5.77893,0.746783,0.0150676705,0.4,0.0,0.12325067,0.018942082,0.24836051,0.009233562,0.4,0.0,0.11646747,0.015395611
375316653866487564,5235053482965909376,0.5735647,2135.040601055526,3.253109336615768,9.52435E-6,18.86777,0.010117976,0.26373312,0.00484934,0.088313974,0.0071544647,0.29480982,0.011703471,0.76268506,0.003286968,0.08249714,0.0049223476,0.40993655,0.014179192,null,null,null,null,"TWOGAUSSIANS",8,1.551599,0.76268506,0.003286968,0.4,0.0,0.4006061,0.014113216,0.26373312,0.00484934,0.4,0.0,0.2854793,0.010295435
375316653866487564,5235053624717037568,0.61026275,2166.7801523262374,0.2781519988593377,1.5892193E-6,15.410151,8.758673E-4,0.51767915,4.8639936E-7,0.004146445,7.9107E-6,3.844228,0.028641861,0.3076669,0.04411128,0.038968854,0.06547902,0.013910923,0.009495577,null,null,null,null,"TWOGAUSSIANS",8,6.928961,0.51767915,4.8639936E-7,0.023220094,4.4299923E-5,3.844228,0.028583635,0.3076669,0.04411128,0.21822557,0.1933056,0.013910923,0.009495665
375316653866487564,5235055445783337216,0.7007689,2172.9720136903325,0.18165762159743026,1.0134701E-6,15.890646,6.031227E-4,0.18936557,1.19201315E-4,0.01175955,1.4580699E-4,0.31174847,0.0027260059,0.6932007,0.0020192568,0.010417614,0.0025237147,0.3725327,0.09500216,null,null,null,null,"TWOGAUSSIANS",8,2.0639136,0.6932007,0.0020192568,0.058338642,0.014132802,0.3725327,0.09500216,0.18936557,1.19201315E-4,0.065853484,8.165191E-4,0.31174847,0.0027260059
375316653866487564,5235055720643884672,0.53262675,2170.9565486509564,2.1138870972405974,1.39583735E-5,19.5163,0.009258874,0.24592122,0.014199178,0.08533966,0.008371141,0.2389168,0.022293393,0.73619384,0.0024725895,0.056469325,0.0032867573,0.64348257,0.046877492,null,null,null,null,"TWOGAUSSIANS",8,2.035699,0.73619384,0.0024725895,0.3162282,0.018405842,0.6424168,0.047216192,0.24592122,0.014199178,0.4,0.0,0.237851,0.022142775
375316653866487564,5235056339136613888,0.5754061,2120.1562472709024,3.356367833375177,1.1434039E-5,18.724483,0.014842759,0.25986323,0.0028647578,0.066975355,0.00687907,0.38817474,0.020397797,0.75970125,0.0037540651,0.064660445,0.0050103376,0.54559386,0.027898734,null,null,null,null,"TWOGAUSSIANS",8,6.0793796,0.75970125,0.0037540651,0.3620985,0.02805789,0.54492223,0.027927773,0.25986323,0.0028647578,0.37506196,0.03852279,0.38750312,0.020573363
375316653866487564,5235056373479219200,0.6358784,2119.5145379298874,2.8869192771550196,3.414912E-6,17.53985,0.02252473,0.24334845,0.0010205888,0.065756254,0.0038841695,0.4211029,0.044609364,0.7474914,0.0015408752,0.055369634,0.004040684,0.44546348,0.0442462,0.06486471,0.023600956,0.24334845,0.0010205888,"TWOGAUSSIANS_WITH_ELLIPSOIDAL_ON_ECLIPSE1",9,6.583369,0.7474914,0.0015408752,0.31006995,0.02262783,0.574799,0.011004541,0.24334845,0.0010205888,0.368235,0.02175135,0.5505263,0.01083365
375316653866487564,5235057193817818496,0.48696306,2127.712189900233,1.7062697813345278,1.5605521E-5,18.94747,0.015392334,0.22536567,0.002623156,0.04150014,0.0031725175,0.500304,0.06596155,0.7151656,0.011811587,0.03436238,0.0048959916,0.31943738,0.10920723,null,null,null,null,"TWOGAUSSIANS",8,18.096685,0.22536567,0.002623156,0.23240077,0.017766098,0.500304,0.06596155,0.7151656,0.011811587,0.19242932,0.027417554,0.31943738,0.10920723
