Gaia/vari_eclipsing_binary/VariEclipsingBinary_488157-488187.csv
# %ECSV 1.0
# ---
# delimiter: ','
# meta: !!omap
# - RELEASE: Gaia DR3
# - TABLE: vari_eclipsing_binary
# - DESCRIPTION: >
#     This table describes the properties of the eclipsing binaries resulting from the variability analysis. 
# - CITATION: >
#     How to cite and acknowledge Gaia: 
#     https://gea.esac.esa.int/archive/documentation/credits.html 
# - KNOWN_ISSUES: >
#     Known issues: 
#     https://www.cosmos.esa.int/web/gaia-users/known-issues 
# - DOCUMENTATION: >
#     Tutorials and documentation: 
#     https://www.cosmos.esa.int/web/gaia-users/archive 
# datatype:
# - 
#   name: solution_id
#   datatype: int64
#   description: Solution Identifier
#   meta:
#     ucd: meta.version
# - 
#   name: source_id
#   datatype: int64
#   description: Unique source identifier
#   meta:
#     ucd: meta.id;meta.main
# - 
#   name: global_ranking
#   datatype: float32
#   description: Number between 0 (worst) and 1 (best)
#   meta:
#     ucd: stat.param
# - 
#   name: reference_time
#   datatype: float64
#   unit: d
#   description: Reference time used for the geometric model fit
#   meta:
#     ucd: time.epoch
# - 
#   name: frequency
#   datatype: float64
#   unit: d**-1
#   description: Frequency of geometric model of the eclipsing binary light curve
#   meta:
#     ucd: src.orbital
# - 
#   name: frequency_error
#   datatype: float32
#   unit: d**-1
#   description: "Uncertainty of \\texttt{frequency}"
#   meta:
#     ucd: stat.error
# - 
#   name: geom_model_reference_level
#   datatype: float32
#   unit: mag
#   description: Magnitude reference level of geometric model
#   meta:
#     ucd: phot.mag;em.opt
# - 
#   name: geom_model_reference_level_error
#   datatype: float32
#   unit: mag
#   description: "Uncertainty of \\texttt{geomModelReferenceLevel}"
#   meta:
#     ucd: stat.error;phot.mag;em.opt
# - 
#   name: geom_model_gaussian1_phase
#   datatype: float32
#   description: Phase of the Gaussian 1 component
#   meta:
#     ucd: time.phase
# - 
#   name: geom_model_gaussian1_phase_error
#   datatype: float32
#   description: "Uncertainty of \\texttt{geomModelGaussian1Phase}"
#   meta:
#     ucd: stat.error;time.phase
# - 
#   name: geom_model_gaussian1_sigma
#   datatype: float32
#   description: "Standard deviation [phase] of Gaussian 1 component"
#   meta:
#     ucd: stat.stdev
# - 
#   name: geom_model_gaussian1_sigma_error
#   datatype: float32
#   description: "Uncertainty of \\texttt{geomModelGaussian1Sigma}"
#   meta:
#     ucd: stat.error
# - 
#   name: geom_model_gaussian1_depth
#   datatype: float32
#   unit: mag
#   description: Magnitude depth of Gaussian 1 component
#   meta:
#     ucd: src.var.amplitude
# - 
#   name: geom_model_gaussian1_depth_error
#   datatype: float32
#   unit: mag
#   description: "Uncertainty of \\texttt{geomModelGaussian1Depth}"
#   meta:
#     ucd: stat.error;src.var.amplitude
# - 
#   name: geom_model_gaussian2_phase
#   datatype: float32
#   description: Phase of Gaussian 2 component
#   meta:
#     ucd: time.phase
# - 
#   name: geom_model_gaussian2_phase_error
#   datatype: float32
#   description: "Uncertainty of \\texttt{geomModelGaussian2Phase}"
#   meta:
#     ucd: stat.error;time.phase
# - 
#   name: geom_model_gaussian2_sigma
#   datatype: float32
[...]
#   datatype: float32
#   description: "Secondary eclipse: uncertainty of \\texttt{derivedSecondaryEclDuration}"
#   meta:
#     ucd: stat.error;time.duration
# - 
#   name: derived_secondary_ecl_depth
#   datatype: float32
#   unit: mag
#   description: "Secondary eclipse: depth"
#   meta:
#     ucd: src.var.amplitude
# - 
#   name: derived_secondary_ecl_depth_error
#   datatype: float32
#   unit: mag
#   description: "Secondary eclipse: uncertainty of \\texttt{derivedSecondaryEclDepth}"
#   meta:
#     ucd: stat.error;src.var.amplitude
solution_id,source_id,global_ranking,reference_time,frequency,frequency_error,geom_model_reference_level,geom_model_reference_level_error,geom_model_gaussian1_phase,geom_model_gaussian1_phase_error,geom_model_gaussian1_sigma,geom_model_gaussian1_sigma_error,geom_model_gaussian1_depth,geom_model_gaussian1_depth_error,geom_model_gaussian2_phase,geom_model_gaussian2_phase_error,geom_model_gaussian2_sigma,geom_model_gaussian2_sigma_error,geom_model_gaussian2_depth,geom_model_gaussian2_depth_error,geom_model_cosine_half_period_amplitude,geom_model_cosine_half_period_amplitude_error,geom_model_cosine_half_period_phase,geom_model_cosine_half_period_phase_error,model_type,num_model_parameters,reduced_chi2,derived_primary_ecl_phase,derived_primary_ecl_phase_error,derived_primary_ecl_duration,derived_primary_ecl_duration_error,derived_primary_ecl_depth,derived_primary_ecl_depth_error,derived_secondary_ecl_phase,derived_secondary_ecl_phase_error,derived_secondary_ecl_duration,derived_secondary_ecl_duration_error,derived_secondary_ecl_depth,derived_secondary_ecl_depth_error
[from data line 601]
375316653866487564,4294117137328220416,0.54157066,2131.864340221476,2.9172657396324104,1.3264329E-5,19.511229,0.022285169,0.24511473,0.012283112,0.06865461,0.0135871135,0.42943022,0.039941408,0.7420055,0.004125118,0.068148345,0.0055548977,0.54594123,0.030372353,null,null,null,null,"TWOGAUSSIANS",8,2.7260218,0.7420055,0.004125118,0.38163075,0.02899552,0.5448226,0.029830981,0.24511473,0.012283112,0.38446584,0.070217855,0.42831156,0.039945155
375316653866487564,4294119194579515776,0.5807465,2147.3975734732226,1.9622462274945647,3.4452638E-5,18.59218,0.023262493,0.1524716,0.011247764,0.080949515,0.010658266,0.46137628,0.027575243,0.6457902,0.008757782,0.10399316,0.010833069,0.35419595,0.02704179,null,null,null,null,"TWOGAUSSIANS",8,2.1481256,0.1524716,0.011257252,0.4,0.0,0.44296998,0.019707244,0.6457902,0.008757782,0.4,0.0,0.3357826,0.015458847
375316653866487564,4294119473771455488,0.44107342,2122.7482739907164,1.2688893028861314,5.102744E-5,19.650295,0.0798109,0.35791352,0.02318564,0.17291729,0.08733374,0.22214912,0.03854965,0.73565453,0.0065311496,0.041805387,0.0068949335,0.26444283,0.060386732,null,null,null,null,"TWOGAUSSIANS",8,2.2672174,0.73565453,0.0065311496,0.23411016,0.038611628,0.277368,0.07292185,0.35791352,0.02318564,0.4,0.0,0.21429606,0.038395934
375316653866487564,4294119611210588288,0.5417317,2160.974272466292,2.9365717310545034,1.4404637E-5,19.521616,0.01060633,0.26801562,0.013817495,0.07545169,0.013882477,0.504558,0.05549274,0.75417423,0.0038381421,0.08045736,0.0058975485,0.48731953,0.025381595,null,null,null,null,"TWOGAUSSIANS",8,2.8198988,0.26801562,0.013817495,0.4,0.052153535,0.500221,0.056629755,0.75417423,0.0038381421,0.4,0.0,0.48298255,0.026341708
375316653866487564,4294119645589200384,0.52087766,2151.3861143011063,0.8965503050496976,1.5771766E-5,16.87706,0.44484922,0.19359888,0.014999244,0.13267258,0.123814926,0.23170112,0.42125073,0.68895835,0.006760448,0.12464513,0.055231404,0.2547748,0.3489646,null,null,null,null,"TWOGAUSSIANS",8,9.031392,0.68895835,0.006758635,0.4,0.0,0.18435277,0.020690382,0.19365887,0.015419209,0.4,0.0,0.16105925,0.025716158
375316653866487564,4294119645589223296,0.66727376,2170.0305235548703,0.8292348040987534,1.1357608E-5,17.236166,0.003256378,0.28869292,0.004649026,0.037785206,0.008238909,0.40362322,0.18605566,0.7894095,0.0020499635,0.036264215,0.0019950948,0.43810114,0.012290563,0.035473105,0.005368144,0.28869292,0.004649026,"TWOGAUSSIANS_WITH_ELLIPSOIDAL_ON_ECLIPSE1",9,3.2004695,0.7894095,0.0020325207,0.20307961,0.01117253,0.50904584,0.011090227,0.28869292,0.004649026,0.21159716,0.046137888,0.47456935,0.1856346
375316653866487564,4294120362810794880,0.5483342,2211.0851437451074,1.3127030872258307,3.2210457E-5,17.27241,0.012790232,0.27701208,0.0060328287,0.09386799,0.008335342,0.19649358,0.017544394,0.7755516,0.007096319,0.09691468,0.015250406,0.14250642,0.01759456,null,null,null,null,"TWOGAUSSIANS",8,5.9574666,0.27701208,0.0060328287,0.4,0.0,0.18597172,0.014322,0.7755516,0.007096319,0.4,0.0,0.13198435,0.018306144
375316653866487564,4294120470204600960,0.5632289,2163.8096325794077,2.4283765283208,1.231621E-5,19.120909,0.01068157,0.2544787,0.0013190276,0.06554861,0.00304694,0.47577888,0.01213679,0.74613225,0.0054235975,0.07997558,0.008114801,0.45636022,0.02532805,null,null,null,null,"TWOGAUSSIANS",8,2.7450132,0.2544787,0.0013190276,0.36707222,0.017062865,0.47370702,0.012238557,0.74613225,0.0054235975,0.4,0.0,0.4542884,0.025764842
375316653866487564,4294122291288930944,0.57517755,2183.5150822365054,0.45743137088717273,8.208654E-5,14.965486,0.0063354536,0.343173,3.969692E-4,0.008460475,0.0011589252,4.6231823,2.4522154,0.7853304,0.027931212,0.042306203,0.020778855,0.09777977,0.03276011,0.014638084,0.005675796,0.343173,3.969692E-4,"TWOGAUSSIANS_WITH_ELLIPSOIDAL_ON_ECLIPSE1",9,217.33739,0.343173,3.969692E-4,0.047378663,0.006489981,4.6524587,2.4522862,0.7875004,0.026744222,0.23691472,0.116361596,0.12348888,0.032212608
375316653866487564,4294123764424999040,0.5586379,2165.775005540812,2.0040660423504586,1.7422919E-5,17.97789,0.005740123,0.24825238,0.0013806273,0.086042695,0.0027842037,0.20838808,0.005617174,0.740273,0.0031910203,0.10042798,0.006215564,0.19435826,0.0076283035,null,null,null,null,"TWOGAUSSIANS",8,1.4832829,0.24825238,0.0013806273,0.4,0.0,0.19860764,0.0031157227,0.740273,0.0031910203,0.4,0.0,0.18457611,0.008943841
375316653866487564,4294123768737649408,0.5050421,2160.847505260962,2.0939870634370554,4.203425E-5,19.278105,0.024326658,0.20151718,0.0061454047,0.08377099,0.009675669,0.31774348,0.029135576,0.6915901,0.005216269,0.08630258,0.008675235,0.37982944,0.022297855,null,null,null,null,"TWOGAUSSIANS",8,2.7960966,0.6915901,0.005216269,0.4,0.0,0.37206382,0.017557854,0.20151718,0.0061454047,0.4,0.0,0.3099779,0.02669728
375316653866487564,4294123906196522368,0.5042138,2197.0985844293555,0.5233332374660423,3.36495E-5,17.32721,0.006003887,0.2679618,0.006619683,0.031031925,0.004851824,0.15311731,0.013309421,0.7434553,0.013892777,0.08160444,0.012631444,0.11111621,0.031968195,null,null,null,null,"TWOGAUSSIANS",8,6.94842,0.2679618,0.006619683,0.17377879,0.027170215,0.15311307,0.013303351,0.7434553,0.013892777,0.4,0.0,0.11111197,0.03197203
375316653866487564,4294125074408322176,0.5728146,2165.4376926459468,0.323823253175772,2.6651931E-5,17.872837,0.0056696977,0.821097,0.005856116,0.039771657,0.00472246,0.38157934,0.014153513,null,null,null,null,null,null,null,null,null,null,"ONEGAUSSIAN",5,3.994536,0.821097,0.005856116,0.22272128,0.026445776,0.38157934,0.0,null,null,null,null,null,null
375316653866487564,4294125143147242880,0.63931566,2129.090361546626,2.283615305870637,8.067538E-6,16.890408,0.012214409,0.29833692,0.0033689712,0.035583463,0.006017419,0.09004018,0.030008586,0.798396,0.028145894,0.034677293,0.019828279,0.10067835,0.050077822,0.12744334,0.01617265,0.29833692,0.0033689712,"TWOGAUSSIANS_WITH_ELLIPSOIDAL_ON_ECLIPSE1",9,6.1244636,0.798396,0.028047405,0.19419284,0.11103836,0.35556453,0.019542554,0.29833692,0.0033689712,0.19926739,0.033697546,0.34492642,0.013167057
375316653866487564,4294125864682678912,0.54343104,2166.506059696095,2.7845531145873372,2.110906E-5,19.103977,0.04438657,0.23166268,0.007114894,0.068798065,0.011364937,0.49779543,0.03754656,0.7243765,0.010610211,0.084008805,0.020659804,0.6044487,0.078036584,null,null,null,null,"TWOGAUSSIANS",8,5.5437045,0.7243765,0.010610211,0.4,0.0062606176,0.59999096,0.0814097,0.23166268,0.007114894,0.38526917,0.044105466,0.49333772,0.03433585
375316653866487564,4294125899061543168,0.6315557,2177.2061599534222,0.36398630980687,3.6662383E-5,16.7364,0.0020819977,0.3032741,5.210044E-4,0.019789807,7.7298307E-4,0.50508064,0.014439237,null,null,null,null,null,null,0.030369636,0.0035190717,0.3032741,5.210044E-4,"ONEGAUSSIAN_WITH_ELLIPSOIDAL",6,7.347381,0.3032741,5.210044E-4,0.11082292,0.0043287054,0.5658198,0.014734503,null,null,null,null,null,null
375316653866487564,4294126964195037440,0.54773617,2139.1883595389195,1.4255256104016307,3.3450073E-5,19.123398,0.02254197,0.19723457,0.01349447,0.067378394,0.021766149,0.41447985,0.15524063,0.6930629,0.0071841017,0.07613911,0.008955347,0.6466816,0.07996587,null,null,null,null,"TWOGAUSSIANS",8,5.3079023,0.6930629,0.0071841017,0.4,0.0,0.6444942,0.08222191,0.19723457,0.01349447,0.377319,0.06344067,0.41229242,0.1609845
375316653866487564,4294127307791492480,0.5413746,2128.560389454731,2.6841656093673976,4.7263038E-5,19.709572,0.018768992,0.2404611,0.0040443134,0.08289692,0.0070606945,0.42694283,0.017230297,0.7383917,0.026605083,0.06341578,0.030767258,0.3625934,0.0584575,null,null,null,null,"TWOGAUSSIANS",8,1.2946969,0.2404611,0.0040443134,0.4,0.0,0.42475587,0.014457272,0.7383917,0.026605083,0.35512838,0.07688703,0.3604065,0.05980873
375316653866487564,4294127509637888768,0.575377,2143.022772259646,2.6182374307734313,6.9716016E-6,19.073692,0.005043061,0.2813022,0.005820017,0.0563589,0.00570659,0.7081766,0.08991105,0.7877644,0.0021924868,0.050099622,0.0016712898,0.6482238,0.012385142,null,null,null,null,"TWOGAUSSIANS",8,3.2942922,0.2813022,0.005820017,0.31560984,0.031956907,0.70816004,0.08992472,0.7877644,0.0021924868,0.28055787,0.009359223,0.6482073,0.012381634
375316653866487564,4294127720108819584,0.56049764,2147.399208735666,2.945210353448936,5.3123786E-5,19.620783,0.010955559,0.21533379,0.0114076,0.07454781,0.009276289,0.5019631,0.031324986,0.71922195,0.004496659,0.061239693,0.0039560515,0.591121,0.03739375,null,null,null,null,"TWOGAUSSIANS",8,2.0234334,0.71922195,0.004496659,0.34294227,0.022153888,0.5900223,0.03731808,0.21533379,0.0114076,0.4,0.02696869,0.5008644,0.03139244
375316653866487564,4294128231197097856,0.47870818,2165.0793196756067,2.840994106192975,3.4504403E-5,18.9807,0.033436626,0.23022906,0.008341151,0.08875157,0.016981935,0.18345281,0.033779126,0.7187939,0.026179649,0.09492963,0.04356426,0.20451307,0.06784894,null,null,null,null,"TWOGAUSSIANS",8,1.9777404,0.7187939,0.026179649,0.4,0.011748649,0.19647388,0.07856512,0.23022906,0.00833764,0.4,0.0,0.17541403,0.020479264
375316653866487564,4294128888358911232,0.54734373,2146.6284028205905,3.0860990375395057,1.5402107E-5,17.104115,0.007797725,0.36909166,0.0053497534,0.044972293,0.004561399,0.4952134,0.08089792,0.7607834,0.16040814,0.06028755,0.09749772,0.05067224,0.01562802,3.758862E-4,0.009790498,0.36909166,0.0053497534,"TWOGAUSSIANS_WITH_ELLIPSOIDAL_ON_ECLIPSE1",9,29.663797,0.36909166,0.005262205,0.25184482,0.025543835,0.49596506,0.08257805,0.7611134,0.14208123,0.33761027,0.16138016,0.05112706,0.016235942
375316653866487564,4294129369376904576,0.51511145,2105.3235831880675,3.6906638912085885,2.9080167E-5,19.849228,0.07721141,0.2022236,0.03448404,0.10804371,0.06606626,0.2643855,0.49865156,0.6837325,0.006767547,0.067212306,0.017213628,0.45046243,0.06699948,null,null,null,null,"TWOGAUSSIANS",8,1.7555127,0.6837325,0.006767547,0.3763889,0.063340425,0.44266102,0.038432077,0.2022236,0.03448404,0.4,0.06035622,0.25656855,0.5064678
375316653866487564,4294129369395231872,0.5398876,2162.4066433636713,3.2373630829101616,3.7416685E-5,15.012077,0.055450976,0.20284238,0.009056732,0.08209154,0.02615933,0.3884367,0.034606855,0.698988,0.0061921375,0.084339745,0.017713882,0.46471122,0.06395897,null,null,null,null,"TWOGAUSSIANS",8,87.05581,0.698988,0.0061921375,0.4,0.0,0.4560127,0.0625025,0.20284238,0.009056732,0.4,0.0,0.37973818,0.035598483
375316653866487564,4294129674305541632,0.55939156,2200.9675795406583,0.3242007725854449,9.828425E-5,18.9881,0.0056596906,0.28757358,3.8816052E-4,0.011960985,0.002918629,0.5930183,0.27255392,0.548486,1.6016718E-4,0.017318413,6.202841E-4,0.6363058,0.020731464,0.009547054,0.009509334,0.28757358,3.8816052E-4,"TWOGAUSSIANS_WITH_ELLIPSOIDAL_ON_ECLIPSE1",9,2.4474695,0.54849595,1.588567E-4,0.09698311,0.003473591,0.63639534,0.020686653,0.28757358,3.8816052E-4,0.06698152,0.016344322,0.6121122,0.272693
375316653866487564,4294130503266695296,0.5607384,2193.6861399245868,2.344967017061676,1.0672985E-5,19.315773,0.009101099,0.32209066,0.006522835,0.06870319,0.008091606,0.43980595,0.03749247,0.8305704,0.0028809216,0.06821535,0.004083374,0.42184293,0.039532002,null,null,null,null,"TWOGAUSSIANS",8,2.9989946,0.32209066,0.006522835,0.38473788,0.036251433,0.4389342,0.03793818,0.8305704,0.0028809216,0.38200593,0.022866895,0.42097116,0.03975089
375316653866487564,4294131259163184256,0.49206656,2213.9135517949085,2.3047104411048176,3.198941E-5,19.71486,0.10772198,0.27304238,0.008990496,0.08714245,0.02912964,0.3364364,0.08423368,0.7694895,0.0076332567,0.13312598,0.037803404,0.32597327,0.09908448,null,null,null,null,"TWOGAUSSIANS",8,1.7108424,0.2730724,0.009087314,0.4,0.0,0.2899298,0.04317752,0.7694895,0.0076332567,0.4,0.0,0.27890036,0.028562587
375316653866487564,4294131705839128704,0.52485096,2161.587293805334,1.8091564202451087,2.0118328E-5,19.790854,0.054930873,0.2925647,0.011598873,0.08401399,0.019870033,0.26356357,0.051044066,0.8316152,0.002487333,0.057011362,0.012640643,0.37208048,0.047693707,null,null,null,null,"TWOGAUSSIANS",8,1.5597667,0.8316152,0.002487333,0.3192636,0.0707876,0.37168264,0.046936866,0.2925647,0.011598873,0.4,0.019998409,0.26316565,0.05025042
375316653866487564,4294132732316810368,0.55516654,2172.170308729792,1.134575416759622,1.8404537E-5,18.416792,0.0028206715,0.2805491,0.005599025,0.059396956,0.005585593,0.10197557,0.011843225,0.7744388,0.007876839,0.050629236,0.0040271487,0.29104084,0.027555143,null,null,null,null,"TWOGAUSSIANS",8,1.2972693,0.7744388,0.007876839,0.28352374,0.022552034,0.29103255,0.027544344,0.2805491,0.005599025,0.33262295,0.03127932,0.10196727,0.011847652
375316653866487564,4294133492563962368,0.5665768,2191.7617261346654,2.707858679393441,1.2371896E-5,17.727312,0.019883985,0.2950272,0.0051818113,0.08782059,0.013270818,0.35960934,0.0325302,0.7951616,0.0031101762,0.08480199,0.009009287,0.30457035,0.01796976,null,null,null,null,"TWOGAUSSIANS",8,10.746998,0.2950272,0.0051818113,0.4,0.0,0.34964478,0.037395686,0.7951616,0.0031101762,0.4,0.0,0.29460582,0.015907336
375316653866487564,4294134763859078528,0.62381274,2192.745297265251,2.3417815895639795,8.671062E-6,18.383842,0.014615854,0.22265607,0.0026190123,0.082407914,0.005032787,0.44647527,0.023526473,0.7131982,0.008015373,0.09033455,0.0083830515,0.4516516,0.02417579,null,null,null,null,"TWOGAUSSIANS",8,1.5952371,0.7131982,0.008015373,0.4,0.0,0.4400579,0.019198408,0.22265607,0.0026190123,0.4,0.0,0.4348818,0.023827357
375316653866487564,4294135549821237376,0.5191401,2159.043037079741,0.5613582067377327,5.702245E-5,18.974886,0.006102547,0.18022344,0.0012976235,0.044719204,0.0032250956,0.5684612,0.07190728,0.8977595,0.030981697,0.009016233,0.016965756,0.08762358,21.173464,null,null,null,null,"TWOGAUSSIANS",8,1.5274938,0.18022344,0.0012976235,0.25042754,0.018060535,0.5684612,0.07190728,0.8977595,0.030981697,0.050490905,0.09500823,0.08762359,21.173464
375316653866487564,4294135725931804032,0.5991866,2190.8478956822496,4.720321976786705,1.9944325E-6,18.22554,0.008919626,0.20441422,9.951217E-6,0.0016443194,3.4521238E-4,1.2062968,1.7548167,0.529407,0.0052669817,0.13267933,0.0065748575,0.4229929,0.012706076,null,null,null,null,"TWOGAUSSIANS",8,4.1799335,0.20441422,9.951217E-6,0.009208188,0.0019331893,1.2266613,1.7530318,0.529407,0.0052669817,0.4,0.0,0.42229533,0.012624928
375316653866487564,4294136275685739264,0.4560115,2239.6662054986596,0.300728731938272,7.0150825E-5,19.331697,0.09626031,0.3967736,0.061368514,0.16421056,0.055660605,0.42309898,0.13366704,0.13021989,0.0505006,0.061123613,0.044895176,0.2162602,0.18382429,null,null,null,null,"TWOGAUSSIANS",8,9.514462,0.3967036,0.055891562,0.4,0.0,0.41477373,0.121576995,0.15401989,0.32540506,0.34229225,0.13706392,0.33401087,0.19420795
375316653866487564,4294136481861329536,0.6547957,2274.2132655685655,2.177487285704241,6.0765806E-6,14.646315,0.011730559,0.2591286,0.018191524,0.045457814,0.028420877,0.056397233,0.02015374,0.76304054,0.0029537247,0.03874502,0.027485114,0.07235486,1248.113,0.099123284,0.012102133,0.76304054,0.0029537247,"TWOGAUSSIANS_WITH_ELLIPSOIDAL_ON_ECLIPSE2",9,15.589239,0.76304054,0.0029537247,0.21697211,0.15391664,0.2706014,1248.1112,0.2605586,0.008814875,0.25456375,0.1591569,0.25456765,0.014673128
375316653866487564,4294136584923719040,0.56620103,2206.350415937155,3.559394054798402,1.1687586E-5,19.719143,0.022422204,0.26847404,0.0332497,0.08275364,0.024487538,0.5666748,0.5385128,0.7588183,0.007459504,0.08528555,0.006923301,0.65959674,0.06900849,null,null,null,null,"TWOGAUSSIANS",8,1.3216887,0.7588183,0.007459504,0.4,0.0,0.6472879,0.069139265,0.26847404,0.0332497,0.4,0.052596383,0.55436605,0.54554856
375316653866487564,4294136825441583616,0.5502827,2194.8895986674424,2.798511453382039,1.4713972E-5,19.157711,0.017902138,0.29337367,0.0077219773,0.08829804,0.00674569,0.46741667,0.029011464,0.76763,0.0072765956,0.07021543,0.009337832,0.468655,0.06217925,null,null,null,null,"TWOGAUSSIANS",8,2.8485768,0.76763,0.0072765956,0.39320636,0.036264986,0.46485808,0.06357598,0.29337367,0.0077219773,0.4,0.0,0.4636195,0.02782824
