Gaia/vari_eclipsing_binary/VariEclipsingBinary_700930-701539.csv
# %ECSV 1.0
# ---
# delimiter: ','
# meta: !!omap
# - RELEASE: Gaia DR3
# - TABLE: vari_eclipsing_binary
# - DESCRIPTION: >
#     This table describes the properties of the eclipsing binaries resulting from the variability analysis. 
# - CITATION: >
#     How to cite and acknowledge Gaia: 
#     https://gea.esac.esa.int/archive/documentation/credits.html 
# - KNOWN_ISSUES: >
#     Known issues: 
#     https://www.cosmos.esa.int/web/gaia-users/known-issues 
# - DOCUMENTATION: >
#     Tutorials and documentation: 
#     https://www.cosmos.esa.int/web/gaia-users/archive 
# datatype:
# - 
#   name: solution_id
#   datatype: int64
#   description: Solution Identifier
#   meta:
#     ucd: meta.version
# - 
#   name: source_id
#   datatype: int64
#   description: Unique source identifier
#   meta:
#     ucd: meta.id;meta.main
# - 
#   name: global_ranking
#   datatype: float32
#   description: Number between 0 (worst) and 1 (best)
#   meta:
#     ucd: stat.param
# - 
#   name: reference_time
#   datatype: float64
#   unit: d
#   description: Reference time used for the geometric model fit
#   meta:
#     ucd: time.epoch
# - 
#   name: frequency
#   datatype: float64
#   unit: d**-1
#   description: Frequency of geometric model of the eclipsing binary light curve
#   meta:
#     ucd: src.orbital
# - 
#   name: frequency_error
#   datatype: float32
#   unit: d**-1
#   description: "Uncertainty of \\texttt{frequency}"
#   meta:
#     ucd: stat.error
# - 
#   name: geom_model_reference_level
#   datatype: float32
#   unit: mag
#   description: Magnitude reference level of geometric model
#   meta:
#     ucd: phot.mag;em.opt
# - 
#   name: geom_model_reference_level_error
#   datatype: float32
#   unit: mag
#   description: "Uncertainty of \\texttt{geomModelReferenceLevel}"
#   meta:
#     ucd: stat.error;phot.mag;em.opt
# - 
#   name: geom_model_gaussian1_phase
#   datatype: float32
#   description: Phase of the Gaussian 1 component
#   meta:
#     ucd: time.phase
# - 
#   name: geom_model_gaussian1_phase_error
#   datatype: float32
#   description: "Uncertainty of \\texttt{geomModelGaussian1Phase}"
#   meta:
#     ucd: stat.error;time.phase
# - 
#   name: geom_model_gaussian1_sigma
#   datatype: float32
#   description: "Standard deviation [phase] of Gaussian 1 component"
#   meta:
#     ucd: stat.stdev
# - 
#   name: geom_model_gaussian1_sigma_error
#   datatype: float32
#   description: "Uncertainty of \\texttt{geomModelGaussian1Sigma}"
#   meta:
#     ucd: stat.error
# - 
#   name: geom_model_gaussian1_depth
#   datatype: float32
#   unit: mag
#   description: Magnitude depth of Gaussian 1 component
#   meta:
#     ucd: src.var.amplitude
# - 
#   name: geom_model_gaussian1_depth_error
#   datatype: float32
#   unit: mag
#   description: "Uncertainty of \\texttt{geomModelGaussian1Depth}"
#   meta:
#     ucd: stat.error;src.var.amplitude
# - 
#   name: geom_model_gaussian2_phase
#   datatype: float32
#   description: Phase of Gaussian 2 component
#   meta:
#     ucd: time.phase
# - 
#   name: geom_model_gaussian2_phase_error
#   datatype: float32
#   description: "Uncertainty of \\texttt{geomModelGaussian2Phase}"
#   meta:
#     ucd: stat.error;time.phase
# - 
#   name: geom_model_gaussian2_sigma
#   datatype: float32
[...]
#   datatype: float32
#   description: "Secondary eclipse: uncertainty of \\texttt{derivedSecondaryEclDuration}"
#   meta:
#     ucd: stat.error;time.duration
# - 
#   name: derived_secondary_ecl_depth
#   datatype: float32
#   unit: mag
#   description: "Secondary eclipse: depth"
#   meta:
#     ucd: src.var.amplitude
# - 
#   name: derived_secondary_ecl_depth_error
#   datatype: float32
#   unit: mag
#   description: "Secondary eclipse: uncertainty of \\texttt{derivedSecondaryEclDepth}"
#   meta:
#     ucd: stat.error;src.var.amplitude
solution_id,source_id,global_ranking,reference_time,frequency,frequency_error,geom_model_reference_level,geom_model_reference_level_error,geom_model_gaussian1_phase,geom_model_gaussian1_phase_error,geom_model_gaussian1_sigma,geom_model_gaussian1_sigma_error,geom_model_gaussian1_depth,geom_model_gaussian1_depth_error,geom_model_gaussian2_phase,geom_model_gaussian2_phase_error,geom_model_gaussian2_sigma,geom_model_gaussian2_sigma_error,geom_model_gaussian2_depth,geom_model_gaussian2_depth_error,geom_model_cosine_half_period_amplitude,geom_model_cosine_half_period_amplitude_error,geom_model_cosine_half_period_phase,geom_model_cosine_half_period_phase_error,model_type,num_model_parameters,reduced_chi2,derived_primary_ecl_phase,derived_primary_ecl_phase_error,derived_primary_ecl_duration,derived_primary_ecl_duration_error,derived_primary_ecl_depth,derived_primary_ecl_depth_error,derived_secondary_ecl_phase,derived_secondary_ecl_phase_error,derived_secondary_ecl_duration,derived_secondary_ecl_duration_error,derived_secondary_ecl_depth,derived_secondary_ecl_depth_error
[from data line 326]
375316653866487564,6170054840959235584,0.6034249,2184.9843893961242,2.2236656925996563,1.06867126E-4,18.548822,0.005695522,0.3147783,0.016253376,0.01862601,0.017220596,0.7686911,5.34075638E11,0.66799784,0.012608497,0.023253106,0.0048821704,0.35932493,0.04380158,0.007882312,0.0069699753,0.3147783,0.016253376,"TWOGAUSSIANS_WITH_ELLIPSOIDAL_ON_ECLIPSE1",9,2.0039945,0.3147783,0.016253376,0.104305655,0.09643533,0.78445566,5.34075638E11,0.66813785,0.012572516,0.13021739,0.027340153,0.36508346,0.043374866
375316653866487564,6170066626349854848,0.5729022,2248.8525656191464,3.547881822894308,1.2063944E-5,17.382408,0.0054277317,0.30747893,0.009945105,0.03239165,0.0109288385,0.07696842,0.03165023,0.8250861,0.0032109104,0.03808053,0.008840423,0.122383885,0.014474109,0.11231831,0.0101671545,0.8250861,0.0032109104,"TWOGAUSSIANS_WITH_ELLIPSOIDAL_ON_ECLIPSE2",9,9.682321,0.8250861,0.0032109104,0.21325095,0.049506366,0.3470205,0.013522902,0.3109089,0.00902602,0.18139324,0.061201494,0.29939696,0.03131249
375316653866487564,6170074464665802624,0.5171686,2192.9995664138305,2.8497295010147594,1.7849581E-5,14.79049,1.6014217,0.31212676,0.014442776,0.1292616,0.08831742,0.3485664,1.4490291,0.78086597,0.013682193,0.12927935,0.07159374,0.39917254,1.3633462,null,null,null,null,"TWOGAUSSIANS",8,159.68,0.78086597,0.013682193,0.4,0.0,0.3094582,0.030152172,0.31275675,0.009667676,0.4,0.0,0.25893885,0.053529236
375316653866487564,6170084154112062080,0.6155402,2186.8903764161305,1.3356446065871723,5.764493E-6,15.727756,0.0068297395,0.30737746,0.0013880794,0.07956209,0.0026664769,0.20218618,0.0070676804,0.80337673,0.0036669583,0.09739223,0.008825412,0.15448792,0.009561454,null,null,null,null,"TWOGAUSSIANS",8,5.94523,0.30737746,0.0013880794,0.4,0.0,0.19620146,0.005151693,0.80337673,0.0036669583,0.4,0.0,0.1485026,0.010582115
375316653866487564,6170085013105527680,0.57841337,2187.9537370890907,3.951356206192614,1.7829878E-5,13.861421,0.025165437,0.32261577,0.003069782,0.04748376,0.020237267,0.1539432,0.03760611,0.78428465,0.019388491,0.063240424,0.012891153,0.12702067,0.061212458,0.12031787,0.034425363,0.32261577,0.003069782,"TWOGAUSSIANS_WITH_ELLIPSOIDAL_ON_ECLIPSE1",9,362.014,0.32261577,0.003069782,0.26590908,0.113328695,0.39457303,0.037609838,0.79873466,0.009893722,0.35414636,0.072190456,0.35900027,0.029975025
375316653866487564,6170086284416087040,0.51827204,2202.5236922108506,4.038684412015006,3.32019E-5,14.992899,0.0067604766,0.3168289,0.06654205,0.04324218,0.042018857,0.12110913,0.05815374,0.77466726,0.0046186303,0.02180211,0.012739137,0.1796859,0.041210745,0.14457817,0.026707627,0.77466726,0.0046186303,"TWOGAUSSIANS_WITH_ELLIPSOIDAL_ON_ECLIPSE2",9,134.77856,0.77466726,0.0046186303,0.12209182,0.07133916,0.46884084,0.06640287,0.3057789,0.018757984,0.24215621,0.1902414,0.39546436,0.07709337
375316653866487564,6170100990383902592,0.61417156,2201.2629784295045,1.978587410100872,1.226536E-5,16.544928,0.009244161,0.23448817,0.0032171158,0.0804745,0.007402105,0.2627943,0.025239425,0.7157879,0.0026408823,0.08702682,0.005393369,0.3925735,0.02628974,null,null,null,null,"TWOGAUSSIANS",8,8.6957245,0.7157879,0.0026408823,0.4,0.0,0.38722926,0.028389221,0.23448817,0.0032171158,0.4,0.0,0.25745013,0.028027756
375316653866487564,6170101260965956480,0.45367938,2184.766336437265,0.14224671448382908,1.993275E-5,18.70708,0.014220537,0.25909957,0.0069122394,0.08031042,0.013137727,0.1331003,0.021274671,0.75486445,0.01918325,0.07804424,0.025590638,0.20525327,0.41504666,null,null,null,null,"TWOGAUSSIANS",8,3.3154283,0.75486445,0.01918325,0.4,0.071381375,0.20318824,0.41703105,0.25909957,0.0069122394,0.4,0.0,0.13103525,0.020854276
375316653866487564,6170107583157740800,0.5651636,2210.6227980329472,3.766288493544397,1.1033252E-5,18.808712,0.028331207,0.29348034,0.005134594,0.08488766,0.014038751,0.44728008,0.029358275,0.7850435,0.0057508894,0.0818354,0.0061665107,0.58429456,0.03530079,null,null,null,null,"TWOGAUSSIANS",8,2.7903628,0.7850435,0.0057508894,0.4,0.0,0.5745572,0.029378965,0.29348034,0.005134594,0.4,0.0,0.4375427,0.03566657
375316653866487564,6170126382230590464,0.55616736,2192.9322849058176,2.546673838632273,3.1418975E-5,14.769862,0.005814766,0.29387915,0.0046116314,0.0743569,0.0036166809,0.28034267,0.01223754,0.76928234,0.0088828895,0.07442121,0.008398868,0.30412123,0.011850099,null,null,null,null,"TWOGAUSSIANS",8,87.69074,0.76928234,0.0088828895,0.4,0.0040277466,0.3029553,0.0118960645,0.29387915,0.0046116314,0.4,0.0,0.27917674,0.0118385125
375316653866487564,6170143592162833664,0.58103204,2235.2295356422683,1.3845605808926091,2.8353496E-5,18.60303,0.004399795,0.21077001,0.06987813,0.03356799,0.030412752,0.09888144,0.17842312,0.72683823,0.023006737,0.030754555,0.006689805,0.67815703,0.42276806,null,null,null,null,"TWOGAUSSIANS",8,2.2575076,0.72683823,0.023006737,0.1722255,0.03746291,0.67815703,0.42276806,0.21077001,0.06987813,0.18798074,0.1703114,0.09888144,0.17842312
375316653866487564,6170148166305137408,0.47638214,2242.941357619884,0.4440893506092859,4.0015835E-5,17.157585,0.035525404,0.20471747,0.015329716,0.12834415,0.041397817,0.110399336,0.04145216,0.6096119,0.012670523,0.08559878,0.03207011,0.15660551,0.026880581,null,null,null,null,"TWOGAUSSIANS",8,2.5673635,0.6096119,0.012670523,0.4,0.0,0.15222195,0.024844233,0.20473747,0.015177903,0.4,0.0,0.105253816,0.033448033
375316653866487564,6170148677403885312,0.55438465,2244.4193386578163,3.6829557062266227,2.6617952E-5,18.622313,0.016160393,0.2612281,0.012533549,0.076623835,0.0117664,0.3847195,0.04679895,0.7670956,0.008613994,0.073042035,0.006670091,0.4308388,0.026465503,null,null,null,null,"TWOGAUSSIANS",8,6.2664886,0.7670956,0.008613994,0.4,0.0,0.42815226,0.024811585,0.2612281,0.012533549,0.4,0.027443444,0.38203296,0.047644246
375316653866487564,6170149433318141184,0.49028614,2235.3263251684457,2.8468887882065688,2.8573515E-5,18.407255,0.02329831,0.25187883,0.013681391,0.100796625,0.023200437,0.17890453,0.025011813,0.76576215,0.003681884,0.094665505,0.014268235,0.17932294,0.01937998,null,null,null,null,"TWOGAUSSIANS",8,2.758694,0.76576215,0.0036742047,0.4,0.0,0.16802779,0.006909598,0.25187883,0.013682875,0.4,0.0,0.1676078,0.020112658
375316653866487564,6170149987371060992,0.58196187,2248.647170890552,1.9180975564122464,1.3333275E-5,14.622564,0.008165306,0.23035878,0.013204431,0.064131424,0.0050667715,0.28000596,0.03155485,0.7922093,0.01415768,0.052980848,0.07125903,0.036145177,47592.758,0.0339161,0.010289398,0.7922093,0.01415768,"TWOGAUSSIANS_WITH_ELLIPSOIDAL_ON_ECLIPSE2",9,98.98345,0.23451877,0.011164429,0.359136,0.02837392,0.33871782,0.03497639,0.7922093,0.01415768,0.29669276,0.39905056,0.103974536,47592.766
375316653866487564,6170192417352470400,0.5534988,2225.0844474998526,0.63062516971998,3.261677E-5,17.442123,0.007270409,0.29993457,0.0014906471,0.012538452,0.0019672513,0.43516958,0.17470072,0.8038332,2.8761115E-4,0.018334378,5.363056E-4,0.40363228,0.008273431,null,null,null,null,"TWOGAUSSIANS",8,15.039706,0.29993457,0.0014906471,0.07021533,0.011016606,0.43516958,0.17470072,0.8038332,2.8761115E-4,0.10267251,0.0030033113,0.40363228,0.008273431
375316653866487564,6170196231283329792,0.5206158,2149.780240338213,3.2550817748050163,3.824282E-5,18.768845,0.06806719,0.34019244,0.0098581305,0.07247348,0.020638105,0.45786217,0.07282391,0.8393574,0.012402612,0.072547756,0.023912724,0.35567462,0.061896596,null,null,null,null,"TWOGAUSSIANS",8,7.0475464,0.34019244,0.0098581305,0.4,0.037303377,0.45578873,0.067254715,0.8393574,0.012402612,0.4,0.039484665,0.35360116,0.054514926
375316653866487564,6170206504845310208,0.48358414,2203.1454507836847,3.4458445210607684,4.4893466E-5,19.289665,0.07486699,0.32773617,0.011992569,0.15080465,0.052478287,0.23887868,0.055524282,0.76608545,0.012373361,0.086310804,0.026782785,0.15945764,0.06531688,null,null,null,null,"TWOGAUSSIANS",8,1.8384168,0.32773617,0.011991932,0.4,0.0,0.21484177,0.031801715,0.76608545,0.012373361,0.4,0.025174929,0.13914792,0.042123225
375316653866487564,6170209464078125184,0.58618665,2211.8902554287815,2.015873791369929,9.64701E-6,17.564648,0.014714828,0.83621573,0.003600877,0.047165867,0.008459765,0.097019255,0.037827507,null,null,null,null,null,null,0.119069904,0.020461522,0.83621573,0.003600877,"ONEGAUSSIAN_WITH_ELLIPSOIDAL",6,7.1901298,0.83621573,0.003600877,0.26412886,0.047374684,0.33515882,0.016830213,null,null,null,null,null,null
375316653866487564,6170225299620561920,0.65046465,2223.9119017007442,3.9184296283965723,5.6714207E-6,18.37937,0.024205793,0.24760072,0.006597378,0.045950603,0.02162282,0.42507127,1.8439456,0.7511207,0.003011779,0.056415863,0.005992253,0.47687322,0.05029836,0.1335339,0.037901793,0.24760072,0.006597378,"TWOGAUSSIANS_WITH_ELLIPSOIDAL_ON_ECLIPSE1",9,5.7820024,0.7511207,0.003011779,0.31592882,0.033556618,0.7437906,0.03419799,0.24760072,0.006597378,0.25732338,0.12108779,0.6921193,1.8282388
375316653866487564,6170233550254830720,0.6424535,2218.808073707921,1.4412650624201997,6.6707253E-6,15.762363,0.0122107025,0.27635667,0.0033966226,0.07556364,0.0060174735,0.38221496,0.011980318,0.7777053,0.0023480284,0.10552768,0.009036552,0.13807653,0.011824471,null,null,null,null,"TWOGAUSSIANS",8,8.491372,0.27635667,0.0033966226,0.4,0.0,0.37348098,0.010519586,0.7777053,0.0023480284,0.4,0.0,0.12933885,0.0069189
375316653866487564,6170258766006151808,0.513171,2226.6438764015506,4.1344951026940695,2.3022163E-5,19.551424,0.2184278,0.19038361,0.013861297,0.085610755,0.024324862,0.663661,0.2707357,0.71007854,0.0040500434,0.10982092,0.03330734,0.5533597,0.2090523,null,null,null,null,"TWOGAUSSIANS",8,4.822588,0.19037361,0.013983265,0.4,0.0,0.62918234,0.20252347,0.71007854,0.0040492117,0.4,0.0,0.5188346,0.088289686
375316653866487564,6170270899290398336,0.5418212,2192.0626719195852,2.1085504897044722,2.8304119E-5,16.149866,0.046080805,0.3272311,0.0057965317,0.10375874,0.017229132,0.09831453,0.02892188,0.84593993,0.008430466,0.19544975,0.10270151,0.057864618,0.044374224,null,null,null,null,"TWOGAUSSIANS",8,3.35784,0.3258211,0.0047776885,0.4,0.0,0.075051114,0.005029553,0.84598994,0.008417189,0.4,0.0,0.030095134,0.0046607824
375316653866487564,6170278217914619392,0.47974038,2225.358273120432,4.092815182815104,6.1157574E-5,12.901731,0.007122135,0.30608046,0.017621435,0.11730296,0.015732625,0.0953274,0.013184259,0.8958647,0.005127881,0.013170877,0.010826606,0.058397993,0.8743244,null,null,null,null,"TWOGAUSSIANS",8,249.44696,0.30608046,0.017621435,0.4,0.0,0.09530577,0.013167404,0.89588475,0.00514366,0.07375691,0.060629,0.058587413,0.8743147
375316653866487564,6170283096997474304,0.48283258,2249.956317404546,3.621219923172005,6.6019034E-5,15.51832,0.01621724,0.19959977,0.016044352,0.061289784,0.052793324,0.0745999,0.09236387,0.7770223,0.029385112,0.045840997,0.022927826,0.11045198,0.08094428,0.08680706,0.01976427,0.19959977,0.016044352,"TWOGAUSSIANS_WITH_ELLIPSOIDAL_ON_ECLIPSE1",9,230.96309,0.19959977,0.016044352,0.34322277,0.2125802,0.24819548,0.093871415,0.7770223,0.029385112,0.2567096,0.12839583,0.24610318,0.07320747
375316653866487564,6170287937424241920,0.55562985,2222.602172381994,4.048685929356449,1.4744921E-5,18.373018,0.021709977,0.22663727,0.0037570845,0.060394023,0.006264242,0.40244338,0.018725881,0.71570456,0.015582485,0.074420825,0.011383993,0.53613955,0.04807125,null,null,null,null,"TWOGAUSSIANS",8,11.699939,0.71570456,0.015582485,0.4,0.0,0.53542614,0.046892777,0.22663727,0.0037570845,0.33820653,0.035079755,0.40172994,0.017528998
375316653866487564,6170313333566825856,0.55208623,2161.8809866303136,0.41942844697149284,3.783067E-5,14.8271885,0.008369499,0.24127406,0.024485156,0.02814263,0.029234035,0.03352101,1.63792146E12,0.7210679,0.001929512,0.009206986,0.0016304117,0.3770992,0.05880581,0.036283206,0.016732538,0.24127406,0.024485156,"TWOGAUSSIANS_WITH_ELLIPSOIDAL_ON_ECLIPSE1",9,153.57741,0.7210979,0.0019135755,0.05155912,0.009130306,0.4485035,0.053574793,0.24127406,0.024485156,0.15759873,0.1637106,0.10608729,1.63792146E12
375316653866487564,6170320961429018240,0.5233797,2202.1127804234966,3.5291776576969744,1.6506954E-5,17.145672,0.01652284,0.3496222,0.005477406,0.09811989,0.014976054,0.12808445,0.014192148,0.84565246,0.007855751,0.082099915,0.015111211,0.16465236,0.018390927,null,null,null,null,"TWOGAUSSIANS",8,4.5243216,0.84565246,0.007855751,0.4,0.0105545595,0.15893857,0.01767426,0.3496222,0.005477406,0.4,0.0,0.12237008,0.008847328
375316653866487564,6170327141886578688,0.60729253,2240.4201219599395,4.088153959877955,2.0493673E-5,18.3035,0.011571536,0.2641681,0.004482305,0.080836736,0.009979044,0.46351278,0.025822235,0.7702037,0.007149007,0.075985685,0.0072312416,0.46920672,0.12079006,null,null,null,null,"TWOGAUSSIANS",8,3.4448912,0.7702037,0.007149007,0.4,0.002887723,0.46409574,0.1223048,0.2641681,0.004482305,0.4,0.0,0.4584018,0.02866829
375316653866487564,6170332845603174912,0.6383707,2192.573422040139,2.4112969295362827,1.9552526E-5,18.626122,0.013682209,0.20459174,0.03300862,0.06712496,0.023968427,0.06466181,0.023673909,0.80990285,5.314134E-4,0.009612045,0.0012189774,1.6666648,0.3518222,null,null,null,null,"TWOGAUSSIANS",8,3.6816041,0.80990285,5.314134E-4,0.05382745,0.006826273,1.6666648,0.3518222,0.20459174,0.03300862,0.3758998,0.13366148,0.06466181,0.023673909
375316653866487564,6170336487735295872,0.53629804,2177.4260523138123,3.916838367668651,2.7894186E-5,18.583124,0.02076182,0.29074705,0.003336409,0.077102266,0.010796458,0.22355461,0.02061575,0.7959567,0.009138757,0.11973738,0.014918759,0.20459126,0.022564532,null,null,null,null,"TWOGAUSSIANS",8,2.4156275,0.29073703,0.0033452588,0.4,0.0,0.20835513,0.015311941,0.7959567,0.009138757,0.4,0.0,0.18932383,0.017025258
375316653866487564,6170346284556344064,0.5538966,2218.67227400878,3.6151400946323387,2.5041707E-5,16.520878,0.08519175,0.3348664,0.01419779,0.063492544,0.01249993,0.48064443,0.19267747,0.80657023,0.06037031,0.047822777,0.04447511,0.34997773,3.0192611,0.08892472,0.09652468,0.3348664,0.01419779,"TWOGAUSSIANS_WITH_ELLIPSOIDAL_ON_ECLIPSE1",9,103.633575,0.3348664,0.01419779,0.35555825,0.06268685,0.6582927,0.12512109,0.8089102,0.060748924,0.26780754,0.24820709,0.52251875,2.9909315
375316653866487564,6170362017019412352,0.58549446,2197.3984921496335,1.989869000267619,1.29734735E-5,12.440883,0.10016761,0.31812617,0.0036741616,0.14527902,0.04240122,0.21617568,0.09997014,0.8124794,0.0046362313,0.11790413,0.02932265,0.22829926,0.095065705,null,null,null,null,"TWOGAUSSIANS",8,125.49105,0.8124794,0.0046362313,0.4,0.0,0.16009496,0.011427294,0.31816617,0.0036467458,0.4,0.0,0.14686172,0.011509447
375316653866487564,6170372118783156736,0.6500213,2228.2819596443587,4.433517834242898,5.2665405E-6,16.707117,0.012254178,0.2784157,0.002739368,0.040792342,0.0091574695,0.37501174,0.093483694,0.77892214,0.008626714,0.046743825,0.00765791,0.45638612,0.10843278,0.15686877,0.014913268,0.2784157,0.002739368,"TWOGAUSSIANS_WITH_ELLIPSOIDAL_ON_ECLIPSE1",9,6.9934134,0.77892214,0.008604182,0.26176542,0.042884298,0.7701201,0.12129416,0.2784157,0.002739368,0.22843711,0.051281832,0.6887489,0.100727014
375316653866487564,6170393834137390336,0.5031602,2205.821112767528,3.581932672686409,1.7593398E-5,18.052141,0.05594071,0.2866261,0.00490465,0.07942678,0.011540567,0.32780975,0.052231193,0.7684815,0.032704957,0.10012568,0.0690606,0.20102991,0.29570287,null,null,null,null,"TWOGAUSSIANS",8,13.331101,0.2866261,0.00477366,0.4,0.0,0.32016867,0.026171569,0.7684815,0.032704957,0.4,0.022081668,0.19338666,0.3054544
