Gaia/vari_eclipsing_binary/VariEclipsingBinary_667621-667659.csv
# %ECSV 1.0
# ---
# delimiter: ','
# meta: !!omap
# - RELEASE: Gaia DR3
# - TABLE: vari_eclipsing_binary
# - DESCRIPTION: >
#     This table describes the properties of the eclipsing binaries resulting from the variability analysis. 
# - CITATION: >
#     How to cite and acknowledge Gaia: 
#     https://gea.esac.esa.int/archive/documentation/credits.html 
# - KNOWN_ISSUES: >
#     Known issues: 
#     https://www.cosmos.esa.int/web/gaia-users/known-issues 
# - DOCUMENTATION: >
#     Tutorials and documentation: 
#     https://www.cosmos.esa.int/web/gaia-users/archive 
# datatype:
# - 
#   name: solution_id
#   datatype: int64
#   description: Solution Identifier
#   meta:
#     ucd: meta.version
# - 
#   name: source_id
#   datatype: int64
#   description: Unique source identifier
#   meta:
#     ucd: meta.id;meta.main
# - 
#   name: global_ranking
#   datatype: float32
#   description: Number between 0 (worst) and 1 (best)
#   meta:
#     ucd: stat.param
# - 
#   name: reference_time
#   datatype: float64
#   unit: d
#   description: Reference time used for the geometric model fit
#   meta:
#     ucd: time.epoch
# - 
#   name: frequency
#   datatype: float64
#   unit: d**-1
#   description: Frequency of geometric model of the eclipsing binary light curve
#   meta:
#     ucd: src.orbital
# - 
#   name: frequency_error
#   datatype: float32
#   unit: d**-1
#   description: "Uncertainty of \\texttt{frequency}"
#   meta:
#     ucd: stat.error
# - 
#   name: geom_model_reference_level
#   datatype: float32
#   unit: mag
#   description: Magnitude reference level of geometric model
#   meta:
#     ucd: phot.mag;em.opt
# - 
#   name: geom_model_reference_level_error
#   datatype: float32
#   unit: mag
#   description: "Uncertainty of \\texttt{geomModelReferenceLevel}"
#   meta:
#     ucd: stat.error;phot.mag;em.opt
# - 
#   name: geom_model_gaussian1_phase
#   datatype: float32
#   description: Phase of the Gaussian 1 component
#   meta:
#     ucd: time.phase
# - 
#   name: geom_model_gaussian1_phase_error
#   datatype: float32
#   description: "Uncertainty of \\texttt{geomModelGaussian1Phase}"
#   meta:
#     ucd: stat.error;time.phase
# - 
#   name: geom_model_gaussian1_sigma
#   datatype: float32
#   description: "Standard deviation [phase] of Gaussian 1 component"
#   meta:
#     ucd: stat.stdev
# - 
#   name: geom_model_gaussian1_sigma_error
#   datatype: float32
#   description: "Uncertainty of \\texttt{geomModelGaussian1Sigma}"
#   meta:
#     ucd: stat.error
# - 
#   name: geom_model_gaussian1_depth
#   datatype: float32
#   unit: mag
#   description: Magnitude depth of Gaussian 1 component
#   meta:
#     ucd: src.var.amplitude
# - 
#   name: geom_model_gaussian1_depth_error
#   datatype: float32
#   unit: mag
#   description: "Uncertainty of \\texttt{geomModelGaussian1Depth}"
#   meta:
#     ucd: stat.error;src.var.amplitude
# - 
#   name: geom_model_gaussian2_phase
#   datatype: float32
#   description: Phase of Gaussian 2 component
#   meta:
#     ucd: time.phase
# - 
#   name: geom_model_gaussian2_phase_error
#   datatype: float32
#   description: "Uncertainty of \\texttt{geomModelGaussian2Phase}"
#   meta:
#     ucd: stat.error;time.phase
# - 
#   name: geom_model_gaussian2_sigma
#   datatype: float32
[...]
#   datatype: float32
#   description: "Secondary eclipse: uncertainty of \\texttt{derivedSecondaryEclDuration}"
#   meta:
#     ucd: stat.error;time.duration
# - 
#   name: derived_secondary_ecl_depth
#   datatype: float32
#   unit: mag
#   description: "Secondary eclipse: depth"
#   meta:
#     ucd: src.var.amplitude
# - 
#   name: derived_secondary_ecl_depth_error
#   datatype: float32
#   unit: mag
#   description: "Secondary eclipse: uncertainty of \\texttt{derivedSecondaryEclDepth}"
#   meta:
#     ucd: stat.error;src.var.amplitude
solution_id,source_id,global_ranking,reference_time,frequency,frequency_error,geom_model_reference_level,geom_model_reference_level_error,geom_model_gaussian1_phase,geom_model_gaussian1_phase_error,geom_model_gaussian1_sigma,geom_model_gaussian1_sigma_error,geom_model_gaussian1_depth,geom_model_gaussian1_depth_error,geom_model_gaussian2_phase,geom_model_gaussian2_phase_error,geom_model_gaussian2_sigma,geom_model_gaussian2_sigma_error,geom_model_gaussian2_depth,geom_model_gaussian2_depth_error,geom_model_cosine_half_period_amplitude,geom_model_cosine_half_period_amplitude_error,geom_model_cosine_half_period_phase,geom_model_cosine_half_period_phase_error,model_type,num_model_parameters,reduced_chi2,derived_primary_ecl_phase,derived_primary_ecl_phase_error,derived_primary_ecl_duration,derived_primary_ecl_duration_error,derived_primary_ecl_depth,derived_primary_ecl_depth_error,derived_secondary_ecl_phase,derived_secondary_ecl_phase_error,derived_secondary_ecl_duration,derived_secondary_ecl_duration_error,derived_secondary_ecl_depth,derived_secondary_ecl_depth_error
[from data line 577]
375316653866487564,5872760919920342912,0.626046,2269.6140194576274,2.4476265121571137,2.4945723E-6,16.535536,0.0043349774,0.26808116,0.0010738212,0.0516169,0.0026060478,0.22350325,0.011823,0.76833653,0.0014646918,0.050958537,0.0024904232,0.18106678,0.010391762,0.07560426,0.00648324,0.26808116,0.0010738212,"TWOGAUSSIANS_WITH_ELLIPSOIDAL_ON_ECLIPSE1",9,10.03947,0.26808116,0.0010738212,0.28905463,0.014593868,0.37470886,0.008493447,0.76833653,0.0014025574,0.28536782,0.01394637,0.332272,0.005149688
375316653866487564,5872761435289886080,0.4669007,2289.751340227289,1.3119673779526753,1.0526539E-5,19.880566,0.018702634,0.1691144,0.0017459162,0.023585659,0.0028056228,0.593761,0.09954625,0.6704317,0.006915119,0.044063877,0.01972121,0.3243352,0.07595807,null,null,null,null,"TWOGAUSSIANS",8,5.9848156,0.1691144,0.0017459162,0.13207969,0.015711486,0.593761,0.09954625,0.6704317,0.006915119,0.24675772,0.11043878,0.3243352,0.07595807
375316653866487564,5872761774575109120,0.5692529,2262.005499359902,0.8150704749829882,6.7455476E-6,9.26853,0.0105201015,0.24762806,0.0028670786,0.094964996,0.007921571,0.14741616,0.0073960302,0.745547,0.0029652384,0.12589987,0.012894833,0.099596106,0.009651977,null,null,null,null,"TWOGAUSSIANS",8,78.6536,0.24763806,0.0028784082,0.4,0.0,0.13009624,0.007203298,0.745547,0.0029652384,0.4,0.0,0.08220143,0.0030396674
375316653866487564,5872762088151433600,0.6313039,2286.5861996630547,0.879040794137449,2.2704364E-6,15.139398,0.0033230756,0.29638907,8.554471E-4,0.092882834,0.0017792516,0.31049114,0.0036920405,0.7933902,0.001018022,0.103445426,0.0022414476,0.23500046,0.0034262647,null,null,null,null,"TWOGAUSSIANS",8,11.874543,0.29638907,8.554471E-4,0.4,0.0,0.2904542,0.003936094,0.7933902,0.001018022,0.4,0.0,0.21495982,0.0030237203
375316653866487564,5872762324336818560,0.5535472,2302.988233904314,1.403038316722164,6.097772E-6,18.876068,0.0057496275,0.23989414,0.0020107443,0.06641504,0.0026806423,0.43324527,0.016065829,0.74011874,0.0042086863,0.08700207,0.0058868406,0.1360696,0.00671414,null,null,null,null,"TWOGAUSSIANS",8,1.5616741,0.23989414,0.0020107443,0.37192425,0.0150115965,0.43111217,0.016333265,0.74011874,0.0042086863,0.4,0.0,0.13393648,0.0062449407
375316653866487564,5872762358693113216,0.4963522,2298.2846615624103,2.466309117145593,1.6592192E-5,17.601267,0.117370486,0.25355142,0.004288234,0.11056599,0.027688276,0.2771476,0.11108959,0.7387763,0.008515513,0.120905645,0.043727916,0.2199502,0.11476089,null,null,null,null,"TWOGAUSSIANS",8,14.109802,0.25361142,0.004079224,0.4,0.0,0.23598608,0.015345536,0.7387763,0.008515513,0.4,0.0,0.1787169,0.015889153
375316653866487564,5872762947144993152,0.5833206,2296.6614509184596,2.4862672195185453,5.7053726E-6,18.704891,0.0043627755,0.3058649,0.0017503152,0.07549993,0.00246997,0.4129196,0.007821614,0.80952007,0.0021285778,0.09650628,0.0037929574,0.14270075,0.0051664957,null,null,null,null,"TWOGAUSSIANS",8,1.1956851,0.3058649,0.0017503152,0.4,0.0,0.4068779,0.008290797,0.80952007,0.0021285778,0.4,0.0,0.13665861,0.004586943
375316653866487564,5872762977183748736,0.5532101,2293.9442339355983,3.2255138964141103,5.0566828E-6,18.422527,0.007186697,0.24653359,0.0038740786,0.07756055,0.0047335336,0.37237525,0.013805142,0.73608136,0.0020667112,0.08046249,0.0036954556,0.2860522,0.009026439,null,null,null,null,"TWOGAUSSIANS",8,3.749602,0.24653359,0.0038740786,0.4,0.0,0.3688492,0.01399849,0.73608136,0.0020667112,0.4,0.0,0.28252617,0.00878853
375316653866487564,5872763767446026624,0.6569923,2293.375137382908,2.9619904691207974,1.8262568E-6,18.083954,0.0068800715,0.25468832,6.41983E-4,0.051147107,0.002464139,0.34980452,0.014955303,0.7549848,9.1363525E-4,0.051703215,0.0014660434,0.46864608,0.015257821,0.09556279,0.00826268,0.25468832,6.41983E-4,"TWOGAUSSIANS_WITH_ELLIPSOIDAL_ON_ECLIPSE1",9,1.8203639,0.7549848,9.082824E-4,0.289538,0.008209843,0.6597647,0.006515409,0.25468832,6.41983E-4,0.2864238,0.013799178,0.54092383,0.015863115
375316653866487564,5872763943577427968,0.5846135,2266.543026985726,1.7196488949676052,3.7890156E-6,15.305029,0.0057630963,0.25740892,0.0010288041,0.103921376,0.0035447169,0.1968103,0.0050578755,0.7743598,0.0021652938,0.092723034,0.0059814737,0.10909907,0.0053611747,null,null,null,null,"TWOGAUSSIANS",8,12.326176,0.25740892,0.0010288041,0.4,0.0,0.18746041,0.0027181122,0.7743698,0.0021652938,0.4,0.0,0.09975384,0.0028303168
375316653866487564,5872763977937176832,0.5619409,2267.5083928734084,2.275141876260909,3.7700433E-6,17.383837,0.011685851,0.2041111,0.0029881066,0.11489172,0.0094724605,0.12676218,0.011089898,0.68591046,0.0012900953,0.11787127,0.005260224,0.1962012,0.011155112,null,null,null,null,"TWOGAUSSIANS",8,1.9866984,0.68591046,0.0012900953,0.4,0.0,0.16983409,0.0025892612,0.2042311,0.002985816,0.4,0.0,0.100429714,0.0029167843
375316653866487564,5872764974344529024,0.4779415,2255.7110257898385,2.9340446963273075,2.1213367E-5,19.732573,0.011269772,0.24842672,0.009652614,0.07543508,0.0065541654,0.3346707,0.03761982,0.74882764,0.004383213,0.0858251,0.00673955,0.32111806,0.02044376,null,null,null,null,"TWOGAUSSIANS",8,2.3717709,0.24842672,0.009652614,0.4,0.0,0.3293721,0.036986504,0.74882764,0.004383213,0.4,0.0,0.31581944,0.02103471
375316653866487564,5872765416714773376,0.52546084,2268.4734757091396,2.713814421597284,1.921871E-5,17.864914,0.02612785,0.2460039,0.002857083,0.1116561,0.012044811,0.21275973,0.024532873,0.75732905,0.0068713124,0.10981884,0.013579433,0.19437426,0.026240366,null,null,null,null,"TWOGAUSSIANS",8,5.9641166,0.2459939,0.002858054,0.4,0.0,0.1844628,0.007383941,0.757349,0.006871858,0.4,0.0,0.16608447,0.010177003
375316653866487564,5872765455380971776,0.45389035,2259.6983713546406,0.8835942038588717,5.1821036E-5,19.185266,0.0055673234,0.41604418,0.011980928,0.01249942,0.010099355,0.6839589,0.6257479,0.91222143,8.3063275E-4,0.015283849,7.9084927E-4,0.35910118,0.014859226,null,null,null,null,"TWOGAUSSIANS",8,5.115491,0.41604418,0.011980928,0.06999675,0.056556385,0.6839589,0.6257479,0.91222143,8.3063275E-4,0.08558956,0.004428756,0.35910118,0.014859226
375316653866487564,5872766383119518976,0.5457457,2266.809458907492,0.35590803447627684,3.1601596E-6,15.907011,0.0014018756,0.15339914,5.3398916E-4,0.015862834,9.2175015E-4,0.18583088,0.022919862,0.65743315,0.013334584,0.01586979,0.012995962,0.048457153,0.026660204,null,null,null,null,"TWOGAUSSIANS",8,6.342395,0.15339914,5.3398916E-4,0.088831864,0.005161801,0.18583088,0.022919862,0.65743315,0.013334584,0.08887082,0.07277739,0.048457153,0.026660204
375316653866487564,5872766447519820672,0.5280533,2251.787402181299,2.5981642181246554,9.877221E-6,18.71752,0.016693778,0.27900338,0.0045069265,0.09023254,0.008360642,0.33543444,0.015162609,0.78285706,0.0047816327,0.09999979,0.010460786,0.19422661,0.016113251,null,null,null,null,"TWOGAUSSIANS",8,3.25495,0.27900338,0.0045069265,0.4,0.0,0.32050034,0.009587596,0.78285706,0.0047816327,0.4,0.0,0.17929119,0.010070757
375316653866487564,5872767791868564096,0.5726165,2267.9558404137606,2.044335933220701,7.362947E-6,15.912596,0.0012244547,0.25689453,0.0015781393,0.0663057,0.011421711,0.034326956,0.0037927965,0.7757982,0.008695362,0.026750326,0.008349188,0.014690668,0.008269788,0.046304327,0.0015793169,0.25689453,0.0015781393,"TWOGAUSSIANS_WITH_ELLIPSOIDAL_ON_ECLIPSE1",9,7.013425,0.25689453,0.0015781393,0.37131187,0.05303984,0.12690729,0.0031000145,0.7757982,0.008695362,0.14980182,0.046755448,0.10597064,0.008081072
375316653866487564,5872767826203460992,0.49760985,2258.7171426670866,3.7711870200956397,1.367887E-5,18.86236,0.018340386,0.27490658,0.0052402476,0.088352345,0.00939789,0.24899757,0.017329395,0.7885423,0.003666647,0.10104908,0.010908354,0.24443199,0.015616089,null,null,null,null,"TWOGAUSSIANS",8,2.8393385,0.27490658,0.005240677,0.4,0.0,0.23656139,0.01015677,0.7885423,0.003666647,0.4,0.0,0.231993,0.013616903
375316653866487564,5872767856252818176,0.5244068,2270.0901551135394,1.7623409487502366,6.8770223E-6,19.280157,0.009240957,0.24867658,0.0022993127,0.08949973,0.003142572,0.45742255,0.012034324,0.76035434,0.0045248964,0.06159935,0.0050844457,0.26190925,0.020417104,null,null,null,null,"TWOGAUSSIANS",8,2.690122,0.24867658,0.0022993127,0.4,0.0,0.45510554,0.011718852,0.76035434,0.0045248964,0.34495637,0.028472895,0.25959244,0.020649059
375316653866487564,5872768101082400128,0.48653448,2270.5278325008753,3.473214931856366,9.784658E-6,19.301569,0.0149925435,0.27392146,0.0033940363,0.10193767,0.008316005,0.28427258,0.014926724,0.7669334,0.005367616,0.08558735,0.010630362,0.2229887,0.015481578,null,null,null,null,"TWOGAUSSIANS",8,2.438435,0.27392146,0.0033940363,0.4,0.0,0.2711583,0.013475452,0.7669334,0.005367616,0.4,0.0,0.20987798,0.013905316
375316653866487564,5872768135465952256,0.4819272,2264.0639992996103,0.22870062288542722,1.853944E-5,16.625963,0.002295435,0.25187132,0.0035017086,0.024873108,0.003467247,0.13310327,0.017981859,0.74325335,0.0043205023,0.02026334,0.00384128,0.068270795,0.0070255925,0.031191211,0.00457842,0.25187132,0.0035017086,"TWOGAUSSIANS_WITH_ELLIPSOIDAL_ON_ECLIPSE1",9,24.462181,0.25187132,0.0035017086,0.13928941,0.019416584,0.19548564,0.018087827,0.74350333,0.00415856,0.113474704,0.02151117,0.13047569,0.0070262365
375316653866487564,5872769161926306560,0.5880424,2258.809035758879,3.215741767390977,5.8626433E-6,17.77233,0.011556546,0.2350052,0.002104564,0.051487368,0.005562993,0.2808152,0.024717487,0.73300374,0.0044819615,0.045735676,0.0070235315,0.16324006,0.024601752,0.11804295,0.014083615,0.2350052,0.002104564,"TWOGAUSSIANS_WITH_ELLIPSOIDAL_ON_ECLIPSE1",9,7.520024,0.2350052,0.002104564,0.28832927,0.031152762,0.51689893,0.01560997,0.7333937,0.0034451708,0.2561198,0.03933178,0.39929366,0.010681176
375316653866487564,5872769544215269632,0.46034375,2266.2980404042064,2.939271423198044,1.9459336E-5,18.708403,0.013255802,0.25580314,0.0068183006,0.043419838,0.033024468,0.064106144,0.028695151,0.7211521,0.008933413,0.026251527,0.019180007,0.08983167,0.05671599,0.08252158,0.017470926,0.25580314,0.0068183006,"TWOGAUSSIANS_WITH_ELLIPSOIDAL_ON_ECLIPSE1",9,12.737574,0.72424215,0.012975941,0.14700855,0.10740804,0.24784881,0.04177802,0.25580314,0.0068183006,0.2431511,0.18493703,0.22914903,0.03467847
375316653866487564,5872770025251659264,0.535283,2244.8209518220774,1.8172794212914916,7.691306E-6,18.417444,0.0025813815,0.23117866,0.0027780733,0.065135516,0.0033584535,0.1647469,0.004003695,0.7256464,0.003373975,0.06564108,0.004104529,0.18424459,0.008007165,null,null,null,null,"TWOGAUSSIANS",8,1.9080821,0.7256464,0.003373975,0.36759007,0.022985362,0.18404624,0.00804368,0.23117866,0.0027780733,0.36475888,0.018807339,0.16454855,0.003980431
375316653866487564,5872770059611385600,0.4619296,2202.5491311465817,4.796367629716382,6.479941E-5,18.947996,0.008635769,0.32024986,0.008210805,0.021113796,0.0038663421,0.20027132,0.04025416,0.66774005,0.015090187,0.028960727,0.008988707,0.4846163,0.938334,null,null,null,null,"TWOGAUSSIANS",8,2.680326,0.66774005,0.015090187,0.16218007,0.050336763,0.4846163,0.938334,0.32024986,0.008210805,0.11823726,0.021651516,0.20027132,0.04025416
375316653866487564,5872770231410115328,0.5756641,2271.8193336636627,1.7949673677661375,5.4630887E-6,17.61737,0.011659233,0.23319411,0.0020220622,0.111674614,0.0062412987,0.22264317,0.010801836,0.7371396,0.0016086774,0.10025957,0.0049068765,0.3493524,0.0097099915,null,null,null,null,"TWOGAUSSIANS",8,4.0362287,0.7371396,0.0016086774,0.4,0.0,0.3170728,0.012054931,0.23319411,0.0020220622,0.4,0.0,0.19034643,0.0036711206
375316653866487564,5872771223510667264,0.5982528,2262.5782490867605,1.0107602863832197,3.891069E-6,13.818534,0.0014481576,0.22018148,0.0023015377,0.031060817,0.008020445,0.06714537,0.04465292,0.7190613,9.081719E-4,0.030741319,0.0013532332,0.43020618,0.020371433,0.010634716,0.002182317,0.22018148,0.0023015377,"TWOGAUSSIANS_WITH_ELLIPSOIDAL_ON_ECLIPSE1",9,87.99083,0.7190613,9.02883E-4,0.17215139,0.007578106,0.45147452,0.021731602,0.22018148,0.0023015377,0.17394057,0.04491449,0.08841476,0.045293953
375316653866487564,5872771880653248512,0.45841053,2263.4510657251767,2.648610927561684,1.2898495E-5,18.224102,0.2924622,0.30979216,0.008318978,0.12882927,0.048392482,0.22247304,0.26675263,0.7937819,0.008594785,0.14110376,0.070340626,0.24915083,0.28026953,null,null,null,null,"TWOGAUSSIANS",8,7.5611506,0.7937819,0.008594785,0.4,0.0,0.1735497,0.013692359,0.31048217,0.0067782532,0.4,0.0,0.14761561,0.014589053
375316653866487564,5872771949402640256,0.43817,2266.2958515532887,0.2443240241749138,5.7697903E-6,15.247066,0.017897759,0.34190378,0.0076760366,0.012458029,0.00917589,0.3174793,3.621466,0.8471816,0.0026626107,0.011889213,0.004515505,1.1462135,0.48210078,null,null,null,null,"TWOGAUSSIANS",8,1040.104,0.8471816,0.0026626107,0.066579595,0.025286827,1.1462135,0.48210078,0.34190378,0.0076760366,0.069764964,0.051384985,0.3174793,3.621466
375316653866487564,5872772121171710080,0.53311354,2292.9866427982383,2.9454067614892985,8.398155E-6,18.24202,0.00991903,0.30456987,0.0031858261,0.09290545,0.004750479,0.29609546,0.01514212,0.7946136,0.002915079,0.090587564,0.004987069,0.3141023,0.010550541,null,null,null,null,"TWOGAUSSIANS",8,5.8474693,0.7946136,0.002915079,0.4,0.0,0.301284,0.009231091,0.30456987,0.0031858261,0.4,0.0,0.28327698,0.014621796
375316653866487564,5872772327354215424,0.58078074,2257.4666490498794,2.614520635726214,2.9754808E-6,14.915095,0.0041723326,0.26330945,0.0012794264,0.047697466,0.004017892,0.0801637,0.012464089,0.7628435,0.0029191924,0.047515597,0.005320282,0.10457664,0.009696897,0.0996846,0.0058101956,0.26330945,0.0012794264,"TWOGAUSSIANS_WITH_ELLIPSOIDAL_ON_ECLIPSE1",9,73.36139,0.7629635,0.0023235774,0.26608735,0.029793581,0.30394405,0.0063686376,0.26330945,0.0012794264,0.26710582,0.022500193,0.27953237,0.007670236
375316653866487564,5872772567848028928,0.5933135,2239.5727360801675,0.6350595404590592,4.022103E-6,19.105238,0.0048401766,0.2856906,7.7945756E-4,0.03324908,6.6086283E-4,0.7358449,0.018485796,0.7902041,0.02300683,0.028963488,0.010785331,0.08357345,0.05393363,0.03418997,0.007015961,0.2856906,7.7945756E-4,"TWOGAUSSIANS_WITH_ELLIPSOIDAL_ON_ECLIPSE1",9,2.3068264,0.2856906,7.7945756E-4,0.18619484,0.003700832,0.8042248,0.01617877,0.7902041,0.02300683,0.16219553,0.060397856,0.15189835,0.056504734
375316653866487564,5872772842750307968,0.48884362,2253.392449253535,3.5008983078930807,2.8944594E-5,19.550304,0.009570711,0.24027644,0.0028232166,0.015997125,0.0058385613,0.20255083,0.03938008,0.71196735,0.018567022,0.061061792,0.021175204,0.20152414,0.038519062,0.13723597,0.012419266,0.24027644,0.0028232166,"TWOGAUSSIANS_WITH_ELLIPSOIDAL_ON_ECLIPSE1",9,6.882681,0.24027644,0.0028232166,0.089583896,0.03269594,0.47701553,0.043199815,0.72005737,0.01793605,0.34194604,0.118581146,0.4698219,0.033870175
375316653866487564,5872772877110053248,0.48642173,2264.1860281950508,1.5034238014456516,1.1016812E-5,17.728325,0.003944274,0.2471794,0.003489682,0.055279024,0.006948325,0.09012719,0.011315119,0.7041236,7.783824E-4,0.004736499,0.0021586022,0.055715263,0.112830095,0.05489512,0.0052577355,0.2471794,0.003489682,"TWOGAUSSIANS_WITH_ELLIPSOIDAL_ON_ECLIPSE1",9,10.920793,0.2471794,0.003489682,0.30956253,0.03891062,0.19991408,0.008856091,0.70426357,8.4144407E-4,0.026524395,0.012088173,0.15768658,0.112022676
375316653866487564,5872773869204517632,0.40969494,2252.019552776918,0.1831006644128793,1.2341523E-5,18.09721,0.0042509288,0.7405919,0.0050621396,0.0039085587,0.0032055967,0.36986926,0.28189525,null,null,null,null,null,null,0.028390223,0.005092375,0.7405919,0.0050621396,"ONEGAUSSIAN_WITH_ELLIPSOIDAL",6,24.080715,0.7405919,0.0050621396,0.021887928,0.017951341,0.4266497,0.28221884,null,null,null,null,null,null
