Gaia/vari_eclipsing_binary/VariEclipsingBinary_467233-467243.csv
# %ECSV 1.0
# ---
# delimiter: ','
# meta: !!omap
# - RELEASE: Gaia DR3
# - TABLE: vari_eclipsing_binary
# - DESCRIPTION: >
#     This table describes the properties of the eclipsing binaries resulting from the variability analysis. 
# - CITATION: >
#     How to cite and acknowledge Gaia: 
#     https://gea.esac.esa.int/archive/documentation/credits.html 
# - KNOWN_ISSUES: >
#     Known issues: 
#     https://www.cosmos.esa.int/web/gaia-users/known-issues 
# - DOCUMENTATION: >
#     Tutorials and documentation: 
#     https://www.cosmos.esa.int/web/gaia-users/archive 
# datatype:
# - 
#   name: solution_id
#   datatype: int64
#   description: Solution Identifier
#   meta:
#     ucd: meta.version
# - 
#   name: source_id
#   datatype: int64
#   description: Unique source identifier
#   meta:
#     ucd: meta.id;meta.main
# - 
#   name: global_ranking
#   datatype: float32
#   description: Number between 0 (worst) and 1 (best)
#   meta:
#     ucd: stat.param
# - 
#   name: reference_time
#   datatype: float64
#   unit: d
#   description: Reference time used for the geometric model fit
#   meta:
#     ucd: time.epoch
# - 
#   name: frequency
#   datatype: float64
#   unit: d**-1
#   description: Frequency of geometric model of the eclipsing binary light curve
#   meta:
#     ucd: src.orbital
# - 
#   name: frequency_error
#   datatype: float32
#   unit: d**-1
#   description: "Uncertainty of \\texttt{frequency}"
#   meta:
#     ucd: stat.error
# - 
#   name: geom_model_reference_level
#   datatype: float32
#   unit: mag
#   description: Magnitude reference level of geometric model
#   meta:
#     ucd: phot.mag;em.opt
# - 
#   name: geom_model_reference_level_error
#   datatype: float32
#   unit: mag
#   description: "Uncertainty of \\texttt{geomModelReferenceLevel}"
#   meta:
#     ucd: stat.error;phot.mag;em.opt
# - 
#   name: geom_model_gaussian1_phase
#   datatype: float32
#   description: Phase of the Gaussian 1 component
#   meta:
#     ucd: time.phase
# - 
#   name: geom_model_gaussian1_phase_error
#   datatype: float32
#   description: "Uncertainty of \\texttt{geomModelGaussian1Phase}"
#   meta:
#     ucd: stat.error;time.phase
# - 
#   name: geom_model_gaussian1_sigma
#   datatype: float32
#   description: "Standard deviation [phase] of Gaussian 1 component"
#   meta:
#     ucd: stat.stdev
# - 
#   name: geom_model_gaussian1_sigma_error
#   datatype: float32
#   description: "Uncertainty of \\texttt{geomModelGaussian1Sigma}"
#   meta:
#     ucd: stat.error
# - 
#   name: geom_model_gaussian1_depth
#   datatype: float32
#   unit: mag
#   description: Magnitude depth of Gaussian 1 component
#   meta:
#     ucd: src.var.amplitude
# - 
#   name: geom_model_gaussian1_depth_error
#   datatype: float32
#   unit: mag
#   description: "Uncertainty of \\texttt{geomModelGaussian1Depth}"
#   meta:
#     ucd: stat.error;src.var.amplitude
# - 
#   name: geom_model_gaussian2_phase
#   datatype: float32
#   description: Phase of Gaussian 2 component
#   meta:
#     ucd: time.phase
# - 
#   name: geom_model_gaussian2_phase_error
#   datatype: float32
#   description: "Uncertainty of \\texttt{geomModelGaussian2Phase}"
#   meta:
#     ucd: stat.error;time.phase
# - 
#   name: geom_model_gaussian2_sigma
#   datatype: float32
[...]
#   datatype: float32
#   description: "Secondary eclipse: uncertainty of \\texttt{derivedSecondaryEclDuration}"
#   meta:
#     ucd: stat.error;time.duration
# - 
#   name: derived_secondary_ecl_depth
#   datatype: float32
#   unit: mag
#   description: "Secondary eclipse: depth"
#   meta:
#     ucd: src.var.amplitude
# - 
#   name: derived_secondary_ecl_depth_error
#   datatype: float32
#   unit: mag
#   description: "Secondary eclipse: uncertainty of \\texttt{derivedSecondaryEclDepth}"
#   meta:
#     ucd: stat.error;src.var.amplitude
solution_id,source_id,global_ranking,reference_time,frequency,frequency_error,geom_model_reference_level,geom_model_reference_level_error,geom_model_gaussian1_phase,geom_model_gaussian1_phase_error,geom_model_gaussian1_sigma,geom_model_gaussian1_sigma_error,geom_model_gaussian1_depth,geom_model_gaussian1_depth_error,geom_model_gaussian2_phase,geom_model_gaussian2_phase_error,geom_model_gaussian2_sigma,geom_model_gaussian2_sigma_error,geom_model_gaussian2_depth,geom_model_gaussian2_depth_error,geom_model_cosine_half_period_amplitude,geom_model_cosine_half_period_amplitude_error,geom_model_cosine_half_period_phase,geom_model_cosine_half_period_phase_error,model_type,num_model_parameters,reduced_chi2,derived_primary_ecl_phase,derived_primary_ecl_phase_error,derived_primary_ecl_duration,derived_primary_ecl_duration_error,derived_primary_ecl_depth,derived_primary_ecl_depth_error,derived_secondary_ecl_phase,derived_secondary_ecl_phase_error,derived_secondary_ecl_duration,derived_secondary_ecl_duration_error,derived_secondary_ecl_depth,derived_secondary_ecl_depth_error
375316653866487564,4109824965433250688,0.4866847,2278.9107211361606,2.023271457375021,2.3368004E-5,19.375313,0.036016937,0.23902528,0.017070001,0.07502665,0.026744308,0.39218768,0.0849077,0.7478945,0.0061435415,0.061049398,0.015059043,0.3724341,0.0999067,null,null,null,null,"TWOGAUSSIANS",8,7.2386355,0.23902528,0.017070001,0.4,0.039875526,0.39148712,0.08558322,0.7478945,0.0061435415,0.34187663,0.08433064,0.37173352,0.100048296
375316653866487564,4109824999792986624,0.53748554,2262.916732658332,2.189786066703206,1.1627511E-5,18.744877,0.024046993,0.23017162,0.0021975364,0.09533036,0.008268728,0.33414155,0.0232964,0.7339767,0.007668537,0.09959376,0.014014619,0.26426414,0.024811465,null,null,null,null,"TWOGAUSSIANS",8,2.2679186,0.23017162,0.0021975364,0.4,0.0,0.3131799,0.018531952,0.7339767,0.007668537,0.4,0.0,0.24330142,0.013181761
375316653866487564,4109825072786315136,0.5135856,2255.277436186211,3.338386934889994,1.7091537E-5,19.755754,0.044739995,0.32278928,0.012747292,0.08009963,0.013270966,0.6779415,0.052378427,0.8047134,0.005218064,0.07896348,0.017850727,0.47285888,0.33931944,null,null,null,null,"TWOGAUSSIANS",8,3.3069952,0.32278928,0.012747292,0.4,0.0,0.6723142,0.046160903,0.8047134,0.005218064,0.4,0.037545443,0.46723157,0.34280524
375316653866487564,4109825107146118912,0.51243466,2303.8125752548303,0.032729202981844,4.019462E-5,18.187267,0.010423661,0.18231258,0.01342905,0.052563313,0.025499372,0.08168222,0.033637535,0.49678415,0.0022137514,0.03886429,0.0046143066,1.3048711,0.59200597,null,null,null,null,"TWOGAUSSIANS",8,11.810933,0.49678415,0.0022137514,0.21764001,0.025840119,1.3048711,0.59200597,0.18231258,0.01342905,0.29435456,0.14279649,0.08168222,0.033637535
375316653866487564,4109825278943688960,0.49783713,2286.022620634986,2.553650070004993,1.2160598E-4,19.477156,0.03735322,0.2522206,0.0069013364,0.07187008,0.0115202395,0.43234697,0.06581367,0.77643126,0.016965577,0.06622793,0.034340102,0.5036652,0.1435488,null,null,null,null,"TWOGAUSSIANS",8,6.014568,0.77643126,0.016965577,0.3708764,0.06997926,0.5029746,0.14843068,0.2522206,0.0069013364,0.4,0.0297013,0.4316564,0.06398941
375316653866487564,4109825759981650816,0.5562453,2302.6704425892813,0.41920549840427673,3.742663E-5,18.920742,0.006652684,0.39719674,0.022625955,0.056795638,0.023912199,0.086711206,0.030273434,0.83314157,0.015850455,0.054801922,0.0134311095,1.3011584,2.7563937,null,null,null,null,"TWOGAUSSIANS",8,4.0795283,0.83314157,0.015850455,0.30689076,0.075214215,1.3011566,2.7563996,0.39719674,0.022625955,0.31805557,0.122160025,0.08670941,0.030285325
375316653866487564,4109825790039238400,0.6106527,2290.6753858523707,1.7580038277692085,1.9723733E-5,17.682886,0.004774141,0.19714966,0.0015296994,0.07652705,0.0024935997,0.2774405,0.005577962,0.68783325,0.0017410003,0.07897215,0.0019981395,0.49882668,0.008339519,null,null,null,null,"TWOGAUSSIANS",8,2.82303,0.68783325,0.0017410003,0.4,0.0,0.49534112,0.008284782,0.19714966,0.0015296994,0.4,0.0,0.27395493,0.0053055603
375316653866487564,4109826103577615616,0.5358582,2282.814738099357,0.6008861149183031,2.3614051E-5,17.437948,0.0019136012,0.28679177,0.00575831,0.038963564,0.0063232575,0.311615,0.1115976,0.72454196,7.622536E-4,0.035446685,0.008823226,0.12307636,0.00990148,null,null,null,null,"TWOGAUSSIANS",8,4.8438396,0.28679177,0.00575831,0.21819596,0.03541024,0.311615,0.1115976,0.72454196,7.622536E-4,0.19850144,0.049410067,0.12307636,0.009901481
375316653866487564,4109826168024137728,0.5231068,2275.812079699832,1.3200141857086412,1.453379E-5,18.487728,0.4282771,0.2543606,0.0051056924,0.11834866,0.0630978,0.31201106,0.41517732,0.7417193,0.0062318714,0.11133649,0.045982935,0.33842465,0.39114457,null,null,null,null,"TWOGAUSSIANS",8,3.439067,0.7417193,0.0062318714,0.4,0.0,0.28479898,0.024239736,0.2543906,0.004559577,0.4,0.0,0.25832605,0.01740837
375316653866487564,4109826172296942720,0.45928395,2288.8557791039993,1.4929154571310443,6.30309E-5,19.421425,0.012067419,0.36783403,0.008301991,0.024199052,0.0077152564,0.21785988,0.03213182,0.84677863,0.015056773,0.052771658,0.014347995,0.09044801,0.016478144,null,null,null,null,"TWOGAUSSIANS",8,2.924213,0.36783403,0.008301991,0.13551469,0.043205436,0.21785988,0.032131817,0.84677863,0.015056773,0.2955213,0.08034877,0.09044801,0.016478142
375316653866487564,4109826687695385600,0.5503007,2282.457836241598,2.8190740630371787,1.07443575E-5,18.938747,0.013891776,0.26883185,0.002196662,0.052849524,0.004393546,0.68478644,0.0220788,0.7715905,0.0038653545,0.05986899,0.003032771,0.87312084,0.043785356,null,null,null,null,"TWOGAUSSIANS",8,11.625597,0.7715905,0.0038653545,0.33526635,0.016983518,0.8730464,0.043786135,0.26883185,0.002196662,0.29595733,0.024603859,0.684712,0.022103282
375316653866487564,4109826790774570368,0.454337,2289.4173181208917,1.1896877112463828,3.67279E-5,18.85889,0.014972048,0.17232192,0.01457437,0.12387862,0.026189119,0.07714217,0.01767309,0.6959854,0.015295276,0.059066337,0.013499295,0.14480516,0.029464366,null,null,null,null,"TWOGAUSSIANS",8,2.0429716,0.69601536,0.015275091,0.33077148,0.07559606,0.14199147,0.023304457,0.17232192,0.01457437,0.4,0.0,0.07427081,0.013767048
375316653866487564,4109826893854055296,0.45551273,2318.359569603883,0.32754350763887247,6.112181E-5,19.189081,0.123530716,0.14447919,0.030639647,0.103455245,0.04214812,0.18934214,0.12747307,0.5692185,0.026903123,0.18180318,0.07839363,0.24686737,0.10478039,null,null,null,null,"TWOGAUSSIANS",8,3.137941,0.5692185,0.026903123,0.4,0.0,0.19015221,0.028722605,0.15645918,0.0282292,0.4,0.0,0.15141658,0.13365911
375316653866487564,4109826923943074944,0.47952902,2280.05254688528,2.7327327128725583,3.154662E-5,19.270855,0.032580763,0.2173319,0.006269033,0.07161608,0.009136036,0.5203751,0.056991413,0.7513088,0.016755013,0.0779945,0.024157021,0.4485637,0.060956694,null,null,null,null,"TWOGAUSSIANS",8,11.3061495,0.2173319,0.006269033,0.4,0.03303438,0.5187271,0.056037515,0.7513088,0.016755013,0.4,0.05873926,0.44691575,0.06013399
375316653866487564,4109827027026615040,0.50505674,2279.8579946158243,1.2732171634875262,3.4107405E-5,18.168886,0.01952944,0.14082216,0.0036774871,0.08431963,0.007094328,0.2898697,0.022418717,0.62918025,0.016504874,0.09683662,0.017332548,0.23752971,0.0252548,null,null,null,null,"TWOGAUSSIANS",8,7.449801,0.14082216,0.0036774871,0.4,0.0,0.28025484,0.01895536,0.62918025,0.016504874,0.4,0.0,0.22791398,0.022494216
375316653866487564,4109827134370862976,0.44296774,2400.287451980435,1.6183875137877135,4.3458753E-5,19.051767,0.024545358,0.4774396,0.024283336,0.093194135,0.01807732,0.34569657,0.067053854,0.8636463,0.026215142,0.060530428,0.021276725,0.119209215,0.03947331,null,null,null,null,"TWOGAUSSIANS",8,3.8298526,0.4774396,0.024283336,0.4,0.0,0.34554362,0.06568548,0.8636463,0.026215142,0.3389704,0.09630204,0.11912077,0.03932145
375316653866487564,4109827684212647552,0.62497795,2250.7018818252463,2.457110460164271,4.211352E-6,11.310218,0.013043085,0.25369895,0.0011138085,0.056930333,0.008474756,0.22265217,0.05773422,0.75081253,0.002875088,0.05608822,0.0066271285,0.2653738,0.031763203,0.112078324,0.015958546,0.25369895,0.0011138085,"TWOGAUSSIANS_WITH_ELLIPSOIDAL_ON_ECLIPSE1",9,44.312904,0.7513125,0.002385364,0.31409404,0.03711192,0.4894439,0.034329236,0.25369895,0.0011138085,0.31880987,0.047458638,0.4467832,0.06790254
375316653866487564,4109827885983987456,0.51776296,2227.738246905961,0.19597404272324784,2.4555507E-5,18.460812,0.0068086353,0.2830905,0.0052520656,0.035122395,0.004248794,1.1421996,0.46551883,0.7843458,0.028196588,0.0672982,0.05555537,0.14112228,0.038036224,null,null,null,null,"TWOGAUSSIANS",8,4.393471,0.2830905,0.0052520656,0.19668542,0.023793248,1.1421963,0.4655237,0.7843458,0.028196588,0.37686995,0.31111008,0.14111894,0.038040128
375316653866487564,4109827989063228288,0.5488458,2245.228547453075,0.2936140200541715,3.331101E-5,17.681393,0.004568683,0.27074403,0.01954146,0.024592398,0.0089970315,0.14864361,0.119124636,0.7788027,0.0180154,0.03929906,0.02034326,0.43095094,0.33350787,null,null,null,null,"TWOGAUSSIANS",8,4.7562747,0.7788027,0.0180154,0.22007473,0.11392225,0.43095094,0.33350787,0.27074403,0.01954146,0.13771743,0.050383378,0.14864361,0.119124636
375316653866487564,4109827993450363776,0.48624682,2250.874811162887,1.5298424058699533,4.2143896E-5,18.458178,0.01386738,0.2831427,0.006362243,0.09783866,0.017996445,0.13427977,0.0131156985,0.78809613,0.01070953,0.08228399,0.019211382,0.08921275,0.021499,null,null,null,null,"TWOGAUSSIANS",8,2.3925772,0.2831427,0.006362243,0.4,0.0,0.12992157,0.01128035,0.78809613,0.01070953,0.4,0.020870475,0.08485514,0.020804053
375316653866487564,4109828062084842880,0.6528165,2283.198085986359,0.22210228003468155,1.8807488E-5,18.310575,0.0051827114,0.31919074,0.009011915,0.049553934,0.01397417,0.15266936,0.07346131,0.8006021,0.0011395838,0.024998117,0.0010202241,1.587107,0.08917592,0.035665836,0.007848378,0.31919074,0.009011915,"TWOGAUSSIANS_WITH_ELLIPSOIDAL_ON_ECLIPSE1",9,2.9355044,0.8006421,0.0011387505,0.13998945,0.0057132547,1.6574717,0.09406128,0.31919074,0.009011915,0.27750203,0.078255355,0.22400053,0.07198089
375316653866487564,4109828195259240192,0.46794328,2265.7994397997313,0.27628712203825473,8.4773776E-5,18.939379,0.12365042,0.15503055,0.055033028,0.16480424,0.15505318,0.065533325,0.1254846,0.7004425,0.06637253,0.039958686,0.05975191,0.4246899,0.5014634,null,null,null,null,"TWOGAUSSIANS",8,4.3246107,0.7005125,0.06966853,0.22376865,0.2211273,0.42232746,0.50827414,0.15503055,0.054991804,0.4,0.0,0.061436165,0.052971695
375316653866487564,4109828233883491200,0.56963134,2269.425447087029,2.946081020435098,2.2401202E-5,19.147371,0.00613609,0.3156489,0.0032318037,0.08482599,0.006509845,0.32193774,0.03099249,0.80961746,0.0036277515,0.07872573,0.0038873244,0.3625774,0.0099477,null,null,null,null,"TWOGAUSSIANS",8,1.089554,0.80961746,0.0036277515,0.4,0.0,0.356897,0.009710095,0.3156489,0.0032318037,0.4,0.0,0.31625733,0.033085342
375316653866487564,4109828367052169216,0.5109349,2318.578878193239,1.1719161249579908,2.0406904E-5,18.68485,0.032465015,0.2673447,0.0075678993,0.10195494,0.02569197,0.19965354,0.024503019,0.7640775,0.003142603,0.09443666,0.017630763,0.26737905,0.021618316,null,null,null,null,"TWOGAUSSIANS",8,2.181315,0.7640775,0.003142603,0.4,0.0,0.25021312,0.028761966,0.2673447,0.0075678993,0.4,0.0,0.18248564,0.012816804
375316653866487564,4109828371322739840,0.57228774,2274.9784574561522,2.9083400811420255,1.33811955E-5,18.500326,0.009656272,0.27709967,0.0041469163,0.0698881,0.006948312,0.40242544,0.024313416,0.77586573,0.003166993,0.062397335,0.011032491,0.47804907,0.037335344,null,null,null,null,"TWOGAUSSIANS",8,3.1859386,0.77586573,0.003166993,0.34942508,0.06110757,0.47738466,0.038549025,0.27709967,0.0041469163,0.39137334,0.024047097,0.40176105,0.024564365
375316653866487564,4109828401416419712,0.5169184,2296.1259219938397,4.033251103044199,3.9274106E-5,19.165197,0.014940121,0.5218549,0.004232945,0.17612806,0.011981393,0.33730245,0.014560287,0.9538121,0.025999716,0.025807198,0.03945355,0.04141969,398158.12,null,null,null,null,"TWOGAUSSIANS",8,1.7270775,0.5218549,0.004232945,0.4,0.0,0.32477605,0.014300032,0.9538121,0.025999716,0.14452031,0.22093987,0.0474215,398158.12
375316653866487564,4109828676295352320,0.46517178,2290.367846461948,0.7477966765067044,4.0145544E-5,19.486242,0.03673666,0.46196762,0.010822353,0.08900321,0.021885078,0.14218754,0.03646741,0.7410966,0.008184682,0.07002374,0.0075113424,0.3019192,0.047569167,null,null,null,null,"TWOGAUSSIANS",8,2.8492966,0.7410966,0.008184682,0.3921329,0.03736022,0.30294585,0.048531745,0.46231762,0.010774121,0.4,0.005369645,0.14228211,0.036544275
375316653866487564,4109828680560798848,0.5360037,2311.2300521635016,3.531093941637052,8.807468E-5,19.837593,0.02031888,0.2982429,0.0038017042,0.06506758,0.0043589473,0.5652906,0.025222223,0.82255596,0.036911596,0.044023152,0.018498989,0.558423,0.09014074,null,null,null,null,"TWOGAUSSIANS",8,2.3244216,0.2982429,0.0038017042,0.36437845,0.024410106,0.5652799,0.02521493,0.82255596,0.036911596,0.24652964,0.10359433,0.5584123,0.09039572
375316653866487564,4109829264761046528,0.47449666,2305.4452549004586,1.5930587367283688,5.2335152E-5,18.515873,0.018450595,0.26491487,0.020875411,0.07622288,0.012026604,0.19507906,0.0497961,0.759338,0.0076662255,0.075379275,0.013883168,0.42002836,0.12966743,null,null,null,null,"TWOGAUSSIANS",8,14.935328,0.759338,0.0076662255,0.4,0.03627605,0.41784737,0.13111413,0.26491487,0.020875411,0.4,0.012341303,0.19289805,0.04848344
375316653866487564,4109829436472608512,0.43088117,2363.631840482081,2.030701663148037,6.785478E-5,17.38594,0.013418036,0.34471676,0.022438219,0.06439195,0.014185496,0.2424305,0.033312418,0.70936763,0.01862572,0.047431137,0.021895327,0.11228122,0.03914169,null,null,null,null,"TWOGAUSSIANS",8,6.6561475,0.34471676,0.022438219,0.3605949,0.06977434,0.24243045,0.033312578,0.70936763,0.01862572,0.26561436,0.12261383,0.11228121,0.039142814
375316653866487564,4109829573911553024,0.47241953,2300.5711068537644,2.4661810189953934,9.274988E-5,18.410229,0.07529245,0.4253644,0.031701557,0.18811762,0.073749036,0.17152925,0.07283736,0.80966765,0.08360103,0.11317389,0.063725665,0.06402729,0.03784537,null,null,null,null,"TWOGAUSSIANS",8,3.3320343,0.4266544,0.029620912,0.4,0.0,0.14238198,0.013849264,0.80966765,0.08360103,0.4,0.0792771,0.0567709,0.023315702
375316653866487564,4109829608271342592,0.5706784,2237.5335636998298,1.535769234475918,7.832935E-6,17.627768,0.009392695,0.2760481,0.0025760264,0.07556947,0.0037415395,0.29172435,0.013328277,0.7855363,0.0078482395,0.102675684,0.016423136,0.12044307,0.00919108,null,null,null,null,"TWOGAUSSIANS",8,3.5290022,0.2760481,0.0025760264,0.4,0.0,0.28603372,0.011794334,0.7855363,0.0078482395,0.4,0.0,0.11475057,0.008125742
375316653866487564,4109829814429791872,0.43432844,2264.6749641843103,2.010156131879951,4.7322395E-5,19.724388,0.082684785,0.16283046,0.041646592,0.109970234,0.06863776,0.19156091,0.082330145,0.66013396,0.017029021,0.104277566,0.030074451,0.37346473,0.07290915,null,null,null,null,"TWOGAUSSIANS",8,4.52852,0.66013396,0.017029021,0.4,0.0,0.34016362,0.035354804,0.16283046,0.04167358,0.4,0.0,0.15825495,0.050863147
375316653866487564,4109829951871355776,0.4441957,2348.613118831393,1.679422933627223,3.9612958E-5,19.63559,0.019546168,0.41567075,0.0233364,0.059926245,0.023224937,0.45451382,0.1925044,0.7266888,0.0081655225,0.024351655,0.020488892,0.10160124,0.062812224,null,null,null,null,"TWOGAUSSIANS",8,3.5573559,0.41567075,0.0233364,0.33558697,0.06984213,0.45451382,0.1925044,0.7266888,0.0081655225,0.13636927,0.114737794,0.10160189,0.06282382
375316653866487564,4109829951955774464,0.44498506,2295.0903661268544,0.2167586332009123,5.4908283E-5,19.850567,0.014765146,0.2625545,0.0120423045,0.015299555,0.01623403,0.041887924,23.288305,null,null,null,null,null,null,0.1208789,0.023417208,0.2625545,0.0120423045,"ONEGAUSSIAN_WITH_ELLIPSOIDAL",6,4.2416663,0.2625545,0.0120423045,0.08567751,0.09091056,0.2836457,23.287785,null,null,null,null,null,null
375316653866487564,4109829951955822336,0.61936796,2324.4677596195593,0.6570766944907561,7.681076E-6,17.361847,0.005304749,0.22585712,0.0020621547,0.037060875,0.0018544695,0.61978114,0.008770756,0.71778136,0.020675339,0.057367116,0.017287973,0.07507985,0.0077304356,null,null,null,null,"TWOGAUSSIANS",8,7.056738,0.22585712,0.0020621547,0.2075409,0.010385029,0.61978096,0.008770151,0.71778136,0.020675339,0.32125586,0.08367076,0.07507968,0.007727982
375316653866487564,4109830085043206400,0.43367514,2334.119513859516,0.20743411686023358,4.8722133E-5,18.930595,0.034065824,0.22408092,0.0075285817,0.086248584,0.028562829,0.23090574,0.05024331,0.79276395,0.06270286,0.036928438,0.06320468,0.098379284,76.061226,null,null,null,null,"TWOGAUSSIANS",8,7.0787516,0.22408092,0.0075285817,0.4,6.8660665E-6,0.230898,0.05048086,0.79276395,0.06271893,0.20679925,0.34051222,0.09837239,76.06133
