Gaia/vari_eclipsing_binary/VariEclipsingBinary_693585-693766.csv
# %ECSV 1.0
# ---
# delimiter: ','
# meta: !!omap
# - RELEASE: Gaia DR3
# - TABLE: vari_eclipsing_binary
# - DESCRIPTION: >
#     This table describes the properties of the eclipsing binaries resulting from the variability analysis. 
# - CITATION: >
#     How to cite and acknowledge Gaia: 
#     https://gea.esac.esa.int/archive/documentation/credits.html 
# - KNOWN_ISSUES: >
#     Known issues: 
#     https://www.cosmos.esa.int/web/gaia-users/known-issues 
# - DOCUMENTATION: >
#     Tutorials and documentation: 
#     https://www.cosmos.esa.int/web/gaia-users/archive 
# datatype:
# - 
#   name: solution_id
#   datatype: int64
#   description: Solution Identifier
#   meta:
#     ucd: meta.version
# - 
#   name: source_id
#   datatype: int64
#   description: Unique source identifier
#   meta:
#     ucd: meta.id;meta.main
# - 
#   name: global_ranking
#   datatype: float32
#   description: Number between 0 (worst) and 1 (best)
#   meta:
#     ucd: stat.param
# - 
#   name: reference_time
#   datatype: float64
#   unit: d
#   description: Reference time used for the geometric model fit
#   meta:
#     ucd: time.epoch
# - 
#   name: frequency
#   datatype: float64
#   unit: d**-1
#   description: Frequency of geometric model of the eclipsing binary light curve
#   meta:
#     ucd: src.orbital
# - 
#   name: frequency_error
#   datatype: float32
#   unit: d**-1
#   description: "Uncertainty of \\texttt{frequency}"
#   meta:
#     ucd: stat.error
# - 
#   name: geom_model_reference_level
#   datatype: float32
#   unit: mag
#   description: Magnitude reference level of geometric model
#   meta:
#     ucd: phot.mag;em.opt
# - 
#   name: geom_model_reference_level_error
#   datatype: float32
#   unit: mag
#   description: "Uncertainty of \\texttt{geomModelReferenceLevel}"
#   meta:
#     ucd: stat.error;phot.mag;em.opt
# - 
#   name: geom_model_gaussian1_phase
#   datatype: float32
#   description: Phase of the Gaussian 1 component
#   meta:
#     ucd: time.phase
# - 
#   name: geom_model_gaussian1_phase_error
#   datatype: float32
#   description: "Uncertainty of \\texttt{geomModelGaussian1Phase}"
#   meta:
#     ucd: stat.error;time.phase
# - 
#   name: geom_model_gaussian1_sigma
#   datatype: float32
#   description: "Standard deviation [phase] of Gaussian 1 component"
#   meta:
#     ucd: stat.stdev
# - 
#   name: geom_model_gaussian1_sigma_error
#   datatype: float32
#   description: "Uncertainty of \\texttt{geomModelGaussian1Sigma}"
#   meta:
#     ucd: stat.error
# - 
#   name: geom_model_gaussian1_depth
#   datatype: float32
#   unit: mag
#   description: Magnitude depth of Gaussian 1 component
#   meta:
#     ucd: src.var.amplitude
# - 
#   name: geom_model_gaussian1_depth_error
#   datatype: float32
#   unit: mag
#   description: "Uncertainty of \\texttt{geomModelGaussian1Depth}"
#   meta:
#     ucd: stat.error;src.var.amplitude
# - 
#   name: geom_model_gaussian2_phase
#   datatype: float32
#   description: Phase of Gaussian 2 component
#   meta:
#     ucd: time.phase
# - 
#   name: geom_model_gaussian2_phase_error
#   datatype: float32
#   description: "Uncertainty of \\texttt{geomModelGaussian2Phase}"
#   meta:
#     ucd: stat.error;time.phase
# - 
#   name: geom_model_gaussian2_sigma
#   datatype: float32
[...]
#   datatype: float32
#   description: "Secondary eclipse: uncertainty of \\texttt{derivedSecondaryEclDuration}"
#   meta:
#     ucd: stat.error;time.duration
# - 
#   name: derived_secondary_ecl_depth
#   datatype: float32
#   unit: mag
#   description: "Secondary eclipse: depth"
#   meta:
#     ucd: src.var.amplitude
# - 
#   name: derived_secondary_ecl_depth_error
#   datatype: float32
#   unit: mag
#   description: "Secondary eclipse: uncertainty of \\texttt{derivedSecondaryEclDepth}"
#   meta:
#     ucd: stat.error;src.var.amplitude
solution_id,source_id,global_ranking,reference_time,frequency,frequency_error,geom_model_reference_level,geom_model_reference_level_error,geom_model_gaussian1_phase,geom_model_gaussian1_phase_error,geom_model_gaussian1_sigma,geom_model_gaussian1_sigma_error,geom_model_gaussian1_depth,geom_model_gaussian1_depth_error,geom_model_gaussian2_phase,geom_model_gaussian2_phase_error,geom_model_gaussian2_sigma,geom_model_gaussian2_sigma_error,geom_model_gaussian2_depth,geom_model_gaussian2_depth_error,geom_model_cosine_half_period_amplitude,geom_model_cosine_half_period_amplitude_error,geom_model_cosine_half_period_phase,geom_model_cosine_half_period_phase_error,model_type,num_model_parameters,reduced_chi2,derived_primary_ecl_phase,derived_primary_ecl_phase_error,derived_primary_ecl_duration,derived_primary_ecl_duration_error,derived_primary_ecl_depth,derived_primary_ecl_depth_error,derived_secondary_ecl_phase,derived_secondary_ecl_phase_error,derived_secondary_ecl_duration,derived_secondary_ecl_duration_error,derived_secondary_ecl_depth,derived_secondary_ecl_depth_error
[from data line 224]
375316653866487564,6101648248302288896,0.6036635,2238.3300318269453,1.980055926056754,1.3771658E-5,15.401961,0.0053634755,0.218296,0.0022915653,0.09194049,0.0046598474,0.19353946,0.004685989,0.70509785,0.001987047,0.090304114,0.0048186635,0.21851236,0.009468111,null,null,null,null,"TWOGAUSSIANS",8,13.643858,0.70509785,0.001987047,0.4,0.0,0.21071751,0.010550074,0.218296,0.0022915653,0.4,0.0,0.18574455,0.0031097855
375316653866487564,6101650614822419840,0.5079898,2136.9127827830866,1.187834197926568,4.386292E-5,17.350538,0.016110701,0.3360429,0.015427281,0.055548623,0.02873932,0.11058764,0.023897761,0.74106675,0.029569956,0.022671271,0.023285223,0.096872754,1052.428,0.023271743,0.015647914,0.74106675,0.029569956,"TWOGAUSSIANS_WITH_ELLIPSOIDAL_ON_ECLIPSE2",9,9.271388,0.3287029,0.018485555,0.3110723,0.16094019,0.14342779,0.023752255,0.74106675,0.029569956,0.12695912,0.13039725,0.14341624,1052.4448
375316653866487564,6101651443758990848,0.49932304,2163.744015799806,3.9444537314450283,3.810817E-5,17.650627,0.034542758,0.31219378,0.01867727,0.11841782,0.022485934,0.14799012,0.0315024,0.83323973,0.015750788,0.10156801,0.024491522,0.13493964,0.03421103,null,null,null,null,"TWOGAUSSIANS",8,9.791089,0.3121838,0.018672548,0.4,0.0,0.13088244,0.019302715,0.8333197,0.015699025,0.4,0.0,0.117880486,0.028236661
375316653866487564,6101651546838206976,0.4955946,2132.801806350231,2.1657968880713923,1.688129E-4,17.832737,0.004849952,0.22418915,0.016962046,0.057983097,0.010861009,0.37169164,0.16889256,0.90331036,0.040829394,0.03064893,0.018170089,0.054014,0.24676208,0.013505025,0.006957869,0.22418915,0.016962046,"TWOGAUSSIANS_WITH_ELLIPSOIDAL_ON_ECLIPSE1",9,7.8568077,0.22418915,0.016962046,0.32470533,0.060821652,0.39866892,0.16839686,0.90331036,0.040829394,0.171634,0.1017525,0.05899333,0.2472524
375316653866487564,6101659410917619712,0.5474546,2200.680921615714,1.4590208411637227,2.0622113E-4,17.39702,0.0015068136,0.7740584,0.0020379105,0.054707643,0.0057161283,0.7077888,0.20544761,null,null,null,null,null,null,null,null,null,null,"ONEGAUSSIAN",5,2.4010513,0.7740584,0.0020379105,0.3063628,0.032010317,0.7077888,0.0,null,null,null,null,null,null
375316653866487564,6101662782471362816,0.6220732,2106.9839094583554,2.79408895205197,9.99602E-6,18.831234,0.007049883,0.19687161,0.0023640858,0.07631752,0.002667854,0.40975302,0.0090856105,0.69263256,0.0025374729,0.068328485,0.0030934066,0.5006931,0.01477938,null,null,null,null,"TWOGAUSSIANS",8,1.1336972,0.69263256,0.0025374729,0.38263953,0.017323077,0.49862882,0.014724783,0.19687161,0.0023640858,0.4,0.0,0.40768877,0.0087651955
375316653866487564,6101670509113231616,0.47034207,2194.267221072191,1.0867377297970746,7.4101496E-5,16.764156,0.0039429455,0.2950196,0.0018309769,0.009432663,0.003577489,0.25081414,0.3166814,0.74802274,0.02113175,0.047008913,0.024560163,0.041534334,0.07645556,null,null,null,null,"TWOGAUSSIANS",8,17.740707,0.2950196,0.0018309769,0.052822914,0.020033939,0.25081414,0.3166814,0.74802274,0.02113175,0.2632499,0.13753691,0.041534334,0.07645556
375316653866487564,6101670513412918528,0.53052276,2173.8660614361293,2.7923191284112465,1.725751E-5,14.95068,0.022283802,0.3454952,0.0050447234,0.06746214,0.014352691,0.12687114,0.048745688,0.84903616,0.008222058,0.052783914,0.01594732,0.12880124,0.04555587,0.052172832,0.025390197,0.3454952,0.0050447234,"TWOGAUSSIANS_WITH_ELLIPSOIDAL_ON_ECLIPSE1",9,155.02577,0.84903616,0.00797445,0.29558992,0.08930499,0.23296443,0.017974557,0.3454952,0.0050447234,0.37778798,0.07681781,0.23108597,0.020001799
375316653866487564,6101674258622621056,0.4750069,2118.2122726445077,1.75055213992848,5.063062E-5,16.696264,0.019913796,0.24025597,1.06864754E-4,0.013188111,9.618385E-4,0.7548597,0.14702232,0.6885067,0.04536937,0.16670784,0.12334033,0.024340797,0.018042253,null,null,null,null,"TWOGAUSSIANS",8,1.5273966,0.24025597,1.0176494E-4,0.07385342,0.0053862957,0.75505716,0.14656942,0.6885067,0.04536937,0.4,0.0,0.023781277,0.010309808
375316653866487564,6101677896454373504,0.5744975,2151.7359860429888,0.22253388889388442,2.1212616E-5,15.829212,0.0069595017,0.22776255,0.01920439,0.0719331,0.05221099,0.076133475,0.59007365,0.7248765,0.008414355,0.042774405,0.004657755,0.5495138,0.048545774,null,null,null,null,"TWOGAUSSIANS",8,75.24274,0.7248765,0.008414355,0.23953667,0.026083428,0.54949397,0.048554964,0.22776255,0.01920439,0.4,0.27146855,0.0761136,0.59009624
375316653866487564,6101677965173835008,0.49155965,2115.5014709524194,3.292873040226772,3.5184024E-5,19.850456,0.022865519,0.22821833,0.026687404,0.09138066,0.017253729,0.3016601,0.061144486,0.74186563,0.019285705,0.049294315,0.016083555,0.5153571,0.11771384,null,null,null,null,"TWOGAUSSIANS",8,3.2042842,0.74186563,0.019285705,0.27604818,0.09006791,0.5144819,0.11833792,0.22821833,0.026687404,0.4,0.0,0.30078462,0.06059363
375316653866487564,6101681160629597056,0.5738158,2131.662474894128,3.58365948790362,4.567215E-5,17.756378,0.030602828,0.1963316,0.007394062,0.10760648,0.015615026,0.30473402,0.027985785,0.6727715,0.010233436,0.09777163,0.019192453,0.23233384,0.028517824,null,null,null,null,"TWOGAUSSIANS",8,5.569007,0.1963316,0.007396393,0.4,0.0,0.28399158,0.011342637,0.6727715,0.010233436,0.4,0.0,0.2116087,0.015677517
375316653866487564,6101684669617700480,0.63775223,2112.9187704751143,2.7407469570275,4.9484897E-6,15.208434,0.0039736736,0.15075527,0.0013490715,0.035237383,0.0033324624,0.17208777,0.008947919,0.648421,0.0025847785,0.056387886,0.0028739993,0.18752748,0.015551067,0.10604177,0.006446259,0.15075527,0.0013490715,"TWOGAUSSIANS_WITH_ELLIPSOIDAL_ON_ECLIPSE1",9,17.856932,0.648941,0.0018658243,0.31577218,0.016094396,0.39956698,0.013961512,0.15075527,0.0013490715,0.19732934,0.01866179,0.3841628,0.009209526
375316653866487564,6101688174316752640,0.565283,2122.39357687108,1.0051202765873646,1.0798209E-5,11.023905,0.0275182,0.16851148,0.0028146384,0.1562036,0.02219281,0.12030771,0.025908839,0.66394484,0.0014382357,0.12583303,0.0077294405,0.15097904,0.024942355,null,null,null,null,"TWOGAUSSIANS",8,9.395679,0.66394484,0.0014382357,0.4,0.0,0.09955461,5.995958E-4,0.16861148,0.0028550837,0.4,0.0,0.06755776,0.0024667978
375316653866487564,6101704804430226560,0.58202636,2066.2250759699405,1.5117660716634878,1.4438746E-5,16.008642,0.0022566386,0.35238636,0.0043179127,0.059739504,0.0064623887,0.13442156,0.0127094705,0.85264605,0.016695388,0.028152158,0.017631704,0.04467433,0.02514996,0.025845394,0.008449908,0.35238636,0.0043179127,"TWOGAUSSIANS_WITH_ELLIPSOIDAL_ON_ECLIPSE1",9,8.753715,0.35238636,0.0043179127,0.33454123,0.036189377,0.18609144,0.010709043,0.85264605,0.016673703,0.1576521,0.09873754,0.09634407,0.024993507
375316653866487564,6101714390795547008,0.5402736,2165.2821244385495,1.0994120783645651,1.0768746E-5,18.852364,0.014982859,0.08882057,0.0010866885,0.0073202415,8.282797E-4,0.7794348,0.040203508,0.5981412,0.015287391,0.027402202,0.016279371,0.25770265,0.088991724,null,null,null,null,"TWOGAUSSIANS",8,6.0088377,0.08882057,0.0010866885,0.04099335,0.0046383664,0.7794348,0.040203508,0.5981412,0.015287391,0.15345234,0.091164485,0.25770265,0.088991724
375316653866487564,6101717929851195136,0.51650953,2181.6600203861713,2.3480358074692282,5.6454905E-5,16.382793,0.0051443256,0.12705748,0.019097218,0.049951605,0.01920262,0.039034776,0.01438655,0.47720706,0.027130647,0.050267413,0.03312928,0.4378401,87.78195,null,null,null,null,"TWOGAUSSIANS",8,16.847475,0.47720706,0.027130647,0.2814975,0.18552397,0.4378401,87.78195,0.12705748,0.019097218,0.27972898,0.10753468,0.039034776,0.014386546
375316653866487564,6101720712989854208,0.5465632,2169.867789093953,0.7466752533558014,1.1276533E-4,15.613583,0.0054375557,0.3078581,0.014975445,0.01753734,0.009830605,0.54792464,1.2954187,null,null,null,null,null,null,0.0070476653,0.006988823,0.3078581,0.014975445,"ONEGAUSSIAN_WITH_ELLIPSOIDAL",6,75.52041,0.3078581,0.014975445,0.098209105,0.05505139,0.56201994,1.2957885,null,null,null,null,null,null
375316653866487564,6101722259177894528,0.70238626,2172.857907394014,1.7821951359475865,6.746794E-6,15.857199,0.012386372,0.23485857,0.004118532,0.051331937,0.007945404,0.11157102,0.023459649,0.7391592,0.009746685,0.048861552,0.011351558,0.5549538,0.04019561,0.04846937,0.01295467,0.7391592,0.009746685,"TWOGAUSSIANS_WITH_ELLIPSOIDAL_ON_ECLIPSE2",9,7.100431,0.7391592,0.009746685,0.2736247,0.063568726,0.65189046,0.06209276,0.23551857,0.0025098792,0.28745887,0.044494264,0.20844771,0.0034542573
375316653866487564,6101733971549469696,0.6247092,2111.932200599299,2.924970548573134,1.3268265E-5,18.276924,0.0054048267,0.22067736,0.0011715179,0.04699511,0.0027413347,0.24299379,0.018292498,0.7183403,0.00934871,0.04056778,0.010746421,0.18868455,0.026413945,0.1214942,0.012112233,0.22067736,0.0011715179,"TWOGAUSSIANS_WITH_ELLIPSOIDAL_ON_ECLIPSE1",9,3.5650318,0.22067736,0.0011715179,0.26317263,0.015351474,0.48598158,0.013665888,0.71868026,0.008564101,0.22717957,0.06017996,0.43162748,0.021330645
375316653866487564,6101735075360361984,0.52335733,2140.0761204554165,1.1508028429726818,1.7119168E-5,15.957648,0.002846058,0.24694283,0.0129352715,0.08386868,0.015672933,0.034618344,0.003522628,0.73808026,0.004289444,0.07695207,0.006765771,0.096452855,0.0031273447,null,null,null,null,"TWOGAUSSIANS",8,5.1171317,0.73808026,0.004289444,0.4,0.0,0.09570908,0.0027213527,0.24694283,0.0129352715,0.4,0.0,0.033874568,0.003327532
375316653866487564,6101737136944984064,0.52971876,2158.2496356242705,2.3181347274913153,2.7176546E-5,15.444289,0.003983466,0.82072496,0.0029144993,0.060615852,0.0037388704,0.20005798,0.013394961,null,null,null,null,null,null,0.04743301,0.004719766,0.82072496,0.0029144993,"ONEGAUSSIAN_WITH_ELLIPSOIDAL",6,35.341244,0.82072496,0.0029144993,0.33944878,0.020937676,0.294884,0.010374894,null,null,null,null,null,null
375316653866487564,6101743012460131840,0.4999983,2218.462604831979,3.7374868237013232,3.8077025E-5,17.613415,0.031460527,0.26358476,0.008163826,0.10555523,0.02451954,0.18400595,0.027134096,0.7445399,0.008816225,0.10356351,0.019048862,0.22081475,0.028893853,null,null,null,null,"TWOGAUSSIANS",8,14.081198,0.7445399,0.008816225,0.4,0.0,0.20233351,0.01897575,0.26359478,0.008169159,0.4,0.0,0.1655233,0.019028071
375316653866487564,6101744180690355712,0.589148,2195.7279056705916,2.3435857013580423,7.937131E-6,18.412262,0.003546969,0.29921442,0.021255683,0.07395721,0.021486975,0.1539965,0.015992321,0.7927319,0.0027713599,0.05332233,0.0016372734,0.52833414,0.015896654,null,null,null,null,"TWOGAUSSIANS",8,2.164494,0.7927319,0.0027713599,0.29860502,0.00916873,0.52815205,0.01588378,0.29921442,0.021255683,0.4,0.031780932,0.15381446,0.016566636
375316653866487564,6101748235139629568,0.65809613,2128.526217489653,1.510988832816474,1.74433E-5,15.985953,0.005631051,0.2912786,0.0044715726,0.040996064,0.0026327723,0.41954356,0.03360148,0.7899169,0.002740202,0.049132127,0.009676552,0.15087013,0.050554853,0.014241598,0.0075663393,0.7899169,0.002740202,"TWOGAUSSIANS_WITH_ELLIPSOIDAL_ON_ECLIPSE2",9,7.387037,0.29126862,0.0044140173,0.22957796,0.014743525,0.44802433,0.029392231,0.7899169,0.002740202,0.27513993,0.05418869,0.17935295,0.05866515
375316653866487564,6101748613097972480,0.6121404,2227.938081534433,3.5705868544626935,6.742835E-6,18.261683,0.0106779,0.16128044,0.0046187835,0.06905059,0.00426224,0.6074782,0.07133256,0.66314715,0.0037572545,0.06299622,0.0060593127,0.58934724,0.095431216,null,null,null,null,"TWOGAUSSIANS",8,4.1857443,0.16128044,0.0046187835,0.3866833,0.023868544,0.60660493,0.071558535,0.66314715,0.0037572545,0.35277885,0.03393215,0.588474,0.0960287
375316653866487564,6101757615348298368,0.51534784,2074.1982532312954,3.52993043861833,3.948093E-5,17.45326,0.018576376,0.25700122,0.007958761,0.08772225,0.021087026,0.15701915,0.013057866,0.778156,0.01664737,0.10988913,0.020622347,0.13749605,0.019112222,null,null,null,null,"TWOGAUSSIANS",8,6.0554748,0.25698122,0.00799639,0.4,0.0,0.14810322,0.011994492,0.778156,0.016644813,0.4,0.0,0.12856802,0.010171495
375316653866487564,6101759470774277632,0.5316266,2125.0855174703934,0.9095244210688365,1.7137541E-5,16.148016,0.0031681382,0.20563681,0.003758956,0.02312586,0.018160632,0.057267454,8.1577312E8,null,null,null,null,null,null,0.05301616,0.006531992,0.20563681,0.003758956,"ONEGAUSSIAN_WITH_ELLIPSOIDAL",6,16.774248,0.20563681,0.003758956,0.12950481,0.10169954,0.16329964,8.1577312E8,null,null,null,null,null,null
375316653866487564,6101762356993363200,0.5810687,2170.8001493215243,0.06408315993405483,3.9649563E-5,15.772574,0.026789527,0.26646018,0.011401348,0.056295708,0.009272729,0.9527252,0.36778826,0.56956494,0.007103687,0.010671736,0.0033460457,0.27397442,0.11698066,0.05172459,0.038633868,0.26646018,0.011401348,"TWOGAUSSIANS_WITH_ELLIPSOIDAL_ON_ECLIPSE1",9,112.94942,0.26646018,0.011401348,0.31525597,0.051927283,1.0561255,0.36107454,0.56973493,0.0072268336,0.05976172,0.018737856,0.28505602,0.12527137
375316653866487564,6101767579672544640,0.60725904,2156.273270417125,2.522499368643135,6.650684E-6,16.619328,0.006747844,0.30671194,0.0021636751,0.1011795,0.0036199768,0.23608096,0.0071731415,0.8014681,0.0013928446,0.09055817,0.004038968,0.2512284,0.008241795,null,null,null,null,"TWOGAUSSIANS",8,3.1160724,0.8014681,0.0013928446,0.4,0.0,0.23616034,0.009241473,0.30671194,0.0021636751,0.4,0.0,0.22101061,0.0050969874
375316653866487564,6101776440186456448,0.5767628,2141.48827961468,3.436549590869356,1.0434366E-5,19.084225,0.0065871626,0.29442778,0.0057420633,0.06743539,0.0048557078,0.61849266,0.070597805,0.7968065,0.0042221197,0.0757626,0.006509322,0.4714067,0.031029604,null,null,null,null,"TWOGAUSSIANS",8,1.7281616,0.29442778,0.0057420633,0.3776382,0.027191963,0.6162234,0.0714114,0.7968065,0.0042221197,0.4,0.0,0.46913746,0.03230582
375316653866487564,6101781942043186304,0.40713522,2087.662800988945,0.2808238685186265,7.3137446E-5,14.038722,0.03850555,null,null,null,null,null,null,null,null,null,null,null,null,0.1043783,0.060428347,0.28094944,0.014017431,"ELLIPSOIDAL",4,3349.5745,null,null,null,null,null,null,null,null,null,null,null,null
375316653866487564,6101782732317190656,0.58232874,2126.269335273901,3.5665797455580965,2.2246844E-5,17.441917,0.019509492,0.22129855,0.004517512,0.089187175,0.008645284,0.30099785,0.026678717,0.73585105,0.0041616596,0.09747642,0.010975679,0.25653747,0.01743462,null,null,null,null,"TWOGAUSSIANS",8,5.903198,0.22129855,0.004517512,0.4,0.0,0.28862798,0.025109308,0.73585105,0.0041616596,0.4,0.0,0.24416645,0.010628449
375316653866487564,6101794616488702720,0.53476715,2165.441584118412,3.3695620527882117,2.212476E-5,18.23534,0.030095609,0.21505493,0.0106779765,0.076189205,0.012043314,0.61776036,0.041689724,0.70261514,0.012827853,0.07838555,0.021985158,0.47104412,0.030893967,null,null,null,null,"TWOGAUSSIANS",8,14.077885,0.21505493,0.0106779765,0.4,4.3147762E-4,0.6133433,0.039795622,0.70261514,0.012827853,0.4,0.042839468,0.46662706,0.03233306
375316653866487564,6101798911455749120,0.50179607,2162.5155218858085,2.9666935561182632,1.9637488E-5,17.751295,0.06798175,0.28405863,0.0068023875,0.10963767,0.033008248,0.17904419,0.0625112,0.7842619,0.007882822,0.10176137,0.045106348,0.18830049,0.04981233,null,null,null,null,"TWOGAUSSIANS",8,8.161737,0.7842619,0.007882361,0.4,0.0,0.16601065,0.01876726,0.28405863,0.006803465,0.4,0.0,0.15674558,0.017596854
375316653866487564,6101799843467014656,0.46477082,2168.479422609211,1.7265786568131274,3.5998575E-5,17.285633,0.013271078,0.360098,0.002570488,0.015620314,0.004949122,0.44863164,0.22190648,0.8484651,0.009662852,0.01172818,0.0059546647,0.22021417,0.13896476,0.059753023,0.02447085,0.8484651,0.009662852,"TWOGAUSSIANS_WITH_ELLIPSOIDAL_ON_ECLIPSE2",9,70.330925,0.360038,0.0025188348,0.08747376,0.027715085,0.5675035,0.24943781,0.8484651,0.009662852,0.06567781,0.033346124,0.33972013,0.13908161
