Gaia/vari_eclipsing_binary/VariEclipsingBinary_393301-393942.csv
# %ECSV 1.0
# ---
# delimiter: ','
# meta: !!omap
# - RELEASE: Gaia DR3
# - TABLE: vari_eclipsing_binary
# - DESCRIPTION: >
#     This table describes the properties of the eclipsing binaries resulting from the variability analysis. 
# - CITATION: >
#     How to cite and acknowledge Gaia: 
#     https://gea.esac.esa.int/archive/documentation/credits.html 
# - KNOWN_ISSUES: >
#     Known issues: 
#     https://www.cosmos.esa.int/web/gaia-users/known-issues 
# - DOCUMENTATION: >
#     Tutorials and documentation: 
#     https://www.cosmos.esa.int/web/gaia-users/archive 
# datatype:
# - 
#   name: solution_id
#   datatype: int64
#   description: Solution Identifier
#   meta:
#     ucd: meta.version
# - 
#   name: source_id
#   datatype: int64
#   description: Unique source identifier
#   meta:
#     ucd: meta.id;meta.main
# - 
#   name: global_ranking
#   datatype: float32
#   description: Number between 0 (worst) and 1 (best)
#   meta:
#     ucd: stat.param
# - 
#   name: reference_time
#   datatype: float64
#   unit: d
#   description: Reference time used for the geometric model fit
#   meta:
#     ucd: time.epoch
# - 
#   name: frequency
#   datatype: float64
#   unit: d**-1
#   description: Frequency of geometric model of the eclipsing binary light curve
#   meta:
#     ucd: src.orbital
# - 
#   name: frequency_error
#   datatype: float32
#   unit: d**-1
#   description: "Uncertainty of \\texttt{frequency}"
#   meta:
#     ucd: stat.error
# - 
#   name: geom_model_reference_level
#   datatype: float32
#   unit: mag
#   description: Magnitude reference level of geometric model
#   meta:
#     ucd: phot.mag;em.opt
# - 
#   name: geom_model_reference_level_error
#   datatype: float32
#   unit: mag
#   description: "Uncertainty of \\texttt{geomModelReferenceLevel}"
#   meta:
#     ucd: stat.error;phot.mag;em.opt
# - 
#   name: geom_model_gaussian1_phase
#   datatype: float32
#   description: Phase of the Gaussian 1 component
#   meta:
#     ucd: time.phase
# - 
#   name: geom_model_gaussian1_phase_error
#   datatype: float32
#   description: "Uncertainty of \\texttt{geomModelGaussian1Phase}"
#   meta:
#     ucd: stat.error;time.phase
# - 
#   name: geom_model_gaussian1_sigma
#   datatype: float32
#   description: "Standard deviation [phase] of Gaussian 1 component"
#   meta:
#     ucd: stat.stdev
# - 
#   name: geom_model_gaussian1_sigma_error
#   datatype: float32
#   description: "Uncertainty of \\texttt{geomModelGaussian1Sigma}"
#   meta:
#     ucd: stat.error
# - 
#   name: geom_model_gaussian1_depth
#   datatype: float32
#   unit: mag
#   description: Magnitude depth of Gaussian 1 component
#   meta:
#     ucd: src.var.amplitude
# - 
#   name: geom_model_gaussian1_depth_error
#   datatype: float32
#   unit: mag
#   description: "Uncertainty of \\texttt{geomModelGaussian1Depth}"
#   meta:
#     ucd: stat.error;src.var.amplitude
# - 
#   name: geom_model_gaussian2_phase
#   datatype: float32
#   description: Phase of Gaussian 2 component
#   meta:
#     ucd: time.phase
# - 
#   name: geom_model_gaussian2_phase_error
#   datatype: float32
#   description: "Uncertainty of \\texttt{geomModelGaussian2Phase}"
#   meta:
#     ucd: stat.error;time.phase
# - 
#   name: geom_model_gaussian2_sigma
#   datatype: float32
[...]
#   datatype: float32
#   description: "Secondary eclipse: uncertainty of \\texttt{derivedSecondaryEclDuration}"
#   meta:
#     ucd: stat.error;time.duration
# - 
#   name: derived_secondary_ecl_depth
#   datatype: float32
#   unit: mag
#   description: "Secondary eclipse: depth"
#   meta:
#     ucd: src.var.amplitude
# - 
#   name: derived_secondary_ecl_depth_error
#   datatype: float32
#   unit: mag
#   description: "Secondary eclipse: uncertainty of \\texttt{derivedSecondaryEclDepth}"
#   meta:
#     ucd: stat.error;src.var.amplitude
solution_id,source_id,global_ranking,reference_time,frequency,frequency_error,geom_model_reference_level,geom_model_reference_level_error,geom_model_gaussian1_phase,geom_model_gaussian1_phase_error,geom_model_gaussian1_sigma,geom_model_gaussian1_sigma_error,geom_model_gaussian1_depth,geom_model_gaussian1_depth_error,geom_model_gaussian2_phase,geom_model_gaussian2_phase_error,geom_model_gaussian2_sigma,geom_model_gaussian2_sigma_error,geom_model_gaussian2_depth,geom_model_gaussian2_depth_error,geom_model_cosine_half_period_amplitude,geom_model_cosine_half_period_amplitude_error,geom_model_cosine_half_period_phase,geom_model_cosine_half_period_phase_error,model_type,num_model_parameters,reduced_chi2,derived_primary_ecl_phase,derived_primary_ecl_phase_error,derived_primary_ecl_duration,derived_primary_ecl_duration_error,derived_primary_ecl_depth,derived_primary_ecl_depth_error,derived_secondary_ecl_phase,derived_secondary_ecl_phase_error,derived_secondary_ecl_duration,derived_secondary_ecl_duration_error,derived_secondary_ecl_depth,derived_secondary_ecl_depth_error
[from data line 179]
375316653866487564,3462133524822525312,0.58520806,2236.4966736196648,4.202742903344109,5.230113E-6,18.061882,0.005135758,0.24191298,0.0016206843,0.07661014,0.0023345253,0.4457692,0.012229086,0.7352802,0.0014493698,0.07872243,0.0024621885,0.45049292,0.013800329,null,null,null,null,"TWOGAUSSIANS",8,4.9683194,0.7352802,0.0014493698,0.4,0.0,0.4461035,0.014192333,0.24191298,0.0016206843,0.4,0.0,0.4413798,0.012481963
375316653866487564,3462134521256287616,0.53434956,2249.140437641541,4.385752964186395,1.1980791E-5,16.510746,0.01712931,0.26795512,0.0041262726,0.069788784,0.0066138273,0.54643387,0.02934126,0.7607572,0.003105797,0.0879108,0.0072636222,0.39241803,0.019460643,null,null,null,null,"TWOGAUSSIANS",8,96.48723,0.26795512,0.0041262726,0.39081717,0.036148455,0.54133433,0.029281328,0.7607572,0.003105797,0.4,0.0,0.38731837,0.019243168
375316653866487564,3462159019750489216,0.57794887,2147.4752295086973,0.38468953782980214,4.0601783E-5,15.3843775,0.0014310593,0.39130196,0.019009093,0.028338179,0.022918608,0.25544724,1.5923054E7,0.508374,3.451764E-5,0.0042852517,1.0224315E-4,0.29500812,0.0014028398,null,null,null,null,"TWOGAUSSIANS",8,17.635664,0.508374,3.451764E-5,0.02399741,5.7256164E-4,0.2950584,0.0014213788,0.39130196,0.019009093,0.1586938,0.1283442,0.25544724,1.5923054E7
375316653866487564,3462161046974739456,0.42369583,2122.6966774920493,3.3398957839806847,3.09496E-5,16.591484,0.0057551325,null,null,null,null,null,null,null,null,null,null,null,null,0.064858735,0.008891705,0.2678918,0.00853438,"ELLIPSOIDAL",4,109.990166,null,null,null,null,null,null,null,null,null,null,null,null
375316653866487564,3462218251642553600,0.6335925,2125.5977149020537,3.7004173688965696,3.4003142E-6,16.665031,0.00329508,0.2067345,0.0017702566,0.0466963,0.0025089025,0.3018966,0.011249561,0.7054874,0.0027408267,0.041638,0.0025586954,0.24090189,0.01130016,0.10409576,0.005293313,0.2067345,0.0017702566,"TWOGAUSSIANS_WITH_ELLIPSOIDAL_ON_ECLIPSE1",9,7.217631,0.2067345,0.0017702566,0.2614993,0.014049853,0.51008755,0.009551695,0.70561737,0.0025084643,0.2331728,0.014328694,0.4490814,0.010179333
375316653866487564,3462222821487876096,0.5039753,2195.6464690762577,3.124142405178169,1.7313263E-5,19.169086,0.0064921016,0.20005322,0.010574426,0.053664092,0.00544372,0.34496573,0.04028534,0.6945228,0.004845536,0.053362727,0.00750553,0.36507973,0.14910808,null,null,null,null,"TWOGAUSSIANS",8,2.8288589,0.6945228,0.004845536,0.29883128,0.042030968,0.3650696,0.14911598,0.20005322,0.010574426,0.30051893,0.030484833,0.3449556,0.040274918
375316653866487564,3462260995157739520,0.570665,2163.3417477463536,2.9174249497513474,8.847683E-6,17.117952,0.02364637,0.25416014,0.006743859,0.048203506,0.01124253,0.13981497,0.048913065,0.7613179,0.0054039303,0.063708134,0.018785099,0.1554852,0.042120486,0.061059695,0.027799856,0.25416014,0.006743859,"TWOGAUSSIANS_WITH_ELLIPSOIDAL_ON_ECLIPSE1",9,12.198305,0.7613179,0.0054039303,0.35676554,0.09847125,0.27731225,0.016872197,0.25416014,0.006743859,0.26993963,0.062958166,0.26188886,0.012698489
375316653866487564,3462288143647331712,0.4257928,2131.1004677653873,0.10395292415067098,2.0891412E-4,17.444927,0.004004776,0.13124743,0.016653398,0.05117756,0.010511558,0.18172352,0.02570838,0.44043097,0.007953303,0.03787093,0.008157524,0.06963184,0.012314812,null,null,null,null,"TWOGAUSSIANS",8,37.433228,0.13124743,0.016653398,0.28659433,0.05886472,0.18172352,0.02570838,0.44043097,0.007953303,0.2120772,0.04568214,0.06963184,0.012314814
375316653866487564,3462295427911906560,0.5982877,2175.2735091287705,1.9299636638772615,4.462647E-6,18.340229,0.01541171,0.25152624,0.0038075508,0.037185676,0.00747287,0.29993373,0.03546882,0.74592507,6.746003E-4,0.042359337,0.0017287263,0.7491286,0.028157873,0.051039692,0.016131967,0.25152624,0.0038075508,"TWOGAUSSIANS_WITH_ELLIPSOIDAL_ON_ECLIPSE1",9,10.88177,0.7460351,6.391951E-4,0.23721229,0.009680867,0.85108393,0.014140206,0.25152624,0.0038075508,0.20823978,0.04184807,0.40201306,0.0444358
375316653866487564,3462303876111045760,0.53980815,2172.2167231621756,4.464578300521932,6.669613E-6,19.561237,0.0056207385,0.2235518,0.0045431717,0.06123163,0.0039561377,0.43046165,0.02670984,0.7207368,0.0040855706,0.06929705,0.0048968866,0.45998663,0.04380519,null,null,null,null,"TWOGAUSSIANS",8,1.7943546,0.7207368,0.0040855706,0.38806352,0.019784803,0.45945305,0.044067927,0.2235518,0.0045431717,0.34289715,0.022154372,0.4299281,0.026886636
375316653866487564,3462314944243306496,0.61644095,2114.0105290566576,3.3049000768675243,4.6411956E-6,15.934999,0.0059172297,0.2861435,0.0011463818,0.09387571,0.0029771389,0.27886674,0.0065894597,0.7877132,0.0012511252,0.10180662,0.0027322273,0.24791111,0.0060147145,null,null,null,null,"TWOGAUSSIANS",8,7.2201176,0.2861435,0.0011463818,0.4,0.0,0.25925976,0.0067139706,0.7877132,0.0012511252,0.4,0.0,0.22830164,0.004129474
375316653866487564,3462318925676315776,0.47166806,2110.5808441288245,3.83073436095801,1.7806813E-5,13.4996395,0.0084958635,0.29605114,0.0038536657,0.086865224,0.0059301653,0.24289097,0.010915006,0.79153556,0.005927527,0.08511241,0.0072479416,0.25245467,0.008883443,null,null,null,null,"TWOGAUSSIANS",8,135.6426,0.79153556,0.005927527,0.4,0.0,0.24575718,0.0071035842,0.29605114,0.0038536657,0.4,0.0,0.23619346,0.0104919765
375316653866487564,3462322640824718976,0.5945137,2119.5342437146096,2.822497764879198,3.8146513E-6,13.180266,0.007690124,0.26134345,0.0018097518,0.04483604,0.0066868556,0.15657227,0.020123383,0.76186943,0.004081454,0.04844825,0.0068537854,0.115580775,0.020422349,0.091586016,0.011959019,0.26134345,0.0018097518,"TWOGAUSSIANS_WITH_ELLIPSOIDAL_ON_ECLIPSE1",9,197.3795,0.26134345,0.0018097518,0.25108182,0.03744639,0.33974388,0.009225658,0.76186943,0.0034008778,0.2713102,0.038381197,0.2987504,0.009948407
375316653866487564,3462344424898928640,0.53062505,2129.029240826745,2.9283700271408613,1.7536924E-5,17.119545,0.048115715,0.29988387,0.00521377,0.096321456,0.016179968,0.30088267,0.041632462,0.7976893,0.0043064696,0.11269094,0.019682357,0.26159963,0.043589406,null,null,null,null,"TWOGAUSSIANS",8,10.763329,0.29988387,0.0052230465,0.4,0.0,0.26995286,0.020422585,0.7976893,0.0043064696,0.4,0.0,0.23064277,0.0177423
375316653866487564,3462376207654432768,0.6125558,2137.12193724763,3.4923311781752915,4.86732E-6,18.325987,0.017165098,0.2526304,0.0020654763,0.055700954,0.0049358006,0.47084007,0.034346223,0.7520536,0.0032060181,0.050217338,0.004039664,0.37279642,0.03809168,0.09842253,0.01896539,0.2526304,0.0020654763,"TWOGAUSSIANS_WITH_ELLIPSOIDAL_ON_ECLIPSE1",9,4.928444,0.2526304,0.0020654763,0.31192532,0.027640484,0.6676633,0.019651927,0.7521036,0.002933176,0.28121707,0.022622116,0.5696173,0.014430232
375316653866487564,3462392421156173312,0.4826892,2179.6236779598476,0.037128845338934305,7.2948504E-5,18.363676,0.013647085,0.24997747,0.024492921,0.08478947,0.021964697,0.070773795,0.019281307,0.6497213,0.035795264,0.08010898,0.040150907,0.3040397,0.035326872,null,null,null,null,"TWOGAUSSIANS",8,6.6018615,0.6497213,0.035795264,0.4,0.0,0.30366853,0.03651613,0.24998747,0.02339792,0.4,0.0,0.07040277,0.018363414
375316653866487564,3462407161483705472,0.53746516,2157.5606125740715,2.456198605543453,1.6232072E-5,18.807156,0.04067094,0.241056,0.0036142687,0.041696273,0.010393997,0.2722407,0.102895945,0.7416353,0.006083179,0.03936206,0.023519099,0.38678327,0.16651769,0.16465206,0.053860713,0.241056,0.0036142687,"TWOGAUSSIANS_WITH_ELLIPSOIDAL_ON_ECLIPSE1",9,10.850766,0.7416353,0.0058962516,0.22042754,0.13170695,0.716083,0.22393999,0.241056,0.0036142687,0.23349912,0.05820638,0.60154474,0.055176217
375316653866487564,3462415309038945536,0.57790506,2147.511890769189,2.8196739815216847,1.16700485E-5,17.168076,0.0068033324,0.2723887,0.002989949,0.08746488,0.0052372897,0.26619095,0.009394795,0.77033556,0.0026804314,0.08193744,0.00385692,0.29226276,0.007841856,null,null,null,null,"TWOGAUSSIANS",8,8.752457,0.77033556,0.0026804314,0.4,0.0,0.2853734,0.0068771383,0.2723887,0.002989949,0.4,0.0,0.25930154,0.009691832
375316653866487564,3462441589941512960,0.44436195,2175.822308844384,3.5053370681315488,2.468262E-5,18.30806,0.016389469,0.24157825,0.013437756,0.09705524,0.017159449,0.094363205,0.017571561,0.71932584,0.0103550125,0.10682575,0.027540043,0.1082426,0.012629431,null,null,null,null,"TWOGAUSSIANS",8,3.7856216,0.71932584,0.0103550125,0.4,0.0,0.10062733,0.009679296,0.24159825,0.0134339435,0.4,0.0,0.08675298,0.009676582
375316653866487564,3462443037347285888,0.6080948,2150.7747064510168,3.325436705577513,3.194106E-6,15.94123,0.007176114,0.15835518,0.0021337285,0.042233195,0.0045025325,0.24014573,0.019753356,0.66422635,0.001399581,0.049558945,0.0037562447,0.35728693,0.02689348,0.114783205,0.012305708,0.66422635,0.001399581,"TWOGAUSSIANS_WITH_ELLIPSOIDAL_ON_ECLIPSE2",9,48.542057,0.66422635,0.001399581,0.2775301,0.02103497,0.58685195,0.029656075,0.15905517,0.0018919756,0.2365059,0.025214182,0.46943548,0.018879142
375316653866487564,3462478664099590400,0.52249855,2155.210007674558,2.5278399502444433,7.736419E-6,17.217663,0.03592989,0.29495314,0.002990193,0.11066789,0.016923962,0.15261933,0.033732608,0.8161791,0.0051868493,0.116089396,0.03690609,0.09789182,0.029610833,null,null,null,null,"TWOGAUSSIANS",8,3.4302359,0.29491314,0.0028308178,0.4,0.0,0.13544792,0.005588969,0.81623906,0.005102804,0.4,0.0,0.080711976,0.006156424
375316653866487564,3462499833994820352,0.590652,2168.5697769529907,3.870084765428945,1.3132678E-5,16.96986,0.013255267,0.29674453,0.0018723926,0.039622877,0.0031102598,0.4449726,0.02478399,0.7931344,0.0028135641,0.061410863,0.00470374,0.59207165,0.05148305,0.09659129,0.015395351,0.7931344,0.0028135641,"TWOGAUSSIANS_WITH_ELLIPSOIDAL_ON_ECLIPSE2",9,48.34921,0.7931344,0.0028135641,0.34390083,0.026340945,0.7851081,0.051920492,0.29656455,0.0017175686,0.22188811,0.017417455,0.6379148,0.016439006
375316653866487564,3462526634590836352,0.53744465,2135.475227582303,2.9569465485317696,1.28256825E-5,15.782946,0.023676462,0.23759477,0.009266291,0.08842635,0.013578993,0.31697223,0.029930985,0.7404964,0.004587825,0.085789524,0.008469368,0.36749318,0.028647862,null,null,null,null,"TWOGAUSSIANS",8,143.31642,0.7404964,0.004587825,0.4,0.0,0.3569258,0.024846267,0.23759477,0.009266291,0.4,0.0,0.30640477,0.02535048
375316653866487564,3462539583916271616,0.49470058,2179.4539365732962,4.699264121917357,2.6205535E-5,19.344606,0.024794795,0.19567072,0.014063598,0.08953887,0.014717011,0.28811127,0.026090456,0.6965619,0.006962593,0.088054106,0.012466276,0.32162634,0.026309926,null,null,null,null,"TWOGAUSSIANS",8,4.2084756,0.6965619,0.006962593,0.4,0.0,0.31022906,0.022813657,0.19567072,0.014063598,0.4,0.0,0.276714,0.02051683
375316653866487564,3462552438754391552,0.56740516,2170.021125099821,4.110541327553798,5.2349187E-6,17.301165,0.031417914,0.22433095,0.0034571635,0.054421727,0.00708825,0.4708451,0.079797655,0.72174174,0.0045392807,0.07059426,0.0065227994,0.3537825,0.067092024,0.08573012,0.03511893,0.22433095,0.0034571635,"TWOGAUSSIANS_WITH_ELLIPSOIDAL_ON_ECLIPSE1",9,21.284063,0.22433095,0.0034571635,0.30476165,0.0396942,0.6417329,0.05946748,0.7221517,0.0037492677,0.39532784,0.030877957,0.52463216,0.02416446
375316653866487564,3462568312953968256,0.60598576,2133.9091258376884,2.299489374682353,4.5803513E-6,17.134468,0.0032802608,0.25001046,0.003867085,0.08805101,0.0047239256,0.1626429,0.004767552,0.7517038,0.0011882975,0.06840502,0.0017759528,0.3795962,0.0045804367,null,null,null,null,"TWOGAUSSIANS",8,4.141238,0.7517038,0.0011882975,0.38306808,0.009945336,0.37690365,0.004480726,0.25001046,0.003867085,0.4,0.0,0.15995033,0.0047790916
375316653866487564,3462592192972156160,0.48410365,2162.049548933534,0.03717763668539469,4.3554275E-5,16.306595,0.0025247827,0.3121238,0.008969263,0.094882846,0.0068936576,0.1516399,0.015929347,0.909406,0.015249746,0.06625449,0.012371936,0.014455971,0.0036088598,null,null,null,null,"TWOGAUSSIANS",8,5.6804075,0.3121238,0.008969263,0.4,0.0,0.15152642,0.015956976,0.909666,0.015459897,0.37102512,0.06892605,0.014361174,0.0035488582
375316653866487564,3462601607541180544,0.46246895,2144.5131543617504,0.7091089419635079,2.4625619E-5,17.923666,0.0052884137,0.22444494,5.49048E-4,0.011515552,0.0017048928,1.3815528,1.5277189,0.7911115,0.008732983,0.06437914,0.025683155,0.02807309,0.013199904,0.053595204,0.0065552867,0.7911115,0.008732983,"TWOGAUSSIANS_WITH_ELLIPSOIDAL_ON_ECLIPSE2",9,15.060524,0.22449495,5.5249414E-4,0.06448709,0.009547399,1.4710072,1.5324482,0.7911115,0.008732983,0.3605232,0.14350988,0.1352485,0.014601327
375316653866487564,3462625311463427072,0.45191705,2160.3857365369836,0.036819764780782076,2.9278099E-5,19.026804,0.07176933,0.45287487,0.018360501,0.2806901,0.020657564,0.36875972,0.07675609,0.94847274,0.016836561,0.07507768,0.016440615,0.10027479,0.02595334,null,null,null,null,"TWOGAUSSIANS",8,3.9320393,0.45287487,0.018360501,0.4,0.0,0.16547191,0.01720121,0.94847274,0.017537214,0.4,0.014626505,0.046652384,0.0123224165
375316653866487564,3462627579206171264,0.48802674,2164.399858028082,3.9026040968200033,2.6323525E-5,18.224676,0.05511365,0.2913223,0.008614015,0.13965866,0.027682958,0.20074214,0.053571478,0.75598854,0.007613014,0.119722046,0.016969698,0.21920772,0.05147467,null,null,null,null,"TWOGAUSSIANS",8,4.948081,0.75598854,0.007613014,0.4,0.0,0.17068768,0.008428581,0.2916623,0.0083399825,0.4,0.0,0.15142848,0.010275663
375316653866487564,3462642255110757376,0.5348166,2135.0953399547243,2.335210747955825,1.4736851E-5,14.614581,0.52889967,0.26464146,0.005367943,0.14497148,0.08219944,0.29909426,0.50240827,0.7623794,0.0036809267,0.14131597,0.06746039,0.30437982,0.48613763,null,null,null,null,"TWOGAUSSIANS",8,80.096054,0.7623794,0.0036809267,0.4,0.0,0.1764794,0.0059469854,0.26475146,0.0052747536,0.4,0.0,0.17079537,0.0075985957
375316653866487564,3462655307514409600,0.47787237,2158.2116849800364,3.470903111985764,1.8550485E-5,13.725122,0.0034416032,null,null,null,null,null,null,null,null,null,null,null,null,0.078579426,0.0059967656,0.19706169,0.005401037,"ELLIPSOIDAL",4,783.813,null,null,null,null,null,null,null,null,null,null,null,null
375316653866487564,3462666096472950272,0.46887967,2125.8686306580553,0.03713145887553785,5.933026E-5,18.614937,0.032230675,0.22204125,0.06927402,0.12757076,0.0700091,0.08102387,0.044811618,0.6505036,0.056234866,0.12028415,0.053586565,0.18896596,0.034737483,null,null,null,null,"TWOGAUSSIANS",8,4.1624236,0.6505036,0.056234866,0.4,0.0,0.17254424,0.02245548,0.22411126,0.06613337,0.4,0.0,0.06465522,0.041672077
375316653866487564,3462667509518594432,0.44751772,2120.2069003026727,0.6745930863246482,3.0507184E-5,15.648473,0.0046393853,0.15710403,0.004334591,0.017473018,0.0040424615,0.1331172,0.007182132,0.69320786,0.005507997,0.012213576,0.015267848,0.069464155,1.6412638E29,0.022059903,0.008236992,0.69320786,0.005507997,"TWOGAUSSIANS_WITH_ELLIPSOIDAL_ON_ECLIPSE2",9,248.93948,0.15738404,0.0043404154,0.0978489,0.022637784,0.17502199,0.012166033,0.69320786,0.005507997,0.068396024,0.08549995,0.11358386,1.6412638E29
375316653866487564,3462675996373888384,0.46448162,2094.9794334168546,0.9945118381035463,4.510426E-5,16.26386,0.054041874,0.18176691,0.011794201,0.014892669,0.0094944155,0.06378411,0.031409707,0.63632166,0.013062076,0.20863494,0.0666042,0.15925643,0.047896273,null,null,null,null,"TWOGAUSSIANS",8,19.98576,0.63632166,0.013062076,0.4,0.0,0.14107145,0.010800632,0.18207692,0.012543839,0.083398946,0.05316873,0.065670095,0.031194994
