Gaia/vari_eclipsing_binary/VariEclipsingBinary_781146-781445.csv
# %ECSV 1.0
# ---
# delimiter: ','
# meta: !!omap
# - RELEASE: Gaia DR3
# - TABLE: vari_eclipsing_binary
# - DESCRIPTION: >
#     This table describes the properties of the eclipsing binaries resulting from the variability analysis. 
# - CITATION: >
#     How to cite and acknowledge Gaia: 
#     https://gea.esac.esa.int/archive/documentation/credits.html 
# - KNOWN_ISSUES: >
#     Known issues: 
#     https://www.cosmos.esa.int/web/gaia-users/known-issues 
# - DOCUMENTATION: >
#     Tutorials and documentation: 
#     https://www.cosmos.esa.int/web/gaia-users/archive 
# datatype:
# - 
#   name: solution_id
#   datatype: int64
#   description: Solution Identifier
#   meta:
#     ucd: meta.version
# - 
#   name: source_id
#   datatype: int64
#   description: Unique source identifier
#   meta:
#     ucd: meta.id;meta.main
# - 
#   name: global_ranking
#   datatype: float32
#   description: Number between 0 (worst) and 1 (best)
#   meta:
#     ucd: stat.param
# - 
#   name: reference_time
#   datatype: float64
#   unit: d
#   description: Reference time used for the geometric model fit
#   meta:
#     ucd: time.epoch
# - 
#   name: frequency
#   datatype: float64
#   unit: d**-1
#   description: Frequency of geometric model of the eclipsing binary light curve
#   meta:
#     ucd: src.orbital
# - 
#   name: frequency_error
#   datatype: float32
#   unit: d**-1
#   description: "Uncertainty of \\texttt{frequency}"
#   meta:
#     ucd: stat.error
# - 
#   name: geom_model_reference_level
#   datatype: float32
#   unit: mag
#   description: Magnitude reference level of geometric model
#   meta:
#     ucd: phot.mag;em.opt
# - 
#   name: geom_model_reference_level_error
#   datatype: float32
#   unit: mag
#   description: "Uncertainty of \\texttt{geomModelReferenceLevel}"
#   meta:
#     ucd: stat.error;phot.mag;em.opt
# - 
#   name: geom_model_gaussian1_phase
#   datatype: float32
#   description: Phase of the Gaussian 1 component
#   meta:
#     ucd: time.phase
# - 
#   name: geom_model_gaussian1_phase_error
#   datatype: float32
#   description: "Uncertainty of \\texttt{geomModelGaussian1Phase}"
#   meta:
#     ucd: stat.error;time.phase
# - 
#   name: geom_model_gaussian1_sigma
#   datatype: float32
#   description: "Standard deviation [phase] of Gaussian 1 component"
#   meta:
#     ucd: stat.stdev
# - 
#   name: geom_model_gaussian1_sigma_error
#   datatype: float32
#   description: "Uncertainty of \\texttt{geomModelGaussian1Sigma}"
#   meta:
#     ucd: stat.error
# - 
#   name: geom_model_gaussian1_depth
#   datatype: float32
#   unit: mag
#   description: Magnitude depth of Gaussian 1 component
#   meta:
#     ucd: src.var.amplitude
# - 
#   name: geom_model_gaussian1_depth_error
#   datatype: float32
#   unit: mag
#   description: "Uncertainty of \\texttt{geomModelGaussian1Depth}"
#   meta:
#     ucd: stat.error;src.var.amplitude
# - 
#   name: geom_model_gaussian2_phase
#   datatype: float32
#   description: Phase of Gaussian 2 component
#   meta:
#     ucd: time.phase
# - 
#   name: geom_model_gaussian2_phase_error
#   datatype: float32
#   description: "Uncertainty of \\texttt{geomModelGaussian2Phase}"
#   meta:
#     ucd: stat.error;time.phase
# - 
#   name: geom_model_gaussian2_sigma
#   datatype: float32
[...]
#   datatype: float32
#   description: "Secondary eclipse: uncertainty of \\texttt{derivedSecondaryEclDuration}"
#   meta:
#     ucd: stat.error;time.duration
# - 
#   name: derived_secondary_ecl_depth
#   datatype: float32
#   unit: mag
#   description: "Secondary eclipse: depth"
#   meta:
#     ucd: src.var.amplitude
# - 
#   name: derived_secondary_ecl_depth_error
#   datatype: float32
#   unit: mag
#   description: "Secondary eclipse: uncertainty of \\texttt{derivedSecondaryEclDepth}"
#   meta:
#     ucd: stat.error;src.var.amplitude
solution_id,source_id,global_ranking,reference_time,frequency,frequency_error,geom_model_reference_level,geom_model_reference_level_error,geom_model_gaussian1_phase,geom_model_gaussian1_phase_error,geom_model_gaussian1_sigma,geom_model_gaussian1_sigma_error,geom_model_gaussian1_depth,geom_model_gaussian1_depth_error,geom_model_gaussian2_phase,geom_model_gaussian2_phase_error,geom_model_gaussian2_sigma,geom_model_gaussian2_sigma_error,geom_model_gaussian2_depth,geom_model_gaussian2_depth_error,geom_model_cosine_half_period_amplitude,geom_model_cosine_half_period_amplitude_error,geom_model_cosine_half_period_phase,geom_model_cosine_half_period_phase_error,model_type,num_model_parameters,reduced_chi2,derived_primary_ecl_phase,derived_primary_ecl_phase_error,derived_primary_ecl_duration,derived_primary_ecl_duration_error,derived_primary_ecl_depth,derived_primary_ecl_depth_error,derived_secondary_ecl_phase,derived_secondary_ecl_phase_error,derived_secondary_ecl_duration,derived_secondary_ecl_duration_error,derived_secondary_ecl_depth,derived_secondary_ecl_depth_error
[from data line 330]
375316653866487564,6873112468732512768,0.5255175,2111.9766406487824,4.195123821582182,8.611476E-6,18.996952,0.021941999,0.22789903,0.0032444254,0.07373986,0.007635465,0.56444955,0.05980524,0.7129587,0.007404768,0.102150954,0.011705488,0.358786,0.06351112,null,null,null,null,"TWOGAUSSIANS",8,4.749076,0.22789903,0.0032444254,0.4,0.0,0.552777,0.06470655,0.7129587,0.007404768,0.4,0.0,0.34710783,0.06548577
375316653866487564,6873118790924415616,0.4770167,2094.3802805150544,0.7275286871114544,7.684588E-5,19.456656,0.011588021,0.50838774,0.001139284,0.028159704,0.0011825678,1.4752434,0.12263222,0.79812473,0.0043037017,0.017059682,0.0036587822,0.66402173,0.49668768,null,null,null,null,"TWOGAUSSIANS",8,6.0665092,0.50838774,0.001139284,0.15769434,0.00662238,1.4752434,0.12263222,0.79812473,0.0043037017,0.09553422,0.02048918,0.66402173,0.49668768
375316653866487564,6873121097324645504,0.5987871,2132.0785293848,2.7266958898445828,6.642391E-6,15.772334,0.008940213,0.27905288,0.0028953706,0.10245552,0.006716263,0.21492594,0.008237522,0.77184445,0.001836392,0.09077818,0.0034896196,0.2592111,0.008877897,null,null,null,null,"TWOGAUSSIANS",8,14.831458,0.77184445,0.001836392,0.4,0.0,0.24429348,0.0054734396,0.27905288,0.0028953706,0.4,0.0,0.20000543,0.005053721
375316653866487564,6873124224060437632,0.68538797,2122.7506415620596,3.1694375468920586,3.5781707E-6,12.433875,0.0055246544,0.22294667,6.802365E-4,0.047385525,0.0015244724,0.36582384,0.014585522,0.72665167,6.566925E-4,0.04870374,0.0012748451,0.4044066,0.012811629,0.1102038,0.007286971,0.72665167,6.566925E-4,"TWOGAUSSIANS_WITH_ELLIPSOIDAL_ON_ECLIPSE2",9,107.69053,0.72665167,6.566925E-4,0.27274096,0.007139133,0.62481296,0.007288326,0.22330667,6.202711E-4,0.26535895,0.008537045,0.5861223,0.011308853
375316653866487564,6873137555638982784,0.44669273,2081.212116230363,0.7963213050509979,6.3296466E-5,15.315619,0.0035494156,0.7227105,0.020515556,0.012261952,0.07921178,0.041300867,1.4907761,null,null,null,null,null,null,0.014558726,0.005105492,0.7227105,0.020515556,"ONEGAUSSIAN_WITH_ELLIPSOIDAL",6,15.398923,0.7227105,0.020515556,0.06866693,0.3627942,0.07041825,1.4939371,null,null,null,null,null,null
375316653866487564,6873172426476136960,0.511078,2134.3242560004423,2.5110839682055093,5.008425E-6,18.316233,0.006061295,0.2005032,0.004540854,0.05721896,0.0048823464,0.18712375,0.008757978,0.6849599,0.0036168164,0.030920053,0.0036306002,0.3582976,0.078411244,null,null,null,null,"TWOGAUSSIANS",8,3.9006133,0.6849599,0.0036168164,0.1731523,0.020331362,0.35829756,0.07841129,0.2005032,0.004540854,0.3204262,0.02734114,0.18712373,0.008757956
375316653866487564,6873174144463082496,0.44321096,2107.342130486096,3.3471949694014147,4.229005E-5,18.708124,0.009069354,0.3124664,0.009085775,0.07780123,0.018473484,0.11752709,0.014790498,0.7507454,0.0067610955,0.045892563,0.0068379897,0.26994506,0.020461928,null,null,null,null,"TWOGAUSSIANS",8,20.400082,0.7507454,0.0067610955,0.25699833,0.038292743,0.2699349,0.020459535,0.3124664,0.009085775,0.4,0.004319412,0.11751691,0.014813058
375316653866487564,6873175828089163264,0.4667486,2083.501029853038,0.984184064588456,9.192276E-5,16.917257,0.00423504,0.30439228,0.024381652,0.04872685,0.018856406,0.09065922,0.060503274,0.8398731,0.010946462,0.018323522,0.0064014667,0.35647154,0.21912642,null,null,null,null,"TWOGAUSSIANS",8,4.60786,0.8398731,0.010946462,0.10261173,0.03584821,0.35647154,0.21912642,0.30439228,0.024381652,0.27287036,0.10559587,0.09065922,0.060503274
375316653866487564,6873196860543130496,0.46073723,2107.8649602584655,2.989669941488666,2.0305366E-5,17.28641,0.010397773,0.31028116,0.013614173,0.056288093,0.011459067,0.9312923,0.7888398,0.805861,0.0027293456,0.06764771,0.0044755857,0.61959106,0.04284055,null,null,null,null,"TWOGAUSSIANS",8,33.610687,0.31028116,0.013614173,0.31521332,0.06417078,0.9309177,0.7892693,0.805861,0.0027293456,0.37882718,0.025063278,0.61921644,0.043033384
375316653866487564,6873204282251672576,0.51963705,2139.8802222754175,0.014318031765185228,1.8540826E-5,18.433636,0.0060640024,0.060410995,0.019891603,0.03756766,0.014272951,0.041356657,0.059331864,0.38026497,0.0692071,0.038789786,0.043634918,0.35750765,0.33040324,null,null,null,null,"TWOGAUSSIANS",8,1.6226075,0.38026497,0.0692071,0.21722281,0.18572636,0.35750765,0.33040363,0.060410995,0.019891603,0.2103789,0.079928525,0.041356657,0.05933186
375316653866487564,6873210363925368320,0.48481977,2062.700495384117,1.163216812116154,2.932544E-5,18.931602,0.0076353615,0.31493294,0.0048361933,0.016208185,0.0069574215,1.0547704,0.7392673,0.650639,0.033687472,0.11709387,0.029079096,0.03622789,0.0129300775,null,null,null,null,"TWOGAUSSIANS",8,3.9673772,0.31493294,0.00483655,0.090765834,0.03896156,1.0553569,0.7392271,0.650639,0.033687472,0.4,0.0,0.036219932,0.012923429
375316653866487564,6873210501364299008,0.5511628,2090.031557621806,2.8570629037600908,1.6234964E-5,16.881012,0.009244915,0.22524172,0.0021507624,0.08745375,0.003908404,0.33247998,0.012134627,0.72366226,0.0064806286,0.094255015,0.0065462873,0.2992541,0.017045353,null,null,null,null,"TWOGAUSSIANS",8,17.536951,0.22524172,0.0021507624,0.4,0.0,0.31854936,0.011455074,0.72366226,0.0064806286,0.4,0.0,0.28532305,0.015830113
375316653866487564,6873241253330711808,0.5217958,2068.6798244911733,1.59643762792483,6.533629E-6,16.530397,0.0037325753,0.28573775,7.752823E-4,0.027582813,0.0010334846,0.26818463,0.010649149,0.79505795,0.008322919,0.024452964,0.008213775,0.12290623,0.033694047,0.02405349,0.0068411995,0.28573775,7.752823E-4,"TWOGAUSSIANS_WITH_ELLIPSOIDAL_ON_ECLIPSE1",9,31.61216,0.28573775,7.752823E-4,0.15446375,0.0057875137,0.31629154,0.0073493505,0.79505795,0.008322919,0.1369366,0.04599714,0.17084834,0.037242364
375316653866487564,6873276605201416064,0.54802114,2093.3994417043436,0.6056215823059681,1.3244174E-5,19.545813,0.0064486414,0.36655712,0.0068536685,0.013104771,0.0035606949,0.40148,0.052365214,0.8622287,4.540922E-4,0.011703275,6.120388E-4,0.7207751,0.032821734,null,null,null,null,"TWOGAUSSIANS",8,2.3432465,0.8622287,4.540922E-4,0.06553834,0.0034274175,0.7207751,0.032821734,0.36655712,0.0068536685,0.07338672,0.019939892,0.40148,0.052365214
375316653866487564,6873305982778795392,0.4413944,2084.1917097900873,0.04212747392498196,1.5160833E-5,19.09063,0.0057507814,0.24248889,0.011390531,0.07350974,0.010033771,0.06222542,0.014895656,0.8508978,0.0054948535,0.02293457,0.007036916,0.6159957,0.3694531,null,null,null,null,"TWOGAUSSIANS",8,2.5273778,0.8508978,0.0054948535,0.1284336,0.03940673,0.6159957,0.36945307,0.24248889,0.011390531,0.4,0.01635618,0.06222542,0.014895657
375316653866487564,6873314508293033600,0.48074266,1971.9013727140073,0.08067691285390025,7.9885E-5,16.960676,0.02937911,0.24890229,0.015686154,0.07721851,0.018267099,0.13945848,0.04354539,0.74886805,0.022140756,0.16684392,0.06232959,0.07959798,0.026768854,null,null,null,null,"TWOGAUSSIANS",8,2.9356053,0.24890229,0.015659861,0.4,0.06007104,0.12056243,0.050556146,0.74886805,0.022140756,0.4,0.0,0.058916446,0.0066903634
375316653866487564,6873314611368988672,0.50857455,2057.507839782439,1.0702573422997133,3.278629E-5,19.238733,0.0046300176,0.12384698,0.011318408,0.018405378,0.011721069,0.50397974,8.392064,0.6165399,9.0347434E-4,0.021816652,0.0012885808,1.4301429,0.47131306,null,null,null,null,"TWOGAUSSIANS",8,1.7050862,0.6165399,9.0347434E-4,0.12217325,0.0072160526,1.4301429,0.47131306,0.12384698,0.011318408,0.10307012,0.06563799,0.50397974,8.392064
375316653866487564,6873327668072590592,0.54330176,2109.542528886253,3.1531640974844737,1.41661485E-5,15.530677,0.011007604,0.2775436,0.0032260236,0.09848318,0.006409673,0.23313981,0.0109184645,0.7870599,0.0054441663,0.09413334,0.0069715306,0.1928628,0.01243161,null,null,null,null,"TWOGAUSSIANS",8,43.888084,0.2775436,0.0032260236,0.4,0.0,0.22029682,0.0071723484,0.7870599,0.0054441663,0.4,0.0,0.18002078,0.008744868
375316653866487564,6873328905020260992,0.455929,2189.4807362687475,0.2515771038182383,7.950099E-5,16.828375,0.0021246325,0.356014,0.0026736527,0.067779936,0.00323643,0.058114957,0.0024306823,0.7172173,0.008142008,0.04299193,0.0036486816,0.12350565,0.029186955,null,null,null,null,"TWOGAUSSIANS",8,3.9923227,0.7172173,0.008142008,0.2407548,0.020432618,0.12350568,0.029186953,0.356014,0.0026736527,0.37956765,0.018124009,0.05811495,0.0024306683
375316653866487564,6873329764016726912,0.5061962,2087.700113601748,2.3173316887422883,1.8977496E-5,14.569795,0.009309529,0.22870634,0.005957376,0.09436563,0.016594104,0.08654863,0.007398181,0.7308887,0.0042278334,0.106324136,0.011390638,0.09167322,0.008955688,null,null,null,null,"TWOGAUSSIANS",8,38.13142,0.7308887,0.0042278334,0.4,0.0,0.08389176,0.0028905116,0.22870634,0.005958808,0.4,0.0,0.07876993,0.0050031845
375316653866487564,6873336223647736064,0.5867241,2054.8701151894275,3.3124354267659464,1.0805062E-5,17.923952,0.008003244,0.2748868,0.0022840006,0.07891247,0.004070198,0.47469863,0.02655316,0.77690434,0.0041960203,0.0790644,0.004161145,0.39882085,0.009541503,null,null,null,null,"TWOGAUSSIANS",8,7.2203603,0.2748868,0.0022840006,0.4,0.0,0.4691186,0.02754989,0.77690434,0.0041960203,0.4,0.0,0.3932408,0.008373193
375316653866487564,6873356869550875136,0.4528304,2092.376987232848,0.3275114135909175,2.9829023E-5,19.204168,0.048767146,0.33851257,0.011426471,0.15868689,0.034249924,0.24727966,0.049680226,0.81994075,0.013663325,0.06308849,0.014428145,0.32547888,0.049324516,null,null,null,null,"TWOGAUSSIANS",8,3.0379992,0.81994075,0.013663325,0.35329556,0.063638106,0.29843298,0.032800652,0.33851257,0.011426471,0.4,0.0,0.21656677,0.034481652
375316653866487564,6873398788431301760,0.59022915,2133.0223929660865,3.615815519023618,5.976494E-6,17.635052,0.012457134,0.24572264,8.008759E-4,0.051556434,0.004921888,0.25927797,0.028318997,0.7473185,0.0031982737,0.05146571,0.0061648,0.19618553,0.02931352,0.06738732,0.017825305,0.24572264,8.008759E-4,"TWOGAUSSIANS_WITH_ELLIPSOIDAL_ON_ECLIPSE1",9,6.011303,0.24572264,8.008759E-4,0.28871602,0.027562574,0.39404902,0.01945352,0.7473185,0.0031982737,0.28820798,0.03452288,0.33094305,0.012716862
375316653866487564,6873401678948461568,0.55582976,2162.85734072297,0.12235538797876226,1.265065E-5,17.506056,0.0038156481,0.07866802,4.127117E-5,0.00353683,7.025938E-5,0.81819594,0.014515513,0.3016276,0.006687102,0.04645285,0.013231244,0.18642052,0.47324303,null,null,null,null,"TWOGAUSSIANS",8,7.671859,0.07866802,4.127117E-5,0.019806247,3.9345253E-4,0.8181978,0.014506358,0.3016276,0.006687102,0.26013598,0.074094966,0.18642052,0.47324303
375316653866487564,6873404152849670400,0.49446407,2116.6127742117324,3.105979788127748,3.716614E-5,13.556253,0.191838,0.22668335,0.008893736,0.12450873,0.030540667,0.30234814,0.16910297,0.74248147,0.010349223,0.14103092,0.05378155,0.29978243,0.18039146,null,null,null,null,"TWOGAUSSIANS",8,772.49066,0.22613335,0.007966229,0.4,0.0,0.21254548,0.022376053,0.74268144,0.0100357365,0.4,0.0,0.20899136,0.021587417
375316653866487564,6873406386232668288,0.4827944,2093.0503488994636,2.7588707389180636,1.4744941E-5,17.335032,0.006723817,0.30108833,0.018918129,0.04416226,0.009683193,0.06708112,0.023519801,0.76077163,0.008010487,0.028407926,0.018717796,0.1990318,0.9074496,0.0962078,0.01089706,0.76077163,0.008010487,"TWOGAUSSIANS_WITH_ELLIPSOIDAL_ON_ECLIPSE2",9,24.831968,0.76077163,0.008010487,0.1590844,0.104819655,0.39144695,0.90183073,0.28856835,0.013207378,0.24730864,0.05422588,0.25104412,0.015208221
375316653866487564,6873407760622243968,0.5416831,2114.082216058752,2.746033784032699,1.7447626E-5,14.333783,1.2448505,0.2518216,0.0054174634,0.11858858,0.094949335,0.29440168,1.130703,0.7655675,0.009982917,0.120800205,0.087754644,0.30907598,1.091815,null,null,null,null,"TWOGAUSSIANS",8,193.54716,0.7656375,0.008656059,0.4,0.0,0.24884093,0.01645029,0.2517316,0.0037153917,0.4,0.0,0.23420635,0.02128276
375316653866487564,6873411574552760960,0.6398633,2062.488673416599,0.11686244314629375,5.5484916E-6,16.616339,0.0010534534,0.28357655,4.558032E-5,0.0032785044,5.8386442E-5,0.64173925,0.024658473,0.47924158,0.051049475,0.03648967,0.034832805,0.0085235,0.043116268,null,null,null,null,"TWOGAUSSIANS",8,3.1166728,0.28357655,4.558032E-5,0.018359624,3.2696407E-4,0.6417393,0.024658298,0.47924158,0.051049475,0.20434216,0.19506373,0.0085235,0.043116268
375316653866487564,6873412261747534848,0.5542182,2090.6448780957785,3.3953428207084255,1.8968247E-5,16.637138,0.014720741,0.26647875,0.004317651,0.0173796,0.009240764,0.09909281,0.308462,0.721081,0.0031889877,0.06558851,0.022913639,0.030877635,0.039974246,0.15566075,0.018468631,0.721081,0.0031889877,"TWOGAUSSIANS_WITH_ELLIPSOIDAL_ON_ECLIPSE2",9,50.868275,0.26340875,0.0025184837,0.097325765,0.05174828,0.38735265,0.31026205,0.721081,0.0031889877,0.36729565,0.118480034,0.34217724,0.021625318
375316653866487564,6873413120741004416,0.45506448,2078.9875498042834,0.03971549222567031,5.700929E-5,16.820507,0.0046711513,0.42729875,0.027974145,0.13843773,0.032108754,0.13740467,0.01396115,0.74994755,0.0052337185,0.03435793,0.007882269,0.48750204,0.27578926,null,null,null,null,"TWOGAUSSIANS",8,13.4397135,0.74994755,0.0052337185,0.19240442,0.044140704,0.49618635,0.2757423,0.42729875,0.027974145,0.4,0.0,0.13699985,0.015326006
375316653866487564,6873415040588247168,0.5044091,2098.733421055627,3.2897473920653946,7.536675E-6,19.440851,0.010206689,0.23539045,0.0046613794,0.06712314,0.0068910774,0.26369378,0.020487407,0.750993,0.0021832867,0.06349213,0.0055400184,0.30621955,0.012503543,null,null,null,null,"TWOGAUSSIANS",8,2.6264286,0.750993,0.0021832867,0.35555592,0.031024102,0.30598533,0.012520455,0.23539045,0.0046613794,0.37588957,0.037955634,0.26345956,0.020563576
375316653866487564,6873429540398040192,0.5090675,2082.9588681301266,3.2533610474263113,1.12720145E-5,18.997314,0.01034653,0.3212605,0.004711428,0.074803635,0.012450117,0.30934358,0.03821212,0.8225164,0.0070901853,0.08458682,0.008210412,0.21495152,0.011970186,null,null,null,null,"TWOGAUSSIANS",8,1.9996408,0.3212605,0.004711428,0.4,0.0,0.30573156,0.042546865,0.8225164,0.0070901853,0.4,0.0,0.21133946,0.009718387
375316653866487564,6873435488930825984,0.5295442,2069.551788117719,3.1846486889809453,1.2710634E-5,17.674004,0.013938659,0.24909674,0.0051761945,0.08504297,0.011926393,0.23309156,0.016413823,0.72702485,0.008044921,0.08257004,0.009169628,0.21647799,0.019543502,null,null,null,null,"TWOGAUSSIANS",8,9.559122,0.24909674,0.0051761945,0.4,0.0,0.2295756,0.017480735,0.72702485,0.008044921,0.4,0.0,0.21296206,0.0175617
375316653866487564,6873450504133579008,0.5650095,2139.328856048703,1.369952621112151,5.9571776E-6,11.496608,0.0017762543,0.73248374,0.0019858275,0.047569714,0.0038641987,0.1379489,0.006374682,null,null,null,null,null,null,0.032953743,0.0017353308,0.73248374,0.0019858275,"ONEGAUSSIAN_WITH_ELLIPSOIDAL",6,51.070232,0.73248374,0.0019858275,0.26639038,0.021639513,0.20385624,0.0064542596,null,null,null,null,null,null
375316653866487564,6873460846418140416,0.6298332,2092.1543528543743,1.7436635482112925,1.3124353E-5,16.32592,0.0063321763,0.24738403,0.0024740945,0.044853367,0.0051220157,0.09727069,0.0133072445,0.7496215,0.011382043,0.05170305,0.015174752,0.5272486,0.25967148,0.020088047,0.0059858644,0.24738403,0.0024740945,"TWOGAUSSIANS_WITH_ELLIPSOIDAL_ON_ECLIPSE1",9,5.72533,0.7496215,0.011210043,0.28953707,0.08497861,0.56741315,0.26688784,0.24738403,0.0024740945,0.25117886,0.028683286,0.13744313,0.008281917
375316653866487564,6873474865191464320,0.4764136,2117.1612125163024,3.171572017817711,2.4760148E-4,14.658009,0.92710495,0.2829949,0.030945977,0.20332904,0.1760534,0.3747251,0.90169114,0.74902254,0.030594008,0.15736632,0.052000206,0.37122396,0.45631304,null,null,null,null,"TWOGAUSSIANS",8,276.5026,0.74902254,0.030594008,0.4,0.0,0.16361181,0.01642935,0.2917549,0.019928616,0.4,0.0,0.13416956,0.017038025
