Gaia/vari_eclipsing_binary/VariEclipsingBinary_617092-617222.csv
# %ECSV 1.0
# ---
# delimiter: ','
# meta: !!omap
# - RELEASE: Gaia DR3
# - TABLE: vari_eclipsing_binary
# - DESCRIPTION: >
#     This table describes the properties of the eclipsing binaries resulting from the variability analysis. 
# - CITATION: >
#     How to cite and acknowledge Gaia: 
#     https://gea.esac.esa.int/archive/documentation/credits.html 
# - KNOWN_ISSUES: >
#     Known issues: 
#     https://www.cosmos.esa.int/web/gaia-users/known-issues 
# - DOCUMENTATION: >
#     Tutorials and documentation: 
#     https://www.cosmos.esa.int/web/gaia-users/archive 
# datatype:
# - 
#   name: solution_id
#   datatype: int64
#   description: Solution Identifier
#   meta:
#     ucd: meta.version
# - 
#   name: source_id
#   datatype: int64
#   description: Unique source identifier
#   meta:
#     ucd: meta.id;meta.main
# - 
#   name: global_ranking
#   datatype: float32
#   description: Number between 0 (worst) and 1 (best)
#   meta:
#     ucd: stat.param
# - 
#   name: reference_time
#   datatype: float64
#   unit: d
#   description: Reference time used for the geometric model fit
#   meta:
#     ucd: time.epoch
# - 
#   name: frequency
#   datatype: float64
#   unit: d**-1
#   description: Frequency of geometric model of the eclipsing binary light curve
#   meta:
#     ucd: src.orbital
# - 
#   name: frequency_error
#   datatype: float32
#   unit: d**-1
#   description: "Uncertainty of \\texttt{frequency}"
#   meta:
#     ucd: stat.error
# - 
#   name: geom_model_reference_level
#   datatype: float32
#   unit: mag
#   description: Magnitude reference level of geometric model
#   meta:
#     ucd: phot.mag;em.opt
# - 
#   name: geom_model_reference_level_error
#   datatype: float32
#   unit: mag
#   description: "Uncertainty of \\texttt{geomModelReferenceLevel}"
#   meta:
#     ucd: stat.error;phot.mag;em.opt
# - 
#   name: geom_model_gaussian1_phase
#   datatype: float32
#   description: Phase of the Gaussian 1 component
#   meta:
#     ucd: time.phase
# - 
#   name: geom_model_gaussian1_phase_error
#   datatype: float32
#   description: "Uncertainty of \\texttt{geomModelGaussian1Phase}"
#   meta:
#     ucd: stat.error;time.phase
# - 
#   name: geom_model_gaussian1_sigma
#   datatype: float32
#   description: "Standard deviation [phase] of Gaussian 1 component"
#   meta:
#     ucd: stat.stdev
# - 
#   name: geom_model_gaussian1_sigma_error
#   datatype: float32
#   description: "Uncertainty of \\texttt{geomModelGaussian1Sigma}"
#   meta:
#     ucd: stat.error
# - 
#   name: geom_model_gaussian1_depth
#   datatype: float32
#   unit: mag
#   description: Magnitude depth of Gaussian 1 component
#   meta:
#     ucd: src.var.amplitude
# - 
#   name: geom_model_gaussian1_depth_error
#   datatype: float32
#   unit: mag
#   description: "Uncertainty of \\texttt{geomModelGaussian1Depth}"
#   meta:
#     ucd: stat.error;src.var.amplitude
# - 
#   name: geom_model_gaussian2_phase
#   datatype: float32
#   description: Phase of Gaussian 2 component
#   meta:
#     ucd: time.phase
# - 
#   name: geom_model_gaussian2_phase_error
#   datatype: float32
#   description: "Uncertainty of \\texttt{geomModelGaussian2Phase}"
#   meta:
#     ucd: stat.error;time.phase
# - 
#   name: geom_model_gaussian2_sigma
#   datatype: float32
[...]
#   datatype: float32
#   description: "Secondary eclipse: uncertainty of \\texttt{derivedSecondaryEclDuration}"
#   meta:
#     ucd: stat.error;time.duration
# - 
#   name: derived_secondary_ecl_depth
#   datatype: float32
#   unit: mag
#   description: "Secondary eclipse: depth"
#   meta:
#     ucd: src.var.amplitude
# - 
#   name: derived_secondary_ecl_depth_error
#   datatype: float32
#   unit: mag
#   description: "Secondary eclipse: uncertainty of \\texttt{derivedSecondaryEclDepth}"
#   meta:
#     ucd: stat.error;src.var.amplitude
solution_id,source_id,global_ranking,reference_time,frequency,frequency_error,geom_model_reference_level,geom_model_reference_level_error,geom_model_gaussian1_phase,geom_model_gaussian1_phase_error,geom_model_gaussian1_sigma,geom_model_gaussian1_sigma_error,geom_model_gaussian1_depth,geom_model_gaussian1_depth_error,geom_model_gaussian2_phase,geom_model_gaussian2_phase_error,geom_model_gaussian2_sigma,geom_model_gaussian2_sigma_error,geom_model_gaussian2_depth,geom_model_gaussian2_depth_error,geom_model_cosine_half_period_amplitude,geom_model_cosine_half_period_amplitude_error,geom_model_cosine_half_period_phase,geom_model_cosine_half_period_phase_error,model_type,num_model_parameters,reduced_chi2,derived_primary_ecl_phase,derived_primary_ecl_phase_error,derived_primary_ecl_duration,derived_primary_ecl_duration_error,derived_primary_ecl_depth,derived_primary_ecl_depth_error,derived_secondary_ecl_phase,derived_secondary_ecl_phase_error,derived_secondary_ecl_duration,derived_secondary_ecl_duration_error,derived_secondary_ecl_depth,derived_secondary_ecl_depth_error
[from data line 252]
375316653866487564,5428298698862131200,0.4935519,2247.6792238918256,1.970129811767833,9.656396E-6,17.475264,0.007449524,0.24558178,0.007957498,0.025192723,0.0055682394,0.123138644,0.03675914,0.74944437,7.669673E-4,0.0119718155,0.0012363169,0.20963831,0.017377133,0.06131512,0.011453784,0.24558178,0.007957498,"TWOGAUSSIANS_WITH_ELLIPSOIDAL_ON_ECLIPSE1",9,20.15734,0.74944437,7.669673E-4,0.067042165,0.0069233747,0.3321963,0.012425272,0.24558178,0.007957498,0.14107925,0.03118214,0.24576885,0.033274643
375316653866487564,5428298973734988032,0.5938459,2223.4274743751844,2.9421751606533713,6.424116E-6,18.696804,0.0063389074,0.27474502,0.0019324382,0.0657104,0.004073753,0.53163403,0.02451718,0.7703439,0.0041669398,0.071182504,0.004131017,0.5696787,0.0177567,null,null,null,null,"TWOGAUSSIANS",8,3.21044,0.7703439,0.0041669398,0.398622,0.01177871,0.5684373,0.017706772,0.27474502,0.0019324382,0.36797827,0.022813017,0.5303926,0.024917265
375316653866487564,5428301417577923712,0.6522883,2226.048658926381,2.91503210683878,2.971686E-6,17.145899,0.007095516,0.27231815,0.00106606,0.047386527,0.0017765289,0.38854915,0.0204791,0.7690153,0.0011581732,0.045788478,0.0021097884,0.40871942,0.017375559,0.117058136,0.010700855,0.27231815,0.00106606,"TWOGAUSSIANS_WITH_ELLIPSOIDAL_ON_ECLIPSE1",9,7.4634356,0.7693053,0.0010656414,0.2564155,0.011814815,0.6427427,0.012671068,0.27231815,0.00106606,0.26536453,0.009948562,0.62266445,0.013084557
375316653866487564,5428302237910282368,0.5804648,2214.5826763203668,4.116531519916201,9.109363E-6,19.037682,0.0068574436,0.2702062,0.005439668,0.068992555,0.0044453577,0.5587046,0.024258703,0.7696619,0.0023846012,0.06780994,0.0031338492,0.7181858,0.041083056,null,null,null,null,"TWOGAUSSIANS",8,3.6020372,0.7696619,0.0023846012,0.37973565,0.017549556,0.71661896,0.04154833,0.2702062,0.005439668,0.3863583,0.024894003,0.5571378,0.024326107
375316653866487564,5428302650227245440,0.48255226,2218.8221058603735,3.1785244473855534,3.5374283E-5,19.883183,0.012425741,0.74050975,0.005515321,0.047287297,0.013130763,0.15367274,0.13719681,null,null,null,null,null,null,0.15190578,0.020465204,0.74050975,0.005515321,"ONEGAUSSIAN_WITH_ELLIPSOIDAL",6,4.0314503,0.74050975,0.005515321,0.26480886,0.07353227,0.45748416,0.13418381,null,null,null,null,null,null
375316653866487564,5428302718946802432,0.65228206,2212.4928425241446,0.3382562105097405,1.4014725E-5,17.51865,0.0026994385,0.26526907,4.4588282E-4,0.024200752,0.0010575961,0.1325775,0.0060379524,0.7604949,0.005723935,0.027297115,0.0027886773,0.9700565,0.11639093,0.013390034,0.003640616,0.26526907,4.4588282E-4,"TWOGAUSSIANS_WITH_ELLIPSOIDAL_ON_ECLIPSE1",9,2.8632166,0.7605049,0.00571763,0.15286385,0.015616594,0.99681246,0.115753666,0.26526907,4.4588282E-4,0.13552421,0.0059225378,0.15935749,0.0031152978
375316653866487564,5428302929406439552,0.4916614,2224.3571974154006,0.2750151045141183,1.0839134E-5,16.53131,0.0010248908,0.3139576,0.018876255,0.024614416,0.009276602,0.106110856,0.04780347,0.84914136,0.0060498426,0.02227036,0.0064376714,0.044833086,0.0021908116,null,null,null,null,"TWOGAUSSIANS",8,3.924006,0.3139576,0.018876255,0.13784073,0.051948972,0.106110856,0.04780347,0.84914136,0.0060498426,0.12471401,0.03605096,0.044833086,0.0021908116
375316653866487564,5428306949495756928,0.46058658,2242.086231208356,0.10731884714797711,2.1973581E-5,17.347813,0.007684298,0.24852985,0.008148887,0.088703886,0.01616212,0.06355482,0.0077434075,0.7675818,0.008461313,0.10569752,0.015318165,0.0680501,0.0078429775,null,null,null,null,"TWOGAUSSIANS",8,3.0412211,0.7675818,0.008461313,0.4,0.0,0.064330205,0.0048496826,0.24851985,0.008139799,0.4,0.0,0.059837468,0.0068927994
375316653866487564,5428308667482652800,0.5856236,2238.295345773561,2.5942488023078356,6.8877234E-6,16.776697,0.008664739,0.25256416,0.0027114188,0.06452298,0.0032848932,0.42842346,0.020987453,0.73590976,0.0023829846,0.07407254,0.0024951515,0.9433422,0.019502396,null,null,null,null,"TWOGAUSSIANS",8,67.17804,0.73590976,0.0023829846,0.4,0.0,0.9420952,0.019607186,0.25256416,0.0027114188,0.3613287,0.018395403,0.42717648,0.021085817
375316653866487564,5428309075496735360,0.5405585,2210.221616733834,2.422466667293947,1.0043627E-5,17.599567,0.011258799,0.28039774,0.0049448414,0.08508824,0.010778624,0.19168869,0.013707863,0.76562345,0.0028225349,0.07993201,0.004888411,0.34412327,0.019868873,null,null,null,null,"TWOGAUSSIANS",8,8.896011,0.76562345,0.0028225349,0.4,0.0,0.3402248,0.019882461,0.28039774,0.0049448414,0.4,0.0,0.1877902,0.014028384
375316653866487564,5428310381166861568,0.51123583,2236.263201316874,2.8999321636570965,1.6025946E-5,17.642399,0.00891513,0.3002501,0.02221582,0.051012732,0.016951865,0.09581527,0.028475607,0.76041585,0.004081904,0.038906764,0.005719538,0.15152942,0.023685027,0.08621049,0.0108640045,0.76041585,0.004081904,"TWOGAUSSIANS_WITH_ELLIPSOIDAL_ON_ECLIPSE2",9,16.001678,0.76041585,0.004081904,0.21787788,0.03202941,0.32394928,0.015720662,0.28950012,0.013093571,0.28567132,0.09493044,0.26043698,0.025735794
375316653866487564,5428312339674539008,0.51760614,2221.2351995716917,3.2815214131784303,9.105514E-6,19.895578,0.012524796,0.20083265,0.005189126,0.06290062,0.0061358553,0.40107787,0.01603114,0.6970034,0.003038678,0.06862369,0.0042564725,0.484045,0.023821136,null,null,null,null,"TWOGAUSSIANS",8,1.3206875,0.6970034,0.003038678,0.38429266,0.023836246,0.4834696,0.023844033,0.20083265,0.005189126,0.35224345,0.03436079,0.4005025,0.015895227
375316653866487564,5428312374034327168,0.6257311,2273.4888913970904,0.41873022354073375,5.41588E-6,17.916878,0.0026495683,0.38450578,0.002755825,0.018245205,0.0019557213,0.58619267,0.08469508,0.8831947,9.487928E-4,0.021405067,0.001184633,0.5873543,0.04806774,null,null,null,null,"TWOGAUSSIANS",8,3.703547,0.8831947,9.487928E-4,0.119868375,0.006633945,0.5873543,0.04806774,0.38450578,0.002755825,0.10217315,0.01095204,0.58619267,0.08469508
375316653866487564,5428313580925212160,0.42215142,2237.428819080815,3.4316526354400705,4.2457785E-5,16.44164,0.028882854,0.31826323,0.010655791,0.09234123,0.023411375,0.21558742,0.025800234,0.8159604,0.011559767,0.0955469,0.018703459,0.16877484,0.029362826,null,null,null,null,"TWOGAUSSIANS",8,195.0919,0.31826323,0.010655791,0.4,0.0,0.2049249,0.023949327,0.8159604,0.011559767,0.4,0.0,0.15811211,0.016796306
375316653866487564,5428314749156303488,0.532555,2259.547810004405,0.8955396830297466,2.0540821E-5,16.794659,0.007972619,0.22012226,0.006640262,0.03266542,0.01838132,0.058424108,0.013014465,0.7122675,0.009505091,0.0638015,0.011478251,0.19194926,0.019689366,0.0624494,0.012376615,0.22012226,0.006640262,"TWOGAUSSIANS_WITH_ELLIPSOIDAL_ON_ECLIPSE1",9,21.829283,0.7136275,0.00714496,0.35728836,0.06126573,0.31654146,0.019196615,0.22012226,0.006640262,0.18292634,0.10293539,0.18326777,0.016730271
375316653866487564,5428317326137540480,0.58372045,2208.632701110922,2.793967649395291,7.827783E-6,18.694256,0.008540909,0.25985444,0.0016216383,0.0776725,0.0025669648,0.417321,0.009570498,0.7615222,0.0072717625,0.08304698,0.0052545634,0.444625,0.020874577,null,null,null,null,"TWOGAUSSIANS",8,2.0022237,0.7615222,0.0072717625,0.4,0.0,0.43802097,0.019309064,0.25985444,0.0016216383,0.4,0.0,0.41071698,0.008327426
375316653866487564,5428317871590489984,0.49512592,2217.9936205956774,0.06833671948928066,1.5452853E-5,19.626112,0.009139327,0.16531429,0.01889685,0.049675956,0.010039445,0.18182325,0.06492367,0.8327679,0.004958485,0.004571006,0.0012412089,0.5125887,0.3965271,0.01359864,0.012269844,0.8327679,0.004958485,"TWOGAUSSIANS_WITH_ELLIPSOIDAL_ON_ECLIPSE2",9,1.8358003,0.8327679,0.004958485,0.025597636,0.0069507696,0.5397859,0.40148503,0.16734429,0.018657308,0.27818537,0.056220893,0.18865557,0.06734553
375316653866487564,5428318627504759168,0.5836693,2243.0625301222435,2.288964716429239,6.3727352E-6,17.82739,0.0033395411,0.28757873,0.0022765568,0.08415135,0.0034218694,0.2130023,0.0063252468,0.7786702,0.0024737304,0.07739094,0.0022359297,0.24616198,0.0051898253,null,null,null,null,"TWOGAUSSIANS",8,2.1005147,0.7786702,0.0024737304,0.4,0.0,0.24297209,0.004821909,0.28757873,0.0022765568,0.4,0.0,0.20981239,0.0065228334
375316653866487564,5428321719881551744,0.59133357,2222.466712424539,0.2231320499498897,2.443905E-6,17.109964,9.775391E-4,0.2631708,6.885957E-4,0.0072981133,6.06788E-4,0.22823183,0.018048247,0.5979863,2.1224898E-4,0.0068152747,5.0818536E-4,0.36777896,0.082565136,null,null,null,null,"TWOGAUSSIANS",8,1.6027682,0.5979863,2.1224898E-4,0.038165536,0.002845838,0.36777896,0.082565136,0.2631708,6.885957E-4,0.040869433,0.0033980126,0.22823183,0.018048247
375316653866487564,5428324953999357568,0.5864925,2236.872462020541,0.0806253038178723,1.3375023E-5,17.448357,0.0015421761,0.22464207,7.4852585E-5,0.0021047553,6.403654E-5,0.43760094,0.0074436585,0.42025387,0.018323148,0.015557201,0.014899226,0.014201445,0.010759871,null,null,null,null,"TWOGAUSSIANS",8,2.480442,0.22464207,7.4852585E-5,0.0117866285,3.5860462E-4,0.43760094,0.0074436585,0.42025387,0.018323148,0.087120324,0.08343567,0.014201445,0.010759871
375316653866487564,5428325228877285504,0.4547642,2227.395269630926,0.23326037119065807,1.7443748E-5,17.16899,0.0017066741,0.58552396,0.0050402153,0.030825438,0.0076180524,0.047767505,0.009873426,0.8487287,2.5040293E-4,0.0051112636,3.7978392E-4,0.16405062,0.020405965,null,null,null,null,"TWOGAUSSIANS",8,6.0506124,0.8487287,2.5040293E-4,0.028623076,0.00212679,0.16405062,0.020405965,0.58552396,0.0050402153,0.17262246,0.042661093,0.047767505,0.009873426
375316653866487564,5428325366316224896,0.5645843,2221.640406767947,0.8344767578506356,1.65641E-5,14.806606,0.0018814331,0.23583576,0.0029552926,0.03724475,0.0024193043,0.16080533,0.019011691,0.72625536,0.0052436176,0.04227187,0.004545293,0.14108995,0.012725998,0.011706789,0.0023524777,0.23583576,0.0029552926,"TWOGAUSSIANS_WITH_ELLIPSOIDAL_ON_ECLIPSE1",9,28.137684,0.23583576,0.0029552926,0.2085706,0.013548104,0.18421888,0.019794561,0.72647536,0.005128076,0.23672248,0.02545364,0.1644207,0.012175445
375316653866487564,5428327561037715328,0.5084174,2231.2613125031344,0.9757776471623516,1.644889E-5,18.214844,0.085048094,0.27892095,0.006133648,0.13742353,0.020436857,0.2926863,0.08306957,0.82182074,0.011429893,0.12453844,0.03353165,0.22392419,0.077308774,null,null,null,null,"TWOGAUSSIANS",8,4.650366,0.27844095,0.005074474,0.4,0.0,0.23292233,0.012080336,0.8236107,0.009799645,0.4,0.0,0.16517603,0.01757502
375316653866487564,5428327565339424384,0.4822593,2228.8527391674006,0.8499287981193482,8.242726E-6,18.185143,0.0019391748,0.5690011,0.0038922708,0.024684897,0.0044356887,0.0697494,0.005422707,null,null,null,null,null,null,0.01888658,0.0035147627,0.5690011,0.0038922708,"ONEGAUSSIAN_WITH_ELLIPSOIDAL",6,1.4970458,0.5690011,0.0038922708,0.13823542,0.024839858,0.10752251,0.006441645,null,null,null,null,null,null
375316653866487564,5428328699210849408,0.6825305,2220.23703615027,2.4617180140263555,2.5028723E-6,16.059395,0.0029426022,0.24207297,7.791246E-4,0.04596948,0.00326605,0.1359493,0.0063868007,0.7438918,0.0011861376,0.04927128,0.0023727522,0.1426289,0.006568263,0.11833905,0.003559952,0.24207297,7.791246E-4,"TWOGAUSSIANS_WITH_ELLIPSOIDAL_ON_ECLIPSE1",9,4.116877,0.7438918,0.0011861376,0.27591917,0.013287412,0.37927553,0.005381683,0.24207297,7.791246E-4,0.25742906,0.01828988,0.37262684,0.0033294468
375316653866487564,5428328699210851840,0.6604205,2215.59734479845,1.9309280928471018,3.4383627E-6,11.781128,0.004667459,0.25371796,9.7273407E-4,0.08886566,0.0022729551,0.33092612,0.004492404,0.751502,0.0019381683,0.09776526,0.0026892936,0.3530469,0.005126104,null,null,null,null,"TWOGAUSSIANS",8,82.97844,0.751502,0.0019381683,0.4,0.0,0.33474237,0.0026661672,0.25371796,9.7273407E-4,0.4,0.0,0.31262296,0.004420064
375316653866487564,5428333573991447552,0.6009271,2250.941532612136,3.9924298047664983,3.150348E-6,17.724995,0.004997609,0.2907863,0.0012292971,0.03632808,0.0035406481,0.56051606,0.17197487,0.79247046,7.785397E-4,0.033683136,9.6795533E-4,0.66164595,0.031667657,0.041633315,0.00883282,0.2907863,0.0012292971,"TWOGAUSSIANS_WITH_ELLIPSOIDAL_ON_ECLIPSE1",9,5.7567763,0.79247046,7.785397E-4,0.18862556,0.00542055,0.7449031,0.031802848,0.2907863,0.0012292971,0.20343727,0.01982763,0.6437825,0.17362402
375316653866487564,5428333951948761344,0.48521277,2205.8695096975102,1.7091158726731692,2.657965E-5,19.643475,0.010002376,0.28738588,0.011911766,0.07651944,0.012675024,0.1702877,0.013645073,0.76120424,0.0057412833,0.07852746,0.0056821615,0.29244745,0.014498024,null,null,null,null,"TWOGAUSSIANS",8,1.9875841,0.76120424,0.0057412833,0.4,0.0,0.29103866,0.013940845,0.28738588,0.011911766,0.4,0.017507784,0.1688789,0.0136111565
375316653866487564,5428334158109345792,0.53535897,2201.9171142275186,3.898019265576316,1.332428E-5,19.463234,0.0065254183,0.27820387,0.0034469587,0.07576454,0.0034590466,0.3308297,0.0102161495,0.78132045,0.0047864257,0.064874955,0.0062072254,0.4299438,0.020520706,null,null,null,null,"TWOGAUSSIANS",8,1.3407121,0.78132045,0.0047864257,0.36329976,0.03476046,0.42870742,0.020843647,0.27820387,0.0034469587,0.4,0.0,0.32959336,0.010052422
375316653866487564,5428334368567786496,0.58707124,2186.5737161576085,3.4652388707878856,5.459753E-6,14.768652,0.018971806,0.26930818,0.002347784,0.063840695,0.0049392087,0.27628222,0.046805695,0.7834125,0.0016145117,0.05507416,0.005862807,0.3645139,0.043093614,0.07940267,0.027272167,0.7834125,0.0016145117,"TWOGAUSSIANS_WITH_ELLIPSOIDAL_ON_ECLIPSE2",9,180.49925,0.7834125,0.0016145117,0.3084153,0.032831717,0.5232541,0.036138818,0.2715082,0.0016450122,0.3575079,0.027659569,0.43397164,0.018223003
375316653866487564,5428336322770948224,0.5656738,2229.642946896698,0.7274193511930411,2.6001392E-6,19.30344,0.0043023583,0.39618134,9.798738E-4,0.022528695,0.0012280928,0.42938435,0.021233598,0.8974628,0.0010344953,0.020620225,0.0010592466,0.61589056,0.031781375,null,null,null,null,"TWOGAUSSIANS",8,1.341977,0.8974628,0.0010344953,0.11547326,0.0059317807,0.61589056,0.031781375,0.39618134,9.798738E-4,0.1261607,0.00687732,0.42938435,0.021233598
375316653866487564,5428336322770971648,0.5475713,2227.655862905527,0.8071819903935322,1.8609398E-5,18.637318,0.0030206235,0.2375777,0.016101476,0.026567547,0.007679477,0.4164409,0.5856098,0.7244052,0.0016012042,0.023359071,0.0012511726,0.33858678,0.0103539955,null,null,null,null,"TWOGAUSSIANS",8,2.2387946,0.2375777,0.016101476,0.14877826,0.04300507,0.4164409,0.5856098,0.7244052,0.0016012042,0.1308108,0.007006567,0.33858678,0.0103539955
375316653866487564,5428337284845544704,0.5354325,2214.5281675068773,0.5403045813923733,3.2833175E-6,18.337654,0.003917667,0.27140754,0.0066400357,0.024940195,0.0042257938,0.045088373,0.014784048,0.76632047,0.0020504058,0.021855237,0.0029613213,0.4999781,0.022152036,0.034353733,0.0070874416,0.27140754,0.0066400357,"TWOGAUSSIANS_WITH_ELLIPSOIDAL_ON_ECLIPSE1",9,4.831162,0.76635045,0.0020411115,0.122389324,0.016583398,0.56861573,0.020952096,0.27140754,0.0066400357,0.13966508,0.023664445,0.1137958,0.012326407
375316653866487564,5428337353562781440,0.59407634,2220.9580541825285,0.5996953145803964,1.20562745E-5,18.33885,0.00451124,0.27485815,0.0013993989,0.013448941,7.199471E-4,0.551126,0.025894308,0.77176416,0.0017575799,0.012025455,0.0024062064,0.9052587,0.11956911,null,null,null,null,"TWOGAUSSIANS",8,5.83765,0.77176416,0.0017575799,0.06734255,0.013474756,0.9052587,0.11956911,0.27485815,0.0013993989,0.07531407,0.004031704,0.551126,0.025894308
375316653866487564,5428340033621460992,0.479436,2211.5521199816408,0.6387692955807003,6.170032E-5,12.173418,0.001323249,0.2560069,0.0032016921,0.030627387,0.0044059684,0.045664087,0.002731807,0.7847248,0.026878348,0.10255005,0.015946329,0.0075586145,0.0021231903,null,null,null,null,"TWOGAUSSIANS",8,51.497807,0.2560069,0.0032016921,0.17151336,0.024673423,0.045657236,0.002730894,0.7847248,0.026878348,0.4,0.0,0.0075515565,0.0021174948
