Gaia/vari_eclipsing_binary/VariEclipsingBinary_513509-513555.csv
# %ECSV 1.0
# ---
# delimiter: ','
# meta: !!omap
# - RELEASE: Gaia DR3
# - TABLE: vari_eclipsing_binary
# - DESCRIPTION: >
#     This table describes the properties of the eclipsing binaries resulting from the variability analysis. 
# - CITATION: >
#     How to cite and acknowledge Gaia: 
#     https://gea.esac.esa.int/archive/documentation/credits.html 
# - KNOWN_ISSUES: >
#     Known issues: 
#     https://www.cosmos.esa.int/web/gaia-users/known-issues 
# - DOCUMENTATION: >
#     Tutorials and documentation: 
#     https://www.cosmos.esa.int/web/gaia-users/archive 
# datatype:
# - 
#   name: solution_id
#   datatype: int64
#   description: Solution Identifier
#   meta:
#     ucd: meta.version
# - 
#   name: source_id
#   datatype: int64
#   description: Unique source identifier
#   meta:
#     ucd: meta.id;meta.main
# - 
#   name: global_ranking
#   datatype: float32
#   description: Number between 0 (worst) and 1 (best)
#   meta:
#     ucd: stat.param
# - 
#   name: reference_time
#   datatype: float64
#   unit: d
#   description: Reference time used for the geometric model fit
#   meta:
#     ucd: time.epoch
# - 
#   name: frequency
#   datatype: float64
#   unit: d**-1
#   description: Frequency of geometric model of the eclipsing binary light curve
#   meta:
#     ucd: src.orbital
# - 
#   name: frequency_error
#   datatype: float32
#   unit: d**-1
#   description: "Uncertainty of \\texttt{frequency}"
#   meta:
#     ucd: stat.error
# - 
#   name: geom_model_reference_level
#   datatype: float32
#   unit: mag
#   description: Magnitude reference level of geometric model
#   meta:
#     ucd: phot.mag;em.opt
# - 
#   name: geom_model_reference_level_error
#   datatype: float32
#   unit: mag
#   description: "Uncertainty of \\texttt{geomModelReferenceLevel}"
#   meta:
#     ucd: stat.error;phot.mag;em.opt
# - 
#   name: geom_model_gaussian1_phase
#   datatype: float32
#   description: Phase of the Gaussian 1 component
#   meta:
#     ucd: time.phase
# - 
#   name: geom_model_gaussian1_phase_error
#   datatype: float32
#   description: "Uncertainty of \\texttt{geomModelGaussian1Phase}"
#   meta:
#     ucd: stat.error;time.phase
# - 
#   name: geom_model_gaussian1_sigma
#   datatype: float32
#   description: "Standard deviation [phase] of Gaussian 1 component"
#   meta:
#     ucd: stat.stdev
# - 
#   name: geom_model_gaussian1_sigma_error
#   datatype: float32
#   description: "Uncertainty of \\texttt{geomModelGaussian1Sigma}"
#   meta:
#     ucd: stat.error
# - 
#   name: geom_model_gaussian1_depth
#   datatype: float32
#   unit: mag
#   description: Magnitude depth of Gaussian 1 component
#   meta:
#     ucd: src.var.amplitude
# - 
#   name: geom_model_gaussian1_depth_error
#   datatype: float32
#   unit: mag
#   description: "Uncertainty of \\texttt{geomModelGaussian1Depth}"
#   meta:
#     ucd: stat.error;src.var.amplitude
# - 
#   name: geom_model_gaussian2_phase
#   datatype: float32
#   description: Phase of Gaussian 2 component
#   meta:
#     ucd: time.phase
# - 
#   name: geom_model_gaussian2_phase_error
#   datatype: float32
#   description: "Uncertainty of \\texttt{geomModelGaussian2Phase}"
#   meta:
#     ucd: stat.error;time.phase
# - 
#   name: geom_model_gaussian2_sigma
#   datatype: float32
[...]
#   datatype: float32
#   description: "Secondary eclipse: uncertainty of \\texttt{derivedSecondaryEclDuration}"
#   meta:
#     ucd: stat.error;time.duration
# - 
#   name: derived_secondary_ecl_depth
#   datatype: float32
#   unit: mag
#   description: "Secondary eclipse: depth"
#   meta:
#     ucd: src.var.amplitude
# - 
#   name: derived_secondary_ecl_depth_error
#   datatype: float32
#   unit: mag
#   description: "Secondary eclipse: uncertainty of \\texttt{derivedSecondaryEclDepth}"
#   meta:
#     ucd: stat.error;src.var.amplitude
solution_id,source_id,global_ranking,reference_time,frequency,frequency_error,geom_model_reference_level,geom_model_reference_level_error,geom_model_gaussian1_phase,geom_model_gaussian1_phase_error,geom_model_gaussian1_sigma,geom_model_gaussian1_sigma_error,geom_model_gaussian1_depth,geom_model_gaussian1_depth_error,geom_model_gaussian2_phase,geom_model_gaussian2_phase_error,geom_model_gaussian2_sigma,geom_model_gaussian2_sigma_error,geom_model_gaussian2_depth,geom_model_gaussian2_depth_error,geom_model_cosine_half_period_amplitude,geom_model_cosine_half_period_amplitude_error,geom_model_cosine_half_period_phase,geom_model_cosine_half_period_phase_error,model_type,num_model_parameters,reduced_chi2,derived_primary_ecl_phase,derived_primary_ecl_phase_error,derived_primary_ecl_duration,derived_primary_ecl_duration_error,derived_primary_ecl_depth,derived_primary_ecl_depth_error,derived_secondary_ecl_phase,derived_secondary_ecl_phase_error,derived_secondary_ecl_duration,derived_secondary_ecl_duration_error,derived_secondary_ecl_depth,derived_secondary_ecl_depth_error
[from data line 108]
375316653866487564,4516963538378103552,0.5083943,2184.843494419079,1.593640648903144,1.788029E-5,18.4092,0.013314213,0.18711849,0.005871474,0.105775826,0.011791604,0.13113032,0.013100204,0.65936476,0.005011681,0.093817,0.0092894845,0.20194414,0.012836881,null,null,null,null,"TWOGAUSSIANS",8,2.6163075,0.65936476,0.005011681,0.4,0.0,0.19228591,0.0072372006,0.18711849,0.0058692372,0.4,0.0,0.121466085,0.007250068
375316653866487564,4516964229895480320,0.6100198,2191.5005028774967,3.2178877143044375,7.730865E-6,18.940865,0.012607903,0.24145116,0.0019573013,0.048576847,0.003538357,0.5138754,0.029101014,0.74149865,0.0024690113,0.04585062,0.0033653346,0.40291637,0.027015874,0.103560925,0.015427504,0.24145116,0.0019573013,"TWOGAUSSIANS_WITH_ELLIPSOIDAL_ON_ECLIPSE1",9,2.1868756,0.24145116,0.0019573013,0.27203035,0.019814799,0.7209962,0.012897729,0.74149865,0.0023721482,0.25676346,0.018845875,0.61003715,0.011679759
375316653866487564,4516965123236242688,0.5940899,2174.722088823428,2.3944831928397394,7.6468195E-6,18.700506,0.010228792,0.27085438,0.0017936974,0.09541039,0.004085199,0.39234152,0.012396534,0.7731859,0.002728715,0.090569645,0.0040967576,0.43656525,0.010804702,null,null,null,null,"TWOGAUSSIANS",8,1.4741782,0.7731859,0.002728715,0.4,0.0,0.41505075,0.009160085,0.27085438,0.0017936974,0.4,0.0,0.37082636,0.012557749
375316653866487564,4516965187643890048,0.49065918,2192.79698876969,1.0729015305334504,1.2694443E-5,18.739935,0.007028485,0.19621664,0.0018481535,0.030262815,0.0025103786,0.30457768,0.031690937,0.7039913,0.0041408585,0.031485517,0.0036932663,0.27034023,0.020003648,null,null,null,null,"TWOGAUSSIANS",8,6.9586673,0.19621664,0.0018481535,0.16947176,0.014058121,0.30457768,0.031690937,0.7039913,0.0041408585,0.17631888,0.020682292,0.27034023,0.020003648
375316653866487564,4516966875595536512,0.4632433,2181.229337445901,3.6130446603334545,1.0498631E-5,19.090178,0.007898524,0.22745837,0.0017376578,0.06490983,0.0021153232,0.5817059,0.021053836,0.72852594,0.001724209,0.07118839,0.002511303,0.49372256,0.016441291,null,null,null,null,"TWOGAUSSIANS",8,6.3122926,0.22745837,0.0017376578,0.36349505,0.01184581,0.58049107,0.021104354,0.72852594,0.001724209,0.39865497,0.011685079,0.49250773,0.016498096
375316653866487564,4516967077429461504,0.44814843,2174.2031817485126,1.02458863953396,1.185947E-5,18.055374,0.0037781268,0.1339673,0.0037121417,0.038009133,0.0035027112,0.12292993,0.011529069,0.6395306,0.004874631,0.048019897,0.0043497817,0.10122615,0.0056349374,null,null,null,null,"TWOGAUSSIANS",8,5.5372314,0.1339673,0.0037121417,0.21285115,0.019615183,0.12292993,0.011529071,0.6395306,0.004874631,0.26891142,0.024358777,0.10122614,0.0056349356
375316653866487564,4516967837656014848,0.47783095,2172.8178704192565,2.933237428663846,1.8182143E-5,18.61619,0.019120432,0.25608876,0.0048668096,0.09447894,0.011972462,0.16654839,0.018262569,0.7555695,0.0075342814,0.10433957,0.019168109,0.17763041,0.0144319525,null,null,null,null,"TWOGAUSSIANS",8,3.1287944,0.7555695,0.0075342814,0.4,0.0,0.16315885,0.011813258,0.25608876,0.004866942,0.4,0.0,0.15208022,0.010720067
375316653866487564,4516968795416458368,0.6430404,2176.5913379553454,1.3443393243771427,1.5228489E-5,18.24358,0.005649695,0.27814656,0.0056981784,0.035251707,0.004015451,0.08621241,0.020949796,0.77888715,0.0013423861,0.037352417,0.0011374968,1.03492,0.013993052,0.022604823,0.008374901,0.27814656,0.0056981784,"TWOGAUSSIANS_WITH_ELLIPSOIDAL_ON_ECLIPSE1",9,5.7512574,0.77888715,0.0013329111,0.20917353,0.006369982,1.0801287,0.011399532,0.27814656,0.0056981784,0.19740956,0.022486527,0.13142203,0.01353047
375316653866487564,4516969212057745792,0.47594705,2164.0090892654025,0.5773117880828754,2.1082438E-5,13.385359,0.9803764,0.24330395,0.00617511,0.12868156,0.0647784,0.39576364,0.8647801,0.7516829,0.009807404,0.12638317,0.08120332,0.4293082,0.897652,null,null,null,null,"TWOGAUSSIANS",8,1958.3331,0.75179285,0.009045482,0.4,0.0,0.31672236,0.033308756,0.24319397,0.0063362047,0.4,0.0,0.28310224,0.020913731
375316653866487564,4516969280765203328,0.42666045,2196.7226318689623,1.8682992395547893,5.1918E-5,19.702976,0.012766933,0.15658265,0.009335831,0.07168821,0.006954243,0.32464954,0.040169526,0.65884393,0.0018987495,0.007844499,0.004528863,0.19321617,0.036029458,null,null,null,null,"TWOGAUSSIANS",8,10.086207,0.15658265,0.009335831,0.4,0.02705463,0.32464954,0.040169526,0.65884393,0.0018987495,0.043929197,0.025361633,0.19321617,0.036029458
375316653866487564,4516969486935680128,0.5445999,2208.8159799113937,2.803240504225212,8.026457E-6,19.220795,0.010852032,0.20959514,0.0025360317,0.06743514,0.004388798,0.62996715,0.038639408,0.71703607,0.0021131097,0.06287858,0.0036682335,0.5263843,0.015681496,null,null,null,null,"TWOGAUSSIANS",8,3.9047618,0.20959514,0.0025360317,0.3776368,0.02457727,0.62937856,0.038944643,0.71703607,0.0021131097,0.35212004,0.020542108,0.5257957,0.015753591
375316653866487564,4516969486935683840,0.54853964,2164.6096678909344,1.0320325537864263,1.4409037E-5,16.77218,0.004047493,0.25624293,0.0034545574,0.032490566,0.007861084,0.034672793,0.011054476,0.75433075,0.005049476,0.052453924,0.007122579,0.13173604,0.0104913255,0.03770001,0.0055860924,0.25624293,0.0034545574,"TWOGAUSSIANS_WITH_ELLIPSOIDAL_ON_ECLIPSE1",9,8.560791,0.75454074,0.0046426957,0.29374197,0.039886445,0.20712487,0.009713583,0.25624293,0.0034545574,0.18194717,0.044022076,0.11007132,0.007871927
375316653866487564,4516969620050232576,0.5468045,2181.535089000722,2.0275406745934643,1.0003107E-5,16.436796,0.34847936,0.253417,0.0026100916,0.13314539,0.049004354,0.18250124,0.26740563,0.7542635,0.0037917262,0.15575197,0.13477618,0.13080987,0.34248427,null,null,null,null,"TWOGAUSSIANS",8,4.2017784,0.25336698,0.0025201093,0.4,0.0,0.11732539,0.0043638255,0.7543035,0.0039855074,0.4,0.0,0.06443714,0.0042210463
375316653866487564,4516969624362871936,0.5187472,2158.184701396416,1.3054410872027655,1.0756628E-5,19.49565,0.0058560013,0.112361446,0.0066254362,0.06470579,0.0086328555,0.08195512,0.007865739,0.6331458,0.0021824753,0.050380077,0.0024752882,0.44061208,0.018330887,null,null,null,null,"TWOGAUSSIANS",8,0.9612382,0.6331458,0.0021824753,0.28212842,0.013861614,0.44060022,0.018329639,0.112361446,0.0066254362,0.3623524,0.04834399,0.08194325,0.0078598745
375316653866487564,4516971166234503296,0.5840825,2196.882755981465,0.8705959136859622,7.0752653E-6,18.7102,0.003969356,0.27466163,0.0011950842,0.029965328,0.0013349529,0.732401,0.040819697,0.77661455,0.010469812,0.024815792,0.017951502,0.10187256,0.05360953,0.023501158,0.005812447,0.27466163,0.0011950842,"TWOGAUSSIANS_WITH_ELLIPSOIDAL_ON_ECLIPSE1",9,2.6646733,0.27466163,0.0011950842,0.16780584,0.007475736,0.7794033,0.042996302,0.77661455,0.010429801,0.13896844,0.100528404,0.14886777,0.05406638
375316653866487564,4516971548509844224,0.5848654,2221.9102506496265,0.1592042787554487,1.5209242E-6,16.989666,9.3889E-4,0.20545037,0.002593822,0.012645466,0.0013938774,0.41862404,0.03006314,0.6477642,0.017694589,0.009751687,0.01045991,0.6989913,616.2215,null,null,null,null,"TWOGAUSSIANS",8,3.7098243,0.6477642,0.017694589,0.054609448,0.0585755,0.6989913,616.2215,0.20545037,0.002593822,0.07081461,0.0078057135,0.41862404,0.03006314
375316653866487564,4516972437548231424,0.5375242,2193.919859624594,1.5749272985293963,9.369701E-6,18.953978,0.0036654705,0.3074899,0.001092396,0.050722625,0.0020138945,0.35038367,0.017460257,0.9171784,0.027552687,0.02775215,0.02750468,0.027808316,65.094315,0.05502529,0.005219787,0.3074899,0.001092396,"TWOGAUSSIANS_WITH_ELLIPSOIDAL_ON_ECLIPSE1",9,1.644862,0.3074899,0.001092396,0.2840467,0.011277809,0.46043238,0.016897632,0.9171784,0.027552687,0.15541203,0.15402621,0.09335395,65.091675
375316653866487564,4516974606502084224,0.5244476,2202.9183850630125,3.037241195400714,1.8734747E-5,19.810558,0.011125925,0.16393976,0.00415616,0.068725415,0.0053864443,0.5591064,0.030457323,0.6708541,0.0045167333,0.073743,0.0055829645,0.47555742,0.030899025,null,null,null,null,"TWOGAUSSIANS",8,2.0491116,0.16393976,0.00415616,0.38486233,0.027500944,0.55727565,0.03082064,0.6708541,0.0045167333,0.4,0.0,0.47372666,0.031015282
375316653866487564,4516974675246048896,0.5573374,2204.6608098342,0.33069910223813875,2.4968991E-5,15.983839,6.8753713E-4,0.13689129,4.3653947E-4,0.0120199695,4.2276803E-4,0.36651576,0.012960448,0.31142166,0.0152159585,0.007020718,0.00534627,0.010236269,0.017710378,null,null,null,null,"TWOGAUSSIANS",8,5.019009,0.13689129,4.3653947E-4,0.06731183,0.002367501,0.36651576,0.012960448,0.31142166,0.0152159585,0.03931602,0.029939111,0.010236269,0.017710378
375316653866487564,4516975053178689024,0.4951656,2209.2424822739013,1.8871278563755427,2.7276668E-5,19.026432,0.015032043,0.22882448,0.006602293,0.09208806,0.014868296,0.18384956,0.013138566,0.7296856,0.0053846003,0.092028506,0.010160239,0.19885015,0.016708141,null,null,null,null,"TWOGAUSSIANS",8,1.7010862,0.7296856,0.0053846003,0.4,0.0,0.1893982,0.01373889,0.22882448,0.006602293,0.4,0.0,0.17439762,0.010111894
375316653866487564,4516975701723411584,0.47193334,2182.6187800573966,2.728558010131591,2.8490935E-5,19.434313,0.016131047,0.11979039,0.007126753,0.09128457,0.009730714,0.26659638,0.02129487,0.60702795,0.007905173,0.08960394,0.010988362,0.24743827,0.018268025,null,null,null,null,"TWOGAUSSIANS",8,3.181864,0.11979039,0.007126753,0.4,0.0,0.2573511,0.018728033,0.60702795,0.007905173,0.4,0.0,0.23819308,0.014346726
375316653866487564,4516975774757709056,0.6205845,2185.483673323351,3.3024281603242245,3.4405432E-6,17.803627,0.006237803,0.20438837,8.728267E-4,0.045357756,0.001867173,0.32680354,0.01514473,0.70057476,9.4287953E-4,0.053391065,0.0017233039,0.44918895,0.016693806,0.09944455,0.008971708,0.20438837,8.728267E-4,"TWOGAUSSIANS_WITH_ELLIPSOIDAL_ON_ECLIPSE1",9,4.97112,0.70092475,8.428434E-4,0.29898995,0.009650502,0.64796686,0.013188117,0.20438837,8.728267E-4,0.25400344,0.010456169,0.5256853,0.012325228
375316653866487564,4516975907881654784,0.4306554,2203.928578412282,0.10938592404063446,4.6728175E-5,18.574509,0.0070810067,0.40876278,0.008472239,0.051917605,0.020584058,0.0710826,0.028967813,0.8920228,0.007064765,0.027886817,0.013279779,0.16536939,0.059593998,null,null,null,null,"TWOGAUSSIANS",8,7.3926105,0.8920228,0.007064765,0.15616618,0.07436676,0.16536939,0.059594005,0.40876278,0.008472239,0.29073858,0.11527073,0.0710826,0.028967857
375316653866487564,4516977419710356480,0.4966707,2205.623031661136,3.1666733300100685,1.8407109E-5,19.392603,0.017407147,0.23245329,0.005106275,0.08104558,0.007798504,0.29256782,0.020612692,0.7261628,0.003946474,0.086348355,0.010328484,0.30208763,0.018634167,null,null,null,null,"TWOGAUSSIANS",8,2.5384736,0.7261628,0.003946474,0.4,0.0,0.29595318,0.019530676,0.23245329,0.005106275,0.4,0.0,0.2864334,0.017880155
375316653866487564,4516978141265064064,0.5270203,2206.402418666447,0.13825887668800735,6.3722514E-6,19.346275,0.0031494072,0.49674898,0.07180148,0.07904196,0.02393619,0.018828977,0.0063227355,0.88578993,5.4476096E-4,0.005613954,3.4949416E-4,0.7317256,0.03864576,null,null,null,null,"TWOGAUSSIANS",8,1.8708007,0.88578993,5.4476096E-4,0.031438142,0.0019571672,0.73172563,0.038645744,0.49674898,0.07180148,0.4,0.0689004,0.018828977,0.0063227355
375316653866487564,4516978626592115968,0.60416293,2212.3369669291897,0.28589221062499404,9.430082E-5,18.135986,0.00260683,0.24298653,5.5935605E-5,0.01103739,1.6988737E-4,1.46628,0.027841508,0.7642506,0.0047250246,0.030317595,0.0017014956,0.11132474,0.015308717,null,null,null,null,"TWOGAUSSIANS",8,4.9557266,0.24298653,5.5935605E-5,0.061809383,9.513693E-4,1.46628,0.027841508,0.7642506,0.0047250246,0.16977853,0.009528375,0.11132474,0.015308717
375316653866487564,4516981817756546048,0.54042184,2197.3161371730566,0.3274507620619264,6.333544E-6,17.320442,0.0012086361,0.14604926,0.0015058083,0.018845126,0.001482729,0.19460732,0.013459634,0.7512277,0.0018223266,0.018342938,0.0016138454,0.18388219,0.015398357,null,null,null,null,"TWOGAUSSIANS",8,2.733933,0.14604926,0.0015058083,0.105532706,0.008303282,0.19460732,0.013459634,0.7512277,0.0018223266,0.102720454,0.009037534,0.18388219,0.015398357
375316653866487564,4516982264433214720,0.6490803,2194.6323224391726,2.7465915817616295,3.799196E-6,16.263365,0.004927824,0.29863903,5.489184E-4,0.04645249,0.0018415251,0.31626865,0.009479777,0.79585797,0.0015486414,0.05041272,0.002171746,0.47170365,0.014915538,0.11792632,0.0060496256,0.29863903,5.489184E-4,"TWOGAUSSIANS_WITH_ELLIPSOIDAL_ON_ECLIPSE1",9,16.233994,0.796108,0.0014058917,0.28231123,0.012161778,0.7074878,0.01551117,0.29863903,5.489184E-4,0.26013395,0.01031254,0.55211824,0.0074875546
375316653866487564,4516983776261654656,0.50334615,2216.2296620493976,0.5383298552525906,4.7894926E-5,17.872755,0.0023822489,0.3357909,1.1067048E-5,0.013285021,7.258162E-5,0.9995285,0.0050174906,0.86246175,0.0186416,0.04137209,0.016438184,0.010312109,0.004581475,null,null,null,null,"TWOGAUSSIANS",8,4.8805003,0.3357909,1.1067048E-5,0.07439612,4.0645705E-4,0.9995285,0.0050174906,0.86246175,0.0186416,0.23168372,0.09205383,0.010312109,0.004581475
375316653866487564,4516983883656247168,0.5293162,2187.3099607097683,2.904620823815391,9.521213E-6,16.735554,0.009991609,0.23462646,0.0031584848,0.1027963,0.0075479783,0.17359413,0.009132511,0.74285156,0.003037103,0.09651955,0.007600302,0.16995974,0.008660699,null,null,null,null,"TWOGAUSSIANS",8,11.876552,0.23462646,0.0031584848,0.4,0.0,0.16028827,0.004681009,0.74285156,0.0030429226,0.4,0.0,0.15665606,0.0069819367
375316653866487564,4516984708289988096,0.5001561,2195.2238619272825,2.3825416131673953,1.849927E-5,17.824371,0.011575245,0.27097842,0.0038015817,0.09184952,0.0075486195,0.17839113,0.011287699,0.768115,0.005457038,0.095551684,0.01191384,0.165358,0.011080356,null,null,null,null,"TWOGAUSSIANS",8,6.4763126,0.27097842,0.0038015817,0.4,0.0,0.16901883,0.0067021702,0.768115,0.005457038,0.4,0.0,0.15598546,0.010139318
375316653866487564,4516985189326292352,0.6424746,2196.038559171651,2.0777817500010882,4.931327E-6,17.309267,0.007026958,0.27759293,0.0010450077,0.0490319,0.0034812766,0.16535366,0.015048323,0.7770559,0.0028209533,0.048322223,0.0031455476,0.18551016,0.017846012,0.124453165,0.009024805,0.27759293,0.0010450077,"TWOGAUSSIANS_WITH_ELLIPSOIDAL_ON_ECLIPSE1",9,4.628609,0.77716595,0.0025743602,0.27060443,0.017615067,0.4344135,0.007332903,0.27759293,0.0010450077,0.27457863,0.01949515,0.41425928,0.006219456
375316653866487564,4516986318883071872,0.4623536,2203.3021732992006,0.6643151112353354,2.5934145E-5,19.363468,0.005948927,0.3452336,0.0037839701,0.041644316,0.0025601825,0.509227,0.05970663,0.8447648,0.009466251,0.06459918,0.009600011,0.07901306,0.017799199,null,null,null,null,"TWOGAUSSIANS",8,3.04882,0.3452336,0.0037839701,0.23320816,0.014337021,0.50922227,0.059708036,0.8447648,0.009466251,0.3617554,0.05376006,0.079008326,0.017802369
375316653866487564,4516986701154830592,0.4388519,2198.1307244381046,2.7329965739963,4.1264037E-5,18.854408,0.0074278824,null,null,null,null,null,null,null,null,null,null,null,null,0.099057026,0.011553377,0.2472847,0.007433022,"ELLIPSOIDAL",4,13.204118,null,null,null,null,null,null,null,null,null,null,null,null
375316653866487564,4516987246592434944,0.50495297,2202.7264864467525,0.7670490556110758,1.7145008E-5,18.838577,0.0109894015,0.24977289,0.006843783,0.043537974,0.008892013,0.27794832,0.023895571,0.76033086,0.0053478205,0.04119893,0.00517576,0.20829862,0.03599753,0.063079454,0.0151453605,0.24977289,0.006843783,"TWOGAUSSIANS_WITH_ELLIPSOIDAL_ON_ECLIPSE1",9,6.246657,0.24977289,0.006843783,0.24381265,0.04979527,0.40410694,0.023542909,0.76033086,0.0053478205,0.23071402,0.028984256,0.33390287,0.027051793
