Gaia/vari_eclipsing_binary/VariEclipsingBinary_488972-489019.csv
# %ECSV 1.0
# ---
# delimiter: ','
# meta: !!omap
# - RELEASE: Gaia DR3
# - TABLE: vari_eclipsing_binary
# - DESCRIPTION: >
#     This table describes the properties of the eclipsing binaries resulting from the variability analysis. 
# - CITATION: >
#     How to cite and acknowledge Gaia: 
#     https://gea.esac.esa.int/archive/documentation/credits.html 
# - KNOWN_ISSUES: >
#     Known issues: 
#     https://www.cosmos.esa.int/web/gaia-users/known-issues 
# - DOCUMENTATION: >
#     Tutorials and documentation: 
#     https://www.cosmos.esa.int/web/gaia-users/archive 
# datatype:
# - 
#   name: solution_id
#   datatype: int64
#   description: Solution Identifier
#   meta:
#     ucd: meta.version
# - 
#   name: source_id
#   datatype: int64
#   description: Unique source identifier
#   meta:
#     ucd: meta.id;meta.main
# - 
#   name: global_ranking
#   datatype: float32
#   description: Number between 0 (worst) and 1 (best)
#   meta:
#     ucd: stat.param
# - 
#   name: reference_time
#   datatype: float64
#   unit: d
#   description: Reference time used for the geometric model fit
#   meta:
#     ucd: time.epoch
# - 
#   name: frequency
#   datatype: float64
#   unit: d**-1
#   description: Frequency of geometric model of the eclipsing binary light curve
#   meta:
#     ucd: src.orbital
# - 
#   name: frequency_error
#   datatype: float32
#   unit: d**-1
#   description: "Uncertainty of \\texttt{frequency}"
#   meta:
#     ucd: stat.error
# - 
#   name: geom_model_reference_level
#   datatype: float32
#   unit: mag
#   description: Magnitude reference level of geometric model
#   meta:
#     ucd: phot.mag;em.opt
# - 
#   name: geom_model_reference_level_error
#   datatype: float32
#   unit: mag
#   description: "Uncertainty of \\texttt{geomModelReferenceLevel}"
#   meta:
#     ucd: stat.error;phot.mag;em.opt
# - 
#   name: geom_model_gaussian1_phase
#   datatype: float32
#   description: Phase of the Gaussian 1 component
#   meta:
#     ucd: time.phase
# - 
#   name: geom_model_gaussian1_phase_error
#   datatype: float32
#   description: "Uncertainty of \\texttt{geomModelGaussian1Phase}"
#   meta:
#     ucd: stat.error;time.phase
# - 
#   name: geom_model_gaussian1_sigma
#   datatype: float32
#   description: "Standard deviation [phase] of Gaussian 1 component"
#   meta:
#     ucd: stat.stdev
# - 
#   name: geom_model_gaussian1_sigma_error
#   datatype: float32
#   description: "Uncertainty of \\texttt{geomModelGaussian1Sigma}"
#   meta:
#     ucd: stat.error
# - 
#   name: geom_model_gaussian1_depth
#   datatype: float32
#   unit: mag
#   description: Magnitude depth of Gaussian 1 component
#   meta:
#     ucd: src.var.amplitude
# - 
#   name: geom_model_gaussian1_depth_error
#   datatype: float32
#   unit: mag
#   description: "Uncertainty of \\texttt{geomModelGaussian1Depth}"
#   meta:
#     ucd: stat.error;src.var.amplitude
# - 
#   name: geom_model_gaussian2_phase
#   datatype: float32
#   description: Phase of Gaussian 2 component
#   meta:
#     ucd: time.phase
# - 
#   name: geom_model_gaussian2_phase_error
#   datatype: float32
#   description: "Uncertainty of \\texttt{geomModelGaussian2Phase}"
#   meta:
#     ucd: stat.error;time.phase
# - 
#   name: geom_model_gaussian2_sigma
#   datatype: float32
[...]
#   datatype: float32
#   description: "Secondary eclipse: uncertainty of \\texttt{derivedSecondaryEclDuration}"
#   meta:
#     ucd: stat.error;time.duration
# - 
#   name: derived_secondary_ecl_depth
#   datatype: float32
#   unit: mag
#   description: "Secondary eclipse: depth"
#   meta:
#     ucd: src.var.amplitude
# - 
#   name: derived_secondary_ecl_depth_error
#   datatype: float32
#   unit: mag
#   description: "Secondary eclipse: uncertainty of \\texttt{derivedSecondaryEclDepth}"
#   meta:
#     ucd: stat.error;src.var.amplitude
solution_id,source_id,global_ranking,reference_time,frequency,frequency_error,geom_model_reference_level,geom_model_reference_level_error,geom_model_gaussian1_phase,geom_model_gaussian1_phase_error,geom_model_gaussian1_sigma,geom_model_gaussian1_sigma_error,geom_model_gaussian1_depth,geom_model_gaussian1_depth_error,geom_model_gaussian2_phase,geom_model_gaussian2_phase_error,geom_model_gaussian2_sigma,geom_model_gaussian2_sigma_error,geom_model_gaussian2_depth,geom_model_gaussian2_depth_error,geom_model_cosine_half_period_amplitude,geom_model_cosine_half_period_amplitude_error,geom_model_cosine_half_period_phase,geom_model_cosine_half_period_phase_error,model_type,num_model_parameters,reduced_chi2,derived_primary_ecl_phase,derived_primary_ecl_phase_error,derived_primary_ecl_duration,derived_primary_ecl_duration_error,derived_primary_ecl_depth,derived_primary_ecl_depth_error,derived_secondary_ecl_phase,derived_secondary_ecl_phase_error,derived_secondary_ecl_duration,derived_secondary_ecl_duration_error,derived_secondary_ecl_depth,derived_secondary_ecl_depth_error
[from data line 655]
375316653866487564,4301434558983929600,0.49646372,2142.5539562836275,1.031007649514728,6.435651E-6,19.412664,0.009202848,0.21484374,0.0017059805,0.019840252,0.001527803,0.45617878,0.061214894,0.7134329,0.00157796,0.01843779,0.0021023578,0.38141856,0.056847263,null,null,null,null,"TWOGAUSSIANS",8,6.821782,0.21484374,0.0017059805,0.11110541,0.008555697,0.45617878,0.061214894,0.7134329,0.00157796,0.10325163,0.0117732035,0.38141856,0.056847263
375316653866487564,4301434795199107712,0.59752697,2195.209084061607,2.5396982010147107,6.8929035E-6,17.346113,0.015630357,0.2859786,0.0025537903,0.061228994,0.0068843905,0.21419278,0.035652872,0.7856865,0.003581483,0.05988418,0.00646614,0.25183117,0.03206299,0.11482951,0.018814465,0.2859786,0.0025537903,"TWOGAUSSIANS_WITH_ELLIPSOIDAL_ON_ECLIPSE1",9,11.895889,0.78574646,0.002905295,0.3353514,0.036210384,0.48139763,0.014613735,0.2859786,0.0025537903,0.34288236,0.038552586,0.44375986,0.018083483
375316653866487564,4301435280538669696,0.48042515,2236.2021487497223,0.058570901902341196,3.2937613E-5,18.987928,0.005508057,0.22940108,0.014835321,0.05574719,0.010242724,0.8595089,0.26491848,null,null,null,null,null,null,null,null,null,null,"ONEGAUSSIAN",5,7.605254,0.22940108,0.014835321,0.31218424,0.057359252,0.8595089,0.0,null,null,null,null,null,null
375316653866487564,4301435825991410432,0.47208,2192.139033108807,2.942716509517297,2.7509343E-5,17.469934,0.004453145,0.24344027,0.005183598,0.020257192,0.011537096,0.06722862,0.013571485,0.6984615,0.012920749,0.029170062,0.019194193,0.087147534,0.12190418,0.07515201,0.0071959286,0.24344027,0.005183598,"TWOGAUSSIANS_WITH_ELLIPSOIDAL_ON_ECLIPSE1",9,22.75383,0.70300144,0.013025229,0.16335236,0.10748748,0.22690594,0.12365933,0.24344027,0.005183598,0.11344027,0.06460774,0.21753262,0.01340913
375316653866487564,4301435899030421248,0.48341686,2212.3984146449993,2.6603895406612614,1.8342776E-5,15.113046,0.015781244,0.2438007,0.005254012,0.096186,0.011583999,0.23113924,0.015424008,0.75317764,0.003898303,0.10118831,0.011723061,0.24614023,0.019175144,null,null,null,null,"TWOGAUSSIANS",8,263.8146,0.75317764,0.003898303,0.4,0.0,0.22906066,0.02212173,0.2438007,0.005254012,0.4,0.0,0.21406168,0.013211888
375316653866487564,4301435933390209408,0.5733508,2188.122404375058,0.37557736829351124,4.551218E-6,17.446228,0.0010588636,0.39712495,0.0011255823,0.019079182,0.0018775736,0.6831579,0.23887973,null,null,null,null,null,null,null,null,null,null,"ONEGAUSSIAN",5,2.52662,0.39712495,0.0011255823,0.10684342,0.010514412,0.6831579,0.0,null,null,null,null,null,null
375316653866487564,4301436276971431040,0.59248143,2231.9038828076973,3.2005981437833646,4.632113E-6,18.23046,0.0062786005,0.2714883,0.0013424398,0.07417957,0.002052756,0.53815514,0.0140971,0.76946723,0.0023807208,0.07624288,0.0032299394,0.49258772,0.010020098,null,null,null,null,"TWOGAUSSIANS",8,5.173657,0.2714883,0.0013424398,0.4,0.0,0.53423065,0.014260738,0.76946723,0.0023807208,0.4,0.0,0.48866323,0.0100978315
375316653866487564,4301437239060182016,0.46156394,2183.1395486712204,0.7103302908403444,1.0391621E-4,18.451296,0.0052485387,0.2871697,0.026362328,0.028998116,0.026460504,0.15019232,0.6327184,0.71880054,0.002010988,0.00601597,0.001357889,1.0163829,0.7976732,0.013033308,0.009194943,0.2871697,0.026362328,"TWOGAUSSIANS_WITH_ELLIPSOIDAL_ON_ECLIPSE1",9,19.250324,0.71880054,0.0020085375,0.03368943,0.0076041785,1.037928,0.8034151,0.2871697,0.026362328,0.16238946,0.14817883,0.17625892,0.6306231
375316653866487564,4301440193997534848,0.66293216,2175.8646904483267,0.5754001137930571,3.2607898E-6,16.256702,0.0026585406,0.2520615,0.0017463691,0.032891393,0.002867101,0.10358387,0.009876769,0.75186807,6.641055E-4,0.031993873,6.4986077E-4,0.76531327,0.0072116214,0.021047542,0.0040857815,0.2520615,0.0017463691,"TWOGAUSSIANS_WITH_ELLIPSOIDAL_ON_ECLIPSE1",9,14.024166,0.75186807,6.641055E-4,0.17916569,0.0036392203,0.80740833,0.004662707,0.2520615,0.0017463691,0.1841918,0.016055766,0.14567895,0.010468759
375316653866487564,4301440606298097792,0.46591583,2182.405051861032,0.0642660994875483,3.694443E-5,19.839869,0.016655397,0.36103588,0.007719846,0.053273454,0.008914921,0.37859964,0.11767688,0.89857,0.06587437,0.039333783,0.064205185,0.49703968,0.43694517,null,null,null,null,"TWOGAUSSIANS",8,2.530688,0.89857,0.06587437,0.22026919,0.18092959,0.49703962,0.43710953,0.36103588,0.007720058,0.29833135,0.04992356,0.3785996,0.117672145
375316653866487564,4301440675033835136,0.60598147,2146.7833387820874,2.7283495911485955,5.26872E-6,15.765949,0.07652932,0.28929678,0.0032549575,0.058663078,0.045296613,0.08908024,0.14410749,0.7725559,0.010936915,0.059411436,0.040698685,0.08514825,0.147191,0.09732167,0.07764937,0.28929678,0.0032549575,"TWOGAUSSIANS_WITH_ELLIPSOIDAL_ON_ECLIPSE1",9,20.582205,0.28929678,0.0032549575,0.32851323,0.17583425,0.28370947,0.018081494,0.7790859,0.005252995,0.33270404,0.15710399,0.27846465,0.012503855
375316653866487564,4301441018614994944,0.4214575,2148.156854948775,4.424315469598687,3.034033E-5,18.991266,0.2358075,0.26466635,0.018577337,0.1305187,0.055699307,0.24274896,0.22829254,0.72151893,0.022976847,0.11561988,0.06306375,0.284879,0.1745414,null,null,null,null,"TWOGAUSSIANS",8,14.775406,0.72151893,0.022976847,0.4,0.0,0.23978762,0.05093668,0.26493636,0.016794091,0.4,0.0,0.19720604,0.026473539
375316653866487564,4301441430931019776,0.49240753,2170.1319784522143,1.4848982694140078,2.7682045E-5,19.64752,0.0074481713,0.75091547,0.020169191,0.034897536,0.020477537,0.079802394,0.05351029,0.45767733,0.005805114,0.07527714,0.0048757615,0.35177866,0.02044054,null,null,null,null,"TWOGAUSSIANS",8,3.109223,0.45767733,0.005805114,0.4,0.0,0.35177866,0.020440536,0.75077546,0.019952664,0.19542621,0.11467421,0.07998136,0.053617675
375316653866487564,4301441499650561280,0.47397655,2179.0265060201705,0.3101901694964315,1.3210804E-6,19.125643,0.0074320077,0.18359184,2.5140043E-6,0.0053157667,7.467063E-5,1.4895041,0.021159178,0.5241344,4.8826676E-4,0.033627648,8.597712E-4,0.47968715,0.0072149416,null,null,null,null,"TWOGAUSSIANS",8,8.303798,0.18359184,2.5140043E-6,0.029768292,4.1815554E-4,1.4895041,0.021159178,0.5241344,4.8826676E-4,0.18831484,0.004814719,0.47968715,0.0072149416
375316653866487564,4301441911984317824,0.62358063,2156.7591970984754,0.2902175291514706,5.5212568E-6,16.457115,0.0042181024,0.2558831,3.01362E-4,0.024582257,6.1335927E-4,1.3646929,0.06602882,0.75596887,0.003590566,0.02729687,0.002737655,0.18171819,0.015885914,null,null,null,null,"TWOGAUSSIANS",8,44.944393,0.2558831,3.01362E-4,0.13766064,0.003434812,1.3646929,0.06602882,0.75596887,0.003590566,0.15286246,0.015330868,0.18171819,0.015885914
375316653866487564,4301442358661034880,0.6074591,2173.127481297509,0.2880477467744128,4.0468978E-5,15.501809,9.662479E-4,0.17788994,0.030319529,0.05246231,0.030953942,0.007208659,0.0017687338,0.71658415,5.299449E-4,0.008123211,8.548297E-4,0.469997,0.10583693,null,null,null,null,"TWOGAUSSIANS",8,4.538346,0.71658415,5.299449E-4,0.04548998,0.004787046,0.469997,0.10583693,0.17788994,0.030319529,0.29378894,0.17334206,0.007208659,0.0017687338
375316653866487564,4301442869738975488,0.48471177,2194.7663212537873,4.31951076133902,2.0957958E-5,18.34344,0.04380167,0.24522963,0.0070132744,0.12927899,0.019882802,0.18746842,0.042811815,0.7066917,0.0076529165,0.12827146,0.013061403,0.2773821,0.046278853,null,null,null,null,"TWOGAUSSIANS",8,3.042763,0.7066917,0.0076529165,0.4,0.0,0.2268369,0.010750726,0.24620964,0.0065315394,0.4,0.0,0.13704625,0.008221476
375316653866487564,4301443419497311616,0.54091567,2173.297906419397,2.9391646916971483,1.340792E-5,17.777828,0.017321417,0.24352635,0.0050598574,0.089056104,0.009424796,0.26921242,0.016699104,0.75338006,0.0057809614,0.088932,0.0073938635,0.30357817,0.02065716,null,null,null,null,"TWOGAUSSIANS",8,12.0043745,0.75338006,0.0057809614,0.4,0.0,0.29413188,0.016565481,0.24352635,0.0050598574,0.4,0.0,0.25976616,0.012311745
375316653866487564,4301443629971513600,0.6509473,2169.2710872574517,4.317276256984514,3.001684E-6,17.348713,0.008469332,0.2911996,0.0016849835,0.04709727,0.0031694819,0.3661128,0.01911784,0.7963211,8.056994E-4,0.048065513,0.0019721584,0.4179285,0.019690275,0.12936969,0.011554931,0.7963211,8.056994E-4,"TWOGAUSSIANS_WITH_ELLIPSOIDAL_ON_ECLIPSE2",9,9.01694,0.7963211,8.056994E-4,0.26916686,0.011044087,0.6766666,0.009540797,0.29175958,0.0014950908,0.2637447,0.017749099,0.62461257,0.013215878
375316653866487564,4301444832547087104,0.6195105,2193.721695032229,2.768327744492594,7.5846365E-6,18.625288,0.018692931,0.2239012,0.0025874695,0.049367707,0.005765703,0.38474545,0.040472496,0.7181677,0.0020364395,0.050834876,0.0034935502,0.58538085,0.0403735,0.11665162,0.023510573,0.2239012,0.0025874695,"TWOGAUSSIANS_WITH_ELLIPSOIDAL_ON_ECLIPSE1",9,3.1173499,0.7185977,0.0018410587,0.2846753,0.019563882,0.8184012,0.02178192,0.2239012,0.0025874695,0.27645916,0.032287937,0.61804575,0.009260578
375316653866487564,4301445034402733312,0.55056477,2167.3990876126873,3.651057427663115,9.218628E-6,17.682777,0.010576082,0.26397175,0.002502392,0.047001123,0.010231228,0.12022274,0.025515173,0.7603535,0.0066472776,0.050177604,0.0075276694,0.19577548,0.034954853,0.102416985,0.014234599,0.26397175,0.002502392,"TWOGAUSSIANS_WITH_ELLIPSOIDAL_ON_ECLIPSE1",9,11.899144,0.7609735,0.0056544887,0.2809946,0.04215495,0.40052116,0.028302895,0.26397175,0.002502392,0.26320627,0.057294875,0.32505605,0.017021379
375316653866487564,4301445206201427200,0.4788381,2170.9395307731274,2.775404241555426,1.6341808E-5,19.04035,0.021679783,0.16942835,0.004088304,0.09269063,0.013693069,0.18864907,0.01884531,0.67966473,0.011642852,0.081132114,0.020598292,0.14605345,0.02051579,null,null,null,null,"TWOGAUSSIANS",8,2.0454118,0.16942835,0.004088304,0.4,0.0,0.18415439,0.011742124,0.67966473,0.011651584,0.4,0.0,0.14155896,0.01403581
375316653866487564,4301445309280752384,0.4491895,2162.8746135840174,0.6320729769480928,2.1020367E-5,17.259687,0.005764966,0.2809563,0.0012215894,0.018347595,0.0021449472,0.21046524,0.018704813,0.7944588,0.02737786,0.013908005,0.015738701,0.22959253,571285.2,0.015576751,0.01136038,0.2809563,0.0012215894,"TWOGAUSSIANS_WITH_ELLIPSOIDAL_ON_ECLIPSE1",9,51.645607,0.7944588,0.02737786,0.07788483,0.088136725,0.26052234,571285.2,0.2809563,0.0012215894,0.10274654,0.012011704,0.24161872,0.021517659
375316653866487564,4301445451022609152,0.50361633,2174.826792233249,3.2391370863483626,2.2732575E-5,18.981997,0.037886735,0.224128,0.007589845,0.08604859,0.017599203,0.29546544,0.03272722,0.7393235,0.0060676783,0.10459249,0.023956805,0.26303232,0.024620062,null,null,null,null,"TWOGAUSSIANS",8,3.8519797,0.224128,0.0076007918,0.4,0.0,0.2811795,0.03206782,0.7393235,0.0060676783,0.4,0.0,0.24873927,0.023533765
375316653866487564,4301446481814047872,0.46493024,2149.010358174652,3.6159256139685314,2.1666865E-5,19.410213,0.061754126,0.27270305,0.016040672,0.12813543,0.042311385,0.17629266,0.05866236,0.77237487,0.005436105,0.0990547,0.017875062,0.28925005,0.057214413,null,null,null,null,"TWOGAUSSIANS",8,2.067104,0.77237487,0.0054432913,0.4,0.0,0.25169474,0.015588676,0.27270305,0.01604317,0.4,0.0,0.1385649,0.018889995
375316653866487564,4301446516189692544,0.6646755,2181.2007504737653,0.9807859521923353,3.1295199E-6,13.719309,0.0050892625,0.23757695,0.0010164547,0.052664284,0.0033065297,0.18667446,0.018369107,0.73972213,0.0019248793,0.052389786,0.0037333118,0.15242241,0.010550961,0.09983488,0.006266954,0.23757695,0.0010164547,"TWOGAUSSIANS_WITH_ELLIPSOIDAL_ON_ECLIPSE1",9,63.131313,0.23757695,0.0010164547,0.29492,0.018516567,0.38634035,0.015562533,0.73972213,0.0019248793,0.2933828,0.020906545,0.35205203,0.005355418
375316653866487564,4301449299328801536,0.5936875,2201.3255714134866,2.749477796828477,4.9851337E-6,16.51309,0.015829166,0.24293348,0.0017075384,0.06318677,0.007971686,0.16662565,0.031593893,0.73905855,0.0041460604,0.06241773,0.008560796,0.18489921,0.030772086,0.10042996,0.01746476,0.24293348,0.0017075384,"TWOGAUSSIANS_WITH_ELLIPSOIDAL_ON_ECLIPSE1",9,15.623496,0.74002856,0.0030054324,0.3495393,0.04794046,0.38555607,0.012485824,0.24293348,0.0017075384,0.35384595,0.044641446,0.36737174,0.011603665
375316653866487564,4301449505487132416,0.47778064,2223.730018053541,1.2352905094913078,2.548368E-5,16.744654,0.0020842785,0.12204179,0.009640057,0.018655512,0.006021884,0.05338072,0.02004297,0.62109053,0.0060642655,0.02337687,0.0043439046,0.2598273,0.09499301,null,null,null,null,"TWOGAUSSIANS",8,11.3996105,0.62109053,0.0060642655,0.13091049,0.024325864,0.2598273,0.09499301,0.12204179,0.009640057,0.104470864,0.03372255,0.05338072,0.02004297
375316653866487564,4301449917789352704,0.54109293,2275.107380744926,0.012416074365014695,1.3457115E-4,19.26153,0.0040046624,0.10735206,0.0024950542,0.025490835,0.0018454979,0.7526059,0.07125008,0.4584337,0.031582255,0.117066815,0.0675104,0.13451178,0.92065823,null,null,null,null,"TWOGAUSSIANS",8,3.0548306,0.10738206,0.0024778135,0.14274868,0.010334788,0.754076,0.07131865,0.4584337,0.031582255,0.4,0.030458082,0.13448234,0.920703
375316653866487564,4301450123947064320,0.42889944,2148.4269028672093,1.5054634487974652,1.5229349E-5,19.380783,0.0077786543,0.1885278,0.017826173,0.014437067,0.046808194,0.028774403,3316.218,0.7801809,3.8237334E-4,0.00781485,9.2819857E-4,1.5602229,0.7124479,0.04731564,0.010318068,0.1885278,0.017826173,"TWOGAUSSIANS_WITH_ELLIPSOIDAL_ON_ECLIPSE1",9,13.317532,0.7801809,3.8237334E-4,0.04376316,0.005197912,1.6267909,0.7188485,0.1885278,0.017826173,0.080847576,0.26212588,0.12340565,3316.2175
375316653866487564,4301450914236412160,0.49938044,2188.404451634349,0.27080798272288414,1.0415682E-6,16.843594,0.0016652195,0.14397989,0.025378982,0.02473773,0.017161937,0.018544706,0.027842093,0.29859248,3.8559693E-7,1.9204529E-4,1.4918294E-6,0.2432527,0.0013269291,null,null,null,null,"TWOGAUSSIANS",8,10.861294,0.29859248,3.8559693E-7,0.0010754536,8.3542445E-6,0.2432527,0.0013269294,0.14397989,0.025378982,0.13853128,0.09610685,0.018544706,0.027842093
375316653866487564,4301452387386243328,0.5006561,2207.1403949055984,1.9233477095468619,1.904466E-5,17.717575,0.023290379,0.23017451,0.008852029,0.07029796,0.011278531,0.31574294,0.04307767,0.7152375,0.0024731713,0.07744027,0.0048674922,0.5654111,0.026888616,null,null,null,null,"TWOGAUSSIANS",8,39.627804,0.7152375,0.0024731713,0.4,0.0,0.56344616,0.026158568,0.23017451,0.008852029,0.39366853,0.04940561,0.31377798,0.043062415
375316653866487564,4301452700943083776,0.5063351,2194.0709319490225,2.508502126168809,1.4661125E-5,16.926497,0.02511764,0.22232212,0.004039752,0.1051553,0.009019129,0.42274612,0.022790484,0.7437622,0.0037928338,0.10086493,0.008423388,0.40643433,0.024247749,null,null,null,null,"TWOGAUSSIANS",8,64.50342,0.22231212,0.00404246,0.4,0.0,0.38905454,0.012555083,0.7437722,0.0037959842,0.4,0.0,0.37275225,0.01781149
375316653866487564,4301452838384929792,0.4355046,2210.9517031228174,0.11729456222797571,6.4599604E-5,18.282068,0.06890126,0.28181887,0.008315446,0.06776762,0.011193489,0.31698155,0.059955142,0.620887,0.05313423,0.1740407,0.087004654,0.19497687,0.074565135,null,null,null,null,"TWOGAUSSIANS",8,18.33385,0.28671888,0.00911142,0.3794987,0.05193071,0.33654484,0.019844007,0.620887,0.05313423,0.4,0.0,0.1843761,0.017463487
