Gaia/vari_eclipsing_binary/VariEclipsingBinary_630173-630270.csv
# %ECSV 1.0
# ---
# delimiter: ','
# meta: !!omap
# - RELEASE: Gaia DR3
# - TABLE: vari_eclipsing_binary
# - DESCRIPTION: >
#     This table describes the properties of the eclipsing binaries resulting from the variability analysis. 
# - CITATION: >
#     How to cite and acknowledge Gaia: 
#     https://gea.esac.esa.int/archive/documentation/credits.html 
# - KNOWN_ISSUES: >
#     Known issues: 
#     https://www.cosmos.esa.int/web/gaia-users/known-issues 
# - DOCUMENTATION: >
#     Tutorials and documentation: 
#     https://www.cosmos.esa.int/web/gaia-users/archive 
# datatype:
# - 
#   name: solution_id
#   datatype: int64
#   description: Solution Identifier
#   meta:
#     ucd: meta.version
# - 
#   name: source_id
#   datatype: int64
#   description: Unique source identifier
#   meta:
#     ucd: meta.id;meta.main
# - 
#   name: global_ranking
#   datatype: float32
#   description: Number between 0 (worst) and 1 (best)
#   meta:
#     ucd: stat.param
# - 
#   name: reference_time
#   datatype: float64
#   unit: d
#   description: Reference time used for the geometric model fit
#   meta:
#     ucd: time.epoch
# - 
#   name: frequency
#   datatype: float64
#   unit: d**-1
#   description: Frequency of geometric model of the eclipsing binary light curve
#   meta:
#     ucd: src.orbital
# - 
#   name: frequency_error
#   datatype: float32
#   unit: d**-1
#   description: "Uncertainty of \\texttt{frequency}"
#   meta:
#     ucd: stat.error
# - 
#   name: geom_model_reference_level
#   datatype: float32
#   unit: mag
#   description: Magnitude reference level of geometric model
#   meta:
#     ucd: phot.mag;em.opt
# - 
#   name: geom_model_reference_level_error
#   datatype: float32
#   unit: mag
#   description: "Uncertainty of \\texttt{geomModelReferenceLevel}"
#   meta:
#     ucd: stat.error;phot.mag;em.opt
# - 
#   name: geom_model_gaussian1_phase
#   datatype: float32
#   description: Phase of the Gaussian 1 component
#   meta:
#     ucd: time.phase
# - 
#   name: geom_model_gaussian1_phase_error
#   datatype: float32
#   description: "Uncertainty of \\texttt{geomModelGaussian1Phase}"
#   meta:
#     ucd: stat.error;time.phase
# - 
#   name: geom_model_gaussian1_sigma
#   datatype: float32
#   description: "Standard deviation [phase] of Gaussian 1 component"
#   meta:
#     ucd: stat.stdev
# - 
#   name: geom_model_gaussian1_sigma_error
#   datatype: float32
#   description: "Uncertainty of \\texttt{geomModelGaussian1Sigma}"
#   meta:
#     ucd: stat.error
# - 
#   name: geom_model_gaussian1_depth
#   datatype: float32
#   unit: mag
#   description: Magnitude depth of Gaussian 1 component
#   meta:
#     ucd: src.var.amplitude
# - 
#   name: geom_model_gaussian1_depth_error
#   datatype: float32
#   unit: mag
#   description: "Uncertainty of \\texttt{geomModelGaussian1Depth}"
#   meta:
#     ucd: stat.error;src.var.amplitude
# - 
#   name: geom_model_gaussian2_phase
#   datatype: float32
#   description: Phase of Gaussian 2 component
#   meta:
#     ucd: time.phase
# - 
#   name: geom_model_gaussian2_phase_error
#   datatype: float32
#   description: "Uncertainty of \\texttt{geomModelGaussian2Phase}"
#   meta:
#     ucd: stat.error;time.phase
# - 
#   name: geom_model_gaussian2_sigma
#   datatype: float32
[...]
#   datatype: float32
#   description: "Secondary eclipse: uncertainty of \\texttt{derivedSecondaryEclDuration}"
#   meta:
#     ucd: stat.error;time.duration
# - 
#   name: derived_secondary_ecl_depth
#   datatype: float32
#   unit: mag
#   description: "Secondary eclipse: depth"
#   meta:
#     ucd: src.var.amplitude
# - 
#   name: derived_secondary_ecl_depth_error
#   datatype: float32
#   unit: mag
#   description: "Secondary eclipse: uncertainty of \\texttt{derivedSecondaryEclDepth}"
#   meta:
#     ucd: stat.error;src.var.amplitude
solution_id,source_id,global_ranking,reference_time,frequency,frequency_error,geom_model_reference_level,geom_model_reference_level_error,geom_model_gaussian1_phase,geom_model_gaussian1_phase_error,geom_model_gaussian1_sigma,geom_model_gaussian1_sigma_error,geom_model_gaussian1_depth,geom_model_gaussian1_depth_error,geom_model_gaussian2_phase,geom_model_gaussian2_phase_error,geom_model_gaussian2_sigma,geom_model_gaussian2_sigma_error,geom_model_gaussian2_depth,geom_model_gaussian2_depth_error,geom_model_cosine_half_period_amplitude,geom_model_cosine_half_period_amplitude_error,geom_model_cosine_half_period_phase,geom_model_cosine_half_period_phase_error,model_type,num_model_parameters,reduced_chi2,derived_primary_ecl_phase,derived_primary_ecl_phase_error,derived_primary_ecl_duration,derived_primary_ecl_duration_error,derived_primary_ecl_depth,derived_primary_ecl_depth_error,derived_secondary_ecl_phase,derived_secondary_ecl_phase_error,derived_secondary_ecl_duration,derived_secondary_ecl_duration_error,derived_secondary_ecl_depth,derived_secondary_ecl_depth_error
[from data line 36]
375316653866487564,5543090014897897088,0.46616808,2197.7563902286197,2.8278353311266797,6.986415E-6,18.534317,0.008165731,0.23264666,3.0223167E-4,0.006992743,4.5316474E-4,2.7768557,0.8934283,0.7237962,0.0043622633,0.011844611,0.002662592,0.16578715,0.048957843,null,null,null,null,"TWOGAUSSIANS",8,15.958164,0.23264666,3.0223167E-4,0.03915936,0.0025377227,2.7768557,0.8934283,0.7237962,0.0043622633,0.06632982,0.014910515,0.16578715,0.048957843
375316653866487564,5543090156634012672,0.5341241,2202.95413447893,2.974812021938004,4.9155296E-6,19.686651,0.008815714,0.27837378,0.0051475633,0.08825997,0.006230031,0.4546308,0.038706392,0.7711269,0.002703663,0.080813006,0.0046404405,0.46577203,0.0201542,null,null,null,null,"TWOGAUSSIANS",8,1.7263483,0.7711269,0.002703663,0.4,0.0,0.4555699,0.021646854,0.27837378,0.0051475633,0.4,0.0,0.44442856,0.041311562
375316653866487564,5543093489537923456,0.6270652,2191.838083851412,0.5161529438048048,6.4058495E-6,14.81805,0.0028598548,0.17477994,0.0019823487,0.03317036,0.0027038138,0.12055097,0.014592368,0.6740674,8.603546E-4,0.039314613,8.609576E-4,0.41904357,0.010359821,0.04887774,0.004196692,0.17477994,0.0019823487,"TWOGAUSSIANS_WITH_ELLIPSOIDAL_ON_ECLIPSE1",9,39.822727,0.6740874,8.1576663E-4,0.22016183,0.004821363,0.51679707,0.0088855345,0.17477994,0.0019823487,0.18575403,0.015141358,0.21830636,0.015085317
375316653866487564,5543093657030217984,0.5080661,2188.6656726031156,2.1220624996276434,1.279991E-6,17.5463,0.0023661007,0.20822942,1.7913918E-4,0.0033755202,1.1663117E-4,0.29830375,0.010058831,0.40862298,0.07233996,0.10004857,0.10066606,0.008788829,0.0040331925,null,null,null,null,"TWOGAUSSIANS",8,2.8713706,0.20822942,1.7913918E-4,0.018902913,6.5313454E-4,0.29948607,0.007318008,0.40862298,0.07233996,0.4,0.0,0.008788763,0.004112556
375316653866487564,5543093897552278400,0.58391887,2196.4668819517356,1.5401442515083044,6.798763E-6,18.118217,0.014593072,0.21955001,0.001884956,0.085310385,0.005499871,0.23591846,0.0142960325,0.7215886,0.0017722568,0.0887885,0.004582487,0.36552188,0.013336134,null,null,null,null,"TWOGAUSSIANS",8,2.935277,0.7215886,0.0017722568,0.4,0.0,0.35632044,0.010401193,0.21955001,0.001884956,0.4,0.0,0.22671708,0.011353294
375316653866487564,5543096268370480640,0.55142534,2176.4624503174714,4.4223363311176564,6.1055916E-6,18.822,0.026908142,0.27404928,0.0027925281,0.06770336,0.006575362,0.437486,0.020714255,0.76969606,0.0029078,0.070395276,0.009660626,0.3980304,0.017560836,null,null,null,null,"TWOGAUSSIANS",8,6.4158773,0.27404928,0.0027925281,0.37913883,0.02940752,0.4364275,0.01876032,0.76969606,0.0029078,0.39421353,0.01825423,0.3969719,0.017229693
375316653866487564,5543098089440403072,0.48338053,2207.798632144488,4.084858707796702,1.9737741E-5,19.785017,0.040463574,0.24414375,0.027932445,0.04197489,0.014015521,1.5478827,0.4608236,0.7517476,0.02942848,0.08951423,0.038844764,0.33344924,0.113638625,null,null,null,null,"TWOGAUSSIANS",8,14.198322,0.24414375,0.027932104,0.23505938,0.07848692,1.5473138,0.46010986,0.7517476,0.02942848,0.4,0.0,0.33288032,0.11332758
375316653866487564,5543098746568234880,0.45811817,2252.733760184797,0.4188906345334662,1.9706516E-5,19.301823,0.0063200966,0.17747752,0.006269908,0.03157368,0.0107684545,0.22953583,0.05002623,0.7350997,0.06278311,0.083522595,0.08849794,0.029670056,103708.945,null,null,null,null,"TWOGAUSSIANS",8,1.8723267,0.17747752,0.006269908,0.1768126,0.060303345,0.22953513,0.05003357,0.7350997,0.06278311,0.4,0.37880015,0.029669335,103708.945
375316653866487564,5543099738704821888,0.5635542,2224.6805132821983,3.7081523166241395,1.0332333E-5,18.564142,0.019688379,0.23278786,0.004432493,0.0986855,0.01006636,0.30471644,0.020880096,0.7392902,0.0033031818,0.08545795,0.005714043,0.32845417,0.018923124,null,null,null,null,"TWOGAUSSIANS",8,2.5107121,0.7392902,0.0033031818,0.4,0.0,0.31414416,0.012026665,0.23278786,0.004432493,0.4,0.0,0.29040474,0.018776806
375316653866487564,5543100632061038976,0.5238445,2200.433033208242,0.4560988799833203,1.26360965E-5,18.18112,0.006653997,0.31607136,8.661236E-4,0.018434262,5.411637E-4,1.1230248,0.051148772,0.81875557,0.01535382,0.028852813,0.015622848,0.051525217,0.016607208,null,null,null,null,"TWOGAUSSIANS",8,13.722288,0.31607136,8.661236E-4,0.10323187,0.003030517,1.1230248,0.051148772,0.81875557,0.01535382,0.16157575,0.08748795,0.051525217,0.016607208
375316653866487564,5543101048680307968,0.45198673,2222.4739206623976,0.11275821398971228,7.177956E-5,17.379887,0.008160227,0.38836852,0.0035529,0.01845057,0.002367636,0.25259957,0.025823526,0.6498972,0.0060112868,0.07836282,0.009486068,0.76463157,0.27250832,null,null,null,null,"TWOGAUSSIANS",8,140.55978,0.6498972,0.0060112868,0.4,0.0064592194,0.76463157,0.27250832,0.38853854,0.0035341228,0.10332319,0.013258761,0.25552613,0.026249448
375316653866487564,5543101357917959424,0.4339196,2228.971100810976,2.155913419905782,1.7806802E-5,18.217987,0.022840448,0.13433695,0.043397833,0.16802168,0.13475047,0.03325145,0.018384373,0.56356996,0.00597198,0.051373545,0.0096949395,0.07013277,0.010490772,null,null,null,null,"TWOGAUSSIANS",8,2.0225456,0.56356996,0.00597198,0.28769186,0.054291658,0.06924116,0.010134057,0.13433695,0.043397833,0.4,0.0,0.030983508,0.009673589
375316653866487564,5543103140319443200,0.57838243,2221.321330955169,3.1458850710586597,1.2286667E-5,17.731041,0.013492908,0.2779939,0.0029943134,0.048556425,0.0070764194,0.19254187,0.028992401,0.77676326,0.0036587107,0.06355965,0.005304761,0.28763646,0.028782323,0.07837155,0.015742732,0.2779939,0.0029943134,"TWOGAUSSIANS_WITH_ELLIPSOIDAL_ON_ECLIPSE1",9,8.441449,0.77694327,0.0030493264,0.35593405,0.029706663,0.44425538,0.011324276,0.2779939,0.0029943134,0.27191597,0.03962795,0.34916875,0.009212896
375316653866487564,5543106816809917568,0.60975575,2218.8392035637967,1.5689826636768276,2.6000018E-6,14.058521,0.0043039382,0.23323704,0.005767067,0.024194002,0.0032606376,0.030572863,0.00763346,0.7359213,8.419701E-4,0.037417606,0.0019052002,0.24694042,0.0071577206,0.05484148,0.0039162254,0.23323704,0.005767067,"TWOGAUSSIANS_WITH_ELLIPSOIDAL_ON_ECLIPSE1",9,22.12548,0.7359213,8.419701E-4,0.2095386,0.010669121,0.3565919,0.008473872,0.23323704,0.005767067,0.13548641,0.01825957,0.14025556,0.0024558834
375316653866487564,5543107577030385152,0.59244555,2222.166285179773,2.517703482305032,7.6812785E-6,16.41817,0.009876732,0.29769418,0.0032374186,0.042935554,0.007543112,0.18995741,0.027756676,0.7980079,0.0060928217,0.039875224,0.009976401,0.15615076,0.021820834,0.12927958,0.01936291,0.29769418,0.0032374186,"TWOGAUSSIANS_WITH_ELLIPSOIDAL_ON_ECLIPSE1",9,48.208755,0.29769418,0.0032374186,0.2404391,0.042241428,0.44851634,0.014212947,0.7980079,0.005843192,0.22330126,0.055867847,0.4147087,0.024153132
375316653866487564,5543108676542020864,0.49487898,2191.2028654138758,0.6609582013078721,1.9656343E-5,14.12052,0.0040606586,0.2879333,0.0055191894,0.08011175,0.014899546,0.05245589,0.0051379423,0.79125935,0.0059762415,0.09628676,0.011891817,0.04985515,0.0039300774,null,null,null,null,"TWOGAUSSIANS",8,23.116428,0.2879333,0.0055191894,0.4,0.0,0.0507238,0.0057936837,0.79125935,0.0059762415,0.4,0.0,0.04812292,0.002921815
375316653866487564,5543111597109029888,0.55264014,2185.077034010032,1.5699194115393542,9.254032E-6,19.678005,0.011138015,0.20780031,0.0031406754,0.07470356,0.004704442,0.5897404,0.029855205,0.711155,0.008190116,0.0687468,0.008197726,0.6251612,0.03891392,null,null,null,null,"TWOGAUSSIANS",8,1.9420671,0.711155,0.008190116,0.38498205,0.033725068,0.6225923,0.040011894,0.20780031,0.0031406754,0.4,0.0,0.5871715,0.03051904
375316653866487564,5543112009436686464,0.5486398,2182.4969474703157,2.240553838849339,9.88741E-6,17.675867,0.0038547895,0.27335396,0.0030725219,0.08712408,0.004380896,0.14110811,0.0044915765,0.76929766,0.003249484,0.08796351,0.004869449,0.14817272,0.0059116012,null,null,null,null,"TWOGAUSSIANS",8,1.7083886,0.76929766,0.003249484,0.4,0.0,0.14358577,0.0058079306,0.27335396,0.0030725219,0.4,0.0,0.13652118,0.0038859083
375316653866487564,5543112039493391616,0.52396566,2188.929611850767,0.6657143076546719,1.7627055E-5,18.195238,0.006330929,0.13172156,0.0061595556,0.021587446,0.0035144472,0.5949498,0.14825676,0.52617186,0.0033600086,0.023064611,0.0038741222,0.4841395,0.10761754,null,null,null,null,"TWOGAUSSIANS",8,14.085792,0.13172156,0.0061595556,0.1208897,0.019680904,0.5949498,0.14825676,0.52617186,0.0033600086,0.12916182,0.021695085,0.4841395,0.10761754
375316653866487564,5543113108951930752,0.5277275,2184.3014476135963,2.4329388172026354,1.90246E-5,19.829721,0.01857782,0.29061913,0.007871716,0.0671966,0.006041014,0.6094207,0.06430518,0.78843963,0.011141595,0.0591218,0.010542269,0.35209677,0.022411954,null,null,null,null,"TWOGAUSSIANS",8,3.1589053,0.29061913,0.007871716,0.37630096,0.033829678,0.60907316,0.06436982,0.78843963,0.011141595,0.33108208,0.059036706,0.35174924,0.022050299
375316653866487564,5543114547753894528,0.49641728,2171.364664216079,2.689234680303566,2.1586195E-5,19.349232,0.037376117,0.24391682,0.010204526,0.100062795,0.023460446,0.35456225,0.03300268,0.7276761,0.0056733424,0.09865807,0.012577046,0.3806321,0.0380831,null,null,null,null,"TWOGAUSSIANS",8,4.367679,0.7276761,0.0056733424,0.4,0.0,0.3554885,0.027746428,0.24391682,0.0102049755,0.4,0.0,0.32941782,0.042808525
375316653866487564,5543116613641489536,0.5250333,2201.1052155303173,2.4297060611976153,8.085374E-6,14.450172,0.020446641,0.2176448,0.0032896367,0.09874527,0.009232424,0.22212745,0.02028618,0.7081617,0.0028006101,0.1004178,0.008678916,0.2664124,0.018223168,null,null,null,null,"TWOGAUSSIANS",8,198.85889,0.7081617,0.0028006101,0.4,0.0,0.24795708,0.010189936,0.2176448,0.003291086,0.4,0.0,0.20367323,0.012170993
375316653866487564,5543117781872682752,0.48156273,2191.349852547637,0.06101743289473595,2.8976203E-5,15.603347,0.001252416,0.119165085,0.001416238,0.003264522,0.0017909278,0.15931533,1.701781,0.8354572,0.017816465,0.064568125,0.013904979,0.028676888,0.0052489224,0.014778982,0.001613511,0.119165085,0.001416238,"TWOGAUSSIANS_WITH_ELLIPSOIDAL_ON_ECLIPSE1",9,9.819252,0.119165085,0.001416238,0.018281322,0.010029196,0.18887508,1.7018298,0.8354572,0.017816465,0.3615815,0.07786789,0.02998299,0.0046262457
375316653866487564,5543119053182981248,0.502768,2180.660675388229,1.570649283275114,1.5511549E-5,16.929815,0.0023682571,0.39237085,0.023609739,0.048582386,0.009086524,0.37987095,0.10659517,0.6221638,2.3787009E-4,0.0074153496,0.001260962,0.043297034,0.011862239,null,null,null,null,"TWOGAUSSIANS",8,11.365545,0.39237085,0.023609739,0.27206138,0.050884537,0.37987095,0.10659517,0.6221638,2.3787009E-4,0.041525956,0.0070613874,0.043302298,0.0118623525
375316653866487564,5543119087542731776,0.5716614,2149.780015712288,0.9466629801306524,1.1685925E-5,15.406654,7.233391E-4,0.25577044,0.002535107,0.02845793,0.0025273294,0.10269973,0.0070865657,0.7606239,0.014936397,0.04349626,0.017655704,0.027744096,0.008464301,null,null,null,null,"TWOGAUSSIANS",8,4.507363,0.25577044,0.002535107,0.15936442,0.014153045,0.10269973,0.0070865657,0.7606239,0.014936397,0.24357904,0.09887195,0.027744096,0.008464301
375316653866487564,5543123657389059200,0.62650394,2238.666771813724,0.2718314008761957,6.8202858E-6,13.246787,9.0626697E-4,0.17199624,0.029279394,0.014564678,0.007609166,0.32497352,1.0455863,0.6727342,1.5225055E-4,0.015847072,2.3668837E-4,0.51612914,0.005342445,0.0018515073,0.0014803522,0.17199624,0.029279394,"TWOGAUSSIANS_WITH_ELLIPSOIDAL_ON_ECLIPSE1",9,30.126194,0.6727342,1.5225055E-4,0.088743605,0.0013254549,0.5198321,0.005263962,0.17199624,0.029279394,0.0815622,0.04261133,0.32867652,1.0461577
375316653866487564,5543123721802753280,0.66488,2230.653446374519,4.006700004085421,3.9948122E-6,17.633059,0.009473847,0.11693328,0.0012034973,0.042963658,0.0028945159,0.42370066,0.023884863,0.61168534,7.502516E-4,0.046847913,0.001944677,0.53287035,0.021100169,0.12062744,0.014651956,0.11693328,0.0012034973,"TWOGAUSSIANS_WITH_ELLIPSOIDAL_ON_ECLIPSE1",9,5.8014555,0.6120654,6.683261E-4,0.2623483,0.010890191,0.7738818,0.009803943,0.11693328,0.0012034973,0.24059649,0.01620929,0.6649553,0.010804515
375316653866487564,5543123726108526336,0.47232842,2243.174536597463,1.6577983573640747,1.758127E-5,15.156995,0.046509985,0.27369776,0.0044477824,0.24845956,0.04946513,0.41266292,0.046597708,0.7707568,0.0040162937,0.16037984,0.023458248,0.32978332,0.07668804,null,null,null,null,"TWOGAUSSIANS",8,28.561687,0.7707568,0.0040162937,0.4,0.0,0.09062261,0.005503507,0.27473778,0.0046540992,0.4,0.0,0.069901794,0.007680771
375316653866487564,5543123756162502528,0.58384645,2254.1761337267417,0.17686202278082025,6.3603225E-6,12.816642,0.0046189213,0.23373052,0.0018409931,0.04654602,0.007815084,0.33446962,0.075715944,0.74328643,0.0029905057,0.03340564,0.005835679,0.14347109,0.018208135,0.09330646,0.00750282,0.23373052,0.0018409931,"TWOGAUSSIANS_WITH_ELLIPSOIDAL_ON_ECLIPSE1",9,173.65274,0.23373052,0.0018409931,0.26065773,0.043764472,0.5210819,0.08189454,0.74328643,0.0029905057,0.18707158,0.032679804,0.32941145,0.023287011
375316653866487564,5543124718234668288,0.43881774,2242.180643066237,0.5788797450325998,3.7335212E-5,19.416544,0.009250794,0.3006774,0.021227298,0.0049746805,0.012039911,0.06477048,0.058912996,0.72336316,0.00911018,0.051317174,0.0062094484,0.4334189,0.047750343,null,null,null,null,"TWOGAUSSIANS",8,5.7580786,0.72336316,0.00911018,0.2873762,0.03477291,0.4334189,0.047750343,0.3006774,0.021227298,0.02785821,0.0674235,0.06477048,0.058912996
375316653866487564,5543124718235182976,0.49882331,2206.7400495155875,0.9356226392079978,3.314015E-5,18.329975,0.009704246,0.35067087,0.0069344523,0.027407449,0.016406102,0.80358005,5.7772565,0.82884353,0.009321803,0.037705764,0.010436482,0.11163661,0.016976165,null,null,null,null,"TWOGAUSSIANS",8,19.909214,0.35067087,0.0069344523,0.1534817,0.091874175,0.80358005,5.7772565,0.82884353,0.009321803,0.21115227,0.058444295,0.11163661,0.016976165
375316653866487564,5543125375375943680,0.5653712,2236.919242786805,0.34598237832775597,4.836669E-5,16.807037,0.0020750114,0.17783596,0.025491789,0.026162226,0.012209945,0.030185325,0.032994393,0.4824662,2.9547515E-5,0.0052422993,2.4990919E-5,0.6123179,0.0022154457,null,null,null,null,"TWOGAUSSIANS",8,20.304432,0.4824662,2.9547515E-5,0.029356875,1.3994914E-4,0.6123179,0.0022154457,0.17783596,0.025491789,0.14650846,0.0683757,0.030185325,0.032994393
375316653866487564,5543125989545022848,0.53074116,2212.6100905746043,1.1183771467739219,1.3186682E-5,19.154362,0.005209296,0.403572,0.0012047192,0.027843846,0.0010961957,0.4199052,0.01457447,null,null,null,null,null,null,null,null,null,null,"ONEGAUSSIAN",5,2.4913335,0.403572,0.0012047192,0.15592554,0.006138696,0.4199052,0.0,null,null,null,null,null,null
375316653866487564,5543126814179241856,0.51255804,2232.5336029980513,0.7337325036491186,1.4672137E-5,12.897579,8.124552E-4,0.1429286,0.010834821,0.029852131,0.0031247307,0.15571436,0.06462113,null,null,null,null,null,null,null,null,null,null,"ONEGAUSSIAN",5,54.75344,0.1429286,0.010834821,0.16717194,0.017498491,0.15571436,0.0,null,null,null,null,null,null
375316653866487564,5543129120587239552,0.5023127,2221.774952608601,2.724326549867891,3.6007111E-6,15.345461,0.016647257,0.28359404,0.0014459658,0.054833557,0.0031385592,0.5294266,0.03960853,0.79226136,0.0023479199,0.0512113,0.004050621,0.40163288,0.038095016,0.10564781,0.021540193,0.28359404,0.0014459658,"TWOGAUSSIANS_WITH_ELLIPSOIDAL_ON_ECLIPSE1",9,87.07355,0.28359404,0.0014459658,0.30706793,0.01757593,0.7407047,0.018549966,0.79226136,0.0023479199,0.28678328,0.022683477,0.61228496,0.009008929
