Gaia/vari_eclipsing_binary/VariEclipsingBinary_637221-637342.csv
# %ECSV 1.0
# ---
# delimiter: ','
# meta: !!omap
# - RELEASE: Gaia DR3
# - TABLE: vari_eclipsing_binary
# - DESCRIPTION: >
#     This table describes the properties of the eclipsing binaries resulting from the variability analysis. 
# - CITATION: >
#     How to cite and acknowledge Gaia: 
#     https://gea.esac.esa.int/archive/documentation/credits.html 
# - KNOWN_ISSUES: >
#     Known issues: 
#     https://www.cosmos.esa.int/web/gaia-users/known-issues 
# - DOCUMENTATION: >
#     Tutorials and documentation: 
#     https://www.cosmos.esa.int/web/gaia-users/archive 
# datatype:
# - 
#   name: solution_id
#   datatype: int64
#   description: Solution Identifier
#   meta:
#     ucd: meta.version
# - 
#   name: source_id
#   datatype: int64
#   description: Unique source identifier
#   meta:
#     ucd: meta.id;meta.main
# - 
#   name: global_ranking
#   datatype: float32
#   description: Number between 0 (worst) and 1 (best)
#   meta:
#     ucd: stat.param
# - 
#   name: reference_time
#   datatype: float64
#   unit: d
#   description: Reference time used for the geometric model fit
#   meta:
#     ucd: time.epoch
# - 
#   name: frequency
#   datatype: float64
#   unit: d**-1
#   description: Frequency of geometric model of the eclipsing binary light curve
#   meta:
#     ucd: src.orbital
# - 
#   name: frequency_error
#   datatype: float32
#   unit: d**-1
#   description: "Uncertainty of \\texttt{frequency}"
#   meta:
#     ucd: stat.error
# - 
#   name: geom_model_reference_level
#   datatype: float32
#   unit: mag
#   description: Magnitude reference level of geometric model
#   meta:
#     ucd: phot.mag;em.opt
# - 
#   name: geom_model_reference_level_error
#   datatype: float32
#   unit: mag
#   description: "Uncertainty of \\texttt{geomModelReferenceLevel}"
#   meta:
#     ucd: stat.error;phot.mag;em.opt
# - 
#   name: geom_model_gaussian1_phase
#   datatype: float32
#   description: Phase of the Gaussian 1 component
#   meta:
#     ucd: time.phase
# - 
#   name: geom_model_gaussian1_phase_error
#   datatype: float32
#   description: "Uncertainty of \\texttt{geomModelGaussian1Phase}"
#   meta:
#     ucd: stat.error;time.phase
# - 
#   name: geom_model_gaussian1_sigma
#   datatype: float32
#   description: "Standard deviation [phase] of Gaussian 1 component"
#   meta:
#     ucd: stat.stdev
# - 
#   name: geom_model_gaussian1_sigma_error
#   datatype: float32
#   description: "Uncertainty of \\texttt{geomModelGaussian1Sigma}"
#   meta:
#     ucd: stat.error
# - 
#   name: geom_model_gaussian1_depth
#   datatype: float32
#   unit: mag
#   description: Magnitude depth of Gaussian 1 component
#   meta:
#     ucd: src.var.amplitude
# - 
#   name: geom_model_gaussian1_depth_error
#   datatype: float32
#   unit: mag
#   description: "Uncertainty of \\texttt{geomModelGaussian1Depth}"
#   meta:
#     ucd: stat.error;src.var.amplitude
# - 
#   name: geom_model_gaussian2_phase
#   datatype: float32
#   description: Phase of Gaussian 2 component
#   meta:
#     ucd: time.phase
# - 
#   name: geom_model_gaussian2_phase_error
#   datatype: float32
#   description: "Uncertainty of \\texttt{geomModelGaussian2Phase}"
#   meta:
#     ucd: stat.error;time.phase
# - 
#   name: geom_model_gaussian2_sigma
#   datatype: float32
[...]
#   datatype: float32
#   description: "Secondary eclipse: uncertainty of \\texttt{derivedSecondaryEclDuration}"
#   meta:
#     ucd: stat.error;time.duration
# - 
#   name: derived_secondary_ecl_depth
#   datatype: float32
#   unit: mag
#   description: "Secondary eclipse: depth"
#   meta:
#     ucd: src.var.amplitude
# - 
#   name: derived_secondary_ecl_depth_error
#   datatype: float32
#   unit: mag
#   description: "Secondary eclipse: uncertainty of \\texttt{derivedSecondaryEclDepth}"
#   meta:
#     ucd: stat.error;src.var.amplitude
solution_id,source_id,global_ranking,reference_time,frequency,frequency_error,geom_model_reference_level,geom_model_reference_level_error,geom_model_gaussian1_phase,geom_model_gaussian1_phase_error,geom_model_gaussian1_sigma,geom_model_gaussian1_sigma_error,geom_model_gaussian1_depth,geom_model_gaussian1_depth_error,geom_model_gaussian2_phase,geom_model_gaussian2_phase_error,geom_model_gaussian2_sigma,geom_model_gaussian2_sigma_error,geom_model_gaussian2_depth,geom_model_gaussian2_depth_error,geom_model_cosine_half_period_amplitude,geom_model_cosine_half_period_amplitude_error,geom_model_cosine_half_period_phase,geom_model_cosine_half_period_phase_error,model_type,num_model_parameters,reduced_chi2,derived_primary_ecl_phase,derived_primary_ecl_phase_error,derived_primary_ecl_duration,derived_primary_ecl_duration_error,derived_primary_ecl_depth,derived_primary_ecl_depth_error,derived_secondary_ecl_phase,derived_secondary_ecl_phase_error,derived_secondary_ecl_duration,derived_secondary_ecl_duration_error,derived_secondary_ecl_depth,derived_secondary_ecl_depth_error
[from data line 573]
375316653866487564,5605669032731726848,0.4809611,2209.9626236351064,3.3087453620497165,2.113932E-5,19.584188,0.01888867,0.2348785,0.009526919,0.081577316,0.00873485,0.2979291,0.026273716,0.73405296,0.0060866,0.07637335,0.013514576,0.25381956,0.022493567,null,null,null,null,"TWOGAUSSIANS",8,3.6265717,0.2348785,0.009526919,0.4,0.0,0.29431456,0.023888772,0.73405296,0.0060866,0.4,0.012864029,0.250205,0.022405293
375316653866487564,5605669376328994816,0.6068018,2215.295011627463,2.767762648727092,3.3037102E-6,18.654465,0.0061413404,0.25460702,0.0019976026,0.07781988,0.00260329,0.51799965,0.010038339,0.756003,0.0015345953,0.08201743,0.0019813424,0.4421246,0.0109145865,null,null,null,null,"TWOGAUSSIANS",8,1.8573164,0.25460702,0.0019976026,0.4,0.0,0.5110354,0.010137851,0.756003,0.0015345953,0.4,0.0,0.43516037,0.010939945
375316653866487564,5605670407121168768,0.45083258,2231.0151315202556,3.3516422832802397,1.7021988E-5,18.292835,0.17738941,0.2678489,0.0059225615,0.15732008,0.02297258,0.45919457,0.102746405,0.76164496,0.006151916,0.21716022,0.04665402,0.53212637,0.17218962,null,null,null,null,"TWOGAUSSIANS",8,5.854844,0.76164496,0.006151916,0.4,0.0,0.14186117,0.0075450237,0.2714889,0.0060049887,0.4,0.0,0.13833086,0.012439191
375316653866487564,5605673048522906368,0.5728203,2265.66671898125,2.866550378591299,1.7925326E-5,19.18518,0.009297061,0.25133136,0.0021233223,0.035918053,0.0027847649,0.79748625,0.08378469,0.74472964,0.0050058383,0.03488623,0.005746332,0.16981378,0.05315511,0.058508046,0.012302166,0.25133136,0.0021233223,"TWOGAUSSIANS_WITH_ELLIPSOIDAL_ON_ECLIPSE1",9,2.93153,0.25133136,0.0021233223,0.2011411,0.015594683,0.9145022,0.09245057,0.74513966,0.004698623,0.19536288,0.03217946,0.286641,0.046670504
375316653866487564,5605673087186899712,0.58445805,2266.7065684239756,0.498679286703728,3.8808407E-6,18.093641,0.0026761277,0.1534545,0.0012173229,0.009875338,4.162297E-4,0.47347647,0.047237627,0.7005866,7.425379E-5,0.017131632,1.5011067E-4,0.5920521,0.0017789801,null,null,null,null,"TWOGAUSSIANS",8,3.3584921,0.7005866,7.425379E-5,0.09593714,8.406198E-4,0.5920521,0.0017789801,0.1534545,0.0012173229,0.05530189,0.0023308864,0.47347647,0.047237627
375316653866487564,5605673087186900224,0.684794,2264.695603623663,0.3695544185558519,5.3375737E-5,15.756735,7.281203E-4,0.6027768,0.007896287,0.016677078,0.0073600244,0.005670375,0.002899417,0.8360384,2.2387147E-5,0.011761087,1.3718281E-4,0.4493377,0.0010483663,null,null,null,null,"TWOGAUSSIANS",8,4.354461,0.8360384,2.2387147E-5,0.06586209,7.682237E-4,0.4493377,0.0010483663,0.6027768,0.007896287,0.093391635,0.04121614,0.005670375,0.002899417
375316653866487564,5605674285473424256,0.6203883,2255.8450877097057,0.8263526519684277,2.9552348E-6,17.920624,0.0017878661,0.32046452,0.0020131473,0.022874305,0.0013564934,0.3680614,0.03044248,0.81944066,7.8879937E-4,0.022390762,5.816864E-4,0.5079326,0.007360607,null,null,null,null,"TWOGAUSSIANS",8,2.1718764,0.81944066,7.8879937E-4,0.12538826,0.0032574437,0.5079326,0.007360607,0.32046452,0.0020131473,0.1280961,0.0075963633,0.3680614,0.03044248
375316653866487564,5605675625503188864,0.43376982,2245.152709046633,3.1632394137287463,1.0164977E-5,17.865076,0.005088502,0.5195918,0.003646092,0.057681233,0.0039456477,0.12593883,0.00972948,0.7913584,0.050440203,0.06512183,0.037000284,0.023529042,0.015468678,null,null,null,null,"TWOGAUSSIANS",8,13.024789,0.5196018,0.0036402366,0.32301491,0.022095628,0.12594272,0.009730339,0.7913584,0.050440203,0.36468226,0.20606674,0.023530943,0.0154755255
375316653866487564,5605676725015052672,0.5580111,2258.8675127557754,0.6713561926612942,2.2382048E-6,18.622597,0.0037468888,0.14512953,0.026120882,0.024132399,0.017334241,0.10741643,0.083517425,0.63500834,0.0011654714,0.014170506,0.0011721423,0.54134876,0.04807138,null,null,null,null,"TWOGAUSSIANS",8,3.5365016,0.63500834,0.0011654714,0.07935484,0.006563997,0.54134876,0.04807138,0.14512953,0.026120882,0.13514143,0.09707175,0.10741643,0.083517425
375316653866487564,5605677038556864896,0.65055037,2264.1633028283172,3.8785877864075915,3.1564505E-6,16.704992,0.007685308,0.24938251,8.82065E-4,0.04934479,0.0018434074,0.44983888,0.019603059,0.7528044,8.828259E-4,0.0508707,0.0028671068,0.4575121,0.03222887,0.1065928,0.010273209,0.7528044,8.828259E-4,"TWOGAUSSIANS_WITH_ELLIPSOIDAL_ON_ECLIPSE2",9,16.340805,0.7528044,8.828259E-4,0.28487593,0.016055798,0.6706935,0.03575716,0.2496725,8.063842E-4,0.27633083,0.010323081,0.66293,0.014042738
375316653866487564,5605679615537112192,0.42498204,2229.7789609474025,2.528002645072552,2.737481E-5,19.76845,0.047540415,0.30517477,0.014400795,0.0959332,0.050262623,0.3069688,0.14671092,0.7897486,0.006887774,0.047392726,0.00731934,0.51148295,0.06721488,null,null,null,null,"TWOGAUSSIANS",8,20.63953,0.7897486,0.006887774,0.26539925,0.040988304,0.51043177,0.065021224,0.30517477,0.014400795,0.4,0.0,0.30591655,0.15044121
375316653866487564,5605682325652247040,0.42167282,2251.815205307159,2.69142213132793,5.893706E-5,18.331907,0.19735748,0.24005157,0.023955101,0.15713835,0.14470586,0.13538995,0.19407396,0.7681146,0.02025641,0.08993616,0.06962907,0.14490518,0.11532921,null,null,null,null,"TWOGAUSSIANS",8,9.971418,0.76917464,0.018882088,0.4,0.19583821,0.11995894,0.06075737,0.24005157,0.023915073,0.4,0.0,0.10846718,0.022924447
375316653866487564,5605682810993734912,0.54830486,2243.180892957091,3.452054843357896,8.6484644E-5,17.133615,0.0011377957,0.362148,2.3493589E-5,0.001595416,2.4629751E-5,0.20313723,0.001696111,0.5477883,0.030120272,0.062263377,0.024553781,0.00940397,0.00279719,null,null,null,null,"TWOGAUSSIANS",8,1.7491232,0.362148,2.3493589E-5,0.008934329,1.379266E-4,0.20324764,0.0017577573,0.5477883,0.030120272,0.34867492,0.13750118,0.00940397,0.00279719
375316653866487564,5605683669987190528,0.4990026,2267.899874015358,0.16096862430488046,1.0752246E-4,17.073578,0.0018385239,0.8256735,0.022524487,0.070885316,0.02356224,0.018025082,0.003979568,0.71321744,0.012701667,0.018720886,0.006854558,0.2204236,0.06481659,null,null,null,null,"TWOGAUSSIANS",8,4.534578,0.71339744,0.012587299,0.10483696,0.038385525,0.22555506,0.06566896,0.8256735,0.022528812,0.39695778,0.08165344,0.018025085,0.0039795674
375316653866487564,5605685521108076672,0.5053487,2263.2401094706224,2.0762161359529694,1.2818372E-5,17.716087,0.16762371,0.20608671,0.0030492353,0.16688116,0.02689488,0.34144792,0.14829573,0.7045008,0.0038116064,0.18821205,0.03156293,0.35529304,0.16025165,null,null,null,null,"TWOGAUSSIANS",8,2.527587,0.7045008,0.0038116064,0.4,0.0,0.10630895,0.0041827722,0.2067367,0.0031762954,0.4,0.0,0.10564305,0.00692829
375316653866487564,5605687140320792576,0.57608426,2242.8194553321814,2.610873708548386,6.51644E-6,16.566204,0.0054509207,0.18530256,0.0019756234,0.085608795,0.0054797293,0.12972102,0.0049724067,0.67554295,0.0039926674,0.099750385,0.004766305,0.19109002,0.005951478,null,null,null,null,"TWOGAUSSIANS",8,2.936652,0.67554295,0.0039926674,0.4,0.0,0.18383616,0.0043716365,0.18530256,0.0019756234,0.4,0.0,0.12246866,0.0046334984
375316653866487564,5605687690076681728,0.50247335,2263.662946902674,0.04050247117037424,4.8488495E-5,16.900291,0.0022077623,0.55602014,0.020846965,0.0077695944,0.0073286407,0.05186738,0.22751918,0.7430809,2.8048176E-4,0.0021270257,1.10004956E-4,0.6890703,0.057328653,null,null,null,null,"TWOGAUSSIANS",8,9.345299,0.7430809,2.8048176E-4,0.011911344,6.1602774E-4,0.6890703,0.057328653,0.55602014,0.020846965,0.04350973,0.041040387,0.05186738,0.22751918
375316653866487564,5605688686508908800,0.5949742,2242.066813769469,0.7057692131631811,7.187776E-6,16.99862,0.0012999931,0.24047707,0.0013132459,0.032993503,0.00229054,0.16361791,0.00781752,0.7323982,0.0046041254,0.024788724,0.0042694495,0.09582689,0.037907243,0.046617646,0.0031582618,0.24047707,0.0013132459,"TWOGAUSSIANS_WITH_ELLIPSOIDAL_ON_ECLIPSE1",9,2.8158238,0.24047707,0.0013132459,0.18476361,0.012827024,0.2568532,0.00853046,0.7327582,0.0046206955,0.13881685,0.023908919,0.18883294,0.038250107
375316653866487564,5605689511142589696,0.4752453,2257.608380281995,1.9204804869912286,6.003463E-5,14.817502,0.008782193,0.33883846,0.012822553,0.11086819,0.035976507,0.0462522,0.008985889,0.6516529,0.006474097,0.02563653,0.0040233,0.58364034,0.26930937,null,null,null,null,"TWOGAUSSIANS",8,162.73045,0.6516529,0.006474097,0.14356457,0.022530481,0.5845007,0.26928854,0.33883846,0.012822553,0.4,0.0,0.046248656,0.008994604
375316653866487564,5605689751660822016,0.59790534,2264.7337861294977,0.30969388906181483,5.1535235E-6,17.915628,0.0014355894,0.22184289,0.030071648,0.012877641,0.009392711,0.34109396,1.0897993,0.72742075,0.0012866592,0.014426031,6.4709724E-4,0.35499957,0.026937084,null,null,null,null,"TWOGAUSSIANS",8,1.4035523,0.72742075,0.0012866592,0.08078577,0.0036237447,0.35499957,0.026937084,0.22184289,0.030071648,0.07211479,0.052599184,0.34109396,1.0897993
375316653866487564,5605690571990555008,0.5151909,2252.7356666872274,0.6989877467108951,1.8140283E-5,15.411712,0.011596381,0.2959024,0.010484463,0.04260146,0.01006489,0.27497038,0.025440345,0.8118386,0.022273716,0.059456877,0.06484445,0.12068023,0.05618026,null,null,null,null,"TWOGAUSSIANS",8,111.66189,0.2959024,0.010484463,0.23856817,0.05636338,0.27496943,0.02497568,0.8118386,0.022273716,0.33295852,0.1034484,0.12067929,0.058018614
375316653866487564,5605691881964543872,0.4489601,2273.5813621962275,2.148546314387904,2.7586168E-5,14.779296,0.043470196,0.21894872,0.018693572,0.10580574,0.042363618,0.1102302,0.03656665,0.7520919,0.008466877,0.12153945,0.035308383,0.12063443,0.040615853,null,null,null,null,"TWOGAUSSIANS",8,58.802593,0.75212187,0.00835673,0.4,0.0,0.10588353,0.010311337,0.21873872,0.018109484,0.4,0.0,0.09555608,0.012299638
375316653866487564,5605692015099670784,0.44757456,2268.922275420434,0.1261542347361469,2.9145667E-5,18.820217,0.013147249,0.20849271,0.008916092,0.023597844,0.008187099,0.1128904,0.022316132,0.703155,0.017371867,0.120343864,0.026776867,0.14607857,0.013179799,null,null,null,null,"TWOGAUSSIANS",8,4.273891,0.703155,0.017371867,0.4,0.0,0.14562117,0.0123077715,0.20849271,0.00891691,0.13214792,0.045847755,0.112485975,0.021957483
375316653866487564,5605692053763205632,0.45499533,2263.5618038618386,1.8669260347463885,3.3442506E-5,18.033812,0.023019759,0.28265244,0.010679447,0.09990858,0.026272804,0.20750183,0.027483288,0.77075994,0.01276986,0.07401632,0.010018708,0.23851101,0.036782235,null,null,null,null,"TWOGAUSSIANS",8,24.024626,0.77075994,0.01276986,0.4,0.014438359,0.23280253,0.03229725,0.28265244,0.010679447,0.4,0.0,0.20179158,0.030117163
375316653866487564,5605692225557233536,0.5377156,2261.1463874130945,3.24250899016567,1.5266944E-5,19.522509,0.014056875,0.26324242,0.008282715,0.099245004,0.011959398,0.28457105,0.02071342,0.75974476,0.0041304743,0.08918788,0.006019486,0.33527327,0.014392544,null,null,null,null,"TWOGAUSSIANS",8,1.2723724,0.75974476,0.0041304743,0.4,0.0,0.31800413,0.008913473,0.26324242,0.008282715,0.4,0.0,0.26730025,0.021650933
375316653866487564,5605692947112073216,0.42214206,2246.3718934881617,3.5380469611784733,3.807876E-5,19.672686,0.007994321,null,null,null,null,null,null,null,null,null,null,null,null,0.10741657,0.0094832955,0.29663467,0.008583621,"ELLIPSOIDAL",4,6.1033034,null,null,null,null,null,null,null,null,null,null,null,null
375316653866487564,5605693221994428288,0.62561506,2241.104770770946,3.1010740613968197,3.7928937E-6,18.933508,0.011983678,0.2791711,0.0012870776,0.044097796,0.002692281,0.41977677,0.02916107,0.7760442,0.0023804193,0.04734979,0.003028661,0.4599544,0.03257764,0.13038905,0.017909616,0.2791711,0.0012870776,"TWOGAUSSIANS_WITH_ELLIPSOIDAL_ON_ECLIPSE1",9,2.4822843,0.77633417,0.0021325932,0.2651588,0.016960502,0.7206405,0.021802125,0.2791711,0.0012870776,0.24694766,0.015076774,0.68055433,0.01610947
375316653866487564,5605693595647656832,0.605881,2244.1189635192463,1.4319402182845369,7.273706E-6,18.206064,0.007918144,0.27031514,0.0024955124,0.091544,0.0042268345,0.23930897,0.008761217,0.77075124,0.002006726,0.07476077,0.0023305186,0.5068615,0.015267337,null,null,null,null,"TWOGAUSSIANS",8,2.0222247,0.77075124,0.002006726,0.4,0.0,0.4997484,0.014785637,0.27031514,0.0024955124,0.4,0.0,0.23219572,0.0074602547
375316653866487564,5605693904885416832,0.56036013,2226.005316987406,3.0175853169170432,7.245135E-6,16.79476,0.01996138,0.2461073,0.0017994058,0.10470995,0.008748998,0.24980675,0.01592614,0.7493536,0.0031634106,0.11076348,0.009793995,0.24411282,0.019430727,null,null,null,null,"TWOGAUSSIANS",8,6.568747,0.2461073,0.0018038362,0.4,0.0,0.21755728,0.006519318,0.7493536,0.0031634106,0.4,0.0,0.2118505,0.012414347
375316653866487564,5605694012268428032,0.4522958,2240.1786215122224,0.3623912760972882,1.1842847E-5,14.123946,0.0012252502,0.27979875,0.02211898,0.06250108,0.02622735,0.007101302,0.005479028,0.8507529,0.0037220502,0.006386816,0.005505848,0.11874204,325350.62,0.0022106615,0.0018087608,0.27979875,0.02211898,"TWOGAUSSIANS_WITH_ELLIPSOIDAL_ON_ECLIPSE1",9,22.263437,0.8507529,0.0037220502,0.03576617,0.030832749,0.122338936,325350.62,0.27979875,0.02211898,0.35000604,0.13794881,0.011520258,0.0037476756
375316653866487564,5605695627176004608,0.60567534,2233.520723805465,2.3229928152233508,7.5339713E-6,15.572612,0.018254332,0.2830592,0.0013794354,0.06784551,0.007017117,0.19818272,0.037662286,0.7771391,0.003788164,0.062476315,0.009370054,0.20211032,0.0331727,0.08545423,0.019372046,0.2830592,0.0013794354,"TWOGAUSSIANS_WITH_ELLIPSOIDAL_ON_ECLIPSE1",9,38.300247,0.7783591,0.0029177496,0.34986737,0.052472305,0.372564,0.012051092,0.2830592,0.0013794354,0.37993488,0.039295856,0.36882392,0.017790895
375316653866487564,5605695970773374080,0.70581967,2247.5617156822614,2.4840898395179583,1.7888217E-6,16.416101,0.0033116867,0.26691973,4.6480197E-4,0.04627718,0.0015411528,0.3125683,0.010008443,0.76649857,9.48139E-4,0.043716554,0.0013283504,0.30162755,0.008427387,0.14325692,0.0044562714,0.26691973,4.6480197E-4,"TWOGAUSSIANS_WITH_ELLIPSOIDAL_ON_ECLIPSE1",9,6.1584735,0.26691973,4.6480197E-4,0.2591522,0.008630456,0.5990819,0.010726022,0.7665485,8.452025E-4,0.24481271,0.007438762,0.58813936,0.0052678687
375316653866487564,5605698994430653056,0.5911655,2259.360022898665,3.056791764258384,1.0432294E-5,15.893887,0.011157419,0.2557985,0.0038974222,0.09433281,0.004847718,0.39989665,0.01357106,0.7575808,0.0019028821,0.08800853,0.003576125,0.43372205,0.011229453,null,null,null,null,"TWOGAUSSIANS",8,48.228275,0.7575808,0.0019028821,0.4,0.0,0.4148809,0.008486062,0.2557985,0.0038974222,0.4,0.0,0.38105494,0.010708452
375316653866487564,5605699372387780992,0.57380986,2269.595566436145,3.7074023885271874,1.0795081E-5,16.260822,0.014367159,0.17735864,0.0026890286,0.09440033,0.0067597935,0.22398835,0.012599445,0.6730008,0.0045564813,0.09553192,0.007474766,0.27121887,0.016682627,null,null,null,null,"TWOGAUSSIANS",8,19.620922,0.6730008,0.0045564813,0.4,0.0,0.25671217,0.013711267,0.17735864,0.0026890286,0.4,0.0,0.20948191,0.0074071446
375316653866487564,5605700506259019520,0.52520436,2249.6635037831643,0.2158644153636786,1.541353E-5,12.960519,7.805034E-4,0.49695885,0.004532621,0.011831397,0.00201392,0.116433114,0.022600694,0.8355053,0.00432675,0.011900439,0.0012640349,0.16107567,0.055116963,null,null,null,null,"TWOGAUSSIANS",8,29.857874,0.8355053,0.00432675,0.066642456,0.0070785955,0.16107567,0.055116963,0.49695885,0.004532621,0.06625582,0.011277952,0.116433114,0.022600694
375316653866487564,5605701262173296128,0.5881603,2260.3740794856394,0.11980557454355314,6.164692E-5,17.003757,0.0011532214,0.121565334,0.026156465,0.018773442,0.012364455,0.36924997,0.18677889,0.56814593,8.3072786E-4,0.0056042,7.8709185E-4,0.15636906,0.12708522,null,null,null,null,"TWOGAUSSIANS",8,2.2273476,0.121565334,0.026156465,0.105131276,0.06924095,0.36924997,0.18677889,0.56814593,8.3072786E-4,0.03138352,0.0044077146,0.15636906,0.12708522
