Gaia/vari_eclipsing_binary/VariEclipsingBinary_641988-642278.csv
# %ECSV 1.0
# ---
# delimiter: ','
# meta: !!omap
# - RELEASE: Gaia DR3
# - TABLE: vari_eclipsing_binary
# - DESCRIPTION: >
#     This table describes the properties of the eclipsing binaries resulting from the variability analysis. 
# - CITATION: >
#     How to cite and acknowledge Gaia: 
#     https://gea.esac.esa.int/archive/documentation/credits.html 
# - KNOWN_ISSUES: >
#     Known issues: 
#     https://www.cosmos.esa.int/web/gaia-users/known-issues 
# - DOCUMENTATION: >
#     Tutorials and documentation: 
#     https://www.cosmos.esa.int/web/gaia-users/archive 
# datatype:
# - 
#   name: solution_id
#   datatype: int64
#   description: Solution Identifier
#   meta:
#     ucd: meta.version
# - 
#   name: source_id
#   datatype: int64
#   description: Unique source identifier
#   meta:
#     ucd: meta.id;meta.main
# - 
#   name: global_ranking
#   datatype: float32
#   description: Number between 0 (worst) and 1 (best)
#   meta:
#     ucd: stat.param
# - 
#   name: reference_time
#   datatype: float64
#   unit: d
#   description: Reference time used for the geometric model fit
#   meta:
#     ucd: time.epoch
# - 
#   name: frequency
#   datatype: float64
#   unit: d**-1
#   description: Frequency of geometric model of the eclipsing binary light curve
#   meta:
#     ucd: src.orbital
# - 
#   name: frequency_error
#   datatype: float32
#   unit: d**-1
#   description: "Uncertainty of \\texttt{frequency}"
#   meta:
#     ucd: stat.error
# - 
#   name: geom_model_reference_level
#   datatype: float32
#   unit: mag
#   description: Magnitude reference level of geometric model
#   meta:
#     ucd: phot.mag;em.opt
# - 
#   name: geom_model_reference_level_error
#   datatype: float32
#   unit: mag
#   description: "Uncertainty of \\texttt{geomModelReferenceLevel}"
#   meta:
#     ucd: stat.error;phot.mag;em.opt
# - 
#   name: geom_model_gaussian1_phase
#   datatype: float32
#   description: Phase of the Gaussian 1 component
#   meta:
#     ucd: time.phase
# - 
#   name: geom_model_gaussian1_phase_error
#   datatype: float32
#   description: "Uncertainty of \\texttt{geomModelGaussian1Phase}"
#   meta:
#     ucd: stat.error;time.phase
# - 
#   name: geom_model_gaussian1_sigma
#   datatype: float32
#   description: "Standard deviation [phase] of Gaussian 1 component"
#   meta:
#     ucd: stat.stdev
# - 
#   name: geom_model_gaussian1_sigma_error
#   datatype: float32
#   description: "Uncertainty of \\texttt{geomModelGaussian1Sigma}"
#   meta:
#     ucd: stat.error
# - 
#   name: geom_model_gaussian1_depth
#   datatype: float32
#   unit: mag
#   description: Magnitude depth of Gaussian 1 component
#   meta:
#     ucd: src.var.amplitude
# - 
#   name: geom_model_gaussian1_depth_error
#   datatype: float32
#   unit: mag
#   description: "Uncertainty of \\texttt{geomModelGaussian1Depth}"
#   meta:
#     ucd: stat.error;src.var.amplitude
# - 
#   name: geom_model_gaussian2_phase
#   datatype: float32
#   description: Phase of Gaussian 2 component
#   meta:
#     ucd: time.phase
# - 
#   name: geom_model_gaussian2_phase_error
#   datatype: float32
#   description: "Uncertainty of \\texttt{geomModelGaussian2Phase}"
#   meta:
#     ucd: stat.error;time.phase
# - 
#   name: geom_model_gaussian2_sigma
#   datatype: float32
[...]
#   datatype: float32
#   description: "Secondary eclipse: uncertainty of \\texttt{derivedSecondaryEclDuration}"
#   meta:
#     ucd: stat.error;time.duration
# - 
#   name: derived_secondary_ecl_depth
#   datatype: float32
#   unit: mag
#   description: "Secondary eclipse: depth"
#   meta:
#     ucd: src.var.amplitude
# - 
#   name: derived_secondary_ecl_depth_error
#   datatype: float32
#   unit: mag
#   description: "Secondary eclipse: uncertainty of \\texttt{derivedSecondaryEclDepth}"
#   meta:
#     ucd: stat.error;src.var.amplitude
solution_id,source_id,global_ranking,reference_time,frequency,frequency_error,geom_model_reference_level,geom_model_reference_level_error,geom_model_gaussian1_phase,geom_model_gaussian1_phase_error,geom_model_gaussian1_sigma,geom_model_gaussian1_sigma_error,geom_model_gaussian1_depth,geom_model_gaussian1_depth_error,geom_model_gaussian2_phase,geom_model_gaussian2_phase_error,geom_model_gaussian2_sigma,geom_model_gaussian2_sigma_error,geom_model_gaussian2_depth,geom_model_gaussian2_depth_error,geom_model_cosine_half_period_amplitude,geom_model_cosine_half_period_amplitude_error,geom_model_cosine_half_period_phase,geom_model_cosine_half_period_phase_error,model_type,num_model_parameters,reduced_chi2,derived_primary_ecl_phase,derived_primary_ecl_phase_error,derived_primary_ecl_duration,derived_primary_ecl_duration_error,derived_primary_ecl_depth,derived_primary_ecl_depth_error,derived_secondary_ecl_phase,derived_secondary_ecl_phase_error,derived_secondary_ecl_duration,derived_secondary_ecl_duration_error,derived_secondary_ecl_depth,derived_secondary_ecl_depth_error
[from data line 600]
375316653866487564,5648889666587607040,0.51711977,2220.7321754114027,1.1316138229765673,7.140161E-6,17.39188,0.0023372325,0.27412045,0.0011539973,0.031656247,0.0025660356,0.20627423,0.020482946,0.77761185,0.005800125,0.01944614,0.009443107,0.013565369,0.014619627,0.03814966,0.0051484243,0.77761185,0.005800125,"TWOGAUSSIANS_WITH_ELLIPSOIDAL_ON_ECLIPSE2",9,10.689458,0.27422047,0.0010767188,0.17727497,0.0143698,0.28253785,0.021402065,0.77761185,0.005800125,0.10889839,0.0528814,0.089864664,0.01410476
375316653866487564,5648892174848592000,0.544153,2233.2994550509347,2.956195005798806,1.4883251E-5,16.393559,0.00762849,0.24286059,0.0041825436,0.09405315,0.0066772997,0.21856995,0.0076144226,0.7426901,0.0036860877,0.08911454,0.0049634282,0.21453722,0.0096741915,null,null,null,null,"TWOGAUSSIANS",8,17.024395,0.24286059,0.0041825436,0.4,0.0,0.20816222,0.005286815,0.7426901,0.0036860877,0.4,0.0,0.20412974,0.008016797
375316653866487564,5648896779053323264,0.52471125,2223.277093122747,0.8317947960289814,6.146657E-6,16.05282,0.0038489741,0.22563437,0.0021572434,0.028173871,0.0050018416,0.16436203,0.014506838,0.7247347,0.0019839555,0.025460098,0.0012230497,0.46006414,0.034667898,null,null,null,null,"TWOGAUSSIANS",8,66.792145,0.7247347,0.0019839555,0.14257655,0.006849078,0.46006414,0.034667898,0.22563437,0.0021572434,0.15777367,0.028010312,0.16436203,0.014506838
375316653866487564,5648904372555707264,0.6336091,2218.097423351046,3.3237211074691135,2.5670647E-6,16.786304,0.008291869,0.2028983,0.0013685639,0.042496648,0.0028608295,0.4556408,0.023156518,0.70044214,6.123672E-4,0.046836674,0.0014778347,0.50986433,0.01704427,0.1383527,0.011537295,0.2028983,0.0013685639,"TWOGAUSSIANS_WITH_ELLIPSOIDAL_ON_ECLIPSE1",9,25.358898,0.7006521,4.9924763E-4,0.26228538,0.008275874,0.7865092,0.009856925,0.2028983,0.0013685639,0.23798122,0.016020644,0.73234594,0.023739204
375316653866487564,5648907224415504128,0.62028867,2224.437631184075,3.498992741962453,2.8045345E-6,17.30407,0.01485486,0.2812427,0.0021115434,0.04967307,0.0056036455,0.42553964,0.026781296,0.78340274,9.1456866E-4,0.05275472,0.0023421887,0.55218613,0.035305962,0.098081596,0.02162468,0.2812427,0.0021115434,"TWOGAUSSIANS_WITH_ELLIPSOIDAL_ON_ECLIPSE1",9,12.596433,0.78340274,9.1031054E-4,0.29542643,0.013116257,0.748305,0.011125815,0.2812427,0.0021115434,0.27816918,0.031380415,0.6216947,0.045861695
375316653866487564,5648907838589220096,0.5221318,2213.1005233245146,4.424914213556176,1.5478514E-5,19.299505,0.0103684105,0.1469375,0.005279102,0.08367883,0.008216027,0.33276585,0.014743229,0.6466503,0.004651457,0.0717969,0.004516517,0.4570945,0.018380687,null,null,null,null,"TWOGAUSSIANS",8,2.9553227,0.6466503,0.004651457,0.4,0.011085107,0.45277014,0.017977828,0.1469375,0.005279102,0.4,0.0,0.3284415,0.015138042
375316653866487564,5648911931697777024,0.5619238,2227.148315973573,1.3746185969491118,6.3832485E-6,17.28264,0.0177067,0.2835152,0.0023129128,0.12487212,0.0073127667,0.29470998,0.016674053,0.76144123,0.0013967009,0.093582995,0.0038731243,0.47917426,0.016293185,null,null,null,null,"TWOGAUSSIANS",8,6.597042,0.76144123,0.0013967009,0.4,0.0,0.43871626,0.011456858,0.2835152,0.0023129128,0.4,0.0,0.2540116,0.007063418
375316653866487564,5648925503796266496,0.4700273,2236.4582282177753,2.9957676201880745,1.3566488E-5,16.69204,0.0085721295,0.21422987,0.0040342566,0.05699496,0.01917416,0.027839698,0.018806655,0.77115923,0.061020184,0.0423179,0.040446945,0.042127326,0.02130196,0.06474243,0.010241729,0.21422987,0.0040342566,"TWOGAUSSIANS_WITH_ELLIPSOIDAL_ON_ECLIPSE1",9,19.036545,0.21422987,0.0040342566,0.3191718,0.107375294,0.15732247,0.005763477,0.77115923,0.05797884,0.23698024,0.16591702,0.15573744,0.028922793
375316653866487564,5648926431509216640,0.56086624,2239.116449724337,0.5014703103132253,4.638877E-6,12.046486,0.0011220856,0.2874742,9.817503E-4,0.021645542,0.0012015154,0.13030505,0.01754772,0.7934678,0.0056333463,0.02370088,0.021139883,0.07919686,null,0.019317502,0.0014313231,0.7934678,0.0056333463,"TWOGAUSSIANS_WITH_ELLIPSOIDAL_ON_ECLIPSE2",9,46.842148,0.28753418,9.450338E-4,0.12121503,0.0067284866,0.16888587,0.018018732,0.7934678,0.0056333463,0.13272493,0.11838334,0.117831856,null
375316653866487564,5648938423057527296,0.45807227,2244.2102160018503,0.12202693686908547,5.6934955E-6,17.152218,0.001405401,0.18775317,0.0010501029,0.0049808165,8.7326305E-4,0.101028755,0.0150622185,0.69187665,0.016130732,0.07147466,0.01332434,0.031209234,0.006270344,null,null,null,null,"TWOGAUSSIANS",8,5.1950016,0.18775317,0.0010501029,0.027892571,0.0048902733,0.101028755,0.0150622185,0.69187665,0.016130732,0.4,0.056271557,0.031209234,0.006270344
375316653866487564,5648942713723670016,0.52645487,2200.011247459559,2.140609193459517,1.2393324E-5,18.479958,0.013645238,0.27831152,0.0049792556,0.10142649,0.012784698,0.14383197,0.012591349,0.77896595,0.0031046905,0.09046272,0.007632881,0.19920008,0.012742198,null,null,null,null,"TWOGAUSSIANS",8,1.6339862,0.77896595,0.0031046905,0.4,0.0,0.18811317,0.008394904,0.27831152,0.0049792556,0.4,0.0,0.13274363,0.008457266
375316653866487564,5648944126774355072,0.51599354,2196.0626494762655,0.7099116990330625,2.1434664E-5,16.6111,8.3026284E-4,0.09033148,0.01725644,0.02271362,0.013374344,0.004091549,0.0042462465,0.8076108,0.0016897551,0.017350988,0.0014812517,0.06892349,0.003164042,0.00857089,0.001286106,0.8076108,0.0016897551,"TWOGAUSSIANS_WITH_ELLIPSOIDAL_ON_ECLIPSE2",9,1.9773206,0.8076108,0.0016897551,0.09716554,0.008295009,0.08606527,0.003262052,0.09709148,0.022627927,0.12719627,0.07489633,0.0049476675,0.004470824
375316653866487564,5648944401652306944,0.5790865,2214.7899690973804,2.697753216117716,1.0234451E-5,16.723793,0.0049595595,0.21411093,0.0076692523,0.04500408,0.010592332,0.1242986,0.022920303,0.70574856,0.0022707104,0.04461081,0.0057096956,0.13196659,0.01572486,0.09887846,0.009322425,0.70574856,0.0022707104,"TWOGAUSSIANS_WITH_ELLIPSOIDAL_ON_ECLIPSE2",9,21.47388,0.70574856,0.0022707104,0.24982053,0.031974293,0.32972315,0.009191192,0.21241093,0.005968633,0.25202283,0.059317064,0.32162017,0.022232976
375316653866487564,5648945329365199360,0.62349916,2211.7095463994146,1.9449487030735824,5.9757845E-6,14.303697,0.00715642,0.182336,0.0027605032,0.06216879,0.005177645,0.13985929,0.012922791,0.67637557,0.0017029024,0.05611354,0.005205354,0.08899487,0.015841682,0.07023306,0.0076915654,0.67637557,0.0017029024,"TWOGAUSSIANS_WITH_ELLIPSOIDAL_ON_ECLIPSE2",9,28.701427,0.180936,0.0020134372,0.34814522,0.028994814,0.2801407,0.0073088873,0.67637557,0.0017029024,0.31423584,0.029149985,0.22942704,0.0057174116
375316653866487564,5648950448965966080,0.6558873,2229.670878042943,1.5237607875063148,6.594776E-6,9.043808,0.005401235,0.22639273,0.001554921,0.038570415,0.0024539637,0.5480729,0.027961811,0.72951704,0.0033685344,0.03797277,0.0019219093,0.59554636,0.025782127,0.12655897,0.008546644,0.22639273,0.001554921,"TWOGAUSSIANS_WITH_ELLIPSOIDAL_ON_ECLIPSE1",9,98.03821,0.72951704,0.0033594144,0.21264751,0.0107626915,0.8485667,0.02336046,0.22639273,0.001554921,0.21599433,0.013742197,0.80119073,0.031019343
375316653866487564,5648951479758143360,0.5676707,2223.029962620644,3.7785255488216403,8.050273E-6,16.629576,0.0065730447,0.23131754,0.0017954475,0.04999385,0.010004006,0.07273255,0.013106643,0.7301054,0.0027881144,0.045575205,0.008064765,0.06305876,0.015064525,0.041856114,0.008529938,0.23131754,0.0017954475,"TWOGAUSSIANS_WITH_ELLIPSOIDAL_ON_ECLIPSE1",9,6.6961436,0.23131754,0.0017954475,0.27996555,0.056022435,0.1564444,0.010127491,0.7303254,0.0023155303,0.25522116,0.04516268,0.14676662,0.006266072
375316653866487564,5648952682349036672,0.5761972,2228.339252049574,1.2901170285989996,7.387412E-6,14.888663,0.005720847,0.25885624,0.0022933285,0.096210085,0.005762456,0.15185846,0.005203909,0.740784,0.00223005,0.086053334,0.0040718787,0.24788007,0.0067479624,null,null,null,null,"TWOGAUSSIANS",8,38.78072,0.740784,0.00223005,0.4,0.0,0.24119563,0.0063942703,0.25885624,0.0022933285,0.4,0.0,0.14517346,0.004117197
375316653866487564,5648953777559889536,0.47116393,2207.9411644242473,3.396761974944588,2.799061E-5,19.693861,0.036152508,0.3094827,0.009442307,0.09534435,0.015123256,0.3340538,0.033808127,0.7827111,0.0061069764,0.103960834,0.014583257,0.36438355,0.035001196,null,null,null,null,"TWOGAUSSIANS",8,3.1884646,0.7827111,0.0061069764,0.4,0.0,0.34314117,0.030125786,0.3094927,0.009427546,0.4,0.0,0.3128224,0.014555157
375316653866487564,5648957252194466944,0.6212815,2244.911869119274,2.5238329761395333,6.1477112E-6,16.493732,0.0055711144,0.2419606,0.0012502393,0.04643355,0.005260669,0.09940017,0.012903004,0.7325857,0.006611032,0.061306264,0.0045798426,0.1173512,0.01460706,0.10986423,0.007883329,0.2419606,0.0012502393,"TWOGAUSSIANS_WITH_ELLIPSOIDAL_ON_ECLIPSE1",9,10.2257805,0.73593575,0.0041302014,0.3433151,0.025647119,0.3365746,0.0072394176,0.2419606,0.0012502393,0.2600279,0.029459748,0.31911337,0.007032436
375316653866487564,5648958759721678720,0.4063414,2260.645185514953,3.267442488943764,8.4592604E-5,18.259714,0.008642589,null,null,null,null,null,null,null,null,null,null,null,null,0.061858572,0.014928872,0.2085099,0.011519974,"ELLIPSOIDAL",4,26.537695,null,null,null,null,null,null,null,null,null,null,null,null
375316653866487564,5648960069692579200,0.55855286,2231.765260755478,0.6828334027028039,1.7099983E-5,15.366286,9.1183203E-4,0.2633132,0.0044052866,0.030018335,0.0027949635,0.17594075,0.0077596325,0.7718742,0.0065704254,0.024780577,0.0067969523,0.020387866,0.008778088,0.009020391,0.0014073323,0.2633132,0.0044052866,"TWOGAUSSIANS_WITH_ELLIPSOIDAL_ON_ECLIPSE1",9,15.482581,0.2633132,0.0044052866,0.16810268,0.015651796,0.19398151,0.007074038,0.7718742,0.0065704254,0.13877124,0.038062934,0.03837647,0.008793793
375316653866487564,5648962367494422400,0.5216671,2240.427728700346,2.8145310914919524,1.51894665E-5,19.28281,0.009679925,0.21520923,0.0032921047,0.075464316,0.0037299905,0.53202456,0.012359277,0.73343205,0.0047818525,0.057812925,0.005416147,0.24945138,0.020893198,null,null,null,null,"TWOGAUSSIANS",8,3.991359,0.21520923,0.0032921047,0.4,0.0,0.5316295,0.0122925425,0.73343205,0.0047818525,0.32375237,0.030330423,0.24905635,0.020944083
375316653866487564,5648965979567442176,0.6388506,2206.872078878946,2.341961968646946,3.8521393E-6,15.318493,0.0058786846,0.2647588,0.0016368309,0.10012549,0.0024517935,0.34865156,0.006246663,0.75509155,0.0010661532,0.09112381,0.0018487656,0.3864109,0.006333795,null,null,null,null,"TWOGAUSSIANS",8,17.856747,0.75509155,0.0010661532,0.4,0.0,0.36543804,0.00474852,0.2647588,0.0016368309,0.4,0.0,0.327676,0.0037585704
375316653866487564,5648968934504926080,0.594153,2205.505654866045,2.2743621216283327,6.2981394E-6,12.820513,0.024150722,0.2592032,0.0021907857,0.12998545,0.017051114,0.13910781,0.021946345,0.7458201,0.0019123049,0.11754105,0.009764548,0.16298966,0.023134748,null,null,null,null,"TWOGAUSSIANS",8,28.597614,0.7458201,0.0019123049,0.4,0.0,0.12839364,0.0027555174,0.25928319,0.0021380107,0.4,0.0,0.10437153,0.0026252244
375316653866487564,5648969827858189568,0.66176873,2228.6304394749886,0.3544231062139293,1.2517889E-5,15.309293,6.217064E-4,0.30686992,0.0031568808,0.017297743,0.0036480676,0.30832523,0.045946248,0.80686104,0.0011576429,0.015958615,0.0012450109,0.37815163,0.03191731,null,null,null,null,"TWOGAUSSIANS",8,5.308087,0.80686104,0.0011576429,0.08936824,0.0069720605,0.37815163,0.03191731,0.30686992,0.0031568808,0.09686736,0.020429177,0.30832523,0.045946248
375316653866487564,5648978550931566720,0.44531167,2219.5138063811087,3.235840768913114,2.653988E-5,16.837826,0.11281766,0.28645974,0.009840995,0.26528037,0.044460744,0.31707117,0.11114015,0.7769401,0.0058108713,0.14097714,0.015993392,0.2648536,0.060477495,null,null,null,null,"TWOGAUSSIANS",8,17.277637,0.7769401,0.0058108713,0.4,0.0,0.1145575,0.0063143102,0.28788975,0.009834529,0.4,0.0,0.060788013,0.0055533266
375316653866487564,5648979070627941248,0.51815635,2218.8655176138873,0.7248354736095406,3.4947647E-5,14.215823,0.0021558562,0.20319048,0.0034162663,0.028686307,0.0027617307,0.09976194,0.02019967,0.70407784,0.003916728,0.029064048,0.0024213453,0.27226588,0.022626437,null,null,null,null,"TWOGAUSSIANS",8,72.83302,0.70407784,0.003916728,0.16275866,0.013559534,0.27226588,0.022626437,0.20319048,0.0034162663,0.16064332,0.015465692,0.09976194,0.02019967
375316653866487564,5648981510169302400,0.47296154,2228.343365571416,1.9165047219583013,2.6419053E-5,17.63188,0.005402848,0.23665252,0.0038002816,0.03190522,0.005433643,0.20395184,0.02355021,0.7348447,0.017530879,0.031884324,0.012104037,0.07115203,0.026114604,0.030959459,0.0087993285,0.23665252,0.0038002816,"TWOGAUSSIANS_WITH_ELLIPSOIDAL_ON_ECLIPSE1",9,19.794724,0.23665252,0.0038002816,0.17866923,0.030428398,0.2658707,0.020536797,0.73496467,0.016912643,0.17855223,0.06778261,0.1330634,0.02644117
375316653866487564,5648983228151628928,0.5142462,2203.2607830342617,2.2306567906416834,1.2122485E-5,18.404484,0.013296912,0.29235503,0.006256758,0.0347768,0.005517296,0.4693364,0.05804607,0.793763,0.0013667748,0.032972842,0.003755019,0.7083225,0.15247425,0.038809545,0.018235657,0.29235503,0.006256758,"TWOGAUSSIANS_WITH_ELLIPSOIDAL_ON_ECLIPSE1",9,19.2025,0.793763,0.0013625411,0.18464792,0.021028107,0.78593546,0.16105272,0.29235503,0.006256758,0.19475007,0.030896857,0.5469554,0.054156404
375316653866487564,5648983567453918208,0.5106302,2225.675698756204,4.11271577525973,1.5570055E-5,19.851847,0.01058281,0.19044647,0.0037672354,0.081638485,0.0058113695,0.5157736,0.05872278,0.6848826,0.004760687,0.07937819,0.0053241067,0.4052982,0.01643598,null,null,null,null,"TWOGAUSSIANS",8,2.0031676,0.19044647,0.0037672354,0.4,0.0,0.50915414,0.060196593,0.6848826,0.004760687,0.4,0.0,0.39867872,0.015820747
375316653866487564,5648984155869088384,0.60322535,2239.0393923354136,3.1748327814315953,8.690652E-6,17.058905,0.004587816,0.31163946,0.0017143575,0.0396795,0.0051238467,0.12809774,0.013864779,0.8108845,0.0047014616,0.047018595,0.008851187,0.08979829,0.009509346,0.09198647,0.005582529,0.31163946,0.0017143575,"TWOGAUSSIANS_WITH_ELLIPSOIDAL_ON_ECLIPSE1",9,5.6452417,0.31163946,0.0017143575,0.22220519,0.02869354,0.31207058,0.011544285,0.81108445,0.003936082,0.2633041,0.04956665,0.27376807,0.0044730785
375316653866487564,5648984430746999808,0.4760414,2247.59902531226,2.4120682470816477,2.5957499E-5,17.99463,0.002957739,0.74409205,0.0042721685,0.051663563,0.012409682,0.034328572,0.012977258,null,null,null,null,null,null,0.061939005,0.005770684,0.74409205,0.0042721685,"ONEGAUSSIAN_WITH_ELLIPSOIDAL",6,8.330349,0.74409205,0.0042721685,0.28931597,0.069494225,0.15820625,0.012434459,null,null,null,null,null,null
375316653866487564,5648986080016001280,0.48993653,2198.417530290244,3.453897044361363,2.0861527E-5,19.798134,0.018482385,0.24102803,0.0076395655,0.087008774,0.008952776,0.3132448,0.025474846,0.7328559,0.0049510645,0.07933855,0.009740647,0.343788,0.026240611,null,null,null,null,"TWOGAUSSIANS",8,2.5722475,0.7328559,0.0049510645,0.4,0.0,0.3376361,0.0273712,0.24102803,0.0076395655,0.4,0.0,0.30709285,0.024070622
375316653866487564,5648987076446766720,0.51434594,2219.122229280755,0.37967090339996584,3.1250005E-5,12.914532,0.0013391163,0.34357098,0.011389635,0.016946817,0.020966055,0.10845184,0.09096305,0.84777564,0.0032736745,0.011016421,0.0046636323,0.1143413,0.016036084,0.0032326896,0.0021835372,0.34357098,0.011389635,"TWOGAUSSIANS_WITH_ELLIPSOIDAL_ON_ECLIPSE1",9,99.59394,0.84777564,0.0032736745,0.061691955,0.026116341,0.12080217,0.01701111,0.34357098,0.011389635,0.09490217,0.11740991,0.114917226,0.09259295
375316653866487564,5648988141598722304,0.58716094,2231.5038114682493,1.5302978879875662,3.88889E-6,14.342162,0.016220491,0.2733839,0.0020151709,0.11397835,0.006659269,0.20983279,0.01307215,0.79303074,0.0013106791,0.13447928,0.0072814506,0.21886636,0.014918692,null,null,null,null,"TWOGAUSSIANS",8,18.968494,0.7931007,0.0012865566,0.4,0.0,0.17090477,0.0027056648,0.27298388,0.0019254318,0.4,0.0,0.1623333,0.004233122
