Gaia/vari_eclipsing_binary/VariEclipsingBinary_708424-708791.csv
# %ECSV 1.0
# ---
# delimiter: ','
# meta: !!omap
# - RELEASE: Gaia DR3
# - TABLE: vari_eclipsing_binary
# - DESCRIPTION: >
#     This table describes the properties of the eclipsing binaries resulting from the variability analysis. 
# - CITATION: >
#     How to cite and acknowledge Gaia: 
#     https://gea.esac.esa.int/archive/documentation/credits.html 
# - KNOWN_ISSUES: >
#     Known issues: 
#     https://www.cosmos.esa.int/web/gaia-users/known-issues 
# - DOCUMENTATION: >
#     Tutorials and documentation: 
#     https://www.cosmos.esa.int/web/gaia-users/archive 
# datatype:
# - 
#   name: solution_id
#   datatype: int64
#   description: Solution Identifier
#   meta:
#     ucd: meta.version
# - 
#   name: source_id
#   datatype: int64
#   description: Unique source identifier
#   meta:
#     ucd: meta.id;meta.main
# - 
#   name: global_ranking
#   datatype: float32
#   description: Number between 0 (worst) and 1 (best)
#   meta:
#     ucd: stat.param
# - 
#   name: reference_time
#   datatype: float64
#   unit: d
#   description: Reference time used for the geometric model fit
#   meta:
#     ucd: time.epoch
# - 
#   name: frequency
#   datatype: float64
#   unit: d**-1
#   description: Frequency of geometric model of the eclipsing binary light curve
#   meta:
#     ucd: src.orbital
# - 
#   name: frequency_error
#   datatype: float32
#   unit: d**-1
#   description: "Uncertainty of \\texttt{frequency}"
#   meta:
#     ucd: stat.error
# - 
#   name: geom_model_reference_level
#   datatype: float32
#   unit: mag
#   description: Magnitude reference level of geometric model
#   meta:
#     ucd: phot.mag;em.opt
# - 
#   name: geom_model_reference_level_error
#   datatype: float32
#   unit: mag
#   description: "Uncertainty of \\texttt{geomModelReferenceLevel}"
#   meta:
#     ucd: stat.error;phot.mag;em.opt
# - 
#   name: geom_model_gaussian1_phase
#   datatype: float32
#   description: Phase of the Gaussian 1 component
#   meta:
#     ucd: time.phase
# - 
#   name: geom_model_gaussian1_phase_error
#   datatype: float32
#   description: "Uncertainty of \\texttt{geomModelGaussian1Phase}"
#   meta:
#     ucd: stat.error;time.phase
# - 
#   name: geom_model_gaussian1_sigma
#   datatype: float32
#   description: "Standard deviation [phase] of Gaussian 1 component"
#   meta:
#     ucd: stat.stdev
# - 
#   name: geom_model_gaussian1_sigma_error
#   datatype: float32
#   description: "Uncertainty of \\texttt{geomModelGaussian1Sigma}"
#   meta:
#     ucd: stat.error
# - 
#   name: geom_model_gaussian1_depth
#   datatype: float32
#   unit: mag
#   description: Magnitude depth of Gaussian 1 component
#   meta:
#     ucd: src.var.amplitude
# - 
#   name: geom_model_gaussian1_depth_error
#   datatype: float32
#   unit: mag
#   description: "Uncertainty of \\texttt{geomModelGaussian1Depth}"
#   meta:
#     ucd: stat.error;src.var.amplitude
# - 
#   name: geom_model_gaussian2_phase
#   datatype: float32
#   description: Phase of Gaussian 2 component
#   meta:
#     ucd: time.phase
# - 
#   name: geom_model_gaussian2_phase_error
#   datatype: float32
#   description: "Uncertainty of \\texttt{geomModelGaussian2Phase}"
#   meta:
#     ucd: stat.error;time.phase
# - 
#   name: geom_model_gaussian2_sigma
#   datatype: float32
[...]
#   datatype: float32
#   description: "Secondary eclipse: uncertainty of \\texttt{derivedSecondaryEclDuration}"
#   meta:
#     ucd: stat.error;time.duration
# - 
#   name: derived_secondary_ecl_depth
#   datatype: float32
#   unit: mag
#   description: "Secondary eclipse: depth"
#   meta:
#     ucd: src.var.amplitude
# - 
#   name: derived_secondary_ecl_depth_error
#   datatype: float32
#   unit: mag
#   description: "Secondary eclipse: uncertainty of \\texttt{derivedSecondaryEclDepth}"
#   meta:
#     ucd: stat.error;src.var.amplitude
solution_id,source_id,global_ranking,reference_time,frequency,frequency_error,geom_model_reference_level,geom_model_reference_level_error,geom_model_gaussian1_phase,geom_model_gaussian1_phase_error,geom_model_gaussian1_sigma,geom_model_gaussian1_sigma_error,geom_model_gaussian1_depth,geom_model_gaussian1_depth_error,geom_model_gaussian2_phase,geom_model_gaussian2_phase_error,geom_model_gaussian2_sigma,geom_model_gaussian2_sigma_error,geom_model_gaussian2_depth,geom_model_gaussian2_depth_error,geom_model_cosine_half_period_amplitude,geom_model_cosine_half_period_amplitude_error,geom_model_cosine_half_period_phase,geom_model_cosine_half_period_phase_error,model_type,num_model_parameters,reduced_chi2,derived_primary_ecl_phase,derived_primary_ecl_phase_error,derived_primary_ecl_duration,derived_primary_ecl_duration_error,derived_primary_ecl_depth,derived_primary_ecl_depth_error,derived_secondary_ecl_phase,derived_secondary_ecl_phase_error,derived_secondary_ecl_duration,derived_secondary_ecl_duration_error,derived_secondary_ecl_depth,derived_secondary_ecl_depth_error
[from data line 291]
375316653866487564,6234161630197899904,0.44359517,2099.3435314649864,3.8175898739208387,9.815895E-5,19.274351,0.014699575,0.25478452,4.1588894E-4,0.013556946,0.0027957046,0.5712505,0.3164355,0.68438995,0.021733742,0.06751269,0.042816516,0.19420215,0.04084448,null,null,null,null,"TWOGAUSSIANS",8,5.6586165,0.25478452,4.1588894E-4,0.0759189,0.015655946,0.5712505,0.31643516,0.68438995,0.021733742,0.37807107,0.14213614,0.19420215,0.040844537
375316653866487564,6234208222003484288,0.61885685,2100.1410341516453,1.3304032531940901,8.522219E-6,14.091359,0.0028573652,0.20338134,0.0022346487,0.033927936,0.0033549725,0.12312447,0.0075960844,0.7035266,0.021160815,0.037318423,0.006781481,0.41202775,0.2340447,0.013856497,0.003726136,0.20338134,0.0022346487,"TWOGAUSSIANS_WITH_ELLIPSOIDAL_ON_ECLIPSE1",9,32.817505,0.7035266,0.021160217,0.20898318,0.037976295,0.43974072,0.2305191,0.20338134,0.0022346487,0.18999644,0.018787846,0.15083745,0.00690217
375316653866487564,6234212650111194368,0.5234274,2148.9333162508347,2.399650512873303,3.904198E-5,19.40605,0.012327789,0.23800902,0.005154132,0.09044999,0.010802005,0.25929406,0.013379069,0.74232,0.008218579,0.07903479,0.011676505,0.26445633,0.072901666,null,null,null,null,"TWOGAUSSIANS",8,1.0769174,0.74232,0.008218579,0.4,0.014330239,0.2582181,0.07495104,0.23800902,0.005154132,0.4,0.0,0.25305572,0.012288479
375316653866487564,6234217945810289536,0.59613675,2130.832171537429,3.9262774159335576,1.35703485E-5,19.604193,0.01043357,0.21068034,0.0027987768,0.062923595,0.0037468602,0.6095975,0.012144147,0.70854425,0.0034356469,0.06560757,0.0035236152,0.54434264,0.019796964,null,null,null,null,"TWOGAUSSIANS",8,1.694286,0.21068034,0.0027987768,0.3523721,0.020982416,0.60903937,0.011977914,0.70854425,0.0034356469,0.3674024,0.019732246,0.5437845,0.019773144
375316653866487564,6234221686722427392,0.5340282,2132.994925170635,3.1096805064797457,1.3039704E-5,19.117712,0.030933302,0.25269935,0.0050408947,0.0900407,0.01300425,0.4968835,0.048905298,0.7618849,0.0020074549,0.078673944,0.0056500603,0.44459876,0.038977508,null,null,null,null,"TWOGAUSSIANS",8,2.3392186,0.25269935,0.0050408947,0.4,0.0,0.48697647,0.054922707,0.7618849,0.0020074549,0.4,0.0,0.43469197,0.033003077
375316653866487564,6234235739855438976,0.50323874,2090.37320386464,3.4321024206691453,2.5213938E-5,19.005373,0.026668143,0.29827854,0.008587834,0.104100786,0.014669127,0.2591583,0.029118095,0.80406004,0.007609535,0.090728365,0.015601586,0.28443414,0.036586627,null,null,null,null,"TWOGAUSSIANS",8,2.764466,0.80406004,0.007609538,0.4,0.0,0.26588428,0.04105176,0.29827854,0.008587834,0.4,0.0,0.24060337,0.020192184
375316653866487564,6234237217324291072,0.5730542,2145.518060295036,3.6245381414623794,1.2270088E-5,18.815092,0.024878027,0.2802608,0.008300865,0.08435601,0.009802346,0.36499494,0.028958302,0.7918411,0.00396061,0.09614013,0.011096647,0.31092757,0.020853225,null,null,null,null,"TWOGAUSSIANS",8,1.8061932,0.2802608,0.008300865,0.4,0.0,0.35296622,0.018861681,0.7918411,0.00396061,0.4,0.0,0.29889786,0.018096784
375316653866487564,6234242478662680576,0.6566033,2097.3265826160637,3.163768001777969,6.4142832E-6,14.126843,0.007835913,0.27417555,0.0013771178,0.04110406,0.027862564,0.1570307,73844.78,0.7595004,0.002136998,0.05730551,0.0038545325,0.15920879,0.021402648,0.05727234,0.013319897,0.27417555,0.0013771178,"TWOGAUSSIANS_WITH_ELLIPSOIDAL_ON_ECLIPSE1",9,23.526323,0.7618004,0.0013086221,0.32091084,0.021585383,0.2729303,0.007152986,0.27417555,0.0013771178,0.23018274,0.15603036,0.27157152,73844.78
375316653866487564,6234247873141700992,0.56449604,2096.8037176583107,4.315693648447852,1.1757261E-5,18.9702,0.017398685,0.23851159,0.0037581155,0.07311021,0.006295948,0.49006417,0.033835053,0.7517264,0.003179437,0.066647574,0.0055967327,0.46580055,0.020435836,null,null,null,null,"TWOGAUSSIANS",8,3.6870043,0.23851159,0.0037581155,0.4,0.009395566,0.48893672,0.034091234,0.7517264,0.003179437,0.37322643,0.031341705,0.4646731,0.020339409
375316653866487564,6234248693475725056,0.5699365,2134.365177764705,4.0637535303962835,1.3306641E-5,18.358751,0.019355778,0.25819504,0.008142654,0.08666874,0.015104904,0.4904344,0.022792278,0.74090207,0.0052968757,0.095180735,0.0069072917,0.3854211,0.022491544,null,null,null,null,"TWOGAUSSIANS",8,6.301608,0.25819504,0.008142654,0.4,0.0,0.47535503,0.027551,0.74090207,0.0052968757,0.4,0.0,0.37034068,0.017698895
375316653866487564,6234255363564076800,0.50522226,2118.7628211616197,1.2446662832423894,7.554466E-5,16.959713,0.0023221495,0.2934312,0.0063334415,0.039711732,0.01481483,0.093440615,0.04441622,0.7878294,0.0058702203,0.050265785,0.0067970594,0.16525806,0.023790065,null,null,null,null,"TWOGAUSSIANS",8,4.462652,0.7878294,0.0058702203,0.2814884,0.038063534,0.16525804,0.023790082,0.2934312,0.0063334415,0.2223857,0.08296305,0.09344058,0.044417795
375316653866487564,6234259967768326784,0.57177466,2145.4789147008164,3.0606000046163,4.422705E-5,18.69817,0.013849275,0.25885794,0.019457312,0.038534958,0.022370528,0.57033473,0.18663286,0.7441865,0.012450247,0.06360538,0.008617185,0.21376468,0.027120331,null,null,null,null,"TWOGAUSSIANS",8,4.6409383,0.25885794,0.019457312,0.21579577,0.12527496,0.57033294,0.18683244,0.7441865,0.012450247,0.35619015,0.048256233,0.21376285,0.027068673
375316653866487564,6234260380085192064,0.4440579,2111.8479725573384,2.6092405097161278,2.8261864E-5,16.273014,0.021317894,0.30433607,0.011785838,0.05011203,0.06873488,0.01291102,3.55840352E8,0.6913958,0.018275088,0.06692122,0.011862246,0.28353518,0.07010917,0.12599969,0.026593387,0.30433607,0.011785838,"TWOGAUSSIANS_WITH_ELLIPSOIDAL_ON_ECLIPSE1",9,94.21969,0.7153758,0.011189672,0.3747588,0.06344966,0.44703576,0.05955103,0.30433607,0.011785838,0.28062737,0.3849153,0.26490948,3.55840352E8
375316653866487564,6234263124566178048,0.46686268,2152.2027861652023,3.085809003001616,1.3033196E-5,18.359354,0.0046082158,0.37854964,0.008360712,0.039246336,0.0073170867,0.09339818,0.0032853493,0.7525582,0.0024933838,0.011941091,0.0025445514,0.30640545,0.12005898,null,null,null,null,"TWOGAUSSIANS",8,3.5885835,0.7525582,0.0024933838,0.066870116,0.014249488,0.30640545,0.12005898,0.37854964,0.008360712,0.21977948,0.040975686,0.09339818,0.0032853493
375316653866487564,6234270202672371840,0.6265852,2119.2621467635868,3.7538863519440384,1.2852409E-5,16.939327,0.026439784,0.22661981,0.0050069983,0.05336511,0.006373613,0.5246087,0.063483305,0.72578543,0.0036713807,0.052945867,0.0069382237,0.5503133,0.047287554,0.08593258,0.029037276,0.22661981,0.0050069983,"TWOGAUSSIANS_WITH_ELLIPSOIDAL_ON_ECLIPSE1",9,29.396582,0.72583544,0.0035762864,0.29649687,0.03885405,0.72215676,0.024735449,0.22661981,0.0050069983,0.29884464,0.035692234,0.69645655,0.026212573
375316653866487564,6234270688006587264,0.41015416,2072.52541273501,0.2967151539397713,7.914014E-5,16.160112,0.043610115,null,null,null,null,null,null,null,null,null,null,null,null,0.112960294,0.06471048,0.22263718,0.010848959,"ELLIPSOIDAL",4,578.9766,null,null,null,null,null,null,null,null,null,null,null,null
375316653866487564,6234286665285080704,0.59583,2087.4623702439267,2.57296433179239,8.214332E-6,18.699886,0.009267727,0.2706883,0.0018665675,0.039949108,0.0036049336,0.18205957,0.024011781,0.77177024,0.017988607,0.035857663,0.013650441,0.15166149,0.04753351,0.1156053,0.015426646,0.2706883,0.0018665675,"TWOGAUSSIANS_WITH_ELLIPSOIDAL_ON_ECLIPSE1",9,2.5849895,0.2706883,0.0018665675,0.223715,0.02018763,0.4132699,0.0108286925,0.77177024,0.01794249,0.2008029,0.076442465,0.38286114,0.048440773
375316653866487564,6234289070466817536,0.5716139,2114.886169696184,3.028223822861453,1.9870151E-5,17.309515,0.009861993,0.2808044,0.005850964,0.09294637,0.010869986,0.17786969,0.014410914,0.76907736,0.004262396,0.09046943,0.007945968,0.18078317,0.009440377,null,null,null,null,"TWOGAUSSIANS",8,3.1009116,0.76907736,0.004262396,0.4,0.0,0.17346703,0.0056410977,0.2808044,0.005850964,0.4,0.0,0.17055343,0.01597847
375316653866487564,6234289310985002240,0.5095035,2148.6010592845964,0.23202952712893365,1.28537695E-5,15.765998,0.006818147,0.21381256,0.0049835197,0.047874406,0.0120100705,0.08599715,0.032620985,0.83762485,0.0017090872,0.016589321,0.0031360306,0.24695596,0.020229949,0.012742837,0.009144804,0.21381256,0.0049835197,"TWOGAUSSIANS_WITH_ELLIPSOIDAL_ON_ECLIPSE1",9,80.750626,0.83762485,0.0017090872,0.0929002,0.017561771,0.25988886,0.020386754,0.21381256,0.0049835197,0.2680967,0.0672564,0.111482695,0.033846974
375316653866487564,6234292364704173952,0.52594644,2104.488441753052,3.796478559190205,1.5661954E-5,17.99439,0.02968852,0.2800128,0.008311152,0.06722681,0.009788201,0.5157676,0.036400635,0.78357327,0.0057501686,0.07774393,0.0074903425,0.6295478,0.040185858,null,null,null,null,"TWOGAUSSIANS",8,17.47032,0.78357327,0.0057501686,0.4,0.0,0.6268008,0.03959197,0.2800128,0.008311152,0.37647015,0.05481393,0.51302063,0.035359647
375316653866487564,6234298102780511616,0.50440836,2062.9908202996326,3.8489994733685977,2.6204318E-5,18.600225,0.0022508388,0.37576124,0.0023599109,0.047217365,0.0034407224,0.33865488,0.07999147,0.79950124,0.017058002,0.08343784,0.013614573,0.05253902,0.021811342,null,null,null,null,"TWOGAUSSIANS",8,1.1679467,0.37576124,0.0023599109,0.26441723,0.019268045,0.33864358,0.079997614,0.79950124,0.017058002,0.4,0.0,0.052527606,0.021818148
375316653866487564,6234305700580301056,0.46870095,2138.831810342009,3.666683433745137,3.848349E-5,17.792747,0.012177451,0.23647434,0.016072934,0.086071886,0.013522858,0.1545677,0.022913259,0.74330807,0.005013899,0.081435286,0.01801912,0.14556797,0.023394922,null,null,null,null,"TWOGAUSSIANS",8,9.112943,0.23647434,0.016072934,0.4,0.0,0.15148193,0.021668345,0.74330807,0.005013899,0.4,0.0052845804,0.1424822,0.025576789
375316653866487564,6234314354934769920,0.54831564,2082.511545137302,4.319549674049948,3.348347E-5,18.560724,0.0035793562,0.46685076,0.008434019,0.027307346,0.010920121,0.4190585,0.30034944,0.6704343,0.07942349,0.025075853,0.039650757,0.01853196,0.030115606,null,null,null,null,"TWOGAUSSIANS",8,1.5159532,0.46685076,0.008434019,0.15292114,0.06115268,0.4190585,0.30034944,0.6704343,0.07942349,0.14042477,0.22204424,0.01853196,0.030115603
375316653866487564,6234321918377149952,0.6790763,2115.546487571611,3.268685108903301,6.6312655E-6,17.277315,0.0081451135,0.24143428,0.0015382132,0.045813587,0.0056397957,0.28486124,0.020981275,0.7423606,0.013922294,0.043322556,0.012457536,0.23096842,0.030880705,0.12220971,0.010205752,0.24143428,0.0015382132,"TWOGAUSSIANS_WITH_ELLIPSOIDAL_ON_ECLIPSE1",9,3.1884751,0.24143428,0.0015382132,0.25655606,0.03158286,0.52928054,0.027994957,0.7423606,0.011599542,0.24260633,0.0697622,0.47537944,0.023335602
375316653866487564,6234327308558846336,0.5203239,2142.0958167868907,0.11694091485017158,2.0272587E-4,18.565239,0.010726811,0.5062979,0.0656583,0.06027287,0.030542988,0.3339501,0.088894054,0.89881647,0.0114121875,0.044808492,0.09998383,0.01690648,0.036956467,null,null,null,null,"TWOGAUSSIANS",8,2.8690252,0.5062979,0.0656583,0.33752805,0.070370935,0.33395007,0.08864525,0.89881647,0.0114121875,0.25092754,0.5599094,0.01690647,0.036970213
375316653866487564,6234328068770335872,0.4989588,2111.8833896516558,1.493062844093081,1.6549919E-5,17.10607,0.004699442,0.2248055,0.0038041885,0.056775536,0.00681339,0.109622024,0.004962354,0.7232001,0.02217215,0.04393916,0.041808482,0.029532831,0.012720993,null,null,null,null,"TWOGAUSSIANS",8,5.4790735,0.2248055,0.0038041885,0.317943,0.038154986,0.10962152,0.0048914766,0.7232001,0.02217215,0.2460593,0.21101211,0.029532328,0.012779781
375316653866487564,6234345764035625728,0.6346266,2158.0153656655843,4.130807735482601,7.4274367E-6,14.271246,0.012487638,0.25165367,0.0019408176,0.043013565,0.003824645,0.44048953,0.03526847,0.74735945,0.004667479,0.050554387,0.011535069,0.23673043,0.056162663,0.1453537,0.014969336,0.74735945,0.004667479,"TWOGAUSSIANS_WITH_ELLIPSOIDAL_ON_ECLIPSE2",9,143.13911,0.2512737,0.0016090653,0.24087597,0.021418013,0.7310025,0.037325755,0.74735945,0.004667479,0.28310457,0.064596385,0.5274364,0.05560726
375316653866487564,6234353009644002432,0.47386205,2170.8741282668857,3.4029832727743874,4.557064E-5,18.498077,0.077167146,0.22239795,0.018934367,0.10545064,0.05785286,0.086652026,0.07677189,0.74362594,0.013309558,0.12100642,0.051509067,0.1188772,0.07498029,null,null,null,null,"TWOGAUSSIANS",8,2.382481,0.74363595,0.013201704,0.4,0.0,0.10441312,0.011614376,0.22224796,0.018511387,0.4,0.0,0.072243236,0.022181125
375316653866487564,6234383009991860224,0.5882259,2122.241218232249,3.4092061208145505,1.0558725E-5,17.20824,0.010295642,0.24879783,0.0035590732,0.07444937,0.007028131,0.43899667,0.066511184,0.7386662,0.0016615432,0.07874952,0.002383442,0.5338789,0.0129522,null,null,null,null,"TWOGAUSSIANS",8,11.463683,0.7386662,0.0016615432,0.4,0.0,0.5300839,0.012391257,0.24879783,0.0035590732,0.4,0.0,0.43520164,0.068042025
375316653866487564,6234383246212718080,0.4981792,2104.8478646565513,3.2445597487790914,4.4350058E-5,16.58518,0.109880984,0.24356501,0.0144528905,0.08775756,0.06118417,0.13432668,0.09946206,0.7499859,0.00923035,0.11519673,0.04629805,0.14657629,0.10722111,null,null,null,null,"TWOGAUSSIANS",8,21.926985,0.7499859,0.009106197,0.4,0.0,0.1341487,0.0112459855,0.243555,0.014599079,0.4,0.0,0.12192353,0.03171576
375316653866487564,6234388675048998528,0.5867111,2105.235699283568,3.960223134497764,1.750846E-5,17.667492,0.008608558,0.27875915,0.0067571104,0.07960818,0.0052601607,0.5481501,0.022865497,0.79322225,0.0038402288,0.076700896,0.0041548326,0.54525024,0.024637429,null,null,null,null,"TWOGAUSSIANS",8,15.447754,0.27875915,0.0067571104,0.4,0.0,0.5432925,0.022668224,0.79322225,0.0038402288,0.4,0.0,0.54039264,0.025206756
375316653866487564,6234397750318686336,0.5790925,2131.6280940271445,3.505392415726278,1.0292413E-5,16.20675,0.009259355,0.26415667,0.006215713,0.098504856,0.00761234,0.21748504,0.012369135,0.76997864,0.0033860537,0.08895334,0.0063052895,0.20937759,0.00932331,null,null,null,null,"TWOGAUSSIANS",8,14.629027,0.26415667,0.006215713,0.4,0.0,0.20629069,0.011285383,0.76997864,0.0033860537,0.4,0.0,0.19818433,0.007182455
375316653866487564,6234409707506997632,0.6905363,2107.3888367228305,0.09051298863889932,1.807777E-5,14.3647375,0.0015703245,0.22898474,6.247266E-5,0.0036132738,7.9474186E-5,0.48158863,0.0014776043,0.51201254,0.015641576,0.06405964,0.015207605,0.022423562,0.00634991,0.0021545587,0.0018940187,0.51201254,0.015641576,"TWOGAUSSIANS_WITH_ELLIPSOIDAL_ON_ECLIPSE2",9,11.205471,0.22898474,6.247266E-5,0.020234333,4.4505543E-4,0.48176238,0.0013099631,0.51201254,0.015641576,0.35873395,0.06663243,0.026722226,0.0071536717
375316653866487564,6234416094120731520,0.59874654,2102.4115618936094,3.350962570384512,2.0019414E-5,18.962095,0.01392085,0.20739642,0.0071542906,0.04468475,0.008360317,0.2347581,0.039455164,0.69384265,0.010513942,0.06678867,0.0115897255,0.71855444,0.030652981,null,null,null,null,"TWOGAUSSIANS",8,3.3364651,0.69384265,0.010513942,0.37401658,0.058218054,0.7185323,0.030664613,0.20739642,0.0071542906,0.2502346,0.046817776,0.23473601,0.03946546
375316653866487564,6234423034788244480,0.5253054,2109.5049478371384,0.6439165978945224,6.784016E-5,19.782967,0.06144072,0.13977355,2.4742165E-4,0.012657718,4.6774035E-4,1.3123137,0.02391298,0.5383855,0.040337685,0.19737317,0.17945535,0.09126782,0.05205632,null,null,null,null,"TWOGAUSSIANS",8,2.0725713,0.13978355,2.2885001E-4,0.070883214,0.002619346,1.3176932,0.027708802,0.5383855,0.040337685,0.4,0.0,0.0838924,0.014531413
375316653866487564,6234428158686677760,0.444049,2131.6857134189568,2.4712844767985676,2.907306E-5,16.463438,0.3712683,0.34509468,0.020924792,0.17300855,0.16726872,0.14565443,0.36329252,0.8166899,0.008938294,0.08202692,0.019043174,0.17216778,0.0648978,null,null,null,null,"TWOGAUSSIANS",8,65.09071,0.8166899,0.008938294,0.4,0.0,0.14416018,0.012942827,0.34509468,0.020924792,0.4,0.0,0.11272664,0.024929179
