Gaia/vari_eclipsing_binary/VariEclipsingBinary_207001-207023.csv
# %ECSV 1.0
# ---
# delimiter: ','
# meta: !!omap
# - RELEASE: Gaia DR3
# - TABLE: vari_eclipsing_binary
# - DESCRIPTION: >
#     This table describes the properties of the eclipsing binaries resulting from the variability analysis. 
# - CITATION: >
#     How to cite and acknowledge Gaia: 
#     https://gea.esac.esa.int/archive/documentation/credits.html 
# - KNOWN_ISSUES: >
#     Known issues: 
#     https://www.cosmos.esa.int/web/gaia-users/known-issues 
# - DOCUMENTATION: >
#     Tutorials and documentation: 
#     https://www.cosmos.esa.int/web/gaia-users/archive 
# datatype:
# - 
#   name: solution_id
#   datatype: int64
#   description: Solution Identifier
#   meta:
#     ucd: meta.version
# - 
#   name: source_id
#   datatype: int64
#   description: Unique source identifier
#   meta:
#     ucd: meta.id;meta.main
# - 
#   name: global_ranking
#   datatype: float32
#   description: Number between 0 (worst) and 1 (best)
#   meta:
#     ucd: stat.param
# - 
#   name: reference_time
#   datatype: float64
#   unit: d
#   description: Reference time used for the geometric model fit
#   meta:
#     ucd: time.epoch
# - 
#   name: frequency
#   datatype: float64
#   unit: d**-1
#   description: Frequency of geometric model of the eclipsing binary light curve
#   meta:
#     ucd: src.orbital
# - 
#   name: frequency_error
#   datatype: float32
#   unit: d**-1
#   description: "Uncertainty of \\texttt{frequency}"
#   meta:
#     ucd: stat.error
# - 
#   name: geom_model_reference_level
#   datatype: float32
#   unit: mag
#   description: Magnitude reference level of geometric model
#   meta:
#     ucd: phot.mag;em.opt
# - 
#   name: geom_model_reference_level_error
#   datatype: float32
#   unit: mag
#   description: "Uncertainty of \\texttt{geomModelReferenceLevel}"
#   meta:
#     ucd: stat.error;phot.mag;em.opt
# - 
#   name: geom_model_gaussian1_phase
#   datatype: float32
#   description: Phase of the Gaussian 1 component
#   meta:
#     ucd: time.phase
# - 
#   name: geom_model_gaussian1_phase_error
#   datatype: float32
#   description: "Uncertainty of \\texttt{geomModelGaussian1Phase}"
#   meta:
#     ucd: stat.error;time.phase
# - 
#   name: geom_model_gaussian1_sigma
#   datatype: float32
#   description: "Standard deviation [phase] of Gaussian 1 component"
#   meta:
#     ucd: stat.stdev
# - 
#   name: geom_model_gaussian1_sigma_error
#   datatype: float32
#   description: "Uncertainty of \\texttt{geomModelGaussian1Sigma}"
#   meta:
#     ucd: stat.error
# - 
#   name: geom_model_gaussian1_depth
#   datatype: float32
#   unit: mag
#   description: Magnitude depth of Gaussian 1 component
#   meta:
#     ucd: src.var.amplitude
# - 
#   name: geom_model_gaussian1_depth_error
#   datatype: float32
#   unit: mag
#   description: "Uncertainty of \\texttt{geomModelGaussian1Depth}"
#   meta:
#     ucd: stat.error;src.var.amplitude
# - 
#   name: geom_model_gaussian2_phase
#   datatype: float32
#   description: Phase of Gaussian 2 component
#   meta:
#     ucd: time.phase
# - 
#   name: geom_model_gaussian2_phase_error
#   datatype: float32
#   description: "Uncertainty of \\texttt{geomModelGaussian2Phase}"
#   meta:
#     ucd: stat.error;time.phase
# - 
#   name: geom_model_gaussian2_sigma
#   datatype: float32
[...]
#   datatype: float32
#   description: "Secondary eclipse: uncertainty of \\texttt{derivedSecondaryEclDuration}"
#   meta:
#     ucd: stat.error;time.duration
# - 
#   name: derived_secondary_ecl_depth
#   datatype: float32
#   unit: mag
#   description: "Secondary eclipse: depth"
#   meta:
#     ucd: src.var.amplitude
# - 
#   name: derived_secondary_ecl_depth_error
#   datatype: float32
#   unit: mag
#   description: "Secondary eclipse: uncertainty of \\texttt{derivedSecondaryEclDepth}"
#   meta:
#     ucd: stat.error;src.var.amplitude
solution_id,source_id,global_ranking,reference_time,frequency,frequency_error,geom_model_reference_level,geom_model_reference_level_error,geom_model_gaussian1_phase,geom_model_gaussian1_phase_error,geom_model_gaussian1_sigma,geom_model_gaussian1_sigma_error,geom_model_gaussian1_depth,geom_model_gaussian1_depth_error,geom_model_gaussian2_phase,geom_model_gaussian2_phase_error,geom_model_gaussian2_sigma,geom_model_gaussian2_sigma_error,geom_model_gaussian2_depth,geom_model_gaussian2_depth_error,geom_model_cosine_half_period_amplitude,geom_model_cosine_half_period_amplitude_error,geom_model_cosine_half_period_phase,geom_model_cosine_half_period_phase_error,model_type,num_model_parameters,reduced_chi2,derived_primary_ecl_phase,derived_primary_ecl_phase_error,derived_primary_ecl_duration,derived_primary_ecl_duration_error,derived_primary_ecl_depth,derived_primary_ecl_depth_error,derived_secondary_ecl_phase,derived_secondary_ecl_phase_error,derived_secondary_ecl_duration,derived_secondary_ecl_duration_error,derived_secondary_ecl_depth,derived_secondary_ecl_depth_error
[from data line 577]
375316653866487564,1820959412181307904,0.47337386,2147.9477316072816,2.7066362467639213,2.8686463E-5,18.823877,0.086691484,0.26542264,0.0068967105,0.12195807,0.033017043,0.21158059,0.08268817,0.7743085,0.0070110112,0.13134249,0.040031455,0.1907586,0.08393371,null,null,null,null,"TWOGAUSSIANS",8,2.4609044,0.26528266,0.0069683976,0.4,0.0,0.15866506,0.008902408,0.7743885,0.0069035618,0.4,0.0,0.13766131,0.008561228
375316653866487564,1820959515237385344,0.606474,2154.241947912799,2.311409859611539,4.968914E-6,17.060833,0.0043382677,0.25146285,0.0011476591,0.08660307,0.0015459312,0.44050765,0.0074870884,0.75411606,0.0012571666,0.08865053,0.002517544,0.4227988,0.010293398,null,null,null,null,"TWOGAUSSIANS",8,7.518451,0.25146285,0.0011476591,0.4,0.0,0.42639402,0.0073469514,0.75411606,0.0012571666,0.4,0.0,0.40868512,0.011592035
375316653866487564,1820959588314970624,0.625835,2163.7979705062476,3.590837618979542,3.4313914E-6,17.90129,0.008948135,0.24711476,9.889896E-4,0.04678789,0.0030860198,0.34464186,0.023862137,0.7410438,0.0011143767,0.04789211,0.0026726474,0.45896146,0.027518118,0.1223876,0.017186753,0.24711476,9.889896E-4,"TWOGAUSSIANS_WITH_ELLIPSOIDAL_ON_ECLIPSE1",9,7.3836884,0.7415738,0.0010001688,0.2681958,0.014966826,0.70341134,0.022613632,0.24711476,9.889896E-4,0.26201218,0.017281711,0.58941644,0.014675171
375316653866487564,1820959691394174720,0.6002547,2155.0240719335757,0.30426811993118713,1.93123E-6,16.516916,0.001508024,0.35616598,0.0027836452,0.013028545,0.0013892159,0.5230142,0.053293366,null,null,null,null,null,null,null,null,null,null,"ONEGAUSSIAN",5,8.619171,0.35616598,0.0027836452,0.07295985,0.0077796094,0.5230142,0.0,null,null,null,null,null,null
375316653866487564,1820959966272112384,0.54145646,2165.2229738478927,2.432489657666974,1.5541686E-5,16.483727,0.033295926,0.24754053,0.0049560224,0.124719724,0.018883053,0.23852892,0.02964672,0.764841,0.0019468181,0.114701025,0.012260745,0.21012579,0.031503502,null,null,null,null,"TWOGAUSSIANS",8,10.201549,0.24749054,0.0049906014,0.4,0.0,0.19510913,0.006034374,0.7650111,0.0018437359,0.4,0.0,0.16684535,0.005992075
375316653866487564,1820960034991528832,0.5820702,2161.320141121131,0.4413387716326953,9.3320705E-6,16.65546,0.0026853066,0.2702835,0.0012872447,0.03322863,0.0016389807,0.20364444,0.011433845,0.7699678,9.275312E-4,0.033729475,0.001198417,0.30012938,0.008014427,0.016938947,0.00496661,0.2702835,0.0012872447,"TWOGAUSSIANS_WITH_ELLIPSOIDAL_ON_ECLIPSE1",9,11.844959,0.7699678,9.190715E-4,0.18888506,0.0067111356,0.33400708,0.007398581,0.2702835,0.0012872447,0.18608032,0.009178292,0.23752226,0.011689613
375316653866487564,1820960138044111488,0.45691574,2142.3260738706795,1.8354928250601055,4.36971E-5,18.142645,0.005432542,0.31896302,0.004780363,0.072018065,0.007957392,0.108937226,0.010729042,0.8009138,0.011109854,0.08217962,0.012726365,0.04152787,0.007994378,null,null,null,null,"TWOGAUSSIANS",8,3.5958438,0.31896302,0.004780363,0.4,0.018895073,0.10848348,0.010764401,0.8009138,0.011109854,0.4,0.0,0.041074123,0.0077705123
375316653866487564,1820960271159492992,0.46466565,2147.969200170043,1.3847049609970292,2.435177E-6,18.746387,0.002603645,0.072772354,0.0066953767,0.019219084,0.0036906712,0.056444053,0.038752776,0.42552236,6.640069E-4,0.0036243426,1.8414772E-4,0.9385754,0.18303719,null,null,null,null,"TWOGAUSSIANS",8,2.344044,0.42552236,6.640069E-4,0.020296318,0.0010312272,0.9385754,0.18303719,0.072772354,0.0066953767,0.10762686,0.02066776,0.056444053,0.038752776
375316653866487564,1820960344229318528,0.57778,2147.041298626229,0.43630917240198785,4.7451585E-6,15.605092,9.951994E-4,0.6966144,0.0037476725,0.010350234,0.005138112,0.044826325,0.07029774,0.85448265,3.648883E-4,0.014395872,2.762099E-4,0.35343838,0.005728525,null,null,null,null,"TWOGAUSSIANS",8,8.67953,0.85448265,3.648883E-4,0.080616884,0.0015467755,0.35343838,0.005728525,0.6966144,0.0037476725,0.05796131,0.028773429,0.044826325,0.07029774
375316653866487564,1820960820930684800,0.47313035,2142.3225116648014,0.09184467951079685,3.702303E-5,18.738998,0.0037209003,0.15195543,0.011344259,0.04533687,0.011595105,0.11284349,0.04928027,0.78192323,5.483331E-6,0.0014640022,2.3454564E-5,2.7119706,0.18434866,null,null,null,null,"TWOGAUSSIANS",8,3.0242336,0.78192323,5.483331E-6,0.008198412,1.3134556E-4,2.7119706,0.18434866,0.15195543,0.011344259,0.25388646,0.064932585,0.11284349,0.04928027
375316653866487564,1820961439383503744,0.48854446,2166.9008301355057,3.154648605843826,3.38931E-5,18.469643,0.022100223,0.23909822,0.0069367653,0.09740224,0.013760751,0.2977316,0.022231657,0.7458092,0.00807235,0.09008918,0.010149376,0.24981585,0.026755316,null,null,null,null,"TWOGAUSSIANS",8,10.779238,0.23909822,0.0069367653,0.4,0.0,0.28354764,0.024152663,0.7458092,0.00807235,0.4,0.0,0.23563297,0.022227013
375316653866487564,1820961473759876096,0.5387229,2158.9903997469005,2.1750635141222756,1.1010387E-5,19.12114,0.0068784235,0.11196223,0.0010865302,0.031425778,8.745395E-4,0.7301295,0.026414802,0.61022973,0.006567279,0.040778276,0.0058410713,0.49380675,0.034337,null,null,null,null,"TWOGAUSSIANS",8,5.815276,0.11196223,0.0010865302,0.17598437,0.004897421,0.7301295,0.026414802,0.61022973,0.006567279,0.22835834,0.032709997,0.49380675,0.034337
375316653866487564,1820961473765712256,0.47436103,2157.737346034128,2.037991881698711,2.237755E-5,19.141163,0.015323634,0.26870263,0.006247338,0.09516489,0.0106342435,0.19459961,0.0193689,0.75825,0.005246255,0.08698294,0.009337608,0.23084381,0.018908335,null,null,null,null,"TWOGAUSSIANS",8,2.9473636,0.75825,0.005246255,0.4,0.0,0.22254081,0.016786294,0.26870263,0.006247338,0.4,0.0,0.18629618,0.017885936
375316653866487564,1820962027856832768,0.48651788,2156.07819172377,1.1125618919874551,9.516951E-6,19.56936,0.0089277895,0.35703373,0.0011165688,0.03608016,0.0012550711,0.66192687,0.022121925,0.8538939,0.006814933,0.046342466,0.009575853,0.09065962,0.025774254,null,null,null,null,"TWOGAUSSIANS",8,4.297054,0.35703373,0.0011165688,0.20204888,0.0070283986,0.66192687,0.022121925,0.8538939,0.006814933,0.25951782,0.053624775,0.09065962,0.02577426
375316653866487564,1820962543252868480,0.57247347,2181.235385744882,0.4640188108225426,4.2677757E-6,14.606176,8.454525E-4,0.1641356,0.0036784823,0.02514081,0.0023802698,0.07289316,0.0025987271,0.6635788,7.570561E-4,0.024057833,7.6433364E-4,0.08492554,0.0027152926,0.00834984,0.0012027782,0.1641356,0.0036784823,"TWOGAUSSIANS_WITH_ELLIPSOIDAL_ON_ECLIPSE1",9,10.814058,0.6635788,7.4375345E-4,0.13472387,0.0042802687,0.10162498,0.002030663,0.1641356,0.0036784823,0.14078854,0.0133295115,0.08959281,0.0019762088
375316653866487564,1820962852462348928,0.40673268,2131.0578541041405,1.8424317876226166,5.749924E-5,18.945438,0.032592043,0.31653884,0.06315418,0.14263125,0.103941925,0.05196325,0.030002564,0.7767683,0.006056082,0.035052646,0.005519418,0.43688035,0.0642533,null,null,null,null,"TWOGAUSSIANS",8,3.937642,0.7767683,0.006056082,0.19629481,0.03090874,0.43602684,0.06512521,0.31653884,0.06315418,0.4,0.0,0.050784394,0.022567263
375316653866487564,1820963054290845056,0.5693943,2147.0077424369865,2.787613611273715,1.199546E-5,18.771828,0.008554881,0.29743916,0.0023887823,0.07176008,0.0026561664,0.45970687,0.010543437,0.7929271,0.0024352546,0.07634783,0.0027701498,0.51724756,0.015520038,null,null,null,null,"TWOGAUSSIANS",8,3.7183635,0.7929271,0.0024352546,0.4,0.0,0.5142957,0.015292875,0.29743916,0.0023887823,0.4,0.0032612735,0.456755,0.010079958
375316653866487564,1820963127340356480,0.5092136,2164.1514059741025,2.5164210339585855,1.645591E-5,18.872252,0.0124384435,0.28844893,0.0042521283,0.102162495,0.008275184,0.1926567,0.012280831,0.79291755,0.0050901575,0.09652348,0.009201441,0.16665964,0.013286249,null,null,null,null,"TWOGAUSSIANS",8,1.5230659,0.28844893,0.0042521283,0.4,0.0,0.1783643,0.007789939,0.79291755,0.0050901575,0.4,0.0,0.15236922,0.00918214
375316653866487564,1820963264807591936,0.6038947,2153.967515612724,2.9298464132770174,1.1256503E-5,18.271276,0.017255787,0.23149186,0.0015566498,0.051748805,0.0039236536,0.37775826,0.03539718,0.73273087,0.00346904,0.05999881,0.005215847,0.5142754,0.039656796,0.08151898,0.019514972,0.23149186,0.0015566498,"TWOGAUSSIANS_WITH_ELLIPSOIDAL_ON_ECLIPSE1",9,7.26113,0.73273087,0.00346904,0.33599335,0.029208742,0.67722017,0.027300838,0.23149186,0.0015566498,0.2897933,0.02197246,0.5407129,0.012111104
375316653866487564,1820963913284517504,0.48058054,2169.1520275415746,1.0751134197323917,4.49226E-6,13.241752,0.2898955,0.2603961,0.0012419556,0.1938201,0.016316267,1.7934325,0.27550653,0.7598903,0.0014686851,0.17847228,0.0146479625,1.7406802,0.23983914,null,null,null,null,"TWOGAUSSIANS",8,371.32544,0.7598903,0.0014686851,0.4,0.0,0.43763316,0.027888961,0.26062608,0.0014596991,0.4,0.0,0.4304529,0.016782356
375316653866487564,1820963952002388736,0.5956854,2172.7651338814335,2.899368907272951,6.1638116E-6,17.454992,0.0034703028,0.2837535,9.1766147E-4,0.07346005,0.0015898555,0.26576614,0.003933567,0.78385276,0.0012547284,0.07773571,0.0018461011,0.2576906,0.0049990667,null,null,null,null,"TWOGAUSSIANS",8,2.8849356,0.2837535,9.1766147E-4,0.4,0.0,0.26356432,0.00376944,0.78385276,0.0012547284,0.4,0.0,0.25548878,0.004893356
375316653866487564,1820964604811081088,0.52301186,2149.3179058455844,1.3833224462394875,1.2462543E-5,18.543282,0.007317506,0.22986108,0.0068273367,0.09112409,0.009608837,0.10465234,0.008544673,0.7100839,0.003167013,0.07889101,0.004283555,0.19175348,0.008564424,null,null,null,null,"TWOGAUSSIANS",8,1.895421,0.7100839,0.003167013,0.4,0.0,0.18919225,0.0074584098,0.22986108,0.0068273367,0.4,0.0,0.10209101,0.0076924483
375316653866487564,1820964742276497152,0.5035311,2165.2458626674006,2.4289407443351165,4.5324003E-5,16.215336,0.4394616,0.28221968,0.0041785315,0.1553449,0.03910469,0.50754815,0.30774745,0.7829445,0.0038392434,0.22528578,0.09004053,0.5957758,0.43191501,null,null,null,null,"TWOGAUSSIANS",8,24.004465,0.2817897,0.004472142,0.4,0.0,0.14748378,0.010078482,0.7831145,0.0040352307,0.4,0.0,0.13997765,0.009734613
375316653866487564,1820964810969890688,0.5613408,2148.1655572357736,1.5333795623888897,3.4423927E-5,18.274351,0.004796491,0.24685322,0.0023083775,0.056518774,0.0020189572,0.39211747,0.013867629,0.75451756,0.008155739,0.084934436,0.0105473725,0.07580206,0.007055496,null,null,null,null,"TWOGAUSSIANS",8,2.7996247,0.24685322,0.0023083775,0.31650513,0.01130616,0.3916786,0.013829693,0.75451756,0.008155739,0.4,0.0,0.075363174,0.007028327
375316653866487564,1820965223313052672,0.55467117,2142.7710538590663,2.586187305895792,1.4379108E-5,18.044058,0.010909957,0.28162017,0.0032272874,0.07370676,0.004750739,0.43666726,0.022279078,0.79615676,0.0028781716,0.076635875,0.0041226563,0.38880828,0.01337195,null,null,null,null,"TWOGAUSSIANS",8,8.984601,0.28162017,0.0032272874,0.4,0.0,0.43431303,0.022527149,0.79615676,0.0028781716,0.4,0.0,0.38645408,0.012902215
375316653866487564,1820965395084664064,0.5779938,2153.601419477233,2.9526695021354645,7.854966E-6,18.789156,0.006356979,0.24969165,0.0022823429,0.08541454,0.0034768009,0.45894408,0.010297224,0.75434893,0.002895626,0.08698959,0.0031441483,0.44242033,0.008863734,null,null,null,null,"TWOGAUSSIANS",8,2.9136374,0.24969165,0.0022823429,0.4,0.0,0.4465241,0.011030116,0.75434893,0.002895626,0.4,0.0,0.43000033,0.0082889395
375316653866487564,1820965425113616384,0.5437219,2165.6123322818194,4.35441874378976,6.361227E-5,18.00169,0.0018739747,0.4214253,0.010293,0.008104607,0.0066375164,0.31541732,422.7163,0.7364948,0.0017721949,0.01115427,0.0014816954,0.3147124,0.06720679,null,null,null,null,"TWOGAUSSIANS",8,2.4742296,0.4214253,0.010293,0.045385804,0.037170094,0.31541732,422.7163,0.7364948,0.0017721949,0.06246391,0.008297495,0.3147124,0.06720679
375316653866487564,1820965532550662400,0.4500131,2161.1379543438165,0.23460028072872607,3.014459E-5,17.169964,0.006962044,0.7612302,0.0023830528,0.014966861,0.006388299,0.3002165,0.029387387,null,null,null,null,null,null,0.06038326,0.011412197,0.7612302,0.0023830528,"ONEGAUSSIAN_WITH_ELLIPSOIDAL",6,123.43187,0.7612302,0.0023830528,0.08381442,0.035774477,0.42098278,0.0343117,null,null,null,null,null,null
375316653866487564,1820965768711204864,0.5616439,2172.1453140540884,0.09243083291387921,2.4963483E-6,18.580704,0.0029251396,0.37502247,3.3351599E-4,0.005388348,6.790935E-4,0.6603993,0.07739936,null,null,null,null,null,null,null,null,null,null,"ONEGAUSSIAN",5,3.7077181,0.37502247,3.3351599E-4,0.030174749,0.0038029233,0.6603993,0.0,null,null,null,null,null,null
375316653866487564,1820965773041350272,0.5105264,2171.831487012097,2.5167374338679465,2.1630643E-5,19.62909,0.013959246,0.26776317,0.0069679744,0.08815411,0.005712573,0.43819928,0.02345339,0.76760536,0.0032849857,0.07815261,0.0061429474,0.4359674,0.028453426,null,null,null,null,"TWOGAUSSIANS",8,2.0829563,0.26776317,0.0069679744,0.4,0.0,0.42871955,0.0209715,0.76760536,0.0032849857,0.4,0.0,0.4264877,0.029951843
375316653866487564,1820965837452541312,0.5873175,2161.9035551208126,0.4799056123794141,7.3413958E-6,19.080114,0.0043673688,0.26487002,0.017949715,0.027946187,0.0057472643,1.6472243,0.8642447,0.75728315,0.0066687423,0.03247585,0.004658908,0.10814777,0.011445968,null,null,null,null,"TWOGAUSSIANS",8,1.6913754,0.26487002,0.017949715,0.15649864,0.03218468,1.6472243,0.8642447,0.75728315,0.0066687423,0.18186477,0.026089884,0.10814777,0.011445968
375316653866487564,1820965979199891968,0.4671864,2186.7164752147905,0.5037430404668759,3.783918E-5,17.618355,0.0018096694,0.24338685,0.04808331,0.025960393,0.029306453,0.009170525,0.00971947,0.6956109,9.51529E-4,0.015140453,8.24088E-4,0.10345261,0.004006254,null,null,null,null,"TWOGAUSSIANS",8,2.8581555,0.6956109,9.51529E-4,0.08478654,0.004614893,0.10345261,0.004006254,0.24338685,0.04808331,0.1453782,0.16411613,0.009170525,0.00971947
375316653866487564,1820966249747480448,0.4617253,2142.814712382966,1.5483322614890789,1.7587965E-5,18.346203,0.002725671,null,null,null,null,null,null,null,null,null,null,null,null,0.05546415,0.0039299764,0.26790872,0.0046854476,"ELLIPSOIDAL",4,4.14491,null,null,null,null,null,null,null,null,null,null,null,null
375316653866487564,1820966696445825920,0.49629572,2148.707008463871,4.114561400993175,2.2549655E-5,19.230064,0.032029938,0.275072,0.008147709,0.11251479,0.018394936,0.2324885,0.031066665,0.78614485,0.00743351,0.081994385,0.014503758,0.24956183,0.029487897,null,null,null,null,"TWOGAUSSIANS",8,2.2147903,0.78615487,0.0075091207,0.4,0.0,0.23464027,0.014537783,0.275072,0.008147709,0.4,0.0,0.21754079,0.015959525
375316653866487564,1820966868223014656,0.5806405,2171.7809847568988,2.2453908660288304,1.0483036E-5,16.503712,0.042678025,0.2699548,0.002731598,0.05778407,0.026719514,0.14338449,0.0776227,0.77080226,0.0038269465,0.050252207,0.019001765,0.15356185,0.0838083,0.09918798,0.046719,0.2699548,0.002731598,"TWOGAUSSIANS_WITH_ELLIPSOIDAL_ON_ECLIPSE1",9,20.609179,0.77080226,0.003674014,0.28141236,0.106409885,0.35191903,0.016543858,0.2699548,0.002731598,0.3235908,0.13321276,0.34174728,0.023075623
375316653866487564,1820967353591485568,0.5924042,2153.250938154126,0.47785340636987256,2.8836882E-6,18.592005,0.003940591,0.20095769,0.010992773,0.037278734,0.011651101,0.086030066,0.035059717,0.6994002,9.93678E-4,0.028478598,7.491506E-4,0.9043175,0.03607748,null,null,null,null,"TWOGAUSSIANS",8,3.7324615,0.6994002,9.93678E-4,0.15948015,0.004195243,0.9043175,0.03607748,0.20095769,0.010992773,0.2087609,0.065246165,0.086030066,0.035059717
