Gaia/vari_eclipsing_binary/VariEclipsingBinary_764832-764856.csv
# %ECSV 1.0
# ---
# delimiter: ','
# meta: !!omap
# - RELEASE: Gaia DR3
# - TABLE: vari_eclipsing_binary
# - DESCRIPTION: >
#     This table describes the properties of the eclipsing binaries resulting from the variability analysis. 
# - CITATION: >
#     How to cite and acknowledge Gaia: 
#     https://gea.esac.esa.int/archive/documentation/credits.html 
# - KNOWN_ISSUES: >
#     Known issues: 
#     https://www.cosmos.esa.int/web/gaia-users/known-issues 
# - DOCUMENTATION: >
#     Tutorials and documentation: 
#     https://www.cosmos.esa.int/web/gaia-users/archive 
# datatype:
# - 
#   name: solution_id
#   datatype: int64
#   description: Solution Identifier
#   meta:
#     ucd: meta.version
# - 
#   name: source_id
#   datatype: int64
#   description: Unique source identifier
#   meta:
#     ucd: meta.id;meta.main
# - 
#   name: global_ranking
#   datatype: float32
#   description: Number between 0 (worst) and 1 (best)
#   meta:
#     ucd: stat.param
# - 
#   name: reference_time
#   datatype: float64
#   unit: d
#   description: Reference time used for the geometric model fit
#   meta:
#     ucd: time.epoch
# - 
#   name: frequency
#   datatype: float64
#   unit: d**-1
#   description: Frequency of geometric model of the eclipsing binary light curve
#   meta:
#     ucd: src.orbital
# - 
#   name: frequency_error
#   datatype: float32
#   unit: d**-1
#   description: "Uncertainty of \\texttt{frequency}"
#   meta:
#     ucd: stat.error
# - 
#   name: geom_model_reference_level
#   datatype: float32
#   unit: mag
#   description: Magnitude reference level of geometric model
#   meta:
#     ucd: phot.mag;em.opt
# - 
#   name: geom_model_reference_level_error
#   datatype: float32
#   unit: mag
#   description: "Uncertainty of \\texttt{geomModelReferenceLevel}"
#   meta:
#     ucd: stat.error;phot.mag;em.opt
# - 
#   name: geom_model_gaussian1_phase
#   datatype: float32
#   description: Phase of the Gaussian 1 component
#   meta:
#     ucd: time.phase
# - 
#   name: geom_model_gaussian1_phase_error
#   datatype: float32
#   description: "Uncertainty of \\texttt{geomModelGaussian1Phase}"
#   meta:
#     ucd: stat.error;time.phase
# - 
#   name: geom_model_gaussian1_sigma
#   datatype: float32
#   description: "Standard deviation [phase] of Gaussian 1 component"
#   meta:
#     ucd: stat.stdev
# - 
#   name: geom_model_gaussian1_sigma_error
#   datatype: float32
#   description: "Uncertainty of \\texttt{geomModelGaussian1Sigma}"
#   meta:
#     ucd: stat.error
# - 
#   name: geom_model_gaussian1_depth
#   datatype: float32
#   unit: mag
#   description: Magnitude depth of Gaussian 1 component
#   meta:
#     ucd: src.var.amplitude
# - 
#   name: geom_model_gaussian1_depth_error
#   datatype: float32
#   unit: mag
#   description: "Uncertainty of \\texttt{geomModelGaussian1Depth}"
#   meta:
#     ucd: stat.error;src.var.amplitude
# - 
#   name: geom_model_gaussian2_phase
#   datatype: float32
#   description: Phase of Gaussian 2 component
#   meta:
#     ucd: time.phase
# - 
#   name: geom_model_gaussian2_phase_error
#   datatype: float32
#   description: "Uncertainty of \\texttt{geomModelGaussian2Phase}"
#   meta:
#     ucd: stat.error;time.phase
# - 
#   name: geom_model_gaussian2_sigma
#   datatype: float32
[...]
#   datatype: float32
#   description: "Secondary eclipse: uncertainty of \\texttt{derivedSecondaryEclDuration}"
#   meta:
#     ucd: stat.error;time.duration
# - 
#   name: derived_secondary_ecl_depth
#   datatype: float32
#   unit: mag
#   description: "Secondary eclipse: depth"
#   meta:
#     ucd: src.var.amplitude
# - 
#   name: derived_secondary_ecl_depth_error
#   datatype: float32
#   unit: mag
#   description: "Secondary eclipse: uncertainty of \\texttt{derivedSecondaryEclDepth}"
#   meta:
#     ucd: stat.error;src.var.amplitude
solution_id,source_id,global_ranking,reference_time,frequency,frequency_error,geom_model_reference_level,geom_model_reference_level_error,geom_model_gaussian1_phase,geom_model_gaussian1_phase_error,geom_model_gaussian1_sigma,geom_model_gaussian1_sigma_error,geom_model_gaussian1_depth,geom_model_gaussian1_depth_error,geom_model_gaussian2_phase,geom_model_gaussian2_phase_error,geom_model_gaussian2_sigma,geom_model_gaussian2_sigma_error,geom_model_gaussian2_depth,geom_model_gaussian2_depth_error,geom_model_cosine_half_period_amplitude,geom_model_cosine_half_period_amplitude_error,geom_model_cosine_half_period_phase,geom_model_cosine_half_period_phase_error,model_type,num_model_parameters,reduced_chi2,derived_primary_ecl_phase,derived_primary_ecl_phase_error,derived_primary_ecl_duration,derived_primary_ecl_duration_error,derived_primary_ecl_depth,derived_primary_ecl_depth_error,derived_secondary_ecl_phase,derived_secondary_ecl_phase_error,derived_secondary_ecl_duration,derived_secondary_ecl_duration_error,derived_secondary_ecl_depth,derived_secondary_ecl_depth_error
[from data line 187]
375316653866487564,6727602275285108864,0.5510077,2409.732910942137,2.408227954656794,2.1860891E-5,15.572316,0.015256375,0.22128035,0.00319159,0.041735005,0.01046693,0.17067721,0.044600528,0.7040769,0.010777007,0.048666388,0.012042877,0.2117283,0.06559152,0.09196048,0.019468067,0.22128035,0.00319159,"TWOGAUSSIANS_WITH_ELLIPSOIDAL_ON_ECLIPSE1",9,102.92307,0.70646685,0.0094264755,0.27253178,0.067440115,0.3938046,0.07885793,0.22128035,0.00319159,0.23371603,0.05861481,0.35459742,0.03157768
375316653866487564,6727602623184617600,0.53846765,2384.7930865920243,2.416844784216802,2.0087444E-5,18.200447,0.011092145,0.20675811,0.0039884,0.079076864,0.005067484,0.32779482,0.014435631,0.6898906,0.008058409,0.073132075,0.007512233,0.42698255,0.033476505,null,null,null,null,"TWOGAUSSIANS",8,9.897956,0.6898906,0.008058409,0.4,0.011581564,0.42465466,0.034233212,0.20675811,0.0039884,0.4,0.0,0.32546693,0.01369612
375316653866487564,6727602657544359040,0.51285326,2391.634391206466,3.433952961503471,1.7100678E-5,19.291258,0.02391028,0.30908763,0.008748258,0.08188426,0.015614617,0.33346716,0.03312523,0.81994116,0.0041017416,0.08106074,0.008794689,0.33872053,0.025752312,null,null,null,null,"TWOGAUSSIANS",8,3.7573342,0.81994116,0.0041017416,0.4,0.0,0.3337876,0.022411684,0.30908763,0.008748258,0.4,0.0,0.3285342,0.034394417
375316653866487564,6727602657577433472,0.5928543,2389.1281233763902,1.8076227054343588,6.966948E-6,16.508415,0.0065098875,0.21408524,0.00570037,0.08489108,0.0064055054,0.15552697,0.010099471,0.70514894,0.0028573102,0.081571296,0.0041427626,0.34535104,0.008523301,null,null,null,null,"TWOGAUSSIANS",8,11.454765,0.70514894,0.0028573102,0.4,0.0,0.34110272,0.0083148135,0.21408524,0.00570037,0.4,0.0,0.15127864,0.00926642
375316653866487564,6727602962496267136,0.6075922,2384.550544750898,2.046647385679569,4.7108365E-6,18.630993,0.00352114,0.22130792,9.604802E-4,0.04106179,0.0012948628,0.5419919,0.0059433393,0.72128695,0.0042369706,0.042210568,0.003778306,0.14419712,0.007201909,null,null,null,null,"TWOGAUSSIANS",8,1.7677138,0.22130792,9.604802E-4,0.22994602,0.0072512315,0.5419919,0.0059433393,0.72128695,0.0042369706,0.23637918,0.021158515,0.1441971,0.0072019105
375316653866487564,6727602996835663872,0.54581314,2400.178256851718,2.9690209190076167,1.808963E-5,18.52044,0.010173018,0.22288337,0.002903495,0.09261802,0.005996092,0.25184867,0.010852424,0.73450905,0.005072135,0.08307378,0.0061884695,0.23706526,0.013129251,null,null,null,null,"TWOGAUSSIANS",8,1.9621751,0.22288337,0.002903495,0.4,0.0,0.24480706,0.0089159515,0.73450905,0.005072135,0.4,0.0,0.23002394,0.011807681
375316653866487564,6727603276052728320,0.64286387,2410.321272107774,1.3536673105253085,5.842509E-6,15.727626,0.003412238,0.31500122,6.3260377E-4,0.051126093,0.0016623944,0.1988307,0.0078009404,0.8235789,0.007354862,0.05055695,0.014049639,0.03593618,0.0071384134,0.020969838,0.004850905,0.31500122,6.3260377E-4,"TWOGAUSSIANS_WITH_ELLIPSOIDAL_ON_ECLIPSE1",9,3.73906,0.31500122,6.3260377E-4,0.2863061,0.009309408,0.24076869,0.002754875,0.8235789,0.007354862,0.2831189,0.078677975,0.07775246,0.006915983
375316653866487564,6727603825781456384,0.5531177,2320.0596640509502,2.860868348288263,1.3939618E-5,17.90527,0.022364646,0.21800202,0.0073935906,0.08793084,0.010197115,0.35411674,0.023961041,0.72151154,0.0046803714,0.09501842,0.012259697,0.3648608,0.023561839,null,null,null,null,"TWOGAUSSIANS",8,7.3580976,0.72151154,0.0046803714,0.4,0.0,0.3485744,0.02580828,0.21800202,0.0073935906,0.4,0.0,0.337831,0.023999287
375316653866487564,6727603928860700800,0.45891532,2366.601182486385,1.8641894312204705,2.7624155E-5,17.758848,0.019968819,0.3143612,0.028322224,0.06053937,0.03312831,0.36309177,0.019463003,0.7808284,0.0066139824,0.09731435,0.010533412,0.28492016,0.02441327,null,null,null,null,"TWOGAUSSIANS",8,40.166344,0.3143612,0.028322654,0.33902046,0.07113409,0.36109447,0.02722821,0.7808284,0.0066139824,0.4,0.0,0.28291985,0.02527265
375316653866487564,6727603993285653888,0.4517304,2344.705177199168,2.7825578532284343,2.5579428E-5,19.20861,0.023580141,0.19350572,0.008097878,0.01745688,0.023609577,0.1490761,0.5081898,null,null,null,null,null,null,0.22445953,0.037235018,0.19350572,0.008097878,"ONEGAUSSIAN_WITH_ELLIPSOIDAL",6,33.447468,0.19350572,0.008097878,0.09775853,0.13221364,0.5979951,0.50794923,null,null,null,null,null,null
375316653866487564,6727604409897080576,0.5085376,2346.1385640751782,2.772734713285469,1.7406226E-5,17.521656,0.005789918,0.29092678,0.010093141,0.06435675,0.022307422,0.12823285,0.25523514,0.7739263,0.0033460131,0.081595905,0.0058158664,0.12333411,0.0074919746,null,null,null,null,"TWOGAUSSIANS",8,3.933283,0.29092678,0.010093141,0.3603978,0.12492156,0.12776347,0.25564057,0.7739263,0.0033460131,0.4,0.0,0.122864716,0.0073016933
375316653866487564,6727605097092500224,0.5392443,2319.8444869903146,3.7898128029830427,1.1259333E-5,19.339155,0.013025305,0.27903375,0.0074524046,0.08081886,0.0161282,0.3625028,0.034106113,0.779333,0.004800502,0.07444735,0.006636409,0.35290027,0.027060388,null,null,null,null,"TWOGAUSSIANS",8,1.7845428,0.27903375,0.0074524046,0.4,0.028670587,0.3585233,0.03629179,0.779333,0.004800502,0.4,0.008699127,0.3489208,0.027183652
375316653866487564,6727605097120074240,0.51766497,2339.786702944512,3.309230153948977,2.0138747E-5,15.115149,0.20487948,0.2747717,0.0054006237,0.11920943,0.042534046,0.18355525,0.18046007,0.7742349,0.0049148854,0.14125542,0.07703958,0.18184431,0.20155235,null,null,null,null,"TWOGAUSSIANS",8,44.364838,0.27479172,0.005500937,0.4,0.0,0.12690288,0.008875752,0.7742349,0.0049200407,0.4,0.0,0.12455561,0.0062673395
375316653866487564,6727605436379102592,0.5828641,2343.410910788681,2.9148388678958455,8.173797E-6,17.97351,0.020618176,0.2834938,0.004041449,0.051985458,0.009420373,0.16588017,0.0506407,0.7768471,0.004869152,0.0479761,0.01129863,0.19262296,0.04081036,0.10212898,0.027400384,0.2834938,0.004041449,"TWOGAUSSIANS_WITH_ELLIPSOIDAL_ON_ECLIPSE1",9,6.660962,0.77791715,0.0038435708,0.26866615,0.06327233,0.39658025,0.028390097,0.2834938,0.004041449,0.29111856,0.052754086,0.37013605,0.021172618
375316653866487564,6727605608197096448,0.52271324,2321.4797562953136,4.2865512037029765,3.2038904E-5,18.388977,0.0041836365,0.25897512,0.03503997,0.050457165,0.024829999,0.026643269,0.024231944,0.7944855,0.0060200477,0.014519106,0.004192972,0.52268666,0.25311998,0.04562869,0.010743659,0.7944855,0.0060200477,"TWOGAUSSIANS_WITH_ELLIPSOIDAL_ON_ECLIPSE2",9,8.489843,0.7944855,0.0060200477,0.081306994,0.023480643,0.613944,0.25070697,0.27372512,0.014647232,0.2825601,0.139048,0.11524225,0.025913717
375316653866487564,6727605612494567168,0.43440092,2424.074747581815,0.4982011015303042,8.730813E-5,16.803856,0.0057220883,0.2819696,0.0065881945,0.040304635,0.00447201,0.14139079,0.020058988,0.8001114,0.13245058,0.05072952,0.016879035,0.066914946,0.057496637,null,null,null,null,"TWOGAUSSIANS",8,6.5815187,0.2819696,0.0065881945,0.22570595,0.025043257,0.14139077,0.020058988,0.8001114,0.13245058,0.2840853,0.094522595,0.06691492,0.057496693
375316653866487564,6727606437121956224,0.51632,2382.9613405047144,3.6588554957107484,1.0784921E-5,19.618856,0.015549414,0.3186339,0.0035320953,0.07101718,0.006419672,0.394958,0.037869498,0.81742847,0.0024397436,0.07038747,0.0043104226,0.48314154,0.017810019,null,null,null,null,"TWOGAUSSIANS",8,1.5840397,0.81742847,0.0024397436,0.39416984,0.020741845,0.48150903,0.017469104,0.3186339,0.0035320953,0.39769623,0.027553394,0.39332548,0.038326323
375316653866487564,6727606574560701696,0.4823585,2345.074873471634,2.888024341016609,1.1638451E-5,18.77146,0.12148853,0.18796709,0.0071408064,0.15339786,0.061371323,0.21175195,0.109932035,0.6704932,0.0058754194,0.11050062,0.021293683,0.25377545,0.10158603,null,null,null,null,"TWOGAUSSIANS",8,2.0424051,0.6704932,0.0058754194,0.4,0.0,0.1907653,0.012914505,0.18802708,0.0070146387,0.4,0.0,0.146545,0.014935063
375316653866487564,6727606677639912320,0.473091,2328.349666718434,2.499569401150577,1.8691082E-5,18.829847,0.055367555,0.24975437,0.00513283,0.06390199,0.010539846,0.6024202,0.11695483,0.75168186,0.014581941,0.081639476,0.021227019,0.56090456,0.076420814,null,null,null,null,"TWOGAUSSIANS",8,42.071964,0.24975437,0.00513283,0.35785115,0.059023134,0.59941965,0.11655589,0.75168186,0.014581941,0.4,0.0,0.55790395,0.076696835
375316653866487564,6727606742047977728,0.41179317,2358.017614672485,0.10126597362750256,2.7578915E-5,12.177277,9.4501395E-4,0.09119487,0.017599495,0.010290692,0.007015727,0.30751798,0.97246176,0.4339335,0.009408124,0.14044598,0.015134242,0.023230407,0.0034897863,null,null,null,null,"TWOGAUSSIANS",8,18.965836,0.09120487,0.017608844,0.05762787,0.039288074,0.30861887,0.9725353,0.4339335,0.009408124,0.4,0.0,0.0231482,0.0035550264
375316653866487564,6727606918158481536,0.45113719,2360.7018536929445,0.8528188178220463,6.949617E-5,17.985703,0.005245873,0.18758702,0.06901008,0.043515485,0.043481205,0.08820467,0.8864602,0.72367555,0.008481789,0.057646137,0.010675781,0.083922006,0.010084687,null,null,null,null,"TWOGAUSSIANS",8,3.9570158,0.18758702,0.06901008,0.2436867,0.24349475,0.088204525,0.88646036,0.72367555,0.008481789,0.32281837,0.059784375,0.08392187,0.010084778
375316653866487564,6727607399222608000,0.59927225,2338.1603969552557,2.9218647407207996,5.148299E-6,17.707296,0.006344311,0.21843952,0.0012471628,0.082082845,0.0027539576,0.39256796,0.010760017,0.7200178,0.002772255,0.085509315,0.004810523,0.2549783,0.007522168,null,null,null,null,"TWOGAUSSIANS",8,3.1439734,0.21843952,0.0012471628,0.4,0.0,0.3854445,0.011284509,0.7200178,0.002772255,0.4,0.0,0.24785484,0.0072385524
375316653866487564,6727607875919529728,0.6686764,2366.5457771694146,3.7735282589646038,7.513151E-6,16.880644,0.009398847,0.2708284,9.1548637E-4,0.048389267,0.0028220299,0.34104663,0.025657563,0.7762431,0.002203451,0.04815347,0.0037629385,0.27052796,0.022452908,0.11350189,0.0126975095,0.2708284,9.1548637E-4,"TWOGAUSSIANS_WITH_ELLIPSOIDAL_ON_ECLIPSE1",9,7.337237,0.2708284,9.1548637E-4,0.2709799,0.015803367,0.56804883,0.020343898,0.7762431,0.002203451,0.26965943,0.021072455,0.49726754,0.012436056
375316653866487564,6727608322595970176,0.50007385,2342.6190009993734,1.5137217606102393,1.9913106E-5,16.658667,0.0023242908,0.35516787,5.3309335E-4,0.014907053,0.004337151,0.09969853,0.11286394,0.72746634,0.004705657,0.054294936,0.018398711,0.019153146,0.0053345384,0.032284226,0.003239523,0.72746634,0.004705657,"TWOGAUSSIANS_WITH_ELLIPSOIDAL_ON_ECLIPSE2",9,6.0433292,0.35425788,8.6474774E-4,0.083479494,0.024288045,0.13106994,0.11496301,0.72746634,0.004705657,0.30405164,0.10303278,0.083721116,0.005378337
375316653866487564,6727609254622324480,0.48564062,2337.6076982964905,3.457222036144405,2.0516982E-5,19.463322,0.0119955065,0.29407218,0.0076691844,0.02918349,0.036822457,0.20452395,0.09551985,0.76077634,0.039475966,0.027770642,0.029492639,0.06478495,1.1815358E20,0.11325909,0.022046825,0.29407218,0.0076691844,"TWOGAUSSIANS_WITH_ELLIPSOIDAL_ON_ECLIPSE1",9,3.029312,0.29407218,0.0076691844,0.16342755,0.20620576,0.43104213,0.11679577,0.7666364,0.044627704,0.1555156,0.16515878,0.28321183,1.1815358E20
375316653866487564,6727609387749083904,0.5342003,2327.334437107518,3.203966169086837,8.169922E-6,18.52869,0.008272371,0.27343807,0.003870653,0.08032884,0.005678424,0.24118309,0.01067322,0.7626867,0.0033503226,0.07948656,0.004987359,0.24248107,0.009280988,null,null,null,null,"TWOGAUSSIANS",8,2.7688186,0.7626867,0.0033503226,0.4,0.0,0.23955247,0.008733457,0.27343807,0.003870653,0.4,0.0,0.23825449,0.010372264
375316653866487564,6727609426447384576,0.6490906,2350.6117126441036,3.4164755974443004,3.6926276E-6,16.496204,0.005979695,0.21112624,0.0015268843,0.05954709,0.006003464,0.16032211,0.010797553,0.7061349,0.0040576574,0.04983723,0.004642528,0.12505595,0.01371955,0.07966836,0.0068051415,0.21112624,0.0015268843,"TWOGAUSSIANS_WITH_ELLIPSOIDAL_ON_ECLIPSE1",9,4.1056914,0.21112624,0.0015268843,0.3334637,0.033619396,0.31963482,0.013527083,0.7071349,0.0031711075,0.2790885,0.025998158,0.2842433,0.005447074
375316653866487564,6727609701325373440,0.54934853,2362.4848177654108,2.8148600093302893,6.61148E-6,15.289252,0.021295354,0.2724325,0.0015465451,0.04996834,0.0034679424,0.46594128,0.045550514,0.7722224,0.0047969427,0.05391219,0.005592802,0.5576491,0.048839223,0.086911656,0.02465397,0.2724325,0.0015465451,"TWOGAUSSIANS_WITH_ELLIPSOIDAL_ON_ECLIPSE1",9,82.7502,0.7722324,0.004486804,0.30190825,0.031319693,0.73145807,0.022552792,0.2724325,0.0015465451,0.2798227,0.019420477,0.6397506,0.017328927
375316653866487564,6727610113621589888,0.5664044,2377.9392802150574,4.025769700158965,8.113494E-6,19.572472,0.025441857,0.25517276,0.0036784054,0.07166092,0.005779959,0.6179641,0.04879001,0.74959004,0.005849495,0.08578442,0.008477834,0.600493,0.044008575,null,null,null,null,"TWOGAUSSIANS",8,2.0617,0.25517276,0.0036784054,0.4,0.025689952,0.6109803,0.048857708,0.74959004,0.005849495,0.4,0.0,0.5935092,0.046243284
375316653866487564,6727610251081183872,0.54667497,2382.3094372050928,2.853859317748109,9.324776E-6,17.731506,0.01631894,0.27974936,0.0030553457,0.096778184,0.0087270085,0.20267554,0.014995659,0.7788198,0.0057696607,0.10376761,0.011510033,0.18830216,0.016103977,null,null,null,null,"TWOGAUSSIANS",8,2.7615519,0.27974936,0.0030553457,0.4,0.0,0.18545905,0.009526209,0.7788198,0.0057696607,0.4,0.0,0.1710829,0.0073278127
375316653866487564,6727610349840960000,0.51144516,2314.4545705706028,1.9823468707682659,6.394247E-5,18.939972,0.0036074866,0.52418274,0.009988038,0.06335287,0.0051817177,0.39613056,0.017350143,0.28568536,0.008268174,0.026003478,0.009756439,0.05486211,0.03197371,null,null,null,null,"TWOGAUSSIANS",8,2.3431296,0.52418274,0.009988038,0.35477605,0.02901762,0.39613056,0.017350143,0.28593534,0.00814503,0.14561948,0.054636057,0.055195972,0.032016188
375316653866487564,6727610560318613120,0.6508716,2364.132997130521,2.7220497422901957,6.1727605E-6,17.39756,0.02187263,0.21882571,0.0014823383,0.049681243,0.0046403185,0.35312584,0.044905238,0.7168643,0.005090106,0.05496758,0.006269494,0.44274727,0.052236427,0.11296094,0.024113987,0.21882571,0.0014823383,"TWOGAUSSIANS_WITH_ELLIPSOIDAL_ON_ECLIPSE1",9,7.0632358,0.7170743,0.004527519,0.30781844,0.035109166,0.66862524,0.02374723,0.21882571,0.0014823383,0.27821496,0.025985783,0.57903445,0.0147850625
375316653866487564,6727610835170033024,0.47227326,2356.7545080057976,4.917422965900153,1.0017173E-4,16.803396,0.09928609,0.5586747,0.009078286,0.18314208,0.03168421,0.6080938,0.08180365,0.94033927,0.0054989164,0.030800479,0.0056366953,0.119312756,0.079528816,null,null,null,null,"TWOGAUSSIANS",8,162.17473,0.5586747,0.009078286,0.4,0.0,0.5787524,0.05657027,0.94033927,0.0054989164,0.17248268,0.03156549,0.16133393,0.09798888
375316653866487564,6727611380614139136,0.59250003,2357.409916092142,2.510124903474634,1.4105148E-5,17.813612,0.040891003,0.26223043,0.0038223998,0.10936616,0.012361449,0.36138642,0.037395038,0.76540047,0.003964613,0.1149068,0.012455262,0.2946119,0.042473625,null,null,null,null,"TWOGAUSSIANS",8,2.2140775,0.2622204,0.0038348276,0.4,0.0,0.30900908,0.0062573124,0.76540047,0.003957242,0.4,0.0,0.24220978,0.01182887
