Gaia/vari_eclipsing_binary/VariEclipsingBinary_595798-595836.csv
# %ECSV 1.0
# ---
# delimiter: ','
# meta: !!omap
# - RELEASE: Gaia DR3
# - TABLE: vari_eclipsing_binary
# - DESCRIPTION: >
#     This table describes the properties of the eclipsing binaries resulting from the variability analysis. 
# - CITATION: >
#     How to cite and acknowledge Gaia: 
#     https://gea.esac.esa.int/archive/documentation/credits.html 
# - KNOWN_ISSUES: >
#     Known issues: 
#     https://www.cosmos.esa.int/web/gaia-users/known-issues 
# - DOCUMENTATION: >
#     Tutorials and documentation: 
#     https://www.cosmos.esa.int/web/gaia-users/archive 
# datatype:
# - 
#   name: solution_id
#   datatype: int64
#   description: Solution Identifier
#   meta:
#     ucd: meta.version
# - 
#   name: source_id
#   datatype: int64
#   description: Unique source identifier
#   meta:
#     ucd: meta.id;meta.main
# - 
#   name: global_ranking
#   datatype: float32
#   description: Number between 0 (worst) and 1 (best)
#   meta:
#     ucd: stat.param
# - 
#   name: reference_time
#   datatype: float64
#   unit: d
#   description: Reference time used for the geometric model fit
#   meta:
#     ucd: time.epoch
# - 
#   name: frequency
#   datatype: float64
#   unit: d**-1
#   description: Frequency of geometric model of the eclipsing binary light curve
#   meta:
#     ucd: src.orbital
# - 
#   name: frequency_error
#   datatype: float32
#   unit: d**-1
#   description: "Uncertainty of \\texttt{frequency}"
#   meta:
#     ucd: stat.error
# - 
#   name: geom_model_reference_level
#   datatype: float32
#   unit: mag
#   description: Magnitude reference level of geometric model
#   meta:
#     ucd: phot.mag;em.opt
# - 
#   name: geom_model_reference_level_error
#   datatype: float32
#   unit: mag
#   description: "Uncertainty of \\texttt{geomModelReferenceLevel}"
#   meta:
#     ucd: stat.error;phot.mag;em.opt
# - 
#   name: geom_model_gaussian1_phase
#   datatype: float32
#   description: Phase of the Gaussian 1 component
#   meta:
#     ucd: time.phase
# - 
#   name: geom_model_gaussian1_phase_error
#   datatype: float32
#   description: "Uncertainty of \\texttt{geomModelGaussian1Phase}"
#   meta:
#     ucd: stat.error;time.phase
# - 
#   name: geom_model_gaussian1_sigma
#   datatype: float32
#   description: "Standard deviation [phase] of Gaussian 1 component"
#   meta:
#     ucd: stat.stdev
# - 
#   name: geom_model_gaussian1_sigma_error
#   datatype: float32
#   description: "Uncertainty of \\texttt{geomModelGaussian1Sigma}"
#   meta:
#     ucd: stat.error
# - 
#   name: geom_model_gaussian1_depth
#   datatype: float32
#   unit: mag
#   description: Magnitude depth of Gaussian 1 component
#   meta:
#     ucd: src.var.amplitude
# - 
#   name: geom_model_gaussian1_depth_error
#   datatype: float32
#   unit: mag
#   description: "Uncertainty of \\texttt{geomModelGaussian1Depth}"
#   meta:
#     ucd: stat.error;src.var.amplitude
# - 
#   name: geom_model_gaussian2_phase
#   datatype: float32
#   description: Phase of Gaussian 2 component
#   meta:
#     ucd: time.phase
# - 
#   name: geom_model_gaussian2_phase_error
#   datatype: float32
#   description: "Uncertainty of \\texttt{geomModelGaussian2Phase}"
#   meta:
#     ucd: stat.error;time.phase
# - 
#   name: geom_model_gaussian2_sigma
#   datatype: float32
[...]
#   datatype: float32
#   description: "Secondary eclipse: uncertainty of \\texttt{derivedSecondaryEclDuration}"
#   meta:
#     ucd: stat.error;time.duration
# - 
#   name: derived_secondary_ecl_depth
#   datatype: float32
#   unit: mag
#   description: "Secondary eclipse: depth"
#   meta:
#     ucd: src.var.amplitude
# - 
#   name: derived_secondary_ecl_depth_error
#   datatype: float32
#   unit: mag
#   description: "Secondary eclipse: uncertainty of \\texttt{derivedSecondaryEclDepth}"
#   meta:
#     ucd: stat.error;src.var.amplitude
solution_id,source_id,global_ranking,reference_time,frequency,frequency_error,geom_model_reference_level,geom_model_reference_level_error,geom_model_gaussian1_phase,geom_model_gaussian1_phase_error,geom_model_gaussian1_sigma,geom_model_gaussian1_sigma_error,geom_model_gaussian1_depth,geom_model_gaussian1_depth_error,geom_model_gaussian2_phase,geom_model_gaussian2_phase_error,geom_model_gaussian2_sigma,geom_model_gaussian2_sigma_error,geom_model_gaussian2_depth,geom_model_gaussian2_depth_error,geom_model_cosine_half_period_amplitude,geom_model_cosine_half_period_amplitude_error,geom_model_cosine_half_period_phase,geom_model_cosine_half_period_phase_error,model_type,num_model_parameters,reduced_chi2,derived_primary_ecl_phase,derived_primary_ecl_phase_error,derived_primary_ecl_duration,derived_primary_ecl_duration_error,derived_primary_ecl_depth,derived_primary_ecl_depth_error,derived_secondary_ecl_phase,derived_secondary_ecl_phase_error,derived_secondary_ecl_duration,derived_secondary_ecl_duration_error,derived_secondary_ecl_depth,derived_secondary_ecl_depth_error
[from data line 256]
375316653866487564,5240808743474693120,0.47380096,2176.4626966056776,2.424512858506728,3.020916E-5,19.494215,0.015397529,0.32323727,0.006745397,0.044731658,0.052157868,0.25283426,0.112090826,0.8289197,0.012162985,0.027787717,0.011949989,0.25049755,0.033740643,null,null,null,null,"TWOGAUSSIANS",8,2.7503667,0.32323727,0.006745397,0.25049728,0.15218689,0.25283426,0.11218311,0.8289197,0.012162985,0.15561122,0.06691994,0.25049755,0.03370851
375316653866487564,5240808773496971264,0.459136,2191.2359734810548,3.1920468237852364,2.1041784E-5,17.719696,0.004789747,0.25817004,0.0056864256,0.011746277,0.012321991,0.0021218963,2.953577,null,null,null,null,null,null,0.09961713,0.007037398,0.25817004,0.0056864256,"ONEGAUSSIAN_WITH_ELLIPSOIDAL",6,36.87016,0.25817004,0.0056864256,0.06577916,0.06900315,0.20135595,2.9541826,null,null,null,null,null,null
375316653866487564,5240809155755083392,0.5884602,2223.2714021394368,3.4660499187949685,9.882702E-6,19.152966,0.010545007,0.25061706,0.0033666035,0.036139406,0.005781138,0.2598583,0.02714694,0.75418526,0.0059045167,0.05267139,0.007109128,0.31840017,0.027120324,0.14130759,0.016247083,0.25061706,0.0033666035,"TWOGAUSSIANS_WITH_ELLIPSOIDAL_ON_ECLIPSE1",9,2.134106,0.75418526,0.0059045167,0.2949598,0.039811116,0.60087025,0.013049691,0.25061706,0.0033666035,0.20238067,0.03237437,0.5424704,0.01443733
375316653866487564,5240809258871599872,0.62442255,2240.389864986919,0.8509799716091262,4.1192954E-5,16.814806,0.0023355405,0.27917778,0.0034167736,0.047608387,0.003573103,0.124172375,0.0071936804,0.7783229,0.004210637,0.049495976,0.006918809,0.451376,0.03320319,null,null,null,null,"TWOGAUSSIANS",8,3.9934359,0.7783229,0.004210637,0.27717748,0.03874533,0.4513752,0.033205282,0.27917778,0.0034167736,0.26660696,0.020009378,0.124171585,0.0071930736
375316653866487564,5240809396313723264,0.5418419,2203.085085550678,3.1601014496690736,1.9594981E-5,19.867313,0.012482759,0.21727425,0.0043436303,0.06887626,0.005325506,0.60432374,0.06603245,0.7166132,0.0069665643,0.072271906,0.0056809396,0.6337195,0.0725872,null,null,null,null,"TWOGAUSSIANS",8,1.5856905,0.7166132,0.0069665643,0.4,0.012288002,0.6314251,0.07329724,0.21727425,0.0043436303,0.38570705,0.026419675,0.6020294,0.06680547
375316653866487564,5240809430670270208,0.4574526,2235.6261992484183,0.15936676622285378,4.5723107E-5,19.024193,0.012942359,0.31331757,0.0047474583,0.04068786,0.010144299,0.36841232,0.3270736,0.62050563,0.008730386,0.0049943267,0.005643738,0.31048065,2.20339917E9,0.02965821,0.020646138,0.62050563,0.008730386,"TWOGAUSSIANS_WITH_ELLIPSOIDAL_ON_ECLIPSE2",9,3.59331,0.31219757,0.0042476486,0.22785202,0.056808073,0.375884,0.32474232,0.62050563,0.008730386,0.02796823,0.03160493,0.36979678,2.20339917E9
375316653866487564,5240809636828689792,0.511949,2248.6152216845107,3.7121318382893906,4.365823E-5,16.563911,0.0080277575,0.31767258,0.010073593,0.04519632,0.013332344,0.14890826,0.024313258,0.7936841,0.020586468,0.040419076,0.019032968,0.058053154,0.017577069,0.039610438,0.009304253,0.31767258,0.010073593,"TWOGAUSSIANS_WITH_ELLIPSOIDAL_ON_ECLIPSE1",9,27.54199,0.31767258,0.010073593,0.2530994,0.07466113,0.22812906,0.014873357,0.79725415,0.017056303,0.22634682,0.10658462,0.13575119,0.010266037
375316653866487564,5240810354064907776,0.5117298,2226.504397895901,2.719994815549047,1.2005792E-5,14.452049,0.05995639,0.2763266,0.005624009,0.122487344,0.029794283,0.16163668,0.054997716,0.7639721,0.003965772,0.12473221,0.020512518,0.20555232,0.05726897,null,null,null,null,"TWOGAUSSIANS",8,90.677376,0.7639721,0.003965772,0.4,0.0,0.16310304,0.010618032,0.2764766,0.005506887,0.4,0.0,0.11924661,0.006843717
375316653866487564,5240810461462127232,0.63338,2204.8177960580542,2.107639239443418,4.6735067E-6,16.588932,0.006107696,0.24393442,0.0013752007,0.10544209,0.0058417395,0.19601156,0.00462803,0.74307156,0.00124579,0.09712304,0.0032863347,0.20996995,0.005741414,null,null,null,null,"TWOGAUSSIANS",8,2.6353178,0.74307156,0.00124579,0.4,0.0,0.19094488,0.003108405,0.24393442,0.0013752007,0.4,0.0,0.17698209,0.0067337304
375316653866487564,5240810495822146560,0.59684145,2241.7394436841737,1.5720481607676793,7.2378275E-6,16.248762,0.036579516,0.25130588,0.0027919887,0.12070589,0.015303625,0.15051949,0.034727875,0.7610117,0.0023450195,0.13654964,0.018778797,0.16453299,0.035535824,null,null,null,null,"TWOGAUSSIANS",8,2.7308743,0.76108176,0.0022753961,0.4,0.0,0.120347396,0.002931125,0.25104585,0.0027861767,0.4,0.0,0.10669082,0.0033801894
375316653866487564,5240810701943156224,0.5498353,2202.358620097606,3.007426263561334,1.3713613E-5,19.730574,0.021793317,0.2380585,0.012739605,0.06536146,0.008584614,0.5681751,0.07266548,0.74412304,0.0018865298,0.06826016,0.0030959754,0.6813754,0.02649815,null,null,null,null,"TWOGAUSSIANS",8,2.63691,0.74412304,0.0018865298,0.38225693,0.017337462,0.68041825,0.025974015,0.2380585,0.012739605,0.36602417,0.04807384,0.5672179,0.07245765
375316653866487564,5240811938892463232,0.45844665,2225.125798932339,0.12354855371892724,3.273496E-5,18.99389,0.004630701,0.4388705,0.013516,0.01037067,0.006368691,0.116241984,0.06675182,0.7687262,1.8117839E-4,0.0074455063,3.4999035E-4,1.0216125,0.14869946,null,null,null,null,"TWOGAUSSIANS",8,4.0349145,0.7687262,1.8117839E-4,0.041694835,0.001959946,1.0216125,0.14869946,0.4388705,0.013516,0.058075752,0.03566467,0.116241984,0.06675182
375316653866487564,5240812518714178816,0.4949247,2209.5743834383366,3.7434150202426673,2.9088378E-5,18.491556,0.027872529,0.25193593,0.007809969,0.099100545,0.013317498,0.2551824,0.028057925,0.74202514,0.008378034,0.10502695,0.014350698,0.2763227,0.028435634,null,null,null,null,"TWOGAUSSIANS",8,7.8522553,0.74202514,0.008378034,0.4,0.0,0.2528563,0.014487061,0.25194594,0.007806656,0.4,0.0,0.23172158,0.0137970485
375316653866487564,5240812724871291392,0.49579594,2200.647337940415,0.29289894424873997,2.968531E-5,14.913104,0.0030498945,0.7020053,0.021935357,0.021131659,0.017714411,0.21465549,0.095341966,null,null,null,null,null,null,0.022931753,0.004113864,0.7020053,0.021935357,"ONEGAUSSIAN_WITH_ELLIPSOIDAL",6,42.65565,0.7020053,0.021935357,0.11833729,0.0992007,0.260519,0.09766785,null,null,null,null,null,null
375316653866487564,5240812832241757184,0.5475383,2175.978121213115,1.2928386282242996,1.0888549E-5,19.515154,0.012720248,0.1602019,0.0027634527,0.046225235,0.004089429,0.91551995,0.17110048,0.6639474,0.008715013,0.05361263,0.013968943,0.30127397,0.057110384,null,null,null,null,"TWOGAUSSIANS",8,2.6194637,0.1602019,0.0027634527,0.2588613,0.022900803,0.91551703,0.17110701,0.6639474,0.008715013,0.30023074,0.078226075,0.301271,0.057125546
375316653866487564,5240812901003681024,0.47745752,2198.924759220068,3.5686790179422427,2.8763805E-5,19.315937,0.008399256,0.19564183,0.014185146,0.0977519,0.017483331,0.13124837,0.024970613,0.68217945,0.0031490556,0.06431226,0.006687928,0.17005649,0.007309252,null,null,null,null,"TWOGAUSSIANS",8,1.4798295,0.68217945,0.0031490556,0.36014867,0.037452396,0.16818579,0.0068310234,0.19564183,0.014185146,0.4,0.0,0.129377,0.02569098
375316653866487564,5240813515160535040,0.48321864,2210.940844094332,0.3818616559682865,1.1620679E-5,18.806234,0.0042881845,0.3209189,0.016515031,0.01537318,0.006159274,0.41553208,0.37115568,0.82289284,0.0019985733,0.008494465,0.003895876,0.23075265,0.06990164,null,null,null,null,"TWOGAUSSIANS",8,4.3056045,0.3209189,0.016515031,0.08608981,0.034491934,0.41553208,0.37115568,0.82289284,0.0019985733,0.047569003,0.021816906,0.23075265,0.06990164
375316653866487564,5240813549520271488,0.45359987,2192.0296143742817,0.6954650703404389,6.741316E-5,19.00765,0.0058344407,0.12753657,0.033195205,0.024113284,0.022998841,0.13140143,0.79746336,0.60681665,0.023717435,0.026118763,0.007258303,0.49455455,0.41019872,null,null,null,null,"TWOGAUSSIANS",8,4.465189,0.60681665,0.023717435,0.14626507,0.040646497,0.49455455,0.41019872,0.12753657,0.033195205,0.13503438,0.12879352,0.13140143,0.79746336
375316653866487564,5240813691280930816,0.49011722,2186.0207746385367,4.140492966753181,4.6156634E-5,19.141287,0.006895161,0.21376295,0.0054231617,0.0080438135,0.0047217105,0.60594684,174.56467,0.7124889,0.013019165,0.0483324,0.0139890155,0.053523008,0.015298118,null,null,null,null,"TWOGAUSSIANS",8,3.4207532,0.21376295,0.0054231617,0.045045357,0.026441578,0.60594684,174.56467,0.7124889,0.013019165,0.27066144,0.07833849,0.053523008,0.015298118
375316653866487564,5240813858758397440,0.56997985,2165.935239173906,2.4737890194691547,1.081675E-5,18.64526,0.018997658,0.22481154,0.004540579,0.10560949,0.009114991,0.25092006,0.018422605,0.720252,0.002458628,0.0918843,0.0070611113,0.28477615,0.016700225,null,null,null,null,"TWOGAUSSIANS",8,1.3805743,0.720252,0.002458628,0.4,0.0,0.2645031,0.009869286,0.22481154,0.004540579,0.4,0.0,0.23064028,0.008330138
375316653866487564,5240813863033443200,0.5591657,2209.279922344089,3.1553900985813597,1.9127674E-5,19.614483,0.009219833,0.23369414,0.010408957,0.066467635,0.007833395,0.5559049,0.047264893,0.741752,0.0064500705,0.0764277,0.005884594,0.5920938,0.033686984,null,null,null,null,"TWOGAUSSIANS",8,1.6240243,0.741752,0.0064500705,0.4,0.0,0.5900301,0.033369195,0.23369414,0.010408957,0.37221873,0.03754455,0.55384123,0.047392096
375316653866487564,5240814236701874048,0.49213523,2180.424119525597,2.5481727721235226,2.9936135E-5,18.816214,0.035001602,0.24836971,0.010360721,0.088493325,0.02873492,0.12907174,0.029730488,0.73369104,0.0053017656,0.065813534,0.009441505,0.47968423,0.05164907,null,null,null,null,"TWOGAUSSIANS",8,10.557208,0.73369104,0.0053017656,0.3685558,0.048332114,0.47801974,0.049459398,0.24836971,0.010360721,0.4,0.0,0.12740721,0.023245376
375316653866487564,5240814412832119424,0.568237,2183.487212609685,3.202999850661661,7.774871E-6,18.288876,0.007941833,0.2687492,0.003447889,0.06467504,0.0033426655,0.5336809,0.014397489,0.7738138,0.0014266239,0.061499916,0.0036489153,0.47878304,0.025007077,null,null,null,null,"TWOGAUSSIANS",8,4.9879766,0.2687492,0.003447889,0.36218023,0.018718928,0.5333452,0.014370326,0.7738138,0.0014266239,0.34439954,0.020433925,0.47844735,0.025160363
375316653866487564,5240814962544228096,0.52329046,2198.839307593195,2.544696815116143,1.101983E-5,18.394648,0.011309376,0.20143628,0.0028534397,0.09139058,0.006799057,0.21454488,0.017416121,0.7056885,0.002900717,0.09035845,0.006797966,0.25830314,0.013087343,null,null,null,null,"TWOGAUSSIANS",8,2.9862993,0.7056885,0.002900717,0.4,0.0,0.24828458,0.013368432,0.20143628,0.0028534397,0.4,0.0,0.20452632,0.017245263
375316653866487564,5240814962545094016,0.42337394,2200.2109418790983,0.08885192584227913,1.8527465E-4,18.735678,0.010764723,0.17903545,0.010331528,0.06516306,0.011014439,0.11129842,0.016626721,0.63028353,0.012228885,0.09273484,0.031539243,0.08002715,0.017163709,null,null,null,null,"TWOGAUSSIANS",8,5.088841,0.17903545,0.010330183,0.36491314,0.061680857,0.11087055,0.016080743,0.63028353,0.012228885,0.4,0.0,0.079598695,0.017581495
375316653866487564,5240815065667132160,0.6435438,2205.63516077487,0.4107174039089652,2.9394116E-6,13.015704,0.0021536702,0.2237945,5.488207E-4,0.02510705,5.4616906E-4,0.5678923,0.009662019,0.7818276,0.006892852,0.024161477,0.0029891566,0.43758902,0.13977455,0.007805249,0.0036195798,0.2237945,5.488207E-4,"TWOGAUSSIANS_WITH_ELLIPSOIDAL_ON_ECLIPSE1",9,47.850056,0.2237945,5.488207E-4,0.14059949,0.0030585467,0.5835028,0.008576575,0.7818276,0.006892852,0.13530427,0.016739277,0.45121434,0.13943198
375316653866487564,5240815134343906560,0.61564726,2188.322936912522,3.063891235873434,5.472192E-6,18.549925,0.026282132,0.25786316,0.0020859486,0.0522185,0.0056088883,0.38498595,0.056341894,0.7521669,0.013362791,0.058391783,0.016565552,0.42454714,0.056905814,0.09892278,0.029608695,0.25786316,0.0020859486,"TWOGAUSSIANS_WITH_ELLIPSOIDAL_ON_ECLIPSE1",9,3.2378886,0.7527969,0.012392584,0.326994,0.0927671,0.6221345,0.036961775,0.25786316,0.0020859486,0.2924236,0.031409774,0.5827985,0.0220863
375316653866487564,5240815198774680448,0.6219811,2194.133459909127,2.903469726499684,4.014322E-6,18.220724,0.010777897,0.23431443,0.0010777902,0.04324401,0.0031188799,0.32126927,0.025997976,0.7330006,0.0016630228,0.053653833,0.0024579032,0.45189294,0.023556508,0.108926885,0.013177783,0.23431443,0.0010777902,"TWOGAUSSIANS_WITH_ELLIPSOIDAL_ON_ECLIPSE1",9,3.9157586,0.7331306,0.001485936,0.30046147,0.0137642585,0.66972435,0.013656025,0.23431443,0.0010777902,0.24216646,0.017465727,0.53911406,0.0151641825
375316653866487564,5240815477940322816,0.4326683,2222.533121457478,1.235866754439826,2.7351878E-5,19.495567,0.021619197,0.33269075,0.02876607,0.025019478,0.012215041,0.95148194,0.62985057,0.76077324,0.011881644,0.057457,0.0068555046,0.35437468,0.054863404,null,null,null,null,"TWOGAUSSIANS",8,6.485115,0.33269075,0.02876607,0.14010908,0.06840423,0.95148194,0.62985057,0.76077324,0.011881644,0.32175922,0.038390826,0.35437468,0.054863404
375316653866487564,5240815512343636736,0.4467774,2190.099970754526,1.970943377795011,3.9902778E-5,16.112812,0.010372593,0.23558776,0.008605633,0.08750969,0.011466233,0.104649775,0.015295553,0.74644446,0.01746885,0.07835096,0.016931338,0.138534,0.019318938,null,null,null,null,"TWOGAUSSIANS",8,75.57669,0.74644446,0.01746885,0.4,0.0015244426,0.13646053,0.019717047,0.23558776,0.008605633,0.4,0.0,0.102576286,0.014303653
375316653866487564,5240815581063240832,0.59464145,2224.3815589177075,3.7073589560719404,7.312675E-6,18.059965,0.029477183,0.21219662,0.002028224,0.052147716,0.009390336,0.3168564,0.058000866,0.7028651,0.0026569278,0.048350792,0.009633148,0.21876803,0.0627523,0.10067178,0.03649773,0.21219662,0.002028224,"TWOGAUSSIANS_WITH_ELLIPSOIDAL_ON_ECLIPSE1",9,5.9156594,0.21219662,0.002028224,0.2920272,0.052585885,0.5181962,0.02920968,0.7042151,0.0021492608,0.27076444,0.053945627,0.41951665,0.013089667
375316653866487564,5240815645449036544,0.55231977,2203.691468376703,1.918390536702535,2.3343302E-5,18.20314,0.006051506,0.23467696,0.0046806266,0.04074012,0.004559307,0.5150048,0.021646816,0.7443443,0.0057844957,0.04111456,0.0064357887,0.43282577,0.10952174,null,null,null,null,"TWOGAUSSIANS",8,9.988912,0.23467696,0.0046806266,0.22814469,0.025532119,0.5150048,0.021646816,0.7443443,0.0057844957,0.23024154,0.036040418,0.43282574,0.10952175
375316653866487564,5240816096416884864,0.48130715,2210.7431291650873,2.735974133701825,2.2592354E-5,19.21887,0.26720363,0.29463175,0.008786548,0.14635839,0.08123309,0.30645645,0.24529521,0.8005864,0.006637567,0.12207301,0.03767476,0.30441025,0.24192598,null,null,null,null,"TWOGAUSSIANS",8,2.2412643,0.29457176,0.008705129,0.4,0.0,0.20374613,0.034615632,0.8008564,0.0061260904,0.4,0.0,0.2033663,0.021539269
375316653866487564,5240816165136411264,0.5621805,2182.692959399219,4.033244586694676,1.2957065E-5,19.058062,0.010138346,0.21166284,0.005447244,0.086779796,0.0069937473,0.34161702,0.024840046,0.7127435,0.0042257295,0.0661772,0.004203435,0.64805263,0.051819857,null,null,null,null,"TWOGAUSSIANS",8,2.7583625,0.7127435,0.0042257295,0.3705923,0.023539236,0.64392185,0.052788362,0.21166284,0.005447244,0.4,0.0,0.3374862,0.025494331
375316653866487564,5240816405697000832,0.5621429,2209.362934143888,1.0167383484147965,1.0753547E-5,15.823134,7.23964E-4,null,null,null,null,null,null,null,null,null,null,null,null,0.03725482,9.150677E-4,0.2408863,0.0027114695,"ELLIPSOIDAL",4,3.8024507,null,null,null,null,null,null,null,null,null,null,null,null
375316653866487564,5240816749251780352,0.5305119,2159.57922722415,3.5345122182385342,1.7523069E-5,19.83872,0.017011533,0.19184117,0.0056975544,0.059386775,0.006750544,0.51971775,0.03593991,0.69016355,0.0043432233,0.06497212,0.004258033,0.5805709,0.036834992,null,null,null,null,"TWOGAUSSIANS",8,2.7163785,0.69016355,0.0043432233,0.36384383,0.023844985,0.5802489,0.036797155,0.19184117,0.0056975544,0.33256593,0.037803046,0.51939577,0.035936404
