Gaia/vari_eclipsing_binary/VariEclipsingBinary_145583-147785.csv
# %ECSV 1.0
# ---
# delimiter: ','
# meta: !!omap
# - RELEASE: Gaia DR3
# - TABLE: vari_eclipsing_binary
# - DESCRIPTION: >
#     This table describes the properties of the eclipsing binaries resulting from the variability analysis. 
# - CITATION: >
#     How to cite and acknowledge Gaia: 
#     https://gea.esac.esa.int/archive/documentation/credits.html 
# - KNOWN_ISSUES: >
#     Known issues: 
#     https://www.cosmos.esa.int/web/gaia-users/known-issues 
# - DOCUMENTATION: >
#     Tutorials and documentation: 
#     https://www.cosmos.esa.int/web/gaia-users/archive 
# datatype:
# - 
#   name: solution_id
#   datatype: int64
#   description: Solution Identifier
#   meta:
#     ucd: meta.version
# - 
#   name: source_id
#   datatype: int64
#   description: Unique source identifier
#   meta:
#     ucd: meta.id;meta.main
# - 
#   name: global_ranking
#   datatype: float32
#   description: Number between 0 (worst) and 1 (best)
#   meta:
#     ucd: stat.param
# - 
#   name: reference_time
#   datatype: float64
#   unit: d
#   description: Reference time used for the geometric model fit
#   meta:
#     ucd: time.epoch
# - 
#   name: frequency
#   datatype: float64
#   unit: d**-1
#   description: Frequency of geometric model of the eclipsing binary light curve
#   meta:
#     ucd: src.orbital
# - 
#   name: frequency_error
#   datatype: float32
#   unit: d**-1
#   description: "Uncertainty of \\texttt{frequency}"
#   meta:
#     ucd: stat.error
# - 
#   name: geom_model_reference_level
#   datatype: float32
#   unit: mag
#   description: Magnitude reference level of geometric model
#   meta:
#     ucd: phot.mag;em.opt
# - 
#   name: geom_model_reference_level_error
#   datatype: float32
#   unit: mag
#   description: "Uncertainty of \\texttt{geomModelReferenceLevel}"
#   meta:
#     ucd: stat.error;phot.mag;em.opt
# - 
#   name: geom_model_gaussian1_phase
#   datatype: float32
#   description: Phase of the Gaussian 1 component
#   meta:
#     ucd: time.phase
# - 
#   name: geom_model_gaussian1_phase_error
#   datatype: float32
#   description: "Uncertainty of \\texttt{geomModelGaussian1Phase}"
#   meta:
#     ucd: stat.error;time.phase
# - 
#   name: geom_model_gaussian1_sigma
#   datatype: float32
#   description: "Standard deviation [phase] of Gaussian 1 component"
#   meta:
#     ucd: stat.stdev
# - 
#   name: geom_model_gaussian1_sigma_error
#   datatype: float32
#   description: "Uncertainty of \\texttt{geomModelGaussian1Sigma}"
#   meta:
#     ucd: stat.error
# - 
#   name: geom_model_gaussian1_depth
#   datatype: float32
#   unit: mag
#   description: Magnitude depth of Gaussian 1 component
#   meta:
#     ucd: src.var.amplitude
# - 
#   name: geom_model_gaussian1_depth_error
#   datatype: float32
#   unit: mag
#   description: "Uncertainty of \\texttt{geomModelGaussian1Depth}"
#   meta:
#     ucd: stat.error;src.var.amplitude
# - 
#   name: geom_model_gaussian2_phase
#   datatype: float32
#   description: Phase of Gaussian 2 component
#   meta:
#     ucd: time.phase
# - 
#   name: geom_model_gaussian2_phase_error
#   datatype: float32
#   description: "Uncertainty of \\texttt{geomModelGaussian2Phase}"
#   meta:
#     ucd: stat.error;time.phase
# - 
#   name: geom_model_gaussian2_sigma
#   datatype: float32
[...]
#   datatype: float32
#   description: "Secondary eclipse: uncertainty of \\texttt{derivedSecondaryEclDuration}"
#   meta:
#     ucd: stat.error;time.duration
# - 
#   name: derived_secondary_ecl_depth
#   datatype: float32
#   unit: mag
#   description: "Secondary eclipse: depth"
#   meta:
#     ucd: src.var.amplitude
# - 
#   name: derived_secondary_ecl_depth_error
#   datatype: float32
#   unit: mag
#   description: "Secondary eclipse: uncertainty of \\texttt{derivedSecondaryEclDepth}"
#   meta:
#     ucd: stat.error;src.var.amplitude
solution_id,source_id,global_ranking,reference_time,frequency,frequency_error,geom_model_reference_level,geom_model_reference_level_error,geom_model_gaussian1_phase,geom_model_gaussian1_phase_error,geom_model_gaussian1_sigma,geom_model_gaussian1_sigma_error,geom_model_gaussian1_depth,geom_model_gaussian1_depth_error,geom_model_gaussian2_phase,geom_model_gaussian2_phase_error,geom_model_gaussian2_sigma,geom_model_gaussian2_sigma_error,geom_model_gaussian2_depth,geom_model_gaussian2_depth_error,geom_model_cosine_half_period_amplitude,geom_model_cosine_half_period_amplitude_error,geom_model_cosine_half_period_phase,geom_model_cosine_half_period_phase_error,model_type,num_model_parameters,reduced_chi2,derived_primary_ecl_phase,derived_primary_ecl_phase_error,derived_primary_ecl_duration,derived_primary_ecl_duration_error,derived_primary_ecl_depth,derived_primary_ecl_depth_error,derived_secondary_ecl_phase,derived_secondary_ecl_phase_error,derived_secondary_ecl_duration,derived_secondary_ecl_duration_error,derived_secondary_ecl_depth,derived_secondary_ecl_depth_error
[from data line 141]
375316653866487564,1293510185232185088,0.4305682,2197.4143210605357,1.259457031082765,1.2166122E-4,17.189178,0.0078290505,0.33464146,0.02652948,0.10491816,0.04045808,0.057230685,0.03619272,0.65511537,0.023446849,0.07009132,0.030504005,0.14398804,0.027082346,null,null,null,null,"TWOGAUSSIANS",8,3.7099056,0.65511537,0.023446849,0.3925114,0.04427288,0.14444189,0.027995182,0.33469146,0.025894206,0.4,0.0,0.05714964,0.036327366
375316653866487564,1293740601635911168,0.4902522,2215.3947962291645,0.3104187990787094,4.308768E-5,12.119224,0.0025663583,0.393324,0.0011909129,0.0070192534,0.003772825,0.072779916,0.26446605,0.8704769,0.009779385,0.009206995,0.008301161,0.37540612,0.20508987,null,null,null,null,"TWOGAUSSIANS",8,458.3987,0.8704769,0.009779385,0.051559176,0.0464865,0.37540612,0.20508987,0.393324,0.0011909129,0.039307818,0.02112782,0.072779916,0.26446605
375316653866487564,1293794885727804288,0.46156618,2133.755064932524,2.446089956817542,2.4610626E-5,18.579716,0.00711563,0.22194533,0.010875296,0.046470117,0.010459738,0.06730024,0.012292312,0.722233,0.004217028,0.04791717,0.03531768,0.23917003,0.14664823,null,null,null,null,"TWOGAUSSIANS",8,2.8989193,0.722233,0.004217028,0.26833615,0.13053994,0.23916982,0.14682905,0.22194533,0.010875296,0.26023266,0.05857453,0.06730004,0.0122598875
375316653866487564,1293825813788292608,0.6271358,2140.12847046801,2.9284924105993744,4.918338E-6,14.044951,0.011099731,0.23435168,0.0013533254,0.054117523,0.0032094382,0.42135543,0.020842018,0.7343812,0.0019944701,0.051134285,0.0032627264,0.30827272,0.024371175,0.089092225,0.012457066,0.23435168,0.0013533254,"TWOGAUSSIANS_WITH_ELLIPSOIDAL_ON_ECLIPSE1",9,143.8546,0.23435168,0.0013533254,0.30305812,0.017972855,0.5995281,0.009624677,0.7343812,0.0018549905,0.286352,0.018271267,0.48644537,0.011061353
375316653866487564,1293978233587894656,0.5478324,2173.3995059621525,2.9326364782706493,5.6974873E-6,15.2615595,0.013275395,0.2651512,0.0024351808,0.09050336,0.00599966,0.2481167,0.011848764,0.7574701,0.0030136695,0.09514359,0.005621595,0.28362307,0.01387215,null,null,null,null,"TWOGAUSSIANS",8,85.90223,0.7574701,0.0030136695,0.4,0.0,0.27099428,0.009769,0.2651512,0.0024351808,0.4,0.0,0.23548838,0.0070984806
375316653866487564,1294132985553695488,0.4770359,2157.957093588017,0.0317019914778915,2.0460016E-5,18.561985,0.047389045,0.24332252,0.004872477,0.021389952,0.003672139,0.13144156,0.020105548,0.64208466,0.011864889,0.18556382,0.045990758,0.1690412,0.0447975,null,null,null,null,"TWOGAUSSIANS",8,4.024246,0.64208466,0.011864889,0.4,0.0,0.16007616,0.017622748,0.24395253,0.004712621,0.11978373,0.020563979,0.14021763,0.022216067
375316653866487564,1294394531882062336,0.5938391,2163.5160941949107,4.774075154844875,6.2415083E-6,17.883537,0.029238509,0.20521697,0.0018473454,0.057898704,0.011893149,0.2048039,0.06266207,0.7085598,0.010288679,0.05728242,0.012631519,0.1379008,0.07522628,0.09789875,0.037691317,0.20521697,0.0018473454,"TWOGAUSSIANS_WITH_ELLIPSOIDAL_ON_ECLIPSE1",9,5.3101487,0.20521697,0.0018473454,0.32423273,0.066601634,0.40057504,0.015550829,0.7085598,0.008875547,0.32078156,0.070736505,0.33358556,0.03000443
375316653866487564,1294429961068300800,0.54115635,2165.952509044433,3.806746690343917,1.7101722E-5,16.83117,0.014258244,0.29215863,0.0050701876,0.096385375,0.009180233,0.26236308,0.013981177,0.7887263,0.0042207097,0.09018406,0.006004146,0.28962255,0.015782673,null,null,null,null,"TWOGAUSSIANS",8,24.550367,0.7887263,0.0042207097,0.4,0.0,0.27519745,0.01071183,0.29215863,0.0050701876,0.4,0.0,0.24793735,0.010404422
375316653866487564,1294503009871131008,0.5827608,2145.1754251137354,3.6167114041360136,7.1336053E-6,14.790629,0.092577085,0.2462466,0.003098804,0.06025309,0.011931094,0.47215527,0.1868005,0.7566181,0.0032670118,0.052276585,0.0164807,0.3194089,0.18727835,0.097996466,0.10290259,0.7566181,0.0032670118,"TWOGAUSSIANS_WITH_ELLIPSOIDAL_ON_ECLIPSE2",9,308.19354,0.2473466,0.0024234036,0.3374173,0.06554682,0.6673597,0.03476233,0.7566181,0.0032670118,0.29274887,0.092291914,0.51535636,0.026092226
375316653866487564,1294605775553219328,0.5317894,2151.711314978133,1.4823661452190773,9.086032E-6,14.781653,0.0048128488,0.21623811,0.0015871793,0.037461907,0.0026145012,0.14515431,0.010128245,0.7156519,0.006075226,0.065129854,0.021483835,0.05001502,0.011316421,0.013847051,0.005438991,0.21623811,0.0015871793,"TWOGAUSSIANS_WITH_ELLIPSOIDAL_ON_ECLIPSE1",9,21.642414,0.21623811,0.0015871793,0.20978668,0.014641207,0.1728186,0.005087907,0.71574193,0.005214151,0.36472717,0.11911681,0.07767899,0.012821091
375316653866487564,1294832038726700672,0.45728526,2153.218067564416,4.173605244240817,6.8195055E-5,19.13662,0.010795542,0.15866892,0.004007532,0.016677156,0.0068942374,0.36035225,0.4278029,0.25879022,0.07355198,0.1328618,0.08831507,0.043485966,0.015341745,null,null,null,null,"TWOGAUSSIANS",8,2.4967813,0.15880892,0.0039270753,0.093392074,0.038607728,0.39302924,0.4338728,0.25879022,0.07355198,0.4,0.11958666,0.04341285,0.015387267
375316653866487564,1294838257839371008,0.51855445,2206.9096157360873,4.211255580828833,7.711121E-6,18.85466,0.0048909634,0.25530478,0.0017474915,0.0489082,0.0019144567,0.4146996,0.01692207,0.76815146,0.007716839,0.08335128,0.006408709,0.1702202,0.009691806,null,null,null,null,"TWOGAUSSIANS",8,3.3911111,0.25530478,0.0017474915,0.2738859,0.010720958,0.41445515,0.016935838,0.76815146,0.007716839,0.4,0.0,0.16997573,0.009659682
375316653866487564,1294989779989185152,0.53195465,2180.1770333486415,1.1710747737495535,2.9028E-5,18.800364,0.0052833688,0.11616472,0.008028382,0.0141698625,0.0073145544,0.29465026,0.37453622,0.615905,0.0010697833,0.016924907,8.7250705E-4,0.6688143,0.027507072,null,null,null,null,"TWOGAUSSIANS",8,6.3037243,0.615905,0.0010697833,0.09477948,0.0048860395,0.6688143,0.027507072,0.11616472,0.008028382,0.07935123,0.040961504,0.29465026,0.37453622
375316653866487564,1295009987811439744,0.62425596,2174.0275858156792,4.249582212976649,2.4846217E-6,15.275318,0.006277819,0.23602088,0.0016956673,0.038791742,0.0022313623,0.22309268,0.014819613,0.7376404,3.8722434E-4,0.040753737,9.444588E-4,0.5819374,0.014061418,0.044418827,0.008555106,0.23602088,0.0016956673,"TWOGAUSSIANS_WITH_ELLIPSOIDAL_ON_ECLIPSE1",9,46.35647,0.7376404,3.8722434E-4,0.22822092,0.0052889693,0.6707658,0.010150361,0.23602088,0.0016956673,0.21723376,0.012495629,0.3119303,0.0070275753
375316653866487564,1295254010673349888,0.5814312,2161.100528792253,1.1033356231184819,1.09667235E-5,10.242905,0.0026076625,0.13705331,0.004795756,0.026641384,0.012133121,0.04355078,0.023462867,0.63485813,0.0017525903,0.03640373,0.0019091818,0.33162206,0.023332298,0.016642634,0.004597291,0.13705331,0.004795756,"TWOGAUSSIANS_WITH_ELLIPSOIDAL_ON_ECLIPSE1",9,72.206375,0.63487816,0.0017284214,0.20386088,0.010691418,0.36490104,0.023714704,0.13705331,0.004795756,0.14919175,0.06794547,0.07683601,0.02684329
375316653866487564,1295299262448771584,0.4461706,2174.508896020765,0.35422872046204423,2.882606E-5,17.141724,0.004079867,0.18160781,0.0055049933,0.036666613,0.006288207,0.4066078,0.24636397,0.4550802,0.022148022,0.09426704,0.023128757,0.06865074,0.021454476,null,null,null,null,"TWOGAUSSIANS",8,31.807657,0.18170781,0.005493418,0.20533304,0.03521396,0.40763056,0.24652056,0.4550802,0.022148022,0.4,0.0,0.068650626,0.02145501
375316653866487564,1295307027749633408,0.5887852,2182.7870062175693,4.080616125621282,5.4665043E-6,18.50585,0.008286056,0.27301282,0.0105861565,0.042073783,0.01109562,0.30271414,0.02430476,0.78547215,0.0021432817,0.0432123,0.0050350027,0.2451014,0.023800679,0.1226301,0.012476012,0.78547215,0.0021432817,"TWOGAUSSIANS_WITH_ELLIPSOIDAL_ON_ECLIPSE2",9,4.447836,0.2742728,0.009433624,0.23561318,0.06213547,0.54662615,0.01595666,0.78547215,0.0021432817,0.24198888,0.028196014,0.49036154,0.023069158
375316653866487564,1295354341109059328,0.4771066,2150.8452770216963,0.3882413565921937,1.9556378E-6,17.628273,0.0038409084,0.2304867,2.733436E-7,0.001246671,2.193897E-5,1.3986372,0.05698597,0.6254199,0.03177393,0.030078214,0.0087222615,0.03259724,0.010317595,null,null,null,null,"TWOGAUSSIANS",8,14.313565,0.2304867,2.733436E-7,0.0069813575,1.2285823E-4,1.3986372,0.05698597,0.6254199,0.03177393,0.168438,0.04884466,0.03259724,0.010317595
375316653866487564,1295463948674565376,0.4332944,2181.7199748647026,0.5922386700694672,1.434305E-4,12.705703,0.0019941027,0.22014707,1.51671E-6,0.003196297,4.338187E-5,1.0890876,0.035604246,0.8426877,0.0052872174,0.025108224,0.0037837478,1.1701798,0.24736854,null,null,null,null,"TWOGAUSSIANS",8,289.757,0.8426877,0.0052872174,0.14060606,0.021188987,1.1701798,0.24736854,0.22014707,1.51671E-6,0.017899264,2.4293848E-4,1.0890876,0.035604246
375316653866487564,1295547339759673856,0.6304035,2173.546088846874,1.2681166616752255,3.7467464E-6,15.210248,0.0048928214,0.28019416,0.0014112713,0.07992718,0.0025768825,0.29689756,0.0059706275,0.7714697,0.002328426,0.081628904,0.0016872896,0.4881363,0.009516149,null,null,null,null,"TWOGAUSSIANS",8,32.57531,0.7714697,0.002328426,0.4,0.0,0.48278803,0.009002183,0.28019416,0.0014112713,0.4,0.0,0.2915493,0.005779521
375316653866487564,1295609702684849920,0.54029536,2167.858076696949,2.3214493277962163,6.2257E-6,15.332281,0.017433995,0.3064099,0.0033970529,0.076084316,0.005453895,0.6463222,0.039160438,0.82018274,0.0022541936,0.05922759,0.0037896044,0.4461505,0.017862076,null,null,null,null,"TWOGAUSSIANS",8,489.58963,0.3064099,0.0033970529,0.4,0.0,0.6455149,0.03928425,0.82018274,0.0022541936,0.3316745,0.021221785,0.44534323,0.01753081
375316653866487564,1295671687652902144,0.594637,2203.8195100650382,2.9739503842383495,5.620457E-6,14.62911,0.021288605,0.30655947,0.004435102,0.067934416,0.004408488,0.39831442,0.04882944,0.8009419,0.0025575007,0.055642627,0.006757934,0.3581759,0.040584255,0.07219368,0.024250235,0.8009419,0.0025575007,"TWOGAUSSIANS_WITH_ELLIPSOIDAL_ON_ECLIPSE2",9,185.79758,0.30589947,0.0037387793,0.38043272,0.024687534,0.5422031,0.019034307,0.8009419,0.0025575007,0.31159872,0.03784443,0.5022235,0.017683366
375316653866487564,1295687527492309120,0.5377498,2181.239805670705,0.297300050443677,1.7183544E-5,17.409473,0.0037151068,0.13052297,2.0075898E-4,0.0045167143,3.44121E-4,1.2697215,0.2848406,0.8343373,0.018182741,0.037452538,0.03211419,0.042183045,2.3770123,0.009740413,0.0050682244,0.8343373,0.018182741,"TWOGAUSSIANS_WITH_ELLIPSOIDAL_ON_ECLIPSE2",9,11.042541,0.13052297,2.0075898E-4,0.025293602,0.0019270778,1.2713165,0.2847267,0.8343373,0.018182741,0.2097342,0.17983946,0.061663825,2.380122
375316653866487564,1295708379557416448,0.46713167,2201.0827510641516,0.3929780864628313,1.2075285E-5,19.771988,0.0070822714,0.25733593,0.030620188,0.061275538,0.030588726,0.112695575,0.1191133,0.94195753,0.004380411,0.014353242,0.0033423593,3.1701615,20.657015,null,null,null,null,"TWOGAUSSIANS",8,2.7608736,0.94195753,0.004380411,0.08037815,0.01871721,3.1701617,20.657015,0.25733593,0.030620188,0.34314302,0.16088659,0.112695575,0.1191133
375316653866487564,1295862242465974144,0.48035112,2170.9786117299172,0.5078258784525975,2.8101527E-5,18.62321,0.006071953,0.16188139,0.005242813,0.021330586,0.005557087,0.10657349,0.021305637,0.6651686,0.0030137023,0.007795845,0.0064674616,0.3158509,1.0237436,null,null,null,null,"TWOGAUSSIANS",8,7.7127237,0.6651686,0.0030137023,0.043656733,0.036217786,0.3158509,1.0237436,0.16188139,0.005242813,0.11945128,0.031119686,0.10657349,0.021305637
375316653866487564,1295885744527172864,0.5226144,2185.5611239165814,0.49812822310404753,5.0039143E-5,17.735497,0.039475784,0.18543953,0.0070689274,0.062690526,0.04374979,0.11304519,0.023580208,0.6738955,0.032194253,0.032008663,0.07470541,0.69798315,0.5559005,null,null,null,null,"TWOGAUSSIANS",8,19.51426,0.6738955,0.032202106,0.17924851,0.22185776,0.69798297,0.56891733,0.18543953,0.0070753056,0.35106695,0.10429281,0.113045014,0.012985917
375316653866487564,1295955121134880384,0.5501302,2164.149043958078,4.124978539375699,8.443486E-6,18.83312,0.0134939235,0.25068054,0.0030592205,0.049848627,0.0065289815,0.21910599,0.03870655,0.7463784,0.004931986,0.060682066,0.0054947375,0.2165055,0.04070391,0.084017105,0.025892314,0.25068054,0.0030592205,"TWOGAUSSIANS_WITH_ELLIPSOIDAL_ON_ECLIPSE1",9,3.4966567,0.25068054,0.0030592205,0.27915233,0.036562297,0.3871062,0.019035371,0.7471684,0.0038163427,0.33981958,0.030770529,0.38440555,0.018349916
375316653866487564,1296000407270033408,0.6198526,2138.4526105221807,3.526274909652993,4.1493513E-6,15.693465,0.0056099882,0.19622535,9.1974594E-4,0.049428817,0.0023817064,0.23979534,0.01249112,0.69551665,0.0028222913,0.04137037,0.0048064324,0.19318376,0.022371873,0.10623188,0.0072783395,0.19622535,9.1974594E-4,"TWOGAUSSIANS_WITH_ELLIPSOIDAL_ON_ECLIPSE1",9,29.658247,0.19622535,9.1974594E-4,0.27680138,0.013337555,0.45225805,0.005799585,0.69560665,0.0026144774,0.23167406,0.02691602,0.4056428,0.022842627
375316653866487564,1296089502071510400,0.49233937,2146.567728834975,3.9904478270220802,1.758057E-5,15.450329,0.036489774,0.25812763,0.008184713,0.11074754,0.027237862,0.17800485,0.03006782,0.72759914,0.005603655,0.11385866,0.015539384,0.23303252,0.034872387,null,null,null,null,"TWOGAUSSIANS",8,100.85699,0.72759914,0.005603655,0.4,0.0,0.20802249,0.016327891,0.25823763,0.008309367,0.4,0.0,0.15302262,0.009619123
375316653866487564,1296100050511195392,0.52648234,2153.9303662642437,1.543258407828022,3.9421266E-5,18.223558,0.005674324,0.29686603,0.011254384,0.053898327,0.018156782,0.14965604,0.02227886,0.7973078,0.025118314,0.015787972,0.012772356,1.1449857,38.54342,null,null,null,null,"TWOGAUSSIANS",8,8.6560545,0.7973078,0.025118314,0.08841264,0.071525194,1.1449857,38.54342,0.29686603,0.011254384,0.30183062,0.101677984,0.14965604,0.02227886
375316653866487564,1296273738989117184,0.59244335,2151.3343327629714,3.7107050211425934,4.6668642E-6,14.7466955,0.0071294666,0.2969865,0.003344727,0.04971587,0.004714702,0.16102809,0.018312994,0.801226,0.0013879682,0.0523634,0.004079057,0.21641324,0.01923089,0.0918519,0.010885472,0.801226,0.0013879682,"TWOGAUSSIANS_WITH_ELLIPSOIDAL_ON_ECLIPSE2",9,105.82125,0.801226,0.0013879682,0.29323503,0.022842718,0.40011355,0.016481167,0.29775646,0.0026690287,0.27840886,0.02640233,0.3446218,0.009298761
375316653866487564,1296296760013925888,0.5357359,2167.222337498873,3.933256262707223,1.09348275E-5,17.880424,0.0126577355,0.25334534,0.0040381784,0.09514046,0.0068944194,0.26110804,0.013750437,0.74716055,0.004441274,0.08874417,0.007864596,0.26726788,0.013416226,null,null,null,null,"TWOGAUSSIANS",8,6.401899,0.74716055,0.004441274,0.4,0.0,0.25532925,0.012442135,0.25334534,0.0040381784,0.4,0.0,0.24916892,0.011121419
375316653866487564,1296310533972094464,0.54913825,2138.7675493978827,3.4760105520012865,1.2324171E-5,18.951246,0.003098551,0.5274112,0.0028485837,0.08610311,0.003644778,0.40700904,0.016848456,0.81370395,0.023051644,0.027852321,0.015727615,0.036945775,0.016284429,null,null,null,null,"TWOGAUSSIANS",8,1.6628476,0.5274112,0.0028485837,0.4,0.0,0.407009,0.016848503,0.81370395,0.023051644,0.155973,0.08807464,0.03856347,0.015514049
375316653866487564,1296464435536564864,0.5785498,2175.6489642288648,0.08572619372464597,3.7210943E-5,17.601486,0.0010703327,0.32442683,0.037853662,0.019989707,0.015884742,0.37026882,0.2806161,0.70422506,0.012380178,0.012839797,0.021462603,0.015233459,0.0028598707,null,null,null,null,"TWOGAUSSIANS",8,1.1475394,0.32442683,0.037853662,0.11194236,0.08895456,0.37026882,0.2806161,0.70422506,0.012380178,0.07190286,0.120190576,0.015233459,0.0028598707
375316653866487564,1296519823435206656,0.55274475,2160.474029429966,4.195131693875832,5.964293E-6,17.4966,0.0061000655,0.24695423,0.0024316956,0.079791166,0.0041915234,0.21595377,0.0068109604,0.74977046,0.003633157,0.07561724,0.0032047913,0.24652019,0.008590975,null,null,null,null,"TWOGAUSSIANS",8,5.061583,0.74977046,0.003633157,0.4,0.0,0.2440661,0.0079368,0.24695423,0.0024316956,0.4,0.0,0.2134997,0.0065184683
