Gaia/vari_eclipsing_binary/VariEclipsingBinary_763561-763702.csv
# %ECSV 1.0
# ---
# delimiter: ','
# meta: !!omap
# - RELEASE: Gaia DR3
# - TABLE: vari_eclipsing_binary
# - DESCRIPTION: >
#     This table describes the properties of the eclipsing binaries resulting from the variability analysis. 
# - CITATION: >
#     How to cite and acknowledge Gaia: 
#     https://gea.esac.esa.int/archive/documentation/credits.html 
# - KNOWN_ISSUES: >
#     Known issues: 
#     https://www.cosmos.esa.int/web/gaia-users/known-issues 
# - DOCUMENTATION: >
#     Tutorials and documentation: 
#     https://www.cosmos.esa.int/web/gaia-users/archive 
# datatype:
# - 
#   name: solution_id
#   datatype: int64
#   description: Solution Identifier
#   meta:
#     ucd: meta.version
# - 
#   name: source_id
#   datatype: int64
#   description: Unique source identifier
#   meta:
#     ucd: meta.id;meta.main
# - 
#   name: global_ranking
#   datatype: float32
#   description: Number between 0 (worst) and 1 (best)
#   meta:
#     ucd: stat.param
# - 
#   name: reference_time
#   datatype: float64
#   unit: d
#   description: Reference time used for the geometric model fit
#   meta:
#     ucd: time.epoch
# - 
#   name: frequency
#   datatype: float64
#   unit: d**-1
#   description: Frequency of geometric model of the eclipsing binary light curve
#   meta:
#     ucd: src.orbital
# - 
#   name: frequency_error
#   datatype: float32
#   unit: d**-1
#   description: "Uncertainty of \\texttt{frequency}"
#   meta:
#     ucd: stat.error
# - 
#   name: geom_model_reference_level
#   datatype: float32
#   unit: mag
#   description: Magnitude reference level of geometric model
#   meta:
#     ucd: phot.mag;em.opt
# - 
#   name: geom_model_reference_level_error
#   datatype: float32
#   unit: mag
#   description: "Uncertainty of \\texttt{geomModelReferenceLevel}"
#   meta:
#     ucd: stat.error;phot.mag;em.opt
# - 
#   name: geom_model_gaussian1_phase
#   datatype: float32
#   description: Phase of the Gaussian 1 component
#   meta:
#     ucd: time.phase
# - 
#   name: geom_model_gaussian1_phase_error
#   datatype: float32
#   description: "Uncertainty of \\texttt{geomModelGaussian1Phase}"
#   meta:
#     ucd: stat.error;time.phase
# - 
#   name: geom_model_gaussian1_sigma
#   datatype: float32
#   description: "Standard deviation [phase] of Gaussian 1 component"
#   meta:
#     ucd: stat.stdev
# - 
#   name: geom_model_gaussian1_sigma_error
#   datatype: float32
#   description: "Uncertainty of \\texttt{geomModelGaussian1Sigma}"
#   meta:
#     ucd: stat.error
# - 
#   name: geom_model_gaussian1_depth
#   datatype: float32
#   unit: mag
#   description: Magnitude depth of Gaussian 1 component
#   meta:
#     ucd: src.var.amplitude
# - 
#   name: geom_model_gaussian1_depth_error
#   datatype: float32
#   unit: mag
#   description: "Uncertainty of \\texttt{geomModelGaussian1Depth}"
#   meta:
#     ucd: stat.error;src.var.amplitude
# - 
#   name: geom_model_gaussian2_phase
#   datatype: float32
#   description: Phase of Gaussian 2 component
#   meta:
#     ucd: time.phase
# - 
#   name: geom_model_gaussian2_phase_error
#   datatype: float32
#   description: "Uncertainty of \\texttt{geomModelGaussian2Phase}"
#   meta:
#     ucd: stat.error;time.phase
# - 
#   name: geom_model_gaussian2_sigma
#   datatype: float32
[...]
#   datatype: float32
#   description: "Secondary eclipse: uncertainty of \\texttt{derivedSecondaryEclDuration}"
#   meta:
#     ucd: stat.error;time.duration
# - 
#   name: derived_secondary_ecl_depth
#   datatype: float32
#   unit: mag
#   description: "Secondary eclipse: depth"
#   meta:
#     ucd: src.var.amplitude
# - 
#   name: derived_secondary_ecl_depth_error
#   datatype: float32
#   unit: mag
#   description: "Secondary eclipse: uncertainty of \\texttt{derivedSecondaryEclDepth}"
#   meta:
#     ucd: stat.error;src.var.amplitude
solution_id,source_id,global_ranking,reference_time,frequency,frequency_error,geom_model_reference_level,geom_model_reference_level_error,geom_model_gaussian1_phase,geom_model_gaussian1_phase_error,geom_model_gaussian1_sigma,geom_model_gaussian1_sigma_error,geom_model_gaussian1_depth,geom_model_gaussian1_depth_error,geom_model_gaussian2_phase,geom_model_gaussian2_phase_error,geom_model_gaussian2_sigma,geom_model_gaussian2_sigma_error,geom_model_gaussian2_depth,geom_model_gaussian2_depth_error,geom_model_cosine_half_period_amplitude,geom_model_cosine_half_period_amplitude_error,geom_model_cosine_half_period_phase,geom_model_cosine_half_period_phase_error,model_type,num_model_parameters,reduced_chi2,derived_primary_ecl_phase,derived_primary_ecl_phase_error,derived_primary_ecl_duration,derived_primary_ecl_duration_error,derived_primary_ecl_depth,derived_primary_ecl_depth_error,derived_secondary_ecl_phase,derived_secondary_ecl_phase_error,derived_secondary_ecl_duration,derived_secondary_ecl_duration_error,derived_secondary_ecl_depth,derived_secondary_ecl_depth_error
[from data line 38]
375316653866487564,6716453918869530880,0.60839045,2225.0370497963027,1.9214804897134439,3.7682341E-6,16.058893,0.010969736,0.22872882,0.0017643765,0.0604023,0.0096659055,0.08774901,0.026217788,0.72198206,0.014871676,0.044590205,0.01576209,0.06317813,0.028057903,0.05438512,0.015987433,0.22872882,0.0017643765,"TWOGAUSSIANS_WITH_ELLIPSOIDAL_ON_ECLIPSE1",9,6.0584583,0.22872882,0.0017643765,0.33825287,0.05412907,0.19650197,0.0064627877,0.72342205,0.013643998,0.24970515,0.08826771,0.17177726,0.009056711
375316653866487564,6716455288957068416,0.5263121,2214.63874668445,0.05575657062268189,2.2670394E-5,17.322014,0.003106882,0.47562245,0.009216319,0.052555382,0.009610223,0.08628251,0.022098377,0.68336576,0.027830774,0.11835045,0.021228734,0.10262793,0.012403057,null,null,null,null,"TWOGAUSSIANS",8,2.742452,0.48762244,0.007431084,0.29431015,0.053817246,0.11017251,0.013885015,0.68336576,0.027830774,0.4,0.0,0.1026355,0.012494493
375316653866487564,6716457865937799552,0.6523407,2214.631180719371,3.6102276591512967,5.023553E-6,17.50768,0.008227153,0.2735075,0.002781469,0.04647912,0.0094941985,0.2107455,0.037780248,0.76773286,0.0017997143,0.048051268,0.0033172609,0.33386385,0.02182438,0.123604044,0.015325014,0.2735075,0.002781469,"TWOGAUSSIANS_WITH_ELLIPSOIDAL_ON_ECLIPSE1",9,4.0717163,0.76842284,0.0014574777,0.2690871,0.018576661,0.5807844,0.016735766,0.2735075,0.002781469,0.26028308,0.05316751,0.45795268,0.039651856
375316653866487564,6716462504502687232,0.5423777,2315.0644256226105,3.2172138302866955,1.4354724E-5,17.33286,0.038684975,0.31352052,0.006540189,0.12613682,0.018688928,0.24750653,0.0373587,0.8028832,0.011072526,0.09882409,0.029648554,0.20743716,0.054816578,null,null,null,null,"TWOGAUSSIANS",8,6.442613,0.31352052,0.006539215,0.4,0.0,0.21292776,0.012344201,0.8028832,0.011072526,0.4,0.0,0.17305885,0.07040698
375316653866487564,6716464222489636480,0.5740407,2275.344254321044,3.6717735254135695,1.1045574E-5,18.34062,0.0124622425,0.260333,0.0022939797,0.07188802,0.004430291,0.36591092,0.009819613,0.76698524,0.011897094,0.074866824,0.008289084,0.3505419,0.046170134,null,null,null,null,"TWOGAUSSIANS",8,4.5170193,0.260333,0.0022939797,0.4,0.0096755205,0.36406323,0.009039022,0.76698524,0.011897094,0.4,0.004025698,0.3486942,0.045874115
375316653866487564,6716469037146833664,0.57172525,2261.7638554330747,0.29742876911336386,2.017627E-5,19.763779,0.012984934,0.15912215,0.07251873,0.03754783,0.022945052,0.43193585,0.7337604,0.49448863,0.028697735,0.024046654,0.008060489,2.6628928,2.4084282,null,null,null,null,"TWOGAUSSIANS",8,2.0396905,0.49448863,0.028697735,0.13466127,0.04513874,2.6628928,2.4084282,0.15912215,0.07251873,0.21026786,0.1284923,0.43193585,0.7337604
375316653866487564,6716470647760696576,0.5944183,2235.080182864036,3.635194809702106,3.5121204E-5,16.015293,0.018471,0.2698154,0.03406001,0.04818891,0.033626217,0.40085518,0.2682261,0.7748373,0.0039334875,0.03495796,0.012943059,0.41607672,3.4113083,0.16346245,0.025197724,0.7748373,0.0039334875,"TWOGAUSSIANS_WITH_ELLIPSOIDAL_ON_ECLIPSE2",9,107.49443,0.7748373,0.0039334875,0.19576459,0.07248113,0.74300015,3.419604,0.2704654,0.015578448,0.26985788,0.12967369,0.72749555,0.27527866
375316653866487564,6716471403674986368,0.51823395,2218.18443801162,2.509582496279483,1.4986931E-5,17.991451,0.053926412,0.33887666,0.0059903655,0.11131645,0.022567378,0.36784962,0.03114784,0.8403996,0.0031683426,0.0993419,0.011378764,0.402958,0.051570967,null,null,null,null,"TWOGAUSSIANS",8,6.001054,0.8403996,0.0031676434,0.4,0.0,0.35796812,0.023279727,0.33887666,0.0059903655,0.4,0.0,0.32283163,0.037539646
375316653866487564,6716473297762280576,0.48234144,2258.97216911061,2.357342956920405,1.2230479E-5,14.652498,0.021607822,0.2499035,0.003437704,0.04513565,0.017684748,0.20451474,0.022162583,0.76211566,0.019741349,0.053804956,0.021601913,0.14184047,0.06487748,0.07172907,0.022860648,0.2499035,0.003437704,"TWOGAUSSIANS_WITH_ELLIPSOIDAL_ON_ECLIPSE1",9,54.5136,0.2499035,0.003437704,0.25275967,0.09903459,0.34797096,0.0457542,0.76211566,0.019741349,0.30130777,0.12097072,0.28445372,0.058390755
375316653866487564,6716473572640204544,0.59753233,2262.033917432195,0.36498665746251263,7.46872E-6,16.916124,0.004226757,0.38207465,0.012409641,0.03615467,0.022644637,0.08766638,0.017423447,0.87574923,7.769826E-4,0.022629943,0.0021511638,0.66105616,0.09586401,0.033983845,0.015128049,0.38207465,0.012409641,"TWOGAUSSIANS_WITH_ELLIPSOIDAL_ON_ECLIPSE1",9,12.28176,0.8757793,7.674982E-4,0.12672769,0.012046518,0.72891694,0.1012977,0.38207465,0.012409641,0.20246616,0.12680997,0.15563406,0.021795988
375316653866487564,6716474908368453632,0.47075558,2303.786583051412,0.3558475564816061,4.589932E-5,19.226183,0.15026617,0.2895071,0.018841129,0.115332566,0.050202303,0.2988691,0.14504363,0.841055,0.01218153,0.10034218,0.036918186,0.31552973,0.13544166,null,null,null,null,"TWOGAUSSIANS",8,2.5172074,0.841215,0.010720616,0.4,0.0,0.29246452,0.049729545,0.28947708,0.018662494,0.4,0.0,0.27565914,0.053131357
375316653866487564,6716477111687192448,0.5106864,2280.762228195295,3.0097714801031366,1.4283428E-5,18.411654,0.0480618,0.20341049,0.003945148,0.099056825,0.020505525,0.20728204,0.043101564,0.7069765,0.0060793227,0.099469915,0.026680442,0.21271367,0.04635695,null,null,null,null,"TWOGAUSSIANS",8,1.8045808,0.7069765,0.0060787983,0.4,0.0,0.19588354,0.042000126,0.20341049,0.0039434535,0.4,0.0,0.19045208,0.017835746
375316653866487564,6716482020834677632,0.55740136,2323.7462938514223,3.0744191211096523,1.1720201E-5,17.803661,0.038130183,0.19308926,0.0033018128,0.09228155,0.018138882,0.4542245,0.06632775,0.7035104,0.0030496288,0.08855094,0.010433699,0.4535999,0.02697585,null,null,null,null,"TWOGAUSSIANS",8,14.824655,0.19308926,0.0033018128,0.4,0.0,0.4373249,0.08268421,0.7035104,0.003048882,0.4,0.0,0.4367006,0.018806444
375316653866487564,6716496662384443648,0.5254952,2223.500375757809,2.580787414894923,2.7333423E-5,14.846685,0.0213796,0.23337887,0.010112542,0.09621996,0.014360154,0.2452673,0.019653957,0.72639734,0.006144573,0.07935637,0.012095071,0.29284608,0.020156402,null,null,null,null,"TWOGAUSSIANS",8,229.49461,0.72639734,0.006144573,0.4,0.0,0.28468218,0.018459676,0.23337887,0.010112542,0.4,0.0,0.2371027,0.013059272
375316653866487564,6716498616590886656,0.6055073,2237.3819530360547,4.042891084217032,1.9888459E-5,19.358091,0.0175969,0.28429595,0.0031191497,0.04110884,0.003406624,0.4643636,0.054830976,0.7894147,0.013323061,0.04198375,0.024208348,0.39934254,0.22803004,0.12056821,0.03381315,0.28429595,0.0031191497,"TWOGAUSSIANS_WITH_ELLIPSOIDAL_ON_ECLIPSE1",9,3.7702022,0.28429595,0.0031191497,0.23020951,0.019077094,0.7054995,0.036633257,0.7894147,0.0131992325,0.235109,0.13556676,0.64022905,0.22771934
375316653866487564,6716499273724658432,0.5635084,2213.5591516758054,1.89144892003458,9.725066E-6,16.965576,0.0040339674,0.22361188,0.012835166,0.056181155,0.012530043,0.18798243,0.02599409,0.72601396,0.0023572836,0.049668364,0.0067891343,0.27142298,0.05275597,null,null,null,null,"TWOGAUSSIANS",8,7.472338,0.72601396,0.0023572836,0.27814284,0.038019154,0.27141726,0.05277164,0.22361188,0.012835166,0.31461447,0.070168234,0.18797672,0.02599926
375316653866487564,6716499411163612800,0.6540748,2219.24856002964,2.643254353916309,6.99915E-6,16.820024,0.0068772454,0.2711683,0.002809149,0.03207837,0.005972293,0.17728715,0.020434326,0.7626337,0.0022526686,0.04180205,0.004940299,0.18035676,0.017512951,0.1337222,0.010589409,0.2711683,0.002809149,"TWOGAUSSIANS_WITH_ELLIPSOIDAL_ON_ECLIPSE1",9,7.306801,0.7640837,0.0017172897,0.23409146,0.027665673,0.4471629,0.013866661,0.2711683,0.002809149,0.17963888,0.03344484,0.44473132,0.013388457
375316653866487564,6716501300949269376,0.616975,2198.2871956904737,3.3118521488643684,1.0505736E-5,15.049681,0.033731766,0.28151888,0.009828753,0.04705293,0.014687308,0.4123639,0.076997265,0.7839187,0.07268015,0.04500061,0.032821726,0.32128882,0.23915245,0.11740457,0.035951875,0.28151888,0.009828753,"TWOGAUSSIANS_WITH_ELLIPSOIDAL_ON_ECLIPSE1",9,123.97499,0.28151888,0.009828753,0.26349643,0.082248926,0.6471727,0.015881408,0.7839187,0.07242357,0.25200343,0.18380167,0.5560442,0.28471178
375316653866487564,6716507142104905984,0.5697157,2180.1124073594597,4.315841550651278,1.1682974E-5,15.032607,0.59302086,0.1800154,0.0072088544,0.19811307,0.112047315,0.47247326,0.5787829,0.6725309,0.004790219,0.14075534,0.03432696,0.5067071,0.3807053,null,null,null,null,"TWOGAUSSIANS",8,43.90733,0.6725309,0.004790219,0.4,0.0,0.2378562,0.0079470035,0.1807554,0.006439217,0.4,0.0,0.16624476,0.016852822
375316653866487564,6716509169329560192,0.5198978,2205.13864375058,3.5170315532998613,2.2548278E-5,14.644458,0.006764374,0.14363585,0.001139895,0.039541304,0.0016987094,0.3063785,0.017287795,0.42675003,0.011817016,0.045877565,0.018459812,0.09442045,0.06844998,0.007887993,0.011050445,0.14363585,0.001139895,"TWOGAUSSIANS_WITH_ELLIPSOIDAL_ON_ECLIPSE1",9,226.74646,0.14363585,0.001139895,0.2214313,0.009512773,0.32215446,0.008576384,0.42767003,0.011980735,0.25691438,0.10337494,0.09511191,0.069775365
375316653866487564,6716509306761729536,0.5254198,2224.407490476062,3.526445702001366,4.1507643E-5,19.285835,0.038437847,0.30479378,0.0050693788,0.07641778,0.011596398,0.3069682,0.042084042,0.78132325,0.009788509,0.08776057,0.026176382,0.38716853,0.076105475,null,null,null,null,"TWOGAUSSIANS",8,3.414407,0.78132325,0.009788509,0.4,0.0,0.38286883,0.0831054,0.30479378,0.005065863,0.4,0.0,0.30266866,0.033620313
375316653866487564,6716509714781499136,0.46300277,2181.742814076641,0.25053497157800947,2.896587E-5,17.768385,0.013100573,0.18090564,0.0051481933,0.07865284,0.013627007,0.110581234,0.016116593,0.7693115,0.019009678,0.07311091,0.030454963,0.05508859,0.034202993,null,null,null,null,"TWOGAUSSIANS",8,2.4618957,0.18090564,0.0051489486,0.4,0.0,0.110495545,0.015767068,0.7693115,0.01900991,0.4,0.10349997,0.055003017,0.03413493
375316653866487564,6716512394844579456,0.46685743,2123.2349071319536,1.196035649199037,4.3811913E-5,18.907093,0.01914631,0.2952492,0.011536658,0.11548082,0.027660806,0.1347989,0.016933514,0.75598323,0.029389009,0.07383162,0.022291966,0.16098802,0.05281835,null,null,null,null,"TWOGAUSSIANS",8,2.777118,0.75598323,0.029389009,0.4,0.07961833,0.15619066,0.059831336,0.2952492,0.011536658,0.4,0.0,0.12995195,0.014806637
375316653866487564,6716512605303250944,0.62995416,2241.6480834018357,2.994551405847384,7.807711E-6,15.74387,0.012617717,0.1772779,0.0016669942,0.046673395,0.00394504,0.45273802,0.032968346,0.67720264,0.0097032245,0.053457983,0.0060347496,0.52681285,0.04493032,0.10080215,0.021700477,0.1772779,0.0016669942,"TWOGAUSSIANS_WITH_ELLIPSOIDAL_ON_ECLIPSE1",9,62.614403,0.67721266,0.008839286,0.29936472,0.033794597,0.7284071,0.03242704,0.1772779,0.0016669942,0.26137102,0.022092225,0.6543323,0.025374483
375316653866487564,6716513288194546944,0.5081758,2200.128634468999,4.209443815085781,2.163217E-5,19.366232,0.010054275,0.1845262,0.026508298,0.028101753,0.033150494,0.38597202,0.3018829,0.52749187,9.505496E-5,0.011277686,7.854705E-4,0.17998724,0.006026257,null,null,null,null,"TWOGAUSSIANS",8,2.77139,0.1845262,0.026508298,0.15736982,0.18564276,0.38597202,0.3018829,0.52749187,9.505496E-5,0.06315504,0.0043986347,0.17998724,0.0060262643
375316653866487564,6716513666156332032,0.5426219,2218.244079833876,3.9000782229066933,2.4281038E-5,19.446981,0.09935651,0.21405016,0.013537978,0.10144565,0.036849156,0.39093313,0.10901216,0.7248723,0.0037340336,0.09179991,0.019236742,0.41124478,0.09088708,null,null,null,null,"TWOGAUSSIANS",8,1.9448235,0.7248723,0.00372214,0.4,0.0,0.3869523,0.026209077,0.21405016,0.013541542,0.4,0.0,0.3666363,0.09737623
375316653866487564,6716516075636917376,0.53496236,2232.2559702557896,2.8999049119624796,1.965281E-5,15.744657,0.037280407,0.2188797,0.0047365674,0.11197453,0.02322983,0.12009762,0.033547264,0.71222425,0.0042573954,0.12964156,0.028078241,0.12949741,0.0345006,null,null,null,null,"TWOGAUSSIANS",8,10.065879,0.71222425,0.0042573954,0.4,0.0,0.101835884,0.006334195,0.2189697,0.0047232904,0.4,0.0,0.09257982,0.007039232
375316653866487564,6716517381300977664,0.52542514,2232.566562706012,3.727772062065627,2.6759277E-5,19.84222,0.018437445,0.26554146,0.0040506907,0.077654004,0.006405544,0.40612835,0.016478501,0.7383664,0.019154796,0.08617861,0.015910417,0.39392108,0.0770371,null,null,null,null,"TWOGAUSSIANS",8,1.3422161,0.26554146,0.0040506907,0.4,0.0,0.40162343,0.011379495,0.7383664,0.019154796,0.4,0.0,0.38941604,0.07316332
375316653866487564,6716520611124052224,0.51326144,2291.0928323043713,3.8968755578564056,3.1094816E-5,19.828468,0.0455572,0.30882004,0.009310706,0.07726287,0.016955884,0.40905204,0.076414645,0.80029607,0.008872447,0.08124509,0.017562717,0.40860814,0.055911005,null,null,null,null,"TWOGAUSSIANS",8,1.4274528,0.30882004,0.009310706,0.4,0.016656002,0.4042939,0.07921851,0.80029607,0.008872447,0.4,0.0,0.40385002,0.054949135
375316653866487564,6716533118067531776,0.4824587,2299.1952351273335,3.9502880596011005,1.03840146E-4,18.772345,0.39325923,0.27561164,0.026887732,0.13399643,0.09229502,0.29095206,0.36665946,0.7741591,0.011109081,0.13143146,0.08694755,0.2670813,0.373309,null,null,null,null,"TWOGAUSSIANS",8,7.584248,0.27564165,0.026926652,0.4,0.0,0.19773255,0.040824614,0.7741591,0.011128392,0.4,0.0,0.17402856,0.026138023
375316653866487564,6716537649251612672,0.55803865,2305.5979405512485,3.9614329652499696,1.6846463E-5,19.00573,0.024926547,0.26061282,0.0073255,0.08984975,0.012463489,0.30500016,0.027197814,0.7543291,0.008282457,0.0949265,0.017773518,0.2980186,0.022419568,null,null,null,null,"TWOGAUSSIANS",8,1.6482298,0.26061282,0.0073263226,0.4,0.0,0.2908846,0.021899313,0.7543291,0.008282457,0.4,0.0,0.28390256,0.025927553
375316653866487564,6716540711563215232,0.51848894,2281.6142927157734,2.9446280818815778,3.7197115E-5,18.75558,0.020467883,0.18443774,0.0036730485,0.08464162,0.0059386166,0.43625218,0.025060285,0.69130313,0.022927368,0.07482146,0.014553346,0.38619286,0.1509936,null,null,null,null,"TWOGAUSSIANS",8,5.766232,0.18443774,0.0036730485,0.4,0.0,0.43098965,0.023191022,0.69130313,0.022927368,0.4,0.0066221342,0.38093036,0.15099977
375316653866487564,6716540986447538304,0.49707654,2296.9084296843184,2.273760122466165,4.357072E-5,16.488674,0.0027268042,0.26200113,0.007358696,0.06640399,0.047275078,0.013073172,0.41115028,null,null,null,null,null,null,0.047222897,0.004840213,0.26200113,0.007358696,"ONEGAUSSIAN_WITH_ELLIPSOIDAL",6,13.441969,0.26200113,0.007358696,0.37186235,0.23144208,0.107508026,0.40871277,null,null,null,null,null,null
375316653866487564,6716541536203351040,0.6566748,2250.3029437085997,4.376828815520221,3.1992102E-5,16.659498,0.034668896,0.34575433,0.009290519,0.04420096,0.025075365,0.43154773,0.22585353,0.84422934,0.0017815724,0.05342952,0.004971653,0.5200083,0.072514676,0.114788786,0.040315963,0.34575433,0.009290519,"TWOGAUSSIANS_WITH_ELLIPSOIDAL_ON_ECLIPSE1",9,17.45353,0.8443693,0.0011110719,0.29920533,0.027841259,0.74955785,0.018612137,0.34575433,0.009290519,0.24752536,0.14042205,0.6611164,0.25287437
375316653866487564,6716544766012494464,0.49482778,2297.255535967141,0.02786903483610501,3.8961345E-5,17.725332,0.12291016,0.24191184,0.009433761,0.13507038,0.066625975,0.22937667,0.11425549,0.722162,0.0045687277,0.06801935,0.010034348,0.28883293,0.09254853,null,null,null,null,"TWOGAUSSIANS",8,6.1745887,0.722162,0.0045687277,0.3809084,0.030489322,0.2719315,0.0341201,0.24191184,0.009433761,0.4,0.0,0.21192306,0.040781204
