Gaia/vari_eclipsing_binary/VariEclipsingBinary_472329-472368.csv
# %ECSV 1.0
# ---
# delimiter: ','
# meta: !!omap
# - RELEASE: Gaia DR3
# - TABLE: vari_eclipsing_binary
# - DESCRIPTION: >
#     This table describes the properties of the eclipsing binaries resulting from the variability analysis. 
# - CITATION: >
#     How to cite and acknowledge Gaia: 
#     https://gea.esac.esa.int/archive/documentation/credits.html 
# - KNOWN_ISSUES: >
#     Known issues: 
#     https://www.cosmos.esa.int/web/gaia-users/known-issues 
# - DOCUMENTATION: >
#     Tutorials and documentation: 
#     https://www.cosmos.esa.int/web/gaia-users/archive 
# datatype:
# - 
#   name: solution_id
#   datatype: int64
#   description: Solution Identifier
#   meta:
#     ucd: meta.version
# - 
#   name: source_id
#   datatype: int64
#   description: Unique source identifier
#   meta:
#     ucd: meta.id;meta.main
# - 
#   name: global_ranking
#   datatype: float32
#   description: Number between 0 (worst) and 1 (best)
#   meta:
#     ucd: stat.param
# - 
#   name: reference_time
#   datatype: float64
#   unit: d
#   description: Reference time used for the geometric model fit
#   meta:
#     ucd: time.epoch
# - 
#   name: frequency
#   datatype: float64
#   unit: d**-1
#   description: Frequency of geometric model of the eclipsing binary light curve
#   meta:
#     ucd: src.orbital
# - 
#   name: frequency_error
#   datatype: float32
#   unit: d**-1
#   description: "Uncertainty of \\texttt{frequency}"
#   meta:
#     ucd: stat.error
# - 
#   name: geom_model_reference_level
#   datatype: float32
#   unit: mag
#   description: Magnitude reference level of geometric model
#   meta:
#     ucd: phot.mag;em.opt
# - 
#   name: geom_model_reference_level_error
#   datatype: float32
#   unit: mag
#   description: "Uncertainty of \\texttt{geomModelReferenceLevel}"
#   meta:
#     ucd: stat.error;phot.mag;em.opt
# - 
#   name: geom_model_gaussian1_phase
#   datatype: float32
#   description: Phase of the Gaussian 1 component
#   meta:
#     ucd: time.phase
# - 
#   name: geom_model_gaussian1_phase_error
#   datatype: float32
#   description: "Uncertainty of \\texttt{geomModelGaussian1Phase}"
#   meta:
#     ucd: stat.error;time.phase
# - 
#   name: geom_model_gaussian1_sigma
#   datatype: float32
#   description: "Standard deviation [phase] of Gaussian 1 component"
#   meta:
#     ucd: stat.stdev
# - 
#   name: geom_model_gaussian1_sigma_error
#   datatype: float32
#   description: "Uncertainty of \\texttt{geomModelGaussian1Sigma}"
#   meta:
#     ucd: stat.error
# - 
#   name: geom_model_gaussian1_depth
#   datatype: float32
#   unit: mag
#   description: Magnitude depth of Gaussian 1 component
#   meta:
#     ucd: src.var.amplitude
# - 
#   name: geom_model_gaussian1_depth_error
#   datatype: float32
#   unit: mag
#   description: "Uncertainty of \\texttt{geomModelGaussian1Depth}"
#   meta:
#     ucd: stat.error;src.var.amplitude
# - 
#   name: geom_model_gaussian2_phase
#   datatype: float32
#   description: Phase of Gaussian 2 component
#   meta:
#     ucd: time.phase
# - 
#   name: geom_model_gaussian2_phase_error
#   datatype: float32
#   description: "Uncertainty of \\texttt{geomModelGaussian2Phase}"
#   meta:
#     ucd: stat.error;time.phase
# - 
#   name: geom_model_gaussian2_sigma
#   datatype: float32
[...]
#   datatype: float32
#   description: "Secondary eclipse: uncertainty of \\texttt{derivedSecondaryEclDuration}"
#   meta:
#     ucd: stat.error;time.duration
# - 
#   name: derived_secondary_ecl_depth
#   datatype: float32
#   unit: mag
#   description: "Secondary eclipse: depth"
#   meta:
#     ucd: src.var.amplitude
# - 
#   name: derived_secondary_ecl_depth_error
#   datatype: float32
#   unit: mag
#   description: "Secondary eclipse: uncertainty of \\texttt{derivedSecondaryEclDepth}"
#   meta:
#     ucd: stat.error;src.var.amplitude
solution_id,source_id,global_ranking,reference_time,frequency,frequency_error,geom_model_reference_level,geom_model_reference_level_error,geom_model_gaussian1_phase,geom_model_gaussian1_phase_error,geom_model_gaussian1_sigma,geom_model_gaussian1_sigma_error,geom_model_gaussian1_depth,geom_model_gaussian1_depth_error,geom_model_gaussian2_phase,geom_model_gaussian2_phase_error,geom_model_gaussian2_sigma,geom_model_gaussian2_sigma_error,geom_model_gaussian2_depth,geom_model_gaussian2_depth_error,geom_model_cosine_half_period_amplitude,geom_model_cosine_half_period_amplitude_error,geom_model_cosine_half_period_phase,geom_model_cosine_half_period_phase_error,model_type,num_model_parameters,reduced_chi2,derived_primary_ecl_phase,derived_primary_ecl_phase_error,derived_primary_ecl_duration,derived_primary_ecl_duration_error,derived_primary_ecl_depth,derived_primary_ecl_depth_error,derived_secondary_ecl_phase,derived_secondary_ecl_phase_error,derived_secondary_ecl_duration,derived_secondary_ecl_duration_error,derived_secondary_ecl_depth,derived_secondary_ecl_depth_error
[from data line 113]
375316653866487564,4154731842119769216,0.5593564,2184.4985019820647,1.390458030243891,9.310054E-5,16.27099,0.0032070393,0.124375775,0.015687093,0.028124146,0.047974907,0.015553334,0.054041337,0.6504764,0.027104326,0.08093729,0.016994933,0.23858431,0.11405891,null,null,null,null,"TWOGAUSSIANS",8,5.4837193,0.6504764,0.027104326,0.4,0.03192341,0.23858248,0.11406037,0.124375775,0.015687093,0.15749522,0.26865947,0.015551518,0.05404963
375316653866487564,4154732048278235520,0.51559675,2197.90038223848,1.8305331811719165,2.4565945E-5,17.737274,0.028593661,0.23802073,0.007704494,0.09431077,0.0147235375,0.25501853,0.02575244,0.7385194,0.014696791,0.09920333,0.027800579,0.18268003,0.024248255,null,null,null,null,"TWOGAUSSIANS",8,8.351667,0.23802073,0.0077038547,0.4,0.0,0.23991102,0.012795489,0.7385194,0.014696791,0.4,0.0,0.16757178,0.018937476
375316653866487564,4154732151318637312,0.5220508,2195.2279469411783,0.3856951498511155,5.7055102E-5,19.124733,0.013087711,0.22619984,0.03865064,0.06914051,0.042447563,0.09568567,0.1088503,0.7544625,0.019817745,0.021725394,0.0064862203,1.5144228,2.0617661,null,null,null,null,"TWOGAUSSIANS",8,1.7627844,0.7544625,0.019817745,0.12166221,0.036322832,1.5144228,2.0617661,0.22619984,0.03865064,0.38718683,0.22541456,0.09568565,0.10885033
375316653866487564,4154732494916590720,0.5559285,2282.1270549215983,4.241732928720588,1.37141315E-5,19.872854,0.008634056,0.3996574,0.015376844,0.13243894,0.018595913,0.2914943,0.016756972,0.2100805,0.016109226,0.014445343,0.014201028,0.17415595,0.03224049,null,null,null,null,"TWOGAUSSIANS",8,0.7806538,0.3996574,0.015376844,0.4,0.0,0.29102588,0.016766982,0.2114505,0.01938488,0.08089393,0.079525754,0.2791014,0.019449515
375316653866487564,4154733113430219008,0.6002483,2176.0245303622564,0.4614759186836831,1.0883307E-4,16.446333,0.011648835,0.27609274,0.034899637,0.048679724,0.072761714,0.8697367,0.79450434,0.7582728,0.042516857,0.04003228,0.026391363,0.104043536,0.011097989,null,null,null,null,"TWOGAUSSIANS",8,10.168191,0.27609274,0.034899637,0.27260646,0.12389853,0.8697366,0.7957103,0.7582728,0.04251572,0.22418076,0.14779162,0.10404351,0.0099865785
375316653866487564,4154733731905672320,0.5278515,2241.47790967841,1.2644893532348334,2.1405054E-5,18.093874,0.02264416,0.266449,0.0046809837,0.09675207,0.01316434,0.13205141,0.021940546,0.77707744,0.03333976,0.10571745,0.04331597,0.12535065,0.033995163,null,null,null,null,"TWOGAUSSIANS",8,1.2130302,0.266439,0.0046241223,0.4,0.0,0.12138478,0.006330681,0.77707744,0.03333976,0.4,0.0,0.11468065,0.035643395
375316653866487564,4154734384750629120,0.44851077,2197.700307439828,0.7947224659677155,3.1563264E-5,18.59136,0.1270876,0.41206676,0.038011275,0.262639,0.15661415,0.14428876,0.11515462,0.8055537,0.008300114,0.03928791,0.007309893,0.1225544,0.017475499,null,null,null,null,"TWOGAUSSIANS",8,2.316349,0.8055537,0.008300114,0.22001229,0.040935405,0.1314189,0.01958145,0.41206676,0.038011275,0.4,0.0,0.0963605,0.029108856
375316653866487564,4154734517844444672,0.6323901,2265.5905798429294,0.6909658527691731,2.6425055E-6,18.39225,0.006035886,0.20747964,0.0047076764,0.036345117,0.0041992096,0.93734896,0.039846085,0.67537874,0.0057759886,0.035673387,0.0071845646,0.11158487,0.018061982,null,null,null,null,"TWOGAUSSIANS",8,4.395905,0.20747964,0.0047076764,0.20353265,0.023515575,0.93734896,0.039846085,0.67537874,0.0057759886,0.19977096,0.04023356,0.11158487,0.018061982
375316653866487564,4154734590861848704,0.5326689,2202.424368590626,1.7469333159902285,1.8470615E-5,18.560678,0.023098152,0.1660147,0.006766004,0.0626114,0.011471937,0.33508095,0.04210924,0.68157655,0.007782597,0.056570213,0.008923252,0.21144623,0.029723851,null,null,null,null,"TWOGAUSSIANS",8,5.8480906,0.1660147,0.006766004,0.35062385,0.06424285,0.33503452,0.0421661,0.68157655,0.007782597,0.3167932,0.04997021,0.2113998,0.029686853
375316653866487564,4154734827085086592,0.49116364,2196.0250040711735,0.38484529530781286,9.626222E-5,17.834259,0.055546366,0.14496796,0.04711059,0.031748272,0.020669881,0.38932753,0.17587419,0.5333701,0.03321042,0.14662212,0.076536074,0.09585674,0.053170945,null,null,null,null,"TWOGAUSSIANS",8,16.380466,0.14509796,0.04677041,0.17779033,0.11575133,0.39152005,0.1695099,0.5333701,0.03321042,0.4,0.0,0.09516006,0.02794486
375316653866487564,4154736308885959168,0.51428455,2168.6473548664217,1.5775018471257998,1.0308801E-5,19.151974,0.012492553,0.21263929,0.014468951,0.051279206,0.017004725,0.27260026,0.02445851,0.7147954,0.006857515,0.0629548,0.0073445747,0.5584976,0.059751283,null,null,null,null,"TWOGAUSSIANS",8,2.9629102,0.7147954,0.006857515,0.3525469,0.04112962,0.5584464,0.05979141,0.21263929,0.014468951,0.28716356,0.09522646,0.27254906,0.02456437
375316653866487564,4154738022537884032,0.46442592,2203.905697588795,2.8299269664174824,3.495982E-5,17.942404,0.16418226,0.28579593,0.01138719,0.15807486,0.039945375,0.3319327,0.15556854,0.7942004,0.006731207,0.14873834,0.028502464,0.32348728,0.15741023,null,null,null,null,"TWOGAUSSIANS",8,7.7330294,0.28506592,0.011261204,0.4,0.0,0.16821787,0.020346265,0.7952404,0.0063894675,0.4,0.0,0.16198243,0.021989059
375316653866487564,4154738434854801152,0.49992353,2245.5720590172077,4.918664102116422,1.6224629E-5,13.095849,0.0012685652,0.2819615,0.0043076887,0.04887482,0.00382618,0.10664177,0.030923713,0.8030125,0.0047989604,0.048244983,0.005650867,0.044393685,0.006273374,null,null,null,null,"TWOGAUSSIANS",8,7.9293394,0.2819615,0.0043076887,0.27369902,0.021426609,0.106641695,0.030923769,0.8030125,0.0047989604,0.2701719,0.031644855,0.04439361,0.0062734205
375316653866487564,4154738645347990144,0.47527534,2188.087793987316,2.6671828228162773,2.79825E-5,16.66891,0.013379013,0.34717926,0.04049969,0.09335356,0.053868454,0.06184264,0.5841028,0.77795804,0.008169827,0.098421186,0.011706714,0.17406294,0.0131500205,null,null,null,null,"TWOGAUSSIANS",8,31.17965,0.77795804,0.008169827,0.4,0.0,0.17153506,0.011513918,0.34725925,0.04054901,0.4,0.16119178,0.05932536,0.58650917
375316653866487564,4154738782753280640,0.4962858,2231.0320860840584,1.7598761856568639,6.951407E-5,19.127018,0.0128920935,0.26620796,0.0051307008,0.089391574,0.007420304,0.17417768,0.014323415,0.7766773,0.03343544,0.08598062,0.037918087,0.06995093,0.017399916,null,null,null,null,"TWOGAUSSIANS",8,1.3035282,0.26620796,0.0051307008,0.4,0.0,0.17099832,0.010019284,0.7766773,0.03343544,0.4,0.07531845,0.06677163,0.015510561
375316653866487564,4154740019703466624,0.48886922,2176.209454028012,2.7234281060822547,1.1884107E-5,19.784342,0.013098938,0.30745313,0.009080751,0.07691377,0.019640217,0.35937703,0.09145879,0.808346,0.0020740267,0.0691244,0.0048645297,0.42052323,0.043121498,null,null,null,null,"TWOGAUSSIANS",8,1.3363677,0.808346,0.0020740267,0.38709664,0.02673691,0.41836825,0.043915175,0.30745313,0.009080751,0.4,0.06368367,0.35722205,0.09387762
375316653866487564,4154740088423158528,0.47649834,2260.2164279730505,2.472604981233339,1.9864861E-5,17.916069,0.022420188,0.21044321,0.007969892,0.07900498,0.012303761,0.251117,0.02543778,0.68554693,0.022428991,0.080363415,0.019949583,0.26606825,0.040915087,null,null,null,null,"TWOGAUSSIANS",8,9.662319,0.68554693,0.022428991,0.4,0.0,0.26378798,0.039251503,0.21044321,0.00796977,0.4,0.0,0.24883674,0.024024207
375316653866487564,4154741359734060544,0.47041252,2283.668016707048,0.0546451227084162,4.037491E-5,19.61833,0.08225266,0.18139067,0.03185205,0.1339173,0.067847915,0.30737776,0.064763494,0.67621255,0.009615551,0.07813147,0.011907064,0.6816155,0.059131924,null,null,null,null,"TWOGAUSSIANS",8,4.6021094,0.67621255,0.009615551,0.4,0.014133564,0.63745743,0.018879823,0.18139067,0.03185205,0.4,0.0,0.2626365,0.07363251
375316653866487564,4154741600286423296,0.6047631,2278.3503337139164,0.1656499646460641,1.2430931E-5,17.054293,0.003535222,0.28698355,0.024407493,0.013644769,0.050964076,0.07237157,0.11501129,0.64872736,0.044782083,0.04263928,0.026025211,0.620053,0.37872192,null,null,null,null,"TWOGAUSSIANS",8,4.8773346,0.64872736,0.044782083,0.23877998,0.14574118,0.620053,0.37872192,0.28698355,0.024407493,0.0764107,0.28539884,0.07237157,0.11501129
375316653866487564,4154742351878134016,0.48519844,2201.513848975765,0.6164295731110676,2.8725353E-5,18.461735,0.013239834,0.24809015,0.0047255578,0.05396624,0.010648143,1.0731883,0.63775706,0.80034226,0.050149407,0.08162368,0.042560868,0.11237395,0.1377796,null,null,null,null,"TWOGAUSSIANS",8,7.5981145,0.24809015,0.0047255578,0.30221093,0.0596296,1.0730602,0.638017,0.80034226,0.050149407,0.4,0.15663102,0.11224585,0.13788338
375316653866487564,4154742386224814720,0.5232881,2200.810606005756,0.9556683626554455,2.771085E-5,18.501408,0.018088486,0.28547162,0.0056201257,0.06037933,0.008007228,0.45652452,0.03655744,0.78241825,0.03472974,0.055897173,0.022615267,0.50383997,0.1195974,null,null,null,null,"TWOGAUSSIANS",8,13.475645,0.78241825,0.03472974,0.31302416,0.1266455,0.5037575,0.11965444,0.28547162,0.0056201257,0.33812425,0.044840477,0.456442,0.036642116
375316653866487564,4154742527998682752,0.45274544,2226.79002841673,0.4712760579025528,4.769271E-5,19.784546,0.022721646,0.23469186,0.0059464904,0.047314998,0.0076175244,0.25229636,0.0336308,0.71213096,0.03219666,0.099809244,0.042434398,0.1694782,0.105723925,null,null,null,null,"TWOGAUSSIANS",8,2.1461143,0.23469186,0.0059458027,0.26496398,0.042658135,0.25164828,0.03276747,0.71213096,0.03219666,0.4,0.0,0.1688281,0.106311485
375316653866487564,4154742764181995264,0.425149,2211.6485230792205,3.301007149551439,6.098139E-5,18.071434,0.16414572,0.30086866,0.019684931,0.2272728,0.1456153,0.21056212,0.15239841,0.7878043,0.016030014,0.09636934,0.026396768,0.18316643,0.09672919,null,null,null,null,"TWOGAUSSIANS",8,4.354071,0.7878043,0.016030014,0.4,0.0,0.11587086,0.044334836,0.30087867,0.019679148,0.4,0.0,0.1056089,0.022211662
375316653866487564,4154743455674140160,0.49386102,2227.5918508083337,3.128560907973343,1.7896096E-5,19.761936,0.009351446,null,null,null,null,null,null,null,null,null,null,null,null,0.1861723,0.016421525,0.3396614,0.0049816803,"ELLIPSOIDAL",4,2.9508142,null,null,null,null,null,null,null,null,null,null,null,null
375316653866487564,4154743623175532032,0.5854394,2228.9130907543517,1.21480977750836,7.981939E-5,16.15952,0.0015759346,0.18178481,0.0044328193,0.040211227,0.005940392,0.018623706,0.0015540099,0.6902587,0.0035178673,0.068491384,0.0050635007,0.15614885,0.003028644,null,null,null,null,"TWOGAUSSIANS",8,2.2701075,0.6902587,0.0035178673,0.38355178,0.028355606,0.15614645,0.0030297057,0.18178481,0.0044328193,0.22518286,0.033266194,0.018621303,0.0015510875
375316653866487564,4154743863693732736,0.5657646,2197.73798859689,2.334894433137768,1.7929111E-5,18.0355,0.028131817,0.20282437,0.004160939,0.08370832,0.009098896,0.3862135,0.02661835,0.70396733,0.0036159153,0.08689235,0.0078000366,0.35910866,0.026623443,null,null,null,null,"TWOGAUSSIANS",8,6.941148,0.20282437,0.004160939,0.4,0.0,0.37626335,0.019051872,0.70396733,0.0036159153,0.4,0.0,0.34915847,0.018172665
375316653866487564,4154744413453406976,0.51140773,2251.6015862571003,0.24486055949267282,7.2147614E-6,18.922245,0.01584949,0.24207932,0.017213736,0.034758583,0.0052010473,1.5671958,0.80480105,0.69489115,0.08478666,0.082730964,0.072854765,0.1126373,0.13120477,null,null,null,null,"TWOGAUSSIANS",8,7.765073,0.24207932,0.017213736,0.19464807,0.029125866,1.5671875,0.8047993,0.69489115,0.08478666,0.4,0.3186571,0.112629,0.13121048
375316653866487564,4154744692629204608,0.5231912,2222.8421444428086,2.5610418757584754,1.498427E-5,19.568373,0.015586345,0.24106848,0.0021533032,0.075726844,0.007247786,0.55059487,0.05115442,0.7364003,0.013445816,0.06513009,0.03335938,0.5104284,10.7050905,null,null,null,null,"TWOGAUSSIANS",8,2.1835074,0.24106848,0.0021533032,0.4,0.0,0.54886496,0.052282687,0.7364003,0.013445816,0.3647285,0.18681252,0.5086985,10.706698
375316653866487564,4154745031924995328,0.59109306,2276.0743711522505,1.2256665039666788,7.2954454E-6,14.863232,0.056304414,0.28929868,0.0033671563,0.09800079,0.014591501,0.3779871,0.05241214,0.8166996,0.0065265987,0.10691798,0.022146165,0.32608747,0.04333676,null,null,null,null,"TWOGAUSSIANS",8,72.44099,0.2892787,0.0033686922,0.4,0.0,0.35255396,0.021857971,0.81670964,0.006540266,0.4,0.0,0.30063754,0.03629244
375316653866487564,4154745139305648896,0.45544833,2238.811219223587,0.18532486723213634,1.06161926E-4,19.230228,0.009060668,0.35027838,0.029388336,0.044631444,0.015601467,0.19852251,0.09884088,0.7906303,0.03376265,0.05384213,0.023036588,0.107247435,0.11510972,null,null,null,null,"TWOGAUSSIANS",8,2.4883184,0.35027838,0.029388336,0.24993607,0.08736821,0.19852248,0.09884099,0.7906303,0.03376265,0.30151594,0.1290049,0.107247405,0.11510976
375316653866487564,4154745341162735616,0.5809185,2271.383475975139,1.3854751131689926,1.5184745E-5,16.724016,0.008241486,0.18115248,0.0031685152,0.08567977,0.0044399356,0.27774647,0.010942961,0.67927504,0.007133501,0.091897085,0.014150061,0.27747858,0.017643372,null,null,null,null,"TWOGAUSSIANS",8,9.378525,0.18115248,0.0031685152,0.4,0.0,0.2675219,0.009809259,0.67927504,0.007133501,0.4,0.0,0.2672538,0.02258387
375316653866487564,4154745375522502016,0.60309964,2251.71216767944,1.2563817443155625,1.5944175E-5,16.328083,0.25741172,0.27303395,0.0058199265,0.1457912,0.062226843,0.24452953,0.24832657,0.756663,0.006920363,0.13052319,0.030540695,0.30637315,0.22740729,null,null,null,null,"TWOGAUSSIANS",8,5.3278694,0.756663,0.006920363,0.4,0.0,0.21360545,0.007937722,0.27351394,0.0046406947,0.4,0.0,0.15074652,0.00910443
375316653866487564,4154745826501053696,0.54608095,2251.853747858078,2.267139334889081,2.0784673E-5,19.075365,0.066355884,0.33353868,0.012069935,0.09393072,0.019453134,0.4435762,0.08765287,0.8308889,0.0072858534,0.091010466,0.018798742,0.47793594,0.05660441,null,null,null,null,"TWOGAUSSIANS",8,3.6734705,0.8308889,0.0072858534,0.4,0.0,0.4550409,0.03615015,0.33353868,0.012069935,0.4,0.0,0.4206808,0.08421062
375316653866487564,4154746788585690624,0.52037585,2280.8184173102873,2.4551860083483756,2.1142005E-5,18.264286,0.015250622,0.35632947,0.0071304557,0.04236451,0.024177024,0.22057737,0.026446652,0.8353017,0.0060579814,0.03308887,0.008849094,0.1719425,0.058723252,0.15005514,0.014916596,0.35632947,0.0071304557,"TWOGAUSSIANS_WITH_ELLIPSOIDAL_ON_ECLIPSE1",9,13.812894,0.35632947,0.0071304557,0.23724127,0.13539134,0.52068704,0.011249982,0.8380417,0.0048411824,0.18529768,0.049554925,0.46751866,0.058474347
375316653866487564,4154746857305269632,0.4741834,2268.81827217974,1.4041594030429414,1.6605096E-4,19.087822,0.023375014,0.21025163,0.01397534,0.053573534,0.012528853,0.26628226,0.02135884,0.742717,0.0074549736,0.08231508,0.017192643,0.14232835,0.02492624,null,null,null,null,"TWOGAUSSIANS",8,3.6120038,0.21025163,0.01397534,0.30001178,0.07016157,0.26611868,0.021012813,0.742717,0.0074549736,0.4,0.025750004,0.14216475,0.024778225
375316653866487564,4154747097823478528,0.4503784,2294.2065724583363,1.2545627863824178,5.699818E-5,19.357794,0.022186048,0.23626253,0.018320551,0.06039256,0.036117252,0.1805581,0.0412362,0.7361684,0.013723289,0.050956257,0.023159537,0.19165345,0.2186286,null,null,null,null,"TWOGAUSSIANS",8,3.5246048,0.7361684,0.013723289,0.28535503,0.1296934,0.19163802,0.21865991,0.23626253,0.018320551,0.33819833,0.15975875,0.18054269,0.041460037
375316653866487564,4154747097825497856,0.5061298,2311.667680323656,2.1879983489177723,2.909607E-5,19.882093,0.016581211,0.05808724,0.012925858,0.04697596,0.011482411,0.05781621,0.012334272,0.42709076,0.011220293,0.15491468,0.025956014,0.31574187,0.027008805,null,null,null,null,"TWOGAUSSIANS",8,0.86495167,0.42709076,0.011220293,0.4,0.0,0.31168947,0.030477282,0.071337245,0.016172402,0.26306537,0.064301506,0.07416766,0.014080817
