Gaia/vari_eclipsing_binary/VariEclipsingBinary_688743-688773.csv
# %ECSV 1.0
# ---
# delimiter: ','
# meta: !!omap
# - RELEASE: Gaia DR3
# - TABLE: vari_eclipsing_binary
# - DESCRIPTION: >
#     This table describes the properties of the eclipsing binaries resulting from the variability analysis. 
# - CITATION: >
#     How to cite and acknowledge Gaia: 
#     https://gea.esac.esa.int/archive/documentation/credits.html 
# - KNOWN_ISSUES: >
#     Known issues: 
#     https://www.cosmos.esa.int/web/gaia-users/known-issues 
# - DOCUMENTATION: >
#     Tutorials and documentation: 
#     https://www.cosmos.esa.int/web/gaia-users/archive 
# datatype:
# - 
#   name: solution_id
#   datatype: int64
#   description: Solution Identifier
#   meta:
#     ucd: meta.version
# - 
#   name: source_id
#   datatype: int64
#   description: Unique source identifier
#   meta:
#     ucd: meta.id;meta.main
# - 
#   name: global_ranking
#   datatype: float32
#   description: Number between 0 (worst) and 1 (best)
#   meta:
#     ucd: stat.param
# - 
#   name: reference_time
#   datatype: float64
#   unit: d
#   description: Reference time used for the geometric model fit
#   meta:
#     ucd: time.epoch
# - 
#   name: frequency
#   datatype: float64
#   unit: d**-1
#   description: Frequency of geometric model of the eclipsing binary light curve
#   meta:
#     ucd: src.orbital
# - 
#   name: frequency_error
#   datatype: float32
#   unit: d**-1
#   description: "Uncertainty of \\texttt{frequency}"
#   meta:
#     ucd: stat.error
# - 
#   name: geom_model_reference_level
#   datatype: float32
#   unit: mag
#   description: Magnitude reference level of geometric model
#   meta:
#     ucd: phot.mag;em.opt
# - 
#   name: geom_model_reference_level_error
#   datatype: float32
#   unit: mag
#   description: "Uncertainty of \\texttt{geomModelReferenceLevel}"
#   meta:
#     ucd: stat.error;phot.mag;em.opt
# - 
#   name: geom_model_gaussian1_phase
#   datatype: float32
#   description: Phase of the Gaussian 1 component
#   meta:
#     ucd: time.phase
# - 
#   name: geom_model_gaussian1_phase_error
#   datatype: float32
#   description: "Uncertainty of \\texttt{geomModelGaussian1Phase}"
#   meta:
#     ucd: stat.error;time.phase
# - 
#   name: geom_model_gaussian1_sigma
#   datatype: float32
#   description: "Standard deviation [phase] of Gaussian 1 component"
#   meta:
#     ucd: stat.stdev
# - 
#   name: geom_model_gaussian1_sigma_error
#   datatype: float32
#   description: "Uncertainty of \\texttt{geomModelGaussian1Sigma}"
#   meta:
#     ucd: stat.error
# - 
#   name: geom_model_gaussian1_depth
#   datatype: float32
#   unit: mag
#   description: Magnitude depth of Gaussian 1 component
#   meta:
#     ucd: src.var.amplitude
# - 
#   name: geom_model_gaussian1_depth_error
#   datatype: float32
#   unit: mag
#   description: "Uncertainty of \\texttt{geomModelGaussian1Depth}"
#   meta:
#     ucd: stat.error;src.var.amplitude
# - 
#   name: geom_model_gaussian2_phase
#   datatype: float32
#   description: Phase of Gaussian 2 component
#   meta:
#     ucd: time.phase
# - 
#   name: geom_model_gaussian2_phase_error
#   datatype: float32
#   description: "Uncertainty of \\texttt{geomModelGaussian2Phase}"
#   meta:
#     ucd: stat.error;time.phase
# - 
#   name: geom_model_gaussian2_sigma
#   datatype: float32
[...]
#   datatype: float32
#   description: "Secondary eclipse: uncertainty of \\texttt{derivedSecondaryEclDuration}"
#   meta:
#     ucd: stat.error;time.duration
# - 
#   name: derived_secondary_ecl_depth
#   datatype: float32
#   unit: mag
#   description: "Secondary eclipse: depth"
#   meta:
#     ucd: src.var.amplitude
# - 
#   name: derived_secondary_ecl_depth_error
#   datatype: float32
#   unit: mag
#   description: "Secondary eclipse: uncertainty of \\texttt{derivedSecondaryEclDepth}"
#   meta:
#     ucd: stat.error;src.var.amplitude
solution_id,source_id,global_ranking,reference_time,frequency,frequency_error,geom_model_reference_level,geom_model_reference_level_error,geom_model_gaussian1_phase,geom_model_gaussian1_phase_error,geom_model_gaussian1_sigma,geom_model_gaussian1_sigma_error,geom_model_gaussian1_depth,geom_model_gaussian1_depth_error,geom_model_gaussian2_phase,geom_model_gaussian2_phase_error,geom_model_gaussian2_sigma,geom_model_gaussian2_sigma_error,geom_model_gaussian2_depth,geom_model_gaussian2_depth_error,geom_model_cosine_half_period_amplitude,geom_model_cosine_half_period_amplitude_error,geom_model_cosine_half_period_phase,geom_model_cosine_half_period_phase_error,model_type,num_model_parameters,reduced_chi2,derived_primary_ecl_phase,derived_primary_ecl_phase_error,derived_primary_ecl_duration,derived_primary_ecl_duration_error,derived_primary_ecl_depth,derived_primary_ecl_depth_error,derived_secondary_ecl_phase,derived_secondary_ecl_phase_error,derived_secondary_ecl_duration,derived_secondary_ecl_duration_error,derived_secondary_ecl_depth,derived_secondary_ecl_depth_error
[from data line 722]
375316653866487564,6058519041412812032,0.5987655,2215.479667435126,1.859347294379591,7.2042217E-6,17.635347,0.011651444,0.2274318,0.0019920103,0.04641848,0.0059080455,0.19829774,0.03061352,0.726986,0.0055055446,0.04840711,0.007923786,0.22326148,0.031523008,0.11549114,0.01493383,0.2274318,0.0019920103,"TWOGAUSSIANS_WITH_ELLIPSOIDAL_ON_ECLIPSE1",9,7.014462,0.72705597,0.0050044167,0.27107984,0.0443732,0.45424172,0.025017852,0.2274318,0.0019920103,0.2599435,0.033085056,0.42927954,0.019765813
375316653866487564,6058519281933457280,0.43341815,2232.9544030166808,2.2099945092556093,3.9867187E-5,18.389627,0.0047659967,0.38784188,0.011452718,0.050747715,0.004511891,0.10110827,0.012707462,0.7676308,0.0025227065,0.017583214,0.0031006117,0.14352995,0.030752454,null,null,null,null,"TWOGAUSSIANS",8,8.348939,0.7676308,0.0025227065,0.098465994,0.017363425,0.14352995,0.030752454,0.38784188,0.011452718,0.2841872,0.02526659,0.10110827,0.012707462
375316653866487564,6058519453730024320,0.47397488,2253.002725120407,2.7043526164667075,2.1840016E-5,18.015877,0.121872544,0.23410916,0.005842468,0.11345194,0.036618277,0.16380516,0.11429877,0.7522536,0.014698468,0.12309979,0.05602457,0.17136005,0.12159364,null,null,null,null,"TWOGAUSSIANS",8,5.7601748,0.7523036,0.0144950915,0.4,0.0,0.14095281,0.01667783,0.23396917,0.0054148203,0.4,0.0,0.13347839,0.014510762
375316653866487564,6058519492423584384,0.5741775,2217.654309464387,0.27856700513145977,7.0284123E-6,17.486229,0.0019776372,0.2770492,9.810404E-4,0.021381814,8.180404E-4,0.3798287,0.02068991,null,null,null,null,null,null,0.023831064,0.0029526565,0.2770492,9.810404E-4,"ONEGAUSSIAN_WITH_ELLIPSOIDAL",6,4.35863,0.2770492,9.810404E-4,0.119738154,0.0045810263,0.42749083,0.021395124,null,null,null,null,null,null
375316653866487564,6058519561143063168,0.629147,2207.109890326997,2.7171829967645036,4.081259E-6,16.934359,0.010094392,0.253502,0.002319638,0.049866114,0.0046929643,0.23375528,0.021868682,0.7487176,0.0030821129,0.054170758,0.004890906,0.2756093,0.02272276,0.0955165,0.0123560885,0.253502,0.002319638,"TWOGAUSSIANS_WITH_ELLIPSOIDAL_ON_ECLIPSE1",9,6.882252,0.7493776,0.0025359797,0.30335623,0.027389076,0.4664867,0.01834077,0.253502,0.002319638,0.27925023,0.0262806,0.42478138,0.0048976974
375316653866487564,6058519939100206464,0.7191203,2212.744217569355,0.5526260491523909,4.219823E-6,15.568673,0.0014834431,0.22827834,0.0057134554,0.023834325,0.0049100136,0.5514712,0.05519387,0.7270081,7.874056E-4,0.022462154,5.021169E-4,0.677683,0.024626857,0.009191962,0.0020032446,0.22827834,0.0057134554,"TWOGAUSSIANS_WITH_ELLIPSOIDAL_ON_ECLIPSE1",9,3.646631,0.7270081,7.883483E-4,0.12578806,0.002811855,0.69606566,0.024616823,0.22827834,0.0057134554,0.13347222,0.027496077,0.56985503,0.054700125
