Gaia/vari_eclipsing_binary/VariEclipsingBinary_465225-465243.csv
# %ECSV 1.0
# ---
# delimiter: ','
# meta: !!omap
# - RELEASE: Gaia DR3
# - TABLE: vari_eclipsing_binary
# - DESCRIPTION: >
#     This table describes the properties of the eclipsing binaries resulting from the variability analysis. 
# - CITATION: >
#     How to cite and acknowledge Gaia: 
#     https://gea.esac.esa.int/archive/documentation/credits.html 
# - KNOWN_ISSUES: >
#     Known issues: 
#     https://www.cosmos.esa.int/web/gaia-users/known-issues 
# - DOCUMENTATION: >
#     Tutorials and documentation: 
#     https://www.cosmos.esa.int/web/gaia-users/archive 
# datatype:
# - 
#   name: solution_id
#   datatype: int64
#   description: Solution Identifier
#   meta:
#     ucd: meta.version
# - 
#   name: source_id
#   datatype: int64
#   description: Unique source identifier
#   meta:
#     ucd: meta.id;meta.main
# - 
#   name: global_ranking
#   datatype: float32
#   description: Number between 0 (worst) and 1 (best)
#   meta:
#     ucd: stat.param
# - 
#   name: reference_time
#   datatype: float64
#   unit: d
#   description: Reference time used for the geometric model fit
#   meta:
#     ucd: time.epoch
# - 
#   name: frequency
#   datatype: float64
#   unit: d**-1
#   description: Frequency of geometric model of the eclipsing binary light curve
#   meta:
#     ucd: src.orbital
# - 
#   name: frequency_error
#   datatype: float32
#   unit: d**-1
#   description: "Uncertainty of \\texttt{frequency}"
#   meta:
#     ucd: stat.error
# - 
#   name: geom_model_reference_level
#   datatype: float32
#   unit: mag
#   description: Magnitude reference level of geometric model
#   meta:
#     ucd: phot.mag;em.opt
# - 
#   name: geom_model_reference_level_error
#   datatype: float32
#   unit: mag
#   description: "Uncertainty of \\texttt{geomModelReferenceLevel}"
#   meta:
#     ucd: stat.error;phot.mag;em.opt
# - 
#   name: geom_model_gaussian1_phase
#   datatype: float32
#   description: Phase of the Gaussian 1 component
#   meta:
#     ucd: time.phase
# - 
#   name: geom_model_gaussian1_phase_error
#   datatype: float32
#   description: "Uncertainty of \\texttt{geomModelGaussian1Phase}"
#   meta:
#     ucd: stat.error;time.phase
# - 
#   name: geom_model_gaussian1_sigma
#   datatype: float32
#   description: "Standard deviation [phase] of Gaussian 1 component"
#   meta:
#     ucd: stat.stdev
# - 
#   name: geom_model_gaussian1_sigma_error
#   datatype: float32
#   description: "Uncertainty of \\texttt{geomModelGaussian1Sigma}"
#   meta:
#     ucd: stat.error
# - 
#   name: geom_model_gaussian1_depth
#   datatype: float32
#   unit: mag
#   description: Magnitude depth of Gaussian 1 component
#   meta:
#     ucd: src.var.amplitude
# - 
#   name: geom_model_gaussian1_depth_error
#   datatype: float32
#   unit: mag
#   description: "Uncertainty of \\texttt{geomModelGaussian1Depth}"
#   meta:
#     ucd: stat.error;src.var.amplitude
# - 
#   name: geom_model_gaussian2_phase
#   datatype: float32
#   description: Phase of Gaussian 2 component
#   meta:
#     ucd: time.phase
# - 
#   name: geom_model_gaussian2_phase_error
#   datatype: float32
#   description: "Uncertainty of \\texttt{geomModelGaussian2Phase}"
#   meta:
#     ucd: stat.error;time.phase
# - 
#   name: geom_model_gaussian2_sigma
#   datatype: float32
[...]
#   datatype: float32
#   description: "Secondary eclipse: uncertainty of \\texttt{derivedSecondaryEclDuration}"
#   meta:
#     ucd: stat.error;time.duration
# - 
#   name: derived_secondary_ecl_depth
#   datatype: float32
#   unit: mag
#   description: "Secondary eclipse: depth"
#   meta:
#     ucd: src.var.amplitude
# - 
#   name: derived_secondary_ecl_depth_error
#   datatype: float32
#   unit: mag
#   description: "Secondary eclipse: uncertainty of \\texttt{derivedSecondaryEclDepth}"
#   meta:
#     ucd: stat.error;src.var.amplitude
solution_id,source_id,global_ranking,reference_time,frequency,frequency_error,geom_model_reference_level,geom_model_reference_level_error,geom_model_gaussian1_phase,geom_model_gaussian1_phase_error,geom_model_gaussian1_sigma,geom_model_gaussian1_sigma_error,geom_model_gaussian1_depth,geom_model_gaussian1_depth_error,geom_model_gaussian2_phase,geom_model_gaussian2_phase_error,geom_model_gaussian2_sigma,geom_model_gaussian2_sigma_error,geom_model_gaussian2_depth,geom_model_gaussian2_depth_error,geom_model_cosine_half_period_amplitude,geom_model_cosine_half_period_amplitude_error,geom_model_cosine_half_period_phase,geom_model_cosine_half_period_phase_error,model_type,num_model_parameters,reduced_chi2,derived_primary_ecl_phase,derived_primary_ecl_phase_error,derived_primary_ecl_duration,derived_primary_ecl_duration_error,derived_primary_ecl_depth,derived_primary_ecl_depth_error,derived_secondary_ecl_phase,derived_secondary_ecl_phase_error,derived_secondary_ecl_duration,derived_secondary_ecl_duration_error,derived_secondary_ecl_depth,derived_secondary_ecl_depth_error
[from data line 340]
375316653866487564,4092250062341987840,0.550614,2124.366555844808,2.9222553753521328,1.2193021E-5,18.719393,0.017339101,0.27277568,0.010331714,0.08145276,0.010420827,0.3599523,0.043876532,0.7656384,0.0051359357,0.08592666,0.0057842084,0.33466718,0.018730244,null,null,null,null,"TWOGAUSSIANS",8,2.604674,0.27277568,0.010331714,0.4,0.0,0.35291603,0.045098633,0.7656384,0.0051359357,0.4,0.0,0.32763088,0.013704111
375316653866487564,4092250268500563584,0.60480905,2142.2622534830643,2.2409515928973303,1.696012E-5,18.245398,0.019463604,0.29219538,0.007825787,0.084712155,0.010122131,0.2820584,0.02071264,0.79793805,0.0053876326,0.091065295,0.014986191,0.39022008,0.036294736,null,null,null,null,"TWOGAUSSIANS",8,1.803968,0.79793805,0.0053876326,0.4,0.0,0.37960148,0.047581762,0.29219538,0.007825787,0.4,0.0,0.27144003,0.012286368
375316653866487564,4092250375844911104,0.5159489,2174.575560617691,2.329470595904626,2.1073665E-5,19.194273,0.0463645,0.30125815,0.00541587,0.08273844,0.016511528,0.2845757,0.04921974,0.80233115,0.023631115,0.06496153,0.044050246,0.22367658,0.06019244,null,null,null,null,"TWOGAUSSIANS",8,1.6538799,0.30125815,0.005414289,0.4,0.0,0.28296518,0.039159898,0.80233115,0.023631115,0.36378458,0.070642255,0.22206607,0.06694787
375316653866487564,4092250582003734656,0.59097224,2129.7540241388815,2.538035555925824,3.9332585E-6,18.635786,0.015369107,0.32391003,0.003502683,0.06520823,0.00428042,0.53717154,0.023265418,0.82718444,0.004967307,0.074720226,0.00604189,0.51879656,0.02154114,null,null,null,null,"TWOGAUSSIANS",8,3.723375,0.32391003,0.003502683,0.3651661,0.023970352,0.53553855,0.023034906,0.82718444,0.004967307,0.4,0.0,0.5171636,0.021604637
375316653866487564,4092250818229670656,0.5015368,2102.677475452251,4.104367222614329,4.5226465E-5,18.294296,0.2968022,0.18844113,0.014514564,0.10822197,0.061360903,0.26876697,0.25287053,0.6921577,0.010814491,0.13625239,0.070773385,0.29309747,0.2937187,null,null,null,null,"TWOGAUSSIANS",8,7.798708,0.6921677,0.010880686,0.4,0.0,0.22606838,0.02173868,0.18836112,0.014473067,0.4,0.0,0.20242657,0.035360042
375316653866487564,4092251269198980480,0.5833356,2243.284446381709,0.5472536284987572,2.5729669E-5,17.79352,0.008461046,0.1742258,6.7900645E-4,0.03603024,8.3152286E-4,1.286598,0.06435464,null,null,null,null,null,null,null,null,null,null,"ONEGAUSSIAN",5,26.356108,0.1742258,6.7900645E-4,0.20176934,0.004656528,1.286598,0.0,null,null,null,null,null,null
375316653866487564,4092251299288162048,0.5454165,2137.9933918102156,3.5712581601314373,2.6931926E-5,18.463118,0.047748562,0.23121981,0.005642175,0.09131319,0.010977745,0.453328,0.046469986,0.7338742,0.015784368,0.087441504,0.026164206,0.41537672,0.052496355,null,null,null,null,"TWOGAUSSIANS",8,7.2303677,0.23121981,0.0056421603,0.4,0.0,0.4366657,0.03021803,0.7338742,0.015784368,0.4,0.0,0.39871463,0.051268943
375316653866487564,4092251677245286912,0.6834298,2153.2866432535607,0.6820543038795354,2.885832E-6,17.42639,0.0060602524,0.18114811,0.007920222,0.056809053,0.00928014,0.079132795,0.02053051,0.6966926,0.0010648831,0.034800265,0.0010870285,0.7956714,0.016872028,null,null,null,null,"TWOGAUSSIANS",8,5.0794935,0.6966926,0.0010648831,0.19488148,0.00608736,0.79567134,0.016871987,0.18114811,0.007920222,0.31813067,0.05196878,0.07913275,0.020530524
375316653866487564,4092251784596078336,0.60638314,2178.3988377827595,2.3632891604782955,6.47708E-6,18.976654,0.008631165,0.31391826,0.002990124,0.075526856,0.0029646473,0.5367121,0.0230364,0.8129329,0.003619037,0.07604088,0.0029331187,0.564978,0.01941884,null,null,null,null,"TWOGAUSSIANS",8,1.6246132,0.8129329,0.003619037,0.4,0.0,0.56030554,0.018907879,0.31391826,0.002990124,0.4,0.0,0.53203964,0.023100492
375316653866487564,4092251887726303104,0.4817477,2173.355004413802,0.08799108718469645,6.955058E-5,17.453632,0.004408512,0.38618428,0.042737227,0.041863717,0.026855003,0.40336075,13.667605,0.9034964,0.004426918,0.031461332,0.0026697821,0.38241094,0.019353667,null,null,null,null,"TWOGAUSSIANS",8,7.514495,0.38618428,0.042737227,0.23443681,0.15038802,0.40336075,13.667605,0.9034964,0.004426918,0.17618346,0.01495078,0.38241094,0.019353667
375316653866487564,4092252811094737792,0.48429498,2150.7416837677247,2.786041621776126,5.3372776E-5,18.070929,0.042657007,0.21781774,0.010213603,0.115629554,0.017551651,0.3051277,0.042900782,0.7571435,0.015917122,0.14877118,0.021725254,0.24552293,0.050547443,null,null,null,null,"TWOGAUSSIANS",8,6.464488,0.21626775,0.009376654,0.4,0.0,0.24117866,0.021346139,0.7574635,0.01547537,0.4,0.0,0.1792869,0.020515323
375316653866487564,4092252914173951488,0.5061903,2188.845852716295,1.7424790205099172,6.584053E-5,17.213533,0.008222432,0.26645038,0.009369953,0.074810654,0.012969684,0.09628239,0.009035094,0.7822919,0.018899022,0.09471672,0.038740598,0.03594857,0.009776626,null,null,null,null,"TWOGAUSSIANS",8,4.288573,0.26645038,0.009369953,0.4,0.009346761,0.09522924,0.007518579,0.7822919,0.018899022,0.4,0.0,0.03489533,0.010477263
375316653866487564,4092252982913083904,0.51254004,2111.413067812894,1.9376709751141599,1.6703845E-5,18.696878,0.03147225,0.280578,0.0057789516,0.0912832,0.012906876,0.23878537,0.030163439,0.7746561,0.0065302444,0.08206375,0.017860988,0.19384314,0.03036552,null,null,null,null,"TWOGAUSSIANS",8,1.9779685,0.280578,0.0057789516,0.4,0.0,0.23267776,0.024913676,0.7746561,0.0065302444,0.4,0.025214281,0.18773566,0.026017457
375316653866487564,4092253154686980224,0.47436273,2202.545633337304,2.0224507763958117,6.6611385E-5,14.428236,0.020498384,0.30865508,0.015041808,0.13001436,0.027700003,0.1262982,0.019828696,0.695468,0.075399354,0.100317016,0.1096671,0.043811463,2.095129,null,null,null,null,"TWOGAUSSIANS",8,208.75862,0.30878508,0.014220206,0.4,0.0,0.12181652,0.014773482,0.695468,0.075399354,0.4,0.31380415,0.040816844,2.1017017
375316653866487564,4092253571301324032,0.59438366,2226.8598087447226,3.320705151508086,1.8239492E-5,19.234821,0.023106942,0.14210977,0.005175589,0.076409616,0.008909907,0.46234873,0.01961973,0.6449319,0.0027874524,0.069173485,0.0037363558,0.54802954,0.028771956,null,null,null,null,"TWOGAUSSIANS",8,2.0780258,0.6449319,0.0027874524,0.38737154,0.020923592,0.5454596,0.027505053,0.14210977,0.005175589,0.4,0.0070659937,0.4597788,0.01814614
375316653866487564,4092253601363677952,0.61428624,2231.8328582706667,1.0737558178185242,3.7765545E-5,14.483173,0.0028136042,0.2662616,0.010474967,0.07585455,0.008358451,0.11387855,0.00867863,0.76679033,0.0017756101,0.054811735,0.0016146036,0.20578918,0.0065854895,null,null,null,null,"TWOGAUSSIANS",8,33.25422,0.76679033,0.0017756101,0.3069457,0.00904178,0.20560291,0.006552546,0.2662616,0.010474967,0.4,0.002797393,0.11369228,0.008691217
375316653866487564,4092253708740891264,0.52170193,2138.4284209824073,0.20650400492119658,3.1819243E-5,18.527401,0.06138785,0.26132825,0.008492066,0.09169674,0.021790609,0.24233513,0.058621213,0.7884017,0.006998531,0.1046841,0.029579828,0.20700692,0.058038533,null,null,null,null,"TWOGAUSSIANS",8,2.9759238,0.26131827,0.008589376,0.4,0.0,0.23023564,0.035990532,0.7884017,0.00700243,0.4,0.0,0.19489954,0.02729853
375316653866487564,4092253743152033024,0.60592186,2167.74171886533,2.580866627482662,1.2477511E-5,15.929966,0.0047628437,0.2941559,0.0033528667,0.04727929,0.0078920135,0.13148631,0.016090712,0.803491,0.034497887,0.03140346,0.03269394,0.16056405,1.94250834E11,0.1130378,0.0059000757,0.2941559,0.0033528667,"TWOGAUSSIANS_WITH_ELLIPSOIDAL_ON_ECLIPSE1",9,36.378967,0.803491,0.034497887,0.17585938,0.18308607,0.38586256,1.94250834E11,0.2941559,0.0033528667,0.264764,0.044195272,0.35756168,0.014945738
375316653866487564,4092253914899753600,0.4976088,2116.436237471414,0.731953630438223,5.3771797E-5,19.41881,0.059012584,0.55158895,0.016692732,0.2161276,0.05858799,0.24684405,0.04839572,0.9591409,0.0049730414,0.024119996,0.0055778567,0.051448293,0.0137876775,null,null,null,null,"TWOGAUSSIANS",8,1.968771,0.55158895,0.016692732,0.4,0.0,0.2128417,0.03506053,0.9591409,0.0049730414,0.13507196,0.031235997,0.06491257,0.014576838
375316653866487564,4092253979347875840,0.5218795,2164.03904126011,2.8310486070408096,2.4931347E-5,19.193045,0.018934,0.23438828,0.0058181756,0.07987207,0.008307895,0.43002346,0.04920568,0.73387134,0.0048839157,0.06773144,0.0069185826,0.53530675,0.059688117,null,null,null,null,"TWOGAUSSIANS",8,5.3224216,0.73387134,0.0048839157,0.37929606,0.035102706,0.5322933,0.06076935,0.23438828,0.0058181756,0.4,0.0,0.42701003,0.049931444
375316653866487564,4092254327267560960,0.5064869,2212.267299872834,0.7250803572812797,3.4687302E-5,19.29364,0.00624758,0.24209593,0.002524165,0.016095296,0.009125066,0.05252139,0.009279135,0.45337874,0.0042365217,0.11114417,0.009150343,0.28740233,0.03783456,null,null,null,null,"TWOGAUSSIANS",8,1.2097872,0.45337874,0.0042365217,0.4,0.0,0.28737915,0.037856948,0.24644592,0.011257382,0.09013365,0.05110037,0.101402484,0.0066154045
375316653866487564,4092254705173984896,0.5370212,2181.4069477883,0.14660342776799618,1.1566941E-5,18.757122,0.015659204,0.28169745,0.01570633,0.108740255,0.015129834,0.22682163,0.018762395,0.8495175,0.0104629025,0.06866967,0.009870986,0.27670717,0.029851949,null,null,null,null,"TWOGAUSSIANS",8,2.0433276,0.84956753,0.010456681,0.38455015,0.031202968,0.27395913,0.03103414,0.28169745,0.01570633,0.4,0.0,0.22398901,0.017389102
375316653866487564,4092254773893691008,0.5451364,2159.45406385644,3.510192631054739,2.7397453E-5,19.620415,0.022035874,0.30231446,0.008812024,0.087467246,0.010871146,0.47032702,0.060768273,0.81247145,0.0026163752,0.060883217,0.0071175676,0.8912003,0.1539808,null,null,null,null,"TWOGAUSSIANS",8,3.9538076,0.81247145,0.0026163752,0.34094602,0.03985838,0.887982,0.15647407,0.30231446,0.008812024,0.4,0.0,0.46710867,0.06183984
375316653866487564,4092254803952935552,0.66553473,2187.62290592079,0.22024433125739473,8.227175E-5,12.429577,2.852308E-4,0.26950404,0.001293668,0.026511323,0.0021523049,0.21264002,0.019623835,0.62274534,0.024549041,0.017725814,0.02679398,0.0037623497,0.0045674276,0.00202802,9.92404E-4,0.26950404,0.001293668,"TWOGAUSSIANS_WITH_ELLIPSOIDAL_ON_ECLIPSE1",9,10.140113,0.26950404,0.001293668,0.14846341,0.012052907,0.21669607,0.020077161,0.62482536,0.021121213,0.09926456,0.15004627,0.005268143,0.0044238195
375316653866487564,4092254907060635008,0.6086385,2178.77834786701,2.5122819307385718,1.3311772E-5,19.079731,0.020015305,0.22049406,0.0030172623,0.07169255,0.0057980902,0.5972208,0.01908794,0.71236897,0.008274275,0.07417994,0.012233916,0.5065543,0.05248565,null,null,null,null,"TWOGAUSSIANS",8,1.5696104,0.22049406,0.0030172623,0.4,0.01768223,0.59467494,0.01837292,0.71236897,0.008274275,0.4,0.0071741147,0.5040084,0.055259205
375316653866487564,4092255151851265024,0.47283864,2143.325015427322,0.2067905250370073,4.513656E-5,19.408142,0.079258114,0.33555642,0.015488892,0.11198614,0.04723184,0.27577245,0.06976957,0.8255848,0.020504383,0.07393026,0.03865144,0.19541152,0.082385495,null,null,null,null,"TWOGAUSSIANS",8,1.9670428,0.33555642,0.015469674,0.4,0.0,0.2648313,0.06368275,0.8255848,0.020504383,0.4,0.032975994,0.18449822,0.031966005
375316653866487564,4092255289340500096,0.5477918,2188.9710407315642,3.9737753066950634,7.2840914E-5,17.093351,0.0016388694,0.48314008,0.027841898,0.04929217,0.004396819,0.32110894,0.12048797,null,null,null,null,null,null,null,null,null,null,"ONEGAUSSIAN",5,7.440942,0.48314008,0.027841898,0.27603614,0.024622187,0.32110894,0.0,null,null,null,null,null,null
375316653866487564,4092255422456877696,0.49730757,2176.969389188781,2.5761485376910374,2.1641023E-5,18.967861,0.028627517,0.2690461,0.0061255973,0.08295816,0.011379089,0.35437778,0.026291134,0.75922126,0.006315445,0.097712584,0.015471906,0.27336267,0.03629561,null,null,null,null,"TWOGAUSSIANS",8,4.205982,0.2690461,0.0061255973,0.4,0.0,0.34296054,0.023911264,0.75922126,0.006315445,0.4,0.0,0.26194414,0.035888884
375316653866487564,4092255800413992064,0.5964731,2138.0572354468745,1.6882119608548396,1.3026496E-5,18.163948,0.008139076,0.22077358,0.002927077,0.07976787,0.0075692274,0.16843694,0.010910712,0.71700644,0.010091539,0.06569659,0.007967552,0.2535993,0.02060508,null,null,null,null,"TWOGAUSSIANS",8,0.9814813,0.71700644,0.010091539,0.3679009,0.036472954,0.2526001,0.019677678,0.22077358,0.002927077,0.4,0.0,0.16743778,0.010616575
375316653866487564,4092256217004310784,0.5538265,2146.7723034697715,2.423020488227478,9.631104E-6,19.62441,0.019591002,0.252468,0.0060690437,0.0771856,0.009928628,0.66143113,0.07989747,0.74969643,0.007181931,0.061894294,0.005417332,0.5809811,0.057573743,null,null,null,null,"TWOGAUSSIANS",8,3.1485014,0.252468,0.0060690437,0.4,1.4257065E-5,0.6596274,0.081064984,0.74969643,0.007181931,0.34660804,0.03033706,0.5791773,0.05776177
375316653866487564,4092256423162109184,0.5431757,2139.3133855913757,2.4964235434657476,2.5196176E-5,18.505608,0.03025902,0.24488428,0.005027539,0.09495876,0.015807748,0.23891732,0.0267209,0.75607234,0.012467201,0.09004345,0.038342815,0.20389894,0.36032778,null,null,null,null,"TWOGAUSSIANS",8,2.2206826,0.24488428,0.005027539,0.4,0.0,0.22919834,0.01415206,0.75607234,0.012467201,0.4,0.079272725,0.1941804,0.3700419
375316653866487564,4092256423162144768,0.54061097,2141.008184365891,2.2625962144324965,1.3143273E-5,18.192421,0.061775725,0.20880991,0.021194132,0.08132646,0.03130073,0.45730066,0.0451722,0.7107847,0.005968189,0.07092053,0.014063384,0.5348719,0.05726217,null,null,null,null,"TWOGAUSSIANS",8,8.289449,0.7107847,0.005968189,0.39715496,0.030134749,0.5305975,0.04953426,0.20880991,0.021194132,0.4,0.0,0.45302626,0.050336182
375316653866487564,4092256663730536064,0.6719204,2247.9211633845734,2.08106,8.975985E-5,15.2933655,0.0010588436,0.30684963,0.011636687,0.029061578,0.012398946,0.010631106,0.0032290826,0.61209446,0.01022309,0.04398478,0.008078628,0.28659633,0.019434998,2.6776645E-8,0.0016454345,0.61209446,0.01022309,"TWOGAUSSIANS_WITH_ELLIPSOIDAL_ON_ECLIPSE2",9,4.00179,0.61209446,0.01022309,0.24631476,0.045240317,0.2865964,0.019286742,0.30684963,0.011869603,0.16274484,0.0694341,0.0106311105,0.0034191387
375316653866487564,4092256831210941568,0.55464494,2157.626772842619,2.963905104512588,1.6858925E-5,18.416395,0.02697047,0.25789568,0.006591058,0.10659083,0.01478309,0.23514533,0.026085313,0.7483528,0.004387538,0.104593016,0.012154709,0.22037484,0.026386907,null,null,null,null,"TWOGAUSSIANS",8,1.8450102,0.25789568,0.006596906,0.4,0.0,0.2103618,0.012580125,0.7483528,0.004387538,0.4,0.0,0.19559456,0.012535428
375316653866487564,4092256972916881280,0.47775567,2155.776736786166,0.6603952284812413,5.9589776E-5,18.96462,0.35800165,0.2115599,0.04885269,0.1402543,0.054398116,0.13074054,0.33932763,0.7627927,0.014225082,0.11979386,0.07899887,0.20018654,0.3188622,null,null,null,null,"TWOGAUSSIANS",8,1.7306376,0.76399267,0.011152886,0.4,0.0,0.16788876,0.018846322,0.2107199,0.04335051,0.4,0.0,0.097779885,0.037757035
375316653866487564,4092257866270823680,0.61866385,2144.1672929832885,3.8234939015670664,1.8957002E-5,18.231693,0.009798035,0.2849276,0.009787933,0.06427003,0.0070365933,0.75768477,0.037279923,0.78167593,0.036440693,0.07003976,0.013201485,0.43237132,0.18910357,null,null,null,null,"TWOGAUSSIANS",8,4.947446,0.2849276,0.009787933,0.35991216,0.03940492,0.7566786,0.037284896,0.78167593,0.036440693,0.39222264,0.037184924,0.43136513,0.18904307
