Gaia/vari_eclipsing_binary/VariEclipsingBinary_607517-607584.csv
# %ECSV 1.0
# ---
# delimiter: ','
# meta: !!omap
# - RELEASE: Gaia DR3
# - TABLE: vari_eclipsing_binary
# - DESCRIPTION: >
#     This table describes the properties of the eclipsing binaries resulting from the variability analysis. 
# - CITATION: >
#     How to cite and acknowledge Gaia: 
#     https://gea.esac.esa.int/archive/documentation/credits.html 
# - KNOWN_ISSUES: >
#     Known issues: 
#     https://www.cosmos.esa.int/web/gaia-users/known-issues 
# - DOCUMENTATION: >
#     Tutorials and documentation: 
#     https://www.cosmos.esa.int/web/gaia-users/archive 
# datatype:
# - 
#   name: solution_id
#   datatype: int64
#   description: Solution Identifier
#   meta:
#     ucd: meta.version
# - 
#   name: source_id
#   datatype: int64
#   description: Unique source identifier
#   meta:
#     ucd: meta.id;meta.main
# - 
#   name: global_ranking
#   datatype: float32
#   description: Number between 0 (worst) and 1 (best)
#   meta:
#     ucd: stat.param
# - 
#   name: reference_time
#   datatype: float64
#   unit: d
#   description: Reference time used for the geometric model fit
#   meta:
#     ucd: time.epoch
# - 
#   name: frequency
#   datatype: float64
#   unit: d**-1
#   description: Frequency of geometric model of the eclipsing binary light curve
#   meta:
#     ucd: src.orbital
# - 
#   name: frequency_error
#   datatype: float32
#   unit: d**-1
#   description: "Uncertainty of \\texttt{frequency}"
#   meta:
#     ucd: stat.error
# - 
#   name: geom_model_reference_level
#   datatype: float32
#   unit: mag
#   description: Magnitude reference level of geometric model
#   meta:
#     ucd: phot.mag;em.opt
# - 
#   name: geom_model_reference_level_error
#   datatype: float32
#   unit: mag
#   description: "Uncertainty of \\texttt{geomModelReferenceLevel}"
#   meta:
#     ucd: stat.error;phot.mag;em.opt
# - 
#   name: geom_model_gaussian1_phase
#   datatype: float32
#   description: Phase of the Gaussian 1 component
#   meta:
#     ucd: time.phase
# - 
#   name: geom_model_gaussian1_phase_error
#   datatype: float32
#   description: "Uncertainty of \\texttt{geomModelGaussian1Phase}"
#   meta:
#     ucd: stat.error;time.phase
# - 
#   name: geom_model_gaussian1_sigma
#   datatype: float32
#   description: "Standard deviation [phase] of Gaussian 1 component"
#   meta:
#     ucd: stat.stdev
# - 
#   name: geom_model_gaussian1_sigma_error
#   datatype: float32
#   description: "Uncertainty of \\texttt{geomModelGaussian1Sigma}"
#   meta:
#     ucd: stat.error
# - 
#   name: geom_model_gaussian1_depth
#   datatype: float32
#   unit: mag
#   description: Magnitude depth of Gaussian 1 component
#   meta:
#     ucd: src.var.amplitude
# - 
#   name: geom_model_gaussian1_depth_error
#   datatype: float32
#   unit: mag
#   description: "Uncertainty of \\texttt{geomModelGaussian1Depth}"
#   meta:
#     ucd: stat.error;src.var.amplitude
# - 
#   name: geom_model_gaussian2_phase
#   datatype: float32
#   description: Phase of Gaussian 2 component
#   meta:
#     ucd: time.phase
# - 
#   name: geom_model_gaussian2_phase_error
#   datatype: float32
#   description: "Uncertainty of \\texttt{geomModelGaussian2Phase}"
#   meta:
#     ucd: stat.error;time.phase
# - 
#   name: geom_model_gaussian2_sigma
#   datatype: float32
[...]
#   datatype: float32
#   description: "Secondary eclipse: uncertainty of \\texttt{derivedSecondaryEclDuration}"
#   meta:
#     ucd: stat.error;time.duration
# - 
#   name: derived_secondary_ecl_depth
#   datatype: float32
#   unit: mag
#   description: "Secondary eclipse: depth"
#   meta:
#     ucd: src.var.amplitude
# - 
#   name: derived_secondary_ecl_depth_error
#   datatype: float32
#   unit: mag
#   description: "Secondary eclipse: uncertainty of \\texttt{derivedSecondaryEclDepth}"
#   meta:
#     ucd: stat.error;src.var.amplitude
solution_id,source_id,global_ranking,reference_time,frequency,frequency_error,geom_model_reference_level,geom_model_reference_level_error,geom_model_gaussian1_phase,geom_model_gaussian1_phase_error,geom_model_gaussian1_sigma,geom_model_gaussian1_sigma_error,geom_model_gaussian1_depth,geom_model_gaussian1_depth_error,geom_model_gaussian2_phase,geom_model_gaussian2_phase_error,geom_model_gaussian2_sigma,geom_model_gaussian2_sigma_error,geom_model_gaussian2_depth,geom_model_gaussian2_depth_error,geom_model_cosine_half_period_amplitude,geom_model_cosine_half_period_amplitude_error,geom_model_cosine_half_period_phase,geom_model_cosine_half_period_phase_error,model_type,num_model_parameters,reduced_chi2,derived_primary_ecl_phase,derived_primary_ecl_phase_error,derived_primary_ecl_duration,derived_primary_ecl_duration_error,derived_primary_ecl_depth,derived_primary_ecl_depth_error,derived_secondary_ecl_phase,derived_secondary_ecl_phase_error,derived_secondary_ecl_duration,derived_secondary_ecl_duration_error,derived_secondary_ecl_depth,derived_secondary_ecl_depth_error
[from data line 468]
375316653866487564,5344129782394806272,0.49534672,2201.4914523985235,3.9135852205729798,1.29380605E-5,18.492695,0.022691762,0.25897297,0.0054711606,0.079455756,0.009790663,0.2589334,0.02303719,0.74663115,0.005281106,0.10369413,0.013330696,0.3274779,0.01646176,null,null,null,null,"TWOGAUSSIANS",8,8.791965,0.74663115,0.005281106,0.4,0.0,0.31575918,0.014112875,0.25897297,0.0054750754,0.4,0.0,0.24722148,0.016622597
375316653866487564,5344130607028552832,0.4201113,2219.0370268248876,0.20882243442917575,3.975301E-5,17.383852,0.010014352,0.26174307,0.009551475,0.03640416,0.011269099,0.11707728,0.056719135,0.7685534,0.025001837,0.025218586,0.020338884,0.060147524,0.035095762,0.025804823,0.01194122,0.26174307,0.009551475,"TWOGAUSSIANS_WITH_ELLIPSOIDAL_ON_ECLIPSE1",9,23.435053,0.26174307,0.009551475,0.2038633,0.063106954,0.16868682,0.055166624,0.7685534,0.025001837,0.14122407,0.11389774,0.11166262,0.03607203
375316653866487564,5344131500381742976,0.57950765,2221.8087340207717,3.0448873071120843,6.465002E-6,17.523325,0.003462159,0.24993329,0.0016741228,0.06739282,0.0020225241,0.25097346,0.0044747735,0.7500815,0.0018132392,0.067271024,0.0025458585,0.21414521,0.005078055,null,null,null,null,"TWOGAUSSIANS",8,3.9042158,0.24993329,0.0016741228,0.37739977,0.011326135,0.25050485,0.0044046026,0.7500815,0.0018132392,0.37671775,0.014256807,0.21367662,0.005053589
375316653866487564,5344131530428400640,0.5457742,2229.895757420773,3.085248093801683,6.2623326E-6,18.800104,0.0054099285,0.22966225,0.0033425495,0.073919214,0.003816991,0.27061567,0.012819813,0.7367234,0.0030714064,0.07594082,0.003606566,0.19467147,0.009443745,null,null,null,null,"TWOGAUSSIANS",8,1.8253467,0.22966225,0.0033425495,0.4,0.0,0.26912203,0.01293987,0.7367234,0.0030714064,0.4,0.0,0.19317783,0.00927916
375316653866487564,5344131672166935168,0.57898194,2201.0974835006964,2.347054414770109,5.0934204E-6,19.248997,0.016348012,0.1468371,0.0029160935,0.042144313,0.0050617303,0.33780524,0.044319592,0.6405167,0.005730474,0.05052401,0.0060686255,0.73866403,0.04237667,0.09005241,0.024828818,0.1468371,0.0029160935,"TWOGAUSSIANS_WITH_ELLIPSOIDAL_ON_ECLIPSE1",9,3.0013204,0.64081675,0.0054246024,0.2829345,0.033984303,0.9184963,0.025872221,0.1468371,0.0029160935,0.23600817,0.02834569,0.51790816,0.022815987
375316653866487564,5344131981418124032,0.47857827,2224.0398945783263,3.701932185123415,1.9791065E-5,19.317654,0.026327344,0.2279656,0.0096595725,0.098583005,0.015567517,0.21393135,0.026280146,0.7263277,0.00609385,0.10731025,0.015430264,0.21290985,0.02422705,null,null,null,null,"TWOGAUSSIANS",8,2.174239,0.2279656,0.009659933,0.4,0.0,0.19202304,0.014215214,0.7263277,0.00609385,0.4,0.0,0.1909944,0.014690497
375316653866487564,5344134451009863424,0.5259869,2226.5157435063384,3.4538276859212194,1.4721038E-5,18.349669,0.00553656,0.2849475,0.003932113,0.07755336,0.0053012245,0.24432938,0.008384947,0.8011342,0.00693502,0.074098095,0.005655186,0.17863072,0.011267485,null,null,null,null,"TWOGAUSSIANS",8,3.8513105,0.2849475,0.003932113,0.4,0.0,0.24305198,0.008298992,0.8011342,0.00693502,0.4,0.008176858,0.17735332,0.0110642025
375316653866487564,5344135687956876800,0.51041394,2216.4911710413567,1.4265495136424255,8.8149045E-6,18.20194,0.0043969913,0.57840276,0.044734214,0.07030671,0.042717278,0.031277128,0.018924195,0.8229475,0.01087134,0.026174178,0.00550982,0.72568357,0.22705552,null,null,null,null,"TWOGAUSSIANS",8,10.133099,0.8229475,0.01087134,0.14657539,0.03085499,0.72575736,0.2270352,0.57840276,0.044734214,0.3937176,0.20875807,0.031277128,0.018924195
375316653866487564,5344136070230782080,0.5338492,2192.211469927058,2.9591521452287717,1.9889834E-5,19.39412,0.006824302,0.25116673,0.0033765088,0.050490614,0.0024173253,0.40113246,0.017063668,0.75440454,0.0034652683,0.052716568,0.0046389233,0.7887693,0.10432616,null,null,null,null,"TWOGAUSSIANS",8,3.44355,0.75440454,0.0034652683,0.29521278,0.025977971,0.78876156,0.10433971,0.25116673,0.0033765088,0.28274742,0.013537021,0.4011247,0.01706142
375316653866487564,5344137272802468096,0.44303206,2221.192889591236,0.06149504386542677,1.5318843E-5,18.257835,0.0040012943,0.45697922,0.019134963,0.025347915,0.008367222,0.25743723,0.28590026,0.7760999,0.003504042,0.015514984,0.0035156074,0.12588814,0.022560652,0.015620633,0.007651254,0.7760999,0.003504042,"TWOGAUSSIANS_WITH_ELLIPSOIDAL_ON_ECLIPSE2",9,6.353493,0.4565992,0.019129725,0.14194831,0.04685644,0.26299664,0.28479257,0.7760999,0.003504042,0.08688391,0.019687401,0.15712939,0.023199972
375316653866487564,5344138475408096896,0.6163402,2200.7771909823573,1.6431463623497446,5.5629057E-6,16.473623,0.0029830094,0.22186393,0.0020281498,0.09066355,0.0022934896,0.2618655,0.0059289844,0.72163373,0.0011644757,0.08468712,0.00147406,0.3349884,0.004546779,null,null,null,null,"TWOGAUSSIANS",8,6.281026,0.72163373,0.0011644757,0.4,0.0,0.32492852,0.0041660354,0.22186393,0.0020281498,0.4,0.0,0.2518055,0.0058386116
375316653866487564,5344138922070063232,0.5150223,2213.5081158866856,2.678788165587495,1.40090015E-5,19.29097,0.016327431,0.11493242,0.007375238,0.073416896,0.011220174,0.4111893,0.025418624,0.61936057,0.0033551378,0.07666297,0.0059558973,0.33510593,0.01754214,null,null,null,null,"TWOGAUSSIANS",8,3.1707706,0.11493242,0.007375238,0.4,0.024395104,0.40858164,0.026719298,0.61936057,0.0033551378,0.4,0.0,0.33249828,0.016233802
375316653866487564,5344140536977946240,0.5254671,2209.6172847549956,0.45263257800836043,1.3941155E-5,19.139097,0.0074249716,0.23229177,0.008343043,0.043734152,0.010153523,0.05249795,0.02369332,0.7571235,0.012560054,0.02419229,0.0076294453,0.5757389,0.024081787,null,null,null,null,"TWOGAUSSIANS",8,3.2145636,0.7571235,0.012560054,0.13547683,0.042724896,0.5757389,0.024081787,0.23229177,0.008343043,0.24491124,0.056859728,0.05249795,0.02369332
375316653866487564,5344141499065498624,0.44434762,2224.3454238884624,3.1405137595135866,6.795717E-5,18.791224,0.011323556,null,null,null,null,null,null,null,null,null,null,null,null,0.09816352,0.020405577,0.2039636,0.012156253,"ELLIPSOIDAL",4,18.246094,null,null,null,null,null,null,null,null,null,null,null,null
375316653866487564,5344142078874385280,0.42855987,2223.9197324371958,0.9559423432787377,4.270666E-5,17.949865,0.030863373,0.26007536,0.015044733,0.10483916,0.026392465,0.11629457,0.032305833,0.7329021,0.015190896,0.11051279,0.04829627,0.086571515,0.030927353,null,null,null,null,"TWOGAUSSIANS",8,9.740878,0.26010537,0.014951835,0.4,0.0,0.106348515,0.019660763,0.7329021,0.015190896,0.4,0.0,0.07662012,0.024221325
375316653866487564,5344142113231198720,0.62744033,2203.0549197978276,3.979812280315432,2.8925551E-6,18.380682,0.009775503,0.276462,7.206146E-4,0.04900103,0.0022215107,0.49246976,0.026318306,0.7727171,0.0016658086,0.05153641,0.0023673289,0.5668511,0.037880383,0.10975455,0.01643379,0.276462,7.206146E-4,"TWOGAUSSIANS_WITH_ELLIPSOIDAL_ON_ECLIPSE1",9,4.1237807,0.7729971,0.0015469843,0.2886039,0.013257042,0.7862419,0.03812908,0.276462,7.206146E-4,0.27440578,0.012440461,0.71197295,0.021197872
375316653866487564,5344142495497473792,0.6546857,2199.318621114611,1.6409626864356426,2.13274E-6,16.457472,0.002574149,0.24820067,0.0028821747,0.03801018,0.004278237,0.071956865,0.007470752,0.74802464,0.0010827451,0.041303135,0.0010798787,0.47204518,0.012880086,0.028153764,0.0039775893,0.24820067,0.0028821747,"TWOGAUSSIANS_WITH_ELLIPSOIDAL_ON_ECLIPSE1",9,5.278424,0.74802464,0.0010709406,0.23129757,0.00604732,0.52835256,0.012752616,0.24820067,0.0028821747,0.21285701,0.023958126,0.1282643,0.0046564727
375316653866487564,5344142839094906624,0.49306867,2172.4951232406215,2.864650946194704,1.3638197E-5,16.152184,0.0039987466,0.253229,0.0025029436,0.032681763,0.0036035557,0.11869456,0.027436975,0.7355835,0.0077585974,0.038410626,0.00713759,0.09618972,0.018462101,0.043855075,0.0074860863,0.253229,0.0025029436,"TWOGAUSSIANS_WITH_ELLIPSOIDAL_ON_ECLIPSE1",9,48.76216,0.253229,0.0025029436,0.18301786,0.020179912,0.20640454,0.026637837,0.7372735,0.006815152,0.2150995,0.039970506,0.18292807,0.01546859
375316653866487564,5344142976519306752,0.47760668,2239.1048317329773,2.384156843237555,3.453267E-5,19.880188,0.05541013,0.24244146,0.017302848,0.10268746,0.02909479,0.3028188,0.05580092,0.75102365,0.00601703,0.10772047,0.02149648,0.25975984,0.051208112,null,null,null,null,"TWOGAUSSIANS",8,1.220882,0.24243146,0.017316936,0.4,0.0,0.27270937,0.032625917,0.75102365,0.0060157627,0.4,0.0,0.22964345,0.01687736
375316653866487564,5344143835512867712,0.47313827,2190.7905736830908,3.797005836701099,1.3879164E-5,18.747131,0.42994708,0.25774133,0.0052769617,0.16797657,0.11623852,0.29601523,0.42308432,0.7628003,0.005646016,0.11786991,0.035549752,0.267943,0.2761264,null,null,null,null,"TWOGAUSSIANS",8,3.1669872,0.25770134,0.0051815417,0.4,0.0,0.17901346,0.0112079475,0.7633703,0.0051944638,0.4,0.0,0.15795495,0.016573524
375316653866487564,5344144316563760640,0.62685454,2183.399519731696,2.4582034788114613,3.2007415E-6,16.435335,0.011346539,0.20515366,0.0019645288,0.05173172,0.004512485,0.40186656,0.02639695,0.7015911,0.0015700457,0.049597632,0.0027914043,0.33280447,0.026590949,0.0965411,0.014504752,0.20515366,0.0019645288,"TWOGAUSSIANS_WITH_ELLIPSOIDAL_ON_ECLIPSE1",9,23.482346,0.20515366,0.0019645288,0.28969762,0.025269918,0.59494436,0.012245839,0.7019511,0.0013673438,0.27774674,0.015631864,0.52579534,0.0139459865
375316653866487564,5344144350923519744,0.47705734,2205.587717020695,2.943170116605257,1.9787185E-5,17.085932,0.059247207,0.24009822,0.0114809405,0.12819532,0.06170018,0.110605896,0.050886404,0.7533988,0.0066180364,0.10239724,0.024578875,0.14503656,0.054923505,null,null,null,null,"TWOGAUSSIANS",8,11.759579,0.7534888,0.006363139,0.4,0.0,0.12449711,0.011125494,0.24008822,0.011455653,0.4,0.0,0.089950174,0.011940091
375316653866487564,5344145622219360768,0.50182253,2188.6245658739863,0.4953637107858031,9.30958E-6,18.035414,0.0031731415,0.2864356,0.0022725472,0.01757912,0.0035847833,0.6330648,1.1433787,0.7828905,9.508843E-4,0.025389532,0.001250136,0.21765044,0.011380448,0.02430558,0.0046523507,0.2864356,0.0022725472,"TWOGAUSSIANS_WITH_ELLIPSOIDAL_ON_ECLIPSE1",9,6.423172,0.2864356,0.0022725472,0.09844307,0.020074787,0.6816759,1.1443652,0.7829305,9.371024E-4,0.14218138,0.0070007616,0.26623774,0.010427289
375316653866487564,5344145652280957056,0.5274494,2183.367281762232,1.3398074223744982,1.3132745E-5,18.035347,0.013880605,0.2453701,0.0058227433,0.04286543,0.04346848,0.021580186,0.028430857,0.72887653,0.0027299752,0.042851206,0.005848173,0.26284808,0.060222045,0.0315656,0.016023666,0.2453701,0.0058227433,"TWOGAUSSIANS_WITH_ELLIPSOIDAL_ON_ECLIPSE1",9,4.0382133,0.7294265,0.002648345,0.23996675,0.03274977,0.32532609,0.05933836,0.2453701,0.0058227433,0.2400464,0.22608237,0.084711246,0.009041913
375316653866487564,5344146206336273920,0.45358872,2204.69673965556,3.798895877175973,3.536338E-5,18.642273,0.01559892,0.26963812,0.01265539,0.1215207,0.018796558,0.15140276,0.01655866,0.7250936,0.008277703,0.08632585,0.013337908,0.13484497,0.01754767,null,null,null,null,"TWOGAUSSIANS",8,5.514127,0.26963812,0.01265539,0.4,0.0,0.14221814,0.012387682,0.7250936,0.008277703,0.4,0.0,0.12580168,0.0138885835
375316653866487564,5344146584292026368,0.45213386,2206.3993934224186,0.21677728643241195,4.849172E-5,18.405867,0.0058249966,0.09940042,0.005550937,0.01801943,0.0037767424,0.12565833,0.03518578,0.70978695,0.010209986,0.08858357,0.009925131,0.14036843,0.010434044,null,null,null,null,"TWOGAUSSIANS",8,4.5463777,0.70978695,0.010209986,0.4,0.0,0.1403684,0.010434032,0.09940042,0.005550937,0.10090881,0.021149758,0.12566714,0.035185777
375316653866487564,5344146927889467008,0.62630904,2193.8672045778217,2.1437976000204153,5.1910856E-6,15.702077,0.0061313706,0.26981646,0.0017406328,0.08951291,0.0023608382,0.39344057,0.009934979,0.7733785,0.0017174842,0.09617843,0.0027258638,0.35151166,0.0068216245,null,null,null,null,"TWOGAUSSIANS",8,18.92367,0.26981646,0.0017406328,0.4,0.0,0.3746869,0.009981831,0.7733785,0.0017174842,0.4,0.0,0.33275715,0.0052174088
375316653866487564,5344148985187432320,0.5669771,2228.7900267677483,2.4329830359080815,5.9407703E-6,17.752872,0.0071976427,0.25503471,0.0017756502,0.07681764,0.0025751276,0.32330316,0.0073665427,0.7545882,0.0035813437,0.08342584,0.0050638802,0.35452875,0.010567809,null,null,null,null,"TWOGAUSSIANS",8,5.504258,0.7545882,0.0035813437,0.4,0.0,0.34936202,0.010815658,0.25503471,0.0017756502,0.4,0.0,0.31813642,0.0063679186
375316653866487564,5344150226438795392,0.47391108,2192.712368388599,2.943039259691205,6.9104876E-6,17.40497,0.0028005778,0.3974882,0.009520613,0.05478104,0.019118026,0.06006664,0.0061373897,0.88715994,0.0010023357,0.031869926,0.0016308674,0.09394887,0.0034965852,null,null,null,null,"TWOGAUSSIANS",8,4.1588435,0.88715994,0.0010023357,0.17847158,0.0091328565,0.09394887,0.0034964534,0.3974882,0.009520613,0.3067738,0.10706094,0.060066637,0.0061375084
375316653866487564,5344151394669935232,0.5630026,2223.0285483027565,1.9013310125294414,8.805235E-6,17.371597,0.0031870122,0.21636097,0.0026153876,0.08252947,0.0038223288,0.10255888,0.003387281,0.71574754,0.0035994265,0.090144165,0.0043669767,0.11595343,0.0034237406,null,null,null,null,"TWOGAUSSIANS",8,1.2442214,0.71574754,0.0035994265,0.4,0.0,0.11268578,0.0026725568,0.21636097,0.0026153876,0.4,0.0,0.09929128,0.0026192507
375316653866487564,5344152116224522752,0.5786619,2215.7827743492808,2.137599504211906,5.9613512E-6,16.502836,0.0018358461,0.22111374,0.003101436,0.08116752,0.003902082,0.17786364,0.0035559686,0.7198454,0.0016987005,0.07462353,0.002067207,0.1422523,0.0031041217,null,null,null,null,"TWOGAUSSIANS",8,4.9204044,0.22111374,0.003101436,0.4,0.0,0.1760603,0.0036905778,0.7198454,0.0016987005,0.4,0.0,0.14044894,0.0030594515
375316653866487564,5344152421153798912,0.5991605,2216.9329382487463,1.4813828055774174,2.92719E-6,18.014217,0.005218614,0.2070899,0.004951623,0.07922988,0.0079086395,0.09253313,0.0063441307,0.69806373,8.537042E-4,0.054286126,0.0013140892,0.34946623,0.006329542,null,null,null,null,"TWOGAUSSIANS",8,2.0864394,0.69806373,8.537042E-4,0.30400229,0.0073588993,0.3492538,0.006248724,0.2070899,0.004951623,0.4,0.0,0.09232069,0.0063199094
375316653866487564,5344152764751304704,0.43023452,2227.4379291758946,1.0777424357800167,2.382614E-5,18.750301,0.005071695,0.2881098,0.01652225,0.0145886,0.01824724,0.3121804,0.22377536,0.7977702,0.004821,0.018474868,0.0035649235,0.21479502,0.052287765,null,null,null,null,"TWOGAUSSIANS",8,7.881101,0.2881098,0.01652225,0.08169616,0.102184534,0.3121804,0.22377536,0.7977702,0.004821,0.103459254,0.019963572,0.21479502,0.052287765
375316653866487564,5344152837779089280,0.65836674,2234.0006472521345,2.5554084794964163,2.625096E-6,17.479515,0.004089495,0.21765043,7.395079E-4,0.04903471,0.0018729602,0.20564535,0.00905729,0.7174888,0.0011363644,0.049827624,0.001958123,0.2154513,0.0087682605,0.11834635,0.0048584216,0.21765043,7.395079E-4,"TWOGAUSSIANS_WITH_ELLIPSOIDAL_ON_ECLIPSE1",9,2.505445,0.7175188,9.42233E-4,0.2790347,0.010965488,0.45214227,0.005385374,0.21765043,7.395079E-4,0.27459437,0.010488577,0.44233653,0.004420006
375316653866487564,5344153147016739328,0.5908877,2226.18187619884,2.449788882407352,5.422338E-6,17.956408,0.011611299,0.281599,0.0017731648,0.04721281,0.005420339,0.27628118,0.024082791,0.7827481,0.0025502946,0.049390648,0.0046670623,0.22619851,0.027180497,0.11208972,0.016553985,0.281599,0.0017731648,"TWOGAUSSIANS_WITH_ELLIPSOIDAL_ON_ECLIPSE1",9,5.895829,0.281599,0.0017731648,0.26439172,0.030353896,0.5004598,0.011771189,0.7827481,0.0025502946,0.27658764,0.026135549,0.45036545,0.015175856
