Gaia/vari_eclipsing_binary/VariEclipsingBinary_596437-596548.csv
# %ECSV 1.0
# ---
# delimiter: ','
# meta: !!omap
# - RELEASE: Gaia DR3
# - TABLE: vari_eclipsing_binary
# - DESCRIPTION: >
#     This table describes the properties of the eclipsing binaries resulting from the variability analysis. 
# - CITATION: >
#     How to cite and acknowledge Gaia: 
#     https://gea.esac.esa.int/archive/documentation/credits.html 
# - KNOWN_ISSUES: >
#     Known issues: 
#     https://www.cosmos.esa.int/web/gaia-users/known-issues 
# - DOCUMENTATION: >
#     Tutorials and documentation: 
#     https://www.cosmos.esa.int/web/gaia-users/archive 
# datatype:
# - 
#   name: solution_id
#   datatype: int64
#   description: Solution Identifier
#   meta:
#     ucd: meta.version
# - 
#   name: source_id
#   datatype: int64
#   description: Unique source identifier
#   meta:
#     ucd: meta.id;meta.main
# - 
#   name: global_ranking
#   datatype: float32
#   description: Number between 0 (worst) and 1 (best)
#   meta:
#     ucd: stat.param
# - 
#   name: reference_time
#   datatype: float64
#   unit: d
#   description: Reference time used for the geometric model fit
#   meta:
#     ucd: time.epoch
# - 
#   name: frequency
#   datatype: float64
#   unit: d**-1
#   description: Frequency of geometric model of the eclipsing binary light curve
#   meta:
#     ucd: src.orbital
# - 
#   name: frequency_error
#   datatype: float32
#   unit: d**-1
#   description: "Uncertainty of \\texttt{frequency}"
#   meta:
#     ucd: stat.error
# - 
#   name: geom_model_reference_level
#   datatype: float32
#   unit: mag
#   description: Magnitude reference level of geometric model
#   meta:
#     ucd: phot.mag;em.opt
# - 
#   name: geom_model_reference_level_error
#   datatype: float32
#   unit: mag
#   description: "Uncertainty of \\texttt{geomModelReferenceLevel}"
#   meta:
#     ucd: stat.error;phot.mag;em.opt
# - 
#   name: geom_model_gaussian1_phase
#   datatype: float32
#   description: Phase of the Gaussian 1 component
#   meta:
#     ucd: time.phase
# - 
#   name: geom_model_gaussian1_phase_error
#   datatype: float32
#   description: "Uncertainty of \\texttt{geomModelGaussian1Phase}"
#   meta:
#     ucd: stat.error;time.phase
# - 
#   name: geom_model_gaussian1_sigma
#   datatype: float32
#   description: "Standard deviation [phase] of Gaussian 1 component"
#   meta:
#     ucd: stat.stdev
# - 
#   name: geom_model_gaussian1_sigma_error
#   datatype: float32
#   description: "Uncertainty of \\texttt{geomModelGaussian1Sigma}"
#   meta:
#     ucd: stat.error
# - 
#   name: geom_model_gaussian1_depth
#   datatype: float32
#   unit: mag
#   description: Magnitude depth of Gaussian 1 component
#   meta:
#     ucd: src.var.amplitude
# - 
#   name: geom_model_gaussian1_depth_error
#   datatype: float32
#   unit: mag
#   description: "Uncertainty of \\texttt{geomModelGaussian1Depth}"
#   meta:
#     ucd: stat.error;src.var.amplitude
# - 
#   name: geom_model_gaussian2_phase
#   datatype: float32
#   description: Phase of Gaussian 2 component
#   meta:
#     ucd: time.phase
# - 
#   name: geom_model_gaussian2_phase_error
#   datatype: float32
#   description: "Uncertainty of \\texttt{geomModelGaussian2Phase}"
#   meta:
#     ucd: stat.error;time.phase
# - 
#   name: geom_model_gaussian2_sigma
#   datatype: float32
[...]
#   datatype: float32
#   description: "Secondary eclipse: uncertainty of \\texttt{derivedSecondaryEclDuration}"
#   meta:
#     ucd: stat.error;time.duration
# - 
#   name: derived_secondary_ecl_depth
#   datatype: float32
#   unit: mag
#   description: "Secondary eclipse: depth"
#   meta:
#     ucd: src.var.amplitude
# - 
#   name: derived_secondary_ecl_depth_error
#   datatype: float32
#   unit: mag
#   description: "Secondary eclipse: uncertainty of \\texttt{derivedSecondaryEclDepth}"
#   meta:
#     ucd: stat.error;src.var.amplitude
solution_id,source_id,global_ranking,reference_time,frequency,frequency_error,geom_model_reference_level,geom_model_reference_level_error,geom_model_gaussian1_phase,geom_model_gaussian1_phase_error,geom_model_gaussian1_sigma,geom_model_gaussian1_sigma_error,geom_model_gaussian1_depth,geom_model_gaussian1_depth_error,geom_model_gaussian2_phase,geom_model_gaussian2_phase_error,geom_model_gaussian2_sigma,geom_model_gaussian2_sigma_error,geom_model_gaussian2_depth,geom_model_gaussian2_depth_error,geom_model_cosine_half_period_amplitude,geom_model_cosine_half_period_amplitude_error,geom_model_cosine_half_period_phase,geom_model_cosine_half_period_phase_error,model_type,num_model_parameters,reduced_chi2,derived_primary_ecl_phase,derived_primary_ecl_phase_error,derived_primary_ecl_duration,derived_primary_ecl_duration_error,derived_primary_ecl_depth,derived_primary_ecl_depth_error,derived_secondary_ecl_phase,derived_secondary_ecl_phase_error,derived_secondary_ecl_duration,derived_secondary_ecl_duration_error,derived_secondary_ecl_depth,derived_secondary_ecl_depth_error
[from data line 74]
375316653866487564,5246359009431110272,0.6581312,2232.3096229670227,2.3742799978035163,3.6980985E-6,15.802848,0.0055003706,0.33741292,0.0017324166,0.05205215,0.0023983056,0.19854563,0.0150074465,0.8306029,9.890016E-4,0.04095435,0.0043589165,0.1624266,0.016037902,0.18316767,0.009956038,0.8306029,9.890016E-4,"TWOGAUSSIANS_WITH_ELLIPSOIDAL_ON_ECLIPSE2",9,22.892427,0.33548293,0.0010731809,0.29149204,0.013430512,0.5643966,0.006080073,0.8306029,9.890016E-4,0.22934437,0.024409933,0.52875835,0.0122685395
375316653866487564,5246364025952694528,0.5928593,2171.93445260318,2.8417286793666308,4.3650994E-6,17.35534,0.008400216,0.26496089,0.0027663438,0.0449332,0.0033586628,0.33845496,0.05906318,0.75744444,0.0018383192,0.05101707,0.004235482,0.36887613,0.05301597,0.12101347,0.010479079,0.75744444,0.0018383192,"TWOGAUSSIANS_WITH_ELLIPSOIDAL_ON_ECLIPSE2",9,7.9202843,0.75744444,0.0018383192,0.28569558,0.023718698,0.6109006,0.053390354,0.26419088,0.0023432544,0.25162593,0.018808512,0.5799951,0.058989145
375316653866487564,5246364777562332032,0.573728,2137.8065638399103,3.1911774958957335,1.3861128E-5,19.117435,0.011243543,0.27078927,0.0034777015,0.07500861,0.0038219488,0.500867,0.015375102,0.7701019,0.0059685265,0.07377339,0.0064623165,0.4193367,0.013622527,null,null,null,null,"TWOGAUSSIANS",8,2.03842,0.27078927,0.0034777015,0.4,0.0,0.49768102,0.014934217,0.7701019,0.0059685265,0.4,0.009319766,0.41615072,0.0131986365
375316653866487564,5246365499107848576,0.49965277,2157.5860792895432,3.7366344214339806,2.5686984E-5,18.960957,0.006394585,0.26707375,0.006111794,0.06291914,0.013071147,0.04270851,0.022421435,null,null,null,null,null,null,0.06242286,0.009093102,0.26707375,0.006111794,"ONEGAUSSIAN_WITH_ELLIPSOIDAL",6,2.19416,0.26707375,0.006111794,0.3523472,0.07319842,0.16753833,0.01870686,null,null,null,null,null,null
375316653866487564,5246365537781041024,0.5183993,2163.870743213451,2.6225022635442294,1.6233977E-5,16.33156,0.018788114,0.28026158,0.005566073,0.08956571,0.009707975,0.24529044,0.01888287,0.7940208,0.005349533,0.07984254,0.014241729,0.21466178,0.015514813,null,null,null,null,"TWOGAUSSIANS",8,39.664406,0.28026158,0.005566073,0.4,0.0,0.24066018,0.014836224,0.7940208,0.005349533,0.4,0.0,0.21003163,0.016429283
375316653866487564,5246365606500519040,0.57168764,2178.589191701877,3.690415480898091,1.393389E-5,19.116718,0.014983949,0.26968494,0.0033818416,0.084021874,0.0063964236,0.34308624,0.018700412,0.78498864,0.0036980058,0.083485626,0.0049640513,0.406954,0.017165976,null,null,null,null,"TWOGAUSSIANS",8,1.7536825,0.78498864,0.0036980058,0.4,0.0,0.4003747,0.014342389,0.26968494,0.0033818416,0.4,0.0,0.33650693,0.017256843
375316653866487564,5246365881366294144,0.564599,2193.198957248213,2.870130611554105,6.131382E-5,18.128593,0.0026066536,0.4068905,0.05577438,0.122640915,0.036758304,0.00881396,0.0039420836,0.75852966,3.6903155E-5,0.012835558,1.8311325E-4,0.36067334,0.002604225,null,null,null,null,"TWOGAUSSIANS",8,1.0736091,0.75852966,3.6903155E-5,0.07187912,0.0010254342,0.36081356,0.0024123387,0.4068905,0.05577438,0.4,0.0,0.008809625,0.0039274665
375316653866487564,5246366190604684672,0.5760188,2116.660121097496,2.849424870486766,8.198875E-6,19.28305,0.006956972,0.28230464,0.0036656386,0.060903523,0.0071094073,0.54225713,0.036957495,0.79060274,0.0013637546,0.063153505,0.0019574868,0.5955561,0.010661057,null,null,null,null,"TWOGAUSSIANS",8,2.5941365,0.79060274,0.0013637546,0.35365963,0.010961927,0.59529877,0.010641125,0.28230464,0.0036656386,0.34105974,0.03981268,0.5419998,0.037186917
375316653866487564,5246366774719582592,0.52138907,2145.2326281413443,3.1197539592290098,2.337693E-5,19.301697,0.01763826,0.21478875,0.0028257677,0.07592312,0.003889426,0.52245516,0.026443036,0.7077138,0.01370649,0.07772819,0.010054052,0.58041155,0.045123003,null,null,null,null,"TWOGAUSSIANS",8,5.737162,0.7077138,0.01370649,0.4,0.013150491,0.5756562,0.044852965,0.21478875,0.0028257677,0.4,0.0,0.5176998,0.02574158
375316653866487564,5246368630146454784,0.5026214,2177.1534920655054,0.7277949103756427,2.283476E-5,19.364378,0.008162474,0.29800218,0.039741278,0.04872029,0.02336138,0.050754037,0.01800726,0.757501,0.0620126,0.030480871,0.04644947,0.6161769,0.6130287,null,null,null,null,"TWOGAUSSIANS",8,2.7721176,0.757501,0.0620126,0.17069288,0.22717771,0.6161769,0.61303216,0.29800218,0.039741278,0.27283362,0.13082372,0.050754037,0.01800591
375316653866487564,5246368801945230080,0.56635535,2189.5699720109237,2.988204561473221,9.54294E-6,18.579847,0.0107867215,0.25993478,0.004059818,0.07464355,0.0052289986,0.40051833,0.020009166,0.77004266,0.006045802,0.08082123,0.008414567,0.28824285,0.0455516,null,null,null,null,"TWOGAUSSIANS",8,3.8325336,0.25993478,0.004059818,0.4,0.0,0.39742577,0.020002928,0.77004266,0.006045802,0.4,0.0,0.2851503,0.046489876
375316653866487564,5246369042463377664,0.63197213,2183.7312849266273,3.3449658026289395,4.284008E-6,18.629917,0.012038405,0.24133472,0.0010851575,0.046482746,0.0028712074,0.4461352,0.025251793,0.72999305,0.008307667,0.045488168,0.005093002,0.51735795,0.050532147,0.12277553,0.016883478,0.24133472,0.0010851575,"TWOGAUSSIANS_WITH_ELLIPSOIDAL_ON_ECLIPSE1",9,2.7211366,0.730803,0.007736983,0.25473374,0.028520813,0.7617523,0.039733898,0.24133472,0.0010851575,0.26030338,0.01607876,0.6916852,0.012850474
375316653866487564,5246369248621652992,0.54475343,2185.6072657079458,2.8694427252060613,1.7621916E-5,19.48893,0.019984536,0.3081057,0.003950283,0.046236634,0.02562459,0.3380262,0.3558868,0.80657125,0.0039648158,0.038644187,0.004916635,0.36791644,0.04712577,0.14431249,0.030244429,0.3081057,0.003950283,"TWOGAUSSIANS_WITH_ELLIPSOIDAL_ON_ECLIPSE1",9,2.255748,0.80670124,0.003587522,0.21640746,0.027533155,0.6565167,0.017886009,0.3081057,0.003950283,0.25892517,0.1434977,0.626651,0.36317527
375316653866487564,5246369381756827008,0.5008276,2185.408429575537,2.202241029027306,1.0673086E-5,17.826265,0.006297157,0.2016639,0.014366932,0.03267754,0.011122081,0.18887569,0.061526246,0.6993595,0.008303188,0.03460248,0.004853466,0.22850028,0.044776846,0.028539304,0.009559775,0.2016639,0.014366932,"TWOGAUSSIANS_WITH_ELLIPSOIDAL_ON_ECLIPSE1",9,11.447703,0.6994095,0.008111987,0.19377388,0.027179409,0.28556708,0.045792084,0.2016639,0.014366932,0.18299422,0.062283657,0.2459542,0.06704718
375316653866487564,5246370515638568320,0.6256505,2176.613494259675,3.6371437051298834,1.0340647E-5,19.223345,0.019762324,0.27161112,0.0028651312,0.037844315,0.0064588827,0.4498402,0.0517861,0.76752615,0.01153733,0.04389988,0.013983019,0.32347247,0.042464193,0.16363128,0.028550245,0.27161112,0.0028651312,"TWOGAUSSIANS_WITH_ELLIPSOIDAL_ON_ECLIPSE1",9,2.2537236,0.27161112,0.0028651312,0.21192817,0.03616974,0.7771026,0.038101204,0.7680661,0.008850139,0.24583933,0.07830491,0.65054804,0.055967588
375316653866487564,5246372547167920896,0.49715716,2190.018171591002,0.5155562983563974,2.1217225E-5,15.042518,0.0065241857,0.25125206,0.015118111,0.04157919,0.017777512,0.052725725,0.026343016,0.735712,0.0013920394,0.024206096,0.003741275,0.1905077,0.013205353,0.014844514,0.008085606,0.25125206,0.015118111,"TWOGAUSSIANS_WITH_ELLIPSOIDAL_ON_ECLIPSE1",9,91.905266,0.735822,0.00136398,0.13555413,0.02095114,0.2199165,0.019251192,0.25125206,0.015118111,0.23284346,0.09955407,0.08241468,0.024682334
375316653866487564,5246373028206776960,0.49872956,2178.6805963226834,3.6115191754417775,2.1039972E-5,18.854496,0.040041,0.2444621,0.0060817064,0.11831808,0.02139552,0.16873376,0.04030885,0.74653995,0.004415271,0.094733424,0.023358587,0.18193151,0.029625691,null,null,null,null,"TWOGAUSSIANS",8,1.2346437,0.7465499,0.0044127633,0.4,0.0,0.16044173,0.020087834,0.2444621,0.0060825245,0.4,0.0,0.14719948,0.012820605
375316653866487564,5246374123411185920,0.51313937,2194.2101107993117,2.444795991516858,9.516098E-6,18.126867,0.5728264,0.2020134,0.0039064237,0.12618029,0.058510598,0.24912259,0.43705305,0.7057441,0.004440114,0.15159623,0.14213003,0.2396338,0.56261986,null,null,null,null,"TWOGAUSSIANS",8,3.006769,0.2017834,0.0028976905,0.4,0.0,0.15763134,0.00806521,0.7058141,0.004471579,0.4,0.0,0.14624971,0.009363289
375316653866487564,5246374196423196928,0.46318352,2164.465438630631,3.4898814105055624,1.8721053E-5,18.757627,0.015522149,0.24318618,0.006801613,0.074621096,0.004149924,0.42406696,0.023244271,0.7508599,0.0061653587,0.07604477,0.008147253,0.36643508,0.029727168,null,null,null,null,"TWOGAUSSIANS",8,5.7903247,0.24318618,0.006801613,0.4,0.0,0.42137012,0.022741899,0.7508599,0.0061653587,0.4,0.0,0.36373824,0.030447194
375316653866487564,5246374917989710080,0.5096716,2209.0079392903676,3.681205164182899,1.6727514E-5,15.546925,0.0030422502,null,null,null,null,null,null,null,null,null,null,null,null,0.078340314,0.00482394,0.18142153,0.0044492194,"ELLIPSOIDAL",4,75.90927,null,null,null,null,null,null,null,null,null,null,null,null
375316653866487564,5246375880050465664,0.4318587,2192.523041759794,3.1770179320109913,7.243494E-5,19.385609,0.011232361,0.30344263,0.0054812008,0.016581269,0.011095261,0.15525457,5.1223106,null,null,null,null,null,null,0.09818369,0.025274789,0.30344263,0.0054812008,"ONEGAUSSIAN_WITH_ELLIPSOIDAL",6,6.0069313,0.30344263,0.0054812008,0.09285511,0.062133465,0.35162187,5.1215343,null,null,null,null,null,null
375316653866487564,5246376459873264000,0.5682088,2218.0957840621495,1.2519086644802282,3.7990554E-5,18.549551,0.006620862,0.1948395,0.012092387,0.05089825,0.014001265,0.16882722,0.035443235,0.6944038,0.010956676,0.04959256,0.004977294,0.43565613,0.016155628,null,null,null,null,"TWOGAUSSIANS",8,2.877695,0.6944038,0.010956676,0.2777183,0.027872844,0.43565392,0.016150534,0.1948395,0.012092387,0.28503022,0.07840709,0.16882502,0.03545715
375316653866487564,5246378491398029312,0.517608,2249.175190234787,4.18536449401441,1.6782253E-5,17.52513,0.008260519,0.36246836,0.037145883,0.036849562,0.013511175,0.5861942,0.37428856,0.82659864,0.016728781,0.050545868,0.010519158,0.22124685,0.03496774,null,null,null,null,"TWOGAUSSIANS",8,2.0787256,0.36246836,0.037145883,0.20635755,0.07566258,0.5861942,0.37428856,0.82659864,0.016728781,0.28305686,0.058907285,0.22124684,0.034967765
375316653866487564,5246379900147648512,0.5436559,2269.0586242881554,1.9368452325440886,1.3565045E-5,18.502224,0.0027508077,0.32919413,0.003680264,0.029237019,0.0029750045,0.287698,0.028955113,0.14773452,0.008193166,0.03504923,0.008299208,0.043519367,0.011868449,null,null,null,null,"TWOGAUSSIANS",8,1.481814,0.32919413,0.003680264,0.1637273,0.016660025,0.2876981,0.028955108,0.14773452,0.008193166,0.1962757,0.046475567,0.043519367,0.011868446
375316653866487564,5246380209385113216,0.5455613,2234.2106305838015,3.0571295637735894,9.599796E-6,19.003962,0.010636778,0.29205072,0.004426307,0.08120249,0.0074790823,0.4046517,0.027195232,0.790114,0.002610451,0.06869504,0.003014619,0.4973439,0.025557261,null,null,null,null,"TWOGAUSSIANS",8,3.144092,0.790114,0.002610451,0.38469222,0.016881866,0.49409184,0.025435105,0.29205072,0.004426307,0.4,0.0,0.40139964,0.028228952
375316653866487564,5246380651751401216,0.59626985,2296.4678706718387,2.9844646330637468,9.731616E-6,15.001952,0.0046405564,0.19905552,0.0031113462,0.081767954,0.0030766532,0.28827402,0.0072460864,0.69655573,0.00218137,0.08363315,0.003308515,0.3129403,0.0047951015,null,null,null,null,"TWOGAUSSIANS",8,43.29676,0.69655573,0.00218137,0.4,0.0,0.3069889,0.0040696966,0.19905552,0.0031113462,0.4,0.0,0.28232265,0.0067595127
375316653866487564,5246380823550121344,0.6150183,2297.0542277846757,2.8781192861380727,1.4391083E-5,16.8579,0.0071275155,0.26364276,0.0025253985,0.07578638,0.0028402961,0.5034762,0.014091323,0.7517311,0.0029624815,0.07828348,0.0037631455,0.51949877,0.018741874,null,null,null,null,"TWOGAUSSIANS",8,20.06525,0.7517311,0.0029624815,0.4,0.0,0.5154,0.019018456,0.26364276,0.0025253985,0.4,0.0,0.49937743,0.014060245
375316653866487564,5246381442031159296,0.46217707,2249.606599532356,2.736823807184643,2.6470407E-5,18.12421,0.0039289994,0.24304771,0.0061735036,0.06510337,0.007312657,0.16360351,0.045316897,0.57692045,0.014574806,0.042266995,0.011163718,0.032963336,0.007609978,null,null,null,null,"TWOGAUSSIANS",8,3.5673363,0.24304771,0.0061735036,0.36457887,0.040950876,0.16360351,0.0453169,0.57692045,0.014574806,0.23669517,0.06251682,0.032963652,0.007610218
375316653866487564,5246381549420572160,0.5388306,2232.138101420986,3.2496956238099006,1.6715023E-5,19.066856,0.01762415,0.2535154,0.007485982,0.076290846,0.008916244,0.45156303,0.03384767,0.7560494,0.005260386,0.0769898,0.006422973,0.43402958,0.023116939,null,null,null,null,"TWOGAUSSIANS",8,4.8717856,0.2535154,0.007485982,0.4,0.0,0.44746044,0.034620773,0.7560494,0.005260386,0.4,0.0,0.42992696,0.022113081
375316653866487564,5246383026889326464,0.5645458,2248.1826853371417,0.25282657148676846,2.3923381E-5,17.893833,0.00865721,0.38285255,4.144788E-6,0.007456003,5.85039E-5,1.5422418,0.0034686625,0.8920584,0.0016622462,0.013135138,0.0021143872,1.4345444,0.57793623,null,null,null,null,"TWOGAUSSIANS",8,33.339787,0.38285255,4.144788E-6,0.041753616,3.2762185E-4,1.5422418,0.0034686625,0.8920584,0.0016622462,0.07355677,0.011840568,1.4345444,0.57793623
375316653866487564,5246384160760766080,0.64980274,2272.25062966963,1.4540169876495923,3.6899783E-6,16.712837,0.01159768,0.20336828,8.1968436E-4,0.082326405,0.0031157702,0.3443401,0.010125263,0.7036719,0.0030508349,0.09193581,0.012497153,0.31637672,0.040594827,null,null,null,null,"TWOGAUSSIANS",8,3.588005,0.20336828,8.1968436E-4,0.4,0.0,0.333678,0.005169719,0.7036719,0.0030508349,0.4,0.0,0.30571443,0.047609564
375316653866487564,5246385294626662016,0.5370823,2275.268330981635,4.087597712400395,2.2344186E-5,19.727564,0.00958606,0.26105285,0.004643723,0.06372993,0.0056131175,0.6477851,0.076747455,0.7676222,0.007368854,0.07074874,0.010102706,0.75161684,0.08001715,null,null,null,null,"TWOGAUSSIANS",8,2.3759356,0.7676222,0.007368854,0.3961929,0.052055743,0.7504564,0.08067953,0.26105285,0.004643723,0.3568876,0.03143346,0.6466247,0.07721951
375316653866487564,5246385947462198400,0.51486963,2248.386003390975,3.0406127769396183,3.0225947E-5,19.828657,0.08198594,0.1669027,0.017014606,0.10102481,0.032729004,0.4232559,0.1906199,0.6900712,0.0049220966,0.08746174,0.01218777,0.6444202,0.08944868,null,null,null,null,"TWOGAUSSIANS",8,2.264107,0.6900712,0.004910479,0.4,0.0,0.6227626,0.06600275,0.1669027,0.017014606,0.4,0.0,0.40159178,0.19922008
375316653866487564,5246386256699858048,0.5718531,2260.1291766934833,3.025009358304645,1.3226578E-5,19.26785,0.019499367,0.29524544,0.0023882743,0.041553438,0.0058090426,0.29327825,0.04554919,0.8104591,0.004667168,0.043168813,0.013522516,1.1615415,32.550655,0.11244573,0.02930347,0.29524544,0.0023882743,"TWOGAUSSIANS_WITH_ELLIPSOIDAL_ON_ECLIPSE1",9,2.449321,0.8104591,0.004667168,0.24174535,0.07572609,1.3843834,32.552437,0.29524544,0.0023882743,0.23269925,0.032530636,0.51816887,0.018621974
375316653866487564,5246387420621979136,0.46779475,2233.1461175299337,1.6729397417739627,4.186477E-5,18.73686,0.019786065,0.29580638,0.0084688505,0.07531872,0.010157015,0.31066576,0.028055664,0.7357735,0.04327729,0.09052544,0.034150507,0.18860592,0.029469788,null,null,null,null,"TWOGAUSSIANS",8,12.028687,0.29580638,0.008468091,0.4,0.0056898743,0.3091016,0.027353942,0.7357735,0.04327729,0.4,0.07062807,0.18704042,0.028243504
375316653866487564,5246387528015208576,0.66830385,2241.7165748854986,1.5658641918409923,9.316467E-6,16.886398,0.008965963,0.2728581,0.0048643644,0.05669098,0.008099785,0.036116812,0.024113048,0.7728187,0.002126774,0.049198076,0.0061387573,0.5801265,0.11509556,0.034460176,0.010253536,0.2728581,0.0048643644,"TWOGAUSSIANS_WITH_ELLIPSOIDAL_ON_ECLIPSE1",9,2.2082772,0.7728187,0.0021047082,0.2755092,0.034377042,0.64904326,0.13033424,0.2728581,0.0048643644,0.31746948,0.045358796,0.1050335,0.009081334
