Gaia/vari_eclipsing_binary/VariEclipsingBinary_768682-768725.csv
# %ECSV 1.0
# ---
# delimiter: ','
# meta: !!omap
# - RELEASE: Gaia DR3
# - TABLE: vari_eclipsing_binary
# - DESCRIPTION: >
#     This table describes the properties of the eclipsing binaries resulting from the variability analysis. 
# - CITATION: >
#     How to cite and acknowledge Gaia: 
#     https://gea.esac.esa.int/archive/documentation/credits.html 
# - KNOWN_ISSUES: >
#     Known issues: 
#     https://www.cosmos.esa.int/web/gaia-users/known-issues 
# - DOCUMENTATION: >
#     Tutorials and documentation: 
#     https://www.cosmos.esa.int/web/gaia-users/archive 
# datatype:
# - 
#   name: solution_id
#   datatype: int64
#   description: Solution Identifier
#   meta:
#     ucd: meta.version
# - 
#   name: source_id
#   datatype: int64
#   description: Unique source identifier
#   meta:
#     ucd: meta.id;meta.main
# - 
#   name: global_ranking
#   datatype: float32
#   description: Number between 0 (worst) and 1 (best)
#   meta:
#     ucd: stat.param
# - 
#   name: reference_time
#   datatype: float64
#   unit: d
#   description: Reference time used for the geometric model fit
#   meta:
#     ucd: time.epoch
# - 
#   name: frequency
#   datatype: float64
#   unit: d**-1
#   description: Frequency of geometric model of the eclipsing binary light curve
#   meta:
#     ucd: src.orbital
# - 
#   name: frequency_error
#   datatype: float32
#   unit: d**-1
#   description: "Uncertainty of \\texttt{frequency}"
#   meta:
#     ucd: stat.error
# - 
#   name: geom_model_reference_level
#   datatype: float32
#   unit: mag
#   description: Magnitude reference level of geometric model
#   meta:
#     ucd: phot.mag;em.opt
# - 
#   name: geom_model_reference_level_error
#   datatype: float32
#   unit: mag
#   description: "Uncertainty of \\texttt{geomModelReferenceLevel}"
#   meta:
#     ucd: stat.error;phot.mag;em.opt
# - 
#   name: geom_model_gaussian1_phase
#   datatype: float32
#   description: Phase of the Gaussian 1 component
#   meta:
#     ucd: time.phase
# - 
#   name: geom_model_gaussian1_phase_error
#   datatype: float32
#   description: "Uncertainty of \\texttt{geomModelGaussian1Phase}"
#   meta:
#     ucd: stat.error;time.phase
# - 
#   name: geom_model_gaussian1_sigma
#   datatype: float32
#   description: "Standard deviation [phase] of Gaussian 1 component"
#   meta:
#     ucd: stat.stdev
# - 
#   name: geom_model_gaussian1_sigma_error
#   datatype: float32
#   description: "Uncertainty of \\texttt{geomModelGaussian1Sigma}"
#   meta:
#     ucd: stat.error
# - 
#   name: geom_model_gaussian1_depth
#   datatype: float32
#   unit: mag
#   description: Magnitude depth of Gaussian 1 component
#   meta:
#     ucd: src.var.amplitude
# - 
#   name: geom_model_gaussian1_depth_error
#   datatype: float32
#   unit: mag
#   description: "Uncertainty of \\texttt{geomModelGaussian1Depth}"
#   meta:
#     ucd: stat.error;src.var.amplitude
# - 
#   name: geom_model_gaussian2_phase
#   datatype: float32
#   description: Phase of Gaussian 2 component
#   meta:
#     ucd: time.phase
# - 
#   name: geom_model_gaussian2_phase_error
#   datatype: float32
#   description: "Uncertainty of \\texttt{geomModelGaussian2Phase}"
#   meta:
#     ucd: stat.error;time.phase
# - 
#   name: geom_model_gaussian2_sigma
#   datatype: float32
[...]
#   datatype: float32
#   description: "Secondary eclipse: uncertainty of \\texttt{derivedSecondaryEclDuration}"
#   meta:
#     ucd: stat.error;time.duration
# - 
#   name: derived_secondary_ecl_depth
#   datatype: float32
#   unit: mag
#   description: "Secondary eclipse: depth"
#   meta:
#     ucd: src.var.amplitude
# - 
#   name: derived_secondary_ecl_depth_error
#   datatype: float32
#   unit: mag
#   description: "Secondary eclipse: uncertainty of \\texttt{derivedSecondaryEclDepth}"
#   meta:
#     ucd: stat.error;src.var.amplitude
solution_id,source_id,global_ranking,reference_time,frequency,frequency_error,geom_model_reference_level,geom_model_reference_level_error,geom_model_gaussian1_phase,geom_model_gaussian1_phase_error,geom_model_gaussian1_sigma,geom_model_gaussian1_sigma_error,geom_model_gaussian1_depth,geom_model_gaussian1_depth_error,geom_model_gaussian2_phase,geom_model_gaussian2_phase_error,geom_model_gaussian2_sigma,geom_model_gaussian2_sigma_error,geom_model_gaussian2_depth,geom_model_gaussian2_depth_error,geom_model_cosine_half_period_amplitude,geom_model_cosine_half_period_amplitude_error,geom_model_cosine_half_period_phase,geom_model_cosine_half_period_phase_error,model_type,num_model_parameters,reduced_chi2,derived_primary_ecl_phase,derived_primary_ecl_phase_error,derived_primary_ecl_duration,derived_primary_ecl_duration_error,derived_primary_ecl_depth,derived_primary_ecl_depth_error,derived_secondary_ecl_phase,derived_secondary_ecl_phase_error,derived_secondary_ecl_duration,derived_secondary_ecl_duration_error,derived_secondary_ecl_depth,derived_secondary_ecl_depth_error
375316653866487564,6761399858279222400,0.5150947,2227.213509076792,1.4223116507156819,2.1754446E-5,18.939564,0.073826686,0.28585747,0.009378993,0.12760319,0.024735529,0.34332454,0.078572154,0.7497024,0.01220209,0.10082667,0.020305669,0.42847973,0.06681933,null,null,null,null,"TWOGAUSSIANS",8,5.003532,0.7497024,0.01220209,0.4,0.0,0.3814047,0.049956102,0.28587747,0.0093126,0.4,0.0,0.29574645,0.039246842
375316653866487564,6761400167516495616,0.52301496,2362.815828934588,0.009445247362925293,1.574339E-5,19.396873,0.0052893623,null,null,null,null,null,null,null,null,null,null,null,null,0.13023125,0.0077941967,0.2876596,0.0034253213,"ELLIPSOIDAL",4,1.0641776,null,null,null,null,null,null,null,null,null,null,null,null
375316653866487564,6761400373675394816,0.45145887,2329.8839992606936,4.273347596393331,4.808582E-5,17.328985,0.03432043,0.20142199,0.013662801,0.066332586,0.015549694,0.5570112,0.080566786,0.69969946,0.003073935,0.08577387,0.00616419,0.5544667,0.03577672,null,null,null,null,"TWOGAUSSIANS",8,7.881531,0.20142199,0.013662801,0.37146246,0.07821775,0.5522323,0.08251095,0.69969946,0.003073935,0.4,0.0,0.54968786,0.030597325
375316653866487564,6761401438826512512,0.55992067,2238.957236415782,3.6128054501375098,1.0752552E-5,19.842485,0.02674562,0.27166918,0.007524161,0.077712424,0.009483881,0.5922849,0.093119636,0.75508046,0.0023205907,0.073952146,0.0057882536,0.4651167,0.022940502,null,null,null,null,"TWOGAUSSIANS",8,0.80632,0.27166918,0.007524161,0.4,0.0,0.58910197,0.094430916,0.75508046,0.0023205907,0.4,0.0,0.46193373,0.020050192
375316653866487564,6761401954240474368,0.5807859,2234.201642230616,2.3976311610778636,1.9239405E-5,17.776457,0.020092433,0.30541906,0.009250867,0.09066411,0.0096170055,0.32754067,0.02201126,0.812078,0.005157528,0.09373722,0.016055586,0.1681116,0.013976802,null,null,null,null,"TWOGAUSSIANS",8,2.550271,0.30541906,0.009250867,0.4,0.0,0.31693193,0.013306962,0.812078,0.005157528,0.4,0.0,0.1575028,0.011350857
375316653866487564,6761402469619083264,0.47492242,2273.6128846225092,0.22368848927304924,8.826736E-5,18.44006,0.009555909,0.18485983,0.0101262545,0.05083952,0.019760827,0.20496155,0.04855023,0.72141165,6.222834E-4,0.06491165,0.013222538,0.38427082,0.08335923,null,null,null,null,"TWOGAUSSIANS",8,5.9671297,0.72141165,6.222834E-4,0.36350524,0.04527438,0.38425833,0.08344398,0.18485983,0.0101262545,0.28470132,0.110660635,0.20494907,0.048671898
375316653866487564,6761402607075536128,0.48647496,2261.011055517619,0.44218868218279495,4.9256865E-5,16.443699,0.0018003497,0.52119946,0.0071493317,0.07327923,0.008005439,0.11280435,0.021904131,0.850561,0.019821698,0.032544326,0.027995687,0.038035695,3.83598159E14,null,null,null,null,"TWOGAUSSIANS",8,2.8300927,0.52119946,0.0071493317,0.4,0.01730138,0.11280435,0.021904131,0.850561,0.019821698,0.18224822,0.15677585,0.038040325,3.83598159E14
375316653866487564,6761403466069033600,0.5490693,2213.8880377564155,2.322486215590603,1.0807001E-4,19.116367,0.015676854,0.051002525,0.90764344,0.0837351,0.08969912,0.033475757,0.5323385,0.31160918,0.001576707,0.050616827,0.0034310576,0.9172667,0.048412964,null,null,null,null,"TWOGAUSSIANS",8,8.662307,0.31160918,0.001576707,0.28345424,0.019213922,0.91753054,0.047795124,0.051032525,0.9076043,0.4,0.2859879,0.03347731,0.53233844
375316653866487564,6761403706587324032,0.57097507,2236.085744725686,2.345027045730885,7.1430018E-6,17.1556,0.0049527814,0.28985125,0.0047533815,0.08419715,0.0047709714,0.27428314,0.0066725537,0.79669744,0.0035680945,0.074755065,0.0032817146,0.1937715,0.0065084253,null,null,null,null,"TWOGAUSSIANS",8,4.1923766,0.28985125,0.0047533815,0.4,0.0,0.27140367,0.0060778577,0.79669744,0.0035680945,0.4,0.0,0.19089204,0.005863702
375316653866487564,6761403805337409920,0.48560762,2259.150755622233,2.7512438355854343,2.4395404E-5,18.368036,0.05057853,0.3070943,0.00539164,0.10398312,0.032538887,0.16940536,0.04234044,0.8112627,0.018595701,0.086377375,0.040645085,0.18173806,0.038282935,null,null,null,null,"TWOGAUSSIANS",8,3.2367322,0.8112627,0.018613841,0.4,0.0057719345,0.17131335,0.053363767,0.3070943,0.00539164,0.4,0.0,0.15897736,0.018386832
375316653866487564,6761404118887709312,0.5189038,2203.8301876726946,3.897171774326281,3.0085905E-5,19.782238,0.18795994,0.27748325,0.035520006,0.0735369,0.081317455,0.51773536,0.13308826,0.812106,0.008772401,0.077130295,0.025827223,0.5702378,0.17962721,null,null,null,null,"TWOGAUSSIANS",8,1.9895928,0.812106,0.008865873,0.4,0.0,0.56823134,0.08371726,0.27748325,0.035520006,0.4,0.034496143,0.5157289,0.06184941
375316653866487564,6761404492532964480,0.4730992,2204.754053370388,0.024053294820849478,1.7186281E-5,18.481085,0.08373688,0.1078318,0.007691965,0.037080474,0.008955611,0.048055574,0.008854184,0.5102894,0.01955561,0.22690323,0.0911277,0.1375347,0.079034925,null,null,null,null,"TWOGAUSSIANS",8,2.0227923,0.5102894,0.01955561,0.4,0.0,0.11261499,0.006812627,0.1130918,0.007208443,0.20765066,0.050151423,0.056390185,0.009859109
375316653866487564,6761406313598403712,0.48021656,2233.8347249384074,0.06405058200000001,3.472211E-6,17.641315,0.0063836877,0.26838621,0.0047575794,0.08879777,0.014319258,0.08856061,0.019818751,0.8162388,4.0773152E-8,0.0010863302,3.5090477E-5,0.56010026,0.017271882,null,null,null,null,"TWOGAUSSIANS",8,7.8411255,0.8162388,4.0773152E-8,0.0060834493,1.9650668E-4,0.56010044,0.017271424,0.26838621,0.0047575794,0.4,0.0,0.08856059,0.019818807
375316653866487564,6761406382318622976,0.5419332,2181.1966806279015,2.076548590434702,8.140214E-5,18.066328,0.00543091,0.27802104,0.007967084,0.06617838,0.012035159,0.1865645,0.03218797,0.7775654,0.015068029,0.05566176,0.012343979,0.21925178,0.028264502,null,null,null,null,"TWOGAUSSIANS",8,2.2264822,0.7775654,0.015068029,0.31170586,0.069126286,0.21916501,0.028305449,0.27802104,0.007967084,0.37059894,0.053290825,0.18647774,0.03232504
375316653866487564,6761407864097313664,0.5400345,2300.079439897186,0.6266427351534923,9.588247E-6,18.267128,0.009805034,0.18299343,0.003477464,0.042344246,0.0037396539,0.52329123,0.15838437,0.69537157,0.028934544,0.0639739,0.030027581,0.47603598,66.68543,null,null,null,null,"TWOGAUSSIANS",8,3.5007446,0.18299343,0.003477464,0.23712778,0.020942062,0.52328247,0.15838836,0.69537157,0.028934544,0.35825384,0.16815445,0.47602722,66.68544
375316653866487564,6761408310795974144,0.50921816,2277.4077441082754,0.19485797726873588,7.799099E-5,19.401852,0.2687118,0.24108635,0.014430252,0.15366511,0.07104185,0.7413971,0.2359331,0.7358603,0.0094893575,0.11140126,0.015067516,0.7755585,0.20453002,null,null,null,null,"TWOGAUSSIANS",8,1.7741884,0.7358603,0.0094893575,0.4,0.0,0.5419138,0.05286573,0.24110635,0.014432341,0.4,0.0,0.5003297,0.04122446
375316653866487564,6761408516933112960,0.5731746,2256.5299961851615,1.6259727842162752,1.2303961E-5,19.153336,0.015941136,0.29104155,0.004297317,0.089048214,0.008284237,0.46411872,0.05390021,0.7714412,0.003711883,0.07508587,0.0048199524,0.5305445,0.022513011,null,null,null,null,"TWOGAUSSIANS",8,1.8075491,0.7714412,0.003711883,0.4,0.0,0.5239985,0.02132104,0.29104155,0.004297317,0.4,0.0,0.4575725,0.056431446
375316653866487564,6761408615700064128,0.5491286,2285.951653483636,0.018830385328487236,1.5460228E-5,17.378757,0.06726078,0.05256445,0.053229045,0.0098484205,0.01020267,0.31659392,150.89171,0.5661631,0.006285939,0.22889246,0.050068542,0.20920958,0.066023976,null,null,null,null,"TWOGAUSSIANS",8,1.5825044,0.052554447,0.053240255,0.055151153,0.05713495,0.3158394,150.89001,0.5661631,0.006285939,0.4,0.0,0.16973041,0.007432947
375316653866487564,6761409547726872192,0.6238201,2276.4252518846965,3.4362307523073974,2.5778687E-5,19.602919,0.009262153,0.27803338,0.0046098074,0.06035845,0.0053696283,0.7061326,0.041515972,0.7667581,0.010495068,0.06492454,0.0056454446,0.718889,0.027089264,null,null,null,null,"TWOGAUSSIANS",8,1.065965,0.7667581,0.010495068,0.36357743,0.03161449,0.7185444,0.026817847,0.27803338,0.0046098074,0.33800733,0.03006992,0.705788,0.04182573
375316653866487564,6761411914253693824,0.48835546,2214.173603132538,0.2763864292290058,1.1924605E-5,18.88358,0.027950488,0.28777108,0.00851914,0.055718064,0.017433023,0.16217162,0.024880325,0.76797724,0.023671322,0.103514545,0.07360182,0.09746335,0.05859755,null,null,null,null,"TWOGAUSSIANS",8,1.7693331,0.28777108,0.008568329,0.31202117,0.097624935,0.16110943,0.014401321,0.76797724,0.023671322,0.4,0.0,0.09639876,0.05935011
375316653866487564,6761412090346706304,0.53058594,2255.23950342112,3.827043810571378,1.3713544E-5,19.214426,0.015149468,0.26229528,0.019273216,0.07596965,0.020977588,0.29403538,0.09648966,0.7462752,0.003019833,0.071622096,0.005185937,0.46308357,0.05249302,null,null,null,null,"TWOGAUSSIANS",8,1.2559503,0.7462752,0.003019833,0.4,0.012454437,0.46146402,0.05297158,0.26229528,0.019273216,0.4,0.053193867,0.29241583,0.09831936
375316653866487564,6761412914997270144,0.5941944,2230.1448084332437,2.89637176844479,9.940736E-6,15.445151,0.0029459822,0.15543352,8.5801736E-4,0.013295571,0.0064656185,0.12710539,0.06792034,null,null,null,null,null,null,0.12783547,0.005381709,0.15543352,8.5801736E-4,"ONEGAUSSIAN_WITH_ELLIPSOIDAL",6,39.218536,0.15543352,8.5801736E-4,0.0744552,0.036207464,0.38277632,0.06915834,null,null,null,null,null,null
375316653866487564,6761413567816065024,0.5373045,2249.778450902547,4.272703808166197,1.5234964E-5,19.254065,0.016674545,0.23473154,0.0089420425,0.08038954,0.0151343625,0.33545712,0.062062252,0.72977924,0.032986097,0.0880648,0.020360645,0.3997237,0.06542076,null,null,null,null,"TWOGAUSSIANS",8,2.6224728,0.72977924,0.032986097,0.4,0.0,0.39150476,0.059052438,0.23473154,0.0089420425,0.4,0.021205446,0.32723823,0.065707125
375316653866487564,6761414147631491456,0.5105773,2288.110116696618,1.8421140912404663,1.9725272E-5,17.211054,0.26166832,0.29794118,0.0058450187,0.15910633,0.0684774,0.29530042,0.23852542,0.79883474,0.014004477,0.1793161,0.12004227,0.2566588,0.22832483,null,null,null,null,"TWOGAUSSIANS",8,3.4847214,0.2977312,0.005799746,0.4,0.0,0.12400661,0.0074253646,0.7990348,0.0140515985,0.4,0.0,0.07907832,0.075104415
375316653866487564,6761415075332574080,0.4445628,2271.9153755227985,0.2879110692475287,3.0445695E-5,18.765202,0.022277806,0.27076814,0.016253997,0.043134805,0.010516004,0.17687288,0.035821185,0.5346714,0.0071793483,0.13405384,0.023103967,0.30044526,0.039019704,null,null,null,null,"TWOGAUSSIANS",8,2.4800613,0.5346714,0.0071793483,0.4,0.0,0.29987252,0.039860107,0.27809814,0.017596364,0.24155492,0.05888962,0.22188243,0.037729066
375316653866487564,6761415384569603584,0.5427832,2234.810640183507,2.9708817043638196,1.3259714E-5,18.484293,0.007470125,0.2955664,0.01110445,0.033765092,0.018576521,0.14018333,3.2659678,0.70718735,0.0047339355,0.04195168,0.018188542,0.08265858,0.029838184,0.14261068,0.008728397,0.70718735,0.0047339355,"TWOGAUSSIANS_WITH_ELLIPSOIDAL_ON_ECLIPSE2",9,4.307368,0.70718735,0.0047339355,0.2349294,0.10185584,0.36787936,0.02310188,0.2828364,0.019860316,0.18908451,0.10402852,0.35605693,3.2609625
375316653866487564,6761415796887126784,0.5522147,2179.0417927036137,1.61614197793702,1.6401837E-5,17.771667,0.03277917,0.31970856,0.011801627,0.042021025,0.02244861,0.22768924,0.09345029,0.82424545,0.013684037,0.037811335,0.008886509,0.4711551,0.11316977,0.040942673,0.054285176,0.31970856,0.011801627,"TWOGAUSSIANS_WITH_ELLIPSOIDAL_ON_ECLIPSE1",9,21.70621,0.82424545,0.013563038,0.21174347,0.04976445,0.55297387,0.06458242,0.31970856,0.011801627,0.23531774,0.12571222,0.3095745,0.07116074
375316653866487564,6761416694556552960,0.48760945,2230.2152166243604,3.6559624698508553,4.7937443E-5,19.637224,0.022272341,0.2176637,0.03049816,0.054467253,0.017916333,0.38002476,0.11797007,0.6923657,0.0072639473,0.07504058,0.012012755,0.2075054,0.019276794,null,null,null,null,"TWOGAUSSIANS",8,1.6392442,0.2176637,0.03049816,0.30501664,0.094640605,0.37988424,0.115178995,0.6923657,0.0072639473,0.4,0.006940324,0.2073649,0.017692164
375316653866487564,6761417171294522240,0.5169217,2216.7889595962483,3.435206545948192,2.7606475E-5,19.094183,0.105631344,0.33867005,0.032083783,0.09020157,0.06267655,0.25727278,0.10454242,0.82661206,0.003299809,0.08009597,0.018161912,0.3744717,0.0938767,null,null,null,null,"TWOGAUSSIANS",8,2.4321527,0.82661206,0.0032501589,0.4,0.0,0.36782745,0.0331262,0.33867005,0.03209236,0.4,0.0,0.25062838,0.03803629
375316653866487564,6761417484830717824,0.44488007,2210.288513816006,1.8740343344518353,1.9950405E-5,18.194044,0.00971484,0.8616463,0.0052472944,0.02799403,0.011857458,0.15856373,0.3762669,null,null,null,null,null,null,0.065622896,0.0128760645,0.8616463,0.0052472944,"ONEGAUSSIAN_WITH_ELLIPSOIDAL",6,12.253559,0.8616463,0.0052472944,0.15676656,0.066401765,0.28980953,0.3763252,null,null,null,null,null,null
375316653866487564,6761417862787815040,0.45604536,2225.8785150684944,0.6671309763426477,6.0489983E-5,19.522326,0.007960517,0.22762735,0.030406246,0.08775796,0.016945947,0.17336872,0.029200513,0.7998452,0.0065927724,0.060346574,0.010533114,0.2802899,0.06566869,null,null,null,null,"TWOGAUSSIANS",8,2.067534,0.7998452,0.0065927724,0.3379408,0.05898544,0.2800548,0.0658256,0.22762735,0.030406246,0.4,0.0,0.17313245,0.029063383
375316653866487564,6761418442588638976,0.5070551,2268.7425368830704,1.535259309214364,2.8236312E-4,17.861813,0.0054875785,0.15665518,0.037427142,0.040395353,0.01886208,0.13214733,0.060132205,0.7003568,9.913556E-4,0.047121283,0.015533711,0.20715985,0.11972752,null,null,null,null,"TWOGAUSSIANS",8,2.7379026,0.7003568,9.913556E-4,0.26387918,0.08698878,0.20715985,0.119727895,0.15665518,0.037427142,0.22621399,0.10562765,0.13214733,0.060126103
375316653866487564,6761418653061733120,0.47058275,2187.546415341663,2.61669930985486,6.202599E-5,19.370884,0.023211628,0.2751677,0.0099889925,0.06719333,0.018699162,0.47008985,0.040786263,0.7404585,0.053303294,0.038874324,0.039910223,0.6977057,0.04064974,null,null,null,null,"TWOGAUSSIANS",8,14.350836,0.7404585,0.053303294,0.21769622,0.17265616,0.6977025,0.04300125,0.2751677,0.0099889925,0.37628266,0.10471531,0.4700867,0.040426884
375316653866487564,6761418717470509440,0.45418814,2232.5447823228155,0.2051510884819901,3.514792E-5,17.896847,0.07732951,0.19291778,0.022445455,0.13544407,0.057157956,0.21504772,0.058183614,0.6352055,0.03352479,0.15401469,0.0388514,0.21886148,0.06448092,null,null,null,null,"TWOGAUSSIANS",8,4.2196712,0.6352055,0.03352479,0.4,0.0,0.15227498,0.01562898,0.19854778,0.019045005,0.4,0.0,0.1513958,0.030055786
375316653866487564,6761418893595812224,0.56687653,2208.7071994647213,3.3121361727348995,3.27056E-5,19.104303,0.03919691,0.26428816,0.005667651,0.10195263,0.010471499,0.40235367,0.04031698,0.74795425,0.0045698034,0.10800541,0.015207708,0.3733622,0.03491758,null,null,null,null,"TWOGAUSSIANS",8,1.1554818,0.26429814,0.005664923,0.4,0.0,0.36476406,0.022809774,0.74795425,0.0045698034,0.4,0.0,0.33575833,0.012504317
375316653866487564,6761419237178423168,0.5825042,2254.076937547888,3.6485664270291385,1.8162164E-5,18.766233,0.01586108,0.22029859,0.019606762,0.09060017,0.01653594,0.21262908,0.019880092,0.7004392,0.008869798,0.09799471,0.01615697,0.19584377,0.014451646,null,null,null,null,"TWOGAUSSIANS",8,0.86597824,0.22029859,0.019611003,0.4,0.0,0.20351772,0.02517597,0.7004392,0.008869798,0.4,0.0,0.18673123,0.00796
375316653866487564,6761419370317863424,0.56368613,2246.348375386033,3.379429212323545,2.8769718E-5,19.156786,0.035202023,0.19614632,0.0137068005,0.088825,0.01370265,0.5263171,0.047669537,0.69892657,0.0054439916,0.07881837,0.0067686355,0.6223531,0.04827231,null,null,null,null,"TWOGAUSSIANS",8,4.175892,0.69892657,0.0054439916,0.4,0.0,0.6097044,0.04073815,0.19614632,0.0137068005,0.4,0.0,0.5136683,0.038587246
