Gaia/vari_eclipsing_binary/VariEclipsingBinary_768204-768295.csv
# %ECSV 1.0
# ---
# delimiter: ','
# meta: !!omap
# - RELEASE: Gaia DR3
# - TABLE: vari_eclipsing_binary
# - DESCRIPTION: >
#     This table describes the properties of the eclipsing binaries resulting from the variability analysis. 
# - CITATION: >
#     How to cite and acknowledge Gaia: 
#     https://gea.esac.esa.int/archive/documentation/credits.html 
# - KNOWN_ISSUES: >
#     Known issues: 
#     https://www.cosmos.esa.int/web/gaia-users/known-issues 
# - DOCUMENTATION: >
#     Tutorials and documentation: 
#     https://www.cosmos.esa.int/web/gaia-users/archive 
# datatype:
# - 
#   name: solution_id
#   datatype: int64
#   description: Solution Identifier
#   meta:
#     ucd: meta.version
# - 
#   name: source_id
#   datatype: int64
#   description: Unique source identifier
#   meta:
#     ucd: meta.id;meta.main
# - 
#   name: global_ranking
#   datatype: float32
#   description: Number between 0 (worst) and 1 (best)
#   meta:
#     ucd: stat.param
# - 
#   name: reference_time
#   datatype: float64
#   unit: d
#   description: Reference time used for the geometric model fit
#   meta:
#     ucd: time.epoch
# - 
#   name: frequency
#   datatype: float64
#   unit: d**-1
#   description: Frequency of geometric model of the eclipsing binary light curve
#   meta:
#     ucd: src.orbital
# - 
#   name: frequency_error
#   datatype: float32
#   unit: d**-1
#   description: "Uncertainty of \\texttt{frequency}"
#   meta:
#     ucd: stat.error
# - 
#   name: geom_model_reference_level
#   datatype: float32
#   unit: mag
#   description: Magnitude reference level of geometric model
#   meta:
#     ucd: phot.mag;em.opt
# - 
#   name: geom_model_reference_level_error
#   datatype: float32
#   unit: mag
#   description: "Uncertainty of \\texttt{geomModelReferenceLevel}"
#   meta:
#     ucd: stat.error;phot.mag;em.opt
# - 
#   name: geom_model_gaussian1_phase
#   datatype: float32
#   description: Phase of the Gaussian 1 component
#   meta:
#     ucd: time.phase
# - 
#   name: geom_model_gaussian1_phase_error
#   datatype: float32
#   description: "Uncertainty of \\texttt{geomModelGaussian1Phase}"
#   meta:
#     ucd: stat.error;time.phase
# - 
#   name: geom_model_gaussian1_sigma
#   datatype: float32
#   description: "Standard deviation [phase] of Gaussian 1 component"
#   meta:
#     ucd: stat.stdev
# - 
#   name: geom_model_gaussian1_sigma_error
#   datatype: float32
#   description: "Uncertainty of \\texttt{geomModelGaussian1Sigma}"
#   meta:
#     ucd: stat.error
# - 
#   name: geom_model_gaussian1_depth
#   datatype: float32
#   unit: mag
#   description: Magnitude depth of Gaussian 1 component
#   meta:
#     ucd: src.var.amplitude
# - 
#   name: geom_model_gaussian1_depth_error
#   datatype: float32
#   unit: mag
#   description: "Uncertainty of \\texttt{geomModelGaussian1Depth}"
#   meta:
#     ucd: stat.error;src.var.amplitude
# - 
#   name: geom_model_gaussian2_phase
#   datatype: float32
#   description: Phase of Gaussian 2 component
#   meta:
#     ucd: time.phase
# - 
#   name: geom_model_gaussian2_phase_error
#   datatype: float32
#   description: "Uncertainty of \\texttt{geomModelGaussian2Phase}"
#   meta:
#     ucd: stat.error;time.phase
# - 
#   name: geom_model_gaussian2_sigma
#   datatype: float32
[...]
#   datatype: float32
#   description: "Secondary eclipse: uncertainty of \\texttt{derivedSecondaryEclDuration}"
#   meta:
#     ucd: stat.error;time.duration
# - 
#   name: derived_secondary_ecl_depth
#   datatype: float32
#   unit: mag
#   description: "Secondary eclipse: depth"
#   meta:
#     ucd: src.var.amplitude
# - 
#   name: derived_secondary_ecl_depth_error
#   datatype: float32
#   unit: mag
#   description: "Secondary eclipse: uncertainty of \\texttt{derivedSecondaryEclDepth}"
#   meta:
#     ucd: stat.error;src.var.amplitude
solution_id,source_id,global_ranking,reference_time,frequency,frequency_error,geom_model_reference_level,geom_model_reference_level_error,geom_model_gaussian1_phase,geom_model_gaussian1_phase_error,geom_model_gaussian1_sigma,geom_model_gaussian1_sigma_error,geom_model_gaussian1_depth,geom_model_gaussian1_depth_error,geom_model_gaussian2_phase,geom_model_gaussian2_phase_error,geom_model_gaussian2_sigma,geom_model_gaussian2_sigma_error,geom_model_gaussian2_depth,geom_model_gaussian2_depth_error,geom_model_cosine_half_period_amplitude,geom_model_cosine_half_period_amplitude_error,geom_model_cosine_half_period_phase,geom_model_cosine_half_period_phase_error,model_type,num_model_parameters,reduced_chi2,derived_primary_ecl_phase,derived_primary_ecl_phase_error,derived_primary_ecl_duration,derived_primary_ecl_duration_error,derived_primary_ecl_depth,derived_primary_ecl_depth_error,derived_secondary_ecl_phase,derived_secondary_ecl_phase_error,derived_secondary_ecl_duration,derived_secondary_ecl_duration_error,derived_secondary_ecl_depth,derived_secondary_ecl_depth_error
375316653866487564,6757197456115838720,0.4662816,2248.979566462938,0.08669034637909225,5.4722936E-5,19.307808,0.032949153,0.33517072,0.0044499366,0.07834579,0.014811814,0.40876624,0.03925316,0.7561699,0.044044714,0.054990876,0.011187296,0.88257605,0.52690023,null,null,null,null,"TWOGAUSSIANS",8,16.598192,0.7561699,0.044044714,0.30794892,0.062648855,0.8824881,0.527876,0.33517072,0.0044499366,0.4,0.0,0.40867805,0.0391883
375316653866487564,6757197761049146240,0.4699382,2174.0545635837298,1.9189919912755418,4.496507E-5,18.842705,0.012310391,0.33652335,0.008309491,0.07739689,0.011152559,0.21603136,0.034750704,0.6831833,0.041281898,0.09752379,0.057704225,0.080922656,0.03327565,null,null,null,null,"TWOGAUSSIANS",8,5.1620226,0.33667335,0.0076597817,0.4,0.008240289,0.21594888,0.035301752,0.6831833,0.041281898,0.4,0.0,0.080703296,0.033904236
375316653866487564,6757197932847943296,0.59843254,2178.6158501225277,2.058140369813295,1.853237E-5,16.649368,0.01672457,0.24943334,0.004678685,0.09902514,0.0073136976,0.5163519,0.031594552,0.732321,0.0032644845,0.09554916,0.004492672,0.61149776,0.02718943,null,null,null,null,"TWOGAUSSIANS",8,28.034742,0.732321,0.0032644845,0.4,0.0,0.578702,0.02582876,0.24943334,0.004678685,0.4,0.0,0.48355392,0.037162837
375316653866487564,6757201648001798016,0.65767705,2263.877370271436,4.714504587180181,5.8107626E-6,17.143948,0.005010462,0.27866992,0.0011406889,0.04629098,0.001722236,0.3837754,0.015499959,0.7850527,0.038387503,0.037515968,0.011898084,0.3547493,0.22139287,0.15016842,0.01037013,0.27866992,0.0011406889,"TWOGAUSSIANS_WITH_ELLIPSOIDAL_ON_ECLIPSE1",9,8.364362,0.27866992,0.0011406889,0.25922948,0.009644521,0.68411183,0.0116803935,0.7850527,0.038387503,0.21008943,0.06662927,0.65460294,0.24306148
375316653866487564,6757202335186197888,0.52212787,2207.898550961463,3.1370803908772613,1.9368294E-5,19.702272,0.15183352,0.30792937,0.004833979,0.10933878,0.030783644,0.35041296,0.14655235,0.8122191,0.0052474733,0.10638755,0.03267007,0.35860187,0.14029995,null,null,null,null,"TWOGAUSSIANS",8,1.0113821,0.8122191,0.005224839,0.4,0.0,0.3125019,0.029438082,0.30792937,0.0048826346,0.4,0.0,0.3043042,0.02691756
375316653866487564,6757202472625214720,0.50729203,2250.1905558283447,1.8300480837749555,1.7834816E-5,17.816383,0.0047608456,0.42711785,3.1600866E-5,0.026167462,9.0467976E-4,0.09234617,0.004637104,0.7487361,0.005713111,0.056262333,0.006170906,0.09168924,0.013998362,null,null,null,null,"TWOGAUSSIANS",8,3.1239135,0.42711785,3.1600866E-5,0.14653778,0.0050662067,0.09234618,0.0046371273,0.7487361,0.005713111,0.31506908,0.034557074,0.09168924,0.013998362
375316653866487564,6757206011677943296,0.45772862,2140.6160530423967,0.030578252484043056,5.790535E-5,19.57616,0.3559094,0.26339334,0.015653815,0.12771918,0.048922826,0.54046595,0.32672957,0.74879795,0.03854402,0.15895884,0.10678019,0.5448055,0.31924105,null,null,null,null,"TWOGAUSSIANS",8,2.944218,0.26471335,0.013443096,0.4,0.0,0.33352542,0.045517843,0.74879795,0.03854402,0.4,0.0,0.33036193,0.05420648
375316653866487564,6757206935100137472,0.54309475,2205.8094291818893,0.27113229933728134,1.163429E-4,18.833511,0.00812324,0.5071315,0.036336318,0.012732604,0.014631332,0.34927443,0.54024905,0.23406903,0.04728028,0.034460135,0.072872385,0.04560418,0.026304513,0.0034774418,0.0066464655,0.5071315,0.036336318,"TWOGAUSSIANS_WITH_ELLIPSOIDAL_ON_ECLIPSE1",9,2.4218125,0.5071315,0.036336318,0.07130258,0.08193546,0.35622928,0.5435115,0.23406903,0.047247138,0.19297676,0.4050303,0.04574916,0.026460305
375316653866487564,6757207764024693120,0.45137247,2258.1568717546943,2.2531912004411248,1.1902244E-4,19.527235,0.42729113,0.3106748,0.017919479,0.18512599,0.105707884,0.47018188,0.41021824,0.7476896,0.05372479,0.075513646,0.09055526,0.24093838,0.10400894,null,null,null,null,"TWOGAUSSIANS",8,5.0540247,0.3106748,0.017916992,0.4,0.0,0.39953557,0.050878726,0.7476896,0.05372479,0.4,0.40664917,0.20389141,0.14315563
375316653866487564,6757208245061184512,0.5282468,2209.0856361095753,0.5624991886476123,5.842496E-5,19.220863,0.036430277,0.55477047,0.014077258,0.16489078,0.04899403,0.14116833,0.032528955,0.9560598,0.009611111,0.028405122,0.01685932,0.024885332,0.014280527,null,null,null,null,"TWOGAUSSIANS",8,1.0636976,0.55477047,0.014077258,0.4,0.0,0.13828054,0.015652645,0.9560598,0.009611111,0.15906869,0.09441219,0.029496323,0.016193824
375316653866487564,6757209894338958592,0.5031499,2178.6692187179615,2.645929741404378,6.7528235E-5,14.636509,0.43512854,0.25593618,0.009407839,0.08464539,0.027074829,0.27330974,0.1438262,0.77520746,0.030594612,0.099833995,0.20286424,0.12941334,0.39521477,null,null,null,null,"TWOGAUSSIANS",8,361.59732,0.25593618,0.0092241345,0.4,0.0,0.26649305,0.021425307,0.77520746,0.030594612,0.4,0.0,0.12259533,0.023736218
375316653866487564,6757209958757151104,0.59903985,2209.4491079869686,2.236585002906531,4.876697E-6,18.175154,0.004565399,0.20272745,0.001108027,0.054609966,0.0011911229,0.50900805,0.015421342,0.7098634,0.022843186,0.05829994,0.0067805448,0.19362403,0.08318121,null,null,null,null,"TWOGAUSSIANS",8,3.3361099,0.20272745,0.001108027,0.30581582,0.0066702887,0.50898254,0.015422994,0.7098634,0.022843186,0.32647967,0.03797105,0.1935985,0.08317514
375316653866487564,6757211028210361344,0.65289897,2207.533622542526,4.045824161467569,1.1741546E-5,17.814774,0.010699975,0.25834614,0.0018743972,0.039078165,0.0061300225,0.28567907,0.029778661,0.75242275,0.020495482,0.03322198,0.012320099,0.1988803,0.043229125,0.15803598,0.012142871,0.25834614,0.0018743972,"TWOGAUSSIANS_WITH_ELLIPSOIDAL_ON_ECLIPSE1",9,3.3809576,0.25834614,0.0018743972,0.21883772,0.034328125,0.6017507,0.029003583,0.7531428,0.01947114,0.18604307,0.068992555,0.5145675,0.03897935
375316653866487564,6757211436224974848,0.46493772,2288.950484735425,1.0512267231177868,4.7844453E-5,16.560877,0.015236806,0.12476815,0.015580366,0.057917412,0.030544082,0.13320865,0.032413587,0.5586524,0.01746069,0.10127969,0.027086627,0.084001526,0.023799894,null,null,null,null,"TWOGAUSSIANS",8,2.0118551,0.12477816,0.015452585,0.3243375,0.086269096,0.13287726,0.03678422,0.5586524,0.01746069,0.4,0.0,0.08366144,0.022234906
375316653866487564,6757211852844582016,0.60633594,2309.491647206742,3.2675825921615966,2.2984132E-4,14.107231,0.0022996496,0.6101028,5.7729246E-4,0.063684106,9.2605496E-4,0.309811,0.0030197422,null,null,null,null,null,null,null,null,null,null,"ONEGAUSSIAN",5,40.16896,0.6101028,5.7729246E-4,0.356631,0.0051859077,0.309811,0.0,null,null,null,null,null,null
375316653866487564,6757213227233723520,0.51539886,2267.2479864600996,2.2209448017042646,1.809142E-5,17.698196,0.003531657,null,null,null,null,null,null,null,null,null,null,null,null,0.066374935,0.003966261,0.25166428,0.0060525215,"ELLIPSOIDAL",4,4.8410745,null,null,null,null,null,null,null,null,null,null,null,null
375316653866487564,6757216388319631104,0.53183967,2269.8539403014684,3.9983796397273883,7.60644E-6,19.53678,0.008912264,0.21110192,0.0030375284,0.07821105,0.0033755954,0.3891695,0.021966029,0.71155506,0.0026758222,0.07388097,0.0040304847,0.3951806,0.024540612,null,null,null,null,"TWOGAUSSIANS",8,1.1671044,0.71155506,0.0026758222,0.4,0.0032091741,0.3916883,0.024920067,0.21110192,0.0030375284,0.4,0.0,0.3856772,0.022015158
375316653866487564,6757217384752247040,0.49909127,2257.1630243298728,0.2443211893568521,8.591286E-6,19.854918,0.0028498746,0.4975194,2.776974E-4,0.012455849,2.5683708E-4,0.5102391,0.014455573,0.82584214,0.10692479,0.032094866,0.028072665,0.057817277,4750387.0,null,null,null,null,"TWOGAUSSIANS",8,1.3451731,0.4975194,2.776974E-4,0.06975276,0.0014382877,0.5102391,0.014455573,0.82584214,0.10692479,0.17973123,0.15720692,0.057817277,4750387.0
375316653866487564,6757218170734443776,0.51085526,2213.2232022088524,1.495564480200206,1.8307817E-5,19.507042,0.008203761,0.17133148,0.011399268,0.052803468,0.008954076,0.12741728,0.042977445,0.66839844,0.0064592897,0.05460739,0.010695543,0.38289803,0.07867029,null,null,null,null,"TWOGAUSSIANS",8,3.483954,0.66839844,0.0064592897,0.3058014,0.059895042,0.38289034,0.07869146,0.17133148,0.011399268,0.29569942,0.05014283,0.1274096,0.042980902
375316653866487564,6757218656074480640,0.48866937,2238.284074799191,0.03048735498642328,1.3358923E-4,18.5708,0.02002,0.28616646,0.021222549,0.10703833,0.024860283,0.09255485,0.02917546,0.74737275,0.025504312,0.116998546,0.040310677,0.09173214,0.016854256,null,null,null,null,"TWOGAUSSIANS",8,1.5580987,0.28631645,0.02052047,0.4,0.0,0.08238772,0.02401978,0.74737275,0.025504312,0.4,0.0,0.08153279,0.009346427
375316653866487564,6757222293903374720,0.45369858,2221.23288352389,0.2038583844460998,9.568248E-5,19.125095,0.01842404,0.23454814,0.0426794,0.08076217,0.05322188,0.1370862,0.35129988,0.7772518,0.034778822,0.074325,0.050239384,0.14376992,0.028469453,null,null,null,null,"TWOGAUSSIANS",8,2.1799917,0.7772518,0.034778822,0.4,0.032546878,0.14315559,0.031672206,0.23454814,0.04266745,0.4,0.17720115,0.13647184,0.35251388
375316653866487564,6757222774939710080,0.5215183,2257.1562921074556,3.886771755314708,1.1619752E-5,18.527645,0.10406277,0.33436194,0.08556579,0.082819685,0.06457411,0.34857777,0.13800745,0.8329804,0.00688402,0.08901214,0.026346475,0.3576553,0.10415742,null,null,null,null,"TWOGAUSSIANS",8,11.287017,0.8329804,0.0068779956,0.4,0.0,0.3476542,0.03620413,0.33436194,0.08556737,0.4,0.2336435,0.33857676,0.10634816
375316653866487564,6757223672583984000,0.49979687,2193.338389672086,1.73587282590145,3.5465855E-5,17.951973,0.048357543,0.18533447,0.0040210937,0.09021009,0.025250724,0.11780784,0.042739764,0.7167673,0.010505117,0.13548507,0.04138876,0.114473596,0.04880112,null,null,null,null,"TWOGAUSSIANS",8,2.070409,0.18492447,0.0031450829,0.4,0.0,0.104029514,0.014051699,0.7167673,0.010511408,0.4,0.0,0.100352645,0.018009568
375316653866487564,6757224973963357824,0.4712609,2218.7355509036165,0.1603308524335037,1.8645846E-5,18.007395,0.00848085,0.14123128,0.07085711,0.06917322,0.058780823,0.031655975,0.0146697275,0.9539803,0.0015919121,0.0135176545,0.0013755492,0.24605826,0.030109977,null,null,null,null,"TWOGAUSSIANS",8,9.683866,0.95400035,0.0015721465,0.07569887,0.0077030757,0.24687006,0.030414836,0.14123128,0.07085711,0.38737,0.3036146,0.031655975,0.0146697275
375316653866487564,6757226726309829504,0.5291609,2188.660341234197,3.3109113262785277,2.6802069E-5,19.11571,0.04635293,0.2667029,0.0029682473,0.07063398,0.0072626253,0.5430466,0.06009345,0.76743335,0.007423054,0.09215331,0.012135812,0.4157839,0.04661802,null,null,null,null,"TWOGAUSSIANS",8,3.700804,0.2667029,0.0029682473,0.39555028,0.03107729,0.53491724,0.05692383,0.76743335,0.007423054,0.4,0.0,0.40765423,0.040463064
375316653866487564,6757229715602362240,0.5183508,2219.4029599419737,1.6034330269005221,2.1529231E-5,18.223774,0.0067874175,0.3144578,0.019628573,0.02636655,0.008719346,0.41494054,0.12965082,0.81043893,3.2711664E-4,0.020518238,0.009199805,0.23643562,0.45184436,null,null,null,null,"TWOGAUSSIANS",8,10.525143,0.3144578,0.019628573,0.14765267,0.048828334,0.41494054,0.12965082,0.81043893,3.2711664E-4,0.11490213,0.051518906,0.23643562,0.45184436
375316653866487564,6757230166583324032,0.5848771,2262.217903632888,0.9241694778093001,9.018096E-5,17.3432,0.0014470443,0.5262677,0.01092814,0.06126588,0.004175094,0.43851304,0.1105244,null,null,null,null,null,null,null,null,null,null,"ONEGAUSSIAN",5,0.8936526,0.5262677,0.01092814,0.34308892,0.023380527,0.43851304,0.0,null,null,null,null,null,null
375316653866487564,6757236213897309184,0.6256969,2260.968016518975,2.33310511100564,8.000292E-6,15.01564,0.056286838,0.26275915,0.004503924,0.058999594,0.014845978,0.26924956,0.1134023,0.7558122,0.020580294,0.06446756,0.011719288,0.72010916,0.17541377,0.050985206,0.058588322,0.26275915,0.004503924,"TWOGAUSSIANS_WITH_ELLIPSOIDAL_ON_ECLIPSE1",9,131.52191,0.75612223,0.019685967,0.36101833,0.04684662,0.82161385,0.1254663,0.26275915,0.004503924,0.33039773,0.083137475,0.37093982,0.030346816
375316653866487564,6757236694933674624,0.48309416,2238.434354474336,3.330179178400621,1.8659088E-5,16.152742,0.011293649,0.21763067,0.0059783463,0.06413737,0.010648719,0.16204427,0.03287844,null,null,null,null,null,null,0.10200981,0.017585685,0.21763067,0.0059783463,"ONEGAUSSIAN_WITH_ELLIPSOIDAL",6,201.05959,0.21763067,0.0059783463,0.35916924,0.059632827,0.3659822,0.032281227,null,null,null,null,null,null
375316653866487564,6757237309104953856,0.47706518,2229.1054158742313,0.2066259682830479,3.9257553E-5,17.882908,0.9156669,0.2863821,0.072523065,0.2652715,0.21856852,0.82394594,0.9032311,0.7951892,0.0126281595,0.13471033,0.049163923,0.56261843,0.42694372,null,null,null,null,"TWOGAUSSIANS",8,8.022926,0.7994492,0.008374505,0.4,0.0,0.2163984,0.07071741,0.2857121,0.071969084,0.4,0.048949108,0.20076378,0.013246868
375316653866487564,6757237309104965632,0.56491435,2196.0214304732394,1.0988279658840954,7.5795746E-5,18.789639,0.00496377,0.26406857,0.0031024797,0.037786465,0.002757802,0.4923356,0.06781261,0.7497129,1.2669209E-4,0.04220897,0.0010300071,0.61351895,0.003240054,null,null,null,null,"TWOGAUSSIANS",8,2.777405,0.7497129,1.2669209E-4,0.23637022,0.0057680397,0.61351895,0.0032400526,0.26406857,0.0031024797,0.21160421,0.015443691,0.4923356,0.06781261
375316653866487564,6757237721421934464,0.63109815,2236.5205333760723,4.496000730363286,1.37861025E-5,16.752422,0.014959994,0.24476746,0.0060036792,0.0663609,0.027246123,0.25854045,0.14168665,0.741354,0.012416135,0.054961517,0.01711984,0.16698779,0.04282797,0.10476818,0.018418252,0.24476746,0.0060036792,"TWOGAUSSIANS_WITH_ELLIPSOIDAL_ON_ECLIPSE1",9,10.458345,0.24476746,0.0060036792,0.37162104,0.047084328,0.46786264,0.1216681,0.742144,0.011006386,0.3077845,0.095871106,0.37623578,0.039727584
375316653866487564,6757238550359437952,0.5472236,2242.156705778192,0.05069630229736911,9.705091E-5,17.589014,0.0072206324,0.22654387,0.007233214,0.045683686,0.0077906703,1.3166096,1.7211806,0.75088125,0.0808462,0.06857212,0.087710045,0.06586247,0.054459855,null,null,null,null,"TWOGAUSSIANS",8,13.686044,0.22654387,0.007233214,0.25582865,0.043627754,1.3165989,1.7214448,0.75088125,0.0808462,0.38400385,0.050009053,0.065851785,0.05639674
375316653866487564,6757241157395818496,0.53995144,2280.77685710667,0.9632868786569779,3.4730117E-5,18.737173,0.017282223,0.2661333,0.009602201,0.05955367,0.01245063,0.3150662,0.027233602,0.7618155,0.005432293,0.07686345,0.015694473,0.096729785,0.016331052,null,null,null,null,"TWOGAUSSIANS",8,1.8726709,0.2661333,0.009602201,0.33350056,0.069723524,0.31472683,0.027034003,0.7618155,0.005432293,0.4,0.0,0.09639042,0.01511564
375316653866487564,6757243322059244288,0.542685,2253.949602154414,0.027796843459104794,2.1195077E-5,18.489384,0.0049643,0.14326467,9.429521E-4,0.027584402,0.0038909568,4.4176655,6.093941,0.72735506,0.012340252,0.06712418,0.014694892,0.39144865,0.12480101,null,null,null,null,"TWOGAUSSIANS",8,1.3732908,0.14326467,9.429521E-4,0.15447265,0.021789357,4.4176655,6.093941,0.72735506,0.012340252,0.37589538,0.03825616,0.39144865,0.12480172
375316653866487564,6757244455930849408,0.5603211,2245.62448090365,2.500330609110925,1.9024892E-5,18.589634,0.018011643,0.21650682,0.004008428,0.06997685,0.0083654905,0.22820166,0.022028375,0.691252,0.012564248,0.07322939,0.029903544,0.13741456,0.01897349,null,null,null,null,"TWOGAUSSIANS",8,1.241255,0.21650682,0.004008428,0.39187038,0.026213827,0.22778092,0.020385757,0.691252,0.012564248,0.4,0.012659032,0.13699384,0.021099238
375316653866487564,6757246865403976320,0.5036653,2240.7236789701574,0.2040164676943935,5.5878227E-5,19.376234,0.066482686,0.29769224,0.002978653,0.10390319,0.024383875,0.32926032,0.056919385,0.78688127,0.010433913,0.10754935,0.026132869,0.3418863,0.06583908,null,null,null,null,"TWOGAUSSIANS",8,0.9585102,0.78688127,0.010433913,0.4,0.0,0.30561778,0.020262308,0.29770222,0.0029592891,0.4,0.0,0.2930002,0.01008104
