Gaia/vari_eclipsing_binary/VariEclipsingBinary_471784-471816.csv
# %ECSV 1.0
# ---
# delimiter: ','
# meta: !!omap
# - RELEASE: Gaia DR3
# - TABLE: vari_eclipsing_binary
# - DESCRIPTION: >
#     This table describes the properties of the eclipsing binaries resulting from the variability analysis. 
# - CITATION: >
#     How to cite and acknowledge Gaia: 
#     https://gea.esac.esa.int/archive/documentation/credits.html 
# - KNOWN_ISSUES: >
#     Known issues: 
#     https://www.cosmos.esa.int/web/gaia-users/known-issues 
# - DOCUMENTATION: >
#     Tutorials and documentation: 
#     https://www.cosmos.esa.int/web/gaia-users/archive 
# datatype:
# - 
#   name: solution_id
#   datatype: int64
#   description: Solution Identifier
#   meta:
#     ucd: meta.version
# - 
#   name: source_id
#   datatype: int64
#   description: Unique source identifier
#   meta:
#     ucd: meta.id;meta.main
# - 
#   name: global_ranking
#   datatype: float32
#   description: Number between 0 (worst) and 1 (best)
#   meta:
#     ucd: stat.param
# - 
#   name: reference_time
#   datatype: float64
#   unit: d
#   description: Reference time used for the geometric model fit
#   meta:
#     ucd: time.epoch
# - 
#   name: frequency
#   datatype: float64
#   unit: d**-1
#   description: Frequency of geometric model of the eclipsing binary light curve
#   meta:
#     ucd: src.orbital
# - 
#   name: frequency_error
#   datatype: float32
#   unit: d**-1
#   description: "Uncertainty of \\texttt{frequency}"
#   meta:
#     ucd: stat.error
# - 
#   name: geom_model_reference_level
#   datatype: float32
#   unit: mag
#   description: Magnitude reference level of geometric model
#   meta:
#     ucd: phot.mag;em.opt
# - 
#   name: geom_model_reference_level_error
#   datatype: float32
#   unit: mag
#   description: "Uncertainty of \\texttt{geomModelReferenceLevel}"
#   meta:
#     ucd: stat.error;phot.mag;em.opt
# - 
#   name: geom_model_gaussian1_phase
#   datatype: float32
#   description: Phase of the Gaussian 1 component
#   meta:
#     ucd: time.phase
# - 
#   name: geom_model_gaussian1_phase_error
#   datatype: float32
#   description: "Uncertainty of \\texttt{geomModelGaussian1Phase}"
#   meta:
#     ucd: stat.error;time.phase
# - 
#   name: geom_model_gaussian1_sigma
#   datatype: float32
#   description: "Standard deviation [phase] of Gaussian 1 component"
#   meta:
#     ucd: stat.stdev
# - 
#   name: geom_model_gaussian1_sigma_error
#   datatype: float32
#   description: "Uncertainty of \\texttt{geomModelGaussian1Sigma}"
#   meta:
#     ucd: stat.error
# - 
#   name: geom_model_gaussian1_depth
#   datatype: float32
#   unit: mag
#   description: Magnitude depth of Gaussian 1 component
#   meta:
#     ucd: src.var.amplitude
# - 
#   name: geom_model_gaussian1_depth_error
#   datatype: float32
#   unit: mag
#   description: "Uncertainty of \\texttt{geomModelGaussian1Depth}"
#   meta:
#     ucd: stat.error;src.var.amplitude
# - 
#   name: geom_model_gaussian2_phase
#   datatype: float32
#   description: Phase of Gaussian 2 component
#   meta:
#     ucd: time.phase
# - 
#   name: geom_model_gaussian2_phase_error
#   datatype: float32
#   description: "Uncertainty of \\texttt{geomModelGaussian2Phase}"
#   meta:
#     ucd: stat.error;time.phase
# - 
#   name: geom_model_gaussian2_sigma
#   datatype: float32
[...]
#   datatype: float32
#   description: "Secondary eclipse: uncertainty of \\texttt{derivedSecondaryEclDuration}"
#   meta:
#     ucd: stat.error;time.duration
# - 
#   name: derived_secondary_ecl_depth
#   datatype: float32
#   unit: mag
#   description: "Secondary eclipse: depth"
#   meta:
#     ucd: src.var.amplitude
# - 
#   name: derived_secondary_ecl_depth_error
#   datatype: float32
#   unit: mag
#   description: "Secondary eclipse: uncertainty of \\texttt{derivedSecondaryEclDepth}"
#   meta:
#     ucd: stat.error;src.var.amplitude
solution_id,source_id,global_ranking,reference_time,frequency,frequency_error,geom_model_reference_level,geom_model_reference_level_error,geom_model_gaussian1_phase,geom_model_gaussian1_phase_error,geom_model_gaussian1_sigma,geom_model_gaussian1_sigma_error,geom_model_gaussian1_depth,geom_model_gaussian1_depth_error,geom_model_gaussian2_phase,geom_model_gaussian2_phase_error,geom_model_gaussian2_sigma,geom_model_gaussian2_sigma_error,geom_model_gaussian2_depth,geom_model_gaussian2_depth_error,geom_model_cosine_half_period_amplitude,geom_model_cosine_half_period_amplitude_error,geom_model_cosine_half_period_phase,geom_model_cosine_half_period_phase_error,model_type,num_model_parameters,reduced_chi2,derived_primary_ecl_phase,derived_primary_ecl_phase_error,derived_primary_ecl_duration,derived_primary_ecl_duration_error,derived_primary_ecl_depth,derived_primary_ecl_depth_error,derived_secondary_ecl_phase,derived_secondary_ecl_phase_error,derived_secondary_ecl_duration,derived_secondary_ecl_duration_error,derived_secondary_ecl_depth,derived_secondary_ecl_depth_error
[from data line 185]
375316653866487564,4149934569767407872,0.47136512,2260.9592520086485,0.7321780006838684,9.253428E-5,19.813347,0.00910444,0.6432874,0.037339166,0.043084875,0.03915358,0.18862356,0.13232523,0.44816482,0.022533001,0.081886835,0.015502591,0.17200118,0.017064637,null,null,null,null,"TWOGAUSSIANS",8,1.736064,0.6401774,0.034373704,0.24127531,0.21926005,0.19913761,0.15574436,0.4481948,0.022365054,0.4,0.0,0.17200783,0.017053517
375316653866487564,4149935046511808128,0.5590683,2265.808701336781,2.825766243871332,2.8327262E-5,17.901358,0.011370907,0.24494869,0.006595965,0.086604014,0.00750908,0.24125692,0.01639314,0.7515873,0.0038644595,0.09507688,0.0074184616,0.2737486,0.014401816,null,null,null,null,"TWOGAUSSIANS",8,7.0749507,0.7515873,0.0038644595,0.4,0.0,0.26320127,0.014255052,0.24494869,0.006595965,0.4,0.0,0.2307101,0.014331412
375316653866487564,4149935080871550848,0.56988806,2278.9300780649905,3.4822672724566486,1.5054716E-5,18.126787,0.0077393814,0.27333426,0.013037505,0.074598074,0.012752434,0.25891188,0.047969405,0.77064216,0.003756963,0.07394334,0.0037506549,0.24936295,0.011522291,null,null,null,null,"TWOGAUSSIANS",8,4.382197,0.27333426,0.013037505,0.4,0.0,0.2572553,0.04865793,0.77064216,0.003756963,0.4,0.0,0.24770634,0.010847619
375316653866487564,4149935188246889088,0.5138733,2263.985863955492,0.9464065278148566,9.452194E-6,18.908924,0.024445707,0.12957704,0.0030697072,0.04067372,0.0036029285,0.6581548,0.07592598,0.87507904,0.0022463286,0.029494094,0.008824655,0.4363553,0.05217176,0.13627358,0.06927767,0.87507904,0.0022463286,"TWOGAUSSIANS_WITH_ELLIPSOIDAL_ON_ECLIPSE2",9,11.108898,0.87507904,0.0022463286,0.16516691,0.04941807,0.7089002,0.12583119,0.12983704,0.003249664,0.22777285,0.0201764,0.6583826,0.0761369
375316653866487564,4149935321395525120,0.54639626,2285.6670390008403,2.800926799177978,1.23403925E-5,17.764748,0.0031955126,0.7874722,0.004500364,0.01984176,0.020941755,0.05906129,138736.95,null,null,null,null,null,null,0.07654553,0.004146034,0.7874722,0.004500364,"ONEGAUSSIAN_WITH_ELLIPSOIDAL",6,3.5602994,0.7874722,0.004500364,0.11111386,0.11727382,0.21215232,138736.95,null,null,null,null,null,null
375316653866487564,4149935669283043968,0.55709535,2279.3873510458266,2.6817262241483486,1.6642469E-5,19.1332,0.014040907,0.2915081,0.0022868451,0.09239954,0.0055815824,0.2947229,0.012408573,0.79892063,0.0067313667,0.09676321,0.01566083,0.16462474,0.019016305,null,null,null,null,"TWOGAUSSIANS",8,0.6253275,0.2915081,0.0022868451,0.4,0.0,0.2828365,0.0062906863,0.79892063,0.0067313667,0.4,0.0,0.15273805,0.022557164
375316653866487564,4149936047240566912,0.5306483,2324.4249022397885,3.982243878093949,1.3713936E-6,19.853018,0.006869998,0.35972688,0.0015728554,0.030770343,0.0015412886,0.5176017,0.039540898,0.68740714,0.03847673,0.019054124,0.016784625,0.14355011,0.14831571,null,null,null,null,"TWOGAUSSIANS",8,0.96440345,0.35972688,0.0015728554,0.17231391,0.008631216,0.5176017,0.039540898,0.68740714,0.03847673,0.1067031,0.0939939,0.14355011,0.14831571
375316653866487564,4149936974956688256,0.5516372,2326.4374819527125,2.220418364835134,1.0290871E-5,17.76449,0.016531272,0.25112972,0.004030399,0.08490831,0.0052336645,0.44624674,0.02471049,0.7590585,0.0022026843,0.088960506,0.0043023983,0.38708195,0.016694054,null,null,null,null,"TWOGAUSSIANS",8,11.133953,0.25112972,0.004030399,0.4,0.0,0.43462023,0.023566905,0.7590585,0.0022026843,0.4,0.0,0.37545535,0.013693495
375316653866487564,4149937073742273280,0.5875556,2321.8316740121963,2.5328719254959586,1.2566843E-5,18.668634,0.015919559,0.31345335,0.002002002,0.07583525,0.004756215,0.392327,0.013102276,0.81877995,0.0041931234,0.07723326,0.00515705,0.42028826,0.022597738,null,null,null,null,"TWOGAUSSIANS",8,2.668948,0.81877995,0.0041931234,0.4,0.0,0.4167954,0.022009453,0.31345335,0.002002002,0.4,0.0,0.38883415,0.011577731
375316653866487564,4149937352910296192,0.51659447,2288.3528428049212,3.1545205607550453,1.812469E-5,19.392136,0.01201683,0.23966338,0.042816326,0.05857479,0.04068634,0.23761798,0.051295,0.8091485,0.0026420776,0.060378738,0.004106247,0.34286892,0.017432794,null,null,null,null,"TWOGAUSSIANS",8,2.21074,0.8091485,0.0026420776,0.33812094,0.022994982,0.3428629,0.017233077,0.23966338,0.042816326,0.3280188,0.15724625,0.23761195,0.051103685
375316653866487564,4149937623498093440,0.5163035,2290.2748555808603,0.29124996309617307,5.139747E-6,18.70184,0.00363079,0.2235454,0.05400704,0.04091409,0.019908393,0.5533223,11.989909,0.881389,0.008921839,0.029225878,0.0057258606,0.063209735,0.012729679,null,null,null,null,"TWOGAUSSIANS",8,1.6317397,0.2235454,0.05400704,0.2291189,0.111487,0.5533223,11.989909,0.881389,0.008921839,0.16366492,0.032064818,0.063209735,0.012729679
375316653866487564,4149937657857811328,0.5592751,2300.0571062270064,2.450717222059329,1.5650252E-5,18.908348,0.019232905,0.32715777,0.00571827,0.07746909,0.009974154,0.49484944,0.075301155,0.81939423,0.0062259757,0.08199892,0.006970123,0.480214,0.025975548,null,null,null,null,"TWOGAUSSIANS",8,3.5071096,0.32715777,0.00571827,0.4,0.0,0.48872548,0.078529276,0.81939423,0.0062259757,0.4,0.0,0.47409,0.023892788
375316653866487564,4149937932735223808,0.5988841,2239.2169482901854,1.6173828101479455,6.910765E-6,18.521456,0.009517007,0.28080755,0.0030432402,0.09715589,0.007422,0.16057518,0.01333882,0.7684793,0.0015397111,0.079011105,0.003472162,0.33925745,0.012265525,null,null,null,null,"TWOGAUSSIANS",8,1.356743,0.7684793,0.0015397111,0.4,0.0,0.33284456,0.011725842,0.28080755,0.0030432402,0.4,0.0,0.15416157,0.012388885
375316653866487564,4149938005742418816,0.5084811,2206.592628963778,2.1931076758034744,1.6016624E-5,17.805716,0.021444755,0.2606248,0.006641747,0.084184945,0.016769737,0.38149515,0.0818459,0.7620135,0.0065034917,0.09392114,0.010104707,0.3189211,0.021123137,null,null,null,null,"TWOGAUSSIANS",8,14.142898,0.2606248,0.006641747,0.4,0.0,0.3683328,0.09084594,0.7620135,0.0065034917,0.4,0.0,0.30575833,0.013133362
375316653866487564,4149938177574747648,0.49130106,2249.8403418260314,0.45794171740220074,1.2921804E-5,17.837496,0.0022126164,0.3118724,0.003269854,0.02290446,0.0022004244,0.21596594,0.048009943,null,null,null,null,null,null,0.023744898,0.002848631,0.3118724,0.003269854,"ONEGAUSSIAN_WITH_ELLIPSOIDAL",6,2.172283,0.3118724,0.003269854,0.12826498,0.0123223765,0.2634557,0.04858383,null,null,null,null,null,null
375316653866487564,4149939345772416256,0.4988805,2272.056333588185,3.525110325297106,5.3775868E-5,19.812096,0.012518423,0.21757704,0.0038844736,0.05006362,0.0059430776,0.19223678,0.010418395,0.72221303,0.005420937,0.051903814,0.006555667,0.24016611,0.032503173,null,null,null,null,"TWOGAUSSIANS",8,1.8821051,0.72221303,0.005420937,0.29066136,0.036711734,0.24016404,0.03250347,0.21757704,0.0038844736,0.2803563,0.033281233,0.19223471,0.0104162125
375316653866487564,4149940440996750336,0.5600443,2316.7216130174434,2.683626773408994,1.6083517E-5,18.39592,0.013771026,0.30790755,0.003511476,0.074921116,0.007427626,0.45789835,0.043240063,0.8112622,0.0043721725,0.06208828,0.007602982,0.2683909,0.021324761,null,null,null,null,"TWOGAUSSIANS",8,6.0401764,0.30790755,0.003511476,0.4,0.0,0.4570602,0.043830916,0.8112622,0.0043721725,0.34769437,0.0425767,0.2675527,0.02151665
375316653866487564,4149940891994769408,0.64466214,2324.177846736693,1.3468183181106446,5.889513E-6,17.096626,0.053099383,0.25290024,0.003143981,0.11516508,0.012713534,0.29290637,0.04949037,0.74653053,0.006253035,0.13243121,0.020241275,0.28239614,0.051270623,null,null,null,null,"TWOGAUSSIANS",8,1.2880288,0.25300026,0.0031579353,0.4,0.0,0.22266112,0.004758362,0.74653053,0.006253035,0.4,0.0,0.21173896,0.003706894
375316653866487564,4149941510440248576,0.51872724,2296.6404172043353,2.6722867400252657,1.4762172E-5,19.210197,0.13086572,0.28353548,0.009471814,0.112670206,0.033119045,0.37027487,0.12621567,0.7967675,0.009066585,0.11904213,0.028645402,0.36932614,0.1310821,null,null,null,null,"TWOGAUSSIANS",8,3.0972385,0.2834755,0.009489388,0.4,0.0,0.30679545,0.025165115,0.79679745,0.009014879,0.4,0.0,0.3057706,0.02923566
375316653866487564,4149941544800045696,0.5586958,2280.642944012872,2.849373917070328,4.7788202E-5,19.603125,0.04028764,0.33098134,0.008158836,0.06550327,0.009608392,0.8139975,0.16319463,0.82219976,0.017352207,0.061168414,0.0160942,0.74344975,0.12555613,null,null,null,null,"TWOGAUSSIANS",8,3.2894416,0.33098134,0.008158836,0.3668183,0.04910894,0.81350845,0.1638146,0.82219976,0.017352207,0.34254313,0.08858957,0.7429607,0.12569505
375316653866487564,4149943945679366912,0.6507181,2247.2107579379344,1.3424234694921604,2.7257374E-6,17.712793,0.0031917102,0.30335498,6.4408587E-4,0.040774044,7.886223E-4,0.36476058,0.007431679,0.8215383,0.052174512,0.03658895,0.041532103,0.057564683,89.93355,null,null,null,null,"TWOGAUSSIANS",8,1.3928546,0.30335498,6.4408587E-4,0.22833464,0.0044162846,0.36476058,0.007431679,0.8215383,0.052174512,0.2048981,0.23257978,0.057564683,89.93355
375316653866487564,4149944018694130304,0.49482533,2344.0192912419593,1.8070413213456977,4.3874825E-5,19.013868,0.026777579,0.3865605,0.0027617863,0.019772856,0.002276347,0.2310936,0.011103501,0.7531171,0.0067547085,0.044224888,0.014335426,0.46001264,0.3553092,0.0710331,0.03794843,0.7531171,0.0067547085,"TWOGAUSSIANS_WITH_ELLIPSOIDAL_ON_ECLIPSE2",9,2.7520766,0.7531171,0.0067547085,0.24765937,0.08027839,0.6020787,0.35472205,0.3850505,0.0024032847,0.110727996,0.012747544,0.29527253,0.034683146
375316653866487564,4149944602811266688,0.45605478,2274.284839186825,3.3264341011089678,3.9068902E-5,19.149626,0.057246216,0.25460744,0.017042508,0.08901285,0.033435777,0.42727953,0.10709518,0.7501533,0.009790739,0.08173686,0.018498685,0.3895298,0.071919635,null,null,null,null,"TWOGAUSSIANS",8,18.277674,0.25460744,0.017042508,0.4,0.0,0.4168834,0.11801314,0.7501533,0.009790692,0.4,0.0,0.37913382,0.061544005
375316653866487564,4149945354428715264,0.52424407,2297.431886302928,2.327588430604791,1.1530214E-5,19.366745,0.010426722,0.27184954,0.003841986,0.0491111,0.028849492,0.31890926,1653.1985,0.77862656,0.0062439754,0.01772985,0.00949549,0.28308123,0.15299995,0.16344891,0.014509593,0.27184954,0.003841986,"TWOGAUSSIANS_WITH_ELLIPSOIDAL_ON_ECLIPSE1",9,5.165759,0.27184954,0.003841986,0.27502218,0.16155715,0.64580595,1653.1984,0.77862656,0.0062439754,0.09928716,0.053174745,0.60938555,0.16676874
375316653866487564,4149945496163018240,0.55681694,2302.240895594841,2.5622044046306187,7.755156E-6,18.94039,0.011716356,0.2855736,0.0036528537,0.07888272,0.004600807,0.41977283,0.022694921,0.7840986,0.004424601,0.09011908,0.008194501,0.38083836,0.033705242,null,null,null,null,"TWOGAUSSIANS",8,2.4824853,0.2855736,0.0036528537,0.4,0.0,0.41003957,0.022672394,0.7840986,0.004424601,0.4,0.0,0.371105,0.036455486
375316653866487564,4149945560587170688,0.4293979,2282.2583231961817,1.7242650682477503,4.3612665E-5,18.361128,0.0063428194,0.3099369,0.15658066,0.07446004,0.11254996,0.066111326,0.018542904,0.57301867,0.08659417,0.09584301,0.080335476,0.072407186,0.027038706,null,null,null,null,"TWOGAUSSIANS",8,2.8974254,0.57301867,0.08659417,0.4,0.24279143,0.07252401,0.03579611,0.3144369,0.15048783,0.4,0.17841226,0.0678806,0.01904036
375316653866487564,4149945629306657152,0.58901185,2199.8133790612833,1.9530773703438802,9.482703E-6,17.614605,0.019302912,0.2106866,0.0016540833,0.08041368,0.006572548,0.2191854,0.018068435,0.70161796,0.0051242746,0.09389081,0.009854993,0.3458092,0.022777624,null,null,null,null,"TWOGAUSSIANS",8,3.2954192,0.70161796,0.0051242746,0.4,0.0,0.33796856,0.021964993,0.2106866,0.0016540833,0.4,0.0,0.2113453,0.013820454
375316653866487564,4149945702323145472,0.4801418,2267.58826488399,0.10524358299399686,1.4103567E-5,18.974318,0.008927066,0.08267439,0.0051328987,0.058994148,0.008208571,0.16783985,0.03035386,0.55932117,0.023401607,0.04962369,0.020438043,0.07758476,0.02213356,null,null,null,null,"TWOGAUSSIANS",8,1.972648,0.08267439,0.0051328987,0.33036724,0.045967996,0.16783772,0.030355167,0.55932117,0.023401607,0.27789268,0.11445305,0.07758262,0.022133984
375316653866487564,4149946045954717184,0.6737938,2262.3675016966818,0.8530463312104192,5.0636154E-6,16.816103,0.007905144,0.2425205,0.005586951,0.040823586,0.0060346066,0.104257405,0.015954094,0.738525,0.024341734,0.040018547,0.011185649,0.61891174,0.16943258,0.027409011,0.008386927,0.2425205,0.005586951,"TWOGAUSSIANS_WITH_ELLIPSOIDAL_ON_ECLIPSE1",9,4.3988066,0.73856497,0.02400651,0.22410387,0.06263963,0.6736956,0.16477172,0.2425205,0.005586951,0.22861208,0.033793796,0.15907542,0.0027784945
375316653866487564,4149946217719012224,0.59787613,2282.1113139801373,2.507308632281911,1.19402675E-5,17.78324,0.017927209,0.2701743,0.0042415923,0.099903405,0.009950979,0.19262846,0.0174839,0.7596172,0.0024522159,0.09607739,0.0071815075,0.32737765,0.015329742,null,null,null,null,"TWOGAUSSIANS",8,2.5576296,0.7596172,0.0024522159,0.4,0.0,0.31071252,0.008632199,0.2701743,0.0042415923,0.4,0.0,0.17596273,0.011007332
375316653866487564,4149947489063717248,0.56469077,2284.2740549440823,1.4516364195800209,4.6318905E-6,18.824718,0.004627998,0.34415162,9.161879E-4,0.04848856,0.0012941436,0.40863562,0.015069422,0.8410651,0.00694675,0.048443295,0.007152512,0.23674297,0.041375577,null,null,null,null,"TWOGAUSSIANS",8,1.6472952,0.34415162,9.161879E-4,0.27153593,0.0072472044,0.40863475,0.015069526,0.8410651,0.00694675,0.27128246,0.040054068,0.2367421,0.04137631
375316653866487564,4149947759615066752,0.6102507,2289.2390938329345,2.0817261161474723,1.0643158E-5,17.585648,0.010775813,0.15986426,0.0010217373,0.03262289,9.7388146E-4,0.8624406,0.013218187,0.6752921,0.011370791,0.043277614,0.0086546205,0.30197716,0.11994903,null,null,null,null,"TWOGAUSSIANS",8,33.027023,0.15986426,0.0010217373,0.18268818,0.005453736,0.8624406,0.013218187,0.6752921,0.011370791,0.24235465,0.048465874,0.30197716,0.11994903
375316653866487564,4149947970065910272,0.472875,2273.918261317625,3.587647455256725,1.5501466E-5,19.693886,0.009710276,0.236261,0.019460611,0.075871974,0.018537762,0.15933646,0.028206779,0.71870035,0.0023692264,0.086307265,0.004813598,0.26652595,0.013213427,null,null,null,null,"TWOGAUSSIANS",8,0.9922662,0.71870035,0.0023692264,0.4,0.0,0.2639613,0.012730645,0.236261,0.019460611,0.4,0.041645397,0.15677182,0.028700236
375316653866487564,4149948141905104896,0.6899853,2275.8468497009417,2.5266183538341167,1.9197296E-6,15.505218,0.0076582576,0.27107415,0.0013983356,0.04663888,0.003420212,0.22631389,0.018835066,0.7688578,7.485631E-4,0.042707607,0.0023693074,0.2590445,0.018417919,0.13445741,0.012615079,0.27107415,0.0013983356,"TWOGAUSSIANS_WITH_ELLIPSOIDAL_ON_ECLIPSE1",9,17.692331,0.76914775,5.6533195E-4,0.23916261,0.013268122,0.52791375,0.010000708,0.27107415,0.0013983356,0.26117772,0.019153187,0.49522853,0.008842576
375316653866487564,4149948176258475776,0.48186123,2289.958653106803,2.1784687474008075,1.7660199E-5,17.601416,0.002485513,null,null,null,null,null,null,null,null,null,null,null,null,0.039174654,0.0036413947,0.28741485,0.006465832,"ELLIPSOIDAL",4,4.1896515,null,null,null,null,null,null,null,null,null,null,null,null
375316653866487564,4149948618603930368,0.49938762,2299.407935499529,2.194856966863523,1.6874279E-5,17.83666,0.13107711,0.23952755,0.009657287,0.14203054,0.045631114,0.2746687,0.124356605,0.7309069,0.00871045,0.11431558,0.026499672,0.29635072,0.12342456,null,null,null,null,"TWOGAUSSIANS",8,9.930735,0.7309069,0.00871045,0.4,0.0,0.21885763,0.013443593,0.23956756,0.009686366,0.4,0.0,0.19607705,0.0146610895
