Gaia/vari_eclipsing_binary/VariEclipsingBinary_677342-677356.csv
# %ECSV 1.0
# ---
# delimiter: ','
# meta: !!omap
# - RELEASE: Gaia DR3
# - TABLE: vari_eclipsing_binary
# - DESCRIPTION: >
#     This table describes the properties of the eclipsing binaries resulting from the variability analysis. 
# - CITATION: >
#     How to cite and acknowledge Gaia: 
#     https://gea.esac.esa.int/archive/documentation/credits.html 
# - KNOWN_ISSUES: >
#     Known issues: 
#     https://www.cosmos.esa.int/web/gaia-users/known-issues 
# - DOCUMENTATION: >
#     Tutorials and documentation: 
#     https://www.cosmos.esa.int/web/gaia-users/archive 
# datatype:
# - 
#   name: solution_id
#   datatype: int64
#   description: Solution Identifier
#   meta:
#     ucd: meta.version
# - 
#   name: source_id
#   datatype: int64
#   description: Unique source identifier
#   meta:
#     ucd: meta.id;meta.main
# - 
#   name: global_ranking
#   datatype: float32
#   description: Number between 0 (worst) and 1 (best)
#   meta:
#     ucd: stat.param
# - 
#   name: reference_time
#   datatype: float64
#   unit: d
#   description: Reference time used for the geometric model fit
#   meta:
#     ucd: time.epoch
# - 
#   name: frequency
#   datatype: float64
#   unit: d**-1
#   description: Frequency of geometric model of the eclipsing binary light curve
#   meta:
#     ucd: src.orbital
# - 
#   name: frequency_error
#   datatype: float32
#   unit: d**-1
#   description: "Uncertainty of \\texttt{frequency}"
#   meta:
#     ucd: stat.error
# - 
#   name: geom_model_reference_level
#   datatype: float32
#   unit: mag
#   description: Magnitude reference level of geometric model
#   meta:
#     ucd: phot.mag;em.opt
# - 
#   name: geom_model_reference_level_error
#   datatype: float32
#   unit: mag
#   description: "Uncertainty of \\texttt{geomModelReferenceLevel}"
#   meta:
#     ucd: stat.error;phot.mag;em.opt
# - 
#   name: geom_model_gaussian1_phase
#   datatype: float32
#   description: Phase of the Gaussian 1 component
#   meta:
#     ucd: time.phase
# - 
#   name: geom_model_gaussian1_phase_error
#   datatype: float32
#   description: "Uncertainty of \\texttt{geomModelGaussian1Phase}"
#   meta:
#     ucd: stat.error;time.phase
# - 
#   name: geom_model_gaussian1_sigma
#   datatype: float32
#   description: "Standard deviation [phase] of Gaussian 1 component"
#   meta:
#     ucd: stat.stdev
# - 
#   name: geom_model_gaussian1_sigma_error
#   datatype: float32
#   description: "Uncertainty of \\texttt{geomModelGaussian1Sigma}"
#   meta:
#     ucd: stat.error
# - 
#   name: geom_model_gaussian1_depth
#   datatype: float32
#   unit: mag
#   description: Magnitude depth of Gaussian 1 component
#   meta:
#     ucd: src.var.amplitude
# - 
#   name: geom_model_gaussian1_depth_error
#   datatype: float32
#   unit: mag
#   description: "Uncertainty of \\texttt{geomModelGaussian1Depth}"
#   meta:
#     ucd: stat.error;src.var.amplitude
# - 
#   name: geom_model_gaussian2_phase
#   datatype: float32
#   description: Phase of Gaussian 2 component
#   meta:
#     ucd: time.phase
# - 
#   name: geom_model_gaussian2_phase_error
#   datatype: float32
#   description: "Uncertainty of \\texttt{geomModelGaussian2Phase}"
#   meta:
#     ucd: stat.error;time.phase
# - 
#   name: geom_model_gaussian2_sigma
#   datatype: float32
[...]
#   datatype: float32
#   description: "Secondary eclipse: uncertainty of \\texttt{derivedSecondaryEclDuration}"
#   meta:
#     ucd: stat.error;time.duration
# - 
#   name: derived_secondary_ecl_depth
#   datatype: float32
#   unit: mag
#   description: "Secondary eclipse: depth"
#   meta:
#     ucd: src.var.amplitude
# - 
#   name: derived_secondary_ecl_depth_error
#   datatype: float32
#   unit: mag
#   description: "Secondary eclipse: uncertainty of \\texttt{derivedSecondaryEclDepth}"
#   meta:
#     ucd: stat.error;src.var.amplitude
solution_id,source_id,global_ranking,reference_time,frequency,frequency_error,geom_model_reference_level,geom_model_reference_level_error,geom_model_gaussian1_phase,geom_model_gaussian1_phase_error,geom_model_gaussian1_sigma,geom_model_gaussian1_sigma_error,geom_model_gaussian1_depth,geom_model_gaussian1_depth_error,geom_model_gaussian2_phase,geom_model_gaussian2_phase_error,geom_model_gaussian2_sigma,geom_model_gaussian2_sigma_error,geom_model_gaussian2_depth,geom_model_gaussian2_depth_error,geom_model_cosine_half_period_amplitude,geom_model_cosine_half_period_amplitude_error,geom_model_cosine_half_period_phase,geom_model_cosine_half_period_phase_error,model_type,num_model_parameters,reduced_chi2,derived_primary_ecl_phase,derived_primary_ecl_phase_error,derived_primary_ecl_duration,derived_primary_ecl_duration_error,derived_primary_ecl_depth,derived_primary_ecl_depth_error,derived_secondary_ecl_phase,derived_secondary_ecl_phase_error,derived_secondary_ecl_duration,derived_secondary_ecl_duration_error,derived_secondary_ecl_depth,derived_secondary_ecl_depth_error
[from data line 667]
375316653866487564,5958080032956721920,0.5130907,2352.94566537676,0.7384861297673587,6.643395E-5,17.761541,0.004995935,0.53961456,0.028563123,0.031215299,0.024437046,0.43953636,4.8312232E12,0.83775693,0.008197035,0.049028836,0.0055620433,0.2364531,0.069504224,0.012479673,0.0077059316,0.53961456,0.028563123,"TWOGAUSSIANS_WITH_ELLIPSOIDAL_ON_ECLIPSE1",9,2.5066006,0.53961456,0.028563123,0.17480567,0.13684747,0.4644956,4.8312232E12,0.8386769,0.0074985307,0.27456146,0.031147443,0.23870905,0.06830076
375316653866487564,5958080101676233472,0.49703354,2394.154423902615,3.7297315270049083,2.2413378E-5,19.544704,0.031464033,0.2682392,0.009900978,0.08131132,0.01410336,0.50882244,0.055605143,0.7380542,0.009386558,0.0674171,0.009654073,0.44280338,0.066563234,null,null,null,null,"TWOGAUSSIANS",8,6.6278358,0.2682392,0.009900978,0.4,0.0,0.5071671,0.055843413,0.7380542,0.009386558,0.37753576,0.048519213,0.44114807,0.06644115
375316653866487564,5958080101711524736,0.59263706,2420.565055896524,2.331309721545321,5.6495405E-6,17.543741,0.010804729,0.27141368,0.0021725248,0.08976394,0.0036210446,0.46873212,0.012062339,0.75922114,0.0016423496,0.08423922,0.0036862574,0.45027915,0.016511532,null,null,null,null,"TWOGAUSSIANS",8,8.814362,0.27141368,0.0021725248,0.4,0.0,0.45665905,0.011083749,0.75922114,0.0016423496,0.4,0.0,0.4382063,0.01688204
375316653866487564,5958080136036240000,0.43332592,2495.098021921237,1.3003607467360954,7.089847E-5,18.67164,0.010444515,0.28194064,0.023502108,0.03355563,0.02926542,0.1328695,0.103618704,0.7936058,0.027830731,0.05980829,0.024825953,0.15755495,0.058502525,null,null,null,null,"TWOGAUSSIANS",8,5.7003045,0.7936058,0.027830731,0.33492646,0.13902533,0.15755486,0.05850287,0.28194064,0.023502108,0.18791154,0.16388635,0.13286941,0.10362046
375316653866487564,5958080136071297408,0.5423552,2415.062074905469,1.5682348639531838,1.3508863E-5,17.323862,0.0044829105,0.23778318,0.004265077,0.08883677,0.0043934616,0.18790531,0.007918369,0.740352,0.003868164,0.08746622,0.004968986,0.20358218,0.006663641,null,null,null,null,"TWOGAUSSIANS",8,5.287363,0.740352,0.003868164,0.4,0.0,0.19685806,0.006566545,0.23778318,0.004265077,0.4,0.0,0.18118118,0.0076747993
375316653866487564,5958080410913860736,0.4903828,2431.2703035934383,1.8761979917765788,6.511814E-6,18.58997,0.010998528,0.20579511,0.0027173734,0.067040816,0.006038586,0.2289051,0.012186653,0.7087718,0.009847893,0.0707326,0.012659794,0.09275479,0.01302765,null,null,null,null,"TWOGAUSSIANS",8,3.097051,0.20579511,0.0027173734,0.3754286,0.03381608,0.2285412,0.012170569,0.7087718,0.009847893,0.39610258,0.047352,0.092390895,0.012941871
375316653866487564,5958080445273706496,0.47528213,2458.570328479296,2.2828824982813143,1.78721E-5,18.987267,0.018509839,0.21230078,0.004820397,0.09038123,0.01019287,0.28739113,0.035456724,0.73480123,0.0074917898,0.094610445,0.014206955,0.21244164,0.028397158,null,null,null,null,"TWOGAUSSIANS",8,4.1080613,0.21230078,0.004820397,0.4,0.0,0.27829143,0.03672107,0.73480123,0.0074917898,0.4,0.0,0.20334153,0.029605342
375316653866487564,5958080509660230272,0.42663085,2417.3955776278385,0.2393560302787387,3.657128E-5,18.970198,0.023034668,0.16430204,0.0117235575,0.08665247,0.036854573,0.19883354,0.046939794,0.6734005,0.011400988,0.044003837,0.02024303,0.37607116,0.25735143,null,null,null,null,"TWOGAUSSIANS",8,9.038775,0.6734005,0.011400988,0.24642147,0.11336097,0.37583858,0.2579719,0.16430204,0.0117235575,0.4,0.0,0.19860095,0.0495237
375316653866487564,5958080960670188032,0.46763518,2457.0922759612013,0.523097792706195,1.2325599E-5,17.846155,0.014106546,0.19990289,0.0826819,0.13004996,0.10050998,0.046079602,0.035494782,0.9144022,0.0029493277,0.01837354,0.0016235212,0.39461425,0.055380482,null,null,null,null,"TWOGAUSSIANS",8,17.878437,0.9144622,0.0029316559,0.102891825,0.009091719,0.39869937,0.057228267,0.19990289,0.0826819,0.4,0.02411616,0.046022747,0.035553604
375316653866487564,5958081025056209152,0.56064254,2445.4116620578634,3.294630733861401,1.3213459E-5,18.698511,0.013332249,0.17421809,0.0033265017,0.07621245,0.004179204,0.525848,0.017237727,0.66052514,0.0030701614,0.07932571,0.0037338885,0.53213567,0.015604576,null,null,null,null,"TWOGAUSSIANS",8,4.5401917,0.66052514,0.0030701614,0.4,0.0,0.52760804,0.0145977875,0.17421809,0.0033265017,0.4,0.0,0.5213203,0.016469985
375316653866487564,5958081201188530304,0.49950677,2471.526831836387,2.8974461654740407,1.8329758E-5,19.45843,0.033149626,0.21485637,0.007868401,0.08205902,0.010791399,0.48947328,0.068549044,0.7141629,0.0039463723,0.08958382,0.013748218,0.4015183,0.03364994,null,null,null,null,"TWOGAUSSIANS",8,5.5807047,0.21485637,0.007868401,0.4,0.0,0.47696787,0.06780645,0.7141629,0.0039463723,0.4,0.0,0.38901272,0.036554597
375316653866487564,5958081437349862144,0.64664525,2417.6271584481874,1.975090636676359,5.3316953E-6,15.376214,0.01142974,0.22857232,0.0017633399,0.05482181,0.010647835,0.08851001,0.023811802,0.73272073,0.015421062,0.06122191,0.024164654,0.075411834,0.024766883,0.088435076,0.013077207,0.22857232,0.0017633399,"TWOGAUSSIANS_WITH_ELLIPSOIDAL_ON_ECLIPSE1",9,12.336505,0.22857232,0.0017633399,0.30700213,0.059627876,0.2653638,0.0049625626,0.73272073,0.010152415,0.34284267,0.10016908,0.2521455,0.016417593
375316653866487564,5958081613506990336,0.6003703,2419.0455144892226,1.762504927986158,4.7942553E-6,17.799213,0.0102580935,0.23134166,0.0033628768,0.1094044,0.007962787,0.24728547,0.013549799,0.7286142,0.0010542095,0.08500337,0.0036150161,0.3116337,0.009119644,null,null,null,null,"TWOGAUSSIANS",8,1.9323572,0.7286142,0.0010542095,0.4,0.0,0.29257336,0.0071441284,0.23134166,0.0033628768,0.4,0.0,0.22821064,0.015150078
375316653866487564,5958081780953955584,0.5495628,2431.5669336072156,2.056668968499528,1.4732861E-5,16.432299,0.08556086,0.29165268,0.004338289,0.10607277,0.016525974,0.31744775,0.08097596,0.78824455,0.0052981656,0.1313709,0.03413434,0.2517516,0.08143305,null,null,null,null,"TWOGAUSSIANS",8,26.512934,0.29168266,0.0043677096,0.4,0.0,0.25953734,0.013615627,0.78824455,0.0052981656,0.4,0.0,0.19348903,0.011588265
375316653866487564,5958081819665575808,0.5134803,2422.6942071173135,2.1528986615803514,1.6179207E-5,19.666664,0.01386107,0.2560251,0.006934054,0.08294721,0.0070843827,0.50201744,0.031721354,0.7557331,0.0043038465,0.07625606,0.0074923243,0.50050193,0.042971265,null,null,null,null,"TWOGAUSSIANS",8,2.7522776,0.2560251,0.006934054,0.4,0.0,0.49483275,0.03225284,0.7557331,0.0043038465,0.4,0.0,0.49331722,0.04543355
375316653866487564,5958081991462601344,0.53705865,2468.438068685873,3.142688010764686,1.509623E-5,19.705715,0.021220867,0.20338592,0.010109385,0.083399884,0.012531143,0.4463271,0.02121151,0.7025062,0.0024058137,0.07295997,0.009029267,0.5117356,0.045468304,null,null,null,null,"TWOGAUSSIANS",8,2.1597297,0.7025062,0.0024058137,0.4,0.033990603,0.5061288,0.04688638,0.20338592,0.010109385,0.4,0.0,0.44072026,0.01884056
375316653866487564,5958082369420203136,0.504294,2423.190654640899,0.1344711874809342,3.5021853E-6,18.984343,0.0029459775,0.41649544,0.007906859,0.010295845,0.029112827,0.3369081,0.3128237,0.91966355,3.8115548E-5,0.0026629784,7.7352786E-5,0.94358623,0.07140728,null,null,null,null,"TWOGAUSSIANS",8,1.8123746,0.91966355,3.8115548E-5,0.014912679,4.3317562E-4,0.94358623,0.07140728,0.41649544,0.007906859,0.05765673,0.16303183,0.3369081,0.3128237
375316653866487564,5958082816096720640,0.5229589,2447.6992602302457,3.0846530400945325,1.0282488E-5,19.2862,0.012334027,0.30902165,0.0026580743,0.08239249,0.004297112,0.44348136,0.011818647,0.7911916,0.0033591422,0.08138731,0.0045828614,0.48827323,0.034119587,null,null,null,null,"TWOGAUSSIANS",8,2.9123213,0.7911916,0.0033591422,0.4,0.0,0.48199484,0.034602676,0.30902165,0.0026580743,0.4,0.0,0.43720293,0.010401463
375316653866487564,5958082816131253632,0.4681464,2429.907903186232,1.258040732196092,3.5097182E-5,16.085472,0.001266194,0.3713182,0.00395146,0.032724824,0.005913718,0.057957537,0.009699381,0.8681138,9.375621E-4,0.00968819,0.0045071715,0.017617222,0.011304038,null,null,null,null,"TWOGAUSSIANS",8,8.269823,0.3713182,0.00395146,0.18325903,0.03311682,0.057957537,0.009699381,0.8681138,9.375621E-4,0.05425387,0.025240159,0.017617222,0.011304038
375316653866487564,5958083056615105024,0.45017326,2397.8187250021992,0.03886952686278182,2.9111658E-5,19.185585,0.48357633,0.30301344,0.0044353814,0.08163415,0.0141603965,0.35771182,0.10953855,0.77864474,0.009155453,0.29166108,0.1633644,0.53140074,0.47840127,null,null,null,null,"TWOGAUSSIANS",8,2.250862,0.30582345,0.0042809914,0.4,0.0,0.2657026,0.036067285,0.77864474,0.009155453,0.4,0.0,0.19602345,0.031844217
375316653866487564,5958083159728487936,0.50420684,2379.1670909220716,3.3828137980596305,9.5657515E-6,18.083557,0.019869553,0.20307076,0.008328779,0.07953977,0.013589347,0.2826311,0.035125505,0.6864673,0.0032691103,0.08793607,0.0072105415,0.3591286,0.022635259,null,null,null,null,"TWOGAUSSIANS",8,17.33981,0.6864673,0.0032691103,0.4,0.0,0.35363263,0.020910416,0.20307076,0.008328779,0.4,0.0,0.27713522,0.035823956
375316653866487564,5958083297167456128,0.4829294,2384.0446468460586,2.6271690072426273,2.2436509E-5,16.962818,0.13861334,0.32791305,0.0066565573,0.11339989,0.019516658,0.30843613,0.11846247,0.80771124,0.009026892,0.16211087,0.05229553,0.28407046,0.13569325,null,null,null,null,"TWOGAUSSIANS",8,28.310486,0.32936305,0.0049156765,0.4,0.0,0.21718258,0.012025147,0.80771124,0.009026892,0.4,0.0,0.18763362,0.015172341
375316653866487564,5958083365852998912,0.5590524,2380.292639397438,2.799286285087725,1.0397125E-5,19.45983,0.0067908033,0.25299945,0.0024119872,0.073179655,0.004088848,0.62231326,0.02996609,0.75504684,0.002993199,0.06902418,0.0028032756,0.5022951,0.010622611,null,null,null,null,"TWOGAUSSIANS",8,2.5519078,0.25299945,0.0024119872,0.4,0.002639297,0.62010986,0.030532219,0.75504684,0.002993199,0.3865354,0.015698344,0.5000917,0.010478371
375316653866487564,5958083606371410048,0.5284201,2394.8291058757795,2.516979504954742,1.9074614E-5,19.423014,0.009590139,0.31134167,0.0036436717,0.08363197,0.00821626,0.30399713,0.0325864,0.7967053,0.004471381,0.083922714,0.0052976334,0.32395077,0.016496891,null,null,null,null,"TWOGAUSSIANS",8,2.1719844,0.7967053,0.004471381,0.4,0.0,0.31833768,0.015632942,0.31134167,0.0036436717,0.4,0.0,0.29838404,0.03471624
375316653866487564,5958083812529522304,0.46113557,2417.50603647534,3.0160394849900727,2.7665928E-5,19.227797,0.004558353,0.22720717,0.004480744,0.04413492,0.15532501,0.0034324452,0.0132233305,null,null,null,null,null,null,0.08606787,0.0046468433,0.22720717,0.004480744,"ONEGAUSSIAN_WITH_ELLIPSOIDAL",6,3.7453043,0.22720717,0.004480744,0.24715555,0.3808105,0.17556782,0.012907055,null,null,null,null,null,null
375316653866487564,5958083846889504640,0.4849389,2465.3250556452,2.7902791002999234,1.1731613E-5,19.70447,0.03653944,0.21431743,0.009463871,0.07803576,0.015273859,0.3878371,0.044058066,0.74085677,0.0043417457,0.07926192,0.011539438,0.45215458,0.035768006,null,null,null,null,"TWOGAUSSIANS",8,5.2254887,0.74085677,0.0043417457,0.4,0.0,0.44906422,0.035757646,0.21431743,0.009463871,0.4,0.0,0.38474676,0.04338871
375316653866487564,5958083949968812672,0.6644998,2437.147653465618,0.5503954836513536,1.031377E-6,16.417582,0.0032877692,0.15653184,0.0031491898,0.043991912,0.0034596187,0.062492352,0.01579931,0.6571336,2.979354E-4,0.043864544,5.579729E-4,0.6185518,0.008317873,0.020864619,0.0044811885,0.15653184,0.0031491898,"TWOGAUSSIANS_WITH_ELLIPSOIDAL_ON_ECLIPSE1",9,4.9051657,0.6571336,2.959129E-4,0.24564144,0.003124648,0.66028035,0.0069257203,0.15653184,0.0031491898,0.24635471,0.019373866,0.10422151,0.01213691
375316653866487564,5958083949969681280,0.6365444,2447.8919467340993,0.021226151968056224,4.1209536E-5,16.906181,0.002682573,0.1907235,5.917704E-7,0.0020083736,8.396947E-6,0.59594184,0.002139373,0.90842384,0.004632414,0.03257159,0.015088347,0.020098865,0.017650748,null,null,null,null,"TWOGAUSSIANS",8,4.1430845,0.1907235,5.917704E-7,0.011246893,4.7022906E-5,0.59594184,0.002139373,0.90842384,0.004632414,0.18240091,0.08449474,0.020098865,0.017650748
375316653866487564,5958084121767546880,0.45854294,2518.3468743287926,2.6676783547628573,2.1242384E-5,19.395653,0.014510093,0.34809384,0.0062922807,0.088871606,0.007490092,0.3336261,0.029935053,0.78595287,0.0069409804,0.042942908,0.022896554,0.27522445,30.23666,null,null,null,null,"TWOGAUSSIANS",8,2.9707658,0.34809384,0.0062922807,0.4,0.0,0.33356002,0.029923953,0.78595287,0.0069409804,0.24048027,0.1282207,0.27516013,30.236723
375316653866487564,5958084224847241984,0.47220144,2463.896527039616,0.211188239581149,2.6375992E-5,19.764006,0.01617184,0.05230343,0.010391603,0.03426536,0.017859593,0.12634319,0.07330473,0.5504188,0.011360666,0.14107351,0.013642165,0.33861226,0.018797275,null,null,null,null,"TWOGAUSSIANS",8,2.2730508,0.5504188,0.011360666,0.4,0.0,0.3309758,0.015819076,0.052313432,0.010489324,0.19188602,0.100013725,0.119975686,0.07827541
375316653866487564,5958084259205689472,0.45823455,2422.0463371707915,2.192357215654758,5.574182E-5,19.309042,0.022222687,0.25589216,0.0085691195,0.07529809,0.010431795,0.2359134,0.02817417,0.7411078,0.013709308,0.09655493,0.029538572,0.14247307,0.024401944,null,null,null,null,"TWOGAUSSIANS",8,4.1710925,0.25589216,0.008568726,0.4,0.0,0.23197635,0.023547752,0.7411078,0.013709308,0.4,0.0,0.13853547,0.023950698
375316653866487564,5958084289208324992,0.5832183,2410.930675023382,0.36025686577976773,5.219259E-5,16.325735,8.027123E-4,0.13044833,0.019438945,0.029011345,0.024028447,0.0066642007,0.08455071,0.6265508,0.0010904205,0.018515836,0.001828379,0.19555038,0.014051294,9.056941E-4,0.0014472802,0.6265508,0.0010904205,"TWOGAUSSIANS_WITH_ELLIPSOIDAL_ON_ECLIPSE2",9,3.7106333,0.6265508,0.0010904205,0.10368869,0.010238922,0.19736177,0.0146162985,0.13037832,0.0189785,0.16246353,0.1345593,0.0084745195,0.08449563
375316653866487564,5958084465400260224,0.43688753,2410.303462996178,2.2100948013984434,2.9283612E-5,18.85928,0.14136292,0.29347965,0.008996597,0.10657565,0.040638655,0.27536774,0.1306302,0.7760174,0.009850705,0.095476486,0.056465324,0.30416045,0.088626176,null,null,null,null,"TWOGAUSSIANS",8,16.383764,0.7760174,0.009850705,0.4,0.0,0.28249323,0.062373653,0.29347965,0.008850638,0.4,0.0,0.25368968,0.034687698
375316653866487564,5958084671556959232,0.4339931,2394.697996538293,2.505729346292187,5.578477E-5,17.697744,0.012183209,0.1873722,0.012767156,0.028711973,0.020981677,0.08393354,0.051567033,0.77525085,0.011262057,0.018519035,0.021827923,0.08328737,4901.726,0.06342081,0.013496042,0.1873722,0.012767156,"TWOGAUSSIANS_WITH_ELLIPSOIDAL_ON_ECLIPSE1",9,67.64709,0.1873722,0.012767156,0.16078705,0.117497385,0.21077514,0.053679794,0.77525085,0.011262057,0.10370659,0.12223637,0.17523141,4901.7266
375316653866487564,5958084877682324864,0.45685804,2431.543161098723,0.7965209718745714,6.135769E-5,18.555172,0.0057563814,0.3335583,0.01684507,0.038637288,0.014552296,0.17492479,0.020619974,0.83705497,0.014852133,0.07493882,0.0138496505,0.062666684,0.015566249,null,null,null,null,"TWOGAUSSIANS",8,5.7758904,0.3335583,0.01684507,0.21636882,0.081492856,0.17491584,0.020605814,0.83705497,0.014852133,0.4,0.01079754,0.062657714,0.0155664375
375316653866487564,5958084877682360448,0.47295272,2349.7208959418595,0.05886898223090017,2.2180275E-5,18.348991,0.0073248344,0.21810229,0.0026113507,0.009648204,0.0017407659,0.3364511,0.12095024,0.57694715,0.009925317,0.032325618,0.009218237,0.06694181,0.022937035,null,null,null,null,"TWOGAUSSIANS",8,10.813088,0.21810229,0.0026113507,0.05402994,0.009748289,0.3364511,0.12095024,0.57694715,0.009925317,0.18102346,0.05162213,0.06694181,0.022937035
