Gaia/vari_eclipsing_binary/VariEclipsingBinary_764185-764265.csv
# %ECSV 1.0
# ---
# delimiter: ','
# meta: !!omap
# - RELEASE: Gaia DR3
# - TABLE: vari_eclipsing_binary
# - DESCRIPTION: >
#     This table describes the properties of the eclipsing binaries resulting from the variability analysis. 
# - CITATION: >
#     How to cite and acknowledge Gaia: 
#     https://gea.esac.esa.int/archive/documentation/credits.html 
# - KNOWN_ISSUES: >
#     Known issues: 
#     https://www.cosmos.esa.int/web/gaia-users/known-issues 
# - DOCUMENTATION: >
#     Tutorials and documentation: 
#     https://www.cosmos.esa.int/web/gaia-users/archive 
# datatype:
# - 
#   name: solution_id
#   datatype: int64
#   description: Solution Identifier
#   meta:
#     ucd: meta.version
# - 
#   name: source_id
#   datatype: int64
#   description: Unique source identifier
#   meta:
#     ucd: meta.id;meta.main
# - 
#   name: global_ranking
#   datatype: float32
#   description: Number between 0 (worst) and 1 (best)
#   meta:
#     ucd: stat.param
# - 
#   name: reference_time
#   datatype: float64
#   unit: d
#   description: Reference time used for the geometric model fit
#   meta:
#     ucd: time.epoch
# - 
#   name: frequency
#   datatype: float64
#   unit: d**-1
#   description: Frequency of geometric model of the eclipsing binary light curve
#   meta:
#     ucd: src.orbital
# - 
#   name: frequency_error
#   datatype: float32
#   unit: d**-1
#   description: "Uncertainty of \\texttt{frequency}"
#   meta:
#     ucd: stat.error
# - 
#   name: geom_model_reference_level
#   datatype: float32
#   unit: mag
#   description: Magnitude reference level of geometric model
#   meta:
#     ucd: phot.mag;em.opt
# - 
#   name: geom_model_reference_level_error
#   datatype: float32
#   unit: mag
#   description: "Uncertainty of \\texttt{geomModelReferenceLevel}"
#   meta:
#     ucd: stat.error;phot.mag;em.opt
# - 
#   name: geom_model_gaussian1_phase
#   datatype: float32
#   description: Phase of the Gaussian 1 component
#   meta:
#     ucd: time.phase
# - 
#   name: geom_model_gaussian1_phase_error
#   datatype: float32
#   description: "Uncertainty of \\texttt{geomModelGaussian1Phase}"
#   meta:
#     ucd: stat.error;time.phase
# - 
#   name: geom_model_gaussian1_sigma
#   datatype: float32
#   description: "Standard deviation [phase] of Gaussian 1 component"
#   meta:
#     ucd: stat.stdev
# - 
#   name: geom_model_gaussian1_sigma_error
#   datatype: float32
#   description: "Uncertainty of \\texttt{geomModelGaussian1Sigma}"
#   meta:
#     ucd: stat.error
# - 
#   name: geom_model_gaussian1_depth
#   datatype: float32
#   unit: mag
#   description: Magnitude depth of Gaussian 1 component
#   meta:
#     ucd: src.var.amplitude
# - 
#   name: geom_model_gaussian1_depth_error
#   datatype: float32
#   unit: mag
#   description: "Uncertainty of \\texttt{geomModelGaussian1Depth}"
#   meta:
#     ucd: stat.error;src.var.amplitude
# - 
#   name: geom_model_gaussian2_phase
#   datatype: float32
#   description: Phase of Gaussian 2 component
#   meta:
#     ucd: time.phase
# - 
#   name: geom_model_gaussian2_phase_error
#   datatype: float32
#   description: "Uncertainty of \\texttt{geomModelGaussian2Phase}"
#   meta:
#     ucd: stat.error;time.phase
# - 
#   name: geom_model_gaussian2_sigma
#   datatype: float32
[...]
#   datatype: float32
#   description: "Secondary eclipse: uncertainty of \\texttt{derivedSecondaryEclDuration}"
#   meta:
#     ucd: stat.error;time.duration
# - 
#   name: derived_secondary_ecl_depth
#   datatype: float32
#   unit: mag
#   description: "Secondary eclipse: depth"
#   meta:
#     ucd: src.var.amplitude
# - 
#   name: derived_secondary_ecl_depth_error
#   datatype: float32
#   unit: mag
#   description: "Secondary eclipse: uncertainty of \\texttt{derivedSecondaryEclDepth}"
#   meta:
#     ucd: stat.error;src.var.amplitude
solution_id,source_id,global_ranking,reference_time,frequency,frequency_error,geom_model_reference_level,geom_model_reference_level_error,geom_model_gaussian1_phase,geom_model_gaussian1_phase_error,geom_model_gaussian1_sigma,geom_model_gaussian1_sigma_error,geom_model_gaussian1_depth,geom_model_gaussian1_depth_error,geom_model_gaussian2_phase,geom_model_gaussian2_phase_error,geom_model_gaussian2_sigma,geom_model_gaussian2_sigma_error,geom_model_gaussian2_depth,geom_model_gaussian2_depth_error,geom_model_cosine_half_period_amplitude,geom_model_cosine_half_period_amplitude_error,geom_model_cosine_half_period_phase,geom_model_cosine_half_period_phase_error,model_type,num_model_parameters,reduced_chi2,derived_primary_ecl_phase,derived_primary_ecl_phase_error,derived_primary_ecl_duration,derived_primary_ecl_duration_error,derived_primary_ecl_depth,derived_primary_ecl_depth_error,derived_secondary_ecl_phase,derived_secondary_ecl_phase_error,derived_secondary_ecl_duration,derived_secondary_ecl_duration_error,derived_secondary_ecl_depth,derived_secondary_ecl_depth_error
[from data line 369]
375316653866487564,6722351424363212672,0.64609313,2244.477349387191,3.532471788216559,8.233902E-6,16.375454,0.0112158805,0.1938422,0.0025314481,0.043808263,0.008712537,0.30630037,0.024226569,0.693792,0.0076700198,0.0430759,0.010457618,0.22605546,0.025969898,0.13922083,0.01499152,0.1938422,0.0025314481,"TWOGAUSSIANS_WITH_ELLIPSOIDAL_ON_ECLIPSE1",9,15.538372,0.1938422,0.0025314481,0.24532627,0.048790205,0.5847419,0.014960895,0.693802,0.0063240277,0.24122503,0.05856266,0.50449693,0.01758896
375316653866487564,6722355577590594304,0.4585866,2257.643325431579,1.0051373550270915,6.516241E-6,19.66526,0.0794226,0.32753503,0.049315963,0.2348475,0.1824232,0.09481385,0.06822881,0.7984067,0.0048909103,0.036060113,0.0059995456,0.29158536,0.029081756,null,null,null,null,"TWOGAUSSIANS",8,2.8942308,0.7984067,0.0048909103,0.20193665,0.033597454,0.28584155,0.023154363,0.32753503,0.049315963,0.4,0.0,0.06889704,0.027098138
375316653866487564,6722356367863137536,0.55850035,2241.8635105426,3.6036787856360477,1.2972705E-5,18.657284,0.011353599,0.21657659,0.0039829947,0.09138992,0.004374373,0.54215586,0.02515467,0.70798016,0.0019739536,0.06839021,0.0023969796,0.490035,0.011788514,null,null,null,null,"TWOGAUSSIANS",8,4.813601,0.21657659,0.0039829947,0.4,0.0,0.53567684,0.02474885,0.70798016,0.0019739536,0.3829852,0.013423086,0.4835564,0.010027673
375316653866487564,6722358360731582848,0.45768255,2276.3119460605294,0.9709306441795565,6.975849E-5,17.848011,0.05503519,0.06615554,0.049326323,0.09547163,0.19316241,0.07710661,0.05162484,0.3248823,0.028690951,0.08544702,0.036327045,0.12678625,0.03522945,null,null,null,null,"TWOGAUSSIANS",8,9.413791,0.3248823,0.028690951,0.4,0.030708816,0.12870276,0.01240509,0.07284554,0.047093324,0.4,0.12500742,0.07850976,0.011020778
375316653866487564,6722359979937948928,0.6364166,2225.436673026933,2.5046803570780223,7.9008305E-6,13.743759,0.0050453073,0.15769954,0.0023532552,0.08968173,0.0043504937,0.18060066,0.00663034,0.65349245,0.0019087613,0.0924503,0.0027319188,0.22000377,0.0061309426,null,null,null,null,"TWOGAUSSIANS",8,30.068478,0.65349245,0.0019087613,0.4,0.0,0.21135773,0.004874493,0.15769954,0.0023532552,0.4,0.0,0.17195477,0.006397096
375316653866487564,6722366748806837632,0.51920897,2290.42027172882,2.416070787243188,3.4739314E-5,14.849662,0.009199355,0.2014247,0.011821053,0.083421804,0.007905329,0.19958845,0.016942803,0.69821817,0.0045794593,0.088495985,0.008544034,0.16674162,0.01184415,null,null,null,null,"TWOGAUSSIANS",8,42.842422,0.2014247,0.011821053,0.4,0.0,0.19457664,0.014310691,0.69821817,0.0045794593,0.4,0.0,0.16172978,0.0125705665
375316653866487564,6722367225540458112,0.5164245,2276.6193758142363,3.22624960565649,2.060461E-5,18.39857,0.004450694,null,null,null,null,null,null,null,null,null,null,null,null,0.106067024,0.00686793,0.29063326,0.0049033174,"ELLIPSOIDAL",4,5.1851187,null,null,null,null,null,null,null,null,null,null,null,null
375316653866487564,6722369600665118720,0.4827691,2234.7603021509376,1.1794641941773278,1.1705763E-4,16.508177,0.0056516766,0.45901796,0.011307927,0.102446645,0.016819073,0.095000595,0.0108986925,0.83562696,0.054310106,0.04777616,0.05527546,0.05688109,0.03430498,null,null,null,null,"TWOGAUSSIANS",8,18.390131,0.45901796,0.01120944,0.4,0.0,0.09497311,0.010837213,0.83562696,0.054310106,0.2675465,0.16624226,0.056964062,0.034417015
375316653866487564,6722373856969638272,0.6359371,2307.2141258126653,1.7954628955609448,3.620091E-5,11.718661,0.0017342002,0.6264721,0.08305179,0.15461946,0.10811245,0.005387754,0.0023838903,0.36171672,7.662913E-4,0.032262146,0.0011290492,0.56005806,0.019114075,null,null,null,null,"TWOGAUSSIANS",8,66.635956,0.36174673,7.609826E-4,0.18066803,0.0063226754,0.5612443,0.019031933,0.6264721,0.08305179,0.4,0.0,0.005329983,0.0023234277
375316653866487564,6722378873492620928,0.5574486,2210.284346992821,3.3327705064351303,3.3916465E-5,14.5211,0.073482044,0.33679646,0.014593452,0.013358936,0.027691137,0.4845587,0.3257991,0.8371738,0.008424545,0.03490735,0.019346138,0.41151866,0.08305935,0.19072774,0.0834165,0.33679646,0.014593452,"TWOGAUSSIANS_WITH_ELLIPSOIDAL_ON_ECLIPSE1",9,2769.8303,0.33679646,0.014593452,0.07481004,0.15507036,0.8660135,0.3306993,0.8371738,0.0067748395,0.19548115,0.10833838,0.7929714,0.115524575
375316653866487564,6722379285808717184,0.5107707,2257.9356069783403,0.28298946033255146,4.7103556E-5,17.332596,0.00382384,0.3971917,0.02641595,0.10093731,0.023484802,0.02129156,0.006566632,0.81470716,0.006051843,0.006860442,0.002076015,0.35736802,0.2828105,null,null,null,null,"TWOGAUSSIANS",8,7.0077996,0.81470716,0.006051843,0.038418476,0.011625685,0.35737193,0.28281212,0.3971917,0.02641595,0.4,0.0,0.02129136,0.0065654116
375316653866487564,6722383963035799296,0.7881984,2246.812478193765,0.6726597319198707,2.5590373E-6,14.453053,3.358668E-4,0.5374814,1.0026095E-6,0.0031814435,2.778873E-6,0.9118724,3.4611198E-4,null,null,null,null,null,null,null,null,null,null,"ONEGAUSSIAN",5,2.928564,0.5374814,1.0026095E-6,0.017816084,1.5561689E-5,0.9118724,0.0,null,null,null,null,null,null
375316653866487564,6722385887176889472,0.5089855,2237.0350315622236,0.19250978736902535,4.8000333E-5,18.413052,0.005483843,0.4084739,0.002969151,0.031783044,0.0015168197,0.81378967,0.084342465,null,null,null,null,null,null,null,null,null,null,"ONEGAUSSIAN",5,5.3048086,0.4084739,0.002969151,0.17798506,0.008494191,0.81378967,0.0,null,null,null,null,null,null
375316653866487564,6722391792752270208,0.54473644,2226.726212836313,0.5880790851036511,1.04152896E-4,16.973848,0.0037891413,0.14130326,0.0019509116,0.028261034,0.0026139314,0.51623684,0.039797176,0.46631375,0.015519517,0.07621237,0.016151335,0.056085948,0.012364801,null,null,null,null,"TWOGAUSSIANS",8,10.651128,0.14130326,0.0019509116,0.15826179,0.014638015,0.51624316,0.03979957,0.46631375,0.015519517,0.4,0.050930854,0.056085948,0.012364801
375316653866487564,6722392583028192128,0.7005007,2205.2511269777797,0.23851469402913883,2.9189412E-5,16.524582,0.0014374877,0.42058805,4.71561E-7,0.011278335,2.0624786E-5,0.5941944,0.0013456773,null,null,null,null,null,null,null,null,null,null,"ONEGAUSSIAN",5,3.7790751,0.42058805,4.71561E-7,0.063158676,1.154988E-4,0.5941944,0.0,null,null,null,null,null,null
375316653866487564,6722392583028207488,0.6248449,2196.510435401284,0.35234992344779814,1.5184513E-4,16.475195,9.5921557E-4,0.67302024,1.3780539E-4,0.012706942,1.6762762E-4,0.29037982,0.00123279,0.1582373,0.10070864,0.0867942,0.07267523,0.003964083,0.001918498,null,null,null,null,"TWOGAUSSIANS",8,2.4083114,0.67302024,1.3780539E-4,0.07115888,9.3871466E-4,0.29037982,0.0012328415,0.1582373,0.10070864,0.4,0.2965246,0.0039640684,0.0019185239
375316653866487564,6722393308884867712,0.5729288,2208.352899667081,1.7328685676854576,9.22118E-6,15.455214,0.0070024417,0.33334574,0.004963013,0.06514152,0.01854318,0.06265565,0.016182633,0.7938005,0.012838699,0.054228473,0.018148962,0.04293935,0.013944154,0.05083653,0.009851829,0.33334574,0.004963013,"TWOGAUSSIANS_WITH_ELLIPSOIDAL_ON_ECLIPSE1",9,16.44318,0.33334574,0.004963013,0.3647925,0.06310263,0.16428933,0.016227253,0.8079905,0.008226274,0.30367944,0.10163419,0.14056912,0.008181062
375316653866487564,6722393888698409728,0.55244154,2193.298669974719,2.56493059721331,2.0400656E-5,17.815409,0.016337061,0.160099,0.005432674,0.053694837,0.011320946,0.14638704,0.09919221,0.60367346,9.30211E-5,0.011169983,0.0011345311,0.20588346,0.034572773,0.11214085,0.024791839,0.160099,0.005432674,"TWOGAUSSIANS_WITH_ELLIPSOIDAL_ON_ECLIPSE1",9,18.567804,0.6042235,3.474866E-5,0.0625519,0.006353374,0.4033861,0.013490902,0.160099,0.005432674,0.3006911,0.063397296,0.3706656,0.08807205
375316653866487564,6722394266655622144,0.47954798,2185.7550629968046,0.40242640143783676,2.6686977E-5,18.153307,0.1593587,0.4052824,0.017051706,0.23354714,0.105524875,0.16814068,0.15256913,0.8179607,7.715135E-4,0.0108910035,0.001476319,0.089408815,0.018500838,null,null,null,null,"TWOGAUSSIANS",8,4.5554986,0.4052824,0.017051706,0.4,0.0,0.13418004,0.011786824,0.8179607,7.715135E-4,0.06098962,0.008267387,0.09782358,0.018443884
375316653866487564,6722396396957265536,0.5204413,2184.826449149877,2.7275793780020603,2.2302811E-5,17.442299,0.03487345,0.28097382,0.010833274,0.085473046,0.014601373,0.40470743,0.034098774,0.7627652,0.0075160186,0.08190716,0.011859295,0.35700876,0.04807751,null,null,null,null,"TWOGAUSSIANS",8,38.584423,0.28097382,0.010833274,0.4,0.0,0.39839813,0.02856827,0.7627652,0.0075160186,0.4,0.0,0.3506995,0.04640777
375316653866487564,6722396568760407040,0.593409,2297.3232793401003,1.8948911600103506,1.0531033E-5,18.170706,0.010390916,0.2676248,0.01067856,0.043941848,0.008422894,0.46572375,0.08062882,0.7652519,0.0068647796,0.051488206,0.00750556,0.15930542,0.027586572,null,null,null,null,"TWOGAUSSIANS",8,3.2440498,0.2676248,0.01067856,0.24607435,0.04716821,0.46572328,0.08063013,0.7652519,0.0068647796,0.28833395,0.042031135,0.15930492,0.027586458
375316653866487564,6722397530833208832,0.6038302,2255.702623982673,2.3574366164941516,7.63073E-6,15.846295,0.018374484,0.31100324,0.0037399102,0.079924114,0.0032281831,0.49724537,0.025359774,0.8176719,0.0021389585,0.08698238,0.004658918,0.49403578,0.019367302,null,null,null,null,"TWOGAUSSIANS",8,42.294506,0.31100324,0.0037399102,0.4,0.0,0.48736656,0.02322456,0.8176719,0.0021389585,0.4,0.0,0.48415688,0.018876493
375316653866487564,6722406915340743040,0.56304896,2295.225053909837,2.8069372386681777,1.5675852E-5,18.94295,0.00991896,0.26843747,0.0029810427,0.07497325,0.008581969,0.48122108,0.0693392,0.7705156,0.0013822056,0.081022106,0.0035785458,0.49754488,0.020484297,null,null,null,null,"TWOGAUSSIANS",8,2.1880696,0.7705156,0.0013822056,0.4,0.0,0.4920351,0.02156837,0.26843747,0.0029810427,0.4,0.0,0.4757113,0.07298754
375316653866487564,6722413954785453184,0.5665909,2297.0373764333954,2.9847336255360766,2.3635364E-5,18.10978,0.0101853,0.2837785,0.009494728,0.072895505,0.010349342,0.3156807,0.02883469,0.7970587,0.0076138834,0.08591301,0.00816424,0.2643001,0.01642199,null,null,null,null,"TWOGAUSSIANS",8,4.682416,0.2837785,0.009494728,0.4,0.0063404622,0.3126039,0.031900305,0.7970587,0.0076138834,0.4,0.0,0.26122326,0.016280102
375316653866487564,6722419624146207360,0.50284314,2291.6453995015013,0.182643870193636,4.647291E-5,19.513796,0.002846897,0.2670925,0.021100838,0.072973795,0.020641016,0.10134947,0.022189045,0.67595077,0.012700759,0.041997075,0.015645452,0.17330728,0.020526804,null,null,null,null,"TWOGAUSSIANS",8,0.7911674,0.67595077,0.012700759,0.23518363,0.08761453,0.17330687,0.0205277,0.2670925,0.021100838,0.4,0.0984597,0.10134904,0.022188803
375316653866487564,6722421891889038208,0.51797837,2309.6795942219087,3.659683634155758,2.6449054E-5,19.138975,0.014129427,0.33622366,0.008713664,0.10941599,0.014364229,0.14910153,0.015444535,0.79758215,0.0071978658,0.08127112,0.01075463,0.11630106,0.014117646,null,null,null,null,"TWOGAUSSIANS",8,0.93125737,0.33622366,0.008713664,0.4,0.0,0.14419124,0.013359604,0.79758215,0.0071978658,0.4,0.0,0.111412115,0.009629759
375316653866487564,6722422720822806784,0.5412712,2297.134510781921,3.896183596147195,3.4906425E-5,19.595467,0.024906868,0.3089672,0.0100162,0.07650994,0.01256944,0.58164805,0.03987745,0.8047992,0.012135814,0.08523461,0.012567305,0.523283,0.050814155,null,null,null,null,"TWOGAUSSIANS",8,3.1548975,0.3089672,0.0100162,0.4,0.021589043,0.5731213,0.040001422,0.8047992,0.012135814,0.4,0.0,0.5147562,0.051464777
375316653866487564,6722424056551732352,0.61713636,2288.2595283540545,3.5866371808832653,6.4176224E-6,17.693073,0.0077282665,0.1524157,0.003296305,0.074330054,0.0032630556,0.52214885,0.022381213,0.6483422,0.00242544,0.07062119,0.0026417843,0.48387963,0.015489484,null,null,null,null,"TWOGAUSSIANS",8,5.809447,0.1524157,0.003296305,0.4,0.0,0.51976883,0.02295633,0.6483422,0.00242544,0.39547867,0.013171272,0.48149958,0.015413355
375316653866487564,6722424468868652800,0.5662014,2309.4020175537157,1.6023145505603542,5.1320218E-5,17.490377,0.0035354663,0.30397457,0.0053346776,0.048158452,0.004725679,0.26811424,0.047467165,0.7920324,0.0016031202,0.037427764,0.0010308507,0.4330693,0.008847979,null,null,null,null,"TWOGAUSSIANS",8,6.692792,0.7920324,0.0016031202,0.20959549,0.005772764,0.43306926,0.008847973,0.30397457,0.0053346776,0.26968732,0.026463801,0.26811424,0.04746719
375316653866487564,6722424541879314816,0.56021583,2261.9790637889755,4.0411271490317136,3.1285064E-5,19.248907,0.012163354,0.14806624,0.0039227954,0.056843687,0.003986902,0.5806852,0.060997434,0.65070313,0.009651923,0.06727296,0.008882943,0.6200234,0.07096468,null,null,null,null,"TWOGAUSSIANS",8,2.2728786,0.65070313,0.009651923,0.3767286,0.035578363,0.6196941,0.07134436,0.14806624,0.0039227954,0.31832463,0.022326652,0.5803559,0.061078053
375316653866487564,6722427771702334208,0.556022,2278.805297352288,2.6473593528214248,2.6426631E-5,15.8186035,0.011000592,0.24869561,0.0040652733,0.041420646,0.012082828,0.14808305,0.02942825,0.7278797,0.03507424,0.049791697,0.022595445,0.22128932,0.09496779,0.10102767,0.019982474,0.24869561,0.0040652733,"TWOGAUSSIANS_WITH_ELLIPSOIDAL_ON_ECLIPSE1",9,88.15637,0.73101974,0.01901181,0.2788335,0.12653449,0.42042223,0.093945414,0.24869561,0.0040652733,0.23195562,0.06766383,0.35013756,0.020458471
375316653866487564,6722429008652716672,0.47154427,2288.8040294756393,0.1828040586491913,2.3741137E-5,19.10769,0.22390354,0.23537715,0.026113274,0.2371943,0.1397795,0.23855522,0.21650605,0.76975363,0.004130593,0.05687719,0.01167002,0.28812227,0.033592965,null,null,null,null,"TWOGAUSSIANS",8,2.7445197,0.7710137,0.0033211159,0.31851226,0.06535211,0.26060465,0.023845976,0.23537715,0.026113274,0.4,0.0,0.15744191,0.023343395
375316653866487564,6722429764567156224,0.5256748,2295.8404972034414,2.4956618294723647,4.1032545E-5,14.885975,1.3557091,0.31252918,0.009283764,0.14335951,0.11518818,0.5178223,1.2988061,0.81991637,0.0069544343,0.12275882,0.08280935,0.48753655,1.1223835,null,null,null,null,"TWOGAUSSIANS",8,263.15915,0.3124492,0.009155236,0.4,0.0,0.3550381,0.0418415,0.8202264,0.006110149,0.4,0.0,0.326903,0.04200445
375316653866487564,6722430073804797440,0.4425658,2294.440742093732,2.746555025010607,5.4702505E-5,13.708808,0.017728306,0.27206007,0.04228146,0.09478672,0.026759043,0.22225723,0.03373591,0.7451294,0.017454436,0.08916957,0.016814768,0.20457673,0.05878041,null,null,null,null,"TWOGAUSSIANS",8,188.10522,0.27206007,0.04228146,0.4,0.0,0.21520162,0.032072112,0.7451294,0.017454436,0.4,0.0,0.19752187,0.06118819
375316653866487564,6722431821849093760,0.63427275,2278.0366859951378,3.61512045133681,5.5626165E-6,17.567759,0.0034097177,0.48080206,0.019430304,0.054022986,0.007252813,0.7137957,0.1416617,0.18687935,0.0035460438,0.0071011563,0.0020615337,0.060857087,0.01853849,null,null,null,null,"TWOGAUSSIANS",8,5.482436,0.48080206,0.019430304,0.30252874,0.040615752,0.7137957,0.1416617,0.18687935,0.0035460438,0.039766476,0.011544588,0.060857356,0.018538442
375316653866487564,6722437667302064896,0.4758619,2305.190248218487,3.72394750798069,6.984687E-5,19.856205,0.029923717,0.24315344,0.0095696,0.070214845,0.01754645,0.33093876,0.07509318,0.7214103,0.013787352,0.060238432,0.03332865,0.4537704,0.16927442,null,null,null,null,"TWOGAUSSIANS",8,3.1483753,0.7214103,0.013787352,0.33733523,0.09557668,0.4535141,0.17669603,0.24315344,0.0095696,0.39320314,0.060785927,0.33068246,0.07573621
375316653866487564,6722441511295943808,0.6252047,2209.327188260209,2.300165071228939,7.4744694E-6,16.107216,0.011946326,0.23209625,0.0032926921,0.038028236,0.010884733,0.08471583,0.025159959,0.71661043,0.0046059103,0.06472023,0.055897973,0.01579024,0.030514853,0.07126037,0.014425996,0.71661043,0.0046059103,"TWOGAUSSIANS_WITH_ELLIPSOIDAL_ON_ECLIPSE2",9,6.4838915,0.22960626,0.001894807,0.21295813,0.060954504,0.22609788,0.007901216,0.71661043,0.0046059103,0.36243325,0.29854187,0.15830186,0.021929387
