Gaia/vari_eclipsing_binary/VariEclipsingBinary_466638-466653.csv
# %ECSV 1.0
# ---
# delimiter: ','
# meta: !!omap
# - RELEASE: Gaia DR3
# - TABLE: vari_eclipsing_binary
# - DESCRIPTION: >
#     This table describes the properties of the eclipsing binaries resulting from the variability analysis. 
# - CITATION: >
#     How to cite and acknowledge Gaia: 
#     https://gea.esac.esa.int/archive/documentation/credits.html 
# - KNOWN_ISSUES: >
#     Known issues: 
#     https://www.cosmos.esa.int/web/gaia-users/known-issues 
# - DOCUMENTATION: >
#     Tutorials and documentation: 
#     https://www.cosmos.esa.int/web/gaia-users/archive 
# datatype:
# - 
#   name: solution_id
#   datatype: int64
#   description: Solution Identifier
#   meta:
#     ucd: meta.version
# - 
#   name: source_id
#   datatype: int64
#   description: Unique source identifier
#   meta:
#     ucd: meta.id;meta.main
# - 
#   name: global_ranking
#   datatype: float32
#   description: Number between 0 (worst) and 1 (best)
#   meta:
#     ucd: stat.param
# - 
#   name: reference_time
#   datatype: float64
#   unit: d
#   description: Reference time used for the geometric model fit
#   meta:
#     ucd: time.epoch
# - 
#   name: frequency
#   datatype: float64
#   unit: d**-1
#   description: Frequency of geometric model of the eclipsing binary light curve
#   meta:
#     ucd: src.orbital
# - 
#   name: frequency_error
#   datatype: float32
#   unit: d**-1
#   description: "Uncertainty of \\texttt{frequency}"
#   meta:
#     ucd: stat.error
# - 
#   name: geom_model_reference_level
#   datatype: float32
#   unit: mag
#   description: Magnitude reference level of geometric model
#   meta:
#     ucd: phot.mag;em.opt
# - 
#   name: geom_model_reference_level_error
#   datatype: float32
#   unit: mag
#   description: "Uncertainty of \\texttt{geomModelReferenceLevel}"
#   meta:
#     ucd: stat.error;phot.mag;em.opt
# - 
#   name: geom_model_gaussian1_phase
#   datatype: float32
#   description: Phase of the Gaussian 1 component
#   meta:
#     ucd: time.phase
# - 
#   name: geom_model_gaussian1_phase_error
#   datatype: float32
#   description: "Uncertainty of \\texttt{geomModelGaussian1Phase}"
#   meta:
#     ucd: stat.error;time.phase
# - 
#   name: geom_model_gaussian1_sigma
#   datatype: float32
#   description: "Standard deviation [phase] of Gaussian 1 component"
#   meta:
#     ucd: stat.stdev
# - 
#   name: geom_model_gaussian1_sigma_error
#   datatype: float32
#   description: "Uncertainty of \\texttt{geomModelGaussian1Sigma}"
#   meta:
#     ucd: stat.error
# - 
#   name: geom_model_gaussian1_depth
#   datatype: float32
#   unit: mag
#   description: Magnitude depth of Gaussian 1 component
#   meta:
#     ucd: src.var.amplitude
# - 
#   name: geom_model_gaussian1_depth_error
#   datatype: float32
#   unit: mag
#   description: "Uncertainty of \\texttt{geomModelGaussian1Depth}"
#   meta:
#     ucd: stat.error;src.var.amplitude
# - 
#   name: geom_model_gaussian2_phase
#   datatype: float32
#   description: Phase of Gaussian 2 component
#   meta:
#     ucd: time.phase
# - 
#   name: geom_model_gaussian2_phase_error
#   datatype: float32
#   description: "Uncertainty of \\texttt{geomModelGaussian2Phase}"
#   meta:
#     ucd: stat.error;time.phase
# - 
#   name: geom_model_gaussian2_sigma
#   datatype: float32
[...]
#   datatype: float32
#   description: "Secondary eclipse: uncertainty of \\texttt{derivedSecondaryEclDuration}"
#   meta:
#     ucd: stat.error;time.duration
# - 
#   name: derived_secondary_ecl_depth
#   datatype: float32
#   unit: mag
#   description: "Secondary eclipse: depth"
#   meta:
#     ucd: src.var.amplitude
# - 
#   name: derived_secondary_ecl_depth_error
#   datatype: float32
#   unit: mag
#   description: "Secondary eclipse: uncertainty of \\texttt{derivedSecondaryEclDepth}"
#   meta:
#     ucd: stat.error;src.var.amplitude
solution_id,source_id,global_ranking,reference_time,frequency,frequency_error,geom_model_reference_level,geom_model_reference_level_error,geom_model_gaussian1_phase,geom_model_gaussian1_phase_error,geom_model_gaussian1_sigma,geom_model_gaussian1_sigma_error,geom_model_gaussian1_depth,geom_model_gaussian1_depth_error,geom_model_gaussian2_phase,geom_model_gaussian2_phase_error,geom_model_gaussian2_sigma,geom_model_gaussian2_sigma_error,geom_model_gaussian2_depth,geom_model_gaussian2_depth_error,geom_model_cosine_half_period_amplitude,geom_model_cosine_half_period_amplitude_error,geom_model_cosine_half_period_phase,geom_model_cosine_half_period_phase_error,model_type,num_model_parameters,reduced_chi2,derived_primary_ecl_phase,derived_primary_ecl_phase_error,derived_primary_ecl_duration,derived_primary_ecl_duration_error,derived_primary_ecl_depth,derived_primary_ecl_depth_error,derived_secondary_ecl_phase,derived_secondary_ecl_phase_error,derived_secondary_ecl_duration,derived_secondary_ecl_duration_error,derived_secondary_ecl_depth,derived_secondary_ecl_depth_error
[from data line 418]
375316653866487564,4104683962656321024,0.49387658,2180.75017047017,0.7097051415144431,6.485413E-5,18.802849,0.014238629,0.5058767,0.03553202,0.08127231,0.049771816,0.07519266,0.09907619,0.77240396,5.564425E-4,0.015019017,5.188474E-4,0.60582626,0.019263897,null,null,null,null,"TWOGAUSSIANS",8,5.4723773,0.77240396,5.564425E-4,0.0841065,0.0029055453,0.6061737,0.019531202,0.5058767,0.03553202,0.4,0.19608493,0.07519266,0.09907619
375316653866487564,4104684168766775040,0.4976284,2271.2819526051035,0.6629641539618419,7.342808E-5,17.882086,0.013127882,0.18790045,0.07262048,0.04207261,0.041548118,0.6419822,1020036.4,0.6818102,0.01060641,0.06880318,0.009812997,0.22370197,0.01748562,null,null,null,null,"TWOGAUSSIANS",8,32.243565,0.18790045,0.07262048,0.23560663,0.23266946,0.64196306,1020036.4,0.6818102,0.01060641,0.38529778,0.053618185,0.22368284,0.017456913
375316653866487564,4104684374973860096,0.47393557,2282.6547130535037,3.3343777188143626,4.544628E-5,18.218523,0.24290535,0.27108094,0.016309034,0.11526782,0.056033075,0.24544418,0.23796944,0.7596238,0.014787976,0.11010581,0.054706294,0.30998114,0.22451444,null,null,null,null,"TWOGAUSSIANS",8,13.741464,0.7596238,0.014787976,0.4,0.0,0.26823616,0.04737929,0.27110094,0.016339699,0.4,0.0,0.2036782,0.035654727
375316653866487564,4104684409285003904,0.4793807,2239.8300804335986,2.604207330371508,1.0101685E-4,18.344135,0.0028351229,0.21168756,0.011397176,0.023060419,0.0048107426,0.20496944,0.06944186,0.7037874,0.09990576,0.045308545,0.0713719,0.019546164,0.5925943,null,null,null,null,"TWOGAUSSIANS",8,1.9913182,0.21168756,0.011397176,0.12913835,0.02694016,0.20496944,0.06944186,0.7037874,0.09990576,0.25372785,0.39162263,0.019546164,0.5925943
375316653866487564,4104684409333311104,0.42685837,2247.505067978716,4.361952156269587,4.0816198E-5,14.640486,0.029601032,0.19012937,0.0057971585,0.0654565,0.014498104,0.36669323,0.058314554,0.5455773,0.016114512,0.05743853,0.019483423,0.24561113,0.1368876,null,null,null,null,"TWOGAUSSIANS",8,102.9075,0.19012937,0.0057971585,0.3665564,0.05635586,0.36669257,0.058321413,0.5455773,0.016114512,0.32165575,0.10910717,0.24561064,0.13688745
375316653866487564,4104684993448499968,0.48647624,2223.052131119849,2.500185816053675,1.4497583E-5,17.775232,0.00271984,0.80947816,0.0038123296,0.015720496,0.013761089,0.049890522,8.597757,null,null,null,null,null,null,0.056414146,0.0053012804,0.80947816,0.0038123296,"ONEGAUSSIAN_WITH_ELLIPSOIDAL",6,4.380707,0.80947816,0.0038123296,0.08803477,0.0770621,0.16271879,8.596076,null,null,null,null,null,null
375316653866487564,4104685263949851520,0.51843554,2255.7980927988283,2.176715237110039,4.6548506E-5,17.453712,0.05633619,0.16569147,0.0055947765,0.095292814,0.021278393,0.19197455,0.052952763,0.683856,0.011947451,0.11295909,0.035575036,0.19250028,0.05483809,null,null,null,null,"TWOGAUSSIANS",8,6.7968535,0.683856,0.011982263,0.4,0.0,0.17517327,0.018754106,0.16566145,0.0051824045,0.4,0.0,0.17467366,0.016566874
375316653866487564,4104685268279159808,0.4326713,2276.1711502177805,0.9049797910861379,5.2633783E-5,18.901659,0.005270447,0.17349625,0.0031532296,0.0050871726,0.0016670666,0.1094476,0.054189034,0.56351614,0.08392697,0.07156075,0.032427907,0.14289941,0.100657634,null,null,null,null,"TWOGAUSSIANS",8,1.9948163,0.56351614,0.08392697,0.4,0.03714055,0.14289941,0.10065301,0.17349625,0.0031523143,0.028488167,0.009335573,0.10944764,0.054460872
375316653866487564,4104685371358478464,0.49975973,2262.55428550188,0.20402721115979272,5.0802257E-5,19.637964,0.051531263,0.39389622,0.034835014,0.04461093,0.01650329,0.5590185,0.49399406,0.81823736,0.014834789,0.1003059,0.018324997,0.4288916,0.080786884,null,null,null,null,"TWOGAUSSIANS",8,3.2745519,0.3939062,0.034849547,0.2498212,0.092418425,0.5587536,0.49473703,0.81823736,0.014834789,0.4,0.0,0.428571,0.07955441
375316653866487564,4104685508797417728,0.5109789,2245.523509479746,3.431921840963541,1.5196499E-5,18.99085,0.11308908,0.30471662,0.008691184,0.12283437,0.037315287,0.27808028,0.110975526,0.80927044,0.0063926633,0.099130884,0.024639584,0.31384593,0.10669151,null,null,null,null,"TWOGAUSSIANS",8,3.0952342,0.80929047,0.006338426,0.4,0.0,0.27005932,0.017438058,0.30471662,0.008712879,0.4,0.0,0.23415372,0.015104
375316653866487564,4104685680596362624,0.5492445,2228.2253707789264,1.8086311264062191,2.4732992E-5,18.51308,0.008209526,0.23048279,0.007575804,0.0891248,0.0070500313,0.36362305,0.027606606,0.7172515,0.0037232032,0.06851395,0.005806497,0.382228,0.021608397,null,null,null,null,"TWOGAUSSIANS",8,3.4121616,0.7172515,0.0037232032,0.38367814,0.032516383,0.37855378,0.022390814,0.23048279,0.007575804,0.4,0.0,0.3599487,0.02802637
375316653866487564,4104685744986315264,0.5557248,2184.419105887053,1.8709546298997273,4.96623E-5,18.940107,0.0066685355,0.21787712,0.020628372,0.05462095,0.009613446,0.4251643,0.13275535,0.7483952,0.032461796,0.06456805,0.031631842,0.15996143,0.14461906,null,null,null,null,"TWOGAUSSIANS",8,1.9801966,0.21787712,0.020628372,0.30587733,0.053835295,0.42513964,0.13258106,0.7483952,0.032461796,0.36158106,0.09051892,0.15993674,0.14476141
375316653866487564,4104685916786664320,0.49185312,2253.059132154505,0.13584331169346933,6.5494176E-5,19.296982,0.0154098505,0.36428258,0.05979974,0.020768447,0.06017468,0.407205,0.4330372,0.7738811,0.13242383,0.06389899,0.037926335,0.9416245,0.51256794,null,null,null,null,"TWOGAUSSIANS",8,2.3870518,0.7738811,0.13242383,0.35783434,0.21238747,0.9416245,0.51258093,0.36428258,0.05979974,0.1163033,0.28690213,0.407205,0.43329877
375316653866487564,4104685921113543936,0.4624,2288.045153148396,0.33981520513010144,4.1880947E-5,19.367834,0.27624077,0.2486861,0.021470476,0.13494165,0.03478746,0.5968507,0.26757264,0.7657156,0.0084557,0.14827174,0.052996483,0.6055579,0.24770062,null,null,null,null,"TWOGAUSSIANS",8,2.777986,0.7662856,0.008116516,0.4,0.0,0.3800188,0.07715235,0.2475961,0.021941142,0.4,0.0,0.37434468,0.08170151
375316653866487564,4104686299131045888,0.56260484,2290.228552779569,2.4336651658552486,1.2739469E-5,18.999392,0.009632644,0.19799712,0.002818227,0.08155837,0.005509182,0.2780304,0.013080732,0.69814575,5.8118376E-4,0.057149597,0.0026295427,0.33711684,0.0061329138,null,null,null,null,"TWOGAUSSIANS",8,1.2367532,0.69814575,5.8118376E-4,0.32003772,0.014725439,0.33622912,0.0061198226,0.19799712,0.002818227,0.4,0.0,0.27714264,0.013078902
375316653866487564,4104686333478723584,0.46057317,2278.7389767846985,2.590432470314078,1.2250326E-5,17.652813,0.003917297,0.22743843,0.024764571,0.02273148,0.011096574,0.22272389,0.11352357,0.72436726,0.027680542,0.05642355,0.031988382,0.046272628,0.059699316,null,null,null,null,"TWOGAUSSIANS",8,2.2415595,0.22743843,0.024764571,0.12729628,0.062140815,0.22272387,0.113523565,0.72436726,0.027680542,0.31597188,0.17801628,0.046272628,0.05969932
375316653866487564,4104686363461559808,0.48576012,2253.493096047062,3.2088425934047815,4.6361904E-5,18.618235,0.03307452,0.23074058,0.023744103,0.077467166,0.020884054,0.42986968,0.06373983,0.70591855,0.0071599614,0.084664665,0.015341548,0.47047758,0.036400795,null,null,null,null,"TWOGAUSSIANS",8,18.530224,0.70591855,0.0071599614,0.4,0.0,0.46570128,0.033924587,0.23074058,0.023744103,0.4,0.027592117,0.42509344,0.06396584
375316653866487564,4104686436557853952,0.48064786,2265.161869574512,0.31320926719770964,7.2279676E-5,16.718088,0.012857034,0.29751506,0.010625187,0.09837178,0.018216122,0.06544862,0.013913972,0.79166794,0.018220047,0.12218676,0.07130286,0.035029937,0.0117855845,null,null,null,null,"TWOGAUSSIANS",8,4.002844,0.29752505,0.010634354,0.4,0.0,0.058962267,0.0084459465,0.79166794,0.018225932,0.4,0.07829969,0.028527437,0.00993886
375316653866487564,4104687188096992256,0.47488847,2251.415000997418,2.329335356076,7.4197924E-5,18.572878,0.01996783,0.29199538,0.017997205,0.06724976,0.022945581,0.19229768,0.02311383,0.79239,0.009180159,0.07859763,0.0140011655,0.17561471,0.0230444,null,null,null,null,"TWOGAUSSIANS",8,3.9242187,0.29199538,0.017997205,0.37659866,0.064601295,0.19128373,0.021555487,0.79239,0.009180159,0.4,0.0,0.17460077,0.021295829
375316653866487564,4104687261144455168,0.43807432,2262.5630230312363,1.1691538580749343,4.0422015E-5,19.893456,0.09816673,0.20304568,0.00135559,0.032485075,0.018304113,0.25686762,0.058456082,0.5621882,0.028148301,0.064781,0.09616588,0.17492029,0.09485303,null,null,null,null,"TWOGAUSSIANS",8,3.2744164,0.20304568,0.0024684304,0.18191643,0.10250304,0.25686765,0.06320742,0.5621882,0.028148301,0.36277363,0.27712783,0.17492029,0.09268334
375316653866487564,4104687295504184704,0.5238428,2276.4306921223892,1.7428566300992072,2.0791778E-5,18.245169,0.018918298,0.16116518,0.004147779,0.093327925,0.010193512,0.2563319,0.018877005,0.65127414,0.016562536,0.101967916,0.024158733,0.20759071,0.016702142,null,null,null,null,"TWOGAUSSIANS",8,3.751459,0.16116518,0.0041474216,0.4,0.0,0.24118012,0.016309088,0.65127414,0.016562536,0.4,0.0,0.19243655,0.01617209
375316653866487564,4104687467302260992,0.50550175,2283.4008665342258,0.6300094699246263,1.01162324E-4,18.575,0.029730642,0.34700474,0.009465653,0.06220873,0.014333666,0.14662865,0.028043507,0.83110243,0.022579292,0.13616075,0.063894615,0.09660068,0.01932357,null,null,null,null,"TWOGAUSSIANS",8,1.0594947,0.34707472,0.009432792,0.3483689,0.08026853,0.14007708,0.02113099,0.83110243,0.022579292,0.4,0.0,0.08980147,0.013705513
375316653866487564,4104687810900288768,0.48145357,2241.724061169296,3.6899250637800374,3.1117517E-5,19.059702,0.7033184,0.27328464,0.008804564,0.10635373,0.045875814,0.6591308,0.25697312,0.80487823,0.0316023,0.25034937,0.15773667,0.7299105,0.681926,null,null,null,null,"TWOGAUSSIANS",8,7.801671,0.26718464,0.00560752,0.4,0.047310207,0.43277162,0.061391473,0.80501825,0.031514354,0.4,0.0,0.29979876,0.052136082
375316653866487564,4104687810900335744,0.42835304,2246.1523342333967,0.079474306755799,9.689129E-5,18.84828,0.021275805,0.41675436,0.027808297,0.065788634,0.017744303,0.1998958,0.10095578,0.6701796,0.016480738,0.084153466,0.03771607,0.115716174,0.014878567,null,null,null,null,"TWOGAUSSIANS",8,4.6287804,0.41774437,0.026081411,0.36841634,0.09931954,0.20115861,0.101324655,0.6701796,0.016480738,0.4,0.0,0.11583482,0.014743076
375316653866487564,4104688085786981248,0.48219314,2289.0709475195417,2.7440709448491973,8.4834384E-5,18.85986,0.006564474,0.2695834,0.030226037,0.052550804,0.037676454,0.11585612,0.020701032,0.78268194,0.020004993,0.04993526,0.021922406,0.113531664,0.024918916,null,null,null,null,"TWOGAUSSIANS",8,2.3383234,0.2695834,0.030226037,0.2942845,0.108235925,0.11585529,0.020969957,0.78268194,0.020004993,0.27963743,0.122765474,0.11353084,0.024893394
375316653866487564,4104688115802990976,0.5007282,2320.5075185491496,0.8663743075966565,6.4298256E-5,16.24447,0.0071688686,0.23795642,0.01855286,0.054499943,0.05128415,0.055337835,0.023534708,0.73643047,0.0065395623,0.06506237,0.008426517,0.08027565,0.006633563,null,null,null,null,"TWOGAUSSIANS",8,8.051628,0.73643047,0.0065395623,0.36434928,0.047188498,0.08025526,0.005745014,0.23795642,0.01855286,0.30519968,0.1247578,0.055317447,0.024832416
375316653866487564,4104688154506341120,0.54760385,2291.54781545859,2.187621377598206,2.2148473E-5,17.939428,0.034527026,0.2498467,0.007529264,0.09453527,0.015617859,0.21407428,0.03837021,0.7426855,0.0073968554,0.08704154,0.021486627,0.44171426,0.0863053,null,null,null,null,"TWOGAUSSIANS",8,7.529667,0.7426855,0.0073968554,0.4,0.0,0.42961362,0.102302045,0.2498467,0.0075294836,0.4,0.0,0.20197332,0.026907187
375316653866487564,4104688253242053248,0.52912873,2274.284721324722,2.896243075396547,2.5628484E-5,15.6477785,0.017563194,0.21981244,0.00622648,0.09636434,0.0113002425,0.19675958,0.017833235,0.6970602,0.0066912742,0.1066526,0.0093980385,0.2290102,0.018401928,null,null,null,null,"TWOGAUSSIANS",8,56.57613,0.6970602,0.0066912742,0.4,0.0,0.21354857,0.011751382,0.21983244,0.006235345,0.4,0.0,0.18130861,0.012397846
375316653866487564,4104688360669752960,0.4851465,2351.8176005843075,4.751435905984042,7.793916E-5,19.247435,0.0066033434,0.27191895,0.00879159,0.07409455,0.014420924,0.25497958,0.57258666,0.643361,4.6455298E-4,0.0144865075,0.00161412,0.100860275,0.001721299,null,null,null,null,"TWOGAUSSIANS",8,1.9584782,0.27191895,0.00879159,0.4,0.062473353,0.25497958,0.57258666,0.643361,4.6455298E-4,0.08112444,0.009039071,0.10086116,0.0017228774
375316653866487564,4104688429389870848,0.5802328,2337.447063693979,2.0037081104934815,3.8432892E-5,18.895575,0.02790589,0.2574463,0.00815762,0.08397511,0.010888807,0.3924479,0.026388997,0.7543066,0.01888748,0.08493538,0.016687281,0.3810691,0.083923556,null,null,null,null,"TWOGAUSSIANS",8,3.0239108,0.2574463,0.00815762,0.4,0.0,0.38329247,0.020666711,0.7543066,0.01888748,0.4,0.0,0.37191367,0.08298218
375316653866487564,4104688532463749632,0.5342905,2403.1964485442463,4.442159451118658,4.835447E-5,19.647108,0.022177905,0.5326861,0.007509544,0.13484403,0.018692873,0.30980334,0.023211077,0.9312782,0.023948565,0.0727901,0.026267972,0.106509164,0.021964174,null,null,null,null,"TWOGAUSSIANS",8,1.067329,0.5326861,0.007509544,0.4,0.0,0.3036688,0.02158198,0.9312782,0.023948565,0.4,0.12224267,0.10431347,0.020926088
375316653866487564,4104688566823206784,0.52687496,2367.2342165818363,3.704950510206641,3.1908745E-5,19.286356,0.028850077,0.32795322,0.040025957,0.060525518,0.02164452,0.65254664,0.17800924,0.82933205,0.042228814,0.07226409,0.013390279,0.541461,0.28694752,null,null,null,null,"TWOGAUSSIANS",8,7.1681967,0.32795322,0.040025957,0.3389429,0.116877906,0.6516054,0.17719018,0.82933205,0.042228814,0.4,0.032244556,0.5405198,0.28705645
375316653866487564,4104688772976917632,0.5628872,2280.0750223382906,0.20666633453573444,3.0828356E-5,19.228886,0.019782625,0.24388729,0.026877642,0.10590388,0.026011439,0.24965273,0.0709718,0.7825481,0.054362386,0.035829213,0.01630787,0.80693346,1.7506633,null,null,null,null,"TWOGAUSSIANS",8,1.4491538,0.7825481,0.054362386,0.20064358,0.091324076,0.80653507,1.7418724,0.24388729,0.026877642,0.4,0.0,0.24923487,0.07021595
375316653866487564,4104688876060976640,0.52290165,2243.105182944406,2.4585063163782217,3.5025587E-5,18.225323,0.04316096,0.24957713,0.011885602,0.11425359,0.02827094,0.14305913,0.04271435,0.73653895,0.0048389486,0.1151163,0.016569939,0.17789502,0.04234437,null,null,null,null,"TWOGAUSSIANS",8,2.489589,0.73653895,0.0048389486,0.4,0.0,0.15179145,0.0090589635,0.24962714,0.011874809,0.4,0.0,0.116965145,0.011573003
375316653866487564,4104688910420808960,0.4624377,2276.6518254483212,0.5157167218625579,3.453465E-5,18.488596,0.008856892,0.32568538,0.017325828,0.06781761,0.020712186,0.09414278,0.015427691,0.6567388,0.021698236,0.073983885,0.017673684,0.27009258,0.033972118,null,null,null,null,"TWOGAUSSIANS",8,5.966147,0.6567388,0.021698236,0.4,0.077854924,0.27008843,0.033961575,0.32572538,0.017390784,0.37977865,0.05513835,0.09415015,0.015437571
375316653866487564,4104688944785841536,0.5393081,2334.5438956484304,1.594280892327742,3.710953E-5,19.559528,0.027551133,0.14097665,0.005401167,0.028323771,0.011782772,1.6710654,1.3930677,0.79789144,0.019359922,0.0987366,0.0154923685,0.52262104,0.050987516,null,null,null,null,"TWOGAUSSIANS",8,1.6127528,0.14095666,0.0053278715,0.15861312,0.06598353,1.6723113,1.3930528,0.79789144,0.019359922,0.4,0.0,0.522618,0.050984394
375316653866487564,4104689013495261440,0.5001262,2262.185613441023,3.661166310633292,2.473019E-5,19.508339,0.017145721,0.28101227,0.0019663011,0.06448664,0.0040739984,0.5246434,0.028365435,0.7996431,0.009848296,0.06156395,0.0106935045,0.47373965,0.07584348,null,null,null,null,"TWOGAUSSIANS",8,4.749255,0.28101227,0.0019663011,0.36112517,0.022814393,0.524433,0.028376728,0.7996431,0.009848296,0.34475812,0.059883624,0.47352922,0.07593613
