Gaia/vari_eclipsing_binary/VariEclipsingBinary_057994-058131.csv
# %ECSV 1.0
# ---
# delimiter: ','
# meta: !!omap
# - RELEASE: Gaia DR3
# - TABLE: vari_eclipsing_binary
# - DESCRIPTION: >
#     This table describes the properties of the eclipsing binaries resulting from the variability analysis. 
# - CITATION: >
#     How to cite and acknowledge Gaia: 
#     https://gea.esac.esa.int/archive/documentation/credits.html 
# - KNOWN_ISSUES: >
#     Known issues: 
#     https://www.cosmos.esa.int/web/gaia-users/known-issues 
# - DOCUMENTATION: >
#     Tutorials and documentation: 
#     https://www.cosmos.esa.int/web/gaia-users/archive 
# datatype:
# - 
#   name: solution_id
#   datatype: int64
#   description: Solution Identifier
#   meta:
#     ucd: meta.version
# - 
#   name: source_id
#   datatype: int64
#   description: Unique source identifier
#   meta:
#     ucd: meta.id;meta.main
# - 
#   name: global_ranking
#   datatype: float32
#   description: Number between 0 (worst) and 1 (best)
#   meta:
#     ucd: stat.param
# - 
#   name: reference_time
#   datatype: float64
#   unit: d
#   description: Reference time used for the geometric model fit
#   meta:
#     ucd: time.epoch
# - 
#   name: frequency
#   datatype: float64
#   unit: d**-1
#   description: Frequency of geometric model of the eclipsing binary light curve
#   meta:
#     ucd: src.orbital
# - 
#   name: frequency_error
#   datatype: float32
#   unit: d**-1
#   description: "Uncertainty of \\texttt{frequency}"
#   meta:
#     ucd: stat.error
# - 
#   name: geom_model_reference_level
#   datatype: float32
#   unit: mag
#   description: Magnitude reference level of geometric model
#   meta:
#     ucd: phot.mag;em.opt
# - 
#   name: geom_model_reference_level_error
#   datatype: float32
#   unit: mag
#   description: "Uncertainty of \\texttt{geomModelReferenceLevel}"
#   meta:
#     ucd: stat.error;phot.mag;em.opt
# - 
#   name: geom_model_gaussian1_phase
#   datatype: float32
#   description: Phase of the Gaussian 1 component
#   meta:
#     ucd: time.phase
# - 
#   name: geom_model_gaussian1_phase_error
#   datatype: float32
#   description: "Uncertainty of \\texttt{geomModelGaussian1Phase}"
#   meta:
#     ucd: stat.error;time.phase
# - 
#   name: geom_model_gaussian1_sigma
#   datatype: float32
#   description: "Standard deviation [phase] of Gaussian 1 component"
#   meta:
#     ucd: stat.stdev
# - 
#   name: geom_model_gaussian1_sigma_error
#   datatype: float32
#   description: "Uncertainty of \\texttt{geomModelGaussian1Sigma}"
#   meta:
#     ucd: stat.error
# - 
#   name: geom_model_gaussian1_depth
#   datatype: float32
#   unit: mag
#   description: Magnitude depth of Gaussian 1 component
#   meta:
#     ucd: src.var.amplitude
# - 
#   name: geom_model_gaussian1_depth_error
#   datatype: float32
#   unit: mag
#   description: "Uncertainty of \\texttt{geomModelGaussian1Depth}"
#   meta:
#     ucd: stat.error;src.var.amplitude
# - 
#   name: geom_model_gaussian2_phase
#   datatype: float32
#   description: Phase of Gaussian 2 component
#   meta:
#     ucd: time.phase
# - 
#   name: geom_model_gaussian2_phase_error
#   datatype: float32
#   description: "Uncertainty of \\texttt{geomModelGaussian2Phase}"
#   meta:
#     ucd: stat.error;time.phase
# - 
#   name: geom_model_gaussian2_sigma
#   datatype: float32
[...]
#   datatype: float32
#   description: "Secondary eclipse: uncertainty of \\texttt{derivedSecondaryEclDuration}"
#   meta:
#     ucd: stat.error;time.duration
# - 
#   name: derived_secondary_ecl_depth
#   datatype: float32
#   unit: mag
#   description: "Secondary eclipse: depth"
#   meta:
#     ucd: src.var.amplitude
# - 
#   name: derived_secondary_ecl_depth_error
#   datatype: float32
#   unit: mag
#   description: "Secondary eclipse: uncertainty of \\texttt{derivedSecondaryEclDepth}"
#   meta:
#     ucd: stat.error;src.var.amplitude
solution_id,source_id,global_ranking,reference_time,frequency,frequency_error,geom_model_reference_level,geom_model_reference_level_error,geom_model_gaussian1_phase,geom_model_gaussian1_phase_error,geom_model_gaussian1_sigma,geom_model_gaussian1_sigma_error,geom_model_gaussian1_depth,geom_model_gaussian1_depth_error,geom_model_gaussian2_phase,geom_model_gaussian2_phase_error,geom_model_gaussian2_sigma,geom_model_gaussian2_sigma_error,geom_model_gaussian2_depth,geom_model_gaussian2_depth_error,geom_model_cosine_half_period_amplitude,geom_model_cosine_half_period_amplitude_error,geom_model_cosine_half_period_phase,geom_model_cosine_half_period_phase_error,model_type,num_model_parameters,reduced_chi2,derived_primary_ecl_phase,derived_primary_ecl_phase_error,derived_primary_ecl_duration,derived_primary_ecl_duration_error,derived_primary_ecl_depth,derived_primary_ecl_depth_error,derived_secondary_ecl_phase,derived_secondary_ecl_phase_error,derived_secondary_ecl_duration,derived_secondary_ecl_duration_error,derived_secondary_ecl_depth,derived_secondary_ecl_depth_error
[from data line 748]
375316653866487564,511086681436340480,0.5229602,2220.592243221833,1.1170775196197646,5.8593985E-5,15.248875,9.23423E-4,0.2537801,0.05714911,0.028481973,0.057295635,0.005670619,0.004372205,0.53109854,0.0025853685,0.037812043,0.0019697766,0.22024491,0.04029009,2.546886E-4,0.001007863,0.2537801,0.05714911,"TWOGAUSSIANS_WITH_ELLIPSOIDAL_ON_ECLIPSE1",9,6.8829412,0.53110856,0.0025789845,0.21174744,0.011030749,0.22025979,0.040291496,0.2537801,0.05714911,0.15949905,0.28425282,0.0061799954,0.0047905417
375316653866487564,511086921947711872,0.48387137,2219.3900214297996,0.18617420095609155,3.4649252E-5,19.160679,0.005269116,0.38350147,0.01543781,0.016287742,0.004920154,0.724507,0.63415724,0.7744689,0.064912684,0.048280288,0.05110651,0.014713661,254.46191,null,null,null,null,"TWOGAUSSIANS",8,2.2719157,0.38350147,0.01543781,0.09121135,0.027552862,0.724507,0.63415724,0.7744689,0.064912684,0.27036962,0.28619644,0.014713661,254.46191
375316653866487564,511089769510878464,0.57864034,2246.31271442296,2.876527596055201,7.625687E-6,18.14278,0.0059788306,0.2327477,0.0023008639,0.07480985,0.0040831543,0.48267063,0.017545456,0.7363459,0.0034108295,0.07052866,0.0032006714,0.45359263,0.013036114,null,null,null,null,"TWOGAUSSIANS",8,7.708195,0.2327477,0.0023008639,0.4,0.0,0.4803565,0.01802445,0.7363459,0.0034108295,0.39496052,0.017492512,0.4512785,0.013023773
375316653866487564,511091697959078784,0.6460992,2221.456714515304,0.6358988653472183,1.047095E-5,15.3033,0.0010538851,0.23300157,4.5407796E-4,0.018971007,8.1606454E-4,0.43614376,0.014665161,0.6497995,0.007375477,0.02339618,0.0039183083,0.7193299,0.24130209,0.0035468633,0.001922381,0.6497995,0.007375477,"TWOGAUSSIANS_WITH_ELLIPSOIDAL_ON_ECLIPSE2",9,12.966433,0.6497995,0.007375477,0.13101861,0.021942526,0.7264236,0.24202746,0.23297158,4.5294844E-4,0.10623764,0.004569961,0.44146973,0.014798913
375316653866487564,511091796738822144,0.53255963,2239.3051895200806,0.4156035115533518,1.8011622E-5,18.291891,0.0018634615,0.2558412,0.023983587,0.035907216,0.00986319,0.039597027,0.020134157,0.7406314,0.0021074298,0.025313865,0.0019674168,0.21977107,0.011813825,null,null,null,null,"TWOGAUSSIANS",8,1.5846831,0.7406314,0.0021074298,0.14175764,0.011017534,0.21977107,0.011813825,0.2558412,0.023983587,0.20108041,0.05523387,0.039597027,0.020134157
375316653866487564,511092587009408640,0.56546223,2221.329916614848,4.20062934157793,1.5084051E-6,17.564915,0.0015123425,0.21425979,3.6866326E-4,0.0019987859,2.3925865E-4,0.24857992,0.030758368,0.66788495,2.8765005E-6,0.007326134,2.8826325E-5,0.24971454,0.0014911263,null,null,null,null,"TWOGAUSSIANS",8,2.4519868,0.66788495,2.8765005E-6,0.04102635,1.6142742E-4,0.24971454,0.0014911263,0.21425979,3.6866326E-4,0.011193202,0.0013398484,0.24857992,0.030758368
375316653866487564,511094442435594240,0.5015534,2202.6778764223504,0.9178815112251334,9.586724E-6,18.521458,0.0033264593,0.35509768,0.0013347582,0.024312524,0.0018079134,0.25905964,0.018039387,0.8541667,0.0012466732,0.02146155,0.0018178291,0.16385822,0.008885176,null,null,null,null,"TWOGAUSSIANS",8,2.7622778,0.35509768,0.0013347582,0.13615014,0.010124315,0.25905964,0.018039387,0.8541667,0.0012466732,0.12018468,0.010179843,0.16385822,0.008885176
375316653866487564,511094824695244544,0.47964686,2236.7347255448776,0.17191387158243754,1.7778755E-5,16.169344,0.0035816666,0.15457645,0.03350774,0.0039461087,0.045431413,0.33429042,0.3285173,0.56123,0.00226708,0.015721943,0.0017914396,0.2030327,0.01844778,null,null,null,null,"TWOGAUSSIANS",8,66.73502,0.15457645,0.03350774,0.02209821,0.2544159,0.33429042,0.3285173,0.56123,0.00226708,0.08804288,0.0100320615,0.2030327,0.01844778
375316653866487564,511094992191425792,0.49833208,2189.3358849509113,3.3518388027703088,4.2593427E-5,19.790634,0.017212518,0.28371185,0.0119912205,0.06524449,0.013831884,0.37711427,0.028447041,0.7591812,0.005363665,0.07636974,0.010311156,0.38811174,0.043933455,null,null,null,null,"TWOGAUSSIANS",8,3.821239,0.7591812,0.005363665,0.4,0.0,0.38731045,0.044545278,0.28371185,0.0119912205,0.36536914,0.055102006,0.37631297,0.027716216
375316653866487564,511099699475908608,0.5122671,2229.8506867102633,0.11786065670234638,1.0445071E-5,17.95752,0.005732687,0.31531957,0.003500252,0.013252196,0.0027409745,0.46442604,0.027518066,0.5523275,0.09079186,0.08489577,0.039816737,0.033198766,0.046210006,null,null,null,null,"TWOGAUSSIANS",8,23.548758,0.31532955,0.0035001808,0.0742123,0.015349458,0.4651002,0.027700508,0.5523275,0.09079186,0.4,0.09436932,0.033198766,0.04621001
375316653866487564,511100494051956608,0.54327774,2234.2654700942744,2.8235661807554626,8.573592E-6,18.93953,0.024163954,0.2236748,0.0053547826,0.04573294,0.008149624,0.35217172,0.056564603,0.7208815,0.002489202,0.04887238,0.004969949,0.48306686,0.05427183,0.120924674,0.034686405,0.2236748,0.0053547826,"TWOGAUSSIANS_WITH_ELLIPSOIDAL_ON_ECLIPSE1",9,5.105138,0.72112155,0.0020678688,0.27368534,0.027831713,0.7248464,0.030089442,0.2236748,0.0053547826,0.25610447,0.045637894,0.59401935,0.047181666
375316653866487564,511101146879809280,0.49132583,2224.090948522572,0.10723484755716907,6.850022E-6,16.856398,0.00626049,0.20241947,0.008767268,0.021380415,0.004107304,0.79525745,0.560516,0.7160707,0.020098612,0.0031938346,0.01727433,0.58781165,0.5323381,0.026023347,0.009941758,0.20241947,0.008767268,"TWOGAUSSIANS_WITH_ELLIPSOIDAL_ON_ECLIPSE1",9,45.61066,0.20241947,0.008767268,0.11973032,0.023000902,0.84730417,0.5647052,0.7160707,0.020098612,0.017885473,0.096736245,0.63947636,0.5468285
375316653866487564,511104273623122048,0.48942745,2218.95672609538,2.9000207829628186,1.3071808E-5,18.82939,0.09761064,0.22057122,0.0036498283,0.10803816,0.029034268,0.2622628,0.07887305,0.7234048,0.0049480884,0.124910876,0.03099261,0.25391212,0.09406879,null,null,null,null,"TWOGAUSSIANS",8,2.9073167,0.22055121,0.0036395197,0.4,0.0,0.21244365,0.019884229,0.7234048,0.0049504917,0.4,0.0,0.20393571,0.009813572
375316653866487564,511105373134729088,0.6346678,2220.3196309565333,4.1964236166447515,2.9289556E-6,16.921839,0.004264126,0.26615876,0.0010725679,0.043062963,0.0021615555,0.26206127,0.014323054,0.7607683,0.0020111718,0.04889119,0.0025029902,0.20519285,0.013254041,0.13231072,0.0076896707,0.26615876,0.0010725679,"TWOGAUSSIANS_WITH_ELLIPSOIDAL_ON_ECLIPSE1",9,8.261931,0.26615876,0.0010725679,0.24115258,0.012104711,0.52668226,0.013038883,0.7618183,0.0015295018,0.27379066,0.014016746,0.46956974,0.009351299
375316653866487564,511105819811514496,0.5681617,2165.839332368206,3.5158956106497627,7.6134456E-6,18.031406,0.0057069315,0.17474328,0.0025383213,0.041484866,0.005645645,0.08817599,0.015893659,0.67069185,0.0032918528,0.053744413,0.006202088,0.17769706,0.014383508,0.09901555,0.007085998,0.17474328,0.0025383213,"TWOGAUSSIANS_WITH_ELLIPSOIDAL_ON_ECLIPSE1",9,3.7606199,0.6715119,0.0024431786,0.3009687,0.034731694,0.37562314,0.013274015,0.17474328,0.0025383213,0.23231524,0.03161561,0.28620437,0.009227878
375316653866487564,511106781884114560,0.54539907,2183.8546208253156,0.07449284843565804,2.8378417E-6,15.011857,4.5574273E-4,0.7939693,3.5256398E-4,0.0063457196,4.945684E-4,0.077088505,8.6252525E-4,null,null,null,null,null,null,null,null,null,null,"ONEGAUSSIAN",5,4.5763893,0.7939693,3.5256398E-4,0.03553603,0.002769583,0.077088505,0.0,null,null,null,null,null,null
375316653866487564,511108396793072640,0.5243494,2174.9757263534116,0.3263436294850248,3.093582E-6,19.47104,0.004344894,0.15148762,8.74462E-4,0.009928001,5.937695E-4,0.6821391,0.07801653,0.6509201,5.282388E-4,0.011404789,7.084731E-4,0.43357018,0.04361308,null,null,null,null,"TWOGAUSSIANS",8,1.8287158,0.15148762,8.74462E-4,0.055596806,0.003325109,0.6821391,0.07801653,0.6509201,5.282388E-4,0.06386682,0.003967449,0.43357018,0.04361308
375316653866487564,511111489168083968,0.58573306,2224.9229310348837,0.41920130490187396,1.2630475E-5,16.965523,0.0015731619,0.278206,0.0038206938,0.041268907,0.0046841255,0.07433754,0.0045136907,0.79415804,0.042611416,0.024100682,0.016373446,0.25887537,0.31736177,0.021443209,0.0024301992,0.278206,0.0038206938,"TWOGAUSSIANS_WITH_ELLIPSOIDAL_ON_ECLIPSE1",9,1.7666018,0.79415804,0.042611416,0.13496383,0.0916913,0.30133232,0.31891596,0.278206,0.0038206938,0.23110588,0.026231103,0.11722391,0.0031629659
375316653866487564,511112519960223232,0.5229327,2206.516476756644,2.4885624187480695,1.1286285E-5,15.838625,0.008065547,0.17010616,0.0032694598,0.078920215,0.003826371,0.51642007,0.024700668,0.6741671,0.0021546197,0.0838242,0.0043928116,0.48107773,0.021178316,null,null,null,null,"TWOGAUSSIANS",8,109.211784,0.17010616,0.0032694598,0.4,0.0,0.50820184,0.025487665,0.6741671,0.0021546197,0.4,0.0,0.4728595,0.022769803
375316653866487564,511115161360009472,0.5021158,2250.071301274059,1.3872436454317025,1.73206E-5,17.414541,0.0021069336,0.19166529,0.0031301535,0.03721381,0.0036005676,0.14161123,0.01113172,0.7021724,0.004749752,0.03692858,0.004165938,0.06651843,0.008550179,null,null,null,null,"TWOGAUSSIANS",8,3.9728498,0.19166529,0.0031301535,0.20839734,0.020163178,0.14161123,0.01113172,0.7021724,0.004749752,0.20680003,0.023329252,0.06651843,0.00855018
375316653866487564,511115642396628736,0.5410727,2206.478826935479,2.610341951979624,1.243497E-5,19.496063,0.009549068,0.20406073,0.0033078664,0.080856405,0.0037249387,0.37531304,0.013657414,0.6984531,0.009402495,0.08756589,0.009420082,0.32759583,0.05937841,null,null,null,null,"TWOGAUSSIANS",8,1.3022355,0.20406073,0.0033078664,0.4,0.0,0.36760232,0.0124532115,0.6984531,0.009402495,0.4,0.0,0.31988505,0.060429778
375316653866487564,511116471330213504,0.56945616,2215.299596040106,0.31101341910560576,7.455184E-6,16.671621,0.0010891738,0.6687355,0.0012782277,0.020837331,0.0012975129,0.2403823,0.014218251,null,null,null,null,null,null,null,null,null,null,"ONEGAUSSIAN",5,3.4335787,0.6687355,0.0012782277,0.116689056,0.007266072,0.2403823,0.0,null,null,null,null,null,null
375316653866487564,511116844987221248,0.5316173,2245.107280508642,1.3075761942894208,8.94183E-6,17.985252,0.005944191,0.22856927,0.0043998198,0.08438643,0.005661195,0.18332514,0.009067013,0.7188782,0.0033965623,0.08258169,0.0061470745,0.17472854,0.0076292725,null,null,null,null,"TWOGAUSSIANS",8,2.775659,0.22856927,0.0043998198,0.4,0.0,0.17993313,0.008952594,0.7188782,0.0033965623,0.4,0.0,0.17133655,0.0074926023
375316653866487564,511122449924558848,0.6017264,2221.8844125669193,2.323170827074568,6.29561E-6,17.0725,0.0067243595,0.26577297,0.0024508527,0.10057621,0.0029624398,0.36250064,0.010882805,0.7658768,0.0011459333,0.086835235,0.0026008077,0.43381602,0.00966676,null,null,null,null,"TWOGAUSSIANS",8,7.6879206,0.7658768,0.0011459333,0.4,0.0,0.41152897,0.010496911,0.26577297,0.0024508527,0.4,0.0,0.34021053,0.010121086
375316653866487564,511123308918012672,0.6918755,2208.173368304544,0.4381072950173778,4.6745954E-6,16.264317,8.808823E-4,0.41353366,0.018350843,0.015730059,0.00863692,0.5469328,0.32163343,0.9154099,2.9792E-4,0.0156112425,3.5609675E-4,0.4777361,0.0075723566,null,null,null,null,"TWOGAUSSIANS",8,4.095064,0.41353366,0.018350843,0.088088326,0.04836675,0.5469328,0.32163343,0.9154099,2.9792E-4,0.08742296,0.0019941418,0.4777361,0.0075723566
375316653866487564,511126293913798144,0.58455443,2220.387424904231,0.30014839519026515,5.680636E-6,17.758904,0.0023655938,0.20655896,0.0049070646,0.024612265,0.004346059,0.37411535,0.08311407,0.7501076,0.009040454,0.02435433,0.006233895,0.3225196,0.03555333,0.015254329,0.0035713436,0.20655896,0.0049070646,"TWOGAUSSIANS_WITH_ELLIPSOIDAL_ON_ECLIPSE1",9,3.4857507,0.20655896,0.0049070646,0.13782868,0.02433793,0.404624,0.08414953,0.7501076,0.009040454,0.13638425,0.03490981,0.35080048,0.034000166
375316653866487564,511126573094001664,0.50374365,2196.249749114841,0.5082602718317554,1.6786507E-5,16.589842,0.0012455551,0.2582676,0.003350546,0.028036803,0.0035087585,0.15649523,0.009521525,0.7656215,0.0053363265,0.039778534,0.005029975,0.043070033,0.0022443268,null,null,null,null,"TWOGAUSSIANS",8,4.4468575,0.2582676,0.003350546,0.15700608,0.019649047,0.15649523,0.009521525,0.7656215,0.0053363265,0.2227598,0.028167859,0.043070033,0.0022443268
375316653866487564,511134922510462080,0.60003203,2234.211372459003,0.42366726722374015,4.9932787E-6,16.623383,0.0012924634,0.22288004,8.778082E-4,0.032661937,0.0012898783,0.23277242,0.010505306,0.7230618,0.001607871,0.032411527,0.0035955887,0.30112782,0.03739216,0.028549336,0.0025329841,0.22288004,8.778082E-4,"TWOGAUSSIANS_WITH_ELLIPSOIDAL_ON_ECLIPSE1",9,3.617507,0.7230618,0.0016029995,0.18150455,0.020135297,0.35822642,0.038805515,0.22288004,8.778082E-4,0.18290684,0.0072233183,0.28987107,0.010889398
375316653866487564,511135059949324544,0.56279415,2230.0222934101484,0.14544184998241463,1.1124228E-5,15.215598,0.0012184381,0.22592238,0.002684216,0.0075049326,0.0031134752,0.34701535,0.08129351,null,null,null,null,null,null,null,null,null,null,"ONEGAUSSIAN",5,23.136003,0.22592238,0.002684216,0.042027622,0.017435461,0.34701535,0.0,null,null,null,null,null,null
375316653866487564,511136258239153536,0.48167565,2229.455084481579,2.8843736704212604,1.6791395E-5,18.678051,0.011822453,0.2888341,0.0038229236,0.085216634,0.004752939,0.39387003,0.018290078,0.797389,0.005367715,0.07586579,0.0071144425,0.39195412,0.02897398,null,null,null,null,"TWOGAUSSIANS",8,12.08208,0.2888341,0.0038229236,0.4,0.0,0.38849702,0.017947808,0.797389,0.005367715,0.4,0.0,0.38658115,0.0303069
375316653866487564,511136773634909440,0.50300646,2191.8118318242728,1.3952235732372196,1.1574985E-5,19.271162,0.0052310815,0.22251858,0.0043122116,0.0571121,0.004540327,0.3114868,0.011845377,0.7101297,0.014846089,0.072581366,0.011388757,0.072763674,0.0073964987,null,null,null,null,"TWOGAUSSIANS",8,2.017025,0.22251858,0.0043122116,0.31982777,0.02542583,0.31137758,0.01186736,0.7101297,0.014846089,0.4,0.022625294,0.07265445,0.0073882146
375316653866487564,511139762929676288,0.55812335,2198.8103338763085,1.8767494838812013,6.0611064E-6,19.026794,0.0056500593,0.29847616,0.002711252,0.06227001,0.004880905,0.4586591,0.024178786,0.8044052,0.0037556093,0.08004302,0.004757827,0.24114871,0.011765434,null,null,null,null,"TWOGAUSSIANS",8,2.1529727,0.29847616,0.002711252,0.34871206,0.02733307,0.4575265,0.024736319,0.8044052,0.0037556093,0.4,0.0,0.24001609,0.01177134
375316653866487564,511140484484172928,0.50415856,2210.3130249508076,0.6362137,1.7251736E-5,17.94671,0.0039527263,0.21501267,3.700523E-7,0.007465792,5.7406716E-5,1.7649795,0.02250459,null,null,null,null,null,null,null,null,null,null,"ONEGAUSSIAN",5,13.000764,0.21501267,3.700523E-7,0.041808434,3.2147762E-4,1.7649795,0.0,null,null,null,null,null,null
375316653866487564,511140763665994880,0.58645475,2233.4788662825745,0.5498777734991778,2.8978302E-6,18.447788,0.0031927696,0.3612304,0.0020669587,0.042413797,0.0011832464,0.80868316,0.023139436,0.8523381,0.0030916904,0.030145245,0.0019104433,0.15760678,0.01115747,null,null,null,null,"TWOGAUSSIANS",8,3.038395,0.3612304,0.0020669587,0.23751727,0.00662618,0.80868316,0.023139436,0.8523381,0.0030916904,0.16881336,0.010698482,0.15760678,0.01115747
375316653866487564,511145226131728640,0.62439984,2317.0558023743447,0.00907981543246698,3.073533E-5,17.242968,0.0010995673,0.13079529,0.066640355,0.03334161,0.06928578,0.0100052515,null,0.8170516,0.013104371,0.034332573,0.004697725,0.49235103,0.015535594,null,null,null,null,"TWOGAUSSIANS",8,1.8752958,0.8170516,0.013104371,0.1922624,0.02630726,0.49235103,0.015535595,0.13079529,0.066640355,0.18671301,0.2776256,0.0100052515,null
375316653866487564,511151067287321216,0.47367376,2250.0145806334267,1.0324638778998743,5.2111477E-6,19.404926,0.0043603145,0.37121543,5.0776685E-4,0.010279086,0.0013725841,0.14113788,0.040106677,0.7544985,0.00829871,0.07220455,0.0063363244,0.23797803,0.020500004,null,null,null,null,"TWOGAUSSIANS",8,1.4570146,0.7544985,0.00829871,0.4,0.010125062,0.23797803,0.020500004,0.37121543,5.0776685E-4,0.057562884,0.007686471,0.14113806,0.040106647
