Gaia/vari_eclipsing_binary/VariEclipsingBinary_461349-461373.csv
# %ECSV 1.0
# ---
# delimiter: ','
# meta: !!omap
# - RELEASE: Gaia DR3
# - TABLE: vari_eclipsing_binary
# - DESCRIPTION: >
#     This table describes the properties of the eclipsing binaries resulting from the variability analysis. 
# - CITATION: >
#     How to cite and acknowledge Gaia: 
#     https://gea.esac.esa.int/archive/documentation/credits.html 
# - KNOWN_ISSUES: >
#     Known issues: 
#     https://www.cosmos.esa.int/web/gaia-users/known-issues 
# - DOCUMENTATION: >
#     Tutorials and documentation: 
#     https://www.cosmos.esa.int/web/gaia-users/archive 
# datatype:
# - 
#   name: solution_id
#   datatype: int64
#   description: Solution Identifier
#   meta:
#     ucd: meta.version
# - 
#   name: source_id
#   datatype: int64
#   description: Unique source identifier
#   meta:
#     ucd: meta.id;meta.main
# - 
#   name: global_ranking
#   datatype: float32
#   description: Number between 0 (worst) and 1 (best)
#   meta:
#     ucd: stat.param
# - 
#   name: reference_time
#   datatype: float64
#   unit: d
#   description: Reference time used for the geometric model fit
#   meta:
#     ucd: time.epoch
# - 
#   name: frequency
#   datatype: float64
#   unit: d**-1
#   description: Frequency of geometric model of the eclipsing binary light curve
#   meta:
#     ucd: src.orbital
# - 
#   name: frequency_error
#   datatype: float32
#   unit: d**-1
#   description: "Uncertainty of \\texttt{frequency}"
#   meta:
#     ucd: stat.error
# - 
#   name: geom_model_reference_level
#   datatype: float32
#   unit: mag
#   description: Magnitude reference level of geometric model
#   meta:
#     ucd: phot.mag;em.opt
# - 
#   name: geom_model_reference_level_error
#   datatype: float32
#   unit: mag
#   description: "Uncertainty of \\texttt{geomModelReferenceLevel}"
#   meta:
#     ucd: stat.error;phot.mag;em.opt
# - 
#   name: geom_model_gaussian1_phase
#   datatype: float32
#   description: Phase of the Gaussian 1 component
#   meta:
#     ucd: time.phase
# - 
#   name: geom_model_gaussian1_phase_error
#   datatype: float32
#   description: "Uncertainty of \\texttt{geomModelGaussian1Phase}"
#   meta:
#     ucd: stat.error;time.phase
# - 
#   name: geom_model_gaussian1_sigma
#   datatype: float32
#   description: "Standard deviation [phase] of Gaussian 1 component"
#   meta:
#     ucd: stat.stdev
# - 
#   name: geom_model_gaussian1_sigma_error
#   datatype: float32
#   description: "Uncertainty of \\texttt{geomModelGaussian1Sigma}"
#   meta:
#     ucd: stat.error
# - 
#   name: geom_model_gaussian1_depth
#   datatype: float32
#   unit: mag
#   description: Magnitude depth of Gaussian 1 component
#   meta:
#     ucd: src.var.amplitude
# - 
#   name: geom_model_gaussian1_depth_error
#   datatype: float32
#   unit: mag
#   description: "Uncertainty of \\texttt{geomModelGaussian1Depth}"
#   meta:
#     ucd: stat.error;src.var.amplitude
# - 
#   name: geom_model_gaussian2_phase
#   datatype: float32
#   description: Phase of Gaussian 2 component
#   meta:
#     ucd: time.phase
# - 
#   name: geom_model_gaussian2_phase_error
#   datatype: float32
#   description: "Uncertainty of \\texttt{geomModelGaussian2Phase}"
#   meta:
#     ucd: stat.error;time.phase
# - 
#   name: geom_model_gaussian2_sigma
#   datatype: float32
[...]
#   datatype: float32
#   description: "Secondary eclipse: uncertainty of \\texttt{derivedSecondaryEclDuration}"
#   meta:
#     ucd: stat.error;time.duration
# - 
#   name: derived_secondary_ecl_depth
#   datatype: float32
#   unit: mag
#   description: "Secondary eclipse: depth"
#   meta:
#     ucd: src.var.amplitude
# - 
#   name: derived_secondary_ecl_depth_error
#   datatype: float32
#   unit: mag
#   description: "Secondary eclipse: uncertainty of \\texttt{derivedSecondaryEclDepth}"
#   meta:
#     ucd: stat.error;src.var.amplitude
solution_id,source_id,global_ranking,reference_time,frequency,frequency_error,geom_model_reference_level,geom_model_reference_level_error,geom_model_gaussian1_phase,geom_model_gaussian1_phase_error,geom_model_gaussian1_sigma,geom_model_gaussian1_sigma_error,geom_model_gaussian1_depth,geom_model_gaussian1_depth_error,geom_model_gaussian2_phase,geom_model_gaussian2_phase_error,geom_model_gaussian2_sigma,geom_model_gaussian2_sigma_error,geom_model_gaussian2_depth,geom_model_gaussian2_depth_error,geom_model_cosine_half_period_amplitude,geom_model_cosine_half_period_amplitude_error,geom_model_cosine_half_period_phase,geom_model_cosine_half_period_phase_error,model_type,num_model_parameters,reduced_chi2,derived_primary_ecl_phase,derived_primary_ecl_phase_error,derived_primary_ecl_duration,derived_primary_ecl_duration_error,derived_primary_ecl_depth,derived_primary_ecl_depth_error,derived_secondary_ecl_phase,derived_secondary_ecl_phase_error,derived_secondary_ecl_duration,derived_secondary_ecl_duration_error,derived_secondary_ecl_depth,derived_secondary_ecl_depth_error
[from data line 112]
375316653866487564,4058233994360881664,0.47506154,2348.939792771456,0.775235598660425,8.646498E-5,18.479225,0.024754561,0.36556447,0.007489175,0.08183183,0.014245021,0.2688539,0.033728864,0.77995735,0.026565766,0.05790876,0.065508954,0.08465518,8666.466,null,null,null,null,"TWOGAUSSIANS",8,3.3303554,0.36556447,0.007489175,0.4,0.004809837,0.2688037,0.03373285,0.77995735,0.026565766,0.32428905,0.36685017,0.08460571,8666.467
375316653866487564,4058234475397164800,0.525163,2305.930644763766,2.078215029605832,6.3056235E-5,19.092813,0.016882509,0.20846649,0.017174423,0.04153168,0.02017022,0.19457728,0.040497493,0.77548456,0.001311124,0.05182995,0.0037242703,1.0528188,0.15340577,null,null,null,null,"TWOGAUSSIANS",8,1.662013,0.77548456,0.001311124,0.2902477,0.020855913,1.0528188,0.15340587,0.20846649,0.017174423,0.2325774,0.11295323,0.19457728,0.040498804
375316653866487564,4058234509801527424,0.6204713,2238.471804635616,2.422460746966938,3.970003E-6,18.34265,0.014925668,0.20351082,0.001757747,0.07049147,0.0035180908,0.55971056,0.011904477,0.70987916,0.0023315274,0.07012283,0.0031295684,0.5425054,0.017602362,null,null,null,null,"TWOGAUSSIANS",8,2.2308767,0.20351082,0.001757747,0.3947522,0.01646448,0.55802685,0.01153887,0.70987916,0.0023315274,0.39268783,0.015535302,0.5408217,0.017290698
375316653866487564,4058235227007032320,0.49193513,2314.256173535684,1.8532245758113841,5.818075E-6,19.15603,0.01350681,0.34002966,0.03696935,0.11419577,0.032366816,0.08807722,0.01919968,0.732983,7.885706E-4,0.025236158,0.003115031,1.4832869,0.89385015,null,null,null,null,"TWOGAUSSIANS",8,1.4421064,0.732983,7.885706E-4,0.14132248,0.017444173,1.483504,0.89373577,0.34002966,0.03696935,0.4,0.0,0.088057935,0.019152744
375316653866487564,4058236055958544640,0.5695109,2263.0042246930416,3.424661390408033,2.417496E-5,19.052877,0.02064061,0.29580247,0.0069409655,0.040633474,0.034940854,0.28827065,4.90784E19,0.7940023,0.01885196,0.040332053,0.019352958,0.44596085,2.0621922,0.12622868,0.030974207,0.29580247,0.0069409655,"TWOGAUSSIANS_WITH_ELLIPSOIDAL_ON_ECLIPSE1",9,3.0351472,0.7941223,0.01870545,0.22585951,0.10837656,0.6983875,2.0783455,0.29580247,0.0069409655,0.22754745,0.19566877,0.54072744,4.90784E19
375316653866487564,4058236536988085376,0.44587767,2287.1143585486543,2.4745048810148247,1.071119E-4,18.840662,0.02553398,0.12132679,0.17177035,0.035222307,0.09167149,0.0648792,0.034894504,0.5421065,0.022972314,0.07922002,0.035293363,0.21749756,0.037410375,null,null,null,null,"TWOGAUSSIANS",8,5.144686,0.5421065,0.022972314,0.4,0.022701818,0.2174968,0.04011378,0.12132679,0.40985897,0.19724491,0.20106424,0.064878605,0.16405119
375316653866487564,4058236773190720640,0.5913839,2287.6870404956207,3.766227835039305,7.301498E-6,17.979225,0.006601839,0.22730577,0.0038538123,0.07075931,0.0052712024,0.5427878,0.043223128,0.72794706,0.0023413913,0.07632152,0.0046551367,0.39663592,0.022186756,null,null,null,null,"TWOGAUSSIANS",8,4.40651,0.22730577,0.0038538123,0.39625213,0.015588379,0.5399823,0.044313546,0.72794706,0.0023413913,0.4,0.0,0.3938305,0.022997702
375316653866487564,4058237155503332096,0.6198607,2279.252474343552,0.3777033598958093,7.186338E-5,15.343227,0.0011022197,0.49011344,8.502739E-6,0.03206279,8.7499135E-4,0.28378004,0.0022256502,0.09633406,7.821432E-4,0.003445855,6.944415E-4,0.050966334,0.023184115,null,null,null,null,"TWOGAUSSIANS",8,7.2305884,0.49011344,8.502739E-6,0.17955162,0.0048999516,0.28378004,0.0022256502,0.09633406,7.821432E-4,0.019296788,0.0038888722,0.050966334,0.023184115
375316653866487564,4058237391681119744,0.5280987,2292.550040413923,0.590576442103649,7.85776E-5,18.278622,0.0043094247,0.24936163,0.041926567,0.109697245,0.033581384,0.061910022,0.027828977,0.7075847,0.0025050044,0.02865439,0.002319314,0.57000303,0.2727754,null,null,null,null,"TWOGAUSSIANS",8,2.892761,0.7075847,0.0025050044,0.16046457,0.0129881585,0.56994164,0.27279997,0.24936163,0.041926567,0.4,0.0,0.061838236,0.027938176
375316653866487564,4058237602179933184,0.6281509,2293.1377859129516,0.2431995195274098,1.5704354E-5,17.360714,0.003153001,0.67060566,0.0041626883,0.025775125,0.0037543378,0.6848209,0.15829629,0.17001016,3.1805146E-5,0.027884427,3.9306388E-4,0.23562083,0.0031851756,null,null,null,null,"TWOGAUSSIANS",8,6.0073667,0.67060566,0.0041626883,0.14434071,0.021024292,0.6848209,0.15829629,0.17001016,3.1805146E-5,0.15615278,0.0022011579,0.23562083,0.0031851756
375316653866487564,4058238010139405696,0.57640314,2276.645022506873,2.661732882935242,2.0204696E-5,15.762502,0.011447014,0.3086225,0.0035069985,0.044767983,0.010502963,0.10678057,0.029308436,0.8112772,0.005708526,0.053132247,0.013627191,0.18213746,0.03340174,0.07681012,0.013072373,0.3086225,0.0035069985,"TWOGAUSSIANS_WITH_ELLIPSOIDAL_ON_ECLIPSE1",9,26.511728,0.8112772,0.005428313,0.29754058,0.07631227,0.3357127,0.04574709,0.3086225,0.0035069985,0.2507007,0.058816593,0.26039854,0.01857538
375316653866487564,4058238353736764544,0.48910266,2226.8817783002874,2.5171406553609263,2.247547E-5,17.316425,0.018589294,0.20777161,0.004143456,0.05300345,0.014820344,0.15177907,0.07576185,null,null,null,null,null,null,0.14148368,0.031693824,0.20777161,0.004143456,"ONEGAUSSIAN_WITH_ELLIPSOIDAL",6,60.486954,0.20777161,0.004143456,0.29681933,0.082993925,0.43474376,0.061714996,null,null,null,null,null,null
375316653866487564,4058245603638402688,0.614927,2244.8049055607667,2.8729576764091407,4.4049966E-6,15.640746,0.037689693,0.17978075,0.009964084,0.044881586,0.016634166,0.5899027,0.087737694,0.6739906,0.0020197388,0.045997545,0.005273068,0.50855297,0.09078134,0.14589085,0.059344545,0.6739906,0.0020197388,"TWOGAUSSIANS_WITH_ELLIPSOIDAL_ON_ECLIPSE2",9,102.92697,0.17936075,0.009109857,0.2513369,0.09315133,0.8813262,0.14780325,0.6739906,0.0020197388,0.25758627,0.02952918,0.8003344,0.042990115
375316653866487564,4058245779758465152,0.4928744,2188.0054131342627,2.671917496554216,3.5357047E-5,19.656017,0.015795605,0.30503374,0.0039030362,0.04494802,0.011111266,1.6274449,1.4023815,0.77216506,0.022971833,0.052869614,0.0102383,0.42860484,0.1631439,null,null,null,null,"TWOGAUSSIANS",8,1.6256812,0.30503374,0.0039030362,0.25170892,0.06222309,1.6274443,1.4023879,0.77216506,0.022971833,0.29606983,0.05733448,0.42860427,0.1631428
375316653866487564,4058246054674471040,0.58927816,2239.6344225953862,2.444897681972566,1.558693E-5,16.732393,0.014365932,0.21194401,0.0043939417,0.08657282,0.0069795004,0.2653328,0.014213053,0.70519257,0.009141286,0.09475866,0.009224927,0.2753454,0.023290878,null,null,null,null,"TWOGAUSSIANS",8,9.785829,0.70519257,0.009141286,0.4,0.0,0.26445934,0.020231716,0.21194401,0.0043939417,0.4,0.0,0.25444725,0.010370041
375316653866487564,4058247085428335744,0.46192393,2177.734101671439,1.780483536372673,2.2409471E-5,19.53582,0.028007232,0.24214841,0.015802344,0.06354631,0.03028474,0.29407582,0.21806484,0.70315605,0.011985687,0.08326245,0.029236384,0.27440345,0.05150469,null,null,null,null,"TWOGAUSSIANS",8,4.293832,0.24214841,0.015807582,0.35585934,0.15802972,0.29341352,0.22017467,0.70315605,0.011985687,0.4,0.0,0.2737411,0.05489599
375316653866487564,4058247772623516416,0.5086684,2180.2653812393037,0.5209426333010485,1.7634694E-6,19.321333,0.010677478,0.2955231,4.8844586E-4,0.019696496,9.864827E-4,0.35047492,0.006584919,0.58909434,0.0034308664,0.053620618,0.009362865,0.14457858,0.021849975,null,null,null,null,"TWOGAUSSIANS",8,4.765831,0.2955231,4.8844586E-4,0.11030038,0.005524303,0.35047498,0.0065843943,0.58909434,0.0034308664,0.30027547,0.052432045,0.14457858,0.021849975
375316653866487564,4058249902928358144,0.46883014,2251.0999404210347,0.7497569449413107,1.6219172E-4,18.837114,0.07787319,0.2706441,0.03219047,0.08106508,0.057347737,0.182952,0.06326832,0.75468206,0.018176341,0.068569094,0.03070589,1.0536698,1.0332197,null,null,null,null,"TWOGAUSSIANS",8,6.4237123,0.75468206,0.018178483,0.38398692,0.070908874,1.0516251,1.0518905,0.2706441,0.03219047,0.4,0.011369764,0.18090738,0.06017033
375316653866487564,4058250791977408128,0.5449234,2236.1231213296205,4.350699360278828,1.7125922E-5,18.43871,0.08316172,0.26099756,0.027224477,0.09989102,0.047771778,0.30863997,0.06121421,0.7550673,0.011231517,0.08976598,0.029944407,0.27452305,0.07193199,null,null,null,null,"TWOGAUSSIANS",8,3.154356,0.26099756,0.027237408,0.4,0.0,0.29202312,0.03126372,0.7550673,0.011231517,0.4,0.0,0.2579084,0.017113695
375316653866487564,4058252926589354368,0.50746006,2231.8300871339475,1.6890410158393732,2.055107E-5,19.733704,0.0734463,0.32417843,0.031730738,0.10141382,0.0572906,0.31596017,0.06204746,0.8091728,0.0125324465,0.075507894,0.014332583,0.5999099,0.13006204,null,null,null,null,"TWOGAUSSIANS",8,1.2797368,0.8091728,0.0125324465,0.4,0.008940093,0.5881981,0.14400867,0.32417843,0.031730738,0.4,0.0,0.30424425,0.04210609
375316653866487564,4058253235823664000,0.5097604,2201.1573105929588,3.4305987272564527,6.499394E-5,19.546257,0.023359323,0.49291793,0.0029732937,0.01012635,0.0021204797,0.3846502,0.05632803,0.74784184,0.034881655,0.15494518,0.08758799,0.044883944,0.022698948,null,null,null,null,"TWOGAUSSIANS",8,0.6751875,0.4929479,0.0029790667,0.056707565,0.011874687,0.39575657,0.06490745,0.74784184,0.034881655,0.4,0.0,0.044391975,0.014666359
375316653866487564,4058253235827029120,0.47100922,2245.0736723805035,1.037437870935293,7.1067E-5,19.824795,0.17953804,0.2990448,0.014569871,0.06449193,0.041022073,0.30734688,0.16132337,0.8276648,0.029606763,0.0825903,0.088463284,0.29872084,4148.4106,null,null,null,null,"TWOGAUSSIANS",8,3.489026,0.2990448,0.014758727,0.36115476,0.13612053,0.30640677,0.08799926,0.8276648,0.029604405,0.4,0.24191396,0.2977807,4148.416
375316653866487564,4058257084115412864,0.48573184,2225.827210006875,0.48523495288912544,2.5907424E-5,19.841234,0.025342314,0.1886561,0.07669255,0.08388221,0.056981944,0.066828564,0.027791556,0.8690348,4.8083463E-4,0.014394077,0.0013631501,0.7950293,0.0841253,null,null,null,null,"TWOGAUSSIANS",8,2.3541274,0.8690348,4.794796E-4,0.08060683,0.0076336404,0.7950763,0.08357027,0.1886561,0.07669255,0.4,0.15234403,0.066828564,0.027781663
375316653866487564,4058257084150982528,0.5879913,2256.2675026505176,2.8550967219639456,6.4931814E-6,14.526451,0.005592867,0.24375103,0.001292384,0.040731356,0.0022896607,0.2638144,0.01058267,0.7232875,0.025228497,0.04264581,0.009079289,0.5025352,0.29996935,0.08819028,0.007085915,0.24375103,0.001292384,"TWOGAUSSIANS_WITH_ELLIPSOIDAL_ON_ECLIPSE1",9,56.98339,0.7242575,0.024365705,0.23881651,0.050844014,0.6761526,0.29302904,0.24375103,0.001292384,0.22809559,0.0128221,0.44019455,0.010119857
375316653866487564,4058261482197843200,0.6316792,2278.1016763210305,0.25077543733126334,7.9620495E-6,16.723648,0.0030517427,0.402297,2.897813E-6,0.01521467,7.6016E-5,0.46055937,0.0030439587,0.8983602,4.492144E-6,0.0077595646,4.058282E-5,0.67378074,0.0020027813,null,null,null,null,"TWOGAUSSIANS",8,11.327561,0.8983602,4.492144E-6,0.043453563,2.272638E-4,0.67378074,0.0020027813,0.402297,2.897813E-6,0.08520215,4.256896E-4,0.46055937,0.0030439587
375316653866487564,4058263956063088640,0.46816158,2346.2827417879303,1.263228458820584,1.9499914E-4,18.611269,0.023176977,0.352942,0.11644091,0.09965886,0.08680077,0.13883449,0.102648966,0.7544042,0.01871336,0.1327843,0.028184745,0.10194229,0.019878041,null,null,null,null,"TWOGAUSSIANS",8,1.7211468,0.35471198,0.11819809,0.4,0.24466814,0.13160913,0.10936757,0.7544042,0.01871336,0.4,0.0,0.09367802,0.009101506
375316653866487564,4058264059142166400,0.45771626,2238.9732898693824,0.0558249840829694,5.0181596E-5,19.116028,0.077515796,0.22775412,0.022005538,0.20512803,0.06751228,0.22329992,0.07206556,0.8137962,0.020887986,0.04842982,0.012511491,0.4655499,0.293944,null,null,null,null,"TWOGAUSSIANS",8,3.4494538,0.81499624,0.021629268,0.271207,0.07006435,0.46650943,0.29535246,0.22775412,0.022005538,0.4,0.0,0.19120683,0.022790419
375316653866487564,4058264849451766272,0.5782138,2221.171903828099,2.201118536040093,1.8929135E-5,17.339474,0.008431172,0.23962851,0.0035858524,0.0732942,0.005399407,0.25503066,0.012372168,0.7373212,0.01384032,0.0722926,0.014540319,0.21517615,0.04669485,null,null,null,null,"TWOGAUSSIANS",8,7.1378303,0.23962851,0.0035858524,0.4,0.0043060766,0.2538119,0.012319169,0.7373212,0.01384032,0.4,0.024835011,0.21395741,0.047838524
375316653866487564,4058265124293416576,0.48586616,2179.588584677215,2.4722726418269616,8.403008E-6,19.775751,0.029019399,0.22360918,0.005294661,0.08331813,0.013462283,0.2882633,0.023102889,0.73735785,0.04666872,0.06442079,0.037828088,0.2849455,0.034448735,null,null,null,null,"TWOGAUSSIANS",8,0.67968345,0.22360918,0.005294661,0.4,0.0,0.2869176,0.020785296,0.73735785,0.04666872,0.36075643,0.09851878,0.2835998,0.041055743
375316653866487564,4058265467927092992,0.46867988,2242.515041341801,2.010334984954184,4.569298E-5,14.017435,0.014446921,0.27471292,0.008490615,0.08689262,0.010910786,0.20397379,0.019383274,0.80129004,0.019245613,0.09119104,0.022104487,0.12014681,0.020208253,null,null,null,null,"TWOGAUSSIANS",8,485.04153,0.27471292,0.008490615,0.4,0.0,0.20006683,0.017127616,0.80129004,0.019245613,0.4,0.0,0.11623977,0.016348567
375316653866487564,4058267800031803264,0.6018132,2281.0861624512986,3.477825028289259,1.5551559E-5,16.110794,0.010146821,0.2278499,0.0020523958,0.04082083,0.005135309,0.2917057,0.030614845,0.7301601,0.03390945,0.036147185,0.026871243,0.16303694,0.16165161,0.124539085,0.013800044,0.2278499,0.0020523958,"TWOGAUSSIANS_WITH_ELLIPSOIDAL_ON_ECLIPSE1",9,36.473778,0.2278499,0.0020523958,0.22859664,0.02875773,0.5407837,0.027686564,0.7301601,0.03382756,0.20242423,0.15047897,0.41206247,0.16619252
375316653866487564,4058268835146656000,0.5123367,2247.7265856707204,0.9508225556482369,1.3709908E-5,17.802843,0.009014266,0.22147459,0.012280662,0.02998318,0.00914667,0.27615726,0.20581147,0.74895495,0.002900274,0.023433618,0.0032702296,0.2333106,0.031622734,null,null,null,null,"TWOGAUSSIANS",8,14.962228,0.22147459,0.012280662,0.16790581,0.051221352,0.27615726,0.20581147,0.74895495,0.002900274,0.13122825,0.018313285,0.2333106,0.031622734
375316653866487564,4058269036981586048,0.5296705,2259.436609708248,1.1016795334663165,7.017638E-5,17.843319,0.006321772,0.18952522,0.002598825,0.021757003,0.0059091174,0.25788584,0.05377081,0.51983935,0.029273437,0.16598314,0.03944962,0.051836316,0.008897579,null,null,null,null,"TWOGAUSSIANS",8,3.271404,0.18968523,0.0026114897,0.12183922,0.033091057,0.26395395,0.05947585,0.51983935,0.029273437,0.4,0.0,0.0507266,0.008289509
375316653866487564,4058269797219765248,0.48125204,2251.319848052583,0.14420491686261777,3.711557E-5,19.359009,0.004621732,0.277572,0.01826082,0.113551654,0.010989626,0.115207985,0.025555475,0.87148905,0.015183323,0.0638478,0.010064337,0.2024117,0.02444505,null,null,null,null,"TWOGAUSSIANS",8,2.021818,0.87160903,0.015175054,0.3575477,0.05636029,0.20162001,0.025109973,0.277572,0.01826082,0.4,0.0,0.114223324,0.025766328
375316653866487564,4058270514450422400,0.6629863,2258.1833326685405,2.412779671493365,4.147411E-6,17.215647,0.007674359,0.21186252,0.0011159198,0.042015124,0.003205507,0.19978896,0.016893936,0.7074344,0.0029374182,0.049489647,0.003513684,0.23378304,0.01983147,0.117043436,0.009760044,0.21186252,0.0011159198,"TWOGAUSSIANS_WITH_ELLIPSOIDAL_ON_ECLIPSE1",9,3.7649403,0.7081544,0.0023772707,0.27714202,0.019676631,0.4677176,0.013505185,0.21186252,0.0011159198,0.23528469,0.017950838,0.4338753,0.006173537
