Gaia/vari_eclipsing_binary/VariEclipsingBinary_665451-665470.csv
# %ECSV 1.0
# ---
# delimiter: ','
# meta: !!omap
# - RELEASE: Gaia DR3
# - TABLE: vari_eclipsing_binary
# - DESCRIPTION: >
#     This table describes the properties of the eclipsing binaries resulting from the variability analysis. 
# - CITATION: >
#     How to cite and acknowledge Gaia: 
#     https://gea.esac.esa.int/archive/documentation/credits.html 
# - KNOWN_ISSUES: >
#     Known issues: 
#     https://www.cosmos.esa.int/web/gaia-users/known-issues 
# - DOCUMENTATION: >
#     Tutorials and documentation: 
#     https://www.cosmos.esa.int/web/gaia-users/archive 
# datatype:
# - 
#   name: solution_id
#   datatype: int64
#   description: Solution Identifier
#   meta:
#     ucd: meta.version
# - 
#   name: source_id
#   datatype: int64
#   description: Unique source identifier
#   meta:
#     ucd: meta.id;meta.main
# - 
#   name: global_ranking
#   datatype: float32
#   description: Number between 0 (worst) and 1 (best)
#   meta:
#     ucd: stat.param
# - 
#   name: reference_time
#   datatype: float64
#   unit: d
#   description: Reference time used for the geometric model fit
#   meta:
#     ucd: time.epoch
# - 
#   name: frequency
#   datatype: float64
#   unit: d**-1
#   description: Frequency of geometric model of the eclipsing binary light curve
#   meta:
#     ucd: src.orbital
# - 
#   name: frequency_error
#   datatype: float32
#   unit: d**-1
#   description: "Uncertainty of \\texttt{frequency}"
#   meta:
#     ucd: stat.error
# - 
#   name: geom_model_reference_level
#   datatype: float32
#   unit: mag
#   description: Magnitude reference level of geometric model
#   meta:
#     ucd: phot.mag;em.opt
# - 
#   name: geom_model_reference_level_error
#   datatype: float32
#   unit: mag
#   description: "Uncertainty of \\texttt{geomModelReferenceLevel}"
#   meta:
#     ucd: stat.error;phot.mag;em.opt
# - 
#   name: geom_model_gaussian1_phase
#   datatype: float32
#   description: Phase of the Gaussian 1 component
#   meta:
#     ucd: time.phase
# - 
#   name: geom_model_gaussian1_phase_error
#   datatype: float32
#   description: "Uncertainty of \\texttt{geomModelGaussian1Phase}"
#   meta:
#     ucd: stat.error;time.phase
# - 
#   name: geom_model_gaussian1_sigma
#   datatype: float32
#   description: "Standard deviation [phase] of Gaussian 1 component"
#   meta:
#     ucd: stat.stdev
# - 
#   name: geom_model_gaussian1_sigma_error
#   datatype: float32
#   description: "Uncertainty of \\texttt{geomModelGaussian1Sigma}"
#   meta:
#     ucd: stat.error
# - 
#   name: geom_model_gaussian1_depth
#   datatype: float32
#   unit: mag
#   description: Magnitude depth of Gaussian 1 component
#   meta:
#     ucd: src.var.amplitude
# - 
#   name: geom_model_gaussian1_depth_error
#   datatype: float32
#   unit: mag
#   description: "Uncertainty of \\texttt{geomModelGaussian1Depth}"
#   meta:
#     ucd: stat.error;src.var.amplitude
# - 
#   name: geom_model_gaussian2_phase
#   datatype: float32
#   description: Phase of Gaussian 2 component
#   meta:
#     ucd: time.phase
# - 
#   name: geom_model_gaussian2_phase_error
#   datatype: float32
#   description: "Uncertainty of \\texttt{geomModelGaussian2Phase}"
#   meta:
#     ucd: stat.error;time.phase
# - 
#   name: geom_model_gaussian2_sigma
#   datatype: float32
[...]
#   datatype: float32
#   description: "Secondary eclipse: uncertainty of \\texttt{derivedSecondaryEclDuration}"
#   meta:
#     ucd: stat.error;time.duration
# - 
#   name: derived_secondary_ecl_depth
#   datatype: float32
#   unit: mag
#   description: "Secondary eclipse: depth"
#   meta:
#     ucd: src.var.amplitude
# - 
#   name: derived_secondary_ecl_depth_error
#   datatype: float32
#   unit: mag
#   description: "Secondary eclipse: uncertainty of \\texttt{derivedSecondaryEclDepth}"
#   meta:
#     ucd: stat.error;src.var.amplitude
solution_id,source_id,global_ranking,reference_time,frequency,frequency_error,geom_model_reference_level,geom_model_reference_level_error,geom_model_gaussian1_phase,geom_model_gaussian1_phase_error,geom_model_gaussian1_sigma,geom_model_gaussian1_sigma_error,geom_model_gaussian1_depth,geom_model_gaussian1_depth_error,geom_model_gaussian2_phase,geom_model_gaussian2_phase_error,geom_model_gaussian2_sigma,geom_model_gaussian2_sigma_error,geom_model_gaussian2_depth,geom_model_gaussian2_depth_error,geom_model_cosine_half_period_amplitude,geom_model_cosine_half_period_amplitude_error,geom_model_cosine_half_period_phase,geom_model_cosine_half_period_phase_error,model_type,num_model_parameters,reduced_chi2,derived_primary_ecl_phase,derived_primary_ecl_phase_error,derived_primary_ecl_duration,derived_primary_ecl_duration_error,derived_primary_ecl_depth,derived_primary_ecl_depth_error,derived_secondary_ecl_phase,derived_secondary_ecl_phase_error,derived_secondary_ecl_duration,derived_secondary_ecl_duration_error,derived_secondary_ecl_depth,derived_secondary_ecl_depth_error
[from data line 36]
375316653866487564,5853377766922485376,0.617108,2269.3749573262476,0.10094374983633833,1.9440674E-6,16.377417,9.925747E-4,0.28283706,0.0013994107,0.025716735,0.0020818007,0.06941473,0.0035794384,0.78084064,0.014937887,0.015682332,0.004462851,1.9630804,1.2333105,0.052806333,0.0014910658,0.28283706,0.0013994107,"TWOGAUSSIANS_WITH_ELLIPSOIDAL_ON_ECLIPSE1",9,6.101281,0.78084064,0.0149181215,0.08782106,0.024991965,2.0686762,1.2336537,0.28283706,0.0013994107,0.14401372,0.011658085,0.17502724,0.00348396
375316653866487564,5853378728962049536,0.53243655,2327.830415153825,3.112091093549817,6.0466728E-6,19.671074,0.006624084,0.2582678,0.0037840933,0.073378004,0.0032908544,0.54569364,0.026133234,0.75236076,0.0024892022,0.069400676,0.0034622685,0.4762997,0.013957363,null,null,null,null,"TWOGAUSSIANS",8,2.573962,0.2582678,0.0037840933,0.4,0.0,0.5437755,0.026190026,0.75236076,0.0024892022,0.38864377,0.019388704,0.4743816,0.014104674
375316653866487564,5853378797680253568,0.43489,2285.1064518330663,2.8400798573146186,1.970144E-5,17.147116,0.1580384,0.2611077,0.0069159176,0.087506086,0.039841328,0.23098217,0.11403311,0.749828,0.011223781,0.118792236,0.083401956,0.19657592,0.13799858,null,null,null,null,"TWOGAUSSIANS",8,11.286631,0.26113772,0.006279628,0.4,0.0,0.21184342,0.030378863,0.749828,0.011223781,0.4,0.0,0.17737703,0.031124812
375316653866487564,5853379171288545408,0.530835,2296.506458690631,2.3320716250883025,9.249071E-6,18.243088,0.0023443452,0.2314287,0.0021340395,0.020404836,0.0072829784,0.046848215,0.015051087,0.7599613,0.0134186065,0.030184807,0.011555883,0.032966707,0.015967658,0.09441251,0.0036460934,0.2314287,0.0021340395,"TWOGAUSSIANS_WITH_ELLIPSOIDAL_ON_ECLIPSE1",9,3.989158,0.2314287,0.0021340395,0.11426708,0.04078468,0.23567322,0.014481068,0.7599613,0.0134186065,0.16903493,0.06471295,0.21578766,0.013939233
375316653866487564,5853379244357075328,0.45363456,2281.1369122180054,2.669633450584974,1.2672359E-5,19.840416,0.006866133,0.1965532,0.0049336916,0.03489705,0.036158435,0.018950343,0.03390185,null,null,null,null,null,null,0.094005086,0.011477565,0.1965532,0.0049336916,"ONEGAUSSIAN_WITH_ELLIPSOIDAL",6,2.6397245,0.1965532,0.0049336916,0.1954235,0.20248725,0.20696042,0.04919765,null,null,null,null,null,null
375316653866487564,5853379244391322240,0.5210728,2279.701567319995,0.40491564898156407,2.5306097E-6,15.262353,0.00184272,0.2599385,0.0017338721,0.02312079,0.0034276745,0.12278073,0.017931473,0.7596981,8.481802E-4,0.020749735,0.0011277627,0.32271454,0.04070658,null,null,null,null,"TWOGAUSSIANS",8,39.284164,0.7596981,8.481802E-4,0.11619851,0.0063154716,0.32271454,0.04070658,0.2599385,0.0017338721,0.12947643,0.019194977,0.12278073,0.017931473
375316653866487564,5853379377446962816,0.45104486,2294.37160632796,0.8970936114409425,6.230438E-6,18.18916,0.00207675,0.2584946,0.0023130998,0.024559032,0.0036765623,0.07827403,0.018420698,0.77820396,0.0036928118,0.018734667,0.0029022936,0.13719004,0.006926628,0.014042019,0.004501978,0.2584946,0.0023130998,"TWOGAUSSIANS_WITH_ELLIPSOIDAL_ON_ECLIPSE1",9,4.610017,0.77820396,0.0036928118,0.104914136,0.016252844,0.1648456,0.008221929,0.2584946,0.0023130998,0.13753058,0.020588748,0.106358066,0.0189979
375316653866487564,5853379617962994176,0.52275664,2277.8502704593366,2.5218569748893023,7.253877E-6,16.904806,0.024494866,0.29821816,0.0026833222,0.06722821,0.008261886,0.24927959,0.047294155,0.80492705,0.0041499855,0.057441548,0.009270804,0.18103594,0.050552037,0.039776083,0.026217641,0.29821816,0.0026833222,"TWOGAUSSIANS_WITH_ELLIPSOIDAL_ON_ECLIPSE1",9,34.437588,0.29821816,0.0026833222,0.376478,0.045351427,0.32858714,0.010703715,0.80492705,0.0041499855,0.32167268,0.051916506,0.2602022,0.008372265
375316653866487564,5853379965912633216,0.50441957,2343.8864649913594,2.932730698586888,8.968342E-6,16.991922,0.011240591,0.24370278,0.0038950827,0.06125529,0.005353358,0.5096723,0.016574277,0.7419459,0.0018296405,0.065619655,0.0024438465,0.6027262,0.016207999,null,null,null,null,"TWOGAUSSIANS",8,20.621405,0.7419459,0.0018296405,0.36747006,0.013685541,0.6022799,0.016107589,0.24370278,0.0038950827,0.34302965,0.029978804,0.509226,0.016652318
375316653866487564,5853380309543474816,0.44101334,2281.765416218895,1.540212700213483,1.2482499E-5,17.15965,0.0069158236,0.12622185,0.0021303606,0.024832567,0.0022569245,0.3947993,0.03955657,0.6155976,0.014540815,0.039738405,0.017826043,0.11486535,0.011839683,null,null,null,null,"TWOGAUSSIANS",8,84.58197,0.12622185,0.0021303606,0.13906237,0.012638777,0.3947993,0.03955657,0.6155976,0.014540815,0.22253507,0.099825844,0.11486535,0.011839683
375316653866487564,5853380481308916352,0.56700975,2307.491901492769,2.3242900456543834,4.4113176E-6,16.97874,0.0051640226,0.23593073,0.0017191373,0.08273774,0.0020004257,0.43278012,0.0098383725,0.7343211,0.00237762,0.085502036,0.0030738625,0.418479,0.012671327,null,null,null,null,"TWOGAUSSIANS",8,18.048374,0.23593073,0.0017191373,0.4,0.0,0.42279202,0.009722002,0.7343211,0.00237762,0.4,0.0,0.40849087,0.013459107
375316653866487564,5853380653107984384,0.47903484,2310.5793647285423,1.314859968749306,9.285209E-6,19.479555,0.008904916,0.22487377,0.0062177535,0.103088856,0.012760008,0.14962237,0.00983715,0.7255828,0.002768059,0.08108621,0.0043503665,0.2962123,0.01401018,null,null,null,null,"TWOGAUSSIANS",8,1.5770279,0.7255828,0.002768059,0.4,0.0,0.28640738,0.013572483,0.22487377,0.0062177535,0.4,0.0,0.13981514,0.010599809
375316653866487564,5853380824939623040,0.46900114,2309.93409650725,0.8119097587631752,4.7821773E-6,17.77501,0.002290356,0.2798995,0.0024073962,0.024955936,0.0015320488,0.1796046,0.011237327,0.7832186,5.0441327E-4,0.021739217,6.541017E-4,0.18712904,0.0035848476,null,null,null,null,"TWOGAUSSIANS",8,9.324641,0.7832186,5.0441327E-4,0.12173961,0.0036629697,0.18712904,0.0035848476,0.2798995,0.0024073962,0.13975324,0.008579473,0.1796046,0.011237327
375316653866487564,5853380859266497920,0.45936358,2305.0595252041585,2.913074743340211,1.3849672E-5,19.332348,0.03992098,0.30523548,0.0059681428,0.11004113,0.017606257,0.280173,0.036349952,0.79787683,0.0045443526,0.099682845,0.016325356,0.26684088,0.034346603,null,null,null,null,"TWOGAUSSIANS",8,4.886251,0.30523548,0.0059674694,0.4,0.0,0.25086534,0.016549986,0.79787683,0.0045443526,0.4,0.0,0.2375505,0.017671825
375316653866487564,5853381409022473856,0.42357987,2293.510261438719,1.4429062487585131,2.3607308E-5,19.379622,0.0056917053,0.085168175,0.0064556994,0.006827834,0.009621026,0.1491016,0.057774454,0.55760926,0.0024213593,0.029998379,0.003550887,0.26824632,0.02979061,null,null,null,null,"TWOGAUSSIANS",8,7.41184,0.55760926,0.0024213593,0.16799092,0.019884968,0.26824632,0.02979061,0.085168175,0.0064556994,0.03823587,0.053877745,0.1491016,0.057774454
375316653866487564,5853381752620169600,0.4860856,2291.4112754480648,3.2639391467339784,8.109515E-6,19.71854,0.009822755,0.23349781,0.0033323704,0.070411265,0.0034572487,0.44556922,0.012032371,0.74486315,0.0067514763,0.069418035,0.00791266,0.32990038,0.012499223,null,null,null,null,"TWOGAUSSIANS",8,3.528559,0.23349781,0.0033323704,0.39430308,0.015615872,0.44461262,0.011529896,0.74486315,0.0067514763,0.38874102,0.031625364,0.32894376,0.012363554
375316653866487564,5853381890091578368,0.6385144,2318.943753018555,0.294413753462768,1.0849419E-6,16.118525,7.0652645E-4,0.32321203,5.5268017E-4,0.01585356,4.343426E-4,0.30191275,0.0043023154,0.80518264,0.0059287697,0.010880984,0.001974938,0.5319684,0.18172136,null,null,null,null,"TWOGAUSSIANS",8,5.936259,0.80518264,0.0059287697,0.06093351,0.011059653,0.5319684,0.18172136,0.32321203,5.5268017E-4,0.088779934,0.0024323186,0.30191275,0.0043023154
375316653866487564,5853381924419011712,0.47954175,2333.387467697424,1.0276292206035345,8.068014E-6,19.230764,0.0126651,0.26054415,0.004277627,0.09433154,0.009610004,0.18047997,0.012157885,0.7729759,0.003769325,0.08714574,0.006715003,0.22407521,0.012692905,null,null,null,null,"TWOGAUSSIANS",8,2.7476425,0.7729759,0.003769325,0.4,0.0,0.21665864,0.009269303,0.26054415,0.004277627,0.4,0.0,0.17306307,0.0104000885
375316653866487564,5853381924451331072,0.5390755,2320.724411505612,2.5001727500176476,5.703533E-6,17.457806,0.0076967347,0.30563036,0.0018406953,0.09181963,0.004073262,0.2553697,0.007416198,0.79863507,0.0050474075,0.07689729,0.0062141307,0.2014115,0.010896824,null,null,null,null,"TWOGAUSSIANS",8,9.862047,0.30563036,0.0018406953,0.4,0.0,0.25037333,0.005877523,0.79863507,0.0050474075,0.4,0.0,0.19641533,0.009662662
375316653866487564,5853381958778682240,0.49309656,2315.885033239058,2.273654129001901,8.002976E-6,19.39976,0.014425526,0.2639788,0.006406792,0.086688116,0.0111842565,0.3161313,0.014546071,0.76475394,0.0039198045,0.08260268,0.005685306,0.31728894,0.016302792,null,null,null,null,"TWOGAUSSIANS",8,4.2630367,0.76475394,0.0039198045,0.4,0.0,0.30931926,0.013657857,0.2639788,0.006406792,0.4,0.0,0.30816162,0.015478304
375316653866487564,5853381993138486784,0.46126893,2313.471720600266,2.130513683286865,1.0700335E-5,19.85169,0.017461607,0.25831994,0.0040741675,0.06699613,0.008259476,0.2954886,0.021749888,0.7434986,0.009263067,0.0696158,0.015079385,0.18802185,0.03125009,null,null,null,null,"TWOGAUSSIANS",8,4.291058,0.25831994,0.0040741675,0.3751783,0.04400193,0.29510257,0.021554817,0.7434986,0.009263067,0.38984853,0.06561449,0.18763582,0.031321988
375316653866487564,5853382233654398976,0.55655307,2280.1962492872754,2.6624120290874607,4.6688574E-6,19.433937,0.0070465305,0.23851709,0.0015142373,0.04769361,0.003051093,0.3608151,0.023329163,0.7307796,0.0089455005,0.041002806,0.0049585453,0.4105106,0.059710827,0.11968132,0.011849611,0.23851709,0.0015142373,"TWOGAUSSIANS_WITH_ELLIPSOIDAL_ON_ECLIPSE1",9,2.0051496,0.73133963,0.008386724,0.2296157,0.027767856,0.6493481,0.05897885,0.23851709,0.0015142373,0.2670842,0.017086122,0.60017735,0.015543858
375316653866487564,5853382508567065728,0.54335135,2300.4556933738345,3.1981432726339283,6.4256365E-6,17.728228,0.33025262,0.25255537,0.0064310646,0.12931783,0.051443275,0.2362609,0.3104285,0.7372414,0.0038194337,0.1294505,0.051293388,0.24172637,0.3090722,null,null,null,null,"TWOGAUSSIANS",8,2.9152353,0.7372414,0.0038194337,0.4,0.0,0.17621915,0.005465412,0.25281537,0.0046081487,0.4,0.0,0.17076552,0.0060747527
375316653866487564,5853383848596958336,0.46193478,2306.421939786412,0.24775634146519812,1.64548E-5,17.734156,0.0036852208,0.24620982,0.010976022,0.03307197,0.028946064,0.06805899,0.023879806,null,null,null,null,null,null,0.023659496,0.0047216,0.24620982,0.010976022,"ONEGAUSSIAN_WITH_ELLIPSOIDAL",6,3.4378028,0.24620982,0.010976022,0.18520303,0.16209796,0.115377896,0.028737094,null,null,null,null,null,null
375316653866487564,5853383882922330624,0.43071067,2296.3813758234746,0.7587785345378364,1.8148507E-5,18.925976,0.019700492,0.29896787,0.0058337683,0.083547555,0.009713671,0.19999601,0.02010617,0.74299955,0.0212862,0.10436305,0.04443431,0.10385016,0.01982023,null,null,null,null,"TWOGAUSSIANS",8,7.2629247,0.29898787,0.005756465,0.4,0.0,0.19657898,0.014792585,0.74299955,0.0212862,0.4,0.0,0.10042101,0.021671334
375316653866487564,5853384020361345024,0.5239356,2279.5078885929497,2.6136831590069174,7.92242E-6,17.56135,0.03279531,0.26521972,0.004656974,0.11139011,0.010335921,0.4239618,0.031677507,0.7782125,0.0026461268,0.101705745,0.008136868,0.4388093,0.029378558,null,null,null,null,"TWOGAUSSIANS",8,27.898727,0.7782325,0.0026541182,0.4,0.0,0.39137477,0.013410756,0.26521972,0.004658751,0.4,0.0,0.37649268,0.014877431
375316653866487564,5853384089080866176,0.50537044,2274.74464088023,1.9113088257616948,8.662836E-6,19.490063,0.015871732,0.23066978,0.003056571,0.075849734,0.005089028,0.4495181,0.024369996,0.72082806,0.009804342,0.08425866,0.016972631,0.18323064,0.015983554,null,null,null,null,"TWOGAUSSIANS",8,4.672331,0.23066978,0.003056571,0.4,0.0,0.44604856,0.023862872,0.72082806,0.009804342,0.4,0.0,0.17976107,0.01573811
375316653866487564,5853384329600388224,0.5295176,2306.6246665131725,1.7442534419504128,6.3966645E-6,18.685705,0.003541054,0.5111923,0.023952104,0.019718071,0.019554855,0.05538352,0.7759728,0.75453824,0.0016999616,0.04125373,0.0016812806,0.6565667,0.035402223,null,null,null,null,"TWOGAUSSIANS",8,7.4940243,0.75453824,0.0016999616,0.23102088,0.009415171,0.6565667,0.035402223,0.5111923,0.023952104,0.110421196,0.10950719,0.055383537,0.7759728
375316653866487564,5853384329600464384,0.45648238,2313.2342592798586,0.6232501695493629,1.9539893E-5,19.10189,0.005633856,0.17410716,0.018506134,0.006893683,0.0041843005,1.39236,12.527828,0.77421165,0.008901127,0.007976144,0.009194624,0.05110185,5.9963408,null,null,null,null,"TWOGAUSSIANS",8,9.417649,0.17410716,0.018506134,0.03860463,0.023432083,1.39236,12.527828,0.77421165,0.008901127,0.044666406,0.051489893,0.05110185,5.9963408
375316653866487564,5853384359614049792,0.4669097,2301.319288462739,1.3681909668612702,1.7034157E-5,18.411312,0.037414316,0.2745652,0.006513531,0.09611737,0.018128742,0.18203025,0.03473982,0.76232827,0.0058333743,0.13022757,0.02867694,0.15669464,0.034439713,null,null,null,null,"TWOGAUSSIANS",8,4.866374,0.27466518,0.0065794503,0.4,0.0,0.15688492,0.010505266,0.76232827,0.0058333743,0.4,0.0,0.13134047,0.00825598
375316653866487564,5853384393966983552,0.647425,2324.13150057637,0.026814373108834725,1.7535089E-5,13.796491,2.4432878E-4,0.28116864,0.0044709267,0.009008303,0.0072324374,0.008466675,0.1661013,0.69524306,0.0024430854,0.0026234852,0.0015002757,0.27196878,0.5064302,null,null,null,null,"TWOGAUSSIANS",8,5.3584743,0.69524306,0.0024430854,0.014691518,0.008401544,0.27196878,0.5064302,0.28116864,0.0044709267,0.0504465,0.040501647,0.008466675,0.1661013
375316653866487564,5853384501399302656,0.52197707,2319.567470375232,2.618855489916341,8.1222415E-6,18.679281,0.00808272,0.25675777,0.0032961448,0.09840944,0.0054860446,0.21182726,0.0077671683,0.7611005,0.0035455544,0.09230053,0.0063219233,0.18146183,0.008014035,null,null,null,null,"TWOGAUSSIANS",8,1.8126225,0.25675777,0.0032961448,0.4,0.0,0.19992706,0.0049305907,0.7611005,0.0035455544,0.4,0.0,0.16956255,0.0055144625
375316653866487564,5853384673198093056,0.46662426,2299.047612110623,3.350412958120769,1.1163273E-5,19.11203,0.0033733423,null,null,null,null,null,null,null,null,null,null,null,null,0.08690572,0.005848389,0.23271795,0.0036042603,"ELLIPSOIDAL",4,3.731009,null,null,null,null,null,null,null,null,null,null,null,null
375316653866487564,5853384741917722752,0.4795222,2317.5550940657204,2.868857327415449,1.1932503E-5,19.660566,0.015265453,0.23597209,0.0074187405,0.068812415,0.00685467,0.53557366,0.04586867,0.74111986,0.004481466,0.06373896,0.005200733,0.6293947,0.037400696,null,null,null,null,"TWOGAUSSIANS",8,10.186988,0.74111986,0.004481466,0.35693815,0.029124105,0.6285829,0.037567817,0.23597209,0.0074187405,0.38534954,0.03065764,0.53476185,0.046120185
375316653866487564,5853384913716339072,0.47837391,2293.417948460959,2.3654849751385343,1.0004916E-5,16.835625,0.21974191,0.18786421,0.0031227237,0.15312065,0.013277507,0.27854744,0.1351933,0.68621135,0.0037346173,0.20229368,0.051715743,0.2968127,0.21599078,null,null,null,null,"TWOGAUSSIANS",8,8.282837,0.18855421,0.0032195607,0.4,0.0,0.09604491,0.0035280308,0.68621135,0.0037346173,0.4,0.0,0.089016475,0.0056621665
375316653866487564,5853385463504931712,0.5310146,2295.647551601624,0.9840760430393021,4.466745E-6,16.495895,0.0011061492,0.23757891,0.0014029646,0.032904204,0.00317747,0.07040251,0.0035379056,null,null,null,null,null,null,0.032143787,0.0016111172,0.23757891,0.0014029646,"ONEGAUSSIAN_WITH_ELLIPSOIDAL",6,5.814682,0.23757891,0.0014029646,0.18426354,0.017793832,0.13469006,0.003925206,null,null,null,null,null,null
