Gaia/vari_eclipsing_binary/VariEclipsingBinary_098885-099873.csv
# %ECSV 1.0
# ---
# delimiter: ','
# meta: !!omap
# - RELEASE: Gaia DR3
# - TABLE: vari_eclipsing_binary
# - DESCRIPTION: >
#     This table describes the properties of the eclipsing binaries resulting from the variability analysis. 
# - CITATION: >
#     How to cite and acknowledge Gaia: 
#     https://gea.esac.esa.int/archive/documentation/credits.html 
# - KNOWN_ISSUES: >
#     Known issues: 
#     https://www.cosmos.esa.int/web/gaia-users/known-issues 
# - DOCUMENTATION: >
#     Tutorials and documentation: 
#     https://www.cosmos.esa.int/web/gaia-users/archive 
# datatype:
# - 
#   name: solution_id
#   datatype: int64
#   description: Solution Identifier
#   meta:
#     ucd: meta.version
# - 
#   name: source_id
#   datatype: int64
#   description: Unique source identifier
#   meta:
#     ucd: meta.id;meta.main
# - 
#   name: global_ranking
#   datatype: float32
#   description: Number between 0 (worst) and 1 (best)
#   meta:
#     ucd: stat.param
# - 
#   name: reference_time
#   datatype: float64
#   unit: d
#   description: Reference time used for the geometric model fit
#   meta:
#     ucd: time.epoch
# - 
#   name: frequency
#   datatype: float64
#   unit: d**-1
#   description: Frequency of geometric model of the eclipsing binary light curve
#   meta:
#     ucd: src.orbital
# - 
#   name: frequency_error
#   datatype: float32
#   unit: d**-1
#   description: "Uncertainty of \\texttt{frequency}"
#   meta:
#     ucd: stat.error
# - 
#   name: geom_model_reference_level
#   datatype: float32
#   unit: mag
#   description: Magnitude reference level of geometric model
#   meta:
#     ucd: phot.mag;em.opt
# - 
#   name: geom_model_reference_level_error
#   datatype: float32
#   unit: mag
#   description: "Uncertainty of \\texttt{geomModelReferenceLevel}"
#   meta:
#     ucd: stat.error;phot.mag;em.opt
# - 
#   name: geom_model_gaussian1_phase
#   datatype: float32
#   description: Phase of the Gaussian 1 component
#   meta:
#     ucd: time.phase
# - 
#   name: geom_model_gaussian1_phase_error
#   datatype: float32
#   description: "Uncertainty of \\texttt{geomModelGaussian1Phase}"
#   meta:
#     ucd: stat.error;time.phase
# - 
#   name: geom_model_gaussian1_sigma
#   datatype: float32
#   description: "Standard deviation [phase] of Gaussian 1 component"
#   meta:
#     ucd: stat.stdev
# - 
#   name: geom_model_gaussian1_sigma_error
#   datatype: float32
#   description: "Uncertainty of \\texttt{geomModelGaussian1Sigma}"
#   meta:
#     ucd: stat.error
# - 
#   name: geom_model_gaussian1_depth
#   datatype: float32
#   unit: mag
#   description: Magnitude depth of Gaussian 1 component
#   meta:
#     ucd: src.var.amplitude
# - 
#   name: geom_model_gaussian1_depth_error
#   datatype: float32
#   unit: mag
#   description: "Uncertainty of \\texttt{geomModelGaussian1Depth}"
#   meta:
#     ucd: stat.error;src.var.amplitude
# - 
#   name: geom_model_gaussian2_phase
#   datatype: float32
#   description: Phase of Gaussian 2 component
#   meta:
#     ucd: time.phase
# - 
#   name: geom_model_gaussian2_phase_error
#   datatype: float32
#   description: "Uncertainty of \\texttt{geomModelGaussian2Phase}"
#   meta:
#     ucd: stat.error;time.phase
# - 
#   name: geom_model_gaussian2_sigma
#   datatype: float32
[...]
#   datatype: float32
#   description: "Secondary eclipse: uncertainty of \\texttt{derivedSecondaryEclDuration}"
#   meta:
#     ucd: stat.error;time.duration
# - 
#   name: derived_secondary_ecl_depth
#   datatype: float32
#   unit: mag
#   description: "Secondary eclipse: depth"
#   meta:
#     ucd: src.var.amplitude
# - 
#   name: derived_secondary_ecl_depth_error
#   datatype: float32
#   unit: mag
#   description: "Secondary eclipse: uncertainty of \\texttt{derivedSecondaryEclDepth}"
#   meta:
#     ucd: stat.error;src.var.amplitude
solution_id,source_id,global_ranking,reference_time,frequency,frequency_error,geom_model_reference_level,geom_model_reference_level_error,geom_model_gaussian1_phase,geom_model_gaussian1_phase_error,geom_model_gaussian1_sigma,geom_model_gaussian1_sigma_error,geom_model_gaussian1_depth,geom_model_gaussian1_depth_error,geom_model_gaussian2_phase,geom_model_gaussian2_phase_error,geom_model_gaussian2_sigma,geom_model_gaussian2_sigma_error,geom_model_gaussian2_depth,geom_model_gaussian2_depth_error,geom_model_cosine_half_period_amplitude,geom_model_cosine_half_period_amplitude_error,geom_model_cosine_half_period_phase,geom_model_cosine_half_period_phase_error,model_type,num_model_parameters,reduced_chi2,derived_primary_ecl_phase,derived_primary_ecl_phase_error,derived_primary_ecl_duration,derived_primary_ecl_duration_error,derived_primary_ecl_depth,derived_primary_ecl_depth_error,derived_secondary_ecl_phase,derived_secondary_ecl_phase_error,derived_secondary_ecl_duration,derived_secondary_ecl_duration_error,derived_secondary_ecl_depth,derived_secondary_ecl_depth_error
[from data line 369]
375316653866487564,874215961465296896,0.6469296,2022.5136424731734,2.77215556779696,3.426779E-6,15.944751,0.014152058,0.24475339,0.0015321341,0.055394754,0.0051398985,0.34454164,0.02698458,0.7424885,0.002949684,0.055721488,0.003680563,0.33349955,0.032611266,0.1155705,0.015995728,0.24475339,0.0015321341,"TWOGAUSSIANS_WITH_ELLIPSOIDAL_ON_ECLIPSE1",9,21.793896,0.24475339,0.0015321341,0.31021062,0.028783431,0.57565725,0.0088410005,0.7428185,0.0024966113,0.31204033,0.020611154,0.56457514,0.013799508
375316653866487564,874217164056139648,0.5161002,2033.8650668250907,4.163205041465836,1.19189E-5,17.05075,0.006307176,0.20223136,0.0027279358,0.07041135,0.0036426042,0.7108981,0.07350129,0.68674076,0.0022107435,0.065878674,0.0072072125,0.5528385,0.1568006,null,null,null,null,"TWOGAUSSIANS",8,8.389161,0.20223136,0.0027279358,0.39430353,0.019396067,0.7099136,0.07395649,0.68674076,0.0022107435,0.3689206,0.037761744,0.551854,0.1575842
375316653866487564,874225650911508992,0.5013174,2044.488166541552,2.504574236372133,1.5598513E-5,13.678909,0.11564133,0.2298506,0.0034670623,0.21335289,0.056013677,0.82536197,0.13803141,0.732176,0.0039640283,0.19073167,0.037299536,0.77966344,0.17040144,null,null,null,null,"TWOGAUSSIANS",8,118.75168,0.73439604,0.0048628813,0.4,0.0,0.14318201,0.011308375,0.2279706,0.0032950707,0.4,0.0,0.13314474,0.010333606
375316653866487564,874225852773713152,0.45278445,2013.620522436662,2.312705158949052,1.6360562E-5,18.230183,0.0059438054,0.31394067,0.0045224386,0.050198533,0.005388755,0.18511826,0.014464554,0.82166386,0.010182089,0.028066874,0.011599986,0.12050084,0.03605227,null,null,null,null,"TWOGAUSSIANS",8,10.237928,0.31394067,0.0045224386,0.28111178,0.030177029,0.18511826,0.014464555,0.82166386,0.010182089,0.1571745,0.06495992,0.12050084,0.03605227
375316653866487564,874259392175244416,0.6940758,2089.7352666643483,1.5164269724401263,2.3001294E-6,10.511506,0.0038500037,0.22293514,0.0023882848,0.03815656,0.005723857,0.11461384,0.014998597,0.72439224,3.4041074E-4,0.03926032,0.001657926,0.8264431,0.078045726,0.056971874,0.005430447,0.22293514,0.0023882848,"TWOGAUSSIANS_WITH_ELLIPSOIDAL_ON_ECLIPSE1",9,28.257618,0.72439224,3.4041074E-4,0.21985778,0.0092843855,0.9403773,0.08474765,0.22293514,0.0023882848,0.21367675,0.032053597,0.22855757,0.014197411
375316653866487564,874265645647584128,0.52660215,2107.8039113793548,2.554454057099241,2.2818183E-5,16.655777,0.010900023,0.20969076,0.0047033983,0.09115641,0.0075258533,0.18049967,0.013614874,0.7203768,0.0059695086,0.09035402,0.010749736,0.1806551,0.0104474705,null,null,null,null,"TWOGAUSSIANS",8,16.296778,0.7203768,0.0059695086,0.4,0.0,0.17375608,0.007729287,0.20969076,0.0047033983,0.4,0.0,0.17360061,0.011311846
375316653866487564,874277396678518272,0.47056276,2084.968030986257,0.18419190500220334,3.8147795E-5,19.835114,0.011512276,null,null,null,null,null,null,null,null,null,null,null,null,0.19654731,0.016915249,0.23091762,0.008918022,"ELLIPSOIDAL",4,4.1447043,null,null,null,null,null,null,null,null,null,null,null,null
375316653866487564,874310205931902080,0.49001217,2088.1935663365016,0.08674040832643641,2.1444805E-5,18.503222,0.002982786,0.24923469,0.0067112837,0.01589344,0.009479946,0.1794381,0.032020368,0.6758438,0.012708186,0.019303452,0.006592235,0.18252614,0.05055661,null,null,null,null,"TWOGAUSSIANS",8,2.7479305,0.6758438,0.012708186,0.10809933,0.036916517,0.18252614,0.05055661,0.24923469,0.0067112837,0.089003265,0.0530877,0.1794381,0.032020368
375316653866487564,874333570552936960,0.5173273,2049.343687897191,2.833756193715978,7.349168E-5,18.299911,0.0049702623,0.5448567,0.002817655,0.035780363,0.0038053377,0.31844944,0.03179154,null,null,null,null,null,null,null,null,null,null,"ONEGAUSSIAN",5,5.9643316,0.5448567,0.002817655,0.20037003,0.021309892,0.31844944,0.0,null,null,null,null,null,null
375316653866487564,874373810103769344,0.5619365,2112.6895186019424,3.1269961598359663,1.1562488E-5,17.14678,0.0077480115,0.20208445,0.0049871868,0.08556286,0.0052111233,0.27847993,0.011735594,0.7084321,0.006029405,0.068495765,0.0065969676,0.309205,0.019764569,null,null,null,null,"TWOGAUSSIANS",8,14.5546465,0.7084321,0.006029405,0.3835763,0.034479506,0.30659235,0.020320654,0.20208445,0.0049871868,0.4,0.0,0.27586728,0.0113834245
375316653866487564,874378483028147712,0.5862687,2093.3968316131554,3.454951903538587,7.862179E-6,17.06795,0.013711922,0.27602914,0.0012491592,0.09142086,0.0051949937,0.31638607,0.009894965,0.77794164,0.0033367402,0.08579038,0.0047254884,0.3737977,0.018249802,null,null,null,null,"TWOGAUSSIANS",8,8.528547,0.77794164,0.0033367402,0.4,0.0,0.3613877,0.01709464,0.27602914,0.0012491592,0.4,0.0,0.30397588,0.005752145
375316653866487564,874385281959736192,0.58959544,2116.612301720735,3.3423298058977493,9.600824E-6,12.153274,0.07150738,0.26290572,0.0065182,0.06519696,0.022000127,0.27975833,0.14385733,0.7699869,0.00609823,0.05819859,0.025160972,0.19833499,0.1457615,0.07798996,0.07568591,0.7699869,0.00609823,"TWOGAUSSIANS_WITH_ELLIPSOIDAL_ON_ECLIPSE2",9,423.02875,0.26402572,0.0045815227,0.365103,0.11368129,0.4353423,0.012944026,0.7699869,0.00609823,0.32591212,0.14001915,0.35417897,0.017418103
375316653866487564,874419130598641792,0.5134544,2155.3026080140994,1.0911346798806985,1.0164772E-5,16.868834,0.025445867,0.19474548,0.016875751,0.025788942,0.029434245,0.08188279,0.032783285,0.7018127,0.0027522915,0.044799082,0.04576692,0.23154604,0.090833575,0.037056427,0.021238692,0.7018127,0.0027522915,"TWOGAUSSIANS_WITH_ELLIPSOIDAL_ON_ECLIPSE2",9,22.25169,0.7018127,0.0027522915,0.25087488,0.14540097,0.3056588,0.1308726,0.19506548,0.016051054,0.14441808,0.16483177,0.15585612,0.031865064
375316653866487564,874420333189525376,0.6296655,2166.1717142363304,3.6461791862104653,5.909857E-6,15.849186,0.010361565,0.14152381,0.0034129303,0.04797559,0.005141836,0.26214585,0.023507062,0.6476596,0.0021413232,0.054282103,0.0041619046,0.37530372,0.024038816,0.11207514,0.014633737,0.6476596,0.0021413232,"TWOGAUSSIANS_WITH_ELLIPSOIDAL_ON_ECLIPSE2",9,41.703083,0.6476596,0.0021413232,0.30397978,0.023306664,0.59944415,0.013738367,0.1423438,0.0028384798,0.2686633,0.028794281,0.485998,0.0127557935
375316653866487564,874434725623240320,0.5090179,2161.235170321709,4.343768898819522,2.5641017E-5,19.19908,0.06789605,0.29969463,0.007104131,0.12409183,0.03390378,0.27079806,0.05553374,0.78791684,0.0074097663,0.09970342,0.021321503,0.25667363,0.06587168,null,null,null,null,"TWOGAUSSIANS",8,2.5275066,0.29969463,0.0070994548,0.4,0.0,0.2323577,0.036333814,0.78791684,0.0074097663,0.4,0.0,0.21840394,0.015386738
375316653866487564,874448267656718080,0.6334348,2087.9816385023914,3.235862485023565,1.7831959E-5,16.727985,0.017123966,0.2846663,0.0012824727,0.04536918,0.0056244708,0.50171685,0.032529462,0.7855715,0.009871131,0.039494395,0.015297646,0.39402467,0.15548243,0.15058716,0.021670986,0.2846663,0.0012824727,"TWOGAUSSIANS_WITH_ELLIPSOIDAL_ON_ECLIPSE1",9,31.126806,0.2846663,0.0012824727,0.25406742,0.03149704,0.80289084,0.04468548,0.7855715,0.009513082,0.22116862,0.08566681,0.69518894,0.16308814
375316653866487564,874498810831805056,0.5978884,2110.688119052313,1.7880532302824506,9.006139E-6,15.598008,0.007643016,0.28880882,0.004345055,0.09533928,0.0062126797,0.30352134,0.014663611,0.7974929,0.0019220833,0.07808769,0.0037673218,0.17633511,0.008046897,null,null,null,null,"TWOGAUSSIANS",8,25.506275,0.28880882,0.004345055,0.4,0.0,0.29712546,0.015014971,0.7974929,0.0019220833,0.4,0.0,0.16993997,0.006583986
375316653866487564,874509771588289920,0.50058895,2130.3540679739735,3.8001130130623078,2.4107954E-5,19.365608,0.03850145,0.25212508,0.014913659,0.053837206,0.039089512,0.6629184,0.31826714,0.7426975,0.008204782,0.063542865,0.018627038,0.25307637,0.043771286,null,null,null,null,"TWOGAUSSIANS",8,4.074257,0.25212508,0.014913659,0.30148834,0.10545254,0.66285515,0.32420766,0.7426975,0.008204782,0.35584006,0.07490804,0.25301313,0.041865677
375316653866487564,874526642219761536,0.64738584,2112.4107462892425,0.38009375672646306,1.3675686E-6,13.195604,0.001509229,0.6191016,0.15097219,0.013483067,0.058439925,0.010809004,0.0072981697,0.79635787,7.063445E-4,0.005953263,1.5105659E-4,4.7291923,0.66564745,0.0046426198,0.0021137195,0.79635787,7.063445E-4,"TWOGAUSSIANS_WITH_ELLIPSOIDAL_ON_ECLIPSE2",9,51.44646,0.79635787,7.063445E-4,0.03333827,8.459169E-4,4.738477,0.6663601,0.6198816,0.19688708,0.075505175,0.3272636,0.012635464,0.008602698
375316653866487564,874530520573288960,0.5127433,2155.843520416021,3.3956223463505877,1.43175785E-5,19.313564,0.0127102705,0.28916383,0.039265476,0.060423587,0.020061795,0.27193588,0.08522915,0.81350756,0.0064828475,0.08880887,0.0090742,0.3093639,0.026847247,null,null,null,null,"TWOGAUSSIANS",8,2.7327824,0.81350756,0.0064828475,0.4,0.0,0.308162,0.027321622,0.28916383,0.039265476,0.33837208,0.11234605,0.2707342,0.08396498
375316653866487564,874534819837539584,0.66597134,2133.529291230253,4.274254651153345,7.5010594E-6,15.640579,0.009789459,0.2791586,0.0020002977,0.047299497,0.0028321957,0.5827418,0.022874631,0.7779446,0.0028922881,0.047511265,0.003247212,0.43663505,0.025156671,0.1292716,0.012269106,0.2791586,0.0020002977,"TWOGAUSSIANS_WITH_ELLIPSOIDAL_ON_ECLIPSE1",9,36.669804,0.2791586,0.0020002977,0.26487717,0.015860297,0.8412839,0.019930396,0.77806467,0.0025929064,0.26606306,0.018184386,0.6951636,0.022373427
375316653866487564,874551033339523584,0.45419306,2127.6170993804762,0.09069703393035465,2.723888E-5,19.232868,0.044431362,0.30014324,0.00860467,0.12650092,0.022805369,0.25708616,0.043363612,0.8196646,0.011453106,0.07853453,0.043025352,0.1281272,0.040686972,null,null,null,null,"TWOGAUSSIANS",8,3.162511,0.30014324,0.00860467,0.4,0.0,0.24164483,0.018632364,0.8198546,0.011136931,0.4,0.09668864,0.112931564,0.047434438
375316653866487564,874570996345419776,0.5007132,2080.4992755464436,1.8299812081210103,5.182385E-5,19.630615,0.010198505,0.25376055,0.058311623,0.08015769,0.036669206,0.07070102,0.041157585,0.71204287,0.008893935,0.06905664,0.014970251,0.40136293,1.283938,null,null,null,null,"TWOGAUSSIANS",8,1.403943,0.71204287,0.008893935,0.38671717,0.08059371,0.40094537,1.2842008,0.25376055,0.058311623,0.4,0.13222641,0.07028344,0.04113958
375316653866487564,874621062780702336,0.57996094,2091.151152694796,0.4322245479295972,7.565701E-6,14.695363,0.008622012,0.74397546,0.0013276938,0.027215702,0.0014183621,1.2797499,0.04984312,null,null,null,null,null,null,0.039295938,0.0087564625,0.74397546,0.0013276938,"ONEGAUSSIAN_WITH_ELLIPSOIDAL",6,432.83176,0.74397546,0.0013276938,0.15240793,0.007942827,1.3583417,0.051243786,null,null,null,null,null,null
375316653866487564,874623571041577216,0.54032046,2092.0830380545995,1.4750257364130637,2.6054438E-5,15.906402,0.007816387,0.18268314,0.0047711483,0.022804739,0.0031647857,0.5294881,0.03609477,0.4614753,3.2561246E-4,0.0075877523,2.0150056E-4,0.78394544,0.02228988,0.0060311244,0.011502664,0.18268314,0.0047711483,"TWOGAUSSIANS_WITH_ELLIPSOIDAL_ON_ECLIPSE1",9,216.52621,0.4614753,3.2561246E-4,0.042491414,0.0011284031,0.7843359,0.022546392,0.18268314,0.0047711483,0.12770653,0.017722799,0.5415503,0.034398157
375316653866487564,874652295782780032,0.6469781,2132.87985697727,2.5507063846848315,6.4493615E-6,13.285958,0.007718579,0.23765673,0.0041417717,0.05113358,0.004105721,0.22137494,0.018127168,0.7324465,0.0017629304,0.06130838,0.0062446785,0.18557405,0.01782981,0.11530234,0.008675972,0.7324465,0.0017629304,"TWOGAUSSIANS_WITH_ELLIPSOIDAL_ON_ECLIPSE2",9,97.94041,0.23673673,0.0033592358,0.28634804,0.022992037,0.45172885,0.013578644,0.7324465,0.0017629304,0.34332693,0.034970198,0.41613132,0.00953235
375316653866487564,874653086056801280,0.5794424,2136.7962056207575,1.1503643737238975,1.4473836E-5,13.976016,7.854175E-4,0.32007638,0.09822555,0.04983845,0.08825051,0.012251106,0.0064968467,0.78685635,0.0037283802,0.021398665,0.0033783198,0.36680517,0.14390273,0.01905766,0.0024440703,0.78685635,0.0037283802,"TWOGAUSSIANS_WITH_ELLIPSOIDAL_ON_ECLIPSE2",9,9.188889,0.78685635,0.0037283802,0.11983252,0.01891859,0.40492043,0.14531407,0.30731636,0.012392284,0.27909532,0.11975451,0.049344916,0.0030724085
375316653866487564,874654559229476096,0.54191357,2146.4430083929933,4.4418872272550045,1.125876E-5,18.978315,0.016752837,0.30080795,0.0063426644,0.074698076,0.0078017665,0.38447902,0.024356887,0.7818575,0.004632028,0.08526081,0.0063825957,0.42332715,0.042170376,null,null,null,null,"TWOGAUSSIANS",8,4.984557,0.7818575,0.004632028,0.4,0.0,0.41914222,0.042750508,0.30080795,0.0063426644,0.4,0.0094460845,0.3802941,0.02375096
375316653866487564,874654632245018112,0.6155913,2149.7533422553765,3.205023824960994,7.1723853E-6,14.333055,0.022989525,0.18288307,0.0048670983,0.036417212,0.010032883,0.26650822,0.043007884,0.6798002,0.005836621,0.047519863,0.020534296,0.45097047,0.13608359,0.14484018,0.021823047,0.18288307,0.0048670983,"TWOGAUSSIANS_WITH_ELLIPSOIDAL_ON_ECLIPSE1",9,293.07358,0.6801202,0.0052678343,0.26611122,0.11499206,0.74055296,0.15453693,0.18288307,0.0048670983,0.20393638,0.056184147,0.5561882,0.011877495
375316653866487564,874704591304431232,0.5075683,2065.5147429554495,0.7619093642602711,1.0295283E-6,18.01658,0.013799984,0.3306249,0.02453127,0.028069336,0.032882728,0.12181118,0.062031694,0.80857676,2.7918654E-6,4.49425E-4,8.418918E-6,0.9098461,0.010977431,null,null,null,null,"TWOGAUSSIANS",8,19.329971,0.80857676,2.7918654E-6,0.00251678,4.714594E-5,0.9098461,0.010977431,0.3306249,0.02453127,0.15718828,0.18414328,0.12181118,0.062031694
375316653866487564,874705347218667520,0.600369,2078.52702792109,3.8733655995869927,1.0588424E-5,17.909105,0.020476466,0.18834831,0.0022946054,0.043145426,0.007439979,0.46553499,0.064864956,0.7008588,0.0013244231,0.051408846,0.0032965417,0.64587146,0.040944427,0.114158936,0.02980124,0.18834831,0.0022946054,"TWOGAUSSIANS_WITH_ELLIPSOIDAL_ON_ECLIPSE1",9,9.358339,0.7008588,0.0013244231,0.28788954,0.018460635,0.87277997,0.023838159,0.18834831,0.0022946054,0.24161439,0.04166388,0.69385135,0.083574645
375316653866487564,874727440530566912,0.55151564,2141.596569668036,1.571022730591987,9.47115E-6,14.369787,0.0041308943,0.22446066,0.0015258976,0.034168117,0.0017817715,0.22576559,0.010925573,0.72202295,0.013399652,0.053386398,0.10091231,0.009118455,1.8842809E26,0.021557495,0.006255981,0.72202295,0.013399652,"TWOGAUSSIANS_WITH_ELLIPSOIDAL_ON_ECLIPSE2",9,148.8757,0.22442067,0.0014199739,0.19134146,0.009977921,0.26887047,0.009991794,0.72202295,0.013399652,0.29896384,0.56510895,0.052233282,1.8842809E26
375316653866487564,874734651779600640,0.5719171,2090.8999932603015,4.699804894571366,1.0977266E-5,19.491186,0.009634774,0.29512787,0.0044093826,0.06276022,0.0046370123,0.5820751,0.025706654,0.7901211,0.0060574412,0.070215754,0.0051347837,0.5676742,0.024494268,null,null,null,null,"TWOGAUSSIANS",8,1.6543435,0.29512787,0.0044093826,0.35145724,0.025967268,0.5812283,0.025709894,0.7901211,0.0060574412,0.39320824,0.02702345,0.5668275,0.024359463
375316653866487564,874746574608858496,0.57987195,2119.306163586936,0.8135983338147078,1.0292625E-6,18.539177,0.0044251597,0.5134546,0.012229753,0.011563452,0.013006201,0.23232701,7.2588304E10,0.8468711,1.979735E-5,0.003746579,3.65711E-5,2.9278135,0.021852467,0.010242353,0.009419688,0.5134546,0.012229753,"TWOGAUSSIANS_WITH_ELLIPSOIDAL_ON_ECLIPSE1",9,2.5795507,0.8468711,1.979735E-5,0.020980842,2.0479814E-4,2.932944,0.017523302,0.5134546,0.012229753,0.064755335,0.07283473,0.25281167,7.2588304E10
