Gaia/vari_eclipsing_binary/VariEclipsingBinary_669916-669953.csv
# %ECSV 1.0
# ---
# delimiter: ','
# meta: !!omap
# - RELEASE: Gaia DR3
# - TABLE: vari_eclipsing_binary
# - DESCRIPTION: >
#     This table describes the properties of the eclipsing binaries resulting from the variability analysis. 
# - CITATION: >
#     How to cite and acknowledge Gaia: 
#     https://gea.esac.esa.int/archive/documentation/credits.html 
# - KNOWN_ISSUES: >
#     Known issues: 
#     https://www.cosmos.esa.int/web/gaia-users/known-issues 
# - DOCUMENTATION: >
#     Tutorials and documentation: 
#     https://www.cosmos.esa.int/web/gaia-users/archive 
# datatype:
# - 
#   name: solution_id
#   datatype: int64
#   description: Solution Identifier
#   meta:
#     ucd: meta.version
# - 
#   name: source_id
#   datatype: int64
#   description: Unique source identifier
#   meta:
#     ucd: meta.id;meta.main
# - 
#   name: global_ranking
#   datatype: float32
#   description: Number between 0 (worst) and 1 (best)
#   meta:
#     ucd: stat.param
# - 
#   name: reference_time
#   datatype: float64
#   unit: d
#   description: Reference time used for the geometric model fit
#   meta:
#     ucd: time.epoch
# - 
#   name: frequency
#   datatype: float64
#   unit: d**-1
#   description: Frequency of geometric model of the eclipsing binary light curve
#   meta:
#     ucd: src.orbital
# - 
#   name: frequency_error
#   datatype: float32
#   unit: d**-1
#   description: "Uncertainty of \\texttt{frequency}"
#   meta:
#     ucd: stat.error
# - 
#   name: geom_model_reference_level
#   datatype: float32
#   unit: mag
#   description: Magnitude reference level of geometric model
#   meta:
#     ucd: phot.mag;em.opt
# - 
#   name: geom_model_reference_level_error
#   datatype: float32
#   unit: mag
#   description: "Uncertainty of \\texttt{geomModelReferenceLevel}"
#   meta:
#     ucd: stat.error;phot.mag;em.opt
# - 
#   name: geom_model_gaussian1_phase
#   datatype: float32
#   description: Phase of the Gaussian 1 component
#   meta:
#     ucd: time.phase
# - 
#   name: geom_model_gaussian1_phase_error
#   datatype: float32
#   description: "Uncertainty of \\texttt{geomModelGaussian1Phase}"
#   meta:
#     ucd: stat.error;time.phase
# - 
#   name: geom_model_gaussian1_sigma
#   datatype: float32
#   description: "Standard deviation [phase] of Gaussian 1 component"
#   meta:
#     ucd: stat.stdev
# - 
#   name: geom_model_gaussian1_sigma_error
#   datatype: float32
#   description: "Uncertainty of \\texttt{geomModelGaussian1Sigma}"
#   meta:
#     ucd: stat.error
# - 
#   name: geom_model_gaussian1_depth
#   datatype: float32
#   unit: mag
#   description: Magnitude depth of Gaussian 1 component
#   meta:
#     ucd: src.var.amplitude
# - 
#   name: geom_model_gaussian1_depth_error
#   datatype: float32
#   unit: mag
#   description: "Uncertainty of \\texttt{geomModelGaussian1Depth}"
#   meta:
#     ucd: stat.error;src.var.amplitude
# - 
#   name: geom_model_gaussian2_phase
#   datatype: float32
#   description: Phase of Gaussian 2 component
#   meta:
#     ucd: time.phase
# - 
#   name: geom_model_gaussian2_phase_error
#   datatype: float32
#   description: "Uncertainty of \\texttt{geomModelGaussian2Phase}"
#   meta:
#     ucd: stat.error;time.phase
# - 
#   name: geom_model_gaussian2_sigma
#   datatype: float32
[...]
#   datatype: float32
#   description: "Secondary eclipse: uncertainty of \\texttt{derivedSecondaryEclDuration}"
#   meta:
#     ucd: stat.error;time.duration
# - 
#   name: derived_secondary_ecl_depth
#   datatype: float32
#   unit: mag
#   description: "Secondary eclipse: depth"
#   meta:
#     ucd: src.var.amplitude
# - 
#   name: derived_secondary_ecl_depth_error
#   datatype: float32
#   unit: mag
#   description: "Secondary eclipse: uncertainty of \\texttt{derivedSecondaryEclDepth}"
#   meta:
#     ucd: stat.error;src.var.amplitude
solution_id,source_id,global_ranking,reference_time,frequency,frequency_error,geom_model_reference_level,geom_model_reference_level_error,geom_model_gaussian1_phase,geom_model_gaussian1_phase_error,geom_model_gaussian1_sigma,geom_model_gaussian1_sigma_error,geom_model_gaussian1_depth,geom_model_gaussian1_depth_error,geom_model_gaussian2_phase,geom_model_gaussian2_phase_error,geom_model_gaussian2_sigma,geom_model_gaussian2_sigma_error,geom_model_gaussian2_depth,geom_model_gaussian2_depth_error,geom_model_cosine_half_period_amplitude,geom_model_cosine_half_period_amplitude_error,geom_model_cosine_half_period_phase,geom_model_cosine_half_period_phase_error,model_type,num_model_parameters,reduced_chi2,derived_primary_ecl_phase,derived_primary_ecl_phase_error,derived_primary_ecl_duration,derived_primary_ecl_duration_error,derived_primary_ecl_depth,derived_primary_ecl_depth_error,derived_secondary_ecl_phase,derived_secondary_ecl_phase_error,derived_secondary_ecl_duration,derived_secondary_ecl_duration_error,derived_secondary_ecl_depth,derived_secondary_ecl_depth_error
[from data line 218]
375316653866487564,5892755053495783680,0.5424398,2240.8033832051733,2.13518737991638,9.506541E-6,18.98162,0.03622267,0.26463258,0.0029543901,0.11770825,0.01196277,0.3243704,0.03349415,0.7585816,0.004051859,0.109484896,0.011789999,0.31365526,0.030337783,null,null,null,null,"TWOGAUSSIANS",8,1.1111776,0.26464257,0.0029531792,0.4,0.0,0.2710065,0.007114716,0.7585816,0.004051859,0.4,0.0,0.26035228,0.014779689
375316653866487564,5892755465812724352,0.5356134,2227.5869512511745,3.082231973027142,9.659879E-6,19.32368,0.015915392,0.2669724,0.0026706343,0.08064341,0.005515423,0.48891342,0.03758021,0.7741343,0.0044610016,0.075249515,0.0051947623,0.4417112,0.019649608,null,null,null,null,"TWOGAUSSIANS",8,2.9983633,0.2669724,0.0026706343,0.4,0.0,0.48423076,0.03854015,0.7741343,0.0044610016,0.4,0.0,0.43702853,0.01813945
375316653866487564,5892756741452820864,0.5612531,2260.937468745162,0.6008404587026536,3.3244862E-6,16.825514,0.005107993,0.2049081,0.028773649,0.04770389,0.032211702,0.025317516,0.019692207,0.67121226,8.6931774E-4,0.026872344,0.0010213845,0.51592964,0.0268708,0.014855939,0.008166931,0.2049081,0.028773649,"TWOGAUSSIANS_WITH_ELLIPSOIDAL_ON_ECLIPSE1",9,28.039806,0.6713222,8.3067344E-4,0.15048513,0.0057197534,0.5443336,0.026688289,0.2049081,0.028773649,0.2671418,0.18038554,0.055029362,0.014584783
375316653866487564,5892757222489211648,0.45198244,2254.834815895296,2.3751690724328194,2.25279E-5,17.372778,0.014892047,0.20787935,0.0149048455,0.009101543,0.0078751,0.43072206,73286.02,0.7798298,0.03145582,0.03575565,0.061673142,0.073811375,0.030586466,0.07721894,0.022310454,0.20787935,0.0149048455,"TWOGAUSSIANS_WITH_ELLIPSOIDAL_ON_ECLIPSE1",9,44.980446,0.20787935,0.0149048455,0.05096864,0.044100557,0.5851596,73286.02,0.7798298,0.03145582,0.20023163,0.34536958,0.19877824,0.044338953
375316653866487564,5892758008438973824,0.5811669,2258.201056020921,2.189970526149932,4.1783596E-6,18.079042,0.0039523346,0.24802744,0.0016285548,0.07833765,0.0024835686,0.3698102,0.008576279,0.75415254,0.002263613,0.07282136,0.003185097,0.3296678,0.010173949,null,null,null,null,"TWOGAUSSIANS",8,3.3178577,0.24802744,0.0016285548,0.4,0.0,0.36723828,0.008822027,0.75415254,0.002263613,0.4,0.0011312698,0.3270959,0.010452485
375316653866487564,5892758386396212224,0.4735377,2289.7714877713493,2.995924572574546,1.622653E-5,18.989407,0.04120727,0.21064104,0.010675825,0.08137607,0.034685533,0.23520477,0.026465695,0.7025512,0.0065427367,0.09440788,0.020703651,0.18927039,0.037478928,null,null,null,null,"TWOGAUSSIANS",8,3.395615,0.21064104,0.010684505,0.4,0.0,0.22881563,0.051588207,0.7025512,0.006544963,0.4,0.0,0.18288092,0.015649237
375316653866487564,5892758596878936832,0.61541766,2255.3493702122732,3.5826242157699553,3.5138448E-6,18.423666,0.006894346,0.2372903,0.0016169401,0.03889243,0.0024807628,0.43274617,0.023039684,0.73921406,0.001321143,0.04468163,0.0018893396,0.5198484,0.025783632,0.14853317,0.010845985,0.2372903,0.0016169401,"TWOGAUSSIANS_WITH_ELLIPSOIDAL_ON_ECLIPSE1",9,6.333532,0.73921406,0.001321143,0.2502171,0.010580302,0.8168708,0.017903218,0.2372903,0.0016169401,0.21779759,0.013892272,0.72981197,0.01874486
375316653866487564,5892758833073067904,0.5633839,2272.7102094951406,0.3661206284518486,7.187251E-6,15.942631,0.001011669,0.21724238,0.0022723202,0.021472342,0.0016057238,0.26233834,0.02181317,0.7037624,0.0042004106,0.017680207,0.0077343043,0.12896706,0.01739673,0.005786282,0.0017598309,0.21724238,0.0022723202,"TWOGAUSSIANS_WITH_ELLIPSOIDAL_ON_ECLIPSE1",9,13.961415,0.21724238,0.0022723202,0.120245114,0.008992053,0.27391088,0.021661438,0.7037924,0.004205587,0.099009156,0.043312103,0.14045697,0.017811835
375316653866487564,5892760173102951936,0.5605204,2255.372117830171,3.1580378563566125,1.0504156E-5,18.88832,0.009165815,0.22481938,0.0032608893,0.039030436,0.011281945,0.13548453,0.021437155,0.7139264,0.0035945363,0.048412826,0.005265197,0.18053417,0.019083286,0.1013981,0.010762635,0.22481938,0.0032608893,"TWOGAUSSIANS_WITH_ELLIPSOIDAL_ON_ECLIPSE1",9,2.1079626,0.71579635,0.002855593,0.27111182,0.029485103,0.38254434,0.006866341,0.22481938,0.0032608893,0.21857044,0.06317889,0.33828044,0.013638637
375316653866487564,5892760825938186368,0.4404851,2232.2970152322914,1.4761960078986576,1.7992317E-5,17.4604,0.007078049,0.26081616,0.01661809,0.046396058,0.011927923,0.09496959,0.04433671,0.7326866,0.0031032648,0.02607444,0.0049202153,0.17237356,0.03026962,0.02245923,0.010595959,0.26081616,0.01661809,"TWOGAUSSIANS_WITH_ELLIPSOIDAL_ON_ECLIPSE1",9,41.39326,0.73306656,0.0030362522,0.14601685,0.027553204,0.21592186,0.028891904,0.26081616,0.01661809,0.25981793,0.06679637,0.13988793,0.0400923
375316653866487564,5892761066459030272,0.5156613,2275.9126683970167,1.18707322136582,8.146356E-6,18.272678,0.0036901352,0.32243657,0.011887444,0.021583447,0.011824414,0.11945595,0.071470805,0.8237283,0.0026260894,0.025257146,0.0029439083,0.33038184,0.016053017,0.010505197,0.0063567567,0.32243657,0.011887444,"TWOGAUSSIANS_WITH_ELLIPSOIDAL_ON_ECLIPSE1",9,7.6016297,0.8237283,0.0026259671,0.14144002,0.016485887,0.35139084,0.015666645,0.32243657,0.011887444,0.120867305,0.06621672,0.14046633,0.071537055
375316653866487564,5892762170276707456,0.53617465,2269.3748677153594,2.507322453037791,1.361667E-5,17.372553,0.011554773,0.2659518,0.0038615365,0.093891054,0.0066037877,0.33808157,0.015673675,0.77139735,0.005214668,0.082871296,0.007270807,0.3433292,0.013741961,null,null,null,null,"TWOGAUSSIANS",8,19.663483,0.77139735,0.005214668,0.4,0.0,0.33193448,0.0137459645,0.2659518,0.0038615365,0.4,0.0,0.32668635,0.015862634
375316653866487564,5892762715717831296,0.53117853,2301.8819398968158,2.6230921607429316,1.178876E-5,19.126196,0.01436652,0.2780917,0.0073173256,0.094559476,0.009721367,0.29255524,0.02523221,0.77753645,0.0032931678,0.08935799,0.0055727046,0.3236009,0.014376177,null,null,null,null,"TWOGAUSSIANS",8,1.984982,0.77753645,0.0032931678,0.4,0.0,0.30847704,0.009847141,0.2780917,0.0073173256,0.4,0.0,0.27743104,0.02751859
375316653866487564,5892762994925953024,0.6081453,2301.4676281111715,2.883697413228289,5.717266E-6,17.57338,0.012528756,0.24905023,0.002245109,0.05019985,0.0036043155,0.2910223,0.03014878,0.7428621,0.0014441656,0.05485007,0.0025108412,0.4775445,0.027958443,0.09032183,0.016001536,0.24905023,0.002245109,"TWOGAUSSIANS_WITH_ELLIPSOIDAL_ON_ECLIPSE1",9,11.690348,0.7433721,0.0012662923,0.3071604,0.014060711,0.6579277,0.0122633185,0.24905023,0.002245109,0.28111917,0.020184167,0.471656,0.01270961
375316653866487564,5892763579041249024,0.6000554,2278.684166334513,1.976827095585166,1.2771363E-5,17.033031,0.0038662811,0.30443242,0.0026457412,0.06648351,0.0025791232,0.31485927,0.0061375964,0.80537343,0.004392322,0.08035136,0.0041355486,0.13378865,0.0056336946,null,null,null,null,"TWOGAUSSIANS",8,6.34302,0.30443242,0.0026457412,0.37230766,0.01444309,0.31370854,0.005923058,0.80537343,0.004392322,0.4,0.0,0.13263792,0.0054623415
375316653866487564,5892763613386650752,0.5175278,2261.395499258258,2.9790665511177616,1.1763149E-5,19.531416,0.01074413,0.30845657,0.0055050007,0.0828388,0.0053952755,0.3106287,0.024475282,0.8121537,0.0035103683,0.07697708,0.005513401,0.32972026,0.014365857,null,null,null,null,"TWOGAUSSIANS",8,1.5605017,0.8121537,0.0035103683,0.4,0.0,0.3252705,0.014074274,0.30845657,0.0055050007,0.4,0.0,0.30617896,0.024395771
375316653866487564,5892763780869872256,0.5328167,2276.599186209343,1.7192069281295064,8.734101E-6,19.097456,0.0116669135,0.32077596,0.0025834567,0.078220904,0.0047032065,0.48939547,0.021332925,0.835376,0.006586646,0.0809263,0.007430212,0.21787862,0.013904805,null,null,null,null,"TWOGAUSSIANS",8,2.3644319,0.32077596,0.0025834567,0.4,0.0,0.48594773,0.021898912,0.835376,0.006586646,0.4,0.0,0.21443088,0.012941423
375316653866487564,5892764949101117952,0.47382438,2255.2113034263193,3.0762424306671456,2.1264143E-5,18.241236,0.037128612,0.26467335,0.007465009,0.11808413,0.027809126,0.11760111,0.03435864,0.750893,0.007837426,0.1097364,0.022972848,0.12631202,0.03798893,null,null,null,null,"TWOGAUSSIANS",8,2.8651543,0.750893,0.007837426,0.4,0.0,0.10722826,0.0066990964,0.26469335,0.0074689724,0.4,0.0,0.098492846,0.008502359
375316653866487564,5892765400092170752,0.52715135,2281.0135488492742,0.18641398992304636,7.362025E-6,19.4365,0.003831076,0.2894136,0.034392558,0.10350933,0.0215735,0.044878997,0.010848595,0.81110895,0.0013243833,0.020359589,0.0017272598,0.53257257,0.046299435,null,null,null,null,"TWOGAUSSIANS",8,1.5186548,0.81110895,0.0013243833,0.1140137,0.009672655,0.53255975,0.046304867,0.2894136,0.034392558,0.4,0.0,0.04486501,0.010871292
375316653866487564,5892765915503729024,0.5206607,2292.3292930852303,0.9716182732927925,1.5438258E-5,17.607738,0.0063869557,0.23328824,0.002623889,0.091937415,0.0062003653,0.13351123,0.006010408,0.7379185,0.004369379,0.102614366,0.0094066225,0.117225796,0.0070975414,null,null,null,null,"TWOGAUSSIANS",8,2.4453168,0.23328824,0.002623889,0.4,0.0,0.12490995,0.0046874355,0.7379185,0.004369379,0.4,0.0,0.108622946,0.007342143
375316653866487564,5892766082972700032,0.5380375,2271.600921087041,1.2414523704180063,1.1632933E-5,19.26668,0.0043439227,0.11365883,0.0029365232,0.027444605,0.0029167135,0.58888376,0.030524198,0.69201434,0.015102774,0.02639059,0.017270247,0.0553097,0.0740821,null,null,null,null,"TWOGAUSSIANS",8,3.002434,0.11365883,0.0029365232,0.15368979,0.016333595,0.58888376,0.030524198,0.69201434,0.015102774,0.1477873,0.09671338,0.0553097,0.0740821
375316653866487564,5892767118093838592,0.59862435,2217.4072895870063,2.909724029526046,3.0677718E-6,16.574621,0.016032632,0.20597012,0.0013407638,0.05478637,0.0059969104,0.23201098,0.03087322,0.69267535,0.0055309297,0.06599258,0.0074976734,0.22386618,0.033766907,0.07322866,0.01756487,0.20597012,0.0013407638,"TWOGAUSSIANS_WITH_ELLIPSOIDAL_ON_ECLIPSE1",9,12.8299055,0.20597012,0.0013407638,0.30680367,0.0335827,0.378383,0.007952439,0.6951153,0.0044922205,0.36955842,0.041986972,0.36940503,0.010753636
375316653866487564,5892767423001738112,0.5324427,2248.8631461288896,1.6760872273845062,1.214078E-5,18.542742,0.024572916,0.25810668,0.002811439,0.09917394,0.00760289,0.29622146,0.023953905,0.7630082,0.0051648496,0.11018477,0.01646055,0.21355668,0.021144748,null,null,null,null,"TWOGAUSSIANS",8,3.440342,0.25810668,0.002816638,0.4,0.0,0.26918304,0.009719555,0.7630082,0.0051648496,0.4,0.0,0.18650539,0.01600923
375316653866487564,5892767530394773120,0.52312696,2254.1093603285,2.4085901311014717,1.5340165E-5,19.398272,0.01889139,0.30718234,0.0052631907,0.09075612,0.007998259,0.4401025,0.026139172,0.80455136,0.005280061,0.08093689,0.0061325612,0.49525136,0.023147782,null,null,null,null,"TWOGAUSSIANS",8,4.8908315,0.80455136,0.005280061,0.4,0.0,0.48246744,0.018979682,0.30718234,0.0052631907,0.4,0.0,0.42731833,0.024518078
375316653866487564,5892768492483427584,0.5705662,2233.940906864469,1.902530081887846,9.413388E-6,17.276878,0.013947768,0.13566558,0.0028910583,0.1015853,0.008509368,0.17705855,0.012685093,0.6345292,0.004104229,0.10192278,0.009086214,0.22776285,0.012448352,null,null,null,null,"TWOGAUSSIANS",8,4.479822,0.6345292,0.004104229,0.4,0.0,0.2084222,0.0064210375,0.13566558,0.0028910583,0.4,0.0,0.15771866,0.0053024073
375316653866487564,5892770274860399872,0.4984911,2248.020901927357,1.798997882890109,1.1599638E-5,17.716948,0.008820192,0.32458025,0.014098028,0.0074548637,0.014074249,0.19281869,15.427519,0.7452731,0.0039740084,0.050796915,0.004925312,0.39289847,0.055250276,0.061527807,0.011425079,0.7452731,0.0039740084,"TWOGAUSSIANS_WITH_ELLIPSOIDAL_ON_ECLIPSE2",9,42.019295,0.7452731,0.0039740084,0.28446272,0.027581748,0.51595163,0.052785654,0.32439026,0.015210697,0.04174724,0.078815795,0.28782398,15.42779
375316653866487564,5892770377940902784,0.5348851,2276.2667219567074,2.9319364064466167,2.5211295E-6,18.884775,0.00262219,0.36245784,3.2856292E-4,0.011545513,6.26131E-4,0.26236108,0.019178791,0.77565354,0.002121106,0.071045436,0.02049481,0.0054776794,0.0072714672,0.14617789,0.0034173995,0.77565354,0.002121106,"TWOGAUSSIANS_WITH_ELLIPSOIDAL_ON_ECLIPSE2",9,3.1987002,0.36162785,3.6368333E-4,0.06465487,0.0035063338,0.47669876,0.022541475,0.77565354,0.002121106,0.39785445,0.10173057,0.29782212,0.008160106
375316653866487564,5892770966387347328,0.49747723,2223.3168246407877,2.7975144310981594,1.4148856E-5,19.477531,0.010858214,0.31126428,0.004022044,0.071959436,0.0056268815,0.3310618,0.02739677,0.8110335,0.007153017,0.07652025,0.0066609476,0.34567696,0.023951082,null,null,null,null,"TWOGAUSSIANS",8,2.401432,0.8110335,0.007153017,0.4,0.0,0.34335527,0.024040997,0.31126428,0.004022044,0.4,0.012831173,0.32874012,0.02777972
375316653866487564,5892771584844091392,0.5042335,2224.490968367452,2.5384551310859047,8.792138E-6,19.648874,0.011350243,0.28854504,0.020743385,0.07604436,0.0314678,0.18388677,0.043400615,0.7821956,0.0017430102,0.050469693,0.0027744044,0.59199977,0.04198807,null,null,null,null,"TWOGAUSSIANS",8,3.4302132,0.7821956,0.0017430102,0.28263026,0.015536664,0.59181255,0.04194415,0.28854504,0.020743385,0.4,0.016890077,0.18369953,0.04427408
375316653866487564,5892771649249822208,0.54660034,2204.970420085247,2.687781782382709,6.8963373E-6,19.230698,0.010228704,0.24322668,0.0029456746,0.085893035,0.0039722887,0.38539848,0.015705694,0.74833363,0.0021619103,0.08262131,0.003479778,0.4151989,0.010735267,null,null,null,null,"TWOGAUSSIANS",8,1.5357703,0.74833363,0.0021619103,0.4,0.0,0.4062512,0.009293214,0.24322668,0.0029456746,0.4,0.0,0.37645075,0.015450466
375316653866487564,5892772272037643136,0.490652,2226.2793916527867,3.065688340764542,1.479628E-5,19.661638,0.02569845,0.3150546,0.0049976497,0.069083534,0.009092414,0.47486916,0.04843646,0.807365,0.003558148,0.07267796,0.006715702,0.41049027,0.02763277,null,null,null,null,"TWOGAUSSIANS",8,4.019177,0.3150546,0.0049976497,0.3868678,0.046448197,0.47342405,0.049030896,0.807365,0.003558148,0.4,0.0084426245,0.40904513,0.026700525
375316653866487564,5892772478215754624,0.48467463,2220.298617875343,1.7255664881081,1.7898017E-5,16.464048,0.0061763353,0.22865605,0.007269284,0.09010592,0.014980944,0.057060845,0.005626259,0.7230054,0.0056308857,0.110621296,0.010572008,0.08269134,0.006513681,null,null,null,null,"TWOGAUSSIANS",8,5.592329,0.7230054,0.0056308857,0.4,0.0,0.07686153,0.004389105,0.22866605,0.007281103,0.4,0.0,0.05123722,0.003450071
375316653866487564,5892773680788391680,0.47531196,2274.369486911671,2.6325458100702956,2.4856177E-5,19.139793,0.35162398,0.2873827,0.0042431043,0.11776976,0.03699283,0.32716665,0.27920085,0.7935392,0.01146345,0.15838218,0.114446,0.2694458,0.34298316,null,null,null,null,"TWOGAUSSIANS",8,2.049052,0.2870127,0.0037588724,0.4,0.0,0.22421606,0.011305727,0.79359925,0.0114783915,0.4,0.0,0.16285734,0.021324478
375316653866487564,5892774196202775296,0.6645955,2263.444207560574,0.45638574111014735,5.3516073E-6,14.752895,0.0033244193,0.15096703,0.0020321645,0.024988024,0.0027342283,0.11184146,0.014466621,0.6496428,0.0026349975,0.022705046,0.0012158412,1.9462794,0.14487417,0.01103915,0.006004206,0.15096703,0.0020321645,"TWOGAUSSIANS_WITH_ELLIPSOIDAL_ON_ECLIPSE1",9,107.84018,0.6496428,0.0026349975,0.12714826,0.0068087108,1.9683563,0.14489801,0.15096703,0.0020321645,0.13993293,0.015311679,0.13391976,0.017261842
375316653866487564,5892774466748770432,0.57362306,2265.8770834703228,2.1098094138496752,1.027572E-5,17.319704,0.04346806,0.26414073,0.0029106347,0.12572706,0.017080303,0.24386956,0.04204767,0.76110804,0.0022000067,0.110119194,0.01174871,0.29287332,0.04037265,null,null,null,null,"TWOGAUSSIANS",8,3.8030975,0.76110804,0.0022000067,0.4,0.0,0.23872675,0.0053586597,0.26415074,0.0029186641,0.4,0.0,0.18956245,0.005902319
