Gaia/vari_eclipsing_binary/VariEclipsingBinary_461112-461127.csv
# %ECSV 1.0
# ---
# delimiter: ','
# meta: !!omap
# - RELEASE: Gaia DR3
# - TABLE: vari_eclipsing_binary
# - DESCRIPTION: >
#     This table describes the properties of the eclipsing binaries resulting from the variability analysis. 
# - CITATION: >
#     How to cite and acknowledge Gaia: 
#     https://gea.esac.esa.int/archive/documentation/credits.html 
# - KNOWN_ISSUES: >
#     Known issues: 
#     https://www.cosmos.esa.int/web/gaia-users/known-issues 
# - DOCUMENTATION: >
#     Tutorials and documentation: 
#     https://www.cosmos.esa.int/web/gaia-users/archive 
# datatype:
# - 
#   name: solution_id
#   datatype: int64
#   description: Solution Identifier
#   meta:
#     ucd: meta.version
# - 
#   name: source_id
#   datatype: int64
#   description: Unique source identifier
#   meta:
#     ucd: meta.id;meta.main
# - 
#   name: global_ranking
#   datatype: float32
#   description: Number between 0 (worst) and 1 (best)
#   meta:
#     ucd: stat.param
# - 
#   name: reference_time
#   datatype: float64
#   unit: d
#   description: Reference time used for the geometric model fit
#   meta:
#     ucd: time.epoch
# - 
#   name: frequency
#   datatype: float64
#   unit: d**-1
#   description: Frequency of geometric model of the eclipsing binary light curve
#   meta:
#     ucd: src.orbital
# - 
#   name: frequency_error
#   datatype: float32
#   unit: d**-1
#   description: "Uncertainty of \\texttt{frequency}"
#   meta:
#     ucd: stat.error
# - 
#   name: geom_model_reference_level
#   datatype: float32
#   unit: mag
#   description: Magnitude reference level of geometric model
#   meta:
#     ucd: phot.mag;em.opt
# - 
#   name: geom_model_reference_level_error
#   datatype: float32
#   unit: mag
#   description: "Uncertainty of \\texttt{geomModelReferenceLevel}"
#   meta:
#     ucd: stat.error;phot.mag;em.opt
# - 
#   name: geom_model_gaussian1_phase
#   datatype: float32
#   description: Phase of the Gaussian 1 component
#   meta:
#     ucd: time.phase
# - 
#   name: geom_model_gaussian1_phase_error
#   datatype: float32
#   description: "Uncertainty of \\texttt{geomModelGaussian1Phase}"
#   meta:
#     ucd: stat.error;time.phase
# - 
#   name: geom_model_gaussian1_sigma
#   datatype: float32
#   description: "Standard deviation [phase] of Gaussian 1 component"
#   meta:
#     ucd: stat.stdev
# - 
#   name: geom_model_gaussian1_sigma_error
#   datatype: float32
#   description: "Uncertainty of \\texttt{geomModelGaussian1Sigma}"
#   meta:
#     ucd: stat.error
# - 
#   name: geom_model_gaussian1_depth
#   datatype: float32
#   unit: mag
#   description: Magnitude depth of Gaussian 1 component
#   meta:
#     ucd: src.var.amplitude
# - 
#   name: geom_model_gaussian1_depth_error
#   datatype: float32
#   unit: mag
#   description: "Uncertainty of \\texttt{geomModelGaussian1Depth}"
#   meta:
#     ucd: stat.error;src.var.amplitude
# - 
#   name: geom_model_gaussian2_phase
#   datatype: float32
#   description: Phase of Gaussian 2 component
#   meta:
#     ucd: time.phase
# - 
#   name: geom_model_gaussian2_phase_error
#   datatype: float32
#   description: "Uncertainty of \\texttt{geomModelGaussian2Phase}"
#   meta:
#     ucd: stat.error;time.phase
# - 
#   name: geom_model_gaussian2_sigma
#   datatype: float32
[...]
#   datatype: float32
#   description: "Secondary eclipse: uncertainty of \\texttt{derivedSecondaryEclDuration}"
#   meta:
#     ucd: stat.error;time.duration
# - 
#   name: derived_secondary_ecl_depth
#   datatype: float32
#   unit: mag
#   description: "Secondary eclipse: depth"
#   meta:
#     ucd: src.var.amplitude
# - 
#   name: derived_secondary_ecl_depth_error
#   datatype: float32
#   unit: mag
#   description: "Secondary eclipse: uncertainty of \\texttt{derivedSecondaryEclDepth}"
#   meta:
#     ucd: stat.error;src.var.amplitude
solution_id,source_id,global_ranking,reference_time,frequency,frequency_error,geom_model_reference_level,geom_model_reference_level_error,geom_model_gaussian1_phase,geom_model_gaussian1_phase_error,geom_model_gaussian1_sigma,geom_model_gaussian1_sigma_error,geom_model_gaussian1_depth,geom_model_gaussian1_depth_error,geom_model_gaussian2_phase,geom_model_gaussian2_phase_error,geom_model_gaussian2_sigma,geom_model_gaussian2_sigma_error,geom_model_gaussian2_depth,geom_model_gaussian2_depth_error,geom_model_cosine_half_period_amplitude,geom_model_cosine_half_period_amplitude_error,geom_model_cosine_half_period_phase,geom_model_cosine_half_period_phase_error,model_type,num_model_parameters,reduced_chi2,derived_primary_ecl_phase,derived_primary_ecl_phase_error,derived_primary_ecl_duration,derived_primary_ecl_duration_error,derived_primary_ecl_depth,derived_primary_ecl_depth_error,derived_secondary_ecl_phase,derived_secondary_ecl_phase_error,derived_secondary_ecl_duration,derived_secondary_ecl_duration_error,derived_secondary_ecl_depth,derived_secondary_ecl_depth_error
[from data line 557]
375316653866487564,4056083727618710400,0.47031826,2353.662316975421,0.8028409910287837,4.4640572E-5,19.026222,0.028707786,0.28485963,0.01159954,0.11430148,0.027567789,0.13909571,0.024775736,0.7583276,0.008738111,0.07970545,0.011646748,0.3311292,0.041610092,null,null,null,null,"TWOGAUSSIANS",8,5.175836,0.7583276,0.008738111,0.4,0.0,0.32159287,0.045792792,0.28485963,0.01159954,0.4,0.0,0.12952982,0.016709981
375316653866487564,4056083796338243328,0.42330325,2371.397974477016,2.0491953350801713,4.3149208E-5,19.190983,0.022542983,0.23983847,0.050193846,0.040714953,0.052993488,0.12026063,0.047391303,0.7820904,0.0072827875,0.047094483,0.007099392,0.28716663,0.044683848,null,null,null,null,"TWOGAUSSIANS",8,7.457979,0.7820904,0.0072827875,0.2637291,0.039756596,0.28716663,0.044661455,0.23983847,0.050193846,0.22800373,0.24529546,0.12026063,0.04722102
375316653866487564,4056083830696301952,0.51448077,2339.4170769304287,1.148267746675036,1.3918314E-5,18.528095,0.011214956,0.18429011,0.003806594,0.06281245,0.0033241655,0.665584,0.051170364,0.6990709,0.008047299,0.0895062,0.009238192,0.2405446,0.017712517,null,null,null,null,"TWOGAUSSIANS",8,6.720813,0.18429011,0.003806594,0.3517497,0.018615326,0.66324884,0.051195633,0.6990709,0.008047299,0.4,0.0,0.23820932,0.01760256
375316653866487564,4056084174294145664,0.6226943,2347.274950411989,2.4262947309836727,3.6859046E-6,16.98192,0.014102007,0.21966237,0.001262658,0.048048683,0.0039627417,0.58710283,0.037847158,0.7198931,0.0014240682,0.04228356,0.0028444969,0.6582342,0.043121625,0.03233598,0.026947957,0.21966237,0.001262658,"TWOGAUSSIANS_WITH_ELLIPSOIDAL_ON_ECLIPSE1",9,24.56697,0.7198931,0.0014183761,0.23678793,0.015929183,0.7229051,0.02729156,0.21966237,0.001262658,0.26907262,0.022191355,0.65177387,0.040678293
375316653866487564,4056084208653898368,0.45831764,2461.917543444661,1.7684389528992304,1.4966799E-4,19.199432,0.028307842,0.24584828,0.08159446,0.043096904,0.025483934,1.0500835,3.207885,0.7068021,0.03213826,0.05970724,0.023749059,0.22268526,0.05785723,null,null,null,null,"TWOGAUSSIANS",8,3.4152293,0.24584828,0.08159446,0.24134266,0.14271003,1.0500827,3.207883,0.7068021,0.03213826,0.33436054,0.11412015,0.22268437,0.057852995
375316653866487564,4056084277375310592,0.46847865,2396.9875598997887,3.693836066918777,3.181091E-5,19.674198,0.04068208,0.29231355,0.02555505,0.07345322,0.0253382,0.39590162,0.06919335,0.5380625,0.03185674,0.07947573,0.045117494,0.24477051,0.063456394,null,null,null,null,"TWOGAUSSIANS",8,3.5859942,0.29344356,0.023267886,0.4,0.045510743,0.39799747,0.073105775,0.5380625,0.03185674,0.4,0.0892597,0.24623613,0.06228557
375316653866487564,4056084311734505472,0.46232194,2392.445323633384,0.37551454252526134,5.486056E-5,19.569609,0.1125543,0.4438654,0.017323243,0.14228453,0.032263298,0.5225877,0.11865122,0.86195165,0.051651973,0.09458945,0.09912961,0.16870834,1.5159601,null,null,null,null,"TWOGAUSSIANS",8,6.577856,0.4438854,0.017249856,0.4,0.0,0.491079,0.06193352,0.86195165,0.051651973,0.4,0.37497225,0.14428277,1.5404079
375316653866487564,4056084346092799104,0.48929444,2364.972404022491,0.030790603885551812,8.494161E-6,18.789608,0.124035805,0.25817883,0.0073412647,0.17323703,0.050039977,0.41546112,0.10870753,0.8049988,0.0029775149,0.057422593,0.0068980483,1.1366241,0.21550323,null,null,null,null,"TWOGAUSSIANS",8,6.6069,0.8054488,0.002489895,0.32156652,0.038629074,1.1001438,0.22740108,0.25817883,0.0073412647,0.4,0.0,0.36252663,0.051221393
375316653866487564,4056084410516613376,0.40858537,2379.845959996745,0.09860900601106637,5.32331E-5,19.038578,0.008551615,0.22668718,0.028184447,0.06700798,0.013022915,0.6829779,0.16635737,0.6609129,0.01826686,0.099738926,0.014929339,0.34813192,0.028852234,null,null,null,null,"TWOGAUSSIANS",8,5.676672,0.22669718,0.028194195,0.37524468,0.072928324,0.6802088,0.16571793,0.6609129,0.01826686,0.4,0.0,0.3453361,0.02776316
375316653866487564,4056084517891676416,0.45271027,2315.2465276193757,0.11457794705105645,2.743465E-5,19.678467,0.009866594,null,null,null,null,null,null,null,null,null,null,null,null,0.13180034,0.012409123,0.33071706,0.009837805,"ELLIPSOIDAL",4,2.3651526,null,null,null,null,null,null,null,null,null,null,null,null
375316653866487564,4056084547955498368,0.4606595,2293.3881672130947,1.9780868038701598,3.1266663E-5,19.795597,0.44515175,0.2033653,0.01645224,0.11578663,0.069265015,0.29075664,0.4212101,0.67542404,0.025549848,0.120066024,0.06424868,0.29467818,0.43879238,null,null,null,null,"TWOGAUSSIANS",8,1.6162767,0.67542404,0.025549848,0.4,0.0,0.24695942,0.043647632,0.2035353,0.01592113,0.4,0.0,0.24310608,0.03510633
375316653866487564,4056084620970963200,0.4646974,2361.1113213154435,2.397004195386889,1.1613073E-5,16.222828,0.09289514,0.27118278,0.006812037,0.26369154,0.06352343,0.76740545,0.06606995,0.77706474,0.004948928,0.16377845,0.037468754,0.5392742,0.26578367,null,null,null,null,"TWOGAUSSIANS",8,24.417446,0.78232473,0.0042727403,0.4,0.0,0.13218747,0.005099354,0.26874277,0.0061350334,0.4,0.0,0.11716428,0.011079958
375316653866487564,4056084754109997952,0.4254128,2411.7089818950367,3.395555483223461,7.1325326E-6,17.685108,0.006599155,0.20184487,0.019510001,0.037267324,0.01584924,0.08589975,0.09270875,0.66543275,8.0802E-4,0.014286616,0.003544359,0.47303727,0.5101805,null,null,null,null,"TWOGAUSSIANS",8,10.20196,0.66543275,8.0802E-4,0.08000505,0.01984841,0.47303727,0.5101805,0.20184487,0.019510001,0.20869702,0.08875574,0.08589975,0.09270875
375316653866487564,4056084822803389696,0.44789293,2374.0436033831916,1.6984474757627426,2.8304048E-5,17.29763,0.40152013,0.28251737,0.005577551,0.11202064,0.054459687,0.27102035,0.32171646,0.7790989,0.010942077,0.1387842,0.12965102,0.24042061,0.38554868,null,null,null,null,"TWOGAUSSIANS",8,24.218355,0.28258738,0.0054804757,0.4,0.0,0.20477258,0.0242618,0.7790989,0.010942077,0.4,0.0,0.1734656,0.020469178
375316653866487564,4056084822829060480,0.42621404,2361.599221809749,0.21758304956927924,5.2738527E-5,18.156702,0.010572293,0.3836071,0.010192455,0.08900531,0.012893937,0.12004953,0.017075185,0.7648346,0.058453348,0.06026233,0.04024134,0.10727929,0.09716663,null,null,null,null,"TWOGAUSSIANS",8,5.256941,0.3836071,0.010192455,0.4,0.0,0.12000776,0.0170667,0.7648346,0.058453348,0.33746904,0.22535148,0.10724999,0.0972064
375316653866487564,4056084895850056064,0.46541515,2408.3022267888427,0.0593562109149415,5.1570758E-5,19.277225,0.052440688,0.26758564,0.004078448,0.07008695,0.007679571,0.65646785,0.06961885,0.7096874,0.010027435,0.061800305,0.022057336,0.3226735,0.12884311,null,null,null,null,"TWOGAUSSIANS",8,10.45827,0.26758564,0.004078448,0.39248693,0.025112089,0.6563459,0.069506004,0.7096874,0.010027435,0.3460817,0.12352108,0.32255152,0.12882377
375316653866487564,4056084960241643392,0.44484296,2425.475124403992,0.8440617047554728,7.502339E-5,18.39635,0.004928959,0.5590079,0.0030505017,0.033634305,0.0025231908,0.095135935,0.0050684335,0.91508853,4.2288718E-4,0.015580026,7.7920186E-4,0.483262,0.044344738,null,null,null,null,"TWOGAUSSIANS",8,2.746342,0.91508853,4.2288718E-4,0.08724815,0.0043635303,0.483262,0.044344738,0.5590079,0.0030505017,0.18835211,0.014129868,0.095135935,0.0050684335
375316653866487564,4056084994600904320,0.46716237,2377.141449575122,0.08286379561025131,3.2771488E-5,18.973068,0.012827311,0.20713739,0.010162191,0.0368634,0.014116651,0.17800726,0.14437027,0.72169787,0.010787465,0.098753534,0.01572741,0.27116036,0.033980634,null,null,null,null,"TWOGAUSSIANS",8,4.547567,0.72169787,0.010787465,0.4,0.0,0.27083635,0.03432302,0.20713739,0.010162191,0.20643505,0.079053245,0.17768513,0.14473414
375316653866487564,4056084998928090496,0.46934634,2418.2784258036454,2.425703733944965,3.5856112E-5,18.09197,0.009671116,0.28364182,0.022684209,0.06570653,0.024714237,0.07018933,0.015327734,0.5824999,0.011919519,0.07684779,0.010895279,0.1603954,0.011044965,null,null,null,null,"TWOGAUSSIANS",8,3.1537933,0.5824999,0.011919519,0.4,0.0,0.16039644,0.011050264,0.2839018,0.022620995,0.36795658,0.13297783,0.07027204,0.015381361
375316653866487564,4056085028987855616,0.5519278,2282.9243779528483,1.993479441595414,1.9283952E-4,19.7579,0.013438587,0.46881276,0.0071748374,0.06613684,0.00547995,3.0043197,1.4355906,0.7169045,0.011437271,0.054038864,0.011571901,0.33185193,0.07533615,null,null,null,null,"TWOGAUSSIANS",8,1.561002,0.46881276,0.007166291,0.37036628,0.030687721,3.0043285,1.4355756,0.7169045,0.011437271,0.30261764,0.06480265,0.3344954,0.07513781
375316653866487564,4056085033233709056,0.4268546,2326.913733027288,0.7550711563185628,8.2082566E-5,18.912245,0.038916886,0.4523123,0.0513794,0.12733537,0.0870088,0.2858715,0.11683107,0.15288764,0.02748145,0.03568053,0.01583537,0.1566627,0.52895856,null,null,null,null,"TWOGAUSSIANS",8,6.3886266,0.4523123,0.0513794,0.4,0.0,0.28561494,0.13215609,0.15571764,0.026615696,0.19981097,0.08867808,0.17488429,0.52500606
375316653866487564,4056085063347619328,0.5120643,2382.430418452014,0.7696631682192566,2.5729483E-5,18.494984,0.04000015,0.24506515,0.00833503,0.087315045,0.028642558,0.2634025,0.033448968,0.73381793,0.005701841,0.0916824,0.0145210475,0.25129595,0.03913183,null,null,null,null,"TWOGAUSSIANS",8,7.0134892,0.24506515,0.00833503,0.4,0.0,0.25470188,0.041526467,0.73381793,0.005701841,0.4,0.0,0.24259518,0.022082236
375316653866487564,4056085136312902144,0.45045337,2457.858508154989,0.5659090770360755,1.0172218E-5,18.49257,0.009602066,0.13641533,0.0035492198,0.028410252,0.0046493583,0.42892963,0.14115964,0.80628186,0.034700673,0.034299742,0.01797397,0.5041311,0.040797774,null,null,null,null,"TWOGAUSSIANS",8,6.431412,0.80628186,0.034700673,0.19207855,0.10065424,0.5041311,0.040797774,0.13641533,0.0035492198,0.15909742,0.026036406,0.42892963,0.14115964
375316653866487564,4056085166449047680,0.43482777,2452.3793864742847,0.5003925951909728,1.6836138E-5,19.57573,0.018007748,0.26332182,0.013656439,0.053810507,0.018143822,0.32694864,0.072318725,0.40958762,4.532241E-5,0.0035716856,2.639275E-4,0.3688033,0.015029921,null,null,null,null,"TWOGAUSSIANS",8,4.5000396,0.40958762,4.532241E-5,0.02000144,0.001477994,0.37693357,0.012528033,0.26332182,0.013656439,0.30133885,0.1016054,0.32694864,0.072318725
375316653866487564,4056085239446283392,0.50201076,2323.941438214242,0.6421629095946755,2.5779646E-5,19.30227,0.39081487,0.27812332,0.0055945455,0.14304644,0.04908538,0.6708621,0.37362906,0.7823632,0.006345685,0.13409424,0.034825254,0.8174224,0.36811686,null,null,null,null,"TWOGAUSSIANS",8,3.1492648,0.78252316,0.0063005784,0.4,0.0,0.5395394,0.052554216,0.27797332,0.0054324027,0.4,0.0,0.39155594,0.040351674
375316653866487564,4056085475786375168,0.46698448,2390.3347103740716,0.03987111580525074,5.2377167E-5,19.789337,0.014701667,0.18627769,0.02766994,0.016822167,0.013878788,3.1346073,6.1945333,0.7435154,0.01127731,0.17301773,0.018135507,0.25477755,0.019959241,null,null,null,null,"TWOGAUSSIANS",8,1.8506438,0.18626769,0.029069211,0.094204135,0.07772121,3.1373892,6.193546,0.7435154,0.01127731,0.4,0.0,0.24649331,0.020608418
375316653866487564,4056085578865598848,0.5315953,2254.555151201565,0.4203960127006911,1.6183636E-4,19.258669,0.019086171,0.34114137,0.09374837,0.12064509,0.07131526,0.15025148,0.08883372,0.71432936,0.018818548,0.01983225,0.009309205,0.90583587,0.24935071,null,null,null,null,"TWOGAUSSIANS",8,6.5015225,0.71432936,0.018818548,0.1110606,0.05213155,0.9070363,0.24929495,0.34114137,0.09374837,0.4,0.05478756,0.15019548,0.089265116
375316653866487564,4056085613112604416,0.4889131,2450.663077901568,1.1301269766116695,3.623994E-5,19.51937,0.03437278,0.41394535,0.008150592,0.025899485,0.004548195,0.47956082,0.1194782,0.7897352,0.02025946,0.11182568,0.035446864,0.10291593,0.034470648,null,null,null,null,"TWOGAUSSIANS",8,1.0588166,0.41396534,0.008104413,0.14503711,0.025469892,0.47991338,0.120836765,0.7897352,0.02025946,0.4,0.0,0.10290511,0.034157325
375316653866487564,4056085617348288000,0.42357633,2424.2599711889397,4.041474368098677,6.3937965E-5,18.733177,0.01700284,0.15741491,0.025413979,0.08243709,0.028820138,0.07158625,0.02191363,0.5059343,0.0085647805,0.09753535,0.013377126,0.25762472,0.041859463,null,null,null,null,"TWOGAUSSIANS",8,4.410688,0.5059343,0.0085647805,0.4,0.0,0.25723162,0.041681103,0.15901491,0.026068814,0.4,0.008950237,0.07163138,0.02171042
375316653866487564,4056085716187853440,0.4524421,2447.159059537336,2.0797017083952887,2.1387701E-5,18.23498,0.0066452003,0.22404334,0.010525358,0.05933702,0.023308167,0.22042301,0.24001747,null,null,null,null,null,null,0.043058682,0.013812461,0.22404334,0.010525358,"ONEGAUSSIAN_WITH_ELLIPSOIDAL",6,4.787877,0.22404334,0.010525358,0.3322873,0.13052574,0.30650988,0.23873827,null,null,null,null,null,null
375316653866487564,4056085789146776320,0.5036803,2364.818134947313,1.3987727774413425,1.8311479E-5,16.862267,0.008166163,0.2567535,0.010746138,0.032620437,0.010027366,0.030267315,0.021969656,0.743554,0.016679216,0.04509385,0.023045925,0.17133175,0.044461343,0.017007973,0.008785373,0.2567535,0.010746138,"TWOGAUSSIANS_WITH_ELLIPSOIDAL_ON_ECLIPSE1",9,9.868147,0.74396396,0.01508507,0.25252557,0.12905718,0.20512134,0.049544606,0.2567535,0.010746138,0.18267445,0.05615325,0.06428317,0.009804109
375316653866487564,4056085823562010112,0.44135422,2353.4652534372954,3.5584682575025095,5.5375025E-5,17.179884,0.048846927,0.34650615,0.012780648,0.106504075,0.09065367,0.09720985,0.023786373,0.83246475,0.01306863,0.07939332,0.02828805,0.09678083,0.038667597,null,null,null,null,"TWOGAUSSIANS",8,18.167677,0.34650615,0.012780648,0.4,0.0,0.093019195,0.027588377,0.83246475,0.01306863,0.4,0.039299235,0.09259396,0.01781747
375316653866487564,4056085922345464448,0.43882656,2484.948958620687,1.3930626527486942,4.86173E-5,19.606283,0.01716532,0.32284677,0.028069163,0.044467118,0.019755403,0.4683247,0.0675868,0.0952079,0.0017794385,0.009482384,0.0027522207,0.18762533,0.07500482,null,null,null,null,"TWOGAUSSIANS",8,2.5099874,0.32284677,0.028069163,0.24901585,0.11063025,0.4683247,0.0675868,0.0952079,0.0017681981,0.05310135,0.015412436,0.1876263,0.07480192
375316653866487564,4056086132799906176,0.43954745,2459.921506278133,1.0701676891482148,5.5236873E-5,19.010027,0.02765523,0.2495591,0.027172927,0.053632796,0.017297383,0.3261751,0.121505976,0.8030536,0.04351481,0.056304768,0.043850332,0.26769572,0.12842973,null,null,null,null,"TWOGAUSSIANS",8,4.4547853,0.2495591,0.027172927,0.30034366,0.09686535,0.32617325,0.12149149,0.8030536,0.04351481,0.31530672,0.24556185,0.26769388,0.12843242
375316653866487564,4056086167104074240,0.45735106,2440.6071543374405,1.1887306761777454,7.035268E-5,17.551006,0.011022532,0.26194528,0.008829638,0.04535059,0.0052323584,0.10978874,0.022944879,0.6274408,0.010023281,0.098957784,0.015914528,0.3214339,0.10984411,null,null,null,null,"TWOGAUSSIANS",8,2.9080844,0.6274408,0.010023281,0.4,0.0,0.32140678,0.10987845,0.2621953,0.008849471,0.2539633,0.029301206,0.11011388,0.023093253
375316653866487564,4056086369139892480,0.43873325,2458.9035105273583,2.4908015651181024,5.4950837E-5,17.970325,0.008303852,0.46439964,0.0035739918,0.013084258,0.0069225305,0.22699833,0.12835841,0.6648734,0.023281889,0.01006369,0.018904183,0.099185504,0.27212518,null,null,null,null,"TWOGAUSSIANS",8,4.1954093,0.46439964,0.0035739918,0.07327185,0.038766168,0.22699833,0.12835841,0.6648734,0.023281889,0.05635666,0.10586343,0.099185504,0.27212518
375316653866487564,4056086476397313536,0.45302576,2387.609579757771,0.07934078414626586,4.8556765E-5,18.941088,0.07279757,0.28610098,0.018103227,0.13112147,0.048047196,0.22825661,0.070236765,0.80866194,0.008376222,0.07466489,0.018134765,0.49568558,0.1605717,null,null,null,null,"TWOGAUSSIANS",8,10.466767,0.808732,0.0082535995,0.4,0.03363403,0.47370708,0.16925254,0.28610098,0.018103227,0.4,0.0,0.20589514,0.038557556
