Gaia/vari_eclipsing_binary/VariEclipsingBinary_683788-683951.csv
# %ECSV 1.0
# ---
# delimiter: ','
# meta: !!omap
# - RELEASE: Gaia DR3
# - TABLE: vari_eclipsing_binary
# - DESCRIPTION: >
#     This table describes the properties of the eclipsing binaries resulting from the variability analysis. 
# - CITATION: >
#     How to cite and acknowledge Gaia: 
#     https://gea.esac.esa.int/archive/documentation/credits.html 
# - KNOWN_ISSUES: >
#     Known issues: 
#     https://www.cosmos.esa.int/web/gaia-users/known-issues 
# - DOCUMENTATION: >
#     Tutorials and documentation: 
#     https://www.cosmos.esa.int/web/gaia-users/archive 
# datatype:
# - 
#   name: solution_id
#   datatype: int64
#   description: Solution Identifier
#   meta:
#     ucd: meta.version
# - 
#   name: source_id
#   datatype: int64
#   description: Unique source identifier
#   meta:
#     ucd: meta.id;meta.main
# - 
#   name: global_ranking
#   datatype: float32
#   description: Number between 0 (worst) and 1 (best)
#   meta:
#     ucd: stat.param
# - 
#   name: reference_time
#   datatype: float64
#   unit: d
#   description: Reference time used for the geometric model fit
#   meta:
#     ucd: time.epoch
# - 
#   name: frequency
#   datatype: float64
#   unit: d**-1
#   description: Frequency of geometric model of the eclipsing binary light curve
#   meta:
#     ucd: src.orbital
# - 
#   name: frequency_error
#   datatype: float32
#   unit: d**-1
#   description: "Uncertainty of \\texttt{frequency}"
#   meta:
#     ucd: stat.error
# - 
#   name: geom_model_reference_level
#   datatype: float32
#   unit: mag
#   description: Magnitude reference level of geometric model
#   meta:
#     ucd: phot.mag;em.opt
# - 
#   name: geom_model_reference_level_error
#   datatype: float32
#   unit: mag
#   description: "Uncertainty of \\texttt{geomModelReferenceLevel}"
#   meta:
#     ucd: stat.error;phot.mag;em.opt
# - 
#   name: geom_model_gaussian1_phase
#   datatype: float32
#   description: Phase of the Gaussian 1 component
#   meta:
#     ucd: time.phase
# - 
#   name: geom_model_gaussian1_phase_error
#   datatype: float32
#   description: "Uncertainty of \\texttt{geomModelGaussian1Phase}"
#   meta:
#     ucd: stat.error;time.phase
# - 
#   name: geom_model_gaussian1_sigma
#   datatype: float32
#   description: "Standard deviation [phase] of Gaussian 1 component"
#   meta:
#     ucd: stat.stdev
# - 
#   name: geom_model_gaussian1_sigma_error
#   datatype: float32
#   description: "Uncertainty of \\texttt{geomModelGaussian1Sigma}"
#   meta:
#     ucd: stat.error
# - 
#   name: geom_model_gaussian1_depth
#   datatype: float32
#   unit: mag
#   description: Magnitude depth of Gaussian 1 component
#   meta:
#     ucd: src.var.amplitude
# - 
#   name: geom_model_gaussian1_depth_error
#   datatype: float32
#   unit: mag
#   description: "Uncertainty of \\texttt{geomModelGaussian1Depth}"
#   meta:
#     ucd: stat.error;src.var.amplitude
# - 
#   name: geom_model_gaussian2_phase
#   datatype: float32
#   description: Phase of Gaussian 2 component
#   meta:
#     ucd: time.phase
# - 
#   name: geom_model_gaussian2_phase_error
#   datatype: float32
#   description: "Uncertainty of \\texttt{geomModelGaussian2Phase}"
#   meta:
#     ucd: stat.error;time.phase
# - 
#   name: geom_model_gaussian2_sigma
#   datatype: float32
[...]
#   datatype: float32
#   description: "Secondary eclipse: uncertainty of \\texttt{derivedSecondaryEclDuration}"
#   meta:
#     ucd: stat.error;time.duration
# - 
#   name: derived_secondary_ecl_depth
#   datatype: float32
#   unit: mag
#   description: "Secondary eclipse: depth"
#   meta:
#     ucd: src.var.amplitude
# - 
#   name: derived_secondary_ecl_depth_error
#   datatype: float32
#   unit: mag
#   description: "Secondary eclipse: uncertainty of \\texttt{derivedSecondaryEclDepth}"
#   meta:
#     ucd: stat.error;src.var.amplitude
solution_id,source_id,global_ranking,reference_time,frequency,frequency_error,geom_model_reference_level,geom_model_reference_level_error,geom_model_gaussian1_phase,geom_model_gaussian1_phase_error,geom_model_gaussian1_sigma,geom_model_gaussian1_sigma_error,geom_model_gaussian1_depth,geom_model_gaussian1_depth_error,geom_model_gaussian2_phase,geom_model_gaussian2_phase_error,geom_model_gaussian2_sigma,geom_model_gaussian2_sigma_error,geom_model_gaussian2_depth,geom_model_gaussian2_depth_error,geom_model_cosine_half_period_amplitude,geom_model_cosine_half_period_amplitude_error,geom_model_cosine_half_period_phase,geom_model_cosine_half_period_phase_error,model_type,num_model_parameters,reduced_chi2,derived_primary_ecl_phase,derived_primary_ecl_phase_error,derived_primary_ecl_duration,derived_primary_ecl_duration_error,derived_primary_ecl_depth,derived_primary_ecl_depth_error,derived_secondary_ecl_phase,derived_secondary_ecl_phase_error,derived_secondary_ecl_duration,derived_secondary_ecl_duration_error,derived_secondary_ecl_depth,derived_secondary_ecl_depth_error
[from data line 180]
375316653866487564,6015248384078388480,0.47445023,2080.1328296148054,3.8032918012565555,1.1548891E-5,16.984713,0.0026696643,null,null,null,null,null,null,null,null,null,null,null,null,0.060019083,0.0044756657,0.23782732,0.004952211,"ELLIPSOIDAL",4,19.23135,null,null,null,null,null,null,null,null,null,null,null,null
375316653866487564,6015253950356529536,0.61214256,2081.604315827046,3.381898777840778,1.6463055E-5,18.397533,0.010825878,0.23622487,0.0021010665,0.0398459,0.0037773629,0.26926395,0.024719317,0.7337769,0.002993343,0.04766652,0.005123431,0.5191385,0.032546565,0.15742815,0.0143013345,0.23622487,0.0021010665,"TWOGAUSSIANS_WITH_ELLIPSOIDAL_ON_ECLIPSE1",9,6.4083896,0.73401695,0.0026968217,0.26693252,0.028691214,0.8339265,0.03127431,0.23622487,0.0021010665,0.22313704,0.021153232,0.5841191,0.008302726
375316653866487564,6015254774989939712,0.5179674,2061.246082357047,0.567442767276128,3.2011205E-5,16.950977,0.0010680935,0.43152744,0.0013516209,0.019264562,0.0010459427,0.18511711,0.022614134,0.7548554,0.030568954,0.061911494,0.02396933,0.014103934,0.004909698,null,null,null,null,"TWOGAUSSIANS",8,2.0147862,0.43152744,0.0013516209,0.10788155,0.005857279,0.18511713,0.022614129,0.7548554,0.030568954,0.34670436,0.13422824,0.014103934,0.004909698
375316653866487564,6015257077088566784,0.5405198,2091.578535424671,1.7530611114108272,6.4300157E-6,19.011333,0.0047289506,0.34288943,0.0011422093,0.03699947,0.0011215996,0.48079515,0.014283455,0.8363273,0.006628116,0.030962527,0.0088087525,0.21750024,0.017434536,null,null,null,null,"TWOGAUSSIANS",8,3.2701857,0.34288943,0.0011422093,0.20719704,0.0062809577,0.48079515,0.014283455,0.8363273,0.006628116,0.17339015,0.049329013,0.21750024,0.017434536
375316653866487564,6015257214531696128,0.51020014,2085.9524745541507,0.37219183222567476,5.5777346E-6,19.380415,0.0027986108,0.32750946,0.0063761952,0.011594775,0.011266845,0.13462944,9.05978,0.82516754,8.531887E-4,0.010643105,5.3022907E-4,0.4402014,0.009673179,null,null,null,null,"TWOGAUSSIANS",8,1.0515288,0.82516754,8.531887E-4,0.05960139,0.0029692827,0.4402014,0.009673179,0.32750946,0.0063761952,0.064930744,0.06309433,0.13462944,9.05978
375316653866487564,6015257351970663168,0.5263569,2107.9477494781727,0.07842445011541567,1.5797734E-6,19.036074,0.0043754466,0.14188808,5.823964E-4,0.0071537066,4.3535035E-4,0.44610655,0.025652653,0.56866896,0.060770668,0.1306492,0.045519087,0.018573252,0.0057941605,null,null,null,null,"TWOGAUSSIANS",8,1.4724528,0.14188808,5.823964E-4,0.04006076,0.002437962,0.44617274,0.025674999,0.56866896,0.060770668,0.4,0.0,0.01854873,0.005672771
375316653866487564,6015259447914406656,0.65320605,2067.372971095789,1.9601214177799502,2.0026507E-6,14.695699,0.0035123206,0.15011677,5.9677655E-4,0.053336304,0.0023248387,0.1356863,0.008084248,0.65614873,0.0016323995,0.047290396,0.0027993973,0.10772947,0.008978039,0.09567575,0.004948796,0.15011677,5.9677655E-4,"TWOGAUSSIANS_WITH_ELLIPSOIDAL_ON_ECLIPSE1",9,18.890148,0.15011677,5.9677655E-4,0.29868332,0.013019097,0.327035,0.0036209293,0.65614873,0.0016323995,0.2648262,0.015676625,0.29880345,0.005583281
375316653866487564,6015259477970850304,0.52086854,2074.812851800578,4.297292238831384,1.1651355E-5,18.9948,0.022368578,0.2767728,0.0036328128,0.09393187,0.009095524,0.48733604,0.023607526,0.7954391,0.0030128385,0.08752082,0.0077317706,0.3453627,0.02436506,null,null,null,null,"TWOGAUSSIANS",8,3.92884,0.2767728,0.0036328128,0.4,0.0,0.47347808,0.025922896,0.7954391,0.0030128337,0.4,0.0,0.33150572,0.022479972
375316653866487564,6015262535987178496,0.5934609,2059.096454928105,2.564526184296872,1.4219513E-5,18.146347,0.018612051,0.22664346,0.0030036801,0.039168227,0.016571864,0.19525975,0.03142371,0.728952,0.0051182266,0.04106489,0.0076537817,0.20805354,0.041795842,0.13945596,0.022660637,0.22664346,0.0030036801,"TWOGAUSSIANS_WITH_ELLIPSOIDAL_ON_ECLIPSE1",9,5.496429,0.728952,0.0049477336,0.22996336,0.042861175,0.48690647,0.020843085,0.22664346,0.0030036801,0.21934207,0.092802435,0.47417134,0.046984233
375316653866487564,6015264631931298816,0.5505697,2060.189218850368,3.5732068133861974,1.2847156E-5,18.574097,0.010761775,0.31122753,0.003787832,0.07957519,0.0053879833,0.28755403,0.0117430575,0.80745274,0.0036663658,0.08530971,0.0069374456,0.31356564,0.023902675,null,null,null,null,"TWOGAUSSIANS",8,3.661462,0.80745274,0.0036663658,0.4,0.0,0.30791745,0.024824927,0.31122753,0.003787832,0.4,0.0,0.28190583,0.010196017
375316653866487564,6015265254708036352,0.61527264,2062.7790193576775,0.25081119646478955,5.2878268E-6,15.449914,8.797731E-4,0.2118543,0.002172904,0.022821382,0.0033939022,0.025934778,0.0042802724,0.7064852,4.1540127E-4,0.027655082,8.9798064E-4,0.12112272,0.0030330075,0.024835203,0.0014706046,0.2118543,0.002172904,"TWOGAUSSIANS_WITH_ELLIPSOIDAL_ON_ECLIPSE1",9,4.6233435,0.7066152,3.895576E-4,0.15486845,0.0050286916,0.17073797,0.0030253143,0.2118543,0.002172904,0.12779973,0.019005854,0.07560516,0.004082342
375316653866487564,6015269682812435584,0.59029704,2075.9771200972236,2.2646908196658693,6.663896E-6,12.021737,0.013354185,0.3109976,0.007665327,0.060875446,0.010143836,0.12306999,0.031937204,0.8035859,0.0023596277,0.05711448,0.016134908,0.083588906,0.028415265,0.10155915,0.016293366,0.8035859,0.0023596277,"TWOGAUSSIANS_WITH_ELLIPSOIDAL_ON_ECLIPSE2",9,474.37744,0.3085876,0.0048833196,0.34090248,0.056805484,0.3258675,0.0132682845,0.8035859,0.0023596277,0.31984106,0.09035549,0.28668335,0.016597282
375316653866487564,6015275489608938496,0.4243638,2103.641012190488,0.03940586681386025,6.2387655E-5,18.249903,0.0032840385,0.5684284,0.023630448,0.14066139,0.023741828,0.09744327,0.026320204,0.20829727,0.0031944546,0.030057115,0.004523573,0.24830846,0.15334176,null,null,null,null,"TWOGAUSSIANS",8,10.252952,0.20853727,0.0032666386,0.16831985,0.02533201,0.25164,0.15308942,0.5684284,0.023630448,0.4,0.0,0.097087696,0.026637863
375316653866487564,6015283602808553856,0.49247065,2074.781465266745,1.2369790428646097,7.440337E-6,13.826454,0.025253449,0.24268736,0.0015186587,0.13651098,0.0030548375,0.1514032,0.0074630096,0.75386214,0.001757899,0.31934306,0.0054590567,0.3345705,0.024624256,null,null,null,null,"TWOGAUSSIANS",8,14.064035,0.23682736,0.001564676,0.4,0.0,0.057767347,9.756393E-4,0.75493217,0.0017758636,0.4,0.0,0.049590994,8.7920314E-4
375316653866487564,6015287897775848064,0.60481334,2088.0979276964126,2.7517267977164392,1.1317326E-5,16.682415,0.0115065295,0.2273942,0.0019824998,0.051712457,0.005125641,0.33207697,0.023319816,0.7341325,0.006683925,0.047246203,0.007143114,0.22046325,0.03314996,0.10679329,0.014787996,0.2273942,0.0019824998,"TWOGAUSSIANS_WITH_ELLIPSOIDAL_ON_ECLIPSE1",9,21.724752,0.2273942,0.0019824998,0.28958976,0.028703587,0.5456606,0.016084038,0.7341325,0.006683925,0.26457873,0.040001437,0.4336643,0.031027954
375316653866487564,6015289375244659328,0.6088887,2074.975612514864,1.796840361721466,4.1227518E-6,17.76191,0.01026879,0.2833321,0.0013791117,0.09019915,0.0028827654,0.34976423,0.010029513,0.79066694,0.0033926708,0.115863554,0.008086365,0.17326711,0.010006444,null,null,null,null,"TWOGAUSSIANS",8,1.6777111,0.28332213,0.0013783447,0.4,0.0,0.3277019,0.005370612,0.79066694,0.0033926708,0.4,0.0,0.1511725,0.0046325256
375316653866487564,6015290612185448448,0.5020506,2111.1139808741377,0.42245219489299857,5.3525113E-5,18.391497,0.0037315327,0.50486714,0.0036614123,0.025895813,0.0025947369,0.2509988,0.03131687,0.76813966,0.15661012,0.09541272,0.108166926,0.016998636,0.017711755,null,null,null,null,"TWOGAUSSIANS",8,2.64428,0.5048971,0.0036834436,0.14501655,0.0145305265,0.25137657,0.031046283,0.76813966,0.15661012,0.4,0.29362845,0.016998598,0.017713401
375316653866487564,6015291260727493248,0.5486187,2088.4200239408788,3.9091176038408713,1.1890193E-5,18.160095,0.009933521,0.17824434,0.0038549742,0.039937217,0.008633879,0.08514718,0.027256852,0.6774761,0.005092575,0.04772412,0.0075846273,0.1420142,0.020379843,0.09596617,0.014875937,0.17824434,0.0038549742,"TWOGAUSSIANS_WITH_ELLIPSOIDAL_ON_ECLIPSE1",9,5.498678,0.6776261,0.004381541,0.26725507,0.042473912,0.3339425,0.013294576,0.17824434,0.0038549742,0.22364841,0.048349723,0.27707908,0.0121483905
375316653866487564,6015293429684178560,0.4889425,2083.5741517559127,3.383133717747794,1.2392108E-5,18.392393,0.061249338,0.22482602,0.0043731667,0.097276025,0.018581675,0.34641603,0.04986786,0.71230286,0.005866052,0.11268601,0.026415456,0.33993778,0.047646746,null,null,null,null,"TWOGAUSSIANS",8,10.222268,0.22484602,0.004392135,0.4,0.0,0.31171373,0.027600594,0.71230286,0.005866052,0.4,0.0,0.3051967,0.032891612
375316653866487564,6015293494112291200,0.5412942,2070.262065587156,1.2573762439226068,2.7483824E-5,18.297731,0.0015636462,0.21189925,0.004467981,0.02762743,0.0041831797,0.22344793,0.013246815,0.69607913,0.008380522,0.029313345,0.011837632,0.049990777,0.014951666,0.03292572,0.0028264401,0.21189925,0.004467981,"TWOGAUSSIANS_WITH_ELLIPSOIDAL_ON_ECLIPSE1",9,1.6802461,0.21189925,0.004467981,0.15471362,0.023425806,0.28929937,0.013440337,0.6973691,0.008331049,0.16415472,0.06629074,0.11524649,0.015385555
375316653866487564,6015295766156090112,0.5681416,2077.3304606132997,3.2761211514929136,1.558741E-5,17.362844,0.013926561,0.2862812,0.0017645553,0.08700451,0.0038743485,0.32401493,0.0154484715,0.7827341,0.0021576886,0.09336297,0.006014529,0.2912588,0.013144308,null,null,null,null,"TWOGAUSSIANS",8,10.425764,0.2862812,0.0017645553,0.4,0.0,0.3115799,0.012498306,0.7827341,0.0021576886,0.4,0.0,0.2788235,0.010409433
375316653866487564,6015296345968618112,0.48363256,2081.0426372538777,3.1463515532251267,3.3186094E-5,19.60766,0.014642581,0.16067573,0.011698973,0.08003183,0.012429002,0.23787807,0.033615123,0.6687146,0.004884434,0.07893792,0.0069634845,0.33343577,0.017046826,null,null,null,null,"TWOGAUSSIANS",8,2.2226818,0.6687146,0.004884434,0.4,0.0,0.33003405,0.015555757,0.16067573,0.011698973,0.4,0.0,0.23447636,0.033630047
375316653866487564,6015299305209900160,0.61757094,2111.9570342863067,0.01696035219720889,1.1236391E-6,18.025875,0.0014261907,0.8516824,0.005010822,0.010815091,0.002958441,0.044279523,0.024656262,0.5929051,1.0479064E-6,8.115542E-4,1.940111E-6,0.80732197,0.0013324588,null,null,null,null,"TWOGAUSSIANS",8,2.116832,0.5929051,1.0479064E-6,0.0045447033,1.0864621E-5,0.80732197,0.0013324588,0.8516824,0.005010822,0.060564514,0.01656727,0.044279523,0.024656262
375316653866487564,6015301293770078720,0.5065977,2094.9060404817824,2.623444551255444,2.871115E-5,18.934462,0.013382089,0.33587486,0.009183588,0.08693561,0.011599968,0.24861906,0.021938292,0.8219317,0.0027690423,0.04207338,0.0030104725,0.5023188,0.03413031,null,null,null,null,"TWOGAUSSIANS",8,7.9512515,0.8219317,0.0027690423,0.23561093,0.016858647,0.50211143,0.034107,0.33587486,0.009183588,0.4,0.0,0.24841166,0.02193522
375316653866487564,6015303084780767488,0.6264529,2084.7209802169605,2.0528437770150973,2.9124574E-6,17.374578,0.0022772816,0.22444788,0.002863642,0.05276082,0.0041709896,0.12693155,0.0065161865,0.72762215,0.0010679835,0.052000426,8.063919E-4,0.58859015,0.012084327,null,null,null,null,"TWOGAUSSIANS",8,3.9155614,0.72762215,0.0010679835,0.2912024,0.0045157946,0.5885849,0.012084455,0.22444788,0.002863642,0.2954606,0.023357542,0.12692629,0.00651977
375316653866487564,6015304390450852736,0.5953337,2121.8713443870683,0.7516535114450124,2.8039809E-5,16.875679,0.004301224,0.2467191,0.006656109,0.039293278,0.009437918,0.047266934,0.011464023,0.7457196,0.0022216926,0.04096526,0.0020492082,0.5130549,0.024523798,0.022454198,0.006326007,0.2467191,0.006656109,"TWOGAUSSIANS_WITH_ELLIPSOIDAL_ON_ECLIPSE1",9,11.112382,0.7457296,0.0021905832,0.22940545,0.011475566,0.55796146,0.02310258,0.2467191,0.006656109,0.22004235,0.05285234,0.09217524,0.009240552
375316653866487564,6015305107701098880,0.5314085,2085.9166029805338,2.8631737282184777,2.2160695E-5,19.21488,0.018828379,0.27940708,0.0049691945,0.09173071,0.010146996,0.37526843,0.02057401,0.79030037,0.0068785953,0.09291787,0.010128701,0.21697299,0.02050462,null,null,null,null,"TWOGAUSSIANS",8,2.379315,0.27940708,0.0049691945,0.4,0.0,0.36294484,0.020022197,0.79030037,0.0068785953,0.4,0.0,0.20464946,0.01458051
375316653866487564,6015306177157590528,0.47912568,2096.7947288003134,2.0809455434120587,2.507011E-5,17.409525,0.01742239,0.22234279,0.01254395,0.108273506,0.026655648,0.07611657,0.018119972,0.7255824,0.006274599,0.10578849,0.023119442,0.06659563,0.01646415,null,null,null,null,"TWOGAUSSIANS",8,4.1918097,0.22234279,0.012544388,0.4,0.0,0.067132756,0.0057067927,0.7255824,0.0062727327,0.4,0.0,0.05761351,0.0037440718
375316653866487564,6015313457118027904,0.48820984,2100.778115119408,0.40950028415769585,2.3258648E-5,18.431993,0.0026825175,0.2935015,0.06409046,0.09529569,0.060836677,0.011663804,0.004786747,0.8038285,0.0016479396,0.013110222,0.0016744398,0.25319362,0.13172378,null,null,null,null,"TWOGAUSSIANS",8,1.8742819,0.8038285,0.0016479396,0.07341725,0.009376863,0.2531933,0.13172375,0.2935015,0.06409046,0.4,0.020456903,0.011663446,0.004788132
375316653866487564,6015313594556186752,0.6345538,2082.3991898137424,2.900768071268122,4.629051E-6,12.295516,0.010345109,0.22300522,0.0026393172,0.040766396,0.004451653,0.42465094,0.03856641,0.7202852,0.0029656384,0.0465952,0.0033404175,0.48000416,0.026252769,0.1092004,0.014815095,0.22300522,0.0026393172,"TWOGAUSSIANS_WITH_ELLIPSOIDAL_ON_ECLIPSE1",9,463.4891,0.7204852,0.0027070947,0.26093313,0.018706338,0.6983456,0.015843468,0.22300522,0.0026393172,0.22829182,0.024929257,0.6430515,0.04141358
375316653866487564,6015320917476875264,0.51060313,2089.669237572702,3.8551006463080806,9.314411E-6,18.57373,0.035793595,0.3119133,0.0037817238,0.096538894,0.0115223555,0.25462002,0.034211557,0.8113689,0.0038398453,0.11863576,0.017659618,0.2285411,0.032221474,null,null,null,null,"TWOGAUSSIANS",8,2.2970726,0.3119133,0.003787081,0.4,0.0,0.22287598,0.0117926765,0.8113689,0.0038398453,0.4,0.0,0.19673431,0.0136693
375316653866487564,6015321256778533120,0.58653885,2103.627510004013,3.3043340541629047,9.255633E-6,17.27089,0.010509625,0.24352135,0.0022788076,0.055118807,0.007505864,0.20412001,0.018824868,0.7381851,0.0030904943,0.051206116,0.005604816,0.14098786,0.025013883,0.061285235,0.012272588,0.24352135,0.0022788076,"TWOGAUSSIANS_WITH_ELLIPSOIDAL_ON_ECLIPSE1",9,5.1760144,0.24352135,0.0022788076,0.3086653,0.042032838,0.32668194,0.01609512,0.73899513,0.0025235964,0.28675425,0.031386968,0.26343304,0.013533996
375316653866487564,6015325620465460864,0.43314582,2082.2655444795387,2.0865306371828227,5.941694E-5,17.771244,0.011928611,0.40936407,0.054949973,0.039614946,0.061443724,0.11578251,0.16018185,0.73371685,0.011881652,0.0669153,0.02735415,0.046325415,0.028598325,0.03134387,0.014094895,0.73371685,0.011881652,"TWOGAUSSIANS_WITH_ELLIPSOIDAL_ON_ECLIPSE2",9,14.544474,0.4048741,0.08891561,0.22184369,0.21741636,0.12916471,0.1606239,0.73371685,0.011881652,0.3747257,0.102507494,0.10897048,0.011862869
375316653866487564,6015326204580996096,0.64654213,2070.3176751756005,3.010313948198093,3.7210268E-6,18.038067,0.005003574,0.2700162,9.368646E-4,0.051262792,0.002470723,0.25654227,0.014217345,0.7668336,0.0014990347,0.04972466,0.0028470287,0.20581734,0.010708492,0.11184615,0.007257961,0.2700162,9.368646E-4,"TWOGAUSSIANS_WITH_ELLIPSOIDAL_ON_ECLIPSE1",9,1.456705,0.2700162,9.368646E-4,0.28707165,0.013836048,0.48023233,0.009924923,0.7673936,0.0011823635,0.2784581,0.015943361,0.4294336,0.00618584
375316653866487564,6015327102238186752,0.6004769,2114.319976752587,0.13812050703155426,1.1414964E-5,18.26452,0.0019321442,0.22937675,0.0011457585,0.004301774,0.0010571211,0.11987209,0.31502452,0.8049409,0.06365743,0.011420987,0.015518634,0.47035995,9.170032,null,null,null,null,"TWOGAUSSIANS",8,1.4358963,0.8049409,0.06365743,0.06395753,0.08690435,0.47035995,9.170032,0.22937675,0.0011457585,0.024089934,0.005919878,0.11987209,0.31502452
