Gaia/vari_eclipsing_binary/VariEclipsingBinary_662327-662364.csv
# %ECSV 1.0
# ---
# delimiter: ','
# meta: !!omap
# - RELEASE: Gaia DR3
# - TABLE: vari_eclipsing_binary
# - DESCRIPTION: >
#     This table describes the properties of the eclipsing binaries resulting from the variability analysis. 
# - CITATION: >
#     How to cite and acknowledge Gaia: 
#     https://gea.esac.esa.int/archive/documentation/credits.html 
# - KNOWN_ISSUES: >
#     Known issues: 
#     https://www.cosmos.esa.int/web/gaia-users/known-issues 
# - DOCUMENTATION: >
#     Tutorials and documentation: 
#     https://www.cosmos.esa.int/web/gaia-users/archive 
# datatype:
# - 
#   name: solution_id
#   datatype: int64
#   description: Solution Identifier
#   meta:
#     ucd: meta.version
# - 
#   name: source_id
#   datatype: int64
#   description: Unique source identifier
#   meta:
#     ucd: meta.id;meta.main
# - 
#   name: global_ranking
#   datatype: float32
#   description: Number between 0 (worst) and 1 (best)
#   meta:
#     ucd: stat.param
# - 
#   name: reference_time
#   datatype: float64
#   unit: d
#   description: Reference time used for the geometric model fit
#   meta:
#     ucd: time.epoch
# - 
#   name: frequency
#   datatype: float64
#   unit: d**-1
#   description: Frequency of geometric model of the eclipsing binary light curve
#   meta:
#     ucd: src.orbital
# - 
#   name: frequency_error
#   datatype: float32
#   unit: d**-1
#   description: "Uncertainty of \\texttt{frequency}"
#   meta:
#     ucd: stat.error
# - 
#   name: geom_model_reference_level
#   datatype: float32
#   unit: mag
#   description: Magnitude reference level of geometric model
#   meta:
#     ucd: phot.mag;em.opt
# - 
#   name: geom_model_reference_level_error
#   datatype: float32
#   unit: mag
#   description: "Uncertainty of \\texttt{geomModelReferenceLevel}"
#   meta:
#     ucd: stat.error;phot.mag;em.opt
# - 
#   name: geom_model_gaussian1_phase
#   datatype: float32
#   description: Phase of the Gaussian 1 component
#   meta:
#     ucd: time.phase
# - 
#   name: geom_model_gaussian1_phase_error
#   datatype: float32
#   description: "Uncertainty of \\texttt{geomModelGaussian1Phase}"
#   meta:
#     ucd: stat.error;time.phase
# - 
#   name: geom_model_gaussian1_sigma
#   datatype: float32
#   description: "Standard deviation [phase] of Gaussian 1 component"
#   meta:
#     ucd: stat.stdev
# - 
#   name: geom_model_gaussian1_sigma_error
#   datatype: float32
#   description: "Uncertainty of \\texttt{geomModelGaussian1Sigma}"
#   meta:
#     ucd: stat.error
# - 
#   name: geom_model_gaussian1_depth
#   datatype: float32
#   unit: mag
#   description: Magnitude depth of Gaussian 1 component
#   meta:
#     ucd: src.var.amplitude
# - 
#   name: geom_model_gaussian1_depth_error
#   datatype: float32
#   unit: mag
#   description: "Uncertainty of \\texttt{geomModelGaussian1Depth}"
#   meta:
#     ucd: stat.error;src.var.amplitude
# - 
#   name: geom_model_gaussian2_phase
#   datatype: float32
#   description: Phase of Gaussian 2 component
#   meta:
#     ucd: time.phase
# - 
#   name: geom_model_gaussian2_phase_error
#   datatype: float32
#   description: "Uncertainty of \\texttt{geomModelGaussian2Phase}"
#   meta:
#     ucd: stat.error;time.phase
# - 
#   name: geom_model_gaussian2_sigma
#   datatype: float32
[...]
#   datatype: float32
#   description: "Secondary eclipse: uncertainty of \\texttt{derivedSecondaryEclDuration}"
#   meta:
#     ucd: stat.error;time.duration
# - 
#   name: derived_secondary_ecl_depth
#   datatype: float32
#   unit: mag
#   description: "Secondary eclipse: depth"
#   meta:
#     ucd: src.var.amplitude
# - 
#   name: derived_secondary_ecl_depth_error
#   datatype: float32
#   unit: mag
#   description: "Secondary eclipse: uncertainty of \\texttt{derivedSecondaryEclDepth}"
#   meta:
#     ucd: stat.error;src.var.amplitude
solution_id,source_id,global_ranking,reference_time,frequency,frequency_error,geom_model_reference_level,geom_model_reference_level_error,geom_model_gaussian1_phase,geom_model_gaussian1_phase_error,geom_model_gaussian1_sigma,geom_model_gaussian1_sigma_error,geom_model_gaussian1_depth,geom_model_gaussian1_depth_error,geom_model_gaussian2_phase,geom_model_gaussian2_phase_error,geom_model_gaussian2_sigma,geom_model_gaussian2_sigma_error,geom_model_gaussian2_depth,geom_model_gaussian2_depth_error,geom_model_cosine_half_period_amplitude,geom_model_cosine_half_period_amplitude_error,geom_model_cosine_half_period_phase,geom_model_cosine_half_period_phase_error,model_type,num_model_parameters,reduced_chi2,derived_primary_ecl_phase,derived_primary_ecl_phase_error,derived_primary_ecl_duration,derived_primary_ecl_duration_error,derived_primary_ecl_depth,derived_primary_ecl_depth_error,derived_secondary_ecl_phase,derived_secondary_ecl_phase_error,derived_secondary_ecl_duration,derived_secondary_ecl_duration_error,derived_secondary_ecl_depth,derived_secondary_ecl_depth_error
[from data line 72]
375316653866487564,5825928351671922816,0.48109347,2432.763767280505,1.7839775226692125,2.9746881E-5,18.130554,0.011226763,0.3489163,0.017775936,0.015148726,0.0116704935,0.11751448,0.064945966,0.707197,0.0024787332,0.034022525,0.0033924547,0.541038,0.037748016,null,null,null,null,"TWOGAUSSIANS",8,40.002266,0.707197,0.0024787332,0.19052614,0.018997746,0.541038,0.037748016,0.3489163,0.017775936,0.08483287,0.065354764,0.11751448,0.064945966
375316653866487564,5825928596519723008,0.61463886,2402.138397618641,0.5083278311582125,1.5540778E-5,12.490266,4.7491575E-4,0.687876,0.0088691,0.020496488,0.007027682,0.0075525846,0.0034085661,0.54967284,9.4065565E-4,0.012023347,2.1731913E-4,2.8189042,0.404525,null,null,null,null,"TWOGAUSSIANS",8,33.537487,0.54967284,9.4065565E-4,0.06733075,0.0012169871,2.8189042,0.404525,0.687876,0.0088691,0.11478033,0.039355017,0.0075525846,0.0034085661
375316653866487564,5825928832708182784,0.54195136,2423.363670011337,0.3937039318589826,5.6257313E-6,18.373005,0.004030946,0.37416112,0.0013444794,0.014076499,0.0018470589,0.77730244,0.39723524,0.58659446,0.05170403,0.15839413,0.07766591,0.019352982,0.004345698,null,null,null,null,"TWOGAUSSIANS",8,2.0499518,0.37418112,0.0013352336,0.078828394,0.01034353,0.7849109,0.3983573,0.58659446,0.05170403,0.4,0.0,0.019087521,0.004506769
375316653866487564,5825929141959165824,0.43683136,2418.922136694251,2.6892285733996917,4.2065556E-5,19.323627,0.10189558,0.25960585,0.017522788,0.16172685,0.045363024,0.22449559,0.09774347,0.68805695,0.01693233,0.11351603,0.02190324,0.2899571,0.08248678,null,null,null,null,"TWOGAUSSIANS",8,5.692637,0.68805695,0.01693233,0.4,0.0,0.24093418,0.016977545,0.26053584,0.016028777,0.4,0.0,0.16855821,0.017807076
375316653866487564,5825929318074249856,0.44832787,2389.069105291077,1.6244193475678492,6.198786E-5,19.300158,0.0052083773,0.63245463,0.05812829,0.10474493,0.07428852,0.022310153,0.011351492,0.8116913,2.3184206E-4,0.012523968,3.1968884E-4,0.51609284,0.0113482885,null,null,null,null,"TWOGAUSSIANS",8,4.17697,0.8116913,2.3184206E-4,0.070134215,0.0017902576,0.5212526,0.012028349,0.63245463,0.05812829,0.4,0.0,0.02230965,0.01136323
375316653866487564,5825930314506847744,0.5525795,2411.6950254157337,2.9360022797972873,4.3039868E-6,14.180364,0.008347898,0.24466658,0.0021672065,0.0631845,0.0074214027,0.06733842,0.018100895,0.74028444,0.0046033394,0.058682565,0.010551546,0.064378716,0.015781349,0.055582736,0.009280166,0.24466658,0.0021672065,"TWOGAUSSIANS_WITH_ELLIPSOIDAL_ON_ECLIPSE1",9,86.70323,0.24466658,0.0021672065,0.3538332,0.041559856,0.1784708,0.0037552027,0.74168444,0.00276846,0.32862234,0.059088655,0.17545375,0.006539025
375316653866487564,5825930658104218368,0.45401695,2442.4775035039133,0.36853611075573767,4.072948E-5,18.26223,0.019468209,0.31970364,0.008391625,0.07050955,0.01518634,0.23688865,0.0507363,0.81103694,0.0047923457,0.032660156,0.00975556,0.332244,0.038786884,0.03470026,0.02644174,0.81103694,0.0047923457,"TWOGAUSSIANS_WITH_ELLIPSOIDAL_ON_ECLIPSE2",9,44.931282,0.81103694,0.0047923457,0.18289688,0.054631136,0.40137836,0.028612526,0.31881362,0.0073353304,0.3948535,0.05608462,0.30583858,0.04023828
375316653866487564,5825931104762524544,0.56550133,2431.7022934672455,2.3482930985316104,4.799497E-6,18.445591,0.0077112652,0.27018216,0.0021834138,0.09601861,0.0039252397,0.3382086,0.007725547,0.7632076,0.0013132138,0.09049694,0.0032940384,0.30574444,0.007197468,null,null,null,null,"TWOGAUSSIANS",8,2.5062163,0.27018216,0.0021834138,0.4,0.0,0.3221975,0.006109001,0.7632076,0.0013132138,0.4,0.0,0.28973413,0.005527755
375316653866487564,5825931345299059456,0.51935995,2399.6372986141,0.38174763053407224,1.1289951E-5,17.44917,0.0029834555,0.39149994,0.0014674837,0.012683879,7.5612194E-4,0.4904637,0.047054302,0.8915816,0.01677086,0.014418613,0.013699629,0.43555933,760.1372,null,null,null,null,"TWOGAUSSIANS",8,22.300365,0.39149994,0.0014674837,0.07102972,0.0042342828,0.4904637,0.047054302,0.8915816,0.01677086,0.08074423,0.07671792,0.43555933,760.1372
375316653866487564,5825931585817248640,0.5583822,2391.2277919651638,0.3335060343096925,1.927944E-6,15.510312,9.467504E-4,0.1237751,9.4708736E-4,0.013395075,9.0929057E-4,0.6204373,0.15514167,0.6225543,0.0018270495,0.016173305,6.478726E-4,0.30942744,0.03822665,null,null,null,null,"TWOGAUSSIANS",8,18.108952,0.1237751,9.4708736E-4,0.075012416,0.005092027,0.6204373,0.15514167,0.6225543,0.0018270495,0.0905705,0.0036280868,0.30942744,0.03822665
375316653866487564,5825932131243380608,0.53220433,2402.5067674458305,3.1907202942666033,9.622483E-6,18.520777,0.03196628,0.2985958,0.0029818094,0.11340389,0.0107660545,0.3150712,0.030807868,0.80902004,0.0024166221,0.106511936,0.009713534,0.33011255,0.028482921,null,null,null,null,"TWOGAUSSIANS",8,3.228666,0.80904007,0.0024229004,0.4,0.0,0.28659138,0.009913734,0.29858577,0.002982274,0.4,0.0,0.27152112,0.009154266
375316653866487564,5825932307371498624,0.6270096,2389.575753742577,0.12261671938674587,1.7341481E-6,17.468855,0.002974522,0.14783904,0.0015551549,0.024301091,0.0023441047,0.11937006,0.011674611,0.6503587,8.3083106E-4,0.021116098,8.1708847E-4,2.0064728,0.1251084,0.03883439,0.0049898135,0.14783904,0.0015551549,"TWOGAUSSIANS_WITH_ELLIPSOIDAL_ON_ECLIPSE1",9,12.627686,0.6503587,8.3083106E-4,0.118250154,0.0045756954,2.084122,0.12712121,0.14783904,0.0015551549,0.1360861,0.013126987,0.19703883,0.011355163
375316653866487564,5825933093331634304,0.48325825,2401.9740397579662,4.562611077681067,8.677071E-6,18.99552,0.0694946,0.22550428,0.005107214,0.11564815,0.020493053,0.2795394,0.061682887,0.71624476,0.005253722,0.1269132,0.022660248,0.27829316,0.0662065,null,null,null,null,"TWOGAUSSIANS",8,3.851362,0.22560428,0.0050202976,0.4,0.0,0.21831518,0.016309207,0.71624476,0.005253722,0.4,0.0,0.21687402,0.01338288
375316653866487564,5825934609459241856,0.46562305,2442.4127835002546,2.121141689935974,1.1966438E-5,19.119574,0.005250966,0.21286158,0.00400083,0.033618446,0.0034437226,0.119501196,0.0156167,0.708988,0.0029060035,0.03868524,0.0035363915,0.21387011,0.013588965,null,null,null,null,"TWOGAUSSIANS",8,4.2090883,0.708988,0.0029060035,0.21663734,0.019803792,0.21387011,0.013588965,0.21286158,0.00400083,0.18826331,0.019284846,0.119501196,0.0156167
375316653866487564,5825935257978358528,0.54654056,2453.25689934346,2.888058629102208,5.941684E-6,18.753119,0.006495993,0.21007875,0.0024047801,0.08364563,0.004226524,0.27135056,0.0068387124,0.6985019,0.0016589239,0.089123406,0.0030778917,0.2579485,0.0070955884,null,null,null,null,"TWOGAUSSIANS",8,1.5780602,0.21007875,0.0024047801,0.4,0.0,0.26475823,0.0065264814,0.6985019,0.0016589239,0.4,0.0,0.25135607,0.006127826
375316653866487564,5825935842094318208,0.46220618,2404.373126379141,2.839686839189567,1.7244896E-5,18.936821,0.018204285,0.73327917,0.0038872575,0.047852326,0.0062535307,0.41414335,0.034540918,null,null,null,null,null,null,0.105678774,0.02445963,0.73327917,0.0038872575,"ONEGAUSSIAN_WITH_ELLIPSOIDAL",6,45.75672,0.73327917,0.0038872575,0.267973,0.035019774,0.6255,0.024239281,null,null,null,null,null,null
375316653866487564,5825937736195862272,0.40450212,2460.5175139668704,3.999169962857503,7.155034E-6,17.777693,0.090708695,0.23286648,0.10682379,0.07109249,0.24556185,0.106461346,0.06106294,0.7725975,0.03487428,0.021427613,0.010388757,2.7709928,2.5861685,null,null,null,null,"TWOGAUSSIANS",8,7.9854007,0.7725975,0.03487428,0.11999463,0.05817704,2.7709928,2.5893602,0.23286648,0.10682379,0.39811793,0.22378159,0.10646133,0.03792406
375316653866487564,5825939866514765312,0.5405905,2410.5142158121744,2.7714558734947086,8.3053055E-6,17.264177,0.012478113,0.2609184,0.0056051803,0.06887874,0.010196726,0.146843,0.02515583,0.7699932,0.00346069,0.041368596,0.021203471,0.07332281,0.022197716,0.065010644,0.014168336,0.7699932,0.00346069,"TWOGAUSSIANS_WITH_ELLIPSOIDAL_ON_ECLIPSE2",9,14.748384,0.2631784,0.0038298257,0.38572094,0.046488296,0.27642474,0.012216148,0.7699932,0.00346069,0.23166414,0.11873944,0.20322181,0.020204362
375316653866487564,5825941790665188608,0.5602044,2405.880876131154,2.5457083132029292,5.74508E-6,19.091652,0.01897422,0.2963919,0.0035169797,0.042353094,0.009522496,0.25533792,0.039841782,0.7997075,0.004817175,0.04467444,0.008161367,0.28443187,0.034421604,0.12293331,0.022630204,0.2963919,0.0035169797,"TWOGAUSSIANS_WITH_ELLIPSOIDAL_ON_ECLIPSE1",9,3.3199863,0.7997075,0.004817175,0.25017688,0.045703653,0.53019154,0.021000596,0.2963919,0.0035169797,0.23717733,0.053325973,0.50120425,0.039782096
375316653866487564,5825941825019909632,0.60375684,2398.9425443144387,2.894966297865599,3.2497999E-6,16.818222,0.009902577,0.21316385,0.0010022246,0.050704546,0.0033261038,0.36620733,0.021353785,0.71021444,0.0011805886,0.056574572,0.0023922834,0.45857444,0.026026858,0.11340192,0.013242037,0.21316385,0.0010022246,"TWOGAUSSIANS_WITH_ELLIPSOIDAL_ON_ECLIPSE1",9,29.014708,0.71054447,0.0010363158,0.31681758,0.013396787,0.68528557,0.019956516,0.21316385,0.0010022246,0.28394547,0.018626181,0.59298766,0.015469037
375316653866487564,5825942546559921664,0.6234426,2370.2867081820345,1.0931106295302802,2.7786123E-6,18.34036,0.0068273298,0.2643931,0.0020278196,0.06191702,0.0077077295,0.074976824,0.0151915,0.7583688,7.291806E-4,0.04810331,0.0012318766,0.6012223,0.01616701,0.045914393,0.008131928,0.2643931,0.0020278196,"TWOGAUSSIANS_WITH_ELLIPSOIDAL_ON_ECLIPSE1",9,1.4294494,0.7585288,6.9721794E-4,0.26937854,0.0068985084,0.6929011,0.012071065,0.2643931,0.0020278196,0.3467353,0.043163285,0.16678356,0.00658758
375316653866487564,5825943165049933952,0.60739076,2394.0901863396443,2.6251366389135624,2.4812293E-6,17.491795,0.022167217,0.16550966,0.0012715061,0.057527743,0.005495401,0.29445508,0.04523936,0.6601616,0.0023163226,0.0656407,0.0057402127,0.36467808,0.043787062,0.08865077,0.024884015,0.16550966,0.0012715061,"TWOGAUSSIANS_WITH_ELLIPSOIDAL_ON_ECLIPSE1",9,12.190269,0.6609216,0.001952963,0.36758795,0.03214519,0.5415984,0.012378849,0.16550966,0.0012715061,0.32215536,0.030774245,0.47154713,0.011330956
375316653866487564,5825943229438618624,0.57608914,2396.095357425997,3.229548770644521,4.5241786E-6,18.913376,0.022276279,0.26053706,0.004415979,0.042262383,0.007467678,0.3572609,0.05284946,0.75739574,0.0020451602,0.052780036,0.0051514693,0.4641323,0.04402373,0.117681496,0.027308945,0.26053706,0.004415979,"TWOGAUSSIANS_WITH_ELLIPSOIDAL_ON_ECLIPSE1",9,5.9321365,0.75771576,0.0016907909,0.2955682,0.028848229,0.6994062,0.020586846,0.26053706,0.004415979,0.23666935,0.041818995,0.59261733,0.020902371
375316653866487564,5825943229438629376,0.52036816,2391.5749990726686,2.814613322750706,6.328154E-6,18.14182,0.005806182,0.26962367,0.002176249,0.034514192,0.0038308343,0.44356394,0.048600048,0.7637122,0.002205699,0.037972033,0.0032818685,0.23588312,0.015311577,0.04316991,0.009109576,0.26962367,0.002176249,"TWOGAUSSIANS_WITH_ELLIPSOIDAL_ON_ECLIPSE1",9,13.625062,0.26962367,0.002176249,0.19327947,0.021452673,0.5299037,0.05116899,0.7639522,0.0021153076,0.21264338,0.018378463,0.3221086,0.010937798
375316653866487564,5825944741267822208,0.56733924,2402.948086999421,3.043750950496921,4.146901E-6,19.113783,0.013361441,0.27308592,0.0016376601,0.05373095,0.0047372463,0.34295192,0.029759875,0.7804302,0.0044414885,0.050000515,0.0048544584,0.27041832,0.03424442,0.103429444,0.019162383,0.27308592,0.0016376601,"TWOGAUSSIANS_WITH_ELLIPSOIDAL_ON_ECLIPSE1",9,2.2300248,0.27308592,0.0016376601,0.3008933,0.02652858,0.5498022,0.01890708,0.7804302,0.0044414885,0.2800029,0.027184967,0.4768284,0.013074035
375316653866487564,5825945192260937344,0.5111104,2396.4601030658796,3.844457496184851,1.0060517E-5,19.874207,0.008411248,0.28124717,0.0046656323,0.070787616,0.00421773,0.46292394,0.02818845,0.7797286,0.0035471846,0.07043688,0.0050590015,0.5726946,0.042742558,null,null,null,null,"TWOGAUSSIANS",8,1.992626,0.7797286,0.0035471846,0.39444655,0.018181713,0.5708155,0.043463092,0.28124717,0.0046656323,0.39641064,0.01881987,0.46104482,0.028265115
375316653866487564,5825945428462498432,0.50137365,2408.038439267293,2.8829031810515366,8.871564E-6,17.741074,0.031124804,0.30702585,0.005067062,0.10688961,0.017326282,0.18620983,0.02637939,0.78052753,0.003816065,0.12118981,0.015368674,0.19552457,0.029427055,null,null,null,null,"TWOGAUSSIANS",8,6.4552336,0.78052753,0.003816065,0.4,0.0,0.16897409,0.0067469752,0.30717584,0.0048982585,0.4,0.0,0.15975861,0.008897476
375316653866487564,5825945432792679168,0.57346225,2394.563146367909,3.243058339970034,6.6565767E-6,17.264662,0.007111114,0.28290534,0.0024506734,0.09239122,0.0039347173,0.28971836,0.007948356,0.7831426,0.0021973704,0.08381899,0.0035213735,0.28869438,0.006626753,null,null,null,null,"TWOGAUSSIANS",8,8.17088,0.28290534,0.0024506734,0.4,0.0,0.27944607,0.0070890365,0.7831426,0.0021973704,0.4,0.0,0.27842233,0.004780753
375316653866487564,5825945840774546816,0.5481997,2395.769329811468,0.2226965060981566,1.011514E-6,17.687595,0.0026701891,0.43894207,0.009504254,0.018818662,0.0069819526,0.24021637,0.11434801,0.946755,3.7809915E-4,0.0075191446,5.6364294E-4,0.6930486,0.061215926,null,null,null,null,"TWOGAUSSIANS",8,11.1521635,0.946755,3.7809915E-4,0.04210721,0.0031564005,0.6930486,0.061215926,0.43894207,0.009504254,0.1053845,0.039098937,0.24021637,0.11434801
375316653866487564,5825945875134416000,0.5323124,2384.9886875968114,1.025071400648904,6.7904657E-6,18.885878,0.0030263166,0.25720394,0.0016015902,0.027566334,0.0013864844,0.36518973,0.022799466,0.7550651,0.0011061396,0.032852963,0.0032247626,0.1463377,0.020538963,0.023971552,0.0047742594,0.25720394,0.0016015902,"TWOGAUSSIANS_WITH_ELLIPSOIDAL_ON_ECLIPSE1",9,1.9746188,0.25720394,0.0016015902,0.15437147,0.0077643124,0.41313276,0.022411942,0.7551251,0.0010779797,0.18397659,0.01805867,0.19427231,0.02128674
375316653866487564,5825947666175770112,0.55125314,2377.4383891800876,0.8684650530788811,3.4084896E-6,13.153123,0.05049298,0.25564766,0.0013514109,0.16429685,0.007280028,0.38047317,0.051752947,0.76093066,0.0016178556,0.30681238,0.013751338,0.70147324,0.0482889,null,null,null,null,"TWOGAUSSIANS",8,26.622047,0.25107765,0.0012729474,0.4,0.0,0.09987382,0.0020406155,0.7636207,0.0018143293,0.4,0.0,0.063253134,0.0019373244
375316653866487564,5825948211601435904,0.55823284,2385.5945335220003,3.421290555844569,5.663398E-6,17.429958,0.00252871,0.26425934,0.0022436166,0.08530743,0.0041031223,0.14516623,0.0056889215,0.7694906,0.0023730008,0.08480186,0.0038084502,0.13531572,0.003684891,null,null,null,null,"TWOGAUSSIANS",8,2.216635,0.26425934,0.0022436166,0.4,0.0,0.1417608,0.0061402502,0.7694906,0.0023730008,0.4,0.0,0.1319103,0.0037100934
375316653866487564,5825948589553693824,0.585639,2384.223483053117,2.918061441563248,3.4431887E-6,18.417885,0.0034216722,0.12672731,0.0011025543,0.07450147,0.0016140665,0.3977468,0.005553439,0.63014853,0.0022690655,0.077355415,0.0025743218,0.3405562,0.008594438,null,null,null,null,"TWOGAUSSIANS",8,2.4979188,0.12672731,0.0011025543,0.4,0.0,0.39472955,0.0055603157,0.63014853,0.0022690655,0.4,0.0,0.33753896,0.008755955
375316653866487564,5825948830072032384,0.49846402,2354.4475902688578,3.704649400222811,5.6571453E-6,18.885443,0.008028403,0.21801488,0.002297208,0.076023,0.004170973,0.23789899,0.008762606,0.7241274,0.003632266,0.08540973,0.0059723216,0.2531604,0.010076965,null,null,null,null,"TWOGAUSSIANS",8,2.2898676,0.7241274,0.003632266,0.4,0.0,0.2495576,0.009780254,0.21801488,0.002297208,0.4,0.0,0.23429622,0.00811167
375316653866487564,5825949762106820096,0.42704368,2394.9155494469833,4.021372136877888,1.1779545E-5,19.897575,0.015462695,0.68626416,0.01664156,0.023755254,0.026208406,0.40979084,4.413466E7,0.90222436,0.0030450847,0.013722633,0.0022705041,0.48092994,0.04633506,0.05459742,0.020912416,0.68626416,0.01664156,"TWOGAUSSIANS_WITH_ELLIPSOIDAL_ON_ECLIPSE1",9,8.787892,0.68626416,0.01664156,0.13302943,0.14676708,0.51898557,4.413466E7,0.90222436,0.0030450847,0.07684675,0.012714823,0.4858491,0.04647561
