Gaia/vari_eclipsing_binary/VariEclipsingBinary_663443-663456.csv
# %ECSV 1.0
# ---
# delimiter: ','
# meta: !!omap
# - RELEASE: Gaia DR3
# - TABLE: vari_eclipsing_binary
# - DESCRIPTION: >
#     This table describes the properties of the eclipsing binaries resulting from the variability analysis. 
# - CITATION: >
#     How to cite and acknowledge Gaia: 
#     https://gea.esac.esa.int/archive/documentation/credits.html 
# - KNOWN_ISSUES: >
#     Known issues: 
#     https://www.cosmos.esa.int/web/gaia-users/known-issues 
# - DOCUMENTATION: >
#     Tutorials and documentation: 
#     https://www.cosmos.esa.int/web/gaia-users/archive 
# datatype:
# - 
#   name: solution_id
#   datatype: int64
#   description: Solution Identifier
#   meta:
#     ucd: meta.version
# - 
#   name: source_id
#   datatype: int64
#   description: Unique source identifier
#   meta:
#     ucd: meta.id;meta.main
# - 
#   name: global_ranking
#   datatype: float32
#   description: Number between 0 (worst) and 1 (best)
#   meta:
#     ucd: stat.param
# - 
#   name: reference_time
#   datatype: float64
#   unit: d
#   description: Reference time used for the geometric model fit
#   meta:
#     ucd: time.epoch
# - 
#   name: frequency
#   datatype: float64
#   unit: d**-1
#   description: Frequency of geometric model of the eclipsing binary light curve
#   meta:
#     ucd: src.orbital
# - 
#   name: frequency_error
#   datatype: float32
#   unit: d**-1
#   description: "Uncertainty of \\texttt{frequency}"
#   meta:
#     ucd: stat.error
# - 
#   name: geom_model_reference_level
#   datatype: float32
#   unit: mag
#   description: Magnitude reference level of geometric model
#   meta:
#     ucd: phot.mag;em.opt
# - 
#   name: geom_model_reference_level_error
#   datatype: float32
#   unit: mag
#   description: "Uncertainty of \\texttt{geomModelReferenceLevel}"
#   meta:
#     ucd: stat.error;phot.mag;em.opt
# - 
#   name: geom_model_gaussian1_phase
#   datatype: float32
#   description: Phase of the Gaussian 1 component
#   meta:
#     ucd: time.phase
# - 
#   name: geom_model_gaussian1_phase_error
#   datatype: float32
#   description: "Uncertainty of \\texttt{geomModelGaussian1Phase}"
#   meta:
#     ucd: stat.error;time.phase
# - 
#   name: geom_model_gaussian1_sigma
#   datatype: float32
#   description: "Standard deviation [phase] of Gaussian 1 component"
#   meta:
#     ucd: stat.stdev
# - 
#   name: geom_model_gaussian1_sigma_error
#   datatype: float32
#   description: "Uncertainty of \\texttt{geomModelGaussian1Sigma}"
#   meta:
#     ucd: stat.error
# - 
#   name: geom_model_gaussian1_depth
#   datatype: float32
#   unit: mag
#   description: Magnitude depth of Gaussian 1 component
#   meta:
#     ucd: src.var.amplitude
# - 
#   name: geom_model_gaussian1_depth_error
#   datatype: float32
#   unit: mag
#   description: "Uncertainty of \\texttt{geomModelGaussian1Depth}"
#   meta:
#     ucd: stat.error;src.var.amplitude
# - 
#   name: geom_model_gaussian2_phase
#   datatype: float32
#   description: Phase of Gaussian 2 component
#   meta:
#     ucd: time.phase
# - 
#   name: geom_model_gaussian2_phase_error
#   datatype: float32
#   description: "Uncertainty of \\texttt{geomModelGaussian2Phase}"
#   meta:
#     ucd: stat.error;time.phase
# - 
#   name: geom_model_gaussian2_sigma
#   datatype: float32
[...]
#   datatype: float32
#   description: "Secondary eclipse: uncertainty of \\texttt{derivedSecondaryEclDuration}"
#   meta:
#     ucd: stat.error;time.duration
# - 
#   name: derived_secondary_ecl_depth
#   datatype: float32
#   unit: mag
#   description: "Secondary eclipse: depth"
#   meta:
#     ucd: src.var.amplitude
# - 
#   name: derived_secondary_ecl_depth_error
#   datatype: float32
#   unit: mag
#   description: "Secondary eclipse: uncertainty of \\texttt{derivedSecondaryEclDepth}"
#   meta:
#     ucd: stat.error;src.var.amplitude
solution_id,source_id,global_ranking,reference_time,frequency,frequency_error,geom_model_reference_level,geom_model_reference_level_error,geom_model_gaussian1_phase,geom_model_gaussian1_phase_error,geom_model_gaussian1_sigma,geom_model_gaussian1_sigma_error,geom_model_gaussian1_depth,geom_model_gaussian1_depth_error,geom_model_gaussian2_phase,geom_model_gaussian2_phase_error,geom_model_gaussian2_sigma,geom_model_gaussian2_sigma_error,geom_model_gaussian2_depth,geom_model_gaussian2_depth_error,geom_model_cosine_half_period_amplitude,geom_model_cosine_half_period_amplitude_error,geom_model_cosine_half_period_phase,geom_model_cosine_half_period_phase_error,model_type,num_model_parameters,reduced_chi2,derived_primary_ecl_phase,derived_primary_ecl_phase_error,derived_primary_ecl_duration,derived_primary_ecl_duration_error,derived_primary_ecl_depth,derived_primary_ecl_depth_error,derived_secondary_ecl_phase,derived_secondary_ecl_phase_error,derived_secondary_ecl_duration,derived_secondary_ecl_duration_error,derived_secondary_ecl_depth,derived_secondary_ecl_depth_error
[from data line 402]
375316653866487564,5835784034709933696,0.57235014,2168.909425876191,1.896624294361143,1.2773852E-5,17.064861,0.11701731,0.2309168,0.002947504,0.12142694,0.046365388,0.19466548,0.104493424,0.7302978,0.0018933831,0.11172203,0.026101861,0.19901726,0.10796173,null,null,null,null,"TWOGAUSSIANS",8,2.476746,0.7302978,0.0018820347,0.4,0.0,0.15990408,0.0058378037,0.2309168,0.0029526954,0.4,0.0,0.1554891,0.011176559
375316653866487564,5835784064669063296,0.47075826,2157.6312075612736,2.48691275753453,2.9780625E-5,18.125643,0.0030541306,null,null,null,null,null,null,null,null,null,null,null,null,0.064606644,0.00398787,0.26446876,0.005830204,"ELLIPSOIDAL",4,7.1805644,null,null,null,null,null,null,null,null,null,null,null,null
375316653866487564,5835784167750558208,0.44438645,2163.4644111438492,2.799102485352334,3.5995403E-5,18.295185,0.018131353,0.19923717,0.0069593126,0.09464386,0.01733016,0.11893376,0.016726226,0.7200974,0.0063642915,0.08064279,0.016230628,0.13053,0.017879365,null,null,null,null,"TWOGAUSSIANS",8,6.9349074,0.7200974,0.006363617,0.4,0.0,0.12753971,0.015913432,0.19923717,0.0069593126,0.4,0.0,0.11594312,0.014159119
375316653866487564,5835784446982093568,0.55198485,2174.160050264655,1.9594547160878504,1.0313021E-5,17.944738,0.008280935,0.18670689,0.02642258,0.030077072,0.010800589,0.0647296,0.027642066,0.667732,0.0024367303,0.057471305,0.0026675833,0.32302168,0.024091896,0.052080896,0.011174061,0.667732,0.0024367303,"TWOGAUSSIANS_WITH_ELLIPSOIDAL_ON_ECLIPSE2",9,9.117641,0.667732,0.0024367303,0.3218393,0.014938466,0.42715856,0.016542912,0.18475689,0.02515081,0.16843161,0.0604833,0.16754322,0.027760314
375316653866487564,5835784687500545536,0.54419935,2150.1644045375974,4.007053998099961,1.540558E-5,19.719875,0.02384128,0.29474938,0.004207889,0.07158874,0.0059624105,0.5079198,0.025795046,0.8126108,0.013144889,0.072959974,0.0147084845,0.56419915,0.050517358,null,null,null,null,"TWOGAUSSIANS",8,2.3872418,0.8126108,0.013144889,0.4,0.016354369,0.56245035,0.05082285,0.29474938,0.004207889,0.4,0.013407864,0.506171,0.023993475
375316653866487564,5835784790630908800,0.45956138,2149.118574527546,0.06422415652936375,6.419615E-5,19.211983,0.48592398,0.25957316,0.019220697,0.11404184,0.082699284,0.42996287,0.44094092,0.77184635,0.0092847645,0.12558869,0.065225735,0.4025507,0.4661288,null,null,null,null,"TWOGAUSSIANS",8,5.33163,0.25947317,0.019036315,0.4,0.0,0.3459025,0.12154596,0.77188635,0.008913577,0.4,0.0,0.31824204,0.024897387
375316653866487564,5835784962423039872,0.5935453,2200.823183264659,0.9469697640760674,7.203819E-6,16.36681,0.034360904,0.25961038,0.0011948121,0.12896651,0.011699312,0.1953687,0.03303673,0.76008886,0.0019357771,0.137069,0.017710786,0.15257911,0.033362538,null,null,null,null,"TWOGAUSSIANS",8,1.7962831,0.2596004,0.0011991946,0.4,0.0,0.1374384,0.0015712768,0.7600989,0.001959689,0.4,0.0,0.094467975,0.0018176881
375316653866487564,5835785237300977792,0.4369618,2147.670456991421,1.6617309874174486,4.305077E-5,19.851192,0.029212754,0.24869592,0.011678875,0.09788776,0.015251971,0.23018792,0.031068314,0.73761064,0.013792833,0.079835445,0.03600912,0.16927308,0.030623548,null,null,null,null,"TWOGAUSSIANS",8,3.1085024,0.24869592,0.011678875,0.4,0.0,0.22380412,0.02231397,0.73761064,0.013792833,0.4,0.06824171,0.16289042,0.038592573
375316653866487564,5835785409099614080,0.52976173,2183.0714441877653,2.6530563746989007,1.4710775E-5,17.555164,0.011457002,0.26441234,0.0056172796,0.090071745,0.0077272477,0.21443614,0.013306387,0.78104866,0.0028286239,0.08988348,0.0073664556,0.23674981,0.010804199,null,null,null,null,"TWOGAUSSIANS",8,11.71348,0.78104866,0.0028286239,0.4,0.0,0.22943886,0.009450143,0.26441234,0.0056172796,0.4,0.0,0.20712519,0.011026258
375316653866487564,5835785855776352768,0.51361495,2183.0400512414258,0.34529231354473594,1.111151E-4,17.254213,0.017533958,0.31432346,0.016023431,0.041904707,0.0805938,0.45146003,0.3722212,0.77893937,0.0038309796,0.06712072,0.015256606,0.09087818,0.014724241,null,null,null,null,"TWOGAUSSIANS",8,11.462876,0.31432346,0.016023431,0.23466636,0.16345598,0.4514582,0.37896392,0.77893937,0.0038309796,0.37587604,0.03669529,0.09087632,0.00953747
375316653866487564,5835786233693794176,0.49655434,2168.147567197871,3.6370902238258003,1.734011E-5,19.701305,0.027369238,0.15463491,0.004451579,0.069567546,0.01000332,0.46273088,0.03842911,0.69295293,0.010949185,0.09665526,0.024416175,0.2438302,0.022454789,null,null,null,null,"TWOGAUSSIANS",8,3.1498628,0.15463491,0.0044538,0.38957825,0.035660367,0.45945132,0.04007456,0.69295293,0.010949185,0.4,0.0,0.24054787,0.020807143
375316653866487564,5835786302413379968,0.4503265,2178.2060963630893,2.788302236774204,2.8166987E-5,18.843779,0.027433371,0.20782085,0.012040075,0.04805715,0.012236176,0.2906239,0.122350946,0.7184872,0.008629375,0.05040491,0.018398229,0.40192482,0.5866053,0.08244113,0.035702467,0.20782085,0.012040075,"TWOGAUSSIANS_WITH_ELLIPSOIDAL_ON_ECLIPSE1",9,29.809849,0.7184872,0.008629375,0.2822675,0.10303008,0.5660657,0.6105987,0.20782085,0.012040075,0.26912004,0.06852259,0.4555043,0.098589025
375316653866487564,5835786302413403776,0.60431564,2166.545305398238,0.8647845793685884,1.59384E-5,18.481548,0.0028558725,0.26936406,0.0014315849,0.028005943,7.142498E-4,0.9884506,0.034823723,0.7680811,0.0070516076,0.03604962,0.0072031193,0.10681499,0.0198214,null,null,null,null,"TWOGAUSSIANS",8,3.1842344,0.26936406,0.0014315849,0.15683328,0.003999799,0.9884506,0.034823723,0.7680811,0.0070516076,0.20187786,0.04033747,0.10681499,0.0198214
375316653866487564,5835786474212151424,0.48830852,2189.2112277713554,2.2276433892418903,1.5874828E-5,19.399368,0.011602757,0.16014141,0.0056275954,0.07045839,0.0051886425,0.354368,0.024707714,0.6773984,0.0050427336,0.07127034,0.0079496065,0.35796535,0.035142377,null,null,null,null,"TWOGAUSSIANS",8,5.0283575,0.6773984,0.0050427336,0.39911392,0.0320775,0.35705262,0.035474516,0.16014141,0.0056275954,0.39456698,0.026069107,0.35345528,0.024698703
375316653866487564,5835786680372646400,0.46162695,2167.746834604838,2.2702684630254244,2.890153E-5,18.239902,0.006204104,0.41361505,0.0048802914,0.052367028,0.0055833533,0.2243203,0.016776215,0.7756296,0.012791541,0.030345634,0.011971862,0.048869967,0.12796453,null,null,null,null,"TWOGAUSSIANS",8,11.965623,0.41361505,0.0048802914,0.29325536,0.03126678,0.2243203,0.016776215,0.7756296,0.012791541,0.16993555,0.067042425,0.048869967,0.12796453
375316653866487564,5835787470643223168,0.5087857,2172.8844261087847,1.307492271649983,1.4897345E-5,19.409262,0.007916579,0.31810698,0.003335591,0.0530806,0.0040986715,0.34530103,0.028615331,0.8017743,0.00630304,0.059723128,0.008055733,0.13276044,0.018232347,null,null,null,null,"TWOGAUSSIANS",8,1.9440646,0.31810698,0.003335591,0.29725137,0.02295256,0.34528938,0.028620064,0.8017743,0.00630304,0.3344495,0.0451121,0.13274878,0.018234596
375316653866487564,5835787470645053952,0.52828825,2180.327899458532,2.3487260548963933,1.108278E-5,19.57662,0.011454254,0.19349252,0.0048025344,0.07848187,0.008959047,0.43009305,0.017388318,0.693827,0.0027980495,0.08077417,0.0035917845,0.43832,0.017890012,null,null,null,null,"TWOGAUSSIANS",8,1.6436858,0.693827,0.0027980495,0.4,0.0,0.4320764,0.017204601,0.19349252,0.0048025344,0.4,0.0,0.42384943,0.019469552
375316653866487564,5835787608123140096,0.47396547,2154.3557357989826,3.018924308987485,3.561853E-5,16.931976,0.016840383,0.2133956,0.007068718,0.095392935,0.014484998,0.09930377,0.016955713,0.6895084,0.0063765217,0.09540858,0.026949098,0.11153473,0.01083205,null,null,null,null,"TWOGAUSSIANS",8,10.571285,0.6895084,0.0063765217,0.4,0.0,0.10668174,0.007355779,0.2133956,0.0070694736,0.4,0.0,0.09445084,0.010079427
375316653866487564,5835787642442083200,0.49344757,2174.123897126388,3.7791614566292577,1.3951908E-5,19.178223,0.03813612,0.23779812,0.004802016,0.08957069,0.014298954,0.34781393,0.02979155,0.7620336,0.0043145027,0.11184891,0.016204987,0.32605153,0.031095115,null,null,null,null,"TWOGAUSSIANS",8,3.0406256,0.23776813,0.004829567,0.4,0.0,0.3253462,0.020859737,0.7620336,0.0043145027,0.4,0.0,0.30354014,0.01950475
375316653866487564,5835787711164814080,0.4538005,2171.0439645975894,2.775086535657933,2.9513923E-5,19.815918,0.020911735,0.16613868,0.008977881,0.08546011,0.014737291,0.2846194,0.037853282,0.67425156,0.007078771,0.07598301,0.010868277,0.2787568,0.026523426,null,null,null,null,"TWOGAUSSIANS",8,3.4704518,0.16613868,0.008977881,0.4,0.0,0.28064486,0.039043784,0.67425156,0.007078771,0.4,0.0046630893,0.2747823,0.025331488
375316653866487564,5835787779882152832,0.5767837,2185.864121359992,2.8889892876968037,1.02627155E-5,19.073126,0.0135967005,0.24080665,0.0024838161,0.06785611,0.0034034746,0.51284313,0.013201488,0.7343617,0.0051458664,0.07146468,0.0052150944,0.5502619,0.028867071,null,null,null,null,"TWOGAUSSIANS",8,3.5433464,0.7343617,0.0051458664,0.4,0.017336886,0.5488256,0.028820658,0.24080665,0.0024838161,0.3799942,0.019059459,0.51140684,0.012651043
375316653866487564,5835787883001713920,0.61428165,2183.6880845169558,1.5449292981736327,8.260484E-6,17.085848,0.025596369,0.28919768,0.0017877432,0.06348159,0.005012885,0.5041577,0.04969573,0.79121286,0.002743037,0.055376206,0.007440458,0.22592767,0.05652769,0.06809311,0.028766545,0.28919768,0.0017877432,"TWOGAUSSIANS_WITH_ELLIPSOIDAL_ON_ECLIPSE1",9,15.43851,0.28919768,0.0017877432,0.3554969,0.028072158,0.64012736,0.0137654785,0.79121286,0.002743037,0.31010675,0.041666564,0.36187547,0.008029132
375316653866487564,5835788054800018304,0.5506833,2179.953824221003,1.0427600717567465,6.4315273E-6,17.19957,0.0036655276,0.25527307,0.0018245599,0.023503719,0.0020317484,0.3356862,0.026553698,0.75244105,0.0028234199,0.023961086,0.0022557136,0.39949244,0.025763879,null,null,null,null,"TWOGAUSSIANS",8,19.188505,0.75244105,0.0028234199,0.13418208,0.012631997,0.39949244,0.025763879,0.25527307,0.0018245599,0.13162082,0.011377792,0.3356862,0.026553698
375316653866487564,5835788157839583616,0.5440294,2151.3868398642226,2.856038575476861,9.201712E-6,19.343817,0.010648199,0.1918919,0.0016886506,0.06396513,0.0018144015,0.56119657,0.015872354,0.68464637,0.0022396334,0.06464168,0.0029878279,0.7109095,0.02741778,null,null,null,null,"TWOGAUSSIANS",8,3.66881,0.68464637,0.0022396334,0.3619934,0.016731836,0.71038026,0.027522108,0.1918919,0.0016886506,0.3582047,0.010160648,0.56066734,0.015710248
375316653866487564,5835788226559202176,0.40456685,2195.4890403853124,0.053589768246099366,2.4083423E-5,19.200907,0.02793084,0.28947592,0.102281004,0.016383082,0.0070109284,1.0669191,22.191786,0.7078342,0.009992345,0.070630655,0.012914442,0.21446441,0.030311227,0.09210322,0.041971624,0.7078342,0.009992345,"TWOGAUSSIANS_WITH_ELLIPSOIDAL_ON_ECLIPSE2",9,13.806473,0.2892259,0.102501646,0.09174526,0.0392612,1.2064874,22.089016,0.7078342,0.009992345,0.39553165,0.04014455,0.39827615,0.0652097
375316653866487564,5835788295280854272,0.5442213,2154.803348349344,3.4218361456897957,1.0016424E-5,19.701468,0.010734594,0.22918071,0.0023313446,0.054361336,0.0038563567,0.7378086,0.071633056,0.73030126,0.001985719,0.06406942,0.0027750824,0.69144815,0.039489143,null,null,null,null,"TWOGAUSSIANS",8,4.1167803,0.22918071,0.0023313446,0.30442348,0.021595597,0.7376247,0.07172218,0.73030126,0.001985719,0.35878876,0.015540462,0.6912643,0.03952865
375316653866487564,5835788467077323264,0.4982612,2158.4183329008665,1.701983777068829,1.9947154E-5,18.712742,0.010428335,0.25302175,0.003502517,0.08738704,0.0063128998,0.3303683,0.023075683,0.73773074,0.00619067,0.08268973,0.008453174,0.3280915,0.017647091,null,null,null,null,"TWOGAUSSIANS",8,6.4663844,0.25302175,0.003502517,0.4,0.0,0.32368332,0.024162445,0.73773074,0.00619067,0.4,0.0,0.32140657,0.017846948
375316653866487564,5835788703260510720,0.60094625,2163.179607942468,3.537925551623574,3.921914E-6,18.6767,0.013804643,0.30542544,0.0018407593,0.049768727,0.0035819511,0.25133833,0.027706059,0.8067483,0.0023860913,0.047911484,0.004902401,0.20362827,0.029878898,0.118209854,0.014769519,0.30542544,0.0018407593,"TWOGAUSSIANS_WITH_ELLIPSOIDAL_ON_ECLIPSE1",9,2.5452466,0.30542544,0.0018407593,0.27870488,0.020058926,0.48775682,0.013327067,0.8067483,0.0023860913,0.2683043,0.027453447,0.44003043,0.016358446
375316653866487564,5835788948153297408,0.52407116,2173.814900301898,1.009047652539907,1.274134E-5,15.9800005,0.017576113,0.23042853,0.005004855,0.096905395,0.010399619,0.1871533,0.017443787,0.7253931,0.0034447894,0.120981626,0.012667251,0.15614152,0.016415933,null,null,null,null,"TWOGAUSSIANS",8,14.769968,0.23044853,0.0050262376,0.4,0.0,0.1643964,0.0150987385,0.7253931,0.0034447894,0.4,0.0,0.13332339,0.005085501
375316653866487564,5835789085552939648,0.42175466,2164.198113883012,2.9344222043365016,2.125669E-4,18.765064,0.019980568,0.37574434,0.03548339,0.024728294,0.03034648,0.1832654,1084965.2,0.5702764,0.0112986015,0.046668828,0.013013515,0.40023705,0.038208164,0.021869663,0.025422283,0.37574434,0.03548339,"TWOGAUSSIANS_WITH_ELLIPSOIDAL_ON_ECLIPSE1",9,37.900913,0.5702764,0.0112986015,0.26134542,0.072875686,0.40533787,0.03935772,0.37576434,0.03549857,0.13847844,0.16994028,0.22707205,1084965.2
375316653866487564,5835789085592266624,0.5521335,2187.138214930561,1.5432290613965618,1.2002698E-5,17.813204,0.0019620892,0.2620382,0.0016782269,0.04413654,0.0019990292,0.29219094,0.008382277,0.7600969,0.0030638431,0.041107494,0.0057959245,0.08622707,0.01040495,null,null,null,null,"TWOGAUSSIANS",8,2.5985587,0.2620382,0.0016782269,0.24716462,0.011194563,0.29219094,0.00838228,0.7600969,0.0030638431,0.23020196,0.032457177,0.08622705,0.010404976
375316653866487564,5835789360470178816,0.5869722,2161.2122996601547,0.6706072700000001,5.7993684E-6,15.754663,0.0012858608,0.25422987,6.320617E-4,0.027850032,5.713808E-4,0.16606098,0.0024431066,0.74766123,0.030344792,0.02473713,0.0172553,0.020037532,0.02806093,null,null,null,null,"TWOGAUSSIANS",8,9.268962,0.25422987,6.320617E-4,0.15596019,0.0031997322,0.16606098,0.0024431066,0.74766123,0.030344792,0.13852793,0.09662969,0.020037532,0.02806093
375316653866487564,5835789463549707008,0.51283133,2168.425346961489,0.7109958256911733,2.9304683E-5,12.840022,0.00128292,0.25378352,0.013126847,0.014363126,0.016982324,0.14230607,3.0208414E18,0.75399125,1.7123292E-4,0.01046379,3.0131996E-4,0.10703386,0.0030378464,0.008422993,0.0019025085,0.25378352,0.013126847,"TWOGAUSSIANS_WITH_ELLIPSOIDAL_ON_ECLIPSE1",9,57.90079,0.25378352,0.013126847,0.0804335,0.095101014,0.15915203,3.0208414E18,0.75399125,1.6781726E-4,0.058597222,0.0016873918,0.12387979,0.0019148563
375316653866487564,5835789738388458368,0.5399168,2150.058096153689,3.4594292816137484,9.166042E-6,19.329447,0.0062630665,0.19148695,0.002979252,0.077475354,0.0027264599,0.46052855,0.025581677,0.67754734,0.0020343454,0.07581107,0.002941539,0.53225935,0.016789865,null,null,null,null,"TWOGAUSSIANS",8,3.194403,0.67754734,0.0020343454,0.4,0.0,0.5286768,0.0171994,0.19148695,0.002979252,0.4,0.0,0.456946,0.025759503
375316653866487564,5835789978907580928,0.5276853,2182.1434606467487,3.5464832996479436,6.637864E-6,19.634659,0.018196642,0.22024074,0.0030528586,0.079159506,0.004621882,0.56754583,0.032847013,0.7053571,0.0047151423,0.08740488,0.008367554,0.59234816,0.02423731,null,null,null,null,"TWOGAUSSIANS",8,4.2270184,0.7053571,0.0047151423,0.4,0.0,0.58259165,0.024277106,0.22024074,0.0030528586,0.4,0.0,0.55778944,0.031943638
375316653866487564,5835790219463273344,0.5738701,2166.6535067268655,0.901727192495203,9.0403655E-6,17.014889,0.010161268,0.27261034,0.0020463448,0.084043495,0.0055441516,0.2900778,0.010223627,0.76895005,0.0038492002,0.08524229,0.0068529537,0.2477656,0.009601037,null,null,null,null,"TWOGAUSSIANS",8,11.284493,0.27261034,0.0020463448,0.4,0.0,0.2836701,0.008807553,0.76895005,0.0038492002,0.4,0.0,0.24135788,0.0073471265
