Gaia/vari_eclipsing_binary/VariEclipsingBinary_635855-635975.csv
# %ECSV 1.0
# ---
# delimiter: ','
# meta: !!omap
# - RELEASE: Gaia DR3
# - TABLE: vari_eclipsing_binary
# - DESCRIPTION: >
#     This table describes the properties of the eclipsing binaries resulting from the variability analysis. 
# - CITATION: >
#     How to cite and acknowledge Gaia: 
#     https://gea.esac.esa.int/archive/documentation/credits.html 
# - KNOWN_ISSUES: >
#     Known issues: 
#     https://www.cosmos.esa.int/web/gaia-users/known-issues 
# - DOCUMENTATION: >
#     Tutorials and documentation: 
#     https://www.cosmos.esa.int/web/gaia-users/archive 
# datatype:
# - 
#   name: solution_id
#   datatype: int64
#   description: Solution Identifier
#   meta:
#     ucd: meta.version
# - 
#   name: source_id
#   datatype: int64
#   description: Unique source identifier
#   meta:
#     ucd: meta.id;meta.main
# - 
#   name: global_ranking
#   datatype: float32
#   description: Number between 0 (worst) and 1 (best)
#   meta:
#     ucd: stat.param
# - 
#   name: reference_time
#   datatype: float64
#   unit: d
#   description: Reference time used for the geometric model fit
#   meta:
#     ucd: time.epoch
# - 
#   name: frequency
#   datatype: float64
#   unit: d**-1
#   description: Frequency of geometric model of the eclipsing binary light curve
#   meta:
#     ucd: src.orbital
# - 
#   name: frequency_error
#   datatype: float32
#   unit: d**-1
#   description: "Uncertainty of \\texttt{frequency}"
#   meta:
#     ucd: stat.error
# - 
#   name: geom_model_reference_level
#   datatype: float32
#   unit: mag
#   description: Magnitude reference level of geometric model
#   meta:
#     ucd: phot.mag;em.opt
# - 
#   name: geom_model_reference_level_error
#   datatype: float32
#   unit: mag
#   description: "Uncertainty of \\texttt{geomModelReferenceLevel}"
#   meta:
#     ucd: stat.error;phot.mag;em.opt
# - 
#   name: geom_model_gaussian1_phase
#   datatype: float32
#   description: Phase of the Gaussian 1 component
#   meta:
#     ucd: time.phase
# - 
#   name: geom_model_gaussian1_phase_error
#   datatype: float32
#   description: "Uncertainty of \\texttt{geomModelGaussian1Phase}"
#   meta:
#     ucd: stat.error;time.phase
# - 
#   name: geom_model_gaussian1_sigma
#   datatype: float32
#   description: "Standard deviation [phase] of Gaussian 1 component"
#   meta:
#     ucd: stat.stdev
# - 
#   name: geom_model_gaussian1_sigma_error
#   datatype: float32
#   description: "Uncertainty of \\texttt{geomModelGaussian1Sigma}"
#   meta:
#     ucd: stat.error
# - 
#   name: geom_model_gaussian1_depth
#   datatype: float32
#   unit: mag
#   description: Magnitude depth of Gaussian 1 component
#   meta:
#     ucd: src.var.amplitude
# - 
#   name: geom_model_gaussian1_depth_error
#   datatype: float32
#   unit: mag
#   description: "Uncertainty of \\texttt{geomModelGaussian1Depth}"
#   meta:
#     ucd: stat.error;src.var.amplitude
# - 
#   name: geom_model_gaussian2_phase
#   datatype: float32
#   description: Phase of Gaussian 2 component
#   meta:
#     ucd: time.phase
# - 
#   name: geom_model_gaussian2_phase_error
#   datatype: float32
#   description: "Uncertainty of \\texttt{geomModelGaussian2Phase}"
#   meta:
#     ucd: stat.error;time.phase
# - 
#   name: geom_model_gaussian2_sigma
#   datatype: float32
[...]
#   datatype: float32
#   description: "Secondary eclipse: uncertainty of \\texttt{derivedSecondaryEclDuration}"
#   meta:
#     ucd: stat.error;time.duration
# - 
#   name: derived_secondary_ecl_depth
#   datatype: float32
#   unit: mag
#   description: "Secondary eclipse: depth"
#   meta:
#     ucd: src.var.amplitude
# - 
#   name: derived_secondary_ecl_depth_error
#   datatype: float32
#   unit: mag
#   description: "Secondary eclipse: uncertainty of \\texttt{derivedSecondaryEclDepth}"
#   meta:
#     ucd: stat.error;src.var.amplitude
solution_id,source_id,global_ranking,reference_time,frequency,frequency_error,geom_model_reference_level,geom_model_reference_level_error,geom_model_gaussian1_phase,geom_model_gaussian1_phase_error,geom_model_gaussian1_sigma,geom_model_gaussian1_sigma_error,geom_model_gaussian1_depth,geom_model_gaussian1_depth_error,geom_model_gaussian2_phase,geom_model_gaussian2_phase_error,geom_model_gaussian2_sigma,geom_model_gaussian2_sigma_error,geom_model_gaussian2_depth,geom_model_gaussian2_depth_error,geom_model_cosine_half_period_amplitude,geom_model_cosine_half_period_amplitude_error,geom_model_cosine_half_period_phase,geom_model_cosine_half_period_phase_error,model_type,num_model_parameters,reduced_chi2,derived_primary_ecl_phase,derived_primary_ecl_phase_error,derived_primary_ecl_duration,derived_primary_ecl_duration_error,derived_primary_ecl_depth,derived_primary_ecl_depth_error,derived_secondary_ecl_phase,derived_secondary_ecl_phase_error,derived_secondary_ecl_duration,derived_secondary_ecl_duration_error,derived_secondary_ecl_depth,derived_secondary_ecl_depth_error
[from data line 72]
375316653866487564,5593117523391026560,0.49968123,2253.8006506821844,2.8483553715298062,1.7434173E-5,17.374968,0.06707353,0.15365845,0.0035529893,0.103236675,0.016246684,0.2901044,0.062437348,0.64855427,0.00760059,0.124212064,0.029940719,0.2615657,0.058446266,null,null,null,null,"TWOGAUSSIANS",8,16.454573,0.15368845,0.0035023717,0.4,0.0,0.24401079,0.009919995,0.64855427,0.00760059,0.4,0.0,0.21531633,0.021308454
375316653866487564,5593117793966889344,0.532878,2251.000009372084,3.971411032445248,1.337983E-5,18.701635,0.012286743,0.20379812,0.002819616,0.09098232,0.0060772197,0.31823975,0.013252877,0.7082829,0.0044010454,0.09437359,0.00921151,0.29363266,0.014396377,null,null,null,null,"TWOGAUSSIANS",8,4.546433,0.20379812,0.002819616,0.4,0.0,0.3032001,0.01328502,0.7082829,0.0044010454,0.4,0.0,0.2785927,0.014558119
375316653866487564,5593118244945548032,0.6482103,2266.9480448980626,0.04114324022575584,1.5139524E-5,13.3125105,4.8303357E-4,0.18085515,0.062240858,0.056031357,0.029051108,0.0024830264,0.0020815057,0.9164155,1.8527362E-5,0.0048332727,2.4576108E-5,0.38359335,0.0025459754,null,null,null,null,"TWOGAUSSIANS",8,9.531153,0.9164155,1.8527362E-5,0.027066328,1.3762621E-4,0.38359338,0.0025459796,0.18085515,0.062240858,0.3137756,0.1626862,0.0024830264,0.0020815057
375316653866487564,5593120306531241216,0.5774737,2215.85079645812,3.7096441429346636,9.199364E-6,18.52413,0.0044113277,0.23813725,0.0030354827,0.06592448,0.0037729256,0.6501768,0.030035753,0.7393179,0.0013154284,0.06478125,0.0023384788,0.53166795,0.016829107,null,null,null,null,"TWOGAUSSIANS",8,5.189922,0.23813725,0.0030354827,0.3691771,0.021128383,0.6494218,0.03021274,0.7393179,0.0013154284,0.362775,0.013095481,0.53091294,0.01693633
375316653866487564,5593120680181577728,0.5612374,2233.431941651715,3.382720827764231,1.3971194E-5,19.286146,0.004847389,0.22638762,0.0025481097,0.07530054,0.003586649,0.43349758,0.028736034,0.7235114,0.0045289835,0.07327012,0.0042977384,0.47902918,0.028185934,null,null,null,null,"TWOGAUSSIANS",8,1.9362537,0.7235114,0.0045289835,0.4,0.0,0.47606766,0.028655114,0.22638762,0.0025481097,0.4,0.0,0.43053606,0.02929877
375316653866487564,5593121577834381056,0.579919,2209.281999736645,2.834206092562885,5.1498614E-6,18.638763,0.0067715435,0.25229627,0.0029564542,0.0790835,0.003440277,0.42358264,0.009435359,0.75440973,0.0015267566,0.08199692,0.00228698,0.40338182,0.007926489,null,null,null,null,"TWOGAUSSIANS",8,1.8947396,0.25229627,0.0029564542,0.4,0.0,0.4171682,0.009011656,0.75440973,0.0015267566,0.4,0.0,0.39696738,0.00728185
375316653866487564,5593122849151595136,0.655077,2240.201680779993,1.1557266476835406,4.1387143E-6,13.600114,0.009198439,0.29781228,0.0012356893,0.054404296,0.0047754375,0.12291218,0.02021627,0.79788005,0.0017361289,0.06286119,0.0072052353,0.108092956,0.019766143,0.06966456,0.011624587,0.29781228,0.0012356893,"TWOGAUSSIANS_WITH_ELLIPSOIDAL_ON_ECLIPSE1",9,40.12529,0.29781228,0.0012356893,0.30466405,0.02674245,0.26219875,0.004231306,0.79788005,0.0015809732,0.35202268,0.04034932,0.24737948,0.004136047
375316653866487564,5593123570706328832,0.71738154,2244.1903396633165,2.0459182980333197,1.742549E-6,15.125378,0.003534143,0.25051463,2.9541712E-4,0.04645801,0.001248496,0.3922351,0.0074669295,0.75025946,7.276356E-4,0.049616586,0.0022422026,0.33207408,0.011731918,0.1513279,0.005354114,0.25051463,2.9541712E-4,"TWOGAUSSIANS_WITH_ELLIPSOIDAL_ON_ECLIPSE1",9,16.428907,0.25051463,2.9541712E-4,0.26016486,0.006991578,0.69488966,0.005048847,0.75029945,6.2539504E-4,0.27785286,0.012556334,0.63472795,0.016529521
375316653866487564,5593125357412658304,0.5736544,2224.5832144965216,2.546942984893576,1.3548399E-5,13.193806,0.009317857,0.12277374,0.004706417,0.048848927,0.0049937135,0.2384233,0.021633413,0.61783236,0.0037570214,0.06465194,0.0056041214,0.25383356,0.022759095,0.080593795,0.012560787,0.61783236,0.0037570214,"TWOGAUSSIANS_WITH_ELLIPSOIDAL_ON_ECLIPSE2",9,402.579,0.61783236,0.0037570214,0.36205083,0.03138308,0.4148791,0.01757979,0.122213736,0.0040909373,0.273554,0.027964797,0.39933106,0.012138271
375316653866487564,5593125731063532928,0.5571214,2293.3463635096136,3.2015559350942655,6.9823236E-6,19.441545,0.013310003,0.21422017,0.0025512462,0.06942647,0.0039722584,0.4914446,0.0153619405,0.71085024,0.0011900397,0.07255072,0.004026719,0.44252768,0.02338181,null,null,null,null,"TWOGAUSSIANS",8,1.8331803,0.21422017,0.0025512462,0.38878822,0.022244647,0.48970842,0.015179345,0.71085024,0.0011900397,0.4,0.0074430555,0.44079152,0.023539595
375316653866487564,5593126319485213696,0.5822674,2258.6022323235616,2.3383990441034905,8.2684755E-6,16.155079,0.008487178,0.21943298,0.005080549,0.08719171,0.0074667824,0.24036747,0.010833593,0.7211934,0.0015524663,0.09521164,0.004612139,0.27724993,0.008528662,null,null,null,null,"TWOGAUSSIANS",8,17.754824,0.7211934,0.0015524663,0.4,0.0,0.26548302,0.008289896,0.21943298,0.005080549,0.4,0.0,0.22860108,0.011724737
375316653866487564,5593127071093473792,0.4551168,2210.7371012878098,0.06292229708098955,1.0882184E-6,18.178194,0.0022901443,0.36486393,2.5951986E-6,0.0012619634,4.3670494E-5,0.2330229,0.005484554,null,null,null,null,null,null,null,null,null,null,"ONEGAUSSIAN",5,3.5132241,0.36486393,2.5951986E-6,0.007066995,2.4455477E-4,0.2330229,0.0,null,null,null,null,null,null
375316653866487564,5593128071831758720,0.48388147,2226.624767189984,1.3571937204808728,2.0602081E-5,15.511024,0.0032079131,0.10716629,8.6816784E-4,0.006994408,3.068512E-4,0.4630659,0.040379345,0.6297408,0.04173842,0.09253358,0.040917475,0.022401558,0.007161193,null,null,null,null,"TWOGAUSSIANS",8,39.44,0.10716629,8.6816784E-4,0.039168686,0.0017183666,0.4630659,0.04037933,0.6297408,0.04173842,0.4,0.0,0.02240152,0.0071605034
375316653866487564,5593128415429042304,0.5513003,2219.4266989754706,2.9652301818570552,1.3381446E-5,17.481163,0.016930452,0.28653538,0.0023583926,0.097678356,0.009081165,0.20325388,0.015359287,0.78211176,0.0035795083,0.100575216,0.009963568,0.22192444,0.014319226,null,null,null,null,"TWOGAUSSIANS",8,4.8246026,0.78211176,0.0035795083,0.4,0.0,0.20522866,0.009166461,0.28653538,0.0023583926,0.4,0.0,0.1865592,0.008008852
375316653866487564,5593129102624337280,0.63539577,2223.123319161583,2.412647999294743,3.8607177E-6,15.790746,0.0049725096,0.25359353,0.001487831,0.096501715,0.0028811463,0.20183371,0.004794364,0.7525094,0.0018044999,0.10345818,0.0037270435,0.17839138,0.0048345053,null,null,null,null,"TWOGAUSSIANS",8,3.8812509,0.25359353,0.001487831,0.4,0.0,0.18546739,0.002357376,0.7525094,0.0018044999,0.4,0.0,0.16202264,0.003092395
375316653866487564,5593131469141959040,0.5371511,2252.78429460903,3.278923693028991,1.2258234E-5,18.302578,0.008110949,0.26016894,0.0058129253,0.08785798,0.0072626253,0.25043863,0.009624678,0.762912,0.002871973,0.087089844,0.004289424,0.2404958,0.009611729,null,null,null,null,"TWOGAUSSIANS",8,3.6726956,0.26016894,0.0058129253,0.4,0.0,0.2425359,0.008293441,0.762912,0.002871973,0.4,0.0,0.23259306,0.007924281
375316653866487564,5593133260152665984,0.55839705,2225.362146473115,3.510955378052313,1.3977037E-5,18.819569,0.01105208,0.2585831,0.0044562337,0.07439251,0.0057509975,0.4298296,0.026695311,0.74818045,0.0022890135,0.07569122,0.0040215338,0.37414357,0.01343385,null,null,null,null,"TWOGAUSSIANS",8,3.5878694,0.2585831,0.0044562337,0.4,0.0,0.427361,0.027030613,0.74818045,0.0022890135,0.4,0.0,0.37167498,0.012981722
375316653866487564,5593133672469148800,0.62116545,2188.230456785641,2.6830437689350246,3.4852865E-6,16.211647,0.008759823,0.23406808,0.0014046625,0.05455959,0.0051630326,0.23538525,0.017328216,0.7350956,0.002592485,0.04832928,0.0042166216,0.180939,0.020631839,0.10243268,0.01141682,0.23406808,0.0014046625,"TWOGAUSSIANS_WITH_ELLIPSOIDAL_ON_ECLIPSE1",9,13.215546,0.23406808,0.0014046625,0.30553368,0.028912984,0.44024378,0.016797822,0.7350956,0.002583171,0.27064398,0.02361308,0.385789,0.011018099
375316653866487564,5593133706828860544,0.5164191,2176.0874129474805,1.6475489786791557,8.409126E-6,17.08892,0.0062700273,0.22395945,6.65818E-5,0.0037211985,4.3385988E-4,0.09935975,0.013603434,0.74387187,0.0020769786,0.030448575,0.0016173846,0.5719977,0.025727948,0.039207846,0.014513356,0.74387187,0.0020769786,"TWOGAUSSIANS_WITH_ELLIPSOIDAL_ON_ECLIPSE2",9,86.75204,0.74387187,0.0020769786,0.17051202,0.009057354,0.65041333,0.02951657,0.22397946,7.221255E-5,0.020838711,0.0024296152,0.17655532,0.017387679
375316653866487564,5593133741188992000,0.5202795,2236.2157412953406,0.6375433441762548,1.0933009E-5,14.955046,0.0010224036,0.7062855,4.4893654E-4,0.017136306,0.0013676276,0.08016808,0.00878517,null,null,null,null,null,null,0.011651102,0.001926105,0.7062855,4.4893654E-4,"ONEGAUSSIAN_WITH_ELLIPSOIDAL",6,6.311013,0.7062855,4.4893654E-4,0.095963314,0.0076587144,0.10347026,0.010142106,null,null,null,null,null,null
375316653866487564,5593134802043305472,0.42987403,2232.777237287106,2.874030505463368,3.9582224E-5,19.248941,0.017471686,0.27082548,0.015020773,0.09258481,0.019634552,0.13770078,0.020034855,0.79053336,0.009821482,0.08150369,0.015162075,0.17070162,0.034360643,null,null,null,null,"TWOGAUSSIANS",8,4.3750367,0.79053336,0.009821482,0.4,0.0,0.16718024,0.034440335,0.27082548,0.015020773,0.4,0.0,0.13417919,0.016586272
375316653866487564,5593135248715654272,0.48388258,2236.797463865969,0.8716521307454725,6.077307E-5,17.164707,0.0052115433,0.24871862,0.009948475,0.07692069,0.013272112,0.037489664,0.005473139,0.74668974,0.027935948,0.03123119,0.02988094,0.098365076,0.007881637,null,null,null,null,"TWOGAUSSIANS",8,5.421723,0.74668974,0.027935948,0.17489466,0.16733328,0.09836321,0.007920054,0.24871862,0.009948475,0.4,0.0,0.0374878,0.005377972
375316653866487564,5593137280235090688,0.48572826,2197.2092232944547,3.0970580676143546,4.6844063E-5,18.062654,0.026870115,0.2661328,0.007973667,0.09084491,0.015665062,0.16795146,0.02535914,0.7726989,0.010502954,0.086049624,0.030543659,0.18257146,0.025204696,null,null,null,null,"TWOGAUSSIANS",8,7.701192,0.7726989,0.01050995,0.4,0.0,0.1767794,0.029329985,0.2661328,0.007975984,0.4,0.0,0.16215934,0.012307053
375316653866487564,5593138860789754752,0.61390626,2200.095917810328,0.7187366094016485,2.5972063E-6,13.654899,0.0030288303,0.19015126,0.0042005316,0.037995998,0.004522028,0.07077725,0.009048865,0.69251084,0.0010138046,0.037491966,0.0010517645,0.4467217,0.009340254,0.005401673,0.0068781967,0.19015126,0.0042005316,"TWOGAUSSIANS_WITH_ELLIPSOIDAL_ON_ECLIPSE1",9,86.2283,0.69251084,0.0010138046,0.20995502,0.005889881,0.45752266,0.008446638,0.19015126,0.0042005316,0.2127776,0.025323356,0.08158058,0.0062201633
375316653866487564,5593139719783175936,0.65440655,2213.751187914276,1.4377486527976047,3.073638E-6,15.558769,0.002783403,0.16198187,0.0023362655,0.044030767,0.004157888,0.06950989,0.007534012,0.6621153,5.058358E-4,0.038327284,9.264439E-4,0.42393008,0.014129264,0.046017036,0.0031736898,0.16198187,0.0023362655,"TWOGAUSSIANS_WITH_ELLIPSOIDAL_ON_ECLIPSE1",9,8.79412,0.6621153,4.9381074E-4,0.21463278,0.0051880856,0.51596403,0.014960289,0.16198187,0.0023362655,0.24657229,0.02328417,0.16154395,0.0047038286
375316653866487564,5593139754142895872,0.50839025,2231.0591207621383,1.2321865233732074,2.1732076E-5,15.400046,0.103527665,0.15779404,0.00423012,0.16325802,0.024795584,0.7381972,0.14318949,0.6568134,0.005394582,0.21862744,0.036423333,0.8330503,0.09376143,null,null,null,null,"TWOGAUSSIANS",8,46.31656,0.15842405,0.004149552,0.4,0.0,0.19837464,0.01395906,0.6568134,0.0053944183,0.4,0.0,0.18495029,0.0127264615
375316653866487564,5593140166459882112,0.59945977,2196.4167809696182,0.2359153761263998,4.3342647E-5,13.665468,0.002833864,0.29436454,0.0076785884,0.02948799,0.015377021,1.7049211,1.3985595,0.7979558,0.0024527388,0.031764682,0.0021464885,0.11978689,0.00790117,0.013123562,0.0038365105,0.29436454,0.0076785884,"TWOGAUSSIANS_WITH_ELLIPSOIDAL_ON_ECLIPSE1",9,82.334564,0.29436454,0.0076785884,0.16513275,0.08611132,1.7311683,1.399006,0.7979558,0.0024527388,0.17788222,0.0120203355,0.14602062,0.007861265
375316653866487564,5593142124965087232,0.5413987,2232.3657557320203,0.06645899356791145,6.9098423E-6,12.624162,0.047071684,0.2942667,0.0031756542,0.32464328,0.011174168,0.9836632,0.04916786,0.79147923,0.002169075,0.13917969,0.007031471,0.42591825,0.049442995,null,null,null,null,"TWOGAUSSIANS",8,147.32776,0.79147923,0.002169075,0.4,0.0,0.1466978,0.005833943,0.2945867,0.0033047085,0.4,0.0,0.12195273,0.0062924884
375316653866487564,5593142949598761216,0.662378,2246.0548602451267,1.0751081241799507,2.84185E-6,16.576004,0.0022895255,0.32322514,7.027132E-4,0.042290807,0.001285855,0.17882732,0.0068300166,0.8223769,0.0025199852,0.04613236,0.003190325,0.14795677,0.006854726,0.047925133,0.0035225237,0.32322514,7.027132E-4,"TWOGAUSSIANS_WITH_ELLIPSOIDAL_ON_ECLIPSE1",9,2.1318445,0.32322514,7.027132E-4,0.23682852,0.0072007873,0.27467743,0.005440964,0.8224569,0.0023905395,0.25834122,0.01786582,0.24380444,0.006515476
375316653866487564,5593143636787606144,0.46221992,2234.183808697402,4.588152766233485,2.954483E-5,19.585388,0.009724613,0.27543557,0.0052776113,0.051396694,0.010075409,0.60955024,0.18861201,0.79482263,0.009233982,0.054018565,0.0077050948,0.7341457,0.080618106,null,null,null,null,"TWOGAUSSIANS",8,12.398018,0.79482263,0.009233982,0.30250397,0.043148533,0.7341385,0.08062251,0.27543557,0.0052776113,0.28782147,0.05642229,0.609543,0.18862344
375316653866487564,5593144358347948160,0.5486792,2256.357329935168,3.579651193260959,8.257228E-6,15.019849,0.012587853,0.26523086,0.003308916,0.07608191,0.0046720984,0.5390277,0.027558645,0.77828896,0.002842528,0.07578606,0.0045046774,0.40514284,0.019047296,null,null,null,null,"TWOGAUSSIANS",8,289.88702,0.26523086,0.003308916,0.4,0.0,0.5359227,0.027946504,0.77828896,0.002842528,0.4,0.0,0.4020379,0.018932613
375316653866487564,5593144770664987136,0.45373777,2216.118235012307,2.632469572710953,7.767108E-5,19.937185,0.014668662,0.27339157,0.028109232,0.049016796,0.030375216,0.13128974,0.04979631,0.7801484,0.005952378,0.03696325,0.0107503105,0.61507034,0.53364766,null,null,null,null,"TWOGAUSSIANS",8,3.455406,0.7801484,0.005952378,0.2069942,0.06020174,0.61507034,0.53364766,0.27339157,0.028109232,0.27449408,0.17010121,0.13128972,0.049796324
375316653866487564,5593145148621535488,0.51257634,2218.725305754067,3.9098532163590223,3.5811627E-5,17.349413,0.0015269495,0.16776048,0.007794671,0.042944405,0.006664319,0.11264169,0.041628793,0.42565453,0.007195638,0.018123828,0.010950939,0.3399603,14.906746,null,null,null,null,"TWOGAUSSIANS",8,2.4710085,0.42565453,0.007195638,0.10149343,0.061325256,0.3399603,14.906746,0.16776048,0.007794671,0.24048868,0.037320185,0.11264169,0.041628793
375316653866487564,5593145556633029120,0.57747227,2212.584431636297,0.6320333473074156,4.5730353E-6,18.216663,0.0017365647,0.23848282,3.5857334E-4,0.013014721,2.2618013E-4,0.4106153,0.012980364,0.79989976,1.9074777E-4,0.013066677,0.0020994481,0.5719692,0.08504492,null,null,null,null,"TWOGAUSSIANS",8,2.0818439,0.79989976,1.9074777E-4,0.07317339,0.011756909,0.5719692,0.08504492,0.23848282,3.5857334E-4,0.072882436,0.0012666087,0.4106153,0.012980364
375316653866487564,5593147824376013696,0.44236228,2219.06505856025,0.8444420718901283,2.7165936E-5,17.665035,0.0038327812,0.25207636,0.009537245,0.09481233,0.014675574,0.03604337,0.004433871,0.76286167,0.007024864,0.057726268,0.009677105,0.09358551,0.015537712,null,null,null,null,"TWOGAUSSIANS",8,2.1285598,0.76286167,0.007024864,0.3232671,0.054191787,0.093225226,0.015855556,0.25207636,0.009537245,0.4,0.0,0.035683002,0.004198344
375316653866487564,5593148137913124992,0.45784873,2225.288729198733,1.5499604148521424,1.395235E-5,19.680925,0.016220761,0.29825357,0.027170004,0.08136698,0.037584264,0.08617542,0.031224413,0.82043034,0.00928344,0.035230294,0.008453852,0.3527054,0.22822878,null,null,null,null,"TWOGAUSSIANS",8,3.669756,0.82043034,0.00928344,0.19728966,0.04734157,0.35269493,0.22823639,0.29825357,0.027170004,0.4,0.0560216,0.08616496,0.031228404
