Gaia/vari_eclipsing_binary/VariEclipsingBinary_523222-523751.csv
# %ECSV 1.0
# ---
# delimiter: ','
# meta: !!omap
# - RELEASE: Gaia DR3
# - TABLE: vari_eclipsing_binary
# - DESCRIPTION: >
#     This table describes the properties of the eclipsing binaries resulting from the variability analysis. 
# - CITATION: >
#     How to cite and acknowledge Gaia: 
#     https://gea.esac.esa.int/archive/documentation/credits.html 
# - KNOWN_ISSUES: >
#     Known issues: 
#     https://www.cosmos.esa.int/web/gaia-users/known-issues 
# - DOCUMENTATION: >
#     Tutorials and documentation: 
#     https://www.cosmos.esa.int/web/gaia-users/archive 
# datatype:
# - 
#   name: solution_id
#   datatype: int64
#   description: Solution Identifier
#   meta:
#     ucd: meta.version
# - 
#   name: source_id
#   datatype: int64
#   description: Unique source identifier
#   meta:
#     ucd: meta.id;meta.main
# - 
#   name: global_ranking
#   datatype: float32
#   description: Number between 0 (worst) and 1 (best)
#   meta:
#     ucd: stat.param
# - 
#   name: reference_time
#   datatype: float64
#   unit: d
#   description: Reference time used for the geometric model fit
#   meta:
#     ucd: time.epoch
# - 
#   name: frequency
#   datatype: float64
#   unit: d**-1
#   description: Frequency of geometric model of the eclipsing binary light curve
#   meta:
#     ucd: src.orbital
# - 
#   name: frequency_error
#   datatype: float32
#   unit: d**-1
#   description: "Uncertainty of \\texttt{frequency}"
#   meta:
#     ucd: stat.error
# - 
#   name: geom_model_reference_level
#   datatype: float32
#   unit: mag
#   description: Magnitude reference level of geometric model
#   meta:
#     ucd: phot.mag;em.opt
# - 
#   name: geom_model_reference_level_error
#   datatype: float32
#   unit: mag
#   description: "Uncertainty of \\texttt{geomModelReferenceLevel}"
#   meta:
#     ucd: stat.error;phot.mag;em.opt
# - 
#   name: geom_model_gaussian1_phase
#   datatype: float32
#   description: Phase of the Gaussian 1 component
#   meta:
#     ucd: time.phase
# - 
#   name: geom_model_gaussian1_phase_error
#   datatype: float32
#   description: "Uncertainty of \\texttt{geomModelGaussian1Phase}"
#   meta:
#     ucd: stat.error;time.phase
# - 
#   name: geom_model_gaussian1_sigma
#   datatype: float32
#   description: "Standard deviation [phase] of Gaussian 1 component"
#   meta:
#     ucd: stat.stdev
# - 
#   name: geom_model_gaussian1_sigma_error
#   datatype: float32
#   description: "Uncertainty of \\texttt{geomModelGaussian1Sigma}"
#   meta:
#     ucd: stat.error
# - 
#   name: geom_model_gaussian1_depth
#   datatype: float32
#   unit: mag
#   description: Magnitude depth of Gaussian 1 component
#   meta:
#     ucd: src.var.amplitude
# - 
#   name: geom_model_gaussian1_depth_error
#   datatype: float32
#   unit: mag
#   description: "Uncertainty of \\texttt{geomModelGaussian1Depth}"
#   meta:
#     ucd: stat.error;src.var.amplitude
# - 
#   name: geom_model_gaussian2_phase
#   datatype: float32
#   description: Phase of Gaussian 2 component
#   meta:
#     ucd: time.phase
# - 
#   name: geom_model_gaussian2_phase_error
#   datatype: float32
#   description: "Uncertainty of \\texttt{geomModelGaussian2Phase}"
#   meta:
#     ucd: stat.error;time.phase
# - 
#   name: geom_model_gaussian2_sigma
#   datatype: float32
[...]
#   datatype: float32
#   description: "Secondary eclipse: uncertainty of \\texttt{derivedSecondaryEclDuration}"
#   meta:
#     ucd: stat.error;time.duration
# - 
#   name: derived_secondary_ecl_depth
#   datatype: float32
#   unit: mag
#   description: "Secondary eclipse: depth"
#   meta:
#     ucd: src.var.amplitude
# - 
#   name: derived_secondary_ecl_depth_error
#   datatype: float32
#   unit: mag
#   description: "Secondary eclipse: uncertainty of \\texttt{derivedSecondaryEclDepth}"
#   meta:
#     ucd: stat.error;src.var.amplitude
solution_id,source_id,global_ranking,reference_time,frequency,frequency_error,geom_model_reference_level,geom_model_reference_level_error,geom_model_gaussian1_phase,geom_model_gaussian1_phase_error,geom_model_gaussian1_sigma,geom_model_gaussian1_sigma_error,geom_model_gaussian1_depth,geom_model_gaussian1_depth_error,geom_model_gaussian2_phase,geom_model_gaussian2_phase_error,geom_model_gaussian2_sigma,geom_model_gaussian2_sigma_error,geom_model_gaussian2_depth,geom_model_gaussian2_depth_error,geom_model_cosine_half_period_amplitude,geom_model_cosine_half_period_amplitude_error,geom_model_cosine_half_period_phase,geom_model_cosine_half_period_phase_error,model_type,num_model_parameters,reduced_chi2,derived_primary_ecl_phase,derived_primary_ecl_phase_error,derived_primary_ecl_duration,derived_primary_ecl_duration_error,derived_primary_ecl_depth,derived_primary_ecl_depth_error,derived_secondary_ecl_phase,derived_secondary_ecl_phase_error,derived_secondary_ecl_duration,derived_secondary_ecl_duration_error,derived_secondary_ecl_depth,derived_secondary_ecl_depth_error
375316653866487564,4602329384930808192,0.6229296,2223.7346600835717,2.7023384428619557,3.323264E-6,16.254984,0.0057347897,0.1804741,0.0013894322,0.050537474,0.003627201,0.14017387,0.013036829,0.6790614,0.003281533,0.046057507,0.0046822866,0.18381667,0.0111131985,0.10929616,0.0071650753,0.1804741,0.0013894322,"TWOGAUSSIANS_WITH_ELLIPSOIDAL_ON_ECLIPSE1",9,13.533941,0.6792914,0.0029482176,0.25792205,0.026220806,0.40239385,0.0099872155,0.1804741,0.0013894322,0.28300986,0.020312326,0.3587654,0.0065688253
375316653866487564,4602362022385031424,0.4683453,2199.0136065496667,0.08223927169001725,2.4952808E-5,18.015335,0.0037645483,0.2608654,0.0071928,0.056369096,0.00552554,0.10764069,0.008085868,0.8058487,0.00683565,0.047057737,0.009004657,0.08526951,0.018244121,null,null,null,null,"TWOGAUSSIANS",8,4.3944736,0.2608654,0.0071928,0.31566694,0.030943025,0.10764051,0.008085871,0.8058487,0.00683565,0.2635233,0.050426077,0.08526933,0.018244857
375316653866487564,4602363229273385472,0.63810116,2201.4105909043037,3.646806060217278,6.324165E-6,16.122282,0.009059262,0.2891407,0.004026113,0.049183425,0.004064977,0.31279838,0.02668596,0.7821884,9.511038E-4,0.044518385,0.0026924713,0.28534496,0.020602388,0.119967006,0.011849514,0.7821884,9.511038E-4,"TWOGAUSSIANS_WITH_ELLIPSOIDAL_ON_ECLIPSE2",9,21.20016,0.2882507,0.0035200485,0.2754272,0.022763873,0.5523326,0.019475978,0.7821884,9.511038E-4,0.24930295,0.015077839,0.52527833,0.009196226
375316653866487564,4602389136514524800,0.47202235,2081.108284480897,1.8380171732778767,3.646934E-5,18.743296,0.011879423,0.23477267,0.004490967,0.04257501,0.0051825084,0.43319917,0.05091865,0.69252074,0.013851126,0.037324585,0.010492617,0.2256307,0.05205827,null,null,null,null,"TWOGAUSSIANS",8,3.3951607,0.23477267,0.004490967,0.23842005,0.029022047,0.43319917,0.05091865,0.69252074,0.013851126,0.20901768,0.058758654,0.2256307,0.052058272
375316653866487564,4602407926996743936,0.5984411,2194.2231541386195,0.6341177869080294,1.42648005E-5,18.645689,0.003495712,0.24782021,0.008365345,0.020975705,0.0072827945,0.28540114,0.67910254,0.7584631,0.003990481,0.010585954,8.241732E-4,7.78389,3.113239,0.06289667,0.004623014,0.24782021,0.008365345,"TWOGAUSSIANS_WITH_ELLIPSOIDAL_ON_ECLIPSE1",9,2.3705726,0.7584631,0.003990481,0.059281345,0.00461537,7.909121,3.1156564,0.24782021,0.008365345,0.117463954,0.040783647,0.41119432,0.67999196
375316653866487564,4602418269278008832,0.55008996,2147.783570259388,2.5279567426836578,6.2368467E-6,17.503927,0.011025782,0.2084857,0.0031666225,0.10327562,0.0098178955,0.14135945,0.009871284,0.70586896,0.001748142,0.080698125,0.004739294,0.22500673,0.011058809,null,null,null,null,"TWOGAUSSIANS",8,3.0362973,0.70586896,0.001748142,0.4,0.0,0.21684797,0.008474718,0.2084857,0.0031666225,0.4,0.0,0.13319838,0.0064585097
375316653866487564,4602424419671254272,0.6352831,2186.431363945669,3.754974279271573,4.0755385E-6,18.106981,0.009892774,0.2808468,0.0021740946,0.044334736,0.004457043,0.36557963,0.02479132,0.7760831,0.0011873211,0.044039655,0.0019972967,0.37565574,0.025835376,0.12906483,0.0140325315,0.2808468,0.0021740946,"TWOGAUSSIANS_WITH_ELLIPSOIDAL_ON_ECLIPSE1",9,4.798924,0.7765331,0.0010320187,0.24662207,0.011184861,0.6335758,0.01509063,0.2808468,0.0021740946,0.24827452,0.024959441,0.6237089,0.022364523
375316653866487564,4602427649485587840,0.5608014,2226.8010582928287,3.4193185370273524,2.1845455E-5,16.652271,0.03070118,0.2020707,0.00291868,0.09134688,0.012672766,0.28713357,0.024455927,0.71207494,0.007808096,0.08474325,0.020384917,0.28182238,0.014077044,null,null,null,null,"TWOGAUSSIANS",8,31.257801,0.2020707,0.002922317,0.4,0.0,0.27855572,0.00999876,0.71207494,0.007815634,0.4,0.0,0.27324474,0.017527323
375316653866487564,4602446375544232960,0.48575628,2227.4761105560324,0.417135523986592,2.4334338E-5,19.872719,0.006933919,0.48672384,0.0020765127,0.013778924,0.0019392812,0.14273629,0.007738408,0.8035361,0.0270629,0.03984496,0.02311413,1.2263325,1.1435512,null,null,null,null,"TWOGAUSSIANS",8,2.0973456,0.8035361,0.0270629,0.22313178,0.12943913,1.2263325,1.1435512,0.48672384,0.0020765127,0.077161975,0.010859975,0.14273629,0.00773844
375316653866487564,4602486099697435264,0.5289882,2162.2777165928146,1.2853440038395023,2.6939982E-5,17.257883,0.0037802686,0.24983414,0.015820129,0.026400503,0.019589486,0.28863335,0.17375275,0.7470084,0.0313687,0.02775819,0.020037405,0.17939264,0.90887535,0.018793318,0.0053823036,0.24983414,0.015820129,"TWOGAUSSIANS_WITH_ELLIPSOIDAL_ON_ECLIPSE1",9,10.152846,0.24983414,0.015820129,0.14784281,0.10970112,0.32621995,0.17224729,0.7470484,0.031304296,0.15544586,0.11220947,0.21696754,0.9083723
375316653866487564,4602493963781063552,0.4382128,2194.49804244719,0.5142547546509334,5.739159E-5,18.279436,0.02087848,0.23243172,0.021042986,0.08529389,0.02174366,0.11190568,0.021940876,0.7170147,0.024555588,0.043058116,0.03775178,0.13116959,0.018813116,null,null,null,null,"TWOGAUSSIANS",8,15.201383,0.7170147,0.024555588,0.24112545,0.15778485,0.13109955,0.015181582,0.23243172,0.021042986,0.4,1.1662439E-4,0.111835636,0.018419506
375316653866487564,4602501488563944960,0.46428478,2229.778747010015,3.7797597814132033,6.0741837E-5,19.206509,0.03299461,0.36787546,0.011899649,0.07991491,0.015076647,0.2583188,0.020286556,0.7690254,0.060562503,0.18974707,0.0947632,0.08838703,0.03240478,null,null,null,null,"TWOGAUSSIANS",8,3.5867872,0.37029546,0.009977519,0.4,0.006218132,0.25070852,0.013685467,0.7690254,0.060562503,0.4,0.0,0.070596226,0.02035069
375316653866487564,4602504065544032000,0.45512348,2210.0841757564385,2.0316666724930377,3.8341237E-5,18.885447,0.008695314,0.21435343,0.008970207,0.019930433,0.037670985,0.092475675,0.09934824,0.7320594,0.013285843,0.01554058,0.007887748,0.14959313,0.35767066,0.08804785,0.015188311,0.21435343,0.008970207,"TWOGAUSSIANS_WITH_ELLIPSOIDAL_ON_ECLIPSE1",9,10.136711,0.7320594,0.013285843,0.08702725,0.044171385,0.32351825,0.3582568,0.21435343,0.008970207,0.11161043,0.21095751,0.2685713,0.115126446
375316653866487564,4602539185493163136,0.60066956,2184.389962844006,3.6028425360405967,9.667069E-6,17.67703,0.013822189,0.2202099,0.0015902434,0.05240187,0.0072057,0.24445987,0.032682672,0.730151,0.013841327,0.05262687,0.009304111,0.2645198,0.043788876,0.092772625,0.022129709,0.2202099,0.0015902434,"TWOGAUSSIANS_WITH_ELLIPSOIDAL_ON_ECLIPSE1",9,7.533088,0.730151,0.013841327,0.29471046,0.05210302,0.4493375,0.02328252,0.2202099,0.0015902434,0.29345047,0.04035192,0.43000054,0.014763867
375316653866487564,4602553891461309952,0.45970938,2203.754275443094,1.1785614716035204,7.0272645E-6,16.614101,0.0053904974,0.081423305,0.0014109993,0.012508178,0.0013247461,1.0603017,0.46576503,0.5755005,0.0029052133,0.019618027,0.0025776983,0.20163621,0.054987628,null,null,null,null,"TWOGAUSSIANS",8,68.90257,0.081423305,0.0014109993,0.0700458,0.007418578,1.0603017,0.46576503,0.5755005,0.0029052133,0.10986095,0.014435111,0.20163621,0.054987628
375316653866487564,4602554853533988992,0.53539675,2231.5125023504015,2.2935456088075745,2.3163639E-5,16.738842,0.0073798276,0.28402343,0.018201176,0.02931919,0.018243637,0.15838087,0.061364044,0.76237786,0.0051898547,0.018512063,0.0057621463,0.8351291,0.1508538,0.030058557,0.012306807,0.28402343,0.018201176,"TWOGAUSSIANS_WITH_ELLIPSOIDAL_ON_ECLIPSE1",9,88.25108,0.76241785,0.0051978133,0.10366755,0.032268018,0.89414316,0.15992402,0.28402343,0.018201176,0.16418746,0.102164365,0.21849798,0.058033116
375316653866487564,4602558804903809792,0.55856794,2190.2918472148353,0.49561183091474764,2.5782289E-5,15.239386,0.003026621,0.24451156,0.001398258,0.012108426,0.0015769833,0.12733635,0.019496469,0.74147284,0.005421117,0.010367492,0.0040753265,0.897861,1.8830625,null,null,null,null,"TWOGAUSSIANS",8,119.81122,0.74147284,0.005421117,0.058057956,0.022821827,0.897861,1.8830625,0.24451156,0.001398258,0.06780718,0.008831106,0.12733635,0.019496469
375316653866487564,4602559453441617408,0.5224044,2205.2700767770243,1.0900559007211927,1.6292797E-5,17.449839,0.0012560698,0.15208554,2.1285484E-4,0.010762576,4.4698388E-4,0.65269697,0.073938906,0.3978098,0.027444115,0.024842069,0.020358946,0.02142777,0.15151888,null,null,null,null,"TWOGAUSSIANS",8,1.9951491,0.15208554,2.1285484E-4,0.060270425,0.0025031096,0.65269697,0.073938906,0.3978098,0.027444115,0.13911559,0.1140101,0.02142777,0.15151888
375316653866487564,4602589625589288832,0.46918312,2238.5384678925097,0.4729134431536967,4.1277517E-6,16.408182,0.0046000318,0.16501516,8.483147E-4,0.008804391,0.0013403336,0.47900286,0.30275434,0.832332,0.04252583,0.06770749,0.021789568,0.031017283,0.01268074,null,null,null,null,"TWOGAUSSIANS",8,41.182476,0.16501516,8.483147E-4,0.04930459,0.0075058686,0.47900304,0.30275428,0.832332,0.04252583,0.37916192,0.1159668,0.031017283,0.01268074
375316653866487564,4602599589913454720,0.56081825,2143.947471955828,3.857956518249045,7.886592E-6,17.110476,0.010956307,0.31329763,0.0047097867,0.08177148,0.0044089667,0.43070853,0.019443212,0.7873848,0.0019361522,0.06865209,0.0032616304,0.3728256,0.010923833,null,null,null,null,"TWOGAUSSIANS",8,21.352962,0.31329763,0.0047097867,0.4,0.0,0.42892748,0.01913863,0.7873848,0.0019361522,0.38445172,0.01826513,0.37104455,0.0103432955
375316653866487564,4602602407411971200,0.4760597,2208.041697137148,3.911459061520148,1.1065912E-5,15.99453,0.0061327084,0.49396303,0.012350486,0.011470572,0.0031065203,0.8365651,1.6453716,0.7997263,0.038712017,0.023731686,0.027867848,0.52726364,1.70383168E8,0.0039078337,0.009760786,0.7997263,0.038712017,"TWOGAUSSIANS_WITH_ELLIPSOIDAL_ON_ECLIPSE2",9,193.19081,0.49396303,0.012344212,0.0642352,0.017396513,0.83748585,1.6454095,0.7997263,0.038712017,0.13289744,0.15605995,0.5350793,1.70383168E8
375316653866487564,4602613986643671040,0.54902697,2213.992255811662,1.6132770181579192,1.0491508E-6,14.647442,0.0011279773,0.18189946,7.951945E-6,7.188576E-4,9.952976E-6,0.23244904,0.0017582783,0.7242692,0.005594115,0.020027004,0.020404164,0.021981256,0.009282438,null,null,null,null,"TWOGAUSSIANS",8,35.881374,0.18189946,7.951945E-6,0.0040256027,5.5736666E-5,0.23244904,0.0017582783,0.7242692,0.005594115,0.11215122,0.11426332,0.021981256,0.009282438
375316653866487564,4602616318808806784,0.482816,2151.490196222366,2.9460609388694365,2.651787E-5,16.738998,0.08335909,0.29068395,0.011625287,0.09147872,0.042655416,0.17659427,0.072151616,0.7777348,0.008706335,0.1149968,0.050525963,0.15627912,0.07821787,null,null,null,null,"TWOGAUSSIANS",8,39.794445,0.29070395,0.012005037,0.4,0.0,0.16168776,0.017715683,0.7777348,0.008706335,0.4,0.0,0.1413454,0.01970573
375316653866487564,4602619621640832640,0.5546929,2189.6289255973757,0.9729735156666348,8.631084E-6,15.188904,0.005236971,0.31202626,0.004748201,0.032093417,0.0029181119,0.4749238,0.02857819,0.8130424,0.0035868224,0.030183379,0.00340548,0.3111898,0.027946295,0.011129797,0.009385823,0.31202626,0.004748201,"TWOGAUSSIANS_WITH_ELLIPSOIDAL_ON_ECLIPSE1",9,183.88208,0.31202626,0.004748201,0.17972313,0.016341427,0.49718338,0.024179712,0.8130424,0.0035795022,0.16902693,0.019070687,0.3334485,0.027228892
375316653866487564,4602620167099597952,0.6011474,2170.5248583954512,3.2536304704539973,3.744996E-6,17.7137,0.006815924,0.24676971,0.0027157946,0.10158616,0.0042350637,0.27892372,0.0071977596,0.7519693,0.0013096799,0.093110904,0.0024944448,0.2820003,0.0066900873,null,null,null,null,"TWOGAUSSIANS",8,1.5270395,0.7519693,0.0013096799,0.4,0.0,0.26267242,0.003589644,0.24676971,0.0027157946,0.4,0.0,0.25959298,0.0058908034
375316653866487564,4602665487594803584,0.46522263,2202.340086017811,2.2775569154805035,1.7762137E-5,19.08161,0.067227766,0.33417103,0.14481537,0.06285601,0.29503402,0.08018188,0.030642733,0.8607534,0.0028687436,0.029895274,0.005566789,0.27423736,0.049121846,null,null,null,null,"TWOGAUSSIANS",8,4.394334,0.8607534,0.0028687436,0.16741353,0.031174019,0.27423736,0.0493211,0.33417103,0.14481537,0.35199365,0.25386333,0.08018186,0.04559837
375316653866487564,4602672359543201024,0.57485825,2205.5844537193875,3.3844615723630462,8.370776E-6,17.880413,0.008338938,0.15631405,0.0031256687,0.095255025,0.0046325354,0.3182889,0.011628571,0.6522025,0.0020842596,0.08453069,0.0028927405,0.34709018,0.009523157,null,null,null,null,"TWOGAUSSIANS",8,5.3701496,0.6522025,0.0020842596,0.4,0.0,0.33411357,0.007792137,0.15631405,0.0031256687,0.4,0.0,0.30531165,0.011454655
375316653866487564,4602689440630283520,0.57688475,2187.597803872648,4.234748348535663,8.310094E-6,17.131567,9.35366E-4,0.12699264,0.012331002,0.007278313,0.0069633196,0.014616113,32.215935,0.7383319,4.5197262E-4,0.0016805219,2.6527655E-4,0.35314628,0.3475752,1.5549641E-4,0.0011229896,0.7383319,4.5197262E-4,"TWOGAUSSIANS_WITH_ELLIPSOIDAL_ON_ECLIPSE2",9,2.2415292,0.7383319,4.5197262E-4,0.009410922,0.0014855487,0.35345727,0.347502,0.12700264,0.012326206,0.040758554,0.03899459,0.014798177,32.215816
375316653866487564,4602695243127955072,0.5229376,2160.2617734156793,0.9967441593625764,1.4643065E-5,18.882174,0.005380805,0.19999407,0.0014237745,0.015987424,9.768102E-4,0.7702584,0.0693029,0.69878286,0.0026345497,0.021118889,0.007893597,0.36227533,0.20140556,null,null,null,null,"TWOGAUSSIANS",8,6.5639734,0.19999407,0.0014237745,0.089529574,0.0054701376,0.7702584,0.0693029,0.69878286,0.0026345497,0.11826577,0.044204142,0.36227533,0.20140556
375316653866487564,4602697686967453056,0.62559855,2221.7256581281003,2.9283721800322664,4.6236446E-6,15.020488,0.015250621,0.23478791,0.0015747972,0.05669367,0.0031555889,0.42217085,0.03497429,0.7385384,0.0017033254,0.05408849,0.004122399,0.297564,0.030883437,0.108645774,0.01715809,0.23478791,0.0015747972,"TWOGAUSSIANS_WITH_ELLIPSOIDAL_ON_ECLIPSE1",9,96.43045,0.23478791,0.0015747972,0.31748456,0.017671296,0.6394309,0.017662676,0.7385384,0.0017033254,0.30289555,0.023085432,0.5147034,0.011746785
375316653866487564,4602707853151958528,0.600108,2184.3542322356234,0.41742621510192124,1.2219654E-5,16.793121,0.002382744,0.29083738,0.0053222175,0.022811057,0.008210649,0.041393362,0.007886105,0.7858084,0.002663231,0.02566127,0.002464527,0.3718047,0.016972529,0.026433764,0.0037158492,0.29083738,0.0053222175,"TWOGAUSSIANS_WITH_ELLIPSOIDAL_ON_ECLIPSE1",9,7.668302,0.7858484,0.0026411132,0.1437031,0.013801351,0.4246198,0.016372642,0.29083738,0.0053222175,0.12774192,0.045979634,0.094260804,0.0076939985
375316653866487564,4602717168939147008,0.5315734,2193.17622183037,2.363161155121163,1.284351E-5,13.988119,0.21621525,0.26530832,0.0041327653,0.12876032,0.06439941,0.1252332,0.2009337,0.76514286,0.005324679,0.1364933,0.0632934,0.1295764,0.20351677,null,null,null,null,"TWOGAUSSIANS",8,31.943476,0.76514286,0.005256919,0.4,0.0,0.08664691,0.003088574,0.26530832,0.004422828,0.4,0.0,0.08248655,0.0032265987
375316653866487564,4602730908536911744,0.51479584,2175.3273088978385,0.8504303792300072,1.6409547E-5,11.0521755,0.0054052,0.26099443,0.0211383,0.034755222,0.014206401,0.16766293,0.058785576,0.7711603,0.010781306,0.024700651,0.02900634,0.014960335,4.9171836E7,0.022255316,0.0061793257,0.7711603,0.010781306,"TWOGAUSSIANS_WITH_ELLIPSOIDAL_ON_ECLIPSE2",9,72.37784,0.26124445,0.020418575,0.19462924,0.07955585,0.21199664,0.051862366,0.7711603,0.010781306,0.13832363,0.1624355,0.059470933,4.9171836E7
375316653866487564,4602735001643497856,0.5948589,2212.6052000257837,2.91487031985822,7.4995028E-6,14.196234,0.0069133854,0.29977545,0.0015441655,0.08266821,0.0022992154,0.4505944,0.012413882,0.8029408,0.0042539397,0.08666903,0.0037255941,0.4315294,0.015167415,null,null,null,null,"TWOGAUSSIANS",8,169.90367,0.29977545,0.0015441655,0.4,0.0,0.43993247,0.012365345,0.8029408,0.0042539397,0.4,0.0,0.42086744,0.014988468
375316653866487564,4602738673837422976,0.4336653,2240.953080474634,0.034413163277493095,3.5019406E-5,18.65271,0.007840345,0.15058315,0.009276683,0.04249178,0.0073694834,0.12585393,0.015794588,0.69069713,0.012163424,0.13412343,0.022870777,0.12359409,0.02283009,null,null,null,null,"TWOGAUSSIANS",8,5.5214095,0.15047315,0.009279309,0.23795396,0.04126911,0.124252,0.01515358,0.69069713,0.012163424,0.4,0.0,0.12160857,0.02421746
