Gaia/vari_eclipsing_binary/VariEclipsingBinary_228010-228083.csv
# %ECSV 1.0
# ---
# delimiter: ','
# meta: !!omap
# - RELEASE: Gaia DR3
# - TABLE: vari_eclipsing_binary
# - DESCRIPTION: >
#     This table describes the properties of the eclipsing binaries resulting from the variability analysis. 
# - CITATION: >
#     How to cite and acknowledge Gaia: 
#     https://gea.esac.esa.int/archive/documentation/credits.html 
# - KNOWN_ISSUES: >
#     Known issues: 
#     https://www.cosmos.esa.int/web/gaia-users/known-issues 
# - DOCUMENTATION: >
#     Tutorials and documentation: 
#     https://www.cosmos.esa.int/web/gaia-users/archive 
# datatype:
# - 
#   name: solution_id
#   datatype: int64
#   description: Solution Identifier
#   meta:
#     ucd: meta.version
# - 
#   name: source_id
#   datatype: int64
#   description: Unique source identifier
#   meta:
#     ucd: meta.id;meta.main
# - 
#   name: global_ranking
#   datatype: float32
#   description: Number between 0 (worst) and 1 (best)
#   meta:
#     ucd: stat.param
# - 
#   name: reference_time
#   datatype: float64
#   unit: d
#   description: Reference time used for the geometric model fit
#   meta:
#     ucd: time.epoch
# - 
#   name: frequency
#   datatype: float64
#   unit: d**-1
#   description: Frequency of geometric model of the eclipsing binary light curve
#   meta:
#     ucd: src.orbital
# - 
#   name: frequency_error
#   datatype: float32
#   unit: d**-1
#   description: "Uncertainty of \\texttt{frequency}"
#   meta:
#     ucd: stat.error
# - 
#   name: geom_model_reference_level
#   datatype: float32
#   unit: mag
#   description: Magnitude reference level of geometric model
#   meta:
#     ucd: phot.mag;em.opt
# - 
#   name: geom_model_reference_level_error
#   datatype: float32
#   unit: mag
#   description: "Uncertainty of \\texttt{geomModelReferenceLevel}"
#   meta:
#     ucd: stat.error;phot.mag;em.opt
# - 
#   name: geom_model_gaussian1_phase
#   datatype: float32
#   description: Phase of the Gaussian 1 component
#   meta:
#     ucd: time.phase
# - 
#   name: geom_model_gaussian1_phase_error
#   datatype: float32
#   description: "Uncertainty of \\texttt{geomModelGaussian1Phase}"
#   meta:
#     ucd: stat.error;time.phase
# - 
#   name: geom_model_gaussian1_sigma
#   datatype: float32
#   description: "Standard deviation [phase] of Gaussian 1 component"
#   meta:
#     ucd: stat.stdev
# - 
#   name: geom_model_gaussian1_sigma_error
#   datatype: float32
#   description: "Uncertainty of \\texttt{geomModelGaussian1Sigma}"
#   meta:
#     ucd: stat.error
# - 
#   name: geom_model_gaussian1_depth
#   datatype: float32
#   unit: mag
#   description: Magnitude depth of Gaussian 1 component
#   meta:
#     ucd: src.var.amplitude
# - 
#   name: geom_model_gaussian1_depth_error
#   datatype: float32
#   unit: mag
#   description: "Uncertainty of \\texttt{geomModelGaussian1Depth}"
#   meta:
#     ucd: stat.error;src.var.amplitude
# - 
#   name: geom_model_gaussian2_phase
#   datatype: float32
#   description: Phase of Gaussian 2 component
#   meta:
#     ucd: time.phase
# - 
#   name: geom_model_gaussian2_phase_error
#   datatype: float32
#   description: "Uncertainty of \\texttt{geomModelGaussian2Phase}"
#   meta:
#     ucd: stat.error;time.phase
# - 
#   name: geom_model_gaussian2_sigma
#   datatype: float32
[...]
#   datatype: float32
#   description: "Secondary eclipse: uncertainty of \\texttt{derivedSecondaryEclDuration}"
#   meta:
#     ucd: stat.error;time.duration
# - 
#   name: derived_secondary_ecl_depth
#   datatype: float32
#   unit: mag
#   description: "Secondary eclipse: depth"
#   meta:
#     ucd: src.var.amplitude
# - 
#   name: derived_secondary_ecl_depth_error
#   datatype: float32
#   unit: mag
#   description: "Secondary eclipse: uncertainty of \\texttt{derivedSecondaryEclDepth}"
#   meta:
#     ucd: stat.error;src.var.amplitude
solution_id,source_id,global_ranking,reference_time,frequency,frequency_error,geom_model_reference_level,geom_model_reference_level_error,geom_model_gaussian1_phase,geom_model_gaussian1_phase_error,geom_model_gaussian1_sigma,geom_model_gaussian1_sigma_error,geom_model_gaussian1_depth,geom_model_gaussian1_depth_error,geom_model_gaussian2_phase,geom_model_gaussian2_phase_error,geom_model_gaussian2_sigma,geom_model_gaussian2_sigma_error,geom_model_gaussian2_depth,geom_model_gaussian2_depth_error,geom_model_cosine_half_period_amplitude,geom_model_cosine_half_period_amplitude_error,geom_model_cosine_half_period_phase,geom_model_cosine_half_period_phase_error,model_type,num_model_parameters,reduced_chi2,derived_primary_ecl_phase,derived_primary_ecl_phase_error,derived_primary_ecl_duration,derived_primary_ecl_duration_error,derived_primary_ecl_depth,derived_primary_ecl_depth_error,derived_secondary_ecl_phase,derived_secondary_ecl_phase_error,derived_secondary_ecl_duration,derived_secondary_ecl_duration_error,derived_secondary_ecl_depth,derived_secondary_ecl_depth_error
375316653866487564,2005597586613781760,0.55245936,2111.3353692371315,2.5941790005080434,7.883329E-6,19.368818,0.006620565,0.25997552,0.0022224523,0.033921376,0.0049004434,0.16430332,0.02152813,0.75951475,0.0027108733,0.034078173,0.003933798,0.20212461,0.019514887,0.13467872,0.008002244,0.25997552,0.0022224523,"TWOGAUSSIANS_WITH_ELLIPSOIDAL_ON_ECLIPSE1",9,1.6525438,0.75956476,0.0024148421,0.19083777,0.02202927,0.47148,0.0170567,0.25997552,0.0022224523,0.1899597,0.027442481,0.43366075,0.018390065
375316653866487564,2005599167161669888,0.52025336,2134.6139581898215,1.6147074736292675,1.604713E-5,19.536072,0.026421655,0.23611535,0.0044661146,0.09011995,0.008588583,0.49594682,0.025258413,0.7529717,0.009099269,0.0976884,0.014712226,0.23717852,0.028398735,null,null,null,null,"TWOGAUSSIANS",8,2.029576,0.23611535,0.0044661146,0.4,0.0,0.48083374,0.016538441,0.7529717,0.009099269,0.4,0.0,0.22206438,0.021067427
375316653866487564,2005600060526473088,0.5690666,2141.296041953983,0.1726821171397468,1.9727155E-5,15.0883255,8.2574604E-4,0.311003,0.01669799,0.01197359,0.012827101,0.12012247,9.6273998E10,0.8165166,2.76256E-4,0.007782556,3.3128198E-4,0.15966858,0.0036515305,0.0025588863,0.0011566079,0.311003,0.01669799,"TWOGAUSSIANS_WITH_ELLIPSOIDAL_ON_ECLIPSE1",9,8.251848,0.8165166,2.76256E-4,0.043582313,0.0018551791,0.16478021,0.0043890355,0.311003,0.01669799,0.0670521,0.07183177,0.12524025,9.6273998E10
375316653866487564,2005600197954481536,0.52872103,2176.9888498935043,3.520698918235965,1.6971066E-5,19.781744,0.022516275,0.30223626,0.003719349,0.07811734,0.0061819134,0.5232089,0.044705622,0.80686706,0.004272144,0.07958456,0.008312389,0.6234522,0.062145147,null,null,null,null,"TWOGAUSSIANS",8,1.34717,0.80686706,0.004272144,0.4,0.0,0.61661965,0.065697365,0.30223626,0.003719349,0.4,0.0,0.5163764,0.04504702
375316653866487564,2005600541562598784,0.5319171,2124.9981281846153,1.0919643235977472,1.2336312E-5,15.540099,9.2514826E-4,0.22032173,0.0021656842,0.02187694,0.004403178,0.030721422,0.0030689212,0.5595214,0.028775467,0.03298361,0.018354945,0.0055327495,0.0017231763,0.015882721,0.0014914175,0.22032173,0.0021656842,"TWOGAUSSIANS_WITH_ELLIPSOIDAL_ON_ECLIPSE1",9,5.015109,0.22032173,0.0021656842,0.122510865,0.024657797,0.06248671,0.0024847083,0.72032136,0.175966,0.1847082,0.10278769,0.031765323,0.020441107
375316653866487564,2005600575922335232,0.5203723,2133.8215123254613,0.636076177484026,3.0723706E-5,14.92338,0.0010005076,0.27748817,0.009091817,0.023599548,0.009224692,0.12488588,0.077634156,0.77559024,0.020931138,0.01932573,0.0125527335,0.013394069,0.0048036594,0.0035869002,0.0013136293,0.27748817,0.009091817,"TWOGAUSSIANS_WITH_ELLIPSOIDAL_ON_ECLIPSE1",9,11.849385,0.27748817,0.009091817,0.13215747,0.051658276,0.13205968,0.0787476,0.7756203,0.02089965,0.10822409,0.07029531,0.020566864,0.0035348162
375316653866487564,2005601327523304320,0.5367866,2104.4984121756393,2.0575799024344446,1.2083277E-5,19.43714,0.007598057,0.17858966,0.0061296513,0.07693219,0.008437824,0.24835165,0.019054603,0.68204796,0.0016443753,0.063185595,0.0023197292,0.5158553,0.020273225,null,null,null,null,"TWOGAUSSIANS",8,1.6540678,0.68204796,0.0016443753,0.35383934,0.012990484,0.51478416,0.020223113,0.17858966,0.0061296513,0.4,0.0,0.2472805,0.019576002
375316653866487564,2005602152157189504,0.5026835,2154.4381295142957,2.1491880732381983,1.4077376E-5,18.06299,0.012535581,0.26153895,0.0027619991,0.041353684,0.0060593216,0.5031622,0.06335117,0.76724654,0.0031522259,0.036192838,0.0042367945,0.34035054,0.03044432,0.016115282,0.017885102,0.26153895,0.0027619991,"TWOGAUSSIANS_WITH_ELLIPSOIDAL_ON_ECLIPSE1",9,20.289333,0.26153895,0.0027619991,0.23158063,0.0339322,0.53539276,0.0694252,0.76724654,0.0031522259,0.20267989,0.023726048,0.37253967,0.017377632
375316653866487564,2005602259549630848,0.65206856,2161.5181619159084,2.404014537374783,2.3694952E-6,14.880372,0.0046580145,0.22106822,9.2338055E-4,0.049984403,0.0025305166,0.20503119,0.012007659,0.7260399,0.0016691183,0.051799223,0.0030865055,0.18259072,0.011336562,0.119186155,0.005317934,0.22106822,9.2338055E-4,"TWOGAUSSIANS_WITH_ELLIPSOIDAL_ON_ECLIPSE1",9,37.75362,0.22106822,9.2338055E-4,0.27991268,0.014170893,0.4434002,0.0095156925,0.7260399,0.0016691183,0.29007566,0.01728443,0.42072722,0.009994627
375316653866487564,2005603423467359360,0.54676574,2139.8666336317883,0.23885246086810538,9.030845E-6,18.244225,0.0022839776,0.34035122,0.019611083,0.068651624,0.03077076,0.028375505,0.0111158155,0.7239571,8.665684E-4,0.020486176,7.2299025E-4,0.5130873,0.006506487,null,null,null,null,"TWOGAUSSIANS",8,1.9259522,0.7239571,8.665684E-4,0.11472259,0.0040487456,0.5130873,0.0065067858,0.34035122,0.019611083,0.3844491,0.08207429,0.028375505,0.011115832
375316653866487564,2005603496500049664,0.65958923,2130.7291691232354,0.6234776771013553,2.3697426E-6,16.183895,0.0026528584,0.20661394,0.0018745143,0.039244615,0.002247904,0.2704562,0.0074945884,0.70669425,0.0011884061,0.0453844,0.0015789663,0.19898523,0.00747777,0.046105806,0.0038079035,0.20661394,0.0018745143,"TWOGAUSSIANS_WITH_ELLIPSOIDAL_ON_ECLIPSE1",9,4.905629,0.20661394,0.0018745143,0.21976984,0.012588262,0.36266768,0.0044811657,0.70669425,0.0011286547,0.25415263,0.008842211,0.29119667,0.005258222
375316653866487564,2005604389853458304,0.5514017,2133.3345679356457,1.3476571830311588,6.059221E-6,15.143043,0.004267245,0.26448712,0.0027944648,0.08714652,0.01221441,0.05221028,0.0031357952,0.7632905,0.0017647118,0.09205401,0.0063688033,0.0902115,0.0032559338,null,null,null,null,"TWOGAUSSIANS",8,5.514441,0.7632905,0.0017647118,0.4,0.0,0.08745661,0.0022521198,0.26448712,0.0027944648,0.4,0.0,0.04945545,0.002962972
375316653866487564,2005605901671430144,0.5042214,2100.4352029716542,0.6795834520535136,2.8530441E-5,19.766735,0.0058239903,0.28659734,0.0017010402,0.034115527,9.4286125E-4,0.7934355,0.04115319,0.78729194,0.01101275,0.03353208,0.02456615,0.19036867,0.11442711,null,null,null,null,"TWOGAUSSIANS",8,1.8920674,0.28659734,0.0017010402,0.19104694,0.005280023,0.7934355,0.04115319,0.78729194,0.01101275,0.18777964,0.13757044,0.19036867,0.1144272
375316653866487564,2005606275328584064,0.5472049,2114.287902110816,1.4948449613561183,2.8987788E-5,18.173195,0.0023532955,0.5475355,0.055540785,0.027124185,0.024342103,0.069390014,58.922306,0.8552791,3.0306977E-4,0.008505866,2.4335508E-4,0.349662,0.004755408,null,null,null,null,"TWOGAUSSIANS",8,2.7146595,0.8552791,3.0306977E-4,0.04763285,0.0013627885,0.349662,0.004755408,0.5475355,0.055540785,0.15189543,0.13631578,0.069390014,58.922306
375316653866487564,2005606344048194176,0.517,2140.7188440194313,0.7405272634581299,1.267617E-5,17.93152,0.001572942,0.16306692,0.0068304893,0.02733383,0.0055170017,0.07617002,0.016511898,0.67020935,0.0070379945,0.026103137,0.0035645068,0.098863564,0.010241483,0.016802903,0.0031748035,0.16306692,0.0068304893,"TWOGAUSSIANS_WITH_ELLIPSOIDAL_ON_ECLIPSE1",9,1.3878528,0.67020935,0.007028345,0.14617757,0.019961238,0.1324017,0.007789715,0.16306692,0.0068304893,0.15306945,0.030895209,0.1097758,0.016510937
375316653866487564,2005606859444446464,0.5846667,2152.096688991426,0.7470367181317213,6.601918E-6,17.996088,0.0017936951,0.29094365,0.0044508767,0.025138758,0.0051624742,0.29303408,0.010582104,0.7927702,0.0011817756,0.023692628,0.0010027695,0.23590848,0.014555801,null,null,null,null,"TWOGAUSSIANS",8,2.1262891,0.29094365,0.0044508767,0.14077704,0.028909855,0.29303408,0.010582104,0.7927702,0.0011817756,0.13267872,0.005615509,0.23590848,0.014555801
375316653866487564,2005607168681985664,0.60360914,2138.1924810074784,3.4528352319714593,3.4037173E-6,18.383705,0.0053535374,0.20157321,0.0014359582,0.042884793,0.0023362262,0.27112,0.013185063,0.70071906,0.0014797449,0.041983195,0.0030125414,0.33727908,0.01348602,0.115752,0.008442537,0.20157321,0.0014359582,"TWOGAUSSIANS_WITH_ELLIPSOIDAL_ON_ECLIPSE1",9,2.75024,0.7007891,0.0013459095,0.2351059,0.016870232,0.56877685,0.012183698,0.20157321,0.0014359582,0.24015485,0.013082867,0.50262386,0.008285108
375316653866487564,2005607409200296832,0.46289447,2102.279145626797,0.4027960668148417,1.2602219E-5,17.679256,0.002332777,0.66363287,0.0012956383,0.01728799,0.002817306,0.0784352,0.013649473,null,null,null,null,null,null,0.023132555,0.0032657785,0.66363287,0.0012956383,"ONEGAUSSIAN_WITH_ELLIPSOIDAL",6,4.676887,0.66363287,0.0012956383,0.09681274,0.015776914,0.12470022,0.015548062,null,null,null,null,null,null
375316653866487564,2005608100705396736,0.50293857,2120.3155830707933,1.619925194373515,1.3071228E-5,17.217226,0.0027105026,0.26491612,0.0034404427,0.06359888,0.0056582065,0.068102024,0.0040483596,0.7681111,0.004950519,0.07876881,0.010214822,0.027983496,0.0029680487,null,null,null,null,"TWOGAUSSIANS",8,1.4516172,0.26491612,0.0034404427,0.35615373,0.03168596,0.067943655,0.004026184,0.7681111,0.004950519,0.4,0.0,0.027825125,0.002897062
375316653866487564,2005608994049491456,0.57371217,2121.2661159840795,2.847773189166927,8.949621E-6,19.300512,0.0072137704,0.2971127,0.0030386662,0.08044321,0.0033123747,0.36142007,0.012363914,0.78849244,0.0041211336,0.080184795,0.0034796048,0.350652,0.009719809,null,null,null,null,"TWOGAUSSIANS",8,0.97225165,0.2971127,0.0030386662,0.4,0.0,0.35668555,0.012012415,0.78849244,0.0041211336,0.4,0.0,0.3459175,0.008636151
375316653866487564,2005611261791362176,0.47935617,2131.7443582256933,3.3781255825701235,1.6098747E-5,19.88458,0.016780637,0.24385226,0.0048030526,0.07109857,0.009135441,0.43544725,0.059686836,0.7443472,0.009472003,0.07696002,0.011383506,0.49476346,0.11052393,null,null,null,null,"TWOGAUSSIANS",8,2.701183,0.7443472,0.009472003,0.4,0.0067648552,0.4916937,0.11234692,0.24385226,0.0048030526,0.39815202,0.024187079,0.43237746,0.062026884
375316653866487564,2005611635448838784,0.46308005,2150.665815460521,0.1685098031399429,1.918922E-6,17.832848,0.0024793546,0.47889912,0.010131294,0.052642062,0.008643514,0.051818598,0.020657454,0.92625916,0.0011743614,0.0043918123,3.799952E-4,0.49103564,0.10583609,null,null,null,null,"TWOGAUSSIANS",8,5.659848,0.92625916,0.0011743614,0.024594149,0.0021279731,0.49103564,0.10583609,0.47889912,0.010131294,0.29479554,0.048403677,0.051818598,0.020657454
375316653866487564,2005611845916644480,0.6138861,2130.2570278949383,0.11969787348459368,1.1452599E-5,16.046846,9.4190775E-4,0.34372225,0.0018865734,0.004800416,0.0015796731,0.41320133,0.60372925,0.84427446,0.0025603748,0.00750657,0.001632829,0.29348755,0.07197705,null,null,null,null,"TWOGAUSSIANS",8,6.3108864,0.34372225,0.0018865734,0.026882328,0.008846169,0.41320133,0.60372925,0.84427446,0.0025603748,0.04203679,0.009143842,0.29348755,0.07197705
375316653866487564,2005613082867696128,0.5707679,2139.242815278513,2.5768034992586824,1.0395426E-5,16.645065,0.054464493,0.27584502,0.003324344,0.059044514,0.015667751,0.2764064,0.099773,0.770253,0.0069107492,0.06657047,0.015887786,0.20886223,0.113194324,0.1005401,0.05945816,0.27584502,0.003324344,"TWOGAUSSIANS_WITH_ELLIPSOIDAL_ON_ECLIPSE1",9,37.508293,0.27584502,0.003324344,0.33064926,0.08773941,0.47732037,0.044437263,0.77166295,0.004735832,0.3727946,0.07657225,0.40959057,0.020484453
375316653866487564,2005614491616879872,0.5893021,2120.5739233089776,0.47547011793324595,6.6149864E-6,14.927648,0.0032571673,0.25470644,0.007392638,0.037414376,0.0054671303,0.16978233,0.011097854,0.7553643,0.013429466,0.052482985,0.022917015,0.04866719,0.029500525,0.0140469745,0.0038955812,0.25470644,0.007392638,"TWOGAUSSIANS_WITH_ELLIPSOIDAL_ON_ECLIPSE1",9,22.6493,0.25470644,0.007392638,0.2095205,0.03061593,0.1978757,0.007743293,0.7553643,0.01283861,0.29390472,0.12833528,0.076760076,0.03282672
375316653866487564,2005615762927852160,0.5685623,2137.021412835703,0.8455272775395374,4.1245717E-6,18.252375,0.0025411048,0.19555311,0.002243676,0.031558055,0.0026336934,0.27660704,0.013035957,0.6929008,0.0015579512,0.030163744,0.0015079676,0.2768536,0.017709991,null,null,null,null,"TWOGAUSSIANS",8,1.6155136,0.6929008,0.0015579512,0.16891697,0.008444618,0.2768536,0.017709991,0.19555311,0.002243676,0.17672512,0.014748683,0.27660704,0.013035957
375316653866487564,2005615831640119552,0.49743813,2113.2584075475784,3.0037553637878136,1.20587E-5,19.48658,0.079925194,0.22062103,0.004724787,0.11435327,0.01987084,0.43399245,0.07308349,0.722215,0.004628614,0.11074759,0.017226608,0.41758394,0.07602004,null,null,null,null,"TWOGAUSSIANS",8,2.1095405,0.22062103,0.004735666,0.4,0.0,0.3629009,0.02143941,0.722215,0.004639835,0.4,0.0,0.3465224,0.012440363
375316653866487564,2005615930415177216,0.5003777,2124.50328745677,2.3778982182841477,1.247382E-5,19.303102,0.021436455,0.16159736,0.013313427,0.07941325,0.018609995,0.16276303,0.023174277,0.6440495,0.007306203,0.09306129,0.012767738,0.28862837,0.020722007,null,null,null,null,"TWOGAUSSIANS",8,2.2226977,0.6440495,0.007306203,0.4,0.0,0.28374144,0.018724442,0.16159736,0.013313427,0.4,0.022467125,0.1578766,0.019022051
375316653866487564,2005616278315985536,0.5531686,2128.4793261457103,0.5315375175847558,8.667641E-6,19.48771,0.0035972248,0.31965694,0.004649381,0.029374257,0.002715506,0.39237016,0.040469382,0.81750864,0.0014520201,0.022029469,0.0017695394,0.5693069,0.022888176,null,null,null,null,"TWOGAUSSIANS",8,1.362553,0.81750864,0.0014520201,0.12336502,0.009909421,0.5693069,0.022888176,0.31965694,0.004649381,0.16449583,0.015206833,0.39237016,0.040469382
375316653866487564,2005616587561564672,0.48576647,2109.8005841187573,0.6382704065473265,1.1636776E-5,16.815376,0.0029270623,0.32284212,0.0018225727,0.017967466,0.0022167766,0.10635798,0.009770557,0.81249124,0.049538963,0.033390373,0.05643076,0.015161153,0.040172745,null,null,null,null,"TWOGAUSSIANS",8,6.864156,0.32284212,0.0018225727,0.10061781,0.01241395,0.10635798,0.009770557,0.81249124,0.049538963,0.18698609,0.31601226,0.015161153,0.040172745
375316653866487564,2005617751483880960,0.45934606,2157.384266041884,2.869978587290239,2.251798E-5,19.080265,0.029822316,0.26758838,0.007327614,0.10427314,0.018985413,0.2177805,0.026620192,0.77933645,0.0076832743,0.09418625,0.021880118,0.21607523,0.031891536,null,null,null,null,"TWOGAUSSIANS",8,3.7627523,0.26758838,0.007327614,0.4,0.0,0.20218779,0.016852312,0.77933645,0.007688919,0.4,0.0,0.20048717,0.034448974
375316653866487564,2005618442988356480,0.6045996,2117.000689891223,2.5655267405529476,5.7140946E-6,16.384357,0.0137097025,0.22768477,0.0015213739,0.105150625,0.004934758,0.24342743,0.0131204575,0.72884023,0.0012936388,0.114013314,0.0055184634,0.22386244,0.01314768,null,null,null,null,"TWOGAUSSIANS",8,4.3767323,0.22768477,0.0015213739,0.4,0.0,0.2093888,0.0038407973,0.72884023,0.0012936388,0.4,0.0,0.18979995,0.0038820526
375316653866487564,2005619641267597056,0.4806235,2151.9644151365223,0.7669108611967153,2.7387288E-5,17.425856,0.0076250704,0.32741696,0.004841301,0.07969271,0.011816642,0.078430295,0.007946806,0.8184321,0.0060287225,0.1040744,0.015303271,0.045861263,0.0074621527,null,null,null,null,"TWOGAUSSIANS",8,1.8317858,0.32741696,0.0048485394,0.4,0.0,0.07598319,0.0071328836,0.8184321,0.0060287225,0.4,0.0,0.043413192,0.0045745154
375316653866487564,2005620264053347072,0.5672625,2159.6198271664534,1.009434950624961,5.695125E-6,15.120131,0.0010362573,0.221423,0.0051710233,0.03268346,0.0034875826,0.07205801,0.005191732,0.72511417,0.0031475357,0.034144744,0.0029916477,0.075897686,0.0034708714,0.0051292763,0.0013209825,0.221423,0.0051710233,"TWOGAUSSIANS_WITH_ELLIPSOIDAL_ON_ECLIPSE1",9,4.4252753,0.72511417,0.0031465217,0.19121057,0.016753227,0.08615072,0.0028988102,0.221423,0.0051710233,0.18302736,0.019530462,0.08231656,0.0043495134
375316653866487564,2005620848169078528,0.576431,2155.844167845675,0.13038292701761878,1.935899E-5,15.485783,0.004477448,0.23213169,0.0035470796,0.029894168,0.0020317428,0.61803377,0.054594997,0.7252957,0.0065108314,0.03365042,0.010240301,0.19798343,0.012643267,0.008574618,0.0064342483,0.23213169,0.0035470796,"TWOGAUSSIANS_WITH_ELLIPSOIDAL_ON_ECLIPSE1",9,71.04665,0.23213169,0.0035470796,0.16740733,0.01137776,0.635183,0.051540058,0.72534573,0.006458193,0.18844235,0.057345685,0.21510127,0.01105224
