Gaia/vari_eclipsing_binary/VariEclipsingBinary_662254-662287.csv
# %ECSV 1.0
# ---
# delimiter: ','
# meta: !!omap
# - RELEASE: Gaia DR3
# - TABLE: vari_eclipsing_binary
# - DESCRIPTION: >
#     This table describes the properties of the eclipsing binaries resulting from the variability analysis. 
# - CITATION: >
#     How to cite and acknowledge Gaia: 
#     https://gea.esac.esa.int/archive/documentation/credits.html 
# - KNOWN_ISSUES: >
#     Known issues: 
#     https://www.cosmos.esa.int/web/gaia-users/known-issues 
# - DOCUMENTATION: >
#     Tutorials and documentation: 
#     https://www.cosmos.esa.int/web/gaia-users/archive 
# datatype:
# - 
#   name: solution_id
#   datatype: int64
#   description: Solution Identifier
#   meta:
#     ucd: meta.version
# - 
#   name: source_id
#   datatype: int64
#   description: Unique source identifier
#   meta:
#     ucd: meta.id;meta.main
# - 
#   name: global_ranking
#   datatype: float32
#   description: Number between 0 (worst) and 1 (best)
#   meta:
#     ucd: stat.param
# - 
#   name: reference_time
#   datatype: float64
#   unit: d
#   description: Reference time used for the geometric model fit
#   meta:
#     ucd: time.epoch
# - 
#   name: frequency
#   datatype: float64
#   unit: d**-1
#   description: Frequency of geometric model of the eclipsing binary light curve
#   meta:
#     ucd: src.orbital
# - 
#   name: frequency_error
#   datatype: float32
#   unit: d**-1
#   description: "Uncertainty of \\texttt{frequency}"
#   meta:
#     ucd: stat.error
# - 
#   name: geom_model_reference_level
#   datatype: float32
#   unit: mag
#   description: Magnitude reference level of geometric model
#   meta:
#     ucd: phot.mag;em.opt
# - 
#   name: geom_model_reference_level_error
#   datatype: float32
#   unit: mag
#   description: "Uncertainty of \\texttt{geomModelReferenceLevel}"
#   meta:
#     ucd: stat.error;phot.mag;em.opt
# - 
#   name: geom_model_gaussian1_phase
#   datatype: float32
#   description: Phase of the Gaussian 1 component
#   meta:
#     ucd: time.phase
# - 
#   name: geom_model_gaussian1_phase_error
#   datatype: float32
#   description: "Uncertainty of \\texttt{geomModelGaussian1Phase}"
#   meta:
#     ucd: stat.error;time.phase
# - 
#   name: geom_model_gaussian1_sigma
#   datatype: float32
#   description: "Standard deviation [phase] of Gaussian 1 component"
#   meta:
#     ucd: stat.stdev
# - 
#   name: geom_model_gaussian1_sigma_error
#   datatype: float32
#   description: "Uncertainty of \\texttt{geomModelGaussian1Sigma}"
#   meta:
#     ucd: stat.error
# - 
#   name: geom_model_gaussian1_depth
#   datatype: float32
#   unit: mag
#   description: Magnitude depth of Gaussian 1 component
#   meta:
#     ucd: src.var.amplitude
# - 
#   name: geom_model_gaussian1_depth_error
#   datatype: float32
#   unit: mag
#   description: "Uncertainty of \\texttt{geomModelGaussian1Depth}"
#   meta:
#     ucd: stat.error;src.var.amplitude
# - 
#   name: geom_model_gaussian2_phase
#   datatype: float32
#   description: Phase of Gaussian 2 component
#   meta:
#     ucd: time.phase
# - 
#   name: geom_model_gaussian2_phase_error
#   datatype: float32
#   description: "Uncertainty of \\texttt{geomModelGaussian2Phase}"
#   meta:
#     ucd: stat.error;time.phase
# - 
#   name: geom_model_gaussian2_sigma
#   datatype: float32
[...]
#   datatype: float32
#   description: "Secondary eclipse: uncertainty of \\texttt{derivedSecondaryEclDuration}"
#   meta:
#     ucd: stat.error;time.duration
# - 
#   name: derived_secondary_ecl_depth
#   datatype: float32
#   unit: mag
#   description: "Secondary eclipse: depth"
#   meta:
#     ucd: src.var.amplitude
# - 
#   name: derived_secondary_ecl_depth_error
#   datatype: float32
#   unit: mag
#   description: "Secondary eclipse: uncertainty of \\texttt{derivedSecondaryEclDepth}"
#   meta:
#     ucd: stat.error;src.var.amplitude
solution_id,source_id,global_ranking,reference_time,frequency,frequency_error,geom_model_reference_level,geom_model_reference_level_error,geom_model_gaussian1_phase,geom_model_gaussian1_phase_error,geom_model_gaussian1_sigma,geom_model_gaussian1_sigma_error,geom_model_gaussian1_depth,geom_model_gaussian1_depth_error,geom_model_gaussian2_phase,geom_model_gaussian2_phase_error,geom_model_gaussian2_sigma,geom_model_gaussian2_sigma_error,geom_model_gaussian2_depth,geom_model_gaussian2_depth_error,geom_model_cosine_half_period_amplitude,geom_model_cosine_half_period_amplitude_error,geom_model_cosine_half_period_phase,geom_model_cosine_half_period_phase_error,model_type,num_model_parameters,reduced_chi2,derived_primary_ecl_phase,derived_primary_ecl_phase_error,derived_primary_ecl_duration,derived_primary_ecl_duration_error,derived_primary_ecl_depth,derived_primary_ecl_depth_error,derived_secondary_ecl_phase,derived_secondary_ecl_phase_error,derived_secondary_ecl_duration,derived_secondary_ecl_duration_error,derived_secondary_ecl_depth,derived_secondary_ecl_depth_error
[from data line 248]
375316653866487564,5825354887643523584,0.5019654,2451.537475695328,0.11244184745803429,5.71587E-6,17.994255,0.004914274,0.15508863,0.00375208,0.012932392,0.0038711657,0.9878737,1.3735,0.6602366,4.823502E-4,0.010300582,0.0013321996,0.829738,0.14185138,0.041595623,0.008174928,0.6602366,4.823502E-4,"TWOGAUSSIANS_WITH_ELLIPSOIDAL_ON_ECLIPSE2",9,35.84193,0.15509863,0.0037437577,0.072421394,0.021678528,1.0709778,1.3739693,0.6602366,4.823502E-4,0.05768326,0.0074603176,0.9129292,0.14373235
375316653866487564,5825356575606329216,0.54571205,2434.952176897844,2.9813239788541517,1.20119E-5,15.208883,0.007097024,0.22016591,0.0020538147,0.020226417,0.043681093,0.03708293,0.009808882,0.77009755,0.02503535,0.021539856,0.026844792,0.028734693,0.014507561,0.089922674,0.009124797,0.22016591,0.0020538147,"TWOGAUSSIANS_WITH_ELLIPSOIDAL_ON_ECLIPSE1",9,73.482475,0.22016591,0.0020538147,0.113267936,0.24461412,0.216928,0.013993495,0.77009755,0.02503535,0.12062319,0.15033084,0.19145145,0.011131851
375316653866487564,5825357842573720064,0.4700972,2452.989183181456,2.995868739773373,1.3619713E-5,18.191916,0.2150953,0.119551115,0.003205464,0.14089087,0.0414743,0.29355478,0.20324612,0.6173502,0.005625234,0.14363384,0.053833663,0.27526757,0.20123799,null,null,null,null,"TWOGAUSSIANS",8,4.4734936,0.119661115,0.003244842,0.4,0.0,0.17519172,0.007759106,0.6173502,0.005625234,0.4,0.0,0.15669891,0.017931644
375316653866487564,5825358121794318080,0.6043295,2452.5611138337067,4.212666830932665,3.9105053E-6,19.187103,0.009476725,0.26695234,0.0010711057,0.041522115,0.0022983223,0.42457458,0.024377981,0.7636862,0.0017470539,0.044377476,0.0029342377,0.4861506,0.029108671,0.15726611,0.014947104,0.26695234,0.0010711057,"TWOGAUSSIANS_WITH_ELLIPSOIDAL_ON_ECLIPSE1",9,3.6352038,0.76398623,0.0015766892,0.24851386,0.016431732,0.8005624,0.021344425,0.26695234,0.0010711057,0.23252384,0.012870605,0.7391067,0.016855016
375316653866487564,5825358740248268288,0.58042485,2443.91307795397,1.5145398246633932,4.369993E-6,18.206182,0.008585444,0.1880703,0.0037329607,0.09661713,0.0055515254,0.21973515,0.012822797,0.67354226,0.0017195271,0.09083704,0.0032267114,0.35723382,0.008543902,null,null,null,null,"TWOGAUSSIANS",8,2.7410228,0.67354226,0.0017195271,0.4,0.0,0.34445468,0.0064979256,0.1880703,0.0037329607,0.4,0.0,0.20695536,0.011766732
375316653866487564,5825360286457883264,0.6282191,2444.400374230376,2.8409785186247243,2.2078489E-6,18.320923,0.010785953,0.24857086,0.0011830335,0.056038793,0.002848616,0.34596777,0.026145674,0.7429999,8.891841E-4,0.057766747,0.0025254148,0.40091634,0.02490159,0.091143265,0.016001908,0.24857086,0.0011830335,"TWOGAUSSIANS_WITH_ELLIPSOIDAL_ON_ECLIPSE1",9,3.3376935,0.7435999,7.570536E-4,0.32349378,0.014142322,0.5829633,0.010499787,0.24857086,0.0011830335,0.31381723,0.01595225,0.5282141,0.010066529
375316653866487564,5825360355177368448,0.56508535,2424.322123346131,2.0429927839804747,6.643332E-6,15.868575,0.0026603022,0.24584197,0.0016235455,0.09908253,0.0034643204,0.11780539,0.0025430198,0.7485507,0.0020391755,0.09159389,0.0034266426,0.1293656,0.0036075634,null,null,null,null,"TWOGAUSSIANS",8,4.998835,0.7485507,0.0020391755,0.4,0.0,0.12174975,0.0038861139,0.24584197,0.0016235455,0.4,0.0,0.11018893,0.0021181386
375316653866487564,5825361725224372608,0.57679003,2442.230750905933,1.821955272489219,4.9420414E-6,17.754448,0.0034740302,0.23897733,0.001727112,0.038908955,0.002055892,0.33896458,0.023633603,0.7373106,0.0013647208,0.037622973,0.0012121858,0.6900704,0.014263061,0.02979504,0.0050728926,0.23897733,0.001727112,"TWOGAUSSIANS_WITH_ELLIPSOIDAL_ON_ECLIPSE1",9,8.889406,0.7373306,0.0013511933,0.21068867,0.0067882403,0.749654,0.012387619,0.23897733,0.001727112,0.21789014,0.011512996,0.39855465,0.024701258
375316653866487564,5825361759584134016,0.5713024,2412.340444568916,0.5955843120170824,5.759223E-6,14.451831,0.0011441038,0.25862777,0.003990748,0.018815536,0.002849237,0.016451545,0.004097048,0.7563391,9.319297E-4,0.038514417,0.0014086445,0.13265988,0.004595055,0.012667158,0.0015700726,0.25862777,0.003990748,"TWOGAUSSIANS_WITH_ELLIPSOIDAL_ON_ECLIPSE1",9,24.494244,0.7563891,9.011453E-4,0.21568073,0.007888409,0.15798905,0.0043342253,0.25862777,0.003990748,0.105367005,0.015955728,0.041785844,0.0030649228
375316653866487564,5825361970085162880,0.6030404,2413.242944275896,0.7140473525188776,4.2467254E-6,15.328277,0.008073885,0.10651452,0.001968477,0.10523428,0.00651601,0.12745652,0.0073238425,0.5889244,0.0011061813,0.110717416,0.0040125726,0.24006957,0.0069354703,null,null,null,null,"TWOGAUSSIANS",8,14.1202345,0.5889244,0.0011061813,0.4,0.0,0.2203074,0.0036777363,0.106564514,0.001974753,0.4,0.0,0.10771259,0.003091879
375316653866487564,5825362279323469824,0.60866517,2443.664809490796,0.8330723623681783,1.0005991E-5,16.029966,0.0017996273,0.2765098,0.002961694,0.021745404,0.0034605404,0.05162252,0.005150943,0.777083,5.651707E-4,0.028429652,6.1006524E-4,0.33250272,0.00479282,0.023417113,0.0026516197,0.2765098,0.002961694,"TWOGAUSSIANS_WITH_ELLIPSOIDAL_ON_ECLIPSE1",9,10.159488,0.777083,5.6400587E-4,0.15920605,0.0034163655,0.37933636,0.0033206386,0.2765098,0.002961694,0.12177426,0.019379025,0.09845675,0.0028316786
375316653866487564,5825362618596828416,0.47222278,2470.3769027594544,1.689987354681087,5.160405E-6,19.965431,0.007277966,0.22195458,0.014814218,0.040425085,0.026327832,0.10709203,0.019513307,0.7097384,0.0018586017,0.039272923,0.002159626,0.627595,0.062565774,null,null,null,null,"TWOGAUSSIANS",8,3.1664956,0.7097384,0.0018586017,0.21992837,0.012093906,0.627595,0.06256578,0.22195458,0.014814218,0.22638047,0.14743586,0.10709203,0.019513473
375316653866487564,5825362691621400448,0.47519675,2474.6960890638497,2.112776604831733,1.6368016E-5,18.507238,0.009078827,0.31231982,0.0031522359,0.044805568,0.0030928894,0.65494907,0.046268623,0.80825084,0.010938879,0.035073154,0.010359604,0.38955492,0.06590487,null,null,null,null,"TWOGAUSSIANS",8,31.307491,0.31231982,0.0031522359,0.25091118,0.017320182,0.65494907,0.04626862,0.80825084,0.010938879,0.19640967,0.058013782,0.38955492,0.06590487
375316653866487564,5825362863438812288,0.44654784,2434.88858795391,2.198411063961978,1.3865492E-5,17.300297,0.012655201,0.18409622,0.0024366458,0.030458968,0.0028842862,0.3355372,0.036617063,0.69931406,0.01909538,0.0557957,0.03705998,0.12254402,0.07143668,0.01497414,0.017658817,0.69931406,0.01909538,"TWOGAUSSIANS_WITH_ELLIPSOIDAL_ON_ECLIPSE2",9,135.95389,0.18419622,0.002406945,0.17057022,0.016152002,0.3652088,0.026002547,0.69931406,0.01909538,0.31245592,0.2075359,0.15248686,0.079662986
375316653866487564,5825363099633139840,0.5621054,2442.4840538231238,2.706100233867552,4.8412044E-6,18.991812,0.012843176,0.2162424,0.0022894498,0.08585625,0.004432089,0.4479927,0.015664628,0.70876336,0.0019396312,0.09391132,0.0043134848,0.43166286,0.012443529,null,null,null,null,"TWOGAUSSIANS",8,2.4332988,0.2162424,0.0022894498,0.4,0.0,0.43166807,0.014753834,0.70876336,0.0019396312,0.4,0.0,0.4153376,0.009827448
375316653866487564,5825364031650784000,0.5666686,2444.43170934167,3.035996100949716,4.2291467E-6,18.903255,0.011993487,0.22923543,0.002499784,0.053785067,0.005276899,0.27545193,0.028517265,0.73946005,0.0055843797,0.046680875,0.00602439,0.24328075,0.032202456,0.11979662,0.014956493,0.22923543,0.002499784,"TWOGAUSSIANS_WITH_ELLIPSOIDAL_ON_ECLIPSE1",9,3.5253253,0.22923543,0.002499784,0.3011964,0.029550632,0.5150391,0.013499818,0.73946005,0.0055843797,0.26141292,0.033736583,0.4818804,0.020781158
375316653866487564,5825364066029791744,0.46289358,2438.0601579365416,2.345341882241399,2.9609802E-5,17.852112,0.067422606,0.2663493,0.009995575,0.11841337,0.031084383,0.21327396,0.064246364,0.7443708,0.008536074,0.12045559,0.029509924,0.2242826,0.060447987,null,null,null,null,"TWOGAUSSIANS",8,19.83382,0.7443708,0.008536074,0.4,0.0,0.18417299,0.015560378,0.2664893,0.010037388,0.4,0.0,0.17319402,0.010077036
375316653866487564,5825364233493254656,0.53985035,2445.054781803023,2.34097193466182,7.304603E-6,18.0838,0.0017737132,0.24294984,0.008453733,0.011621558,0.008005526,0.038423024,0.011624276,0.7354058,0.0018833746,0.023758018,0.00845792,0.01710758,0.006254805,0.07651509,0.0031370902,0.7354058,0.0018833746,"TWOGAUSSIANS_WITH_ELLIPSOIDAL_ON_ECLIPSE2",9,2.6011832,0.24263985,0.00712805,0.065080725,0.044830944,0.19112357,0.011701298,0.7354058,0.0018833746,0.1330449,0.047364347,0.17013773,0.0044494583
375316653866487564,5825364370932106368,0.63422376,2405.37234694224,0.29144827318617267,3.617903E-6,16.732925,8.4069185E-4,0.60697854,4.315798E-4,0.013174045,3.042835E-4,0.6091995,0.026019512,null,null,null,null,null,null,null,null,null,null,"ONEGAUSSIAN",5,3.6160073,0.60697854,4.315798E-4,0.07377465,0.0017039876,0.6091995,0.0,null,null,null,null,null,null
375316653866487564,5825364577097951232,0.47746462,2383.7558491959194,1.3944783593141024,1.504733E-5,17.880049,0.003826718,0.22731218,0.0048334813,0.08153478,0.009504543,0.06767197,0.004322947,0.7451114,0.008153728,0.09919138,0.012457678,0.0411647,0.004751967,null,null,null,null,"TWOGAUSSIANS",8,1.4317081,0.22731218,0.0048334813,0.4,0.0,0.0659942,0.004284952,0.7451114,0.008153728,0.4,0.0,0.03948658,0.0041811517
375316653866487564,5825364993742385408,0.5313939,2398.7283930452136,2.7291955520155318,8.66025E-6,16.872828,0.029491857,0.25631356,0.0053393426,0.0879753,0.010083179,0.48468322,0.027194656,0.74037087,0.0039013065,0.08793573,0.009004788,0.53954804,0.029193463,null,null,null,null,"TWOGAUSSIANS",8,84.554214,0.74037087,0.0039013065,0.4,0.0,0.5256898,0.029609947,0.25631356,0.0053393426,0.4,0.0,0.470825,0.022531299
375316653866487564,5825365371699536512,0.52739227,2391.7314438102085,0.15907297969041803,2.909617E-6,17.598003,0.00413678,0.19853343,5.610277E-4,0.021850213,9.92137E-4,0.6617617,0.05919268,0.6946994,0.0014471833,0.02096483,0.0011817619,0.5418256,0.06112121,null,null,null,null,"TWOGAUSSIANS",8,29.187471,0.19853343,5.610277E-4,0.1223612,0.0055559673,0.6617617,0.05919268,0.6946994,0.0014471833,0.117403045,0.0066178665,0.5418256,0.06112121
375316653866487564,5825365612217699712,0.5841052,2392.9639002559998,0.612581707209078,2.8182192E-6,12.453316,0.1903443,0.19800827,0.0010743155,0.123299845,0.01918557,0.23381777,0.13228431,0.698067,0.0015134783,0.1744001,0.07472127,0.19958669,0.1888334,null,null,null,null,"TWOGAUSSIANS",8,52.387596,0.19799827,0.0011147833,0.4,0.0,0.13951863,0.0030378217,0.698067,0.0015281712,0.4,0.0,0.09886208,0.0020290788
375316653866487564,5825365646558338176,0.47240195,2427.571821872043,3.647495500609966,1.4610817E-5,19.565615,0.032174494,0.24648829,0.0101994,0.09396045,0.019751493,0.25172707,0.02940222,0.71683526,0.0029495654,0.0767302,0.011933545,0.5315166,0.081691206,null,null,null,null,"TWOGAUSSIANS",8,3.9885943,0.71683526,0.0029495654,0.4,0.009255287,0.5259032,0.08708298,0.24648829,0.0101994,0.4,0.0,0.24611276,0.02582827
375316653866487564,5825365646577697664,0.44716194,2450.3796126193265,2.7147157123167642,3.842625E-5,18.626562,0.024122138,0.2923767,0.007010137,0.035554867,0.05003225,0.05766115,0.06041555,0.8306193,0.023637064,0.051071316,0.024091123,0.13399759,0.056181226,0.1086097,0.03174702,0.2923767,0.007010137,"TWOGAUSSIANS_WITH_ELLIPSOIDAL_ON_ECLIPSE1",9,31.263638,0.8306193,0.023637064,0.2859994,0.13491029,0.33891466,0.036387417,0.2923767,0.007010137,0.19910726,0.2801806,0.2748803,0.0651118
375316653866487564,5825365745321776768,0.5050114,2425.62992295073,0.07938253658058367,1.1423382E-5,18.242313,0.0029581296,0.25483406,0.008687439,0.0026750467,0.0072293403,0.5948516,1.4129243,0.86452496,0.012180392,0.010291707,0.0069760373,0.032032024,0.020606281,0.018588327,0.0035681403,0.25483406,0.008687439,"TWOGAUSSIANS_WITH_ELLIPSOIDAL_ON_ECLIPSE1",9,6.0814257,0.25483406,0.008687439,0.014980261,0.040484305,0.6320282,1.4141064,0.86452496,0.012180392,0.057633556,0.039065808,0.05417431,0.020204535
375316653866487564,5825365783997307264,0.53737736,2425.5871875298085,2.498569393930211,7.1833188E-6,19.341248,0.016244393,0.23476274,0.002158834,0.08195058,0.005354744,0.3482852,0.014066497,0.7326797,0.003865615,0.08475281,0.0067933537,0.33456343,0.017953645,null,null,null,null,"TWOGAUSSIANS",8,2.09555,0.23476274,0.002158834,0.4,0.0,0.34097,0.010789518,0.7326797,0.003865615,0.4,0.0,0.32724822,0.016007904
375316653866487564,5825366299392038400,0.44120282,2418.9030931505804,2.837080609965456,2.0947136E-5,18.577694,0.014240557,0.18133825,0.0077583133,0.07594891,0.012482404,0.16125408,0.019417303,0.699561,0.009086768,0.10240082,0.016747735,0.160815,0.01915663,null,null,null,null,"TWOGAUSSIANS",8,10.895029,0.18133825,0.0077633513,0.4,0.007837641,0.15658936,0.018916216,0.699561,0.009086768,0.4,0.0,0.15614733,0.019227454
375316653866487564,5825366707386480128,0.46452275,2465.0060803824745,1.743566418554829,3.352014E-5,16.918747,0.005468326,0.20833856,0.0061773537,0.03554017,0.007988747,0.05070323,0.017456692,0.7001934,0.0074977046,0.0309916,0.0119340485,0.06667274,0.014611742,0.030999668,0.008005271,0.20833856,0.0061773537,"TWOGAUSSIANS_WITH_ELLIPSOIDAL_ON_ECLIPSE1",9,11.889416,0.7007334,0.0068264096,0.17355296,0.06683067,0.12852046,0.014764116,0.20833856,0.0061773537,0.19902495,0.044736985,0.11270253,0.011548539
375316653866487564,5825367089686760064,0.62436104,2447.7539604208705,2.1708680136658534,2.0206814E-6,16.082937,0.0065041506,0.2245837,0.0024554702,0.06029271,0.007847742,0.03199167,0.015381758,0.7176712,0.0011419212,0.060942825,0.0020581672,0.31354657,0.013536975,0.06084368,0.007605544,0.2245837,0.0024554702,"TWOGAUSSIANS_WITH_ELLIPSOIDAL_ON_ECLIPSE1",9,14.334042,0.7183812,9.281444E-4,0.34127983,0.011525737,0.43497893,0.0059424485,0.2245837,0.0024554702,0.33763915,0.043947354,0.15363,0.0031767883
375316653866487564,5825367154063109248,0.5628535,2444.0031445572035,2.9485379149064315,4.6202E-6,19.098125,0.009486553,0.25927004,0.0014709622,0.05181734,0.0030239497,0.25219533,0.027662862,0.7548293,0.0010288737,0.04846369,0.0034309074,0.3118229,0.02440232,0.10713022,0.017019203,0.25927004,0.0014709622,"TWOGAUSSIANS_WITH_ELLIPSOIDAL_ON_ECLIPSE1",9,2.7868595,0.7553293,9.0726855E-4,0.27139667,0.019213082,0.5259323,0.015080973,0.25927004,0.0014709622,0.2901771,0.01693412,0.4664527,0.013296352
375316653866487564,5825367227106398336,0.47195286,2434.362072887045,1.4871010755661784,9.8277E-6,18.562693,0.0036751716,0.3045673,0.0024501816,0.051023014,0.0030689389,0.15409388,0.008693647,0.80059373,0.0068756705,0.031595677,0.008962239,0.060709015,0.026705619,null,null,null,null,"TWOGAUSSIANS",8,3.101763,0.3045673,0.0024501816,0.28572887,0.017186059,0.15409388,0.008693647,0.80059373,0.0068756705,0.17693579,0.05018854,0.06070901,0.026705645
375316653866487564,5825367536363303552,0.6598134,2415.5024348258685,1.6526530400026367,1.8795704E-6,14.332305,0.006617732,0.23593175,7.638751E-4,0.055703796,0.002322287,0.24504581,0.01573665,0.7372131,7.747888E-4,0.04699271,0.002360515,0.29528913,0.013187814,0.1417647,0.009602115,0.23593175,7.638751E-4,"TWOGAUSSIANS_WITH_ELLIPSOIDAL_ON_ECLIPSE1",9,73.5283,0.7372131,7.747888E-4,0.2631592,0.013218884,0.5787895,0.007329814,0.23593175,7.638751E-4,0.31194127,0.013004808,0.5285645,0.0059739808
375316653866487564,5825367673781868928,0.5657014,2429.68454459137,2.6075667021488007,6.204899E-6,19.064478,0.016800433,0.24413022,0.002880869,0.050047234,0.008079005,0.36839673,0.048901096,0.73883855,0.0026723787,0.054470334,0.0039053007,0.4755814,0.039474223,0.11043205,0.02257182,0.24413022,0.002880869,"TWOGAUSSIANS_WITH_ELLIPSOIDAL_ON_ECLIPSE1",9,5.671257,0.73935854,0.0023414383,0.30503386,0.021869686,0.6962156,0.02101265,0.24413022,0.002880869,0.2802645,0.04524243,0.5892511,0.05431136
