Gaia/vari_eclipsing_binary/VariEclipsingBinary_676333-676361.csv
# %ECSV 1.0
# ---
# delimiter: ','
# meta: !!omap
# - RELEASE: Gaia DR3
# - TABLE: vari_eclipsing_binary
# - DESCRIPTION: >
#     This table describes the properties of the eclipsing binaries resulting from the variability analysis. 
# - CITATION: >
#     How to cite and acknowledge Gaia: 
#     https://gea.esac.esa.int/archive/documentation/credits.html 
# - KNOWN_ISSUES: >
#     Known issues: 
#     https://www.cosmos.esa.int/web/gaia-users/known-issues 
# - DOCUMENTATION: >
#     Tutorials and documentation: 
#     https://www.cosmos.esa.int/web/gaia-users/archive 
# datatype:
# - 
#   name: solution_id
#   datatype: int64
#   description: Solution Identifier
#   meta:
#     ucd: meta.version
# - 
#   name: source_id
#   datatype: int64
#   description: Unique source identifier
#   meta:
#     ucd: meta.id;meta.main
# - 
#   name: global_ranking
#   datatype: float32
#   description: Number between 0 (worst) and 1 (best)
#   meta:
#     ucd: stat.param
# - 
#   name: reference_time
#   datatype: float64
#   unit: d
#   description: Reference time used for the geometric model fit
#   meta:
#     ucd: time.epoch
# - 
#   name: frequency
#   datatype: float64
#   unit: d**-1
#   description: Frequency of geometric model of the eclipsing binary light curve
#   meta:
#     ucd: src.orbital
# - 
#   name: frequency_error
#   datatype: float32
#   unit: d**-1
#   description: "Uncertainty of \\texttt{frequency}"
#   meta:
#     ucd: stat.error
# - 
#   name: geom_model_reference_level
#   datatype: float32
#   unit: mag
#   description: Magnitude reference level of geometric model
#   meta:
#     ucd: phot.mag;em.opt
# - 
#   name: geom_model_reference_level_error
#   datatype: float32
#   unit: mag
#   description: "Uncertainty of \\texttt{geomModelReferenceLevel}"
#   meta:
#     ucd: stat.error;phot.mag;em.opt
# - 
#   name: geom_model_gaussian1_phase
#   datatype: float32
#   description: Phase of the Gaussian 1 component
#   meta:
#     ucd: time.phase
# - 
#   name: geom_model_gaussian1_phase_error
#   datatype: float32
#   description: "Uncertainty of \\texttt{geomModelGaussian1Phase}"
#   meta:
#     ucd: stat.error;time.phase
# - 
#   name: geom_model_gaussian1_sigma
#   datatype: float32
#   description: "Standard deviation [phase] of Gaussian 1 component"
#   meta:
#     ucd: stat.stdev
# - 
#   name: geom_model_gaussian1_sigma_error
#   datatype: float32
#   description: "Uncertainty of \\texttt{geomModelGaussian1Sigma}"
#   meta:
#     ucd: stat.error
# - 
#   name: geom_model_gaussian1_depth
#   datatype: float32
#   unit: mag
#   description: Magnitude depth of Gaussian 1 component
#   meta:
#     ucd: src.var.amplitude
# - 
#   name: geom_model_gaussian1_depth_error
#   datatype: float32
#   unit: mag
#   description: "Uncertainty of \\texttt{geomModelGaussian1Depth}"
#   meta:
#     ucd: stat.error;src.var.amplitude
# - 
#   name: geom_model_gaussian2_phase
#   datatype: float32
#   description: Phase of Gaussian 2 component
#   meta:
#     ucd: time.phase
# - 
#   name: geom_model_gaussian2_phase_error
#   datatype: float32
#   description: "Uncertainty of \\texttt{geomModelGaussian2Phase}"
#   meta:
#     ucd: stat.error;time.phase
# - 
#   name: geom_model_gaussian2_sigma
#   datatype: float32
[...]
#   datatype: float32
#   description: "Secondary eclipse: uncertainty of \\texttt{derivedSecondaryEclDuration}"
#   meta:
#     ucd: stat.error;time.duration
# - 
#   name: derived_secondary_ecl_depth
#   datatype: float32
#   unit: mag
#   description: "Secondary eclipse: depth"
#   meta:
#     ucd: src.var.amplitude
# - 
#   name: derived_secondary_ecl_depth_error
#   datatype: float32
#   unit: mag
#   description: "Secondary eclipse: uncertainty of \\texttt{derivedSecondaryEclDepth}"
#   meta:
#     ucd: stat.error;src.var.amplitude
solution_id,source_id,global_ranking,reference_time,frequency,frequency_error,geom_model_reference_level,geom_model_reference_level_error,geom_model_gaussian1_phase,geom_model_gaussian1_phase_error,geom_model_gaussian1_sigma,geom_model_gaussian1_sigma_error,geom_model_gaussian1_depth,geom_model_gaussian1_depth_error,geom_model_gaussian2_phase,geom_model_gaussian2_phase_error,geom_model_gaussian2_sigma,geom_model_gaussian2_sigma_error,geom_model_gaussian2_depth,geom_model_gaussian2_depth_error,geom_model_cosine_half_period_amplitude,geom_model_cosine_half_period_amplitude_error,geom_model_cosine_half_period_phase,geom_model_cosine_half_period_phase_error,model_type,num_model_parameters,reduced_chi2,derived_primary_ecl_phase,derived_primary_ecl_phase_error,derived_primary_ecl_duration,derived_primary_ecl_duration_error,derived_primary_ecl_depth,derived_primary_ecl_depth_error,derived_secondary_ecl_phase,derived_secondary_ecl_phase_error,derived_secondary_ecl_duration,derived_secondary_ecl_duration_error,derived_secondary_ecl_depth,derived_secondary_ecl_depth_error
[from data line 438]
375316653866487564,5949266347714795520,0.55920845,2406.99313067444,3.118214911496538,1.098731E-5,15.572767,0.11107248,0.2772876,0.002555594,0.11921744,0.021329606,0.33645818,0.105670154,0.7780438,0.006107193,0.13101335,0.036007717,0.29960522,0.10328452,null,null,null,null,"TWOGAUSSIANS",8,48.830074,0.27727762,0.002561776,0.4,0.0,0.25162032,0.0067100218,0.77805376,0.0061171977,0.4,0.0,0.2144573,0.011874905
375316653866487564,5949266450793515264,0.61239505,2373.7799785333013,1.6280482694727438,4.1793364E-6,15.375848,0.11670207,0.29680502,0.0013219496,0.13668644,0.025583308,0.249218,0.10977732,0.7988385,0.001270905,0.14591397,0.0292736,0.24238849,0.11354479,null,null,null,null,"TWOGAUSSIANS",8,4.193287,0.29669502,0.001302999,0.4,0.0,0.14927752,0.0028723027,0.7989185,0.0012550326,0.4,0.0,0.14169976,0.002264651
375316653866487564,5949267859542826880,0.62314385,2383.944794168138,1.8583670825826362,5.5071637E-6,15.720635,0.022276107,0.2430615,0.002706331,0.06444482,0.005856269,0.4407321,0.043860584,0.74415845,0.018390419,0.05776694,0.01810334,0.23228487,0.04753724,0.074496955,0.024835743,0.2430615,0.002706331,"TWOGAUSSIANS_WITH_ELLIPSOIDAL_ON_ECLIPSE1",9,32.026344,0.2430615,0.002706331,0.36089098,0.032795105,0.58947533,0.019033745,0.74415845,0.016553754,0.32349488,0.1013787,0.38102105,0.021703726
375316653866487564,5949267893902556800,0.5922673,2387.4761363005514,1.8896629132361318,5.4237894E-6,15.602024,0.007334174,0.22685526,0.00514269,0.04483068,0.008189605,0.05798263,0.020163942,0.70415974,8.9628075E-4,0.048972744,0.0016537799,0.64924896,0.02428368,0.035058815,0.011123649,0.70415974,8.9628075E-4,"TWOGAUSSIANS_WITH_ELLIPSOIDAL_ON_ECLIPSE2",9,81.49734,0.70415974,8.9628075E-4,0.27424738,0.009261168,0.719365,0.021190831,0.22322525,0.004641791,0.25105178,0.045861788,0.12690753,0.009408212
375316653866487564,5949268748578505344,0.4339716,2458.2512920332247,1.5871744260929226,6.582415E-5,17.06338,0.003724158,0.17013386,0.042482954,0.06446235,0.02934163,0.022330662,0.0045967083,0.45189998,0.006682065,0.02359858,0.006136662,0.113995224,0.046399992,null,null,null,null,"TWOGAUSSIANS",8,4.446807,0.45189998,0.006682065,0.13215205,0.034365308,0.11399681,0.046407282,0.17013386,0.042482954,0.36098912,0.1176576,0.022330662,0.004596708
375316653866487564,5949268959054463360,0.55220914,2388.5870912257055,1.0321455025516884,8.447247E-6,15.909489,0.016137457,0.23982295,0.005148512,0.057389062,0.023839481,0.07362841,0.026203912,0.731867,0.0020950562,0.0544863,0.0062950775,0.26044166,0.030080166,0.020376096,0.017765708,0.23982295,0.005148512,"TWOGAUSSIANS_WITH_ELLIPSOIDAL_ON_ECLIPSE1",9,26.677317,0.73214704,0.002028258,0.3051233,0.035252433,0.30108652,0.010987223,0.23982295,0.005148512,0.32137874,0.1335011,0.11437142,0.014759726
375316653866487564,5949270127258597504,0.41410252,2466.407288702797,4.65066865769395,2.8277238E-5,19.158009,0.014832591,0.29509443,0.018225819,0.030292585,0.017245742,0.28439632,0.42024156,0.54156893,0.058709677,0.145527,0.078736775,0.09593244,0.021903055,null,null,null,null,"TWOGAUSSIANS",8,7.289196,0.29595444,0.017601278,0.16963847,0.09657615,0.30684698,0.42724416,0.54156893,0.058709677,0.4,0.0,0.09540802,0.022854446
375316653866487564,5949270539575315712,0.4331132,2466.049767573341,0.9178170307388643,3.0639218E-5,15.945154,0.0135220345,0.20213158,0.0018043693,0.019648995,0.0041251965,0.3809019,0.23820996,0.48332804,0.007838872,0.043419898,0.0065457663,0.17251365,0.01965092,null,null,null,null,"TWOGAUSSIANS",8,24.619072,0.20213158,0.0018043693,0.11003438,0.0231011,0.3809019,0.23820995,0.48332804,0.007838872,0.24315141,0.03665629,0.17251365,0.01965092
375316653866487564,5949270986279062144,0.5901029,2398.7478243978017,2.4369496151095826,5.7524126E-6,14.019005,0.007436862,0.24566151,0.00352372,0.08261497,0.004015875,0.51869917,0.02670136,0.7419863,0.0011765986,0.07732018,0.0018875474,0.52726936,0.007466504,null,null,null,null,"TWOGAUSSIANS",8,242.13335,0.7419863,0.0011765986,0.4,0.0,0.5199322,0.0065089115,0.24566151,0.00352372,0.4,0.0,0.511362,0.027256921
375316653866487564,5949271467315402496,0.5927538,2379.8951114476563,2.944347917374838,6.8412096E-6,17.566229,0.005737245,0.2824029,0.002474284,0.08182195,0.0028494587,0.2834428,0.0060255756,0.79519844,0.0021740005,0.08198281,0.0047025885,0.2283203,0.00633702,null,null,null,null,"TWOGAUSSIANS",8,3.5205898,0.2824029,0.002474284,0.4,0.0,0.27965736,0.0049332012,0.79519844,0.0021740005,0.4,0.0,0.22453488,0.006531984
375316653866487564,5949272085763885952,0.4524143,2427.020663374096,0.24485123503591935,1.0241904E-5,18.949703,0.028884007,0.17044127,0.0036479137,0.018753918,0.002193581,0.4382237,0.02353665,0.6381308,0.022172673,0.30441204,0.02210721,0.16183437,0.030258836,null,null,null,null,"TWOGAUSSIANS",8,4.3234973,0.17048128,0.0036698226,0.10502194,0.0122840535,0.43754283,0.023788445,0.6381308,0.022172673,0.4,0.0,0.07781946,0.01651781
375316653866487564,5949272184564586752,0.5347737,2419.9083468675,3.2515446816882796,1.7472432E-5,19.238722,0.00984337,0.21959537,0.0048381616,0.06872311,0.0052011716,0.46900493,0.014428287,0.7006472,0.006152089,0.07193059,0.00564066,0.4215858,0.02936801,null,null,null,null,"TWOGAUSSIANS",8,4.065253,0.21959537,0.0048381616,0.38484943,0.02912656,0.46802208,0.014156138,0.7006472,0.006152089,0.4,0.01250657,0.42060295,0.02931659
375316653866487564,5949272188869922048,0.61549556,2418.5120668045465,2.5560865432381705,3.9213005E-6,15.085115,0.017678255,0.25244674,0.0038564543,0.06152178,0.008144786,0.17980509,0.035953652,0.7571611,0.0014107344,0.06215404,0.006413255,0.18811442,0.037567742,0.1279151,0.020518487,0.7571611,0.0014107344,"TWOGAUSSIANS_WITH_ELLIPSOIDAL_ON_ECLIPSE2",9,76.76256,0.7571611,0.0014107344,0.34806263,0.035914227,0.44385108,0.008431432,0.25385675,0.0025330493,0.34452197,0.0456108,0.43538427,0.013277761
375316653866487564,5949272326282042112,0.6035246,2376.9952471908296,1.6588354898265443,4.091741E-6,18.648422,0.0038035158,0.21779254,0.009710474,0.055871032,0.00846858,0.12035001,0.01172808,0.7139686,0.001416603,0.046203688,0.0012661645,0.566755,0.007546569,null,null,null,null,"TWOGAUSSIANS",8,1.8047758,0.7139686,0.001416603,0.25874066,0.0070905206,0.56675255,0.0075457627,0.21779254,0.009710474,0.3128778,0.047424052,0.12034757,0.011730652
375316653866487564,5949272734307872256,0.5501267,2372.5934606873057,3.8722864731130797,8.702154E-6,18.622854,0.010251518,0.24591681,0.0034731962,0.07783999,0.005649579,0.3605769,0.014322535,0.7442269,0.0023742719,0.0857509,0.0045430786,0.31282455,0.01245445,null,null,null,null,"TWOGAUSSIANS",8,2.431074,0.24591681,0.0034731962,0.4,0.0,0.35451505,0.0147372605,0.7442269,0.0023742719,0.4,0.0,0.30676267,0.012246473
375316653866487564,5949272940466276992,0.568807,2385.7357813946546,2.7158087810257125,9.561684E-6,18.10178,0.004187664,0.24254757,0.002095805,0.06748354,0.0025898532,0.19698988,0.0053541576,0.7514019,0.006605284,0.0728796,0.0058551426,0.19435908,0.008989533,null,null,null,null,"TWOGAUSSIANS",8,1.7110741,0.24254757,0.002095805,0.3779078,0.014503178,0.19644251,0.005206268,0.7514019,0.006605284,0.4,0.0012871367,0.19381171,0.0088568395
375316653866487564,5949272979115792512,0.4490666,2382.694836802785,0.6842266014888763,6.0725375E-5,18.528984,0.004707971,null,null,null,null,null,null,null,null,null,null,null,null,0.050590582,0.005846992,0.2654245,0.013361299,"ELLIPSOIDAL",4,6.0069547,null,null,null,null,null,null,null,null,null,null,null,null
375316653866487564,5949273219633994368,0.43248317,2464.4912733489364,0.7944242814549516,1.3322778E-5,19.318981,0.014906464,0.14388557,0.0046434077,0.023179468,0.00509952,1.3477296,2.1879554,0.6057963,0.004848116,0.054090496,0.00478056,0.3892462,0.024714146,null,null,null,null,"TWOGAUSSIANS",8,7.3292623,0.14388557,0.0046434077,0.12980501,0.028557314,1.3477296,2.1879554,0.6057963,0.004848116,0.30290678,0.026771134,0.3892462,0.024714146
375316653866487564,5949273318423399808,0.56529814,2346.140903488459,2.554130263964063,7.5316966E-6,18.144468,0.0072251153,0.25038013,0.0022018724,0.052429788,0.005052116,0.12328497,0.02337767,0.7621528,0.0067472537,0.034248322,0.011018829,0.12272827,0.020545617,0.0960887,0.01033658,0.25038013,0.0022018724,"TWOGAUSSIANS_WITH_ELLIPSOIDAL_ON_ECLIPSE1",9,3.897016,0.25038013,0.0022018724,0.29360682,0.028291848,0.31546086,0.016873088,0.7621528,0.0067472537,0.19179061,0.061705444,0.31385458,0.015878849
375316653866487564,5949273700670351360,0.5512591,2376.2389681806185,1.4749477674405986,2.2326738E-5,18.77849,0.0040877676,0.22541656,0.0026998501,0.035138566,0.003472502,0.47430968,0.03481519,0.7144152,0.0040645003,0.053431284,0.0036064421,0.21798292,0.013449079,null,null,null,null,"TWOGAUSSIANS",8,2.426238,0.22541656,0.0026998501,0.19677597,0.019446012,0.47430965,0.03481524,0.7144152,0.0040645003,0.2992152,0.020196076,0.21798287,0.013449081
375316653866487564,5949275006369085568,0.6019618,2440.6301389848604,1.0079984956024735,4.1424314E-6,9.693314,1.2572435,0.25548902,0.0032172946,0.29743436,0.13703524,1.2231389,1.2156962,0.7416055,0.0056784227,0.1475476,0.008693303,0.72825056,0.24297893,null,null,null,null,"TWOGAUSSIANS",8,49.79075,0.7416055,0.0056784227,0.4,0.0,0.26904753,0.008831183,0.258489,0.002730362,0.4,0.0,0.18079199,0.00846032
375316653866487564,5949275109448289280,0.5372405,2440.3129718037967,2.3241526727778408,1.307256E-5,16.42846,0.00827004,0.29469687,0.0034646352,0.030481175,0.0056726695,0.17759387,0.024936607,0.8006581,0.02362835,0.032049876,0.018230442,0.09453603,0.029238163,0.1233545,0.009020639,0.29469687,0.0034646352,"TWOGAUSSIANS_WITH_ELLIPSOIDAL_ON_ECLIPSE1",9,91.99563,0.29469687,0.0034646352,0.17069457,0.03176695,0.42430264,0.024495792,0.8006581,0.02362835,0.1794793,0.10209048,0.34089884,0.02777253
375316653866487564,5949276312014545792,0.47481048,2425.219710129675,1.9958541459677048,8.48366E-5,19.5526,0.017599188,0.22656758,0.010750566,0.057932068,0.010154461,0.38215393,0.020975176,0.7341846,0.016478233,0.0071239783,0.04675994,0.1996212,0.0472618,null,null,null,null,"TWOGAUSSIANS",8,6.9259076,0.22656758,0.010750566,0.3244196,0.05686498,0.38215393,0.020961378,0.7341846,0.016478233,0.03989428,0.26185566,0.1996212,0.0472939
375316653866487564,5949276342074967936,0.6346917,2450.089938713688,2.8231526370075253,3.9036318E-6,16.352648,0.005263684,0.26207834,7.3517364E-4,0.048210874,0.0022736413,0.24314472,0.010903593,0.7600583,0.0020319417,0.042512786,0.0034317728,0.15946352,0.014974447,0.114071116,0.007468704,0.26207834,7.3517364E-4,"TWOGAUSSIANS_WITH_ELLIPSOIDAL_ON_ECLIPSE1",9,13.213569,0.26207834,7.3517364E-4,0.26998088,0.012732391,0.47128654,0.0069595273,0.76039827,0.0016820531,0.2380716,0.019217927,0.38757485,0.012755951
375316653866487564,5949276754392809984,0.5476091,2446.204887808207,2.4026259284550715,1.3675918E-5,14.4782,0.013628892,0.19478442,0.0030477024,0.11146754,0.009264495,0.16370615,0.01283874,0.69426507,0.0025279264,0.1059517,0.0083852215,0.15868059,0.012712939,null,null,null,null,"TWOGAUSSIANS",8,51.402138,0.19478442,0.0030477024,0.4,0.0,0.14093079,0.0045845574,0.69426507,0.0025279264,0.4,0.0,0.1359146,0.0048886267
375316653866487564,5949277033568663296,0.5317645,2420.929226659874,0.06282827185705196,1.2150164E-4,18.758148,0.0030107987,0.19371386,0.051157948,0.0639806,0.037677974,0.020095201,0.032751955,0.5668162,2.8569597E-5,0.0029674808,5.5920133E-5,0.41945583,0.006021838,null,null,null,null,"TWOGAUSSIANS",8,1.4790907,0.5668162,2.8569597E-5,0.016617892,3.1315273E-4,0.41945583,0.0060218363,0.19371386,0.051157948,0.35829136,0.21099666,0.020095201,0.032751955
375316653866487564,5949277274083297920,0.65851694,2401.3698530282445,0.3731930300123546,1.7958593E-5,18.006037,0.0032150785,0.16790469,0.0017977571,0.03182362,0.003582882,0.14496908,0.010836428,0.6670257,0.003020325,0.030308574,0.0026465794,1.0941972,0.070338346,0.033275366,0.0058426736,0.16790469,0.0017977571,"TWOGAUSSIANS_WITH_ELLIPSOIDAL_ON_ECLIPSE1",9,2.3789935,0.6670257,0.0030015267,0.16972801,0.014820844,1.1607459,0.07099507,0.16790469,0.0017977571,0.17821227,0.02006414,0.21151981,0.013131006
375316653866487564,5949277308443043072,0.44010058,2492.7895279889917,4.563148860082148,3.3145738E-5,16.452671,0.010444208,0.14467922,0.012896933,0.019020945,0.017851759,2.605943,16.857132,0.7343443,0.0058175363,0.041123778,0.0035866406,0.36378986,0.028969137,null,null,null,null,"TWOGAUSSIANS",8,6.2803,0.14467922,0.012896933,0.106517285,0.09996985,2.605943,16.857132,0.7343443,0.0058175363,0.23029317,0.020085188,0.36378986,0.028969137
375316653866487564,5949277991342577408,0.5175353,2424.855605361026,2.9005243498919087,1.2456953E-5,18.417747,0.013179589,0.24070929,0.002016956,0.0766799,0.0056591476,0.27165985,0.015517877,0.73672986,0.0043147067,0.083317846,0.0063383644,0.38280976,0.03629471,null,null,null,null,"TWOGAUSSIANS",8,6.9051633,0.73672986,0.0043147067,0.4,0.0,0.37826702,0.03677987,0.24070929,0.002016956,0.4,0.0,0.2671171,0.015052846
375316653866487564,5949278025702153728,0.49413088,2439.6661859272567,2.7960931149683366,2.428464E-5,18.142473,0.00917416,0.26607248,0.0037646636,0.057565406,0.0075740633,0.25257167,0.020289099,0.7564931,0.004143052,0.07256779,0.004607346,0.49033716,0.018800285,null,null,null,null,"TWOGAUSSIANS",8,15.703659,0.7564931,0.004143052,0.4,0.004977288,0.4899976,0.018807486,0.26607248,0.0037646636,0.32236627,0.042414755,0.2522321,0.020479359
375316653866487564,5949278304903167872,0.6327139,2461.767788038019,2.8194213383378632,2.687078E-6,17.324112,0.008396483,0.1646209,8.966844E-4,0.04781803,0.0023431315,0.3766748,0.016627101,0.6672592,0.0029697127,0.051976793,0.0048192884,0.33810765,0.02267137,0.112128764,0.0105397,0.1646209,8.966844E-4,"TWOGAUSSIANS_WITH_ELLIPSOIDAL_ON_ECLIPSE1",9,10.012164,0.1646209,8.966844E-4,0.267781,0.013121536,0.6009291,0.007779413,0.6672592,0.0029697127,0.29107004,0.026988015,0.56230026,0.02456953
375316653866487564,5949278717230266240,0.5274229,2463.783281096823,2.903850179427171,1.2259275E-5,18.815416,0.008547686,0.24981458,0.0029999767,0.088567935,0.0038766935,0.32123357,0.013323741,0.7497262,0.00388027,0.08389739,0.0052545983,0.33104992,0.01288342,null,null,null,null,"TWOGAUSSIANS",8,3.1843154,0.7497262,0.00388027,0.4,0.0,0.32131636,0.01311949,0.24981458,0.0029999767,0.4,0.0,0.31149992,0.012843288
375316653866487564,5949279434451460736,0.6183416,2465.8609811225174,2.4082076731752786,5.837711E-6,17.704847,0.003820573,0.22607051,0.0013227605,0.08613922,0.0018046742,0.3288916,0.005567873,0.7268136,0.001793191,0.07689129,0.002812207,0.24309027,0.009283055,null,null,null,null,"TWOGAUSSIANS",8,1.9996912,0.22607051,0.0013227605,0.4,0.0,0.323802,0.005276924,0.7268136,0.001793191,0.4,0.0,0.23800068,0.0096148625
375316653866487564,5949279576185881728,0.55517566,2436.262458634339,3.264245274110422,1.6528424E-5,19.803299,0.011990975,0.269325,0.0037308065,0.041313864,0.005567971,0.68228567,0.049599554,0.7768411,0.021534992,0.035057597,0.014851341,0.48716632,0.096315324,0.13535734,0.018108573,0.269325,0.0037308065,"TWOGAUSSIANS_WITH_ELLIPSOIDAL_ON_ECLIPSE1",9,2.8021035,0.269325,0.0037308065,0.23135763,0.031180637,0.9529999,0.051978365,0.7768411,0.021534992,0.19632255,0.08316751,0.75727725,0.09607859
375316653866487564,5949279610545656960,0.4853372,2432.6613856336094,3.6903994515886693,2.1790545E-5,19.787357,0.01060323,0.25210986,0.0066443426,0.078164995,0.0068018106,0.2614266,0.019940112,0.75506586,0.008873544,0.083504684,0.014243789,0.26874986,0.020261109,null,null,null,null,"TWOGAUSSIANS",8,1.6477888,0.75506586,0.008873544,0.4,0.0,0.26455486,0.020945488,0.25210986,0.0066443426,0.4,0.0,0.25723162,0.018972449
