Gaia/vari_eclipsing_binary/VariEclipsingBinary_463404-463417.csv
# %ECSV 1.0
# ---
# delimiter: ','
# meta: !!omap
# - RELEASE: Gaia DR3
# - TABLE: vari_eclipsing_binary
# - DESCRIPTION: >
#     This table describes the properties of the eclipsing binaries resulting from the variability analysis. 
# - CITATION: >
#     How to cite and acknowledge Gaia: 
#     https://gea.esac.esa.int/archive/documentation/credits.html 
# - KNOWN_ISSUES: >
#     Known issues: 
#     https://www.cosmos.esa.int/web/gaia-users/known-issues 
# - DOCUMENTATION: >
#     Tutorials and documentation: 
#     https://www.cosmos.esa.int/web/gaia-users/archive 
# datatype:
# - 
#   name: solution_id
#   datatype: int64
#   description: Solution Identifier
#   meta:
#     ucd: meta.version
# - 
#   name: source_id
#   datatype: int64
#   description: Unique source identifier
#   meta:
#     ucd: meta.id;meta.main
# - 
#   name: global_ranking
#   datatype: float32
#   description: Number between 0 (worst) and 1 (best)
#   meta:
#     ucd: stat.param
# - 
#   name: reference_time
#   datatype: float64
#   unit: d
#   description: Reference time used for the geometric model fit
#   meta:
#     ucd: time.epoch
# - 
#   name: frequency
#   datatype: float64
#   unit: d**-1
#   description: Frequency of geometric model of the eclipsing binary light curve
#   meta:
#     ucd: src.orbital
# - 
#   name: frequency_error
#   datatype: float32
#   unit: d**-1
#   description: "Uncertainty of \\texttt{frequency}"
#   meta:
#     ucd: stat.error
# - 
#   name: geom_model_reference_level
#   datatype: float32
#   unit: mag
#   description: Magnitude reference level of geometric model
#   meta:
#     ucd: phot.mag;em.opt
# - 
#   name: geom_model_reference_level_error
#   datatype: float32
#   unit: mag
#   description: "Uncertainty of \\texttt{geomModelReferenceLevel}"
#   meta:
#     ucd: stat.error;phot.mag;em.opt
# - 
#   name: geom_model_gaussian1_phase
#   datatype: float32
#   description: Phase of the Gaussian 1 component
#   meta:
#     ucd: time.phase
# - 
#   name: geom_model_gaussian1_phase_error
#   datatype: float32
#   description: "Uncertainty of \\texttt{geomModelGaussian1Phase}"
#   meta:
#     ucd: stat.error;time.phase
# - 
#   name: geom_model_gaussian1_sigma
#   datatype: float32
#   description: "Standard deviation [phase] of Gaussian 1 component"
#   meta:
#     ucd: stat.stdev
# - 
#   name: geom_model_gaussian1_sigma_error
#   datatype: float32
#   description: "Uncertainty of \\texttt{geomModelGaussian1Sigma}"
#   meta:
#     ucd: stat.error
# - 
#   name: geom_model_gaussian1_depth
#   datatype: float32
#   unit: mag
#   description: Magnitude depth of Gaussian 1 component
#   meta:
#     ucd: src.var.amplitude
# - 
#   name: geom_model_gaussian1_depth_error
#   datatype: float32
#   unit: mag
#   description: "Uncertainty of \\texttt{geomModelGaussian1Depth}"
#   meta:
#     ucd: stat.error;src.var.amplitude
# - 
#   name: geom_model_gaussian2_phase
#   datatype: float32
#   description: Phase of Gaussian 2 component
#   meta:
#     ucd: time.phase
# - 
#   name: geom_model_gaussian2_phase_error
#   datatype: float32
#   description: "Uncertainty of \\texttt{geomModelGaussian2Phase}"
#   meta:
#     ucd: stat.error;time.phase
# - 
#   name: geom_model_gaussian2_sigma
#   datatype: float32
[...]
#   datatype: float32
#   description: "Secondary eclipse: uncertainty of \\texttt{derivedSecondaryEclDuration}"
#   meta:
#     ucd: stat.error;time.duration
# - 
#   name: derived_secondary_ecl_depth
#   datatype: float32
#   unit: mag
#   description: "Secondary eclipse: depth"
#   meta:
#     ucd: src.var.amplitude
# - 
#   name: derived_secondary_ecl_depth_error
#   datatype: float32
#   unit: mag
#   description: "Secondary eclipse: uncertainty of \\texttt{derivedSecondaryEclDepth}"
#   meta:
#     ucd: stat.error;src.var.amplitude
solution_id,source_id,global_ranking,reference_time,frequency,frequency_error,geom_model_reference_level,geom_model_reference_level_error,geom_model_gaussian1_phase,geom_model_gaussian1_phase_error,geom_model_gaussian1_sigma,geom_model_gaussian1_sigma_error,geom_model_gaussian1_depth,geom_model_gaussian1_depth_error,geom_model_gaussian2_phase,geom_model_gaussian2_phase_error,geom_model_gaussian2_sigma,geom_model_gaussian2_sigma_error,geom_model_gaussian2_depth,geom_model_gaussian2_depth_error,geom_model_cosine_half_period_amplitude,geom_model_cosine_half_period_amplitude_error,geom_model_cosine_half_period_phase,geom_model_cosine_half_period_phase_error,model_type,num_model_parameters,reduced_chi2,derived_primary_ecl_phase,derived_primary_ecl_phase_error,derived_primary_ecl_duration,derived_primary_ecl_duration_error,derived_primary_ecl_depth,derived_primary_ecl_depth_error,derived_secondary_ecl_phase,derived_secondary_ecl_phase_error,derived_secondary_ecl_duration,derived_secondary_ecl_duration_error,derived_secondary_ecl_depth,derived_secondary_ecl_depth_error
[from data line 757]
375316653866487564,4076265332247486592,0.449032,2292.69229221403,0.4558193990483968,9.594054E-5,18.925951,0.07417453,0.4781995,0.009904874,0.056860887,0.015814403,0.3436671,0.07071499,0.7991799,0.055937704,0.07145769,0.06908569,0.16794018,1.2348272,null,null,null,null,"TWOGAUSSIANS",8,10.882923,0.4781995,0.009892354,0.31842095,0.088560656,0.34367368,0.07092725,0.7991799,0.055937704,0.4,0.34729257,0.16793984,1.2348284
375316653866487564,4076265400967248384,0.5352155,2275.944349181652,2.683700960082171,1.3659403E-5,19.198353,0.026918067,0.29296017,0.01503025,0.08462245,0.013769065,0.3904567,0.0850251,0.8167529,0.012342891,0.07855656,0.017681893,0.31942418,0.035323117,null,null,null,null,"TWOGAUSSIANS",8,1.9185796,0.29296017,0.01503025,0.4,0.0,0.38635623,0.084420085,0.8167529,0.012342891,0.4,0.0,0.31532377,0.032678097
375316653866487564,4076265538454579456,0.5780645,2323.3021942244145,1.8279039069619774,1.28211395E-5,17.154007,0.009087362,0.30936533,0.0018949994,0.071421064,0.0053722803,0.44174033,0.022198707,0.8078793,0.003921488,0.07682833,0.0037769442,0.5402859,0.012725638,null,null,null,null,"TWOGAUSSIANS",8,9.719052,0.8078793,0.003921488,0.4,0.0,0.53707665,0.0122708995,0.30936533,0.0018949994,0.39995795,0.018696431,0.4385311,0.022925323
375316653866487564,4076265607174087552,0.47086334,2291.2997285335778,2.458094160728652,5.2352378E-5,17.78309,0.24066146,0.2167343,0.010563694,0.13880773,0.081550986,0.20603754,0.23408243,0.72014874,0.014773862,0.13268124,0.07272727,0.20429395,0.22670557,null,null,null,null,"TWOGAUSSIANS",8,4.34195,0.2166543,0.0104955565,0.4,0.0,0.13285491,0.014387434,0.7202687,0.014643529,0.4,0.0,0.13140249,0.0128206415
375316653866487564,4076266328689382656,0.48429206,2285.9575247943553,4.834805055666663,1.2369083E-4,17.968632,0.002642593,0.18773395,0.017111668,0.01551672,0.015136901,0.14261319,2.24845681E10,0.83203554,0.0141765615,0.023175053,0.0123497285,0.039413463,0.7679156,null,null,null,null,"TWOGAUSSIANS",8,2.5087876,0.18773395,0.017111668,0.08689363,0.08476665,0.14261319,2.24845681E10,0.83203554,0.0141765615,0.12978029,0.06915848,0.039413463,0.7679156
375316653866487564,4076266771043534976,0.4391041,2244.3548778677286,2.7986191270114342,3.8810926E-5,18.674532,0.0097082,0.20646533,0.009491857,0.0058581303,0.007331308,0.08944729,0.03942133,0.78867763,0.017504763,0.06922781,0.064034045,0.09196276,1.0448226E22,0.061224077,0.013197607,0.78867763,0.017504763,"TWOGAUSSIANS_WITH_ELLIPSOIDAL_ON_ECLIPSE2",9,11.2958355,0.78867763,0.017504763,0.3876757,0.34179646,0.21427737,1.0448226E22,0.20671533,0.010867869,0.03280553,0.041055325,0.18197738,0.025334807
375316653866487564,4076266977181570560,0.60492855,2250.589555994679,1.9661673285310985,6.3218836E-6,16.091135,0.023552557,0.27613845,0.0019697822,0.06011864,0.005222612,0.41567722,0.046827264,0.7824678,0.002985587,0.049161624,0.016660104,0.09325154,0.050396595,0.064065084,0.029171685,0.27613845,0.0019697822,"TWOGAUSSIANS_WITH_ELLIPSOIDAL_ON_ECLIPSE1",9,31.100105,0.27613845,0.0019697822,0.33666438,0.029246626,0.5437354,0.01671685,0.7824678,0.002985587,0.2753051,0.09329658,0.22110717,0.011288798
375316653866487564,4076267050241066496,0.5403895,2220.2979124503604,2.962753833308884,3.128131E-5,18.05537,0.018560706,0.21334243,0.00400143,0.07402925,0.0064846184,0.43826795,0.034636445,0.71773314,0.0030147873,0.06368785,0.0053808186,0.35103148,0.022223085,null,null,null,null,"TWOGAUSSIANS",8,12.437988,0.21334243,0.00400143,0.4,0.0026225809,0.43730372,0.03477765,0.71773314,0.0030147873,0.35665196,0.030132584,0.35006726,0.021826679
375316653866487564,4076267050283427968,0.43983516,2263.3679520794285,0.18444198650043186,1.8443998E-5,18.02498,0.0042169862,0.3486862,0.032425873,0.03711898,0.015569979,0.20801555,0.09839484,0.61421883,0.004449416,0.034930207,0.025970148,0.013901544,0.0049658464,0.038543753,0.006418122,0.61421883,0.004449416,"TWOGAUSSIANS_WITH_ELLIPSOIDAL_ON_ECLIPSE2",9,1.8082346,0.34803617,0.03356296,0.2078663,0.08719188,0.2087775,0.09793421,0.61421883,0.004449416,0.19560917,0.14543283,0.09098867,0.00963276
375316653866487564,4076267286412872448,0.62489206,2220.636037431896,2.439842981172868,2.9710096E-5,17.897432,0.007643305,0.2539705,0.005376697,0.0726639,0.005010782,0.52584547,0.022867959,0.7545054,0.006105918,0.0774708,0.0074663307,0.50759023,0.041343912,null,null,null,null,"TWOGAUSSIANS",8,4.9986286,0.2539705,0.005376697,0.4,0.012357118,0.5218633,0.022745335,0.7545054,0.006105918,0.4,0.0,0.5036081,0.043260444
375316653866487564,4076267531319739136,0.48142967,2237.0880372852143,4.015519928359815,1.62517E-5,18.444975,0.00600503,0.44109347,0.00220341,0.012091391,0.0015032734,0.7018271,0.29716533,0.7862907,0.024294445,0.05347048,0.020627415,0.028667968,0.006579643,null,null,null,null,"TWOGAUSSIANS",8,4.9183707,0.44109347,0.00220341,0.067711785,0.008418331,0.7018271,0.2971653,0.7862907,0.024294445,0.2994347,0.115513526,0.028667968,0.006579643
375316653866487564,4076267771795660288,0.4416613,2378.5396829839506,0.029574335374845738,3.3181415E-5,17.763807,0.030801492,0.17610082,0.022160325,0.100623734,0.01835735,0.30786464,0.052548084,0.6884082,0.012212226,0.06704247,0.01133177,0.7176146,0.57615864,null,null,null,null,"TWOGAUSSIANS",8,80.1201,0.6884082,0.012212226,0.37543786,0.060499378,0.70984185,0.5810784,0.17610082,0.022160325,0.4,0.0,0.30008873,0.047958236
375316653866487564,4076267771837939072,0.54220444,2289.250110465616,0.8316090541636638,6.0179173E-5,19.84991,0.010425718,0.3177805,0.057885025,0.03804893,0.024367906,0.05485011,0.04650756,0.7537075,0.005983547,0.037269227,0.0031090158,0.9830152,0.08655141,null,null,null,null,"TWOGAUSSIANS",8,1.3336155,0.7537075,0.005983547,0.20870766,0.017410489,0.9830152,0.08655141,0.3177805,0.057885025,0.21307401,0.13646027,0.05485011,0.04650756
