Gaia/vari_eclipsing_binary/VariEclipsingBinary_488079-488115.csv
# %ECSV 1.0
# ---
# delimiter: ','
# meta: !!omap
# - RELEASE: Gaia DR3
# - TABLE: vari_eclipsing_binary
# - DESCRIPTION: >
#     This table describes the properties of the eclipsing binaries resulting from the variability analysis. 
# - CITATION: >
#     How to cite and acknowledge Gaia: 
#     https://gea.esac.esa.int/archive/documentation/credits.html 
# - KNOWN_ISSUES: >
#     Known issues: 
#     https://www.cosmos.esa.int/web/gaia-users/known-issues 
# - DOCUMENTATION: >
#     Tutorials and documentation: 
#     https://www.cosmos.esa.int/web/gaia-users/archive 
# datatype:
# - 
#   name: solution_id
#   datatype: int64
#   description: Solution Identifier
#   meta:
#     ucd: meta.version
# - 
#   name: source_id
#   datatype: int64
#   description: Unique source identifier
#   meta:
#     ucd: meta.id;meta.main
# - 
#   name: global_ranking
#   datatype: float32
#   description: Number between 0 (worst) and 1 (best)
#   meta:
#     ucd: stat.param
# - 
#   name: reference_time
#   datatype: float64
#   unit: d
#   description: Reference time used for the geometric model fit
#   meta:
#     ucd: time.epoch
# - 
#   name: frequency
#   datatype: float64
#   unit: d**-1
#   description: Frequency of geometric model of the eclipsing binary light curve
#   meta:
#     ucd: src.orbital
# - 
#   name: frequency_error
#   datatype: float32
#   unit: d**-1
#   description: "Uncertainty of \\texttt{frequency}"
#   meta:
#     ucd: stat.error
# - 
#   name: geom_model_reference_level
#   datatype: float32
#   unit: mag
#   description: Magnitude reference level of geometric model
#   meta:
#     ucd: phot.mag;em.opt
# - 
#   name: geom_model_reference_level_error
#   datatype: float32
#   unit: mag
#   description: "Uncertainty of \\texttt{geomModelReferenceLevel}"
#   meta:
#     ucd: stat.error;phot.mag;em.opt
# - 
#   name: geom_model_gaussian1_phase
#   datatype: float32
#   description: Phase of the Gaussian 1 component
#   meta:
#     ucd: time.phase
# - 
#   name: geom_model_gaussian1_phase_error
#   datatype: float32
#   description: "Uncertainty of \\texttt{geomModelGaussian1Phase}"
#   meta:
#     ucd: stat.error;time.phase
# - 
#   name: geom_model_gaussian1_sigma
#   datatype: float32
#   description: "Standard deviation [phase] of Gaussian 1 component"
#   meta:
#     ucd: stat.stdev
# - 
#   name: geom_model_gaussian1_sigma_error
#   datatype: float32
#   description: "Uncertainty of \\texttt{geomModelGaussian1Sigma}"
#   meta:
#     ucd: stat.error
# - 
#   name: geom_model_gaussian1_depth
#   datatype: float32
#   unit: mag
#   description: Magnitude depth of Gaussian 1 component
#   meta:
#     ucd: src.var.amplitude
# - 
#   name: geom_model_gaussian1_depth_error
#   datatype: float32
#   unit: mag
#   description: "Uncertainty of \\texttt{geomModelGaussian1Depth}"
#   meta:
#     ucd: stat.error;src.var.amplitude
# - 
#   name: geom_model_gaussian2_phase
#   datatype: float32
#   description: Phase of Gaussian 2 component
#   meta:
#     ucd: time.phase
# - 
#   name: geom_model_gaussian2_phase_error
#   datatype: float32
#   description: "Uncertainty of \\texttt{geomModelGaussian2Phase}"
#   meta:
#     ucd: stat.error;time.phase
# - 
#   name: geom_model_gaussian2_sigma
#   datatype: float32
[...]
#   datatype: float32
#   description: "Secondary eclipse: uncertainty of \\texttt{derivedSecondaryEclDuration}"
#   meta:
#     ucd: stat.error;time.duration
# - 
#   name: derived_secondary_ecl_depth
#   datatype: float32
#   unit: mag
#   description: "Secondary eclipse: depth"
#   meta:
#     ucd: src.var.amplitude
# - 
#   name: derived_secondary_ecl_depth_error
#   datatype: float32
#   unit: mag
#   description: "Secondary eclipse: uncertainty of \\texttt{derivedSecondaryEclDepth}"
#   meta:
#     ucd: stat.error;src.var.amplitude
solution_id,source_id,global_ranking,reference_time,frequency,frequency_error,geom_model_reference_level,geom_model_reference_level_error,geom_model_gaussian1_phase,geom_model_gaussian1_phase_error,geom_model_gaussian1_sigma,geom_model_gaussian1_sigma_error,geom_model_gaussian1_depth,geom_model_gaussian1_depth_error,geom_model_gaussian2_phase,geom_model_gaussian2_phase_error,geom_model_gaussian2_sigma,geom_model_gaussian2_sigma_error,geom_model_gaussian2_depth,geom_model_gaussian2_depth_error,geom_model_cosine_half_period_amplitude,geom_model_cosine_half_period_amplitude_error,geom_model_cosine_half_period_phase,geom_model_cosine_half_period_phase_error,model_type,num_model_parameters,reduced_chi2,derived_primary_ecl_phase,derived_primary_ecl_phase_error,derived_primary_ecl_duration,derived_primary_ecl_duration_error,derived_primary_ecl_depth,derived_primary_ecl_depth_error,derived_secondary_ecl_phase,derived_secondary_ecl_phase_error,derived_secondary_ecl_duration,derived_secondary_ecl_duration_error,derived_secondary_ecl_depth,derived_secondary_ecl_depth_error
[from data line 113]
375316653866487564,4293236664704905728,0.6056394,2125.220348476023,2.623339641932285,8.906937E-6,18.50862,0.008125337,0.27069262,0.0028780866,0.08027762,0.0043496815,0.43563297,0.019368185,0.7755326,0.004721262,0.08285993,0.004957907,0.48599327,0.05403407,null,null,null,null,"TWOGAUSSIANS",8,2.0448208,0.7755326,0.004721262,0.4,0.0,0.4783237,0.05525141,0.27069262,0.0028780866,0.4,0.0,0.4279634,0.020833852
375316653866487564,4293238107810224768,0.4702178,2170.526827839007,0.3453379554149402,2.3271468E-5,17.94381,0.010187955,0.343636,0.0060479697,0.051003363,0.012224369,0.09274556,0.015269928,0.8403331,0.013368757,0.05345274,0.017789397,0.10182373,0.020901427,null,null,null,null,"TWOGAUSSIANS",8,4.3737555,0.8403331,0.013368757,0.29933536,0.099620625,0.10182197,0.020906143,0.343636,0.0060479697,0.28561884,0.06845646,0.092743784,0.015273386
375316653866487564,4293238520133147392,0.5596993,2212.6812802471304,2.632675417940215,2.1742611E-5,17.94021,0.0790545,0.2948712,0.0026613686,0.10019841,0.023816241,0.25010157,0.071933255,0.8163343,0.015619846,0.1123757,0.052479886,0.1483818,0.07871819,null,null,null,null,"TWOGAUSSIANS",8,4.0187116,0.2948512,0.0020882278,0.4,0.0,0.23160608,0.024190778,0.8163443,0.015663173,0.4,0.0,0.12986916,0.030553022
375316653866487564,4293238795005282176,0.5969812,2219.415177744151,2.1527447985564097,7.936542E-6,17.196363,0.063192025,0.22585568,0.0015608685,0.11094108,0.011093247,0.31617302,0.059967782,0.7257599,0.001372254,0.14045638,0.029864082,0.24523617,0.050534833,null,null,null,null,"TWOGAUSSIANS",8,2.5263898,0.22585568,0.0015737171,0.4,0.0,0.24243581,0.0033770343,0.7257599,0.001372254,0.4,0.0,0.17065486,0.012935246
375316653866487564,4293238833713493888,0.49532092,2213.8528755594825,1.4084542549780643,1.9039455E-4,17.743513,0.044068977,0.118273,0.036075957,0.076850355,0.031161673,0.10845879,0.048652343,0.4854869,0.07334183,0.07641437,0.03047642,0.692067,0.3429325,null,null,null,null,"TWOGAUSSIANS",8,6.418483,0.4854869,0.07334183,0.4,0.0,0.6919624,0.34292647,0.118292995,0.02856978,0.4,0.1285839,0.10835968,0.0470093
375316653866487564,4293239447859102592,0.56251466,2158.964870418435,2.4892870518881436,1.0076279E-5,18.462826,0.010737491,0.30789217,0.0041737324,0.08458703,0.007484608,0.35048157,0.02212422,0.81249076,0.0024100794,0.086857356,0.0045912825,0.35399285,0.015453081,null,null,null,null,"TWOGAUSSIANS",8,3.16624,0.81249076,0.0024100794,0.4,0.0,0.3447279,0.015034307,0.30789217,0.0041737324,0.4,0.0,0.34121665,0.024680562
375316653866487564,4293240654736392064,0.6130483,2169.6595575010865,2.556961553873355,5.8238093E-6,18.471306,0.017993739,0.232129,0.0032012379,0.04532716,0.003657628,0.5349248,0.05760823,0.7378739,0.0044812406,0.059509877,0.05877214,0.1805185,151273.02,0.14704742,0.023995634,0.7378739,0.0044812406,"TWOGAUSSIANS_WITH_ELLIPSOIDAL_ON_ECLIPSE2",9,4.406933,0.23259899,0.0027564608,0.2538321,0.020482717,0.8286412,0.050921284,0.7378739,0.0044812406,0.33325532,0.32264757,0.47458658,151273.03
375316653866487564,4293240822230153728,0.5341343,2106.1327039951475,1.6201848752262233,1.3244967E-4,18.731947,0.0089826025,0.7519478,0.016765138,0.02089576,0.021686656,0.9241323,2085770.6,null,null,null,null,null,null,0.08415674,0.010607455,0.7519478,0.016765138,"ONEGAUSSIAN_WITH_ELLIPSOIDAL",6,8.041472,0.7519478,0.016765138,0.117016256,0.121445276,1.0924457,2085770.6,null,null,null,null,null,null
375316653866487564,4293240895291248384,0.54489684,2171.6389032735415,2.4828157353952647,1.9694975E-5,17.744513,0.009400087,0.2556563,0.010378076,0.08543944,0.00958982,0.36241856,0.0220483,0.7555298,0.0053731785,0.08118365,0.008898888,0.38155586,0.04450553,null,null,null,null,"TWOGAUSSIANS",8,15.24581,0.7555298,0.0053731785,0.4,0.0,0.37334123,0.04718985,0.2556563,0.010378076,0.4,0.0,0.35420394,0.019926902
375316653866487564,4293241582485714304,0.65865284,2231.440095638462,1.9158981132638642,3.2926978E-6,19.042965,0.009298168,0.26121554,0.0044444525,0.0572411,0.038533185,0.19302386,57.0103,0.77506757,0.0029389055,0.04643116,0.0030946068,0.37954152,0.019096214,0.13515018,0.01006163,0.26121554,0.0044444525,"TWOGAUSSIANS_WITH_ELLIPSOIDAL_ON_ECLIPSE1",9,0.97194964,0.77506757,0.0029389055,0.2600145,0.017329797,0.6477849,0.005511203,0.26121554,0.0044444525,0.32055017,0.19911766,0.46330965,57.005043
375316653866487564,4293241926045128320,0.5597351,2190.159255932129,3.8452554517020654,1.1174795E-5,19.135056,0.010515542,0.2758182,0.0030541318,0.07074642,0.004868649,0.46152738,0.04270706,0.7769393,0.00195361,0.06669869,0.0028773705,0.5267323,0.018679459,null,null,null,null,"TWOGAUSSIANS",8,2.76508,0.7769393,0.00195361,0.3735127,0.016113276,0.5254553,0.018635899,0.2758182,0.0030541318,0.39617997,0.017330777,0.46025032,0.043147877
375316653866487564,4293242407081879552,0.53441846,2166.2134219316686,2.079412820434432,2.9224513E-5,18.12634,0.008169283,0.2576996,0.004101409,0.08736531,0.005932056,0.26537615,0.0111848265,0.7730936,0.0075968816,0.07889637,0.01396154,0.16388842,0.033334624,null,null,null,null,"TWOGAUSSIANS",8,5.374577,0.2576996,0.004101409,0.4,0.0,0.26192886,0.010782939,0.7730936,0.0075968816,0.4,0.024268387,0.1604412,0.035036102
375316653866487564,4293242544558489216,0.4686592,2157.741744865636,2.249308078638858,4.0043815E-5,17.015701,0.038627654,0.31392264,0.013470338,0.10292033,0.036077727,0.1322687,0.03150375,0.7994202,0.020582333,0.09735848,0.03784396,0.15376733,0.038351335,null,null,null,null,"TWOGAUSSIANS",8,13.613801,0.7994202,0.020582333,0.4,0.0,0.14328243,0.027115474,0.31392264,0.013454629,0.4,0.0,0.1217821,0.012493635
375316653866487564,4293242677655964416,0.5551188,2171.025644492864,0.5692652457503803,3.3831933E-5,18.056623,0.0024371312,0.21763344,4.7841793E-4,0.0059199478,4.2253066E-4,0.25151983,0.006750606,0.7236921,2.4653348E-4,0.02536248,0.0031097967,0.04346771,0.00561285,0.021408923,0.0044811806,0.21763344,4.7841793E-4,"TWOGAUSSIANS_WITH_ELLIPSOIDAL_ON_ECLIPSE1",9,3.0288246,0.21763344,4.7841793E-4,0.03315171,0.0023661717,0.29433763,0.0067905965,0.7236921,2.4653348E-4,0.14202988,0.01741486,0.08622349,0.0047528613
375316653866487564,4293242780751895936,0.61976254,2166.6490830998528,0.35485168659321903,1.1426763E-5,18.084148,0.0032540741,0.75816774,0.0023504512,0.022386102,0.0018654907,0.49575806,0.019666692,null,null,null,null,null,null,0.017165082,0.005337016,0.75816774,0.0023504512,"ONEGAUSSIAN_WITH_ELLIPSOIDAL",6,2.700834,0.75816774,0.0023504512,0.12536217,0.010446748,0.5300882,0.0183692,null,null,null,null,null,null
375316653866487564,4293242991197675392,0.51622283,2165.9305058220984,3.1180215237839253,1.7774935E-5,19.80983,0.023308534,0.26444325,0.009666053,0.07049321,0.009942496,0.38585556,0.06035011,0.7573801,0.007931019,0.07526132,0.010075329,0.44916916,0.045349456,null,null,null,null,"TWOGAUSSIANS",8,2.0673196,0.7573801,0.007931019,0.4,0.020725751,0.4472048,0.04532451,0.26444325,0.009666053,0.39476198,0.038641848,0.3838912,0.06015356
375316653866487564,4293243266074614656,0.49051118,2182.466941504777,2.7427323062179347,1.9312347E-5,19.414797,0.0072687296,null,null,null,null,null,null,null,null,null,null,null,null,0.13168284,0.013115882,0.21768077,0.0066090557,"ELLIPSOIDAL",4,3.997687,null,null,null,null,null,null,null,null,null,null,null,null
375316653866487564,4293243266079915136,0.56743115,2227.8346658963255,1.3963468349791255,1.2430902E-4,19.81822,0.008167507,0.38314393,0.040517367,0.05691635,0.05452535,0.044400953,0.09461005,0.8422875,0.008160748,0.036128398,0.004562203,0.6199946,0.02851009,null,null,null,null,"TWOGAUSSIANS",8,1.193493,0.8422875,0.008160748,0.20231903,0.025548337,0.6199946,0.028510002,0.38314393,0.040517367,0.31873158,0.263648,0.044400945,0.0946102
375316653866487564,4293243948969837312,0.48048934,2203.2556305856706,3.3315221643159947,3.8668604E-5,19.047014,0.034691643,0.19944924,0.0085661225,0.08104888,0.02167719,0.18872567,0.03364444,0.67346525,0.009842967,0.10260855,0.024779253,0.18597645,0.0349662,null,null,null,null,"TWOGAUSSIANS",8,2.425422,0.19945924,0.008585986,0.4,0.0,0.18258192,0.028564181,0.67346525,0.009842967,0.4,0.0,0.17982802,0.021450447
375316653866487564,4293244331227025664,0.5402493,2215.0802237223206,1.3715521816872176,5.9651466E-6,18.943985,0.014035373,0.26388097,0.012117547,0.079465285,0.017751474,0.12243625,0.016381351,0.7716688,0.005908258,0.06674492,0.006216827,0.3136236,0.016361304,null,null,null,null,"TWOGAUSSIANS",8,2.7349393,0.7716688,0.005908258,0.37377158,0.03481423,0.3127351,0.015688758,0.26388097,0.012117547,0.4,0.039931476,0.121547766,0.016353065
375316653866487564,4293244533085429888,0.5725711,2149.0723174070076,0.44126477799522495,8.42174E-6,18.581732,0.007934628,0.28684017,0.0064059366,0.031748667,0.0039458233,1.1615763,0.40898183,0.7687314,0.0067654396,0.031428657,0.006681605,0.10342046,0.018257646,null,null,null,null,"TWOGAUSSIANS",8,7.1950755,0.28684017,0.0064059366,0.17779253,0.022096612,1.1615763,0.40898183,0.7687314,0.0067654396,0.17600048,0.037416987,0.10342046,0.018257646
375316653866487564,4293245220277228800,0.54007596,2168.4514262662256,0.9869744249096646,1.3859689E-5,18.46485,0.0056681917,0.37622038,0.0084832795,0.037807085,0.004573911,0.38516888,0.04003745,0.8893434,0.017392255,0.043765765,0.017529637,0.15125325,0.09119306,null,null,null,null,"TWOGAUSSIANS",8,4.510188,0.37622038,0.0084832795,0.21171968,0.025613902,0.38516888,0.040037446,0.8893434,0.017392255,0.24508828,0.09816597,0.15125325,0.091193065
375316653866487564,4293245357721531008,0.4707642,2203.199794172775,1.3383753778104288,2.596504E-5,19.338928,0.23044825,0.19084331,0.009631004,0.09871685,0.024825983,0.21342552,0.1527636,0.6664525,0.04011431,0.106257476,0.15039115,0.14810479,0.22502959,null,null,null,null,"TWOGAUSSIANS",8,4.0944867,0.19085331,0.009424121,0.4,0.0,0.20010954,0.025368474,0.6664525,0.04011431,0.4,0.110175945,0.13478354,0.033183068
375316653866487564,4293245396379594752,0.5134521,2181.4377484562615,2.8295098543672106,3.3876593E-5,18.963707,0.08293914,0.29119503,0.008803312,0.087311186,0.018492578,0.5432359,0.07845386,0.78551376,0.0053284597,0.105788745,0.027776625,0.4487493,0.048414696,null,null,null,null,"TWOGAUSSIANS",8,6.0287375,0.29119503,0.008813739,0.4,0.0,0.5117661,0.05102148,0.78551376,0.0053284597,0.4,0.0,0.41726655,0.04802043
375316653866487564,4293246010550704768,0.4735599,2148.225107263118,2.486187623936929,4.192944E-5,18.304504,0.29974034,0.27420747,0.0072476133,0.14442684,0.081643365,0.20119302,0.29456362,0.7615399,0.011327556,0.122901544,0.044367798,0.2142508,0.25281683,null,null,null,null,"TWOGAUSSIANS",8,4.507864,0.7615399,0.011327556,0.4,0.0,0.14980811,0.021130178,0.27435747,0.006765212,0.4,0.0,0.1358212,0.010796582
375316653866487564,4293246010550736256,0.5346931,2164.0058424033896,1.9951375769857513,1.5658188E-5,18.699253,0.008599446,0.19177015,0.0036696019,0.057352368,0.007951842,0.16723736,0.013954129,0.6820731,0.0226835,0.09193155,0.016522942,0.21883915,0.016071666,null,null,null,null,"TWOGAUSSIANS",8,1.575544,0.6820731,0.0226835,0.4,0.0,0.21770929,0.014424548,0.19177015,0.0036676289,0.32117325,0.044530313,0.16610768,0.013791611
375316653866487564,4293246221013573504,0.4705225,2131.7746293621453,0.14634825922632996,2.0817137E-5,18.942127,0.019959956,0.28003776,0.0024332495,0.008339477,0.0023850312,0.053856295,0.022047179,0.7933323,0.17838845,0.048508316,0.09072838,0.32999653,0.2724652,null,null,null,null,"TWOGAUSSIANS",8,5.9388022,0.7933323,0.17838845,0.27164656,0.13210204,0.32999653,0.27267012,0.28003776,0.002430418,0.04670107,0.013356174,0.053856295,0.024239033
375316653866487564,4293246289770043392,0.5124226,2160.8348062144073,1.7937437952272068,3.3736098E-5,17.828724,0.018472305,0.20006248,0.011919384,0.108639054,0.027159708,0.09824575,0.017692244,0.7002062,0.0050437865,0.09582535,0.014352668,0.1446236,0.016566534,null,null,null,null,"TWOGAUSSIANS",8,3.0805879,0.7002062,0.00505002,0.4,0.0,0.13290432,0.008027181,0.20006248,0.011919384,0.4,0.0,0.08652188,0.013510685
375316653866487564,4293246427208995968,0.51781076,2170.1696496498266,2.4022405698905716,1.454407E-5,18.331871,0.03226346,0.22237001,0.0042468524,0.1057309,0.012270413,0.28016374,0.025085615,0.715381,0.0035245337,0.11889052,0.01413686,0.26401362,0.028666204,null,null,null,null,"TWOGAUSSIANS",8,3.448564,0.22240001,0.0042366544,0.4,0.0,0.23783842,0.01659824,0.715381,0.0035245337,0.4,0.0,0.22161803,0.011449478
375316653866487564,4293246805129892992,0.5580218,2174.661772205438,2.6698377321229643,1.1798761E-5,19.340664,0.13131085,0.24516483,0.0020556303,0.105849035,0.019236013,0.56827796,0.12260495,0.7541484,0.011919326,0.11894946,0.030609611,0.5846577,0.11045615,null,null,null,null,"TWOGAUSSIANS",8,2.302058,0.7541584,0.011935391,0.4,0.0,0.49594402,0.034973916,0.24512482,0.0020267486,0.4,0.0,0.47972518,0.026227662
375316653866487564,4293246869544345856,0.5740493,2205.938480284777,0.8041646715501395,1.0772557E-4,16.704136,0.0046816366,0.47823673,0.018649632,0.031208964,0.007993869,0.50224584,0.20624864,0.9032135,0.050533444,0.01574698,0.039812114,0.1408437,0.18046789,0.005545268,0.009323858,0.9032135,0.050533444,"TWOGAUSSIANS_WITH_ELLIPSOIDAL_ON_ECLIPSE2",9,15.259263,0.47812673,0.018537696,0.1747702,0.044765666,0.5110523,0.20534365,0.9032135,0.050533444,0.0881831,0.22294784,0.15193424,0.1773637
375316653866487564,4293247247501718400,0.61993665,2159.4752663713243,2.3744325013876533,4.5192187E-6,16.501493,0.004541675,0.25352544,0.0024520725,0.08209161,0.0033274496,0.19918898,0.008168809,0.7432003,0.0015081054,0.072552785,0.0019391661,0.49988103,0.013673196,null,null,null,null,"TWOGAUSSIANS",8,8.361817,0.7432003,0.0015081054,0.4,0.0,0.497273,0.013870437,0.25352544,0.0024520725,0.4,0.0,0.19658096,0.008187993
375316653866487564,4293247870281079552,0.45781565,2182.117981952262,2.2890471812888795,5.005444E-5,19.597149,0.12300563,0.20900622,0.015103785,0.13402466,0.047125913,0.44823638,0.100480236,0.7555908,0.018424062,0.10252621,0.019643733,0.44362432,0.118563116,null,null,null,null,"TWOGAUSSIANS",8,6.925954,0.20896623,0.015065617,0.4,0.0,0.3870881,0.06119634,0.7564108,0.017327119,0.4,0.0,0.38404024,0.03119014
375316653866487564,4293248213878272768,0.46873719,2208.4174156374834,0.414759643961813,3.440945E-5,19.312725,0.014660964,0.6974395,0.076273136,0.094964646,0.05509481,0.24560043,0.18814535,0.4055041,0.07262999,0.06262262,0.026815366,0.16341844,0.13123655,null,null,null,null,"TWOGAUSSIANS",8,3.8449407,0.6974295,0.07559099,0.4,0.09938537,0.24558665,0.18829682,0.4072841,0.07073996,0.35068667,0.080883965,0.16564256,0.1290781
375316653866487564,4293248278294020224,0.55722016,2147.6781166130277,2.5642316454300116,1.9375071E-5,18.408234,0.008949239,0.19229454,0.005130309,0.08597361,0.006504081,0.28672904,0.023122834,0.69918346,0.0061903656,0.07853767,0.004801293,0.40852955,0.018165141,null,null,null,null,"TWOGAUSSIANS",8,4.25458,0.69918346,0.0061903656,0.4,0.0,0.402659,0.016764326,0.19229454,0.005130309,0.4,0.0,0.28085843,0.023976872
375316653866487564,4293248282597990784,0.51002073,2179.2439515137016,3.4226141552269462,2.4540586E-5,19.178009,0.03860589,0.23793225,0.01594923,0.062974125,0.021009723,0.5366634,0.061773118,0.7629115,0.015397053,0.06973015,0.013938831,0.8162247,0.109109,null,null,null,null,"TWOGAUSSIANS",8,14.804364,0.7629115,0.015397053,0.39048883,0.05099334,0.8156912,0.107327335,0.23793225,0.01594923,0.35265508,0.10336704,0.5361299,0.06007368
375316653866487564,4293248454439976576,0.5579741,2188.638772904974,2.5934683420921636,1.8552622E-5,19.339521,0.03508139,0.30212894,0.005562458,0.093275644,0.011796196,0.30429918,0.032032523,0.7957979,0.0054425155,0.09138598,0.012770238,0.33549345,0.03314776,null,null,null,null,"TWOGAUSSIANS",8,2.23586,0.7957979,0.0054425155,0.4,0.0,0.32061297,0.020607442,0.30212894,0.005562458,0.4,0.0,0.28941855,0.02036102
