Gaia/vari_eclipsing_binary/VariEclipsingBinary_691588-691712.csv
# %ECSV 1.0
# ---
# delimiter: ','
# meta: !!omap
# - RELEASE: Gaia DR3
# - TABLE: vari_eclipsing_binary
# - DESCRIPTION: >
#     This table describes the properties of the eclipsing binaries resulting from the variability analysis. 
# - CITATION: >
#     How to cite and acknowledge Gaia: 
#     https://gea.esac.esa.int/archive/documentation/credits.html 
# - KNOWN_ISSUES: >
#     Known issues: 
#     https://www.cosmos.esa.int/web/gaia-users/known-issues 
# - DOCUMENTATION: >
#     Tutorials and documentation: 
#     https://www.cosmos.esa.int/web/gaia-users/archive 
# datatype:
# - 
#   name: solution_id
#   datatype: int64
#   description: Solution Identifier
#   meta:
#     ucd: meta.version
# - 
#   name: source_id
#   datatype: int64
#   description: Unique source identifier
#   meta:
#     ucd: meta.id;meta.main
# - 
#   name: global_ranking
#   datatype: float32
#   description: Number between 0 (worst) and 1 (best)
#   meta:
#     ucd: stat.param
# - 
#   name: reference_time
#   datatype: float64
#   unit: d
#   description: Reference time used for the geometric model fit
#   meta:
#     ucd: time.epoch
# - 
#   name: frequency
#   datatype: float64
#   unit: d**-1
#   description: Frequency of geometric model of the eclipsing binary light curve
#   meta:
#     ucd: src.orbital
# - 
#   name: frequency_error
#   datatype: float32
#   unit: d**-1
#   description: "Uncertainty of \\texttt{frequency}"
#   meta:
#     ucd: stat.error
# - 
#   name: geom_model_reference_level
#   datatype: float32
#   unit: mag
#   description: Magnitude reference level of geometric model
#   meta:
#     ucd: phot.mag;em.opt
# - 
#   name: geom_model_reference_level_error
#   datatype: float32
#   unit: mag
#   description: "Uncertainty of \\texttt{geomModelReferenceLevel}"
#   meta:
#     ucd: stat.error;phot.mag;em.opt
# - 
#   name: geom_model_gaussian1_phase
#   datatype: float32
#   description: Phase of the Gaussian 1 component
#   meta:
#     ucd: time.phase
# - 
#   name: geom_model_gaussian1_phase_error
#   datatype: float32
#   description: "Uncertainty of \\texttt{geomModelGaussian1Phase}"
#   meta:
#     ucd: stat.error;time.phase
# - 
#   name: geom_model_gaussian1_sigma
#   datatype: float32
#   description: "Standard deviation [phase] of Gaussian 1 component"
#   meta:
#     ucd: stat.stdev
# - 
#   name: geom_model_gaussian1_sigma_error
#   datatype: float32
#   description: "Uncertainty of \\texttt{geomModelGaussian1Sigma}"
#   meta:
#     ucd: stat.error
# - 
#   name: geom_model_gaussian1_depth
#   datatype: float32
#   unit: mag
#   description: Magnitude depth of Gaussian 1 component
#   meta:
#     ucd: src.var.amplitude
# - 
#   name: geom_model_gaussian1_depth_error
#   datatype: float32
#   unit: mag
#   description: "Uncertainty of \\texttt{geomModelGaussian1Depth}"
#   meta:
#     ucd: stat.error;src.var.amplitude
# - 
#   name: geom_model_gaussian2_phase
#   datatype: float32
#   description: Phase of Gaussian 2 component
#   meta:
#     ucd: time.phase
# - 
#   name: geom_model_gaussian2_phase_error
#   datatype: float32
#   description: "Uncertainty of \\texttt{geomModelGaussian2Phase}"
#   meta:
#     ucd: stat.error;time.phase
# - 
#   name: geom_model_gaussian2_sigma
#   datatype: float32
[...]
#   datatype: float32
#   description: "Secondary eclipse: uncertainty of \\texttt{derivedSecondaryEclDuration}"
#   meta:
#     ucd: stat.error;time.duration
# - 
#   name: derived_secondary_ecl_depth
#   datatype: float32
#   unit: mag
#   description: "Secondary eclipse: depth"
#   meta:
#     ucd: src.var.amplitude
# - 
#   name: derived_secondary_ecl_depth_error
#   datatype: float32
#   unit: mag
#   description: "Secondary eclipse: uncertainty of \\texttt{derivedSecondaryEclDepth}"
#   meta:
#     ucd: stat.error;src.var.amplitude
solution_id,source_id,global_ranking,reference_time,frequency,frequency_error,geom_model_reference_level,geom_model_reference_level_error,geom_model_gaussian1_phase,geom_model_gaussian1_phase_error,geom_model_gaussian1_sigma,geom_model_gaussian1_sigma_error,geom_model_gaussian1_depth,geom_model_gaussian1_depth_error,geom_model_gaussian2_phase,geom_model_gaussian2_phase_error,geom_model_gaussian2_sigma,geom_model_gaussian2_sigma_error,geom_model_gaussian2_depth,geom_model_gaussian2_depth_error,geom_model_cosine_half_period_amplitude,geom_model_cosine_half_period_amplitude_error,geom_model_cosine_half_period_phase,geom_model_cosine_half_period_phase_error,model_type,num_model_parameters,reduced_chi2,derived_primary_ecl_phase,derived_primary_ecl_phase_error,derived_primary_ecl_duration,derived_primary_ecl_duration_error,derived_primary_ecl_depth,derived_primary_ecl_depth_error,derived_secondary_ecl_phase,derived_secondary_ecl_phase_error,derived_secondary_ecl_duration,derived_secondary_ecl_duration_error,derived_secondary_ecl_depth,derived_secondary_ecl_depth_error
[from data line 298]
375316653866487564,6083709063276353408,0.47959813,2353.061200207344,4.5416539849608,5.3759406E-5,18.765957,0.007965137,0.31155035,0.0022987202,0.016820755,0.0042475774,0.3866082,1.018609,0.6859595,0.0451043,0.050046295,0.03355264,0.16004425,0.0608872,null,null,null,null,"TWOGAUSSIANS",8,2.421697,0.31155035,0.0022987202,0.09419623,0.023786433,0.3866082,1.018609,0.6859595,0.0451043,0.28025925,0.17059214,0.16004425,0.0608872
375316653866487564,6083709166355385472,0.48204005,2305.0535927230217,1.1503076481422299,7.349994E-5,17.218983,0.0034457906,0.34369838,0.03852285,0.09821918,0.060414374,0.022314863,0.0061304304,0.73501885,0.006605402,0.047879927,0.008670185,0.071532406,0.01727378,null,null,null,null,"TWOGAUSSIANS",8,2.124416,0.73501885,0.006605402,0.2681276,0.048553035,0.07153014,0.017276637,0.34369838,0.03852285,0.4,0.13258223,0.022304628,0.0061234557
375316653866487564,6083709166355440512,0.44752944,2342.7910693532554,3.7203649794047076,8.235045E-5,18.002773,0.07173392,0.2347989,0.037318464,0.11009266,0.1418669,0.13403955,0.36572367,0.7207387,0.012967253,0.07238861,0.024826773,0.17452472,0.079631984,null,null,null,null,"TWOGAUSSIANS",8,3.7539523,0.7207387,0.012934033,0.4,0.085719466,0.16906802,0.060355894,0.2347989,0.037318464,0.4,0.177231,0.12857251,0.3841321
375316653866487564,6083709235075593728,0.45598322,2333.5691790054875,0.9149827015248992,1.896087E-5,18.066347,0.012818118,0.29452673,0.03250938,0.06453108,0.042643648,0.11120053,0.045195587,0.781681,0.0059473827,0.045710795,0.017539702,0.08239537,0.023365354,null,null,null,null,"TWOGAUSSIANS",8,3.7413197,0.29452673,0.03250938,0.36137402,0.06950578,0.11119665,0.045433156,0.781681,0.0059473827,0.25598046,0.09822233,0.0823915,0.023357213
375316653866487564,6083711399738198528,0.4842976,2264.6551698861535,0.9236883173629984,1.1438209E-4,19.489536,0.008168655,0.19481972,0.028539501,0.04163889,0.021278324,0.10011545,0.12666884,0.7256821,0.011847555,0.034352034,0.013050165,0.67654634,0.42209813,null,null,null,null,"TWOGAUSSIANS",8,1.2253655,0.7256821,0.011847555,0.19237138,0.07308093,0.67654634,0.42209816,0.19481972,0.028539501,0.23317777,0.11915861,0.10011545,0.12666884
375316653866487564,6083711773384325120,0.4582601,2252.0964460866994,1.215493754575856,4.330216E-5,17.598774,0.0041346527,0.29054183,0.009432925,0.058914933,0.015690805,0.066822834,0.011234294,0.7929174,0.012708021,0.072991475,0.023772873,0.03958182,0.0076069077,null,null,null,null,"TWOGAUSSIANS",8,3.125345,0.29054183,0.009432925,0.32992363,0.08786851,0.06675274,0.011319264,0.7929174,0.012708021,0.4,0.053657655,0.03951172,0.0077208867
375316653866487564,6083712842850624256,0.4687725,2244.0685282901154,4.590468682440278,4.97195E-5,17.285759,0.0069613885,0.6361822,0.006990675,0.04316845,0.0069464296,0.08232571,0.011053377,0.8869471,0.07204768,0.09423666,0.053733468,0.026963795,0.008815496,null,null,null,null,"TWOGAUSSIANS",8,4.171598,0.63669217,0.005649147,0.24174333,0.038900007,0.08311318,0.00875349,0.8869471,0.07204768,0.4,0.030935267,0.026963754,0.008774721
375316653866487564,6083712877227765248,0.421475,2222.285728584788,0.77826627474087,8.393383E-5,17.399963,0.018993225,0.20332554,0.0105412835,0.042066243,0.013052704,0.0920014,0.020172698,0.7081828,0.03215908,0.06920209,0.04225291,0.11153891,0.11785353,null,null,null,null,"TWOGAUSSIANS",8,13.029506,0.7081828,0.03215908,0.38753167,0.20027854,0.1115321,0.117878206,0.20332554,0.0105412835,0.23557095,0.07309514,0.09199459,0.020135071
375316653866487564,6083712980289881216,0.4536508,2309.0204857317153,4.5171228154563465,1.3172503E-4,17.821905,0.023993324,0.47889695,0.01651127,0.18361765,0.045535613,0.12079539,0.022697806,0.8769598,0.04684702,0.07248952,0.040786028,0.043816052,0.014937119,null,null,null,null,"TWOGAUSSIANS",8,3.5954626,0.47889695,0.01651127,0.4,0.0,0.109406866,0.017881034,0.8769598,0.04684702,0.4,0.21319385,0.044509374,0.015696267
375316653866487564,6083713049009340672,0.4522554,2284.8292434513746,4.876188535260157,8.5447915E-5,18.225069,0.17821564,0.77636945,0.08176314,0.052853443,0.024463741,0.22597821,0.18306945,0.37578762,0.028038684,0.22581498,0.14262038,0.20326169,0.1558157,null,null,null,null,"TWOGAUSSIANS",8,8.455939,0.77303946,0.08393159,0.2959793,0.13699695,0.23234631,0.16707166,0.37578762,0.028038684,0.4,0.0,0.16107814,0.039935526
375316653866487564,6083713186448627328,0.47474903,2290.3136092528803,0.5986500286519028,1.19625234E-4,17.584402,0.020092117,0.05232075,0.01352061,0.054741498,0.023692243,0.059019838,0.017501041,0.45627412,0.044109974,0.1600973,0.062676795,0.11946649,0.031343017,null,null,null,null,"TWOGAUSSIANS",8,2.7335064,0.45627412,0.044109974,0.4,0.0,0.11547398,0.033948876,0.056390747,0.010378164,0.30655238,0.13267656,0.06024918,0.016288377
375316653866487564,6083713186448633856,0.45798504,2254.9932018736413,1.923812163426622,5.0523504E-5,17.260406,0.007107656,0.24405445,0.013813284,0.09119162,0.018574486,0.07733119,0.008860329,0.72820383,0.0152670685,0.06859722,0.026586145,0.042011183,0.026514204,null,null,null,null,"TWOGAUSSIANS",8,3.640407,0.24405445,0.013813284,0.4,0.0,0.07668914,0.008346917,0.72820383,0.0152670685,0.38414443,0.109677486,0.04136919,0.026927873
375316653866487564,6083713220810834176,0.48880106,2261.9861735935633,3.015391404068732,3.2598622E-5,18.4053,0.09195381,0.2870398,0.007385062,0.12272123,0.028004913,0.19365732,0.07829029,0.75702775,0.02140819,0.14830956,0.059618764,0.21779001,0.08210875,null,null,null,null,"TWOGAUSSIANS",8,1.5219007,0.75702775,0.02140819,0.4,0.0,0.15718281,0.015961,0.2888498,0.0039934996,0.4,0.0,0.13472997,0.015390314
375316653866487564,6083713255168352000,0.4535458,2290.461656331956,4.646954155091298,7.068937E-5,17.603598,0.0051317094,0.7720619,0.008183798,0.025058942,0.017538754,0.056912843,0.04068086,null,null,null,null,null,null,0.02408785,0.013907996,0.7720619,0.008183798,"ONEGAUSSIAN_WITH_ELLIPSOIDAL",6,5.743153,0.7720619,0.008183798,0.14033008,0.098217025,0.10508854,0.04307937,null,null,null,null,null,null
375316653866487564,6083713908003223168,0.45554888,2229.420214005184,2.438036163191257,4.4180484E-5,18.926373,0.005789334,0.27378428,0.015556258,0.09106836,0.018591588,0.08617394,0.034133665,0.8330253,0.011992232,0.07380063,0.0148871485,0.12395296,0.022227326,null,null,null,null,"TWOGAUSSIANS",8,2.190828,0.8330253,0.011992232,0.4,0.029500792,0.12331598,0.022763273,0.27378428,0.015556258,0.4,0.0,0.08553626,0.034375228
375316653866487564,6083713976722911232,0.44364876,2262.65541476665,1.1804302798314608,2.6172982E-5,18.105062,0.0064910348,0.18284981,0.0099283885,0.047614552,0.043778796,0.058887098,null,null,null,null,null,null,null,0.056591015,0.012693869,0.18284981,0.0099283885,"ONEGAUSSIAN_WITH_ELLIPSOIDAL",6,6.414965,0.18284981,0.0099283885,0.2666415,0.24516125,0.17206904,null,null,null,null,null,null,null
375316653866487564,6083714144204038656,0.47150373,2277.267805554924,4.130567773102745,3.6285687E-6,18.111446,0.0049401917,0.46805695,0.025587332,0.021369668,0.013261342,0.040029265,0.024846569,0.7406543,0.0019060434,0.016320156,0.0019805627,0.43193948,0.07792858,null,null,null,null,"TWOGAUSSIANS",8,6.566149,0.7406543,0.0019060434,0.091392875,0.011091151,0.43193948,0.07792858,0.46805695,0.025587332,0.11967014,0.07426352,0.040029265,0.024846569
375316653866487564,6083714320320776704,0.53054446,2293.666291980938,0.09695860888659279,5.126601E-5,18.974136,0.16207546,0.30907652,0.007888405,0.08576535,0.033703458,0.3630834,0.13771485,0.8029589,0.01418931,0.06487776,0.058042623,0.5091676,0.13894255,null,null,null,null,"TWOGAUSSIANS",8,2.4963186,0.8029589,0.01418931,0.36331546,0.063788086,0.50623614,0.1496992,0.30907652,0.007869832,0.4,0.0,0.3601519,0.033177402
375316653866487564,6083714389052343168,0.488048,2315.1195756231937,1.713498054043613,6.482108E-5,17.075861,0.028234499,0.53747326,0.01187577,0.17743768,0.041039962,0.15487525,0.023894507,0.94621557,0.021623194,0.059543416,0.02615252,0.039285507,0.020381266,null,null,null,null,"TWOGAUSSIANS",8,2.1542916,0.53747326,0.01187577,0.4,0.0,0.14512151,0.017904045,0.94621557,0.021623194,0.33344314,0.14645411,0.0410394,0.01984165
375316653866487564,6083714560841455744,0.5004023,2257.304069082309,0.9877003106060256,2.9172357E-5,17.832417,0.004821241,0.17482124,0.012679185,0.05768248,0.017003834,0.060939774,0.022062678,0.46432894,0.014602972,0.054655932,0.010286659,0.16779907,0.028317245,null,null,null,null,"TWOGAUSSIANS",8,1.0224613,0.46432894,0.014602972,0.30607322,0.057605293,0.16779928,0.028318306,0.17482124,0.012678695,0.3230219,0.095221475,0.06093991,0.02206287
375316653866487564,6083714595201033088,0.47744626,2324.790757536686,2.6512720503877785,1.17755815E-4,17.25177,0.0544991,0.1184787,0.024240268,0.053514212,0.033708274,0.06130677,0.021008011,0.48368382,0.020988017,0.18024182,0.062134866,0.17956932,0.04980707,null,null,null,null,"TWOGAUSSIANS",8,5.8962913,0.48368382,0.020988017,0.4,0.0,0.1707038,0.043799933,0.1322187,0.015569049,0.2996796,0.18876633,0.07755688,0.029398948
375316653866487564,6083714629560978944,0.4588311,2300.37112306162,1.046663136854602,5.653428E-5,17.92587,0.029123588,0.2930801,0.02498196,0.10300325,0.06699094,0.11449263,0.020125978,0.7947343,0.018323971,0.07417077,0.017704876,0.17181277,0.030972585,null,null,null,null,"TWOGAUSSIANS",8,2.981416,0.7947343,0.01832461,0.4,0.01600419,0.1669947,0.017124975,0.2930801,0.02498196,0.4,0.0674155,0.10967281,0.02652283
375316653866487564,6083714663917669760,0.45924845,2272.6145469003063,0.531365552395997,4.7122783E-5,17.897842,0.0136909075,0.19894958,0.059690926,0.07941424,0.055436715,0.061088074,0.023645991,0.69015527,0.003251319,0.06886521,0.017293075,0.116330855,0.022509836,null,null,null,null,"TWOGAUSSIANS",8,2.792559,0.69015527,0.003251319,0.38564515,0.062038712,0.11587789,0.02323202,0.19894958,0.059690926,0.4,0.2239559,0.060635105,0.024038255
375316653866487564,6083714693964032896,0.4431068,2269.7197044056848,1.1625621704379,4.9713777E-5,17.475107,0.04805665,0.2726364,0.027813911,0.20062257,0.04486654,0.28214806,0.06490826,0.6832962,0.00906952,0.05068256,0.01681789,0.21064377,0.24343832,null,null,null,null,"TWOGAUSSIANS",8,10.251995,0.2726364,0.027813911,0.4,0.0,0.24826647,0.058133036,0.6832962,0.00906952,0.28382233,0.09418019,0.21525829,0.24328893
375316653866487564,6083714766999579776,0.5381128,2292.846618883013,1.1984534842401149,3.8520255E-5,16.558445,0.0077715563,0.18789236,0.006922413,0.022098502,0.0033760162,0.26683238,0.04679908,0.68606216,0.003907538,0.027073646,0.008517673,0.1813418,0.07972423,null,null,null,null,"TWOGAUSSIANS",8,32.549835,0.18789236,0.006922413,0.12375162,0.01890569,0.26683238,0.04679908,0.68606216,0.003907538,0.15161242,0.04769897,0.1813418,0.07972423
375316653866487564,6083714801359366400,0.44887412,2260.693458233259,2.2873840654488324,1.3933064E-4,17.653988,0.056633078,0.28309128,0.03335264,0.08811922,0.066441886,0.28524926,0.2014198,0.77178943,0.032533236,0.107151434,0.034613613,0.1519645,0.06717101,null,null,null,null,"TWOGAUSSIANS",8,16.254284,0.28309128,0.033359963,0.4,0.21616217,0.27239737,0.21863098,0.77178943,0.032533236,0.4,0.0,0.13910635,0.0511778
375316653866487564,6083714835719352064,0.47548428,2304.670352362534,2.9456082345601695,4.810204E-5,18.12086,0.052829567,0.29344136,0.02777291,0.14645262,0.104964584,0.07136919,0.05057392,0.7842563,0.0051858155,0.07328859,0.009716339,0.12919132,0.02386796,null,null,null,null,"TWOGAUSSIANS",8,2.2340174,0.7842563,0.0051858155,0.4,0.025219334,0.11881651,0.0070754723,0.29344136,0.02777291,0.4,0.0,0.060565308,0.011065166
375316653866487564,6083714835729014144,0.42780852,2318.3815177397564,1.7067350076996637,5.1579314E-5,17.690449,0.035032995,0.24991556,0.014927549,0.1126357,0.036690094,0.12951808,0.037406687,0.7485483,0.012970529,0.08535577,0.043030147,0.113124914,0.027694438,null,null,null,null,"TWOGAUSSIANS",8,8.740123,0.24991556,0.014926954,0.4,0.0,0.11971729,0.03070883,0.7485483,0.012981992,0.4,0.030880662,0.10333777,0.03469855
375316653866487564,6083714938800572160,0.46784264,2253.1138428795116,0.15115179159665132,2.0395603E-4,17.292274,0.010486088,0.21386214,0.007562382,0.08190772,0.010064234,0.13965222,0.016306393,0.736332,0.06502069,0.0744627,0.04371703,0.14837347,2.038732,null,null,null,null,"TWOGAUSSIANS",8,7.124128,0.736332,0.06502069,0.4,0.21899945,0.14729255,2.0395634,0.21386214,0.007562382,0.4,0.0,0.1385713,0.01597555
375316653866487564,6083714973158902656,0.44317392,2303.0646151642977,2.0824317831517574,1.0233608E-4,17.850801,0.007328108,0.38413364,0.015029914,0.116116315,0.016612098,0.08028264,0.010974459,0.7447319,0.01107509,0.0586602,0.020128373,0.051748693,0.018942868,null,null,null,null,"TWOGAUSSIANS",8,2.192645,0.38413364,0.015029914,0.4,0.0,0.08011966,0.010824121,0.7447319,0.01107509,0.3284971,0.11271889,0.052232035,0.019280212
375316653866487564,6083715007518217856,0.46197996,2235.941127519456,0.2731877316318463,2.4669083E-5,17.833035,0.011242821,0.087468304,0.011380879,0.059678853,0.01411001,0.1684468,0.018525416,0.5950572,0.01505405,0.106359035,0.027991023,0.1794244,0.043132793,null,null,null,null,"TWOGAUSSIANS",8,5.3781867,0.5950572,0.01505405,0.4,0.0,0.17628582,0.04607601,0.087468304,0.011381416,0.33420157,0.07901605,0.16531421,0.018806841
375316653866487564,6083715007520067840,0.5475921,2310.9495814571114,2.712245138767271,1.6380307E-5,17.264322,0.011135453,0.33600143,0.032553557,0.0881513,0.024421692,0.21547015,0.060808368,0.82085013,0.0045262096,0.057080116,0.0042815576,0.33050713,0.022659665,null,null,null,null,"TWOGAUSSIANS",8,8.195991,0.82085013,0.0045262096,0.31964865,0.023976723,0.3295908,0.021977745,0.33600143,0.032553557,0.4,0.033940304,0.21455376,0.06149048
375316653866487564,6083715041878296832,0.45447308,2321.1875116581887,2.2585851170129354,6.558071E-5,18.16456,0.023333965,0.22973129,0.033834584,0.07957223,0.034927413,0.16124263,0.032228697,0.71969026,0.013160085,0.079155594,0.019295968,0.09940981,0.025832359,null,null,null,null,"TWOGAUSSIANS",8,5.7462683,0.22973129,0.033834584,0.4,0.109751,0.15979593,0.030102866,0.71969026,0.013160085,0.4,0.0,0.09796311,0.022234756
375316653866487564,6083715041878446208,0.4315207,2317.06055594073,4.654559578588181,2.7964974E-5,18.089743,0.29563522,0.28781003,0.012892878,0.17066026,0.034495585,0.4642447,0.23844194,0.7638836,0.015318756,0.20579669,0.052503616,0.48607555,0.2684664,null,null,null,null,"TWOGAUSSIANS",8,8.091472,0.30194002,0.009148244,0.4,0.0,0.15786102,0.009591636,0.7638836,0.015318756,0.4,0.0,0.1398664,0.011662854
375316653866487564,6083715213676675968,0.4144714,2349.881769605769,0.5423079745877019,2.9565263E-5,18.651949,0.010303095,0.5908583,0.030095948,0.024568127,0.010803411,0.1898703,0.12543635,0.8545183,0.003988117,0.0470016,0.00539692,0.15206076,0.020744335,null,null,null,null,"TWOGAUSSIANS",8,6.983237,0.5908583,0.030095948,0.13758151,0.0604991,0.18987031,0.1254359,0.8545183,0.003988117,0.26320896,0.03022275,0.15206076,0.020744335
375316653866487564,6083715248037041408,0.43813816,2343.67447921449,4.188757688679112,7.10314E-5,18.049032,0.37728557,0.27090326,0.03724173,0.28050214,0.15782948,0.3710255,0.371614,0.8416827,0.018603358,0.0756261,0.020809049,0.13751358,0.05433856,null,null,null,null,"TWOGAUSSIANS",8,4.8639083,0.27090326,0.037256204,0.4,0.0,0.18993275,0.04205571,0.8562027,0.021883572,0.4,0.05820386,0.1190767,0.042693235
375316653866487564,6083715282396246272,0.43866995,2255.952088968783,4.919894153670592,4.53077E-5,17.572065,0.026160939,0.18508506,0.0143406205,0.07431275,0.027551102,0.063335575,0.025646769,0.71033925,0.034372527,0.052300002,0.08385593,0.11950437,0.020915681,null,null,null,null,"TWOGAUSSIANS",8,7.506833,0.71033925,0.034372527,0.29288003,0.15493342,0.11947487,0.029953439,0.18508506,0.014364004,0.4,0.0122855995,0.06330608,0.012989405
