Gaia/vari_eclipsing_binary/VariEclipsingBinary_459205-459216.csv
# %ECSV 1.0
# ---
# delimiter: ','
# meta: !!omap
# - RELEASE: Gaia DR3
# - TABLE: vari_eclipsing_binary
# - DESCRIPTION: >
#     This table describes the properties of the eclipsing binaries resulting from the variability analysis. 
# - CITATION: >
#     How to cite and acknowledge Gaia: 
#     https://gea.esac.esa.int/archive/documentation/credits.html 
# - KNOWN_ISSUES: >
#     Known issues: 
#     https://www.cosmos.esa.int/web/gaia-users/known-issues 
# - DOCUMENTATION: >
#     Tutorials and documentation: 
#     https://www.cosmos.esa.int/web/gaia-users/archive 
# datatype:
# - 
#   name: solution_id
#   datatype: int64
#   description: Solution Identifier
#   meta:
#     ucd: meta.version
# - 
#   name: source_id
#   datatype: int64
#   description: Unique source identifier
#   meta:
#     ucd: meta.id;meta.main
# - 
#   name: global_ranking
#   datatype: float32
#   description: Number between 0 (worst) and 1 (best)
#   meta:
#     ucd: stat.param
# - 
#   name: reference_time
#   datatype: float64
#   unit: d
#   description: Reference time used for the geometric model fit
#   meta:
#     ucd: time.epoch
# - 
#   name: frequency
#   datatype: float64
#   unit: d**-1
#   description: Frequency of geometric model of the eclipsing binary light curve
#   meta:
#     ucd: src.orbital
# - 
#   name: frequency_error
#   datatype: float32
#   unit: d**-1
#   description: "Uncertainty of \\texttt{frequency}"
#   meta:
#     ucd: stat.error
# - 
#   name: geom_model_reference_level
#   datatype: float32
#   unit: mag
#   description: Magnitude reference level of geometric model
#   meta:
#     ucd: phot.mag;em.opt
# - 
#   name: geom_model_reference_level_error
#   datatype: float32
#   unit: mag
#   description: "Uncertainty of \\texttt{geomModelReferenceLevel}"
#   meta:
#     ucd: stat.error;phot.mag;em.opt
# - 
#   name: geom_model_gaussian1_phase
#   datatype: float32
#   description: Phase of the Gaussian 1 component
#   meta:
#     ucd: time.phase
# - 
#   name: geom_model_gaussian1_phase_error
#   datatype: float32
#   description: "Uncertainty of \\texttt{geomModelGaussian1Phase}"
#   meta:
#     ucd: stat.error;time.phase
# - 
#   name: geom_model_gaussian1_sigma
#   datatype: float32
#   description: "Standard deviation [phase] of Gaussian 1 component"
#   meta:
#     ucd: stat.stdev
# - 
#   name: geom_model_gaussian1_sigma_error
#   datatype: float32
#   description: "Uncertainty of \\texttt{geomModelGaussian1Sigma}"
#   meta:
#     ucd: stat.error
# - 
#   name: geom_model_gaussian1_depth
#   datatype: float32
#   unit: mag
#   description: Magnitude depth of Gaussian 1 component
#   meta:
#     ucd: src.var.amplitude
# - 
#   name: geom_model_gaussian1_depth_error
#   datatype: float32
#   unit: mag
#   description: "Uncertainty of \\texttt{geomModelGaussian1Depth}"
#   meta:
#     ucd: stat.error;src.var.amplitude
# - 
#   name: geom_model_gaussian2_phase
#   datatype: float32
#   description: Phase of Gaussian 2 component
#   meta:
#     ucd: time.phase
# - 
#   name: geom_model_gaussian2_phase_error
#   datatype: float32
#   description: "Uncertainty of \\texttt{geomModelGaussian2Phase}"
#   meta:
#     ucd: stat.error;time.phase
# - 
#   name: geom_model_gaussian2_sigma
#   datatype: float32
[...]
#   datatype: float32
#   description: "Secondary eclipse: uncertainty of \\texttt{derivedSecondaryEclDuration}"
#   meta:
#     ucd: stat.error;time.duration
# - 
#   name: derived_secondary_ecl_depth
#   datatype: float32
#   unit: mag
#   description: "Secondary eclipse: depth"
#   meta:
#     ucd: src.var.amplitude
# - 
#   name: derived_secondary_ecl_depth_error
#   datatype: float32
#   unit: mag
#   description: "Secondary eclipse: uncertainty of \\texttt{derivedSecondaryEclDepth}"
#   meta:
#     ucd: stat.error;src.var.amplitude
solution_id,source_id,global_ranking,reference_time,frequency,frequency_error,geom_model_reference_level,geom_model_reference_level_error,geom_model_gaussian1_phase,geom_model_gaussian1_phase_error,geom_model_gaussian1_sigma,geom_model_gaussian1_sigma_error,geom_model_gaussian1_depth,geom_model_gaussian1_depth_error,geom_model_gaussian2_phase,geom_model_gaussian2_phase_error,geom_model_gaussian2_sigma,geom_model_gaussian2_sigma_error,geom_model_gaussian2_depth,geom_model_gaussian2_depth_error,geom_model_cosine_half_period_amplitude,geom_model_cosine_half_period_amplitude_error,geom_model_cosine_half_period_phase,geom_model_cosine_half_period_phase_error,model_type,num_model_parameters,reduced_chi2,derived_primary_ecl_phase,derived_primary_ecl_phase_error,derived_primary_ecl_duration,derived_primary_ecl_duration_error,derived_primary_ecl_depth,derived_primary_ecl_depth_error,derived_secondary_ecl_phase,derived_secondary_ecl_phase_error,derived_secondary_ecl_duration,derived_secondary_ecl_duration_error,derived_secondary_ecl_depth,derived_secondary_ecl_depth_error
[from data line 636]
375316653866487564,4039286282343235968,0.5077455,2255.413935660935,2.4151020570415316,1.7943197E-5,19.527348,0.03721282,0.24939689,0.0068097687,0.0888416,0.015239236,0.4916691,0.056114882,0.7678704,0.009424626,0.08388582,0.012583669,0.44396743,0.05608046,null,null,null,null,"TWOGAUSSIANS",8,4.0683303,0.24939689,0.0068097687,0.4,0.0,0.48133007,0.061729033,0.7678704,0.009424626,0.4,0.0,0.43362862,0.057060458
375316653866487564,4039286351063885568,0.53778756,2256.986054089984,2.0899514037925955,6.6380703E-6,18.099493,0.28009364,0.2125991,0.0065459716,0.1513827,0.06924789,0.2463072,0.2689852,0.7143773,0.0028090249,0.14950125,0.055480115,0.31230643,0.26410797,null,null,null,null,"TWOGAUSSIANS",8,1.8591014,0.71449727,0.002761921,0.4,0.0,0.17703794,0.0072260746,0.2124091,0.006669043,0.4,0.0,0.11125886,0.008063175
375316653866487564,4039286454141074048,0.4725429,2250.5793001901793,0.3511512749132819,3.391229E-5,15.170603,0.007975555,0.18251872,0.027711056,0.07144382,0.03157653,0.06675611,0.016650185,0.63071287,0.021459123,0.07505165,0.022204766,0.110088944,0.03257185,null,null,null,null,"TWOGAUSSIANS",8,6.539786,0.63071287,0.021459123,0.4,0.08661906,0.109946065,0.032658316,0.18251872,0.027711056,0.4,0.093740426,0.06661323,0.016642015
375316653866487564,4039286454143109504,0.4676555,2239.901282639084,0.22236445611758524,4.4663037E-5,18.347843,0.013382486,0.33377564,0.01268937,0.059921395,0.029606324,0.13951075,0.024503747,0.7879434,0.014290356,0.08373931,0.014981222,0.14908198,0.028775468,null,null,null,null,"TWOGAUSSIANS",8,6.9239326,0.7879434,0.014290356,0.4,0.0,0.14887232,0.028645644,0.33377564,0.01268937,0.33555982,0.16579542,0.13930115,0.024341905
375316653866487564,4039286522894978176,0.54551876,2259.726650101454,0.8263002767026039,8.628614E-6,16.298151,0.006642361,0.2911369,0.021677775,0.045774743,0.009508861,0.32048354,0.07613165,0.77670115,0.0102059245,0.059961516,0.008677788,0.045090996,0.008351933,null,null,null,null,"TWOGAUSSIANS",8,20.43421,0.2911369,0.021677775,0.25633857,0.05324962,0.32048208,0.07612735,0.77670115,0.0102059245,0.3357845,0.048595615,0.04508952,0.008350894
375316653866487564,4039286557254732800,0.47230813,2230.2984654413276,0.7289725100961172,4.721758E-5,18.290539,0.46376714,0.16634269,0.017047843,0.042508017,0.009432466,0.29393867,0.0745653,0.61267114,0.011803769,0.21078889,0.123342566,0.34238544,0.443189,null,null,null,null,"TWOGAUSSIANS",8,2.1508255,0.61267114,0.011803769,0.4,0.0,0.28653944,0.02926936,0.1677927,0.01714272,0.23804489,0.052821808,0.28551033,0.062010206
375316653866487564,4039286625940530304,0.56924635,2213.261824696521,2.335663379389718,1.3446832E-5,18.204361,0.017576003,0.25621703,0.015853649,0.088270634,0.014862748,0.16913903,0.017888712,0.7627848,0.0029964696,0.09281493,0.0055144527,0.3298693,0.017020114,null,null,null,null,"TWOGAUSSIANS",8,2.820695,0.7627848,0.0029964696,0.4,0.0,0.32041734,0.010976964,0.25621703,0.015853649,0.4,0.0,0.15968738,0.01277924
375316653866487564,4039286763379402496,0.42908522,2266.608216599409,0.3414626961185908,4.5898974E-5,19.833633,0.010934684,null,null,null,null,null,null,null,null,null,null,null,null,0.12249445,0.0307382,0.12266038,0.008881979,"ELLIPSOIDAL",4,6.11243,null,null,null,null,null,null,null,null,null,null,null,null
375316653866487564,4039287003931115520,0.5090217,2321.9105952410623,3.7030837557754586,2.6374268E-5,19.847954,0.36862776,0.19887601,0.012586405,0.10930191,0.038061276,0.37086678,0.35959032,0.795504,0.023999937,0.083929,0.07821225,0.22905016,0.3809868,null,null,null,null,"TWOGAUSSIANS",8,1.2183346,0.19887601,0.0074813063,0.4,0.0,0.36579734,0.16469641,0.795934,0.018683683,0.4,0.064956,0.2243907,0.24224481
375316653866487564,4039287003931132288,0.46718508,2215.3801449887396,0.03581590912406646,6.494081E-5,19.285463,0.25654107,0.2222894,0.018997308,0.16701896,0.06656557,0.4436621,0.24388678,0.7519276,0.009636295,0.06942642,0.015215862,0.71088654,0.22227101,null,null,null,null,"TWOGAUSSIANS",8,7.84053,0.7525276,0.009174249,0.38878793,0.07086083,0.64913315,0.1360308,0.2222894,0.018997308,0.4,0.0,0.37056515,0.10323579
375316653866487564,4039287411835300864,0.4329676,2258.9001477853926,2.9239322896559123,1.4551697E-4,18.516441,0.009906277,0.25897872,0.032153733,0.08804743,0.024826365,0.034049913,0.014186693,0.62176144,0.019818302,0.09294403,0.030728888,0.11643831,0.050280336,null,null,null,null,"TWOGAUSSIANS",8,4.3364687,0.62176144,0.019818302,0.4,0.0,0.11618884,0.05050745,0.25953874,0.031584576,0.4,0.0,0.03385136,0.013911828
375316653866487564,4039287450572535552,0.48366064,2303.4721662969555,2.1745844401489833,4.2043026E-5,18.642014,0.042118832,0.18015097,0.027567798,0.04162837,0.03222076,0.097730435,0.20640135,0.66158175,0.025924562,0.1816661,0.042912487,0.29526573,0.03809274,null,null,null,null,"TWOGAUSSIANS",8,1.9979006,0.66158175,0.025924562,0.4,0.0,0.26747146,0.03110464,0.18108097,0.028098162,0.23311888,0.18043625,0.08379503,0.22069666
375316653866487564,4039287484934763008,0.47086713,2278.0213938590855,2.661688828557917,2.9365503E-5,19.06039,0.00689444,0.7974441,0.008673974,0.06165618,0.05341198,0.010434835,0.5646671,null,null,null,null,null,null,0.10423245,0.008269324,0.7974441,0.008673974,"ONEGAUSSIAN_WITH_ELLIPSOIDAL",6,5.086596,0.7974441,0.008673974,0.3452746,0.27547577,0.21889682,0.5670064,null,null,null,null,null,null
375316653866487564,4039287656731402496,0.4334882,2286.0540685378764,0.24082756603761224,8.763467E-5,18.340929,0.021306252,0.32808223,0.046632685,0.0943957,0.04346568,0.14609507,0.06968682,0.79648584,0.009169812,0.077223554,0.016600989,0.09135687,0.024844093,null,null,null,null,"TWOGAUSSIANS",8,7.9993587,0.32808223,0.046632685,0.4,0.07438188,0.14415473,0.07285357,0.79648584,0.009169812,0.4,0.013389466,0.08941721,0.021717139
375316653866487564,4039287759811169792,0.49850452,2284.9992587945117,2.5615224233930856,4.946873E-5,17.645819,0.4613355,0.22675247,0.0094090225,0.17571774,0.14800294,0.2497809,0.45179927,0.7383634,0.009824712,0.113333516,0.026988024,0.4249939,0.20993744,null,null,null,null,"TWOGAUSSIANS",8,11.087788,0.7391134,0.009994084,0.4,0.0,0.31408295,0.021141753,0.22664247,0.009368566,0.4,0.0,0.13006362,0.019481631
375316653866487564,4039287828564938368,0.6084937,2268.002977843255,0.6588684890648108,2.9349329E-5,14.9534855,0.002902588,0.26012945,0.053296536,0.03907546,0.033227745,0.028146796,0.15117984,0.7007184,2.4807866E-4,0.016261442,5.77343E-4,0.5234938,0.02261668,0.021025212,0.004364483,0.7007184,2.4807866E-4,"TWOGAUSSIANS_WITH_ELLIPSOIDAL_ON_ECLIPSE2",9,40.0325,0.7007184,2.4807866E-4,0.091064066,0.0032331208,0.5655441,0.022326786,0.25138947,0.054090917,0.21882257,0.18607537,0.06538152,0.141125
375316653866487564,4039287862890132096,0.4872205,2217.4775987104185,3.00194765844005,4.468876E-5,19.546993,0.043610048,0.30371243,0.0075630853,0.087986566,0.015553626,0.23386511,0.039020207,0.7910589,0.025696553,0.116619274,0.028697522,0.23243777,0.045487262,null,null,null,null,"TWOGAUSSIANS",8,1.6711966,0.30374244,0.007543149,0.4,0.0,0.21395656,0.017688809,0.7910589,0.025696553,0.4,0.0,0.21247698,0.04938544
375316653866487564,4039288000329598464,0.455635,2298.4761842015037,3.798660840193485,3.8604663E-5,19.277208,0.0115284575,0.3448158,0.018563628,0.062224127,0.015113193,0.17038782,0.028233849,0.7675933,0.014437116,0.078862846,0.015234561,0.1509743,0.02829885,null,null,null,null,"TWOGAUSSIANS",8,4.407352,0.3448158,0.018563628,0.34845513,0.073238686,0.17031464,0.02825781,0.7675933,0.014437116,0.4,0.01413525,0.15090103,0.028315965
375316653866487564,4039288103442935552,0.5377217,2244.0185467429587,1.9979863325893066,1.2574993E-5,14.326844,0.012044902,0.30106062,0.0069784955,0.113189824,0.014134775,0.15851176,0.023001408,0.83528703,0.005737403,0.10077549,0.01158116,0.09966146,0.011035303,null,null,null,null,"TWOGAUSSIANS",8,34.00699,0.30105063,0.006976887,0.4,0.0,0.14728113,0.02485336,0.83539706,0.0056541236,0.4,0.0,0.08846418,0.004074525
375316653866487564,4039288206488407680,0.43130898,2336.8043839482643,0.8010637579459655,8.499267E-5,18.954988,0.011658201,0.33530024,0.1061923,0.060778253,0.06420851,0.13842864,0.14958824,0.62768203,0.04906433,0.09666647,0.026424846,0.29096416,0.07426233,null,null,null,null,"TWOGAUSSIANS",8,4.9567237,0.62768203,0.04906433,0.4,0.0,0.29094797,0.0633588,0.33800024,0.10619686,0.3403582,0.26730108,0.14153893,0.14741957
375316653866487564,4039288275207990656,0.46165574,2255.1118155712466,0.050480762055326846,2.4625666E-5,18.8517,0.020786475,0.26137838,0.08632366,0.034494415,0.06308974,0.06834692,84.65514,0.58461803,0.036430683,0.12129992,0.03917633,0.2403757,0.062208034,null,null,null,null,"TWOGAUSSIANS",8,3.2611911,0.58461803,0.036430683,0.4,0.0,0.2402773,0.06218516,0.26416838,0.09024025,0.19316873,0.2990797,0.07536038,84.65638
375316653866487564,4039288309568041216,0.55264044,2252.6658605702446,4.117134006183691,1.8385228E-5,19.074337,0.008511897,0.27265626,0.0090740835,0.059434377,0.007379548,0.6596837,0.06288248,0.77507937,0.005318937,0.06523241,0.008924089,0.66125566,0.11494693,null,null,null,null,"TWOGAUSSIANS",8,4.0625806,0.77507937,0.005318937,0.3653015,0.035606515,0.66086334,0.11562761,0.27265626,0.0090740835,0.33283252,0.04132547,0.6592914,0.062830344
375316653866487564,4039288515725636352,0.49835977,2191.9761652348607,0.6959888556249897,7.3370036E-5,19.91581,0.017735941,0.2523516,0.024482448,0.099349216,0.029988213,0.21592237,0.027831918,0.7283319,0.014073383,0.05850514,0.01316877,0.28042758,0.016864438,null,null,null,null,"TWOGAUSSIANS",8,1.1663556,0.7283319,0.014073383,0.3276288,0.07374511,0.27858225,0.011103136,0.2523516,0.024482448,0.4,0.0,0.21407461,0.025221944
375316653866487564,4039288618805081984,0.57115775,2208.249427789411,1.3015759708149268,1.6849932E-5,18.487318,0.016068976,0.27031526,0.0066560213,0.097451344,0.009580964,0.27399918,0.02797402,0.76236963,0.0029986154,0.08269681,0.0047356463,0.3452807,0.017481696,null,null,null,null,"TWOGAUSSIANS",8,2.743921,0.76236963,0.0029986154,0.4,0.0,0.33390874,0.013922362,0.27031526,0.0066560213,0.4,0.0,0.26262608,0.028159287
375316653866487564,4039288859357303808,0.47924536,2204.16346032435,0.14152332539873966,3.029612E-5,18.543766,0.006033248,0.1355101,0.008352845,0.034396335,0.0057715126,0.06690142,0.013437047,0.4793446,0.002821636,0.033711117,0.0032362556,0.15880488,0.011271931,null,null,null,null,"TWOGAUSSIANS",8,1.6631163,0.4793446,0.002821636,0.18878224,0.018123033,0.15880488,0.011271931,0.1355101,0.008352845,0.19261949,0.032320473,0.06690142,0.013437047
375316653866487564,4039289065484843264,0.45300415,2284.4928913389735,0.6919937549518592,3.728119E-5,18.598852,0.2203163,0.27577284,0.013268636,0.096390106,0.06373155,0.25211778,0.20928456,0.7396541,0.030276684,0.07679328,0.048958413,0.23554629,0.2373244,null,null,null,null,"TWOGAUSSIANS",8,21.919048,0.27577284,0.013265019,0.4,0.0,0.24808466,0.0720387,0.7396541,0.030276684,0.4,0.060413662,0.23151559,0.14945284
375316653866487564,4039289168564462848,0.46367413,2355.057402601146,0.28986122688178295,5.575671E-5,19.254375,0.027135886,0.43013054,0.009128495,0.16845156,0.030119568,0.2642602,0.03375525,0.82420194,0.026125025,0.049029224,0.028846268,0.1324607,0.3608006,null,null,null,null,"TWOGAUSSIANS",8,1.6792002,0.43013054,0.009128495,0.4,0.0,0.2548163,0.036257446,0.82420194,0.026125025,0.27456364,0.1615391,0.14055239,0.36422968
375316653866487564,4039289271643494528,0.46513173,2300.0353532079403,0.39422595225217966,8.938081E-5,18.797861,0.06051203,0.54439175,0.073301606,0.12990886,0.05779422,0.21280518,0.101473965,0.19462353,0.11810081,0.1161542,0.1078188,0.09267799,0.059041232,null,null,null,null,"TWOGAUSSIANS",8,2.3720617,0.54224175,0.06168228,0.4,0.0,0.20517993,0.096057735,0.22323354,0.544419,0.4,0.0,0.0912803,0.20958015
375316653866487564,4039289340363318400,0.5086927,2352.7367553076465,0.20905832699537255,6.2921245E-5,18.793556,0.013390366,0.20980199,0.03727217,0.008128767,0.019634308,0.13503078,0.3355869,0.6440416,0.018064432,0.01688031,0.014031389,0.34636995,0.7840427,0.050638445,0.014759302,0.6440416,0.018064432,"TWOGAUSSIANS_WITH_ELLIPSOIDAL_ON_ECLIPSE2",9,9.948616,0.6440416,0.018064432,0.09452973,0.078575775,0.44764677,0.78583056,0.20957199,0.03631951,0.045521095,0.10995213,0.2200327,0.32435644
375316653866487564,4039289443442937472,0.4697168,2310.5456370499323,2.8011457226475134,2.7881022E-5,19.087704,0.03165779,0.37497997,0.013115809,0.05182891,0.013094651,0.37342548,0.03361994,0.832922,0.023614896,0.031771433,0.016836436,0.3968396,0.44052705,null,null,null,null,"TWOGAUSSIANS",8,16.767656,0.832922,0.023614896,0.17792003,0.09428405,0.3968396,0.44052705,0.37497997,0.013115809,0.2902419,0.073330045,0.37342548,0.033619925
375316653866487564,4039289924478883968,0.45389196,2261.1270666212527,1.1617802659144902,4.407492E-5,18.770325,0.02113567,0.10303846,0.026687782,0.062635995,0.034470923,0.11526812,3.3636184,0.65005857,0.008103492,0.106999405,0.016510408,0.20941374,0.027413843,null,null,null,null,"TWOGAUSSIANS",8,4.2699475,0.65005857,0.008103492,0.4,0.0,0.20762217,0.026724854,0.102998465,0.026773304,0.3507616,0.19303717,0.11350389,3.3651283
375316653866487564,4039289958838847616,0.49459812,2303.2802070405755,1.5702081308838278,2.0537324E-5,17.013723,0.05525396,0.29285684,0.031380676,0.1506577,0.08032348,0.12749591,0.056773953,0.80218434,0.007873473,0.08322218,0.012705513,0.24121694,0.052121185,null,null,null,null,"TWOGAUSSIANS",8,20.69881,0.8023043,0.007825075,0.4,0.0,0.21480837,0.018543324,0.29285684,0.031380676,0.4,0.0,0.10003253,0.058788333
375316653866487564,4039289993198726528,0.48217368,2245.4682905531504,1.4426664223151315,3.4456032E-5,18.638296,0.0744631,0.28287387,0.022559296,0.19072494,0.05776074,0.29741278,0.07035699,0.66478884,0.0040457146,0.030786825,0.00688678,0.652454,0.55089915,null,null,null,null,"TWOGAUSSIANS",8,2.5659661,0.66478884,0.0040457146,0.17240623,0.038565967,0.67467886,0.5551454,0.28287387,0.022559296,0.4,0.0,0.2780248,0.030086784
375316653866487564,4039290199361332096,0.49763468,2332.5703328566005,0.2448133510544018,6.826263E-5,19.494343,0.021980679,0.45481732,0.019194948,0.14999707,0.032263074,0.39360642,0.030443082,0.9620964,0.0028638358,0.015641073,0.007413048,0.24915846,0.3567324,null,null,null,null,"TWOGAUSSIANS",8,3.8575916,0.45481732,0.019194948,0.4,0.0,0.3884562,0.035133716,0.9621064,0.0028690982,0.08759,0.04151307,0.24708718,0.35866728
375316653866487564,4039290229332577280,0.5697524,2335.973008052095,1.1972010671230593,1.973124E-5,14.056594,0.01600695,0.18671378,0.0037988503,0.10896039,0.014172982,0.12377441,0.015661502,0.6887492,0.003693624,0.11212106,0.011285192,0.16514279,0.015616927,null,null,null,null,"TWOGAUSSIANS",8,34.636982,0.6887492,0.003693624,0.4,0.0,0.14344732,0.004913176,0.18671378,0.003802349,0.4,0.0,0.102088206,0.0031076272
375316653866487564,4039290233717367296,0.6260098,2314.88185000787,2.979238640829232,4.238255E-5,19.60104,0.009127878,0.30337855,0.002114279,0.05498231,0.0023080905,0.5311797,0.017013457,0.7887437,0.013427183,0.07149774,0.013447011,0.5572492,0.036509894,null,null,null,null,"TWOGAUSSIANS",8,0.72091734,0.7887437,0.013427183,0.4,0.008470206,0.55697435,0.036856778,0.30337855,0.002114279,0.30790094,0.012925306,0.5309049,0.016769847
375316653866487564,4039290577315010688,0.4929442,2341.4496146156384,2.6160334993572745,4.6865254E-5,19.646898,0.063023195,0.1913074,0.021678973,0.09633162,0.04142233,0.33922932,0.08238865,0.6758398,0.012199716,0.12016212,0.036652558,0.25401804,0.05872577,null,null,null,null,"TWOGAUSSIANS",8,1.7555366,0.1913474,0.021724451,0.4,0.08696992,0.3058189,0.100433186,0.6758398,0.012199716,0.4,0.0,0.22050837,0.027406095
