Gaia/vari_eclipsing_binary/VariEclipsingBinary_422587-425371.csv
# %ECSV 1.0
# ---
# delimiter: ','
# meta: !!omap
# - RELEASE: Gaia DR3
# - TABLE: vari_eclipsing_binary
# - DESCRIPTION: >
#     This table describes the properties of the eclipsing binaries resulting from the variability analysis. 
# - CITATION: >
#     How to cite and acknowledge Gaia: 
#     https://gea.esac.esa.int/archive/documentation/credits.html 
# - KNOWN_ISSUES: >
#     Known issues: 
#     https://www.cosmos.esa.int/web/gaia-users/known-issues 
# - DOCUMENTATION: >
#     Tutorials and documentation: 
#     https://www.cosmos.esa.int/web/gaia-users/archive 
# datatype:
# - 
#   name: solution_id
#   datatype: int64
#   description: Solution Identifier
#   meta:
#     ucd: meta.version
# - 
#   name: source_id
#   datatype: int64
#   description: Unique source identifier
#   meta:
#     ucd: meta.id;meta.main
# - 
#   name: global_ranking
#   datatype: float32
#   description: Number between 0 (worst) and 1 (best)
#   meta:
#     ucd: stat.param
# - 
#   name: reference_time
#   datatype: float64
#   unit: d
#   description: Reference time used for the geometric model fit
#   meta:
#     ucd: time.epoch
# - 
#   name: frequency
#   datatype: float64
#   unit: d**-1
#   description: Frequency of geometric model of the eclipsing binary light curve
#   meta:
#     ucd: src.orbital
# - 
#   name: frequency_error
#   datatype: float32
#   unit: d**-1
#   description: "Uncertainty of \\texttt{frequency}"
#   meta:
#     ucd: stat.error
# - 
#   name: geom_model_reference_level
#   datatype: float32
#   unit: mag
#   description: Magnitude reference level of geometric model
#   meta:
#     ucd: phot.mag;em.opt
# - 
#   name: geom_model_reference_level_error
#   datatype: float32
#   unit: mag
#   description: "Uncertainty of \\texttt{geomModelReferenceLevel}"
#   meta:
#     ucd: stat.error;phot.mag;em.opt
# - 
#   name: geom_model_gaussian1_phase
#   datatype: float32
#   description: Phase of the Gaussian 1 component
#   meta:
#     ucd: time.phase
# - 
#   name: geom_model_gaussian1_phase_error
#   datatype: float32
#   description: "Uncertainty of \\texttt{geomModelGaussian1Phase}"
#   meta:
#     ucd: stat.error;time.phase
# - 
#   name: geom_model_gaussian1_sigma
#   datatype: float32
#   description: "Standard deviation [phase] of Gaussian 1 component"
#   meta:
#     ucd: stat.stdev
# - 
#   name: geom_model_gaussian1_sigma_error
#   datatype: float32
#   description: "Uncertainty of \\texttt{geomModelGaussian1Sigma}"
#   meta:
#     ucd: stat.error
# - 
#   name: geom_model_gaussian1_depth
#   datatype: float32
#   unit: mag
#   description: Magnitude depth of Gaussian 1 component
#   meta:
#     ucd: src.var.amplitude
# - 
#   name: geom_model_gaussian1_depth_error
#   datatype: float32
#   unit: mag
#   description: "Uncertainty of \\texttt{geomModelGaussian1Depth}"
#   meta:
#     ucd: stat.error;src.var.amplitude
# - 
#   name: geom_model_gaussian2_phase
#   datatype: float32
#   description: Phase of Gaussian 2 component
#   meta:
#     ucd: time.phase
# - 
#   name: geom_model_gaussian2_phase_error
#   datatype: float32
#   description: "Uncertainty of \\texttt{geomModelGaussian2Phase}"
#   meta:
#     ucd: stat.error;time.phase
# - 
#   name: geom_model_gaussian2_sigma
#   datatype: float32
[...]
#   datatype: float32
#   description: "Secondary eclipse: uncertainty of \\texttt{derivedSecondaryEclDuration}"
#   meta:
#     ucd: stat.error;time.duration
# - 
#   name: derived_secondary_ecl_depth
#   datatype: float32
#   unit: mag
#   description: "Secondary eclipse: depth"
#   meta:
#     ucd: src.var.amplitude
# - 
#   name: derived_secondary_ecl_depth_error
#   datatype: float32
#   unit: mag
#   description: "Secondary eclipse: uncertainty of \\texttt{derivedSecondaryEclDepth}"
#   meta:
#     ucd: stat.error;src.var.amplitude
solution_id,source_id,global_ranking,reference_time,frequency,frequency_error,geom_model_reference_level,geom_model_reference_level_error,geom_model_gaussian1_phase,geom_model_gaussian1_phase_error,geom_model_gaussian1_sigma,geom_model_gaussian1_sigma_error,geom_model_gaussian1_depth,geom_model_gaussian1_depth_error,geom_model_gaussian2_phase,geom_model_gaussian2_phase_error,geom_model_gaussian2_sigma,geom_model_gaussian2_sigma_error,geom_model_gaussian2_depth,geom_model_gaussian2_depth_error,geom_model_cosine_half_period_amplitude,geom_model_cosine_half_period_amplitude_error,geom_model_cosine_half_period_phase,geom_model_cosine_half_period_phase_error,model_type,num_model_parameters,reduced_chi2,derived_primary_ecl_phase,derived_primary_ecl_phase_error,derived_primary_ecl_duration,derived_primary_ecl_duration_error,derived_primary_ecl_depth,derived_primary_ecl_depth_error,derived_secondary_ecl_phase,derived_secondary_ecl_phase_error,derived_secondary_ecl_duration,derived_secondary_ecl_duration_error,derived_secondary_ecl_depth,derived_secondary_ecl_depth_error
[from data line 73]
375316653866487564,3722929264795425408,0.5186503,2253.5710410633383,3.3636409886973913,1.520807E-5,16.36772,0.96714383,0.14079463,0.011299165,0.17202792,0.09708618,0.3927613,0.85634565,0.6520286,0.011545614,0.17223968,0.09461133,0.42944357,0.8674693,null,null,null,null,"TWOGAUSSIANS",8,16.074316,0.6548486,0.0061874343,0.4,0.0,0.16860382,0.012858403,0.13723464,0.0056217005,0.4,0.0,0.13316286,0.012283739
375316653866487564,3723066566310031232,0.53087854,2255.082808395905,2.921437236718456,1.770629E-5,17.452377,0.008962264,0.22726615,0.0031108719,0.028944029,0.0053859586,0.20301895,0.05226471,0.7342162,0.003052089,0.043491546,0.0059121842,0.13561314,0.019194607,0.044300545,0.010987544,0.22726615,0.0031108719,"TWOGAUSSIANS_WITH_ELLIPSOIDAL_ON_ECLIPSE1",9,12.674983,0.22726615,0.0031108719,0.16208656,0.030161368,0.29161987,0.050935917,0.7342162,0.003052089,0.24355265,0.03310823,0.22404522,0.009928898
375316653866487564,3723067425303502592,0.61975265,2235.6059473243677,2.3073558902742546,4.361079E-6,14.119254,0.017704086,0.2783568,0.0024625247,0.065848075,0.0076788873,0.22865851,0.031901926,0.778805,0.008239963,0.05799408,0.013091428,0.100477904,0.036794942,0.06546759,0.017564878,0.2783568,0.0024625247,"TWOGAUSSIANS_WITH_ELLIPSOIDAL_ON_ECLIPSE1",9,44.736984,0.2783568,0.0024625247,0.3687492,0.035843603,0.35941842,0.0056236736,0.778805,0.008094982,0.32476684,0.073312,0.23123677,0.00826396
375316653866487564,3723187233415950592,0.5557785,2237.3346183449403,4.046447298173682,1.2011485E-5,18.964558,0.008003109,0.27543178,0.0038831094,0.06773112,0.0035895943,0.6026576,0.03059559,0.77330583,0.0026171738,0.062077243,0.003882867,0.59255296,0.035868693,null,null,null,null,"TWOGAUSSIANS",8,2.9061787,0.27543178,0.0038831094,0.37929428,0.020101728,0.6019847,0.030680276,0.77330583,0.0026171738,0.34763256,0.021744056,0.59188,0.03609067
375316653866487564,3723222319004097536,0.51559407,2242.776169893669,0.9680103448651446,1.7773822E-5,17.35391,0.016900493,0.26914287,0.005242172,0.091197684,0.008687979,0.29826942,0.020490296,0.7778874,0.0129876705,0.10335294,0.01966426,0.12645897,0.01985214,null,null,null,null,"TWOGAUSSIANS",8,15.771453,0.26914287,0.005245994,0.4,0.0,0.28616267,0.019927016,0.7778874,0.0129876705,0.4,0.0,0.11435019,0.016470091
375316653866487564,3723233275465237120,0.5252784,2239.0141503346354,4.308003870562008,1.9011339E-5,17.04168,0.24061082,0.26426396,0.005308444,0.12460906,0.07459129,0.12950768,0.2311263,0.75675625,0.009470082,0.11890765,0.05931198,0.12000283,0.2109253,null,null,null,null,"TWOGAUSSIANS",8,4.2171144,0.26430398,0.00565726,0.4,0.0,0.10110649,0.004060654,0.75675625,0.009470082,0.4,0.0,0.09165064,0.004662305
375316653866487564,3723391815593358208,0.56761307,2365.9575385205935,0.3845436842174908,1.0989344E-6,14.084675,8.4142474E-4,0.35193104,6.997631E-5,0.004289094,2.8025572E-5,1.3472091,0.035777874,0.5975355,0.0028851945,0.003736705,6.947435E-4,0.109235436,0.117098324,null,null,null,null,"TWOGAUSSIANS",8,34.412964,0.35193104,6.997631E-5,0.024018927,1.5694319E-4,1.3472091,0.035777874,0.5975355,0.0028851945,0.020925548,0.0038905635,0.109235436,0.117098324
375316653866487564,3723539867411256320,0.57941973,2312.0924500148994,1.3806862303996295,1.0616737E-4,14.755892,6.6282443E-4,0.8092596,1.0453296E-4,0.019940916,2.0823067E-4,0.39394638,0.0042187674,null,null,null,null,null,null,1.802181E-4,7.468438E-4,0.8092596,1.0453296E-4,"ONEGAUSSIAN_WITH_ELLIPSOIDAL",6,18.083273,0.8092596,1.0453296E-4,0.11166914,0.0011660918,0.3943068,0.005025754,null,null,null,null,null,null
375316653866487564,3723570486233032320,0.4954995,2347.917981267846,3.578647859931156,3.092241E-5,16.603443,0.07650365,0.2532356,0.01464612,0.044981107,0.03748699,0.17487828,0.11662743,0.7421758,0.006110204,0.056683242,0.025892733,0.12239669,0.16887456,0.076268524,0.0787919,0.7421758,0.006110204,"TWOGAUSSIANS_WITH_ELLIPSOIDAL_ON_ECLIPSE2",9,109.96771,0.2518856,0.013040833,0.25189418,0.15905058,0.32676193,0.049299087,0.7421758,0.006110204,0.31742615,0.11445029,0.27492613,0.05182488
375316653866487564,3723715995429748608,0.47717097,2319.873491486711,0.057278041813065554,8.0613616E-5,18.97624,0.009726917,0.29285154,0.0141393,0.08998054,0.011833927,0.34119904,0.05805556,0.7470258,0.00961983,0.06735936,0.0077604153,0.31638345,0.031270474,null,null,null,null,"TWOGAUSSIANS",8,7.49053,0.29285154,0.0141393,0.4,0.0,0.33960667,0.0585599,0.7470258,0.00961983,0.37721238,0.03921537,0.3147921,0.03109148
375316653866487564,3723756853453821696,0.41538662,2299.7527335170284,3.3834919605453315,1.7979446E-4,19.21038,0.84089756,0.119255714,0.07561137,0.15412375,0.07047038,0.39221928,0.5077105,0.55019635,0.046838302,0.19379556,0.14343648,0.59795994,0.8109587,null,null,null,null,"TWOGAUSSIANS",8,8.651759,0.55019635,0.046838302,0.4,0.0,0.34667507,0.02674355,0.17495571,0.07421653,0.4,0.0,0.20288916,0.019573517
375316653866487564,3723811657236524032,0.5329142,2308.270912434692,1.849613783367198,9.955658E-6,17.361017,0.004381594,0.20975201,0.001739466,0.035830162,0.0015335667,0.48603454,0.008215403,0.7381814,0.02076456,0.08042062,0.019431936,0.09420986,0.012664106,null,null,null,null,"TWOGAUSSIANS",8,19.592543,0.20975201,0.001739466,0.20064892,0.008587974,0.4860254,0.008209029,0.7381814,0.02076456,0.4,0.048742816,0.0942007,0.012667919
375316653866487564,3723833510030099072,0.52025884,2288.3860025824297,3.026980317667717,2.0370091E-5,13.386778,0.01462363,0.20402938,0.004298967,0.09994488,0.007881366,0.18025707,0.015448881,0.71098083,0.0044192583,0.09942246,0.009451176,0.19915333,0.013836567,null,null,null,null,"TWOGAUSSIANS",8,374.02304,0.71098083,0.0044192583,0.4,0.0,0.18421395,0.007174395,0.20402938,0.004298967,0.4,0.0,0.16531765,0.011385878
375316653866487564,3724037160199462784,0.52038413,2377.4628515543204,1.4578197716617298,2.0869961E-6,17.728352,0.0011995494,0.113630794,0.021076538,0.0088011725,0.00758706,0.030102266,0.05475878,0.22700588,3.664924E-4,0.004184962,4.674886E-4,0.28081498,0.058962934,null,null,null,null,"TWOGAUSSIANS",8,1.8785989,0.22700588,3.664924E-4,0.023435786,0.002617936,0.28081498,0.058962934,0.113630794,0.021076538,0.049286567,0.042487536,0.030102266,0.05475878
375316653866487564,3724152918158016512,0.44898665,2366.212884504442,0.8927496549218953,2.0099149E-5,13.057412,0.045080293,0.23005068,0.004698995,0.19454736,0.039635234,0.16343412,0.045129042,0.7315747,0.0041714762,0.1769245,0.021618111,0.16429251,0.031479705,null,null,null,null,"TWOGAUSSIANS",8,26.279839,0.7323547,0.0045882864,0.4,0.0,0.04483302,0.0037334661,0.22935069,0.0052648894,0.4,0.0,0.038008604,0.0032557403
375316653866487564,3724189060307594880,0.5259889,2320.2596943548706,2.7785484754145595,1.800227E-5,17.52501,0.015912808,0.22746225,0.0052446555,0.042800255,0.0070555685,0.20187466,0.03843627,0.73700786,0.0031217556,0.051974803,0.013260693,0.28939214,0.0752702,0.04500843,0.02165226,0.73700786,0.0031217556,"TWOGAUSSIANS_WITH_ELLIPSOIDAL_ON_ECLIPSE2",9,16.070927,0.73700786,0.0031217556,0.2910589,0.074259885,0.37940624,0.090956815,0.22804224,0.004875134,0.23968144,0.03951118,0.29158485,0.023234047
375316653866487564,3724283313364977792,0.6414543,2291.1409455362973,3.5224603382258444,4.1934245E-6,13.944608,0.007465116,0.20587187,0.0011155042,0.045975104,0.0018363444,0.31769443,0.0198724,0.7085348,0.0013619142,0.045119893,0.002659937,0.3873678,0.020427996,0.12742862,0.010534359,0.7085348,0.0013619142,"TWOGAUSSIANS_WITH_ELLIPSOIDAL_ON_ECLIPSE2",9,160.08409,0.7085348,0.0013619142,0.2526714,0.014895647,0.64222485,0.013014473,0.20618187,9.3569036E-4,0.2574606,0.010283529,0.57248855,0.010622669
375316653866487564,3724545787406547840,0.56737643,2277.6887995064717,1.048437342504596,1.00190555E-5,16.423643,0.004246903,0.29241636,0.030643903,0.014902742,0.033275314,0.035180293,53226.676,0.66360193,0.0016902919,0.020411404,0.0027700781,0.49591917,0.040527362,null,null,null,null,"TWOGAUSSIANS",8,44.208,0.66360193,0.0016902919,0.11430386,0.015512438,0.49591917,0.040527362,0.29241636,0.030643903,0.083455354,0.18634175,0.035180293,53226.676
375316653866487564,3724790325664388608,0.5717772,2282.008225272403,4.564651379288195,9.576866E-6,17.737743,0.044004362,0.24249603,0.006962858,0.05798892,0.028743988,0.25063547,0.107523166,0.7446414,0.0042427215,0.054273855,0.01022623,0.29468063,0.09138849,0.09016149,0.049323533,0.24249603,0.006962858,"TWOGAUSSIANS_WITH_ELLIPSOIDAL_ON_ECLIPSE1",9,14.51653,0.7446414,0.0039642677,0.3039336,0.057266887,0.4749417,0.021449909,0.24249603,0.006962858,0.32473794,0.12856495,0.4309293,0.09455857
375316653866487564,3724849213960552832,0.44319266,2304.4970592015466,0.0957635733522566,8.716927E-5,18.565569,0.07303911,0.30727237,0.02841639,0.13294649,0.18500419,0.054358408,0.06795357,0.7641049,0.010278567,0.04999672,0.013182407,0.10453824,0.039762497,null,null,null,null,"TWOGAUSSIANS",8,2.9018993,0.7641049,0.010278567,0.27998164,0.073821485,0.10331821,0.030605655,0.30727237,0.02841639,0.4,0.0,0.052977122,0.0137367565
375316653866487564,3724888388357709312,0.5987189,2293.876298400467,2.6219664450664433,7.5561907E-6,15.382671,0.02474236,0.23182102,0.0015639643,0.064496234,0.005718355,0.29823714,0.054766726,0.73286015,0.0034222899,0.0587017,0.0071514435,0.26619962,0.05540938,0.0760531,0.030802436,0.23182102,0.0015639643,"TWOGAUSSIANS_WITH_ELLIPSOIDAL_ON_ECLIPSE1",9,79.485756,0.23182102,0.0015639643,0.3611789,0.03202279,0.45015433,0.011353709,0.73286015,0.0034190586,0.32872954,0.04004808,0.4181103,0.0154317375
375316653866487564,3724964838775646720,0.4587601,2253.605849389941,0.27878895459808256,3.2054653E-5,13.410556,0.00623998,0.3865059,0.010544939,0.059764676,0.011072482,0.10417435,0.029218843,0.88223577,0.0027706712,0.010863198,0.012990452,1.3118393,1.3266904,0.037344698,0.010695251,0.88223577,0.0027706712,"TWOGAUSSIANS_WITH_ELLIPSOIDAL_ON_ECLIPSE2",9,1207.6976,0.88223577,0.0027706712,0.06083391,0.07274653,1.3865166,1.3371136,0.3857859,0.008620954,0.33468217,0.0620059,0.17880687,0.025969684
375316653866487564,3725073415548866048,0.62884426,2262.0180795873493,3.6430068399784825,6.1841706E-6,15.731288,0.012578101,0.2872178,0.0030079093,0.05233116,0.0065307072,0.181548,0.02861117,0.77500063,0.0054113283,0.06009919,0.006114786,0.20758383,0.027731728,0.10058432,0.014108226,0.2872178,0.0030079093,"TWOGAUSSIANS_WITH_ELLIPSOIDAL_ON_ECLIPSE1",9,21.004028,0.77764064,0.0038826086,0.33655545,0.0342428,0.40780702,0.011821941,0.2872178,0.0030079093,0.29305452,0.03657196,0.38269895,0.008175185
375316653866487564,3725240919273414016,0.44163775,2263.1968768735824,0.1356619868848357,1.548093E-5,15.745901,0.15034515,0.30003202,0.004795049,0.11144176,0.025415365,0.25132293,0.1294209,0.8058543,0.0068361354,0.13722531,0.08615981,0.15416794,0.14286438,null,null,null,null,"TWOGAUSSIANS",8,15.88563,0.299952,0.004751206,0.4,0.0,0.20439112,0.019140236,0.8058743,0.00676192,0.4,0.0,0.10684977,0.0140988305
375316653866487564,3725260401245006592,0.4519641,2289.470832643491,0.23255992970162678,4.0902913E-5,17.013159,0.0018029668,0.25173494,0.012420075,0.043085862,0.017419474,0.020833472,0.0061763492,0.6909276,0.0032868483,0.018096229,0.008075762,0.08388486,0.026535975,null,null,null,null,"TWOGAUSSIANS",8,5.4680986,0.6909276,0.0032868483,0.10133888,0.045224264,0.08388486,0.026535975,0.25173494,0.012420075,0.24128082,0.09754905,0.020833472,0.0061763492
375316653866487564,3725369695277794432,0.48174894,2251.7975602656934,3.7370552934502097,1.768909E-5,19.24804,0.016787568,0.2504534,0.017898588,0.052427497,0.010719907,0.6339575,0.08976465,0.761341,0.0031063957,0.034265205,0.0023820512,0.622378,0.054775793,null,null,null,null,"TWOGAUSSIANS",8,14.445091,0.2504534,0.017898588,0.293594,0.060031477,0.63395745,0.08976457,0.761341,0.0031063957,0.19188514,0.013339487,0.622378,0.054775797
375316653866487564,3725423124670680960,0.469831,2267.341190862752,0.3889546852592478,1.0832707E-5,17.813307,0.011407318,0.6608063,0.03797445,0.14542638,0.035094794,0.108084954,0.020527288,0.7661462,0.009797712,0.010291491,0.0025435067,1.6718702,2.34773,null,null,null,null,"TWOGAUSSIANS",8,24.930637,0.7661462,0.009797712,0.057632346,0.014243638,1.7544283,2.3333886,0.6608063,0.03797445,0.4,0.0,0.10749893,0.020508492
375316653866487564,3725433535671423872,0.61127657,2245.35933520993,3.0344413454013197,5.1130023E-6,17.651155,0.003807433,0.2798195,0.0015335154,0.070450135,0.0017788118,0.4939117,0.015006643,0.78624666,0.0017661152,0.074460685,0.0014708759,0.4713722,0.0068228208,null,null,null,null,"TWOGAUSSIANS",8,4.2633348,0.2798195,0.0015335154,0.39452076,0.009961346,0.4917638,0.015143859,0.78624666,0.0017661152,0.4,0.0,0.46922427,0.006660119
375316653866487564,3725437147739186560,0.5266995,2295.938939333224,0.11781627061054838,6.268521E-6,15.559191,7.570844E-4,0.356401,5.1823736E-4,0.0028244823,4.5066545E-4,0.17086324,0.105674826,0.81641966,0.021307584,0.09556352,0.020711534,0.0054888413,0.0014465105,null,null,null,null,"TWOGAUSSIANS",8,3.7851374,0.356401,5.1823736E-4,0.015817102,0.0025237266,0.17086329,0.10567481,0.81641966,0.021307584,0.4,0.0,0.0054888288,0.0014465386
375316653866487564,3725539913421228160,0.5471623,2259.896511597737,3.9890950632747693,9.629295E-6,19.321669,0.016979592,0.19765681,0.021809831,0.06725475,0.023366163,0.5290963,0.26052958,0.68631744,0.0026743745,0.06861856,0.0044197515,0.6121173,0.021434816,null,null,null,null,"TWOGAUSSIANS",8,4.51923,0.68631744,0.0026743745,0.38426393,0.024750609,0.61116004,0.020882614,0.19765681,0.021809831,0.37662658,0.050106674,0.528139,0.26450658
375316653866487564,3725663166098326656,0.4438763,2288.0960284570006,0.1541515054088747,1.2661138E-4,16.217329,0.011725005,0.28877014,0.059934042,0.12725104,0.115742505,0.025226181,0.010896522,0.66340804,0.065602385,0.018381627,0.04476593,0.109203696,0.3949207,null,null,null,null,"TWOGAUSSIANS",8,11.420074,0.66340804,0.065602385,0.10293712,0.2506892,0.10951234,0.3943069,0.28877014,0.059934042,0.4,0.0,0.025203776,0.0053134495
375316653866487564,3725786551918690944,0.5125908,2290.3678134337038,0.5329642258835389,1.5390322E-5,15.712923,0.0032424368,0.15494081,0.008203176,0.01546267,0.007791506,0.06088742,0.019223686,0.6559652,0.0032092303,0.022061812,0.009917021,0.66362387,110.938034,0.024396528,0.00608831,0.6559652,0.0032092303,"TWOGAUSSIANS_WITH_ELLIPSOIDAL_ON_ECLIPSE2",9,51.191128,0.6559652,0.0032092303,0.123546146,0.055535316,0.71241695,110.940865,0.15496081,0.007979847,0.08659095,0.043632437,0.10967848,0.021190865
375316653866487564,3725860116118719488,0.46730328,2256.024662698489,2.838040287646755,6.729669E-5,15.829623,0.9199394,0.47396263,0.031342797,0.2261738,0.20107904,0.38243145,0.8938626,0.933844,0.061738934,0.13764696,0.113467515,0.1379027,0.30096045,null,null,null,null,"TWOGAUSSIANS",8,114.20293,0.4754826,0.019937415,0.4,0.0,0.21080197,0.018610444,0.933844,0.061738934,0.4,0.0,0.036123056,0.024249505
375316653866487564,3725884335438728192,0.5980285,2247.5570788713917,1.5923221380465453,5.164181E-6,17.609068,0.0062927986,0.29815647,0.0019657125,0.0866458,0.002311627,0.39610085,0.009282496,0.8074207,0.003330855,0.092512794,0.004950683,0.2439246,0.010233291,null,null,null,null,"TWOGAUSSIANS",8,4.1205997,0.29815647,0.0019657125,0.4,0.0,0.38531092,0.00846699,0.8074207,0.003330855,0.4,0.0,0.23313446,0.01046409
375316653866487564,3725935295226156416,0.6215029,2263.6086221506844,3.34561477885722,4.306486E-6,14.396816,0.027258523,0.26394397,0.002158381,0.057800606,0.008451812,0.32839936,0.05033324,0.7566045,0.0045987763,0.06124107,0.0061998586,0.3960398,0.060818925,0.08726177,0.03034988,0.26394397,0.002158381,"TWOGAUSSIANS_WITH_ELLIPSOIDAL_ON_ECLIPSE1",9,134.43301,0.7574545,0.003989107,0.34295002,0.034719206,0.5701488,0.022806756,0.26394397,0.002158381,0.3236834,0.04733015,0.5028365,0.016571667
