Gaia/vari_eclipsing_binary/VariEclipsingBinary_253016-253253.csv
# %ECSV 1.0
# ---
# delimiter: ','
# meta: !!omap
# - RELEASE: Gaia DR3
# - TABLE: vari_eclipsing_binary
# - DESCRIPTION: >
#     This table describes the properties of the eclipsing binaries resulting from the variability analysis. 
# - CITATION: >
#     How to cite and acknowledge Gaia: 
#     https://gea.esac.esa.int/archive/documentation/credits.html 
# - KNOWN_ISSUES: >
#     Known issues: 
#     https://www.cosmos.esa.int/web/gaia-users/known-issues 
# - DOCUMENTATION: >
#     Tutorials and documentation: 
#     https://www.cosmos.esa.int/web/gaia-users/archive 
# datatype:
# - 
#   name: solution_id
#   datatype: int64
#   description: Solution Identifier
#   meta:
#     ucd: meta.version
# - 
#   name: source_id
#   datatype: int64
#   description: Unique source identifier
#   meta:
#     ucd: meta.id;meta.main
# - 
#   name: global_ranking
#   datatype: float32
#   description: Number between 0 (worst) and 1 (best)
#   meta:
#     ucd: stat.param
# - 
#   name: reference_time
#   datatype: float64
#   unit: d
#   description: Reference time used for the geometric model fit
#   meta:
#     ucd: time.epoch
# - 
#   name: frequency
#   datatype: float64
#   unit: d**-1
#   description: Frequency of geometric model of the eclipsing binary light curve
#   meta:
#     ucd: src.orbital
# - 
#   name: frequency_error
#   datatype: float32
#   unit: d**-1
#   description: "Uncertainty of \\texttt{frequency}"
#   meta:
#     ucd: stat.error
# - 
#   name: geom_model_reference_level
#   datatype: float32
#   unit: mag
#   description: Magnitude reference level of geometric model
#   meta:
#     ucd: phot.mag;em.opt
# - 
#   name: geom_model_reference_level_error
#   datatype: float32
#   unit: mag
#   description: "Uncertainty of \\texttt{geomModelReferenceLevel}"
#   meta:
#     ucd: stat.error;phot.mag;em.opt
# - 
#   name: geom_model_gaussian1_phase
#   datatype: float32
#   description: Phase of the Gaussian 1 component
#   meta:
#     ucd: time.phase
# - 
#   name: geom_model_gaussian1_phase_error
#   datatype: float32
#   description: "Uncertainty of \\texttt{geomModelGaussian1Phase}"
#   meta:
#     ucd: stat.error;time.phase
# - 
#   name: geom_model_gaussian1_sigma
#   datatype: float32
#   description: "Standard deviation [phase] of Gaussian 1 component"
#   meta:
#     ucd: stat.stdev
# - 
#   name: geom_model_gaussian1_sigma_error
#   datatype: float32
#   description: "Uncertainty of \\texttt{geomModelGaussian1Sigma}"
#   meta:
#     ucd: stat.error
# - 
#   name: geom_model_gaussian1_depth
#   datatype: float32
#   unit: mag
#   description: Magnitude depth of Gaussian 1 component
#   meta:
#     ucd: src.var.amplitude
# - 
#   name: geom_model_gaussian1_depth_error
#   datatype: float32
#   unit: mag
#   description: "Uncertainty of \\texttt{geomModelGaussian1Depth}"
#   meta:
#     ucd: stat.error;src.var.amplitude
# - 
#   name: geom_model_gaussian2_phase
#   datatype: float32
#   description: Phase of Gaussian 2 component
#   meta:
#     ucd: time.phase
# - 
#   name: geom_model_gaussian2_phase_error
#   datatype: float32
#   description: "Uncertainty of \\texttt{geomModelGaussian2Phase}"
#   meta:
#     ucd: stat.error;time.phase
# - 
#   name: geom_model_gaussian2_sigma
#   datatype: float32
[...]
#   datatype: float32
#   description: "Secondary eclipse: uncertainty of \\texttt{derivedSecondaryEclDuration}"
#   meta:
#     ucd: stat.error;time.duration
# - 
#   name: derived_secondary_ecl_depth
#   datatype: float32
#   unit: mag
#   description: "Secondary eclipse: depth"
#   meta:
#     ucd: src.var.amplitude
# - 
#   name: derived_secondary_ecl_depth_error
#   datatype: float32
#   unit: mag
#   description: "Secondary eclipse: uncertainty of \\texttt{derivedSecondaryEclDepth}"
#   meta:
#     ucd: stat.error;src.var.amplitude
solution_id,source_id,global_ranking,reference_time,frequency,frequency_error,geom_model_reference_level,geom_model_reference_level_error,geom_model_gaussian1_phase,geom_model_gaussian1_phase_error,geom_model_gaussian1_sigma,geom_model_gaussian1_sigma_error,geom_model_gaussian1_depth,geom_model_gaussian1_depth_error,geom_model_gaussian2_phase,geom_model_gaussian2_phase_error,geom_model_gaussian2_sigma,geom_model_gaussian2_sigma_error,geom_model_gaussian2_depth,geom_model_gaussian2_depth_error,geom_model_cosine_half_period_amplitude,geom_model_cosine_half_period_amplitude_error,geom_model_cosine_half_period_phase,geom_model_cosine_half_period_phase_error,model_type,num_model_parameters,reduced_chi2,derived_primary_ecl_phase,derived_primary_ecl_phase_error,derived_primary_ecl_duration,derived_primary_ecl_duration_error,derived_primary_ecl_depth,derived_primary_ecl_depth_error,derived_secondary_ecl_phase,derived_secondary_ecl_phase_error,derived_secondary_ecl_duration,derived_secondary_ecl_duration_error,derived_secondary_ecl_depth,derived_secondary_ecl_depth_error
[from data line 729]
375316653866487564,2227314621748113664,0.5852513,2203.434467419135,3.270080746887821,1.0108514E-5,16.112495,0.018462123,0.15535323,0.0016254798,0.05930364,0.005673425,0.34711733,0.032638427,0.65003216,0.0070855655,0.0531588,0.009960585,0.27997255,0.034443144,0.075505905,0.019796526,0.15535323,0.0016254798,"TWOGAUSSIANS_WITH_ELLIPSOIDAL_ON_ECLIPSE1",9,43.26204,0.15535323,0.0016254798,0.3321004,0.03177118,0.49807858,0.018460339,0.65060216,0.0063342582,0.2976893,0.05577928,0.43078315,0.01405686
375316653866487564,2227315274583115264,0.56369424,2206.079304476897,0.23331703121779127,1.301552E-5,16.765882,0.0024027433,0.25670683,0.0066360445,0.013912209,0.0027856664,0.22324277,0.07002207,0.7547687,0.0088866055,0.018788489,0.006295668,0.36160913,0.0446426,null,null,null,null,"TWOGAUSSIANS",8,16.176609,0.7547687,0.0088866055,0.10521554,0.03525574,0.36160913,0.0446426,0.25670683,0.0066360445,0.077908374,0.015599731,0.22324277,0.07002207
375316653866487564,2227317160071745920,0.53297323,2203.0638744916864,3.9446556238662493,1.5135413E-5,17.839714,0.012393828,0.28551894,0.006353561,0.039764196,0.011470114,0.10440711,0.028225232,0.7784603,0.007783671,0.05951439,0.014033226,0.10864515,0.03618551,0.04283701,0.015366352,0.28551894,0.006353561,"TWOGAUSSIANS_WITH_ELLIPSOIDAL_ON_ECLIPSE1",9,6.615709,0.7797303,0.006361419,0.33328056,0.078586064,0.19417094,0.028874634,0.28551894,0.006353561,0.22267948,0.06423264,0.19007093,0.01036443
375316653866487564,2227318126441393792,0.4949359,2196.71704185463,2.1353669742078045,1.821892E-5,17.575441,0.05735008,0.2606587,0.003465088,0.16383135,0.018839316,0.23450719,0.051516842,0.7592292,0.0037583185,0.18696937,0.019683823,0.25405508,0.0548358,null,null,null,null,"TWOGAUSSIANS",8,2.325818,0.7592292,0.0038577253,0.4,0.0,0.082621284,0.0046532513,0.2612287,0.004092658,0.4,0.0,0.072846495,0.00469346
375316653866487564,2227320802203600000,0.5801373,2187.6690541877447,3.6357881824470457,3.8822377E-6,19.64236,0.0085657,0.21645635,0.0029220367,0.037403576,0.004996724,0.38823783,0.030025177,0.72581935,0.0031687312,0.03936832,0.002963013,0.3443102,0.031516053,0.15072253,0.016786987,0.21645635,0.0029220367,"TWOGAUSSIANS_WITH_ELLIPSOIDAL_ON_ECLIPSE1",9,1.8280767,0.21645635,0.0029220367,0.20946003,0.027981654,0.6896829,0.027130587,0.72581935,0.0031687312,0.22046259,0.016592873,0.64471316,0.02577328
375316653866487564,2227325513785114112,0.6060781,2169.280342623005,1.4221040801400417,4.672602E-6,18.09177,0.002668569,0.9067286,0.07455655,0.044040803,0.045527823,0.009939914,0.014439184,0.6377569,4.7456904E-4,0.0546391,9.030386E-4,0.51187044,0.007665556,null,null,null,null,"TWOGAUSSIANS",8,2.0148127,0.6377569,4.471802E-4,0.30597895,0.005057016,0.51187044,0.0076782294,0.9066786,0.2665815,0.24662851,0.24089028,0.00994272,0.49053535
375316653866487564,2227327541010112896,0.57640684,2189.864952851865,1.0808967453307958,8.0675745E-6,16.405024,0.0010347817,0.5093178,0.0010813938,0.03119601,0.0014123596,0.23587893,0.0089524975,null,null,null,null,null,null,null,null,null,null,"ONEGAUSSIAN",5,3.2666216,0.5093178,0.0010813938,0.17469765,0.007909214,0.23587893,0.0,null,null,null,null,null,null
375316653866487564,2227330938329022848,0.5003093,2217.0109080246884,3.7794258629197524,1.5312495E-5,16.345657,0.46017912,0.24664326,0.005297833,0.15082939,0.057627544,0.2770159,0.39664075,0.7382983,0.0115095675,0.15501897,0.091759145,0.24024391,0.43759927,null,null,null,null,"TWOGAUSSIANS",8,19.334352,0.24742326,0.0035626502,0.4,0.0,0.1504614,0.006497227,0.7382983,0.0115095675,0.4,0.0,0.11331491,0.008407247
375316653866487564,2227331144485327360,0.5334365,2210.1201024691595,3.2482650880799753,1.7724384E-5,18.60935,0.010921997,0.30552974,0.005027376,0.083251655,0.006162854,0.3425275,0.0156435,0.8056653,0.0040664338,0.077103324,0.004708842,0.29521826,0.014388913,null,null,null,null,"TWOGAUSSIANS",8,5.941629,0.30552974,0.005027376,0.4,0.0,0.33760682,0.015385024,0.8056653,0.0040664338,0.4,0.0,0.29029757,0.013706932
375316653866487564,2227333622683272960,0.5273739,2177.2771469616964,2.7337637451157684,1.6937793E-5,17.645294,0.008839735,0.13925484,0.004777199,0.09001451,0.00626199,0.21924943,0.011286061,0.65374905,0.007069933,0.09415727,0.012107652,0.24264733,0.017538399,null,null,null,null,"TWOGAUSSIANS",8,7.9768047,0.65374905,0.007069933,0.4,0.0,0.23332025,0.01935051,0.13925484,0.004777199,0.4,0.0,0.20992272,0.009296861
375316653866487564,2227337707194555136,0.48734513,2161.0109004483115,1.01691777400754,9.859835E-6,18.108807,0.004002505,0.22088252,0.031120684,0.11427867,0.0405554,0.011548624,0.00428039,0.70675355,0.0018063642,0.015152242,9.3708397E-4,0.41498938,0.053374723,null,null,null,null,"TWOGAUSSIANS",8,1.4670153,0.70675355,0.0018063642,0.084852554,0.00524767,0.4149825,0.053384673,0.22088252,0.031120684,0.4,0.0,0.011539892,0.004223653
375316653866487564,2227341108809171840,0.47421506,2132.64492128833,3.1793144940769342,2.636299E-5,19.562647,0.009870671,0.27634484,0.013163079,0.07775083,0.019533843,0.19577833,0.024723938,0.7603083,0.006981743,0.08849101,0.009733255,0.21919057,0.018877886,null,null,null,null,"TWOGAUSSIANS",8,2.3576229,0.7603083,0.006981743,0.4,0.0,0.21583574,0.019196212,0.27634484,0.013163079,0.4,0.013391768,0.19242358,0.027548349
375316653866487564,2227343926307255552,0.44825476,2198.079314054497,2.0738118759073716,1.4758873E-5,18.841057,0.01273924,0.23432106,0.005516648,0.033975806,0.009079127,0.15201895,0.041984588,0.7314732,0.022281481,0.026819875,0.012014339,0.16260567,0.053300083,0.036528703,0.022433838,0.23432106,0.005516648,"TWOGAUSSIANS_WITH_ELLIPSOIDAL_ON_ECLIPSE1",9,8.316912,0.7315432,0.0218668,0.1501913,0.0672803,0.23564018,0.060687486,0.23432106,0.005516648,0.19026452,0.050843112,0.22507627,0.03488278
375316653866487564,2227344029386509056,0.5493681,2232.4236055386964,1.4825180187323572,4.8339938E-5,18.77943,0.007118083,0.2290819,0.011855771,0.023304937,0.004269459,0.85326767,0.43673164,0.7446429,0.0059748744,0.030304914,0.0051835044,0.2692165,0.02305666,null,null,null,null,"TWOGAUSSIANS",8,5.5493426,0.2290819,0.011855771,0.13050765,0.023908969,0.85326767,0.43673164,0.7446429,0.0059748744,0.16970752,0.029027624,0.2692165,0.02305666
375316653866487564,2227345476793431424,0.590664,2191.6921124693677,1.6997934742313485,1.2955514E-5,16.087688,0.0028756433,0.2948935,0.0055025415,0.027265478,0.0043692193,0.020595819,0.009090632,0.7829579,0.0024313033,0.045258496,0.004829339,0.11818056,0.008586418,0.03460208,0.0039287307,0.2948935,0.0055025415,"TWOGAUSSIANS_WITH_ELLIPSOIDAL_ON_ECLIPSE1",9,8.456694,0.78398794,0.002180555,0.25344756,0.0270443,0.18702963,0.007161,0.2948935,0.0055025415,0.15268669,0.024467627,0.08979991,0.004578559
375316653866487564,2227350012279025280,0.594574,2173.31692712149,0.34190195004109736,6.788897E-6,16.627459,9.201673E-4,0.24241427,4.5254146E-4,0.017509608,8.3699106E-4,0.18598442,0.005958629,0.7423571,0.0065326714,0.022379145,0.004278831,0.16152842,0.020512229,null,null,null,null,"TWOGAUSSIANS",8,3.1375299,0.24241427,4.5254146E-4,0.0980538,0.00468715,0.18598442,0.005958629,0.7423571,0.0065326714,0.1253232,0.023961456,0.16152842,0.020512229
375316653866487564,2227352241363895296,0.52025676,2189.452522241505,2.3568400425584803,1.7046923E-5,17.538488,0.013522977,0.24754758,0.007055524,0.08748252,0.008261457,0.21756501,0.016445281,0.7510287,0.0038239027,0.090194635,0.007669211,0.21081701,0.012989698,null,null,null,null,"TWOGAUSSIANS",8,11.977883,0.24754758,0.007055524,0.4,0.0,0.2098392,0.011869123,0.7510287,0.0038239027,0.4,0.0,0.20309113,0.00879172
375316653866487564,2227357532761084928,0.4355646,2203.1770669035704,1.556264702792424,2.943861E-5,18.908403,0.0062648435,0.1784158,0.013710609,0.039260123,0.009654441,0.13387196,0.018254211,0.66510427,0.0049022054,0.041374315,0.008189288,0.09034218,0.030814901,null,null,null,null,"TWOGAUSSIANS",8,4.23308,0.1784158,0.013710609,0.21985668,0.05406487,0.13387196,0.018254213,0.66510427,0.0049022054,0.23169617,0.04586001,0.09034218,0.030814901
375316653866487564,2227357640141211136,0.5428288,2193.15239480265,1.4270118343526652,6.216983E-6,14.711523,0.045498066,0.23785788,0.0016138941,0.27054065,0.024010047,0.8818905,0.044871077,0.73511386,0.0016607192,0.16846062,0.012268468,0.5679172,0.09986005,null,null,null,null,"TWOGAUSSIANS",8,13.468689,0.23918788,0.0014950052,0.4,0.0,0.1200059,0.0027084423,0.73511386,0.0016607192,0.4,0.0,0.109967716,0.002745029
375316653866487564,2227363270837686400,0.46435767,2222.7301581603238,0.8676419120935507,4.8808342E-5,18.054018,0.0032069467,0.15226181,4.8161775E-4,0.017542133,4.5077785E-4,0.23391056,0.0046326504,0.69441146,0.012488798,0.058925644,0.020679383,0.069855325,0.021698708,null,null,null,null,"TWOGAUSSIANS",8,5.0831323,0.15226181,4.8161775E-4,0.09823594,0.002524356,0.23391056,0.0046326504,0.69441146,0.012488798,0.3299836,0.101869985,0.069855325,0.02169871
375316653866487564,2227363580075381376,0.5441703,2184.9746600449726,3.454618873543057,1.6783906E-5,19.63205,0.010006954,0.23480694,0.014299247,0.07695674,0.017481621,0.4428124,0.0443591,0.7436983,0.003239744,0.07014655,0.0037326876,0.43133318,0.013901557,null,null,null,null,"TWOGAUSSIANS",8,1.4399742,0.23480694,0.014299247,0.4,0.04770973,0.44061136,0.045127593,0.7436983,0.003239744,0.39282072,0.020655166,0.42913216,0.012815265
375316653866487564,2227365371077913472,0.5077469,2187.226388118773,3.4206707763847732,1.7331742E-5,19.27591,0.021473609,0.26859036,0.039653312,0.068849295,0.019558262,0.5001918,0.14725189,0.7713635,0.006145412,0.056911804,0.015127433,0.45343658,0.043955263,null,null,null,null,"TWOGAUSSIANS",8,8.387517,0.26859036,0.039653312,0.38555604,0.026577359,0.49986935,0.14589907,0.7713635,0.006145412,0.3187061,0.08471363,0.45311415,0.04426751
375316653866487564,2227366947334898688,0.5308933,2194.522685137022,2.7312524619588383,5.7124503E-6,18.117872,0.006514136,0.26843408,0.0014214135,0.08660233,0.0027468277,0.4334946,0.007882501,0.7677166,0.0034367016,0.083324045,0.0041661398,0.39435554,0.016035939,null,null,null,null,"TWOGAUSSIANS",8,4.149349,0.26843408,0.0014214135,0.4,0.0,0.42272204,0.0073822923,0.7677166,0.0034367016,0.4,0.0,0.383583,0.016938375
375316653866487564,2227367260867598848,0.6253242,2188.686688745049,2.6796045188756086,4.577429E-6,17.424084,0.006614786,0.30642933,0.05325852,0.08881074,0.025027068,0.37488335,0.14109549,0.80892825,0.001550105,0.07791427,0.0027099643,0.45312893,0.005888,null,null,null,null,"TWOGAUSSIANS",8,6.4641123,0.80892825,0.001550105,0.4,0.0,0.44443336,0.0070174844,0.30642933,0.05325852,0.4,0.041403472,0.36618766,0.1355659
375316653866487564,2227370937360790016,0.6236022,2156.1251116269473,3.137006334973946,5.0128915E-6,17.73777,0.009575236,0.2964489,0.0027881896,0.06938314,0.002991788,0.52660197,0.010520914,0.7937232,0.0027958704,0.07250854,0.0049139652,0.5522684,0.023769815,null,null,null,null,"TWOGAUSSIANS",8,7.4198346,0.7937232,0.0027958704,0.4,0.0021382936,0.5502398,0.024212413,0.2964489,0.0027881896,0.38854557,0.016633367,0.5245734,0.00986346
375316653866487564,2227371658914060544,0.64810133,2169.8300365225123,3.4619936714437496,5.1494276E-6,15.982049,0.0032641531,0.2581991,9.869428E-4,0.091317184,0.0022815818,0.28059158,0.0049395557,0.7576237,0.0014387536,0.08387484,0.0023627991,0.31242236,0.0074931514,null,null,null,null,"TWOGAUSSIANS",8,7.167526,0.7576237,0.0014387536,0.4,0.0,0.3024689,0.0080173435,0.2581991,9.869428E-4,0.4,0.0,0.27063793,0.0054087825
375316653866487564,2227373823577952896,0.48091212,2185.9894107159344,1.2217315581240422,2.8558161E-5,16.01181,0.005464392,0.28650588,0.021405853,0.049150176,0.019185733,0.09932682,0.018409425,0.7309901,0.0019342346,0.019548362,0.0023806926,0.15847623,0.012056647,0.03522256,0.008361616,0.7309901,0.0019342346,"TWOGAUSSIANS_WITH_ELLIPSOIDAL_ON_ECLIPSE2",9,102.71063,0.7309901,0.0019342346,0.10947082,0.013331878,0.22892135,0.012563258,0.28021586,0.022333458,0.275241,0.1074401,0.16243507,0.018083641
375316653866487564,2227378393423118720,0.5776967,2171.098759857915,2.8489423607487425,7.1449726E-6,17.261473,0.046819046,0.19557694,0.002379235,0.057482798,0.012232471,0.35036555,0.089886926,0.6967412,0.0026421684,0.059073042,0.009000799,0.32746828,0.10056727,0.07391088,0.055529352,0.19557694,0.002379235,"TWOGAUSSIANS_WITH_ELLIPSOIDAL_ON_ECLIPSE1",9,18.70417,0.19557694,0.002379235,0.32190368,0.06850184,0.49812105,0.05474189,0.6967412,0.002603345,0.33080903,0.05040447,0.47521588,0.022719027
375316653866487564,2227379248116406784,0.55626357,2193.118606340118,3.0479531529249266,7.5881844E-6,18.078575,0.00968026,0.27178025,0.0032491973,0.08869061,0.0045882384,0.4085442,0.014190803,0.7769204,0.0024129224,0.082754456,0.0047135176,0.39530045,0.026350921,null,null,null,null,"TWOGAUSSIANS",8,4.84574,0.27178025,0.0032491973,0.4,0.0,0.39807248,0.0139265265,0.7769204,0.0024129224,0.4,0.0,0.3848288,0.02807504
375316653866487564,2227385913907612032,0.5157949,2170.2907910492386,1.3278198569250763,3.3611956E-5,19.1193,0.003157181,0.14158435,0.011228895,0.028129501,0.0059966343,0.30524087,0.0404173,0.5038088,9.172431E-4,0.02726025,0.0027282413,0.11684354,0.025747348,null,null,null,null,"TWOGAUSSIANS",8,1.1144433,0.14158435,0.011228895,0.15752521,0.033581153,0.30524087,0.0404173,0.5038088,9.172431E-4,0.1526574,0.015278151,0.11684354,0.025747348
375316653866487564,2227387258234745984,0.6411363,2156.396474331666,0.38791442039335466,6.944239E-6,9.298865,8.35345E-4,0.23306873,0.0016743686,0.02544376,0.0010949231,0.3948508,0.03596122,0.732844,0.0043069306,0.025825433,0.003451703,0.3664098,0.0122686615,0.0075879265,0.0025014011,0.23306873,0.0016743686,"TWOGAUSSIANS_WITH_ELLIPSOIDAL_ON_ECLIPSE1",9,48.85747,0.23306873,0.0016743686,0.14248505,0.0061315694,0.41002664,0.036502577,0.732844,0.0042980234,0.14462243,0.019329537,0.38158563,0.012686284
375316653866487564,2227387975492704768,0.49132156,2163.5097020390444,3.7236959063189663,2.5583004E-5,17.508732,0.3371162,0.24655016,0.013403958,0.13111705,0.0640267,0.17477319,0.30264616,0.72989404,0.0076951343,0.1335413,0.07514587,0.18927689,0.3189851,null,null,null,null,"TWOGAUSSIANS",8,7.141009,0.72989404,0.0076951343,0.4,0.0,0.13542718,0.0064544785,0.24698016,0.011156056,0.4,0.0,0.1210314,0.010341794
375316653866487564,2227388903204870016,0.5146626,2198.8457360700313,1.897907197439968,1.7725286E-5,18.432686,0.0069113495,0.13070938,0.0051016496,0.0071852063,0.0056145047,0.9747151,214.6548,0.82244337,0.008785996,0.015199291,0.018074429,0.5435841,0.52521306,0.00993167,0.0106784925,0.13070938,0.0051016496,"TWOGAUSSIANS_WITH_ELLIPSOIDAL_ON_ECLIPSE1",9,18.274853,0.13070938,0.0051016496,0.040237155,0.031441227,0.99457836,214.6572,0.82244337,0.008785996,0.08511602,0.1012168,0.5461294,0.52462614
375316653866487564,2227388976221656832,0.61932176,2144.7502089289824,3.241169044730091,6.7070164E-6,17.834385,0.010544782,0.22787668,0.0036577112,0.043530826,0.003294867,0.5516067,0.035930242,0.7187173,0.002967515,0.04730315,0.004160114,0.3442924,0.023514912,0.13254267,0.013544689,0.22787668,0.0036577112,"TWOGAUSSIANS_WITH_ELLIPSOIDAL_ON_ECLIPSE1",9,6.4326277,0.22787668,0.0036577112,0.24377263,0.018451255,0.8166918,0.018345907,0.7198172,0.0023643211,0.26489764,0.02329664,0.60860527,0.015204406
