Gaia/vari_eclipsing_binary/VariEclipsingBinary_491202-491234.csv
# %ECSV 1.0
# ---
# delimiter: ','
# meta: !!omap
# - RELEASE: Gaia DR3
# - TABLE: vari_eclipsing_binary
# - DESCRIPTION: >
#     This table describes the properties of the eclipsing binaries resulting from the variability analysis. 
# - CITATION: >
#     How to cite and acknowledge Gaia: 
#     https://gea.esac.esa.int/archive/documentation/credits.html 
# - KNOWN_ISSUES: >
#     Known issues: 
#     https://www.cosmos.esa.int/web/gaia-users/known-issues 
# - DOCUMENTATION: >
#     Tutorials and documentation: 
#     https://www.cosmos.esa.int/web/gaia-users/archive 
# datatype:
# - 
#   name: solution_id
#   datatype: int64
#   description: Solution Identifier
#   meta:
#     ucd: meta.version
# - 
#   name: source_id
#   datatype: int64
#   description: Unique source identifier
#   meta:
#     ucd: meta.id;meta.main
# - 
#   name: global_ranking
#   datatype: float32
#   description: Number between 0 (worst) and 1 (best)
#   meta:
#     ucd: stat.param
# - 
#   name: reference_time
#   datatype: float64
#   unit: d
#   description: Reference time used for the geometric model fit
#   meta:
#     ucd: time.epoch
# - 
#   name: frequency
#   datatype: float64
#   unit: d**-1
#   description: Frequency of geometric model of the eclipsing binary light curve
#   meta:
#     ucd: src.orbital
# - 
#   name: frequency_error
#   datatype: float32
#   unit: d**-1
#   description: "Uncertainty of \\texttt{frequency}"
#   meta:
#     ucd: stat.error
# - 
#   name: geom_model_reference_level
#   datatype: float32
#   unit: mag
#   description: Magnitude reference level of geometric model
#   meta:
#     ucd: phot.mag;em.opt
# - 
#   name: geom_model_reference_level_error
#   datatype: float32
#   unit: mag
#   description: "Uncertainty of \\texttt{geomModelReferenceLevel}"
#   meta:
#     ucd: stat.error;phot.mag;em.opt
# - 
#   name: geom_model_gaussian1_phase
#   datatype: float32
#   description: Phase of the Gaussian 1 component
#   meta:
#     ucd: time.phase
# - 
#   name: geom_model_gaussian1_phase_error
#   datatype: float32
#   description: "Uncertainty of \\texttt{geomModelGaussian1Phase}"
#   meta:
#     ucd: stat.error;time.phase
# - 
#   name: geom_model_gaussian1_sigma
#   datatype: float32
#   description: "Standard deviation [phase] of Gaussian 1 component"
#   meta:
#     ucd: stat.stdev
# - 
#   name: geom_model_gaussian1_sigma_error
#   datatype: float32
#   description: "Uncertainty of \\texttt{geomModelGaussian1Sigma}"
#   meta:
#     ucd: stat.error
# - 
#   name: geom_model_gaussian1_depth
#   datatype: float32
#   unit: mag
#   description: Magnitude depth of Gaussian 1 component
#   meta:
#     ucd: src.var.amplitude
# - 
#   name: geom_model_gaussian1_depth_error
#   datatype: float32
#   unit: mag
#   description: "Uncertainty of \\texttt{geomModelGaussian1Depth}"
#   meta:
#     ucd: stat.error;src.var.amplitude
# - 
#   name: geom_model_gaussian2_phase
#   datatype: float32
#   description: Phase of Gaussian 2 component
#   meta:
#     ucd: time.phase
# - 
#   name: geom_model_gaussian2_phase_error
#   datatype: float32
#   description: "Uncertainty of \\texttt{geomModelGaussian2Phase}"
#   meta:
#     ucd: stat.error;time.phase
# - 
#   name: geom_model_gaussian2_sigma
#   datatype: float32
[...]
#   datatype: float32
#   description: "Secondary eclipse: uncertainty of \\texttt{derivedSecondaryEclDuration}"
#   meta:
#     ucd: stat.error;time.duration
# - 
#   name: derived_secondary_ecl_depth
#   datatype: float32
#   unit: mag
#   description: "Secondary eclipse: depth"
#   meta:
#     ucd: src.var.amplitude
# - 
#   name: derived_secondary_ecl_depth_error
#   datatype: float32
#   unit: mag
#   description: "Secondary eclipse: uncertainty of \\texttt{derivedSecondaryEclDepth}"
#   meta:
#     ucd: stat.error;src.var.amplitude
solution_id,source_id,global_ranking,reference_time,frequency,frequency_error,geom_model_reference_level,geom_model_reference_level_error,geom_model_gaussian1_phase,geom_model_gaussian1_phase_error,geom_model_gaussian1_sigma,geom_model_gaussian1_sigma_error,geom_model_gaussian1_depth,geom_model_gaussian1_depth_error,geom_model_gaussian2_phase,geom_model_gaussian2_phase_error,geom_model_gaussian2_sigma,geom_model_gaussian2_sigma_error,geom_model_gaussian2_depth,geom_model_gaussian2_depth_error,geom_model_cosine_half_period_amplitude,geom_model_cosine_half_period_amplitude_error,geom_model_cosine_half_period_phase,geom_model_cosine_half_period_phase_error,model_type,num_model_parameters,reduced_chi2,derived_primary_ecl_phase,derived_primary_ecl_phase_error,derived_primary_ecl_duration,derived_primary_ecl_duration_error,derived_primary_ecl_depth,derived_primary_ecl_depth_error,derived_secondary_ecl_phase,derived_secondary_ecl_phase_error,derived_secondary_ecl_duration,derived_secondary_ecl_duration_error,derived_secondary_ecl_depth,derived_secondary_ecl_depth_error
[from data line 181]
375316653866487564,4320723841240649088,0.42681542,2115.845480860565,0.26123309264859507,2.4951807E-5,18.89449,0.19435538,0.20005514,0.030457197,0.18262398,0.14834212,0.20308046,0.18325593,0.6452085,0.0120856585,0.054399263,0.01877225,0.42774063,0.07514068,null,null,null,null,"TWOGAUSSIANS",8,16.666475,0.6452085,0.0120856585,0.30463588,0.10512461,0.4142962,0.07053085,0.20005514,0.030457197,0.4,0.0,0.17721547,0.055263434
375316653866487564,4320723909959581568,0.5299115,2111.8713380948193,2.9619264716179674,1.6297083E-5,19.506433,0.03598352,0.2502951,0.004636186,0.09309073,0.010161637,0.4608229,0.03880257,0.7549419,0.007613498,0.101167224,0.013915821,0.45023534,0.033974487,null,null,null,null,"TWOGAUSSIANS",8,2.6864107,0.2502951,0.004636186,0.4,0.0,0.42968363,0.035043072,0.7549419,0.007613498,0.4,0.0,0.419092,0.017014608
375316653866487564,4320723909959650688,0.46558058,2155.9416723450004,0.07445514101102467,6.0195893E-5,19.645924,0.008699939,0.23846671,0.019501159,0.043344405,0.013012243,0.4843355,0.027137842,0.45119804,0.017564937,0.0626063,0.014894334,0.1360901,0.03713175,null,null,null,null,"TWOGAUSSIANS",8,6.172854,0.23855671,0.01953522,0.24272867,0.07286856,0.48475987,0.027051833,0.45119804,0.017564937,0.35059527,0.08340827,0.13609295,0.0371396
375316653866487564,4320724459747964928,0.6589288,2144.5004206123467,0.6084541896088714,1.5455697E-6,15.434771,0.0013794563,0.3093032,9.5986604E-4,0.016349783,0.0019656206,0.44722798,0.11222045,0.80742794,4.1053077E-4,0.019180274,5.069864E-4,0.33294505,0.007983571,0.00623734,0.0026991374,0.3093032,9.5986604E-4,"TWOGAUSSIANS_WITH_ELLIPSOIDAL_ON_ECLIPSE1",9,9.010925,0.3093032,9.5986604E-4,0.091558784,0.011007475,0.45970264,0.115035094,0.80742794,4.1053077E-4,0.10740954,0.0028391238,0.34541795,0.007636384
375316653866487564,4320725353101284480,0.4713766,2149.59002885674,0.03725625983339759,3.4001787E-5,19.727114,0.009676695,0.3181801,0.0191356,0.10381137,0.038927313,0.08568001,0.018719548,0.8628638,0.0024367406,0.021234378,0.0040689236,0.298232,0.024200307,null,null,null,null,"TWOGAUSSIANS",8,2.3775058,0.8628638,0.0024365096,0.11891252,0.022785973,0.2982254,0.024182713,0.3181801,0.0191356,0.4,0.0,0.085667655,0.018789824
375316653866487564,4320725421820716416,0.49112722,2137.2197967083243,0.3299755549618591,3.350011E-5,15.160436,0.0013479701,0.23552264,0.008960378,0.060464147,0.014939322,0.047915228,0.005172579,0.68274,0.023710707,0.06823181,0.01874742,0.008914944,0.0059025683,null,null,null,null,"TWOGAUSSIANS",8,6.5546203,0.23552264,0.008960378,0.33859923,0.07788624,0.047911447,0.005183803,0.68274,0.023710707,0.38209814,0.09404053,0.0089111645,0.0059013306
375316653866487564,4320725490540224256,0.58105874,2148.9797782898254,1.6899441995845017,5.506201E-6,17.102108,0.0068111112,0.31051514,0.0032231638,0.045387104,0.01485277,0.033031657,0.020811781,0.8032508,0.0033612975,0.05399986,0.006270463,0.17323123,0.019925864,0.0751552,0.011465167,0.31051514,0.0032231638,"TWOGAUSSIANS_WITH_ELLIPSOIDAL_ON_ECLIPSE1",9,6.8780413,0.8044608,0.0027045533,0.30239922,0.035114594,0.32327738,0.014007575,0.31051514,0.0032231638,0.2541678,0.08317551,0.18333869,0.010844472
375316653866487564,4320725593619472000,0.60714054,2128.8865611686665,1.379815154863739,6.7876845E-6,16.223663,0.009454524,0.2287675,0.0024241786,0.10130385,0.0053275977,0.26490268,0.010591087,0.72909904,0.0020956604,0.09237026,0.0034252843,0.3030903,0.009469316,null,null,null,null,"TWOGAUSSIANS",8,11.3381605,0.72909904,0.0020956604,0.4,0.0,0.28305468,0.005448213,0.2287675,0.0024241786,0.4,0.0,0.24486461,0.009863531
375316653866487564,4320725726703266432,0.46126804,2120.6105589179906,0.06456711325831979,4.9538885E-6,19.535267,0.007836612,0.34562594,0.0019340734,0.012144793,0.004503152,0.2528276,0.064447224,0.5339227,0.006989939,0.07190734,0.009300998,0.15235478,0.008870283,null,null,null,null,"TWOGAUSSIANS",8,3.0102668,0.34573594,0.0019078592,0.068010844,0.02521765,0.25777858,0.065262996,0.5339227,0.006989939,0.4,0.01586134,0.15235478,0.008870284
375316653866487564,4320726177703809536,0.4114687,2126.9505936307787,0.36414932378682946,7.1855015E-5,18.913315,0.0050619175,0.29961964,0.017998049,0.06868131,0.023405967,0.054016482,0.009305282,0.85475034,0.0016267957,0.012956568,0.0019772528,0.4978633,0.4206851,null,null,null,null,"TWOGAUSSIANS",8,4.6311364,0.85475034,0.0016267957,0.07255678,0.011072615,0.4978633,0.4206851,0.29961964,0.017998049,0.3846153,0.08362958,0.054016482,0.00930529
375316653866487564,4320726315174018048,0.5602606,2145.679100957366,2.851131138320138,1.8225881E-5,17.161558,0.0032358952,0.25497308,0.00426883,0.07750324,0.0044011353,0.10769444,0.0046039573,0.7481691,0.004440194,0.08265303,0.006994473,0.1149645,0.003357071,null,null,null,null,"TWOGAUSSIANS",8,2.6445696,0.7481691,0.004440194,0.4,0.0,0.113474354,0.003100888,0.25497308,0.00426883,0.4,0.0,0.10620429,0.0041852137
375316653866487564,4320726658739371264,0.5175633,2123.573454055161,1.545775786134771,1.3602364E-5,19.827242,0.014863441,0.24825226,0.0057669715,0.067255825,0.008377598,0.22209303,0.03228742,0.7620023,0.0031249407,0.06356311,0.004597538,0.50914365,0.025501154,null,null,null,null,"TWOGAUSSIANS",8,2.5467196,0.7620023,0.0031249407,0.3559534,0.025746213,0.5088482,0.025396856,0.24825226,0.0057669715,0.37663263,0.041105445,0.22179757,0.032270074
375316653866487564,4320726693131006080,0.5283751,2136.487592537187,0.3106043379983792,3.037037E-5,15.944085,0.0012300411,0.29703143,3.1571908E-5,0.020056572,2.7814892E-4,0.050820354,0.0012470229,0.75306684,0.011576223,0.02949711,0.008408611,0.12895522,0.008186041,null,null,null,null,"TWOGAUSSIANS",8,8.18597,0.75306684,0.011576223,0.16518381,0.047088217,0.12895522,0.008186041,0.29703143,3.1571908E-5,0.1123168,0.001557634,0.050820354,0.0012470229
375316653866487564,4320727174167431296,0.44234726,2115.172932333001,0.4621767435752406,3.6514484E-5,15.753796,0.005862327,0.29295766,0.018469691,0.07532696,0.028693428,0.04751764,0.018968744,0.76262707,0.0076351035,0.04151976,0.016921861,0.099524654,0.027504137,null,null,null,null,"TWOGAUSSIANS",8,65.734024,0.76262707,0.0076351035,0.23251066,0.094762415,0.09952071,0.02766658,0.29295766,0.018469691,0.4,0.0803649,0.047513694,0.018993946
375316653866487564,4320727277246596096,0.56282896,2134.9696193074274,2.047040672008125,6.4512187E-6,16.859386,0.015616905,0.19785891,0.0022782316,0.11053364,0.010667961,0.121223316,0.0145103475,0.6917562,0.0031288555,0.12666774,0.01594322,0.09737169,0.015122688,null,null,null,null,"TWOGAUSSIANS",8,1.289379,0.19790891,0.002270387,0.4,0.0,0.099308535,0.0022434976,0.6917562,0.0031288555,0.4,0.0,0.075384,0.0018242709
375316653866487564,4320727375971453696,0.43260396,2117.553239319056,2.2924424056702786,4.674844E-5,19.07911,0.006379768,0.40746796,0.01609434,0.11538217,0.015986383,0.12267102,0.010247343,0.70396876,0.009060332,0.02023067,0.0080255335,0.09954948,0.19238636,null,null,null,null,"TWOGAUSSIANS",8,2.8875062,0.40746796,0.01609434,0.4,0.0,0.122650504,0.010227754,0.70396876,0.009060332,0.11329175,0.04494299,0.10404555,0.19242351
375316653866487564,4320727449013535360,0.500279,2134.445122057178,3.4939050982475246,3.5446697E-5,19.242163,0.017237479,0.1451376,0.0044017714,0.092940256,0.007897626,0.23008054,0.017707499,0.63631237,0.009233473,0.10136523,0.013048564,0.23937006,0.01921534,null,null,null,null,"TWOGAUSSIANS",8,1.6248838,0.63631237,0.009233473,0.4,0.0,0.22415224,0.016630791,0.1451376,0.004401579,0.4,0.0,0.21486516,0.011317402
375316653866487564,4320727449045309568,0.5558222,2131.470907240953,2.3840753863404878,4.5717297E-6,17.310501,0.007602021,0.23442118,0.001034017,0.055217028,0.0040387544,0.12876464,0.01936392,0.74209714,0.010669633,0.047392324,0.01057515,0.08753911,0.020063994,0.105874196,0.011636831,0.23442118,0.001034017,"TWOGAUSSIANS_WITH_ELLIPSOIDAL_ON_ECLIPSE1",9,7.5725937,0.23442118,0.001034017,0.30921537,0.022617025,0.34050843,0.0062217424,0.74209714,0.010669633,0.265397,0.05922084,0.29879075,0.008804762
375316653866487564,4320728926484747264,0.45782053,2127.5990739173067,1.7354063588547486,3.084532E-5,19.681904,0.009308293,0.2845633,0.014162935,0.070824064,0.01199927,0.22122286,0.030512745,0.8002836,0.007550012,0.05239295,0.007621969,0.22254227,0.019118704,null,null,null,null,"TWOGAUSSIANS",8,2.3261075,0.8002836,0.007550012,0.29340053,0.042683028,0.22247344,0.01909338,0.2845633,0.014162935,0.39661476,0.053040784,0.22115403,0.030537011
375316653866487564,4320728926514497536,0.54421306,2158.1111570441417,0.24260459481742808,9.481919E-5,16.665874,0.0015144901,0.7294359,0.015767219,0.02499902,0.026916785,0.010710706,0.009068621,0.89966965,5.7396304E-4,0.005453062,0.0012117577,0.22849727,0.11856423,null,null,null,null,"TWOGAUSSIANS",8,3.420325,0.89966965,5.7396304E-4,0.030537145,0.0067858426,0.22849727,0.11856409,0.7294359,0.015767219,0.13999452,0.15073399,0.010710706,0.009068621
375316653866487564,4320729167002978432,0.5350898,2128.9734336893976,2.6289682483827392,1.0989211E-5,19.51423,0.015233116,0.13274235,0.0067459927,0.07856472,0.010105227,0.30483302,0.016299099,0.6246571,0.003580417,0.08321566,0.0047872867,0.40713757,0.01679915,null,null,null,null,"TWOGAUSSIANS",8,1.5069244,0.6246571,0.003580417,0.4,0.0,0.4020384,0.014364313,0.13274235,0.0067459927,0.4,0.0,0.29973385,0.016888985
375316653866487564,4320729613709259776,0.6504215,2117.606106627767,0.094203516160248,3.3702043E-5,15.303674,5.4862886E-4,0.77045935,0.028223837,0.015096384,0.007794802,0.44514167,1.2593617,null,null,null,null,null,null,null,null,null,null,"ONEGAUSSIAN",5,3.0038059,0.77045935,0.028223837,0.08453975,0.04365089,0.44514167,0.0,null,null,null,null,null,null
375316653866487564,4320729781155696000,0.5089288,2149.38994114589,2.9336069189829277,1.6209231E-5,18.720663,0.015399926,0.32432166,0.003817828,0.0948286,0.0068449676,0.32063353,0.018748851,0.84146893,0.0064633205,0.09452425,0.007849809,0.282804,0.020622797,null,null,null,null,"TWOGAUSSIANS",8,4.8301334,0.32432166,0.003817828,0.4,0.0,0.3061804,0.017611353,0.84146893,0.0064633205,0.4,0.0,0.26835105,0.019309875
375316653866487564,4320729815522988800,0.43186364,2122.923017341571,0.9999857957159584,6.7582434E-5,19.8402,0.0177587,0.10105219,0.008253557,0.022659808,0.0030837676,1.0862005,0.49260047,0.47707772,0.10687002,0.018666709,0.064396225,0.33982247,0.22773083,null,null,null,null,"TWOGAUSSIANS",8,5.4626255,0.10105219,0.008253557,0.12689492,0.0172691,1.0862005,0.49260065,0.47707772,0.10687002,0.10453357,0.29184613,0.33982247,0.22773375
375316653866487564,4320730403983417344,0.524276,2151.1136011337585,0.014564190885891452,3.8348666E-5,17.652225,0.0030650226,0.31646362,2.8188172E-4,0.0034838747,7.135665E-5,2.8962214,0.29543942,0.8749299,0.0034735363,0.017602643,0.014952924,0.02414147,0.2040962,null,null,null,null,"TWOGAUSSIANS",8,5.2028613,0.31646362,2.8188172E-4,0.019509697,3.9959722E-4,2.8962214,0.29543942,0.8749299,0.0034735363,0.098574795,0.083736375,0.02414147,0.2040962
375316653866487564,4320730541393027456,0.47586206,2104.051772409528,0.1091887196334136,6.207514E-5,19.788204,0.019953113,0.24948332,0.013683581,0.09887082,0.0162648,0.33548528,0.041886687,0.9045661,0.020851463,0.022052,0.0155568505,0.18455917,0.07857079,null,null,null,null,"TWOGAUSSIANS",8,3.2608502,0.24948332,0.013683581,0.4,0.0,0.3354834,0.041885104,0.90463614,0.020864526,0.1234912,0.08711836,0.18532205,0.07854288
375316653866487564,4320731327344003840,0.4891189,2139.2171845686084,2.4666150063918093,1.6836097E-5,19.240334,0.011330895,0.32338482,0.003977673,0.07258961,0.0069860737,0.40211576,0.0510121,0.8228266,0.016895143,0.048898097,0.013737866,0.36403647,0.05587911,null,null,null,null,"TWOGAUSSIANS",8,7.236048,0.32338482,0.003977673,0.4,0.01972008,0.40195972,0.051100895,0.8228266,0.016895143,0.27382934,0.07693205,0.36388043,0.055929195
375316653866487564,4320731469105660928,0.48994482,2152.9551490236277,1.3795523461265675,1.5809192E-5,18.520792,0.015053354,0.270147,0.0041973395,0.09011188,0.009014267,0.18367273,0.015040116,0.7806466,0.00952481,0.08685875,0.025150333,0.097260274,0.013819635,null,null,null,null,"TWOGAUSSIANS",8,2.9476469,0.270147,0.0041973395,0.4,0.0,0.17950515,0.011431641,0.7806466,0.00952481,0.4,0.0,0.09309278,0.013014111
375316653866487564,4320731709653337088,0.5876024,2159.852414631022,0.6243352627136597,8.959385E-6,17.86327,0.0018078974,0.28071573,0.0017565099,0.029359195,0.002486908,0.3601085,0.029268924,0.7834419,0.016688706,0.016895259,0.0051426007,1.3569077,1.0413151,0.015526819,0.0035788117,0.7834419,0.016688706,"TWOGAUSSIANS_WITH_ELLIPSOIDAL_ON_ECLIPSE2",9,2.2232523,0.7834419,0.016688706,0.09461345,0.028798563,1.3879613,1.0390836,0.28073573,0.0017358065,0.16441149,0.013926686,0.39115307,0.029904144
375316653866487564,4320731743983410688,0.4440757,2134.6882939245847,2.6165890596200145,2.4565406E-5,19.120094,0.034170475,0.24861363,0.0111585865,0.096643694,0.026856286,0.17253782,0.02869437,0.7425242,0.010007172,0.09940001,0.023672923,0.18190113,0.044191044,null,null,null,null,"TWOGAUSSIANS",8,4.64248,0.7425242,0.010007172,0.4,0.0,0.16924265,0.03828756,0.24861363,0.0111585865,0.4,0.0,0.15988001,0.024226336
375316653866487564,4320731881422642048,0.44031343,2126.6391031712315,2.5918934490067143,4.2540098E-5,19.80023,0.016483037,0.18309174,0.01652864,0.06529785,0.028235303,0.18987098,0.07560643,0.72375286,0.009190234,0.061246514,0.01612195,0.140697,0.025708094,null,null,null,null,"TWOGAUSSIANS",8,2.397216,0.18309174,0.01652864,0.36566797,0.11747301,0.1898353,0.07603822,0.72375286,0.009190234,0.34298047,0.09028292,0.14066133,0.025626628
375316653866487564,4320731881422642304,0.49171644,2107.7652544416255,2.4488700138881847,2.7751905E-5,19.38807,0.059568014,0.2821321,0.007028473,0.117564686,0.04579692,0.2030474,0.031480916,0.7825744,0.007295617,0.09339919,0.019089539,0.19391756,0.055148475,null,null,null,null,"TWOGAUSSIANS",8,1.5294462,0.2821321,0.007028473,0.4,0.0,0.17935441,0.032897584,0.7825744,0.007305717,0.4,0.0,0.17027234,0.017861396
375316653866487564,4320731881452467200,0.55703163,2155.1685893656995,1.532399548422716,1.8941604E-5,16.439938,0.003973647,0.2497923,0.003762461,0.03424636,0.0048725633,0.2569925,0.014720144,0.71610284,0.043686427,0.033221576,0.023924617,0.049192417,0.024249198,0.020106541,0.007300851,0.2497923,0.003762461,"TWOGAUSSIANS_WITH_ELLIPSOIDAL_ON_ECLIPSE1",9,24.669518,0.2497923,0.003762461,0.19177961,0.027286354,0.2972055,0.01319975,0.71829283,0.03863254,0.18604083,0.13397786,0.08774393,0.021278132
375316653866487564,4320732706086191104,0.6607562,2110.032110621582,0.3688797595250343,1.1227772E-5,14.949089,8.9151185E-4,0.7497577,0.0016745694,0.019663464,0.002526023,0.44396508,0.039946984,null,null,null,null,null,null,0.005051972,0.0015535466,0.7497577,0.0016745694,"ONEGAUSSIAN_WITH_ELLIPSOIDAL",6,14.39425,0.7497577,0.0016745694,0.1101154,0.014145728,0.45406902,0.04027977,null,null,null,null,null,null
375316653866487564,4320732912244320768,0.49444526,2127.721796509086,0.29045391829038913,6.3231484E-5,15.038412,7.4573717E-4,0.34034094,0.009582263,0.061231483,0.0064458977,0.04845128,0.0037121582,0.8448673,0.07987948,0.041810546,0.040535532,0.03747067,1043.5905,null,null,null,null,"TWOGAUSSIANS",8,6.0926323,0.34034094,0.009582263,0.34289628,0.036097027,0.048450742,0.0037121568,0.8448673,0.07987948,0.23413906,0.22699897,0.037470136,1043.5905
375316653866487564,4320733358926332544,0.5636581,2106.2881086352513,2.6415627888028492,1.02362865E-5,19.520525,0.0111415,0.2584105,0.0039698477,0.06816992,0.0033306268,0.49221402,0.020767648,0.7595838,0.0047467533,0.06756824,0.0053359303,0.66472185,0.025083337,null,null,null,null,"TWOGAUSSIANS",8,2.7113948,0.7595838,0.0047467533,0.37838215,0.029881211,0.6634698,0.025169242,0.2584105,0.0039698477,0.38175157,0.01865151,0.490962,0.020574175
