Gaia/vari_eclipsing_binary/VariEclipsingBinary_478365-478449.csv
# %ECSV 1.0
# ---
# delimiter: ','
# meta: !!omap
# - RELEASE: Gaia DR3
# - TABLE: vari_eclipsing_binary
# - DESCRIPTION: >
#     This table describes the properties of the eclipsing binaries resulting from the variability analysis. 
# - CITATION: >
#     How to cite and acknowledge Gaia: 
#     https://gea.esac.esa.int/archive/documentation/credits.html 
# - KNOWN_ISSUES: >
#     Known issues: 
#     https://www.cosmos.esa.int/web/gaia-users/known-issues 
# - DOCUMENTATION: >
#     Tutorials and documentation: 
#     https://www.cosmos.esa.int/web/gaia-users/archive 
# datatype:
# - 
#   name: solution_id
#   datatype: int64
#   description: Solution Identifier
#   meta:
#     ucd: meta.version
# - 
#   name: source_id
#   datatype: int64
#   description: Unique source identifier
#   meta:
#     ucd: meta.id;meta.main
# - 
#   name: global_ranking
#   datatype: float32
#   description: Number between 0 (worst) and 1 (best)
#   meta:
#     ucd: stat.param
# - 
#   name: reference_time
#   datatype: float64
#   unit: d
#   description: Reference time used for the geometric model fit
#   meta:
#     ucd: time.epoch
# - 
#   name: frequency
#   datatype: float64
#   unit: d**-1
#   description: Frequency of geometric model of the eclipsing binary light curve
#   meta:
#     ucd: src.orbital
# - 
#   name: frequency_error
#   datatype: float32
#   unit: d**-1
#   description: "Uncertainty of \\texttt{frequency}"
#   meta:
#     ucd: stat.error
# - 
#   name: geom_model_reference_level
#   datatype: float32
#   unit: mag
#   description: Magnitude reference level of geometric model
#   meta:
#     ucd: phot.mag;em.opt
# - 
#   name: geom_model_reference_level_error
#   datatype: float32
#   unit: mag
#   description: "Uncertainty of \\texttt{geomModelReferenceLevel}"
#   meta:
#     ucd: stat.error;phot.mag;em.opt
# - 
#   name: geom_model_gaussian1_phase
#   datatype: float32
#   description: Phase of the Gaussian 1 component
#   meta:
#     ucd: time.phase
# - 
#   name: geom_model_gaussian1_phase_error
#   datatype: float32
#   description: "Uncertainty of \\texttt{geomModelGaussian1Phase}"
#   meta:
#     ucd: stat.error;time.phase
# - 
#   name: geom_model_gaussian1_sigma
#   datatype: float32
#   description: "Standard deviation [phase] of Gaussian 1 component"
#   meta:
#     ucd: stat.stdev
# - 
#   name: geom_model_gaussian1_sigma_error
#   datatype: float32
#   description: "Uncertainty of \\texttt{geomModelGaussian1Sigma}"
#   meta:
#     ucd: stat.error
# - 
#   name: geom_model_gaussian1_depth
#   datatype: float32
#   unit: mag
#   description: Magnitude depth of Gaussian 1 component
#   meta:
#     ucd: src.var.amplitude
# - 
#   name: geom_model_gaussian1_depth_error
#   datatype: float32
#   unit: mag
#   description: "Uncertainty of \\texttt{geomModelGaussian1Depth}"
#   meta:
#     ucd: stat.error;src.var.amplitude
# - 
#   name: geom_model_gaussian2_phase
#   datatype: float32
#   description: Phase of Gaussian 2 component
#   meta:
#     ucd: time.phase
# - 
#   name: geom_model_gaussian2_phase_error
#   datatype: float32
#   description: "Uncertainty of \\texttt{geomModelGaussian2Phase}"
#   meta:
#     ucd: stat.error;time.phase
# - 
#   name: geom_model_gaussian2_sigma
#   datatype: float32
[...]
#   datatype: float32
#   description: "Secondary eclipse: uncertainty of \\texttt{derivedSecondaryEclDuration}"
#   meta:
#     ucd: stat.error;time.duration
# - 
#   name: derived_secondary_ecl_depth
#   datatype: float32
#   unit: mag
#   description: "Secondary eclipse: depth"
#   meta:
#     ucd: src.var.amplitude
# - 
#   name: derived_secondary_ecl_depth_error
#   datatype: float32
#   unit: mag
#   description: "Secondary eclipse: uncertainty of \\texttt{derivedSecondaryEclDepth}"
#   meta:
#     ucd: stat.error;src.var.amplitude
solution_id,source_id,global_ranking,reference_time,frequency,frequency_error,geom_model_reference_level,geom_model_reference_level_error,geom_model_gaussian1_phase,geom_model_gaussian1_phase_error,geom_model_gaussian1_sigma,geom_model_gaussian1_sigma_error,geom_model_gaussian1_depth,geom_model_gaussian1_depth_error,geom_model_gaussian2_phase,geom_model_gaussian2_phase_error,geom_model_gaussian2_sigma,geom_model_gaussian2_sigma_error,geom_model_gaussian2_depth,geom_model_gaussian2_depth_error,geom_model_cosine_half_period_amplitude,geom_model_cosine_half_period_amplitude_error,geom_model_cosine_half_period_phase,geom_model_cosine_half_period_phase_error,model_type,num_model_parameters,reduced_chi2,derived_primary_ecl_phase,derived_primary_ecl_phase_error,derived_primary_ecl_duration,derived_primary_ecl_duration_error,derived_primary_ecl_depth,derived_primary_ecl_depth_error,derived_secondary_ecl_phase,derived_secondary_ecl_phase_error,derived_secondary_ecl_duration,derived_secondary_ecl_duration_error,derived_secondary_ecl_depth,derived_secondary_ecl_depth_error
[from data line 189]
375316653866487564,4207949678042594688,0.52755344,2192.030919135155,3.1735434267632123,1.3261528E-5,19.824577,0.018452095,0.25078556,0.024244862,0.065909535,0.012692912,0.5141739,0.05686716,0.75935745,0.0061424854,0.062797174,0.0049335337,0.4433602,0.02207746,null,null,null,null,"TWOGAUSSIANS",8,2.4315794,0.25078556,0.024244862,0.36909342,0.071080305,0.51378465,0.05696285,0.75935745,0.0061424854,0.35166416,0.027627788,0.44297093,0.021816358
375316653866487564,4207950506976370048,0.5624732,2201.69176288079,1.0915605758008537,2.0071675E-5,16.268238,0.0054044845,0.2125646,0.009727978,0.028147135,0.006678144,1.106005,0.4952288,0.40519822,0.015435389,0.01880296,0.0069270246,0.25213116,0.2964423,0.011113613,0.006664178,0.40519822,0.015435389,"TWOGAUSSIANS_WITH_ELLIPSOIDAL_ON_ECLIPSE2",9,124.06073,0.2126346,0.009686436,0.15762395,0.03739761,1.1087726,0.49598712,0.40519822,0.015435389,0.105296575,0.03879134,0.2743582,0.29754257
375316653866487564,4207951881365997568,0.6563178,2193.4476740218574,0.8455928926375368,5.176134E-6,15.016306,0.0066044,0.3099333,0.002772936,0.07724509,0.0030596377,0.4468303,0.011665329,0.810801,0.0031928588,0.08565692,0.0029809128,0.3480681,0.010541251,null,null,null,null,"TWOGAUSSIANS",8,34.107903,0.3099333,0.002772936,0.4,0.0,0.43991274,0.011860922,0.810801,0.0031928588,0.4,0.0,0.3411505,0.009795583
375316653866487564,4207954282255019520,0.52229047,2257.0255816495073,0.5810073847121885,9.152881E-5,17.794395,0.010165789,0.20354362,0.022041434,0.052693646,0.023900887,0.061851077,0.02200764,0.72573775,0.10450605,0.052945007,0.0294304,1.8539114,10.801614,null,null,null,null,"TWOGAUSSIANS",8,21.46654,0.72573775,0.10450605,0.29649204,0.13946131,1.8539082,10.801561,0.20354362,0.022041263,0.29508442,0.13384496,0.061847914,0.021958124
375316653866487564,4207954557125390592,0.6285317,2238.3417087435632,1.2257476057570937,1.23537E-5,17.176414,0.008034204,0.20099762,0.007298377,0.034682523,0.0067104925,0.5103593,0.03546705,0.69593203,0.00377742,0.030201724,0.007492859,0.066430524,0.01979772,0.014301344,0.012710729,0.20099762,0.007298377,"TWOGAUSSIANS_WITH_ELLIPSOIDAL_ON_ECLIPSE1",9,7.6710277,0.20099762,0.007298377,0.19422214,0.037578758,0.538962,0.026290296,0.696082,0.0036033078,0.16912965,0.041960012,0.09500511,0.00915757
375316653866487564,4207955347403804160,0.51107824,2165.068508551532,2.4948401467615557,1.7635266E-5,19.067049,0.15605122,0.22825918,0.008537239,0.115377344,0.04301619,0.25126514,0.14654198,0.7252954,0.014160432,0.13576244,0.06340076,0.27089667,0.15324844,null,null,null,null,"TWOGAUSSIANS",8,2.304693,0.7252954,0.014160432,0.4,0.0,0.20074385,0.023524141,0.22832918,0.008465582,0.4,0.0,0.18168643,0.026460808
375316653866487564,4207956382491996416,0.64110535,2230.400784970103,2.05683328181774,6.8236677E-6,16.301508,0.016609287,0.24686585,0.010561739,0.06941486,0.008504773,0.18887766,0.045550372,0.73648775,0.004429634,0.055829823,0.008633566,0.26946354,0.039111458,0.10225156,0.01896076,0.73648775,0.004429634,"TWOGAUSSIANS_WITH_ELLIPSOIDAL_ON_ECLIPSE2",9,11.690683,0.73648775,0.004429634,0.312647,0.04834797,0.47379038,0.04005428,0.24383587,0.0067198323,0.38872322,0.047356833,0.39258903,0.022427391
375316653866487564,4207956824868478848,0.60499936,2223.804414474287,3.6762993319702946,1.05685385E-5,17.195604,0.008791355,0.16640908,0.004013369,0.09091357,0.0076329103,0.2606938,0.010618939,0.6741716,0.0031444996,0.07932537,0.0067289,0.32026476,0.013467935,null,null,null,null,"TWOGAUSSIANS",8,7.481788,0.6741716,0.0031444996,0.4,0.0,0.31357768,0.013961105,0.16640908,0.004013369,0.4,0.0,0.25400653,0.010221795
375316653866487564,4207957065386761472,0.5494793,2195.731963227523,2.844343557286282,1.8165007E-5,18.036621,0.22915559,0.25628152,0.009553024,0.14447433,0.021472404,0.5972784,0.21761324,0.72900593,0.008948956,0.15510522,0.03535204,0.54293865,0.21562028,null,null,null,null,"TWOGAUSSIANS",8,6.1534934,0.25880152,0.008011383,0.4,0.0,0.36320716,0.01691188,0.72900593,0.008948956,0.4,0.0,0.30547667,0.019511199
375316653866487564,4207958577214970368,0.5206128,2194.400342964761,2.0934668916415236,2.0221903E-5,18.046753,0.012997381,0.10422771,0.0053786067,0.09621916,0.013110437,0.10554683,0.012181993,0.59296244,0.0034382287,0.085627295,0.0179125,0.10908112,0.010516266,null,null,null,null,"TWOGAUSSIANS",8,1.2619395,0.59296244,0.0034382287,0.4,0.0,0.10497138,0.011803438,0.10422771,0.0053786067,0.4,0.0,0.101436764,0.0090242205
375316653866487564,4207962670323829376,0.55393195,2207.8796919569504,2.7099671212038543,1.7130595E-5,17.231764,0.014367382,0.1628694,0.0051666056,0.09438565,0.009396209,0.20642027,0.015445838,0.68478805,0.007269929,0.08724946,0.010937345,0.23066133,0.015498436,null,null,null,null,"TWOGAUSSIANS",8,7.0629644,0.68478805,0.007269929,0.4,0.0,0.22365648,0.01192811,0.1628694,0.0051666056,0.4,0.0,0.19941488,0.01157394
375316653866487564,4207964693246479744,0.5173814,2183.2734914218013,3.1121143346698736,2.2706892E-5,19.613646,0.05180979,0.19970049,0.010196353,0.08042939,0.022578087,0.39575586,0.09454471,0.6931026,0.006955564,0.07362959,0.01239255,0.54460436,0.1514678,null,null,null,null,"TWOGAUSSIANS",8,3.3275297,0.6931026,0.006955564,0.4,0.029546283,0.5404794,0.15019254,0.19970049,0.010196353,0.4,0.0,0.3916309,0.09906933
375316653866487564,4207965139924955136,0.47095767,2214.3077419522833,3.170689488208295,4.923072E-5,19.30115,0.2507854,0.27786914,0.00953763,0.12953475,0.03056975,0.43913803,0.2098862,0.78554755,0.005471299,0.1812785,0.06609596,0.37981588,0.24897611,null,null,null,null,"TWOGAUSSIANS",8,2.0121686,0.27671915,0.008559898,0.4,0.0,0.24974114,0.029197387,0.7858376,0.0053214724,0.4,0.0,0.17389846,0.017903546
375316653866487564,4207965522184539008,0.49939266,2167.1527558784087,0.6314267802816395,6.6275985E-5,18.706526,0.021504918,0.22485618,0.020049071,0.05013737,0.01730935,0.43626693,0.2041874,0.5813652,0.014473557,0.15452792,0.018278154,0.45208478,0.03901854,null,null,null,null,"TWOGAUSSIANS",8,10.503046,0.22765619,0.018713348,0.2807693,0.09693237,0.4618156,0.20669748,0.5813652,0.014473557,0.4,0.0,0.44531775,0.03603101
375316653866487564,4207968988210176640,0.5465614,2162.329961712508,2.000246016850029,9.24275E-6,18.160713,0.0042121913,0.2503199,0.01190251,0.072631456,0.019048804,0.11261684,0.071234755,0.7408918,4.7792034E-4,0.057961415,0.0011251904,0.50340986,0.015937105,null,null,null,null,"TWOGAUSSIANS",8,4.3922396,0.7408918,4.7792034E-4,0.32458392,0.006301066,0.50319934,0.015959794,0.2503199,0.01190251,0.4,0.08119709,0.112406366,0.071429215
375316653866487564,4207969228728703488,0.5314246,2173.6491012283427,3.6914311668593656,3.000811E-5,19.134377,0.04120708,0.30444345,0.005763477,0.09240931,0.015944753,0.34529197,0.039812226,0.7911717,0.010442247,0.09977646,0.019719096,0.37845612,0.042515624,null,null,null,null,"TWOGAUSSIANS",8,3.8633797,0.7911717,0.010442247,0.4,0.0,0.35800454,0.04072662,0.30444345,0.005764022,0.4,0.0,0.3248433,0.02565121
375316653866487564,4207973699799992704,0.5774681,2207.2279085710306,3.140901501897741,1.5809412E-5,16.796213,0.010418256,0.24162047,0.0037901688,0.059733864,0.012090966,0.11241535,0.035562064,0.74281365,0.009703932,0.040230833,0.015655776,0.113731466,0.025996028,0.08555669,0.016039079,0.24162047,0.0037901688,"TWOGAUSSIANS_WITH_ELLIPSOIDAL_ON_ECLIPSE1",9,20.175928,0.74281365,0.009188513,0.22529267,0.087672345,0.28481728,0.035734534,0.24162047,0.0037901688,0.33450964,0.06770941,0.2835108,0.023705937
375316653866487564,4207974180827795584,0.46637812,2164.493165067107,0.3774421860750789,4.7571477E-5,16.904125,0.0039057727,0.1807928,0.012877174,0.0498923,0.012919788,0.07790627,0.027538504,0.6767625,0.0071130195,0.044322938,0.015327076,0.10471952,0.040180363,null,null,null,null,"TWOGAUSSIANS",8,9.654082,0.6767625,0.0071130195,0.24820845,0.08583163,0.104719415,0.04018424,0.1807928,0.012877174,0.27939686,0.072350815,0.07790616,0.027538769
375316653866487564,4207974215187660160,0.5289264,2165.7594017558763,1.5030457333883414,4.5514567E-5,17.913952,0.013054264,0.3302301,0.008635664,0.026409756,0.02056747,0.4269868,2.714906,null,null,null,null,null,null,0.09495854,0.028719839,0.3302301,0.008635664,"ONEGAUSSIAN_WITH_ELLIPSOIDAL",6,27.40232,0.3302301,0.008635664,0.14789464,0.115177825,0.6169037,2.71782,null,null,null,null,null,null
375316653866487564,4207975035530306944,0.5084151,2159.1442087271907,0.9631254882088481,2.115051E-4,17.322392,0.005559815,0.40889162,0.045778714,0.034483127,0.01858363,0.24944946,0.19657376,0.09832305,0.04738648,0.03002965,0.012981365,0.055417467,0.039013285,0.011246003,0.011320908,0.40889162,0.045778714,"TWOGAUSSIANS_WITH_ELLIPSOIDAL_ON_ECLIPSE1",9,15.497465,0.40889162,0.045778714,0.1931055,0.104068324,0.27194142,0.2116399,0.09832305,0.04738648,0.16816604,0.07269565,0.058520652,0.03911722
375316653866487564,4207977715585116672,0.5405078,2191.5562922095382,3.208665677683995,2.557517E-5,19.617159,0.022865321,0.251132,0.0035950704,0.07374729,0.0064533497,0.4088499,0.021752074,0.73716146,0.0117516555,0.08262549,0.011150746,0.49604034,0.029616574,null,null,null,null,"TWOGAUSSIANS",8,1.9088306,0.73716146,0.0117516555,0.4,0.0,0.49196333,0.026620815,0.251132,0.0035950704,0.4,0.0,0.4047729,0.01569903
375316653866487564,4207980021984078848,0.53247446,2154.9774904402016,3.652550591939804,1.2277873E-5,19.556437,0.019572832,0.26346856,0.013690811,0.087576285,0.023259116,0.34523895,0.25165337,0.7459167,0.0027849565,0.06721802,0.004331747,0.5369443,0.019565314,null,null,null,null,"TWOGAUSSIANS",8,3.3215375,0.7459167,0.0027849565,0.37642094,0.024257783,0.53386337,0.018128961,0.26346856,0.013690811,0.4,0.010037654,0.34215787,0.25462878
375316653866487564,4207980533080441216,0.5573837,2179.254219250608,2.941764658602668,1.9603494E-5,18.58342,0.052183013,0.22324814,0.013623264,0.10762005,0.025029516,0.426197,0.05614679,0.7122814,0.004548359,0.09624565,0.0142462505,0.4155096,0.044594374,null,null,null,null,"TWOGAUSSIANS",8,4.9708986,0.22324814,0.013623264,0.4,0.0,0.38984203,0.04897001,0.7122814,0.004548359,0.4,0.0,0.3791727,0.019602718
375316653866487564,4207982873850456704,0.6451993,2223.194352840381,2.765599602215745,7.255102E-6,14.367822,0.019822396,0.26967764,0.005370213,0.05831078,0.007425954,0.30158907,0.041991815,0.7717737,0.0036118852,0.059130225,0.015202069,0.2625341,0.23563282,0.08096436,0.02326581,0.7717737,0.0036118852,"TWOGAUSSIANS_WITH_ELLIPSOIDAL_ON_ECLIPSE2",9,99.00812,0.26993763,0.004501092,0.32654035,0.04158534,0.46343213,0.010794015,0.7717737,0.0036118852,0.33112925,0.085131586,0.42440173,0.23239315
375316653866487564,4207982976929686400,0.53881955,2238.134564179996,2.9065666698045574,2.1902008E-5,15.859691,0.013925661,0.30681607,0.006064246,0.079503685,0.008941283,0.2805567,0.02476592,0.799069,0.006566343,0.07080455,0.0096442355,0.28543678,0.015290115,null,null,null,null,"TWOGAUSSIANS",8,83.19312,0.799069,0.006566343,0.3965055,0.042284727,0.283558,0.013854875,0.30681607,0.006064246,0.4,0.0,0.27867794,0.025034187
375316653866487564,4207985240365009408,0.5281037,2145.145669645948,3.292758414383659,2.1944878E-5,18.531425,0.039039668,0.25823003,0.0022860523,0.07978409,0.012875561,0.25984484,0.02981919,0.7667035,0.015021473,0.09780235,0.022671983,0.336967,0.046480242,null,null,null,null,"TWOGAUSSIANS",8,7.8351865,0.7667035,0.015021473,0.4,0.0,0.3270714,0.03676863,0.25823003,0.002288124,0.4,0.00980125,0.2499508,0.017891493
375316653866487564,4207985618322278272,0.47343218,2210.0545446160095,0.5344937558255589,4.8457958E-5,17.840836,0.0029766024,0.33160162,0.0051491116,0.042466197,0.008485681,0.059897855,0.014470628,0.737031,0.053027365,0.069268435,0.032551963,0.100526705,0.06038784,null,null,null,null,"TWOGAUSSIANS",8,2.8668468,0.737031,0.053027365,0.3879032,0.18124235,0.10052659,0.06038792,0.33160162,0.0051491116,0.23781072,0.047519818,0.059897747,0.014470841
375316653866487564,4207987817346029568,0.519317,2181.435829884338,3.1646303080863194,1.705562E-5,19.590422,0.12195979,0.30165726,0.006024812,0.113317855,0.02130823,0.36332244,0.1196151,0.80424637,0.003419847,0.12371516,0.030543955,0.36159033,0.11127946,null,null,null,null,"TWOGAUSSIANS",8,0.69218236,0.30163726,0.006091494,0.4,0.0,0.28706756,0.02163472,0.8042564,0.0034115023,0.4,0.0,0.28517267,0.017537244
375316653866487564,4207988229662807424,0.49504304,2171.85493174119,0.30892417625757596,1.0406151E-4,18.122795,0.0059927045,0.15974788,0.008859923,0.033142988,0.014771137,0.13353074,0.051170055,0.7402584,0.024969744,0.107831426,0.018017314,0.10654611,0.010126431,null,null,null,null,"TWOGAUSSIANS",8,1.7330263,0.15972787,0.008858621,0.18560074,0.082718365,0.13354592,0.051207278,0.7402584,0.024969744,0.4,0.0,0.10650612,0.0100999
375316653866487564,4207988508847917312,0.64270616,2206.6894804384215,2.074631275604291,9.371186E-6,15.819438,0.004565582,0.19152321,0.002186512,0.07355884,0.0017859977,0.39079422,0.00983275,0.70195156,0.005135692,0.10082728,0.006076084,0.120579064,0.005804936,null,null,null,null,"TWOGAUSSIANS",8,12.6585455,0.19152321,0.002186512,0.4,0.0,0.38558355,0.009418162,0.70195156,0.005135692,0.4,0.0,0.11536717,0.005052227
375316653866487564,4207988779418813568,0.4762346,2170.4978061807847,1.5345796752730045,4.0591858E-5,19.067709,0.007159897,0.4083746,0.008225818,0.07232332,0.009953021,0.06751359,0.009341292,0.6821875,0.0058192215,0.018424854,0.0023318967,0.2824233,0.06708818,null,null,null,null,"TWOGAUSSIANS",8,2.6072958,0.6821875,0.0058192215,0.10317918,0.013058622,0.2824754,0.067054324,0.4083746,0.008225818,0.4,0.026447508,0.06751359,0.009341291
375316653866487564,4207989848877663744,0.45290193,2243.341069852703,1.974270536015038,2.2408434E-5,14.595733,0.0074473848,null,null,null,null,null,null,null,null,null,null,null,null,0.07128023,0.011276806,0.3384479,0.0059718434,"ELLIPSOIDAL",4,280.80917,null,null,null,null,null,null,null,null,null,null,null,null
375316653866487564,4207991906166624768,0.5257028,2330.151894152748,1.6420220255866496,2.570692E-5,17.41277,0.0073121395,0.2949558,0.050193846,0.06053922,0.019958109,0.07134025,0.06709069,0.7334767,0.0061481586,0.03173694,0.021119209,0.12213661,2.2603014,0.058707602,0.012760684,0.7334767,0.0061481586,"TWOGAUSSIANS_WITH_ELLIPSOIDAL_ON_ECLIPSE2",9,21.969858,0.7334767,0.0061481586,0.17772686,0.11826757,0.23955056,2.2666297,0.2750058,0.033132296,0.33901963,0.087404296,0.1771692,0.06949103
375316653866487564,4207994895452741760,0.624542,2210.8386873147124,2.8857237038709074,1.09323255E-5,16.97299,0.009385289,0.25291067,0.0028348526,0.089178905,0.0035532347,0.37844127,0.009480891,0.7390294,0.006201051,0.0988822,0.005400821,0.44310325,0.014090282,null,null,null,null,"TWOGAUSSIANS",8,6.617095,0.7390294,0.006201051,0.4,0.0,0.42346573,0.011038164,0.25291067,0.0028348526,0.4,0.0,0.35880667,0.0073706834
375316653866487564,4207995135970975744,0.5744852,2179.172048857417,2.573854947318823,2.5182928E-5,18.181797,0.011012283,0.28575578,0.0030981062,0.084146045,0.006752197,0.22097167,0.012982686,0.7902634,0.008144557,0.07578173,0.009577204,0.21775031,0.014648409,null,null,null,null,"TWOGAUSSIANS",8,2.0112119,0.28575578,0.0030981062,0.4,0.0,0.21794607,0.0117315035,0.7902634,0.008144557,0.4,0.0,0.21472472,0.012354091
375316653866487564,4207995307769854464,0.5115402,2231.831012525852,1.42551831566825,3.7464288E-5,16.376299,0.0045931563,0.3608668,0.016277602,0.06373903,0.020040246,0.092919864,0.025456471,0.8560556,0.011945329,0.04875595,0.014662075,0.038874645,0.013326698,null,null,null,null,"TWOGAUSSIANS",8,5.5612926,0.3608668,0.016277602,0.35693857,0.085267246,0.09291452,0.025505101,0.8560556,0.011945329,0.27303335,0.08210762,0.038869303,0.013320019
