Gaia/vari_eclipsing_binary/VariEclipsingBinary_674171-674193.csv
# %ECSV 1.0
# ---
# delimiter: ','
# meta: !!omap
# - RELEASE: Gaia DR3
# - TABLE: vari_eclipsing_binary
# - DESCRIPTION: >
#     This table describes the properties of the eclipsing binaries resulting from the variability analysis. 
# - CITATION: >
#     How to cite and acknowledge Gaia: 
#     https://gea.esac.esa.int/archive/documentation/credits.html 
# - KNOWN_ISSUES: >
#     Known issues: 
#     https://www.cosmos.esa.int/web/gaia-users/known-issues 
# - DOCUMENTATION: >
#     Tutorials and documentation: 
#     https://www.cosmos.esa.int/web/gaia-users/archive 
# datatype:
# - 
#   name: solution_id
#   datatype: int64
#   description: Solution Identifier
#   meta:
#     ucd: meta.version
# - 
#   name: source_id
#   datatype: int64
#   description: Unique source identifier
#   meta:
#     ucd: meta.id;meta.main
# - 
#   name: global_ranking
#   datatype: float32
#   description: Number between 0 (worst) and 1 (best)
#   meta:
#     ucd: stat.param
# - 
#   name: reference_time
#   datatype: float64
#   unit: d
#   description: Reference time used for the geometric model fit
#   meta:
#     ucd: time.epoch
# - 
#   name: frequency
#   datatype: float64
#   unit: d**-1
#   description: Frequency of geometric model of the eclipsing binary light curve
#   meta:
#     ucd: src.orbital
# - 
#   name: frequency_error
#   datatype: float32
#   unit: d**-1
#   description: "Uncertainty of \\texttt{frequency}"
#   meta:
#     ucd: stat.error
# - 
#   name: geom_model_reference_level
#   datatype: float32
#   unit: mag
#   description: Magnitude reference level of geometric model
#   meta:
#     ucd: phot.mag;em.opt
# - 
#   name: geom_model_reference_level_error
#   datatype: float32
#   unit: mag
#   description: "Uncertainty of \\texttt{geomModelReferenceLevel}"
#   meta:
#     ucd: stat.error;phot.mag;em.opt
# - 
#   name: geom_model_gaussian1_phase
#   datatype: float32
#   description: Phase of the Gaussian 1 component
#   meta:
#     ucd: time.phase
# - 
#   name: geom_model_gaussian1_phase_error
#   datatype: float32
#   description: "Uncertainty of \\texttt{geomModelGaussian1Phase}"
#   meta:
#     ucd: stat.error;time.phase
# - 
#   name: geom_model_gaussian1_sigma
#   datatype: float32
#   description: "Standard deviation [phase] of Gaussian 1 component"
#   meta:
#     ucd: stat.stdev
# - 
#   name: geom_model_gaussian1_sigma_error
#   datatype: float32
#   description: "Uncertainty of \\texttt{geomModelGaussian1Sigma}"
#   meta:
#     ucd: stat.error
# - 
#   name: geom_model_gaussian1_depth
#   datatype: float32
#   unit: mag
#   description: Magnitude depth of Gaussian 1 component
#   meta:
#     ucd: src.var.amplitude
# - 
#   name: geom_model_gaussian1_depth_error
#   datatype: float32
#   unit: mag
#   description: "Uncertainty of \\texttt{geomModelGaussian1Depth}"
#   meta:
#     ucd: stat.error;src.var.amplitude
# - 
#   name: geom_model_gaussian2_phase
#   datatype: float32
#   description: Phase of Gaussian 2 component
#   meta:
#     ucd: time.phase
# - 
#   name: geom_model_gaussian2_phase_error
#   datatype: float32
#   description: "Uncertainty of \\texttt{geomModelGaussian2Phase}"
#   meta:
#     ucd: stat.error;time.phase
# - 
#   name: geom_model_gaussian2_sigma
#   datatype: float32
[...]
#   datatype: float32
#   description: "Secondary eclipse: uncertainty of \\texttt{derivedSecondaryEclDuration}"
#   meta:
#     ucd: stat.error;time.duration
# - 
#   name: derived_secondary_ecl_depth
#   datatype: float32
#   unit: mag
#   description: "Secondary eclipse: depth"
#   meta:
#     ucd: src.var.amplitude
# - 
#   name: derived_secondary_ecl_depth_error
#   datatype: float32
#   unit: mag
#   description: "Secondary eclipse: uncertainty of \\texttt{derivedSecondaryEclDepth}"
#   meta:
#     ucd: stat.error;src.var.amplitude
solution_id,source_id,global_ranking,reference_time,frequency,frequency_error,geom_model_reference_level,geom_model_reference_level_error,geom_model_gaussian1_phase,geom_model_gaussian1_phase_error,geom_model_gaussian1_sigma,geom_model_gaussian1_sigma_error,geom_model_gaussian1_depth,geom_model_gaussian1_depth_error,geom_model_gaussian2_phase,geom_model_gaussian2_phase_error,geom_model_gaussian2_sigma,geom_model_gaussian2_sigma_error,geom_model_gaussian2_depth,geom_model_gaussian2_depth_error,geom_model_cosine_half_period_amplitude,geom_model_cosine_half_period_amplitude_error,geom_model_cosine_half_period_phase,geom_model_cosine_half_period_phase_error,model_type,num_model_parameters,reduced_chi2,derived_primary_ecl_phase,derived_primary_ecl_phase_error,derived_primary_ecl_duration,derived_primary_ecl_duration_error,derived_primary_ecl_depth,derived_primary_ecl_depth_error,derived_secondary_ecl_phase,derived_secondary_ecl_phase_error,derived_secondary_ecl_duration,derived_secondary_ecl_duration_error,derived_secondary_ecl_depth,derived_secondary_ecl_depth_error
[from data line 292]
375316653866487564,5930145565653935744,0.6597202,2185.147060283374,0.7771323622265253,3.226183E-6,15.755852,0.0024994386,0.2100077,3.58652E-4,0.02417081,0.0019816852,0.16371669,0.017978948,0.71020585,7.107209E-4,0.02623388,7.461435E-4,0.99913156,0.045962922,0.017165236,0.0032475325,0.2100077,3.58652E-4,"TWOGAUSSIANS_WITH_ELLIPSOIDAL_ON_ECLIPSE1",9,16.686272,0.71020585,7.107209E-4,0.14690973,0.0041784034,1.0334619,0.048069187,0.2100077,3.58652E-4,0.13535655,0.011097438,0.19804716,0.017398085
375316653866487564,5930146355879988864,0.5164397,2215.035199612818,3.5045196864493064,8.376311E-6,19.62779,0.02690137,0.28662068,0.0031191239,0.084483355,0.006259396,0.4298042,0.028948925,0.77779734,0.00381267,0.08417182,0.008366355,0.48178163,0.039073076,null,null,null,null,"TWOGAUSSIANS",8,1.9762764,0.77779734,0.00381267,0.4,0.0,0.47217584,0.039239716,0.28662068,0.0031191239,0.4,0.0,0.4201984,0.025244178
375316653866487564,5930146665117911808,0.44910845,2215.0110952375003,2.3201809065595542,7.143274E-5,19.266,0.0066007073,null,null,null,null,null,null,null,null,null,null,null,null,0.07745144,0.007687974,0.26389757,0.0105482945,"ELLIPSOIDAL",4,4.117452,null,null,null,null,null,null,null,null,null,null,null,null
375316653866487564,5930146695178352128,0.5157092,2248.4934542719084,1.5006842119019042,1.2947948E-4,17.29833,0.0026395447,0.23148428,0.06521087,0.03389008,0.028967189,1.148369,68.506516,0.610003,0.0027762963,0.012382306,0.007636064,0.03612839,0.14693077,null,null,null,null,"TWOGAUSSIANS",8,17.262695,0.23148428,0.06521087,0.18978444,0.16221626,1.148369,68.506516,0.610003,0.0027762963,0.069340914,0.04276196,0.03612839,0.14693077
375316653866487564,5930146970056314624,0.56365675,2225.7967510367644,1.998187074717874,1.3106828E-5,13.441044,0.37930584,0.2152929,0.01225041,0.1478291,0.03075247,0.24491867,0.24852283,0.73627937,0.009783428,0.18764323,0.12894426,0.19906995,0.37120232,null,null,null,null,"TWOGAUSSIANS",8,75.72641,0.2107529,0.003598113,0.4,0.0,0.12924035,0.0032787547,0.7396894,0.0058049276,0.4,0.0,0.07323065,0.004433346
375316653866487564,5930146974355644288,0.5522522,2232.1721189580485,2.8748057364546042,1.6567403E-5,19.070349,0.009765606,0.24114402,0.0038935342,0.08672935,0.0040389514,0.3916104,0.014197665,0.74437374,0.0056510237,0.08579481,0.006438809,0.42891514,0.01897533,null,null,null,null,"TWOGAUSSIANS",8,3.077773,0.74437374,0.0056510237,0.4,0.0,0.41727543,0.020032628,0.24114402,0.0038935342,0.4,0.0,0.37997067,0.013269388
375316653866487564,5930147107496214784,0.4709422,2237.4484808567854,2.7826506153565798,2.4122475E-5,17.645803,0.007683255,0.15298933,0.0072591235,0.044326052,0.020229463,0.07246689,0.07102598,0.6881394,0.010505054,0.0073839324,0.005191662,0.122541115,0.13050501,0.07011063,0.009756008,0.15298933,0.0072591235,"TWOGAUSSIANS_WITH_ELLIPSOIDAL_ON_ECLIPSE1",9,27.514538,0.6881394,0.010505054,0.041350022,0.029073305,0.2560333,0.12615356,0.15298933,0.0072591235,0.2482259,0.11328499,0.21268809,0.07217856
375316653866487564,5930147111842203904,0.46343243,2230.345201402868,2.485376476935567,2.8245817E-5,16.836052,0.01690774,0.20529728,0.010153298,0.109271474,0.020509051,0.1160049,0.016583277,0.7065578,0.010603978,0.084709525,0.017284462,0.11007436,0.018227091,null,null,null,null,"TWOGAUSSIANS",8,23.887505,0.20529728,0.010153298,0.4,0.0,0.108030416,0.009884754,0.7065578,0.010616276,0.4,0.0,0.10210647,0.01276928
375316653866487564,5930147524111626368,0.56842756,2250.680792936279,3.4825665697656643,9.83484E-6,17.647938,0.03493002,0.2671346,0.0038985645,0.0633035,0.012163938,0.17921004,0.07299476,0.7791074,0.0025305264,0.048306946,0.006747434,0.37285066,0.07384288,0.10828746,0.03807739,0.2671346,0.0038985645,"TWOGAUSSIANS_WITH_ELLIPSOIDAL_ON_ECLIPSE1",9,15.75704,0.7791074,0.0025305264,0.2705189,0.03778563,0.58812904,0.015958523,0.2671346,0.0038985645,0.35449958,0.06488809,0.39571172,0.017080097
375316653866487564,5930147622911543296,0.45458692,2235.89385512491,0.036898749639355535,2.846392E-5,19.11656,0.008570642,0.25292158,0.038620483,0.026228825,0.020633327,0.42362806,0.38548422,0.5434158,0.057799395,0.062047653,0.048729442,0.21801661,0.036870215,0.008350704,0.007815864,0.5434158,0.057799395,"TWOGAUSSIANS_WITH_ELLIPSOIDAL_ON_ECLIPSE2",9,6.1832614,0.25284156,0.038700614,0.14688142,0.11554663,0.42463258,0.38607332,0.5434158,0.057799395,0.34746686,0.21339299,0.23465858,0.036667306
375316653866487564,5930147867708552064,0.56920207,2214.540097977132,3.7264847602898774,7.878447E-6,18.341105,0.015377447,0.1529563,0.0031277617,0.07639312,0.005487701,0.4338445,0.018676572,0.64421034,0.006206066,0.07643997,0.010638065,0.47944245,0.049777772,null,null,null,null,"TWOGAUSSIANS",8,5.3171973,0.64421034,0.006206066,0.4,0.020269735,0.47586253,0.051485486,0.1529563,0.0031277617,0.4,0.0,0.4302646,0.016773047
375316653866487564,5930147902068369408,0.5552274,2196.2719969650702,2.8833774392900176,1.5046712E-5,19.045942,0.019835588,0.25334594,0.0038171713,0.08917823,0.0057584224,0.48181966,0.019900277,0.7523688,0.0050131474,0.08255542,0.012499534,0.4333148,0.05728306,null,null,null,null,"TWOGAUSSIANS",8,3.064797,0.25334594,0.0038171713,0.4,0.0,0.46883154,0.013838902,0.7523688,0.0050131474,0.4,0.0,0.4203268,0.06472759
375316653866487564,5930148176947158272,0.47599274,2210.5557353459267,0.6614348339920973,2.4973737E-5,19.885788,0.13543618,0.27330565,0.026108755,0.22555616,0.16330609,0.12863149,0.1273625,0.8130825,0.007095144,0.07061933,0.0066151163,0.5271453,0.061701708,null,null,null,null,"TWOGAUSSIANS",8,1.9688364,0.81373256,0.0064499946,0.39546824,0.02717593,0.49848646,0.057543907,0.27330565,0.026108755,0.4,0.0,0.076579295,0.023068305
375316653866487564,5930148383104753920,0.51993686,2203.197529101,2.4403721092423956,1.8028719E-5,17.969345,0.0057546026,0.27242362,0.007840485,0.07787204,0.007149388,0.13616428,0.010942981,0.77325386,0.0052036825,0.086707234,0.007526615,0.1152725,0.005988694,null,null,null,null,"TWOGAUSSIANS",8,3.0114846,0.27242362,0.007840485,0.4,0.0,0.13373773,0.010521983,0.77325386,0.0052036825,0.4,0.0,0.11284594,0.005273765
375316653866487564,5930148692342685312,0.49728346,2208.9786286434387,4.454468413279995,8.949116E-6,18.928616,0.009200563,0.18041795,0.0031373852,0.08089437,0.0056028953,0.18469153,0.008320702,0.6676704,0.0053405133,0.08593166,0.014331008,0.1749002,0.024970165,null,null,null,null,"TWOGAUSSIANS",8,1.7980864,0.18041795,0.0031373852,0.4,0.0,0.1815023,0.006251235,0.6676704,0.0053405133,0.4,0.0,0.17171094,0.027690053
375316653866487564,5930149035940089856,0.47666252,2190.7689642511637,1.1019537377430917,1.1187041E-5,18.027853,0.0065902825,0.25728348,0.0011330573,0.018329905,0.001034832,0.29566643,0.013723903,0.7772447,0.00741609,0.025062192,0.009770209,0.7667588,3.7273445,null,null,null,null,"TWOGAUSSIANS",8,16.172535,0.7772447,0.00741609,0.14034827,0.05471317,0.7667588,3.7273445,0.25728348,0.0011330573,0.10264747,0.005795059,0.29566643,0.013723903
375316653866487564,5930149551336308992,0.5805396,2214.7989079437457,2.8831705738775604,4.18166E-6,18.270962,0.005262329,0.23988691,0.0021226208,0.035724286,0.003548789,0.26912898,0.03796831,0.7303774,0.0025743311,0.036871027,0.005888179,0.62152255,0.21054481,0.15166245,0.009917728,0.23988691,0.0021226208,"TWOGAUSSIANS_WITH_ELLIPSOIDAL_ON_ECLIPSE1",9,5.856432,0.7308474,0.002684475,0.20647775,0.0329738,0.92381936,0.21471995,0.23988691,0.0021226208,0.200056,0.019873219,0.57245374,0.041628957
375316653866487564,5930149620103163648,0.5139219,2219.2349637086613,0.46282456188798626,7.937327E-6,16.901049,0.0014266545,0.24282166,0.0024551866,0.014738913,0.0031771418,0.029093757,0.010937381,0.74689233,0.025792079,0.022851313,0.011781504,0.10822793,0.20398875,0.0074532977,0.0021709304,0.24282166,0.0024551866,"TWOGAUSSIANS_WITH_ELLIPSOIDAL_ON_ECLIPSE1",9,1.5472318,0.74689233,0.025792079,0.12796736,0.065976426,0.12312476,0.20449711,0.24282166,0.0024551866,0.08253791,0.017791994,0.044000335,0.011456895
375316653866487564,5930150101099322496,0.5569073,2195.864901849348,3.9407835097123822,5.9200183E-6,19.763815,0.0102984775,0.25100482,0.0029485545,0.071374126,0.00366695,0.59474045,0.059703335,0.7426256,0.0017112733,0.07852855,0.0036353539,0.58544016,0.013330408,null,null,null,null,"TWOGAUSSIANS",8,1.2845856,0.25100482,0.0029485545,0.3996951,0.013055226,0.5909929,0.06034766,0.7426256,0.0017112733,0.4,0.0,0.58169264,0.013425889
375316653866487564,5930150131170745344,0.53417087,2188.4659988446947,2.3570054156486386,1.6510607E-5,19.300636,0.005528956,0.2305202,0.005041406,0.05581132,0.0035625787,0.3686209,0.015561122,0.7529046,0.003834083,0.07451094,0.005389835,0.37933066,0.014899577,null,null,null,null,"TWOGAUSSIANS",8,1.9136577,0.7529046,0.003834083,0.4,0.0023279784,0.37909022,0.014969155,0.2305202,0.005041406,0.3125434,0.01995044,0.36838046,0.015549901
375316653866487564,5930150204218958208,0.54217815,2198.79538016434,2.819007110516059,1.38837595E-5,16.398605,0.008549246,0.21516007,0.0048603476,0.042147677,0.010298205,0.08421824,0.019678708,0.716314,0.009671709,0.054760285,0.012057086,0.09908113,0.022865947,0.075780615,0.010910659,0.21516007,0.0048603476,"TWOGAUSSIANS_WITH_ELLIPSOIDAL_ON_ECLIPSE1",9,34.45643,0.716314,0.008804414,0.30665758,0.06751968,0.2506311,0.017792484,0.21516007,0.0048603476,0.23602699,0.057669945,0.23577616,0.0055584447
375316653866487564,5930150784005776384,0.53571546,2180.4105434341213,3.5917513359976887,1.1492147E-5,19.432747,0.01791024,0.17533381,0.0030023574,0.08328449,0.005043713,0.45523036,0.01869232,0.67204565,0.009026841,0.08188435,0.011249793,0.49522987,0.07865045,null,null,null,null,"TWOGAUSSIANS",8,2.7454844,0.67204565,0.009026841,0.4,0.0,0.48608604,0.08184362,0.17533381,0.0030023574,0.4,0.0,0.44608653,0.01583951
375316653866487564,5930150852710500480,0.51826125,2192.8394928837374,3.2133541448853062,1.9263474E-5,18.020504,0.035463613,0.2672522,0.009026729,0.09403552,0.019159703,0.31805775,0.027700255,0.7958108,0.006990436,0.090862684,0.019040152,0.20548686,0.03186067,null,null,null,null,"TWOGAUSSIANS",8,12.072889,0.2672522,0.009026729,0.4,0.0,0.30945772,0.020826489,0.7958108,0.006996597,0.4,0.0,0.19688767,0.024434907
375316653866487564,5930150990164183680,0.5793311,2187.3495323558254,1.8171740560771712,1.0110886E-5,19.055035,0.004794232,0.25646958,0.008694915,0.07203088,0.006475202,0.13345939,0.012636384,0.7441963,0.0020075194,0.051977847,0.0024361534,0.7039755,0.040822156,null,null,null,null,"TWOGAUSSIANS",8,1.8424481,0.7441963,0.0020075194,0.29107594,0.013642459,0.7038743,0.040861666,0.25646958,0.008694915,0.4,0.013989166,0.1333582,0.012648945
375316653866487564,5930150994451049984,0.48644692,2197.5074441369457,0.21742727117057054,2.5751546E-5,19.53904,0.010903619,0.3282738,0.03987373,0.034787834,0.048186813,0.08169688,0.021147184,0.84118944,0.0052052997,0.008518743,0.002763118,0.60410047,0.23967434,null,null,null,null,"TWOGAUSSIANS",8,4.736286,0.84118944,0.0052052997,0.047704965,0.01547346,0.60410047,0.23967434,0.3282738,0.03987373,0.19481187,0.20860927,0.08169688,0.021147184
375316653866487564,5930150994451060736,0.4709234,2256.309967117722,0.28471600713354894,2.5236046E-5,18.291843,0.003299998,0.21453182,0.0069976426,0.052918147,0.0069759833,0.11092668,0.009451609,0.6863146,0.08510824,0.047770713,0.047576286,0.05978656,273.22464,null,null,null,null,"TWOGAUSSIANS",8,2.8348815,0.21453182,0.0069976426,0.29634163,0.039065506,0.11092651,0.009451686,0.6863146,0.08510824,0.267516,0.2664272,0.059786383,273.22464
375316653866487564,5930151819085008896,0.51112795,2203.409270353242,2.753552261182279,1.2462284E-5,18.946188,0.0029666815,null,null,null,null,null,null,null,null,null,null,null,null,0.07920376,0.004150757,0.25545228,0.0040947315,"ELLIPSOIDAL",4,1.5207297,null,null,null,null,null,null,null,null,null,null,null,null
375316653866487564,5930151853444804352,0.5641495,2192.504504408234,3.5412489934359943,1.0427895E-5,19.832718,0.0097759245,0.25084877,0.0025291587,0.06931055,0.0032651527,0.6859519,0.025798675,0.74846166,0.0025578812,0.07778646,0.0025734326,0.60981077,0.017410833,null,null,null,null,"TWOGAUSSIANS",8,1.6471899,0.25084877,0.0025291587,0.3881391,0.018284855,0.68218106,0.026246266,0.74846166,0.0025578812,0.4,0.0,0.60603994,0.017109318
375316653866487564,5930151956524057088,0.5138606,2203.149360061161,3.2737880469764384,1.3359491E-5,19.70933,0.01697895,0.27933168,0.0056544896,0.085395575,0.009340275,0.40807807,0.024275789,0.7704967,0.0038397089,0.09147242,0.0062976037,0.4019685,0.019207355,null,null,null,null,"TWOGAUSSIANS",8,1.8303682,0.27933168,0.0056544896,0.4,0.0,0.3951713,0.02632586,0.7704967,0.0038397089,0.4,0.0,0.3890615,0.016367612
375316653866487564,5930152575040987904,0.5178962,2181.4824754083847,2.4906200478979055,1.6409955E-5,17.101357,0.33698973,0.22802982,0.0036659294,0.12728918,0.06758228,0.17803764,0.3195442,0.7258377,0.008281018,0.12605102,0.05698459,0.18950365,0.30509755,null,null,null,null,"TWOGAUSSIANS",8,7.0896606,0.7258377,0.008308933,0.4,0.0,0.13818039,0.008885981,0.22805981,0.0037708445,0.4,0.0,0.1267007,0.005147791
375316653866487564,5930152952956310784,0.48130572,2190.6640520381593,2.9612035173095896,1.7843591E-5,19.542398,0.010454327,0.286777,0.004855554,0.093442634,0.0062441085,0.27526563,0.011941274,0.78794026,0.00813422,0.079219095,0.012209808,0.20333703,0.02574803,null,null,null,null,"TWOGAUSSIANS",8,2.1582952,0.286777,0.004855554,0.4,0.0,0.26819623,0.009775392,0.78794026,0.00813422,0.4,0.0,0.19626798,0.027623024
375316653866487564,5930153330955270784,0.5842559,2182.437187943097,0.36060207158675256,6.184497E-6,14.047347,0.001183812,0.17719644,9.836209E-4,0.016410816,8.536014E-4,0.18521564,0.0107406005,0.3905905,0.057892106,0.07458496,0.060964387,0.0049559693,0.0037812304,null,null,null,null,"TWOGAUSSIANS",8,31.006577,0.17719644,9.792454E-4,0.091900565,0.0047801677,0.18529837,0.010771045,0.3905905,0.057892106,0.4,0.31071857,0.0049559693,0.0037812304
375316653866487564,5930154499144868992,0.5732721,2200.9604734688896,1.9891810365811289,9.20342E-6,18.772306,0.03589258,0.41893497,0.0021849007,0.09839356,0.00647633,0.3461741,0.031961184,0.936465,0.004481687,0.15183428,0.021061776,0.19856663,0.03543112,null,null,null,null,"TWOGAUSSIANS",8,0.68546385,0.41855496,0.0021440717,0.4,0.0,0.29301366,0.005282181,0.93647504,0.0044807503,0.4,0.0,0.14353584,0.0053697852
375316653866487564,5930154533555658368,0.47829214,2217.546431279323,1.1425189162530474,7.3613024E-5,17.244167,0.24657649,0.24825734,0.0045509133,0.012314098,0.0011568089,2.2305334,1.0997901,0.39299718,0.04402518,0.2620796,0.25783828,0.11042903,0.22828698,null,null,null,null,"TWOGAUSSIANS",8,52.049877,0.24826734,0.004549797,0.068958946,0.00647813,2.2901008,1.1005032,0.39299718,0.04402518,0.4,0.0,0.07479243,0.015080703
375316653866487564,5930154602224142720,0.439187,2199.9152051485125,3.4955052559823616,5.1150793E-5,18.948471,0.011613095,0.14026424,0.057472102,0.07589597,0.08556884,0.050975543,0.0982536,0.6782736,0.005559912,0.027869876,0.0034108295,0.29154763,0.058397874,null,null,null,null,"TWOGAUSSIANS",8,5.8389616,0.6782736,0.005559912,0.1560713,0.019100646,0.29154742,0.058397926,0.14026424,0.057472102,0.4,0.41094634,0.050975338,0.09825421
375316653866487564,5930154670985116672,0.48475447,2200.7751191421457,3.213838565676942,2.3090925E-5,18.528807,0.051118083,0.19587207,0.0050099622,0.09385672,0.018139875,0.32732323,0.042375688,0.68234724,0.006575016,0.10637354,0.020463347,0.2893986,0.041832007,null,null,null,null,"TWOGAUSSIANS",8,10.057467,0.19588207,0.0050131814,0.4,0.0,0.30453682,0.03133195,0.68234724,0.006575016,0.4,0.0,0.26660195,0.024205506
