Gaia/vari_eclipsing_binary/VariEclipsingBinary_677514-677530.csv
# %ECSV 1.0
# ---
# delimiter: ','
# meta: !!omap
# - RELEASE: Gaia DR3
# - TABLE: vari_eclipsing_binary
# - DESCRIPTION: >
#     This table describes the properties of the eclipsing binaries resulting from the variability analysis. 
# - CITATION: >
#     How to cite and acknowledge Gaia: 
#     https://gea.esac.esa.int/archive/documentation/credits.html 
# - KNOWN_ISSUES: >
#     Known issues: 
#     https://www.cosmos.esa.int/web/gaia-users/known-issues 
# - DOCUMENTATION: >
#     Tutorials and documentation: 
#     https://www.cosmos.esa.int/web/gaia-users/archive 
# datatype:
# - 
#   name: solution_id
#   datatype: int64
#   description: Solution Identifier
#   meta:
#     ucd: meta.version
# - 
#   name: source_id
#   datatype: int64
#   description: Unique source identifier
#   meta:
#     ucd: meta.id;meta.main
# - 
#   name: global_ranking
#   datatype: float32
#   description: Number between 0 (worst) and 1 (best)
#   meta:
#     ucd: stat.param
# - 
#   name: reference_time
#   datatype: float64
#   unit: d
#   description: Reference time used for the geometric model fit
#   meta:
#     ucd: time.epoch
# - 
#   name: frequency
#   datatype: float64
#   unit: d**-1
#   description: Frequency of geometric model of the eclipsing binary light curve
#   meta:
#     ucd: src.orbital
# - 
#   name: frequency_error
#   datatype: float32
#   unit: d**-1
#   description: "Uncertainty of \\texttt{frequency}"
#   meta:
#     ucd: stat.error
# - 
#   name: geom_model_reference_level
#   datatype: float32
#   unit: mag
#   description: Magnitude reference level of geometric model
#   meta:
#     ucd: phot.mag;em.opt
# - 
#   name: geom_model_reference_level_error
#   datatype: float32
#   unit: mag
#   description: "Uncertainty of \\texttt{geomModelReferenceLevel}"
#   meta:
#     ucd: stat.error;phot.mag;em.opt
# - 
#   name: geom_model_gaussian1_phase
#   datatype: float32
#   description: Phase of the Gaussian 1 component
#   meta:
#     ucd: time.phase
# - 
#   name: geom_model_gaussian1_phase_error
#   datatype: float32
#   description: "Uncertainty of \\texttt{geomModelGaussian1Phase}"
#   meta:
#     ucd: stat.error;time.phase
# - 
#   name: geom_model_gaussian1_sigma
#   datatype: float32
#   description: "Standard deviation [phase] of Gaussian 1 component"
#   meta:
#     ucd: stat.stdev
# - 
#   name: geom_model_gaussian1_sigma_error
#   datatype: float32
#   description: "Uncertainty of \\texttt{geomModelGaussian1Sigma}"
#   meta:
#     ucd: stat.error
# - 
#   name: geom_model_gaussian1_depth
#   datatype: float32
#   unit: mag
#   description: Magnitude depth of Gaussian 1 component
#   meta:
#     ucd: src.var.amplitude
# - 
#   name: geom_model_gaussian1_depth_error
#   datatype: float32
#   unit: mag
#   description: "Uncertainty of \\texttt{geomModelGaussian1Depth}"
#   meta:
#     ucd: stat.error;src.var.amplitude
# - 
#   name: geom_model_gaussian2_phase
#   datatype: float32
#   description: Phase of Gaussian 2 component
#   meta:
#     ucd: time.phase
# - 
#   name: geom_model_gaussian2_phase_error
#   datatype: float32
#   description: "Uncertainty of \\texttt{geomModelGaussian2Phase}"
#   meta:
#     ucd: stat.error;time.phase
# - 
#   name: geom_model_gaussian2_sigma
#   datatype: float32
[...]
#   datatype: float32
#   description: "Secondary eclipse: uncertainty of \\texttt{derivedSecondaryEclDuration}"
#   meta:
#     ucd: stat.error;time.duration
# - 
#   name: derived_secondary_ecl_depth
#   datatype: float32
#   unit: mag
#   description: "Secondary eclipse: depth"
#   meta:
#     ucd: src.var.amplitude
# - 
#   name: derived_secondary_ecl_depth_error
#   datatype: float32
#   unit: mag
#   description: "Secondary eclipse: uncertainty of \\texttt{derivedSecondaryEclDepth}"
#   meta:
#     ucd: stat.error;src.var.amplitude
solution_id,source_id,global_ranking,reference_time,frequency,frequency_error,geom_model_reference_level,geom_model_reference_level_error,geom_model_gaussian1_phase,geom_model_gaussian1_phase_error,geom_model_gaussian1_sigma,geom_model_gaussian1_sigma_error,geom_model_gaussian1_depth,geom_model_gaussian1_depth_error,geom_model_gaussian2_phase,geom_model_gaussian2_phase_error,geom_model_gaussian2_sigma,geom_model_gaussian2_sigma_error,geom_model_gaussian2_depth,geom_model_gaussian2_depth_error,geom_model_cosine_half_period_amplitude,geom_model_cosine_half_period_amplitude_error,geom_model_cosine_half_period_phase,geom_model_cosine_half_period_phase_error,model_type,num_model_parameters,reduced_chi2,derived_primary_ecl_phase,derived_primary_ecl_phase_error,derived_primary_ecl_duration,derived_primary_ecl_duration_error,derived_primary_ecl_depth,derived_primary_ecl_depth_error,derived_secondary_ecl_phase,derived_secondary_ecl_phase_error,derived_secondary_ecl_duration,derived_secondary_ecl_duration_error,derived_secondary_ecl_depth,derived_secondary_ecl_depth_error
[from data line 74]
375316653866487564,5959501254796510976,0.41234165,2246.951836799178,1.4260961360112956,7.318369E-5,19.483496,0.24785595,0.22483712,0.01676996,0.065506406,0.069569096,0.22733015,0.09374081,0.6629934,0.03599049,0.16490623,0.18130913,0.20714466,0.48148274,null,null,null,null,"TWOGAUSSIANS",8,5.638511,0.22648712,0.016488947,0.3668359,0.24483265,0.21453488,0.07132167,0.6629934,0.03599049,0.4,0.24639995,0.18758318,0.45952278
375316653866487564,5959501254829754368,0.6816275,2269.9276973526985,0.7380982770965958,3.4645233E-5,13.966347,5.7669985E-4,0.20298232,0.054501887,0.02072661,0.026146594,0.0076496773,5382.825,0.30369392,2.7249183E-5,0.0125243375,3.400403E-5,0.3013158,7.834082E-4,3.961611E-4,0.0010149681,0.20298232,0.054501887,"TWOGAUSSIANS_WITH_ELLIPSOIDAL_ON_ECLIPSE1",9,9.064448,0.30369392,2.7249183E-5,0.07013629,1.9042258E-4,0.3018311,8.5266476E-4,0.20298232,0.054501887,0.11606902,0.14642093,0.008442,5382.824
375316653866487564,5959501319181351808,0.6018798,2253.5591587973945,3.340626512675903,1.5066967E-5,18.51755,0.019361954,0.19728118,0.0029433987,0.044423744,0.011021743,0.15560073,0.04562993,0.68830323,0.0050885105,0.041884158,0.0075689075,0.21730527,0.0414781,0.11876031,0.022054102,0.19728118,0.0029433987,"TWOGAUSSIANS_WITH_ELLIPSOIDAL_ON_ECLIPSE1",9,2.085278,0.6894832,0.0043732575,0.23455128,0.04238588,0.45416966,0.017806714,0.19728118,0.0029433987,0.24877298,0.061721757,0.39312106,0.019640494
375316653866487564,5959501594062195200,0.51316375,2237.2670697883386,2.076837414812169,3.5393314E-5,16.815111,0.015278897,0.2779964,0.00476652,0.09606548,0.012441434,0.17394952,0.013956351,0.7785259,0.0049885204,0.096240625,0.011128121,0.19179642,0.013434853,null,null,null,null,"TWOGAUSSIANS",8,15.385498,0.7785259,0.0049885204,0.4,0.0,0.17944965,0.008727635,0.2779964,0.00476652,0.4,0.0,0.16160284,0.0118989535
375316653866487564,5959501976351427840,0.54101765,2258.6006436622106,3.4518763884357604,2.1968011E-5,15.151173,0.07518419,0.30705178,0.003103235,0.06967925,0.013966083,0.4332028,0.15673874,0.80877066,0.0037357267,0.05635614,0.026685074,0.23925418,0.13127543,0.059603628,0.0817216,0.30705178,0.003103235,"TWOGAUSSIANS_WITH_ELLIPSOIDAL_ON_ECLIPSE1",9,274.44736,0.30705178,0.003103235,0.39020383,0.05043428,0.5517588,0.085641615,0.80877066,0.0037222845,0.31559438,0.14943641,0.3577963,0.050966896
375316653866487564,5959502246893179776,0.6130046,2252.667263143508,2.633888988161149,1.0958284E-5,17.742113,0.019042408,0.28245682,0.005606014,0.04695989,0.006713095,0.32899374,0.046452656,0.7730046,0.0018269119,0.04848857,0.0054286215,0.48820433,0.04197459,0.12336601,0.023468412,0.7730046,0.0018269119,"TWOGAUSSIANS_WITH_ELLIPSOIDAL_ON_ECLIPSE2",9,8.361194,0.7730046,0.0018269119,0.271536,0.03040028,0.73493546,0.039896276,0.28136683,0.004912824,0.26297536,0.037593335,0.57495576,0.019556396
375316653866487564,5959502349973533568,0.540842,2254.4175769615294,0.4396386818487894,2.1216601E-5,18.702446,0.008108251,0.27472737,0.013629985,0.048377123,0.036315992,0.570143,0.43554065,0.7780337,0.0052988054,0.05159452,0.0060182135,0.16036361,0.010256615,null,null,null,null,"TWOGAUSSIANS",8,2.194346,0.27472737,0.013629985,0.27091187,0.128952,0.57014114,0.43595484,0.7780337,0.0052988054,0.2889293,0.033701997,0.16036178,0.010104778
375316653866487564,5959502354341478784,0.4987991,2254.852960552094,0.6983246001575968,2.077792E-5,13.001301,0.009246484,0.26734376,0.004393723,0.10787569,0.010937301,0.07737638,0.009159421,0.7769192,0.005866688,0.09861253,0.011692695,0.09097494,0.008861654,null,null,null,null,"TWOGAUSSIANS",8,18.779598,0.7769292,0.005866582,0.4,0.0,0.0830415,0.005707654,0.26734376,0.004393723,0.4,0.0,0.06943984,0.0041652843
375316653866487564,5959502491747746176,0.50093555,2259.773809050091,3.5462576505351167,1.7355218E-5,19.927671,0.029050386,0.21624516,0.005657215,0.05970773,0.0077106096,0.5754246,0.062074326,0.7220424,0.0074707274,0.06553963,0.013896453,0.67490804,0.07413241,null,null,null,null,"TWOGAUSSIANS",8,6.4550548,0.7220424,0.0074707274,0.36702192,0.04722669,0.6745487,0.074831344,0.21624516,0.005657215,0.33436328,0.04317941,0.57506526,0.06209553
375316653866487564,5959502697940547200,0.5053884,2234.431654192003,3.4118264800964755,1.5998288E-5,18.911478,0.010614635,0.28508198,0.0056924713,0.07095183,0.0072281496,0.33151037,0.043656547,0.76368326,0.0058981846,0.08540887,0.008111855,0.26939014,0.025712634,null,null,null,null,"TWOGAUSSIANS",8,3.817814,0.28508198,0.0056924713,0.39733022,0.022070859,0.3292451,0.04436241,0.76368326,0.0058981846,0.4,0.0,0.26712483,0.026078323
375316653866487564,5959503316376787328,0.4398244,2231.449835116153,0.876267537385699,2.3450399E-5,19.087732,0.009067661,0.23807408,0.0028549042,0.05043518,0.0050053378,0.2459535,0.01550061,0.7308684,0.0051745377,0.0737756,0.010191178,0.1504992,0.013265299,null,null,null,null,"TWOGAUSSIANS",8,3.7990909,0.23807408,0.0028549042,0.28243703,0.02802989,0.24586755,0.015476306,0.7308684,0.0051745377,0.4,0.008701133,0.15041324,0.013281612
375316653866487564,5959504106651105664,0.50803816,2234.5333526603836,0.2694813945194337,2.202633E-5,18.962044,0.005825252,0.30536383,1.698072E-5,0.0133187,2.5518873E-4,0.90250015,0.009788526,0.823411,0.004967852,0.03579924,0.0034538012,0.18315546,0.0108364355,null,null,null,null,"TWOGAUSSIANS",8,4.213306,0.30536383,1.698072E-5,0.074584715,0.001429057,0.90250015,0.009788526,0.823411,0.004967852,0.20047574,0.019341286,0.18315546,0.0108364355
375316653866487564,5959504484608315904,0.43067726,2231.804213709536,2.3406339128920797,5.9353755E-5,18.478743,0.015090494,0.158009,0.06488492,0.033481084,0.046036042,0.09850402,1.2196847,0.624403,0.021479497,0.093567334,0.031050252,0.104566395,0.013841132,null,null,null,null,"TWOGAUSSIANS",8,7.7677913,0.624403,0.021479497,0.4,0.0,0.104539454,0.012296194,0.158009,0.0648849,0.18749407,0.25780183,0.09847751,1.2198807
375316653866487564,5959505064398003712,0.51766276,2221.7231971470105,0.5844808156538596,5.7212408E-5,17.55746,0.0032189721,0.27305347,0.02026238,0.018300403,0.007803286,0.30851978,0.20634139,0.78644013,0.0028822673,0.009340478,0.0016504613,0.20635797,0.007235804,null,null,null,null,"TWOGAUSSIANS",8,9.924711,0.27305347,0.02026238,0.10248226,0.0436984,0.30851978,0.20634139,0.78644013,0.0028822673,0.05230668,0.009242583,0.20635797,0.007235804
375316653866487564,5959505068723634816,0.5255386,2204.6987948520723,2.3659000446795746,1.17825475E-5,19.465052,0.013070585,0.22300152,0.0034822584,0.094950356,0.0058369427,0.32757318,0.015249233,0.7288743,0.0055142557,0.07946819,0.008263651,0.3757607,0.029472176,null,null,null,null,"TWOGAUSSIANS",8,0.95170546,0.7288743,0.0055142557,0.4,0.0,0.36542267,0.032801226,0.22300152,0.0034822584,0.4,0.0,0.3172345,0.012877693
375316653866487564,5959505240522483456,0.55934095,2240.8996972059163,2.477983873851932,1.4106531E-5,19.33989,0.012068222,0.26717466,0.003011574,0.07284422,0.0064005833,0.414213,0.030658757,0.7703687,0.0027255414,0.072830595,0.0031071329,0.55318004,0.02092919,null,null,null,null,"TWOGAUSSIANS",8,1.7864428,0.7703687,0.0027255414,0.4,0.0,0.5507269,0.020647319,0.26717466,0.003011574,0.4,0.0076908683,0.41175985,0.031496376
375316653866487564,5959505515400380288,0.5205036,2226.162282968156,2.755574694229605,2.514191E-5,19.768257,0.036709934,0.29015994,0.0056958813,0.09873897,0.011735364,0.41604453,0.03711205,0.7803793,0.004241716,0.09610491,0.010449168,0.40235224,0.032503486,null,null,null,null,"TWOGAUSSIANS",8,1.4836216,0.29015994,0.0056958813,0.4,0.0,0.38934413,0.025809577,0.7803793,0.004241716,0.4,0.0,0.37565318,0.019403322
375316653866487564,5959505618479638400,0.5381752,2235.030873941582,2.584720451598739,3.097027E-5,19.432716,0.013741106,0.17321497,0.0042229006,0.07631776,0.005532125,0.46522582,0.020912359,0.66264766,0.0035110118,0.07520217,0.00473635,0.53538054,0.026210174,null,null,null,null,"TWOGAUSSIANS",8,2.6719337,0.66264766,0.0035110118,0.4,0.0,0.5319667,0.02621955,0.17321497,0.0042229006,0.4,0.0,0.461812,0.020723177
375316653866487564,5959505824638250624,0.5349892,2203.576809337875,3.1379077838967686,1.0209949E-5,19.305872,0.0094107445,0.20077479,0.004320664,0.080155276,0.003448557,0.5481248,0.032765113,0.72005063,0.0055245673,0.07888,0.0077262265,0.4308559,0.029889312,null,null,null,null,"TWOGAUSSIANS",8,2.375334,0.20077479,0.004320664,0.4,0.0,0.54341835,0.033006426,0.72005063,0.0055245673,0.4,0.0,0.4261495,0.031173522
375316653866487564,5959506168235585024,0.5158079,2227.4843694402953,2.081844310412677,1.278631E-5,19.100546,0.012339781,0.18415898,0.004970028,0.060126446,0.010051563,0.16878815,0.013373061,0.6904903,0.0055030067,0.088594906,0.008490008,0.29856613,0.02664032,null,null,null,null,"TWOGAUSSIANS",8,2.566532,0.6904903,0.0055030067,0.4,0.0,0.29715082,0.027399044,0.18415898,0.004970028,0.3367081,0.056288756,0.16737293,0.012968348
375316653866487564,5959506404423331072,0.5555934,2225.7032202753358,3.802775519636535,1.0695915E-5,18.977072,0.026166812,0.2628939,0.004374555,0.050795797,0.014400151,0.38394192,0.31031552,0.76238316,0.0053722714,0.052761413,0.009850601,0.3615641,0.064456336,0.1339601,0.034529496,0.2628939,0.004374555,"TWOGAUSSIANS_WITH_ELLIPSOIDAL_ON_ECLIPSE1",9,5.0788937,0.2628939,0.004374555,0.28445646,0.080640845,0.6518553,0.328415,0.7624532,0.0047429916,0.29546392,0.055163365,0.6294751,0.07330543
375316653866487564,5959506404425866752,0.66964114,2249.1048743649017,2.2867016898437282,7.37323E-6,17.33205,0.0052396217,0.2751712,0.0014343604,0.05278764,0.0027933146,0.34738252,0.016382938,0.7807945,0.0010356389,0.04804842,0.0015592683,0.3588292,0.012250334,0.13354632,0.006893457,0.2751712,0.0014343604,"TWOGAUSSIANS_WITH_ELLIPSOIDAL_ON_ECLIPSE1",9,4.314815,0.7807945,0.0010356389,0.26907116,0.008731903,0.6255829,0.006137757,0.2751712,0.0014343604,0.2956108,0.015642561,0.61446947,0.01333091
375316653866487564,5959507645704429952,0.47383025,2229.830951748893,1.404495609058216,1.4785088E-4,19.894354,0.050158992,0.38498402,0.041432936,0.19463807,0.09619259,0.1332969,0.04335538,0.7985121,0.009522979,0.059040036,0.012151579,0.36523655,0.027095124,null,null,null,null,"TWOGAUSSIANS",8,1.7286689,0.7985121,0.009522979,0.3306242,0.06804885,0.36085707,0.033188265,0.38498402,0.041432936,0.4,0.0,0.11354258,0.032662645
375316653866487564,5959508264218989056,0.65914625,2221.7066409123445,1.4367837667994803,3.1887341E-6,15.254199,0.010917058,0.18357675,6.2714494E-4,0.05349147,0.0034552116,0.30501646,0.024289785,0.6864549,0.002180847,0.064363524,0.0040840665,0.26517272,0.02299197,0.11058165,0.013515522,0.18357675,6.2714494E-4,"TWOGAUSSIANS_WITH_ELLIPSOIDAL_ON_ECLIPSE1",9,31.902468,0.18357675,6.2714494E-4,0.29955223,0.019349184,0.5260571,0.01647639,0.6864549,0.002180847,0.36043572,0.022870772,0.48614106,0.009699927
375316653866487564,5959508362930932736,0.5903325,2240.015803889537,1.7492642027768808,1.10938845E-5,14.920917,0.009640597,0.23657227,0.0028555475,0.07016241,0.0018974853,0.61772996,0.021333361,0.74362767,0.0026834246,0.07365291,0.0036597042,0.60188746,0.020109124,null,null,null,null,"TWOGAUSSIANS",8,142.98492,0.23657227,0.0028555475,0.39290947,0.010625918,0.6152943,0.021190558,0.74362767,0.0026834246,0.4,0.0,0.5994518,0.020431193
375316653866487564,5959508401657950208,0.602625,2256.7507916518416,3.6945063825919546,7.1717836E-6,17.45045,0.0065661026,0.17850158,0.0038745978,0.085228644,0.0031895349,0.4566812,0.015144534,0.65314806,0.0025849785,0.077331625,0.002799956,0.35960785,0.008464863,null,null,null,null,"TWOGAUSSIANS",8,3.533365,0.17850158,0.0038745978,0.4,0.0,0.4522885,0.014995021,0.65314806,0.0025849785,0.4,0.0,0.35521525,0.00746362
375316653866487564,5959508504736884352,0.54391944,2282.7238591812475,1.323520731452267,1.0258028E-4,17.393658,0.0017916323,0.13754739,0.008839401,0.012227571,0.011434346,0.045357246,3.2932046E7,0.4417129,0.012222521,0.044005405,0.007858396,0.22417009,0.06823016,null,null,null,null,"TWOGAUSSIANS",8,2.272467,0.4417129,0.012222521,0.24643026,0.044007014,0.22417009,0.06823016,0.13754739,0.008839401,0.0684744,0.06403234,0.045357246,3.2932046E7
375316653866487564,5959509088814075392,0.5297997,2212.510914289463,3.227305780254248,2.7770075E-5,19.830923,0.010920523,0.24892896,0.0052448995,0.017073454,0.011102055,0.41460806,0.24285087,0.72610706,0.020226236,0.0432595,0.034400508,0.13685575,0.10323067,0.1311405,0.013988185,0.24892896,0.0052448995,"TWOGAUSSIANS_WITH_ELLIPSOIDAL_ON_ECLIPSE1",9,1.9670852,0.24892896,0.0052448995,0.09561135,0.06217151,0.676889,0.26120347,0.73113704,0.014444151,0.2422532,0.19264284,0.3949506,0.11579398
375316653866487564,5959509153206970752,0.5117535,2239.4024049594314,2.2749083788455016,1.588722E-5,16.920473,0.5993825,0.27900246,0.0039375057,0.2280942,0.11711424,0.74571323,0.5821017,0.7761139,0.010489262,0.16620746,0.07260277,0.6219812,0.44939312,null,null,null,null,"TWOGAUSSIANS",8,8.48991,0.28009245,0.004656509,0.4,0.0,0.15219149,0.009621725,0.7761139,0.010489262,0.4,0.0,0.14984654,0.0069214464
375316653866487564,5959509840401843712,0.56469417,2232.515031057767,3.387858542736637,2.1795862E-5,18.501278,0.0105872555,0.27069327,0.0026620827,0.07487122,0.003679648,0.4815666,0.025913354,0.7751778,0.0037423607,0.07106635,0.004224229,0.5955904,0.028988691,null,null,null,null,"TWOGAUSSIANS",8,5.071297,0.7751778,0.0037423607,0.39797157,0.018285569,0.5928786,0.02927009,0.27069327,0.0026620827,0.4,0.0,0.47885475,0.026265547
375316653866487564,5959509879126366976,0.4302948,2201.0611309046117,3.960179314783075,3.1363066E-5,19.78268,1.2853696,0.22539242,0.019300684,0.089713715,0.14335853,0.5228524,1.2305989,0.73211604,0.07168498,0.07833774,0.08641595,0.5815573,0.8689788,null,null,null,null,"TWOGAUSSIANS",8,10.954133,0.73211604,0.07168498,0.4,0.29499882,0.56993496,0.2031853,0.22539242,0.020080846,0.4,0.0,0.5112299,0.05263875
375316653866487564,5959510291404737152,0.47588152,2229.7101082337053,0.49341776492777545,1.4107376E-4,16.597235,0.0032982319,0.32683015,0.014965355,0.0513286,0.03889474,0.1750398,0.113983266,0.8158305,0.008600307,0.03183601,0.017697036,0.056648515,0.014166182,null,null,null,null,"TWOGAUSSIANS",8,6.622768,0.32683015,0.014965355,0.28744015,0.11744475,0.1750398,0.11405022,0.8158305,0.008600307,0.17828166,0.0991034,0.05664851,0.014187515
375316653866487564,5959510875520497664,0.54335135,2216.1757796929596,2.4991955908606758,1.6187723E-5,19.522518,0.007624469,0.22562936,0.0018600927,0.024593122,0.005299422,0.4436132,0.09474175,0.7275612,0.01099378,0.033097085,0.007692348,0.32011837,0.24161214,0.18751399,0.017625684,0.22562936,0.0018600927,"TWOGAUSSIANS_WITH_ELLIPSOIDAL_ON_ECLIPSE1",9,3.1379213,0.22562936,0.0018600927,0.13772148,0.029676763,0.8186408,0.10082272,0.7275612,0.010571937,0.18534368,0.04307715,0.6950908,0.23961721
375316653866487564,5959510978599680896,0.47438985,2212.1506750269346,3.0517080352024615,5.2520834E-5,19.489243,0.013270347,0.43853185,0.009892404,0.17019646,0.01814363,0.21952942,0.017736103,0.81635904,0.032578472,0.019474173,0.029257907,0.02938427,0.015127784,null,null,null,null,"TWOGAUSSIANS",8,2.133495,0.43853185,0.009892404,0.4,0.0,0.21366225,0.017925512,0.81635904,0.032578472,0.10905537,0.16384427,0.042471338,0.02001677
375316653866487564,5959511219156366976,0.48708606,2213.9242137430715,2.0001213426423847,3.6987312E-5,18.74225,0.6004753,0.2133523,0.0067623532,0.13548727,0.08047223,0.39917505,0.57999563,0.7053051,0.008764485,0.12926374,0.0622576,0.42789674,0.5513263,null,null,null,null,"TWOGAUSSIANS",8,5.7143507,0.7053051,0.008764485,0.4,0.0,0.2979072,0.023379639,0.21350229,0.0070227725,0.4,0.0,0.2687808,0.021833334
