Gaia/vari_eclipsing_binary/VariEclipsingBinary_603941-604012.csv
# %ECSV 1.0
# ---
# delimiter: ','
# meta: !!omap
# - RELEASE: Gaia DR3
# - TABLE: vari_eclipsing_binary
# - DESCRIPTION: >
#     This table describes the properties of the eclipsing binaries resulting from the variability analysis. 
# - CITATION: >
#     How to cite and acknowledge Gaia: 
#     https://gea.esac.esa.int/archive/documentation/credits.html 
# - KNOWN_ISSUES: >
#     Known issues: 
#     https://www.cosmos.esa.int/web/gaia-users/known-issues 
# - DOCUMENTATION: >
#     Tutorials and documentation: 
#     https://www.cosmos.esa.int/web/gaia-users/archive 
# datatype:
# - 
#   name: solution_id
#   datatype: int64
#   description: Solution Identifier
#   meta:
#     ucd: meta.version
# - 
#   name: source_id
#   datatype: int64
#   description: Unique source identifier
#   meta:
#     ucd: meta.id;meta.main
# - 
#   name: global_ranking
#   datatype: float32
#   description: Number between 0 (worst) and 1 (best)
#   meta:
#     ucd: stat.param
# - 
#   name: reference_time
#   datatype: float64
#   unit: d
#   description: Reference time used for the geometric model fit
#   meta:
#     ucd: time.epoch
# - 
#   name: frequency
#   datatype: float64
#   unit: d**-1
#   description: Frequency of geometric model of the eclipsing binary light curve
#   meta:
#     ucd: src.orbital
# - 
#   name: frequency_error
#   datatype: float32
#   unit: d**-1
#   description: "Uncertainty of \\texttt{frequency}"
#   meta:
#     ucd: stat.error
# - 
#   name: geom_model_reference_level
#   datatype: float32
#   unit: mag
#   description: Magnitude reference level of geometric model
#   meta:
#     ucd: phot.mag;em.opt
# - 
#   name: geom_model_reference_level_error
#   datatype: float32
#   unit: mag
#   description: "Uncertainty of \\texttt{geomModelReferenceLevel}"
#   meta:
#     ucd: stat.error;phot.mag;em.opt
# - 
#   name: geom_model_gaussian1_phase
#   datatype: float32
#   description: Phase of the Gaussian 1 component
#   meta:
#     ucd: time.phase
# - 
#   name: geom_model_gaussian1_phase_error
#   datatype: float32
#   description: "Uncertainty of \\texttt{geomModelGaussian1Phase}"
#   meta:
#     ucd: stat.error;time.phase
# - 
#   name: geom_model_gaussian1_sigma
#   datatype: float32
#   description: "Standard deviation [phase] of Gaussian 1 component"
#   meta:
#     ucd: stat.stdev
# - 
#   name: geom_model_gaussian1_sigma_error
#   datatype: float32
#   description: "Uncertainty of \\texttt{geomModelGaussian1Sigma}"
#   meta:
#     ucd: stat.error
# - 
#   name: geom_model_gaussian1_depth
#   datatype: float32
#   unit: mag
#   description: Magnitude depth of Gaussian 1 component
#   meta:
#     ucd: src.var.amplitude
# - 
#   name: geom_model_gaussian1_depth_error
#   datatype: float32
#   unit: mag
#   description: "Uncertainty of \\texttt{geomModelGaussian1Depth}"
#   meta:
#     ucd: stat.error;src.var.amplitude
# - 
#   name: geom_model_gaussian2_phase
#   datatype: float32
#   description: Phase of Gaussian 2 component
#   meta:
#     ucd: time.phase
# - 
#   name: geom_model_gaussian2_phase_error
#   datatype: float32
#   description: "Uncertainty of \\texttt{geomModelGaussian2Phase}"
#   meta:
#     ucd: stat.error;time.phase
# - 
#   name: geom_model_gaussian2_sigma
#   datatype: float32
[...]
#   datatype: float32
#   description: "Secondary eclipse: uncertainty of \\texttt{derivedSecondaryEclDuration}"
#   meta:
#     ucd: stat.error;time.duration
# - 
#   name: derived_secondary_ecl_depth
#   datatype: float32
#   unit: mag
#   description: "Secondary eclipse: depth"
#   meta:
#     ucd: src.var.amplitude
# - 
#   name: derived_secondary_ecl_depth_error
#   datatype: float32
#   unit: mag
#   description: "Secondary eclipse: uncertainty of \\texttt{derivedSecondaryEclDepth}"
#   meta:
#     ucd: stat.error;src.var.amplitude
solution_id,source_id,global_ranking,reference_time,frequency,frequency_error,geom_model_reference_level,geom_model_reference_level_error,geom_model_gaussian1_phase,geom_model_gaussian1_phase_error,geom_model_gaussian1_sigma,geom_model_gaussian1_sigma_error,geom_model_gaussian1_depth,geom_model_gaussian1_depth_error,geom_model_gaussian2_phase,geom_model_gaussian2_phase_error,geom_model_gaussian2_sigma,geom_model_gaussian2_sigma_error,geom_model_gaussian2_depth,geom_model_gaussian2_depth_error,geom_model_cosine_half_period_amplitude,geom_model_cosine_half_period_amplitude_error,geom_model_cosine_half_period_phase,geom_model_cosine_half_period_phase_error,model_type,num_model_parameters,reduced_chi2,derived_primary_ecl_phase,derived_primary_ecl_phase_error,derived_primary_ecl_duration,derived_primary_ecl_duration_error,derived_primary_ecl_depth,derived_primary_ecl_depth_error,derived_secondary_ecl_phase,derived_secondary_ecl_phase_error,derived_secondary_ecl_duration,derived_secondary_ecl_duration_error,derived_secondary_ecl_depth,derived_secondary_ecl_depth_error
[from data line 396]
375316653866487564,5312553045403632640,0.47461617,2088.684344739809,0.40308424140990967,1.6164033E-5,17.316998,0.004942555,0.19160685,0.0052621826,0.07081477,0.0099121565,0.05487661,0.005216342,0.69093454,0.013568741,0.09028469,0.027182285,0.04480108,0.010538175,null,null,null,null,"TWOGAUSSIANS",8,2.5187967,0.19160685,0.0052621826,0.39656273,0.03560535,0.05410163,0.0045863315,0.69093454,0.013568741,0.4,0.0,0.04402608,0.011032686
375316653866487564,5312553114123119744,0.49139512,2122.65481079092,0.1372871555677889,2.0718455E-5,15.735477,0.002605876,0.31654048,9.7182684E-4,0.018175974,9.095699E-4,0.32182142,0.019470673,0.79461664,0.024543284,0.034848377,0.012883834,0.08457942,0.021569416,null,null,null,null,"TWOGAUSSIANS",8,47.270054,0.31654048,9.7182684E-4,0.10178545,0.0050935918,0.32182142,0.019470673,0.79461664,0.024543284,0.19515091,0.07214947,0.08457942,0.021569416
375316653866487564,5312553148482853760,0.59393954,2148.003640699301,0.19719801398787576,5.8453866E-6,15.556815,0.0019231705,0.11728952,0.05077311,0.07419274,0.03882794,0.011078525,0.006714215,0.5558919,0.0047965935,0.009467809,0.004447111,0.34380722,0.062401716,null,null,null,null,"TWOGAUSSIANS",8,26.055103,0.5558919,0.0047965935,0.053019736,0.02490382,0.34380722,0.06240172,0.11728952,0.05077311,0.4,0.15285556,0.011078525,0.0067142155
375316653866487564,5312553148482855040,0.53106236,2104.283016102446,0.5840968703037772,2.9176781E-5,17.146551,0.0013789864,0.117722854,0.013574874,0.023030369,0.0064924564,0.07837119,0.008536253,0.63534975,0.0021178327,0.01275974,0.0036623487,0.2605922,0.185339,null,null,null,null,"TWOGAUSSIANS",8,4.706055,0.63534975,0.0021178327,0.07145455,0.020509154,0.2605922,0.185339,0.117722854,0.013574874,0.12897007,0.036357757,0.07837119,0.008536253
375316653866487564,5312553217202294656,0.5467507,2095.887558736832,1.5250896299851542,5.961789E-6,18.811329,0.005658209,0.2974963,0.0074251574,0.07798537,0.008799062,0.12300056,0.009301221,0.776056,0.0023893774,0.061104797,0.0040101777,0.29739755,0.017550671,null,null,null,null,"TWOGAUSSIANS",8,1.7226542,0.776056,0.0023893774,0.34218687,0.022456994,0.29708195,0.017658023,0.2974963,0.0074251574,0.4,0.0,0.122684956,0.009310984
375316653866487564,5312553560799428864,0.5171339,2147.0379250280125,0.005208839704816763,3.408578E-5,17.179823,0.001416081,0.08669441,0.0099674305,0.024285326,0.01888446,0.012573738,17932.006,0.5396749,1.1623638E-4,3.9633206E-4,4.0066163E-5,0.4170169,0.0624587,0.015929371,0.0019369423,0.08669441,0.0099674305,"TWOGAUSSIANS_WITH_ELLIPSOIDAL_ON_ECLIPSE1",9,6.320121,0.5396749,1.1623638E-4,0.0022194595,2.2437052E-4,0.44617495,0.062609054,0.08669441,0.0099674305,0.13599783,0.105752975,0.044432458,17932.006
375316653866487564,5312554110545235456,0.5715292,2109.682370283491,1.22470554211325,1.702268E-6,18.36151,0.0026412692,0.3054655,0.0014580468,0.035683006,0.0014815483,0.35322997,0.0071230633,0.80528545,3.4460684E-4,0.032610476,5.743698E-4,0.44140044,0.008042499,null,null,null,null,"TWOGAUSSIANS",8,2.406584,0.80528545,3.4460684E-4,0.18261866,0.003216471,0.44140044,0.008042499,0.3054655,0.0014580468,0.19982484,0.00829667,0.35322997,0.0071230633
375316653866487564,5312554454152584192,0.58830756,2094.704682813755,2.890070101383686,5.0237304E-6,18.213213,0.00675489,0.2710367,0.0025880532,0.06944833,0.0037603835,0.5144676,0.018581185,0.7611925,0.0024157215,0.072861165,0.0021611948,0.62114006,0.013815907,null,null,null,null,"TWOGAUSSIANS",8,5.791212,0.7611925,0.0024157215,0.4,0.0,0.619291,0.013709335,0.2710367,0.0025880532,0.38891065,0.021058148,0.5126185,0.018866023
375316653866487564,5312554522872064896,0.6060243,2122.773819411435,1.109147122628104,4.7168846E-6,15.308823,0.003506059,0.26262215,0.0017200365,0.030395234,0.0013398032,0.4614612,0.017166499,0.7573431,0.0010145372,0.037358683,0.0029887229,0.3951132,0.02858444,0.02393898,0.0048936917,0.26262215,0.0017200365,"TWOGAUSSIANS_WITH_ELLIPSOIDAL_ON_ECLIPSE1",9,46.606274,0.26262215,0.0017200365,0.17021331,0.007502898,0.5093391,0.018077033,0.7574131,0.0010054262,0.20920862,0.016736848,0.44293916,0.029437875
375316653866487564,5312555618071197696,0.47792897,2093.2670021311524,0.05982695343393516,2.684138E-5,17.792704,0.0356775,0.34739652,0.011410131,0.10058436,0.03967476,0.22034617,0.047472507,0.82651854,0.0044288817,0.10742407,0.0163163,0.21131994,0.028870588,null,null,null,null,"TWOGAUSSIANS",8,6.8240695,0.34741652,0.011467584,0.4,0.0,0.2016184,0.06664368,0.82651854,0.0044288817,0.4,0.0,0.19258332,0.014905121
375316653866487564,5312556447017267840,0.5597382,2133.8053789602463,0.9093688822222862,5.585141E-6,18.481688,0.0036104429,0.1935054,0.0047399146,0.032360025,0.0053867255,0.2640937,0.16776013,0.69298655,0.0011078742,0.031597663,0.0013406347,0.42793387,0.01609738,null,null,null,null,"TWOGAUSSIANS",8,2.7651088,0.69298655,0.0011078742,0.17694691,0.007507554,0.42793387,0.01609738,0.1935054,0.0047399146,0.18121614,0.030165663,0.2640937,0.16776013
375316653866487564,5312557404769330048,0.585037,2121.0916521465992,3.610699994085684,4.3380132E-6,19.330454,0.012144686,0.26216492,0.0016051229,0.04307475,0.0024717771,0.60039294,0.028635468,0.7619421,0.015687384,0.04024291,0.010008295,0.5343863,0.17044729,0.12536006,0.014260094,0.26216492,0.0016051229,"TWOGAUSSIANS_WITH_ELLIPSOIDAL_ON_ECLIPSE1",9,2.1909845,0.26216492,0.0016051229,0.2412186,0.013841952,0.8511128,0.03246146,0.7619521,0.015666228,0.22536029,0.056046452,0.78510565,0.18029757
375316653866487564,5312558130644453248,0.6681055,2135.0993341220324,0.28258673407771495,9.638864E-6,14.741248,4.3224255E-4,0.46090096,7.4115454E-4,0.025002982,2.007827E-4,0.86789113,0.025061978,null,null,null,null,null,null,null,null,null,null,"ONEGAUSSIAN",5,5.162755,0.46090096,7.4115454E-4,0.1400167,0.0011243832,0.86789113,0.0,null,null,null,null,null,null
375316653866487564,5312558749108037632,0.43539494,2098.840420168782,0.6140234401237802,2.2085433E-5,17.051666,0.004037211,0.27878705,0.0054946053,0.03934589,0.0047973525,0.38709337,0.1434025,0.7591263,0.04621376,0.056970537,0.030551916,0.0546307,0.035561524,null,null,null,null,"TWOGAUSSIANS",8,20.587877,0.27878705,0.0054946053,0.22033699,0.026865175,0.38709328,0.14340268,0.7591263,0.04621376,0.319035,0.17109074,0.05463059,0.03556162
375316653866487564,5312559023985947520,0.52063507,2127.8743088267956,0.6052794402842524,7.5645094E-6,17.037607,0.0074869646,0.17896377,0.0038992953,0.102206364,0.012254433,0.0858428,0.006319106,0.6794353,0.0042254087,0.09692075,0.009147657,0.08484129,0.0076691015,null,null,null,null,"TWOGAUSSIANS",8,1.8295747,0.17896377,0.0038992953,0.4,0.0,0.07859161,0.005524476,0.6794353,0.0042254087,0.4,0.0,0.077590905,0.0048354706
375316653866487564,5312559775594174592,0.45292222,2106.938742973811,2.522062910755259,4.1142837E-5,18.621208,0.052883767,0.16178636,0.021260325,0.15128137,0.07328732,0.08448633,0.051650014,0.6178124,0.010293848,0.101326294,0.017626302,0.18669985,0.045200367,null,null,null,null,"TWOGAUSSIANS",8,5.5266047,0.6178124,0.010293848,0.4,0.0,0.16628052,0.019623628,0.16187637,0.021296736,0.4,0.0,0.063044295,0.018856961
375316653866487564,5312560157857059456,0.6889672,2076.1491603571726,2.9984147468333253,1.8489134E-6,15.256601,0.011311593,0.28596905,5.9192325E-4,0.047623936,0.0021651636,0.35227868,0.024232296,0.78425604,0.001127839,0.04911201,0.0024336553,0.43841743,0.023591392,0.10887759,0.013126453,0.28596905,5.9192325E-4,"TWOGAUSSIANS_WITH_ELLIPSOIDAL_ON_ECLIPSE1",9,21.663944,0.784406,0.0010361702,0.27502728,0.013628469,0.6561483,0.010692981,0.28596905,5.9192325E-4,0.26669404,0.012124916,0.5700326,0.0044705765
375316653866487564,5312560668947387520,0.5349233,2116.1540344163363,1.9385505102179015,1.3182658E-5,18.439432,0.0045699743,0.08814626,0.061933614,0.04397248,0.04267094,0.013571274,0.022717949,0.4792733,0.0035466664,0.049092855,0.003224983,0.5045105,0.056518253,null,null,null,null,"TWOGAUSSIANS",8,5.3185225,0.4792733,0.0035466664,0.27492,0.018059906,0.5045105,0.056518253,0.08814626,0.061933614,0.24624589,0.23895726,0.013571274,0.022717949
375316653866487564,5312561085570278272,0.514188,2095.703981477288,2.4495738379246443,5.0436956E-5,18.322231,0.0042719063,0.10523117,0.051571112,0.03964475,0.098652765,0.017287351,0.014769512,0.5652064,0.003267494,0.021023994,0.0014125629,0.57932734,0.061568752,null,null,null,null,"TWOGAUSSIANS",8,1.9937009,0.5652064,0.003267494,0.117734365,0.007910352,0.57932734,0.061566684,0.10523117,0.051571112,0.22201061,0.2982721,0.017287351,0.014781025
375316653866487564,5312561871538363008,0.5024517,2089.4402422440085,0.8113627005492244,1.0358017E-6,19.46681,0.0028747623,0.4804886,0.011215035,0.04841315,0.007924674,0.08249808,0.030775785,0.87210816,3.479059E-8,0.001749181,1.0062369E-5,0.6116272,0.0010642376,null,null,null,null,"TWOGAUSSIANS",8,0.9112815,0.87210816,3.479059E-8,0.009795413,5.634927E-5,0.6116272,0.0010642376,0.4804886,0.011215035,0.27111363,0.044378176,0.08249808,0.030775785
375316653866487564,5312562288160902784,0.4880404,2103.4667725411305,0.9891946917445317,6.2002066E-5,18.597614,0.0032084892,0.18709342,0.008485119,0.023075473,0.026432224,0.08893854,0.07265356,0.703402,0.0051609925,0.031815894,0.0052871676,0.27958277,0.12300083,null,null,null,null,"TWOGAUSSIANS",8,2.7425447,0.703402,0.0051609925,0.17816901,0.029608138,0.27958277,0.12300083,0.18709342,0.008485119,0.12922265,0.14802045,0.08893854,0.07265356
375316653866487564,5312562593087459200,0.48644367,2094.0812586150378,0.6582958951197728,1.7275683E-5,18.336355,0.0038071962,0.2738123,0.031574406,0.09455428,0.027366744,0.029827904,0.012544984,0.7759743,0.007156011,0.027519692,0.0063966126,0.15134467,0.024642244,null,null,null,null,"TWOGAUSSIANS",8,1.9120879,0.7759743,0.007156011,0.15411027,0.03582103,0.15132982,0.024643112,0.2738123,0.031574406,0.4,0.0,0.029813001,0.012546835
375316653866487564,5312563726969822080,0.53159195,2107.001496950438,2.6811218430633215,1.3734356E-5,18.20977,0.0035670686,0.23717889,0.003781878,0.07384735,0.0047508096,0.21100956,0.004803576,0.73602515,0.008316488,0.07731623,0.009024269,0.08825386,0.0073536965,null,null,null,null,"TWOGAUSSIANS",8,2.9586346,0.23717889,0.003781878,0.4,0.0,0.2099123,0.0046061734,0.73602515,0.008316488,0.4,0.0033917583,0.087156594,0.0075230086
375316653866487564,5312563937428315520,0.58234864,2102.601978004695,0.37227623528852805,1.03245275E-5,14.910335,0.0010241503,0.17360456,0.0032528138,0.011706121,0.0013066675,0.27964622,0.045282476,0.6738511,0.008925811,0.010804428,0.003670536,0.12162758,0.06535948,null,null,null,null,"TWOGAUSSIANS",8,16.023643,0.17360456,0.0032528138,0.065554276,0.0073173377,0.27964622,0.045282476,0.6738511,0.008925811,0.060504794,0.020555,0.12162758,0.06535948
375316653866487564,5312564001836703616,0.5076345,2109.1851784138976,0.6078219114685268,1.2579604E-5,18.29292,0.0061666467,0.28910178,0.0053385478,0.07514453,0.007398586,0.15067102,0.009671837,0.80016214,0.0148500595,0.07569074,0.020623956,0.05522711,0.014255207,null,null,null,null,"TWOGAUSSIANS",8,2.3783164,0.28910178,0.0053385478,0.4,0.0,0.15009253,0.009492112,0.80016214,0.0148500595,0.4,0.017793806,0.05464862,0.014803635
375316653866487564,5312564590263078912,0.5779606,2120.2514771708675,0.2691873642016049,2.288592E-6,15.044665,0.0010422632,0.31634727,0.0068686707,0.020182628,0.0026801752,0.17504951,0.03143522,0.7995072,0.0069075506,0.01291687,0.0038207392,0.100047536,0.011486436,0.005418026,0.0014284856,0.7995072,0.0069075506,"TWOGAUSSIANS_WITH_ELLIPSOIDAL_ON_ECLIPSE2",9,10.459648,0.31631726,0.0068566115,0.11302272,0.01500898,0.18576494,0.03116836,0.7995072,0.0069075506,0.072334476,0.02139614,0.110883586,0.011639553
375316653866487564,5312565238787475456,0.5388842,2129.3462532612134,2.5376914164315902,1.3846073E-5,19.121164,0.08767205,0.29616365,0.0075997706,0.09033882,0.027513813,0.34430557,0.06883956,0.78639567,0.0135779185,0.09555324,0.038516175,0.410904,0.03401433,null,null,null,null,"TWOGAUSSIANS",8,3.1479065,0.78639567,0.0135779185,0.4,0.0,0.39335725,0.043110687,0.29616365,0.007605319,0.4,0.0,0.32675976,0.01860788
375316653866487564,5312566510097792640,0.45457155,2109.2328283201978,2.877166924935496,1.7954684E-5,19.233097,0.0050417385,null,null,null,null,null,null,null,null,null,null,null,null,0.09567753,0.008293292,0.26262525,0.005566482,"ELLIPSOIDAL",4,4.271074,null,null,null,null,null,null,null,null,null,null,null,null
375316653866487564,5312566857991376640,0.52032447,2112.168177041217,0.7716041063301468,3.2329757E-5,17.923616,0.0019281893,0.14266996,0.0051313867,0.016776014,0.0036592667,0.13481717,0.014426134,0.22749828,0.008751662,0.01782749,0.008447529,0.023207001,0.010583626,null,null,null,null,"TWOGAUSSIANS",8,1.6660318,0.14266996,0.005131725,0.09394568,0.020491894,0.13481745,0.014420904,0.22749828,0.008751662,0.09983394,0.04730616,0.02320738,0.010584605
375316653866487564,5312569671194088192,0.5706438,2122.3673635901882,1.2269113142829766,3.5702867E-6,18.510996,0.006377433,0.23688549,0.005219618,0.08530985,0.004810549,0.17097628,0.008817588,0.7279461,0.0027698826,0.07054885,0.0029277783,0.43842444,0.009588906,null,null,null,null,"TWOGAUSSIANS",8,3.1652696,0.7279461,0.0027698826,0.39507356,0.0095650945,0.4359431,0.009248382,0.23688549,0.005219618,0.4,0.0,0.16849491,0.008124787
375316653866487564,5312569881663220352,0.44537392,2158.900671972376,2.946532889299855,3.3169992E-5,18.095814,0.09749632,0.30375674,0.025152612,0.12114192,0.044782273,0.19263218,0.074471906,0.7591095,0.018313104,0.1192661,0.03630783,0.16229509,0.09352777,null,null,null,null,"TWOGAUSSIANS",8,19.549145,0.30401674,0.023921352,0.4,0.0,0.16558464,0.038151033,0.7591095,0.018313104,0.4,0.0,0.13530394,0.015362281
375316653866487564,5312570186590142720,0.60550416,2133.759719541964,1.6251255703019691,3.5610983E-6,17.272282,0.003607894,0.25787398,0.002121348,0.042164482,0.0030172416,0.09150639,0.008887997,0.75432265,0.001506077,0.042447086,0.001999804,0.31564385,0.010886314,0.030726599,0.004327871,0.25787398,0.002121348,"TWOGAUSSIANS_WITH_ELLIPSOIDAL_ON_ECLIPSE1",9,3.8415723,0.75442266,0.0014594253,0.2377037,0.011198903,0.37706724,0.010162196,0.25787398,0.002121348,0.2361211,0.016896553,0.15295953,0.0043575205
375316653866487564,5312570225260608768,0.50274146,2105.002208060334,2.0585201167241887,4.8986967E-5,19.723324,0.003579427,0.28235102,0.002199379,0.004208288,0.0015190723,0.70067346,7.606796,0.62284917,0.014615152,0.024326025,0.0097566815,0.06268077,0.103728294,null,null,null,null,"TWOGAUSSIANS",8,1.1408594,0.28235102,0.002199379,0.023566416,0.008506805,0.70067346,7.606796,0.62284917,0.014615152,0.13622575,0.054637417,0.06268077,0.103728294
375316653866487564,5312571079943355008,0.59126276,2126.083086413046,0.267717993323174,3.2496882E-6,18.136724,0.0030679996,0.17331232,5.7512027E-4,0.024795678,8.728788E-4,0.48390958,0.011619961,0.6762453,0.020949852,0.026249856,0.007876849,0.11807526,0.041030187,0.019549241,0.004747362,0.17331232,5.7512027E-4,"TWOGAUSSIANS_WITH_ELLIPSOIDAL_ON_ECLIPSE1",9,2.6190376,0.17331232,5.7512027E-4,0.13885579,0.0048881215,0.52300805,0.011864255,0.6762453,0.020949852,0.1469992,0.044110354,0.15716045,0.0411004
375316653866487564,5312571492260396672,0.44863108,2145.956003546338,4.564195370731134,4.5303288E-5,19.3885,0.24414337,0.2544039,0.020809526,0.10197852,0.058893118,0.27251637,0.22695823,0.7367701,0.012471138,0.10415823,0.0631984,0.2570682,0.2343008,null,null,null,null,"TWOGAUSSIANS",8,7.6272016,0.25441387,0.020881742,0.4,0.0,0.24991447,0.04661042,0.7367701,0.012471138,0.4,0.0,0.23446397,0.026902547
