Gaia/vari_eclipsing_binary/VariEclipsingBinary_238724-238940.csv
# %ECSV 1.0
# ---
# delimiter: ','
# meta: !!omap
# - RELEASE: Gaia DR3
# - TABLE: vari_eclipsing_binary
# - DESCRIPTION: >
#     This table describes the properties of the eclipsing binaries resulting from the variability analysis. 
# - CITATION: >
#     How to cite and acknowledge Gaia: 
#     https://gea.esac.esa.int/archive/documentation/credits.html 
# - KNOWN_ISSUES: >
#     Known issues: 
#     https://www.cosmos.esa.int/web/gaia-users/known-issues 
# - DOCUMENTATION: >
#     Tutorials and documentation: 
#     https://www.cosmos.esa.int/web/gaia-users/archive 
# datatype:
# - 
#   name: solution_id
#   datatype: int64
#   description: Solution Identifier
#   meta:
#     ucd: meta.version
# - 
#   name: source_id
#   datatype: int64
#   description: Unique source identifier
#   meta:
#     ucd: meta.id;meta.main
# - 
#   name: global_ranking
#   datatype: float32
#   description: Number between 0 (worst) and 1 (best)
#   meta:
#     ucd: stat.param
# - 
#   name: reference_time
#   datatype: float64
#   unit: d
#   description: Reference time used for the geometric model fit
#   meta:
#     ucd: time.epoch
# - 
#   name: frequency
#   datatype: float64
#   unit: d**-1
#   description: Frequency of geometric model of the eclipsing binary light curve
#   meta:
#     ucd: src.orbital
# - 
#   name: frequency_error
#   datatype: float32
#   unit: d**-1
#   description: "Uncertainty of \\texttt{frequency}"
#   meta:
#     ucd: stat.error
# - 
#   name: geom_model_reference_level
#   datatype: float32
#   unit: mag
#   description: Magnitude reference level of geometric model
#   meta:
#     ucd: phot.mag;em.opt
# - 
#   name: geom_model_reference_level_error
#   datatype: float32
#   unit: mag
#   description: "Uncertainty of \\texttt{geomModelReferenceLevel}"
#   meta:
#     ucd: stat.error;phot.mag;em.opt
# - 
#   name: geom_model_gaussian1_phase
#   datatype: float32
#   description: Phase of the Gaussian 1 component
#   meta:
#     ucd: time.phase
# - 
#   name: geom_model_gaussian1_phase_error
#   datatype: float32
#   description: "Uncertainty of \\texttt{geomModelGaussian1Phase}"
#   meta:
#     ucd: stat.error;time.phase
# - 
#   name: geom_model_gaussian1_sigma
#   datatype: float32
#   description: "Standard deviation [phase] of Gaussian 1 component"
#   meta:
#     ucd: stat.stdev
# - 
#   name: geom_model_gaussian1_sigma_error
#   datatype: float32
#   description: "Uncertainty of \\texttt{geomModelGaussian1Sigma}"
#   meta:
#     ucd: stat.error
# - 
#   name: geom_model_gaussian1_depth
#   datatype: float32
#   unit: mag
#   description: Magnitude depth of Gaussian 1 component
#   meta:
#     ucd: src.var.amplitude
# - 
#   name: geom_model_gaussian1_depth_error
#   datatype: float32
#   unit: mag
#   description: "Uncertainty of \\texttt{geomModelGaussian1Depth}"
#   meta:
#     ucd: stat.error;src.var.amplitude
# - 
#   name: geom_model_gaussian2_phase
#   datatype: float32
#   description: Phase of Gaussian 2 component
#   meta:
#     ucd: time.phase
# - 
#   name: geom_model_gaussian2_phase_error
#   datatype: float32
#   description: "Uncertainty of \\texttt{geomModelGaussian2Phase}"
#   meta:
#     ucd: stat.error;time.phase
# - 
#   name: geom_model_gaussian2_sigma
#   datatype: float32
[...]
#   datatype: float32
#   description: "Secondary eclipse: uncertainty of \\texttt{derivedSecondaryEclDuration}"
#   meta:
#     ucd: stat.error;time.duration
# - 
#   name: derived_secondary_ecl_depth
#   datatype: float32
#   unit: mag
#   description: "Secondary eclipse: depth"
#   meta:
#     ucd: src.var.amplitude
# - 
#   name: derived_secondary_ecl_depth_error
#   datatype: float32
#   unit: mag
#   description: "Secondary eclipse: uncertainty of \\texttt{derivedSecondaryEclDepth}"
#   meta:
#     ucd: stat.error;src.var.amplitude
solution_id,source_id,global_ranking,reference_time,frequency,frequency_error,geom_model_reference_level,geom_model_reference_level_error,geom_model_gaussian1_phase,geom_model_gaussian1_phase_error,geom_model_gaussian1_sigma,geom_model_gaussian1_sigma_error,geom_model_gaussian1_depth,geom_model_gaussian1_depth_error,geom_model_gaussian2_phase,geom_model_gaussian2_phase_error,geom_model_gaussian2_sigma,geom_model_gaussian2_sigma_error,geom_model_gaussian2_depth,geom_model_gaussian2_depth_error,geom_model_cosine_half_period_amplitude,geom_model_cosine_half_period_amplitude_error,geom_model_cosine_half_period_phase,geom_model_cosine_half_period_phase_error,model_type,num_model_parameters,reduced_chi2,derived_primary_ecl_phase,derived_primary_ecl_phase_error,derived_primary_ecl_duration,derived_primary_ecl_duration_error,derived_primary_ecl_depth,derived_primary_ecl_depth_error,derived_secondary_ecl_phase,derived_secondary_ecl_phase_error,derived_secondary_ecl_duration,derived_secondary_ecl_duration_error,derived_secondary_ecl_depth,derived_secondary_ecl_depth_error
[from data line 361]
375316653866487564,2101273824286343552,0.4792205,2211.10418405345,1.6567664969076779,4.408461E-5,17.939222,0.010265117,0.2682262,0.003178358,0.034830403,0.0034642396,0.50458807,0.026542917,0.7693144,0.012469706,0.06547682,0.02117506,0.16414745,0.048074115,null,null,null,null,"TWOGAUSSIANS",8,26.58407,0.2682262,0.003178358,0.19505027,0.019399742,0.50458634,0.026543101,0.7693144,0.012469706,0.3666702,0.118580334,0.16414571,0.04807857
375316653866487564,2101279321845257472,0.72835475,2225.427404379485,0.16900782137175915,7.782998E-6,14.273329,0.0022602004,0.25722885,0.0049321027,0.030995097,0.0058731427,0.10152378,0.0055314936,0.7551456,0.0042436873,0.026259346,0.0027256925,0.85015506,0.07885393,0.05366693,0.002809899,0.7551456,0.0042436873,"TWOGAUSSIANS_WITH_ELLIPSOIDAL_ON_ECLIPSE2",9,27.842981,0.7551456,0.0042436873,0.14705233,0.015263878,0.9574888,0.07953031,0.25707886,0.0044825505,0.17357254,0.0328896,0.20884053,0.0040021795
375316653866487564,2101289075711066752,0.58467096,2242.6037265057685,3.784111068208342,6.543728E-6,18.594076,0.006655338,0.27716145,0.0020335673,0.07780948,0.002360615,0.4819264,0.016871903,0.7718246,0.0029671877,0.07863426,0.0033589574,0.4323902,0.01781708,null,null,null,null,"TWOGAUSSIANS",8,2.9784915,0.27716145,0.0020335673,0.4,0.0,0.47697675,0.017016236,0.7718246,0.0029671877,0.4,0.0,0.42744055,0.01784346
375316653866487564,2101293065740246528,0.5151835,2204.0043910647855,3.1492456990689828,1.3494725E-5,17.042864,0.0047562034,0.28713542,0.0068989373,0.08686559,0.009021825,0.093789324,0.006025189,0.78140104,0.0033845513,0.08960596,0.0072032176,0.093677856,0.0060291034,null,null,null,null,"TWOGAUSSIANS",8,3.6276202,0.28713542,0.0068989373,0.4,0.0,0.0907027,0.0054292846,0.78140104,0.0033845513,0.4,0.0,0.09059121,0.0057298294
375316653866487564,2101304022194941312,0.45690826,2264.574742141326,1.0229619325850523,3.0427185E-5,18.884983,0.00845193,0.12476926,0.016613279,0.024889063,0.017195199,0.19990185,2.421151,0.36182258,0.0028588488,0.013696427,0.0023923889,0.5688943,0.2287895,null,null,null,null,"TWOGAUSSIANS",8,9.215863,0.36182258,0.0028588488,0.076699995,0.013397378,0.5688943,0.2287895,0.12476926,0.016613279,0.13937876,0.096293114,0.19990185,2.421151
375316653866487564,2101308802500310016,0.47769877,2249.117744161902,4.133256193414993,3.9170794E-5,16.857973,0.0029837773,0.51379627,0.005183835,0.013880185,0.003088759,0.17916098,0.060156092,0.840178,0.008666586,0.03026331,0.017090699,0.9831811,772.2343,null,null,null,null,"TWOGAUSSIANS",8,20.261602,0.840178,0.008666586,0.16947454,0.095707916,0.9831811,772.2343,0.51379627,0.005183835,0.07772903,0.01729705,0.17916098,0.060156092
375316653866487564,2101311929236474368,0.6279419,2210.3974263745176,3.7065469067710524,8.483358E-6,17.537592,0.02721168,0.27747083,0.0018494662,0.060124993,0.006939078,0.44357958,0.05096838,0.7767221,0.00498847,0.047668457,0.005605091,0.46315697,0.060780615,0.09463329,0.032488883,0.27747083,0.0018494662,"TWOGAUSSIANS_WITH_ELLIPSOIDAL_ON_ECLIPSE1",9,11.280029,0.7767721,0.0048388643,0.26694337,0.03138851,0.65234196,0.026199851,0.27747083,0.0018494662,0.33669996,0.03885884,0.63276845,0.019740641
375316653866487564,2101313402403890304,0.6427422,2227.1656037096486,3.4380194944861855,4.112649E-6,15.54662,0.007524955,0.29169852,0.0014640208,0.045200054,0.0030722974,0.24948807,0.014503109,0.79444206,0.0015396667,0.055511456,0.0042102155,0.30355516,0.019106517,0.09974019,0.008724901,0.79444206,0.0015396667,"TWOGAUSSIANS_WITH_ELLIPSOIDAL_ON_ECLIPSE2",9,32.17845,0.79444206,0.0015396667,0.31086415,0.023577206,0.5030233,0.017875027,0.29200852,0.0012745636,0.2531203,0.017204866,0.44890377,0.009503141
375316653866487564,2101316288624477696,0.60594594,2203.923768065245,2.43734448203512,4.138668E-6,17.334915,0.012673761,0.20259495,0.00175416,0.051430717,0.004595252,0.32807833,0.032279503,0.6963056,0.0017089181,0.06037231,0.0030470921,0.30981237,0.028300839,0.09136366,0.015964499,0.20259495,0.00175416,"TWOGAUSSIANS_WITH_ELLIPSOIDAL_ON_ECLIPSE1",9,9.243518,0.20259495,0.00175416,0.28801203,0.025733413,0.5107653,0.029409254,0.6972156,0.0013649272,0.33808494,0.017063716,0.4922555,0.0095182415
375316653866487564,2101321030265690752,0.6147889,2200.587301452557,2.639657207159529,1.0500943E-5,17.023354,0.0063615143,0.2450604,0.0031602965,0.09314673,0.004125295,0.2668758,0.00737596,0.7462304,0.002799658,0.08794493,0.0049108737,0.29952833,0.009385816,null,null,null,null,"TWOGAUSSIANS",8,4.515479,0.7462304,0.002799658,0.4,0.0,0.28727886,0.010116295,0.2450604,0.0031602965,0.4,0.0,0.25462613,0.005920689
375316653866487564,2101321339503380352,0.54143476,2175.5830692287777,1.474635630010424,1.3006213E-5,19.203825,0.008836981,0.18836698,0.009107774,0.058485374,0.011310054,0.16060853,0.020373812,0.68374324,0.0043289815,0.053874172,0.007037143,0.45954895,0.030340638,null,null,null,null,"TWOGAUSSIANS",8,4.134188,0.68374324,0.0043289815,0.30169538,0.039408002,0.45952696,0.030390434,0.18836698,0.009107774,0.3275181,0.063336305,0.16058657,0.020379221
375316653866487564,2101321721762148864,0.50164366,2196.764133042852,2.940743331615236,1.4194455E-5,16.799559,0.3187725,0.31712803,0.0030800197,0.11027405,0.06532426,0.22341377,0.28628233,0.8111356,0.008193108,0.10772193,0.06911673,0.15383703,0.29761985,null,null,null,null,"TWOGAUSSIANS",8,18.325909,0.31712803,0.0032290574,0.4,0.0,0.19838077,0.01326763,0.8111356,0.008193108,0.4,0.0,0.12881315,0.014430199
375316653866487564,2101323371029633920,0.68102,2226.900262549457,2.5424368004759192,3.2750531E-6,13.797062,0.008532493,0.2416205,0.0013433353,0.048359968,0.0040376494,0.26012048,0.020877607,0.743372,0.0035365142,0.051081188,0.0049440893,0.21733722,0.020516139,0.13961545,0.013033883,0.2416205,0.0013433353,"TWOGAUSSIANS_WITH_ELLIPSOIDAL_ON_ECLIPSE1",9,60.905426,0.2416205,0.0013433353,0.27081582,0.022610838,0.5393497,0.011644947,0.743372,0.0032639771,0.28605467,0.027686901,0.49653256,0.008370091
375316653866487564,2101325913647171072,0.6044483,2266.0771919603826,2.5200539052801423,3.2856024E-6,16.166113,0.004759244,0.17368875,0.005371605,0.09084744,0.0054161837,0.13854983,0.0055649756,0.67504674,0.0016122406,0.07067585,0.0033405195,0.3360084,0.01576101,null,null,null,null,"TWOGAUSSIANS",8,7.0934963,0.67504674,0.0016122406,0.39578477,0.01725001,0.33279005,0.016485851,0.17368875,0.005371605,0.4,0.0,0.1353314,0.0049046148
375316653866487564,2101330517855569152,0.647297,2228.248926307589,1.256150750744166,5.5329087E-6,13.133727,0.0027006606,0.252667,0.0030292417,0.0896244,0.002882704,0.38620415,0.004809634,0.75526345,8.660911E-4,0.0812605,0.0012228126,0.43207783,0.0063157068,null,null,null,null,"TWOGAUSSIANS",8,78.706795,0.75526345,8.660911E-4,0.4,0.0,0.42131764,0.00655032,0.252667,0.0030292417,0.4,0.0,0.37544382,0.00506806
375316653866487564,2101332059740977792,0.5364246,2220.8884180197742,3.117380403948088,1.2030932E-5,17.739914,0.05441232,0.19162291,0.00344117,0.09594549,0.01989666,0.17811595,0.051283978,0.69076663,0.006848639,0.09852947,0.040694617,0.18226099,0.028268747,null,null,null,null,"TWOGAUSSIANS",8,2.81969,0.69076663,0.006848639,0.4,0.0,0.16918507,0.021088004,0.19162291,0.0034084239,0.4,0.0,0.1650405,0.008541538
375316653866487564,2101344021232467200,0.5564353,2223.8303542339427,2.6278319837651845,1.3064005E-5,16.197227,0.025461428,0.25383073,0.0020407299,0.09470866,0.008417233,0.35256994,0.02099917,0.7438787,0.003855303,0.10434683,0.010861291,0.3037273,0.022346511,null,null,null,null,"TWOGAUSSIANS",8,44.449665,0.25383073,0.0020330534,0.4,0.0,0.32813758,0.015162095,0.7438787,0.003855303,0.4,0.0,0.27928874,0.010905483
375316653866487564,2101344089951940864,0.59956694,2225.0035006344415,1.1664565449814617,7.1583368E-6,15.420826,0.020762363,0.17627715,0.00196649,0.100718774,0.00580949,0.2893836,0.019591955,0.6783084,0.0020611505,0.12664142,0.0140759675,0.18993339,0.01639341,null,null,null,null,"TWOGAUSSIANS",8,18.086237,0.17626715,0.0019702315,0.4,0.0,0.25033328,0.0045117512,0.6783084,0.0020611505,0.4,0.0,0.15072879,0.0071878987
375316653866487564,2101347251048104704,0.6199243,2212.2279876289313,1.600050615426265,5.792995E-6,14.79999,0.0049473057,0.28992018,0.0018911861,0.09470666,0.0031113047,0.20505534,0.0055748117,0.7925168,0.0015577427,0.08757558,0.0031039806,0.21589841,0.0051017147,null,null,null,null,"TWOGAUSSIANS",8,15.7456665,0.7925168,0.0015577427,0.4,0.0,0.20651574,0.004131846,0.28992018,0.0018911861,0.4,0.0,0.19567236,0.0043457025
375316653866487564,2101348934675161344,0.5448661,2213.802595825467,0.2419910782714778,2.0621912E-5,13.845847,0.00290368,0.24311924,0.010334063,0.015189953,0.0056855846,0.15338947,0.0193085,0.7650171,0.0066403504,0.04181938,0.012787466,0.004638055,0.007987161,0.033208642,0.003574131,0.7650171,0.0066403504,"TWOGAUSSIANS_WITH_ELLIPSOIDAL_ON_ECLIPSE2",9,100.852585,0.24328925,0.010387906,0.08506374,0.031839274,0.21856694,0.018757906,0.7650171,0.0066403504,0.23418853,0.07160981,0.07105534,0.004079303
375316653866487564,2101350923237655424,0.49453595,2238.2769409361526,2.3686979178407586,2.1184664E-5,18.921524,0.0742166,0.24013513,0.008930532,0.08897654,0.036268625,0.19114557,0.07180824,0.758208,0.00496304,0.09356132,0.03892635,0.15921806,0.06528627,null,null,null,null,"TWOGAUSSIANS",8,2.0563293,0.24013513,0.0092228,0.4,0.0,0.18495102,0.023146994,0.758208,0.0049035647,0.4,0.0,0.15302329,0.016195543
375316653866487564,2101352198849480832,0.4958425,2236.2112363734345,4.903973924577438,6.994012E-5,15.370429,0.0011073403,0.04970639,0.0017535691,0.0060187043,0.003933072,0.026837885,0.021739587,0.81231225,0.003910531,0.020454947,0.0034470377,0.18830803,0.08348169,null,null,null,null,"TWOGAUSSIANS",8,13.018511,0.81231225,0.003910531,0.11454771,0.019303411,0.18830803,0.08348169,0.04970639,0.0017535691,0.033704747,0.022025203,0.026837885,0.021739587
375316653866487564,2101358276225766400,0.4495246,2249.6678211793705,3.217247673630624,8.092376E-5,19.05946,0.23425047,0.299554,0.023429738,0.17406572,0.11013639,0.29497087,0.22983631,0.7883607,0.014147345,0.08423805,0.027257757,0.3556166,0.15417889,null,null,null,null,"TWOGAUSSIANS",8,8.649883,0.7883607,0.014147345,0.4,0.033434592,0.28427935,0.043216716,0.299554,0.023429738,0.4,0.0,0.21396051,0.02318075
375316653866487564,2101358516749636224,0.4674454,2206.8107394895974,0.6654068154921977,2.9293866E-5,19.85756,0.012806727,0.9878175,0.012542605,0.067924775,0.024506202,0.1326821,0.036073636,0.7500493,0.0034568883,0.013416907,0.0067313127,0.16540624,0.080334134,0.12088681,0.017162992,0.7500493,0.0034568883,"TWOGAUSSIANS_WITH_ELLIPSOIDAL_ON_ECLIPSE2",9,1.3885745,0.7500693,0.0034195674,0.07513468,0.037695352,0.4074678,0.09200108,0.9605475,0.47112936,0.38037872,0.10544907,0.13699713,0.59822524
375316653866487564,2101362330675011840,0.5884673,2233.2476371745956,2.1478504564060814,7.4655413E-6,18.180666,0.00950313,0.23518871,0.0030463578,0.102428235,0.008056992,0.15552054,0.00990801,0.7342986,0.0023133843,0.0745926,0.0035572972,0.35478273,0.013290703,null,null,null,null,"TWOGAUSSIANS",8,1.9508672,0.7342986,0.0023133843,0.4,0.0,0.34701875,0.0123526445,0.23518871,0.0030463578,0.4,0.0,0.14775445,0.008915118
375316653866487564,2101362850368506752,0.46748242,2227.479250084713,0.7530044072940095,1.5500504E-5,16.45499,0.0027494403,0.18308903,0.008585616,0.029968858,0.018936004,0.11752623,0.7656774,0.49737814,0.0073071243,0.05271133,0.009640902,0.08541296,0.017433656,0.013316361,0.005467054,0.18308903,0.008585616,"TWOGAUSSIANS_WITH_ELLIPSOIDAL_ON_ECLIPSE1",9,13.396587,0.18308903,0.008585616,0.16782561,0.106041625,0.14415893,0.7661864,0.50151813,0.0069501414,0.29518345,0.053989053,0.08977721,0.017793525
375316653866487564,2101363331404851712,0.4671956,2211.394870920878,1.6902434989570911,2.2710254E-5,13.524875,0.03755516,0.2584624,0.010480404,0.057370275,0.032835618,0.1584616,0.0582737,0.7307067,0.00844894,0.068993725,0.020385489,0.12626886,0.07695868,0.018442245,0.042737827,0.7307067,0.00844894,"TWOGAUSSIANS_WITH_ELLIPSOIDAL_ON_ECLIPSE2",9,1160.8861,0.2569024,0.009764726,0.32127354,0.15961596,0.1941304,0.04494595,0.7307067,0.00844894,0.38636485,0.076178685,0.16298647,0.017117674
375316653866487564,2101364465276222080,0.5772026,2258.3549987014385,1.0642124838296294,4.697398E-6,15.52018,0.0055851475,0.2441744,0.0022729202,0.10616507,0.0052101063,0.14206937,0.005242097,0.75026494,0.0013660218,0.08520134,0.006534254,0.2070035,0.011336559,null,null,null,null,"TWOGAUSSIANS",8,6.834795,0.75026494,0.0013660218,0.4,0.0,0.19696568,0.0147464825,0.2441744,0.0022729202,0.4,0.0,0.13202706,0.003294944
375316653866487564,2101365148173015552,0.49626046,2244.508148514207,1.457988660969241,1.7295877E-5,18.11269,0.003107684,0.24738386,0.0035381555,0.030958692,0.0035808003,0.11354283,0.022481814,null,null,null,null,null,null,0.020736687,0.0032891168,0.24738386,0.0035381555,"ONEGAUSSIAN_WITH_ELLIPSOIDAL",6,3.03295,0.24738386,0.0035381555,0.17336866,0.020052481,0.15501618,0.022541052,null,null,null,null,null,null
375316653866487564,2101365152470947328,0.46239477,2186.898013877701,4.360473336519856,5.7648787E-5,18.243364,0.0060027908,0.3514822,0.002559791,0.015065943,0.006218334,0.17592096,0.08440277,0.6779138,0.02366746,0.07498909,0.061270975,0.017736927,0.006880787,null,null,null,null,"TWOGAUSSIANS",8,3.0364368,0.3514822,0.0025605306,0.08436928,0.03482267,0.17592232,0.08444645,0.6779138,0.02366746,0.4,0.066033915,0.017736927,0.006874339
375316653866487564,2101365702226778112,0.5036897,2198.5098220203613,3.8026423244693044,3.2146545E-5,19.738094,0.01965988,0.24257584,0.011687627,0.07471024,0.011924922,0.40776813,0.076742426,0.74107945,0.008434135,0.074342266,0.008105475,0.4232111,0.034801554,null,null,null,null,"TWOGAUSSIANS",8,2.8371296,0.74107945,0.008434135,0.4,0.005427499,0.4203181,0.034941044,0.24257584,0.011687627,0.4,0.018999128,0.40487513,0.07749013
375316653866487564,2101367587710608128,0.491108,2243.002445290808,0.43762157117146017,2.5398624E-5,18.701363,0.0054573948,0.18636256,6.8516994E-4,0.008659481,5.3580146E-4,0.41842598,0.026699124,0.42575207,0.07039865,0.01859388,0.01849482,0.232939,2.542692,0.025873555,0.006057146,0.18636256,6.8516994E-4,"TWOGAUSSIANS_WITH_ELLIPSOIDAL_ON_ECLIPSE1",9,4.61749,0.18636256,6.8516994E-4,0.048493095,0.0030004883,0.47017273,0.027782667,0.42575207,0.070495665,0.10412573,0.103571,0.23316829,2.5495744
375316653866487564,2101367862588597376,0.49295574,2247.970030228823,0.4041594281611324,2.7372836E-5,19.528692,0.0042949137,0.5258809,0.02130493,0.03647748,0.030887278,0.20296614,2133.2615,0.867285,0.0064212293,0.04299149,0.0029257056,0.44373444,0.039660525,null,null,null,null,"TWOGAUSSIANS",8,1.6922303,0.867285,0.0064212293,0.24075234,0.016383952,0.44373444,0.039660525,0.5258809,0.02130493,0.20427388,0.17296875,0.20296614,2133.2615
375316653866487564,2101370821827988224,0.6464317,2215.4665440690105,4.081832235714638,4.3665223E-6,16.095274,0.007897328,0.26759177,0.0015516685,0.045539446,0.0023414441,0.5895425,0.02517073,0.7683259,0.0018378538,0.040956035,0.00249425,0.38329947,0.023069263,0.14788924,0.013521991,0.26759177,0.0015516685,"TWOGAUSSIANS_WITH_ELLIPSOIDAL_ON_ECLIPSE1",9,30.068607,0.26759177,0.0015516685,0.25502092,0.013112087,0.8853208,0.021267096,0.7683259,0.0018215608,0.22935379,0.0139678,0.6790714,0.017436424
375316653866487564,2101373570607000064,0.49900466,2231.02461036118,3.214281614688863,1.6666967E-5,16.454082,0.019904794,0.30310538,0.0051980093,0.10438656,0.014594194,0.16676654,0.01795231,0.7941101,0.0064964495,0.09832398,0.01734422,0.14868161,0.017475246,null,null,null,null,"TWOGAUSSIANS",8,24.56284,0.30310538,0.0051989,0.4,0.0,0.15328805,0.009085365,0.7941101,0.0064964495,0.4,0.0,0.13520609,0.010845316
