Gaia/vari_eclipsing_binary/VariEclipsingBinary_220141-220543.csv
# %ECSV 1.0
# ---
# delimiter: ','
# meta: !!omap
# - RELEASE: Gaia DR3
# - TABLE: vari_eclipsing_binary
# - DESCRIPTION: >
#     This table describes the properties of the eclipsing binaries resulting from the variability analysis. 
# - CITATION: >
#     How to cite and acknowledge Gaia: 
#     https://gea.esac.esa.int/archive/documentation/credits.html 
# - KNOWN_ISSUES: >
#     Known issues: 
#     https://www.cosmos.esa.int/web/gaia-users/known-issues 
# - DOCUMENTATION: >
#     Tutorials and documentation: 
#     https://www.cosmos.esa.int/web/gaia-users/archive 
# datatype:
# - 
#   name: solution_id
#   datatype: int64
#   description: Solution Identifier
#   meta:
#     ucd: meta.version
# - 
#   name: source_id
#   datatype: int64
#   description: Unique source identifier
#   meta:
#     ucd: meta.id;meta.main
# - 
#   name: global_ranking
#   datatype: float32
#   description: Number between 0 (worst) and 1 (best)
#   meta:
#     ucd: stat.param
# - 
#   name: reference_time
#   datatype: float64
#   unit: d
#   description: Reference time used for the geometric model fit
#   meta:
#     ucd: time.epoch
# - 
#   name: frequency
#   datatype: float64
#   unit: d**-1
#   description: Frequency of geometric model of the eclipsing binary light curve
#   meta:
#     ucd: src.orbital
# - 
#   name: frequency_error
#   datatype: float32
#   unit: d**-1
#   description: "Uncertainty of \\texttt{frequency}"
#   meta:
#     ucd: stat.error
# - 
#   name: geom_model_reference_level
#   datatype: float32
#   unit: mag
#   description: Magnitude reference level of geometric model
#   meta:
#     ucd: phot.mag;em.opt
# - 
#   name: geom_model_reference_level_error
#   datatype: float32
#   unit: mag
#   description: "Uncertainty of \\texttt{geomModelReferenceLevel}"
#   meta:
#     ucd: stat.error;phot.mag;em.opt
# - 
#   name: geom_model_gaussian1_phase
#   datatype: float32
#   description: Phase of the Gaussian 1 component
#   meta:
#     ucd: time.phase
# - 
#   name: geom_model_gaussian1_phase_error
#   datatype: float32
#   description: "Uncertainty of \\texttt{geomModelGaussian1Phase}"
#   meta:
#     ucd: stat.error;time.phase
# - 
#   name: geom_model_gaussian1_sigma
#   datatype: float32
#   description: "Standard deviation [phase] of Gaussian 1 component"
#   meta:
#     ucd: stat.stdev
# - 
#   name: geom_model_gaussian1_sigma_error
#   datatype: float32
#   description: "Uncertainty of \\texttt{geomModelGaussian1Sigma}"
#   meta:
#     ucd: stat.error
# - 
#   name: geom_model_gaussian1_depth
#   datatype: float32
#   unit: mag
#   description: Magnitude depth of Gaussian 1 component
#   meta:
#     ucd: src.var.amplitude
# - 
#   name: geom_model_gaussian1_depth_error
#   datatype: float32
#   unit: mag
#   description: "Uncertainty of \\texttt{geomModelGaussian1Depth}"
#   meta:
#     ucd: stat.error;src.var.amplitude
# - 
#   name: geom_model_gaussian2_phase
#   datatype: float32
#   description: Phase of Gaussian 2 component
#   meta:
#     ucd: time.phase
# - 
#   name: geom_model_gaussian2_phase_error
#   datatype: float32
#   description: "Uncertainty of \\texttt{geomModelGaussian2Phase}"
#   meta:
#     ucd: stat.error;time.phase
# - 
#   name: geom_model_gaussian2_sigma
#   datatype: float32
[...]
#   datatype: float32
#   description: "Secondary eclipse: uncertainty of \\texttt{derivedSecondaryEclDuration}"
#   meta:
#     ucd: stat.error;time.duration
# - 
#   name: derived_secondary_ecl_depth
#   datatype: float32
#   unit: mag
#   description: "Secondary eclipse: depth"
#   meta:
#     ucd: src.var.amplitude
# - 
#   name: derived_secondary_ecl_depth_error
#   datatype: float32
#   unit: mag
#   description: "Secondary eclipse: uncertainty of \\texttt{derivedSecondaryEclDepth}"
#   meta:
#     ucd: stat.error;src.var.amplitude
solution_id,source_id,global_ranking,reference_time,frequency,frequency_error,geom_model_reference_level,geom_model_reference_level_error,geom_model_gaussian1_phase,geom_model_gaussian1_phase_error,geom_model_gaussian1_sigma,geom_model_gaussian1_sigma_error,geom_model_gaussian1_depth,geom_model_gaussian1_depth_error,geom_model_gaussian2_phase,geom_model_gaussian2_phase_error,geom_model_gaussian2_sigma,geom_model_gaussian2_sigma_error,geom_model_gaussian2_depth,geom_model_gaussian2_depth_error,geom_model_cosine_half_period_amplitude,geom_model_cosine_half_period_amplitude_error,geom_model_cosine_half_period_phase,geom_model_cosine_half_period_phase_error,model_type,num_model_parameters,reduced_chi2,derived_primary_ecl_phase,derived_primary_ecl_phase_error,derived_primary_ecl_duration,derived_primary_ecl_duration_error,derived_primary_ecl_depth,derived_primary_ecl_depth_error,derived_secondary_ecl_phase,derived_secondary_ecl_phase_error,derived_secondary_ecl_duration,derived_secondary_ecl_duration_error,derived_secondary_ecl_depth,derived_secondary_ecl_depth_error
[from data line 384]
375316653866487564,1938760301981005696,0.59674186,2235.5204452670664,2.874859125462475,3.8754324E-6,15.603186,0.006158868,0.25241318,0.0013922853,0.08487227,0.0023787026,0.3207169,0.006867853,0.74093384,0.0017066189,0.08432247,0.0025033755,0.35679886,0.007265588,null,null,null,null,"TWOGAUSSIANS",8,39.642303,0.74093384,0.0017066189,0.4,0.0,0.34978852,0.0065482184,0.25241318,0.0013922853,0.4,0.0,0.31370655,0.0060740374
375316653866487564,1938760572562810624,0.5523606,2210.745405411626,3.1517050757726226,1.025837E-5,18.706171,0.007723467,0.26907372,0.0026032163,0.08559464,0.0034039274,0.3530293,0.009441945,0.77024394,0.0030070732,0.07893863,0.003945093,0.34954023,0.011332567,null,null,null,null,"TWOGAUSSIANS",8,3.3236067,0.26907372,0.0026032163,0.4,0.0,0.34624258,0.008557305,0.77024394,0.0030070732,0.4,0.0,0.34275353,0.010936509
375316653866487564,1938761642010769152,0.5439985,2221.5009077121745,2.7698660032040476,7.145636E-6,16.178576,0.005435271,0.296316,0.0020581745,0.054802213,0.019246528,0.047734834,0.014788956,0.7918083,0.017550703,0.045744423,0.017689994,0.026157588,0.013264566,0.069192946,0.0078051686,0.296316,0.0020581745,"TWOGAUSSIANS_WITH_ELLIPSOIDAL_ON_ECLIPSE1",9,16.300522,0.296316,0.0020581745,0.3068924,0.10778056,0.186119,0.012604946,0.7939083,0.012429415,0.25616878,0.09906396,0.16448253,0.0061598187
375316653866487564,1938762084391393152,0.5394013,2225.971463543028,0.21496308090632313,4.562301E-6,18.656578,0.0016730342,0.09137194,5.1213807E-4,0.0062234863,2.3927068E-4,0.55776304,0.034700416,0.83292824,7.544133E-4,0.0072743576,0.0020514363,0.19599666,0.109613955,null,null,null,null,"TWOGAUSSIANS",8,1.5105219,0.09137194,5.1213807E-4,0.034851525,0.0013399158,0.55776304,0.034700416,0.83292824,7.544133E-4,0.040736403,0.011488043,0.19599666,0.109613955
375316653866487564,1938766108778800128,0.4577143,2240.335924275228,1.0087214417681105,2.499518E-5,14.062092,0.013408146,0.20781368,0.019134153,0.020465087,0.019438984,0.12477947,0.17952313,0.6766615,0.01703396,0.065383695,0.011303875,0.21821529,0.044853467,0.07494427,0.016933762,0.20781368,0.019134153,"TWOGAUSSIANS_WITH_ELLIPSOIDAL_ON_ECLIPSE1",9,424.82474,0.6824615,0.012176196,0.3661487,0.0611623,0.36345473,0.035740897,0.20781368,0.019134153,0.11460449,0.10885831,0.274647,0.17807144
375316653866487564,1938777344411999360,0.4054948,2300.274527932622,2.238650644308267,7.74593E-5,17.85841,0.008457838,0.1923159,0.0038925959,0.008604007,0.012004606,0.23807213,0.6377396,0.6930038,0.016117333,0.03201869,0.011221421,0.32900703,0.048582893,null,null,null,null,"TWOGAUSSIANS",8,16.996878,0.6930038,0.016117333,0.17930466,0.06283996,0.32900703,0.048582893,0.1923159,0.0038925959,0.04818244,0.0672258,0.23807213,0.6377396
375316653866487564,1938780569928893696,0.57857037,2260.636201256944,2.551540038655555,5.3737667E-6,16.870731,0.0102638025,0.24977523,0.0019623782,0.10365895,0.004737272,0.2546236,0.009710517,0.7429602,0.001979663,0.097703554,0.003911442,0.28952312,0.010011108,null,null,null,null,"TWOGAUSSIANS",8,7.80122,0.7429602,0.001979663,0.4,0.0,0.26673236,0.0059859683,0.24977523,0.0019623782,0.4,0.0,0.23182938,0.005558522
375316653866487564,1938786827699415680,0.67067385,2252.816809219582,2.012625416740794,3.0470515E-6,14.8979225,0.0025892784,0.2957041,7.162488E-4,0.050775528,0.0011140695,0.46458352,0.013232406,0.8017991,0.0035678067,0.04840669,0.004086762,0.049866315,0.0069029755,0.076122,0.0034095417,0.2957041,7.162488E-4,"TWOGAUSSIANS_WITH_ELLIPSOIDAL_ON_ECLIPSE1",9,19.263136,0.2957041,7.162488E-4,0.28434297,0.006238789,0.61682475,0.014012854,0.8017991,0.0035678067,0.27107745,0.02288587,0.20188437,0.0036694417
375316653866487564,1938793871446123520,0.5496253,2260.527616319598,2.6202454138743057,8.44985E-6,13.095703,0.03932491,0.25748578,0.0025635306,0.13072868,0.020859178,0.1503424,0.03773793,0.75482506,0.0018504997,0.12663572,0.020582872,0.1456377,0.037808314,null,null,null,null,"TWOGAUSSIANS",8,48.391277,0.25751576,0.0025989686,0.4,0.0,0.106516086,0.0048728497,0.75482506,0.0018504997,0.4,0.0,0.10189183,0.0030519736
375316653866487564,1938802220862423040,0.4363389,2118.4604154499402,2.430482676421441,9.745067E-5,18.329363,0.012062512,0.40252936,0.0533688,0.036603805,0.0218977,0.59593254,0.22155344,0.82735026,0.010123603,0.06235697,0.007413382,0.48215413,0.07540817,null,null,null,null,"TWOGAUSSIANS",8,4.2663617,0.40252936,0.0533688,0.20498131,0.12262712,0.5959325,0.22154896,0.82735026,0.010123603,0.34919903,0.04151494,0.4821541,0.075408205
375316653866487564,1938807026929014272,0.48548234,2200.977090367678,1.8351741540235977,2.4862831E-5,17.939009,0.0027979976,0.11844773,0.03123382,0.012392957,0.021534199,0.112727396,569.0514,0.6345178,0.0061823833,0.018685872,0.0096293995,0.4333147,0.54791117,null,null,null,null,"TWOGAUSSIANS",8,8.443489,0.6345178,0.0061823833,0.104640886,0.05392464,0.4333147,0.54791117,0.11844773,0.03123382,0.06940056,0.120591514,0.112727396,569.0514
375316653866487564,1938811772869660928,0.59372145,2146.811116785721,1.701929717506638,1.0818934E-5,14.049237,0.001219339,0.17802237,0.004503534,0.028097223,0.009984312,0.008996541,0.004499995,0.68120813,0.0097214645,0.046589945,0.00910624,0.10425602,0.0037794095,0.019868162,0.0013007253,0.17802237,0.004503534,"TWOGAUSSIANS_WITH_ELLIPSOIDAL_ON_ECLIPSE1",9,14.974202,0.68120813,0.0097214645,0.2609037,0.050994944,0.14397632,0.0047020954,0.17802237,0.004503534,0.15734445,0.055912144,0.048732765,0.0033871955
375316653866487564,1938814620431333504,0.44367206,2224.787845000828,0.02655980885746394,1.0196145E-5,18.948494,0.006096054,0.3731877,0.011250696,0.05639034,0.012797405,0.12681118,0.024041163,0.85174054,0.004775755,0.052743398,0.0045296187,0.20470318,0.011596489,null,null,null,null,"TWOGAUSSIANS",8,3.2901042,0.85174054,0.004775755,0.29536304,0.025365865,0.20469967,0.011595305,0.3731877,0.011250696,0.3157859,0.071665466,0.12680766,0.024049522
375316653866487564,1938816170916131072,0.48588562,2191.059993101875,1.049886403006446,2.0983822E-5,16.893448,0.0050404277,0.2031451,0.08525846,0.02152682,0.021188166,0.07116035,318.81976,0.66261125,0.003491815,0.06442312,0.009173246,0.07983095,0.0124271875,0.03424928,0.0064125904,0.66261125,0.003491815,"TWOGAUSSIANS_WITH_ELLIPSOIDAL_ON_ECLIPSE2",9,23.043665,0.66261125,0.003491815,0.36076948,0.05137018,0.14828718,0.010094412,0.2018151,0.08676767,0.120550185,0.11865373,0.13540804,318.79184
375316653866487564,1938824211094853248,0.65903777,2219.7212769667426,2.851331064551587,2.3755756E-6,17.267342,0.008523815,0.22374527,0.0010182859,0.05122947,0.001703295,0.4689881,0.021794714,0.72499967,0.0016515602,0.05043826,0.002241042,0.33578593,0.01918309,0.10605669,0.010926219,0.22374527,0.0010182859,"TWOGAUSSIANS_WITH_ELLIPSOIDAL_ON_ECLIPSE1",9,6.4798656,0.22374527,0.0010182859,0.28688502,0.009538452,0.68109626,0.009912801,0.72499967,0.0016515602,0.28245425,0.012549835,0.54788095,0.0047394214
375316653866487564,1938824417253291264,0.6410581,2215.3979807157766,0.4234162069620481,4.6589194E-6,16.400276,0.0050385804,0.23753212,0.0011765918,0.030451711,0.0014892849,1.0078515,0.048643067,0.73716843,0.002444839,0.03524875,0.0050628763,0.099160224,0.010656633,0.0144415945,0.007223138,0.23753212,0.0011765918,"TWOGAUSSIANS_WITH_ELLIPSOIDAL_ON_ECLIPSE1",9,28.762056,0.23753212,0.0011765918,0.17052959,0.0083399955,1.0367347,0.050305597,0.73717844,0.0024278108,0.19739299,0.028352108,0.12804326,0.005528566
375316653866487564,1938827853227133440,0.44986182,2180.693991602154,2.88695872222924,2.9588353E-5,14.453543,0.25030857,0.2668956,0.009005112,0.25057456,0.0634276,1.0372723,0.24503884,0.76424223,0.0067254347,0.15250571,0.032953106,0.7992882,0.37618545,null,null,null,null,"TWOGAUSSIANS",8,583.94824,0.76424223,0.0067254347,0.4,0.0,0.23853673,0.016184293,0.26751557,0.009364158,0.4,0.0,0.20127243,0.033890378
375316653866487564,1938835442430448640,0.6328117,2196.257628014323,2.9584102799196943,2.0368352E-6,13.013317,0.0054907883,0.21733797,0.0013286076,0.047818467,0.0021828243,0.25018442,0.0127759725,0.7189942,7.3213293E-4,0.050369978,0.0024628006,0.29125673,0.011317362,0.13551731,0.0072760647,0.7189942,7.3213293E-4,"TWOGAUSSIANS_WITH_ELLIPSOIDAL_ON_ECLIPSE2",9,126.08598,0.7189942,7.3213293E-4,0.2820719,0.013791683,0.56228966,0.00906543,0.21760796,0.0011086053,0.26778343,0.0122238165,0.5211928,0.006323307
375316653866487564,1938836576303098880,0.57563883,2197.9504323142332,4.425330667822218,5.702417E-6,18.632685,0.0045922403,0.23829193,0.0017265092,0.07507292,0.0022875387,0.4730295,0.013544062,0.7381847,0.0028123443,0.06854438,0.0029330214,0.4823179,0.015672239,null,null,null,null,"TWOGAUSSIANS",8,2.847456,0.7381847,0.0028123443,0.38384855,0.016424919,0.48009792,0.015869176,0.23829193,0.0017265092,0.4,0.0,0.47080952,0.013750523
375316653866487564,1938839157578354816,0.44065076,2228.4335940376473,4.04913856803041,5.2179425E-5,17.691563,0.0060068225,0.56603205,0.027492078,0.13772464,0.034215145,0.1746392,0.05918321,0.9856355,0.011766641,0.013644404,0.015145121,0.056720696,0.03819608,null,null,null,null,"TWOGAUSSIANS",8,2.161823,0.56603205,0.027492078,0.4,0.0,0.17415927,0.060168743,0.9856355,0.011766641,0.07640866,0.08481268,0.057949778,0.038450193
375316653866487564,1938847884955224320,0.56939185,2180.7227725652265,0.6714733767181112,2.04575E-5,13.415586,5.090303E-4,0.715426,8.186876E-4,0.019356908,0.0013786267,0.10275872,0.0015854553,null,null,null,null,null,null,0.0041229636,7.638432E-4,0.715426,8.186876E-4,"ONEGAUSSIAN_WITH_ELLIPSOIDAL",6,12.260654,0.715426,8.186876E-4,0.10839868,0.0077203093,0.11100464,0.0015884988,null,null,null,null,null,null
375316653866487564,1938851458367999360,0.4988998,2180.335884111848,2.720594443710965,1.3012804E-5,15.807412,0.0072860587,0.21919665,0.008411482,0.08048096,0.007706622,0.24360009,0.014032382,0.71711427,0.0031505162,0.08220123,0.0047038537,0.21932957,0.010434545,null,null,null,null,"TWOGAUSSIANS",8,32.598133,0.21919665,0.008411482,0.4,0.0,0.23965369,0.014283127,0.71711427,0.0031505162,0.4,0.0,0.21538317,0.010193031
375316653866487564,1938851660228458240,0.6215113,2153.3113043999524,3.386985179368143,4.3346654E-6,18.121742,0.0106110005,0.20291305,0.0017450047,0.053574834,0.003156204,0.34603888,0.025883792,0.70783114,0.0017823176,0.05426861,0.0023848824,0.44399798,0.026873544,0.09282667,0.01466617,0.20291305,0.0017450047,"TWOGAUSSIANS_WITH_ELLIPSOIDAL_ON_ECLIPSE1",9,4.412238,0.70783114,0.0017823176,0.3039042,0.013355341,0.6294589,0.014363006,0.20291305,0.0017450047,0.3000191,0.017674742,0.531677,0.011704172
375316653866487564,1938866263117334912,0.41967458,2177.481942366782,1.392780285687609,9.377901E-6,17.97532,0.0052706064,0.2751836,0.038807727,0.06848886,0.034117687,0.041744366,0.028956579,0.73153174,5.163115E-4,0.018185467,0.001437242,0.2555772,0.0602001,null,null,null,null,"TWOGAUSSIANS",8,9.397432,0.73153174,5.163115E-4,0.10183862,0.008048555,0.2555772,0.0602001,0.2751836,0.038807727,0.3835376,0.17918806,0.041744366,0.028956579
375316653866487564,1938874548111502720,0.62406284,2201.4163876953758,0.146041541247974,1.442882E-5,16.998556,8.838566E-4,0.48297042,0.0017310327,0.0073139505,0.0020770722,0.01258586,0.002515038,0.5873077,9.719951E-4,0.009491787,4.933838E-4,0.46277604,0.023603614,null,null,null,null,"TWOGAUSSIANS",8,2.0308015,0.5873077,9.719951E-4,0.05315401,0.0027629493,0.46277604,0.023603614,0.48297042,0.0017310327,0.040958125,0.011631604,0.01258586,0.002515038
375316653866487564,1938878392104788736,0.4674151,2165.6721402955786,4.253857085459917,2.3864743E-5,19.738422,0.018923098,0.27513498,0.008147891,0.09971916,0.011447812,0.2971509,0.022059254,0.77006465,0.0065047853,0.090568334,0.009838186,0.27893782,0.023239186,null,null,null,null,"TWOGAUSSIANS",8,2.1373832,0.27513498,0.008147891,0.4,0.0,0.2801446,0.019901976,0.77006465,0.0065047853,0.4,0.0,0.2619335,0.019466033
375316653866487564,1938880797285547008,0.60444933,2190.3362941964274,3.3373407334323204,6.3728003E-6,18.57598,0.008098921,0.27254534,0.0014753953,0.05298307,0.0049995445,0.38692072,0.01908721,0.774318,0.0029208409,0.043871444,0.0030720609,0.2642357,0.0206933,0.113157496,0.010418666,0.27254534,0.0014753953,"TWOGAUSSIANS_WITH_ELLIPSOIDAL_ON_ECLIPSE1",9,2.3795109,0.27254534,0.0014753953,0.2967052,0.027997449,0.61323,0.022129463,0.774318,0.0029208409,0.2456801,0.017203541,0.49051693,0.010327228
375316653866487564,1938881862437545600,0.61500245,2170.3763038647016,2.188500248018741,5.7989623E-6,18.139584,0.0058484073,0.21971013,0.0018820685,0.08410435,0.0020581095,0.4134368,0.009021482,0.72185075,0.0019413058,0.07672048,0.0024994046,0.43621653,0.009671096,null,null,null,null,"TWOGAUSSIANS",8,2.6369789,0.72185075,0.0019413058,0.4,0.0,0.4297438,0.009502953,0.21971013,0.0018820685,0.4,0.0,0.40696406,0.00831504
375316653866487564,1938883722161927424,0.6291428,2189.7317615656493,2.719007670671633,4.5723696E-6,14.481653,0.0063282764,0.3126834,7.034895E-4,0.04440192,0.0015398362,0.32489926,0.016184159,0.8070642,0.010432275,0.049347196,0.00859962,0.32988855,0.020041566,0.1214824,0.010158834,0.3126834,7.034895E-4,"TWOGAUSSIANS_WITH_ELLIPSOIDAL_ON_ECLIPSE1",9,133.06387,0.8077642,0.009560242,0.2763443,0.048157874,0.5725864,0.012349189,0.3126834,7.034895E-4,0.24865077,0.008623082,0.56786233,0.007097084
375316653866487564,1938888292006811264,0.50795466,2188.502774544432,1.1252451267701618,8.568674E-6,19.216263,0.0063402136,0.19117351,0.002168408,0.01846792,0.0018568502,0.6757063,0.06466508,0.69187176,0.007352579,0.014161026,0.003941545,0.9462705,1.1991025,null,null,null,null,"TWOGAUSSIANS",8,6.040518,0.69187176,0.007352579,0.079301745,0.022072652,0.9462705,1.1991025,0.19117351,0.002168408,0.103420354,0.010398361,0.6757063,0.06466508
375316653866487564,1938896602765384192,0.5617607,2187.8516677248463,2.3776749924760328,1.6310589E-6,18.359974,0.002280695,0.6966434,0.0014869374,0.035993293,0.0013818012,0.42877236,0.011484495,0.90787107,0.0127722975,0.003393172,0.0059943497,0.033494424,0.04909997,0.005101199,0.0029222872,0.6966434,0.0014869374,"TWOGAUSSIANS_WITH_ELLIPSOIDAL_ON_ECLIPSE1",9,2.5406003,0.6966434,0.0014869374,0.20156243,0.0077380864,0.43897474,0.010873872,0.90787107,0.0127722975,0.019001763,0.033568356,0.034088027,0.048770115
375316653866487564,1938896946362814592,0.497884,2169.6936174705593,1.792950935099697,1.4698997E-5,16.678448,0.004717833,0.40566558,1.2373785E-4,0.0038418665,4.6881515E-4,0.47756994,0.026437527,0.60362554,0.008786693,0.018111905,0.012248936,0.08878925,3.2966778,0.009247166,0.0065747607,0.40566558,1.2373785E-4,"TWOGAUSSIANS_WITH_ELLIPSOIDAL_ON_ECLIPSE1",9,57.018154,0.40566558,1.2373785E-4,0.021514453,0.0026253648,0.4960641,0.028134925,0.60362554,0.008786693,0.10142667,0.068594046,0.09069691,3.2968695
375316653866487564,1938896950661174016,0.47002992,2174.219795094886,2.894640575637735,2.4676458E-5,16.910467,0.011870715,0.27373785,0.009036199,0.043332953,0.01053124,0.20968784,0.037094265,0.7562519,0.004241183,0.028491512,0.0056400667,0.2007512,0.04589717,0.03973796,0.01673032,0.7562519,0.004241183,"TWOGAUSSIANS_WITH_ELLIPSOIDAL_ON_ECLIPSE2",9,63.809586,0.27281785,0.008779139,0.24266453,0.058974944,0.28825837,0.03182149,0.7562519,0.004241183,0.15955247,0.031584375,0.28022695,0.045240447
375316653866487564,1938897775294879360,0.5047227,2205.261149489079,0.8970332133413312,2.7123171E-5,17.299795,0.0029624903,0.30331647,0.003973895,0.016698185,0.0060553695,0.10882105,0.14680435,0.8000301,0.011835737,0.017999686,0.01389183,0.21663563,4.6586914,0.015429663,0.0041436134,0.30331647,0.003973895,"TWOGAUSSIANS_WITH_ELLIPSOIDAL_ON_ECLIPSE1",9,4.4113913,0.8000401,0.011834497,0.10079824,0.07779425,0.24748178,4.660297,0.30331647,0.003973895,0.09350984,0.03391007,0.13968031,0.14748242
