Gaia/vari_eclipsing_binary/VariEclipsingBinary_473181-473241.csv
# %ECSV 1.0
# ---
# delimiter: ','
# meta: !!omap
# - RELEASE: Gaia DR3
# - TABLE: vari_eclipsing_binary
# - DESCRIPTION: >
#     This table describes the properties of the eclipsing binaries resulting from the variability analysis. 
# - CITATION: >
#     How to cite and acknowledge Gaia: 
#     https://gea.esac.esa.int/archive/documentation/credits.html 
# - KNOWN_ISSUES: >
#     Known issues: 
#     https://www.cosmos.esa.int/web/gaia-users/known-issues 
# - DOCUMENTATION: >
#     Tutorials and documentation: 
#     https://www.cosmos.esa.int/web/gaia-users/archive 
# datatype:
# - 
#   name: solution_id
#   datatype: int64
#   description: Solution Identifier
#   meta:
#     ucd: meta.version
# - 
#   name: source_id
#   datatype: int64
#   description: Unique source identifier
#   meta:
#     ucd: meta.id;meta.main
# - 
#   name: global_ranking
#   datatype: float32
#   description: Number between 0 (worst) and 1 (best)
#   meta:
#     ucd: stat.param
# - 
#   name: reference_time
#   datatype: float64
#   unit: d
#   description: Reference time used for the geometric model fit
#   meta:
#     ucd: time.epoch
# - 
#   name: frequency
#   datatype: float64
#   unit: d**-1
#   description: Frequency of geometric model of the eclipsing binary light curve
#   meta:
#     ucd: src.orbital
# - 
#   name: frequency_error
#   datatype: float32
#   unit: d**-1
#   description: "Uncertainty of \\texttt{frequency}"
#   meta:
#     ucd: stat.error
# - 
#   name: geom_model_reference_level
#   datatype: float32
#   unit: mag
#   description: Magnitude reference level of geometric model
#   meta:
#     ucd: phot.mag;em.opt
# - 
#   name: geom_model_reference_level_error
#   datatype: float32
#   unit: mag
#   description: "Uncertainty of \\texttt{geomModelReferenceLevel}"
#   meta:
#     ucd: stat.error;phot.mag;em.opt
# - 
#   name: geom_model_gaussian1_phase
#   datatype: float32
#   description: Phase of the Gaussian 1 component
#   meta:
#     ucd: time.phase
# - 
#   name: geom_model_gaussian1_phase_error
#   datatype: float32
#   description: "Uncertainty of \\texttt{geomModelGaussian1Phase}"
#   meta:
#     ucd: stat.error;time.phase
# - 
#   name: geom_model_gaussian1_sigma
#   datatype: float32
#   description: "Standard deviation [phase] of Gaussian 1 component"
#   meta:
#     ucd: stat.stdev
# - 
#   name: geom_model_gaussian1_sigma_error
#   datatype: float32
#   description: "Uncertainty of \\texttt{geomModelGaussian1Sigma}"
#   meta:
#     ucd: stat.error
# - 
#   name: geom_model_gaussian1_depth
#   datatype: float32
#   unit: mag
#   description: Magnitude depth of Gaussian 1 component
#   meta:
#     ucd: src.var.amplitude
# - 
#   name: geom_model_gaussian1_depth_error
#   datatype: float32
#   unit: mag
#   description: "Uncertainty of \\texttt{geomModelGaussian1Depth}"
#   meta:
#     ucd: stat.error;src.var.amplitude
# - 
#   name: geom_model_gaussian2_phase
#   datatype: float32
#   description: Phase of Gaussian 2 component
#   meta:
#     ucd: time.phase
# - 
#   name: geom_model_gaussian2_phase_error
#   datatype: float32
#   description: "Uncertainty of \\texttt{geomModelGaussian2Phase}"
#   meta:
#     ucd: stat.error;time.phase
# - 
#   name: geom_model_gaussian2_sigma
#   datatype: float32
[...]
#   datatype: float32
#   description: "Secondary eclipse: uncertainty of \\texttt{derivedSecondaryEclDuration}"
#   meta:
#     ucd: stat.error;time.duration
# - 
#   name: derived_secondary_ecl_depth
#   datatype: float32
#   unit: mag
#   description: "Secondary eclipse: depth"
#   meta:
#     ucd: src.var.amplitude
# - 
#   name: derived_secondary_ecl_depth_error
#   datatype: float32
#   unit: mag
#   description: "Secondary eclipse: uncertainty of \\texttt{derivedSecondaryEclDepth}"
#   meta:
#     ucd: stat.error;src.var.amplitude
solution_id,source_id,global_ranking,reference_time,frequency,frequency_error,geom_model_reference_level,geom_model_reference_level_error,geom_model_gaussian1_phase,geom_model_gaussian1_phase_error,geom_model_gaussian1_sigma,geom_model_gaussian1_sigma_error,geom_model_gaussian1_depth,geom_model_gaussian1_depth_error,geom_model_gaussian2_phase,geom_model_gaussian2_phase_error,geom_model_gaussian2_sigma,geom_model_gaussian2_sigma_error,geom_model_gaussian2_depth,geom_model_gaussian2_depth_error,geom_model_cosine_half_period_amplitude,geom_model_cosine_half_period_amplitude_error,geom_model_cosine_half_period_phase,geom_model_cosine_half_period_phase_error,model_type,num_model_parameters,reduced_chi2,derived_primary_ecl_phase,derived_primary_ecl_phase_error,derived_primary_ecl_duration,derived_primary_ecl_duration_error,derived_primary_ecl_depth,derived_primary_ecl_depth_error,derived_secondary_ecl_phase,derived_secondary_ecl_phase_error,derived_secondary_ecl_duration,derived_secondary_ecl_duration_error,derived_secondary_ecl_depth,derived_secondary_ecl_depth_error
[from data line 219]
375316653866487564,4162388703615144960,0.5140504,2374.483509875301,3.8655052548064552,3.0303912E-5,19.796118,0.05959141,0.27846622,0.018264197,0.088792905,0.027881626,0.40071297,0.065177135,0.7678059,0.0055658678,0.09314892,0.01812462,0.44870552,0.045142364,null,null,null,null,"TWOGAUSSIANS",8,2.7628777,0.7678059,0.0055658678,0.4,0.0,0.43217576,0.022984307,0.27846622,0.018272733,0.4,0.0,0.38418365,0.03701861
375316653866487564,4162389420874085376,0.52651805,2363.7054171663126,0.14890805981929622,6.10884E-5,19.251041,0.004463102,0.32478723,0.009779576,0.020127574,0.0052415812,0.6179112,0.53838843,0.82085997,0.031377662,0.010952928,0.008816847,0.6637127,3.6757061,null,null,null,null,"TWOGAUSSIANS",8,2.9500096,0.82085997,0.031377662,0.061336394,0.049374342,0.6637127,3.6757061,0.32478723,0.009779576,0.11271441,0.029352855,0.6179112,0.53838843
375316653866487564,4162389596968427776,0.61208856,2367.9790789585504,2.454384079187817,3.7206082E-6,17.989393,0.007403506,0.27788216,7.9442543E-4,0.04987492,0.0020539635,0.39706507,0.020713102,0.7759952,0.0014502122,0.05156972,0.0024162198,0.40668812,0.016548844,0.10543594,0.011137509,0.27788216,7.9442543E-4,"TWOGAUSSIANS_WITH_ELLIPSOIDAL_ON_ECLIPSE1",9,4.0051155,0.7761852,0.0012907928,0.2887904,0.013530831,0.61752903,0.0072354283,0.27788216,7.9442543E-4,0.27929956,0.011502195,0.6079327,0.01590791
375316653866487564,4162395536907944576,0.4709322,2371.315473505658,3.506872276274027,3.956098E-5,18.689384,0.011000243,0.25151327,0.007130652,0.0783623,0.013299798,0.13114372,0.015116251,0.7444654,0.008738785,0.094631635,0.013018755,0.13075691,0.010733988,null,null,null,null,"TWOGAUSSIANS",8,3.432038,0.25151327,0.007130652,0.4,0.0,0.12759222,0.015692133,0.7444654,0.008738785,0.4,0.0,0.12720518,0.007247001
375316653866487564,4162395674346898304,0.6001682,2374.3334226842885,3.71295150671755,5.9058516E-6,18.335823,0.012883834,0.24417946,0.0015731475,0.050064683,0.0037952606,0.5153872,0.027611382,0.7434374,0.0029875832,0.044342183,0.0032641569,0.36339083,0.0309653,0.121192046,0.015316225,0.24417946,0.0015731475,"TWOGAUSSIANS_WITH_ELLIPSOIDAL_ON_ECLIPSE1",9,6.235706,0.24417946,0.0015731475,0.28036222,0.02125346,0.757769,0.025183838,0.7435074,0.0027287414,0.24831623,0.018279279,0.6057678,0.01308314
375316653866487564,4162400072393035008,0.60486966,2399.0151651034244,0.5548060088321611,7.402134E-6,17.03933,0.0021196047,0.22519197,0.0022581362,0.032602,0.0020573433,0.1490008,0.0065272925,0.7260386,9.88726E-4,0.028614307,0.0013731682,0.41014746,0.03914866,0.015426419,0.0032294234,0.22519197,0.0022581362,"TWOGAUSSIANS_WITH_ELLIPSOIDAL_ON_ECLIPSE1",9,3.301012,0.7260386,9.88726E-4,0.16024013,0.007689742,0.44099936,0.040203605,0.22519197,0.0022581362,0.18257122,0.011521122,0.17985357,0.0049059265
375316653866487564,4162401274984342656,0.44949093,2384.2315223391565,0.6203646293669417,7.771848E-6,18.49871,0.006226224,0.118897356,0.0013722521,0.0078031262,0.0026441785,0.38235968,0.08148513,0.6284111,0.0033748806,0.011323878,0.0045204363,0.2966069,0.054787833,null,null,null,null,"TWOGAUSSIANS",8,18.81729,0.118897356,0.0013722521,0.043697506,0.014807399,0.38235968,0.08148513,0.6284111,0.0033748806,0.06341372,0.025314443,0.2966069,0.054787833
375316653866487564,4162404131156461312,0.45318317,2383.9229001111175,0.3628483441673134,2.39004E-4,15.251331,3.438537E-4,0.62516075,0.009732214,0.01821763,0.009913104,0.834062,11.600353,null,null,null,null,null,null,null,null,null,null,"ONEGAUSSIAN",5,227.27286,0.62516075,0.009732214,0.10201874,0.055513382,0.834062,0.0,null,null,null,null,null,null
375316653866487564,4162404646534282880,0.48821428,2387.366896051039,3.1433821843380305,2.397749E-5,19.630835,0.010885785,0.20196225,0.0046197823,0.07639553,0.006040825,0.38713017,0.021214679,0.71533144,0.004819047,0.07785377,0.008106953,0.33668816,0.03249798,null,null,null,null,"TWOGAUSSIANS",8,3.2877102,0.20196225,0.0046197823,0.4,0.0,0.3842932,0.021323122,0.71533144,0.004819047,0.4,0.0,0.33385116,0.03337257
375316653866487564,4162405535594874368,0.5925727,2398.9477582424133,1.0319525532201514,4.6266064E-6,15.841204,0.003347645,0.24943578,0.0021773549,0.031834807,0.0040351734,0.04341503,0.007226793,0.74806184,0.0010914089,0.037368756,0.0017441614,0.19602062,0.0079687275,0.009512745,0.0045086374,0.24943578,0.0021773549,"TWOGAUSSIANS_WITH_ELLIPSOIDAL_ON_ECLIPSE1",9,9.609577,0.74807185,0.0010773403,0.20926504,0.009767303,0.2150447,0.005081023,0.24943578,0.0021773549,0.17827493,0.022596972,0.062440515,0.0026677563
375316653866487564,4162405638674087168,0.650363,2351.559921357132,2.810544167091512,3.4025668E-6,18.407679,0.005660936,0.2556752,7.296021E-4,0.050924685,0.0014155133,0.43851966,0.01345868,0.75664306,0.0012840001,0.044250816,0.0016409317,0.41932356,0.015425519,0.12017643,0.007956825,0.2556752,7.296021E-4,"TWOGAUSSIANS_WITH_ELLIPSOIDAL_ON_ECLIPSE1",9,1.8644215,0.2556752,7.296021E-4,0.2851782,0.007926875,0.6788696,0.005215007,0.75664306,0.0012840001,0.24780457,0.009189217,0.65966463,0.011623464
375316653866487564,4162405947911713664,0.45113334,2408.36523772155,2.496191435554704,2.685875E-5,18.869274,0.4343992,0.26086113,0.010230089,0.15673701,0.12193332,0.22762364,0.424473,0.765245,0.008199064,0.13490286,0.07503669,0.23507808,0.38565087,null,null,null,null,"TWOGAUSSIANS",8,2.6577365,0.765635,0.007818483,0.4,0.0,0.13483071,0.008698693,0.2606911,0.009946143,0.4,0.0,0.12504926,0.008923612
375316653866487564,4162407567112078464,0.5310549,2382.2506666637514,2.7181251551943073,9.177546E-6,19.162085,0.010191434,0.27076152,0.0018370377,0.08111916,0.0034909092,0.41728795,0.010358118,0.78327876,0.0041793776,0.08110572,0.004512194,0.26910302,0.015499179,null,null,null,null,"TWOGAUSSIANS",8,2.1663873,0.27076152,0.0018370377,0.4,0.0,0.4127414,0.009677098,0.78327876,0.0041793776,0.4,0.0,0.26455647,0.014806119
375316653866487564,4162409349525919488,0.5590264,2368.6435851669457,1.850118417056023,1.6086946E-5,18.126944,0.0074000247,0.3204308,0.003369287,0.08324236,0.0046929833,0.31052613,0.011251139,0.8215708,0.0021530385,0.09036152,0.0044138627,0.2319744,0.0070005204,null,null,null,null,"TWOGAUSSIANS",8,2.7485077,0.3204308,0.003369287,0.4,0.0,0.3022777,0.011047018,0.8215708,0.0021530385,0.4,0.0,0.2237259,0.0056133983
375316653866487564,4162409559976754048,0.41873074,2390.449331000443,3.376072126823229,1.8333326E-4,19.476494,0.01960296,0.082111344,0.009763226,0.011501687,0.008809418,0.19878449,0.1650635,0.67473245,0.015444279,0.047127463,0.03309732,0.10756171,0.06140654,0.08341679,0.03404908,0.67473245,0.015444279,"TWOGAUSSIANS_WITH_ELLIPSOIDAL_ON_ECLIPSE2",9,15.15683,0.08275134,0.00928818,0.06440944,0.04933274,0.31552073,0.19203404,0.67473245,0.015444279,0.26391378,0.18534498,0.27439496,0.044222888
375316653866487564,4162409594354846976,0.5981974,2380.188039962695,3.304558268482869,6.565855E-6,18.04839,0.0133938445,0.22714294,0.0026011264,0.04515174,0.003653621,0.32878175,0.026225025,0.72393286,0.0011791425,0.04681892,0.0025595243,0.73693985,0.027785262,0.057716783,0.016415024,0.22714294,0.0026011264,"TWOGAUSSIANS_WITH_ELLIPSOIDAL_ON_ECLIPSE1",9,9.039938,0.72401285,0.0011468924,0.26218596,0.014333336,0.85232717,0.023275718,0.22714294,0.0026011264,0.25284976,0.020460278,0.4442148,0.015718592
375316653866487564,4162410414680543616,0.51364,2395.696037362041,2.743168572138176,2.1903405E-5,17.808004,0.56842643,0.29542235,0.0026290147,0.12445237,0.043109596,0.33798227,0.4488322,0.7963443,0.0035565419,0.14627562,0.09746117,0.31299183,0.5622348,null,null,null,null,"TWOGAUSSIANS",8,6.070382,0.29538235,0.0026383616,0.4,0.0,0.22343263,0.007816803,0.7963543,0.003582651,0.4,0.0,0.19683607,0.00653362
375316653866487564,4162410900025078144,0.62981486,2406.34609506681,2.707344877997367,5.3931067E-6,16.782013,0.0029302018,0.25399062,0.0013026694,0.08546901,0.0016227874,0.36941114,0.0061966795,0.7591779,0.0010993936,0.08275139,0.0013843755,0.3961266,0.0057891426,null,null,null,null,"TWOGAUSSIANS",8,5.3679657,0.7591779,0.0010993936,0.4,0.0,0.3877131,0.0058860835,0.25399062,0.0013026694,0.4,0.0,0.36099762,0.0062890816
375316653866487564,4162411308031183872,0.48320735,2386.7011097817226,2.786909208241612,4.813795E-5,17.543892,0.01300291,0.2976996,0.005542231,0.1175953,0.01181022,0.12044099,0.012481962,0.76967686,0.0057231667,0.10682055,0.013560471,0.09711368,0.012041515,null,null,null,null,"TWOGAUSSIANS",8,4.5091586,0.2977196,0.005534809,0.4,0.0,0.10681645,0.0055850255,0.76967686,0.0057231667,0.4,0.0,0.083526365,0.006065779
375316653866487564,4162413541414183424,0.48562858,2393.053657206488,3.2138529627493617,2.5755355E-5,19.08198,0.010922316,0.24944766,0.003832628,0.08118618,0.00661031,0.22184572,0.017583903,0.7595037,0.0075927903,0.08672036,0.007552184,0.2037732,0.018517185,null,null,null,null,"TWOGAUSSIANS",8,2.3537304,0.24944766,0.003832628,0.4,0.0,0.21764009,0.01722389,0.7595037,0.0075927903,0.4,0.0,0.19956754,0.017811455
375316653866487564,4162414022450595840,0.59281653,2395.9754665293876,0.8342894329327633,4.0143E-6,15.31812,4.9939746E-4,0.26880693,0.0044736257,0.026667196,0.007403289,0.010447149,0.0068692593,0.7473954,0.0013420758,0.01310058,0.0018539774,0.19080822,0.016575608,0.011475647,7.974907E-4,0.26880693,0.0044736257,"TWOGAUSSIANS_WITH_ELLIPSOIDAL_ON_ECLIPSE1",9,3.9831302,0.7474254,0.0013419319,0.07336325,0.010382273,0.21334723,0.01675328,0.26880693,0.0044736257,0.1493363,0.04145842,0.0333984,0.006749517
375316653866487564,4162414950163577728,0.6706619,2347.722810451558,0.2518272624286916,1.4535282E-5,15.536748,0.002733094,0.253516,0.0066704703,0.023689315,0.0050042775,1.2762665,0.31766272,0.76622885,0.004025958,0.023712263,0.0046713543,0.15428191,0.0118877,0.03783796,0.0043760804,0.253516,0.0066704703,"TWOGAUSSIANS_WITH_ELLIPSOIDAL_ON_ECLIPSE1",9,41.42358,0.253516,0.0066704703,0.13266015,0.028023953,1.3519424,0.31929466,0.76622885,0.004025958,0.13278867,0.026159585,0.22947602,0.011576862
375316653866487564,4162417462735953920,0.50989515,2431.725262188829,0.5509660121281539,3.395189E-6,16.186243,0.0027998402,0.24123381,2.1038656E-4,0.019553889,2.935025E-4,0.38543805,0.004576343,0.7457694,0.0037949139,0.021600265,0.014128759,0.14559823,0.13821489,null,null,null,null,"TWOGAUSSIANS",8,35.530144,0.24123381,2.1038656E-4,0.10950178,0.0016436139,0.38543805,0.004576343,0.7457694,0.0037949139,0.12096148,0.079121046,0.14559823,0.13821489
375316653866487564,4162418386137869312,0.46465304,2421.011530837095,2.864785806625789,4.2315132E-5,18.403755,0.015835589,0.2642644,0.007093313,0.09088064,0.012137191,0.15963066,0.017687513,0.7626819,0.008482006,0.104935534,0.01742146,0.12185089,0.017536363,null,null,null,null,"TWOGAUSSIANS",8,3.7593782,0.2642644,0.007093313,0.4,0.0,0.14931151,0.014801997,0.7626819,0.008482006,0.4,0.0,0.11152897,0.014633005
375316653866487564,4162418665326826624,0.502983,2403.9116178577638,0.5617360725237908,6.901605E-6,15.9484825,0.001387259,0.20258392,0.0018846967,0.013785278,0.0020050467,0.09140356,0.01820188,0.70842665,9.393402E-4,0.02065514,8.448798E-4,0.18688762,0.004546846,null,null,null,null,"TWOGAUSSIANS",8,17.998951,0.70842665,9.393402E-4,0.11566879,0.004731327,0.18688762,0.004546846,0.20258392,0.0018846967,0.07719756,0.0112282615,0.09140356,0.01820188
375316653866487564,4162419760527724672,0.46108338,2401.6416582412894,0.18643674865698603,3.7946206E-6,19.583227,0.006711453,0.2782295,1.0641156E-4,0.008126031,1.6654361E-4,0.6077144,0.0045279977,null,null,null,null,null,null,null,null,null,null,"ONEGAUSSIAN",5,4.0001683,0.2782295,1.0641156E-4,0.045505773,9.3264424E-4,0.6077144,0.0,null,null,null,null,null,null
375316653866487564,4162422616678848384,0.42004004,2434.3311330410875,0.666567442425919,6.145908E-5,18.571625,0.011319217,0.30116075,0.06734647,0.02631283,0.019474996,0.33564317,1.5522337,0.77093315,0.0011996238,0.008149959,0.0015648132,0.8554203,0.42516235,null,null,null,null,"TWOGAUSSIANS",8,7.5464926,0.77093315,0.0011996238,0.04563977,0.008762954,0.8554203,0.42516235,0.30116075,0.06734647,0.14735185,0.109059975,0.33564317,1.5522337
375316653866487564,4162422749825008640,0.6640286,2397.248280203056,0.41600075726116176,2.7336635E-6,17.961332,0.0026714958,0.24340436,9.108062E-5,0.026706988,1.6892495E-4,1.4627023,0.0117409285,0.7491332,0.003433381,0.020401107,0.0039159963,0.12301274,0.0065491037,0.03947856,0.003568663,0.24340436,9.108062E-5,"TWOGAUSSIANS_WITH_ELLIPSOIDAL_ON_ECLIPSE1",9,5.5520597,0.24340436,9.108062E-5,0.14955913,9.459797E-4,1.5416594,0.012295487,0.7491332,0.003433381,0.114246204,0.021929579,0.20186758,0.0034650634
375316653866487564,4162422852904210432,0.52672344,2411.5901817564863,2.8961749396454444,1.0223086E-5,19.15771,0.010202359,0.23342507,0.0032972975,0.07401302,0.0057353107,0.34788042,0.015855482,0.7354032,0.0062694005,0.082483105,0.006866575,0.3041138,0.01937538,null,null,null,null,"TWOGAUSSIANS",8,2.3299325,0.23342507,0.0032972975,0.4,0.00373028,0.34410837,0.01607874,0.7354032,0.0062694005,0.4,0.0,0.30034176,0.018949348
375316653866487564,4162422994645986304,0.4613338,2427.1465877181236,3.1010237757376777,4.488753E-5,19.693617,0.008723091,null,null,null,null,null,null,null,null,null,null,null,null,0.12917608,0.013098636,0.30694976,0.007952849,"ELLIPSOIDAL",4,4.528659,null,null,null,null,null,null,null,null,null,null,null,null
375316653866487564,4162423716200387712,0.5568537,2427.8229396709457,1.3244323083247358,9.837298E-6,18.081379,0.013666879,0.23177181,0.0048315474,0.09717634,0.009472621,0.22290225,0.011580144,0.7303321,0.0022210053,0.11163182,0.0078262435,0.18880709,0.012699828,null,null,null,null,"TWOGAUSSIANS",8,1.9694718,0.23177181,0.0048315474,0.4,0.0,0.20020631,0.008119065,0.7303321,0.0022210053,0.4,0.0,0.1660953,0.0053281044
375316653866487564,4162424192934251904,0.549927,2414.0544867038448,3.1031817024418245,1.3558073E-5,18.687895,0.008916495,0.25932688,0.003295163,0.1002811,0.0067168325,0.24415892,0.007559345,0.7615532,0.004579503,0.08285329,0.0058086067,0.27774712,0.01138616,null,null,null,null,"TWOGAUSSIANS",8,2.058336,0.7615532,0.004579503,0.4,0.0,0.26577812,0.010215266,0.25932688,0.003295163,0.4,0.0,0.23218797,0.005583148
375316653866487564,4162424914488930176,0.43177193,2409.1605998814794,0.3009882244640838,2.6496791E-5,19.076593,0.0072138114,0.22865427,0.016522402,0.05071004,0.028792037,0.10943464,0.13956517,0.7360074,0.0029241769,0.019968597,0.0025193163,0.28199255,0.05821408,null,null,null,null,"TWOGAUSSIANS",8,4.056205,0.7360074,0.0029241769,0.11182414,0.014108171,0.28199255,0.05821408,0.22865427,0.016522402,0.28397623,0.1612354,0.10943464,0.13956517
375316653866487564,4162425846511887104,0.45066258,2387.6797900812594,0.16257472067956918,3.4308272E-5,17.057674,0.0018414462,0.269499,0.04062622,0.09143934,0.034923833,0.016795818,0.0057869623,0.8630777,0.003841732,0.007830527,0.0045316415,0.07840499,0.05911789,null,null,null,null,"TWOGAUSSIANS",8,3.4737248,0.8630777,0.003841732,0.043850947,0.025377192,0.07840584,0.059117593,0.269499,0.04062622,0.4,0.060251568,0.016795807,0.005786994
375316653866487564,4162426151439312640,0.63831556,2425.654398184428,0.4122719683448956,1.1210085E-6,17.088013,0.0024567174,0.26777267,1.9393477E-4,0.033424553,3.5177427E-4,0.6820333,0.0067027705,0.76739347,0.002469289,0.032158736,0.002704042,0.09557773,0.009632355,0.013412478,0.0026617083,0.26777267,1.9393477E-4,"TWOGAUSSIANS_WITH_ELLIPSOIDAL_ON_ECLIPSE1",9,3.2125566,0.26777267,1.9393477E-4,0.1871775,0.0019699358,0.7088582,0.00689803,0.7674034,0.0024227605,0.18008892,0.015142635,0.122402474,0.008728819
