Gaia/vari_eclipsing_binary/VariEclipsingBinary_236057-236161.csv
# %ECSV 1.0
# ---
# delimiter: ','
# meta: !!omap
# - RELEASE: Gaia DR3
# - TABLE: vari_eclipsing_binary
# - DESCRIPTION: >
#     This table describes the properties of the eclipsing binaries resulting from the variability analysis. 
# - CITATION: >
#     How to cite and acknowledge Gaia: 
#     https://gea.esac.esa.int/archive/documentation/credits.html 
# - KNOWN_ISSUES: >
#     Known issues: 
#     https://www.cosmos.esa.int/web/gaia-users/known-issues 
# - DOCUMENTATION: >
#     Tutorials and documentation: 
#     https://www.cosmos.esa.int/web/gaia-users/archive 
# datatype:
# - 
#   name: solution_id
#   datatype: int64
#   description: Solution Identifier
#   meta:
#     ucd: meta.version
# - 
#   name: source_id
#   datatype: int64
#   description: Unique source identifier
#   meta:
#     ucd: meta.id;meta.main
# - 
#   name: global_ranking
#   datatype: float32
#   description: Number between 0 (worst) and 1 (best)
#   meta:
#     ucd: stat.param
# - 
#   name: reference_time
#   datatype: float64
#   unit: d
#   description: Reference time used for the geometric model fit
#   meta:
#     ucd: time.epoch
# - 
#   name: frequency
#   datatype: float64
#   unit: d**-1
#   description: Frequency of geometric model of the eclipsing binary light curve
#   meta:
#     ucd: src.orbital
# - 
#   name: frequency_error
#   datatype: float32
#   unit: d**-1
#   description: "Uncertainty of \\texttt{frequency}"
#   meta:
#     ucd: stat.error
# - 
#   name: geom_model_reference_level
#   datatype: float32
#   unit: mag
#   description: Magnitude reference level of geometric model
#   meta:
#     ucd: phot.mag;em.opt
# - 
#   name: geom_model_reference_level_error
#   datatype: float32
#   unit: mag
#   description: "Uncertainty of \\texttt{geomModelReferenceLevel}"
#   meta:
#     ucd: stat.error;phot.mag;em.opt
# - 
#   name: geom_model_gaussian1_phase
#   datatype: float32
#   description: Phase of the Gaussian 1 component
#   meta:
#     ucd: time.phase
# - 
#   name: geom_model_gaussian1_phase_error
#   datatype: float32
#   description: "Uncertainty of \\texttt{geomModelGaussian1Phase}"
#   meta:
#     ucd: stat.error;time.phase
# - 
#   name: geom_model_gaussian1_sigma
#   datatype: float32
#   description: "Standard deviation [phase] of Gaussian 1 component"
#   meta:
#     ucd: stat.stdev
# - 
#   name: geom_model_gaussian1_sigma_error
#   datatype: float32
#   description: "Uncertainty of \\texttt{geomModelGaussian1Sigma}"
#   meta:
#     ucd: stat.error
# - 
#   name: geom_model_gaussian1_depth
#   datatype: float32
#   unit: mag
#   description: Magnitude depth of Gaussian 1 component
#   meta:
#     ucd: src.var.amplitude
# - 
#   name: geom_model_gaussian1_depth_error
#   datatype: float32
#   unit: mag
#   description: "Uncertainty of \\texttt{geomModelGaussian1Depth}"
#   meta:
#     ucd: stat.error;src.var.amplitude
# - 
#   name: geom_model_gaussian2_phase
#   datatype: float32
#   description: Phase of Gaussian 2 component
#   meta:
#     ucd: time.phase
# - 
#   name: geom_model_gaussian2_phase_error
#   datatype: float32
#   description: "Uncertainty of \\texttt{geomModelGaussian2Phase}"
#   meta:
#     ucd: stat.error;time.phase
# - 
#   name: geom_model_gaussian2_sigma
#   datatype: float32
[...]
#   datatype: float32
#   description: "Secondary eclipse: uncertainty of \\texttt{derivedSecondaryEclDuration}"
#   meta:
#     ucd: stat.error;time.duration
# - 
#   name: derived_secondary_ecl_depth
#   datatype: float32
#   unit: mag
#   description: "Secondary eclipse: depth"
#   meta:
#     ucd: src.var.amplitude
# - 
#   name: derived_secondary_ecl_depth_error
#   datatype: float32
#   unit: mag
#   description: "Secondary eclipse: uncertainty of \\texttt{derivedSecondaryEclDepth}"
#   meta:
#     ucd: stat.error;src.var.amplitude
solution_id,source_id,global_ranking,reference_time,frequency,frequency_error,geom_model_reference_level,geom_model_reference_level_error,geom_model_gaussian1_phase,geom_model_gaussian1_phase_error,geom_model_gaussian1_sigma,geom_model_gaussian1_sigma_error,geom_model_gaussian1_depth,geom_model_gaussian1_depth_error,geom_model_gaussian2_phase,geom_model_gaussian2_phase_error,geom_model_gaussian2_sigma,geom_model_gaussian2_sigma_error,geom_model_gaussian2_depth,geom_model_gaussian2_depth_error,geom_model_cosine_half_period_amplitude,geom_model_cosine_half_period_amplitude_error,geom_model_cosine_half_period_phase,geom_model_cosine_half_period_phase_error,model_type,num_model_parameters,reduced_chi2,derived_primary_ecl_phase,derived_primary_ecl_phase_error,derived_primary_ecl_duration,derived_primary_ecl_duration_error,derived_primary_ecl_depth,derived_primary_ecl_depth_error,derived_secondary_ecl_phase,derived_secondary_ecl_phase_error,derived_secondary_ecl_duration,derived_secondary_ecl_duration_error,derived_secondary_ecl_depth,derived_secondary_ecl_depth_error
[from data line 289]
375316653866487564,2076757906141566464,0.5597484,2220.1947003442974,3.11329066222117,8.375715E-6,19.215368,0.013412245,0.14939705,0.0028420324,0.06983321,0.0033485596,0.59090114,0.020808099,0.64777404,0.0030458688,0.08014688,0.0031068213,0.56449056,0.022279272,null,null,null,null,"TWOGAUSSIANS",8,3.3985617,0.14939705,0.0028420324,0.39106598,0.018751934,0.5866187,0.020549973,0.64777404,0.0030458688,0.4,0.0,0.56020814,0.02185157
375316653866487564,2076758941230937088,0.5225319,2206.117428998341,3.019386609623884,1.1222547E-5,17.544106,0.036335126,0.18838666,0.0070854165,0.09430468,0.012751813,0.34739998,0.034196857,0.67900014,0.0041877483,0.09465857,0.0096133435,0.33961856,0.03700083,null,null,null,null,"TWOGAUSSIANS",8,20.266401,0.18838666,0.0070854165,0.4,0.0,0.32924616,0.020720538,0.67900014,0.0041877483,0.4,0.0,0.3214647,0.023018617
375316653866487564,2076759525356176000,0.543389,2187.4263900903698,4.368132896564042,7.0702154E-6,18.164455,0.008922537,0.2288533,0.002654419,0.06926878,0.004709063,0.30491462,0.021093562,0.718067,0.0016666757,0.08136379,0.003124563,0.3453231,0.009211323,null,null,null,null,"TWOGAUSSIANS",8,4.190354,0.718067,0.0016666757,0.4,0.0,0.34325188,0.008610406,0.2288533,0.002654419,0.38790515,0.023533542,0.30284345,0.02143473
375316653866487564,2076762475987400960,0.5140923,2203.221602367741,1.6395718600390878,1.5137618E-5,18.799747,0.011303102,0.23372759,0.009382894,0.05022829,0.011687262,0.1921212,0.011083123,0.7230986,0.03706504,0.06728735,0.058501184,0.057436273,0.036621638,null,null,null,null,"TWOGAUSSIANS",8,1.4965712,0.23372759,0.009382894,0.28127843,0.065448664,0.19210629,0.010968741,0.7230986,0.03706504,0.37680915,0.31198883,0.05742137,0.03661372
375316653866487564,2076764885478004224,0.6448115,2245.6522282350516,2.894505206733131,3.000672E-6,17.397547,0.006971479,0.25411746,9.994258E-4,0.045212053,0.0018435651,0.3038613,0.016818428,0.7505371,0.0011250834,0.04574721,0.0021339038,0.3947482,0.016412167,0.117163785,0.008653712,0.25411746,9.994258E-4,"TWOGAUSSIANS_WITH_ELLIPSOIDAL_ON_ECLIPSE1",9,6.3436675,0.75085706,0.0010026542,0.25618437,0.011949861,0.6289675,0.015760094,0.25411746,9.994258E-4,0.2531875,0.010323965,0.5381886,0.00771383
375316653866487564,2076767595591774080,0.5869168,2250.2475984130747,0.44856017685803695,1.0706241E-5,18.206875,0.0034033076,0.19459543,0.004611532,0.02393915,0.0039744377,0.4067098,0.03865264,0.6993618,0.0016999539,0.018008769,0.0017922164,0.6073622,0.026661286,null,null,null,null,"TWOGAUSSIANS",8,5.1803126,0.6993618,0.0016999539,0.1008491,0.010036412,0.6073622,0.026661286,0.19459543,0.004611532,0.13405924,0.022256851,0.4067098,0.03865264
375316653866487564,2076768248427020160,0.55774957,2227.3568089115415,2.854673773522357,7.269193E-6,18.979937,0.009940529,0.15009663,0.0027410556,0.07430186,0.003431509,0.39529353,0.0191208,0.65986145,0.0023670685,0.07054085,0.00436441,0.40515062,0.019982448,null,null,null,null,"TWOGAUSSIANS",8,2.5566285,0.65986145,0.0023670685,0.3950288,0.019625565,0.40351623,0.020385006,0.15009663,0.0027410556,0.4,0.0,0.39365914,0.019099573
375316653866487564,2076768287089836800,0.6094123,2227.9422721061674,1.8694055422141158,5.3879626E-6,17.099934,0.0065241647,0.26657727,0.0024990076,0.1013582,0.0042441576,0.22576539,0.007031855,0.7686842,0.0012477041,0.09130909,0.002666219,0.26036114,0.006472654,null,null,null,null,"TWOGAUSSIANS",8,2.8591645,0.7686842,0.0012477041,0.4,0.0,0.24421686,0.0038547781,0.26657727,0.0024990076,0.4,0.0,0.2096189,0.005027506
375316653866487564,2076768729463316608,0.57548547,2231.508825794751,2.9896596335738437,4.256097E-6,18.941303,0.007985534,0.18005395,0.0023513292,0.06716054,0.003281287,0.5509527,0.018100746,0.68121994,0.0011137715,0.069170296,0.0018655336,0.58047926,0.0124809835,null,null,null,null,"TWOGAUSSIANS",8,3.0477302,0.68121994,0.0011137715,0.38735366,0.010446988,0.5791635,0.012465831,0.18005395,0.0023513292,0.37609902,0.018375207,0.5496369,0.018283663
375316653866487564,2076769008644071424,0.5573163,2213.6553516218364,2.717513861777683,1.2218064E-5,18.079453,0.031026319,0.3115233,0.0015895751,0.056337208,0.0064169643,0.4655916,0.067121424,0.8004855,0.003183466,0.041545745,0.0073273196,0.37113944,0.06517914,0.104949936,0.038339965,0.3115233,0.0015895751,"TWOGAUSSIANS_WITH_ELLIPSOIDAL_ON_ECLIPSE1",9,20.569618,0.3115233,0.0015895751,0.31548837,0.035935,0.67546684,0.044113707,0.8012755,0.0028696936,0.23265617,0.04103299,0.5800786,0.02893689
375316653866487564,2076769867637896064,0.46523896,2219.0336843232935,0.87885104990133,8.760171E-6,18.815825,0.0053033386,0.10317556,0.0031601405,0.020081459,0.0031678807,0.60411674,1.1176025,0.79170495,0.021988023,0.03674772,0.012482696,0.2507468,0.13911344,null,null,null,null,"TWOGAUSSIANS",8,7.9267097,0.10317556,0.0031601405,0.11245617,0.017740132,0.60411674,1.1176025,0.79170495,0.021988023,0.20578723,0.0699031,0.2507468,0.13911344
375316653866487564,2076770138212855040,0.6056322,2240.080775038309,3.8361910931040546,1.1853485E-5,17.882093,0.01789375,0.18477257,0.0029799684,0.048615843,0.005166528,0.2668598,0.04671744,0.6816333,0.007550398,0.057210878,0.009324221,0.32259366,0.045022324,0.101960674,0.025412565,0.18477257,0.0029799684,"TWOGAUSSIANS_WITH_ELLIPSOIDAL_ON_ECLIPSE1",9,9.349202,0.6820733,0.006817798,0.32038093,0.05221564,0.5264283,0.025484389,0.18477257,0.0029799684,0.27224872,0.028932557,0.47076258,0.019188331
375316653866487564,2076772719496089728,0.47101045,2243.954185042752,2.8675757412969114,4.0174906E-5,16.765783,0.02711067,0.17510056,0.01623671,0.093865864,0.023259312,0.1521094,0.028382402,0.7035138,0.009734707,0.1185091,0.025738029,0.13368246,0.026270142,null,null,null,null,"TWOGAUSSIANS",8,27.837893,0.17502056,0.016132476,0.4,0.0,0.13947842,0.017305717,0.7035138,0.00973048,0.4,0.0,0.1209968,0.01364981
375316653866487564,2076774334395837440,0.54014903,2214.5608718227095,1.208615375830656,2.1322705E-6,19.702389,0.0040603587,0.28043142,1.21469486E-4,0.013663612,2.2104976E-4,0.44168234,0.0038686015,0.77054346,7.8478784E-8,0.0046842997,5.785797E-5,0.45411208,0.0039959266,null,null,null,null,"TWOGAUSSIANS",8,1.0311906,0.77054346,7.8478784E-8,0.026232079,3.2400462E-4,0.45411208,0.0039959266,0.28043142,1.21469486E-4,0.07651623,0.0012378787,0.44168234,0.0038686015
375316653866487564,2076774987238957056,0.53224957,2230.3396820869075,1.6716704720727196,9.693272E-6,15.594231,9.986275E-4,0.43058094,0.012414148,0.00787854,0.006255171,0.00887439,0.0022112068,0.6870394,0.0022867415,0.050526958,0.0044688727,0.16577154,0.016713323,null,null,null,null,"TWOGAUSSIANS",8,8.545616,0.6870394,0.0022867415,0.28295097,0.025025688,0.16577154,0.016713323,0.43058094,0.012414148,0.044119824,0.035028957,0.008874812,0.0022109873
375316653866487564,2076775159037254912,0.4570677,2184.8223265866213,3.9293412379858794,3.5699617E-5,18.456833,0.0076181334,0.39476353,0.0042458423,0.034388617,0.008124738,0.2898628,0.053271234,0.78191304,0.02211653,0.030675387,0.015159166,0.07382428,0.1469734,null,null,null,null,"TWOGAUSSIANS",8,13.972235,0.39476353,0.0042458423,0.19257624,0.04549853,0.2898628,0.053271234,0.78191304,0.02211653,0.17178217,0.08489133,0.07382428,0.1469734
375316653866487564,2076775743152864768,0.60490257,2216.0304647918083,2.1793962135095217,5.7900143E-6,16.56028,0.006022238,0.21842588,0.0037004568,0.088895425,0.005340237,0.18737204,0.0074652084,0.71396023,0.0023485506,0.09020442,0.004091518,0.24202754,0.006307698,null,null,null,null,"TWOGAUSSIANS",8,4.271625,0.71396023,0.0023485506,0.4,0.0,0.2339641,0.005516749,0.21842588,0.0037004568,0.4,0.0,0.17930867,0.006398954
375316653866487564,2076775949311320704,0.46343085,2171.4016871370195,3.1844758480382986,2.7722657E-5,16.064463,0.0072816173,0.33952108,0.018370654,0.020501498,0.01325366,0.06539448,12.284113,0.7636928,0.015083067,0.020886132,0.019013477,0.052592825,0.026942566,0.0713793,0.0076056723,0.7636928,0.015083067,"TWOGAUSSIANS_WITH_ELLIPSOIDAL_ON_ECLIPSE2",9,147.03316,0.7636928,0.015083067,0.11696234,0.10647547,0.19535124,0.023605354,0.33491108,0.023538666,0.11480839,0.07422049,0.17979264,12.277875
375316653866487564,2076776254242773760,0.6022007,2178.7891457399382,2.8852532770075485,5.2911287E-6,18.049824,0.0049196575,0.20243706,0.0018193814,0.07992914,0.0031822557,0.4578589,0.025188945,0.7029675,9.642647E-4,0.06687836,0.0015609694,0.4948859,0.010570056,null,null,null,null,"TWOGAUSSIANS",8,3.4114876,0.7029675,9.642647E-4,0.37451884,0.008741429,0.49206084,0.010671573,0.20243706,0.0018193814,0.4,0.0,0.4550338,0.025656052
375316653866487564,2076776636496878976,0.5352034,2184.8502798469945,2.4955293708377755,2.133257E-5,18.48264,0.016962543,0.23657139,0.005772727,0.09004746,0.006670849,0.26618916,0.023251679,0.7361995,0.00701296,0.09107599,0.010946258,0.24502581,0.01785907,null,null,null,null,"TWOGAUSSIANS",8,4.079518,0.23657139,0.005772727,0.4,0.0,0.2549487,0.020717513,0.7361995,0.00701296,0.4,0.0,0.23378533,0.014558436
375316653866487564,2076778148334672128,0.53797895,2246.6902097193447,0.7167709600411132,1.1967089E-5,16.689203,0.0033056042,0.5159627,0.039449707,0.04821912,0.035565678,0.017667599,0.006088848,0.6687788,0.008122083,0.018887106,0.0047714077,0.26990148,0.0512476,0.007750639,0.005474379,0.6687788,0.008122083,"TWOGAUSSIANS_WITH_ELLIPSOIDAL_ON_ECLIPSE2",9,9.915081,0.6687788,0.008122083,0.105767794,0.026719883,0.2855192,0.050240055,0.5290327,0.05908006,0.27002704,0.16356932,0.023352953,0.008305396
375316653866487564,2076778212751265280,0.5249013,2217.6828417090264,2.6316138155736244,1.8087327E-5,19.266739,0.02414244,0.2745108,0.0037389828,0.10383763,0.0063482816,0.47848624,0.027994927,0.77479815,0.005912265,0.07507832,0.012194801,0.32809624,0.024998691,null,null,null,null,"TWOGAUSSIANS",8,3.5705838,0.2745108,0.0037389828,0.4,0.0,0.46231824,0.021358345,0.77479815,0.005912265,0.4,0.00497037,0.3119371,0.024138069
375316653866487564,2076779694513606912,0.519946,2212.700544064535,3.9792850235976953,8.334093E-6,18.814037,0.00870025,0.28958115,0.0034517178,0.061950583,0.0038975838,0.2282728,0.012395738,0.78509533,0.0066129086,0.06014935,0.013614164,0.24336812,0.0721481,null,null,null,null,"TWOGAUSSIANS",8,1.8331854,0.78509533,0.0066129086,0.33683634,0.06908652,0.24327561,0.07243972,0.28958115,0.0034517178,0.34692326,0.02182647,0.22818027,0.012307929
375316653866487564,2076780416077286400,0.61830765,2237.584140268412,0.8182515924368838,6.8983604E-6,13.489907,0.0013803234,0.24153545,8.47826E-4,0.031031216,0.0015803713,0.14712001,0.009165026,0.73077834,0.0066063306,0.024991801,0.004410134,0.11275645,0.012431553,0.038294002,0.0019757394,0.24153545,8.47826E-4,"TWOGAUSSIANS_WITH_ELLIPSOIDAL_ON_ECLIPSE1",9,44.22178,0.24153545,8.47826E-4,0.17377481,0.008850079,0.22370802,0.009971446,0.73112833,0.006472255,0.13995409,0.024696752,0.18900639,0.012098581
375316653866487564,2076781515588915840,0.5673663,2209.6189646900443,2.460376732170441,7.725354E-6,17.622356,0.036789864,0.24041368,0.002265858,0.053278852,0.017179314,0.14149639,0.067123294,0.7359572,0.009555048,0.05150132,0.04616881,0.2061458,0.07424963,0.14714222,0.033958096,0.24041368,0.002265858,"TWOGAUSSIANS_WITH_ELLIPSOIDAL_ON_ECLIPSE1",9,10.233053,0.7369872,0.0071822386,0.2884074,0.12673055,0.50024784,0.13732411,0.24041368,0.002265858,0.29836157,0.09620416,0.43577603,0.020596134
375316653866487564,2076782099704498944,0.636173,2237.224169056126,2.2758758853546377,4.103143E-6,12.6215,0.0031881288,0.24556622,0.002171854,0.08937012,0.0020112882,0.2767057,0.007990084,0.74502057,0.0015387612,0.08035602,0.002844394,0.3598644,0.0048288284,null,null,null,null,"TWOGAUSSIANS",8,98.251144,0.74502057,0.0015387612,0.4,0.0,0.35179418,0.0054100137,0.24556622,0.002171854,0.4,0.0,0.26863536,0.00783499
375316653866487564,2076782202783759360,0.62397015,2233.3406237869353,1.0604112030603075,4.26272E-6,15.685304,0.0027255134,0.23969246,0.00122049,0.06796726,0.0071311267,0.06037686,0.008473053,0.73876053,0.0040064766,0.040514484,0.007760815,0.03072537,0.0069244155,0.060252015,0.0033418012,0.23969246,0.00122049,"TWOGAUSSIANS_WITH_ELLIPSOIDAL_ON_ECLIPSE1",9,5.627975,0.23969246,0.00122049,0.38061666,0.035530753,0.18081148,0.006484993,0.73907053,0.0029399334,0.22688112,0.043460563,0.15115725,0.004002676
375316653866487564,2076784195648681472,0.5200887,2203.0429392277297,2.524873849990641,1.2639627E-5,16.718672,0.018046016,0.26687044,0.0034997244,0.10695854,0.009042807,0.20813288,0.017132804,0.76947796,0.0046734717,0.09947841,0.014923523,0.2014523,0.014343156,null,null,null,null,"TWOGAUSSIANS",8,17.145212,0.26687044,0.0034997244,0.4,0.0,0.18699577,0.00787225,0.76947796,0.004675677,0.4,0.0,0.1803214,0.018604284
375316653866487564,2076785428296715008,0.51803386,2229.4636660892293,1.1774671713154488,2.3221987E-6,18.035015,0.0036936947,0.32082054,9.896779E-4,0.036647104,0.0015203231,0.19357102,0.0072082193,0.8319483,0.0046302658,0.024042593,0.0075448477,0.025895284,0.004264698,null,null,null,null,"TWOGAUSSIANS",8,3.8327806,0.32082054,9.896779E-4,0.20522377,0.008513809,0.19357102,0.0072082193,0.8319483,0.0046302658,0.13463852,0.042251147,0.025895284,0.004264698
375316653866487564,2076785604397974784,0.55614537,2209.6128693254823,3.1554185239707406,8.148163E-6,18.74695,0.0076810126,0.27337828,0.003953597,0.07448227,0.005261567,0.49549213,0.030870955,0.76772445,0.0039805947,0.07262265,0.0038274876,0.41406703,0.01831761,null,null,null,null,"TWOGAUSSIANS",8,4.79361,0.27337828,0.003953597,0.4,0.00285438,0.49302715,0.031447276,0.76772445,0.0039805947,0.4,9.208729E-4,0.41160205,0.018111156
375316653866487564,2076787043204715904,0.549581,2214.2368055936463,2.784400837835345,6.8331888E-6,17.942247,0.0070831487,0.118401624,0.003299333,0.089710176,0.004686568,0.23789525,0.008605347,0.6212947,0.0023300475,0.07731162,0.004470488,0.23317096,0.01081264,null,null,null,null,"TWOGAUSSIANS",8,3.047302,0.118401624,0.003299333,0.4,0.0,0.23284316,0.007924497,0.6212947,0.0023300475,0.4,0.0,0.22811896,0.011085308
375316653866487564,2076788284450006784,0.4710227,2239.2452612965403,2.301128628811301,2.4557949E-5,19.535395,0.02419062,0.19567907,0.0055559473,0.08217919,0.011463031,0.27571902,0.02498026,0.70285517,0.0093243895,0.09518215,0.018142847,0.21645886,0.023532588,null,null,null,null,"TWOGAUSSIANS",8,2.458332,0.19567907,0.0055559473,0.4,0.0,0.2676441,0.022110082,0.70285517,0.0093243895,0.4,0.0,0.2083835,0.019071165
375316653866487564,2076789414026803072,0.48847762,2243.6097581443323,2.963271680004804,1.396263E-5,18.933544,0.005775989,0.17860688,0.019945713,0.0208794,0.026211224,0.075699136,88241.375,0.732094,0.003063412,0.060834296,0.006035495,0.3826632,0.03472389,null,null,null,null,"TWOGAUSSIANS",8,4.974897,0.732094,0.003063412,0.34067208,0.033798773,0.3826632,0.03472389,0.17860688,0.019945713,0.11692464,0.14678286,0.075699136,88241.375
375316653866487564,2076790410459297280,0.6658892,2245.142609510315,1.3452563080117206,3.3024314E-6,16.366385,0.004909259,0.24184081,4.9192214E-4,0.05454656,0.0024630497,0.19168594,0.010064013,0.74755305,0.020400822,0.041291103,0.020732757,0.02556913,0.012360563,0.058169544,0.0064202715,0.24184081,4.9192214E-4,"TWOGAUSSIANS_WITH_ELLIPSOIDAL_ON_ECLIPSE1",9,2.3635845,0.24184081,4.9192214E-4,0.30546075,0.013793078,0.30801958,0.0059607495,0.74755305,0.020400822,0.23123018,0.11610344,0.14175299,0.0038035195
375316653866487564,2076792545065245824,0.4727884,2239.4190522173535,2.227820904603205,1.9902454E-5,16.853306,0.10835352,0.28054473,0.0078729605,0.11961067,0.036797468,0.30883867,0.0994553,0.7783291,0.012217798,0.11137636,0.03078689,0.34484598,0.10072341,null,null,null,null,"TWOGAUSSIANS",8,43.5947,0.7783291,0.012227599,0.4,0.0,0.28376532,0.04342457,0.28054473,0.0078842025,0.4,0.0,0.2476877,0.02240418
