Gaia/vari_eclipsing_binary/VariEclipsingBinary_680635-680672.csv
# %ECSV 1.0
# ---
# delimiter: ','
# meta: !!omap
# - RELEASE: Gaia DR3
# - TABLE: vari_eclipsing_binary
# - DESCRIPTION: >
#     This table describes the properties of the eclipsing binaries resulting from the variability analysis. 
# - CITATION: >
#     How to cite and acknowledge Gaia: 
#     https://gea.esac.esa.int/archive/documentation/credits.html 
# - KNOWN_ISSUES: >
#     Known issues: 
#     https://www.cosmos.esa.int/web/gaia-users/known-issues 
# - DOCUMENTATION: >
#     Tutorials and documentation: 
#     https://www.cosmos.esa.int/web/gaia-users/archive 
# datatype:
# - 
#   name: solution_id
#   datatype: int64
#   description: Solution Identifier
#   meta:
#     ucd: meta.version
# - 
#   name: source_id
#   datatype: int64
#   description: Unique source identifier
#   meta:
#     ucd: meta.id;meta.main
# - 
#   name: global_ranking
#   datatype: float32
#   description: Number between 0 (worst) and 1 (best)
#   meta:
#     ucd: stat.param
# - 
#   name: reference_time
#   datatype: float64
#   unit: d
#   description: Reference time used for the geometric model fit
#   meta:
#     ucd: time.epoch
# - 
#   name: frequency
#   datatype: float64
#   unit: d**-1
#   description: Frequency of geometric model of the eclipsing binary light curve
#   meta:
#     ucd: src.orbital
# - 
#   name: frequency_error
#   datatype: float32
#   unit: d**-1
#   description: "Uncertainty of \\texttt{frequency}"
#   meta:
#     ucd: stat.error
# - 
#   name: geom_model_reference_level
#   datatype: float32
#   unit: mag
#   description: Magnitude reference level of geometric model
#   meta:
#     ucd: phot.mag;em.opt
# - 
#   name: geom_model_reference_level_error
#   datatype: float32
#   unit: mag
#   description: "Uncertainty of \\texttt{geomModelReferenceLevel}"
#   meta:
#     ucd: stat.error;phot.mag;em.opt
# - 
#   name: geom_model_gaussian1_phase
#   datatype: float32
#   description: Phase of the Gaussian 1 component
#   meta:
#     ucd: time.phase
# - 
#   name: geom_model_gaussian1_phase_error
#   datatype: float32
#   description: "Uncertainty of \\texttt{geomModelGaussian1Phase}"
#   meta:
#     ucd: stat.error;time.phase
# - 
#   name: geom_model_gaussian1_sigma
#   datatype: float32
#   description: "Standard deviation [phase] of Gaussian 1 component"
#   meta:
#     ucd: stat.stdev
# - 
#   name: geom_model_gaussian1_sigma_error
#   datatype: float32
#   description: "Uncertainty of \\texttt{geomModelGaussian1Sigma}"
#   meta:
#     ucd: stat.error
# - 
#   name: geom_model_gaussian1_depth
#   datatype: float32
#   unit: mag
#   description: Magnitude depth of Gaussian 1 component
#   meta:
#     ucd: src.var.amplitude
# - 
#   name: geom_model_gaussian1_depth_error
#   datatype: float32
#   unit: mag
#   description: "Uncertainty of \\texttt{geomModelGaussian1Depth}"
#   meta:
#     ucd: stat.error;src.var.amplitude
# - 
#   name: geom_model_gaussian2_phase
#   datatype: float32
#   description: Phase of Gaussian 2 component
#   meta:
#     ucd: time.phase
# - 
#   name: geom_model_gaussian2_phase_error
#   datatype: float32
#   description: "Uncertainty of \\texttt{geomModelGaussian2Phase}"
#   meta:
#     ucd: stat.error;time.phase
# - 
#   name: geom_model_gaussian2_sigma
#   datatype: float32
[...]
#   datatype: float32
#   description: "Secondary eclipse: uncertainty of \\texttt{derivedSecondaryEclDuration}"
#   meta:
#     ucd: stat.error;time.duration
# - 
#   name: derived_secondary_ecl_depth
#   datatype: float32
#   unit: mag
#   description: "Secondary eclipse: depth"
#   meta:
#     ucd: src.var.amplitude
# - 
#   name: derived_secondary_ecl_depth_error
#   datatype: float32
#   unit: mag
#   description: "Secondary eclipse: uncertainty of \\texttt{derivedSecondaryEclDepth}"
#   meta:
#     ucd: stat.error;src.var.amplitude
solution_id,source_id,global_ranking,reference_time,frequency,frequency_error,geom_model_reference_level,geom_model_reference_level_error,geom_model_gaussian1_phase,geom_model_gaussian1_phase_error,geom_model_gaussian1_sigma,geom_model_gaussian1_sigma_error,geom_model_gaussian1_depth,geom_model_gaussian1_depth_error,geom_model_gaussian2_phase,geom_model_gaussian2_phase_error,geom_model_gaussian2_sigma,geom_model_gaussian2_sigma_error,geom_model_gaussian2_depth,geom_model_gaussian2_depth_error,geom_model_cosine_half_period_amplitude,geom_model_cosine_half_period_amplitude_error,geom_model_cosine_half_period_phase,geom_model_cosine_half_period_phase_error,model_type,num_model_parameters,reduced_chi2,derived_primary_ecl_phase,derived_primary_ecl_phase_error,derived_primary_ecl_duration,derived_primary_ecl_duration_error,derived_primary_ecl_depth,derived_primary_ecl_depth_error,derived_secondary_ecl_phase,derived_secondary_ecl_phase_error,derived_secondary_ecl_duration,derived_secondary_ecl_duration_error,derived_secondary_ecl_depth,derived_secondary_ecl_depth_error
[from data line 74]
375316653866487564,5986972067444892416,0.6417456,2078.2068133185026,2.7334614405400472,4.9740106E-6,17.192806,0.0126844505,0.25272095,0.0014920189,0.06207177,0.004210324,0.40704018,0.030089894,0.75378305,0.0012557894,0.05318638,0.0031498908,0.38164553,0.028844832,0.084926635,0.01828345,0.25272095,0.0014920189,"TWOGAUSSIANS_WITH_ELLIPSOIDAL_ON_ECLIPSE1",9,7.727205,0.25272095,0.0014920189,0.34760192,0.023577815,0.57676727,0.020112095,0.75378305,0.0012557894,0.29784372,0.017639387,0.551365,0.015879503
375316653866487564,5986972479761771136,0.5617664,2102.595014601021,0.418242038055055,2.2294033E-5,14.139988,0.0011842684,0.20018497,0.005624148,0.0156224575,0.0038476281,0.09950013,0.016622316,0.7042388,0.023034677,0.013655798,0.008122171,0.1008386,0.14164235,null,null,null,null,"TWOGAUSSIANS",8,24.288757,0.7042388,0.023034677,0.07647246,0.04548416,0.1008386,0.14164235,0.20018497,0.005624148,0.08748577,0.021546718,0.09950013,0.016622316
375316653866487564,5986972587158361088,0.52088106,2095.5871075807236,3.160827196266171,1.8189963E-5,18.761806,0.01764181,0.23656479,0.007105517,0.0722492,0.01323998,0.32396314,0.052076552,0.7289246,0.0037414564,0.079105996,0.008194191,0.30312142,0.028361129,null,null,null,null,"TWOGAUSSIANS",8,3.8900137,0.23656479,0.007105517,0.4,0.027064357,0.32170793,0.05378438,0.7289246,0.0037414564,0.4,0.0,0.30086625,0.0278473
375316653866487564,5986972720279967488,0.46020705,2087.4071111087924,0.42008871314588203,8.856982E-5,18.443672,0.012361021,0.15902534,0.020863578,0.06761023,0.0137768565,0.10102449,0.017752752,0.7511967,0.005754809,0.10105985,0.020757865,0.15185806,0.015184511,null,null,null,null,"TWOGAUSSIANS",8,6.362751,0.7511967,0.005754809,0.4,0.0,0.15132548,0.015640624,0.15894534,0.020906113,0.3786173,0.076385975,0.10053616,0.0171629
375316653866487564,5986973201323137536,0.49961567,2146.587350256446,4.463088083436063,1.7628912E-5,18.5098,0.112182036,0.259965,0.0049211113,0.12837352,0.036346328,0.31949267,0.09882333,0.7746419,0.0050459774,0.10983804,0.023217728,0.31880885,0.10949416,null,null,null,null,"TWOGAUSSIANS",8,6.276038,0.25993502,0.004897772,0.4,0.0,0.25789425,0.028177999,0.7748019,0.005096966,0.4,0.0,0.25754195,0.021772267
375316653866487564,5986973995881348352,0.55290824,2141.904593337293,3.491145513551231,1.4835131E-5,18.889261,0.01648998,0.25036207,0.0050256806,0.04306068,0.011315074,0.35599864,0.117455564,0.74021006,0.0051031196,0.045596868,0.00795334,0.6416351,0.29378742,0.14166205,0.02077465,0.25036207,0.0050256806,"TWOGAUSSIANS_WITH_ELLIPSOIDAL_ON_ECLIPSE1",9,5.0974913,0.7408901,0.0048156497,0.25534245,0.044538707,0.92388463,0.31271395,0.25036207,0.0050256806,0.2411398,0.06336441,0.63932186,0.11512387
375316653866487564,5986974025953539584,0.58799833,2140.9489314394514,1.7009308368241605,4.780918E-6,18.26187,0.008566616,0.2639148,0.0040962617,0.074369594,0.0050383555,0.2702667,0.015676012,0.75773346,0.0023480898,0.07862454,0.0023621432,0.5729437,0.012161662,null,null,null,null,"TWOGAUSSIANS",8,4.160078,0.75773346,0.0023480898,0.4,0.0,0.5696262,0.011725735,0.2639148,0.0040962617,0.4,0.0,0.26694924,0.015581361
375316653866487564,5986974511310782976,0.47802645,2075.756080795718,0.35657361407864396,2.609191E-5,17.479265,0.0026904868,0.3434676,0.0024768296,0.02835426,0.0021038926,0.93435043,0.22638571,0.70009625,0.0062290053,0.06132601,0.0043850425,0.75952196,0.1194259,null,null,null,null,"TWOGAUSSIANS",8,10.834679,0.3434676,0.0024768296,0.15878385,0.0117818,0.9343505,0.2263857,0.70009625,0.0062290053,0.34342566,0.024556236,0.75952196,0.1194259
375316653866487564,5986974545670517248,0.63395727,2140.810166157981,0.08483603299872133,1.8081899E-5,15.06909,8.640838E-4,0.12409988,4.2725392E-4,0.006428445,2.7062383E-4,0.25750393,0.012675804,0.6200768,0.006570015,0.00607252,0.0048256707,0.2665095,5.59196,null,null,null,null,"TWOGAUSSIANS",8,11.674512,0.6200768,0.006570015,0.03400611,0.027023757,0.2665095,5.59196,0.12409988,4.2725392E-4,0.035999294,0.0015154934,0.25750393,0.012675804
375316653866487564,5986974678788607872,0.5374247,2142.5914293127225,3.523941445253889,1.5417081E-5,18.628393,0.013193845,0.266615,0.0035629051,0.04126297,0.0084028365,0.19483367,0.030417824,0.7789192,0.009404679,0.045491382,0.013370897,0.31587508,0.069434114,0.10476732,0.018503984,0.266615,0.0035629051,"TWOGAUSSIANS_WITH_ELLIPSOIDAL_ON_ECLIPSE1",9,8.038569,0.7789192,0.009404679,0.25475174,0.07487702,0.5241598,0.073171414,0.266615,0.0035629051,0.23107262,0.04705588,0.40436822,0.021410262
375316653866487564,5986975331638825088,0.48420814,2166.02322391548,2.8238463387439436,1.6409964E-5,18.499857,0.045068122,0.29486045,0.0045475345,0.1073972,0.015167672,0.23553823,0.04399695,0.7965429,0.007446554,0.119707264,0.031391148,0.19532596,0.03754205,null,null,null,null,"TWOGAUSSIANS",8,2.7275782,0.29485044,0.0045548677,0.4,0.0,0.19855611,0.005532823,0.7965429,0.0074512186,0.4,0.0,0.15828942,0.013307395
375316653866487564,5986975469062670720,0.58169335,2149.6740583976707,3.499211606878817,9.084343E-6,17.69859,0.035562668,0.28862596,0.0021662372,0.05572342,0.00821494,0.456941,0.06550986,0.79356784,0.020387266,0.053823978,0.025587419,0.3389361,0.14192073,0.07858128,0.042089798,0.28862596,0.0021662372,"TWOGAUSSIANS_WITH_ELLIPSOIDAL_ON_ECLIPSE1",9,15.129728,0.28862596,0.0021662372,0.31205115,0.046003666,0.6140794,0.04556017,0.79356784,0.019808851,0.30141428,0.14328955,0.495923,0.15002175
375316653866487564,5986975915741620992,0.5713446,2138.5811724526034,2.6156449365939936,6.9258126E-6,17.462229,0.010619301,0.2642636,0.0020475537,0.08680775,0.0038153827,0.32047784,0.011354933,0.7836122,0.0059592794,0.07554069,0.009251303,0.156636,0.020369302,null,null,null,null,"TWOGAUSSIANS",8,5.8305645,0.2642636,0.0020475537,0.4,0.0,0.3177421,0.010184725,0.7836122,0.0059592794,0.4,0.011291529,0.15390036,0.02077132
375316653866487564,5986977466248336384,0.51472634,2154.7623267170825,0.8742103002043901,5.6394033E-6,17.948551,0.0046595028,0.26908946,0.022545861,0.034977447,0.020124035,0.06283428,0.030471398,0.77060646,3.883287E-4,0.040579695,0.002096945,0.32186824,0.014567842,null,null,null,null,"TWOGAUSSIANS",8,6.061539,0.77060646,3.883287E-4,0.2272463,0.011742892,0.32186824,0.014567842,0.26908946,0.022545861,0.19587371,0.1126946,0.06283428,0.030471398
375316653866487564,5986977947292828160,0.60110915,2114.0180559178434,2.6392688626380836,5.199929E-6,18.375658,0.0186474,0.22559841,0.0018246941,0.04914354,0.003656446,0.7136463,0.03836892,0.7258032,0.018250609,0.04060183,0.018503413,0.18622346,0.050886378,0.13103938,0.023155604,0.22559841,0.0018246941,"TWOGAUSSIANS_WITH_ELLIPSOIDAL_ON_ECLIPSE1",9,7.7751517,0.22559841,0.0018246941,0.27520382,0.020476097,0.9757232,0.024816591,0.7258032,0.018204803,0.22737026,0.10361911,0.4482999,0.03297104
375316653866487564,5986978046046295296,0.50051975,2137.8192508222915,3.48615411761343,2.0249967E-5,18.460373,0.42403954,0.34348485,0.0043028,0.1682217,0.031968083,0.5700326,0.3626051,0.8403595,0.0043575345,0.16963474,0.050462555,0.5193987,0.40419447,null,null,null,null,"TWOGAUSSIANS",8,2.2386155,0.34416485,0.0050306385,0.4,0.0,0.22486268,0.01593703,0.8403595,0.0043575345,0.4,0.0,0.17449489,0.013356166
375316653866487564,5986978119050493056,0.4758088,2094.8766710266996,3.2403222395032523,5.133392E-5,19.530592,0.020205133,0.28247568,0.017370671,0.10960369,0.02610209,0.19503172,0.029038448,0.760429,0.005319501,0.055513635,0.0074968627,0.17186446,0.02701354,null,null,null,null,"TWOGAUSSIANS",8,2.0571635,0.28247568,0.017370671,0.4,0.0,0.19265115,0.02903184,0.760429,0.005319501,0.31087634,0.04198243,0.16950071,0.025091706
375316653866487564,5986978462647932928,0.4518131,2141.706601030765,0.9907858483378825,6.5842396E-5,19.205238,0.005045199,0.29289788,0.011488253,0.023300825,0.015658425,0.25834233,0.18091157,0.7707552,0.012963719,0.05703599,0.010518981,0.10101015,0.01037757,null,null,null,null,"TWOGAUSSIANS",8,2.0771034,0.29289788,0.011488253,0.13048463,0.08768718,0.25834233,0.1809116,0.7707552,0.012963719,0.31940153,0.058906294,0.10101015,0.010377568
375316653866487564,5986979321674449536,0.53297,2078.3447691085635,2.4471442996481616,2.1802141E-5,16.252817,0.01133695,0.24766907,0.013169485,0.08111674,0.0106299,0.27203292,0.016548304,0.7443719,0.003152252,0.08487072,0.0072664274,0.25814074,0.015497322,null,null,null,null,"TWOGAUSSIANS",8,45.789207,0.24766907,0.013169485,0.4,0.0,0.26669434,0.014047246,0.7443719,0.003152252,0.4,0.0,0.25280216,0.015698684
375316653866487564,5986979733999281024,0.4682283,2094.1628672618153,0.057466536707331935,2.7681546E-5,19.689043,0.010502802,0.27480552,0.011275499,0.05842203,0.009451415,0.40304217,0.081654176,0.71465105,0.009878204,0.019924527,0.013899072,0.40413266,0.09031412,null,null,null,null,"TWOGAUSSIANS",8,2.937027,0.71465105,0.009878204,0.111577354,0.07783481,0.40413266,0.09031412,0.27480552,0.011275499,0.32716337,0.052927926,0.40304217,0.081654176
375316653866487564,5986980008836307840,0.48422813,2104.3374034866015,1.0957028003906388,5.826219E-5,19.274307,0.0067394366,0.3082135,0.01059298,0.06947852,0.009126365,0.3831594,0.08693075,0.7833595,0.006281387,0.06986397,0.007357536,0.17656383,0.016539408,null,null,null,null,"TWOGAUSSIANS",8,2.4565246,0.3082135,0.01059298,0.38907972,0.04555218,0.38273042,0.08728697,0.7833595,0.006281387,0.3912382,0.034503095,0.17613484,0.01660977
375316653866487564,5986980146308118784,0.5370779,2104.3946411363254,3.1437408436407295,2.0452224E-5,17.640562,0.010124969,0.2749316,0.0031025175,0.07979687,0.003919564,0.37463936,0.02143737,0.7788423,0.0047455234,0.081976414,0.007105,0.37548885,0.022328932,null,null,null,null,"TWOGAUSSIANS",8,14.69698,0.7788423,0.0047455234,0.4,0.0,0.3696246,0.02335784,0.2749316,0.0031025175,0.4,0.0,0.36877513,0.021477047
375316653866487564,5986981482017441792,0.46411076,2120.657062168311,0.19150732048641067,5.7410394E-5,19.038904,0.010709807,0.24167481,0.008987578,0.07441793,0.009996295,0.12872346,0.0136219505,0.7817132,0.016148303,0.074580155,0.014560734,0.1252033,0.02642983,null,null,null,null,"TWOGAUSSIANS",8,2.2305746,0.24167481,0.008987578,0.4,0.014182269,0.12836695,0.013143207,0.7817132,0.016148303,0.4,0.009298721,0.12484679,0.026648888
375316653866487564,5986981894333887360,0.4713727,2172.0252920733355,3.562642697156854,1.6994642E-5,18.878832,0.06398209,0.17262419,0.0057509975,0.10888634,0.021501623,0.21686736,0.06297824,0.6471213,0.009067008,0.11305178,0.028419232,0.17888947,0.063148305,null,null,null,null,"TWOGAUSSIANS",8,2.832181,0.1726742,0.005698182,0.4,0.0,0.19310065,0.018316263,0.6471213,0.009067008,0.4,0.0,0.15511057,0.021326128
375316653866487564,5986982512805189632,0.5538386,2151.4175543898386,1.8426568953543607,9.670513E-6,16.39266,0.045783788,0.24366112,0.0023925186,0.12002556,0.030738167,0.12447048,0.04205984,0.731964,0.0039907875,0.111056924,0.022030326,0.12308087,0.04411506,null,null,null,null,"TWOGAUSSIANS",8,4.487491,0.24368112,0.0023935554,0.4,0.0,0.10316958,0.0034859872,0.731964,0.0039907875,0.4,0.0,0.10181492,0.005683541
375316653866487564,5986982895087459840,0.65162516,2146.1786450969275,1.020277694599936,6.1464298E-6,17.02798,0.00338577,0.30138013,6.058161E-4,0.04510371,0.0010516613,0.5587735,0.011639039,0.80714923,0.004278925,0.042434108,0.005260389,0.07552137,0.016216788,0.020918012,0.0046838894,0.30138013,6.058161E-4,"TWOGAUSSIANS_WITH_ELLIPSOIDAL_ON_ECLIPSE1",9,3.1766925,0.30138013,6.058161E-4,0.25258076,0.005889303,0.60060936,0.012728327,0.80714923,0.004278925,0.237631,0.029458178,0.11730228,0.015785072
375316653866487564,5986983715400472960,0.4842312,2110.043293531381,3.204727406002379,7.582549E-5,18.493925,0.039701063,0.20005254,0.012511488,0.08318827,0.016578749,0.40587276,0.05268893,0.6820844,0.018585142,0.070737645,0.021941958,0.275796,0.059869952,null,null,null,null,"TWOGAUSSIANS",8,17.876715,0.20005254,0.012511488,0.4,0.0,0.40351877,0.0477835,0.6820844,0.018585142,0.39613083,0.050063632,0.273442,0.04805904
375316653866487564,5986983822800375552,0.6404138,2158.773062011798,2.224710617407532,2.8154318E-6,14.692485,0.0060140765,0.20843418,0.0022590593,0.05132286,0.0031545823,0.20379053,0.013779132,0.71171093,9.4374764E-4,0.048462473,0.0030918412,0.17721628,0.013614161,0.10260027,0.007590733,0.71171093,9.4374764E-4,"TWOGAUSSIANS_WITH_ELLIPSOIDAL_ON_ECLIPSE2",9,43.520668,0.20900418,0.001825328,0.28740802,0.017665662,0.40891728,0.0051948633,0.71171093,9.4374764E-4,0.27138984,0.017314311,0.38241494,0.007067553
375316653866487564,5986984780549159936,0.5552276,2119.888000139742,1.7235102936317392,1.13327E-5,19.367216,0.007407809,0.23975164,0.0016844756,0.046097685,0.0049636816,0.9716984,0.16345763,0.73034966,0.009525597,0.043019928,0.010608059,0.5609326,0.03661913,null,null,null,null,"TWOGAUSSIANS",8,3.3814666,0.23975164,0.0016844756,0.25814703,0.027796617,0.9716983,0.16345806,0.73034966,0.009525597,0.24091159,0.05940513,0.56093246,0.036619704
375316653866487564,5986985746914530176,0.567892,2114.467992065956,3.1970986955256078,1.1093732E-5,19.552362,0.00927874,0.3136107,0.0017269043,0.06806227,0.0049590915,0.5627315,0.028470278,0.8149745,0.0027848422,0.063180484,0.0029210828,0.53671163,0.032479074,null,null,null,null,"TWOGAUSSIANS",8,1.8282493,0.3136107,0.0017269043,0.3811487,0.027265098,0.5619863,0.028855832,0.8149745,0.0027848422,0.35381073,0.016358063,0.53596646,0.032622613
375316653866487564,5986985884384845824,0.5977999,2092.5228360173924,1.9487286253299927,7.877804E-6,17.420937,0.0074757435,0.28729054,0.0027376504,0.079133324,0.0051143444,0.46786508,0.023102827,0.7882421,0.0060976893,0.07899148,0.0051318044,0.19234307,0.011362171,null,null,null,null,"TWOGAUSSIANS",8,6.774516,0.28729054,0.0027376504,0.4,0.0,0.46393728,0.024624297,0.7882421,0.0060976893,0.4,0.0,0.18841526,0.010101049
375316653866487564,5986985918744703616,0.5293354,2110.0528318425695,2.65196784178555,1.2687039E-5,19.011898,0.020832133,0.3194235,0.0035935843,0.08258926,0.021731198,0.33618793,0.06324655,0.8095803,0.0039487667,0.07484716,0.0064303693,0.39435986,0.027446913,null,null,null,null,"TWOGAUSSIANS",8,3.553427,0.8095803,0.0039487667,0.4,0.0,0.39053673,0.02551145,0.3194235,0.0035935843,0.4,0.0,0.3323648,0.07125889
375316653866487564,5986985953072629504,0.53070754,2108.7412204122447,3.6309575416569246,1.1906728E-5,19.780787,0.020737087,0.30748266,0.0081776455,0.080719456,0.008521579,0.43258163,0.031490352,0.79996884,0.0044061537,0.07855547,0.007458789,0.5277568,0.028627167,null,null,null,null,"TWOGAUSSIANS",8,2.47516,0.79996884,0.0044061537,0.4,0.0,0.5218048,0.028216165,0.30748266,0.0081776455,0.4,0.0,0.42662963,0.029886918
375316653866487564,5986986090543179264,0.5070364,2089.2525653731077,1.2753662015744716,2.015484E-5,17.05686,0.1180286,0.11855154,0.0147347115,0.16174372,0.07832364,0.12694207,0.11507978,0.59795684,0.008435567,0.13132896,0.024189964,0.18439636,0.09798814,null,null,null,null,"TWOGAUSSIANS",8,4.7785864,0.59795684,0.008435567,0.4,0.0,0.12619528,0.0057639745,0.11950154,0.013873804,0.4,0.0,0.06676538,0.0071033486
375316653866487564,5986986189301550848,0.5444025,2109.137289005335,1.3792552718280038,1.7414712E-5,18.843763,0.011512391,0.29252994,0.009996339,0.089209646,0.01273059,0.27895087,0.024993831,0.79838014,0.0033933476,0.08429915,0.007384807,0.20098226,0.012848183,null,null,null,null,"TWOGAUSSIANS",8,1.5840087,0.29252994,0.009996339,0.4,0.0,0.2721739,0.024199247,0.79838014,0.0033933476,0.4,0.0,0.19420537,0.011664642
