Gaia/vari_eclipsing_binary/VariEclipsingBinary_466625-466637.csv
# %ECSV 1.0
# ---
# delimiter: ','
# meta: !!omap
# - RELEASE: Gaia DR3
# - TABLE: vari_eclipsing_binary
# - DESCRIPTION: >
#     This table describes the properties of the eclipsing binaries resulting from the variability analysis. 
# - CITATION: >
#     How to cite and acknowledge Gaia: 
#     https://gea.esac.esa.int/archive/documentation/credits.html 
# - KNOWN_ISSUES: >
#     Known issues: 
#     https://www.cosmos.esa.int/web/gaia-users/known-issues 
# - DOCUMENTATION: >
#     Tutorials and documentation: 
#     https://www.cosmos.esa.int/web/gaia-users/archive 
# datatype:
# - 
#   name: solution_id
#   datatype: int64
#   description: Solution Identifier
#   meta:
#     ucd: meta.version
# - 
#   name: source_id
#   datatype: int64
#   description: Unique source identifier
#   meta:
#     ucd: meta.id;meta.main
# - 
#   name: global_ranking
#   datatype: float32
#   description: Number between 0 (worst) and 1 (best)
#   meta:
#     ucd: stat.param
# - 
#   name: reference_time
#   datatype: float64
#   unit: d
#   description: Reference time used for the geometric model fit
#   meta:
#     ucd: time.epoch
# - 
#   name: frequency
#   datatype: float64
#   unit: d**-1
#   description: Frequency of geometric model of the eclipsing binary light curve
#   meta:
#     ucd: src.orbital
# - 
#   name: frequency_error
#   datatype: float32
#   unit: d**-1
#   description: "Uncertainty of \\texttt{frequency}"
#   meta:
#     ucd: stat.error
# - 
#   name: geom_model_reference_level
#   datatype: float32
#   unit: mag
#   description: Magnitude reference level of geometric model
#   meta:
#     ucd: phot.mag;em.opt
# - 
#   name: geom_model_reference_level_error
#   datatype: float32
#   unit: mag
#   description: "Uncertainty of \\texttt{geomModelReferenceLevel}"
#   meta:
#     ucd: stat.error;phot.mag;em.opt
# - 
#   name: geom_model_gaussian1_phase
#   datatype: float32
#   description: Phase of the Gaussian 1 component
#   meta:
#     ucd: time.phase
# - 
#   name: geom_model_gaussian1_phase_error
#   datatype: float32
#   description: "Uncertainty of \\texttt{geomModelGaussian1Phase}"
#   meta:
#     ucd: stat.error;time.phase
# - 
#   name: geom_model_gaussian1_sigma
#   datatype: float32
#   description: "Standard deviation [phase] of Gaussian 1 component"
#   meta:
#     ucd: stat.stdev
# - 
#   name: geom_model_gaussian1_sigma_error
#   datatype: float32
#   description: "Uncertainty of \\texttt{geomModelGaussian1Sigma}"
#   meta:
#     ucd: stat.error
# - 
#   name: geom_model_gaussian1_depth
#   datatype: float32
#   unit: mag
#   description: Magnitude depth of Gaussian 1 component
#   meta:
#     ucd: src.var.amplitude
# - 
#   name: geom_model_gaussian1_depth_error
#   datatype: float32
#   unit: mag
#   description: "Uncertainty of \\texttt{geomModelGaussian1Depth}"
#   meta:
#     ucd: stat.error;src.var.amplitude
# - 
#   name: geom_model_gaussian2_phase
#   datatype: float32
#   description: Phase of Gaussian 2 component
#   meta:
#     ucd: time.phase
# - 
#   name: geom_model_gaussian2_phase_error
#   datatype: float32
#   description: "Uncertainty of \\texttt{geomModelGaussian2Phase}"
#   meta:
#     ucd: stat.error;time.phase
# - 
#   name: geom_model_gaussian2_sigma
#   datatype: float32
[...]
#   datatype: float32
#   description: "Secondary eclipse: uncertainty of \\texttt{derivedSecondaryEclDuration}"
#   meta:
#     ucd: stat.error;time.duration
# - 
#   name: derived_secondary_ecl_depth
#   datatype: float32
#   unit: mag
#   description: "Secondary eclipse: depth"
#   meta:
#     ucd: src.var.amplitude
# - 
#   name: derived_secondary_ecl_depth_error
#   datatype: float32
#   unit: mag
#   description: "Secondary eclipse: uncertainty of \\texttt{derivedSecondaryEclDepth}"
#   meta:
#     ucd: stat.error;src.var.amplitude
solution_id,source_id,global_ranking,reference_time,frequency,frequency_error,geom_model_reference_level,geom_model_reference_level_error,geom_model_gaussian1_phase,geom_model_gaussian1_phase_error,geom_model_gaussian1_sigma,geom_model_gaussian1_sigma_error,geom_model_gaussian1_depth,geom_model_gaussian1_depth_error,geom_model_gaussian2_phase,geom_model_gaussian2_phase_error,geom_model_gaussian2_sigma,geom_model_gaussian2_sigma_error,geom_model_gaussian2_depth,geom_model_gaussian2_depth_error,geom_model_cosine_half_period_amplitude,geom_model_cosine_half_period_amplitude_error,geom_model_cosine_half_period_phase,geom_model_cosine_half_period_phase_error,model_type,num_model_parameters,reduced_chi2,derived_primary_ecl_phase,derived_primary_ecl_phase_error,derived_primary_ecl_duration,derived_primary_ecl_duration_error,derived_primary_ecl_depth,derived_primary_ecl_depth_error,derived_secondary_ecl_phase,derived_secondary_ecl_phase_error,derived_secondary_ecl_duration,derived_secondary_ecl_duration_error,derived_secondary_ecl_depth,derived_secondary_ecl_depth_error
[from data line 829]
375316653866487564,4104587343078114304,0.44182798,2227.756010317298,0.7807625980516588,8.524367E-5,18.714518,0.025090583,0.3824312,0.0053987326,0.07536288,0.014089881,0.23952714,0.03400394,0.87538856,0.013698172,0.10788435,0.028052902,0.21078551,0.06447115,null,null,null,null,"TWOGAUSSIANS",8,3.7630684,0.3824312,0.005403712,0.4,0.016445935,0.23006426,0.035441503,0.87538856,0.013698172,0.4,0.0,0.2013131,0.07006497
375316653866487564,4104587446156226816,0.43562594,2186.786029992111,0.8560275256507681,6.891454E-5,18.448372,0.017006177,0.21886472,0.015290891,0.053664032,0.04648555,0.10223664,0.060941078,null,null,null,null,null,null,0.055463035,0.028377505,0.21886472,0.015290891,"ONEGAUSSIAN_WITH_ELLIPSOIDAL",6,15.731172,0.21886472,0.015290891,0.30051857,0.2410521,0.21316066,0.07521173,null,null,null,null,null,null
375316653866487564,4104588305152118016,0.54214776,2244.7835738640233,2.172752482479493,2.5127083E-5,18.531555,0.0442862,0.20507257,0.007230006,0.09325917,0.014099316,0.32571948,0.042911693,0.6960111,0.02143907,0.11191719,0.035687268,0.25368375,0.02973841,null,null,null,null,"TWOGAUSSIANS",8,2.8327298,0.20508257,0.006991443,0.4,0.0,0.29978985,0.021894813,0.6960111,0.02143907,0.4,0.0,0.22772954,0.014510284
375316653866487564,4104588648748370176,0.50626945,2167.671649417445,0.19624554598391683,3.094802E-5,18.960775,0.103899576,0.11061554,0.0061713317,0.19920248,0.11464175,0.11202526,0.101005934,0.6286979,0.0031749075,0.06248015,0.012201411,0.32222536,0.05984236,null,null,null,null,"TWOGAUSSIANS",8,0.6709153,0.62898785,0.0032716969,0.34988886,0.06751389,0.2999846,0.070613936,0.11061554,0.0061713317,0.4,0.0,0.079971835,0.013717117
375316653866487564,4104588919265544448,0.57916737,2202.646009790003,2.3781849430593334,1.4095317E-5,18.700886,0.019211236,0.26261988,0.008125699,0.042237427,0.028641881,0.52315426,0.28542197,null,null,null,null,null,null,0.19327849,0.018941365,0.26261988,0.008125699,"ONEGAUSSIAN_WITH_ELLIPSOIDAL",6,5.522331,0.26261988,0.008125699,0.23652959,0.16039453,0.90971106,0.30450967,null,null,null,null,null,null
375316653866487564,4104589228484462592,0.4938271,2214.376690152696,0.31056069244644385,1.5555078E-4,17.31363,0.004811894,0.21613905,0.07940638,0.02785186,0.026917933,0.13169304,0.4106413,0.8121955,0.005149029,0.04669469,0.0053073294,0.44723612,0.06411241,null,null,null,null,"TWOGAUSSIANS",8,5.856471,0.8121955,0.005149029,0.26149026,0.029721046,0.44723612,0.064112395,0.21613905,0.07940638,0.15597041,0.15074043,0.13169304,0.4106396
375316653866487564,4104589297207790976,0.58516365,2148.3861998788398,2.754505496472721,1.395505E-5,17.30817,0.013923492,0.25556582,0.0049118013,0.091254726,0.008571679,0.2163297,0.013182806,0.7586331,0.0026400462,0.100693166,0.007674008,0.20692669,0.014193893,null,null,null,null,"TWOGAUSSIANS",8,3.4139636,0.25556582,0.0049118013,0.4,0.0,0.20272452,0.008000348,0.7586331,0.0026400462,0.4,0.0,0.1933198,0.009302791
375316653866487564,4104589335978208896,0.543116,2259.265418582036,0.9775999371813775,2.2405045E-5,17.111254,0.015633326,0.13204174,0.009204158,0.12093137,0.029596336,0.07593619,0.01319147,0.6045786,0.00436472,0.11100816,0.009177501,0.1750241,0.014283023,null,null,null,null,"TWOGAUSSIANS",8,2.3135774,0.6045786,0.00436472,0.4,0.0,0.15844272,0.00577077,0.13217174,0.00923695,0.4,0.0,0.059335038,0.008173981
375316653866487564,4104589365923438464,0.46966517,2206.350509912214,1.7901586120472885,1.0693359E-4,18.675213,0.0119074695,0.28662655,0.0019356689,0.019115383,0.0042388653,0.18986098,0.0649463,0.85576385,0.017427394,0.105818495,0.031293295,0.08918842,0.01900443,null,null,null,null,"TWOGAUSSIANS",8,4.757353,0.28662655,0.0019352203,0.10704615,0.023737647,0.18987836,0.06494818,0.85576385,0.017427394,0.4,0.0,0.089183345,0.01901835
375316653866487564,4104589542101163392,0.523374,2199.0064854420184,1.1960289607276475,2.684161E-5,16.933638,0.027773142,0.1915741,0.004311986,0.090917505,0.017217247,0.20396103,0.021592304,0.7134444,0.008175229,0.10268552,0.02087558,0.17282988,0.025438257,null,null,null,null,"TWOGAUSSIANS",8,9.107237,0.1915641,0.0042897435,0.4,0.0,0.19412234,0.01956803,0.7134444,0.008168021,0.4,0.0,0.1629876,0.009644902
375316653866487564,4104589743880611840,0.49194083,2201.462552235297,0.19045974265123425,4.911277E-5,18.704693,0.005725329,0.2867194,0.011145411,0.07848758,0.0067262873,0.15321882,0.016285868,0.78298676,0.005273532,0.049406465,0.005135008,0.53798145,0.12423279,null,null,null,null,"TWOGAUSSIANS",8,1.1669514,0.78298676,0.005273532,0.2766762,0.028756047,0.5377786,0.124312714,0.2867194,0.011145411,0.4,0.0,0.15301602,0.016217826
375316653866487564,4104589816978483200,0.45358223,2239.5233530250384,1.3773138492600405,4.4919445E-5,19.57139,0.023748165,null,null,null,null,null,null,null,null,null,null,null,null,0.25019252,0.048056193,0.24906524,0.0067567835,"ELLIPSOIDAL",4,4.4359565,null,null,null,null,null,null,null,null,null,null,null,null
375316653866487564,4104589885734005120,0.5213646,2203.631928510058,0.6371035204746871,8.5421125E-6,15.826931,0.0033771335,0.6961063,0.0014242777,0.0451678,0.006070691,0.12606405,0.027254554,null,null,null,null,null,null,0.040500596,0.005726652,0.6961063,0.0014242777,"ONEGAUSSIAN_WITH_ELLIPSOIDAL",6,12.56617,0.6961063,0.0014242777,0.25293967,0.03399587,0.20706512,0.027672926,null,null,null,null,null,null
375316653866487564,4104590023137201024,0.55411446,2168.8579722096083,0.6517610383449284,9.7575255E-5,19.39874,0.06435031,0.20498024,0.0047282632,0.0405376,0.02509681,0.8509997,0.66670656,0.5960669,0.039791275,0.11227133,0.11955699,0.10051277,0.06439154,null,null,null,null,"TWOGAUSSIANS",8,0.76830906,0.20499024,0.004365996,0.22701055,0.14054213,0.85112643,0.6667474,0.5960669,0.039791275,0.4,0.0,0.1004064,0.052822575
375316653866487564,4104590091906195840,0.48668328,2230.464533489795,0.0292053023645799,9.059459E-5,18.373356,0.027553294,0.28248382,0.014416036,0.08618991,0.013999595,0.54665923,0.04960436,0.8159775,0.040129844,0.058381278,0.030056309,0.6359921,0.13419257,null,null,null,null,"TWOGAUSSIANS",8,11.37361,0.8159775,0.040129844,0.32693517,0.07455523,0.6347359,0.15193433,0.28248382,0.014416036,0.4,0.0,0.5454028,0.04805681
375316653866487564,4104590847771536512,0.46719763,2186.2045060991545,0.5763286304523028,2.9424062E-5,19.483759,0.10590884,0.21381848,0.011785196,0.14302258,0.045264818,0.33465827,0.09589696,0.71532315,0.03122013,0.08334014,0.045159284,0.7519641,18.678167,null,null,null,null,"TWOGAUSSIANS",8,1.3406094,0.71533316,0.031218816,0.4,0.16371125,0.6822293,18.729622,0.21381848,0.011785196,0.4,0.0,0.26343754,0.039864466
375316653866487564,4104590912111793536,0.47843006,2189.4874596184472,0.22659767423683352,1.06157364E-4,18.622955,0.006806054,0.33666223,0.03121806,0.06294374,0.034548648,0.10401668,0.013554865,0.8629814,0.015655002,0.061934963,0.024957594,0.11095062,0.052105203,null,null,null,null,"TWOGAUSSIANS",8,2.8172803,0.8629814,0.015655002,0.3468358,0.13180897,0.11092078,0.052181043,0.33666223,0.03121806,0.35248494,0.081882894,0.10398684,0.0134208035
375316653866487564,4104591019570791296,0.59821385,2203.3637869654144,1.6838172111612035,1.29119135E-5,17.83316,0.020612229,0.3162497,0.0019780516,0.09229036,0.0064442535,0.2983874,0.020450607,0.8293438,0.0036310987,0.08574085,0.011006837,0.18084136,0.018322663,null,null,null,null,"TWOGAUSSIANS",8,2.1429493,0.3162497,0.0019780516,0.4,0.0,0.2910464,0.016399892,0.8293438,0.0036310987,0.4,0.0,0.17350067,0.013732294
