Gaia/vari_eclipsing_binary/VariEclipsingBinary_465137-465152.csv
# %ECSV 1.0
# ---
# delimiter: ','
# meta: !!omap
# - RELEASE: Gaia DR3
# - TABLE: vari_eclipsing_binary
# - DESCRIPTION: >
#     This table describes the properties of the eclipsing binaries resulting from the variability analysis. 
# - CITATION: >
#     How to cite and acknowledge Gaia: 
#     https://gea.esac.esa.int/archive/documentation/credits.html 
# - KNOWN_ISSUES: >
#     Known issues: 
#     https://www.cosmos.esa.int/web/gaia-users/known-issues 
# - DOCUMENTATION: >
#     Tutorials and documentation: 
#     https://www.cosmos.esa.int/web/gaia-users/archive 
# datatype:
# - 
#   name: solution_id
#   datatype: int64
#   description: Solution Identifier
#   meta:
#     ucd: meta.version
# - 
#   name: source_id
#   datatype: int64
#   description: Unique source identifier
#   meta:
#     ucd: meta.id;meta.main
# - 
#   name: global_ranking
#   datatype: float32
#   description: Number between 0 (worst) and 1 (best)
#   meta:
#     ucd: stat.param
# - 
#   name: reference_time
#   datatype: float64
#   unit: d
#   description: Reference time used for the geometric model fit
#   meta:
#     ucd: time.epoch
# - 
#   name: frequency
#   datatype: float64
#   unit: d**-1
#   description: Frequency of geometric model of the eclipsing binary light curve
#   meta:
#     ucd: src.orbital
# - 
#   name: frequency_error
#   datatype: float32
#   unit: d**-1
#   description: "Uncertainty of \\texttt{frequency}"
#   meta:
#     ucd: stat.error
# - 
#   name: geom_model_reference_level
#   datatype: float32
#   unit: mag
#   description: Magnitude reference level of geometric model
#   meta:
#     ucd: phot.mag;em.opt
# - 
#   name: geom_model_reference_level_error
#   datatype: float32
#   unit: mag
#   description: "Uncertainty of \\texttt{geomModelReferenceLevel}"
#   meta:
#     ucd: stat.error;phot.mag;em.opt
# - 
#   name: geom_model_gaussian1_phase
#   datatype: float32
#   description: Phase of the Gaussian 1 component
#   meta:
#     ucd: time.phase
# - 
#   name: geom_model_gaussian1_phase_error
#   datatype: float32
#   description: "Uncertainty of \\texttt{geomModelGaussian1Phase}"
#   meta:
#     ucd: stat.error;time.phase
# - 
#   name: geom_model_gaussian1_sigma
#   datatype: float32
#   description: "Standard deviation [phase] of Gaussian 1 component"
#   meta:
#     ucd: stat.stdev
# - 
#   name: geom_model_gaussian1_sigma_error
#   datatype: float32
#   description: "Uncertainty of \\texttt{geomModelGaussian1Sigma}"
#   meta:
#     ucd: stat.error
# - 
#   name: geom_model_gaussian1_depth
#   datatype: float32
#   unit: mag
#   description: Magnitude depth of Gaussian 1 component
#   meta:
#     ucd: src.var.amplitude
# - 
#   name: geom_model_gaussian1_depth_error
#   datatype: float32
#   unit: mag
#   description: "Uncertainty of \\texttt{geomModelGaussian1Depth}"
#   meta:
#     ucd: stat.error;src.var.amplitude
# - 
#   name: geom_model_gaussian2_phase
#   datatype: float32
#   description: Phase of Gaussian 2 component
#   meta:
#     ucd: time.phase
# - 
#   name: geom_model_gaussian2_phase_error
#   datatype: float32
#   description: "Uncertainty of \\texttt{geomModelGaussian2Phase}"
#   meta:
#     ucd: stat.error;time.phase
# - 
#   name: geom_model_gaussian2_sigma
#   datatype: float32
[...]
#   datatype: float32
#   description: "Secondary eclipse: uncertainty of \\texttt{derivedSecondaryEclDuration}"
#   meta:
#     ucd: stat.error;time.duration
# - 
#   name: derived_secondary_ecl_depth
#   datatype: float32
#   unit: mag
#   description: "Secondary eclipse: depth"
#   meta:
#     ucd: src.var.amplitude
# - 
#   name: derived_secondary_ecl_depth_error
#   datatype: float32
#   unit: mag
#   description: "Secondary eclipse: uncertainty of \\texttt{derivedSecondaryEclDepth}"
#   meta:
#     ucd: stat.error;src.var.amplitude
solution_id,source_id,global_ranking,reference_time,frequency,frequency_error,geom_model_reference_level,geom_model_reference_level_error,geom_model_gaussian1_phase,geom_model_gaussian1_phase_error,geom_model_gaussian1_sigma,geom_model_gaussian1_sigma_error,geom_model_gaussian1_depth,geom_model_gaussian1_depth_error,geom_model_gaussian2_phase,geom_model_gaussian2_phase_error,geom_model_gaussian2_sigma,geom_model_gaussian2_sigma_error,geom_model_gaussian2_depth,geom_model_gaussian2_depth_error,geom_model_cosine_half_period_amplitude,geom_model_cosine_half_period_amplitude_error,geom_model_cosine_half_period_phase,geom_model_cosine_half_period_phase_error,model_type,num_model_parameters,reduced_chi2,derived_primary_ecl_phase,derived_primary_ecl_phase_error,derived_primary_ecl_duration,derived_primary_ecl_duration_error,derived_primary_ecl_depth,derived_primary_ecl_depth_error,derived_secondary_ecl_phase,derived_secondary_ecl_phase_error,derived_secondary_ecl_duration,derived_secondary_ecl_duration_error,derived_secondary_ecl_depth,derived_secondary_ecl_depth_error
[from data line 38]
375316653866487564,4091397910735695872,0.5010039,2214.395977231866,1.1989851734197787,3.842836E-5,19.287998,0.021182835,0.327952,0.0049685836,0.041805305,0.013139966,0.29993868,0.06897303,0.8541226,0.006587658,0.09060556,0.012184788,0.25304258,0.018866833,null,null,null,null,"TWOGAUSSIANS",8,1.5911164,0.327952,0.0049685836,0.2341097,0.07358381,0.29975462,0.069225684,0.8541226,0.006587658,0.4,0.0,0.25285822,0.018621165
375316653866487564,4091398112601330944,0.5194721,2229.20401263634,3.7197883133152363,7.258973E-5,17.362606,0.22145641,0.27437812,0.012199525,0.14852999,0.04050882,0.33175114,0.21124047,0.76590586,0.0064730914,0.14866026,0.0509693,0.3388132,0.20794244,null,null,null,null,"TWOGAUSSIANS",8,11.91396,0.76590586,0.0064730914,0.4,0.0,0.18599403,0.018156884,0.27505812,0.011805031,0.4,0.0,0.17900853,0.011203767
375316653866487564,4091398146961062272,0.53909653,2236.5696172460966,2.1459970931161845,2.7862396E-5,18.589235,0.011079878,0.22420515,1.2916715E-4,0.056559682,0.003008261,0.3767378,0.019311078,0.72790253,0.0074894005,0.065412976,0.007883488,0.23664567,0.024153454,null,null,null,null,"TWOGAUSSIANS",8,5.8925056,0.22420515,1.2916715E-4,0.3167342,0.016846262,0.37662214,0.019271836,0.72790253,0.0074894005,0.36631268,0.044147532,0.23652999,0.024201717
375316653866487564,4091398185617696256,0.5258461,2218.541355505656,0.9906124877267104,2.6052645E-5,19.808979,0.032118235,0.103383794,0.03365791,0.03595185,0.008786598,0.36423475,0.23633455,0.61326313,0.00655411,0.04665763,0.008114895,0.48492664,0.047984213,null,null,null,null,"TWOGAUSSIANS",8,2.1428576,0.61326313,0.00655411,0.26128274,0.045443412,0.48492664,0.047984216,0.103383794,0.03365791,0.20133035,0.04920495,0.36423475,0.23633456
375316653866487564,4091398868532958720,0.5143504,2220.30447040494,2.57399101726827,3.5113702E-5,18.079607,0.09549278,0.29881355,0.0053667375,0.123523176,0.033935744,0.28275728,0.08565911,0.7984743,0.0061672307,0.11893112,0.036111586,0.32610112,0.10054819,null,null,null,null,"TWOGAUSSIANS",8,5.2576385,0.7984743,0.006167464,0.4,0.0,0.25423643,0.120413564,0.29881355,0.005378975,0.4,0.0,0.21083078,0.01689484
375316653866487564,4091398907168521344,0.6314879,2203.668475060719,1.0038507075482297,5.7839843E-6,18.639402,0.0072167353,0.24985978,7.1814674E-4,0.07729658,0.0022275238,0.3863319,0.005394466,0.75969464,0.003849379,0.08239484,0.0037434418,0.30384606,0.010557444,null,null,null,null,"TWOGAUSSIANS",8,0.55459255,0.24985978,7.1814674E-4,0.4,0.0,0.3821623,0.004865785,0.75969464,0.003849379,0.4,0.0,0.29967648,0.010033135
375316653866487564,4091399319484820224,0.50638443,2210.87627365102,0.5060203114576401,1.1603465E-4,19.269423,0.01243981,0.76364875,0.01709012,0.044980552,0.010237635,0.16804512,0.066726536,0.59787184,0.03496588,0.114881754,0.0155666685,0.23916107,0.02633181,null,null,null,null,"TWOGAUSSIANS",8,3.936189,0.7490188,0.015475721,0.2518911,0.057330757,0.2599995,0.031544887,0.5987818,0.034482937,0.4,0.0,0.23932005,0.026111487
375316653866487564,4091399353844579840,0.5151111,2232.6802544368975,2.3072511485168214,2.217439E-5,19.809446,0.028272625,0.24359038,0.03133151,0.04719895,0.018670196,0.7067254,0.24221128,0.76207924,0.021936597,0.06525077,0.019751878,0.54937845,0.16043521,null,null,null,null,"TWOGAUSSIANS",8,6.9791546,0.24359038,0.03133151,0.26431412,0.10455309,0.70669633,0.24208832,0.76207924,0.021936597,0.3654043,0.06563846,0.54934937,0.16080101
375316653866487564,4091399388204482944,0.46833363,2197.3482954048513,0.11191497846340401,4.4420165E-5,19.79837,0.106904685,0.35440737,0.027917823,0.0846814,0.027290221,0.3556485,0.08873788,0.8056874,0.05052206,0.13413237,0.09097384,0.23893172,0.08075945,null,null,null,null,"TWOGAUSSIANS",8,2.378778,0.35479736,0.02538326,0.4,0.033616967,0.33349606,0.07349306,0.8056874,0.05052206,0.4,0.009786537,0.21588795,0.038825594
375316653866487564,4091399525722940160,0.5314366,2267.6520409746818,0.6463204780522784,3.0126203E-5,19.602089,0.023829637,0.2808259,0.021037143,0.081345476,0.02879271,0.26342797,0.026506338,0.78681356,0.003093303,0.03168673,0.004452009,0.5229462,0.09984728,null,null,null,null,"TWOGAUSSIANS",8,1.9789224,0.78681356,0.003093303,0.1774457,0.024931252,0.5229208,0.09986009,0.2808259,0.021037143,0.4,0.0056692017,0.26340258,0.026684934
375316653866487564,4091400693875112320,0.5009784,2215.2004459055547,2.5958103466388818,3.4228968E-5,18.895895,0.24575086,0.2279654,0.027970279,0.08578021,0.07066983,0.2850516,0.2350089,0.7558283,0.012315291,0.09719517,0.044050097,0.3012351,0.23689453,null,null,null,null,"TWOGAUSSIANS",8,4.806877,0.7558283,0.012385065,0.4,0.0,0.29210252,0.058926534,0.2279654,0.027763216,0.4,0.0,0.27592131,0.025339983
375316653866487564,4091400861380813696,0.5554418,2278.2946291179774,1.5140296779656273,3.6565434E-5,18.721058,0.0063407794,0.16981517,0.03309789,0.062867,0.020650264,0.094014004,0.02208961,0.6564073,0.011922866,0.049960572,0.0072213933,0.32903177,0.03139809,null,null,null,null,"TWOGAUSSIANS",8,1.2215797,0.6564073,0.011922866,0.2797792,0.040439803,0.3290215,0.031374965,0.16981517,0.03309789,0.35205522,0.05722515,0.09400376,0.022029942
375316653866487564,4091402274423422208,0.52085954,2193.4089988386613,0.9052821769282408,3.75793E-5,19.006382,0.028582264,0.20059682,0.009174254,0.07996253,0.015534286,0.2789492,0.026029393,0.7194563,0.015576478,0.07383603,0.03195283,0.2583925,0.07225473,null,null,null,null,"TWOGAUSSIANS",8,2.3638623,0.20059682,0.009172121,0.4,0.0,0.27713442,0.020673707,0.7194563,0.015576478,0.4,0.016149031,0.25657773,0.080532245
375316653866487564,4091402579390750720,0.46229517,2199.2229958698,3.0337413069915202,5.7621633E-5,19.128374,0.047701962,0.23272486,0.051681682,0.11671424,0.055123053,0.1522167,0.047088865,0.70241076,0.0030041223,0.07057088,0.015246636,0.19305277,0.0392784,null,null,null,null,"TWOGAUSSIANS",8,2.3915756,0.70241076,0.0030041223,0.3951969,0.03600011,0.1872946,0.018665615,0.23272486,0.051681682,0.4,0.0,0.1464072,0.024836736
375316653866487564,4091402686744519040,0.5342133,2195.9823557280365,2.869182182687468,2.6887485E-5,19.105576,0.0059785587,0.34745437,0.0018535748,0.021661803,0.0015010483,0.38947502,0.0070329783,0.57162577,0.074642524,0.030093951,0.02327403,0.19177757,0.21538123,null,null,null,null,"TWOGAUSSIANS",8,1.893615,0.34745437,0.0018535748,0.1213061,0.008405871,0.38947502,0.007032979,0.57162577,0.074642524,0.16852613,0.13033457,0.19177757,0.21538123
375316653866487564,4091403270934751360,0.42638978,2199.898370876285,1.787340161382348,7.053111E-5,17.331944,0.0022835014,0.14616258,0.01902163,0.034488656,0.027441634,0.6468799,8431.314,null,null,null,null,null,null,null,null,null,null,"ONEGAUSSIAN",5,274.2591,0.14616258,0.01902163,0.19313647,0.15367314,0.6468799,0.0,null,null,null,null,null,null
375316653866487564,4091403816335281664,0.5238594,2188.313399330762,1.0659784679267703,1.824038E-5,18.980213,0.05874651,0.25726452,0.010751356,0.102432884,0.017555086,0.39997062,0.06428388,0.73360586,0.006132037,0.10109403,0.018246211,0.40324858,0.049545113,null,null,null,null,"TWOGAUSSIANS",8,3.9018114,0.73360586,0.006132037,0.4,0.0,0.37392744,0.029843083,0.25727454,0.010744183,0.4,0.0,0.37064728,0.031480446
375316653866487564,4091404228638398208,0.5453127,2258.1135772800017,1.2505149293812559,1.8137837E-6,18.668276,0.0034588333,0.38376543,2.7727501E-5,0.03272201,1.3807624E-4,0.8893164,0.0030224717,null,null,null,null,null,null,null,null,null,null,"ONEGAUSSIAN",5,5.4932513,0.38376543,2.7727501E-5,0.18324326,7.7322696E-4,0.8893164,0.0,null,null,null,null,null,null
375316653866487564,4091404817044358272,0.47163886,2252.050122368939,1.9384094174405353,9.768194E-5,19.93394,0.017113464,0.24637322,0.07212628,0.10587732,0.050241925,0.053450122,0.02273619,0.5071152,0.012987952,0.050583716,0.017457174,0.6050857,0.15352906,null,null,null,null,"TWOGAUSSIANS",8,4.022287,0.5071152,0.012987952,0.2832688,0.09776018,0.60765874,0.16852663,0.24639322,0.07202605,0.4,0.0,0.053447917,0.022615697
375316653866487564,4091405018932255872,0.568955,2242.099751139073,0.40605153989107645,4.4534965E-5,18.28509,0.017754138,0.47317126,0.007959278,0.041573018,0.004542367,0.51315683,0.04358982,0.836564,0.022076353,0.17621405,0.03200206,0.063540526,0.019609755,null,null,null,null,"TWOGAUSSIANS",8,2.7848196,0.47346127,0.008024436,0.2328089,0.025437254,0.5181719,0.044415403,0.836564,0.022076353,0.4,0.0,0.06087143,0.01827943
375316653866487564,4091405023202875904,0.46872446,2267.5506820967485,4.852372017049415,4.4760578E-5,18.583134,0.015936388,0.82958454,6.1037106E-4,0.022178218,0.0019074589,0.4398475,0.063250065,0.5300318,0.018965406,0.1173075,0.042610366,0.16287506,0.03143525,null,null,null,null,"TWOGAUSSIANS",8,6.211956,0.8294345,3.936451E-4,0.12419801,0.01068177,0.44607118,0.056243878,0.5300318,0.018965406,0.4,0.0,0.16283809,0.03155937
375316653866487564,4091405676038088320,0.47585943,2261.993403467135,3.2855033385285557,2.6848627E-5,18.756863,0.061148852,0.19084664,0.0058811936,0.07169645,0.023005577,0.23639384,0.048264697,0.7102857,0.012078709,0.088432744,0.04169133,0.2531349,0.051951747,null,null,null,null,"TWOGAUSSIANS",8,6.6946125,0.7102857,0.012078709,0.4,0.03985212,0.25060204,0.052279424,0.19084664,0.0058878576,0.4,0.07398453,0.23386109,0.039365634
375316653866487564,4091405950918156928,0.45256552,2308.69127264612,0.6950458938596257,1.2865283E-4,19.792526,0.04967791,0.09485298,0.014328551,0.04323607,0.022705374,0.30777824,0.08999313,0.37104636,0.054923195,0.09673537,0.032006387,0.14597663,0.06942232,null,null,null,null,"TWOGAUSSIANS",8,4.6979856,0.09530298,0.013940656,0.242122,0.12715009,0.3102722,0.091999225,0.37104636,0.054923195,0.4,0.0,0.14597598,0.06941899
375316653866487564,4091406152783832576,0.5636136,2283.1121610411496,0.7230872516348336,6.327508E-5,18.170277,0.00854522,0.055722352,0.0024178324,0.016673349,0.0036520404,1.1061013,0.36607376,0.6019828,2.1295458E-4,0.015349808,6.339667E-4,1.2808819,0.1174839,null,null,null,null,"TWOGAUSSIANS",8,9.046681,0.6019828,2.1295458E-4,0.08595892,0.0035502135,1.2808819,0.1174839,0.055722352,0.0024178324,0.09337075,0.020451427,1.1061013,0.36607376
375316653866487564,4091406397591329024,0.48538658,2230.790530987284,1.8233138579563348,3.033913E-5,19.219961,0.01347683,0.30633643,0.011773953,0.07352243,0.030534446,0.24839322,0.11867997,0.80833226,0.003641567,0.056748778,0.005694424,0.1816979,0.015437234,null,null,null,null,"TWOGAUSSIANS",8,2.7143533,0.30633643,0.011773953,0.4,0.08566765,0.24813673,0.11992194,0.80833226,0.003641567,0.31779316,0.03188877,0.18144141,0.014953947
375316653866487564,4091406741292635392,0.44589317,2281.1834164335924,2.403162955850684,1.24904E-5,19.103174,0.5362028,0.3482831,0.0051545696,0.25317952,0.08699776,1.1015395,0.46478006,0.77390105,0.011146484,0.045198407,0.03754985,0.33064276,1.21893938E17,null,null,null,null,"TWOGAUSSIANS",8,6.4461904,0.3482831,0.0051545696,0.4,0.0,0.76464915,0.06235278,0.77390105,0.011146484,0.2531111,0.21027917,0.34498608,1.21893938E17
375316653866487564,4091407462822639872,0.5033939,2283.952069182968,2.0625823094735476,3.1392654E-5,18.534239,0.011091089,0.17566465,0.026570227,0.05710595,0.016443802,0.16996096,0.029261498,0.6730949,0.0042979373,0.07274878,0.009709795,0.32544366,0.036803506,null,null,null,null,"TWOGAUSSIANS",8,3.7908084,0.6730949,0.0042979373,0.4,0.015636893,0.32517257,0.036991607,0.17566465,0.026570227,0.3197933,0.09208529,0.16968988,0.029313039
375316653866487564,4091407664609592192,0.45507935,2302.972361461521,1.470462357386706,3.1404856E-5,18.412283,0.039149895,0.27568433,0.03401592,0.13521454,0.11000563,0.05322548,0.0360845,0.76184654,0.010075574,0.07404621,0.012046594,0.1638656,0.03163514,null,null,null,null,"TWOGAUSSIANS",8,2.4413173,0.76184654,0.010075574,0.4,0.023811737,0.15698357,0.023605239,0.27568433,0.03401592,0.4,0.0,0.04622154,0.012549929
375316653866487564,4091407668905678464,0.53462964,2271.712920431282,2.630171044887103,2.1982078E-5,19.10386,0.089654855,0.29819337,0.018571852,0.080114424,0.045136783,0.44222116,0.10928803,0.80818975,0.003002375,0.09052682,0.016492108,0.453169,0.088031,null,null,null,null,"TWOGAUSSIANS",8,2.942996,0.80818975,0.0030012573,0.4,0.0,0.44289306,0.045303814,0.29819337,0.018571852,0.4,0.037509836,0.4319455,0.14594157
375316653866487564,4091408253097581696,0.49716568,2311.6254126731387,3.1084314595,2.3652376E-5,18.790167,0.025785066,0.23912486,0.010052978,0.025311189,0.018026644,0.35849583,0.07257995,null,null,null,null,null,null,0.23544286,0.03384994,0.23912486,0.010052978,"ONEGAUSSIAN_WITH_ELLIPSOIDAL",6,39.0611,0.23912486,0.010052978,0.14174265,0.100949205,0.8293812,0.074370675,null,null,null,null,null,null
375316653866487564,4091408390459837184,0.5135273,2320.7229972669043,0.16604938229060676,2.715131E-4,19.425695,0.009274326,0.39983758,0.0203885,0.021482594,0.02136394,2.7297063,3.3416317,0.63924354,9.936335E-4,0.010746712,0.0021854704,0.21824852,0.093057595,null,null,null,null,"TWOGAUSSIANS",8,2.250187,0.39983758,0.0203885,0.12030253,0.11963807,2.7297063,3.3416317,0.63924354,9.936335E-4,0.060181588,0.012238635,0.21824852,0.093057595
375316653866487564,4091408665337595904,0.53692096,2306.151924821352,0.2824103166506182,2.3339071E-5,19.651321,0.008133934,0.30900452,0.0065342486,0.05341789,0.00996962,0.20272876,0.019530743,0.7503415,0.030828152,0.053645622,0.027469728,0.2530911,0.29078656,null,null,null,null,"TWOGAUSSIANS",8,1.2112609,0.7503415,0.030828152,0.3004155,0.15383047,0.25309053,0.29078755,0.30900452,0.0065342486,0.2991402,0.05582987,0.20272821,0.019531481
375316653866487564,4091408665414415488,0.5290421,2328.2747279267796,2.5108101143725174,3.3660835E-5,19.53281,0.028689632,0.30043265,0.014187137,0.08567149,0.021532299,0.30984554,0.03686849,0.80552566,0.014346498,0.08398414,0.012104653,0.46195224,0.061282944,null,null,null,null,"TWOGAUSSIANS",8,1.9295839,0.80552566,0.014346498,0.4,0.0,0.452996,0.057712574,0.30043265,0.014187137,0.4,0.0,0.30088928,0.040143218
375316653866487564,4091408802853372800,0.69052243,2295.460925020472,1.6814617912099807,5.590063E-6,15.228421,0.016746346,0.28181812,8.244776E-4,0.057500258,0.0053788456,0.25969404,0.036289774,0.7721018,0.0037905502,0.07140251,0.0048713237,0.21038952,0.04025866,0.122705966,0.023195608,0.28181812,8.244776E-4,"TWOGAUSSIANS_WITH_ELLIPSOIDAL_ON_ECLIPSE1",9,14.718439,0.28181812,8.244776E-4,0.32200146,0.030121537,0.504806,0.016186545,0.7752018,0.002047803,0.3998541,0.015877295,0.45487937,0.008411572
375316653866487564,4091408905855863808,0.55590457,2272.7570236386773,1.5385533585700744,7.646147E-5,19.218355,0.007321884,0.1912999,0.0032965115,0.016223907,0.005245472,2.211112,48.4831,0.6907916,0.053207893,0.050014257,0.060471807,0.5938515,0.5541069,null,null,null,null,"TWOGAUSSIANS",8,2.006081,0.1912999,0.0032965115,0.09085388,0.02937464,2.211112,48.4831,0.6907916,0.053207893,0.28007984,0.119846016,0.5938515,0.55411965
375316653866487564,4091408905932635776,0.5307971,2319.6581321739827,0.9417543555571257,1.9343435E-5,17.980114,0.30383867,0.261053,0.007363983,0.11833366,0.09729688,0.23099083,0.27910677,0.7543163,0.007744062,0.104748696,0.031815015,0.33611104,0.24248242,null,null,null,null,"TWOGAUSSIANS",8,8.598027,0.7543163,0.007744062,0.4,0.0,0.29480433,0.018734772,0.26106298,0.007343925,0.4,0.0,0.18962903,0.025211763
375316653866487564,4091409043295007232,0.4786173,2296.0650840575936,2.3810487872185004,4.733015E-5,18.861979,0.02379044,0.16759194,0.01753671,0.12682237,0.02738844,0.142035,0.021605825,0.68147546,0.0024050414,0.0853659,0.013479316,0.2075168,0.016649278,null,null,null,null,"TWOGAUSSIANS",8,1.6127688,0.68152547,0.0023513068,0.4,0.0,0.1906069,0.018193787,0.16759194,0.01753671,0.4,0.0,0.12499479,0.008981944
