Gaia/vari_eclipsing_binary/VariEclipsingBinary_608024-608136.csv
# %ECSV 1.0
# ---
# delimiter: ','
# meta: !!omap
# - RELEASE: Gaia DR3
# - TABLE: vari_eclipsing_binary
# - DESCRIPTION: >
#     This table describes the properties of the eclipsing binaries resulting from the variability analysis. 
# - CITATION: >
#     How to cite and acknowledge Gaia: 
#     https://gea.esac.esa.int/archive/documentation/credits.html 
# - KNOWN_ISSUES: >
#     Known issues: 
#     https://www.cosmos.esa.int/web/gaia-users/known-issues 
# - DOCUMENTATION: >
#     Tutorials and documentation: 
#     https://www.cosmos.esa.int/web/gaia-users/archive 
# datatype:
# - 
#   name: solution_id
#   datatype: int64
#   description: Solution Identifier
#   meta:
#     ucd: meta.version
# - 
#   name: source_id
#   datatype: int64
#   description: Unique source identifier
#   meta:
#     ucd: meta.id;meta.main
# - 
#   name: global_ranking
#   datatype: float32
#   description: Number between 0 (worst) and 1 (best)
#   meta:
#     ucd: stat.param
# - 
#   name: reference_time
#   datatype: float64
#   unit: d
#   description: Reference time used for the geometric model fit
#   meta:
#     ucd: time.epoch
# - 
#   name: frequency
#   datatype: float64
#   unit: d**-1
#   description: Frequency of geometric model of the eclipsing binary light curve
#   meta:
#     ucd: src.orbital
# - 
#   name: frequency_error
#   datatype: float32
#   unit: d**-1
#   description: "Uncertainty of \\texttt{frequency}"
#   meta:
#     ucd: stat.error
# - 
#   name: geom_model_reference_level
#   datatype: float32
#   unit: mag
#   description: Magnitude reference level of geometric model
#   meta:
#     ucd: phot.mag;em.opt
# - 
#   name: geom_model_reference_level_error
#   datatype: float32
#   unit: mag
#   description: "Uncertainty of \\texttt{geomModelReferenceLevel}"
#   meta:
#     ucd: stat.error;phot.mag;em.opt
# - 
#   name: geom_model_gaussian1_phase
#   datatype: float32
#   description: Phase of the Gaussian 1 component
#   meta:
#     ucd: time.phase
# - 
#   name: geom_model_gaussian1_phase_error
#   datatype: float32
#   description: "Uncertainty of \\texttt{geomModelGaussian1Phase}"
#   meta:
#     ucd: stat.error;time.phase
# - 
#   name: geom_model_gaussian1_sigma
#   datatype: float32
#   description: "Standard deviation [phase] of Gaussian 1 component"
#   meta:
#     ucd: stat.stdev
# - 
#   name: geom_model_gaussian1_sigma_error
#   datatype: float32
#   description: "Uncertainty of \\texttt{geomModelGaussian1Sigma}"
#   meta:
#     ucd: stat.error
# - 
#   name: geom_model_gaussian1_depth
#   datatype: float32
#   unit: mag
#   description: Magnitude depth of Gaussian 1 component
#   meta:
#     ucd: src.var.amplitude
# - 
#   name: geom_model_gaussian1_depth_error
#   datatype: float32
#   unit: mag
#   description: "Uncertainty of \\texttt{geomModelGaussian1Depth}"
#   meta:
#     ucd: stat.error;src.var.amplitude
# - 
#   name: geom_model_gaussian2_phase
#   datatype: float32
#   description: Phase of Gaussian 2 component
#   meta:
#     ucd: time.phase
# - 
#   name: geom_model_gaussian2_phase_error
#   datatype: float32
#   description: "Uncertainty of \\texttt{geomModelGaussian2Phase}"
#   meta:
#     ucd: stat.error;time.phase
# - 
#   name: geom_model_gaussian2_sigma
#   datatype: float32
[...]
#   datatype: float32
#   description: "Secondary eclipse: uncertainty of \\texttt{derivedSecondaryEclDuration}"
#   meta:
#     ucd: stat.error;time.duration
# - 
#   name: derived_secondary_ecl_depth
#   datatype: float32
#   unit: mag
#   description: "Secondary eclipse: depth"
#   meta:
#     ucd: src.var.amplitude
# - 
#   name: derived_secondary_ecl_depth_error
#   datatype: float32
#   unit: mag
#   description: "Secondary eclipse: uncertainty of \\texttt{derivedSecondaryEclDepth}"
#   meta:
#     ucd: stat.error;src.var.amplitude
solution_id,source_id,global_ranking,reference_time,frequency,frequency_error,geom_model_reference_level,geom_model_reference_level_error,geom_model_gaussian1_phase,geom_model_gaussian1_phase_error,geom_model_gaussian1_sigma,geom_model_gaussian1_sigma_error,geom_model_gaussian1_depth,geom_model_gaussian1_depth_error,geom_model_gaussian2_phase,geom_model_gaussian2_phase_error,geom_model_gaussian2_sigma,geom_model_gaussian2_sigma_error,geom_model_gaussian2_depth,geom_model_gaussian2_depth_error,geom_model_cosine_half_period_amplitude,geom_model_cosine_half_period_amplitude_error,geom_model_cosine_half_period_phase,geom_model_cosine_half_period_phase_error,model_type,num_model_parameters,reduced_chi2,derived_primary_ecl_phase,derived_primary_ecl_phase_error,derived_primary_ecl_duration,derived_primary_ecl_duration_error,derived_primary_ecl_depth,derived_primary_ecl_depth_error,derived_secondary_ecl_phase,derived_secondary_ecl_phase_error,derived_secondary_ecl_duration,derived_secondary_ecl_duration_error,derived_secondary_ecl_depth,derived_secondary_ecl_depth_error
[from data line 252]
375316653866487564,5348551811996049280,0.6273721,2202.4436256362737,3.5349848913627264,4.5426837E-6,16.910109,0.0047359564,0.2664609,0.0023379154,0.04826798,0.0033531247,0.112414934,0.011950495,0.77186114,0.0025283857,0.048095137,0.0031197423,0.16384454,0.01126973,0.09374726,0.006643744,0.2664609,0.0023379154,"TWOGAUSSIANS_WITH_ELLIPSOIDAL_ON_ECLIPSE1",9,6.8685517,0.77186114,0.0025283857,0.26933277,0.017470557,0.35112295,0.006788832,0.2664609,0.0023379154,0.2703007,0.018777499,0.29990914,0.0044563906
375316653866487564,5348554938728921856,0.5206621,2222.3579476860755,3.274966736006863,1.4640284E-5,19.527348,0.03907932,0.20230415,0.005021196,0.03996554,0.009980348,0.44755322,0.06770862,0.7004432,0.0031403997,0.03441201,0.00890027,0.34701282,0.0726143,0.058136247,0.039575703,0.20230415,0.005021196,"TWOGAUSSIANS_WITH_ELLIPSOIDAL_ON_ECLIPSE1",9,4.9602313,0.20230415,0.005021196,0.22380702,0.05588995,0.5638256,0.044930346,0.70050323,0.0030351523,0.19270726,0.049841512,0.4632698,0.023167374
375316653866487564,5348555763367280640,0.49149868,2215.6761803980476,0.32093173900122,1.0921826E-6,17.616669,0.005125321,0.3697533,9.1111616E-7,0.005162174,3.9526087E-5,3.1012506,0.049369957,null,null,null,null,null,null,null,null,null,null,"ONEGAUSSIAN",5,36.521942,0.3697533,9.1111616E-7,0.028908174,2.2134608E-4,3.1012506,0.0,null,null,null,null,null,null
375316653866487564,5348556033938903168,0.4796996,2205.5612018198935,3.7062940187486206,1.3979434E-5,18.21756,0.004308067,0.20686886,0.004447538,0.030498464,0.005406224,0.020395935,0.021189975,null,null,null,null,null,null,0.086846724,0.008297931,0.20686886,0.004447538,"ONEGAUSSIAN_WITH_ELLIPSOIDAL",6,10.035922,0.20686886,0.004447538,0.17079139,0.030274855,0.19408934,0.01960778,null,null,null,null,null,null
375316653866487564,5348556411898258560,0.62474334,2207.487528579312,2.8081501088458247,5.9397794E-6,16.577084,0.004808849,0.23864973,0.0012947659,0.047478795,0.004999633,0.1118718,0.011772901,0.74014705,0.0041097915,0.042578664,0.008586381,0.08002623,0.012064691,0.10641707,0.0076661427,0.23864973,0.0012947659,"TWOGAUSSIANS_WITH_ELLIPSOIDAL_ON_ECLIPSE1",9,7.846474,0.23864973,0.0012947659,0.26588127,0.027997943,0.3247056,0.0076575936,0.74014705,0.0035778692,0.23844051,0.04808373,0.2928412,0.012875198
375316653866487564,5348559985306602240,0.5612595,2242.893844648883,3.3277905237420145,6.897507E-6,18.65941,0.010595636,0.26448587,0.00790418,0.03243569,0.0060818265,0.33617538,0.037384965,0.76633143,0.0027567688,0.04425489,0.0033476036,0.45472187,0.023931997,0.05253148,0.012729921,0.26448587,0.00790418,"TWOGAUSSIANS_WITH_ELLIPSOIDAL_ON_ECLIPSE1",9,6.143395,0.76633143,0.002753471,0.2478274,0.01874658,0.55977064,0.016735166,0.26448587,0.00790418,0.18163987,0.034058228,0.44123828,0.025861662
375316653866487564,5348563906625324032,0.41648394,2214.5893219090835,0.12186459860538286,5.0583265E-5,18.098103,0.0042167385,0.49296397,0.015182646,0.028614983,0.0121140415,0.09087829,0.13974157,0.75363004,0.011261816,0.05344636,0.017166803,0.098974876,0.012489887,null,null,null,null,"TWOGAUSSIANS",8,7.9964643,0.75363004,0.011261816,0.29929963,0.0961341,0.098974876,0.012489887,0.49296397,0.015182275,0.1602439,0.06783863,0.09087896,0.139741
375316653866487564,5348565109215965952,0.45048392,2193.047541282577,0.5216187500292067,4.2651587E-5,16.310102,0.0031299216,0.22399199,0.02273174,0.07118907,0.017224826,0.05872399,0.020653486,0.695617,0.008205363,0.016545407,0.005619254,0.1664237,0.03281892,null,null,null,null,"TWOGAUSSIANS",8,41.94072,0.695617,0.008205363,0.09265428,0.03146782,0.16642368,0.032818932,0.22399199,0.02273174,0.3986588,0.085155055,0.05872399,0.02065349
375316653866487564,5348566101344182528,0.43021825,2189.514506796351,0.09300521834789205,1.91374E-5,19.323338,0.29165226,0.20811276,0.013829805,0.032882586,0.006989906,0.43353552,0.08792048,0.5798876,0.026480561,0.25539118,0.15292563,0.28162447,0.27490604,null,null,null,null,"TWOGAUSSIANS",8,10.839255,0.20918277,0.013647106,0.18414249,0.039143473,0.46201414,0.08204342,0.5798876,0.026480561,0.4,0.0,0.19885613,0.021679277
375316653866487564,5348569919579199104,0.6479576,2209.1781735134687,0.03752039907199243,2.1475678E-5,13.546208,4.042051E-4,0.8796755,0.017674843,0.0052125067,0.007837416,0.0023104195,9733.914,0.73842674,3.3909986E-5,0.0015117439,1.6539983E-5,0.27689475,0.0033351558,0.0013085298,5.1585387E-4,0.73842674,3.3909986E-5,"TWOGAUSSIANS_WITH_ELLIPSOIDAL_ON_ECLIPSE2",9,8.394452,0.73842674,3.3909986E-5,0.008465766,9.262391E-5,0.2795118,0.0035163283,0.8794855,0.017694872,0.029190037,0.04388953,0.0033551417,9733.915
375316653866487564,5348573870944476416,0.48646444,2229.2215209601895,1.9008199488031636,7.3516135E-6,19.708675,0.0056071132,0.3835293,0.0059788846,0.0307765,0.0028738792,0.3267682,0.041744046,0.8827432,0.005286959,0.028452955,0.002789896,0.6762301,0.17497051,null,null,null,null,"TWOGAUSSIANS",8,1.8298079,0.8827432,0.005286959,0.15933655,0.015623418,0.6762301,0.17497051,0.3835293,0.0059788846,0.17234841,0.016093723,0.3267682,0.041744046
375316653866487564,5348578578233122304,0.5121963,2217.6878627371434,0.10729933626692845,1.2967535E-5,16.854939,0.0023832484,0.29001927,0.035747785,0.030717695,0.048037466,0.5023833,1.6252242,0.9803245,1.6037507E-4,0.004184771,1.2358863E-4,0.23129039,0.0041621537,null,null,null,null,"TWOGAUSSIANS",8,9.406545,0.29001927,0.035747785,0.1720191,0.2370691,0.5023833,1.6252242,0.9803245,1.6037507E-4,0.023434715,6.920963E-4,0.23129039,0.0041624466
375316653866487564,5348579639077212032,0.5098863,2225.6057708201256,0.08861278800120173,4.2593376E-5,18.789043,0.002333078,0.16550085,9.823567E-4,0.0048147254,4.8641593E-4,0.41911715,0.066702664,0.50291,0.05391348,0.028870543,0.018727405,0.13578145,10.760333,6.8946613E-4,0.0025031776,0.16550085,9.823567E-4,"TWOGAUSSIANS_WITH_ELLIPSOIDAL_ON_ECLIPSE1",9,2.017454,0.16550085,9.823567E-4,0.026962461,0.0027239292,0.42049608,0.066729784,0.50296,0.05388569,0.16167504,0.10487347,0.13615738,10.76057
375316653866487564,5348580223192753280,0.552213,2217.9697335212277,3.7421139750326544,8.407502E-6,18.139317,0.007826567,0.2570805,0.0031132854,0.086118594,0.0045894305,0.30196682,0.01052979,0.7686732,0.0024002043,0.08203946,0.0039846366,0.2687691,0.009118262,null,null,null,null,"TWOGAUSSIANS",8,4.0316586,0.2570805,0.0031132854,0.4,0.0,0.2963908,0.010332696,0.7686732,0.0024002043,0.4,0.0,0.2631931,0.008349692
375316653866487564,5348583732193919360,0.5060126,2203.6305746849166,2.5468184682658586,2.6277656E-5,17.276253,0.0069592935,0.25379854,0.007721076,0.082246386,0.008094021,0.13579482,0.009932078,0.75833416,0.009001147,0.08564541,0.0096436255,0.16660337,0.00972659,null,null,null,null,"TWOGAUSSIANS",8,11.24061,0.75833416,0.009001147,0.4,0.0,0.16330774,0.008315382,0.25379854,0.007721076,0.4,0.0,0.1324992,0.008985642
375316653866487564,5348583800913415936,0.58682793,2182.324059309621,3.2119759911493047,7.1786126E-6,16.53536,0.014071407,0.27347857,0.0013868936,0.047702357,0.0046629487,0.25027713,0.031157577,0.7673874,0.004993543,0.05072212,0.004893998,0.3657281,0.05526205,0.10785849,0.018535277,0.27347857,0.0013868936,"TWOGAUSSIANS_WITH_ELLIPSOIDAL_ON_ECLIPSE1",9,31.927067,0.7680374,0.004381582,0.28404388,0.02740639,0.5811599,0.044418808,0.27347857,0.0013868936,0.26713318,0.026112514,0.46599096,0.012786724
375316653866487564,5348583972712094080,0.49530062,2205.7140124012594,0.7904564196995733,3.4246033E-5,16.630362,0.0018381958,0.2541501,0.001269315,0.0045820414,5.3094386E-4,0.09239474,0.016916092,0.8182374,0.016227305,0.010958819,0.0088882735,1.4094629,105.19168,null,null,null,null,"TWOGAUSSIANS",8,27.55545,0.8182374,0.016227305,0.06136938,0.04977433,1.4094629,105.19168,0.2541501,0.001269315,0.025659433,0.0029732855,0.09239474,0.016916092
375316653866487564,5348585377153183104,0.4720725,2205.520986943896,2.3246668082221715,3.1346066E-5,17.78232,0.021091692,0.23933305,0.007992419,0.032903593,0.014839421,0.14361373,0.05432646,0.71941984,0.0042779394,0.051734485,0.00898262,0.35407618,0.06600272,0.041182898,0.023805311,0.23933305,0.007992419,"TWOGAUSSIANS_WITH_ELLIPSOIDAL_ON_ECLIPSE1",9,20.388039,0.72033983,0.003776075,0.2897131,0.050302673,0.4352177,0.07398844,0.23933305,0.007992419,0.18426012,0.08310076,0.22597869,0.05825965
375316653866487564,5348585583312106112,0.47761178,2204.0327581819993,2.8734584881722305,1.6457278E-5,18.020414,0.010597787,0.26179716,0.005996215,0.07862285,0.012761589,0.2042863,0.031197367,0.76308495,0.0029222646,0.06622627,0.005699708,0.16922605,0.011997154,null,null,null,null,"TWOGAUSSIANS",8,10.910155,0.26179716,0.005996215,0.4,0.0,0.20334952,0.032180827,0.76308495,0.0029222646,0.37086707,0.031918366,0.16828926,0.011474171
375316653866487564,5348587541815969024,0.47695374,2216.2319128542417,0.05239228465681251,1.2018791E-5,19.274525,0.014935268,0.2256229,0.001127578,0.006370378,9.806282E-4,0.60435635,0.12770686,0.08578154,3.8949246E-4,0.007689708,0.0010386553,0.13302867,0.014210275,null,null,null,null,"TWOGAUSSIANS",8,9.047397,0.2256229,0.001127578,0.035674118,0.0054915175,0.60435635,0.12770686,0.08578154,3.8949246E-4,0.043062363,0.0058164694,0.13302867,0.014210275
375316653866487564,5348587610543816192,0.5397505,2199.3148703510697,3.1580083602018396,5.0516987E-6,19.772636,0.01003243,0.23705846,0.0070434078,0.08268574,0.007111106,0.32797116,0.01623955,0.73381674,0.0025647487,0.07549349,0.0031026052,0.39816916,0.01909919,null,null,null,null,"TWOGAUSSIANS",8,0.81250083,0.73381674,0.0025647487,0.4,0.0,0.39361686,0.018623209,0.23705846,0.0070434078,0.4,0.0,0.32341883,0.016085478
375316653866487564,5348588164597671552,0.45811465,2197.898030805658,0.15522934978540695,1.0013199E-5,17.619274,0.0023215995,0.3505392,0.013085926,0.07274276,0.011102152,0.064751774,0.014200881,0.79398847,8.8977214E-4,0.0036475428,0.0010321668,0.2506542,0.17707254,null,null,null,null,"TWOGAUSSIANS",8,8.264185,0.79398847,8.8977214E-4,0.02042624,0.005780134,0.2506542,0.17707254,0.3505392,0.013085926,0.4,0.029472576,0.064751774,0.014200881
375316653866487564,5348590943433699456,0.4191238,2196.689774003758,0.7197154923602198,4.0374645E-5,18.316513,0.009174934,0.25292727,0.07863149,0.01743121,0.01339453,0.28241405,1.0769951,0.7570213,0.009520483,0.065043926,0.00696604,0.13161837,0.015784534,null,null,null,null,"TWOGAUSSIANS",8,26.153814,0.25292727,0.07863149,0.09761478,0.07500937,0.28241405,1.0769951,0.7570213,0.009520483,0.36424598,0.039009824,0.13161835,0.015784532
375316653866487564,5348591325693269888,0.49845684,2161.9601479945536,1.1601372371275216,4.4069613E-5,17.6898,0.0050661615,0.36611572,0.034028023,0.06945822,0.029383762,0.03225137,0.021262826,0.8507679,0.021630554,0.014282816,0.011984284,0.40590093,0.13596353,null,null,null,null,"TWOGAUSSIANS",8,15.8845825,0.8507679,0.021630554,0.07998377,0.06711199,0.40590093,0.13596348,0.36611572,0.034028023,0.38896602,0.14121684,0.03225137,0.021262823
375316653866487564,5348591909809139328,0.56965077,2180.109778267129,1.9056991267036083,4.722689E-6,14.412321,0.34832034,0.2972396,0.0055882204,0.16217911,0.063327625,0.25923356,0.33856094,0.7750199,0.008515288,0.144796,0.026680065,0.2684256,0.2644884,null,null,null,null,"TWOGAUSSIANS",8,15.689573,0.7750199,0.008515288,0.4,0.0,0.14962228,0.00396731,0.2990496,0.002907268,0.4,0.0,0.13717334,0.003803872
375316653866487564,5348592287765845376,0.5923093,2176.3691541479557,2.9186628006638733,6.0216826E-6,16.76573,0.007218656,0.23416476,0.0021813794,0.048092216,0.00757207,0.12981755,0.016827341,0.7362884,0.0039665247,0.052054744,0.008128262,0.09936985,0.015496627,0.089672245,0.010208663,0.23416476,0.0021813794,"TWOGAUSSIANS_WITH_ELLIPSOIDAL_ON_ECLIPSE1",9,7.877982,0.23416476,0.0021813794,0.2693164,0.042403594,0.30916044,0.0083346935,0.7362884,0.0039516287,0.2915066,0.045518268,0.2786808,0.01297461
375316653866487564,5348594899095042304,0.5942762,2210.1277138304754,3.6836312657413304,7.3433116E-6,18.768585,0.010242642,0.28883782,0.0029459253,0.048333123,0.004339033,0.41504267,0.038572658,0.7865812,0.0013355992,0.044875357,0.0028916365,0.4280372,0.021221478,0.11698362,0.013844607,0.28883782,0.0029459253,"TWOGAUSSIANS_WITH_ELLIPSOIDAL_ON_ECLIPSE1",9,4.0323377,0.78676116,0.0011295617,0.251302,0.016193165,0.66196007,0.018457165,0.28883782,0.0029459253,0.2706655,0.024298582,0.6490088,0.036718257
375316653866487564,5348595277063165184,0.563907,2195.376082389436,0.3515402433633675,7.5743706E-6,15.293675,7.257368E-4,0.18558744,3.793774E-4,0.0150774205,7.0186873E-4,0.13488925,0.0036716177,0.687886,0.00806676,0.017129507,0.008283551,0.105084956,0.05874152,null,null,null,null,"TWOGAUSSIANS",8,5.604633,0.18558744,3.793774E-4,0.084433556,0.003930465,0.13488925,0.0036716177,0.687886,0.00806676,0.095925234,0.046387885,0.105084956,0.05874152
375316653866487564,5348596514014161024,0.7135368,2221.7396353849417,0.15414577793010004,2.1440906E-6,13.733321,0.001290291,0.25045484,4.8876257E-4,0.02162095,5.5372395E-4,1.3002868,0.03053344,0.7532058,0.02605431,0.021365784,0.011107475,0.08133348,0.04670073,0.019481556,0.0027126975,0.25045484,4.8876257E-4,"TWOGAUSSIANS_WITH_ELLIPSOIDAL_ON_ECLIPSE1",9,99.17342,0.25045484,4.8876257E-4,0.121077314,0.0031008539,1.3392498,0.03163811,0.7532058,0.02605431,0.11964839,0.062201858,0.120284945,0.047793288
375316653866487564,5348597854043664000,0.59974045,2202.227533093668,2.0393219466370467,4.0696755E-6,15.339513,0.0060509075,0.29139185,0.001837728,0.08132558,0.0023592706,0.4254924,0.008045392,0.8003635,0.0028281785,0.08216625,0.0038969405,0.23327711,0.00880216,null,null,null,null,"TWOGAUSSIANS",8,55.67827,0.29139185,0.001837728,0.4,0.0,0.42057315,0.007546455,0.8003635,0.0028281785,0.4,0.0,0.22835785,0.008599782
375316653866487564,5348599709458742528,0.5577299,2168.310126496158,3.39217598829536,7.0940064E-6,19.469515,0.012785749,0.26850948,0.0035790452,0.07096623,0.0043369997,0.67813087,0.030689312,0.7594934,0.0022672382,0.06597987,0.0033656708,0.5272297,0.025106812,null,null,null,null,"TWOGAUSSIANS",8,2.6187422,0.26850948,0.0035790452,0.39741087,0.015277523,0.6769306,0.030824538,0.7594934,0.0022672382,0.36948726,0.018847756,0.52602947,0.025187384
375316653866487564,5348601388790374784,0.6877439,2181.6503347415673,2.006601325185686,2.7607282E-6,17.304941,0.0033718997,0.22444241,0.0013893471,0.049754184,0.004686594,0.085414365,0.011049984,0.7235035,3.3837248E-4,0.050211996,8.8031316E-4,0.56528074,0.0077920263,0.060930703,0.004732944,0.22444241,0.0013893471,"TWOGAUSSIANS_WITH_ELLIPSOIDAL_ON_ECLIPSE1",9,2.2050898,0.72354347,3.0468925E-4,0.28118718,0.0049297535,0.68713516,0.005737677,0.22444241,0.0013893471,0.27862343,0.026244927,0.20727292,0.009737928
375316653866487564,5348603450374969472,0.5165961,2199.4450132818506,2.839457015300637,9.433211E-6,18.908218,0.02211361,0.22126572,0.003046822,0.09499172,0.00892194,0.2648073,0.022646612,0.7210556,0.0037599287,0.08595283,0.0106257675,0.2480526,0.018911336,null,null,null,null,"TWOGAUSSIANS",8,3.1705592,0.22126572,0.003046822,0.4,0.0,0.2535747,0.017053895,0.7210556,0.0037599287,0.4,0.0,0.23682047,0.012353559
375316653866487564,5348605241387222400,0.6341638,2216.3564213418636,0.33968018288639223,2.5922602E-5,15.848741,4.8337082E-4,0.3832678,0.009408918,0.022221122,0.009664784,0.0050546555,9.585592E-4,0.5675009,0.002272921,0.013790044,9.712258E-4,0.36599356,0.049327567,null,null,null,null,"TWOGAUSSIANS",8,2.3673878,0.5675009,0.002272921,0.07722425,0.005438864,0.36599356,0.049327567,0.3832678,0.009408918,0.124438286,0.05412279,0.0050546555,9.585592E-4
375316653866487564,5348605958636810624,0.516721,2188.1550050479127,3.066102487931205,2.0669122E-5,19.190723,0.028179158,0.24171658,0.0044600004,0.0895771,0.0077503067,0.37978315,0.031941857,0.73607934,0.0045586945,0.09090673,0.007937973,0.38179353,0.030372009,null,null,null,null,"TWOGAUSSIANS",8,5.5471134,0.73607934,0.0045586945,0.4,0.0,0.3667484,0.022300392,0.24171658,0.0044600004,0.4,0.0,0.3647381,0.02539852
