Gaia/vari_eclipsing_binary/VariEclipsingBinary_665911-665936.csv
# %ECSV 1.0
# ---
# delimiter: ','
# meta: !!omap
# - RELEASE: Gaia DR3
# - TABLE: vari_eclipsing_binary
# - DESCRIPTION: >
#     This table describes the properties of the eclipsing binaries resulting from the variability analysis. 
# - CITATION: >
#     How to cite and acknowledge Gaia: 
#     https://gea.esac.esa.int/archive/documentation/credits.html 
# - KNOWN_ISSUES: >
#     Known issues: 
#     https://www.cosmos.esa.int/web/gaia-users/known-issues 
# - DOCUMENTATION: >
#     Tutorials and documentation: 
#     https://www.cosmos.esa.int/web/gaia-users/archive 
# datatype:
# - 
#   name: solution_id
#   datatype: int64
#   description: Solution Identifier
#   meta:
#     ucd: meta.version
# - 
#   name: source_id
#   datatype: int64
#   description: Unique source identifier
#   meta:
#     ucd: meta.id;meta.main
# - 
#   name: global_ranking
#   datatype: float32
#   description: Number between 0 (worst) and 1 (best)
#   meta:
#     ucd: stat.param
# - 
#   name: reference_time
#   datatype: float64
#   unit: d
#   description: Reference time used for the geometric model fit
#   meta:
#     ucd: time.epoch
# - 
#   name: frequency
#   datatype: float64
#   unit: d**-1
#   description: Frequency of geometric model of the eclipsing binary light curve
#   meta:
#     ucd: src.orbital
# - 
#   name: frequency_error
#   datatype: float32
#   unit: d**-1
#   description: "Uncertainty of \\texttt{frequency}"
#   meta:
#     ucd: stat.error
# - 
#   name: geom_model_reference_level
#   datatype: float32
#   unit: mag
#   description: Magnitude reference level of geometric model
#   meta:
#     ucd: phot.mag;em.opt
# - 
#   name: geom_model_reference_level_error
#   datatype: float32
#   unit: mag
#   description: "Uncertainty of \\texttt{geomModelReferenceLevel}"
#   meta:
#     ucd: stat.error;phot.mag;em.opt
# - 
#   name: geom_model_gaussian1_phase
#   datatype: float32
#   description: Phase of the Gaussian 1 component
#   meta:
#     ucd: time.phase
# - 
#   name: geom_model_gaussian1_phase_error
#   datatype: float32
#   description: "Uncertainty of \\texttt{geomModelGaussian1Phase}"
#   meta:
#     ucd: stat.error;time.phase
# - 
#   name: geom_model_gaussian1_sigma
#   datatype: float32
#   description: "Standard deviation [phase] of Gaussian 1 component"
#   meta:
#     ucd: stat.stdev
# - 
#   name: geom_model_gaussian1_sigma_error
#   datatype: float32
#   description: "Uncertainty of \\texttt{geomModelGaussian1Sigma}"
#   meta:
#     ucd: stat.error
# - 
#   name: geom_model_gaussian1_depth
#   datatype: float32
#   unit: mag
#   description: Magnitude depth of Gaussian 1 component
#   meta:
#     ucd: src.var.amplitude
# - 
#   name: geom_model_gaussian1_depth_error
#   datatype: float32
#   unit: mag
#   description: "Uncertainty of \\texttt{geomModelGaussian1Depth}"
#   meta:
#     ucd: stat.error;src.var.amplitude
# - 
#   name: geom_model_gaussian2_phase
#   datatype: float32
#   description: Phase of Gaussian 2 component
#   meta:
#     ucd: time.phase
# - 
#   name: geom_model_gaussian2_phase_error
#   datatype: float32
#   description: "Uncertainty of \\texttt{geomModelGaussian2Phase}"
#   meta:
#     ucd: stat.error;time.phase
# - 
#   name: geom_model_gaussian2_sigma
#   datatype: float32
[...]
#   datatype: float32
#   description: "Secondary eclipse: uncertainty of \\texttt{derivedSecondaryEclDuration}"
#   meta:
#     ucd: stat.error;time.duration
# - 
#   name: derived_secondary_ecl_depth
#   datatype: float32
#   unit: mag
#   description: "Secondary eclipse: depth"
#   meta:
#     ucd: src.var.amplitude
# - 
#   name: derived_secondary_ecl_depth_error
#   datatype: float32
#   unit: mag
#   description: "Secondary eclipse: uncertainty of \\texttt{derivedSecondaryEclDepth}"
#   meta:
#     ucd: stat.error;src.var.amplitude
solution_id,source_id,global_ranking,reference_time,frequency,frequency_error,geom_model_reference_level,geom_model_reference_level_error,geom_model_gaussian1_phase,geom_model_gaussian1_phase_error,geom_model_gaussian1_sigma,geom_model_gaussian1_sigma_error,geom_model_gaussian1_depth,geom_model_gaussian1_depth_error,geom_model_gaussian2_phase,geom_model_gaussian2_phase_error,geom_model_gaussian2_sigma,geom_model_gaussian2_sigma_error,geom_model_gaussian2_depth,geom_model_gaussian2_depth_error,geom_model_cosine_half_period_amplitude,geom_model_cosine_half_period_amplitude_error,geom_model_cosine_half_period_phase,geom_model_cosine_half_period_phase_error,model_type,num_model_parameters,reduced_chi2,derived_primary_ecl_phase,derived_primary_ecl_phase_error,derived_primary_ecl_duration,derived_primary_ecl_duration_error,derived_primary_ecl_depth,derived_primary_ecl_depth_error,derived_secondary_ecl_phase,derived_secondary_ecl_phase_error,derived_secondary_ecl_duration,derived_secondary_ecl_duration_error,derived_secondary_ecl_depth,derived_secondary_ecl_depth_error
[from data line 108]
375316653866487564,5857448979240582016,0.4999973,2201.747861114093,2.870913796554061,1.9590565E-5,18.454618,0.06636809,0.2449669,0.0047074594,0.06675874,0.023699831,0.20634931,0.15417223,0.7376786,0.024128977,0.0363049,0.046765808,0.26922873,18294.63,0.08552351,0.0943262,0.2449669,0.0047074594,"TWOGAUSSIANS_WITH_ELLIPSOIDAL_ON_ECLIPSE1",9,12.796126,0.7381286,0.023590285,0.20330742,0.26188853,0.4397571,18294.686,0.2449669,0.0047074594,0.37384892,0.116100445,0.37721393,0.042233612
375316653866487564,5857449120979567616,0.45344663,2180.929885407519,2.6331168545432933,4.4206336E-5,19.939032,0.013800905,0.2920978,0.01709222,0.06765135,0.014223225,0.20260154,0.035531387,0.75649107,0.0020559772,0.035765238,0.0054081953,0.22399604,0.011650175,null,null,null,null,"TWOGAUSSIANS",8,2.9887316,0.75649107,0.0020559772,0.20028533,0.030285893,0.22399545,0.011648212,0.2920978,0.01709222,0.37884757,0.054332405,0.20260094,0.03553163
375316653866487564,5857449705119738624,0.5158654,2207.925791532254,0.1008221431693482,5.5202785E-5,13.450798,0.0017149429,0.5903922,0.012083587,0.020751247,0.004928534,0.45330822,0.2398356,0.89654595,0.0048578377,0.014544376,0.0032376999,0.12005072,0.025842603,null,null,null,null,"TWOGAUSSIANS",8,247.14268,0.5903922,0.012083587,0.11620698,0.027599791,0.45330822,0.2398356,0.89654595,0.0048578377,0.08144851,0.01813112,0.12005072,0.025842603
375316653866487564,5857449735128237440,0.5664383,2208.5444300979025,2.0191285384515996,8.738259E-6,17.62841,0.0057246876,0.30022717,0.002055751,0.101235785,0.003974502,0.21891542,0.0061520305,0.8077958,0.0035404926,0.085132085,0.006968657,0.12085232,0.0077209068,null,null,null,null,"TWOGAUSSIANS",8,2.754594,0.30022717,0.002055751,0.4,0.0,0.21079291,0.0051487484,0.8077958,0.0035404926,0.4,0.0,0.11273216,0.008222203
375316653866487564,5857449872593518336,0.66246843,2224.0672251366523,0.2742503675313304,4.546593E-6,13.045009,7.574017E-4,0.18236937,0.0053141746,0.013067745,0.0026546202,0.2797574,0.050966274,0.69080466,0.0062820013,0.010842006,0.0038423503,0.19221261,0.04276663,0.0016498135,0.00135032,0.18236937,0.0053141746,"TWOGAUSSIANS_WITH_ELLIPSOIDAL_ON_ECLIPSE1",9,17.285667,0.18236937,0.0053141746,0.07317937,0.014865873,0.28305703,0.050176684,0.69080466,0.0062820013,0.060715232,0.021517161,0.19550297,0.042363804
375316653866487564,5857450048691276416,0.46359327,2203.732898167171,0.753571844670411,1.0283524E-5,19.371069,0.00727719,0.15098807,0.0015158588,0.022870617,0.0032970726,0.3104326,0.054561332,0.7818332,0.037048772,0.015116075,0.027943404,0.115269914,11.613133,null,null,null,null,"TWOGAUSSIANS",8,4.341396,0.15098807,0.0015158588,0.12807545,0.018463608,0.3104326,0.054561332,0.7818332,0.037048772,0.08465002,0.15648305,0.115269914,11.613133
375316653866487564,5857450151796573440,0.52139384,2189.022728543627,2.545206672569888,1.7328155E-5,17.414518,0.01594409,0.14330928,0.005070888,0.097423166,0.010478709,0.15745394,0.015683888,0.6381821,0.006383628,0.10674394,0.013281091,0.15190269,0.015890418,null,null,null,null,"TWOGAUSSIANS",8,5.078083,0.14330928,0.0050701355,0.4,0.0,0.14299707,0.0066480036,0.6381821,0.006383628,0.4,0.0,0.13744108,0.01017854
375316653866487564,5857450357955444352,0.43894902,2222.687495320156,0.25281083400779736,3.2654698E-5,18.276342,0.0055872933,0.2465826,0.02469739,0.047042347,0.03295812,0.090928786,0.030826306,0.6802749,0.009665956,0.04934965,0.0069327275,0.14593795,0.039326288,null,null,null,null,"TWOGAUSSIANS",8,4.4100184,0.6802749,0.009665956,0.27635804,0.038823277,0.14593793,0.039326254,0.2465826,0.02469739,0.26343715,0.18456547,0.09092878,0.030826617
375316653866487564,5857450942071128320,0.54042196,2169.0497764787146,1.9421013018685445,1.0924634E-5,17.898378,0.012460598,0.24585468,0.0051431954,0.093226105,0.0067818514,0.27096593,0.014271272,0.7591549,0.0048182146,0.08264343,0.0050619286,0.3597682,0.018231008,null,null,null,null,"TWOGAUSSIANS",8,8.649376,0.7591549,0.0048182146,0.4,0.0,0.3510567,0.0153014455,0.24585468,0.0051431954,0.4,0.0,0.26225403,0.011594833
375316653866487564,5857451148229555328,0.6030629,2198.3869527362644,3.12176726407924,8.8802135E-6,16.62698,0.013769565,0.2067732,0.0037744131,0.051491823,0.00478536,0.57328355,0.034516033,0.69873786,0.0030901986,0.043196566,0.005034294,0.47412312,0.05403817,0.11189377,0.01938835,0.69873786,0.0030901986,"TWOGAUSSIANS_WITH_ELLIPSOIDAL_ON_ECLIPSE2",9,51.354874,0.2061632,0.003401628,0.2883542,0.026798015,0.79654163,0.02204329,0.69873786,0.0030901986,0.24190077,0.028192047,0.69790816,0.055851273
375316653866487564,5857451560546355584,0.53181654,2206.965202925661,3.046804994428036,1.5718573E-5,18.377777,0.018956106,0.17387179,0.004314074,0.08658798,0.0074388348,0.3269297,0.01908928,0.67766094,0.0076782973,0.08609292,0.019519484,0.34829545,0.075624734,null,null,null,null,"TWOGAUSSIANS",8,6.3125877,0.67766094,0.0076782973,0.4,0.0,0.33872584,0.08663672,0.17387179,0.004314074,0.4,0.0,0.31736007,0.012988839
375316653866487564,5857451560546362368,0.6212668,2223.2160067061036,3.3731731692045637,7.585671E-6,18.056505,0.011840895,0.23316479,0.0019414552,0.048135694,0.0038761797,0.3459912,0.025749585,0.73102754,0.0037202516,0.04820719,0.0045862263,0.44642076,0.033084087,0.113758765,0.015624251,0.23316479,0.0019414552,"TWOGAUSSIANS_WITH_ELLIPSOIDAL_ON_ECLIPSE1",9,5.3738747,0.73120755,0.0033914954,0.26996025,0.025682867,0.6738995,0.027636213,0.23316479,0.0019414552,0.2695599,0.021706607,0.5735074,0.015257801
375316653866487564,5857451796712217472,0.621714,2236.05240846118,2.082009986575743,5.7398706E-6,16.555809,0.015993042,0.24019115,0.0012518192,0.105368376,0.0047907513,0.31081674,0.014691405,0.738181,0.0020582255,0.11491648,0.00992447,0.24982491,0.012533222,null,null,null,null,"TWOGAUSSIANS",8,5.0290527,0.24019115,0.0012515882,0.4,0.0,0.2696748,0.0036973022,0.738181,0.0020582255,0.4,0.0,0.20865223,0.014865606
375316653866487564,5857452144662025344,0.41659594,2242.7168049901234,1.2975035491482507,4.9201517E-5,17.284801,0.0044335187,0.13517214,0.006653349,0.03674086,0.0140164485,0.037492175,0.0065823616,0.78428316,0.010767312,0.061367396,0.016514348,0.065640956,0.02795926,null,null,null,null,"TWOGAUSSIANS",8,8.224908,0.78428316,0.010767312,0.34365743,0.09248035,0.065640956,0.02795926,0.13517214,0.006653349,0.20574881,0.07849211,0.037492182,0.006582362
375316653866487564,5857452522618760064,0.6540433,2193.7839143397423,2.3726281233551396,3.208544E-6,17.34392,0.0052589974,0.2739295,0.0010312242,0.05385624,0.0034094714,0.16916679,0.012250168,0.7781084,0.0022548316,0.05118786,0.0027093901,0.19379929,0.012991018,0.109046765,0.006851435,0.2739295,0.0010312242,"TWOGAUSSIANS_WITH_ELLIPSOIDAL_ON_ECLIPSE1",9,2.5239472,0.7781084,0.0022548316,0.28665203,0.015172585,0.41173697,0.007465608,0.2739295,0.0010312242,0.30159494,0.01909304,0.3872548,0.007455269
375316653866487564,5857452690068738432,0.470662,2186.5437904131586,0.548268732981516,1.916497E-5,18.496586,0.0046169492,0.13880734,0.003318469,0.023788255,0.0056778197,0.1751504,0.031138284,0.63443583,0.0499629,0.026795512,0.019421432,0.06439763,0.07027064,null,null,null,null,"TWOGAUSSIANS",8,3.7809796,0.13880734,0.003318469,0.13321424,0.031795792,0.1751504,0.031138284,0.63443583,0.0499629,0.15005486,0.10876002,0.06439763,0.07027064
375316653866487564,5857452797496677376,0.591418,2222.9309891721514,1.4338354219330376,6.080179E-6,15.565369,0.0061583905,0.22530137,0.0027410188,0.09168813,0.00562492,0.12898989,0.0057744696,0.70942086,0.0023932315,0.09496338,0.004525626,0.18276536,0.006165707,null,null,null,null,"TWOGAUSSIANS",8,12.409717,0.70942086,0.0023932315,0.4,0.0,0.17602132,0.004635714,0.22530137,0.0027410188,0.4,0.0,0.1222462,0.0040540174
375316653866487564,5857453587770672512,0.58608556,2224.1462223552226,1.550065901109725,5.7215375E-6,17.351044,0.005768319,0.23354447,0.0019295083,0.053395327,0.007405102,0.14992008,0.018861366,0.7783824,0.013587684,0.027715107,0.008887186,0.04008498,0.012254522,0.09966813,0.0070927064,0.23354447,0.0019295083,"TWOGAUSSIANS_WITH_ELLIPSOIDAL_ON_ECLIPSE1",9,5.075169,0.23354447,0.0019295083,0.29901382,0.041468572,0.34925368,0.020902809,0.7783824,0.013587684,0.1552046,0.04976824,0.22401163,0.008309158
375316653866487564,5857453622130420224,0.58572894,2221.435309568441,0.9782040109532592,8.34862E-6,17.36441,0.0018047654,0.21274619,0.0040577464,0.053339113,0.003153175,0.092200816,0.005271289,0.7135809,0.001779676,0.04890172,0.0016265305,0.2873687,0.0082027465,null,null,null,null,"TWOGAUSSIANS",8,2.675271,0.7135809,0.001779676,0.27384964,0.00910857,0.28736678,0.008202974,0.21274619,0.0040577464,0.29869902,0.017657781,0.09219887,0.0052714446
375316653866487564,5857453725185335936,0.46195087,2177.794346760578,2.9737128172568044,1.9226338E-5,18.492985,0.003680751,0.43295515,3.1510982E-4,0.0089895865,5.8050005E-4,0.6061342,0.12795472,0.6467591,0.012476002,0.02273165,0.0064922166,0.04620416,0.0586486,null,null,null,null,"TWOGAUSSIANS",8,4.113192,0.43295515,3.1510982E-4,0.050341684,0.0032508,0.6061342,0.12795472,0.6467591,0.012476002,0.12729724,0.036356412,0.04620416,0.0586486
375316653866487564,5857454034423088128,0.5680344,2174.8182509128987,2.6338926094785555,6.3456873E-6,18.87254,0.0055880593,0.20899676,0.0034543723,0.072597206,0.0036163162,0.49581668,0.043684606,0.71264803,0.0015104538,0.065508544,0.0027796961,0.5699435,0.03044282,null,null,null,null,"TWOGAUSSIANS",8,3.6186454,0.71264803,0.0015104538,0.36684787,0.015566299,0.5685749,0.030795783,0.20899676,0.0034543723,0.4,0.010793799,0.49444804,0.043967783
375316653866487564,5857454412404455040,0.46450162,2306.5415730845702,0.01027291,8.051163E-6,17.790487,0.004533108,0.30241185,4.703937E-6,5.78145E-4,2.081191E-5,0.52083707,0.023103224,0.76474077,0.009000238,0.046492685,0.009434691,0.04310486,0.009439308,null,null,null,null,"TWOGAUSSIANS",8,11.284451,0.30241185,4.703937E-6,0.0032376118,1.165467E-4,0.52083707,0.023103224,0.76474077,0.009000238,0.26035905,0.05283427,0.04310486,0.009439308
375316653866487564,5857454446740042880,0.49071833,2191.7728935101636,2.781644538521673,2.9086135E-5,18.659575,0.012795925,0.24367721,0.0058793565,0.08254043,0.010245066,0.1936675,0.015548677,0.7220536,0.009211684,0.09335518,0.011165212,0.21311404,0.014242622,null,null,null,null,"TWOGAUSSIANS",8,4.386047,0.7220536,0.009211684,0.4,0.0,0.2081058,0.011330307,0.24367721,0.0058793565,0.4,0.0,0.18865971,0.014450085
375316653866487564,5857454687282506112,0.4995626,2204.15573255445,2.9961678069401163,1.1045373E-5,17.889185,0.003701572,null,null,null,null,null,null,null,null,null,null,null,null,0.08608969,0.0069588237,0.17420879,0.0032983527,"ELLIPSOIDAL",4,7.5442576,null,null,null,null,null,null,null,null,null,null,null,null
375316653866487564,5857454824697920640,0.5049616,2174.6681696978044,2.609872001328662,1.0306048E-5,19.01122,0.016362093,0.21717986,0.004628657,0.098842196,0.008351386,0.23251627,0.016807416,0.71734065,0.008300111,0.097782604,0.0128490925,0.25862747,0.016403966,null,null,null,null,"TWOGAUSSIANS",8,1.5256472,0.71734065,0.008300111,0.4,0.0,0.23934078,0.013938512,0.21717986,0.004628657,0.4,0.0,0.21322939,0.011346748
375316653866487564,5857454889108839168,0.53113675,2192.944148257067,3.1601663729860374,1.2170219E-5,18.94061,0.04288977,0.22982423,0.0060582194,0.10413039,0.02013868,0.2941867,0.031971987,0.7394456,0.008244742,0.10199775,0.021082701,0.26939672,0.03493689,null,null,null,null,"TWOGAUSSIANS",8,2.9905093,0.22982423,0.0060624434,0.4,0.0,0.26768288,0.012485396,0.7394456,0.008251223,0.4,0.0,0.24289563,0.017153075
375316653866487564,5857454893441020672,0.67357624,2220.2206209934993,0.429385944560712,6.2577897E-6,15.789129,5.9965224E-4,0.4463964,0.0011651552,0.01902357,0.001109405,0.5541853,0.027115446,0.79764867,0.046231356,0.03746503,0.04119387,0.00426816,0.52976793,null,null,null,null,"TWOGAUSSIANS",8,5.440318,0.4463964,0.0011651552,0.106531985,0.0062126676,0.5541853,0.027115446,0.79764867,0.046231356,0.20980416,0.23068568,0.00426816,0.52976793
375316653866487564,5857455099599458048,0.6102708,2242.0832189223934,1.4859314510170938,4.0699115E-6,16.591665,0.0040719863,0.274376,0.0014373861,0.082727626,0.0023238144,0.3786109,0.0094461,0.7749732,0.001729484,0.08712502,0.0031406083,0.2695024,0.008408624,null,null,null,null,"TWOGAUSSIANS",8,9.556432,0.274376,0.0014373861,0.4,0.0,0.37036812,0.009900979,0.7749732,0.001729484,0.4,0.0,0.2612596,0.009101677
375316653866487564,5857456022959948032,0.65472,2243.4669861078232,0.0924588503247844,1.0679968E-6,12.615239,4.5108615E-4,0.386182,0.021917993,0.043598402,0.02017024,0.031776775,0.021922285,0.8766134,9.185836E-4,0.009899027,6.0975156E-4,0.1719538,0.0047057,0.0016859929,6.529645E-4,0.386182,0.021917993,"TWOGAUSSIANS_WITH_ELLIPSOIDAL_ON_ECLIPSE1",9,21.475431,0.8766134,9.185836E-4,0.05543455,0.0034146088,0.1753136,0.0046084654,0.386182,0.021917993,0.24415106,0.11295334,0.03514876,0.02190656
375316653866487564,5857456164727988736,0.5956033,2244.1954040406144,2.7900574861647205,6.199778E-6,18.384666,0.0137288105,0.20972121,0.0027957882,0.037187718,0.006913142,0.1797012,0.037402645,0.71246594,0.0043296614,0.04523416,0.0073222565,0.28275418,0.029549947,0.12576635,0.016581628,0.20972121,0.0027957882,"TWOGAUSSIANS_WITH_ELLIPSOIDAL_ON_ECLIPSE1",9,4.136474,0.71246594,0.0043296614,0.2533113,0.041004635,0.53421146,0.031030845,0.20972121,0.0027957882,0.20825122,0.038713593,0.43123326,0.028136265
375316653866487564,5857456302190511616,0.65020376,2240.3367975420556,3.213377985495739,3.9938454E-6,17.376778,0.010956547,0.2133915,0.0012828442,0.047660924,0.0034544354,0.44454405,0.027359381,0.7078621,0.0037318734,0.052712176,0.0036611531,0.5296592,0.030265016,0.11986062,0.015910113,0.2133915,0.0012828442,"TWOGAUSSIANS_WITH_ELLIPSOIDAL_ON_ECLIPSE1",9,8.397734,0.7083621,0.00334533,0.2951882,0.020502457,0.7691108,0.01562289,0.2133915,0.0012828442,0.26690117,0.019344838,0.68425876,0.027731305
375316653866487564,5857456336550126464,0.56720895,2264.2362051789414,2.183669353939763,5.1716006E-6,16.917904,0.017585048,0.25698256,0.004049364,0.12072728,0.010517187,0.1636287,0.016429108,0.73147714,0.0024691701,0.11952762,0.007778199,0.23093773,0.015731212,null,null,null,null,"TWOGAUSSIANS",8,3.6981847,0.73147714,0.0024691701,0.4,0.0,0.19565135,0.0042383345,0.25719258,0.003975759,0.4,0.0,0.12835968,0.0040242905
375316653866487564,5857456851946270720,0.6196013,2228.5558607823796,1.811804511947097,4.868065E-6,15.099138,0.004258504,0.25767004,8.134645E-4,0.07353974,0.002448904,0.21385756,0.0037921155,0.7538414,0.0015745438,0.07912311,0.0029547892,0.3646968,0.0063911746,null,null,null,null,"TWOGAUSSIANS",8,37.723774,0.7538414,0.0015745438,0.4,0.0,0.36227167,0.0065305014,0.25767004,8.134645E-4,0.4,0.0,0.21143243,0.0034306513
375316653866487564,5857457023749001344,0.4226203,2201.786993266552,0.8038297463127518,3.055213E-5,19.473198,0.023828562,0.33175755,0.01957965,0.038520556,0.051641196,0.062265985,0.038665134,0.8063163,0.019828217,0.048387848,0.032073986,0.3001397,0.2685423,null,null,null,null,"TWOGAUSSIANS",8,6.799089,0.8063163,0.019828217,0.27097195,0.17961432,0.3001397,0.2686798,0.33175755,0.01957965,0.21571513,0.22121254,0.06226598,0.038572572
375316653866487564,5857457122503267328,0.5778888,2184.9691116718836,3.482174190093285,8.52318E-6,19.173203,0.021648701,0.29542795,0.0019387628,0.053103812,0.004764289,0.4895158,0.048637856,0.7903723,0.0023582529,0.048764028,0.005693739,0.4608258,0.047008425,0.11456987,0.027179379,0.29542795,0.0019387628,"TWOGAUSSIANS_WITH_ELLIPSOIDAL_ON_ECLIPSE1",9,2.8682375,0.29542795,0.0019387628,0.29738134,0.02668002,0.7186464,0.029456727,0.79080236,0.0020722991,0.27307856,0.03188494,0.689745,0.03865101
