Gaia/vari_eclipsing_binary/VariEclipsingBinary_352027-352381.csv
# %ECSV 1.0
# ---
# delimiter: ','
# meta: !!omap
# - RELEASE: Gaia DR3
# - TABLE: vari_eclipsing_binary
# - DESCRIPTION: >
#     This table describes the properties of the eclipsing binaries resulting from the variability analysis. 
# - CITATION: >
#     How to cite and acknowledge Gaia: 
#     https://gea.esac.esa.int/archive/documentation/credits.html 
# - KNOWN_ISSUES: >
#     Known issues: 
#     https://www.cosmos.esa.int/web/gaia-users/known-issues 
# - DOCUMENTATION: >
#     Tutorials and documentation: 
#     https://www.cosmos.esa.int/web/gaia-users/archive 
# datatype:
# - 
#   name: solution_id
#   datatype: int64
#   description: Solution Identifier
#   meta:
#     ucd: meta.version
# - 
#   name: source_id
#   datatype: int64
#   description: Unique source identifier
#   meta:
#     ucd: meta.id;meta.main
# - 
#   name: global_ranking
#   datatype: float32
#   description: Number between 0 (worst) and 1 (best)
#   meta:
#     ucd: stat.param
# - 
#   name: reference_time
#   datatype: float64
#   unit: d
#   description: Reference time used for the geometric model fit
#   meta:
#     ucd: time.epoch
# - 
#   name: frequency
#   datatype: float64
#   unit: d**-1
#   description: Frequency of geometric model of the eclipsing binary light curve
#   meta:
#     ucd: src.orbital
# - 
#   name: frequency_error
#   datatype: float32
#   unit: d**-1
#   description: "Uncertainty of \\texttt{frequency}"
#   meta:
#     ucd: stat.error
# - 
#   name: geom_model_reference_level
#   datatype: float32
#   unit: mag
#   description: Magnitude reference level of geometric model
#   meta:
#     ucd: phot.mag;em.opt
# - 
#   name: geom_model_reference_level_error
#   datatype: float32
#   unit: mag
#   description: "Uncertainty of \\texttt{geomModelReferenceLevel}"
#   meta:
#     ucd: stat.error;phot.mag;em.opt
# - 
#   name: geom_model_gaussian1_phase
#   datatype: float32
#   description: Phase of the Gaussian 1 component
#   meta:
#     ucd: time.phase
# - 
#   name: geom_model_gaussian1_phase_error
#   datatype: float32
#   description: "Uncertainty of \\texttt{geomModelGaussian1Phase}"
#   meta:
#     ucd: stat.error;time.phase
# - 
#   name: geom_model_gaussian1_sigma
#   datatype: float32
#   description: "Standard deviation [phase] of Gaussian 1 component"
#   meta:
#     ucd: stat.stdev
# - 
#   name: geom_model_gaussian1_sigma_error
#   datatype: float32
#   description: "Uncertainty of \\texttt{geomModelGaussian1Sigma}"
#   meta:
#     ucd: stat.error
# - 
#   name: geom_model_gaussian1_depth
#   datatype: float32
#   unit: mag
#   description: Magnitude depth of Gaussian 1 component
#   meta:
#     ucd: src.var.amplitude
# - 
#   name: geom_model_gaussian1_depth_error
#   datatype: float32
#   unit: mag
#   description: "Uncertainty of \\texttt{geomModelGaussian1Depth}"
#   meta:
#     ucd: stat.error;src.var.amplitude
# - 
#   name: geom_model_gaussian2_phase
#   datatype: float32
#   description: Phase of Gaussian 2 component
#   meta:
#     ucd: time.phase
# - 
#   name: geom_model_gaussian2_phase_error
#   datatype: float32
#   description: "Uncertainty of \\texttt{geomModelGaussian2Phase}"
#   meta:
#     ucd: stat.error;time.phase
# - 
#   name: geom_model_gaussian2_sigma
#   datatype: float32
[...]
#   datatype: float32
#   description: "Secondary eclipse: uncertainty of \\texttt{derivedSecondaryEclDuration}"
#   meta:
#     ucd: stat.error;time.duration
# - 
#   name: derived_secondary_ecl_depth
#   datatype: float32
#   unit: mag
#   description: "Secondary eclipse: depth"
#   meta:
#     ucd: src.var.amplitude
# - 
#   name: derived_secondary_ecl_depth_error
#   datatype: float32
#   unit: mag
#   description: "Secondary eclipse: uncertainty of \\texttt{derivedSecondaryEclDepth}"
#   meta:
#     ucd: stat.error;src.var.amplitude
solution_id,source_id,global_ranking,reference_time,frequency,frequency_error,geom_model_reference_level,geom_model_reference_level_error,geom_model_gaussian1_phase,geom_model_gaussian1_phase_error,geom_model_gaussian1_sigma,geom_model_gaussian1_sigma_error,geom_model_gaussian1_depth,geom_model_gaussian1_depth_error,geom_model_gaussian2_phase,geom_model_gaussian2_phase_error,geom_model_gaussian2_sigma,geom_model_gaussian2_sigma_error,geom_model_gaussian2_depth,geom_model_gaussian2_depth_error,geom_model_cosine_half_period_amplitude,geom_model_cosine_half_period_amplitude_error,geom_model_cosine_half_period_phase,geom_model_cosine_half_period_phase_error,model_type,num_model_parameters,reduced_chi2,derived_primary_ecl_phase,derived_primary_ecl_phase_error,derived_primary_ecl_duration,derived_primary_ecl_duration_error,derived_primary_ecl_depth,derived_primary_ecl_depth_error,derived_secondary_ecl_phase,derived_secondary_ecl_phase_error,derived_secondary_ecl_duration,derived_secondary_ecl_duration_error,derived_secondary_ecl_depth,derived_secondary_ecl_depth_error
[from data line 291]
375316653866487564,3098757851104161920,0.5646175,2210.692744436024,3.777510116459016,1.341946E-5,19.242006,0.011811337,0.21384083,0.0042009945,0.07667571,0.0064251507,0.5302513,0.040412545,0.7117284,0.008511417,0.062020037,0.0062684296,0.47385603,0.11072814,null,null,null,null,"TWOGAUSSIANS",8,3.5683112,0.21384083,0.0042009945,0.4,0.0,0.52882147,0.040880475,0.7117284,0.008511417,0.3473122,0.035103206,0.47242615,0.11111039
375316653866487564,3098763241291719552,0.6558199,2183.787798717401,0.6831344114183568,2.7521603E-5,16.854155,0.007350533,0.30518734,0.017517615,0.033665527,0.0394374,0.62763053,0.5663587,0.80593187,4.0790832E-4,0.035032168,0.0011744052,0.56692094,0.009522112,null,null,null,null,"TWOGAUSSIANS",8,11.464096,0.30518734,0.017517615,0.18852694,0.20534708,0.62763053,0.5663656,0.80593187,4.0790832E-4,0.19618014,0.0065766694,0.56692094,0.009521024
375316653866487564,3098764272083933440,0.5626085,2192.890608851372,3.8685953033589073,2.173215E-5,18.78284,0.0066156965,0.28187782,0.005647163,0.036911692,0.022457536,0.24392815,0.3944967,0.7732155,0.0027224864,0.022529129,0.0066751945,0.16339742,0.03130121,0.13888204,0.013775799,0.28187782,0.005647163,"TWOGAUSSIANS_WITH_ELLIPSOIDAL_ON_ECLIPSE1",9,4.522406,0.28187782,0.005647163,0.20670548,0.1257622,0.521692,0.39806756,0.77376544,0.0023404504,0.12616313,0.03738109,0.4403915,0.045204815
375316653866487564,3098764512602144896,0.51575214,2180.062893129738,3.283059586867444,1.5465474E-5,19.324038,0.014035956,0.3298975,0.034410935,0.0799391,0.028333278,0.33245867,0.042878006,0.8148265,0.0029459393,0.073181786,0.0062943664,0.25577477,0.013265308,null,null,null,null,"TWOGAUSSIANS",8,1.3437465,0.3298975,0.034410935,0.4,0.10743286,0.33041364,0.0431155,0.8148265,0.0029459393,0.4,0.0077816523,0.25372976,0.012242368
375316653866487564,3098769395981730048,0.49080023,2213.4870581700184,3.2538042867433967,1.8446013E-5,15.273589,0.102136716,0.23700456,0.004453201,0.15513545,0.02119865,0.67369276,0.20576935,0.73124367,0.0053697373,0.28131428,0.031039825,1.1276137,0.10003846,null,null,null,null,"TWOGAUSSIANS",8,61.413742,0.73124367,0.0053697373,0.4,0.0,0.17653893,0.01057925,0.24177456,0.0048683872,0.4,0.0,0.1761511,0.01714935
375316653866487564,3098769430341462912,0.6304514,2172.2980944265128,1.5019374118388475,1.0421146E-6,17.415205,0.0010510508,0.4097382,2.8423288E-5,0.029045973,2.5239377E-4,0.5211814,0.0063351924,null,null,null,null,null,null,null,null,null,null,"ONEGAUSSIAN",5,1.0138855,0.4097382,2.8423288E-5,0.16265744,0.0014134052,0.5211814,0.0,null,null,null,null,null,null
375316653866487564,3098769529124111744,0.57523805,2193.7798467782113,3.099988938386054,2.2250564E-5,18.765615,0.022740202,0.27776563,0.004962859,0.077942386,0.0050712395,0.61103874,0.036534492,0.7784607,0.0047365674,0.06798692,0.005103788,0.5648444,0.039123233,null,null,null,null,"TWOGAUSSIANS",8,3.3767047,0.27776563,0.004962859,0.4,0.0,0.607774,0.03587285,0.7784607,0.0047365674,0.38072675,0.028581211,0.56157976,0.03887189
375316653866487564,3098773171256535936,0.579976,2198.608727744393,2.346460672359301,1.6824297E-5,17.889856,0.034265894,0.25166973,0.0033749735,0.08880411,0.008228718,0.4085299,0.035981886,0.744219,0.010850404,0.10760787,0.016326586,0.33177927,0.04219766,null,null,null,null,"TWOGAUSSIANS",8,6.6208515,0.25166973,0.0033641553,0.4,0.0,0.38285196,0.016404891,0.744219,0.010850404,0.4,0.0,0.30608717,0.03406922
375316653866487564,3098774373847515264,0.574395,2136.4438562561436,0.0791141330487664,7.660151E-5,17.502226,0.0035079143,0.313936,0.03576995,0.031942047,0.03490249,0.0746788,0.095871665,0.5737817,0.0105861295,0.015370639,0.010299897,0.30884567,57.763855,null,null,null,null,"TWOGAUSSIANS",8,2.678584,0.5737817,0.0105861295,0.086075574,0.057679422,0.30884567,57.76385,0.313936,0.03576995,0.17887546,0.19545394,0.0746788,0.095871665
375316653866487564,3098777985916414336,0.5003308,2210.7081156921618,0.20112227148645662,2.5517982E-5,18.986082,0.008560735,0.18353279,0.017193068,0.07395632,0.024743954,0.14500144,0.05695989,0.7190358,0.013463167,0.059012957,0.01641735,0.2419226,0.047502995,null,null,null,null,"TWOGAUSSIANS",8,1.75095,0.7190358,0.013463167,0.33047256,0.08408172,0.24181429,0.047992136,0.18353279,0.017193068,0.4,0.03683062,0.14489312,0.057403844
375316653866487564,3098778290857374208,0.56373346,2198.830587965932,3.160839047012817,1.8937255E-5,18.069515,0.0120354025,0.21975505,0.0037174097,0.091907434,0.007371645,0.29615664,0.017372133,0.72152275,0.0046863495,0.088810295,0.007032792,0.35679907,0.03451023,null,null,null,null,"TWOGAUSSIANS",8,4.8612447,0.72152275,0.0046863495,0.4,0.0,0.3430632,0.037690513,0.21975505,0.0037174097,0.4,0.0,0.28242064,0.01814211
375316653866487564,3098780249362443392,0.5579308,2235.1688938578036,3.7518938499161663,1.00315865E-5,18.12897,0.0143265445,0.19113198,0.0034383303,0.07894882,0.005625821,0.44041198,0.023654496,0.68739676,0.003109248,0.07928903,0.004450238,0.4159576,0.012250508,null,null,null,null,"TWOGAUSSIANS",8,6.8640704,0.19113198,0.0034383303,0.4,0.0,0.43501878,0.024061665,0.68739676,0.003109248,0.4,0.0,0.41056436,0.010049309
375316653866487564,3098789354689501056,0.59804136,2190.9629343648608,0.41557452312747273,2.7516195E-5,14.912172,0.0010331172,0.25982076,0.0011440922,0.009700241,0.0012785865,0.07894064,0.002879483,0.75120676,0.015961954,0.019063026,0.02923324,0.02681716,0.015961023,0.005055862,0.0017253668,0.25982076,0.0011440922,"TWOGAUSSIANS_WITH_ELLIPSOIDAL_ON_ECLIPSE1",9,4.1085906,0.25982076,0.0011440922,0.05432135,0.0071600843,0.08905235,0.003372021,0.75129676,0.015223771,0.10675295,0.16370614,0.036899593,0.017537646
375316653866487564,3098789496424388736,0.51111686,2221.2908586665485,3.2109160426782872,2.8478082E-5,16.888119,0.011329979,0.29359412,0.0067840996,0.021579413,0.010933544,0.07194372,0.035558846,null,null,null,null,null,null,0.12369235,0.015027628,0.29359412,0.0067840996,"ONEGAUSSIAN_WITH_ELLIPSOIDAL",6,29.512796,0.29359412,0.0067840996,0.12084471,0.061227843,0.3193284,0.025789155,null,null,null,null,null,null
375316653866487564,3098790900878046464,0.6122227,2157.192988134924,2.1796364666847343,1.9713505E-5,18.242075,0.007232334,0.28563744,0.0046547223,0.08789608,0.009629852,0.14814736,0.014176961,0.779483,0.004182688,0.07351976,0.005180955,0.29806057,0.010824669,null,null,null,null,"TWOGAUSSIANS",8,1.0727985,0.779483,0.004182688,0.4,0.0,0.29511935,0.010159479,0.28563744,0.0046547223,0.4,0.0,0.14520611,0.014920688
375316653866487564,3098794439934682112,0.6062279,2227.92083495546,4.047371821062323,9.023695E-6,18.365133,0.010917319,0.19585799,0.021062307,0.066082075,0.016880538,0.5007063,0.18209505,0.68658644,0.0026336866,0.078128286,0.0040088724,0.47195098,0.025827616,null,null,null,null,"TWOGAUSSIANS",8,3.584464,0.19585799,0.021062307,0.3700596,0.094531015,0.49881455,0.18320718,0.68658644,0.0026336866,0.4,0.0,0.47005922,0.025841067
375316653866487564,3098796918132043776,0.5662739,2248.4749459102513,1.158299327703189,9.146929E-6,16.152288,0.0050604683,0.17990763,0.0031413396,0.0858979,0.006965058,0.09115992,0.004609278,0.6720814,0.010733905,0.09048538,0.010912278,0.056677442,0.005468286,null,null,null,null,"TWOGAUSSIANS",8,3.7989216,0.17990763,0.0031413396,0.4,0.0,0.088906735,0.0037318552,0.6720814,0.010733905,0.4,0.0,0.054424237,0.0043409704
375316653866487564,3098809459436380928,0.67929995,2259.9841143516337,0.5746879139176593,2.6161074E-6,14.639797,0.0068536205,0.11355685,0.0010271185,0.05041654,0.01100349,0.07236125,0.02089709,0.6089922,0.0017293899,0.06600659,0.0021032777,0.36642712,0.019968254,0.0901306,0.014373344,0.11355685,0.0010271185,"TWOGAUSSIANS_WITH_ELLIPSOIDAL_ON_ECLIPSE1",9,26.673685,0.6096522,0.0014663272,0.36963692,0.011778356,0.546349,0.012340712,0.11355685,0.0010271185,0.28233263,0.06161954,0.25240993,0.022424562
375316653866487564,3098814647757020416,0.5479884,2252.8917200497804,0.3180515326406387,2.5430945E-5,14.707379,0.0016180502,0.34957162,0.08038839,0.045471944,0.025737045,0.54004383,0.61208683,0.68983114,0.11215789,0.091870286,0.06421227,0.011956269,0.009301847,null,null,null,null,"TWOGAUSSIANS",8,14.294913,0.34957162,0.080454886,0.2546429,0.14412746,0.5400557,0.6116389,0.68983114,0.11215789,0.4,0.19125172,0.011955562,0.009301836
375316653866487564,3098819831778251008,0.62340045,2276.4195017561074,4.064659705056447,1.2782013E-5,17.672678,0.0123944655,0.3127292,0.006786302,0.07179997,0.0053427587,0.5825453,0.01159059,0.8059448,0.0035874092,0.073533334,0.004756738,0.4710134,0.0265137,null,null,null,null,"TWOGAUSSIANS",8,8.871182,0.3127292,0.006786302,0.4,0.010733864,0.5801518,0.0100700455,0.8059448,0.0035874092,0.4,1.6814977E-4,0.46861994,0.02661868
375316653866487564,3098819900497699968,0.48580632,2300.294491620676,0.4629444105379128,3.607697E-5,16.791557,0.07002636,0.18239677,0.044031095,0.051478762,0.047200654,0.11988437,0.04421457,0.6558181,0.03909457,0.1458606,0.15418993,0.037115328,0.06909552,null,null,null,null,"TWOGAUSSIANS",8,2.491036,0.18245678,0.045733824,0.28828108,0.17614473,0.1177455,0.028644277,0.6558181,0.03909457,0.4,0.0,0.034730062,0.0074574854
375316653866487564,3098824642141905536,0.5032922,2169.76570767909,2.137707363600821,6.002726E-5,19.1732,0.0075289467,0.31108132,0.025463218,0.06428943,0.015381227,0.2328353,0.014587637,0.7692581,0.030405093,0.10777973,0.08833089,0.024675352,0.03399184,null,null,null,null,"TWOGAUSSIANS",8,0.7210546,0.31108132,0.025485694,0.3600208,0.08613487,0.23213004,0.013692451,0.7692581,0.030405093,0.4,0.17079872,0.02396707,0.03518841
375316653866487564,3098827356561406848,0.6979445,2237.5392997473664,1.4097881814132052,6.672966E-6,17.375568,0.02355221,0.24499725,0.019644508,0.04712757,0.024679573,0.12020102,0.1183315,0.7412675,0.002736181,0.03840352,0.0031369934,0.68354106,0.05845388,0.035417903,0.023088336,0.24499725,0.019644508,"TWOGAUSSIANS_WITH_ELLIPSOIDAL_ON_ECLIPSE1",9,3.9498487,0.7413075,0.0026837778,0.2150597,0.017567163,0.7543384,0.017556591,0.24499725,0.019644508,0.2639144,0.13820562,0.19103673,0.1190183
375316653866487564,3098827360860110208,0.53795993,2287.404223063821,1.6757609706538719,2.1964162E-5,18.228819,0.011504648,0.21166156,0.009463728,0.08475678,0.020302465,0.08198919,0.01014017,0.7151272,0.009321399,0.105346724,0.026190761,0.07362365,0.010363589,null,null,null,null,"TWOGAUSSIANS",8,0.6111375,0.21166156,0.009464678,0.4,0.0,0.077395216,0.004736248,0.7151272,0.009321399,0.4,0.0,0.06902776,0.011650722
375316653866487564,3098829040191194112,0.53750575,2209.5281274726835,2.3908920231701813,1.4360137E-5,18.064083,0.02609181,0.28357327,0.008035151,0.07056059,0.023097971,0.46342403,0.046770953,0.7915829,0.017221162,0.08136601,0.012830464,0.32425052,0.030973047,null,null,null,null,"TWOGAUSSIANS",8,18.950306,0.28357327,0.008035151,0.3951393,0.038640555,0.46058193,0.053903718,0.7915829,0.017221162,0.4,0.0086268075,0.32140842,0.026497612
375316653866487564,3098832201287489792,0.5884002,2238.6216006613704,4.297983898707702,1.9084793E-5,19.124008,0.010482583,0.28790012,0.006467036,0.062312048,0.005961796,0.7108045,0.043530233,0.78721774,0.0025426184,0.07045118,0.0056959908,0.5058566,0.05424916,null,null,null,null,"TWOGAUSSIANS",8,2.0286849,0.28790012,0.006467036,0.34894747,0.033386055,0.7098395,0.04385644,0.78721774,0.0025426184,0.3945266,0.029015636,0.5048915,0.054741494
375316653866487564,3098832686619376000,0.584357,2184.0868498619875,3.836712329281072,7.534094E-6,16.250803,0.003048187,0.30011377,0.0023451704,0.07029917,0.0035969338,0.115955435,0.0043409322,0.7947589,0.0025577496,0.07705104,0.0067014536,0.1204507,0.008463463,null,null,null,null,"TWOGAUSSIANS",8,2.6587036,0.7947589,0.0025577496,0.4,0.0,0.119790934,0.00881343,0.30011377,0.0023451704,0.39367536,0.019016596,0.11529567,0.004244994
375316653866487564,3098834026645781760,0.48255923,2228.3020530224944,3.0228863542439925,2.398262E-5,19.751633,0.023313059,0.14912294,0.005071045,0.08927952,0.014972989,0.30203977,0.040136676,0.6825501,0.012238705,0.078312986,0.034674414,0.40318832,4.86456,null,null,null,null,"TWOGAUSSIANS",8,1.9942669,0.6825501,0.012238768,0.4,0.15042906,0.39884463,4.8684754,0.14912294,0.005071045,0.4,0.0,0.29769573,0.04317123
375316653866487564,3098836637989313280,0.62381655,2195.9284201121877,2.3595269554003813,7.6714805E-6,16.428501,0.01893151,0.14888075,0.002378719,0.054357313,0.0061875214,0.24647722,0.041681685,0.6455081,0.008771442,0.05346541,0.009310948,0.27668014,0.04509422,0.097163476,0.022874435,0.14888075,0.002378719,"TWOGAUSSIANS_WITH_ELLIPSOIDAL_ON_ECLIPSE1",9,13.342539,0.64596814,0.0074084587,0.2994063,0.05214131,0.47092178,0.011489129,0.14888075,0.002378719,0.30440095,0.034650117,0.4407942,0.011062861
375316653866487564,3098840378901683072,0.65678734,2137.957441386208,2.12614534683052,1.2476732E-5,17.671562,0.0071053943,0.20008633,0.0026411903,0.07923684,0.00349724,0.4304297,0.01938933,0.6883526,0.0011920732,0.077776946,0.0018327644,0.48485103,0.008365821,null,null,null,null,"TWOGAUSSIANS",8,1.7569438,0.6883526,0.0011920732,0.4,0.0,0.48034418,0.0075975424,0.20008633,0.0026411903,0.4,0.0,0.42592284,0.019810395
375316653866487564,3098848973135358080,0.65216887,2201.0545740655843,0.11511872827869574,1.0421949E-6,15.884139,6.7792926E-4,0.45087114,7.3268575E-7,0.010096837,2.083902E-5,0.28505027,5.7922356E-4,null,null,null,null,null,null,null,null,null,null,"ONEGAUSSIAN",5,2.000487,0.45087114,7.3268575E-7,0.05654229,1.1669851E-4,0.28505027,0.0,null,null,null,null,null,null
375316653866487564,3098853195087655424,0.52283096,2241.0225705943494,3.5766278708659582,3.0846222E-5,18.8358,0.02879503,0.23995484,0.005328539,0.057342075,0.008099707,0.45490706,0.09647399,0.74303645,0.021590086,0.053691473,0.045441914,0.9489413,0.70512074,null,null,null,null,"TWOGAUSSIANS",8,9.42253,0.74303645,0.021590086,0.30067226,0.13260296,0.9488962,0.7083607,0.23995484,0.005328539,0.3211156,0.04535836,0.45486203,0.096459724
375316653866487564,3098854019716821376,0.52784115,2282.3288625673317,4.049023110366288,6.982393E-5,19.132132,0.013273529,0.19825748,0.023597507,0.076319836,0.018266074,0.3046042,0.08641967,0.6853103,0.003404525,0.06909032,0.0041648136,0.43983918,0.016726589,null,null,null,null,"TWOGAUSSIANS",8,6.0268626,0.6853103,0.003404525,0.38690582,0.023322955,0.43840402,0.016473042,0.19825748,0.023597507,0.4,0.046841945,0.30316904,0.08720239
375316653866487564,3098855432766135296,0.61320525,2195.6096824997135,1.183755304549201,1.9140121E-5,15.465962,0.0038449042,0.7026332,0.003810714,0.046225537,0.0062522264,0.2831599,0.018563725,null,null,null,null,null,null,0.12639162,0.0045264335,0.7026332,0.003810714,"ONEGAUSSIAN_WITH_ELLIPSOIDAL",6,52.11683,0.7026332,0.003810714,0.258863,0.03501247,0.5359427,0.018524928,null,null,null,null,null,null
375316653866487564,3098856459260745728,0.40816066,2237.56181098182,0.7499020855990156,2.4982111E-5,18.54604,0.006992123,0.8225687,3.5280565E-4,0.010664028,7.4980175E-4,0.44538525,0.016039595,null,null,null,null,null,null,null,null,null,null,"ONEGAUSSIAN",5,29.667686,0.8225687,3.5280565E-4,0.059718557,0.0041988897,0.44538525,0.0,null,null,null,null,null,null
375316653866487564,3098857322551724032,0.48434675,2214.486145469761,1.5097099595967567,2.6978762E-5,16.509499,0.003255989,null,null,null,null,null,null,null,null,null,null,null,null,0.059426934,0.004664762,0.3176122,0.006234591,"ELLIPSOIDAL",4,20.017231,null,null,null,null,null,null,null,null,null,null,null,null
375316653866487564,3098859689073693824,0.5392429,2197.3870289508955,2.9350640242700696,1.1882257E-5,18.5781,0.008691126,0.27588496,0.012573808,0.05856686,0.015587666,0.20477092,0.061267264,0.77447623,0.009766412,0.07316769,0.009923827,0.1712764,0.018947562,null,null,null,null,"TWOGAUSSIANS",8,1.6326063,0.27588496,0.012573808,0.32797444,0.08729093,0.20450784,0.061514523,0.77447623,0.009766412,0.4,0.024340667,0.17101333,0.018828316
