Gaia/vari_eclipsing_binary/VariEclipsingBinary_672693-672736.csv
# %ECSV 1.0
# ---
# delimiter: ','
# meta: !!omap
# - RELEASE: Gaia DR3
# - TABLE: vari_eclipsing_binary
# - DESCRIPTION: >
#     This table describes the properties of the eclipsing binaries resulting from the variability analysis. 
# - CITATION: >
#     How to cite and acknowledge Gaia: 
#     https://gea.esac.esa.int/archive/documentation/credits.html 
# - KNOWN_ISSUES: >
#     Known issues: 
#     https://www.cosmos.esa.int/web/gaia-users/known-issues 
# - DOCUMENTATION: >
#     Tutorials and documentation: 
#     https://www.cosmos.esa.int/web/gaia-users/archive 
# datatype:
# - 
#   name: solution_id
#   datatype: int64
#   description: Solution Identifier
#   meta:
#     ucd: meta.version
# - 
#   name: source_id
#   datatype: int64
#   description: Unique source identifier
#   meta:
#     ucd: meta.id;meta.main
# - 
#   name: global_ranking
#   datatype: float32
#   description: Number between 0 (worst) and 1 (best)
#   meta:
#     ucd: stat.param
# - 
#   name: reference_time
#   datatype: float64
#   unit: d
#   description: Reference time used for the geometric model fit
#   meta:
#     ucd: time.epoch
# - 
#   name: frequency
#   datatype: float64
#   unit: d**-1
#   description: Frequency of geometric model of the eclipsing binary light curve
#   meta:
#     ucd: src.orbital
# - 
#   name: frequency_error
#   datatype: float32
#   unit: d**-1
#   description: "Uncertainty of \\texttt{frequency}"
#   meta:
#     ucd: stat.error
# - 
#   name: geom_model_reference_level
#   datatype: float32
#   unit: mag
#   description: Magnitude reference level of geometric model
#   meta:
#     ucd: phot.mag;em.opt
# - 
#   name: geom_model_reference_level_error
#   datatype: float32
#   unit: mag
#   description: "Uncertainty of \\texttt{geomModelReferenceLevel}"
#   meta:
#     ucd: stat.error;phot.mag;em.opt
# - 
#   name: geom_model_gaussian1_phase
#   datatype: float32
#   description: Phase of the Gaussian 1 component
#   meta:
#     ucd: time.phase
# - 
#   name: geom_model_gaussian1_phase_error
#   datatype: float32
#   description: "Uncertainty of \\texttt{geomModelGaussian1Phase}"
#   meta:
#     ucd: stat.error;time.phase
# - 
#   name: geom_model_gaussian1_sigma
#   datatype: float32
#   description: "Standard deviation [phase] of Gaussian 1 component"
#   meta:
#     ucd: stat.stdev
# - 
#   name: geom_model_gaussian1_sigma_error
#   datatype: float32
#   description: "Uncertainty of \\texttt{geomModelGaussian1Sigma}"
#   meta:
#     ucd: stat.error
# - 
#   name: geom_model_gaussian1_depth
#   datatype: float32
#   unit: mag
#   description: Magnitude depth of Gaussian 1 component
#   meta:
#     ucd: src.var.amplitude
# - 
#   name: geom_model_gaussian1_depth_error
#   datatype: float32
#   unit: mag
#   description: "Uncertainty of \\texttt{geomModelGaussian1Depth}"
#   meta:
#     ucd: stat.error;src.var.amplitude
# - 
#   name: geom_model_gaussian2_phase
#   datatype: float32
#   description: Phase of Gaussian 2 component
#   meta:
#     ucd: time.phase
# - 
#   name: geom_model_gaussian2_phase_error
#   datatype: float32
#   description: "Uncertainty of \\texttt{geomModelGaussian2Phase}"
#   meta:
#     ucd: stat.error;time.phase
# - 
#   name: geom_model_gaussian2_sigma
#   datatype: float32
[...]
#   datatype: float32
#   description: "Secondary eclipse: uncertainty of \\texttt{derivedSecondaryEclDuration}"
#   meta:
#     ucd: stat.error;time.duration
# - 
#   name: derived_secondary_ecl_depth
#   datatype: float32
#   unit: mag
#   description: "Secondary eclipse: depth"
#   meta:
#     ucd: src.var.amplitude
# - 
#   name: derived_secondary_ecl_depth_error
#   datatype: float32
#   unit: mag
#   description: "Secondary eclipse: uncertainty of \\texttt{derivedSecondaryEclDepth}"
#   meta:
#     ucd: stat.error;src.var.amplitude
solution_id,source_id,global_ranking,reference_time,frequency,frequency_error,geom_model_reference_level,geom_model_reference_level_error,geom_model_gaussian1_phase,geom_model_gaussian1_phase_error,geom_model_gaussian1_sigma,geom_model_gaussian1_sigma_error,geom_model_gaussian1_depth,geom_model_gaussian1_depth_error,geom_model_gaussian2_phase,geom_model_gaussian2_phase_error,geom_model_gaussian2_sigma,geom_model_gaussian2_sigma_error,geom_model_gaussian2_depth,geom_model_gaussian2_depth_error,geom_model_cosine_half_period_amplitude,geom_model_cosine_half_period_amplitude_error,geom_model_cosine_half_period_phase,geom_model_cosine_half_period_phase_error,model_type,num_model_parameters,reduced_chi2,derived_primary_ecl_phase,derived_primary_ecl_phase_error,derived_primary_ecl_duration,derived_primary_ecl_duration_error,derived_primary_ecl_depth,derived_primary_ecl_depth_error,derived_secondary_ecl_phase,derived_secondary_ecl_phase_error,derived_secondary_ecl_duration,derived_secondary_ecl_duration_error,derived_secondary_ecl_depth,derived_secondary_ecl_depth_error
[from data line 506]
375316653866487564,5917431637798731136,0.4563557,2169.5001359224425,3.414473731783861,4.3623546E-5,19.485464,0.011081556,0.14324284,0.023162067,0.05589217,0.02835614,0.06548008,0.037341565,0.42919582,0.020747732,0.056180544,0.018333443,0.2389778,0.044337712,null,null,null,null,"TWOGAUSSIANS",8,3.7960012,0.42919582,0.020747732,0.31461105,0.10266728,0.23897794,0.044337865,0.14324284,0.02312034,0.31299615,0.15879439,0.06548065,0.03734523
375316653866487564,5917432114518441216,0.5484854,2182.20172343605,3.572679111634346,9.701648E-6,18.09513,0.017730946,0.2683527,0.0039340155,0.07028201,0.006125575,0.46504346,0.04941752,0.7507165,0.0032178862,0.07658804,0.0048217885,0.6922066,0.034765672,null,null,null,null,"TWOGAUSSIANS",8,20.260181,0.7507165,0.0032178862,0.4,0.0,0.6899136,0.034899198,0.2683527,0.0039340155,0.39357927,0.027147442,0.46275046,0.04995645
375316653866487564,5917432118835063552,0.4427462,2158.2258925549695,0.07456649090473241,1.1851014E-4,19.671434,0.0067226705,0.21877246,0.0013990732,0.010300893,0.002813088,0.07486939,0.02112188,0.68609613,0.013992894,0.119224295,0.012744127,0.24890286,0.040808726,null,null,null,null,"TWOGAUSSIANS",8,3.3130574,0.68609613,0.013992894,0.4,0.0,0.24881601,0.04085999,0.21877246,0.0014004684,0.057685003,0.015753293,0.07490881,0.021139631
375316653866487564,5917432217596488576,0.46555436,2184.976827072451,0.07451863116276117,3.453603E-5,17.68149,0.0033728539,0.17159626,0.045704108,0.05129397,0.038450103,0.01664614,0.007993443,0.69827354,0.011433721,0.10090293,0.011688103,0.09436078,0.010329082,null,null,null,null,"TWOGAUSSIANS",8,3.484066,0.69827354,0.011433721,0.4,0.0,0.094113655,0.010394386,0.17158626,0.045715652,0.28724623,0.21532059,0.016400697,0.008144169
375316653866487564,5917433798140106752,0.46079516,2182.8935865065664,0.5235462030606366,2.2036513E-5,16.328924,0.0013631044,0.26307794,0.0019084582,0.009979875,0.008380852,0.0380694,0.008370026,null,null,null,null,null,null,0.017505372,0.0020518436,0.26307794,0.0019084582,"ONEGAUSSIAN_WITH_ELLIPSOIDAL",6,7.634015,0.26307794,0.0019084582,0.0558873,0.046932768,0.07308014,0.008808822,null,null,null,null,null,null
375316653866487564,5917434386575266432,0.5145372,2183.2935382240184,1.6203015565477923,1.2068956E-5,19.376213,0.007957351,0.24603441,0.0017489565,0.025310384,0.0017776093,0.48775893,0.014828568,0.74637234,0.0019555024,0.02872084,0.0049622664,0.31486958,0.028776105,null,null,null,null,"TWOGAUSSIANS",8,4.329477,0.24603441,0.0017489565,0.14173815,0.009954612,0.48775893,0.014828568,0.74637234,0.0019555024,0.1608367,0.027788693,0.31486958,0.028776105
375316653866487564,5917434455306646912,0.6602599,2167.796151115056,2.2537719306914603,2.1314574E-6,17.346367,0.009245349,0.22630541,9.7434554E-4,0.04665095,0.0018099681,0.46502376,0.024017353,0.7278532,0.0023527257,0.05084381,0.0033033746,0.45635816,0.024575466,0.11767222,0.015025609,0.22630541,9.7434554E-4,"TWOGAUSSIANS_WITH_ELLIPSOIDAL_ON_ECLIPSE1",9,6.265424,0.22630541,9.7434554E-4,0.26124534,0.010135822,0.7003654,0.011409503,0.7278532,0.0023527257,0.2847253,0.018498898,0.6916776,0.016218258
375316653866487564,5917434524014396800,0.4684245,2190.6607447815877,0.03713317893298569,4.1778272E-5,18.946156,0.004401727,0.23937978,0.034990992,0.04891098,0.053485557,0.027018856,0.08439621,0.6223433,0.0043414547,0.08554657,0.011474174,0.13042788,0.006668243,null,null,null,null,"TWOGAUSSIANS",8,2.1490092,0.6223433,0.0043414547,0.4,0.0,0.13042411,0.006672442,0.23940979,0.03499329,0.2739015,0.29951912,0.027020898,0.084413335
375316653866487564,5917435451739158912,0.4944686,2169.991381137007,2.4570713974387077,1.9428247E-5,16.022835,0.010842442,0.18745296,0.0057240184,0.041947484,0.041538633,0.023118962,0.040118452,0.68727803,0.016643662,0.05235067,0.02137898,0.054413285,0.024028525,0.07201083,0.011849894,0.18745296,0.0057240184,"TWOGAUSSIANS_WITH_ELLIPSOIDAL_ON_ECLIPSE1",9,77.36061,0.68733805,0.013335925,0.29316375,0.11972228,0.19843422,0.013580537,0.18745296,0.0057240184,0.23490591,0.23261635,0.16714,0.043573838
375316653866487564,5917436929207937280,0.4364385,2182.9247082757643,1.4383264960528708,6.473185E-5,17.53858,0.0063479706,0.30389458,0.0058202064,0.031305805,0.0066123004,0.1757211,0.04389779,0.8161884,0.043378726,0.031205392,0.028787808,0.045775674,0.015447605,null,null,null,null,"TWOGAUSSIANS",8,23.967947,0.30389458,0.0058202064,0.1753125,0.037028883,0.1757211,0.04389779,0.8161884,0.043378726,0.1747502,0.16121173,0.045775674,0.015447605
375316653866487564,5917436929207938944,0.61497366,2177.533848406318,3.3092616477505543,6.0901693E-6,16.93284,0.030552052,0.24757014,0.0032624637,0.06103349,0.010200375,0.35147616,0.06183802,0.74094886,0.0025356736,0.052573856,0.007530384,0.2967686,0.06326206,0.099521875,0.035223387,0.24757014,0.0032624637,"TWOGAUSSIANS_WITH_ELLIPSOIDAL_ON_ECLIPSE1",9,18.916172,0.24757014,0.0032624637,0.34178755,0.057122096,0.55043834,0.015383864,0.74178886,0.0020363014,0.2944136,0.042170152,0.4954304,0.010173172
375316653866487564,5917438196187059200,0.56740904,2178.0279573209104,2.9398876136404968,6.285397E-6,18.554504,0.010142665,0.25709522,0.002061294,0.042808056,0.004860812,0.33118567,0.064714566,0.7501028,0.0032722736,0.044302966,0.009299048,0.48357904,0.22417238,0.13731992,0.016307302,0.25709522,0.002061294,"TWOGAUSSIANS_WITH_ELLIPSOIDAL_ON_ECLIPSE1",9,3.4043791,0.7506728,0.0032012218,0.24809662,0.052074667,0.7577318,0.24069862,0.25709522,0.002061294,0.23972511,0.027220547,0.6058254,0.06623575
375316653866487564,5917438784622678272,0.5899848,2124.1151760098783,3.3679971782480473,7.0312713E-6,19.445549,0.013728197,0.22264299,0.0028023657,0.044402495,0.0040070494,0.26010066,0.032370765,0.71052724,0.0015620793,0.0450589,0.0024551465,0.5040427,0.028633231,0.14307372,0.01735865,0.22264299,0.0028023657,"TWOGAUSSIANS_WITH_ELLIPSOIDAL_ON_ECLIPSE1",9,2.1867077,0.71153724,0.0013416507,0.25232983,0.013748821,0.78867173,0.014256624,0.22264299,0.0028023657,0.24865396,0.022439478,0.5462473,0.0147645315
375316653866487564,5917439403109044480,0.53158057,2168.3400735136934,4.857628490195786,1.8770117E-5,15.902176,0.009877096,0.19182318,1.3028896E-4,0.0077304607,5.1025476E-4,0.7440986,0.16450723,0.5662842,0.004736477,0.15210588,0.0090125315,0.29509726,0.011664068,null,null,null,null,"TWOGAUSSIANS",8,79.577644,0.19184318,1.2240002E-4,0.043290578,0.0028574266,0.75575817,0.16388036,0.5662842,0.004736477,0.4,0.0,0.29243898,0.011648067
375316653866487564,5917439437468788992,0.60609424,2170.830103866485,2.2443598423277455,8.536297E-6,16.65753,0.0053157685,0.26546848,0.0026634908,0.081802234,0.0027475352,0.41257304,0.011199287,0.77078134,0.0015660207,0.069126956,0.0030499552,0.2508265,0.0069315764,null,null,null,null,"TWOGAUSSIANS",8,12.913242,0.26546848,0.0026634908,0.4,0.0,0.41016647,0.011132449,0.77078134,0.0015660207,0.38711098,0.017079748,0.24841994,0.006923321
375316653866487564,5917440330809972736,0.4635474,2168.289340391404,1.5260077715770668,1.8214123E-5,17.78649,0.0038996513,0.17611638,0.0068858746,0.07522801,0.011988783,0.06702664,0.0069574844,0.67157996,0.0046851477,0.06661745,0.006253073,0.10877209,0.009141131,null,null,null,null,"TWOGAUSSIANS",8,3.1083415,0.67157996,0.0046851477,0.37305775,0.035017207,0.10847271,0.009171202,0.17611638,0.0068858746,0.4,0.012667736,0.06672725,0.0070686946
375316653866487564,5917440365182030208,0.6388279,2172.9288600784635,2.8735084374592104,3.038879E-6,16.070452,0.009729501,0.23438576,0.0011650276,0.048393764,0.0026818768,0.26199493,0.020390179,0.73750645,0.0012180624,0.053145226,0.0027503616,0.29583818,0.01998149,0.09040277,0.011003356,0.23438576,0.0011650276,"TWOGAUSSIANS_WITH_ELLIPSOIDAL_ON_ECLIPSE1",9,18.769833,0.73750645,0.0012180624,0.29761326,0.015402026,0.4765702,0.0077686333,0.23438576,0.0011650276,0.27100506,0.01501851,0.44279644,0.005590386
375316653866487564,5917440811846548480,0.50820774,2157.097089340818,2.398003572068703,1.1856135E-6,17.709972,0.003847505,0.37863144,0.0056556775,0.031287286,0.0038469732,0.13287304,0.0061450354,0.2670886,2.7536764E-8,3.4184539E-4,1.8523816E-6,0.9790888,1.7139465E-4,null,null,null,null,"TWOGAUSSIANS",8,13.400375,0.2670886,2.7536764E-8,0.0019143341,1.0373337E-5,0.97931975,3.3581638E-4,0.37863144,0.0056556775,0.17520879,0.02154305,0.13287304,0.0061450354
375316653866487564,5917441499053461888,0.5383758,2154.731327197708,1.310027999906949,6.6325038E-6,14.033724,0.0048818085,0.23979662,0.012058472,0.018064259,0.011108696,0.062712714,0.014787712,0.72846186,0.003781357,0.046649035,0.0041350615,0.24886282,0.018044103,0.052010838,0.010162437,0.72846186,0.003781357,"TWOGAUSSIANS_WITH_ELLIPSOIDAL_ON_ECLIPSE2",9,148.82535,0.72846186,0.003781357,0.26123458,0.023156345,0.35288435,0.016218657,0.23933662,0.011536903,0.10115985,0.0622087,0.16622902,0.015925154
375316653866487564,5917442564206373120,0.61162704,2141.347449543425,0.9685308443251118,5.0860403E-6,14.956325,0.017890219,0.2733822,0.0021214276,0.062274314,0.02497574,0.056100816,0.033766747,0.7628428,0.0057975785,0.061850857,0.014858007,0.07663803,0.034093373,0.06555166,0.018589403,0.2733822,0.0021214276,"TWOGAUSSIANS_WITH_ELLIPSOIDAL_ON_ECLIPSE1",9,19.05206,0.76643276,0.003490782,0.3463648,0.083083875,0.20733352,0.0061405553,0.2733822,0.0021214276,0.34873614,0.12116116,0.1871751,0.005785346
375316653866487564,5917442873443211136,0.51334167,2126.951658872374,2.247398013757229,8.952824E-6,18.235159,0.0029680196,0.24280567,0.016373815,0.0652048,0.015944827,0.053654015,0.0068869507,0.7500729,0.0025829826,0.056465093,0.0024589812,0.19254927,0.0058482992,null,null,null,null,"TWOGAUSSIANS",8,2.0400589,0.7500729,0.0025829826,0.31620452,0.013770295,0.1925172,0.0058391495,0.24280567,0.016373815,0.3651469,0.089291036,0.053621955,0.0068941438
375316653866487564,5917443354479373696,0.52651733,2148.3236405242305,2.205972772844573,1.158917E-5,18.213501,0.012762965,0.26268828,0.0037228516,0.07366148,0.005938163,0.4318462,0.0155222425,0.76916885,0.00457366,0.08443658,0.0066623036,0.37403914,0.017470015,null,null,null,null,"TWOGAUSSIANS",8,10.205254,0.26268828,0.0037228516,0.4,0.0,0.42713657,0.0158377,0.76916885,0.00457366,0.4,0.0,0.3693295,0.01694921
375316653866487564,5917444935027531008,0.5290924,2132.577383161011,0.847214366503216,5.03105E-6,16.976538,0.0024092677,0.23571095,0.014707068,0.014983694,0.011940389,0.066190615,0.23595802,0.7292455,8.4792025E-4,0.018986126,7.7266997E-4,0.36677074,0.03376909,null,null,null,null,"TWOGAUSSIANS",8,13.756231,0.7292455,8.4792025E-4,0.1063223,0.0043269517,0.36677074,0.03376909,0.23571095,0.014707068,0.083908685,0.06686618,0.066190615,0.23595802
375316653866487564,5917445278624774656,0.58667904,2156.0773882991016,3.8876517674376063,6.2144763E-6,18.16486,0.0054680207,0.28032097,8.278097E-4,0.07025322,0.0019980122,0.4290194,0.00877318,0.7887352,0.0032975327,0.073523685,0.002197816,0.50461733,0.020116247,null,null,null,null,"TWOGAUSSIANS",8,3.0395901,0.7887352,0.0032975327,0.4,0.0,0.50282216,0.02011616,0.28032097,8.278097E-4,0.39341804,0.011188868,0.42722416,0.008856676
375316653866487564,5917445381704022016,0.6078155,2188.581022817138,3.399293777528489,5.8575984E-6,17.564285,0.022567155,0.26170665,0.001965053,0.05702733,0.0063313064,0.32262424,0.046783432,0.7588035,0.0030737813,0.049049288,0.007699555,0.27576065,0.045245033,0.13846797,0.026989067,0.26170665,0.001965053,"TWOGAUSSIANS_WITH_ELLIPSOIDAL_ON_ECLIPSE1",9,9.922483,0.26170665,0.001965053,0.31935304,0.035455316,0.59953696,0.013112307,0.75927347,0.002483182,0.274676,0.04311751,0.552596,0.017079098
375316653866487564,5917447237129929216,0.6324825,2159.8108684757503,1.9092355468765838,4.9183973E-6,15.870045,0.011459905,0.24936341,0.0015037414,0.047544215,0.0027829034,0.34240705,0.02491639,0.74594724,0.0017048971,0.051619947,0.002961476,0.54386306,0.027550397,0.10583484,0.013544558,0.74594724,0.0017048971,"TWOGAUSSIANS_WITH_ELLIPSOIDAL_ON_ECLIPSE2",9,56.183464,0.74594724,0.0017048971,0.2890717,0.016584266,0.7555281,0.016765624,0.24902341,0.0013355765,0.2662476,0.015584259,0.5539843,0.008741485
375316653866487564,5917447511996737280,0.59600425,2144.856838771052,3.188048520538446,8.414422E-6,18.767467,0.021333484,0.28416723,0.0015487336,0.049846735,0.00525966,0.33275157,0.044809226,0.7857881,0.002832562,0.047828313,0.0041876975,0.4395005,0.04903345,0.11532424,0.026520325,0.28416723,0.0015487336,"TWOGAUSSIANS_WITH_ELLIPSOIDAL_ON_ECLIPSE1",9,5.122415,0.7857881,0.002749044,0.26783857,0.023451107,0.67012316,0.02749943,0.28416723,0.0015487336,0.27914172,0.029454097,0.5633981,0.012325613
375316653866487564,5917447855605268224,0.6005095,2140.515720410294,2.517440845744597,5.046948E-6,16.328403,0.0070867916,0.1186179,0.0012211059,0.046706095,0.0031719194,0.32963467,0.021354534,0.6167156,0.0022733216,0.04810708,0.0024570783,0.41174614,0.025805203,0.13808505,0.0155146895,0.1186179,0.0012211059,"TWOGAUSSIANS_WITH_ELLIPSOIDAL_ON_ECLIPSE1",9,48.860996,0.6169256,0.0019934515,0.26939964,0.013759638,0.6878798,0.019395199,0.1186179,0.0012211059,0.26155412,0.017762749,0.60580343,0.014930011
375316653866487564,5917448302282988544,0.497221,2158.5150661047282,3.5847060060120124,1.3416406E-5,19.859684,0.008104647,0.2295562,0.003959799,0.06623332,0.0052509652,0.5056123,0.04080514,0.73636776,0.0052575283,0.07720286,0.007020062,0.50342476,0.053627297,null,null,null,null,"TWOGAUSSIANS",8,2.448202,0.2295562,0.003959799,0.3709066,0.029405404,0.50365597,0.041452665,0.73636776,0.0052575283,0.4,0.0,0.50146836,0.05448085
375316653866487564,5917448336641607040,0.425766,2142.117423495197,2.4326953983708295,8.683811E-5,18.302265,0.060728144,0.21599302,0.037914846,0.099961504,0.03545131,0.09355277,0.063174576,0.6628739,0.016469928,0.12510303,0.04492596,0.22942613,0.053113796,null,null,null,null,"TWOGAUSSIANS",8,33.445778,0.6628739,0.016469928,0.4,0.0,0.21465613,0.031281058,0.21717301,0.036906183,0.4,0.0,0.0791867,0.029103013
375316653866487564,5917450054596149632,0.48832476,2254.9303682279333,3.5800468058684003,1.9577383E-5,19.312992,0.020768955,0.2671614,0.0063982736,0.08087955,0.011931307,0.52057153,0.05387791,0.771984,0.0046345624,0.071385734,0.0064444398,0.7270678,0.064603224,null,null,null,null,"TWOGAUSSIANS",8,9.732027,0.771984,0.0046345624,0.3997601,0.017602846,0.7220942,0.066068344,0.2671614,0.0063982736,0.4,0.0,0.5155979,0.05669493
375316653866487564,5917450570021977344,0.4427996,2202.4978410305803,0.927603727220583,1.4397098E-5,16.48734,0.004736628,0.2402951,0.0032261256,0.043686267,0.004557153,0.20278123,0.01598026,0.726202,0.005968354,0.042336084,0.007591582,0.04119251,0.0048058764,null,null,null,null,"TWOGAUSSIANS",8,6.888108,0.2402951,0.0032261256,0.24464309,0.025520056,0.20278123,0.01598027,0.726202,0.005968354,0.23708206,0.04251286,0.041192506,0.004805873
375316653866487564,5917450943653588736,0.5970802,2232.4394525931084,3.7196048848884735,8.053801E-6,18.356749,0.02117889,0.28525674,0.001341863,0.045310527,0.0071113454,0.24472938,0.040631738,0.7797286,0.017335461,0.04447766,0.00808783,0.35646188,0.16301703,0.12412161,0.024995066,0.28525674,0.001341863,"TWOGAUSSIANS_WITH_ELLIPSOIDAL_ON_ECLIPSE1",9,4.5766497,0.78026855,0.015099002,0.2490749,0.04529185,0.6044345,0.1641091,0.28525674,0.001341863,0.25373894,0.039823536,0.49297205,0.016444333
375316653866487564,5917451222822147840,0.47828236,2271.7327709570864,4.166782193441749,1.7877685E-5,19.294767,0.64100736,0.26181236,0.011767889,0.16984408,0.12523274,0.3172322,0.636165,0.7291735,0.013616633,0.10776822,0.023793817,0.37118462,0.2603448,null,null,null,null,"TWOGAUSSIANS",8,1.9023589,0.7291735,0.013616633,0.4,0.0,0.27788875,0.033067778,0.26191238,0.011636158,0.4,0.0,0.2144501,0.025199305
