Gaia/vari_eclipsing_binary/VariEclipsingBinary_462584-462612.csv
# %ECSV 1.0
# ---
# delimiter: ','
# meta: !!omap
# - RELEASE: Gaia DR3
# - TABLE: vari_eclipsing_binary
# - DESCRIPTION: >
#     This table describes the properties of the eclipsing binaries resulting from the variability analysis. 
# - CITATION: >
#     How to cite and acknowledge Gaia: 
#     https://gea.esac.esa.int/archive/documentation/credits.html 
# - KNOWN_ISSUES: >
#     Known issues: 
#     https://www.cosmos.esa.int/web/gaia-users/known-issues 
# - DOCUMENTATION: >
#     Tutorials and documentation: 
#     https://www.cosmos.esa.int/web/gaia-users/archive 
# datatype:
# - 
#   name: solution_id
#   datatype: int64
#   description: Solution Identifier
#   meta:
#     ucd: meta.version
# - 
#   name: source_id
#   datatype: int64
#   description: Unique source identifier
#   meta:
#     ucd: meta.id;meta.main
# - 
#   name: global_ranking
#   datatype: float32
#   description: Number between 0 (worst) and 1 (best)
#   meta:
#     ucd: stat.param
# - 
#   name: reference_time
#   datatype: float64
#   unit: d
#   description: Reference time used for the geometric model fit
#   meta:
#     ucd: time.epoch
# - 
#   name: frequency
#   datatype: float64
#   unit: d**-1
#   description: Frequency of geometric model of the eclipsing binary light curve
#   meta:
#     ucd: src.orbital
# - 
#   name: frequency_error
#   datatype: float32
#   unit: d**-1
#   description: "Uncertainty of \\texttt{frequency}"
#   meta:
#     ucd: stat.error
# - 
#   name: geom_model_reference_level
#   datatype: float32
#   unit: mag
#   description: Magnitude reference level of geometric model
#   meta:
#     ucd: phot.mag;em.opt
# - 
#   name: geom_model_reference_level_error
#   datatype: float32
#   unit: mag
#   description: "Uncertainty of \\texttt{geomModelReferenceLevel}"
#   meta:
#     ucd: stat.error;phot.mag;em.opt
# - 
#   name: geom_model_gaussian1_phase
#   datatype: float32
#   description: Phase of the Gaussian 1 component
#   meta:
#     ucd: time.phase
# - 
#   name: geom_model_gaussian1_phase_error
#   datatype: float32
#   description: "Uncertainty of \\texttt{geomModelGaussian1Phase}"
#   meta:
#     ucd: stat.error;time.phase
# - 
#   name: geom_model_gaussian1_sigma
#   datatype: float32
#   description: "Standard deviation [phase] of Gaussian 1 component"
#   meta:
#     ucd: stat.stdev
# - 
#   name: geom_model_gaussian1_sigma_error
#   datatype: float32
#   description: "Uncertainty of \\texttt{geomModelGaussian1Sigma}"
#   meta:
#     ucd: stat.error
# - 
#   name: geom_model_gaussian1_depth
#   datatype: float32
#   unit: mag
#   description: Magnitude depth of Gaussian 1 component
#   meta:
#     ucd: src.var.amplitude
# - 
#   name: geom_model_gaussian1_depth_error
#   datatype: float32
#   unit: mag
#   description: "Uncertainty of \\texttt{geomModelGaussian1Depth}"
#   meta:
#     ucd: stat.error;src.var.amplitude
# - 
#   name: geom_model_gaussian2_phase
#   datatype: float32
#   description: Phase of Gaussian 2 component
#   meta:
#     ucd: time.phase
# - 
#   name: geom_model_gaussian2_phase_error
#   datatype: float32
#   description: "Uncertainty of \\texttt{geomModelGaussian2Phase}"
#   meta:
#     ucd: stat.error;time.phase
# - 
#   name: geom_model_gaussian2_sigma
#   datatype: float32
[...]
#   datatype: float32
#   description: "Secondary eclipse: uncertainty of \\texttt{derivedSecondaryEclDuration}"
#   meta:
#     ucd: stat.error;time.duration
# - 
#   name: derived_secondary_ecl_depth
#   datatype: float32
#   unit: mag
#   description: "Secondary eclipse: depth"
#   meta:
#     ucd: src.var.amplitude
# - 
#   name: derived_secondary_ecl_depth_error
#   datatype: float32
#   unit: mag
#   description: "Secondary eclipse: uncertainty of \\texttt{derivedSecondaryEclDepth}"
#   meta:
#     ucd: stat.error;src.var.amplitude
solution_id,source_id,global_ranking,reference_time,frequency,frequency_error,geom_model_reference_level,geom_model_reference_level_error,geom_model_gaussian1_phase,geom_model_gaussian1_phase_error,geom_model_gaussian1_sigma,geom_model_gaussian1_sigma_error,geom_model_gaussian1_depth,geom_model_gaussian1_depth_error,geom_model_gaussian2_phase,geom_model_gaussian2_phase_error,geom_model_gaussian2_sigma,geom_model_gaussian2_sigma_error,geom_model_gaussian2_depth,geom_model_gaussian2_depth_error,geom_model_cosine_half_period_amplitude,geom_model_cosine_half_period_amplitude_error,geom_model_cosine_half_period_phase,geom_model_cosine_half_period_phase_error,model_type,num_model_parameters,reduced_chi2,derived_primary_ecl_phase,derived_primary_ecl_phase_error,derived_primary_ecl_duration,derived_primary_ecl_duration_error,derived_primary_ecl_depth,derived_primary_ecl_depth_error,derived_secondary_ecl_phase,derived_secondary_ecl_phase_error,derived_secondary_ecl_duration,derived_secondary_ecl_duration_error,derived_secondary_ecl_depth,derived_secondary_ecl_depth_error
[from data line 112]
375316653866487564,4068940140978226176,0.48251334,2407.2623207254715,2.094558792343468,2.3579158E-5,19.323328,0.023628986,0.18054448,0.0046649254,0.07061276,0.008933386,0.29918268,0.03274843,0.68017656,0.009389585,0.08769663,0.014936921,0.21495976,0.037465706,null,null,null,null,"TWOGAUSSIANS",8,3.204492,0.18054448,0.0046649254,0.39543146,0.03807005,0.29584214,0.031969618,0.68017656,0.009389585,0.4,0.0,0.21161918,0.037269276
375316653866487564,4068940209697307264,0.6124967,2435.365012631543,0.5043498967037766,7.965935E-6,15.455719,0.004961451,0.30633,0.0010120572,0.038229536,9.986011E-4,0.6804959,0.018505074,0.8019871,0.004360638,0.034293216,0.0035116158,0.10234975,0.010482563,null,null,null,null,"TWOGAUSSIANS",8,55.21143,0.30633,0.0010120572,0.2140854,0.005592166,0.6804959,0.018505074,0.8019871,0.004360638,0.19204201,0.01966505,0.10234975,0.010482563
375316653866487564,4068940244034274432,0.41556445,2365.6695519169175,0.08957750697700256,1.2592703E-5,18.417215,0.015675168,0.34363645,0.07034361,0.12965539,0.070136905,0.13619561,0.02532962,0.7979616,0.0045197057,0.030709544,0.0041119545,0.8185939,0.39777577,null,null,null,null,"TWOGAUSSIANS",8,7.020946,0.7979616,0.0045197057,0.17197345,0.023026943,0.8180033,0.39836034,0.34363645,0.07034361,0.4,0.0,0.1352919,0.02488584
375316653866487564,4068940278366266112,0.4654418,2384.5209617262963,0.988382704833876,4.5291694E-5,17.113806,0.0019736604,0.6120804,0.010018679,0.016652474,0.013018869,0.18521819,0.10174751,null,null,null,null,null,null,null,null,null,null,"ONEGAUSSIAN",5,5.244769,0.6120804,0.010018679,0.09325386,0.07290567,0.18521819,0.0,null,null,null,null,null,null
375316653866487564,4068940278419672448,0.513582,2405.2653949700425,0.5494275554939158,4.738179E-5,19.066734,0.0056292806,0.25823858,0.0054409504,0.0138118295,0.013208888,0.024459384,10.032013,0.5001845,0.009940346,0.016177882,0.028712641,0.387212,0.34502563,null,null,null,null,"TWOGAUSSIANS",8,2.3566568,0.5001845,0.009940346,0.09059614,0.16079079,0.387212,0.34502563,0.25823858,0.0054409504,0.07734624,0.07396977,0.024459384,10.032013
375316653866487564,4068940282683719936,0.41847572,2485.001662782679,0.492350829599138,1.0778663E-5,18.199781,0.010860578,0.48154932,0.0018629944,0.008988208,0.004596315,0.24450247,4.377997,0.8224801,0.010862542,0.060698044,0.01852767,0.10520068,0.023579834,null,null,null,null,"TWOGAUSSIANS",8,5.0513196,0.48154932,0.0018629944,0.05033397,0.025739362,0.24450248,4.377997,0.8224801,0.010862542,0.33990905,0.103754945,0.10520068,0.023579834
375316653866487564,4068940282733815296,0.4888789,2372.434550656153,1.0050443932772628,5.0690916E-5,19.76993,0.035139117,0.53563255,0.021281824,0.14641006,0.043514635,0.33551762,0.041730765,0.92776334,0.018091159,0.036464047,0.016824309,0.09735675,0.055229392,null,null,null,null,"TWOGAUSSIANS",8,2.251993,0.53563255,0.021281824,0.4,0.0,0.33314258,0.04401731,0.92776334,0.018091159,0.20419866,0.09421613,0.10433307,0.05752091
375316653866487564,4068940415805177728,0.43324184,2435.5169495870427,1.3815205809912519,4.3274576E-6,18.61122,0.009194889,0.11678468,8.0396776E-4,0.009238355,0.0011673265,0.16143423,0.024176111,0.54162717,0.008013653,0.05263932,0.006826752,0.38943404,0.11916418,null,null,null,null,"TWOGAUSSIANS",8,7.1903152,0.54162717,0.008013653,0.2947802,0.038229812,0.38943404,0.11916418,0.11678468,8.0396776E-4,0.051734786,0.006537028,0.16143423,0.024176111
375316653866487564,4068940626281415552,0.52867055,2480.0732765254575,1.2058662543834935,9.076903E-5,19.756298,0.015220627,0.28671727,0.005294945,0.05671094,0.009412152,0.44355854,0.14893918,0.07128671,0.1313466,0.07617449,0.060102683,0.094849564,0.09884995,null,null,null,null,"TWOGAUSSIANS",8,1.1825048,0.28623727,0.0047702147,0.31758127,0.05270805,0.44531262,0.033534646,0.07274671,0.20602621,0.4,0.079971366,0.09519167,0.3336645
375316653866487564,4068940656379174784,0.47545606,2411.986019115171,2.5190120953529473,1.9734207E-5,19.515884,0.08069459,0.23747869,0.005972485,0.1152454,0.029522868,0.29256037,0.072464414,0.71699405,0.008850812,0.10744786,0.02604221,0.2961214,0.08134407,null,null,null,null,"TWOGAUSSIANS",8,2.153958,0.71699405,0.008850812,0.4,0.0,0.25787833,0.033549983,0.23749869,0.0059363246,0.4,0.0,0.2542719,0.026319493
375316653866487564,4068940695052908160,0.4544712,2415.1183810338257,0.13714997319674663,8.705299E-5,19.776043,0.020564089,0.24221218,0.010203932,0.08335504,0.01054961,0.22903001,0.02564567,0.73519665,0.0092764255,0.018265478,0.00783574,0.45236957,0.29096368,null,null,null,null,"TWOGAUSSIANS",8,4.363506,0.73519665,0.0092764255,0.102286674,0.043880142,0.452368,0.2909681,0.24221218,0.010203932,0.4,0.0,0.2290284,0.025643026
375316653866487564,4068940862531461120,0.5063418,2383.194325933439,1.1461641519056285,1.6938675E-5,18.131094,0.017074231,0.24444424,0.0048983595,0.103730805,0.009547033,0.29415163,0.017357383,0.73399734,0.007930131,0.09730222,0.012410529,0.20477307,0.016321875,null,null,null,null,"TWOGAUSSIANS",8,7.8748755,0.24444424,0.0048983595,0.4,0.0,0.2745468,0.012623054,0.73399734,0.007930131,0.4,0.0,0.18517326,0.01051674
375316653866487564,4068940931251068672,0.45799202,2450.217235046853,1.9804249511805974,5.1247913E-5,19.568106,0.010999204,0.30588076,0.011428229,0.06643769,0.010033541,0.18239658,0.018449493,0.8127828,0.018730465,0.04503235,0.014670646,0.2588997,0.050523996,null,null,null,null,"TWOGAUSSIANS",8,4.6871347,0.8127828,0.018730465,0.25218114,0.082155615,0.2588864,0.05052492,0.30588076,0.011428229,0.3720511,0.056174405,0.18238328,0.018419292
375316653866487564,4068941034321865216,0.5083734,2415.287396231297,2.0016072525717483,2.0626157E-5,18.907127,0.12449142,0.26669586,0.0087785395,0.09058068,0.03041393,0.41660187,0.097403735,0.74334484,0.011751098,0.10891186,0.028973723,0.3925495,0.121435426,null,null,null,null,"TWOGAUSSIANS",8,6.27892,0.26671585,0.008524343,0.4,0.0,0.39093974,0.03982707,0.74334484,0.011751098,0.4,0.0,0.36685678,0.032422915
375316653866487564,4068941137409403392,0.48586935,2422.9761032617903,2.1072142960170686,2.8855666E-5,19.121773,0.013965237,0.24694236,0.0062387567,0.090521134,0.013274067,0.13880381,0.022603462,0.74054366,0.005220116,0.08289533,0.01133162,0.24364933,0.026036125,null,null,null,null,"TWOGAUSSIANS",8,2.576188,0.74054366,0.005220116,0.4,0.0,0.2385773,0.027416877,0.24694236,0.0062387567,0.4,0.0,0.13373172,0.022357848
375316653866487564,4068941210449332736,0.47333413,2386.5135697561655,0.12647511909501472,1.7224527E-5,17.43576,0.0033409656,0.1653386,0.06633457,0.051346194,0.028191179,0.061042838,0.060594387,0.51852953,0.00420587,0.013753927,0.0025257042,0.17946826,0.03159544,null,null,null,null,"TWOGAUSSIANS",8,7.701675,0.51852953,0.00420587,0.07702199,0.014143944,0.17946826,0.03159544,0.1653386,0.06633457,0.28753868,0.1578706,0.061042838,0.060594387
375316653866487564,4068941274848618368,0.46593878,2427.060106428063,3.9745672652071216,9.783841E-5,19.233612,0.009358146,0.856131,0.03246364,0.02954049,0.03387525,0.070060976,0.20404571,0.51649755,0.013553889,0.13673867,0.016297197,0.1926516,0.016949583,null,null,null,null,"TWOGAUSSIANS",8,3.233931,0.51649755,0.013553889,0.4,0.0,0.19217029,0.017065395,0.854071,0.035605747,0.16542675,0.18970141,0.07855894,0.20308216
375316653866487564,4068941412366768896,0.48030972,2431.3209900558777,1.578704253222906,2.8070222E-5,19.755571,0.026146796,0.21837588,0.019522011,0.1093615,0.02823605,0.142674,0.032545246,0.7336331,0.0068539917,0.08618341,0.012360458,0.30617967,0.028183738,null,null,null,null,"TWOGAUSSIANS",8,1.5012118,0.7336431,0.0068605766,0.4,0.0,0.2941127,0.022481918,0.21837588,0.019522011,0.4,0.0,0.13059722,0.027565923
375316653866487564,4068941446627451392,0.45668292,2457.4676458120452,2.32003323688191,5.3008887E-5,18.913242,0.068296686,0.23272477,0.017120233,0.08331576,0.055680815,0.22243077,0.06256728,0.7378134,0.010441343,0.08109437,0.02946624,0.16895847,0.065841146,null,null,null,null,"TWOGAUSSIANS",8,5.94109,0.23272477,0.01712732,0.4,0.02963597,0.21896766,0.063163534,0.7378134,0.010344504,0.4,0.0,0.16549538,0.025937798
375316653866487564,4068941485327097216,0.53289574,2384.093300534934,0.9951914686106365,1.5036258E-5,18.704382,0.007914546,0.2640029,0.010859417,0.08819974,0.013120419,0.14560059,0.008531618,0.7453802,0.0025686957,0.0791542,0.0044556847,0.25260678,0.010586452,null,null,null,null,"TWOGAUSSIANS",8,1.5836095,0.7453802,0.0025686957,0.4,0.0,0.24952589,0.010220122,0.2640029,0.010859417,0.4,0.0,0.14251964,0.008011292
375316653866487564,4068941549728952320,0.474878,2427.174937127131,2.2312319561093075,3.885389E-5,19.323189,0.017936043,0.21873058,0.021312803,0.078161076,0.017066333,0.20222187,0.06097807,0.7074248,0.006741444,0.07854265,0.00901967,0.4556803,0.063193806,null,null,null,null,"TWOGAUSSIANS",8,6.0677843,0.7074248,0.006741444,0.4,0.0,0.4527409,0.064158894,0.21873058,0.021312803,0.4,0.017205067,0.19928248,0.06101166
375316653866487564,4068941760205223936,0.41785625,2440.4412105834563,0.17138210889878228,5.8462527E-5,19.724602,0.053181104,0.3239071,0.05748238,0.07308768,0.07044211,0.20529138,0.044241395,0.8339734,0.040445615,0.078871064,0.063455455,0.19760808,0.15979844,null,null,null,null,"TWOGAUSSIANS",8,5.389275,0.3239071,0.057490677,0.4,0.10284616,0.20385306,0.03163553,0.8339734,0.040199492,0.4,0.26396057,0.19616975,0.15836717
375316653866487564,4068941794565022080,0.50744605,2362.097200193578,1.5593716086757967,1.4557106E-5,18.74,0.0135494,0.28671515,0.0062698065,0.0857977,0.019892039,0.44350323,0.1381868,0.8010475,0.021096762,0.06409769,0.016767893,0.2439931,0.026842427,null,null,null,null,"TWOGAUSSIANS",8,3.6149788,0.28671515,0.0062698065,0.4,0.0,0.44161823,0.14427353,0.8010475,0.021096762,0.35894704,0.06763275,0.24210817,0.023759842
375316653866487564,4068941858963304960,0.44128624,2400.993191427122,1.2034838525086788,1.5939859E-5,18.84319,0.0066108974,0.1389303,0.008377312,0.031792462,0.009355393,0.14537835,0.049026173,0.8193007,0.0075814775,0.043438073,0.008716329,0.21437576,0.044837575,null,null,null,null,"TWOGAUSSIANS",8,5.047204,0.8193007,0.0075814775,0.2432532,0.048811443,0.21437576,0.044837575,0.1389303,0.008377312,0.17803779,0.0523902,0.14537835,0.049026173
375316653866487564,4068942477389503360,0.593813,2390.3977436950245,0.9476445112606426,9.224313E-6,15.269312,0.05911174,0.21904063,0.0020496685,0.12238388,0.018815437,0.21123038,0.05622983,0.7162881,0.0017652782,0.13128017,0.020371176,0.23916271,0.056011613,null,null,null,null,"TWOGAUSSIANS",8,12.589684,0.7162881,0.0017652782,0.4,0.0,0.17611118,0.004927784,0.21909064,0.0020349084,0.4,0.0,0.14841788,0.004983173
375316653866487564,4068942649217543424,0.46785313,2392.0735005771926,1.3726942788781613,5.0016683E-5,18.304123,0.014187459,0.18558507,0.009858324,0.102119856,0.012457856,0.22585203,0.021493128,0.6905933,0.010101824,0.0676493,0.01847701,0.13499182,0.013360873,null,null,null,null,"TWOGAUSSIANS",8,7.9049525,0.18558507,0.009858324,0.4,0.0,0.22153403,0.019627577,0.6905933,0.010109772,0.37883607,0.05657588,0.1306767,0.011715839
375316653866487564,4068942717962014720,0.5089352,2352.2448663584173,0.5949531061072604,5.209395E-5,18.539118,0.008559854,0.39647752,0.011451716,0.050173182,0.0075322543,1.7945342,0.861326,0.5911107,0.02726805,0.060356308,0.03167764,0.09680849,0.03229698,null,null,null,null,"TWOGAUSSIANS",8,11.933894,0.39651754,0.011391512,0.28096983,0.042180624,1.7950691,0.8632744,0.5911107,0.02726805,0.33799532,0.14475635,0.097777285,0.032023225
375316653866487564,4068942786656622464,0.4363017,2487.6296130021733,1.2763381583069682,9.065271E-6,19.086832,0.01102778,0.25528413,0.0010540124,0.021427222,0.0016172864,1.4469817,0.74166113,0.79129714,0.0021965923,0.02094424,0.006387621,2.7213633,5.697304,null,null,null,null,"TWOGAUSSIANS",8,4.6480904,0.79129714,0.0021965923,0.11728775,0.03577068,2.7213633,5.697304,0.25528413,0.0010540124,0.119992435,0.009056803,1.4469817,0.74166113
375316653866487564,4068942821028524032,0.4957565,2400.393311312201,2.2200340260245413,1.3634273E-5,19.78207,0.018325582,0.24970375,0.005382847,0.0730203,0.006587401,0.573157,0.030501528,0.7264107,0.008893973,0.068927094,0.01712167,0.6140209,0.24139577,null,null,null,null,"TWOGAUSSIANS",8,3.6820078,0.7264107,0.008893973,0.38599175,0.07739416,0.61269516,0.24321137,0.24970375,0.005382847,0.4,0.014456469,0.5718313,0.030463738
375316653866487564,4068942825357557760,0.4977647,2386.4448716044562,1.6005135138166806,1.9382655E-5,18.632647,0.036556512,0.1981676,0.0051944484,0.056943573,0.021186449,0.110320404,0.0837057,0.6851255,0.016490437,0.056602586,0.019286586,0.30470473,0.12745959,0.09179217,0.042851612,0.1981676,0.0051944484,"TWOGAUSSIANS_WITH_ELLIPSOIDAL_ON_ECLIPSE1",9,10.620403,0.68684554,0.015306875,0.3169745,0.10800488,0.48720717,0.121267304,0.1981676,0.0051944484,0.31888402,0.111472294,0.29389098,0.029598353
375316653866487564,4068942928437933696,0.6073928,2462.5247975409316,0.985832091972901,5.962594E-6,15.2833605,6.4345595E-4,0.28936946,0.0030560975,0.026827535,0.0033317718,0.12645583,0.0021307045,0.7971001,0.003358288,0.028812395,0.009402901,0.01089062,0.0020486922,0.008300342,0.0028965182,0.28936946,0.0030560975,"TWOGAUSSIANS_WITH_ELLIPSOIDAL_ON_ECLIPSE1",9,3.3448744,0.28936946,0.0030560975,0.1502342,0.018657923,0.1430565,0.0055609117,0.7971001,0.003358288,0.16134942,0.052656244,0.027452147,0.0062815435
375316653866487564,4068943134594492032,0.48070318,2413.99496035382,1.4831116858497282,1.2941371E-5,17.851053,0.007852126,0.23971565,0.011841369,0.011932201,0.009514674,0.047845,0.021490099,0.72236454,0.0070791435,0.025821768,0.02688638,0.1430834,0.033333216,0.049483858,0.009881401,0.23971565,0.011841369,"TWOGAUSSIANS_WITH_ELLIPSOIDAL_ON_ECLIPSE1",9,9.697222,0.72297454,0.006012031,0.1446019,0.15056372,0.24092,0.04607448,0.23971565,0.011841369,0.06682032,0.05328217,0.14681251,0.01719456
375316653866487564,4068943198974297472,0.50375473,2383.3502657009963,1.1078677885018717,1.8009741E-5,18.170496,0.023056988,0.22954379,0.0056406623,0.101407275,0.01317016,0.25382352,0.022006756,0.71769136,0.0027686458,0.10301546,0.010311107,0.19363119,0.02287581,null,null,null,null,"TWOGAUSSIANS",8,3.83023,0.22954379,0.0056377198,0.4,0.0,0.2345928,0.018705951,0.71769136,0.0027686458,0.4,0.0,0.17440014,0.012081501
375316653866487564,4068943199075282560,0.42442134,2534.821827384754,1.7015501731360285,1.1355385E-4,19.89742,0.013837663,0.3376585,0.00937121,0.061337724,0.007822111,0.24845849,0.043524902,0.6898924,0.032788828,0.04572385,0.022772968,0.10021044,0.15586482,null,null,null,null,"TWOGAUSSIANS",8,3.8437684,0.3376585,0.00937121,0.34349126,0.043803822,0.24845849,0.043524906,0.6898924,0.032788828,0.25605357,0.12752862,0.10021046,0.15586479
375316653866487564,4068943542675009024,0.42178065,2465.5554204042323,1.5196930109906932,3.517194E-4,19.840906,0.011407382,0.33058086,0.031538505,0.057057258,0.014532543,0.101767324,0.047508944,0.7836188,0.007984901,0.019667568,0.009905244,0.35398167,0.64313287,null,null,null,null,"TWOGAUSSIANS",8,4.0924354,0.7836188,0.007984901,0.11013837,0.05546937,0.35398167,0.64313287,0.33058086,0.031538505,0.31952065,0.081382245,0.101767324,0.047508944
375316653866487564,4068943645754218368,0.51417965,2465.603345822944,1.3932975247427506,1.7207953E-5,19.149017,0.005055792,0.15426773,0.011843399,0.07367555,0.012073122,0.10866328,0.018493494,0.62847227,0.0031585963,0.064214684,0.003824336,0.34526414,0.024919817,null,null,null,null,"TWOGAUSSIANS",8,1.6035811,0.62847227,0.0031585963,0.35960224,0.021416282,0.3450095,0.024970373,0.15426773,0.011843399,0.4,0.023496307,0.10840864,0.018582428
