Gaia/vari_eclipsing_binary/VariEclipsingBinary_628958-629063.csv
# %ECSV 1.0
# ---
# delimiter: ','
# meta: !!omap
# - RELEASE: Gaia DR3
# - TABLE: vari_eclipsing_binary
# - DESCRIPTION: >
#     This table describes the properties of the eclipsing binaries resulting from the variability analysis. 
# - CITATION: >
#     How to cite and acknowledge Gaia: 
#     https://gea.esac.esa.int/archive/documentation/credits.html 
# - KNOWN_ISSUES: >
#     Known issues: 
#     https://www.cosmos.esa.int/web/gaia-users/known-issues 
# - DOCUMENTATION: >
#     Tutorials and documentation: 
#     https://www.cosmos.esa.int/web/gaia-users/archive 
# datatype:
# - 
#   name: solution_id
#   datatype: int64
#   description: Solution Identifier
#   meta:
#     ucd: meta.version
# - 
#   name: source_id
#   datatype: int64
#   description: Unique source identifier
#   meta:
#     ucd: meta.id;meta.main
# - 
#   name: global_ranking
#   datatype: float32
#   description: Number between 0 (worst) and 1 (best)
#   meta:
#     ucd: stat.param
# - 
#   name: reference_time
#   datatype: float64
#   unit: d
#   description: Reference time used for the geometric model fit
#   meta:
#     ucd: time.epoch
# - 
#   name: frequency
#   datatype: float64
#   unit: d**-1
#   description: Frequency of geometric model of the eclipsing binary light curve
#   meta:
#     ucd: src.orbital
# - 
#   name: frequency_error
#   datatype: float32
#   unit: d**-1
#   description: "Uncertainty of \\texttt{frequency}"
#   meta:
#     ucd: stat.error
# - 
#   name: geom_model_reference_level
#   datatype: float32
#   unit: mag
#   description: Magnitude reference level of geometric model
#   meta:
#     ucd: phot.mag;em.opt
# - 
#   name: geom_model_reference_level_error
#   datatype: float32
#   unit: mag
#   description: "Uncertainty of \\texttt{geomModelReferenceLevel}"
#   meta:
#     ucd: stat.error;phot.mag;em.opt
# - 
#   name: geom_model_gaussian1_phase
#   datatype: float32
#   description: Phase of the Gaussian 1 component
#   meta:
#     ucd: time.phase
# - 
#   name: geom_model_gaussian1_phase_error
#   datatype: float32
#   description: "Uncertainty of \\texttt{geomModelGaussian1Phase}"
#   meta:
#     ucd: stat.error;time.phase
# - 
#   name: geom_model_gaussian1_sigma
#   datatype: float32
#   description: "Standard deviation [phase] of Gaussian 1 component"
#   meta:
#     ucd: stat.stdev
# - 
#   name: geom_model_gaussian1_sigma_error
#   datatype: float32
#   description: "Uncertainty of \\texttt{geomModelGaussian1Sigma}"
#   meta:
#     ucd: stat.error
# - 
#   name: geom_model_gaussian1_depth
#   datatype: float32
#   unit: mag
#   description: Magnitude depth of Gaussian 1 component
#   meta:
#     ucd: src.var.amplitude
# - 
#   name: geom_model_gaussian1_depth_error
#   datatype: float32
#   unit: mag
#   description: "Uncertainty of \\texttt{geomModelGaussian1Depth}"
#   meta:
#     ucd: stat.error;src.var.amplitude
# - 
#   name: geom_model_gaussian2_phase
#   datatype: float32
#   description: Phase of Gaussian 2 component
#   meta:
#     ucd: time.phase
# - 
#   name: geom_model_gaussian2_phase_error
#   datatype: float32
#   description: "Uncertainty of \\texttt{geomModelGaussian2Phase}"
#   meta:
#     ucd: stat.error;time.phase
# - 
#   name: geom_model_gaussian2_sigma
#   datatype: float32
[...]
#   datatype: float32
#   description: "Secondary eclipse: uncertainty of \\texttt{derivedSecondaryEclDuration}"
#   meta:
#     ucd: stat.error;time.duration
# - 
#   name: derived_secondary_ecl_depth
#   datatype: float32
#   unit: mag
#   description: "Secondary eclipse: depth"
#   meta:
#     ucd: src.var.amplitude
# - 
#   name: derived_secondary_ecl_depth_error
#   datatype: float32
#   unit: mag
#   description: "Secondary eclipse: uncertainty of \\texttt{derivedSecondaryEclDepth}"
#   meta:
#     ucd: stat.error;src.var.amplitude
solution_id,source_id,global_ranking,reference_time,frequency,frequency_error,geom_model_reference_level,geom_model_reference_level_error,geom_model_gaussian1_phase,geom_model_gaussian1_phase_error,geom_model_gaussian1_sigma,geom_model_gaussian1_sigma_error,geom_model_gaussian1_depth,geom_model_gaussian1_depth_error,geom_model_gaussian2_phase,geom_model_gaussian2_phase_error,geom_model_gaussian2_sigma,geom_model_gaussian2_sigma_error,geom_model_gaussian2_depth,geom_model_gaussian2_depth_error,geom_model_cosine_half_period_amplitude,geom_model_cosine_half_period_amplitude_error,geom_model_cosine_half_period_phase,geom_model_cosine_half_period_phase_error,model_type,num_model_parameters,reduced_chi2,derived_primary_ecl_phase,derived_primary_ecl_phase_error,derived_primary_ecl_duration,derived_primary_ecl_duration_error,derived_primary_ecl_depth,derived_primary_ecl_depth_error,derived_secondary_ecl_phase,derived_secondary_ecl_phase_error,derived_secondary_ecl_duration,derived_secondary_ecl_duration_error,derived_secondary_ecl_depth,derived_secondary_ecl_depth_error
[from data line 578]
375316653866487564,5533007772446935936,0.54192793,2200.1370806378122,1.2053295784939917,1.1241015E-5,17.534018,0.011753057,0.26754433,0.0044712923,0.082005605,0.0075896587,0.39585,0.01276289,0.761562,0.00518995,0.09048968,0.0062673227,0.34407172,0.02840448,null,null,null,null,"TWOGAUSSIANS",8,15.219309,0.26754433,0.0044712923,0.4,0.0,0.3859124,0.013979298,0.761562,0.00518995,0.4,0.0,0.33413395,0.028501578
375316653866487564,5533010040198215168,0.6915706,2225.909810233743,0.6833886595867438,2.2421502E-6,14.766054,0.004408363,0.26462623,3.2796047E-4,0.036744736,6.805897E-4,0.6323316,0.008361387,0.7655181,0.0049680886,0.03813822,0.003812824,0.121939406,0.012841496,0.031867966,0.0049546566,0.26462623,3.2796047E-4,"TWOGAUSSIANS_WITH_ELLIPSOIDAL_ON_ECLIPSE1",9,53.573196,0.26462623,3.2796047E-4,0.20577052,0.0038113024,0.6960675,0.0048056347,0.7655181,0.0049657696,0.21357402,0.021351814,0.1856733,0.009041115
375316653866487564,5533010070254863488,0.57452774,2178.6515137673905,2.354085799494966,9.398375E-6,18.22504,0.011558799,0.20707169,0.006527907,0.08192781,0.008725781,0.31214774,0.019672222,0.70202786,0.0030300757,0.07555723,0.005457263,0.31287843,0.016489508,null,null,null,null,"TWOGAUSSIANS",8,2.892869,0.70202786,0.0030300757,0.4,0.0,0.30922818,0.0165741,0.20707169,0.006527907,0.4,0.0,0.30849746,0.020378213
375316653866487564,5533012445379815808,0.5251761,2212.33111172593,0.9140228991813695,4.533308E-5,16.559187,0.001706246,0.2843303,0.01077098,0.035675958,0.012032445,0.01286016,0.0048652,0.7715237,0.0022001006,0.020054968,0.0016672596,0.17625773,0.029702531,0.004913081,0.0025197815,0.2843303,0.01077098,"TWOGAUSSIANS_WITH_ELLIPSOIDAL_ON_ECLIPSE1",9,3.944372,0.7715437,0.002198029,0.112307824,0.009336653,0.18602051,0.030100677,0.2843303,0.01077098,0.19978537,0.06738169,0.022686306,0.0040952093
375316653866487564,5533014472604371584,0.650303,2180.1149592316933,1.4817446949846964,3.8010605E-6,17.329334,0.00113231,0.50050205,0.010628244,0.022708787,0.0021415884,6.9004955,5.137523,null,null,null,null,null,null,null,null,null,null,"ONEGAUSSIAN",5,1.8374208,0.50050205,0.010628244,0.1271692,0.011992895,6.9004955,0.0,null,null,null,null,null,null
375316653866487564,5533014781842064768,0.56894636,2198.5377756876283,2.2909904096799036,1.3749963E-5,18.247158,0.013738059,0.26859847,0.0033266763,0.096986115,0.007173216,0.28629526,0.011801234,0.7847247,0.0022705023,0.07318027,0.0099912165,0.15749033,0.010049378,null,null,null,null,"TWOGAUSSIANS",8,1.9258142,0.26859847,0.0033266763,0.4,0.0,0.2818932,0.009241192,0.7847247,0.0022713318,0.4,0.026825154,0.15308955,0.008958915
375316653866487564,5533015499096865024,0.62262595,2163.152031559398,2.339541197800673,7.226979E-6,18.344955,0.0069970563,0.25556257,9.562151E-4,0.045331188,0.0016601745,0.69892746,0.028103594,0.7447363,0.008387516,0.039851148,0.013575016,0.12058011,0.027154187,0.0854137,0.010653182,0.25556257,9.562151E-4,"TWOGAUSSIANS_WITH_ELLIPSOIDAL_ON_ECLIPSE1",9,1.9500384,0.25556257,9.562151E-4,0.25385466,0.009296977,0.8697547,0.030625941,0.7463663,0.007952026,0.22316642,0.076020084,0.29073676,0.029342907
375316653866487564,5533018698852401536,0.5556182,2167.3666809625333,1.3547216436717044,1.6235137E-5,16.423237,0.007843502,0.2540404,0.0028429492,0.10384005,0.0113673825,0.10667169,0.0056509394,0.7529715,0.003797283,0.088648066,0.009022934,0.14045884,0.012471505,null,null,null,null,"TWOGAUSSIANS",8,3.5849042,0.7529715,0.003797283,0.4,0.0,0.13234034,0.013798551,0.2540404,0.0028429492,0.4,0.0,0.09855126,0.0055074403
375316653866487564,5533018939362372224,0.43689638,2202.035441162041,0.03860547648756906,1.4311906E-4,18.886127,0.011250567,0.2982696,0.019513536,0.05705974,0.021170218,0.13516787,0.017955046,0.7243202,0.019815179,0.10347006,0.015315356,0.1318696,0.026909791,null,null,null,null,"TWOGAUSSIANS",8,5.2642145,0.2982996,0.019496081,0.31953454,0.11244397,0.13476956,0.01756963,0.7243202,0.019815179,0.4,0.0,0.13144378,0.02634753
375316653866487564,5533020073241806464,0.5310075,2180.442443720786,3.292471540531323,1.1640642E-5,19.677412,0.056551374,0.23722365,0.0021479023,0.079766594,0.010200484,0.4749349,0.047365345,0.7529778,0.019051947,0.08924208,0.023759099,0.5242219,0.06732121,null,null,null,null,"TWOGAUSSIANS",8,2.1566362,0.7529778,0.019051947,0.4,0.017060934,0.51472753,0.06053402,0.23722365,0.0021479023,0.4,0.0039324965,0.46544072,0.037343618
375316653866487564,5533020240738603520,0.532049,2191.9591622419175,3.985651800913932,2.3911089E-5,19.126196,0.0081768455,0.28637385,0.009255213,0.07559757,0.009529527,0.24966517,0.021208448,0.7769196,0.004372417,0.08178661,0.007926291,0.3293932,0.012998542,null,null,null,null,"TWOGAUSSIANS",8,2.7951684,0.7769196,0.004372417,0.4,0.0,0.32633775,0.013266532,0.28637385,0.009255213,0.4,0.0,0.2466097,0.020150062
375316653866487564,5533020794796273536,0.53830755,2181.5993297719856,0.2920151504636386,5.0548297E-6,16.138668,0.0063652447,0.20990254,0.031508543,0.022861129,0.033778522,0.019535173,0.02680523,0.73547006,7.9287164E-4,0.020732338,0.0012153318,0.26229048,0.01266601,0.015638232,0.009097124,0.20990254,0.031508543,"TWOGAUSSIANS_WITH_ELLIPSOIDAL_ON_ECLIPSE1",9,22.012737,0.73547006,7.9287164E-4,0.116101086,0.006805858,0.2927667,0.008716475,0.20990254,0.031508543,0.12802233,0.18915974,0.050811633,0.022573557
375316653866487564,5533023165618231808,0.579337,2203.3930893548772,1.0105571571395182,1.7663479E-5,16.690649,0.004390461,0.25871953,0.00162334,0.020226363,0.0035876518,0.1455562,0.026361374,0.72723484,0.0036272919,0.040022608,0.00369674,0.33073565,0.027493991,0.04051502,0.0059827794,0.72723484,0.0036272919,"TWOGAUSSIANS_WITH_ELLIPSOIDAL_ON_ECLIPSE2",9,13.634049,0.72723484,0.0036272919,0.2241266,0.020701744,0.4117655,0.02750429,0.25817955,0.0018064941,0.11326764,0.02009085,0.22350937,0.03652099
375316653866487564,5533023646654621696,0.5348284,2209.844022014406,0.8002352739850627,2.224493E-5,16.092072,0.17715557,0.24629247,0.007980042,0.17610416,0.050575968,0.17655925,0.16145366,0.7332585,0.0066707567,0.17374505,0.040784914,0.19253232,0.15737261,null,null,null,null,"TWOGAUSSIANS",8,3.0417159,0.7332585,0.0066707567,0.4,0.0,0.07323471,0.0033180446,0.2508925,0.0060888613,0.4,0.0,0.057164073,0.0033072967
375316653866487564,5533026081891398784,0.573039,2213.000833876496,0.7153003518007561,1.8934711E-6,18.531965,0.0033759717,0.47600532,0.0028999655,0.03299004,0.0017025885,0.33586937,0.027212448,null,null,null,null,null,null,null,null,null,null,"ONEGAUSSIAN",5,1.950426,0.47600532,0.0028999655,0.18474421,0.009534496,0.33586937,0.0,null,null,null,null,null,null
375316653866487564,5533026769091496576,0.4562715,2231.3692832135403,2.828641903047368,4.68376E-5,18.204456,0.008461974,0.223784,0.0065694386,0.044567894,0.007033659,0.24587719,0.043831147,0.63656235,0.06317439,0.072313115,0.08039051,0.027269157,0.014828867,null,null,null,null,"TWOGAUSSIANS",8,6.9571815,0.223784,0.006565178,0.24958022,0.039388493,0.2458768,0.043840624,0.63656235,0.06317439,0.4,0.19378054,0.027268765,0.014834663
375316653866487564,5533027323142489856,0.6045408,2229.688376681741,1.4923655091847936,8.773148E-6,17.943205,0.0039395913,0.27604997,0.0029814688,0.048214797,0.0027972746,0.60419524,0.028583525,0.77102697,0.005032025,0.06240004,0.0033893066,0.13585855,0.0071572214,null,null,null,null,"TWOGAUSSIANS",8,3.9867234,0.27604997,0.0029814688,0.27000287,0.015664738,0.60418016,0.028588427,0.77102697,0.005032025,0.34944022,0.018980118,0.13584347,0.007154488
375316653866487564,5533028766256751488,0.47544187,2209.9406858278717,4.155100755031682,2.368042E-5,18.307985,0.03403374,0.24299675,0.0075445613,0.08676422,0.01866473,0.28748313,0.03142593,0.72973466,0.006385357,0.10315383,0.017359838,0.27385566,0.032378003,null,null,null,null,"TWOGAUSSIANS",8,18.947577,0.24299675,0.0075486386,0.4,0.0,0.27302852,0.032523125,0.72973466,0.006385357,0.4,0.0,0.25939596,0.0263345
375316653866487564,5533029384732118912,0.65461147,2224.553979396119,2.7816551132094065,8.825838E-5,16.61942,0.0011724986,0.58927405,0.028328087,0.07795569,0.024785727,0.008955038,0.0026301835,0.8033421,0.0061035976,0.012681705,0.0017598941,2.1838229,1.517963,null,null,null,null,"TWOGAUSSIANS",8,2.5239713,0.8033421,0.0061035976,0.07101755,0.009855406,2.1840293,1.5179318,0.58927405,0.028328087,0.4,0.011517168,0.008955038,0.0026301898
375316653866487564,5533030552963220864,0.5286214,2236.291040907981,1.4171390588065873,1.4389713E-5,16.907,0.013923356,0.22612634,0.015257575,0.027358973,0.016510574,0.21619646,0.06408411,0.72991633,0.0029891066,0.035660163,0.0030472015,0.93479884,0.09785558,0.022265634,0.021507896,0.22612634,0.015257575,"TWOGAUSSIANS_WITH_ELLIPSOIDAL_ON_ECLIPSE1",9,133.03891,0.72991633,0.0029765696,0.19969691,0.01706433,0.9793048,0.09658185,0.22612634,0.015257575,0.15321025,0.09245922,0.2607277,0.068738215
375316653866487564,5533032030426657024,0.5484016,2208.960911814469,2.9438677781176525,9.348253E-6,19.248148,0.011435353,0.23445094,0.003016584,0.06326267,0.0032854597,0.59843254,0.024932332,0.7338544,0.002011443,0.07137396,0.0025266644,0.6618371,0.020025961,null,null,null,null,"TWOGAUSSIANS",8,3.651074,0.7338544,0.002011443,0.3996942,0.010717671,0.66058254,0.019979777,0.23445094,0.003016584,0.35427094,0.018398574,0.597178,0.02498585
375316653866487564,5533032953839591680,0.49027508,2246.299967688335,3.344949742124965,2.1676091E-5,19.192957,0.026529482,0.2657916,0.009216848,0.10266222,0.022062754,0.22949615,0.043995395,0.7792682,0.0047467174,0.09750955,0.011572343,0.25559446,0.024635427,null,null,null,null,"TWOGAUSSIANS",8,2.2913096,0.7792682,0.0047449064,0.4,0.0,0.23759553,0.012894074,0.2657916,0.009218657,0.4,0.0,0.21149458,0.04963023
375316653866487564,5533033679699308544,0.61252254,2256.4638596807204,1.3637452217995287,4.5350002E-6,14.487691,0.0061853197,0.14931333,0.0021335545,0.11109041,0.0058471044,0.12902705,0.0052519618,0.6512505,0.0015498328,0.09918354,0.004918444,0.14640546,0.0052984655,null,null,null,null,"TWOGAUSSIANS",8,11.177152,0.6512505,0.0015498328,0.4,0.0,0.130606,0.0028817218,0.14931333,0.0021335545,0.4,0.0,0.11321816,0.0018137472
375316653866487564,5533034676126132992,0.5229037,2234.092870769288,0.9117731291796084,7.488608E-5,19.18411,0.0044667856,0.20054328,9.5129607E-4,0.02206813,0.0025838967,0.6102524,0.053487528,0.6985309,0.0032787442,0.023216793,0.006769419,0.16648772,0.1406189,null,null,null,null,"TWOGAUSSIANS",8,2.0401862,0.20054328,9.5129607E-4,0.12358153,0.014469822,0.6102524,0.053487528,0.6985309,0.0032787442,0.13001405,0.037908748,0.16648772,0.1406189
375316653866487564,5533035122808141824,0.4391246,2249.044768999723,2.1396504736611144,3.99579E-5,17.581568,0.007756313,0.2473488,0.008228413,0.011392375,0.008641055,0.052101076,0.099584915,0.72064865,0.009364255,0.038010523,0.0127761485,0.13346231,0.036021307,0.04628536,0.017251296,0.72064865,0.009364255,"TWOGAUSSIANS_WITH_ELLIPSOIDAL_ON_ECLIPSE2",9,45.190018,0.72064865,0.009364255,0.21285893,0.071546435,0.22603291,0.043509908,0.2468788,0.009002226,0.0637973,0.048389904,0.14213564,0.097217426
375316653866487564,5533037489325702272,0.4589272,2230.4079700920047,2.6247215642037713,5.2182117E-5,18.005955,0.009723171,0.30425555,0.01744333,0.09745892,0.0172925,0.12430805,0.022632375,0.7673417,0.0064708213,0.03937782,0.011424742,0.3094429,0.057209484,null,null,null,null,"TWOGAUSSIANS",8,18.031773,0.7673417,0.0064708213,0.22051579,0.06397855,0.30931374,0.057559405,0.30425555,0.01744333,0.4,0.0,0.124177314,0.022672813
375316653866487564,5533038386983415808,0.5247814,2234.3399635616306,1.1947345776341716,1.0913208E-5,17.23489,0.0016506029,0.29883325,0.002350675,0.041290227,0.0049378136,0.060560353,0.0060436027,null,null,null,null,null,null,0.043171432,0.0030479047,0.29883325,0.002350675,"ONEGAUSSIAN_WITH_ELLIPSOIDAL",6,3.539087,0.29883325,0.002350675,0.23122527,0.027651757,0.14690305,0.0054956865,null,null,null,null,null,null
375316653866487564,5533038730580585216,0.5067004,2220.937930572848,1.5002023437873644,3.0920623E-5,17.059195,0.0013809223,0.09722622,0.0060183783,0.027021907,0.00603005,0.055309433,0.005706922,0.58898515,0.012786821,0.017052319,0.007010849,0.10111702,0.037817568,null,null,null,null,"TWOGAUSSIANS",8,2.341025,0.58898515,0.012786821,0.09549299,0.039260756,0.10111702,0.037817568,0.09722622,0.0060183783,0.15132268,0.03376828,0.055309433,0.005706922
375316653866487564,5533039447831298944,0.5694084,2217.1526807329496,0.25819779796526965,2.5242161E-5,17.744102,0.011246853,0.2185836,0.008563229,0.07341625,0.0128173195,0.17394565,0.011365226,0.7179271,0.0050191996,0.029949715,0.004063166,0.7001424,0.05336769,null,null,null,null,"TWOGAUSSIANS",8,14.517203,0.7179271,0.0050191996,0.16771841,0.02275373,0.7001386,0.05336585,0.2185836,0.008563229,0.4,0.021300776,0.17394191,0.011361577
375316653866487564,5533039482191077632,0.54220957,2204.6316925604533,2.7104491354623748,9.255715E-6,18.052925,0.009161305,0.241334,0.0023834088,0.09950282,0.007821194,0.17971514,0.008270505,0.74143404,0.004106456,0.097941376,0.0064574927,0.17277776,0.010077618,null,null,null,null,"TWOGAUSSIANS",8,1.6812707,0.241334,0.0023834088,0.4,0.0,0.16545837,0.009541698,0.74143404,0.004106456,0.4,0.0,0.1585214,0.0066108136
375316653866487564,5533041067042826240,0.5966666,2203.970674620019,2.774695154558841,9.625601E-6,16.124434,0.04500836,0.22849528,0.007465576,0.049224623,0.011147819,0.32971334,0.1072606,0.7326568,0.0034822314,0.05159144,0.012651571,0.33570284,0.07895725,0.09613245,0.052423164,0.22849528,0.007465576,"TWOGAUSSIANS_WITH_ELLIPSOIDAL_ON_ECLIPSE1",9,50.54135,0.7326568,0.0034822314,0.28891206,0.07084879,0.5278337,0.041645914,0.22849528,0.007465576,0.27565786,0.062427793,0.5219756,0.009418038
375316653866487564,5533043124322607104,0.47686842,2226.9805264340393,3.7529271544611307,1.8390443E-5,19.369108,0.043244943,0.25093773,0.011824362,0.083097376,0.027568392,0.27166414,0.03440836,0.73354524,0.01159631,0.08910293,0.024457345,0.34062812,0.05668709,null,null,null,null,"TWOGAUSSIANS",8,4.710154,0.73354524,0.01159631,0.4,0.0,0.33394217,0.0623926,0.25093773,0.0118264835,0.4,0.0,0.26497835,0.03272003
375316653866487564,5533043266066427136,0.6479577,2232.5505673736725,3.6317947791421945,3.5578853E-6,15.967039,0.0075622457,0.27312788,9.960263E-4,0.049150936,0.0024117925,0.34619233,0.01710123,0.7677073,0.0015594071,0.049516387,0.0028030549,0.39722848,0.019498456,0.099898845,0.01020856,0.27312788,9.960263E-4,"TWOGAUSSIANS_WITH_ELLIPSOIDAL_ON_ECLIPSE1",9,23.327766,0.7681873,0.0014167838,0.27729177,0.015697107,0.59681344,0.016495956,0.27312788,9.960263E-4,0.27524525,0.013506038,0.54598844,0.012311599
375316653866487564,5533045911766066304,0.5453656,2237.5050920566528,3.057325035300234,1.15675675E-5,18.52092,0.005635807,0.24606408,0.0028365755,0.08374336,0.004077491,0.24712823,0.012012247,0.74987465,0.0034330282,0.079397835,0.0038044446,0.27954942,0.006171256,null,null,null,null,"TWOGAUSSIANS",8,1.697685,0.74987465,0.0034330282,0.4,0.0,0.275095,0.0058411965,0.24606408,0.0028365755,0.4,0.0,0.24267378,0.012323726
375316653866487564,5533046285418752128,0.5460924,2234.464144391878,2.0248584381870125,1.6767233E-5,18.4483,0.001785289,0.47295198,0.0033382727,0.056825947,0.0032106354,0.19713952,0.0036448461,0.6375195,0.007236796,0.013660943,0.012887522,0.03654452,14.897976,null,null,null,null,"TWOGAUSSIANS",8,1.2113504,0.47295198,0.0033382727,0.3182253,0.017979559,0.19713952,0.0036448461,0.6375195,0.007236796,0.07650128,0.07217012,0.03952036,14.897331
