Gaia/vari_eclipsing_binary/VariEclipsingBinary_458870-458882.csv
# %ECSV 1.0
# ---
# delimiter: ','
# meta: !!omap
# - RELEASE: Gaia DR3
# - TABLE: vari_eclipsing_binary
# - DESCRIPTION: >
#     This table describes the properties of the eclipsing binaries resulting from the variability analysis. 
# - CITATION: >
#     How to cite and acknowledge Gaia: 
#     https://gea.esac.esa.int/archive/documentation/credits.html 
# - KNOWN_ISSUES: >
#     Known issues: 
#     https://www.cosmos.esa.int/web/gaia-users/known-issues 
# - DOCUMENTATION: >
#     Tutorials and documentation: 
#     https://www.cosmos.esa.int/web/gaia-users/archive 
# datatype:
# - 
#   name: solution_id
#   datatype: int64
#   description: Solution Identifier
#   meta:
#     ucd: meta.version
# - 
#   name: source_id
#   datatype: int64
#   description: Unique source identifier
#   meta:
#     ucd: meta.id;meta.main
# - 
#   name: global_ranking
#   datatype: float32
#   description: Number between 0 (worst) and 1 (best)
#   meta:
#     ucd: stat.param
# - 
#   name: reference_time
#   datatype: float64
#   unit: d
#   description: Reference time used for the geometric model fit
#   meta:
#     ucd: time.epoch
# - 
#   name: frequency
#   datatype: float64
#   unit: d**-1
#   description: Frequency of geometric model of the eclipsing binary light curve
#   meta:
#     ucd: src.orbital
# - 
#   name: frequency_error
#   datatype: float32
#   unit: d**-1
#   description: "Uncertainty of \\texttt{frequency}"
#   meta:
#     ucd: stat.error
# - 
#   name: geom_model_reference_level
#   datatype: float32
#   unit: mag
#   description: Magnitude reference level of geometric model
#   meta:
#     ucd: phot.mag;em.opt
# - 
#   name: geom_model_reference_level_error
#   datatype: float32
#   unit: mag
#   description: "Uncertainty of \\texttt{geomModelReferenceLevel}"
#   meta:
#     ucd: stat.error;phot.mag;em.opt
# - 
#   name: geom_model_gaussian1_phase
#   datatype: float32
#   description: Phase of the Gaussian 1 component
#   meta:
#     ucd: time.phase
# - 
#   name: geom_model_gaussian1_phase_error
#   datatype: float32
#   description: "Uncertainty of \\texttt{geomModelGaussian1Phase}"
#   meta:
#     ucd: stat.error;time.phase
# - 
#   name: geom_model_gaussian1_sigma
#   datatype: float32
#   description: "Standard deviation [phase] of Gaussian 1 component"
#   meta:
#     ucd: stat.stdev
# - 
#   name: geom_model_gaussian1_sigma_error
#   datatype: float32
#   description: "Uncertainty of \\texttt{geomModelGaussian1Sigma}"
#   meta:
#     ucd: stat.error
# - 
#   name: geom_model_gaussian1_depth
#   datatype: float32
#   unit: mag
#   description: Magnitude depth of Gaussian 1 component
#   meta:
#     ucd: src.var.amplitude
# - 
#   name: geom_model_gaussian1_depth_error
#   datatype: float32
#   unit: mag
#   description: "Uncertainty of \\texttt{geomModelGaussian1Depth}"
#   meta:
#     ucd: stat.error;src.var.amplitude
# - 
#   name: geom_model_gaussian2_phase
#   datatype: float32
#   description: Phase of Gaussian 2 component
#   meta:
#     ucd: time.phase
# - 
#   name: geom_model_gaussian2_phase_error
#   datatype: float32
#   description: "Uncertainty of \\texttt{geomModelGaussian2Phase}"
#   meta:
#     ucd: stat.error;time.phase
# - 
#   name: geom_model_gaussian2_sigma
#   datatype: float32
[...]
#   datatype: float32
#   description: "Secondary eclipse: uncertainty of \\texttt{derivedSecondaryEclDuration}"
#   meta:
#     ucd: stat.error;time.duration
# - 
#   name: derived_secondary_ecl_depth
#   datatype: float32
#   unit: mag
#   description: "Secondary eclipse: depth"
#   meta:
#     ucd: src.var.amplitude
# - 
#   name: derived_secondary_ecl_depth_error
#   datatype: float32
#   unit: mag
#   description: "Secondary eclipse: uncertainty of \\texttt{derivedSecondaryEclDepth}"
#   meta:
#     ucd: stat.error;src.var.amplitude
solution_id,source_id,global_ranking,reference_time,frequency,frequency_error,geom_model_reference_level,geom_model_reference_level_error,geom_model_gaussian1_phase,geom_model_gaussian1_phase_error,geom_model_gaussian1_sigma,geom_model_gaussian1_sigma_error,geom_model_gaussian1_depth,geom_model_gaussian1_depth_error,geom_model_gaussian2_phase,geom_model_gaussian2_phase_error,geom_model_gaussian2_sigma,geom_model_gaussian2_sigma_error,geom_model_gaussian2_depth,geom_model_gaussian2_depth_error,geom_model_cosine_half_period_amplitude,geom_model_cosine_half_period_amplitude_error,geom_model_cosine_half_period_phase,geom_model_cosine_half_period_phase_error,model_type,num_model_parameters,reduced_chi2,derived_primary_ecl_phase,derived_primary_ecl_phase_error,derived_primary_ecl_duration,derived_primary_ecl_duration_error,derived_primary_ecl_depth,derived_primary_ecl_depth_error,derived_secondary_ecl_phase,derived_secondary_ecl_phase_error,derived_secondary_ecl_duration,derived_secondary_ecl_duration_error,derived_secondary_ecl_depth,derived_secondary_ecl_depth_error
[from data line 298]
375316653866487564,4036310076179038720,0.53148353,2344.771845853418,1.951767824370372,2.7768237E-5,17.721397,0.0025683355,0.15885681,0.006966348,0.021027401,0.0056137964,0.04731655,0.012389367,0.7167726,0.0050981967,0.054356482,0.004551043,0.21349236,0.018128736,null,null,null,null,"TWOGAUSSIANS",8,3.6367636,0.7167726,0.0050981967,0.3043963,0.02548584,0.21349236,0.018128736,0.15885681,0.006966348,0.11775344,0.03143726,0.04731655,0.012389367
375316653866487564,4036310179258282368,0.46132323,2340.058211822469,2.704877460801015,5.4146956E-5,18.453024,0.0058283056,0.18490241,0.026732553,0.038999964,0.036990423,0.10270915,6953676.0,0.6882477,0.010534515,0.020777393,0.0051591895,3.010018,16.116697,null,null,null,null,"TWOGAUSSIANS",8,4.9134703,0.6882477,0.010534515,0.1163534,0.028891461,3.010018,16.116697,0.18490241,0.026732553,0.21839981,0.20714636,0.10270915,6953676.0
375316653866487564,4036310518464701312,0.4872294,2443.7541957691783,0.7848856381066296,4.7278158E-5,18.81952,0.011681379,0.36188352,0.015177386,0.044986308,0.016254503,0.25531718,0.054851886,0.839457,6.5169815E-4,0.009850842,0.0013134269,0.44963866,0.12617233,null,null,null,null,"TWOGAUSSIANS",8,3.8989446,0.839457,6.5169815E-4,0.055164713,0.007355191,0.44963866,0.12617233,0.36188352,0.015177386,0.25192332,0.09102522,0.25531718,0.054851886
375316653866487564,4036310522806911104,0.5142192,2324.569900217105,4.911587634631022,1.1356021E-4,19.38,0.012004417,0.13108344,5.440056E-4,0.012490757,0.0014017943,0.25547245,0.047823444,0.5195006,0.005649312,0.033700112,0.0047008367,0.68696815,0.06844009,null,null,null,null,"TWOGAUSSIANS",8,9.203568,0.5195006,0.005649312,0.18872063,0.026324688,0.68696815,0.06844009,0.13108344,5.440056E-4,0.06994824,0.007850048,0.25547245,0.047823444
375316653866487564,4036310728971943552,0.5078924,2371.2191064754306,2.203589841247094,2.070636E-5,17.914062,0.34459928,0.20990703,0.009041167,0.13849062,0.104800455,0.1900337,0.325133,0.6960677,0.008921181,0.13584286,0.059341077,0.24939883,0.31398252,null,null,null,null,"TWOGAUSSIANS",8,5.400938,0.6960677,0.008921181,0.4,0.0,0.17506386,0.013069224,0.21047704,0.008691037,0.4,0.0,0.1157124,0.011585304
375316653866487564,4036311038203002496,0.47808918,2348.602298862255,0.9067225959806574,1.757784E-5,18.103731,0.003920889,0.7908538,0.004942424,0.057967335,0.019829568,0.014469752,0.011678227,null,null,null,null,null,null,0.03652026,0.007027751,0.7908538,0.004942424,"ONEGAUSSIAN_WITH_ELLIPSOIDAL",6,2.8321514,0.7908538,0.004942424,0.3246171,0.111045584,0.08750887,0.007882486,null,null,null,null,null,null
375316653866487564,4036311141282380416,0.54202217,2297.7270910659877,2.973713685612525,6.1437754E-6,18.142399,0.0041655963,0.2718993,0.0016774521,0.09123253,0.003961166,0.2002737,0.004380463,0.7688145,0.00403087,0.084007815,0.004182992,0.17686966,0.0061123176,null,null,null,null,"TWOGAUSSIANS",8,1.1355982,0.2718993,0.0016774521,0.4,0.0,0.19415356,0.004059361,0.7688145,0.00403087,0.4,0.0,0.17074965,0.005252707
375316653866487564,4036311141282399488,0.44089025,2421.360766539232,1.5237919496331878,8.7891734E-5,19.9232,0.025662674,0.5467188,0.004941436,0.023076888,0.014093703,0.7855966,12.613977,0.89685196,0.011579866,0.035783626,0.008378767,0.56012905,0.20234877,null,null,null,null,"TWOGAUSSIANS",8,6.9809604,0.5467188,0.004941436,0.12923057,0.07892474,0.7855966,12.613977,0.89685196,0.011579866,0.20038831,0.0469211,0.56012905,0.20234877
375316653866487564,4036311175641997056,0.41686013,2328.3888692572605,1.6282953343422173,9.121596E-5,18.809002,0.013739305,0.2766331,0.0014991092,0.026841085,0.007344153,0.038960006,0.013469794,0.6084128,0.019776877,0.023471832,0.047261972,0.11802966,0.029643312,null,null,null,null,"TWOGAUSSIANS",8,4.7817645,0.6084128,0.019776877,0.13144226,0.26466703,0.11802966,0.029643312,0.2766331,0.0014991092,0.15031008,0.041127257,0.038960006,0.013470907
375316653866487564,4036311175642053376,0.462725,2305.767240033948,0.027751018992858874,6.230319E-5,19.20809,0.15168148,0.25252706,0.02331647,0.14130367,0.06570154,0.23469275,0.14772828,0.77434474,0.023504695,0.10926614,0.04795827,0.29181635,0.13242735,null,null,null,null,"TWOGAUSSIANS",8,4.591938,0.7748347,0.022710603,0.4,0.0037059195,0.23477091,0.08630543,0.25246707,0.023217505,0.4,0.0,0.1766463,0.020056652
375316653866487564,4036311381807067008,0.47507197,2358.920862024414,0.04729458778014279,1.3794302E-5,19.715918,0.012617136,0.32761317,0.009080936,0.030081512,0.013107987,0.4403609,0.14017674,0.660774,0.0067789964,0.06357046,0.012047219,0.25844175,0.13713717,0.19549274,0.016366681,0.660774,0.0067789964,"TWOGAUSSIANS_WITH_ELLIPSOIDAL_ON_ECLIPSE2",9,3.5413964,0.660774,0.0067789964,0.35599458,0.06308375,0.64931464,0.13030666,0.32305318,0.008127384,0.16845647,0.07340473,0.54244256,0.15035409
375316653866487564,4036311618001398016,0.42807698,2429.4462374320683,1.8748727830690428,1.9260461E-4,18.019306,0.32245293,0.289794,0.014748135,0.18043214,0.1277707,0.23899789,0.31700665,0.8017355,0.019194245,0.1391321,0.06760335,0.25044304,0.26808223,null,null,null,null,"TWOGAUSSIANS",8,17.53529,0.8040655,0.017512681,0.4,0.0,0.12772062,0.018884677,0.288944,0.013325684,0.4,0.0,0.10664037,0.013091851
375316653866487564,4036311618018241024,0.5492578,2404.422563536879,3.156421886669333,1.1237237E-5,18.874308,0.006841298,0.24413036,0.0035901617,0.071418785,0.0046683857,0.38632575,0.016518319,0.74857706,0.008353571,0.08327305,0.008420163,0.32132635,0.041791357,null,null,null,null,"TWOGAUSSIANS",8,2.9529798,0.24413036,0.0035901617,0.3999452,0.014628468,0.38290703,0.016831765,0.74857706,0.008353571,0.4,0.0,0.31790763,0.04278747
375316653866487564,4036311691048869888,0.4553104,2425.01779531253,2.384198986558743,3.943562E-5,19.369303,0.37141058,0.2742655,0.012944034,0.097788595,0.082442895,0.32014418,0.29992896,0.77975714,0.015203028,0.104897335,0.052333504,0.2769892,0.3395561,null,null,null,null,"TWOGAUSSIANS",8,8.698566,0.2742655,0.012925951,0.4,0.0,0.29369855,0.09937836,0.77975714,0.015209402,0.4,0.0,0.25053832,0.040087435
375316653866487564,4036311794124809088,0.47450098,2466.2473592030788,0.5280670284591209,3.0283834E-5,18.894041,0.015539223,0.35291272,0.00371789,0.022809677,0.0031784917,0.4336519,0.07420442,0.8196046,0.009888686,0.032334458,0.006575735,0.46295607,0.14831614,null,null,null,null,"TWOGAUSSIANS",8,4.4302673,0.8196046,0.009888686,0.18107297,0.036824115,0.46295607,0.14831614,0.35291272,0.00371789,0.1277342,0.017799554,0.4336519,0.07420442
375316653866487564,4036311858499996160,0.45974138,2429.7028698372733,0.061516771258812296,3.563696E-5,18.148325,0.06607091,0.19610591,0.08391264,0.09910892,0.12971549,0.115432635,0.06092128,0.7236271,0.011602889,0.09217182,0.02094021,0.23569736,0.059089106,null,null,null,null,"TWOGAUSSIANS",8,14.787988,0.7236271,0.01158509,0.4,0.0,0.22852282,0.0466442,0.19610591,0.08393167,0.4,0.0,0.10825715,0.023432015
375316653866487564,4036312000286415616,0.49437386,2426.369617328405,2.949524265644045,2.471031E-5,19.127651,0.08939706,0.18332672,0.008270926,0.09183744,0.036920227,0.29764852,0.050030354,0.69159776,0.0057421927,0.121667475,0.031620715,0.2272836,0.08713021,null,null,null,null,"TWOGAUSSIANS",8,2.294984,0.18330672,0.008215773,0.4,0.0,0.26825842,0.08866027,0.69159776,0.0057419864,0.4,0.0,0.19779232,0.016105419
375316653866487564,4036312614434028544,0.5832368,2355.165412639226,0.26970157989092564,2.873246E-5,18.43476,0.0047436743,0.30632848,0.0013344913,0.039880257,0.001301636,0.54043436,0.01704682,0.9526648,0.0142337,0.014981336,0.03180776,0.096651606,0.10709233,null,null,null,null,"TWOGAUSSIANS",8,3.2158654,0.30632848,0.0013344913,0.22332944,0.0072891614,0.54043436,0.01704682,0.9526648,0.0142337,0.08389548,0.17812346,0.096651606,0.10709233
375316653866487564,4036312618752136704,0.50641704,2327.7151412786966,3.007359954452593,1.3627442E-5,18.82547,0.010188282,0.22274569,0.006493697,0.08327078,0.0069513125,0.26082864,0.013633007,0.7354006,0.004483116,0.08181989,0.008559792,0.2890206,0.028481804,null,null,null,null,"TWOGAUSSIANS",8,3.2420459,0.7354006,0.004483116,0.4,0.0,0.28460032,0.030155096,0.22274569,0.006493697,0.4,0.0,0.25640836,0.01207377
375316653866487564,4036312893636339584,0.5155617,2418.7413501291667,4.157034903176059,6.081206E-5,18.66516,0.06322172,0.23814605,0.026418641,0.07887252,0.04359972,0.22656429,0.058738053,0.7590953,0.01982851,0.085414924,0.031353638,0.18725617,0.059659727,null,null,null,null,"TWOGAUSSIANS",8,3.7684839,0.23814605,0.026428156,0.4,0.0,0.22387874,0.011714454,0.7590953,0.01982851,0.4,0.0,0.18457058,0.0138241
375316653866487564,4036313340307069696,0.5391063,2344.0992236062116,2.621683220785794,9.8722485E-6,18.937757,0.012265019,0.19786856,0.0030090318,0.08506539,0.0055685146,0.38501862,0.013013043,0.6882884,0.0028508764,0.08529423,0.004524171,0.35243544,0.021149103,null,null,null,null,"TWOGAUSSIANS",8,2.6681592,0.19786856,0.0030090318,0.4,0.0,0.37661734,0.012516949,0.6882884,0.0028508764,0.4,0.0,0.34403417,0.020884288
375316653866487564,4036313443386338944,0.507035,2355.904702090061,2.1500035367539567,1.2248407E-5,17.988619,0.080665,0.25603172,0.0037028678,0.09323847,0.026007138,0.19117776,0.07225661,0.74960506,0.0070424816,0.11079298,0.042437848,0.17008552,0.07758949,null,null,null,null,"TWOGAUSSIANS",8,6.3823647,0.2560417,0.0038525735,0.4,0.0,0.17479897,0.016642068,0.74960506,0.0070424816,0.4,0.0,0.15369369,0.02122334
375316653866487564,4036313512153314560,0.61887616,2399.359622108975,1.998385551052357,6.615982E-6,15.727592,0.005312831,0.2798764,0.002063333,0.06950095,0.00524958,0.12436087,0.013322255,0.78510404,0.01958776,0.025704222,0.017922036,0.093358845,0.031004587,0.083886705,0.006830136,0.2798764,0.002063333,"TWOGAUSSIANS_WITH_ELLIPSOIDAL_ON_ECLIPSE1",9,18.285452,0.2798764,0.002063333,0.38920537,0.024712415,0.2919451,0.0066252174,0.78510404,0.01753499,0.14394364,0.1003634,0.26076216,0.030100852
375316653866487564,4036313649545065216,0.4829117,2275.8621606730712,2.3641965805686938,3.0692274E-5,18.521223,0.044326913,0.3107736,0.007695436,0.09799129,0.019034592,0.29855028,0.04505873,0.80875754,0.007525321,0.091769636,0.017908704,0.38848773,0.04240571,null,null,null,null,"TWOGAUSSIANS",8,10.364173,0.80875754,0.007525321,0.4,0.0,0.368053,0.038174916,0.3107736,0.007695436,0.4,0.0,0.2781145,0.03676433
375316653866487564,4036313787031019776,0.45296776,2449.9163497121917,2.394930058521522,7.903176E-5,19.217144,0.012921678,0.23758328,0.03169855,0.07015616,0.03142266,0.052071784,0.03888214,0.6482288,0.011163606,0.02388995,0.018519646,0.23058856,0.15777265,null,null,null,null,"TWOGAUSSIANS",8,2.9625623,0.6482288,0.011163606,0.13378373,0.10371002,0.23058856,0.15777273,0.23758328,0.03169855,0.39287448,0.15276131,0.05207178,0.038882088
375316653866487564,4036313993147370112,0.43727264,2422.3657230209396,1.0058974113071641,2.7521643E-5,18.71332,0.01577858,0.512798,0.014977451,0.03504025,0.01662493,0.4239564,0.055496126,0.77821004,0.0076368204,0.023376517,0.004527945,0.1890461,0.034812395,null,null,null,null,"TWOGAUSSIANS",8,8.606223,0.512798,0.014977451,0.19622539,0.09309961,0.4239564,0.055496126,0.77821004,0.0076368204,0.13090849,0.025356494,0.1890461,0.034812413
375316653866487564,4036314229316907136,0.48401237,2460.589807603047,3.722863358817185,4.7415553E-5,18.60702,0.024917923,0.12544118,0.030474136,0.02474475,0.019492581,0.22779277,0.1328492,0.49721807,0.01062429,0.15052183,0.011383542,0.5452874,0.0345015,null,null,null,null,"TWOGAUSSIANS",8,5.1510215,0.49721807,0.01062429,0.4,0.0,0.54090565,0.03283359,0.12659118,0.029020427,0.13857059,0.109158464,0.24956107,0.13095434
375316653866487564,4036314405506361728,0.44094267,2399.2888869064536,0.9175676401094365,8.959629E-5,19.046276,0.01016289,0.32384938,0.038209032,0.088239886,0.04608806,0.19480309,0.027181158,0.87829113,0.017923329,0.011127336,0.006355227,0.124489754,0.05756138,null,null,null,null,"TWOGAUSSIANS",8,2.7763934,0.32384938,0.038209032,0.4,0.0,0.19480304,0.02718027,0.87829113,0.017923329,0.062313084,0.03558927,0.12449027,0.057563454
375316653866487564,4036314439818124544,0.4524739,2395.469319798371,1.51503426509977,3.685732E-5,18.554844,0.0055182544,0.2252737,0.031807024,0.018537572,0.0395467,0.09871343,0.11446305,0.7373539,0.013064647,0.06476401,0.017475186,0.12883481,0.021676278,null,null,null,null,"TWOGAUSSIANS",8,3.875505,0.7373539,0.013064647,0.36267847,0.097861044,0.12883481,0.021675197,0.2252737,0.031807024,0.1038104,0.2214615,0.09871342,0.11448345
375316653866487564,4036314779079716224,0.4940777,2283.8305669784086,0.07383159931837603,3.5803565E-5,17.875677,0.0049390667,0.2281845,0.014235929,0.037355326,0.009015701,0.056518503,0.009831324,0.66865706,0.0103948,0.082692765,0.009409304,0.1850544,0.010920418,null,null,null,null,"TWOGAUSSIANS",8,7.659382,0.66865706,0.0103948,0.4,0.0,0.18504985,0.010926084,0.2281845,0.014235929,0.20918983,0.05048792,0.056514073,0.009832007
375316653866487564,4036314920860451200,0.47645983,2383.8509184689574,0.061214254216597375,1.5555614E-5,17.698505,0.021740418,0.5001345,0.010477294,0.09669318,0.015175679,0.096470766,0.023196712,0.8903801,0.029579645,0.055361938,0.10508339,0.025867322,0.016763218,null,null,null,null,"TWOGAUSSIANS",8,2.2330735,0.5001345,0.009176934,0.4,0.0,0.09643385,0.019871548,0.8903801,0.029579645,0.31002685,0.16673239,0.025858419,0.015777139
375316653866487564,4036315019633682560,0.63825566,2346.2792543927476,1.0725587994332932,4.5318516E-6,15.622565,0.014063998,0.25739488,0.0044807508,0.045437515,0.0071422136,0.19636449,0.038044676,0.7524224,0.0010151089,0.04755466,0.0019472586,0.76886266,0.030658131,0.1006268,0.017711464,0.25739488,0.0044807508,"TWOGAUSSIANS_WITH_ELLIPSOIDAL_ON_ECLIPSE1",9,64.19735,0.7526424,8.109593E-4,0.2663061,0.010904648,0.96992713,0.024383489,0.25739488,0.0044807508,0.25445008,0.039996397,0.3976166,0.023068117
375316653866487564,4036315161373600512,0.45279187,2335.0609967245746,3.072150807400285,3.7445807E-5,19.799059,0.085630275,0.2703315,0.014243408,0.08806926,0.034086246,0.5656061,0.12154622,0.75002116,0.006033344,0.088121116,0.015038693,0.5831099,0.07813246,null,null,null,null,"TWOGAUSSIANS",8,10.800651,0.75002116,0.006033344,0.4,0.0,0.56843925,0.057542194,0.2703315,0.014243408,0.4,0.037245765,0.55093545,0.13547286
375316653866487564,4036315260109237760,0.6402327,2376.5736589606317,1.117147939923828,5.7734937E-6,17.179426,0.0024523844,0.25321096,0.017083034,0.04773026,0.017421925,0.056720115,0.017039359,0.7482624,9.1415993E-4,0.042641696,0.0010595814,0.4909291,0.005180854,null,null,null,null,"TWOGAUSSIANS",8,4.347193,0.7482624,9.1415993E-4,0.23879349,0.0059336564,0.49092904,0.0051807533,0.25321096,0.017083034,0.26728946,0.09756278,0.056720063,0.01703928
375316653866487564,4036315333219454080,0.48226967,2383.6934830464766,0.03754586230840009,4.009767E-5,19.27159,0.020624062,0.29455885,0.006284625,0.046828903,0.013694427,0.39882463,0.08332557,0.7692689,0.021876229,0.03445005,0.00993554,0.31692463,0.11100713,null,null,null,null,"TWOGAUSSIANS",8,7.6208377,0.29455885,0.006284625,0.26224187,0.07668879,0.39882463,0.083325595,0.7692689,0.021876229,0.19292028,0.055639025,0.31692463,0.11100713
375316653866487564,4036315470610790144,0.433565,2338.1086115438834,0.5635455920856556,6.738367E-5,18.018105,0.011434825,0.21858862,0.063631296,0.037947297,0.062308602,0.0399177,0.03363687,0.8713117,0.013995979,0.028662162,0.017718371,0.6793783,450.27957,0.035522994,0.027654465,0.21858862,0.063631296,"TWOGAUSSIANS_WITH_ELLIPSOIDAL_ON_ECLIPSE1",9,11.905709,0.8713117,0.013995979,0.16050811,0.099222876,0.7027746,450.27817,0.21858862,0.063631296,0.21250486,0.2834088,0.11096364,0.03855444
