Gaia/vari_eclipsing_binary/VariEclipsingBinary_472369-472398.csv
# %ECSV 1.0
# ---
# delimiter: ','
# meta: !!omap
# - RELEASE: Gaia DR3
# - TABLE: vari_eclipsing_binary
# - DESCRIPTION: >
#     This table describes the properties of the eclipsing binaries resulting from the variability analysis. 
# - CITATION: >
#     How to cite and acknowledge Gaia: 
#     https://gea.esac.esa.int/archive/documentation/credits.html 
# - KNOWN_ISSUES: >
#     Known issues: 
#     https://www.cosmos.esa.int/web/gaia-users/known-issues 
# - DOCUMENTATION: >
#     Tutorials and documentation: 
#     https://www.cosmos.esa.int/web/gaia-users/archive 
# datatype:
# - 
#   name: solution_id
#   datatype: int64
#   description: Solution Identifier
#   meta:
#     ucd: meta.version
# - 
#   name: source_id
#   datatype: int64
#   description: Unique source identifier
#   meta:
#     ucd: meta.id;meta.main
# - 
#   name: global_ranking
#   datatype: float32
#   description: Number between 0 (worst) and 1 (best)
#   meta:
#     ucd: stat.param
# - 
#   name: reference_time
#   datatype: float64
#   unit: d
#   description: Reference time used for the geometric model fit
#   meta:
#     ucd: time.epoch
# - 
#   name: frequency
#   datatype: float64
#   unit: d**-1
#   description: Frequency of geometric model of the eclipsing binary light curve
#   meta:
#     ucd: src.orbital
# - 
#   name: frequency_error
#   datatype: float32
#   unit: d**-1
#   description: "Uncertainty of \\texttt{frequency}"
#   meta:
#     ucd: stat.error
# - 
#   name: geom_model_reference_level
#   datatype: float32
#   unit: mag
#   description: Magnitude reference level of geometric model
#   meta:
#     ucd: phot.mag;em.opt
# - 
#   name: geom_model_reference_level_error
#   datatype: float32
#   unit: mag
#   description: "Uncertainty of \\texttt{geomModelReferenceLevel}"
#   meta:
#     ucd: stat.error;phot.mag;em.opt
# - 
#   name: geom_model_gaussian1_phase
#   datatype: float32
#   description: Phase of the Gaussian 1 component
#   meta:
#     ucd: time.phase
# - 
#   name: geom_model_gaussian1_phase_error
#   datatype: float32
#   description: "Uncertainty of \\texttt{geomModelGaussian1Phase}"
#   meta:
#     ucd: stat.error;time.phase
# - 
#   name: geom_model_gaussian1_sigma
#   datatype: float32
#   description: "Standard deviation [phase] of Gaussian 1 component"
#   meta:
#     ucd: stat.stdev
# - 
#   name: geom_model_gaussian1_sigma_error
#   datatype: float32
#   description: "Uncertainty of \\texttt{geomModelGaussian1Sigma}"
#   meta:
#     ucd: stat.error
# - 
#   name: geom_model_gaussian1_depth
#   datatype: float32
#   unit: mag
#   description: Magnitude depth of Gaussian 1 component
#   meta:
#     ucd: src.var.amplitude
# - 
#   name: geom_model_gaussian1_depth_error
#   datatype: float32
#   unit: mag
#   description: "Uncertainty of \\texttt{geomModelGaussian1Depth}"
#   meta:
#     ucd: stat.error;src.var.amplitude
# - 
#   name: geom_model_gaussian2_phase
#   datatype: float32
#   description: Phase of Gaussian 2 component
#   meta:
#     ucd: time.phase
# - 
#   name: geom_model_gaussian2_phase_error
#   datatype: float32
#   description: "Uncertainty of \\texttt{geomModelGaussian2Phase}"
#   meta:
#     ucd: stat.error;time.phase
# - 
#   name: geom_model_gaussian2_sigma
#   datatype: float32
[...]
#   datatype: float32
#   description: "Secondary eclipse: uncertainty of \\texttt{derivedSecondaryEclDuration}"
#   meta:
#     ucd: stat.error;time.duration
# - 
#   name: derived_secondary_ecl_depth
#   datatype: float32
#   unit: mag
#   description: "Secondary eclipse: depth"
#   meta:
#     ucd: src.var.amplitude
# - 
#   name: derived_secondary_ecl_depth_error
#   datatype: float32
#   unit: mag
#   description: "Secondary eclipse: uncertainty of \\texttt{derivedSecondaryEclDepth}"
#   meta:
#     ucd: stat.error;src.var.amplitude
solution_id,source_id,global_ranking,reference_time,frequency,frequency_error,geom_model_reference_level,geom_model_reference_level_error,geom_model_gaussian1_phase,geom_model_gaussian1_phase_error,geom_model_gaussian1_sigma,geom_model_gaussian1_sigma_error,geom_model_gaussian1_depth,geom_model_gaussian1_depth_error,geom_model_gaussian2_phase,geom_model_gaussian2_phase_error,geom_model_gaussian2_sigma,geom_model_gaussian2_sigma_error,geom_model_gaussian2_depth,geom_model_gaussian2_depth_error,geom_model_cosine_half_period_amplitude,geom_model_cosine_half_period_amplitude_error,geom_model_cosine_half_period_phase,geom_model_cosine_half_period_phase_error,model_type,num_model_parameters,reduced_chi2,derived_primary_ecl_phase,derived_primary_ecl_phase_error,derived_primary_ecl_duration,derived_primary_ecl_duration_error,derived_primary_ecl_depth,derived_primary_ecl_depth_error,derived_secondary_ecl_phase,derived_secondary_ecl_phase_error,derived_secondary_ecl_duration,derived_secondary_ecl_duration_error,derived_secondary_ecl_depth,derived_secondary_ecl_depth_error
375316653866487564,4155003795111741824,0.5155074,2260.4717071981086,0.8713894804266109,8.110312E-5,17.687548,0.017557511,0.37443793,0.07990862,0.058628198,0.06724954,0.46935052,12.55825,0.8349431,0.006537074,0.041174736,0.0062576323,0.4733538,0.028542329,null,null,null,null,"TWOGAUSSIANS",8,70.82137,0.8349431,0.006537074,0.23057851,0.03504274,0.4733534,0.028444126,0.37443793,0.07990862,0.3283179,0.3459455,0.4693501,12.558269
375316653866487564,4155004314807189760,0.702613,2242.98030027101,0.6838441185819116,2.9807698E-6,15.202844,0.003864215,0.2838984,0.0015663496,0.038818263,0.0031413876,0.31010872,0.016183965,0.78123105,0.0020519483,0.040261135,0.0020697566,0.28072464,0.010480179,0.06280482,0.004880393,0.2838984,0.0015663496,"TWOGAUSSIANS_WITH_ELLIPSOIDAL_ON_ECLIPSE1",9,7.923665,0.2838984,0.0015663496,0.21738227,0.01759177,0.4357183,0.016135478,0.78137106,0.001947899,0.22546235,0.011590637,0.40630084,0.00665592
375316653866487564,4155005242527536512,0.5915341,2264.8382558318876,2.20235589332435,1.8712977E-5,18.13349,0.015047198,0.28423625,0.0057697603,0.07905945,0.0061301757,0.40468463,0.022079708,0.7963492,0.0034811115,0.08208832,0.0064526414,0.40996173,0.03472871,null,null,null,null,"TWOGAUSSIANS",8,6.1139393,0.7963492,0.0034811115,0.4,0.0,0.4047382,0.035302527,0.28423625,0.0057697603,0.4,0.0,0.3994611,0.021648493
375316653866487564,4155008919012404224,0.49928358,2215.769492905168,2.5454138372705626,5.649383E-5,19.286678,0.060705613,0.3552942,0.02140119,0.083700575,0.027513282,0.31390825,0.10609903,0.85525453,0.00874488,0.11798752,0.045188215,0.22158048,0.03770108,null,null,null,null,"TWOGAUSSIANS",8,3.1805074,0.3552942,0.021417629,0.4,0.05475312,0.29086915,0.1026088,0.85525453,0.00874488,0.4,0.0,0.19848554,0.026409445
375316653866487564,4155014210423969408,0.45043224,2190.084673881959,1.0650224747102186,5.735132E-5,17.183687,0.006515644,0.32147083,0.018899316,0.07988723,0.01678955,0.11924877,0.02675177,0.85011995,0.07813422,0.04564416,0.03096668,0.13365375,4.726332,null,null,null,null,"TWOGAUSSIANS",8,2.3754969,0.85011995,0.07813422,0.2556073,0.17341341,0.13362011,4.726367,0.32147083,0.018899316,0.4,0.0,0.11921513,0.026787128
375316653866487564,4155014313498699904,0.5393739,2238.862388465831,0.24047391790406075,6.105791E-6,17.149588,0.0037808612,0.3988032,9.1317407E-4,0.0220443,0.0014301359,0.44902122,0.062051233,0.55133504,0.026394349,0.018918483,0.010983761,0.08514642,0.08970225,null,null,null,null,"TWOGAUSSIANS",8,8.452866,0.3988032,9.1317407E-4,0.12344808,0.00800876,0.44902122,0.06205123,0.55133504,0.026394349,0.1059435,0.06150906,0.08514642,0.089702226
375316653866487564,4155014412271425408,0.50775415,2196.341709667608,1.1186272105370192,3.920854E-5,19.265057,0.0072013973,0.21794853,0.005748095,0.01710864,0.0073365266,0.46942726,35.75991,0.7149643,0.029643847,0.02825126,0.047162052,0.043473914,0.026253961,null,null,null,null,"TWOGAUSSIANS",8,1.6048901,0.21794853,0.005748095,0.09580838,0.04108455,0.46942726,35.75991,0.7149643,0.029643847,0.15820706,0.23582959,0.043473914,0.026253968
375316653866487564,4155018608455213312,0.4584915,2232.841436065289,4.444805347574654,2.428951E-5,18.373133,0.044639844,0.105988994,0.03504482,0.059556033,0.022436408,0.2772931,0.081476554,0.7295774,0.06939383,0.056036532,0.09386111,0.13408872,0.044859763,null,null,null,null,"TWOGAUSSIANS",8,2.0643196,0.105988994,0.03483962,0.3335138,0.09419841,0.27729288,0.08727603,0.7295774,0.06939383,0.31380457,0.14964019,0.13408855,0.044623356
375316653866487564,4155019776685623936,0.5305198,2179.361902402402,0.7471589832384959,1.2662173E-4,19.748142,0.0065903077,0.33355856,0.02253414,0.06341198,0.012656562,0.105176084,0.009175997,0.74363905,0.026228882,0.043513134,0.018614925,0.78102267,0.8249959,null,null,null,null,"TWOGAUSSIANS",8,1.0587428,0.74363905,0.026228882,0.24367355,0.104243584,0.78102255,0.8250017,0.33355856,0.02253414,0.3551071,0.07087675,0.10517597,0.009172789
375316653866487564,4155023453189419520,0.6017517,2258.698149906161,2.363906665969352,1.0546302E-5,18.829788,0.0091673145,0.29930806,0.0056527318,0.082225606,0.005764511,0.37646595,0.023861473,0.8015115,0.0030096215,0.078517884,0.0035275547,0.432307,0.009085062,null,null,null,null,"TWOGAUSSIANS",8,1.1908672,0.8015115,0.0030096215,0.4,0.0,0.42619473,0.0070724185,0.29930806,0.0056527318,0.4,0.0,0.37035364,0.025040964
375316653866487564,4155024243463171328,0.54137844,2186.713344144847,0.2371922810216506,8.283802E-5,19.169687,0.020629598,0.15632512,0.018987011,0.020769227,0.01229542,0.107846774,0.022070067,0.6249065,0.023692753,0.16778268,0.038247287,0.2448315,0.024290774,null,null,null,null,"TWOGAUSSIANS",8,1.3650011,0.6249065,0.023692753,0.4,0.0,0.23746733,0.023117136,0.15653512,0.018812884,0.116307676,0.068854354,0.10706834,0.020369772
375316653866487564,4155026957882579584,0.54942286,2237.5015859983505,1.0137338293611873,3.743486E-5,15.391594,0.0015773074,0.3021156,0.027813198,0.03875023,0.013418295,0.13380952,0.10881806,0.8033844,0.014071103,0.03506691,0.009148519,0.10121663,0.009416117,null,null,null,null,"TWOGAUSSIANS",8,7.9892344,0.3021156,0.027813198,0.2170013,0.07514246,0.13380952,0.10881806,0.8033844,0.014071103,0.1963747,0.0512317,0.10121663,0.009416116
375316653866487564,4155027885584610816,0.63060474,2235.059223178065,2.512535454061591,6.030014E-6,17.558735,0.0048368718,0.28879303,0.005975291,0.075371206,0.00507945,0.4506939,0.01608203,0.7793055,0.0034752064,0.0786935,0.0032670575,0.40047267,0.0065547903,null,null,null,null,"TWOGAUSSIANS",8,3.7133024,0.28879303,0.005975291,0.4,0.0023030606,0.44711462,0.016008392,0.7793055,0.0034752064,0.4,0.0,0.39689338,0.0063941884
375316653866487564,4155029118245955200,0.5019423,2248.3202659226654,2.4865497015505778,4.113843E-5,19.575283,0.011648082,0.4410113,0.0066238577,0.14308873,0.013927503,0.37146476,0.04569258,0.80125463,0.008384528,0.035808343,0.0061771735,0.078978814,0.014174586,null,null,null,null,"TWOGAUSSIANS",8,1.385231,0.4410113,0.0066238577,0.4,0.0,0.36977506,0.04738369,0.80125463,0.008384528,0.20052671,0.034592174,0.09292121,0.013869281
375316653866487564,4155031149767399040,0.5744254,2247.545810430649,3.266933202744246,2.2072585E-5,19.099562,0.022359142,0.2778651,0.006025999,0.073150694,0.00939747,0.54719615,0.06949062,0.7771537,0.0145760225,0.06795423,0.015650593,0.5833963,0.122996345,null,null,null,null,"TWOGAUSSIANS",8,2.2765594,0.7771537,0.0145760225,0.38054368,0.037882883,0.58131695,0.1260963,0.2778651,0.006025999,0.4,0.0031962642,0.5451168,0.07207877
375316653866487564,4155033928602994176,0.5542958,2240.99691849445,2.3385630145885306,3.523414E-5,19.053318,0.049384546,0.24432363,0.006888569,0.0966452,0.02412861,0.24435507,0.052389935,0.74464774,0.0080297245,0.09079435,0.01710068,0.29946887,0.04362161,null,null,null,null,"TWOGAUSSIANS",8,1.1379889,0.74464774,0.0080297245,0.4,0.0,0.2841987,0.01914977,0.24432363,0.006888569,0.4,0.0,0.22908431,0.040962968
375316653866487564,4155034070341108736,0.5235978,2324.5441034368355,2.4530209181251497,5.321624E-5,19.417099,0.025699109,0.17217708,0.03367639,0.109130785,0.04353017,0.051148806,0.025730284,0.5285129,0.014371398,0.096717104,0.013591171,0.2816468,0.053342897,null,null,null,null,"TWOGAUSSIANS",8,0.4616763,0.5285129,0.014371398,0.4,0.0,0.2802585,0.050817,0.17532708,0.035247583,0.4,0.0,0.04984977,0.01752163
375316653866487564,4155035715317680768,0.4979591,2255.0807188889567,0.4589873461153267,1.2325705E-4,19.074188,0.055264406,0.21955918,0.04574118,0.04118185,0.02610184,0.34627,0.11454485,0.6867031,0.02654483,0.18965535,0.07877825,0.099424794,0.05728282,null,null,null,null,"TWOGAUSSIANS",8,3.1040561,0.21972917,0.046722807,0.23061837,0.1461703,0.3397311,0.104172505,0.6867031,0.02654483,0.4,0.0,0.0861759,0.033471167
375316653866487564,4155039361748820480,0.47302672,2246.7277000795975,4.352231913138417,1.521303E-5,17.589542,0.0029060633,0.16273838,5.624197E-4,0.02049206,0.0021606905,0.096975416,0.0065971264,0.68488735,9.867803E-4,0.029293219,0.0020545034,0.18892762,0.013952133,null,null,null,null,"TWOGAUSSIANS",8,3.1198907,0.68488735,9.867803E-4,0.16404203,0.011505218,0.18892762,0.013952133,0.16273838,5.624197E-4,0.11475554,0.012099867,0.096975416,0.0065971264
375316653866487564,4155040289455786880,0.57061934,2245.69142059932,1.3791879438998869,1.12616464E-4,19.386566,0.042159833,0.308278,0.0016112048,0.020966295,0.0022687763,0.60308105,0.5860066,0.74196863,0.024043856,0.2084389,0.092340894,0.09076612,0.038560025,null,null,null,null,"TWOGAUSSIANS",8,0.97010654,0.308328,0.0015773621,0.117411256,0.012705147,0.6051981,0.5860909,0.74196863,0.024043856,0.4,0.0,0.08019836,0.00978492
375316653866487564,4155041109792782848,0.5979082,2270.5258528394816,2.2078376516564937,9.48072E-6,17.481722,0.020997643,0.25631106,0.003245693,0.089092515,0.0073129795,0.41097626,0.026967643,0.74614817,0.004972929,0.08144423,0.0061978633,0.4193106,0.02196691,null,null,null,null,"TWOGAUSSIANS",8,8.068597,0.74614817,0.004972929,0.4,0.0,0.40986457,0.016974129,0.25631106,0.003245693,0.4,0.0,0.4015301,0.026005859
375316653866487564,4155041625192704512,0.55874425,2231.136495249738,1.1554702252344033,1.4693545E-5,16.23695,0.0037632668,0.47299883,0.0034571567,0.043285504,0.0035427185,0.20023878,0.011532631,null,null,null,null,null,null,null,null,null,null,"ONEGAUSSIAN",5,8.589702,0.47299883,0.0034571567,0.24239883,0.019839223,0.20023878,0.0,null,null,null,null,null,null
375316653866487564,4155044855009318912,0.5438542,2186.366225641307,3.7751449491035403,1.4208713E-5,19.153122,0.003288372,0.43102488,6.25838E-4,0.013698186,8.813868E-4,0.47262603,0.014959233,0.67225283,0.053191107,0.15457833,0.04109875,0.049337752,0.011647497,null,null,null,null,"TWOGAUSSIANS",8,0.79253024,0.43108487,5.8322673E-4,0.076709844,0.004935766,0.48670313,0.0038081128,0.67225283,0.053191107,0.4,0.0,0.048810195,0.011829706
375316653866487564,4155045271618290816,0.5615549,2181.7609875790095,4.1325737837753636,1.2237592E-4,19.430656,0.022566313,0.32689157,0.0074402974,0.082387924,0.0055995896,0.6118814,0.048189193,0.73204094,0.060716916,0.100159734,0.07406384,0.035271432,0.028717073,null,null,null,null,"TWOGAUSSIANS",8,0.86318135,0.32689157,0.007320269,0.4,0.0,0.61077017,0.03546147,0.73204094,0.060716916,0.4,0.050388757,0.034153793,0.014636441
375316653866487564,4155048707597969408,0.6116217,2223.4771093848567,0.3510138059789484,5.287119E-4,13.585019,6.2178983E-4,0.41013718,6.1365525E-4,0.021805983,9.644019E-4,0.079357974,3.1061738E-4,null,null,null,null,null,null,null,null,null,null,"ONEGAUSSIAN",5,5.9594173,0.41013718,6.1365525E-4,0.1221135,0.0054006507,0.079357974,0.0,null,null,null,null,null,null
375316653866487564,4155048772009112576,0.59413636,2215.6438320986754,1.879298394689942,1.5263879E-5,18.099304,0.0053041354,0.35479248,0.0031124386,0.055562265,0.0020538748,0.5101382,0.025454335,0.80196375,0.0114920335,0.03029683,0.01633915,0.10590164,2.2386203,null,null,null,null,"TWOGAUSSIANS",8,5.704474,0.35479248,0.0031124386,0.31114867,0.0115017,0.5101382,0.025454335,0.80196375,0.0114920335,0.16966225,0.09149923,0.10590164,2.2386203
375316653866487564,4155052998256957312,0.6073981,2209.0278273194695,1.6364892753367193,1.5934003E-5,16.93255,0.0019254037,0.67312586,0.01960608,0.06891146,0.008723464,0.15862529,0.043334905,0.78431344,0.0018578998,0.024431324,0.00207906,0.19520327,0.035477407,null,null,null,null,"TWOGAUSSIANS",8,3.2541175,0.78431344,0.0018578998,0.13681541,0.011642736,0.23836173,0.0024704675,0.67315584,0.019640457,0.3859042,0.048851397,0.15863152,0.04333954
375316653866487564,4155054510090402304,0.6992048,2257.866650638796,1.0448036971279202,9.818781E-6,15.884759,0.0103798695,0.23320124,0.007747857,0.04455621,0.0054852553,0.21625918,0.023477158,0.72989726,0.0029771386,0.04628164,0.0038411552,0.22167277,0.021958416,0.071299255,0.010622232,0.23320124,0.007747857,"TWOGAUSSIANS_WITH_ELLIPSOIDAL_ON_ECLIPSE1",9,3.4518461,0.7302173,0.002379212,0.25917718,0.021510469,0.3642155,0.0046337694,0.23320124,0.007747857,0.24951479,0.03071743,0.3588573,0.024010602
375316653866487564,4155054888047550592,0.56188047,2245.2539010256664,2.441947341231855,1.7005876E-5,18.822426,0.012751636,0.32040748,0.003559244,0.08191024,0.006127354,0.31224573,0.0137149915,0.8321388,0.00653012,0.0691457,0.009919522,0.3415804,0.052304044,null,null,null,null,"TWOGAUSSIANS",8,1.7500246,0.8321388,0.00653012,0.38721594,0.03576844,0.33949396,0.053738702,0.32040748,0.003559244,0.4,0.0,0.3101593,0.013038477
375316653866487564,4155058598899752704,0.5357867,2257.5830430331016,0.5970969741081021,5.025005E-5,14.336931,0.0016333676,0.46455342,0.0035595377,0.053325783,0.0025672524,0.13038214,0.0028036837,null,null,null,null,null,null,null,null,null,null,"ONEGAUSSIAN",5,25.292929,0.46455342,0.0035595377,0.2986244,0.014376613,0.13038214,0.0,null,null,null,null,null,null
375316653866487564,4155059938935355520,0.61169165,2244.493540969023,0.9122656766285138,1.7851027E-5,18.416086,0.005881244,0.49772668,0.022814706,0.048038747,0.026157133,0.03362745,0.01032323,0.69006574,0.0018299011,0.04673334,0.004179741,0.71827805,0.04750735,null,null,null,null,"TWOGAUSSIANS",8,1.5274706,0.69006574,0.0018299011,0.26170668,0.023406548,0.7182892,0.048409265,0.49871668,0.023744276,0.26901698,0.14647995,0.03378469,0.010571735
375316653866487564,4155060213813246720,0.5253208,2266.8230163088515,2.675454894918494,1.598003E-5,19.039679,0.004890051,0.27024156,9.5517753E-4,0.024571907,0.0021265044,0.2390423,0.007727722,null,null,null,null,null,null,0.0071168323,0.0065705418,0.27024156,9.5517753E-4,"ONEGAUSSIAN_WITH_ELLIPSOIDAL",6,0.95571035,0.27024156,9.5517753E-4,0.13760267,0.011908424,0.25327593,0.011025718,null,null,null,null,null,null
375316653866487564,4155060596067353472,0.5721282,2223.6980992800636,0.4221991765623875,1.2516966E-5,17.664856,0.0035280774,0.28118593,0.031031381,0.028260436,0.017917985,0.91503674,1.707496,0.84258324,0.018125873,0.023916168,0.005822002,0.48965868,0.5270459,null,null,null,null,"TWOGAUSSIANS",8,4.418745,0.28118593,0.031031381,0.15825844,0.10034072,0.91503674,1.707496,0.84258324,0.018125873,0.13393055,0.03260321,0.48965868,0.5270459
375316653866487564,4155061833012577536,0.66942096,2232.9546237207855,2.2216009471600953,6.0152565E-6,17.422361,0.008721052,0.2799133,0.002325365,0.050141905,0.0053522424,0.24060105,0.025042122,0.76991296,0.0020456698,0.04646562,0.0040547685,0.25905356,0.018062433,0.13836017,0.010574802,0.2799133,0.002325365,"TWOGAUSSIANS_WITH_ELLIPSOIDAL_ON_ECLIPSE1",9,4.096005,0.77145296,0.0017462178,0.26020747,0.022706702,0.5348493,0.010423751,0.2799133,0.002325365,0.28079465,0.029972557,0.5173202,0.015037141
375316653866487564,4155064302613508480,0.5193677,2259.963168500129,1.1977545760094774,9.234457E-5,19.513649,0.008832041,0.27790254,0.009931713,0.04902788,0.013756269,0.5219454,0.197519,0.76669663,0.063876584,0.06671719,0.024872957,0.10601516,0.1460609,null,null,null,null,"TWOGAUSSIANS",8,3.1172717,0.27790254,0.009931713,0.27455613,0.07703511,0.52192205,0.19801925,0.76669663,0.063876584,0.37361628,0.09808414,0.10599179,0.14610696
375316653866487564,4155064336973187200,0.52588916,2214.352341116027,0.5009195417330001,5.5442008E-5,16.368856,0.0010108857,0.6330168,0.016340451,0.031429373,0.0050553703,0.2633314,0.119350225,null,null,null,null,null,null,null,null,null,null,"ONEGAUSSIAN",5,5.654229,0.6330168,0.016340451,0.17600448,0.028310074,0.2633314,0.0,null,null,null,null,null,null
375316653866487564,4155065887467730048,0.5366586,2212.7331437884013,0.7301431079790026,2.061769E-5,15.107507,0.003323655,0.35397816,0.0033233005,0.039557718,0.008168496,0.19445185,0.10237206,0.8485496,0.023379967,0.03290047,0.017419964,0.05741269,0.086256295,0.024502847,0.0052251043,0.35397816,0.0033233005,"TWOGAUSSIANS_WITH_ELLIPSOIDAL_ON_ECLIPSE1",9,31.565443,0.35397816,0.0033233005,0.22152323,0.045743577,0.24345753,0.10583201,0.84891963,0.022869378,0.18424264,0.0975518,0.10636523,0.0869607
