Gaia/vari_eclipsing_binary/VariEclipsingBinary_465895-465933.csv
# %ECSV 1.0
# ---
# delimiter: ','
# meta: !!omap
# - RELEASE: Gaia DR3
# - TABLE: vari_eclipsing_binary
# - DESCRIPTION: >
#     This table describes the properties of the eclipsing binaries resulting from the variability analysis. 
# - CITATION: >
#     How to cite and acknowledge Gaia: 
#     https://gea.esac.esa.int/archive/documentation/credits.html 
# - KNOWN_ISSUES: >
#     Known issues: 
#     https://www.cosmos.esa.int/web/gaia-users/known-issues 
# - DOCUMENTATION: >
#     Tutorials and documentation: 
#     https://www.cosmos.esa.int/web/gaia-users/archive 
# datatype:
# - 
#   name: solution_id
#   datatype: int64
#   description: Solution Identifier
#   meta:
#     ucd: meta.version
# - 
#   name: source_id
#   datatype: int64
#   description: Unique source identifier
#   meta:
#     ucd: meta.id;meta.main
# - 
#   name: global_ranking
#   datatype: float32
#   description: Number between 0 (worst) and 1 (best)
#   meta:
#     ucd: stat.param
# - 
#   name: reference_time
#   datatype: float64
#   unit: d
#   description: Reference time used for the geometric model fit
#   meta:
#     ucd: time.epoch
# - 
#   name: frequency
#   datatype: float64
#   unit: d**-1
#   description: Frequency of geometric model of the eclipsing binary light curve
#   meta:
#     ucd: src.orbital
# - 
#   name: frequency_error
#   datatype: float32
#   unit: d**-1
#   description: "Uncertainty of \\texttt{frequency}"
#   meta:
#     ucd: stat.error
# - 
#   name: geom_model_reference_level
#   datatype: float32
#   unit: mag
#   description: Magnitude reference level of geometric model
#   meta:
#     ucd: phot.mag;em.opt
# - 
#   name: geom_model_reference_level_error
#   datatype: float32
#   unit: mag
#   description: "Uncertainty of \\texttt{geomModelReferenceLevel}"
#   meta:
#     ucd: stat.error;phot.mag;em.opt
# - 
#   name: geom_model_gaussian1_phase
#   datatype: float32
#   description: Phase of the Gaussian 1 component
#   meta:
#     ucd: time.phase
# - 
#   name: geom_model_gaussian1_phase_error
#   datatype: float32
#   description: "Uncertainty of \\texttt{geomModelGaussian1Phase}"
#   meta:
#     ucd: stat.error;time.phase
# - 
#   name: geom_model_gaussian1_sigma
#   datatype: float32
#   description: "Standard deviation [phase] of Gaussian 1 component"
#   meta:
#     ucd: stat.stdev
# - 
#   name: geom_model_gaussian1_sigma_error
#   datatype: float32
#   description: "Uncertainty of \\texttt{geomModelGaussian1Sigma}"
#   meta:
#     ucd: stat.error
# - 
#   name: geom_model_gaussian1_depth
#   datatype: float32
#   unit: mag
#   description: Magnitude depth of Gaussian 1 component
#   meta:
#     ucd: src.var.amplitude
# - 
#   name: geom_model_gaussian1_depth_error
#   datatype: float32
#   unit: mag
#   description: "Uncertainty of \\texttt{geomModelGaussian1Depth}"
#   meta:
#     ucd: stat.error;src.var.amplitude
# - 
#   name: geom_model_gaussian2_phase
#   datatype: float32
#   description: Phase of Gaussian 2 component
#   meta:
#     ucd: time.phase
# - 
#   name: geom_model_gaussian2_phase_error
#   datatype: float32
#   description: "Uncertainty of \\texttt{geomModelGaussian2Phase}"
#   meta:
#     ucd: stat.error;time.phase
# - 
#   name: geom_model_gaussian2_sigma
#   datatype: float32
[...]
#   datatype: float32
#   description: "Secondary eclipse: uncertainty of \\texttt{derivedSecondaryEclDuration}"
#   meta:
#     ucd: stat.error;time.duration
# - 
#   name: derived_secondary_ecl_depth
#   datatype: float32
#   unit: mag
#   description: "Secondary eclipse: depth"
#   meta:
#     ucd: src.var.amplitude
# - 
#   name: derived_secondary_ecl_depth_error
#   datatype: float32
#   unit: mag
#   description: "Secondary eclipse: uncertainty of \\texttt{derivedSecondaryEclDepth}"
#   meta:
#     ucd: stat.error;src.var.amplitude
solution_id,source_id,global_ranking,reference_time,frequency,frequency_error,geom_model_reference_level,geom_model_reference_level_error,geom_model_gaussian1_phase,geom_model_gaussian1_phase_error,geom_model_gaussian1_sigma,geom_model_gaussian1_sigma_error,geom_model_gaussian1_depth,geom_model_gaussian1_depth_error,geom_model_gaussian2_phase,geom_model_gaussian2_phase_error,geom_model_gaussian2_sigma,geom_model_gaussian2_sigma_error,geom_model_gaussian2_depth,geom_model_gaussian2_depth_error,geom_model_cosine_half_period_amplitude,geom_model_cosine_half_period_amplitude_error,geom_model_cosine_half_period_phase,geom_model_cosine_half_period_phase_error,model_type,num_model_parameters,reduced_chi2,derived_primary_ecl_phase,derived_primary_ecl_phase_error,derived_primary_ecl_duration,derived_primary_ecl_duration_error,derived_primary_ecl_depth,derived_primary_ecl_depth_error,derived_secondary_ecl_phase,derived_secondary_ecl_phase_error,derived_secondary_ecl_duration,derived_secondary_ecl_duration_error,derived_secondary_ecl_depth,derived_secondary_ecl_depth_error
[from data line 376]
375316653866487564,4098324490413183872,0.55494106,2342.9498154610287,2.1547326680057335,2.4653737E-5,17.779034,0.01803267,0.266501,0.017600635,0.07338152,0.01584291,0.36440143,0.03635548,0.7769062,0.0083011165,0.073891625,0.015360251,0.310095,0.019048817,null,null,null,null,"TWOGAUSSIANS",8,4.98022,0.266501,0.017600635,0.4,0.063475475,0.36274508,0.03577628,0.7769062,0.0083011165,0.4,0.0,0.30843866,0.02230395
375316653866487564,4098324902762547968,0.62516916,2309.781578926047,1.3288437118806482,1.7813916E-5,15.222182,0.0069912127,0.17400607,0.0047877277,0.08675686,0.0084969355,0.27604368,0.022073098,0.6837916,0.004633704,0.087100826,0.006034053,0.1753166,0.008114139,null,null,null,null,"TWOGAUSSIANS",8,14.718656,0.17400607,0.0047877277,0.4,0.0,0.27009016,0.025275059,0.6837916,0.004633704,0.4,0.0,0.16936307,0.0064264094
375316653866487564,4098325482529131648,0.5387256,2335.264737085046,2.2100664564317527,4.8629045E-5,16.279495,0.0020661016,0.38005868,0.036796164,0.01914361,0.02189031,0.11569028,7.1079349E11,0.57071847,0.004427254,0.0162127,0.0026248605,0.1353727,0.050428238,null,null,null,null,"TWOGAUSSIANS",8,7.6729903,0.57071847,0.004427254,0.09079111,0.014699219,0.1353727,0.050428238,0.38005868,0.036796164,0.10720421,0.122585736,0.11569028,7.1079349E11
375316653866487564,4098325688687644160,0.61315084,2345.252771728088,2.0472116359744637,1.489897E-5,17.115444,0.014784248,0.3560392,0.0010695216,0.09738152,0.0077155954,0.21132918,0.01144019,0.8585061,0.0039450857,0.11142874,0.010816296,0.15173125,0.013824772,null,null,null,null,"TWOGAUSSIANS",8,1.9216746,0.3560392,0.0010695216,0.4,0.0,0.19191466,0.004313458,0.8585061,0.0039450857,0.4,0.0,0.1323046,0.006162626
375316653866487564,4098326685144790784,0.53116035,2234.0043095963038,2.9596490098917183,1.8021257E-5,18.89168,0.02348936,0.2995521,0.0062434967,0.079174705,0.014172907,0.39582756,0.03912948,0.79158777,0.008337045,0.08387535,0.012401801,0.27655816,0.03524479,null,null,null,null,"TWOGAUSSIANS",8,3.1672359,0.2995521,0.0062434967,0.4,0.0,0.39070332,0.044390634,0.79158777,0.008337045,0.4,0.0,0.2714339,0.034118198
375316653866487564,4098326758150220160,0.48639548,2281.200113794211,3.278084711983636,5.5854485E-5,19.48612,0.019786062,0.2730716,0.009287481,0.093268245,0.016674856,0.2881184,0.029170718,0.76432264,0.0041829613,0.07231513,0.01124376,0.34299707,0.027173953,null,null,null,null,"TWOGAUSSIANS",8,2.2580807,0.76432264,0.0041829613,0.4,0.022490349,0.3375127,0.028923357,0.2730716,0.009287481,0.4,0.0,0.28263366,0.032312937
375316653866487564,4098326861267610496,0.47969228,2244.835620304039,2.078158487717386,3.460686E-5,17.673489,0.2637157,0.26589894,0.010616815,0.11876798,0.04012301,0.2953912,0.17739587,0.7597849,0.011878492,0.19727315,0.10768267,0.28305995,0.2617348,null,null,null,null,"TWOGAUSSIANS",8,7.868982,0.26698896,0.012030184,0.4,0.0,0.16634655,0.01157083,0.7597849,0.012105662,0.4,0.0,0.13123107,0.0074348617
375316653866487564,4098327479704808576,0.5346453,2247.7346022501424,0.2672519385172727,4.338381E-5,19.949963,0.012772678,0.23654106,0.0042389277,0.06860683,0.012060248,0.2579486,0.013632697,0.71861553,0.014089203,0.070027076,0.011193099,0.2649881,0.025623744,null,null,null,null,"TWOGAUSSIANS",8,0.82966936,0.71861553,0.014089203,0.39215162,0.04603675,0.26450083,0.025493616,0.23654106,0.0042389277,0.38419825,0.030533373,0.25746137,0.013962266
375316653866487564,4098327750296314752,0.54421526,2273.89753116002,3.151430432239461,1.8463294E-5,19.070723,0.12745298,0.24755259,0.0058710612,0.094050154,0.06045935,0.2623719,0.09820998,0.7137134,0.0034303851,0.074502476,0.016723577,0.4348481,0.11320082,null,null,null,null,"TWOGAUSSIANS",8,7.186594,0.7137134,0.0034303851,0.4,0.0,0.4305577,0.050887875,0.24755259,0.0058710612,0.4,0.0,0.25808024,0.034418244
375316653866487564,4098328643654759296,0.42803705,2203.521929227104,3.198836143932551,5.0241888E-5,19.216616,0.045607165,0.2777007,0.012727829,0.042606913,0.020151667,0.14215904,0.15204392,0.6525817,0.020804135,0.05178978,0.13244253,0.20785141,0.053076796,null,null,null,null,"TWOGAUSSIANS",8,4.4879265,0.6525817,0.020804135,0.29002276,0.13385624,0.20785141,0.06319497,0.2777007,0.010616434,0.23859872,0.11284934,0.14215904,0.15280707
375316653866487564,4098328854092545664,0.5310147,2207.8868179994292,0.2040533882909919,3.083036E-5,19.239243,0.012076418,0.22707336,0.012385778,0.04298296,0.0109277945,0.21086806,0.023199726,0.85647714,0.050611343,0.04216829,0.02202349,0.41181657,1.3027412,null,null,null,null,"TWOGAUSSIANS",8,2.8601303,0.85647714,0.050611343,0.23614243,0.12333155,0.41181657,1.3027412,0.22707336,0.012385778,0.24070457,0.061195653,0.21086806,0.023199726
375316653866487564,4098328991531385344,0.44614166,2189.295910916422,2.2516815611570045,6.2476065E-5,18.932465,0.023362476,0.24034974,0.013489082,0.03865598,0.011447176,0.14673936,0.043139044,0.8714003,0.019475885,0.122378245,0.048353553,0.12454192,0.017771712,null,null,null,null,"TWOGAUSSIANS",8,3.0129879,0.24001974,0.013660372,0.21647349,0.06410419,0.1479552,0.043961305,0.8714003,0.019475885,0.4,0.0,0.124428906,0.017661927
375316653866487564,4098329055971629568,0.51305073,2276.0958204217873,2.1474835145973254,2.2115077E-5,19.52262,0.026106691,0.19908895,0.012052331,0.09616539,0.01629328,0.2995097,0.032273956,0.6954983,0.004015928,0.078270815,0.012041459,0.3663366,0.1439665,null,null,null,null,"TWOGAUSSIANS",8,1.3973688,0.6954983,0.004015928,0.4,0.021347022,0.3562587,0.14676887,0.19908895,0.012052331,0.4,0.0,0.28943095,0.029793216
375316653866487564,4098329330819461376,0.49595246,2261.004238648585,0.10785677183299673,2.5790614E-5,17.850986,0.022939432,0.22275575,0.06655628,0.09145818,0.04609993,0.19556186,0.08066511,0.7705555,0.014322179,0.06385774,0.015314892,0.23034261,0.0288283,null,null,null,null,"TWOGAUSSIANS",8,2.79466,0.7705555,0.0143269235,0.35760334,0.085763395,0.22952667,0.027035203,0.22275575,0.06655628,0.4,0.094781764,0.19474494,0.08109461
375316653866487564,4098329811878465792,0.5505854,2166.238936219006,3.0414650129912646,3.6823712E-5,18.717287,0.009511344,0.26577878,0.0049119107,0.053795576,0.01465311,0.23137577,0.024100132,0.74579173,0.008275636,0.07556195,0.0062669506,0.27821708,0.0120253,null,null,null,null,"TWOGAUSSIANS",8,3.4507926,0.74579173,0.008275636,0.4,0.0,0.27805966,0.011875989,0.26577878,0.0049119107,0.30125523,0.08205742,0.23121834,0.024168303
375316653866487564,4098330125403030784,0.56021756,2207.362196151749,3.160490980906897,8.317427E-6,19.356968,0.05956806,0.14891696,0.002805879,0.120518096,0.023455584,0.3952592,0.025125958,0.6667564,0.0023812582,0.09442804,0.010446474,0.4551358,0.05563967,null,null,null,null,"TWOGAUSSIANS",8,0.89576745,0.6668164,0.0023562885,0.4,0.0,0.4096337,0.029394086,0.14891696,0.0028044647,0.4,0.0,0.34958723,0.025292635
375316653866487564,4098330228521653632,0.52916515,2259.687071597229,2.0594038306406857,2.6240006E-5,16.733915,0.018849947,0.32246593,0.0060029067,0.09174424,0.012751092,0.16981007,0.01722024,0.82944155,0.022072759,0.10057749,0.02789501,0.12532058,0.022160983,null,null,null,null,"TWOGAUSSIANS",8,7.5675955,0.32246593,0.0060098055,0.4,0.0,0.16087452,0.009024014,0.82944155,0.022072759,0.4,0.0,0.11638402,0.016334957
375316653866487564,4098330327282164992,0.4722504,2124.5825665142506,0.6077523978305387,1.9439576E-5,19.125807,0.010787576,null,null,null,null,null,null,null,null,null,null,null,null,0.0881133,0.015243878,0.59667504,0.009277239,"ELLIPSOIDAL",4,1.3739239,null,null,null,null,null,null,null,null,null,null,null,null
375316653866487564,4098331048829616256,0.5268259,2194.7057274197323,3.106614644571506,1.3154473E-4,19.382618,0.010560871,0.22562954,6.0898633E-6,0.019762136,2.594732E-4,7.0935974,0.33430347,0.75334686,0.036257267,0.07040534,0.06376725,0.89497954,null,null,null,null,null,"TWOGAUSSIANS",8,6.602088,0.22562954,6.0898633E-6,0.11066797,0.0014530498,7.093597,0.3343054,0.75334686,0.036257267,0.3942699,0.34492832,0.8949794,null
375316653866487564,4098331259313760384,0.5980015,2214.317512412249,2.6248408478261878,2.0444466E-5,18.576023,0.008256899,0.27526453,0.006300907,0.0658375,0.0050740116,0.5147068,0.025940258,0.7697549,0.0037059535,0.07608674,0.0076985243,0.4988821,0.021183724,null,null,null,null,"TWOGAUSSIANS",8,2.7279084,0.27526453,0.006300907,0.36869,0.028414465,0.51293176,0.026071575,0.7697549,0.0037059535,0.4,0.005469661,0.49710712,0.021856101
375316653866487564,4098332079621487616,0.535491,2220.854358366191,0.0824883252008633,2.393247E-5,19.490654,0.015982214,0.108422756,0.003309666,0.04823891,0.006181179,0.24067979,0.032922152,0.42351243,0.028762648,0.041675344,0.017309183,0.3269421,0.26777455,null,null,null,null,"TWOGAUSSIANS",8,0.8501102,0.42351243,0.028762648,0.23338193,0.09693143,0.3269421,0.26777455,0.108422756,0.003309666,0.2701379,0.034614604,0.24067979,0.032922152
375316653866487564,4098333252139638400,0.51188976,2183.0732184809326,2.7180889414983693,2.0618112E-5,19.093454,0.30919802,0.2231432,0.016680377,0.12246537,0.042795863,0.42884448,0.27384767,0.7134108,0.0066293897,0.15013567,0.058772575,0.40018338,0.30022302,null,null,null,null,"TWOGAUSSIANS",8,2.3021915,0.2236432,0.017105846,0.4,0.0,0.28956747,0.01758814,0.7134108,0.0066293897,0.4,0.0,0.25792733,0.012798736
375316653866487564,4098333419658632064,0.43938237,2192.5081793787726,0.35177289756199387,3.6699577E-5,18.803833,0.012522369,0.30822173,0.0691183,0.07435623,0.051410303,0.21717057,0.056041013,0.77301383,0.07773563,0.074012786,0.045326266,0.15122126,0.061682574,null,null,null,null,"TWOGAUSSIANS",8,3.5977201,0.30822173,0.073346116,0.4,0.037230253,0.21662953,0.055819724,0.77301383,0.07773563,0.4,0.13531215,0.15068021,0.06283626
375316653866487564,4098333698855326080,0.5773857,2192.328974234522,2.9208427261905108,2.228001E-5,16.457527,0.019550988,0.32772684,0.014528783,0.05608927,0.026780922,0.28279576,0.08653955,0.84207577,0.011833526,0.034021076,0.01064579,0.22435182,0.054623153,0.08266803,0.019168986,0.32772684,0.014528783,"TWOGAUSSIANS_WITH_ELLIPSOIDAL_ON_ECLIPSE1",9,46.478775,0.32772684,0.014528783,0.3140999,0.12395944,0.44811776,0.096759915,0.84207577,0.011815579,0.19051802,0.059616424,0.3883336,0.043628946
375316653866487564,4098333939373061888,0.45211938,2126.5218889255943,0.7376738842317894,4.7695514E-5,18.777967,0.037566137,0.20866965,0.009556646,0.08091736,0.025668595,0.16023353,0.029093197,0.7043038,0.01630017,0.1183169,0.044193365,0.10550563,0.042001434,null,null,null,null,"TWOGAUSSIANS",8,2.5924358,0.20867965,0.009593325,0.4,0.0025333473,0.1504278,0.018861571,0.7043038,0.01630017,0.4,0.0,0.095671654,0.030466754
375316653866487564,4098334145493038464,0.5822509,2159.8345876439566,2.0231358792173513,2.304173E-5,18.228102,0.04781136,0.24291831,0.0355053,0.058123667,0.0541689,0.3527513,0.054156605,0.749033,0.0068647717,0.100237384,0.026173368,0.14351605,0.0464205,null,null,null,null,"TWOGAUSSIANS",8,1.6877097,0.24291831,0.035522975,0.32549253,0.09959322,0.3504782,0.0767568,0.749033,0.0068647717,0.4,0.0,0.14124174,0.010884711
375316653866487564,4098334351689933440,0.48710924,2174.7036712244385,0.14662906650533092,2.7021504E-5,19.269484,0.11618889,0.26322442,0.03529014,0.10176918,0.05730211,0.19058311,0.11618091,0.81219536,0.056417983,0.08175545,0.075679995,0.21293487,0.63097966,null,null,null,null,"TWOGAUSSIANS",8,2.4808033,0.8122054,0.056077786,0.4,0.11265939,0.20841284,0.6431283,0.26322442,0.03520779,0.4,0.0,0.1860507,0.056970764
375316653866487564,4098334828378148352,0.57633656,2171.421902737634,2.1720843223585877,1.7369783E-5,17.996542,0.110154815,0.32445177,0.009520762,0.112676896,0.029656585,0.34863093,0.11176461,0.8286807,0.004810743,0.1098655,0.024980161,0.361406,0.108256415,null,null,null,null,"TWOGAUSSIANS",8,4.882424,0.8286907,0.004820553,0.4,0.0,0.3069596,0.02497314,0.3244418,0.009554562,0.4,0.0,0.29417047,0.024816869
375316653866487564,4098334867086516096,0.43897963,2182.2956398190277,4.870531580243551,1.1353509E-4,19.70269,0.060913935,0.8072283,0.034446266,0.030578258,0.020547068,0.3195547,0.2246564,0.39736387,0.027644169,0.1676424,0.045117844,0.67162544,0.14065386,null,null,null,null,"TWOGAUSSIANS",8,3.981154,0.39736387,0.027644169,0.4,0.0,0.6545728,0.1579644,0.80583835,0.03526345,0.17123824,0.11506358,0.33801073,0.23964359
375316653866487564,4098335966605307264,0.46973848,2217.9400283586333,2.78631343410592,3.989094E-5,19.750765,0.02500085,0.34153935,0.020952474,0.08205042,0.07535657,0.6181227,0.43991706,0.88395286,0.02094709,0.052098542,0.02389687,0.12695806,1.0030856,null,null,null,null,"TWOGAUSSIANS",8,1.0251809,0.34153935,0.020952474,0.4,0.0,0.61794084,0.45177484,0.88395286,0.020826627,0.29175183,0.13382247,0.12677628,1.0036075
375316653866487564,4098336378876034688,0.4954932,2215.5949372090267,0.7579337615479368,2.9031762E-5,19.710958,0.052126754,0.16103412,0.007851735,0.05933021,0.007147183,0.28266752,0.04393152,0.7607524,0.03767294,0.14425412,0.09110566,0.12009595,0.15050752,null,null,null,null,"TWOGAUSSIANS",8,1.1416246,0.16042413,0.006953735,0.3322492,0.040024225,0.28169596,0.041785736,0.7607524,0.03767294,0.4,0.0,0.1165324,0.15224975
375316653866487564,4098337199230120576,0.5066255,2222.4013189136103,1.2406121130292747,9.7401935E-5,18.868568,0.023024924,0.7577364,0.032213565,0.053912636,0.028272063,0.11633024,0.18126461,0.46127373,0.085090116,0.19407225,0.07195763,0.15815546,0.03753863,null,null,null,null,"TWOGAUSSIANS",8,1.912585,0.7475164,0.031790774,0.30191076,0.15832356,0.15620545,0.1736115,0.46127373,0.085094854,0.4,0.0,0.14662342,0.02597657
375316653866487564,4098337267950285568,0.53804266,2324.05169465074,0.31527248993141666,5.647667E-5,19.295559,0.0073014135,0.20474772,0.1049213,0.042793542,0.043934975,0.17430915,0.8242969,0.5393032,0.16980645,0.080936864,0.07478977,0.26177683,0.29089934,null,null,null,null,"TWOGAUSSIANS",8,0.7090726,0.5393032,0.16980645,0.4,0.330175,0.2617766,0.29089805,0.20477772,0.1049089,0.23964384,0.23447883,0.17435998,0.8242265
375316653866487564,4098338092554188672,0.48661286,2274.408064557415,0.25661856115577925,4.3855107E-5,19.019049,0.017627371,0.31799087,0.0016006297,0.026398802,0.0077496376,0.29236907,0.12762493,0.78331333,0.0023916087,0.033218168,0.0029664421,0.5019016,0.1099452,null,null,null,null,"TWOGAUSSIANS",8,5.9707623,0.78331333,0.0023916087,0.18602175,0.016612077,0.5019016,0.1099452,0.31799087,0.0016006297,0.1478333,0.04339797,0.29236907,0.12762493
375316653866487564,4098340673844864128,0.56897837,2238.64658128677,0.10788899412490814,2.3547003E-5,19.51111,0.010579876,0.17467251,0.027536163,0.05793997,0.015121046,0.23415865,0.06772297,0.6837788,0.015621745,0.07692471,0.015809372,0.23258623,0.04471821,null,null,null,null,"TWOGAUSSIANS",8,0.8928634,0.17467251,0.027536163,0.3244638,0.08467786,0.23378722,0.067422576,0.6837788,0.015621745,0.4,0.04200263,0.23221481,0.04489899
375316653866487564,4098340703924790912,0.5460411,2230.8953473745573,0.9710398146382042,7.6513905E-5,18.058422,0.0055882605,0.2945943,0.031717792,0.07461303,0.034293167,0.05867022,0.008387858,0.77615815,0.009009891,0.072792396,0.014097355,0.06626334,0.0062172716,null,null,null,null,"TWOGAUSSIANS",8,0.5557581,0.77615815,0.009009891,0.4,0.038867123,0.066006675,0.0058292095,0.2945943,0.031717792,0.4,0.1532839,0.05841356,0.008417887
375316653866487564,4098341189240965120,0.4788778,2234.4522634987657,3.647981177622084,3.2369084E-5,18.624332,0.027055208,0.34038666,0.024034623,0.06936386,0.024613226,0.20648023,0.07668641,0.81365895,0.005556921,0.0695651,0.012881068,0.1852359,0.029916719,null,null,null,null,"TWOGAUSSIANS",8,4.3759484,0.34038666,0.024034623,0.38843763,0.08151457,0.20618448,0.07721852,0.81365895,0.005556921,0.38956457,0.059404343,0.18494014,0.029057832
