Gaia/vari_eclipsing_binary/VariEclipsingBinary_461673-461687.csv
# %ECSV 1.0
# ---
# delimiter: ','
# meta: !!omap
# - RELEASE: Gaia DR3
# - TABLE: vari_eclipsing_binary
# - DESCRIPTION: >
#     This table describes the properties of the eclipsing binaries resulting from the variability analysis. 
# - CITATION: >
#     How to cite and acknowledge Gaia: 
#     https://gea.esac.esa.int/archive/documentation/credits.html 
# - KNOWN_ISSUES: >
#     Known issues: 
#     https://www.cosmos.esa.int/web/gaia-users/known-issues 
# - DOCUMENTATION: >
#     Tutorials and documentation: 
#     https://www.cosmos.esa.int/web/gaia-users/archive 
# datatype:
# - 
#   name: solution_id
#   datatype: int64
#   description: Solution Identifier
#   meta:
#     ucd: meta.version
# - 
#   name: source_id
#   datatype: int64
#   description: Unique source identifier
#   meta:
#     ucd: meta.id;meta.main
# - 
#   name: global_ranking
#   datatype: float32
#   description: Number between 0 (worst) and 1 (best)
#   meta:
#     ucd: stat.param
# - 
#   name: reference_time
#   datatype: float64
#   unit: d
#   description: Reference time used for the geometric model fit
#   meta:
#     ucd: time.epoch
# - 
#   name: frequency
#   datatype: float64
#   unit: d**-1
#   description: Frequency of geometric model of the eclipsing binary light curve
#   meta:
#     ucd: src.orbital
# - 
#   name: frequency_error
#   datatype: float32
#   unit: d**-1
#   description: "Uncertainty of \\texttt{frequency}"
#   meta:
#     ucd: stat.error
# - 
#   name: geom_model_reference_level
#   datatype: float32
#   unit: mag
#   description: Magnitude reference level of geometric model
#   meta:
#     ucd: phot.mag;em.opt
# - 
#   name: geom_model_reference_level_error
#   datatype: float32
#   unit: mag
#   description: "Uncertainty of \\texttt{geomModelReferenceLevel}"
#   meta:
#     ucd: stat.error;phot.mag;em.opt
# - 
#   name: geom_model_gaussian1_phase
#   datatype: float32
#   description: Phase of the Gaussian 1 component
#   meta:
#     ucd: time.phase
# - 
#   name: geom_model_gaussian1_phase_error
#   datatype: float32
#   description: "Uncertainty of \\texttt{geomModelGaussian1Phase}"
#   meta:
#     ucd: stat.error;time.phase
# - 
#   name: geom_model_gaussian1_sigma
#   datatype: float32
#   description: "Standard deviation [phase] of Gaussian 1 component"
#   meta:
#     ucd: stat.stdev
# - 
#   name: geom_model_gaussian1_sigma_error
#   datatype: float32
#   description: "Uncertainty of \\texttt{geomModelGaussian1Sigma}"
#   meta:
#     ucd: stat.error
# - 
#   name: geom_model_gaussian1_depth
#   datatype: float32
#   unit: mag
#   description: Magnitude depth of Gaussian 1 component
#   meta:
#     ucd: src.var.amplitude
# - 
#   name: geom_model_gaussian1_depth_error
#   datatype: float32
#   unit: mag
#   description: "Uncertainty of \\texttt{geomModelGaussian1Depth}"
#   meta:
#     ucd: stat.error;src.var.amplitude
# - 
#   name: geom_model_gaussian2_phase
#   datatype: float32
#   description: Phase of Gaussian 2 component
#   meta:
#     ucd: time.phase
# - 
#   name: geom_model_gaussian2_phase_error
#   datatype: float32
#   description: "Uncertainty of \\texttt{geomModelGaussian2Phase}"
#   meta:
#     ucd: stat.error;time.phase
# - 
#   name: geom_model_gaussian2_sigma
#   datatype: float32
[...]
#   datatype: float32
#   description: "Secondary eclipse: uncertainty of \\texttt{derivedSecondaryEclDuration}"
#   meta:
#     ucd: stat.error;time.duration
# - 
#   name: derived_secondary_ecl_depth
#   datatype: float32
#   unit: mag
#   description: "Secondary eclipse: depth"
#   meta:
#     ucd: src.var.amplitude
# - 
#   name: derived_secondary_ecl_depth_error
#   datatype: float32
#   unit: mag
#   description: "Secondary eclipse: uncertainty of \\texttt{derivedSecondaryEclDepth}"
#   meta:
#     ucd: stat.error;src.var.amplitude
solution_id,source_id,global_ranking,reference_time,frequency,frequency_error,geom_model_reference_level,geom_model_reference_level_error,geom_model_gaussian1_phase,geom_model_gaussian1_phase_error,geom_model_gaussian1_sigma,geom_model_gaussian1_sigma_error,geom_model_gaussian1_depth,geom_model_gaussian1_depth_error,geom_model_gaussian2_phase,geom_model_gaussian2_phase_error,geom_model_gaussian2_sigma,geom_model_gaussian2_sigma_error,geom_model_gaussian2_depth,geom_model_gaussian2_depth_error,geom_model_cosine_half_period_amplitude,geom_model_cosine_half_period_amplitude_error,geom_model_cosine_half_period_phase,geom_model_cosine_half_period_phase_error,model_type,num_model_parameters,reduced_chi2,derived_primary_ecl_phase,derived_primary_ecl_phase_error,derived_primary_ecl_duration,derived_primary_ecl_duration_error,derived_primary_ecl_depth,derived_primary_ecl_depth_error,derived_secondary_ecl_phase,derived_secondary_ecl_phase_error,derived_secondary_ecl_duration,derived_secondary_ecl_duration_error,derived_secondary_ecl_depth,derived_secondary_ecl_depth_error
[from data line 331]
375316653866487564,4061021118895251456,0.5041099,2430.6178557729486,2.709072780970934,3.262106E-5,19.337437,0.01794308,0.25415358,0.0039198617,0.06503359,0.0076000453,0.56218106,0.067614555,0.75682217,0.038357176,0.0591408,0.025487896,0.60131764,0.9514766,null,null,null,null,"TWOGAUSSIANS",8,7.249169,0.75682217,0.038357176,0.3311885,0.14273222,0.60099703,0.95180875,0.25415358,0.0039198617,0.3641881,0.042560253,0.56186044,0.06787287
375316653866487564,4061021496854900864,0.44770572,2462.595852776619,1.3530350288278479,9.414284E-5,19.375164,0.016328067,0.36415684,0.01574474,0.11130384,0.014107265,0.39003092,0.057147462,0.7745747,0.015653744,0.030427963,0.008029288,0.16388987,0.07123112,null,null,null,null,"TWOGAUSSIANS",8,4.153281,0.36415684,0.01574474,0.4,0.0,0.38993278,0.05720286,0.7745747,0.015653744,0.17039658,0.04496401,0.16422717,0.07146698
375316653866487564,4061021668654577664,0.45288172,2465.1760254231253,1.1478589489909217,2.8838675E-5,19.878363,0.012489638,0.2999479,0.00895394,0.051734786,0.009623747,0.22695233,0.016967399,0.6505828,0.0017007196,0.031844817,0.0043175896,0.12863244,0.015428938,null,null,null,null,"TWOGAUSSIANS",8,2.4634345,0.2999479,0.00895394,0.2897148,0.053892985,0.22695233,0.016967399,0.6505828,0.0017007196,0.17833097,0.024178501,0.12863244,0.015428938
375316653866487564,4061021737373297024,0.4233437,2461.670871239298,1.9066667000610678,2.230985E-5,18.987532,0.013273046,0.17161924,0.017337171,0.048026804,0.013485538,0.14091499,0.044535853,0.53072983,0.006675412,0.03586148,0.009023128,0.45107728,0.06774891,null,null,null,null,"TWOGAUSSIANS",8,5.7257223,0.53072983,0.006675412,0.20082429,0.050529517,0.45107728,0.06774891,0.17161924,0.017337171,0.2689501,0.07551901,0.14091499,0.044535853
375316653866487564,4061022321488437120,0.4436621,2499.585582965934,3.005712102686498,1.430988E-5,19.543774,0.010829208,0.26617008,1.1830617E-5,0.0049913437,1.2767348E-4,1.1695893,0.043736443,0.764105,0.009261292,0.022805499,0.005763158,0.20774722,0.03446338,null,null,null,null,"TWOGAUSSIANS",8,3.495965,0.26617008,1.1830617E-5,0.027951526,7.149715E-4,1.1695893,0.043736443,0.764105,0.009261292,0.12771079,0.032273687,0.20774722,0.03446338
375316653866487564,4061022355919997696,0.54369867,2398.2395370846857,0.28433849680613854,1.7610855E-5,14.213971,8.7272114E-4,0.7397453,0.0062532728,0.019441124,0.004483683,0.09350082,0.011946448,null,null,null,null,null,null,0.012109634,0.0014721968,0.7397453,0.0062532728,"ONEGAUSSIAN_WITH_ELLIPSOIDAL",6,15.045606,0.7397453,0.0062532728,0.10887029,0.025108624,0.11772003,0.012182014,null,null,null,null,null,null
375316653866487564,4061022385892180480,0.64227355,2421.891500922681,2.837170600526702,4.152835E-6,18.19387,0.0104188435,0.2308084,0.0014606392,0.045470558,0.0033406417,0.32004783,0.026745424,0.7230631,0.0022911115,0.052209932,0.0027734681,0.41584152,0.025669951,0.13151881,0.014613258,0.2308084,0.0014606392,"TWOGAUSSIANS_WITH_ELLIPSOIDAL_ON_ECLIPSE1",9,2.5979776,0.7239931,0.0019175849,0.29237562,0.015531423,0.67832863,0.008851234,0.2308084,0.0014606392,0.25463513,0.018707594,0.583083,0.015793322
375316653866487564,4061022458999199616,0.54123867,2402.6532015013886,3.042196412219705,9.472092E-6,17.749931,0.007180021,0.116509266,0.003353509,0.0785544,0.004668905,0.22730963,0.010203063,0.6301331,0.0028121737,0.08797704,0.005367287,0.21549533,0.012502359,null,null,null,null,"TWOGAUSSIANS",8,4.446624,0.116509266,0.003353509,0.4,0.0,0.22351737,0.009773792,0.6301331,0.0028121737,0.4,0.0,0.21170303,0.012659721
375316653866487564,4061022527647038080,0.5874499,2425.986711305872,3.2244719379760887,1.0605774E-5,18.483267,0.01966841,0.28461224,0.002551987,0.05558945,0.014432217,0.23259112,0.036358297,0.77659255,0.0058011953,0.04229137,0.012282604,0.15166214,0.040900227,0.13274677,0.023182146,0.28461224,0.002551987,"TWOGAUSSIANS_WITH_ELLIPSOIDAL_ON_ECLIPSE1",9,4.25563,0.28461224,0.002551987,0.3113009,0.08082042,0.4980751,0.035395436,0.77818257,0.0047115684,0.23683168,0.06878258,0.4166059,0.020306353
375316653866487564,4061022562078362752,0.45900306,2501.845752063864,3.8428758746279006,1.0517445E-4,19.25134,0.028943188,0.24853201,0.03627949,0.14397472,0.068371594,0.13922685,0.02312752,0.6072875,0.032832507,0.10244922,0.018973729,0.27323264,0.033278245,null,null,null,null,"TWOGAUSSIANS",8,1.8790015,0.6072875,0.032832507,0.4,0.0,0.2674341,0.032782372,0.25189203,0.035025775,0.4,0.0,0.12780567,0.021394612
375316653866487564,4061022699443637504,0.45004192,2391.374474090277,0.12121549859937206,2.5334835E-5,19.583212,0.008282334,0.2353162,0.015482482,0.025473136,0.014067438,0.05657464,0.009947183,0.79703987,0.025804281,0.0082099335,0.017368466,0.59629923,1.8292546,null,null,null,null,"TWOGAUSSIANS",8,2.1962416,0.79703987,0.025804281,0.04597563,0.0972634,0.59629923,1.8292546,0.2353162,0.015482482,0.14264956,0.078777656,0.05657464,0.009947183
375316653866487564,4061022905604109184,0.4682578,2535.8937131813163,1.0605526343582643,1.728569E-5,18.517939,0.04159083,0.23754968,4.442131E-4,0.006859714,7.845831E-4,0.45250183,0.05220925,0.72436863,0.03119386,0.063297,0.046117377,0.3423878,0.1424211,null,null,null,null,"TWOGAUSSIANS",8,5.0176606,0.23754968,4.442131E-4,0.0384144,0.0043936656,0.45250183,0.052209575,0.72436863,0.03119386,0.35446322,0.100278355,0.3423878,0.14242148
375316653866487564,4061023313615874432,0.5076741,2429.5994482590486,1.4062509923995785,3.7080447E-6,19.317759,0.0074613723,0.25528586,8.4128167E-4,0.016488923,0.0011998338,0.95791817,0.25032005,0.61316323,0.073750965,0.037850697,0.103414685,0.06997049,0.04336508,null,null,null,null,"TWOGAUSSIANS",8,1.7392813,0.25528586,8.4128167E-4,0.09233797,0.0067190696,0.95791817,0.2503043,0.61316323,0.073750965,0.21196389,0.18581142,0.06997049,0.043499883
375316653866487564,4061023386640843904,0.4269319,2424.5397140635737,1.9277110609850387,6.5393724E-5,19.080826,0.007879371,0.5832667,0.0044097616,0.034875225,0.005288193,0.45542237,0.3566671,0.79721546,0.009199354,0.014596891,0.009516094,0.079570204,0.004993462,null,null,null,null,"TWOGAUSSIANS",8,4.3199573,0.5832667,0.0044097616,0.19530126,0.029613882,0.45542237,0.3566671,0.79721546,0.009199354,0.081742585,0.053290125,0.07957021,0.0049934653
375316653866487564,4061024039477501312,0.43101642,2521.339001049618,2.076963143439253,1.16482275E-4,19.862926,0.01930623,0.29634586,0.01589264,0.063550696,0.020043906,0.58059895,0.267666,0.7607048,0.105512135,0.052755974,0.041855857,0.7968185,268834.38,null,null,null,null,"TWOGAUSSIANS",8,5.1875663,0.7607048,0.105512135,0.29543346,0.23439279,0.7967855,268834.38,0.29634586,0.01589264,0.3558839,0.097665235,0.58056587,0.26781964
375316653866487564,4061024069519649280,0.5096819,2428.9041295024513,0.024679183114702904,2.6636015E-5,13.025281,0.0018518757,0.17790155,0.007279025,0.0016864361,0.0023755936,0.1566233,0.8386987,null,null,null,null,null,null,0.0062188734,0.0019849525,0.17790155,0.007279025,"ONEGAUSSIAN_WITH_ELLIPSOIDAL",6,142.49245,0.17790155,0.007279025,0.009444042,0.013303324,0.16906105,0.8393905,null,null,null,null,null,null
375316653866487564,4061024280000339584,0.43532196,2477.8218998873713,1.3827703374769977,2.3247569E-5,19.549135,0.015425763,0.2083046,0.01104717,0.054013774,0.0114424825,0.3590489,0.09485383,0.7444641,0.0070290114,0.03625618,0.008514153,0.20191607,0.027418876,null,null,null,null,"TWOGAUSSIANS",8,2.3282394,0.2083046,0.01104717,0.30247715,0.0640779,0.35904887,0.09485389,0.7444641,0.0070290114,0.2030346,0.047679253,0.20191605,0.027418878
375316653866487564,4061024550555662336,0.5223259,2402.1258787052006,1.5304925641193738,3.1286232E-5,17.122858,0.007847832,0.24696922,0.008241758,0.04065011,0.014682183,0.07055743,0.024309076,0.73211914,0.005034402,0.042566445,0.0073433495,0.12933894,0.014383091,0.049988996,0.009766667,0.24696922,0.008241758,"TWOGAUSSIANS_WITH_ELLIPSOIDAL_ON_ECLIPSE1",9,14.402432,0.7335891,0.004150078,0.23837209,0.041122757,0.22853486,0.01002307,0.24696922,0.008241758,0.22764061,0.08222023,0.17053542,0.013839239
375316653866487564,4061024623594050432,0.5824883,2400.020473937347,1.498228180550424,6.7589535E-6,18.887787,0.0068390085,0.23029342,0.010026421,0.044214822,0.0074060885,0.26064292,0.056929942,0.7245226,9.481184E-4,0.04768163,0.0018077478,0.71861565,0.041106712,null,null,null,null,"TWOGAUSSIANS",8,3.4147139,0.7245226,9.481184E-4,0.26701713,0.010123388,0.7186154,0.041106842,0.23029342,0.010026421,0.247603,0.041474096,0.26064268,0.056929894
375316653866487564,4061025001550814848,0.46625602,2416.546597958783,0.5679635403583734,1.4763456E-5,18.61384,0.0076909293,0.3262197,0.004652865,0.060882937,0.010213067,0.074580275,0.015954033,0.5317314,3.6464026E-4,0.014433824,7.6615106E-4,1.4073079,0.21341127,null,null,null,null,"TWOGAUSSIANS",8,3.2359824,0.5317314,3.6464026E-4,0.08082942,0.0042904457,1.4075582,0.21317501,0.3262197,0.004652865,0.34094444,0.057193175,0.074580275,0.015954033
375316653866487564,4061026788257966464,0.6558568,2415.9203801665585,1.284448877218434,3.3850138E-6,16.445229,0.011064714,0.29615918,0.0021344433,0.051504374,0.0034173862,0.38424268,0.024246532,0.8033781,0.0012824044,0.05061698,0.0069849184,0.12256541,0.021845363,0.09548284,0.013535245,0.8033781,0.0012824044,"TWOGAUSSIANS_WITH_ELLIPSOIDAL_ON_ECLIPSE2",9,6.8020635,0.29683918,0.0018859394,0.2884245,0.019137364,0.5748504,0.007914301,0.8033781,0.0012824044,0.2834551,0.03911554,0.31352878,0.007416046
375316653866487564,4061026925696789504,0.46908328,2503.29450303648,1.0873816261415568,1.0261504E-5,19.141918,0.008631388,0.08804139,8.536467E-4,0.0048733833,0.0015911121,0.31879196,0.84866565,0.66548383,0.006178008,0.035065997,0.006219523,0.2353024,0.09035873,null,null,null,null,"TWOGAUSSIANS",8,2.5167336,0.08804139,8.536467E-4,0.027290948,0.008910228,0.31879196,0.84866565,0.66548383,0.006178008,0.19636959,0.03482933,0.2353024,0.09035873
375316653866487564,4061027131854629760,0.43588948,2465.2257799111053,1.919434844170099,5.4313376E-5,17.780527,0.005562278,0.18191062,0.013116201,0.07843601,0.013918644,0.15542184,0.03517015,0.5776332,0.016086804,0.014956851,0.021530887,0.073061086,0.033818074,null,null,null,null,"TWOGAUSSIANS",8,3.4914687,0.18191062,0.013116201,0.4,0.0,0.15542184,0.03517017,0.5776332,0.016086804,0.08375836,0.12057296,0.07306155,0.033817478
375316653866487564,4061027574213001088,0.46067685,2407.5180596685555,0.6100192997619387,1.9358373E-5,16.356554,0.004551832,0.27844715,0.011659568,0.06350632,0.008927446,0.04742689,0.005911391,0.80075026,0.016095677,0.12703036,0.037957445,0.03668348,0.0039764247,null,null,null,null,"TWOGAUSSIANS",8,5.092048,0.27838716,0.011672001,0.3556354,0.049993694,0.045727823,0.004441231,0.80075026,0.016095677,0.4,0.0,0.0349454,0.0041826693
375316653866487564,4061027750331181824,0.4432108,2485.7804823260803,1.8882457517879727,4.972779E-5,19.438274,0.06901228,0.2986444,0.03700491,0.11489103,0.07128076,0.29523265,0.04848131,0.7149557,0.0131951505,0.06658771,0.016321816,0.21367021,0.07280942,null,null,null,null,"TWOGAUSSIANS",8,3.7468705,0.2986444,0.03700491,0.4,0.0,0.2923645,0.056282904,0.7149557,0.0131951505,0.3728912,0.08448225,0.21121871,0.059218414
375316653866487564,4061028025209543040,0.42776296,2478.8435241900006,1.9881175719402682,1.1147268E-4,19.23018,0.019836558,0.18089446,0.022621106,0.06150076,0.014881787,0.23059195,0.05255359,0.8002358,0.024273086,0.10122626,0.032250896,0.23358972,0.15800501,null,null,null,null,"TWOGAUSSIANS",8,4.124907,0.8002358,0.024273086,0.4,0.0,0.2332677,0.15890828,0.18077447,0.0226548,0.34440425,0.08333801,0.23046887,0.052439608
375316653866487564,4061028678112871424,0.40020293,2423.7657753279905,0.2527743384734402,4.1361996E-5,15.578147,0.0043771556,0.397377,0.08990272,0.108662084,0.055151444,0.070203535,0.020866066,0.91494936,0.008712784,0.0120973205,0.01653282,0.019830918,2.0030658,null,null,null,null,"TWOGAUSSIANS",8,19.313673,0.397377,0.08990272,0.4,0.0,0.07019441,0.019428927,0.91494936,0.008718293,0.06774499,0.0925838,0.019826304,2.003025
375316653866487564,4061028849843710464,0.42067197,2455.5027753903296,1.042674077882653,1.7797085E-4,19.774584,0.04373683,0.28732595,0.0043847756,0.0386025,0.0054594707,0.43272316,0.046506453,0.77386695,0.019787356,0.07928176,0.036370505,0.1264156,0.04572033,null,null,null,null,"TWOGAUSSIANS",8,9.596709,0.28732595,0.0043847756,0.216174,0.030573035,0.43269673,0.04583679,0.77386695,0.019787356,0.4,0.032650653,0.12638916,0.045358956
375316653866487564,4061029051681759616,0.4881297,2388.165084204677,0.5311324227998273,2.1161562E-5,17.102629,0.0036653809,0.13865909,0.014817339,0.02432941,0.0075671664,0.27448073,0.3686706,0.70493656,0.015059707,0.012192802,0.006478249,0.16437294,0.09936091,null,null,null,null,"TWOGAUSSIANS",8,18.590755,0.13865909,0.014817339,0.1362447,0.04237613,0.27448073,0.3686706,0.70493656,0.015059707,0.06827969,0.036278196,0.16437294,0.09936091
375316653866487564,4061029498358487808,0.51186115,2413.257614822949,0.3395845842165221,1.12750844E-4,15.49555,0.015309952,0.25863552,0.029406624,0.024576033,0.061278038,1.0445704,0.92330533,0.5805661,0.012071151,0.014280349,0.008757038,0.10536528,0.7978284,null,null,null,null,"TWOGAUSSIANS",8,838.6616,0.25863552,0.029406624,0.13762578,0.25693431,1.0445704,0.92330533,0.5805661,0.012071151,0.07996996,0.049039412,0.10536528,0.79782283
375316653866487564,4061030082474099584,0.6260465,2411.1335788379233,1.6474804326046708,4.288184E-6,16.539604,0.004996846,0.23241591,0.0010534901,0.046693824,0.0012152425,0.4633136,0.011984021,0.73841214,0.00701151,0.04627024,0.007197724,0.053911217,0.016212221,0.025085954,0.006958662,0.23241591,0.0010534901,"TWOGAUSSIANS_WITH_ELLIPSOIDAL_ON_ECLIPSE1",9,8.485837,0.23241591,0.0010534901,0.2614854,0.006805358,0.51348525,0.0059068897,0.73841214,0.00701151,0.25911334,0.040307254,0.10401165,0.009450479
375316653866487564,4061030086795643392,0.4316276,2472.2914564163025,2.622739017361153,2.3334787E-5,19.786993,0.015444417,0.18822376,0.0025497666,0.01732489,0.0043016905,0.49370694,0.25035387,0.4147367,0.027011152,0.04657929,0.022559991,0.13778068,0.09100877,null,null,null,null,"TWOGAUSSIANS",8,4.9689937,0.18822376,0.0025497666,0.097019374,0.024089469,0.49370795,0.25035337,0.4147367,0.027011152,0.26084402,0.12633595,0.13778068,0.09100877
375316653866487564,4061030430392464896,0.5651424,2390.9432203216634,3.3328872981008972,1.3824727E-5,19.005579,0.010526381,0.24474005,0.0078192465,0.07726934,0.008902618,0.33365858,0.013929388,0.74544555,0.0037178823,0.082101054,0.004915528,0.38873324,0.01973167,null,null,null,null,"TWOGAUSSIANS",8,3.1279693,0.74544555,0.0037178823,0.4,0.0,0.38354665,0.01955274,0.24474005,0.0078192465,0.4,0.005657411,0.328472,0.013141876
375316653866487564,4061030877068419712,0.5506335,2411.6420678940394,1.0460516833345097,2.2647804E-5,19.541784,0.0074119708,0.21225646,0.0029944794,0.034529902,0.0056100064,0.15344341,0.022559205,0.7231854,0.0032336446,0.041871704,0.005988121,0.6038835,0.05973639,null,null,null,null,"TWOGAUSSIANS",8,1.3928994,0.7231854,0.0032336446,0.23448154,0.03353348,0.6038835,0.059736393,0.21225646,0.0029944794,0.19336745,0.031416036,0.15344341,0.022559207
375316653866487564,4061030945855602816,0.54674476,2391.8152248040756,2.0772185240358385,2.2859445E-5,16.465897,0.007483726,0.27971625,0.0070819543,0.08460144,0.009013286,0.15419413,0.009853722,0.77167016,0.0030258626,0.0955807,0.005023581,0.2359517,0.007824754,null,null,null,null,"TWOGAUSSIANS",8,10.458191,0.77167016,0.0030258626,0.4,0.0,0.22872038,0.0059795994,0.27971625,0.0070819543,0.4,0.0,0.14696339,0.008548126
