Gaia/vari_eclipsing_binary/VariEclipsingBinary_666194-666213.csv
# %ECSV 1.0
# ---
# delimiter: ','
# meta: !!omap
# - RELEASE: Gaia DR3
# - TABLE: vari_eclipsing_binary
# - DESCRIPTION: >
#     This table describes the properties of the eclipsing binaries resulting from the variability analysis. 
# - CITATION: >
#     How to cite and acknowledge Gaia: 
#     https://gea.esac.esa.int/archive/documentation/credits.html 
# - KNOWN_ISSUES: >
#     Known issues: 
#     https://www.cosmos.esa.int/web/gaia-users/known-issues 
# - DOCUMENTATION: >
#     Tutorials and documentation: 
#     https://www.cosmos.esa.int/web/gaia-users/archive 
# datatype:
# - 
#   name: solution_id
#   datatype: int64
#   description: Solution Identifier
#   meta:
#     ucd: meta.version
# - 
#   name: source_id
#   datatype: int64
#   description: Unique source identifier
#   meta:
#     ucd: meta.id;meta.main
# - 
#   name: global_ranking
#   datatype: float32
#   description: Number between 0 (worst) and 1 (best)
#   meta:
#     ucd: stat.param
# - 
#   name: reference_time
#   datatype: float64
#   unit: d
#   description: Reference time used for the geometric model fit
#   meta:
#     ucd: time.epoch
# - 
#   name: frequency
#   datatype: float64
#   unit: d**-1
#   description: Frequency of geometric model of the eclipsing binary light curve
#   meta:
#     ucd: src.orbital
# - 
#   name: frequency_error
#   datatype: float32
#   unit: d**-1
#   description: "Uncertainty of \\texttt{frequency}"
#   meta:
#     ucd: stat.error
# - 
#   name: geom_model_reference_level
#   datatype: float32
#   unit: mag
#   description: Magnitude reference level of geometric model
#   meta:
#     ucd: phot.mag;em.opt
# - 
#   name: geom_model_reference_level_error
#   datatype: float32
#   unit: mag
#   description: "Uncertainty of \\texttt{geomModelReferenceLevel}"
#   meta:
#     ucd: stat.error;phot.mag;em.opt
# - 
#   name: geom_model_gaussian1_phase
#   datatype: float32
#   description: Phase of the Gaussian 1 component
#   meta:
#     ucd: time.phase
# - 
#   name: geom_model_gaussian1_phase_error
#   datatype: float32
#   description: "Uncertainty of \\texttt{geomModelGaussian1Phase}"
#   meta:
#     ucd: stat.error;time.phase
# - 
#   name: geom_model_gaussian1_sigma
#   datatype: float32
#   description: "Standard deviation [phase] of Gaussian 1 component"
#   meta:
#     ucd: stat.stdev
# - 
#   name: geom_model_gaussian1_sigma_error
#   datatype: float32
#   description: "Uncertainty of \\texttt{geomModelGaussian1Sigma}"
#   meta:
#     ucd: stat.error
# - 
#   name: geom_model_gaussian1_depth
#   datatype: float32
#   unit: mag
#   description: Magnitude depth of Gaussian 1 component
#   meta:
#     ucd: src.var.amplitude
# - 
#   name: geom_model_gaussian1_depth_error
#   datatype: float32
#   unit: mag
#   description: "Uncertainty of \\texttt{geomModelGaussian1Depth}"
#   meta:
#     ucd: stat.error;src.var.amplitude
# - 
#   name: geom_model_gaussian2_phase
#   datatype: float32
#   description: Phase of Gaussian 2 component
#   meta:
#     ucd: time.phase
# - 
#   name: geom_model_gaussian2_phase_error
#   datatype: float32
#   description: "Uncertainty of \\texttt{geomModelGaussian2Phase}"
#   meta:
#     ucd: stat.error;time.phase
# - 
#   name: geom_model_gaussian2_sigma
#   datatype: float32
[...]
#   datatype: float32
#   description: "Secondary eclipse: uncertainty of \\texttt{derivedSecondaryEclDuration}"
#   meta:
#     ucd: stat.error;time.duration
# - 
#   name: derived_secondary_ecl_depth
#   datatype: float32
#   unit: mag
#   description: "Secondary eclipse: depth"
#   meta:
#     ucd: src.var.amplitude
# - 
#   name: derived_secondary_ecl_depth_error
#   datatype: float32
#   unit: mag
#   description: "Secondary eclipse: uncertainty of \\texttt{derivedSecondaryEclDepth}"
#   meta:
#     ucd: stat.error;src.var.amplitude
solution_id,source_id,global_ranking,reference_time,frequency,frequency_error,geom_model_reference_level,geom_model_reference_level_error,geom_model_gaussian1_phase,geom_model_gaussian1_phase_error,geom_model_gaussian1_sigma,geom_model_gaussian1_sigma_error,geom_model_gaussian1_depth,geom_model_gaussian1_depth_error,geom_model_gaussian2_phase,geom_model_gaussian2_phase_error,geom_model_gaussian2_sigma,geom_model_gaussian2_sigma_error,geom_model_gaussian2_depth,geom_model_gaussian2_depth_error,geom_model_cosine_half_period_amplitude,geom_model_cosine_half_period_amplitude_error,geom_model_cosine_half_period_phase,geom_model_cosine_half_period_phase_error,model_type,num_model_parameters,reduced_chi2,derived_primary_ecl_phase,derived_primary_ecl_phase_error,derived_primary_ecl_duration,derived_primary_ecl_duration_error,derived_primary_ecl_depth,derived_primary_ecl_depth_error,derived_secondary_ecl_phase,derived_secondary_ecl_phase_error,derived_secondary_ecl_duration,derived_secondary_ecl_duration_error,derived_secondary_ecl_depth,derived_secondary_ecl_depth_error
[from data line 73]
375316653866487564,5859922884686858496,0.5446131,2196.558199827332,2.4158715981153667,7.371728E-6,19.211954,0.014148758,0.2392825,0.0038666422,0.09920814,0.007883664,0.40260598,0.022801373,0.74858516,0.0028139437,0.08330244,0.0048431326,0.46580172,0.026835391,null,null,null,null,"TWOGAUSSIANS",8,1.3453952,0.74858516,0.0028139437,0.4,0.0,0.44836947,0.028514732,0.2392825,0.0038666422,0.4,0.0,0.38517103,0.025860203
375316653866487564,5859923292723008896,0.51847,2207.469360927698,3.032180210135737,4.6682555E-5,19.07318,0.011285802,0.26925334,0.0055424944,0.06499884,0.0069570825,0.38852346,0.013288384,0.7815501,0.006893953,0.07636123,0.01003148,0.17383753,0.012153094,null,null,null,null,"TWOGAUSSIANS",8,4.126265,0.26925334,0.0055424944,0.36399353,0.038959663,0.38782465,0.013036376,0.7815501,0.006893953,0.4,0.0,0.17313871,0.011519322
375316653866487564,5859923331363294208,0.5074681,2184.1049621956495,3.8345527446266905,1.2567311E-5,19.400076,0.023239426,0.15681781,0.0062064705,0.095853545,0.00985482,0.36290613,0.03214506,0.6410549,0.0032724491,0.075808495,0.0077191796,0.44331616,0.031938456,null,null,null,null,"TWOGAUSSIANS",8,3.157768,0.6410549,0.0032724491,0.4,0.0,0.43471196,0.03225792,0.15681781,0.0062064705,0.4,0.0,0.35430068,0.031119723
375316653866487564,5859923911175046784,0.60296524,2211.038838842281,2.6043742212031207,5.452787E-6,17.688145,0.014200011,0.19854106,0.002119961,0.04682857,0.00873077,0.20063025,0.038004886,0.7022279,0.002418252,0.048761677,0.005855423,0.17553112,0.04092145,0.1148511,0.026912091,0.19854106,0.002119961,"TWOGAUSSIANS_WITH_ELLIPSOIDAL_ON_ECLIPSE1",9,7.9128375,0.19854106,0.002119961,0.26224,0.04889231,0.430332,0.018313862,0.7022279,0.002418252,0.2730654,0.03279037,0.40510964,0.015776824
375316653866487564,5859923911175047040,0.415033,2203.9170601197357,0.09586698303072436,1.5363692E-5,17.356768,0.08436721,0.18518515,0.003550569,0.00897502,0.004986008,0.09108171,0.058305666,0.5864411,0.013068772,0.2268083,0.06805006,0.22651078,0.07810665,null,null,null,null,"TWOGAUSSIANS",8,12.763152,0.5864411,0.013068772,0.4,0.0,0.18665208,0.018353606,0.18544514,0.0037905402,0.050260108,0.027921647,0.10554389,0.058654945
375316653866487564,5859923911175049216,0.46044573,2178.441545661991,3.3063666349028247,2.6186326E-5,18.880686,0.009212869,0.30594224,0.02543886,0.042104997,0.013146545,0.13635488,0.061809156,0.75982183,0.007580894,0.085433386,0.014198181,0.16062206,0.01930979,null,null,null,null,"TWOGAUSSIANS",8,2.672943,0.75982183,0.007580894,0.4,0.0,0.16059217,0.019352436,0.30594224,0.02543886,0.23578797,0.07362065,0.1363251,0.061770406
375316653866487564,5859924254795643392,0.60189533,2202.9587742003355,3.5358732394805497,6.791679E-6,18.772348,0.007666028,0.23518932,0.0022981565,0.067596026,0.0026177294,0.5023837,0.012996648,0.74416554,0.006444976,0.06949113,0.005735076,0.665606,0.013791565,null,null,null,null,"TWOGAUSSIANS",8,3.3262434,0.74416554,0.006444976,0.38915035,0.014987082,0.66443014,0.013474572,0.23518932,0.0022981565,0.3785377,0.014659285,0.5012078,0.012856688
375316653866487564,5859924362154236672,0.42926958,2222.4520897486045,2.0282355979077145,5.634406E-5,19.468025,0.39419582,0.5603654,0.018866384,0.1673653,0.08231522,0.7110989,0.35430214,0.9724132,0.06674393,0.11601034,0.044798523,0.43345374,0.3496168,null,null,null,null,"TWOGAUSSIANS",8,7.4613333,0.5613454,0.01712655,0.4,0.0,0.5788457,0.18723617,0.9724132,0.06674393,0.4,0.0,0.33621916,0.24402246
375316653866487564,5859924396513964800,0.4442539,2162.2874674534055,2.691002882707577,4.206647E-5,19.492765,0.02180736,0.24967824,0.012072203,0.06542341,0.021141129,0.22972322,0.072499655,0.72569656,0.05721957,0.046849996,0.056609623,0.1499381,1.5435194,0.09353496,0.04718349,0.24967824,0.012072203,"TWOGAUSSIANS_WITH_ELLIPSOIDAL_ON_ECLIPSE1",9,17.426643,0.24967824,0.012072203,0.3663711,0.103384376,0.41664073,0.04525718,0.7299366,0.04557826,0.26235998,0.30631077,0.3333793,1.524803
375316653866487564,5859924430925418368,0.5566563,2193.1795002769863,0.0718010593532625,1.6919821E-5,16.76095,0.005684003,0.19423111,0.002196388,0.011249957,0.0017952534,0.83099246,0.036436986,0.6899959,0.0026409384,0.013389153,0.0011669124,0.23214947,0.029490408,null,null,null,null,"TWOGAUSSIANS",8,87.35514,0.19423111,0.002196388,0.06299976,0.010053419,0.83099246,0.036436986,0.6899959,0.0026409384,0.07497926,0.0065347096,0.23214947,0.029490408
375316653866487564,5859924499596180352,0.4703048,2167.704716003808,1.1578503427622422,7.670662E-5,19.706059,0.40690908,0.30089623,0.026067449,0.15609656,0.12958749,0.40189466,0.35429227,0.73440224,0.021697247,0.0851944,0.021514395,0.8695638,0.17456967,null,null,null,null,"TWOGAUSSIANS",8,4.1915555,0.73440224,0.021697247,0.4,0.008006628,0.81711996,0.12712128,0.3009062,0.026062248,0.4,0.0,0.34039974,0.08064079
375316653866487564,5859924598392902912,0.46128124,2209.1327662195845,1.754985538286367,5.6501605E-5,19.353167,0.014115054,0.3179727,0.019259682,0.09874997,0.020457676,0.09654806,0.016619662,0.80125505,0.009825068,0.06931091,0.013472074,0.2137125,0.025766805,null,null,null,null,"TWOGAUSSIANS",8,2.938488,0.80125505,0.009825068,0.3881411,0.06438909,0.21141876,0.025823949,0.3179727,0.019259682,0.4,0.0,0.09425361,0.014286154
375316653866487564,5859924667112376192,0.437723,2214.2108530615983,1.3644483673595342,6.784247E-5,18.790209,0.009867237,0.34371895,0.009846369,0.049511034,0.0092379125,0.18360415,0.031125788,0.82762265,0.037031837,0.043808132,0.041395634,0.067811616,0.406298,null,null,null,null,"TWOGAUSSIANS",8,11.823259,0.34371895,0.009846369,0.2772618,0.051732313,0.1836041,0.031125808,0.82762265,0.037031837,0.24532554,0.23181556,0.06781156,0.40629843
375316653866487564,5859924671391962752,0.61943555,2178.481132507514,2.2088154520129315,3.9169327E-6,17.962046,0.0155304875,0.24455452,0.0011823504,0.052429218,0.004326324,0.31493473,0.03098044,0.7477869,0.0014303373,0.065379806,0.0046980307,0.2379876,0.03115448,0.10240676,0.017715469,0.24455452,0.0011823504,"TWOGAUSSIANS_WITH_ELLIPSOIDAL_ON_ECLIPSE1",9,2.5970488,0.24455452,0.0011823504,0.29360363,0.024227416,0.51961356,0.015826486,0.7477869,0.0014303373,0.36612692,0.02630897,0.44258195,0.009083466
375316653866487564,5859924701464988032,0.55085534,2200.3614351654855,2.3659200244094616,5.9475165E-6,18.564001,0.0066722045,0.25914428,0.004803678,0.051767122,0.00390874,0.43859303,0.011325216,0.7508704,0.0017664464,0.04717826,0.00188758,0.41206336,0.012088843,null,null,null,null,"TWOGAUSSIANS",8,6.5112514,0.25914428,0.004803678,0.2898959,0.021888943,0.43859145,0.011325115,0.7508704,0.0017664464,0.26419827,0.010570448,0.41206178,0.012088753
375316653866487564,5859924774522815872,0.5572535,2202.8632533799637,3.4837204960727806,8.1661565E-6,16.156488,0.014526375,0.2783314,0.0023669202,0.09653742,0.008266368,0.26330745,0.012204643,0.7547351,0.003185133,0.08943985,0.006222256,0.30391362,0.016917817,null,null,null,null,"TWOGAUSSIANS",8,29.373135,0.7547351,0.003185133,0.4,0.0,0.2932101,0.015156568,0.2783314,0.0023669202,0.4,0.0,0.25260267,0.011048814
375316653866487564,5859924843190749824,0.47611794,2191.97104284611,0.46251186100979225,6.251138E-5,18.01818,0.0024715243,0.21995804,0.008332758,0.019467186,0.013741204,0.029430319,0.07577266,0.6915146,0.0053618317,0.021727648,0.006386168,0.16276021,0.022287006,0.010929681,0.004228698,0.6915146,0.0053618317,"TWOGAUSSIANS_WITH_ELLIPSOIDAL_ON_ECLIPSE2",9,3.7369623,0.6915146,0.0053618317,0.12167482,0.03576254,0.18461958,0.02665349,0.21934804,0.008155912,0.10901624,0.07695074,0.050613478,0.0755868
375316653866487564,5859925148147030784,0.560629,2250.459612972334,0.5553963322122241,3.9042872E-5,18.711008,0.0075471113,0.39082065,0.015012517,0.026596319,0.005488076,3.8745956,1.8741355,0.5759462,0.063716345,0.06231567,0.032821313,0.029068131,0.012009805,null,null,null,null,"TWOGAUSSIANS",8,11.512906,0.39082065,0.015012938,0.14893939,0.030733224,3.874948,1.8742881,0.5759462,0.063716345,0.34896773,0.16833022,0.029068131,0.012009807
375316653866487564,5859925152428488832,0.5782046,2163.3903386223196,2.850442673725405,7.951767E-6,19.309782,0.010353006,0.20318054,0.0027739133,0.061868224,0.004015153,0.4901287,0.018754568,0.6979324,0.0020537728,0.06564232,0.003042156,0.54232687,0.013616736,null,null,null,null,"TWOGAUSSIANS",8,1.4737726,0.6979324,0.0020537728,0.367597,0.017036075,0.5419246,0.013558288,0.20318054,0.0027739133,0.34646204,0.022484858,0.4897264,0.018739121
375316653866487564,5859925319947406720,0.45702583,2265.5241285132374,0.014460271560095337,2.32437E-5,18.25017,0.006925542,0.30298296,0.0015309993,0.04757257,0.0024165192,0.35754073,0.029170131,0.5524268,0.017962508,0.024058148,0.011600811,0.06332356,0.030992014,null,null,null,null,"TWOGAUSSIANS",8,8.600864,0.30298296,0.0015309993,0.2664064,0.013532508,0.35754073,0.029170131,0.5524268,0.017962508,0.13472563,0.06496454,0.06332394,0.030992372
375316653866487564,5859925496077341952,0.58230036,2195.7939980451524,2.7243478221368127,5.5313876E-6,17.550186,0.016117146,0.24001579,0.0020199015,0.10087792,0.006035014,0.26925895,0.015178336,0.7356221,0.003373191,0.108033195,0.009838276,0.24436426,0.012787978,null,null,null,null,"TWOGAUSSIANS",8,3.770665,0.24001579,0.002018812,0.4,0.0,0.24153447,0.008000416,0.7356221,0.003373191,0.4,0.0,0.21663126,0.008516656
375316653866487564,5859925564747306752,0.5418426,2200.648496352452,0.4452988799172849,1.4953604E-5,15.390685,0.0021798979,0.2533079,0.0022169128,0.026793644,0.0021040868,0.22916147,0.0076924916,0.7459944,0.03181476,0.030626955,0.016756788,0.4733264,2.0177507,null,null,null,null,"TWOGAUSSIANS",8,29.526024,0.7459944,0.03181476,0.17151095,0.09383801,0.4733264,2.0177507,0.2533079,0.0022169128,0.15004441,0.011782886,0.22916147,0.0076924916
375316653866487564,5859925599107152512,0.6256581,2197.0120708891004,2.293471840839357,2.3235887E-6,17.246449,0.0060945265,0.18166289,0.0010517432,0.052333433,0.0014846041,0.46976396,0.019254146,0.6813993,0.013457554,0.046378314,0.011558893,0.0362997,0.016278068,0.07709643,0.0076117637,0.18166289,0.0010517432,"TWOGAUSSIANS_WITH_ELLIPSOIDAL_ON_ECLIPSE1",9,7.366201,0.18166289,0.0010517432,0.29306722,0.0083137825,0.6239512,0.01574116,0.68150926,0.011042881,0.25971857,0.0647298,0.19048667,0.007603087
375316653866487564,5859925702184269952,0.47548345,2188.2800805326624,2.780316931273846,2.4209683E-5,18.486351,0.004560154,0.36019817,0.017771345,0.025928542,0.011326439,0.06112948,0.016214706,0.7194333,0.006521304,0.06474102,0.056538515,0.028906386,0.08246082,0.07539316,0.0055463556,0.7194333,0.006521304,"TWOGAUSSIANS_WITH_ELLIPSOIDAL_ON_ECLIPSE2",9,4.5156336,0.7194333,0.006521304,0.36254972,0.29504746,0.17967482,0.080540195,0.34872815,0.023621745,0.14519984,0.06342805,0.12673976,0.022851856
375316653866487564,5859925766599464320,0.50246364,2199.0346467183476,1.1947736054775433,1.3612832E-5,17.200575,0.0049422607,0.28831577,0.029058158,0.015170265,0.020119082,0.038513336,32695.105,0.7133945,0.0038734302,0.045601897,0.004915083,0.26251414,0.018027823,null,null,null,null,"TWOGAUSSIANS",8,25.272758,0.7133945,0.0038734302,0.25537062,0.027524464,0.26251414,0.018027823,0.28831577,0.029058158,0.08495349,0.11266686,0.038513336,32695.105
375316653866487564,5859925770955735680,0.71491224,2206.7348648712664,0.13129134902325182,8.28037E-5,15.836404,5.896988E-4,0.091986895,4.3876184E-4,0.009770471,2.6294173E-4,0.74739605,0.031509917,0.58850604,4.2490575E-7,0.010696093,1.2724899E-5,0.624892,5.008341E-4,null,null,null,null,"TWOGAUSSIANS",8,4.290991,0.091986895,4.3876184E-4,0.054714635,0.0014724736,0.74739605,0.031509917,0.58850604,4.2490575E-7,0.059898116,7.1259434E-5,0.624892,5.008341E-4
375316653866487564,5859925977113719296,0.49787465,2181.5279964430333,2.2923764183013873,1.1272197E-5,19.031637,0.2079713,0.22613713,0.0046485723,0.114204906,0.022788808,0.3228315,0.14976875,0.73455894,0.004693563,0.18229955,0.0844367,0.2584886,0.20393987,null,null,null,null,"TWOGAUSSIANS",8,1.1725339,0.22524714,0.0039822753,0.4,0.0,0.21205638,0.01572851,0.734629,0.0046282113,0.4,0.0,0.13564633,0.009996415
375316653866487564,5859926110219721984,0.48049805,2211.36945768673,2.7266169890516383,1.822353E-5,18.699562,0.009743075,0.3029041,0.006517705,0.068461366,0.010673554,0.44791594,0.10185116,0.8207647,0.005037372,0.06747707,0.005823046,0.37314153,0.048630945,null,null,null,null,"TWOGAUSSIANS",8,9.9147415,0.3029041,0.006517705,0.38338366,0.043826543,0.4473386,0.10243378,0.8207647,0.005037372,0.3778716,0.032609057,0.3725642,0.04881678
375316653866487564,5859926148863395200,0.4312033,2241.3723892283638,3.9863076467864973,6.92664E-6,19.345242,0.006673161,0.46434402,0.008552316,0.02180127,0.025841394,1.1889918,1.4194287,0.7770522,0.028931702,0.030812295,0.024642406,0.11345544,0.33847493,null,null,null,null,"TWOGAUSSIANS",8,3.6588578,0.46434402,0.008552316,0.12208711,0.1447118,1.1889918,1.4194287,0.7770522,0.028931702,0.17254885,0.13799748,0.11345544,0.33847493
375316653866487564,5859926251940299776,0.6731959,2222.0513665565813,1.2276141838357228,3.6683007E-6,17.194796,0.0065459567,0.30270898,9.049418E-4,0.050449416,0.0014754666,0.53669107,0.017049825,0.8050903,0.012654691,0.0631367,0.011165952,0.03918001,0.015494597,0.06032597,0.007117758,0.30270898,9.049418E-4,"TWOGAUSSIANS_WITH_ELLIPSOIDAL_ON_ECLIPSE1",9,2.964415,0.30270898,9.049418E-4,0.28251675,0.008262613,0.6573272,0.012236369,0.8050903,0.009348689,0.35356548,0.06252933,0.15978914,0.008161972
375316653866487564,5859926836107428864,0.6385942,2190.470343380975,0.7104795728165516,4.2982956E-6,16.881325,0.0017880546,0.29732907,0.0028544662,0.047256224,0.0035887605,0.0719095,0.0030545841,0.8006565,8.369818E-4,0.03923361,7.805925E-4,0.41927338,0.006975853,null,null,null,null,"TWOGAUSSIANS",8,3.16185,0.8006565,8.369818E-4,0.21970822,0.004371318,0.41927335,0.006975853,0.29732907,0.0028544662,0.26463485,0.020097058,0.071909495,0.0030545872
375316653866487564,5859927145294989184,0.48406628,2212.609779638325,0.4937894540217333,2.7850717E-6,19.989334,0.0045443415,0.26712513,0.0038752225,0.028764829,0.0031379797,0.5004672,0.16388649,0.8234138,0.008954932,0.032520037,0.0047840998,0.10188067,0.041606467,null,null,null,null,"TWOGAUSSIANS",8,1.0214039,0.26712513,0.0038752225,0.16108304,0.017572686,0.5004672,0.16388649,0.8234138,0.008954932,0.18211222,0.02679096,0.10188067,0.041606467
375316653866487564,5859927175348716672,0.6997531,2219.3667682607256,1.4272747728542847,1.9870677E-6,15.259748,0.00394279,0.2494419,0.0015442976,0.04868863,0.0020656083,0.2854131,0.010894859,0.74724555,5.655987E-4,0.047086522,0.0015656606,0.34711438,0.008290706,0.15625606,0.0047373823,0.74724555,5.655987E-4,"TWOGAUSSIANS_WITH_ELLIPSOIDAL_ON_ECLIPSE2",9,14.598356,0.74724555,5.655987E-4,0.2636845,0.0087677,0.65962505,0.0043726033,0.24907191,0.0012667209,0.27265635,0.011567405,0.5978744,0.010988011
375316653866487564,5859927347171950720,0.5007238,2205.6569936825786,0.07366017188246969,3.3690277E-4,18.993135,0.011293354,0.19889213,2.8907063E-5,0.0036350517,6.2419145E-5,0.4857554,0.008054609,0.66562873,0.043634247,0.18414478,0.07018562,0.04449459,0.010439159,null,null,null,null,"TWOGAUSSIANS",8,2.3067558,0.19889213,2.8907063E-5,0.020356288,3.4954722E-4,0.48598856,0.008180995,0.66562873,0.043634247,0.4,0.0,0.042264115,0.00900678
375316653866487564,5859927385813369856,0.5441005,2250.5596358894386,0.04275162369987327,5.1544008E-5,18.405512,0.005238028,0.3761741,0.008157219,0.0138556035,0.013767877,0.095716886,302.16354,0.91301256,0.0018771345,0.02012157,0.0065275235,2.1504183,8.214898,null,null,null,null,"TWOGAUSSIANS",8,13.81224,0.91301256,0.0018771345,0.1126808,0.03655413,2.1504183,8.214898,0.3761741,0.008157219,0.077591375,0.077100106,0.095716886,302.16354
