Gaia/vari_eclipsing_binary/VariEclipsingBinary_669529-669549.csv
# %ECSV 1.0
# ---
# delimiter: ','
# meta: !!omap
# - RELEASE: Gaia DR3
# - TABLE: vari_eclipsing_binary
# - DESCRIPTION: >
#     This table describes the properties of the eclipsing binaries resulting from the variability analysis. 
# - CITATION: >
#     How to cite and acknowledge Gaia: 
#     https://gea.esac.esa.int/archive/documentation/credits.html 
# - KNOWN_ISSUES: >
#     Known issues: 
#     https://www.cosmos.esa.int/web/gaia-users/known-issues 
# - DOCUMENTATION: >
#     Tutorials and documentation: 
#     https://www.cosmos.esa.int/web/gaia-users/archive 
# datatype:
# - 
#   name: solution_id
#   datatype: int64
#   description: Solution Identifier
#   meta:
#     ucd: meta.version
# - 
#   name: source_id
#   datatype: int64
#   description: Unique source identifier
#   meta:
#     ucd: meta.id;meta.main
# - 
#   name: global_ranking
#   datatype: float32
#   description: Number between 0 (worst) and 1 (best)
#   meta:
#     ucd: stat.param
# - 
#   name: reference_time
#   datatype: float64
#   unit: d
#   description: Reference time used for the geometric model fit
#   meta:
#     ucd: time.epoch
# - 
#   name: frequency
#   datatype: float64
#   unit: d**-1
#   description: Frequency of geometric model of the eclipsing binary light curve
#   meta:
#     ucd: src.orbital
# - 
#   name: frequency_error
#   datatype: float32
#   unit: d**-1
#   description: "Uncertainty of \\texttt{frequency}"
#   meta:
#     ucd: stat.error
# - 
#   name: geom_model_reference_level
#   datatype: float32
#   unit: mag
#   description: Magnitude reference level of geometric model
#   meta:
#     ucd: phot.mag;em.opt
# - 
#   name: geom_model_reference_level_error
#   datatype: float32
#   unit: mag
#   description: "Uncertainty of \\texttt{geomModelReferenceLevel}"
#   meta:
#     ucd: stat.error;phot.mag;em.opt
# - 
#   name: geom_model_gaussian1_phase
#   datatype: float32
#   description: Phase of the Gaussian 1 component
#   meta:
#     ucd: time.phase
# - 
#   name: geom_model_gaussian1_phase_error
#   datatype: float32
#   description: "Uncertainty of \\texttt{geomModelGaussian1Phase}"
#   meta:
#     ucd: stat.error;time.phase
# - 
#   name: geom_model_gaussian1_sigma
#   datatype: float32
#   description: "Standard deviation [phase] of Gaussian 1 component"
#   meta:
#     ucd: stat.stdev
# - 
#   name: geom_model_gaussian1_sigma_error
#   datatype: float32
#   description: "Uncertainty of \\texttt{geomModelGaussian1Sigma}"
#   meta:
#     ucd: stat.error
# - 
#   name: geom_model_gaussian1_depth
#   datatype: float32
#   unit: mag
#   description: Magnitude depth of Gaussian 1 component
#   meta:
#     ucd: src.var.amplitude
# - 
#   name: geom_model_gaussian1_depth_error
#   datatype: float32
#   unit: mag
#   description: "Uncertainty of \\texttt{geomModelGaussian1Depth}"
#   meta:
#     ucd: stat.error;src.var.amplitude
# - 
#   name: geom_model_gaussian2_phase
#   datatype: float32
#   description: Phase of Gaussian 2 component
#   meta:
#     ucd: time.phase
# - 
#   name: geom_model_gaussian2_phase_error
#   datatype: float32
#   description: "Uncertainty of \\texttt{geomModelGaussian2Phase}"
#   meta:
#     ucd: stat.error;time.phase
# - 
#   name: geom_model_gaussian2_sigma
#   datatype: float32
[...]
#   datatype: float32
#   description: "Secondary eclipse: uncertainty of \\texttt{derivedSecondaryEclDuration}"
#   meta:
#     ucd: stat.error;time.duration
# - 
#   name: derived_secondary_ecl_depth
#   datatype: float32
#   unit: mag
#   description: "Secondary eclipse: depth"
#   meta:
#     ucd: src.var.amplitude
# - 
#   name: derived_secondary_ecl_depth_error
#   datatype: float32
#   unit: mag
#   description: "Secondary eclipse: uncertainty of \\texttt{derivedSecondaryEclDepth}"
#   meta:
#     ucd: stat.error;src.var.amplitude
solution_id,source_id,global_ranking,reference_time,frequency,frequency_error,geom_model_reference_level,geom_model_reference_level_error,geom_model_gaussian1_phase,geom_model_gaussian1_phase_error,geom_model_gaussian1_sigma,geom_model_gaussian1_sigma_error,geom_model_gaussian1_depth,geom_model_gaussian1_depth_error,geom_model_gaussian2_phase,geom_model_gaussian2_phase_error,geom_model_gaussian2_sigma,geom_model_gaussian2_sigma_error,geom_model_gaussian2_depth,geom_model_gaussian2_depth_error,geom_model_cosine_half_period_amplitude,geom_model_cosine_half_period_amplitude_error,geom_model_cosine_half_period_phase,geom_model_cosine_half_period_phase_error,model_type,num_model_parameters,reduced_chi2,derived_primary_ecl_phase,derived_primary_ecl_phase_error,derived_primary_ecl_duration,derived_primary_ecl_duration_error,derived_primary_ecl_depth,derived_primary_ecl_depth_error,derived_secondary_ecl_phase,derived_secondary_ecl_phase_error,derived_secondary_ecl_duration,derived_secondary_ecl_duration_error,derived_secondary_ecl_depth,derived_secondary_ecl_depth_error
[from data line 74]
375316653866487564,5889254556446147456,0.46233484,2104.402429823024,2.4253798641629998,2.9833438E-5,19.71505,0.027021246,0.27131674,0.01035553,0.10044016,0.01608263,0.19108042,0.030703276,0.7598823,0.010064751,0.0910229,0.017619556,0.22376202,0.025491746,null,null,null,null,"TWOGAUSSIANS",8,1.8479817,0.7598823,0.010064751,0.4,0.0,0.21216662,0.013672324,0.27131674,0.01035553,0.4,0.0,0.17948334,0.021358026
375316653866487564,5889255690283891328,0.50635093,2120.407138841088,2.822270968062243,4.643606E-5,19.543087,0.023166578,0.25662807,0.01249669,0.08574852,0.014596141,0.26803696,0.03407745,0.7493668,0.0041853962,0.10416806,0.011445027,0.23039815,0.022651186,null,null,null,null,"TWOGAUSSIANS",8,1.9078467,0.25662807,0.01249669,0.4,0.0,0.2542067,0.033565238,0.7493668,0.0041853962,0.4,0.0,0.21656308,0.013918647
375316653866487564,5889255754668631040,0.5804764,2153.6825334247746,1.1491170503706019,1.23437E-5,18.942394,0.0048672645,0.23655248,0.005872272,0.03883486,0.0063115046,0.08475028,0.019932104,0.7230152,0.0015993689,0.036888998,0.0012418537,0.555637,0.009548414,null,null,null,null,"TWOGAUSSIANS",8,2.6921508,0.7230152,0.0015993689,0.20657839,0.006954381,0.555637,0.009548414,0.23655248,0.005872272,0.21747522,0.035344426,0.08475028,0.019932104
375316653866487564,5889255759003447552,0.5374177,2161.6429740946505,1.414704670169176,8.950266E-6,17.97091,0.002564471,0.16024736,0.0067663547,0.050827086,0.006192862,0.118381836,0.009529158,0.6752353,0.004821431,0.0608856,0.007468635,0.2821555,0.074694164,null,null,null,null,"TWOGAUSSIANS",8,1.8568535,0.6752353,0.004821431,0.34095937,0.04182436,0.28214636,0.07470623,0.16024736,0.0067663547,0.2846317,0.034680028,0.11837267,0.009536425
375316653866487564,5889256171320425344,0.51888347,2138.6590133177774,2.640106044682154,2.372872E-5,19.715633,0.019177776,0.19759229,0.0024583288,0.08324738,0.006965818,0.3834884,0.02311541,0.6919204,0.004773567,0.08345938,0.008528112,0.4902212,0.023358757,null,null,null,null,"TWOGAUSSIANS",8,2.8376393,0.6919204,0.004773567,0.4,0.0,0.48151502,0.023211444,0.19759229,0.0024583288,0.4,0.0,0.3747822,0.023029467
375316653866487564,5889256171353884160,0.52160436,2151.1693119329875,2.1171736390422673,2.4885936E-5,18.827894,0.0074894945,0.31990966,0.0032872823,0.07296545,0.004264306,0.2796839,0.011646875,0.8260801,0.011009799,0.09019104,0.015244685,0.10652588,0.008309365,null,null,null,null,"TWOGAUSSIANS",8,1.5103691,0.31990966,0.0032872823,0.4,0.002104608,0.2770831,0.011153712,0.8260801,0.011009799,0.4,0.0,0.10392506,0.008104809
375316653866487564,5889256377512345088,0.40421757,2116.408424131395,0.18621986684483224,2.35615E-5,19.332476,0.009524319,0.36464727,0.010096551,0.02593768,0.0058625164,0.58520645,0.8337823,0.76137125,0.00616069,0.026611151,0.008931392,0.054222737,0.009903567,null,null,null,null,"TWOGAUSSIANS",8,6.396444,0.36464727,0.010096551,0.145251,0.032830093,0.58520645,0.8337823,0.76137125,0.00616069,0.14902245,0.050015792,0.054222737,0.009903567
375316653866487564,5889258335986565632,0.59176975,2157.199235168107,2.3265335464598658,5.9689874E-6,18.882343,0.010492868,0.2371672,0.0017529665,0.07444251,0.0031709014,0.45841464,0.014703733,0.74632114,0.0020075506,0.07189762,0.0035510818,0.4995492,0.010978299,null,null,null,null,"TWOGAUSSIANS",8,2.020755,0.74632114,0.0020075506,0.4,0.009618623,0.49730057,0.010655128,0.2371672,0.0017529665,0.4,0.0,0.45616603,0.014708968
375316653866487564,5889258439065958784,0.45904085,2159.940564518709,1.872326726596335,1.931884E-5,18.577074,0.24246548,0.28970096,0.005937258,0.12351385,0.045776796,0.20246501,0.20299248,0.7891459,0.009528853,0.15797877,0.11224752,0.17629567,0.24141593,null,null,null,null,"TWOGAUSSIANS",8,2.484075,0.28974098,0.0058376803,0.4,0.0,0.12892526,0.00873943,0.7891459,0.009588758,0.4,0.0,0.100512214,0.008222211
375316653866487564,5889258473456756096,0.49506542,2158.213286112383,3.2572302265669264,1.6973006E-5,16.998463,0.0022215205,0.22593004,0.0064072134,0.08656669,0.0087287035,0.05767786,0.0036128592,0.72362465,0.004457983,0.07144883,0.006561245,0.046244763,0.0027872242,null,null,null,null,"TWOGAUSSIANS",8,1.7297982,0.22593004,0.0064072134,0.4,0.0,0.057013445,0.0036118447,0.72362465,0.004457983,0.4,0.018066362,0.045580354,0.002627273
375316653866487564,5889258542176660480,0.5904467,2186.462243723961,3.693588684390476,9.444172E-6,18.394043,0.013501983,0.2937999,0.0012343343,0.053495396,0.0026231701,0.41619658,0.030234003,0.7886555,0.0036069874,0.04578186,0.005852312,0.27557397,0.030937316,0.10097215,0.016381051,0.2937999,0.0012343343,"TWOGAUSSIANS_WITH_ELLIPSOIDAL_ON_ECLIPSE1",9,7.270247,0.2937999,0.0012343343,0.29957423,0.014689753,0.61813265,0.008571252,0.7892155,0.0032590928,0.2563784,0.032772947,0.47732192,0.008245165
375316653866487564,5889258610864445440,0.44611967,2126.8686233075514,0.08676365163501122,2.6189196E-5,19.64908,0.025031405,0.26054582,0.0076459246,0.05526365,0.022160856,0.36784768,0.054034285,0.7329667,0.0074784528,0.048132513,0.015287863,0.6879499,0.9018875,null,null,null,null,"TWOGAUSSIANS",8,11.218061,0.7329667,0.0074784528,0.26954207,0.08561204,0.6879477,0.90189266,0.26054582,0.0076459246,0.30947644,0.09806335,0.3678455,0.054102164
375316653866487564,5889258851382923776,0.4887274,2188.183596813477,2.55078546674746,1.9295083E-5,18.110922,0.036457703,0.21681185,0.006385815,0.11460341,0.018116351,0.18652561,0.03616555,0.7297876,0.0058606416,0.105938695,0.01950515,0.19355501,0.033457637,null,null,null,null,"TWOGAUSSIANS",8,7.29776,0.72981757,0.0058419253,0.4,0.0,0.1682227,0.012731281,0.21680185,0.0063829026,0.4,0.0,0.16116919,0.012470799
375316653866487564,5889259023212644096,0.68893963,2158.3762718434286,1.0179660486133244,2.9716748E-6,15.563506,0.0014793209,0.42886806,6.9563324E-4,0.036847707,6.824286E-4,0.60446924,0.023842363,0.6300221,0.047336835,0.052086603,0.054345343,0.007684987,0.009416677,null,null,null,null,"TWOGAUSSIANS",8,7.034202,0.42886806,6.9563324E-4,0.20634715,0.0038216,0.60447365,0.02386132,0.6300221,0.047336835,0.291685,0.30433393,0.0076851915,0.00942541
375316653866487564,5889259057543306112,0.4531752,2172.806172930249,2.9061653072491196,2.7173683E-5,19.85936,0.025112774,0.2969068,0.017982112,0.06758838,0.01802047,0.30248946,0.11630972,0.8106265,0.008612298,0.052599207,0.023818657,0.70694214,0.24749887,null,null,null,null,"TWOGAUSSIANS",8,5.5404167,0.8106265,0.008612298,0.29455557,0.10464007,0.7068491,0.24997714,0.2969068,0.017982112,0.37849495,0.08703976,0.3023964,0.1162372
375316653866487564,5889259091932146816,0.41808563,2182.92644459203,0.31322752496759054,1.0271224E-4,16.758827,0.004657591,0.38484693,0.009005757,0.026788801,0.007607021,0.19270104,0.09992407,0.6497815,0.009747862,0.025475236,0.019193823,0.060321618,0.11548675,0.019964913,0.007487873,0.6497815,0.009747862,"TWOGAUSSIANS_WITH_ELLIPSOIDAL_ON_ECLIPSE2",9,46.056095,0.38466695,0.0090003675,0.15001729,0.042599317,0.1930557,0.09997868,0.6497815,0.009747862,0.14266132,0.107485406,0.10025142,0.1173082
375316653866487564,5889259362440612992,0.4610201,2172.8999414626023,0.4405368646852698,9.221344E-6,17.609821,0.0028820648,0.12948523,0.014303529,0.012634949,0.010470035,0.10797502,0.056446787,0.6260309,0.0022305308,0.010062512,0.008245532,0.1393217,6.2258024,0.022104703,0.005519107,0.12948523,0.014303529,"TWOGAUSSIANS_WITH_ELLIPSOIDAL_ON_ECLIPSE1",9,6.7483974,0.62604094,0.0022425882,0.056350067,0.04617498,0.18351032,6.2263227,0.12948523,0.014303529,0.07075571,0.05863219,0.15218441,0.05897693
375316653866487564,5889259469860110208,0.5097382,2153.283854881811,0.4034000594338016,2.427953E-5,19.245426,0.0038587018,0.35798228,0.018487882,0.02080617,0.0155852325,0.03334816,0.004012695,0.86464334,1.3147353E-4,0.010721026,3.6098287E-4,0.72485375,0.037605647,null,null,null,null,"TWOGAUSSIANS",8,1.4522674,0.86464334,1.3147353E-4,0.060037743,0.002021504,0.72485375,0.037605647,0.35798228,0.018487882,0.11651454,0.0872773,0.03334816,0.004012695
375316653866487564,5889259985285270016,0.5469411,2176.1099260466603,1.7129567178028022,1.6267733E-5,15.736234,0.0053274375,0.24468224,0.0046107383,0.10615372,0.01128055,0.054529734,0.0051083835,0.7272587,0.0033091693,0.091025375,0.007098641,0.11134553,0.005786108,null,null,null,null,"TWOGAUSSIANS",8,7.000851,0.7272587,0.0033091693,0.4,0.0,0.106589906,0.0058016684,0.24468224,0.0046107383,0.4,0.0,0.049772058,0.002865555
375316653866487564,5889260015276234368,0.47962123,2153.197104564143,2.758057307271122,2.7067656E-5,17.838465,0.4027195,0.24010105,0.0072057694,0.15143037,0.032193795,0.40221652,0.27033567,0.7468307,0.0066481438,0.22561507,0.10236991,0.47146702,0.39615953,null,null,null,null,"TWOGAUSSIANS",8,4.0050116,0.23640105,0.005230475,0.4,0.0,0.1319935,0.008782682,0.74813074,0.005911069,0.4,0.0,0.12366229,0.0061016236
375316653866487564,5889260225774875520,0.512076,2169.61709213351,1.75935713748872,1.9538533E-5,18.154919,0.030075202,0.17443612,0.007282194,0.10258646,0.017651372,0.24508777,0.029463768,0.6825547,0.0052727167,0.10388684,0.019529996,0.19605651,0.026031349,null,null,null,null,"TWOGAUSSIANS",8,6.585052,0.17443612,0.007285177,0.4,0.0,0.22391331,0.024449348,0.6825547,0.0052765138,0.4,0.0,0.1748818,0.020261683
375316653866487564,5889260565045342080,0.4617036,2178.6354096172204,2.8439542144984102,4.3142063E-5,18.638348,0.018844904,0.2964894,0.008656507,0.10339349,0.015983004,0.10966609,0.01844182,0.7742612,0.014118231,0.11186132,0.02523959,0.11384274,0.018265607,null,null,null,null,"TWOGAUSSIANS",8,2.6933544,0.7742612,0.014118231,0.4,0.0,0.102067,0.014984576,0.29652938,0.008607379,0.4,0.0,0.09790206,0.007019921
375316653866487564,5889260603730054528,0.5395355,2179.462796131831,3.0975332240428495,1.15554685E-5,18.122513,0.011285893,0.19975802,0.013085748,0.0735502,0.00986419,0.37687013,0.034929235,0.69078416,0.0034613332,0.074678905,0.0041202786,0.49197334,0.020948462,null,null,null,null,"TWOGAUSSIANS",8,13.541632,0.69078416,0.0034613332,0.4,0.0,0.48960197,0.020582372,0.19975802,0.013085748,0.4,0.025635827,0.37449875,0.03361783
375316653866487564,5889260874269155968,0.50407606,2175.301046781315,1.3196175876073917,1.9864976E-5,18.092375,0.005666477,0.22697306,0.011628433,0.054045547,0.008481778,0.28960952,0.03671584,0.71124154,0.0025282267,0.022300964,0.005329904,0.18676582,0.021025198,null,null,null,null,"TWOGAUSSIANS",8,10.201325,0.22697306,0.011628433,0.30265507,0.047497954,0.28960952,0.03671584,0.71124154,0.0025282267,0.124885395,0.029847464,0.18676582,0.021025198
375316653866487564,5889261634552796288,0.51784796,2150.0501106054357,2.4468066577354555,1.8301298E-5,17.291628,0.0061420547,0.17987238,0.049731463,0.009609627,0.019770427,0.09160499,0.48757017,0.7375826,0.0027611,0.043186143,0.0062044715,0.13792124,0.04068166,0.12582704,0.010810287,0.7375826,0.0027611,"TWOGAUSSIANS_WITH_ELLIPSOIDAL_ON_ECLIPSE2",9,31.385962,0.7375826,0.0027611,0.2418424,0.03474504,0.38957524,0.03661322,0.18092239,0.049485255,0.053813912,0.11071438,0.31214383,0.5137648
375316653866487564,5889261909431027456,0.55216295,2141.648680104199,2.4456708116866004,1.7678887E-5,19.756668,0.018767398,0.25568938,0.0038615423,0.07877039,0.00654325,0.52943677,0.01984182,0.7522776,0.0047465307,0.08212496,0.0063375323,0.58287066,0.034325756,null,null,null,null,"TWOGAUSSIANS",8,1.5364953,0.7522776,0.0047465307,0.4,0.0,0.5745475,0.03545287,0.25568938,0.0038615423,0.4,0.0,0.52111363,0.018123288
375316653866487564,5889261978119598976,0.51433367,2129.868418719006,2.52167556211621,2.8235216E-5,19.294075,0.008292751,0.25460762,0.007334261,0.07549886,0.0071176374,0.3555987,0.02399591,0.74859804,0.003763989,0.07989986,0.005514888,0.33536848,0.011951206,null,null,null,null,"TWOGAUSSIANS",8,2.595275,0.25460762,0.007334261,0.4,0.0013005572,0.35216072,0.024400204,0.74859804,0.003763989,0.4,0.0,0.33193052,0.0116970325
375316653866487564,5889261978150218880,0.55058885,2182.604286299563,2.2192108429873683,1.1715343E-5,17.921717,0.013572614,0.23618048,0.007036348,0.045532264,0.0071484144,0.16585767,0.03133357,0.7324843,0.0050348756,0.042525917,0.004745602,0.4081799,0.03667167,0.04246604,0.016567793,0.23618048,0.007036348,"TWOGAUSSIANS_WITH_ELLIPSOIDAL_ON_ECLIPSE1",9,9.222765,0.7325943,0.00484302,0.23814514,0.026575372,0.49306732,0.021815486,0.23618048,0.007036348,0.25498068,0.04003112,0.25078958,0.01919213
375316653866487564,5889262111219711360,0.58406574,2144.2931357900984,3.0625697873882807,3.3296717E-5,18.094429,0.00723073,0.26492068,0.0045050164,0.07036392,0.0041461443,0.4643645,0.030647794,0.76630235,0.003498421,0.072566256,0.0038043258,0.5849497,0.017672034,null,null,null,null,"TWOGAUSSIANS",8,11.481086,0.76630235,0.003498421,0.4,9.563825E-4,0.58272886,0.01792818,0.26492068,0.0045050164,0.39403796,0.020613702,0.46214372,0.030900823
375316653866487564,5889262184278110080,0.49268836,2165.8766932279173,1.3166362390060773,8.643903E-6,19.002048,0.0041452395,0.25212464,0.0021919901,0.041610025,0.0018324783,0.19381055,0.006495075,0.78658843,0.006025639,0.017809464,0.007424877,0.043075636,0.011010661,null,null,null,null,"TWOGAUSSIANS",8,1.7139587,0.25212464,0.0021919901,0.23301613,0.010261878,0.19381055,0.006495075,0.78658843,0.006025639,0.099733,0.04157931,0.043075636,0.011010661
375316653866487564,5889262283018417792,0.5492409,2161.0174114144074,2.4142223626709693,1.7389228E-5,17.905205,0.034508727,0.24405979,0.005832619,0.09426505,0.012060355,0.37623316,0.031871606,0.748831,0.0077229757,0.10650497,0.015232139,0.3389471,0.03364328,null,null,null,null,"TWOGAUSSIANS",8,9.0871935,0.24405979,0.005830288,0.4,0.0,0.34614837,0.012997159,0.748831,0.0077229757,0.4,0.0,0.30885154,0.013433479
375316653866487564,5889262321747678080,0.43584007,2175.767441715222,2.3025693014957627,3.1445572E-5,16.401102,0.3516873,0.21718216,0.015911907,0.18643579,0.09504039,0.41003987,0.34379482,0.7188424,0.008101825,0.15927783,0.05126601,0.37990436,0.2780274,null,null,null,null,"TWOGAUSSIANS",8,56.63831,0.21686216,0.015530968,0.4,0.0,0.14016123,0.018725572,0.71945244,0.009310529,0.4,0.0,0.12701496,0.018856667
375316653866487564,5889262768424286976,0.5095299,2139.1339631976643,2.630001514650111,3.9647424E-5,18.465395,0.019964414,0.20438433,0.003860945,0.09156657,0.0117486585,0.18709281,0.020978833,0.70057786,0.009078924,0.09049616,0.017727017,0.23438293,0.019897334,null,null,null,null,"TWOGAUSSIANS",8,3.8420417,0.70057786,0.009078924,0.4,0.0,0.22529423,0.016377706,0.20438433,0.003860945,0.4,0.0,0.17800409,0.014020209
375316653866487564,5889262802784063872,0.47859952,2129.4478841228542,2.9470080079487087,1.9819949E-5,18.84586,0.010952034,0.3052397,0.004532065,0.08660923,0.007258713,0.2894316,0.014099512,0.8196217,0.006078178,0.07843732,0.0066344216,0.32667714,0.03633876,null,null,null,null,"TWOGAUSSIANS",8,4.6003556,0.8196217,0.006078178,0.4,0.0,0.3219174,0.03734876,0.3052397,0.004532065,0.4,0.0,0.28467184,0.013632296
375316653866487564,5889262871503535616,0.4358647,2140.3898144762825,3.5739980083768654,4.806568E-5,18.204212,0.05284618,0.19622362,0.011216106,0.06674708,0.016077798,0.5898365,0.20700708,0.7013599,0.040519275,0.051472295,0.03634892,0.6031711,0.07908174,null,null,null,null,"TWOGAUSSIANS",8,74.89351,0.7013599,0.040519275,0.28824487,0.113096826,0.603043,0.07789977,0.19622362,0.011216106,0.37378362,0.07833758,0.5897084,0.20694363
375316653866487564,5889263249460840704,0.42588642,2148.702485894195,1.113486492326337,1.3921018E-4,19.849625,0.13999388,0.27866027,0.08687005,0.07842218,0.04497223,0.12616247,0.0796068,0.6647842,0.023785658,0.13782202,0.12761737,0.23487163,0.10260032,null,null,null,null,"TWOGAUSSIANS",8,4.963218,0.6647842,0.023785658,0.4,0.0,0.22844012,0.049769197,0.2836803,0.08434698,0.4,0.087643236,0.12461599,0.058643278
