Gaia/vari_eclipsing_binary/VariEclipsingBinary_672646-672692.csv
# %ECSV 1.0
# ---
# delimiter: ','
# meta: !!omap
# - RELEASE: Gaia DR3
# - TABLE: vari_eclipsing_binary
# - DESCRIPTION: >
#     This table describes the properties of the eclipsing binaries resulting from the variability analysis. 
# - CITATION: >
#     How to cite and acknowledge Gaia: 
#     https://gea.esac.esa.int/archive/documentation/credits.html 
# - KNOWN_ISSUES: >
#     Known issues: 
#     https://www.cosmos.esa.int/web/gaia-users/known-issues 
# - DOCUMENTATION: >
#     Tutorials and documentation: 
#     https://www.cosmos.esa.int/web/gaia-users/archive 
# datatype:
# - 
#   name: solution_id
#   datatype: int64
#   description: Solution Identifier
#   meta:
#     ucd: meta.version
# - 
#   name: source_id
#   datatype: int64
#   description: Unique source identifier
#   meta:
#     ucd: meta.id;meta.main
# - 
#   name: global_ranking
#   datatype: float32
#   description: Number between 0 (worst) and 1 (best)
#   meta:
#     ucd: stat.param
# - 
#   name: reference_time
#   datatype: float64
#   unit: d
#   description: Reference time used for the geometric model fit
#   meta:
#     ucd: time.epoch
# - 
#   name: frequency
#   datatype: float64
#   unit: d**-1
#   description: Frequency of geometric model of the eclipsing binary light curve
#   meta:
#     ucd: src.orbital
# - 
#   name: frequency_error
#   datatype: float32
#   unit: d**-1
#   description: "Uncertainty of \\texttt{frequency}"
#   meta:
#     ucd: stat.error
# - 
#   name: geom_model_reference_level
#   datatype: float32
#   unit: mag
#   description: Magnitude reference level of geometric model
#   meta:
#     ucd: phot.mag;em.opt
# - 
#   name: geom_model_reference_level_error
#   datatype: float32
#   unit: mag
#   description: "Uncertainty of \\texttt{geomModelReferenceLevel}"
#   meta:
#     ucd: stat.error;phot.mag;em.opt
# - 
#   name: geom_model_gaussian1_phase
#   datatype: float32
#   description: Phase of the Gaussian 1 component
#   meta:
#     ucd: time.phase
# - 
#   name: geom_model_gaussian1_phase_error
#   datatype: float32
#   description: "Uncertainty of \\texttt{geomModelGaussian1Phase}"
#   meta:
#     ucd: stat.error;time.phase
# - 
#   name: geom_model_gaussian1_sigma
#   datatype: float32
#   description: "Standard deviation [phase] of Gaussian 1 component"
#   meta:
#     ucd: stat.stdev
# - 
#   name: geom_model_gaussian1_sigma_error
#   datatype: float32
#   description: "Uncertainty of \\texttt{geomModelGaussian1Sigma}"
#   meta:
#     ucd: stat.error
# - 
#   name: geom_model_gaussian1_depth
#   datatype: float32
#   unit: mag
#   description: Magnitude depth of Gaussian 1 component
#   meta:
#     ucd: src.var.amplitude
# - 
#   name: geom_model_gaussian1_depth_error
#   datatype: float32
#   unit: mag
#   description: "Uncertainty of \\texttt{geomModelGaussian1Depth}"
#   meta:
#     ucd: stat.error;src.var.amplitude
# - 
#   name: geom_model_gaussian2_phase
#   datatype: float32
#   description: Phase of Gaussian 2 component
#   meta:
#     ucd: time.phase
# - 
#   name: geom_model_gaussian2_phase_error
#   datatype: float32
#   description: "Uncertainty of \\texttt{geomModelGaussian2Phase}"
#   meta:
#     ucd: stat.error;time.phase
# - 
#   name: geom_model_gaussian2_sigma
#   datatype: float32
[...]
#   datatype: float32
#   description: "Secondary eclipse: uncertainty of \\texttt{derivedSecondaryEclDuration}"
#   meta:
#     ucd: stat.error;time.duration
# - 
#   name: derived_secondary_ecl_depth
#   datatype: float32
#   unit: mag
#   description: "Secondary eclipse: depth"
#   meta:
#     ucd: src.var.amplitude
# - 
#   name: derived_secondary_ecl_depth_error
#   datatype: float32
#   unit: mag
#   description: "Secondary eclipse: uncertainty of \\texttt{derivedSecondaryEclDepth}"
#   meta:
#     ucd: stat.error;src.var.amplitude
solution_id,source_id,global_ranking,reference_time,frequency,frequency_error,geom_model_reference_level,geom_model_reference_level_error,geom_model_gaussian1_phase,geom_model_gaussian1_phase_error,geom_model_gaussian1_sigma,geom_model_gaussian1_sigma_error,geom_model_gaussian1_depth,geom_model_gaussian1_depth_error,geom_model_gaussian2_phase,geom_model_gaussian2_phase_error,geom_model_gaussian2_sigma,geom_model_gaussian2_sigma_error,geom_model_gaussian2_depth,geom_model_gaussian2_depth_error,geom_model_cosine_half_period_amplitude,geom_model_cosine_half_period_amplitude_error,geom_model_cosine_half_period_phase,geom_model_cosine_half_period_phase_error,model_type,num_model_parameters,reduced_chi2,derived_primary_ecl_phase,derived_primary_ecl_phase_error,derived_primary_ecl_duration,derived_primary_ecl_duration_error,derived_primary_ecl_depth,derived_primary_ecl_depth_error,derived_secondary_ecl_phase,derived_secondary_ecl_phase_error,derived_secondary_ecl_duration,derived_secondary_ecl_duration_error,derived_secondary_ecl_depth,derived_secondary_ecl_depth_error
[from data line 463]
375316653866487564,5917006298601148032,0.48439464,2202.4751810854323,0.20888332173569174,5.859835E-5,17.021883,0.011347785,0.44101754,0.013570449,0.069103144,0.019422721,0.10393453,0.03387419,0.6911176,0.036541626,0.02337444,0.025563465,0.9132775,2.0022926,0.023935037,0.015660714,0.6911176,0.036541626,"TWOGAUSSIANS_WITH_ELLIPSOIDAL_ON_ECLIPSE2",9,61.124184,0.6911176,0.036541626,0.13089687,0.1431554,0.9612962,1.9932973,0.44099754,0.01244639,0.3869776,0.07147137,0.10393449,0.033551976
375316653866487564,5917006539108300928,0.5714127,2217.6002459968336,4.064920860983227,1.551857E-5,17.221289,0.011960698,0.25776327,0.0034182137,0.056991946,0.006865751,0.28067124,0.033960406,0.75692284,0.004427464,0.04730044,0.005828371,0.19705503,0.031060409,0.08675977,0.016966876,0.25776327,0.0034182137,"TWOGAUSSIANS_WITH_ELLIPSOIDAL_ON_ECLIPSE1",9,18.047281,0.25776327,0.0034182137,0.31915492,0.038448207,0.45417127,0.027331647,0.7570328,0.0039361683,0.26488245,0.032638878,0.37055084,0.02006434
375316653866487564,5917007123223884416,0.5325827,2205.9582802064206,2.956274113423207,2.4689889E-5,19.413103,0.022200927,0.2575622,0.013840185,0.07024157,0.018682797,0.30933672,0.025012337,0.71391004,0.003736479,0.07683196,0.004540431,0.76616395,0.033558022,null,null,null,null,"TWOGAUSSIANS",8,3.8048248,0.71391004,0.003736479,0.4,0.0,0.7651,0.032669846,0.2575622,0.013840185,0.39335278,0.06310127,0.3082728,0.02483346
375316653866487564,5917007501191994752,0.54737973,2156.055193305441,2.7754390884393336,1.4114152E-5,17.35473,0.0022551308,0.16742167,0.0030384792,0.05243284,0.0058303373,0.089862876,0.0028842199,0.6680872,0.008874024,0.050519615,0.0062827896,0.1273155,0.008048469,null,null,null,null,"TWOGAUSSIANS",8,2.6703267,0.6680872,0.008874024,0.28290984,0.03518362,0.12731394,0.00804832,0.16742167,0.0030384792,0.2936239,0.03264989,0.08986132,0.0028847256
375316653866487564,5917007672993019776,0.46464077,2192.9676149866555,3.0772238608739757,2.1669688E-5,17.76723,0.17030382,0.3148293,0.012234935,0.16420999,0.07332658,0.17736727,0.16616099,0.7955191,0.012176206,0.13492364,0.028644022,0.22637732,0.13748188,null,null,null,null,"TWOGAUSSIANS",8,7.894933,0.7955191,0.012176206,0.4,0.0,0.14368752,0.010515907,0.3158893,0.011343406,0.4,0.0,0.09157666,0.010273792
375316653866487564,5917008635062988032,0.55160666,2199.149918341556,3.114657600950448,1.00123425E-5,17.4743,0.017723877,0.2800229,0.0025145258,0.10673479,0.009149147,0.2535273,0.015211119,0.7778544,0.0025041543,0.102717154,0.008416268,0.26581734,0.014674157,null,null,null,null,"TWOGAUSSIANS",8,6.894122,0.7778544,0.0025041543,0.4,0.0,0.23653169,0.011572887,0.2800229,0.0025145258,0.4,0.0,0.22423676,0.01139857
375316653866487564,5917009180493367168,0.5568668,2225.8262736862634,3.3815839495545954,2.0419564E-5,17.779648,0.020688051,0.17666835,0.0061328,0.100856185,0.015107071,0.2046409,0.017429506,0.6480918,0.004507892,0.09407314,0.009440445,0.25395462,0.018792823,null,null,null,null,"TWOGAUSSIANS",8,5.0355334,0.6480918,0.004507892,0.4,0.0,0.24248627,0.010986227,0.17666835,0.006141053,0.4,0.0,0.19316956,0.010312713
375316653866487564,5917009597135705472,0.49839094,2241.226498689966,0.06183189769081337,1.0751377E-6,15.873474,0.004268465,0.13370898,0.004556124,0.041914824,0.007945155,0.078132614,0.0121482825,0.967181,4.3238213E-8,9.712682E-4,9.360866E-6,3.591132,0.1193223,null,null,null,null,"TWOGAUSSIANS",8,89.67895,0.967181,4.3238213E-8,0.005439102,5.2420848E-5,3.5911613,0.119284526,0.13370898,0.004556124,0.23472303,0.044492867,0.078132614,0.0121482825
375316653866487564,5917010967201494144,0.52780247,2234.7215808679416,1.595641448333665,1.6860815E-5,18.826881,0.00852249,0.29097244,0.0062717767,0.04972903,0.007888391,0.36414906,0.09190198,0.7868499,0.007757402,0.0572216,0.007702327,0.20487355,0.015241974,null,null,null,null,"TWOGAUSSIANS",8,2.209778,0.29097244,0.0062717767,0.27848256,0.044174988,0.3641411,0.09192026,0.7868499,0.007757402,0.32044095,0.04313303,0.20486557,0.015246187
375316653866487564,5917011070280719232,0.5001322,2214.107341244103,3.5296408353321724,1.8960165E-5,18.558695,0.01665375,0.24163315,0.0059817717,0.09192501,0.010053064,0.1991925,0.019415462,0.74267495,0.0042411704,0.093643226,0.009034017,0.21600911,0.016423007,null,null,null,null,"TWOGAUSSIANS",8,4.2381926,0.74267495,0.0042411704,0.4,0.0,0.2051709,0.01139212,0.24163315,0.0059817717,0.4,0.0,0.18835442,0.015660424
375316653866487564,5917012552065166208,0.48133785,2192.2984874966946,3.16039364430184,1.8744715E-5,19.060497,0.008489126,0.3279606,0.005584279,0.0786969,0.011123189,0.16717559,0.024173912,0.82375634,0.0033738469,0.08276487,0.0075306334,0.1919536,0.013415017,null,null,null,null,"TWOGAUSSIANS",8,1.5026249,0.82375634,0.0033738469,0.4,0.0,0.18921639,0.014158866,0.3279606,0.005584279,0.4,0.0,0.1644384,0.025619468
375316653866487564,5917013445417922816,0.5067981,2215.835544227015,3.2207150262581146,1.8389836E-5,19.741282,0.021580858,0.24328528,0.004774869,0.07927538,0.0067668646,0.53131557,0.037004847,0.7403377,0.008130056,0.0799065,0.018736258,0.63682145,0.15016621,null,null,null,null,"TWOGAUSSIANS",8,2.1282654,0.7403377,0.008130056,0.4,0.0,0.6289158,0.16398212,0.24328528,0.004774869,0.4,0.0,0.52340996,0.03827631
375316653866487564,5917013617225147008,0.5763119,2191.1815232980744,2.601082482030862,1.1010507E-5,17.232887,0.004676115,0.23554215,0.004884235,0.07893904,0.006239534,0.2517639,0.021659618,0.73558676,0.0022942694,0.08028974,0.0027455182,0.21761459,0.0066433153,null,null,null,null,"TWOGAUSSIANS",8,4.435169,0.23554215,0.004884235,0.4,0.0,0.24838799,0.022653824,0.73558676,0.0022942694,0.4,0.0,0.21423867,0.0062148552
375316653866487564,5917013956509945344,0.4754861,2192.2957511510112,2.2931096117458782,2.4465935E-5,19.413563,0.008613827,0.229522,0.006899097,0.0546001,0.007417389,0.122119255,0.014408635,0.7305355,0.004009439,0.056553192,0.0052957097,0.27815634,0.028605038,null,null,null,null,"TWOGAUSSIANS",8,2.2762384,0.7305355,0.004009439,0.31669787,0.029655974,0.278142,0.028612211,0.229522,0.006899097,0.30576056,0.041537378,0.12210492,0.014406428
375316653866487564,5917014785444911488,0.4624858,2200.4791456788735,4.889214904352904,4.4398028E-5,19.602596,0.0073334556,0.19111636,0.025162637,0.024618277,0.02374894,0.71845263,0.5966748,0.7432263,0.013143367,0.018707322,0.0067492127,0.22774173,0.076855086,null,null,null,null,"TWOGAUSSIANS",8,3.5033374,0.19111636,0.025162637,0.13786235,0.13299407,0.71845263,0.5966748,0.7432263,0.013143367,0.104761004,0.037795592,0.22774173,0.076855086
375316653866487564,5917015399607511424,0.48014817,2212.4062693776796,0.24678791981505388,1.8454068E-5,17.870182,0.0023355018,0.16165902,0.0068717897,0.010689233,0.0027887572,0.2016972,0.062711425,0.76623327,0.0037982091,0.02799842,0.0032396216,0.028907724,0.0024097266,0.006584995,0.004379592,0.16165902,0.0068717897,"TWOGAUSSIANS_WITH_ELLIPSOIDAL_ON_ECLIPSE1",9,4.076298,0.16165902,0.0068717897,0.059859708,0.01561704,0.21486716,0.061290022,0.76623327,0.0037982091,0.15679115,0.01814188,0.03716441,0.0044894675
375316653866487564,5917015644449766656,0.47662467,2194.2030116317515,3.175834376678102,1.9922858E-4,18.320261,0.0142824855,0.27478576,0.026553826,0.051527373,0.025253657,0.07746782,0.020878341,0.67384446,0.06291208,0.051037725,0.03296896,1.2573998,1.9241816,null,null,null,null,"TWOGAUSSIANS",8,25.105534,0.67384446,0.06291208,0.28581128,0.18462618,1.2573997,1.9241819,0.27478576,0.026553826,0.2885533,0.13992307,0.07746781,0.020876566
375316653866487564,5917015850608642688,0.5234492,2214.9370035159573,3.8848655324064016,2.2568587E-5,19.866663,0.02291766,0.27867296,0.007551144,0.07413346,0.008524636,0.4986642,0.04492078,0.76908064,0.0039645177,0.07512338,0.008512646,0.42130905,0.037809424,null,null,null,null,"TWOGAUSSIANS",8,3.029081,0.27867296,0.007551144,0.4,0.012992563,0.49596867,0.044656042,0.76908064,0.0039645177,0.4,0.004509604,0.41861355,0.038338933
375316653866487564,5917015919319388800,0.47625187,2225.779585017842,3.2167179045880285,5.3682837E-5,19.893131,0.012552413,0.32410228,0.008110942,0.13177414,0.010366533,0.2426122,0.017243458,0.74422836,0.055177003,0.042047665,0.02768886,0.6077216,0.40316233,null,null,null,null,"TWOGAUSSIANS",8,2.029601,0.74422836,0.055177003,0.23546691,0.15505762,0.60727787,0.40294194,0.32410228,0.008110942,0.4,0.0,0.24064788,0.016863482
375316653866487564,5917017633002956160,0.5422287,2223.1122937257564,0.43002779126986385,1.3281706E-4,19.29225,0.009093807,0.42882064,8.119519E-4,0.029923465,9.821802E-4,1.192775,0.064500526,0.7782419,0.0712138,0.12194253,0.069613375,0.045831334,0.012768698,null,null,null,null,"TWOGAUSSIANS",8,2.6286688,0.42883065,7.7334535E-4,0.1675714,0.005500209,1.1935085,0.068340614,0.7782419,0.0712138,0.4,0.039646592,0.0458092,0.012734371
375316653866487564,5917017774754324608,0.58670294,2222.7930911428457,0.1744810921138064,1.1839301E-4,13.896933,0.0017848841,0.3980096,0.01035319,0.040424354,0.006088326,0.027007196,0.0045981943,0.69211125,0.0071852054,0.007231406,0.0041083456,0.22850001,0.2697634,0.0056215115,0.0023135985,0.69211125,0.0071852054,"TWOGAUSSIANS_WITH_ELLIPSOIDAL_ON_ECLIPSE2",9,26.644495,0.69211125,0.0071852054,0.040495872,0.023006737,0.23974301,0.27002716,0.3956496,0.010234224,0.22637638,0.034094628,0.027892433,0.004902442
375316653866487564,5917018187059907328,0.4837575,2225.4279678464536,0.037176363815865233,6.270893E-5,19.160934,0.030778008,0.28165868,0.018429834,0.10960827,0.025490066,0.42897257,0.050413866,0.8818026,0.032270856,0.089186914,0.028327618,0.1526891,0.03176819,null,null,null,null,"TWOGAUSSIANS",8,8.524817,0.28164867,0.018421832,0.4,0.0,0.4234036,0.053067476,0.88279265,0.031381026,0.4,0.018402057,0.14767557,0.028156513
375316653866487564,5917018354545064832,0.4722937,2224.358553260589,2.747516434996828,4.944254E-5,18.350187,0.022916963,0.24843499,0.011152729,0.09273005,0.015201241,0.2740267,0.018518686,0.747937,0.0071994057,0.06897375,0.00917124,0.31071854,0.030973587,null,null,null,null,"TWOGAUSSIANS",8,14.859499,0.747937,0.0071994057,0.386253,0.048535034,0.30597532,0.028531827,0.24843499,0.011152729,0.4,0.0,0.26928318,0.014182418
375316653866487564,5917019144819054848,0.60761327,2211.557253918437,3.4446904068919646,7.2680396E-6,18.266272,0.010084268,0.17912014,0.0020515332,0.046189,0.005227453,0.34878242,0.027635071,0.6766057,0.0022864558,0.048394296,0.0028553219,0.4878789,0.030597076,0.13272992,0.012214101,0.17912014,0.0020515332,"TWOGAUSSIANS_WITH_ELLIPSOIDAL_ON_ECLIPSE1",9,6.86904,0.6768357,0.0020345254,0.27100807,0.015989803,0.75327736,0.029338708,0.17912014,0.0020515332,0.25865838,0.029273737,0.6142411,0.028782712
375316653866487564,5917020691015678592,0.4730205,2197.4379351671687,3.2722868576007604,1.7049142E-5,16.97074,0.011386615,0.29730988,0.0050498773,0.03642695,0.0073054265,0.25785437,0.032019477,0.79406226,0.026362818,0.03975695,0.028344637,0.07667799,0.035941184,0.024303107,0.014178522,0.29730988,0.0050498773,"TWOGAUSSIANS_WITH_ELLIPSOIDAL_ON_ECLIPSE1",9,21.287786,0.29730988,0.0050498773,0.2039909,0.04091039,0.30646047,0.033485793,0.7943022,0.02387693,0.22263892,0.15872997,0.12526534,0.031975012
375316653866487564,5917022172800544384,0.49871677,2256.0706800281114,4.400762615639748,4.8630372E-5,14.470494,0.004712567,0.6660848,0.0017048026,0.026543591,0.0016211775,0.31646833,0.014406591,0.9153189,0.029490558,0.015367005,0.013572209,0.30004016,1.2951902,0.0022492646,0.008017724,0.9153189,0.029490558,"TWOGAUSSIANS_WITH_ELLIPSOIDAL_ON_ECLIPSE2",9,559.7245,0.6660848,0.0017044127,0.1486441,0.009078595,0.31646845,0.014404931,0.9153189,0.029490558,0.08605523,0.07600437,0.3045387,1.2946866
375316653866487564,5917023061829261056,0.5623182,2237.569130379913,2.1768376237578333,8.238754E-6,18.407616,0.00646756,0.31583717,0.0025086838,0.039785936,0.0031032742,0.6298284,0.098908044,0.8127191,0.0020950167,0.040657237,0.0023310275,0.39950362,0.020689536,null,null,null,null,"TWOGAUSSIANS",8,4.357971,0.31583717,0.0025086838,0.22280124,0.017378336,0.6298284,0.098908044,0.8127191,0.0020950167,0.22768052,0.013053754,0.39950362,0.020689536
375316653866487564,5917023306662182528,0.56821144,2241.785941941301,0.11607972715560745,6.2873405E-5,18.666498,0.0024383962,0.23907612,0.011357695,0.0056379214,0.009394337,0.4603701,1104253.5,0.5894555,0.003862642,0.025295582,0.0043643457,0.011297216,0.00307789,0.0122503415,0.0037506437,0.23907612,0.011357695,"TWOGAUSSIANS_WITH_ELLIPSOIDAL_ON_ECLIPSE1",9,1.0991861,0.23907612,0.011357695,0.03157236,0.05260829,0.48487076,1104253.5,0.5985855,0.004745048,0.14165525,0.024440335,0.020465517,0.0029837969
375316653866487564,5917024779814425856,0.54405165,2218.664053584167,2.7878347982086744,1.8610626E-5,17.246153,0.01800088,0.29099807,0.004222598,0.08792898,0.006739129,0.4235717,0.0180156,0.79553324,0.0055743675,0.09041285,0.0075421967,0.43819687,0.019861765,null,null,null,null,"TWOGAUSSIANS",8,27.16704,0.79553324,0.0055743675,0.4,0.0,0.42244023,0.0137924785,0.29099807,0.004222598,0.4,0.0,0.40781516,0.01530623
375316653866487564,5917025436966633856,0.51457894,2261.6918429444336,4.143462799289249,1.0331917E-5,19.514614,0.018785812,0.20611149,0.004735483,0.066260524,0.007749374,0.761213,0.12373965,0.7010071,0.0039528357,0.073973015,0.0067259595,0.46059507,0.06003271,null,null,null,null,"TWOGAUSSIANS",8,2.4136586,0.20611149,0.004735483,0.37105894,0.039479617,0.7594432,0.12522416,0.7010071,0.0039528357,0.4,0.0046744817,0.45882526,0.06044899
375316653866487564,5917026021091142272,0.51179934,2249.0889148313613,0.06490934904407251,1.1059713E-5,16.894705,0.0029922077,0.21985105,0.0047409963,0.03690309,0.0044694436,0.037886355,0.0049514747,0.79271513,0.0068545328,0.014616615,0.009760247,0.1958832,0.122645095,null,null,null,null,"TWOGAUSSIANS",8,7.4390492,0.79271513,0.0068545328,0.08185305,0.054657377,0.1958832,0.122645095,0.21985105,0.0047409963,0.2066573,0.025028884,0.037886355,0.0049514747
375316653866487564,5917026055450889216,0.529574,2257.304295832522,2.9322537629624774,8.886085E-6,17.503378,0.014569002,0.27759665,0.0055793035,0.08559802,0.0058900253,0.36784357,0.031487297,0.7771607,0.001962568,0.08064037,0.004673937,0.36034185,0.018402994,null,null,null,null,"TWOGAUSSIANS",8,21.51011,0.27759665,0.0055793035,0.4,0.0,0.36000246,0.031306744,0.7771607,0.001962568,0.4,0.0,0.35250077,0.01754264
375316653866487564,5917026192889844096,0.59859425,2220.6755505405226,2.843469857170614,9.993624E-6,15.349997,0.0123334,0.2789542,0.01734724,0.055103533,0.014738781,0.21590811,0.062712245,0.79303724,0.0035928974,0.044982463,0.0052814703,0.15231209,0.025008688,0.106696524,0.015616528,0.79303724,0.0035928974,"TWOGAUSSIANS_WITH_ELLIPSOIDAL_ON_ECLIPSE2",9,56.156815,0.2816442,0.0104982015,0.30857977,0.082537174,0.4279481,0.07720372,0.79303724,0.0035928974,0.25190178,0.029576235,0.3657008,0.012139381
375316653866487564,5917026330297256064,0.47937828,2335.2019059797294,0.720433121888872,5.3655667E-6,18.968113,0.008158764,0.48671722,0.0010392725,0.010807172,0.0012729915,0.8395753,0.065978475,0.8219306,0.0043509793,0.011850337,0.0042616217,0.6328311,0.3162875,null,null,null,null,"TWOGAUSSIANS",8,17.514273,0.48671722,0.0010392725,0.060520165,0.0071287523,0.8395753,0.065978475,0.8219306,0.0043509793,0.06636188,0.023865081,0.6328311,0.3162875
375316653866487564,5917026399046791936,0.50611544,2407.7710036841086,2.600035367408541,7.692464E-6,19.080269,0.005141987,0.27747032,0.002486258,0.06469024,0.0028648507,0.26283726,0.009632137,0.7645551,0.0024428114,0.055039924,0.0039150887,0.25589722,0.019100811,null,null,null,null,"TWOGAUSSIANS",8,2.0312588,0.27747032,0.002486258,0.36226535,0.016043164,0.2627837,0.0096300505,0.7645551,0.0024428114,0.30822358,0.021924496,0.25584364,0.019123822
