Gaia/vari_eclipsing_binary/VariEclipsingBinary_461500-461512.csv
# %ECSV 1.0
# ---
# delimiter: ','
# meta: !!omap
# - RELEASE: Gaia DR3
# - TABLE: vari_eclipsing_binary
# - DESCRIPTION: >
#     This table describes the properties of the eclipsing binaries resulting from the variability analysis. 
# - CITATION: >
#     How to cite and acknowledge Gaia: 
#     https://gea.esac.esa.int/archive/documentation/credits.html 
# - KNOWN_ISSUES: >
#     Known issues: 
#     https://www.cosmos.esa.int/web/gaia-users/known-issues 
# - DOCUMENTATION: >
#     Tutorials and documentation: 
#     https://www.cosmos.esa.int/web/gaia-users/archive 
# datatype:
# - 
#   name: solution_id
#   datatype: int64
#   description: Solution Identifier
#   meta:
#     ucd: meta.version
# - 
#   name: source_id
#   datatype: int64
#   description: Unique source identifier
#   meta:
#     ucd: meta.id;meta.main
# - 
#   name: global_ranking
#   datatype: float32
#   description: Number between 0 (worst) and 1 (best)
#   meta:
#     ucd: stat.param
# - 
#   name: reference_time
#   datatype: float64
#   unit: d
#   description: Reference time used for the geometric model fit
#   meta:
#     ucd: time.epoch
# - 
#   name: frequency
#   datatype: float64
#   unit: d**-1
#   description: Frequency of geometric model of the eclipsing binary light curve
#   meta:
#     ucd: src.orbital
# - 
#   name: frequency_error
#   datatype: float32
#   unit: d**-1
#   description: "Uncertainty of \\texttt{frequency}"
#   meta:
#     ucd: stat.error
# - 
#   name: geom_model_reference_level
#   datatype: float32
#   unit: mag
#   description: Magnitude reference level of geometric model
#   meta:
#     ucd: phot.mag;em.opt
# - 
#   name: geom_model_reference_level_error
#   datatype: float32
#   unit: mag
#   description: "Uncertainty of \\texttt{geomModelReferenceLevel}"
#   meta:
#     ucd: stat.error;phot.mag;em.opt
# - 
#   name: geom_model_gaussian1_phase
#   datatype: float32
#   description: Phase of the Gaussian 1 component
#   meta:
#     ucd: time.phase
# - 
#   name: geom_model_gaussian1_phase_error
#   datatype: float32
#   description: "Uncertainty of \\texttt{geomModelGaussian1Phase}"
#   meta:
#     ucd: stat.error;time.phase
# - 
#   name: geom_model_gaussian1_sigma
#   datatype: float32
#   description: "Standard deviation [phase] of Gaussian 1 component"
#   meta:
#     ucd: stat.stdev
# - 
#   name: geom_model_gaussian1_sigma_error
#   datatype: float32
#   description: "Uncertainty of \\texttt{geomModelGaussian1Sigma}"
#   meta:
#     ucd: stat.error
# - 
#   name: geom_model_gaussian1_depth
#   datatype: float32
#   unit: mag
#   description: Magnitude depth of Gaussian 1 component
#   meta:
#     ucd: src.var.amplitude
# - 
#   name: geom_model_gaussian1_depth_error
#   datatype: float32
#   unit: mag
#   description: "Uncertainty of \\texttt{geomModelGaussian1Depth}"
#   meta:
#     ucd: stat.error;src.var.amplitude
# - 
#   name: geom_model_gaussian2_phase
#   datatype: float32
#   description: Phase of Gaussian 2 component
#   meta:
#     ucd: time.phase
# - 
#   name: geom_model_gaussian2_phase_error
#   datatype: float32
#   description: "Uncertainty of \\texttt{geomModelGaussian2Phase}"
#   meta:
#     ucd: stat.error;time.phase
# - 
#   name: geom_model_gaussian2_sigma
#   datatype: float32
[...]
#   datatype: float32
#   description: "Secondary eclipse: uncertainty of \\texttt{derivedSecondaryEclDuration}"
#   meta:
#     ucd: stat.error;time.duration
# - 
#   name: derived_secondary_ecl_depth
#   datatype: float32
#   unit: mag
#   description: "Secondary eclipse: depth"
#   meta:
#     ucd: src.var.amplitude
# - 
#   name: derived_secondary_ecl_depth_error
#   datatype: float32
#   unit: mag
#   description: "Secondary eclipse: uncertainty of \\texttt{derivedSecondaryEclDepth}"
#   meta:
#     ucd: stat.error;src.var.amplitude
solution_id,source_id,global_ranking,reference_time,frequency,frequency_error,geom_model_reference_level,geom_model_reference_level_error,geom_model_gaussian1_phase,geom_model_gaussian1_phase_error,geom_model_gaussian1_sigma,geom_model_gaussian1_sigma_error,geom_model_gaussian1_depth,geom_model_gaussian1_depth_error,geom_model_gaussian2_phase,geom_model_gaussian2_phase_error,geom_model_gaussian2_sigma,geom_model_gaussian2_sigma_error,geom_model_gaussian2_depth,geom_model_gaussian2_depth_error,geom_model_cosine_half_period_amplitude,geom_model_cosine_half_period_amplitude_error,geom_model_cosine_half_period_phase,geom_model_cosine_half_period_phase_error,model_type,num_model_parameters,reduced_chi2,derived_primary_ecl_phase,derived_primary_ecl_phase_error,derived_primary_ecl_duration,derived_primary_ecl_duration_error,derived_primary_ecl_depth,derived_primary_ecl_depth_error,derived_secondary_ecl_phase,derived_secondary_ecl_phase_error,derived_secondary_ecl_duration,derived_secondary_ecl_duration_error,derived_secondary_ecl_depth,derived_secondary_ecl_depth_error
[from data line 302]
375316653866487564,4059480767559084672,0.51434886,2173.9559420794853,3.0437443942639812,2.7257236E-5,19.008984,0.029677184,0.22221456,0.0066981497,0.07120375,0.007595181,0.75186205,0.06757786,0.7206573,0.014453761,0.09125193,0.023659702,0.5341821,0.08773663,null,null,null,null,"TWOGAUSSIANS",8,11.814289,0.22221456,0.0066981497,0.39874104,0.025340203,0.7414266,0.06872885,0.7206573,0.014453761,0.4,0.011824065,0.52374625,0.09361146
375316653866487564,4059480806195399168,0.47826427,2217.7015786596016,0.16239018656631246,6.650243E-5,19.44323,0.16612685,0.29449677,0.021713186,0.11405418,0.04475261,0.36941615,0.16332188,0.76903546,0.013244907,0.10390411,0.03338433,0.4055096,0.16534115,null,null,null,null,"TWOGAUSSIANS",8,3.6777241,0.76903546,0.013244907,0.4,0.0,0.36342177,0.077002145,0.29451677,0.02164388,0.4,0.0,0.327268,0.0343098
375316653866487564,4059480978065795712,0.47489098,2222.279184721145,2.6969614516925073,4.682001E-5,19.515648,0.020091737,0.22295849,0.025615126,0.07302346,0.032627102,0.16595483,0.12309935,0.72646105,0.00915369,0.07051212,0.015176789,0.30293372,0.08651325,null,null,null,null,"TWOGAUSSIANS",8,1.928707,0.72646105,0.00915369,0.39486787,0.030005645,0.3019886,0.08743586,0.22295849,0.025615126,0.4,0.09348737,0.16500972,0.12364715
375316653866487564,4059481386022531328,0.5055286,2254.4867804953246,0.049399411550693065,7.434071E-5,19.746952,0.07323488,0.37516457,0.015107604,0.10068448,0.027993334,0.34875977,0.0744887,0.86472005,0.020048618,0.10125533,0.03453578,0.32335854,0.068201564,null,null,null,null,"TWOGAUSSIANS",8,2.4259136,0.37516457,0.015107151,0.4,0.0,0.32124534,0.055940393,0.86472005,0.020048618,0.4,1.0058172E-4,0.2958439,0.041934785
375316653866487564,4059481763973100160,0.47676137,2246.7171427982735,0.2944452965800998,8.803762E-5,19.708227,0.012876426,0.024818068,0.007045663,0.015192308,0.006280798,0.07765245,0.022456372,0.5178204,0.0050704507,0.11961316,0.018179856,0.4455511,0.06295663,null,null,null,null,"TWOGAUSSIANS",8,4.9822655,0.5178204,0.0050704507,0.4,0.0,0.44509885,0.06347792,0.024818068,0.0070531494,0.08507693,0.03517247,0.07734733,0.02243946
375316653866487564,4059482279375736704,0.4809612,2226.899323971299,0.20195544918752015,2.6100322E-5,19.370827,0.09904367,0.35437408,0.014791304,0.10099912,0.02949664,0.57022685,0.090779744,0.84098333,0.0067645656,0.115268596,0.020974271,0.4602007,0.1002085,null,null,null,null,"TWOGAUSSIANS",8,3.0170488,0.3544041,0.014861201,0.4,0.0,0.50985557,0.07232219,0.84098333,0.0067645656,0.4,0.0,0.39975125,0.044902273
375316653866487564,4059482451178470784,0.5278185,2267.282888188473,0.03357228533713999,4.1932937E-5,19.325947,0.07718753,0.17457837,0.08978919,0.0422208,0.03806491,2.5573425,179924.1,0.6667088,0.012702192,0.16236159,0.041516524,0.36384097,0.06826663,null,null,null,null,"TWOGAUSSIANS",8,2.4461029,0.17458837,0.08981299,0.23643647,0.21316348,2.5269253,179924.11,0.6667088,0.012702192,0.4,0.0,0.32701275,0.04414673
375316653866487564,4059482627333969152,0.5049583,2208.4584147108358,2.3382406973770737,3.0086974E-5,16.20948,0.022112662,0.24095887,0.014704192,0.096459165,0.022618134,0.15671846,0.020855725,0.74979544,0.0065100295,0.10553892,0.0175728,0.22745857,0.02716299,null,null,null,null,"TWOGAUSSIANS",8,39.59463,0.74979544,0.0065093134,0.4,0.0,0.2115539,0.034326125,0.24094887,0.014720147,0.4,0.0,0.14081983,0.015773261
375316653866487564,4059482794772013312,0.500113,2367.2339401899,1.378144553455668,3.367948E-5,18.824366,0.022589715,0.42532882,0.0020466263,0.054161426,0.010114115,1.3355159,0.94943285,0.8235893,0.0035154154,0.047335185,0.00764748,0.51151365,0.045639385,null,null,null,null,"TWOGAUSSIANS",8,3.5183268,0.42532882,0.0020466263,0.303304,0.056639045,1.3355159,0.94943327,0.8235893,0.0035154154,0.26507702,0.04282589,0.51151365,0.045639332
375316653866487564,4059482970858913792,0.48275194,2242.673453370902,0.2094357190781481,1.7296567E-5,19.226435,0.01444722,0.13727365,0.004089848,0.021960745,0.0035904234,0.3287932,0.07655133,0.623116,0.0077461638,0.060610507,0.018982334,0.17393512,0.04369518,null,null,null,null,"TWOGAUSSIANS",8,2.9285417,0.13727365,0.004089848,0.12298016,0.02010637,0.3287932,0.07655133,0.623116,0.0077461638,0.33941883,0.10261192,0.17393512,0.043695252
375316653866487564,4059484173450607104,0.4413092,2214.786814418485,2.199381287849545,9.603533E-5,18.310814,0.0050467052,0.3653675,0.0122262575,0.05359738,0.008918727,0.14063779,0.026933525,0.8657746,0.016114494,0.019593058,0.022622854,0.2564246,3.5501335,null,null,null,null,"TWOGAUSSIANS",8,5.467463,0.8657746,0.016114494,0.109721124,0.12668799,0.2564246,3.5501335,0.3653675,0.0122262575,0.30014533,0.04994487,0.14063779,0.026933523
375316653866487564,4059484310889556992,0.44094414,2235.9358944143924,0.09719597025530817,3.452999E-5,18.841223,0.031140177,0.23797923,0.0076938886,0.062473882,0.01524603,1.1992797,0.5685298,0.72334725,0.11334246,0.060488347,0.042956676,1.0565737,1.3395165,null,null,null,null,"TWOGAUSSIANS",8,10.234097,0.23797923,0.0076938886,0.34985372,0.0681369,1.1989256,0.5701764,0.72334725,0.11334246,0.33873475,0.24055737,1.0562197,1.3390901
375316653866487564,4059484650185976576,0.4637112,2199.9908633975915,0.6278466057123799,6.498974E-5,17.954876,0.0075438693,0.21944779,0.0074535874,0.08072591,0.014172591,0.062308773,0.0070807724,0.689519,0.009575059,0.046354216,0.009302231,0.12145251,0.045838602,null,null,null,null,"TWOGAUSSIANS",8,4.2048507,0.689519,0.009575059,0.2595836,0.05209249,0.121427126,0.04584621,0.21944779,0.0074535874,0.4,0.0,0.06228338,0.0070129624
375316653866487564,4059484688846713856,0.49984616,2189.5386589252166,0.3343295243030126,3.01632E-5,19.574108,0.46944374,0.277145,0.047524434,0.11063073,0.15142137,0.34599587,0.40760633,0.78933984,0.008017179,0.07437969,0.029187158,0.361553,0.22187695,null,null,null,null,"TWOGAUSSIANS",8,2.4846923,0.78934985,0.008028356,0.4,0.022017905,0.34666747,0.029901775,0.277145,0.047531135,0.4,0.0,0.33108187,0.10785546
375316653866487564,4059485096882362368,0.49464792,2212.8533021295393,2.220076813297135,2.2029195E-5,19.099354,0.021802027,0.25664747,0.010367809,0.03864233,0.013995232,0.6665094,0.75006604,0.85064155,0.024777932,0.04489229,0.029310385,0.4251352,1.2760663,null,null,null,null,"TWOGAUSSIANS",8,9.387829,0.25664747,0.010367809,0.21639705,0.0783733,0.6665094,0.75006604,0.85064155,0.024777932,0.2513968,0.16413815,0.4251352,1.2760663
375316653866487564,4059485273035464960,0.4732407,2374.810295523873,2.3666654689914086,3.8858216E-5,19.216097,0.008586525,null,null,null,null,null,null,null,null,null,null,null,null,0.13476391,0.016245328,0.1475118,0.006440527,"ELLIPSOIDAL",4,1.5586395,null,null,null,null,null,null,null,null,null,null,null,null
375316653866487564,4059485371760112896,0.46072584,2239.1284198244066,1.1496348451010112,2.6930233E-5,19.296406,0.041981764,0.3064032,0.022012804,0.05432754,0.013324344,0.29519847,0.06934674,0.8114299,0.00927881,0.07544675,0.01812055,0.24839135,0.052457932,null,null,null,null,"TWOGAUSSIANS",8,5.8057585,0.3064032,0.022012804,0.30423424,0.07461633,0.29492784,0.06904491,0.8114299,0.00927881,0.4,0.04204556,0.24812071,0.05249808
375316653866487564,4059485680956666880,0.6786519,2222.368381819669,2.6672275583273937,6.982096E-6,15.78624,0.0060526566,0.27476493,0.0033645548,0.044172205,0.007639,0.55461,0.12369707,0.7829822,1.4009084E-4,0.028364545,8.5493847E-4,1.4939193,0.13454595,0.108118385,0.007847123,0.27476493,0.0033645548,"TWOGAUSSIANS_WITH_ELLIPSOIDAL_ON_ECLIPSE1",9,13.958664,0.7829822,1.4009084E-4,0.15884145,0.0047876555,1.7095796,0.13814247,0.27476493,0.0033645548,0.24736436,0.042778403,0.77084625,0.123670466
375316653866487564,4059485784078611456,0.4919188,2201.1207982834335,1.8718203290841418,4.1678948E-5,19.4175,0.018308202,0.26258102,0.03376061,0.07660933,0.020874104,0.3739876,0.06189817,0.76695764,0.011656787,0.07373821,0.017895,0.37260208,0.22144496,null,null,null,null,"TWOGAUSSIANS",8,3.2703671,0.26258102,0.03376061,0.4,0.08175671,0.37130082,0.05918776,0.76695764,0.011656787,0.4,0.061732948,0.3699153,0.22332132
375316653866487564,4059485857080785152,0.5455484,2239.8341709255583,1.8404256870442273,9.580457E-6,18.288969,0.017497895,0.25215134,0.014876795,0.106583074,0.02151575,0.17406116,0.018100401,0.7351372,0.0013640822,0.07914345,0.00384264,0.40506268,0.015454535,null,null,null,null,"TWOGAUSSIANS",8,3.8366232,0.7351372,0.0013640822,0.4,0.0,0.39505598,0.009291977,0.25215134,0.014876795,0.4,0.0,0.16404708,0.012571925
375316653866487564,4059485891510708224,0.4884951,2202.7411147370694,0.8612021729597904,7.7056895E-5,19.82928,0.10182785,0.1558771,0.0066803764,0.01597789,0.012927513,0.09359757,0.05486452,0.49416438,0.007064706,0.15698953,0.032204017,0.60483855,0.09655273,null,null,null,null,"TWOGAUSSIANS",8,4.6784906,0.49416438,0.007064706,0.4,0.0,0.5972531,0.08600598,0.1581671,0.003992397,0.08947618,0.07239407,0.14636353,0.094311245
375316653866487564,4059485921517602176,0.5237914,2368.8006414477477,0.31005286849624863,4.063972E-5,19.47254,0.047206026,0.30003196,0.031715948,0.080942295,0.0434259,0.24587661,0.04993709,0.7699255,0.015530126,0.090661,0.022541141,0.2114341,0.042735208,null,null,null,null,"TWOGAUSSIANS",8,1.0217947,0.30003196,0.031742737,0.4,0.0054898066,0.24204165,0.040468704,0.7699255,0.015530126,0.4,0.0,0.20759882,0.027402947
375316653866487564,4059486338117921792,0.45429677,2207.9020361735493,0.10796534786561074,4.5110515E-5,19.686333,0.16331239,0.34481925,0.040395994,0.10768549,0.08980586,0.23347558,0.12324303,0.77807987,0.025427127,0.099063836,0.04291751,0.24263477,0.1507264,null,null,null,null,"TWOGAUSSIANS",8,2.2039876,0.77807987,0.025427127,0.4,0.049928755,0.23161168,0.09465008,0.34485924,0.04007612,0.4,0.0,0.22239803,0.06579073
375316653866487564,4059486402553603712,0.44802025,2196.9259043124143,3.383385889155019,5.1160616E-5,19.822714,0.04959139,0.09923819,0.013823858,0.042240515,0.010192698,0.17869118,0.0558696,0.5285277,0.025460634,0.12572043,0.034362495,0.3414585,0.07324235,null,null,null,null,"TWOGAUSSIANS",8,3.0329514,0.5285277,0.025460634,0.4,0.0,0.33986562,0.07099962,0.09950818,0.013860368,0.23654687,0.05707911,0.17811672,0.05326782
375316653866487564,4059487089749080704,0.45045948,2238.479526486379,0.04306106280487087,4.0995845E-5,19.036293,0.06891895,0.37587363,0.012025428,0.07777109,0.036420472,0.19669414,0.059686795,0.8760918,0.010320398,0.032402262,0.05602482,0.54068464,1378.5262,null,null,null,null,"TWOGAUSSIANS",8,5.955105,0.8760918,0.010320398,0.18145266,0.29936078,0.5406687,1378.5266,0.37587363,0.012025428,0.4,0.08118264,0.19667819,0.05682199
375316653866487564,4059487295908828288,0.5044589,2217.0329969620234,0.7143752407911889,1.8153538E-5,18.96696,0.018988922,0.16389994,0.0053162603,0.06493388,0.00555926,0.25859016,0.013148109,0.84583926,0.029949449,0.1174786,0.041302312,0.15398559,0.025270928,null,null,null,null,"TWOGAUSSIANS",8,1.3116364,0.16236994,0.0035411099,0.36362973,0.031131856,0.26227692,0.018772954,0.8458493,0.029958306,0.4,0.0,0.15366185,0.024043044
375316653866487564,4059487433347658240,0.43579358,2278.6272925794115,0.41496415759354227,3.0089313E-5,19.579662,0.032367468,0.48475587,0.007876624,0.17451862,0.013544064,0.32677475,0.0362511,0.9526603,0.0040952535,0.016336095,0.0084485635,0.14983767,0.072476886,null,null,null,null,"TWOGAUSSIANS",8,4.1618505,0.48475587,0.007876624,0.4,0.0,0.31485495,0.02969967,0.9526603,0.0040952535,0.09148213,0.047311954,0.15002932,0.074187264
375316653866487564,4059487467698296832,0.482315,2207.995507052609,0.06509305204167339,4.7074318E-5,19.696222,0.015226179,0.13257065,0.032964293,0.05285184,0.028543655,0.27191666,0.0799995,0.60930055,0.01786534,0.052860133,0.015226039,0.24340816,0.021004556,null,null,null,null,"TWOGAUSSIANS",8,1.9730072,0.13257065,0.032964293,0.2959703,0.11939844,0.27191418,0.080156125,0.60930055,0.01786534,0.29601675,0.085265815,0.2434057,0.020903887
375316653866487564,4059487506348296320,0.5080081,2216.373617067064,0.09448778941338967,4.334922E-5,19.270792,0.017694531,0.26341778,0.006821563,0.034679506,0.016083566,0.35460865,0.22438422,null,null,null,null,null,null,0.16281007,0.07213045,0.26341778,0.006821563,"ONEGAUSSIAN_WITH_ELLIPSOIDAL",6,6.6550827,0.26341778,0.006821563,0.19420522,0.090067975,0.68022865,0.25681236,null,null,null,null,null,null
375316653866487564,4059487609497775744,0.47793186,2181.9031464407217,0.06662220779829625,8.836432E-5,18.956804,0.016909137,0.58353066,0.024126248,0.025266265,0.01247495,0.34984097,0.2922221,0.82813275,0.01097625,0.058986116,0.015901977,0.24226724,0.07280747,0.02688245,0.023543846,0.82813275,0.01097625,"TWOGAUSSIANS_WITH_ELLIPSOIDAL_ON_ECLIPSE2",9,10.214247,0.5835807,0.02419231,0.14149109,0.06985972,0.34991777,0.291394,0.82813275,0.01097625,0.33032224,0.08627543,0.2960018,0.07030923
375316653866487564,4059487678146663424,0.52566904,2210.1333164342213,0.2024641019251656,6.026065E-5,17.708668,0.004431807,0.20704938,0.013167566,0.02242075,0.011178388,0.34818274,0.23280407,0.48927388,0.027448956,0.036572043,0.028752986,0.024759771,0.014583544,null,null,null,null,"TWOGAUSSIANS",8,3.7678745,0.20704938,0.013167566,0.1255562,0.06259897,0.34818274,0.23280407,0.48927388,0.027448956,0.20480344,0.16101672,0.024759771,0.014583544
375316653866487564,4059487845655724416,0.51442367,2184.1058313537756,1.7743835561246741,2.8345497E-5,18.850576,0.017944146,0.25891116,0.03340259,0.07559782,0.03714331,0.33054256,3.7408242,0.74800384,0.0046447427,0.08670953,0.009669204,0.23070045,0.016555443,null,null,null,null,"TWOGAUSSIANS",8,2.3275974,0.25891116,0.03340259,0.4,0.16563526,0.32671684,3.7445827,0.74800384,0.0046447427,0.4,0.0,0.22687471,0.010835637
375316653866487564,4059487845655754880,0.4799785,2182.490159841587,1.7068896090571504,3.0200154E-5,19.07445,0.06927106,0.29471046,0.009474179,0.10823176,0.027503775,0.2864623,0.06572339,0.81524163,0.0076363375,0.10338421,0.0263525,0.2605506,0.06270829,null,null,null,null,"TWOGAUSSIANS",8,2.6882741,0.29470047,0.009545255,0.4,0.0,0.25992328,0.021262474,0.8152616,0.0075258934,0.4,0.0,0.2340236,0.028804163
375316653866487564,4059487884375499776,0.48572493,2174.6755837243572,0.0943716356178202,2.8199373E-5,18.931984,0.019423319,0.24229117,0.006001992,0.085695386,0.016058486,0.34669933,0.0546257,0.71382475,0.0065373103,0.07226273,0.008765327,0.3054927,0.02775823,null,null,null,null,"TWOGAUSSIANS",8,4.178729,0.24229117,0.006001992,0.4,0.0,0.34427983,0.057008103,0.71382475,0.0065373103,0.4,0.025395507,0.30307332,0.026995478
375316653866487564,4059488120534706560,0.5175563,2167.363181179529,2.9272266175502692,5.7318608E-5,19.116386,0.01213491,0.22933924,0.037715584,0.03407292,0.018614894,2.001153,10.907414,0.7471653,0.0561712,0.06880576,0.031959604,0.5934868,0.15880968,null,null,null,null,"TWOGAUSSIANS",8,8.587099,0.22933924,0.037715584,0.19080837,0.104243405,2.0011477,10.9074135,0.7471653,0.0561712,0.38531226,0.1789738,0.5934816,0.15879491
375316653866487564,4059488257972137728,0.5149865,2249.341080521229,0.8551932508814624,5.095149E-5,19.258423,0.0087331,0.28990465,0.007996838,0.09117124,0.014114551,0.10669397,0.0088748615,0.7993358,8.6136186E-4,0.019058052,0.0010114416,0.42431352,0.037781846,null,null,null,null,"TWOGAUSSIANS",8,1.5944276,0.7993358,8.6136186E-4,0.1067251,0.0056640725,0.42430878,0.037781265,0.28990465,0.007996838,0.4,0.0,0.10668916,0.008866978
