Gaia/vari_eclipsing_binary/VariEclipsingBinary_223483-223623.csv
# %ECSV 1.0
# ---
# delimiter: ','
# meta: !!omap
# - RELEASE: Gaia DR3
# - TABLE: vari_eclipsing_binary
# - DESCRIPTION: >
#     This table describes the properties of the eclipsing binaries resulting from the variability analysis. 
# - CITATION: >
#     How to cite and acknowledge Gaia: 
#     https://gea.esac.esa.int/archive/documentation/credits.html 
# - KNOWN_ISSUES: >
#     Known issues: 
#     https://www.cosmos.esa.int/web/gaia-users/known-issues 
# - DOCUMENTATION: >
#     Tutorials and documentation: 
#     https://www.cosmos.esa.int/web/gaia-users/archive 
# datatype:
# - 
#   name: solution_id
#   datatype: int64
#   description: Solution Identifier
#   meta:
#     ucd: meta.version
# - 
#   name: source_id
#   datatype: int64
#   description: Unique source identifier
#   meta:
#     ucd: meta.id;meta.main
# - 
#   name: global_ranking
#   datatype: float32
#   description: Number between 0 (worst) and 1 (best)
#   meta:
#     ucd: stat.param
# - 
#   name: reference_time
#   datatype: float64
#   unit: d
#   description: Reference time used for the geometric model fit
#   meta:
#     ucd: time.epoch
# - 
#   name: frequency
#   datatype: float64
#   unit: d**-1
#   description: Frequency of geometric model of the eclipsing binary light curve
#   meta:
#     ucd: src.orbital
# - 
#   name: frequency_error
#   datatype: float32
#   unit: d**-1
#   description: "Uncertainty of \\texttt{frequency}"
#   meta:
#     ucd: stat.error
# - 
#   name: geom_model_reference_level
#   datatype: float32
#   unit: mag
#   description: Magnitude reference level of geometric model
#   meta:
#     ucd: phot.mag;em.opt
# - 
#   name: geom_model_reference_level_error
#   datatype: float32
#   unit: mag
#   description: "Uncertainty of \\texttt{geomModelReferenceLevel}"
#   meta:
#     ucd: stat.error;phot.mag;em.opt
# - 
#   name: geom_model_gaussian1_phase
#   datatype: float32
#   description: Phase of the Gaussian 1 component
#   meta:
#     ucd: time.phase
# - 
#   name: geom_model_gaussian1_phase_error
#   datatype: float32
#   description: "Uncertainty of \\texttt{geomModelGaussian1Phase}"
#   meta:
#     ucd: stat.error;time.phase
# - 
#   name: geom_model_gaussian1_sigma
#   datatype: float32
#   description: "Standard deviation [phase] of Gaussian 1 component"
#   meta:
#     ucd: stat.stdev
# - 
#   name: geom_model_gaussian1_sigma_error
#   datatype: float32
#   description: "Uncertainty of \\texttt{geomModelGaussian1Sigma}"
#   meta:
#     ucd: stat.error
# - 
#   name: geom_model_gaussian1_depth
#   datatype: float32
#   unit: mag
#   description: Magnitude depth of Gaussian 1 component
#   meta:
#     ucd: src.var.amplitude
# - 
#   name: geom_model_gaussian1_depth_error
#   datatype: float32
#   unit: mag
#   description: "Uncertainty of \\texttt{geomModelGaussian1Depth}"
#   meta:
#     ucd: stat.error;src.var.amplitude
# - 
#   name: geom_model_gaussian2_phase
#   datatype: float32
#   description: Phase of Gaussian 2 component
#   meta:
#     ucd: time.phase
# - 
#   name: geom_model_gaussian2_phase_error
#   datatype: float32
#   description: "Uncertainty of \\texttt{geomModelGaussian2Phase}"
#   meta:
#     ucd: stat.error;time.phase
# - 
#   name: geom_model_gaussian2_sigma
#   datatype: float32
[...]
#   datatype: float32
#   description: "Secondary eclipse: uncertainty of \\texttt{derivedSecondaryEclDuration}"
#   meta:
#     ucd: stat.error;time.duration
# - 
#   name: derived_secondary_ecl_depth
#   datatype: float32
#   unit: mag
#   description: "Secondary eclipse: depth"
#   meta:
#     ucd: src.var.amplitude
# - 
#   name: derived_secondary_ecl_depth_error
#   datatype: float32
#   unit: mag
#   description: "Secondary eclipse: uncertainty of \\texttt{derivedSecondaryEclDepth}"
#   meta:
#     ucd: stat.error;src.var.amplitude
solution_id,source_id,global_ranking,reference_time,frequency,frequency_error,geom_model_reference_level,geom_model_reference_level_error,geom_model_gaussian1_phase,geom_model_gaussian1_phase_error,geom_model_gaussian1_sigma,geom_model_gaussian1_sigma_error,geom_model_gaussian1_depth,geom_model_gaussian1_depth_error,geom_model_gaussian2_phase,geom_model_gaussian2_phase_error,geom_model_gaussian2_sigma,geom_model_gaussian2_sigma_error,geom_model_gaussian2_depth,geom_model_gaussian2_depth_error,geom_model_cosine_half_period_amplitude,geom_model_cosine_half_period_amplitude_error,geom_model_cosine_half_period_phase,geom_model_cosine_half_period_phase_error,model_type,num_model_parameters,reduced_chi2,derived_primary_ecl_phase,derived_primary_ecl_phase_error,derived_primary_ecl_duration,derived_primary_ecl_duration_error,derived_primary_ecl_depth,derived_primary_ecl_depth_error,derived_secondary_ecl_phase,derived_secondary_ecl_phase_error,derived_secondary_ecl_duration,derived_secondary_ecl_duration_error,derived_secondary_ecl_depth,derived_secondary_ecl_depth_error
[from data line 325]
375316653866487564,1966329078584096768,0.4412477,2207.4525469891246,4.5999452295680054,1.7950333E-5,18.313276,0.008901518,0.26327986,0.004788781,0.047072046,0.0048939623,0.35588917,0.07955622,0.494069,0.015988199,0.069328174,0.014372374,0.16869637,0.054867517,null,null,null,null,"TWOGAUSSIANS",8,3.2273874,0.26347986,0.005004476,0.26360345,0.02740619,0.35655412,0.079304144,0.494069,0.015988199,0.38823777,0.073536746,0.16869852,0.05486802
375316653866487564,1966332205320286080,0.66080016,2234.6803642851396,0.6732331114693908,2.2070788E-6,15.836456,0.0025793717,0.27215168,3.7991247E-4,0.028961377,0.0011156449,0.4360068,0.011975274,0.77115834,0.0026660212,0.033808783,0.002992677,0.05833597,0.006301844,0.011391306,0.0031339144,0.27215168,3.7991247E-4,"TWOGAUSSIANS_WITH_ELLIPSOIDAL_ON_ECLIPSE1",9,6.9699893,0.27215168,3.7991247E-4,0.16218372,0.0062476117,0.4587894,0.01321722,0.7711883,0.0026147352,0.18932918,0.016758991,0.08111771,0.0024032856
375316653866487564,1966332239681192320,0.5603616,2205.0797553040816,0.8608481777155913,1.286826E-5,15.829427,0.0025479256,0.19446906,0.019622162,0.028442452,0.02283542,0.024975613,0.010556041,0.6820159,0.005717791,0.032185588,0.0046558366,0.2099262,0.01846186,0.008731236,0.0039158673,0.19446906,0.019622162,"TWOGAUSSIANS_WITH_ELLIPSOIDAL_ON_ECLIPSE1",9,16.966558,0.68209594,0.005676574,0.18023929,0.026072687,0.22728269,0.01855537,0.19446906,0.019622162,0.15927774,0.12787835,0.042438086,0.008038676
375316653866487564,1966333992026711296,0.47981855,2246.775477870751,3.273596613026558,1.9735324E-5,18.541824,0.008165609,0.29011226,0.010700786,0.08522038,0.013035632,0.15093389,0.023369351,0.7861894,0.0046106125,0.07953524,0.0064927987,0.20967647,0.008518528,null,null,null,null,"TWOGAUSSIANS",8,5.3542995,0.7861894,0.0046106125,0.4,0.0,0.20639503,0.0074126404,0.29011226,0.010700786,0.4,0.0,0.14765243,0.02447304
375316653866487564,1966334095105930112,0.5814283,2247.250009088115,0.1900346728964622,7.874415E-6,17.691843,0.0040109064,0.28370672,0.044954922,0.1734634,0.059803084,0.019760732,0.006067154,0.8245361,6.80608E-4,0.010418501,6.200377E-4,0.5610878,0.04760875,null,null,null,null,"TWOGAUSSIANS",8,2.2530675,0.8245361,6.80608E-4,0.058343604,0.0034722113,0.5612038,0.04758861,0.28370672,0.044954922,0.4,0.0,0.019128986,0.005857349
375316653866487564,1966335293395695360,0.5679995,2233.9117738883588,0.2834278029009013,3.6010628E-5,17.823603,0.004060291,0.24369733,0.001976926,0.01497404,0.0016696973,1.2104737,0.23676504,0.7361281,0.020142939,0.06699312,0.009273642,0.04915959,0.008244454,null,null,null,null,"TWOGAUSSIANS",8,8.493953,0.24369733,0.001976926,0.08385462,0.009350305,1.2104737,0.23676504,0.7361281,0.020142939,0.37516147,0.051932395,0.04915959,0.008244453
375316653866487564,1966335533913929856,0.5041707,2213.3654858695804,0.29731186659224246,1.4939953E-5,17.49431,0.0025741819,0.29912943,0.027906237,0.08930245,0.032003712,0.023090525,0.008268017,0.80575943,6.33129E-4,0.0047507845,2.499134E-4,0.2603896,0.025665784,null,null,null,null,"TWOGAUSSIANS",8,2.8022223,0.80575943,6.33129E-4,0.026604392,0.001399515,0.2603896,0.025665782,0.29912943,0.027906237,0.4,0.0,0.02309051,0.008268772
375316653866487564,1966340657809038464,0.54070646,2238.066497794784,4.106724827421912,7.907192E-6,19.723263,0.008101992,0.24842602,0.0031156277,0.06525726,0.0038729056,0.5880658,0.028042465,0.7595817,0.0024500573,0.063326225,0.0024079753,0.65818566,0.02173748,null,null,null,null,"TWOGAUSSIANS",8,2.0565858,0.7595817,0.0024500573,0.35462686,0.013484661,0.6577255,0.021728473,0.24842602,0.0031156277,0.36544067,0.021688271,0.58760566,0.028154137
375316653866487564,1966342238364003712,0.60275114,2229.5060778255847,3.1413339021846607,4.6375376E-6,17.34031,0.007169256,0.23664294,0.002134638,0.075408526,0.0031450044,0.5424015,0.014264527,0.7379515,0.0012192095,0.0710137,0.0014327792,0.49906534,0.010500315,null,null,null,null,"TWOGAUSSIANS",8,13.498995,0.23664294,0.002134638,0.4,0.0,0.5394345,0.014478411,0.7379515,0.0012192095,0.3976767,0.0072220676,0.49609834,0.010217699
375316653866487564,1966342616321063040,0.619062,2241.6853287944505,2.205552368104283,3.923241E-6,16.405092,0.0034839197,0.22360589,0.0015526952,0.08748458,0.002394687,0.20422056,0.005365356,0.7252996,0.0014265111,0.09512536,0.0024400945,0.18803398,0.003908691,null,null,null,null,"TWOGAUSSIANS",8,2.4818883,0.22360589,0.0015526952,0.4,0.0,0.19524989,0.0052729007,0.7252996,0.0014265111,0.4,0.0,0.17906296,0.0030699589
375316653866487564,1966343127417044736,0.52437156,2244.9551847072476,2.7817201733480132,1.1760329E-5,17.448729,0.009958549,0.27076924,0.0041347384,0.09022458,0.0067960136,0.2217068,0.011955081,0.7737767,0.0042217067,0.0913037,0.007955996,0.16804159,0.009698591,null,null,null,null,"TWOGAUSSIANS",8,8.386672,0.27076924,0.0041347384,0.4,0.0,0.2134218,0.010954911,0.7737767,0.0042217067,0.4,0.0,0.1597566,0.0068105315
375316653866487564,1966343887631459584,0.4590161,2240.1382649427287,0.871069090887877,2.032935E-5,16.932608,0.0024942637,0.14439692,0.01542259,0.023500003,0.029446654,0.03361629,0.015203701,0.79669905,0.008999182,0.03704114,0.012590418,0.06148991,0.013535433,0.019692909,0.0029657795,0.79669905,0.008999182,"TWOGAUSSIANS_WITH_ELLIPSOIDAL_ON_ECLIPSE2",9,11.493276,0.79669905,0.008999182,0.20743038,0.07050634,0.10087569,0.012994406,0.14834692,0.043078505,0.1316,0.16490127,0.047141302,0.011715532
375316653866487564,1966345296380730624,0.63810194,2206.216367473784,2.5616576713980783,3.70867E-6,13.527078,0.0060414425,0.2610707,0.0017115879,0.04289611,0.0025617396,0.3227413,0.015453484,0.76255524,0.0012218412,0.04143481,0.0016748828,0.30483636,0.015105979,0.124224104,0.00850097,0.76255524,0.0012218412,"TWOGAUSSIANS_WITH_ELLIPSOIDAL_ON_ECLIPSE2",9,335.16592,0.2612207,0.0015101425,0.24021822,0.014345742,0.57117003,0.011890769,0.76255524,0.0012218412,0.23203492,0.009379343,0.5532845,0.007390959
375316653866487564,1966347907714184064,0.4518276,2262.4016354555256,2.601703278566995,2.4602117E-5,16.235592,0.51464856,0.27747577,0.013094656,0.122629836,0.05413552,0.2419666,0.34383345,0.77754825,0.008157391,0.17333221,0.16377845,0.24650851,0.5097152,null,null,null,null,"TWOGAUSSIANS",8,63.75979,0.2774658,0.013710426,0.4,0.0,0.13474084,0.014376496,0.77754825,0.008199415,0.4,0.0,0.13171105,0.012297322
375316653866487564,1966350136802971392,0.6223686,2224.184043832092,2.6106636941276,3.1236189E-6,16.94825,0.010007323,0.23848756,0.0011212754,0.058566667,0.0040437095,0.27750865,0.020336388,0.7413971,0.0026028554,0.06384636,0.0041201003,0.23751642,0.026403395,0.10786694,0.012403519,0.23848756,0.0011212754,"TWOGAUSSIANS_WITH_ELLIPSOIDAL_ON_ECLIPSE1",9,8.2000065,0.23848756,0.0011212754,0.32797334,0.022644771,0.49311888,0.012542456,0.7413971,0.0026028554,0.3575396,0.023072561,0.45305458,0.016405448
375316653866487564,1966350789638359424,0.49884018,2221.458425947115,3.258234955445707,2.0447E-5,19.161041,0.014477632,0.28610808,0.007951236,0.08480933,0.009858895,0.22957008,0.017084016,0.7775238,0.004268714,0.088983625,0.008902286,0.21030852,0.015881153,null,null,null,null,"TWOGAUSSIANS",8,1.8605636,0.28610808,0.007951236,0.4,0.0,0.22350766,0.012512318,0.7775238,0.004268714,0.4,0.0,0.20424606,0.013896675
375316653866487564,1966351274975598592,0.49803653,2235.968853924149,3.4416831805153874,1.3644092E-5,19.358822,0.016847124,0.23742363,0.015299411,0.07984225,0.019654606,0.22510153,0.022082245,0.7280999,0.003870598,0.07468308,0.0052270307,0.33031458,0.017445544,null,null,null,null,"TWOGAUSSIANS",8,2.8502407,0.7280999,0.003870598,0.4,0.0,0.32795155,0.014996717,0.23742363,0.015299411,0.4,0.0,0.22273849,0.023368444
375316653866487564,1966355226345551104,0.5289015,2252.3686988919344,0.2917987561241615,2.0766229E-5,14.286089,6.844613E-4,0.19287549,0.02182752,0.025589664,0.0379807,0.012315312,1679023.4,0.69622535,0.0016201934,0.019813528,0.0012112778,0.08046601,0.005689928,null,null,null,null,"TWOGAUSSIANS",8,8.898305,0.69622535,0.0016201934,0.11095575,0.0067831553,0.08046601,0.005689928,0.19287549,0.02182752,0.14330211,0.21269193,0.012315312,1679023.4
375316653866487564,1966357528448033408,0.5718535,2248.232306866516,2.362546111634123,6.643842E-6,16.240417,0.012563418,0.27139342,0.0028584478,0.09091524,0.005108989,0.33820474,0.015219247,0.76978976,0.0033841133,0.09583218,0.00481096,0.3347893,0.013354631,null,null,null,null,"TWOGAUSSIANS",8,33.095905,0.27139342,0.0028584478,0.4,0.0,0.319961,0.015815025,0.76978976,0.0033841133,0.4,0.0,0.31654492,0.009564272
375316653866487564,1966361819115603584,0.5493374,2264.4170568530753,2.5460587902570597,9.413665E-6,18.645752,0.007848658,0.27199894,0.003215554,0.09439143,0.00679633,0.31797943,0.010836243,0.78365916,0.0042691207,0.06278315,0.008320193,0.16563089,0.013700421,null,null,null,null,"TWOGAUSSIANS",8,2.8284411,0.27199894,0.003215554,0.4,0.0,0.315581,0.01116002,0.78365916,0.0042691207,0.35158566,0.04659308,0.16323306,0.014153722
375316653866487564,1966362991646632448,0.5910057,2243.6464919241666,0.49457264421536973,4.4368007E-6,16.199125,0.0012191662,0.5522144,9.0178766E-4,0.028664865,0.002209673,0.49799174,0.109655365,null,null,null,null,null,null,null,null,null,null,"ONEGAUSSIAN",5,4.2692633,0.5522144,9.0178766E-4,0.16052324,0.012374168,0.49799174,0.0,null,null,null,null,null,null
375316653866487564,1966363781920610304,0.6012075,2244.3805692635474,0.3018851211996351,8.106295E-6,16.964417,0.005389576,0.14116278,0.012626884,0.018716242,0.015280421,0.1639951,2.0318432,0.649698,5.540581E-4,0.02631617,5.933266E-4,0.90081984,0.022410948,null,null,null,null,"TWOGAUSSIANS",8,42.10765,0.649698,5.540581E-4,0.14737055,0.003322629,0.90081984,0.022410948,0.14116278,0.012626884,0.10481096,0.08557036,0.1639951,2.0318432
375316653866487564,1966366457680580608,0.56398404,2227.885745977193,2.7090186297661156,7.3774054E-6,18.442736,0.009379974,0.22370121,0.0028120063,0.08657606,0.004659337,0.30763942,0.0094762305,0.7252547,0.0018616111,0.08764852,0.003636966,0.30860615,0.009641864,null,null,null,null,"TWOGAUSSIANS",8,2.3272033,0.7252547,0.0018616111,0.4,0.0,0.29882923,0.008013681,0.22370121,0.0028120063,0.4,0.0,0.29786253,0.00773608
375316653866487564,1966367728990055552,0.49225998,2234.2553452224306,1.2531072956894398,2.1282673E-5,15.43696,0.015070469,0.31274202,0.0066407467,0.09011454,0.00966733,0.15490453,0.016686415,0.8002688,0.008597917,0.102039576,0.019020095,0.13454297,0.012136332,null,null,null,null,"TWOGAUSSIANS",8,68.63996,0.31274202,0.006639052,0.4,0.0,0.1467292,0.010971959,0.8002688,0.008597917,0.4,0.0,0.12636578,0.00986992
375316653866487564,1966369034660400000,0.5783999,2280.4650336191803,2.8960962758976296,1.0780584E-5,18.020603,0.013002536,0.25506413,0.0046987515,0.054035004,0.011393882,0.19613338,0.028453955,0.7462242,0.007207266,0.045699656,0.006797798,0.27617127,0.036737673,0.09777987,0.018432055,0.25506413,0.0046987515,"TWOGAUSSIANS_WITH_ELLIPSOIDAL_ON_ECLIPSE1",9,8.257571,0.7471442,0.006113086,0.2559181,0.03806767,0.47118673,0.024796527,0.25506413,0.0046987515,0.30259603,0.06380574,0.39168867,0.0145977875
375316653866487564,1966369142039619584,0.5753491,2244.61327904132,0.31280149390386164,7.499093E-6,15.465503,9.898079E-4,0.52933776,0.003975987,0.019635504,0.0046266424,0.29424962,0.11096206,0.86068535,0.0013655314,0.01794811,0.0010909999,0.30560434,0.02162559,0.0026968794,0.0014507205,0.86068535,0.0013655314,"TWOGAUSSIANS_WITH_ELLIPSOIDAL_ON_ECLIPSE2",9,19.666092,0.86068535,0.0013655314,0.10050941,0.0061096,0.31099805,0.021918083,0.52929777,0.0039851246,0.10995883,0.025909197,0.29554072,0.110674545
375316653866487564,1966369245118836096,0.53333175,2252.41438309708,0.12463763086824424,1.0031833E-5,14.97245,0.0015084839,0.2225066,0.0043556974,0.00652295,0.002189017,0.17819884,0.041975707,0.75178814,0.022134874,0.014779538,0.025765102,0.0060565826,0.09326334,0.0052016,0.0018945272,0.75178814,0.022134874,"TWOGAUSSIANS_WITH_ELLIPSOIDAL_ON_ECLIPSE2",9,26.292252,0.22251661,0.004355192,0.03652852,0.012258494,0.18825388,0.03966747,0.75178814,0.022134874,0.08276541,0.14428458,0.016459763,0.0938433
375316653866487564,1966369416911286912,0.55099744,2251.7960953966203,1.1425598930466443,3.920831E-6,18.051096,0.0030788067,0.20433562,0.0011461318,0.026880248,0.0014958291,0.2712382,0.012746382,0.7036972,0.0012310299,0.02443961,0.0020427904,0.43984276,0.11521323,0.025880383,0.0056450428,0.20433562,0.0011461318,"TWOGAUSSIANS_WITH_ELLIPSOIDAL_ON_ECLIPSE1",9,3.4523344,0.7036972,0.0012198855,0.13686182,0.011439626,0.49160266,0.11645879,0.20433562,0.0011461318,0.15052938,0.008376643,0.32299894,0.011751681
375316653866487564,1966372165689516032,0.4659281,2257.2287575292025,0.09298980566484559,3.0681196E-5,18.657476,0.0115646245,0.27228272,0.022855941,0.04362729,0.08388714,0.09694363,11.212662,0.6835287,4.9593754E-4,0.0028897375,4.3552008E-4,0.48079497,0.18904375,0.031912014,0.013904827,0.27228272,0.022855941,"TWOGAUSSIANS_WITH_ELLIPSOIDAL_ON_ECLIPSE1",9,9.140518,0.68353873,5.038678E-4,0.01618253,0.0024389124,0.5267455,0.19056976,0.27228272,0.022855941,0.24431281,0.36171457,0.16076751,11.220665
375316653866487564,1966374807096976128,0.62542784,2235.171504059137,2.588568546978837,5.6093954E-6,18.425795,0.0056535914,0.27141878,0.0033129076,0.08141876,0.0072492347,0.3391861,0.015335313,0.77086514,0.0014327443,0.07929687,0.0020046253,0.3997096,0.0072747148,null,null,null,null,"TWOGAUSSIANS",8,1.4281726,0.77086514,0.0014327443,0.4,0.0,0.39395455,0.0063934466,0.27141878,0.0033129076,0.4,0.0,0.33343104,0.018082995
375316653866487564,1966377074839679744,0.50387883,2231.1181764954013,1.6938525199812733,8.403905E-5,18.119858,0.0034737266,0.5211723,0.014414531,0.032223284,0.0087198485,0.5103947,0.13697287,null,null,null,null,null,null,null,null,null,null,"ONEGAUSSIAN",5,28.215597,0.5211723,0.014414531,0.18045038,0.04883115,0.5103947,0.0,null,null,null,null,null,null
375316653866487564,1966377658955211136,0.5507646,2226.5163611218354,2.767255275600104,1.8197708E-5,18.883621,0.011268809,0.26576382,0.0024393266,0.07754937,0.004131332,0.4624488,0.014106137,0.7696533,0.0035990283,0.07438006,0.00581806,0.27920872,0.020810045,null,null,null,null,"TWOGAUSSIANS",8,3.1493273,0.26576382,0.0024393266,0.4,0.0,0.45950443,0.013732017,0.7696533,0.0035990283,0.4,0.006349096,0.27626434,0.021024024
375316653866487564,1966389581779794688,0.62898403,2241.8918413359993,4.456843950710348,5.8139435E-6,18.740372,0.008674015,0.31711388,0.0016944509,0.047289398,0.003542005,0.46798435,0.038785797,0.81841826,0.0040151766,0.044891506,0.0039478643,0.41131094,0.02129478,0.14108212,0.011127766,0.31711388,0.0016944509,"TWOGAUSSIANS_WITH_ELLIPSOIDAL_ON_ECLIPSE1",9,2.5895457,0.31711388,0.0016944509,0.26482064,0.019835228,0.7501481,0.03796239,0.81841826,0.0039432156,0.25139242,0.022108039,0.69345576,0.011465965
375316653866487564,1966390131535623808,0.45650238,2240.798035249296,3.387509036587254,2.1785272E-5,19.540342,0.024754452,0.25322875,0.007458977,0.10139427,0.015656019,0.19117278,0.024019938,0.7069766,0.0071148924,0.109743275,0.013905726,0.24378501,0.02365306,null,null,null,null,"TWOGAUSSIANS",8,1.6196866,0.7069766,0.0071148924,0.4,0.0,0.22854406,0.015495006,0.25331876,0.0074604186,0.4,0.0,0.17597155,0.014962486
375316653866487564,1966394082905599360,0.5581231,2246.8730546403804,2.626073881901625,7.567055E-6,19.336815,0.005963382,0.262101,0.005622293,0.07074665,0.0043945215,0.4811344,0.016535703,0.76715076,0.0038885537,0.067929484,0.0034560738,0.44566977,0.013557629,null,null,null,null,"TWOGAUSSIANS",8,1.3804917,0.262101,0.005622293,0.39618126,0.015936675,0.47991312,0.016454795,0.76715076,0.0038885537,0.3804051,0.019354012,0.44444847,0.013605391
