Gaia/vari_eclipsing_binary/VariEclipsingBinary_685534-685546.csv
# %ECSV 1.0
# ---
# delimiter: ','
# meta: !!omap
# - RELEASE: Gaia DR3
# - TABLE: vari_eclipsing_binary
# - DESCRIPTION: >
#     This table describes the properties of the eclipsing binaries resulting from the variability analysis. 
# - CITATION: >
#     How to cite and acknowledge Gaia: 
#     https://gea.esac.esa.int/archive/documentation/credits.html 
# - KNOWN_ISSUES: >
#     Known issues: 
#     https://www.cosmos.esa.int/web/gaia-users/known-issues 
# - DOCUMENTATION: >
#     Tutorials and documentation: 
#     https://www.cosmos.esa.int/web/gaia-users/archive 
# datatype:
# - 
#   name: solution_id
#   datatype: int64
#   description: Solution Identifier
#   meta:
#     ucd: meta.version
# - 
#   name: source_id
#   datatype: int64
#   description: Unique source identifier
#   meta:
#     ucd: meta.id;meta.main
# - 
#   name: global_ranking
#   datatype: float32
#   description: Number between 0 (worst) and 1 (best)
#   meta:
#     ucd: stat.param
# - 
#   name: reference_time
#   datatype: float64
#   unit: d
#   description: Reference time used for the geometric model fit
#   meta:
#     ucd: time.epoch
# - 
#   name: frequency
#   datatype: float64
#   unit: d**-1
#   description: Frequency of geometric model of the eclipsing binary light curve
#   meta:
#     ucd: src.orbital
# - 
#   name: frequency_error
#   datatype: float32
#   unit: d**-1
#   description: "Uncertainty of \\texttt{frequency}"
#   meta:
#     ucd: stat.error
# - 
#   name: geom_model_reference_level
#   datatype: float32
#   unit: mag
#   description: Magnitude reference level of geometric model
#   meta:
#     ucd: phot.mag;em.opt
# - 
#   name: geom_model_reference_level_error
#   datatype: float32
#   unit: mag
#   description: "Uncertainty of \\texttt{geomModelReferenceLevel}"
#   meta:
#     ucd: stat.error;phot.mag;em.opt
# - 
#   name: geom_model_gaussian1_phase
#   datatype: float32
#   description: Phase of the Gaussian 1 component
#   meta:
#     ucd: time.phase
# - 
#   name: geom_model_gaussian1_phase_error
#   datatype: float32
#   description: "Uncertainty of \\texttt{geomModelGaussian1Phase}"
#   meta:
#     ucd: stat.error;time.phase
# - 
#   name: geom_model_gaussian1_sigma
#   datatype: float32
#   description: "Standard deviation [phase] of Gaussian 1 component"
#   meta:
#     ucd: stat.stdev
# - 
#   name: geom_model_gaussian1_sigma_error
#   datatype: float32
#   description: "Uncertainty of \\texttt{geomModelGaussian1Sigma}"
#   meta:
#     ucd: stat.error
# - 
#   name: geom_model_gaussian1_depth
#   datatype: float32
#   unit: mag
#   description: Magnitude depth of Gaussian 1 component
#   meta:
#     ucd: src.var.amplitude
# - 
#   name: geom_model_gaussian1_depth_error
#   datatype: float32
#   unit: mag
#   description: "Uncertainty of \\texttt{geomModelGaussian1Depth}"
#   meta:
#     ucd: stat.error;src.var.amplitude
# - 
#   name: geom_model_gaussian2_phase
#   datatype: float32
#   description: Phase of Gaussian 2 component
#   meta:
#     ucd: time.phase
# - 
#   name: geom_model_gaussian2_phase_error
#   datatype: float32
#   description: "Uncertainty of \\texttt{geomModelGaussian2Phase}"
#   meta:
#     ucd: stat.error;time.phase
# - 
#   name: geom_model_gaussian2_sigma
#   datatype: float32
[...]
#   datatype: float32
#   description: "Secondary eclipse: uncertainty of \\texttt{derivedSecondaryEclDuration}"
#   meta:
#     ucd: stat.error;time.duration
# - 
#   name: derived_secondary_ecl_depth
#   datatype: float32
#   unit: mag
#   description: "Secondary eclipse: depth"
#   meta:
#     ucd: src.var.amplitude
# - 
#   name: derived_secondary_ecl_depth_error
#   datatype: float32
#   unit: mag
#   description: "Secondary eclipse: uncertainty of \\texttt{derivedSecondaryEclDepth}"
#   meta:
#     ucd: stat.error;src.var.amplitude
solution_id,source_id,global_ranking,reference_time,frequency,frequency_error,geom_model_reference_level,geom_model_reference_level_error,geom_model_gaussian1_phase,geom_model_gaussian1_phase_error,geom_model_gaussian1_sigma,geom_model_gaussian1_sigma_error,geom_model_gaussian1_depth,geom_model_gaussian1_depth_error,geom_model_gaussian2_phase,geom_model_gaussian2_phase_error,geom_model_gaussian2_sigma,geom_model_gaussian2_sigma_error,geom_model_gaussian2_depth,geom_model_gaussian2_depth_error,geom_model_cosine_half_period_amplitude,geom_model_cosine_half_period_amplitude_error,geom_model_cosine_half_period_phase,geom_model_cosine_half_period_phase_error,model_type,num_model_parameters,reduced_chi2,derived_primary_ecl_phase,derived_primary_ecl_phase_error,derived_primary_ecl_duration,derived_primary_ecl_duration_error,derived_primary_ecl_depth,derived_primary_ecl_depth_error,derived_secondary_ecl_phase,derived_secondary_ecl_phase_error,derived_secondary_ecl_duration,derived_secondary_ecl_duration_error,derived_secondary_ecl_depth,derived_secondary_ecl_depth_error
375316653866487564,6030020975740467200,0.5526037,2301.8961678047103,2.362460569143779,2.8436576E-5,16.639091,0.0077854316,0.3095616,0.0022245764,0.05304092,0.020305343,0.0516638,0.015047314,0.8057629,0.0067157894,0.034160573,0.015311839,0.05696588,0.018810341,0.07597557,0.011214152,0.3095616,0.0022245764,"TWOGAUSSIANS_WITH_ELLIPSOIDAL_ON_ECLIPSE1",9,15.88623,0.8065129,0.0052548186,0.1912992,0.085746296,0.20884676,0.007856035,0.3095616,0.0022245764,0.29702917,0.11370992,0.20361416,0.010471197
375316653866487564,6030021005689053312,0.47948155,2305.35400594047,1.6583232720051453,2.957802E-5,17.852951,0.046232164,0.22760713,0.009153658,0.096589796,0.017466426,0.283087,0.044385567,0.7172971,0.01063588,0.116853885,0.027979653,0.24134198,0.046285067,null,null,null,null,"TWOGAUSSIANS",8,17.1388,0.22762713,0.009170346,0.4,0.0,0.25359938,0.024413357,0.7172971,0.01063588,0.4,0.0,0.21180084,0.034638397
375316653866487564,6030021658527637120,0.5004747,2323.137494377462,2.6232152770019144,1.555908E-5,17.068047,0.027901664,0.19822767,0.008155042,0.1007902,0.01724548,0.19781102,0.025723092,0.6919915,0.004007337,0.10740201,0.01272772,0.23849984,0.024861466,null,null,null,null,"TWOGAUSSIANS",8,16.230585,0.6919915,0.004007337,0.4,0.0,0.21585976,0.009830294,0.19823767,0.008168739,0.4,0.0,0.17517878,0.010157902
375316653866487564,6030022350091205760,0.53078204,2262.795620114201,2.760694121587659,1.61487E-5,18.961637,0.043129895,0.23430899,0.0044847624,0.096451834,0.014936037,0.3095063,0.035991725,0.7316441,0.007344321,0.107336536,0.019368667,0.27516425,0.039521843,null,null,null,null,"TWOGAUSSIANS",8,1.9215859,0.23430899,0.0044784704,0.4,0.0,0.2818163,0.014093974,0.7316441,0.007344321,0.4,0.0,0.2474644,0.01478793
375316653866487564,6030022521937953024,0.49212462,2288.5079703385013,4.077357978595141,1.8335682E-5,18.754587,0.02139338,0.3094715,0.010113533,0.0870942,0.016722403,0.2332251,0.021135446,0.81065226,0.004663897,0.08833816,0.008835442,0.27792835,0.027778048,null,null,null,null,"TWOGAUSSIANS",8,2.7770686,0.81065226,0.004663897,0.4,0.0,0.26932433,0.024898913,0.3094715,0.010113533,0.4,0.0,0.2246211,0.017361952
375316653866487564,6030023479591787904,0.69320846,2294.4485325415667,0.21982075535556064,7.901631E-5,11.998727,0.002342146,0.29059818,0.054439936,0.14712054,0.06508627,0.009850287,0.0031556697,0.80627126,3.094464E-4,0.02453606,1.8463185E-4,0.63605475,0.0037680748,null,null,null,null,"TWOGAUSSIANS",8,35.874176,0.80627126,3.094464E-4,0.13740194,0.0010339384,0.63586974,0.003608307,0.29059818,0.054439936,0.4,0.0,0.009600456,0.0029429982
375316653866487564,6030023587046254080,0.59209347,2312.9529857259527,1.1666528509681453,1.3470568E-5,18.885828,0.005447989,0.24254823,0.0024382449,0.046518914,0.0051533654,0.16921204,0.021762472,0.7416606,0.0055628847,0.03343111,0.007874348,0.823409,0.09450151,null,null,null,null,"TWOGAUSSIANS",8,2.693578,0.7416606,0.0055628847,0.18721421,0.04409635,0.823409,0.09450154,0.24254823,0.0024382449,0.2605059,0.028858846,0.16921204,0.02176248
375316653866487564,6030023617058551680,0.58531624,2360.9366894020727,2.5312678551518855,1.7797453E-5,18.050238,0.025523964,0.24220839,0.002523859,0.11443581,0.012387829,0.22156957,0.02271701,0.74551153,0.004388181,0.09689713,0.010831359,0.28241202,0.021526523,null,null,null,null,"TWOGAUSSIANS",8,1.720206,0.74551153,0.004418301,0.4,0.0,0.25361514,0.0067179054,0.24220839,0.0025223051,0.4,0.0,0.19274169,0.007746214
375316653866487564,6030024136836553600,0.5060142,2293.9554750640723,0.9667192909122589,1.9484773E-5,18.904875,0.013369489,0.1624291,0.00511002,0.028321764,0.005508983,0.14139982,0.016731117,0.66974026,0.010835779,0.029475747,0.005452211,0.76471394,0.42195284,null,null,null,null,"TWOGAUSSIANS",8,9.832183,0.66974026,0.010835779,0.16506419,0.030532382,0.76471394,0.42195284,0.1624291,0.00511002,0.15860188,0.030850306,0.14139982,0.016731117
375316653866487564,6030024579142696064,0.5148754,2290.1252889827642,2.8307366225262838,1.1784597E-5,18.926546,0.010226405,0.29247555,0.003015461,0.074600525,0.0056880745,0.33179837,0.031104686,0.79189354,0.0063441135,0.07813167,0.0065072915,0.31495735,0.024842922,null,null,null,null,"TWOGAUSSIANS",8,2.7882931,0.29247555,0.003015461,0.4,0.0,0.3287952,0.031791925,0.79189354,0.0063441135,0.4,0.0,0.31195417,0.024946801
375316653866487564,6030025476827890304,0.51938313,2263.4513411217713,3.3581459401257034,1.7750466E-5,19.571365,0.011025181,0.29330665,0.004586801,0.07143643,0.009423528,0.3626826,0.027439648,0.78383434,0.008019212,0.086379476,0.006946329,0.33313337,0.035463527,null,null,null,null,"TWOGAUSSIANS",8,1.5109521,0.29330665,0.004586801,0.4,0.029266033,0.35892493,0.029723348,0.78383434,0.008019212,0.4,0.0,0.32937562,0.03513992
375316653866487564,6030025506820746752,0.53879726,2315.9858407723054,4.440357681310522,2.808107E-5,18.796385,0.010538094,0.265265,0.006311112,0.09051858,0.008578157,0.23232591,0.011663976,0.75136065,0.0031074153,0.085609324,0.006268606,0.23887971,0.014682012,null,null,null,null,"TWOGAUSSIANS",8,1.5805409,0.75136065,0.0031074153,0.4,0.0,0.23220971,0.014350761,0.265265,0.006311112,0.4,0.0,0.2256558,0.010148307
375316653866487564,6030025545547403264,0.56772625,2301.5426232771224,1.559961580175585,1.141819E-5,17.243855,0.031016622,0.22354916,0.0047531878,0.11663825,0.018744573,0.15609561,0.029219063,0.72462136,0.0051684785,0.11237952,0.021339092,0.16062813,0.027604695,null,null,null,null,"TWOGAUSSIANS",8,2.5809565,0.72462136,0.005186667,0.4,0.0,0.13175972,0.006813685,0.22354916,0.0047656246,0.4,0.0,0.12721144,0.0036855063
375316653866487564,6030025712973382272,0.4846558,2296.4758176304135,3.095331009585155,3.3133216E-5,15.743579,0.0078306785,0.33812958,0.0073256693,0.09494832,0.013785116,0.10844559,0.010080067,0.8389735,0.008707025,0.08183335,0.009222559,0.095858775,0.012622076,null,null,null,null,"TWOGAUSSIANS",8,21.920763,0.33812958,0.0073256693,0.4,0.0,0.104753345,0.010281751,0.8389735,0.008707025,0.4,0.0,0.09216674,0.0112386495
375316653866487564,6030026159690554752,0.55130947,2278.4859769251234,2.664196260469615,8.056174E-6,15.757648,0.011595459,0.28584033,0.0030950431,0.10451463,0.0067941127,0.20887636,0.011109038,0.7823702,0.0025174345,0.09594962,0.009187757,0.19134314,0.0077933,null,null,null,null,"TWOGAUSSIANS",8,16.477125,0.28584033,0.0030950431,0.4,0.0,0.19179249,0.004917121,0.7823702,0.0025174345,0.4,0.0,0.1742633,0.010260282
375316653866487564,6030026194013621248,0.5536626,2322.372573645539,0.13720933033051946,4.9896094E-5,16.181639,0.0010410611,0.1268168,0.021910524,0.016552,0.011123864,0.5567266,5.715366,0.38393578,0.007644844,0.014434276,0.009156014,0.040351447,1.9115791,null,null,null,null,"TWOGAUSSIANS",8,4.2422557,0.1268168,0.021910524,0.0926912,0.062293638,0.5567266,5.715366,0.38393578,0.007644844,0.080831945,0.051273677,0.040351447,1.9115791
375316653866487564,6030026194038094976,0.43939695,2294.415393056535,0.10638250125777926,4.404828E-5,19.474415,0.016254498,0.2692832,0.014085706,0.06544368,0.010561858,0.3477178,0.059874013,0.9340526,0.00467836,0.015648838,0.0047560926,0.6819613,0.7453073,0.14070122,0.01603946,0.2692832,0.014085706,"TWOGAUSSIANS_WITH_ELLIPSOIDAL_ON_ECLIPSE1",9,7.7122674,0.9340526,0.00467836,0.0876335,0.026634118,0.75500435,0.7467416,0.2692832,0.014085706,0.3664846,0.059146408,0.6288871,0.059059817
375316653866487564,6030026675081457536,0.46098718,2274.6829414041167,3.255694642254088,4.1289957E-5,19.020136,0.32843137,0.31814596,0.017934946,0.09311397,0.060216364,0.2529558,0.31450877,0.7924117,0.021636335,0.10309652,0.11359627,0.3037551,0.2720788,null,null,null,null,"TWOGAUSSIANS",8,12.055271,0.7924117,0.021636335,0.4,0.0028435285,0.288401,0.060860094,0.31815597,0.018021496,0.4,0.0,0.23760946,0.08239046
375316653866487564,6030026816858472576,0.50113124,2283.2459096102552,0.22252365280164954,1.6001014E-4,18.22472,0.16262771,0.22624676,0.0305838,0.07421002,0.20350438,0.10502366,0.13178176,0.7039134,0.045569077,0.07437555,0.051690705,0.8223164,4.055022,null,null,null,null,"TWOGAUSSIANS",8,31.04972,0.7039134,0.045569077,0.4,0.25505435,0.8211522,4.060015,0.22624676,0.0305838,0.4,0.18397595,0.10385949,0.08427547
375316653866487564,6030026816905517824,0.4947241,2310.672935280171,4.456616355618441,1.3199163E-4,18.790016,0.0054123737,0.440588,0.017032316,0.023449004,0.010509083,0.5398236,0.35427263,0.76461715,0.015088331,0.034390397,0.01745362,0.19237536,0.1299357,null,null,null,null,"TWOGAUSSIANS",8,1.6432166,0.440588,0.017032316,0.13131443,0.058850866,0.5398236,0.35427263,0.76461715,0.015088331,0.19258621,0.09774027,0.19237536,0.1299357
375316653866487564,6030026881208371328,0.4390598,2291.5303096747925,0.08717499380129293,6.5057015E-5,17.544788,0.2861538,0.24683294,0.030761467,0.12441344,0.20619692,0.11827939,0.27082992,0.7209733,0.089568555,0.06376697,0.07423494,0.1974922,0.13549346,null,null,null,null,"TWOGAUSSIANS",8,22.098154,0.7209733,0.0896436,0.35709503,0.3663368,0.1923265,0.032443505,0.24683294,0.030761467,0.4,0.0,0.113015085,0.021693405
375316653866487564,6030027297894765440,0.5145203,2275.9584110038845,3.453962517108172,1.532701E-5,19.024872,0.018232005,0.30746624,0.005917344,0.09926098,0.008536204,0.4508348,0.028345555,0.7961734,0.0026793124,0.08632051,0.005543088,0.43166205,0.02224615,null,null,null,null,"TWOGAUSSIANS",8,2.701611,0.30746624,0.005917344,0.4,0.0,0.43102473,0.02894726,0.7961734,0.0026793124,0.4,0.0,0.4118552,0.020593822
375316653866487564,6030027435332922752,0.42631897,2322.0890140555043,0.01337481833812984,4.6930658E-5,19.1034,0.0110060135,0.17432716,0.012472289,0.0711424,0.022769568,0.12373507,0.02202731,0.65022594,0.009710646,0.041462436,0.0071023456,0.051090512,0.016019545,null,null,null,null,"TWOGAUSSIANS",8,2.5133631,0.17432716,0.012472289,0.39839742,0.081973016,0.12373166,0.022041276,0.65022594,0.009710646,0.23218966,0.039773136,0.051087104,0.016005533
375316653866487564,6030027744570855680,0.522671,2303.678661911325,2.538950468197545,1.1938222E-5,19.444046,0.017921032,0.31752604,0.0056647668,0.081292495,0.007262895,0.4176984,0.023861036,0.8108079,0.0040006856,0.06829242,0.006656279,0.46637475,0.027268294,null,null,null,null,"TWOGAUSSIANS",8,2.6250114,0.8108079,0.0040006856,0.38243753,0.036103353,0.46355638,0.027151067,0.31752604,0.0056647668,0.4,0.0,0.41488004,0.023119021
375316653866487564,6030027843281231488,0.65114325,2295.505690675277,1.4105452741998987,2.507078E-6,16.455479,0.0038745175,0.2745443,0.0013132899,0.08572714,0.0016294828,0.37398303,0.0048741656,0.7709347,0.0013831181,0.09195851,0.0029672,0.29221413,0.010934819,null,null,null,null,"TWOGAUSSIANS",8,4.504197,0.2745443,0.0013132899,0.4,0.0,0.3621522,0.004034813,0.7709347,0.0013831181,0.4,0.0,0.28038308,0.01207946
375316653866487564,6030027882009879168,0.5988434,2299.074755086646,1.9709884971309013,6.667459E-6,18.658226,0.004942836,0.28720537,0.0017258355,0.0506101,0.0047017788,0.16055493,0.013511976,0.7925673,0.0029530998,0.033092566,0.0072755218,0.13773976,0.010088237,0.10647733,0.007117945,0.28720537,0.0017258355,"TWOGAUSSIANS_WITH_ELLIPSOIDAL_ON_ECLIPSE1",9,1.1987454,0.28720537,0.0017258355,0.28341657,0.02632996,0.37350854,0.008508107,0.7925673,0.0029530998,0.18531837,0.040742923,0.35045177,0.010082006
375316653866487564,6030028053808449920,0.47006047,2268.581731907697,3.73312328795624,4.032156E-5,19.659185,0.026677446,0.23741491,0.0071970574,0.06377804,0.008629608,0.40269393,0.025727326,0.74688655,0.016554864,0.05245242,0.03395055,0.40150645,0.26169834,null,null,null,null,"TWOGAUSSIANS",8,6.3651624,0.23741491,0.0071970574,0.35715705,0.048325803,0.40264007,0.024933774,0.74688655,0.016554864,0.29373354,0.1509141,0.4014526,0.26274428
375316653866487564,6030028156926382976,0.5289871,2274.4178677542427,2.1424041403375527,8.3201685E-6,19.513773,0.008699324,0.21797174,0.006158228,0.05365746,0.008139583,0.30843592,0.0190599,0.70904493,0.002754307,0.036483213,0.0030393875,0.7813302,0.06684618,null,null,null,null,"TWOGAUSSIANS",8,2.188861,0.70904493,0.002754307,0.20430599,0.01702057,0.7813301,0.06684636,0.21797174,0.006158228,0.30048177,0.045581665,0.3084358,0.019059949
375316653866487564,6030028294331865088,0.44889635,2283.206455679637,3.0376525001310095,2.7908569E-5,18.921099,0.43090042,0.2923984,0.0068767797,0.13850659,0.12591338,0.28818342,0.40957052,0.79896605,0.0065589915,0.10014332,0.04569472,0.3205855,0.31641224,null,null,null,null,"TWOGAUSSIANS",8,6.363717,0.799076,0.0061116936,0.4,0.0,0.2593104,0.038687382,0.2923984,0.006900766,0.4,0.0,0.22604626,0.02951987
375316653866487564,6030028667939284352,0.45937464,2291.8864040630992,2.408505146926897,6.745408E-5,19.200706,0.020794136,0.21948422,0.013745383,0.085689984,0.018619526,0.30577144,0.044897243,0.70706,0.008014355,0.07010996,0.01017245,0.36916557,0.07848459,null,null,null,null,"TWOGAUSSIANS",8,9.411088,0.70706,0.008014355,0.3926158,0.04773302,0.36620557,0.079251975,0.21948422,0.013745383,0.4,0.0,0.3028114,0.045933716
375316653866487564,6030028878442826240,0.49051955,2260.8541947022422,2.5278220239142266,2.121769E-5,19.648607,0.009413469,0.25487196,0.010911305,0.097145095,0.009436477,0.24144658,0.016706623,0.74600935,0.0062701055,0.07140818,0.008901722,0.26036412,0.016305225,null,null,null,null,"TWOGAUSSIANS",8,1.3543304,0.74600935,0.0062701055,0.3998858,0.032975066,0.25520578,0.01699802,0.25487196,0.010911305,0.4,0.0,0.2362873,0.015990864
375316653866487564,6030028942817144192,0.5249107,2287.675432925442,0.9999497067589377,2.7139347E-5,18.362995,0.005127934,0.21138717,0.012130915,0.060494523,0.012165248,0.074095756,0.017615331,0.7218717,0.009938947,0.050542362,0.00684147,0.329278,0.007426325,null,null,null,null,"TWOGAUSSIANS",8,4.738907,0.7218717,0.009938947,0.28303725,0.03831223,0.32927063,0.007425398,0.21138717,0.012130915,0.33876935,0.06812539,0.07408839,0.017620312
375316653866487564,6030029011509697024,0.5717825,2321.2044477983377,2.2046778146889547,1.5276582E-5,16.424025,0.028103482,0.2379645,0.0033109228,0.057192434,0.018333483,0.14343286,0.053691886,0.737343,0.0037242798,0.06464904,0.012503284,0.15671009,0.05542769,0.071178816,0.029604672,0.2379645,0.0033109228,"TWOGAUSSIANS_WITH_ELLIPSOIDAL_ON_ECLIPSE1",9,18.234037,0.737483,0.0027072167,0.36203462,0.07001839,0.29897052,0.011139825,0.2379645,0.0033109228,0.32027763,0.10266751,0.28569496,0.0075652036
375316653866487564,6030029668755774592,0.5721512,2326.6809684599075,0.47633594849442157,1.784348E-5,16.967583,0.0026360503,0.25924772,0.009780633,0.024663197,0.007400522,0.0456041,0.010505415,0.75660557,0.00288537,0.031941038,0.0037935888,0.27996892,0.012471127,0.012830398,0.0036140573,0.25924772,0.009780633,"TWOGAUSSIANS_WITH_ELLIPSOIDAL_ON_ECLIPSE1",9,4.741173,0.75662553,0.0028640567,0.1788698,0.021244098,0.30562264,0.013578035,0.25924772,0.009780633,0.1381139,0.041442923,0.07126483,0.0077096
375316653866487564,6030030252835833472,0.43711755,2275.878911335726,0.05589943241719111,4.396196E-5,19.630964,0.12392357,0.22646967,0.011790276,0.1296618,0.04125521,0.21168616,0.12062903,0.76970726,0.031390894,0.09825013,0.056721475,0.21442795,0.12869112,null,null,null,null,"TWOGAUSSIANS",8,2.1373453,0.77018726,0.030808436,0.4,0.0,0.19032227,0.06330943,0.22644967,0.011457471,0.4,0.0,0.18712212,0.027885647
375316653866487564,6030030424634605440,0.46807018,2291.7602803276295,3.2762737601810787,2.8792318E-5,19.30497,0.03479022,0.2919676,0.016888054,0.115630746,0.032898407,0.18518755,0.03578478,0.79795563,0.0074658883,0.07616842,0.017077042,0.21933772,0.034336988,null,null,null,null,"TWOGAUSSIANS",8,3.3483849,0.79796565,0.007464935,0.4,0.0067759715,0.20750251,0.023140632,0.2919676,0.016888054,0.4,0.0,0.17331932,0.02822094
375316653866487564,6030030733907756416,0.52510375,2319.0404318500605,4.345978656129035,1.7363283E-5,18.751198,0.0342119,0.2648713,0.0047557172,0.10838569,0.016912073,0.22616781,0.030488942,0.7542054,0.003253509,0.08688218,0.009930751,0.3378197,0.031738028,null,null,null,null,"TWOGAUSSIANS",8,3.304868,0.7542054,0.003253509,0.4,0.0,0.3203849,0.018880751,0.2648713,0.0047557172,0.4,0.0,0.20872118,0.018596679
