Gaia/vari_eclipsing_binary/VariEclipsingBinary_674093-674120.csv
# %ECSV 1.0
# ---
# delimiter: ','
# meta: !!omap
# - RELEASE: Gaia DR3
# - TABLE: vari_eclipsing_binary
# - DESCRIPTION: >
#     This table describes the properties of the eclipsing binaries resulting from the variability analysis. 
# - CITATION: >
#     How to cite and acknowledge Gaia: 
#     https://gea.esac.esa.int/archive/documentation/credits.html 
# - KNOWN_ISSUES: >
#     Known issues: 
#     https://www.cosmos.esa.int/web/gaia-users/known-issues 
# - DOCUMENTATION: >
#     Tutorials and documentation: 
#     https://www.cosmos.esa.int/web/gaia-users/archive 
# datatype:
# - 
#   name: solution_id
#   datatype: int64
#   description: Solution Identifier
#   meta:
#     ucd: meta.version
# - 
#   name: source_id
#   datatype: int64
#   description: Unique source identifier
#   meta:
#     ucd: meta.id;meta.main
# - 
#   name: global_ranking
#   datatype: float32
#   description: Number between 0 (worst) and 1 (best)
#   meta:
#     ucd: stat.param
# - 
#   name: reference_time
#   datatype: float64
#   unit: d
#   description: Reference time used for the geometric model fit
#   meta:
#     ucd: time.epoch
# - 
#   name: frequency
#   datatype: float64
#   unit: d**-1
#   description: Frequency of geometric model of the eclipsing binary light curve
#   meta:
#     ucd: src.orbital
# - 
#   name: frequency_error
#   datatype: float32
#   unit: d**-1
#   description: "Uncertainty of \\texttt{frequency}"
#   meta:
#     ucd: stat.error
# - 
#   name: geom_model_reference_level
#   datatype: float32
#   unit: mag
#   description: Magnitude reference level of geometric model
#   meta:
#     ucd: phot.mag;em.opt
# - 
#   name: geom_model_reference_level_error
#   datatype: float32
#   unit: mag
#   description: "Uncertainty of \\texttt{geomModelReferenceLevel}"
#   meta:
#     ucd: stat.error;phot.mag;em.opt
# - 
#   name: geom_model_gaussian1_phase
#   datatype: float32
#   description: Phase of the Gaussian 1 component
#   meta:
#     ucd: time.phase
# - 
#   name: geom_model_gaussian1_phase_error
#   datatype: float32
#   description: "Uncertainty of \\texttt{geomModelGaussian1Phase}"
#   meta:
#     ucd: stat.error;time.phase
# - 
#   name: geom_model_gaussian1_sigma
#   datatype: float32
#   description: "Standard deviation [phase] of Gaussian 1 component"
#   meta:
#     ucd: stat.stdev
# - 
#   name: geom_model_gaussian1_sigma_error
#   datatype: float32
#   description: "Uncertainty of \\texttt{geomModelGaussian1Sigma}"
#   meta:
#     ucd: stat.error
# - 
#   name: geom_model_gaussian1_depth
#   datatype: float32
#   unit: mag
#   description: Magnitude depth of Gaussian 1 component
#   meta:
#     ucd: src.var.amplitude
# - 
#   name: geom_model_gaussian1_depth_error
#   datatype: float32
#   unit: mag
#   description: "Uncertainty of \\texttt{geomModelGaussian1Depth}"
#   meta:
#     ucd: stat.error;src.var.amplitude
# - 
#   name: geom_model_gaussian2_phase
#   datatype: float32
#   description: Phase of Gaussian 2 component
#   meta:
#     ucd: time.phase
# - 
#   name: geom_model_gaussian2_phase_error
#   datatype: float32
#   description: "Uncertainty of \\texttt{geomModelGaussian2Phase}"
#   meta:
#     ucd: stat.error;time.phase
# - 
#   name: geom_model_gaussian2_sigma
#   datatype: float32
[...]
#   datatype: float32
#   description: "Secondary eclipse: uncertainty of \\texttt{derivedSecondaryEclDuration}"
#   meta:
#     ucd: stat.error;time.duration
# - 
#   name: derived_secondary_ecl_depth
#   datatype: float32
#   unit: mag
#   description: "Secondary eclipse: depth"
#   meta:
#     ucd: src.var.amplitude
# - 
#   name: derived_secondary_ecl_depth_error
#   datatype: float32
#   unit: mag
#   description: "Secondary eclipse: uncertainty of \\texttt{derivedSecondaryEclDepth}"
#   meta:
#     ucd: stat.error;src.var.amplitude
solution_id,source_id,global_ranking,reference_time,frequency,frequency_error,geom_model_reference_level,geom_model_reference_level_error,geom_model_gaussian1_phase,geom_model_gaussian1_phase_error,geom_model_gaussian1_sigma,geom_model_gaussian1_sigma_error,geom_model_gaussian1_depth,geom_model_gaussian1_depth_error,geom_model_gaussian2_phase,geom_model_gaussian2_phase_error,geom_model_gaussian2_sigma,geom_model_gaussian2_sigma_error,geom_model_gaussian2_depth,geom_model_gaussian2_depth_error,geom_model_cosine_half_period_amplitude,geom_model_cosine_half_period_amplitude_error,geom_model_cosine_half_period_phase,geom_model_cosine_half_period_phase_error,model_type,num_model_parameters,reduced_chi2,derived_primary_ecl_phase,derived_primary_ecl_phase_error,derived_primary_ecl_duration,derived_primary_ecl_duration_error,derived_primary_ecl_depth,derived_primary_ecl_depth_error,derived_secondary_ecl_phase,derived_secondary_ecl_phase_error,derived_secondary_ecl_duration,derived_secondary_ecl_duration_error,derived_secondary_ecl_depth,derived_secondary_ecl_depth_error
[from data line 366]
375316653866487564,5929513857518716672,0.6384241,2196.0877899062016,2.670994374640882,7.174678E-6,16.67417,0.015729332,0.2131243,0.003843157,0.050973862,0.00840891,0.45933983,0.09660452,0.7094962,0.0014225389,0.042775698,0.0033578854,0.5036837,0.028108822,0.112534344,0.019201295,0.2131243,0.003843157,"TWOGAUSSIANS_WITH_ELLIPSOIDAL_ON_ECLIPSE1",9,24.228968,0.7097162,0.0012771016,0.2395439,0.018804159,0.72863954,0.013638488,0.2131243,0.003843157,0.28545362,0.047089893,0.68440557,0.10871186
375316653866487564,5929513896198123648,0.5243825,2192.7642234775512,4.935112903823035,9.396328E-5,19.634018,0.0051361965,0.4697057,0.060401835,0.038539022,0.043842662,0.42132166,9.977099E19,0.81936985,0.0016420506,0.01634089,0.0015106957,0.5428579,0.062893376,null,null,null,null,"TWOGAUSSIANS",8,1.6318514,0.81936985,0.0016420506,0.091508985,0.008459896,0.5428579,0.062893376,0.4697057,0.060401835,0.21581852,0.24551891,0.42132166,9.977099E19
375316653866487564,5929513994957662592,0.43341222,2224.6222678210565,1.9415013419579747,2.0514304E-5,18.34129,0.015928702,0.1796926,0.003638205,0.05207655,0.0053755427,0.25011203,0.015817508,0.66851103,0.008135265,0.044771865,0.007893074,0.25870872,0.082305886,null,null,null,null,"TWOGAUSSIANS",8,23.348347,0.66851103,0.008135265,0.25072244,0.044201214,0.25870827,0.08230613,0.1796926,0.003638205,0.29162866,0.030103039,0.25011155,0.015817057
375316653866487564,5929514067996774016,0.49139467,2236.970766177379,4.612668905862909,6.8681096E-5,19.55052,0.0095740445,0.38488317,0.060279578,0.07302741,0.046575565,0.20670977,0.026299966,0.5592191,0.008579625,0.047942836,0.03690703,0.25219136,2.88766,null,null,null,null,"TWOGAUSSIANS",8,2.374066,0.5592191,0.008579625,0.26847988,0.20667936,0.26415405,2.9879522,0.38558316,0.058982413,0.4,0.055028703,0.2070579,0.027013607
375316653866487564,5929514274177996032,0.5142307,2210.402762283203,4.141028032452007,1.7670855E-5,17.98592,0.015745975,0.24027473,0.004423522,0.07915171,0.013652872,0.23655076,0.020595197,0.7223692,0.00458698,0.09380448,0.010037091,0.19107084,0.017331704,null,null,null,null,"TWOGAUSSIANS",8,6.489726,0.24027473,0.004423522,0.4,0.0,0.23181926,0.02340866,0.7223692,0.00458698,0.4,0.0,0.18633895,0.014200461
375316653866487564,5929514720854581632,0.51519537,2241.13150183622,1.3385024923822515,1.7770712E-5,18.822645,0.008119614,0.18046787,0.0058267643,0.071699224,0.008337249,0.33495548,0.018391823,0.67247695,0.009791323,0.06474119,0.009825399,0.44155785,0.054343265,null,null,null,null,"TWOGAUSSIANS",8,5.2245126,0.67247695,0.009791323,0.36255065,0.04777502,0.44081354,0.055008456,0.18046787,0.0058267643,0.4,0.022228934,0.33421114,0.018721873
375316653866487564,5929515128853630080,0.49502647,2221.9836428624412,2.87168487956899,2.4834982E-5,18.41671,0.029159606,0.23883252,0.012647894,0.08099044,0.02396351,0.28194195,0.048189383,0.7296288,0.011161758,0.09420072,0.018106481,0.25857112,0.0293016,null,null,null,null,"TWOGAUSSIANS",8,12.094712,0.23883252,0.012647894,0.4,0.02192786,0.274092,0.057115167,0.7296288,0.011161758,0.4,0.0,0.25072074,0.021758871
375316653866487564,5929516125261487616,0.61213225,2262.322144935824,2.6203908813229795,8.084222E-6,16.824215,0.025486102,0.2386266,0.0022332245,0.045025956,0.010888016,0.19192837,0.042594187,0.7383169,0.013139807,0.049561854,0.023164285,0.2253132,0.04023506,0.10791512,0.027979752,0.2386266,0.0022332245,"TWOGAUSSIANS_WITH_ELLIPSOIDAL_ON_ECLIPSE1",9,13.462186,0.7383669,0.012901135,0.2775464,0.122123115,0.44114187,0.0818507,0.2386266,0.0022332245,0.25214535,0.060972888,0.40775773,0.01582356
375316653866487564,5929516748081965824,0.5832569,2203.34177473043,2.367190986512435,5.7327434E-6,18.072748,0.018062418,0.16999353,0.002204688,0.044344842,0.006522045,0.28357974,0.08492486,0.67207587,0.009687082,0.04401932,0.012677769,0.30605358,0.09079492,0.15281501,0.036742393,0.16999353,0.002204688,"TWOGAUSSIANS_WITH_ELLIPSOIDAL_ON_ECLIPSE1",9,6.9400134,0.67207587,0.009687082,0.24650818,0.07099551,0.61163116,0.1015423,0.16999353,0.002204688,0.24833113,0.03652345,0.5892096,0.07410665
375316653866487564,5929516851164050688,0.45538703,2211.7841598231935,2.146076917461816,5.140027E-5,19.554462,0.0179586,0.14411354,0.017870186,0.09133343,0.023170244,0.16082327,0.030250557,0.6380213,0.009455683,0.07845588,0.014943121,0.22699986,0.022050554,null,null,null,null,"TWOGAUSSIANS",8,2.8872964,0.6380213,0.009455683,0.4,0.0,0.22259094,0.021938283,0.14411354,0.017870186,0.4,0.0,0.15641424,0.029579777
375316653866487564,5929516885501384832,0.4847393,2213.303737620819,2.6721037727965267,1.4798894E-5,19.709526,0.010040301,0.33849755,0.0025164858,0.030378975,0.0021834613,0.40711766,0.036428567,0.8291533,0.0035179204,0.037869524,0.0027189343,0.31056157,0.02330121,null,null,null,null,"TWOGAUSSIANS",8,3.3363366,0.33849755,0.0025164858,0.17012225,0.012227384,0.40711766,0.036428567,0.8291533,0.0035179204,0.21206933,0.015226032,0.31056157,0.02330121
375316653866487564,5929516954240399488,0.48346487,2221.3144151984316,1.7297275288646825,2.5518302E-5,17.59043,0.018238122,0.16317402,0.012474125,0.10459498,0.02465285,0.1012081,0.017349385,0.6703549,0.0074424287,0.08794394,0.024296343,0.12519018,0.014116857,null,null,null,null,"TWOGAUSSIANS",8,4.949673,0.6703549,0.00745982,0.4,0.0,0.11829479,0.018697742,0.16317402,0.012472564,0.4,0.0,0.09431041,0.0053124474
375316653866487564,5929517503976800128,0.58005583,2220.955102812894,2.845004744402426,8.675173E-6,18.521257,0.008678677,0.25408882,0.0023084253,0.038526766,0.003603225,0.25846237,0.031022597,0.74926025,0.0013496417,0.04833609,0.002983132,0.35211498,0.017169058,0.13126671,0.0100624375,0.25408882,0.0023084253,"TWOGAUSSIANS_WITH_ELLIPSOIDAL_ON_ECLIPSE1",9,5.2435822,0.74984026,0.0010111722,0.2706821,0.01670554,0.6144356,0.011794268,0.25408882,0.0023084253,0.21574989,0.020178061,0.5209954,0.023872925
375316653866487564,5929518152491245824,0.47559327,2201.778508462085,2.907636666163834,2.6294942E-5,18.96732,0.0047441414,null,null,null,null,null,null,null,null,null,null,null,null,0.11688477,0.006589334,0.25559273,0.004139124,"ELLIPSOIDAL",4,5.642892,null,null,null,null,null,null,null,null,null,null,null,null
375316653866487564,5929518397349529344,0.5099076,2223.1154493562185,2.386995361360655,3.5047702E-5,17.346668,0.038354572,0.20176715,0.006539999,0.050632913,0.013461346,0.3026058,0.08925911,0.7237337,0.016964786,0.015604878,0.044626012,0.72209287,7.268399,0.08707895,0.05225216,0.20176715,0.006539999,"TWOGAUSSIANS_WITH_ELLIPSOIDAL_ON_ECLIPSE1",9,34.860752,0.7237337,0.016964786,0.087387316,0.24990566,0.8929523,7.3308997,0.20176715,0.006539999,0.2835443,0.07538354,0.4767619,0.028883366
375316653866487564,5929518397349531520,0.44003335,2216.6863022267034,0.06447118367671965,4.4183034E-5,16.999962,0.007368391,0.29407734,0.013400304,0.043014508,0.01032691,0.45580885,0.57484925,0.79179233,0.027704095,0.09524824,0.03213071,0.058518987,0.011115222,null,null,null,null,"TWOGAUSSIANS",8,5.721509,0.29407734,0.013400304,0.24088125,0.057830695,0.45554605,0.57494724,0.79179233,0.027704095,0.4,0.0,0.058256086,0.011185228
375316653866487564,5929518569148235264,0.5146359,2191.1207271798853,0.7011623261694688,1.0700352E-5,18.070799,0.018688276,0.12671897,0.0016872392,0.011737043,0.0014185135,0.75903517,0.10464338,0.36511606,0.0054021846,0.038917523,0.0074311593,0.2883513,0.047872253,0.0722836,0.036031906,0.12671897,0.0016872392,"TWOGAUSSIANS_WITH_ELLIPSOIDAL_ON_ECLIPSE1",9,49.56076,0.12671897,0.0016872392,0.065727435,0.007943675,0.90360224,0.11488982,0.36511606,0.0054021846,0.21793813,0.04161449,0.28911814,0.048243407
375316653866487564,5929519256342987776,0.6294971,2180.8133276438284,1.3183834806053443,5.7394022E-6,16.735441,0.006329198,0.21964966,0.0026739647,0.03407201,0.005148593,0.23569168,0.016980829,0.7154206,0.0015718933,0.038834356,0.0011241619,0.9386086,0.036306996,0.07261101,0.00874305,0.21964966,0.0026739647,"TWOGAUSSIANS_WITH_ELLIPSOIDAL_ON_ECLIPSE1",9,26.675175,0.7155006,0.0015353039,0.21747239,0.0062953066,1.0837297,0.033288483,0.21964966,0.0026739647,0.19080326,0.028832119,0.3809135,0.014317937
375316653866487564,5929519325062454784,0.46651155,2183.2413887239222,4.066042938638294,4.3064578E-5,18.175007,0.003871386,0.23646343,2.7570815E-4,0.01638577,7.3353614E-4,0.4278009,0.027115976,0.80122226,1.6173153E-4,0.01215834,4.3602506E-4,0.17824247,0.006441626,null,null,null,null,"TWOGAUSSIANS",8,6.65374,0.23646343,2.7570815E-4,0.091760315,0.0041078026,0.4278009,0.027115976,0.80122226,1.6173153E-4,0.068086706,0.0024417404,0.17824247,0.006441626
375316653866487564,5929519393781948928,0.5502209,2189.604345617924,2.56618488543813,1.5904838E-5,15.145631,0.022155749,0.2805407,0.0038010282,0.10467501,0.009871802,0.26400957,0.020407332,0.78383666,0.0021816192,0.10435681,0.010528772,0.24999219,0.018062538,null,null,null,null,"TWOGAUSSIANS",8,90.80801,0.2805407,0.0038010282,0.4,0.0,0.23570426,0.009134581,0.78383666,0.0021816192,0.4,0.0,0.22168759,0.009787217
375316653866487564,5929520218396637952,0.6327217,2184.491835198723,0.5922452954232577,2.347496E-6,17.779472,0.0017418208,0.31223038,0.0010318757,0.050118137,9.334627E-4,0.43084162,0.00531814,0.8118558,0.004986453,0.06282908,0.0038570669,0.11432804,0.007146964,null,null,null,null,"TWOGAUSSIANS",8,1.5735173,0.31223038,0.0010318757,0.28066155,0.005227391,0.4308196,0.005315725,0.8118558,0.004986453,0.35184282,0.021599574,0.114305995,0.0071483105
375316653866487564,5929521519742548352,0.6100281,2189.4023035753753,1.2584857784807078,1.1173308E-5,17.05876,0.008977096,0.25089774,0.0037360103,0.11298059,0.00922774,0.16116793,0.008669473,0.7514768,0.0017926432,0.08793845,0.003813683,0.2960653,0.008690981,null,null,null,null,"TWOGAUSSIANS",8,3.1226985,0.7514768,0.0017926432,0.4,0.0,0.27766597,0.0071122246,0.25089774,0.0037360103,0.4,0.0,0.14275065,0.0036958074
375316653866487564,5929521794646946944,0.5415707,2201.480419967298,3.2187536748114907,1.2265254E-5,18.875683,0.021678435,0.23600776,0.012890617,0.09379736,0.016636565,0.6235403,0.05546461,0.73853457,0.0026549737,0.0753437,0.004398654,0.5338845,0.023707023,null,null,null,null,"TWOGAUSSIANS",8,8.039581,0.23600776,0.012890617,0.4,0.0,0.6095295,0.057078563,0.73853457,0.0026549737,0.4,0.0,0.51987463,0.017567934
375316653866487564,5929521867664366720,0.5783772,2175.194845499842,1.702104478417918,8.73166E-6,17.910162,0.0027070355,0.20463546,0.0030252433,0.070930764,0.0062117553,0.18805735,0.0076653697,0.7052291,0.0025192131,0.05806548,0.0028233726,0.2895269,0.00958499,null,null,null,null,"TWOGAUSSIANS",8,2.1665118,0.7052291,0.0025192131,0.3251667,0.015810886,0.28928378,0.009605357,0.20463546,0.0030252433,0.39721227,0.017026238,0.18781422,0.0077796434
375316653866487564,5929522039481937024,0.56378907,2217.445350905044,3.09698511876992,1.860121E-5,15.230195,0.007604061,0.2808804,0.0024656712,0.07626129,0.0051050824,0.28553134,0.011527904,0.7938945,0.0042558843,0.08062354,0.0042901016,0.3670032,0.009903448,null,null,null,null,"TWOGAUSSIANS",8,119.049065,0.7938945,0.0042558843,0.4,0.0,0.3639101,0.009110291,0.2808804,0.0024656712,0.4,0.0,0.28243825,0.011772422
375316653866487564,5929522451780059392,0.57649547,2222.481046517686,3.236117447811964,1.2894761E-5,18.575756,0.01710479,0.22444198,0.0022303504,0.079175524,0.004211734,0.5006626,0.015895138,0.72365594,0.0088137165,0.09376092,0.010150169,0.57522404,0.055648543,null,null,null,null,"TWOGAUSSIANS",8,5.578795,0.72365594,0.0088137165,0.4,0.0,0.5589747,0.058536887,0.22444198,0.0022303504,0.4,0.0,0.484414,0.011534322
375316653866487564,5929522554859473152,0.55269617,2216.071147779209,2.559141727568281,1.599024E-5,18.605549,0.016310751,0.26331577,0.0026786563,0.10326864,0.010563815,0.2391706,0.023597116,0.761216,0.0056367116,0.10523398,0.010664253,0.24162485,0.015728505,null,null,null,null,"TWOGAUSSIANS",8,1.7604135,0.761216,0.0056367116,0.4,0.0,0.2151607,0.008748232,0.26331577,0.0026763554,0.4,0.0,0.21270862,0.027754065
375316653866487564,5929522859798372480,0.46225697,2214.858602168722,2.9129163756912173,7.052635E-5,19.52733,0.37282196,0.24434581,0.02003323,0.11319096,0.07185467,0.20662715,0.31993547,0.76743555,0.014227488,0.116540186,0.122313745,0.2317871,0.34068286,null,null,null,null,"TWOGAUSSIANS",8,3.0630643,0.76748556,0.013785991,0.4,0.030059425,0.19904321,0.03089986,0.24425583,0.017580474,0.4,0.0,0.17391299,0.022469115
375316653866487564,5929522932835223680,0.6279025,2206.952096398945,2.188647515150546,8.066473E-6,16.690435,0.007842382,0.28271776,0.0016444114,0.06583501,0.007841447,0.1341952,0.014302241,0.789072,0.0066392813,0.04847334,0.008897009,0.090937555,0.017785296,0.076463364,0.008776952,0.28271776,0.0016444114,"TWOGAUSSIANS_WITH_ELLIPSOIDAL_ON_ECLIPSE1",9,3.3973026,0.28271776,0.0016444114,0.36867607,0.043912105,0.28702343,0.011159888,0.789072,0.0066392813,0.2714507,0.04982325,0.24352215,0.008839829
375316653866487564,5929523203371791104,0.49333915,2206.276320898438,4.286941680194892,4.0664043E-5,18.523016,0.012464519,0.23877451,0.0118962405,0.053028345,0.016978132,0.6495587,0.07453057,0.7247046,0.006842352,0.06306041,0.009402811,0.69430715,0.08624194,null,null,null,null,"TWOGAUSSIANS",8,34.88897,0.7247046,0.006842352,0.3531383,0.05265574,0.6942331,0.0863227,0.23877451,0.0118962405,0.29695874,0.09507754,0.6494847,0.075033344
375316653866487564,5929523448212300416,0.48480362,2212.875555227046,0.057374274991962314,3.4077577E-5,18.841818,0.0067841494,0.2662087,0.007525515,0.078378916,0.007029123,0.24669902,0.022808282,0.7499531,0.0051682764,0.06413443,0.0040802145,0.20235027,0.010471346,null,null,null,null,"TWOGAUSSIANS",8,3.1979632,0.2662087,0.007525515,0.4,0.0,0.24606396,0.022921747,0.7499531,0.0051682764,0.3591528,0.0228492,0.20171522,0.010272761
375316653866487564,5929523482572112000,0.44421375,2219.812397774403,0.03199254247572565,2.6140306E-6,17.326054,0.0032061283,0.27886218,7.2049256E-4,0.0056805406,5.875022E-4,0.071485825,0.0038385477,0.732715,0.009911645,0.06375486,0.011147642,0.13864088,0.012197684,null,null,null,null,"TWOGAUSSIANS",8,5.086037,0.732715,0.009911645,0.3570272,0.05714547,0.13864088,0.012197684,0.27886218,7.2049256E-4,0.031811025,0.0032900122,0.071485825,0.0038385475
375316653866487564,5929523791810064384,0.5512185,2196.2527572918043,2.383145653885088,7.103772E-6,19.465279,0.024331419,0.15815149,0.0018375836,0.05579409,0.005559992,0.6073942,0.061610684,0.6596105,0.0016272275,0.053375024,0.0032482904,0.7605939,0.030869953,null,null,null,null,"TWOGAUSSIANS",8,4.8596206,0.6596105,0.0016272275,0.29890013,0.018190427,0.76055837,0.030857598,0.15815149,0.0018375836,0.3124469,0.031135956,0.60735875,0.061638877
375316653866487564,5929525063139057152,0.4669845,2183.2218167590477,2.76972288537252,1.8152803E-5,15.776067,0.24056277,0.2533006,0.005259633,0.12712583,0.06634314,0.21739273,0.22521454,0.7534292,0.005287453,0.1329302,0.068790495,0.21590844,0.2322792,null,null,null,null,"TWOGAUSSIANS",8,79.28677,0.2533006,0.0053570587,0.4,0.0,0.14960769,0.013719657,0.7534292,0.005321321,0.4,0.0,0.14794788,0.012927245
375316653866487564,5929526334449667840,0.6473789,2178.6278767821655,1.3999634460846162,3.103011E-6,14.339145,0.009507471,0.23555441,0.0050772233,0.06925711,0.014702911,0.039692022,0.020275475,0.7252725,0.0026855671,0.05793354,0.006226292,0.36635154,0.038285263,0.051206566,0.010969064,0.7252725,0.0026855671,"TWOGAUSSIANS_WITH_ELLIPSOIDAL_ON_ECLIPSE2",9,17.391817,0.7252725,0.0026855671,0.3244278,0.034867235,0.46869698,0.050335262,0.2304644,0.0020070886,0.38783982,0.07239667,0.14182144,0.0029241461
