Gaia/vari_eclipsing_binary/VariEclipsingBinary_488554-488627.csv
# %ECSV 1.0
# ---
# delimiter: ','
# meta: !!omap
# - RELEASE: Gaia DR3
# - TABLE: vari_eclipsing_binary
# - DESCRIPTION: >
#     This table describes the properties of the eclipsing binaries resulting from the variability analysis. 
# - CITATION: >
#     How to cite and acknowledge Gaia: 
#     https://gea.esac.esa.int/archive/documentation/credits.html 
# - KNOWN_ISSUES: >
#     Known issues: 
#     https://www.cosmos.esa.int/web/gaia-users/known-issues 
# - DOCUMENTATION: >
#     Tutorials and documentation: 
#     https://www.cosmos.esa.int/web/gaia-users/archive 
# datatype:
# - 
#   name: solution_id
#   datatype: int64
#   description: Solution Identifier
#   meta:
#     ucd: meta.version
# - 
#   name: source_id
#   datatype: int64
#   description: Unique source identifier
#   meta:
#     ucd: meta.id;meta.main
# - 
#   name: global_ranking
#   datatype: float32
#   description: Number between 0 (worst) and 1 (best)
#   meta:
#     ucd: stat.param
# - 
#   name: reference_time
#   datatype: float64
#   unit: d
#   description: Reference time used for the geometric model fit
#   meta:
#     ucd: time.epoch
# - 
#   name: frequency
#   datatype: float64
#   unit: d**-1
#   description: Frequency of geometric model of the eclipsing binary light curve
#   meta:
#     ucd: src.orbital
# - 
#   name: frequency_error
#   datatype: float32
#   unit: d**-1
#   description: "Uncertainty of \\texttt{frequency}"
#   meta:
#     ucd: stat.error
# - 
#   name: geom_model_reference_level
#   datatype: float32
#   unit: mag
#   description: Magnitude reference level of geometric model
#   meta:
#     ucd: phot.mag;em.opt
# - 
#   name: geom_model_reference_level_error
#   datatype: float32
#   unit: mag
#   description: "Uncertainty of \\texttt{geomModelReferenceLevel}"
#   meta:
#     ucd: stat.error;phot.mag;em.opt
# - 
#   name: geom_model_gaussian1_phase
#   datatype: float32
#   description: Phase of the Gaussian 1 component
#   meta:
#     ucd: time.phase
# - 
#   name: geom_model_gaussian1_phase_error
#   datatype: float32
#   description: "Uncertainty of \\texttt{geomModelGaussian1Phase}"
#   meta:
#     ucd: stat.error;time.phase
# - 
#   name: geom_model_gaussian1_sigma
#   datatype: float32
#   description: "Standard deviation [phase] of Gaussian 1 component"
#   meta:
#     ucd: stat.stdev
# - 
#   name: geom_model_gaussian1_sigma_error
#   datatype: float32
#   description: "Uncertainty of \\texttt{geomModelGaussian1Sigma}"
#   meta:
#     ucd: stat.error
# - 
#   name: geom_model_gaussian1_depth
#   datatype: float32
#   unit: mag
#   description: Magnitude depth of Gaussian 1 component
#   meta:
#     ucd: src.var.amplitude
# - 
#   name: geom_model_gaussian1_depth_error
#   datatype: float32
#   unit: mag
#   description: "Uncertainty of \\texttt{geomModelGaussian1Depth}"
#   meta:
#     ucd: stat.error;src.var.amplitude
# - 
#   name: geom_model_gaussian2_phase
#   datatype: float32
#   description: Phase of Gaussian 2 component
#   meta:
#     ucd: time.phase
# - 
#   name: geom_model_gaussian2_phase_error
#   datatype: float32
#   description: "Uncertainty of \\texttt{geomModelGaussian2Phase}"
#   meta:
#     ucd: stat.error;time.phase
# - 
#   name: geom_model_gaussian2_sigma
#   datatype: float32
[...]
#   datatype: float32
#   description: "Secondary eclipse: uncertainty of \\texttt{derivedSecondaryEclDuration}"
#   meta:
#     ucd: stat.error;time.duration
# - 
#   name: derived_secondary_ecl_depth
#   datatype: float32
#   unit: mag
#   description: "Secondary eclipse: depth"
#   meta:
#     ucd: src.var.amplitude
# - 
#   name: derived_secondary_ecl_depth_error
#   datatype: float32
#   unit: mag
#   description: "Secondary eclipse: uncertainty of \\texttt{derivedSecondaryEclDepth}"
#   meta:
#     ucd: stat.error;src.var.amplitude
solution_id,source_id,global_ranking,reference_time,frequency,frequency_error,geom_model_reference_level,geom_model_reference_level_error,geom_model_gaussian1_phase,geom_model_gaussian1_phase_error,geom_model_gaussian1_sigma,geom_model_gaussian1_sigma_error,geom_model_gaussian1_depth,geom_model_gaussian1_depth_error,geom_model_gaussian2_phase,geom_model_gaussian2_phase_error,geom_model_gaussian2_sigma,geom_model_gaussian2_sigma_error,geom_model_gaussian2_depth,geom_model_gaussian2_depth_error,geom_model_cosine_half_period_amplitude,geom_model_cosine_half_period_amplitude_error,geom_model_cosine_half_period_phase,geom_model_cosine_half_period_phase_error,model_type,num_model_parameters,reduced_chi2,derived_primary_ecl_phase,derived_primary_ecl_phase_error,derived_primary_ecl_duration,derived_primary_ecl_duration_error,derived_primary_ecl_depth,derived_primary_ecl_depth_error,derived_secondary_ecl_phase,derived_secondary_ecl_phase_error,derived_secondary_ecl_duration,derived_secondary_ecl_duration_error,derived_secondary_ecl_depth,derived_secondary_ecl_depth_error
[from data line 145]
375316653866487564,4297571699744160896,0.4990169,2069.2790970330075,3.468270591550803,1.9522293E-5,19.406229,0.010701983,0.20278355,0.0024502985,0.05537355,0.0064827334,0.37454575,0.024816757,0.7168295,0.0051551205,0.07600033,0.0074191727,0.29993838,0.02289294,null,null,null,null,"TWOGAUSSIANS",8,1.1882011,0.20278355,0.0024502985,0.31009188,0.036303308,0.37423834,0.025025954,0.7168295,0.0051551205,0.4,0.0,0.29963097,0.022949152
375316653866487564,4297572485723065216,0.48037696,2064.6218510792555,4.299013059078141,2.7586218E-5,19.242416,0.016040754,0.12875427,0.010033969,0.06959599,0.0144379055,0.23434748,0.021082617,0.6073079,0.013397679,0.085770614,0.020150077,0.20149422,0.045434624,null,null,null,null,"TWOGAUSSIANS",8,1.9666082,0.12875427,0.010033969,0.38973755,0.03809125,0.23281412,0.0207833,0.6073079,0.013397679,0.4,0.0,0.19996083,0.046681974
375316653866487564,4297572799277724416,0.6038769,2115.5812459777903,2.4191538459256905,8.281387E-6,16.691406,0.007842454,0.2913834,0.030624863,0.046477906,0.053448487,0.082154304,0.07193176,0.7610762,0.0021760487,0.055251103,0.008220856,0.17270224,0.031916454,0.13502434,0.0096321115,0.7610762,0.0021760487,"TWOGAUSSIANS_WITH_ELLIPSOIDAL_ON_ECLIPSE2",9,12.668194,0.7610762,0.0021760487,0.3094062,0.04603679,0.44274464,0.034644473,0.28036338,0.020923434,0.2602763,0.2700186,0.3459731,0.072921395
375316653866487564,4297573585234519168,0.5581116,2054.8585850900345,3.865811139260404,1.7181914E-5,18.514221,0.014156326,0.30269128,0.003673643,0.09171037,0.0046696784,0.33831546,0.016229006,0.818676,0.0040386193,0.097249284,0.008106385,0.26356402,0.021112597,null,null,null,null,"TWOGAUSSIANS",8,2.4525168,0.30269128,0.003673643,0.4,0.0,0.3240471,0.011512603,0.818676,0.0040386193,0.4,0.0,0.2492947,0.021795666
375316653866487564,4297573825752706176,0.44214648,2065.0542638242273,0.2445416438643749,5.781558E-5,17.769514,0.003946956,0.2247546,0.0064967014,0.04558225,0.0075871474,0.073649235,0.012316522,0.8746668,0.007793898,0.039024148,0.010596992,0.10122462,0.039001055,null,null,null,null,"TWOGAUSSIANS",8,6.278579,0.8746668,0.007793898,0.21853523,0.059343155,0.10122462,0.039001055,0.2247546,0.0064967014,0.2552606,0.042488024,0.073649235,0.012316522
375316653866487564,4297574757777598976,0.57915825,2074.898840473386,1.0209633100556932,1.0153888E-5,14.203613,0.0028467742,0.24415348,0.0021014924,0.039557043,0.004221575,0.089142695,0.009166033,0.7431538,0.0063971747,0.048462942,0.0094066635,0.049010675,0.0067375363,0.02681359,0.0039720833,0.24415348,0.0021014924,"TWOGAUSSIANS_WITH_ELLIPSOIDAL_ON_ECLIPSE1",9,23.19275,0.24415348,0.0021014924,0.22151944,0.023640819,0.14276975,0.005412104,0.74332386,0.0053990693,0.2713925,0.05267732,0.10263597,0.0043312875
375316653866487564,4297574792137261440,0.57297134,2034.5576118678869,3.025277771050177,8.194812E-6,17.672783,0.00766833,0.22674447,0.0031844843,0.078870125,0.0035937908,0.40101376,0.013246776,0.72295594,0.0062279757,0.07773038,0.007394158,0.41663772,0.019573385,null,null,null,null,"TWOGAUSSIANS",8,7.6386275,0.72295594,0.0062279757,0.4,0.0,0.41201282,0.02098636,0.22674447,0.0031844843,0.4,0.0,0.39638886,0.012693538
375316653866487564,4297575032655467648,0.4883009,2104.8333674664354,0.36427002027991656,2.4386942E-5,17.229786,0.0055421316,0.25478673,0.01711749,0.022129236,0.02537503,0.057495624,0.040825106,0.83351785,0.002144631,0.0067385496,0.0012331987,0.27673277,0.024842417,0.02346896,0.007990355,0.25478673,0.01711749,"TWOGAUSSIANS_WITH_ELLIPSOIDAL_ON_ECLIPSE1",9,31.530695,0.83351785,0.002144631,0.037735876,0.006905913,0.31309128,0.024362203,0.25478673,0.01711749,0.12392372,0.14210017,0.104433455,0.04392059
375316653866487564,4297575410612489856,0.64321756,2078.654044682091,1.642719556493418,2.4821916E-6,16.508331,0.007088037,0.21850902,0.016871035,0.03375069,0.034905065,0.07770053,null,0.7019927,7.816025E-4,0.039692707,8.2784996E-4,0.6650729,0.016412482,0.025934586,0.010171635,0.21850902,0.016871035,"TWOGAUSSIANS_WITH_ELLIPSOIDAL_ON_ECLIPSE1",9,10.297165,0.70215267,6.5055746E-4,0.22227916,0.00463596,0.7163908,0.008870058,0.21850902,0.016871035,0.18900385,0.19546837,0.12956968,null
375316653866487564,4297575440660644736,0.53895414,2112.996814995496,2.706386588155198,1.763101E-5,16.527994,0.034668814,0.23982468,0.0063864146,0.12116658,0.02939888,0.113634944,0.033319447,0.7423671,0.0044989483,0.110231474,0.026712928,0.112504594,0.032522544,null,null,null,null,"TWOGAUSSIANS",8,4.0690646,0.23982468,0.00640071,0.4,0.0,0.09227761,0.0048902747,0.7423771,0.0045576994,0.4,0.0,0.09118531,0.004271952
375316653866487564,4297575749898449920,0.561463,2066.334036691433,0.4388646779619983,1.583238E-5,18.367092,0.0031365259,0.1251076,0.011866644,0.023942497,0.0075883465,0.24297139,0.064173564,0.6331907,0.0015163416,0.021773174,0.0015698511,0.38214818,0.01801407,null,null,null,null,"TWOGAUSSIANS",8,3.007119,0.6331907,0.0015163416,0.12192978,0.008791165,0.38214818,0.01801407,0.1251076,0.011866644,0.13407798,0.04249474,0.24297139,0.064173564
375316653866487564,4297575891648819328,0.47709095,2095.6180090230914,0.47257420787719545,1.9528274E-4,16.780195,0.0025604768,0.4936466,3.7203605E-5,0.008518841,1.682736E-4,0.23966345,0.0015487067,null,null,null,null,null,null,null,null,null,null,"ONEGAUSSIAN",5,13.511242,0.4936466,3.7203605E-5,0.04770551,9.423322E-4,0.23966345,0.0,null,null,null,null,null,null
375316653866487564,4297578709147610368,0.6018535,2108.6570287158365,1.1008058329333545,6.101003E-6,16.08955,0.016192893,0.24006501,0.0033237753,0.10651524,0.009879032,0.13778923,0.016174145,0.7411783,0.0027778714,0.12171816,0.012981242,0.11741953,0.015763687,null,null,null,null,"TWOGAUSSIANS",8,2.7744517,0.24005501,0.0033581215,0.4,0.0,0.115234874,0.003583077,0.7411783,0.002776708,0.4,0.0,0.09481879,0.0032161104
375316653866487564,4297579568146268800,0.49352664,2091.481747737804,0.16094146472839796,6.322276E-6,19.850319,0.012496443,0.13117293,0.013250229,0.02848332,0.0046540936,1.7732668,1.5443388,0.63314235,0.005179837,0.07915687,0.014539124,0.2436323,0.023232622,null,null,null,null,"TWOGAUSSIANS",8,1.8164248,0.13117293,0.013250229,0.15950659,0.026062924,1.7732534,1.5443454,0.63314235,0.005179837,0.4,0.0,0.24361892,0.023259671
375316653866487564,4297579666908166144,0.662916,2107.7950735919594,4.170779180927537,4.5652782E-6,17.241259,0.006330312,0.25047198,8.7293366E-4,0.03828476,0.0017348856,0.5812659,0.018700706,0.7544478,9.049363E-4,0.038414344,0.0017146107,0.48867553,0.026253682,0.1550252,0.008347725,0.7544478,9.049363E-4,"TWOGAUSSIANS_WITH_ELLIPSOIDAL_ON_ECLIPSE2",9,10.722899,0.250702,8.189323E-4,0.21439466,0.00971536,0.8911341,0.017762778,0.7544478,9.049363E-4,0.21512033,0.00960182,0.7987259,0.027311455
375316653866487564,4297579739939647616,0.576439,2091.5985347664196,0.7227719300906772,8.384185E-5,17.876925,0.0069216904,0.39051962,0.041871317,0.05474751,0.031322654,0.8340745,2.237302,0.6846699,0.088357106,0.0101108,0.09482356,0.17908107,0.18587793,null,null,null,null,"TWOGAUSSIANS",8,4.768638,0.39051962,0.041871317,0.30658606,0.17540686,0.8340745,2.2373035,0.6846699,0.088357106,0.056620482,0.33615413,0.17908151,0.18594415
375316653866487564,4297581354847546112,0.6546293,2079.6303196752406,3.42302531274435,2.343748E-6,16.136978,0.006222428,0.239249,0.010159667,0.04335928,0.0377167,0.21592148,0.23268804,0.74715394,6.954618E-4,0.051376887,0.002096002,0.29397255,0.0140547445,0.10500985,0.0075445115,0.74715394,6.954618E-4,"TWOGAUSSIANS_WITH_ELLIPSOIDAL_ON_ECLIPSE2",9,13.405235,0.74715394,6.954618E-4,0.28771055,0.011737611,0.5039899,0.009033424,0.24024901,0.010436754,0.24281198,0.21121353,0.4254863,0.23426715
375316653866487564,4297582935395573632,0.6238869,2093.7114168838507,1.021514341616836,5.7407515E-6,17.148115,0.0029949928,0.2160983,0.0022506665,0.025815675,0.0012474342,0.5882589,0.03582175,0.7164942,0.009608602,0.02348687,0.005390765,0.68333936,0.4864891,null,null,null,null,"TWOGAUSSIANS",8,12.162687,0.7164942,0.009608602,0.13152647,0.030188285,0.68333936,0.4864891,0.2160983,0.0022506665,0.14456779,0.0069856313,0.5882589,0.03582175
375316653866487564,4297585542424051072,0.6125846,2089.8093624480425,2.870514794133874,1.0381393E-5,16.548962,0.005239063,0.21072666,0.0029279613,0.07811287,0.002754045,0.4088689,0.011524108,0.7148615,0.0033074191,0.071319625,0.0035066288,0.32588285,0.006327737,null,null,null,null,"TWOGAUSSIANS",8,11.816026,0.21072666,0.0029279613,0.4,0.0,0.40639356,0.01154593,0.7148615,0.0033074191,0.39938992,0.008958042,0.3234075,0.005928743
375316653866487564,4297586027772143232,0.61893237,2086.2928586021094,3.8399139497086465,7.269082E-6,17.606556,0.012192823,0.29328063,0.006538055,0.035868585,0.020345736,0.5235438,0.13179646,0.79299116,0.004587949,0.035797358,0.0045275437,0.3784272,0.02752358,0.1632763,0.013745278,0.29328063,0.006538055,"TWOGAUSSIANS_WITH_ELLIPSOIDAL_ON_ECLIPSE1",9,13.280507,0.29328063,0.006538055,0.20086406,0.11393612,0.8500956,0.13907175,0.7930111,0.0043384973,0.20046519,0.025354244,0.7049781,0.02705428
375316653866487564,4297588497362077184,0.53879344,2061.6704074610193,2.8235948152496655,2.61656E-5,19.616795,0.026884064,0.25609133,0.011695855,0.0984746,0.015343691,0.38925204,0.06055897,0.746365,0.009089661,0.09225936,0.011423433,0.33546287,0.036814075,null,null,null,null,"TWOGAUSSIANS",8,1.3549111,0.25609133,0.011695855,0.4,0.0,0.36888784,0.06629527,0.746365,0.009089661,0.4,0.0,0.31510055,0.028536102
375316653866487564,4297589253276384768,0.49998295,2100.161144279788,3.540786024302155,1.6129634E-5,18.95276,0.07997094,0.19136766,0.0034451413,0.1086104,0.020017948,0.4438404,0.061205182,0.7024854,0.010995412,0.10872061,0.026348913,0.3831018,0.077821694,null,null,null,null,"TWOGAUSSIANS",8,4.400876,0.19135766,0.0034467059,0.4,0.0,0.39198053,0.030353192,0.70249534,0.010992364,0.4,0.0,0.3312448,0.021914225
375316653866487564,4297589528154412800,0.52788895,2051.8446605199442,1.7767798116498403,1.6862065E-5,18.585402,0.007268021,0.28671652,0.005511337,0.043439683,0.007009462,0.09143193,0.014995451,0.79383117,0.001207353,0.04687353,0.0016186746,0.37741235,0.008046512,null,null,null,null,"TWOGAUSSIANS",8,4.162575,0.79383117,0.001207353,0.26249176,0.0090645775,0.3774123,0.008046405,0.28671652,0.005511337,0.24326222,0.03925299,0.09143187,0.014995491
375316653866487564,4297591319171744512,0.7313265,2061.9565368099866,1.4437627756935265,2.5279585E-6,13.768423,0.0024698493,0.34323692,6.8782136E-4,0.045896303,6.9334556E-4,0.71557367,0.0074467342,0.84657824,0.0024790002,0.044424973,0.0034369768,0.08334721,0.00540147,0.061304305,0.0031733518,0.34323692,6.8782136E-4,"TWOGAUSSIANS_WITH_ELLIPSOIDAL_ON_ECLIPSE1",9,22.559357,0.34323692,6.8782136E-4,0.2570193,0.0038827353,0.8381819,0.0059642796,0.84657824,0.0024790002,0.24877985,0.01924707,0.20590141,0.0019549637
375316653866487564,4297592757970059264,0.5642946,2039.3765940602832,3.7276470747107737,1.5716105E-5,19.296574,0.02516867,0.21804516,0.0024704977,0.078111455,0.004505386,0.586174,0.027837602,0.71034646,0.024019204,0.073630914,0.026990758,0.61034656,0.32078254,null,null,null,null,"TWOGAUSSIANS",8,3.0115082,0.71034646,0.024019204,0.4,0.026871378,0.6059155,0.33068624,0.21804516,0.0024704977,0.4,0.0,0.58174294,0.023017101
375316653866487564,4297593758713236352,0.56320125,2095.786977189737,0.2261858406390159,1.9577257E-5,17.73636,0.0022352543,0.071611315,8.125877E-6,0.007655632,4.569609E-5,0.5217922,0.0026416336,0.28172088,0.012403746,0.15468358,0.037893936,0.0135948965,0.0017843976,null,null,null,null,"TWOGAUSSIANS",8,3.5969608,0.07162131,8.125877E-6,0.04287154,2.558981E-4,0.52705,0.0041073468,0.28172088,0.012403746,0.4,0.0,0.013448492,0.0010484144
375316653866487564,4297593793072987776,0.5869496,2084.2566334586513,3.768381050381694,3.7449313E-6,16.75561,0.013639522,0.23225789,0.001025363,0.06574979,0.0024470466,0.4458333,0.01469116,0.7241385,0.003605652,0.08684372,0.005827387,0.35677034,0.011039704,null,null,null,null,"TWOGAUSSIANS",8,20.36156,0.23225789,0.001025363,0.36819878,0.013703461,0.44280025,0.013796522,0.7241385,0.003605652,0.4,0.0,0.35373724,0.010133953
375316653866487564,4297594033591174912,0.6038569,2064.892843876044,1.9890703947049435,5.6102153E-6,15.255581,0.007435246,0.24898508,0.012083427,0.03577579,0.019667367,0.09628107,0.13169622,0.77801526,0.001943291,0.05062212,0.0027987342,0.38459796,0.024961917,0.020775966,0.010952992,0.77801526,0.001943291,"TWOGAUSSIANS_WITH_ELLIPSOIDAL_ON_ECLIPSE2",9,76.227806,0.77801526,0.001943291,0.2834839,0.015672911,0.42614794,0.021871878,0.2501751,0.012239665,0.20034443,0.110137254,0.13651928,0.13942046
375316653866487564,4297595579780036864,0.48406032,2080.224219531971,1.9352192303908162,2.1100315E-5,18.355446,0.010316967,0.16131377,0.005775165,0.083078705,0.013662698,0.08058746,0.009684601,0.66689533,0.01194139,0.10376248,0.023787338,0.08224961,0.009155986,null,null,null,null,"TWOGAUSSIANS",8,1.1441209,0.66689533,0.01194139,0.4,0.0,0.078088164,0.0060798107,0.16131377,0.0057718335,0.4,0.0,0.07642756,0.0067412634
375316653866487564,4297596159583337856,0.5241407,2109.7788145258655,3.4769436427866736,1.2062432E-5,17.976213,0.020840824,0.30301487,0.0029450618,0.10103581,0.009026066,0.28999212,0.017815366,0.8074209,0.004771003,0.1005782,0.012117569,0.22960036,0.019970346,null,null,null,null,"TWOGAUSSIANS",8,5.1976614,0.30301487,0.0029450618,0.4,0.0,0.26744542,0.010731706,0.8074209,0.004771003,0.4,0.0,0.20705448,0.016646145
375316653866487564,4297596679291679872,0.60606307,2100.8440147936917,0.8695743916775094,3.909434E-6,13.253998,0.014375674,0.20679295,0.0015592861,0.11233672,0.0075311125,0.16330005,0.012982257,0.720052,0.0013681183,0.12658234,0.010046151,0.13732003,0.01362115,null,null,null,null,"TWOGAUSSIANS",8,15.197921,0.20668295,0.0015123385,0.4,0.0,0.13391186,0.0049321703,0.720092,0.0013655366,0.4,0.0,0.107828766,0.0020615186
375316653866487564,4297598049369346816,0.50206894,2210.591141151398,0.03476659372956893,6.375527E-5,18.252758,0.0026481792,0.17732655,0.017420733,0.041481897,0.012098467,0.83845556,0.7132107,0.6063423,0.0155938715,0.034186397,0.018376388,0.01320833,0.0052164975,null,null,null,null,"TWOGAUSSIANS",8,3.0441654,0.17732655,0.017420733,0.23229861,0.067751415,0.83845556,0.7132107,0.6063423,0.0155938715,0.19144382,0.10290777,0.01320833,0.0052164975
375316653866487564,4297598878302108544,0.48488215,2131.648213966728,3.5405414541238147,1.3772209E-5,19.787865,0.019343188,0.3123304,0.0046839886,0.09240871,0.008639499,0.3523643,0.019273879,0.82500774,0.0077894162,0.082252584,0.008001386,0.34014198,0.035402037,null,null,null,null,"TWOGAUSSIANS",8,1.3300749,0.3123304,0.0046839886,0.4,0.0,0.34304988,0.016312294,0.82500774,0.0077894162,0.4,0.0,0.33082795,0.033882122
375316653866487564,4297599870435265792,0.51509356,2120.536969745634,3.16923271640148,1.500887E-5,19.346382,0.033316433,0.24643455,0.0055126087,0.08668729,0.012058332,0.31907892,0.03215675,0.7419375,0.008669478,0.078418866,0.01669252,0.3036949,0.03454295,null,null,null,null,"TWOGAUSSIANS",8,2.0331128,0.24643455,0.0055126087,0.4,0.0,0.313234,0.02502347,0.7419375,0.008669478,0.4,0.0,0.29785004,0.025430733
375316653866487564,4297600458849397760,0.5826231,2107.6948612483015,4.381485605315852,8.171434E-6,19.198278,0.017526925,0.2597829,0.001834009,0.0600581,0.0026154353,0.72980595,0.03327075,0.75352407,0.00521973,0.06655977,0.006134364,0.592571,0.035864353,null,null,null,null,"TWOGAUSSIANS",8,2.2901173,0.2597829,0.001834009,0.33632535,0.014646437,0.72936505,0.033234242,0.75352407,0.00521973,0.3727347,0.03435244,0.5921301,0.03592313
375316653866487564,4297601317860009344,0.4255571,2060.9959127469997,1.8107610314182332,3.2694512E-5,18.631422,0.0036556548,null,null,null,null,null,null,null,null,null,null,null,null,0.046515528,0.006139293,0.3328381,0.0067489664,"ELLIPSOIDAL",4,3.3234982,null,null,null,null,null,null,null,null,null,null,null,null
