Gaia/vari_eclipsing_binary/VariEclipsingBinary_667334-667354.csv
# %ECSV 1.0
# ---
# delimiter: ','
# meta: !!omap
# - RELEASE: Gaia DR3
# - TABLE: vari_eclipsing_binary
# - DESCRIPTION: >
#     This table describes the properties of the eclipsing binaries resulting from the variability analysis. 
# - CITATION: >
#     How to cite and acknowledge Gaia: 
#     https://gea.esac.esa.int/archive/documentation/credits.html 
# - KNOWN_ISSUES: >
#     Known issues: 
#     https://www.cosmos.esa.int/web/gaia-users/known-issues 
# - DOCUMENTATION: >
#     Tutorials and documentation: 
#     https://www.cosmos.esa.int/web/gaia-users/archive 
# datatype:
# - 
#   name: solution_id
#   datatype: int64
#   description: Solution Identifier
#   meta:
#     ucd: meta.version
# - 
#   name: source_id
#   datatype: int64
#   description: Unique source identifier
#   meta:
#     ucd: meta.id;meta.main
# - 
#   name: global_ranking
#   datatype: float32
#   description: Number between 0 (worst) and 1 (best)
#   meta:
#     ucd: stat.param
# - 
#   name: reference_time
#   datatype: float64
#   unit: d
#   description: Reference time used for the geometric model fit
#   meta:
#     ucd: time.epoch
# - 
#   name: frequency
#   datatype: float64
#   unit: d**-1
#   description: Frequency of geometric model of the eclipsing binary light curve
#   meta:
#     ucd: src.orbital
# - 
#   name: frequency_error
#   datatype: float32
#   unit: d**-1
#   description: "Uncertainty of \\texttt{frequency}"
#   meta:
#     ucd: stat.error
# - 
#   name: geom_model_reference_level
#   datatype: float32
#   unit: mag
#   description: Magnitude reference level of geometric model
#   meta:
#     ucd: phot.mag;em.opt
# - 
#   name: geom_model_reference_level_error
#   datatype: float32
#   unit: mag
#   description: "Uncertainty of \\texttt{geomModelReferenceLevel}"
#   meta:
#     ucd: stat.error;phot.mag;em.opt
# - 
#   name: geom_model_gaussian1_phase
#   datatype: float32
#   description: Phase of the Gaussian 1 component
#   meta:
#     ucd: time.phase
# - 
#   name: geom_model_gaussian1_phase_error
#   datatype: float32
#   description: "Uncertainty of \\texttt{geomModelGaussian1Phase}"
#   meta:
#     ucd: stat.error;time.phase
# - 
#   name: geom_model_gaussian1_sigma
#   datatype: float32
#   description: "Standard deviation [phase] of Gaussian 1 component"
#   meta:
#     ucd: stat.stdev
# - 
#   name: geom_model_gaussian1_sigma_error
#   datatype: float32
#   description: "Uncertainty of \\texttt{geomModelGaussian1Sigma}"
#   meta:
#     ucd: stat.error
# - 
#   name: geom_model_gaussian1_depth
#   datatype: float32
#   unit: mag
#   description: Magnitude depth of Gaussian 1 component
#   meta:
#     ucd: src.var.amplitude
# - 
#   name: geom_model_gaussian1_depth_error
#   datatype: float32
#   unit: mag
#   description: "Uncertainty of \\texttt{geomModelGaussian1Depth}"
#   meta:
#     ucd: stat.error;src.var.amplitude
# - 
#   name: geom_model_gaussian2_phase
#   datatype: float32
#   description: Phase of Gaussian 2 component
#   meta:
#     ucd: time.phase
# - 
#   name: geom_model_gaussian2_phase_error
#   datatype: float32
#   description: "Uncertainty of \\texttt{geomModelGaussian2Phase}"
#   meta:
#     ucd: stat.error;time.phase
# - 
#   name: geom_model_gaussian2_sigma
#   datatype: float32
[...]
#   datatype: float32
#   description: "Secondary eclipse: uncertainty of \\texttt{derivedSecondaryEclDuration}"
#   meta:
#     ucd: stat.error;time.duration
# - 
#   name: derived_secondary_ecl_depth
#   datatype: float32
#   unit: mag
#   description: "Secondary eclipse: depth"
#   meta:
#     ucd: src.var.amplitude
# - 
#   name: derived_secondary_ecl_depth_error
#   datatype: float32
#   unit: mag
#   description: "Secondary eclipse: uncertainty of \\texttt{derivedSecondaryEclDepth}"
#   meta:
#     ucd: stat.error;src.var.amplitude
solution_id,source_id,global_ranking,reference_time,frequency,frequency_error,geom_model_reference_level,geom_model_reference_level_error,geom_model_gaussian1_phase,geom_model_gaussian1_phase_error,geom_model_gaussian1_sigma,geom_model_gaussian1_sigma_error,geom_model_gaussian1_depth,geom_model_gaussian1_depth_error,geom_model_gaussian2_phase,geom_model_gaussian2_phase_error,geom_model_gaussian2_sigma,geom_model_gaussian2_sigma_error,geom_model_gaussian2_depth,geom_model_gaussian2_depth_error,geom_model_cosine_half_period_amplitude,geom_model_cosine_half_period_amplitude_error,geom_model_cosine_half_period_phase,geom_model_cosine_half_period_phase_error,model_type,num_model_parameters,reduced_chi2,derived_primary_ecl_phase,derived_primary_ecl_phase_error,derived_primary_ecl_duration,derived_primary_ecl_duration_error,derived_primary_ecl_depth,derived_primary_ecl_depth_error,derived_secondary_ecl_phase,derived_secondary_ecl_phase_error,derived_secondary_ecl_duration,derived_secondary_ecl_duration_error,derived_secondary_ecl_depth,derived_secondary_ecl_depth_error
[from data line 425]
375316653866487564,5870047909320250496,0.4473604,2225.2492203047427,3.0147178517792197,3.1144387E-5,17.916107,0.04024743,0.28545675,0.018927338,0.041731887,0.023398738,0.2068391,0.07260171,0.73002136,0.0070987362,0.055977505,0.012892478,0.3229285,0.09289897,0.06575053,0.04499976,0.73002136,0.0070987362,"TWOGAUSSIANS_WITH_ELLIPSOIDAL_ON_ECLIPSE2",9,33.321175,0.73002136,0.0070987362,0.31347403,0.07219788,0.45441446,0.04625482,0.28125677,0.018384397,0.23369858,0.13103293,0.32411656,0.04533003
375316653866487564,5870048012438022272,0.49485895,2238.6821323694376,3.6149155746582715,8.270473E-6,18.912102,0.019972663,0.2089922,0.0040925276,0.099263854,0.011366258,0.23726021,0.01655215,0.6955232,0.0038119252,0.09976001,0.00904987,0.23935106,0.019689944,null,null,null,null,"TWOGAUSSIANS",8,2.7318695,0.6955232,0.0038119252,0.4,0.0,0.22225998,0.011115445,0.2089922,0.004093124,0.4,0.0,0.22016938,0.0101189
375316653866487564,5870048386044761984,0.60426867,2228.449779718768,0.18667429937057106,2.0966165E-6,18.142607,0.0011587081,0.18375294,4.157811E-4,0.011489794,5.184065E-4,0.6360452,0.043341696,0.6838488,5.774975E-4,0.012111822,4.2931238E-4,0.68230826,0.045243658,null,null,null,null,"TWOGAUSSIANS",8,1.6850512,0.6838488,5.774975E-4,0.067826204,0.0024041494,0.68230826,0.045243658,0.18375294,4.157811E-4,0.06434284,0.0029030764,0.6360452,0.043341696
375316653866487564,5870048626556482176,0.50575876,2219.3241373108544,0.20434709725434308,1.6247369E-6,18.250324,0.0015341195,0.3659653,6.119242E-4,0.0083039645,6.519677E-4,0.24759623,0.008999483,0.86372566,6.853389E-4,0.006332897,7.377867E-4,0.18906476,0.029933691,null,null,null,null,"TWOGAUSSIANS",8,2.2877142,0.3659653,6.119242E-4,0.046502203,0.0036510194,0.24759623,0.008999483,0.86372566,6.853389E-4,0.035464223,0.004131606,0.18906476,0.029933691
375316653866487564,5870049008870663808,0.54907393,2234.6111658767386,0.5890139218549609,5.660326E-6,16.612268,0.079515316,0.24226652,0.0026149668,0.13225816,0.02044972,0.15559013,0.07122406,0.7338933,0.0028013429,0.15895674,0.04033007,0.14934388,0.0782158,null,null,null,null,"TWOGAUSSIANS",8,2.076044,0.24303652,0.0019071174,0.4,0.0,0.091908805,0.0017974228,0.7338933,0.0028013429,0.4,0.0,0.083763845,0.0020095739
375316653866487564,5870049077552554240,0.56315213,2238.688695544216,2.8212478680343422,3.8818716E-6,18.71759,0.012422633,0.21383557,0.0018384858,0.045397256,0.005220511,0.24667321,0.030179955,0.716996,0.0019987423,0.05199086,0.004241013,0.36321825,0.023551235,0.11089869,0.015898325,0.21383557,0.0018384858,"TWOGAUSSIANS_WITH_ELLIPSOIDAL_ON_ECLIPSE1",9,3.8839004,0.716996,0.0019987423,0.2911488,0.023749674,0.5849244,0.017211208,0.21383557,0.0018384858,0.25422463,0.029234862,0.46846682,0.017972823
375316653866487564,5870049111912331520,0.48524272,2239.8558671633004,1.904332140430832,7.881186E-6,18.457907,0.008738322,0.2618869,0.002679318,0.06956501,0.0039945645,0.54717094,0.02338719,0.74844563,0.007910763,0.080901116,0.006630581,0.22586814,0.01732247,null,null,null,null,"TWOGAUSSIANS",8,13.165261,0.2618869,0.002679318,0.38956407,0.02235923,0.54518735,0.023701873,0.74844563,0.007910763,0.4,0.0,0.22388458,0.017044872
375316653866487564,5870049180631819520,0.5401161,2236.2691859057186,2.4825196060051975,4.4310696E-6,18.984772,0.008008266,0.23310441,0.0029311916,0.03774842,0.0028007322,0.21959834,0.025740648,0.7293992,0.0015967097,0.037791666,0.0020337587,0.59795755,0.03087897,0.042087246,0.014124943,0.23310441,0.0029311916,"TWOGAUSSIANS_WITH_ELLIPSOIDAL_ON_ECLIPSE1",9,5.857586,0.7294592,0.001566201,0.21163334,0.011389049,0.6820871,0.030291125,0.23310441,0.0029311916,0.21139115,0.0156841,0.30377278,0.015078066
375316653866487564,5870049352468055552,0.58579594,2234.876405687066,2.9537387017996526,4.3576924E-6,16.59526,0.0059103,0.25691998,0.0017908106,0.04885105,0.0029468243,0.2127767,0.017025352,0.7513749,0.002117875,0.044816613,0.0032088712,0.25099137,0.014319058,0.0755095,0.0093063,0.25691998,0.0017908106,"TWOGAUSSIANS_WITH_ELLIPSOIDAL_ON_ECLIPSE1",9,29.55961,0.7518549,0.0019309147,0.25097302,0.01796968,0.4018426,0.0071156374,0.25691998,0.0017908106,0.2735659,0.016502216,0.3637952,0.008769324
375316653866487564,5870049833467000704,0.50778973,2248.681007980169,0.6396390197418756,8.192254E-6,17.881685,0.0041729948,0.07753418,0.005302196,0.01195893,0.0024083357,0.8549019,0.22900218,0.5793465,0.0012487358,0.014617257,0.0017616933,0.37482625,0.01994256,null,null,null,null,"TWOGAUSSIANS",8,21.349478,0.07753418,0.005302196,0.066970006,0.013486681,0.8549019,0.22900218,0.5793465,0.0012487358,0.08185664,0.009865482,0.37482625,0.01994256
375316653866487564,5870049902185459840,0.4696734,2239.0289825545647,2.4314055185717316,1.1117105E-5,19.335096,0.010118711,0.23228918,0.005117174,0.098517254,0.00716943,0.19196893,0.011619723,0.7325523,0.0045447787,0.09769469,0.0074249203,0.2090791,0.011251866,null,null,null,null,"TWOGAUSSIANS",8,2.079699,0.7325523,0.0045447787,0.4,0.0,0.19355364,0.009327083,0.23228918,0.005117174,0.4,0.0,0.17644335,0.007832867
375316653866487564,5870049932226859008,0.45131937,2206.599509902733,3.213773584642955,1.329414E-5,19.14385,0.014156525,0.23346075,0.0068445117,0.08003604,0.012077703,0.228391,0.015815252,0.75672954,0.009514338,0.09376396,0.01500491,0.16624467,0.03441828,null,null,null,null,"TWOGAUSSIANS",8,6.2319474,0.23346075,0.0068445117,0.4,0.0,0.2242789,0.015015569,0.75672954,0.009514338,0.4,0.0,0.16213213,0.03524869
375316653866487564,5870050963018752128,0.51760817,2230.579350578013,2.55201911842198,9.319375E-6,17.791557,0.018389229,0.26868537,0.007903414,0.054993868,0.010032889,0.18037514,0.03977048,0.78146523,0.0034611365,0.063627794,0.016423734,0.11991898,0.044877723,0.11066309,0.021978308,0.78146523,0.0034611365,"TWOGAUSSIANS_WITH_ELLIPSOIDAL_ON_ECLIPSE2",9,25.341167,0.2715754,0.0059817852,0.30796567,0.056184184,0.40054342,0.021259991,0.78146523,0.0034611365,0.35631564,0.09197291,0.34118965,0.03697854
375316653866487564,5870051276574809600,0.5149639,2228.323450353984,2.239401937566405,5.0077897E-6,19.33331,0.008488077,0.21343543,0.002246558,0.08345225,0.0036431246,0.38474607,0.014674967,0.71642536,0.0027143778,0.08725476,0.004771854,0.34246737,0.013585181,null,null,null,null,"TWOGAUSSIANS",8,2.1674836,0.21343543,0.002246558,0.4,0.0,0.37530825,0.014835147,0.71642536,0.0027143778,0.4,0.0,0.3330295,0.014215638
375316653866487564,5870051517131789440,0.4776503,2224.692482343272,1.283075572618747,6.361255E-6,16.57763,0.0049745115,0.27454796,0.0015206876,0.02340787,0.0015996357,0.329199,0.026613455,0.77250254,0.0029217403,0.021545297,0.0044153286,0.3419699,0.07254757,0.0055212285,0.007512759,0.27454796,0.0015206876,"TWOGAUSSIANS_WITH_ELLIPSOIDAL_ON_ECLIPSE1",9,107.046974,0.77250254,0.0029217403,0.12065367,0.024725841,0.35301054,0.076708354,0.27454796,0.0015206876,0.13108407,0.00895796,0.34024146,0.026506525
375316653866487564,5870051551491531392,0.5280691,2230.9943410328187,0.19111766699976068,9.801673E-6,17.862577,8.1377605E-4,0.17589463,0.0075799297,0.009416929,0.0041451766,0.1296595,0.22725877,0.67432916,1.1176314E-4,0.008779821,2.238885E-4,0.34300202,0.0077237166,null,null,null,null,"TWOGAUSSIANS",8,1.378421,0.67432916,1.1176314E-4,0.049167,0.0012537757,0.34300202,0.0077237166,0.17589463,0.0075799297,0.052734803,0.023212988,0.1296595,0.22725877
375316653866487564,5870051620211044352,0.58866924,2211.778142349938,2.0429563453944297,4.3594005E-6,16.524635,0.0049033496,0.24657655,0.0012418781,0.04941518,0.0052248477,0.09321599,0.010891735,0.7492511,0.0045607807,0.044714924,0.00743983,0.092669845,0.010810115,0.10538476,0.0064515597,0.24657655,0.0012418781,"TWOGAUSSIANS_WITH_ELLIPSOIDAL_ON_ECLIPSE1",9,13.009167,0.24657655,0.0012418781,0.276725,0.029259147,0.30398518,0.0042731436,0.7492511,0.004528965,0.25040358,0.041663047,0.30337954,0.006882012
375316653866487564,5870052376125300096,0.62156314,2227.1749191422714,2.090176129762192,2.042963E-6,17.176497,0.0065676277,0.18553802,7.8397855E-4,0.056082286,0.0030762036,0.17811751,0.01364392,0.6878064,0.0020873246,0.058491506,0.0036303047,0.1467204,0.014663491,0.06991168,0.0078651635,0.18553802,7.8397855E-4,"TWOGAUSSIANS_WITH_ELLIPSOIDAL_ON_ECLIPSE1",9,3.2782125,0.18553802,7.8397855E-4,0.3140608,0.01722674,0.3179188,0.0034523285,0.6878064,0.0020873246,0.32755244,0.020329706,0.28649327,0.005989405
375316653866487564,5870052513564270080,0.5220655,2221.166455200363,2.381262708304204,1.1366769E-5,19.196577,0.019222198,0.28024688,0.002096762,0.0947943,0.006045836,0.37154463,0.01992837,0.7734138,0.004626101,0.090107255,0.0092309415,0.4192858,0.019980555,null,null,null,null,"TWOGAUSSIANS",8,3.3714473,0.7734138,0.004626101,0.4,0.0,0.4008918,0.0155873,0.28024688,0.002096762,0.4,0.0,0.35315007,0.015581838
375316653866487564,5870052788403935104,0.6339997,2207.790929464666,0.20730910392716062,1.9506847E-6,18.844341,0.0038212838,0.24626382,0.001482331,0.030000303,0.0021774652,0.1624405,0.011104772,0.7437364,6.3150574E-4,0.028244192,4.3876038E-4,1.177722,0.018383075,0.03374751,0.0053301207,0.24626382,0.001482331,"TWOGAUSSIANS_WITH_ELLIPSOIDAL_ON_ECLIPSE1",9,1.8083698,0.7437464,6.3150574E-4,0.15816748,0.002457058,1.2451999,0.016754981,0.24626382,0.001482331,0.1680017,0.012193805,0.22993538,0.009200768
375316653866487564,5870053196402214784,0.5324839,2229.783695519925,3.1914825770394843,4.1361277E-6,19.357334,0.013184651,0.19590998,0.0021919492,0.056733735,0.0039646374,0.33790526,0.029989585,0.7042835,0.004263911,0.044258516,0.006019352,0.23489453,0.03007146,0.09278876,0.016898736,0.19590998,0.0021919492,"TWOGAUSSIANS_WITH_ELLIPSOIDAL_ON_ECLIPSE1",9,2.791301,0.19590998,0.0021919492,0.3177089,0.022201968,0.5234621,0.015128239,0.7042835,0.004263911,0.24784769,0.03370837,0.41993818,0.015427694
375316653866487564,5870053510008417792,0.55639595,2233.5889942911936,1.319572186439369,4.4606168E-6,18.006153,0.009560121,0.21579282,0.00246646,0.10439015,0.0076942197,0.17012697,0.008204111,0.6958739,0.0019073994,0.10216284,0.0048205354,0.26251882,0.008729496,null,null,null,null,"TWOGAUSSIANS",8,2.0910337,0.6958739,0.0019073994,0.4,0.0,0.24486233,0.005410567,0.21580282,0.0024653617,0.4,0.0,0.15247028,0.006610495
375316653866487564,5870053608719216256,0.63669264,2236.795789527124,0.7006189363061558,3.155936E-6,13.740802,0.0052799047,0.2586912,0.0010801596,0.10092903,0.0025978992,0.24737328,0.0049556373,0.7469024,0.0011695309,0.08695627,0.0021276118,0.4502606,0.0058907266,null,null,null,null,"TWOGAUSSIANS",8,90.422806,0.7469024,0.0011695309,0.4,0.0,0.43449667,0.0058479165,0.2586912,0.0010801596,0.4,0.0,0.23160672,0.0028075823
375316653866487564,5870053819234560512,0.5281622,2242.3842883463726,1.281601323187644,4.745145E-6,17.775389,0.0024264173,0.25319237,0.0015842774,0.05293731,0.0023364285,0.15566233,0.0037081647,0.7622271,0.0029779845,0.065103546,0.0044209748,0.099698834,0.0040855203,null,null,null,null,"TWOGAUSSIANS",8,2.5938637,0.25319237,0.0015842774,0.29644895,0.013084,0.1556402,0.003705221,0.7622271,0.0029779845,0.36457983,0.02475746,0.099676706,0.004088136
375316653866487564,5870053887954047872,0.56658053,2210.744461343525,2.071552285267395,4.8581414E-6,17.213911,0.0038484177,0.24989021,0.0018222053,0.09744566,0.00446574,0.1743499,0.004874056,0.74829054,0.0015528578,0.08912839,0.002708876,0.18189783,0.00427443,null,null,null,null,"TWOGAUSSIANS",8,2.322745,0.74829054,0.0015528578,0.4,0.0,0.17232274,0.003305623,0.24989021,0.0018222053,0.4,0.0,0.16477418,0.006008677
375316653866487564,5870054059715068416,0.46308365,2247.3664099812395,2.7438057205255477,1.35929795E-5,19.898714,0.011813521,0.24834983,0.0055937665,0.0886664,0.0068233516,0.27570847,0.01456019,0.75086284,0.0053710463,0.07863914,0.0074674035,0.2686737,0.019635942,null,null,null,null,"TWOGAUSSIANS",8,1.778398,0.24834983,0.0055937665,0.4,0.0,0.2697324,0.012732989,0.75086284,0.0053710463,0.4,0.0,0.26269767,0.019559402
375316653866487564,5870054265911092096,0.6804271,2231.0239760624836,1.630051342590576,9.968772E-7,15.4527235,0.0014573922,0.2552091,3.789664E-4,0.056919694,8.206876E-4,0.22991338,0.0034219234,0.75885177,0.00196599,0.04158281,0.0025233566,0.03293221,0.0034797392,0.06633204,0.0018246833,0.2552091,3.789664E-4,"TWOGAUSSIANS_WITH_ELLIPSOIDAL_ON_ECLIPSE1",9,5.9241495,0.2552091,3.789664E-4,0.3187503,0.0045958506,0.3625626,0.0023166393,0.75885177,0.00196599,0.23286374,0.014130797,0.16551195,0.0013108957
375316653866487564,5870054467712742016,0.4756913,2208.240555843683,1.0153123666070294,7.6181796E-6,17.89448,0.007511123,0.27547085,0.0079540005,0.031769346,0.006180416,0.08079732,0.030412532,0.7687211,0.0036199763,0.022158103,0.0033321963,0.42485386,0.031707708,0.013046108,0.010911261,0.27547085,0.0079540005,"TWOGAUSSIANS_WITH_ELLIPSOIDAL_ON_ECLIPSE1",9,31.210857,0.76874113,0.0036083227,0.124085374,0.0186603,0.4508993,0.031879,0.27547085,0.0079540005,0.17790833,0.034610327,0.10688954,0.023671523
375316653866487564,5870054643830799488,0.4270491,2220.3792966954616,0.8751655784585073,4.6141613E-6,19.016829,0.0066263643,0.3026623,0.0012953137,0.006298873,0.0015034459,2.0558336,4.221536,0.8680645,0.010839462,0.008286322,0.007246096,0.13207774,0.64052767,0.016326573,0.009972626,0.3026623,0.0012953137,"TWOGAUSSIANS_WITH_ELLIPSOIDAL_ON_ECLIPSE1",9,18.857838,0.3026623,0.0012953137,0.03527369,0.008419297,2.0884867,4.224437,0.8680645,0.010839462,0.046403404,0.040578138,0.1595203,0.64066386
375316653866487564,5870055223632644736,0.5352624,2259.165497581463,0.21219509610342374,2.2954432E-6,19.256943,0.0024744438,0.2849318,7.234636E-4,0.010703817,4.0768256E-4,0.567107,0.029853662,0.78363734,0.009871563,0.011425364,0.004108565,0.49731112,0.1911027,null,null,null,null,"TWOGAUSSIANS",8,1.4049753,0.2849318,7.234636E-4,0.059941374,0.0022830223,0.567107,0.029853662,0.78363734,0.009871563,0.06398204,0.023007965,0.49731112,0.1911027
375316653866487564,5870055331028047616,0.5098619,2255.353407211854,0.637341032460726,1.3318644E-5,19.842768,0.0054738135,0.2655939,0.005089795,0.034095433,0.0048000244,0.11250805,0.012632947,0.75967413,0.003872887,0.03503635,0.0036432126,0.9137185,0.16177358,null,null,null,null,"TWOGAUSSIANS",8,2.1909027,0.75967413,0.003872887,0.19620357,0.02040199,0.9137185,0.16177358,0.2655939,0.005089795,0.19093442,0.026880138,0.11250805,0.012632947
375316653866487564,5870055640265719424,0.53029925,2220.8357738620366,1.6060875884385655,5.5642904E-6,19.068651,0.0062687546,0.2785907,0.003968784,0.09093571,0.00613992,0.18522206,0.006777624,0.76634914,0.0016695256,0.08225012,0.0034785906,0.29758802,0.006765752,null,null,null,null,"TWOGAUSSIANS",8,1.3436762,0.76634914,0.0016695256,0.4,0.0,0.29178047,0.0063893097,0.2785907,0.003968784,0.4,0.0,0.17941439,0.0060790144
375316653866487564,5870055743345068160,0.54411685,2212.7319338645734,3.8088539929786,5.170975E-6,19.88964,0.011315441,0.2193494,0.0017927362,0.046067834,0.0029037634,0.37567323,0.035254255,0.722294,0.0033923648,0.04412943,0.0043865866,0.42466012,0.04022914,0.1420788,0.014411782,0.2193494,0.0017927362,"TWOGAUSSIANS_WITH_ELLIPSOIDAL_ON_ECLIPSE1",9,2.0584195,0.722294,0.0033923648,0.2471248,0.024564885,0.70872015,0.038833316,0.2193494,0.0017927362,0.25797987,0.016261075,0.6598305,0.026122887
375316653866487564,5870055743380231296,0.58097726,2238.537282986465,2.8624043098994516,4.363504E-6,16.446241,0.0039957627,0.12880526,0.0026280286,0.04725802,0.00568728,0.10889745,0.009834148,0.6232304,0.004023093,0.05572389,0.004674674,0.13664357,0.008608693,0.04643952,0.0049131876,0.12880526,0.0026280286,"TWOGAUSSIANS_WITH_ELLIPSOIDAL_ON_ECLIPSE1",9,7.514823,0.6240304,0.0033786786,0.3120538,0.026178174,0.22942117,0.0050460543,0.12880526,0.0026280286,0.26464492,0.031848766,0.2017727,0.005663414
