Gaia/vari_eclipsing_binary/VariEclipsingBinary_763416-763560.csv
# %ECSV 1.0
# ---
# delimiter: ','
# meta: !!omap
# - RELEASE: Gaia DR3
# - TABLE: vari_eclipsing_binary
# - DESCRIPTION: >
#     This table describes the properties of the eclipsing binaries resulting from the variability analysis. 
# - CITATION: >
#     How to cite and acknowledge Gaia: 
#     https://gea.esac.esa.int/archive/documentation/credits.html 
# - KNOWN_ISSUES: >
#     Known issues: 
#     https://www.cosmos.esa.int/web/gaia-users/known-issues 
# - DOCUMENTATION: >
#     Tutorials and documentation: 
#     https://www.cosmos.esa.int/web/gaia-users/archive 
# datatype:
# - 
#   name: solution_id
#   datatype: int64
#   description: Solution Identifier
#   meta:
#     ucd: meta.version
# - 
#   name: source_id
#   datatype: int64
#   description: Unique source identifier
#   meta:
#     ucd: meta.id;meta.main
# - 
#   name: global_ranking
#   datatype: float32
#   description: Number between 0 (worst) and 1 (best)
#   meta:
#     ucd: stat.param
# - 
#   name: reference_time
#   datatype: float64
#   unit: d
#   description: Reference time used for the geometric model fit
#   meta:
#     ucd: time.epoch
# - 
#   name: frequency
#   datatype: float64
#   unit: d**-1
#   description: Frequency of geometric model of the eclipsing binary light curve
#   meta:
#     ucd: src.orbital
# - 
#   name: frequency_error
#   datatype: float32
#   unit: d**-1
#   description: "Uncertainty of \\texttt{frequency}"
#   meta:
#     ucd: stat.error
# - 
#   name: geom_model_reference_level
#   datatype: float32
#   unit: mag
#   description: Magnitude reference level of geometric model
#   meta:
#     ucd: phot.mag;em.opt
# - 
#   name: geom_model_reference_level_error
#   datatype: float32
#   unit: mag
#   description: "Uncertainty of \\texttt{geomModelReferenceLevel}"
#   meta:
#     ucd: stat.error;phot.mag;em.opt
# - 
#   name: geom_model_gaussian1_phase
#   datatype: float32
#   description: Phase of the Gaussian 1 component
#   meta:
#     ucd: time.phase
# - 
#   name: geom_model_gaussian1_phase_error
#   datatype: float32
#   description: "Uncertainty of \\texttt{geomModelGaussian1Phase}"
#   meta:
#     ucd: stat.error;time.phase
# - 
#   name: geom_model_gaussian1_sigma
#   datatype: float32
#   description: "Standard deviation [phase] of Gaussian 1 component"
#   meta:
#     ucd: stat.stdev
# - 
#   name: geom_model_gaussian1_sigma_error
#   datatype: float32
#   description: "Uncertainty of \\texttt{geomModelGaussian1Sigma}"
#   meta:
#     ucd: stat.error
# - 
#   name: geom_model_gaussian1_depth
#   datatype: float32
#   unit: mag
#   description: Magnitude depth of Gaussian 1 component
#   meta:
#     ucd: src.var.amplitude
# - 
#   name: geom_model_gaussian1_depth_error
#   datatype: float32
#   unit: mag
#   description: "Uncertainty of \\texttt{geomModelGaussian1Depth}"
#   meta:
#     ucd: stat.error;src.var.amplitude
# - 
#   name: geom_model_gaussian2_phase
#   datatype: float32
#   description: Phase of Gaussian 2 component
#   meta:
#     ucd: time.phase
# - 
#   name: geom_model_gaussian2_phase_error
#   datatype: float32
#   description: "Uncertainty of \\texttt{geomModelGaussian2Phase}"
#   meta:
#     ucd: stat.error;time.phase
# - 
#   name: geom_model_gaussian2_sigma
#   datatype: float32
[...]
#   datatype: float32
#   description: "Secondary eclipse: uncertainty of \\texttt{derivedSecondaryEclDuration}"
#   meta:
#     ucd: stat.error;time.duration
# - 
#   name: derived_secondary_ecl_depth
#   datatype: float32
#   unit: mag
#   description: "Secondary eclipse: depth"
#   meta:
#     ucd: src.var.amplitude
# - 
#   name: derived_secondary_ecl_depth_error
#   datatype: float32
#   unit: mag
#   description: "Secondary eclipse: uncertainty of \\texttt{derivedSecondaryEclDepth}"
#   meta:
#     ucd: stat.error;src.var.amplitude
solution_id,source_id,global_ranking,reference_time,frequency,frequency_error,geom_model_reference_level,geom_model_reference_level_error,geom_model_gaussian1_phase,geom_model_gaussian1_phase_error,geom_model_gaussian1_sigma,geom_model_gaussian1_sigma_error,geom_model_gaussian1_depth,geom_model_gaussian1_depth_error,geom_model_gaussian2_phase,geom_model_gaussian2_phase_error,geom_model_gaussian2_sigma,geom_model_gaussian2_sigma_error,geom_model_gaussian2_depth,geom_model_gaussian2_depth_error,geom_model_cosine_half_period_amplitude,geom_model_cosine_half_period_amplitude_error,geom_model_cosine_half_period_phase,geom_model_cosine_half_period_phase_error,model_type,num_model_parameters,reduced_chi2,derived_primary_ecl_phase,derived_primary_ecl_phase_error,derived_primary_ecl_duration,derived_primary_ecl_duration_error,derived_primary_ecl_depth,derived_primary_ecl_depth_error,derived_secondary_ecl_phase,derived_secondary_ecl_phase_error,derived_secondary_ecl_duration,derived_secondary_ecl_duration_error,derived_secondary_ecl_depth,derived_secondary_ecl_depth_error
[from data line 371]
375316653866487564,6716167354349979520,0.54275584,2246.5581398275517,0.8677112419005485,3.3993896E-5,18.843546,0.0045997347,0.47304276,0.01816855,0.0894645,0.029506981,0.15355511,0.012562882,0.7079968,0.027331913,0.08894156,0.013471846,0.1740115,0.024278574,null,null,null,null,"TWOGAUSSIANS",8,1.2698861,0.7079968,0.027331913,0.4,0.0,0.17886016,0.016418098,0.48386276,0.012817155,0.4,0.0,0.15967391,0.01137473
375316653866487564,6716169862610312320,0.59298605,2262.8395859795137,3.0813796474987556,1.7944305E-5,15.231992,0.05026674,0.28149182,0.011114778,0.070610166,0.01843423,0.24314512,0.1100483,0.7891891,0.0044342284,0.057607062,0.016431293,0.17101811,0.10484322,0.07437622,0.053955764,0.7891891,0.0044342284,"TWOGAUSSIANS_WITH_ELLIPSOIDAL_ON_ECLIPSE2",9,79.55646,0.2829818,0.008754881,0.39541692,0.073637165,0.39130065,0.03792272,0.7891891,0.0044342284,0.32259956,0.09201524,0.3194539,0.010556818
375316653866487564,6716170107426466176,0.62433916,2328.636510675073,3.947614562841937,3.4196957E-5,18.746538,0.011319591,0.24425903,0.008681262,0.07520284,0.010919442,0.36064556,0.01786779,0.7472235,0.0058888,0.07887058,0.007746489,0.39547312,0.015505006,null,null,null,null,"TWOGAUSSIANS",8,1.2997522,0.7472235,0.0058888,0.4,0.0,0.39180493,0.015605715,0.24425903,0.008681262,0.4,0.0,0.35697737,0.01612245
375316653866487564,6716170760264163712,0.5342174,2303.588064135338,0.32743162732316744,7.0430215E-5,19.239466,0.005322844,0.616972,0.01785389,0.076085545,0.012497282,0.19750533,0.035592824,0.35249886,0.047994528,0.07859567,0.07679173,0.14500225,0.0065149367,null,null,null,null,"TWOGAUSSIANS",8,0.68762475,0.61632204,0.011773881,0.4,0.03358934,0.19801237,0.019473728,0.35344887,0.04885268,0.4,0.063649595,0.14547807,0.0072111296
375316653866487564,6716172954989379072,0.49124837,2265.520590640171,0.8922154672442102,7.139621E-5,18.958815,0.0057863486,0.21531633,0.022745643,0.05106653,0.010622026,0.12186289,0.0495833,0.5114198,0.0030821546,0.044885423,0.0029605692,0.16111022,0.008974413,null,null,null,null,"TWOGAUSSIANS",8,1.6060146,0.5114198,0.0030821546,0.25135836,0.016579187,0.16111024,0.008974426,0.21531633,0.022745643,0.28597257,0.05948335,0.12186289,0.0495833
375316653866487564,6716176429621016960,0.6250161,2236.139041313855,2.915786862385662,6.737934E-6,15.362454,0.006885806,0.2924332,0.0018838724,0.09280638,0.005384293,0.22674431,0.007096235,0.7920121,0.0011962084,0.09244127,0.005149846,0.22243616,0.013295458,null,null,null,null,"TWOGAUSSIANS",8,7.282875,0.2924332,0.0018838724,0.4,0.0,0.21505414,0.009106723,0.7920121,0.0011962084,0.4,0.0,0.21074603,0.015598124
375316653866487564,6716177215595126912,0.50732654,2283.2691718084593,0.60954290551971,3.967858E-5,19.000002,0.05577291,0.25618577,0.027547011,0.1399364,0.048762236,0.18055005,0.05580036,0.76028883,0.011729562,0.08530819,0.018161718,0.19715881,0.05192632,null,null,null,null,"TWOGAUSSIANS",8,1.2188044,0.76034886,0.011794044,0.4,0.0,0.16843542,0.014067995,0.25618577,0.027547011,0.4,0.0,0.15121348,0.022696476
375316653866487564,6716177254254756736,0.45515016,2205.1658683617634,0.7615072317842034,4.3397846E-5,17.720896,0.007383894,0.30351067,0.03970077,0.07868713,0.033014234,0.098769926,0.020577794,0.8102613,0.0075748553,0.062327094,0.014762297,0.21185085,0.17084315,null,null,null,null,"TWOGAUSSIANS",8,8.585307,0.8102613,0.0075748553,0.34903172,0.08266886,0.2114237,0.1714499,0.30351067,0.03970077,0.4,0.079561375,0.09834277,0.020515377
375316653866487564,6716179036659281280,0.5993551,2239.302853980119,3.065756737976362,1.0007324E-5,12.681922,0.0091871265,0.2586216,0.0031719357,0.09834674,0.0068029608,0.234914,0.010695136,0.7631792,0.0028750692,0.09150751,0.00508383,0.23017363,0.008874724,null,null,null,null,"TWOGAUSSIANS",8,119.27628,0.2586216,0.0031719357,0.4,0.0,0.22130887,0.011586515,0.7631792,0.0028750692,0.4,0.0,0.21656953,0.004684411
375316653866487564,6716179552057400704,0.62236273,2186.6435614375055,1.9171820119090446,3.4340258E-6,16.78661,0.004065298,0.28649634,0.0018224417,0.049201116,0.0030125703,0.33682978,0.029029265,0.7934929,0.0037641618,0.024480479,0.024972849,0.015410396,0.009313501,0.07601891,0.0051469523,0.7934929,0.0037641618,"TWOGAUSSIANS_WITH_ELLIPSOIDAL_ON_ECLIPSE2",9,4.6190033,0.28705636,0.0016898271,0.27552626,0.016870392,0.48859683,0.029143373,0.7934929,0.0037641618,0.13709068,0.13984795,0.16744779,0.0053466056
375316653866487564,6716181922879791616,0.5093455,2223.811014067289,0.6096006961939144,2.5278992E-5,17.831436,0.0044835014,0.27170268,0.03135169,0.105158046,0.021973794,0.0680186,0.007143188,0.71100026,0.0043226383,0.08440667,0.009220336,0.076658085,0.006188965,null,null,null,null,"TWOGAUSSIANS",8,1.4153472,0.71100026,0.0043226383,0.4,0.0,0.074876055,0.0061120293,0.27170268,0.031351693,0.4,0.0,0.06622558,0.0065353345
375316653866487564,6716181957239598464,0.5023832,2273.654904874535,1.1065648830030756,1.4311257E-5,19.660763,0.0052924575,0.1576178,0.0017001922,0.016304517,0.0016543911,0.8447013,0.6236936,0.6595016,1.1519857E-4,0.024026295,6.8752567E-4,0.21574391,0.0050663557,null,null,null,null,"TWOGAUSSIANS",8,0.7994605,0.1576178,0.0017001922,0.09130529,0.00926459,0.8447013,0.6236936,0.6595016,1.1519857E-4,0.13454726,0.0038501439,0.21574391,0.0050663557
375316653866487564,6716189005285378816,0.58848953,2224.57871292543,2.9488381347340873,1.0256993E-5,17.49615,0.018815283,0.2624033,0.023629723,0.032752436,0.03294806,0.44197735,8.186484,0.7549508,0.003184073,0.06312651,0.0046222378,0.29175624,0.04963714,0.124385715,0.026703702,0.7549508,0.003184073,"TWOGAUSSIANS_WITH_ELLIPSOIDAL_ON_ECLIPSE2",9,25.080872,0.2620633,0.01982271,0.18341364,0.18450914,0.6901151,8.186168,0.7549508,0.003184073,0.35350847,0.025884531,0.5404142,0.020929605
375316653866487564,6716190517115869312,0.47093686,2207.0078285306963,1.1263607974988714,2.8233355E-5,18.051062,0.009033917,0.24367487,0.014007895,0.025891496,0.003991831,0.91483057,0.43904507,0.6190948,0.079227395,0.07863311,0.07546765,0.039416786,62.093586,null,null,null,null,"TWOGAUSSIANS",8,13.456912,0.24367487,0.014007895,0.14499238,0.022354254,0.914831,0.43904495,0.6190948,0.079227395,0.4,0.31749701,0.039416783,62.093586
375316653866487564,6716191273028227584,0.56117785,2209.5772536034588,2.1909912636262647,2.5268631E-5,17.494785,0.0015529118,0.7963958,0.005613932,0.034062717,0.008307591,0.03334134,0.014012806,0.4765438,0.016837742,0.081408046,0.014475365,0.1934579,0.10650127,null,null,null,null,"TWOGAUSSIANS",8,0.730554,0.4765438,0.016837742,0.4,0.0,0.1934579,0.106501356,0.79624575,0.005512724,0.19075121,0.04652251,0.033427633,0.014067612
375316653866487564,6716191513546369664,0.5263103,2203.3215739573043,2.8711868851164373,9.595545E-6,17.933384,0.01594898,0.2471076,0.02555206,0.028236143,0.022101868,0.22052579,0.42347035,0.7352671,0.0026270126,0.051367603,0.0042280336,0.49130747,0.02454403,null,null,null,null,"TWOGAUSSIANS",8,50.76523,0.7352671,0.0026270126,0.28765857,0.023676988,0.49130747,0.024544029,0.2471076,0.02555206,0.1581224,0.12377046,0.22052579,0.42347035
375316653866487564,6716193575130721024,0.55976486,2222.694192983511,3.5951940154105535,2.754344E-5,18.993937,0.00872694,0.25735357,0.002014943,0.07030288,0.0028994817,0.48009977,0.021174112,0.76732326,0.012639833,0.066349775,0.010941766,0.40658006,0.03529217,null,null,null,null,"TWOGAUSSIANS",8,2.6077845,0.25735357,0.002014943,0.39369613,0.015202571,0.47926235,0.021210087,0.76732326,0.012639833,0.37155876,0.061230484,0.40574262,0.035551246
375316653866487564,6716193575130723584,0.46336672,2173.268925919187,0.9480458542643458,8.6418775E-5,15.4753,0.019408556,0.19966632,0.028649826,0.10720349,0.034181446,0.06124312,0.019759687,0.7728231,0.021060977,0.11091546,0.024163933,0.10501251,0.031351905,null,null,null,null,"TWOGAUSSIANS",8,4.989628,0.77292305,0.020847956,0.4,0.0,0.0999603,0.021837668,0.19924632,0.028918462,0.4,0.0,0.05623322,0.010959454
375316653866487564,6716195396196655616,0.6120718,2197.8519571826746,3.229505552665079,7.2965977E-6,16.29924,0.010880664,0.25793672,0.0025600719,0.044877514,0.0089346,0.14361675,0.03380154,0.7507563,0.017516112,0.054891653,0.021032901,0.12606654,0.023638275,0.068911746,0.012231707,0.25793672,0.0025600719,"TWOGAUSSIANS_WITH_ELLIPSOIDAL_ON_ECLIPSE1",9,10.136426,0.25793672,0.0025600719,0.25131407,0.050033763,0.28143805,0.033159375,0.7522363,0.015083198,0.30739325,0.117784254,0.2636653,0.014051643
375316653866487564,6716195567995372800,0.5157443,2240.3035769763724,3.967637089297076,3.8439855E-5,17.637222,0.014268493,0.22916009,0.004214597,0.06847527,0.007981448,0.2739473,0.030956315,0.712583,0.050487023,0.057644434,0.03394613,0.32391486,3.602014,null,null,null,null,"TWOGAUSSIANS",8,15.522645,0.712583,0.050487023,0.32280883,0.19009833,0.32378083,3.6021879,0.22916009,0.004214597,0.3834615,0.04469611,0.27381328,0.031046785
375316653866487564,6716196839305786624,0.57184535,2215.205911251412,2.8879252348782765,1.3231644E-5,16.640017,0.009215827,0.3133954,0.0052323146,0.04052063,0.0086268475,0.09255154,0.047206346,0.81863886,0.008172809,0.057087123,0.01016012,0.11360169,0.03154455,0.06654957,0.019615209,0.3133954,0.0052323146,"TWOGAUSSIANS_WITH_ELLIPSOIDAL_ON_ECLIPSE1",9,16.62243,0.81863886,0.008159823,0.31968787,0.05689667,0.24655102,0.019330617,0.3133954,0.0052323146,0.22691554,0.048310347,0.22564529,0.032236587
375316653866487564,6716197938817342720,0.48771206,2232.0230731095967,0.6095148520292117,7.589225E-5,18.101961,0.0047696773,0.28353402,0.028066019,0.082388535,0.016224673,0.29737273,0.047713157,0.7260678,0.021255547,0.046065077,0.021967757,0.26172137,0.09132259,null,null,null,null,"TWOGAUSSIANS",8,3.3670583,0.28353402,0.028066019,0.4,0.0,0.2973284,0.047780596,0.7260678,0.021255547,0.25796443,0.12301944,0.2616772,0.09135768
375316653866487564,6716199137109227136,0.46715775,2250.659395635332,0.027945480321120035,4.8820668E-5,17.393364,0.008199859,0.30934724,0.005837182,0.011057718,0.006981929,0.024375442,4.0441523,null,null,null,null,null,null,0.15894532,0.010711895,0.30934724,0.005837182,"ONEGAUSSIAN_WITH_ELLIPSOIDAL",6,8.162624,0.30934724,0.005837182,0.061923217,0.039098803,0.34226552,4.0426807,null,null,null,null,null,null
375316653866487564,6716201576650650368,0.52686626,2236.1689838279353,0.2804816156781192,1.2029685E-5,17.514683,0.0031797225,0.44008234,0.034838215,0.051932048,0.038685635,0.03816876,0.0064668604,0.7366002,0.0016348936,0.012125447,0.0010105887,0.3113216,0.004142695,null,null,null,null,"TWOGAUSSIANS",8,10.242747,0.7366002,0.0016348936,0.067902505,0.005659297,0.3113216,0.003914247,0.44008234,0.034838215,0.29081947,0.12467718,0.03816876,0.006466864
375316653866487564,6716206077774557056,0.5486322,2290.325408516546,2.9525766331820575,1.1752812E-5,18.525167,0.024011882,0.26120514,0.00765674,0.082236454,0.01282857,0.37397054,0.030598244,0.762844,0.0032859494,0.07733722,0.009775114,0.4235861,0.045117345,null,null,null,null,"TWOGAUSSIANS",8,5.716751,0.762844,0.0032859494,0.4,0.0,0.41791323,0.04847733,0.26120514,0.00765674,0.4,0.0,0.3682977,0.031634614
375316653866487564,6716210029144681856,0.50602627,2297.274466280709,3.7338035356133807,3.066831E-5,17.182323,0.012201774,0.1377281,0.01524915,0.024112545,0.023988627,0.89793485,0.9466096,0.7065078,0.008518501,0.03929503,0.013017327,0.06752117,0.026000967,0.06354791,0.015945366,0.7065078,0.008518501,"TWOGAUSSIANS_WITH_ELLIPSOIDAL_ON_ECLIPSE2",9,16.015162,0.13811809,0.023178974,0.13503025,0.13433631,1.0028547,0.9511746,0.7065078,0.008518501,0.22005215,0.07289703,0.19461697,0.01848845
375316653866487564,6716210235309515392,0.49567536,2328.882834091068,0.442287645801808,3.8116028E-5,19.301004,0.03005651,0.42681968,0.010200918,0.16201706,0.034219317,0.18933159,0.025670841,0.9707171,0.016774906,0.055824596,0.0152033195,0.06050633,0.027167894,null,null,null,null,"TWOGAUSSIANS",8,0.904694,0.42681968,0.010200918,0.4,0.0,0.17804582,0.012119812,0.9733871,0.016202798,0.31261775,0.08513859,0.053561594,0.018519707
375316653866487564,6716210892438422784,0.47994822,2313.0901919494677,1.4082103322405792,6.8891E-5,18.116838,0.0056253495,0.7175789,0.06484527,0.09535864,0.039730273,0.08355043,0.026011989,0.88054365,0.019139014,0.02965225,0.021153752,0.110025175,0.094118044,null,null,null,null,"TWOGAUSSIANS",8,3.6341822,0.88054365,0.019139014,0.16605261,0.11846101,0.12942293,0.09446878,0.7175789,0.06484665,0.4,0.0,0.08355028,0.026033942
375316653866487564,6716212915362759680,0.48241445,2252.4626691655167,3.9872141041952722,9.803578E-5,18.386457,0.01685976,0.15113747,0.01562584,0.10325249,0.030588118,0.090533756,0.02024187,0.7291193,0.031551655,0.11988395,0.036389146,0.10207748,0.024974577,null,null,null,null,"TWOGAUSSIANS",8,1.7467062,0.72923934,0.031511743,0.4,0.0,0.09537395,0.025528334,0.15040746,0.0149208885,0.4,0.0,0.084019944,0.01510409
375316653866487564,6716220959842577536,0.5673893,2220.024306899953,3.150588129016554,1.0924698E-5,18.146042,0.02141747,0.27059567,0.0035272315,0.08939187,0.010450794,0.27051687,0.022683011,0.7707986,0.0050265715,0.08674493,0.019919407,0.3005982,0.040092938,null,null,null,null,"TWOGAUSSIANS",8,2.6828415,0.7707986,0.0050265715,0.4,0.0,0.2904968,0.0527469,0.27059567,0.0035272315,0.4,0.0,0.2604154,0.021626156
375316653866487564,6716222364291083904,0.5927551,2296.8800552055045,2.9854523713080416,2.0574505E-5,15.790143,0.010835251,0.20715569,0.0035600222,0.041014366,0.012026805,0.38942176,0.14335841,0.7034078,0.015035085,0.035044942,0.024013977,0.1583933,0.0905134,0.116149135,0.014609067,0.20715569,0.0035600222,"TWOGAUSSIANS_WITH_ELLIPSOIDAL_ON_ECLIPSE1",9,72.128525,0.20715569,0.0035600222,0.22968045,0.06735011,0.62171966,0.14835571,0.7038778,0.013800532,0.19625168,0.13447827,0.39057842,0.10314122
375316653866487564,6716222918343873792,0.47575006,2277.3233418348054,0.6392206813327288,7.5244556E-5,16.842335,0.0032452105,0.26423818,0.014447064,0.043520745,0.016695596,0.04790817,0.045583274,0.6311807,0.015550131,0.06419357,0.012744779,0.016204411,0.0037792465,null,null,null,null,"TWOGAUSSIANS",8,2.8085234,0.26423818,0.014447064,0.24371617,0.09349534,0.047908165,0.045583274,0.6311807,0.015550131,0.35948396,0.07137076,0.01620441,0.003779231
375316653866487564,6716229240534141824,0.5502633,2278.31523011349,3.480961749796161,1.4583175E-5,19.308277,0.018314973,0.3722935,0.008730694,0.07172,0.008939751,0.51546806,0.023144271,0.8509163,0.008781373,0.07708454,0.006699873,0.41129965,0.02490627,null,null,null,null,"TWOGAUSSIANS",8,3.5128906,0.3722935,0.008730694,0.4,0.043948364,0.5134909,0.022281423,0.8509163,0.008781373,0.4,0.0,0.40932253,0.023854697
375316653866487564,6716235833311652864,0.57387745,2247.300104824552,3.4538041283520826,9.1469565E-6,19.242609,0.01935881,0.2532442,0.00274645,0.059028924,0.004604369,0.49628302,0.020301662,0.75249064,0.005618965,0.0656861,0.0063808053,0.5812502,0.044398114,null,null,null,null,"TWOGAUSSIANS",8,4.3088837,0.75249064,0.005618965,0.36784217,0.03573251,0.5809101,0.044460766,0.2532442,0.00274645,0.33056197,0.025784466,0.49594292,0.02008051
375316653866487564,6716247859219671424,0.5491304,2228.307822449666,1.300171957765522,1.6301941E-5,11.89511,0.009260494,0.20868595,0.002650152,0.118461825,0.008862819,0.09984775,0.008749619,0.6741687,0.0038620336,0.11310101,0.013426118,0.081647776,0.008047172,null,null,null,null,"TWOGAUSSIANS",8,27.942467,0.20876595,0.0025515205,0.4,0.0,0.08726917,0.0029472958,0.6741687,0.0038620336,0.4,0.0,0.06909899,0.0049970634
