Gaia/vari_eclipsing_binary/VariEclipsingBinary_678699-678724.csv
# %ECSV 1.0
# ---
# delimiter: ','
# meta: !!omap
# - RELEASE: Gaia DR3
# - TABLE: vari_eclipsing_binary
# - DESCRIPTION: >
#     This table describes the properties of the eclipsing binaries resulting from the variability analysis. 
# - CITATION: >
#     How to cite and acknowledge Gaia: 
#     https://gea.esac.esa.int/archive/documentation/credits.html 
# - KNOWN_ISSUES: >
#     Known issues: 
#     https://www.cosmos.esa.int/web/gaia-users/known-issues 
# - DOCUMENTATION: >
#     Tutorials and documentation: 
#     https://www.cosmos.esa.int/web/gaia-users/archive 
# datatype:
# - 
#   name: solution_id
#   datatype: int64
#   description: Solution Identifier
#   meta:
#     ucd: meta.version
# - 
#   name: source_id
#   datatype: int64
#   description: Unique source identifier
#   meta:
#     ucd: meta.id;meta.main
# - 
#   name: global_ranking
#   datatype: float32
#   description: Number between 0 (worst) and 1 (best)
#   meta:
#     ucd: stat.param
# - 
#   name: reference_time
#   datatype: float64
#   unit: d
#   description: Reference time used for the geometric model fit
#   meta:
#     ucd: time.epoch
# - 
#   name: frequency
#   datatype: float64
#   unit: d**-1
#   description: Frequency of geometric model of the eclipsing binary light curve
#   meta:
#     ucd: src.orbital
# - 
#   name: frequency_error
#   datatype: float32
#   unit: d**-1
#   description: "Uncertainty of \\texttt{frequency}"
#   meta:
#     ucd: stat.error
# - 
#   name: geom_model_reference_level
#   datatype: float32
#   unit: mag
#   description: Magnitude reference level of geometric model
#   meta:
#     ucd: phot.mag;em.opt
# - 
#   name: geom_model_reference_level_error
#   datatype: float32
#   unit: mag
#   description: "Uncertainty of \\texttt{geomModelReferenceLevel}"
#   meta:
#     ucd: stat.error;phot.mag;em.opt
# - 
#   name: geom_model_gaussian1_phase
#   datatype: float32
#   description: Phase of the Gaussian 1 component
#   meta:
#     ucd: time.phase
# - 
#   name: geom_model_gaussian1_phase_error
#   datatype: float32
#   description: "Uncertainty of \\texttt{geomModelGaussian1Phase}"
#   meta:
#     ucd: stat.error;time.phase
# - 
#   name: geom_model_gaussian1_sigma
#   datatype: float32
#   description: "Standard deviation [phase] of Gaussian 1 component"
#   meta:
#     ucd: stat.stdev
# - 
#   name: geom_model_gaussian1_sigma_error
#   datatype: float32
#   description: "Uncertainty of \\texttt{geomModelGaussian1Sigma}"
#   meta:
#     ucd: stat.error
# - 
#   name: geom_model_gaussian1_depth
#   datatype: float32
#   unit: mag
#   description: Magnitude depth of Gaussian 1 component
#   meta:
#     ucd: src.var.amplitude
# - 
#   name: geom_model_gaussian1_depth_error
#   datatype: float32
#   unit: mag
#   description: "Uncertainty of \\texttt{geomModelGaussian1Depth}"
#   meta:
#     ucd: stat.error;src.var.amplitude
# - 
#   name: geom_model_gaussian2_phase
#   datatype: float32
#   description: Phase of Gaussian 2 component
#   meta:
#     ucd: time.phase
# - 
#   name: geom_model_gaussian2_phase_error
#   datatype: float32
#   description: "Uncertainty of \\texttt{geomModelGaussian2Phase}"
#   meta:
#     ucd: stat.error;time.phase
# - 
#   name: geom_model_gaussian2_sigma
#   datatype: float32
[...]
#   datatype: float32
#   description: "Secondary eclipse: uncertainty of \\texttt{derivedSecondaryEclDuration}"
#   meta:
#     ucd: stat.error;time.duration
# - 
#   name: derived_secondary_ecl_depth
#   datatype: float32
#   unit: mag
#   description: "Secondary eclipse: depth"
#   meta:
#     ucd: src.var.amplitude
# - 
#   name: derived_secondary_ecl_depth_error
#   datatype: float32
#   unit: mag
#   description: "Secondary eclipse: uncertainty of \\texttt{derivedSecondaryEclDepth}"
#   meta:
#     ucd: stat.error;src.var.amplitude
solution_id,source_id,global_ranking,reference_time,frequency,frequency_error,geom_model_reference_level,geom_model_reference_level_error,geom_model_gaussian1_phase,geom_model_gaussian1_phase_error,geom_model_gaussian1_sigma,geom_model_gaussian1_sigma_error,geom_model_gaussian1_depth,geom_model_gaussian1_depth_error,geom_model_gaussian2_phase,geom_model_gaussian2_phase_error,geom_model_gaussian2_sigma,geom_model_gaussian2_sigma_error,geom_model_gaussian2_depth,geom_model_gaussian2_depth_error,geom_model_cosine_half_period_amplitude,geom_model_cosine_half_period_amplitude_error,geom_model_cosine_half_period_phase,geom_model_cosine_half_period_phase_error,model_type,num_model_parameters,reduced_chi2,derived_primary_ecl_phase,derived_primary_ecl_phase_error,derived_primary_ecl_duration,derived_primary_ecl_duration_error,derived_primary_ecl_depth,derived_primary_ecl_depth_error,derived_secondary_ecl_phase,derived_secondary_ecl_phase_error,derived_secondary_ecl_duration,derived_secondary_ecl_duration_error,derived_secondary_ecl_depth,derived_secondary_ecl_depth_error
[from data line 38]
375316653866487564,5969907372108264320,0.53730756,2249.1705342378564,1.1783790845254931,4.0072366E-5,16.58005,0.013974919,0.26612186,0.0055407225,0.096458115,0.010589189,0.19452411,0.017315732,0.7664232,0.0067615234,0.07922889,0.0078032436,0.23984598,0.016046444,null,null,null,null,"TWOGAUSSIANS",8,19.466911,0.7664232,0.0067615234,0.4,0.0,0.23248811,0.012282943,0.26612186,0.0055407225,0.4,0.0,0.18716566,0.016688658
375316653866487564,5969907548229846528,0.47629762,2231.3905806024427,2.42000398891396,8.8292145E-5,19.416746,0.024787355,0.20448157,0.012217555,0.091677226,0.01855153,0.2513678,0.023658646,0.6945368,0.0057253465,0.0917705,0.012511371,0.30643415,0.033237234,null,null,null,null,"TWOGAUSSIANS",8,3.7472408,0.6945368,0.0057253465,0.4,0.0,0.294789,0.03151271,0.20448157,0.012217555,0.4,0.0,0.23972265,0.016722605
375316653866487564,5969907582589615616,0.5509481,2251.8776235757095,4.017411939402061,2.6161897E-5,19.321188,0.008774576,0.25298777,0.004178682,0.15011099,0.006394875,0.43621358,0.013976849,0.9164459,0.0042102635,0.01751317,0.00849775,0.0883183,0.20497078,null,null,null,null,"TWOGAUSSIANS",8,1.3268186,0.25298777,0.004178682,0.4,0.0,0.432813,0.014239571,0.9183259,0.0048004864,0.09807375,0.0475874,0.12077523,0.20504104
375316653866487564,5969907990583651584,0.5841591,2254.142509407956,0.8498237460174831,7.075782E-6,14.395966,0.031173522,0.30884892,0.0013602915,0.19362724,0.014802766,0.33196774,0.026419064,0.8102729,0.0012138695,0.19620056,0.015418428,0.33610216,0.03331378,null,null,null,null,"TWOGAUSSIANS",8,4.6825247,0.8112629,0.0013087253,0.4,0.0,0.06724626,0.0016586639,0.3078089,0.0016514702,0.4,0.0,0.06558162,0.0024802047
375316653866487564,5969908613390753408,0.5649059,2270.7881814130055,2.2333493759680048,8.41039E-6,18.510008,0.005224105,0.24644266,0.0031438977,0.08268482,0.0029852113,0.421866,0.018640567,0.7502118,0.0017993377,0.07730953,0.0031037794,0.4321224,0.01292746,null,null,null,null,"TWOGAUSSIANS",8,2.9517922,0.7502118,0.0017993377,0.4,0.0,0.42612275,0.01366794,0.24644266,0.0031438977,0.4,0.0,0.41586632,0.01893619
375316653866487564,5969908991347911424,0.4348628,2236.5141781121874,0.09846585522588266,2.2577387E-5,19.32818,0.05299877,0.37273303,0.010257664,0.055889238,0.045610696,0.3786823,0.232067,0.8613447,0.014642564,0.08094436,0.036232606,0.1705263,0.053223144,null,null,null,null,"TWOGAUSSIANS",8,7.085285,0.37273303,0.010257063,0.31297973,0.15919034,0.378257,0.24249257,0.8613447,0.014642564,0.4,0.0,0.17010102,0.0466021
375316653866487564,5969909094458710272,0.47030166,2255.5214790355803,2.1321110087065915,9.494052E-6,19.4947,0.021204717,0.31403098,0.008271332,0.077284485,0.010096034,0.34275043,0.034231216,0.81213725,0.0026077204,0.045493495,0.0041119154,0.48476228,0.018009236,null,null,null,null,"TWOGAUSSIANS",8,6.4011364,0.81213725,0.0026077204,0.25476357,0.023026725,0.484586,0.017948126,0.31403098,0.008271332,0.4,0.0,0.34257415,0.034210894
375316653866487564,5969909575495100544,0.47841102,2247.5164195448174,2.7302018085959454,4.904364E-5,18.799849,0.08702246,0.23051648,0.00919789,0.08747911,0.026400732,0.23032783,0.07825293,0.70876884,0.010822248,0.1051219,0.056642,0.24346028,0.045126304,null,null,null,null,"TWOGAUSSIANS",8,6.5637856,0.70876884,0.010822248,0.4,0.0,0.23140904,0.040421583,0.23052648,0.00918115,0.4,0.0,0.21828541,0.023957398
375316653866487564,5969909884732797312,0.5525505,2265.7339565871657,2.4310982361329185,9.602148E-6,18.270498,0.010006744,0.27651548,0.005942105,0.0768313,0.0073437304,0.23520586,0.01009801,0.783075,0.003138178,0.08580244,0.005789186,0.20167415,0.009735618,null,null,null,null,"TWOGAUSSIANS",8,2.5582643,0.27651548,0.005942105,0.4,0.0,0.2318214,0.008883059,0.783075,0.003138178,0.4,0.0,0.19828968,0.007774734
375316653866487564,5969909987811981440,0.44371048,2266.5356094213766,0.21271230463230414,6.2746E-5,19.113361,0.016725712,0.30693248,0.037617106,0.046078857,0.03264165,0.1513904,0.045945603,0.55115646,0.010019867,0.08047364,0.022966465,0.20219295,0.050459873,null,null,null,null,"TWOGAUSSIANS",8,6.8373528,0.55115646,0.010019867,0.4,0.0019512862,0.20219307,0.050487295,0.3080425,0.038301792,0.2580416,0.17073847,0.15345478,0.045374762
375316653866487564,5969909987812216320,0.60298115,2264.6712110242424,1.5843748898670276,1.2881623E-5,14.22578,0.15146019,0.19755454,0.002450907,0.27435982,0.030554818,0.5868649,0.14734659,0.68820626,0.0015802741,0.16591673,0.010249888,0.41289347,0.072240934,null,null,null,null,"TWOGAUSSIANS",8,8.326634,0.68820626,0.0015802741,0.4,0.0,0.11303478,0.0024724966,0.20246455,0.0019681395,0.4,0.0,0.07418082,0.002516314
375316653866487564,5969910292684291968,0.5612635,2252.4970661760894,1.1250537218320134,1.1276451E-5,16.23896,0.025296936,0.23021449,0.002498672,0.108006716,0.010050617,0.2253438,0.024064686,0.7308784,0.0058862125,0.09777949,0.017308323,0.27963343,0.020323252,null,null,null,null,"TWOGAUSSIANS",8,12.858171,0.7308784,0.0058862125,0.4,0.0,0.2538514,0.010097822,0.23021449,0.0024970353,0.4,0.0,0.19955295,0.0056013977
375316653866487564,5969910430119317120,0.52266365,2244.6460416465525,1.1913213356302397,2.2221488E-5,17.237755,0.3290774,0.2842547,0.0057317754,0.11723707,0.043026026,0.18022537,0.24937503,0.7810531,0.016412342,0.13450022,0.121368,0.1471861,0.32229412,null,null,null,null,"TWOGAUSSIANS",8,5.9015336,0.2843047,0.0055167223,0.4,0.0,0.1369565,0.0071693836,0.7810531,0.016430436,0.4,0.0,0.103663094,0.01246897
375316653866487564,5969910434457424128,0.5026593,2258.057759345512,1.1197122578805343,2.0884234E-5,18.68695,0.05291451,0.2709074,0.017472528,0.0959026,0.05127985,0.15909708,0.04534588,0.7383246,0.0085933255,0.11021132,0.019455193,0.208595,0.05170252,null,null,null,null,"TWOGAUSSIANS",8,2.864378,0.7383246,0.0085933255,0.4,0.0,0.19557746,0.013651316,0.2709574,0.01796067,0.4,0.0,0.14610611,0.0149236685
375316653866487564,5969910571895901952,0.6676912,2267.2787227042177,1.1483158229987116,4.1874882E-6,17.261925,0.006683656,0.3168631,0.0010872309,0.037311595,0.0012455947,1.0795254,0.03521628,0.8157185,0.011198373,0.034786418,0.007837036,0.18129814,0.017288608,0.049250163,0.008921541,0.3168631,0.0010872309,"TWOGAUSSIANS_WITH_ELLIPSOIDAL_ON_ECLIPSE1",9,8.051778,0.3168631,0.0010872309,0.20894493,0.0069753304,1.1780256,0.040387385,0.8157785,0.010885804,0.19480394,0.0438874,0.27979344,0.0104595795
375316653866487564,5969910601918952960,0.57563007,2265.8775473156093,0.7346153233290168,1.9797564E-5,17.943932,0.0024236622,0.21117383,0.04626395,0.03343289,0.015181058,0.19043484,0.23000263,0.6923077,0.0011078035,0.02220873,6.522665E-4,0.25720686,0.007048738,null,null,null,null,"TWOGAUSSIANS",8,1.8338896,0.6923077,0.0011078035,0.12436889,0.0036526923,0.25720686,0.007048738,0.21117383,0.04626395,0.18722418,0.085013926,0.19043484,0.23000263
375316653866487564,5969910606255698560,0.5333721,2273.1691031084592,2.342469930856308,1.1565203E-5,18.833902,0.010818879,0.24753389,0.0043848096,0.08443975,0.008577142,0.3088858,0.023510097,0.7407892,0.0043801707,0.08296294,0.005019583,0.31029508,0.015275529,null,null,null,null,"TWOGAUSSIANS",8,2.213301,0.7407892,0.0043801707,0.4,0.0,0.30395618,0.013594806,0.24753389,0.0043848096,0.4,0.0,0.30254692,0.027075987
375316653866487564,5969911156016628992,0.44305867,2307.013502906373,1.607537830708637,2.4845773E-5,18.62948,0.0112672355,0.6677023,0.002751794,0.013550559,0.0034324636,0.23460326,0.09276027,0.8798134,0.0017364761,0.009762864,0.027714178,0.2917076,0.057583433,null,null,null,null,"TWOGAUSSIANS",8,5.2257094,0.8798134,0.0017364761,0.054672033,0.1551994,0.2917076,0.057583433,0.6677023,0.002751794,0.07588313,0.019221796,0.23460326,0.09276027
375316653866487564,5969911156043358464,0.45435992,2264.529849220876,2.582678111575921,6.0802828E-5,18.138912,0.0025628803,0.23023573,0.009629936,0.01510017,0.016655944,0.017694237,0.1529983,null,null,null,null,null,null,0.03395699,0.0034571951,0.23023573,0.009629936,"ONEGAUSSIAN_WITH_ELLIPSOIDAL",6,2.7148385,0.23023573,0.009629936,0.08456095,0.09327329,0.08560805,0.15550046,null,null,null,null,null,null
375316653866487564,5969911327815486464,0.5535685,2292.2702050500857,2.361630938121633,9.5752275E-6,18.438076,0.0066758688,0.18720843,0.0041349903,0.07429216,0.0037087407,0.40950763,0.009988069,0.67460454,0.0030280517,0.08121678,0.0043584094,0.43517804,0.020342035,null,null,null,null,"TWOGAUSSIANS",8,4.267036,0.67460454,0.0030280517,0.4,0.0,0.43148643,0.020833028,0.18720843,0.0041349903,0.4,0.0,0.40581602,0.009599972
375316653866487564,5969911671407884800,0.6022782,2268.488741668019,1.1579239009972773,7.994477E-6,18.49548,0.003825239,0.22900027,0.041994147,0.031994965,0.031745736,0.1753539,0.22078945,0.72075236,0.0016500835,0.03621669,0.0020299244,0.9031758,0.07274456,null,null,null,null,"TWOGAUSSIANS",8,3.154337,0.72075236,0.0016500835,0.20281346,0.011367576,0.9031758,0.072744556,0.22900027,0.041994147,0.17917182,0.17777611,0.1753539,0.22078952
375316653866487564,5969911774492042496,0.5534365,2287.505822089669,0.9394987844403935,1.6534462E-4,17.531532,0.001776769,0.36013797,0.0069770007,0.016547898,0.018844841,0.054153476,1.1493988,0.7246358,0.0020246108,0.012621638,0.0015233123,0.26449943,0.0641953,null,null,null,null,"TWOGAUSSIANS",8,2.8131425,0.7246358,0.0020246108,0.07068117,0.008530549,0.26449943,0.0641953,0.36013797,0.0069770007,0.09266823,0.10553111,0.054153476,1.1493988
375316653866487564,5969911808851885824,0.5460863,2292.480135849725,3.0210572831323037,8.213665E-6,16.790329,0.0059380056,0.26322362,0.0052839792,0.03470522,0.009819334,0.08654458,0.022400092,0.75622,0.00413652,0.0626645,0.004329288,0.14627896,0.013912556,0.06339284,0.0072389925,0.26322362,0.0052839792,"TWOGAUSSIANS_WITH_ELLIPSOIDAL_ON_ECLIPSE1",9,13.191296,0.7577,0.0025948451,0.3509212,0.024244012,0.27283797,0.009995927,0.26322362,0.0052839792,0.19434923,0.054988272,0.21329704,0.018267252
375316653866487564,5969911838868684416,0.5466133,2285.5450352453777,2.1738450626727333,1.2291138E-5,17.831667,0.23850825,0.20705195,0.0033603169,0.12349797,0.031067697,0.19654775,0.16952729,0.7135305,0.0035911747,0.15680814,0.09129974,0.15508446,0.23669389,null,null,null,null,"TWOGAUSSIANS",8,1.1738154,0.20667194,0.002539082,0.4,0.0,0.13245475,0.0062032635,0.7136405,0.003477493,0.4,0.0,0.08916404,0.0046758032
375316653866487564,5969912079388605440,0.5201236,2267.025363504827,2.3919777180966153,2.2752945E-5,18.456835,0.021570073,0.23207596,0.00459801,0.088517494,0.008642091,0.2941135,0.03015829,0.72262347,0.0042826994,0.090417616,0.013149025,0.25264558,0.016093625,null,null,null,null,"TWOGAUSSIANS",8,3.4530294,0.23207596,0.00459801,0.4,0.0,0.2846577,0.027439672,0.72262347,0.0042826994,0.4,0.0,0.24318972,0.013446105
375316653866487564,5969912255555051008,0.50113434,2276.2821182219013,0.5320270537220856,4.4606248E-5,18.505966,0.0067048855,0.5360192,0.015210348,0.033415727,0.018809188,0.08703889,0.039414305,0.7464591,0.00365568,0.037418436,0.0029773992,0.704385,0.1252171,0.020921217,0.010544841,0.7464591,0.00365568,"TWOGAUSSIANS_WITH_ELLIPSOIDAL_ON_ECLIPSE2",9,6.2174687,0.7464591,0.00365568,0.20954326,0.016673436,0.7462271,0.12527525,0.5376892,0.0137340715,0.18712807,0.10533145,0.08967582,0.03970628
375316653866487564,5969912427327727616,0.5779462,2284.4720009064936,1.9487680021480442,1.323949E-5,18.445393,0.012175687,0.29407057,0.0024415606,0.09416262,0.004168826,0.3456412,0.013663375,0.7936423,0.00757672,0.08526494,0.008453401,0.39156243,0.019381568,null,null,null,null,"TWOGAUSSIANS",8,2.8771293,0.7936423,0.00757672,0.4,0.0,0.37658718,0.018748704,0.29407057,0.0024415606,0.4,0.0,0.33066547,0.010424164
375316653866487564,5969912564766755456,0.55930465,2256.4000972552603,3.558740622896209,1.0607316E-5,18.744532,0.010376483,0.27643707,0.0020257,0.07290148,0.0034262803,0.4692288,0.012525562,0.78163844,0.0035118104,0.074158244,0.006581099,0.52545446,0.023640636,null,null,null,null,"TWOGAUSSIANS",8,3.9138024,0.78163844,0.0035118104,0.4,0.0,0.52273506,0.024604106,0.27643707,0.0020257,0.4,9.2002435E-4,0.4665094,0.012341075
375316653866487564,5969912908358654080,0.4445767,2225.4525208693526,0.13986892212516241,4.9370723E-5,19.258821,0.010145357,0.17265677,0.013965456,0.09361481,0.023395054,0.20886825,0.049655233,0.92349124,0.014346445,0.012697658,0.01570504,0.039019518,0.023380421,null,null,null,null,"TWOGAUSSIANS",8,2.7296703,0.17265677,0.013965456,0.4,0.0,0.208868,0.049666848,0.9242112,0.012762308,0.07110688,0.087948225,0.0451289,0.024908593
375316653866487564,5969913217634122880,0.5004434,2237.2849624914993,0.30550974128717207,1.2679331E-5,19.20539,0.005524023,0.17457986,0.0018060254,0.033694606,0.00222689,0.35296133,0.02654327,0.6749153,0.00948242,0.060930338,0.009259469,0.18007782,0.021515155,null,null,null,null,"TWOGAUSSIANS",8,2.862991,0.17457986,0.0018060254,0.1886898,0.012470584,0.35296097,0.02654336,0.6749153,0.00948242,0.3412099,0.051853023,0.18007745,0.021515423
375316653866487564,5969913281981557376,0.6384988,2230.6909163537393,2.704108932390411,4.5348847E-6,17.06513,0.009444859,0.24012823,9.827295E-4,0.043591466,0.0028854061,0.3640011,0.01990544,0.74116385,0.020284154,0.0491135,0.01184937,0.48244792,0.07232934,0.12440534,0.011538998,0.24012823,9.827295E-4,"TWOGAUSSIANS_WITH_ELLIPSOIDAL_ON_ECLIPSE1",9,15.174568,0.74116385,0.020162253,0.2750356,0.06635647,0.73124653,0.06281573,0.24012823,9.827295E-4,0.24411222,0.016158275,0.61281025,0.017393379
375316653866487564,5969913767352459904,0.5816955,2251.118067007538,2.5148919305758715,8.617648E-6,17.636745,0.012402008,0.12684368,0.0020745774,0.073273,0.00326289,0.4753229,0.016394319,0.61561316,0.0034613963,0.08133934,0.005135994,0.5271347,0.013927934,null,null,null,null,"TWOGAUSSIANS",8,13.61893,0.61561316,0.0034613963,0.4,0.0,0.52289826,0.013559119,0.12684368,0.0020745774,0.4,0.0,0.47108644,0.015774962
375316653866487564,5969914179669458176,0.43933436,2269.470644444635,0.9743105631251855,7.929073E-5,19.825552,0.037484325,0.204209,0.02300857,0.12798601,0.039305046,0.15713264,0.038679335,0.7092352,0.02190824,0.032325413,0.023546306,0.5788467,16.578281,null,null,null,null,"TWOGAUSSIANS",8,6.4944406,0.7092352,0.02190824,0.18102232,0.13185932,0.57676053,16.579786,0.204209,0.02300857,0.4,0.0,0.15489236,0.035862736
375316653866487564,5969914415857491456,0.5439923,2275.2932320618334,1.414473667280578,1.4924678E-5,18.154146,0.015163212,0.27091536,0.0053587854,0.096516706,0.0067985565,0.24309435,0.017294861,0.7819178,0.0035795518,0.108544186,0.009820258,0.20794044,0.014133274,null,null,null,null,"TWOGAUSSIANS",8,2.6252613,0.27090535,0.005358339,0.4,0.0,0.22310963,0.009210078,0.7819178,0.0035795518,0.4,0.0,0.18794523,0.007824721
375316653866487564,5969914587656332544,0.4684684,2267.215899665339,0.109212927228281,8.883858E-6,18.635912,0.0036528653,0.21242379,0.025369309,0.083149366,0.020464802,0.03213282,0.009205735,0.7743548,0.004086914,0.007911727,0.001260718,0.56447154,0.21434389,null,null,null,null,"TWOGAUSSIANS",8,2.1822567,0.7743548,0.004086914,0.04430567,0.0070600207,0.5644716,0.21434389,0.21242379,0.025369309,0.4,0.038010046,0.03213282,0.009205736
375316653866487564,5969914660705774464,0.4421452,2237.483069018441,3.9303136430485366,3.8410155E-5,19.263477,0.05840123,0.2511117,0.0073191496,0.091404475,0.024763143,0.2840892,0.09197829,0.7411681,0.014672611,0.11875157,0.032255948,0.21653232,0.05556325,null,null,null,null,"TWOGAUSSIANS",8,4.722758,0.25113168,0.007300874,0.4,0.0,0.25888634,0.098786846,0.7411681,0.014672611,0.4,0.0,0.19126481,0.02309271
