Gaia/vari_eclipsing_binary/VariEclipsingBinary_471335-471359.csv
# %ECSV 1.0
# ---
# delimiter: ','
# meta: !!omap
# - RELEASE: Gaia DR3
# - TABLE: vari_eclipsing_binary
# - DESCRIPTION: >
#     This table describes the properties of the eclipsing binaries resulting from the variability analysis. 
# - CITATION: >
#     How to cite and acknowledge Gaia: 
#     https://gea.esac.esa.int/archive/documentation/credits.html 
# - KNOWN_ISSUES: >
#     Known issues: 
#     https://www.cosmos.esa.int/web/gaia-users/known-issues 
# - DOCUMENTATION: >
#     Tutorials and documentation: 
#     https://www.cosmos.esa.int/web/gaia-users/archive 
# datatype:
# - 
#   name: solution_id
#   datatype: int64
#   description: Solution Identifier
#   meta:
#     ucd: meta.version
# - 
#   name: source_id
#   datatype: int64
#   description: Unique source identifier
#   meta:
#     ucd: meta.id;meta.main
# - 
#   name: global_ranking
#   datatype: float32
#   description: Number between 0 (worst) and 1 (best)
#   meta:
#     ucd: stat.param
# - 
#   name: reference_time
#   datatype: float64
#   unit: d
#   description: Reference time used for the geometric model fit
#   meta:
#     ucd: time.epoch
# - 
#   name: frequency
#   datatype: float64
#   unit: d**-1
#   description: Frequency of geometric model of the eclipsing binary light curve
#   meta:
#     ucd: src.orbital
# - 
#   name: frequency_error
#   datatype: float32
#   unit: d**-1
#   description: "Uncertainty of \\texttt{frequency}"
#   meta:
#     ucd: stat.error
# - 
#   name: geom_model_reference_level
#   datatype: float32
#   unit: mag
#   description: Magnitude reference level of geometric model
#   meta:
#     ucd: phot.mag;em.opt
# - 
#   name: geom_model_reference_level_error
#   datatype: float32
#   unit: mag
#   description: "Uncertainty of \\texttt{geomModelReferenceLevel}"
#   meta:
#     ucd: stat.error;phot.mag;em.opt
# - 
#   name: geom_model_gaussian1_phase
#   datatype: float32
#   description: Phase of the Gaussian 1 component
#   meta:
#     ucd: time.phase
# - 
#   name: geom_model_gaussian1_phase_error
#   datatype: float32
#   description: "Uncertainty of \\texttt{geomModelGaussian1Phase}"
#   meta:
#     ucd: stat.error;time.phase
# - 
#   name: geom_model_gaussian1_sigma
#   datatype: float32
#   description: "Standard deviation [phase] of Gaussian 1 component"
#   meta:
#     ucd: stat.stdev
# - 
#   name: geom_model_gaussian1_sigma_error
#   datatype: float32
#   description: "Uncertainty of \\texttt{geomModelGaussian1Sigma}"
#   meta:
#     ucd: stat.error
# - 
#   name: geom_model_gaussian1_depth
#   datatype: float32
#   unit: mag
#   description: Magnitude depth of Gaussian 1 component
#   meta:
#     ucd: src.var.amplitude
# - 
#   name: geom_model_gaussian1_depth_error
#   datatype: float32
#   unit: mag
#   description: "Uncertainty of \\texttt{geomModelGaussian1Depth}"
#   meta:
#     ucd: stat.error;src.var.amplitude
# - 
#   name: geom_model_gaussian2_phase
#   datatype: float32
#   description: Phase of Gaussian 2 component
#   meta:
#     ucd: time.phase
# - 
#   name: geom_model_gaussian2_phase_error
#   datatype: float32
#   description: "Uncertainty of \\texttt{geomModelGaussian2Phase}"
#   meta:
#     ucd: stat.error;time.phase
# - 
#   name: geom_model_gaussian2_sigma
#   datatype: float32
[...]
#   datatype: float32
#   description: "Secondary eclipse: uncertainty of \\texttt{derivedSecondaryEclDuration}"
#   meta:
#     ucd: stat.error;time.duration
# - 
#   name: derived_secondary_ecl_depth
#   datatype: float32
#   unit: mag
#   description: "Secondary eclipse: depth"
#   meta:
#     ucd: src.var.amplitude
# - 
#   name: derived_secondary_ecl_depth_error
#   datatype: float32
#   unit: mag
#   description: "Secondary eclipse: uncertainty of \\texttt{derivedSecondaryEclDepth}"
#   meta:
#     ucd: stat.error;src.var.amplitude
solution_id,source_id,global_ranking,reference_time,frequency,frequency_error,geom_model_reference_level,geom_model_reference_level_error,geom_model_gaussian1_phase,geom_model_gaussian1_phase_error,geom_model_gaussian1_sigma,geom_model_gaussian1_sigma_error,geom_model_gaussian1_depth,geom_model_gaussian1_depth_error,geom_model_gaussian2_phase,geom_model_gaussian2_phase_error,geom_model_gaussian2_sigma,geom_model_gaussian2_sigma_error,geom_model_gaussian2_depth,geom_model_gaussian2_depth_error,geom_model_cosine_half_period_amplitude,geom_model_cosine_half_period_amplitude_error,geom_model_cosine_half_period_phase,geom_model_cosine_half_period_phase_error,model_type,num_model_parameters,reduced_chi2,derived_primary_ecl_phase,derived_primary_ecl_phase_error,derived_primary_ecl_duration,derived_primary_ecl_duration_error,derived_primary_ecl_depth,derived_primary_ecl_depth_error,derived_secondary_ecl_phase,derived_secondary_ecl_phase_error,derived_secondary_ecl_duration,derived_secondary_ecl_duration_error,derived_secondary_ecl_depth,derived_secondary_ecl_depth_error
[from data line 38]
375316653866487564,4145931522830902016,0.48324367,2208.57456640711,2.3476162569714205,2.2821905E-5,19.115612,0.19223985,0.2369446,0.008331286,0.12064219,0.039823744,0.326997,0.17933026,0.74860775,0.008402852,0.13895118,0.05601727,0.32314134,0.18451439,null,null,null,null,"TWOGAUSSIANS",8,3.2354825,0.2366146,0.00793072,0.4,0.0,0.23520455,0.024176402,0.7487078,0.0083382465,0.4,0.0,0.23043963,0.034803674
375316653866487564,4145931694665049600,0.49561778,2191.3800560332434,1.2219462213178278,1.985657E-5,16.950811,0.08323378,0.17415963,0.007401384,0.023898717,0.027196307,0.10713258,0.12533163,0.92386866,0.008856429,0.05570633,0.013695624,0.58921736,0.2537322,0.24508305,0.18929507,0.17415963,0.007401384,"TWOGAUSSIANS_WITH_ELLIPSOIDAL_ON_ECLIPSE1",9,95.1569,0.17414963,0.007457824,0.13383281,0.15229931,0.5973217,0.26870948,0.92386866,0.010149272,0.31195545,0.076695494,0.5892176,0.25357085
375316653866487564,4145932244386157312,0.51204294,2173.348190169963,2.1542619127002207,5.3907344E-5,19.77571,0.025644496,0.30367023,0.007462619,0.081440546,0.009709011,0.2904215,0.022991471,0.81856304,0.007716185,0.07427253,0.01185831,0.2538117,0.035263274,null,null,null,null,"TWOGAUSSIANS",8,1.7288105,0.30367023,0.007462619,0.4,0.0,0.2881234,0.019310813,0.81856304,0.007716185,0.4,0.007055254,0.2515136,0.033648252
375316653866487564,4145932480593360000,0.43524253,2215.4134989479403,0.7650519203666608,2.6794962E-5,18.30514,0.005711467,0.124607824,7.936943E-4,0.005246437,0.0023140502,0.06564756,0.26434562,0.6155019,0.009877713,0.07969093,0.013414866,0.08740603,0.012371724,null,null,null,null,"TWOGAUSSIANS",8,2.74428,0.6155019,0.009877713,0.4,0.005169306,0.087406024,0.012371726,0.124607824,7.936943E-4,0.029380048,0.012958681,0.06564756,0.26434562
375316653866487564,4145932691063134592,0.469999,2235.8922405745293,3.976371523378454,4.5331126E-5,19.711426,0.02829364,0.37431452,0.023620801,0.08610795,0.036502395,0.33589408,0.0883985,0.87895626,0.034117416,0.058741055,0.014319231,0.15010896,0.05391384,null,null,null,null,"TWOGAUSSIANS",8,1.7403871,0.37431452,0.023620801,0.4,0.0,0.33479482,0.09619722,0.87895626,0.034109253,0.3289499,0.08018769,0.14900972,0.051934484
375316653866487564,4145934580849772160,0.49616554,2201.76542876092,2.078305968084599,4.344174E-5,19.834127,0.07101314,0.28478792,0.021666907,0.06823541,0.021651108,0.6015742,0.12945458,0.8097372,0.019224377,0.08835673,0.054349802,0.46711135,0.56696534,null,null,null,null,"TWOGAUSSIANS",8,4.6473584,0.28478792,0.021666907,0.3821183,0.077588566,0.5978324,0.13937865,0.8097372,0.019224377,0.4,0.15008798,0.46336925,0.5734826
375316653866487564,4145934821368463744,0.47525054,2258.8699709722405,1.4284464472159386,3.441627E-5,19.529585,0.012420136,0.2505922,0.011884146,0.08336909,0.01511639,0.21074395,0.04191893,0.7298401,0.008744949,0.07111643,0.012175404,0.5072795,0.26955414,null,null,null,null,"TWOGAUSSIANS",8,1.1165141,0.7298401,0.008744949,0.398252,0.03341874,0.5051604,0.27223572,0.2505922,0.011884146,0.4,0.0,0.20862482,0.04236404
375316653866487564,4145935233683938176,0.49748173,2241.516313003311,3.159014096096661,1.1574361E-4,19.267353,0.01150072,0.41054744,0.03532216,0.06143586,0.055728525,0.44047216,0.2736181,0.7723607,0.008419636,0.032398205,0.008140625,0.039465524,0.01146191,null,null,null,null,"TWOGAUSSIANS",8,4.4675374,0.41054744,0.03532216,0.3440408,0.074831925,0.44047216,0.2736687,0.7723607,0.008419636,0.18142995,0.045587502,0.03946554,0.012704388
375316653866487564,4145937432708959488,0.56884325,2276.2022296730456,3.1769170750343934,2.3751596E-5,18.99407,0.008964701,0.22986326,0.008915808,0.06837158,0.005346258,0.5052577,0.036814824,0.7284033,0.011065818,0.06450855,0.0069384915,0.42135036,0.0137514565,null,null,null,null,"TWOGAUSSIANS",8,2.9422636,0.22986326,0.008915808,0.38288087,0.021157132,0.5045102,0.036608085,0.7284033,0.011065818,0.36124787,0.038855553,0.4206029,0.013261466
375316653866487564,4145938257375747840,0.5279453,2285.3868179909005,0.4433808571870702,6.969288E-5,18.38792,0.0029259557,0.67237157,0.02214551,0.12175584,0.015661592,0.056627862,0.0145666385,0.32786953,0.029329412,0.024476884,0.012815346,0.17193227,0.115017734,null,null,null,null,"TWOGAUSSIANS",8,1.4990114,0.32794955,0.029389508,0.13707055,0.07176594,0.17294282,0.11530842,0.67237157,0.02214551,0.4,0.0,0.056603197,0.014585797
375316653866487564,4145939421251802624,0.5100926,2306.740535816911,3.2023708849265313,1.42525205E-5,18.77921,0.102289304,0.28979623,0.008455192,0.12626009,0.05535357,0.23323372,0.08362164,0.7640937,0.006207751,0.09327654,0.02084736,0.22148728,0.093874075,null,null,null,null,"TWOGAUSSIANS",8,1.6957221,0.28979623,0.008444796,0.4,0.0,0.20761752,0.046836562,0.7640937,0.006207751,0.4,0.0,0.1961118,0.023532214
375316653866487564,4145939459934795776,0.47150028,2257.7660817873834,2.2466662855112447,8.430387E-5,19.893513,0.020488592,0.35099655,0.028402608,0.10522363,0.03079332,0.16733399,0.045629147,0.7600433,0.008531864,0.08220974,0.015230376,0.25438067,0.024721557,null,null,null,null,"TWOGAUSSIANS",8,2.079906,0.7600433,0.008531864,0.4,0.0,0.2517145,0.023010017,0.35099655,0.028404294,0.4,0.0,0.16458134,0.045765407
375316653866487564,4145939563019489152,0.50579005,2282.2651345475297,3.0798888706889453,4.6200475E-5,19.573196,0.09294894,0.29118162,0.008045441,0.10009161,0.02324176,0.49903306,0.08436174,0.7873265,0.008630826,0.10790948,0.023356577,0.5090843,0.08414421,null,null,null,null,"TWOGAUSSIANS",8,4.668467,0.7873265,0.008630826,0.4,0.0,0.45549288,0.045009542,0.29118162,0.00807012,0.4,0.0,0.44546023,0.03083778
375316653866487564,4145940456366189952,0.46516967,2265.7629014481495,1.6006851849955972,4.543264E-5,19.618723,0.015157949,0.2907555,0.010597802,0.07389203,0.0134198535,0.33622003,0.025557294,0.8077029,0.008944882,0.06602579,0.008904816,0.2613523,0.023366079,null,null,null,null,"TWOGAUSSIANS",8,3.6468904,0.2907555,0.010597802,0.4,0.019677855,0.3355726,0.025692685,0.8077029,0.008944882,0.36974442,0.04982464,0.26070487,0.023227498
375316653866487564,4145941246640813056,0.59161323,2300.639233114456,3.0676311239058123,7.6055076E-6,18.381681,0.005093073,0.2741484,0.005721407,0.022685716,0.011743621,0.20342739,0.0574579,0.7722543,1.2064856E-4,0.007461091,7.4115954E-4,0.49711767,0.098790504,0.11883415,0.007270722,0.2741484,0.005721407,"TWOGAUSSIANS_WITH_ELLIPSOIDAL_ON_ECLIPSE1",9,2.7622266,0.7722543,1.21361314E-4,0.04178211,0.0041504935,0.7347522,0.11283192,0.2741484,0.005721407,0.12704001,0.06576428,0.44109553,0.061352976
375316653866487564,4145941620282338048,0.56526935,2283.4943296860924,1.2978238402774602,9.3643175E-6,18.857653,0.011908003,0.26263702,0.009365686,0.0803523,0.007913591,0.37521502,0.031301487,0.77347934,0.004450672,0.09513956,0.007849508,0.1901447,0.013625557,null,null,null,null,"TWOGAUSSIANS",8,1.2277077,0.26263702,0.009365686,0.4,0.0,0.3678257,0.03214005,0.77347934,0.004450672,0.4,0.0,0.18275493,0.010858834
375316653866487564,4145941865113377792,0.5571284,2312.408927078838,2.870057032389698,2.4754829E-5,19.11534,0.069425,0.3062456,0.0022834186,0.057821434,0.013646566,0.5427475,0.04610034,0.79602957,0.03322274,0.0760823,0.054421145,0.5053649,0.15687288,null,null,null,null,"TWOGAUSSIANS",8,4.8541923,0.3062456,0.0022577378,0.32380003,0.07642077,0.5420216,0.042140264,0.79602957,0.03322274,0.4,0.0,0.5046389,0.17268874
375316653866487564,4145942277430309376,0.52677524,2188.2639889100456,0.4050431615313598,1.2585861E-4,19.530893,0.1652111,0.48925018,0.023119614,0.19366628,0.07012864,0.56308705,0.1549649,0.2054296,0.04313425,0.07470373,0.020484967,0.37550265,0.05748437,null,null,null,null,"TWOGAUSSIANS",8,6.3093762,0.2302896,0.05270397,0.4,0.031043483,0.54202294,0.042802453,0.48827016,0.015513844,0.4,0.0,0.5194302,0.027150262
375316653866487564,4145942380509427200,0.49888808,2289.1865153016665,2.4173853323842613,1.0342899E-5,19.852068,0.070208736,0.095539,0.0037665176,0.07147503,0.0313146,0.19605565,0.10156004,0.5766508,0.0057280874,0.080869995,0.040652327,0.24038772,0.039799273,null,null,null,null,"TWOGAUSSIANS",8,0.9298927,0.5766508,0.0057280874,0.4,0.0021428363,0.23906805,0.021507485,0.095539,0.00376516,0.4,0.06892253,0.19473599,0.09529913
375316653866487564,4145942651074038144,0.5514026,2228.775811501044,0.20135541148111832,5.434286E-5,19.122984,0.0040218947,0.28585732,0.002119279,0.011859613,0.0014278108,0.31505162,0.05656108,0.8862483,0.05745478,0.02127715,0.01949623,0.09614276,0.49875382,null,null,null,null,"TWOGAUSSIANS",8,1.0233905,0.28585732,0.002119279,0.066413835,0.00799574,0.31505162,0.05656108,0.8862483,0.05745478,0.11915204,0.109178886,0.09614276,0.49875382
375316653866487564,4145943372628631808,0.6583546,2254.8077246809,2.6564482849583246,4.3159666E-6,17.547834,0.012707968,0.16811094,0.001373671,0.051848486,0.0033170807,0.3717253,0.029280625,0.6620053,0.0032366049,0.05849548,0.004107412,0.38440058,0.032991685,0.11024731,0.016869426,0.16811094,0.001373671,"TWOGAUSSIANS_WITH_ELLIPSOIDAL_ON_ECLIPSE1",9,3.5525734,0.66282535,0.002680175,0.3275747,0.023001505,0.6045839,0.01912521,0.16811094,0.001373671,0.29035154,0.018575652,0.5921895,0.010059138
375316653866487564,4145943789260115200,0.58281505,2207.379654213079,0.8346155959515421,1.2279611E-5,17.77782,0.014927507,0.22143696,0.00580331,0.09366614,0.007970351,0.27473918,0.018457854,0.7337233,0.011742472,0.07912298,0.016680192,0.44792756,0.553706,null,null,null,null,"TWOGAUSSIANS",8,3.3773053,0.7337233,0.011742472,0.4,0.02866692,0.43953514,0.5578675,0.22143696,0.00580331,0.4,0.0,0.2663463,0.016555334
375316653866487564,4145943956744133376,0.58231187,2216.014748602897,4.209148396714481,1.5313593E-4,15.107326,0.004443766,0.16143896,0.008421267,0.022801321,0.006022475,0.7614794,4.277355,0.4508757,0.0072229262,0.022046978,0.009024144,0.25556877,0.9350375,0.0031173574,0.0066711497,0.4508757,0.0072229262,"TWOGAUSSIANS_WITH_ELLIPSOIDAL_ON_ECLIPSE2",9,160.84201,0.16142896,0.008420106,0.1276874,0.03372586,0.7618545,4.277331,0.4508757,0.0072229262,0.12346307,0.050535206,0.26180348,0.93505716
375316653866487564,4145944854410981888,0.4937402,2180.035352078675,0.12314018537651246,2.8564446E-5,19.188723,0.011210949,0.777701,0.015134729,0.077199705,0.0140680475,0.49058223,0.58228785,0.4970085,0.00551638,0.07926348,0.009015964,0.21874902,0.009171186,null,null,null,null,"TWOGAUSSIANS",8,0.777431,0.77747107,0.015202141,0.4,0.028560553,0.49098146,0.5824449,0.4979385,0.0047607673,0.4,0.0,0.21940754,0.008947664
375316653866487564,4145945094930018688,0.52167743,2186.617730738345,3.330061370877749,1.4870031E-5,18.531096,0.018047266,0.22256748,0.0047559794,0.0835946,0.0094934255,0.50581753,0.070951514,0.7252812,0.0019441972,0.082352966,0.006646902,0.52388936,0.042947248,null,null,null,null,"TWOGAUSSIANS",8,4.925178,0.7252812,0.0019441972,0.4,0.0,0.5134216,0.04600524,0.22256748,0.0047559794,0.4,0.0,0.49534976,0.076380916
375316653866487564,4145945124975932032,0.55998117,2234.9220705646685,1.5148072770147272,1.2072988E-5,18.22715,0.021986727,0.26666254,0.0073255915,0.09192417,0.0140839005,0.53132975,0.09247583,0.76414114,0.002467268,0.0911868,0.0076503293,0.47107378,0.021701131,null,null,null,null,"TWOGAUSSIANS",8,3.341491,0.26666254,0.0073255915,0.4,0.0,0.50816566,0.106012344,0.76414114,0.002467268,0.4,0.0,0.44790977,0.026640523
375316653866487564,4145945129323165696,0.5604994,2220.6623141534697,1.9223094295270158,2.5110712E-5,18.127184,0.03565499,0.28523183,0.003995002,0.08427182,0.009623842,0.34577498,0.034933675,0.7939841,0.06151981,0.10488591,0.06797291,0.13716008,0.04679407,null,null,null,null,"TWOGAUSSIANS",8,4.658024,0.28523183,0.0039956276,0.4,0.0,0.33499455,0.0121025825,0.7939841,0.06151981,0.4,0.054517623,0.12637626,0.025365863
375316653866487564,4145945232368931712,0.5904743,2230.7249891238407,2.2338912361436645,1.0418876E-5,18.38617,0.022440828,0.283657,0.0054271994,0.092638284,0.013504912,0.36497796,0.04295629,0.7864729,0.0050707175,0.08751155,0.008264999,0.48806176,0.024208184,null,null,null,null,"TWOGAUSSIANS",8,3.1541548,0.7864729,0.0050707175,0.4,0.0,0.47100714,0.013476695,0.283657,0.0054271994,0.4,0.0,0.34792304,0.050142333
375316653866487564,4145945404167680512,0.43835494,2260.4580440807786,4.815787127002469,1.6695649E-5,18.421688,0.23985016,0.2706838,0.016926747,0.15774599,0.118432686,0.20859663,0.22979434,0.7658219,0.001379769,0.08247755,0.018550713,0.35168424,0.11620671,null,null,null,null,"TWOGAUSSIANS",8,7.6654873,0.7658219,0.0013750647,0.4,0.02609968,0.3043209,0.0324277,0.2706838,0.016926747,0.4,0.0,0.15847535,0.031628836
375316653866487564,4145945575965934848,0.5411519,2218.2444960386356,1.7846482825248533,1.21573985E-5,18.972961,0.048986252,0.25134057,0.014611304,0.09335414,0.02832812,0.44410023,0.08073412,0.7317148,0.007326193,0.09672569,0.012222315,0.43991128,0.045936756,null,null,null,null,"TWOGAUSSIANS",8,4.0588655,0.25134057,0.014624334,0.4,0.0,0.42303818,0.098540395,0.7317148,0.007326193,0.4,0.0,0.41884795,0.023335477
375316653866487564,4145945816484620544,0.4741222,2236.686973199841,2.163719588970154,1.7841498E-5,19.312757,0.0999436,0.24322964,0.008413613,0.09814006,0.031762384,0.25767097,0.110898554,0.73749727,0.009233143,0.10333758,0.035395652,0.21394572,0.096209675,null,null,null,null,"TWOGAUSSIANS",8,3.850047,0.24322964,0.008420901,0.4,0.0,0.23763998,0.073417224,0.73749727,0.009236561,0.4,0.0,0.19391233,0.030034468
375316653866487564,4145946263168322944,0.55882293,2246.4680221094754,1.8750411628424166,9.8000255E-6,19.83679,0.014034043,0.28146502,0.007717793,0.076692685,0.0061885016,0.38153285,0.029715149,0.782436,0.004835373,0.07578169,0.008806157,0.57557714,0.065988466,null,null,null,null,"TWOGAUSSIANS",8,0.9227305,0.782436,0.004835373,0.4,0.0,0.571348,0.06923798,0.28146502,0.007717793,0.4,0.0,0.37730372,0.029003076
375316653866487564,4145946812917516544,0.5621526,2241.3878884840574,3.7028678365472505,1.8548571E-5,19.246304,0.03156584,0.2345054,0.007261576,0.06923353,0.014456756,0.6118694,0.09054689,0.7503831,0.01308364,0.07286151,0.009510156,0.6512366,0.07078541,null,null,null,null,"TWOGAUSSIANS",8,4.060163,0.7503831,0.01308364,0.4,0.014582816,0.64950144,0.06917774,0.2345054,0.007261576,0.38770777,0.041840877,0.6101343,0.09340196
375316653866487564,4145946847277361408,0.6043676,2238.897042980189,0.7131194576179308,9.5754076E-5,18.647139,0.014551696,0.21699205,0.0202322,0.045980196,0.020827068,0.115840934,0.01829453,0.7121739,0.067210875,0.033983614,0.038823824,1.5061152,3.149471,null,null,null,null,"TWOGAUSSIANS",8,5.127921,0.7121739,0.067210875,0.19030824,0.21741341,1.5061152,3.1494818,0.21699205,0.0202322,0.25748911,0.11663158,0.11584093,0.018293004
375316653866487564,4145947019076418048,0.6222913,2263.7233636859,4.4451406661762505,9.475176E-6,18.205503,0.013822008,0.16496779,0.0016963389,0.069015406,0.002503852,0.52776194,0.016096579,0.6651945,0.005181615,0.07523445,0.0048359167,0.69330823,0.020106621,null,null,null,null,"TWOGAUSSIANS",8,4.7206106,0.6651945,0.005181615,0.4,0.0,0.6903337,0.019326122,0.16496779,0.0016963389,0.38648626,0.01402157,0.5247875,0.015288083
375316653866487564,4145947637552281856,0.57322145,2209.1469823374773,2.2947434407456773,6.7031206E-6,18.918043,0.020773582,0.20157063,0.018446077,0.07167546,0.024335116,0.513914,0.12887082,0.6923978,0.007929672,0.07384981,0.008191674,0.4894095,0.043985724,null,null,null,null,"TWOGAUSSIANS",8,2.329787,0.20157063,0.018446077,0.4,0.030950356,0.5117123,0.13775124,0.6923978,0.007929672,0.4,2.8195116E-4,0.48720783,0.04221672
375316653866487564,4145947706271961472,0.49587283,2261.0154398730388,4.72944299011003,2.9658653E-5,19.405905,0.07428501,0.47630814,0.016899375,0.22645104,0.05630462,0.25666106,0.07085255,0.8747243,0.03243105,0.03315478,0.021408815,0.087976895,0.4540538,null,null,null,null,"TWOGAUSSIANS",8,1.4327348,0.47630814,0.016899375,0.4,0.0,0.21136743,0.018065939,0.8747243,0.03243105,0.18566677,0.11988936,0.10478421,0.45500213
