Gaia/vari_eclipsing_binary/VariEclipsingBinary_459619-459629.csv
# %ECSV 1.0
# ---
# delimiter: ','
# meta: !!omap
# - RELEASE: Gaia DR3
# - TABLE: vari_eclipsing_binary
# - DESCRIPTION: >
#     This table describes the properties of the eclipsing binaries resulting from the variability analysis. 
# - CITATION: >
#     How to cite and acknowledge Gaia: 
#     https://gea.esac.esa.int/archive/documentation/credits.html 
# - KNOWN_ISSUES: >
#     Known issues: 
#     https://www.cosmos.esa.int/web/gaia-users/known-issues 
# - DOCUMENTATION: >
#     Tutorials and documentation: 
#     https://www.cosmos.esa.int/web/gaia-users/archive 
# datatype:
# - 
#   name: solution_id
#   datatype: int64
#   description: Solution Identifier
#   meta:
#     ucd: meta.version
# - 
#   name: source_id
#   datatype: int64
#   description: Unique source identifier
#   meta:
#     ucd: meta.id;meta.main
# - 
#   name: global_ranking
#   datatype: float32
#   description: Number between 0 (worst) and 1 (best)
#   meta:
#     ucd: stat.param
# - 
#   name: reference_time
#   datatype: float64
#   unit: d
#   description: Reference time used for the geometric model fit
#   meta:
#     ucd: time.epoch
# - 
#   name: frequency
#   datatype: float64
#   unit: d**-1
#   description: Frequency of geometric model of the eclipsing binary light curve
#   meta:
#     ucd: src.orbital
# - 
#   name: frequency_error
#   datatype: float32
#   unit: d**-1
#   description: "Uncertainty of \\texttt{frequency}"
#   meta:
#     ucd: stat.error
# - 
#   name: geom_model_reference_level
#   datatype: float32
#   unit: mag
#   description: Magnitude reference level of geometric model
#   meta:
#     ucd: phot.mag;em.opt
# - 
#   name: geom_model_reference_level_error
#   datatype: float32
#   unit: mag
#   description: "Uncertainty of \\texttt{geomModelReferenceLevel}"
#   meta:
#     ucd: stat.error;phot.mag;em.opt
# - 
#   name: geom_model_gaussian1_phase
#   datatype: float32
#   description: Phase of the Gaussian 1 component
#   meta:
#     ucd: time.phase
# - 
#   name: geom_model_gaussian1_phase_error
#   datatype: float32
#   description: "Uncertainty of \\texttt{geomModelGaussian1Phase}"
#   meta:
#     ucd: stat.error;time.phase
# - 
#   name: geom_model_gaussian1_sigma
#   datatype: float32
#   description: "Standard deviation [phase] of Gaussian 1 component"
#   meta:
#     ucd: stat.stdev
# - 
#   name: geom_model_gaussian1_sigma_error
#   datatype: float32
#   description: "Uncertainty of \\texttt{geomModelGaussian1Sigma}"
#   meta:
#     ucd: stat.error
# - 
#   name: geom_model_gaussian1_depth
#   datatype: float32
#   unit: mag
#   description: Magnitude depth of Gaussian 1 component
#   meta:
#     ucd: src.var.amplitude
# - 
#   name: geom_model_gaussian1_depth_error
#   datatype: float32
#   unit: mag
#   description: "Uncertainty of \\texttt{geomModelGaussian1Depth}"
#   meta:
#     ucd: stat.error;src.var.amplitude
# - 
#   name: geom_model_gaussian2_phase
#   datatype: float32
#   description: Phase of Gaussian 2 component
#   meta:
#     ucd: time.phase
# - 
#   name: geom_model_gaussian2_phase_error
#   datatype: float32
#   description: "Uncertainty of \\texttt{geomModelGaussian2Phase}"
#   meta:
#     ucd: stat.error;time.phase
# - 
#   name: geom_model_gaussian2_sigma
#   datatype: float32
[...]
#   datatype: float32
#   description: "Secondary eclipse: uncertainty of \\texttt{derivedSecondaryEclDuration}"
#   meta:
#     ucd: stat.error;time.duration
# - 
#   name: derived_secondary_ecl_depth
#   datatype: float32
#   unit: mag
#   description: "Secondary eclipse: depth"
#   meta:
#     ucd: src.var.amplitude
# - 
#   name: derived_secondary_ecl_depth_error
#   datatype: float32
#   unit: mag
#   description: "Secondary eclipse: uncertainty of \\texttt{derivedSecondaryEclDepth}"
#   meta:
#     ucd: stat.error;src.var.amplitude
solution_id,source_id,global_ranking,reference_time,frequency,frequency_error,geom_model_reference_level,geom_model_reference_level_error,geom_model_gaussian1_phase,geom_model_gaussian1_phase_error,geom_model_gaussian1_sigma,geom_model_gaussian1_sigma_error,geom_model_gaussian1_depth,geom_model_gaussian1_depth_error,geom_model_gaussian2_phase,geom_model_gaussian2_phase_error,geom_model_gaussian2_sigma,geom_model_gaussian2_sigma_error,geom_model_gaussian2_depth,geom_model_gaussian2_depth_error,geom_model_cosine_half_period_amplitude,geom_model_cosine_half_period_amplitude_error,geom_model_cosine_half_period_phase,geom_model_cosine_half_period_phase_error,model_type,num_model_parameters,reduced_chi2,derived_primary_ecl_phase,derived_primary_ecl_phase_error,derived_primary_ecl_duration,derived_primary_ecl_duration_error,derived_primary_ecl_depth,derived_primary_ecl_depth_error,derived_secondary_ecl_phase,derived_secondary_ecl_phase_error,derived_secondary_ecl_duration,derived_secondary_ecl_duration_error,derived_secondary_ecl_depth,derived_secondary_ecl_depth_error
[from data line 225]
375316653866487564,4042868040266811392,0.4893776,2420.929682740819,0.07571545856582948,4.147224E-5,19.128344,0.025992513,0.20910244,0.021033064,0.037035346,0.011482584,0.19166917,0.028256081,0.7594072,0.006701726,0.1512293,0.020079823,0.28503403,0.02272107,null,null,null,null,"TWOGAUSSIANS",8,3.0258815,0.7594072,0.006701726,0.4,0.0,0.2788157,0.016706018,0.20868243,0.021461247,0.20739794,0.064302474,0.18926913,0.023842217
375316653866487564,4042868044529321216,0.44146994,2376.204593945166,0.08835590189400105,4.3528948E-5,19.535854,0.09447742,0.13703921,0.0073271855,0.068210736,0.018727474,0.33158782,0.108693525,0.5395497,0.0076864827,0.03810591,0.033829615,0.88242996,28063.357,null,null,null,null,"TWOGAUSSIANS",8,9.959729,0.5395497,0.0076864827,0.21339309,0.18944585,0.88242984,28063.357,0.13703921,0.0073271855,0.3819801,0.053847194,0.3315877,0.10858674
375316653866487564,4042868074629088000,0.45404604,2400.717458024869,0.06789458224964186,2.3618719E-5,19.152246,0.03733621,0.23613483,0.005758176,0.11914352,0.017921725,0.44529614,0.026454143,0.64008987,0.016462471,0.051338878,0.0133504225,0.3574502,0.052264012,null,null,null,null,"TWOGAUSSIANS",8,7.0418034,0.23613483,0.005758176,0.4,0.0,0.44359654,0.027281685,0.64008987,0.016462471,0.28749773,0.07476237,0.35717276,0.052080683
375316653866487564,4042868108988813312,0.43081546,2482.2551901315232,2.1924864264051704,1.3493541E-4,18.534992,0.011076394,0.1754918,0.0025872565,0.016084023,0.0031009384,0.23837458,0.040238786,0.7056958,0.015946655,0.05283667,0.015269792,0.18778294,0.10996403,null,null,null,null,"TWOGAUSSIANS",8,6.4816084,0.1754918,0.0025872565,0.09007053,0.017365254,0.23837458,0.040238786,0.7056958,0.015946655,0.29588535,0.085510835,0.18778294,0.10996403
375316653866487564,4042868108988856832,0.45255464,2431.773773473714,1.3388891048964229,3.446526E-5,19.255123,0.050575864,0.25695455,0.010051059,0.07535413,0.033134017,0.14322717,0.045781672,0.7493626,0.016613688,0.06378777,0.07714621,0.27788687,0.12611182,null,null,null,null,"TWOGAUSSIANS",8,3.9903827,0.7493626,0.016613688,0.35721153,0.06022237,0.2773916,0.16057503,0.25695455,0.009853199,0.4,0.06581017,0.1427319,0.01698032
375316653866487564,4042868143348612992,0.46647394,2487.561490571358,1.841337095587585,3.352177E-5,19.644138,0.009898339,0.2608797,0.010131578,0.0388386,0.011065452,0.21652105,0.025406359,0.81753385,0.015028178,0.018533766,0.030030107,0.4683346,0.45050445,null,null,null,null,"TWOGAUSSIANS",8,1.6634957,0.81753385,0.015028178,0.10378908,0.1681686,0.4683346,0.45050445,0.2608797,0.010131578,0.21749616,0.061966535,0.21652105,0.025406359
375316653866487564,4042868181968318848,0.52614254,2410.0755014884016,2.0053862290189524,1.7148774E-5,19.213974,0.028766906,0.23255993,0.0060382355,0.08426701,0.012515574,0.46494249,0.036732797,0.7307041,0.006890367,0.090022005,0.024344562,0.43653852,0.24364518,null,null,null,null,"TWOGAUSSIANS",8,2.1698956,0.23255993,0.0060382355,0.4,0.0,0.45070192,0.04549786,0.7307041,0.006890367,0.4,0.0,0.4222978,0.25735864
375316653866487564,4042868280787349760,0.42417133,2487.4429916231097,4.142095461558184,9.105372E-5,19.67122,0.11701025,0.15263431,0.015841326,0.074341446,0.022579525,0.38531205,0.11677991,0.58143955,0.033146035,0.06985377,0.112397276,0.16074198,0.09349154,null,null,null,null,"TWOGAUSSIANS",8,4.391961,0.15263431,0.015332952,0.4,0.021842018,0.3851157,0.08217977,0.58143955,0.033146035,0.39118108,0.108850434,0.16054569,0.053427417
375316653866487564,4042868315147018240,0.60582304,2449.6277800882426,1.1312028027143213,4.7430713E-6,18.446566,0.008102641,0.22564566,0.0033760702,0.06196285,0.0225117,0.0080015315,0.023212241,0.712464,0.0011385033,0.05405361,0.0017200268,0.46557432,0.020226102,0.07916636,0.01005708,0.22564566,0.0033760702,"TWOGAUSSIANS_WITH_ELLIPSOIDAL_ON_ECLIPSE1",9,2.7612572,0.71342397,9.5243193E-4,0.30270022,0.009632151,0.6228955,0.01240967,0.22564566,0.0033760702,0.34699196,0.11627618,0.16632797,0.010622566
375316653866487564,4042868319407390464,0.43897077,2496.5485651493605,4.032521461768687,1.2809923E-4,19.765318,0.013432848,0.25680852,0.019353678,0.032266703,0.016018974,0.17484225,0.04904604,0.96847117,0.010691704,0.013292265,0.0075903623,0.6111417,0.36846274,null,null,null,null,"TWOGAUSSIANS",8,4.127461,0.96847117,0.010691704,0.07443669,0.042506028,0.6111417,0.36846274,0.25680852,0.019353678,0.18069354,0.08970625,0.17484225,0.04904604
375316653866487564,4042868353714974336,0.43157786,2491.4913238698787,2.1270246894576847,2.8747525E-5,19.235155,0.005469795,0.31404865,0.0302325,0.062163685,0.017667549,0.14106177,0.046652783,0.8223601,0.015462284,0.051057313,0.0098821735,0.13996719,0.050971664,null,null,null,null,"TWOGAUSSIANS",8,2.717866,0.31404865,0.0302325,0.34811664,0.09488295,0.14105003,0.046651416,0.8223601,0.015462284,0.28592095,0.055340175,0.13995545,0.05097785
375316653866487564,4042868491154403968,0.45778653,2458.602561754123,1.4435934735557339,9.6910226E-5,19.667908,0.015466834,0.24560288,0.024365254,0.025526104,0.025390483,0.3513763,0.1887248,0.617294,0.0161773,0.066919826,0.014804713,0.28306243,0.06929217,null,null,null,null,"TWOGAUSSIANS",8,3.1139688,0.24560288,0.024365254,0.14294618,0.14218672,0.35137635,0.18872483,0.617294,0.0161773,0.37475103,0.049547225,0.28306243,0.06929217
375316653866487564,4042868525513299840,0.42754382,2507.3220291380117,0.06405403628762897,1.408548E-4,19.225412,0.029514164,0.2747118,0.012496307,0.046796877,0.011015302,0.32286534,0.15759663,0.4512432,0.016891692,0.06712107,0.03630611,0.1044809,0.035535175,null,null,null,null,"TWOGAUSSIANS",8,5.5201855,0.2756118,0.010560391,0.26206252,0.06168569,0.32621187,0.15800662,0.4512432,0.016891692,0.37587804,0.12638092,0.10474331,0.0357368
375316653866487564,4042868864904980352,0.5430139,2418.1822975312384,0.9451310344969646,7.582114E-6,18.716957,0.0058556707,0.3056015,0.0014885641,0.034556326,0.0021199805,0.4820143,0.029374186,0.803749,0.043119594,0.019567514,0.011920802,0.08264369,0.20931107,null,null,null,null,"TWOGAUSSIANS",8,4.9372344,0.3056015,0.0014885641,0.19351543,0.011871891,0.4820143,0.029374186,0.803749,0.043119594,0.10957808,0.066756494,0.08264369,0.20931107
375316653866487564,4042869006602607872,0.43834504,2435.985351071104,1.6180920848609146,6.0639E-5,18.578333,0.031703368,0.25362134,0.01680198,0.07985204,0.026567172,0.18802299,0.03380425,0.7492198,0.011547119,0.09502813,0.020753093,0.198726,0.033835758,null,null,null,null,"TWOGAUSSIANS",8,15.5307665,0.7492198,0.011547119,0.4,0.0,0.19269861,0.027752196,0.25362134,0.01680198,0.4,0.014927317,0.181996,0.028803902
375316653866487564,4042869071108141056,0.43593353,2461.1846108149925,2.082759087916595,3.710485E-5,18.138933,0.0075617237,0.14946413,0.017195912,0.03336397,0.011894751,0.09631301,0.02476009,0.6475464,0.009061174,0.036524594,0.013722188,0.14523405,0.122352004,null,null,null,null,"TWOGAUSSIANS",8,4.3880215,0.6475464,0.009061174,0.20453773,0.07684425,0.14523405,0.122352004,0.14946413,0.017195912,0.18683824,0.066610605,0.09631301,0.02476009
375316653866487564,4042869208547186432,0.43158212,2429.1790860473775,4.065244596827605,3.4253575E-5,18.66318,0.01844703,0.26738045,0.0031615582,0.02902543,0.0075629824,0.25653675,0.049818173,0.59643567,0.03344152,0.09696774,0.027858175,0.24355832,0.094529055,null,null,null,null,"TWOGAUSSIANS",8,6.8464737,0.26747045,0.0031418616,0.1625424,0.042352702,0.2573063,0.049654964,0.59643567,0.03344152,0.4,0.0,0.2435575,0.094535045
375316653866487564,4042869281481302144,0.46197936,2464.6016902530473,0.41277844466608377,1.19632816E-4,19.134308,0.009134928,0.27343577,0.0065221074,0.052658122,0.025846066,0.12751149,0.055626024,0.685215,0.002496806,0.033202156,0.0021401462,0.3747328,0.030986726,null,null,null,null,"TWOGAUSSIANS",8,3.2598133,0.685215,0.002496806,0.18593208,0.011984819,0.3747328,0.030986732,0.27343577,0.0065221074,0.2948855,0.11888411,0.12751149,0.05562612
375316653866487564,4042869311626605184,0.45350915,2377.94696069333,0.11443298337751316,1.7841689E-5,18.8473,0.011646365,0.5589585,0.007911407,0.068951935,0.008074666,0.22524418,0.030352054,0.87814915,0.010178723,0.014848512,0.008432626,0.12852809,0.09191673,null,null,null,null,"TWOGAUSSIANS",8,4.456924,0.5589585,0.007911407,0.38613084,0.044059746,0.22524418,0.030352054,0.87814915,0.010178723,0.08315166,0.047222704,0.1285331,0.09192025
375316653866487564,4042869418920355456,0.5385145,2454.285551649333,1.0865120647054565,1.3593985E-5,17.565998,0.007951637,0.25409165,0.0038804645,0.095911235,0.006415081,0.20707631,0.01006598,0.75574327,0.004548883,0.07677172,0.005758666,0.25196943,0.013986971,null,null,null,null,"TWOGAUSSIANS",8,6.648875,0.75574327,0.004548883,0.4,0.0,0.24538483,0.013698071,0.25409165,0.0038804645,0.4,0.0,0.20049118,0.00958164
375316653866487564,4042869449017672704,0.5456262,2400.0891836208516,1.538898190159466,8.4641E-6,17.705791,0.0062871682,0.18468775,0.0029538716,0.07941941,0.005576445,0.20726895,0.0077546528,0.70799476,0.009656473,0.078741595,0.012611577,0.10155023,0.011858499,null,null,null,null,"TWOGAUSSIANS",8,3.895011,0.18468775,0.0029538716,0.4,0.0,0.20605725,0.0076311873,0.70799476,0.009656473,0.4,0.0069502126,0.100338526,0.011964704
375316653866487564,4042869487639780608,0.5867894,2392.9050111152173,0.8796469601035565,4.031385E-6,16.530727,0.0054586576,0.27191392,0.0013058964,0.08814512,0.0025612132,0.2114302,0.005620747,0.77274615,0.0024496594,0.09678907,0.004749508,0.18365814,0.005859742,null,null,null,null,"TWOGAUSSIANS",8,5.511484,0.27191392,0.0013058964,0.4,0.0,0.20141543,0.0037157713,0.77274615,0.0024496594,0.4,0.0,0.17364283,0.0055843773
375316653866487564,4042869517785031808,0.56130093,2389.9248789652534,2.0487352666314727,1.1491265E-5,18.701056,0.014510466,0.18759812,0.0057222256,0.082488336,0.0072205355,0.30902714,0.021016443,0.6824053,0.0022403456,0.08442907,0.0047994377,0.33194467,0.016461937,null,null,null,null,"TWOGAUSSIANS",8,1.8281568,0.6824053,0.0022403456,0.4,0.0,0.32537454,0.015128467,0.18759812,0.0057222256,0.4,0.0,0.30245706,0.020878946
375316653866487564,4042869556306964480,0.4475494,2447.725877876296,2.1627896026962503,1.0412989E-4,19.51335,0.06749369,0.38763565,0.028751371,0.07561353,0.04916789,0.4737968,0.12963028,0.76040816,0.038026907,0.10225348,0.049331333,0.18392351,0.0727176,null,null,null,null,"TWOGAUSSIANS",8,4.553246,0.38773564,0.028603075,0.4,0.009290509,0.4729696,0.14757265,0.76040816,0.038026907,0.4,0.0,0.18285918,0.0614167
375316653866487564,4042869556359372288,0.5017707,2303.557356111491,4.7989249783282295,1.03587015E-4,19.312138,0.00581836,0.25144884,0.033254422,0.08240967,0.021041455,0.0565743,0.015362446,0.7429698,0.01596352,0.03207068,0.020185092,0.3501265,0.27477258,null,null,null,null,"TWOGAUSSIANS",8,0.9378661,0.7429698,0.01596352,0.17959581,0.11303652,0.35011798,0.27485198,0.25144884,0.033254422,0.4,0.0063665574,0.056565765,0.015361467
375316653866487564,4042869620864463872,0.413489,2403.2185086499494,4.0630678326369685,2.5048676E-5,19.016747,0.941088,0.36201456,0.033201784,0.12838857,0.05097984,1.0003917,0.65675,0.95425177,0.045012005,0.17041081,0.1294027,0.5463336,0.90806776,null,null,null,null,"TWOGAUSSIANS",8,4.3946934,0.35451454,0.018508457,0.4,0.0,0.8436301,0.14319773,0.96498173,0.029324368,0.4,0.0,0.36284944,0.19116198
375316653866487564,4042869689583791616,0.43959817,2454.145024230885,1.8717454581916724,8.3753264E-5,19.275028,0.051669963,0.20326471,0.013586509,0.07724105,0.0413916,0.32697904,0.06121666,0.68318653,0.023841804,0.10133259,0.032070506,0.255138,0.05621611,null,null,null,null,"TWOGAUSSIANS",8,3.7807608,0.20326471,0.013643786,0.4,0.0051592556,0.31891567,0.08329457,0.68318653,0.023841804,0.4,0.0,0.24707073,0.044080988
375316653866487564,4042869762550986880,0.42614922,2382.565530350136,0.21047081990010683,4.6339475E-5,18.820831,0.011641441,0.36479118,0.0122793205,0.12575753,0.018408772,0.18237288,0.02368551,0.7923387,0.009805675,0.048240453,0.007820725,0.21435238,0.017979305,null,null,null,null,"TWOGAUSSIANS",8,4.105715,0.7923387,0.009805675,0.27014655,0.043796062,0.21340227,0.017263677,0.36479118,0.0122793205,0.4,0.0,0.18085326,0.023915267
375316653866487564,4042869827023314816,0.46237576,2415.5983449137,0.03403246398172099,5.705418E-5,19.512127,0.09615141,0.17783569,0.13444862,0.054919425,0.052970916,1.0300622,3.3890893,0.55937755,0.1519609,0.07708695,0.16548084,0.732701,1.7583592,null,null,null,null,"TWOGAUSSIANS",8,3.7761936,0.17783569,0.13384718,0.3075488,0.29663715,1.0300372,3.3757637,0.55937755,0.1519609,0.4,0.087823376,0.7326726,1.7824923
375316653866487564,4042869964462239744,0.47000924,2357.951774114373,4.334103870050502,6.353872E-5,19.219357,0.006216652,0.59503627,0.069221094,0.067679495,0.0455965,0.13542263,0.1478757,0.4330796,0.064565875,0.04351764,0.043054655,0.10841917,0.072411604,null,null,null,null,"TWOGAUSSIANS",8,1.6070523,0.5947163,0.06627007,0.37900516,0.25109705,0.1355306,0.14732005,0.4387396,0.059393495,0.24369879,0.24110608,0.116916426,0.066713475
375316653866487564,4042870002983644800,0.54421765,2383.0355338031195,1.9478493721677235,1.1812971E-5,18.82919,0.01205233,0.24540386,0.009113161,0.09468403,0.007940326,0.28592613,0.027354244,0.74486476,0.0035042977,0.08229242,0.0051513542,0.3507226,0.012898629,null,null,null,null,"TWOGAUSSIANS",8,2.8828943,0.74486476,0.0035042977,0.4,0.0,0.33925295,0.010402168,0.24540386,0.009113161,0.4,0.0,0.27445596,0.02756265
375316653866487564,4042870003036010368,0.4857003,2384.9291288176278,0.5152009654031935,1.695474E-5,15.8968935,0.0026534698,0.18293163,0.01563273,0.039779574,0.022903541,0.062966555,0.008280732,0.70544493,0.0049842694,0.009545477,0.0066361404,0.04088671,34.293655,0.010592229,0.0029541047,0.70544493,0.0049842694,"TWOGAUSSIANS_WITH_ELLIPSOIDAL_ON_ECLIPSE2",9,11.9695425,0.18383163,0.015243916,0.22276561,0.12825982,0.08374661,0.010349858,0.70544493,0.0049842694,0.053454675,0.037162386,0.062071167,34.29347
375316653866487564,4042870003037058304,0.5505203,2472.239397789631,0.058091391496443996,3.409767E-5,18.93077,0.1565115,0.36857787,0.025514409,0.10789288,0.04140191,0.6171211,0.14899072,0.88359505,0.0049570147,0.07375995,0.016211683,0.6807982,0.15596619,null,null,null,null,"TWOGAUSSIANS",8,2.1144955,0.88360506,0.004836564,0.4,0.047595844,0.658242,0.11258024,0.36857787,0.025514409,0.4,0.0,0.59453267,0.085118085
375316653866487564,4042870204932124928,0.47438717,2377.4169572323913,0.6195068166502785,1.7269526E-4,17.04727,0.003714547,0.1468688,0.0156206135,0.013209797,0.01492664,0.041533507,2.473196E12,0.64678574,0.00696121,0.04245133,0.00893465,0.27220196,0.14479195,0.017561616,0.005838805,0.1468688,0.0156206135,"TWOGAUSSIANS_WITH_ELLIPSOIDAL_ON_ECLIPSE1",9,19.2217,0.64678574,0.0068718437,0.23772745,0.050034035,0.30732518,0.14515927,0.1468688,0.0156206135,0.07397487,0.08358919,0.07665673,2.473196E12
375316653866487564,4042870239291446144,0.4278998,2476.6854610352034,1.0642278435528183,7.820618E-6,19.302187,0.007618765,0.39068606,0.0014843087,0.022263858,0.00243664,0.5368223,0.18623719,0.6523704,0.030629104,0.066162914,0.025736185,0.12053521,0.02976522,null,null,null,null,"TWOGAUSSIANS",8,2.522768,0.39068606,0.0014836343,0.124677606,0.013645183,0.53687066,0.18623504,0.6523704,0.030629104,0.37051234,0.1370501,0.12053521,0.02976522
375316653866487564,4042870273653337088,0.45845512,2469.7396651675276,2.5762839283708283,1.4593793E-4,19.346151,0.4348777,0.3266734,0.026017414,0.14478783,0.10162151,0.45294058,0.4140108,0.82260734,0.009082547,0.10949425,0.04718791,0.42168608,0.3232188,null,null,null,null,"TWOGAUSSIANS",8,3.7017503,0.32668337,0.026021756,0.4,0.0,0.33122244,0.059266366,0.82260734,0.009082547,0.4,0.0,0.30228335,0.04310734
