Gaia/vari_eclipsing_binary/VariEclipsingBinary_602482-602568.csv
# %ECSV 1.0
# ---
# delimiter: ','
# meta: !!omap
# - RELEASE: Gaia DR3
# - TABLE: vari_eclipsing_binary
# - DESCRIPTION: >
#     This table describes the properties of the eclipsing binaries resulting from the variability analysis. 
# - CITATION: >
#     How to cite and acknowledge Gaia: 
#     https://gea.esac.esa.int/archive/documentation/credits.html 
# - KNOWN_ISSUES: >
#     Known issues: 
#     https://www.cosmos.esa.int/web/gaia-users/known-issues 
# - DOCUMENTATION: >
#     Tutorials and documentation: 
#     https://www.cosmos.esa.int/web/gaia-users/archive 
# datatype:
# - 
#   name: solution_id
#   datatype: int64
#   description: Solution Identifier
#   meta:
#     ucd: meta.version
# - 
#   name: source_id
#   datatype: int64
#   description: Unique source identifier
#   meta:
#     ucd: meta.id;meta.main
# - 
#   name: global_ranking
#   datatype: float32
#   description: Number between 0 (worst) and 1 (best)
#   meta:
#     ucd: stat.param
# - 
#   name: reference_time
#   datatype: float64
#   unit: d
#   description: Reference time used for the geometric model fit
#   meta:
#     ucd: time.epoch
# - 
#   name: frequency
#   datatype: float64
#   unit: d**-1
#   description: Frequency of geometric model of the eclipsing binary light curve
#   meta:
#     ucd: src.orbital
# - 
#   name: frequency_error
#   datatype: float32
#   unit: d**-1
#   description: "Uncertainty of \\texttt{frequency}"
#   meta:
#     ucd: stat.error
# - 
#   name: geom_model_reference_level
#   datatype: float32
#   unit: mag
#   description: Magnitude reference level of geometric model
#   meta:
#     ucd: phot.mag;em.opt
# - 
#   name: geom_model_reference_level_error
#   datatype: float32
#   unit: mag
#   description: "Uncertainty of \\texttt{geomModelReferenceLevel}"
#   meta:
#     ucd: stat.error;phot.mag;em.opt
# - 
#   name: geom_model_gaussian1_phase
#   datatype: float32
#   description: Phase of the Gaussian 1 component
#   meta:
#     ucd: time.phase
# - 
#   name: geom_model_gaussian1_phase_error
#   datatype: float32
#   description: "Uncertainty of \\texttt{geomModelGaussian1Phase}"
#   meta:
#     ucd: stat.error;time.phase
# - 
#   name: geom_model_gaussian1_sigma
#   datatype: float32
#   description: "Standard deviation [phase] of Gaussian 1 component"
#   meta:
#     ucd: stat.stdev
# - 
#   name: geom_model_gaussian1_sigma_error
#   datatype: float32
#   description: "Uncertainty of \\texttt{geomModelGaussian1Sigma}"
#   meta:
#     ucd: stat.error
# - 
#   name: geom_model_gaussian1_depth
#   datatype: float32
#   unit: mag
#   description: Magnitude depth of Gaussian 1 component
#   meta:
#     ucd: src.var.amplitude
# - 
#   name: geom_model_gaussian1_depth_error
#   datatype: float32
#   unit: mag
#   description: "Uncertainty of \\texttt{geomModelGaussian1Depth}"
#   meta:
#     ucd: stat.error;src.var.amplitude
# - 
#   name: geom_model_gaussian2_phase
#   datatype: float32
#   description: Phase of Gaussian 2 component
#   meta:
#     ucd: time.phase
# - 
#   name: geom_model_gaussian2_phase_error
#   datatype: float32
#   description: "Uncertainty of \\texttt{geomModelGaussian2Phase}"
#   meta:
#     ucd: stat.error;time.phase
# - 
#   name: geom_model_gaussian2_sigma
#   datatype: float32
[...]
#   datatype: float32
#   description: "Secondary eclipse: uncertainty of \\texttt{derivedSecondaryEclDuration}"
#   meta:
#     ucd: stat.error;time.duration
# - 
#   name: derived_secondary_ecl_depth
#   datatype: float32
#   unit: mag
#   description: "Secondary eclipse: depth"
#   meta:
#     ucd: src.var.amplitude
# - 
#   name: derived_secondary_ecl_depth_error
#   datatype: float32
#   unit: mag
#   description: "Secondary eclipse: uncertainty of \\texttt{derivedSecondaryEclDepth}"
#   meta:
#     ucd: stat.error;src.var.amplitude
solution_id,source_id,global_ranking,reference_time,frequency,frequency_error,geom_model_reference_level,geom_model_reference_level_error,geom_model_gaussian1_phase,geom_model_gaussian1_phase_error,geom_model_gaussian1_sigma,geom_model_gaussian1_sigma_error,geom_model_gaussian1_depth,geom_model_gaussian1_depth_error,geom_model_gaussian2_phase,geom_model_gaussian2_phase_error,geom_model_gaussian2_sigma,geom_model_gaussian2_sigma_error,geom_model_gaussian2_depth,geom_model_gaussian2_depth_error,geom_model_cosine_half_period_amplitude,geom_model_cosine_half_period_amplitude_error,geom_model_cosine_half_period_phase,geom_model_cosine_half_period_phase_error,model_type,num_model_parameters,reduced_chi2,derived_primary_ecl_phase,derived_primary_ecl_phase_error,derived_primary_ecl_duration,derived_primary_ecl_duration_error,derived_primary_ecl_depth,derived_primary_ecl_depth_error,derived_secondary_ecl_phase,derived_secondary_ecl_phase_error,derived_secondary_ecl_duration,derived_secondary_ecl_duration_error,derived_secondary_ecl_depth,derived_secondary_ecl_depth_error
[from data line 433]
375316653866487564,5299916358248935680,0.51978666,2044.7516469836055,0.27625863244801935,5.9442675E-5,16.299181,0.0015109981,0.19871147,0.020569885,0.058384173,0.02068174,0.2575733,0.23414458,null,null,null,null,null,null,null,null,null,null,"ONEGAUSSIAN",5,13.545136,0.19871147,0.020569885,0.32695138,0.11581775,0.2575733,0.0,null,null,null,null,null,null
375316653866487564,5299917182882766592,0.59689873,2061.484426616108,4.442708868610787,4.5732395E-6,16.250748,0.010430012,0.25435132,0.0021370202,0.04659764,0.012773892,0.08970304,0.028041316,0.74626726,0.003997642,0.056424208,0.0064284736,0.15424754,0.02969323,0.09868325,0.019810073,0.25435132,0.0021370202,"TWOGAUSSIANS_WITH_ELLIPSOIDAL_ON_ECLIPSE1",9,26.80321,0.74823725,0.0029657392,0.31597558,0.035999455,0.3512234,0.012914,0.25435132,0.0021370202,0.2609468,0.0715338,0.28706402,0.012992153
375316653866487564,5299919308885084288,0.50965923,2098.8411505507056,3.6720310013118347,1.0600091E-5,16.758509,0.94250333,0.24656051,0.0051724906,0.16245404,0.11095667,0.3817678,0.88801074,0.74196035,0.0055378755,0.15553083,0.07677188,0.40395734,0.82056,null,null,null,null,"TWOGAUSSIANS",8,12.195442,0.74196035,0.0055378755,0.4,0.0,0.18804508,0.0069413804,0.2472005,0.0047257743,0.4,0.0,0.16376232,0.008237289
375316653866487564,5299921202972190464,0.5217432,2071.0812473059823,3.2794739629927663,8.4316525E-6,17.494102,0.034482427,0.29821774,0.004676816,0.1147733,0.015034948,0.22845368,0.033150483,0.79226726,0.00311621,0.116669744,0.016577628,0.20276205,0.030679794,null,null,null,null,"TWOGAUSSIANS",8,4.8476,0.29823774,0.0047048144,0.4,0.0,0.18907681,0.007700433,0.79226726,0.00311621,0.4,0.0,0.16337797,0.007562475
375316653866487564,5299921718368292864,0.4624309,2097.325762972399,0.9869438087982946,3.107144E-5,18.39026,0.003799277,0.25794414,0.019688278,0.07116139,0.02414642,0.044076722,0.006165829,0.7462442,0.01072083,0.033521783,0.008304687,0.13953863,0.016290687,null,null,null,null,"TWOGAUSSIANS",8,3.0667293,0.7462442,0.01072083,0.187722,0.04650625,0.13953787,0.016291847,0.25794414,0.019688278,0.39850378,0.07796497,0.044075962,0.006169334
375316653866487564,5299926421349852928,0.4613723,2092.5884118508134,2.466298687898197,1.8082788E-5,14.753729,0.052556485,0.29523653,0.0066563548,0.19010936,0.043004856,0.45489633,0.0721283,0.7937061,0.0059757945,0.1869443,0.047385454,0.41318423,0.059402738,null,null,null,null,"TWOGAUSSIANS",8,78.634895,0.29596654,0.0072786203,0.4,0.0,0.119901374,0.01002166,0.7937061,0.0059757945,0.4,0.0,0.083710186,0.010034502
375316653866487564,5299928246719869056,0.46765348,2085.6576105244726,2.9360538557135314,1.9181629E-5,17.430294,0.013185719,0.18926871,0.0074686976,0.09551449,0.012769054,0.20098516,0.02308709,0.6746132,0.0062082345,0.08306065,0.011794202,0.1889084,0.0129194,null,null,null,null,"TWOGAUSSIANS",8,22.003115,0.18926871,0.0074686976,0.4,0.0,0.19486178,0.024121713,0.6746132,0.0062082345,0.4,0.0,0.18278562,0.010653688
375316653866487564,5299930170865141888,0.6797695,2086.9412823580665,0.18329831235334154,1.488281E-5,14.377945,6.946494E-4,0.483698,0.00330474,0.022905013,0.0010440843,0.5187482,0.05770004,0.21596012,0.099596664,0.053141132,0.054504137,0.0019144885,0.0039459015,2.9520705E-4,7.7321054E-4,0.483698,0.00330474,"TWOGAUSSIANS_WITH_ELLIPSOIDAL_ON_ECLIPSE1",9,6.838816,0.483698,0.00330474,0.12826808,0.005846872,0.5193386,0.057512604,0.21596012,0.099823624,0.29759035,0.30522317,0.0019217918,0.004010156
375316653866487564,5299930853756322432,0.4762719,2033.6943087736126,3.580022580732647,1.6579874E-5,19.037878,0.048930883,0.32523403,0.0074908365,0.11619504,0.024380032,0.23454233,0.043140445,0.8125164,0.0073237917,0.09127763,0.024902405,0.2067355,0.03792784,null,null,null,null,"TWOGAUSSIANS",8,3.0953288,0.32523403,0.0074869413,0.4,0.0,0.21375877,0.014280862,0.8125164,0.0073237917,0.4,0.0,0.18600124,0.0148293255
375316653866487564,5299932335528501760,0.55832374,2137.471606736096,0.5532646391681126,9.59818E-6,15.296924,0.0013242968,0.27265635,0.010070877,0.030642316,0.005128736,0.23324998,0.029810047,null,null,null,null,null,null,0.003613168,0.0019479971,0.27265635,0.010070877,"ONEGAUSSIAN_WITH_ELLIPSOIDAL",6,7.854249,0.27265635,0.010070877,0.17159697,0.028720923,0.24047631,0.028618604,null,null,null,null,null,null
375316653866487564,5299932885284329728,0.5803653,2078.1596008588767,3.8956702862953394,7.10953E-6,16.95565,0.014628773,0.29656127,0.0023139333,0.086165816,0.005227726,0.3184739,0.013452382,0.7842397,0.006680585,0.09354338,0.013503769,0.24590033,0.012566333,null,null,null,null,"TWOGAUSSIANS",8,12.9140215,0.29656127,0.0023139333,0.4,0.0,0.30893338,0.007827781,0.7842397,0.006680585,0.4,0.0,0.23635946,0.01459287
375316653866487564,5299934775060919552,0.47591376,2090.9407040570363,3.3540689156906676,1.5478836E-5,15.847918,0.0024618928,null,null,null,null,null,null,null,null,null,null,null,null,0.063763514,0.0036828364,0.25710005,0.0045778113,"ELLIPSOIDAL",4,41.720203,null,null,null,null,null,null,null,null,null,null,null,null
375316653866487564,5299935530984070528,0.57429403,2100.0906185317313,1.4036745948281166,3.2361293E-6,17.32104,0.0021575736,0.25393847,0.0020133706,0.07303301,0.0029562288,0.2367156,0.0090229735,0.7512792,0.0036336014,0.08071817,0.0034536012,0.08778893,0.0038513104,null,null,null,null,"TWOGAUSSIANS",8,1.7414334,0.25393847,0.0020133706,0.4,0.0,0.23539434,0.009263721,0.7512792,0.0036336014,0.4,0.0,0.086467676,0.0037288424
375316653866487564,5299936252538596352,0.47402868,2063.324252046199,4.187047106060897,1.4455821E-5,19.692348,0.024006221,0.26131058,0.005412845,0.092175394,0.012526505,0.3040755,0.025440028,0.74660254,0.008051427,0.08043161,0.010617211,0.31316587,0.028342823,null,null,null,null,"TWOGAUSSIANS",8,2.421461,0.74660254,0.008051427,0.4,0.0,0.30595705,0.025192874,0.26131058,0.005412845,0.4,0.0,0.29686633,0.024745578
375316653866487564,5299936252538597376,0.5806325,2127.0913677006606,0.736642630230567,2.0566871E-5,15.160509,7.8968355E-4,0.25870013,0.001533454,0.007805688,7.542924E-4,0.15863033,0.006492291,0.80774266,0.027444322,0.016632315,0.048689485,0.028136393,0.019755952,null,null,null,null,"TWOGAUSSIANS",8,6.086496,0.25870013,0.001533454,0.043711852,0.0042240378,0.15863033,0.006492291,0.80774266,0.027444322,0.09314096,0.27266112,0.028136393,0.019755952
375316653866487564,5299938623360827776,0.5875771,2059.9302082996096,0.24762312077600074,1.48436975E-5,16.975183,0.0023745182,0.27244633,0.0056316387,0.009345163,0.003236112,0.60660785,0.79644305,0.772541,3.1763193E-4,0.010037365,3.5050113E-4,0.40392175,0.007888064,null,null,null,null,"TWOGAUSSIANS",8,12.206699,0.27244633,0.0056316387,0.05233291,0.018122228,0.60660785,0.79644305,0.772541,3.1763193E-4,0.056209248,0.0019628063,0.40392175,0.007888064
375316653866487564,5299938825212244480,0.45960343,2087.289581402053,3.8168892676997834,1.5517708E-5,19.781042,0.037973195,0.23452891,0.005555707,0.09971099,0.014325352,0.2930463,0.03493215,0.71877307,0.007212147,0.09099874,0.021032246,0.42137668,0.08154761,null,null,null,null,"TWOGAUSSIANS",8,2.7352743,0.71877307,0.007212147,0.4,0.0,0.40347975,0.10041108,0.23452891,0.0055499757,0.4,0.0,0.27514705,0.016778484
375316653866487564,5299938932598476416,0.48382914,2098.2312381116035,2.8710124559982133,2.028876E-5,16.691551,0.006552732,0.24541442,0.0073883617,0.06532226,0.01391401,0.040787455,0.017434586,0.799749,0.011659817,0.024437495,0.023480566,0.07443312,0.03239417,0.053720642,0.008318522,0.24541442,0.0073883617,"TWOGAUSSIANS_WITH_ELLIPSOIDAL_ON_ECLIPSE1",9,41.279396,0.799749,0.011659817,0.13684997,0.13149117,0.1698043,0.035279922,0.24541442,0.0073883617,0.36580464,0.077918455,0.14820193,0.010254766
375316653866487564,5299940753664457984,0.51265144,2094.8899339170816,0.8125843409207942,6.194969E-6,16.603996,0.0026046226,0.29352444,0.0046412926,0.038711805,0.003378602,0.15704098,0.006509988,0.7937498,0.0027335365,0.04208786,0.0035280406,0.33465624,0.07624616,null,null,null,null,"TWOGAUSSIANS",8,12.580033,0.7937498,0.0027335365,0.23569202,0.019757027,0.33465624,0.076246165,0.29352444,0.0046412926,0.2167861,0.01892017,0.15704097,0.0065099862
375316653866487564,5299941784456509952,0.53668875,2085.6477349493257,1.4235105425852599,5.233158E-6,16.307388,0.002430975,0.2468644,0.008368905,0.030364089,0.010600156,0.031472016,0.01625504,0.7534042,0.0028411888,0.048058566,0.0032561922,0.098055795,0.0068599763,0.030337503,0.0072302064,0.2468644,0.008368905,"TWOGAUSSIANS_WITH_ELLIPSOIDAL_ON_ECLIPSE1",9,12.289166,0.7534042,0.002536326,0.26912796,0.018234678,0.1586281,0.00859947,0.2468644,0.008368905,0.1700389,0.059360873,0.09214672,0.007829568
375316653866487564,5299942265495932288,0.659916,2111.715306896937,1.0432669284277893,8.77328E-6,15.415407,0.0016432712,0.2444606,0.003087103,0.027007282,0.003181829,0.34577805,0.01093378,0.73755896,6.9376756E-4,0.032351207,9.928613E-4,0.33800137,0.0052208374,0.019923002,0.00227908,0.73755896,6.9376756E-4,"TWOGAUSSIANS_WITH_ELLIPSOIDAL_ON_ECLIPSE2",9,7.861513,0.2444106,0.003070832,0.15124078,0.01781824,0.38554963,0.010972894,0.73755896,6.9376756E-4,0.18116677,0.0055600232,0.37784737,0.0044614035
375316653866487564,5299942746529174144,0.4905259,2058.9249543269266,3.8243592855573936,1.9945412E-5,19.670527,0.00415846,0.2466685,1.2630795E-5,0.0021058312,2.977568E-5,0.76101816,0.0027922725,0.70377034,0.008658058,0.019514944,0.008563784,0.13752821,0.05054126,null,null,null,null,"TWOGAUSSIANS",8,1.343466,0.2466685,1.2630795E-5,0.011792655,1.667438E-4,0.76101816,0.0027922725,0.70377034,0.008658058,0.10928369,0.04795719,0.13752821,0.05054126
375316653866487564,5299943154545585024,0.5227686,2078.823874649638,2.004937856610424,1.34101865E-5,18.921587,0.029657952,0.18571134,0.00891145,0.10722918,0.015053232,0.23110619,0.03287893,0.66012573,0.006014984,0.109217435,0.013768104,0.33552942,0.024634512,null,null,null,null,"TWOGAUSSIANS",8,2.1393523,0.66012573,0.006014984,0.4,0.0,0.30638626,0.021534733,0.18576133,0.0089092925,0.4,0.0,0.20197864,0.020022968
375316653866487564,5299943674242145792,0.56393117,2089.626515413318,3.1494220737297014,5.7967154E-6,19.403946,0.011476749,0.1786986,0.0029741395,0.07355702,0.005213924,0.35065752,0.016304728,0.67516863,0.0041550878,0.07053328,0.004315722,0.4978974,0.014605454,null,null,null,null,"TWOGAUSSIANS",8,1.7057445,0.67516863,0.0041550878,0.39498636,0.020804802,0.49604455,0.013629343,0.1786986,0.0029741395,0.4,0.0060291444,0.34880465,0.016146202
375316653866487564,5299943773013441408,0.4992961,2069.3877236723283,3.455564024920591,1.0975646E-5,17.467882,0.026081296,0.2287702,0.006072145,0.11502912,0.0151664,0.15303223,0.026027936,0.7234967,0.005079189,0.099804446,0.018077508,0.16428278,0.020856045,null,null,null,null,"TWOGAUSSIANS",8,5.5397234,0.7234967,0.005079189,0.4,0.0,0.14447698,0.007618679,0.2287702,0.006072145,0.4,0.0,0.13320303,0.0064129047
375316653866487564,5299948518968273664,0.5081189,2059.1790971865835,4.041011091921124,1.2113737E-5,19.191097,0.00926954,0.29234037,0.006459755,0.076592915,0.0086984625,0.23971814,0.01785653,0.7935633,0.0046990607,0.08681921,0.0062784213,0.28743553,0.013460997,null,null,null,null,"TWOGAUSSIANS",8,2.3090668,0.7935633,0.0046990607,0.4,0.0,0.28266194,0.012940915,0.29234037,0.006459755,0.4,0.0,0.23494457,0.018576182
375316653866487564,5299949751609688192,0.41815138,2103.065880648611,2.3571186587190534,5.1786734E-5,18.552637,0.09060447,0.18625905,0.014264998,0.10177718,0.036566965,0.29990467,0.082831115,0.67300105,0.019025827,0.049433503,0.029792218,0.5271485,0.073059246,null,null,null,null,"TWOGAUSSIANS",8,61.926964,0.67300105,0.019025827,0.27682763,0.13941719,0.52505094,0.07509771,0.18625905,0.014264998,0.4,0.0,0.29780298,0.067044124
375316653866487564,5299951022920209920,0.51097894,2095.0906528481382,1.7643608221540943,9.010923E-6,18.98517,0.0073521407,0.267941,0.0051657297,0.075994894,0.012015354,0.17119749,0.0070899935,0.7587709,0.0031630453,0.07231158,0.0034578147,0.2636686,0.011138018,null,null,null,null,"TWOGAUSSIANS",8,1.5968087,0.7587709,0.0031630453,0.4,0.00197264,0.26250663,0.010501678,0.267941,0.0051657297,0.4,0.0,0.17003554,0.0075854105
375316653866487564,5299951439542652544,0.5421226,2119.1540861773356,2.3388692186328335,1.0404533E-5,15.507766,0.014462198,0.27180973,0.00291256,0.098395705,0.0064288694,0.32738912,0.013347207,0.7647941,0.0041685724,0.09754928,0.007439436,0.32951027,0.014416181,null,null,null,null,"TWOGAUSSIANS",8,66.58941,0.7647941,0.0041685724,0.4,0.0,0.30641088,0.011576452,0.27180973,0.00291256,0.4,0.0,0.3042894,0.009479223
375316653866487564,5299952332896013056,0.56512713,2126.6346098700283,2.5047707098720484,6.3533794E-6,15.590716,0.002159823,0.2830499,0.001968108,0.033079065,0.0026236316,0.41178194,0.029013345,0.77248526,0.0026321711,0.029958393,0.0016603736,0.246876,0.008434787,0.016522536,0.0037047863,0.2830499,0.001968108,"TWOGAUSSIANS_WITH_ELLIPSOIDAL_ON_ECLIPSE1",9,59.565807,0.2830499,0.001968108,0.18524277,0.014692337,0.444827,0.02908526,0.7725853,0.002603315,0.167767,0.009298093,0.27977705,0.0075869584
375316653866487564,5299952470334839040,0.5326615,2088.3736972646175,0.8916714702192007,1.8252918E-5,11.638036,8.623832E-4,0.20149429,0.008138962,0.013891667,0.009079794,0.050791018,0.08314722,0.694652,0.005185991,0.02241096,0.015265228,0.024045292,0.08810217,0.020420114,0.001451362,0.694652,0.005185991,"TWOGAUSSIANS_WITH_ELLIPSOIDAL_ON_ECLIPSE2",9,16.654968,0.2014143,0.00805168,0.07779334,0.05084685,0.091556646,0.08322701,0.694652,0.005185991,0.12550138,0.08548528,0.064885445,0.0888366
375316653866487564,5299956245598517888,0.5234108,2111.532321090298,4.264800355703323,1.2130736E-5,18.4066,0.005679073,0.2609909,0.007931028,0.062602036,0.0086368425,0.16544943,0.011164605,0.75979614,0.0030625265,0.06994369,0.0043069078,0.15684992,0.008037924,null,null,null,null,"TWOGAUSSIANS",8,1.630628,0.2609909,0.007931028,0.3505714,0.048366316,0.16519712,0.011160329,0.75979614,0.0030625265,0.39168465,0.024118682,0.15659761,0.007967616
375316653866487564,5299956967153094912,0.5677591,2091.7639249133504,2.190249838085417,9.848471E-6,17.819113,0.006997021,0.31516415,0.0044796015,0.084532216,0.0054686987,0.49439424,0.026259676,0.802775,0.0036473977,0.073659725,0.0031867486,0.5755261,0.016073655,null,null,null,null,"TWOGAUSSIANS",8,13.244499,0.802775,0.0036473977,0.4,0.0,0.5699521,0.015609375,0.31516415,0.0044796015,0.4,0.0,0.4888201,0.027377354
375316653866487564,5299960373074583424,0.57263494,2051.05010108393,0.709193704048584,2.220822E-6,17.57925,0.0024313324,0.26106387,0.008813244,0.0626618,0.04310954,0.010065802,0.010951215,0.741825,4.2366012E-4,0.025167301,6.0808565E-4,0.22747102,0.0060557583,0.018659929,0.0036457232,0.26106387,0.008813244,"TWOGAUSSIANS_WITH_ELLIPSOIDAL_ON_ECLIPSE1",9,2.1927264,0.74198496,3.9530662E-4,0.1409369,0.0034052797,0.26424903,0.0036347257,0.26106387,0.008813244,0.35090607,0.22516002,0.047382146,0.0086615635
375316653866487564,5299961128988964736,0.5842036,2090.6609284382553,2.630099168062584,5.826772E-6,16.098272,0.027112642,0.29879627,0.0069790906,0.06289791,0.012823169,0.16863361,0.0551765,0.80656177,0.001395768,0.06723036,0.01482618,0.11116445,0.05673009,0.10580692,0.030872349,0.80656177,0.001395768,"TWOGAUSSIANS_WITH_ELLIPSOIDAL_ON_ECLIPSE2",9,27.914759,0.30098626,0.0048653376,0.35222828,0.07180975,0.37973717,0.019789783,0.80656177,0.001395768,0.37649003,0.07355512,0.3226298,0.01335443
375316653866487564,5299962297220083584,0.50365186,2090.2716873079944,1.0419054000322896,1.2790183E-5,15.021863,0.002215841,0.30709884,0.0054443344,0.061610952,0.010620491,0.055083245,0.008029467,0.82872915,0.054412268,0.01492904,0.017526863,0.06194947,0.23152472,0.029189048,0.0026534277,0.30709884,0.0054443344,"TWOGAUSSIANS_WITH_ELLIPSOIDAL_ON_ECLIPSE1",9,31.857601,0.82872915,0.05435931,0.08360263,0.09815043,0.11924129,0.22456174,0.30709884,0.0054443344,0.34502134,0.05947475,0.113446735,0.0074695223
