Gaia/vari_eclipsing_binary/VariEclipsingBinary_672463-672514.csv
# %ECSV 1.0
# ---
# delimiter: ','
# meta: !!omap
# - RELEASE: Gaia DR3
# - TABLE: vari_eclipsing_binary
# - DESCRIPTION: >
#     This table describes the properties of the eclipsing binaries resulting from the variability analysis. 
# - CITATION: >
#     How to cite and acknowledge Gaia: 
#     https://gea.esac.esa.int/archive/documentation/credits.html 
# - KNOWN_ISSUES: >
#     Known issues: 
#     https://www.cosmos.esa.int/web/gaia-users/known-issues 
# - DOCUMENTATION: >
#     Tutorials and documentation: 
#     https://www.cosmos.esa.int/web/gaia-users/archive 
# datatype:
# - 
#   name: solution_id
#   datatype: int64
#   description: Solution Identifier
#   meta:
#     ucd: meta.version
# - 
#   name: source_id
#   datatype: int64
#   description: Unique source identifier
#   meta:
#     ucd: meta.id;meta.main
# - 
#   name: global_ranking
#   datatype: float32
#   description: Number between 0 (worst) and 1 (best)
#   meta:
#     ucd: stat.param
# - 
#   name: reference_time
#   datatype: float64
#   unit: d
#   description: Reference time used for the geometric model fit
#   meta:
#     ucd: time.epoch
# - 
#   name: frequency
#   datatype: float64
#   unit: d**-1
#   description: Frequency of geometric model of the eclipsing binary light curve
#   meta:
#     ucd: src.orbital
# - 
#   name: frequency_error
#   datatype: float32
#   unit: d**-1
#   description: "Uncertainty of \\texttt{frequency}"
#   meta:
#     ucd: stat.error
# - 
#   name: geom_model_reference_level
#   datatype: float32
#   unit: mag
#   description: Magnitude reference level of geometric model
#   meta:
#     ucd: phot.mag;em.opt
# - 
#   name: geom_model_reference_level_error
#   datatype: float32
#   unit: mag
#   description: "Uncertainty of \\texttt{geomModelReferenceLevel}"
#   meta:
#     ucd: stat.error;phot.mag;em.opt
# - 
#   name: geom_model_gaussian1_phase
#   datatype: float32
#   description: Phase of the Gaussian 1 component
#   meta:
#     ucd: time.phase
# - 
#   name: geom_model_gaussian1_phase_error
#   datatype: float32
#   description: "Uncertainty of \\texttt{geomModelGaussian1Phase}"
#   meta:
#     ucd: stat.error;time.phase
# - 
#   name: geom_model_gaussian1_sigma
#   datatype: float32
#   description: "Standard deviation [phase] of Gaussian 1 component"
#   meta:
#     ucd: stat.stdev
# - 
#   name: geom_model_gaussian1_sigma_error
#   datatype: float32
#   description: "Uncertainty of \\texttt{geomModelGaussian1Sigma}"
#   meta:
#     ucd: stat.error
# - 
#   name: geom_model_gaussian1_depth
#   datatype: float32
#   unit: mag
#   description: Magnitude depth of Gaussian 1 component
#   meta:
#     ucd: src.var.amplitude
# - 
#   name: geom_model_gaussian1_depth_error
#   datatype: float32
#   unit: mag
#   description: "Uncertainty of \\texttt{geomModelGaussian1Depth}"
#   meta:
#     ucd: stat.error;src.var.amplitude
# - 
#   name: geom_model_gaussian2_phase
#   datatype: float32
#   description: Phase of Gaussian 2 component
#   meta:
#     ucd: time.phase
# - 
#   name: geom_model_gaussian2_phase_error
#   datatype: float32
#   description: "Uncertainty of \\texttt{geomModelGaussian2Phase}"
#   meta:
#     ucd: stat.error;time.phase
# - 
#   name: geom_model_gaussian2_sigma
#   datatype: float32
[...]
#   datatype: float32
#   description: "Secondary eclipse: uncertainty of \\texttt{derivedSecondaryEclDuration}"
#   meta:
#     ucd: stat.error;time.duration
# - 
#   name: derived_secondary_ecl_depth
#   datatype: float32
#   unit: mag
#   description: "Secondary eclipse: depth"
#   meta:
#     ucd: src.var.amplitude
# - 
#   name: derived_secondary_ecl_depth_error
#   datatype: float32
#   unit: mag
#   description: "Secondary eclipse: uncertainty of \\texttt{derivedSecondaryEclDepth}"
#   meta:
#     ucd: stat.error;src.var.amplitude
solution_id,source_id,global_ranking,reference_time,frequency,frequency_error,geom_model_reference_level,geom_model_reference_level_error,geom_model_gaussian1_phase,geom_model_gaussian1_phase_error,geom_model_gaussian1_sigma,geom_model_gaussian1_sigma_error,geom_model_gaussian1_depth,geom_model_gaussian1_depth_error,geom_model_gaussian2_phase,geom_model_gaussian2_phase_error,geom_model_gaussian2_sigma,geom_model_gaussian2_sigma_error,geom_model_gaussian2_depth,geom_model_gaussian2_depth_error,geom_model_cosine_half_period_amplitude,geom_model_cosine_half_period_amplitude_error,geom_model_cosine_half_period_phase,geom_model_cosine_half_period_phase_error,model_type,num_model_parameters,reduced_chi2,derived_primary_ecl_phase,derived_primary_ecl_phase_error,derived_primary_ecl_duration,derived_primary_ecl_duration_error,derived_primary_ecl_depth,derived_primary_ecl_depth_error,derived_secondary_ecl_phase,derived_secondary_ecl_phase_error,derived_secondary_ecl_duration,derived_secondary_ecl_duration_error,derived_secondary_ecl_depth,derived_secondary_ecl_depth_error
[from data line 467]
375316653866487564,5915440284790818304,0.48682848,2216.6039423464467,3.894431540631059,1.8833187E-5,18.974564,0.11488741,0.2235331,0.0044042985,0.11947714,0.043145377,0.18649112,0.10792004,0.7323846,0.008874794,0.11713332,0.041279536,0.20825896,0.11031979,null,null,null,null,"TWOGAUSSIANS",8,2.093525,0.7324246,0.008759159,0.4,0.0,0.16933988,0.011147443,0.22349308,0.004431643,0.4,0.0,0.14755894,0.012508754
375316653866487564,5915440284791588864,0.5393439,2204.509360808779,3.643434874992733,1.5892414E-5,18.812334,0.009728262,0.2709162,0.0065092193,0.07180713,0.0056970213,0.41953072,0.025470354,0.76866454,0.0041657775,0.07382805,0.0039599277,0.4526977,0.021366112,null,null,null,null,"TWOGAUSSIANS",8,4.8346314,0.76866454,0.0041657775,0.4,0.0,0.45041806,0.021301037,0.2709162,0.0065092193,0.4,0.009058753,0.41725108,0.025273463
375316653866487564,5915442415106479232,0.473848,2212.7021089943237,0.03715450787343961,1.0035844E-4,17.701332,0.1421694,0.3287056,0.014181864,0.2747542,0.16511847,0.15999511,0.13946742,0.8007163,0.015485923,0.10731247,0.011607305,0.20153175,0.050676946,null,null,null,null,"TWOGAUSSIANS",8,5.3160105,0.8007163,0.015485923,0.4,0.0,0.14904946,0.010139076,0.32893562,0.014001342,0.4,0.0,0.046125013,0.007728837
375316653866487564,5915442449466228224,0.67518836,2182.404139239283,1.626076261920198,2.318029E-6,17.575087,0.006080023,0.29326203,8.7322335E-4,0.052532636,0.0036481123,0.17207311,0.014776544,0.7930162,0.0018438738,0.05396033,0.002358439,0.2659179,0.015474478,0.17115696,0.007868365,0.29326203,8.7322335E-4,"TWOGAUSSIANS_WITH_ELLIPSOIDAL_ON_ECLIPSE1",9,2.4651268,0.7930762,0.0015865548,0.30217785,0.013207258,0.6082227,0.009629043,0.29326203,8.7322335E-4,0.29418278,0.020429429,0.51437855,0.006283852
375316653866487564,5915443377180247040,0.4929093,2370.134967383258,3.131933517586526,1.2358795E-5,17.99345,0.038481995,0.29249847,0.0043424545,0.056932434,0.013629717,0.26579434,0.10500047,0.80042195,0.010442999,0.04962261,0.012716277,0.17446381,0.101633415,0.10616642,0.059425246,0.29249847,0.0043424545,"TWOGAUSSIANS_WITH_ELLIPSOIDAL_ON_ECLIPSE1",9,22.421417,0.29249847,0.0043424545,0.31882164,0.076326415,0.47810972,0.073559046,0.80042195,0.010442999,0.27788663,0.07121115,0.38625336,0.04230563
375316653866487564,5915443716456844416,0.500554,2377.1287031572915,3.215067637692416,1.2324523E-5,17.239635,0.003269526,null,null,null,null,null,null,null,null,null,null,null,null,0.11298243,0.004329192,0.21226586,0.0032739302,"ELLIPSOIDAL",4,25.589977,null,null,null,null,null,null,null,null,null,null,null,null
375316653866487564,5915445129526900224,0.5891604,2379.616126696064,1.5905996397953384,8.549884E-6,16.46935,0.006214056,0.27222425,0.00154958,0.09245494,0.0030601844,0.32204798,0.009572443,0.78387445,0.0020072074,0.104702346,0.0042204624,0.18406829,0.006057556,null,null,null,null,"TWOGAUSSIANS",8,6.697186,0.27222425,0.00154958,0.4,0.0,0.3057484,0.010083366,0.78387445,0.0020072074,0.4,0.0,0.1677644,0.0033771684
375316653866487564,5915445266965864448,0.5493773,2357.0694926071196,2.7312992658776394,8.139384E-6,16.32692,0.064666174,0.13555126,0.0030099964,0.060010076,0.02044526,0.16593061,0.13127986,0.6360532,0.004130909,0.065582715,0.022618176,0.17107788,0.12243385,0.0842543,0.06723166,0.13555126,0.0030099964,"TWOGAUSSIANS_WITH_ELLIPSOIDAL_ON_ECLIPSE1",9,43.18887,0.6360532,0.0037279315,0.3672632,0.09174982,0.33944097,0.018749999,0.13555126,0.0030099964,0.33605644,0.09828036,0.3342954,0.011570509
375316653866487564,5915445709327311872,0.45922637,2326.5814463232127,0.46471806335745,5.1121133E-5,18.16004,0.0047045606,0.23902288,0.008054985,0.008017293,0.0073282635,0.7295408,53.887863,0.7347224,0.027564911,0.011959699,0.014650364,0.2776,0.23828012,0.02650514,0.008348469,0.23902288,0.008054985,"TWOGAUSSIANS_WITH_ELLIPSOIDAL_ON_ECLIPSE1",9,11.955799,0.23902288,0.008054985,0.044896845,0.041038275,0.7825511,53.883713,0.73473233,0.026028411,0.06697431,0.08204204,0.33057165,0.24724036
375316653866487564,5915445713631148928,0.5225647,2389.0719302235243,3.0257068594522742,1.2777804E-5,19.300327,0.0060239546,0.24598283,0.0051204953,0.047390524,0.0062464783,0.34089148,0.015533615,0.74720126,0.0023454009,0.050417535,0.0028007887,0.43331987,0.016019324,null,null,null,null,"TWOGAUSSIANS",8,2.9672542,0.74720126,0.0023454009,0.2823382,0.015684417,0.43331835,0.016019568,0.24598283,0.0051204953,0.26538694,0.03498028,0.34088996,0.015535824
375316653866487564,5915446637040343296,0.4806773,2283.2856411242583,2.6291281610069017,2.156175E-5,18.817415,0.008834118,0.26136103,0.00855136,0.092165574,0.009921562,0.13730459,0.0111527955,0.738074,0.011619002,0.08057062,0.015696807,0.1402261,0.0096317995,null,null,null,null,"TWOGAUSSIANS",8,1.708033,0.738074,0.011619002,0.4,0.0,0.13741408,0.010775005,0.26136103,0.00855136,0.4,0.0,0.13449234,0.009879489
375316653866487564,5915447702189794688,0.43654618,2275.8917170926297,3.135245700982339,8.164401E-5,18.885098,0.012924414,0.29811758,0.011491266,0.09703783,0.01520632,0.13421291,0.014307169,0.7496617,0.014283086,0.05452887,0.024935799,0.0997311,0.0110510215,null,null,null,null,"TWOGAUSSIANS",8,4.9662213,0.29811758,0.011491266,0.4,0.0,0.13388067,0.0131895095,0.7496617,0.014283086,0.30536166,0.12053237,0.09940155,0.011937281
375316653866487564,5915448389386129280,0.5713708,2306.0291433438265,2.918497213638397,6.7323153E-6,16.900679,0.024055514,0.2687825,0.0025633525,0.047876272,0.011389469,0.14964846,0.055090785,0.75733745,0.0066538258,0.058775257,0.010455636,0.23657368,0.053567853,0.09690221,0.03305192,0.2687825,0.0025633525,"TWOGAUSSIANS_WITH_ELLIPSOIDAL_ON_ECLIPSE1",9,23.347778,0.7594274,0.0051488625,0.32914144,0.058551565,0.4295474,0.019539356,0.2687825,0.0025633525,0.26810715,0.06378102,0.3434405,0.014658029
375316653866487564,5915448737299742592,0.6153175,2271.783230514274,3.2292945118888956,3.3175525E-6,17.991692,0.0039144414,0.31754908,0.0012768102,0.039421678,0.0023332897,0.15448992,0.011171704,0.81680274,0.0019822943,0.045471363,0.0021840092,0.25622293,0.01726607,0.12830594,0.005149356,0.31754908,0.0012768102,"TWOGAUSSIANS_WITH_ELLIPSOIDAL_ON_ECLIPSE1",9,2.7037969,0.81690276,0.0016583295,0.25463963,0.012230451,0.5128299,0.01662422,0.31754908,0.0012768102,0.22076139,0.013066422,0.41110173,0.00852953
375316653866487564,5915451417359494784,0.4256698,2221.3746212959445,0.12122971539249026,4.802333E-5,18.06271,0.004381725,0.7880069,0.011769459,0.049898367,0.023501543,0.004709233,0.010498881,null,null,null,null,null,null,0.04287064,0.0056161755,0.7880069,0.011769459,"ONEGAUSSIAN_WITH_ELLIPSOIDAL",6,7.490124,0.7880069,0.011769459,0.27943087,0.13160864,0.090450495,0.007721765,null,null,null,null,null,null
375316653866487564,5915452065890774784,0.5936997,2273.219501904079,3.442565421664489,5.53995E-6,18.418392,0.0055587855,0.27214664,0.0024538809,0.06897449,0.0027100295,0.53904885,0.019151574,0.7683135,0.0017078656,0.07334151,0.002273313,0.47982028,0.00889694,null,null,null,null,"TWOGAUSSIANS",8,3.311746,0.27214664,0.0024538809,0.3862571,0.015176165,0.5371228,0.019308938,0.7683135,0.0017078656,0.4,0.0,0.4778942,0.008925665
375316653866487564,5915454715894166656,0.58033586,2336.214473921072,2.4755543200954673,4.903782E-6,14.980226,0.0051572747,0.23442516,0.001511868,0.050194893,0.006342128,0.07890855,0.013226663,0.7388325,0.0052940072,0.049862847,0.00624202,0.09427702,0.014494737,0.08211677,0.008463535,0.23442516,0.001511868,"TWOGAUSSIANS_WITH_ELLIPSOIDAL_ON_ECLIPSE1",9,61.16626,0.7388325,0.0052940072,0.27923194,0.034955315,0.25838408,0.008666818,0.23442516,0.001511868,0.2810914,0.035515916,0.24314152,0.0057092854
375316653866487564,5915455467493940352,0.6055997,2255.943002752019,3.598518510833998,6.00185E-6,18.512554,0.011702609,0.24387616,0.0011383453,0.047000196,0.0035693021,0.3532966,0.029772634,0.74554,0.0064056716,0.046298545,0.007798245,0.26834616,0.030475821,0.11518862,0.017498646,0.24387616,0.0011383453,"TWOGAUSSIANS_WITH_ELLIPSOIDAL_ON_ECLIPSE1",9,2.9960105,0.24387616,0.0011383453,0.2632011,0.019988092,0.5836733,0.020510066,0.74554,0.0063823173,0.25927186,0.043670174,0.49869767,0.025239123
375316653866487564,5915455952844938624,0.56716186,2275.4309542726287,1.3914356029192814,8.784925E-6,16.962008,0.002355248,0.12931092,0.004997792,0.037430607,0.0050120796,0.02545148,0.007829758,0.62092984,0.0012986255,0.042988684,0.0022111842,0.14921327,0.0064249253,0.019994007,0.0043778797,0.12931092,0.004997792,"TWOGAUSSIANS_WITH_ELLIPSOIDAL_ON_ECLIPSE1",9,3.4224617,0.6212398,0.0011776794,0.24073663,0.012382632,0.18909462,0.005448009,0.12931092,0.004997792,0.20961139,0.028067645,0.06543946,0.0043113544
375316653866487564,5915456326485811456,0.6027783,2296.7249193273587,1.1923880749293363,6.594984E-6,16.77608,0.0018950214,0.24562575,0.0011719838,0.057038292,9.871444E-4,0.28563863,0.0053836126,0.74878764,0.0037347998,0.0792851,0.004203203,0.09752625,0.0038447292,null,null,null,null,"TWOGAUSSIANS",8,3.438229,0.24562575,0.0011719838,0.31941444,0.005528009,0.28531256,0.005370349,0.74878764,0.0037347998,0.4,0.0,0.09720018,0.003847575
375316653866487564,5915456468241911424,0.44217348,2294.9097857281445,0.42589218628438075,8.142568E-5,15.77318,0.0030027458,0.14709726,0.032097068,0.043691497,0.028037593,0.095892474,0.020933483,0.7854766,0.015685676,0.036429342,0.026502704,0.10069833,0.06410486,null,null,null,null,"TWOGAUSSIANS",8,61.266106,0.7854766,0.015685676,0.20400432,0.14841515,0.10069833,0.06410487,0.14709726,0.032097068,0.24467239,0.15701051,0.095892474,0.020933483
375316653866487564,5915456841883379968,0.49923915,2220.8316062279923,2.266768512857655,1.3089115E-5,18.097746,0.16058448,0.40283978,0.025224855,0.22097923,0.12316414,0.16117218,0.15464419,0.8283914,0.0077975807,0.06818424,0.010165242,0.35921502,0.029024985,null,null,null,null,"TWOGAUSSIANS",8,9.023918,0.8283914,0.0077975807,0.38183177,0.04018976,0.34390298,0.018521134,0.40283978,0.025224855,0.4,0.0,0.11514341,0.017755428
375316653866487564,5915458529828449664,0.46346352,2259.673112526385,2.764814848072746,1.7375662E-5,19.241856,0.086541206,0.19608937,0.007941804,0.08261032,0.02488092,0.24068102,0.07708968,0.7014647,0.009165934,0.11435994,0.046888568,0.22553386,0.0790329,null,null,null,null,"TWOGAUSSIANS",8,3.075646,0.19607937,0.008017446,0.4,0.0,0.22375046,0.02651778,0.7014647,0.009165934,0.4,0.0,0.2085708,0.011315153
375316653866487564,5915459388818993664,0.55436724,2211.9044983477006,1.0673192081047012,8.579726E-6,16.90348,0.0026034282,0.15518473,0.0028271936,0.039282806,0.0027052423,0.082695074,0.008143228,0.6546747,0.0025276626,0.048806366,0.00722841,0.051881377,0.00669392,0.021247094,0.003922476,0.15518473,0.0028271936,"TWOGAUSSIANS_WITH_ELLIPSOIDAL_ON_ECLIPSE1",9,2.4894793,0.15518473,0.0028271936,0.21998371,0.015149357,0.12518907,0.006598455,0.65474474,0.0021383194,0.27331564,0.040479094,0.09437499,0.0057280585
375316653866487564,5915460827610053760,0.614716,2201.2764160413244,3.804304010322428,3.3473618E-6,18.733103,0.011025621,0.21962486,0.0018451716,0.06765337,0.003031776,0.6500481,0.012093927,0.7156675,0.0011624283,0.061350346,0.0020694477,0.6179748,0.01299577,null,null,null,null,"TWOGAUSSIANS",8,2.666604,0.21962486,0.0018451716,0.37885886,0.016977945,0.6494327,0.012191974,0.7156675,0.0011624283,0.34356195,0.011588907,0.61735946,0.0128884865
375316653866487564,5915460935007052160,0.587797,2267.466318457077,1.1922297580465537,1.1513688E-5,17.891922,0.0034424008,0.36340624,0.002051805,0.020062692,0.004382059,0.26840058,0.8288647,0.8612667,0.0026807413,0.01888538,0.0016372802,0.60595524,0.0155799575,null,null,null,null,"TWOGAUSSIANS",8,7.9482574,0.8612667,0.0026807413,0.10575813,0.009168769,0.60595524,0.0155799575,0.36340624,0.002051805,0.11235108,0.02453953,0.26840058,0.8288647
375316653866487564,5915461828360373632,0.6170326,2190.623111570155,2.637423291841587,9.814203E-6,16.326477,0.0073545775,0.24883671,0.0032229163,0.10109066,0.0041041323,0.33972752,0.010680624,0.7497594,0.0016255816,0.089293525,0.0032464133,0.39528826,0.008813855,null,null,null,null,"TWOGAUSSIANS",8,11.524495,0.7497594,0.0016255816,0.4,0.0,0.37247434,0.010251451,0.24883671,0.0032229163,0.4,0.0,0.31691042,0.0106417015
375316653866487564,5915462034508567296,0.5591445,2184.4092845678388,4.2410918785449985,8.303828E-6,19.149061,0.020425713,0.23686053,0.0033118268,0.06485641,0.0048317965,0.55971175,0.02649442,0.73181206,0.005433827,0.07104171,0.0066491864,0.47380748,0.034707204,null,null,null,null,"TWOGAUSSIANS",8,5.788338,0.23686053,0.0033118268,0.3631959,0.02705806,0.5586852,0.026487837,0.73181206,0.005433827,0.3978336,0.024179809,0.47278097,0.034586716
375316653866487564,5915462309386523904,0.47087035,2189.7643980445687,0.037060636087303485,3.8735336E-5,19.120079,0.009418648,0.24777173,0.0032889107,0.032166027,0.0052157333,0.15372606,0.02074611,0.65110046,0.009523672,0.08331108,0.009066569,0.25588483,0.017756667,null,null,null,null,"TWOGAUSSIANS",8,4.4308133,0.65110046,0.009523672,0.4,0.0,0.2558842,0.017756179,0.24777173,0.0032889107,0.18012974,0.029208105,0.1537275,0.020747306
375316653866487564,5915464504102803072,0.5264331,2195.06427316352,0.1848293672297621,1.1977904E-5,12.363751,0.0038796272,0.20268093,0.0027572436,0.11413054,0.01184658,0.04725358,0.0033980135,0.7111266,0.004362483,0.0863153,0.009047961,0.04355263,0.0039478205,null,null,null,null,"TWOGAUSSIANS",8,25.866644,0.20268093,0.0027572436,0.4,0.0,0.043635577,0.0030716169,0.7111366,0.0043576597,0.4,0.0,0.039941367,0.0024327352
375316653866487564,5915464508410022272,0.53263366,2199.2966033563994,3.4461824497523192,1.0793967E-5,19.288992,0.013453762,0.17063397,0.0034700863,0.083308205,0.008793366,0.28481925,0.019598093,0.6606934,0.0024731471,0.076371096,0.0059526875,0.39891532,0.020276004,null,null,null,null,"TWOGAUSSIANS",8,2.2705226,0.6606934,0.0024731471,0.4,0.0,0.39484552,0.020768575,0.17063397,0.0034700863,0.4,0.0,0.28074944,0.02066802
375316653866487564,5915464538463379328,0.5390586,2196.636368190542,3.0281895907170364,1.1465851E-5,17.059896,0.008349937,0.29859373,0.006220522,0.0846218,0.006479702,0.24853197,0.009378584,0.80584544,0.0048492807,0.07904312,0.0060809245,0.19204184,0.009418518,null,null,null,null,"TWOGAUSSIANS",8,15.408856,0.29859373,0.006220522,0.4,0.0,0.24493475,0.008123774,0.80584544,0.0048492807,0.4,0.0,0.18844463,0.008432427
375316653866487564,5915464577139603968,0.5367878,2216.4962879781124,1.746170078485932,1.3603525E-5,17.9592,0.010592787,0.28141642,0.0022006491,0.10189101,0.009690186,0.15079366,0.007449336,0.7934927,0.005114694,0.107094705,0.012351035,0.106729746,0.010119171,null,null,null,null,"TWOGAUSSIANS",8,1.3852484,0.28140643,0.0021974524,0.4,0.0,0.13829714,0.007124978,0.7935027,0.0051145125,0.4,0.0,0.09423082,0.0065085897
375316653866487564,5915465912852881408,0.5526588,2183.03718390428,3.182819628294068,9.7926295E-6,17.642082,0.021406014,0.28117684,0.009166123,0.09453874,0.010783677,0.3941595,0.025531009,0.7816441,0.001971445,0.08550943,0.0070697493,0.39131877,0.021068279,null,null,null,null,"TWOGAUSSIANS",8,20.79802,0.28117684,0.009166123,0.4,0.0,0.37768328,0.021144262,0.7816441,0.001971445,0.4,0.0,0.3748432,0.020767696
375316653866487564,5915467119760288896,0.5495451,2188.2073738782638,2.8742114655498443,5.5200417E-6,16.94169,0.010215043,0.20699456,0.002301521,0.08167226,0.0038504002,0.42300844,0.018352747,0.69184554,0.00299216,0.08174261,0.004327413,0.50803876,0.029377492,null,null,null,null,"TWOGAUSSIANS",8,32.62133,0.69184554,0.00299216,0.4,0.0,0.50159633,0.030133186,0.20699456,0.002301521,0.4,0.0,0.41656598,0.01842278
