Gaia/vari_eclipsing_binary/VariEclipsingBinary_721215-721969.csv
# %ECSV 1.0
# ---
# delimiter: ','
# meta: !!omap
# - RELEASE: Gaia DR3
# - TABLE: vari_eclipsing_binary
# - DESCRIPTION: >
#     This table describes the properties of the eclipsing binaries resulting from the variability analysis. 
# - CITATION: >
#     How to cite and acknowledge Gaia: 
#     https://gea.esac.esa.int/archive/documentation/credits.html 
# - KNOWN_ISSUES: >
#     Known issues: 
#     https://www.cosmos.esa.int/web/gaia-users/known-issues 
# - DOCUMENTATION: >
#     Tutorials and documentation: 
#     https://www.cosmos.esa.int/web/gaia-users/archive 
# datatype:
# - 
#   name: solution_id
#   datatype: int64
#   description: Solution Identifier
#   meta:
#     ucd: meta.version
# - 
#   name: source_id
#   datatype: int64
#   description: Unique source identifier
#   meta:
#     ucd: meta.id;meta.main
# - 
#   name: global_ranking
#   datatype: float32
#   description: Number between 0 (worst) and 1 (best)
#   meta:
#     ucd: stat.param
# - 
#   name: reference_time
#   datatype: float64
#   unit: d
#   description: Reference time used for the geometric model fit
#   meta:
#     ucd: time.epoch
# - 
#   name: frequency
#   datatype: float64
#   unit: d**-1
#   description: Frequency of geometric model of the eclipsing binary light curve
#   meta:
#     ucd: src.orbital
# - 
#   name: frequency_error
#   datatype: float32
#   unit: d**-1
#   description: "Uncertainty of \\texttt{frequency}"
#   meta:
#     ucd: stat.error
# - 
#   name: geom_model_reference_level
#   datatype: float32
#   unit: mag
#   description: Magnitude reference level of geometric model
#   meta:
#     ucd: phot.mag;em.opt
# - 
#   name: geom_model_reference_level_error
#   datatype: float32
#   unit: mag
#   description: "Uncertainty of \\texttt{geomModelReferenceLevel}"
#   meta:
#     ucd: stat.error;phot.mag;em.opt
# - 
#   name: geom_model_gaussian1_phase
#   datatype: float32
#   description: Phase of the Gaussian 1 component
#   meta:
#     ucd: time.phase
# - 
#   name: geom_model_gaussian1_phase_error
#   datatype: float32
#   description: "Uncertainty of \\texttt{geomModelGaussian1Phase}"
#   meta:
#     ucd: stat.error;time.phase
# - 
#   name: geom_model_gaussian1_sigma
#   datatype: float32
#   description: "Standard deviation [phase] of Gaussian 1 component"
#   meta:
#     ucd: stat.stdev
# - 
#   name: geom_model_gaussian1_sigma_error
#   datatype: float32
#   description: "Uncertainty of \\texttt{geomModelGaussian1Sigma}"
#   meta:
#     ucd: stat.error
# - 
#   name: geom_model_gaussian1_depth
#   datatype: float32
#   unit: mag
#   description: Magnitude depth of Gaussian 1 component
#   meta:
#     ucd: src.var.amplitude
# - 
#   name: geom_model_gaussian1_depth_error
#   datatype: float32
#   unit: mag
#   description: "Uncertainty of \\texttt{geomModelGaussian1Depth}"
#   meta:
#     ucd: stat.error;src.var.amplitude
# - 
#   name: geom_model_gaussian2_phase
#   datatype: float32
#   description: Phase of Gaussian 2 component
#   meta:
#     ucd: time.phase
# - 
#   name: geom_model_gaussian2_phase_error
#   datatype: float32
#   description: "Uncertainty of \\texttt{geomModelGaussian2Phase}"
#   meta:
#     ucd: stat.error;time.phase
# - 
#   name: geom_model_gaussian2_sigma
#   datatype: float32
[...]
#   datatype: float32
#   description: "Secondary eclipse: uncertainty of \\texttt{derivedSecondaryEclDuration}"
#   meta:
#     ucd: stat.error;time.duration
# - 
#   name: derived_secondary_ecl_depth
#   datatype: float32
#   unit: mag
#   description: "Secondary eclipse: depth"
#   meta:
#     ucd: src.var.amplitude
# - 
#   name: derived_secondary_ecl_depth_error
#   datatype: float32
#   unit: mag
#   description: "Secondary eclipse: uncertainty of \\texttt{derivedSecondaryEclDepth}"
#   meta:
#     ucd: stat.error;src.var.amplitude
solution_id,source_id,global_ranking,reference_time,frequency,frequency_error,geom_model_reference_level,geom_model_reference_level_error,geom_model_gaussian1_phase,geom_model_gaussian1_phase_error,geom_model_gaussian1_sigma,geom_model_gaussian1_sigma_error,geom_model_gaussian1_depth,geom_model_gaussian1_depth_error,geom_model_gaussian2_phase,geom_model_gaussian2_phase_error,geom_model_gaussian2_sigma,geom_model_gaussian2_sigma_error,geom_model_gaussian2_depth,geom_model_gaussian2_depth_error,geom_model_cosine_half_period_amplitude,geom_model_cosine_half_period_amplitude_error,geom_model_cosine_half_period_phase,geom_model_cosine_half_period_phase_error,model_type,num_model_parameters,reduced_chi2,derived_primary_ecl_phase,derived_primary_ecl_phase_error,derived_primary_ecl_duration,derived_primary_ecl_duration_error,derived_primary_ecl_depth,derived_primary_ecl_depth_error,derived_secondary_ecl_phase,derived_secondary_ecl_phase_error,derived_secondary_ecl_duration,derived_secondary_ecl_duration_error,derived_secondary_ecl_depth,derived_secondary_ecl_depth_error
[from data line 358]
375316653866487564,6349292832768687104,0.4837652,2184.7825603078923,2.582592516434594,2.8127804E-5,15.483235,1.1375151,0.28060383,0.0060685487,0.115468085,0.113057904,0.24867092,1.0833516,0.7725245,0.008716176,0.10691355,0.07632836,0.25918838,0.90189964,null,null,null,null,"TWOGAUSSIANS",8,199.20473,0.7725245,0.008716176,0.4,0.0,0.22196613,0.017707946,0.28061384,0.0061760833,0.4,0.0,0.21141444,0.024555484
375316653866487564,6349303965324069376,0.48399955,2218.73760661141,0.3375518760997353,1.2604757E-4,14.975593,0.0041302335,0.08943814,0.013425309,0.021522319,0.009494298,0.03096518,0.009561586,0.7036302,0.028889142,0.04159529,0.017342359,0.20762405,0.064933054,null,null,null,null,"TWOGAUSSIANS",8,129.5746,0.7036302,0.028889142,0.23293363,0.09711721,0.20762405,0.064933054,0.08943814,0.013425309,0.12052498,0.05316807,0.03096518,0.009561586
375316653866487564,6349350728928104192,0.54326314,2165.019060752307,2.6019659217943825,1.5255681E-5,16.699814,0.006688866,0.2692886,0.006405199,0.07827386,0.00625075,0.2616365,0.014438531,0.7757797,0.0028818164,0.0798666,0.0067401393,0.23690487,0.014492842,null,null,null,null,"TWOGAUSSIANS",8,25.23789,0.2692886,0.006405199,0.4,0.0,0.25868952,0.013799652,0.7757797,0.0028818164,0.4,0.0,0.2339579,0.015221783
375316653866487564,6349370004741332480,0.4882435,2212.2533626951586,0.4076732999680321,1.3687238E-5,15.097027,0.00958531,0.5477521,0.002723639,0.02245566,0.0028575624,0.28229454,0.032153126,0.82700974,0.1107164,0.11021078,0.16984224,0.02850201,0.07745649,null,null,null,null,"TWOGAUSSIANS",8,325.2442,0.5478021,0.0027159927,0.1257517,0.01600235,0.28344324,0.03246928,0.82700974,0.1107164,0.4,0.57477605,0.028500075,0.077461205
375316653866487564,6349373784312206976,0.66163623,2187.0703986018448,3.813462900921363,3.7763746E-6,17.084997,0.006893855,0.30457988,0.0017217725,0.04799614,0.0023034262,0.33764738,0.016655149,0.80128276,0.0013524543,0.047084928,0.0036885263,0.38955474,0.0149880145,0.12445988,0.009396327,0.30457988,0.0017217725,"TWOGAUSSIANS_WITH_ELLIPSOIDAL_ON_ECLIPSE1",9,5.7528453,0.8016128,0.0012076399,0.2636756,0.020655748,0.63837755,0.01315222,0.30457988,0.0017217725,0.26877838,0.012899187,0.58656627,0.008780721
375316653866487564,6349377392085091328,0.5723826,2234.4500732666133,3.890098996014476,1.2596482E-5,16.278141,0.00969245,0.22440349,0.0032517032,0.05092305,0.007857312,0.18242447,0.023043849,0.7229442,0.0051513235,0.05271121,0.0055153295,0.19700773,0.025545238,0.095254436,0.01357192,0.22440349,0.0032517032,"TWOGAUSSIANS_WITH_ELLIPSOIDAL_ON_ECLIPSE1",9,44.724876,0.7232042,0.004337199,0.2951828,0.030885844,0.38749933,0.013133995,0.22440349,0.0032517032,0.2851691,0.044000946,0.3729293,0.021661596
375316653866487564,6349399382317688064,0.62155014,2225.0117529400063,3.440664073981947,6.040275E-6,12.412273,0.030793132,0.25539926,0.0030768425,0.06525514,0.011416897,0.21582155,0.05568033,0.7748447,0.005630403,0.06853299,0.01741219,0.18880105,0.052603528,0.08867644,0.028335761,0.25539926,0.0030768425,"TWOGAUSSIANS_WITH_ELLIPSOIDAL_ON_ECLIPSE1",9,215.92969,0.25539926,0.0030768425,0.3654288,0.063934624,0.3929514,0.008787872,0.7748447,0.005630403,0.38378474,0.06541062,0.36329654,0.0063847424
375316653866487564,6349417588682760448,0.47999257,2182.9811291298597,2.701588280286308,2.7280435E-5,19.347181,0.010809656,0.5303717,0.004727787,0.045083866,0.0035431038,0.40408802,0.014959,0.9082438,0.0138618,0.012677277,0.0076918434,0.051969215,0.02209213,null,null,null,null,"TWOGAUSSIANS",8,3.638522,0.5303717,0.004727787,0.25246966,0.019841382,0.40408802,0.014959,0.9082438,0.0138618,0.07099275,0.043074325,0.051969215,0.02209213
375316653866487564,6349433462881950080,0.4859775,2178.50832408691,0.7220552931925119,1.5300508E-5,19.20826,0.0074557075,0.21341832,0.003477472,0.032583006,0.00214753,0.3364716,0.023193836,0.70977676,0.0046365745,0.04578792,0.006543344,0.22389463,0.021519924,null,null,null,null,"TWOGAUSSIANS",8,4.213653,0.21341832,0.003477472,0.18246482,0.0120261675,0.3364716,0.023193836,0.70977676,0.0046365745,0.25641236,0.036642727,0.22389463,0.021519925
375316653866487564,6349440850225984640,0.51772076,2197.0382966483057,1.5192347067970098,1.3704539E-5,18.916065,0.0069722245,0.24977289,0.0048206863,0.053546537,0.0044008624,0.35190642,0.021823414,0.7567175,0.0068476223,0.06621327,0.010466883,0.11155174,0.017817622,null,null,null,null,"TWOGAUSSIANS",8,2.092411,0.24977289,0.0048206863,0.29986063,0.024644831,0.3518594,0.021815494,0.7567175,0.0068476223,0.37079436,0.05861454,0.111504704,0.017846704
375316653866487564,6349449199641454464,0.51773095,2212.6261293697485,3.6769024106926995,1.621708E-5,18.142748,0.02357162,0.3094995,0.008004936,0.09050529,0.016054848,0.3247424,0.023612611,0.8125636,0.0042833127,0.09102152,0.008557738,0.34808853,0.024819644,null,null,null,null,"TWOGAUSSIANS",8,13.257333,0.8125636,0.0042833127,0.4,0.0,0.3336349,0.019732201,0.3094995,0.008004936,0.4,0.0,0.31028882,0.022195205
375316653866487564,6349473320177891840,0.5187467,2221.024923163605,2.8416321739317056,1.4373455E-5,16.552994,0.007885424,0.24450481,0.0041603493,0.027950138,0.009070656,0.11078881,0.018212875,0.72142667,0.007843384,0.0494862,0.009750978,0.14341865,0.023767442,0.09630946,0.013434475,0.24450481,0.0041603493,"TWOGAUSSIANS_WITH_ELLIPSOIDAL_ON_ECLIPSE1",9,30.069342,0.72616667,0.0065038437,0.27712274,0.054605477,0.3328334,0.019263742,0.24450481,0.0041603493,0.15652078,0.050795674,0.30340588,0.01946303
375316653866487564,6349545097671515392,0.5793642,2223.42926510045,4.086822529522922,9.751135E-6,17.97773,0.008119106,0.2465806,0.002194611,0.08136249,0.0040175067,0.3444982,0.012369644,0.74012595,0.0029158527,0.08899357,0.0037702224,0.32230535,0.011090998,null,null,null,null,"TWOGAUSSIANS",8,3.7629826,0.2465806,0.002194611,0.4,0.0,0.33649418,0.012675545,0.74012595,0.0029158527,0.4,0.0,0.31430125,0.010020216
375316653866487564,6349548159984342272,0.5974094,2174.40355042435,2.3084764363697037,7.4296477E-6,16.358292,0.0024926837,0.27098933,0.0032227829,0.097376585,0.0054130633,0.09611013,0.0035481574,0.7721325,0.0019574757,0.08335185,0.0026105912,0.15746121,0.0035058733,null,null,null,null,"TWOGAUSSIANS",8,1.7708706,0.7721325,0.0019574757,0.4,0.0,0.15235195,0.0032952274,0.27098933,0.0032227829,0.4,0.0,0.091000505,0.0037025465
375316653866487564,6349609762699416320,0.4312891,2193.750061413176,0.28467187365002933,1.3537878E-4,18.583458,0.016785031,0.33417073,0.03413175,0.10713399,0.052770864,0.1256244,0.022723965,0.76654243,0.021158783,0.057524465,0.021266421,0.16705497,0.034471016,null,null,null,null,"TWOGAUSSIANS",8,7.346766,0.76654243,0.021158783,0.322137,0.10358384,0.16640098,0.035402685,0.33417073,0.03413175,0.4,0.0,0.12493382,0.021181388
375316653866487564,6349619245987214592,0.49927497,2203.353241046304,3.5824418363702897,1.7285774E-5,17.26457,0.013918402,0.23191051,0.004115217,0.08286108,0.005727188,0.28638938,0.014514057,0.7345099,0.01065601,0.08025798,0.011725986,0.21396576,0.022380833,null,null,null,null,"TWOGAUSSIANS",8,32.059338,0.23191051,0.004115217,0.4,0.0,0.2820868,0.012079979,0.7345099,0.01065601,0.4,0.0,0.20966317,0.021806885
375316653866487564,6349622411379124992,0.4659457,2204.2965370015954,0.20848528912334144,1.8830477E-5,15.975966,0.0016546035,0.45875657,4.1383007E-4,0.009145517,7.126118E-4,0.09414763,0.005101342,0.79601645,0.0043525873,0.024306847,0.004297487,0.10619323,0.043027252,null,null,null,null,"TWOGAUSSIANS",8,11.945014,0.79601645,0.0043525873,0.13611834,0.024065927,0.10619323,0.043027252,0.45875657,4.1383007E-4,0.051214896,0.003990626,0.09414763,0.005101342
375316653866487564,6349628012016464128,0.4393866,2205.0834949048412,0.2836649236081504,6.8952126E-5,16.165827,0.052241806,0.23962167,0.008421484,0.086578935,0.036081634,0.29131445,0.03171501,0.7404637,0.016779788,0.09309715,0.023440806,0.3190247,0.06302269,null,null,null,null,"TWOGAUSSIANS",8,552.8248,0.7404637,0.016779788,0.4,0.0,0.30648407,0.045435354,0.23962167,0.008421123,0.4,0.0,0.27877414,0.039234813
375316653866487564,6349629279031090304,0.5494593,2179.8084875264026,3.4231519067086613,1.3957502E-5,19.02942,0.012538124,0.2923187,0.0021321548,0.079542354,0.0034433473,0.46224034,0.014246861,0.79902124,0.0040365825,0.07506422,0.0051704836,0.46134016,0.02943457,null,null,null,null,"TWOGAUSSIANS",8,2.9863367,0.2923187,0.0021321548,0.4,0.0,0.4579459,0.013496769,0.79902124,0.0040365825,0.4,6.127816E-4,0.45704573,0.029796788
375316653866487564,6349642060852814208,0.5190843,2255.1686291514757,3.21511590772312,1.0990456E-5,18.32952,0.014480534,0.19032726,0.004039234,0.046151422,0.0037975102,0.45550343,0.030483559,0.6181014,0.0157558,0.17606243,0.026922734,0.13139755,0.014592333,null,null,null,null,"TWOGAUSSIANS",8,5.2525425,0.19071725,0.0040006754,0.25844797,0.021266056,0.45298415,0.030592015,0.6181014,0.0157558,0.4,0.0,0.12132837,0.011654894
375316653866487564,6349656290080888832,0.4692057,2234.3814375292286,1.496052899489712,2.992141E-5,16.351763,0.0711999,0.21955994,0.013382576,0.18271877,0.17318748,0.037545964,0.07038583,0.6948679,0.013934086,0.11319889,0.027371664,0.062254168,0.03687497,null,null,null,null,"TWOGAUSSIANS",8,3.37321,0.6948679,0.013934086,0.4,0.0,0.0465712,0.006330394,0.21981993,0.012900441,0.4,0.0,0.019991549,0.0024204052
375316653866487564,6349673504309829760,0.4788372,2197.417895683939,3.50328959889533,2.8920218E-5,12.926575,0.2114222,0.26012206,0.010745398,0.27223253,0.0628999,1.005482,0.20221487,0.75689304,0.008691086,0.15099669,0.032519117,0.63050514,0.2993431,null,null,null,null,"TWOGAUSSIANS",8,1106.8472,0.26080206,0.010305511,0.4,0.0,0.17936863,0.016136978,0.75689304,0.008691086,0.4,0.0,0.16913293,0.012837503
375316653866487564,6349705630665097728,0.6425639,2180.690580248363,4.099076415181422,5.0502053E-6,15.452561,0.008822552,0.19415629,0.0013832718,0.040263027,0.0038925433,0.6009208,0.10206724,0.692751,0.0020462787,0.040381346,0.0033636284,0.5339183,0.025187664,0.13665186,0.013501658,0.19415629,0.0013832718,"TWOGAUSSIANS_WITH_ELLIPSOIDAL_ON_ECLIPSE1",9,63.717045,0.19415629,0.0013832718,0.22547296,0.021798242,0.874224,0.105877765,0.692841,0.0019100297,0.22613554,0.01883632,0.8072015,0.024925489
375316653866487564,6349719645142674176,0.5505977,2231.3939772597396,2.7897857487175086,1.4350822E-5,19.254763,0.013011143,0.24762471,0.010377672,0.09062557,0.012953623,0.30044368,0.015197998,0.742351,0.0037693935,0.08419768,0.004321827,0.42642975,0.015289502,null,null,null,null,"TWOGAUSSIANS",8,1.6345835,0.742351,0.0037693935,0.4,0.0,0.41555208,0.011157227,0.24762471,0.010377672,0.4,0.0,0.2895659,0.017453318
375316653866487564,6349720813373835776,0.5514151,2228.581420041544,4.135157337383586,9.845386E-6,17.816904,0.020777995,0.26309788,0.0030350988,0.10790541,0.008310897,0.26174256,0.020256164,0.7507102,0.0035082102,0.104819424,0.009877455,0.2862578,0.017906798,null,null,null,null,"TWOGAUSSIANS",8,4.1964207,0.7507102,0.0035082102,0.4,0.0,0.25620788,0.008605002,0.2631079,0.0030346196,0.4,0.0,0.23168728,0.012586602
375316653866487564,6349731739770325760,0.5559507,2218.691247569254,2.6835524719025097,1.34419715E-5,18.043428,0.012809879,0.25198874,0.0023686048,0.04841121,0.006671485,0.15342683,0.037337903,0.7556782,0.019279027,0.04798377,0.021670256,0.12603815,0.035799634,0.117693774,0.020784007,0.25198874,0.0023686048,"TWOGAUSSIANS_WITH_ELLIPSOIDAL_ON_ECLIPSE1",9,7.9913197,0.25198874,0.0023686048,0.27110276,0.037360318,0.38881388,0.022866705,0.7556782,0.018848997,0.2687091,0.12135343,0.36129874,0.022266677
375316653866487564,6349745105708692224,0.502678,2227.9958716471665,0.4101079730109698,1.8483133E-5,18.731915,0.0017412074,0.1656817,1.18762124E-4,0.0097499965,1.247876E-4,0.3463317,0.003019172,0.55186075,0.018726597,0.019761262,0.008525189,0.04634801,0.023743713,null,null,null,null,"TWOGAUSSIANS",8,1.2212305,0.1656817,1.18762124E-4,0.05459998,6.988106E-4,0.3463317,0.003019172,0.55186075,0.018726597,0.110663064,0.047741055,0.04634801,0.023743713
375316653866487564,6349767272036039808,0.6609674,2232.6795009770367,3.63421951432225,3.828223E-6,15.955236,0.015870534,0.2936231,0.0020235952,0.055504378,0.004928371,0.48332277,0.039118282,0.79460514,0.0012253367,0.052421335,0.0032088843,0.38985756,0.03571313,0.10557649,0.02065792,0.2936231,0.0020235952,"TWOGAUSSIANS_WITH_ELLIPSOIDAL_ON_ECLIPSE1",9,25.427628,0.2936231,0.0020235952,0.3108245,0.027598878,0.69445246,0.030593952,0.79460514,0.0012155278,0.2935595,0.017969752,0.60097927,0.0112769725
375316653866487564,6349770467491599104,0.58851767,2214.632515107958,1.9581179000919269,1.3680896E-5,12.509213,0.009563144,0.25873384,0.004487319,0.07602934,0.0045618317,0.70840573,0.02194817,0.7663034,0.0048039956,0.07428286,0.0051462348,0.26132965,0.009641688,null,null,null,null,"TWOGAUSSIANS",8,918.57996,0.25873384,0.004487319,0.4,0.0,0.7055463,0.021891715,0.7663034,0.0048039956,0.4,0.0,0.25847027,0.008219921
375316653866487564,6349775999409480192,0.6094019,2234.1908440783527,0.06941116437060142,5.318109E-5,13.616035,7.751754E-4,0.16964482,6.8309717E-4,0.0033808635,1.9903849E-4,0.8917042,0.17301528,0.41650805,0.0069658444,0.04183898,0.009694649,0.010428127,0.0012402455,null,null,null,null,"TWOGAUSSIANS",8,22.66782,0.16964482,6.8309717E-4,0.018932836,0.0011146156,0.8917042,0.17301528,0.41650805,0.0069658444,0.2342983,0.05429003,0.010428127,0.0012402455
375316653866487564,6349819460182056960,0.48811468,2216.9603071439824,2.270643686941251,1.8232557E-5,18.950476,0.011219147,0.22727644,0.016456302,0.048851658,0.018398382,0.12326656,0.021110209,0.74541664,0.009364645,0.06867192,0.010054708,0.25415316,0.019384801,null,null,null,null,"TWOGAUSSIANS",8,4.6946263,0.74541664,0.009364645,0.38456276,0.05547231,0.25413087,0.01933428,0.22727644,0.016456302,0.2735693,0.103030935,0.12324426,0.021092135
375316653866487564,6349843374560529280,0.5201716,2232.260146068904,1.4908936843347944,3.2442982E-5,18.751406,0.0032951802,0.38908604,0.0027659358,0.023331424,0.004018602,0.48588613,0.068289526,0.6771758,0.09455419,0.04526702,0.041766815,0.04908332,0.037923403,null,null,null,null,"TWOGAUSSIANS",8,3.4437401,0.38908604,0.0027659358,0.13065597,0.022504171,0.48588613,0.068289086,0.6771758,0.09455419,0.2534953,0.23389415,0.04908332,0.037923403
375316653866487564,6349864063418950144,0.6649418,2198.365964136653,0.182274422137127,4.5071215E-6,15.905599,0.0010648306,0.31841773,0.0042239134,0.00890379,0.002200049,0.43420908,0.04719091,0.8193043,0.0015297525,0.009094127,0.0012116699,0.46432278,0.10367114,null,null,null,null,"TWOGAUSSIANS",8,7.1662283,0.8193043,0.0015297525,0.050927114,0.0067853513,0.46432278,0.10367114,0.31841773,0.0042239134,0.049861223,0.012320275,0.43420908,0.04719091
375316653866487564,6349923471406702592,0.5305858,2199.2043181276445,3.149259884879064,5.947015E-6,17.401262,0.00434214,0.76055145,0.0012287579,0.03620846,0.0012669183,0.4687153,0.036126837,null,null,null,null,null,null,0.050061494,0.0072846925,0.76055145,0.0012287579,"ONEGAUSSIAN_WITH_ELLIPSOIDAL",6,15.060812,0.76055145,0.0012287579,0.20276736,0.0070947423,0.5688383,0.033069506,null,null,null,null,null,null
375316653866487564,6349929720583715072,0.42984688,2207.437399681679,0.5701235209567797,8.29768E-5,19.489466,0.09216192,0.17190602,0.014721234,0.1479154,0.097318836,0.1665601,0.056852996,0.7251252,0.008343397,0.059733596,0.013186602,0.6568537,0.059271634,null,null,null,null,"TWOGAUSSIANS",8,10.935266,0.72529525,0.008185161,0.33450815,0.07384497,0.64671826,0.05079569,0.17190602,0.014721234,0.4,0.0,0.15452966,0.032244347
375316653866487564,6349987960339612160,0.5034943,2178.587866047906,3.783989618583231,1.8794048E-5,17.238403,0.07892018,0.25145623,0.0071862116,0.10990396,0.03456644,0.1032792,0.070679165,0.74064004,0.009294933,0.11921861,0.08316233,0.09392923,0.06438695,null,null,null,null,"TWOGAUSSIANS",8,3.7914722,0.25149623,0.0064596687,0.4,0.0,0.08696007,0.004535222,0.74064004,0.009294933,0.4,0.0,0.07758693,0.024378823
