Gaia/vari_eclipsing_binary/VariEclipsingBinary_676393-676420.csv
# %ECSV 1.0
# ---
# delimiter: ','
# meta: !!omap
# - RELEASE: Gaia DR3
# - TABLE: vari_eclipsing_binary
# - DESCRIPTION: >
#     This table describes the properties of the eclipsing binaries resulting from the variability analysis. 
# - CITATION: >
#     How to cite and acknowledge Gaia: 
#     https://gea.esac.esa.int/archive/documentation/credits.html 
# - KNOWN_ISSUES: >
#     Known issues: 
#     https://www.cosmos.esa.int/web/gaia-users/known-issues 
# - DOCUMENTATION: >
#     Tutorials and documentation: 
#     https://www.cosmos.esa.int/web/gaia-users/archive 
# datatype:
# - 
#   name: solution_id
#   datatype: int64
#   description: Solution Identifier
#   meta:
#     ucd: meta.version
# - 
#   name: source_id
#   datatype: int64
#   description: Unique source identifier
#   meta:
#     ucd: meta.id;meta.main
# - 
#   name: global_ranking
#   datatype: float32
#   description: Number between 0 (worst) and 1 (best)
#   meta:
#     ucd: stat.param
# - 
#   name: reference_time
#   datatype: float64
#   unit: d
#   description: Reference time used for the geometric model fit
#   meta:
#     ucd: time.epoch
# - 
#   name: frequency
#   datatype: float64
#   unit: d**-1
#   description: Frequency of geometric model of the eclipsing binary light curve
#   meta:
#     ucd: src.orbital
# - 
#   name: frequency_error
#   datatype: float32
#   unit: d**-1
#   description: "Uncertainty of \\texttt{frequency}"
#   meta:
#     ucd: stat.error
# - 
#   name: geom_model_reference_level
#   datatype: float32
#   unit: mag
#   description: Magnitude reference level of geometric model
#   meta:
#     ucd: phot.mag;em.opt
# - 
#   name: geom_model_reference_level_error
#   datatype: float32
#   unit: mag
#   description: "Uncertainty of \\texttt{geomModelReferenceLevel}"
#   meta:
#     ucd: stat.error;phot.mag;em.opt
# - 
#   name: geom_model_gaussian1_phase
#   datatype: float32
#   description: Phase of the Gaussian 1 component
#   meta:
#     ucd: time.phase
# - 
#   name: geom_model_gaussian1_phase_error
#   datatype: float32
#   description: "Uncertainty of \\texttt{geomModelGaussian1Phase}"
#   meta:
#     ucd: stat.error;time.phase
# - 
#   name: geom_model_gaussian1_sigma
#   datatype: float32
#   description: "Standard deviation [phase] of Gaussian 1 component"
#   meta:
#     ucd: stat.stdev
# - 
#   name: geom_model_gaussian1_sigma_error
#   datatype: float32
#   description: "Uncertainty of \\texttt{geomModelGaussian1Sigma}"
#   meta:
#     ucd: stat.error
# - 
#   name: geom_model_gaussian1_depth
#   datatype: float32
#   unit: mag
#   description: Magnitude depth of Gaussian 1 component
#   meta:
#     ucd: src.var.amplitude
# - 
#   name: geom_model_gaussian1_depth_error
#   datatype: float32
#   unit: mag
#   description: "Uncertainty of \\texttt{geomModelGaussian1Depth}"
#   meta:
#     ucd: stat.error;src.var.amplitude
# - 
#   name: geom_model_gaussian2_phase
#   datatype: float32
#   description: Phase of Gaussian 2 component
#   meta:
#     ucd: time.phase
# - 
#   name: geom_model_gaussian2_phase_error
#   datatype: float32
#   description: "Uncertainty of \\texttt{geomModelGaussian2Phase}"
#   meta:
#     ucd: stat.error;time.phase
# - 
#   name: geom_model_gaussian2_sigma
#   datatype: float32
[...]
#   datatype: float32
#   description: "Secondary eclipse: uncertainty of \\texttt{derivedSecondaryEclDuration}"
#   meta:
#     ucd: stat.error;time.duration
# - 
#   name: derived_secondary_ecl_depth
#   datatype: float32
#   unit: mag
#   description: "Secondary eclipse: depth"
#   meta:
#     ucd: src.var.amplitude
# - 
#   name: derived_secondary_ecl_depth_error
#   datatype: float32
#   unit: mag
#   description: "Secondary eclipse: uncertainty of \\texttt{derivedSecondaryEclDepth}"
#   meta:
#     ucd: stat.error;src.var.amplitude
solution_id,source_id,global_ranking,reference_time,frequency,frequency_error,geom_model_reference_level,geom_model_reference_level_error,geom_model_gaussian1_phase,geom_model_gaussian1_phase_error,geom_model_gaussian1_sigma,geom_model_gaussian1_sigma_error,geom_model_gaussian1_depth,geom_model_gaussian1_depth_error,geom_model_gaussian2_phase,geom_model_gaussian2_phase_error,geom_model_gaussian2_sigma,geom_model_gaussian2_sigma_error,geom_model_gaussian2_depth,geom_model_gaussian2_depth_error,geom_model_cosine_half_period_amplitude,geom_model_cosine_half_period_amplitude_error,geom_model_cosine_half_period_phase,geom_model_cosine_half_period_phase_error,model_type,num_model_parameters,reduced_chi2,derived_primary_ecl_phase,derived_primary_ecl_phase_error,derived_primary_ecl_duration,derived_primary_ecl_duration_error,derived_primary_ecl_depth,derived_primary_ecl_depth_error,derived_secondary_ecl_phase,derived_secondary_ecl_phase_error,derived_secondary_ecl_duration,derived_secondary_ecl_duration_error,derived_secondary_ecl_depth,derived_secondary_ecl_depth_error
[from data line 147]
375316653866487564,5949677908632064768,0.6324049,2245.560662012446,2.986621681724143,1.11096815E-5,17.676064,0.006673999,0.2703382,0.0039229756,0.085881315,0.0034042292,0.39766458,0.009219183,0.7719068,0.0014023061,0.08269364,0.0025215142,0.44914454,0.009660385,null,null,null,null,"TWOGAUSSIANS",8,2.8320892,0.7719068,0.0014023061,0.4,0.0,0.43905428,0.009613764,0.2703382,0.0039229756,0.4,0.0,0.3875743,0.007147894
375316653866487564,5949677977351587072,0.51990306,2235.3967170047526,3.249975902895446,2.1171663E-5,18.09087,0.014405428,0.25800028,0.0049040928,0.09094506,0.006261095,0.33782297,0.023935534,0.76700026,0.0036030037,0.07870948,0.006411866,0.3812628,0.014309182,null,null,null,null,"TWOGAUSSIANS",8,9.329215,0.76700026,0.0036030037,0.4,0.0,0.37335828,0.012765765,0.25800028,0.0049040928,0.4,0.0,0.32991824,0.023199996
375316653866487564,5949678114827622272,0.5996551,2214.807222504098,0.15499160798289835,3.150045E-5,17.21011,0.0038899288,0.11365273,3.972667E-5,0.009096924,1.9296823E-4,0.6437733,0.004105568,0.8427179,2.6330567E-4,0.007263273,0.0010128136,0.6303069,0.014103461,0.012754445,0.0072750147,0.8427179,2.6330567E-4,"TWOGAUSSIANS_WITH_ELLIPSOIDAL_ON_ECLIPSE2",9,17.654835,0.8427179,2.6330567E-4,0.04067433,0.0056717563,0.6558158,0.012286969,0.113662735,3.0036785E-5,0.05094278,0.0010806221,0.6442121,0.003873477
375316653866487564,5949678320949064320,0.6172991,2218.051673360965,1.9647996235884393,4.733074E-6,16.50906,0.005614337,0.2535627,0.0015986239,0.07850089,0.0031127054,0.38431346,0.0143245235,0.7606387,0.0029697719,0.10452359,0.0062914104,0.15383787,0.0077617276,null,null,null,null,"TWOGAUSSIANS",8,3.1584303,0.2535627,0.0015986239,0.4,0.0,0.3748486,0.016086252,0.7606387,0.0029697719,0.4,0.0,0.14436956,0.00813881
375316653866487564,5949678900771292416,0.60648745,2262.5825008058223,1.8947329925923686,1.3340264E-5,16.62707,0.046233337,0.29880556,0.00797101,0.055992197,0.015085176,0.31982034,0.0709772,0.7870402,0.0057485844,0.06573846,0.017153049,0.10465495,0.09353575,0.07225527,0.04764694,0.7870402,0.0057485844,"TWOGAUSSIANS_WITH_ELLIPSOIDAL_ON_ECLIPSE2",9,16.62106,0.29762554,0.0068169557,0.31355628,0.084476985,0.46354008,0.02933266,0.7870402,0.0057485844,0.3681354,0.06954426,0.249084,0.008508813
375316653866487564,5949678935131044608,0.5999035,2215.360027116402,3.408593381993491,1.0407251E-5,17.518852,0.019606084,0.20966774,0.0020103916,0.054811988,0.0072241323,0.20616129,0.044940386,0.7032809,0.0019474205,0.057980623,0.0054312753,0.30065003,0.044039764,0.092151046,0.025788384,0.20966774,0.0020103916,"TWOGAUSSIANS_WITH_ELLIPSOIDAL_ON_ECLIPSE1",9,7.160832,0.7041709,0.0015817254,0.32469147,0.030415142,0.4846732,0.01971995,0.20966774,0.0020103916,0.30694714,0.04045514,0.39043966,0.009309671
375316653866487564,5949679214339332352,0.5092237,2216.289799703215,1.6089380471664168,2.8016007E-5,13.643325,0.047322027,0.29056677,0.006830058,0.1324365,0.02907252,0.11951614,0.046587467,0.8122191,0.0063656424,0.12435812,0.03773214,0.06885238,0.045474347,null,null,null,null,"TWOGAUSSIANS",8,50.062687,0.29042676,0.006353622,0.4,0.0,0.096553124,0.004621251,0.8129791,0.0056666355,0.4,0.0,0.04606469,0.006385355
375316653866487564,5949679454857520256,0.4497943,2218.3420785089133,0.2618725094759355,5.974388E-5,18.177856,0.0071092583,0.25234693,0.009249349,0.041593283,0.029090654,0.1562442,2.0976474,0.72788197,0.013796959,0.04539354,0.011916578,0.16919006,0.043728705,null,null,null,null,"TWOGAUSSIANS",8,9.223441,0.72788197,0.013796959,0.25420383,0.06673284,0.16919006,0.043728795,0.25234693,0.009249349,0.23292239,0.16290766,0.15624419,2.0976474
375316653866487564,5949680176374967808,0.5765161,2240.152303246744,3.338809069788809,1.1790346E-5,19.086187,0.009204837,0.23733556,0.0034975503,0.06986444,0.0035929673,0.68633443,0.04652138,0.73541445,0.0061150603,0.07061544,0.0050435574,0.46162647,0.047416415,null,null,null,null,"TWOGAUSSIANS",8,2.6438963,0.23733556,0.0034975503,0.39124086,0.018217906,0.68443656,0.04686263,0.73541445,0.0061150603,0.39544645,0.0201882,0.4597286,0.047781464
375316653866487564,5949680451253073280,0.4922118,2215.2781852239154,1.481261627416423,1.9452886E-5,19.28095,0.02057694,0.2107883,0.0064054006,0.078882575,0.01081578,0.33631262,0.018397987,0.7066634,0.00835347,0.077177465,0.010315066,0.24863273,0.0263826,null,null,null,null,"TWOGAUSSIANS",8,2.2588618,0.2107883,0.0064054006,0.4,0.0,0.33317563,0.017249122,0.7066634,0.00835347,0.4,0.0037825275,0.24549575,0.024840683
375316653866487564,5949680550038865152,0.61557263,2219.8055930882874,0.6866101302834976,2.5564645E-5,16.405497,0.0011225642,0.271871,0.021506578,0.050108213,0.008299587,0.20493262,0.07134785,0.8741785,0.0020112349,0.0046918164,0.0024421283,0.015658952,0.02788886,null,null,null,null,"TWOGAUSSIANS",8,2.4135277,0.271871,0.021506578,0.28060597,0.04647769,0.20493262,0.07134785,0.8741785,0.0020112349,0.02627417,0.013675918,0.015658952,0.02788886
375316653866487564,5949681275935988352,0.5243189,2242.9727172609273,2.7820742451352225,2.3409806E-5,19.598928,0.021629639,0.24865465,0.018319558,0.08024674,0.015598325,0.36601427,0.07897118,0.7707765,0.0062631043,0.06721709,0.0074744164,0.5285733,0.026343849,null,null,null,null,"TWOGAUSSIANS",8,3.4206882,0.7707765,0.0062631043,0.3764157,0.038087923,0.5269441,0.025801264,0.24865465,0.018319558,0.4,0.03297136,0.36438507,0.07959672
375316653866487564,5949682542920340352,0.5197875,2225.072653579482,4.106560027129329,1.742683E-5,18.66711,0.030865597,0.19963954,0.006675193,0.09170711,0.013575811,0.21815945,0.030072298,0.72675997,0.006227189,0.1024491,0.014670336,0.27222368,0.03035107,null,null,null,null,"TWOGAUSSIANS",8,2.9071364,0.72675997,0.0062332745,0.4,0.0,0.2599436,0.020259678,0.19962955,0.0066763493,0.4,0.0,0.20588593,0.018642215
375316653866487564,5949683577990253312,0.44146827,2208.7098078989784,0.33015398818131697,4.9574766E-5,19.398401,0.008633431,0.13139787,0.02699032,0.052613914,0.014550736,0.04782623,0.015954342,0.5954772,0.021458011,0.0067256526,0.0105784545,0.35935384,0.3276598,null,null,null,null,"TWOGAUSSIANS",8,2.5510826,0.5954772,0.021458011,0.037663653,0.059239343,0.35935384,0.3276598,0.13139787,0.02699032,0.29463792,0.081484124,0.04782623,0.015954342
375316653866487564,5949683715465220736,0.4665062,2226.9380254468847,0.4503620542889223,2.3024095E-5,16.65624,0.0028473742,0.14451034,0.0027728556,0.03476612,0.0035207556,0.10929824,0.012282193,0.6174668,0.02943585,0.018178593,0.018335344,0.07236125,0.043416608,null,null,null,null,"TWOGAUSSIANS",8,13.100704,0.14451034,0.0027728556,0.19469027,0.019716231,0.10929824,0.012282193,0.6174668,0.02943585,0.10180012,0.10267793,0.07236125,0.043416608
375316653866487564,5949684260890634240,0.46138656,2184.862324415894,3.2927281835004822,6.7815396E-5,17.387445,0.044652335,0.31515062,0.0127106495,0.1164869,0.04300654,0.06695742,0.04214411,0.8171028,0.022545451,0.08903033,0.072408356,0.048276003,0.041541982,null,null,null,null,"TWOGAUSSIANS",8,3.9394577,0.31515062,0.012519984,0.4,0.0,0.061122306,0.0075362786,0.8171128,0.02257243,0.4,0.0021422338,0.042454276,0.011558298
375316653866487564,5949685124178580992,0.5699778,2218.6567142531717,2.9150253574243425,1.7320357E-5,18.528753,0.009767111,0.27791095,0.0037292894,0.089820035,0.0048642852,0.3234394,0.015130119,0.79228896,0.004551826,0.08694016,0.0076364963,0.28871214,0.017093508,null,null,null,null,"TWOGAUSSIANS",8,1.6989454,0.27791095,0.0037292894,0.4,0.0,0.31457618,0.014964663,0.79228896,0.004551826,0.4,0.0,0.27984908,0.018600218
375316653866487564,5949685261653454848,0.52972585,2211.5776363314567,1.3364097333685891,1.0882311E-5,17.379692,0.0039440417,0.14632162,0.0061684363,0.07700052,0.008119624,0.14910625,0.0058245817,0.6445718,0.009800144,0.076101154,0.013280311,0.0687864,0.0050346893,null,null,null,null,"TWOGAUSSIANS",8,2.1522117,0.14632162,0.0061684363,0.4,0.0,0.1481685,0.0058780042,0.6445718,0.009800144,0.4,0.0,0.06784866,0.004714998
375316653866487564,5949685708294330368,0.4418583,2232.1245862559176,3.754946267530091,4.0293253E-5,19.360298,0.14331502,0.31366563,0.011422802,0.08172761,0.0359539,0.26929763,0.13120218,0.81206775,0.01626275,0.09020441,0.07653732,0.26965672,0.095416464,null,null,null,null,"TWOGAUSSIANS",8,6.617279,0.81206775,0.01626275,0.4,0.0,0.26202184,0.04000736,0.31366563,0.011416569,0.4,0.0,0.26166284,0.06052359
375316653866487564,5949685845733454848,0.49053404,2234.556026632502,1.4888779518364046,2.9267892E-5,18.768414,0.009340847,0.17825681,0.022791056,0.064155586,0.020959038,0.06188967,0.017057903,0.6611255,0.005696436,0.06169366,0.00812368,0.22879058,0.024064938,null,null,null,null,"TWOGAUSSIANS",8,2.7692437,0.6611255,0.005696436,0.3454845,0.045492608,0.22874065,0.024091262,0.17825681,0.022791056,0.35927126,0.114703596,0.06183975,0.017021334
375316653866487564,5949686013237074176,0.6356708,2212.2561543762827,2.0734914038281436,3.937908E-6,13.970279,0.007520689,0.26142305,0.0030333365,0.07842898,0.0057911165,0.28136256,0.023052713,0.75811195,0.0036043604,0.081357464,0.0033799426,0.5301065,0.0122446185,null,null,null,null,"TWOGAUSSIANS",8,97.271164,0.75811195,0.0036043604,0.4,0.0,0.52469105,0.011320775,0.26142305,0.0030333365,0.4,0.0,0.27594712,0.024456963
375316653866487564,5949686185035954944,0.5253779,2214.8304851359203,0.5702481581440816,6.9087895E-5,17.752958,0.0135016525,0.5403142,0.044595655,0.15540317,0.061598808,0.09775492,0.022683032,0.88478875,0.0012587487,0.011823676,0.0025637913,4.0026083,6.051559,null,null,null,null,"TWOGAUSSIANS",8,46.145645,0.88478875,0.0012587487,0.06621259,0.0143572325,4.0098953,6.0515532,0.5403142,0.044595655,0.4,0.0,0.09665011,0.025401458
375316653866487564,5949686189329348864,0.520855,2230.3256820737815,3.7765509675412163,2.167008E-5,19.674246,0.018722419,0.22800133,0.0028994714,0.06506932,0.006392322,0.65763223,0.09528997,0.7318773,0.011250712,0.07802239,0.0082028005,0.5833478,0.05158297,null,null,null,null,"TWOGAUSSIANS",8,2.963282,0.22800133,0.0028994714,0.36438817,0.035797004,0.65514445,0.09696857,0.7318773,0.011250712,0.4,0.0,0.58086,0.051466804
375316653866487564,5949686288137119744,0.48295078,2208.885773080696,1.9010300520870778,3.9770108E-5,18.506113,0.0220363,0.25458553,0.0068392362,0.11457008,0.018751722,0.15480867,0.019229138,0.76929307,0.008122283,0.10390036,0.019056085,0.16527133,0.020532046,null,null,null,null,"TWOGAUSSIANS",8,2.518018,0.76932305,0.0081501715,0.4,0.0,0.14542614,0.015902761,0.25457552,0.006841162,0.4,0.0,0.1349412,0.011447625
375316653866487564,5949686670365713536,0.44576067,2221.8681021261036,0.44698137767139823,9.11832E-5,17.31101,0.03150314,0.16339545,0.018467555,0.07339907,0.03980645,0.054113526,0.028534876,0.64798975,0.012514877,0.1332652,0.034482237,0.13584696,0.033288926,null,null,null,null,"TWOGAUSSIANS",8,6.458959,0.64798975,0.012514877,0.4,0.0,0.1274899,0.026991023,0.16367544,0.018342702,0.4,0.14226484,0.0460163,0.012524268
375316653866487564,5949688250914722816,0.4858161,2263.4876010363664,3.1352029256534992,1.1303795E-4,19.889599,0.03220809,0.28423938,0.012343053,0.0786431,0.017139664,0.23754817,0.033657905,0.78543806,0.007113652,0.05552866,0.01406563,0.34470958,0.028545786,null,null,null,null,"TWOGAUSSIANS",8,3.4142022,0.78543806,0.007113652,0.3109605,0.07876753,0.34420243,0.026739893,0.28423938,0.012343053,0.4,0.013018553,0.23704104,0.03211778
375316653866487564,5949688354030369152,0.6151718,2230.1421274654926,1.7662090312917358,2.1614907E-5,17.40213,0.011763919,0.25006688,0.0019776274,0.085860945,0.004455527,0.3860002,0.011053908,0.75199366,0.005544124,0.090296865,0.009965612,0.23955506,0.014850871,null,null,null,null,"TWOGAUSSIANS",8,4.58133,0.25006688,0.0019776274,0.4,0.0,0.3756179,0.00637673,0.75199366,0.005544124,0.4,0.0,0.2291727,0.014997181
375316653866487564,5949689655371106816,0.6214868,2212.8407917601376,3.198404272840622,2.1691498E-5,18.176008,0.015534401,0.21477956,0.0020695592,0.051705483,0.0043478278,0.33641806,0.034876082,0.7242291,0.01872875,0.041005824,0.01392019,0.28110462,0.044526882,0.1271887,0.02006399,0.21477956,0.0020695592,"TWOGAUSSIANS_WITH_ELLIPSOIDAL_ON_ECLIPSE1",9,4.098945,0.21477956,0.0020695592,0.28955072,0.024347836,0.59079224,0.010168151,0.7242291,0.01823005,0.22963262,0.07795306,0.5345831,0.04879665
375316653866487564,5949691274571948928,0.5369421,2272.692875255678,2.8989903686121785,2.4964203E-5,19.096556,0.012834587,0.18331319,0.0021482683,0.076823965,0.0037926044,0.32779944,0.014642137,0.67921907,0.008474193,0.08311448,0.010770324,0.36104193,0.031198524,null,null,null,null,"TWOGAUSSIANS",8,1.3561431,0.67921907,0.008474193,0.4,0.0,0.35624388,0.031823374,0.18331319,0.0021482683,0.4,0.0,0.32300138,0.013099409
375316653866487564,5949692202285139584,0.49322665,2255.636904823564,3.935119354561475,2.7593185E-5,19.59683,0.03381924,0.27229714,0.005878997,0.07965544,0.015985154,0.48807287,0.07520917,0.76866037,0.0073361755,0.089276336,0.012437528,0.35835138,0.049979515,null,null,null,null,"TWOGAUSSIANS",8,3.4551044,0.27229714,0.005878997,0.4,0.0,0.47837594,0.086313985,0.76866037,0.0073361755,0.4,0.0,0.34865436,0.048754513
375316653866487564,5949692369812149760,0.56765854,2238.5101698674052,0.6891044610962401,2.6269068E-4,18.567474,0.0023714805,0.38886762,0.011108873,0.040052347,0.009791377,0.3735993,0.030429838,0.8108795,0.03678491,0.032400995,0.014958272,0.015161721,0.0139613785,null,null,null,null,"TWOGAUSSIANS",8,0.9284987,0.38886762,0.011108873,0.22429314,0.05483171,0.3735993,0.030429838,0.8108795,0.03678491,0.18144558,0.08376632,0.015161721,0.0139613785
375316653866487564,5949693434941469440,0.48721975,2236.479411319122,2.486734650400239,4.7353227E-5,16.579418,0.028793987,0.25458932,0.0034570734,0.06536486,0.0060930243,0.48014826,0.029591946,0.80743396,0.018765943,0.09830427,0.01984526,0.2538263,0.032088257,null,null,null,null,"TWOGAUSSIANS",8,77.96854,0.25458932,0.003458715,0.3660432,0.034120936,0.47804615,0.02805941,0.80743396,0.018765943,0.4,0.0,0.25171602,0.029256327
375316653866487564,5949693988991908224,0.5447682,2286.2792118566335,3.47079107471222,2.3216218E-5,19.3462,0.0111566335,0.2628125,0.002707185,0.06115767,0.0037639916,0.70205665,0.0636019,0.754271,0.004018396,0.06424587,0.0076918965,0.619422,0.2683101,null,null,null,null,"TWOGAUSSIANS",8,3.3125286,0.2628125,0.002707185,0.34248295,0.021078354,0.70170313,0.06376117,0.754271,0.004018396,0.35977688,0.043074623,0.6190685,0.26851523
375316653866487564,5949694500093490560,0.5858195,2274.421909626341,2.2342654023505064,2.1952002E-5,16.012825,0.008386629,0.27995387,0.0027420335,0.06968645,0.0042367103,0.26136398,0.009418489,0.7670938,0.0043380354,0.08197798,0.0065512364,0.33498815,0.013903561,null,null,null,null,"TWOGAUSSIANS",8,31.250046,0.7670938,0.0043380354,0.4,0.0,0.33302903,0.014180787,0.27995387,0.0027420335,0.3902441,0.023725579,0.2594049,0.008746045
375316653866487564,5949695943201835008,0.49556234,2229.154938282177,2.9604425200133893,3.573453E-5,17.683537,0.011200037,0.2976155,0.0072453488,0.08003516,0.010301822,0.14950386,0.018379124,0.8007103,0.0055714417,0.077786505,0.011025299,0.08865358,0.011127495,null,null,null,null,"TWOGAUSSIANS",8,5.287354,0.2976155,0.0072453488,0.4,0.0,0.14807251,0.017848624,0.8007103,0.0055714417,0.4,0.0,0.08722223,0.009333972
375316653866487564,5949697218807072000,0.53927267,2254.31689906285,2.5942035036631608,1.8742357E-5,18.249187,0.013686228,0.1662239,0.005420224,0.04566284,0.01823096,0.11403357,0.06266663,0.6905505,0.008497444,0.02320278,0.008414332,0.18324323,0.033517867,0.10774116,0.017542504,0.1662239,0.005420224,"TWOGAUSSIANS_WITH_ELLIPSOIDAL_ON_ECLIPSE1",9,11.806595,0.6905505,0.008497444,0.12993558,0.04712026,0.39373004,0.017803837,0.1662239,0.005420224,0.25571188,0.102093376,0.32951555,0.055335954
