Gaia/vari_eclipsing_binary/VariEclipsingBinary_663196-663215.csv
# %ECSV 1.0
# ---
# delimiter: ','
# meta: !!omap
# - RELEASE: Gaia DR3
# - TABLE: vari_eclipsing_binary
# - DESCRIPTION: >
#     This table describes the properties of the eclipsing binaries resulting from the variability analysis. 
# - CITATION: >
#     How to cite and acknowledge Gaia: 
#     https://gea.esac.esa.int/archive/documentation/credits.html 
# - KNOWN_ISSUES: >
#     Known issues: 
#     https://www.cosmos.esa.int/web/gaia-users/known-issues 
# - DOCUMENTATION: >
#     Tutorials and documentation: 
#     https://www.cosmos.esa.int/web/gaia-users/archive 
# datatype:
# - 
#   name: solution_id
#   datatype: int64
#   description: Solution Identifier
#   meta:
#     ucd: meta.version
# - 
#   name: source_id
#   datatype: int64
#   description: Unique source identifier
#   meta:
#     ucd: meta.id;meta.main
# - 
#   name: global_ranking
#   datatype: float32
#   description: Number between 0 (worst) and 1 (best)
#   meta:
#     ucd: stat.param
# - 
#   name: reference_time
#   datatype: float64
#   unit: d
#   description: Reference time used for the geometric model fit
#   meta:
#     ucd: time.epoch
# - 
#   name: frequency
#   datatype: float64
#   unit: d**-1
#   description: Frequency of geometric model of the eclipsing binary light curve
#   meta:
#     ucd: src.orbital
# - 
#   name: frequency_error
#   datatype: float32
#   unit: d**-1
#   description: "Uncertainty of \\texttt{frequency}"
#   meta:
#     ucd: stat.error
# - 
#   name: geom_model_reference_level
#   datatype: float32
#   unit: mag
#   description: Magnitude reference level of geometric model
#   meta:
#     ucd: phot.mag;em.opt
# - 
#   name: geom_model_reference_level_error
#   datatype: float32
#   unit: mag
#   description: "Uncertainty of \\texttt{geomModelReferenceLevel}"
#   meta:
#     ucd: stat.error;phot.mag;em.opt
# - 
#   name: geom_model_gaussian1_phase
#   datatype: float32
#   description: Phase of the Gaussian 1 component
#   meta:
#     ucd: time.phase
# - 
#   name: geom_model_gaussian1_phase_error
#   datatype: float32
#   description: "Uncertainty of \\texttt{geomModelGaussian1Phase}"
#   meta:
#     ucd: stat.error;time.phase
# - 
#   name: geom_model_gaussian1_sigma
#   datatype: float32
#   description: "Standard deviation [phase] of Gaussian 1 component"
#   meta:
#     ucd: stat.stdev
# - 
#   name: geom_model_gaussian1_sigma_error
#   datatype: float32
#   description: "Uncertainty of \\texttt{geomModelGaussian1Sigma}"
#   meta:
#     ucd: stat.error
# - 
#   name: geom_model_gaussian1_depth
#   datatype: float32
#   unit: mag
#   description: Magnitude depth of Gaussian 1 component
#   meta:
#     ucd: src.var.amplitude
# - 
#   name: geom_model_gaussian1_depth_error
#   datatype: float32
#   unit: mag
#   description: "Uncertainty of \\texttt{geomModelGaussian1Depth}"
#   meta:
#     ucd: stat.error;src.var.amplitude
# - 
#   name: geom_model_gaussian2_phase
#   datatype: float32
#   description: Phase of Gaussian 2 component
#   meta:
#     ucd: time.phase
# - 
#   name: geom_model_gaussian2_phase_error
#   datatype: float32
#   description: "Uncertainty of \\texttt{geomModelGaussian2Phase}"
#   meta:
#     ucd: stat.error;time.phase
# - 
#   name: geom_model_gaussian2_sigma
#   datatype: float32
[...]
#   datatype: float32
#   description: "Secondary eclipse: uncertainty of \\texttt{derivedSecondaryEclDuration}"
#   meta:
#     ucd: stat.error;time.duration
# - 
#   name: derived_secondary_ecl_depth
#   datatype: float32
#   unit: mag
#   description: "Secondary eclipse: depth"
#   meta:
#     ucd: src.var.amplitude
# - 
#   name: derived_secondary_ecl_depth_error
#   datatype: float32
#   unit: mag
#   description: "Secondary eclipse: uncertainty of \\texttt{derivedSecondaryEclDepth}"
#   meta:
#     ucd: stat.error;src.var.amplitude
solution_id,source_id,global_ranking,reference_time,frequency,frequency_error,geom_model_reference_level,geom_model_reference_level_error,geom_model_gaussian1_phase,geom_model_gaussian1_phase_error,geom_model_gaussian1_sigma,geom_model_gaussian1_sigma_error,geom_model_gaussian1_depth,geom_model_gaussian1_depth_error,geom_model_gaussian2_phase,geom_model_gaussian2_phase_error,geom_model_gaussian2_sigma,geom_model_gaussian2_sigma_error,geom_model_gaussian2_depth,geom_model_gaussian2_depth_error,geom_model_cosine_half_period_amplitude,geom_model_cosine_half_period_amplitude_error,geom_model_cosine_half_period_phase,geom_model_cosine_half_period_phase_error,model_type,num_model_parameters,reduced_chi2,derived_primary_ecl_phase,derived_primary_ecl_phase_error,derived_primary_ecl_duration,derived_primary_ecl_duration_error,derived_primary_ecl_depth,derived_primary_ecl_depth_error,derived_secondary_ecl_phase,derived_secondary_ecl_phase_error,derived_secondary_ecl_duration,derived_secondary_ecl_duration_error,derived_secondary_ecl_depth,derived_secondary_ecl_depth_error
[from data line 145]
375316653866487564,5833567694089358080,0.5464472,2182.2916008194334,3.108287499187534,8.718481E-6,17.942287,0.014335177,0.17189135,0.004435152,0.08496267,0.0057661603,0.36565635,0.02075725,0.683151,0.0033774101,0.07822493,0.0055159936,0.328481,0.015565698,null,null,null,null,"TWOGAUSSIANS",8,10.855035,0.17189135,0.004435152,0.4,0.0,0.36052752,0.019950537,0.683151,0.0033774101,0.4,0.0,0.3233522,0.014166237
375316653866487564,5833568381284164608,0.5149906,2199.923516708281,2.6047624260146107,1.4868578E-5,18.872705,0.033615008,0.16657132,0.005693606,0.098049946,0.010552926,0.44571674,0.033831853,0.65920085,0.0038093221,0.098116055,0.009040623,0.44065285,0.03309289,null,null,null,null,"TWOGAUSSIANS",8,6.8185725,0.16657132,0.005693606,0.4,0.0,0.41446,0.021846151,0.65920085,0.0038093221,0.4,0.0,0.40939608,0.0261002
375316653866487564,5833568621816807552,0.6125052,2212.168116321048,1.2672145969080941,5.8996297E-6,16.971022,0.010911725,0.2777923,0.0039075646,0.1106296,0.007341316,0.20550786,0.011421352,0.76558506,0.0018179214,0.09401591,0.003315225,0.39468637,0.0108932005,null,null,null,null,"TWOGAUSSIANS",8,6.113915,0.76558506,0.0018179214,0.4,0.0,0.37095588,0.0065879202,0.2777923,0.0039075646,0.4,0.0,0.1817612,0.0053347694
375316653866487564,5833568686175053056,0.52715296,2216.5076146712017,2.361932171897565,1.0550015E-5,17.855408,0.019295605,0.16546372,0.005254381,0.09517618,0.009024784,0.36111805,0.019475235,0.6632514,0.0046307435,0.08658851,0.00646712,0.3962459,0.024218444,null,null,null,null,"TWOGAUSSIANS",8,14.360717,0.6632514,0.0046307435,0.4,0.0,0.37967366,0.020200908,0.16546372,0.005254381,0.4,0.0,0.3445451,0.012359779
375316653866487564,5833569201568269568,0.59233814,2176.6215455777833,1.320881946936435,8.819138E-6,16.574167,0.011256228,0.22397557,0.0016807922,0.0944103,0.004723324,0.2750717,0.010371108,0.72497594,0.0028157395,0.10646451,0.008194899,0.24295601,0.012482603,null,null,null,null,"TWOGAUSSIANS",8,6.3700986,0.22397557,0.0016807922,0.4,0.0,0.25218463,0.007268166,0.72497594,0.0028157395,0.4,0.0,0.22006148,0.014749033
375316653866487564,5833569927415694592,0.47678748,2182.101447896145,0.20017780978564276,2.7908938E-5,19.259197,0.0055529447,0.4455108,0.014373894,0.052349407,0.0091744345,0.063722014,0.018504746,0.8423395,2.0377355E-4,0.006470443,3.3592377E-4,0.42446917,0.022636836,null,null,null,null,"TWOGAUSSIANS",8,1.7524973,0.8423395,2.0377355E-4,0.036234483,0.0018811731,0.42446917,0.022636836,0.4455108,0.014373894,0.29315668,0.051376835,0.063722014,0.018504746
375316653866487564,5833570133635846400,0.47535735,2167.378226111902,2.4432229124457523,3.432715E-5,18.29588,0.02446875,0.31749415,0.009123945,0.08695026,0.015071098,0.26551628,0.029681874,0.8110018,0.005348141,0.0959767,0.011038421,0.28779477,0.02295753,null,null,null,null,"TWOGAUSSIANS",8,14.324379,0.8110018,0.005348141,0.4,0.0,0.27582097,0.013942123,0.31749415,0.009123945,0.4,0.0,0.2535432,0.029396813
375316653866487564,5833570545968246272,0.49799648,2158.4700020360992,2.687335797662712,2.5532323E-5,18.469194,0.052080266,0.22188158,0.009128784,0.1039827,0.03329676,0.15746723,0.049425136,0.70271724,0.005601169,0.102553025,0.031052295,0.16116141,0.046953227,null,null,null,null,"TWOGAUSSIANS",8,3.9728148,0.70271724,0.005601169,0.4,0.0,0.14764002,0.01975434,0.22189158,0.009225812,0.4,0.0,0.1439448,0.018942649
375316653866487564,5833570919582223488,0.5043116,2172.141817974052,2.08041361948709,2.7456941E-5,18.932623,0.020428395,0.25605533,0.0072324076,0.10161639,0.013854299,0.16550152,0.020350017,0.7593452,0.0053071566,0.08690871,0.014334482,0.19406551,0.016080802,null,null,null,null,"TWOGAUSSIANS",8,1.7331264,0.7593452,0.0053071566,0.4,0.0,0.18402219,0.009611227,0.25605533,0.0072324076,0.4,0.0,0.15545636,0.01107647
375316653866487564,5833570923848287616,0.52208537,2161.0534289381058,3.202386556144441,2.6304118E-5,19.532795,0.014434123,0.25722492,0.008871282,0.08990471,0.010456747,0.34491768,0.016461574,0.76461136,0.0107538495,0.08312799,0.010176152,0.3789409,0.021141881,null,null,null,null,"TWOGAUSSIANS",8,1.6410409,0.76461136,0.0107538495,0.4,0.0,0.36915198,0.017386144,0.25722492,0.008871282,0.4,0.0,0.33512864,0.01014026
375316653866487564,5833571301805839232,0.46753442,2193.206296004821,0.31012209895204257,5.6733625E-5,18.882797,0.0031010055,0.24858981,1.9969129E-4,0.011748471,2.680096E-4,0.34690693,0.0030537671,0.6243673,0.044412315,0.0674178,0.0208555,0.018942544,0.007857602,null,null,null,null,"TWOGAUSSIANS",8,2.1933713,0.24858981,1.9969129E-4,0.06579144,0.0015008538,0.34690693,0.00305376,0.6243673,0.044412315,0.3775397,0.09692253,0.018942544,0.007857602
375316653866487564,5833571336226845184,0.6274641,2194.680537201941,2.530327551529893,4.771532E-6,16.378443,0.011458008,0.23748855,0.0047611366,0.045741647,0.008307672,0.21548757,0.028531091,0.7279721,9.69389E-4,0.037966665,0.0020186163,0.9000831,0.02721056,0.058886807,0.01828349,0.23748855,0.0047611366,"TWOGAUSSIANS_WITH_ELLIPSOIDAL_ON_ECLIPSE1",9,58.53224,0.7281121,9.4226486E-4,0.21261333,0.011304252,1.0174422,0.012587593,0.23748855,0.0047611366,0.25615323,0.046522964,0.3332611,0.014231948
375316653866487564,5833571989061891968,0.48843297,2184.729502905352,0.6850106186144684,2.2145334E-5,17.478659,0.0029377923,0.2790756,0.0054585617,0.0725984,0.008283777,0.096769415,0.010712829,0.79228467,0.01180055,0.07834564,0.015882917,0.033435527,0.0067576678,null,null,null,null,"TWOGAUSSIANS",8,2.5375235,0.2790756,0.0054585617,0.4,0.006302423,0.09643052,0.010951672,0.79228467,0.01180055,0.4,0.006974874,0.03309663,0.006873297
375316653866487564,5833572126500855808,0.5688748,2163.2024357655064,2.8292655620124583,8.400503E-6,17.6546,0.023090782,0.19129565,0.0028492778,0.10399093,0.00949885,0.2332663,0.022215964,0.6913788,0.0030716544,0.10766155,0.011105632,0.24182494,0.021380806,null,null,null,null,"TWOGAUSSIANS",8,2.3097975,0.6913788,0.0030716544,0.4,0.0,0.21268551,0.0064528785,0.19129565,0.0028492778,0.4,0.0,0.20413244,0.006304288
375316653866487564,5833572298299405952,0.5368196,2159.013317612308,0.5450113640661272,3.6177516E-5,16.683205,0.002832426,0.4249972,0.0056152786,0.015771667,0.006812218,0.021791542,0.043097023,0.5729514,0.013396056,0.009938946,0.006173311,0.334886,5.556022,null,null,null,null,"TWOGAUSSIANS",8,7.4492636,0.5729514,0.013396056,0.0556581,0.03457054,0.334886,5.556022,0.4249972,0.0056152786,0.088321336,0.03814842,0.021791542,0.043097023
375316653866487564,5833572676256566272,0.59170943,2146.337979637605,2.60765674865718,5.5298133E-6,18.64764,0.00793203,0.27505252,0.0016781507,0.06909122,0.0028958465,0.5329365,0.013895344,0.7762847,0.0016815283,0.075349174,0.00225237,0.47273353,0.01730077,null,null,null,null,"TWOGAUSSIANS",8,2.7779038,0.27505252,0.0016781507,0.38691083,0.01621674,0.5305094,0.014054233,0.7762847,0.0016815283,0.4,0.0,0.47030637,0.017370943
375316653866487564,5833573157231997824,0.52311426,2145.7953044189053,2.7939238859068376,1.87169E-5,19.270355,0.011179218,0.26547652,0.0052522565,0.09365441,0.0064716795,0.3075152,0.013975346,0.76804775,0.0046301996,0.079847045,0.0053402907,0.3247919,0.017335432,null,null,null,null,"TWOGAUSSIANS",8,1.998583,0.76804775,0.0046301996,0.4,0.0,0.31532636,0.016889296,0.26547652,0.0052522565,0.4,0.0,0.29804927,0.011552935
375316653866487564,5833573603969491840,0.535123,2204.310691228665,2.2398985263684987,1.21884605E-5,16.947784,0.008921895,0.31329805,0.001799387,0.051804606,0.002924555,0.5116602,0.023961093,0.8122006,0.004343336,0.055973332,0.00581238,0.563631,0.07071733,null,null,null,null,"TWOGAUSSIANS",8,71.87173,0.8122006,0.004343336,0.31345066,0.032549325,0.56360924,0.070741974,0.31329805,0.001799387,0.2901058,0.016377509,0.5116384,0.023967031
375316653866487564,5833573741408454912,0.59132105,2181.841914572243,2.8157916096268987,1.879164E-5,16.363302,0.0036847787,0.24149647,4.0297476E-8,0.0042850906,2.0313773E-5,1.3455886,0.002238354,0.7429999,1.4316171E-4,0.008554268,2.3024944E-4,0.5853799,0.0040253336,null,null,null,null,"TWOGAUSSIANS",8,35.32726,0.24149647,4.0297476E-8,0.023996508,1.1375713E-4,1.3455886,0.002238354,0.7429999,1.4316171E-4,0.0479039,0.0012893969,0.5853799,0.0040253336
375316653866487564,5833574084944906880,0.46606988,2182.972468591229,0.8314166636026415,2.1970765E-5,19.737719,0.009679575,0.17409898,0.0015099038,0.026657043,0.0020798673,0.27857995,0.016149793,0.67707735,0.024409074,0.024801217,0.03935764,0.21342352,0.199978,null,null,null,null,"TWOGAUSSIANS",8,2.1049373,0.17409898,0.0015099038,0.14927943,0.011647257,0.27857995,0.016149793,0.67707735,0.024409074,0.13888682,0.22040278,0.21342352,0.199978
375316653866487564,5833574222383363840,0.4079442,2165.874685417044,3.7958141211868375,6.846292E-5,18.810095,0.003343936,0.52407366,0.03201881,0.044862065,0.015873462,0.046251487,0.06827171,0.8463235,0.0045320676,0.031475537,0.007954899,0.20630197,0.07069305,null,null,null,null,"TWOGAUSSIANS",8,4.717165,0.8463235,0.0045320676,0.17626302,0.044547435,0.20630197,0.07069305,0.52407366,0.03201881,0.2512276,0.08889139,0.046251487,0.06827171
375316653866487564,5833574699126483328,0.5389358,2168.6132501266557,2.717290049326654,1.1588333E-5,17.095655,0.05084384,0.26111865,0.0023266955,0.107897036,0.019766783,0.17714326,0.04796235,0.7675743,0.0060538608,0.105104476,0.03500453,0.18212314,0.032458548,null,null,null,null,"TWOGAUSSIANS",8,5.836804,0.7675843,0.006030471,0.4,0.0,0.16086973,0.023258472,0.26111865,0.0023201634,0.4,0.0,0.1558865,0.0057332665
375316653866487564,5833575665553939456,0.4869893,2160.0025368220486,3.1631383227463026,2.652937E-5,19.565514,0.05341443,0.25076327,0.0056673493,0.09930674,0.017763266,0.30170903,0.05006286,0.7444974,0.010257508,0.108689904,0.029928034,0.21627094,0.045950975,null,null,null,null,"TWOGAUSSIANS",8,1.888471,0.25076327,0.005679354,0.4,0.0,0.27564713,0.023253899,0.7444974,0.010257508,0.4,0.0,0.19019967,0.02579489
375316653866487564,5833576077870809728,0.47909784,2147.1020117191138,3.550700885079389,2.8294597E-5,17.631966,0.005061885,0.25812408,0.006878842,0.08264774,0.0094560245,0.09627713,0.009945983,0.7512224,0.013959193,0.076963164,0.021086298,0.08962651,0.009271003,null,null,null,null,"TWOGAUSSIANS",8,5.9154487,0.25812408,0.006878842,0.4,0.0,0.09507719,0.0098314155,0.7512224,0.013959193,0.4,0.047235694,0.08842657,0.009699289
375316653866487564,5833576146590291968,0.5522892,2176.0317975353764,0.7693566859532245,4.027749E-6,17.399418,0.0044957027,0.18722136,7.9871755E-4,0.022980856,8.431334E-4,0.4844609,0.025457777,0.6768428,0.025509812,0.027774679,0.009862233,0.6279959,0.3718545,null,null,null,null,"TWOGAUSSIANS",8,17.770996,0.6768428,0.025509812,0.1555382,0.055228505,0.6279959,0.3718545,0.18722136,7.9871755E-4,0.12869279,0.0047215475,0.4844609,0.025457777
375316653866487564,5833577310471289472,0.45622137,2098.7290129697185,3.81511810924708,4.37168E-5,19.690054,0.13411817,0.26063365,0.011421871,0.13796984,0.034842923,0.29288915,0.1296628,0.78093565,0.007941203,0.13990943,0.03501638,0.32013687,0.1359291,null,null,null,null,"TWOGAUSSIANS",8,2.187225,0.78163564,0.0072098817,0.4,0.0,0.21496248,0.03416497,0.25971365,0.011634016,0.4,0.0,0.18799804,0.030820401
375316653866487564,5833578100745201664,0.48763973,2174.881287709261,2.8776742004986,2.8428116E-5,18.48932,0.0030205762,0.6010603,0.0059184837,0.062965676,0.04799544,0.023481874,0.009067617,null,null,null,null,null,null,0.048874483,0.003317049,0.6010603,0.0059184837,"ONEGAUSSIAN_WITH_ELLIPSOIDAL",6,2.2206736,0.6010603,0.0059184837,0.3526078,0.19244607,0.12122169,0.008526748,null,null,null,null,null,null
375316653866487564,5833578169464671744,0.6041849,2179.2806260582474,3.476843705083495,9.046194E-6,18.279282,0.008186561,0.21011764,0.001339659,0.04566375,0.003946089,0.24614713,0.019944677,0.72084075,0.005634916,0.049073365,0.0068933535,0.1674917,0.018832145,0.1260096,0.010783883,0.21011764,0.001339659,"TWOGAUSSIANS_WITH_ELLIPSOIDAL_ON_ECLIPSE1",9,2.8724558,0.21011764,0.001339659,0.255717,0.022098098,0.49816495,0.01475866,0.72084075,0.005634916,0.27481085,0.03860278,0.41836724,0.011310253
375316653866487564,5833579032748793088,0.47623268,2133.758371046153,0.8161148198640895,2.1238633E-5,19.274452,0.018858058,0.26334327,0.008751055,0.082462065,0.018180823,0.21729288,0.01974324,0.7541266,0.0054337727,0.09157827,0.012830538,0.18885818,0.021854065,null,null,null,null,"TWOGAUSSIANS",8,2.3911963,0.26334327,0.008751055,0.4,0.0,0.21172008,0.023552163,0.7541266,0.0054337727,0.4,0.0,0.18328524,0.01977265
375316653866487564,5833579204547497728,0.46525967,2189.5858147902904,2.8295137829102828,2.9687195E-5,19.877062,0.022949418,0.21269955,0.012014967,0.09155274,0.015128395,0.26406488,0.03733521,0.6940145,0.0095517,0.08978184,0.011225216,0.29521197,0.03085883,null,null,null,null,"TWOGAUSSIANS",8,3.039642,0.6940145,0.0095517,0.4,0.0,0.2858812,0.026357904,0.21269955,0.012014967,0.4,0.0,0.25473398,0.036191523
375316653866487564,5833580093607513728,0.47499862,2187.232698332896,2.9354854196949627,4.5005396E-5,17.64076,0.21836779,0.30687237,0.009008638,0.11272933,0.034884594,0.32667813,0.1991053,0.79747367,0.008026675,0.14536065,0.07511636,0.3028668,0.20192678,null,null,null,null,"TWOGAUSSIANS",8,23.736273,0.3071924,0.0086564105,0.4,0.0,0.24018928,0.02698803,0.79747367,0.008026675,0.4,0.0,0.21474354,0.029180476
375316653866487564,5833580716376477440,0.5675275,2157.3762976271614,3.810072414729463,1.413127E-5,19.75967,0.011535306,0.31731465,0.004719807,0.06096632,0.00786307,0.7626709,0.056739908,0.82302487,0.003482219,0.064880006,0.0027494458,0.6908113,0.020014254,null,null,null,null,"TWOGAUSSIANS",8,2.845999,0.31731465,0.004719807,0.3414114,0.044033192,0.7622196,0.057111345,0.82302487,0.003482219,0.36332804,0.015396897,0.69036007,0.01996173
375316653866487564,5833581884607697664,0.5858578,2168.192209862137,2.3600846204667265,1.0635778E-5,19.394224,0.01672625,0.29973748,0.001706832,0.049227197,0.0037312543,0.46199557,0.05394405,0.80031145,0.0020778647,0.042286247,0.0037828812,0.49348903,0.047778226,0.112193316,0.026534958,0.29973748,0.001706832,"TWOGAUSSIANS_WITH_ELLIPSOIDAL_ON_ECLIPSE1",9,2.1563292,0.80031145,0.0020441522,0.23680298,0.021184135,0.71787125,0.039393313,0.29973748,0.001706832,0.27567232,0.020895023,0.6863807,0.039953355
375316653866487564,5833581953327232512,0.5604567,2172.809696299535,3.369597128118408,1.2428416E-5,18.907642,0.017266855,0.24602334,0.003414161,0.09119295,0.0067568906,0.3269177,0.016649729,0.73671794,0.0027371966,0.09127845,0.005688053,0.36771846,0.017318392,null,null,null,null,"TWOGAUSSIANS",8,1.9676721,0.73671794,0.0027371966,0.4,0.0,0.35361812,0.011594619,0.24602334,0.003414161,0.4,0.0,0.31281742,0.011745251
375316653866487564,5833583396495378944,0.47894618,2171.9413433186055,0.035590183177280896,3.0044499E-5,17.564167,0.0036280493,0.1364748,0.024218518,0.04497377,0.0122472085,0.03888555,0.0162422,0.6477701,0.0021578185,0.0046843304,0.0010207552,0.23407395,0.061853636,null,null,null,null,"TWOGAUSSIANS",8,7.583279,0.6477701,0.0021578185,0.026232252,0.005716229,0.23407395,0.061853636,0.1364748,0.024218518,0.2518531,0.06858437,0.03888555,0.0162422
375316653866487564,5833583632661263744,0.5426883,2176.157845105047,0.3747422892263342,4.849006E-5,18.801313,0.005728123,0.19025327,0.0057337815,0.06330587,0.0074738916,0.1588757,0.0300651,0.6937768,0.0036192238,0.030042168,0.0038934792,0.66121644,0.031866666,null,null,null,null,"TWOGAUSSIANS",8,3.7222776,0.6937768,0.0036192238,0.16823615,0.021803483,0.66121626,0.03186675,0.19025327,0.0057337815,0.35451287,0.041853793,0.15887548,0.030065516
