Gaia/vari_eclipsing_binary/VariEclipsingBinary_595198-595238.csv
# %ECSV 1.0
# ---
# delimiter: ','
# meta: !!omap
# - RELEASE: Gaia DR3
# - TABLE: vari_eclipsing_binary
# - DESCRIPTION: >
#     This table describes the properties of the eclipsing binaries resulting from the variability analysis. 
# - CITATION: >
#     How to cite and acknowledge Gaia: 
#     https://gea.esac.esa.int/archive/documentation/credits.html 
# - KNOWN_ISSUES: >
#     Known issues: 
#     https://www.cosmos.esa.int/web/gaia-users/known-issues 
# - DOCUMENTATION: >
#     Tutorials and documentation: 
#     https://www.cosmos.esa.int/web/gaia-users/archive 
# datatype:
# - 
#   name: solution_id
#   datatype: int64
#   description: Solution Identifier
#   meta:
#     ucd: meta.version
# - 
#   name: source_id
#   datatype: int64
#   description: Unique source identifier
#   meta:
#     ucd: meta.id;meta.main
# - 
#   name: global_ranking
#   datatype: float32
#   description: Number between 0 (worst) and 1 (best)
#   meta:
#     ucd: stat.param
# - 
#   name: reference_time
#   datatype: float64
#   unit: d
#   description: Reference time used for the geometric model fit
#   meta:
#     ucd: time.epoch
# - 
#   name: frequency
#   datatype: float64
#   unit: d**-1
#   description: Frequency of geometric model of the eclipsing binary light curve
#   meta:
#     ucd: src.orbital
# - 
#   name: frequency_error
#   datatype: float32
#   unit: d**-1
#   description: "Uncertainty of \\texttt{frequency}"
#   meta:
#     ucd: stat.error
# - 
#   name: geom_model_reference_level
#   datatype: float32
#   unit: mag
#   description: Magnitude reference level of geometric model
#   meta:
#     ucd: phot.mag;em.opt
# - 
#   name: geom_model_reference_level_error
#   datatype: float32
#   unit: mag
#   description: "Uncertainty of \\texttt{geomModelReferenceLevel}"
#   meta:
#     ucd: stat.error;phot.mag;em.opt
# - 
#   name: geom_model_gaussian1_phase
#   datatype: float32
#   description: Phase of the Gaussian 1 component
#   meta:
#     ucd: time.phase
# - 
#   name: geom_model_gaussian1_phase_error
#   datatype: float32
#   description: "Uncertainty of \\texttt{geomModelGaussian1Phase}"
#   meta:
#     ucd: stat.error;time.phase
# - 
#   name: geom_model_gaussian1_sigma
#   datatype: float32
#   description: "Standard deviation [phase] of Gaussian 1 component"
#   meta:
#     ucd: stat.stdev
# - 
#   name: geom_model_gaussian1_sigma_error
#   datatype: float32
#   description: "Uncertainty of \\texttt{geomModelGaussian1Sigma}"
#   meta:
#     ucd: stat.error
# - 
#   name: geom_model_gaussian1_depth
#   datatype: float32
#   unit: mag
#   description: Magnitude depth of Gaussian 1 component
#   meta:
#     ucd: src.var.amplitude
# - 
#   name: geom_model_gaussian1_depth_error
#   datatype: float32
#   unit: mag
#   description: "Uncertainty of \\texttt{geomModelGaussian1Depth}"
#   meta:
#     ucd: stat.error;src.var.amplitude
# - 
#   name: geom_model_gaussian2_phase
#   datatype: float32
#   description: Phase of Gaussian 2 component
#   meta:
#     ucd: time.phase
# - 
#   name: geom_model_gaussian2_phase_error
#   datatype: float32
#   description: "Uncertainty of \\texttt{geomModelGaussian2Phase}"
#   meta:
#     ucd: stat.error;time.phase
# - 
#   name: geom_model_gaussian2_sigma
#   datatype: float32
[...]
#   datatype: float32
#   description: "Secondary eclipse: uncertainty of \\texttt{derivedSecondaryEclDuration}"
#   meta:
#     ucd: stat.error;time.duration
# - 
#   name: derived_secondary_ecl_depth
#   datatype: float32
#   unit: mag
#   description: "Secondary eclipse: depth"
#   meta:
#     ucd: src.var.amplitude
# - 
#   name: derived_secondary_ecl_depth_error
#   datatype: float32
#   unit: mag
#   description: "Secondary eclipse: uncertainty of \\texttt{derivedSecondaryEclDepth}"
#   meta:
#     ucd: stat.error;src.var.amplitude
solution_id,source_id,global_ranking,reference_time,frequency,frequency_error,geom_model_reference_level,geom_model_reference_level_error,geom_model_gaussian1_phase,geom_model_gaussian1_phase_error,geom_model_gaussian1_sigma,geom_model_gaussian1_sigma_error,geom_model_gaussian1_depth,geom_model_gaussian1_depth_error,geom_model_gaussian2_phase,geom_model_gaussian2_phase_error,geom_model_gaussian2_sigma,geom_model_gaussian2_sigma_error,geom_model_gaussian2_depth,geom_model_gaussian2_depth_error,geom_model_cosine_half_period_amplitude,geom_model_cosine_half_period_amplitude_error,geom_model_cosine_half_period_phase,geom_model_cosine_half_period_phase_error,model_type,num_model_parameters,reduced_chi2,derived_primary_ecl_phase,derived_primary_ecl_phase_error,derived_primary_ecl_duration,derived_primary_ecl_duration_error,derived_primary_ecl_depth,derived_primary_ecl_depth_error,derived_secondary_ecl_phase,derived_secondary_ecl_phase_error,derived_secondary_ecl_duration,derived_secondary_ecl_duration_error,derived_secondary_ecl_depth,derived_secondary_ecl_depth_error
375316653866487564,5235417112074844800,0.44708633,2162.648093421172,0.08698158335967086,4.9461523E-5,18.422852,0.004104295,0.28706276,0.0020197427,0.020307017,0.005298953,0.24474709,0.13502784,0.64853835,0.025127368,0.040076774,0.019078668,0.038607318,0.019958554,0.021855896,0.0054596653,0.28706276,0.0020197427,"TWOGAUSSIANS_WITH_ELLIPSOIDAL_ON_ECLIPSE1",9,3.561824,0.28706276,0.0020197427,0.1137193,0.029674139,0.28845888,0.13665463,0.66047835,0.032223374,0.22442994,0.10684054,0.05835213,0.017370902
375316653866487564,5235417112076049536,0.6198145,2186.871478172576,1.208250990904715,1.023175E-5,18.400036,0.009792716,0.25886065,0.0033605504,0.05093258,0.0093751615,0.07240175,0.022200942,0.7569355,9.879551E-4,0.04767183,0.002440398,0.4202761,0.019261286,0.10052625,0.010922147,0.25886065,0.0033605504,"TWOGAUSSIANS_WITH_ELLIPSOIDAL_ON_ECLIPSE1",9,2.1527424,0.75708544,8.395428E-4,0.26696223,0.013666229,0.6213006,0.009299745,0.25886065,0.0033605504,0.28522244,0.052500904,0.2734533,0.0048311893
375316653866487564,5235417288194508544,0.56286985,2189.2366243387223,3.788874314320045,7.451817E-6,19.52902,0.007764447,0.25067374,0.0035659776,0.062661126,0.0031170726,0.7286482,0.028360948,0.7600565,0.003899687,0.06374028,0.0040628226,0.61852646,0.04280454,null,null,null,null,"TWOGAUSSIANS",8,2.0524929,0.25067374,0.0035659776,0.35090232,0.017455608,0.7282491,0.028392302,0.7600565,0.003899687,0.35694557,0.022751806,0.61812735,0.0429978
375316653866487564,5235417459981685632,0.49113315,2159.539139509524,3.8679115047104546,2.570398E-5,19.538574,0.0061341636,null,null,null,null,null,null,null,null,null,null,null,null,0.12186015,0.0076981066,0.20457588,0.005540434,"ELLIPSOIDAL",4,2.406604,null,null,null,null,null,null,null,null,null,null,null,null
375316653866487564,5235417494352988160,0.49094275,2150.9233172962013,4.7378428919647355,3.8941904E-5,19.640486,0.014941994,0.497131,0.017448839,0.15637155,0.028348126,0.17741552,0.015201651,0.87644994,0.016298467,0.023334667,0.009296759,0.07015884,0.018307002,null,null,null,null,"TWOGAUSSIANS",8,1.4559586,0.497131,0.017448839,0.4,0.0,0.17527798,0.016111609,0.87644994,0.016298467,0.13067414,0.052061852,0.077447705,0.019781996
375316653866487564,5235418731292338944,0.56934613,2186.3809094272833,1.9767002545819123,5.4140215E-5,16.809591,0.0015936247,0.49771184,0.004887585,0.01664942,0.0016904187,0.7118306,0.14829363,null,null,null,null,null,null,null,null,null,null,"ONEGAUSSIAN",5,7.1587124,0.49771184,0.004887585,0.09323675,0.0094663445,0.7118306,0.0,null,null,null,null,null,null
375316653866487564,5235419826495610752,0.5040806,2124.4186071729073,3.4741184884039416,2.8469569E-5,18.701004,0.016012298,0.29406536,0.006305529,0.09703118,0.010211249,0.27530968,0.02179501,0.77372444,0.0050125625,0.09328671,0.0080301585,0.3076084,0.022926081,null,null,null,null,"TWOGAUSSIANS",8,4.2758045,0.77372444,0.0050125625,0.4,0.0,0.2937741,0.02232421,0.29406536,0.006305529,0.4,0.0,0.26147446,0.021552779
375316653866487564,5235419830815457792,0.58369994,2163.723274273599,0.3208084129097358,2.4079125E-5,16.667313,0.0014237724,0.6836798,0.0013679906,0.013439203,0.0010234234,0.45087197,0.051038574,0.84313303,0.024008943,0.01617338,0.010645788,0.012334908,0.010140828,null,null,null,null,"TWOGAUSSIANS",8,4.9748554,0.6836798,0.0013679906,0.07525954,0.005731171,0.45087197,0.051038574,0.84313303,0.024008943,0.09057093,0.059616413,0.012334908,0.010140828
375316653866487564,5235420140053118336,0.6698355,2162.3764921879447,2.75479639416253,2.9440394E-6,15.4421,0.01574135,0.22770542,7.9222635E-4,0.061835155,0.006443835,0.20238017,0.033423156,0.73213,0.013705645,0.062447526,0.01770999,0.16291252,0.031169908,0.10482695,0.018238133,0.22770542,7.9222635E-4,"TWOGAUSSIANS_WITH_ELLIPSOIDAL_ON_ECLIPSE1",9,15.573559,0.22770542,7.9222635E-4,0.34627685,0.036085475,0.41193578,0.0054941745,0.73213,0.013705645,0.34970614,0.09917594,0.37230614,0.008187186
375316653866487564,5235421205205026048,0.5114153,2194.894657160232,2.970231753356074,1.5111256E-5,17.05221,0.011830128,0.15917405,0.004892934,0.084899254,0.005422706,0.3573038,0.017735988,0.6711955,0.00863075,0.07084467,0.007639339,0.3187113,0.029185839,null,null,null,null,"TWOGAUSSIANS",8,53.648655,0.15917405,0.004892934,0.4,0.0,0.3542649,0.017427282,0.6711955,0.00863075,0.39673015,0.035455704,0.31567243,0.02911567
375316653866487564,5235421926747941248,0.47201815,2153.0558975063714,3.5802924317331146,2.4617262E-5,18.898405,0.06803408,0.29142007,0.010183136,0.103404984,0.020671396,0.5355541,0.07213648,0.74559015,0.004908063,0.07849093,0.009753665,0.7153973,0.09041407,null,null,null,null,"TWOGAUSSIANS",8,26.24293,0.74559015,0.004908063,0.4,0.0,0.7021705,0.08337645,0.29142007,0.010183136,0.4,0.0,0.5222922,0.06737479
375316653866487564,5235421956799380736,0.57733226,2164.5309043397374,3.030234243178571,4.8258653E-6,18.307388,0.0062511996,0.2343067,0.00129163,0.06753663,0.0022943742,0.5318929,0.02219297,0.73757696,0.0021496427,0.07122118,0.0035982418,0.5865575,0.043153167,null,null,null,null,"TWOGAUSSIANS",8,4.2353253,0.73757696,0.0021496427,0.3988386,0.011199069,0.5850015,0.04364027,0.2343067,0.00129163,0.37820512,0.0128484955,0.5303369,0.022453306
375316653866487564,5235422957551410176,0.66661733,2166.722791777291,2.0964202578944975,2.7804044E-6,17.102919,0.008047335,0.23782904,9.1954024E-4,0.04276039,0.0031132323,0.29864824,0.015320128,0.7429576,0.0015893148,0.04641235,0.0033347649,0.31588662,0.012918506,0.14924292,0.009913891,0.23782904,9.1954024E-4,"TWOGAUSSIANS_WITH_ELLIPSOIDAL_ON_ECLIPSE1",9,6.5687428,0.7429576,0.0015893148,0.25990915,0.018674683,0.614062,0.0116300685,0.23782904,9.1954024E-4,0.23945819,0.017434102,0.5971335,0.010768272
375316653866487564,5235423679095035648,0.6199403,2139.343041253239,3.093553981079755,5.3465315E-6,18.837557,0.015731795,0.23650768,0.0010899461,0.04902901,0.005095749,0.4109123,0.037035484,0.7347174,0.0015089565,0.05193207,0.0036495372,0.52479076,0.036221568,0.10907918,0.023227703,0.23650768,0.0010899461,"TWOGAUSSIANS_WITH_ELLIPSOIDAL_ON_ECLIPSE1",9,2.450924,0.7348674,0.0013707129,0.2908196,0.020437408,0.7429171,0.03091179,0.23650768,0.0010899461,0.27456245,0.028536195,0.62906396,0.021419935
375316653866487564,5235423713454841984,0.6124792,2188.7023032915936,2.814923503852574,3.8848016E-6,18.2783,0.016234651,0.2586679,0.0024063725,0.056632075,0.005570704,0.2671829,0.040078662,0.7603401,0.0017635246,0.051731598,0.0050493726,0.2751271,0.03158305,0.11069465,0.018624965,0.2586679,0.0024063725,"TWOGAUSSIANS_WITH_ELLIPSOIDAL_ON_ECLIPSE1",9,2.540652,0.7603401,0.001714205,0.28969693,0.028276486,0.4964739,0.015662769,0.2586679,0.0024063725,0.31713963,0.031195942,0.48855412,0.014804025
375316653866487564,5235424503729186432,0.587892,2150.4382602489386,3.3152587285947637,7.0374117E-6,18.71421,0.00868495,0.20447542,0.0036231724,0.05312104,0.006831679,0.34051117,0.031593308,0.7026815,0.010345402,0.038906407,0.0071412674,0.26953363,0.03964009,0.13297126,0.01170073,0.20447542,0.0036231724,"TWOGAUSSIANS_WITH_ELLIPSOIDAL_ON_ECLIPSE1",9,4.8742895,0.20447542,0.0036231724,0.29747784,0.0382574,0.6064484,0.026023263,0.70287144,0.009970513,0.21787588,0.039991096,0.5354406,0.036420323
375316653866487564,5235425568891790848,0.56118196,2161.7367032308975,0.6688146076391495,6.213529E-6,15.224955,0.017616546,0.13724327,0.0060905814,0.15093607,0.02368302,0.057062868,0.018040491,0.6676076,0.0029700703,0.12142301,0.010207362,0.087352686,0.015965955,null,null,null,null,"TWOGAUSSIANS",8,2.5165722,0.6687576,0.0019437232,0.4,0.0,0.067689486,0.001081133,0.13669327,0.0056741964,0.4,0.0,0.036882076,0.0019198604
375316653866487564,5235426049928190592,0.44593722,2185.288911258794,0.03977479688271916,6.3051964E-5,18.294275,0.017966894,0.26674125,0.026938086,0.111751586,0.028985968,0.3337297,0.12332285,0.7454004,0.01195038,0.047934834,0.02477908,0.09530075,0.23447217,null,null,null,null,"TWOGAUSSIANS",8,14.148101,0.26674125,0.026938086,0.4,0.0,0.3316875,0.12535535,0.7454004,0.01195038,0.26843506,0.13876285,0.09329945,0.236324
375316653866487564,5235426393515287168,0.54946905,2181.102581361537,3.1131264034889843,1.7671353E-5,19.764273,0.023644222,0.26188266,0.0044807564,0.082393356,0.0066177654,0.6748689,0.030430384,0.7690574,0.002980444,0.08847372,0.006203845,0.51205456,0.028434474,null,null,null,null,"TWOGAUSSIANS",8,1.5673108,0.26188266,0.0044807564,0.4,0.0,0.66061515,0.026427278,0.7690574,0.002980444,0.4,0.0,0.49780068,0.027232181
375316653866487564,5235426805832365056,0.51283747,2186.014241733863,3.9871919323921996,1.0626847E-5,19.236036,0.01587721,0.3470703,0.004252686,0.081094205,0.008408189,0.28561535,0.027976587,0.84474945,0.0044671567,0.09142488,0.008266305,0.2739344,0.017691938,null,null,null,null,"TWOGAUSSIANS",8,2.1176445,0.3470703,0.004252686,0.4,0.0,0.27757496,0.030514516,0.84474945,0.0044671567,0.4,0.0,0.26589385,0.016242944
375316653866487564,5235426943270833024,0.4932798,2151.0916737505345,3.6288896835309576,1.2183213E-5,19.24144,0.035539582,0.29780492,0.007863486,0.10100624,0.013665743,0.3774872,0.033224933,0.7911734,0.005371346,0.10935104,0.013194663,0.33154246,0.0326251,null,null,null,null,"TWOGAUSSIANS",8,3.2397707,0.29781494,0.007854816,0.4,0.0,0.33876127,0.018102648,0.7911734,0.005371346,0.4,0.0,0.2928005,0.015985867
375316653866487564,5235427488717429248,0.56682765,2151.4858354901116,2.650955022305698,8.54101E-6,18.554619,0.019062614,0.17189766,0.0027003884,0.08097853,0.006381257,0.33895466,0.017179387,0.67318285,0.005759335,0.08601401,0.01270832,0.37678415,0.032364625,null,null,null,null,"TWOGAUSSIANS",8,3.203378,0.67318285,0.005759335,0.4,0.0,0.36887905,0.037628327,0.17189766,0.0027003884,0.4,0.0,0.3310496,0.013921506
375316653866487564,5235427866673642880,0.636882,2177.800566956396,3.0658743968416493,9.150767E-6,15.427958,0.0073254146,0.26094857,0.0026438683,0.04274698,0.0030306524,0.55423003,0.03288155,0.7684444,0.0024089352,0.043296278,0.0050798096,0.5046192,0.04699435,0.12734188,0.012716849,0.7684444,0.0024089352,"TWOGAUSSIANS_WITH_ELLIPSOIDAL_ON_ECLIPSE2",9,93.66414,0.26141855,0.002441729,0.23938309,0.016971653,0.80838424,0.03361973,0.7684444,0.0024089352,0.24245915,0.028446933,0.75930285,0.05101179
375316653866487564,5235428042783111808,0.55828476,2147.081489271978,2.511471864100944,6.564559E-6,19.63575,0.017980238,0.33380958,0.004725894,0.077751145,0.007498787,0.6101156,0.06792836,0.8353186,0.0016347975,0.07481273,0.00266993,0.621737,0.019393533,null,null,null,null,"TWOGAUSSIANS",8,1.4927372,0.8353186,0.0016347975,0.4,0.0,0.6161917,0.017662587,0.33380958,0.004725894,0.4,0.0,0.6045702,0.0702978
375316653866487564,5235428588228133760,0.5270603,2200.024802700699,3.7745557248579824,1.1474834E-5,17.958973,0.034122653,0.30741945,0.0055106357,0.084965535,0.015112547,0.40759045,0.02221128,0.7800025,0.0079299,0.09061072,0.015650447,0.367709,0.04215295,null,null,null,null,"TWOGAUSSIANS",8,17.29911,0.30741945,0.0055106357,0.4,0.0,0.39911157,0.01884498,0.7800025,0.0079299,0.4,0.0,0.35922977,0.043486923
375316653866487564,5235429004866061696,0.45523092,2203.578097008402,0.5443692261980829,9.111977E-6,17.238829,0.0022361325,0.72007835,9.772901E-4,0.025874969,0.0023625153,0.36485058,0.08669618,null,null,null,null,null,null,0.010148609,0.0038529497,0.72007835,9.772901E-4,"ONEGAUSSIAN_WITH_ELLIPSOIDAL",6,4.4554696,0.72007835,9.772901E-4,0.14489983,0.013230085,0.38514778,0.09249051,null,null,null,null,null,null
375316653866487564,5235429142294819968,0.47088245,2182.609326044594,1.2014769432221308,3.1523316E-5,18.802895,0.013092975,0.2809834,0.0068111448,0.07996628,0.013034363,0.1707562,0.013362093,0.77504855,0.010329564,0.100327946,0.012483983,0.14220221,0.014609751,null,null,null,null,"TWOGAUSSIANS",8,3.4429812,0.2809834,0.0068111448,0.4,0.0,0.16479838,0.011643665,0.77504855,0.010329564,0.4,0.0,0.13624318,0.010666336
375316653866487564,5235429520262076544,0.4815597,2187.3427984736604,2.866537126673374,2.675661E-5,15.679232,0.0032504,null,null,null,null,null,null,null,null,null,null,null,null,0.06600855,0.0042636627,0.22105353,0.0062915552,"ELLIPSOIDAL",4,88.16,null,null,null,null,null,null,null,null,null,null,null,null
375316653866487564,5235429726410902912,0.54630274,2158.048438269367,0.819506837357354,7.765657E-5,19.023327,0.006323238,0.5142705,0.024846466,0.050203484,0.011934708,0.4296494,0.1511177,0.8030524,0.043106474,0.10639938,0.032971807,0.02098359,0.007956659,null,null,null,null,"TWOGAUSSIANS",8,0.82819355,0.5143505,0.024781827,0.2811395,0.06683436,0.43017426,0.15085931,0.8030524,0.043106474,0.4,0.0,0.020980388,0.007954091
375316653866487564,5235430722842464640,0.46781954,2179.377010472527,0.25442434161065264,2.3581595E-5,17.996649,0.0064253523,0.3299765,0.013449384,0.023531623,0.02206786,0.42610744,0.22771953,0.72522306,0.0063002533,0.030046389,0.012340648,0.09761131,0.41251653,null,null,null,null,"TWOGAUSSIANS",8,14.990018,0.3299765,0.013449384,0.1317771,0.123580016,0.42610744,0.22771953,0.72522306,0.0063002533,0.16825977,0.06910763,0.09761131,0.41251653
375316653866487564,5235430860283870592,0.4708873,2172.7406558916477,4.149510435645089,1.0127065E-5,19.828459,0.024771456,0.12767942,0.007560839,0.08612946,0.010146211,0.29193887,0.02550538,0.6224452,0.0059558107,0.088823296,0.00921945,0.3266074,0.035468303,null,null,null,null,"TWOGAUSSIANS",8,2.1866577,0.6224452,0.0059558107,0.4,0.0,0.31705543,0.033685874,0.12767942,0.007560839,0.4,0.0,0.28238696,0.020452136
375316653866487564,5235431272608467840,0.58690965,2180.327650493276,1.7295447968420767,8.065158E-6,17.078495,0.00631192,0.2649267,0.0024550622,0.088698745,0.0034899397,0.22256626,0.008160999,0.78117746,0.0032148124,0.10139605,0.007098931,0.13584483,0.0064136554,null,null,null,null,"TWOGAUSSIANS",8,2.9113362,0.2649267,0.0024550622,0.4,0.0,0.21408986,0.0067371447,0.78117746,0.0032148124,0.4,0.0,0.12736663,0.005196392
375316653866487564,5235431444407232000,0.62303245,2181.294224289505,2.159309457468135,3.1453308E-6,17.144377,0.0049536703,0.2660539,0.0016281302,0.08992028,0.0029878756,0.34099576,0.009564133,0.76610494,0.0017613344,0.09300697,0.0024349398,0.3253769,0.0047844243,null,null,null,null,"TWOGAUSSIANS",8,3.0161316,0.2660539,0.0016281302,0.4,0.0,0.3251232,0.010420192,0.76610494,0.0017613344,0.4,0.0,0.30950412,0.0031463085
375316653866487564,5235431719274890624,0.44859374,2145.9257363671086,3.1568522486555692,1.615824E-5,19.264254,0.5319735,0.27482837,0.02054406,0.13132137,0.05594972,0.31831363,0.4011318,0.747919,0.03780266,0.17516316,0.1380176,0.3520651,0.5148029,null,null,null,null,"TWOGAUSSIANS",8,3.278055,0.747919,0.03780266,0.4,0.0,0.20061065,0.021980725,0.2797084,0.010473552,0.4,0.0,0.1794512,0.02006624
375316653866487564,5235432337750615296,0.55320966,2126.231885658806,3.0429661356420334,1.6153175E-5,19.505249,0.018140486,0.2899967,0.004760347,0.06745128,0.0046100416,0.577009,0.020873796,0.79393405,0.007867545,0.06196952,0.0072338004,0.6000949,0.09122763,null,null,null,null,"TWOGAUSSIANS",8,2.7617106,0.79393405,0.007867545,0.3470293,0.04050928,0.59949565,0.091433086,0.2899967,0.004760347,0.3777272,0.025816234,0.57640976,0.02037509
375316653866487564,5235432887516460800,0.5275732,2115.865865710325,2.8859391309003386,2.0492202E-5,18.486399,0.023298085,0.27985558,0.0044378084,0.05076246,0.0055338033,0.7331185,0.11372631,0.78742987,0.00520377,0.044119377,0.0166055,0.39440924,0.52725375,0.0652,0.039255567,0.27985558,0.0044378084,"TWOGAUSSIANS_WITH_ELLIPSOIDAL_ON_ECLIPSE1",9,18.608198,0.27985558,0.0044378084,0.28426978,0.030989299,0.8635142,0.11214136,0.78742987,0.00520377,0.24706851,0.09299081,0.5245098,0.5413527
375316653866487564,5235433677782055296,0.5100612,2141.920979493333,0.16535143153168805,2.1684216E-5,19.838404,0.0068101212,0.65703017,0.053135272,0.03079101,0.0226286,0.09004574,0.10067532,0.5477489,0.0046928064,0.0056598345,0.0051526646,0.7626036,0.5701758,null,null,null,null,"TWOGAUSSIANS",8,1.3881121,0.5477489,0.0046967943,0.031695075,0.028854923,0.7627692,0.57018626,0.65703017,0.053135272,0.17242965,0.12672016,0.09004574,0.10067532
