Gaia/vari_eclipsing_binary/VariEclipsingBinary_692967-693129.csv
# %ECSV 1.0
# ---
# delimiter: ','
# meta: !!omap
# - RELEASE: Gaia DR3
# - TABLE: vari_eclipsing_binary
# - DESCRIPTION: >
#     This table describes the properties of the eclipsing binaries resulting from the variability analysis. 
# - CITATION: >
#     How to cite and acknowledge Gaia: 
#     https://gea.esac.esa.int/archive/documentation/credits.html 
# - KNOWN_ISSUES: >
#     Known issues: 
#     https://www.cosmos.esa.int/web/gaia-users/known-issues 
# - DOCUMENTATION: >
#     Tutorials and documentation: 
#     https://www.cosmos.esa.int/web/gaia-users/archive 
# datatype:
# - 
#   name: solution_id
#   datatype: int64
#   description: Solution Identifier
#   meta:
#     ucd: meta.version
# - 
#   name: source_id
#   datatype: int64
#   description: Unique source identifier
#   meta:
#     ucd: meta.id;meta.main
# - 
#   name: global_ranking
#   datatype: float32
#   description: Number between 0 (worst) and 1 (best)
#   meta:
#     ucd: stat.param
# - 
#   name: reference_time
#   datatype: float64
#   unit: d
#   description: Reference time used for the geometric model fit
#   meta:
#     ucd: time.epoch
# - 
#   name: frequency
#   datatype: float64
#   unit: d**-1
#   description: Frequency of geometric model of the eclipsing binary light curve
#   meta:
#     ucd: src.orbital
# - 
#   name: frequency_error
#   datatype: float32
#   unit: d**-1
#   description: "Uncertainty of \\texttt{frequency}"
#   meta:
#     ucd: stat.error
# - 
#   name: geom_model_reference_level
#   datatype: float32
#   unit: mag
#   description: Magnitude reference level of geometric model
#   meta:
#     ucd: phot.mag;em.opt
# - 
#   name: geom_model_reference_level_error
#   datatype: float32
#   unit: mag
#   description: "Uncertainty of \\texttt{geomModelReferenceLevel}"
#   meta:
#     ucd: stat.error;phot.mag;em.opt
# - 
#   name: geom_model_gaussian1_phase
#   datatype: float32
#   description: Phase of the Gaussian 1 component
#   meta:
#     ucd: time.phase
# - 
#   name: geom_model_gaussian1_phase_error
#   datatype: float32
#   description: "Uncertainty of \\texttt{geomModelGaussian1Phase}"
#   meta:
#     ucd: stat.error;time.phase
# - 
#   name: geom_model_gaussian1_sigma
#   datatype: float32
#   description: "Standard deviation [phase] of Gaussian 1 component"
#   meta:
#     ucd: stat.stdev
# - 
#   name: geom_model_gaussian1_sigma_error
#   datatype: float32
#   description: "Uncertainty of \\texttt{geomModelGaussian1Sigma}"
#   meta:
#     ucd: stat.error
# - 
#   name: geom_model_gaussian1_depth
#   datatype: float32
#   unit: mag
#   description: Magnitude depth of Gaussian 1 component
#   meta:
#     ucd: src.var.amplitude
# - 
#   name: geom_model_gaussian1_depth_error
#   datatype: float32
#   unit: mag
#   description: "Uncertainty of \\texttt{geomModelGaussian1Depth}"
#   meta:
#     ucd: stat.error;src.var.amplitude
# - 
#   name: geom_model_gaussian2_phase
#   datatype: float32
#   description: Phase of Gaussian 2 component
#   meta:
#     ucd: time.phase
# - 
#   name: geom_model_gaussian2_phase_error
#   datatype: float32
#   description: "Uncertainty of \\texttt{geomModelGaussian2Phase}"
#   meta:
#     ucd: stat.error;time.phase
# - 
#   name: geom_model_gaussian2_sigma
#   datatype: float32
[...]
#   datatype: float32
#   description: "Secondary eclipse: uncertainty of \\texttt{derivedSecondaryEclDuration}"
#   meta:
#     ucd: stat.error;time.duration
# - 
#   name: derived_secondary_ecl_depth
#   datatype: float32
#   unit: mag
#   description: "Secondary eclipse: depth"
#   meta:
#     ucd: src.var.amplitude
# - 
#   name: derived_secondary_ecl_depth_error
#   datatype: float32
#   unit: mag
#   description: "Secondary eclipse: uncertainty of \\texttt{derivedSecondaryEclDepth}"
#   meta:
#     ucd: stat.error;src.var.amplitude
solution_id,source_id,global_ranking,reference_time,frequency,frequency_error,geom_model_reference_level,geom_model_reference_level_error,geom_model_gaussian1_phase,geom_model_gaussian1_phase_error,geom_model_gaussian1_sigma,geom_model_gaussian1_sigma_error,geom_model_gaussian1_depth,geom_model_gaussian1_depth_error,geom_model_gaussian2_phase,geom_model_gaussian2_phase_error,geom_model_gaussian2_sigma,geom_model_gaussian2_sigma_error,geom_model_gaussian2_depth,geom_model_gaussian2_depth_error,geom_model_cosine_half_period_amplitude,geom_model_cosine_half_period_amplitude_error,geom_model_cosine_half_period_phase,geom_model_cosine_half_period_phase_error,model_type,num_model_parameters,reduced_chi2,derived_primary_ecl_phase,derived_primary_ecl_phase_error,derived_primary_ecl_duration,derived_primary_ecl_duration_error,derived_primary_ecl_depth,derived_primary_ecl_depth_error,derived_secondary_ecl_phase,derived_secondary_ecl_phase_error,derived_secondary_ecl_duration,derived_secondary_ecl_duration_error,derived_secondary_ecl_depth,derived_secondary_ecl_depth_error
[from data line 147]
375316653866487564,6095828425876247552,0.63452077,2150.4254862391167,1.3613744248335422,5.8878136E-6,17.172947,0.007918282,0.24500409,0.0016298299,0.07836183,0.0030214502,0.3448262,0.00866905,0.7527258,0.0024622148,0.10223585,0.006124033,0.16316848,0.0080520855,null,null,null,null,"TWOGAUSSIANS",8,2.2741582,0.24500409,0.0016298299,0.4,0.0,0.336379,0.007682365,0.7527258,0.0024622148,0.4,0.0,0.15471904,0.0065356875
375316653866487564,6095829564048250368,0.5085224,2127.3764499605795,2.426829924136339,1.8286362E-5,17.827068,0.026701262,0.19950908,0.0139924735,0.10119811,0.045364223,0.06358247,0.023347942,0.6944641,0.0047607324,0.09756298,0.019043442,0.11763364,0.023712276,null,null,null,null,"TWOGAUSSIANS",8,1.4599903,0.6944641,0.0047607324,0.4,0.0,0.11088517,0.00918916,0.19950908,0.01401539,0.4,0.0,0.056833826,0.008387235
375316653866487564,6095829632767717504,0.5940052,2133.1844777093575,3.369757914394124,1.0524001E-5,15.7742195,0.011912832,0.3391363,0.005279511,0.078192025,0.0072841407,0.6328181,0.074630074,0.8299808,0.0030156772,0.07771082,0.0047251214,0.49518657,0.025251195,null,null,null,null,"TWOGAUSSIANS",8,55.81671,0.3391363,0.005279511,0.4,0.0,0.62741154,0.076773874,0.8299808,0.0030156772,0.4,0.0,0.48978,0.025969964
375316653866487564,6095834576273013120,0.5201165,2147.6898343298953,3.2331877642341973,1.00091065E-5,18.753086,0.02297621,0.1995957,0.0040695337,0.09804733,0.010763346,0.27340865,0.020257317,0.6834702,0.0034237886,0.09310852,0.009973274,0.28573507,0.02171697,null,null,null,null,"TWOGAUSSIANS",8,2.6551902,0.6834702,0.0034237886,0.4,0.0,0.27115142,0.019388162,0.1995957,0.0040695337,0.4,0.0,0.25882378,0.0136212
375316653866487564,6095837599929998208,0.58776087,2137.082592644703,1.7037905539261415,2.0089423E-5,17.544786,0.004472524,0.25485247,2.587654E-5,0.013881398,1.2371471E-4,1.8861146,0.03685187,0.76464236,0.0068098344,0.038479637,0.0045551783,0.4436793,0.042758506,null,null,null,null,"TWOGAUSSIANS",8,14.258219,0.25485247,2.587654E-5,0.077735834,6.928024E-4,1.8861146,0.03685187,0.76464236,0.0068098344,0.21548596,0.025508998,0.4436793,0.042758506
375316653866487564,6095840211267950720,0.54973936,2211.024329655424,2.7723590892915113,1.8879136E-5,19.210678,0.029103467,0.30102333,0.0051945965,0.0806368,0.007915346,0.47091147,0.041831322,0.80837756,0.0069023375,0.098568834,0.013056311,0.32740346,0.030018238,null,null,null,null,"TWOGAUSSIANS",8,1.6312956,0.30102333,0.0051945965,0.4,0.0,0.45704395,0.040153377,0.80837756,0.0069023375,0.4,0.0,0.31353414,0.021664403
375316653866487564,6095840486145881984,0.557858,2171.620199250351,3.463611273871265,1.3435226E-5,18.278227,0.024696916,0.32399973,0.0033009613,0.09499662,0.010187204,0.23219463,0.024981327,0.8241867,0.007148383,0.07477265,0.012312011,0.2963799,0.036731284,null,null,null,null,"TWOGAUSSIANS",8,3.3599367,0.8241867,0.007148383,0.4,0.017239392,0.289713,0.03545255,0.32399973,0.0033009613,0.4,0.0,0.22552729,0.020133194
375316653866487564,6095841654377082624,0.6353289,2167.0115267066217,3.136806534158451,2.1442787E-5,16.592043,0.06004585,0.22767073,0.008152297,0.03882242,0.028578956,0.13289692,0.12293098,0.7110732,0.044350315,0.051150393,0.028879184,0.28279004,0.19937411,0.11869966,0.064113215,0.22767073,0.008152297,"TWOGAUSSIANS_WITH_ELLIPSOIDAL_ON_ECLIPSE1",9,16.927904,0.7135132,0.037246518,0.2864422,0.16172343,0.51799303,0.19749796,0.22767073,0.008152297,0.21740554,0.16004215,0.37029502,0.013787249
375316653866487564,6095844849832790400,0.50668824,2146.997214375899,2.431123002499065,8.487931E-5,19.429256,0.009335199,0.39680764,0.057405736,0.03577971,0.034723263,0.5987932,7209967.5,0.83968955,0.007825059,0.044272076,0.010201131,0.07716828,0.011657723,null,null,null,null,"TWOGAUSSIANS",8,1.9945152,0.39680764,0.057405736,0.20036638,0.19445027,0.5987932,7209967.5,0.83968955,0.007825059,0.24792363,0.057126336,0.07716828,0.011657723
375316653866487564,6095848010928812800,0.5599319,2196.5744256957223,2.594895974818333,1.739566E-5,17.636871,0.022971952,0.289752,0.005535079,0.10939377,0.015627835,0.19236752,0.020607108,0.8066432,0.004623299,0.08176844,0.010486676,0.29474992,0.051478982,null,null,null,null,"TWOGAUSSIANS",8,3.4050453,0.80665314,0.004626924,0.4,0.0,0.28306878,0.05477911,0.289752,0.005535079,0.4,0.0,0.18067245,0.009700103
375316653866487564,6095849389617260544,0.58371043,2163.1743502093846,3.5747763275772937,3.0858086E-5,17.503107,0.035085954,0.3032696,0.005600704,0.05007192,0.009103294,0.315244,0.07559128,0.81336683,0.01160699,0.05486224,0.013932098,0.48388374,0.18553859,0.10135721,0.043030616,0.3032696,0.005600704,"TWOGAUSSIANS_WITH_ELLIPSOIDAL_ON_ECLIPSE1",9,29.510244,0.81336683,0.011318025,0.30722854,0.078019746,0.685775,0.1950466,0.3032696,0.005600704,0.28040275,0.05097845,0.51795006,0.020199409
375316653866487564,6095858941618134016,0.50406206,2154.129012838387,3.5794533268892965,9.806721E-6,19.69877,0.026973715,0.26864082,0.005817885,0.06887667,0.009057902,0.49497277,0.032975756,0.77462786,0.01697648,0.08723625,0.024182355,0.2966824,0.048206076,null,null,null,null,"TWOGAUSSIANS",8,2.0462022,0.26864082,0.005817885,0.38570935,0.040295135,0.49113476,0.032022595,0.77462786,0.01697648,0.4,0.0,0.29284433,0.04921479
375316653866487564,6095862957415354368,0.57805514,2198.043520817485,2.6831399376998717,6.4923843E-6,18.41092,0.010591948,0.23572257,0.0038146838,0.08191598,0.008395584,0.52430576,0.061010066,0.7317148,0.0010092176,0.07024932,0.0051036063,0.53797024,0.05219553,null,null,null,null,"TWOGAUSSIANS",8,4.4991975,0.7317148,0.0010092176,0.3933962,0.016074942,0.5335844,0.054270737,0.23572257,0.0038146838,0.4,0.0,0.5199199,0.063810244
375316653866487564,6095868768509647744,0.5724509,2174.439244511096,3.1810293611650695,8.739777E-6,15.285002,0.022703398,0.32964566,0.004728056,0.08538948,0.006658522,0.42500937,0.025283929,0.81839997,0.0052964585,0.086448535,0.0095622,0.48121446,0.036913455,null,null,null,null,"TWOGAUSSIANS",8,156.94017,0.81839997,0.0052964585,0.4,0.0,0.47039017,0.038642175,0.32964566,0.004728056,0.4,0.0,0.4141851,0.020085242
375316653866487564,6095869004727853952,0.5987425,2165.419209923158,0.32000678132455784,6.590343E-5,11.874348,0.003050566,0.1723553,0.043953817,0.032655172,0.029435031,0.40152824,2.50729907E9,0.32886222,0.014237458,0.019803064,0.022967681,0.018224962,0.011833312,0.008195843,0.0026919516,0.1723553,0.043953817,"TWOGAUSSIANS_WITH_ELLIPSOIDAL_ON_ECLIPSE1",9,88.31406,0.1723553,0.043953817,0.18286896,0.16483617,0.4179198,2.50729907E9,0.32886222,0.014237458,0.11089716,0.12861902,0.023263967,0.012777356
375316653866487564,6095876190213299072,0.489236,2117.7965815854495,2.65464360657689,9.207183E-5,15.793574,0.017086804,0.24699777,0.008013963,0.099448934,0.013270844,0.15736564,0.017712485,0.71862024,0.01011848,0.07733143,0.013928704,0.15509184,0.028157542,null,null,null,null,"TWOGAUSSIANS",8,74.19506,0.24699777,0.008013963,0.4,0.0,0.15380496,0.013736765,0.71862024,0.01011848,0.4,0.0018573834,0.15153334,0.027294785
375316653866487564,6095877835180086912,0.5539942,2127.0226830202273,2.69161003445441,2.5416839E-5,18.95575,0.009509215,0.23435213,0.0038723645,0.048460014,0.004095579,0.48796564,0.03870873,0.7705891,0.0131781455,0.0506372,0.012250199,0.16075692,0.03097515,null,null,null,null,"TWOGAUSSIANS",8,3.2940655,0.23435213,0.0038723645,0.27137607,0.022935243,0.4879654,0.038708847,0.7705891,0.0131781455,0.28356832,0.06860112,0.16075668,0.03097692
375316653866487564,6095887765146903808,0.53820723,2189.511550606963,4.155199729298953,2.2720746E-5,19.601353,0.02033218,0.23469846,0.0032837887,0.059707787,0.010536004,0.6030103,0.097193554,0.7609859,0.008044256,0.07157979,0.006835205,0.4681403,0.05048082,null,null,null,null,"TWOGAUSSIANS",8,2.5097775,0.23469846,0.0032837887,0.3343636,0.05900162,0.60267174,0.09783018,0.7609859,0.008044256,0.4,0.020766566,0.46780175,0.050298594
375316653866487564,6095889624871084416,0.47888234,2200.8487683147305,2.9093184430770034,2.645816E-5,19.12207,0.013031668,0.30108353,0.0032084666,0.049722314,0.006845426,0.2360075,0.025730517,0.77229875,0.026760433,0.096276805,0.030850766,0.11993802,0.019657964,null,null,null,null,"TWOGAUSSIANS",8,2.6831357,0.30108353,0.0032084666,0.27844495,0.038334385,0.23560813,0.0260075,0.77229875,0.026760433,0.4,0.017850006,0.11953788,0.019327214
375316653866487564,6095891338559889408,0.4581499,2181.765478913579,0.32182726534614364,1.3300259E-5,19.21176,0.013997971,0.1864624,0.06253995,0.103228286,0.029633028,0.054153524,0.02461774,0.85020775,0.0010954068,0.011288814,0.001198924,0.35982037,0.06859654,null,null,null,null,"TWOGAUSSIANS",8,3.0576718,0.85020775,0.0010962718,0.06321736,0.0067139748,0.36008838,0.06851339,0.1864624,0.06253995,0.4,0.0,0.054152653,0.024613671
375316653866487564,6095894671454841216,0.50342155,2140.027713843385,2.979965536355293,2.4474342E-5,19.060547,0.014901961,0.49073842,0.008703313,0.1398255,0.017104803,0.2770342,0.013686492,0.20869729,0.005818639,0.019039698,0.0051116413,0.08635559,0.02017568,null,null,null,null,"TWOGAUSSIANS",8,4.003292,0.49073842,0.008703313,0.4,0.0,0.27610755,0.013231035,0.21095729,0.006005795,0.1066223,0.02862519,0.12224596,0.02314607
375316653866487564,6095902990809462656,0.50715464,2057.1335865949036,2.8842626352447764,2.9174704E-5,18.660719,0.34598416,0.27972472,0.0071947495,0.105815865,0.07929922,0.36946702,0.32918185,0.8155451,0.032832112,0.08573718,0.040690053,0.4001582,0.30963343,null,null,null,null,"TWOGAUSSIANS",8,12.875955,0.8155651,0.032404013,0.4,0.0,0.38497746,0.1023232,0.27972472,0.0073726457,0.4,0.0,0.35426098,0.094575696
375316653866487564,6095903093888672768,0.5514571,2104.6984167996943,4.269344107334274,1.5779207E-5,18.76054,0.01773597,0.20108712,0.011111855,0.073703386,0.010954228,0.31874016,0.03098536,0.7053326,0.0060667065,0.085406266,0.009654055,0.3211024,0.017084762,null,null,null,null,"TWOGAUSSIANS",8,2.9016337,0.7053326,0.0060667065,0.4,0.0,0.31689557,0.014453274,0.20108712,0.011111855,0.4,0.0010384998,0.31453332,0.028551238
375316653866487564,6095905636508330368,0.58683974,2165.932036262026,2.27824289425907,1.5320831E-5,14.873573,0.010247193,0.25553444,0.0053457012,0.07756274,0.0062793554,0.49377093,0.013191095,0.7546352,0.0036397893,0.08808581,0.0034152567,0.46894705,0.01263,null,null,null,null,"TWOGAUSSIANS",8,73.03736,0.25553444,0.0053457012,0.4,0.0,0.48386213,0.014235558,0.7546352,0.0036397893,0.4,0.0,0.45903817,0.010363338
375316653866487564,6095910790470078976,0.5954494,2206.4567294169265,0.6028619841952961,4.674559E-5,13.778203,0.0074139596,0.10882551,0.010497498,0.036279343,0.0054089627,0.76672107,0.7819122,0.845315,0.0058472757,0.04209187,0.008333768,0.1678077,0.1924577,0.03834332,0.013607337,0.845315,0.0058472757,"TWOGAUSSIANS_WITH_ELLIPSOIDAL_ON_ECLIPSE2",9,158.57762,0.108965516,0.01058306,0.20316432,0.030290192,0.76727784,0.7817523,0.845315,0.0058472757,0.23571447,0.0466691,0.2444941,0.18853804
375316653866487564,6095914840621779968,0.5243097,2118.2498329220375,2.6278073403420694,7.984946E-5,18.014032,0.016199958,0.31668255,0.04183612,0.025548793,0.09621634,0.9908134,0.880008,null,null,null,null,null,null,null,null,null,null,"ONEGAUSSIAN",5,10.760937,0.31668255,0.04183612,0.14307325,0.246205,0.9908134,0.0,null,null,null,null,null,null
375316653866487564,6095919998879221248,0.5327859,2139.544386585563,3.448726714976956,1.7947268E-5,16.456343,0.011639799,0.14485902,0.002801749,0.057038546,0.007215112,0.4250929,0.16863981,0.6558038,0.0079069445,0.100592874,0.012277161,0.1278687,0.013439991,null,null,null,null,"TWOGAUSSIANS",8,15.0149145,0.14485902,0.002801749,0.31941587,0.04040463,0.42317688,0.1699837,0.6558038,0.0079069445,0.4,0.0,0.12595144,0.012129305
375316653866487564,6095924495708366080,0.4997098,2158.1750681657422,3.377098805695255,1.0946671E-4,19.341312,0.06328378,0.340905,0.034596838,0.047283962,0.01228712,1.0917403,0.85653305,0.6426914,0.04135946,0.14036345,0.1779794,0.07711604,0.10314981,null,null,null,null,"TWOGAUSSIANS",8,6.771113,0.341145,0.03423585,0.26479018,0.06880788,1.0990704,0.8709703,0.6426914,0.04135946,0.4,0.06806856,0.07678739,0.09933378
375316653866487564,6095924981035124608,0.48393115,2192.6978839948843,3.0045399409980416,4.0581417E-5,17.325794,0.01024683,0.25120157,0.006801592,0.033518914,0.025157675,0.10271254,5596.4717,null,null,null,null,null,null,0.09441603,0.01330014,0.25120157,0.006801592,"ONEGAUSSIAN_WITH_ELLIPSOIDAL",6,33.193764,0.25120157,0.006801592,0.18770592,0.14088298,0.29154432,5596.471,null,null,null,null,null,null
375316653866487564,6095939648353339264,0.5638167,2095.9661798193756,3.2602319741081933,9.884709E-6,18.723349,0.019504348,0.20415209,0.0046508885,0.06261635,0.0057319435,0.49573973,0.02037874,0.7031493,0.010005952,0.06924806,0.00952582,0.51535517,0.07865116,null,null,null,null,"TWOGAUSSIANS",8,3.93633,0.7031493,0.010005952,0.38778913,0.03978493,0.51461375,0.07885586,0.20415209,0.0046508885,0.35065156,0.032098882,0.49499834,0.019655082
375316653866487564,6095943874595860864,0.52078235,2113.630787374125,3.511987881658894,3.490096E-5,17.385075,0.024612699,0.2805083,0.010237786,0.08883723,0.012764334,0.3804065,0.028946122,0.7905152,0.006788052,0.08467457,0.011018315,0.40241563,0.050417516,null,null,null,null,"TWOGAUSSIANS",8,41.509327,0.7905152,0.006788052,0.4,0.0,0.3920176,0.051797412,0.2805083,0.010237786,0.4,0.0,0.37000838,0.024283381
375316653866487564,6095944012038624256,0.5894438,2132.9238550324385,4.120318972896998,1.230361E-5,17.827845,0.0075492985,0.27847296,0.00715023,0.07759328,0.0058689355,0.42961535,0.055704076,0.7751182,0.002621474,0.0719603,0.0029680692,0.40353,0.0136104915,null,null,null,null,"TWOGAUSSIANS",8,6.7679534,0.27847296,0.00715023,0.4,0.0,0.42672506,0.056315426,0.7751182,0.002621474,0.4,0.0030893863,0.4006397,0.013444375
375316653866487564,6095944733593214208,0.4870156,2189.7187442188024,3.9211974026193412,1.5244478E-5,18.127222,0.011933158,0.17212695,0.006138528,0.0811955,0.01301836,0.13510264,0.0141634885,0.69521457,0.0038151937,0.094958164,0.01653949,0.09047307,0.010472394,null,null,null,null,"TWOGAUSSIANS",8,2.7963665,0.17212695,0.006138528,0.4,0.0,0.13247527,0.014134826,0.69521457,0.0038151937,0.4,0.0,0.08784537,0.009016759
375316653866487564,6095945047128552960,0.65709484,2156.7543812600006,3.0992853596539898,7.1338904E-6,14.197354,0.01462725,0.25626054,0.0028673979,0.05666478,0.0053454675,0.28618,0.03527168,0.75515026,0.0029025043,0.053684086,0.005240358,0.26469982,0.03079705,0.119117215,0.017218186,0.25626054,0.0028673979,"TWOGAUSSIANS_WITH_ELLIPSOIDAL_ON_ECLIPSE1",9,133.16649,0.25626054,0.0028673979,0.31732276,0.029934619,0.52439237,0.01280269,0.7553402,0.0024864331,0.30063087,0.029346004,0.50290257,0.01065441
375316653866487564,6095951536818462336,0.4837564,2142.0924823262953,4.49202825916144,2.6858277E-5,17.81956,0.012698303,0.2563633,0.008903246,0.091404274,0.016617227,0.08513747,0.012645661,0.7520571,0.0209035,0.07488248,0.018192185,0.11351273,0.027670205,null,null,null,null,"TWOGAUSSIANS",8,4.0762877,0.7520571,0.0209035,0.4,0.02849194,0.11157843,0.029348506,0.2563633,0.008903246,0.4,0.0,0.083203115,0.009490033
375316653866487564,6095955385109416448,0.57315475,2118.291431606014,4.015994642859951,1.0160398E-5,19.076466,0.019521456,0.31664073,0.0017758331,0.07258887,0.0037723505,0.3832082,0.018905932,0.81261337,0.012227603,0.08128329,0.015357395,0.41274273,0.06960782,null,null,null,null,"TWOGAUSSIANS",8,1.2553011,0.81261337,0.012227603,0.4,0.0,0.4090197,0.072069086,0.31664073,0.0017758331,0.4,0.0,0.37948516,0.015251354
