Gaia/vari_eclipsing_binary/VariEclipsingBinary_652955-653825.csv
# %ECSV 1.0
# ---
# delimiter: ','
# meta: !!omap
# - RELEASE: Gaia DR3
# - TABLE: vari_eclipsing_binary
# - DESCRIPTION: >
#     This table describes the properties of the eclipsing binaries resulting from the variability analysis. 
# - CITATION: >
#     How to cite and acknowledge Gaia: 
#     https://gea.esac.esa.int/archive/documentation/credits.html 
# - KNOWN_ISSUES: >
#     Known issues: 
#     https://www.cosmos.esa.int/web/gaia-users/known-issues 
# - DOCUMENTATION: >
#     Tutorials and documentation: 
#     https://www.cosmos.esa.int/web/gaia-users/archive 
# datatype:
# - 
#   name: solution_id
#   datatype: int64
#   description: Solution Identifier
#   meta:
#     ucd: meta.version
# - 
#   name: source_id
#   datatype: int64
#   description: Unique source identifier
#   meta:
#     ucd: meta.id;meta.main
# - 
#   name: global_ranking
#   datatype: float32
#   description: Number between 0 (worst) and 1 (best)
#   meta:
#     ucd: stat.param
# - 
#   name: reference_time
#   datatype: float64
#   unit: d
#   description: Reference time used for the geometric model fit
#   meta:
#     ucd: time.epoch
# - 
#   name: frequency
#   datatype: float64
#   unit: d**-1
#   description: Frequency of geometric model of the eclipsing binary light curve
#   meta:
#     ucd: src.orbital
# - 
#   name: frequency_error
#   datatype: float32
#   unit: d**-1
#   description: "Uncertainty of \\texttt{frequency}"
#   meta:
#     ucd: stat.error
# - 
#   name: geom_model_reference_level
#   datatype: float32
#   unit: mag
#   description: Magnitude reference level of geometric model
#   meta:
#     ucd: phot.mag;em.opt
# - 
#   name: geom_model_reference_level_error
#   datatype: float32
#   unit: mag
#   description: "Uncertainty of \\texttt{geomModelReferenceLevel}"
#   meta:
#     ucd: stat.error;phot.mag;em.opt
# - 
#   name: geom_model_gaussian1_phase
#   datatype: float32
#   description: Phase of the Gaussian 1 component
#   meta:
#     ucd: time.phase
# - 
#   name: geom_model_gaussian1_phase_error
#   datatype: float32
#   description: "Uncertainty of \\texttt{geomModelGaussian1Phase}"
#   meta:
#     ucd: stat.error;time.phase
# - 
#   name: geom_model_gaussian1_sigma
#   datatype: float32
#   description: "Standard deviation [phase] of Gaussian 1 component"
#   meta:
#     ucd: stat.stdev
# - 
#   name: geom_model_gaussian1_sigma_error
#   datatype: float32
#   description: "Uncertainty of \\texttt{geomModelGaussian1Sigma}"
#   meta:
#     ucd: stat.error
# - 
#   name: geom_model_gaussian1_depth
#   datatype: float32
#   unit: mag
#   description: Magnitude depth of Gaussian 1 component
#   meta:
#     ucd: src.var.amplitude
# - 
#   name: geom_model_gaussian1_depth_error
#   datatype: float32
#   unit: mag
#   description: "Uncertainty of \\texttt{geomModelGaussian1Depth}"
#   meta:
#     ucd: stat.error;src.var.amplitude
# - 
#   name: geom_model_gaussian2_phase
#   datatype: float32
#   description: Phase of Gaussian 2 component
#   meta:
#     ucd: time.phase
# - 
#   name: geom_model_gaussian2_phase_error
#   datatype: float32
#   description: "Uncertainty of \\texttt{geomModelGaussian2Phase}"
#   meta:
#     ucd: stat.error;time.phase
# - 
#   name: geom_model_gaussian2_sigma
#   datatype: float32
[...]
#   datatype: float32
#   description: "Secondary eclipse: uncertainty of \\texttt{derivedSecondaryEclDuration}"
#   meta:
#     ucd: stat.error;time.duration
# - 
#   name: derived_secondary_ecl_depth
#   datatype: float32
#   unit: mag
#   description: "Secondary eclipse: depth"
#   meta:
#     ucd: src.var.amplitude
# - 
#   name: derived_secondary_ecl_depth_error
#   datatype: float32
#   unit: mag
#   description: "Secondary eclipse: uncertainty of \\texttt{derivedSecondaryEclDepth}"
#   meta:
#     ucd: stat.error;src.var.amplitude
solution_id,source_id,global_ranking,reference_time,frequency,frequency_error,geom_model_reference_level,geom_model_reference_level_error,geom_model_gaussian1_phase,geom_model_gaussian1_phase_error,geom_model_gaussian1_sigma,geom_model_gaussian1_sigma_error,geom_model_gaussian1_depth,geom_model_gaussian1_depth_error,geom_model_gaussian2_phase,geom_model_gaussian2_phase_error,geom_model_gaussian2_sigma,geom_model_gaussian2_sigma_error,geom_model_gaussian2_depth,geom_model_gaussian2_depth_error,geom_model_cosine_half_period_amplitude,geom_model_cosine_half_period_amplitude_error,geom_model_cosine_half_period_phase,geom_model_cosine_half_period_phase_error,model_type,num_model_parameters,reduced_chi2,derived_primary_ecl_phase,derived_primary_ecl_phase_error,derived_primary_ecl_duration,derived_primary_ecl_duration_error,derived_primary_ecl_depth,derived_primary_ecl_depth_error,derived_secondary_ecl_phase,derived_secondary_ecl_phase_error,derived_secondary_ecl_duration,derived_secondary_ecl_duration_error,derived_secondary_ecl_depth,derived_secondary_ecl_depth_error
[from data line 72]
375316653866487564,5745191388934251008,0.56302524,2386.77424635671,2.890754181012068,1.505798E-5,13.392294,0.059464797,0.26163146,0.003343646,0.10797056,0.012911177,0.38582143,0.058427487,0.7582633,0.0033475375,0.1162664,0.015447366,0.3640792,0.05651033,null,null,null,null,"TWOGAUSSIANS",8,345.07306,0.26164147,0.0033672166,0.4,0.0,0.32569325,0.011388136,0.7582633,0.0033475375,0.4,0.0,0.30389747,0.011732485
375316653866487564,5745220800869576704,0.43577152,2379.7836568047965,3.4461833971999134,1.9764826E-5,16.763885,0.011223971,0.49722064,0.07569764,0.123450525,0.06462926,0.17655082,0.12832798,0.8224548,0.010481536,0.029176146,0.0064877034,0.2742317,0.026267815,null,null,null,null,"TWOGAUSSIANS",8,13.990752,0.8224548,0.010481536,0.16338642,0.03633114,0.27962667,0.021281885,0.49722064,0.07569764,0.4,0.005112495,0.17645404,0.12846795
375316653866487564,5745226053614364928,0.51147616,2405.0625617606047,1.4767230252680357,1.4195859E-5,19.714653,0.0065521747,0.18497853,0.0041713445,0.024639936,0.004746197,0.39701617,0.13281518,0.68790185,0.0019350357,0.01879992,0.0010757929,0.5109477,0.018140096,null,null,null,null,"TWOGAUSSIANS",8,1.7806832,0.68790185,0.0019350357,0.10527955,0.0060244408,0.5109477,0.018140096,0.18497853,0.0041713445,0.13798365,0.026578704,0.39701617,0.13281518
375316653866487564,5745240626439236864,0.64794046,2387.710655192358,1.6596404756385963,3.6335991E-6,13.082243,0.001325073,0.2981414,5.221E-4,0.054211177,4.9838325E-4,0.27624103,0.0031629347,null,null,null,null,null,null,0.05603288,0.001966212,0.2981414,5.221E-4,"ONEGAUSSIAN_WITH_ELLIPSOIDAL",6,35.405174,0.2981414,5.221E-4,0.3035826,0.002790946,0.38830015,0.0041807806,null,null,null,null,null,null
375316653866487564,5745249731769885056,0.4478876,2373.942132935583,0.14394061378750286,9.524956E-5,16.60112,0.09300768,0.16268489,0.031597905,0.093139075,0.048630387,0.055741727,0.060937535,0.60774595,0.029016174,0.16030544,0.08924673,0.10665472,0.095524676,null,null,null,null,"TWOGAUSSIANS",8,8.752886,0.60774595,0.029016174,0.4,0.0,0.0918729,0.022468332,0.16855489,0.022705292,0.4,0.0,0.04358406,0.012152703
375316653866487564,5745288970591086208,0.61068887,2312.3074647642698,3.3523807416812565,4.494973E-6,15.999383,0.011466225,0.22914414,0.011726451,0.05452701,0.008838705,0.11666229,0.03462588,0.70908666,0.0020413906,0.050999455,0.00753111,0.16524245,0.024002038,0.112095594,0.014556797,0.70908666,0.0020413906,"TWOGAUSSIANS_WITH_ELLIPSOIDAL_ON_ECLIPSE2",9,29.520796,0.70908666,0.0020413906,0.28559697,0.042174216,0.38943195,0.010088973,0.22290415,0.007514156,0.30535126,0.049496744,0.3384048,0.020853467
375316653866487564,5745296422359397760,0.46554473,2337.057463149201,1.0863604449207516,1.8407329E-5,17.49124,0.0976551,0.30869126,0.007115794,0.120529965,0.034207955,0.10737283,0.08260871,0.79580116,0.009844295,0.1386179,0.076914534,0.0969379,0.09195,null,null,null,null,"TWOGAUSSIANS",8,3.7356927,0.30902126,0.006234852,0.4,0.0,0.07913645,0.0073104296,0.79580116,0.009844295,0.4,0.0,0.068439126,0.007727514
375316653866487564,5745307353051077376,0.58811426,2370.8769092100933,1.7352005401288244,2.3318562E-5,14.379926,0.0039380635,0.24560106,0.0022166248,0.028036974,0.0018664855,0.40376168,0.017903075,0.7462518,7.755989E-4,0.024994932,0.0010644115,0.41540337,0.032068104,0.01564423,0.007426096,0.24560106,0.0022166248,"TWOGAUSSIANS_WITH_ELLIPSOIDAL_ON_ECLIPSE1",9,244.04063,0.7462518,7.7577215E-4,0.13997163,0.0059607043,0.4466913,0.031799003,0.24560106,0.0022166248,0.15700705,0.010452319,0.43505013,0.017318064
375316653866487564,5745318068993904000,0.56415033,2359.0032419605814,3.857166619124417,8.017192E-6,16.718744,0.014804898,0.2154323,0.0055116992,0.08928703,0.00883325,0.2549724,0.024032399,0.72995067,0.011465703,0.057893366,0.007863984,0.6103637,0.048641942,null,null,null,null,"TWOGAUSSIANS",8,44.403786,0.72995067,0.011465703,0.32420284,0.04403831,0.60883176,0.04801748,0.2154323,0.0055116992,0.4,0.0,0.25344032,0.023982018
375316653866487564,5745384250145625856,0.5787196,2355.568654457337,3.1191895661407574,5.6104404E-6,14.554781,0.013842702,0.30474082,0.0033838232,0.096380696,0.009151964,0.22287901,0.011433685,0.80286247,0.002834179,0.095184244,0.008713937,0.18698129,0.012478998,null,null,null,null,"TWOGAUSSIANS",8,49.665504,0.30474082,0.0033838232,0.4,0.0,0.20968154,0.004526642,0.80286247,0.002834179,0.4,0.0,0.17378408,0.0043553347
375316653866487564,5745462487269795200,0.46002454,2371.2352223287303,0.07713758209120795,1.3503765E-5,16.34857,0.0024469018,0.05406337,0.0036240448,0.006344775,0.0012964001,0.24505398,0.1148745,0.7350077,0.009950793,0.039013993,0.010342582,0.015881857,0.0058822283,0.005645614,0.0035134226,0.7350077,0.009950793,"TWOGAUSSIANS_WITH_ELLIPSOIDAL_ON_ECLIPSE2",9,10.744065,0.054073367,0.0036240448,0.035530742,0.0072598406,0.24704981,0.11498919,0.7350077,0.009950793,0.21847837,0.05791846,0.027173085,0.0036051024
375316653866487564,5745467430776797568,0.46822622,2339.249043426122,2.0732389997355116,3.8086804E-5,18.12194,0.013156865,0.28004095,0.012745465,0.036523577,0.011427176,0.079236224,0.03184785,0.77301335,0.0076896716,0.024283776,0.0070662796,0.76911587,0.44766843,0.024601014,0.020298518,0.77301335,0.0076896716,"TWOGAUSSIANS_WITH_ELLIPSOIDAL_ON_ECLIPSE2",9,40.178688,0.77301335,0.0076896716,0.13598914,0.039571166,0.8183179,0.45624977,0.27961093,0.011826755,0.20453203,0.06399219,0.12834826,0.024983106
375316653866487564,5745488222714091904,0.5757667,2356.186255094694,0.7127458319624642,2.3461223E-6,13.916251,0.0037958026,0.3649908,0.001244824,0.028592853,8.7109813E-4,0.56130767,0.016118076,null,null,null,null,null,null,0.020127214,0.0047897403,0.3649908,0.001244824,"ONEGAUSSIAN_WITH_ELLIPSOIDAL",6,285.47986,0.3649908,0.001244824,0.16011998,0.0048781494,0.6015621,0.016751101,null,null,null,null,null,null
375316653866487564,5745528561046756608,0.4975561,2357.7442237022433,1.9815474917535887,5.393439E-5,18.043259,0.0019639647,0.18376113,0.013401703,0.03129214,0.0064232354,0.20174912,0.06953871,0.5318438,0.0057439483,0.018387234,0.005076918,0.035490844,0.0053893705,null,null,null,null,"TWOGAUSSIANS",8,2.1417809,0.18376113,0.013401703,0.17523599,0.035970118,0.20174912,0.06953871,0.5318438,0.0057439483,0.10296851,0.028430741,0.035490844,0.0053893705
375316653866487564,5745529626198863104,0.47817263,2379.9306899638473,1.4316647877623765,2.2177104E-5,19.052494,0.00615495,0.19330259,0.04989415,0.0468278,0.05507055,0.05817637,9.4781024E7,0.8517563,2.6548753E-4,0.024141632,0.0034209143,1.3169326,0.41893822,null,null,null,null,"TWOGAUSSIANS",8,4.620342,0.8517563,2.6548753E-4,0.13519314,0.019157121,1.3169326,0.41893822,0.19330259,0.04989415,0.26223567,0.3083951,0.05817637,9.4781024E7
375316653866487564,5745543129575918080,0.5658626,2359.1998324045207,3.523452467381854,1.0135109E-5,17.715483,0.0025515454,0.23604643,8.98463E-5,0.016854638,2.2129285E-4,0.73847795,0.013721092,0.67279375,0.016306816,0.012204714,0.020472534,0.13525355,0.28436965,null,null,null,null,"TWOGAUSSIANS",8,5.329625,0.23604643,8.98463E-5,0.09438597,0.0012392399,0.73847795,0.013721092,0.67279375,0.016306816,0.068346396,0.11464619,0.13525355,0.28436965
375316653866487564,5745545191160197248,0.4810906,2335.6114993605847,3.5643346363772315,5.1701445E-5,17.831846,0.1745054,0.2282467,0.00805638,0.1403845,0.045120273,0.23806033,0.16197617,0.7330874,0.0052781403,0.15925927,0.05917146,0.23964198,0.17137925,null,null,null,null,"TWOGAUSSIANS",8,4.425263,0.22770672,0.0076173656,0.4,0.0,0.1263056,0.006847356,0.73335737,0.005081884,0.4,0.0,0.1252461,0.0071895034
375316653866487564,5745579752761173760,0.6491128,2365.4751129746096,4.328060298409323,4.963529E-6,16.482405,0.010893645,0.31813818,0.0011380848,0.049189456,0.0028608704,0.3720461,0.0244132,0.815214,0.0046039573,0.050675545,0.0049881046,0.3538773,0.025883878,0.11205296,0.0140659185,0.31813818,0.0011380848,"TWOGAUSSIANS_WITH_ELLIPSOIDAL_ON_ECLIPSE1",9,19.644758,0.31813818,0.0011380848,0.27546096,0.016020875,0.5961497,0.0074611916,0.81554395,0.004019818,0.28378305,0.027933385,0.5779139,0.009538614
375316653866487564,5745634663918900992,0.554966,2317.245933962687,3.1059062031184874,1.1170527E-5,16.074297,0.011130451,0.28393385,0.0018974282,0.050990906,0.0111001935,0.16807121,0.15347722,0.80161464,0.055339284,0.041349843,0.029589772,0.18950504,0.09749414,0.10332281,0.02369196,0.28393385,0.0018974282,"TWOGAUSSIANS_WITH_ELLIPSOIDAL_ON_ECLIPSE1",9,62.28677,0.80161464,0.05436067,0.23155911,0.16570272,0.39360973,0.09609185,0.28393385,0.0018974282,0.28554907,0.062161084,0.3747157,0.15669827
375316653866487564,5745690975234498048,0.59775245,2318.1434569823473,3.529845691651053,9.0860685E-6,14.769326,0.0041475412,0.30472317,0.0024674817,0.0880807,0.0022264991,0.40202293,0.012817998,0.8062844,0.0021843268,0.094292015,0.002556897,0.36953428,0.009715323,null,null,null,null,"TWOGAUSSIANS",8,96.54757,0.30472317,0.0024674817,0.4,0.0,0.3845041,0.012937395,0.8062844,0.0021843268,0.4,0.0,0.35201496,0.009591979
375316653866487564,5745742828375144448,0.54721415,2384.8901495167925,2.3607510899493156,5.676788E-5,14.526265,0.005315265,0.24603234,0.009911308,0.10592357,0.02068123,0.057296317,0.008234861,0.7088616,0.005943523,0.04975954,0.0066364915,0.22439519,0.009482502,null,null,null,null,"TWOGAUSSIANS",8,108.95762,0.7088616,0.005943523,0.27865344,0.037164353,0.2239859,0.009312424,0.24603234,0.009911308,0.4,0.0,0.056882787,0.008557669
375316653866487564,5745778661286589952,0.60538536,2361.626068038178,1.743314894358957,7.5745397E-6,16.808352,0.004631479,0.27271456,0.0016850493,0.08543554,0.0034816065,0.27199942,0.011192526,0.76924163,0.0019626769,0.093948215,0.0038353177,0.26372847,0.008115641,null,null,null,null,"TWOGAUSSIANS",8,3.279457,0.27271456,0.0016850493,0.4,0.0,0.26159045,0.012428634,0.76924163,0.0019626769,0.4,0.0,0.25331914,0.009157328
375316653866487564,5745796154689410304,0.44646457,2369.577241541548,0.9598675345436732,9.5943615E-6,13.590927,0.004123472,0.334402,0.0057111206,0.09300735,0.015046805,0.058163647,0.009068849,0.8218289,0.010173279,0.0713397,0.015716476,0.043489188,0.0068267956,null,null,null,null,"TWOGAUSSIANS",8,30.445631,0.334402,0.0057111206,0.4,0.0,0.057378687,0.009660415,0.8218289,0.010173279,0.39950228,0.0643123,0.042704303,0.0067751035
375316653866487564,5745857486821527040,0.45426157,2380.4827324615285,2.066548158473492,1.768186E-5,16.572805,0.019428382,0.21965061,0.0044893664,0.005603574,0.0028381005,0.17139244,0.035035193,0.6284988,0.014141987,0.050267864,0.0081381025,0.3275951,0.038548898,0.06353358,0.029612375,0.21965061,0.0044893664,"TWOGAUSSIANS_WITH_ELLIPSOIDAL_ON_ECLIPSE1",9,3.6990213,0.6339488,0.011235577,0.28150004,0.045573372,0.41932377,0.052535918,0.21965061,0.0044893664,0.031380016,0.015893362,0.29845908,0.05946057
375316653866487564,5745867653009741568,0.5517151,2314.7802507591514,0.44264868441774696,4.441156E-5,15.481703,0.0010856128,0.4447109,0.0041995347,0.013546352,0.0019367929,0.5966051,0.2165895,null,null,null,null,null,null,null,null,null,null,"ONEGAUSSIAN",5,26.958748,0.4447109,0.0041995347,0.07585958,0.01084604,0.5966051,0.0,null,null,null,null,null,null
375316653866487564,5745891189429781248,0.5327188,2347.599265472129,3.922632595299824,1.8614879E-5,18.009636,0.0492304,0.28919175,0.0050447676,0.06442476,0.014487654,0.26979017,0.09674545,0.75947344,0.012349156,0.050420295,0.019054856,0.1127424,0.098410584,0.07864535,0.05093541,0.28919175,0.0050447676,"TWOGAUSSIANS_WITH_ELLIPSOIDAL_ON_ECLIPSE1",9,17.150915,0.28919175,0.0050447676,0.36077866,0.06716516,0.4269374,0.03332776,0.76594347,0.008602549,0.28235364,0.10670719,0.26563284,0.012061476
375316653866487564,5745892396316431104,0.6248229,2392.9358370426603,2.6712367813989606,6.8913514E-6,15.9536915,0.01791584,0.2733325,0.0017298737,0.059879042,0.005441078,0.22879933,0.043059822,0.77397203,0.0032234404,0.057837907,0.007056756,0.21772389,0.039925016,0.10765608,0.023298904,0.2733325,0.0017298737,"TWOGAUSSIANS_WITH_ELLIPSOIDAL_ON_ECLIPSE1",9,25.762003,0.2733325,0.0017298737,0.33532265,0.030470038,0.44405568,0.016098127,0.77397203,0.0029120788,0.32389227,0.039517835,0.43297675,0.0126494905
375316653866487564,5745920605661635712,0.51683426,2384.688262347282,0.17657872719595774,3.087673E-5,14.783514,0.0066881855,0.25846326,2.8268394E-5,0.0036713628,1.0747547E-4,1.3301277,0.08193008,0.72856236,0.031964615,0.11383752,0.016093567,0.07332546,0.020955015,null,null,null,null,"TWOGAUSSIANS",8,361.37033,0.25846326,2.8268394E-5,0.020559631,6.018626E-4,1.3301342,0.081919834,0.72856236,0.031964615,0.4,0.0,0.07331598,0.020952981
375316653866487564,5745950322539859072,0.5176482,2341.8174412819953,3.481050520038302,2.184032E-5,19.36166,0.009055253,0.27620384,0.0026946939,0.031093258,0.004924566,0.46535167,0.48025104,0.77469754,0.010280103,0.028905908,0.012809697,0.16472924,0.3242533,0.061880168,0.016924482,0.27620384,0.0026946939,"TWOGAUSSIANS_WITH_ELLIPSOIDAL_ON_ECLIPSE1",9,2.4533901,0.27620384,0.0026946939,0.17412224,0.02757757,0.58911186,0.4804321,0.7747676,0.009914922,0.16187309,0.0717343,0.28847885,0.3260006
375316653866487564,5745972931247691136,0.50555885,2375.746272396486,0.24993421278287475,4.9781524E-6,19.77051,0.009561206,0.22571504,0.0486386,0.112692565,0.039124668,0.077312075,0.02653694,0.4847148,2.663216E-4,0.0124907205,5.6371186E-4,0.93714124,0.042300817,null,null,null,null,"TWOGAUSSIANS",8,2.4407125,0.4847148,2.663216E-4,0.06994803,0.0031567863,0.94264424,0.05205334,0.22571504,0.0486386,0.4,0.0,0.077303864,0.026569817
375316653866487564,5745985644351136640,0.54544884,2346.89057890938,2.0728727397057227,4.5632656E-5,19.870413,0.0063739587,0.2789499,0.003673936,0.026095405,0.0065958416,0.392884,0.031044405,0.7776049,0.007182421,0.034634996,0.012010742,0.43457252,0.062389523,null,null,null,null,"TWOGAUSSIANS",8,1.7248648,0.7776049,0.007182421,0.19395599,0.06726015,0.43457252,0.062389523,0.2789499,0.003673936,0.14613427,0.03693671,0.392884,0.031044405
375316653866487564,5746018359117320960,0.6311555,2365.0493053861355,1.2000036705613766,1.1118767E-5,14.765208,0.003383415,0.2250589,9.313495E-4,0.039940663,0.0018232286,0.4573272,0.013311659,0.7238001,0.0033405628,0.037106957,0.0054769195,0.056175336,0.00736862,0.01903448,0.004537336,0.2250589,9.313495E-4,"TWOGAUSSIANS_WITH_ELLIPSOIDAL_ON_ECLIPSE1",9,23.908901,0.2250589,9.313495E-4,0.2236677,0.01021008,0.49539614,0.016109914,0.7238901,0.0031892508,0.20779896,0.030670749,0.094242066,0.0029490595
375316653866487564,5746023753596085376,0.46898574,2345.1036416838056,0.0465321046536116,4.823578E-5,15.655399,0.0016698303,0.15316495,0.008737777,0.055230577,0.008907255,0.07000498,0.0148110725,0.7575605,0.01123023,0.053872425,0.011466605,0.048167948,0.010235389,null,null,null,null,"TWOGAUSSIANS",8,7.3739204,0.15316495,0.008737777,0.3092912,0.049880624,0.070004955,0.014811123,0.7575605,0.01123023,0.30168557,0.064212985,0.04816792,0.010235478
375316653866487564,5746040177551115648,0.6104622,2342.390412924899,0.9882753729960703,1.4061376E-5,12.894423,0.0046958094,0.24528964,0.0069794892,0.04208659,0.0053831185,0.06641895,0.008890482,0.75056833,0.0011357528,0.041084893,0.0023602487,0.33775774,0.021365404,0.013173948,0.005216393,0.75056833,0.0011357528,"TWOGAUSSIANS_WITH_ELLIPSOIDAL_ON_ECLIPSE2",9,81.49992,0.75056833,0.0011357528,0.2300754,0.013217393,0.3641056,0.023430556,0.24556963,0.006657572,0.23568492,0.030145464,0.09273939,0.0033836095
