Gaia/vari_eclipsing_binary/VariEclipsingBinary_253947-254266.csv
# %ECSV 1.0
# ---
# delimiter: ','
# meta: !!omap
# - RELEASE: Gaia DR3
# - TABLE: vari_eclipsing_binary
# - DESCRIPTION: >
#     This table describes the properties of the eclipsing binaries resulting from the variability analysis. 
# - CITATION: >
#     How to cite and acknowledge Gaia: 
#     https://gea.esac.esa.int/archive/documentation/credits.html 
# - KNOWN_ISSUES: >
#     Known issues: 
#     https://www.cosmos.esa.int/web/gaia-users/known-issues 
# - DOCUMENTATION: >
#     Tutorials and documentation: 
#     https://www.cosmos.esa.int/web/gaia-users/archive 
# datatype:
# - 
#   name: solution_id
#   datatype: int64
#   description: Solution Identifier
#   meta:
#     ucd: meta.version
# - 
#   name: source_id
#   datatype: int64
#   description: Unique source identifier
#   meta:
#     ucd: meta.id;meta.main
# - 
#   name: global_ranking
#   datatype: float32
#   description: Number between 0 (worst) and 1 (best)
#   meta:
#     ucd: stat.param
# - 
#   name: reference_time
#   datatype: float64
#   unit: d
#   description: Reference time used for the geometric model fit
#   meta:
#     ucd: time.epoch
# - 
#   name: frequency
#   datatype: float64
#   unit: d**-1
#   description: Frequency of geometric model of the eclipsing binary light curve
#   meta:
#     ucd: src.orbital
# - 
#   name: frequency_error
#   datatype: float32
#   unit: d**-1
#   description: "Uncertainty of \\texttt{frequency}"
#   meta:
#     ucd: stat.error
# - 
#   name: geom_model_reference_level
#   datatype: float32
#   unit: mag
#   description: Magnitude reference level of geometric model
#   meta:
#     ucd: phot.mag;em.opt
# - 
#   name: geom_model_reference_level_error
#   datatype: float32
#   unit: mag
#   description: "Uncertainty of \\texttt{geomModelReferenceLevel}"
#   meta:
#     ucd: stat.error;phot.mag;em.opt
# - 
#   name: geom_model_gaussian1_phase
#   datatype: float32
#   description: Phase of the Gaussian 1 component
#   meta:
#     ucd: time.phase
# - 
#   name: geom_model_gaussian1_phase_error
#   datatype: float32
#   description: "Uncertainty of \\texttt{geomModelGaussian1Phase}"
#   meta:
#     ucd: stat.error;time.phase
# - 
#   name: geom_model_gaussian1_sigma
#   datatype: float32
#   description: "Standard deviation [phase] of Gaussian 1 component"
#   meta:
#     ucd: stat.stdev
# - 
#   name: geom_model_gaussian1_sigma_error
#   datatype: float32
#   description: "Uncertainty of \\texttt{geomModelGaussian1Sigma}"
#   meta:
#     ucd: stat.error
# - 
#   name: geom_model_gaussian1_depth
#   datatype: float32
#   unit: mag
#   description: Magnitude depth of Gaussian 1 component
#   meta:
#     ucd: src.var.amplitude
# - 
#   name: geom_model_gaussian1_depth_error
#   datatype: float32
#   unit: mag
#   description: "Uncertainty of \\texttt{geomModelGaussian1Depth}"
#   meta:
#     ucd: stat.error;src.var.amplitude
# - 
#   name: geom_model_gaussian2_phase
#   datatype: float32
#   description: Phase of Gaussian 2 component
#   meta:
#     ucd: time.phase
# - 
#   name: geom_model_gaussian2_phase_error
#   datatype: float32
#   description: "Uncertainty of \\texttt{geomModelGaussian2Phase}"
#   meta:
#     ucd: stat.error;time.phase
# - 
#   name: geom_model_gaussian2_sigma
#   datatype: float32
[...]
#   datatype: float32
#   description: "Secondary eclipse: uncertainty of \\texttt{derivedSecondaryEclDuration}"
#   meta:
#     ucd: stat.error;time.duration
# - 
#   name: derived_secondary_ecl_depth
#   datatype: float32
#   unit: mag
#   description: "Secondary eclipse: depth"
#   meta:
#     ucd: src.var.amplitude
# - 
#   name: derived_secondary_ecl_depth_error
#   datatype: float32
#   unit: mag
#   description: "Secondary eclipse: uncertainty of \\texttt{derivedSecondaryEclDepth}"
#   meta:
#     ucd: stat.error;src.var.amplitude
solution_id,source_id,global_ranking,reference_time,frequency,frequency_error,geom_model_reference_level,geom_model_reference_level_error,geom_model_gaussian1_phase,geom_model_gaussian1_phase_error,geom_model_gaussian1_sigma,geom_model_gaussian1_sigma_error,geom_model_gaussian1_depth,geom_model_gaussian1_depth_error,geom_model_gaussian2_phase,geom_model_gaussian2_phase_error,geom_model_gaussian2_sigma,geom_model_gaussian2_sigma_error,geom_model_gaussian2_depth,geom_model_gaussian2_depth_error,geom_model_cosine_half_period_amplitude,geom_model_cosine_half_period_amplitude_error,geom_model_cosine_half_period_phase,geom_model_cosine_half_period_phase_error,model_type,num_model_parameters,reduced_chi2,derived_primary_ecl_phase,derived_primary_ecl_phase_error,derived_primary_ecl_duration,derived_primary_ecl_duration_error,derived_primary_ecl_depth,derived_primary_ecl_depth_error,derived_secondary_ecl_phase,derived_secondary_ecl_phase_error,derived_secondary_ecl_duration,derived_secondary_ecl_duration_error,derived_secondary_ecl_depth,derived_secondary_ecl_depth_error
[from data line 110]
375316653866487564,2234153480992963584,0.53339434,2191.6634370893617,4.219347557713897,1.8747369E-5,17.77601,0.042307734,0.21489437,0.00386261,0.09616601,0.020736624,0.33961046,0.025965568,0.6929408,0.004023848,0.096090585,0.012617307,0.31566978,0.039530385,null,null,null,null,"TWOGAUSSIANS",8,9.46199,0.21489437,0.0038660825,0.4,0.0,0.32318252,0.0395817,0.6929408,0.004023848,0.4,0.0,0.299242,0.017199982
375316653866487564,2234159042971669120,0.57800376,2190.8796219501055,2.508914040733309,7.206188E-6,16.181267,0.006942442,0.2070074,0.004032593,0.06572477,0.004880221,0.32431233,0.020470547,0.6922849,0.0037886803,0.084712416,0.0067643966,0.5738045,0.05455169,null,null,null,null,"TWOGAUSSIANS",8,54.343292,0.6922849,0.0037886803,0.4,0.0,0.5712607,0.056068867,0.2070074,0.004032593,0.3680587,0.027329238,0.3217686,0.020777678
375316653866487564,2234159146051015296,0.46368116,2197.5002926180205,3.639507629427103,2.9618117E-5,18.597,0.14893095,0.20615092,0.0068497523,0.14445157,0.0733452,0.17336479,0.14370257,0.70432794,0.011756962,0.12368779,0.047349676,0.18700488,0.13688338,null,null,null,null,"TWOGAUSSIANS",8,2.6125953,0.70432794,0.011859818,0.4,0.0,0.12590575,0.013075126,0.20617092,0.0068958397,0.4,0.0,0.11150324,0.013453598
375316653866487564,2234159665745675264,0.572443,2190.9734418049757,3.6982545689850137,1.2833591E-5,16.736559,0.018278502,0.18490177,0.003257147,0.048336513,0.012622381,0.11083903,0.046547323,0.6913437,0.01957876,0.05315634,0.022073217,0.13762757,0.049426835,0.12031659,0.029629955,0.18490177,0.003257147,"TWOGAUSSIANS_WITH_ELLIPSOIDAL_ON_ECLIPSE1",9,23.555439,0.6913437,0.01908013,0.2976755,0.12361001,0.37786332,0.022817554,0.18490177,0.003257147,0.27068448,0.070685335,0.3514688,0.018634014
375316653866487564,2234160937056000128,0.66679287,2210.960394470563,2.8814900416472016,5.3497147E-6,16.762148,0.0029078878,0.2535259,0.0019573104,0.08127472,0.002382612,0.3029888,0.004073749,0.7568212,8.4497756E-4,0.087259084,0.001312958,0.2780657,0.0032693227,null,null,null,null,"TWOGAUSSIANS",8,1.9558918,0.2535259,0.0019573104,0.4,0.0,0.2962871,0.0039219125,0.7568212,8.4497756E-4,0.4,0.0,0.27136397,0.0027845325
375316653866487564,2234161241994924160,0.5203837,2220.491804577164,3.7521523021579757,2.2130213E-5,18.928104,0.016964847,0.2993559,0.0060021807,0.08623354,0.012306929,0.24703176,0.013274798,0.7966354,0.006964281,0.08560466,0.0077402755,0.24436176,0.021831686,null,null,null,null,"TWOGAUSSIANS",8,2.4345834,0.2993559,0.0060021807,0.4,0.0,0.24022557,0.01079065,0.7966354,0.006964281,0.4,0.0,0.23755558,0.018733492
375316653866487564,2234178563602020992,0.5425874,2170.6218781445796,4.157992113058673,6.2652093E-6,16.66221,0.028959878,0.23424989,0.00520343,0.06659318,0.008174027,0.30112845,0.050348695,0.76034266,0.0020697217,0.052383702,0.00748792,0.36825085,0.07344584,0.06089169,0.031080885,0.76034266,0.0020697217,"TWOGAUSSIANS_WITH_ELLIPSOIDAL_ON_ECLIPSE2",9,26.829847,0.76034266,0.0020697217,0.29334873,0.041932352,0.48997468,0.06364764,0.23744988,0.003879806,0.3729218,0.045774553,0.4200025,0.021945754
375316653866487564,2234187256616246912,0.6590811,2214.772490761652,0.11399275805035047,9.055686E-5,17.303024,0.0011960891,0.18701065,8.917609E-7,0.0034640927,8.303067E-6,0.74987656,0.0019076259,0.750112,0.034843102,0.049467,0.014775802,0.072261594,0.07782989,0.0015646145,0.0013409253,0.18701065,8.917609E-7,"TWOGAUSSIANS_WITH_ELLIPSOIDAL_ON_ECLIPSE1",9,1.9137521,0.18701065,8.917609E-7,0.019398918,4.6497178E-5,0.7530058,0.001390109,0.750112,0.034843102,0.2770152,0.082744494,0.07492414,0.07735775
375316653866487564,2234189966737949056,0.44620574,2197.8662081108855,2.675096133898008,4.5120007E-5,17.98067,0.003439632,0.30061528,8.87864E-5,0.0054650554,3.1525866E-4,0.21125695,0.026502775,0.77099484,0.010271824,0.013725139,0.01113319,0.13314809,0.11568531,null,null,null,null,"TWOGAUSSIANS",8,4.0566754,0.30061528,8.87864E-5,0.03060431,0.0017654485,0.21125695,0.026502775,0.77099484,0.010271824,0.07686078,0.062345866,0.13314809,0.11568531
375316653866487564,2234196804324545024,0.6098999,2234.2301746156177,3.72589692874164,1.0145315E-5,18.295427,0.015781699,0.2268653,0.0015217172,0.05058643,0.0041687,0.4100719,0.033678297,0.7282081,0.0025326042,0.06119608,0.0029473263,0.48421103,0.038088754,0.0773787,0.021064764,0.2268653,0.0015217172,"TWOGAUSSIANS_WITH_ELLIPSOIDAL_ON_ECLIPSE1",9,4.7457585,0.7282081,0.0025326042,0.34269807,0.016505027,0.6388519,0.013895322,0.2268653,0.0015217172,0.283284,0.02334472,0.5647238,0.012595149
375316653866487564,2234199523042854400,0.57887036,2202.9811237020563,2.867266605800685,9.163389E-6,17.339655,0.007278378,0.26469457,0.005191903,0.07703264,0.0038666418,0.48036033,0.035042863,0.7600621,0.0018039041,0.0728836,0.002344737,0.46990135,0.008824148,null,null,null,null,"TWOGAUSSIANS",8,13.930492,0.26469457,0.005191903,0.4,0.0,0.47706887,0.035650875,0.7600621,0.0018039041,0.4,0.0,0.46660993,0.008499344
375316653866487564,2234201034871352192,0.50427634,2226.70101245874,1.433612459306333,2.7114675E-5,15.032168,0.0039886977,0.18932901,0.007604229,0.06971543,0.015779244,0.051530547,0.012590085,0.6850926,0.008328791,0.08612694,0.00911665,0.07313044,0.005059911,null,null,null,null,"TWOGAUSSIANS",8,11.795505,0.6850926,0.008328791,0.4,0.0,0.07246766,0.0042167525,0.18932901,0.007604229,0.3904064,0.04896948,0.050867774,0.013403091
375316653866487564,2234207730720857984,0.4758948,2200.23014849988,3.868446699079816,4.8696715E-5,19.526888,0.12324386,0.2783541,0.0107855685,0.09238331,0.024580903,0.2906187,0.11893146,0.7620921,0.008246572,0.106454425,0.055836104,0.29226214,0.09171922,null,null,null,null,"TWOGAUSSIANS",8,2.5041354,0.7620921,0.008246572,0.4,0.0,0.27228355,0.031783234,0.27836412,0.010678714,0.4,0.0,0.2706516,0.033736873
375316653866487564,2234220860439720192,0.52454805,2255.4011329775426,2.2769661192897996,2.0048567E-4,17.708988,0.0057658744,0.7574385,0.030436333,0.028052563,0.022954123,1.2362809,14.989214,null,null,null,null,null,null,0.0100021,0.006558755,0.7574385,0.030436333,"ONEGAUSSIAN_WITH_ELLIPSOIDAL",6,39.607346,0.7574385,0.030436333,0.15709436,0.1285431,1.2562851,14.994924,null,null,null,null,null,null
375316653866487564,2234227040896205824,0.5727048,2260.96019900321,4.1625980666050415,7.6516E-5,18.188284,0.006442589,0.23447178,0.06352445,0.1138157,0.10091295,0.019052492,0.008578856,0.54299396,2.5625917E-5,0.009393032,1.0585602E-4,1.4365973,0.042342335,null,null,null,null,"TWOGAUSSIANS",8,1.7613069,0.54299396,2.5625917E-5,0.052600976,5.9279375E-4,1.4370784,0.042299755,0.23447178,0.06352445,0.4,0.06985069,0.019050036,0.0085923765
375316653866487564,2234233603604034560,0.5982558,2252.1025067155433,0.7262101232923595,1.3920788E-5,16.237795,0.0012066045,0.3040245,0.0011984216,0.018981447,0.0013381538,0.29173183,0.02626288,null,null,null,null,null,null,0.0065092132,0.0017809866,0.3040245,0.0011984216,"ONEGAUSSIAN_WITH_ELLIPSOIDAL",6,5.329261,0.3040245,0.0011984216,0.10629611,0.0074936617,0.30475026,0.026268186,null,null,null,null,null,null
375316653866487564,2234235871346803968,0.55557376,2273.2520380949845,2.5879977488719743,1.0657719E-5,18.943922,0.016442837,0.22019532,0.004513673,0.05012742,0.007557234,0.7801787,0.13361792,0.721229,0.003266013,0.04384596,0.004057599,0.5078086,0.045865085,0.077426165,0.026533043,0.22019532,0.004513673,"TWOGAUSSIANS_WITH_ELLIPSOIDAL_ON_ECLIPSE1",9,8.044301,0.22019532,0.004513673,0.28071356,0.04232051,0.93502766,0.14687042,0.721229,0.0032485244,0.24553737,0.022722555,0.66265106,0.03231932
375316653866487564,2234237250034961920,0.5077853,2220.589276533112,2.839220608162643,1.7001648E-5,17.2285,0.00462129,0.21833703,0.003229761,0.019328922,0.0043365154,0.06959758,0.014247805,0.7722945,0.0058181877,0.010824838,0.02851743,0.056298945,0.012001087,0.089071535,0.00546433,0.7722945,0.0058181877,"TWOGAUSSIANS_WITH_ELLIPSOIDAL_ON_ECLIPSE2",9,19.031652,0.7722945,0.0058181877,0.060619093,0.1596976,0.23444165,0.011169198,0.22195703,0.0042441213,0.10824197,0.024284488,0.22929649,0.012289208
375316653866487564,2234253154295650304,0.44081604,2180.519578125942,2.8884721296866562,1.8935387E-5,18.250357,0.05695816,0.423819,0.013315883,0.21278094,0.0588783,0.1932734,0.048655067,0.84195036,0.011375003,0.017630966,0.013282574,0.4302548,0.4448061,null,null,null,null,"TWOGAUSSIANS",8,12.043567,0.84195036,0.011375003,0.09873342,0.07438241,0.43842986,0.44464588,0.423819,0.013315883,0.4,0.0,0.16882724,0.01901353
375316653866487564,2234255731276339584,0.5189806,2165.2404522270776,3.5890837869112437,2.5731159E-5,19.418541,0.0062053395,0.22544885,0.004296772,0.055009417,0.0067578936,0.24808793,0.018736608,0.7322477,0.004016724,0.074023634,0.0040151183,0.27341747,0.026124714,null,null,null,null,"TWOGAUSSIANS",8,1.1592267,0.7322477,0.004016724,0.4,7.9642754E-4,0.27318564,0.026163151,0.22544885,0.004296772,0.30805272,0.037844203,0.24785608,0.018940553
375316653866487564,2234255903075147776,0.48123437,2200.5782974147314,1.9249822684069353,9.001303E-6,18.808905,0.0038331472,0.13397522,5.3851894E-4,0.008073476,4.3821306E-4,0.855799,0.18539733,0.728085,0.0070030913,0.02360381,0.004933215,0.10075892,0.04521701,null,null,null,null,"TWOGAUSSIANS",8,2.3657372,0.13397522,5.3851894E-4,0.045211464,0.002453993,0.855799,0.18539733,0.728085,0.0070030913,0.13218133,0.027626006,0.10075892,0.04521701
375316653866487564,2234258686213929344,0.62208027,2219.1238241119104,3.3880388753116137,4.789691E-6,17.350973,0.010905649,0.2506676,0.0015116896,0.04516206,0.009980472,0.15844327,0.026790077,0.7471359,0.0039185076,0.043551285,0.0068465383,0.22505224,0.023166282,0.12537566,0.015733464,0.2506676,0.0015116896,"TWOGAUSSIANS_WITH_ELLIPSOIDAL_ON_ECLIPSE1",9,4.453751,0.7476359,0.0032832231,0.2438872,0.038340613,0.4756974,0.016674414,0.2506676,0.0015116896,0.2529075,0.055890642,0.40919426,0.030580424
375316653866487564,2234262744958041344,0.5121464,2176.4272272539984,3.9581189559751264,1.6721624E-5,19.348608,0.036725968,0.24744233,0.003737586,0.0888497,0.008736855,0.41578683,0.03534986,0.7493923,0.0070539573,0.100937694,0.017675681,0.33492532,0.039315395,null,null,null,null,"TWOGAUSSIANS",8,2.635656,0.24744233,0.003737586,0.4,0.0,0.39345083,0.023018256,0.7493923,0.0070539573,0.4,0.0,0.31258628,0.04241218
375316653866487564,2234266176636624640,0.6121613,2190.3937940674937,1.3791451216128963,4.9066107E-6,18.399046,0.0054382645,0.19248134,0.001071694,0.039756652,0.0018686706,0.5414171,0.035095677,0.69101685,0.0018768389,0.041158713,0.001707933,0.60344696,0.01642594,0.078233756,0.009710864,0.19248134,0.001071694,"TWOGAUSSIANS_WITH_ELLIPSOIDAL_ON_ECLIPSE1",9,2.791877,0.6910668,0.0018176176,0.23048879,0.009564425,0.7599017,0.012637693,0.19248134,0.001071694,0.22263725,0.010464556,0.6978846,0.035892118
375316653866487564,2234269857427123200,0.50593984,2213.736638747009,0.32888249319455126,6.1009763E-5,17.460457,0.0015400021,0.17031129,0.008722009,0.025761127,0.013811798,0.35802388,3236.4636,0.5471343,0.009528452,0.02069796,0.008934658,0.23788805,1.9778674,null,null,null,null,"TWOGAUSSIANS",8,2.4502273,0.17031129,0.008722009,0.14426231,0.07734607,0.35802388,3236.4636,0.5471343,0.009528452,0.115908585,0.050034083,0.23788805,1.9778674
375316653866487564,2234270269743995008,0.613149,2214.3346912011357,3.7625460592500937,5.8249466E-6,16.037596,0.016332798,0.1745649,0.0017565509,0.04125174,0.003637747,0.3298586,0.04376632,0.67893934,0.0022404657,0.04841768,0.006717206,0.37953442,0.032279205,0.14339095,0.02043232,0.67893934,0.0022404657,"TWOGAUSSIANS_WITH_ELLIPSOIDAL_ON_ECLIPSE2",9,56.76949,0.67893934,0.0022404657,0.271139,0.037616353,0.66631573,0.029383471,0.1750249,0.0015952629,0.23100975,0.020371383,0.6164459,0.02692429
375316653866487564,2234278069403974912,0.46415064,2303.3538808595185,0.005389434292124018,2.0596755E-5,15.274951,0.0020614332,0.3471002,0.013401853,0.06575132,0.012669725,0.08765128,0.0140922945,0.85642016,0.0044523706,0.05925551,0.0064893677,0.07677398,0.020703472,null,null,null,null,"TWOGAUSSIANS",8,5.870162,0.3471002,0.013401853,0.36820742,0.07095046,0.087610416,0.014134205,0.85642016,0.0044523706,0.33183086,0.036340456,0.07673311,0.020728696
375316653866487564,2234278344278415616,0.49122995,2210.266336433689,0.48658233566309206,8.972388E-5,19.48388,0.0056672427,0.31285572,0.012745772,0.034556806,0.014241281,0.43657392,0.3436123,0.6288517,2.0061714E-5,0.010844274,5.2184914E-4,0.12717158,0.0056438274,null,null,null,null,"TWOGAUSSIANS",8,1.6046118,0.31285572,0.012745772,0.19351812,0.07975117,0.43657392,0.3436123,0.6288517,2.0061714E-5,0.060727935,0.0029223552,0.12717158,0.0056438274
375316653866487564,2234284902693636480,0.5053296,2203.3417160412523,4.128994772538726,2.6382766E-5,17.15767,0.0021259761,0.24125656,0.02822977,0.018324666,0.0080939215,1.5804566,11.103668,0.76286817,0.005586706,0.029264791,0.0062293485,0.032451943,0.011543238,null,null,null,null,"TWOGAUSSIANS",8,5.1104703,0.24125656,0.02822977,0.10261813,0.04532596,1.5804566,11.103668,0.76286817,0.005586706,0.16388282,0.034884352,0.032451943,0.011543238
375316653866487564,2234285486809343616,0.4532997,2190.0095269635112,0.3862729983922853,1.108311E-4,18.93585,0.004991356,0.12897316,0.025542453,0.040527042,0.017130453,0.06548738,0.07844306,0.60941875,0.034210246,0.024318049,0.0077730664,0.3831719,0.3825759,null,null,null,null,"TWOGAUSSIANS",8,4.292146,0.60941875,0.034210246,0.13618107,0.04352917,0.3831719,0.3825759,0.12897316,0.025542453,0.22695144,0.09593053,0.06548738,0.07844306
375316653866487564,2234288063789730432,0.53105295,2181.258958305355,3.975030577061579,1.56551E-5,19.507303,0.028183179,0.30935463,0.009601762,0.09498421,0.012081989,0.3195411,0.030380562,0.8136902,0.004356024,0.08657084,0.010886166,0.37300843,0.022899397,null,null,null,null,"TWOGAUSSIANS",8,2.0480154,0.8136902,0.004356024,0.4,0.0,0.35852095,0.01683578,0.30935463,0.009601762,0.4,0.0,0.30505306,0.020003604
375316653866487564,2234292741009023616,0.56377596,2216.064227232384,3.3553261049316707,1.1305411E-5,18.121134,0.010838543,0.28229025,0.0027024623,0.07566137,0.0040435516,0.48838228,0.018989941,0.7928848,0.0036459048,0.08050614,0.0046077184,0.59072727,0.048354603,null,null,null,null,"TWOGAUSSIANS",8,11.568289,0.7928848,0.0036459048,0.4,0.0,0.58558816,0.04926061,0.28229025,0.0027024623,0.4,0.0,0.4832432,0.019125408
375316653866487564,2234296859881487616,0.53652865,2230.783143370641,2.6409559240722276,4.693072E-5,18.972996,0.0043809656,0.4203928,0.0053638653,0.01708426,0.0046126777,0.038544722,0.021795794,0.7681345,0.023206744,0.019763846,0.013651774,0.4301083,6.7825055,null,null,null,null,"TWOGAUSSIANS",8,2.138983,0.7681345,0.023206744,0.11067753,0.07644993,0.4301083,6.7825055,0.4203928,0.0053638653,0.095671855,0.025830995,0.038544722,0.021795794
375316653866487564,2234298272930458880,0.55130625,2222.235567957878,2.712568831744425,1.3497085E-5,15.36872,0.0032456045,0.2835094,0.003248186,0.054551367,0.0075725582,0.041049153,0.009837437,0.7721378,0.0061353967,0.04261221,0.0071349847,0.052031036,0.009069536,0.0572082,0.0050586876,0.2835094,0.003248186,"TWOGAUSSIANS_WITH_ELLIPSOIDAL_ON_ECLIPSE1",9,29.236818,0.77486783,0.0044700666,0.23862837,0.039955914,0.16600265,0.005805174,0.2835094,0.003248186,0.30548763,0.042406324,0.15546441,0.0045937486
375316653866487564,2234302980214988928,0.4893195,2211.5389657236187,0.39486280900241194,2.873306E-5,18.037252,0.002917296,0.39245418,0.014236988,0.054838385,0.024031237,0.06333027,0.020591179,0.6413893,0.005432063,0.0065811123,0.021729613,0.17916459,0.16167817,0.02797631,0.0059763608,0.6413893,0.005432063,"TWOGAUSSIANS_WITH_ELLIPSOIDAL_ON_ECLIPSE2",9,2.4244766,0.6413893,0.005432063,0.03685423,0.12168583,0.23511878,0.16763617,0.39273417,0.016073717,0.30709496,0.13457492,0.06333289,0.020800838
