Gaia/vari_eclipsing_binary/VariEclipsingBinary_661264-661367.csv
# %ECSV 1.0
# ---
# delimiter: ','
# meta: !!omap
# - RELEASE: Gaia DR3
# - TABLE: vari_eclipsing_binary
# - DESCRIPTION: >
#     This table describes the properties of the eclipsing binaries resulting from the variability analysis. 
# - CITATION: >
#     How to cite and acknowledge Gaia: 
#     https://gea.esac.esa.int/archive/documentation/credits.html 
# - KNOWN_ISSUES: >
#     Known issues: 
#     https://www.cosmos.esa.int/web/gaia-users/known-issues 
# - DOCUMENTATION: >
#     Tutorials and documentation: 
#     https://www.cosmos.esa.int/web/gaia-users/archive 
# datatype:
# - 
#   name: solution_id
#   datatype: int64
#   description: Solution Identifier
#   meta:
#     ucd: meta.version
# - 
#   name: source_id
#   datatype: int64
#   description: Unique source identifier
#   meta:
#     ucd: meta.id;meta.main
# - 
#   name: global_ranking
#   datatype: float32
#   description: Number between 0 (worst) and 1 (best)
#   meta:
#     ucd: stat.param
# - 
#   name: reference_time
#   datatype: float64
#   unit: d
#   description: Reference time used for the geometric model fit
#   meta:
#     ucd: time.epoch
# - 
#   name: frequency
#   datatype: float64
#   unit: d**-1
#   description: Frequency of geometric model of the eclipsing binary light curve
#   meta:
#     ucd: src.orbital
# - 
#   name: frequency_error
#   datatype: float32
#   unit: d**-1
#   description: "Uncertainty of \\texttt{frequency}"
#   meta:
#     ucd: stat.error
# - 
#   name: geom_model_reference_level
#   datatype: float32
#   unit: mag
#   description: Magnitude reference level of geometric model
#   meta:
#     ucd: phot.mag;em.opt
# - 
#   name: geom_model_reference_level_error
#   datatype: float32
#   unit: mag
#   description: "Uncertainty of \\texttt{geomModelReferenceLevel}"
#   meta:
#     ucd: stat.error;phot.mag;em.opt
# - 
#   name: geom_model_gaussian1_phase
#   datatype: float32
#   description: Phase of the Gaussian 1 component
#   meta:
#     ucd: time.phase
# - 
#   name: geom_model_gaussian1_phase_error
#   datatype: float32
#   description: "Uncertainty of \\texttt{geomModelGaussian1Phase}"
#   meta:
#     ucd: stat.error;time.phase
# - 
#   name: geom_model_gaussian1_sigma
#   datatype: float32
#   description: "Standard deviation [phase] of Gaussian 1 component"
#   meta:
#     ucd: stat.stdev
# - 
#   name: geom_model_gaussian1_sigma_error
#   datatype: float32
#   description: "Uncertainty of \\texttt{geomModelGaussian1Sigma}"
#   meta:
#     ucd: stat.error
# - 
#   name: geom_model_gaussian1_depth
#   datatype: float32
#   unit: mag
#   description: Magnitude depth of Gaussian 1 component
#   meta:
#     ucd: src.var.amplitude
# - 
#   name: geom_model_gaussian1_depth_error
#   datatype: float32
#   unit: mag
#   description: "Uncertainty of \\texttt{geomModelGaussian1Depth}"
#   meta:
#     ucd: stat.error;src.var.amplitude
# - 
#   name: geom_model_gaussian2_phase
#   datatype: float32
#   description: Phase of Gaussian 2 component
#   meta:
#     ucd: time.phase
# - 
#   name: geom_model_gaussian2_phase_error
#   datatype: float32
#   description: "Uncertainty of \\texttt{geomModelGaussian2Phase}"
#   meta:
#     ucd: stat.error;time.phase
# - 
#   name: geom_model_gaussian2_sigma
#   datatype: float32
[...]
#   datatype: float32
#   description: "Secondary eclipse: uncertainty of \\texttt{derivedSecondaryEclDuration}"
#   meta:
#     ucd: stat.error;time.duration
# - 
#   name: derived_secondary_ecl_depth
#   datatype: float32
#   unit: mag
#   description: "Secondary eclipse: depth"
#   meta:
#     ucd: src.var.amplitude
# - 
#   name: derived_secondary_ecl_depth_error
#   datatype: float32
#   unit: mag
#   description: "Secondary eclipse: uncertainty of \\texttt{derivedSecondaryEclDepth}"
#   meta:
#     ucd: stat.error;src.var.amplitude
solution_id,source_id,global_ranking,reference_time,frequency,frequency_error,geom_model_reference_level,geom_model_reference_level_error,geom_model_gaussian1_phase,geom_model_gaussian1_phase_error,geom_model_gaussian1_sigma,geom_model_gaussian1_sigma_error,geom_model_gaussian1_depth,geom_model_gaussian1_depth_error,geom_model_gaussian2_phase,geom_model_gaussian2_phase_error,geom_model_gaussian2_sigma,geom_model_gaussian2_sigma_error,geom_model_gaussian2_depth,geom_model_gaussian2_depth_error,geom_model_cosine_half_period_amplitude,geom_model_cosine_half_period_amplitude_error,geom_model_cosine_half_period_phase,geom_model_cosine_half_period_phase_error,model_type,num_model_parameters,reduced_chi2,derived_primary_ecl_phase,derived_primary_ecl_phase_error,derived_primary_ecl_duration,derived_primary_ecl_duration_error,derived_primary_ecl_depth,derived_primary_ecl_depth_error,derived_secondary_ecl_phase,derived_secondary_ecl_phase_error,derived_secondary_ecl_duration,derived_secondary_ecl_duration_error,derived_secondary_ecl_depth,derived_secondary_ecl_depth_error
[from data line 36]
375316653866487564,5816632393174230912,0.5273394,2085.1908060495043,3.758757545032683,8.712397E-6,19.508451,0.00778071,0.29728144,0.0014012756,0.03752349,0.0015315531,0.689306,0.034812763,0.8136061,0.024048517,0.028851535,0.010294346,0.31244773,0.15575293,0.035156827,0.009884521,0.29728144,0.0014012756,"TWOGAUSSIANS_WITH_ELLIPSOIDAL_ON_ECLIPSE1",9,3.7379606,0.29728144,0.0014012756,0.21013154,0.008576698,0.75961953,0.032177273,0.8136061,0.023842534,0.1615686,0.05764834,0.38202405,0.15325691
375316653866487564,5816635730374310784,0.56502616,2124.6968985989442,2.9753479426638556,8.490844E-6,16.31014,0.012220535,0.28801718,0.0026585215,0.087390244,0.004771648,0.39054844,0.011840603,0.7904199,0.0020062467,0.08264438,0.003513234,0.3512769,0.014120252,null,null,null,null,"TWOGAUSSIANS",8,43.608875,0.28801718,0.0026585215,0.4,0.0,0.38111988,0.010245022,0.7904199,0.0020062467,0.4,0.0,0.34184843,0.012376854
375316653866487564,5816637860671146240,0.585245,2190.5087843777987,3.6177026985119674,9.022913E-6,19.416117,0.012435043,0.21340585,0.0028016162,0.0409799,0.0073398505,0.31757542,0.033760227,0.70931065,0.0018915238,0.04347668,0.0030469715,0.4153685,0.032595504,0.1557146,0.020088693,0.21340585,0.0028016162,"TWOGAUSSIANS_WITH_ELLIPSOIDAL_ON_ECLIPSE1",9,2.125733,0.7097207,0.001612463,0.2434694,0.01706304,0.7266122,0.018416848,0.21340585,0.0028016162,0.22948743,0.041103162,0.62900454,0.031230919
375316653866487564,5816638921524912384,0.5110402,2190.6120283301507,3.855955342382169,1.1370295E-5,19.54243,0.019411797,0.2749438,0.004468051,0.09564585,0.0077001727,0.38523132,0.024097204,0.7676698,0.0072329254,0.09137916,0.00918458,0.41075876,0.02868896,null,null,null,null,"TWOGAUSSIANS",8,2.9864511,0.7676698,0.0072329254,0.4,0.0,0.39068413,0.029522626,0.2749438,0.004468051,0.4,0.0,0.36515602,0.023373013
375316653866487564,5816640536432791552,0.5456742,2181.0440117456983,2.557760494150808,1.6628472E-5,17.176723,0.011721287,0.25406417,0.0047244844,0.08500072,0.013639712,0.18976037,0.014139052,0.74522257,0.0044232234,0.0965241,0.007258652,0.27830487,0.011713298,null,null,null,null,"TWOGAUSSIANS",8,14.235547,0.74522257,0.0044232234,0.4,0.0,0.26918364,0.0076105674,0.25406417,0.0047244844,0.4,0.0,0.18064006,0.018353267
375316653866487564,5816640536432808320,0.4827809,2164.1487178999428,3.5074421752433933,1.073309E-5,17.812702,0.009670587,0.24638443,0.013161731,0.08279449,0.016716456,0.102454625,0.008952159,0.74553055,0.0039046833,0.082725465,0.008136667,0.12604688,0.010628412,null,null,null,null,"TWOGAUSSIANS",8,4.309239,0.74553055,0.0039046833,0.4,0.0,0.12371351,0.009143105,0.24638443,0.013161731,0.4,0.0,0.10012126,0.0071375533
375316653866487564,5816640609450389888,0.51616365,2166.3353587044103,3.360463333076094,9.743094E-6,17.099957,0.009965496,0.27290693,0.0039845067,0.08833706,0.008038319,0.14271614,0.009613528,0.7675117,0.00332275,0.08673948,0.0068884646,0.18825896,0.010004599,null,null,null,null,"TWOGAUSSIANS",8,11.7278805,0.7675117,0.00332275,0.4,0.0,0.18318997,0.008458001,0.27290693,0.0039845067,0.4,0.0,0.13764714,0.007919614
375316653866487564,5816642941614534912,0.48125893,2150.126765498967,3.366328915018569,2.9660718E-5,18.117981,0.01706897,0.24483392,0.006015386,0.10285432,0.013456503,0.1543037,0.016043998,0.7406586,0.007497058,0.09682759,0.013975607,0.20957455,0.01609491,null,null,null,null,"TWOGAUSSIANS",8,5.7509394,0.7406586,0.007497058,0.4,0.0,0.19485345,0.015199029,0.24483392,0.0060149445,0.4,0.0,0.13958098,0.006081291
375316653866487564,5816646862929942016,0.64293283,2187.943715130878,0.9094535269154997,4.5926763E-6,17.15718,0.0024539921,0.120044515,5.307475E-4,0.030979596,4.7255494E-4,0.69326764,0.0059145573,0.6172635,0.0077402545,0.0495599,0.006913586,0.07129226,0.0042793066,null,null,null,null,"TWOGAUSSIANS",8,5.670182,0.120044515,5.307475E-4,0.17348574,0.0026463077,0.69326764,0.005914557,0.6172635,0.0077402545,0.27753544,0.03871608,0.07129226,0.004279304
375316653866487564,5816649096313136512,0.5245218,2182.612757641239,1.020777382179579,1.4304008E-5,12.753489,7.6682545E-4,0.75948596,0.003992259,0.022573762,0.0059836633,0.029800745,0.006775533,null,null,null,null,null,null,0.017371291,9.775244E-4,0.75948596,0.003992259,"ONEGAUSSIAN_WITH_ELLIPSOIDAL",6,37.67377,0.75948596,0.003992259,0.12641306,0.033508513,0.06454332,0.006777223,null,null,null,null,null,null
375316653866487564,5816649268111837440,0.56920767,2190.1724524534043,1.917886311436705,6.517751E-6,16.862728,0.010329476,0.23826782,9.155866E-4,0.029256409,0.0025048396,0.7730431,0.024753988,0.7429317,0.0073973583,0.038030002,0.011575804,0.3630728,0.055800024,0.009220639,0.01542058,0.23826782,9.155866E-4,"TWOGAUSSIANS_WITH_ELLIPSOIDAL_ON_ECLIPSE1",9,65.00168,0.23826782,9.155866E-4,0.16383588,0.014027102,0.79148436,0.022005115,0.7429317,0.0073973583,0.21296802,0.06482451,0.38149822,0.0688211
375316653866487564,5816654727005689600,0.49901575,2220.215682134847,3.097882532603957,1.6678863E-5,18.68785,0.03409374,0.23583104,0.003821452,0.104330875,0.012066763,0.26018974,0.03173757,0.729028,0.004049751,0.12106275,0.015989456,0.25529468,0.03108039,null,null,null,null,"TWOGAUSSIANS",8,3.0866592,0.23586103,0.0038251574,0.4,0.0,0.21932453,0.009356419,0.729028,0.004049751,0.4,0.0,0.21433155,0.0075685526
375316653866487564,5816660671240985600,0.538373,2197.57188325118,3.5011426222790303,1.0838504E-5,19.188652,0.0149693135,0.19631468,0.0032161677,0.08709252,0.005795805,0.4428361,0.02025017,0.7036003,0.0035341748,0.09299691,0.005863343,0.49101484,0.014960954,null,null,null,null,"TWOGAUSSIANS",8,3.026032,0.7036003,0.0035341748,0.4,0.0,0.47334462,0.012356163,0.19631468,0.0032161677,0.4,0.0,0.4251664,0.02036714
375316653866487564,5816661908191716736,0.5703769,2198.992332196112,2.0871622123569606,4.4425115E-6,17.69324,0.005250734,0.26770157,0.0025937832,0.08456379,0.004071121,0.21459599,0.008194806,0.7567583,0.0019310812,0.086147174,0.0034499443,0.3432768,0.012677301,null,null,null,null,"TWOGAUSSIANS",8,3.001238,0.7567583,0.0019310812,0.4,0.0,0.33712575,0.013460717,0.26770157,0.0025937832,0.4,0.0,0.20844494,0.008140366
375316653866487564,5816667818066484864,0.43195927,2159.5952161829873,0.364449560937517,4.9996284E-5,17.952047,0.004965369,0.27890235,0.0031929438,0.01425114,0.004885586,0.3243443,0.2398162,0.785518,0.009191824,0.017613001,0.006244106,0.16279463,0.03389323,null,null,null,null,"TWOGAUSSIANS",8,17.113998,0.27890235,0.0031929438,0.07980638,0.027359283,0.3243443,0.2398162,0.785518,0.009191824,0.098632805,0.034966994,0.16279463,0.03389323
375316653866487564,5816668333462556800,0.56584615,2146.46561750977,3.4550856709225894,4.6383493E-6,18.021673,0.0051328777,0.2563834,0.0021803975,0.069257975,0.0027051868,0.27474308,0.0076438123,0.7567887,0.0031519285,0.07151628,0.002783581,0.21504511,0.010436244,null,null,null,null,"TWOGAUSSIANS",8,2.9155405,0.2563834,0.0021803975,0.38784465,0.015149047,0.2738687,0.007556957,0.7567887,0.0031519285,0.4,0.011055483,0.21417074,0.010365924
375316653866487564,5816669368558734976,0.5941869,2147.5463766543903,3.3927229203800184,6.2625813E-6,16.546677,0.05370537,0.2258876,0.004081148,0.057487506,0.007838544,0.58378446,0.11028702,0.7293436,0.0024342122,0.06156262,0.010666334,0.44699785,0.10373922,0.059169628,0.06078983,0.7293436,0.0024342122,"TWOGAUSSIANS_WITH_ELLIPSOIDAL_ON_ECLIPSE2",9,47.305748,0.22605759,0.0038144554,0.32193002,0.043895848,0.70191896,0.04271543,0.7293436,0.0024342122,0.34475067,0.059731472,0.5651853,0.023728263
375316653866487564,5816672044315021568,0.64175063,2218.609235635568,3.947136373767723,2.3238872E-6,18.263332,0.009244959,0.19211914,0.0024959033,0.05057515,0.0049952026,0.41567,0.017971238,0.687583,0.0014362965,0.04895269,0.0024130754,0.39054593,0.01990644,0.11823018,0.011619993,0.19211914,0.0024959033,"TWOGAUSSIANS_WITH_ELLIPSOIDAL_ON_ECLIPSE1",9,2.888416,0.19211914,0.0024959033,0.28322083,0.027973136,0.6521275,0.014931888,0.688053,0.0012084488,0.27413508,0.013513222,0.6268311,0.008487667
375316653866487564,5816685272812226944,0.5637116,2134.831797657176,4.067405151456028,5.3530803E-6,19.26946,0.010669531,0.24509875,0.0016183725,0.051529456,0.004054096,0.33257657,0.027289692,0.74259293,0.0033115596,0.045996062,0.0042650094,0.22229691,0.028055133,0.10546096,0.016047552,0.24509875,0.0016183725,"TWOGAUSSIANS_WITH_ELLIPSOIDAL_ON_ECLIPSE1",9,2.0152678,0.24509875,0.0016183725,0.28856495,0.022702938,0.5434958,0.019489076,0.7429329,0.0028059264,0.25757796,0.023884052,0.43317097,0.011104225
375316653866487564,5816687922820627072,0.40803838,2063.6788192515105,4.948378996706741,1.3855202E-5,17.748676,0.0044122026,0.28441033,0.018787436,0.055234075,0.01235476,0.1488065,0.050306708,0.67550415,0.006199102,0.011330146,0.0022360978,0.5629382,0.1988352,null,null,null,null,"TWOGAUSSIANS",8,8.613205,0.67550415,0.006199102,0.06344882,0.012522148,0.5629382,0.1988352,0.28441033,0.018787436,0.30931082,0.06918666,0.1488065,0.050306708
375316653866487564,5816688403856982784,0.5755072,2131.579206065308,3.0519598779545793,3.5397159E-6,17.417006,0.008277008,0.23237802,0.003598723,0.11034862,0.0077093467,0.18826963,0.007192077,0.7129962,0.0010636884,0.08891638,0.0025093309,0.33019808,0.007953289,null,null,null,null,"TWOGAUSSIANS",8,3.5226922,0.7129962,0.0010636884,0.4,0.0,0.314315,0.004844014,0.23237802,0.003598723,0.4,0.0,0.17236947,0.0062526567
375316653866487564,5816690602880182144,0.5073379,2096.417332270391,1.0958770687400543,2.9086175E-5,15.620085,0.0019845485,0.28550562,0.0047346363,0.045869265,0.008584415,0.05834754,0.0049049505,0.79467535,0.011925364,0.051912628,0.008495355,0.014206848,0.0048368154,0.018976929,0.0023453569,0.28550562,0.0047346363,"TWOGAUSSIANS_WITH_ELLIPSOIDAL_ON_ECLIPSE1",9,11.206195,0.28550562,0.0047346363,0.2568679,0.04807272,0.096301325,0.003899241,0.79467535,0.011925364,0.29071072,0.047573987,0.05203478,0.0017324997
375316653866487564,5816694657329693568,0.51472974,2121.786318045721,4.07501251463835,3.7171208E-6,17.611599,0.0021218339,0.40650782,6.004903E-5,0.0028395755,3.7584057E-5,0.45526487,0.005908982,0.56500155,0.04218722,0.16041166,0.035367228,0.013810805,0.0027875528,null,null,null,null,"TWOGAUSSIANS",8,3.3691494,0.40650782,6.004903E-5,0.015901623,2.1047072E-4,0.46352714,0.0043194927,0.56500155,0.04218722,0.4,0.0,0.013596249,0.0025987409
375316653866487564,5816697539239653760,0.4959504,2115.397694671104,3.741712945052138,9.352169E-6,19.671959,0.027316794,0.2581112,0.0036759805,0.09590659,0.009597182,0.30448407,0.025161589,0.77130216,0.003455127,0.097080275,0.012374994,0.34304893,0.017765073,null,null,null,null,"TWOGAUSSIANS",8,1.7796323,0.77130216,0.003461453,0.4,0.0,0.32421198,0.02029011,0.2581112,0.0036771502,0.4,0.0,0.28564766,0.013197712
375316653866487564,5816699673851220224,0.5814126,2123.4947075258337,1.6751480408844037,2.8709562E-6,17.080124,0.0048465827,0.18513897,0.0015194671,0.028515838,0.0014195966,0.5700162,0.026320618,0.68818855,8.871912E-4,0.026005803,9.0838736E-4,0.80488646,0.025529116,0.021239327,0.007764631,0.18513897,0.0015194671,"TWOGAUSSIANS_WITH_ELLIPSOIDAL_ON_ECLIPSE1",9,35.548874,0.68818855,8.871912E-4,0.14563249,0.005086969,0.84734946,0.025196519,0.18513897,0.0015194671,0.1596887,0.007949741,0.6124948,0.025842806
375316653866487564,5816700910786558464,0.5204387,2081.96436886749,0.5107536803274284,4.2405733E-5,18.634071,0.0013237708,0.3113933,8.229563E-6,0.0039355797,2.9586965E-5,0.80749273,0.0075903586,0.8955655,0.0057429005,0.017830506,0.005095393,0.030996282,0.011522491,null,null,null,null,"TWOGAUSSIANS",8,1.3406281,0.3113933,8.229563E-6,0.022039248,1.65687E-4,0.80749273,0.0075903586,0.8955655,0.0057429005,0.09985083,0.028534202,0.030996282,0.011522491
375316653866487564,5816702663148505856,0.5042327,2115.72136361906,3.495617822322953,1.09766515E-5,15.457887,0.008809691,0.24669506,0.002928354,0.10279253,0.005891759,0.17395996,0.009261763,0.75646013,0.004187925,0.09296809,0.0071161147,0.1669136,0.009388659,null,null,null,null,"TWOGAUSSIANS",8,70.982025,0.24669506,0.002928354,0.4,0.0,0.16248032,0.006600503,0.75646013,0.004187925,0.4,0.0,0.15543655,0.007379549
375316653866487564,5816705789884782208,0.5674127,2133.7318648448595,3.197156836335921,5.484634E-6,17.032274,0.0038287695,0.27520856,0.0016572649,0.06314259,0.0038476777,0.1738651,0.01274477,0.7997363,0.0027241101,0.04803679,0.0035492072,0.094850086,0.009308841,0.08607864,0.00559701,0.27520856,0.0016572649,"TWOGAUSSIANS_WITH_ELLIPSOIDAL_ON_ECLIPSE1",9,10.928139,0.27520856,0.0016572649,0.3535985,0.021546995,0.34595445,0.009399814,0.7997363,0.0027241101,0.269006,0.01987556,0.26288286,0.0053776614
375316653866487564,5816708706154648448,0.59620583,2127.4789578621894,1.7470106134880368,3.5381859E-6,14.491158,0.0054209256,0.24749829,0.0010361061,0.10096834,0.0029923206,0.16580229,0.004927749,0.7452767,0.0012160441,0.12607469,0.0053709173,0.11454209,0.0049203965,null,null,null,null,"TWOGAUSSIANS",8,10.273704,0.24750829,0.0010361061,0.4,0.0,0.14290005,0.0017825656,0.7452767,0.0012160441,0.4,0.0,0.0915532,0.0013988367
375316653866487564,5816710703327611776,0.53527504,2106.6794392626466,4.070591655245191,7.474564E-6,17.981455,0.0029922526,0.26185235,0.0017668239,0.08702912,0.0032173053,0.1504786,0.0035037987,0.76602983,0.0044386997,0.08449571,0.0054497924,0.13999644,0.006036776,null,null,null,null,"TWOGAUSSIANS",8,1.9665337,0.26185235,0.0017668239,0.4,0.0,0.14661624,0.0032311585,0.76602983,0.0044386997,0.4,0.0,0.1361341,0.0061539332
375316653866487564,5816711489293523584,0.49697065,2108.6563439425063,4.10764519232474,1.3185433E-5,18.338573,0.002231302,null,null,null,null,null,null,null,null,null,null,null,null,0.07759873,0.0033275413,0.2177803,0.0026410897,"ELLIPSOIDAL",4,4.823193,null,null,null,null,null,null,null,null,null,null,null,null
375316653866487564,5816711729811683328,0.526122,2112.146419326097,3.729719861298846,9.475142E-6,19.798573,0.013118024,0.24483208,0.0022862528,0.08686956,0.0039122165,0.4944316,0.014128008,0.7420184,0.0035845025,0.08124977,0.005523665,0.3209698,0.014957285,null,null,null,null,"TWOGAUSSIANS",8,1.7206608,0.24483208,0.0022862528,0.4,0.0,0.48529175,0.012587161,0.7420184,0.0035845025,0.4,0.0,0.31183,0.01362007
375316653866487564,5816713486466438400,0.49339843,2106.248067469589,2.620558855848793,7.734098E-6,18.53784,0.004312117,0.24579598,9.04178E-4,0.031358078,0.0015375179,0.38317928,0.01854942,0.7397504,0.0032543289,0.034263115,0.0035176368,0.14912555,0.01472758,0.030149028,0.00794275,0.24579598,9.04178E-4,"TWOGAUSSIANS_WITH_ELLIPSOIDAL_ON_ECLIPSE1",9,6.876252,0.24579598,9.04178E-4,0.17560524,0.0086101005,0.44347724,0.01960897,0.7399704,0.0031322322,0.19187345,0.019698767,0.2093397,0.013890841
375316653866487564,5816714689057306880,0.6601691,2130.8076277390605,3.4186726829635843,1.7681123E-6,16.605148,0.005043863,0.24932505,5.7549897E-4,0.05211201,0.001290253,0.47581607,0.012083224,0.7475214,3.7692898E-4,0.044598643,0.0011789461,0.4119789,0.0098602185,0.12430705,0.0067088506,0.24932505,5.7549897E-4,"TWOGAUSSIANS_WITH_ELLIPSOIDAL_ON_ECLIPSE1",9,12.312612,0.24932505,5.7549897E-4,0.29182726,0.0072254166,0.7244251,0.008218454,0.7476814,3.3260434E-4,0.24975239,0.006602098,0.66055876,0.006658701
375316653866487564,5816718086363253248,0.50084317,2126.7093369987865,0.21332383721036885,1.6822705E-5,18.575974,0.00229583,0.6666882,0.11017488,0.049415898,0.10896056,0.0070988466,1.4373505,0.8815009,0.0068310383,0.011790001,0.004577596,0.40597636,0.13872707,null,null,null,null,"TWOGAUSSIANS",8,3.8411644,0.8815009,0.0068310383,0.066024005,0.02563454,0.40597692,0.13872664,0.6666882,0.11017488,0.27672902,0.6101791,0.0070988466,1.4373505
