Gaia/vari_eclipsing_binary/VariEclipsingBinary_246266-246342.csv
# %ECSV 1.0
# ---
# delimiter: ','
# meta: !!omap
# - RELEASE: Gaia DR3
# - TABLE: vari_eclipsing_binary
# - DESCRIPTION: >
#     This table describes the properties of the eclipsing binaries resulting from the variability analysis. 
# - CITATION: >
#     How to cite and acknowledge Gaia: 
#     https://gea.esac.esa.int/archive/documentation/credits.html 
# - KNOWN_ISSUES: >
#     Known issues: 
#     https://www.cosmos.esa.int/web/gaia-users/known-issues 
# - DOCUMENTATION: >
#     Tutorials and documentation: 
#     https://www.cosmos.esa.int/web/gaia-users/archive 
# datatype:
# - 
#   name: solution_id
#   datatype: int64
#   description: Solution Identifier
#   meta:
#     ucd: meta.version
# - 
#   name: source_id
#   datatype: int64
#   description: Unique source identifier
#   meta:
#     ucd: meta.id;meta.main
# - 
#   name: global_ranking
#   datatype: float32
#   description: Number between 0 (worst) and 1 (best)
#   meta:
#     ucd: stat.param
# - 
#   name: reference_time
#   datatype: float64
#   unit: d
#   description: Reference time used for the geometric model fit
#   meta:
#     ucd: time.epoch
# - 
#   name: frequency
#   datatype: float64
#   unit: d**-1
#   description: Frequency of geometric model of the eclipsing binary light curve
#   meta:
#     ucd: src.orbital
# - 
#   name: frequency_error
#   datatype: float32
#   unit: d**-1
#   description: "Uncertainty of \\texttt{frequency}"
#   meta:
#     ucd: stat.error
# - 
#   name: geom_model_reference_level
#   datatype: float32
#   unit: mag
#   description: Magnitude reference level of geometric model
#   meta:
#     ucd: phot.mag;em.opt
# - 
#   name: geom_model_reference_level_error
#   datatype: float32
#   unit: mag
#   description: "Uncertainty of \\texttt{geomModelReferenceLevel}"
#   meta:
#     ucd: stat.error;phot.mag;em.opt
# - 
#   name: geom_model_gaussian1_phase
#   datatype: float32
#   description: Phase of the Gaussian 1 component
#   meta:
#     ucd: time.phase
# - 
#   name: geom_model_gaussian1_phase_error
#   datatype: float32
#   description: "Uncertainty of \\texttt{geomModelGaussian1Phase}"
#   meta:
#     ucd: stat.error;time.phase
# - 
#   name: geom_model_gaussian1_sigma
#   datatype: float32
#   description: "Standard deviation [phase] of Gaussian 1 component"
#   meta:
#     ucd: stat.stdev
# - 
#   name: geom_model_gaussian1_sigma_error
#   datatype: float32
#   description: "Uncertainty of \\texttt{geomModelGaussian1Sigma}"
#   meta:
#     ucd: stat.error
# - 
#   name: geom_model_gaussian1_depth
#   datatype: float32
#   unit: mag
#   description: Magnitude depth of Gaussian 1 component
#   meta:
#     ucd: src.var.amplitude
# - 
#   name: geom_model_gaussian1_depth_error
#   datatype: float32
#   unit: mag
#   description: "Uncertainty of \\texttt{geomModelGaussian1Depth}"
#   meta:
#     ucd: stat.error;src.var.amplitude
# - 
#   name: geom_model_gaussian2_phase
#   datatype: float32
#   description: Phase of Gaussian 2 component
#   meta:
#     ucd: time.phase
# - 
#   name: geom_model_gaussian2_phase_error
#   datatype: float32
#   description: "Uncertainty of \\texttt{geomModelGaussian2Phase}"
#   meta:
#     ucd: stat.error;time.phase
# - 
#   name: geom_model_gaussian2_sigma
#   datatype: float32
[...]
#   datatype: float32
#   description: "Secondary eclipse: uncertainty of \\texttt{derivedSecondaryEclDuration}"
#   meta:
#     ucd: stat.error;time.duration
# - 
#   name: derived_secondary_ecl_depth
#   datatype: float32
#   unit: mag
#   description: "Secondary eclipse: depth"
#   meta:
#     ucd: src.var.amplitude
# - 
#   name: derived_secondary_ecl_depth_error
#   datatype: float32
#   unit: mag
#   description: "Secondary eclipse: uncertainty of \\texttt{derivedSecondaryEclDepth}"
#   meta:
#     ucd: stat.error;src.var.amplitude
solution_id,source_id,global_ranking,reference_time,frequency,frequency_error,geom_model_reference_level,geom_model_reference_level_error,geom_model_gaussian1_phase,geom_model_gaussian1_phase_error,geom_model_gaussian1_sigma,geom_model_gaussian1_sigma_error,geom_model_gaussian1_depth,geom_model_gaussian1_depth_error,geom_model_gaussian2_phase,geom_model_gaussian2_phase_error,geom_model_gaussian2_sigma,geom_model_gaussian2_sigma_error,geom_model_gaussian2_depth,geom_model_gaussian2_depth_error,geom_model_cosine_half_period_amplitude,geom_model_cosine_half_period_amplitude_error,geom_model_cosine_half_period_phase,geom_model_cosine_half_period_phase_error,model_type,num_model_parameters,reduced_chi2,derived_primary_ecl_phase,derived_primary_ecl_phase_error,derived_primary_ecl_duration,derived_primary_ecl_duration_error,derived_primary_ecl_depth,derived_primary_ecl_depth_error,derived_secondary_ecl_phase,derived_secondary_ecl_phase_error,derived_secondary_ecl_duration,derived_secondary_ecl_duration_error,derived_secondary_ecl_depth,derived_secondary_ecl_depth_error
[from data line 214]
375316653866487564,2166402811458585728,0.44713813,2207.5422548274046,2.4065803614441807,6.220273E-5,16.240124,0.00868758,0.21356767,0.006499285,0.016295254,0.05176183,0.06655321,0.033773664,0.6821814,0.022032036,0.030319694,0.013202492,0.15204619,0.25731364,0.06749979,0.010771159,0.21356767,0.006499285,"TWOGAUSSIANS_WITH_ELLIPSOIDAL_ON_ECLIPSE1",9,42.15504,0.68404144,0.01799104,0.1697903,0.07393395,0.28216663,0.2562613,0.21356767,0.006499285,0.09125342,0.28986624,0.20155273,0.03905983
375316653866487564,2166403223775072384,0.50234246,2208.7422741837777,0.6130116859799457,1.9549752E-5,15.974765,0.0059314654,0.2908443,0.003674004,0.04507857,0.008895188,0.11272778,0.018273106,0.8347295,0.010976352,0.017494142,0.021872235,0.04535361,0.18210803,0.048204828,0.008763077,0.2908443,0.003674004,"TWOGAUSSIANS_WITH_ELLIPSOIDAL_ON_ECLIPSE1",9,51.43046,0.2908443,0.003674004,0.25243998,0.04981305,0.20913726,0.01813165,0.8347295,0.010976352,0.0979672,0.12248451,0.13461679,0.19109248
375316653866487564,2166403253822751488,0.5203119,2202.1136926626855,0.33700767751648325,1.6178903E-5,17.707552,0.0015242095,0.33301026,0.03786058,0.009391655,0.016732156,0.21914479,2.9395103,0.8304416,7.539175E-4,0.011746616,7.1567984E-4,0.14368032,0.00363885,null,null,null,null,"TWOGAUSSIANS",8,2.476018,0.33301026,0.03786058,0.052593272,0.09370008,0.21914479,2.9395103,0.8304416,7.539175E-4,0.06578105,0.004007807,0.14368032,0.00363885
375316653866487564,2166403734859457920,0.51257867,2178.3547869382805,1.1775981813270004,2.0640116E-5,18.529444,0.0069889724,0.34719574,0.007408216,0.026583748,0.015263657,0.7856546,0.50512236,0.84766054,0.0011516038,0.021952659,0.003313943,0.48681626,0.26659212,null,null,null,null,"TWOGAUSSIANS",8,7.300589,0.34719574,0.007408216,0.148869,0.08547648,0.7856546,0.50512236,0.84766054,0.0011516038,0.122934885,0.018558081,0.48681626,0.26659212
375316653866487564,2166404593852893696,0.50063705,2198.568055361302,0.8056103551073529,1.1573225E-4,19.07169,0.004773817,0.2734943,0.09963067,0.033375848,0.014116009,0.7515516,0.7492902,0.7571676,0.00829438,0.028666625,0.010351643,0.052445386,0.024263525,null,null,null,null,"TWOGAUSSIANS",8,2.2025843,0.2734943,0.09963067,0.18690474,0.07904965,0.7515516,0.7492902,0.7571676,0.00829438,0.1605331,0.0579692,0.052445386,0.024263525
375316653866487564,2166405693364792320,0.49114335,2214.737128609374,4.05460616508856,1.9699497E-5,18.890118,0.028427217,0.1775466,0.003665827,0.09638036,0.016328938,0.16909742,0.024892192,0.6878775,0.010864681,0.10571009,0.024669925,0.16479488,0.0235503,null,null,null,null,"TWOGAUSSIANS",8,1.9051757,0.1775366,0.0036558516,0.4,0.0,0.15536252,0.010998518,0.6878775,0.010868571,0.4,0.0,0.15105549,0.015442971
375316653866487564,2166406002602643968,0.6183955,2198.5025260507095,1.5693376594507569,4.294849E-6,18.483948,0.0088894,0.2933412,0.0040791244,0.048902728,0.0058274753,0.1494258,0.022628563,0.7877005,0.0019848954,0.0449339,0.0016824538,0.6356388,0.024839217,0.045913327,0.011952114,0.2933412,0.0040791244,"TWOGAUSSIANS_WITH_ELLIPSOIDAL_ON_ECLIPSE1",9,3.244563,0.7878305,0.0019252078,0.25162983,0.009421742,0.727352,0.014908402,0.2933412,0.0040791244,0.27385527,0.032633863,0.24125177,0.009960063
375316653866487564,2166406316152021632,0.6199795,2184.770930403349,2.5942957998352245,6.81157E-6,18.062824,0.009442891,0.2644712,0.002378392,0.037260078,0.0048780697,0.25544775,0.030694602,0.76637214,0.002767636,0.044073764,0.0031770747,0.36831605,0.025672995,0.16977683,0.01437868,0.2644712,0.002378392,"TWOGAUSSIANS_WITH_ELLIPSOIDAL_ON_ECLIPSE1",9,5.923336,0.76637214,0.002765241,0.24681307,0.01779162,0.70782125,0.018026128,0.2644712,0.002378392,0.20865643,0.027317189,0.59500134,0.023209816
375316653866487564,2166406934627356288,0.45271787,2175.3543313723344,3.0474775043908684,5.104536E-5,18.662428,0.033981264,0.1881194,0.010879813,0.111028604,0.025731008,0.16248791,0.03309573,0.68768877,0.009902325,0.09985754,0.02378906,0.16225153,0.032011118,null,null,null,null,"TWOGAUSSIANS",8,5.3016806,0.1881194,0.010879813,0.4,0.0,0.14307751,0.01568506,0.68768877,0.009909947,0.4,0.0,0.1428528,0.019074751
375316653866487564,2166408648299389440,0.49662146,2201.765832369798,0.7081466849321262,2.7301032E-5,18.077578,0.0029464671,0.30372268,3.6113153E-4,0.015378414,4.8768157E-4,0.6311657,0.05587276,0.70900387,0.022990568,0.043016195,0.025256181,0.03021109,0.025857724,null,null,null,null,"TWOGAUSSIANS",8,3.2205865,0.30372268,3.6113153E-4,0.086119115,0.0027310168,0.6311657,0.05587276,0.70900387,0.022990568,0.2408907,0.14143461,0.03021109,0.025857724
375316653866487564,2166409580309392640,0.5957784,2227.5578163499085,2.924654756201253,4.7560397E-6,18.152498,0.008133248,0.18329589,0.0017588257,0.0993235,0.0038278678,0.25430617,0.007893817,0.67219496,0.0025890549,0.10051036,0.0049843974,0.28333247,0.007817935,null,null,null,null,"TWOGAUSSIANS",8,1.1181438,0.67219496,0.0025890549,0.4,0.0,0.26294228,0.006355997,0.18329589,0.0017588257,0.4,0.0,0.23391688,0.0047411756
375316653866487564,2166409850887194240,0.5625281,2181.218652827542,3.1908223581272055,4.866583E-6,18.528269,0.008820475,0.28325427,0.0019583404,0.077417985,0.0038210156,0.35276774,0.016528118,0.7807007,0.0016595873,0.07910886,0.0028595359,0.3569576,0.009005499,null,null,null,null,"TWOGAUSSIANS",8,3.108574,0.7807007,0.0016595873,0.4,0.0,0.35285804,0.00829702,0.28325427,0.0019583404,0.4,0.0,0.34866816,0.016739288
375316653866487564,2166410400650670336,0.4845172,2184.914819768156,0.6478347128027887,7.035473E-5,19.82108,0.018447498,0.2933225,0.032539517,0.05922874,0.030392352,0.40456763,0.19710219,0.7955844,0.007131815,0.064335756,0.008116725,0.41783673,0.08121424,null,null,null,null,"TWOGAUSSIANS",8,2.5895758,0.7955844,0.007131815,0.36028025,0.04545366,0.41762432,0.08114125,0.2933225,0.032539517,0.33168095,0.110645354,0.40435523,0.19819121
375316653866487564,2166410920357420928,0.43901345,2163.7472703743365,0.0797751752445653,3.9234503E-5,13.522702,0.0038398206,0.18943027,0.021997279,0.10539445,0.043580186,0.013233489,0.0020878932,0.6198495,0.014987232,0.12534703,0.030708997,0.0122416,0.004001286,null,null,null,null,"TWOGAUSSIANS",8,6.0814357,0.19021027,0.020843823,0.4,0.0337811,0.012068753,0.001766682,0.6198495,0.014987232,0.4,0.0,0.011045593,0.0022593453
375316653866487564,2166412702748641664,0.49413532,2194.8372302689313,1.6114598583217763,2.3828534E-5,17.000832,0.0065331114,0.19875637,0.009826953,0.02797118,0.0060476353,0.36778116,0.12829636,0.708902,0.0025314335,0.016812706,0.001927204,0.4594497,0.02259554,null,null,null,null,"TWOGAUSSIANS",8,41.66278,0.708902,0.0025314335,0.09415116,0.010792342,0.4594497,0.02259554,0.19875637,0.009826953,0.1566386,0.03386676,0.36778116,0.12829636
375316653866487564,2166412840192064768,0.49095252,2170.3595392754605,0.25750941184693366,3.7071302E-5,19.930805,0.008010663,0.23785664,0.007153061,0.050054375,0.0048135407,0.49162185,0.058121726,0.71645516,0.00503598,0.0307092,0.0055500716,0.27870488,0.08743352,null,null,null,null,"TWOGAUSSIANS",8,2.2874582,0.23785664,0.007153061,0.2803045,0.026955828,0.49162185,0.058121726,0.71645516,0.00503598,0.17197151,0.031080402,0.27870488,0.08743352
375316653866487564,2166413119380535936,0.50934637,2223.6412046634746,2.07530583320717,1.2878964E-5,15.482809,0.59144616,0.24590069,0.011555233,0.22648592,0.15699142,0.3845809,0.58481705,0.7389723,0.0063045397,0.13932072,0.027130378,0.34159008,0.24740277,null,null,null,null,"TWOGAUSSIANS",8,32.8564,0.7389723,0.0063045397,0.4,0.0,0.13743319,0.008754422,0.24658069,0.011037654,0.4,0.0,0.11420269,0.008524599
375316653866487564,2166414218892289664,0.56200594,2207.39605693399,0.19365599505635087,1.1733444E-5,17.638912,0.0020510152,0.31894362,0.0049318816,0.016706884,0.003688052,0.30903438,0.053299364,0.8206125,0.008665947,0.013009139,0.008984097,0.3058273,0.15252167,null,null,null,null,"TWOGAUSSIANS",8,3.7277362,0.31894362,0.0049318816,0.09355854,0.020653091,0.30903438,0.053299364,0.8206125,0.008665947,0.07285118,0.050310947,0.3058273,0.15252167
375316653866487564,2166414699928718464,0.57304204,2205.1579948190456,1.2509782152118636,5.638682E-6,13.732122,0.0032285934,0.21977665,0.0014839357,0.0460255,0.0025343727,0.2649246,0.012360743,0.7200967,0.0114335185,0.044093035,0.028267039,0.20499867,0.1499346,null,null,null,null,"TWOGAUSSIANS",8,101.81504,0.21977665,0.0014839357,0.2577428,0.014192487,0.2649245,0.0123599,0.7200967,0.0114335185,0.24692099,0.15829542,0.20499858,0.1499511
375316653866487564,2166415451532285056,0.46215913,2224.5075141992,2.3600797579693733,3.3705674E-5,17.69155,0.003981636,0.38115767,0.0037540058,0.048772648,0.0044777077,0.110092096,0.007089401,0.83774644,0.030689115,0.061517496,0.030422011,0.03135112,0.010344877,null,null,null,null,"TWOGAUSSIANS",8,4.0095267,0.38115767,0.0037540058,0.2731268,0.025075162,0.11009152,0.007086358,0.83774644,0.030689115,0.34449798,0.14659637,0.031350546,0.010344873
375316653866487564,2166416177397536896,0.5908306,2205.511652408328,1.5760438313176741,5.9104755E-6,13.297643,0.0066622756,0.3014607,0.004005298,0.022277582,0.0072952653,0.35395744,0.044060994,0.80143714,0.0044921977,0.029693594,0.0031046334,0.44758755,0.027325872,0.011920568,0.008851491,0.3014607,0.004005298,"TWOGAUSSIANS_WITH_ELLIPSOIDAL_ON_ECLIPSE1",9,218.85565,0.80143714,0.0044730445,0.16628413,0.017385947,0.47142866,0.027454792,0.3014607,0.004005298,0.12475446,0.040853485,0.3777986,0.04677522
375316653866487564,2166416825917391616,0.48495823,2189.259304028259,1.8907382414130218,4.578672E-5,17.72681,0.00875408,0.12460959,0.0045405165,0.023417506,0.0030993582,0.45519927,0.054967012,0.7740416,0.021158658,0.070222534,0.025830643,0.07765626,0.013492303,null,null,null,null,"TWOGAUSSIANS",8,26.770914,0.12460959,0.0045405165,0.13113803,0.017356407,0.45519957,0.05496715,0.7740416,0.021158658,0.3932462,0.09845747,0.07765626,0.013492304
375316653866487564,2166417856709573376,0.57871395,2204.589131409224,1.5658770099596122,9.206963E-6,18.371988,0.011190137,0.21736275,0.003255036,0.09337536,0.005790255,0.28854933,0.011027832,0.7112843,0.001783807,0.08745611,0.0030740038,0.49738166,0.011005078,null,null,null,null,"TWOGAUSSIANS",8,2.809478,0.7112843,0.001783807,0.4,0.0,0.48253283,0.008105145,0.21736275,0.003255036,0.4,0.0,0.2737002,0.007815069
375316653866487564,2166417891069333376,0.5297541,2193.287803787295,2.9694853823937644,9.889217E-6,17.862242,0.016509784,0.26010337,0.0031091757,0.108436085,0.010159511,0.23340358,0.01350926,0.7636038,0.003742596,0.099929124,0.008367052,0.22932464,0.015356371,null,null,null,null,"TWOGAUSSIANS",8,5.4113464,0.26010337,0.0031091757,0.4,0.0,0.20845339,0.009133382,0.7636038,0.003743055,0.4,0.0,0.20438415,0.009800043
375316653866487564,2166417929744240384,0.62886363,2212.4861237052924,0.5174687387250558,3.8951302E-6,15.122513,0.0014215888,0.23131233,0.001212461,0.029530449,0.0010787371,0.15152144,0.004811529,0.7313443,0.0032967343,0.026616462,0.0034831418,0.18951926,0.0052066348,0.006251835,0.0019134468,0.23131233,0.001212461,"TWOGAUSSIANS_WITH_ELLIPSOIDAL_ON_ECLIPSE1",9,8.455217,0.7313443,0.0032876919,0.14905219,0.019505594,0.20202291,0.006347855,0.23131233,0.001212461,0.16537052,0.0060409275,0.16402511,0.0033333115
375316653866487564,2166418101542913024,0.62182444,2181.070473547779,0.8548005720340406,7.361293E-6,12.350609,0.0019202834,0.23830833,0.001165329,0.012726214,0.0033109507,0.10705606,0.005417648,0.7491395,7.847349E-4,0.019314092,0.0021849847,0.6000984,0.21600671,0.010352117,0.003158956,0.7491395,7.847349E-4,"TWOGAUSSIANS_WITH_ELLIPSOIDAL_ON_ECLIPSE2",9,185.43047,0.7491395,7.847349E-4,0.10815891,0.012235914,0.6208026,0.21794072,0.23833832,0.0011756078,0.0712668,0.018541323,0.12766477,0.0035519332
375316653866487564,2166419132335146368,0.6311808,2230.776473499586,1.7894496146415615,6.1833216E-6,15.64997,0.0071998835,0.22165032,0.0026492067,0.1027659,0.003881996,0.25152194,0.008276622,0.73103833,0.0015079485,0.0940839,0.0025063246,0.3213687,0.009958099,null,null,null,null,"TWOGAUSSIANS",8,9.5986395,0.73103833,0.0015079485,0.4,0.0,0.3015596,0.008708094,0.22165032,0.0026492067,0.4,0.0,0.23170942,0.0050485353
375316653866487564,2166419613371454464,0.55260336,2238.7301674196024,3.481634045205996,7.956235E-6,17.323116,0.0053997207,0.24800594,0.0046808133,0.07743392,0.00663865,0.124213584,0.0060806256,0.7539955,0.0031450111,0.08486407,0.0059601082,0.12163369,0.0069874013,null,null,null,null,"TWOGAUSSIANS",8,2.264464,0.24800594,0.0046808133,0.4,0.0,0.12231106,0.005566906,0.7539955,0.0031450111,0.4,0.0,0.11973117,0.006722383
375316653866487564,2166421503157547008,0.529484,2214.4088923248773,0.8968760834268847,3.114246E-5,14.819114,0.0014471808,0.28620625,0.006100802,0.02266802,0.015422865,0.259926,0.21445316,0.7941396,0.0035763294,0.018773962,0.008055503,0.0111082075,0.0070793107,0.026091786,0.0024721252,0.7941396,0.0035763294,"TWOGAUSSIANS_WITH_ELLIPSOIDAL_ON_ECLIPSE2",9,31.284132,0.28626624,0.0060879556,0.12694092,0.08636804,0.31198102,0.21654612,0.7941396,0.0035763294,0.10513418,0.045110814,0.06329176,0.006300114
375316653866487564,2166421812395112832,0.5053797,2210.681894349694,3.3712012165343803,2.6465259E-5,18.739098,0.03782442,0.27040833,0.0050571915,0.10684615,0.017317513,0.21224006,0.035419963,0.77335334,0.005034957,0.102118544,0.01851829,0.27011567,0.032209873,null,null,null,null,"TWOGAUSSIANS",8,2.7398753,0.77335334,0.005034596,0.4,0.0,0.24381413,0.032225814,0.27040833,0.005062359,0.4,0.0,0.18593438,0.013263867
375316653866487564,2166422018537212672,0.593802,2201.9240035991184,2.703974012674016,1.35540895E-5,17.48077,0.027564356,0.28621218,0.0026446886,0.054808535,0.00891464,0.3599256,0.06283781,0.78526485,0.004083958,0.054369032,0.007798576,0.37029502,0.058604263,0.08365021,0.036125366,0.28621218,0.0026446886,"TWOGAUSSIANS_WITH_ELLIPSOIDAL_ON_ECLIPSE1",9,14.465444,0.78535485,0.0036315,0.30446658,0.043672025,0.53757024,0.024484023,0.28621218,0.0026446886,0.3069278,0.049921986,0.5272061,0.01912918
375316653866487564,2166422052897010432,0.6057862,2184.4975045470014,3.156998686487751,1.3835156E-5,19.806904,0.016489457,0.25460705,0.0050135115,0.04402027,0.0058656344,0.59334564,0.10303293,0.75489086,0.0023362676,0.043662682,0.0038499888,0.42096254,0.038074013,0.11360032,0.025600664,0.25460705,0.0050135115,"TWOGAUSSIANS_WITH_ELLIPSOIDAL_ON_ECLIPSE1",9,1.3596213,0.25460705,0.0050135115,0.24651352,0.032847553,0.8205461,0.101775534,0.75489086,0.0021514005,0.24451101,0.021559937,0.6481623,0.0185476
375316653866487564,2166422804508035968,0.5439237,2202.2796844079076,0.7789744330216408,3.9363226E-6,17.80098,0.0030371435,0.30476397,0.016164491,0.025671978,0.010397914,0.32351252,0.94453025,0.78955024,5.4380036E-4,0.01829706,7.945882E-4,0.41415653,0.020840501,null,null,null,null,"TWOGAUSSIANS",8,7.5494547,0.78955024,5.4380036E-4,0.102463536,0.0044496935,0.41415653,0.020840501,0.30476397,0.016164491,0.14376308,0.058228318,0.32351252,0.94453025
375316653866487564,2166423010667201024,0.47262836,2210.9485567006795,2.868702470980279,1.4545206E-5,18.307774,0.0047029336,0.18598485,0.005989817,0.03756238,0.003986806,0.58563614,0.16551323,0.664099,0.0071182083,0.06533682,0.0107710725,0.109083064,0.0126981465,null,null,null,null,"TWOGAUSSIANS",8,5.0477405,0.18598485,0.005989817,0.21034934,0.022326116,0.5856351,0.16551444,0.664099,0.0071182083,0.3658862,0.060318004,0.10908207,0.012699756
