Gaia/vari_eclipsing_binary/VariEclipsingBinary_529616-529648.csv
# %ECSV 1.0
# ---
# delimiter: ','
# meta: !!omap
# - RELEASE: Gaia DR3
# - TABLE: vari_eclipsing_binary
# - DESCRIPTION: >
#     This table describes the properties of the eclipsing binaries resulting from the variability analysis. 
# - CITATION: >
#     How to cite and acknowledge Gaia: 
#     https://gea.esac.esa.int/archive/documentation/credits.html 
# - KNOWN_ISSUES: >
#     Known issues: 
#     https://www.cosmos.esa.int/web/gaia-users/known-issues 
# - DOCUMENTATION: >
#     Tutorials and documentation: 
#     https://www.cosmos.esa.int/web/gaia-users/archive 
# datatype:
# - 
#   name: solution_id
#   datatype: int64
#   description: Solution Identifier
#   meta:
#     ucd: meta.version
# - 
#   name: source_id
#   datatype: int64
#   description: Unique source identifier
#   meta:
#     ucd: meta.id;meta.main
# - 
#   name: global_ranking
#   datatype: float32
#   description: Number between 0 (worst) and 1 (best)
#   meta:
#     ucd: stat.param
# - 
#   name: reference_time
#   datatype: float64
#   unit: d
#   description: Reference time used for the geometric model fit
#   meta:
#     ucd: time.epoch
# - 
#   name: frequency
#   datatype: float64
#   unit: d**-1
#   description: Frequency of geometric model of the eclipsing binary light curve
#   meta:
#     ucd: src.orbital
# - 
#   name: frequency_error
#   datatype: float32
#   unit: d**-1
#   description: "Uncertainty of \\texttt{frequency}"
#   meta:
#     ucd: stat.error
# - 
#   name: geom_model_reference_level
#   datatype: float32
#   unit: mag
#   description: Magnitude reference level of geometric model
#   meta:
#     ucd: phot.mag;em.opt
# - 
#   name: geom_model_reference_level_error
#   datatype: float32
#   unit: mag
#   description: "Uncertainty of \\texttt{geomModelReferenceLevel}"
#   meta:
#     ucd: stat.error;phot.mag;em.opt
# - 
#   name: geom_model_gaussian1_phase
#   datatype: float32
#   description: Phase of the Gaussian 1 component
#   meta:
#     ucd: time.phase
# - 
#   name: geom_model_gaussian1_phase_error
#   datatype: float32
#   description: "Uncertainty of \\texttt{geomModelGaussian1Phase}"
#   meta:
#     ucd: stat.error;time.phase
# - 
#   name: geom_model_gaussian1_sigma
#   datatype: float32
#   description: "Standard deviation [phase] of Gaussian 1 component"
#   meta:
#     ucd: stat.stdev
# - 
#   name: geom_model_gaussian1_sigma_error
#   datatype: float32
#   description: "Uncertainty of \\texttt{geomModelGaussian1Sigma}"
#   meta:
#     ucd: stat.error
# - 
#   name: geom_model_gaussian1_depth
#   datatype: float32
#   unit: mag
#   description: Magnitude depth of Gaussian 1 component
#   meta:
#     ucd: src.var.amplitude
# - 
#   name: geom_model_gaussian1_depth_error
#   datatype: float32
#   unit: mag
#   description: "Uncertainty of \\texttt{geomModelGaussian1Depth}"
#   meta:
#     ucd: stat.error;src.var.amplitude
# - 
#   name: geom_model_gaussian2_phase
#   datatype: float32
#   description: Phase of Gaussian 2 component
#   meta:
#     ucd: time.phase
# - 
#   name: geom_model_gaussian2_phase_error
#   datatype: float32
#   description: "Uncertainty of \\texttt{geomModelGaussian2Phase}"
#   meta:
#     ucd: stat.error;time.phase
# - 
#   name: geom_model_gaussian2_sigma
#   datatype: float32
[...]
#   datatype: float32
#   description: "Secondary eclipse: uncertainty of \\texttt{derivedSecondaryEclDuration}"
#   meta:
#     ucd: stat.error;time.duration
# - 
#   name: derived_secondary_ecl_depth
#   datatype: float32
#   unit: mag
#   description: "Secondary eclipse: depth"
#   meta:
#     ucd: src.var.amplitude
# - 
#   name: derived_secondary_ecl_depth_error
#   datatype: float32
#   unit: mag
#   description: "Secondary eclipse: uncertainty of \\texttt{derivedSecondaryEclDepth}"
#   meta:
#     ucd: stat.error;src.var.amplitude
solution_id,source_id,global_ranking,reference_time,frequency,frequency_error,geom_model_reference_level,geom_model_reference_level_error,geom_model_gaussian1_phase,geom_model_gaussian1_phase_error,geom_model_gaussian1_sigma,geom_model_gaussian1_sigma_error,geom_model_gaussian1_depth,geom_model_gaussian1_depth_error,geom_model_gaussian2_phase,geom_model_gaussian2_phase_error,geom_model_gaussian2_sigma,geom_model_gaussian2_sigma_error,geom_model_gaussian2_depth,geom_model_gaussian2_depth_error,geom_model_cosine_half_period_amplitude,geom_model_cosine_half_period_amplitude_error,geom_model_cosine_half_period_phase,geom_model_cosine_half_period_phase_error,model_type,num_model_parameters,reduced_chi2,derived_primary_ecl_phase,derived_primary_ecl_phase_error,derived_primary_ecl_duration,derived_primary_ecl_duration_error,derived_primary_ecl_depth,derived_primary_ecl_depth_error,derived_secondary_ecl_phase,derived_secondary_ecl_phase_error,derived_secondary_ecl_duration,derived_secondary_ecl_duration_error,derived_secondary_ecl_depth,derived_secondary_ecl_depth_error
[from data line 546]
375316653866487564,4658818066149380352,0.45163795,2229.4782791766092,0.11744513122586495,2.5087968E-5,17.340601,0.0031830107,0.24278332,0.008425471,0.083961286,0.009993749,0.061482277,0.006419371,0.7304492,0.011270851,0.07888756,0.013325151,0.061895758,0.006266466,null,null,null,null,"TWOGAUSSIANS",8,3.6165633,0.7304492,0.011270851,0.4,0.0039512413,0.061021354,0.006519031,0.24278332,0.008425471,0.4,0.0,0.06060787,0.006355114
375316653866487564,4658818512811021568,0.492306,2247.6774721471475,4.36163121790584,4.4109387E-5,18.790115,0.003272943,0.2321834,4.6713676E-4,0.01605228,8.0107653E-4,0.94786197,0.09647299,0.406772,0.07973558,0.11690169,0.07466201,0.020666936,0.00928201,null,null,null,null,"TWOGAUSSIANS",8,1.2423328,0.2322034,4.5028637E-4,0.08989276,0.0044860286,0.95463413,0.104987174,0.406772,0.07973558,0.4,0.10409437,0.020662533,0.009290045
375316653866487564,4658818993862292480,0.5545984,2231.591489627494,0.297668234826231,9.604111E-6,14.983912,0.0077348365,0.26139194,0.002201707,0.04199095,0.007115045,0.202044,0.032529086,0.7851853,0.0058637573,0.03539249,0.010436181,0.29819754,0.67955244,0.09210698,0.008562806,0.26139194,0.002201707,"TWOGAUSSIANS_WITH_ELLIPSOIDAL_ON_ECLIPSE1",9,23.025969,0.7851853,0.0058637573,0.19819795,0.058442615,0.47832486,0.68255204,0.26139194,0.002201707,0.23514932,0.039844252,0.38625786,0.039037902
375316653866487564,4658820363978992768,0.48198304,2191.357526042463,0.22476637231487703,4.6712926E-6,18.161758,0.005970974,0.25949448,0.012083182,0.011366295,0.0053672316,0.36154705,0.3287986,0.8180657,0.026815597,0.031284604,0.025582945,0.5873585,110350.43,0.0061828974,0.007107061,0.25949448,0.012083182,"TWOGAUSSIANS_WITH_ELLIPSOIDAL_ON_ECLIPSE1",9,4.885678,0.8180657,0.026815597,0.17519377,0.14326449,0.5981237,110350.43,0.25949448,0.012083182,0.063651256,0.030056495,0.37391284,0.32888192
375316653866487564,4658820849288059904,0.44860214,2222.094907462478,0.1916773081167952,4.65141E-5,18.784603,0.0071475133,0.2463863,0.011595592,0.076160155,0.013808286,0.095759235,0.014681746,0.7458493,0.0085176155,0.073227406,0.009636247,0.14950448,0.026767816,null,null,null,null,"TWOGAUSSIANS",8,2.5828447,0.7458493,0.0085176155,0.4,0.016102651,0.14863767,0.027113723,0.2463863,0.011595592,0.4,0.0,0.09489242,0.014593303
375316653866487564,4658821222917117696,0.5600096,2210.812128438888,3.928449750752454,5.2063792E-6,17.807741,0.0021826169,0.14733015,0.0016006024,0.024423093,9.649809E-4,0.43573192,0.033610344,null,null,null,null,null,null,null,null,null,null,"ONEGAUSSIAN",5,3.9065104,0.14733015,0.0016006024,0.13676932,0.005403893,0.43573192,0.0,null,null,null,null,null,null
375316653866487564,4658822459923063808,0.45722514,2154.2785850742375,0.09694244649372706,4.35949E-5,19.550869,0.0071350965,0.27826318,0.0071730684,0.031040367,0.0069645057,0.5145996,1.3873001,null,null,null,null,null,null,0.045213196,0.016694687,0.27826318,0.0071730684,"ONEGAUSSIAN_WITH_ELLIPSOIDAL",6,8.85391,0.27826318,0.0071730684,0.17382605,0.03900123,0.6050258,1.3877434,null,null,null,null,null,null
375316653866487564,4658822769114820992,0.49341628,2220.315915707485,0.21250855361912913,1.3306133E-4,19.919327,0.00710815,0.36662522,0.01876929,0.022539537,0.008868565,0.68391633,0.50737053,0.6847538,0.022602575,0.03469307,0.012459623,0.06819557,0.015482959,null,null,null,null,"TWOGAUSSIANS",8,2.6051805,0.36662522,0.01876929,0.12622142,0.049663965,0.68391633,0.50737053,0.6847538,0.022602575,0.1942812,0.06977388,0.06819557,0.015482959
375316653866487564,4658822979591843328,0.48290703,2170.6586320220867,0.6432585979264778,1.3324845E-5,19.18678,0.010503898,0.33210403,0.011956871,0.024565104,0.013681116,0.34676686,0.13575643,0.8356432,6.6447625E-5,0.021531753,0.0011993516,0.32673755,0.008977208,null,null,null,null,"TWOGAUSSIANS",8,4.918046,0.33210403,0.011956871,0.13756458,0.076614246,0.34676686,0.13575643,0.8356432,6.6447625E-5,0.12057782,0.0067163687,0.32673755,0.008977208
375316653866487564,4658823112760057856,0.5252325,2155.8086558275845,0.9337111667746275,1.1015045E-5,16.262936,0.0057120575,0.22002217,0.006941376,0.058625884,0.010825202,0.09115886,0.014026138,0.72665006,0.0034023712,0.03305805,0.003529838,0.06812771,0.01742299,0.016443746,0.0074148364,0.22002217,0.006941376,"TWOGAUSSIANS_WITH_ELLIPSOIDAL_ON_ECLIPSE1",9,10.174318,0.22002217,0.006941376,0.32830495,0.060621127,0.124036156,0.008016681,0.72665006,0.0034023712,0.1851251,0.019767094,0.100948006,0.008558064
375316653866487564,4658823525019763840,0.5422582,2145.620696804303,0.22937431046168183,1.6882677E-5,14.657935,0.0049305013,0.21130545,0.002827659,0.02999041,0.0071800416,0.09952092,0.016011119,0.68229455,0.08273657,0.04384668,0.054450955,0.23719828,0.16760872,0.07388445,0.014209572,0.21130545,0.002827659,"TWOGAUSSIANS_WITH_ELLIPSOIDAL_ON_ECLIPSE1",9,49.863483,0.6847645,0.0065345154,0.24554141,0.15269561,0.380519,0.17152277,0.21130545,0.0028279282,0.1679463,0.04020823,0.24728914,0.018101266
375316653866487564,4658824044743665280,0.54975915,2105.045133683389,0.7544897574869448,9.40936E-6,16.764126,0.0027230363,0.27705574,0.003970063,0.03001533,0.00381981,0.16506657,0.018076662,0.7861392,0.0055577103,0.039781787,0.004561402,0.14501712,0.008554056,0.027636126,0.0042824163,0.27705574,0.003970063,"TWOGAUSSIANS_WITH_ELLIPSOIDAL_ON_ECLIPSE1",9,7.613895,0.27705574,0.003970063,0.16808586,0.021390935,0.2203388,0.01821045,0.7861392,0.0055577103,0.22277799,0.02554385,0.20010953,0.0067552836
375316653866487564,4658824113463135232,0.5644122,2155.9951068843507,0.28440985648491257,6.3700454E-6,14.446604,0.007526923,0.25301558,0.004745336,0.0206417,0.02233673,0.03556184,0.01177501,0.9229541,0.016559621,0.022418948,0.009213945,0.02262387,0.010876284,0.09828827,0.008015136,0.25301558,0.004745336,"TWOGAUSSIANS_WITH_ELLIPSOIDAL_ON_ECLIPSE1",9,30.8397,0.25301558,0.004745336,0.115593515,0.1250857,0.23213652,0.007956665,0.9229541,0.016559621,0.12554611,0.05159809,0.06830897,0.021506937
375316653866487564,4658824319606223744,0.543435,2215.0438835449495,1.7012411431980594,9.937046E-6,19.369263,0.009534476,0.24812633,0.002729341,0.07301082,0.002752908,0.40906876,0.016334562,0.9938816,0.9615322,0.059418548,0.01826485,0.032022998,0.013359919,null,null,null,null,"TWOGAUSSIANS",8,1.6968458,0.24812633,0.0027175713,0.4,0.0,0.40907213,0.016337758,0.99999154,0.9541613,0.33274388,0.102283165,0.032974873,0.013254112
375316653866487564,4658826239448870784,0.43892944,2142.9606209871213,2.316010923106696,4.0656938E-5,17.692709,0.0031160933,0.48876053,0.005621984,0.05735751,0.018773872,0.14305641,0.028590744,0.6577239,0.018480493,0.034718435,0.014884112,0.04830146,0.022698155,null,null,null,null,"TWOGAUSSIANS",8,7.790373,0.48876053,0.0056183953,0.32120204,0.08766052,0.14305677,0.028593326,0.6577239,0.018480493,0.19442324,0.08335103,0.050168563,0.022802562
375316653866487564,4658828099193507072,0.5849315,2103.6613659897466,0.538141069875821,2.044774E-6,16.991285,0.0026659376,0.3311728,0.0011753256,0.027493801,0.0025298859,0.38492778,0.027547276,0.80937666,4.6971635E-4,0.026149444,3.7897157E-4,0.42632294,0.009982678,null,null,null,null,"TWOGAUSSIANS",8,6.353989,0.80937666,4.6971635E-4,0.14643688,0.0021222408,0.42632294,0.009982678,0.3311728,0.0011753256,0.1539653,0.014167361,0.38492778,0.027547276
375316653866487564,4658828270992982016,0.47749358,2046.4898480199047,0.6657766514031094,2.230004E-5,19.203108,0.0036460138,0.63104635,9.5440086E-4,0.023163216,0.0010430407,0.4723941,0.04435771,0.86126447,0.0075854943,0.013854685,0.007825768,0.43562457,21.758514,null,null,null,null,"TWOGAUSSIANS",8,1.7419796,0.63104635,9.5440086E-4,0.12971401,0.005841028,0.4723941,0.04435771,0.86126447,0.0075854943,0.07758624,0.0438243,0.43562457,21.758514
375316653866487564,4658829198688452608,0.47622183,2087.9741430126005,0.2713070914064739,2.1379323E-5,17.106258,0.042831805,0.24259835,0.004917737,0.07837819,0.008932858,0.2502005,0.053084314,0.7981124,0.032460924,0.19356982,0.12314268,0.061624676,0.03976443,null,null,null,null,"TWOGAUSSIANS",8,2.5875638,0.24165834,0.003767501,0.4,0.0,0.23713063,0.05384742,0.7981124,0.03245922,0.4,0.0,0.043120906,0.006800971
375316653866487564,4658829198705034624,0.48477584,2102.2241864152174,0.8905146237929717,1.240019E-5,15.447157,0.0031926748,0.30930457,0.003447127,0.039678592,0.006969139,0.0790661,0.014172586,0.8060456,0.0062683737,0.032320417,0.01108528,0.039278112,0.013363636,0.016524054,0.0051680882,0.30930457,0.003447127,"TWOGAUSSIANS_WITH_ELLIPSOIDAL_ON_ECLIPSE1",9,12.300559,0.30930457,0.003447127,0.22220013,0.039027177,0.11211413,0.016546294,0.8062556,0.0059742723,0.18099435,0.062077567,0.07231318,0.0142496005
375316653866487564,4658829576662150144,0.52000797,2080.843436287535,0.6670341710616373,2.8622874E-6,17.96504,0.008284679,0.25521415,0.0023004957,0.035158936,0.0020510196,0.5699164,0.051881254,0.74294215,0.003993774,0.015072549,0.0054664244,0.1393139,0.2342308,null,null,null,null,"TWOGAUSSIANS",8,13.416509,0.25521415,0.0023004957,0.19689004,0.01148571,0.5699164,0.051881254,0.74294215,0.003993774,0.08440627,0.030611975,0.1393139,0.2342308
375316653866487564,4658829714101105280,0.5225406,2078.940878560337,0.28397260185539064,8.819065E-6,18.001322,0.0032343827,0.22309153,0.01451097,0.033315916,0.018650524,0.17486826,43.903927,0.7288854,0.006584301,0.018841678,0.0037924233,0.31504947,0.033316296,0.019628944,0.004487152,0.22309153,0.01451097,"TWOGAUSSIANS_WITH_ELLIPSOIDAL_ON_ECLIPSE1",9,5.875338,0.7288854,0.006584638,0.1055134,0.02123757,0.35425532,0.032200985,0.22309153,0.01451097,0.18656914,0.10444294,0.21412612,43.902946
375316653866487564,4658829920247197952,0.41504526,2089.6086512696124,1.2297404753768544,1.01643185E-4,19.562973,0.014496257,0.2688199,0.013060947,0.120424025,0.012401087,0.19325294,0.018685611,0.88674396,0.0101381345,0.040660337,0.00817748,0.21783306,0.053199217,null,null,null,null,"TWOGAUSSIANS",8,6.268322,0.88699394,0.010170785,0.22769788,0.045793887,0.21886975,0.053306647,0.2688199,0.013060947,0.4,0.0,0.19302544,0.018561367
375316653866487564,4658829954619246208,0.5385524,2086.8177400059303,0.34032235900673047,5.520145E-5,17.987278,0.0027213714,0.569256,0.015087307,0.02179998,0.019727118,0.043139648,0.029149322,0.840704,0.019489093,0.031369142,0.01266013,0.4484782,0.16634645,null,null,null,null,"TWOGAUSSIANS",8,4.054143,0.840704,0.019489093,0.1756672,0.07089673,0.4484782,0.16634645,0.569256,0.015087307,0.12207989,0.11047186,0.043139648,0.029149322
375316653866487564,4658829984650695808,0.51367027,2116.8026146115085,0.13317559787846947,2.5971056E-5,18.66116,0.0048091765,0.12407635,0.001067066,0.013634553,0.0010979525,0.32372868,0.007925044,0.44256267,0.0375578,0.108250305,0.060130376,0.03037376,0.014418972,null,null,null,null,"TWOGAUSSIANS",8,2.1416645,0.12408636,0.001066626,0.0763535,0.006148534,0.324128,0.008139321,0.44256267,0.0375578,0.4,0.0,0.030372344,0.014500204
375316653866487564,4658829988978936448,0.5292583,2104.417599450829,0.4017708483064608,2.7813028E-5,16.418652,0.0012920435,0.6854484,0.0055583143,0.011210559,0.0041872053,0.01284093,0.009432467,0.43843797,1.803184E-4,0.0179674,2.8688874E-4,0.28677022,0.0032872204,null,null,null,null,"TWOGAUSSIANS",8,6.697601,0.43843797,1.803184E-4,0.10061743,0.001606577,0.28677022,0.0032872204,0.6854484,0.0055583143,0.06277913,0.02344835,0.01284093,0.009432467
375316653866487564,4658830195137351552,0.51177907,2085.075394399216,0.9252774740650008,7.716013E-6,18.146622,0.0035381017,0.3464107,0.00163657,0.03142266,0.0029825894,0.18388256,0.01700745,0.8537671,0.0076081245,0.03395095,0.0076106,0.15445408,0.00940108,null,null,null,null,"TWOGAUSSIANS",8,2.676005,0.3464107,0.00163657,0.17596689,0.016702501,0.18388256,0.01700745,0.8537671,0.0076081245,0.19012533,0.04261936,0.15445408,0.00940108
375316653866487564,4658830263856816384,0.45135337,2101.241897114132,0.4764212074596008,2.9390494E-5,18.211586,0.03471437,0.26950955,0.016389871,0.107086994,0.038569108,0.082548834,0.03382314,0.76879907,0.011035573,0.11784637,0.045764193,0.07358301,0.03229407,null,null,null,null,"TWOGAUSSIANS",8,2.2426116,0.26950955,0.016409986,0.4,0.0,0.06955114,0.006540739,0.76879907,0.011058671,0.4,0.0,0.060570206,0.0068580047
375316653866487564,4658830263857084160,0.5693593,2090.890826072214,0.25062259500495065,3.432494E-5,15.249955,0.0012704293,0.19186807,0.011317595,0.017603276,0.01710478,0.29938668,0.53815764,0.73734045,0.0106748,0.021655437,0.018654913,0.098030314,0.20236674,0.0050964877,0.0021538953,0.19186807,0.011317595,"TWOGAUSSIANS_WITH_ELLIPSOIDAL_ON_ECLIPSE1",9,8.1013155,0.19186807,0.011317595,0.09857835,0.095786765,0.30957967,0.53920686,0.73734045,0.0106748,0.12127044,0.10446751,0.10741362,0.20303884
375316653866487564,4658830366936103040,0.5034599,2097.4787270544957,0.4030677040250103,1.9280797E-5,15.100652,0.0026414983,0.25607264,0.0025003494,0.020869877,0.018378314,0.16645637,1.3149979,0.75787646,4.777494E-4,0.011321784,0.0023003242,0.1166261,0.019726973,0.009479011,0.0037319069,0.25607264,0.0025003494,"TWOGAUSSIANS_WITH_ELLIPSOIDAL_ON_ECLIPSE1",9,26.871273,0.25607264,0.0025003494,0.11687132,0.10291856,0.18541439,1.3171216,0.75787646,4.777494E-4,0.06340199,0.012881815,0.13558169,0.01943092
375316653866487564,4658830573094736128,0.48333716,2129.6296856510644,0.8390609513983743,1.2863241E-5,16.334837,0.0019252327,0.17927904,0.020409452,0.04086034,0.0057050977,0.05427929,0.015024704,0.69187623,0.0045782905,0.05310708,0.004687899,0.11449379,0.011223136,null,null,null,null,"TWOGAUSSIANS",8,6.331626,0.69187623,0.0045782905,0.29739964,0.026252232,0.114493735,0.011223159,0.17927904,0.020409452,0.22881791,0.031948548,0.054279234,0.015024681
375316653866487564,4658831191569906432,0.5068176,2071.7677766020656,0.6037989059970416,6.7684887E-6,17.653042,0.0042103403,0.26860407,0.0015739048,0.021711936,0.00138754,0.34973434,0.043588422,0.8329957,0.0018700287,0.022534678,0.0021222816,0.42051086,0.021089697,null,null,null,null,"TWOGAUSSIANS",8,11.240349,0.8329957,0.0018700287,0.1261942,0.011884777,0.42051086,0.021089697,0.26860407,0.0015739048,0.121586844,0.007770224,0.34973434,0.043588422
375316653866487564,4658831290329864576,0.4849165,2063.2449337566613,0.2558250779873658,1.1567643E-5,19.611578,0.010857664,0.19668406,0.013936029,0.06361575,0.013476329,0.24729788,0.023914022,0.6846551,0.0053145597,0.062278956,0.005902847,0.32082972,0.020150864,null,null,null,null,"TWOGAUSSIANS",8,2.309763,0.6846551,0.0053145597,0.34876215,0.033055943,0.3206858,0.02012055,0.19668406,0.013936029,0.3562482,0.06607814,0.24715398,0.024003064
375316653866487564,4658831324739853056,0.44718772,2051.265266756455,0.9646151005178216,2.0094047E-5,15.144675,0.011269382,0.14955209,0.0077939634,0.050316297,0.02084979,0.06335363,0.019801259,0.6420184,0.01851891,0.011563437,0.029803967,0.007610742,0.035429962,0.028031005,0.014108225,0.6420184,0.01851891,"TWOGAUSSIANS_WITH_ELLIPSOIDAL_ON_ECLIPSE2",9,28.031675,0.14842209,0.005118525,0.28177127,0.11675882,0.11930879,0.0127349,0.6420184,0.01851891,0.064755246,0.16690221,0.06367259,0.022930674
375316653866487564,4658831359099224832,0.446438,2139.202961808831,0.010606326079211475,4.9019945E-6,18.426195,0.0037912657,0.40209666,0.019206677,0.0333633,0.023871655,0.025114398,0.017743519,0.76176846,0.0981457,0.002350501,0.017791895,0.21322706,66591.484,null,null,null,null,"TWOGAUSSIANS",8,2.5710332,0.76176846,0.0981457,0.013162806,0.09963462,0.21322706,66591.484,0.40209666,0.019206677,0.18683448,0.13368127,0.025114398,0.017743519
375316653866487564,4658831565208195968,0.51229143,2016.5224992069648,0.30139896245187187,1.6052529E-5,19.437073,0.03595955,0.5992597,0.1049057,0.19359545,0.21078628,0.028432034,0.032940533,0.70986956,1.8341283E-4,0.017898463,7.4876536E-4,0.5288626,0.012943692,null,null,null,null,"TWOGAUSSIANS",8,2.4253747,0.70986956,1.8341283E-4,0.10023139,0.0041930857,0.55098885,0.019935224,0.5992597,0.14940667,0.4,0.0,0.026407305,0.5170106
