Gaia/vari_eclipsing_binary/VariEclipsingBinary_538836-540697.csv
# %ECSV 1.0
# ---
# delimiter: ','
# meta: !!omap
# - RELEASE: Gaia DR3
# - TABLE: vari_eclipsing_binary
# - DESCRIPTION: >
#     This table describes the properties of the eclipsing binaries resulting from the variability analysis. 
# - CITATION: >
#     How to cite and acknowledge Gaia: 
#     https://gea.esac.esa.int/archive/documentation/credits.html 
# - KNOWN_ISSUES: >
#     Known issues: 
#     https://www.cosmos.esa.int/web/gaia-users/known-issues 
# - DOCUMENTATION: >
#     Tutorials and documentation: 
#     https://www.cosmos.esa.int/web/gaia-users/archive 
# datatype:
# - 
#   name: solution_id
#   datatype: int64
#   description: Solution Identifier
#   meta:
#     ucd: meta.version
# - 
#   name: source_id
#   datatype: int64
#   description: Unique source identifier
#   meta:
#     ucd: meta.id;meta.main
# - 
#   name: global_ranking
#   datatype: float32
#   description: Number between 0 (worst) and 1 (best)
#   meta:
#     ucd: stat.param
# - 
#   name: reference_time
#   datatype: float64
#   unit: d
#   description: Reference time used for the geometric model fit
#   meta:
#     ucd: time.epoch
# - 
#   name: frequency
#   datatype: float64
#   unit: d**-1
#   description: Frequency of geometric model of the eclipsing binary light curve
#   meta:
#     ucd: src.orbital
# - 
#   name: frequency_error
#   datatype: float32
#   unit: d**-1
#   description: "Uncertainty of \\texttt{frequency}"
#   meta:
#     ucd: stat.error
# - 
#   name: geom_model_reference_level
#   datatype: float32
#   unit: mag
#   description: Magnitude reference level of geometric model
#   meta:
#     ucd: phot.mag;em.opt
# - 
#   name: geom_model_reference_level_error
#   datatype: float32
#   unit: mag
#   description: "Uncertainty of \\texttt{geomModelReferenceLevel}"
#   meta:
#     ucd: stat.error;phot.mag;em.opt
# - 
#   name: geom_model_gaussian1_phase
#   datatype: float32
#   description: Phase of the Gaussian 1 component
#   meta:
#     ucd: time.phase
# - 
#   name: geom_model_gaussian1_phase_error
#   datatype: float32
#   description: "Uncertainty of \\texttt{geomModelGaussian1Phase}"
#   meta:
#     ucd: stat.error;time.phase
# - 
#   name: geom_model_gaussian1_sigma
#   datatype: float32
#   description: "Standard deviation [phase] of Gaussian 1 component"
#   meta:
#     ucd: stat.stdev
# - 
#   name: geom_model_gaussian1_sigma_error
#   datatype: float32
#   description: "Uncertainty of \\texttt{geomModelGaussian1Sigma}"
#   meta:
#     ucd: stat.error
# - 
#   name: geom_model_gaussian1_depth
#   datatype: float32
#   unit: mag
#   description: Magnitude depth of Gaussian 1 component
#   meta:
#     ucd: src.var.amplitude
# - 
#   name: geom_model_gaussian1_depth_error
#   datatype: float32
#   unit: mag
#   description: "Uncertainty of \\texttt{geomModelGaussian1Depth}"
#   meta:
#     ucd: stat.error;src.var.amplitude
# - 
#   name: geom_model_gaussian2_phase
#   datatype: float32
#   description: Phase of Gaussian 2 component
#   meta:
#     ucd: time.phase
# - 
#   name: geom_model_gaussian2_phase_error
#   datatype: float32
#   description: "Uncertainty of \\texttt{geomModelGaussian2Phase}"
#   meta:
#     ucd: stat.error;time.phase
# - 
#   name: geom_model_gaussian2_sigma
#   datatype: float32
[...]
#   datatype: float32
#   description: "Secondary eclipse: uncertainty of \\texttt{derivedSecondaryEclDuration}"
#   meta:
#     ucd: stat.error;time.duration
# - 
#   name: derived_secondary_ecl_depth
#   datatype: float32
#   unit: mag
#   description: "Secondary eclipse: depth"
#   meta:
#     ucd: src.var.amplitude
# - 
#   name: derived_secondary_ecl_depth_error
#   datatype: float32
#   unit: mag
#   description: "Secondary eclipse: uncertainty of \\texttt{derivedSecondaryEclDepth}"
#   meta:
#     ucd: stat.error;src.var.amplitude
solution_id,source_id,global_ranking,reference_time,frequency,frequency_error,geom_model_reference_level,geom_model_reference_level_error,geom_model_gaussian1_phase,geom_model_gaussian1_phase_error,geom_model_gaussian1_sigma,geom_model_gaussian1_sigma_error,geom_model_gaussian1_depth,geom_model_gaussian1_depth_error,geom_model_gaussian2_phase,geom_model_gaussian2_phase_error,geom_model_gaussian2_sigma,geom_model_gaussian2_sigma_error,geom_model_gaussian2_depth,geom_model_gaussian2_depth_error,geom_model_cosine_half_period_amplitude,geom_model_cosine_half_period_amplitude_error,geom_model_cosine_half_period_phase,geom_model_cosine_half_period_phase_error,model_type,num_model_parameters,reduced_chi2,derived_primary_ecl_phase,derived_primary_ecl_phase_error,derived_primary_ecl_duration,derived_primary_ecl_duration_error,derived_primary_ecl_depth,derived_primary_ecl_depth_error,derived_secondary_ecl_phase,derived_secondary_ecl_phase_error,derived_secondary_ecl_duration,derived_secondary_ecl_duration_error,derived_secondary_ecl_depth,derived_secondary_ecl_depth_error
[from data line 323]
375316653866487564,4755963423124859264,0.47132257,2208.9729439078637,0.8316148385615897,2.7518008E-5,19.144783,0.016055543,0.18972316,0.008973103,0.0808875,0.02246509,0.06409066,0.017144503,0.68556666,0.019925123,0.08130704,0.02378448,0.1483561,0.019106828,null,null,null,null,"TWOGAUSSIANS",8,1.2491726,0.68556666,0.019925123,0.4,0.0,0.1468136,0.0138660995,0.18972316,0.00896912,0.4,0.0,0.062548175,0.013487813
375316653866487564,4755965755295064064,0.5178861,2185.6827898301062,4.73879032169165,1.8658486E-4,19.46793,0.015894996,0.58124083,0.014166999,0.0466652,0.095216736,2.3059714,2.1957018,null,null,null,null,null,null,null,null,null,null,"ONEGAUSSIAN",5,6.9682674,0.58124083,0.014166999,0.26132512,0.13530591,2.3059714,0.0,null,null,null,null,null,null
375316653866487564,4755973902846867840,0.5037447,2245.317590316138,0.9207829949235425,4.4646145E-5,19.491245,0.009690122,0.20941173,0.0066851554,0.031240886,0.011686967,0.9925312,0.56297094,0.6610806,0.015739439,0.053131264,0.022457704,0.04623052,0.02903638,null,null,null,null,"TWOGAUSSIANS",8,2.39461,0.20941173,0.0066851554,0.17494896,0.06544702,0.9925312,0.56297123,0.6610806,0.015739439,0.2975351,0.12576313,0.04623052,0.029036356
375316653866487564,4755978227883673216,0.49540317,2201.8499907071446,1.000053269410403,5.9843922E-5,19.834759,0.006011824,0.13923717,0.0070713568,0.01681722,0.005269053,0.4058562,0.881479,0.6091335,0.014128794,0.027536293,0.009457786,0.10047093,0.042103935,null,null,null,null,"TWOGAUSSIANS",8,0.78901225,0.13923717,0.0070713568,0.094176434,0.029506696,0.4058562,0.881479,0.6091335,0.014128794,0.15420325,0.0529636,0.10047093,0.042103935
375316653866487564,4755979464844134656,0.50659174,2221.707588002332,0.2761966335875691,3.0553908E-6,19.858189,0.014931748,0.3960917,2.1934924E-4,0.022490734,9.885969E-4,1.2831124,0.08990068,0.7724779,0.06558867,0.052234296,0.050000027,0.050380763,0.016787905,null,null,null,null,"TWOGAUSSIANS",8,2.3487263,0.3960917,2.1550636E-4,0.12594812,0.0055361427,1.2831124,0.08980167,0.7724779,0.06558867,0.29251206,0.15321505,0.050380763,0.016787725
375316653866487564,4755983313117413760,0.4897111,2212.597102320704,1.3114329574834571,1.6499213E-4,18.028858,0.0042214226,0.4511503,0.013180848,0.046363,0.0129200425,0.5215423,0.5313461,0.7203919,0.013549641,0.043184765,0.018698653,0.020820778,0.0036488858,null,null,null,null,"TWOGAUSSIANS",8,9.9444475,0.4511503,0.013180848,0.2596328,0.07235224,0.5215423,0.5313461,0.7203919,0.013549641,0.24183469,0.10471246,0.020820802,0.0036489055
375316653866487564,4755983420492346112,0.48111004,2193.7545369652908,0.5792345630249982,4.7899033E-5,18.580904,0.0036046912,0.17435937,0.021120189,0.023807252,0.019520033,0.034677617,0.32739347,0.43086827,0.0053371885,0.039673556,0.0048917453,0.23364034,0.05848207,null,null,null,null,"TWOGAUSSIANS",8,1.587172,0.43086827,0.0053371885,0.2221719,0.027393773,0.23364034,0.05848207,0.17435937,0.021120189,0.13332061,0.109312184,0.034677617,0.32739347
375316653866487564,4755983798449624320,0.4877778,2212.790247377829,1.4113459181273613,2.3146951E-5,19.126957,1.067734,0.25002164,0.007412713,0.21181466,0.20276165,0.7418278,1.0384628,0.7472568,0.007867425,0.15195967,0.08910427,0.7400999,0.8492873,null,null,null,null,"TWOGAUSSIANS",8,1.6579198,0.7472568,0.007867425,0.4,0.0,0.2749849,0.024219451,0.25059164,0.007838209,0.4,0.0,0.19182608,0.01655996
375316653866487564,4755985477786849024,0.4816105,2185.270322890891,2.8641646069371287,1.14943046E-4,19.280966,0.026185952,0.19240032,0.06252924,0.04228287,0.12572126,0.08915688,120.246025,0.44808552,0.009163271,0.024805263,0.013163581,1.1585339,0.94523495,null,null,null,null,"TWOGAUSSIANS",8,8.41306,0.44808552,0.009163271,0.13890947,0.07371605,1.1585339,0.95029867,0.19240032,0.06252924,0.23678407,0.45187026,0.08915688,120.246025
375316653866487564,4755990253800710912,0.5426347,2210.030425387162,1.5949001974488566,7.140687E-5,18.72383,0.0042341575,0.24330641,0.008028501,0.025047274,0.02482182,0.06524201,10.44463,0.72440255,0.005536957,0.03960505,0.0045628995,0.44860244,0.14969195,null,null,null,null,"TWOGAUSSIANS",8,2.0350547,0.72440255,0.005536957,0.22178829,0.025552237,0.44860244,0.14969195,0.24330641,0.008028501,0.14026473,0.13900219,0.06524201,10.44463
375316653866487564,4755991215873171328,0.5600628,2230.4660340191563,4.023690911588845,8.452321E-5,19.577147,0.0062189777,0.22264226,0.016870167,0.07230105,0.020334931,0.14909945,0.14837384,0.71928203,1.0919041E-4,0.008306276,2.5019236E-4,0.80221874,0.012239979,null,null,null,null,"TWOGAUSSIANS",8,1.3021584,0.71928203,1.0919041E-4,0.046515148,0.0014010771,0.80221874,0.01223998,0.22264226,0.016870167,0.4,0.09455491,0.14909945,0.14837384
375316653866487564,4755994926714161792,0.5279152,2228.900918978098,0.8126235581460554,3.3187796E-5,19.171045,0.011501549,0.36344975,0.038117975,0.038685486,0.058532648,1.0981812,1.088123,0.851445,0.030000586,0.03646343,0.02049828,0.101894885,0.022536011,null,null,null,null,"TWOGAUSSIANS",8,2.397901,0.36344975,0.038117975,0.21663873,0.20251845,1.0981812,1.0881952,0.851445,0.030000586,0.2041952,0.114790365,0.101894885,0.022506846
375316653866487564,4756002485867793024,0.52623975,2242.550719077773,0.6768430472528967,2.761286E-5,19.486221,0.007136984,0.27937904,0.0068399617,0.045585588,0.0039364547,0.32650432,0.060407728,0.77782553,0.0057077724,0.0366193,0.004288313,0.5071234,0.05287601,null,null,null,null,"TWOGAUSSIANS",8,1.7401547,0.77782553,0.0057077724,0.20506808,0.024014551,0.5071234,0.05287603,0.27937904,0.0068399617,0.25527927,0.022044145,0.32650432,0.060407735
375316653866487564,4756002730676912128,0.46535394,2226.3205721684944,1.4913847714406907,7.5678465E-5,16.070404,0.0019224796,0.31674075,0.008843767,0.043254748,0.0064085005,0.102820076,0.028237104,0.6801183,0.008812021,0.021739278,0.012046358,0.017324332,0.010441972,null,null,null,null,"TWOGAUSSIANS",8,8.049332,0.31674075,0.008843767,0.2422266,0.035887603,0.102820076,0.028237104,0.6801183,0.008812021,0.121739954,0.067459606,0.017324332,0.010441972
375316653866487564,4756003624018050816,0.52986807,2213.1811825414957,0.8583388658091272,3.2868713E-5,18.691187,0.00442921,0.22576502,0.0030784248,0.033664472,0.008538418,0.13238665,0.016931664,0.7272183,0.0159753,0.044610865,0.008037285,0.7256154,0.6160973,null,null,null,null,"TWOGAUSSIANS",8,2.3642004,0.7272183,0.0159753,0.24982084,0.045008797,0.7256154,0.6160973,0.22576502,0.0030784248,0.18852104,0.047815144,0.13238665,0.016931685
375316653866487564,4756009220374740224,0.510078,2237.5172880442533,0.7339821068031172,1.1986601E-5,19.612894,0.0141759105,0.16444552,0.005243737,0.043231472,0.007480466,0.21674949,0.015192515,0.6694911,0.002337822,0.029966203,0.0028275275,0.3986494,0.022620596,null,null,null,null,"TWOGAUSSIANS",8,4.0477967,0.6694911,0.002337822,0.16781074,0.015834153,0.3986494,0.022620596,0.16444552,0.005243737,0.24209623,0.04189061,0.21674949,0.015192515
375316653866487564,4756011866074680192,0.51452273,2214.0606002227883,1.0384524868934104,2.2422097E-5,18.247099,0.0045964946,0.69625944,0.0060340962,0.044608466,0.013448893,0.29744598,0.1000879,null,null,null,null,null,null,0.050712142,0.0063981265,0.69625944,0.0060340962,"ONEGAUSSIAN_WITH_ELLIPSOIDAL",6,4.0536733,0.69625944,0.0060340962,0.24980742,0.07531381,0.39887008,0.10232242,null,null,null,null,null,null
375316653866487564,4756013652769934848,0.48694456,2183.32003102725,0.27793590017181974,1.6428427E-4,19.857351,0.008870213,0.24418017,0.0031497981,0.01514565,0.003457543,2.074337,17.498098,0.5840823,0.027276322,0.10814482,0.020354155,0.15127689,0.027840689,null,null,null,null,"TWOGAUSSIANS",8,2.3628435,0.24418017,0.0031497343,0.084815644,0.01936224,2.075413,17.498236,0.5840823,0.027276322,0.4,0.0,0.15126997,0.027845101
375316653866487564,4756016504625303808,0.51227576,2241.469547702181,0.412148869799185,7.044446E-5,18.58265,0.0036090584,0.488126,0.0017024842,0.029103063,0.0020142286,0.370525,0.041938934,null,null,null,null,null,null,null,null,null,null,"ONEGAUSSIAN",5,4.0128055,0.488126,0.0017024842,0.16297716,0.01127968,0.370525,0.0,null,null,null,null,null,null
375316653866487564,4756017986395256448,0.5013039,2225.5950024310405,4.942692953231593,9.661105E-5,19.112062,0.005257923,0.10970267,0.0054926593,0.036938455,0.0052390033,0.2899515,0.046296768,0.8478505,0.09023084,0.04614099,0.05820817,0.44088075,8.7631389E10,null,null,null,null,"TWOGAUSSIANS",8,2.4881177,0.8478505,0.09023084,0.25838956,0.32596576,0.44088075,8.7631389E10,0.10970267,0.0054926593,0.20685534,0.02933842,0.28995156,0.0462968
375316653866487564,4756019017193615616,0.492414,2242.518411023162,0.449354580157236,5.7485653E-5,19.752733,0.0066051898,0.5849485,0.012012615,0.032761477,0.004739885,0.9820486,0.45513287,null,null,null,null,null,null,null,null,null,null,"ONEGAUSSIAN",5,2.3036532,0.5849485,0.012012615,0.18346427,0.026543356,0.9820486,0.0,null,null,null,null,null,null
375316653866487564,4756021383708131712,0.49501702,2244.4544821511176,0.9442507680023567,1.9011351E-5,18.591824,0.1678628,0.2392418,0.013131652,0.15711579,0.074723095,0.22752975,0.1664454,0.7255772,0.0045444854,0.11144326,0.024076015,0.3428574,0.1385175,null,null,null,null,"TWOGAUSSIANS",8,3.7457347,0.7255772,0.0045444854,0.4,0.0,0.26253444,0.015296022,0.2393118,0.013013538,0.4,0.0,0.1442638,0.013296353
375316653866487564,4756021555522781056,0.56932956,2235.5620894017616,0.49330407820394084,2.799932E-6,19.024569,0.0083644325,0.19556482,0.008518248,0.044261884,0.009975457,0.0927618,0.010581439,0.7020738,0.0014734956,0.03725777,0.0015651939,0.57375634,0.018436182,null,null,null,null,"TWOGAUSSIANS",8,1.9139977,0.7020738,0.0014734956,0.2086435,0.008765086,0.57375634,0.018436175,0.19556482,0.008518248,0.24786654,0.055862553,0.0927618,0.010581433
375316653866487564,4756024544804329088,0.54543465,2231.3512718791626,0.9367356264777404,7.393254E-6,18.565756,0.005115953,0.45552555,0.008543397,0.067549944,0.0054761805,0.4190479,0.05050173,0.24350625,0.11431374,0.047006905,0.05857774,0.0691894,2.3776419E34,null,null,null,null,"TWOGAUSSIANS",8,4.8315644,0.45552555,0.008531383,0.37827972,0.030666612,0.41905054,0.050500575,0.24926627,0.31029177,0.26323867,0.32803532,0.072631955,2.3776419E34
375316653866487564,4756026988652862080,0.5520413,2227.7948261682536,0.06296379290909959,1.16819036E-4,17.571232,0.011180824,0.4058786,0.0019844386,0.037913997,0.0022961486,0.2881081,0.006153495,0.7690982,0.054065954,0.20893876,0.13144363,0.018635198,0.010330029,null,null,null,null,"TWOGAUSSIANS",8,3.0846176,0.4060386,0.002060375,0.21231838,0.012858432,0.29017445,0.00786205,0.7690982,0.054065954,0.4,0.0,0.016407741,0.0060533523
375316653866487564,4756028122513432064,0.50560015,2226.5402706716595,3.093454159053202,1.7184078E-5,19.29559,0.003460435,0.14644256,0.0090642255,0.03145698,0.008589646,0.066518664,0.009827064,0.47461313,0.004178706,0.13473049,0.010618646,0.2621363,0.02434774,null,null,null,null,"TWOGAUSSIANS",8,1.2761824,0.47461313,0.004178706,0.4,0.0,0.26160055,0.024849633,0.15031257,0.007774675,0.1761591,0.048102014,0.07995068,0.010098089
375316653866487564,4756028225592581632,0.5838166,2184.6092509579144,0.9439893555623036,5.7585266E-6,19.165588,0.0129245585,0.35391444,0.001884551,0.039067965,0.0028792643,0.8541066,0.062161002,0.8659434,0.009960622,0.04469084,0.007244936,0.09311934,0.018006455,null,null,null,null,"TWOGAUSSIANS",8,4.2774587,0.35391444,0.001884551,0.2187806,0.01612388,0.8541066,0.062161013,0.8659434,0.009960622,0.2502687,0.040571645,0.09311934,0.018006442
375316653866487564,4756028672269169408,0.5045992,2215.8667381483788,0.09194613561378058,4.3583517E-5,19.293037,0.0077997735,0.14706008,0.0072001526,0.03966507,0.016626375,0.19089584,0.04332013,0.65608996,0.024364049,0.036530405,0.012411098,0.44654506,0.21151307,null,null,null,null,"TWOGAUSSIANS",8,3.1668358,0.65608996,0.024364049,0.20457028,0.06950215,0.44654506,0.21151304,0.14706008,0.0072001526,0.22212438,0.0931077,0.19089584,0.04332015
375316653866487564,4756029806151385216,0.501863,2255.5444289933403,0.11083476532494357,3.0660987E-5,18.611914,0.011888834,0.17784913,0.013557455,0.03216759,0.013069497,0.23355955,0.12695453,0.8241938,0.038150147,0.13790162,0.05965899,0.027374012,0.013762694,null,null,null,null,"TWOGAUSSIANS",8,1.6452252,0.17776912,0.013443574,0.1801385,0.073189184,0.23450175,0.12592795,0.8241938,0.038150147,0.4,0.0,0.027293598,0.013667396
