Gaia/vari_eclipsing_binary/VariEclipsingBinary_396809-398019.csv
# %ECSV 1.0
# ---
# delimiter: ','
# meta: !!omap
# - RELEASE: Gaia DR3
# - TABLE: vari_eclipsing_binary
# - DESCRIPTION: >
#     This table describes the properties of the eclipsing binaries resulting from the variability analysis. 
# - CITATION: >
#     How to cite and acknowledge Gaia: 
#     https://gea.esac.esa.int/archive/documentation/credits.html 
# - KNOWN_ISSUES: >
#     Known issues: 
#     https://www.cosmos.esa.int/web/gaia-users/known-issues 
# - DOCUMENTATION: >
#     Tutorials and documentation: 
#     https://www.cosmos.esa.int/web/gaia-users/archive 
# datatype:
# - 
#   name: solution_id
#   datatype: int64
#   description: Solution Identifier
#   meta:
#     ucd: meta.version
# - 
#   name: source_id
#   datatype: int64
#   description: Unique source identifier
#   meta:
#     ucd: meta.id;meta.main
# - 
#   name: global_ranking
#   datatype: float32
#   description: Number between 0 (worst) and 1 (best)
#   meta:
#     ucd: stat.param
# - 
#   name: reference_time
#   datatype: float64
#   unit: d
#   description: Reference time used for the geometric model fit
#   meta:
#     ucd: time.epoch
# - 
#   name: frequency
#   datatype: float64
#   unit: d**-1
#   description: Frequency of geometric model of the eclipsing binary light curve
#   meta:
#     ucd: src.orbital
# - 
#   name: frequency_error
#   datatype: float32
#   unit: d**-1
#   description: "Uncertainty of \\texttt{frequency}"
#   meta:
#     ucd: stat.error
# - 
#   name: geom_model_reference_level
#   datatype: float32
#   unit: mag
#   description: Magnitude reference level of geometric model
#   meta:
#     ucd: phot.mag;em.opt
# - 
#   name: geom_model_reference_level_error
#   datatype: float32
#   unit: mag
#   description: "Uncertainty of \\texttt{geomModelReferenceLevel}"
#   meta:
#     ucd: stat.error;phot.mag;em.opt
# - 
#   name: geom_model_gaussian1_phase
#   datatype: float32
#   description: Phase of the Gaussian 1 component
#   meta:
#     ucd: time.phase
# - 
#   name: geom_model_gaussian1_phase_error
#   datatype: float32
#   description: "Uncertainty of \\texttt{geomModelGaussian1Phase}"
#   meta:
#     ucd: stat.error;time.phase
# - 
#   name: geom_model_gaussian1_sigma
#   datatype: float32
#   description: "Standard deviation [phase] of Gaussian 1 component"
#   meta:
#     ucd: stat.stdev
# - 
#   name: geom_model_gaussian1_sigma_error
#   datatype: float32
#   description: "Uncertainty of \\texttt{geomModelGaussian1Sigma}"
#   meta:
#     ucd: stat.error
# - 
#   name: geom_model_gaussian1_depth
#   datatype: float32
#   unit: mag
#   description: Magnitude depth of Gaussian 1 component
#   meta:
#     ucd: src.var.amplitude
# - 
#   name: geom_model_gaussian1_depth_error
#   datatype: float32
#   unit: mag
#   description: "Uncertainty of \\texttt{geomModelGaussian1Depth}"
#   meta:
#     ucd: stat.error;src.var.amplitude
# - 
#   name: geom_model_gaussian2_phase
#   datatype: float32
#   description: Phase of Gaussian 2 component
#   meta:
#     ucd: time.phase
# - 
#   name: geom_model_gaussian2_phase_error
#   datatype: float32
#   description: "Uncertainty of \\texttt{geomModelGaussian2Phase}"
#   meta:
#     ucd: stat.error;time.phase
# - 
#   name: geom_model_gaussian2_sigma
#   datatype: float32
[...]
#   datatype: float32
#   description: "Secondary eclipse: uncertainty of \\texttt{derivedSecondaryEclDuration}"
#   meta:
#     ucd: stat.error;time.duration
# - 
#   name: derived_secondary_ecl_depth
#   datatype: float32
#   unit: mag
#   description: "Secondary eclipse: depth"
#   meta:
#     ucd: src.var.amplitude
# - 
#   name: derived_secondary_ecl_depth_error
#   datatype: float32
#   unit: mag
#   description: "Secondary eclipse: uncertainty of \\texttt{derivedSecondaryEclDepth}"
#   meta:
#     ucd: stat.error;src.var.amplitude
solution_id,source_id,global_ranking,reference_time,frequency,frequency_error,geom_model_reference_level,geom_model_reference_level_error,geom_model_gaussian1_phase,geom_model_gaussian1_phase_error,geom_model_gaussian1_sigma,geom_model_gaussian1_sigma_error,geom_model_gaussian1_depth,geom_model_gaussian1_depth_error,geom_model_gaussian2_phase,geom_model_gaussian2_phase_error,geom_model_gaussian2_sigma,geom_model_gaussian2_sigma_error,geom_model_gaussian2_depth,geom_model_gaussian2_depth_error,geom_model_cosine_half_period_amplitude,geom_model_cosine_half_period_amplitude_error,geom_model_cosine_half_period_phase,geom_model_cosine_half_period_phase_error,model_type,num_model_parameters,reduced_chi2,derived_primary_ecl_phase,derived_primary_ecl_phase_error,derived_primary_ecl_duration,derived_primary_ecl_duration_error,derived_primary_ecl_depth,derived_primary_ecl_depth_error,derived_secondary_ecl_phase,derived_secondary_ecl_phase_error,derived_secondary_ecl_duration,derived_secondary_ecl_duration_error,derived_secondary_ecl_depth,derived_secondary_ecl_depth_error
[from data line 288]
375316653866487564,3500142267404985344,0.48321,2278.3700826086224,0.007051006641213183,2.8654269E-5,19.858278,0.00907922,0.27792463,0.11565281,0.04738333,0.03825047,0.6079535,0.53024495,0.7886456,0.016457066,0.03573135,0.0075955773,0.4285178,0.086051784,null,null,null,null,"TWOGAUSSIANS",8,2.0846462,0.27792463,0.11565281,0.26534665,0.21420263,0.6079534,0.5302449,0.7886456,0.016457066,0.20009555,0.042535234,0.4285178,0.08605178
375316653866487564,3500167276999837696,0.61989474,2278.406225975292,4.005565950403178,7.4685745E-6,17.749018,0.005889151,0.1743211,0.0031424048,0.048124127,0.003397743,0.1492192,0.015027769,0.65463823,0.0024093697,0.051666044,0.005247888,0.21593305,0.019416038,0.12544085,0.008812945,0.65463823,0.0024093697,"TWOGAUSSIANS_WITH_ELLIPSOIDAL_ON_ECLIPSE2",9,3.3316522,0.65463823,0.0024093697,0.28932986,0.029388174,0.4668123,0.014798125,0.1697011,0.0023320566,0.2694951,0.019027362,0.39717188,0.007846245
375316653866487564,3500184285070429568,0.5687506,2262.9886675362395,3.088987828220667,1.2379278E-5,18.28006,0.00820019,0.15118636,0.0032479758,0.080162115,0.00399438,0.37469837,0.009584541,0.6494753,0.0029092298,0.08661277,0.004499007,0.3775302,0.014331751,null,null,null,null,"TWOGAUSSIANS",8,4.3399367,0.6494753,0.0029092298,0.4,0.0,0.36938536,0.014603348,0.15118636,0.0032479758,0.4,0.0,0.36655357,0.008658377
375316653866487564,3500229094464773120,0.5295816,2277.3039113527548,3.1729881735009196,1.4696361E-5,14.349381,0.025230348,0.13632149,0.003534013,0.101982504,0.014834952,0.18146785,0.021814898,0.6302148,0.0023610035,0.10239092,0.014344237,0.17546247,0.021234108,null,null,null,null,"TWOGAUSSIANS",8,143.95189,0.13632149,0.003544612,0.4,0.0,0.16484214,0.013176472,0.6302148,0.0023610035,0.4,0.0,0.15883662,0.006981438
375316653866487564,3500245587139099264,0.5259942,2268.1524359695113,3.396053272285906,9.676191E-6,14.398422,0.018118948,0.24749173,0.0032080181,0.096390754,0.01010953,0.21275143,0.014236677,0.75224185,0.00179938,0.102957875,0.0075952793,0.25406897,0.01656643,null,null,null,null,"TWOGAUSSIANS",8,77.08007,0.75224185,0.00179938,0.4,0.0,0.23517908,0.0061456156,0.24749173,0.0032080181,0.4,0.0,0.19386485,0.0066117314
375316653866487564,3500272662613716864,0.6328444,2227.9868922707806,0.5229331120150691,2.348591E-5,17.710594,0.002969109,0.20494126,0.006700284,0.027751053,0.0056991656,0.08060284,0.01411618,0.6962368,7.85718E-4,0.022374434,5.824065E-4,0.96205634,0.017044764,0.019273205,0.005810154,0.20494126,0.006700284,"TWOGAUSSIANS_WITH_ELLIPSOIDAL_ON_ECLIPSE1",9,5.5872064,0.6962468,7.848558E-4,0.12529683,0.0032614763,1.0004877,0.016053302,0.20494126,0.006700284,0.1554059,0.031915326,0.11914925,0.01149872
375316653866487564,3500358145347055744,0.5065241,2278.035888061406,0.4404008359693076,2.0724952E-5,17.940481,0.019931145,0.2439595,0.0019499294,0.032030143,0.001842593,1.2531403,0.108822964,null,null,null,null,null,null,0.05902439,0.0285443,0.2439595,0.0019499294,"ONEGAUSSIAN_WITH_ELLIPSOIDAL",6,122.90625,0.2439595,0.0019499294,0.1793688,0.0103185205,1.3711891,0.10065216,null,null,null,null,null,null
375316653866487564,3500365880583203712,0.62203115,2244.478976840484,1.6511415943081162,7.402483E-6,17.47225,0.001414994,0.7668919,0.001263267,0.04876927,0.0014949323,0.20680223,0.0074871257,null,null,null,null,null,null,0.05962013,0.0018476861,0.7668919,0.001263267,"ONEGAUSSIAN_WITH_ELLIPSOIDAL",6,1.7690246,0.7668919,0.001263267,0.27310792,0.008371621,0.32604203,0.007010214,null,null,null,null,null,null
375316653866487564,3500391238069330816,0.60684115,2233.298525375149,2.8313895554529553,5.4468883E-6,16.640808,0.005812128,0.2997244,0.002281993,0.09360147,0.004266597,0.2344379,0.007278661,0.80089176,0.0018054609,0.08652516,0.0031436228,0.25582144,0.005397511,null,null,null,null,"TWOGAUSSIANS",8,5.624924,0.80089176,0.0018054609,0.4,0.0,0.24564126,0.0033775459,0.2997244,0.002281993,0.4,0.0,0.22425745,0.0069319475
375316653866487564,3500428376651380992,0.50302064,2197.324607610928,0.2663548928355921,4.415586E-5,18.837145,0.0055958913,0.43211746,0.00621108,0.022424908,0.01292124,0.09882695,0.050127763,0.8564188,0.014131909,0.029247226,0.005143346,0.5404404,0.059023585,null,null,null,null,"TWOGAUSSIANS",8,4.675025,0.8564188,0.014131909,0.16378447,0.028802738,0.5404404,0.059023585,0.43211746,0.00621108,0.12557949,0.07235894,0.09882695,0.050127763
375316653866487564,3500481393728029824,0.4671635,2221.650901403994,2.5225819461398338,9.732404E-5,19.32259,0.018276816,0.2697903,0.0018433012,0.03750041,0.002389438,0.44472057,0.020980192,0.7336542,0.023101136,0.1425472,0.034754213,0.14743912,0.032176152,null,null,null,null,"TWOGAUSSIANS",8,5.1500425,0.2698303,0.0018095971,0.2100023,0.0133808525,0.44207835,0.019767838,0.7336542,0.023101136,0.4,0.0,0.14393167,0.033760916
375316653866487564,3500546471072706688,0.4920426,2231.6205041453168,0.4021983042671443,3.3555185E-5,17.241661,0.003602856,0.26530907,0.043609913,0.026743267,0.03828945,0.015275866,4.3727808E7,0.47607717,0.004774476,0.01738782,0.007764709,0.42054993,0.2714207,null,null,null,null,"TWOGAUSSIANS",8,54.274616,0.47607717,0.004774476,0.097371794,0.04348237,0.42054993,0.2714207,0.26530907,0.043609913,0.14976229,0.21442093,0.015275866,4.3727808E7
375316653866487564,3500585263216852480,0.5956241,2234.2664983160694,3.9328837312057767,6.454352E-6,18.748533,0.004832983,0.25486922,0.0028057476,0.07816757,0.002633,0.50364256,0.007625446,0.7642818,0.0018282555,0.0756435,0.003191437,0.47898835,0.022524906,null,null,null,null,"TWOGAUSSIANS",8,1.9030576,0.25486922,0.0028057476,0.4,0.0,0.4995633,0.007313547,0.7642818,0.0018282555,0.4,0.0,0.47490913,0.023269994
375316653866487564,3500600729394972544,0.6251931,2232.9903480172056,2.6532980318870796,1.3315153E-5,15.66079,0.03505448,0.28321537,0.0023479322,0.07111522,0.0092923455,0.262218,0.06777149,0.77831393,0.0024285682,0.068184935,0.0075377403,0.3560917,0.06829312,0.057637937,0.035402007,0.28321537,0.0023479322,"TWOGAUSSIANS_WITH_ELLIPSOIDAL_ON_ECLIPSE1",9,32.182484,0.7788339,0.0020090514,0.38183564,0.036904708,0.47040036,0.008913485,0.28321537,0.0023479322,0.39824525,0.032779716,0.37662435,0.01326652
375316653866487564,3500608696558670976,0.58580405,2234.0431566581024,4.7761196004867505,8.576431E-6,19.272655,0.017473951,0.25734016,0.0026597509,0.047112487,0.0051890793,0.39109433,0.048064057,0.7504765,0.002319178,0.05031182,0.0036050188,0.5481023,0.041354496,0.12997742,0.025738845,0.25734016,0.0026597509,"TWOGAUSSIANS_WITH_ELLIPSOIDAL_ON_ECLIPSE1",9,2.4397392,0.7510665,0.002036751,0.28174618,0.020188106,0.8076131,0.021754514,0.25734016,0.0026597509,0.26382992,0.029058844,0.6510465,0.037271973
375316653866487564,3500611690151521280,0.574733,2259.7466912849923,0.9900908672758347,1.49903E-5,14.0922,0.00466734,0.17912205,0.0012572582,0.027364634,0.0023269595,1.0375125,0.4146733,0.6754244,0.0018108058,0.030238219,0.0020237435,0.5642284,0.032907594,0.018751046,0.007836689,0.17912205,0.0012572582,"TWOGAUSSIANS_WITH_ELLIPSOIDAL_ON_ECLIPSE1",9,248.41406,0.17912205,0.0012572582,0.15324195,0.013030973,1.0750146,0.41714936,0.67544436,0.0018024165,0.16933402,0.011332963,0.60171026,0.03432362
375316653866487564,3500631275202336256,0.622469,2224.671634474786,3.4762408398194506,5.02156E-6,15.829529,0.009034633,0.15730974,0.002301642,0.045379203,0.0031996758,0.22080235,0.021044875,0.6586971,0.0020986903,0.056995545,0.0034496905,0.30581284,0.019786682,0.074829206,0.011553415,0.15730974,0.002301642,"TWOGAUSSIANS_WITH_ELLIPSOIDAL_ON_ECLIPSE1",9,32.654926,0.6586971,0.0020322246,0.31917506,0.019318268,0.4554414,0.008551231,0.15730974,0.002301642,0.25412354,0.017918184,0.37044227,0.008427476
375316653866487564,3500683257191354752,0.4886992,2225.1959909712664,1.768449554510886,6.709592E-6,19.285961,0.008454071,0.23869611,0.0026851993,0.005887423,0.0018120366,0.3793204,0.059768066,0.6044281,0.008948283,0.031065118,0.024663132,0.30177367,0.29722747,null,null,null,null,"TWOGAUSSIANS",8,4.076412,0.23869611,0.0026851993,0.03296957,0.010147405,0.3793204,0.059768066,0.6044281,0.008948283,0.17396465,0.13811353,0.30177367,0.29722747
375316653866487564,3500723565459627776,0.49032575,2208.305905056096,2.7591308507993237,2.0470792E-5,12.158215,0.024605516,0.24792698,0.005488979,0.10448857,0.013616839,0.2168737,0.023446843,0.75951225,0.004028543,0.1077651,0.011776482,0.23115577,0.023894906,null,null,null,null,"TWOGAUSSIANS",8,771.8825,0.75952226,0.0040301643,0.4,0.0,0.20662686,0.014196658,0.24791698,0.005495743,0.4,0.0,0.1923505,0.014151272
375316653866487564,3500766201598984576,0.5908086,2229.2979631019693,1.9188819990855586,6.2311797E-6,16.494781,0.008242745,0.31522223,0.0033211024,0.09247,0.0050883195,0.21893592,0.0075776493,0.82540536,0.0032561468,0.0823482,0.005443276,0.29460824,0.008722002,null,null,null,null,"TWOGAUSSIANS",8,10.54712,0.82540536,0.0032561468,0.4,0.0,0.28751653,0.009768216,0.31522223,0.0033211024,0.4,0.0,0.21184401,0.0047776266
375316653866487564,3500769573149379456,0.56814116,2205.836512499977,3.781565434991929,8.397672E-6,17.258936,0.0051714717,0.21262775,0.0024599624,0.04945388,0.009422349,0.066926815,0.015742538,0.7063234,0.005546928,0.042168286,0.008023115,0.0557403,0.011517328,0.07213552,0.006838474,0.21262775,0.0024599624,"TWOGAUSSIANS_WITH_ELLIPSOIDAL_ON_ECLIPSE1",9,5.193032,0.21262775,0.0024599624,0.27694172,0.05276515,0.21119751,0.012707353,0.7080034,0.0038938252,0.2361424,0.04492944,0.19984502,0.006211506
375316653866487564,3500791559086218112,0.48144218,2236.180013900097,1.5801136273130767,9.520634E-5,17.95152,0.002337114,0.2426123,0.0061133015,0.026430838,0.008642665,0.16893792,0.13107225,0.68572927,0.0152937565,0.029587643,0.026758377,0.039830875,358.24384,null,null,null,null,"TWOGAUSSIANS",8,3.5137753,0.2426123,0.0061133015,0.14801268,0.048398923,0.16893792,0.13107225,0.68572927,0.0152937565,0.16569081,0.14984691,0.039830875,358.24384
375316653866487564,3500811629468270976,0.4946306,2122.8492520675672,2.4293627773346667,1.14141396E-4,18.932632,0.05423746,0.1312845,0.008703028,0.11037766,0.052096173,0.14883827,0.04441395,0.5405136,0.026161298,0.092462994,0.034049768,0.5788112,1.1766617,null,null,null,null,"TWOGAUSSIANS",8,2.6585567,0.5405136,0.026161298,0.4,0.04648423,0.57133913,1.1822414,0.1314145,0.008562582,0.4,0.0,0.14124435,0.033912946
375316653866487564,3500815164226552960,0.5505924,2248.4825809997633,3.013413750721089,1.1882256E-5,16.843851,0.008732839,0.25041762,0.0022679076,0.08151255,0.0035706656,0.34220502,0.016428925,0.73786426,0.0040107938,0.08568668,0.006617211,0.31748414,0.008473961,null,null,null,null,"TWOGAUSSIANS",8,22.599066,0.25041762,0.0022679076,0.4,0.0,0.33620992,0.016225668,0.73786426,0.0040107938,0.4,0.0,0.31148905,0.00796837
375316653866487564,3500818428401487488,0.5454177,2242.541032059507,3.087831748246781,1.7343391E-5,14.663898,0.023843952,0.28866553,0.004032399,0.098693855,0.011521967,0.19626893,0.022826489,0.800512,0.0034434602,0.108026296,0.012734195,0.20868243,0.022341428,null,null,null,null,"TWOGAUSSIANS",8,101.874794,0.800512,0.003440088,0.4,0.0,0.1898004,0.008139233,0.28865552,0.004030545,0.4,0.0,0.17739612,0.00982374
375316653866487564,3500821593793279872,0.5218511,2236.0976374478682,3.3703530079172617,1.8304281E-5,15.912901,0.030196603,0.24135533,0.004840073,0.08540947,0.01067684,0.46663356,0.027347349,0.7653962,0.006301726,0.07971984,0.00877115,0.39590764,0.029687304,null,null,null,null,"TWOGAUSSIANS",8,170.40083,0.24135533,0.004840073,0.4,0.0,0.4610319,0.027794488,0.7653962,0.006301726,0.4,0.0,0.39030606,0.025721835
375316653866487564,3500901926861933952,0.5922467,2222.7721142885716,3.590080161544031,6.0076195E-6,17.031458,0.0052851285,0.19367953,0.001302545,0.070885174,0.0016773131,0.6146781,0.012977554,0.69724715,0.0038693924,0.065966986,0.0032243456,0.49303553,0.026108416,null,null,null,null,"TWOGAUSSIANS",8,18.651209,0.19367953,0.001302545,0.39695698,0.008454332,0.61341006,0.0130273765,0.69724715,0.0038693924,0.3694151,0.018056335,0.4917675,0.026218437
375316653866487564,3500906183173474432,0.5306759,2232.6742605533364,1.7125215089491652,1.8225783E-5,18.616343,0.0034708206,0.30110553,0.0033309932,0.025060877,0.0057445406,0.072922274,0.012188214,0.79216516,0.0045122188,0.035377167,0.004952172,0.23506622,0.014411558,0.047382355,0.008379762,0.30110553,0.0033309932,"TWOGAUSSIANS_WITH_ELLIPSOIDAL_ON_ECLIPSE1",9,2.8256276,0.79250515,0.0042692088,0.19811213,0.027732162,0.32954362,0.015720755,0.30110553,0.0033309932,0.14034092,0.032169428,0.16768697,0.016214449
375316653866487564,3500914090208878080,0.5691512,2248.6689355774743,4.002666272389608,9.166641E-6,17.315912,0.06375465,0.14803775,0.0027406497,0.113616295,0.022440553,0.29419503,0.053045318,0.63486046,0.004335894,0.11018673,0.022988146,0.27392995,0.055648178,null,null,null,null,"TWOGAUSSIANS",8,6.7500243,0.14805774,0.0027054322,0.4,0.0,0.2532306,0.013575234,0.63486046,0.004335894,0.4,0.0,0.23298566,0.0094035985
375316653866487564,3501016894546461312,0.51724,2242.564665686575,0.7485248526030024,2.0665042E-5,12.928253,0.00152614,0.28777498,6.9747044E-4,0.03227167,0.00878765,0.10847196,0.017902208,0.81438684,0.017764201,0.0136968875,0.012918988,0.02822775,126798.05,0.0047976123,0.0019328977,0.81438684,0.017764201,"TWOGAUSSIANS_WITH_ELLIPSOIDAL_ON_ECLIPSE2",9,24.044086,0.287965,5.737798E-4,0.18072136,0.04921084,0.11780327,0.019462608,0.81438684,0.017764201,0.07670257,0.07234634,0.03782296,126798.05
375316653866487564,3501019608965847680,0.519724,2263.879183593373,3.5746071580461307,5.174521E-5,15.394637,0.055402495,0.12904419,0.014990211,0.14155735,0.02356306,0.1602824,0.049296424,0.56448555,0.01109232,0.15434079,0.021143883,0.23997505,0.05181916,null,null,null,null,"TWOGAUSSIANS",8,43.652325,0.56448555,0.01109232,0.4,0.0,0.17769708,0.006680046,0.14071418,0.01035681,0.4,0.0,0.10175206,0.00791639
