Gaia/vari_eclipsing_binary/VariEclipsingBinary_647433-647615.csv
# %ECSV 1.0
# ---
# delimiter: ','
# meta: !!omap
# - RELEASE: Gaia DR3
# - TABLE: vari_eclipsing_binary
# - DESCRIPTION: >
#     This table describes the properties of the eclipsing binaries resulting from the variability analysis. 
# - CITATION: >
#     How to cite and acknowledge Gaia: 
#     https://gea.esac.esa.int/archive/documentation/credits.html 
# - KNOWN_ISSUES: >
#     Known issues: 
#     https://www.cosmos.esa.int/web/gaia-users/known-issues 
# - DOCUMENTATION: >
#     Tutorials and documentation: 
#     https://www.cosmos.esa.int/web/gaia-users/archive 
# datatype:
# - 
#   name: solution_id
#   datatype: int64
#   description: Solution Identifier
#   meta:
#     ucd: meta.version
# - 
#   name: source_id
#   datatype: int64
#   description: Unique source identifier
#   meta:
#     ucd: meta.id;meta.main
# - 
#   name: global_ranking
#   datatype: float32
#   description: Number between 0 (worst) and 1 (best)
#   meta:
#     ucd: stat.param
# - 
#   name: reference_time
#   datatype: float64
#   unit: d
#   description: Reference time used for the geometric model fit
#   meta:
#     ucd: time.epoch
# - 
#   name: frequency
#   datatype: float64
#   unit: d**-1
#   description: Frequency of geometric model of the eclipsing binary light curve
#   meta:
#     ucd: src.orbital
# - 
#   name: frequency_error
#   datatype: float32
#   unit: d**-1
#   description: "Uncertainty of \\texttt{frequency}"
#   meta:
#     ucd: stat.error
# - 
#   name: geom_model_reference_level
#   datatype: float32
#   unit: mag
#   description: Magnitude reference level of geometric model
#   meta:
#     ucd: phot.mag;em.opt
# - 
#   name: geom_model_reference_level_error
#   datatype: float32
#   unit: mag
#   description: "Uncertainty of \\texttt{geomModelReferenceLevel}"
#   meta:
#     ucd: stat.error;phot.mag;em.opt
# - 
#   name: geom_model_gaussian1_phase
#   datatype: float32
#   description: Phase of the Gaussian 1 component
#   meta:
#     ucd: time.phase
# - 
#   name: geom_model_gaussian1_phase_error
#   datatype: float32
#   description: "Uncertainty of \\texttt{geomModelGaussian1Phase}"
#   meta:
#     ucd: stat.error;time.phase
# - 
#   name: geom_model_gaussian1_sigma
#   datatype: float32
#   description: "Standard deviation [phase] of Gaussian 1 component"
#   meta:
#     ucd: stat.stdev
# - 
#   name: geom_model_gaussian1_sigma_error
#   datatype: float32
#   description: "Uncertainty of \\texttt{geomModelGaussian1Sigma}"
#   meta:
#     ucd: stat.error
# - 
#   name: geom_model_gaussian1_depth
#   datatype: float32
#   unit: mag
#   description: Magnitude depth of Gaussian 1 component
#   meta:
#     ucd: src.var.amplitude
# - 
#   name: geom_model_gaussian1_depth_error
#   datatype: float32
#   unit: mag
#   description: "Uncertainty of \\texttt{geomModelGaussian1Depth}"
#   meta:
#     ucd: stat.error;src.var.amplitude
# - 
#   name: geom_model_gaussian2_phase
#   datatype: float32
#   description: Phase of Gaussian 2 component
#   meta:
#     ucd: time.phase
# - 
#   name: geom_model_gaussian2_phase_error
#   datatype: float32
#   description: "Uncertainty of \\texttt{geomModelGaussian2Phase}"
#   meta:
#     ucd: stat.error;time.phase
# - 
#   name: geom_model_gaussian2_sigma
#   datatype: float32
[...]
#   datatype: float32
#   description: "Secondary eclipse: uncertainty of \\texttt{derivedSecondaryEclDuration}"
#   meta:
#     ucd: stat.error;time.duration
# - 
#   name: derived_secondary_ecl_depth
#   datatype: float32
#   unit: mag
#   description: "Secondary eclipse: depth"
#   meta:
#     ucd: src.var.amplitude
# - 
#   name: derived_secondary_ecl_depth_error
#   datatype: float32
#   unit: mag
#   description: "Secondary eclipse: uncertainty of \\texttt{derivedSecondaryEclDepth}"
#   meta:
#     ucd: stat.error;src.var.amplitude
solution_id,source_id,global_ranking,reference_time,frequency,frequency_error,geom_model_reference_level,geom_model_reference_level_error,geom_model_gaussian1_phase,geom_model_gaussian1_phase_error,geom_model_gaussian1_sigma,geom_model_gaussian1_sigma_error,geom_model_gaussian1_depth,geom_model_gaussian1_depth_error,geom_model_gaussian2_phase,geom_model_gaussian2_phase_error,geom_model_gaussian2_sigma,geom_model_gaussian2_sigma_error,geom_model_gaussian2_depth,geom_model_gaussian2_depth_error,geom_model_cosine_half_period_amplitude,geom_model_cosine_half_period_amplitude_error,geom_model_cosine_half_period_phase,geom_model_cosine_half_period_phase_error,model_type,num_model_parameters,reduced_chi2,derived_primary_ecl_phase,derived_primary_ecl_phase_error,derived_primary_ecl_duration,derived_primary_ecl_duration_error,derived_primary_ecl_depth,derived_primary_ecl_depth_error,derived_secondary_ecl_phase,derived_secondary_ecl_phase_error,derived_secondary_ecl_duration,derived_secondary_ecl_duration_error,derived_secondary_ecl_depth,derived_secondary_ecl_depth_error
[from data line 739]
375316653866487564,5696291708809510400,0.5323995,2222.5099052142964,0.35761117908379997,4.5260873E-5,13.094693,8.4942474E-4,0.33653936,0.009552422,0.020363327,0.010751633,0.48175588,16.948864,0.78195184,0.02083542,0.026647553,0.024715582,0.18674937,1080.6652,null,null,null,null,"TWOGAUSSIANS",8,61.53898,0.33653936,0.009552422,0.11403463,0.060209144,0.48175588,16.948864,0.78195184,0.02083542,0.1492263,0.13840726,0.18674937,1080.6652
375316653866487564,5696295076063876224,0.4679508,2240.894671443025,3.042500430018997,2.5041354E-5,17.25372,0.0029263666,null,null,null,null,null,null,null,null,null,null,null,null,0.06506058,0.00443416,0.2787861,0.0047315448,"ELLIPSOIDAL",4,22.396626,null,null,null,null,null,null,null,null,null,null,null,null
375316653866487564,5696296278654761728,0.4785861,2233.6708841602826,3.481033027315871,1.3859107E-5,15.599903,0.014410264,0.2513778,0.0039875517,0.065201625,0.009558794,0.1690124,0.029876675,0.733438,0.007613375,0.04079654,0.0064564645,0.15457815,0.03806252,0.040526476,0.016720429,0.2513778,0.0039875517,"TWOGAUSSIANS_WITH_ELLIPSOIDAL_ON_ECLIPSE1",9,53.4117,0.2513778,0.0039875517,0.36512908,0.053529248,0.24995972,0.018763008,0.73458797,0.0071727987,0.22846064,0.0361562,0.23456539,0.026796363
375316653866487564,5696300023866399232,0.64188915,2240.070339603995,1.6335677924959224,3.005046E-6,15.321172,0.0053552124,0.20552343,6.6378416E-4,0.052038424,0.0032591661,0.15127559,0.011413389,0.7055549,0.003351498,0.055930242,0.005794721,0.12239696,0.011959306,0.08892521,0.006956253,0.20552343,6.6378416E-4,"TWOGAUSSIANS_WITH_ELLIPSOIDAL_ON_ECLIPSE1",9,13.609434,0.20552343,6.6378416E-4,0.29141518,0.01825133,0.32911894,0.0067603616,0.7055549,0.0031676327,0.31320935,0.03245044,0.3002403,0.0076489393
375316653866487564,5696302665262335488,0.5296383,2201.7376533803067,3.3625902997489914,1.2673815E-5,17.844849,0.047321282,0.2531261,0.0052958997,0.117152885,0.02169426,0.22780223,0.043068275,0.75107896,0.002695813,0.117107734,0.017713204,0.23794617,0.044187173,null,null,null,null,"TWOGAUSSIANS",8,4.9343257,0.75107896,0.002695813,0.4,0.0,0.19114959,0.007218337,0.2531361,0.005310395,0.4,0.0,0.18100755,0.0115697775
375316653866487564,5696306891510827136,0.5388584,2236.9775501848544,0.9423052378700114,1.5487401E-5,17.836857,0.010067353,0.12278426,0.0017132678,0.01856696,0.0022385963,0.31973064,0.017874992,0.6281342,0.032474514,0.021663444,0.120098725,0.21509549,0.18260993,null,null,null,null,"TWOGAUSSIANS",8,4.4910746,0.12278426,0.0017132678,0.103974976,0.01253614,0.31973064,0.017853007,0.6281342,0.032474514,0.121315286,0.2766639,0.21509549,0.18289958
375316653866487564,5696308197180973952,0.61306506,2254.481689633561,3.142878301939208,5.9551703E-6,18.15494,0.012065713,0.25187448,0.0017382496,0.05346006,0.0035618758,0.3215518,0.03186522,0.75233763,0.003754761,0.05719035,0.0055188118,0.34667116,0.03164136,0.10853769,0.015357841,0.25187448,0.0017382496,"TWOGAUSSIANS_WITH_ELLIPSOIDAL_ON_ECLIPSE1",9,5.4000387,0.75233763,0.0036232814,0.32026598,0.030905345,0.56371456,0.030696912,0.25187448,0.0017382496,0.29937634,0.019946504,0.538597,0.019904222
375316653866487564,5696310572306311680,0.5453596,2224.339399235583,2.033855550714628,2.873984E-6,19.872015,0.0050194683,0.16883744,0.0048466832,0.0051210234,0.0016360393,1.452445,0.76310146,null,null,null,null,null,null,null,null,null,null,"ONEGAUSSIAN",5,1.0948098,0.16883744,0.0048466832,0.02867773,0.00916182,1.452445,0.0,null,null,null,null,null,null
375316653866487564,5696310744104746880,0.5113111,2225.5535316241785,3.46659391437453,1.1823751E-5,16.198738,0.08589382,0.2579768,0.0038669854,0.11485654,0.026784895,0.25273,0.081167035,0.7529997,0.0074553294,0.12049473,0.02985375,0.25502318,0.08464413,null,null,null,null,"TWOGAUSSIANS",8,51.961117,0.7529997,0.0074553294,0.4,0.0,0.20426291,0.017146265,0.2580068,0.003858777,0.4,0.0,0.20202461,0.00918908
375316653866487564,5696311568738470784,0.488228,2200.5935299142766,0.4189999955636639,1.15135335E-5,18.450827,0.002575966,0.5348568,0.021942917,0.014307376,0.011283899,0.052795283,0.025630347,0.7897893,0.0034311365,0.017896093,0.0028953657,0.17374672,0.01005459,0.015699144,0.0040051197,0.7897893,0.0034311365,"TWOGAUSSIANS_WITH_ELLIPSOIDAL_ON_ECLIPSE2",9,2.412644,0.7897893,0.0034311365,0.100218125,0.016214048,0.20514493,0.011183249,0.5348068,0.022370702,0.08012131,0.063189834,0.052825645,0.02588411
375316653866487564,5696312114191556992,0.72897255,2221.6881188188136,0.29960113318971515,3.521736E-6,14.50462,5.2505906E-4,0.30980247,0.007848597,0.0059523596,0.002899195,1.4665273,3.0772367,0.8035038,0.004469566,0.002352174,0.0011129306,13.609279,12.371278,0.0024761462,7.315939E-4,0.8035038,0.004469566,"TWOGAUSSIANS_WITH_ELLIPSOIDAL_ON_ECLIPSE2",9,5.7424817,0.8035038,0.004469566,0.013172174,0.0062324116,13.614231,12.371301,0.30980247,0.007848597,0.033333212,0.016235491,1.4714718,3.0772662
375316653866487564,5696312977487617280,0.44442979,2219.1558790695003,2.6166242365549865,5.1207924E-5,16.249235,0.079179116,0.24972741,0.018177692,0.101514004,0.041577045,0.29938236,0.078014284,0.7255979,0.026653102,0.08428627,0.025461359,0.29592872,0.14112462,null,null,null,null,"TWOGAUSSIANS",8,179.16956,0.24972741,0.018177692,0.4,0.0,0.28829303,0.05216337,0.7255979,0.026653102,0.4,0.00926503,0.28484488,0.12949505
375316653866487564,5696313316780043904,0.6348659,2232.018927533303,0.5616656152953043,1.3555073E-5,11.176832,0.0032413828,0.21679212,0.0036962153,0.040872436,0.006243548,0.054601908,0.0070357337,0.7239103,0.0017015885,0.045118768,0.0021878195,0.39052218,0.0068452437,0.023559839,0.0037434516,0.21679212,0.0036962153,"TWOGAUSSIANS_WITH_ELLIPSOIDAL_ON_ECLIPSE1",9,55.02786,0.7239103,0.0017015885,0.2526651,0.012251789,0.43754745,0.007289482,0.21679212,0.0036962153,0.22888565,0.03496387,0.101721354,0.0048880614
375316653866487564,5696316688340350336,0.52770364,2174.245972056755,2.850125650692649,1.1888836E-5,14.871643,0.0084991045,0.22847573,0.0043703485,0.09269619,0.0060861637,0.275745,0.011277049,0.73533505,0.004069082,0.0860558,0.004661454,0.31069186,0.010830274,null,null,null,null,"TWOGAUSSIANS",8,85.7307,0.73533505,0.004069082,0.4,0.0,0.30022112,0.0094254585,0.22847573,0.0043703485,0.4,0.0,0.26527402,0.010172502
375316653866487564,5696317989706604672,0.59824973,2200.819981661235,3.555360491027172,5.081738E-6,18.40616,0.010761776,0.2303494,0.0012974918,0.04265539,0.002687756,0.42630482,0.025176467,0.7390663,0.002497761,0.05048084,0.003869329,0.57243484,0.052557487,0.12093502,0.01340953,0.2303494,0.0012974918,"TWOGAUSSIANS_WITH_ELLIPSOIDAL_ON_ECLIPSE1",9,5.9909925,0.7390663,0.002497761,0.2826927,0.021668242,0.8135787,0.057107717,0.2303494,0.0012974918,0.23887017,0.015051434,0.66817355,0.015952488
375316653866487564,5696318303248001024,0.5900712,2144.9178232592926,2.850590427275138,4.8372735E-6,16.042755,0.016259413,0.27856752,0.0017035176,0.053642493,0.0071140565,0.25292206,0.037027758,0.78095555,0.0033311576,0.061661147,0.0063255625,0.26763773,0.03544421,0.101205125,0.020252138,0.27856752,0.0017035176,"TWOGAUSSIANS_WITH_ELLIPSOIDAL_ON_ECLIPSE1",9,43.32395,0.78095555,0.0033311576,0.34530243,0.03542315,0.4699361,0.010633376,0.27856752,0.0017035176,0.30039796,0.039838716,0.455266,0.030838296
375316653866487564,5696318402023625344,0.53347874,2165.8607035853747,1.1026460292843643,1.6025408E-5,16.175367,0.00342843,0.1889482,0.0041976334,0.025394911,0.0029311054,0.3135584,0.015801761,0.66225076,0.022740584,0.013817153,0.031203171,0.054160424,0.045851316,0.0057327077,0.0058059203,0.1889482,0.0041976334,"TWOGAUSSIANS_WITH_ELLIPSOIDAL_ON_ECLIPSE1",9,42.92264,0.1889482,0.0041976334,0.14221151,0.01641419,0.32502383,0.01378132,0.66233075,0.022830658,0.07737606,0.17473775,0.06530722,0.050110016
375316653866487564,5696322323337303040,0.5944135,2191.968909601759,0.14271953055837597,1.0607992E-5,14.2529,0.00178092,0.30467117,3.4875955E-4,0.021477142,9.024868E-4,1.127331,0.11957863,0.81160754,0.0023227644,0.023028726,0.002389698,0.048667915,0.005137488,0.030619685,0.0033645702,0.81160754,0.0023227644,"TWOGAUSSIANS_WITH_ELLIPSOIDAL_ON_ECLIPSE2",9,66.22619,0.30468118,3.488081E-4,0.120271996,0.005053926,1.1884543,0.121433154,0.81160754,0.0023227644,0.12896086,0.013382309,0.10990728,0.0050191903
375316653866487564,5696323113611316352,0.6169283,2202.214996703471,0.45416467058944593,1.7437511E-6,14.340761,0.00280913,0.3005214,0.0012341333,0.024829483,0.001796644,0.16556232,0.006550295,0.7852159,3.8047382E-4,0.03233846,8.890862E-4,0.50852245,0.022312878,0.008585915,0.004696514,0.3005214,0.0012341333,"TWOGAUSSIANS_WITH_ELLIPSOIDAL_ON_ECLIPSE1",9,76.63761,0.7852559,3.7453286E-4,0.18109538,0.0049788826,0.5255364,0.023485903,0.3005214,0.0012341333,0.1390451,0.010061206,0.18273415,0.0055848574
375316653866487564,5696327168060260224,0.5414316,2199.519021351305,0.1619855615436989,1.0101886E-5,12.672741,4.2869637E-4,0.42088953,0.01222115,0.025429625,0.029752843,0.020868778,0.01744187,0.87857884,0.0037620305,0.014973248,0.0033075751,0.07224242,0.0046836133,0.0024671499,9.0639264E-4,0.87857884,0.0037620305,"TWOGAUSSIANS_WITH_ELLIPSOIDAL_ON_ECLIPSE2",9,16.547113,0.87857884,0.0037620305,0.08385019,0.01852242,0.07717672,0.0042066923,0.42040953,0.014770076,0.1424059,0.16661592,0.025466278,0.017828913
375316653866487564,5696327546017338880,0.42661187,2199.506218620574,1.518221452218432,3.3154698E-5,14.875423,0.002314423,null,null,null,null,null,null,null,null,null,null,null,null,0.027506186,0.0033406077,0.21641317,0.009085974,"ELLIPSOIDAL",4,107.02501,null,null,null,null,null,null,null,null,null,null,null,null
375316653866487564,5696331149487279360,0.55801183,2179.8789910678274,2.2468307389330366,7.1078452E-6,17.773714,0.0040976536,0.4325011,0.0011551629,0.037401717,0.0014858176,0.5777972,0.015226602,null,null,null,null,null,null,null,null,null,null,"ONEGAUSSIAN",5,13.60728,0.4325011,0.0011551629,0.20944962,0.008320578,0.5777972,0.0,null,null,null,null,null,null
375316653866487564,5696331428667872128,0.4920835,2189.460676927021,2.244530665501143,1.3137299E-5,17.774977,0.0061793844,0.3036885,0.0052855248,0.043173857,0.006993908,0.10115889,0.017348884,0.8054502,0.0055496898,0.027587812,0.007992926,0.13330446,0.08905022,0.060283616,0.008861806,0.8054502,0.0055496898,"TWOGAUSSIANS_WITH_ELLIPSOIDAL_ON_ECLIPSE2",9,10.995921,0.8054502,0.0055496898,0.15449175,0.044760387,0.25387162,0.09111132,0.3039485,0.0042342055,0.2417736,0.039165884,0.22171348,0.013482159
375316653866487564,5696334929058266240,0.43075237,2205.584144106167,1.087474559694947,1.7254364E-5,19.008232,0.009460668,0.28050473,0.009854707,0.029904775,0.019333359,0.1516193,0.061867457,0.73578334,0.009244943,0.022467675,0.010076691,0.04652674,0.020114033,0.041431177,0.012259701,0.28050473,0.009854707,"TWOGAUSSIANS_WITH_ELLIPSOIDAL_ON_ECLIPSE1",9,7.384946,0.28050473,0.009854707,0.16746674,0.10826681,0.23448165,0.07209475,0.73864335,0.008574134,0.12581898,0.05642947,0.12341213,0.00923925
375316653866487564,5696337338543150848,0.4889922,2232.602072761927,3.035859813030501,1.7086126E-5,16.549627,0.02319996,0.19982061,0.008319853,0.09551758,0.016325684,0.15201055,0.022485089,0.6776664,0.006878138,0.10099344,0.020334307,0.18011576,0.018352052,null,null,null,null,"TWOGAUSSIANS",8,23.633718,0.6776664,0.006878138,0.4,0.0,0.17040257,0.01163491,0.1998306,0.008322577,0.4,0.0,0.14229952,0.010968614
375316653866487564,5696337815277135744,0.6053815,2235.60398954284,3.1317030592550728,3.3529311E-6,19.04621,0.0105999345,0.24087355,0.0014667723,0.046008352,0.0037440169,0.3054992,0.028243702,0.74245393,0.0014291984,0.04644276,0.0034158716,0.27711114,0.03018559,0.11339922,0.017373543,0.24087355,0.0014667723,"TWOGAUSSIANS_WITH_ELLIPSOIDAL_ON_ECLIPSE1",9,1.4037321,0.24087355,0.0014667723,0.25764677,0.020966494,0.53229725,0.01923763,0.74245393,0.0014291984,0.26007944,0.019128881,0.5038868,0.018478127
375316653866487564,5696339056529999104,0.61083984,2223.896324370821,3.0006315868884004,4.993163E-6,14.919149,0.0031395936,0.27139133,0.0018616028,0.047961883,0.0046506454,0.079591684,0.009133153,0.7644309,0.0017866521,0.053536512,0.0028564306,0.105109416,0.0068722772,0.056134004,0.003604007,0.27139133,0.0018616028,"TWOGAUSSIANS_WITH_ELLIPSOIDAL_ON_ECLIPSE1",9,24.03792,0.7657809,0.0013301343,0.29980448,0.015996011,0.21720278,0.0033507547,0.27139133,0.0018616028,0.26858655,0.026043616,0.19185792,0.005591398
375316653866487564,5696340533998975616,0.5684522,2229.9895654980323,3.4039225645556,8.662501E-6,18.914595,0.008939894,0.28972995,0.0020043028,0.07221428,0.0037824437,0.57191557,0.034454405,0.7956677,0.0063025933,0.07193525,0.006080714,0.42666006,0.015536918,null,null,null,null,"TWOGAUSSIANS",8,4.037543,0.28972995,0.0020043028,0.4,0.011084849,0.5698288,0.034893207,0.7956677,0.0063025933,0.4,0.009612527,0.42457327,0.016155533
375316653866487564,5696342419481503104,0.6130275,2217.1980959085113,1.7543821044530066,2.51238E-6,16.06542,9.311848E-4,0.25490528,7.4948743E-4,0.050393447,0.0017971083,0.101430856,0.004108451,null,null,null,null,null,null,0.08072247,0.0014797798,0.25490528,7.4948743E-4,"ONEGAUSSIAN_WITH_ELLIPSOIDAL",6,4.8177958,0.25490528,7.4948743E-4,0.28220332,0.010063807,0.2628753,0.0039437185,null,null,null,null,null,null
375316653866487564,5696346302132121472,0.5231732,2219.311421401854,4.076100517476433,1.4008399E-5,19.15609,0.0065998468,0.3063694,0.0040166383,0.07796063,0.004532578,0.35163614,0.027475033,0.7938807,0.0056234817,0.06404317,0.0053728553,0.29086632,0.026876774,null,null,null,null,"TWOGAUSSIANS",8,2.7994928,0.3063694,0.0040166383,0.4,0.0,0.35068205,0.027707366,0.7938807,0.0056234817,0.35864174,0.03008799,0.28991222,0.02699637
375316653866487564,5696347607802260992,0.4544673,2233.68410518392,3.1294572254635606,2.4553992E-5,18.622383,0.05474377,0.31386772,0.0076304167,0.10734056,0.03270179,0.16531868,0.041057516,0.7641115,0.016774094,0.13419737,0.061177716,0.089397356,0.051717587,null,null,null,null,"TWOGAUSSIANS",8,3.6420012,0.31438774,0.006758848,0.4,0.0,0.14849848,0.012702608,0.7641115,0.016774094,0.4,0.0,0.07225889,0.012205762
375316653866487564,5696348883415673472,0.42898065,2230.0850636863734,0.2759565771974495,2.5537678E-5,19.065737,0.0072582224,0.2460576,0.014158542,0.018003125,0.007592903,0.025952885,0.017101055,0.73373675,0.009990551,0.015581844,0.009908386,0.11730381,0.072706275,0.040827624,0.013127587,0.2460576,0.014158542,"TWOGAUSSIANS_WITH_ELLIPSOIDAL_ON_ECLIPSE1",9,6.37581,0.7338968,0.009697091,0.08725833,0.05548696,0.19847706,0.07794183,0.2460576,0.014158542,0.1008175,0.042520255,0.10760812,0.020924639
375316653866487564,5696350463960526592,0.5864555,2226.2484511187804,0.029725778510831177,6.400357E-5,16.722746,0.0015508406,0.6812129,0.0014287636,0.004525933,0.00408202,1.994463,2.001689,null,null,null,null,null,null,null,null,null,null,"ONEGAUSSIAN",5,5.057633,0.6812129,0.0014287636,0.025345225,0.02285931,1.994463,0.0,null,null,null,null,null,null
375316653866487564,5696352250666885120,0.4675085,2194.5831331134527,1.156020090815887,3.0812582E-5,14.833484,0.14141913,0.23026961,0.012880611,0.18090172,0.118835226,0.094774894,0.13935335,0.69860464,0.014686752,0.1319053,0.023780638,0.11480579,0.08601182,null,null,null,null,"TWOGAUSSIANS",8,17.190876,0.69860464,0.014686752,0.4,0.0,0.072224796,0.0037778053,0.23195961,0.010515137,0.4,0.0,0.047858838,0.0030219585
