Gaia/vari_eclipsing_binary/VariEclipsingBinary_540698-540804.csv
# %ECSV 1.0
# ---
# delimiter: ','
# meta: !!omap
# - RELEASE: Gaia DR3
# - TABLE: vari_eclipsing_binary
# - DESCRIPTION: >
#     This table describes the properties of the eclipsing binaries resulting from the variability analysis. 
# - CITATION: >
#     How to cite and acknowledge Gaia: 
#     https://gea.esac.esa.int/archive/documentation/credits.html 
# - KNOWN_ISSUES: >
#     Known issues: 
#     https://www.cosmos.esa.int/web/gaia-users/known-issues 
# - DOCUMENTATION: >
#     Tutorials and documentation: 
#     https://www.cosmos.esa.int/web/gaia-users/archive 
# datatype:
# - 
#   name: solution_id
#   datatype: int64
#   description: Solution Identifier
#   meta:
#     ucd: meta.version
# - 
#   name: source_id
#   datatype: int64
#   description: Unique source identifier
#   meta:
#     ucd: meta.id;meta.main
# - 
#   name: global_ranking
#   datatype: float32
#   description: Number between 0 (worst) and 1 (best)
#   meta:
#     ucd: stat.param
# - 
#   name: reference_time
#   datatype: float64
#   unit: d
#   description: Reference time used for the geometric model fit
#   meta:
#     ucd: time.epoch
# - 
#   name: frequency
#   datatype: float64
#   unit: d**-1
#   description: Frequency of geometric model of the eclipsing binary light curve
#   meta:
#     ucd: src.orbital
# - 
#   name: frequency_error
#   datatype: float32
#   unit: d**-1
#   description: "Uncertainty of \\texttt{frequency}"
#   meta:
#     ucd: stat.error
# - 
#   name: geom_model_reference_level
#   datatype: float32
#   unit: mag
#   description: Magnitude reference level of geometric model
#   meta:
#     ucd: phot.mag;em.opt
# - 
#   name: geom_model_reference_level_error
#   datatype: float32
#   unit: mag
#   description: "Uncertainty of \\texttt{geomModelReferenceLevel}"
#   meta:
#     ucd: stat.error;phot.mag;em.opt
# - 
#   name: geom_model_gaussian1_phase
#   datatype: float32
#   description: Phase of the Gaussian 1 component
#   meta:
#     ucd: time.phase
# - 
#   name: geom_model_gaussian1_phase_error
#   datatype: float32
#   description: "Uncertainty of \\texttt{geomModelGaussian1Phase}"
#   meta:
#     ucd: stat.error;time.phase
# - 
#   name: geom_model_gaussian1_sigma
#   datatype: float32
#   description: "Standard deviation [phase] of Gaussian 1 component"
#   meta:
#     ucd: stat.stdev
# - 
#   name: geom_model_gaussian1_sigma_error
#   datatype: float32
#   description: "Uncertainty of \\texttt{geomModelGaussian1Sigma}"
#   meta:
#     ucd: stat.error
# - 
#   name: geom_model_gaussian1_depth
#   datatype: float32
#   unit: mag
#   description: Magnitude depth of Gaussian 1 component
#   meta:
#     ucd: src.var.amplitude
# - 
#   name: geom_model_gaussian1_depth_error
#   datatype: float32
#   unit: mag
#   description: "Uncertainty of \\texttt{geomModelGaussian1Depth}"
#   meta:
#     ucd: stat.error;src.var.amplitude
# - 
#   name: geom_model_gaussian2_phase
#   datatype: float32
#   description: Phase of Gaussian 2 component
#   meta:
#     ucd: time.phase
# - 
#   name: geom_model_gaussian2_phase_error
#   datatype: float32
#   description: "Uncertainty of \\texttt{geomModelGaussian2Phase}"
#   meta:
#     ucd: stat.error;time.phase
# - 
#   name: geom_model_gaussian2_sigma
#   datatype: float32
[...]
#   datatype: float32
#   description: "Secondary eclipse: uncertainty of \\texttt{derivedSecondaryEclDuration}"
#   meta:
#     ucd: stat.error;time.duration
# - 
#   name: derived_secondary_ecl_depth
#   datatype: float32
#   unit: mag
#   description: "Secondary eclipse: depth"
#   meta:
#     ucd: src.var.amplitude
# - 
#   name: derived_secondary_ecl_depth_error
#   datatype: float32
#   unit: mag
#   description: "Secondary eclipse: uncertainty of \\texttt{derivedSecondaryEclDepth}"
#   meta:
#     ucd: stat.error;src.var.amplitude
solution_id,source_id,global_ranking,reference_time,frequency,frequency_error,geom_model_reference_level,geom_model_reference_level_error,geom_model_gaussian1_phase,geom_model_gaussian1_phase_error,geom_model_gaussian1_sigma,geom_model_gaussian1_sigma_error,geom_model_gaussian1_depth,geom_model_gaussian1_depth_error,geom_model_gaussian2_phase,geom_model_gaussian2_phase_error,geom_model_gaussian2_sigma,geom_model_gaussian2_sigma_error,geom_model_gaussian2_depth,geom_model_gaussian2_depth_error,geom_model_cosine_half_period_amplitude,geom_model_cosine_half_period_amplitude_error,geom_model_cosine_half_period_phase,geom_model_cosine_half_period_phase_error,model_type,num_model_parameters,reduced_chi2,derived_primary_ecl_phase,derived_primary_ecl_phase_error,derived_primary_ecl_duration,derived_primary_ecl_duration_error,derived_primary_ecl_depth,derived_primary_ecl_depth_error,derived_secondary_ecl_phase,derived_secondary_ecl_phase_error,derived_secondary_ecl_duration,derived_secondary_ecl_duration_error,derived_secondary_ecl_depth,derived_secondary_ecl_depth_error
[from data line 111]
375316653866487564,4756197752260176000,0.4740314,2198.130486304546,1.3059935419084499,7.780933E-5,19.815887,0.008737795,0.27097607,0.00883605,0.04968126,0.0076293866,0.5128418,0.058921803,0.7384147,0.01785517,0.091385044,0.01803438,0.13551795,0.019480793,null,null,null,null,"TWOGAUSSIANS",8,2.0316994,0.27097607,0.00883605,0.27821505,0.042724565,0.5125193,0.059020735,0.7384147,0.01785517,0.4,0.0,0.13519515,0.01952346
375316653866487564,4756198886130335744,0.51356256,2222.967728490819,0.2408032842901704,2.051871E-5,19.592955,0.011670325,0.39163354,0.024480747,0.031227186,0.012221758,0.6863337,0.2528905,0.8929515,0.0043886,0.04969797,0.0065661776,0.16844359,0.018370526,null,null,null,null,"TWOGAUSSIANS",8,1.5856804,0.39163354,0.024480747,0.17487225,0.068441845,0.6863337,0.25289047,0.8929515,0.0043886,0.27830863,0.036770593,0.16844358,0.018370528
375316653866487564,4756201192527481600,0.48294926,2187.743751371178,0.5673131958609752,5.3683663E-5,19.955599,0.006180282,0.29838222,0.029076334,0.037384372,0.012773728,0.3857048,0.10808531,0.7697516,0.0035813886,0.021900589,0.0019924236,0.37786412,0.050462514,null,null,null,null,"TWOGAUSSIANS",8,1.1598142,0.29838222,0.029076334,0.20935248,0.07153288,0.3857048,0.10808531,0.7697516,0.0035813886,0.12264329,0.011157572,0.37786412,0.050462514
375316653866487564,4756201536124976384,0.51368237,2237.469830885273,0.6282639655782389,2.2808246E-5,18.84509,0.006698309,0.2610349,0.0020054711,0.06822775,0.003606982,0.24710234,0.009501941,0.7369577,0.023163466,0.06747825,0.013761845,0.20516647,0.014319923,null,null,null,null,"TWOGAUSSIANS",8,1.5005889,0.2610349,0.0020054711,0.38207543,0.0201991,0.24684227,0.009480413,0.7369577,0.023163466,0.3778782,0.04388201,0.20490639,0.013965038
375316653866487564,4756203730856644608,0.42835078,2207.200272832595,0.6930266808538518,7.226882E-5,18.694122,0.008168262,0.34390214,0.010368129,0.023998654,0.00877306,0.055261604,0.022632316,0.7063206,0.012973857,0.090435416,0.023009814,0.12462284,0.03141442,null,null,null,null,"TWOGAUSSIANS",8,4.6622295,0.7063206,0.012973857,0.4,0.0,0.12462278,0.031417266,0.34392214,0.010384116,0.13439246,0.049129132,0.055302132,0.022690613
375316653866487564,4756204353623274112,0.5257766,2190.5275572569667,0.6921689471328497,1.537862E-5,19.95387,0.0046098884,0.1419995,0.0030522246,0.022482006,0.0033036873,0.54200655,0.038364124,0.91213995,0.01639968,0.022080813,0.011126344,0.14738005,0.40687528,null,null,null,null,"TWOGAUSSIANS",8,0.98743176,0.1419995,0.0030522246,0.12589924,0.018500648,0.54200655,0.038364124,0.91213995,0.01639968,0.12365255,0.062307525,0.14738005,0.40687528
375316653866487564,4756206793164831744,0.5373349,2169.4100195333845,0.7646295749475852,2.4152605E-5,18.938314,0.0035563312,0.860761,0.09266954,0.04002264,0.02707799,0.39897752,0.7783367,0.73954386,0.014232431,0.026442327,0.012690591,0.4725122,0.1842248,null,null,null,null,"TWOGAUSSIANS",8,1.3272877,0.74001384,0.013875946,0.14807703,0.07106731,0.47664917,0.18649948,0.860751,0.09269306,0.2241268,0.15163673,0.39899045,0.77823925
375316653866487564,4756208030123685632,0.6151764,2207.980244080376,0.533641738966077,7.784257E-6,19.192827,0.0059225117,0.31400788,0.0023396967,0.013226204,0.0015713453,0.075592905,0.019824257,0.5949174,0.0019266111,0.06740668,0.001827431,1.3949335,0.06677482,null,null,null,null,"TWOGAUSSIANS",8,1.5449438,0.5949174,0.0019266111,0.37747738,0.010233614,1.3949335,0.06677482,0.3140379,0.0023424067,0.07406674,0.008799533,0.07582938,0.01982032
375316653866487564,4756208369421340800,0.5201124,2226.2942466377554,0.11667745807485343,2.3595641E-5,19.466164,0.010383842,0.16673802,0.004579749,0.028612223,0.0024568012,0.8040311,0.104312345,0.7197281,0.11633081,0.10651637,0.114293516,0.03264834,0.07300968,null,null,null,null,"TWOGAUSSIANS",8,3.7103295,0.16673802,0.004579749,0.16022845,0.013758087,0.8040133,0.10431909,0.7197281,0.11633081,0.4,0.23183045,0.032625645,0.07304504
375316653866487564,4756208992187917568,0.5072831,2207.3248413683136,1.7231842905999117,2.468754E-5,19.7017,0.008836738,0.82710755,0.008192124,0.03169267,0.013160732,0.09007755,0.041673213,0.5965701,0.0065454445,0.0896606,0.007483922,0.49995303,0.034674738,null,null,null,null,"TWOGAUSSIANS",8,2.1742363,0.5965701,0.0065454445,0.4,0.0,0.49995285,0.034675043,0.8199775,0.21248849,0.17747894,0.07370009,0.110252514,0.3723408
375316653866487564,4756209846890170880,0.5039775,2162.257650596118,2.191927072203591,2.5130703E-5,19.886435,0.009165937,0.13166577,0.0036128403,0.005067353,0.0019461358,0.25393748,0.45964256,0.37205544,0.0052370946,0.02827523,0.0067705065,0.77345353,0.43945047,null,null,null,null,"TWOGAUSSIANS",8,1.7627474,0.37205544,0.0052370946,0.15834129,0.037914835,0.77345353,0.43945047,0.13166577,0.0036128403,0.028377177,0.01089836,0.25393748,0.45964256
375316653866487564,4756211981486501376,0.4695295,2181.3593096656505,0.7424141789049459,1.093796E-5,19.387367,0.0048905895,0.19439092,0.0035116782,0.02198082,0.003238342,0.21383093,0.03152662,0.6961756,0.0043335017,0.064233676,0.0052070837,0.1585414,0.016490277,null,null,null,null,"TWOGAUSSIANS",8,1.2790372,0.19439092,0.0035116782,0.12309259,0.018134715,0.21383092,0.03152663,0.6961756,0.0043335017,0.3597086,0.029159669,0.15854138,0.016490297
375316653866487564,4756213115356365824,0.5119682,2194.5042140060077,1.624324911354301,2.4880077E-5,19.50809,0.013251833,0.231094,0.014532617,0.099470586,0.017544394,0.14566226,0.015976915,0.7301147,0.006798528,0.08751921,0.007406778,0.32272065,0.01501778,null,null,null,null,"TWOGAUSSIANS",8,1.3808893,0.7301147,0.006798528,0.4,0.0,0.31126326,0.01085515,0.231094,0.014532617,0.4,0.0,0.13420397,0.012802007
375316653866487564,4756215997265336448,0.49992767,2222.9298170511015,1.7386704445809316,7.446163E-5,18.020628,0.0016743898,0.37606916,0.015353175,0.034715947,0.0066338694,0.019375471,0.0072835744,0.8535949,0.017770851,0.013446872,0.01041312,0.1765129,3.859895,null,null,null,null,"TWOGAUSSIANS",8,1.4137472,0.8535949,0.017770851,0.07530249,0.05831347,0.1765129,3.859895,0.37606916,0.015353175,0.1944093,0.03714967,0.019375471,0.0072835744
375316653866487564,4756217818349411328,0.48132652,2200.9318556994476,0.7865062977664423,1.7472817E-5,19.062807,0.01052626,0.057586223,0.025801016,0.024974937,0.020136528,0.045904946,0.046891853,0.6845044,0.0064303516,0.032533336,0.018670656,0.21367285,15.480328,0.07753756,0.015593261,0.6845044,0.0064303516,"TWOGAUSSIANS_WITH_ELLIPSOIDAL_ON_ECLIPSE2",9,4.1403055,0.6845044,0.0064303516,0.18218668,0.104555674,0.36874795,15.488136,0.073586226,0.020099409,0.13985965,0.11276455,0.12857534,0.035699666
375316653866487564,4756222697432393088,0.4981032,2199.3734041368284,0.9313329578362979,3.5463687E-5,18.986412,0.0071906443,0.23920391,0.051681615,0.07577295,0.02956774,0.02540745,0.00985026,0.5871951,0.033554588,0.0788176,0.026804848,0.26509345,0.02495374,null,null,null,null,"TWOGAUSSIANS",8,2.2951553,0.5871951,0.033554588,0.4,0.0,0.26507196,0.024902385,0.2394039,0.049175218,0.4,0.1040951,0.0254009,0.010291018
375316653866487564,4756224415416488704,0.46624923,2224.974400392744,0.5371501995369157,3.361342E-5,18.867441,0.0041154916,0.19995438,0.006148155,0.048596937,0.04378083,0.024313968,0.030913742,null,null,null,null,null,null,0.061951596,0.007497788,0.19995438,0.006148155,"ONEGAUSSIAN_WITH_ELLIPSOIDAL",6,2.296783,0.19995438,0.006148155,0.27214286,0.24517263,0.14821711,0.02774818,null,null,null,null,null,null
375316653866487564,4756225106894306432,0.5509619,2252.72750611726,0.5435111960663402,2.186434E-5,18.505852,0.0041930974,0.29089785,0.013651869,0.058556452,0.0063419337,0.26165268,0.018483458,0.81182706,0.002411111,0.053324867,0.0034066346,0.24926102,0.009375102,null,null,null,null,"TWOGAUSSIANS",8,2.3207219,0.29089785,0.013651869,0.32791612,0.035514828,0.26164266,0.018469993,0.81182706,0.002411111,0.29861924,0.019077154,0.24925101,0.009373395
375316653866487564,4756226030325755136,0.47641805,2254.4031728385085,0.5635655409488619,3.5431396E-5,18.9763,0.007251302,0.20279779,0.004938353,0.035848588,0.0049816566,0.31192884,0.093553394,0.73447967,0.040896732,0.06523656,0.035563752,0.1624074,0.04931956,null,null,null,null,"TWOGAUSSIANS",8,1.3818045,0.20279779,0.004938353,0.20075208,0.027897278,0.31192845,0.093575604,0.73447967,0.040896732,0.36532474,0.05554284,0.16240703,0.049539596
375316653866487564,4756226653082467712,0.49518698,2239.897673136134,0.3213740020559588,3.3392964E-5,19.78866,0.004701464,0.32724282,0.006281778,0.035135537,0.0034736067,0.41083816,0.03619889,0.8389479,0.020217745,0.03213184,0.03181657,1.0514733,96267.83,null,null,null,null,"TWOGAUSSIANS",8,0.65966564,0.8389479,0.020217745,0.1799383,0.17817278,1.0514733,96267.83,0.32724282,0.006281778,0.19675902,0.019452197,0.41083816,0.036198888
375316653866487564,4756227473419772416,0.5332708,2229.30193674837,0.06989054993669408,1.2099933E-5,16.608065,0.0014916417,0.49795958,3.0721762E-4,0.0025852208,4.0197102E-4,0.20606427,0.09450825,0.9690676,0.0023271658,0.004641064,0.002765311,0.008921381,0.008025291,null,null,null,null,"TWOGAUSSIANS",8,3.8472133,0.49795958,3.0721762E-4,0.014477237,0.0022510376,0.20606427,0.09450825,0.9690676,0.0023271658,0.025989959,0.01548574,0.008921381,0.008025291
375316653866487564,4756227546435635840,0.48318437,2279.7134135393217,1.3104373600336712,3.65116E-5,19.578522,0.014676919,0.20446368,0.018648556,0.025973376,0.005076364,3.853275,4.5202117,0.7003096,0.035617378,0.047926776,0.028994927,0.12543964,0.14826743,null,null,null,null,"TWOGAUSSIANS",8,3.5004787,0.20446368,0.018648556,0.1454509,0.02842764,3.853275,4.5202117,0.7003096,0.035617378,0.26838994,0.16237159,0.12543964,0.14826743
375316653866487564,4756227576514018816,0.5830523,2230.371453681192,0.07182337469619025,7.1284405E-5,19.169327,0.008159297,0.4258928,0.030483695,0.03861842,0.016254254,1.2515894,0.2965192,0.8489831,0.0068519176,0.02795869,0.005565113,0.069923915,0.017562503,null,null,null,null,"TWOGAUSSIANS",8,5.6919885,0.4258928,0.030483695,0.21626316,0.091023825,1.2515894,0.2965192,0.8489831,0.0068519176,0.15656866,0.031164631,0.069923915,0.017562503
375316653866487564,4756229672455179904,0.5420423,2278.1928972310034,0.0737513058650263,4.747978E-5,18.996132,0.05696837,0.27792427,0.0092976,0.035888616,0.06918716,0.92822087,0.70606726,0.7857567,0.0052311826,0.059495624,0.018550025,0.25211015,0.051552538,null,null,null,null,"TWOGAUSSIANS",8,8.399217,0.27792427,0.0092976,0.20097624,0.19221993,0.9282203,0.71710694,0.7857567,0.0052311826,0.3331755,0.07536617,0.25210962,0.046090476
375316653866487564,4756230295214655232,0.5102796,2238.6594389323564,0.9455061653838552,1.3696059E-4,19.272549,0.004619079,0.13932621,0.03289885,0.031603754,0.023362149,0.66638774,710.7017,0.55267006,0.07057565,0.025939578,0.061299905,0.19586203,0.45575684,null,null,null,null,"TWOGAUSSIANS",8,1.6694766,0.13932621,0.03289885,0.17698102,0.13082804,0.66638774,710.7017,0.55267006,0.07057565,0.14526165,0.27687642,0.19586203,0.45575747
375316653866487564,4756231115564342400,0.48777413,2233.6951594239663,1.1845015513025565,7.529566E-5,19.120777,0.008005098,0.42083716,0.032068245,0.10712225,0.045404725,0.04306227,0.010131887,0.7919359,2.91926E-4,0.019343546,8.2765444E-4,0.32079625,0.006533399,null,null,null,null,"TWOGAUSSIANS",8,2.1361282,0.7919359,2.91926E-4,0.10832386,0.0046348646,0.32090133,0.0069025937,0.42083716,0.032068245,0.4,0.0,0.04306067,0.010119802
375316653866487564,4756232833538994048,0.60411465,2258.6156845385485,1.2970583700278375,3.1924067E-6,18.132074,0.015299138,0.2820826,0.0031520762,0.034354698,0.004459813,0.8412296,0.05965447,0.7617895,0.015799398,0.021263141,0.021961559,0.26169646,0.88614136,0.06389517,0.018371295,0.7617895,0.015799398,"TWOGAUSSIANS_WITH_ELLIPSOIDAL_ON_ECLIPSE2",9,6.87268,0.28180256,0.003046004,0.19238631,0.02497495,0.96698177,0.09015955,0.7617895,0.015799398,0.119073585,0.12298473,0.38948655,0.8864049
375316653866487564,4756234727626332672,0.5378553,2209.7977989048586,0.683108253170611,1.9815148E-5,19.351982,0.0042709876,0.41449815,0.008209035,0.019047646,0.0033302181,0.7146571,0.31764355,null,null,null,null,null,null,null,null,null,null,"ONEGAUSSIAN",5,1.2909752,0.41449815,0.008209035,0.10666681,0.01864922,0.7146571,0.0,null,null,null,null,null,null
375316653866487564,4756236376892373504,0.5192797,2209.5313813304874,1.2006878967742614,2.3518167E-5,19.75529,0.011451707,0.8155697,0.0061121155,0.027825419,0.0052842298,0.56009346,0.19922383,null,null,null,null,null,null,0.10057475,0.014561187,0.8155697,0.0061121155,"ONEGAUSSIAN_WITH_ELLIPSOIDAL",6,2.08682,0.8155697,0.0061121155,0.15582234,0.029591687,0.761243,0.20094194,null,null,null,null,null,null
375316653866487564,4756236892284300800,0.5163594,2235.0858405288595,0.25386759500879885,2.7660584E-5,19.64577,0.006598981,0.18361823,0.004343863,0.02607744,0.005327039,0.7541964,0.21629871,0.84375185,0.0030767447,0.0051295385,0.00406128,0.28313187,0.1994426,null,null,null,null,"TWOGAUSSIANS",8,1.8860499,0.18361823,0.004343863,0.14603366,0.029831419,0.7541964,0.21629871,0.84375185,0.0030767447,0.028725417,0.022743167,0.28313187,0.1994426
375316653866487564,4756238369752892928,0.5018344,2190.7174238514144,1.1623385759779887,1.9531204E-5,18.14341,0.0073312926,0.3503497,2.227681E-4,0.013560035,7.0961914E-4,0.41875958,0.018501492,0.8067287,0.060525738,0.07661461,0.055766687,0.031644583,0.012393272,null,null,null,null,"TWOGAUSSIANS",8,2.8856957,0.3503497,2.227681E-4,0.0759362,0.0039738673,0.41875958,0.0184686,0.8067287,0.060525738,0.4,0.02310309,0.031644583,0.012371596
375316653866487564,4756239950300801792,0.5299956,2212.1851703970597,0.9593408068494955,1.7138891E-5,18.17169,0.0050837365,0.26947147,0.0023940667,0.04892077,0.003408999,0.22514056,0.016887479,0.77699417,0.010173612,0.029608672,0.011251141,0.09262166,0.014102969,null,null,null,null,"TWOGAUSSIANS",8,2.6678224,0.26947147,0.0023940667,0.2739563,0.019090395,0.22514056,0.016887479,0.77699417,0.010173612,0.16580856,0.06300639,0.09262166,0.014102971
375316653866487564,4756240706219700992,0.49982348,2206.9541440907064,1.732770591284736,1.7896613E-5,19.684008,0.012565885,0.18897673,0.0011717544,0.0014607395,9.936913E-4,0.71500885,0.2339561,0.35374114,0.12341075,0.06335581,0.117151074,0.05793984,0.019490197,null,null,null,null,"TWOGAUSSIANS",8,1.6571819,0.18897673,0.0011717544,0.008180141,0.005564671,0.7169784,0.16513006,0.35374114,0.12341075,0.35479254,0.14498928,0.05793984,0.019519249
375316653866487564,4756241320394320128,0.51215017,2230.9107325628966,0.18621396145332023,4.2248033E-5,19.183617,0.008002912,0.29716375,0.008982624,0.058774475,0.0126041975,0.15667608,0.04621264,0.7903679,0.035229433,0.038906515,0.024862945,0.5188818,0.4027796,null,null,null,null,"TWOGAUSSIANS",8,1.8609511,0.7903679,0.035229433,0.21787648,0.1392325,0.5188811,0.40280882,0.29716375,0.008982624,0.32913706,0.07058351,0.15667538,0.046221558
375316653866487564,4756242041960503040,0.500814,2206.142230899454,0.46635841355802066,1.0393518E-5,19.389713,0.0050785467,0.32810345,0.008639649,0.017631195,0.004475838,0.2503154,0.051691957,0.7963922,0.0062831775,0.017011825,0.0022614156,0.4297609,0.10927393,null,null,null,null,"TWOGAUSSIANS",8,2.1096659,0.7963922,0.0062831775,0.095266216,0.012663928,0.4297609,0.10927393,0.32810345,0.008639649,0.09873469,0.025064694,0.2503154,0.051691957
375316653866487564,4756242114964509312,0.46468857,2231.126581529294,1.8072574895191638,1.8534143E-5,18.380512,0.005647834,0.5881243,0.0044159763,0.06765426,0.006923471,0.109742485,0.011563105,0.93523765,0.058105562,0.047255185,0.033448305,0.021319581,0.015571182,null,null,null,null,"TWOGAUSSIANS",8,2.7963836,0.5881243,0.0044159763,0.37886384,0.038665503,0.10974248,0.011561898,0.93523765,0.058105562,0.26462904,0.1655917,0.021319782,0.015577807
