Gaia/vari_eclipsing_binary/VariEclipsingBinary_515741-515911.csv
# %ECSV 1.0
# ---
# delimiter: ','
# meta: !!omap
# - RELEASE: Gaia DR3
# - TABLE: vari_eclipsing_binary
# - DESCRIPTION: >
#     This table describes the properties of the eclipsing binaries resulting from the variability analysis. 
# - CITATION: >
#     How to cite and acknowledge Gaia: 
#     https://gea.esac.esa.int/archive/documentation/credits.html 
# - KNOWN_ISSUES: >
#     Known issues: 
#     https://www.cosmos.esa.int/web/gaia-users/known-issues 
# - DOCUMENTATION: >
#     Tutorials and documentation: 
#     https://www.cosmos.esa.int/web/gaia-users/archive 
# datatype:
# - 
#   name: solution_id
#   datatype: int64
#   description: Solution Identifier
#   meta:
#     ucd: meta.version
# - 
#   name: source_id
#   datatype: int64
#   description: Unique source identifier
#   meta:
#     ucd: meta.id;meta.main
# - 
#   name: global_ranking
#   datatype: float32
#   description: Number between 0 (worst) and 1 (best)
#   meta:
#     ucd: stat.param
# - 
#   name: reference_time
#   datatype: float64
#   unit: d
#   description: Reference time used for the geometric model fit
#   meta:
#     ucd: time.epoch
# - 
#   name: frequency
#   datatype: float64
#   unit: d**-1
#   description: Frequency of geometric model of the eclipsing binary light curve
#   meta:
#     ucd: src.orbital
# - 
#   name: frequency_error
#   datatype: float32
#   unit: d**-1
#   description: "Uncertainty of \\texttt{frequency}"
#   meta:
#     ucd: stat.error
# - 
#   name: geom_model_reference_level
#   datatype: float32
#   unit: mag
#   description: Magnitude reference level of geometric model
#   meta:
#     ucd: phot.mag;em.opt
# - 
#   name: geom_model_reference_level_error
#   datatype: float32
#   unit: mag
#   description: "Uncertainty of \\texttt{geomModelReferenceLevel}"
#   meta:
#     ucd: stat.error;phot.mag;em.opt
# - 
#   name: geom_model_gaussian1_phase
#   datatype: float32
#   description: Phase of the Gaussian 1 component
#   meta:
#     ucd: time.phase
# - 
#   name: geom_model_gaussian1_phase_error
#   datatype: float32
#   description: "Uncertainty of \\texttt{geomModelGaussian1Phase}"
#   meta:
#     ucd: stat.error;time.phase
# - 
#   name: geom_model_gaussian1_sigma
#   datatype: float32
#   description: "Standard deviation [phase] of Gaussian 1 component"
#   meta:
#     ucd: stat.stdev
# - 
#   name: geom_model_gaussian1_sigma_error
#   datatype: float32
#   description: "Uncertainty of \\texttt{geomModelGaussian1Sigma}"
#   meta:
#     ucd: stat.error
# - 
#   name: geom_model_gaussian1_depth
#   datatype: float32
#   unit: mag
#   description: Magnitude depth of Gaussian 1 component
#   meta:
#     ucd: src.var.amplitude
# - 
#   name: geom_model_gaussian1_depth_error
#   datatype: float32
#   unit: mag
#   description: "Uncertainty of \\texttt{geomModelGaussian1Depth}"
#   meta:
#     ucd: stat.error;src.var.amplitude
# - 
#   name: geom_model_gaussian2_phase
#   datatype: float32
#   description: Phase of Gaussian 2 component
#   meta:
#     ucd: time.phase
# - 
#   name: geom_model_gaussian2_phase_error
#   datatype: float32
#   description: "Uncertainty of \\texttt{geomModelGaussian2Phase}"
#   meta:
#     ucd: stat.error;time.phase
# - 
#   name: geom_model_gaussian2_sigma
#   datatype: float32
[...]
#   datatype: float32
#   description: "Secondary eclipse: uncertainty of \\texttt{derivedSecondaryEclDuration}"
#   meta:
#     ucd: stat.error;time.duration
# - 
#   name: derived_secondary_ecl_depth
#   datatype: float32
#   unit: mag
#   description: "Secondary eclipse: depth"
#   meta:
#     ucd: src.var.amplitude
# - 
#   name: derived_secondary_ecl_depth_error
#   datatype: float32
#   unit: mag
#   description: "Secondary eclipse: uncertainty of \\texttt{derivedSecondaryEclDepth}"
#   meta:
#     ucd: stat.error;src.var.amplitude
solution_id,source_id,global_ranking,reference_time,frequency,frequency_error,geom_model_reference_level,geom_model_reference_level_error,geom_model_gaussian1_phase,geom_model_gaussian1_phase_error,geom_model_gaussian1_sigma,geom_model_gaussian1_sigma_error,geom_model_gaussian1_depth,geom_model_gaussian1_depth_error,geom_model_gaussian2_phase,geom_model_gaussian2_phase_error,geom_model_gaussian2_sigma,geom_model_gaussian2_sigma_error,geom_model_gaussian2_depth,geom_model_gaussian2_depth_error,geom_model_cosine_half_period_amplitude,geom_model_cosine_half_period_amplitude_error,geom_model_cosine_half_period_phase,geom_model_cosine_half_period_phase_error,model_type,num_model_parameters,reduced_chi2,derived_primary_ecl_phase,derived_primary_ecl_phase_error,derived_primary_ecl_duration,derived_primary_ecl_duration_error,derived_primary_ecl_depth,derived_primary_ecl_depth_error,derived_secondary_ecl_phase,derived_secondary_ecl_phase_error,derived_secondary_ecl_duration,derived_secondary_ecl_duration_error,derived_secondary_ecl_depth,derived_secondary_ecl_depth_error
[from data line 389]
375316653866487564,4537706551086715136,0.49171618,2214.7909759470385,3.290603847050263,1.5092786E-5,16.19722,0.036173496,0.27773854,0.01242844,0.10239845,0.02514732,0.17543672,0.03468094,0.776958,0.0036409923,0.11609401,0.017492728,0.20195773,0.033318236,null,null,null,null,"TWOGAUSSIANS",8,39.528404,0.776958,0.0036396843,0.4,0.0,0.1746651,0.0111119365,0.27773854,0.012461945,0.4,0.0,0.14817964,0.011592312
375316653866487564,4537708161694491008,0.5575848,2220.904223670229,3.0380596784021563,5.9515282E-6,16.088877,0.010583302,0.2517864,0.0023241774,0.10191412,0.005970881,0.2688814,0.012806177,0.75931907,0.0020066025,0.093479484,0.0053602266,0.2320987,0.009664408,null,null,null,null,"TWOGAUSSIANS",8,18.363409,0.2517864,0.0023241774,0.4,0.0,0.25172162,0.0130269425,0.75931907,0.0020066025,0.4,0.0,0.21494201,0.006298218
375316653866487564,4537708234713945984,0.5992519,2226.2433037849796,2.3366637489000506,5.6829963E-6,15.788375,0.0039600884,0.27604622,0.0011302105,0.08875706,0.0029024966,0.23468173,0.004578113,0.7848764,0.002241732,0.09374451,0.003399455,0.15067954,0.0043228315,null,null,null,null,"TWOGAUSSIANS",8,8.592,0.27604622,0.0011302105,0.4,0.0,0.22705127,0.004346491,0.7848764,0.002241732,0.4,0.0,0.14304891,0.003350774
375316653866487564,4537710502456684160,0.5222359,2193.8897440923756,2.3267697562226095,1.1077875E-5,15.6962805,0.018548476,0.24811375,0.003146797,0.11643988,0.013243413,0.14346619,0.01749372,0.7471133,0.005182717,0.10303896,0.014461931,0.14779855,0.017330825,null,null,null,null,"TWOGAUSSIANS",8,24.004631,0.7471133,0.005182717,0.4,0.0,0.12638499,0.00691762,0.24811375,0.003146797,0.4,0.0,0.12202645,0.004140109
375316653866487564,4537712800257445888,0.48399913,2200.7122175529844,1.172691004546631,1.4719141E-5,19.616703,0.007028248,0.19219708,0.0095795365,0.025472824,0.014525014,0.49835685,0.292608,0.69808054,0.003369497,0.017319353,0.0034219546,0.78613555,0.58335733,null,null,null,null,"TWOGAUSSIANS",8,3.5025911,0.69808054,0.003369497,0.09698838,0.019162945,0.78613555,0.58335733,0.19219708,0.0095795365,0.14264782,0.08134008,0.49835685,0.292608
375316653866487564,4537713560467082624,0.49182448,2197.5098064312688,3.54961178514654,1.6154338E-5,19.52047,0.013956737,0.25741673,0.005321087,0.076760694,0.0059553357,0.3693114,0.023938656,0.76357734,0.0036842155,0.07557611,0.0052009253,0.32653648,0.018058555,null,null,null,null,"TWOGAUSSIANS",8,3.1658745,0.25741673,0.005321087,0.4,0.0,0.36652806,0.023539329,0.76357734,0.0036842155,0.4,0.0,0.32375315,0.017500162
375316653866487564,4537717099526620288,0.6176137,2206.3920266424084,3.0309902460136406,2.3706737E-6,18.00298,0.0033919534,0.22389801,5.7874224E-4,0.08367732,0.001158431,0.32062593,0.0034546226,0.72714376,0.002812867,0.08646725,0.0027763734,0.23074111,0.00619078,null,null,null,null,"TWOGAUSSIANS",8,1.1704756,0.22389801,5.7874224E-4,0.4,0.0,0.31380594,0.0027840724,0.72714376,0.002812867,0.4,0.0,0.22392112,0.0054159006
375316653866487564,4537717576262811008,0.5941251,2204.7884507118383,3.32745975764444,4.2695196E-6,18.902786,0.012982147,0.220438,0.0014162096,0.04872406,0.004610529,0.37687093,0.027191892,0.72222745,0.0017077309,0.054916497,0.0027743713,0.4630606,0.028391713,0.10774553,0.016860534,0.220438,0.0014162096,"TWOGAUSSIANS_WITH_ELLIPSOIDAL_ON_ECLIPSE1",9,2.6705773,0.72222745,0.0017077309,0.30753237,0.01553648,0.678511,0.01175525,0.220438,0.0014162096,0.27285472,0.025818964,0.59234864,0.027800336
375316653866487564,4537721841170472704,0.4835058,2211.1067183251703,0.6216381709688128,4.0642394E-6,16.290092,0.0035153965,0.122222036,7.7292963E-4,0.008366009,6.062901E-4,0.38305187,0.012557955,0.7659575,0.010474385,0.026850529,0.005471168,0.1722141,0.07763813,0.0032912153,0.005598393,0.122222036,7.7292963E-4,"TWOGAUSSIANS_WITH_ELLIPSOIDAL_ON_ECLIPSE1",9,86.86965,0.122222036,7.7292963E-4,0.04684965,0.0033952247,0.3896343,0.012704702,0.7659575,0.010474385,0.15036297,0.03063854,0.17473759,0.07778158
375316653866487564,4537725174065144960,0.60412884,2237.131107193157,2.652468115814035,7.0245396E-6,12.886589,0.007276111,0.24885792,0.0062673115,0.03993599,0.006572153,0.09938969,0.01603905,0.74254084,0.0016759736,0.04173246,0.010992399,0.1495768,0.009094147,0.102641076,0.009494993,0.74254084,0.0016759736,"TWOGAUSSIANS_WITH_ELLIPSOIDAL_ON_ECLIPSE2",9,190.44914,0.74254084,0.0016759736,0.23370178,0.061557434,0.35485893,0.014462903,0.24755791,0.0048913504,0.22364154,0.036804058,0.30441526,0.004919275
375316653866487564,4537729945766245120,0.58067495,2180.9282715349455,3.3951441807403997,4.113447E-6,18.693521,0.0062328884,0.23671755,0.0019316989,0.07256817,0.0020027924,0.5892801,0.008415752,0.7320742,0.0013676708,0.06612766,0.001737083,0.48125857,0.007920553,null,null,null,null,"TWOGAUSSIANS",8,2.9658284,0.23671755,0.0019316989,0.4,0.0,0.5878536,0.008244312,0.7320742,0.0013676708,0.37031487,0.009727665,0.47983208,0.007843481
375316653866487564,4537731217081101824,0.54930973,2176.42592389808,3.0888978950052586,7.403812E-6,19.216948,0.009887246,0.24011695,0.0012025182,0.035160635,0.0015073849,0.83260727,0.031550974,0.73565006,0.0026250533,0.039278723,0.0032377257,0.42606533,0.023954116,0.05058932,0.0147575755,0.24011695,0.0012025182,"TWOGAUSSIANS_WITH_ELLIPSOIDAL_ON_ECLIPSE1",9,4.219004,0.24011695,0.0012025182,0.19689955,0.008441356,0.93378586,0.030081786,0.73578006,0.0025489146,0.21996085,0.018131264,0.5271665,0.015432596
375316653866487564,4537733867079342336,0.5731214,2199.487146587687,4.01462008996587,6.21747E-6,16.907011,0.008888581,0.29135513,0.0020854657,0.10227793,0.0059708254,0.20934063,0.00787241,0.79823464,0.0024879118,0.10025925,0.004648813,0.18743838,0.0092912875,null,null,null,null,"TWOGAUSSIANS",8,3.912496,0.29135513,0.0020854657,0.4,0.0,0.19204521,0.006476675,0.79823464,0.0024879118,0.4,0.0,0.17014422,0.004996373
375316653866487564,4537737131254505856,0.4350035,2209.0243954738075,0.03963440431345108,2.7683962E-4,19.121502,0.052631874,0.3069174,0.037925,0.21229284,0.106874704,0.09678051,0.03842673,0.57267463,0.018332219,0.071380734,0.012361343,0.11293885,0.02132476,null,null,null,null,"TWOGAUSSIANS",8,4.1017056,0.57267463,0.018332219,0.3997321,0.055002313,0.14492297,0.02221344,0.31003737,0.03817892,0.4,0.0,0.08443509,0.017092224
375316653866487564,4537741013905034496,0.5014827,2240.7006788217,3.491852874143552,2.5148027E-5,17.995037,0.045085195,0.24547572,0.006190925,0.1041589,0.017610656,0.26595852,0.042110268,0.74365026,0.0068058344,0.11195719,0.01791951,0.30074534,0.041095663,null,null,null,null,"TWOGAUSSIANS",8,12.99281,0.74365026,0.0068058344,0.4,0.0,0.26252294,0.011996066,0.24547572,0.006194379,0.4,0.0,0.22775897,0.014377836
375316653866487564,4537741524999032192,0.48183876,2221.3596256325986,3.5037606567538875,2.2078071E-5,19.138243,0.026393402,0.23277569,0.006825426,0.08329415,0.012790385,0.20644172,0.028598543,0.7259523,0.006865991,0.09584759,0.017036118,0.23810925,0.022749027,null,null,null,null,"TWOGAUSSIANS",8,4.1416497,0.7259523,0.006865991,0.4,0.0,0.22998413,0.01808824,0.23277569,0.006825426,0.4,0.0,0.19831723,0.02156371
375316653866487564,4537748671824406016,0.6965987,2213.394646172734,2.6374911479251453,2.0574414E-6,13.4806795,0.004586422,0.20847552,8.141296E-4,0.046625193,0.002829631,0.24180283,0.010154305,0.7083826,0.0012240763,0.048333813,0.0016253581,0.26182726,0.010999948,0.14534424,0.0059661376,0.20847552,8.141296E-4,"TWOGAUSSIANS_WITH_ELLIPSOIDAL_ON_ECLIPSE1",9,54.25741,0.7084026,0.001048236,0.27066937,0.0091020055,0.5525151,0.0047337282,0.20847552,8.141296E-4,0.2611011,0.015845934,0.53249073,0.007321209
375316653866487564,4537752657555202048,0.48812786,2214.388392694761,3.174114962470576,2.0462927E-5,17.839241,0.0305483,0.21047428,0.006443702,0.10408151,0.012054058,0.29869428,0.029948281,0.736639,0.012516018,0.101071104,0.016785637,0.2664058,0.032933854,null,null,null,null,"TWOGAUSSIANS",8,26.84096,0.21046428,0.0064436328,0.4,0.0,0.2776476,0.019366762,0.73664904,0.012520202,0.4,0.0,0.24536458,0.022667019
375316653866487564,4537755170117351424,0.56546545,2225.880929464524,0.5005771427703847,7.1903987E-6,14.05213,0.0019313946,0.28014746,0.018538823,0.02981227,0.014965191,0.02338761,0.0105146365,0.76711035,0.0014966244,0.020479957,0.0023343058,0.3043852,0.07553573,0.031511758,0.0022537883,0.76711035,0.0014966244,"TWOGAUSSIANS_WITH_ELLIPSOIDAL_ON_ECLIPSE2",9,40.018692,0.76711035,0.0014966244,0.114687756,0.013072113,0.3674087,0.07700592,0.27807748,0.016262582,0.1669487,0.08380507,0.08605601,0.009890498
375316653866487564,4537758155112587520,0.5600039,2232.730653889079,3.6249161047538285,8.45664E-6,18.988241,0.0094715385,0.25815892,0.0021432827,0.07444729,0.0038793958,0.3416735,0.012302844,0.76409405,0.0031326604,0.073746346,0.00356871,0.40227377,0.022903085,null,null,null,null,"TWOGAUSSIANS",8,2.4043093,0.76409405,0.0031326604,0.4,0.0,0.40009186,0.022895467,0.25815892,0.0021432827,0.4,0.0,0.3394916,0.012107905
375316653866487564,4537759052770055808,0.47496325,2199.5034453610238,0.02549707952084855,1.0762794E-5,18.894878,0.004620972,0.38231552,0.0026766844,0.023040747,0.013768702,0.2873157,0.47230455,0.8853611,4.834053E-6,0.0013031984,2.112889E-5,1.005656,0.003784113,null,null,null,null,"TWOGAUSSIANS",8,2.4925802,0.8853611,4.834053E-6,0.007297911,1.1832179E-4,1.005656,0.003784113,0.38231552,0.0026766844,0.12902819,0.07710473,0.2873157,0.47230455
375316653866487564,4537761762885248000,0.596364,2245.7502236532805,3.4397931024962656,1.0726445E-5,17.605963,0.026235754,0.26756036,0.0017889668,0.05783072,0.009046675,0.27193394,0.056348607,0.754843,0.0039422195,0.06236653,0.0054566455,0.37462664,0.06215814,0.10176994,0.03473761,0.26756036,0.0017889668,"TWOGAUSSIANS_WITH_ELLIPSOIDAL_ON_ECLIPSE1",9,13.469629,0.756653,0.0031381093,0.34925255,0.030557215,0.5769771,0.020701885,0.26756036,0.0017889668,0.32385203,0.050661378,0.4753966,0.029075123
375316653866487564,4537762145144164992,0.49747255,2229.0762669975043,2.739610965928221,1.646766E-5,12.762576,0.005032344,0.2648607,0.0046402263,0.054237,0.014173431,0.061182134,0.025917197,0.78780186,0.011780418,0.03606773,0.009454525,0.058753993,0.01570842,0.07827231,0.0072311843,0.2648607,0.0046402263,"TWOGAUSSIANS_WITH_ELLIPSOIDAL_ON_ECLIPSE1",9,944.3125,0.2648607,0.0046402263,0.3037272,0.079371214,0.2177251,0.021841595,0.78780186,0.011780418,0.20197931,0.05294534,0.21206683,0.013749289
375316653866487564,4537762179503903104,0.47096968,2198.6114474370734,2.6991558857067215,3.8730177E-5,18.154888,0.0065009203,0.22020939,0.0142757865,0.0635859,0.019041382,0.12026568,0.020844445,0.70780665,0.0040841666,0.04393765,0.005603505,0.17736304,0.020005072,null,null,null,null,"TWOGAUSSIANS",8,6.404779,0.70780665,0.0040841666,0.24605083,0.031379625,0.1773598,0.020007929,0.22020939,0.0142757865,0.35608104,0.10663173,0.12026244,0.020847373
375316653866487564,4537769944805368704,0.51950467,2217.4552962311495,3.548639499045169,1.13235965E-5,17.238071,0.0053492594,0.25173113,0.0048532546,0.088110894,0.007427522,0.11855082,0.005650678,0.7508186,0.0049402034,0.09460463,0.0072774873,0.10020277,0.005798503,null,null,null,null,"TWOGAUSSIANS",8,3.7441916,0.25173113,0.0048532546,0.4,0.0,0.11348835,0.004341148,0.7508186,0.0049402034,0.4,0.0,0.095140144,0.004279813
375316653866487564,4537771868944361728,0.43955037,2235.095950041646,0.12113016909708663,4.9441238E-5,17.343582,0.0015858153,0.2173672,0.00735275,0.023433505,0.009141111,0.04893821,0.011925664,0.77039903,0.009759442,0.050414067,0.0055649974,0.05534988,0.012543985,null,null,null,null,"TWOGAUSSIANS",8,4.71247,0.77039903,0.009759442,0.28231877,0.031163985,0.05534988,0.012543985,0.2173672,0.00735275,0.13122763,0.051190224,0.04893821,0.011925664
375316653866487564,4537776232637450240,0.6341595,2225.8145284407115,2.162360696151027,2.9148543E-6,14.992789,0.0042793923,0.21567452,5.534872E-4,0.0855279,0.001670949,0.26235116,0.0038430628,0.7138797,0.001399304,0.09651941,0.0029991528,0.2418698,0.004763472,null,null,null,null,"TWOGAUSSIANS",8,13.259888,0.21567452,5.534872E-4,0.4,0.0,0.2511253,0.0023481902,0.7138797,0.001399304,0.4,0.0,0.23064327,0.004682018
375316653866487564,4537781657173772800,0.5252923,2229.9984994043402,4.290215464142807,7.072154E-6,18.95025,0.011361147,0.23189597,0.0034435831,0.06660853,0.00429262,0.45916998,0.02190121,0.72543716,0.0021186245,0.07058051,0.0043039666,0.38882,0.018489288,null,null,null,null,"TWOGAUSSIANS",8,4.225833,0.23189597,0.0034435831,0.3730078,0.02403867,0.45824513,0.02186268,0.72543716,0.0021186245,0.3952509,0.016465168,0.38789514,0.018597834
375316653866487564,4537784169737100544,0.5978901,2194.2244241902204,3.389519339943842,4.291647E-6,16.365595,0.010261098,0.28552797,0.0014035206,0.059843726,0.003228484,0.34052914,0.027592408,0.7840968,0.0020422274,0.050345555,0.0045248563,0.19677612,0.024722867,0.10421912,0.015658729,0.28552797,0.0014035206,"TWOGAUSSIANS_WITH_ELLIPSOIDAL_ON_ECLIPSE1",9,26.133696,0.28552797,0.0014035206,0.33512488,0.01807951,0.54891115,0.017460141,0.78434676,0.0016201629,0.28193513,0.025339194,0.40514427,0.010351112
375316653866487564,4537784444615029632,0.4489937,2207.635825691666,3.3285626002851774,5.4459138E-6,15.4038725,0.029370248,0.2546764,0.008416908,0.054446287,0.01713653,0.17119998,0.06579427,0.73775584,0.00399891,0.059976324,0.010142531,0.2481509,0.05410899,0.04977929,0.031016704,0.2546764,0.008416908,"TWOGAUSSIANS_WITH_ELLIPSOIDAL_ON_ECLIPSE1",9,82.10976,0.7394758,0.0033597783,0.3358674,0.05679818,0.34668487,0.019211186,0.2546764,0.008416908,0.30489922,0.095964566,0.27074137,0.010494007
375316653866487564,4537786059522809600,0.43799227,2231.497072456677,2.023233395273572,5.403896E-5,18.315928,0.1100875,0.4085015,0.023389796,0.22178198,0.08761289,0.19767724,0.10575265,0.80221355,0.01826416,0.04424831,0.012046493,0.07834491,0.02455132,null,null,null,null,"TWOGAUSSIANS",8,15.716149,0.4085015,0.023389796,0.4,0.0,0.16478488,0.015541764,0.80221355,0.01826416,0.24779055,0.06746036,0.09104087,0.021922922
375316653866487564,4537787399552645888,0.59558153,2222.799213742162,3.0641776645131933,7.668007E-6,15.315551,0.007069643,0.22552446,0.0014929541,0.045841776,0.0036977762,0.26390523,0.019134585,0.72528076,0.0023689782,0.051635176,0.004671176,0.37213686,0.029947113,0.09133297,0.013726846,0.22552446,0.0014929541,"TWOGAUSSIANS_WITH_ELLIPSOIDAL_ON_ECLIPSE1",9,98.96112,0.7253007,0.0022402625,0.289157,0.026158586,0.5547992,0.027056167,0.22552446,0.0014929541,0.25671393,0.020707548,0.44656798,0.010759873
375316653866487564,4537793927902869632,0.49570212,2197.2849848364535,2.988266200957212,1.7768178E-5,15.240875,0.023965603,0.25963137,0.006112426,0.09684698,0.012649845,0.36158207,0.023002421,0.75657994,0.004658572,0.09021735,0.008068374,0.3462435,0.024503853,null,null,null,null,"TWOGAUSSIANS",8,456.96396,0.25963137,0.006112426,0.4,0.0,0.34254795,0.020671003,0.75657994,0.004658572,0.4,0.0,0.32721043,0.016839163
375316653866487564,4537796195645696512,0.4645945,2217.4316512383407,0.2193337354055699,4.8727597E-5,17.548702,0.0054848446,0.12734199,0.0023840251,0.0072681857,0.003159855,1.4688405,66.59498,0.79987067,0.030569332,0.0127846105,0.036859676,0.26500484,0.675279,0.007854833,0.007964108,0.12734199,0.0023840251,"TWOGAUSSIANS_WITH_ELLIPSOIDAL_ON_ECLIPSE1",9,32.716343,0.12734199,0.0023840251,0.04070184,0.017695189,1.4845501,66.59569,0.79987067,0.030569332,0.07159382,0.2064142,0.26844227,0.6772869
375316653866487564,4537798841343568640,0.4469952,2219.9504623494668,0.7965567622597188,4.8878315E-5,18.105608,0.5246283,0.28920975,0.019504473,0.14549623,0.07849714,0.27946126,0.45241114,0.77715445,0.016207421,0.16205718,0.11215798,0.29215786,0.5060353,null,null,null,null,"TWOGAUSSIANS",8,13.613828,0.77715445,0.016207421,0.4,0.0,0.150892,0.020727469,0.29090977,0.016645532,0.4,0.0,0.14175671,0.016395336
