Gaia/vari_eclipsing_binary/VariEclipsingBinary_681122-681162.csv
# %ECSV 1.0
# ---
# delimiter: ','
# meta: !!omap
# - RELEASE: Gaia DR3
# - TABLE: vari_eclipsing_binary
# - DESCRIPTION: >
#     This table describes the properties of the eclipsing binaries resulting from the variability analysis. 
# - CITATION: >
#     How to cite and acknowledge Gaia: 
#     https://gea.esac.esa.int/archive/documentation/credits.html 
# - KNOWN_ISSUES: >
#     Known issues: 
#     https://www.cosmos.esa.int/web/gaia-users/known-issues 
# - DOCUMENTATION: >
#     Tutorials and documentation: 
#     https://www.cosmos.esa.int/web/gaia-users/archive 
# datatype:
# - 
#   name: solution_id
#   datatype: int64
#   description: Solution Identifier
#   meta:
#     ucd: meta.version
# - 
#   name: source_id
#   datatype: int64
#   description: Unique source identifier
#   meta:
#     ucd: meta.id;meta.main
# - 
#   name: global_ranking
#   datatype: float32
#   description: Number between 0 (worst) and 1 (best)
#   meta:
#     ucd: stat.param
# - 
#   name: reference_time
#   datatype: float64
#   unit: d
#   description: Reference time used for the geometric model fit
#   meta:
#     ucd: time.epoch
# - 
#   name: frequency
#   datatype: float64
#   unit: d**-1
#   description: Frequency of geometric model of the eclipsing binary light curve
#   meta:
#     ucd: src.orbital
# - 
#   name: frequency_error
#   datatype: float32
#   unit: d**-1
#   description: "Uncertainty of \\texttt{frequency}"
#   meta:
#     ucd: stat.error
# - 
#   name: geom_model_reference_level
#   datatype: float32
#   unit: mag
#   description: Magnitude reference level of geometric model
#   meta:
#     ucd: phot.mag;em.opt
# - 
#   name: geom_model_reference_level_error
#   datatype: float32
#   unit: mag
#   description: "Uncertainty of \\texttt{geomModelReferenceLevel}"
#   meta:
#     ucd: stat.error;phot.mag;em.opt
# - 
#   name: geom_model_gaussian1_phase
#   datatype: float32
#   description: Phase of the Gaussian 1 component
#   meta:
#     ucd: time.phase
# - 
#   name: geom_model_gaussian1_phase_error
#   datatype: float32
#   description: "Uncertainty of \\texttt{geomModelGaussian1Phase}"
#   meta:
#     ucd: stat.error;time.phase
# - 
#   name: geom_model_gaussian1_sigma
#   datatype: float32
#   description: "Standard deviation [phase] of Gaussian 1 component"
#   meta:
#     ucd: stat.stdev
# - 
#   name: geom_model_gaussian1_sigma_error
#   datatype: float32
#   description: "Uncertainty of \\texttt{geomModelGaussian1Sigma}"
#   meta:
#     ucd: stat.error
# - 
#   name: geom_model_gaussian1_depth
#   datatype: float32
#   unit: mag
#   description: Magnitude depth of Gaussian 1 component
#   meta:
#     ucd: src.var.amplitude
# - 
#   name: geom_model_gaussian1_depth_error
#   datatype: float32
#   unit: mag
#   description: "Uncertainty of \\texttt{geomModelGaussian1Depth}"
#   meta:
#     ucd: stat.error;src.var.amplitude
# - 
#   name: geom_model_gaussian2_phase
#   datatype: float32
#   description: Phase of Gaussian 2 component
#   meta:
#     ucd: time.phase
# - 
#   name: geom_model_gaussian2_phase_error
#   datatype: float32
#   description: "Uncertainty of \\texttt{geomModelGaussian2Phase}"
#   meta:
#     ucd: stat.error;time.phase
# - 
#   name: geom_model_gaussian2_sigma
#   datatype: float32
[...]
#   datatype: float32
#   description: "Secondary eclipse: uncertainty of \\texttt{derivedSecondaryEclDuration}"
#   meta:
#     ucd: stat.error;time.duration
# - 
#   name: derived_secondary_ecl_depth
#   datatype: float32
#   unit: mag
#   description: "Secondary eclipse: depth"
#   meta:
#     ucd: src.var.amplitude
# - 
#   name: derived_secondary_ecl_depth_error
#   datatype: float32
#   unit: mag
#   description: "Secondary eclipse: uncertainty of \\texttt{derivedSecondaryEclDepth}"
#   meta:
#     ucd: stat.error;src.var.amplitude
solution_id,source_id,global_ranking,reference_time,frequency,frequency_error,geom_model_reference_level,geom_model_reference_level_error,geom_model_gaussian1_phase,geom_model_gaussian1_phase_error,geom_model_gaussian1_sigma,geom_model_gaussian1_sigma_error,geom_model_gaussian1_depth,geom_model_gaussian1_depth_error,geom_model_gaussian2_phase,geom_model_gaussian2_phase_error,geom_model_gaussian2_sigma,geom_model_gaussian2_sigma_error,geom_model_gaussian2_depth,geom_model_gaussian2_depth_error,geom_model_cosine_half_period_amplitude,geom_model_cosine_half_period_amplitude_error,geom_model_cosine_half_period_phase,geom_model_cosine_half_period_phase_error,model_type,num_model_parameters,reduced_chi2,derived_primary_ecl_phase,derived_primary_ecl_phase_error,derived_primary_ecl_duration,derived_primary_ecl_duration_error,derived_primary_ecl_depth,derived_primary_ecl_depth_error,derived_secondary_ecl_phase,derived_secondary_ecl_phase_error,derived_secondary_ecl_duration,derived_secondary_ecl_duration_error,derived_secondary_ecl_depth,derived_secondary_ecl_depth_error
[from data line 364]
375316653866487564,5991475568318313728,0.4789401,2057.041297586573,3.2018272629662836,3.0181936E-5,19.640738,0.018148016,0.14954585,0.010771123,0.08502992,0.015187793,0.2402251,0.023444742,0.63975996,0.008317678,0.09494792,0.01270781,0.27435386,0.018884208,null,null,null,null,"TWOGAUSSIANS",8,2.9387028,0.63975996,0.008317678,0.4,0.0,0.2650374,0.014123293,0.14954585,0.010771464,0.4,0.0,0.23090921,0.022535672
375316653866487564,5991476083718566144,0.62456024,2049.3201273497916,0.17812342695279346,2.6849317E-4,17.300156,0.0015138015,0.13050891,0.004931278,0.006527636,0.0038162204,0.6052794,1.0725188,0.64563215,0.01222007,0.014778452,0.0041276827,0.31144992,0.16783166,null,null,null,null,"TWOGAUSSIANS",8,3.0829585,0.13050891,0.004931278,0.03655476,0.021370834,0.6052794,1.0725188,0.64563215,0.01222007,0.08275933,0.023115022,0.31144992,0.16783166
375316653866487564,5991476869665952512,0.6186336,2180.8318285022306,1.414256682781634,5.4980765E-6,18.851316,0.006718952,0.24936892,7.223667E-4,0.039906077,0.0010924084,1.1598511,0.049593262,0.7515959,0.026254464,0.04493789,0.020141745,0.2361033,0.043652132,null,null,null,null,"TWOGAUSSIANS",8,4.7218204,0.24936892,7.223667E-4,0.22347404,0.006117487,1.1598511,0.049593266,0.7515959,0.026254464,0.25165218,0.112793766,0.23610327,0.04365217
375316653866487564,5991477011430610304,0.60702527,2195.1357283998836,2.5417026748212095,3.4315026E-6,16.054663,0.0041676047,0.32435656,0.0015475157,0.038689043,0.010552328,0.13572492,0.16034447,0.8269466,0.0025820036,0.050522204,0.004413531,0.10314696,0.011738139,0.11027491,0.0074816146,0.32435656,0.0015475157,"TWOGAUSSIANS_WITH_ELLIPSOIDAL_ON_ECLIPSE1",9,17.289864,0.32435656,0.0015475157,0.21665864,0.059093036,0.35627392,0.16526416,0.8269466,0.0025820036,0.28292432,0.024715776,0.32363757,0.0064152987
375316653866487564,5991478557618193152,0.5124602,2168.6646645008304,1.3020209669084823,2.8802822E-5,14.427769,0.0014094478,0.29397908,0.003649636,0.025813112,0.0089092655,0.045972325,0.0065784585,null,null,null,null,null,null,0.0235006,0.0022752648,0.29397908,0.003649636,"ONEGAUSSIAN_WITH_ELLIPSOIDAL",6,43.48456,0.29397908,0.003649636,0.14455342,0.04989189,0.09297352,0.0067062895,null,null,null,null,null,null
375316653866487564,5991478999969765632,0.51634574,2157.1349230224796,2.094310131166871,4.622757E-5,19.2978,0.008076728,0.2799817,0.0061176135,0.020021763,0.029127117,0.19607762,1.15117498E15,0.8214276,0.043371268,0.031179875,0.028565286,0.09729223,0.038428083,0.08430193,0.010978051,0.2799817,0.0061176135,"TWOGAUSSIANS_WITH_ELLIPSOIDAL_ON_ECLIPSE1",9,2.5645459,0.2799817,0.0061176135,0.11212187,0.16311187,0.36468145,1.15117498E15,0.8214276,0.04306333,0.17460729,0.1599656,0.25471842,0.04189742
375316653866487564,5991480649231280768,0.5297899,2177.7032041232783,2.013223885214035,9.316897E-6,17.79723,0.02086874,0.27575102,0.008946631,0.09857729,0.012052412,0.39585003,0.01781453,0.77525026,0.004567295,0.08682941,0.00844388,0.43887687,0.03207867,null,null,null,null,"TWOGAUSSIANS",8,10.308561,0.77525026,0.004567295,0.4,0.0,0.41720995,0.03561487,0.27575102,0.008946631,0.4,0.0,0.37418112,0.018802153
375316653866487564,5991481645662755712,0.49944797,2250.3911082328823,0.0873004926675453,8.373454E-5,13.062887,0.0050365897,0.20122832,0.0074540125,0.008398712,0.0049286284,0.594063,0.25908306,null,null,null,null,null,null,0.03151238,0.005281319,0.20122832,0.0074540125,"ONEGAUSSIAN_WITH_ELLIPSOIDAL",6,927.65247,0.20122832,0.0074540125,0.047032785,0.027600318,0.65708756,0.25907344,null,null,null,null,null,null
375316653866487564,5991482027915266560,0.5623487,2238.173532397641,4.228000568923709,1.5089281E-5,18.121313,0.0151269045,0.31175998,0.0026737642,0.09521937,0.0060661514,0.26079518,0.017102914,0.8156414,0.002379228,0.104148924,0.0056528295,0.2659624,0.01465139,null,null,null,null,"TWOGAUSSIANS",8,2.6609607,0.8156414,0.002379228,0.4,0.0,0.2443729,0.008277309,0.31175998,0.0026737642,0.4,0.0,0.23921047,0.013437889
375316653866487564,5991482161059714048,0.50033194,2239.11481872964,1.5368234305361403,3.5181456E-5,17.89021,0.0036690887,0.29453334,0.010111279,0.06951587,0.013396151,0.06725689,0.0051200707,0.7773568,0.006207672,0.06829473,0.0075955647,0.08831287,0.0052744593,null,null,null,null,"TWOGAUSSIANS",8,1.8146235,0.7773568,0.006207672,0.38245046,0.03922139,0.0881783,0.005211532,0.29453334,0.010111279,0.38928887,0.048111375,0.06712232,0.0050731543
375316653866487564,5991483814658302720,0.59465325,2221.181049698652,2.7752751871096013,4.016937E-6,16.20074,0.009990164,0.25327373,0.0013476101,0.09957804,0.004830005,0.22933249,0.008475791,0.74739575,0.0023108236,0.100077026,0.005621604,0.2023651,0.009394019,null,null,null,null,"TWOGAUSSIANS",8,8.378517,0.25327373,0.0013476101,0.4,0.0,0.21195526,0.0042364975,0.74739575,0.0023108236,0.4,0.0,0.18498787,0.0047554914
375316653866487564,5991483913408383744,0.57029873,2169.737572604729,1.3509950793453607,6.598482E-5,19.089523,0.0038592415,0.23717268,0.002709704,0.02927266,0.003133137,0.68004936,0.054524582,0.71638143,0.08075272,0.060630824,0.044733733,0.071700536,0.11640041,null,null,null,null,"TWOGAUSSIANS",8,2.3233721,0.23717268,0.002709704,0.1639269,0.017545568,0.68004936,0.054524593,0.71638143,0.08075272,0.3395326,0.2505089,0.07170052,0.116400436
375316653866487564,5991484360083036160,0.544123,2223.2038579875425,3.2876506770955687,1.0638197E-5,18.484304,0.010724536,0.29823786,0.002691169,0.075620614,0.0054481854,0.3226118,0.01232608,0.8043561,0.003153442,0.0808113,0.0036969085,0.38352618,0.014643418,null,null,null,null,"TWOGAUSSIANS",8,4.086569,0.8043561,0.003153442,0.4,0.0,0.37976635,0.014026976,0.29823786,0.002691169,0.4,0.0,0.31885198,0.011851425
375316653866487564,5991484604932302592,0.5665475,2209.55434830639,3.161101668280985,6.9229773E-6,15.939419,0.014051222,0.21563296,0.0024221549,0.07514714,0.0042191357,0.40334934,0.021322409,0.7035512,0.005642114,0.08085861,0.00795113,0.41703385,0.027830647,null,null,null,null,"TWOGAUSSIANS",8,68.89482,0.7035512,0.005642114,0.4,0.0,0.41328114,0.028440842,0.21563296,0.0024221549,0.4,0.0,0.39959663,0.02096138
375316653866487564,5991484703680444416,0.5421705,2188.663481397307,2.7761663829174323,3.2238357E-5,18.854336,0.013458484,0.16545962,0.010933233,0.07244611,0.011623914,0.38297886,0.025865521,0.6617222,0.0048862942,0.071199596,0.0049450737,0.42050242,0.018979512,null,null,null,null,"TWOGAUSSIANS",8,6.4932756,0.6617222,0.0048862942,0.39871776,0.020436939,0.41878897,0.018573944,0.16545962,0.010933233,0.4,0.012574841,0.3812654,0.02672546
375316653866487564,5991487177581645440,0.5709016,2187.962525506646,3.119982290717387,1.009497E-5,18.80913,0.00844983,0.24998891,0.0044071795,0.06691464,0.0035998824,0.53441626,0.018846078,0.7502497,0.00346394,0.06668811,0.0033736664,0.6600247,0.01967499,null,null,null,null,"TWOGAUSSIANS",8,4.4569087,0.7502497,0.00346394,0.37345344,0.018892532,0.65895325,0.019686827,0.24998891,0.0044071795,0.37472197,0.020159341,0.5333448,0.01865553
375316653866487564,5991488109626138368,0.4626365,2226.62222914391,0.17914320031325004,3.4548553E-5,16.344168,0.005238967,0.327718,0.0049470393,0.044847287,0.009403653,0.19306818,0.08304627,0.7701135,0.0098448135,0.1019604,0.011313988,0.075441934,0.0085564535,null,null,null,null,"TWOGAUSSIANS",8,26.235872,0.327718,0.0049468516,0.25114483,0.052660458,0.19294044,0.08316028,0.7701135,0.0098448135,0.4,0.0,0.07530802,0.008498154
375316653866487564,5991489140424024704,0.59310246,2220.9931296072336,3.049478459647614,6.2966046E-6,16.197235,0.011063182,0.31038353,0.0030003379,0.055397183,0.0043414366,0.31809396,0.03183842,0.81496245,0.0013962807,0.05160046,0.004023624,0.28273153,0.029706346,0.117263086,0.018918395,0.81496245,0.0013962807,"TWOGAUSSIANS_WITH_ELLIPSOIDAL_ON_ECLIPSE2",9,37.95997,0.31107354,0.0024385045,0.3102242,0.024312045,0.55244327,0.02200353,0.81496245,0.0013962807,0.28896257,0.022532295,0.51724553,0.014519228
375316653866487564,5991489307885629696,0.527302,2234.67552604834,1.5500910608645768,1.2061551E-5,18.482405,0.007988989,0.25437427,0.0013696387,0.08249858,0.0034736898,0.29608837,0.006803711,0.75040597,0.004103953,0.085548684,0.005454299,0.2765927,0.008940424,null,null,null,null,"TWOGAUSSIANS",8,2.5015333,0.25437427,0.0013696387,0.4,0.0,0.28971615,0.0064248363,0.75040597,0.004103953,0.4,0.0,0.27022046,0.008134248
375316653866487564,5991489312181906048,0.5767485,2172.907809323667,0.7200444880914747,1.7067225E-5,19.649075,0.0081274025,0.2474796,0.007034974,0.02285696,0.0046248143,0.989135,0.13226232,null,null,null,null,null,null,0.06256113,0.013320694,0.2474796,0.007034974,"ONEGAUSSIAN_WITH_ELLIPSOIDAL",6,2.9430037,0.2474796,0.007034974,0.12799898,0.02589896,1.1142572,0.13073115,null,null,null,null,null,null
375316653866487564,5991489376605121664,0.57452583,2231.9849265681783,1.7001760928850247,1.0680754E-5,17.90495,0.016135,0.29375163,0.005243454,0.09019323,0.007175388,0.3663229,0.019946372,0.80537575,0.0047642086,0.09887512,0.012881709,0.19144425,0.02564887,null,null,null,null,"TWOGAUSSIANS",8,3.8132043,0.29375163,0.005243454,0.4,0.0,0.35307145,0.016426798,0.80537575,0.0047642086,0.4,0.0,0.17819172,0.026680473
375316653866487564,5991490029439953792,0.5984998,2218.1942821903644,0.20741398855862803,2.1781211E-6,18.178411,0.0035326008,0.2288322,0.003986676,0.026848584,0.0036951222,0.14001483,0.02273035,0.72488344,7.7551114E-4,0.020901553,9.2175225E-4,1.4676648,0.21222544,0.03225228,0.005070613,0.2288322,0.003986676,"TWOGAUSSIANS_WITH_ELLIPSOIDAL_ON_ECLIPSE1",9,3.6668198,0.72489345,7.748519E-4,0.1170487,0.0051618125,1.5321296,0.21478471,0.2288322,0.003986676,0.15035208,0.020692686,0.20451933,0.023055198
375316653866487564,5991492129715588992,0.5926085,2200.9807995780584,0.6293263171280422,9.937637E-6,17.409695,0.006139267,0.27353877,0.0010748295,0.045867234,0.0019241581,0.43454197,0.022806099,0.77360266,0.002159731,0.042307995,0.00521641,0.10403291,0.0081834635,null,null,null,null,"TWOGAUSSIANS",8,5.2264156,0.27353877,0.0010748295,0.25685653,0.010775285,0.4345419,0.022806091,0.77360266,0.002159731,0.23692477,0.029211896,0.10403287,0.008183519
375316653866487564,5991492542032453888,0.49217138,2132.5664768008946,2.721675374275332,3.7826205E-5,19.818304,0.01698826,0.24667385,0.018462587,0.08131304,0.02761207,0.3333538,0.106689274,0.7561293,0.007439785,0.08000798,0.010678642,0.29104578,0.032545518,null,null,null,null,"TWOGAUSSIANS",8,2.2649848,0.24667385,0.018462587,0.4,0.08149341,0.32909778,0.10961705,0.7561293,0.007439785,0.4,0.0,0.28678977,0.032457754
375316653866487564,5991492919989578880,0.6089639,2200.844621794722,3.8784844572530237,7.110663E-6,17.634048,0.012956847,0.23624973,0.0021964046,0.043562304,0.005069515,0.3285945,0.032062996,0.74178404,0.0041175596,0.0455685,0.0037246696,0.4360387,0.04031152,0.121458426,0.014359967,0.23624973,0.0021964046,"TWOGAUSSIANS_WITH_ELLIPSOIDAL_ON_ECLIPSE1",9,9.796108,0.74178404,0.0041175596,0.2551836,0.02085815,0.67866135,0.028774735,0.23624973,0.0021964046,0.2439489,0.028389286,0.57151073,0.024065878
375316653866487564,5991492950017984128,0.5188054,2193.8344189247005,1.9991563511495682,7.5566486E-6,18.688175,0.011818741,0.18259184,0.017478492,0.07431962,0.012268865,0.13527928,0.024212008,0.6842508,0.004563236,0.055240616,0.004697554,0.49951878,0.032848682,null,null,null,null,"TWOGAUSSIANS",8,7.819998,0.6842508,0.004563236,0.30934745,0.026306301,0.49926513,0.032793768,0.18259184,0.017478492,0.4,0.022487607,0.1350256,0.024138287
375316653866487564,5991496836962806016,0.49874705,2089.8602076102884,1.7407314935265046,1.7926055E-5,19.763107,0.010473158,0.14202228,0.07752499,0.05762512,0.07911199,0.05173863,0.068615414,0.6597067,0.003300611,0.05462991,0.003410633,0.33747482,0.02399809,null,null,null,null,"TWOGAUSSIANS",8,1.4461548,0.6597067,0.003300611,0.3059275,0.019099545,0.33746877,0.023992885,0.14202228,0.07752499,0.32270068,0.44302717,0.051732566,0.06862773
375316653866487564,5991497038826643456,0.57981735,2214.2684617193067,3.407316192949652,8.922658E-6,18.529886,0.009247295,0.220017,0.0026366105,0.03668661,0.004527811,0.36833188,0.030911708,0.72004014,0.0011656154,0.035267998,0.0023130751,0.36651173,0.019559063,0.049044497,0.010849228,0.220017,0.0026366105,"TWOGAUSSIANS_WITH_ELLIPSOIDAL_ON_ECLIPSE1",9,4.0720735,0.220017,0.0026366105,0.20544502,0.025355741,0.46642086,0.030491486,0.72004014,0.001153582,0.1975008,0.012953221,0.4646007,0.007577988
375316653866487564,5991497966539680256,0.585879,2194.9304913561996,2.6456453753132863,6.3867437E-6,18.039251,0.009825652,0.2308814,0.0019622857,0.094095886,0.0036126918,0.35130677,0.010276235,0.73489773,0.0029393225,0.097514264,0.005911879,0.34075752,0.0134875635,null,null,null,null,"TWOGAUSSIANS",8,2.8803394,0.2308814,0.0019622857,0.4,0.0,0.32956058,0.0077795545,0.73489773,0.0029393225,0.4,0.0,0.3190105,0.015996257
375316653866487564,5991498795504419200,0.55063415,2202.554634754551,1.567002958544541,1.1773422E-5,16.802519,0.009849018,0.2438762,0.00693956,0.10180587,0.010589396,0.1412216,0.010155692,0.74069685,0.0024374987,0.10160122,0.009689934,0.15253493,0.007307792,null,null,null,null,"TWOGAUSSIANS",8,4.448116,0.74069685,0.0024374987,0.4,0.0,0.13877219,0.007823204,0.2438762,0.00693956,0.4,0.0,0.12745892,0.0045891837
375316653866487564,5991499310900544384,0.5943482,2214.7247826581784,1.7275224104904605,6.7922138E-6,16.531359,0.0044957097,0.29792967,0.001951796,0.05493266,0.007009188,0.08880357,0.009597257,0.7992162,0.0076696104,0.052689802,0.008914876,0.06302268,0.012349298,0.062175658,0.0053886967,0.29792967,0.001951796,"TWOGAUSSIANS_WITH_ELLIPSOIDAL_ON_ECLIPSE1",9,4.9789915,0.29792967,0.001951796,0.3076229,0.039251454,0.21315105,0.006261197,0.7992162,0.0072387015,0.2950629,0.049923304,0.18736205,0.011421816
375316653866487564,5991499409647648128,0.56168735,2210.296534886196,0.21031143556581633,3.141177E-5,17.762993,0.0016605508,0.18800122,0.0018958874,0.009387314,9.855728E-4,0.3380561,0.052010804,0.64027154,0.027224038,0.024961598,0.043532178,0.3018277,0.27531424,null,null,null,null,"TWOGAUSSIANS",8,2.365654,0.18800122,0.0018958874,0.05256896,0.0055192076,0.3380561,0.052010804,0.64027154,0.027224038,0.13978495,0.24378018,0.3018277,0.27531424
375316653866487564,5991499482699200512,0.5501786,2184.6965499725043,3.30927504105532,9.529818E-6,17.52577,0.21396077,0.27065322,0.006850894,0.13294694,0.07613203,0.1426779,0.21188384,0.7444885,0.008715668,0.11077172,0.03648165,0.14538074,0.1731649,null,null,null,null,"TWOGAUSSIANS",8,1.8703495,0.7444885,0.008715668,0.4,0.0,0.11785009,0.007534586,0.2707132,0.0056522833,0.4,0.0,0.11485904,0.008373158
375316653866487564,5991501475564145536,0.43719727,2199.878136619376,0.1630190015447881,8.758694E-6,16.989033,0.0032725176,0.25703838,0.0013987743,0.021095825,0.0026055484,0.9043631,0.6233535,0.74708277,0.0011308289,0.013324288,9.838908E-4,0.15516509,0.011797986,null,null,null,null,"TWOGAUSSIANS",8,22.582615,0.25703838,0.0013987743,0.11813662,0.014591071,0.9043631,0.6233535,0.74708277,0.0011308289,0.07461601,0.005509789,0.15516509,0.011797986
375316653866487564,5991501613003142272,0.60727984,2204.1062860841166,0.06514879968085009,2.8639826E-5,15.747828,0.002151443,0.20399421,4.7951922E-5,0.00301573,5.0053197E-5,0.44074365,0.0071520256,0.37693492,0.08462435,0.056358106,0.062276438,0.0046586655,0.0027465892,null,null,null,null,"TWOGAUSSIANS",8,8.865799,0.20399421,4.7951922E-5,0.01688809,2.8029789E-4,0.44078568,0.007146977,0.37693492,0.08462435,0.3156054,0.34874803,0.0046586655,0.0027465892
375316653866487564,5991502197124535808,0.49067742,2146.5063075143644,0.13935395214785498,5.7615475E-6,19.438797,0.088221826,0.2924342,0.113994785,0.10191019,0.25638914,0.061980832,0.07583571,0.69731164,0.0016307539,0.0107937325,0.0014214574,0.407923,0.031136533,null,null,null,null,"TWOGAUSSIANS",8,2.49657,0.69731164,0.0016307539,0.060444903,0.007960161,0.40794545,0.03781853,0.2924342,0.113994785,0.4,0.118926026,0.061980095,0.04353606
