Gaia/vari_eclipsing_binary/VariEclipsingBinary_475047-475149.csv
# %ECSV 1.0
# ---
# delimiter: ','
# meta: !!omap
# - RELEASE: Gaia DR3
# - TABLE: vari_eclipsing_binary
# - DESCRIPTION: >
#     This table describes the properties of the eclipsing binaries resulting from the variability analysis. 
# - CITATION: >
#     How to cite and acknowledge Gaia: 
#     https://gea.esac.esa.int/archive/documentation/credits.html 
# - KNOWN_ISSUES: >
#     Known issues: 
#     https://www.cosmos.esa.int/web/gaia-users/known-issues 
# - DOCUMENTATION: >
#     Tutorials and documentation: 
#     https://www.cosmos.esa.int/web/gaia-users/archive 
# datatype:
# - 
#   name: solution_id
#   datatype: int64
#   description: Solution Identifier
#   meta:
#     ucd: meta.version
# - 
#   name: source_id
#   datatype: int64
#   description: Unique source identifier
#   meta:
#     ucd: meta.id;meta.main
# - 
#   name: global_ranking
#   datatype: float32
#   description: Number between 0 (worst) and 1 (best)
#   meta:
#     ucd: stat.param
# - 
#   name: reference_time
#   datatype: float64
#   unit: d
#   description: Reference time used for the geometric model fit
#   meta:
#     ucd: time.epoch
# - 
#   name: frequency
#   datatype: float64
#   unit: d**-1
#   description: Frequency of geometric model of the eclipsing binary light curve
#   meta:
#     ucd: src.orbital
# - 
#   name: frequency_error
#   datatype: float32
#   unit: d**-1
#   description: "Uncertainty of \\texttt{frequency}"
#   meta:
#     ucd: stat.error
# - 
#   name: geom_model_reference_level
#   datatype: float32
#   unit: mag
#   description: Magnitude reference level of geometric model
#   meta:
#     ucd: phot.mag;em.opt
# - 
#   name: geom_model_reference_level_error
#   datatype: float32
#   unit: mag
#   description: "Uncertainty of \\texttt{geomModelReferenceLevel}"
#   meta:
#     ucd: stat.error;phot.mag;em.opt
# - 
#   name: geom_model_gaussian1_phase
#   datatype: float32
#   description: Phase of the Gaussian 1 component
#   meta:
#     ucd: time.phase
# - 
#   name: geom_model_gaussian1_phase_error
#   datatype: float32
#   description: "Uncertainty of \\texttt{geomModelGaussian1Phase}"
#   meta:
#     ucd: stat.error;time.phase
# - 
#   name: geom_model_gaussian1_sigma
#   datatype: float32
#   description: "Standard deviation [phase] of Gaussian 1 component"
#   meta:
#     ucd: stat.stdev
# - 
#   name: geom_model_gaussian1_sigma_error
#   datatype: float32
#   description: "Uncertainty of \\texttt{geomModelGaussian1Sigma}"
#   meta:
#     ucd: stat.error
# - 
#   name: geom_model_gaussian1_depth
#   datatype: float32
#   unit: mag
#   description: Magnitude depth of Gaussian 1 component
#   meta:
#     ucd: src.var.amplitude
# - 
#   name: geom_model_gaussian1_depth_error
#   datatype: float32
#   unit: mag
#   description: "Uncertainty of \\texttt{geomModelGaussian1Depth}"
#   meta:
#     ucd: stat.error;src.var.amplitude
# - 
#   name: geom_model_gaussian2_phase
#   datatype: float32
#   description: Phase of Gaussian 2 component
#   meta:
#     ucd: time.phase
# - 
#   name: geom_model_gaussian2_phase_error
#   datatype: float32
#   description: "Uncertainty of \\texttt{geomModelGaussian2Phase}"
#   meta:
#     ucd: stat.error;time.phase
# - 
#   name: geom_model_gaussian2_sigma
#   datatype: float32
[...]
#   datatype: float32
#   description: "Secondary eclipse: uncertainty of \\texttt{derivedSecondaryEclDuration}"
#   meta:
#     ucd: stat.error;time.duration
# - 
#   name: derived_secondary_ecl_depth
#   datatype: float32
#   unit: mag
#   description: "Secondary eclipse: depth"
#   meta:
#     ucd: src.var.amplitude
# - 
#   name: derived_secondary_ecl_depth_error
#   datatype: float32
#   unit: mag
#   description: "Secondary eclipse: uncertainty of \\texttt{derivedSecondaryEclDepth}"
#   meta:
#     ucd: stat.error;src.var.amplitude
solution_id,source_id,global_ranking,reference_time,frequency,frequency_error,geom_model_reference_level,geom_model_reference_level_error,geom_model_gaussian1_phase,geom_model_gaussian1_phase_error,geom_model_gaussian1_sigma,geom_model_gaussian1_sigma_error,geom_model_gaussian1_depth,geom_model_gaussian1_depth_error,geom_model_gaussian2_phase,geom_model_gaussian2_phase_error,geom_model_gaussian2_sigma,geom_model_gaussian2_sigma_error,geom_model_gaussian2_depth,geom_model_gaussian2_depth_error,geom_model_cosine_half_period_amplitude,geom_model_cosine_half_period_amplitude_error,geom_model_cosine_half_period_phase,geom_model_cosine_half_period_phase_error,model_type,num_model_parameters,reduced_chi2,derived_primary_ecl_phase,derived_primary_ecl_phase_error,derived_primary_ecl_duration,derived_primary_ecl_duration_error,derived_primary_ecl_depth,derived_primary_ecl_depth_error,derived_secondary_ecl_phase,derived_secondary_ecl_phase_error,derived_secondary_ecl_duration,derived_secondary_ecl_duration_error,derived_secondary_ecl_depth,derived_secondary_ecl_depth_error
[from data line 477]
375316653866487564,4179280225880732800,0.6075956,2306.8097900655234,2.2268015510364645,1.1987693E-5,16.042273,0.010174304,0.31906396,0.0040229866,0.09477246,0.007378691,0.25785816,0.00966656,0.8173331,0.0026875136,0.1042384,0.0052025504,0.20865707,0.010495554,null,null,null,null,"TWOGAUSSIANS",8,8.907785,0.31906396,0.0040229866,0.4,0.0,0.23869294,0.005882306,0.8173331,0.0026875136,0.4,0.0,0.18948811,0.004383329
375316653866487564,4179281905207292032,0.59939337,2249.0766644791393,3.93021056127183,7.399288E-6,18.9861,0.009633457,0.21050979,0.006725391,0.06503673,0.0045338445,0.52912253,0.016004115,0.7057985,0.0011942423,0.05842408,0.0012530887,0.73813397,0.018706141,null,null,null,null,"TWOGAUSSIANS",8,2.8151917,0.7057985,0.0011942423,0.32717487,0.0070172967,0.7378437,0.018676745,0.21050979,0.006725391,0.36420566,0.025389528,0.52883226,0.015903097
375316653866487564,4179283490055898624,0.52342576,2270.231835753589,0.860905168233385,7.6622666E-5,16.795946,0.0095960805,0.26958293,0.021992251,0.012582592,0.061168175,0.520868,1.8424198E7,0.61525136,0.021428034,0.032860927,0.023291923,0.049554892,0.034893725,0.021727037,0.013161283,0.26958293,0.021992251,"TWOGAUSSIANS_WITH_ELLIPSOIDAL_ON_ECLIPSE1",9,50.505325,0.26958293,0.021992251,0.07046252,0.32804275,0.56432176,1.8424198E7,0.62103134,0.024346637,0.1840212,0.13043477,0.0641841,0.032909583
375316653866487564,4179286822945036928,0.49440247,2231.6035119906737,3.8917496326566705,3.111397E-5,18.926315,0.09739426,0.22788069,0.0069916486,0.097327985,0.04130176,0.2606044,0.074189976,0.69956785,0.0068096127,0.09484158,0.03469606,0.24469914,0.08352412,null,null,null,null,"TWOGAUSSIANS",8,2.8729029,0.22788069,0.007146575,0.4,0.0,0.24906382,0.022620691,0.69956785,0.0068096127,0.4,0.0,0.23315965,0.028285079
375316653866487564,4179288124319533056,0.4889609,2271.4358890596654,0.5912802382919667,1.181362E-5,19.406273,0.027703177,0.3501096,0.008760909,0.09421463,0.026331868,0.31399,0.08514449,0.831486,0.007420153,0.06622471,0.0109466165,0.25803524,0.028710818,null,null,null,null,"TWOGAUSSIANS",8,1.3987803,0.3501096,0.008760909,0.4,0.0,0.3109208,0.091030955,0.831486,0.007420153,0.37085837,0.060612798,0.2549668,0.023600787
375316653866487564,4179288536636432896,0.5379016,2237.8889684923447,3.3968287988106614,1.6441993E-5,18.703823,0.057792835,0.2404536,0.004822403,0.09549291,0.01806699,0.3700637,0.049788058,0.7406016,0.0076076593,0.10248104,0.03145745,0.29977074,0.04201063,null,null,null,null,"TWOGAUSSIANS",8,3.4104106,0.2404536,0.004821796,0.4,0.0,0.34284198,0.02520892,0.7406016,0.0076076593,0.4,0.0,0.2725458,0.01664199
375316653866487564,4179289361272338048,0.516791,2253.2214946270074,2.4515296740970958,1.394452E-5,18.117092,0.02264876,0.21344216,0.0047070496,0.09981489,0.015594567,0.16205412,0.021660542,0.6933822,0.01590135,0.08908187,0.025561599,0.16446169,0.022329727,null,null,null,null,"TWOGAUSSIANS",8,3.313756,0.6933822,0.01590135,0.4,0.0,0.15710224,0.016083118,0.21344216,0.0046942555,0.4,0.0,0.15469301,0.011456043
375316653866487564,4179291835171975680,0.56963784,2243.9941781341836,0.6945868535604921,7.804043E-5,19.210386,0.0043756417,0.19189328,0.0096288035,0.025474554,0.015277017,0.07461103,0.4124944,0.63138014,0.025358321,0.034663957,0.017161122,0.7072224,3.7624977,null,null,null,null,"TWOGAUSSIANS",8,1.4752902,0.63138014,0.025358321,0.19411816,0.09610228,0.7072224,3.7624977,0.19189328,0.0096288035,0.1426575,0.08555129,0.07461103,0.4124944
375316653866487564,4179293931116008576,0.5380062,2271.621974668777,2.9632580250045484,1.7102771E-5,18.012833,0.028004698,0.22107641,0.004673332,0.06293362,0.0078046606,0.40431157,0.044342875,0.7081255,0.01404081,0.081258014,0.017639121,0.49854413,0.050293617,null,null,null,null,"TWOGAUSSIANS",8,32.51312,0.7081255,0.01404081,0.4,0.0,0.49693167,0.05022462,0.22107641,0.004673332,0.35242826,0.0437061,0.40269914,0.04329946
375316653866487564,4179294175934306816,0.5795053,2278.6786477568294,2.4648417275283467,1.4784327E-5,17.413385,0.0052682795,0.30555764,0.005471149,0.09208563,0.00636218,0.17955033,0.00933652,0.8016501,0.004331169,0.099803515,0.0057039056,0.16175635,0.005592693,null,null,null,null,"TWOGAUSSIANS",8,3.0296009,0.30555764,0.005471149,0.4,0.0,0.16874894,0.010053816,0.8016501,0.004331169,0.4,0.0,0.15095393,0.004256776
375316653866487564,4179294553885242624,0.55568326,2233.7362983363805,3.92548817364446,1.3310563E-5,19.507042,0.012012557,0.29558167,0.0021367536,0.074941255,0.003482678,0.33320576,0.010867007,0.7874001,0.006451974,0.08743147,0.006755661,0.30229586,0.02488175,null,null,null,null,"TWOGAUSSIANS",8,1.5125633,0.29558167,0.0021367536,0.4,0.0,0.32850307,0.009133907,0.7874001,0.006451974,0.4,0.0,0.29759312,0.024499232
375316653866487564,4179294656970627584,0.47747397,2269.7121272418763,3.3946894117461843,3.5259392E-5,14.243176,0.17315385,0.23138067,0.0062327846,0.16584516,0.0300069,0.7015748,0.22685704,0.7340392,0.007432557,0.23838507,0.05904684,0.82244945,0.1711563,null,null,null,null,"TWOGAUSSIANS",8,240.18181,0.22939068,0.0061988416,0.4,0.0,0.18372492,0.020549541,0.7351992,0.007870168,0.4,0.0,0.13738377,0.016685553
375316653866487564,4179294927548561280,0.45936573,2271.5960216112912,1.1921431768682866,7.380461E-5,18.319244,0.009059346,0.28324556,0.068482034,0.073487766,0.03389629,0.082740426,0.2638029,0.8092763,0.0072047133,0.037427817,0.008747905,0.14140765,0.020526404,null,null,null,null,"TWOGAUSSIANS",8,7.61362,0.8092763,0.0072047133,0.20959577,0.048988264,0.14140522,0.020526005,0.28324556,0.068482034,0.4,0.13599268,0.08273799,0.26380745
375316653866487564,4179296336298116736,0.59078413,2302.278461866607,3.6948665720676144,8.833498E-6,18.381193,0.011373654,0.2225965,0.0021975208,0.07792141,0.005391608,0.45715204,0.03345458,0.73648906,0.0024105129,0.078443624,0.003653744,0.40713218,0.012637982,null,null,null,null,"TWOGAUSSIANS",8,3.820539,0.2225965,0.0021975208,0.4,0.0,0.4532584,0.034642905,0.73648906,0.0024105129,0.4,0.0,0.40323853,0.011661942
375316653866487564,4179299192450988160,0.5740816,2212.0423252653127,2.623937687549627,9.043309E-6,18.245625,0.013252323,0.24283607,0.0039558085,0.07373644,0.006579685,0.3279481,0.022126548,0.7402712,0.0021201435,0.06282967,0.0033528304,0.7054783,0.03166175,null,null,null,null,"TWOGAUSSIANS",8,7.498886,0.7402712,0.0021201435,0.35184616,0.01877585,0.70442104,0.031815574,0.24283607,0.0039558085,0.4,0.004585289,0.32689086,0.022260413
375316653866487564,4179300876077061504,0.5036615,2283.261895083021,3.395846648823279,1.4911483E-5,18.890388,0.023090208,0.3259033,0.006926835,0.089479044,0.010259204,0.23467997,0.024312904,0.8044203,0.0072374977,0.100670405,0.016619623,0.28786957,0.033437174,null,null,null,null,"TWOGAUSSIANS",8,2.7875152,0.8044203,0.0072374977,0.4,0.0,0.27572337,0.039019864,0.3259133,0.006928393,0.4,0.0,0.2225376,0.016800426
375316653866487564,4179303002087675264,0.49172798,2302.136658198963,3.2168366998144813,3.0672367E-5,19.735159,0.0373816,0.21870704,0.008090518,0.09469771,0.024741502,0.29451403,0.03349964,0.71256626,0.007970137,0.087518014,0.016933067,0.34238994,0.032663334,null,null,null,null,"TWOGAUSSIANS",8,1.6320727,0.71256626,0.007970137,0.4,0.0,0.329044,0.021651112,0.21870704,0.008090518,0.4,0.0,0.2811676,0.046061784
375316653866487564,4179306682880154496,0.49830174,2279.1378326827144,0.5074452163247969,6.086921E-5,18.809702,0.015677923,0.3902152,0.0056908163,0.028056692,0.002771607,0.57330006,0.08749059,0.803787,0.020770347,0.1442206,0.043328244,0.07035865,0.014495319,null,null,null,null,"TWOGAUSSIANS",8,0.76580423,0.3902452,0.0056862906,0.15711749,0.015520999,0.57396084,0.087497585,0.803787,0.020770347,0.4,0.0,0.069848485,0.014394357
375316653866487564,4179307748027142528,0.46084747,2249.5295701596065,3.392280563517271,3.877818E-5,19.708162,0.0430061,0.25800002,0.013365564,0.09399194,0.016577737,0.31364793,0.048464578,0.77180874,0.008001211,0.08755095,0.018040767,0.30539998,0.034696866,null,null,null,null,"TWOGAUSSIANS",8,2.0675232,0.25800002,0.013365564,0.4,0.0,0.30237022,0.03799863,0.77180874,0.008001211,0.4,0.0,0.2941228,0.025949612
375316653866487564,4179309289923367424,0.57579964,2339.540628492643,3.129938903916651,1.1870987E-5,18.493568,0.011656807,0.3090434,0.006221056,0.08568048,0.0073230816,0.44077224,0.018732687,0.819569,0.002069546,0.08187669,0.003492815,0.45967075,0.018065933,null,null,null,null,"TWOGAUSSIANS",8,2.9166174,0.819569,0.002069546,0.4,0.0,0.45099863,0.01778551,0.3090434,0.006221056,0.4,0.0,0.4321001,0.018742414
375316653866487564,4179312657177884928,0.49088055,2331.953796037576,3.31583466293802,4.049075E-5,18.52259,0.19454306,0.23316494,0.015367321,0.14784604,0.0655549,0.2543335,0.18993151,0.6961924,0.017978825,0.11828576,0.035077125,0.30224654,0.17297673,null,null,null,null,"TWOGAUSSIANS",8,4.083526,0.6961924,0.017978825,0.4,0.0,0.23362598,0.013104332,0.23354493,0.014278686,0.4,0.0,0.18363252,0.0309399
375316653866487564,4179312798913251456,0.605755,2303.7285045788567,2.6667586065313023,1.49902535E-5,16.90604,0.021480996,0.26122704,0.004046765,0.06219226,0.008017518,0.19504566,0.05214811,0.7561206,0.0075452765,0.05556449,0.01035078,0.18881474,0.046539687,0.10082677,0.024827294,0.26122704,0.004046765,"TWOGAUSSIANS_WITH_ELLIPSOIDAL_ON_ECLIPSE1",9,14.291787,0.26122704,0.004046765,0.34827664,0.044898096,0.39663413,0.013413875,0.7571706,0.0056253513,0.31116113,0.05796437,0.39023855,0.015883595
375316653866487564,4179318429614359040,0.53964156,2279.70325565734,0.7019696796572709,4.606851E-5,16.195053,0.0035436961,0.41290984,0.008146605,0.027897151,0.0089289155,0.058186352,0.01825652,0.6440198,0.013351233,0.030446807,0.009294421,0.26098403,0.022168634,null,null,null,null,"TWOGAUSSIANS",8,25.743275,0.6440198,0.013351233,0.17050213,0.052048758,0.26098403,0.022168634,0.41290984,0.008146605,0.15622404,0.050001927,0.058186352,0.01825652
375316653866487564,4179319185528398336,0.45261177,2292.412218527962,2.9639403231246293,1.14938215E-4,19.095985,0.020802619,0.29606748,0.025751662,0.07300187,0.02661923,0.1662494,0.045358073,0.7781683,0.008484756,0.074212044,0.015433757,0.18201417,0.020290354,null,null,null,null,"TWOGAUSSIANS",8,5.71474,0.7781683,0.008484756,0.4,0.029747142,0.18129952,0.019226272,0.29606748,0.025751662,0.4,0.07438049,0.16553473,0.046169657
375316653866487564,4179320220618184960,0.53222865,2328.458265593464,2.4604933393946884,2.6643214E-5,17.22673,0.0018120899,0.27447125,0.0021224993,0.034999635,0.011367939,0.18962274,0.12576701,0.61625046,0.013484447,0.031530418,0.009100577,0.013025728,0.0032576998,null,null,null,null,"TWOGAUSSIANS",8,2.334194,0.27447125,0.0021224993,0.19599797,0.063660465,0.18962274,0.12576701,0.61625046,0.013484447,0.17657034,0.05096323,0.013025728,0.0032576998
375316653866487564,4179321865588616320,0.5659749,2274.5695949023084,3.535756352536417,1.4782047E-5,18.238932,0.015661882,0.26344353,0.014056307,0.07178066,0.013128477,0.34583893,0.020462051,0.77688116,0.002360365,0.07450113,0.0060699317,0.29356584,0.017454267,null,null,null,null,"TWOGAUSSIANS",8,3.9415474,0.26344353,0.014056307,0.4,0.013126902,0.34449542,0.018231662,0.77688116,0.002360365,0.4,0.0,0.29222232,0.016693067
375316653866487564,4179322484063561856,0.5967826,2287.6872906527346,3.1961456785149958,1.6819471E-5,16.554121,0.0066869007,0.2937227,0.0030756937,0.08183652,0.0056168763,0.24059363,0.008636708,0.7941836,0.0018805926,0.09576542,0.004724384,0.20536302,0.0057485197,null,null,null,null,"TWOGAUSSIANS",8,4.8326287,0.2937227,0.0030756937,0.4,0.0,0.23229714,0.008300355,0.7941836,0.0018805926,0.4,0.0,0.19706604,0.004094873
375316653866487564,4179323381713048832,0.60496587,2270.964361357597,0.07728360332560306,4.5366132E-6,14.565427,0.0021378377,0.020003533,3.823399E-5,0.00163728,3.9284152E-4,0.05180081,0.0994227,0.79187846,0.06690527,0.0044638123,0.0139085455,0.3569272,390.93854,null,null,null,null,"TWOGAUSSIANS",8,34.828953,0.79187846,0.06690527,0.02499735,0.077887855,0.3569272,390.93854,0.020003533,3.823399E-5,0.009168767,0.0021999124,0.05180081,0.0994227
375316653866487564,4179323721010757632,0.5164471,2285.07169388679,2.8084763398732595,2.5633572E-5,19.522186,0.012606537,0.21565905,0.018325912,0.08371178,0.015597521,0.2066468,0.024449533,0.70164365,0.004561303,0.08173172,0.012501308,0.2500419,0.026234558,null,null,null,null,"TWOGAUSSIANS",8,1.6991925,0.70164365,0.004561303,0.4,0.0,0.24640469,0.028498014,0.21565905,0.018325912,0.4,0.0,0.20300958,0.020517554
375316653866487564,4179324614363265920,0.5225181,2275.3705411888045,2.8780832882011964,2.1292359E-5,18.85935,0.3740928,0.24854274,0.005617027,0.12787251,0.0571153,0.28213122,0.3554281,0.7501166,0.0073527424,0.12387765,0.058983423,0.2789092,0.36023596,null,null,null,null,"TWOGAUSSIANS",8,2.5221636,0.24853274,0.005273205,0.4,0.0,0.2052011,0.011161029,0.75013655,0.0076868217,0.4,0.0,0.20208749,0.016407365
375316653866487564,4179325752530408576,0.5229904,2323.3552843528882,2.340821630211742,1.2919048E-4,19.761726,0.011701494,0.66065174,0.012979053,0.03243579,0.024493042,0.13613115,22676.727,0.3819282,0.054932132,0.0490024,0.051696945,2.1906626,461.5428,null,null,null,null,"TWOGAUSSIANS",8,2.1442447,0.3819282,0.054932132,0.27441344,0.2895029,2.1906626,461.5428,0.66065174,0.012979053,0.18164043,0.13716105,0.13613135,22676.727
375316653866487564,4179325920033470848,0.51635754,2289.9485450573716,3.858350877587898,1.8094954E-5,19.54837,0.020324467,0.2986692,0.005374545,0.06842142,0.007897921,0.39635357,0.026352918,0.8012784,0.003268328,0.06622269,0.006571591,0.43385905,0.017741611,null,null,null,null,"TWOGAUSSIANS",8,2.832855,0.8012784,0.003268328,0.37084708,0.03680091,0.4330782,0.017261008,0.2986692,0.005374545,0.38315997,0.042187236,0.3955727,0.026243372
375316653866487564,4179325954393233408,0.57408214,2264.959804089052,2.692173102164924,1.705157E-5,16.550278,0.017112754,0.25984588,0.017816147,0.067958385,0.016515711,0.11275953,0.05839127,0.7050334,0.0033794637,0.059583575,0.02673009,0.08932082,0.030881241,0.05947027,0.020507073,0.7050334,0.0033794637,"TWOGAUSSIANS_WITH_ELLIPSOIDAL_ON_ECLIPSE2",9,8.34077,0.2448159,0.019402,0.38056695,0.083823524,0.22167948,0.04385857,0.7050334,0.0033794637,0.33366802,0.14741617,0.20824303,0.023075644
375316653866487564,4179325958693122432,0.60875344,2256.1995244620384,2.3039435834018884,9.411479E-6,15.075955,0.05205127,0.2551597,0.001511187,0.10990824,0.010580208,0.3287087,0.050496712,0.7586835,0.0066430233,0.122566566,0.01977838,0.31368774,0.048575204,null,null,null,null,"TWOGAUSSIANS",8,29.598957,0.2551397,0.0014808184,0.4,0.0,0.26756513,0.0069784527,0.7586935,0.0066519,0.4,0.0,0.25241175,0.010600179
375316653866487564,4179326710314757760,0.52003235,2233.159962283394,2.321302335367184,5.0575756E-5,19.688728,0.018881127,0.28560942,0.008232985,0.0845614,0.013870458,0.17764653,0.018292036,0.7563792,0.008604182,0.06411991,0.012398336,0.428215,0.023078823,null,null,null,null,"TWOGAUSSIANS",8,2.0093157,0.7563792,0.008604182,0.35907152,0.065839924,0.42731544,0.021713914,0.28560942,0.008232985,0.4,0.0,0.17674693,0.016195295
375316653866487564,4179332207869382144,0.56300944,2331.635878141368,1.8025653539572903,1.9882643E-6,18.116367,0.0075222193,0.18199722,0.0058574905,0.027801132,0.004992867,0.6630698,0.05221457,0.69223654,0.009126399,0.055878773,0.027889887,0.2126409,0.1254354,null,null,null,null,"TWOGAUSSIANS",8,11.023646,0.18199722,0.0058574905,0.15568633,0.027960056,0.6630698,0.052214544,0.69223654,0.009126399,0.31292114,0.15618336,0.2126409,0.12543541
