Gaia/vari_eclipsing_binary/VariEclipsingBinary_231129-231156.csv
# %ECSV 1.0
# ---
# delimiter: ','
# meta: !!omap
# - RELEASE: Gaia DR3
# - TABLE: vari_eclipsing_binary
# - DESCRIPTION: >
#     This table describes the properties of the eclipsing binaries resulting from the variability analysis. 
# - CITATION: >
#     How to cite and acknowledge Gaia: 
#     https://gea.esac.esa.int/archive/documentation/credits.html 
# - KNOWN_ISSUES: >
#     Known issues: 
#     https://www.cosmos.esa.int/web/gaia-users/known-issues 
# - DOCUMENTATION: >
#     Tutorials and documentation: 
#     https://www.cosmos.esa.int/web/gaia-users/archive 
# datatype:
# - 
#   name: solution_id
#   datatype: int64
#   description: Solution Identifier
#   meta:
#     ucd: meta.version
# - 
#   name: source_id
#   datatype: int64
#   description: Unique source identifier
#   meta:
#     ucd: meta.id;meta.main
# - 
#   name: global_ranking
#   datatype: float32
#   description: Number between 0 (worst) and 1 (best)
#   meta:
#     ucd: stat.param
# - 
#   name: reference_time
#   datatype: float64
#   unit: d
#   description: Reference time used for the geometric model fit
#   meta:
#     ucd: time.epoch
# - 
#   name: frequency
#   datatype: float64
#   unit: d**-1
#   description: Frequency of geometric model of the eclipsing binary light curve
#   meta:
#     ucd: src.orbital
# - 
#   name: frequency_error
#   datatype: float32
#   unit: d**-1
#   description: "Uncertainty of \\texttt{frequency}"
#   meta:
#     ucd: stat.error
# - 
#   name: geom_model_reference_level
#   datatype: float32
#   unit: mag
#   description: Magnitude reference level of geometric model
#   meta:
#     ucd: phot.mag;em.opt
# - 
#   name: geom_model_reference_level_error
#   datatype: float32
#   unit: mag
#   description: "Uncertainty of \\texttt{geomModelReferenceLevel}"
#   meta:
#     ucd: stat.error;phot.mag;em.opt
# - 
#   name: geom_model_gaussian1_phase
#   datatype: float32
#   description: Phase of the Gaussian 1 component
#   meta:
#     ucd: time.phase
# - 
#   name: geom_model_gaussian1_phase_error
#   datatype: float32
#   description: "Uncertainty of \\texttt{geomModelGaussian1Phase}"
#   meta:
#     ucd: stat.error;time.phase
# - 
#   name: geom_model_gaussian1_sigma
#   datatype: float32
#   description: "Standard deviation [phase] of Gaussian 1 component"
#   meta:
#     ucd: stat.stdev
# - 
#   name: geom_model_gaussian1_sigma_error
#   datatype: float32
#   description: "Uncertainty of \\texttt{geomModelGaussian1Sigma}"
#   meta:
#     ucd: stat.error
# - 
#   name: geom_model_gaussian1_depth
#   datatype: float32
#   unit: mag
#   description: Magnitude depth of Gaussian 1 component
#   meta:
#     ucd: src.var.amplitude
# - 
#   name: geom_model_gaussian1_depth_error
#   datatype: float32
#   unit: mag
#   description: "Uncertainty of \\texttt{geomModelGaussian1Depth}"
#   meta:
#     ucd: stat.error;src.var.amplitude
# - 
#   name: geom_model_gaussian2_phase
#   datatype: float32
#   description: Phase of Gaussian 2 component
#   meta:
#     ucd: time.phase
# - 
#   name: geom_model_gaussian2_phase_error
#   datatype: float32
#   description: "Uncertainty of \\texttt{geomModelGaussian2Phase}"
#   meta:
#     ucd: stat.error;time.phase
# - 
#   name: geom_model_gaussian2_sigma
#   datatype: float32
[...]
#   datatype: float32
#   description: "Secondary eclipse: uncertainty of \\texttt{derivedSecondaryEclDuration}"
#   meta:
#     ucd: stat.error;time.duration
# - 
#   name: derived_secondary_ecl_depth
#   datatype: float32
#   unit: mag
#   description: "Secondary eclipse: depth"
#   meta:
#     ucd: src.var.amplitude
# - 
#   name: derived_secondary_ecl_depth_error
#   datatype: float32
#   unit: mag
#   description: "Secondary eclipse: uncertainty of \\texttt{derivedSecondaryEclDepth}"
#   meta:
#     ucd: stat.error;src.var.amplitude
solution_id,source_id,global_ranking,reference_time,frequency,frequency_error,geom_model_reference_level,geom_model_reference_level_error,geom_model_gaussian1_phase,geom_model_gaussian1_phase_error,geom_model_gaussian1_sigma,geom_model_gaussian1_sigma_error,geom_model_gaussian1_depth,geom_model_gaussian1_depth_error,geom_model_gaussian2_phase,geom_model_gaussian2_phase_error,geom_model_gaussian2_sigma,geom_model_gaussian2_sigma_error,geom_model_gaussian2_depth,geom_model_gaussian2_depth_error,geom_model_cosine_half_period_amplitude,geom_model_cosine_half_period_amplitude_error,geom_model_cosine_half_period_phase,geom_model_cosine_half_period_phase_error,model_type,num_model_parameters,reduced_chi2,derived_primary_ecl_phase,derived_primary_ecl_phase_error,derived_primary_ecl_duration,derived_primary_ecl_duration_error,derived_primary_ecl_depth,derived_primary_ecl_depth_error,derived_secondary_ecl_phase,derived_secondary_ecl_phase_error,derived_secondary_ecl_duration,derived_secondary_ecl_duration_error,derived_secondary_ecl_depth,derived_secondary_ecl_depth_error
[from data line 584]
375316653866487564,2033204154624518528,0.5955764,2244.6225741232925,3.499961440847818,5.3162316E-6,17.268066,0.03388195,0.22833431,0.0014146469,0.05946545,0.0057503507,0.5551511,0.0627465,0.73068255,0.0019193785,0.05717407,0.0056479075,0.40816537,0.07212695,0.061444037,0.039691657,0.22833431,0.0014146469,"TWOGAUSSIANS_WITH_ELLIPSOIDAL_ON_ECLIPSE1",9,19.462738,0.22833431,0.0014146469,0.3330065,0.032201964,0.677935,0.035163753,0.73068255,0.0019193785,0.32017478,0.03162828,0.5309225,0.015040634
375316653866487564,2033204433840576512,0.60634804,2251.185763278476,1.1014021070318183,5.251923E-6,17.187325,0.007890339,0.26540923,0.0010159224,0.08358669,0.0022350426,0.46928614,0.010307692,0.76671904,0.0022317248,0.09310415,0.004661998,0.4318761,0.021565815,null,null,null,null,"TWOGAUSSIANS",8,9.26077,0.26540923,0.0010159224,0.4,0.0,0.45326906,0.009981913,0.76671904,0.0022317248,0.4,0.0,0.41585857,0.024010072
375316653866487564,2033206010050670336,0.5513856,2230.3698186923384,2.403086824539785,9.049496E-6,17.969559,0.15590106,0.24611092,0.009576999,0.0481771,0.05344415,0.25327536,0.22147997,0.7581958,0.0074774097,0.050234377,0.047944427,0.11893128,0.29053172,0.10801768,0.14992899,0.24611092,0.009576999,"TWOGAUSSIANS_WITH_ELLIPSOIDAL_ON_ECLIPSE1",9,10.222793,0.24611092,0.009576999,0.26979175,0.18667215,0.46930897,0.10541711,0.7581958,0.0074774097,0.2813125,0.17642403,0.3337217,0.021482445
375316653866487564,2033206014388557184,0.6269019,2236.2254697516664,2.8579269003733456,2.8871887E-6,16.971603,0.0065937447,0.30946714,0.0012041437,0.051526546,0.0020161527,0.4849656,0.022696596,0.81760985,8.99008E-4,0.04262083,0.002530164,0.33493623,0.01952507,0.13074839,0.008627294,0.81760985,8.99008E-4,"TWOGAUSSIANS_WITH_ELLIPSOIDAL_ON_ECLIPSE2",9,12.957302,0.31029716,0.0010694534,0.28854868,0.011290455,0.74584603,0.023059443,0.81760985,8.99008E-4,0.23867665,0.014168919,0.59643126,0.021328185
375316653866487564,2033206461054990336,0.49157742,2237.8358628712995,3.317186430314615,2.1077238E-5,19.081867,0.01772613,0.29460403,0.013876608,0.08045218,0.01588291,0.24449208,0.03804443,0.7879117,0.005539069,0.08020116,0.00858083,0.30567607,0.017975556,null,null,null,null,"TWOGAUSSIANS",8,4.546417,0.7879117,0.005539069,0.4,0.0,0.30189726,0.016054273,0.29460403,0.013876608,0.4,0.0,0.24071325,0.03753339
375316653866487564,2033206662902886144,0.56074786,2241.0364408626756,2.8005057234839064,9.518673E-6,19.19286,0.009027832,0.22295666,0.0016393712,0.07248359,0.0024172748,0.4144221,0.01081755,0.71946037,0.005924407,0.07438949,0.007793357,0.45813325,0.015354323,null,null,null,null,"TWOGAUSSIANS",8,2.3203263,0.71946037,0.005924407,0.4,0.010139854,0.45568624,0.015113248,0.22295666,0.0016393712,0.4,0.0,0.41197512,0.010038227
375316653866487564,2033206765965149312,0.5291766,2218.0105802601174,2.8128637862549852,9.201726E-6,18.324621,0.0047394093,0.28779775,0.003465397,0.0193774,0.008544524,0.12718387,0.14395793,0.81423897,0.022587996,0.037112772,0.030180108,0.041970335,0.011998746,0.08919849,0.0059627723,0.28779775,0.003465397,"TWOGAUSSIANS_WITH_ELLIPSOIDAL_ON_ECLIPSE1",9,4.146036,0.28779775,0.003465397,0.10851344,0.047849335,0.30558044,0.14656287,0.81423897,0.022587996,0.20783153,0.16900861,0.21548812,0.016088156
375316653866487564,2033207354418460672,0.48873052,2243.5676929435213,1.709735986351759,3.0556315E-5,15.754823,0.0019805778,null,null,null,null,null,null,null,null,null,null,null,null,0.031120986,0.0023773892,0.14830162,0.008290238,"ELLIPSOIDAL",4,15.858592,null,null,null,null,null,null,null,null,null,null,null,null
375316653866487564,2033207938533986048,0.5842872,2241.627276035988,0.47140408394758115,3.5501414E-6,12.629477,4.7893263E-4,0.20094919,0.007747433,0.009913321,0.00656612,0.11457593,0.029634748,0.7054908,0.0010445782,0.013740886,0.0013096385,0.07758331,0.0052036676,0.0018880771,5.871992E-4,0.20094919,0.007747433,"TWOGAUSSIANS_WITH_ELLIPSOIDAL_ON_ECLIPSE1",9,20.29319,0.20094919,0.007747433,0.055514596,0.03677027,0.11835208,0.029406287,0.7054908,0.0010445782,0.07694896,0.0073339753,0.08135639,0.0051951827
375316653866487564,2033208453913452544,0.5767514,2222.0291352401177,1.4664488078870903,1.0433063E-5,18.13831,0.011517636,0.2485141,0.003386016,0.10207486,0.0071221986,0.2654587,0.009945038,0.73597634,0.002607211,0.07735573,0.0036670011,0.44951198,0.014040591,null,null,null,null,"TWOGAUSSIANS",8,4.5584307,0.73597634,0.002607211,0.4,0.0,0.4384754,0.012754007,0.2485141,0.003386016,0.4,0.0,0.25441828,0.0076984335
375316653866487564,2033208518316273280,0.47846225,2203.0843248671144,0.4770291257780935,1.6573485E-5,18.079565,0.004242813,0.25280875,0.008518678,0.089180246,0.01384105,0.046804063,0.0070441337,0.7361202,0.005038667,0.09739663,0.007965592,0.10013492,0.0069566746,null,null,null,null,"TWOGAUSSIANS",8,1.4627056,0.7361202,0.005038667,0.4,0.0,0.097154275,0.0070100883,0.25280875,0.008519277,0.4,0.0,0.043823928,0.007162895
375316653866487564,2033209136792323328,0.46054918,2218.59418800837,2.3219213900566724,2.8352084E-5,18.446936,0.011128289,0.31043985,0.011743903,0.10670043,0.022466855,0.06422041,0.0130194295,0.81310433,0.005960406,0.0744127,0.011350113,0.12237619,0.011060845,null,null,null,null,"TWOGAUSSIANS",8,3.4361153,0.81310433,0.005960517,0.4,0.013730111,0.118939295,0.008489663,0.31043985,0.011743903,0.4,0.0,0.06078131,0.011151471
375316653866487564,2033209239869473152,0.64316714,2248.8071797500616,2.6947601286022143,2.2078582E-6,18.42699,0.009586914,0.20812696,0.0017036775,0.051293075,0.0035964064,0.3279411,0.020276729,0.70538765,0.001199219,0.0563729,0.0023824098,0.3346143,0.020996662,0.09517074,0.011697023,0.20812696,0.0017036775,"TWOGAUSSIANS_WITH_ELLIPSOIDAL_ON_ECLIPSE1",9,1.2649069,0.70572764,9.216426E-4,0.31568822,0.013341495,0.52488935,0.009106441,0.20812696,0.0017036775,0.28724122,0.020139877,0.5182655,0.006450295
375316653866487564,2033209995785727616,0.43145093,2227.6498594260834,4.023725448294498,4.955241E-6,18.348122,0.050503906,0.34754848,0.02328078,0.22254215,0.10738539,0.08427034,0.044465706,0.48016042,0.0022392771,0.0048759463,0.0016605717,0.088498235,0.02240687,null,null,null,null,"TWOGAUSSIANS",8,5.845619,0.48016042,0.0022392771,0.0273053,0.009299201,0.14559531,0.019360548,0.34754848,0.02328078,0.4,0.0,0.07077036,0.010562535
375316653866487564,2033210343715990912,0.48544246,2201.978901336496,3.201755918490844,3.0704556E-5,17.389446,0.02031023,0.22547983,0.010854324,0.09113212,0.02679616,0.11923929,0.018278604,0.7615183,0.009476663,0.103311844,0.021875672,0.112278596,0.019782431,null,null,null,null,"TWOGAUSSIANS",8,10.287348,0.22546983,0.01081153,0.4,0.0,0.114089996,0.011784882,0.7615183,0.009480735,0.4,0.0,0.10712472,0.011429217
375316653866487564,2033210476822052352,0.46212408,2218.9764534631577,3.3313080454335062,2.4250965E-5,19.066788,0.0045487634,null,null,null,null,null,null,null,null,null,null,null,null,0.072757475,0.005921934,0.21561494,0.0075130593,"ELLIPSOIDAL",4,3.9952369,null,null,null,null,null,null,null,null,null,null,null,null
375316653866487564,2033210515514841088,0.440057,2229.7132635441944,1.308060380220181,6.403372E-5,17.700518,0.011541335,0.6887785,0.16472405,0.086354606,0.18744662,0.03635909,0.007302272,0.5258954,0.0077182604,0.03279269,0.019371899,0.12456272,0.15430042,null,null,null,null,"TWOGAUSSIANS",8,11.345353,0.5270754,0.007251623,0.18363908,0.10848264,0.13078007,0.17962363,0.68875855,0.26964203,0.4,0.040472098,0.036359634,0.30281353
375316653866487564,2033212130409228032,0.5244788,2223.1300632749258,4.0669602822878295,1.4401169E-5,19.71624,0.0123267975,0.20496629,0.0040418888,0.078337595,0.004736906,0.63010466,0.053265195,0.71286345,0.0048956857,0.06743315,0.0060415273,0.6694962,0.05314554,null,null,null,null,"TWOGAUSSIANS",8,3.7071302,0.71286345,0.0048956857,0.3776256,0.033832554,0.6665103,0.054020803,0.20496629,0.0040418888,0.4,0.0,0.62711877,0.053950775
375316653866487564,2033212504041488000,0.45485827,2224.9322669659446,3.446771677761367,3.5909045E-5,18.256458,0.025818156,0.22312763,0.007919803,0.09409657,0.02112032,0.14744188,0.022948736,0.7118042,0.01693502,0.09605714,0.025968647,0.13936308,0.026448617,null,null,null,null,"TWOGAUSSIANS",8,7.9263434,0.22312763,0.007921262,0.4,0.0,0.13973129,0.01489702,0.7118042,0.01693502,0.4,0.0,0.13165233,0.014582604
375316653866487564,2033212989405679744,0.46881086,2255.4946329516197,3.1699656719558567,1.8087709E-5,19.01898,0.97647977,0.2466197,0.007631562,0.13522135,0.08016443,0.44372144,0.8474568,0.73649746,0.007728738,0.14903547,0.11565224,0.44502738,0.93800503,null,null,null,null,"TWOGAUSSIANS",8,5.5446906,0.2472797,0.0051993215,0.4,0.0,0.26968193,0.022542246,0.73649746,0.007728738,0.4,0.0,0.2686928,0.027799867
375316653866487564,2033213023765407232,0.53385305,2232.8381326574736,3.7486162157490757,1.6667349E-5,19.430645,0.012319959,0.23557104,0.0047101695,0.08374153,0.0065521295,0.4835959,0.018654758,0.7424728,0.003512106,0.078436464,0.005827859,0.39859155,0.011726464,null,null,null,null,"TWOGAUSSIANS",8,2.4811358,0.23557104,0.0047101695,0.4,0.0,0.47693965,0.019869378,0.7424728,0.003512106,0.4,0.0,0.39193532,0.009423967
375316653866487564,2033213264293842304,0.48431337,2228.787164962127,2.447340120855186,2.124147E-5,17.865211,0.566723,0.21156178,0.00888194,0.13571382,0.100314386,0.19160168,0.53202,0.7210157,0.0072703487,0.13078973,0.102717526,0.18329813,0.5102224,null,null,null,null,"TWOGAUSSIANS",8,5.468153,0.2113818,0.0076006358,0.4,0.0,0.13154611,0.010382574,0.7212857,0.005457444,0.4,0.0,0.123433895,0.010384707
375316653866487564,2033214088927866496,0.54200894,2263.0683328387368,3.164137619003037,9.25115E-6,19.499044,0.014878042,0.23621042,0.0026572386,0.038832586,0.008673683,0.39003414,0.0473659,0.7422731,0.01392328,0.042502217,0.011154142,0.18634106,0.04847578,0.14523052,0.020442918,0.23621042,0.0026572386,"TWOGAUSSIANS_WITH_ELLIPSOIDAL_ON_ECLIPSE1",9,2.7794938,0.23621042,0.0026572386,0.21746248,0.048572622,0.6804946,0.06435527,0.7422731,0.01392328,0.2380124,0.062463198,0.47638023,0.029694755
375316653866487564,2033214226356783104,0.4400138,2221.109550339538,1.2241105828491812,3.6267957E-5,19.175964,0.0065747015,0.3274314,0.0040435316,0.039190713,0.0034763115,0.19951433,0.017961754,0.83020794,0.026817713,0.036771964,0.011595265,0.22628653,0.11390445,null,null,null,null,"TWOGAUSSIANS",8,5.9477415,0.83020794,0.026817713,0.20592299,0.06493349,0.22628652,0.11390445,0.3274314,0.0040435316,0.21946798,0.019467345,0.19951433,0.017961754
375316653866487564,2033214290754485888,0.63687277,2227.0228529143683,0.9896591044705408,4.8109414E-6,17.52401,0.0093295155,0.24234419,0.0012034796,0.0620092,0.003066879,0.2937857,0.020159168,0.74912405,0.0037485252,0.057618752,0.0060697,0.15577906,0.020223364,0.09524347,0.010748395,0.24234419,0.0012034796,"TWOGAUSSIANS_WITH_ELLIPSOIDAL_ON_ECLIPSE1",9,3.2213438,0.24234419,0.0012034796,0.34725153,0.017174521,0.48417884,0.007246602,0.74912405,0.0037485252,0.322665,0.03399032,0.34582675,0.0045067417
375316653866487564,2033214466884912128,0.555853,2224.744385381962,0.2525178611916339,1.3309058E-4,17.664139,0.0023698884,0.6832645,0.007911447,0.022983337,0.00609057,0.5762286,0.0720456,null,null,null,null,null,null,0.01951552,0.003137066,0.6832645,0.007911447,"ONEGAUSSIAN_WITH_ELLIPSOIDAL",6,7.187154,0.6832645,0.007911447,0.1287067,0.034107193,0.6152596,0.07061353,null,null,null,null,null,null
375316653866487564,2033214535589763072,0.5248725,2271.967931374807,3.189350680329889,2.0929174E-5,18.497692,0.03575239,0.22661266,0.0053258524,0.106268495,0.016736478,0.23018129,0.03285788,0.72097516,0.005898023,0.112005726,0.014755327,0.28628507,0.03384029,null,null,null,null,"TWOGAUSSIANS",8,3.627129,0.72097516,0.005898023,0.4,0.0,0.2511405,0.01343548,0.22662267,0.005324503,0.4,0.0,0.19505693,0.012166385
375316653866487564,2033214947921163008,0.55386,2214.739430194974,2.769128490084526,1.2613211E-5,16.960854,0.22804226,0.23564836,0.002912685,0.12648484,0.036642287,0.3334121,0.2164908,0.73576725,0.0032277422,0.13519125,0.044231772,0.3177055,0.22250527,null,null,null,null,"TWOGAUSSIANS",8,9.105188,0.23564836,0.002959963,0.4,0.0,0.229501,0.00745647,0.73576725,0.0032744901,0.4,0.0,0.21338357,0.0045004003
375316653866487564,2033214977948500992,0.42285553,2222.9518717334504,2.690582144835825,4.760875E-5,17.997288,0.11997162,0.27501798,0.012484179,0.19242314,0.07016208,0.8001734,0.23009032,0.7856305,0.011994142,0.20602207,0.075782344,0.83352965,0.19009177,null,null,null,null,"TWOGAUSSIANS",8,11.468801,0.79377055,0.0086688055,0.4,0.0,0.16885717,0.02216887,0.26566797,0.011877887,0.4,0.0,0.1686975,0.0268749
375316653866487564,2033215184106977664,0.47815666,2238.2587682693324,0.7084098097600894,4.835831E-5,18.293316,0.005336348,0.2085653,0.020762958,0.014027164,0.015259886,0.22340864,3537791.5,0.4242432,0.039851323,0.16917855,0.059900817,0.019896196,0.0055715437,null,null,null,null,"TWOGAUSSIANS",8,2.0079663,0.2086253,0.020770038,0.07855212,0.085455365,0.23173404,3537791.5,0.4242432,0.039851323,0.4,0.0,0.01939144,0.0044240267
375316653866487564,2033215497666823168,0.54675555,2233.1531937249783,3.8856196612209697,7.59486E-6,19.369886,0.016285859,0.2204861,0.0017975821,0.07113901,0.004404845,0.64066374,0.026054762,0.71349347,0.004706448,0.08721184,0.008360463,0.49456006,0.054157846,null,null,null,null,"TWOGAUSSIANS",8,3.4908051,0.2204861,0.0017975821,0.39837843,0.015706725,0.6341116,0.027035465,0.71349347,0.004706448,0.4,0.0,0.4880078,0.05655919
375316653866487564,2033215738195163776,0.44774097,2231.85323647953,0.502349685895582,1.0880073E-6,17.450052,0.0017397469,0.2017692,0.019133724,0.04929724,0.04065749,0.020886548,0.018933315,0.55534655,3.7921309E-6,4.6403616E-4,7.615234E-6,0.12049395,0.0018788705,null,null,null,null,"TWOGAUSSIANS",8,5.4523106,0.55534655,3.7921309E-6,0.0025986026,4.264531E-5,0.12049395,0.0018788705,0.2017692,0.019133724,0.27606454,0.22768193,0.020886548,0.018933315
375316653866487564,2033216008740725376,0.59548354,2253.594306259773,2.611438271614651,1.041371E-5,18.22713,0.0066523543,0.19643795,0.0041119494,0.07356396,0.00468656,0.38384023,0.011869481,0.6977911,0.0025153896,0.07258574,0.0023159524,0.53304505,0.014632608,null,null,null,null,"TWOGAUSSIANS",8,5.367436,0.6977911,0.0025153896,0.4,0.0,0.5305323,0.014380323,0.19643795,0.0041119494,0.4,0.0,0.3813275,0.011756194
375316653866487564,2033216077469591040,0.61402047,2233.7632207424817,0.467088902108249,5.5851347E-6,15.207322,0.0016871454,0.14720671,0.012562374,0.029583065,0.024612464,0.044981524,0.096468754,0.6396991,0.004660129,0.019508364,0.0029118485,0.41220403,0.029709622,null,null,null,null,"TWOGAUSSIANS",8,27.585482,0.6396991,0.004660129,0.10924684,0.016306352,0.41220403,0.029709622,0.14720671,0.012562374,0.16566516,0.1378298,0.044981524,0.096468754
375316653866487564,2033216116137643264,0.44989234,2238.83847967553,0.4261807086707345,5.4099717E-5,18.22915,0.04303952,0.26092744,0.118086934,0.08956562,0.07904159,0.38013217,0.22253628,0.74716586,0.022996288,0.09099877,0.044191554,0.18839176,0.04096304,null,null,null,null,"TWOGAUSSIANS",8,5.7700872,0.26092744,0.118086934,0.4,0.054904,0.3708983,0.23241252,0.74716586,0.022996288,0.4,0.0973625,0.17915794,0.036055144
375316653866487564,2033216455416957184,0.66177404,2226.8513293740193,2.7946372301768707,4.114986E-6,14.799731,0.010498992,0.24931653,0.0034286135,0.0524623,0.0069119697,0.3225848,0.03784807,0.7469172,6.189543E-4,0.04978184,0.002969491,0.33130282,0.018498775,0.13588803,0.012901345,0.7469172,6.189543E-4,"TWOGAUSSIANS_WITH_ELLIPSOIDAL_ON_ECLIPSE2",9,78.071785,0.7469172,6.189543E-4,0.2787783,0.01662915,0.60307467,0.010726834,0.24894653,0.002855277,0.29378888,0.03870703,0.59430444,0.051803805
