Gaia/vari_eclipsing_binary/VariEclipsingBinary_676362-676392.csv
# %ECSV 1.0
# ---
# delimiter: ','
# meta: !!omap
# - RELEASE: Gaia DR3
# - TABLE: vari_eclipsing_binary
# - DESCRIPTION: >
#     This table describes the properties of the eclipsing binaries resulting from the variability analysis. 
# - CITATION: >
#     How to cite and acknowledge Gaia: 
#     https://gea.esac.esa.int/archive/documentation/credits.html 
# - KNOWN_ISSUES: >
#     Known issues: 
#     https://www.cosmos.esa.int/web/gaia-users/known-issues 
# - DOCUMENTATION: >
#     Tutorials and documentation: 
#     https://www.cosmos.esa.int/web/gaia-users/archive 
# datatype:
# - 
#   name: solution_id
#   datatype: int64
#   description: Solution Identifier
#   meta:
#     ucd: meta.version
# - 
#   name: source_id
#   datatype: int64
#   description: Unique source identifier
#   meta:
#     ucd: meta.id;meta.main
# - 
#   name: global_ranking
#   datatype: float32
#   description: Number between 0 (worst) and 1 (best)
#   meta:
#     ucd: stat.param
# - 
#   name: reference_time
#   datatype: float64
#   unit: d
#   description: Reference time used for the geometric model fit
#   meta:
#     ucd: time.epoch
# - 
#   name: frequency
#   datatype: float64
#   unit: d**-1
#   description: Frequency of geometric model of the eclipsing binary light curve
#   meta:
#     ucd: src.orbital
# - 
#   name: frequency_error
#   datatype: float32
#   unit: d**-1
#   description: "Uncertainty of \\texttt{frequency}"
#   meta:
#     ucd: stat.error
# - 
#   name: geom_model_reference_level
#   datatype: float32
#   unit: mag
#   description: Magnitude reference level of geometric model
#   meta:
#     ucd: phot.mag;em.opt
# - 
#   name: geom_model_reference_level_error
#   datatype: float32
#   unit: mag
#   description: "Uncertainty of \\texttt{geomModelReferenceLevel}"
#   meta:
#     ucd: stat.error;phot.mag;em.opt
# - 
#   name: geom_model_gaussian1_phase
#   datatype: float32
#   description: Phase of the Gaussian 1 component
#   meta:
#     ucd: time.phase
# - 
#   name: geom_model_gaussian1_phase_error
#   datatype: float32
#   description: "Uncertainty of \\texttt{geomModelGaussian1Phase}"
#   meta:
#     ucd: stat.error;time.phase
# - 
#   name: geom_model_gaussian1_sigma
#   datatype: float32
#   description: "Standard deviation [phase] of Gaussian 1 component"
#   meta:
#     ucd: stat.stdev
# - 
#   name: geom_model_gaussian1_sigma_error
#   datatype: float32
#   description: "Uncertainty of \\texttt{geomModelGaussian1Sigma}"
#   meta:
#     ucd: stat.error
# - 
#   name: geom_model_gaussian1_depth
#   datatype: float32
#   unit: mag
#   description: Magnitude depth of Gaussian 1 component
#   meta:
#     ucd: src.var.amplitude
# - 
#   name: geom_model_gaussian1_depth_error
#   datatype: float32
#   unit: mag
#   description: "Uncertainty of \\texttt{geomModelGaussian1Depth}"
#   meta:
#     ucd: stat.error;src.var.amplitude
# - 
#   name: geom_model_gaussian2_phase
#   datatype: float32
#   description: Phase of Gaussian 2 component
#   meta:
#     ucd: time.phase
# - 
#   name: geom_model_gaussian2_phase_error
#   datatype: float32
#   description: "Uncertainty of \\texttt{geomModelGaussian2Phase}"
#   meta:
#     ucd: stat.error;time.phase
# - 
#   name: geom_model_gaussian2_sigma
#   datatype: float32
[...]
#   datatype: float32
#   description: "Secondary eclipse: uncertainty of \\texttt{derivedSecondaryEclDuration}"
#   meta:
#     ucd: stat.error;time.duration
# - 
#   name: derived_secondary_ecl_depth
#   datatype: float32
#   unit: mag
#   description: "Secondary eclipse: depth"
#   meta:
#     ucd: src.var.amplitude
# - 
#   name: derived_secondary_ecl_depth_error
#   datatype: float32
#   unit: mag
#   description: "Secondary eclipse: uncertainty of \\texttt{derivedSecondaryEclDepth}"
#   meta:
#     ucd: stat.error;src.var.amplitude
solution_id,source_id,global_ranking,reference_time,frequency,frequency_error,geom_model_reference_level,geom_model_reference_level_error,geom_model_gaussian1_phase,geom_model_gaussian1_phase_error,geom_model_gaussian1_sigma,geom_model_gaussian1_sigma_error,geom_model_gaussian1_depth,geom_model_gaussian1_depth_error,geom_model_gaussian2_phase,geom_model_gaussian2_phase_error,geom_model_gaussian2_sigma,geom_model_gaussian2_sigma_error,geom_model_gaussian2_depth,geom_model_gaussian2_depth_error,geom_model_cosine_half_period_amplitude,geom_model_cosine_half_period_amplitude_error,geom_model_cosine_half_period_phase,geom_model_cosine_half_period_phase_error,model_type,num_model_parameters,reduced_chi2,derived_primary_ecl_phase,derived_primary_ecl_phase_error,derived_primary_ecl_duration,derived_primary_ecl_duration_error,derived_primary_ecl_depth,derived_primary_ecl_depth_error,derived_secondary_ecl_phase,derived_secondary_ecl_phase_error,derived_secondary_ecl_duration,derived_secondary_ecl_duration_error,derived_secondary_ecl_depth,derived_secondary_ecl_depth_error
[from data line 476]
375316653866487564,5949580906799510528,0.5705534,2226.0583924353186,2.8389135882097984,9.854299E-6,18.274773,0.02833342,0.1778951,0.005825248,0.045374863,0.016001007,0.20912401,0.05721753,0.6754267,0.014204523,0.050919045,0.016145756,0.290448,0.07817602,0.116789415,0.03611137,0.1778951,0.005825248,"TWOGAUSSIANS_WITH_ELLIPSOIDAL_ON_ECLIPSE1",9,6.2993,0.6757767,0.013610091,0.28514665,0.09041624,0.5239772,0.056062687,0.1778951,0.005825248,0.25409925,0.08960564,0.44270146,0.01863029
375316653866487564,5949580945489333120,0.5461414,2227.742221342767,1.3890303703585691,1.5635467E-5,15.635012,0.0051362067,0.22818497,0.0021643424,0.10650543,0.0031302634,0.18472861,0.0055534877,0.7217197,0.0017426636,0.095256925,0.0037445973,0.22412735,0.0048849178,null,null,null,null,"TWOGAUSSIANS",8,13.239604,0.7217197,0.0017426636,0.4,0.0,0.20686297,0.0034159704,0.22818497,0.0021643424,0.4,0.0,0.16745843,0.003301635
375316653866487564,5949581632654784256,0.52562195,2283.7968182424647,2.8131917153523225,1.6050277E-5,18.710394,0.03175389,0.26572967,0.0055896193,0.08460919,0.0119453175,0.38878134,0.029507125,0.77328426,0.004600256,0.084628366,0.009785493,0.36075693,0.0386598,null,null,null,null,"TWOGAUSSIANS",8,6.526234,0.26572967,0.0055896193,0.4,0.0,0.38043788,0.021751039,0.77328426,0.004600256,0.4,0.0,0.35241348,0.034246437
375316653866487564,5949581765796457984,0.50919867,2262.1499666398645,0.5235335234417764,1.4875157E-4,19.669664,0.011634617,0.06471082,0.019606851,0.028388582,0.01881229,0.10945487,1.0729998,0.5600057,0.025355747,0.100507356,0.02158654,0.23025213,0.014420213,null,null,null,null,"TWOGAUSSIANS",8,1.427668,0.5600057,0.025355747,0.4,0.0,0.23009713,0.014235757,0.06471082,0.019606851,0.15897606,0.105348825,0.109301865,1.073134
375316653866487564,5949582006311340928,0.5526271,2214.1144798517253,1.0947718834795626,7.450294E-6,16.56308,0.0015409925,0.2233342,0.0018904041,0.011217065,0.0030411906,0.026585191,0.022456696,0.55386263,0.043371085,0.03482994,0.09360013,0.0077968626,0.002247552,0.04028946,0.0022497384,0.2233342,0.0018904041,"TWOGAUSSIANS_WITH_ELLIPSOIDAL_ON_ECLIPSE1",9,2.302295,0.2233342,0.0018819866,0.06281557,0.017030668,0.1071637,0.02243908,0.72333264,0.006358692,0.19504768,0.27660412,0.080578566,0.0045707016
375316653866487564,5949583453750312448,0.52771485,2234.3257606559782,4.277623562979691,3.3588596E-5,18.231339,0.007384397,0.30247325,0.0060584466,0.07926997,0.006922024,0.18015657,0.011413022,0.782101,0.0058779162,0.09246378,0.008401034,0.12809363,0.010569462,null,null,null,null,"TWOGAUSSIANS",8,2.273883,0.30247325,0.0060584466,0.4,0.0,0.17713454,0.011057169,0.782101,0.0058779162,0.4,0.0,0.1250714,0.010150997
375316653866487564,5949584209664731392,0.58706766,2208.6336791391027,1.688986601428092,9.6354825E-6,14.446843,0.018596552,0.2473772,0.0031532582,0.11744836,0.015093064,0.13573894,0.017563663,0.7537313,0.0034830284,0.10958926,0.011706827,0.14670227,0.018028952,null,null,null,null,"TWOGAUSSIANS",8,9.040969,0.75375134,0.0034796672,0.4,0.0,0.123327054,0.004481461,0.2473672,0.0031650672,0.4,0.0,0.112340584,0.0048449673
375316653866487564,5949584243995509760,0.46680346,2214.4984483275216,2.9665814907606607,8.175265E-5,19.08425,0.016527938,0.18023418,0.010876727,0.039416704,0.0070549734,0.4423979,0.06566553,0.6122333,0.015779704,0.13053168,0.023043491,0.16817154,0.019260084,null,null,null,null,"TWOGAUSSIANS",8,10.503995,0.18029417,0.010883523,0.22073355,0.03950785,0.44179872,0.0651206,0.6122333,0.015779704,0.4,0.0,0.16685522,0.018320788
375316653866487564,5949584278355177088,0.44265303,2221.6044851172,1.158072401724744,1.1742558E-4,18.246145,0.0050661163,null,null,null,null,null,null,null,null,null,null,null,null,0.052109078,0.008133019,0.33777577,0.010389858,"ELLIPSOIDAL",4,11.702616,null,null,null,null,null,null,null,null,null,null,null,null
375316653866487564,5949584617651979008,0.4075814,2208.545537120046,0.1575952966459792,3.7571717E-5,16.691103,0.03635535,0.4195977,0.0054919776,0.035838753,0.009122436,0.06349489,0.022597486,0.7753713,0.023580436,0.1832577,0.11312241,0.053872738,0.03192383,null,null,null,null,"TWOGAUSSIANS",8,10.111193,0.42133766,0.005060273,0.200697,0.05108564,0.069241926,0.025719143,0.7753713,0.023580436,0.4,0.0,0.051251106,0.013128279
375316653866487564,5949585927622999168,0.48122904,2216.935656570717,2.8658906141585594,3.5471443E-5,19.404402,0.017447295,0.2351874,0.015452517,0.07540262,0.011828015,0.22015871,0.030228531,0.7286848,0.008110606,0.083225295,0.015337505,0.24651104,0.040970836,null,null,null,null,"TWOGAUSSIANS",8,3.5586429,0.7286848,0.008110606,0.4,0.0,0.24365911,0.04357283,0.2351874,0.015452517,0.4,0.023147834,0.2173068,0.029763179
375316653866487564,5949586163844489856,0.45616436,2239.5426685373154,0.04207917738836006,1.517484E-5,18.620718,0.007246942,0.25826496,0.0020121478,0.02410204,0.0070328424,0.12430614,0.054144807,0.6040967,0.015249213,0.080326945,0.014081334,0.17503701,0.014828129,null,null,null,null,"TWOGAUSSIANS",8,4.61437,0.6040967,0.015249213,0.4,0.0,0.17503701,0.014828105,0.25826496,0.0020095075,0.13497141,0.039383918,0.12432267,0.054154374
375316653866487564,5949587576890606848,0.5859433,2210.362585099152,2.9673688879980085,6.366814E-6,15.569035,0.022815391,0.27250308,0.0040576668,0.057770617,0.010897042,0.22846994,0.04306551,0.79782796,0.0028301182,0.05538304,0.0049938983,0.298406,0.054240692,0.060857516,0.026781494,0.27250308,0.0040576668,"TWOGAUSSIANS_WITH_ELLIPSOIDAL_ON_ECLIPSE1",9,42.86779,0.79782796,0.0028301182,0.31014505,0.02796583,0.41704434,0.021635925,0.27250308,0.0040576668,0.32351547,0.061023436,0.35016412,0.021567402
375316653866487564,5949589501042115200,0.43083555,2213.6706283751273,0.8543498003153227,1.965826E-4,19.671583,0.042678986,0.22949792,0.05548137,0.09407685,0.08627652,0.14103386,0.15335742,0.71074253,0.012006783,0.069016844,0.024397844,0.24571066,0.05335536,null,null,null,null,"TWOGAUSSIANS",8,3.214291,0.71074253,0.012006783,0.3864943,0.098414764,0.2434923,0.056130044,0.22949792,0.05548137,0.4,0.2905234,0.13881518,0.15614721
375316653866487564,5949589943413729536,0.5578364,2236.3571986888023,2.9245213761740105,1.2610193E-5,17.803186,0.13193327,0.29399058,0.0048933225,0.12774399,0.025285529,0.38767368,0.1269813,0.7865383,0.0041842056,0.12237613,0.024043242,0.42406452,0.12510501,null,null,null,null,"TWOGAUSSIANS",8,5.2850885,0.7865383,0.0041842056,0.4,0.0,0.32108146,0.013763206,0.29406056,0.004863494,0.4,0.0,0.28452334,0.0165676
375316653866487564,5949590321390625280,0.52861774,2199.6732141853363,1.7656044549303644,2.4772116E-5,18.378881,0.019602396,0.2330394,0.005780736,0.09161496,0.011527707,0.25578877,0.020238109,0.7402281,0.023566665,0.0819222,0.025666371,0.2220332,0.04017166,null,null,null,null,"TWOGAUSSIANS",8,3.3944194,0.2330394,0.005780736,0.4,0.0,0.24911499,0.015609253,0.7402281,0.023566665,0.4,0.0,0.2153596,0.04068515
375316653866487564,5949590463112077312,0.45251924,2196.200481216239,4.62854179300375,4.836558E-5,18.506886,0.006070961,0.26256725,0.0033283154,0.036372036,0.003960844,0.14503908,0.01771145,0.73016185,0.008502034,0.089501776,0.01623914,0.05632126,0.010939325,null,null,null,null,"TWOGAUSSIANS",8,2.2327404,0.26256725,0.0033283154,0.2036834,0.022180727,0.14502189,0.017705772,0.73016185,0.008502034,0.4,0.0,0.056303997,0.010946779
375316653866487564,5949590802403238144,0.539326,2230.4040634415137,1.4090994686343326,1.223181E-5,11.904116,0.0026157177,0.81819826,0.0047337133,0.04718948,0.008890332,0.052272566,0.006786798,null,null,null,null,null,null,0.027166246,0.0038927875,0.81819826,0.0047337133,"ONEGAUSSIAN_WITH_ELLIPSOIDAL",6,85.469025,0.81819826,0.0047337133,0.2642611,0.049785856,0.10660498,0.0046525802,null,null,null,null,null,null
375316653866487564,5949591047252862208,0.5095064,2247.2507747716377,0.41652848227817785,1.7431363E-5,18.550747,0.004625913,0.26920408,0.008295477,0.04519842,0.008995403,1.4062619,0.82280046,0.77934784,0.009646932,0.1007496,0.017786387,0.09009329,0.028038856,null,null,null,null,"TWOGAUSSIANS",8,0.7366031,0.26920408,0.008295477,0.25311115,0.050374255,1.4054801,0.82338935,0.77934784,0.009646932,0.4,0.0,0.089310616,0.028674759
375316653866487564,5949591081584312576,0.531064,2205.97320290376,2.9648996909006566,1.1124579E-5,19.340834,0.017903626,0.33125108,0.002072308,0.0777236,0.007117143,0.37928236,0.01849477,0.8330098,0.009784607,0.057985958,0.018226532,0.3619362,0.084472194,null,null,null,null,"TWOGAUSSIANS",8,2.2393837,0.33125108,0.002072308,0.4,0.0,0.37849146,0.018127494,0.8330098,0.009784607,0.32472137,0.09180472,0.3611453,0.08722561
375316653866487564,5949592730851967488,0.49752936,2235.473154844129,3.3180927042709754,4.589214E-5,19.634031,0.08353998,0.23877513,0.008646246,0.09645756,0.033082157,0.29403666,0.066916734,0.7268073,0.022647958,0.117900275,0.050924126,0.303686,0.06418485,null,null,null,null,"TWOGAUSSIANS",8,1.9428613,0.7268073,0.022647958,0.4,0.0,0.2693343,0.034133583,0.23881513,0.008726464,0.4,0.0,0.25976613,0.024655312
375316653866487564,5949593383723650304,0.45428708,2230.508561888369,2.5877975501413446,4.798045E-5,18.490295,0.036615897,0.16247664,0.0054339576,0.0845443,0.011900379,0.3023291,0.0369475,0.65485597,0.01866177,0.110200554,0.03292018,0.19168836,0.044168483,null,null,null,null,"TWOGAUSSIANS",8,3.2749782,0.16247664,0.0054107737,0.4,0.0,0.28700745,0.026770167,0.65485597,0.01866177,0.4,0.0,0.17635314,0.03529617
375316653866487564,5949593555522354048,0.5412954,2181.836249499059,4.924095054008474,6.445477E-5,19.800007,0.009307862,0.4013337,0.01604692,0.10738944,0.023116335,0.076622486,0.022687599,0.8048298,0.016145593,0.036261454,0.009650323,1.0209497,2.7327259,null,null,null,null,"TWOGAUSSIANS",8,1.330517,0.8048298,0.016145593,0.20306414,0.054041807,1.020972,2.7327514,0.4013337,0.01604692,0.4,0.0,0.07657889,0.022745412
375316653866487564,5949594517558739328,0.54303175,2289.590825135097,0.1576032746162138,9.040102E-5,18.043295,0.0063407016,0.2980506,0.020805059,0.055938713,0.026687514,0.3248738,0.18116868,0.57922137,9.013489E-4,0.026138004,0.0013673718,0.69924253,0.037566464,null,null,null,null,"TWOGAUSSIANS",8,2.40378,0.57922137,9.013489E-4,0.14637282,0.0076572816,0.6992436,0.03759088,0.2980506,0.020805059,0.31325677,0.10126187,0.3248738,0.18116869
375316653866487564,5949594826796599552,0.6042963,2198.3593366063515,0.6177945653044492,5.799911E-6,17.192806,0.0040773866,0.26497668,0.0018630368,0.035659496,0.003463221,0.10398769,0.010462988,0.76559144,0.011819215,0.033971306,0.009294801,0.1981385,0.025526892,0.01761033,0.0053107385,0.26497668,0.0018630368,"TWOGAUSSIANS_WITH_ELLIPSOIDAL_ON_ECLIPSE1",9,2.0213702,0.76559144,0.011817732,0.19023933,0.05205089,0.23335865,0.024316965,0.26497668,0.0018630368,0.19969317,0.019394038,0.13920835,0.0076007457
375316653866487564,5949594856853668352,0.5736075,2212.7377243289766,2.4442335439788123,9.060495E-6,17.954006,0.011999459,0.24103494,0.0050204936,0.09128018,0.008121457,0.23086207,0.012596597,0.7465678,0.004364248,0.083180994,0.0061659925,0.26972893,0.020989442,null,null,null,null,"TWOGAUSSIANS",8,3.3942072,0.7465678,0.004364248,0.4,0.0,0.2622749,0.019513812,0.24103494,0.0050204936,0.4,0.0,0.22340786,0.01086664
375316653866487564,5949595376555800320,0.50821435,2231.499556623999,0.7354476031634004,7.0580965E-5,18.278736,0.0059328675,0.28857693,0.0053646197,0.029199867,0.008728258,0.24790633,2.0917645,0.62556994,0.03275284,0.06893937,0.012835482,0.024915451,0.009415801,null,null,null,null,"TWOGAUSSIANS",8,2.593631,0.28857693,0.0053646197,0.16351926,0.048878245,0.24790649,2.0917645,0.62556994,0.03275284,0.3860605,0.06399154,0.024915451,0.009415801
375316653866487564,5949596093825678592,0.5413566,2261.493488170793,3.478204423624713,1.3842704E-5,18.662535,0.03116325,0.27854574,0.0069109523,0.1142243,0.015523853,0.26432902,0.030674316,0.7829329,0.006404809,0.10123587,0.0125644775,0.23095395,0.035376742,null,null,null,null,"TWOGAUSSIANS",8,1.8389969,0.27854574,0.006911212,0.4,0.0,0.23235425,0.012002898,0.7829429,0.006443593,0.4,0.0,0.1990138,0.016279062
375316653866487564,5949596338625159936,0.5134661,2211.4430602995103,3.6426358487440087,2.2158873E-5,18.080341,0.023479009,0.25394708,0.0032727823,0.09553669,0.011179206,0.18522294,0.022759285,0.7635013,0.004321864,0.09862345,0.017710296,0.21557921,0.019935293,null,null,null,null,"TWOGAUSSIANS",8,2.863158,0.7635013,0.004321864,0.4,0.0,0.20280227,0.024286896,0.25394708,0.0032711811,0.4,0.0,0.17244679,0.011664749
375316653866487564,5949596884078790016,0.47391018,2223.197354629987,0.17393402577142641,4.4645985E-5,17.503883,0.027327625,0.36513945,0.09166607,0.08777267,0.055131096,0.07121493,0.015034948,0.7057369,0.049754895,0.086576246,0.110040374,0.1727109,0.036292575,null,null,null,null,"TWOGAUSSIANS",8,5.957104,0.7057369,0.049754895,0.4,0.0,0.17257726,0.042423204,0.36551946,0.08531048,0.4,0.18204923,0.071118936,0.020453842
375316653866487564,5949597060179922944,0.44668183,2214.50670529058,3.4430470728951494,6.660496E-5,18.899792,0.53499633,0.24896334,0.018009966,0.19869407,0.09960289,0.4761891,0.52093846,0.73578835,0.02051129,0.16380878,0.06919587,0.42391115,0.4519343,null,null,null,null,"TWOGAUSSIANS",8,3.4391222,0.25242335,0.013440471,0.4,0.0,0.15394446,0.015036911,0.73578835,0.02051129,0.4,0.0,0.13397688,0.010811278
375316653866487564,5949597575576447104,0.48040223,2267.9237966563587,0.07091841987652343,1.2452021E-4,19.24664,0.007978438,0.29148117,0.008706995,0.06586805,0.01627789,0.14328136,0.09806759,0.6798436,0.011445334,0.039060872,0.0108048655,0.15269691,0.046362177,0.058209468,0.012560705,0.29148117,0.008706995,"TWOGAUSSIANS_WITH_ELLIPSOIDAL_ON_ECLIPSE1",9,2.8969333,0.29148117,0.008706995,0.36886108,0.062819414,0.2595954,0.09779456,0.68703365,0.013974854,0.2187409,0.060507245,0.22310358,0.041641988
375316653866487564,5949597846153004928,0.46673062,2252.735623188316,3.879422004714996,7.476275E-5,18.438303,0.0048912275,0.17965062,0.007401002,0.037574917,0.004599059,0.19057332,0.017785177,0.86041886,0.02334331,0.05744092,0.018306235,0.052533273,0.101019956,null,null,null,null,"TWOGAUSSIANS",8,2.9105906,0.17965062,0.007401002,0.21041954,0.02575473,0.19057332,0.017785206,0.86041886,0.02334331,0.32166916,0.10251492,0.052533273,0.101019956
375316653866487564,5949598361551683968,0.61218,2206.51455116962,3.8212008299099236,6.286057E-6,18.296333,0.0129491035,0.27901322,0.0017999797,0.048308175,0.0032747395,0.49499613,0.04353715,0.7655185,0.002550307,0.046996746,0.004787793,0.5207842,0.12934539,0.12849422,0.022943288,0.27901322,0.0017999797,"TWOGAUSSIANS_WITH_ELLIPSOIDAL_ON_ECLIPSE1",9,4.963928,0.7665885,0.0024598676,0.26318178,0.02681164,0.7760738,0.13809705,0.27901322,0.0017999797,0.27052578,0.01833854,0.7519837,0.03543332
375316653866487564,5949598434568463232,0.59983367,2197.1220947310144,3.955772095447921,9.94227E-6,17.59962,0.010237938,0.2983047,0.0020431695,0.04878985,0.009887308,0.33020023,0.17528205,0.8056358,0.00394789,0.047507126,0.008081815,0.2461224,0.029855361,0.11469357,0.014330956,0.2983047,0.0020431695,"TWOGAUSSIANS_WITH_ELLIPSOIDAL_ON_ECLIPSE1",9,4.7090645,0.2983047,0.0020431695,0.27322316,0.055368923,0.55958605,0.19216412,0.8056358,0.00394789,0.2660399,0.045258164,0.4750219,0.04410629
