Gaia/vari_eclipsing_binary/VariEclipsingBinary_604235-604406.csv
# %ECSV 1.0
# ---
# delimiter: ','
# meta: !!omap
# - RELEASE: Gaia DR3
# - TABLE: vari_eclipsing_binary
# - DESCRIPTION: >
#     This table describes the properties of the eclipsing binaries resulting from the variability analysis. 
# - CITATION: >
#     How to cite and acknowledge Gaia: 
#     https://gea.esac.esa.int/archive/documentation/credits.html 
# - KNOWN_ISSUES: >
#     Known issues: 
#     https://www.cosmos.esa.int/web/gaia-users/known-issues 
# - DOCUMENTATION: >
#     Tutorials and documentation: 
#     https://www.cosmos.esa.int/web/gaia-users/archive 
# datatype:
# - 
#   name: solution_id
#   datatype: int64
#   description: Solution Identifier
#   meta:
#     ucd: meta.version
# - 
#   name: source_id
#   datatype: int64
#   description: Unique source identifier
#   meta:
#     ucd: meta.id;meta.main
# - 
#   name: global_ranking
#   datatype: float32
#   description: Number between 0 (worst) and 1 (best)
#   meta:
#     ucd: stat.param
# - 
#   name: reference_time
#   datatype: float64
#   unit: d
#   description: Reference time used for the geometric model fit
#   meta:
#     ucd: time.epoch
# - 
#   name: frequency
#   datatype: float64
#   unit: d**-1
#   description: Frequency of geometric model of the eclipsing binary light curve
#   meta:
#     ucd: src.orbital
# - 
#   name: frequency_error
#   datatype: float32
#   unit: d**-1
#   description: "Uncertainty of \\texttt{frequency}"
#   meta:
#     ucd: stat.error
# - 
#   name: geom_model_reference_level
#   datatype: float32
#   unit: mag
#   description: Magnitude reference level of geometric model
#   meta:
#     ucd: phot.mag;em.opt
# - 
#   name: geom_model_reference_level_error
#   datatype: float32
#   unit: mag
#   description: "Uncertainty of \\texttt{geomModelReferenceLevel}"
#   meta:
#     ucd: stat.error;phot.mag;em.opt
# - 
#   name: geom_model_gaussian1_phase
#   datatype: float32
#   description: Phase of the Gaussian 1 component
#   meta:
#     ucd: time.phase
# - 
#   name: geom_model_gaussian1_phase_error
#   datatype: float32
#   description: "Uncertainty of \\texttt{geomModelGaussian1Phase}"
#   meta:
#     ucd: stat.error;time.phase
# - 
#   name: geom_model_gaussian1_sigma
#   datatype: float32
#   description: "Standard deviation [phase] of Gaussian 1 component"
#   meta:
#     ucd: stat.stdev
# - 
#   name: geom_model_gaussian1_sigma_error
#   datatype: float32
#   description: "Uncertainty of \\texttt{geomModelGaussian1Sigma}"
#   meta:
#     ucd: stat.error
# - 
#   name: geom_model_gaussian1_depth
#   datatype: float32
#   unit: mag
#   description: Magnitude depth of Gaussian 1 component
#   meta:
#     ucd: src.var.amplitude
# - 
#   name: geom_model_gaussian1_depth_error
#   datatype: float32
#   unit: mag
#   description: "Uncertainty of \\texttt{geomModelGaussian1Depth}"
#   meta:
#     ucd: stat.error;src.var.amplitude
# - 
#   name: geom_model_gaussian2_phase
#   datatype: float32
#   description: Phase of Gaussian 2 component
#   meta:
#     ucd: time.phase
# - 
#   name: geom_model_gaussian2_phase_error
#   datatype: float32
#   description: "Uncertainty of \\texttt{geomModelGaussian2Phase}"
#   meta:
#     ucd: stat.error;time.phase
# - 
#   name: geom_model_gaussian2_sigma
#   datatype: float32
[...]
#   datatype: float32
#   description: "Secondary eclipse: uncertainty of \\texttt{derivedSecondaryEclDuration}"
#   meta:
#     ucd: stat.error;time.duration
# - 
#   name: derived_secondary_ecl_depth
#   datatype: float32
#   unit: mag
#   description: "Secondary eclipse: depth"
#   meta:
#     ucd: src.var.amplitude
# - 
#   name: derived_secondary_ecl_depth_error
#   datatype: float32
#   unit: mag
#   description: "Secondary eclipse: uncertainty of \\texttt{derivedSecondaryEclDepth}"
#   meta:
#     ucd: stat.error;src.var.amplitude
solution_id,source_id,global_ranking,reference_time,frequency,frequency_error,geom_model_reference_level,geom_model_reference_level_error,geom_model_gaussian1_phase,geom_model_gaussian1_phase_error,geom_model_gaussian1_sigma,geom_model_gaussian1_sigma_error,geom_model_gaussian1_depth,geom_model_gaussian1_depth_error,geom_model_gaussian2_phase,geom_model_gaussian2_phase_error,geom_model_gaussian2_sigma,geom_model_gaussian2_sigma_error,geom_model_gaussian2_depth,geom_model_gaussian2_depth_error,geom_model_cosine_half_period_amplitude,geom_model_cosine_half_period_amplitude_error,geom_model_cosine_half_period_phase,geom_model_cosine_half_period_phase_error,model_type,num_model_parameters,reduced_chi2,derived_primary_ecl_phase,derived_primary_ecl_phase_error,derived_primary_ecl_duration,derived_primary_ecl_duration_error,derived_primary_ecl_depth,derived_primary_ecl_depth_error,derived_secondary_ecl_phase,derived_secondary_ecl_phase_error,derived_secondary_ecl_duration,derived_secondary_ecl_duration_error,derived_secondary_ecl_depth,derived_secondary_ecl_depth_error
[from data line 609]
375316653866487564,5316124911987530368,0.6350847,2072.1122659665457,1.973431825637213,2.9773898E-6,12.758095,0.006041609,0.2776275,0.0016386918,0.049846917,0.004619374,0.09267887,0.014474046,0.7844929,0.001306981,0.05496811,0.0030508027,0.16627859,0.013375733,0.08750074,0.008175187,0.2776275,0.0016386918,"TWOGAUSSIANS_WITH_ELLIPSOIDAL_ON_ECLIPSE1",9,103.915474,0.7844929,0.001306981,0.30782142,0.017084494,0.34095126,0.005689061,0.2776275,0.0016386918,0.27914274,0.025868494,0.26767698,0.0035161334
375316653866487564,5316124911987536384,0.48609498,2045.4868891069893,2.1277911159298317,1.008155E-5,17.168308,0.0038299481,0.26488933,0.006839383,0.08815768,0.00804051,0.06819602,0.0048606126,0.77490246,0.005733001,0.08245506,0.014300331,0.0664841,0.0072421925,null,null,null,null,"TWOGAUSSIANS",8,3.181048,0.26488933,0.006839383,0.4,0.0,0.066651486,0.0042204577,0.77490246,0.005733001,0.4,0.0,0.06493959,0.008134911
375316653866487564,5316127312867967616,0.5323619,2054.45763175353,3.891942397864796,6.8645804E-6,18.287327,0.022180436,0.2633971,0.008809389,0.037475377,0.027877524,0.14570941,6.285899,0.7686781,0.005767417,0.059597094,0.011679713,0.31828213,0.043925785,0.08977167,0.025553806,0.2633971,0.008809389,"TWOGAUSSIANS_WITH_ELLIPSOIDAL_ON_ECLIPSE1",9,12.886131,0.7686781,0.0055162637,0.33374372,0.06540639,0.49759448,0.054756496,0.2633971,0.008809389,0.20986213,0.15611415,0.32521936,6.3004236
375316653866487564,5316128382321141120,0.64487445,2075.0442337705804,2.3793783688619383,6.470791E-6,17.420616,0.0033216532,0.28872797,0.0019101774,0.065621026,0.0012476405,0.603073,0.012576614,0.79156435,0.0014807682,0.08688223,0.0030071267,0.17470305,0.007183898,null,null,null,null,"TWOGAUSSIANS",8,3.268748,0.28872797,0.0019101774,0.36747774,0.006986786,0.6005742,0.012530754,0.79156435,0.0014807682,0.4,0.0,0.17220421,0.0073774033
375316653866487564,5316128554119827456,0.5842502,2080.223382924866,2.168875286273112,4.044757E-6,17.238764,0.021051856,0.22736274,0.0013199546,0.057030894,0.005163764,0.3116378,0.04611473,0.72686696,0.0036552683,0.0602168,0.0065815668,0.31842807,0.044145107,0.09526816,0.025027247,0.22736274,0.0013199546,"TWOGAUSSIANS_WITH_ELLIPSOIDAL_ON_ECLIPSE1",9,18.535824,0.726937,0.003264404,0.33721408,0.036856774,0.5088847,0.029390931,0.22736274,0.0013199546,0.319373,0.028917078,0.502096,0.022450496
375316653866487564,5316133325822017536,0.5785513,2048.5691046757843,3.414257726141595,8.021973E-6,18.596464,0.014190741,0.3008149,0.0063800006,0.084201865,0.006589745,0.4191684,0.018758405,0.79545313,0.0036730212,0.08874747,0.0039736433,0.42645878,0.018449552,null,null,null,null,"TWOGAUSSIANS",8,3.7943585,0.79545313,0.0036730212,0.4,0.0,0.41462684,0.016260417,0.3008149,0.0063800006,0.4,0.0,0.40733656,0.015880205
375316653866487564,5316133330123059712,0.6122285,2063.656766765951,3.0468162224086948,2.8896854E-6,17.747839,0.009202411,0.29384652,0.0010428276,0.045471836,0.003393056,0.28423122,0.020554805,0.79319865,0.001610511,0.052048054,0.0043066614,0.27519184,0.028712843,0.07451771,0.011278975,0.29384652,0.0010428276,"TWOGAUSSIANS_WITH_ELLIPSOIDAL_ON_ECLIPSE1",9,4.5512166,0.29384652,0.0010428276,0.25464228,0.019001113,0.43326384,0.011970665,0.7932687,0.0014281693,0.2914691,0.024117306,0.42422226,0.02888291
375316653866487564,5316134635793068032,0.48637596,2045.5255986195202,0.5018454555610964,1.4951839E-5,18.207764,0.0023933484,0.32343048,0.008454591,0.032881882,0.00755058,0.08323015,0.035100326,0.80307966,0.0015564731,0.021828007,0.001999434,0.19326745,0.0458285,null,null,null,null,"TWOGAUSSIANS",8,2.6826332,0.80307966,0.0015564731,0.12223684,0.011196831,0.19326745,0.0458285,0.32343048,0.008454591,0.18413854,0.04228325,0.08323015,0.035100326
375316653866487564,5316139991611864320,0.49913248,2062.4649054920665,1.2965298301888384,1.4311154E-5,18.64643,0.009087699,0.253208,0.025320146,0.025628079,0.011670741,0.3229533,0.16110826,0.7544983,0.0029057956,0.023075392,0.0031732456,0.2801772,0.044327408,null,null,null,null,"TWOGAUSSIANS",8,11.849194,0.253208,0.025320146,0.14351724,0.06535615,0.3229533,0.16110826,0.7544983,0.0029057956,0.1292222,0.017770175,0.2801772,0.044327408
375316653866487564,5316142057496701696,0.5433854,2067.8045640935825,3.35151065191427,1.5979718E-5,17.368753,0.021993222,0.2231311,0.0059434823,0.10361761,0.01342962,0.22093806,0.01882678,0.7242002,0.0059425356,0.09075557,0.014114505,0.21021467,0.020833012,null,null,null,null,"TWOGAUSSIANS",8,9.842146,0.2231311,0.0059434823,0.4,0.0,0.20540856,0.009222509,0.7242002,0.0059425356,0.4,0.0,0.19468896,0.008955742
375316653866487564,5316143496300657792,0.56672,2023.0633676693667,4.237551441074448,7.6356955E-6,19.430607,0.0127832815,0.18598764,0.0016477273,0.04332541,0.0049066683,0.40225312,0.04674637,0.6813199,0.004642518,0.04266271,0.014286341,0.4772528,0.44713974,0.14401293,0.014818405,0.18598764,0.0016477273,"TWOGAUSSIANS_WITH_ELLIPSOIDAL_ON_ECLIPSE1",9,1.901097,0.68168986,0.004142575,0.23891118,0.080003515,0.76505065,0.46202192,0.18598764,0.0016477273,0.2426223,0.027477343,0.6902789,0.050032508
375316653866487564,5316144119081000832,0.66778946,2068.8308924069056,2.0245477509360548,3.7608613E-6,15.967545,0.0065455455,0.24113706,0.0019485811,0.043833468,0.002508168,0.32445183,0.021516502,0.7454526,9.880333E-4,0.046079867,0.0022756027,0.33902684,0.015128008,0.14954732,0.0073180217,0.7454526,9.880333E-4,"TWOGAUSSIANS_WITH_ELLIPSOIDAL_ON_ECLIPSE2",9,21.556501,0.7454526,9.880333E-4,0.25804725,0.012743374,0.6381213,0.010974898,0.24166706,0.0016776241,0.24546742,0.0140457405,0.6233534,0.018627714
375316653866487564,5316144286574660736,0.50592196,2074.0401253410496,2.2244612475036933,2.3033337E-5,16.253448,0.013819628,0.44590434,0.050053008,0.16856107,0.023277102,0.1464532,0.026942367,0.7927714,0.12840465,0.10191617,0.0779035,0.038174774,0.033685975,null,null,null,null,"TWOGAUSSIANS",8,13.274137,0.44667435,0.011396439,0.4,0.0,0.13695824,0.0055187033,0.7927714,0.12840465,0.4,0.0,0.046268832,0.035343878
375316653866487564,5316147761214003584,0.5595414,2127.1564745574515,1.3562979595269236,6.3019634E-6,19.289831,0.006462298,0.21342202,0.00423485,0.047745064,0.002939699,0.5558367,0.023091065,0.717964,0.009298757,0.05725717,0.012078514,0.12094117,0.018299807,null,null,null,null,"TWOGAUSSIANS",8,2.6610076,0.21342202,0.00423485,0.26737237,0.016462315,0.5558321,0.023091607,0.717964,0.009298757,0.32064018,0.06763968,0.12093657,0.018305046
375316653866487564,5316151918742338688,0.52182454,2152.6051587279417,2.821898280781794,1.6968055E-5,13.766309,0.014586428,0.22206894,0.0064370846,0.080687754,0.009249981,0.35000712,0.015605695,0.7250686,0.0055931523,0.08800514,0.006950637,0.35009608,0.021978403,null,null,null,null,"TWOGAUSSIANS",8,1072.1478,0.7250686,0.0055931523,0.4,0.0,0.34189007,0.020713108,0.22206894,0.0064370846,0.4,0.0,0.3418012,0.013544455
375316653866487564,5316155006816623232,0.52230453,2114.0489921320723,2.9442074453426743,9.821844E-6,19.168198,0.023050005,0.16842616,0.003040127,0.09088175,0.0066988156,0.34313357,0.023320163,0.65932345,0.005290107,0.088930085,0.009637217,0.43673718,0.036193132,null,null,null,null,"TWOGAUSSIANS",8,2.641778,0.65932345,0.005290107,0.4,0.0,0.42270845,0.038304854,0.16842616,0.003040127,0.4,0.0,0.32910478,0.016625859
375316653866487564,5316157480717555456,0.49978116,2101.213716137389,2.6318600218945014,1.7045171E-5,17.289906,0.009895481,0.2780265,0.012825859,0.05543902,0.015467191,0.08637859,0.02575129,0.75275284,0.005766124,0.04674144,0.015578577,0.06991811,0.026631415,0.05921963,0.013487729,0.75275284,0.005766124,"TWOGAUSSIANS_WITH_ELLIPSOIDAL_ON_ECLIPSE2",9,18.662596,0.2717265,0.007110935,0.3104585,0.08661627,0.20258586,0.018430058,0.75275284,0.005766124,0.26175207,0.08724003,0.18835664,0.017232273
375316653866487564,5316158515812354688,0.53809386,2091.714500757536,0.27605392661405576,8.532221E-6,17.128462,0.0013312853,0.38632083,0.0024607514,0.012461363,0.0019096152,0.041082487,0.0031697906,0.8866387,0.0049902606,0.008065741,0.0026198484,0.18577261,0.026643407,0.0057021077,0.0018690688,0.38632083,0.0024607514,"TWOGAUSSIANS_WITH_ELLIPSOIDAL_ON_ECLIPSE1",9,3.4875302,0.8866387,0.0049902606,0.045168146,0.0146711515,0.19717677,0.027010191,0.38632083,0.0024607514,0.069783635,0.010693845,0.052486684,0.0034470933
375316653866487564,5316161539463640576,0.53155416,2101.3796691794114,3.3826320029163357,1.1618491E-5,18.301548,0.01866172,0.2691435,0.0063807764,0.087535955,0.009020706,0.28839034,0.018612292,0.759495,0.0047001694,0.10454825,0.013123116,0.27430302,0.01511862,null,null,null,null,"TWOGAUSSIANS",8,4.94017,0.2691435,0.0063874475,0.4,0.0,0.27186418,0.009149133,0.759495,0.0047001694,0.4,0.0,0.25777045,0.017343441
375316653866487564,5316162909556976128,0.5331573,2116.8556555733994,2.9368992905650324,2.1836544E-5,17.1317,0.008873598,0.21529335,0.005292268,0.09061384,0.008803587,0.2820466,0.009800341,0.73180693,0.0041020634,0.07683453,0.0064896587,0.25089717,0.015774129,null,null,null,null,"TWOGAUSSIANS",8,23.236725,0.21529335,0.005292268,0.4,0.0,0.2774708,0.008719966,0.73180693,0.0041020634,0.4,0.0,0.24632157,0.016278895
375316653866487564,5316164563120925952,0.5386488,2127.152668263371,3.700543642603256,2.7305947E-5,17.110743,0.03080831,0.29729643,0.0051120366,0.04830688,0.012969898,0.13109744,0.061560903,0.7831373,0.012806248,0.061636984,0.025099143,0.21551801,0.04889093,0.0786093,0.03154644,0.29729643,0.0051120366,"TWOGAUSSIANS_WITH_ELLIPSOIDAL_ON_ECLIPSE1",9,28.3512,0.7856774,0.010245064,0.34516713,0.091126435,0.37169418,0.047840983,0.29729643,0.0051120366,0.2705185,0.072631426,0.28829294,0.009508534
375316653866487564,5316164803644619136,0.56422305,2127.6260292049546,0.39064636584698254,4.288391E-5,15.322643,0.0016140664,0.2448607,0.0053088944,0.035993814,0.0042570583,0.15984811,0.003783433,0.7543015,0.0034855613,0.02498076,0.0057294597,0.07979558,0.017006591,0.010587976,0.002386455,0.2448607,0.0053088944,"TWOGAUSSIANS_WITH_ELLIPSOIDAL_ON_ECLIPSE1",9,9.560964,0.2448607,0.0053088944,0.20156536,0.023839526,0.18102404,0.0030906992,0.7543015,0.0034855613,0.13989225,0.032084975,0.10089709,0.017956102
375316653866487564,5316167208826013696,0.5777033,2156.8040912999686,3.962293682716506,9.117395E-6,16.999144,0.01494853,0.2879303,0.002360312,0.10246954,0.006714818,0.24233639,0.0139194,0.7977402,0.0019623523,0.10114713,0.0063601304,0.26468632,0.013918068,null,null,null,null,"TWOGAUSSIANS",8,4.8968105,0.7977402,0.0019623523,0.4,0.0,0.2426544,0.008477143,0.2879303,0.002360312,0.4,0.0,0.22030376,0.007087088
375316653866487564,5316174080773811456,0.57128036,2160.4267518333527,1.8908455634050734,6.645512E-6,11.183184,0.013077671,0.28015622,0.008348221,0.04128149,0.014207739,0.066517316,0.06744416,0.76532793,0.002381434,0.04737773,0.0026341637,0.64151925,0.03902637,0.07761036,0.017884534,0.28015622,0.008348221,"TWOGAUSSIANS_WITH_ELLIPSOIDAL_ON_ECLIPSE1",9,945.68335,0.765938,0.0020657114,0.2653153,0.014751317,0.79545105,0.036190372,0.28015622,0.008348221,0.23117635,0.07956334,0.22173783,0.05681153
375316653866487564,5316177237568629376,0.48674622,2116.9076206909126,4.003097097549818,1.7903314E-5,18.760061,0.0031970749,0.5109861,0.023384726,0.038541283,0.02760685,0.327917,297.19913,0.91023004,0.021915061,0.014091065,0.011346667,0.059948888,0.07247148,null,null,null,null,"TWOGAUSSIANS",8,1.8059864,0.5109861,0.023384726,0.21583119,0.15459836,0.327917,297.19913,0.91023004,0.021915061,0.07890997,0.06354134,0.059948888,0.07247148
375316653866487564,5316177512443306880,0.5298538,2168.1026174733124,0.3455683547137251,5.0949357E-6,12.484074,0.0032671986,0.21973526,0.024771063,0.027654702,0.005041529,0.29104465,0.2445092,0.7075147,0.0011596546,0.028003175,0.0014525496,0.20187514,0.012779177,0.007119063,0.0054155067,0.7075147,0.0011596546,"TWOGAUSSIANS_WITH_ELLIPSOIDAL_ON_ECLIPSE2",9,456.98804,0.21969526,0.024239562,0.15486632,0.028232561,0.30519924,0.24622205,0.7075147,0.0011596546,0.15681778,0.008134278,0.21611325,0.012522917
375316653866487564,5316178341375723264,0.55393547,2199.1861354985476,3.059400347183519,1.6387614E-5,19.071321,0.020762015,0.23523138,0.0077471687,0.08294982,0.008362641,0.474094,0.032775927,0.7325034,0.0035346304,0.06937701,0.0075610923,0.42686164,0.040518288,null,null,null,null,"TWOGAUSSIANS",8,4.0810347,0.23523138,0.0077471687,0.4,0.0,0.47021022,0.0321774,0.7325034,0.0035346304,0.38851127,0.031420924,0.4229779,0.041325442
375316653866487564,5316182292751460992,0.7394035,2188.6113810493493,0.21592936505872226,1.2576551E-5,14.939047,3.2913726E-4,0.6037119,0.0022865168,0.0184485,5.260855E-4,1.0876619,0.13573767,0.9292074,0.009219958,0.016761297,0.0059798355,0.0037834651,0.002416596,3.2234288E-4,4.6540968E-4,0.6037119,0.0022865168,"TWOGAUSSIANS_WITH_ELLIPSOIDAL_ON_ECLIPSE1",9,1.3550488,0.6037119,0.0022865168,0.1033116,0.0029460785,1.0883065,0.13575865,0.9294474,0.009040766,0.093863264,0.033487078,0.003918367,0.002449618
375316653866487564,5316182670708587904,0.52383465,2180.20367336954,1.00754300613588,2.9155633E-5,18.034508,0.0028357797,0.3783288,0.1594143,0.011765514,0.102887966,0.35273692,0.3250477,0.85044426,1.8666044E-5,0.0018258378,1.7073612E-4,0.12388463,0.025154235,null,null,null,null,"TWOGAUSSIANS",8,1.6884525,0.3783288,0.1594143,0.06588688,0.32510045,0.35273692,0.32505193,0.85044426,1.8666044E-5,0.010224692,9.561223E-4,0.12388463,0.024832947
375316653866487564,5316183083025677568,0.59102786,2071.9260775037365,3.3451359487962704,5.0428343E-6,19.446493,0.009372913,0.24532905,0.0011517114,0.036681592,0.0023616161,0.41596887,0.0236699,0.73930866,0.006913972,0.044516236,0.0134656895,0.5223001,0.122252025,0.16403903,0.012908891,0.24532905,0.0011517114,"TWOGAUSSIANS_WITH_ELLIPSOIDAL_ON_ECLIPSE1",9,1.8179368,0.7398487,0.0063204407,0.24929093,0.07540786,0.8499504,0.13493125,0.24532905,0.0011517114,0.2054169,0.01322505,0.7440464,0.019727254
375316653866487564,5316186106682781056,0.63502467,2089.064801529047,0.14532577104884814,1.0018928E-5,12.307227,8.899371E-4,0.14766154,0.00945911,0.008483092,0.009973975,0.2130708,5.852272,0.6483709,9.73256E-5,0.008081658,1.2705571E-4,0.20414267,0.0017598711,0.0022421854,0.0013280892,0.14766154,0.00945911,"TWOGAUSSIANS_WITH_ELLIPSOIDAL_ON_ECLIPSE1",9,74.44906,0.14766154,0.00945911,0.047505315,0.055854257,0.21755517,5.8524194,0.6483709,9.73256E-5,0.045257285,7.11512E-4,0.20862694,0.0015973373
375316653866487564,5316188614943593600,0.57489145,2109.2855019707413,2.7825027411847385,7.613284E-6,16.878609,0.0099869855,0.17903936,0.0029462879,0.09068075,0.0059604514,0.2697828,0.009461418,0.68340373,0.0027165983,0.09180209,0.0044832802,0.2729872,0.011016725,null,null,null,null,"TWOGAUSSIANS",8,9.832522,0.68340373,0.0027165983,0.4,0.0,0.26108018,0.008954633,0.17903936,0.0029462879,0.4,0.0,0.2578759,0.009293613
375316653866487564,5316189577016363264,0.47348112,2120.364054743504,0.46500131048254884,2.9166496E-5,15.312501,0.0014017326,0.12490387,3.506764E-4,0.009029087,9.639207E-4,0.07275479,0.031097354,0.662886,0.0122222435,0.021240667,0.013151643,0.082764305,0.078547105,null,null,null,null,"TWOGAUSSIANS",8,18.211689,0.662886,0.0122222435,0.11894774,0.0736492,0.082764305,0.078547105,0.12490387,3.506764E-4,0.050562885,0.0053979564,0.07275479,0.031097354
375316653866487564,5316189783174827520,0.5717319,2104.859097773029,2.9328537586900985,1.2935138E-5,18.81465,0.0070051393,0.28503096,0.0056558666,0.071678914,0.006320219,0.52667314,0.023068829,0.78414774,0.0020272322,0.07286487,0.0029641085,0.40610066,0.01711791,null,null,null,null,"TWOGAUSSIANS",8,2.7014172,0.28503096,0.0056558666,0.4,0.011114795,0.5243936,0.02349882,0.78414774,0.0020272322,0.4,0.0,0.40382117,0.017337551
