Gaia/vari_eclipsing_binary/VariEclipsingBinary_468902-468924.csv
# %ECSV 1.0
# ---
# delimiter: ','
# meta: !!omap
# - RELEASE: Gaia DR3
# - TABLE: vari_eclipsing_binary
# - DESCRIPTION: >
#     This table describes the properties of the eclipsing binaries resulting from the variability analysis. 
# - CITATION: >
#     How to cite and acknowledge Gaia: 
#     https://gea.esac.esa.int/archive/documentation/credits.html 
# - KNOWN_ISSUES: >
#     Known issues: 
#     https://www.cosmos.esa.int/web/gaia-users/known-issues 
# - DOCUMENTATION: >
#     Tutorials and documentation: 
#     https://www.cosmos.esa.int/web/gaia-users/archive 
# datatype:
# - 
#   name: solution_id
#   datatype: int64
#   description: Solution Identifier
#   meta:
#     ucd: meta.version
# - 
#   name: source_id
#   datatype: int64
#   description: Unique source identifier
#   meta:
#     ucd: meta.id;meta.main
# - 
#   name: global_ranking
#   datatype: float32
#   description: Number between 0 (worst) and 1 (best)
#   meta:
#     ucd: stat.param
# - 
#   name: reference_time
#   datatype: float64
#   unit: d
#   description: Reference time used for the geometric model fit
#   meta:
#     ucd: time.epoch
# - 
#   name: frequency
#   datatype: float64
#   unit: d**-1
#   description: Frequency of geometric model of the eclipsing binary light curve
#   meta:
#     ucd: src.orbital
# - 
#   name: frequency_error
#   datatype: float32
#   unit: d**-1
#   description: "Uncertainty of \\texttt{frequency}"
#   meta:
#     ucd: stat.error
# - 
#   name: geom_model_reference_level
#   datatype: float32
#   unit: mag
#   description: Magnitude reference level of geometric model
#   meta:
#     ucd: phot.mag;em.opt
# - 
#   name: geom_model_reference_level_error
#   datatype: float32
#   unit: mag
#   description: "Uncertainty of \\texttt{geomModelReferenceLevel}"
#   meta:
#     ucd: stat.error;phot.mag;em.opt
# - 
#   name: geom_model_gaussian1_phase
#   datatype: float32
#   description: Phase of the Gaussian 1 component
#   meta:
#     ucd: time.phase
# - 
#   name: geom_model_gaussian1_phase_error
#   datatype: float32
#   description: "Uncertainty of \\texttt{geomModelGaussian1Phase}"
#   meta:
#     ucd: stat.error;time.phase
# - 
#   name: geom_model_gaussian1_sigma
#   datatype: float32
#   description: "Standard deviation [phase] of Gaussian 1 component"
#   meta:
#     ucd: stat.stdev
# - 
#   name: geom_model_gaussian1_sigma_error
#   datatype: float32
#   description: "Uncertainty of \\texttt{geomModelGaussian1Sigma}"
#   meta:
#     ucd: stat.error
# - 
#   name: geom_model_gaussian1_depth
#   datatype: float32
#   unit: mag
#   description: Magnitude depth of Gaussian 1 component
#   meta:
#     ucd: src.var.amplitude
# - 
#   name: geom_model_gaussian1_depth_error
#   datatype: float32
#   unit: mag
#   description: "Uncertainty of \\texttt{geomModelGaussian1Depth}"
#   meta:
#     ucd: stat.error;src.var.amplitude
# - 
#   name: geom_model_gaussian2_phase
#   datatype: float32
#   description: Phase of Gaussian 2 component
#   meta:
#     ucd: time.phase
# - 
#   name: geom_model_gaussian2_phase_error
#   datatype: float32
#   description: "Uncertainty of \\texttt{geomModelGaussian2Phase}"
#   meta:
#     ucd: stat.error;time.phase
# - 
#   name: geom_model_gaussian2_sigma
#   datatype: float32
[...]
#   datatype: float32
#   description: "Secondary eclipse: uncertainty of \\texttt{derivedSecondaryEclDuration}"
#   meta:
#     ucd: stat.error;time.duration
# - 
#   name: derived_secondary_ecl_depth
#   datatype: float32
#   unit: mag
#   description: "Secondary eclipse: depth"
#   meta:
#     ucd: src.var.amplitude
# - 
#   name: derived_secondary_ecl_depth_error
#   datatype: float32
#   unit: mag
#   description: "Secondary eclipse: uncertainty of \\texttt{derivedSecondaryEclDepth}"
#   meta:
#     ucd: stat.error;src.var.amplitude
solution_id,source_id,global_ranking,reference_time,frequency,frequency_error,geom_model_reference_level,geom_model_reference_level_error,geom_model_gaussian1_phase,geom_model_gaussian1_phase_error,geom_model_gaussian1_sigma,geom_model_gaussian1_sigma_error,geom_model_gaussian1_depth,geom_model_gaussian1_depth_error,geom_model_gaussian2_phase,geom_model_gaussian2_phase_error,geom_model_gaussian2_sigma,geom_model_gaussian2_sigma_error,geom_model_gaussian2_depth,geom_model_gaussian2_depth_error,geom_model_cosine_half_period_amplitude,geom_model_cosine_half_period_amplitude_error,geom_model_cosine_half_period_phase,geom_model_cosine_half_period_phase_error,model_type,num_model_parameters,reduced_chi2,derived_primary_ecl_phase,derived_primary_ecl_phase_error,derived_primary_ecl_duration,derived_primary_ecl_duration_error,derived_primary_ecl_depth,derived_primary_ecl_depth_error,derived_secondary_ecl_phase,derived_secondary_ecl_phase_error,derived_secondary_ecl_duration,derived_secondary_ecl_duration_error,derived_secondary_ecl_depth,derived_secondary_ecl_depth_error
[from data line 150]
375316653866487564,4124558696104862592,0.5054162,2345.257959145966,3.4337927263077717,1.9972675E-5,19.024633,0.010554737,0.2979981,0.005147441,0.07978976,0.0079986,0.28733328,0.017442396,0.79219997,0.009450846,0.07548421,0.009621338,0.19041257,0.018050438,null,null,null,null,"TWOGAUSSIANS",8,3.0035374,0.2979981,0.005147441,0.4,0.0,0.2850022,0.017824931,0.79219997,0.009450846,0.4,0.0,0.18808149,0.017599715
375316653866487564,4124558696104877440,0.5150363,2341.854896189825,1.8930597851684356,2.2300994E-5,18.082577,0.002748323,0.2597384,0.00497862,0.055838894,0.005674505,0.22365406,0.031092027,0.75994366,0.007903966,0.053939138,0.0040130774,0.14363788,0.015463506,null,null,null,null,"TWOGAUSSIANS",8,3.2211857,0.2597384,0.00497862,0.3126978,0.03177723,0.22364292,0.031100703,0.75994366,0.007903966,0.30205917,0.022473235,0.14362673,0.015461177
375316653866487564,4124558696123605248,0.5579325,2370.67307194379,3.1691599668130004,1.5937178E-5,19.423374,0.008377699,0.2566427,0.004789982,0.07686935,0.005051707,0.3991621,0.022616124,0.7426178,0.0024103257,0.07217741,0.0032567,0.55311346,0.0172676,null,null,null,null,"TWOGAUSSIANS",8,2.315749,0.7426178,0.0024103257,0.4,0.0010057436,0.5506751,0.017305873,0.2566427,0.004789982,0.4,0.0,0.39672375,0.022824105
375316653866487564,4124558970982881024,0.45222226,2353.6450872906707,0.8713662489076673,3.8525108E-5,16.802504,0.0027554792,0.13093412,0.0032014784,0.036775324,0.008564879,0.031655453,0.0030498512,0.63212895,0.009473073,0.08385598,0.01566218,0.06852635,0.012178714,null,null,null,null,"TWOGAUSSIANS",8,6.2946906,0.63212895,0.009473073,0.4,0.0,0.068508476,0.012231024,0.13093412,0.0032014784,0.20594181,0.04796332,0.03163758,0.0030420064
375316653866487564,4124559142781693440,0.55198365,2360.7345906171267,2.9236076762364642,8.888421E-6,19.382402,0.009482056,0.2580795,0.0029243627,0.07409613,0.003984024,0.40234727,0.011443621,0.7534113,0.003570226,0.07283863,0.0032879806,0.4186837,0.01370279,null,null,null,null,"TWOGAUSSIANS",8,1.7276489,0.7534113,0.003570226,0.4,6.2897574E-4,0.41643175,0.013299845,0.2580795,0.0029243627,0.4,0.0,0.4000953,0.010986155
375316653866487564,4124559486378854784,0.5225569,2345.0900126834877,2.3904852744900675,1.2328529E-5,18.658762,0.023966625,0.2068735,0.002697967,0.09641138,0.0061193747,0.3966854,0.023514053,0.6997286,0.0061897016,0.10003299,0.011414569,0.4017528,0.029522412,null,null,null,null,"TWOGAUSSIANS",8,5.162463,0.6997286,0.0061897016,0.4,0.0,0.37324402,0.027939882,0.2068735,0.002697967,0.4,0.0,0.36817858,0.011684601
375316653866487564,4124559829976432768,0.6101832,2330.9203967611315,2.1061616254183506,6.3301673E-6,17.716341,0.005708478,0.21265164,0.0026253827,0.09093348,0.0033444872,0.2796647,0.007433062,0.7122326,0.001896654,0.08515177,0.002044155,0.41056803,0.00784611,null,null,null,null,"TWOGAUSSIANS",8,3.150055,0.7122326,0.001896654,0.4,0.0,0.39874464,0.0064899055,0.21265164,0.0026253827,0.4,0.0,0.2678412,0.00621623
375316653866487564,4124559864336319872,0.487113,2372.378587252281,0.0398595941580067,2.8715316E-5,18.845877,0.004786217,0.3255254,0.008098629,0.09558252,0.0075220116,0.18802814,0.018044489,0.55944955,0.0029101556,0.015510224,0.0034647158,0.14786448,0.009776915,null,null,null,null,"TWOGAUSSIANS",8,3.2177143,0.3255254,0.008098629,0.4,0.0,0.18802771,0.018044947,0.55944955,0.0029101556,0.08685725,0.019402407,0.15727451,0.008540576
375316653866487564,4124560109174742912,0.47945362,2355.0927726435193,2.7879393156251915,3.7591017E-5,19.457365,0.021653002,0.27426574,0.010093076,0.09195934,0.013647258,0.29377723,0.036186967,0.7874599,0.0063697346,0.08774831,0.011171583,0.26156527,0.022810372,null,null,null,null,"TWOGAUSSIANS",8,3.24744,0.27426574,0.010093076,0.4,0.0,0.2843706,0.03550069,0.7874599,0.0063697346,0.4,0.0,0.25215888,0.018956007
375316653866487564,4124560688970154624,0.5920154,2408.0996602465684,0.9058153839268526,4.3604987E-6,17.58714,0.0027513073,0.2779072,0.0022242272,0.060067717,0.0045321104,0.09598556,0.010489669,0.77404594,9.7481906E-4,0.04731852,0.0013479723,0.4363482,0.014793311,null,null,null,null,"TWOGAUSSIANS",8,2.6387074,0.77404594,9.7481906E-4,0.2649837,0.0075486447,0.43634215,0.014794693,0.2779072,0.0022242272,0.33637923,0.02537982,0.09597951,0.010492212
375316653866487564,4124560933813911040,0.46173885,2384.6704704756844,2.9756175131092877,2.9820072E-5,19.978825,0.01616672,0.29481798,0.072181225,0.0109975785,0.04377852,0.18318368,0.09487973,0.78221655,0.012818289,0.0278156,0.030334136,0.019041989,0.04929275,0.09444649,0.020327425,0.78221655,0.012818289,"TWOGAUSSIANS_WITH_ELLIPSOIDAL_ON_ECLIPSE2",9,2.6286237,0.294698,0.04519729,0.06158644,0.24515972,0.37090617,0.15940383,0.78221655,0.012818289,0.15576737,0.16987117,0.2079347,0.037522193
375316653866487564,4124562029000248960,0.5941541,2354.4497266222493,1.0300952666797885,6.741545E-6,17.336128,0.0046081925,0.21937707,9.406804E-4,0.022941094,0.0011313229,0.5244243,0.008795532,0.72235954,0.0012287762,0.027296681,0.0015563683,0.39682335,0.0269291,null,null,null,null,"TWOGAUSSIANS",8,18.90498,0.21937707,9.406804E-4,0.12847012,0.006335408,0.5244243,0.008795532,0.72235954,0.0012287762,0.15286142,0.008715662,0.39682335,0.0269291
375316653866487564,4124562411282740992,0.4574808,2431.819502316965,3.3611184874948297,4.626815E-5,19.132875,0.021744754,0.24503586,0.010548066,0.063864425,0.015891401,0.41997147,0.0431168,0.7653514,0.00855987,0.054281518,0.006580753,0.43330133,0.032780375,null,null,null,null,"TWOGAUSSIANS",8,17.747995,0.7653514,0.00855987,0.30397648,0.036852214,0.43324915,0.032697532,0.24503586,0.010548066,0.35764077,0.08899185,0.41991928,0.04316995
375316653866487564,4124563300310556800,0.59491473,2319.694179674487,3.9432219741541696,7.9044685E-6,18.121487,0.004713348,0.21225613,0.003330558,0.07328181,0.0028781595,0.48378265,0.011442495,0.7152311,8.4305095E-4,0.07328464,0.0020591067,0.5009537,0.011488633,null,null,null,null,"TWOGAUSSIANS",8,3.8628318,0.7152311,8.4305095E-4,0.4,0.0,0.49822485,0.011846081,0.21225613,0.003330558,0.4,0.0,0.48105383,0.011488392
375316653866487564,4124563987505322496,0.5156737,2278.938988725225,1.0321992151166794,2.5481444E-5,17.820528,0.0033953828,0.21098016,0.07289808,0.08114315,0.054853357,0.020159138,0.027727246,0.6256536,1.0518838E-4,0.016342007,4.876196E-4,1.8952438,0.2528292,null,null,null,null,"TWOGAUSSIANS",8,2.22224,0.6256536,1.0518838E-4,0.091515236,0.0027306697,1.8952439,0.25282845,0.21098016,0.07289808,0.4,0.11947596,0.020159137,0.02772761
375316653866487564,4124564919557693952,0.61244553,2323.630200414176,0.7139645780505456,4.6786054E-6,16.817083,0.0012926139,0.7340409,0.0010116546,0.04609446,0.002008551,0.13432921,0.0039881957,null,null,null,null,null,null,0.023030505,0.0017675534,0.7340409,0.0010116546,"ONEGAUSSIAN_WITH_ELLIPSOIDAL",6,1.8905743,0.7340409,0.0010116546,0.25812897,0.011247886,0.18039016,0.0036325657,null,null,null,null,null,null
375316653866487564,4124564988280650368,0.528334,2361.253426379726,3.7247981613700603,7.726257E-6,19.619646,0.011364244,0.18689446,0.0022977751,0.067499414,0.0033695756,0.5295323,0.01572274,0.6893078,0.006266172,0.067489855,0.00584746,0.41387823,0.019698681,null,null,null,null,"TWOGAUSSIANS",8,2.0616407,0.18689446,0.0022977751,0.3779967,0.018869624,0.5286136,0.015656926,0.6893078,0.006266172,0.3779432,0.032745775,0.41295958,0.019556353
375316653866487564,4124565430614844800,0.5029503,2376.5100806209703,2.7480456625588405,1.343098E-5,19.05684,0.055583633,0.30017227,0.007477986,0.1320144,0.028579304,0.22071514,0.052462827,0.7874032,0.003673048,0.091029264,0.015488935,0.28930476,0.050732404,null,null,null,null,"TWOGAUSSIANS",8,2.6471062,0.7874032,0.003673048,0.4,0.0,0.25555462,0.015039519,0.30017227,0.0074837687,0.4,0.0,0.18660513,0.02315545
375316653866487564,4124565984695828736,0.511605,2407.339987420293,2.9221618099466578,1.7369844E-5,18.531834,0.008898332,0.30467787,0.0053797592,0.084491365,0.0080944495,0.17225952,0.010189495,0.80391747,0.004115467,0.07868386,0.008011501,0.18127272,0.01220055,null,null,null,null,"TWOGAUSSIANS",8,2.8350394,0.80391747,0.004115467,0.4,0.0,0.1780924,0.012219343,0.30467787,0.0053797592,0.4,0.0,0.16907921,0.009048055
375316653866487564,4124566397011204096,0.5282862,2386.039268065741,3.2856359971700466,1.5673048E-5,19.350008,0.011477613,0.21860215,0.004457834,0.075178385,0.007204862,0.4618895,0.045001943,0.71768063,0.00440196,0.08131041,0.0067113372,0.38497272,0.017231578,null,null,null,null,"TWOGAUSSIANS",8,3.1814928,0.21860215,0.004457834,0.4,4.9152204E-6,0.45689127,0.04699581,0.71768063,0.00440196,0.4,0.0,0.37997448,0.017791279
375316653866487564,4124566461420326528,0.5084754,2369.868113148612,0.5891180160088396,1.03407265E-5,18.796974,0.0063058613,0.10673238,0.009120133,0.028410932,0.0054466226,0.61503285,0.1944328,0.61904943,1.4701972E-4,0.017375188,0.0014859828,0.30601943,0.056536123,null,null,null,null,"TWOGAUSSIANS",8,5.7032866,0.10673238,0.009120133,0.15910122,0.030501086,0.61503285,0.1944328,0.61904943,1.4701972E-4,0.09730106,0.008321503,0.30601943,0.056536123
375316653866487564,4124567324721060352,0.42877796,2415.5796696061907,1.6161526176794734,5.8015798E-5,19.159796,0.005770808,0.16852205,0.024561493,0.02742465,0.027309079,0.07295415,0.03901459,0.6442176,0.027836325,0.04438191,0.025815763,0.15978488,0.05834688,null,null,null,null,"TWOGAUSSIANS",8,4.422315,0.6442176,0.027836325,0.24853869,0.14456826,0.15978488,0.05834688,0.16852205,0.024561493,0.15357804,0.15293084,0.07295415,0.039014593
375316653866487564,4124567393440665088,0.50836027,2420.2580826373055,2.195282736131975,2.8159637E-5,18.500797,0.023746923,0.24952045,0.007293514,0.03899124,0.021683812,0.24468428,0.054546013,0.72992855,0.017474491,0.035877127,0.020639524,0.18711136,0.22926773,0.117805734,0.033056226,0.24952045,0.007293514,"TWOGAUSSIANS_WITH_ELLIPSOIDAL_ON_ECLIPSE1",9,17.256332,0.24952045,0.007293514,0.21835093,0.121429354,0.48029575,0.042846758,0.7321386,0.01621918,0.20091191,0.11558133,0.41956905,0.22507463
375316653866487564,4124567595269262080,0.5305471,2422.347051690122,2.499365640154917,1.40445345E-5,18.38185,0.008300524,0.21965191,0.003503978,0.044151347,0.011367386,0.1300783,0.03437668,0.7191636,0.0063055386,0.048721507,0.00731888,0.12329716,0.021605657,0.096287474,0.010647219,0.21965191,0.003503978,"TWOGAUSSIANS_WITH_ELLIPSOIDAL_ON_ECLIPSE1",9,4.9759717,0.21965191,0.003503978,0.24724753,0.06365736,0.32265273,0.03554748,0.71927357,0.005425858,0.27284044,0.04098573,0.3158702,0.013710728
375316653866487564,4124567737037954816,0.5910365,2433.7256517896635,2.3986402885309595,1.1094036E-5,18.228415,0.008422513,0.2383268,0.0018291945,0.048253387,0.00299177,0.26338628,0.022205938,0.7195105,0.005480703,0.04658749,0.0073724785,0.3099422,0.025337825,0.13684478,0.011711413,0.2383268,0.0018291945,"TWOGAUSSIANS_WITH_ELLIPSOIDAL_ON_ECLIPSE1",9,6.181225,0.7219705,0.005246186,0.26088995,0.04128588,0.5803179,0.033492703,0.2383268,0.0018291945,0.27021897,0.016753912,0.5370742,0.01632068
375316653866487564,4124567977556226432,0.52479404,2441.3097821851356,2.5783410861611893,8.315484E-6,18.776737,0.015134054,0.28971577,0.0040909867,0.09338132,0.0077773808,0.2918076,0.015017181,0.78434265,0.0029779472,0.08678092,0.007280447,0.2869934,0.018252369,null,null,null,null,"TWOGAUSSIANS",8,3.5632615,0.28971577,0.0040909867,0.4,0.0,0.28049153,0.0115523925,0.78434265,0.0029779472,0.4,0.0,0.27567768,0.017875336
375316653866487564,4124568733488920064,0.45095348,2412.192377653943,0.15694931408194543,7.7683915E-5,19.756105,0.0072618984,0.29063967,0.012746784,0.0651529,0.020950802,0.22715949,0.037507016,0.7186384,0.017971577,0.044794593,0.02429956,0.094320685,0.019921858,null,null,null,null,"TWOGAUSSIANS",8,2.6417916,0.29063967,0.012746784,0.36485624,0.062255163,0.22715908,0.037520643,0.7186384,0.017971577,0.25084972,0.13607754,0.094320275,0.019925017
375316653866487564,4124568905269442176,0.54437613,2430.027784799351,2.9082172841760476,2.1871445E-5,19.031424,0.007974099,0.21857655,0.00412108,0.0813751,0.0063283257,0.19260466,0.0076834373,0.72109836,0.007841446,0.06419363,0.010031305,0.385225,0.029288905,null,null,null,null,"TWOGAUSSIANS",8,2.5357845,0.72109836,0.007841446,0.35948434,0.05617531,0.3838959,0.030143822,0.21857655,0.00412108,0.4,0.0,0.19127558,0.0067719375
375316653866487564,4124568969659082752,0.4411,2440.1703770411364,1.3052157640045092,2.5445268E-5,18.98724,0.009244545,0.2121632,0.006993882,0.05007121,0.0066843075,0.1595743,0.029047206,null,null,null,null,null,null,0.08311891,0.01597406,0.2121632,0.006993882,"ONEGAUSSIAN_WITH_ELLIPSOIDAL",6,15.193814,0.2121632,0.006993882,0.2803988,0.037432123,0.32581124,0.024364695,null,null,null,null,null,null
375316653866487564,4124570451457522304,0.5168239,2359.6889433381625,2.3595150589755747,2.193148E-5,18.724342,0.06509243,0.20720538,0.004210254,0.089164115,0.01335567,0.6423165,0.057912298,0.7191693,0.0031433476,0.08756974,0.011521111,0.5547474,0.058448568,null,null,null,null,"TWOGAUSSIANS",8,17.322311,0.20720538,0.004210254,0.4,0.0,0.62433106,0.03903087,0.7191693,0.0031433476,0.4,0.0,0.53676206,0.042275906
375316653866487564,4124570825085124736,0.5313266,2443.1422275158607,2.878119845764247,1.4984054E-5,19.18382,0.018257404,0.19656281,0.004787343,0.06123768,0.023455368,0.14255312,0.039093144,0.70175296,0.0040094513,0.043814562,0.0055569955,0.22408156,0.04538409,0.14424127,0.024186,0.19656281,0.004787343,"TWOGAUSSIANS_WITH_ELLIPSOIDAL_ON_ECLIPSE1",9,6.2419944,0.70175296,0.0040094513,0.24536154,0.031119175,0.5122227,0.019100463,0.19656281,0.004787343,0.342931,0.13135007,0.43100095,0.025905516
375316653866487564,4124571374841024896,0.57181287,2424.2987469381615,2.691125628937869,2.167132E-5,16.876055,0.055695534,0.27988702,0.004191494,0.06688216,0.012124148,0.30941144,0.11653113,0.7784222,0.0034858102,0.069759734,0.011086107,0.2714946,0.1121438,0.08015801,0.057399783,0.27988702,0.004191494,"TWOGAUSSIANS_WITH_ELLIPSOIDAL_ON_ECLIPSE1",9,33.11454,0.27988702,0.004191494,0.37454012,0.06299865,0.46903253,0.016719585,0.7786922,0.0025387998,0.39065453,0.046197183,0.43110463,0.012255341
375316653866487564,4124571379170788224,0.467396,2468.1118784629,1.8802268475971327,4.7287584E-5,18.914286,0.15441102,0.23639275,0.014919275,0.12103286,0.045575134,0.14734782,0.14246784,0.7078664,0.009247369,0.13497762,0.05377271,0.19970347,0.14943549,null,null,null,null,"TWOGAUSSIANS",8,2.8979688,0.7078664,0.009247369,0.4,0.0,0.15884092,0.013149664,0.23730275,0.013560468,0.4,0.0,0.10694523,0.015419054
375316653866487564,4124572336919981568,0.57518834,2393.610075525243,1.547551500526988,1.41946675E-5,13.067431,0.0021123383,0.26094794,0.0027087114,0.06852653,0.014429004,0.03859103,0.006248689,null,null,null,null,null,null,0.054755267,0.0024071457,0.26094794,0.0027087114,"ONEGAUSSIAN_WITH_ELLIPSOIDAL",6,39.601006,0.26094794,0.0027087114,0.38374856,0.070389844,0.14805196,0.0056264275,null,null,null,null,null,null
375316653866487564,4124572611801357696,0.4256093,2422.6714997715158,0.9673692780081089,4.0513052E-5,17.784931,0.0056544975,0.37897414,0.015668679,0.033804692,0.011834881,0.027181149,0.006906931,0.78686243,0.016309809,0.065691836,0.029801918,0.09007228,0.016161516,null,null,null,null,"TWOGAUSSIANS",8,8.014247,0.78686243,0.016309809,0.3678743,0.16254066,0.090072274,0.01616152,0.37897414,0.015668679,0.18930627,0.066275336,0.027181147,0.0069069187
