Gaia/vari_eclipsing_binary/VariEclipsingBinary_482496-482734.csv
# %ECSV 1.0
# ---
# delimiter: ','
# meta: !!omap
# - RELEASE: Gaia DR3
# - TABLE: vari_eclipsing_binary
# - DESCRIPTION: >
#     This table describes the properties of the eclipsing binaries resulting from the variability analysis. 
# - CITATION: >
#     How to cite and acknowledge Gaia: 
#     https://gea.esac.esa.int/archive/documentation/credits.html 
# - KNOWN_ISSUES: >
#     Known issues: 
#     https://www.cosmos.esa.int/web/gaia-users/known-issues 
# - DOCUMENTATION: >
#     Tutorials and documentation: 
#     https://www.cosmos.esa.int/web/gaia-users/archive 
# datatype:
# - 
#   name: solution_id
#   datatype: int64
#   description: Solution Identifier
#   meta:
#     ucd: meta.version
# - 
#   name: source_id
#   datatype: int64
#   description: Unique source identifier
#   meta:
#     ucd: meta.id;meta.main
# - 
#   name: global_ranking
#   datatype: float32
#   description: Number between 0 (worst) and 1 (best)
#   meta:
#     ucd: stat.param
# - 
#   name: reference_time
#   datatype: float64
#   unit: d
#   description: Reference time used for the geometric model fit
#   meta:
#     ucd: time.epoch
# - 
#   name: frequency
#   datatype: float64
#   unit: d**-1
#   description: Frequency of geometric model of the eclipsing binary light curve
#   meta:
#     ucd: src.orbital
# - 
#   name: frequency_error
#   datatype: float32
#   unit: d**-1
#   description: "Uncertainty of \\texttt{frequency}"
#   meta:
#     ucd: stat.error
# - 
#   name: geom_model_reference_level
#   datatype: float32
#   unit: mag
#   description: Magnitude reference level of geometric model
#   meta:
#     ucd: phot.mag;em.opt
# - 
#   name: geom_model_reference_level_error
#   datatype: float32
#   unit: mag
#   description: "Uncertainty of \\texttt{geomModelReferenceLevel}"
#   meta:
#     ucd: stat.error;phot.mag;em.opt
# - 
#   name: geom_model_gaussian1_phase
#   datatype: float32
#   description: Phase of the Gaussian 1 component
#   meta:
#     ucd: time.phase
# - 
#   name: geom_model_gaussian1_phase_error
#   datatype: float32
#   description: "Uncertainty of \\texttt{geomModelGaussian1Phase}"
#   meta:
#     ucd: stat.error;time.phase
# - 
#   name: geom_model_gaussian1_sigma
#   datatype: float32
#   description: "Standard deviation [phase] of Gaussian 1 component"
#   meta:
#     ucd: stat.stdev
# - 
#   name: geom_model_gaussian1_sigma_error
#   datatype: float32
#   description: "Uncertainty of \\texttt{geomModelGaussian1Sigma}"
#   meta:
#     ucd: stat.error
# - 
#   name: geom_model_gaussian1_depth
#   datatype: float32
#   unit: mag
#   description: Magnitude depth of Gaussian 1 component
#   meta:
#     ucd: src.var.amplitude
# - 
#   name: geom_model_gaussian1_depth_error
#   datatype: float32
#   unit: mag
#   description: "Uncertainty of \\texttt{geomModelGaussian1Depth}"
#   meta:
#     ucd: stat.error;src.var.amplitude
# - 
#   name: geom_model_gaussian2_phase
#   datatype: float32
#   description: Phase of Gaussian 2 component
#   meta:
#     ucd: time.phase
# - 
#   name: geom_model_gaussian2_phase_error
#   datatype: float32
#   description: "Uncertainty of \\texttt{geomModelGaussian2Phase}"
#   meta:
#     ucd: stat.error;time.phase
# - 
#   name: geom_model_gaussian2_sigma
#   datatype: float32
[...]
#   datatype: float32
#   description: "Secondary eclipse: uncertainty of \\texttt{derivedSecondaryEclDuration}"
#   meta:
#     ucd: stat.error;time.duration
# - 
#   name: derived_secondary_ecl_depth
#   datatype: float32
#   unit: mag
#   description: "Secondary eclipse: depth"
#   meta:
#     ucd: src.var.amplitude
# - 
#   name: derived_secondary_ecl_depth_error
#   datatype: float32
#   unit: mag
#   description: "Secondary eclipse: uncertainty of \\texttt{derivedSecondaryEclDepth}"
#   meta:
#     ucd: stat.error;src.var.amplitude
solution_id,source_id,global_ranking,reference_time,frequency,frequency_error,geom_model_reference_level,geom_model_reference_level_error,geom_model_gaussian1_phase,geom_model_gaussian1_phase_error,geom_model_gaussian1_sigma,geom_model_gaussian1_sigma_error,geom_model_gaussian1_depth,geom_model_gaussian1_depth_error,geom_model_gaussian2_phase,geom_model_gaussian2_phase_error,geom_model_gaussian2_sigma,geom_model_gaussian2_sigma_error,geom_model_gaussian2_depth,geom_model_gaussian2_depth_error,geom_model_cosine_half_period_amplitude,geom_model_cosine_half_period_amplitude_error,geom_model_cosine_half_period_phase,geom_model_cosine_half_period_phase_error,model_type,num_model_parameters,reduced_chi2,derived_primary_ecl_phase,derived_primary_ecl_phase_error,derived_primary_ecl_duration,derived_primary_ecl_duration_error,derived_primary_ecl_depth,derived_primary_ecl_depth_error,derived_secondary_ecl_phase,derived_secondary_ecl_phase_error,derived_secondary_ecl_duration,derived_secondary_ecl_duration_error,derived_secondary_ecl_depth,derived_secondary_ecl_depth_error
[from data line 146]
375316653866487564,4244601833726889088,0.48058292,2228.930216933139,2.9367665802735488,3.9422055E-5,16.27061,0.10987532,0.29860252,0.0057295403,0.23596749,0.04708086,0.65102214,0.11403175,0.79758674,0.005375011,0.15941682,0.023430273,0.5170162,0.09512706,null,null,null,null,"TWOGAUSSIANS",8,29.17146,0.29890254,0.0062346086,0.4,0.0,0.13435288,0.011985598,0.79758674,0.005229956,0.4,0.0,0.1305575,0.008942083
375316653866487564,4244602619703229312,0.57463646,2235.8871344319878,4.090074066602735,1.4472116E-5,19.303398,0.0116791455,0.2810607,0.0032927927,0.06407278,0.0032667618,0.6241295,0.04175913,0.7802463,0.010566048,0.06443615,0.006336244,0.5810895,0.032075692,null,null,null,null,"TWOGAUSSIANS",8,2.7201257,0.2810607,0.0032927927,0.3588076,0.018293865,0.6235229,0.04182739,0.7802463,0.010566048,0.36084244,0.035482965,0.5804829,0.031825766
375316653866487564,4244605235341109632,0.44631535,2243.799999787331,3.4733295391832764,3.2555847E-5,15.07632,0.099189155,0.24436502,0.0075405007,0.13615113,0.020304013,0.33477512,0.09266449,0.7412975,0.008669746,0.2838878,0.0368654,0.51905894,0.100213066,null,null,null,null,"TWOGAUSSIANS",8,188.90788,0.24579503,0.008380166,0.4,0.0,0.12840159,0.006843241,0.7412975,0.008669746,0.4,0.0,0.09542047,0.009190786
375316653866487564,4244608873175241728,0.57885236,2229.4952501245157,1.4772198789551012,6.8783934E-6,16.13439,0.00257097,0.16283284,0.008346129,0.0390701,0.010338393,0.019893827,0.015605816,0.644463,0.008822824,0.039492182,0.004705355,0.21911487,0.028162286,0.025337895,0.004177153,0.16283284,0.008346129,"TWOGAUSSIANS_WITH_ELLIPSOIDAL_ON_ECLIPSE1",9,4.8026733,0.64496297,0.008584072,0.22115622,0.026349988,0.2691369,0.027851073,0.16283284,0.008346129,0.21879256,0.057895005,0.070569605,0.011153958
375316653866487564,4244609736466526592,0.5506716,2204.890736180812,2.5094844745589184,1.3691762E-5,12.8505125,0.18940273,0.29479364,0.0047581336,0.24788706,0.049981993,0.8178334,0.18428892,0.7925512,0.0044390517,0.16757701,0.024637492,0.6269399,0.18357745,null,null,null,null,"TWOGAUSSIANS",8,145.13913,0.7925512,0.0044390517,0.4,0.0,0.13902536,0.008237607,0.29581365,0.0046438216,0.4,0.0,0.13109873,0.008033532
375316653866487564,4244619352896262912,0.4802762,2229.7631567376443,1.3439292913742116,2.452601E-5,17.289923,0.016684858,0.2032851,0.022174833,0.04874979,0.09806085,0.07461411,0.036678154,0.72155595,0.01917855,0.045547567,0.019750291,0.10829993,0.13705476,0.057484463,0.014688571,0.2032851,0.022174833,"TWOGAUSSIANS_WITH_ELLIPSOIDAL_ON_ECLIPSE1",9,20.59543,0.72155595,0.01917855,0.25506637,0.110601634,0.22176006,0.1427037,0.2032851,0.022174833,0.27299884,0.18996695,0.18958277,0.025710745
375316653866487564,4244622312130836096,0.4698325,2227.060429709256,2.8854912509284483,4.927986E-5,15.054256,0.0060477997,0.13317879,0.00915903,0.062488798,0.012101349,0.19104029,0.015397843,0.6149554,0.012750865,0.047465064,0.008129363,0.17808187,0.065674506,null,null,null,null,"TWOGAUSSIANS",8,114.63595,0.13317879,0.00915903,0.34993726,0.061217427,0.19103478,0.015393586,0.6149554,0.012750865,0.26580438,0.045524433,0.17807636,0.065680444
375316653866487564,4244622513992281984,0.4755079,2230.6654124155225,0.9692947467359606,3.313591E-5,15.989912,0.89635116,0.24664049,0.013701649,0.11250925,0.0712161,0.22886239,0.46692052,0.75339085,0.009324427,0.16107768,0.1860186,0.27919373,0.8889892,null,null,null,null,"TWOGAUSSIANS",8,82.50771,0.7534109,0.009257653,0.4,0.0,0.18820567,0.012891727,0.2460305,0.013043077,0.4,0.0,0.14240213,0.025904274
375316653866487564,4244624850455035008,0.49391866,2235.3559470749483,3.588067993510842,9.5733085E-6,15.656765,0.005768521,0.1820694,0.028101876,0.02997012,0.021522705,0.089176096,0.092635624,0.49526745,0.0049780933,0.0130214635,0.0039199847,0.41128042,3.6808603,0.0062235966,0.007867635,0.49526745,0.0049780933,"TWOGAUSSIANS_WITH_ELLIPSOIDAL_ON_ECLIPSE2",9,148.20906,0.49526745,0.0049780933,0.072920196,0.021951914,0.4237275,3.680408,0.1814994,0.027932664,0.16783267,0.12052714,0.09105339,0.092919014
375316653866487564,4244626808959313152,0.51187974,2247.3022867601035,3.8555417481034295,1.2682161E-5,19.232159,0.01668972,0.32954347,0.0061520757,0.08482094,0.00900929,0.27593663,0.019492593,0.84446275,0.004517738,0.076750845,0.0077184183,0.21083844,0.016497828,null,null,null,null,"TWOGAUSSIANS",8,1.8136976,0.32954347,0.0061520757,0.4,0.0,0.2729154,0.018278314,0.84446275,0.004517738,0.4,0.0,0.20781721,0.014028358
375316653866487564,4244629111062072832,0.53170913,2248.8312381995147,1.696270895388329,1.1410328E-5,18.74225,0.009351124,0.3432848,0.07936099,0.097437195,0.0799897,0.06374645,0.06395391,0.7885801,0.0012804198,0.031135881,0.0026512777,0.5485252,0.04371591,null,null,null,null,"TWOGAUSSIANS",8,6.6883254,0.7885801,0.0012804198,0.17436093,0.014847155,0.54851097,0.043725904,0.3432848,0.07936099,0.4,0.20770775,0.063730344,0.06391308
375316653866487564,4244642545720475776,0.575454,2251.813846869387,2.9991661688901226,7.220521E-6,16.37326,0.013509916,0.1801458,0.002980953,0.05798068,0.0075922227,0.24318148,0.034802064,0.69016016,0.003737915,0.03891675,0.0073042423,0.16250315,0.03492218,0.09169147,0.023549473,0.1801458,0.002980953,"TWOGAUSSIANS_WITH_ELLIPSOIDAL_ON_ECLIPSE1",9,34.261086,0.1801458,0.002980953,0.3246918,0.042516448,0.4265421,0.016588207,0.69016016,0.003737915,0.2179338,0.04090376,0.3451387,0.021149205
375316653866487564,4244643610870732800,0.5103893,2194.919810444969,3.2271008043288663,3.667863E-5,18.693823,0.01596555,0.22101635,0.01490767,0.06847061,0.023931531,0.116247386,0.016979247,0.6920676,0.0044779875,0.10780892,0.007807615,0.35909063,0.017827287,null,null,null,null,"TWOGAUSSIANS",8,5.425319,0.6920676,0.0044779875,0.4,0.0,0.35411373,0.015182,0.22105636,0.014965615,0.3834354,0.11885589,0.11129832,0.017138615
375316653866487564,4244656981102651648,0.57490516,2203.7064780644037,3.151354735233148,5.957696E-6,17.806171,0.0052439724,0.23180822,0.0015770512,0.08298693,0.002243914,0.29759133,0.0063538896,0.72058314,0.0022177729,0.08698052,0.0026166588,0.32774118,0.0072194566,null,null,null,null,"TWOGAUSSIANS",8,3.557164,0.72058314,0.0022177729,0.4,0.0,0.3209572,0.006752935,0.23180822,0.0015770512,0.4,0.0,0.29080743,0.00571459
375316653866487564,4244661890251728768,0.53773385,2201.675919774656,3.3400939401868857,2.0993135E-5,16.68772,0.05344615,0.19842707,0.0036279284,0.12304804,0.022827592,0.18407479,0.05120046,0.6841286,0.0019247878,0.12666336,0.020325728,0.21379782,0.051603112,null,null,null,null,"TWOGAUSSIANS",8,7.978908,0.6841286,0.0019247878,0.4,0.0,0.16630344,0.007936427,0.19862707,0.0036607538,0.4,0.0,0.13666822,0.009488376
375316653866487564,4244664192354379520,0.52894616,2222.814707671352,2.0470659466386056,1.0407631E-5,19.516977,0.0057769455,0.22846052,0.0040503447,0.035761088,0.005485014,0.18355663,0.022096487,0.7314695,0.0012712056,0.025954416,0.0020216398,0.6432144,0.029802863,0.044118136,0.009882206,0.22846052,0.0040503447,"TWOGAUSSIANS_WITH_ELLIPSOIDAL_ON_ECLIPSE1",9,1.9176588,0.7314695,0.0012712056,0.14534473,0.011321182,0.73141915,0.02790005,0.22846052,0.0040503447,0.2002621,0.030716078,0.2717929,0.018301181
375316653866487564,4244665532384124800,0.509322,2212.8517125454373,0.9796352288715185,1.1424025E-5,17.871735,0.0037805042,0.20083803,0.0023667107,0.029287405,0.0029080173,0.29954296,0.011030293,0.6987994,0.0018324247,0.023179594,0.0021026025,0.21461971,0.010085051,0.010290464,0.0062243156,0.20083803,0.0023667107,"TWOGAUSSIANS_WITH_ELLIPSOIDAL_ON_ECLIPSE1",9,8.757734,0.20083803,0.0023667107,0.16400947,0.016284898,0.32012388,0.010100225,0.6988094,0.0018264366,0.12980573,0.011774574,0.23519726,0.0070062215
375316653866487564,4244674813810282496,0.61614573,2223.561352626876,3.3127835017619476,1.046898E-5,13.491118,0.0077643953,0.27585003,0.0016204601,0.05214959,0.0027130647,0.28615934,0.02008553,0.7879727,0.0021608064,0.043609668,0.0042608595,0.1938531,0.017254347,0.11089752,0.009201433,0.27585003,0.0016204601,"TWOGAUSSIANS_WITH_ELLIPSOIDAL_ON_ECLIPSE1",9,319.00778,0.27585003,0.0016204601,0.29203773,0.0151931625,0.5079511,0.009038339,0.7879727,0.0021608064,0.24421413,0.023860812,0.41436052,0.005969225
375316653866487564,4244678318503730304,0.4572839,2212.098948895141,0.16049851428907905,3.8115104E-5,19.68031,0.011803693,0.12938125,0.012008195,0.08821151,0.017942404,0.24483776,0.032935385,0.8243799,0.022688758,0.067027874,0.022951093,0.19114158,0.03140371,null,null,null,null,"TWOGAUSSIANS",8,2.4503949,0.12937124,0.0119786495,0.4,0.0,0.24482448,0.03297807,0.82495993,0.022682132,0.3753561,0.11773687,0.19174998,0.031881016
375316653866487564,4244679143137457280,0.59641683,2217.7621628156808,3.0414326612353357,1.8362303E-5,15.057777,0.00917112,0.19557416,0.0012096881,0.08737357,0.0030307313,0.40512252,0.010450531,0.69859195,0.0017459007,0.08514823,0.0037326966,0.41011205,0.012995104,null,null,null,null,"TWOGAUSSIANS",8,92.380974,0.69859195,0.0017459007,0.4,0.0,0.39849228,0.013359438,0.19557416,0.0012096881,0.4,0.0,0.39350268,0.00990264
375316653866487564,4244687733072580096,0.51206833,2234.3961530128486,2.640988124235072,2.8186098E-5,16.893818,0.0024969245,0.2051164,0.008743527,0.016263228,0.012205111,0.19928576,358.73605,0.52584493,0.004741322,0.0074022817,0.00605115,1.0769587,246692.73,0.011164709,0.0043858425,0.2051164,0.008743527,"TWOGAUSSIANS_WITH_ELLIPSOIDAL_ON_ECLIPSE1",9,25.828985,0.52585495,0.004744008,0.04145278,0.033886444,1.0810858,246692.73,0.2051164,0.008743527,0.09107408,0.06834862,0.22161515,358.73502
375316653866487564,4244688282828070016,0.5462202,2228.1265652061693,3.1212639718534114,2.1508687E-5,14.154385,0.07738263,0.28358835,0.004271491,0.12445095,0.02520869,0.27492085,0.071405776,0.7701957,0.0031700234,0.118636794,0.018382654,0.29896253,0.074911125,null,null,null,null,"TWOGAUSSIANS",8,202.61644,0.7701957,0.0031700234,0.4,0.0,0.23762383,0.010425014,0.28366834,0.0042830133,0.4,0.0,0.21348724,0.0116912285
375316653866487564,4244705290898611840,0.45748597,2218.1559218675616,1.1173648889232448,4.291777E-5,15.427231,0.001690019,null,null,null,null,null,null,null,null,null,null,null,null,0.021418262,0.0032855838,0.17405628,0.0065492042,"ELLIPSOIDAL",4,21.409292,null,null,null,null,null,null,null,null,null,null,null,null
375316653866487564,4244712021108995712,0.59920615,2234.2852227722915,3.801797919819514,6.4648616E-6,19.099817,0.022768827,0.2530077,0.0026785966,0.03830889,0.005731407,0.44812095,0.046274096,0.76207376,0.021840353,0.038994517,0.02713822,0.49080962,0.26808804,0.15716654,0.02774282,0.2530077,0.0026785966,"TWOGAUSSIANS_WITH_ELLIPSOIDAL_ON_ECLIPSE1",9,3.5882542,0.76207376,0.02080954,0.2183693,0.15197404,0.8041238,0.29652786,0.2530077,0.0026785966,0.21452978,0.03209588,0.76245403,0.018286962
375316653866487564,4244715663242768896,0.4710598,2388.2008095998954,0.004695118889875573,2.2775084E-6,18.914799,0.011371462,0.18169042,0.009691155,0.029076207,0.025096206,0.37485555,null,0.41934803,2.6202813E-4,0.0125811035,0.002865677,0.58066124,0.29555684,0.067543976,0.018516455,0.18169042,0.009691155,"TWOGAUSSIANS_WITH_ELLIPSOIDAL_ON_ECLIPSE1",9,11.9887085,0.41934803,2.6202813E-4,0.07045418,0.01604779,0.5814717,0.29544905,0.18169042,0.009691155,0.16282676,0.14053875,0.5099432,null
375316653866487564,4244719580253256192,0.45870435,2186.8119663007074,3.275828190710947,4.7225312E-5,18.067612,0.0057049156,0.2530854,0.0066401483,0.08099261,0.011588006,0.16031788,0.007646552,0.7161657,0.034321737,0.09665827,0.034014244,0.054154802,0.016284175,null,null,null,null,"TWOGAUSSIANS",8,9.009623,0.2530854,0.0066399113,0.4,0.0,0.15852392,0.008345842,0.7161657,0.034321737,0.4,0.018330647,0.052360285,0.015725888
375316653866487564,4244719618909162752,0.5019171,2208.615665021988,3.5611920140560462,1.907237E-5,15.165003,0.19239275,0.23644024,0.0039777933,0.17096736,0.027702242,0.97956145,0.45110023,0.7294227,0.00578368,0.27747583,0.053172182,1.5662365,0.17739373,null,null,null,null,"TWOGAUSSIANS",8,36.527588,0.7294227,0.00578368,0.4,0.0,0.1990378,0.012271686,0.24461024,0.004561173,0.4,0.0,0.1989274,0.011273689
375316653866487564,4244734011344075392,0.50652695,2235.161425619245,3.9680451044657694,2.0703546E-5,19.75593,0.014346569,0.27836686,0.0069113607,0.08338813,0.006596587,0.5401647,0.060266465,0.7894113,0.003522278,0.07366849,0.006052031,0.4648717,0.03187614,null,null,null,null,"TWOGAUSSIANS",8,1.9190122,0.27836686,0.0069113607,0.4,0.0,0.53511673,0.06097596,0.7894113,0.003522278,0.4,0.002909406,0.45982373,0.033079155
375316653866487564,4244734767258099840,0.55756426,2202.4820393761734,4.739605973147261,8.774033E-6,18.745846,0.008195698,0.2683597,0.003135607,0.08001329,0.0041499427,0.37666914,0.013009583,0.7691383,0.0021027492,0.08465663,0.00364605,0.31513527,0.00862443,null,null,null,null,"TWOGAUSSIANS",8,2.2831314,0.2683597,0.003135607,0.4,0.0,0.36993313,0.012854577,0.7691383,0.0021027492,0.4,0.0,0.30839926,0.0072957375
375316653866487564,4244739852499463424,0.43326563,2210.3384594500894,0.20073044847657723,4.532606E-5,19.284866,0.01513709,0.5250106,0.022818388,0.14677826,0.022330305,0.124314055,0.024198866,0.96013427,0.0013157631,0.0045383563,0.0028846904,0.758334,1.72332832E8,null,null,null,null,"TWOGAUSSIANS",8,10.559551,0.96013427,0.0013157631,0.025414795,0.016154267,0.75919366,1.72332832E8,0.5250106,0.022818388,0.4,0.0,0.12356291,0.024031635
375316653866487564,4244743911244237952,0.5641882,2204.3132605160295,0.3351863170796356,8.460492E-6,11.019951,0.0033676506,0.25154915,0.0013921503,0.035688467,0.0018429996,0.20544107,0.0053800526,0.75784385,0.0060361335,0.025776727,0.0062417784,0.033589132,0.0067798984,0.015872654,0.0034573688,0.25154915,0.0013921503,"TWOGAUSSIANS_WITH_ELLIPSOIDAL_ON_ECLIPSE1",9,85.25737,0.25154915,0.0013921503,0.19985543,0.010320798,0.23718637,0.005934695,0.75784385,0.0060361335,0.14434968,0.03495396,0.0652848,0.0027788046
375316653866487564,4244747961395477376,0.6424431,2215.1620596648904,2.0641950184272297,5.6774047E-6,16.876675,0.003498546,0.21233958,0.0018402219,0.04736001,0.0042637307,0.057092022,0.008255553,0.71039635,7.4446184E-4,0.052775458,0.0010253704,0.4352347,0.010131616,0.0416081,0.0044255825,0.21233958,0.0018402219,"TWOGAUSSIANS_WITH_ELLIPSOIDAL_ON_ECLIPSE1",9,3.390254,0.71047634,7.133218E-4,0.29554257,0.005742074,0.5184334,0.0074553904,0.21233958,0.0018402219,0.26521605,0.023876892,0.14030264,0.0025455898
375316653866487564,4244752806118108416,0.55880004,2239.8158486661587,0.15641663472076492,1.4407964E-6,18.673466,0.002654493,0.2911398,0.06267878,0.036688667,0.05220551,0.06480443,0.05829645,0.7470782,6.7617852E-6,0.0029633185,3.0264795E-5,2.8331153,0.09125001,null,null,null,null,"TWOGAUSSIANS",8,1.489459,0.7470782,6.7617852E-6,0.016594583,1.6948285E-4,2.8331153,0.09125,0.2911398,0.06267878,0.20545653,0.26664498,0.06480443,0.05829645
375316653866487564,4244753497609700608,0.4330869,2186.3505885807995,0.7306709641850334,8.465318E-5,19.308197,0.008926732,0.1786187,0.006300306,0.022427151,0.005667575,0.18674311,0.05315247,0.65541804,0.019108076,0.075740166,0.029600402,0.18023503,0.058013666,null,null,null,null,"TWOGAUSSIANS",8,5.7016954,0.1786187,0.006300306,0.12559204,0.031738423,0.1867429,0.05315232,0.65541804,0.019108076,0.4,0.056062367,0.18023482,0.058020458
375316653866487564,4244756310811824896,0.5537763,2218.1502296308827,3.684555856089896,1.4507227E-5,18.517254,0.007098108,0.29351494,0.0028992242,0.07552931,0.0044372897,0.4521613,0.030447219,0.801413,0.0027310941,0.06826186,0.0032051478,0.42561725,0.016801495,null,null,null,null,"TWOGAUSSIANS",8,4.651965,0.29351494,0.0028992242,0.4,0.0,0.45044687,0.030961866,0.801413,0.0027310941,0.38226643,0.017948827,0.42390284,0.016875919
