Gaia/vari_eclipsing_binary/VariEclipsingBinary_466654-466671.csv
# %ECSV 1.0
# ---
# delimiter: ','
# meta: !!omap
# - RELEASE: Gaia DR3
# - TABLE: vari_eclipsing_binary
# - DESCRIPTION: >
#     This table describes the properties of the eclipsing binaries resulting from the variability analysis. 
# - CITATION: >
#     How to cite and acknowledge Gaia: 
#     https://gea.esac.esa.int/archive/documentation/credits.html 
# - KNOWN_ISSUES: >
#     Known issues: 
#     https://www.cosmos.esa.int/web/gaia-users/known-issues 
# - DOCUMENTATION: >
#     Tutorials and documentation: 
#     https://www.cosmos.esa.int/web/gaia-users/archive 
# datatype:
# - 
#   name: solution_id
#   datatype: int64
#   description: Solution Identifier
#   meta:
#     ucd: meta.version
# - 
#   name: source_id
#   datatype: int64
#   description: Unique source identifier
#   meta:
#     ucd: meta.id;meta.main
# - 
#   name: global_ranking
#   datatype: float32
#   description: Number between 0 (worst) and 1 (best)
#   meta:
#     ucd: stat.param
# - 
#   name: reference_time
#   datatype: float64
#   unit: d
#   description: Reference time used for the geometric model fit
#   meta:
#     ucd: time.epoch
# - 
#   name: frequency
#   datatype: float64
#   unit: d**-1
#   description: Frequency of geometric model of the eclipsing binary light curve
#   meta:
#     ucd: src.orbital
# - 
#   name: frequency_error
#   datatype: float32
#   unit: d**-1
#   description: "Uncertainty of \\texttt{frequency}"
#   meta:
#     ucd: stat.error
# - 
#   name: geom_model_reference_level
#   datatype: float32
#   unit: mag
#   description: Magnitude reference level of geometric model
#   meta:
#     ucd: phot.mag;em.opt
# - 
#   name: geom_model_reference_level_error
#   datatype: float32
#   unit: mag
#   description: "Uncertainty of \\texttt{geomModelReferenceLevel}"
#   meta:
#     ucd: stat.error;phot.mag;em.opt
# - 
#   name: geom_model_gaussian1_phase
#   datatype: float32
#   description: Phase of the Gaussian 1 component
#   meta:
#     ucd: time.phase
# - 
#   name: geom_model_gaussian1_phase_error
#   datatype: float32
#   description: "Uncertainty of \\texttt{geomModelGaussian1Phase}"
#   meta:
#     ucd: stat.error;time.phase
# - 
#   name: geom_model_gaussian1_sigma
#   datatype: float32
#   description: "Standard deviation [phase] of Gaussian 1 component"
#   meta:
#     ucd: stat.stdev
# - 
#   name: geom_model_gaussian1_sigma_error
#   datatype: float32
#   description: "Uncertainty of \\texttt{geomModelGaussian1Sigma}"
#   meta:
#     ucd: stat.error
# - 
#   name: geom_model_gaussian1_depth
#   datatype: float32
#   unit: mag
#   description: Magnitude depth of Gaussian 1 component
#   meta:
#     ucd: src.var.amplitude
# - 
#   name: geom_model_gaussian1_depth_error
#   datatype: float32
#   unit: mag
#   description: "Uncertainty of \\texttt{geomModelGaussian1Depth}"
#   meta:
#     ucd: stat.error;src.var.amplitude
# - 
#   name: geom_model_gaussian2_phase
#   datatype: float32
#   description: Phase of Gaussian 2 component
#   meta:
#     ucd: time.phase
# - 
#   name: geom_model_gaussian2_phase_error
#   datatype: float32
#   description: "Uncertainty of \\texttt{geomModelGaussian2Phase}"
#   meta:
#     ucd: stat.error;time.phase
# - 
#   name: geom_model_gaussian2_sigma
#   datatype: float32
[...]
#   datatype: float32
#   description: "Secondary eclipse: uncertainty of \\texttt{derivedSecondaryEclDuration}"
#   meta:
#     ucd: stat.error;time.duration
# - 
#   name: derived_secondary_ecl_depth
#   datatype: float32
#   unit: mag
#   description: "Secondary eclipse: depth"
#   meta:
#     ucd: src.var.amplitude
# - 
#   name: derived_secondary_ecl_depth_error
#   datatype: float32
#   unit: mag
#   description: "Secondary eclipse: uncertainty of \\texttt{derivedSecondaryEclDepth}"
#   meta:
#     ucd: stat.error;src.var.amplitude
solution_id,source_id,global_ranking,reference_time,frequency,frequency_error,geom_model_reference_level,geom_model_reference_level_error,geom_model_gaussian1_phase,geom_model_gaussian1_phase_error,geom_model_gaussian1_sigma,geom_model_gaussian1_sigma_error,geom_model_gaussian1_depth,geom_model_gaussian1_depth_error,geom_model_gaussian2_phase,geom_model_gaussian2_phase_error,geom_model_gaussian2_sigma,geom_model_gaussian2_sigma_error,geom_model_gaussian2_depth,geom_model_gaussian2_depth_error,geom_model_cosine_half_period_amplitude,geom_model_cosine_half_period_amplitude_error,geom_model_cosine_half_period_phase,geom_model_cosine_half_period_phase_error,model_type,num_model_parameters,reduced_chi2,derived_primary_ecl_phase,derived_primary_ecl_phase_error,derived_primary_ecl_duration,derived_primary_ecl_duration_error,derived_primary_ecl_depth,derived_primary_ecl_depth_error,derived_secondary_ecl_phase,derived_secondary_ecl_phase_error,derived_secondary_ecl_duration,derived_secondary_ecl_duration_error,derived_secondary_ecl_depth,derived_secondary_ecl_depth_error
[from data line 339]
375316653866487564,4104792505007450496,0.45866856,2270.182333261007,0.15398110001654083,9.990713E-5,18.687307,0.029750118,0.5228155,0.0073551694,0.16472837,0.025568146,0.26127452,0.027558139,0.13711268,0.045892112,0.04499564,0.021570956,0.13356167,0.06215601,null,null,null,null,"TWOGAUSSIANS",8,7.0180883,0.5228155,0.0073551694,0.4,0.0,0.25456148,0.024623297,0.14083268,0.048489336,0.2519756,0.12079735,0.14438339,0.06984905
375316653866487564,4104792706846347776,0.5560938,2262.202788362467,0.7971258112864308,3.9998537E-5,18.13357,0.002986983,0.51787347,0.035979427,0.10996427,0.032165978,0.0332988,0.008977297,0.67427903,0.008137813,0.008674317,0.0057159965,0.36552653,2245.0847,null,null,null,null,"TWOGAUSSIANS",8,2.3130107,0.67427903,0.008137813,0.048576176,0.03200958,0.3776341,2245.085,0.51787347,0.035979427,0.4,0.0,0.033296645,0.008980861
375316653866487564,4104793054817564032,0.4815957,2249.9388036771165,0.3103936241195188,3.598364E-5,16.669163,0.050609645,0.21482217,0.008779854,0.097283155,0.030086607,0.19544114,0.11289988,0.72212476,0.020412,0.105019845,0.03938776,0.14920266,0.05917739,null,null,null,null,"TWOGAUSSIANS",8,9.128506,0.21482217,0.008787417,0.4,0.0,0.1808506,0.11605533,0.72212476,0.020429038,0.4,0.0,0.13460912,0.035664897
375316653866487564,4104793325321917056,0.6308286,2163.9732878035434,0.3523459789837476,1.3605905E-4,15.788792,0.008520411,0.40017548,0.020516938,0.11609967,0.04328283,0.06523903,0.028168948,0.8546781,0.02222425,0.03657081,0.01322198,0.93269396,0.3327058,null,null,null,null,"TWOGAUSSIANS",8,49.186184,0.8546781,0.02222425,0.20479654,0.07404309,0.9323973,0.33259386,0.40017548,0.020516938,0.4,0.0,0.06491065,0.02902411
375316653866487564,4104793467081042304,0.5456269,2263.3022745132093,2.200032415002975,1.3233247E-5,18.574957,0.05007911,0.24242981,0.014591371,0.1195775,0.027977489,0.30005866,0.0449196,0.72118,0.011514492,0.09210848,0.011876707,0.46072757,0.050999735,null,null,null,null,"TWOGAUSSIANS",8,3.3589935,0.72118,0.011514492,0.4,0.0,0.42664582,0.020844728,0.24242981,0.014591781,0.4,0.0,0.26585597,0.01666741
375316653866487564,4104793531480632576,0.46773726,2233.70157905863,0.31036015470951517,1.974739E-5,15.358962,0.010049542,0.23691992,0.012497136,0.079139024,0.017799648,0.09529575,0.021093203,0.74919647,0.023704516,0.08548639,0.020816706,0.09808582,0.01507767,null,null,null,null,"TWOGAUSSIANS",8,9.879493,0.74919647,0.023704516,0.4,0.0,0.09655946,0.012925366,0.23691992,0.012497136,0.4,0.0,0.093769394,0.020790573
375316653866487564,4104793707601792896,0.59231454,2317.5803883413973,2.1901040180718843,1.8631623E-5,18.510023,0.008564311,0.2423966,0.004853559,0.08536448,0.005276509,0.40946254,0.023591354,0.74455565,0.0017538046,0.07734537,0.0028605028,0.45424315,0.012911263,null,null,null,null,"TWOGAUSSIANS",8,2.7621481,0.74455565,0.0017538046,0.4,0.0,0.4469041,0.012627289,0.2423966,0.004853559,0.4,0.0,0.40212342,0.023830147
375316653866487564,4104793913761203712,0.42765814,2218.347068670027,0.8156167454529504,2.1049421E-4,17.96151,0.018070223,0.36434808,0.015253885,0.067571044,0.0089852745,0.3339497,0.06653454,0.7977807,0.021161927,0.037645966,0.021796431,0.4408846,9.857914,null,null,null,null,"TWOGAUSSIANS",8,66.81535,0.7977807,0.021161927,0.21081741,0.122060016,0.44088423,9.857914,0.36434808,0.015253885,0.37839785,0.050228793,0.33394936,0.06653452
375316653866487564,4104793913761288576,0.50616384,2241.941114210232,2.528531617735361,1.6257842E-5,18.399109,0.0941076,0.2626504,0.005133153,0.108873405,0.023616262,0.30975807,0.088278145,0.77312106,0.007476651,0.117472,0.031110514,0.33363035,0.08494751,null,null,null,null,"TWOGAUSSIANS",8,4.619768,0.7731311,0.0074681854,0.4,0.0,0.2830644,0.025848301,0.2626104,0.005154139,0.4,0.0,0.2592573,0.02791251
375316653866487564,4104793948121130496,0.5261404,2239.7749148964367,2.282817883262588,1.9673344E-5,19.129553,0.060447898,0.27768117,0.00664445,0.08872836,0.017731551,0.3421982,0.05604938,0.7626354,0.022118619,0.09966501,0.03332439,0.3526346,0.059613105,null,null,null,null,"TWOGAUSSIANS",8,3.7961419,0.7626354,0.022118619,0.4,0.0,0.33609793,0.063930824,0.27768117,0.006641934,0.4,0.0,0.3256645,0.028919872
375316653866487564,4104794257357510528,0.50090086,2360.8857956881748,4.079146104082028,1.2163954E-4,18.448729,0.008405096,0.3009622,0.016117858,0.053968407,0.028203147,0.18786468,0.056690387,0.8245121,0.007509693,0.047651343,0.010338241,0.44869176,0.16219959,null,null,null,null,"TWOGAUSSIANS",8,2.8437362,0.8245121,0.007509693,0.26684752,0.05789415,0.4486908,0.16220364,0.3009622,0.016117858,0.3022231,0.112579055,0.18786371,0.056790873
375316653866487564,4104794463516972800,0.47891942,2249.136555140976,0.19084853967617685,2.5521542E-5,18.79752,0.008826739,0.3014353,0.019860249,0.042606562,0.021485204,0.1874368,0.05808849,0.7960728,0.004875066,0.05286567,0.008829668,0.18198498,0.01975003,null,null,null,null,"TWOGAUSSIANS",8,2.2943027,0.3014353,0.019860249,0.23859675,0.12031714,0.18743649,0.05808925,0.7960728,0.004875066,0.29604775,0.04944614,0.18198466,0.019750645
375316653866487564,4104794807164949376,0.5448011,2286.300429186605,0.34707920133608033,7.631541E-5,17.539267,0.005106465,0.20150708,0.0630361,0.048334297,0.024615107,0.33041447,0.35823897,0.62309754,0.036251463,0.051046383,0.027274001,0.04121269,0.008674497,null,null,null,null,"TWOGAUSSIANS",8,2.878154,0.20150708,0.0630361,0.27067208,0.1378446,0.33041447,0.35824025,0.62309754,0.036251463,0.28585973,0.15273441,0.041212678,0.008673572
375316653866487564,4104794875884474880,0.574954,2308.928747344537,1.4316194219561726,1.5195677E-5,17.866652,0.025586532,0.17019294,0.00496809,0.0870732,0.013530801,0.20561713,0.02593165,0.670773,0.034699153,0.089280516,0.04260012,0.19397356,0.09964552,null,null,null,null,"TWOGAUSSIANS",8,3.0175242,0.17019294,0.0049580573,0.4,0.0,0.19851087,0.013517001,0.670773,0.034699153,0.4,0.025440812,0.18686727,0.11031761
375316653866487564,4104795047697376000,0.569055,2205.4450868518024,2.183541333463588,8.29565E-6,16.48752,0.00517961,0.3394925,0.0033425512,0.047871545,0.0029066892,0.33876574,0.018111883,0.5616711,0.010918398,0.04172666,0.030379856,0.9575975,1.1809106E19,null,null,null,null,"TWOGAUSSIANS",8,1.6019313,0.5616711,0.010918398,0.23366928,0.17012718,0.9576046,1.1809106E19,0.3394925,0.0033345434,0.26808065,0.01627746,0.33876643,0.018113513
375316653866487564,4104795563079362432,0.54609776,2247.31722131271,0.6206740970678205,2.451895E-4,15.983144,0.0031648416,0.33782968,0.001318669,0.0245518,0.0017191806,0.21087036,0.02036095,0.22606169,0.011339961,0.057473518,0.035605453,0.07888981,0.04226622,null,null,null,null,"TWOGAUSSIANS",8,23.689648,0.3366397,5.8811594E-4,0.13749008,0.009627411,0.22301663,0.0048126676,0.2261117,0.011643287,0.3218517,0.16728961,0.07889651,0.04226162
375316653866487564,4104795700518297088,0.7524991,2237.021320845282,1.4463181546508939,8.320473E-6,15.750495,0.007992477,0.28207517,0.0018545458,0.05991435,0.017031385,0.30102658,0.12081557,0.7855424,0.0017084294,0.049417976,0.0028880124,0.3353693,0.016490428,0.105956696,0.009176276,0.28207517,0.0018545458,"TWOGAUSSIANS_WITH_ELLIPSOIDAL_ON_ECLIPSE1",9,4.762554,0.7855424,0.0017084294,0.27674067,0.01617287,0.54713136,0.0044330354,0.28207517,0.0018545458,0.3355204,0.062452592,0.5128892,0.11796755
375316653866487564,4104795906624820096,0.5487075,2287.10012841832,2.8820715035898257,1.4896217E-5,18.89937,0.024193417,0.25820705,0.0014741394,0.08004262,0.008297102,0.52021116,0.039790723,0.7526544,0.009187327,0.07544815,0.010469382,0.61133677,0.09944912,null,null,null,null,"TWOGAUSSIANS",8,4.0094137,0.7526544,0.009187327,0.4,0.0,0.60564476,0.102454364,0.25820705,0.0014741394,0.4,0.0,0.5145192,0.042373046
375316653866487564,4104796112784593280,0.61590594,2207.3372486898033,2.4394976029650923,5.0180897E-6,18.374876,0.011369517,0.21131764,0.00836819,0.086616166,0.009290556,0.45930117,0.026288575,0.6872922,0.0026121633,0.08054494,0.006384514,0.4688516,0.048378337,null,null,null,null,"TWOGAUSSIANS",8,1.9875177,0.6872922,0.0026121633,0.4,0.0,0.46204188,0.050495483,0.21131764,0.00836819,0.4,0.0,0.4524913,0.026437199
375316653866487564,4104796456380765952,0.4872523,2236.980857464594,1.9704228005157283,3.2904765E-5,19.094427,0.35274896,0.15459062,0.012675842,0.10397252,0.04124266,0.37601247,0.35179088,0.6803768,0.012786765,0.13399726,0.049311753,0.761209,0.46851358,null,null,null,null,"TWOGAUSSIANS",8,8.9175,0.68038684,0.013070861,0.4,0.0,0.6652068,0.42000797,0.15375063,0.012301934,0.4,0.0,0.28180656,0.11984365
375316653866487564,4104796456432201600,0.5156533,2230.0805097232455,1.895757829067205,5.358472E-5,17.92417,0.013609446,0.3164839,0.0047012144,0.080946796,0.0065251025,0.33748353,0.020731907,0.8158563,0.021180296,0.10631494,0.024613123,0.14610733,0.03825155,null,null,null,null,"TWOGAUSSIANS",8,10.47511,0.3164839,0.0047007813,0.4,0.0,0.32609895,0.019818325,0.8158563,0.021180296,0.4,0.0,0.13471813,0.041155647
375316653866487564,4104796830015778304,0.5832877,2221.7701872688044,1.2042546273301165,1.8001689E-5,16.784365,0.023256285,0.1548845,0.003410123,0.114969045,0.026795594,0.080242164,0.02209301,0.6510065,0.006204344,0.09683093,0.018430848,0.1279461,0.022160172,null,null,null,null,"TWOGAUSSIANS",8,1.2613827,0.6510065,0.006204344,0.4,0.0,0.1164019,0.008007886,0.1548845,0.0034126814,0.4,0.0,0.06868572,0.0061919712
375316653866487564,4104796898763974656,0.50512886,2254.916541743702,2.703709175991822,3.2468597E-5,18.720808,0.018402806,0.270012,0.012581888,0.06399488,0.015440121,0.23168018,0.023869209,0.7978111,0.0025787833,0.084640816,0.009726729,0.21851403,0.014540802,null,null,null,null,"TWOGAUSSIANS",8,2.934483,0.270012,0.012581888,0.35837132,0.082861036,0.23086971,0.02162553,0.7978111,0.0025787833,0.4,0.0,0.2177035,0.012996429
375316653866487564,4104797448490978304,0.5599025,2233.357158966876,0.7284645440611677,4.121043E-5,17.785511,0.0037946745,0.3569944,0.0040699514,0.057464454,0.004359728,0.2540328,0.025170768,0.82856643,0.017974064,0.083485335,0.021378355,0.06114834,0.0074916813,null,null,null,null,"TWOGAUSSIANS",8,2.034753,0.3569944,0.0040699514,0.32180095,0.024414476,0.2538477,0.025243437,0.82856643,0.017974064,0.4,0.0,0.06096324,0.0077238684
375316653866487564,4104797555893687936,0.49065125,2236.7182509758554,0.8622359003509936,1.7536426E-5,18.96748,0.022318041,0.17296651,0.0017080869,0.035530712,0.0038511406,0.2244511,0.021697307,0.5055499,0.05263153,0.05339091,0.07768387,0.2464564,0.2040868,null,null,null,null,"TWOGAUSSIANS",8,3.3664534,0.5055499,0.05263153,0.2989891,0.1730823,0.2464564,0.20410822,0.17296651,0.0017033641,0.19897199,0.021566387,0.22445111,0.021903886
375316653866487564,4104797693333247232,0.5304755,2237.8911435819987,0.06795781710649233,1.3184177E-5,19.651423,0.014799956,0.3014445,0.01119245,0.037716255,0.009539759,0.24712858,0.08161786,0.7994224,0.0013910029,0.0071328734,0.0012687397,0.3118865,0.027764076,null,null,null,null,"TWOGAUSSIANS",8,0.89291835,0.7994224,0.0013910029,0.03994409,0.007104942,0.3118865,0.027764076,0.3014445,0.01119245,0.21121103,0.05342265,0.24712858,0.08161786
375316653866487564,4104797968214391552,0.5047206,2270.3847095286983,1.0813628656221839,6.0916274E-5,18.189894,0.16876855,0.43504912,0.062282756,0.24791692,0.14373466,0.23876727,0.16310757,0.9137155,9.762224E-4,0.011304138,0.0026637556,0.19537522,0.07179354,null,null,null,null,"TWOGAUSSIANS",8,3.1174822,0.9137155,9.762224E-4,0.06330317,0.014917032,0.19522181,0.07307156,0.43504912,0.062282756,0.4,0.0,0.17556241,0.013239485
375316653866487564,4104798655455839872,0.61447304,2231.244834968633,1.2847474900726703,2.365278E-5,17.883352,0.018245006,0.23857543,0.0038689873,0.09216838,0.0062071295,0.35398048,0.018366676,0.73661923,0.015850548,0.07845924,0.013151298,0.5047461,0.03028688,null,null,null,null,"TWOGAUSSIANS",8,3.5240455,0.73661923,0.015850548,0.4,0.0076732477,0.49382335,0.022619074,0.23857543,0.0038689873,0.4,0.0,0.34305745,0.0118914
375316653866487564,4104798792846217728,0.4582926,2234.37531633628,0.48050888405407083,8.2150655E-5,19.412924,0.028491514,0.23425041,0.021137679,0.079192996,0.019716779,0.13795352,0.034472153,0.77970237,0.052792273,0.030316593,0.023099799,0.20604788,0.27746588,null,null,null,null,"TWOGAUSSIANS",8,2.5750456,0.77970237,0.052792273,0.16977292,0.12935887,0.20604676,0.27711943,0.23425041,0.021137679,0.4,0.05060623,0.13795239,0.034395497
375316653866487564,4104798999053344640,0.6010048,2234.92321042741,2.897674461938458,3.351272E-5,15.630971,0.061630864,0.26205745,0.014399164,0.078320816,0.021619568,0.37531233,0.06602806,0.74806184,0.009325365,0.08435222,0.05755118,0.4098484,0.13991432,null,null,null,null,"TWOGAUSSIANS",8,69.13937,0.74806184,0.009325365,0.4,0.0,0.40451446,0.18869866,0.26205745,0.01435528,0.4,0.047524035,0.36997843,0.0510401
375316653866487564,4104799067726177664,0.5252915,2274.9032548549744,0.16372022615984175,5.3615924E-5,19.151703,0.017583873,0.36737898,0.09841123,0.05121019,0.061614722,0.94683653,3.2478414,0.828128,0.008164654,0.081916906,0.021363894,0.18618438,0.030297015,null,null,null,null,"TWOGAUSSIANS",8,0.5543058,0.36737898,0.09841123,0.28677708,0.16415355,0.94665706,3.2485957,0.828128,0.00816191,0.4,0.040985335,0.1860049,0.029828943
375316653866487564,4104799376962732288,0.44135284,2248.4212540891003,0.11726505498677703,5.808028E-5,19.898556,0.18159923,0.8123158,0.012697154,0.04247161,0.070281886,0.0925686,1.4290698,null,null,null,null,null,null,0.2438111,0.20074807,0.8123158,0.012697154,"ONEGAUSSIAN_WITH_ELLIPSOIDAL",6,5.691089,0.8123158,0.012697154,0.23784102,0.3746216,0.58018965,1.4361683,null,null,null,null,null,null
375316653866487564,4104799441385033728,0.46185008,2255.5541973455465,1.1786200093287653,5.6600362E-5,19.107874,0.018468773,0.56566143,0.0070430613,0.044928405,0.046644557,0.67518955,0.32406253,0.23727566,0.013682757,0.05883744,0.0457893,3.27352,9.291152,null,null,null,null,"TWOGAUSSIANS",8,8.233995,0.23727566,0.01367913,0.32948965,0.10800534,3.27352,9.291232,0.56566143,0.006998852,0.25159907,0.15031455,0.67519015,0.32439798
375316653866487564,4104799617528671744,0.50016236,2195.6254386862693,0.9332881899551426,3.893513E-5,18.766953,0.06531141,0.379549,0.005083306,0.05407752,0.013237276,0.2093339,0.05594191,0.7958085,0.018774202,0.11404844,0.04080598,0.19637385,0.069142796,null,null,null,null,"TWOGAUSSIANS",8,3.0672853,0.379659,0.004510381,0.30283412,0.07412875,0.20868574,0.04910592,0.7958085,0.018774202,0.4,0.0,0.19547343,0.05924833
375316653866487564,4104799720559971328,0.48015812,2186.175006069434,4.50943078481706,1.1173587E-4,19.171312,0.009381705,0.32012698,0.0165441,0.065087035,0.013919276,0.16031982,0.037368875,0.57956946,0.016198691,0.10213522,0.040305037,0.18136612,0.013194112,null,null,null,null,"TWOGAUSSIANS",8,1.3359151,0.57956946,0.016198691,0.4,0.0,0.18140431,0.013514688,0.325427,0.018371109,0.3644874,0.071552515,0.16797528,0.023236085
375316653866487564,4104799888061667200,0.5688937,2231.1223986462305,2.3929723591760563,2.2586073E-5,18.97044,0.033880997,0.31492132,0.0109259,0.09214296,0.013210849,0.4479064,0.041483764,0.8106568,0.006517581,0.09800091,0.012346566,0.48206437,0.02932365,null,null,null,null,"TWOGAUSSIANS",8,2.5739846,0.8106568,0.006517581,0.4,0.0,0.4544441,0.016016906,0.31492132,0.0109259,0.4,0.0,0.42028797,0.03778268
375316653866487564,4104800957558368896,0.4936482,2211.467310279019,1.630195971858254,1.1119804E-4,16.237513,0.004756661,0.46310532,0.07448151,0.1343884,0.115873694,0.020848041,0.0060278126,0.7008332,0.0051354584,0.013472993,0.0024287216,0.14596173,0.038289197,null,null,null,null,"TWOGAUSSIANS",8,13.919386,0.7008332,0.0051354584,0.07544876,0.013600841,0.15028137,0.037553344,0.46310532,0.07448151,0.4,0.07223231,0.020806905,0.0056054853
