Gaia/vari_eclipsing_binary/VariEclipsingBinary_631533-632079.csv
# %ECSV 1.0
# ---
# delimiter: ','
# meta: !!omap
# - RELEASE: Gaia DR3
# - TABLE: vari_eclipsing_binary
# - DESCRIPTION: >
#     This table describes the properties of the eclipsing binaries resulting from the variability analysis. 
# - CITATION: >
#     How to cite and acknowledge Gaia: 
#     https://gea.esac.esa.int/archive/documentation/credits.html 
# - KNOWN_ISSUES: >
#     Known issues: 
#     https://www.cosmos.esa.int/web/gaia-users/known-issues 
# - DOCUMENTATION: >
#     Tutorials and documentation: 
#     https://www.cosmos.esa.int/web/gaia-users/archive 
# datatype:
# - 
#   name: solution_id
#   datatype: int64
#   description: Solution Identifier
#   meta:
#     ucd: meta.version
# - 
#   name: source_id
#   datatype: int64
#   description: Unique source identifier
#   meta:
#     ucd: meta.id;meta.main
# - 
#   name: global_ranking
#   datatype: float32
#   description: Number between 0 (worst) and 1 (best)
#   meta:
#     ucd: stat.param
# - 
#   name: reference_time
#   datatype: float64
#   unit: d
#   description: Reference time used for the geometric model fit
#   meta:
#     ucd: time.epoch
# - 
#   name: frequency
#   datatype: float64
#   unit: d**-1
#   description: Frequency of geometric model of the eclipsing binary light curve
#   meta:
#     ucd: src.orbital
# - 
#   name: frequency_error
#   datatype: float32
#   unit: d**-1
#   description: "Uncertainty of \\texttt{frequency}"
#   meta:
#     ucd: stat.error
# - 
#   name: geom_model_reference_level
#   datatype: float32
#   unit: mag
#   description: Magnitude reference level of geometric model
#   meta:
#     ucd: phot.mag;em.opt
# - 
#   name: geom_model_reference_level_error
#   datatype: float32
#   unit: mag
#   description: "Uncertainty of \\texttt{geomModelReferenceLevel}"
#   meta:
#     ucd: stat.error;phot.mag;em.opt
# - 
#   name: geom_model_gaussian1_phase
#   datatype: float32
#   description: Phase of the Gaussian 1 component
#   meta:
#     ucd: time.phase
# - 
#   name: geom_model_gaussian1_phase_error
#   datatype: float32
#   description: "Uncertainty of \\texttt{geomModelGaussian1Phase}"
#   meta:
#     ucd: stat.error;time.phase
# - 
#   name: geom_model_gaussian1_sigma
#   datatype: float32
#   description: "Standard deviation [phase] of Gaussian 1 component"
#   meta:
#     ucd: stat.stdev
# - 
#   name: geom_model_gaussian1_sigma_error
#   datatype: float32
#   description: "Uncertainty of \\texttt{geomModelGaussian1Sigma}"
#   meta:
#     ucd: stat.error
# - 
#   name: geom_model_gaussian1_depth
#   datatype: float32
#   unit: mag
#   description: Magnitude depth of Gaussian 1 component
#   meta:
#     ucd: src.var.amplitude
# - 
#   name: geom_model_gaussian1_depth_error
#   datatype: float32
#   unit: mag
#   description: "Uncertainty of \\texttt{geomModelGaussian1Depth}"
#   meta:
#     ucd: stat.error;src.var.amplitude
# - 
#   name: geom_model_gaussian2_phase
#   datatype: float32
#   description: Phase of Gaussian 2 component
#   meta:
#     ucd: time.phase
# - 
#   name: geom_model_gaussian2_phase_error
#   datatype: float32
#   description: "Uncertainty of \\texttt{geomModelGaussian2Phase}"
#   meta:
#     ucd: stat.error;time.phase
# - 
#   name: geom_model_gaussian2_sigma
#   datatype: float32
[...]
#   datatype: float32
#   description: "Secondary eclipse: uncertainty of \\texttt{derivedSecondaryEclDuration}"
#   meta:
#     ucd: stat.error;time.duration
# - 
#   name: derived_secondary_ecl_depth
#   datatype: float32
#   unit: mag
#   description: "Secondary eclipse: depth"
#   meta:
#     ucd: src.var.amplitude
# - 
#   name: derived_secondary_ecl_depth_error
#   datatype: float32
#   unit: mag
#   description: "Secondary eclipse: uncertainty of \\texttt{derivedSecondaryEclDepth}"
#   meta:
#     ucd: stat.error;src.var.amplitude
solution_id,source_id,global_ranking,reference_time,frequency,frequency_error,geom_model_reference_level,geom_model_reference_level_error,geom_model_gaussian1_phase,geom_model_gaussian1_phase_error,geom_model_gaussian1_sigma,geom_model_gaussian1_sigma_error,geom_model_gaussian1_depth,geom_model_gaussian1_depth_error,geom_model_gaussian2_phase,geom_model_gaussian2_phase_error,geom_model_gaussian2_sigma,geom_model_gaussian2_sigma_error,geom_model_gaussian2_depth,geom_model_gaussian2_depth_error,geom_model_cosine_half_period_amplitude,geom_model_cosine_half_period_amplitude_error,geom_model_cosine_half_period_phase,geom_model_cosine_half_period_phase_error,model_type,num_model_parameters,reduced_chi2,derived_primary_ecl_phase,derived_primary_ecl_phase_error,derived_primary_ecl_duration,derived_primary_ecl_duration_error,derived_primary_ecl_depth,derived_primary_ecl_depth_error,derived_secondary_ecl_phase,derived_secondary_ecl_phase_error,derived_secondary_ecl_duration,derived_secondary_ecl_duration_error,derived_secondary_ecl_depth,derived_secondary_ecl_depth_error
[from data line 466]
375316653866487564,5559241771991418496,0.48016664,2266.4555349204084,0.909739250695173,1.664367E-5,18.599525,0.007271391,0.25709146,0.0074595613,0.03376913,0.023388768,0.6160336,64.77141,0.6119781,0.0038332203,0.026554473,0.005114783,0.123593524,0.027860072,0.035893187,0.011627773,0.25709146,0.0074595613,"TWOGAUSSIANS_WITH_ELLIPSOIDAL_ON_ECLIPSE1",9,9.339311,0.25709146,0.0074595613,0.18910712,0.1309771,0.68781996,64.77296,0.61449814,0.003827748,0.14870505,0.028642785,0.15106048,0.029093798
375316653866487564,5559244456348100480,0.6609522,2253.0176707230394,2.460583355406322,3.7195232E-6,16.556055,0.009317408,0.27330768,0.0019191176,0.04584628,0.0045244303,0.22941445,0.021839913,0.7738775,0.0020412994,0.050167162,0.0040815114,0.21610183,0.021903649,0.12788397,0.013043655,0.27330768,0.0019191176,"TWOGAUSSIANS_WITH_ELLIPSOIDAL_ON_ECLIPSE1",9,8.863854,0.27330768,0.0019191176,0.25673917,0.02533681,0.485181,0.006924743,0.7738775,0.0019125887,0.2809361,0.022856465,0.4718651,0.0059411903
375316653866487564,5559248648236125440,0.49622118,2216.057603881125,2.394434639845227,5.0477895E-5,14.892704,0.1754461,0.2897485,0.007037899,0.20424202,0.06478231,0.6157586,0.1658021,0.7944451,0.0055708555,0.18072332,0.053946715,0.5642246,0.19150582,null,null,null,null,"TWOGAUSSIANS",8,54.92884,0.2873385,0.007865059,0.4,0.0,0.13999186,0.016756017,0.7979351,0.0046803653,0.4,0.0,0.12546797,0.008487337
375316653866487564,5559253527318958208,0.5314222,2268.2808939061842,2.4763418073474015,8.907088E-5,17.85607,0.007565665,0.4758425,0.017167494,0.04481217,0.022935053,0.44414487,393.50113,0.7521681,0.0031597437,0.00704211,0.0017196496,1.35412,1.5998673,null,null,null,null,"TWOGAUSSIANS",8,32.057602,0.7521681,0.0031597437,0.039435815,0.0096300375,1.35412,1.5998673,0.4758425,0.017167494,0.25094813,0.1284363,0.44414487,393.50113
375316653866487564,5559257650487623424,0.67246276,2206.030183131598,3.9704920854695955,4.5069078E-6,16.443342,0.0074619725,0.16885248,7.855477E-4,0.044470437,0.002124139,0.4268823,0.021714166,0.66589165,0.0051005553,0.04964372,0.004053834,0.4627738,0.024135033,0.11850942,0.011905169,0.16885248,7.855477E-4,"TWOGAUSSIANS_WITH_ELLIPSOIDAL_ON_ECLIPSE1",9,11.467741,0.66616166,0.0045675593,0.27800485,0.022701468,0.6997169,0.017080298,0.16885248,7.855477E-4,0.24903445,0.011895179,0.66389996,0.019751985
375316653866487564,5559258543840811136,0.5204488,2247.093650446458,1.413910764630887,1.2901594E-5,15.857766,0.007877002,0.23512015,0.012362871,0.10626239,0.02443667,0.044676628,0.0076450366,0.75262815,0.0055105323,0.0892738,0.011838414,0.06879016,0.007522808,null,null,null,null,"TWOGAUSSIANS",8,5.3835354,0.75263816,0.005504052,0.4,0.0,0.06555028,0.003888902,0.23512015,0.012362871,0.4,0.0,0.04143498,0.003282283
375316653866487564,5559262147316739584,0.5095249,2243.7672808712623,0.010696163652003857,9.325421E-5,17.755444,0.038191587,0.22323515,0.017472526,0.10464918,0.013315179,0.29686803,0.054015424,0.6361816,0.009558495,0.11687127,0.017348621,0.3193573,0.038270764,null,null,null,null,"TWOGAUSSIANS",8,5.2048707,0.6361816,0.009558495,0.4,0.0,0.3010896,0.015178292,0.22394516,0.016628077,0.4,0.0,0.27910587,0.026118247
375316653866487564,5559264453715723520,0.618443,2272.250459847271,1.4564901890992308,8.169789E-6,15.82624,0.005297657,0.22171047,0.001440657,0.044554662,0.0038575758,0.13457486,0.010612646,0.70777464,0.047084183,0.057998855,0.04193522,0.32576305,0.102544054,0.011933077,0.0064293626,0.22171047,0.001440657,"TWOGAUSSIANS_WITH_ELLIPSOIDAL_ON_ECLIPSE1",9,10.459355,0.7080347,0.046677884,0.32479358,0.23483723,0.3494399,0.099495105,0.22171047,0.001440657,0.2495061,0.021602426,0.15843076,0.0051408997
375316653866487564,5559266167406161024,0.56836605,2267.827683465477,2.7340854308372227,6.98633E-6,17.634687,0.0143577065,0.25382268,0.0019169138,0.037714127,0.0037935644,0.47277555,0.04448241,0.7509264,0.0026879774,0.035765283,0.0036709607,0.5450543,0.04980692,0.049948905,0.019264495,0.25382268,0.0019169138,"TWOGAUSSIANS_WITH_ELLIPSOIDAL_ON_ECLIPSE1",9,23.62178,0.7509764,0.0026365323,0.2002856,0.02055738,0.6449195,0.05921237,0.25382268,0.0019169138,0.2111991,0.021243962,0.5726732,0.03757427
375316653866487564,5559273039353410304,0.45502597,2243.379352434072,1.598700968776073,6.0214723E-5,17.176933,0.0083877435,0.6185937,0.009561881,0.04359186,0.014469003,0.38470888,0.11853825,null,null,null,null,null,null,null,null,null,null,"ONEGAUSSIAN",5,164.46324,0.6185937,0.009561881,0.24411443,0.08102642,0.38470888,0.0,null,null,null,null,null,null
375316653866487564,5559282247763471232,0.57323223,2252.3760215419234,0.6947109786274626,5.386413E-6,18.972422,0.004754957,0.22843002,2.927279E-4,0.0040085646,1.4071385E-4,0.9430314,0.044779893,0.75992626,0.045585793,0.019135667,0.017633656,0.083929494,0.2805984,null,null,null,null,"TWOGAUSSIANS",8,2.116817,0.22843002,2.927279E-4,0.022447962,7.8799756E-4,0.9430314,0.044779893,0.75992626,0.045585793,0.107159734,0.09874847,0.083929494,0.2805984
375316653866487564,5559296236475168384,0.54635507,2241.662609560451,0.4751771125543159,1.3018448E-5,15.213698,0.0050861863,0.41021854,0.0035225577,0.017145436,0.005264881,0.6706384,0.29064065,null,null,null,null,null,null,null,null,null,null,"ONEGAUSSIAN",5,23.771421,0.41021854,0.0035225577,0.09601445,0.029483333,0.6706384,0.0,null,null,null,null,null,null
375316653866487564,5559300119124842752,0.59755135,2222.057101267004,2.0153650967390724,1.6313259E-5,17.56514,0.006301259,0.28480884,0.006930999,0.061784387,0.004863282,0.12965325,0.0107061025,0.7763798,0.0032328898,0.056237075,0.00413761,0.35119507,0.010334503,null,null,null,null,"TWOGAUSSIANS",8,3.859077,0.7763798,0.0032328898,0.3149276,0.023170616,0.3511565,0.010329181,0.28480884,0.006930999,0.34599257,0.02723438,0.12961468,0.010687058
375316653866487564,5559302245130139008,0.4736237,2292.9965328715066,0.03325577619138642,4.4038574E-5,16.937849,0.0025374661,0.5705339,0.009354708,0.014795063,0.0066248165,0.31473434,0.53736943,0.74467665,0.0072793765,0.0062714145,0.0047505507,0.023648778,0.42977154,0.014862321,0.0038039666,0.74467665,0.0072793765,"TWOGAUSSIANS_WITH_ELLIPSOIDAL_ON_ECLIPSE2",9,12.6763315,0.57064384,0.009129073,0.08285235,0.037098974,0.32099876,0.538302,0.74467665,0.0072793765,0.03511992,0.026603084,0.053373303,0.4296054
375316653866487564,5559303104125130752,0.49907205,2241.4973770596434,3.8294514031874587,1.8941151E-5,18.99876,0.5051599,0.26278147,0.0071654087,0.11135795,0.033950344,0.3642719,0.29187453,0.75336856,0.008645092,0.17578271,0.13227546,0.33828515,0.4998799,null,null,null,null,"TWOGAUSSIANS",8,2.3786802,0.2637415,0.007870299,0.4,0.0,0.23749016,0.010449501,0.75336856,0.008645092,0.4,0.0,0.19956106,0.013194977
375316653866487564,5559307158573995008,0.59321135,2248.677831296021,3.1109002058078397,5.772152E-6,15.941184,0.061036702,0.24689528,0.0019231183,0.112405874,0.018691592,0.17409068,0.056784667,0.7459264,0.0025836998,0.12970689,0.03383869,0.16243866,0.05386596,null,null,null,null,"TWOGAUSSIANS",8,3.7602308,0.24690528,0.0019350545,0.4,0.0,0.13500565,0.0020586345,0.7459264,0.0025836998,0.4,0.0,0.12317842,0.00803989
375316653866487564,5559312759210033024,0.5532274,2284.2528972861705,3.6927841582205003,1.6882863E-5,18.706545,0.009814631,0.26712582,0.003909671,0.079859674,0.007876162,0.37007567,0.020216556,0.7787764,0.0039648637,0.07724165,0.004459983,0.47043005,0.012738694,null,null,null,null,"TWOGAUSSIANS",8,4.969059,0.7787764,0.0039648637,0.4,0.0,0.46629176,0.011578761,0.26712582,0.003909671,0.4,0.0,0.36593738,0.021871384
375316653866487564,5559318845179395456,0.57292926,2226.280072312572,1.7727633544306178,9.235911E-6,19.074873,0.005248532,0.26812747,4.3623202E-4,0.024535216,4.8839126E-4,0.8674025,0.028366521,0.7641643,0.00868594,0.032377068,0.010737084,0.22410288,0.16285056,null,null,null,null,"TWOGAUSSIANS",8,2.5265636,0.26812747,4.3623202E-4,0.13739721,0.002734991,0.8674025,0.028366521,0.7641643,0.00868594,0.18131159,0.06012767,0.22410288,0.16285056
375316653866487564,5559327022796912768,0.5208525,2356.1700109004823,0.1595619756963263,1.0407202E-4,18.752668,0.006062562,0.11885113,8.659194E-4,0.024683772,0.0042166673,2.0411532,0.9566357,0.6032467,0.05604197,0.036014732,0.028375342,0.84928906,2.6181998,null,null,null,null,"TWOGAUSSIANS",8,1.0101041,0.11885113,8.659194E-4,0.13822912,0.023613337,2.0411532,0.9566357,0.6032467,0.05604197,0.20168251,0.15890191,0.84928906,2.6181998
375316653866487564,5559334753740804352,0.6592815,2262.3763110013606,1.5986648345520618,4.084278E-6,16.848,0.0030429242,0.2699161,0.001179439,0.05720213,0.002069742,0.2597423,0.009816399,0.7822801,0.010490145,0.041952882,0.0087853465,0.03869057,0.0085591795,0.055832054,0.0032800173,0.2699161,0.001179439,"TWOGAUSSIANS_WITH_ELLIPSOIDAL_ON_ECLIPSE1",9,2.1243758,0.2699161,0.001179439,0.32033193,0.011590554,0.37138772,0.008967244,0.7822801,0.010490145,0.23493613,0.04919794,0.14966345,0.0069121616
375316653866487564,5559338322857477376,0.5302141,2233.8158187529334,1.8461204102522857,1.0086569E-4,18.46618,0.005297483,0.40831837,0.035868105,0.020572074,0.013800878,1.4880702,6.358703,0.5447714,0.05311588,0.05614396,0.055339195,0.018587084,0.021319937,null,null,null,null,"TWOGAUSSIANS",8,5.784637,0.40832835,0.035867114,0.11520362,0.07728492,1.48904,6.358665,0.5447714,0.05311588,0.3144062,0.3098995,0.018587084,0.021344814
375316653866487564,5559338327153570816,0.6194366,2249.4259337103344,3.362409780400084,5.0763338E-6,15.737481,0.020813843,0.22164965,0.0017365138,0.044143915,0.0071610524,0.3215173,0.052008964,0.71751493,0.0020116759,0.050344527,0.015266187,0.44360092,0.094482206,0.12593725,0.022504844,0.22164965,0.0017365138,"TWOGAUSSIANS_WITH_ELLIPSOIDAL_ON_ECLIPSE1",9,56.155254,0.7179349,0.0016360894,0.28192934,0.085490644,0.6953205,0.130655,0.22164965,0.0017365138,0.24720593,0.040101893,0.5733895,0.054462925
375316653866487564,5559346917088292352,0.4962262,2299.3257784047764,4.20339634952959,2.2537715E-5,16.960596,0.004126304,null,null,null,null,null,null,null,null,null,null,null,null,0.09541502,0.007101685,0.2588778,0.00437724,"ELLIPSOIDAL",4,34.60066,null,null,null,null,null,null,null,null,null,null,null,null
375316653866487564,5559352410349826816,0.46338403,2423.6951072872766,0.005307586567293217,2.3307532E-5,18.203806,0.058256343,0.28381205,0.013522303,0.04281789,0.016819878,0.42638493,0.15511744,0.7998073,0.047369737,0.1918448,0.16455634,0.055382572,0.050865043,null,null,null,null,"TWOGAUSSIANS",8,3.955592,0.28377205,0.013533175,0.23978019,0.09419131,0.42004427,0.16557822,0.7998073,0.047369737,0.4,0.0,0.045256928,0.018456252
375316653866487564,5559354510590738944,0.52366996,2226.622057482401,3.2202251124193246,3.7425307E-5,15.605487,0.012431618,0.2718824,0.0049038623,0.07772007,0.009861776,0.16110994,0.010519439,0.7663383,0.010830732,0.094243474,0.012076226,0.21527934,0.016642073,null,null,null,null,"TWOGAUSSIANS",8,74.87797,0.7663383,0.010830732,0.4,0.0,0.21028653,0.01463143,0.2718824,0.0049038623,0.4,0.0,0.15611747,0.0069264467
375316653866487564,5559356915772439936,0.6762186,2247.4893270359808,0.8487799638501343,1.5311562E-6,16.172537,0.002767648,0.32233736,9.5114356E-4,0.040148858,6.9774553E-4,0.58864933,0.0127284005,0.8397944,0.032609303,0.02344431,0.017213933,0.05202293,0.062388673,0.018221676,0.004790006,0.32233736,9.5114356E-4,"TWOGAUSSIANS_WITH_ELLIPSOIDAL_ON_ECLIPSE1",9,10.420822,0.32233736,9.5114356E-4,0.2248336,0.003907375,0.62509257,0.012634084,0.8397944,0.032609303,0.13128814,0.096398026,0.088029504,0.060426097
375316653866487564,5559358427601010944,0.60257494,2231.0516842815146,2.710577960923011,5.5704736E-6,15.466172,0.0141353095,0.25313202,0.0023038564,0.05307007,0.006762912,0.295328,0.046837687,0.7456826,0.0022340715,0.061161112,0.004332741,0.39793956,0.03155773,0.093520835,0.017255329,0.25313202,0.0023038564,"TWOGAUSSIANS_WITH_ELLIPSOIDAL_ON_ECLIPSE1",9,84.53744,0.7465926,0.0018418386,0.34250224,0.024263348,0.58456004,0.020913482,0.25313202,0.0023038564,0.2971924,0.037872307,0.4823081,0.052210514
375316653866487564,5559367567291007232,0.6419574,2248.8461089777943,0.7405126542426278,2.2097762E-5,16.923098,0.001366013,0.2991364,0.0051987595,0.022154277,0.0020074002,0.32359323,0.025430566,0.7995783,0.035784874,0.02354272,0.042982154,0.16905281,0.16772598,null,null,null,null,"TWOGAUSSIANS",8,2.2372487,0.2991364,0.0051987595,0.124063954,0.011241441,0.32359323,0.025430566,0.7995783,0.035784874,0.13183925,0.24070007,0.16905281,0.16772598
375316653866487564,5559368044029554048,0.5009226,2271.713963924466,2.983746448469041,2.4444782E-5,18.656912,0.015745204,0.24167658,0.0059790085,0.094191566,0.008365197,0.30316225,0.019112123,0.75604093,0.0074229506,0.09730231,0.011418296,0.25998807,0.015121971,null,null,null,null,"TWOGAUSSIANS",8,5.231484,0.24167658,0.0059790085,0.4,0.0,0.28796706,0.0149582075,0.75604093,0.0074229506,0.4,0.0,0.24479225,0.011008609
375316653866487564,5559371033326189056,0.5100025,2248.54235918386,4.345272015987401,1.6427464E-5,18.958584,0.025289258,0.27387977,0.012368605,0.097471945,0.021653857,0.18654673,0.023932936,0.8255907,0.0046649454,0.08420853,0.014828316,0.16991755,0.02167699,null,null,null,null,"TWOGAUSSIANS",8,1.5321991,0.27387977,0.012368605,0.4,0.0,0.18300329,0.018080415,0.82560074,0.004637762,0.4,0.0,0.16637878,0.014826342
375316653866487564,5559372510795702528,0.49607763,2230.4743060394962,0.07939520130138981,4.526438E-6,17.338108,0.006597928,0.062758826,3.889016E-5,0.0027367128,2.406163E-4,0.38784808,0.019072,0.8173166,0.00382086,0.01285078,0.009810963,0.058085147,2462.1685,0.011143044,0.010812007,0.8173166,0.00382086,"TWOGAUSSIANS_WITH_ELLIPSOIDAL_ON_ECLIPSE2",9,30.515095,0.062758826,3.889016E-5,0.015325592,0.0013474514,0.38786632,0.019075863,0.8173166,0.00382086,0.07196437,0.05494139,0.08037118,2462.1694
375316653866487564,5559373232350063616,0.592055,2254.0494655055486,1.761297838685126,4.1956973E-5,18.616676,0.0037460383,0.2618846,0.008522603,0.043650884,0.0032278262,0.7253067,0.081104584,0.7566712,0.111770295,0.06980919,0.05023779,0.050345566,0.040722966,null,null,null,null,"TWOGAUSSIANS",8,1.5125405,0.2618846,0.008522603,0.24444495,0.018075828,0.72529393,0.081082664,0.7566712,0.111770295,0.39093146,0.27618828,0.05033281,0.040720124
375316653866487564,5559376152928012288,0.4775233,2260.345530974904,0.23293088406419513,1.5140846E-5,17.858181,0.006424641,0.20404851,0.01653389,0.025402986,0.008473115,0.07647285,0.021512216,0.8746414,7.41746E-5,0.0033513058,1.2020267E-4,1.0225948,0.0882959,0.013254494,0.007891458,0.20404851,0.01653389,"TWOGAUSSIANS_WITH_ELLIPSOIDAL_ON_ECLIPSE1",9,17.505655,0.8746414,7.41746E-5,0.018767312,6.731349E-4,1.028664,0.08970566,0.20404851,0.01653389,0.14225672,0.047449447,0.10298183,0.020652723
375316653866487564,5559385984110650752,0.5461628,2260.3664161438396,2.801861643611996,1.4933956E-5,12.762303,0.009772972,0.2134894,0.003791779,0.09645802,0.009713479,0.18411885,0.0094828075,0.7128664,0.0036400163,0.099751145,0.0067387857,0.17966314,0.009648451,null,null,null,null,"TWOGAUSSIANS",8,184.80775,0.2134894,0.003791779,0.4,0.0,0.17009225,0.010150506,0.7128664,0.0036400163,0.4,0.0,0.16563584,0.004316093
375316653866487564,5559386224628810112,0.51160204,2224.5336017656414,1.0000230352972206,8.899577E-5,19.728703,0.011460014,0.3694618,0.12320109,0.057340953,0.025838733,0.054672547,0.04469273,0.7726078,6.69243E-5,0.021412814,3.9707517E-4,0.5864481,0.010751043,null,null,null,null,"TWOGAUSSIANS",8,5.463377,0.7726078,6.69243E-5,0.11991175,0.002223621,0.5864481,0.010751043,0.3694618,0.12320109,0.32110935,0.1446969,0.054672547,0.04469273
