Gaia/vari_eclipsing_binary/VariEclipsingBinary_677275-677294.csv
# %ECSV 1.0
# ---
# delimiter: ','
# meta: !!omap
# - RELEASE: Gaia DR3
# - TABLE: vari_eclipsing_binary
# - DESCRIPTION: >
#     This table describes the properties of the eclipsing binaries resulting from the variability analysis. 
# - CITATION: >
#     How to cite and acknowledge Gaia: 
#     https://gea.esac.esa.int/archive/documentation/credits.html 
# - KNOWN_ISSUES: >
#     Known issues: 
#     https://www.cosmos.esa.int/web/gaia-users/known-issues 
# - DOCUMENTATION: >
#     Tutorials and documentation: 
#     https://www.cosmos.esa.int/web/gaia-users/archive 
# datatype:
# - 
#   name: solution_id
#   datatype: int64
#   description: Solution Identifier
#   meta:
#     ucd: meta.version
# - 
#   name: source_id
#   datatype: int64
#   description: Unique source identifier
#   meta:
#     ucd: meta.id;meta.main
# - 
#   name: global_ranking
#   datatype: float32
#   description: Number between 0 (worst) and 1 (best)
#   meta:
#     ucd: stat.param
# - 
#   name: reference_time
#   datatype: float64
#   unit: d
#   description: Reference time used for the geometric model fit
#   meta:
#     ucd: time.epoch
# - 
#   name: frequency
#   datatype: float64
#   unit: d**-1
#   description: Frequency of geometric model of the eclipsing binary light curve
#   meta:
#     ucd: src.orbital
# - 
#   name: frequency_error
#   datatype: float32
#   unit: d**-1
#   description: "Uncertainty of \\texttt{frequency}"
#   meta:
#     ucd: stat.error
# - 
#   name: geom_model_reference_level
#   datatype: float32
#   unit: mag
#   description: Magnitude reference level of geometric model
#   meta:
#     ucd: phot.mag;em.opt
# - 
#   name: geom_model_reference_level_error
#   datatype: float32
#   unit: mag
#   description: "Uncertainty of \\texttt{geomModelReferenceLevel}"
#   meta:
#     ucd: stat.error;phot.mag;em.opt
# - 
#   name: geom_model_gaussian1_phase
#   datatype: float32
#   description: Phase of the Gaussian 1 component
#   meta:
#     ucd: time.phase
# - 
#   name: geom_model_gaussian1_phase_error
#   datatype: float32
#   description: "Uncertainty of \\texttt{geomModelGaussian1Phase}"
#   meta:
#     ucd: stat.error;time.phase
# - 
#   name: geom_model_gaussian1_sigma
#   datatype: float32
#   description: "Standard deviation [phase] of Gaussian 1 component"
#   meta:
#     ucd: stat.stdev
# - 
#   name: geom_model_gaussian1_sigma_error
#   datatype: float32
#   description: "Uncertainty of \\texttt{geomModelGaussian1Sigma}"
#   meta:
#     ucd: stat.error
# - 
#   name: geom_model_gaussian1_depth
#   datatype: float32
#   unit: mag
#   description: Magnitude depth of Gaussian 1 component
#   meta:
#     ucd: src.var.amplitude
# - 
#   name: geom_model_gaussian1_depth_error
#   datatype: float32
#   unit: mag
#   description: "Uncertainty of \\texttt{geomModelGaussian1Depth}"
#   meta:
#     ucd: stat.error;src.var.amplitude
# - 
#   name: geom_model_gaussian2_phase
#   datatype: float32
#   description: Phase of Gaussian 2 component
#   meta:
#     ucd: time.phase
# - 
#   name: geom_model_gaussian2_phase_error
#   datatype: float32
#   description: "Uncertainty of \\texttt{geomModelGaussian2Phase}"
#   meta:
#     ucd: stat.error;time.phase
# - 
#   name: geom_model_gaussian2_sigma
#   datatype: float32
[...]
#   datatype: float32
#   description: "Secondary eclipse: uncertainty of \\texttt{derivedSecondaryEclDuration}"
#   meta:
#     ucd: stat.error;time.duration
# - 
#   name: derived_secondary_ecl_depth
#   datatype: float32
#   unit: mag
#   description: "Secondary eclipse: depth"
#   meta:
#     ucd: src.var.amplitude
# - 
#   name: derived_secondary_ecl_depth_error
#   datatype: float32
#   unit: mag
#   description: "Secondary eclipse: uncertainty of \\texttt{derivedSecondaryEclDepth}"
#   meta:
#     ucd: stat.error;src.var.amplitude
solution_id,source_id,global_ranking,reference_time,frequency,frequency_error,geom_model_reference_level,geom_model_reference_level_error,geom_model_gaussian1_phase,geom_model_gaussian1_phase_error,geom_model_gaussian1_sigma,geom_model_gaussian1_sigma_error,geom_model_gaussian1_depth,geom_model_gaussian1_depth_error,geom_model_gaussian2_phase,geom_model_gaussian2_phase_error,geom_model_gaussian2_sigma,geom_model_gaussian2_sigma_error,geom_model_gaussian2_depth,geom_model_gaussian2_depth_error,geom_model_cosine_half_period_amplitude,geom_model_cosine_half_period_amplitude_error,geom_model_cosine_half_period_phase,geom_model_cosine_half_period_phase_error,model_type,num_model_parameters,reduced_chi2,derived_primary_ecl_phase,derived_primary_ecl_phase_error,derived_primary_ecl_duration,derived_primary_ecl_duration_error,derived_primary_ecl_depth,derived_primary_ecl_depth_error,derived_secondary_ecl_phase,derived_secondary_ecl_phase_error,derived_secondary_ecl_duration,derived_secondary_ecl_duration_error,derived_secondary_ecl_depth,derived_secondary_ecl_depth_error
[from data line 591]
375316653866487564,5957521790261353216,0.616715,2457.751065785817,4.247616102009714,1.1677708E-5,19.272093,0.013413947,0.2207082,0.0025265818,0.043596912,0.004269743,0.610577,0.032988526,0.7229862,0.0040651676,0.038439896,0.0040654275,0.43173346,0.042325176,0.14846164,0.016716186,0.2207082,0.0025265818,"TWOGAUSSIANS_WITH_ELLIPSOIDAL_ON_ECLIPSE1",9,2.3427198,0.2207082,0.0025265818,0.24414271,0.02391056,0.90749955,0.03440832,0.7229862,0.0040609776,0.21526341,0.022766395,0.7285952,0.03868743
375316653866487564,5957521962057721984,0.4878047,2442.0345909298376,3.210837251462961,1.737379E-5,17.681784,0.13973285,0.31229833,0.0077179275,0.14323178,0.03464704,0.26118323,0.13622175,0.8362444,0.010152441,0.1255403,0.041166138,0.19644335,0.12497165,null,null,null,null,"TWOGAUSSIANS",8,9.468196,0.31202832,0.0071278303,0.4,0.0,0.19319257,0.010993001,0.8375944,0.007881777,0.4,0.0,0.12964967,0.01293425
375316653866487564,5957521996451522432,0.4671046,2456.7041683698626,3.765867862330668,3.520695E-5,19.802834,0.011785172,0.39026612,0.0035635435,0.069964714,0.0052844933,0.57009804,0.04430785,0.6738381,0.08001068,0.08581889,0.12145313,0.07677,0.099152684,null,null,null,null,"TWOGAUSSIANS",8,2.6295485,0.39037612,0.003074219,0.3918024,0.02516673,0.5704162,0.044992007,0.6738381,0.08001068,0.4,0.4268575,0.07691512,0.101458825
375316653866487564,5957522473129748608,0.5928256,2413.504400561882,3.466272897911467,7.9298E-6,17.059685,0.008977669,0.26758078,0.0034865804,0.08941669,0.004894244,0.26473388,0.010734331,0.76284987,0.0015046662,0.090983704,0.004245141,0.30239016,0.008950499,null,null,null,null,"TWOGAUSSIANS",8,6.567295,0.76284987,0.0015046662,0.4,0.0,0.29109013,0.0084796185,0.26758078,0.0034865804,0.4,0.0,0.25343394,0.009313324
375316653866487564,5957522885447893376,0.4442969,2427.199709468754,2.392897408774634,2.9295335E-5,18.193495,0.027470276,0.26233852,0.008201128,0.0787384,0.02310484,0.121455684,0.020781647,0.7210022,0.016133716,0.13992772,0.04989496,0.057731368,0.028362717,null,null,null,null,"TWOGAUSSIANS",8,4.503476,0.2626185,0.007935072,0.4,0.05064142,0.1152259,0.014519454,0.7210022,0.016133716,0.4,0.0,0.05120028,0.018675424
375316653866487564,5957523061569826816,0.48683548,2412.957090911113,0.3768562076412803,1.3663834E-5,19.256586,0.013413779,0.21222402,0.0060440493,0.047700375,0.007302769,0.24312884,0.03742868,0.68362767,0.01005276,0.04484277,0.0069335396,0.30670232,0.02840409,null,null,null,null,"TWOGAUSSIANS",8,5.270679,0.68362767,0.01005276,0.2511195,0.03882782,0.30670226,0.028403787,0.21222402,0.0060440493,0.26712212,0.040895507,0.24312879,0.03742878
375316653866487564,5957523199008899840,0.52318645,2422.993167089506,4.847538113327076,2.4717647E-5,19.155258,0.013015484,0.33164144,0.008208702,0.1485933,0.0112118665,0.3672046,0.013428049,0.54324937,0.0048347767,0.0046501155,0.0046821125,0.1444211,2.563523,null,null,null,null,"TWOGAUSSIANS",8,3.1263814,0.33164144,0.008208702,0.4,0.0,0.36465016,0.012256831,0.54324937,0.0048347767,0.026040647,0.02621983,0.27507672,2.5632153
375316653866487564,5957523297765443712,0.65284705,2388.2726184722924,0.8571797553420155,1.3322897E-6,16.420837,0.0017267138,0.20182955,0.0026488996,0.0570357,0.0027401377,0.092492044,0.004107843,0.7027155,0.0035762188,0.046661887,0.004457734,0.5063443,0.024138806,null,null,null,null,"TWOGAUSSIANS",8,4.672596,0.7027155,0.0035762188,0.26130658,0.02496331,0.506341,0.024141159,0.20182955,0.0026488996,0.31939992,0.015344771,0.09248871,0.0041077025
375316653866487564,5957523439533596672,0.54598516,2443.062193869811,2.8789355376570533,8.443011E-6,18.682278,0.01267621,0.2613409,0.0032197905,0.08385938,0.004346077,0.44836074,0.013734586,0.7500594,0.0041631856,0.08810764,0.0052545886,0.43747008,0.022992456,null,null,null,null,"TWOGAUSSIANS",8,5.1373754,0.2613409,0.0032197905,0.4,0.0,0.43770614,0.011817041,0.7500594,0.0041631856,0.4,0.0,0.42681536,0.023099734
375316653866487564,5957523920570091776,0.4255602,2533.950091122563,0.1046339422276207,4.1547955E-5,19.835787,0.015990134,null,null,null,null,null,null,null,null,null,null,null,null,0.2251895,0.020792698,0.21571669,0.0065037212,"ELLIPSOIDAL",4,5.383111,null,null,null,null,null,null,null,null,null,null,null,null
375316653866487564,5957523984957012224,0.60112166,2434.4393516228156,2.596962774151007,5.4875095E-6,16.855673,0.0071200477,0.31721354,0.0014201937,0.08906468,0.0026418054,0.29694104,0.007077702,0.81846964,0.0026532165,0.10101241,0.0038234794,0.28712085,0.008419497,null,null,null,null,"TWOGAUSSIANS",8,5.3832707,0.31721354,0.0014201937,0.4,0.0,0.27896658,0.004192386,0.81846964,0.0026532165,0.4,0.0,0.26914373,0.006949728
375316653866487564,5957524023649175296,0.538249,2461.434666584988,3.2197326558074892,1.2689148E-5,18.959238,0.022758244,0.2634422,0.003313581,0.093578406,0.0069089155,0.4845792,0.020455532,0.7547099,0.0036600176,0.098654866,0.007471439,0.4955187,0.02522222,null,null,null,null,"TWOGAUSSIANS",8,4.2242303,0.7547099,0.0036600176,0.4,0.0,0.46598008,0.024489589,0.2634422,0.003313581,0.4,0.0,0.45504278,0.010920945
375316653866487564,5957524191133322880,0.54438806,2481.2744241262512,1.6517425822674943,1.3371949E-5,18.23668,0.002342935,0.23430297,0.005633529,0.060851723,0.0062435917,0.078171894,0.010425178,0.73296165,0.0024881104,0.04990728,0.0019848791,0.39879483,0.025412027,null,null,null,null,"TWOGAUSSIANS",8,2.2266057,0.73296165,0.0024881104,0.27948076,0.011115324,0.39878353,0.025414195,0.23430297,0.005633529,0.34076965,0.034964114,0.0781606,0.010430503
375316653866487564,5957524294221641984,0.51905805,2480.0143804360205,2.5529377794512884,1.7873403E-5,18.836906,0.011985443,0.27305275,0.004866979,0.078022465,0.007847935,0.39027545,0.02758023,0.7820312,0.0036745411,0.07692916,0.006208156,0.32886636,0.012480164,null,null,null,null,"TWOGAUSSIANS",8,5.8916416,0.27305275,0.004866979,0.4,0.0,0.3870215,0.028548492,0.7820312,0.0036745411,0.4,0.0,0.32561243,0.011517122
375316653866487564,5957524672151899648,0.51236093,2487.9975069728794,3.3344639399039373,1.8164297E-5,17.518467,0.008172739,0.25735316,0.002841446,0.035181522,0.026463574,0.12751889,0.049077727,0.7507625,0.007410808,0.04171892,0.008609221,0.22030467,0.024886118,0.14198877,0.014211701,0.25735316,0.002841446,"TWOGAUSSIANS_WITH_ELLIPSOIDAL_ON_ECLIPSE1",9,21.790165,0.7517525,0.0062381006,0.23362595,0.048211638,0.5038684,0.022961369,0.25735316,0.002841446,0.19701652,0.14819601,0.41149616,0.05046526
375316653866487564,5957525020081942400,0.5319058,2467.361487402675,2.431940200364347,2.370687E-5,19.3346,0.010783427,0.24402007,0.009585602,0.09589584,0.013864423,0.16035026,0.010159523,0.7290008,0.004354359,0.07336321,0.0042964946,0.45357084,0.022224361,null,null,null,null,"TWOGAUSSIANS",8,1.6842096,0.7290008,0.004354359,0.4,0.0,0.44882128,0.021228943,0.24402007,0.009585602,0.4,0.0,0.15560016,0.009060834
375316653866487564,5957525054441706368,0.48609135,2483.31318908447,1.5888996004833846,2.4603936E-5,19.385557,0.009561135,0.26186755,0.010786435,0.0776825,0.012497875,0.19500166,0.013994218,0.75557905,0.0027862198,0.0760319,0.0046744617,0.2512621,0.013281679,null,null,null,null,"TWOGAUSSIANS",8,2.2922978,0.75557905,0.0027862198,0.4,0.0,0.24931473,0.012861046,0.26186755,0.010786435,0.4,0.017042732,0.19305426,0.013675781
375316653866487564,5957525260614401280,0.4934525,2528.047459077376,3.3291380093407317,1.9116951E-5,19.895407,0.015506236,0.26748127,0.007908377,0.06674027,0.008786525,0.39673564,0.049863923,0.7681657,0.006240463,0.07053284,0.006051348,0.37304956,0.027713533,null,null,null,null,"TWOGAUSSIANS",8,1.884186,0.26748127,0.007908377,0.37374547,0.04651943,0.3957427,0.05029071,0.7681657,0.006240463,0.39498395,0.024962304,0.37205663,0.02742332
375316653866487564,5957525363679298816,0.5141784,2461.0725031696966,2.698166821336317,2.3764862E-5,19.345022,0.071506396,0.278171,0.00845965,0.10299564,0.026812878,0.2909417,0.06835462,0.77193284,0.0057920883,0.100446984,0.022195064,0.29625526,0.066011034,null,null,null,null,"TWOGAUSSIANS",8,2.4861429,0.77193284,0.0057920883,0.4,0.0,0.26970747,0.017773844,0.278171,0.008487361,0.4,0.0,0.26439187,0.023174992
375316653866487564,5957525428066580224,0.60768265,2477.908150102705,1.207276035865891,5.9901054E-6,17.58645,0.0037777084,0.24508837,0.0029512434,0.08565966,0.003969079,0.17042726,0.006136027,0.7417358,0.0014200658,0.0659737,0.0022695244,0.4651622,0.01234696,null,null,null,null,"TWOGAUSSIANS",8,3.5236793,0.7417358,0.0014200658,0.3694527,0.012709336,0.46308514,0.012611122,0.24508837,0.0029512434,0.4,0.0,0.1683502,0.0061950325
375316653866487564,5957525672928533248,0.6213864,2498.063455108688,3.790943771185609,3.1592426E-6,18.425953,0.015450869,0.20516507,8.988485E-4,0.05093901,0.003096554,0.45238033,0.03598131,0.70216364,0.0019758043,0.053184863,0.0041294727,0.4244802,0.036078617,0.103587516,0.02311122,0.20516507,8.988485E-4,"TWOGAUSSIANS_WITH_ELLIPSOIDAL_ON_ECLIPSE1",9,4.2183537,0.20516507,8.988485E-4,0.28525844,0.017340701,0.65954715,0.018077185,0.7024536,0.0017859874,0.29783523,0.023125047,0.63158053,0.016189884
375316653866487564,5957525913446806528,0.49939138,2497.4927011189993,1.228313398091379,2.9038776E-5,17.98806,0.0015613539,0.28549546,0.0061225365,0.049536984,0.010090633,0.10866366,0.017134931,0.7767391,0.010034082,0.06129498,0.008692773,0.045139074,0.0042240694,null,null,null,null,"TWOGAUSSIANS",8,1.2463964,0.28549546,0.0061225365,0.2774071,0.056507546,0.108660154,0.017143002,0.7767391,0.010034082,0.34325188,0.04867953,0.045135565,0.0042236955
375316653866487564,5957526218367101696,0.4415819,2493.2230764898227,2.630481091849768,3.005215E-5,19.594336,0.045600824,0.21069585,0.0111605115,0.11231122,0.02623781,0.22010718,0.046122283,0.695827,0.0069302255,0.10378882,0.015163305,0.27430043,0.04521756,null,null,null,null,"TWOGAUSSIANS",8,4.26143,0.695827,0.0069302255,0.4,0.0,0.24577828,0.019524612,0.21070586,0.011167035,0.4,0.0,0.19156566,0.03358424
375316653866487564,5957526806800228608,0.48095214,2536.5490993516505,3.0615772596945936,3.9006027E-5,19.769335,0.018323427,0.27488086,0.0069843694,0.08519065,0.012245772,0.24231264,0.01807098,0.752842,0.009089772,0.08318667,0.014775878,0.25596336,0.020446917,null,null,null,null,"TWOGAUSSIANS",8,1.9650475,0.752842,0.009089772,0.4,0.0,0.25189185,0.019875368,0.27488086,0.0069843694,0.4,0.0,0.23824112,0.014727566
375316653866487564,5957526944238445312,0.44352263,2496.0187929241383,0.9964819135348255,3.9884806E-5,17.787088,0.01246426,0.25612083,0.009185691,0.07733576,0.010253662,0.16020992,0.022780584,0.7632505,0.0066613494,0.08335096,0.009371861,0.16330217,0.016380087,null,null,null,null,"TWOGAUSSIANS",8,10.34403,0.7632505,0.0066613494,0.4,0.0,0.1610794,0.015312681,0.25612083,0.009185691,0.4,0.0,0.15798718,0.021846067
375316653866487564,5957527631430652672,0.5131412,2477.992513254301,1.7393847161374307,1.0743014E-5,18.849897,0.008921989,0.1962399,0.005555027,0.063771985,0.0056276754,0.18630382,0.0122274,0.69547224,0.00237296,0.055528913,0.0023017526,0.6384171,0.013261781,null,null,null,null,"TWOGAUSSIANS",8,6.446877,0.69547224,0.00237296,0.3109619,0.012889814,0.63832,0.013236343,0.1962399,0.005555027,0.3571231,0.031514984,0.18620673,0.012205499
375316653866487564,5957527734528767232,0.6237155,2459.4318967845174,0.28353386711294387,1.9823242E-6,13.69562,0.0017355111,0.38735843,0.039624315,0.12379027,0.07436637,0.009615375,0.0028338695,0.7560248,0.0012270398,0.0175135,9.5834327E-4,0.24087651,0.008462474,null,null,null,null,"TWOGAUSSIANS",8,32.771366,0.7560248,0.0012270398,0.098075606,0.005366722,0.24098505,0.008472131,0.38735843,0.039624315,0.4,0.0,0.00960986,0.002872682
375316653866487564,5957528009379244288,0.5523605,2539.01228964259,0.7904049885103696,1.3029349E-5,19.070566,0.0038633116,0.21416739,0.002343447,0.02287404,0.0022117281,0.8073186,0.1488446,0.705507,0.0039969026,0.019500552,0.005832978,0.09867286,0.054852467,0.036245413,0.008220809,0.21416739,0.002343447,"TWOGAUSSIANS_WITH_ELLIPSOIDAL_ON_ECLIPSE1",9,2.157668,0.21416739,0.002343447,0.12809463,0.012385678,0.8798094,0.15431632,0.70569694,0.003931071,0.109203085,0.03266468,0.17095375,0.058719445
375316653866487564,5957528353004012544,0.54842126,2466.0698953109404,2.717595504463152,1.1670153E-5,16.573744,0.009487026,0.303837,0.0035616688,0.10446488,0.0064665773,0.20779909,0.009391067,0.8080399,0.0033429884,0.099817894,0.00649732,0.191554,0.00912194,null,null,null,null,"TWOGAUSSIANS",8,10.569325,0.303837,0.0035616688,0.4,0.0,0.1888137,0.0046640285,0.8080399,0.0033429884,0.4,0.0,0.1725717,0.004444157
375316653866487564,5957528554803035520,0.64909536,2506.826569220588,1.0938460361849665,3.1785812E-6,16.81104,0.027249234,0.16371243,0.0010435027,0.06424972,0.0148457,0.19248393,0.04105518,0.66307425,0.002243585,0.04990426,0.010406662,0.25337982,0.04425414,0.13209388,0.03133152,0.16371243,0.0010435027,"TWOGAUSSIANS_WITH_ELLIPSOIDAL_ON_ECLIPSE1",9,7.2569437,0.6631843,0.0019267412,0.27946386,0.058277305,0.5174628,0.024289256,0.16371243,0.0010435027,0.3597984,0.07245826,0.45657042,0.028204706
375316653866487564,5957528554803074944,0.42290553,2581.46472679748,2.482957761651441,4.264906E-5,17.964334,0.01023849,0.15666619,0.010720821,0.046691883,0.009901666,0.23510027,0.061165243,0.785392,0.0133119635,0.03298402,0.012936782,0.23448272,0.2548905,null,null,null,null,"TWOGAUSSIANS",8,8.955061,0.15666619,0.010720821,0.26147455,0.05544933,0.23510027,0.061165243,0.785392,0.0133119635,0.1847105,0.07244598,0.23448272,0.2548905
375316653866487564,5957528657882173952,0.55681944,2459.590119995495,0.8875566714821692,2.1443058E-5,16.519365,0.002354246,0.25515047,0.0049002953,0.027482547,0.008132232,0.043304525,0.021803353,0.76111895,0.003582648,0.040821105,0.0058563678,0.15110259,0.009128036,0.011733733,0.0031559907,0.25515047,0.0049002953,"TWOGAUSSIANS_WITH_ELLIPSOIDAL_ON_ECLIPSE1",9,3.3903623,0.76111895,0.003582648,0.22859818,0.03279566,0.17453703,0.0106105795,0.25515047,0.0049002953,0.15390226,0.045540504,0.06677197,0.023752864
375316653866487564,5957528971452068480,0.46039516,2467.1914983802876,2.0208257598129813,1.4556754E-4,17.578375,0.0023250093,0.11577652,0.0017747919,0.019735923,0.0012522325,0.14651771,0.014203991,0.61561483,0.004182061,0.03165303,0.003389858,0.15504861,0.0146307135,null,null,null,null,"TWOGAUSSIANS",8,2.6475115,0.61561483,0.004182061,0.17725699,0.018983206,0.15504861,0.0146307135,0.11577652,0.0017747919,0.11052117,0.007012502,0.14651771,0.014203991
375316653866487564,5957529108918269440,0.5977784,2472.797911571723,1.848956012721681,5.769825E-6,17.426453,0.005089203,0.28417045,0.0016809518,0.087002575,0.0019523241,0.43998474,0.008182841,0.7948225,0.003298364,0.08565904,0.0041147894,0.2124754,0.009040417,null,null,null,null,"TWOGAUSSIANS",8,5.1059012,0.28417045,0.0016809518,0.4,0.0,0.43231642,0.007593144,0.7948225,0.003298364,0.4,0.0,0.20480715,0.009116849
375316653866487564,5957529211997499520,0.4826679,2473.473745945752,2.1849058768737453,1.7006058E-5,19.321955,0.011796167,0.2786174,0.005039981,0.062057916,0.00604361,0.25079474,0.01620486,0.7586276,0.03904334,0.07073943,0.03952682,0.07876287,0.026763834,null,null,null,null,"TWOGAUSSIANS",8,2.4962132,0.2786174,0.005039981,0.34752434,0.033844218,0.25067005,0.01602759,0.7586276,0.03904334,0.3961408,0.18252295,0.07863817,0.026873348
