Gaia/vari_eclipsing_binary/VariEclipsingBinary_024206-024526.csv
# %ECSV 1.0
# ---
# delimiter: ','
# meta: !!omap
# - RELEASE: Gaia DR3
# - TABLE: vari_eclipsing_binary
# - DESCRIPTION: >
#     This table describes the properties of the eclipsing binaries resulting from the variability analysis. 
# - CITATION: >
#     How to cite and acknowledge Gaia: 
#     https://gea.esac.esa.int/archive/documentation/credits.html 
# - KNOWN_ISSUES: >
#     Known issues: 
#     https://www.cosmos.esa.int/web/gaia-users/known-issues 
# - DOCUMENTATION: >
#     Tutorials and documentation: 
#     https://www.cosmos.esa.int/web/gaia-users/archive 
# datatype:
# - 
#   name: solution_id
#   datatype: int64
#   description: Solution Identifier
#   meta:
#     ucd: meta.version
# - 
#   name: source_id
#   datatype: int64
#   description: Unique source identifier
#   meta:
#     ucd: meta.id;meta.main
# - 
#   name: global_ranking
#   datatype: float32
#   description: Number between 0 (worst) and 1 (best)
#   meta:
#     ucd: stat.param
# - 
#   name: reference_time
#   datatype: float64
#   unit: d
#   description: Reference time used for the geometric model fit
#   meta:
#     ucd: time.epoch
# - 
#   name: frequency
#   datatype: float64
#   unit: d**-1
#   description: Frequency of geometric model of the eclipsing binary light curve
#   meta:
#     ucd: src.orbital
# - 
#   name: frequency_error
#   datatype: float32
#   unit: d**-1
#   description: "Uncertainty of \\texttt{frequency}"
#   meta:
#     ucd: stat.error
# - 
#   name: geom_model_reference_level
#   datatype: float32
#   unit: mag
#   description: Magnitude reference level of geometric model
#   meta:
#     ucd: phot.mag;em.opt
# - 
#   name: geom_model_reference_level_error
#   datatype: float32
#   unit: mag
#   description: "Uncertainty of \\texttt{geomModelReferenceLevel}"
#   meta:
#     ucd: stat.error;phot.mag;em.opt
# - 
#   name: geom_model_gaussian1_phase
#   datatype: float32
#   description: Phase of the Gaussian 1 component
#   meta:
#     ucd: time.phase
# - 
#   name: geom_model_gaussian1_phase_error
#   datatype: float32
#   description: "Uncertainty of \\texttt{geomModelGaussian1Phase}"
#   meta:
#     ucd: stat.error;time.phase
# - 
#   name: geom_model_gaussian1_sigma
#   datatype: float32
#   description: "Standard deviation [phase] of Gaussian 1 component"
#   meta:
#     ucd: stat.stdev
# - 
#   name: geom_model_gaussian1_sigma_error
#   datatype: float32
#   description: "Uncertainty of \\texttt{geomModelGaussian1Sigma}"
#   meta:
#     ucd: stat.error
# - 
#   name: geom_model_gaussian1_depth
#   datatype: float32
#   unit: mag
#   description: Magnitude depth of Gaussian 1 component
#   meta:
#     ucd: src.var.amplitude
# - 
#   name: geom_model_gaussian1_depth_error
#   datatype: float32
#   unit: mag
#   description: "Uncertainty of \\texttt{geomModelGaussian1Depth}"
#   meta:
#     ucd: stat.error;src.var.amplitude
# - 
#   name: geom_model_gaussian2_phase
#   datatype: float32
#   description: Phase of Gaussian 2 component
#   meta:
#     ucd: time.phase
# - 
#   name: geom_model_gaussian2_phase_error
#   datatype: float32
#   description: "Uncertainty of \\texttt{geomModelGaussian2Phase}"
#   meta:
#     ucd: stat.error;time.phase
# - 
#   name: geom_model_gaussian2_sigma
#   datatype: float32
[...]
#   datatype: float32
#   description: "Secondary eclipse: uncertainty of \\texttt{derivedSecondaryEclDuration}"
#   meta:
#     ucd: stat.error;time.duration
# - 
#   name: derived_secondary_ecl_depth
#   datatype: float32
#   unit: mag
#   description: "Secondary eclipse: depth"
#   meta:
#     ucd: src.var.amplitude
# - 
#   name: derived_secondary_ecl_depth_error
#   datatype: float32
#   unit: mag
#   description: "Secondary eclipse: uncertainty of \\texttt{derivedSecondaryEclDepth}"
#   meta:
#     ucd: stat.error;src.var.amplitude
solution_id,source_id,global_ranking,reference_time,frequency,frequency_error,geom_model_reference_level,geom_model_reference_level_error,geom_model_gaussian1_phase,geom_model_gaussian1_phase_error,geom_model_gaussian1_sigma,geom_model_gaussian1_sigma_error,geom_model_gaussian1_depth,geom_model_gaussian1_depth_error,geom_model_gaussian2_phase,geom_model_gaussian2_phase_error,geom_model_gaussian2_sigma,geom_model_gaussian2_sigma_error,geom_model_gaussian2_depth,geom_model_gaussian2_depth_error,geom_model_cosine_half_period_amplitude,geom_model_cosine_half_period_amplitude_error,geom_model_cosine_half_period_phase,geom_model_cosine_half_period_phase_error,model_type,num_model_parameters,reduced_chi2,derived_primary_ecl_phase,derived_primary_ecl_phase_error,derived_primary_ecl_duration,derived_primary_ecl_duration_error,derived_primary_ecl_depth,derived_primary_ecl_depth_error,derived_secondary_ecl_phase,derived_secondary_ecl_phase_error,derived_secondary_ecl_duration,derived_secondary_ecl_duration_error,derived_secondary_ecl_depth,derived_secondary_ecl_depth_error
375316653866487564,212923111076764416,0.6485532,2301.717734970119,0.4357344441091149,2.6174448E-6,15.698271,0.0018100935,0.26749986,8.552724E-4,0.029881367,7.4766186E-4,0.31580755,0.005736833,0.7679181,5.795369E-4,0.029219387,8.9386624E-4,0.1901679,0.003949316,0.023135506,0.0020729788,0.26749986,8.552724E-4,"TWOGAUSSIANS_WITH_ELLIPSOIDAL_ON_ECLIPSE1",9,8.687497,0.26749986,8.552724E-4,0.16733566,0.0041869064,0.36207855,0.0044140304,0.7679181,5.795369E-4,0.16362856,0.0050056507,0.2364386,0.0032984826
375316653866487564,212924588545504640,0.45672917,2304.7995002539437,0.30015233303802524,9.54998E-6,16.270538,0.009737762,0.26818228,0.001428926,0.011856535,0.0014260124,0.47344342,0.01239861,0.7687864,0.008240915,0.012519276,0.005141758,0.3933912,0.2389509,0.009157258,0.014786882,0.26818228,0.001428926,"TWOGAUSSIANS_WITH_ELLIPSOIDAL_ON_ECLIPSE1",9,126.410286,0.26818228,0.001428926,0.0663966,0.007985669,0.49175793,0.024814334,0.7687864,0.008233765,0.070107944,0.028793845,0.4117054,0.24510108
375316653866487564,212925172657741568,0.56232804,2295.2414409324088,3.618454657425026,8.47665E-6,18.767954,0.008926581,0.2499532,0.002171539,0.0715828,0.0034609379,0.42383432,0.012757394,0.75239456,0.0027611128,0.07970377,0.0035137793,0.4208258,0.009703035,null,null,null,null,"TWOGAUSSIANS",8,2.5248814,0.2499532,0.002171539,0.4,0.009593266,0.42043927,0.012613162,0.75239456,0.0027611128,0.4,0.0,0.41743073,0.009027815
375316653866487564,212928196318904576,0.62239075,2324.2104142988387,1.8674547502952406,1.291664E-5,14.463296,0.0040760366,0.25196916,0.0017984516,0.08362625,0.0026664052,0.24692929,0.0067643113,0.7576069,0.0017059853,0.110422365,0.0045250747,0.13503453,0.0035814105,null,null,null,null,"TWOGAUSSIANS",8,21.672913,0.25196916,0.0017984516,0.4,0.0,0.23548627,0.0068832375,0.7576069,0.0017059853,0.4,0.0,0.12358175,0.0025536804
375316653866487564,212929364550003840,0.5285855,2283.2024596269866,2.5288328834649167,1.354266E-5,19.230385,0.013796667,0.31282723,0.0035555765,0.063785344,0.004733948,0.6983394,0.032298826,0.8239275,0.0042364877,0.06596687,0.005307561,0.2840129,0.022547804,null,null,null,null,"TWOGAUSSIANS",8,5.3221774,0.31282723,0.0035555765,0.35719794,0.026510108,0.6979645,0.032347154,0.8239275,0.0042364877,0.36941448,0.02972234,0.28363803,0.022499869
375316653866487564,212943035428389632,0.5713107,2232.1689754278336,3.987797351456297,2.1708594E-5,17.909353,0.01739946,0.2589814,0.0070874123,0.08118414,0.0065918015,0.37406978,0.024845077,0.75516826,0.004224628,0.08463276,0.0058304556,0.4147497,0.017471606,null,null,null,null,"TWOGAUSSIANS",8,9.620956,0.75516826,0.004224628,0.4,0.0,0.40694916,0.013530631,0.2589814,0.0070874123,0.4,0.0,0.36626926,0.022258133
375316653866487564,212943894421895552,0.53865147,2250.597069962863,3.441296095270508,1.8208022E-5,17.42638,0.0046390546,0.32772207,0.0053930692,0.08103665,0.008891499,0.11289664,0.004664901,0.8150402,0.005349311,0.09005007,0.009970928,0.10110355,0.0063644084,null,null,null,null,"TWOGAUSSIANS",8,2.7053049,0.32772207,0.0053930692,0.4,0.0,0.110510655,0.004089278,0.8150402,0.005349311,0.4,0.0,0.09871751,0.0063913576
375316653866487564,212945852926935552,0.4915949,2200.12955671083,2.2808959863900524,1.820383E-5,19.531649,0.007568816,0.17557637,0.0067002275,0.03901304,0.005175045,0.21323298,0.010894343,0.6596122,0.0040633124,0.047062375,0.0077927704,0.27044892,0.061343264,null,null,null,null,"TWOGAUSSIANS",8,2.007246,0.6596122,0.0040633124,0.2635493,0.043639515,0.27044892,0.061343305,0.17557637,0.0067002275,0.21847302,0.028980255,0.21323296,0.01089434
375316653866487564,212946024725661952,0.5693701,2191.9742616754293,3.178301865453343,1.7029864E-5,18.420027,0.012883475,0.1788387,0.0045749117,0.08341894,0.0052763117,0.40644282,0.013965659,0.6894758,0.005451198,0.08468453,0.0060340874,0.39753538,0.01971873,null,null,null,null,"TWOGAUSSIANS",8,4.0640607,0.1788387,0.0045749117,0.4,0.0,0.39847153,0.013280637,0.6894758,0.005451198,0.4,0.0,0.3895641,0.018640423
375316653866487564,212951075607526528,0.56748337,2235.458229756359,2.715005263504887,1.1415959E-5,18.020508,0.011088302,0.17947988,0.004083968,0.080004476,0.0053987065,0.28565744,0.015310573,0.67676073,0.0027792219,0.07983654,0.0055477,0.30081853,0.02516875,null,null,null,null,"TWOGAUSSIANS",8,3.4053123,0.67676073,0.0027792219,0.4,0.0,0.29664856,0.025548471,0.17947988,0.004083968,0.4,0.0,0.2814875,0.014322075
375316653866487564,212951178686785408,0.5395387,2241.2746251764524,3.3925183548346634,2.1561566E-5,19.61609,0.008375645,0.23377141,0.003614195,0.07195274,0.005019229,0.60015315,0.037477344,0.7425045,0.008217277,0.06561168,0.004870831,0.50965637,0.05203079,null,null,null,null,"TWOGAUSSIANS",8,1.9057068,0.23377141,0.003614195,0.4,0.017126376,0.59896415,0.037884183,0.7425045,0.008217277,0.3674254,0.027276654,0.5084673,0.052653864
375316653866487564,212951698379463680,0.46591318,2221.9884157977676,0.09581750978368324,8.196717E-5,13.863466,0.0030399403,0.19079985,0.0072457874,0.014623194,0.007835238,0.53354853,0.123371825,null,null,null,null,null,null,null,null,null,null,"ONEGAUSSIAN",5,2359.7258,0.19079985,0.0072457874,0.08188989,0.043877333,0.53354853,0.0,null,null,null,null,null,null
375316653866487564,212955203072516864,0.5437149,2261.7602100904505,0.4159436609131764,6.758012E-5,13.574262,0.0011487884,0.24715047,0.0021028449,0.016688544,0.0019761717,0.093663424,0.007423851,0.75166905,0.004004124,0.01843294,0.0038491369,0.09316534,0.022507435,0.0019181361,0.002025937,0.24715047,0.0021028449,"TWOGAUSSIANS_WITH_ELLIPSOIDAL_ON_ECLIPSE1",9,36.46818,0.24715047,0.0021028449,0.09345585,0.011066562,0.09749969,0.0076390253,0.75166905,0.004004124,0.10322446,0.021555167,0.09699851,0.022859965
375316653866487564,212969939104409344,0.52505887,2212.9471836669945,3.4001772135412716,1.5229345E-5,17.828115,0.019537786,0.22253686,0.006698954,0.10393915,0.017982965,0.1705084,0.022760477,0.71850276,0.0031897821,0.082072034,0.008657588,0.1905229,0.01824683,null,null,null,null,"TWOGAUSSIANS",8,4.6059904,0.71850276,0.0031897821,0.4,0.0,0.18149711,0.013017354,0.22253686,0.006698954,0.4,0.0,0.16147934,0.022614427
375316653866487564,212972073701717632,0.45378998,2248.9636275814123,2.6396701671815186,5.533154E-5,15.909664,0.011199955,0.16010354,0.020464005,0.10524665,0.03797719,0.03635781,0.011189484,0.61834764,0.022058513,0.052786227,0.036438607,0.11022741,0.0388387,null,null,null,null,"TWOGAUSSIANS",8,7.971983,0.61834764,0.022058513,0.29560286,0.10548655,0.10995957,0.04576982,0.16010354,0.020464005,0.4,0.0,0.036087118,0.0071160453
375316653866487564,212972863978247296,0.60068154,2250.4089058093145,2.7223221569427825,1.39769145E-5,17.503036,0.018403767,0.23178354,0.002196342,0.05355391,0.0053245374,0.3222817,0.04482905,0.72825295,0.0044244686,0.0505408,0.006512942,0.39966375,0.043681037,0.11284267,0.025858343,0.23178354,0.002196342,"TWOGAUSSIANS_WITH_ELLIPSOIDAL_ON_ECLIPSE1",9,12.012972,0.72861296,0.0039111814,0.28302848,0.036472473,0.62524164,0.041414123,0.23178354,0.002196342,0.2999019,0.02981741,0.54795927,0.021422686
375316653866487564,212972894041660288,0.5579424,2249.6008742289396,3.887842391120096,6.931412E-5,18.314411,0.0021684726,0.08270171,0.0016796448,0.014443483,0.0029864076,0.09939817,0.14455226,0.25178522,0.024244167,0.010458849,0.018454509,0.20288345,0.21656016,null,null,null,null,"TWOGAUSSIANS",8,0.6771242,0.25178522,0.024244167,0.058569558,0.103345245,0.20288345,0.21656016,0.08270171,0.0016796448,0.0808835,0.016723882,0.09939817,0.14455226
375316653866487564,212974925562502528,0.5270393,2264.5535079039714,3.691287271258139,1.1374788E-4,17.096092,0.0034724092,0.20090076,0.008767237,0.028416654,0.005559951,0.32251865,0.17786483,0.8631871,0.008014568,0.025872929,0.0049392493,0.27692592,0.14606526,0.006977585,0.0062058643,0.20090076,0.008767237,"TWOGAUSSIANS_WITH_ELLIPSOIDAL_ON_ECLIPSE1",9,15.23821,0.20090076,0.008767237,0.15913327,0.031135725,0.3364737,0.17712557,0.8631871,0.008014568,0.1448884,0.027659796,0.28075233,0.14582771
375316653866487564,212977223368915584,0.59070337,2252.282469080772,2.5542963825903957,1.195165E-5,18.208197,0.007718409,0.21038829,0.0034986946,0.08096059,0.0070879194,0.26622635,0.012413319,0.70286906,0.0027853006,0.0740137,0.0034789103,0.5547123,0.02607327,null,null,null,null,"TWOGAUSSIANS",8,3.8837857,0.70286906,0.0027853006,0.4,0.0,0.55120075,0.0264598,0.21038829,0.0034986946,0.4,0.0,0.2627148,0.0131943645
375316653866487564,212978151081878784,0.6209223,2243.354848917537,1.1690812780349444,5.5537025E-6,16.266203,0.009811227,0.27313006,0.002976661,0.044441916,0.0038257614,0.2529886,0.027637996,0.76162153,0.0029470874,0.035156492,0.0071300436,0.24415118,0.01905638,0.15799944,0.014518119,0.76162153,0.0029470874,"TWOGAUSSIANS_WITH_ELLIPSOIDAL_ON_ECLIPSE2",9,22.827599,0.27126005,0.002250912,0.24887472,0.021424264,0.5676058,0.01675874,0.76162153,0.0029470874,0.19687636,0.039928246,0.5601497,0.015135572
375316653866487564,212978292816845568,0.57347584,2250.9179935007032,3.690913913964353,1.2688058E-5,18.58285,0.009225142,0.27502212,0.0020565037,0.0365778,0.019211857,0.47036356,1.0632546,null,null,null,null,null,null,0.17960474,0.013433523,0.27502212,0.0020565037,"ONEGAUSSIAN_WITH_ELLIPSOIDAL",6,5.898767,0.27502212,0.0020565037,0.20483568,0.10758639,0.82957304,1.064029,null,null,null,null,null,null
375316653866487564,212984237051564288,0.62007487,2238.699075645168,3.318599838235678,4.295375E-6,17.343811,0.010000336,0.2629906,8.6828694E-4,0.050645392,0.00361334,0.25720719,0.021290528,0.77636874,0.0073164124,0.051974222,0.0062675434,0.26903856,0.035687644,0.114119045,0.013763131,0.2629906,8.6828694E-4,"TWOGAUSSIANS_WITH_ELLIPSOIDAL_ON_ECLIPSE1",9,5.2039833,0.77636874,0.0073164124,0.29105562,0.035098244,0.49566367,0.025270343,0.2629906,8.6828694E-4,0.2836142,0.020234704,0.48544115,0.008882353
375316653866487564,212992826986144512,0.59703493,2304.692368626135,0.011924207628267777,6.9883E-5,14.391414,0.0011042537,0.24781993,0.015409931,0.026891448,0.00732458,0.24008036,0.06856476,0.50793195,0.023853645,0.0142823085,0.019304223,0.19841553,0.28340337,0.0043946123,0.0021113101,0.50793195,0.023853645,"TWOGAUSSIANS_WITH_ELLIPSOIDAL_ON_ECLIPSE2",9,23.985958,0.24779993,0.015435309,0.1505921,0.041017648,0.24011585,0.06850747,0.50793195,0.023853645,0.07998093,0.108103655,0.20720476,0.2839526
375316653866487564,212993823418187520,0.6522198,2229.9696054039405,2.0444012604597432,5.900532E-6,18.055326,0.0069976607,0.24720001,0.0041201543,0.054148525,0.01276964,0.0535715,0.025757998,0.74461806,0.0010033573,0.048876833,0.0020199886,0.42243433,0.016193245,0.09756837,0.007463246,0.24720001,0.0041201543,"TWOGAUSSIANS_WITH_ELLIPSOIDAL_ON_ECLIPSE1",9,2.598368,0.74482805,7.921079E-4,0.27371028,0.011311935,0.6175216,0.009930383,0.24720001,0.0041201543,0.30323175,0.07150999,0.248706,0.017880883
375316653866487564,212994678120834944,0.54190207,2245.3135570674394,4.055263281863146,1.2910482E-5,19.122225,0.013415516,0.2731954,0.014797059,0.06987668,0.008539127,0.6085827,0.067539856,0.7559204,0.002018702,0.067501925,0.004114744,0.6617047,0.040045593,null,null,null,null,"TWOGAUSSIANS",8,4.918268,0.7559204,0.002018702,0.37801078,0.023042565,0.66064674,0.04033848,0.2731954,0.014797059,0.39130938,0.030933008,0.6075247,0.066860534
375316653866487564,212996980219177344,0.54942113,2218.0197723638294,3.684523224037071,1.2421877E-5,19.355429,0.009993284,0.27692842,0.005480695,0.07089468,0.004327179,0.57221425,0.0572924,0.7767224,0.003567314,0.06776236,0.0041490328,0.5484175,0.019877864,null,null,null,null,"TWOGAUSSIANS",8,2.5494053,0.27692842,0.005480695,0.3970102,0.018116595,0.5705412,0.057526536,0.7767224,0.003567314,0.37946922,0.023234583,0.54674447,0.01987443
375316653866487564,212997461255266688,0.44146156,2257.714450149121,2.77356195675188,2.4530446E-4,18.931648,0.032533847,0.25117493,0.041538417,0.11025361,0.06321502,0.07833751,0.06865844,0.70143473,0.019177668,0.10957017,0.022171224,0.17029835,0.033386163,null,null,null,null,"TWOGAUSSIANS",8,5.94454,0.70143473,0.019177668,0.4,0.0,0.16034722,0.017080987,0.25138494,0.041649435,0.4,0.0,0.068404734,0.06556994
375316653866487564,212997671709250944,0.4909031,2243.922905259574,0.9904265219310661,1.5794206E-4,16.370073,0.0041045304,0.43914136,0.008763069,0.032269005,0.008650341,0.438408,0.12203241,null,null,null,null,null,null,null,null,null,null,"ONEGAUSSIAN",5,94.33928,0.43914136,0.008763069,0.18070643,0.04844191,0.438408,0.0,null,null,null,null,null,null
375316653866487564,213002550792040448,0.446355,2125.1088347545938,0.2574464233363569,2.1027634E-5,18.508892,0.010965592,0.32861155,0.0063123466,0.066989735,0.047148973,0.11778679,381372.9,0.88192123,0.03473066,0.029200425,0.008541046,0.3378998,0.23920625,0.07617764,0.019153984,0.32861155,0.0063123466,"TWOGAUSSIANS_WITH_ELLIPSOIDAL_ON_ECLIPSE1",9,6.239433,0.88192123,0.03473066,0.16352238,0.04782986,0.47368163,0.26213622,0.32861155,0.0063123466,0.3751425,0.26294187,0.27003223,381372.9
375316653866487564,213003061893010176,0.6090567,2207.7528405121284,2.682069462514323,6.0355374E-6,17.591711,0.010908264,0.26329023,0.0021212506,0.1046392,0.0046442607,0.28871822,0.010617484,0.7631671,0.0015618297,0.10589654,0.0043106875,0.2686103,0.010271016,null,null,null,null,"TWOGAUSSIANS",8,1.2359254,0.26329023,0.0021212506,0.4,0.0,0.25558826,0.0045209555,0.7631671,0.0015618297,0.4,0.0,0.23547895,0.005168894
375316653866487564,213003409785052288,0.5690267,2183.4042934097683,0.3602998307656359,1.6810118E-5,15.195796,9.839113E-4,0.7037883,0.0018905286,0.037267502,0.0016914122,0.22158588,0.013165579,null,null,null,null,null,null,null,null,null,null,"ONEGAUSSIAN",5,9.692905,0.7037883,0.0018905286,0.20869802,0.009471908,0.22158588,0.0,null,null,null,null,null,null
375316653866487564,213005127772400896,0.45960754,2240.467648220684,0.4793679738382405,4.9013248E-5,16.751915,0.001829474,0.43988737,0.0017518642,0.021764265,0.0018737646,0.06501565,0.005374861,0.85234314,0.0071106646,0.07440529,0.0132476175,0.019898308,0.0032665583,null,null,null,null,"TWOGAUSSIANS",8,3.80599,0.43988737,0.0017518642,0.12187988,0.010493082,0.06501566,0.0053748665,0.85234314,0.0071106646,0.4,0.013418275,0.019898308,0.0032665594
375316653866487564,213006673960587648,0.4463308,2295.9955591843564,0.5008631934178017,1.0124163E-4,17.10977,0.003967358,0.19782178,0.016732633,0.06602336,0.020287246,0.042060453,0.008743346,0.6816249,0.03051804,0.067617506,0.020206617,0.07674107,0.029651683,null,null,null,null,"TWOGAUSSIANS",8,5.201072,0.6816249,0.03051804,0.37865806,0.085614115,0.0766756,0.02928195,0.19782178,0.016732633,0.3697308,0.085496575,0.041994985,0.008781026
375316653866487564,213011587400410240,0.47404405,2289.158207522245,3.7411201082302727,1.0288869E-4,19.24198,0.012455299,null,null,null,null,null,null,null,null,null,null,null,null,0.14296636,0.013500688,0.21635434,0.012314086,"ELLIPSOIDAL",4,10.429266,null,null,null,null,null,null,null,null,null,null,null,null
375316653866487564,213014263164416128,0.5222685,2281.8061070176122,3.081115021617024,1.9230154E-5,18.47439,0.011695144,0.2864809,0.0044637816,0.09984026,0.006082632,0.2859001,0.013709378,0.79616916,0.005032511,0.08479441,0.0072694323,0.22452585,0.012775237,null,null,null,null,"TWOGAUSSIANS",8,3.7557366,0.2864809,0.0044637816,0.4,0.0,0.27460775,0.010874348,0.79616916,0.005032511,0.4,0.0,0.21323577,0.009673721
375316653866487564,213014400603399936,0.7148599,2278.534431888538,0.69373101414607,2.8963873E-6,15.094266,0.0010832623,0.2257919,3.9889204E-4,0.03427898,4.0797304E-4,0.41568363,0.008043211,0.72558504,7.0368865E-4,0.033313993,8.198382E-4,0.43761694,0.0070656664,0.019019857,0.0018803016,0.2257919,3.9889204E-4,"TWOGAUSSIANS_WITH_ELLIPSOIDAL_ON_ECLIPSE1",9,9.925423,0.72558504,7.0368865E-4,0.18655837,0.004591094,0.47565654,0.0062260847,0.2257919,3.9889204E-4,0.19196229,0.002284649,0.45372328,0.007848546
