Gaia/vari_eclipsing_binary/VariEclipsingBinary_484556-484583.csv
# %ECSV 1.0
# ---
# delimiter: ','
# meta: !!omap
# - RELEASE: Gaia DR3
# - TABLE: vari_eclipsing_binary
# - DESCRIPTION: >
#     This table describes the properties of the eclipsing binaries resulting from the variability analysis. 
# - CITATION: >
#     How to cite and acknowledge Gaia: 
#     https://gea.esac.esa.int/archive/documentation/credits.html 
# - KNOWN_ISSUES: >
#     Known issues: 
#     https://www.cosmos.esa.int/web/gaia-users/known-issues 
# - DOCUMENTATION: >
#     Tutorials and documentation: 
#     https://www.cosmos.esa.int/web/gaia-users/archive 
# datatype:
# - 
#   name: solution_id
#   datatype: int64
#   description: Solution Identifier
#   meta:
#     ucd: meta.version
# - 
#   name: source_id
#   datatype: int64
#   description: Unique source identifier
#   meta:
#     ucd: meta.id;meta.main
# - 
#   name: global_ranking
#   datatype: float32
#   description: Number between 0 (worst) and 1 (best)
#   meta:
#     ucd: stat.param
# - 
#   name: reference_time
#   datatype: float64
#   unit: d
#   description: Reference time used for the geometric model fit
#   meta:
#     ucd: time.epoch
# - 
#   name: frequency
#   datatype: float64
#   unit: d**-1
#   description: Frequency of geometric model of the eclipsing binary light curve
#   meta:
#     ucd: src.orbital
# - 
#   name: frequency_error
#   datatype: float32
#   unit: d**-1
#   description: "Uncertainty of \\texttt{frequency}"
#   meta:
#     ucd: stat.error
# - 
#   name: geom_model_reference_level
#   datatype: float32
#   unit: mag
#   description: Magnitude reference level of geometric model
#   meta:
#     ucd: phot.mag;em.opt
# - 
#   name: geom_model_reference_level_error
#   datatype: float32
#   unit: mag
#   description: "Uncertainty of \\texttt{geomModelReferenceLevel}"
#   meta:
#     ucd: stat.error;phot.mag;em.opt
# - 
#   name: geom_model_gaussian1_phase
#   datatype: float32
#   description: Phase of the Gaussian 1 component
#   meta:
#     ucd: time.phase
# - 
#   name: geom_model_gaussian1_phase_error
#   datatype: float32
#   description: "Uncertainty of \\texttt{geomModelGaussian1Phase}"
#   meta:
#     ucd: stat.error;time.phase
# - 
#   name: geom_model_gaussian1_sigma
#   datatype: float32
#   description: "Standard deviation [phase] of Gaussian 1 component"
#   meta:
#     ucd: stat.stdev
# - 
#   name: geom_model_gaussian1_sigma_error
#   datatype: float32
#   description: "Uncertainty of \\texttt{geomModelGaussian1Sigma}"
#   meta:
#     ucd: stat.error
# - 
#   name: geom_model_gaussian1_depth
#   datatype: float32
#   unit: mag
#   description: Magnitude depth of Gaussian 1 component
#   meta:
#     ucd: src.var.amplitude
# - 
#   name: geom_model_gaussian1_depth_error
#   datatype: float32
#   unit: mag
#   description: "Uncertainty of \\texttt{geomModelGaussian1Depth}"
#   meta:
#     ucd: stat.error;src.var.amplitude
# - 
#   name: geom_model_gaussian2_phase
#   datatype: float32
#   description: Phase of Gaussian 2 component
#   meta:
#     ucd: time.phase
# - 
#   name: geom_model_gaussian2_phase_error
#   datatype: float32
#   description: "Uncertainty of \\texttt{geomModelGaussian2Phase}"
#   meta:
#     ucd: stat.error;time.phase
# - 
#   name: geom_model_gaussian2_sigma
#   datatype: float32
[...]
#   datatype: float32
#   description: "Secondary eclipse: uncertainty of \\texttt{derivedSecondaryEclDuration}"
#   meta:
#     ucd: stat.error;time.duration
# - 
#   name: derived_secondary_ecl_depth
#   datatype: float32
#   unit: mag
#   description: "Secondary eclipse: depth"
#   meta:
#     ucd: src.var.amplitude
# - 
#   name: derived_secondary_ecl_depth_error
#   datatype: float32
#   unit: mag
#   description: "Secondary eclipse: uncertainty of \\texttt{derivedSecondaryEclDepth}"
#   meta:
#     ucd: stat.error;src.var.amplitude
solution_id,source_id,global_ranking,reference_time,frequency,frequency_error,geom_model_reference_level,geom_model_reference_level_error,geom_model_gaussian1_phase,geom_model_gaussian1_phase_error,geom_model_gaussian1_sigma,geom_model_gaussian1_sigma_error,geom_model_gaussian1_depth,geom_model_gaussian1_depth_error,geom_model_gaussian2_phase,geom_model_gaussian2_phase_error,geom_model_gaussian2_sigma,geom_model_gaussian2_sigma_error,geom_model_gaussian2_depth,geom_model_gaussian2_depth_error,geom_model_cosine_half_period_amplitude,geom_model_cosine_half_period_amplitude_error,geom_model_cosine_half_period_phase,geom_model_cosine_half_period_phase_error,model_type,num_model_parameters,reduced_chi2,derived_primary_ecl_phase,derived_primary_ecl_phase_error,derived_primary_ecl_duration,derived_primary_ecl_duration_error,derived_primary_ecl_depth,derived_primary_ecl_depth_error,derived_secondary_ecl_phase,derived_secondary_ecl_phase_error,derived_secondary_ecl_duration,derived_secondary_ecl_duration_error,derived_secondary_ecl_depth,derived_secondary_ecl_depth_error
[from data line 228]
375316653866487564,4262302489176407424,0.43995845,2143.816315937634,2.8359771969065886,7.279185E-5,19.119572,0.038493525,0.25427464,0.019069714,0.08073249,0.040491622,0.1652859,0.06736781,0.7194603,0.054034375,0.08859574,0.049473252,0.15880367,0.047748037,null,null,null,null,"TWOGAUSSIANS",8,4.769005,0.25427464,0.019052196,0.4,0.032676414,0.16308106,0.0702282,0.7194603,0.054034375,0.4,0.08109462,0.15659867,0.03884341
375316653866487564,4262302733993087616,0.46274835,2127.4064687027058,0.42912392870748367,1.1988177E-4,19.842419,0.15054993,0.42264533,0.056950003,0.19437224,0.083478525,0.40074363,0.15716982,0.698994,0.07046826,0.052428834,0.05240672,0.18254814,0.109557405,null,null,null,null,"TWOGAUSSIANS",8,1.9202867,0.42264533,0.040792007,0.4,0.0,0.37141627,0.057967413,0.698994,0.07046826,0.29360145,0.118130155,0.29946923,0.0942035
375316653866487564,4262303966645513216,0.47268742,2239.0417322060985,0.4947956913066632,8.7395376E-5,19.34616,0.17253974,0.030701159,0.014685659,0.10450972,0.027513139,0.19737655,0.09452421,0.50476205,0.00883161,0.2123193,0.06301616,0.3799078,0.16616978,null,null,null,null,"TWOGAUSSIANS",8,2.6809218,0.50476205,0.00883161,0.4,0.0,0.231101,0.020834783,0.040111158,0.012280748,0.4,0.0,0.098218694,0.018656293
375316653866487564,4262304383288329472,0.504257,2169.481131678758,2.946959592717609,4.084094E-5,18.73862,0.014173001,0.18460159,0.014164079,0.06406639,0.01988006,0.1660819,0.035512246,0.7011865,0.0078592105,0.075338885,0.011505165,0.15017742,0.04018009,null,null,null,null,"TWOGAUSSIANS",8,2.191167,0.18460159,0.014164079,0.35877177,0.083804786,0.16575514,0.03620506,0.7011865,0.0078592105,0.4,0.023096172,0.14985065,0.040076118
375316653866487564,4262304555059371136,0.51647466,2113.9838227740033,2.9848910061656984,3.212988E-5,19.659266,0.03730949,0.26715258,0.008848273,0.08397672,0.015782304,0.43939707,0.041899964,0.7766369,0.01738625,0.09053865,0.021665957,0.4319903,0.104141384,null,null,null,null,"TWOGAUSSIANS",8,3.0483005,0.26715258,0.008848273,0.4,0.0,0.42712396,0.03658358,0.7766369,0.01738625,0.4,0.006046264,0.41971698,0.109505266
375316653866487564,4262304658166163840,0.5666032,2139.6557351168494,0.03594317586953681,2.420832E-5,19.607069,0.021300333,0.18361805,0.010039031,0.07373954,0.0111904675,0.33533838,0.018624904,0.69760793,0.020243725,0.060301665,0.019551877,0.33049604,0.049448125,null,null,null,null,"TWOGAUSSIANS",8,1.1687896,0.18361805,0.010039031,0.4,0.027296036,0.33491334,0.017342845,0.69760793,0.020243725,0.3376893,0.102862865,0.33007097,0.049171906
375316653866487564,4262304963078139520,0.5973542,2196.9910779772667,2.815500670481589,1.6098793E-5,19.177979,0.011912942,0.25626418,0.0016100054,0.07336141,0.003956117,0.53495497,0.012857472,0.7510076,0.015375141,0.06524419,0.01085888,0.4803334,0.054260984,null,null,null,null,"TWOGAUSSIANS",8,1.8990016,0.25626418,0.0016100054,0.4,0.0,0.5336333,0.012445687,0.7510076,0.015375141,0.36536744,0.044662636,0.47901174,0.053381436
375316653866487564,4262305066157382144,0.51502377,2233.2519391601686,4.095509365168936,3.5808367E-5,19.210192,0.19791828,0.21562013,0.0096217785,0.13311282,0.055233262,0.36608195,0.18554631,0.6987322,0.033053584,0.12390866,0.06715926,0.42270362,0.18890941,null,null,null,null,"TWOGAUSSIANS",8,3.144786,0.6987322,0.033053584,0.4,0.066959076,0.31979695,0.044884745,0.21583013,0.009763363,0.4,0.0,0.26275775,0.036765456
375316653866487564,4262305139202606976,0.56590855,2244.2370945511443,1.8650185478277617,2.1990958E-5,18.223047,0.022098674,0.26052937,0.006438545,0.08228901,0.013492754,0.30341572,0.025927778,0.7643804,0.004302599,0.10254223,0.011366122,0.28323284,0.024393128,null,null,null,null,"TWOGAUSSIANS",8,2.834369,0.26052937,0.006438545,0.4,0.0,0.2893094,0.03020619,0.7643804,0.004302599,0.4,0.0,0.2691226,0.022699052
375316653866487564,4262305444107303168,0.6267816,2191.587345225989,3.704275842239961,1.0987811E-5,17.59418,0.033102997,0.28169194,0.0024445753,0.05241684,0.008429328,0.44228554,0.10200253,0.7771538,0.010370712,0.045876265,0.012627375,0.340627,0.07058616,0.10580444,0.039453357,0.28169194,0.0024445753,"TWOGAUSSIANS_WITH_ELLIPSOIDAL_ON_ECLIPSE1",9,10.757165,0.28169194,0.0024445753,0.2935343,0.047204237,0.6538888,0.08915385,0.77757376,0.009947522,0.25690708,0.0707133,0.55207443,0.03774059
375316653866487564,4262305684628758912,0.5233679,2202.5249731642457,2.7583424253650257,2.2376451E-5,19.492023,0.021902023,0.1693607,0.0055890856,0.080910794,0.0103945555,0.33556685,0.034993917,0.67469424,0.0070203044,0.088799,0.0089786155,0.33827224,0.028014552,null,null,null,null,"TWOGAUSSIANS",8,2.0315025,0.67469424,0.0070203044,0.4,0.0,0.33027694,0.024024146,0.1693607,0.0055890856,0.4,0.0,0.32757163,0.03693238
375316653866487564,4262306788471289344,0.6012281,2267.845419135163,0.0800445836001539,1.351455E-5,15.492588,0.0045879264,0.12490469,7.752683E-4,0.010264752,7.6327374E-4,0.5345108,0.033257887,0.40202904,0.0100552,0.035795063,0.063572824,0.25897753,0.36132854,null,null,null,null,"TWOGAUSSIANS",8,61.998383,0.12490469,7.752683E-4,0.05748261,0.004274333,0.5345108,0.03325732,0.40202904,0.0100552,0.20045236,0.20597702,0.25897753,0.36132863
375316653866487564,4262306891526201088,0.5278851,2186.3979665391666,3.094677166483137,1.9392934E-5,19.388607,0.028832586,0.17173319,0.03294536,0.050495792,0.030067513,0.66588366,0.9451206,0.6639902,0.004472023,0.070340015,0.012293435,0.49367046,0.1263788,null,null,null,null,"TWOGAUSSIANS",8,4.781377,0.17173319,0.03294536,0.28277645,0.16837807,0.6657223,0.9453325,0.6639902,0.004472023,0.39390406,0.032392368,0.49350917,0.12672928
375316653866487564,4262307368256524416,0.54467654,2222.3449794088524,0.03862605063232673,3.1892184E-4,18.955128,0.008353959,0.34803927,2.8695347E-4,0.019008847,9.0489216E-4,0.48864582,0.04994113,0.81706923,0.012976122,0.062652774,0.009482329,0.23426795,0.01784068,null,null,null,null,"TWOGAUSSIANS",8,1.8081247,0.34803927,2.8695347E-4,0.106449544,0.005067396,0.48864582,0.049941126,0.81706923,0.012976122,0.35085556,0.05310104,0.23426795,0.017840682
375316653866487564,4262307372587971456,0.58074296,2249.069189101461,1.0504745847535937,1.4664854E-5,18.7201,0.0060515925,0.22258519,0.0038253278,0.054996498,0.008315221,0.31444913,0.058423493,0.79182744,0.03556643,0.066121146,0.020457476,0.19238818,0.0498243,null,null,null,null,"TWOGAUSSIANS",8,1.1122174,0.22258519,0.0038253278,0.3079804,0.04656524,0.3144415,0.058443397,0.79182744,0.03556643,0.37027842,0.043944962,0.19238055,0.049618118
375316653866487564,4262307544360486144,0.49958965,2263.02098114331,3.465746522771357,3.2370608E-5,19.42257,0.033169717,0.25189546,0.0050558024,0.06582627,0.019221356,0.46558133,0.1723228,0.7452907,0.012541616,0.06848857,0.013922274,0.32874987,0.09316404,null,null,null,null,"TWOGAUSSIANS",8,3.809389,0.25189546,0.0050558024,0.3686271,0.060147256,0.46494734,0.17443383,0.7452907,0.012541616,0.383536,0.074797735,0.32811588,0.09304792
375316653866487564,4262307677493355392,0.6361212,2262.5565746865996,2.8582004563198944,2.2647806E-5,18.068518,0.009143355,0.3094176,0.0023199043,0.061785206,0.014401496,0.27431053,0.9542904,0.81725687,0.012451609,0.031616997,0.012521412,0.6462917,0.76125664,0.12529525,0.012775195,0.3094176,0.0023199043,"TWOGAUSSIANS_WITH_ELLIPSOIDAL_ON_ECLIPSE1",9,2.8992505,0.81725687,0.012230098,0.17705518,0.07011991,0.8961988,0.7609533,0.3094176,0.0023199043,0.34599715,0.08064838,0.52482516,0.9532572
375316653866487564,4262308089811047936,0.5779947,2218.324973393489,3.583982463532063,1.5926213E-5,18.85046,0.026496178,0.33143768,0.0029292058,0.068449534,0.0057925945,0.4895254,0.023521299,0.8332793,0.011185096,0.07373732,0.010262127,0.59594464,0.11113323,null,null,null,null,"TWOGAUSSIANS",8,2.8738325,0.8332793,0.011185096,0.4,0.022724716,0.593808,0.11161197,0.33143768,0.0029292058,0.38331738,0.032438528,0.48738873,0.022477247
375316653866487564,4262308811362376832,0.6177846,2269.588332903631,2.202346603544298,1.04915025E-5,16.841824,0.0065554115,0.28812724,0.0034489052,0.09303265,0.0074753556,0.28890845,0.027030416,0.7849407,0.001635152,0.07847267,0.0028841794,0.34793139,0.009493921,null,null,null,null,"TWOGAUSSIANS",8,4.481245,0.7849407,0.001635152,0.4,0.0,0.3394777,0.009879771,0.28812724,0.0034489052,0.4,0.0,0.28045446,0.029842252
375316653866487564,4262309120603450240,0.57508004,2234.0295412170494,2.7564021559537264,2.3869077E-5,19.319233,0.004310539,0.5273196,0.004461586,0.046473317,0.005508135,0.10497488,0.024768565,0.7575492,0.021627937,0.022759842,0.008977338,0.6399868,1.8769405,null,null,null,null,"TWOGAUSSIANS",8,0.4686498,0.7575492,0.021627937,0.12745512,0.05027309,0.6399873,1.8769404,0.5273196,0.004461586,0.26025057,0.030845555,0.10497488,0.024768565
375316653866487564,4262310117032377472,0.5806906,2253.7108040531066,0.6325219596169985,2.3822045E-5,16.498339,0.0029020812,0.31600466,9.814005E-4,0.04190123,0.0018293273,0.16751197,0.00642321,0.79758465,0.015318461,0.027206855,0.0120376395,0.014433362,0.009288545,0.02345575,0.0035232424,0.31600466,9.814005E-4,"TWOGAUSSIANS_WITH_ELLIPSOIDAL_ON_ECLIPSE1",9,6.1247554,0.31600466,9.814005E-4,0.23464689,0.0102442335,0.21442346,0.004380587,0.80052465,0.016002782,0.15235838,0.06741078,0.06081843,0.0066220546
375316653866487564,4262310190062123648,0.44112554,2241.445473138634,1.105380667946578,1.07772954E-4,17.49458,0.003274424,0.34215617,0.044471916,0.03781114,0.08987424,0.039637726,0.024781054,0.6178231,0.030336527,0.08470493,0.021317137,0.06790853,0.04165902,null,null,null,null,"TWOGAUSSIANS",8,4.9537277,0.6178231,0.030336527,0.4,0.019159773,0.067908525,0.04174845,0.3426362,0.048401147,0.21174239,0.27476826,0.039981294,0.02489244
375316653866487564,4262310357554055296,0.46579632,2232.3756003766307,0.4288855504248377,4.5461227E-5,19.079657,0.006590501,null,null,null,null,null,null,null,null,null,null,null,null,0.092480235,0.010432204,0.75564873,0.008484357,"ELLIPSOIDAL",4,2.7649767,null,null,null,null,null,null,null,null,null,null,null,null
375316653866487564,4262310945977540480,0.52712184,2217.838053324567,2.9087531162403533,5.5300534E-5,19.441143,0.22521695,0.24340819,0.010352047,0.11760678,0.03508176,0.5116779,0.2163809,0.74710035,0.013542739,0.113894455,0.048504066,0.47780448,0.20868072,null,null,null,null,"TWOGAUSSIANS",8,1.9475782,0.24339819,0.010267593,0.4,0.0,0.4189827,0.0387055,0.7471203,0.013586229,0.4,0.0,0.38516888,0.037759036
375316653866487564,4262311010385611904,0.629332,2247.5996557876565,2.2054623457943183,6.44884E-6,17.302757,0.0052498137,0.22064522,0.0032608202,0.09760599,0.0049579055,0.20558721,0.006719198,0.71226126,0.0020747206,0.09211408,0.0033141426,0.31234053,0.011545399,null,null,null,null,"TWOGAUSSIANS",8,1.3337818,0.71226126,0.0020747206,0.4,0.0,0.2985117,0.012516019,0.22064522,0.0032608202,0.4,0.0,0.19175775,0.006141764
375316653866487564,4262311147832495744,0.5380783,2233.3151255378984,0.8728767427874612,1.0682129E-6,18.33758,0.004894405,0.23392119,1.21117126E-4,0.022526257,6.780494E-4,0.51398253,0.001573159,0.12596896,7.423612E-5,0.018951433,0.0014561358,0.0745438,0.0024635736,null,null,null,null,"TWOGAUSSIANS",8,5.8306723,0.23392119,1.21117126E-4,0.12614703,0.0037970766,0.51398253,0.001573178,0.12597896,6.879822E-5,0.10612802,0.008154361,0.074549094,0.0024672023
375316653866487564,4262311972458434944,0.56617707,2225.096275321969,3.732904513090871,1.0739924E-5,17.140139,0.023003757,0.20444247,0.0026632657,0.08536072,0.0060368287,0.33713093,0.022291502,0.6837744,0.016604748,0.11103888,0.021007696,0.29859123,0.11081849,null,null,null,null,"TWOGAUSSIANS",8,7.7355533,0.20446247,0.0025798976,0.4,0.0,0.3186334,0.011251376,0.6837744,0.016604748,0.4,0.0,0.2800619,0.1158271
375316653866487564,4262312286029622656,0.6054408,2266.5801441622184,0.868954802448023,1.7562395E-5,16.070225,0.0039174585,0.36208987,0.01492588,0.04889086,0.00998162,0.10415888,0.03406971,0.84949964,0.0012530204,0.040862136,0.0010896969,0.54141414,0.011416078,null,null,null,null,"TWOGAUSSIANS",8,21.560572,0.84949964,0.0012530204,0.22882797,0.006102303,0.5414141,0.011416075,0.36208987,0.01492588,0.2737888,0.055897072,0.10415884,0.03407005
375316653866487564,4262312384788365824,0.54745066,2251.267635685686,1.97620116972868,1.8620436E-5,18.6866,0.023430306,0.16989003,0.003202776,0.049627677,0.005170341,0.32747188,0.024772737,0.49465105,0.047772825,0.04608381,0.04177385,0.40159345,0.078140914,null,null,null,null,"TWOGAUSSIANS",8,4.3061914,0.49465105,0.047772825,0.25806934,0.13610043,0.40159345,0.0781853,0.16989003,0.0031990884,0.277915,0.02895391,0.32747188,0.024775235
375316653866487564,4262312865824704640,0.6025129,2228.9273809975844,1.8869812576359488,1.7746463E-5,17.40732,0.006517585,0.31041023,0.007904321,0.07874879,0.006692726,0.51665837,0.032207333,0.8141503,0.0024384663,0.06593798,0.002881643,0.30324182,0.008012,null,null,null,null,"TWOGAUSSIANS",8,12.191351,0.31041023,0.007904321,0.4,0.0,0.5147777,0.03248352,0.8141503,0.0024384663,0.36925268,0.0161372,0.30136117,0.007614677
375316653866487564,4262312938842096256,0.59717774,2260.126406540672,3.745775362922136,3.522969E-5,19.83556,0.023287624,0.24791941,0.0069613648,0.07711936,0.00686587,0.55455947,0.033578787,0.76593333,0.015310687,0.06387415,0.0344865,0.58875704,0.13037573,null,null,null,null,"TWOGAUSSIANS",8,1.4013765,0.76593333,0.015310687,0.35769522,0.06391751,0.58742833,0.14164068,0.24791941,0.0069613648,0.4,0.0,0.55323076,0.03020191
375316653866487564,4262313041921278336,0.591038,2229.887674406602,1.2539112558233065,1.6022977E-5,17.274239,0.04330244,0.22270384,0.00610327,0.06223851,0.019152263,0.26076427,0.08935159,0.7110693,0.039642733,0.053732492,0.0145886075,0.18398148,0.11906272,0.0696473,0.05446927,0.22270384,0.00610327,"TWOGAUSSIANS_WITH_ELLIPSOIDAL_ON_ECLIPSE1",9,12.394412,0.22270384,0.00610327,0.34853566,0.10725267,0.39997652,0.02964747,0.7127793,0.03796328,0.30090195,0.081696205,0.32255965,0.052370075
375316653866487564,4262313415570294912,0.47042143,2227.5360234554005,2.3865640885489596,4.846858E-5,17.77903,0.02328202,0.28300655,0.010386038,0.09900823,0.020102205,0.08527366,0.022680525,0.75424266,0.010418738,0.14132644,0.038695972,0.08652616,0.021015542,null,null,null,null,"TWOGAUSSIANS",8,1.7407624,0.75424266,0.010418738,0.4,0.0,0.07152541,0.009441038,0.28368655,0.010229935,0.4,0.0,0.070686094,0.0096726855
375316653866487564,4262313484289482880,0.5784446,2239.8566156325787,2.940201636075882,3.3462064E-5,19.190292,0.011177097,0.20661077,0.0015461338,0.06795189,0.002292934,0.72264457,0.023881545,0.6993314,0.012113923,0.06098915,0.01555059,0.58478856,0.14360994,null,null,null,null,"TWOGAUSSIANS",8,1.6037043,0.20661077,0.0015461338,0.38053057,0.01284043,0.72207576,0.02371989,0.6993314,0.012113923,0.34153923,0.085209504,0.58421975,0.14473431
375316653866487564,4262314893040003840,0.5058288,2152.8921746788888,1.6885418583554848,1.6819677E-5,19.229223,0.054430503,0.26809743,0.008068515,0.10434621,0.023975579,0.33107612,0.055284504,0.76049453,0.010737109,0.110747784,0.024293633,0.22821791,0.056581277,null,null,null,null,"TWOGAUSSIANS",8,1.4569191,0.26810744,0.008067695,0.4,0.0,0.29751748,0.047034077,0.76049453,0.010737109,0.4,0.0,0.19464862,0.03375984
375316653866487564,4262316714106675968,0.4490622,2123.871859309018,0.47123513928515265,5.651692E-5,19.336027,0.07913633,0.36036983,0.05312028,0.1153824,0.062131643,0.22792622,0.09036356,0.83077747,0.009683376,0.07592451,0.018193323,0.25385883,0.08518871,null,null,null,null,"TWOGAUSSIANS",8,6.080372,0.83077747,0.009683376,0.4,0.029245352,0.24387741,0.060961325,0.36036983,0.05312028,0.4,0.038098786,0.21788268,0.06920923
