Gaia/vari_eclipsing_binary/VariEclipsingBinary_594838-594930.csv
# %ECSV 1.0
# ---
# delimiter: ','
# meta: !!omap
# - RELEASE: Gaia DR3
# - TABLE: vari_eclipsing_binary
# - DESCRIPTION: >
#     This table describes the properties of the eclipsing binaries resulting from the variability analysis. 
# - CITATION: >
#     How to cite and acknowledge Gaia: 
#     https://gea.esac.esa.int/archive/documentation/credits.html 
# - KNOWN_ISSUES: >
#     Known issues: 
#     https://www.cosmos.esa.int/web/gaia-users/known-issues 
# - DOCUMENTATION: >
#     Tutorials and documentation: 
#     https://www.cosmos.esa.int/web/gaia-users/archive 
# datatype:
# - 
#   name: solution_id
#   datatype: int64
#   description: Solution Identifier
#   meta:
#     ucd: meta.version
# - 
#   name: source_id
#   datatype: int64
#   description: Unique source identifier
#   meta:
#     ucd: meta.id;meta.main
# - 
#   name: global_ranking
#   datatype: float32
#   description: Number between 0 (worst) and 1 (best)
#   meta:
#     ucd: stat.param
# - 
#   name: reference_time
#   datatype: float64
#   unit: d
#   description: Reference time used for the geometric model fit
#   meta:
#     ucd: time.epoch
# - 
#   name: frequency
#   datatype: float64
#   unit: d**-1
#   description: Frequency of geometric model of the eclipsing binary light curve
#   meta:
#     ucd: src.orbital
# - 
#   name: frequency_error
#   datatype: float32
#   unit: d**-1
#   description: "Uncertainty of \\texttt{frequency}"
#   meta:
#     ucd: stat.error
# - 
#   name: geom_model_reference_level
#   datatype: float32
#   unit: mag
#   description: Magnitude reference level of geometric model
#   meta:
#     ucd: phot.mag;em.opt
# - 
#   name: geom_model_reference_level_error
#   datatype: float32
#   unit: mag
#   description: "Uncertainty of \\texttt{geomModelReferenceLevel}"
#   meta:
#     ucd: stat.error;phot.mag;em.opt
# - 
#   name: geom_model_gaussian1_phase
#   datatype: float32
#   description: Phase of the Gaussian 1 component
#   meta:
#     ucd: time.phase
# - 
#   name: geom_model_gaussian1_phase_error
#   datatype: float32
#   description: "Uncertainty of \\texttt{geomModelGaussian1Phase}"
#   meta:
#     ucd: stat.error;time.phase
# - 
#   name: geom_model_gaussian1_sigma
#   datatype: float32
#   description: "Standard deviation [phase] of Gaussian 1 component"
#   meta:
#     ucd: stat.stdev
# - 
#   name: geom_model_gaussian1_sigma_error
#   datatype: float32
#   description: "Uncertainty of \\texttt{geomModelGaussian1Sigma}"
#   meta:
#     ucd: stat.error
# - 
#   name: geom_model_gaussian1_depth
#   datatype: float32
#   unit: mag
#   description: Magnitude depth of Gaussian 1 component
#   meta:
#     ucd: src.var.amplitude
# - 
#   name: geom_model_gaussian1_depth_error
#   datatype: float32
#   unit: mag
#   description: "Uncertainty of \\texttt{geomModelGaussian1Depth}"
#   meta:
#     ucd: stat.error;src.var.amplitude
# - 
#   name: geom_model_gaussian2_phase
#   datatype: float32
#   description: Phase of Gaussian 2 component
#   meta:
#     ucd: time.phase
# - 
#   name: geom_model_gaussian2_phase_error
#   datatype: float32
#   description: "Uncertainty of \\texttt{geomModelGaussian2Phase}"
#   meta:
#     ucd: stat.error;time.phase
# - 
#   name: geom_model_gaussian2_sigma
#   datatype: float32
[...]
#   datatype: float32
#   description: "Secondary eclipse: uncertainty of \\texttt{derivedSecondaryEclDuration}"
#   meta:
#     ucd: stat.error;time.duration
# - 
#   name: derived_secondary_ecl_depth
#   datatype: float32
#   unit: mag
#   description: "Secondary eclipse: depth"
#   meta:
#     ucd: src.var.amplitude
# - 
#   name: derived_secondary_ecl_depth_error
#   datatype: float32
#   unit: mag
#   description: "Secondary eclipse: uncertainty of \\texttt{derivedSecondaryEclDepth}"
#   meta:
#     ucd: stat.error;src.var.amplitude
solution_id,source_id,global_ranking,reference_time,frequency,frequency_error,geom_model_reference_level,geom_model_reference_level_error,geom_model_gaussian1_phase,geom_model_gaussian1_phase_error,geom_model_gaussian1_sigma,geom_model_gaussian1_sigma_error,geom_model_gaussian1_depth,geom_model_gaussian1_depth_error,geom_model_gaussian2_phase,geom_model_gaussian2_phase_error,geom_model_gaussian2_sigma,geom_model_gaussian2_sigma_error,geom_model_gaussian2_depth,geom_model_gaussian2_depth_error,geom_model_cosine_half_period_amplitude,geom_model_cosine_half_period_amplitude_error,geom_model_cosine_half_period_phase,geom_model_cosine_half_period_phase_error,model_type,num_model_parameters,reduced_chi2,derived_primary_ecl_phase,derived_primary_ecl_phase_error,derived_primary_ecl_duration,derived_primary_ecl_duration_error,derived_primary_ecl_depth,derived_primary_ecl_depth_error,derived_secondary_ecl_phase,derived_secondary_ecl_phase_error,derived_secondary_ecl_duration,derived_secondary_ecl_duration_error,derived_secondary_ecl_depth,derived_secondary_ecl_depth_error
[from data line 546]
375316653866487564,5232918132607016192,0.56845504,2224.672385278538,1.2964540254237735,9.069411E-6,17.223232,0.007131045,0.18981765,0.002038527,0.044731323,0.0030684578,0.24769373,0.011014275,0.6932181,0.0060114944,0.056185484,0.011319349,0.08101435,0.0053143725,null,null,null,null,"TWOGAUSSIANS",8,6.888034,0.18981765,0.002038527,0.2504954,0.017183365,0.2476927,0.011014183,0.6932181,0.0060114944,0.3146387,0.06338835,0.081013314,0.005313389
375316653866487564,5232918231382296960,0.5171263,2206.5364606846338,3.011704027608235,9.815466E-6,19.043344,0.014457479,0.22853413,0.0030583593,0.081824794,0.0067588817,0.26206195,0.013776404,0.72554666,0.0021602942,0.08416572,0.0038214666,0.35679865,0.015174349,null,null,null,null,"TWOGAUSSIANS",8,1.4816724,0.72554666,0.0021602942,0.4,0.0,0.35059094,0.013347526,0.22853413,0.0030583593,0.4,0.0,0.25585425,0.012295031
375316653866487564,5232921392477480832,0.49473777,2196.1924904079765,0.9995192727938547,2.2310023E-5,18.055178,0.0028720675,0.22718352,0.009126085,0.02261414,0.006723585,0.037744824,0.008955952,0.7284459,0.00850944,0.019709084,0.012255984,0.11207346,9.805157,0.017634839,0.0063425284,0.22718352,0.009126085,"TWOGAUSSIANS_WITH_ELLIPSOIDAL_ON_ECLIPSE1",9,2.7640913,0.7284459,0.008501324,0.110370874,0.06863351,0.14734086,9.8056755,0.22718352,0.009126085,0.12663919,0.03765208,0.073014446,0.009956154
375316653866487564,5232921564276294912,0.44577074,2228.8633524514257,0.13841145531347016,4.2372496E-5,18.68574,0.003049259,0.34504172,0.007541458,0.017121354,0.007115721,0.045327768,0.055178605,0.82850415,0.0191442,0.011671027,0.020583933,0.112677515,0.061049316,0.037273232,0.0046014194,0.34504172,0.007541458,"TWOGAUSSIANS_WITH_ELLIPSOIDAL_ON_ECLIPSE1",9,3.2484903,0.8286241,0.01738841,0.06535775,0.115270026,0.18642758,0.062984414,0.34504172,0.007541458,0.095879585,0.039848037,0.119874224,0.05341415
375316653866487564,5232923801963357824,0.52446765,2234.190899560485,1.852568406314313,1.3670899E-5,18.518044,0.011644374,0.5311131,0.009378604,0.004917708,0.008714428,0.08300303,0.033102445,0.6945757,0.050910786,0.013275205,0.010227194,2.470757,97.07522,null,null,null,null,"TWOGAUSSIANS",8,7.628553,0.6945757,0.050910786,0.07434115,0.057272285,2.470757,97.07522,0.5311131,0.009378604,0.027539166,0.0488008,0.08300303,0.033102445
375316653866487564,5232924519213847296,0.4587778,2204.769431283932,0.7364791983503288,8.857109E-5,19.357431,0.006918397,0.18001501,0.008947266,0.026210379,0.006545424,0.336173,0.2369988,0.71126163,0.008604417,0.012140446,0.003915516,0.40016267,0.12586586,null,null,null,null,"TWOGAUSSIANS",8,4.866547,0.71126163,0.008604417,0.0679865,0.021926891,0.40016267,0.12586586,0.18001501,0.008947266,0.14677812,0.036654375,0.336173,0.2369988
375316653866487564,5232925481298725632,0.46084458,2191.8394728532066,3.7193904592584017,3.7949252E-5,19.453856,0.038990248,0.22008334,0.00748724,0.09635938,0.017992435,0.2655684,0.035434835,0.70443404,0.008425982,0.09691418,0.018528035,0.28216103,0.037078116,null,null,null,null,"TWOGAUSSIANS",8,3.5090218,0.70443404,0.008425982,0.4,0.0,0.2665771,0.026001178,0.22008334,0.0074875443,0.4,0.0,0.2499847,0.018311566
375316653866487564,5232927890761779072,0.52411634,2115.472501094553,3.53074376819583,1.7825269E-5,19.542526,0.028488962,0.29250413,0.0039510233,0.07447398,0.008962922,0.48966676,0.03883949,0.7951663,0.01086473,0.0683174,0.011032155,0.6393767,0.093890116,null,null,null,null,"TWOGAUSSIANS",8,3.8421965,0.7951663,0.01086473,0.38257742,0.039470017,0.6371149,0.09475676,0.29250413,0.0039510233,0.4,0.011659922,0.48740494,0.03902484
375316653866487564,5232930295954055936,0.6077316,2192.7933135227536,1.0058457938866485,6.301675E-6,16.1464,0.005954452,0.16985223,0.0018437201,0.04226035,0.0021835985,0.5608785,0.036503036,0.6746298,0.0013420847,0.041460846,0.0019647493,0.33423427,0.013390285,0.075218864,0.009047957,0.16985223,0.0018437201,"TWOGAUSSIANS_WITH_ELLIPSOIDAL_ON_ECLIPSE1",9,39.603218,0.16985223,0.0018437201,0.23665795,0.012228152,0.7113162,0.03906137,0.6746298,0.0013420847,0.23218074,0.011002596,0.48453644,0.007929474
375316653866487564,5232930502112502016,0.46878994,2195.8478777863897,2.7234557223811158,3.104728E-5,14.676434,0.012757114,0.14363822,0.018003257,0.02531598,0.01127062,0.064885244,0.01703198,0.68292564,0.006262083,0.034570947,0.04020039,0.07794614,0.014179748,0.050489523,0.014698019,0.68292564,0.006262083,"TWOGAUSSIANS_WITH_ELLIPSOIDAL_ON_ECLIPSE2",9,318.83115,0.68292564,0.006262083,0.19359732,0.20500332,0.17892519,0.021768618,0.14642821,0.01656908,0.14176948,0.06311547,0.16025363,0.026851634
375316653866487564,5232931017512974208,0.48184398,2179.8407750363854,4.350728920094113,1.7179962E-5,19.337519,0.0057206424,0.22211935,0.004658903,0.05999835,0.007698225,0.19754188,0.014138749,0.71957517,0.0119113745,0.060620118,0.011595078,0.15534346,0.026415033,null,null,null,null,"TWOGAUSSIANS",8,1.2856208,0.22211935,0.004658903,0.33599076,0.04311006,0.19748235,0.014175155,0.71957517,0.0119113745,0.33947265,0.064932436,0.15528394,0.026480658
375316653866487564,5232932284526929664,0.4248162,2243.8320027386144,1.9259850422745264,1.0050893E-4,18.825245,0.024799017,0.2816004,0.0129056135,0.08074508,0.017964704,0.12621816,0.028337901,0.78193504,0.074412495,0.07348304,0.08795212,0.08698104,0.024189387,null,null,null,null,"TWOGAUSSIANS",8,4.59532,0.2816004,0.012047854,0.4,0.006453721,0.12512444,0.02335786,0.78193504,0.074412495,0.4,0.05616149,0.08588733,0.03027784
375316653866487564,5232932735495443200,0.5945289,2226.968489890351,3.0753325256916106,5.804185E-6,16.537928,0.010872682,0.2861121,0.0030418884,0.049841687,0.0060106637,0.1858062,0.032423303,0.77612704,0.0018993685,0.04930823,0.003701353,0.40645817,0.027558886,0.12305241,0.01781892,0.2861121,0.0030418884,"TWOGAUSSIANS_WITH_ELLIPSOIDAL_ON_ECLIPSE1",9,36.88171,0.777167,0.0015821988,0.2761261,0.020727577,0.65169495,0.016495941,0.2861121,0.0030418884,0.27911344,0.033659715,0.43190995,0.017744392
375316653866487564,5232933246588365696,0.5895686,2195.2079585510237,2.300303037223015,1.5901907E-5,16.727997,0.030411733,0.24610381,0.0058585736,0.050685268,0.037036564,0.114860095,0.05199708,0.7341027,0.018004935,0.058348555,0.020150056,0.16505462,0.053528514,0.13033353,0.027482871,0.24610381,0.0058585736,"TWOGAUSSIANS_WITH_ELLIPSOIDAL_ON_ECLIPSE1",9,22.286083,0.7376827,0.011018347,0.32675192,0.10698624,0.42467454,0.018119544,0.24610381,0.0058585736,0.2838375,0.13510107,0.37551948,0.011710232
375316653866487564,5232935037597983232,0.48409623,2226.7224365395928,4.414114758678567,1.1441556E-5,19.073172,0.6116982,0.25731868,0.0126257865,0.20380653,0.11748865,0.6152505,0.5983913,0.76846486,0.0070591243,0.13754542,0.02071679,0.6881595,0.41380647,null,null,null,null,"TWOGAUSSIANS",8,3.9361281,0.7712849,0.004671484,0.4,0.0,0.34598956,0.01865188,0.25632867,0.012079607,0.4,0.0,0.21376508,0.024569627
375316653866487564,5232938404853773568,0.5949511,2200.2136010478184,3.323202099547273,4.381304E-6,15.546277,0.0035736666,0.29922533,0.0012652664,0.060209304,0.0040721777,0.10450465,0.008734971,0.8032316,0.0038635586,0.049837086,0.005204248,0.07688421,0.008503928,0.037813585,0.0052129007,0.29922533,0.0012652664,"TWOGAUSSIANS_WITH_ELLIPSOIDAL_ON_ECLIPSE1",9,6.4792495,0.29922533,0.0012652664,0.33717212,0.022804195,0.1801129,0.006302345,0.8032316,0.0038635586,0.2790877,0.029143786,0.15244454,0.004599072
375316653866487564,5232938507932809984,0.59990346,2162.683311925518,2.0746358575000063,6.3952084E-6,17.276297,0.009881753,0.28125414,0.003808107,0.0695257,0.004143124,0.20138533,0.011655861,0.7778787,0.0013645563,0.07849736,0.0028522518,0.36786214,0.011046361,null,null,null,null,"TWOGAUSSIANS",8,6.6110463,0.7778787,0.0013645563,0.4,0.0,0.366161,0.010511531,0.28125414,0.003808107,0.38934392,0.019591434,0.1996842,0.0109657
375316653866487564,5232939710514247296,0.46255815,2117.5397659093874,0.6502549760643007,4.954593E-5,18.780987,0.006650539,0.38017195,0.015502368,0.113678984,0.018555893,0.12538104,0.009592432,0.82925326,0.007603338,0.042582795,0.0090168,0.11137812,0.019047486,null,null,null,null,"TWOGAUSSIANS",8,2.482529,0.38017195,0.015502368,0.4,0.0,0.124947555,0.009569389,0.82925326,0.007603338,0.23846366,0.05049408,0.11099686,0.01911809
375316653866487564,5232939912377532160,0.5014909,2140.095668661231,3.2599302130959984,1.3324733E-5,19.38655,0.020971559,0.29777107,0.0039171483,0.07146092,0.008255934,0.4309829,0.035090484,0.7996613,0.005429458,0.06789018,0.005116404,0.5397808,0.040994283,null,null,null,null,"TWOGAUSSIANS",8,5.397657,0.7996613,0.005429458,0.380185,0.028651863,0.53831553,0.040727213,0.29777107,0.0039171483,0.4,0.025300855,0.42951766,0.03540933
375316653866487564,5232943799323701888,0.52513736,2195.0989273081696,3.2590048180550424,1.7902496E-5,18.751276,0.013170815,0.32895502,0.004181066,0.08725836,0.007908689,0.2951164,0.014485159,0.8311466,0.007935703,0.083673514,0.01285168,0.24742362,0.03157289,null,null,null,null,"TWOGAUSSIANS",8,3.1423616,0.32895502,0.004181066,0.4,0.0,0.28788882,0.013630045,0.8311466,0.007935703,0.4,0.0,0.2401961,0.03457124
375316653866487564,5232943936762567936,0.4473337,2186.669798997454,4.581453835137585,1.6276128E-5,18.983875,0.009628483,0.47340602,1.405468E-4,0.01307809,4.5443163E-4,0.5175789,0.021019075,0.7858881,0.020057727,0.03023563,0.0122352475,0.10622995,0.06730299,0.025251389,0.016982486,0.7858881,0.020057727,"TWOGAUSSIANS_WITH_ELLIPSOIDAL_ON_ECLIPSE2",9,9.935901,0.473336,1.2322121E-4,0.0732373,0.002544817,0.5249791,0.021850387,0.7858881,0.020057727,0.16931953,0.06851739,0.1567327,0.06032184
375316653866487564,5232944933203603456,0.49874467,2194.1684245389824,2.7036671551865337,2.6883266E-5,19.727976,0.017657863,0.23217687,0.00798321,0.07511829,0.006851073,0.59050685,0.048353955,0.7409606,0.0036788639,0.07161883,0.004235486,0.5722027,0.048287317,null,null,null,null,"TWOGAUSSIANS",8,4.046906,0.23217687,0.00798321,0.4,0.0,0.5876568,0.04848649,0.7409606,0.0036788639,0.4,0.011609542,0.5693526,0.0479411
375316653866487564,5232945375576302208,0.5009592,2161.0758881657152,3.5133407781526578,1.59698E-5,18.38355,0.06256497,0.29613352,0.005711999,0.106810406,0.019642059,0.34714752,0.054250233,0.80011684,0.005160029,0.11156771,0.023443501,0.262797,0.057880025,null,null,null,null,"TWOGAUSSIANS",8,6.013879,0.29613352,0.0057147103,0.4,0.0,0.30530727,0.022008935,0.80011684,0.005166907,0.4,0.0,0.22094585,0.02603241
375316653866487564,5232949674838960000,0.49015406,2194.2271190177626,3.965899340324355,2.5302366E-5,19.240965,0.02910301,0.22670278,0.047954433,0.08904293,0.04659018,0.1819902,0.038212698,0.7100788,0.014548206,0.09476004,0.024651196,0.25498202,0.026111605,null,null,null,null,"TWOGAUSSIANS",8,2.2083611,0.7100788,0.014548206,0.4,0.0,0.2466591,0.014960612,0.22670278,0.047953997,0.4,0.1468545,0.17366785,0.041740432
375316653866487564,5232950327682871296,0.5834127,2167.95758511289,3.500807774892753,8.162308E-6,17.689257,0.0063359803,0.21184227,0.0020838743,0.07584327,0.0031214687,0.54868543,0.028742712,0.71693176,0.0016500595,0.07175828,0.0024422011,0.49347854,0.010553284,null,null,null,null,"TWOGAUSSIANS",8,10.3788,0.21184227,0.0020838743,0.4,0.0,0.5456993,0.029228296,0.71693176,0.0016500595,0.4,0.004714168,0.4904924,0.0106003685
375316653866487564,5232952419318936576,0.44133732,2169.290261240486,0.08234887373070714,2.5847596E-5,19.189127,0.005220646,0.20246513,0.0060821786,0.0022055611,0.003033387,0.111376025,1.2686296E29,0.54677427,0.0034357118,0.051795818,0.007931978,0.12012638,0.013931477,null,null,null,null,"TWOGAUSSIANS",8,2.3276842,0.54677427,0.0034357118,0.2900566,0.04441908,0.12012638,0.013931477,0.20246513,0.0060821786,0.012351143,0.016986968,0.111376025,1.2686296E29
375316653866487564,5232952526705893248,0.55578136,2136.7934102897893,2.506242069138198,9.881908E-6,18.408854,0.00991911,0.29723936,0.0029462276,0.08754208,0.0049397806,0.23382194,0.009984865,0.7964107,0.005207855,0.08176952,0.008553294,0.17716774,0.010796853,null,null,null,null,"TWOGAUSSIANS",8,1.4728532,0.29723936,0.0029462276,0.4,0.0,0.22867987,0.007963273,0.7964107,0.005207855,0.4,0.0,0.17202571,0.010313697
375316653866487564,5232957165270448384,0.43231848,2216.179345510001,0.2459865180224441,3.1871594E-5,17.2594,0.0031028222,0.28180116,0.016683865,0.09149108,0.014815339,0.09540582,0.017596055,0.78992474,0.008465221,0.029410109,0.016466055,0.19351913,0.14488958,null,null,null,null,"TWOGAUSSIANS",8,2.533342,0.78992474,0.008465221,0.1646966,0.09220991,0.19349088,0.14501642,0.28180116,0.016683865,0.4,0.0,0.09537749,0.017630862
375316653866487564,5232957848162585344,0.5813671,2222.9196293909026,2.3699826859493216,8.940116E-6,18.387423,0.010896662,0.24496934,0.006621617,0.028431766,0.012030624,0.45496538,1.6257755,0.7417716,0.0029982235,0.05015508,0.004281841,0.3860003,0.036323123,0.11208371,0.015915195,0.24496934,0.006621617,"TWOGAUSSIANS_WITH_ELLIPSOIDAL_ON_ECLIPSE1",9,5.5521674,0.24496934,0.006621617,0.1592179,0.067371495,0.6791317,1.6307226,0.7421016,0.0022741593,0.28086844,0.02397831,0.6100855,0.03593753
375316653866487564,5232958500997037184,0.5385831,2232.812365305772,2.7222857434859606,1.7144648E-5,19.38925,0.013538476,0.24457756,0.0069609513,0.08890904,0.007044024,0.41140553,0.01719672,0.74817264,0.0056998213,0.07923574,0.006465424,0.4830198,0.040684123,null,null,null,null,"TWOGAUSSIANS",8,1.7481972,0.74817264,0.0056998213,0.4,0.0,0.47304106,0.042961556,0.24457756,0.0069609513,0.4,0.0,0.40142664,0.013797559
375316653866487564,5232960876121916160,0.606287,2204.403981647333,3.2843636432161896,6.3482357E-6,16.230993,0.032388084,0.224312,0.003701586,0.069265544,0.0073418785,0.40837806,0.06260863,0.725103,0.0033110434,0.066134945,0.0070917457,0.33089882,0.063531,0.06495214,0.032213934,0.224312,0.003701586,"TWOGAUSSIANS_WITH_ELLIPSOIDAL_ON_ECLIPSE1",9,27.139622,0.224312,0.003701586,0.38788703,0.03568559,0.5374387,0.01670055,0.725103,0.003231146,0.3703557,0.039713774,0.45995626,0.008690372
375316653866487564,5232964243376322048,0.5241424,2204.0070269918288,2.675383611450626,2.2936865E-5,17.579126,0.0023348678,null,null,null,null,null,null,null,null,null,null,null,null,0.06520497,0.0030181538,0.7083838,0.005689708,"ELLIPSOIDAL",4,4.4661307,null,null,null,null,null,null,null,null,null,null,null,null
375316653866487564,5232964445227582208,0.4985199,2204.0601289789365,3.3629622750007533,1.4955949E-5,19.098125,0.006271745,0.21479711,0.0053455457,0.06531937,0.022211745,0.07770729,0.015494705,null,null,null,null,null,null,0.09456625,0.0057451953,0.21479711,0.0053455457,"ONEGAUSSIAN_WITH_ELLIPSOIDAL",6,2.3085847,0.21479711,0.0053455457,0.36578846,0.118186064,0.26678783,0.015579322,null,null,null,null,null,null
375316653866487564,5232964926263988480,0.47425297,2181.6652177514466,2.298470250846016,3.155011E-5,17.459934,0.4262817,0.23596615,0.012058162,0.163598,0.13823514,0.21202694,0.42204264,0.7247713,0.009339138,0.12725641,0.04493497,0.22089241,0.29380953,null,null,null,null,"TWOGAUSSIANS",8,10.730876,0.7247713,0.009339138,0.4,0.0,0.13396296,0.012205641,0.23622614,0.011498655,0.4,0.0,0.121254645,0.010362317
375316653866487564,5232965033650367488,0.5716366,2206.3929857589683,3.4345745743924656,1.2144311E-5,14.586833,0.05115745,0.2555546,0.0076958267,0.046787497,0.045395017,0.11115787,0.08943254,0.7305906,0.0075519434,0.07013892,0.017425528,0.18608761,0.09918386,0.088124625,0.054392457,0.2555546,0.0076958267,"TWOGAUSSIANS_WITH_ELLIPSOIDAL_ON_ECLIPSE1",9,209.51018,0.7372806,0.0034257441,0.39277792,0.05101047,0.35909396,0.011716916,0.2555546,0.0076958267,0.26200998,0.25421208,0.28732216,0.031139601
