Gaia/vari_eclipsing_binary/VariEclipsingBinary_593175-593448.csv
# %ECSV 1.0
# ---
# delimiter: ','
# meta: !!omap
# - RELEASE: Gaia DR3
# - TABLE: vari_eclipsing_binary
# - DESCRIPTION: >
#     This table describes the properties of the eclipsing binaries resulting from the variability analysis. 
# - CITATION: >
#     How to cite and acknowledge Gaia: 
#     https://gea.esac.esa.int/archive/documentation/credits.html 
# - KNOWN_ISSUES: >
#     Known issues: 
#     https://www.cosmos.esa.int/web/gaia-users/known-issues 
# - DOCUMENTATION: >
#     Tutorials and documentation: 
#     https://www.cosmos.esa.int/web/gaia-users/archive 
# datatype:
# - 
#   name: solution_id
#   datatype: int64
#   description: Solution Identifier
#   meta:
#     ucd: meta.version
# - 
#   name: source_id
#   datatype: int64
#   description: Unique source identifier
#   meta:
#     ucd: meta.id;meta.main
# - 
#   name: global_ranking
#   datatype: float32
#   description: Number between 0 (worst) and 1 (best)
#   meta:
#     ucd: stat.param
# - 
#   name: reference_time
#   datatype: float64
#   unit: d
#   description: Reference time used for the geometric model fit
#   meta:
#     ucd: time.epoch
# - 
#   name: frequency
#   datatype: float64
#   unit: d**-1
#   description: Frequency of geometric model of the eclipsing binary light curve
#   meta:
#     ucd: src.orbital
# - 
#   name: frequency_error
#   datatype: float32
#   unit: d**-1
#   description: "Uncertainty of \\texttt{frequency}"
#   meta:
#     ucd: stat.error
# - 
#   name: geom_model_reference_level
#   datatype: float32
#   unit: mag
#   description: Magnitude reference level of geometric model
#   meta:
#     ucd: phot.mag;em.opt
# - 
#   name: geom_model_reference_level_error
#   datatype: float32
#   unit: mag
#   description: "Uncertainty of \\texttt{geomModelReferenceLevel}"
#   meta:
#     ucd: stat.error;phot.mag;em.opt
# - 
#   name: geom_model_gaussian1_phase
#   datatype: float32
#   description: Phase of the Gaussian 1 component
#   meta:
#     ucd: time.phase
# - 
#   name: geom_model_gaussian1_phase_error
#   datatype: float32
#   description: "Uncertainty of \\texttt{geomModelGaussian1Phase}"
#   meta:
#     ucd: stat.error;time.phase
# - 
#   name: geom_model_gaussian1_sigma
#   datatype: float32
#   description: "Standard deviation [phase] of Gaussian 1 component"
#   meta:
#     ucd: stat.stdev
# - 
#   name: geom_model_gaussian1_sigma_error
#   datatype: float32
#   description: "Uncertainty of \\texttt{geomModelGaussian1Sigma}"
#   meta:
#     ucd: stat.error
# - 
#   name: geom_model_gaussian1_depth
#   datatype: float32
#   unit: mag
#   description: Magnitude depth of Gaussian 1 component
#   meta:
#     ucd: src.var.amplitude
# - 
#   name: geom_model_gaussian1_depth_error
#   datatype: float32
#   unit: mag
#   description: "Uncertainty of \\texttt{geomModelGaussian1Depth}"
#   meta:
#     ucd: stat.error;src.var.amplitude
# - 
#   name: geom_model_gaussian2_phase
#   datatype: float32
#   description: Phase of Gaussian 2 component
#   meta:
#     ucd: time.phase
# - 
#   name: geom_model_gaussian2_phase_error
#   datatype: float32
#   description: "Uncertainty of \\texttt{geomModelGaussian2Phase}"
#   meta:
#     ucd: stat.error;time.phase
# - 
#   name: geom_model_gaussian2_sigma
#   datatype: float32
[...]
#   datatype: float32
#   description: "Secondary eclipse: uncertainty of \\texttt{derivedSecondaryEclDuration}"
#   meta:
#     ucd: stat.error;time.duration
# - 
#   name: derived_secondary_ecl_depth
#   datatype: float32
#   unit: mag
#   description: "Secondary eclipse: depth"
#   meta:
#     ucd: src.var.amplitude
# - 
#   name: derived_secondary_ecl_depth_error
#   datatype: float32
#   unit: mag
#   description: "Secondary eclipse: uncertainty of \\texttt{derivedSecondaryEclDepth}"
#   meta:
#     ucd: stat.error;src.var.amplitude
solution_id,source_id,global_ranking,reference_time,frequency,frequency_error,geom_model_reference_level,geom_model_reference_level_error,geom_model_gaussian1_phase,geom_model_gaussian1_phase_error,geom_model_gaussian1_sigma,geom_model_gaussian1_sigma_error,geom_model_gaussian1_depth,geom_model_gaussian1_depth_error,geom_model_gaussian2_phase,geom_model_gaussian2_phase_error,geom_model_gaussian2_sigma,geom_model_gaussian2_sigma_error,geom_model_gaussian2_depth,geom_model_gaussian2_depth_error,geom_model_cosine_half_period_amplitude,geom_model_cosine_half_period_amplitude_error,geom_model_cosine_half_period_phase,geom_model_cosine_half_period_phase_error,model_type,num_model_parameters,reduced_chi2,derived_primary_ecl_phase,derived_primary_ecl_phase_error,derived_primary_ecl_duration,derived_primary_ecl_duration_error,derived_primary_ecl_depth,derived_primary_ecl_depth_error,derived_secondary_ecl_phase,derived_secondary_ecl_phase_error,derived_secondary_ecl_duration,derived_secondary_ecl_duration_error,derived_secondary_ecl_depth,derived_secondary_ecl_depth_error
[from data line 433]
375316653866487564,5219464336523077504,0.6272029,2214.4211505793382,1.6053886930742047,3.943268E-6,14.112276,0.0037074827,0.24877973,0.0017202034,0.055354517,0.00796206,0.053293675,0.008997645,0.7549671,0.0057292823,0.05703981,0.0050845724,0.0910197,0.0096881185,0.07203516,0.0049028615,0.24877973,0.0017202034,"TWOGAUSSIANS_WITH_ELLIPSOIDAL_ON_ECLIPSE1",9,34.609283,0.7549671,0.0057292823,0.31942293,0.028473604,0.23486622,0.004786846,0.24877973,0.0017202034,0.30998528,0.044587538,0.19735782,0.0034949302
375316653866487564,5219465779632513024,0.641394,2221.4332161646444,1.5835447349490914,7.675538E-6,16.576878,0.004226116,0.20888284,0.0052506323,0.050976712,0.007636325,0.046674542,0.011648368,0.7058525,0.0012755556,0.049908046,0.0018283646,0.3759626,0.014485359,0.02770389,0.0054908823,0.20888284,0.0052506323,"TWOGAUSSIANS_WITH_ELLIPSOIDAL_ON_ECLIPSE1",9,4.9258003,0.70594245,0.0011873294,0.27948505,0.010238841,0.43134958,0.015017986,0.20888284,0.0052506323,0.2854696,0.04276342,0.10208105,0.005192677
375316653866487564,5219478282280681728,0.45599094,2189.8262355351294,2.3492752249845306,4.754055E-5,16.011202,1.7690586,0.26810274,0.01161402,0.10492453,0.1197929,0.22265708,1.2665386,0.7622658,0.010409395,0.11670292,0.23927443,0.25244355,1.7114292,null,null,null,null,"TWOGAUSSIANS",8,174.37535,0.7622658,0.010409395,0.4,0.0,0.21732591,0.028662425,0.26812273,0.009528159,0.4,0.0,0.18758734,0.030798785
375316653866487564,5219480038923290880,0.44032016,2205.775369091196,3.2167196567595258,4.1193704E-5,16.276756,0.006831878,null,null,null,null,null,null,null,null,null,null,null,null,0.09537226,0.01172889,0.2521098,0.0077610803,"ELLIPSOIDAL",4,200.9457,null,null,null,null,null,null,null,null,null,null,null,null
375316653866487564,5219482920844434048,0.48940912,2222.4196724484445,3.5171781778509295,1.33953445E-5,17.655664,0.029252006,0.3072825,0.0073260115,0.110889174,0.025905987,0.13345519,0.026454182,0.811767,0.0046333014,0.104943454,0.018178863,0.13372597,0.028435525,null,null,null,null,"TWOGAUSSIANS",8,4.4647784,0.811777,0.004647686,0.4,0.0,0.11634885,0.008400545,0.3072825,0.007333299,0.4,0.0,0.11607085,0.0113549
375316653866487564,5219483127002859136,0.5153733,2217.8088211809736,2.369355417033063,1.8825958E-5,17.540726,0.064499676,0.30445716,0.023692545,0.08617941,0.061899986,0.2330096,0.027206235,0.7957121,0.005220155,0.08331926,0.020873077,0.25145876,0.05555177,null,null,null,null,"TWOGAUSSIANS",8,15.9948845,0.7957121,0.005220155,0.4,0.0,0.24610887,0.018956548,0.30445716,0.023699265,0.4,0.0,0.22765972,0.03947678
375316653866487564,5219491820016854528,0.52938706,2219.0780182965054,3.0074824391868935,2.9785364E-5,17.614405,0.028123993,0.2413502,0.0072041256,0.102959186,0.014668148,0.19910118,0.027719557,0.7637842,0.0075416532,0.10995531,0.016319586,0.18357614,0.029794374,null,null,null,null,"TWOGAUSSIANS",8,7.3619103,0.24132021,0.0071921707,0.4,0.0,0.1803232,0.010428898,0.76379424,0.007535752,0.4,0.0,0.16478588,0.011955348
375316653866487564,5219493675442813824,0.59975106,2202.4461450961057,1.0223410599257434,8.656506E-6,17.966347,0.003535599,0.2605845,0.014704588,0.05477873,0.030231321,0.14649309,0.08194497,0.7602193,0.0011630525,0.031853672,0.0013970382,0.5802272,0.013306754,null,null,null,null,"TWOGAUSSIANS",8,4.935897,0.7602193,0.0011630525,0.17838056,0.007823414,0.5802272,0.013306364,0.2605845,0.014704588,0.30676088,0.14088316,0.14649306,0.08195153
375316653866487564,5219496084921831424,0.5772914,2142.5447179969124,1.4568977136271244,4.0430655E-6,15.651414,0.007251954,0.21185824,0.0046819723,0.092934944,0.009929858,0.13159132,0.0061039566,0.72051406,0.0024625582,0.07055071,0.0026137643,0.28427288,0.0119119,null,null,null,null,"TWOGAUSSIANS",8,27.773064,0.72051406,0.0024625582,0.395084,0.013600416,0.28144217,0.011277815,0.21185824,0.0046819723,0.4,0.0,0.12876046,0.0048574116
375316653866487564,5219502441473389056,0.57091457,2257.740311198431,3.0976202379218263,7.0202586E-6,16.81943,0.00840533,0.22860104,0.004573729,0.073125854,0.004903996,0.3762012,0.011147961,0.73388696,0.0014226941,0.07468685,0.0031335633,0.31233904,0.0115831215,null,null,null,null,"TWOGAUSSIANS",8,17.704348,0.22860104,0.004573729,0.4,0.0,0.37421522,0.0106029725,0.73388696,0.0014226941,0.4,0.0,0.31035304,0.01129472
375316653866487564,5219503094307831680,0.5568704,2223.224099160873,3.0168272434229766,9.198333E-6,17.360016,0.009329901,0.21313399,0.0050232713,0.08904843,0.006049957,0.3647408,0.033689503,0.7200874,0.0015879011,0.08277687,0.0037249534,0.3495874,0.01820179,null,null,null,null,"TWOGAUSSIANS",8,6.9702287,0.21313399,0.0050232713,0.4,0.0,0.35554466,0.03508364,0.7200874,0.0015879011,0.4,0.0,0.34039137,0.018695291
375316653866487564,5219509313420488832,0.50018066,2205.0986112306186,0.32997973717379464,1.9545776E-5,13.357549,0.0021519295,0.69864005,9.961238E-4,0.029218221,0.0014924258,0.13317955,0.0066399467,null,null,null,null,null,null,0.021778664,0.0034034164,0.69864005,9.961238E-4,"ONEGAUSSIAN_WITH_ELLIPSOIDAL",6,250.77284,0.69864005,9.961238E-4,0.16362204,0.0083575845,0.17673682,0.0076676593,null,null,null,null,null,null
375316653866487564,5219518453110670080,0.58036214,2202.19576180964,1.2391781633638836,6.074379E-6,15.181485,0.0055494504,0.32400706,0.0014067903,0.028395738,0.0016418395,0.45597258,0.027802028,0.8251945,0.0013585059,0.023676727,0.0028318206,0.71715724,0.13939548,0.020369587,0.0106195165,0.32400706,0.0014067903,"TWOGAUSSIANS_WITH_ELLIPSOIDAL_ON_ECLIPSE1",9,123.95742,0.8251945,0.0013585059,0.13258967,0.015858196,0.75789416,0.15401056,0.32400706,0.0014067903,0.15901613,0.009194301,0.49671173,0.027511857
375316653866487564,5219519273445830016,0.49766183,2192.4988861994,2.751806472615259,3.0454727E-5,17.998331,0.0030269725,0.32804355,0.0041526575,0.028967092,0.003174512,0.20935832,0.07539997,0.6680668,0.008035476,0.022532186,0.011028591,0.06357295,0.053251117,0.014068021,0.0045671165,0.32804355,0.0041526575,"TWOGAUSSIANS_WITH_ELLIPSOIDAL_ON_ECLIPSE1",9,3.7390378,0.32804355,0.0041526575,0.16221571,0.017777266,0.23749436,0.07520281,0.6693568,0.006954443,0.12618023,0.061760105,0.071757875,0.053051464
375316653866487564,5219529100332391168,0.61423355,2241.3255931028757,3.2497125590849474,1.0251873E-5,17.9147,0.0068707615,0.24665555,0.0025889087,0.048184525,0.0052758087,0.24260439,0.016518122,0.7593592,0.0113786785,0.035887286,0.007844399,0.1328054,0.02968499,0.11923718,0.008263951,0.24665555,0.0025889087,"TWOGAUSSIANS_WITH_ELLIPSOIDAL_ON_ECLIPSE1",9,3.2291436,0.24665555,0.0025889087,0.26983336,0.029544529,0.48107815,0.0074593993,0.7593592,0.0113786785,0.2009688,0.043928634,0.36976305,0.028531978
375316653866487564,5219529963623115776,0.468499,2185.136384313685,0.7065316402536959,1.9276404E-5,15.636651,0.009026581,0.1732565,0.057069182,0.06460168,0.03822149,0.1282946,1.8425624,0.6532709,0.004786413,0.034761567,0.005494663,0.38274938,0.14828996,null,null,null,null,"TWOGAUSSIANS",8,151.94867,0.6532709,0.004786413,0.19466478,0.030770114,0.38274896,0.14829029,0.1732565,0.057069182,0.3617694,0.21289325,0.1282942,1.8425628
375316653866487564,5219537896423631616,0.50886637,2227.1640822925892,2.7344911599942647,1.4924887E-5,19.69775,0.023222411,0.2608666,0.0035130987,0.08446086,0.007673814,0.3530123,0.022762949,0.754775,0.005675959,0.08363913,0.013415431,0.34061217,0.032004084,null,null,null,null,"TWOGAUSSIANS",8,1.7817197,0.2608666,0.0035130987,0.4,0.0,0.34555033,0.019032473,0.754775,0.005675959,0.4,0.0,0.3331502,0.035363268
375316653866487564,5219539992367902080,0.6313601,2261.3471924246073,2.5269222777349194,6.376478E-6,16.992695,0.009248435,0.26703823,0.0012878695,0.04596589,0.00695156,0.26922426,0.048271693,0.77350914,0.0025502986,0.048964422,0.0041815233,0.22206597,0.022016454,0.1457909,0.014110557,0.26703823,0.0012878695,"TWOGAUSSIANS_WITH_ELLIPSOIDAL_ON_ECLIPSE1",9,8.064022,0.26703823,0.0012878695,0.257409,0.038928736,0.560805,0.055701192,0.77350914,0.0025502986,0.27420077,0.02341653,0.513165,0.012984746
375316653866487564,5219546353220559104,0.5121098,2243.4223065616006,1.4628752280994057,5.124141E-6,12.930789,0.010294314,0.25861079,0.001586695,0.15658872,0.0072391033,0.23563795,0.023596046,0.7576202,0.0020643498,0.26828468,0.017188195,0.3218886,0.010657171,null,null,null,null,"TWOGAUSSIANS",8,40.726353,0.25929078,0.00168019,0.4,0.0,0.06881389,0.0020653456,0.7576202,0.0020643498,0.4,0.0,0.045187797,0.0023632287
375316653866487564,5219548998920062976,0.60193884,2227.1192278556814,2.811900386637458,6.299313E-6,12.476714,0.004838988,0.25735924,0.0014669244,0.09634826,0.0032106687,0.2634785,0.0063605276,0.751378,0.0015783377,0.08903154,0.0023134323,0.284409,0.005342357,null,null,null,null,"TWOGAUSSIANS",8,154.15114,0.751378,0.0015783377,0.4,0.0,0.27124214,0.0042121825,0.25735924,0.0014669244,0.4,0.0,0.25031096,0.00686593
375316653866487564,5219552533672459264,0.5818999,2246.3541027915294,4.044375921720302,1.15695275E-5,18.165934,0.015133979,0.27261958,0.0037614258,0.050937273,0.011383351,0.22434463,0.03846807,0.77340984,0.008399314,0.047538858,0.011264024,0.26146394,0.044044834,0.11805923,0.01848394,0.27261958,0.0037614258,"TWOGAUSSIANS_WITH_ELLIPSOIDAL_ON_ECLIPSE1",9,6.7855253,0.77340984,0.00833043,0.2662176,0.06307854,0.49757493,0.04688809,0.27261958,0.0037614258,0.28524873,0.063746765,0.46046144,0.034975793
375316653866487564,5219564525221814528,0.51961344,2237.8145465753914,3.865214818099341,1.9400666E-5,18.981417,0.010299022,0.23635998,0.0053271335,0.06854234,0.006225922,0.34406543,0.025017364,0.73125464,0.009621161,0.07861073,0.0074325907,0.24990553,0.017137317,null,null,null,null,"TWOGAUSSIANS",8,4.148307,0.23635998,0.0053271335,0.3838371,0.027618438,0.3424696,0.025136812,0.73125464,0.009621161,0.4,0.0,0.2483097,0.01624275
375316653866487564,5219566041345773568,0.5168263,2164.241151269909,4.236383750502751,2.5025864E-5,19.718136,0.101656,0.22589204,0.0048029674,0.111629754,0.013833872,0.43592465,0.09515354,0.69900304,0.012963454,0.14193973,0.04066593,0.26359028,0.10112038,null,null,null,null,"TWOGAUSSIANS",8,1.210376,0.22638203,0.0043100747,0.4,0.0,0.3632828,0.020475337,0.69900304,0.012963454,0.4,0.0,0.18971747,0.015629508
375316653866487564,5219572535341128832,0.5808058,2220.775648102213,0.2063199981677394,1.7775865E-5,16.840977,0.0020401878,0.57373595,2.1654167E-5,0.0010331218,1.6536298E-5,0.47068775,0.0036678938,0.3247572,0.034780312,0.07928599,0.027024409,0.015264824,0.007638652,null,null,null,null,"TWOGAUSSIANS",8,6.6909814,0.57373595,2.1654167E-5,0.0057854825,9.2603266E-5,0.470798,0.0037085817,0.3247572,0.034780312,0.4,0.041791793,0.015264824,0.0076386607
375316653866487564,5219573561833059968,0.49070665,2157.5263066029497,1.3652909168146203,1.934339E-5,18.438402,0.011617524,0.09956827,0.0025749875,0.009316507,0.0038877935,3.1000946,3.1282854,0.6897656,0.004372461,0.027091611,0.008025154,0.43417388,0.17457002,null,null,null,null,"TWOGAUSSIANS",8,20.834425,0.09956827,0.0025749875,0.052172437,0.021771643,3.1000946,3.1282854,0.6897656,0.004372461,0.15171303,0.044940863,0.43417388,0.17457002
375316653866487564,5219578372195262848,0.6256851,2228.3370339477838,2.6137279599116185,7.2848125E-6,16.462427,0.01415301,0.27981374,0.0022259105,0.054072045,0.006542592,0.17690909,0.029477147,0.78058577,0.012246047,0.049121443,0.016484201,0.19286908,0.055244125,0.10682831,0.016550286,0.27981374,0.0022259105,"TWOGAUSSIANS_WITH_ELLIPSOIDAL_ON_ECLIPSE1",9,14.262035,0.78058577,0.011229605,0.27508008,0.09231153,0.4065157,0.06421301,0.27981374,0.0022259105,0.30280346,0.036638513,0.39056072,0.006572526
375316653866487564,5219578376496595456,0.64274716,2209.773465631615,3.6105800295850448,3.8334606E-6,17.160831,0.010759675,0.34135112,9.833082E-4,0.04430341,0.0043263244,0.3527069,0.04222859,0.8444018,0.0030030913,0.04529063,0.004670876,0.49394995,0.05685531,0.124845,0.013321406,0.34135112,9.833082E-4,"TWOGAUSSIANS_WITH_ELLIPSOIDAL_ON_ECLIPSE1",9,9.0695715,0.8444018,0.0030030913,0.25362754,0.026156904,0.7435475,0.06796006,0.34135112,9.833082E-4,0.24809909,0.024227418,0.6023962,0.04920576
375316653866487564,5219581297074086528,0.58823484,2177.4053965320004,2.9645390466641928,6.3835846E-6,13.639775,0.026241558,0.22160195,0.0042060814,0.05241249,0.009568087,0.37097812,0.06722494,0.7102316,0.0034633249,0.054518607,0.0058745663,0.48013693,0.061016873,0.094710335,0.0359953,0.22160195,0.0042060814,"TWOGAUSSIANS_WITH_ELLIPSOIDAL_ON_ECLIPSE1",9,655.48486,0.7111916,0.0030482837,0.3053042,0.032897573,0.6686637,0.014685343,0.22160195,0.0042060814,0.29350996,0.053581282,0.5603886,0.046825953
375316653866487564,5219581949909359488,0.5919529,2208.6163435144554,3.1709898869540374,1.2735515E-5,16.77657,0.012478761,0.27604544,0.00289494,0.08666033,0.0046232413,0.43398684,0.012570972,0.77358454,0.0040926384,0.08762832,0.004690538,0.42961353,0.019060474,null,null,null,null,"TWOGAUSSIANS",8,23.636206,0.27604544,0.00289494,0.4,0.0,0.42044976,0.010083953,0.77358454,0.0040926384,0.4,0.0,0.41607645,0.016350534
375316653866487564,5219589715209501312,0.6298958,2198.1482348922104,1.4459860769574044,5.0493877E-6,15.006761,0.0072979387,0.24282984,0.0010145867,0.08333695,0.0021614495,0.31364492,0.0070753773,0.75590944,0.0023380269,0.11567178,0.006040438,0.1370833,0.006991123,null,null,null,null,"TWOGAUSSIANS",8,15.411631,0.24281985,0.0010155507,0.4,0.0,0.30026403,0.0044081234,0.75590944,0.0023380269,0.4,0.0,0.12367564,0.0038382986
375316653866487564,5219598751820860800,0.594027,2200.6737727598957,1.729482477856555,5.417229E-6,13.693915,0.0015436262,0.16774258,0.0011392907,0.051356453,0.0015043222,0.1244691,0.004352447,0.669217,0.008179673,0.03197864,0.022849519,0.021347346,0.017783424,0.05053126,0.002027086,0.16774258,0.0011392907,"TWOGAUSSIANS_WITH_ELLIPSOIDAL_ON_ECLIPSE1",9,22.352331,0.16774258,0.0011392907,0.28759614,0.008424204,0.2255306,0.003143428,0.669217,0.00806085,0.17908038,0.1279573,0.12240017,0.017594762
375316653866487564,5219600744685780992,0.59640604,2182.60092134183,1.658156468809184,6.0132547E-6,14.992715,0.014520697,0.19131336,0.0022808337,0.03788011,0.003085618,0.66696715,0.036960777,0.7014519,0.0040762164,0.04757009,0.008796532,0.5946467,0.05157156,0.093094766,0.023184517,0.7014519,0.0040762164,"TWOGAUSSIANS_WITH_ELLIPSOIDAL_ON_ECLIPSE2",9,300.9358,0.19162335,0.0021781274,0.21212861,0.017279461,0.8524246,0.024658216,0.7014519,0.0040762164,0.2663925,0.04926058,0.7808356,0.033013955
375316653866487564,5219601805537353088,0.4594096,2210.7597533971457,3.4890386878839283,4.0138355E-5,18.267399,0.002852315,0.69471127,0.0013565602,0.011010901,0.0016534099,0.68402493,0.69704676,0.8684586,0.023776906,0.038470678,0.028013859,0.026961932,0.0838289,null,null,null,null,"TWOGAUSSIANS",8,2.7810369,0.69471127,0.0013565602,0.061661046,0.009259095,0.6840259,0.69704276,0.8684586,0.023776906,0.2154358,0.1568776,0.026961932,0.0838289
375316653866487564,5219603145567332736,0.609636,2241.4008293777856,0.07193798340422913,1.1653369E-5,17.844015,0.0016000589,0.4498668,0.062190086,0.009508245,0.030321663,0.017830033,0.009467295,0.6959615,3.312268E-5,0.004870099,3.8754904E-5,0.43919426,0.0043633934,null,null,null,null,"TWOGAUSSIANS",8,1.0772021,0.6959615,3.312268E-5,0.027272554,2.1702747E-4,0.43919426,0.00436341,0.4498668,0.062190086,0.05324617,0.16980131,0.017830033,0.009467295
375316653866487564,5219611877240605312,0.5466733,2172.7872878538874,2.117438379008468,3.5477504E-5,16.317173,0.0086266715,0.22325064,0.0031938076,0.050458457,0.0061493875,0.2760444,0.024259105,0.7683298,0.057508726,0.034333333,0.012044377,0.045626014,0.038626924,0.02508952,0.010331969,0.22325064,0.0031938076,"TWOGAUSSIANS_WITH_ELLIPSOIDAL_ON_ECLIPSE1",9,25.53941,0.22325064,0.0031938076,0.28256735,0.03443657,0.3262221,0.024631215,0.7683298,0.057508726,0.19226666,0.06744851,0.091884576,0.046099767
