Gaia/vari_eclipsing_binary/VariEclipsingBinary_673161-673224.csv
# %ECSV 1.0
# ---
# delimiter: ','
# meta: !!omap
# - RELEASE: Gaia DR3
# - TABLE: vari_eclipsing_binary
# - DESCRIPTION: >
#     This table describes the properties of the eclipsing binaries resulting from the variability analysis. 
# - CITATION: >
#     How to cite and acknowledge Gaia: 
#     https://gea.esac.esa.int/archive/documentation/credits.html 
# - KNOWN_ISSUES: >
#     Known issues: 
#     https://www.cosmos.esa.int/web/gaia-users/known-issues 
# - DOCUMENTATION: >
#     Tutorials and documentation: 
#     https://www.cosmos.esa.int/web/gaia-users/archive 
# datatype:
# - 
#   name: solution_id
#   datatype: int64
#   description: Solution Identifier
#   meta:
#     ucd: meta.version
# - 
#   name: source_id
#   datatype: int64
#   description: Unique source identifier
#   meta:
#     ucd: meta.id;meta.main
# - 
#   name: global_ranking
#   datatype: float32
#   description: Number between 0 (worst) and 1 (best)
#   meta:
#     ucd: stat.param
# - 
#   name: reference_time
#   datatype: float64
#   unit: d
#   description: Reference time used for the geometric model fit
#   meta:
#     ucd: time.epoch
# - 
#   name: frequency
#   datatype: float64
#   unit: d**-1
#   description: Frequency of geometric model of the eclipsing binary light curve
#   meta:
#     ucd: src.orbital
# - 
#   name: frequency_error
#   datatype: float32
#   unit: d**-1
#   description: "Uncertainty of \\texttt{frequency}"
#   meta:
#     ucd: stat.error
# - 
#   name: geom_model_reference_level
#   datatype: float32
#   unit: mag
#   description: Magnitude reference level of geometric model
#   meta:
#     ucd: phot.mag;em.opt
# - 
#   name: geom_model_reference_level_error
#   datatype: float32
#   unit: mag
#   description: "Uncertainty of \\texttt{geomModelReferenceLevel}"
#   meta:
#     ucd: stat.error;phot.mag;em.opt
# - 
#   name: geom_model_gaussian1_phase
#   datatype: float32
#   description: Phase of the Gaussian 1 component
#   meta:
#     ucd: time.phase
# - 
#   name: geom_model_gaussian1_phase_error
#   datatype: float32
#   description: "Uncertainty of \\texttt{geomModelGaussian1Phase}"
#   meta:
#     ucd: stat.error;time.phase
# - 
#   name: geom_model_gaussian1_sigma
#   datatype: float32
#   description: "Standard deviation [phase] of Gaussian 1 component"
#   meta:
#     ucd: stat.stdev
# - 
#   name: geom_model_gaussian1_sigma_error
#   datatype: float32
#   description: "Uncertainty of \\texttt{geomModelGaussian1Sigma}"
#   meta:
#     ucd: stat.error
# - 
#   name: geom_model_gaussian1_depth
#   datatype: float32
#   unit: mag
#   description: Magnitude depth of Gaussian 1 component
#   meta:
#     ucd: src.var.amplitude
# - 
#   name: geom_model_gaussian1_depth_error
#   datatype: float32
#   unit: mag
#   description: "Uncertainty of \\texttt{geomModelGaussian1Depth}"
#   meta:
#     ucd: stat.error;src.var.amplitude
# - 
#   name: geom_model_gaussian2_phase
#   datatype: float32
#   description: Phase of Gaussian 2 component
#   meta:
#     ucd: time.phase
# - 
#   name: geom_model_gaussian2_phase_error
#   datatype: float32
#   description: "Uncertainty of \\texttt{geomModelGaussian2Phase}"
#   meta:
#     ucd: stat.error;time.phase
# - 
#   name: geom_model_gaussian2_sigma
#   datatype: float32
[...]
#   datatype: float32
#   description: "Secondary eclipse: uncertainty of \\texttt{derivedSecondaryEclDuration}"
#   meta:
#     ucd: stat.error;time.duration
# - 
#   name: derived_secondary_ecl_depth
#   datatype: float32
#   unit: mag
#   description: "Secondary eclipse: depth"
#   meta:
#     ucd: src.var.amplitude
# - 
#   name: derived_secondary_ecl_depth_error
#   datatype: float32
#   unit: mag
#   description: "Secondary eclipse: uncertainty of \\texttt{derivedSecondaryEclDepth}"
#   meta:
#     ucd: stat.error;src.var.amplitude
solution_id,source_id,global_ranking,reference_time,frequency,frequency_error,geom_model_reference_level,geom_model_reference_level_error,geom_model_gaussian1_phase,geom_model_gaussian1_phase_error,geom_model_gaussian1_sigma,geom_model_gaussian1_sigma_error,geom_model_gaussian1_depth,geom_model_gaussian1_depth_error,geom_model_gaussian2_phase,geom_model_gaussian2_phase_error,geom_model_gaussian2_sigma,geom_model_gaussian2_sigma_error,geom_model_gaussian2_depth,geom_model_gaussian2_depth_error,geom_model_cosine_half_period_amplitude,geom_model_cosine_half_period_amplitude_error,geom_model_cosine_half_period_phase,geom_model_cosine_half_period_phase_error,model_type,num_model_parameters,reduced_chi2,derived_primary_ecl_phase,derived_primary_ecl_phase_error,derived_primary_ecl_duration,derived_primary_ecl_duration_error,derived_primary_ecl_depth,derived_primary_ecl_depth_error,derived_secondary_ecl_phase,derived_secondary_ecl_phase_error,derived_secondary_ecl_duration,derived_secondary_ecl_duration_error,derived_secondary_ecl_depth,derived_secondary_ecl_depth_error
[from data line 549]
375316653866487564,5921731101900240768,0.56357586,2335.398480005657,3.6606086166911034,6.2718514E-6,17.762774,0.015898833,0.24169873,0.0025550388,0.044340696,0.015723214,0.16561636,0.03687406,0.735345,0.0049490836,0.05269919,0.0076043154,0.2507275,0.070057705,0.08925366,0.029385226,0.24169873,0.0025550388,"TWOGAUSSIANS_WITH_ELLIPSOIDAL_ON_ECLIPSE1",9,9.08352,0.736205,0.0040487982,0.29511547,0.042584166,0.42898643,0.061284307,0.24169873,0.0025550388,0.24830788,0.08805,0.34412128,0.033418056
375316653866487564,5921731479858434816,0.57680804,2316.800144458851,3.324550264498046,9.623978E-6,17.790956,0.013487237,0.26994276,0.0057222047,0.055964082,0.011834435,0.2189548,0.027748099,0.7616667,0.008120092,0.05774871,0.008597299,0.16541576,0.03991799,0.098740906,0.015546965,0.26994276,0.0057222047,"TWOGAUSSIANS_WITH_ELLIPSOIDAL_ON_ECLIPSE1",9,6.6414895,0.26994276,0.0057222047,0.31339887,0.06627284,0.41641888,0.0077062575,0.7636467,0.0057522412,0.32339278,0.048144877,0.36247376,0.028139362
375316653866487564,5921732579369992704,0.61755246,2342.557112091383,1.1421809598270807,4.977295E-6,18.479155,0.0032964682,0.244256,9.895418E-4,0.030618954,5.609378E-4,1.1082702,0.045971505,0.739482,0.005849032,0.03972058,0.007045404,0.22721241,0.034272224,null,null,null,null,"TWOGAUSSIANS",8,2.9035242,0.244256,9.895418E-4,0.17146614,0.0031412516,1.1082702,0.045971505,0.739482,0.005849032,0.22243525,0.039454263,0.22721241,0.034272224
375316653866487564,5921733099078218496,0.61623603,2325.8404313409533,2.470114050559297,4.3554387E-6,15.632997,0.013957893,0.21022901,0.00214127,0.044586312,0.0044842237,0.35848466,0.02879242,0.7030117,0.0024414186,0.04784998,0.005885121,0.4309956,0.030499777,0.14375763,0.016265763,0.7030117,0.0024414186,"TWOGAUSSIANS_WITH_ELLIPSOIDAL_ON_ECLIPSE2",9,99.24741,0.7030117,0.0024414186,0.2679599,0.03295668,0.71851027,0.01027573,0.20941901,0.0017031798,0.24968335,0.025111651,0.64547443,0.021055708
375316653866487564,5921734984551807360,0.4922571,2301.626152293135,4.8388510862045475,5.2223713E-6,18.618912,0.0017280782,0.124256745,8.4700505E-6,0.0035623328,5.7719924E-5,0.79939276,0.030588116,0.3320943,0.0030395319,0.013902768,0.002282599,0.017818494,0.0021152901,null,null,null,null,"TWOGAUSSIANS",8,1.1025312,0.124256745,8.4700505E-6,0.019949064,3.2323156E-4,0.79939276,0.030588116,0.3320943,0.0030395319,0.0778555,0.012782554,0.017818494,0.0021152901
375316653866487564,5921737016088530176,0.5035831,2316.9100765437584,2.290370599334581,1.8081651E-5,16.388817,0.033362582,0.15992087,0.050105166,0.053767703,0.037146676,0.36124822,0.07679619,0.65114015,0.0048293457,0.081405416,0.011341896,0.45390397,0.03534833,null,null,null,null,"TWOGAUSSIANS",8,229.2504,0.65114015,0.0048293457,0.4,0.0,0.4532233,0.033097528,0.15992087,0.050105166,0.30109915,0.10981725,0.36056757,0.07176045
375316653866487564,5921739554398791680,0.43958104,2291.081802230554,0.5119856017160087,4.055359E-5,18.961555,0.0076444363,0.47189847,0.08923065,0.14273663,0.06461989,0.039051734,0.021318387,0.8164756,0.010322502,0.023389779,0.008137459,0.13044861,0.021332271,null,null,null,null,"TWOGAUSSIANS",8,3.8349006,0.8164756,0.010322502,0.13098276,0.04556977,0.13239968,0.022257458,0.47189847,0.08923065,0.4,0.0,0.03888264,0.021449361
375316653866487564,5921739794914473600,0.536753,2277.4183433113367,2.089029605385556,2.4091765E-5,15.775385,0.26473144,0.18745786,0.0032549405,0.17220232,0.060500167,0.28251526,0.23827453,0.68614084,0.004860916,0.18277621,0.074202344,0.28877598,0.2515142,null,null,null,null,"TWOGAUSSIANS",8,6.359628,0.68614084,0.004860916,0.4,0.0,0.08635568,0.0032401325,0.18796787,0.003036642,0.4,0.0,0.08544789,0.0038432232
375316653866487564,5921742822885040256,0.682704,2354.560169751984,0.8482112510211984,2.8452136E-5,17.18926,0.0028293608,0.21911933,3.241317E-4,0.026071917,4.045812E-4,1.3313477,0.019551864,0.724512,0.0044996664,0.04225652,0.0030604813,0.13752753,0.011542278,null,null,null,null,"TWOGAUSSIANS",8,8.445814,0.21911933,3.241317E-4,0.14600274,0.0022656547,1.3313477,0.019551864,0.724512,0.0044996664,0.2366365,0.017138695,0.13752753,0.011542278
375316653866487564,5921743333972121856,0.5575283,2423.9304161953146,4.451309370510316,1.8845936E-5,19.287153,0.011572475,0.3481853,0.009205691,0.027435103,0.026965134,0.7882791,4.01796606E14,0.8360782,0.0033709044,0.042244494,0.0040056948,0.57415444,0.100686625,0.108129516,0.020167656,0.3481853,0.009205691,"TWOGAUSSIANS_WITH_ELLIPSOIDAL_ON_ECLIPSE1",9,4.5762153,0.3481853,0.009205691,0.15363657,0.15100475,1.004538,4.01796606E14,0.8366882,0.0029786713,0.23656917,0.022431891,0.789227,0.103900336
375316653866487564,5921744953168552320,0.43318313,2371.0463161089865,2.5737426935896166,3.7927286E-5,17.39126,0.0053204503,0.16037776,0.005077752,0.061290063,0.007622694,0.072956525,0.008924949,0.55654633,0.060328603,0.03326544,0.050217234,0.01890999,0.014513556,null,null,null,null,"TWOGAUSSIANS",8,5.267462,0.16037776,0.005077752,0.34322435,0.042687085,0.072956525,0.008924872,0.55654633,0.060328603,0.18628646,0.26696664,0.01890999,0.0145143075
375316653866487564,5921745159347392256,0.46217492,2530.0532759294556,0.7290225964717232,2.8682355E-4,17.786388,0.060162842,0.16748224,0.009487913,0.06512385,0.040814277,0.16965222,0.06289693,0.7047844,0.01652662,0.12305524,0.08945274,0.13681985,0.032054972,null,null,null,null,"TWOGAUSSIANS",8,5.3523436,0.16740224,0.009278691,0.36469355,0.154659,0.16506344,0.06765642,0.7047844,0.01652662,0.4,0.0,0.1321046,0.03525954
375316653866487564,5921745228046799488,0.48188025,2335.586720000715,1.0957147559533578,5.6201603E-5,16.874685,0.023365377,0.19353698,0.01226719,0.07143478,0.014113979,0.09033468,0.016500944,0.68904877,0.009402357,0.18728557,0.08056913,0.044176627,0.021657491,null,null,null,null,"TWOGAUSSIANS",8,1.1900928,0.19364698,0.012418085,0.4,0.07622884,0.079373345,0.016809514,0.68904877,0.009402357,0.4,0.0,0.03070745,0.0037242598
375316653866487564,5921745228046865920,0.4229513,2339.7649332708356,3.8789388193504037,4.136292E-5,16.993132,0.026836462,0.11535837,0.0076818587,0.09208191,0.031455908,0.19388677,0.102835596,0.590195,0.058919527,0.071519025,0.040357627,0.1990708,0.14854853,null,null,null,null,"TWOGAUSSIANS",8,22.35345,0.590195,0.058919527,0.4,0.22026986,0.19682121,0.14882661,0.11535837,0.0076818587,0.4,0.047444202,0.19163685,0.104481734
375316653866487564,5921745262406713600,0.46547467,2370.0909772070213,2.1686448143164236,3.795791E-5,16.675875,0.03853783,0.2408876,0.01909717,0.12997662,0.05711043,0.09318851,0.03594571,0.5216812,0.0042332723,0.016365975,0.0036875703,0.2660653,0.13498984,null,null,null,null,"TWOGAUSSIANS",8,5.832854,0.5216812,0.0042332723,0.091649465,0.020650394,0.27498615,0.13843407,0.2408876,0.01909717,0.4,0.0,0.093074486,0.032962248
375316653866487564,5921745296766522112,0.4600772,2284.8678658291296,3.934572665063529,3.0691208E-5,16.674656,0.09212364,0.35481992,0.030618934,0.075062394,0.08301647,0.1165085,0.0944504,0.7573371,0.005226965,0.07932204,0.016833657,0.33220008,0.11008654,null,null,null,null,"TWOGAUSSIANS",8,8.092498,0.7573371,0.005226965,0.4,0.0,0.33197892,0.08777786,0.35481992,0.030603822,0.4,0.19289955,0.11628812,0.06611474
375316653866487564,5921745296766522752,0.52834374,2285.252605628,2.470468186347626,3.1895135E-5,16.885765,0.017082762,0.09343266,0.004125191,0.035481695,0.0038396367,0.6650062,0.044878293,0.723409,0.012720419,0.014024102,0.0069608954,0.76392853,0.39776838,null,null,null,null,"TWOGAUSSIANS",8,17.885574,0.723409,0.012720419,0.078534976,0.038981017,0.76392853,0.39776838,0.09343266,0.004125191,0.19869749,0.021501966,0.6650062,0.044878293
375316653866487564,5921745296786407296,0.43135035,2397.421645874164,0.14989960709411912,4.3213415E-5,16.047892,0.014745218,0.56377256,0.0046727965,0.008149332,0.005734076,0.24385053,3.5104208,0.92686206,0.0123021435,0.072385386,0.03071058,0.07449077,0.02004121,null,null,null,null,"TWOGAUSSIANS",8,6.892152,0.56377256,0.0046727965,0.045636263,0.032110825,0.24385078,3.51042,0.92686206,0.0123021435,0.4,0.11619958,0.07449077,0.02004121
375316653866487564,5921747805042074496,0.46497095,2385.0812795949996,4.13288757884731,3.8397233E-5,19.509653,0.012022449,0.7771285,0.006668283,0.070485815,0.020546824,0.12666719,0.034314375,null,null,null,null,null,null,0.067236885,0.012784854,0.7771285,0.006668283,"ONEGAUSSIAN_WITH_ELLIPSOIDAL",6,2.100665,0.7771285,0.006668283,0.39472055,0.054637954,0.26091212,0.026959952,null,null,null,null,null,null
375316653866487564,5921748079905206400,0.41918674,2348.7585583546224,0.16490090763946993,1.05413405E-4,17.933058,0.011459755,0.23734024,0.00874745,0.1018619,0.014003111,0.40426496,0.07658837,0.5464224,0.012671201,0.043422703,0.023044672,0.15078555,0.09563395,null,null,null,null,"TWOGAUSSIANS",8,11.663964,0.23734024,0.00874745,0.4,0.0,0.40425703,0.07660397,0.5464224,0.012671201,0.24316715,0.12905017,0.15482678,0.09635873
375316653866487564,5921748114265248768,0.45720807,2433.0335395573366,4.9044929926006215,1.0662374E-4,18.289957,0.019302173,0.26570624,0.011311669,0.071850576,0.026965683,0.15580024,0.026872076,0.7625866,0.019281402,0.1106606,0.03403536,0.08523088,0.025824547,null,null,null,null,"TWOGAUSSIANS",8,4.316409,0.26570624,0.011319458,0.4,0.058869306,0.15116552,0.03605511,0.7625866,0.019281402,0.4,0.0,0.080589816,0.023279892
375316653866487564,5921748251704372736,0.4249467,2368.8671833070416,2.069379745439711,5.005034E-5,17.335535,0.041885212,0.19912401,0.014796563,0.11952129,0.051591348,0.11145252,0.037693236,0.61666054,0.06684594,0.09314647,0.0534928,0.11269626,0.060789835,null,null,null,null,"TWOGAUSSIANS",8,4.971179,0.61666054,0.06684594,0.4,0.15500923,0.107728936,0.050800342,0.199154,0.014756024,0.4,0.0,0.106239825,0.02251968
375316653866487564,5921748251718324224,0.46926817,2410.2646636116187,1.2410032226065624,3.933063E-5,16.406635,0.010489141,0.35489717,0.010613986,0.029390844,0.008030381,0.030730788,0.01306756,0.6498336,0.006413988,0.11447648,0.015089914,0.14839931,0.02460132,null,null,null,null,"TWOGAUSSIANS",8,11.60011,0.6498336,0.006413988,0.4,0.0,0.14837793,0.024619393,0.35856718,0.014701099,0.16458872,0.044970136,0.036301177,0.014908737
375316653866487564,5921748251728230528,0.48243707,2456.180428421562,2.65619598317026,9.584671E-5,17.42175,0.059027005,0.07150395,0.008827751,0.058738984,0.012975908,0.23827015,0.084252164,0.53674775,0.01831094,0.14848316,0.044989426,0.3985625,0.14680897,null,null,null,null,"TWOGAUSSIANS",8,2.9590688,0.53674775,0.01831094,0.4,0.0,0.3761839,0.16312844,0.07220395,0.008382608,0.3289383,0.07266509,0.21945812,0.07084709
375316653866487564,5921748320423887488,0.46048075,2324.9542705015965,1.9992660512235967,2.2306662E-5,17.03352,0.011900149,0.43881646,0.0044954964,0.07289116,0.011378306,0.15813367,0.05233345,0.94340587,0.027576046,0.04357891,0.04636341,0.038112182,38.51601,null,null,null,null,"TWOGAUSSIANS",8,9.674155,0.43881646,0.0044954964,0.4,0.038606204,0.15811865,0.052341454,0.94340587,0.027576046,0.24404192,0.2596351,0.038097154,38.516026
375316653866487564,5921748320423932800,0.44492435,2362.073393127988,1.0840167010301198,2.6396174E-5,17.690292,0.014651511,0.39398736,0.013935579,0.12563041,0.01958945,0.10861093,0.0188373,0.8528523,0.0016401556,0.03227854,0.006685189,0.105395965,0.0079696085,null,null,null,null,"TWOGAUSSIANS",8,4.450974,0.39398736,0.013935579,0.4,0.0,0.10810983,0.01859225,0.8528523,0.0016401556,0.18075983,0.03743706,0.10504275,0.007813083
375316653866487564,5921748492222676864,0.43415803,2327.8922940200546,1.164555288469834,8.120322E-5,17.740395,0.0054682647,0.32166222,0.029638777,0.14073016,0.037463862,0.0442732,0.0078871995,0.73501354,1.6616618E-4,0.00943551,5.9123087E-4,0.124566406,0.0033601078,null,null,null,null,"TWOGAUSSIANS",8,3.4595473,0.73501354,1.6616618E-4,0.052838854,0.0033108927,0.12500577,0.003635392,0.32166222,0.029638777,0.4,0.0,0.044112466,0.0075388555
375316653866487564,5921748870203562880,0.43888873,2394.9177625672223,0.03716666500267697,1.0040065E-4,19.477972,0.70266956,0.31820464,0.039872054,0.22660659,0.12448579,0.79762405,0.55216116,0.648574,0.017465068,0.052494824,0.048783462,0.5071895,9.280889,null,null,null,null,"TWOGAUSSIANS",8,33.7843,0.31820464,0.039514862,0.4,0.0,0.6558953,0.20870388,0.648574,0.017465068,0.293971,0.21155375,0.6510839,9.320838
