Gaia/vari_eclipsing_binary/VariEclipsingBinary_248616-248843.csv
# %ECSV 1.0
# ---
# delimiter: ','
# meta: !!omap
# - RELEASE: Gaia DR3
# - TABLE: vari_eclipsing_binary
# - DESCRIPTION: >
#     This table describes the properties of the eclipsing binaries resulting from the variability analysis. 
# - CITATION: >
#     How to cite and acknowledge Gaia: 
#     https://gea.esac.esa.int/archive/documentation/credits.html 
# - KNOWN_ISSUES: >
#     Known issues: 
#     https://www.cosmos.esa.int/web/gaia-users/known-issues 
# - DOCUMENTATION: >
#     Tutorials and documentation: 
#     https://www.cosmos.esa.int/web/gaia-users/archive 
# datatype:
# - 
#   name: solution_id
#   datatype: int64
#   description: Solution Identifier
#   meta:
#     ucd: meta.version
# - 
#   name: source_id
#   datatype: int64
#   description: Unique source identifier
#   meta:
#     ucd: meta.id;meta.main
# - 
#   name: global_ranking
#   datatype: float32
#   description: Number between 0 (worst) and 1 (best)
#   meta:
#     ucd: stat.param
# - 
#   name: reference_time
#   datatype: float64
#   unit: d
#   description: Reference time used for the geometric model fit
#   meta:
#     ucd: time.epoch
# - 
#   name: frequency
#   datatype: float64
#   unit: d**-1
#   description: Frequency of geometric model of the eclipsing binary light curve
#   meta:
#     ucd: src.orbital
# - 
#   name: frequency_error
#   datatype: float32
#   unit: d**-1
#   description: "Uncertainty of \\texttt{frequency}"
#   meta:
#     ucd: stat.error
# - 
#   name: geom_model_reference_level
#   datatype: float32
#   unit: mag
#   description: Magnitude reference level of geometric model
#   meta:
#     ucd: phot.mag;em.opt
# - 
#   name: geom_model_reference_level_error
#   datatype: float32
#   unit: mag
#   description: "Uncertainty of \\texttt{geomModelReferenceLevel}"
#   meta:
#     ucd: stat.error;phot.mag;em.opt
# - 
#   name: geom_model_gaussian1_phase
#   datatype: float32
#   description: Phase of the Gaussian 1 component
#   meta:
#     ucd: time.phase
# - 
#   name: geom_model_gaussian1_phase_error
#   datatype: float32
#   description: "Uncertainty of \\texttt{geomModelGaussian1Phase}"
#   meta:
#     ucd: stat.error;time.phase
# - 
#   name: geom_model_gaussian1_sigma
#   datatype: float32
#   description: "Standard deviation [phase] of Gaussian 1 component"
#   meta:
#     ucd: stat.stdev
# - 
#   name: geom_model_gaussian1_sigma_error
#   datatype: float32
#   description: "Uncertainty of \\texttt{geomModelGaussian1Sigma}"
#   meta:
#     ucd: stat.error
# - 
#   name: geom_model_gaussian1_depth
#   datatype: float32
#   unit: mag
#   description: Magnitude depth of Gaussian 1 component
#   meta:
#     ucd: src.var.amplitude
# - 
#   name: geom_model_gaussian1_depth_error
#   datatype: float32
#   unit: mag
#   description: "Uncertainty of \\texttt{geomModelGaussian1Depth}"
#   meta:
#     ucd: stat.error;src.var.amplitude
# - 
#   name: geom_model_gaussian2_phase
#   datatype: float32
#   description: Phase of Gaussian 2 component
#   meta:
#     ucd: time.phase
# - 
#   name: geom_model_gaussian2_phase_error
#   datatype: float32
#   description: "Uncertainty of \\texttt{geomModelGaussian2Phase}"
#   meta:
#     ucd: stat.error;time.phase
# - 
#   name: geom_model_gaussian2_sigma
#   datatype: float32
[...]
#   datatype: float32
#   description: "Secondary eclipse: uncertainty of \\texttt{derivedSecondaryEclDuration}"
#   meta:
#     ucd: stat.error;time.duration
# - 
#   name: derived_secondary_ecl_depth
#   datatype: float32
#   unit: mag
#   description: "Secondary eclipse: depth"
#   meta:
#     ucd: src.var.amplitude
# - 
#   name: derived_secondary_ecl_depth_error
#   datatype: float32
#   unit: mag
#   description: "Secondary eclipse: uncertainty of \\texttt{derivedSecondaryEclDepth}"
#   meta:
#     ucd: stat.error;src.var.amplitude
solution_id,source_id,global_ranking,reference_time,frequency,frequency_error,geom_model_reference_level,geom_model_reference_level_error,geom_model_gaussian1_phase,geom_model_gaussian1_phase_error,geom_model_gaussian1_sigma,geom_model_gaussian1_sigma_error,geom_model_gaussian1_depth,geom_model_gaussian1_depth_error,geom_model_gaussian2_phase,geom_model_gaussian2_phase_error,geom_model_gaussian2_sigma,geom_model_gaussian2_sigma_error,geom_model_gaussian2_depth,geom_model_gaussian2_depth_error,geom_model_cosine_half_period_amplitude,geom_model_cosine_half_period_amplitude_error,geom_model_cosine_half_period_phase,geom_model_cosine_half_period_phase_error,model_type,num_model_parameters,reduced_chi2,derived_primary_ecl_phase,derived_primary_ecl_phase_error,derived_primary_ecl_duration,derived_primary_ecl_duration_error,derived_primary_ecl_depth,derived_primary_ecl_depth_error,derived_secondary_ecl_phase,derived_secondary_ecl_phase_error,derived_secondary_ecl_duration,derived_secondary_ecl_duration_error,derived_secondary_ecl_depth,derived_secondary_ecl_depth_error
375316653866487564,2186853040524978432,0.5419043,2246.606132003295,2.5671155595959774,1.2773365E-5,15.902712,0.018857207,0.2991656,0.007884651,0.071893364,0.018357888,0.64863735,0.30881822,0.80019885,0.002855601,0.08426485,0.0052033057,0.49206936,0.022057934,null,null,null,null,"TWOGAUSSIANS",8,178.60904,0.2991656,0.007884651,0.4,0.05338842,0.6421745,0.31606773,0.80019885,0.002855601,0.4,0.0,0.48560652,0.020136053
375316653866487564,2186854754209572224,0.5487326,2271.802803419574,4.25974220167484,1.9521263E-5,17.267859,0.014051877,0.23185655,0.0052569006,0.0876791,0.008872101,0.30468643,0.024369674,0.71405154,0.0029965383,0.106216975,0.0077778664,0.23595506,0.012906088,null,null,null,null,"TWOGAUSSIANS",8,10.683775,0.23186655,0.0052559134,0.4,0.0,0.2898461,0.026438687,0.71405154,0.0029965383,0.4,0.0,0.22110529,0.0060701016
375316653866487564,2186855995461678592,0.56691706,2239.3710473430306,3.4870761749484274,1.5978012E-5,16.35033,0.0053584673,0.19795267,0.003960972,0.086865745,0.006158751,0.18710408,0.006284674,0.69601595,0.008744282,0.0920045,0.0069326074,0.2286297,0.014749121,null,null,null,null,"TWOGAUSSIANS",8,22.039762,0.69601595,0.008744282,0.4,0.0,0.22054563,0.016034747,0.19795267,0.003960972,0.4,0.0,0.17902017,0.0062170844
375316653866487564,2186859293996775040,0.5445877,2238.312659415865,2.7156629226035656,1.4407917E-5,16.668476,0.014278235,0.2146458,0.0053144037,0.09429938,0.008443842,0.23804948,0.016283639,0.7174375,0.0053095627,0.098414354,0.011205331,0.2347691,0.013833727,null,null,null,null,"TWOGAUSSIANS",8,17.348282,0.2146458,0.0053144037,0.4,0.0,0.22233212,0.011622013,0.7174375,0.0053095627,0.4,0.0,0.21905094,0.009395797
375316653866487564,2186863515943627136,0.46919188,2214.1122792644646,4.277984433764701,1.1664616E-4,19.51751,0.18968348,0.20034972,0.022153618,0.1393181,0.06994771,0.23899336,0.18696874,0.71353537,0.011870989,0.12213013,0.04962729,0.25278097,0.17403784,null,null,null,null,"TWOGAUSSIANS",8,1.7485592,0.7139154,0.010988762,0.4,0.0,0.18237199,0.026319757,0.20020972,0.022134006,0.4,0.0,0.16790624,0.04642142
375316653866487564,2186867158075209728,0.5823903,2255.936207404201,3.6905687253292747,7.435036E-6,18.802244,0.013999615,0.24407247,0.002050725,0.07824393,0.0033677868,0.47228456,0.015190288,0.74064344,0.0061658253,0.07947172,0.005911299,0.40234005,0.016423907,null,null,null,null,"TWOGAUSSIANS",8,3.0410466,0.24407247,0.002050725,0.4,0.0,0.46694538,0.013323237,0.74064344,0.0061658253,0.4,0.0,0.39700088,0.013839713
375316653866487564,2186874240483340160,0.6209372,2214.22793241582,2.283535723237514,5.1141874E-6,15.79352,0.019146517,0.26331276,0.009170699,0.113412365,0.015117759,0.2737247,0.021736799,0.7669053,0.0021457784,0.09845124,0.006088585,0.30540615,0.017947875,null,null,null,null,"TWOGAUSSIANS",8,12.032296,0.7669153,0.0021497696,0.4,0.0,0.2714164,0.005855473,0.26331276,0.009170699,0.4,0.0,0.23970327,0.027116515
375316653866487564,2186874962037834368,0.6536658,2221.8189637803807,1.5284421008759892,3.916995E-6,14.608399,0.009632069,0.22721261,0.0011391287,0.06953152,0.0057910257,0.10021869,0.02220326,0.7364922,0.00532262,0.05628789,0.008283284,0.1402202,0.018687116,0.08993513,0.010674799,0.22721261,0.0011391287,"TWOGAUSSIANS_WITH_ELLIPSOIDAL_ON_ECLIPSE1",9,21.175282,0.7364922,0.00532262,0.31521216,0.046386387,0.31932154,0.004799843,0.22721261,0.0011391287,0.38937655,0.030644514,0.27993083,0.0073326984
375316653866487564,2186880700110832128,0.481981,2207.608945739348,2.928166779997231,3.362119E-5,17.40287,0.009981812,0.31041762,0.05457678,0.034469157,0.03005337,0.062367156,0.033491697,0.75881237,0.0041308645,0.019424424,0.019506637,0.15731606,2.4455903,0.1085061,0.013319314,0.75881237,0.0041308645,"TWOGAUSSIANS_WITH_ELLIPSOIDAL_ON_ECLIPSE2",9,36.996372,0.75881237,0.0041308645,0.10877678,0.109237164,0.3743279,2.4604812,0.29740763,0.040441077,0.19302729,0.16829887,0.26257756,0.0259844
375316653866487564,2186882997916568320,0.5039073,2188.714900494399,3.347165573222546,1.4020381E-5,19.220877,0.0128205,0.28874898,0.005200091,0.063103184,0.00859467,0.27041832,0.045011017,0.7846088,0.0105754845,0.06885923,0.009591622,0.2669947,0.038054436,null,null,null,null,"TWOGAUSSIANS",8,2.6735919,0.28874898,0.005200091,0.35337782,0.048130155,0.2700548,0.045310162,0.7846088,0.0105754845,0.38561168,0.047052804,0.26663122,0.038250837
375316653866487564,2186888426755120000,0.486325,2216.334005812746,3.4819662318091584,7.413882E-6,17.3159,0.09605794,0.30790982,0.0025219382,0.2132713,0.022169687,1.0357999,0.1043673,0.81221056,0.0020131527,0.17094421,0.010205235,0.9573476,0.041505415,null,null,null,null,"TWOGAUSSIANS",8,6.6436486,0.8150806,0.001875484,0.4,0.0,0.25049683,0.0038367235,0.3060498,0.0027489054,0.4,0.0,0.22276641,0.0032322973
375316653866487564,2186888602853810944,0.5605663,2216.8847140484954,2.368099171720986,1.27407375E-5,17.367485,0.06626364,0.21798463,0.0035896094,0.04749219,0.023137875,0.13424787,0.14451724,0.72062206,0.0058987094,0.05227339,0.024880543,0.1301803,0.1382698,0.107942335,0.078951,0.21798463,0.0035896094,"TWOGAUSSIANS_WITH_ELLIPSOIDAL_ON_ECLIPSE1",9,15.700809,0.21798463,0.0035896094,0.26595625,0.12957211,0.35013062,0.022490295,0.72062206,0.0055727265,0.29273096,0.11157837,0.34600377,0.023421299
375316653866487564,2186889491906887680,0.5573744,2237.124294120552,4.0116282728064725,6.497814E-6,18.337885,0.013288166,0.20086053,0.0022629073,0.08457051,0.0039722784,0.39299554,0.013164584,0.7023637,0.007472122,0.09047246,0.007826264,0.34550664,0.01772489,null,null,null,null,"TWOGAUSSIANS",8,2.4876094,0.20086053,0.0022629073,0.4,0.0,0.38087448,0.010524921,0.7023637,0.007472122,0.4,0.0,0.33338544,0.014255145
375316653866487564,2186891454712420096,0.59540856,2266.027628682223,3.3308792093173762,9.284871E-6,15.45011,0.017974872,0.34046018,0.0041376585,0.09674196,0.007931874,0.3598819,0.01610375,0.83197296,0.0014733319,0.09621113,0.009181294,0.2851644,0.011014871,null,null,null,null,"TWOGAUSSIANS",8,41.002506,0.34046018,0.0041376585,0.4,0.0,0.34000742,0.010251393,0.83197296,0.0014733319,0.4,0.0,0.2652903,0.015089772
375316653866487564,2186891523428935040,0.46025395,2242.8158375955395,0.20220813143047053,5.6883873E-5,17.16424,0.0012327547,0.08998489,0.009035651,0.031683866,0.008069355,0.06021577,0.005353836,0.30172163,0.0030984492,0.021718236,0.00246268,0.13173836,0.017522875,null,null,null,null,"TWOGAUSSIANS",8,2.456664,0.30172163,0.0030984492,0.121622115,0.013791009,0.13173836,0.017522875,0.08998489,0.009035651,0.17742965,0.045188386,0.06021577,0.005353836
375316653866487564,2186891867029288832,0.57453483,2235.1370183064255,2.3791498102033533,7.133424E-6,16.795362,0.025842393,0.20937932,0.007073445,0.10523451,0.01459765,0.24815251,0.025187882,0.7082198,0.0020985557,0.10023853,0.008567664,0.25585318,0.02457415,null,null,null,null,"TWOGAUSSIANS",8,5.06228,0.7082198,0.0020985557,0.4,0.0,0.23014192,0.009420023,0.20937932,0.007073445,0.4,0.0,0.22243704,0.009188886
375316653866487564,2186892554224039808,0.5305185,2253.354613413962,1.4454584785434945,1.0794268E-5,13.68025,0.09031678,0.23831801,0.0054285713,0.14182732,0.0758343,0.049833264,0.085129075,0.7343792,0.004214914,0.13624644,0.055574916,0.056116637,0.08242361,null,null,null,null,"TWOGAUSSIANS",8,6.716139,0.7343792,0.004214914,0.4,0.0,0.035901032,0.0012695644,0.238468,0.005338216,0.4,0.0,0.029551663,0.0019444242
375316653866487564,2186896776171943296,0.45423,2183.447540643032,1.5057446152079998,3.9554816E-5,17.596397,0.0036453116,0.25675207,0.013474711,0.02967224,0.014601321,0.021150334,0.009474022,0.7525391,0.0064207697,0.052203264,0.01229375,0.049253065,0.005707606,null,null,null,null,"TWOGAUSSIANS",8,1.9359205,0.7525391,0.0064207697,0.29233828,0.068845004,0.049253065,0.0057076104,0.25675207,0.013474711,0.16616455,0.081767395,0.021150334,0.009474027
375316653866487564,2186900491322442752,0.592146,2179.386001928748,3.80333272157978,6.871096E-6,17.74392,0.010327153,0.27252764,0.0046859453,0.045387194,0.008176877,0.21244009,0.027118864,0.764879,0.04244727,0.033801537,0.03938294,0.21649633,0.74292845,0.10189962,0.017921947,0.27252764,0.0046859453,"TWOGAUSSIANS_WITH_ELLIPSOIDAL_ON_ECLIPSE1",9,5.9332733,0.76547897,0.041700147,0.18928862,0.22054446,0.41986194,0.75594825,0.27252764,0.0046859453,0.25416827,0.04579051,0.41623926,0.019883681
375316653866487564,2186902862145507968,0.6087016,2207.9703808236823,3.5370466450126425,6.820348E-6,15.418163,0.008560335,0.28891176,0.0016499441,0.056245413,0.0074170935,0.11020907,0.016015472,0.7882652,0.0116706295,0.05311925,0.013909164,0.090828106,0.020259557,0.034222238,0.009902657,0.28891176,0.0016499441,"TWOGAUSSIANS_WITH_ELLIPSOIDAL_ON_ECLIPSE1",9,8.711536,0.28891176,0.0016499441,0.3149743,0.041535724,0.17864648,0.0069602774,0.78835523,0.010229486,0.2974678,0.07789132,0.15926453,0.0066517475
375316653866487564,2186904232235097728,0.48572534,2144.135910654338,0.6870879493736092,1.8132421E-5,18.906044,0.0045937486,0.3037027,0.005913774,0.01628785,0.0053026285,0.40551132,0.6226085,0.6003372,0.0087022325,0.04608776,0.0125171915,0.13486284,0.07629375,null,null,null,null,"TWOGAUSSIANS",8,3.0687973,0.3037027,0.005913774,0.09121196,0.029694721,0.40551132,0.6226085,0.6003372,0.0087022325,0.25809148,0.07009627,0.13486284,0.07629375
375316653866487564,2186904339614263808,0.6103321,2183.4579725641083,0.6443276454126057,9.5322175E-6,15.438549,0.010280578,0.2637895,0.002149364,0.10770811,0.007177941,0.12284642,0.009672488,0.7562219,0.0026766572,0.12058036,0.011479038,0.11812919,0.008489689,null,null,null,null,"TWOGAUSSIANS",8,4.2651567,0.2638295,0.002134466,0.4,0.0,0.10261535,0.002191436,0.7562219,0.0026766572,0.4,0.0,0.0978585,0.0045578703
375316653866487564,2186907462050596096,0.5655544,2204.362273945427,2.341042980894602,1.1485406E-5,18.609453,0.006993732,0.22254749,0.0027392607,0.053660307,0.0025434424,0.68338156,0.030425625,0.72952485,0.011559093,0.06715759,0.008900235,0.28688288,0.023921845,null,null,null,null,"TWOGAUSSIANS",8,5.4383316,0.22254749,0.0027392607,0.3004977,0.014243277,0.68325675,0.03043115,0.72952485,0.011559093,0.3760825,0.03954231,0.28675807,0.02386798
375316653866487564,2186908840739988992,0.6087958,2200.8812841514896,3.797742361125887,5.5422115E-6,15.839183,0.0466861,0.22218202,0.0018435295,0.06794595,0.010223148,0.43448883,0.07825739,0.7237002,0.0023040113,0.06588783,0.0085766595,0.3570419,0.09505917,0.052160673,0.051320564,0.22218202,0.0018435295,"TWOGAUSSIANS_WITH_ELLIPSOIDAL_ON_ECLIPSE1",9,34.09261,0.22218202,0.0018435295,0.38049734,0.05724963,0.53807443,0.050240465,0.7237002,0.0023040113,0.36897188,0.048029296,0.46061802,0.02037882
375316653866487564,2186909287416604160,0.5142952,2184.2920995221643,3.2348377995366873,1.3890655E-5,18.022554,0.09777043,0.22541171,0.0043159127,0.12497354,0.03207139,0.24844436,0.093145296,0.7090714,0.013590301,0.12172851,0.046328954,0.24035889,0.07956228,null,null,null,null,"TWOGAUSSIANS",8,4.584478,0.22553171,0.0041366876,0.4,0.0,0.19387268,0.010090855,0.7090714,0.013590301,0.4,0.0,0.18585537,0.030086942
375316653866487564,2186913685461931776,0.59585327,2174.309252166339,2.964396102244298,7.818463E-6,15.8754015,0.024148606,0.30420598,0.0034713757,0.11425918,0.01145222,0.23094302,0.022114424,0.8052198,0.0013418762,0.11726884,0.009156449,0.23233408,0.023236476,null,null,null,null,"TWOGAUSSIANS",8,8.049162,0.8052198,0.0013409785,0.4,0.0,0.18780081,0.004281595,0.30420598,0.0034811564,0.4,0.0,0.1864301,0.007245199
375316653866487564,2186915953204630272,0.6639344,2179.5211070317455,0.480455611999833,4.582569E-6,15.209592,0.0013561015,0.35389075,0.0027007097,0.025316484,0.0016117251,0.29050204,0.005995025,0.8535614,0.0022414124,0.024230732,0.003298113,0.29394993,0.09567169,0.008770123,0.002027735,0.35389075,0.0027007097,"TWOGAUSSIANS_WITH_ELLIPSOIDAL_ON_ECLIPSE1",9,8.68232,0.8535614,0.0022414124,0.13569209,0.018469432,0.31149006,0.097921275,0.35389075,0.0027007097,0.14177231,0.00902566,0.30804226,0.004869813
375316653866487564,2186917117137437568,0.5451656,2179.8789455021765,3.4090989203611795,1.3470006E-5,18.209179,0.014328144,0.30862734,0.0031130218,0.028231952,0.015165619,0.1812655,0.05451786,0.7961629,0.01818861,0.04913358,0.0144135365,0.28125957,0.22933167,0.1577331,0.019842174,0.30862734,0.0031130218,"TWOGAUSSIANS_WITH_ELLIPSOIDAL_ON_ECLIPSE1",9,12.069573,0.7983529,0.015065773,0.27514803,0.080715805,0.5951312,0.23239318,0.30862734,0.0031130218,0.15809892,0.08492746,0.49672928,0.06573396
375316653866487564,2186917636831816576,0.5277738,2194.5703836338016,1.1231759774121144,1.1904606E-5,17.250427,0.059103657,0.2798852,0.004042136,0.11829283,0.02257945,0.15214087,0.05623265,0.7771012,0.0062661795,0.12628734,0.039202437,0.14138842,0.05273429,null,null,null,null,"TWOGAUSSIANS",8,3.6849477,0.2799152,0.00394807,0.4,0.0,0.11688214,0.004472162,0.7771012,0.0062661795,0.4,0.0,0.10605805,0.008097615
375316653866487564,2186917941771517056,0.5259077,2181.080791823864,3.927724348992154,1.8214258E-5,19.70663,0.011325656,0.1731934,0.0042539295,0.042846773,0.0039804145,0.46717116,0.031372685,0.66682255,0.07407828,0.06182278,0.032076195,0.50356364,5.0476885,null,null,null,null,"TWOGAUSSIANS",8,2.7938924,0.66682255,0.07407828,0.3462076,0.17962669,0.5035557,5.0476966,0.1731934,0.0042539295,0.23994194,0.022290321,0.4671632,0.031379737
375316653866487564,2186921240305919872,0.5167313,2190.788383356166,3.7611720582615007,1.2178103E-5,18.632614,0.025790067,0.23073977,0.0038531686,0.07819347,0.006930297,0.5739559,0.03991338,0.7270618,0.0057695666,0.057415098,0.008431341,0.73890865,0.038638365,null,null,null,null,"TWOGAUSSIANS",8,23.23196,0.7270618,0.0057695666,0.32152456,0.047215506,0.737637,0.038831305,0.23073977,0.0038531686,0.4,0.0,0.5726842,0.040067945
375316653866487564,2186926222466067712,0.55029607,2179.678672031602,3.0312195312223476,8.689545E-6,18.305187,0.011307423,0.15204479,0.0030781182,0.074344225,0.0040758788,0.43901727,0.016494147,0.66033036,0.004159885,0.07026,0.0042318627,0.36015317,0.014718694,null,null,null,null,"TWOGAUSSIANS",8,7.899316,0.15204479,0.0030781182,0.4,0.0,0.43736288,0.0162643,0.66033036,0.004159885,0.393456,0.015771577,0.35849878,0.014146957
375316653866487564,2186927390699218304,0.51572275,2145.195065342044,2.9611946829196074,1.3414024E-5,19.17511,0.010654167,0.26140884,0.0041860747,0.0649371,0.005830543,0.4191982,0.039893333,0.754001,0.0077126985,0.078800805,0.006181982,0.4094288,0.033341724,null,null,null,null,"TWOGAUSSIANS",8,3.2402055,0.26140884,0.0041860747,0.36364776,0.03265104,0.41757774,0.04032134,0.754001,0.0077126985,0.4,0.0,0.4078084,0.033513956
375316653866487564,2186932097983450624,0.4836252,2088.289368403537,3.919138772211697,2.1863403E-5,18.862902,0.016737577,0.34286165,0.008974923,0.115356386,0.015348958,0.16354598,0.01706525,0.79378164,0.007000933,0.08850716,0.008063005,0.19020645,0.017326014,null,null,null,null,"TWOGAUSSIANS",8,2.6913283,0.79378164,0.007000933,0.4,0.0,0.1811108,0.0116596,0.34286165,0.008976932,0.4,0.0,0.15437014,0.010793938
375316653866487564,2186937359321840384,0.5134951,2031.1003128699442,4.336107168718298,1.2882572E-5,18.6725,0.0068676476,0.2514682,0.0043324097,0.08822752,0.006267781,0.30118206,0.011285045,0.754268,0.0020766207,0.07759589,0.0045122765,0.3581109,0.010781955,null,null,null,null,"TWOGAUSSIANS",8,2.4363518,0.754268,0.0020766207,0.4,0.0,0.35154754,0.011310637,0.2514682,0.0043324097,0.4,0.0,0.2946186,0.012050462
375316653866487564,2186937702919282688,0.48084944,2209.768261241675,0.7257052055265119,1.682043E-5,14.254727,8.240588E-4,0.85419303,0.0041750246,0.015740296,0.008713373,0.028338177,0.36135343,null,null,null,null,null,null,0.016292153,0.0012529845,0.85419303,0.0041750246,"ONEGAUSSIAN_WITH_ELLIPSOIDAL",6,21.163013,0.85419303,0.0041750246,0.08814566,0.048794888,0.060922474,0.36137733,null,null,null,null,null,null
