Gaia/vari_eclipsing_binary/VariEclipsingBinary_731376-731725.csv
# %ECSV 1.0
# ---
# delimiter: ','
# meta: !!omap
# - RELEASE: Gaia DR3
# - TABLE: vari_eclipsing_binary
# - DESCRIPTION: >
#     This table describes the properties of the eclipsing binaries resulting from the variability analysis. 
# - CITATION: >
#     How to cite and acknowledge Gaia: 
#     https://gea.esac.esa.int/archive/documentation/credits.html 
# - KNOWN_ISSUES: >
#     Known issues: 
#     https://www.cosmos.esa.int/web/gaia-users/known-issues 
# - DOCUMENTATION: >
#     Tutorials and documentation: 
#     https://www.cosmos.esa.int/web/gaia-users/archive 
# datatype:
# - 
#   name: solution_id
#   datatype: int64
#   description: Solution Identifier
#   meta:
#     ucd: meta.version
# - 
#   name: source_id
#   datatype: int64
#   description: Unique source identifier
#   meta:
#     ucd: meta.id;meta.main
# - 
#   name: global_ranking
#   datatype: float32
#   description: Number between 0 (worst) and 1 (best)
#   meta:
#     ucd: stat.param
# - 
#   name: reference_time
#   datatype: float64
#   unit: d
#   description: Reference time used for the geometric model fit
#   meta:
#     ucd: time.epoch
# - 
#   name: frequency
#   datatype: float64
#   unit: d**-1
#   description: Frequency of geometric model of the eclipsing binary light curve
#   meta:
#     ucd: src.orbital
# - 
#   name: frequency_error
#   datatype: float32
#   unit: d**-1
#   description: "Uncertainty of \\texttt{frequency}"
#   meta:
#     ucd: stat.error
# - 
#   name: geom_model_reference_level
#   datatype: float32
#   unit: mag
#   description: Magnitude reference level of geometric model
#   meta:
#     ucd: phot.mag;em.opt
# - 
#   name: geom_model_reference_level_error
#   datatype: float32
#   unit: mag
#   description: "Uncertainty of \\texttt{geomModelReferenceLevel}"
#   meta:
#     ucd: stat.error;phot.mag;em.opt
# - 
#   name: geom_model_gaussian1_phase
#   datatype: float32
#   description: Phase of the Gaussian 1 component
#   meta:
#     ucd: time.phase
# - 
#   name: geom_model_gaussian1_phase_error
#   datatype: float32
#   description: "Uncertainty of \\texttt{geomModelGaussian1Phase}"
#   meta:
#     ucd: stat.error;time.phase
# - 
#   name: geom_model_gaussian1_sigma
#   datatype: float32
#   description: "Standard deviation [phase] of Gaussian 1 component"
#   meta:
#     ucd: stat.stdev
# - 
#   name: geom_model_gaussian1_sigma_error
#   datatype: float32
#   description: "Uncertainty of \\texttt{geomModelGaussian1Sigma}"
#   meta:
#     ucd: stat.error
# - 
#   name: geom_model_gaussian1_depth
#   datatype: float32
#   unit: mag
#   description: Magnitude depth of Gaussian 1 component
#   meta:
#     ucd: src.var.amplitude
# - 
#   name: geom_model_gaussian1_depth_error
#   datatype: float32
#   unit: mag
#   description: "Uncertainty of \\texttt{geomModelGaussian1Depth}"
#   meta:
#     ucd: stat.error;src.var.amplitude
# - 
#   name: geom_model_gaussian2_phase
#   datatype: float32
#   description: Phase of Gaussian 2 component
#   meta:
#     ucd: time.phase
# - 
#   name: geom_model_gaussian2_phase_error
#   datatype: float32
#   description: "Uncertainty of \\texttt{geomModelGaussian2Phase}"
#   meta:
#     ucd: stat.error;time.phase
# - 
#   name: geom_model_gaussian2_sigma
#   datatype: float32
[...]
#   datatype: float32
#   description: "Secondary eclipse: uncertainty of \\texttt{derivedSecondaryEclDuration}"
#   meta:
#     ucd: stat.error;time.duration
# - 
#   name: derived_secondary_ecl_depth
#   datatype: float32
#   unit: mag
#   description: "Secondary eclipse: depth"
#   meta:
#     ucd: src.var.amplitude
# - 
#   name: derived_secondary_ecl_depth_error
#   datatype: float32
#   unit: mag
#   description: "Secondary eclipse: uncertainty of \\texttt{derivedSecondaryEclDepth}"
#   meta:
#     ucd: stat.error;src.var.amplitude
solution_id,source_id,global_ranking,reference_time,frequency,frequency_error,geom_model_reference_level,geom_model_reference_level_error,geom_model_gaussian1_phase,geom_model_gaussian1_phase_error,geom_model_gaussian1_sigma,geom_model_gaussian1_sigma_error,geom_model_gaussian1_depth,geom_model_gaussian1_depth_error,geom_model_gaussian2_phase,geom_model_gaussian2_phase_error,geom_model_gaussian2_sigma,geom_model_gaussian2_sigma_error,geom_model_gaussian2_depth,geom_model_gaussian2_depth_error,geom_model_cosine_half_period_amplitude,geom_model_cosine_half_period_amplitude_error,geom_model_cosine_half_period_phase,geom_model_cosine_half_period_phase_error,model_type,num_model_parameters,reduced_chi2,derived_primary_ecl_phase,derived_primary_ecl_phase_error,derived_primary_ecl_duration,derived_primary_ecl_duration_error,derived_primary_ecl_depth,derived_primary_ecl_depth_error,derived_secondary_ecl_phase,derived_secondary_ecl_phase_error,derived_secondary_ecl_duration,derived_secondary_ecl_duration_error,derived_secondary_ecl_depth,derived_secondary_ecl_depth_error
[from data line 71]
375316653866487564,6433881693971876864,0.5296402,2306.0078889945717,0.18289569675538503,5.7054244E-6,18.25411,0.0013645776,0.16413014,0.048852023,0.021326184,0.01975275,0.005720579,10.949014,0.33677125,1.13811075E-4,0.0071463296,7.875293E-5,0.50920534,0.004255415,0.0022015304,0.0021348256,0.33677125,1.13811075E-4,"TWOGAUSSIANS_WITH_ELLIPSOIDAL_ON_ECLIPSE2",9,2.163932,0.33677125,1.13811075E-4,0.040019445,4.410164E-4,0.5136084,0.0042549553,0.16598015,0.046429463,0.11942663,0.1106154,0.0067025605,10.949048
375316653866487564,6433887092747819776,0.5992987,2297.483443073539,3.9691481668024235,8.445314E-6,17.376429,0.01006948,0.31232142,0.0067310114,0.05608792,0.005661158,0.2745102,0.025203316,0.82623816,0.0018189771,0.050281845,0.005677704,0.19601907,0.024785144,0.11379661,0.012492451,0.82623816,0.0018189771,"TWOGAUSSIANS_WITH_ELLIPSOIDAL_ON_ECLIPSE2",9,11.980289,0.31469142,0.0056599444,0.31409234,0.031702485,0.50065655,0.009404507,0.82623816,0.0018189771,0.28157833,0.03179514,0.42360622,0.016762068
375316653866487564,6433891731309753728,0.50121015,2277.5176046652623,0.8923631125501832,1.9530124E-5,19.874071,0.0036644249,0.19626874,7.9634733E-4,0.01008799,4.5752985E-4,0.73336273,0.02955852,0.6960372,0.009348093,0.011618394,0.0068017016,0.33343783,5.0765443,null,null,null,null,"TWOGAUSSIANS",8,1.2714922,0.19626874,7.9634733E-4,0.056492746,0.0025621671,0.73336273,0.02955852,0.6960372,0.009348093,0.06506301,0.03808953,0.33343783,5.0765443
375316653866487564,6433925128976320768,0.5900345,2306.333172548108,3.93920962894983,3.4892678E-6,18.710978,0.0099228965,0.26607832,0.0017812406,0.048098106,0.0042046285,0.32597128,0.025028007,0.76888853,0.0018382827,0.04498133,0.00474201,0.23629971,0.019676581,0.1305649,0.012453216,0.26607832,0.0017812406,"TWOGAUSSIANS_WITH_ELLIPSOIDAL_ON_ECLIPSE1",9,2.9322336,0.26607832,0.0017812406,0.2693494,0.02354592,0.5871005,0.01874349,0.76888853,0.0018382827,0.25189546,0.026555257,0.49734753,0.009928439
375316653866487564,6433927087483603328,0.55492157,2306.9668506788303,3.465738491973916,8.662602E-6,17.384094,0.0060701272,0.26692688,0.0017286418,0.056046434,0.0065885596,0.0860394,0.01343909,0.7675022,0.009484679,0.044598557,0.0073718634,0.124369085,0.015692795,0.09645443,0.007664788,0.26692688,0.0017286418,"TWOGAUSSIANS_WITH_ELLIPSOIDAL_ON_ECLIPSE1",9,10.110275,0.7675022,0.008846871,0.24975191,0.041282434,0.3172712,0.0071590343,0.26692688,0.0017286418,0.31386003,0.036895934,0.27894402,0.006090435
375316653866487564,6433938559338961920,0.518079,2312.0095052683764,1.4151950720480415,4.128591E-6,18.693424,0.0023478104,0.14248486,0.0013000461,0.019409774,0.0011775084,0.21590878,0.014411705,0.63985854,0.0010923715,0.021495882,0.0012058736,0.5218621,0.057100065,null,null,null,null,"TWOGAUSSIANS",8,2.646682,0.63985854,0.0010923715,0.120376945,0.006752892,0.5218621,0.057100065,0.14248486,0.0013000461,0.10869473,0.0065940474,0.21590878,0.014411705
375316653866487564,6433938971655906560,0.51006573,2330.797198521713,3.813170872665849,1.0591576E-5,18.801157,0.008366052,0.2398631,0.0026850665,0.080290504,0.005367483,0.31109428,0.012580864,0.755152,0.0018241202,0.08487202,0.0038510417,0.30513406,0.010797327,null,null,null,null,"TWOGAUSSIANS",8,3.4495285,0.2398631,0.0026850665,0.4,0.0,0.30635458,0.013162982,0.755152,0.0018241202,0.4,0.0,0.30039433,0.010484606
375316653866487564,6433944881531285376,0.6054471,2302.505563618445,2.110907788650673,3.6890367E-6,17.138689,0.0034702925,0.18322228,0.0013458629,0.088356055,0.0019245102,0.386346,0.006580235,0.6802122,0.0013194495,0.07821839,0.0022700452,0.43236795,0.010980445,null,null,null,null,"TWOGAUSSIANS",8,6.9686627,0.6802122,0.0013194495,0.4,0.0,0.42386305,0.011798417,0.18322228,0.0013458629,0.4,0.0,0.37784106,0.0067250803
375316653866487564,6433949696191637248,0.55655676,2291.9082218256995,0.5772139777016281,6.0282655E-6,13.39427,0.0014105105,0.7311632,0.044187486,0.016009854,0.06947093,0.01445156,0.015210667,0.8815171,5.396703E-4,0.021660017,6.436639E-4,0.20666647,0.0038089468,null,null,null,null,"TWOGAUSSIANS",8,97.58849,0.8815171,5.396703E-4,0.12129609,0.003604518,0.20666647,0.0039060412,0.7311632,0.044187486,0.08965518,0.31663394,0.01445156,0.015210667
375316653866487564,6433964883197109120,0.46464,2196.603828190444,1.2610686048748263,5.611272E-6,17.427462,0.0027600417,0.17258088,0.0019755098,0.018844903,8.6329406E-4,0.3273513,0.025459386,0.67599535,0.0051858723,0.022285746,0.0074447636,0.09171135,0.028220724,null,null,null,null,"TWOGAUSSIANS",8,19.332254,0.17258088,0.0019755098,0.105531454,0.0048344466,0.3273513,0.025459386,0.67599535,0.0051858723,0.12480018,0.041690674,0.09171135,0.028220724
375316653866487564,6433971342827924352,0.49968028,2191.8853905149876,3.273874672692893,1.205736E-5,16.29545,0.1555414,0.19654562,0.0027101682,0.16840541,0.01356254,0.5111535,0.11593775,0.6951445,0.0036258725,0.18900295,0.03151277,0.45565516,0.14880064,null,null,null,null,"TWOGAUSSIANS",8,22.595308,0.19702563,0.0026067782,0.4,0.0,0.18192069,0.0048994725,0.6951445,0.0036258725,0.4,0.0,0.111336745,0.00652452
375316653866487564,6433975706514849408,0.5488747,2193.466210810568,3.5261716603929214,5.621334E-6,17.43859,0.008193222,0.2738243,0.0020497604,0.08659577,0.0041730916,0.23895532,0.008491386,0.7793306,0.0015152963,0.09259361,0.004211306,0.28530186,0.008234955,null,null,null,null,"TWOGAUSSIANS",8,9.2283535,0.7793306,0.0015152963,0.4,0.0,0.27551454,0.0077213347,0.2738243,0.0020497604,0.4,0.0,0.22916824,0.00692823
375316653866487564,6433984090290914432,0.6011426,2194.9683544065488,3.7922875885934184,4.277996E-6,17.586344,0.011844454,0.17632426,0.0012202866,0.0598584,0.0033071332,0.38684577,0.027295088,0.67489827,0.0020256785,0.05654537,0.003252091,0.4161314,0.02493585,0.08455978,0.014214367,0.17632426,0.0012202866,"TWOGAUSSIANS_WITH_ELLIPSOIDAL_ON_ECLIPSE1",9,12.113777,0.67502826,0.0018209127,0.31665406,0.01821171,0.5851544,0.013203112,0.17632426,0.0012202866,0.33520705,0.018519947,0.5558811,0.021968624
375316653866487564,6433991030957916672,0.5991622,2185.3975472827838,0.5205681528990103,4.531697E-6,15.524047,0.0018949815,0.24410859,0.0027136607,0.024361253,0.003834801,0.07211743,0.0068021375,0.741827,7.094097E-4,0.023797745,4.906092E-4,0.6228781,0.011042062,0.038024984,0.0033365902,0.24410859,0.0027136607,"TWOGAUSSIANS_WITH_ELLIPSOIDAL_ON_ECLIPSE1",9,52.686794,0.741837,7.0083415E-4,0.13326737,0.0027474116,0.6989125,0.010453964,0.24410859,0.0027136607,0.136423,0.021474887,0.14816736,0.0068397513
375316653866487564,6433998929399328512,0.48911598,2243.9402005911534,1.2804255257935424,2.8981047E-5,19.387283,0.0023907167,0.2775531,0.0038420355,0.018588971,0.0033302768,0.037860118,0.005037716,0.64309496,0.0030630631,0.004952684,0.0012907075,0.6490034,0.2441809,null,null,null,null,"TWOGAUSSIANS",8,1.7609777,0.64309496,0.0030630631,0.027735032,0.0072279624,0.6490034,0.2441809,0.2775531,0.0038420355,0.10409824,0.01864955,0.037860118,0.005037716
375316653866487564,6434028998469164928,0.5525047,2201.8590193295777,1.2547882678084794,4.273769E-6,13.930516,0.003755772,0.34259346,0.0047741695,0.031457443,0.003758198,0.21454419,0.014614068,0.8347498,8.746474E-4,0.024337566,6.682746E-4,0.5985336,0.018475968,null,null,null,null,"TWOGAUSSIANS",8,679.17896,0.8347498,8.746474E-4,0.13629037,0.0037423377,0.5985336,0.018475968,0.34259346,0.0047741695,0.17616168,0.021045908,0.21454419,0.014614068
375316653866487564,6434047307911153408,0.44558066,2297.2235462177196,2.553702731139149,5.1952808E-5,17.978458,0.05499082,0.2187725,0.006097509,0.06102533,0.008069982,0.31268495,0.015888652,0.6579797,0.021540912,0.17910634,0.071851335,0.16694391,0.047258668,null,null,null,null,"TWOGAUSSIANS",8,27.75536,0.2198825,0.005193059,0.34174183,0.0451919,0.300355,0.017925505,0.6579797,0.021540912,0.4,0.0,0.14506605,0.015921224
375316653866487564,6434048927118989696,0.4844642,2286.0880968154343,2.839885743293866,2.2649956E-5,17.455318,0.009463799,0.14920525,0.0070022377,0.082042746,0.012781912,0.15261409,0.009372737,0.6448772,0.004745326,0.09162858,0.007983657,0.14546011,0.011603691,null,null,null,null,"TWOGAUSSIANS",8,8.045337,0.14920525,0.0070022377,0.4,0.0,0.14823234,0.007755653,0.6448772,0.004745326,0.4,0.0,0.14107826,0.009971011
375316653866487564,6434051431079840896,0.5234645,2284.9029777106884,3.4097361513367717,9.271665E-6,19.591362,0.0081106275,0.2616723,0.0030356843,0.07928318,0.0030541064,0.38040727,0.012994519,0.7584102,0.0019835255,0.07925295,0.0029171677,0.3925541,0.01086791,null,null,null,null,"TWOGAUSSIANS",8,1.8372902,0.7584102,0.0019835255,0.4,0.0,0.38754272,0.0103917355,0.2616723,0.0030356843,0.4,0.0,0.3753959,0.012279708
375316653866487564,6434061640220401280,0.6006735,2276.697796043316,3.9186913136256103,3.3861102E-6,17.76336,0.004339875,0.23306096,9.667602E-4,0.05319643,0.0061884606,0.08652204,0.008953088,0.74044335,0.0028218855,0.040382728,0.0043911734,0.08785255,0.010505816,0.10862013,0.006160201,0.23306096,9.667602E-4,"TWOGAUSSIANS_WITH_ELLIPSOIDAL_ON_ECLIPSE1",9,3.0313735,0.74044335,0.0028218855,0.22614329,0.024590572,0.30462432,0.005585677,0.23306096,9.667602E-4,0.2979,0.034655377,0.30376086,0.0052067908
375316653866487564,6434070951710138496,0.5147543,2309.5410467018287,1.3409520287228196,4.072483E-6,18.003061,0.0052456725,0.3427878,0.005330367,0.033587445,0.017930394,0.24545722,0.10672544,0.83416516,6.7751925E-4,0.019303313,8.5334975E-4,0.74892944,0.096782,null,null,null,null,"TWOGAUSSIANS",8,11.631368,0.83416516,6.7751925E-4,0.10809855,0.0047787586,0.74892944,0.096782,0.3427878,0.005330367,0.1880897,0.10041021,0.24545722,0.10672544
375316653866487564,6434072154300755584,0.5977911,2278.5084380195253,0.8865483497005241,2.0607577E-6,17.48215,0.0017910498,0.4078458,0.003616146,0.015358137,0.0018777201,0.5305875,0.05756192,0.90674514,0.0016034172,0.012956847,0.0010203435,0.53251654,0.02674489,null,null,null,null,"TWOGAUSSIANS",8,5.274877,0.90674514,0.0016034172,0.07255834,0.0057139234,0.53251654,0.02674489,0.4078458,0.003616146,0.08600557,0.010515233,0.5305875,0.05756192
375316653866487564,6434072390519011328,0.41012123,2287.3274275177173,0.20825803288507413,3.1441727E-5,17.692616,0.013906426,0.22469646,0.009141316,0.07015573,0.017233865,0.07204404,0.013923413,0.6913182,0.020139523,0.11599743,0.023588564,0.09463997,0.01488874,null,null,null,null,"TWOGAUSSIANS",8,21.307453,0.6913182,0.020139523,0.4,0.0,0.091910526,0.011812516,0.22475645,0.009070166,0.3928721,0.07394878,0.06934603,0.0115071125
375316653866487564,6434104315013860608,0.5171297,2254.7662958149763,0.027723786419711544,4.486058E-6,16.178051,9.3714555E-4,0.28007632,0.10302747,0.01888655,0.057308853,0.0052627763,0.005557889,0.6455788,5.845943E-4,0.0021466315,8.7084895E-4,0.14155369,0.009587592,0.0045935116,0.001350026,0.6455788,5.845943E-4,"TWOGAUSSIANS_WITH_ELLIPSOIDAL_ON_ECLIPSE2",9,5.344765,0.6455788,5.845943E-4,0.012021136,0.0048767542,0.1507407,0.0100752255,0.27608633,0.13350798,0.10576468,0.3209296,0.009422471,0.004802722
375316653866487564,6434118814823530752,0.6339614,2263.395911663079,1.5446235967912834,1.4497156E-6,16.742878,0.002736229,0.2664139,4.8464877E-4,0.034897488,5.6650414E-4,0.6710439,0.0137396185,0.7715916,0.0022080343,0.035453703,0.0031826906,0.09411566,0.0074327765,0.0148487035,0.0037114085,0.2664139,4.8464877E-4,"TWOGAUSSIANS_WITH_ELLIPSOIDAL_ON_ECLIPSE1",9,6.5281405,0.2664139,4.8464877E-4,0.19542594,0.0031724232,0.7007413,0.013672889,0.7715916,0.0022080343,0.19854073,0.017823068,0.12378164,0.005830306
375316653866487564,6434121254364946560,0.5677968,2247.820797316985,0.5544553866040873,6.9676394E-6,8.842582,0.0016313929,0.24638803,7.251156E-4,0.0290902,0.0013716804,0.22458437,0.02349955,0.7455856,0.0031425452,0.032414936,0.0018622371,0.24840577,0.008491031,0.028125128,0.0022036599,0.24638803,7.251156E-4,"TWOGAUSSIANS_WITH_ELLIPSOIDAL_ON_ECLIPSE1",9,52.682682,0.7455956,0.003112856,0.18152364,0.010428528,0.3046546,0.0070653595,0.24638803,7.251156E-4,0.16290511,0.00768141,0.2808346,0.024615001
375316653866487564,6434135719814622976,0.5235661,2244.5559131683226,1.1509371498312104,7.2313146E-6,15.163619,0.0023867863,0.102425165,0.008002241,0.0126970755,0.0033142325,0.16152647,0.026899358,0.5998292,0.0010709693,0.017464537,7.883634E-4,0.49595663,0.024629278,0.0032120897,0.0033084478,0.102425165,0.008002241,"TWOGAUSSIANS_WITH_ELLIPSOIDAL_ON_ECLIPSE1",9,123.73765,0.5998292,0.0010709693,0.09780141,0.004414835,0.5023791,0.025201863,0.102425165,0.008002241,0.071103625,0.018559702,0.16795065,0.026267335
375316653866487564,6434138743471578368,0.60360974,2258.0294046905997,0.08700094834950392,1.2173277E-5,17.59865,9.21636E-4,0.0834774,0.0012429223,0.005085289,8.09662E-4,0.41078052,0.04656728,0.51208246,0.006324695,0.017761743,0.0036702335,0.0150843505,0.005482898,null,null,null,null,"TWOGAUSSIANS",8,1.2530924,0.0834774,0.0012429223,0.028477618,0.004534107,0.41078052,0.04656728,0.51208246,0.006324695,0.09946576,0.020553308,0.0150843505,0.005482898
375316653866487564,6434150112247361408,0.55866385,2208.344190640605,4.193176111699284,5.2036407E-6,19.2805,0.006120199,0.27988768,0.0022708224,0.06869178,0.0030108534,0.5329768,0.021762146,0.7836896,0.0017060493,0.06633023,0.002124397,0.5817557,0.014237422,null,null,null,null,"TWOGAUSSIANS",8,1.7556711,0.7836896,0.0017060493,0.3714493,0.011896623,0.5807007,0.014306303,0.27988768,0.0022708224,0.38467398,0.01686078,0.53192186,0.021954881
375316653866487564,6434167777450746624,0.5001243,2239.7212250783678,3.52455811802174,1.30250155E-5,13.148872,0.018941168,0.2830902,0.006293534,0.10970068,0.018990029,0.12325367,0.017129106,0.7806496,0.004194779,0.10587692,0.014803013,0.12939756,0.0171004,null,null,null,null,"TWOGAUSSIANS",8,155.81026,0.7806496,0.004194779,0.4,0.0,0.11271333,0.0038715112,0.2830902,0.0063030273,0.4,0.0,0.10656555,0.007479454
375316653866487564,6434207596091220096,0.4982479,2224.2751027316144,2.554148786803236,2.1878006E-5,19.363028,0.011626007,0.28715292,0.00617754,0.037981045,0.0056699147,0.73533493,0.13533583,0.78727937,0.012138944,0.029784998,0.015359931,0.21861231,0.059778698,null,null,null,null,"TWOGAUSSIANS",8,8.277177,0.28715292,0.00617754,0.21269386,0.03175152,0.73533493,0.13533583,0.78727937,0.012138944,0.16679598,0.08601561,0.21861231,0.059778698
375316653866487564,6434214437975622144,0.55717856,2220.222240753206,1.48278462160526,6.737734E-6,17.464338,0.0025052682,0.2812285,0.0017010071,0.042939976,0.0011221787,0.28294268,0.0044512507,0.7791215,0.005360538,0.06427483,0.006087078,0.070446916,0.006618533,null,null,null,null,"TWOGAUSSIANS",8,3.7489536,0.2812285,0.0017010071,0.24046385,0.006284201,0.2829386,0.0044498267,0.7791215,0.005360538,0.35993907,0.034087636,0.070442826,0.0066213245
375316653866487564,6434226223365967872,0.6229148,2227.1548277489696,2.6295798613840184,3.7978123E-6,17.364265,0.0042889304,0.3028866,0.0021220162,0.09500706,0.0031299596,0.28626114,0.006074039,0.8010729,0.0011686631,0.09033758,0.0019252707,0.29340118,0.0043102186,null,null,null,null,"TWOGAUSSIANS",8,1.8582934,0.8010729,0.0011686631,0.4,0.0,0.27857462,0.0028754484,0.3028866,0.0021220162,0.4,0.0,0.27143416,0.006353461
375316653866487564,6434227937056037632,0.5419839,2220.0490500487385,2.9700766719392284,8.1526105E-6,16.576145,0.022555502,0.27512652,0.002605013,0.078387246,0.0036441872,0.48189914,0.025054848,0.7770633,0.0037829208,0.08483219,0.0074931765,0.43417752,0.020102445,null,null,null,null,"TWOGAUSSIANS",8,59.73353,0.27512652,0.002605013,0.4,0.0,0.47383857,0.022027945,0.7770633,0.0037829208,0.4,0.0,0.4261169,0.01857106
