Gaia/vari_eclipsing_binary/VariEclipsingBinary_636198-636289.csv
# %ECSV 1.0
# ---
# delimiter: ','
# meta: !!omap
# - RELEASE: Gaia DR3
# - TABLE: vari_eclipsing_binary
# - DESCRIPTION: >
#     This table describes the properties of the eclipsing binaries resulting from the variability analysis. 
# - CITATION: >
#     How to cite and acknowledge Gaia: 
#     https://gea.esac.esa.int/archive/documentation/credits.html 
# - KNOWN_ISSUES: >
#     Known issues: 
#     https://www.cosmos.esa.int/web/gaia-users/known-issues 
# - DOCUMENTATION: >
#     Tutorials and documentation: 
#     https://www.cosmos.esa.int/web/gaia-users/archive 
# datatype:
# - 
#   name: solution_id
#   datatype: int64
#   description: Solution Identifier
#   meta:
#     ucd: meta.version
# - 
#   name: source_id
#   datatype: int64
#   description: Unique source identifier
#   meta:
#     ucd: meta.id;meta.main
# - 
#   name: global_ranking
#   datatype: float32
#   description: Number between 0 (worst) and 1 (best)
#   meta:
#     ucd: stat.param
# - 
#   name: reference_time
#   datatype: float64
#   unit: d
#   description: Reference time used for the geometric model fit
#   meta:
#     ucd: time.epoch
# - 
#   name: frequency
#   datatype: float64
#   unit: d**-1
#   description: Frequency of geometric model of the eclipsing binary light curve
#   meta:
#     ucd: src.orbital
# - 
#   name: frequency_error
#   datatype: float32
#   unit: d**-1
#   description: "Uncertainty of \\texttt{frequency}"
#   meta:
#     ucd: stat.error
# - 
#   name: geom_model_reference_level
#   datatype: float32
#   unit: mag
#   description: Magnitude reference level of geometric model
#   meta:
#     ucd: phot.mag;em.opt
# - 
#   name: geom_model_reference_level_error
#   datatype: float32
#   unit: mag
#   description: "Uncertainty of \\texttt{geomModelReferenceLevel}"
#   meta:
#     ucd: stat.error;phot.mag;em.opt
# - 
#   name: geom_model_gaussian1_phase
#   datatype: float32
#   description: Phase of the Gaussian 1 component
#   meta:
#     ucd: time.phase
# - 
#   name: geom_model_gaussian1_phase_error
#   datatype: float32
#   description: "Uncertainty of \\texttt{geomModelGaussian1Phase}"
#   meta:
#     ucd: stat.error;time.phase
# - 
#   name: geom_model_gaussian1_sigma
#   datatype: float32
#   description: "Standard deviation [phase] of Gaussian 1 component"
#   meta:
#     ucd: stat.stdev
# - 
#   name: geom_model_gaussian1_sigma_error
#   datatype: float32
#   description: "Uncertainty of \\texttt{geomModelGaussian1Sigma}"
#   meta:
#     ucd: stat.error
# - 
#   name: geom_model_gaussian1_depth
#   datatype: float32
#   unit: mag
#   description: Magnitude depth of Gaussian 1 component
#   meta:
#     ucd: src.var.amplitude
# - 
#   name: geom_model_gaussian1_depth_error
#   datatype: float32
#   unit: mag
#   description: "Uncertainty of \\texttt{geomModelGaussian1Depth}"
#   meta:
#     ucd: stat.error;src.var.amplitude
# - 
#   name: geom_model_gaussian2_phase
#   datatype: float32
#   description: Phase of Gaussian 2 component
#   meta:
#     ucd: time.phase
# - 
#   name: geom_model_gaussian2_phase_error
#   datatype: float32
#   description: "Uncertainty of \\texttt{geomModelGaussian2Phase}"
#   meta:
#     ucd: stat.error;time.phase
# - 
#   name: geom_model_gaussian2_sigma
#   datatype: float32
[...]
#   datatype: float32
#   description: "Secondary eclipse: uncertainty of \\texttt{derivedSecondaryEclDuration}"
#   meta:
#     ucd: stat.error;time.duration
# - 
#   name: derived_secondary_ecl_depth
#   datatype: float32
#   unit: mag
#   description: "Secondary eclipse: depth"
#   meta:
#     ucd: src.var.amplitude
# - 
#   name: derived_secondary_ecl_depth_error
#   datatype: float32
#   unit: mag
#   description: "Secondary eclipse: uncertainty of \\texttt{derivedSecondaryEclDepth}"
#   meta:
#     ucd: stat.error;src.var.amplitude
solution_id,source_id,global_ranking,reference_time,frequency,frequency_error,geom_model_reference_level,geom_model_reference_level_error,geom_model_gaussian1_phase,geom_model_gaussian1_phase_error,geom_model_gaussian1_sigma,geom_model_gaussian1_sigma_error,geom_model_gaussian1_depth,geom_model_gaussian1_depth_error,geom_model_gaussian2_phase,geom_model_gaussian2_phase_error,geom_model_gaussian2_sigma,geom_model_gaussian2_sigma_error,geom_model_gaussian2_depth,geom_model_gaussian2_depth_error,geom_model_cosine_half_period_amplitude,geom_model_cosine_half_period_amplitude_error,geom_model_cosine_half_period_phase,geom_model_cosine_half_period_phase_error,model_type,num_model_parameters,reduced_chi2,derived_primary_ecl_phase,derived_primary_ecl_phase_error,derived_primary_ecl_duration,derived_primary_ecl_duration_error,derived_primary_ecl_depth,derived_primary_ecl_depth_error,derived_secondary_ecl_phase,derived_secondary_ecl_phase_error,derived_secondary_ecl_duration,derived_secondary_ecl_duration_error,derived_secondary_ecl_depth,derived_secondary_ecl_depth_error
[from data line 827]
375316653866487564,5596789342477102592,0.5571872,2217.4543334921837,1.603029799022508,4.1037714E-5,15.270269,0.0022579634,0.8558615,0.0027341056,0.008330162,5.8532E-4,5.3300977,2.5014143,null,null,null,null,null,null,0.0081833275,0.0028968414,0.8558615,0.0027341056,"ONEGAUSSIAN_WITH_ELLIPSOIDAL",6,83.65329,0.8558615,0.0027341056,0.046648905,0.003277792,5.346464,2.5012066,null,null,null,null,null,null
375316653866487564,5596789411196571520,0.63780755,2221.291257361789,1.6645182099218387,2.6886094E-6,15.612233,0.004752837,0.24598013,0.001030347,0.04981248,0.0036553405,0.1142652,0.0126092555,0.7425054,0.0016394987,0.05951308,0.0024925093,0.20906402,0.013028717,0.08014536,0.008188728,0.24598013,0.001030347,"TWOGAUSSIANS_WITH_ELLIPSOIDAL_ON_ECLIPSE1",9,14.587476,0.74311537,0.0013078955,0.33327323,0.013958053,0.3692674,0.006953985,0.24598013,0.001030347,0.2789499,0.020469908,0.27453148,0.004858923
375316653866487564,5596789789153611520,0.5407963,2226.900020814118,2.505526970449784,1.2411514E-5,16.796623,0.011109815,0.21686837,0.0031657,0.09958611,0.0062365974,0.26827568,0.011221986,0.7202845,0.0050170184,0.086818114,0.005801329,0.28938505,0.013805487,null,null,null,null,"TWOGAUSSIANS",8,20.918056,0.7202845,0.0050170184,0.4,0.0,0.2749412,0.008732735,0.21686837,0.0031657,0.4,0.0,0.25383005,0.008534829
375316653866487564,5596789819204482688,0.5017368,2247.4232126486318,2.799525023182288,1.9742598E-5,19.002045,0.43552813,0.2705633,0.007857816,0.14918363,0.06697137,0.30984673,0.40463203,0.75911385,0.008460271,0.14610247,0.061358336,0.32863215,0.41166896,null,null,null,null,"TWOGAUSSIANS",8,1.7059764,0.75911385,0.008460271,0.4,0.0,0.18865678,0.011881899,0.27140328,0.006422468,0.4,0.0,0.16949761,0.013134042
375316653866487564,5596791575860227584,0.52545613,2196.940359149554,3.05971260790766,1.4028393E-5,17.534876,0.0058603464,0.2761082,0.0022133105,0.082376055,0.0034670632,0.23735927,0.007882127,0.7725669,0.0048743356,0.08871196,0.006198951,0.22363275,0.011234435,null,null,null,null,"TWOGAUSSIANS",8,7.683104,0.2761082,0.0022133105,0.4,0.0,0.23131071,0.0074247895,0.7725669,0.0048743356,0.4,0.0,0.21758413,0.011488377
375316653866487564,5596791777708022272,0.49938568,2193.0273751896952,1.5342623120190455,1.78806E-5,17.752853,0.0019677102,null,null,null,null,null,null,null,null,null,null,null,null,0.051303886,0.0026756139,0.2603945,0.0041226447,"ELLIPSOIDAL",4,3.270344,null,null,null,null,null,null,null,null,null,null,null,null
375316653866487564,5596792194335451520,0.6042312,2224.2345639165737,0.0629244594393941,2.7471462E-5,15.117386,5.212483E-4,0.29002437,8.33052E-4,0.015390754,0.0012790011,0.07458326,7.113127E-4,0.7347142,0.011185493,0.0053879065,0.0034849972,0.20329936,0.40445367,null,null,null,null,"TWOGAUSSIANS",8,4.6196995,0.7347142,0.011185493,0.030172277,0.019515986,0.20329936,0.40445367,0.29002437,8.33052E-4,0.08618822,0.0071624066,0.07458326,7.113127E-4
375316653866487564,5596792533622323584,0.5701687,2206.3870243363767,0.2876885635693753,1.5211879E-5,18.202417,0.0017783361,0.18353425,0.0059341053,0.018262573,0.0033166863,0.25230116,0.052656326,0.6793505,0.009910693,0.010937693,0.0037818092,0.44710255,0.22466029,null,null,null,null,"TWOGAUSSIANS",8,1.4857929,0.6793505,0.009910693,0.06125108,0.021178132,0.44710255,0.22466029,0.18353425,0.0059341053,0.10227041,0.018573442,0.25230116,0.052656326
375316653866487564,5596794118480677504,0.5550786,2213.154302617075,1.149825295585435,4.374702E-6,16.296728,0.0026788278,0.28290242,0.0013313377,0.038469467,0.00231468,0.14773753,0.005937064,0.7847583,0.004617475,0.017127763,0.007996934,0.034208905,0.005935156,0.010495535,0.0039972765,0.28290242,0.0013313377,"TWOGAUSSIANS_WITH_ELLIPSOIDAL_ON_ECLIPSE1",9,9.23001,0.28290242,0.0013313377,0.21542902,0.012962208,0.16872859,0.003948022,0.7847583,0.004551192,0.09591548,0.04478283,0.055197105,0.01180628
375316653866487564,5596795389791497088,0.4826373,2210.070627577892,2.525513136334105,6.7097553E-6,17.936962,0.0061549703,0.26656482,0.0024750119,0.047680028,0.003363404,0.29382893,0.00965082,0.7764714,0.005221232,0.037847687,0.006458983,0.22797741,0.019334365,null,null,null,null,"TWOGAUSSIANS",8,22.898628,0.26656482,0.0024750119,0.26700816,0.018835062,0.29382893,0.009650822,0.7764714,0.005221232,0.21194705,0.036170304,0.2279774,0.019334456
375316653866487564,5596796003955521536,0.51453465,2255.027184174602,3.639079739286137,1.3030351E-5,19.00716,0.03434676,0.18221156,0.008174259,0.094934225,0.023391014,0.20640354,0.029728102,0.68117255,0.0037065013,0.095300145,0.012253378,0.2567298,0.03235272,null,null,null,null,"TWOGAUSSIANS",8,3.0834801,0.68117255,0.0037065013,0.4,0.0,0.24239257,0.0147669455,0.18221156,0.008174259,0.4,0.0,0.19206645,0.02560834
375316653866487564,5596796626733294848,0.5428713,2236.2904205135687,4.134942365935152,1.0527876E-5,18.855852,0.0118282745,0.3082298,0.0014628295,0.08053533,0.0034765704,0.3932922,0.012040575,0.80849546,0.0070395865,0.09044691,0.0080662,0.36523935,0.011888847,null,null,null,null,"TWOGAUSSIANS",8,3.5232632,0.3082298,0.0014628295,0.4,0.0,0.38284728,0.009345566,0.80849546,0.0070395865,0.4,0.0,0.35479426,0.01273633
375316653866487564,5596796695461429120,0.5596493,2235.6957728651732,0.76091859750639,4.267932E-6,17.481972,0.003823729,0.29105884,0.010486478,0.032248158,0.008035409,0.48039958,0.44617206,0.79004425,0.0012449867,0.03574785,9.700749E-4,0.44401258,0.017906643,null,null,null,null,"TWOGAUSSIANS",8,6.171418,0.29105884,0.010486478,0.18058969,0.044998292,0.48039958,0.44617206,0.79004425,0.0012449867,0.20018795,0.0054324195,0.44401258,0.017906643
375316653866487564,5596797657534164992,0.54618144,2242.897996349586,0.5374384060557653,1.825457E-5,15.978639,0.0012657577,0.26099512,0.0068040164,0.01722559,0.0056740493,0.038763765,0.0043654907,0.75753486,0.002647475,0.021836488,0.0019900193,0.117669985,0.005776468,0.015133073,0.0019124427,0.26099512,0.0068040164,"TWOGAUSSIANS_WITH_ELLIPSOIDAL_ON_ECLIPSE1",9,6.2741733,0.75756484,0.0026224249,0.12228433,0.011144108,0.14792196,0.005966162,0.26099512,0.0068040164,0.0964633,0.031774677,0.06902991,0.004549305
375316653866487564,5596797760613319936,0.66148907,2232.6681209445624,2.093288602577504,2.462703E-6,16.262104,0.009838221,0.2021614,0.001968856,0.06912275,0.0045776144,0.23319441,0.02095819,0.7082153,0.0018902678,0.059710063,0.0050763325,0.14690924,0.020535825,0.059018906,0.011213732,0.2021614,0.001968856,"TWOGAUSSIANS_WITH_ELLIPSOIDAL_ON_ECLIPSE1",9,4.884376,0.2021614,0.001968856,0.38708737,0.02563464,0.35089344,0.004525248,0.7082153,0.0018902678,0.33437636,0.028427461,0.26443756,0.0040696384
375316653866487564,5596799199411602304,0.41603383,2219.083080418956,0.050339320521142567,9.874569E-5,18.449131,0.020366915,0.3825167,0.035750944,0.11240816,0.03929896,0.09320786,0.017588925,0.71538454,0.05280673,0.1528682,0.052438185,0.067528896,0.018129865,null,null,null,null,"TWOGAUSSIANS",8,5.269716,0.39685673,0.022653265,0.4,0.0,0.093727045,0.02155259,0.71538454,0.05280673,0.4,0.0,0.062258717,0.015388331
375316653866487564,5596800062716075008,0.42589545,2097.5672148325493,3.9301946201491784,5.7690053E-5,18.934938,0.0073915385,0.15330824,0.011916205,0.06162047,0.010731618,0.08552149,0.016979042,0.5872396,9.16175E-4,0.021334164,0.033665266,0.12513249,0.01345148,null,null,null,null,"TWOGAUSSIANS",8,3.8132524,0.5872396,9.16175E-4,0.11947132,0.1885255,0.12513249,0.013453727,0.15330824,0.011916205,0.34507462,0.06009706,0.08552149,0.016978776
375316653866487564,5596800127124292224,0.53530765,2208.6623405867504,4.314505366287393,1.5925576E-5,18.72769,0.0054232604,0.24839334,0.005124831,0.073801905,0.0044281296,0.2387643,0.010874937,0.7565226,0.006023027,0.07385584,0.0064880694,0.24392535,0.013081148,null,null,null,null,"TWOGAUSSIANS",8,1.9428865,0.7565226,0.006023027,0.4,0.0160991,0.2426306,0.013194218,0.24839334,0.005124831,0.4,0.0,0.23746957,0.010662332
375316653866487564,5596802674055862528,0.5868348,2208.40033485844,1.6752527624092428,7.3788747E-6,15.829682,0.0062364065,0.24797755,0.0024599899,0.096755184,0.004656548,0.15847974,0.0064130034,0.7544221,0.001901753,0.11333983,0.0068621226,0.106299795,0.005454115,null,null,null,null,"TWOGAUSSIANS",8,4.346176,0.24796756,0.0024605487,0.4,0.0,0.14466195,0.0033891457,0.7544221,0.001901753,0.4,0.0,0.09246952,0.0026745803
375316653866487564,5596802738465170048,0.6275339,2185.3349575861307,3.179728871133059,7.644684E-6,18.759798,0.008393664,0.24962352,0.0023790272,0.051808435,0.005450529,0.43995315,0.021452727,0.75057906,0.002227169,0.044008233,0.002846598,0.40749896,0.023572003,0.11940381,0.009985307,0.24962352,0.0023790272,"TWOGAUSSIANS_WITH_ELLIPSOIDAL_ON_ECLIPSE1",9,2.413212,0.24962352,0.0023790272,0.29012725,0.030522961,0.67875665,0.014532119,0.75057906,0.002219025,0.2464461,0.015940947,0.6462939,0.019830376
375316653866487564,5596804563841346944,0.61393243,2203.4805542552426,0.4350838011767759,1.6824168E-5,14.867957,9.394643E-4,0.39176178,0.0035294956,0.021388823,0.0016590282,0.6718663,0.05203265,0.80696017,0.0032188678,0.020391755,0.005187855,0.47287428,0.103153504,0.00200826,0.00127096,0.80696017,0.0032188678,"TWOGAUSSIANS_WITH_ELLIPSOIDAL_ON_ECLIPSE2",9,74.625275,0.39174178,0.0035238906,0.119777404,0.009290558,0.6748466,0.051927686,0.80696017,0.0032188678,0.11419383,0.02905199,0.4768908,0.102958106
375316653866487564,5596805491546579456,0.49927372,2231.215319524087,3.017632711937279,1.4121159E-5,19.477678,0.008923642,0.265469,0.0056990786,0.08978197,0.006740822,0.29649964,0.015435021,0.75818247,0.006629057,0.081008345,0.0091917,0.26765522,0.02379256,null,null,null,null,"TWOGAUSSIANS",8,1.9010907,0.265469,0.0056990786,0.4,0.0,0.28964987,0.015028055,0.75818247,0.006629057,0.4,0.0,0.26080558,0.025520781
375316653866487564,5596805899560831488,0.49516952,2205.629573909132,0.5251892479847167,2.109776E-5,18.489056,0.005209663,0.05337762,4.985025E-4,0.015261732,6.7836535E-4,0.30619806,0.009050269,0.55658174,0.010676387,0.0197418,0.033221055,0.060867928,0.11993915,null,null,null,null,"TWOGAUSSIANS",8,3.8227668,0.05337762,4.985025E-4,0.0854657,0.0037988462,0.30619806,0.009050269,0.55658174,0.010676387,0.11055408,0.18603791,0.060867928,0.11993915
375316653866487564,5596806006950337536,0.51403964,2220.0592713393135,0.33797631671207506,8.357749E-6,16.072678,0.001214641,0.11558294,0.011020195,0.022248179,0.04281544,0.04679266,0.035736058,0.6069006,8.1257365E-4,0.017067512,6.7196717E-4,0.07429635,0.0032008362,null,null,null,null,"TWOGAUSSIANS",8,2.802039,0.6069006,8.1257365E-4,0.09557807,0.003763016,0.07429635,0.0032008362,0.11558294,0.011020195,0.1245898,0.23976646,0.04679266,0.035736058
375316653866487564,5596809305475268224,0.51996696,2221.1655142125946,2.903399378370517,1.498913E-5,15.640656,0.011848139,0.2553113,0.0052047577,0.08503126,0.006247359,0.23726448,0.018951753,0.7442514,0.0037703314,0.09638847,0.007289562,0.24032356,0.011897049,null,null,null,null,"TWOGAUSSIANS",8,69.58029,0.7442514,0.0037703314,0.4,0.0,0.23130555,0.00973973,0.2553113,0.0052047577,0.4,0.0,0.22824726,0.017129233
375316653866487564,5596809408564428416,0.6269125,2243.614054641898,3.863299201662378,2.7521613E-5,17.660473,7.737164E-4,0.8397828,5.5420198E-5,0.016645744,1.4506068E-4,0.8360171,0.007866959,null,null,null,null,null,null,null,null,null,null,"ONEGAUSSIAN",5,0.9269412,0.8397828,5.5420198E-5,0.093216166,8.1233983E-4,0.8360171,0.0,null,null,null,null,null,null
375316653866487564,5596809923960224256,0.49570855,2234.3891580647587,0.34839627962585906,1.7321589E-5,15.689891,6.64265E-4,0.24612813,0.0028828646,0.024449836,0.0027955628,0.10801763,0.02041873,null,null,null,null,null,null,null,null,null,null,"ONEGAUSSIAN",5,5.0805655,0.24612813,0.0028828646,0.13691908,0.015655152,0.10801763,0.0,null,null,null,null,null,null
375316653866487564,5596810164478415744,0.6034391,2258.4167965284687,2.4279799628262078,6.804765E-6,15.476288,0.004455397,0.255592,0.0044967267,0.09094261,0.0062276004,0.102304466,0.005467508,0.7498346,0.0014903937,0.10649271,0.0036905236,0.20836781,0.0036552981,null,null,null,null,"TWOGAUSSIANS",8,9.52187,0.7498346,0.0014903937,0.4,0.0,0.19719154,0.003269313,0.255602,0.0045052147,0.4,0.0,0.09113514,0.0044015488
375316653866487564,5596811710658799616,0.53218764,2208.8038421668894,3.422082167174528,1.3764529E-5,19.870186,0.008507858,0.2676612,0.0044428864,0.065723665,0.0039040777,0.7182323,0.030763548,0.7677099,0.0032763705,0.06559761,0.0027202182,0.6356359,0.01915255,null,null,null,null,"TWOGAUSSIANS",8,2.2204645,0.2676612,0.0044428864,0.3680525,0.021862835,0.7172721,0.030976392,0.7677099,0.0032763705,0.3673466,0.015233222,0.63467574,0.01908957
375316653866487564,5596812290470232832,0.4491828,2213.2925609222643,1.7498197299340579,1.7710388E-5,17.548403,0.0037726292,0.17765635,0.0019158134,0.012804572,0.0013766757,0.1575096,0.0145927565,0.8552224,0.022333853,0.045128245,0.013134594,0.05250138,0.018869992,null,null,null,null,"TWOGAUSSIANS",8,12.092939,0.17765635,0.0019158134,0.0717056,0.0077093835,0.1575096,0.0145927565,0.8552224,0.022333853,0.25271818,0.073553726,0.05250138,0.018869992
375316653866487564,5596813394295322240,0.50997627,2238.0012344021898,2.5214564336608127,1.1043802E-5,17.868147,0.0018351532,0.26141533,0.002996595,0.016724272,0.009213854,0.02371742,0.010436713,null,null,null,null,null,null,0.053160347,0.0031260522,0.26141533,0.002996595,"ONEGAUSSIAN_WITH_ELLIPSOIDAL",6,2.845091,0.26141533,0.002996595,0.09365592,0.05159758,0.13003808,0.01046556,null,null,null,null,null,null
375316653866487564,5596813703527364736,0.47015995,2221.569155915173,1.8293116666892397,1.46032535E-5,18.552526,0.009289958,0.35967782,0.002575423,0.04510892,0.0028000413,0.26193967,0.015942814,0.8559928,0.0066917194,0.047380503,0.0049883914,0.24872105,0.013735919,null,null,null,null,"TWOGAUSSIANS",8,13.333513,0.35967782,0.002575423,0.25260997,0.015680231,0.2619395,0.015942791,0.8559928,0.0066917194,0.26533082,0.027934993,0.24872087,0.01373579
375316653866487564,5596814906123796992,0.46855283,2267.131666050295,0.12835368002527459,5.8549627E-5,16.753275,0.0064025433,0.34599218,0.009461567,0.0317059,0.014763389,0.11745749,0.045255765,0.7727784,0.025127929,0.027926467,0.020524474,0.49801126,2.8420296,0.02344702,0.0060525844,0.7727784,0.025127929,"TWOGAUSSIANS_WITH_ELLIPSOIDAL_ON_ECLIPSE2",9,67.6189,0.7727784,0.025127929,0.15638822,0.11493706,0.5449052,2.8458319,0.34402218,0.008630563,0.17755304,0.08267497,0.15533939,0.04884506
375316653866487564,5596815009198430848,0.45729804,2230.580008710977,1.2328257021004045,6.9134985E-5,19.640768,0.27536327,0.047634255,0.017110791,0.04771301,0.019589314,0.13174273,0.044886667,0.48815024,0.010620744,0.27175438,0.10145494,0.379994,0.26404735,null,null,null,null,"TWOGAUSSIANS",8,3.08503,0.48815024,0.010620744,0.4,0.0,0.22725572,0.025585847,0.052574255,0.021376848,0.26719287,0.109700166,0.12656292,0.048661776
375316653866487564,5596815039253069952,0.5566322,2230.6346356421773,1.3753657397420564,1.3359144E-5,18.154072,0.009954621,0.3001636,0.05017705,0.16207354,0.06990586,0.041841745,0.01022496,0.6788963,0.001007575,0.03166009,0.0014204202,0.3872503,0.007675206,null,null,null,null,"TWOGAUSSIANS",8,4.917018,0.6788963,0.001007575,0.1772965,0.0079543535,0.38922587,0.00949875,0.3001636,0.05017705,0.4,0.0,0.04106228,0.009360872
