Gaia/vari_eclipsing_binary/VariEclipsingBinary_609234-609322.csv
# %ECSV 1.0
# ---
# delimiter: ','
# meta: !!omap
# - RELEASE: Gaia DR3
# - TABLE: vari_eclipsing_binary
# - DESCRIPTION: >
#     This table describes the properties of the eclipsing binaries resulting from the variability analysis. 
# - CITATION: >
#     How to cite and acknowledge Gaia: 
#     https://gea.esac.esa.int/archive/documentation/credits.html 
# - KNOWN_ISSUES: >
#     Known issues: 
#     https://www.cosmos.esa.int/web/gaia-users/known-issues 
# - DOCUMENTATION: >
#     Tutorials and documentation: 
#     https://www.cosmos.esa.int/web/gaia-users/archive 
# datatype:
# - 
#   name: solution_id
#   datatype: int64
#   description: Solution Identifier
#   meta:
#     ucd: meta.version
# - 
#   name: source_id
#   datatype: int64
#   description: Unique source identifier
#   meta:
#     ucd: meta.id;meta.main
# - 
#   name: global_ranking
#   datatype: float32
#   description: Number between 0 (worst) and 1 (best)
#   meta:
#     ucd: stat.param
# - 
#   name: reference_time
#   datatype: float64
#   unit: d
#   description: Reference time used for the geometric model fit
#   meta:
#     ucd: time.epoch
# - 
#   name: frequency
#   datatype: float64
#   unit: d**-1
#   description: Frequency of geometric model of the eclipsing binary light curve
#   meta:
#     ucd: src.orbital
# - 
#   name: frequency_error
#   datatype: float32
#   unit: d**-1
#   description: "Uncertainty of \\texttt{frequency}"
#   meta:
#     ucd: stat.error
# - 
#   name: geom_model_reference_level
#   datatype: float32
#   unit: mag
#   description: Magnitude reference level of geometric model
#   meta:
#     ucd: phot.mag;em.opt
# - 
#   name: geom_model_reference_level_error
#   datatype: float32
#   unit: mag
#   description: "Uncertainty of \\texttt{geomModelReferenceLevel}"
#   meta:
#     ucd: stat.error;phot.mag;em.opt
# - 
#   name: geom_model_gaussian1_phase
#   datatype: float32
#   description: Phase of the Gaussian 1 component
#   meta:
#     ucd: time.phase
# - 
#   name: geom_model_gaussian1_phase_error
#   datatype: float32
#   description: "Uncertainty of \\texttt{geomModelGaussian1Phase}"
#   meta:
#     ucd: stat.error;time.phase
# - 
#   name: geom_model_gaussian1_sigma
#   datatype: float32
#   description: "Standard deviation [phase] of Gaussian 1 component"
#   meta:
#     ucd: stat.stdev
# - 
#   name: geom_model_gaussian1_sigma_error
#   datatype: float32
#   description: "Uncertainty of \\texttt{geomModelGaussian1Sigma}"
#   meta:
#     ucd: stat.error
# - 
#   name: geom_model_gaussian1_depth
#   datatype: float32
#   unit: mag
#   description: Magnitude depth of Gaussian 1 component
#   meta:
#     ucd: src.var.amplitude
# - 
#   name: geom_model_gaussian1_depth_error
#   datatype: float32
#   unit: mag
#   description: "Uncertainty of \\texttt{geomModelGaussian1Depth}"
#   meta:
#     ucd: stat.error;src.var.amplitude
# - 
#   name: geom_model_gaussian2_phase
#   datatype: float32
#   description: Phase of Gaussian 2 component
#   meta:
#     ucd: time.phase
# - 
#   name: geom_model_gaussian2_phase_error
#   datatype: float32
#   description: "Uncertainty of \\texttt{geomModelGaussian2Phase}"
#   meta:
#     ucd: stat.error;time.phase
# - 
#   name: geom_model_gaussian2_sigma
#   datatype: float32
[...]
#   datatype: float32
#   description: "Secondary eclipse: uncertainty of \\texttt{derivedSecondaryEclDuration}"
#   meta:
#     ucd: stat.error;time.duration
# - 
#   name: derived_secondary_ecl_depth
#   datatype: float32
#   unit: mag
#   description: "Secondary eclipse: depth"
#   meta:
#     ucd: src.var.amplitude
# - 
#   name: derived_secondary_ecl_depth_error
#   datatype: float32
#   unit: mag
#   description: "Secondary eclipse: uncertainty of \\texttt{derivedSecondaryEclDepth}"
#   meta:
#     ucd: stat.error;src.var.amplitude
solution_id,source_id,global_ranking,reference_time,frequency,frequency_error,geom_model_reference_level,geom_model_reference_level_error,geom_model_gaussian1_phase,geom_model_gaussian1_phase_error,geom_model_gaussian1_sigma,geom_model_gaussian1_sigma_error,geom_model_gaussian1_depth,geom_model_gaussian1_depth_error,geom_model_gaussian2_phase,geom_model_gaussian2_phase_error,geom_model_gaussian2_sigma,geom_model_gaussian2_sigma_error,geom_model_gaussian2_depth,geom_model_gaussian2_depth_error,geom_model_cosine_half_period_amplitude,geom_model_cosine_half_period_amplitude_error,geom_model_cosine_half_period_phase,geom_model_cosine_half_period_phase_error,model_type,num_model_parameters,reduced_chi2,derived_primary_ecl_phase,derived_primary_ecl_phase_error,derived_primary_ecl_duration,derived_primary_ecl_duration_error,derived_primary_ecl_depth,derived_primary_ecl_depth_error,derived_secondary_ecl_phase,derived_secondary_ecl_phase_error,derived_secondary_ecl_duration,derived_secondary_ecl_duration_error,derived_secondary_ecl_depth,derived_secondary_ecl_depth_error
[from data line 325]
375316653866487564,5359192335765144320,0.43549997,2154.7039130465005,2.7543684183705466,4.591248E-5,19.625,0.034858786,0.25271505,0.006916386,0.059123263,0.0138096735,0.26887986,0.04767415,0.74062,0.014040915,0.07083797,0.04190782,0.3440624,0.2974453,null,null,null,null,"TWOGAUSSIANS",8,6.5951138,0.74062,0.014040915,0.39669263,0.18898952,0.34380195,0.2982596,0.25271505,0.006916386,0.33109027,0.07733417,0.26861942,0.04759985
375316653866487564,5359195389485342976,0.53947616,2186.030230786243,3.640624458677913,8.621257E-6,18.507475,0.020851707,0.22941336,0.0040704063,0.09970289,0.0073613566,0.31747812,0.022435134,0.72072005,0.0028862865,0.10181895,0.008786875,0.33130974,0.018144635,null,null,null,null,"TWOGAUSSIANS",8,3.4526126,0.72072005,0.0028862865,0.4,0.0,0.30449304,0.014739809,0.22941336,0.0040702675,0.4,0.0,0.2906632,0.013253285
375316653866487564,5359195599940031232,0.43692866,2141.4834239733696,2.8718107904370176,2.2159933E-5,19.151045,0.017308231,0.20886618,0.010339343,0.08327451,0.021655474,0.16705996,0.012819405,0.6874701,0.00807482,0.090696216,0.0107024405,0.19752297,0.020109184,null,null,null,null,"TWOGAUSSIANS",8,4.6185856,0.6874701,0.00807482,0.4,0.0,0.19344026,0.016297558,0.20886618,0.010348225,0.4,0.0,0.16297743,0.012657977
375316653866487564,5359196454635870464,0.5313946,2115.5609858471953,3.084250347323195,1.486354E-5,19.338772,0.01362557,0.23382083,0.0039496925,0.079695344,0.0056780046,0.3472462,0.0147264,0.74244726,0.008810522,0.06920321,0.010082576,0.3339455,0.016499545,null,null,null,null,"TWOGAUSSIANS",8,2.1417673,0.23382083,0.0039496925,0.4,0.0,0.34525594,0.013612329,0.74244726,0.008810522,0.387538,0.030205186,0.33195528,0.014980346
375316653866487564,5359196562022831488,0.58436126,2198.312321112659,1.4947035710545997,5.1758957E-6,15.040869,0.013749241,0.1988199,0.0053198286,0.094649926,0.011777622,0.15598986,0.012606508,0.6924787,0.006318721,0.1031001,0.010161901,0.23847483,0.014111975,null,null,null,null,"TWOGAUSSIANS",8,28.951368,0.6924787,0.006318721,0.4,0.0,0.22385135,0.008385345,0.1988199,0.00533151,0.4,0.0,0.14136998,0.0069959057
375316653866487564,5359197107471004800,0.5096068,2159.528798370327,2.5922693717679706,1.6670476E-5,17.534391,0.0051790443,0.23805486,0.02734982,0.03779902,0.04208614,0.04218831,606.81573,0.72513145,0.0047184834,0.0246197,0.014591166,0.07035377,0.055496376,0.10842012,0.0077869063,0.72513145,0.0047184834,"TWOGAUSSIANS_WITH_ELLIPSOIDAL_ON_ECLIPSE2",9,17.883099,0.72513145,0.0047184834,0.13787031,0.08171053,0.2871938,0.0560603,0.23329486,0.027778536,0.2116745,0.23568238,0.25812516,606.8175
375316653866487564,5359197455375848320,0.6178761,2117.8341488860246,3.2055759486755453,2.3240907E-6,16.269058,0.0026848624,0.24356343,0.04998278,0.008707731,0.02439567,0.025374873,4061179.5,0.5932707,5.352408E-4,0.03766465,9.445992E-4,0.6372609,0.02356833,0.0038682413,0.0052489312,0.24356343,0.04998278,"TWOGAUSSIANS_WITH_ELLIPSOIDAL_ON_ECLIPSE1",9,15.928308,0.59337074,4.8088303E-4,0.21092202,0.0052897558,0.63992256,0.023812588,0.24356343,0.04998278,0.048763294,0.13661577,0.0331113,4061179.5
375316653866487564,5359197519788028672,0.52559614,2158.857969175881,3.77948392414582,1.1154167E-5,19.446196,0.015104663,0.24909881,0.004493293,0.07358988,0.0048921094,0.50213784,0.025505729,0.7603661,0.0034522498,0.068150476,0.003630873,0.5587516,0.032960903,null,null,null,null,"TWOGAUSSIANS",8,3.5070217,0.7603661,0.0034522498,0.38164267,0.02033289,0.55717254,0.03280521,0.24909881,0.004493293,0.4,0.0,0.5005588,0.025438713
375316653866487564,5359197902052455552,0.6394009,2156.587923597893,3.4079667530733113,3.0493927E-6,18.63679,0.00490324,0.20847794,0.0014439075,0.046451405,0.0015978768,0.48723873,0.016549932,0.7065951,6.679767E-4,0.042337514,0.001995952,0.41619805,0.013214349,0.13075276,0.008593143,0.20847794,0.0014439075,"TWOGAUSSIANS_WITH_ELLIPSOIDAL_ON_ECLIPSE1",9,1.5047901,0.20847794,0.0014439075,0.26012787,0.00894811,0.74874395,0.0116045335,0.70674515,5.7279284E-4,0.23709008,0.011177332,0.6776697,0.012915765
375316653866487564,5359198447501163264,0.52591103,2132.033184433184,2.4128628278162743,1.1664187E-5,18.622683,0.00967536,0.23622131,0.009693962,0.052901044,0.024500916,0.035906713,0.031288195,0.7307123,0.004335357,0.044836704,0.0032897608,0.39187902,0.032797873,0.055842757,0.013998932,0.23622131,0.009693962,"TWOGAUSSIANS_WITH_ELLIPSOIDAL_ON_ECLIPSE1",9,7.21588,0.7309523,0.0040213377,0.25108555,0.018422661,0.5034358,0.021813974,0.23622131,0.009693962,0.29624584,0.11507109,0.14759146,0.01592499
375316653866487564,5359198550580440064,0.50299734,2154.820871761372,0.1631621636429977,5.795407E-6,17.50184,9.867437E-4,0.21875973,0.002134546,0.008543273,0.0018049298,0.17108925,0.011648251,0.6710286,0.007321488,0.011080713,0.011497419,0.030498419,3653.948,null,null,null,null,"TWOGAUSSIANS",8,1.2529721,0.21875973,0.002134546,0.04784233,0.010107607,0.17108925,0.011648251,0.6710286,0.007321488,0.062051993,0.06438555,0.030498419,3653.948
375316653866487564,5359199650092350976,0.56189454,2146.9625128326193,0.22833270150525223,3.4917623E-5,18.865482,0.0030885222,0.18542682,0.0148004405,0.008221162,0.009983936,0.56805164,0.40468028,0.76899153,0.07485379,0.0065805395,0.02522673,0.47696266,3.430792,null,null,null,null,"TWOGAUSSIANS",8,2.13531,0.18542682,0.0148004405,0.046038505,0.055910047,0.56805164,0.40468028,0.76899153,0.07485379,0.036851022,0.1412697,0.47696266,3.430792
375316653866487564,5359201093200966016,0.41088283,2135.6529915793994,4.17297285182522,5.0890714E-5,16.04882,0.013283455,0.44029796,0.012819012,0.099857435,0.03002324,0.08316074,0.010780023,0.8076923,0.043909308,0.10106561,0.02140156,0.052083835,0.015372509,null,null,null,null,"TWOGAUSSIANS",8,26.266495,0.44060796,0.012625905,0.4,0.0,0.08230943,0.0097158095,0.8076923,0.043909308,0.4,0.0,0.051257417,0.014646299
375316653866487564,5359201956501390208,0.56195,2165.024876459065,3.86220220090303,7.950182E-6,17.213783,0.02329932,0.29543823,0.0041535106,0.048209216,0.0101698,0.22085616,0.05810041,0.7948788,0.0037057346,0.05832514,0.0074438737,0.30347753,0.04861262,0.08790364,0.031104404,0.29543823,0.0041535106,"TWOGAUSSIANS_WITH_ELLIPSOIDAL_ON_ECLIPSE1",9,26.166803,0.7949588,0.0033018761,0.3266208,0.041685693,0.47925147,0.017865028,0.29543823,0.0041535106,0.2699716,0.05695088,0.39663202,0.022719214
375316653866487564,5359202467594339072,0.54997414,2158.698035250252,0.7310542462913097,5.378607E-6,18.996782,0.0044901557,0.34106764,0.0015986491,0.015862148,0.0013851932,0.8312512,0.13424972,0.86050004,0.016594136,0.026230613,0.024550308,0.46292812,0.44769403,null,null,null,null,"TWOGAUSSIANS",8,3.2960167,0.34106764,0.0015986491,0.088828035,0.0077570817,0.8312512,0.13424972,0.86050004,0.016594136,0.14689143,0.13748172,0.46292812,0.44769403
375316653866487564,5359205426835235328,0.5900992,2151.0283118562893,3.128133092003676,6.499659E-6,18.324493,0.0047316556,0.22649342,0.0038125424,0.07850885,0.0032650994,0.34974924,0.011370005,0.73377496,0.0022400613,0.08932185,0.0030291837,0.37496424,0.010577513,null,null,null,null,"TWOGAUSSIANS",8,1.8466904,0.73377496,0.0022400613,0.4,0.0,0.36744604,0.010835155,0.22649342,0.0038125424,0.4,0.0,0.34223118,0.010877073
375316653866487564,5359206899997672192,0.6034785,2169.978008308346,3.8983210766729095,8.171662E-6,18.85343,0.008462212,0.22251283,0.0029305522,0.07376465,0.0028115436,0.6440877,0.015657695,0.71769965,0.0056527257,0.070561856,0.004698985,0.541703,0.018539978,null,null,null,null,"TWOGAUSSIANS",8,2.8871691,0.22251283,0.0029305522,0.4,0.0,0.6414788,0.015448209,0.71769965,0.0056527257,0.3951464,0.018952582,0.5390941,0.018026609
375316653866487564,5359207454049675648,0.5346896,2166.4546897139217,3.7282742437503695,6.2995337E-6,18.156017,0.020964645,0.2546114,0.0023526312,0.08188489,0.0058113313,0.42362717,0.018981801,0.74659574,0.0039557377,0.08431953,0.005435721,0.4810308,0.024632119,null,null,null,null,"TWOGAUSSIANS",8,13.6036825,0.74659574,0.0039557377,0.4,0.0,0.47257438,0.021162476,0.2546114,0.0023526312,0.4,0.0,0.41517073,0.014762471
375316653866487564,5359209751856342016,0.5734471,2149.6804586523995,2.3415999156993803,6.648432E-6,19.270315,0.015167502,0.23603982,0.009124956,0.10754874,0.017579075,0.2296699,0.01140463,0.7208587,0.0019252376,0.07440697,0.0032349695,0.60456824,0.025019022,null,null,null,null,"TWOGAUSSIANS",8,1.1713629,0.7208587,0.0019252376,0.4,0.0,0.59274536,0.024477454,0.23603982,0.009124956,0.4,0.0,0.21783577,0.011509079
375316653866487564,5359211710361791104,0.56066,2142.072313651941,2.864877842186748,6.4576134E-6,17.301146,0.025506765,0.28673205,0.0039559533,0.06443588,0.00656091,0.34538612,0.057813793,0.7959213,0.0024971468,0.048197497,0.007965458,0.2773153,0.04915978,0.06842395,0.031127473,0.28673205,0.0039559533,"TWOGAUSSIANS_WITH_ELLIPSOIDAL_ON_ECLIPSE1",9,27.042423,0.28673205,0.0039559533,0.36084092,0.036741097,0.48205316,0.023039576,0.7959213,0.0024971468,0.26990598,0.044606563,0.4135266,0.028008156
375316653866487564,5359212882898162304,0.5715488,2160.195727796595,0.4928992788863933,5.732093E-6,14.116116,0.0011567146,0.40369007,0.0015116731,0.02056356,0.0015605647,0.1571878,0.009774931,null,null,null,null,null,null,0.0014127404,0.0017103095,0.40369007,0.0015116731,"ONEGAUSSIAN_WITH_ELLIPSOIDAL",6,20.722084,0.40369007,0.0015116731,0.11515593,0.008739162,0.16001329,0.010239368,null,null,null,null,null,null
375316653866487564,5359213771943160448,0.5677936,2147.7529006622444,4.00812437179549,7.96935E-6,18.582966,0.010497948,0.28003463,0.0037256663,0.030668229,0.009085616,0.08861156,0.022713142,0.77577543,0.009747818,0.044902418,0.0087303845,0.20197298,0.03423716,0.08806195,0.013747665,0.28003463,0.0037256663,"TWOGAUSSIANS_WITH_ELLIPSOIDAL_ON_ECLIPSE1",9,2.6347518,0.7762954,0.009150351,0.25145355,0.04889015,0.3779861,0.017496275,0.28003463,0.0037256663,0.17174208,0.05087945,0.26473543,0.010690612
375316653866487564,5359213810612620160,0.6253423,2174.4822662384263,1.6878990585286404,3.421001E-6,17.190607,0.0025643108,0.23698877,0.0036073776,0.04111243,0.008384905,0.044200614,0.018534603,0.7417206,4.8652626E-4,0.04194538,0.0012766041,0.3035008,0.0071619703,0.02438885,0.0038622562,0.23698877,0.0036073776,"TWOGAUSSIANS_WITH_ELLIPSOIDAL_ON_ECLIPSE1",9,3.008924,0.7417206,4.8652626E-4,0.23489413,0.0071489834,0.35223538,0.0063324706,0.23698877,0.0036073776,0.23022962,0.046955466,0.092978306,0.018006917
375316653866487564,5359213978107544192,0.48582387,2144.768893675009,1.3701803508802641,2.4061985E-5,16.745876,0.0013589821,0.16663614,0.012797207,0.048413876,0.014858987,0.031748753,0.0059630033,0.6720749,0.0060449406,0.04398591,0.0048340713,0.115879476,0.021280318,null,null,null,null,"TWOGAUSSIANS",8,4.1548505,0.6720749,0.0060449406,0.2463211,0.0270708,0.11587944,0.021280343,0.16663614,0.012797207,0.27111772,0.08321033,0.031748716,0.0059631285
375316653866487564,5359213982411328128,0.46948034,2149.588888779433,2.930446387376105,1.4283897E-5,14.60851,0.004672077,0.26106855,0.0041296817,0.042333174,0.035915237,0.014367601,0.012306165,0.7052776,0.024532843,0.067033075,0.028080529,0.04885059,0.014263617,0.049009632,0.0074399756,0.26106855,0.0041296817,"TWOGAUSSIANS_WITH_ELLIPSOIDAL_ON_ECLIPSE1",9,57.062687,0.7289576,0.01794526,0.37538522,0.11588024,0.13997723,0.01106461,0.26106855,0.0041296817,0.23706578,0.20112532,0.11238537,0.007658071
375316653866487564,5359214566526845568,0.40994307,2141.860081724798,1.9437017633894202,1.5984117E-5,13.95221,0.011412492,0.2506104,0.008007716,0.079153985,0.007340764,0.45206428,0.088272616,0.75614035,0.0042717033,0.087625615,0.006133376,0.40626198,0.023473337,null,null,null,null,"TWOGAUSSIANS",8,291.46707,0.2506104,0.008007716,0.4,0.0,0.44343585,0.089960024,0.75614035,0.0042717033,0.4,0.0,0.3976335,0.023902183
375316653866487564,5359214772685286016,0.5151619,2116.80115779067,3.03736225256422,2.2314924E-5,16.701698,0.004095929,0.21679068,0.017285677,0.065906264,0.022864675,0.054553863,0.010714206,0.7386549,0.0010851934,0.008217524,0.0017851824,0.13674612,0.057750877,0.07742513,0.0044747354,0.7386549,0.0010851934,"TWOGAUSSIANS_WITH_ELLIPSOIDAL_ON_ECLIPSE2",9,30.895987,0.7386549,0.0010851934,0.04601813,0.009997021,0.2915851,0.05815044,0.22763067,0.008368608,0.36907506,0.11803232,0.20791811,0.008886163
375316653866487564,5359215593009584000,0.47379127,2183.2951769518986,2.306571179160073,3.153994E-5,19.696081,0.0080190655,0.27151513,0.016265536,0.059812102,0.02121833,0.09690486,0.025211815,0.7839265,0.0040861256,0.03306769,0.006301983,0.37378845,0.0558343,null,null,null,null,"TWOGAUSSIANS",8,3.1138139,0.7839265,0.0040861256,0.18517904,0.035291106,0.3737884,0.0558344,0.27151513,0.016265536,0.33494776,0.11882264,0.096904784,0.025211977
375316653866487564,5359218483536838912,0.46016082,2133.5757473794197,1.8254269449666616,2.2375165E-5,18.507263,0.0058030174,0.24306643,0.009898141,0.012134474,0.013473115,0.25758287,0.15008451,0.7962434,2.1769504E-4,0.007784922,3.0364073E-4,0.50211644,0.029843355,null,null,null,null,"TWOGAUSSIANS",8,10.21478,0.7962434,2.1769504E-4,0.043595564,0.001700388,0.50211644,0.029843355,0.24306643,0.009898141,0.06795305,0.075449444,0.25758287,0.15008451
375316653866487564,5359219338221435392,0.4679838,2131.4817170014535,2.6921187554770936,1.64085E-5,19.581741,0.018384103,0.2722874,0.0058451053,0.09343076,0.017744998,0.23403388,0.022866555,0.7755215,0.0056303944,0.083393104,0.008356163,0.25307024,0.02130223,null,null,null,null,"TWOGAUSSIANS",8,2.278884,0.7755215,0.0056303944,0.4,0.0,0.24462599,0.01735412,0.2722874,0.0058451053,0.4,0.0,0.22558936,0.027859267
375316653866487564,5359219441300742144,0.5465698,2132.393687751061,3.7629374375186573,8.428434E-6,17.727793,0.015107767,0.2400233,0.003723041,0.03504232,0.03900913,0.053763986,0.030636244,0.729955,0.009008654,0.039274,0.015708055,0.09379856,0.078980766,0.08239308,0.019352034,0.2400233,0.003723041,"TWOGAUSSIANS_WITH_ELLIPSOIDAL_ON_ECLIPSE1",9,6.6149435,0.731725,0.008244666,0.2199344,0.08796511,0.25804195,0.07654393,0.2400233,0.003723041,0.19623698,0.21845114,0.21855015,0.010402845
375316653866487564,5359219583048474368,0.4851676,2137.279728044158,0.308391029387025,6.291434E-5,15.04942,4.3685513E-4,0.49562153,0.0026632932,0.043372475,0.011689204,0.09012882,0.04102388,0.90165967,0.014084618,0.038190223,0.01602636,0.0071555404,0.003150084,null,null,null,null,"TWOGAUSSIANS",8,2.8761477,0.49562153,0.0026632932,0.24288586,0.06545954,0.09012882,0.04102388,0.90165967,0.014084618,0.21386524,0.08974762,0.0071555404,0.003150084
375316653866487564,5359219961005630464,0.5965978,2160.776926061353,2.592196780940001,5.2338146E-6,17.201536,0.0066551403,0.30210584,0.001782299,0.08713167,0.0032693432,0.29139206,0.0064117955,0.80340767,0.004064393,0.089373514,0.0050348183,0.26969776,0.007159201,null,null,null,null,"TWOGAUSSIANS",8,5.064218,0.30210584,0.001782299,0.4,0.0,0.28146622,0.0046906876,0.80340767,0.004064393,0.4,0.0,0.25977188,0.0058932896
375316653866487564,5359222056949881344,0.61238915,2157.8806061209234,1.1438221416342171,8.461497E-6,16.453804,0.0033416185,0.345983,0.0018771411,0.033803634,0.0015776465,0.49614692,0.030565968,0.8491385,0.00386468,0.02533914,0.0051366193,0.048960216,0.01102858,0.019954035,0.00406729,0.345983,0.0018771411,"TWOGAUSSIANS_WITH_ELLIPSOIDAL_ON_ECLIPSE1",9,10.054655,0.345983,0.0018771411,0.18930034,0.00883482,0.53605497,0.032428645,0.8491385,0.00386468,0.14189918,0.02876507,0.08885258,0.010519107
