Gaia/vari_eclipsing_binary/VariEclipsingBinary_690296-690342.csv
# %ECSV 1.0
# ---
# delimiter: ','
# meta: !!omap
# - RELEASE: Gaia DR3
# - TABLE: vari_eclipsing_binary
# - DESCRIPTION: >
#     This table describes the properties of the eclipsing binaries resulting from the variability analysis. 
# - CITATION: >
#     How to cite and acknowledge Gaia: 
#     https://gea.esac.esa.int/archive/documentation/credits.html 
# - KNOWN_ISSUES: >
#     Known issues: 
#     https://www.cosmos.esa.int/web/gaia-users/known-issues 
# - DOCUMENTATION: >
#     Tutorials and documentation: 
#     https://www.cosmos.esa.int/web/gaia-users/archive 
# datatype:
# - 
#   name: solution_id
#   datatype: int64
#   description: Solution Identifier
#   meta:
#     ucd: meta.version
# - 
#   name: source_id
#   datatype: int64
#   description: Unique source identifier
#   meta:
#     ucd: meta.id;meta.main
# - 
#   name: global_ranking
#   datatype: float32
#   description: Number between 0 (worst) and 1 (best)
#   meta:
#     ucd: stat.param
# - 
#   name: reference_time
#   datatype: float64
#   unit: d
#   description: Reference time used for the geometric model fit
#   meta:
#     ucd: time.epoch
# - 
#   name: frequency
#   datatype: float64
#   unit: d**-1
#   description: Frequency of geometric model of the eclipsing binary light curve
#   meta:
#     ucd: src.orbital
# - 
#   name: frequency_error
#   datatype: float32
#   unit: d**-1
#   description: "Uncertainty of \\texttt{frequency}"
#   meta:
#     ucd: stat.error
# - 
#   name: geom_model_reference_level
#   datatype: float32
#   unit: mag
#   description: Magnitude reference level of geometric model
#   meta:
#     ucd: phot.mag;em.opt
# - 
#   name: geom_model_reference_level_error
#   datatype: float32
#   unit: mag
#   description: "Uncertainty of \\texttt{geomModelReferenceLevel}"
#   meta:
#     ucd: stat.error;phot.mag;em.opt
# - 
#   name: geom_model_gaussian1_phase
#   datatype: float32
#   description: Phase of the Gaussian 1 component
#   meta:
#     ucd: time.phase
# - 
#   name: geom_model_gaussian1_phase_error
#   datatype: float32
#   description: "Uncertainty of \\texttt{geomModelGaussian1Phase}"
#   meta:
#     ucd: stat.error;time.phase
# - 
#   name: geom_model_gaussian1_sigma
#   datatype: float32
#   description: "Standard deviation [phase] of Gaussian 1 component"
#   meta:
#     ucd: stat.stdev
# - 
#   name: geom_model_gaussian1_sigma_error
#   datatype: float32
#   description: "Uncertainty of \\texttt{geomModelGaussian1Sigma}"
#   meta:
#     ucd: stat.error
# - 
#   name: geom_model_gaussian1_depth
#   datatype: float32
#   unit: mag
#   description: Magnitude depth of Gaussian 1 component
#   meta:
#     ucd: src.var.amplitude
# - 
#   name: geom_model_gaussian1_depth_error
#   datatype: float32
#   unit: mag
#   description: "Uncertainty of \\texttt{geomModelGaussian1Depth}"
#   meta:
#     ucd: stat.error;src.var.amplitude
# - 
#   name: geom_model_gaussian2_phase
#   datatype: float32
#   description: Phase of Gaussian 2 component
#   meta:
#     ucd: time.phase
# - 
#   name: geom_model_gaussian2_phase_error
#   datatype: float32
#   description: "Uncertainty of \\texttt{geomModelGaussian2Phase}"
#   meta:
#     ucd: stat.error;time.phase
# - 
#   name: geom_model_gaussian2_sigma
#   datatype: float32
[...]
#   datatype: float32
#   description: "Secondary eclipse: uncertainty of \\texttt{derivedSecondaryEclDuration}"
#   meta:
#     ucd: stat.error;time.duration
# - 
#   name: derived_secondary_ecl_depth
#   datatype: float32
#   unit: mag
#   description: "Secondary eclipse: depth"
#   meta:
#     ucd: src.var.amplitude
# - 
#   name: derived_secondary_ecl_depth_error
#   datatype: float32
#   unit: mag
#   description: "Secondary eclipse: uncertainty of \\texttt{derivedSecondaryEclDepth}"
#   meta:
#     ucd: stat.error;src.var.amplitude
solution_id,source_id,global_ranking,reference_time,frequency,frequency_error,geom_model_reference_level,geom_model_reference_level_error,geom_model_gaussian1_phase,geom_model_gaussian1_phase_error,geom_model_gaussian1_sigma,geom_model_gaussian1_sigma_error,geom_model_gaussian1_depth,geom_model_gaussian1_depth_error,geom_model_gaussian2_phase,geom_model_gaussian2_phase_error,geom_model_gaussian2_sigma,geom_model_gaussian2_sigma_error,geom_model_gaussian2_depth,geom_model_gaussian2_depth_error,geom_model_cosine_half_period_amplitude,geom_model_cosine_half_period_amplitude_error,geom_model_cosine_half_period_phase,geom_model_cosine_half_period_phase_error,model_type,num_model_parameters,reduced_chi2,derived_primary_ecl_phase,derived_primary_ecl_phase_error,derived_primary_ecl_duration,derived_primary_ecl_duration_error,derived_primary_ecl_depth,derived_primary_ecl_depth_error,derived_secondary_ecl_phase,derived_secondary_ecl_phase_error,derived_secondary_ecl_duration,derived_secondary_ecl_duration_error,derived_secondary_ecl_depth,derived_secondary_ecl_depth_error
[from data line 690]
375316653866487564,6072315305298977664,0.4832838,2211.4656699604293,3.8981148818757485,9.944445E-6,19.712427,0.02174375,0.29296663,0.004261492,0.07387881,0.008711541,0.4477187,0.056840695,0.8000762,0.0052080527,0.0785576,0.008373875,0.4353886,0.034018863,null,null,null,null,"TWOGAUSSIANS",8,3.5527897,0.29296663,0.004261492,0.4,0.0034932387,0.4442319,0.058746338,0.8000762,0.0052080527,0.4,0.0,0.43190178,0.03465813
375316653866487564,6072316164293889536,0.5355573,2251.28078426451,4.401945673771766,1.0961347E-5,19.692652,0.015427224,0.2720684,0.004321784,0.07255421,0.0040146783,0.6487831,0.03261223,0.76912063,0.0030271627,0.07298679,0.00581674,0.6093052,0.068895474,null,null,null,null,"TWOGAUSSIANS",8,2.4979985,0.2720684,0.004321784,0.4,0.00927579,0.6455741,0.032413468,0.76912063,0.0030271627,0.4,9.056987E-4,0.6060962,0.07019987
375316653866487564,6072317641782849280,0.48794255,2218.7356870857097,2.984397145764285,2.1179398E-5,18.004183,0.025240378,0.1826175,0.0055013793,0.09431642,0.017422099,0.1531548,0.021581894,0.6750852,0.0070896554,0.11015916,0.020773165,0.16463311,0.022093453,null,null,null,null,"TWOGAUSSIANS",8,6.8937793,0.6750852,0.0070896554,0.4,0.0,0.15004884,0.012206574,0.1826275,0.00552527,0.4,0.0,0.13858186,0.01082238
375316653866487564,6072318225876319616,0.53273904,2163.6365530408043,3.6305001335373857,1.0549965E-5,19.86876,0.011004112,0.22944076,0.0039878944,0.07097475,0.007707683,0.65949816,0.10920071,0.72671914,0.0035000644,0.06976903,0.005051202,0.5402759,0.027823478,null,null,null,null,"TWOGAUSSIANS",8,1.2897382,0.22944076,0.0039878944,0.3974586,0.013540583,0.6574719,0.1107372,0.72671914,0.0035000644,0.39070657,0.024544666,0.5382496,0.028164716
375316653866487564,6072319050532137344,0.5601844,2209.244941409385,3.959443566567114,2.3343277E-6,16.98965,0.0016170464,0.51710737,3.970587E-6,0.0045370804,2.0581325E-5,0.4012331,0.0012491903,0.8078589,4.7343672E-4,0.00582442,5.410814E-4,0.07889379,0.004521673,null,null,null,null,"TWOGAUSSIANS",8,6.896835,0.51710737,3.970587E-6,0.025407651,1.15255425E-4,0.4012331,0.0012491903,0.8078589,4.7343672E-4,0.032616753,0.003030056,0.07889379,0.004521673
375316653866487564,6072319492886215808,0.45835388,2190.2283685156594,1.210650909010022,3.1589054E-5,19.263395,0.05231495,0.26282203,0.012712016,0.13057156,0.029360386,0.21804097,0.057737928,0.7086139,0.011020644,0.09020494,0.022710841,0.31534123,0.041417994,null,null,null,null,"TWOGAUSSIANS",8,6.1477065,0.7086139,0.011020644,0.4,0.0,0.2949152,0.024818404,0.26283205,0.012698311,0.4,0.0,0.19694807,0.039231725
375316653866487564,6072320287482791552,0.52193123,2199.8292053735745,2.532630222516622,1.1470384E-5,15.412496,0.010510673,0.17776455,0.008132717,0.05273363,0.010154154,0.11398354,0.025373686,0.68987405,0.00372846,0.0538355,0.011810687,0.086690076,0.032405227,0.079280354,0.015355189,0.68987405,0.00372846,"TWOGAUSSIANS_WITH_ELLIPSOIDAL_ON_ECLIPSE2",9,161.88695,0.18059455,0.005859283,0.29530832,0.056863263,0.2718384,0.013247865,0.68987405,0.00372846,0.3014788,0.06613985,0.24524735,0.020029109
375316653866487564,6072320351879742208,0.5054214,2218.1452216206744,2.966585020958194,1.7294853E-5,17.874643,0.029320639,0.24759327,0.005623507,0.11094866,0.016257824,0.21376666,0.02648956,0.75426865,0.0033991057,0.103539616,0.013378208,0.22590615,0.026013834,null,null,null,null,"TWOGAUSSIANS",8,6.4203115,0.7542786,0.0034040024,0.4,0.0,0.1989844,0.009526624,0.24759327,0.0056308773,0.4,0.0,0.18683177,0.011231835
375316653866487564,6072320661117574912,0.56472224,2208.691485704562,3.5007566478355443,3.5220035E-6,18.619703,0.007347931,0.15341346,0.002429161,0.07638322,0.003907029,0.47969234,0.019942828,0.65137213,0.0010175689,0.06909106,0.0022578093,0.4435917,0.0077488134,null,null,null,null,"TWOGAUSSIANS",8,3.656374,0.15341346,0.002429161,0.4,0.0,0.47729832,0.020291537,0.65137213,0.0010175689,0.38690993,0.012643732,0.4411977,0.007547025
375316653866487564,6072320974677595392,0.4582492,2191.4069444692745,1.8989427757277793,3.4151923E-5,16.833704,0.079552755,0.30625537,0.0054463153,0.11164195,0.036553744,0.11567511,0.072203845,0.8112337,0.012164952,0.13578506,0.06867158,0.09241425,0.078673206,null,null,null,null,"TWOGAUSSIANS",8,15.311844,0.30617538,0.0055395644,0.4,0.0,0.09069611,0.007714991,0.81125367,0.0121697895,0.4,0.0,0.06723376,0.007764518
375316653866487564,6072321077756821376,0.45855215,2217.4886312778553,0.07421824816785175,2.4898205E-5,18.066425,0.0036395849,0.08689097,0.018568918,0.021665918,0.012795159,0.020452973,0.08472626,0.6347768,2.3887397E-4,0.0038354497,2.7321262E-4,0.20023063,0.0067668445,0.01698745,0.0065678973,0.08689097,0.018568918,"TWOGAUSSIANS_WITH_ELLIPSOIDAL_ON_ECLIPSE1",9,8.632903,0.6347768,2.3887397E-4,0.021478517,0.0015299907,0.23122162,0.010706308,0.08689097,0.018568918,0.121329136,0.07165289,0.05442787,0.08411289
