Gaia/vari_eclipsing_binary/VariEclipsingBinary_604592-604699.csv
# %ECSV 1.0
# ---
# delimiter: ','
# meta: !!omap
# - RELEASE: Gaia DR3
# - TABLE: vari_eclipsing_binary
# - DESCRIPTION: >
#     This table describes the properties of the eclipsing binaries resulting from the variability analysis. 
# - CITATION: >
#     How to cite and acknowledge Gaia: 
#     https://gea.esac.esa.int/archive/documentation/credits.html 
# - KNOWN_ISSUES: >
#     Known issues: 
#     https://www.cosmos.esa.int/web/gaia-users/known-issues 
# - DOCUMENTATION: >
#     Tutorials and documentation: 
#     https://www.cosmos.esa.int/web/gaia-users/archive 
# datatype:
# - 
#   name: solution_id
#   datatype: int64
#   description: Solution Identifier
#   meta:
#     ucd: meta.version
# - 
#   name: source_id
#   datatype: int64
#   description: Unique source identifier
#   meta:
#     ucd: meta.id;meta.main
# - 
#   name: global_ranking
#   datatype: float32
#   description: Number between 0 (worst) and 1 (best)
#   meta:
#     ucd: stat.param
# - 
#   name: reference_time
#   datatype: float64
#   unit: d
#   description: Reference time used for the geometric model fit
#   meta:
#     ucd: time.epoch
# - 
#   name: frequency
#   datatype: float64
#   unit: d**-1
#   description: Frequency of geometric model of the eclipsing binary light curve
#   meta:
#     ucd: src.orbital
# - 
#   name: frequency_error
#   datatype: float32
#   unit: d**-1
#   description: "Uncertainty of \\texttt{frequency}"
#   meta:
#     ucd: stat.error
# - 
#   name: geom_model_reference_level
#   datatype: float32
#   unit: mag
#   description: Magnitude reference level of geometric model
#   meta:
#     ucd: phot.mag;em.opt
# - 
#   name: geom_model_reference_level_error
#   datatype: float32
#   unit: mag
#   description: "Uncertainty of \\texttt{geomModelReferenceLevel}"
#   meta:
#     ucd: stat.error;phot.mag;em.opt
# - 
#   name: geom_model_gaussian1_phase
#   datatype: float32
#   description: Phase of the Gaussian 1 component
#   meta:
#     ucd: time.phase
# - 
#   name: geom_model_gaussian1_phase_error
#   datatype: float32
#   description: "Uncertainty of \\texttt{geomModelGaussian1Phase}"
#   meta:
#     ucd: stat.error;time.phase
# - 
#   name: geom_model_gaussian1_sigma
#   datatype: float32
#   description: "Standard deviation [phase] of Gaussian 1 component"
#   meta:
#     ucd: stat.stdev
# - 
#   name: geom_model_gaussian1_sigma_error
#   datatype: float32
#   description: "Uncertainty of \\texttt{geomModelGaussian1Sigma}"
#   meta:
#     ucd: stat.error
# - 
#   name: geom_model_gaussian1_depth
#   datatype: float32
#   unit: mag
#   description: Magnitude depth of Gaussian 1 component
#   meta:
#     ucd: src.var.amplitude
# - 
#   name: geom_model_gaussian1_depth_error
#   datatype: float32
#   unit: mag
#   description: "Uncertainty of \\texttt{geomModelGaussian1Depth}"
#   meta:
#     ucd: stat.error;src.var.amplitude
# - 
#   name: geom_model_gaussian2_phase
#   datatype: float32
#   description: Phase of Gaussian 2 component
#   meta:
#     ucd: time.phase
# - 
#   name: geom_model_gaussian2_phase_error
#   datatype: float32
#   description: "Uncertainty of \\texttt{geomModelGaussian2Phase}"
#   meta:
#     ucd: stat.error;time.phase
# - 
#   name: geom_model_gaussian2_sigma
#   datatype: float32
[...]
#   datatype: float32
#   description: "Secondary eclipse: uncertainty of \\texttt{derivedSecondaryEclDuration}"
#   meta:
#     ucd: stat.error;time.duration
# - 
#   name: derived_secondary_ecl_depth
#   datatype: float32
#   unit: mag
#   description: "Secondary eclipse: depth"
#   meta:
#     ucd: src.var.amplitude
# - 
#   name: derived_secondary_ecl_depth_error
#   datatype: float32
#   unit: mag
#   description: "Secondary eclipse: uncertainty of \\texttt{derivedSecondaryEclDepth}"
#   meta:
#     ucd: stat.error;src.var.amplitude
solution_id,source_id,global_ranking,reference_time,frequency,frequency_error,geom_model_reference_level,geom_model_reference_level_error,geom_model_gaussian1_phase,geom_model_gaussian1_phase_error,geom_model_gaussian1_sigma,geom_model_gaussian1_sigma_error,geom_model_gaussian1_depth,geom_model_gaussian1_depth_error,geom_model_gaussian2_phase,geom_model_gaussian2_phase_error,geom_model_gaussian2_sigma,geom_model_gaussian2_sigma_error,geom_model_gaussian2_depth,geom_model_gaussian2_depth_error,geom_model_cosine_half_period_amplitude,geom_model_cosine_half_period_amplitude_error,geom_model_cosine_half_period_phase,geom_model_cosine_half_period_phase_error,model_type,num_model_parameters,reduced_chi2,derived_primary_ecl_phase,derived_primary_ecl_phase_error,derived_primary_ecl_duration,derived_primary_ecl_duration_error,derived_primary_ecl_depth,derived_primary_ecl_depth_error,derived_secondary_ecl_phase,derived_secondary_ecl_phase_error,derived_secondary_ecl_duration,derived_secondary_ecl_duration_error,derived_secondary_ecl_depth,derived_secondary_ecl_depth_error
[from data line 802]
375316653866487564,5318919350844152448,0.57069165,2208.0757490307337,1.8077373944165267,8.069741E-6,18.57936,0.006784733,0.30520934,0.0019253744,0.06713647,0.003926009,0.5292614,0.057869308,0.8098742,0.002035076,0.08747804,0.0039444626,0.24743229,0.00668857,null,null,null,null,"TWOGAUSSIANS",8,1.4155557,0.30520934,0.0019253744,0.37596422,0.021985652,0.5259885,0.05877992,0.8098742,0.002035076,0.4,0.0,0.24415934,0.0060017016
375316653866487564,5318924680903797376,0.5612084,2243.550191376896,2.510021066250239,9.80769E-6,16.934956,0.01672018,0.30434072,0.0036874888,0.10775316,0.010813111,0.16159748,0.015929412,0.8042309,0.0037400178,0.10554716,0.0108638285,0.18353978,0.0150604,null,null,null,null,"TWOGAUSSIANS",8,4.060918,0.8042309,0.0037400178,0.4,0.0,0.16152619,0.005383005,0.30434072,0.0036874888,0.4,0.0,0.139582,0.005485043
375316653866487564,5318928627973483904,0.47911492,2233.9475575169545,2.772770501770829,2.8849761E-5,17.9109,0.021512505,0.2312621,0.0060388027,0.11710045,0.01992561,0.13814372,0.019756569,0.73201954,0.0066523487,0.09314855,0.016550776,0.15779245,0.01875385,null,null,null,null,"TWOGAUSSIANS",8,5.5759125,0.73201954,0.0066702273,0.4,0.0,0.14080761,0.014053348,0.2312621,0.0060388027,0.4,0.0,0.12112868,0.010987895
375316653866487564,5318929525627264768,0.53643614,2197.191566723374,3.49627998302346,8.307371E-6,18.869747,0.013166954,0.24189985,0.004595966,0.07194908,0.0049099387,0.41942352,0.04055705,0.7532043,0.0060144947,0.09054277,0.008156408,0.30104244,0.018954325,null,null,null,null,"TWOGAUSSIANS",8,3.0494454,0.24189985,0.004595966,0.4,0.0060297996,0.414541,0.04160605,0.7532043,0.0060144947,0.4,0.0,0.29615974,0.018065272
375316653866487564,5318933511356775680,0.5569856,2227.054305491164,2.7157071193151734,1.1742699E-5,16.943865,0.0070663276,0.24144377,0.0029137495,0.047965575,0.0122842835,0.06817725,0.022844542,0.7405203,0.013350646,0.027749341,0.017750721,0.14597256,0.09231588,0.11232249,0.011027084,0.24144377,0.0029137495,"TWOGAUSSIANS_WITH_ELLIPSOIDAL_ON_ECLIPSE1",9,20.806168,0.7406003,0.013144118,0.15539631,0.09940404,0.3706105,0.1042531,0.24144377,0.0029137495,0.26860723,0.068791986,0.29282212,0.016839858
375316653866487564,5318933713214940672,0.6249611,2231.671413534921,2.7056164360256507,3.899535E-6,17.727009,0.021877972,0.25404692,9.073561E-4,0.056499496,0.0048623835,0.36013007,0.054719366,0.76057315,0.002582119,0.05137551,0.005931602,0.34645796,0.054267794,0.09311168,0.035526425,0.25404692,9.073561E-4,"TWOGAUSSIANS_WITH_ELLIPSOIDAL_ON_ECLIPSE1",9,4.9842477,0.25404692,9.073561E-4,0.3163972,0.027229348,0.54633105,0.021491338,0.76057315,0.002582119,0.28770286,0.033216972,0.53234595,0.027214631
375316653866487564,5318934748307431296,0.58852714,2222.1575615076945,3.20887993128083,1.2385255E-5,17.038267,0.010690188,0.2732213,0.003137934,0.05201863,0.020561703,0.11052182,0.019492067,0.79210997,0.020677635,0.023132997,0.017707445,0.05384598,0.032048106,0.11419685,0.012374168,0.2732213,0.003137934,"TWOGAUSSIANS_WITH_ELLIPSOIDAL_ON_ECLIPSE1",9,11.540688,0.2732213,0.003137934,0.29130432,0.115145534,0.33891413,0.014820703,0.79210997,0.019918215,0.12954478,0.09916169,0.2790364,0.013691788
375316653866487564,5318936496353832448,0.44594482,2223.411788492447,3.536209383874533,3.393577E-5,17.943798,0.0032918262,null,null,null,null,null,null,null,null,null,null,null,null,0.04257129,0.0045542475,0.119072475,0.00818644,"ELLIPSOIDAL",4,5.822135,null,null,null,null,null,null,null,null,null,null,null,null
375316653866487564,5318938871476132736,0.4763455,2250.476386627781,1.09644364882329,1.46260545E-5,17.827892,0.0043042954,0.2989822,0.0018583504,0.014026158,0.002044181,0.14774676,0.011994085,0.81737417,0.0085004205,0.03950589,0.007500534,0.038202513,0.0097328415,null,null,null,null,"TWOGAUSSIANS",8,6.523089,0.2989822,0.0018583504,0.07854648,0.011447414,0.14774676,0.011994085,0.81737417,0.0085004205,0.22123298,0.04200299,0.038202513,0.0097328415
375316653866487564,5318939210773413760,0.45944408,2218.2264373528637,4.135894659004342,2.4017614E-5,19.191988,0.009307081,0.2973674,0.01797804,0.07236853,0.021419244,0.13267888,0.023424856,0.790529,0.009719314,0.064472444,0.015662795,0.2088635,0.06383594,null,null,null,null,"TWOGAUSSIANS",8,2.8015218,0.790529,0.009719314,0.3610457,0.08310496,0.20852022,0.0642874,0.2973674,0.01797804,0.4,0.087366596,0.1323356,0.023495188
375316653866487564,5318940692542378368,0.5356729,2229.0882252472516,3.765996092528224,2.2855786E-5,17.657192,0.017168732,0.25267625,0.004679232,0.039872617,0.005725259,0.46547475,0.09580207,0.7641839,0.005477139,0.03578486,0.012991696,0.3596973,0.05136466,0.16803305,0.026000893,0.7641839,0.005477139,"TWOGAUSSIANS_WITH_ELLIPSOIDAL_ON_ECLIPSE2",9,55.87053,0.25362626,0.0042920024,0.22328666,0.03206145,0.7999317,0.093644835,0.7641839,0.005477139,0.2003952,0.0727535,0.695763,0.053960342
375316653866487564,5318941993912379904,0.43619797,2241.9014208613157,1.5293418846959177,1.28361135E-5,16.989122,0.008005597,0.19931033,0.017816786,0.06626788,0.020880008,0.119207256,0.026970124,0.8992765,8.29637E-5,0.0033455295,2.735389E-4,1.8816098,0.86995554,null,null,null,null,"TWOGAUSSIANS",8,66.54459,0.8992765,8.29637E-5,0.018734965,0.0015318177,1.881614,0.86995786,0.19931033,0.017816786,0.37110013,0.10689588,0.119207256,0.026970124
375316653866487564,5318947495770300928,0.715659,2230.375658126323,0.27334993400422214,3.856828E-6,14.584867,5.543441E-4,0.32223877,0.0013310446,0.014528197,9.260976E-4,0.37816432,0.010213211,null,null,null,null,null,null,null,null,null,null,"ONEGAUSSIAN",5,7.8700423,0.32223877,0.0013310446,0.081357904,0.0051861466,0.37816432,0.0,null,null,null,null,null,null
375316653866487564,5318948384823702400,0.5413864,2207.7499506683707,3.2146045304691415,1.6009868E-5,17.555899,0.48396268,0.23368798,0.0040516765,0.16552952,0.07635225,0.3646335,0.4600233,0.7368507,0.0041153473,0.15118192,0.060721874,0.36952233,0.43796706,null,null,null,null,"TWOGAUSSIANS",8,3.9383042,0.73736066,0.003949239,0.4,0.0,0.16976576,0.008935083,0.23332798,0.003925332,0.4,0.0,0.16037257,0.00652958
375316653866487564,5318954603936544256,0.5871718,2206.5024080759845,4.182229990713619,9.237295E-6,19.369814,0.01811128,0.22006334,0.003221471,0.04426212,0.006055071,0.3199501,0.044975966,0.73183167,0.0085608,0.036050916,0.008156577,0.39251217,0.060656447,0.15971664,0.021681916,0.22006334,0.003221471,"TWOGAUSSIANS_WITH_ELLIPSOIDAL_ON_ECLIPSE1",9,1.4488508,0.73183167,0.0085608,0.20188513,0.04567683,0.710202,0.06625555,0.22006334,0.003221471,0.24786787,0.033908397,0.63938326,0.018877357
375316653866487564,5318956532381782144,0.6747547,2190.4283256330305,2.719033133989276,3.564247E-6,16.47223,0.006923834,0.23824814,0.0011906624,0.050449103,0.0020023466,0.4720193,0.018164452,0.7430666,0.0012141933,0.04465124,0.0022645239,0.39302832,0.016829453,0.11528366,0.009320929,0.23824814,0.0011906624,"TWOGAUSSIANS_WITH_ELLIPSOIDAL_ON_ECLIPSE1",9,6.726573,0.23824814,0.0011906624,0.282515,0.011213141,0.7025839,0.012974935,0.7430666,0.0012141933,0.25004694,0.012681334,0.6233817,0.017702423
375316653866487564,5318956635460992640,0.62307376,2182.7672231983183,1.6304220766010828,9.2989885E-6,15.011059,0.0058066305,0.21764268,0.0010102686,0.048126202,0.00138154,0.78907347,0.04712457,0.7284306,0.0031656858,0.049436998,0.0036066682,0.3003167,0.008048179,null,null,null,null,"TWOGAUSSIANS",8,128.43617,0.21764268,0.0010102686,0.26950672,0.0077366238,0.7890724,0.047124904,0.7284306,0.0031656858,0.27684718,0.020197341,0.3003156,0.008047678
375316653866487564,5318960415032240384,0.46940646,2193.386542209832,0.6109857306630434,1.4914218E-5,18.171974,0.008677256,0.27658874,0.02008154,0.062058665,0.04337166,0.13174343,0.08221414,0.76221,0.003600324,0.033799235,0.004887887,0.1725789,0.025795488,null,null,null,null,"TWOGAUSSIANS",8,10.253465,0.76221,0.003600324,0.18927571,0.027372167,0.17257875,0.025791772,0.27658874,0.02008154,0.34752852,0.16119863,0.13174328,0.082237795
375316653866487564,5318968966309108224,0.5884021,2217.881731693248,1.410394470528489,1.9166851E-5,18.62824,0.0031338495,0.27172142,0.008275629,0.030699398,0.00894329,0.11793145,0.034523856,0.76848054,0.0013152481,0.03837885,0.0019705105,0.45793745,0.021325385,null,null,null,null,"TWOGAUSSIANS",8,1.6841207,0.76848054,0.0013152481,0.21492156,0.011034859,0.45793745,0.021325385,0.27172142,0.008275629,0.17191663,0.050082427,0.11793145,0.034523856
375316653866487564,5318973196854314752,0.64572895,2261.6262419273717,3.1126955069671753,3.9686033E-6,16.682343,0.006960971,0.21322438,0.0030176863,0.09626701,0.005454497,0.21517058,0.007869607,0.7146703,9.2901627E-4,0.09006619,0.0026619707,0.2735393,0.00630722,null,null,null,null,"TWOGAUSSIANS",8,2.1907463,0.7146703,9.2901627E-4,0.4,0.0,0.26064128,0.0035507488,0.21322438,0.0030176863,0.4,0.0,0.20227206,0.005996453
375316653866487564,5318977251303397888,0.6247303,2271.9500070368604,2.4371580887923767,6.0825414E-6,16.017748,0.0204793,0.24205674,0.0011036383,0.053697363,0.004076054,0.3992469,0.041474417,0.7476326,0.0023592727,0.047826067,0.0044468534,0.33596367,0.053265348,0.121545754,0.025157709,0.24205674,0.0011036383,"TWOGAUSSIANS_WITH_ELLIPSOIDAL_ON_ECLIPSE1",9,74.102554,0.24205674,0.0011036383,0.30070522,0.0228259,0.6423298,0.015557138,0.7476326,0.0023592727,0.267826,0.02490238,0.57874835,0.03291201
375316653866487564,5318978071637804544,0.5568054,2201.9235422561273,3.5308246251636684,9.669247E-6,18.263758,0.0038852538,0.21617904,0.0031159692,0.030335667,0.00397415,0.10300791,0.010925531,null,null,null,null,null,null,0.12657313,0.0041799652,0.21617904,0.0031159692,"ONEGAUSSIAN_WITH_ELLIPSOIDAL",6,3.644947,0.21617904,0.0031159692,0.16987973,0.02225524,0.3561537,0.010419237,null,null,null,null,null,null
375316653866487564,5318980957857824640,0.5199846,2221.939758387317,3.0598738275699913,2.5860847E-5,16.92217,0.0072333184,0.23683073,0.00346489,0.014739722,0.0059209676,0.065189965,0.019218199,0.7202665,0.022316104,0.034139927,0.033074502,0.05223868,0.015538512,0.05336146,0.011554168,0.23683073,0.00346489,"TWOGAUSSIANS_WITH_ELLIPSOIDAL_ON_ECLIPSE1",9,13.612563,0.23683073,0.00346489,0.08254244,0.03315742,0.17191277,0.01773521,0.7228865,0.015501952,0.1911836,0.1852172,0.15799075,0.016250927
375316653866487564,5318981271392652032,0.6531216,2230.260470904384,0.4803872361758495,2.0305876E-4,16.799269,0.0010600364,0.46314794,6.6887954E-4,0.05050326,0.0010553203,0.3666629,0.0022961802,null,null,null,null,null,null,null,null,null,null,"ONEGAUSSIAN",5,1.5807954,0.46314794,6.6887954E-4,0.28281826,0.0059097935,0.3666629,0.0,null,null,null,null,null,null
375316653866487564,5318982577062759296,0.51762056,2243.1545028515648,1.5252553844164387,4.248371E-6,17.797113,0.0042169243,0.34034875,0.026936961,0.027236372,0.03500497,0.27747342,0.27088425,0.8257327,0.0015064278,0.022545064,0.0011766469,0.22367522,0.007259719,null,null,null,null,"TWOGAUSSIANS",8,5.486585,0.34034875,0.026936961,0.15252368,0.19602783,0.27747342,0.27088425,0.8257327,0.0015064278,0.12625235,0.0065892227,0.22367522,0.007259719
375316653866487564,5318982675844854528,0.61727935,2244.27596542304,1.913795322488189,1.1031272E-5,18.08254,0.0036199396,0.16498448,0.0028876076,0.04830704,0.00578897,0.13197908,0.030163968,0.6599307,0.0027673997,0.045323543,0.0021463833,0.5930851,0.03291639,null,null,null,null,"TWOGAUSSIANS",8,2.8470476,0.6599307,0.0027673997,0.25381184,0.012019746,0.5930849,0.032916423,0.16498448,0.0028876076,0.27051944,0.032418232,0.13197882,0.030164275
375316653866487564,5318984088891222784,0.7044785,2279.2882882491367,2.080147937215269,2.5174647E-6,15.453526,0.004371829,0.26184106,6.3001824E-4,0.058732953,0.003926678,0.1154013,0.008049789,0.7561228,0.001345403,0.056726024,0.002786267,0.14221951,0.009459513,0.09120094,0.0051356,0.26184106,6.3001824E-4,"TWOGAUSSIANS_WITH_ELLIPSOIDAL_ON_ECLIPSE1",9,3.419071,0.75753284,0.0010049032,0.31766573,0.015603096,0.32442462,0.00594744,0.26184106,6.3001824E-4,0.32890454,0.021989396,0.29778397,0.005065943
375316653866487564,5318987318706614784,0.6693985,2269.402297062772,2.7167566419404907,5.992502E-6,15.978253,0.020059876,0.21976164,0.0016093473,0.05872611,0.004326873,0.43690917,0.039567385,0.7155744,0.0015879958,0.056417096,0.0039678393,0.5188371,0.035838734,0.07581202,0.021102728,0.21976164,0.0016093473,"TWOGAUSSIANS_WITH_ELLIPSOIDAL_ON_ECLIPSE1",9,18.618258,0.71586436,0.0014705188,0.31593573,0.0222199,0.67029166,0.015503307,0.21976164,0.0016093473,0.3288662,0.024230488,0.5884615,0.008427227
375316653866487564,5318996664555456896,0.60381514,2226.964140704279,2.9725193298498596,1.2040609E-5,17.33136,0.02084324,0.25499085,0.005554289,0.050701633,0.0074968864,0.22329794,0.03196724,0.7499439,0.0053574955,0.05440194,0.009582419,0.23964933,0.03660526,0.10287119,0.023246447,0.25499085,0.005554289,"TWOGAUSSIANS_WITH_ELLIPSOIDAL_ON_ECLIPSE1",9,8.136702,0.7507839,0.003961701,0.30465087,0.053661544,0.4452142,0.0127583,0.25499085,0.005554289,0.28392914,0.041982565,0.4290351,0.03193436
375316653866487564,5318997278732375808,0.57429427,2254.9961109475676,2.7749383953770406,1.1156345E-5,18.102404,0.012374768,0.25708252,0.004771573,0.091733,0.007768912,0.24408352,0.011753449,0.7595522,0.006031474,0.093132235,0.009180449,0.23341097,0.011390213,null,null,null,null,"TWOGAUSSIANS",8,2.0700119,0.25708252,0.004771573,0.4,0.0,0.23221172,0.008008134,0.7595522,0.006031474,0.4,0.0,0.22153908,0.0069373776
