Gaia/vari_eclipsing_binary/VariEclipsingBinary_463224-463267.csv
# %ECSV 1.0
# ---
# delimiter: ','
# meta: !!omap
# - RELEASE: Gaia DR3
# - TABLE: vari_eclipsing_binary
# - DESCRIPTION: >
#     This table describes the properties of the eclipsing binaries resulting from the variability analysis. 
# - CITATION: >
#     How to cite and acknowledge Gaia: 
#     https://gea.esac.esa.int/archive/documentation/credits.html 
# - KNOWN_ISSUES: >
#     Known issues: 
#     https://www.cosmos.esa.int/web/gaia-users/known-issues 
# - DOCUMENTATION: >
#     Tutorials and documentation: 
#     https://www.cosmos.esa.int/web/gaia-users/archive 
# datatype:
# - 
#   name: solution_id
#   datatype: int64
#   description: Solution Identifier
#   meta:
#     ucd: meta.version
# - 
#   name: source_id
#   datatype: int64
#   description: Unique source identifier
#   meta:
#     ucd: meta.id;meta.main
# - 
#   name: global_ranking
#   datatype: float32
#   description: Number between 0 (worst) and 1 (best)
#   meta:
#     ucd: stat.param
# - 
#   name: reference_time
#   datatype: float64
#   unit: d
#   description: Reference time used for the geometric model fit
#   meta:
#     ucd: time.epoch
# - 
#   name: frequency
#   datatype: float64
#   unit: d**-1
#   description: Frequency of geometric model of the eclipsing binary light curve
#   meta:
#     ucd: src.orbital
# - 
#   name: frequency_error
#   datatype: float32
#   unit: d**-1
#   description: "Uncertainty of \\texttt{frequency}"
#   meta:
#     ucd: stat.error
# - 
#   name: geom_model_reference_level
#   datatype: float32
#   unit: mag
#   description: Magnitude reference level of geometric model
#   meta:
#     ucd: phot.mag;em.opt
# - 
#   name: geom_model_reference_level_error
#   datatype: float32
#   unit: mag
#   description: "Uncertainty of \\texttt{geomModelReferenceLevel}"
#   meta:
#     ucd: stat.error;phot.mag;em.opt
# - 
#   name: geom_model_gaussian1_phase
#   datatype: float32
#   description: Phase of the Gaussian 1 component
#   meta:
#     ucd: time.phase
# - 
#   name: geom_model_gaussian1_phase_error
#   datatype: float32
#   description: "Uncertainty of \\texttt{geomModelGaussian1Phase}"
#   meta:
#     ucd: stat.error;time.phase
# - 
#   name: geom_model_gaussian1_sigma
#   datatype: float32
#   description: "Standard deviation [phase] of Gaussian 1 component"
#   meta:
#     ucd: stat.stdev
# - 
#   name: geom_model_gaussian1_sigma_error
#   datatype: float32
#   description: "Uncertainty of \\texttt{geomModelGaussian1Sigma}"
#   meta:
#     ucd: stat.error
# - 
#   name: geom_model_gaussian1_depth
#   datatype: float32
#   unit: mag
#   description: Magnitude depth of Gaussian 1 component
#   meta:
#     ucd: src.var.amplitude
# - 
#   name: geom_model_gaussian1_depth_error
#   datatype: float32
#   unit: mag
#   description: "Uncertainty of \\texttt{geomModelGaussian1Depth}"
#   meta:
#     ucd: stat.error;src.var.amplitude
# - 
#   name: geom_model_gaussian2_phase
#   datatype: float32
#   description: Phase of Gaussian 2 component
#   meta:
#     ucd: time.phase
# - 
#   name: geom_model_gaussian2_phase_error
#   datatype: float32
#   description: "Uncertainty of \\texttt{geomModelGaussian2Phase}"
#   meta:
#     ucd: stat.error;time.phase
# - 
#   name: geom_model_gaussian2_sigma
#   datatype: float32
[...]
#   datatype: float32
#   description: "Secondary eclipse: uncertainty of \\texttt{derivedSecondaryEclDuration}"
#   meta:
#     ucd: stat.error;time.duration
# - 
#   name: derived_secondary_ecl_depth
#   datatype: float32
#   unit: mag
#   description: "Secondary eclipse: depth"
#   meta:
#     ucd: src.var.amplitude
# - 
#   name: derived_secondary_ecl_depth_error
#   datatype: float32
#   unit: mag
#   description: "Secondary eclipse: uncertainty of \\texttt{derivedSecondaryEclDepth}"
#   meta:
#     ucd: stat.error;src.var.amplitude
solution_id,source_id,global_ranking,reference_time,frequency,frequency_error,geom_model_reference_level,geom_model_reference_level_error,geom_model_gaussian1_phase,geom_model_gaussian1_phase_error,geom_model_gaussian1_sigma,geom_model_gaussian1_sigma_error,geom_model_gaussian1_depth,geom_model_gaussian1_depth_error,geom_model_gaussian2_phase,geom_model_gaussian2_phase_error,geom_model_gaussian2_sigma,geom_model_gaussian2_sigma_error,geom_model_gaussian2_depth,geom_model_gaussian2_depth_error,geom_model_cosine_half_period_amplitude,geom_model_cosine_half_period_amplitude_error,geom_model_cosine_half_period_phase,geom_model_cosine_half_period_phase_error,model_type,num_model_parameters,reduced_chi2,derived_primary_ecl_phase,derived_primary_ecl_phase_error,derived_primary_ecl_duration,derived_primary_ecl_duration_error,derived_primary_ecl_depth,derived_primary_ecl_depth_error,derived_secondary_ecl_phase,derived_secondary_ecl_phase_error,derived_secondary_ecl_duration,derived_secondary_ecl_duration_error,derived_secondary_ecl_depth,derived_secondary_ecl_depth_error
[from data line 414]
375316653866487564,4074844694468535040,0.45930186,2196.3061402795925,0.17744329266148204,1.696831E-5,19.534159,0.005852544,0.78417856,0.0061671697,0.064471744,0.01299597,0.02015324,0.031119904,null,null,null,null,null,null,0.1435551,0.006669434,0.78417856,0.0061671697,"ONEGAUSSIAN_WITH_ELLIPSOIDAL",6,4.4136724,0.78417856,0.0061671697,0.36104178,0.06935989,0.30725217,0.027620953,null,null,null,null,null,null
375316653866487564,4074845038066249600,0.5489698,2166.3940281897358,2.808701750586428,7.843074E-5,19.719902,0.018140003,0.27005357,0.010987626,0.07679915,0.006448029,0.6628228,0.07983973,0.7607032,0.010731526,0.07383051,0.008939665,0.56501484,0.056380928,null,null,null,null,"TWOGAUSSIANS",8,3.2906244,0.27005357,0.010987626,0.4,0.0,0.65879244,0.07893574,0.7607032,0.010731526,0.4,0.008442838,0.56098443,0.05502198
375316653866487564,4074845274298202368,0.5071674,2215.9639416718205,0.17731974653262766,6.940177E-5,18.848152,0.011955985,0.33768317,0.005931161,0.0761917,0.020088883,0.21671386,0.011200509,0.8219466,0.0067432323,0.043912984,0.0152374385,0.4856003,0.32318908,null,null,null,null,"TWOGAUSSIANS",8,4.7299414,0.8219466,0.0067432323,0.24591272,0.08532966,0.48554534,0.32330516,0.33768317,0.005931161,0.4,0.0076844245,0.2166589,0.011173699
375316653866487564,4074845652251596544,0.56926686,2160.420662605005,0.8557206721167647,1.7636843E-5,18.813414,0.0055435444,0.3668514,0.018037643,0.057652794,0.011477088,1.3712995,8.393111,0.83253855,0.010974271,0.048299905,0.009023488,0.09504408,0.011783034,null,null,null,null,"TWOGAUSSIANS",8,1.4369761,0.3668514,0.018037643,0.32285565,0.06427169,1.3712972,8.393114,0.83253855,0.010974271,0.27047947,0.05053153,0.09504172,0.011779937
375316653866487564,4074845892760565888,0.50836444,2231.046422834191,1.2815719741581972,2.5151605E-5,19.232767,0.0948692,0.039068855,0.056632183,0.018055817,0.077241786,0.1932745,1.2508826,0.6380963,0.008920002,0.13199832,0.0366561,0.2378649,0.093722515,null,null,null,null,"TWOGAUSSIANS",8,1.9936287,0.6380963,0.008915636,0.4,0.0,0.23750038,0.03414607,0.038978856,0.052262146,0.101112574,0.2931111,0.19527858,1.2558268
375316653866487564,4074845965793338752,0.66940415,2179.6606732732766,0.6248490141493496,5.841749E-6,13.679989,0.011567205,0.27663818,0.003835835,0.110224836,0.007534111,0.23182127,0.0114384,0.77741617,0.0019048306,0.09756349,0.004775365,0.29346487,0.010156855,null,null,null,null,"TWOGAUSSIANS",8,30.314281,0.77741617,0.0019048306,0.4,0.0,0.2652451,0.004142784,0.27663818,0.003835835,0.4,0.0,0.2035869,0.005749907
375316653866487564,4074847232801896448,0.50476664,2160.361191760423,0.08813184917962569,4.7346035E-5,18.89406,0.06736068,0.27105853,0.016867258,0.099288635,0.035266083,0.22705328,0.057375807,0.7512333,0.012754363,0.1174475,0.030568458,0.23331672,0.06614768,null,null,null,null,"TWOGAUSSIANS",8,2.6991982,0.7512333,0.012754363,0.4,0.0,0.20745544,0.021621425,0.27111855,0.017084884,0.4,0.0,0.20125765,0.015582684
375316653866487564,4074847305809061376,0.54953057,2342.8632239462036,0.009325785981182772,9.520954E-6,19.127298,0.013223479,0.23748209,0.014399262,0.037991952,0.008943731,0.32555333,0.06720804,0.72049314,0.06421152,0.08781486,0.16708128,0.19957271,0.20653127,null,null,null,null,"TWOGAUSSIANS",8,1.1379328,0.23748209,0.014399262,0.21275492,0.050084893,0.32546252,0.06711183,0.72049314,0.06421152,0.4,0.67133254,0.19948182,0.20674293
375316653866487564,4074847305809090048,0.48958296,2224.4457787049714,0.17749319620594042,3.903954E-5,19.623924,0.012900923,0.32466733,0.031121017,0.084508106,0.02654935,0.287816,0.17577799,0.80698884,0.0056508165,0.07632847,0.010220428,0.25984183,0.020398917,null,null,null,null,"TWOGAUSSIANS",8,1.2294476,0.32466733,0.031121017,0.4,0.041820545,0.2847331,0.17818488,0.80698884,0.0056508165,0.4,0.0109598255,0.25675896,0.021825409
375316653866487564,4074847408890518144,0.5404207,2208.825796209536,0.10919284418232394,2.7641297E-5,18.676542,0.007136957,0.13149582,0.0071575274,0.056035362,0.007421187,0.1962785,0.026361879,0.64289737,0.025596717,0.0835978,0.014189782,0.1585144,0.022574278,null,null,null,null,"TWOGAUSSIANS",8,1.5378764,0.13149582,0.0071575274,0.313798,0.04155865,0.19586581,0.026500663,0.64289737,0.025596717,0.4,0.0,0.15810171,0.022217227
375316653866487564,4074848302241777280,0.61140233,2221.390791348906,2.3474619899250477,1.112473E-5,17.869362,0.008889113,0.23662306,0.0021059983,0.08273349,0.0071864026,0.23917407,0.017737798,0.7373342,0.0070354645,0.081852235,0.0076292492,0.3885228,0.014775621,null,null,null,null,"TWOGAUSSIANS",8,2.7167687,0.7373342,0.0070354645,0.4,0.0,0.38259116,0.014747098,0.23662306,0.0021059983,0.4,0.0,0.23324242,0.018956706
375316653866487564,4074848401021459712,0.45603532,2199.4819402530707,2.1949972541724816,2.6933398E-5,18.770632,0.10994479,0.4683004,0.033440474,0.20151524,0.1278792,0.11869351,0.10615036,0.8414407,0.0067394045,0.022757571,0.0066599455,0.0591698,0.02399314,null,null,null,null,"TWOGAUSSIANS",8,2.8121243,0.4683004,0.033440474,0.4,0.0,0.1077645,0.027072156,0.8414407,0.0067394045,0.1274424,0.037295695,0.070554316,0.025970072
375316653866487564,4074848985135779456,0.52065253,2217.929336635737,0.16551508317353303,1.3195924E-4,17.79927,0.15319608,0.32858413,0.036222745,0.17553379,0.11155031,0.10899064,0.15176973,0.769172,0.064364985,0.04389141,0.040779993,0.6070148,0.13251983,null,null,null,null,"TWOGAUSSIANS",8,23.217829,0.769172,0.064364985,0.24579191,0.15594591,0.6031602,0.12619446,0.32858413,0.036086794,0.4,0.0,0.09978662,0.02171814
375316653866487564,4074848989436749440,0.5398198,2247.217285706975,0.17739037694143162,4.676482E-5,18.733562,0.305562,0.24306007,0.009116586,0.1545663,0.07143418,0.30947503,0.29961485,0.7654615,0.012204213,0.118766405,0.036103826,0.31822506,0.23775436,null,null,null,null,"TWOGAUSSIANS",8,1.819064,0.7668715,0.009235474,0.4,0.0,0.22226661,0.0076146154,0.24286006,0.008609402,0.4,0.0,0.20997567,0.01593
375316653866487564,4074849264328486016,0.5506223,2254.3711552716836,0.18379467402301355,1.8362938E-4,18.732409,0.0046375636,0.17939672,0.010656513,0.03499066,0.0029459316,2.0063262,0.56565857,0.7235435,0.087466344,0.09235786,0.048485782,0.049779173,0.23593494,null,null,null,null,"TWOGAUSSIANS",8,3.0714605,0.17939672,0.010656513,0.19594769,0.016497217,2.0063026,0.56565905,0.7235435,0.087466344,0.4,0.07404236,0.04975517,0.23596422
375316653866487564,4074850638720049408,0.4205733,2200.74908237759,0.5725598747372499,2.3315362E-5,16.388756,0.2597001,0.18120854,0.0038500135,0.09024469,0.028609773,0.20892149,0.13055852,0.68245345,0.009992445,0.16503538,0.12089998,0.2098372,0.25745025,null,null,null,null,"TWOGAUSSIANS",8,2.5097997,0.18113855,0.0038414833,0.4,0.0,0.15557182,0.020697644,0.68245345,0.009992445,0.4,0.0,0.15222313,0.013112378
375316653866487564,4074851012361647872,0.46022233,2186.7555825100567,1.2815955064018498,4.3323806E-5,19.464176,0.033761643,0.46163812,0.018839894,0.10766726,0.039159875,0.28840005,0.036587432,0.7062974,0.01571778,0.032049913,0.02664312,0.19665092,4117352.2,null,null,null,null,"TWOGAUSSIANS",8,6.9402685,0.46163812,0.018839894,0.4,0.0,0.2883881,0.036517162,0.7062974,0.01571778,0.17947951,0.14920147,0.21845242,4117352.2
375316653866487564,4074851459046630656,0.4685139,2209.7544550459315,0.35501343037901734,2.8895993E-5,19.583359,0.038913816,0.07596277,0.013783166,0.04460034,0.010803235,0.12951595,0.024647303,0.4155591,0.014665021,0.1811298,0.041459948,0.21008682,0.0366954,null,null,null,null,"TWOGAUSSIANS",8,1.688467,0.4155591,0.014665021,0.4,0.0,0.20062475,0.028615024,0.081962764,0.014689239,0.24976191,0.060498115,0.15766084,0.028825462
375316653866487564,4074851703854761728,0.5740243,2156.1066266947,3.8672701478383926,1.0185071E-5,18.48986,0.00944342,0.2943746,0.0041467533,0.08015888,0.004503149,0.27391234,0.01103611,0.7914847,0.0035672244,0.09061222,0.006260827,0.26119247,0.020972071,null,null,null,null,"TWOGAUSSIANS",8,1.4212208,0.2943746,0.0041467533,0.4,0.0,0.2669361,0.009075882,0.7914847,0.0035672244,0.4,0.0,0.25421607,0.021368189
375316653866487564,4074852528503336960,0.51653755,2154.1137311166935,0.7461266410628152,1.2943074E-5,17.689436,0.0068763467,0.2620466,0.0011619038,0.044720236,0.0016298012,0.8412513,0.08245607,null,null,null,null,null,null,null,null,null,null,"ONEGAUSSIAN",5,17.946356,0.2620466,0.0011619038,0.25043333,0.009126887,0.8412513,0.0,null,null,null,null,null,null
375316653866487564,4074852940820252288,0.5764154,2186.269806471914,3.266688973100143,2.1815875E-5,17.619902,0.011844097,0.2509859,0.006206582,0.09987475,0.011935692,0.13290028,0.010571964,0.737634,0.004058247,0.10000752,0.008073203,0.16119385,0.011672483,null,null,null,null,"TWOGAUSSIANS",8,1.8117609,0.737634,0.004058247,0.4,0.0,0.15038483,0.0047578933,0.2509859,0.006210239,0.4,0.0,0.12209156,0.0059232633
375316653866487564,4074853280103246976,0.5183441,2123.0110214052784,0.17744530704042433,6.187458E-5,18.352306,0.010898472,0.27677444,0.012905167,0.06724533,0.030703075,1.2242057,1.0520574,0.81233454,0.01432455,0.0676286,0.015427963,0.37935588,0.05627607,null,null,null,null,"TWOGAUSSIANS",8,4.877221,0.27677444,0.012905167,0.37657383,0.04246831,1.2236989,1.0544078,0.81233454,0.01432455,0.37872016,0.08619524,0.3788491,0.05645743
375316653866487564,4074853353122558464,0.50732726,2169.452485545009,2.537228370123361,3.31904E-5,19.664507,0.022364222,0.2925622,0.0049521974,0.03906324,0.005329712,0.42965883,0.05931777,null,null,null,null,null,null,0.11528779,0.035798162,0.2925622,0.0049521974,"ONEGAUSSIAN_WITH_ELLIPSOIDAL",6,4.604578,0.2925622,0.0049521974,0.21875414,0.029846387,0.6602344,0.033050794,null,null,null,null,null,null
375316653866487564,4074853559281099264,0.5201647,2117.135280858994,0.6405819762641136,3.4294328E-5,18.883064,0.005378719,0.30111372,0.011988524,0.07242763,0.012320545,0.15467149,0.022349682,0.81377465,0.008465685,0.067874745,0.01084898,0.15943804,0.011943758,null,null,null,null,"TWOGAUSSIANS",8,0.88813716,0.81377465,0.008465685,0.38009858,0.05462977,0.15904237,0.011990501,0.30111372,0.011988524,0.4,0.031776637,0.15427583,0.022449689
375316653866487564,4074854418291175552,0.44627896,2200.273424908683,0.1605682331204798,2.783169E-5,19.480106,0.033143826,0.8323274,0.01153011,0.03365818,0.01594074,0.13575777,0.0374538,0.48067608,0.061359897,0.025535738,0.11446203,5.4409075,43.36461,null,null,null,null,"TWOGAUSSIANS",8,2.8756347,0.48067608,0.061359897,0.14300013,0.2499173,5.4409075,43.364754,0.8323274,0.010944601,0.18848582,0.08926815,0.13575777,0.037270352
375316653866487564,4074854624449615616,0.46246848,2151.0517195739912,2.652002156889799,4.579408E-5,19.600672,0.018632054,0.32881582,0.0081813205,0.022854678,0.005625363,0.46635216,0.1226581,0.88720775,0.030055648,0.043768443,0.019041937,0.5047617,0.04665369,null,null,null,null,"TWOGAUSSIANS",8,3.7961628,0.88720775,0.030055648,0.24510328,0.10663484,0.5047617,0.04665369,0.32881582,0.0081813205,0.1279862,0.03150203,0.46635216,0.1226581
375316653866487564,4074855105469244928,0.46919787,2145.2194549924084,3.089586360229935,2.8389319E-5,19.492044,0.08686305,0.19448811,0.007992035,0.09431978,0.027185084,0.27699447,0.08209308,0.6955293,0.015865723,0.08350134,0.048880525,0.22948813,0.08055372,null,null,null,null,"TWOGAUSSIANS",8,2.1505737,0.19448811,0.007959752,0.4,0.0,0.26743788,0.03928098,0.6955293,0.015943807,0.4,0.0,0.21993196,0.02468915
375316653866487564,4074855346001994624,0.5230954,2159.382277857326,1.3896205563705673,4.4835404E-5,15.738919,0.005135841,0.33913988,0.06645099,0.048440754,0.049576256,0.0497632,0.1575386,0.59462893,0.003323592,0.026621522,0.0025963655,0.21802206,0.029119434,null,null,null,null,"TWOGAUSSIANS",8,58.719448,0.59462893,0.003323592,0.14908053,0.014539646,0.21802211,0.029121941,0.33913988,0.06645099,0.27126822,0.25656098,0.0497632,0.1575386
375316653866487564,4074855346004159232,0.63215446,2161.9109697666845,1.3496096405474294,1.5057977E-5,16.499678,0.006058976,0.1688115,0.0019535294,0.09425268,0.005448112,0.12649377,0.0055218493,0.6625393,0.003026266,0.06861407,0.0038891681,0.30877367,0.00727768,null,null,null,null,"TWOGAUSSIANS",8,3.6416698,0.6625393,0.003026266,0.3842388,0.021779342,0.3059295,0.0069035143,0.1688115,0.0019535294,0.4,0.0,0.12364942,0.0044411654
375316653866487564,4074855822724091520,0.5218995,2162.3803799563066,2.516461074147963,1.9629197E-5,17.620714,0.046685297,0.28316724,0.0044908873,0.12163074,0.03861768,0.11630157,0.039170604,0.77111053,0.0061049564,0.108817495,0.02753787,0.09879498,0.043579675,null,null,null,null,"TWOGAUSSIANS",8,1.5197926,0.28317726,0.004420551,0.4,0.0,0.09809636,0.011426929,0.77111053,0.0061049564,0.4,0.0,0.0806377,0.005531608
375316653866487564,4074856028883272704,0.5578739,2152.3078039183065,3.9938517671867615,8.5040054E-5,18.761816,0.00409135,0.65313774,0.027378203,0.105099335,0.017063811,0.022438424,0.005093911,0.8559262,0.0030239234,0.020106606,0.0030514428,0.7310539,0.68798804,null,null,null,null,"TWOGAUSSIANS",8,0.83038205,0.8559262,0.0030239234,0.112596996,0.01708808,0.73454124,0.68810564,0.65313774,0.027378203,0.4,0.0,0.022437878,0.005092742
375316653866487564,4074857373212910848,0.4710159,2207.1872033914965,0.3590751867378678,6.715066E-5,18.924295,0.040651638,0.37214717,0.017268822,0.07422829,0.024443232,0.20617582,0.0498616,0.82345855,0.045833785,0.11704669,0.047328457,0.151554,0.045327745,null,null,null,null,"TWOGAUSSIANS",8,1.6149153,0.37222716,0.017020172,0.4,0.08669554,0.20087752,0.043963622,0.82345855,0.045833785,0.4,0.0,0.14616348,0.03282423
375316653866487564,4074857712511125760,0.5167476,2197.253458284171,0.10653185584073216,5.8163234E-5,18.824442,0.0072983215,0.10540396,0.08596001,0.025587326,0.0532531,0.12702496,0.041049626,0.60053116,0.01844579,0.058137074,0.015425677,0.08585924,0.019170467,null,null,null,null,"TWOGAUSSIANS",8,0.49902183,0.10540396,0.08596001,0.14328903,0.25927538,0.12702495,0.041070625,0.60053116,0.01844579,0.32556763,0.08638379,0.08585923,0.019166222
375316653866487564,4074858129127282688,0.63115275,2181.93925799646,2.2713955692035803,1.1311772E-5,18.177044,0.018868623,0.19282442,0.0014306784,0.07824709,0.0046969824,0.47378898,0.015223845,0.68768793,0.0074882596,0.07694603,0.018651748,0.48235816,1.421639,null,null,null,null,"TWOGAUSSIANS",8,1.8683519,0.68768793,0.0074882596,0.4,0.07227748,0.4775722,1.4245969,0.19282442,0.0014306784,0.4,0.0,0.469003,0.014315887
375316653866487564,4074858537144413568,0.64665335,2155.30400184844,2.7512275522525234,7.614719E-6,17.981335,0.009009609,0.25672168,0.005910336,0.08581811,0.007963173,0.2996915,0.031089697,0.7559934,0.0012820011,0.08185499,0.0035084535,0.32683578,0.008631171,null,null,null,null,"TWOGAUSSIANS",8,1.2605841,0.7559934,0.0012820011,0.4,0.0,0.31960267,0.0077468236,0.25672168,0.005910336,0.4,0.0,0.29245836,0.032984342
375316653866487564,4074858885055097984,0.53214693,2228.5450302120653,3.6298335404406044,4.6741174E-5,17.075296,0.0061504752,0.20029834,0.013287563,0.04373173,0.015994882,0.5312255,15.783935,0.722207,0.015184504,0.07071598,0.009396425,0.20592263,0.050701473,null,null,null,null,"TWOGAUSSIANS",8,11.748012,0.20029834,0.013287563,0.2448977,0.08957134,0.53120816,15.783952,0.722207,0.015184504,0.39600947,0.03708078,0.2059053,0.05072191
375316653866487564,4074859400451232640,0.74910825,2179.0601096938335,2.1413730182301656,4.656829E-6,15.316178,0.0014714097,0.26533353,5.6178536E-4,0.055693645,0.003958405,0.08952968,0.0058089606,0.76792586,0.0016570815,0.04865995,0.0024292704,0.088812105,0.003921932,0.09816194,0.002351859,0.26533353,5.6178536E-4,"TWOGAUSSIANS_WITH_ELLIPSOIDAL_ON_ECLIPSE1",9,1.9353389,0.26533353,5.6178536E-4,0.3118844,0.02216707,0.28584948,0.005674512,0.76792586,0.0016570815,0.27249572,0.0136039145,0.2850798,0.0019646252
