Gaia/vari_eclipsing_binary/VariEclipsingBinary_208053-208113.csv
# %ECSV 1.0
# ---
# delimiter: ','
# meta: !!omap
# - RELEASE: Gaia DR3
# - TABLE: vari_eclipsing_binary
# - DESCRIPTION: >
#     This table describes the properties of the eclipsing binaries resulting from the variability analysis. 
# - CITATION: >
#     How to cite and acknowledge Gaia: 
#     https://gea.esac.esa.int/archive/documentation/credits.html 
# - KNOWN_ISSUES: >
#     Known issues: 
#     https://www.cosmos.esa.int/web/gaia-users/known-issues 
# - DOCUMENTATION: >
#     Tutorials and documentation: 
#     https://www.cosmos.esa.int/web/gaia-users/archive 
# datatype:
# - 
#   name: solution_id
#   datatype: int64
#   description: Solution Identifier
#   meta:
#     ucd: meta.version
# - 
#   name: source_id
#   datatype: int64
#   description: Unique source identifier
#   meta:
#     ucd: meta.id;meta.main
# - 
#   name: global_ranking
#   datatype: float32
#   description: Number between 0 (worst) and 1 (best)
#   meta:
#     ucd: stat.param
# - 
#   name: reference_time
#   datatype: float64
#   unit: d
#   description: Reference time used for the geometric model fit
#   meta:
#     ucd: time.epoch
# - 
#   name: frequency
#   datatype: float64
#   unit: d**-1
#   description: Frequency of geometric model of the eclipsing binary light curve
#   meta:
#     ucd: src.orbital
# - 
#   name: frequency_error
#   datatype: float32
#   unit: d**-1
#   description: "Uncertainty of \\texttt{frequency}"
#   meta:
#     ucd: stat.error
# - 
#   name: geom_model_reference_level
#   datatype: float32
#   unit: mag
#   description: Magnitude reference level of geometric model
#   meta:
#     ucd: phot.mag;em.opt
# - 
#   name: geom_model_reference_level_error
#   datatype: float32
#   unit: mag
#   description: "Uncertainty of \\texttt{geomModelReferenceLevel}"
#   meta:
#     ucd: stat.error;phot.mag;em.opt
# - 
#   name: geom_model_gaussian1_phase
#   datatype: float32
#   description: Phase of the Gaussian 1 component
#   meta:
#     ucd: time.phase
# - 
#   name: geom_model_gaussian1_phase_error
#   datatype: float32
#   description: "Uncertainty of \\texttt{geomModelGaussian1Phase}"
#   meta:
#     ucd: stat.error;time.phase
# - 
#   name: geom_model_gaussian1_sigma
#   datatype: float32
#   description: "Standard deviation [phase] of Gaussian 1 component"
#   meta:
#     ucd: stat.stdev
# - 
#   name: geom_model_gaussian1_sigma_error
#   datatype: float32
#   description: "Uncertainty of \\texttt{geomModelGaussian1Sigma}"
#   meta:
#     ucd: stat.error
# - 
#   name: geom_model_gaussian1_depth
#   datatype: float32
#   unit: mag
#   description: Magnitude depth of Gaussian 1 component
#   meta:
#     ucd: src.var.amplitude
# - 
#   name: geom_model_gaussian1_depth_error
#   datatype: float32
#   unit: mag
#   description: "Uncertainty of \\texttt{geomModelGaussian1Depth}"
#   meta:
#     ucd: stat.error;src.var.amplitude
# - 
#   name: geom_model_gaussian2_phase
#   datatype: float32
#   description: Phase of Gaussian 2 component
#   meta:
#     ucd: time.phase
# - 
#   name: geom_model_gaussian2_phase_error
#   datatype: float32
#   description: "Uncertainty of \\texttt{geomModelGaussian2Phase}"
#   meta:
#     ucd: stat.error;time.phase
# - 
#   name: geom_model_gaussian2_sigma
#   datatype: float32
[...]
#   datatype: float32
#   description: "Secondary eclipse: uncertainty of \\texttt{derivedSecondaryEclDuration}"
#   meta:
#     ucd: stat.error;time.duration
# - 
#   name: derived_secondary_ecl_depth
#   datatype: float32
#   unit: mag
#   description: "Secondary eclipse: depth"
#   meta:
#     ucd: src.var.amplitude
# - 
#   name: derived_secondary_ecl_depth_error
#   datatype: float32
#   unit: mag
#   description: "Secondary eclipse: uncertainty of \\texttt{derivedSecondaryEclDepth}"
#   meta:
#     ucd: stat.error;src.var.amplitude
solution_id,source_id,global_ranking,reference_time,frequency,frequency_error,geom_model_reference_level,geom_model_reference_level_error,geom_model_gaussian1_phase,geom_model_gaussian1_phase_error,geom_model_gaussian1_sigma,geom_model_gaussian1_sigma_error,geom_model_gaussian1_depth,geom_model_gaussian1_depth_error,geom_model_gaussian2_phase,geom_model_gaussian2_phase_error,geom_model_gaussian2_sigma,geom_model_gaussian2_sigma_error,geom_model_gaussian2_depth,geom_model_gaussian2_depth_error,geom_model_cosine_half_period_amplitude,geom_model_cosine_half_period_amplitude_error,geom_model_cosine_half_period_phase,geom_model_cosine_half_period_phase_error,model_type,num_model_parameters,reduced_chi2,derived_primary_ecl_phase,derived_primary_ecl_phase_error,derived_primary_ecl_duration,derived_primary_ecl_duration_error,derived_primary_ecl_depth,derived_primary_ecl_depth_error,derived_secondary_ecl_phase,derived_secondary_ecl_phase_error,derived_secondary_ecl_duration,derived_secondary_ecl_duration_error,derived_secondary_ecl_depth,derived_secondary_ecl_depth_error
[from data line 542]
375316653866487564,1830463594986018048,0.5854782,2219.454672292502,1.9744348994888055,4.4425424E-6,13.610667,0.11023177,0.246422,0.0037428858,0.31161228,0.018043557,1.4828303,0.105442256,0.73700726,0.0019900254,0.1600732,0.010884415,0.71477294,0.14195012,null,null,null,null,"TWOGAUSSIANS",8,21.514656,0.73700726,0.0019900254,0.4,0.0,0.18604282,0.005716708,0.24998198,0.0031388772,0.4,0.0,0.16323823,0.0023338187
375316653866487564,1830463766784466304,0.5720134,2233.3574498799135,0.02253145060449621,1.3200803E-4,15.637223,8.694336E-4,0.33683306,0.0022046901,0.0046192035,0.0016769697,0.32531387,0.1522388,0.55879104,0.0010653978,0.0041822544,7.051616E-4,0.10968684,0.021256572,null,null,null,null,"TWOGAUSSIANS",8,12.109316,0.33683306,0.0022046901,0.02586754,0.00939103,0.32531387,0.1522388,0.55879104,0.0010653978,0.023420626,0.003948905,0.10968684,0.021256572
375316653866487564,1830463801144194176,0.5942485,2235.120810900903,2.5655487540652384,3.976549E-6,18.372225,0.0053691515,0.12740725,9.17004E-4,0.081218116,0.0019397505,0.30477217,0.006321518,0.6297294,0.002315031,0.08237864,0.0034635123,0.28037918,0.0062166713,null,null,null,null,"TWOGAUSSIANS",8,1.2185205,0.12740725,9.17004E-4,0.4,0.0,0.2995307,0.0057847146,0.6297294,0.002315031,0.4,0.0,0.27513775,0.0056877835
375316653866487564,1830464552744792576,0.5334015,2238.173599231389,3.5400341571859384,7.350084E-6,17.752218,0.023315985,0.23891622,0.0031828617,0.08751214,0.008105503,0.45263022,0.019674389,0.7187876,0.006622579,0.09019119,0.01260321,0.34324113,0.029152649,null,null,null,null,"TWOGAUSSIANS",8,16.56416,0.23891622,0.0031828617,0.4,0.0,0.44179595,0.017032374,0.7187876,0.006622579,0.4,0.0,0.3324067,0.029737627
375316653866487564,1830465106814221568,0.44764572,2240.4670599610417,0.2737376361887055,3.922467E-5,16.625383,0.0014120227,0.19407459,0.0062131663,0.046114203,0.0066884207,0.048209693,0.008291083,0.6953171,0.011607221,0.047230195,0.006805227,0.030751258,0.004351911,null,null,null,null,"TWOGAUSSIANS",8,6.1547766,0.19407459,0.0062131663,0.25823954,0.037455156,0.04820965,0.008291172,0.6953171,0.011607221,0.26448908,0.038109273,0.030751215,0.0043519167
375316653866487564,1830465858414915328,0.4837643,2241.640070274749,2.837942337541324,3.5688026E-5,17.687134,0.11892237,0.24511304,0.0088073565,0.111929744,0.057640933,0.1155959,0.115829006,0.74800706,0.008238963,0.11923808,0.04766359,0.13080692,0.11357938,null,null,null,null,"TWOGAUSSIANS",8,6.9068685,0.748017,0.007971967,0.4,0.0,0.107711524,0.007888126,0.24510305,0.009218133,0.4,0.0,0.09252965,0.011165827
375316653866487564,1830466137584586752,0.55884594,2246.700569740032,2.957394725764368,7.084333E-6,17.803764,0.0036522876,0.27582186,0.0030525203,0.07217673,0.0040173656,0.18927293,0.005183632,0.77779967,0.0018060316,0.06742534,0.002764179,0.14779235,0.0048253997,null,null,null,null,"TWOGAUSSIANS",8,2.3306024,0.27582186,0.0030525203,0.4,0.0025144897,0.18875022,0.0051335366,0.77779967,0.0018060316,0.3775819,0.015479403,0.14726965,0.0047263843
375316653866487564,1830466515563499392,0.5975852,2240.996288755703,3.0686962004514813,4.665261E-6,17.817387,0.0086981505,0.25753328,0.0027898806,0.0544486,0.003746471,0.38093898,0.023625473,0.75437295,0.0020431182,0.04732034,0.0033138813,0.36250374,0.032546703,0.10461064,0.0102431,0.25753328,0.0027898806,"TWOGAUSSIANS_WITH_ELLIPSOIDAL_ON_ECLIPSE1",9,9.136315,0.25753328,0.0027898806,0.30491218,0.020980237,0.5901497,0.017368365,0.75466293,0.0017396626,0.2649939,0.018557735,0.5716396,0.034819335
375316653866487564,1830467168399614208,0.49092805,2217.7924109012934,4.148093649418708,1.9349845E-5,18.021723,0.003767785,0.25214705,0.010825476,0.07522491,0.008850965,0.12964417,0.008635767,0.75956076,0.0039378037,0.07431064,0.006720866,0.16385806,0.013520842,null,null,null,null,"TWOGAUSSIANS",8,5.162752,0.75956076,0.0039378037,0.4,0.0,0.16293819,0.013912585,0.25214705,0.010825476,0.4,0.013325671,0.1287243,0.008502154
375316653866487564,1830468332313657472,0.45331478,2227.0153975118014,3.391670664290715,2.5060945E-5,19.761246,0.023759512,0.25056106,0.0075600147,0.08867197,0.015319259,0.26107526,0.02323341,0.75345415,0.011212918,0.07145418,0.015031938,0.32105032,0.04154999,null,null,null,null,"TWOGAUSSIANS",8,3.1549447,0.75345415,0.011212918,0.4,0.041789345,0.31695294,0.043518614,0.25056106,0.0075600147,0.4,0.0,0.2569778,0.021350918
375316653866487564,1830468783307352960,0.49687886,2225.6368259704536,1.619616233286726,2.088474E-5,16.652252,0.005791958,0.2816495,0.0112078795,0.09177277,0.017574871,0.058181282,0.0061962125,0.73691624,0.004635587,0.06988043,0.0046755685,0.20776796,0.014142789,null,null,null,null,"TWOGAUSSIANS",8,21.439756,0.73691624,0.004635587,0.39133042,0.02379358,0.20710298,0.014066935,0.2816495,0.0112078795,0.4,0.0,0.05751604,0.0059671835
375316653866487564,1830469745379908096,0.61196977,2238.880167071818,1.9243183231209584,2.4097249E-6,13.532259,0.0017512643,0.22797506,0.001950764,0.038643207,0.0044787936,0.030424451,0.0076144664,0.727334,0.0010373387,0.049716264,0.0013681377,0.14938742,0.0037300235,0.04710009,0.0021225144,0.22797506,0.001950764,"TWOGAUSSIANS_WITH_ELLIPSOIDAL_ON_ECLIPSE1",9,28.854942,0.72740406,8.94637E-4,0.2784111,0.007661571,0.24358578,0.0021335836,0.22797506,0.001950764,0.21640196,0.025081245,0.12462418,0.0065110475
375316653866487564,1830469779720997504,0.4696494,2207.6675802383024,3.3457164207934853,3.0442E-5,18.967346,0.005018312,null,null,null,null,null,null,null,null,null,null,null,null,0.08217396,0.0068877456,0.23725691,0.006740758,"ELLIPSOIDAL",4,4.9666104,null,null,null,null,null,null,null,null,null,null,null,null
375316653866487564,1830470084660679936,0.51512694,2196.685672814419,4.162407574151515,1.5361346E-5,19.042685,0.022859674,0.25699285,0.00398774,0.11340558,0.01240456,0.24996656,0.01960362,0.7452235,0.0056208433,0.09979825,0.0109198205,0.25340334,0.023071209,null,null,null,null,"TWOGAUSSIANS",8,1.7866406,0.7452235,0.0056208433,0.4,0.0,0.22528933,0.015147312,0.25699285,0.0039877603,0.4,0.0,0.22182159,0.008817063
375316653866487564,1830470432556308224,0.4444079,2230.544576563557,2.4758947434070935,4.406929E-5,19.758966,0.009149732,0.19594708,0.008569591,0.046972953,0.0091814725,0.11170037,0.022408191,null,null,null,null,null,null,0.066168115,0.014059395,0.19594708,0.008569591,"ONEGAUSSIAN_WITH_ELLIPSOIDAL",6,3.9988832,0.19594708,0.008569591,0.26304856,0.051416248,0.24403653,0.015805164,null,null,null,null,null,null
375316653866487564,1830471051054526464,0.50927794,2231.47060237178,3.0929732131202314,1.5486441E-5,16.965641,0.01199928,0.19191618,0.0047087567,0.09540086,0.008409089,0.18868409,0.013109214,0.68162274,0.0036239785,0.09157689,0.0073710154,0.16322035,0.011855676,null,null,null,null,"TWOGAUSSIANS",8,14.8932905,0.19191618,0.0047087567,0.4,0.0,0.18020436,0.0090961205,0.68162274,0.0036239785,0.4,0.0,0.15474096,0.0078053335
375316653866487564,1830471596489012096,0.5763686,2202.853654737036,3.6237109039836506,4.573811E-6,18.429466,0.0067574796,0.26683807,0.0020791169,0.07483228,0.0027144589,0.52405226,0.011939944,0.7682458,0.0016159837,0.07576584,0.0024943394,0.46151748,0.013848388,null,null,null,null,"TWOGAUSSIANS",8,3.5115843,0.26683807,0.0020791169,0.4,0.0,0.5202026,0.011908381,0.7682458,0.0016159837,0.4,0.0,0.4576678,0.01404213
375316653866487564,1830472867799450880,0.518928,2238.6309908799453,2.7281825274652864,1.3032192E-5,17.522364,0.015590209,0.24968283,0.0051478795,0.09861197,0.00863494,0.24554445,0.016579617,0.75595814,0.007806087,0.087941565,0.0096404785,0.24944124,0.015877893,null,null,null,null,"TWOGAUSSIANS",8,17.194298,0.75595814,0.007806087,0.4,0.0,0.23701836,0.009806751,0.24968283,0.0051478795,0.4,0.0,0.23312028,0.011634188
375316653866487564,1830472867799453568,0.5430624,2214.7169714839238,2.5201716241462457,8.814446E-6,19.572302,0.011206538,0.24028243,0.004130695,0.052767932,0.0054471693,0.7909072,0.03677327,0.74600214,0.0041715517,0.06274654,0.008034066,0.346983,0.02195703,null,null,null,null,"TWOGAUSSIANS",8,3.8047676,0.24028243,0.004130695,0.29550043,0.030504147,0.79083824,0.036832154,0.74600214,0.0041715517,0.35138062,0.04499077,0.34691408,0.022054907
375316653866487564,1830473829872174336,0.5448202,2231.3090517379987,3.386830519316816,9.497554E-6,17.537828,0.062024053,0.2389763,0.0027303589,0.12410462,0.023622675,0.23419814,0.056820866,0.73478186,0.0025551454,0.12451574,0.02248759,0.24706656,0.057968218,null,null,null,null,"TWOGAUSSIANS",8,5.1808186,0.73478186,0.0025551454,0.4,0.0,0.18566795,0.0068672216,0.23901631,0.0027692623,0.4,0.0,0.17281546,0.008746303
375316653866487564,1830474349585047808,0.5294343,2232.9021186538216,0.0346138875736784,1.2471003E-6,15.144366,0.035665765,0.417807,0.023505623,0.19421479,0.1540321,0.021881437,0.03372358,0.6515869,0.0016055758,0.0012071125,0.0010491026,0.2503992,0.4815778,null,null,null,null,"TWOGAUSSIANS",8,23.184366,0.6515869,0.0016055758,0.00675983,0.0058749747,0.25941992,0.4816531,0.417807,0.023505623,0.4,0.0,0.020289753,0.0037375912
375316653866487564,1830474727542843776,0.4807195,2229.6084513634237,2.6620135618288905,1.918743E-5,17.260372,0.08729581,0.25308305,0.007721568,0.12457428,0.052718796,0.13246459,0.07765145,0.73489136,0.009361079,0.11127312,0.034300044,0.1084676,0.079399034,null,null,null,null,"TWOGAUSSIANS",8,8.030985,0.25311306,0.007425082,0.4,0.0,0.11094203,0.008839983,0.73489136,0.009361079,0.4,0.0,0.08703167,0.005258526
375316653866487564,1830475307343543040,0.57805085,2231.421633467597,0.08097916334030791,1.0840719E-6,17.873695,0.0010830793,0.9560332,0.0031766356,0.008374927,0.007030872,0.012806576,0.2203854,0.8053474,4.179037E-5,0.004500604,3.7384347E-5,0.48608056,0.0013209676,null,null,null,null,"TWOGAUSSIANS",8,1.4250373,0.8053474,4.179037E-5,0.02520338,2.0935234E-4,0.48608056,0.0013209676,0.9560332,0.0031766356,0.046899587,0.039372884,0.012806576,0.2203854
375316653866487564,1830475517816304256,0.54524964,2211.3191782016993,0.5813006341401076,2.318361E-6,15.222109,8.5651455E-4,0.20338926,5.1945675E-4,0.017440366,5.9279916E-4,0.09848723,0.003363912,0.70249325,4.229834E-4,0.016330678,6.3798233E-4,0.16290344,0.014841188,0.005175372,0.0011929349,0.20338926,5.1945675E-4,"TWOGAUSSIANS_WITH_ELLIPSOIDAL_ON_ECLIPSE1",9,8.953717,0.70249325,4.229834E-4,0.091451794,0.003572701,0.17325386,0.015053248,0.20338926,5.1945675E-4,0.097666055,0.0033196753,0.10883797,0.0032692803
375316653866487564,1830476067571792768,0.5928153,2209.4048314496745,0.898439159694024,1.0092105E-5,17.075539,0.0021270877,0.18898788,0.0011028236,0.048895802,0.0011113707,0.32371035,0.0089958375,0.6863406,0.0051617166,0.054252975,0.0061112777,0.12527518,0.011355822,null,null,null,null,"TWOGAUSSIANS",8,5.973197,0.18898788,0.0011028236,0.2738165,0.0062236763,0.3237076,0.008995949,0.6863406,0.0051617166,0.30381665,0.034223154,0.12527247,0.011358504
375316653866487564,1830476887891087616,0.5353801,2205.3693327007395,2.2586437612724994,7.519677E-6,18.496384,0.004680729,0.22272104,0.0027867267,0.042102512,0.008332852,0.09610283,0.041382108,0.7318816,0.0057936134,0.042136367,0.005214835,0.1334376,0.012917054,0.09867809,0.008496357,0.22272104,0.0027867267,"TWOGAUSSIANS_WITH_ELLIPSOIDAL_ON_ECLIPSE1",9,3.2097669,0.7318816,0.0057936134,0.23596366,0.029203076,0.3301402,0.009188055,0.22272104,0.0027867267,0.23577406,0.046663973,0.29345852,0.040670242
375316653866487564,1830478021762848768,0.524307,2187.1651369289275,3.6376362470776704,1.5428493E-5,18.943216,0.11377724,0.26589227,0.00811063,0.03757582,0.019723164,0.52219415,0.2514954,0.75471836,0.01620839,0.05212736,0.032731205,0.7787725,0.17921047,0.13719137,0.13663623,0.26589227,0.00811063,"TWOGAUSSIANS_WITH_ELLIPSOIDAL_ON_ECLIPSE1",9,21.167643,0.75549835,0.0144690275,0.2919132,0.18329474,1.0518966,0.3793935,0.26589227,0.00811063,0.21042459,0.110449724,0.796574,0.11652454
375316653866487564,1830478743318214528,0.4824402,2210.0690672096093,4.084364228762866,1.1570566E-5,17.934109,0.009662434,0.2545168,0.00516519,0.085920796,0.009764403,0.13989796,0.010307289,0.7400343,0.008775964,0.09636393,0.011534811,0.13416226,0.009638851,null,null,null,null,"TWOGAUSSIANS",8,4.769447,0.2545168,0.00516519,0.4,0.0,0.13481061,0.008654991,0.7400343,0.008775964,0.4,0.0,0.12907444,0.0065723723
375316653866487564,1830478988149525760,0.6450491,2224.938352150704,1.5573766598535097,4.4380868E-6,14.855771,0.0055920775,0.2731178,9.2373136E-4,0.042330425,0.0018038865,0.67046225,0.038252525,0.7763651,0.0011597743,0.03799883,0.0023933644,0.21019275,0.012868519,0.1348706,0.008028175,0.2731178,9.2373136E-4,"TWOGAUSSIANS_WITH_ELLIPSOIDAL_ON_ECLIPSE1",9,81.77114,0.2731178,9.2373136E-4,0.23705038,0.010101764,0.94020337,0.041818783,0.7763651,0.0011597743,0.21279344,0.01340284,0.47982156,0.0062176036
375316653866487564,1830480530022492672,0.58416814,2210.3860016481585,2.9807025230547004,7.029298E-6,10.927782,0.009876567,0.29533306,0.0031638015,0.103442445,0.005225866,0.22125126,0.010111134,0.782829,0.0028443579,0.10469945,0.0063796747,0.19562535,0.010211239,null,null,null,null,"TWOGAUSSIANS",8,132.75688,0.29534304,0.0031720814,0.4,0.0,0.20119795,0.0049929307,0.782829,0.0028443579,0.4,0.0,0.17557134,0.005476477
375316653866487564,1830480774856109952,0.5212512,2203.864759491247,2.829005608799604,9.839874E-6,17.304176,0.019735087,0.20553654,0.0033617744,0.10306321,0.012673942,0.18019281,0.016754584,0.70983446,0.0025438198,0.10917092,0.008694523,0.19216575,0.019544873,null,null,null,null,"TWOGAUSSIANS",8,6.4862905,0.70983446,0.0025438198,0.4,0.0,0.1700407,0.008201582,0.20553654,0.0033748534,0.4,0.0,0.1580758,0.0069560497
375316653866487564,1830481152817633664,0.4223298,2220.3591766934096,0.524537974610796,4.888545E-5,16.39496,0.08065431,0.22747067,0.10859926,0.0901,0.28141654,0.034935333,0.066463776,0.65634084,0.013850518,0.0533797,0.08732912,0.09760622,0.02030464,null,null,null,null,"TWOGAUSSIANS",8,22.302881,0.65634084,0.013850518,0.29892632,0.120636836,0.09757137,0.035209503,0.22747067,0.10767408,0.4,0.011059371,0.03490007,0.021177433
375316653866487564,1830483076958481152,0.6199133,2201.333125156707,0.659909169915738,2.726124E-6,15.153508,0.0034692164,0.24089085,0.0045495788,0.035352718,0.0044230134,0.09317782,0.02168153,0.74056613,7.65929E-4,0.04448,9.767382E-4,0.49276575,0.009667265,0.023386467,0.0059154634,0.24089085,0.0045495788,"TWOGAUSSIANS_WITH_ELLIPSOIDAL_ON_ECLIPSE1",9,33.072033,0.74056613,7.490402E-4,0.24908799,0.0054697334,0.5395384,0.0072656595,0.24089085,0.0045495788,0.19797522,0.024768874,0.13995066,0.019815624
375316653866487564,1830483862920056832,0.513242,2207.0704556331607,3.914760650115117,1.596196E-5,18.885216,0.028793598,0.29140416,0.0040392424,0.09158864,0.011066298,0.2702471,0.029358732,0.757542,0.004065406,0.09576369,0.016133945,0.2784956,0.019260455,null,null,null,null,"TWOGAUSSIANS",8,2.6699202,0.757542,0.004065406,0.4,0.0,0.2690298,0.018416777,0.29140416,0.0040360726,0.4,0.0,0.2607827,0.020524614
375316653866487564,1830484275237120384,0.58416665,2237.123705900968,2.612668241437085,5.693704E-6,18.538946,0.0067300745,0.29190764,0.002538993,0.08334366,0.0032179256,0.46834955,0.012187569,0.79616594,0.0021336142,0.087354355,0.0028027247,0.46777156,0.013565638,null,null,null,null,"TWOGAUSSIANS",8,2.9447803,0.29190764,0.002538993,0.4,0.0,0.4564305,0.012205033,0.79616594,0.0021336142,0.4,0.0,0.45585245,0.014044348
375316653866487564,1830484996789238272,0.57760453,2208.277419760789,1.333711294085328,6.808525E-6,19.07674,0.004588176,0.288773,0.0027136072,0.045526333,0.0023319551,0.5231769,0.020013746,0.7949381,0.008639432,0.04464978,0.006097096,0.119294606,0.0102809025,null,null,null,null,"TWOGAUSSIANS",8,1.9736885,0.288773,0.0027136072,0.25494748,0.013058949,0.52317685,0.020013759,0.7949381,0.008639432,0.25003877,0.03414374,0.11929453,0.010280948
