Gaia/vari_eclipsing_binary/VariEclipsingBinary_469897-470028.csv
# %ECSV 1.0
# ---
# delimiter: ','
# meta: !!omap
# - RELEASE: Gaia DR3
# - TABLE: vari_eclipsing_binary
# - DESCRIPTION: >
#     This table describes the properties of the eclipsing binaries resulting from the variability analysis. 
# - CITATION: >
#     How to cite and acknowledge Gaia: 
#     https://gea.esac.esa.int/archive/documentation/credits.html 
# - KNOWN_ISSUES: >
#     Known issues: 
#     https://www.cosmos.esa.int/web/gaia-users/known-issues 
# - DOCUMENTATION: >
#     Tutorials and documentation: 
#     https://www.cosmos.esa.int/web/gaia-users/archive 
# datatype:
# - 
#   name: solution_id
#   datatype: int64
#   description: Solution Identifier
#   meta:
#     ucd: meta.version
# - 
#   name: source_id
#   datatype: int64
#   description: Unique source identifier
#   meta:
#     ucd: meta.id;meta.main
# - 
#   name: global_ranking
#   datatype: float32
#   description: Number between 0 (worst) and 1 (best)
#   meta:
#     ucd: stat.param
# - 
#   name: reference_time
#   datatype: float64
#   unit: d
#   description: Reference time used for the geometric model fit
#   meta:
#     ucd: time.epoch
# - 
#   name: frequency
#   datatype: float64
#   unit: d**-1
#   description: Frequency of geometric model of the eclipsing binary light curve
#   meta:
#     ucd: src.orbital
# - 
#   name: frequency_error
#   datatype: float32
#   unit: d**-1
#   description: "Uncertainty of \\texttt{frequency}"
#   meta:
#     ucd: stat.error
# - 
#   name: geom_model_reference_level
#   datatype: float32
#   unit: mag
#   description: Magnitude reference level of geometric model
#   meta:
#     ucd: phot.mag;em.opt
# - 
#   name: geom_model_reference_level_error
#   datatype: float32
#   unit: mag
#   description: "Uncertainty of \\texttt{geomModelReferenceLevel}"
#   meta:
#     ucd: stat.error;phot.mag;em.opt
# - 
#   name: geom_model_gaussian1_phase
#   datatype: float32
#   description: Phase of the Gaussian 1 component
#   meta:
#     ucd: time.phase
# - 
#   name: geom_model_gaussian1_phase_error
#   datatype: float32
#   description: "Uncertainty of \\texttt{geomModelGaussian1Phase}"
#   meta:
#     ucd: stat.error;time.phase
# - 
#   name: geom_model_gaussian1_sigma
#   datatype: float32
#   description: "Standard deviation [phase] of Gaussian 1 component"
#   meta:
#     ucd: stat.stdev
# - 
#   name: geom_model_gaussian1_sigma_error
#   datatype: float32
#   description: "Uncertainty of \\texttt{geomModelGaussian1Sigma}"
#   meta:
#     ucd: stat.error
# - 
#   name: geom_model_gaussian1_depth
#   datatype: float32
#   unit: mag
#   description: Magnitude depth of Gaussian 1 component
#   meta:
#     ucd: src.var.amplitude
# - 
#   name: geom_model_gaussian1_depth_error
#   datatype: float32
#   unit: mag
#   description: "Uncertainty of \\texttt{geomModelGaussian1Depth}"
#   meta:
#     ucd: stat.error;src.var.amplitude
# - 
#   name: geom_model_gaussian2_phase
#   datatype: float32
#   description: Phase of Gaussian 2 component
#   meta:
#     ucd: time.phase
# - 
#   name: geom_model_gaussian2_phase_error
#   datatype: float32
#   description: "Uncertainty of \\texttt{geomModelGaussian2Phase}"
#   meta:
#     ucd: stat.error;time.phase
# - 
#   name: geom_model_gaussian2_sigma
#   datatype: float32
[...]
#   datatype: float32
#   description: "Secondary eclipse: uncertainty of \\texttt{derivedSecondaryEclDuration}"
#   meta:
#     ucd: stat.error;time.duration
# - 
#   name: derived_secondary_ecl_depth
#   datatype: float32
#   unit: mag
#   description: "Secondary eclipse: depth"
#   meta:
#     ucd: src.var.amplitude
# - 
#   name: derived_secondary_ecl_depth_error
#   datatype: float32
#   unit: mag
#   description: "Secondary eclipse: uncertainty of \\texttt{derivedSecondaryEclDepth}"
#   meta:
#     ucd: stat.error;src.var.amplitude
solution_id,source_id,global_ranking,reference_time,frequency,frequency_error,geom_model_reference_level,geom_model_reference_level_error,geom_model_gaussian1_phase,geom_model_gaussian1_phase_error,geom_model_gaussian1_sigma,geom_model_gaussian1_sigma_error,geom_model_gaussian1_depth,geom_model_gaussian1_depth_error,geom_model_gaussian2_phase,geom_model_gaussian2_phase_error,geom_model_gaussian2_sigma,geom_model_gaussian2_sigma_error,geom_model_gaussian2_depth,geom_model_gaussian2_depth_error,geom_model_cosine_half_period_amplitude,geom_model_cosine_half_period_amplitude_error,geom_model_cosine_half_period_phase,geom_model_cosine_half_period_phase_error,model_type,num_model_parameters,reduced_chi2,derived_primary_ecl_phase,derived_primary_ecl_phase_error,derived_primary_ecl_duration,derived_primary_ecl_duration_error,derived_primary_ecl_depth,derived_primary_ecl_depth_error,derived_secondary_ecl_phase,derived_secondary_ecl_phase_error,derived_secondary_ecl_duration,derived_secondary_ecl_duration_error,derived_secondary_ecl_depth,derived_secondary_ecl_depth_error
375316653866487564,4133259238983964288,0.4591459,2228.663100542978,0.24732076345292311,1.5283999E-4,16.85922,0.008952741,0.13629372,0.013358673,0.06620387,0.012912809,0.05364808,0.0105091855,0.64665025,0.010376187,0.060344767,0.031592455,0.17851922,0.08340238,null,null,null,null,"TWOGAUSSIANS",8,19.169931,0.64665025,0.010376187,0.3379307,0.06613567,0.17846408,0.084549844,0.13629372,0.013358673,0.3707417,0.056480285,0.053592943,0.009905003
375316653866487564,4133259548222018048,0.6262929,2242.19448246871,1.7063456328865216,3.6955555E-6,15.245341,0.010574967,0.24699633,0.0019680192,0.08196825,0.0047875405,0.3556878,0.016845424,0.7626761,0.0023319148,0.09133744,0.0045113903,0.3376069,0.0108228745,null,null,null,null,"TWOGAUSSIANS",8,33.970722,0.24699633,0.0019680192,0.4,0.0,0.34743255,0.017758459,0.7626761,0.0023319148,0.4,0.0,0.32935137,0.008881453
375316653866487564,4133260304136254720,0.56175095,2231.014001798861,0.3388266978953564,5.753385E-5,16.900324,0.0029295322,0.27417693,0.036093045,0.02950116,0.031063443,0.32603392,1.7112204E7,0.76875377,0.0045097372,0.017965786,0.0042473217,0.06557952,0.013429662,0.00728903,0.0042090896,0.27417693,0.036093045,"TWOGAUSSIANS_WITH_ELLIPSOIDAL_ON_ECLIPSE1",9,7.545157,0.27417693,0.036093045,0.1652065,0.17395529,0.34061196,1.7112204E7,0.76878375,0.0044668466,0.10060841,0.023785,0.08014074,0.014150438
375316653866487564,4133263018555226496,0.63875264,2252.483647877067,2.521340404652987,9.680395E-6,14.165652,0.004890042,0.27129978,0.00372611,0.04653066,0.0037796386,0.21290533,0.026039142,0.77388173,9.768653E-4,0.044846978,0.0031890003,0.21356381,0.013928857,0.11343521,0.006884955,0.77388173,9.768653E-4,"TWOGAUSSIANS_WITH_ELLIPSOIDAL_ON_ECLIPSE2",9,81.263626,0.77388173,9.768653E-4,0.2511431,0.017858403,0.44043386,0.0127986325,0.2716998,0.0030756164,0.26057172,0.021165976,0.4397249,0.024597967
375316653866487564,4133270539042457344,0.49501464,2204.5735897187665,3.554044649024586,3.1053172E-5,19.722637,0.0086076595,0.28026548,0.008645507,0.079988174,0.009742676,0.28350642,0.03994108,0.77305484,0.0046630525,0.084451586,0.006707868,0.2692647,0.020435566,null,null,null,null,"TWOGAUSSIANS",8,1.3693862,0.28026548,0.008645507,0.4,0.0,0.27876478,0.040857743,0.77305484,0.0046630525,0.4,0.0,0.26452306,0.021656739
375316653866487564,4133271402331532288,0.49744946,2213.2195619989684,2.804072700152898,2.1721658E-5,17.368258,0.04388467,0.1960373,0.0046006306,0.10765892,0.020217376,0.18088183,0.040718023,0.68869495,0.0053004287,0.11416781,0.03219743,0.17639533,0.02829023,null,null,null,null,"TWOGAUSSIANS",8,6.9305086,0.1960573,0.004604656,0.4,0.0,0.15480493,0.010645208,0.68869495,0.0053004287,0.4,0.0,0.15030123,0.019941188
375316653866487564,4133278171200282368,0.5185718,2226.5958621593804,2.8415609929997045,5.18948E-6,18.350895,0.011609809,0.2551082,0.0028925121,0.017904978,0.007154093,0.73312044,1.995983,0.7297188,0.023387318,0.037818003,0.018769752,0.31795466,0.10938859,0.028371045,0.013576609,0.2551082,0.0028925121,"TWOGAUSSIANS_WITH_ELLIPSOIDAL_ON_ECLIPSE1",9,12.849903,0.2551082,0.0028925121,0.10026788,0.040062923,0.78986245,1.9972786,0.7302088,0.02282367,0.21178082,0.10511061,0.37329254,0.10734585
375316653866487564,4133281774677267072,0.5225432,2205.228198389025,2.5300263257584645,1.3750546E-5,18.772238,0.015170527,0.24174513,0.0027255164,0.08055842,0.00590155,0.32563427,0.018944813,0.7532351,0.0038604848,0.09333942,0.007886569,0.2813199,0.017243527,null,null,null,null,"TWOGAUSSIANS",8,2.6500227,0.24174513,0.0027255164,0.4,0.0,0.317705,0.018471843,0.7532351,0.0038604848,0.4,0.0,0.2733902,0.016269304
375316653866487564,4133287173452456320,0.57559514,2259.352911587285,3.511171476747612,1.9907371E-5,16.437708,0.004504979,0.24080372,0.0075111827,0.011328335,0.011731181,0.24585372,0.28499973,0.73057556,0.0023810766,0.027491156,0.012785475,0.13489261,0.048290804,0.13543306,0.006015702,0.73057556,0.0023810766,"TWOGAUSSIANS_WITH_ELLIPSOIDAL_ON_ECLIPSE2",9,25.458134,0.24069372,0.007202234,0.06343868,0.065694615,0.51561487,0.2876669,0.73057556,0.0023810766,0.15395047,0.07159866,0.40575862,0.050191335
375316653866487564,4133291429764082176,0.48363242,2252.596636990638,3.3671309005827528,2.7773458E-5,18.866499,0.005473285,0.32678455,0.008661799,0.0424949,0.0069157295,0.1461258,0.056230623,0.82547706,0.004222022,0.0379359,0.005469246,0.26221576,0.022221828,null,null,null,null,"TWOGAUSSIANS",8,3.1749933,0.82547706,0.004222022,0.21244104,0.030627776,0.26221576,0.022221832,0.32678455,0.008661799,0.23797144,0.038728084,0.1461258,0.056230623
375316653866487564,4133292361772978304,0.53081787,2239.993770733478,3.184680471407956,3.408187E-5,18.949764,0.05113975,0.26852787,0.005883383,0.10823433,0.023740843,0.22230735,0.046711147,0.7806719,0.009647766,0.10201104,0.02532135,0.22890778,0.047991343,null,null,null,null,"TWOGAUSSIANS",8,2.8050845,0.7806819,0.009638421,0.4,0.0,0.20572513,0.011723986,0.26852787,0.005911235,0.4,0.0,0.19911629,0.011238539
375316653866487564,4133294423356810368,0.5926846,2242.121995463737,4.385859956644214,1.0572449E-5,18.493355,0.019298606,0.2555254,0.0013612865,0.047678657,0.005119197,0.34629795,0.0424327,0.76352483,0.007111008,0.045451753,0.008018943,0.32026556,0.04467723,0.13066244,0.025982141,0.2555254,0.0013612865,"TWOGAUSSIANS_WITH_ELLIPSOIDAL_ON_ECLIPSE1",9,4.9137626,0.2555254,0.0013612865,0.26700047,0.028667504,0.60762244,0.021602495,0.76352483,0.007111008,0.2545298,0.04490608,0.5809304,0.023749052
375316653866487564,4133299641739715584,0.6138222,2230.326213152631,3.0534691939993865,3.8039514E-6,18.765152,0.00547843,0.2946568,0.0026938864,0.074835286,0.0028579386,0.50363845,0.011815854,0.7907906,0.0010375321,0.07537044,0.0027822955,0.55291677,0.032867625,null,null,null,null,"TWOGAUSSIANS",8,1.6911272,0.7907906,0.0010375321,0.4,0.0,0.5491148,0.03359645,0.2946568,0.0026938864,0.4,0.0,0.4998365,0.011989088
375316653866487564,4133301432743468928,0.586037,2239.7495995879217,2.218990042103418,1.486886E-5,18.82565,0.01331794,0.27856493,0.0025961748,0.06673613,0.0043335306,0.43962035,0.013753803,0.79193467,0.0122890575,0.07916221,0.024432931,0.13588734,0.02682274,null,null,null,null,"TWOGAUSSIANS",8,2.7096732,0.27856493,0.0025961748,0.3737223,0.024267772,0.4386895,0.01212404,0.79193467,0.0122890575,0.4,0.014281953,0.13495648,0.02833171
375316653866487564,4133304933139410944,0.44507846,2260.227657714321,3.576335409859282,7.4703465E-5,19.569374,0.06462535,0.16249289,0.010269245,0.11302273,0.03266047,0.22686562,0.059251256,0.66909206,0.009165775,0.105842076,0.024441365,0.23352408,0.062428266,null,null,null,null,"TWOGAUSSIANS",8,3.4111128,0.669102,0.00918606,0.4,0.0,0.20199142,0.020760158,0.16249289,0.010280597,0.4,0.0,0.19531356,0.027518215
375316653866487564,4133306517984883200,0.620971,2246.588396782268,1.7271217040213038,9.678436E-6,16.903727,0.008711055,0.26474687,0.0015794615,0.09133449,0.003239359,0.3513673,0.008943312,0.7687458,0.0037934198,0.09688331,0.0056727575,0.24251673,0.008460597,null,null,null,null,"TWOGAUSSIANS",8,4.5895286,0.26474687,0.0015794615,0.4,0.0,0.33533132,0.007313613,0.7687458,0.0037934198,0.4,0.0,0.22648017,0.0068997666
375316653866487564,4133309984022728064,0.450335,2255.5688029652038,3.7785223630055134,4.6001252E-5,18.522232,0.010243394,0.28681275,0.008654556,0.07535055,0.010601505,0.14429884,0.018428545,0.76260036,0.008877068,0.10197773,0.0130515,0.10954308,0.010890112,null,null,null,null,"TWOGAUSSIANS",8,3.0942376,0.28681275,0.008652297,0.4,0.0020396477,0.14123413,0.01757931,0.76260036,0.008877068,0.4,0.0,0.10647611,0.008346636
375316653866487564,4133315275420832000,0.6165073,2247.8432503667473,0.3983439371236502,1.0613274E-5,15.594616,0.0043354956,0.20178334,0.0035369366,0.024850361,0.0047185584,1.7979883,2.1306832,0.7050613,2.5625774E-4,0.027490074,0.0020868687,0.119244054,0.011167967,0.012233776,0.0069389124,0.20178334,0.0035369366,"TWOGAUSSIANS_WITH_ELLIPSOIDAL_ON_ECLIPSE1",9,20.8768,0.20178334,0.0035369366,0.13916203,0.026423926,1.8224559,2.1403205,0.7050613,2.5625774E-4,0.15394442,0.011686466,0.1437012,0.0031253686
375316653866487564,4133317925417932800,0.471618,2221.9276688643104,0.5860774040164854,5.3230175E-5,15.974241,0.11783472,0.26320496,0.01451941,0.10616194,0.04747742,0.27182242,0.109286524,0.78640014,0.025537318,0.07069822,0.044554796,0.33937532,0.09870633,null,null,null,null,"TWOGAUSSIANS",8,218.50082,0.78641015,0.025358608,0.39591002,0.049450107,0.33210722,0.041306205,0.26320496,0.014521581,0.4,0.0,0.26454154,0.035863213
375316653866487564,4133318681332192768,0.5149297,2221.7558660718714,3.0854691258653,1.3645425E-5,19.623304,0.011923985,0.29398915,0.0030591553,0.08511731,0.0042892373,0.45074835,0.019002343,0.8149185,0.007780135,0.04629736,0.013390179,0.33059296,0.038598772,null,null,null,null,"TWOGAUSSIANS",8,3.060335,0.29398915,0.0030591553,0.4,0.0,0.45044914,0.018938081,0.8149185,0.007780135,0.2592652,0.074985005,0.3302938,0.03906964
375316653866487564,4133319432950523264,0.51684177,2198.4775084416456,3.501469303250843,2.512784E-5,19.35142,0.012453329,0.23944868,0.0060658865,0.0751891,0.0074823606,0.4154729,0.04225237,0.73177963,0.0037094003,0.07757908,0.0051823026,0.4701752,0.021508096,null,null,null,null,"TWOGAUSSIANS",8,4.1261535,0.73177963,0.0037094003,0.4,0.0,0.4666371,0.021241795,0.23944868,0.0060658865,0.4,0.0023857101,0.4119348,0.043271504
375316653866487564,4133326339254886272,0.5413146,2203.0298104719204,3.766026519426689,1.8409959E-5,18.4857,0.018771077,0.28596792,0.0039609508,0.09224718,0.0071706786,0.2779076,0.018960407,0.7870053,0.0031217446,0.093857236,0.013157069,0.26251072,0.021387741,null,null,null,null,"TWOGAUSSIANS",8,2.4012175,0.28596792,0.0039609508,0.4,0.0,0.2635041,0.012046926,0.7870053,0.0031217446,0.4,0.0,0.24810709,0.028040318
375316653866487564,4133331085198600960,0.54900753,2227.712565050025,0.33355686407086044,9.475128E-6,15.870609,0.0046208026,0.29334724,0.0066419938,0.02957219,0.00485257,0.2526668,0.036319025,0.7998429,0.0027376495,0.026634868,0.0061270385,0.15411723,0.015007183,0.024397561,0.0068334825,0.29334724,0.0066419938,"TWOGAUSSIANS_WITH_ELLIPSOIDAL_ON_ECLIPSE1",9,51.930202,0.29334724,0.0066419938,0.16560426,0.027174395,0.30146185,0.034005668,0.7998429,0.0027376495,0.14915527,0.034311417,0.20283103,0.0156449
375316653866487564,4133334727330404224,0.52627975,2209.0733804110973,3.3814422056823394,1.3108215E-5,18.393328,0.014807794,0.12444874,0.00343158,0.08760352,0.007589152,0.25547326,0.013595591,0.620538,0.004125097,0.10331943,0.007076851,0.30899388,0.015619629,null,null,null,null,"TWOGAUSSIANS",8,3.7136383,0.620538,0.004125097,0.4,0.0,0.2916588,0.011943809,0.12444874,0.00343158,0.4,0.0,0.23814327,0.009999599
375316653866487564,4133335036568563456,0.63420075,2231.679590992254,1.2802685990260678,2.5530067E-5,15.82386,0.0027345112,0.22737019,0.0035539134,0.04147725,0.004293283,0.3447675,0.020316059,0.72640693,0.0026968156,0.042199768,0.0029105113,0.18831314,0.008528756,0.022880979,0.0048287804,0.22737019,0.0035539134,"TWOGAUSSIANS_WITH_ELLIPSOIDAL_ON_ECLIPSE1",9,14.018478,0.22737019,0.0035539134,0.23227261,0.024042385,0.39052942,0.021522874,0.7264369,0.0026020955,0.2363187,0.016298862,0.23407345,0.0052363095
375316653866487564,4133343003731413504,0.47868326,2215.330688478037,1.0257197607724668,3.101071E-5,17.99587,0.007997943,0.28155318,0.010601191,0.07426416,0.028148545,0.03285062,0.006670856,0.7646082,0.013984816,0.052320298,0.023497159,0.08663675,0.006210954,null,null,null,null,"TWOGAUSSIANS",8,2.5405707,0.7646082,0.013984816,0.29299366,0.13158408,0.086613946,0.006199338,0.28155318,0.010601191,0.4,0.05227814,0.03282782,0.0063981023
375316653866487564,4133344171959467648,0.48206192,2222.3538454121363,2.7862740606174,2.349704E-5,18.541716,0.007762833,0.29182628,0.006366229,0.0412575,0.008048754,0.48269814,0.10079814,0.7799316,0.014538724,0.0528881,0.011577699,0.13144648,0.027412472,null,null,null,null,"TWOGAUSSIANS",8,10.45317,0.29182628,0.006366229,0.231042,0.04507302,0.48269796,0.10079915,0.7799316,0.014538724,0.29617333,0.064835116,0.1314463,0.027412482
375316653866487564,4133345752507329920,0.5615255,2216.7143805583923,3.4884890886148634,9.778866E-6,18.775486,0.008329521,0.22598107,0.0024199006,0.07633694,0.003707678,0.36390656,0.01153617,0.73658484,0.00764919,0.08249715,0.0067432104,0.41471446,0.02228598,null,null,null,null,"TWOGAUSSIANS",8,2.974859,0.73658484,0.00764919,0.4,0.0,0.4102773,0.021811625,0.22598107,0.0024199006,0.4,0.0,0.3594694,0.011137888
375316653866487564,4133346306557128576,0.44378182,2242.033900045889,0.03989067291180343,1.5703643E-4,18.815462,0.0075122034,0.15560465,0.015616735,0.0036936945,0.014821929,0.027029313,0.04696904,0.49379328,0.016476488,0.09889001,0.0131026395,0.12344298,0.013404831,null,null,null,null,"TWOGAUSSIANS",8,3.035817,0.49379328,0.016476488,0.4,0.0,0.123442285,0.013404437,0.15561464,0.015700772,0.02068469,0.0830028,0.027384974,0.046818208
375316653866487564,4133356923722416128,0.6089293,2270.1409690757987,2.670154754445311,6.4943506E-6,15.029766,0.008267026,0.34927338,0.00242913,0.09973142,0.00652058,0.14419273,0.0077180136,0.86081433,0.0023189678,0.099235415,0.007982134,0.090210855,0.007851416,null,null,null,null,"TWOGAUSSIANS",8,7.4208965,0.34927338,0.00242913,0.4,0.0,0.13585697,0.004120817,0.86081433,0.0023181755,0.4,0.0,0.08187563,0.0040706815
375316653866487564,4133357640975746816,0.4895425,2267.682576050616,3.7955835781401817,1.9148845E-5,19.777193,0.020037755,0.3162111,0.004355912,0.075020045,0.011142625,0.39257932,0.060776588,0.8074634,0.0060053742,0.06808542,0.012879279,0.37371573,0.07827004,null,null,null,null,"TWOGAUSSIANS",8,2.5467854,0.3162111,0.004355912,0.4,0.0048759785,0.39119935,0.061904833,0.8074634,0.0060053742,0.38127834,0.0415086,0.3723358,0.080028
375316653866487564,4133362352557664512,0.4602789,2226.005565541015,4.594213938232611,4.306732E-5,19.939629,0.010389865,0.2595055,0.0069020344,0.022186229,0.009155946,0.13303801,0.058805775,0.7408654,0.012957544,0.04973617,0.011716142,0.111654036,0.048180584,0.065732025,0.019993924,0.2595055,0.0069020344,"TWOGAUSSIANS_WITH_ELLIPSOIDAL_ON_ECLIPSE1",9,2.0787685,0.2595055,0.0069020344,0.12424288,0.051273298,0.26450074,0.046983827,0.7443354,0.010378265,0.27852255,0.0656104,0.24165457,0.042177446
375316653866487564,4133365135699593088,0.587031,2223.8426582094235,1.1199322513344947,2.043745E-5,18.483652,0.0035471916,0.27046698,0.002693662,0.03791915,0.004149428,0.6149429,0.042239122,0.7702606,0.0050042863,0.04058473,0.0031958339,0.16379422,0.024112385,null,null,null,null,"TWOGAUSSIANS",8,2.720252,0.27046698,0.002693662,0.21234722,0.023236798,0.6149429,0.042239122,0.7702606,0.0050042863,0.2272745,0.01789667,0.16379422,0.024112385
375316653866487564,4133366368349474560,0.5659054,2227.3910849508625,2.8020228721995712,2.529805E-5,18.57035,0.020987492,0.275024,0.0065089418,0.09852953,0.011163791,0.33189484,0.019372193,0.7916659,0.0036491072,0.10079617,0.011271851,0.19329602,0.019573785,null,null,null,null,"TWOGAUSSIANS",8,1.7701505,0.275024,0.006515916,0.4,0.0,0.3144609,0.00785884,0.7916659,0.0036500131,0.4,0.0,0.17586206,0.00905816
375316653866487564,4133371144353210624,0.6237628,2203.1262071769356,1.2358300561542996,5.6527097E-6,16.615458,0.004384684,0.26559263,0.0019234212,0.04916667,0.0034999903,0.24260132,0.014510917,0.76715064,0.005616928,0.04418703,0.0065881163,0.056992088,0.01018959,0.027045783,0.005335706,0.26559263,0.0019234212,"TWOGAUSSIANS_WITH_ELLIPSOIDAL_ON_ECLIPSE1",9,3.1750672,0.26559263,0.0019234212,0.27533334,0.019599946,0.29669228,0.017102355,0.76715064,0.0055510695,0.24744739,0.03689345,0.11107786,0.003686826
375316653866487564,4133373205938863616,0.49243018,2230.334189693816,3.733353774186239,1.3582809E-5,18.297491,0.00244761,0.21496214,0.0043798652,0.028372068,0.0042840587,0.17083466,0.02221648,0.5598091,0.0015060414,0.010988102,0.0022168332,0.35527265,0.35481122,null,null,null,null,"TWOGAUSSIANS",8,2.9802694,0.5598091,0.0015060414,0.061533373,0.012414266,0.35527265,0.35481122,0.21496214,0.0043798652,0.15888357,0.023990728,0.17083466,0.02221648
