Gaia/vari_eclipsing_binary/VariEclipsingBinary_246713-246843.csv
# %ECSV 1.0
# ---
# delimiter: ','
# meta: !!omap
# - RELEASE: Gaia DR3
# - TABLE: vari_eclipsing_binary
# - DESCRIPTION: >
#     This table describes the properties of the eclipsing binaries resulting from the variability analysis. 
# - CITATION: >
#     How to cite and acknowledge Gaia: 
#     https://gea.esac.esa.int/archive/documentation/credits.html 
# - KNOWN_ISSUES: >
#     Known issues: 
#     https://www.cosmos.esa.int/web/gaia-users/known-issues 
# - DOCUMENTATION: >
#     Tutorials and documentation: 
#     https://www.cosmos.esa.int/web/gaia-users/archive 
# datatype:
# - 
#   name: solution_id
#   datatype: int64
#   description: Solution Identifier
#   meta:
#     ucd: meta.version
# - 
#   name: source_id
#   datatype: int64
#   description: Unique source identifier
#   meta:
#     ucd: meta.id;meta.main
# - 
#   name: global_ranking
#   datatype: float32
#   description: Number between 0 (worst) and 1 (best)
#   meta:
#     ucd: stat.param
# - 
#   name: reference_time
#   datatype: float64
#   unit: d
#   description: Reference time used for the geometric model fit
#   meta:
#     ucd: time.epoch
# - 
#   name: frequency
#   datatype: float64
#   unit: d**-1
#   description: Frequency of geometric model of the eclipsing binary light curve
#   meta:
#     ucd: src.orbital
# - 
#   name: frequency_error
#   datatype: float32
#   unit: d**-1
#   description: "Uncertainty of \\texttt{frequency}"
#   meta:
#     ucd: stat.error
# - 
#   name: geom_model_reference_level
#   datatype: float32
#   unit: mag
#   description: Magnitude reference level of geometric model
#   meta:
#     ucd: phot.mag;em.opt
# - 
#   name: geom_model_reference_level_error
#   datatype: float32
#   unit: mag
#   description: "Uncertainty of \\texttt{geomModelReferenceLevel}"
#   meta:
#     ucd: stat.error;phot.mag;em.opt
# - 
#   name: geom_model_gaussian1_phase
#   datatype: float32
#   description: Phase of the Gaussian 1 component
#   meta:
#     ucd: time.phase
# - 
#   name: geom_model_gaussian1_phase_error
#   datatype: float32
#   description: "Uncertainty of \\texttt{geomModelGaussian1Phase}"
#   meta:
#     ucd: stat.error;time.phase
# - 
#   name: geom_model_gaussian1_sigma
#   datatype: float32
#   description: "Standard deviation [phase] of Gaussian 1 component"
#   meta:
#     ucd: stat.stdev
# - 
#   name: geom_model_gaussian1_sigma_error
#   datatype: float32
#   description: "Uncertainty of \\texttt{geomModelGaussian1Sigma}"
#   meta:
#     ucd: stat.error
# - 
#   name: geom_model_gaussian1_depth
#   datatype: float32
#   unit: mag
#   description: Magnitude depth of Gaussian 1 component
#   meta:
#     ucd: src.var.amplitude
# - 
#   name: geom_model_gaussian1_depth_error
#   datatype: float32
#   unit: mag
#   description: "Uncertainty of \\texttt{geomModelGaussian1Depth}"
#   meta:
#     ucd: stat.error;src.var.amplitude
# - 
#   name: geom_model_gaussian2_phase
#   datatype: float32
#   description: Phase of Gaussian 2 component
#   meta:
#     ucd: time.phase
# - 
#   name: geom_model_gaussian2_phase_error
#   datatype: float32
#   description: "Uncertainty of \\texttt{geomModelGaussian2Phase}"
#   meta:
#     ucd: stat.error;time.phase
# - 
#   name: geom_model_gaussian2_sigma
#   datatype: float32
[...]
#   datatype: float32
#   description: "Secondary eclipse: uncertainty of \\texttt{derivedSecondaryEclDuration}"
#   meta:
#     ucd: stat.error;time.duration
# - 
#   name: derived_secondary_ecl_depth
#   datatype: float32
#   unit: mag
#   description: "Secondary eclipse: depth"
#   meta:
#     ucd: src.var.amplitude
# - 
#   name: derived_secondary_ecl_depth_error
#   datatype: float32
#   unit: mag
#   description: "Secondary eclipse: uncertainty of \\texttt{derivedSecondaryEclDepth}"
#   meta:
#     ucd: stat.error;src.var.amplitude
solution_id,source_id,global_ranking,reference_time,frequency,frequency_error,geom_model_reference_level,geom_model_reference_level_error,geom_model_gaussian1_phase,geom_model_gaussian1_phase_error,geom_model_gaussian1_sigma,geom_model_gaussian1_sigma_error,geom_model_gaussian1_depth,geom_model_gaussian1_depth_error,geom_model_gaussian2_phase,geom_model_gaussian2_phase_error,geom_model_gaussian2_sigma,geom_model_gaussian2_sigma_error,geom_model_gaussian2_depth,geom_model_gaussian2_depth_error,geom_model_cosine_half_period_amplitude,geom_model_cosine_half_period_amplitude_error,geom_model_cosine_half_period_phase,geom_model_cosine_half_period_phase_error,model_type,num_model_parameters,reduced_chi2,derived_primary_ecl_phase,derived_primary_ecl_phase_error,derived_primary_ecl_duration,derived_primary_ecl_duration_error,derived_primary_ecl_depth,derived_primary_ecl_depth_error,derived_secondary_ecl_phase,derived_secondary_ecl_phase_error,derived_secondary_ecl_duration,derived_secondary_ecl_duration_error,derived_secondary_ecl_depth,derived_secondary_ecl_depth_error
375316653866487564,2170111666023625856,0.56070286,2201.1609381799153,0.6532518544888928,1.9100573E-5,19.577507,0.008896738,0.14406934,9.0650166E-4,0.012645893,0.0012145886,3.9794157,2.2868533,0.6803695,0.00970805,0.041491587,0.006886803,0.4130637,0.16250852,null,null,null,null,"TWOGAUSSIANS",8,2.657627,0.14406934,9.0650166E-4,0.070817,0.0068016965,3.9794157,2.2868533,0.6803695,0.00970805,0.23235288,0.038566098,0.4130637,0.16250852
375316653866487564,2170112318856903296,0.56141436,2190.335440064814,1.9079232923255702,8.007285E-5,18.24929,0.0021919615,0.32241505,0.02348875,0.036412504,0.022459963,0.013984541,0.025178831,0.6779446,7.51021E-6,0.006125575,3.32663E-4,1.771205,0.40497488,null,null,null,null,"TWOGAUSSIANS",8,1.9309833,0.6779446,7.51021E-6,0.034303218,0.0018629129,1.771205,0.40497488,0.32241505,0.02348875,0.20391001,0.1257758,0.013984541,0.025178831
375316653866487564,2170112494956726144,0.5152444,2254.826459616918,3.7462133638985002,1.396555E-5,19.616009,0.017446583,0.16862467,0.0048712543,0.08425152,0.006991953,0.44868243,0.04287501,0.68026334,0.004385766,0.07983656,0.006315847,0.43393862,0.02119545,null,null,null,null,"TWOGAUSSIANS",8,2.0104373,0.16862467,0.0048712543,0.4,0.0,0.4418495,0.043569982,0.68026334,0.004385766,0.4,0.0,0.42710572,0.020458492
375316653866487564,2170113177850426240,0.5153602,2182.315708389089,1.6973589591444338,1.4004012E-5,18.802197,0.00663246,0.22553648,0.00692648,0.04846605,0.00974477,0.24957645,0.05398035,0.7256142,0.0043322262,0.048959397,0.0067165187,0.26566786,0.013732516,null,null,null,null,"TWOGAUSSIANS",8,2.9065087,0.7256142,0.0043322262,0.2741726,0.037612505,0.26566687,0.013734088,0.22553648,0.00692648,0.27140987,0.054570712,0.24957547,0.053982783
375316653866487564,2170113761966158464,0.590064,2190.8033011791526,0.3660851349557947,5.3267246E-5,17.810741,0.0016158674,0.3907044,0.002498578,0.03936904,0.0022714802,0.3763195,0.007844537,null,null,null,null,null,null,null,null,null,null,"ONEGAUSSIAN",5,1.8228067,0.3907044,0.002498578,0.22046661,0.012720289,0.3763195,0.0,null,null,null,null,null,null
375316653866487564,2170113830685440768,0.58922535,2187.046309034869,2.3251650831981223,9.403223E-6,17.809557,0.008589281,0.28939387,0.0016937689,0.04147419,0.0018664051,0.466399,0.020739919,0.78949255,0.0026763398,0.04071686,0.0054048914,0.64939827,0.10559651,0.041287787,0.010884655,0.28939387,0.0016937689,"TWOGAUSSIANS_WITH_ELLIPSOIDAL_ON_ECLIPSE1",9,7.374937,0.78949255,0.0026583697,0.22801442,0.030267391,0.7319737,0.11083383,0.28939387,0.0016937689,0.23225546,0.010451869,0.5489745,0.009750714
375316653866487564,2170114522180451072,0.5213651,2204.7915447335376,0.8723194550572676,5.290096E-6,17.496408,0.0019749452,0.43121192,0.005071001,0.045255367,0.0025231983,0.29242194,0.023005147,0.8155517,0.03298513,0.040800158,0.015002117,0.009604513,0.006495602,null,null,null,null,"TWOGAUSSIANS",8,3.2860286,0.43121192,0.005071001,0.25343004,0.01412991,0.29242194,0.023005147,0.8155517,0.03298513,0.22848089,0.08401185,0.009604513,0.006495602
375316653866487564,2170119981076266752,0.5060213,2255.631918412285,1.138328162693404,1.2235026E-5,19.916836,0.0074281082,0.2226011,0.0037669754,0.046672456,0.007942042,0.321437,0.057004157,0.72063696,0.0026127875,0.042016044,0.0026322107,0.49706224,0.04571004,null,null,null,null,"TWOGAUSSIANS",8,1.8935502,0.72063696,0.0026127875,0.23528986,0.01474038,0.49706215,0.04571009,0.2226011,0.0037669754,0.26136574,0.044475436,0.3214369,0.05700435
375316653866487564,2170120908793021696,0.48634157,2226.4440930877713,0.11821303880650842,6.658446E-5,17.999975,0.0026277788,0.46782795,0.020880304,0.009717286,0.0142488405,0.22216818,0.5732806,0.8427033,0.0127867125,0.011037535,0.009059886,0.15975264,13370.705,null,null,null,null,"TWOGAUSSIANS",8,2.722951,0.46782795,0.020880304,0.054416798,0.079793505,0.22216818,0.5732806,0.8427033,0.0127867125,0.061810195,0.050735366,0.15975264,13370.705
375316653866487564,2170127162262068864,0.54840374,2218.04735869979,3.1448631187108096,6.0634025E-6,19.42931,0.007468268,0.29611957,0.0020116495,0.068254076,0.0032187172,0.45828518,0.023722814,0.79522324,0.0029199345,0.07381734,0.0039713886,0.5084558,0.03390093,null,null,null,null,"TWOGAUSSIANS",8,1.292985,0.79522324,0.0029199345,0.4,0.0,0.5065234,0.034414727,0.29611957,0.0020116495,0.3822228,0.018024815,0.45635277,0.024106985
375316653866487564,2170128296133343232,0.5702096,2190.770002624426,3.004173193428427,2.2376995E-5,18.277433,0.00833824,0.24778491,0.0029653963,0.06856095,0.008719975,0.5919511,0.11991886,0.7604013,0.0059731626,0.0708757,0.0059028408,0.29399472,0.014119972,null,null,null,null,"TWOGAUSSIANS",8,4.257514,0.24778491,0.0029653963,0.38394132,0.021674214,0.5909925,0.12104456,0.7604013,0.0059731626,0.39690393,0.016289461,0.2930362,0.013646051
375316653866487564,2170129090709935104,0.6634456,2209.9557500251103,1.7559488963742291,3.0564659E-6,15.637429,0.01351355,0.30160785,0.0010055796,0.06598559,0.0057052234,0.23942165,0.027090963,0.8016683,0.001618627,0.06339268,0.0034597998,0.32399333,0.026902644,0.07337295,0.01479577,0.30160785,0.0010055796,"TWOGAUSSIANS_WITH_ELLIPSOIDAL_ON_ECLIPSE1",9,19.129623,0.8016683,0.0014597371,0.354999,0.01937488,0.47042075,0.0091839405,0.30160785,0.0010055796,0.3695193,0.031949252,0.38584912,0.020548092
375316653866487564,2170130117199713024,0.41961437,2181.7014373008456,3.5667081876487954,5.7717818E-5,19.500458,0.007534674,0.7322671,0.010018166,0.034845557,0.013866804,0.068891674,0.029006919,null,null,null,null,null,null,0.050808508,0.009879151,0.7322671,0.010018166,"ONEGAUSSIAN_WITH_ELLIPSOIDAL",6,3.2434676,0.7322671,0.010018166,0.19513512,0.0776541,0.1705085,0.024003267,null,null,null,null,null,null
375316653866487564,2170131113632165376,0.47671738,2195.475628476963,0.13810497944592476,2.0676521E-4,19.578968,0.005991329,0.3303109,0.011648193,0.028925486,0.0057288758,0.21972826,0.0750945,0.8304325,0.01251763,0.013845921,0.014678893,0.39236647,0.37728828,null,null,null,null,"TWOGAUSSIANS",8,1.8671373,0.8304325,0.01251763,0.07753716,0.0822018,0.39236647,0.37728828,0.3303109,0.011648193,0.16198272,0.032081705,0.21972826,0.0750945
375316653866487564,2170132213143876864,0.58676887,2153.668389087889,3.8621275371000805,5.058763E-6,15.914615,0.025359346,0.2565016,0.0012973485,0.054727737,0.0069011208,0.31718495,0.04921143,0.76397645,0.006233355,0.068617694,0.008089704,0.3535934,0.08417713,0.059696864,0.031782802,0.2565016,0.0012973485,"TWOGAUSSIANS_WITH_ELLIPSOIDAL_ON_ECLIPSE1",9,38.50226,0.76397645,0.006233355,0.38425907,0.045302346,0.4724165,0.06695861,0.2565016,0.0012973485,0.30647534,0.038646277,0.43627122,0.021075537
375316653866487564,2170132354877070976,0.5331112,2150.470652228523,3.3443614704966196,1.3816337E-5,19.444138,0.0389316,0.25580487,0.006786856,0.09758682,0.01410245,0.40522173,0.03183154,0.74065536,0.0064014397,0.082856484,0.010018414,0.48871607,0.033866405,null,null,null,null,"TWOGAUSSIANS",8,2.1570833,0.74065536,0.0064014397,0.4,0.0,0.47379392,0.019118162,0.25580487,0.006786856,0.4,0.0,0.39029747,0.02073572
375316653866487564,2170132561042796672,0.5676498,2187.977418034385,0.7413810613676899,3.2846077E-5,16.477057,0.0025335485,0.1611439,0.037139576,0.048022624,0.030061118,0.008438408,0.019215431,0.3566801,9.4554055E-4,0.03986855,7.064754E-4,0.3619016,0.007821644,null,null,null,null,"TWOGAUSSIANS",8,7.8270354,0.3566801,9.4554055E-4,0.22326386,0.0039562625,0.36190373,0.007825353,0.1612139,0.03740141,0.26892668,0.16834226,0.008440582,0.019234736
375316653866487564,2170133660546943616,0.4709593,2169.181491058037,1.586623005431609,2.7861657E-5,19.414217,0.017782457,0.27798018,0.0149840275,0.098131254,0.022995777,0.1590299,0.02031196,0.7536883,0.004436261,0.08523703,0.011734278,0.2414564,0.03274788,null,null,null,null,"TWOGAUSSIANS",8,2.098536,0.7536883,0.004436261,0.4,0.0,0.2350275,0.03416732,0.27798018,0.0149840275,0.4,0.0,0.15259968,0.022544699
375316653866487564,2170134760066021504,0.50718004,2178.2240674891436,2.628187426522557,3.3895907E-5,19.49881,0.015438555,0.23236494,0.014060566,0.092475034,0.020509208,0.36688098,0.08352508,0.73956305,0.004928377,0.08280466,0.0071603763,0.4107792,0.03570182,null,null,null,null,"TWOGAUSSIANS",8,1.7300005,0.73956305,0.004928377,0.4,0.0,0.39904344,0.037149724,0.23236494,0.014060566,0.4,0.0,0.3551449,0.097011805
375316653866487564,2170137813783242496,0.48523697,2163.715634411939,1.8425944667756484,1.7174563E-5,17.891468,0.002695864,0.28061795,0.005124836,0.05642635,0.023185153,0.0043433565,0.0067474097,null,null,null,null,null,null,0.051593,0.0045316024,0.28061795,0.005124836,"ONEGAUSSIAN_WITH_ELLIPSOIDAL",6,4.249132,0.28061795,0.005124836,0.31598756,0.12983686,0.10752908,0.006428963,null,null,null,null,null,null
375316653866487564,2170139364264488448,0.51431614,2133.748668698153,2.5110714032645203,1.6845102E-5,19.721315,0.01078258,0.303497,0.0056305686,0.08682208,0.006317855,0.42314854,0.052410502,0.8074838,0.0033345802,0.06150314,0.0047005066,0.31421196,0.023552889,null,null,null,null,"TWOGAUSSIANS",8,2.9018083,0.303497,0.0056305686,0.4,0.0,0.42085472,0.052842095,0.8074838,0.0033345802,0.34441757,0.026322836,0.3119182,0.023710027
375316653866487564,2170143689298798080,0.5535575,2124.8363802194453,2.7327750121060577,1.1648255E-5,18.648924,0.007765934,0.30932504,0.0031945207,0.07774386,0.0036668757,0.36863708,0.009182052,0.80230504,0.004008237,0.07804202,0.0053920923,0.35054427,0.016420227,null,null,null,null,"TWOGAUSSIANS",8,2.899272,0.30932504,0.0031945207,0.4,0.0,0.36503434,0.00890693,0.80230504,0.004008237,0.4,0.0,0.34694156,0.01696047
375316653866487564,2170144002828736000,0.4387936,2082.8302481232954,3.071125693756511,2.1402868E-5,18.898302,0.0055300915,null,null,null,null,null,null,null,null,null,null,null,null,0.08516003,0.008492252,0.70914716,0.006910917,"ELLIPSOIDAL",4,5.1790805,null,null,null,null,null,null,null,null,null,null,null,null
375316653866487564,2170144586951359744,0.4620881,2138.4937913623526,3.228643481855981,1.9864263E-5,19.41708,0.4972182,0.2515156,0.00569168,0.17629792,0.09665549,0.4500051,0.49013886,0.7532287,0.0073384373,0.1348134,0.049043816,0.4154168,0.4077056,null,null,null,null,"TWOGAUSSIANS",8,1.7736971,0.25144562,0.005626424,0.4,0.0,0.21665241,0.0134091955,0.7535587,0.007849867,0.4,0.0,0.19734283,0.022205947
375316653866487564,2170146236218942080,0.5011043,2130.721878446706,1.0358750168348028,1.4984488E-5,15.43376,0.0019274951,0.28302023,0.027069282,0.05788005,0.027157048,0.019091992,0.006982398,0.45864683,0.005495746,0.020607704,0.0055522267,0.26133275,0.08041689,null,null,null,null,"TWOGAUSSIANS",8,52.53468,0.45864683,0.005495746,0.115403146,0.031092469,0.261524,0.080328315,0.28302023,0.027069282,0.32412827,0.14350992,0.019091992,0.006982398
375316653866487564,2170148091644772224,0.5475188,2097.091109657977,1.0918247885400945,1.1918788E-5,18.276733,0.0038586054,0.3112274,0.009852639,0.034174923,0.0061038807,0.41044477,0.116464145,0.812325,0.0011685324,0.030365597,0.0026165594,0.73019314,0.14103504,null,null,null,null,"TWOGAUSSIANS",8,6.684382,0.812325,0.0011685324,0.17004734,0.014652733,0.73019314,0.14103504,0.3112274,0.009852639,0.19137956,0.034181733,0.41044477,0.116464145
375316653866487564,2170150561246772480,0.5676186,2099.963963293635,1.8269970518604812,5.274421E-6,18.064262,0.014570526,0.23660499,0.0021724314,0.07827994,0.004122105,0.4994563,0.017495306,0.75619847,0.0073123863,0.08918543,0.008618462,0.43000683,0.01834213,null,null,null,null,"TWOGAUSSIANS",8,5.8375893,0.23660499,0.0021724314,0.4,0.0,0.49199057,0.016794156,0.75619847,0.0073123863,0.4,0.0,0.42254084,0.016638098
375316653866487564,2170154306459129216,0.52583575,2097.9559666621167,0.6822877550414682,1.1904478E-5,19.497097,0.004931353,0.37886718,0.0022366971,0.043010533,0.0019533078,0.45490286,0.027103221,0.72139174,0.022126192,0.025862617,0.011394768,0.045905072,0.021261096,null,null,null,null,"TWOGAUSSIANS",8,1.7809979,0.37886718,0.0022366971,0.24085897,0.010938523,0.45490286,0.027103221,0.72139174,0.022126192,0.14483066,0.063810706,0.045905072,0.021261096
375316653866487564,2170156509780366720,0.60754544,2109.5177783226336,1.343245539381794,1.5612597E-5,18.2191,0.01880524,0.14654621,0.0037139168,0.037224635,0.0053912415,0.77265954,0.08731483,0.64001316,0.008682622,0.033231825,0.01363042,0.13198487,0.039642222,0.049379885,0.023643438,0.14654621,0.0037139168,"TWOGAUSSIANS_WITH_ELLIPSOIDAL_ON_ECLIPSE1",9,5.071711,0.14654621,0.0037139168,0.20845796,0.030190954,0.8714192,0.12648816,0.64041317,0.008227255,0.18609823,0.07633036,0.2305884,0.025352174
375316653866487564,2170156578499859072,0.49151176,2136.8369567923905,2.4664122087130846,2.5318566E-5,14.667929,0.002097306,0.1415824,0.11008466,0.065274134,0.07053464,0.007896762,0.052508246,0.78913724,0.0031869272,0.008236331,0.0020686982,0.034078993,0.016835295,0.04919467,0.003773668,0.78913724,0.0031869272,"TWOGAUSSIANS_WITH_ELLIPSOIDAL_ON_ECLIPSE2",9,76.37416,0.78913724,0.0031869272,0.046123452,0.01158471,0.13246772,0.015689677,0.2861724,0.123745,0.36553514,0.3740984,0.09903372,0.009980987
375316653866487564,2170158945020434688,0.58657223,2126.078575350616,1.2946169140964883,4.7301696E-6,17.680643,0.0034980376,0.13088419,0.0012320088,0.04292385,0.0012691914,0.5070114,0.0070177615,0.61130047,0.0037136546,0.02731646,0.002364622,0.09070616,0.006949278,null,null,null,null,"TWOGAUSSIANS",8,5.8562646,0.13088419,0.0012320088,0.24037355,0.0071074716,0.5070114,0.0070177615,0.61130047,0.0037136546,0.15297218,0.013241883,0.09070616,0.006949278
375316653866487564,2170159842674927488,0.5278841,2097.975060239486,1.3957649656711586,1.7553388E-5,19.255732,0.006002728,0.29897317,0.015530611,0.03451107,0.008256846,0.38669965,0.16853842,0.8001233,0.005448148,0.030048115,0.0034756688,0.78232086,0.051107023,null,null,null,null,"TWOGAUSSIANS",8,3.7481785,0.8001233,0.005448148,0.16826946,0.019463746,0.78232086,0.051107023,0.29897317,0.015530611,0.19326198,0.04623834,0.38669965,0.16853842
375316653866487564,2170161972978662528,0.46470934,2083.007389968069,1.7613148768232663,1.9778356E-5,17.431688,0.0039097453,0.3029463,0.012398941,0.03968279,0.018599099,0.059548393,0.013416077,0.8238182,0.006961194,0.02959369,0.005380534,0.087924644,0.016397985,0.022725902,0.010630586,0.3029463,0.012398941,"TWOGAUSSIANS_WITH_ELLIPSOIDAL_ON_ECLIPSE1",9,12.702631,0.8238182,0.006961194,0.16572466,0.030130992,0.1325992,0.014617367,0.3029463,0.012398941,0.22222362,0.10415495,0.105000176,0.011084281
375316653866487564,2170162591446392064,0.500452,2087.739310058658,0.14961647446786738,6.394433E-5,18.627657,0.0032567387,0.5512003,8.9827234E-5,0.006696834,3.5121487E-4,0.44882402,0.011803354,0.8601266,0.0016824381,0.00616509,0.0047743637,0.09597316,728.04504,0.006354391,0.004589705,0.8601266,0.0016824381,"TWOGAUSSIANS_WITH_ELLIPSOIDAL_ON_ECLIPSE2",9,5.7247553,0.55119026,8.3363484E-5,0.03750227,0.0019668033,0.45048803,0.010655382,0.8601266,0.0016824381,0.034524504,0.026736436,0.10868194,728.0448
375316653866487564,2170166882122818048,0.70770544,2115.7214059627095,0.539653069894723,1.1597047E-6,15.486185,0.0011084987,0.29873,3.0899525E-4,0.023357702,5.471229E-4,0.5456044,0.007573055,0.7941878,8.3866494E-4,0.023892472,7.969189E-4,0.6235268,0.02161178,0.012209322,0.001644284,0.29873,3.0899525E-4,"TWOGAUSSIANS_WITH_ELLIPSOIDAL_ON_ECLIPSE1",9,9.263568,0.7941978,8.3866494E-4,0.13379784,0.0044627455,0.64792556,0.022946617,0.29873,3.0899525E-4,0.13080314,0.0030638883,0.570023,0.007828141
375316653866487564,2170168810566578432,0.60573286,2077.404419167797,1.147321160674256,6.776569E-6,18.618378,0.028056165,0.26828766,0.005780484,0.046210345,0.029519325,0.106355205,0.0541166,0.7730439,0.002453483,0.046098832,0.0050616967,0.4938205,0.058631793,0.090300545,0.033445712,0.26828766,0.005780484,"TWOGAUSSIANS_WITH_ELLIPSOIDAL_ON_ECLIPSE1",9,2.9646008,0.7730439,0.002453483,0.25815344,0.028345501,0.6742598,0.013985891,0.26828766,0.005780484,0.25877795,0.16530822,0.28695577,0.017470304
