Gaia/vari_eclipsing_binary/VariEclipsingBinary_468472-468489.csv
# %ECSV 1.0
# ---
# delimiter: ','
# meta: !!omap
# - RELEASE: Gaia DR3
# - TABLE: vari_eclipsing_binary
# - DESCRIPTION: >
#     This table describes the properties of the eclipsing binaries resulting from the variability analysis. 
# - CITATION: >
#     How to cite and acknowledge Gaia: 
#     https://gea.esac.esa.int/archive/documentation/credits.html 
# - KNOWN_ISSUES: >
#     Known issues: 
#     https://www.cosmos.esa.int/web/gaia-users/known-issues 
# - DOCUMENTATION: >
#     Tutorials and documentation: 
#     https://www.cosmos.esa.int/web/gaia-users/archive 
# datatype:
# - 
#   name: solution_id
#   datatype: int64
#   description: Solution Identifier
#   meta:
#     ucd: meta.version
# - 
#   name: source_id
#   datatype: int64
#   description: Unique source identifier
#   meta:
#     ucd: meta.id;meta.main
# - 
#   name: global_ranking
#   datatype: float32
#   description: Number between 0 (worst) and 1 (best)
#   meta:
#     ucd: stat.param
# - 
#   name: reference_time
#   datatype: float64
#   unit: d
#   description: Reference time used for the geometric model fit
#   meta:
#     ucd: time.epoch
# - 
#   name: frequency
#   datatype: float64
#   unit: d**-1
#   description: Frequency of geometric model of the eclipsing binary light curve
#   meta:
#     ucd: src.orbital
# - 
#   name: frequency_error
#   datatype: float32
#   unit: d**-1
#   description: "Uncertainty of \\texttt{frequency}"
#   meta:
#     ucd: stat.error
# - 
#   name: geom_model_reference_level
#   datatype: float32
#   unit: mag
#   description: Magnitude reference level of geometric model
#   meta:
#     ucd: phot.mag;em.opt
# - 
#   name: geom_model_reference_level_error
#   datatype: float32
#   unit: mag
#   description: "Uncertainty of \\texttt{geomModelReferenceLevel}"
#   meta:
#     ucd: stat.error;phot.mag;em.opt
# - 
#   name: geom_model_gaussian1_phase
#   datatype: float32
#   description: Phase of the Gaussian 1 component
#   meta:
#     ucd: time.phase
# - 
#   name: geom_model_gaussian1_phase_error
#   datatype: float32
#   description: "Uncertainty of \\texttt{geomModelGaussian1Phase}"
#   meta:
#     ucd: stat.error;time.phase
# - 
#   name: geom_model_gaussian1_sigma
#   datatype: float32
#   description: "Standard deviation [phase] of Gaussian 1 component"
#   meta:
#     ucd: stat.stdev
# - 
#   name: geom_model_gaussian1_sigma_error
#   datatype: float32
#   description: "Uncertainty of \\texttt{geomModelGaussian1Sigma}"
#   meta:
#     ucd: stat.error
# - 
#   name: geom_model_gaussian1_depth
#   datatype: float32
#   unit: mag
#   description: Magnitude depth of Gaussian 1 component
#   meta:
#     ucd: src.var.amplitude
# - 
#   name: geom_model_gaussian1_depth_error
#   datatype: float32
#   unit: mag
#   description: "Uncertainty of \\texttt{geomModelGaussian1Depth}"
#   meta:
#     ucd: stat.error;src.var.amplitude
# - 
#   name: geom_model_gaussian2_phase
#   datatype: float32
#   description: Phase of Gaussian 2 component
#   meta:
#     ucd: time.phase
# - 
#   name: geom_model_gaussian2_phase_error
#   datatype: float32
#   description: "Uncertainty of \\texttt{geomModelGaussian2Phase}"
#   meta:
#     ucd: stat.error;time.phase
# - 
#   name: geom_model_gaussian2_sigma
#   datatype: float32
[...]
#   datatype: float32
#   description: "Secondary eclipse: uncertainty of \\texttt{derivedSecondaryEclDuration}"
#   meta:
#     ucd: stat.error;time.duration
# - 
#   name: derived_secondary_ecl_depth
#   datatype: float32
#   unit: mag
#   description: "Secondary eclipse: depth"
#   meta:
#     ucd: src.var.amplitude
# - 
#   name: derived_secondary_ecl_depth_error
#   datatype: float32
#   unit: mag
#   description: "Secondary eclipse: uncertainty of \\texttt{derivedSecondaryEclDepth}"
#   meta:
#     ucd: stat.error;src.var.amplitude
solution_id,source_id,global_ranking,reference_time,frequency,frequency_error,geom_model_reference_level,geom_model_reference_level_error,geom_model_gaussian1_phase,geom_model_gaussian1_phase_error,geom_model_gaussian1_sigma,geom_model_gaussian1_sigma_error,geom_model_gaussian1_depth,geom_model_gaussian1_depth_error,geom_model_gaussian2_phase,geom_model_gaussian2_phase_error,geom_model_gaussian2_sigma,geom_model_gaussian2_sigma_error,geom_model_gaussian2_depth,geom_model_gaussian2_depth_error,geom_model_cosine_half_period_amplitude,geom_model_cosine_half_period_amplitude_error,geom_model_cosine_half_period_phase,geom_model_cosine_half_period_phase_error,model_type,num_model_parameters,reduced_chi2,derived_primary_ecl_phase,derived_primary_ecl_phase_error,derived_primary_ecl_duration,derived_primary_ecl_duration_error,derived_primary_ecl_depth,derived_primary_ecl_depth_error,derived_secondary_ecl_phase,derived_secondary_ecl_phase_error,derived_secondary_ecl_duration,derived_secondary_ecl_duration_error,derived_secondary_ecl_depth,derived_secondary_ecl_depth_error
[from data line 447]
375316653866487564,4120792834411117440,0.47078687,2424.9995289069043,0.18893270822448818,7.578256E-5,18.765379,0.005675157,0.35481614,0.0041570216,0.04912268,0.0054480047,0.13053828,0.0352627,0.8915433,0.0059632156,0.013073318,0.0028813144,0.3679176,0.10438092,null,null,null,null,"TWOGAUSSIANS",8,4.4549723,0.8915433,0.0059632156,0.073210575,0.016135361,0.3679176,0.10438092,0.35481614,0.0041570216,0.275087,0.030508827,0.13053828,0.0352627
375316653866487564,4120793109301648512,0.49030063,2335.031770504189,2.612633599285315,2.095459E-5,19.087774,0.061853297,0.31890258,0.010310905,0.10086427,0.01652482,0.26808137,0.062697925,0.7778464,0.008419324,0.12978111,0.03205981,0.26610878,0.054836035,null,null,null,null,"TWOGAUSSIANS",8,1.8495172,0.31938258,0.009339987,0.4,0.0,0.23488617,0.024769483,0.7778464,0.008419324,0.4,0.0,0.23236217,0.016182343
375316653866487564,4120793319813913728,0.5000832,2321.574995892954,3.473842592720232,2.7204216E-5,18.657415,0.018184757,0.20667696,0.009397349,0.07068717,0.011233036,0.27710104,0.035440654,0.67698085,0.012414092,0.10369256,0.017371705,0.29771554,0.039137416,null,null,null,null,"TWOGAUSSIANS",8,7.1347027,0.67698085,0.012414092,0.4,0.0,0.29209027,0.041025832,0.20668696,0.009399054,0.39584816,0.034460306,0.27148658,0.034550052
375316653866487564,4120793491640692352,0.5812129,2373.2339824225787,2.5931985266444975,1.0705203E-5,18.225567,0.0117551545,0.18941467,0.002572761,0.07703507,0.0047167884,0.42155704,0.02381644,0.70104206,0.0022737472,0.076781474,0.0044716196,0.355213,0.011422411,null,null,null,null,"TWOGAUSSIANS",8,3.4965496,0.18941467,0.002572761,0.4,0.0,0.4184937,0.024242148,0.70104206,0.0022737472,0.4,0.0,0.35214964,0.010340956
375316653866487564,4120793766418278656,0.54361886,2268.7603403203525,3.308996325375818,2.3934948E-5,19.732378,0.013178012,0.2595394,0.0047718743,0.07327485,0.004946039,0.49549463,0.029368704,0.7436441,0.014012785,0.07610505,0.010984218,0.5308901,0.06817853,null,null,null,null,"TWOGAUSSIANS",8,1.3553866,0.7436441,0.014012785,0.4,0.0,0.5282519,0.06822298,0.2595394,0.0047718743,0.4,0.00640282,0.49285647,0.02905304
375316653866487564,4120793903857297408,0.5011363,2292.8704820237326,3.4112223640972195,1.3074523E-4,19.651644,0.0038644208,0.3699285,0.055105936,0.037068956,0.048323918,0.039481968,0.005501582,0.56544024,0.001873554,0.03280647,0.0014243396,0.46035585,0.008335769,null,null,null,null,"TWOGAUSSIANS",8,1.02548,0.56544024,0.001873554,0.18371624,0.007976302,0.46035588,0.010677866,0.3699285,0.05511157,0.20758615,0.2569316,0.039481975,0.0055018933
375316653866487564,4120794384939068032,0.55006385,2321.627847784991,0.40587673224939846,6.3046566E-5,15.855086,0.004340341,0.25658762,0.011191854,0.035340026,0.006484154,0.53476983,0.11557327,0.749543,0.012521749,0.05967558,0.009468476,0.09429999,0.020852594,null,null,null,null,"TWOGAUSSIANS",8,48.58493,0.25658762,0.011191854,0.19790415,0.03631126,0.53476965,0.115575224,0.749543,0.012521749,0.33418325,0.05302347,0.09429976,0.020852773
375316653866487564,4120795072089002752,0.46531847,2313.8671988842907,2.638302767614622,1.553266E-5,19.431004,0.04947958,0.19441098,0.0076771346,0.10200261,0.020275692,0.27624047,0.040074844,0.68418425,0.006374274,0.10252085,0.015935734,0.27731845,0.04896719,null,null,null,null,"TWOGAUSSIANS",8,2.7569876,0.68418425,0.006374274,0.4,0.0,0.25267705,0.018630689,0.19441098,0.0076715574,0.4,0.0,0.25159955,0.0147349825
375316653866487564,4120795548829668736,0.56243956,2313.0191049812206,1.013227921072763,8.311308E-6,18.429852,0.003887695,0.12412731,0.0040473356,0.06811749,0.0053304746,0.087639414,0.0046705035,0.62270135,0.0018350369,0.050934326,0.0036106347,0.38335785,0.030500118,null,null,null,null,"TWOGAUSSIANS",8,1.6954502,0.62270135,0.0018350369,0.28523222,0.020219555,0.383313,0.030533448,0.12412731,0.0040473356,0.38145795,0.029850656,0.087594576,0.004655773
375316653866487564,4120795828003476608,0.45851904,2285.0884869264514,0.6638441063522966,1.1905901E-5,19.414478,0.012808446,0.21138678,0.008514279,0.020305973,0.008606478,0.36497876,0.2091988,0.8939403,0.0017720357,0.01521759,0.0017714687,1.4444981,0.55501366,null,null,null,null,"TWOGAUSSIANS",8,4.0013633,0.8939403,0.0017720357,0.085218504,0.009920225,1.4444981,0.55501366,0.21138678,0.008514279,0.11371344,0.048196275,0.36497876,0.2091988
375316653866487564,4120795896722000768,0.49312392,2296.6517303230967,2.1103714640630926,3.2479933E-5,19.17567,0.027817288,0.25846282,0.014551064,0.08613968,0.026015615,0.35711843,0.060608007,0.745091,0.006307238,0.08198452,0.010583508,0.42904273,0.031941205,null,null,null,null,"TWOGAUSSIANS",8,5.449453,0.745091,0.006307238,0.4,0.0,0.42167172,0.029045409,0.25846282,0.014551064,0.4,0.04638316,0.3497474,0.06604257
375316653866487564,4120796412118102656,0.47786722,2258.9231258063896,0.24170165811041947,3.9982166E-5,19.291212,0.010910671,0.23484367,0.008695152,0.03131458,0.014828422,0.25188714,0.13848896,0.8057631,0.0010176611,0.016328156,0.0010060089,0.523872,0.03824922,null,null,null,null,"TWOGAUSSIANS",8,10.4711075,0.8057631,0.0010176611,0.091437675,0.00563365,0.523872,0.03824922,0.23484367,0.008695152,0.17536165,0.083039165,0.25188714,0.13848896
375316653866487564,4120796618276733952,0.5006837,2281.2977118249564,0.4510347052775081,2.697322E-5,19.384789,0.00928237,0.29108056,0.0033698326,0.020497898,0.0037300216,0.7892421,0.8786551,0.7873392,0.0164564,0.025575941,0.019143732,0.4467122,0.16642493,null,null,null,null,"TWOGAUSSIANS",8,3.8680153,0.29108056,0.0033698326,0.114788234,0.020888122,0.7892421,0.8786551,0.7873392,0.0164564,0.14322528,0.1072049,0.4467122,0.16642493
375316653866487564,4120796923235924608,0.5826606,2294.993646626682,1.4375707605872943,6.2132867E-6,18.67033,0.0075047025,0.24491967,0.0020774205,0.07509368,0.0038658583,0.43884066,0.013885685,0.7419379,0.0015973096,0.077437684,0.0030684145,0.30610827,0.008559653,null,null,null,null,"TWOGAUSSIANS",8,1.4412277,0.24491967,0.0020774205,0.4,0.0,0.43566507,0.01424264,0.7419379,0.0015973096,0.4,0.0,0.30293268,0.008149205
375316653866487564,4120797511630231680,0.5241531,2272.401098834631,1.9915554039506926,4.0616167E-5,19.744656,0.01467191,0.18218361,0.004879823,0.06271845,0.0037234114,0.5211794,0.040847957,0.69972616,0.0032334875,0.08184079,0.0049778516,0.48854008,0.028512511,null,null,null,null,"TWOGAUSSIANS",8,1.5666767,0.18218361,0.004879823,0.35122335,0.020851104,0.5195404,0.040591266,0.69972616,0.0032334875,0.4,0.0,0.48690116,0.0286388
375316653866487564,4120798228889258880,0.6560243,2331.4658739128454,2.1477259847566996,2.409798E-6,17.695866,0.012379294,0.23945726,0.0012248122,0.05338764,0.0021756052,0.370953,0.030053668,0.74059606,0.0018120125,0.052662127,0.004228316,0.3554097,0.022469668,0.10606239,0.015018487,0.23945726,0.0012248122,"TWOGAUSSIANS_WITH_ELLIPSOIDAL_ON_ECLIPSE1",9,2.9473298,0.23945726,0.0012248122,0.2989708,0.01218339,0.58306724,0.014240755,0.74059606,0.0017888779,0.2949079,0.02367857,0.5675131,0.014308419
375316653866487564,4120798439344116864,0.5274854,2296.0950246573643,2.497766129498937,8.083162E-6,19.841,0.010790447,0.248604,0.0027975577,0.059521314,0.004521693,0.50273055,0.037606206,0.74003357,0.0057858597,0.062028434,0.00554819,0.50875175,0.043619566,null,null,null,null,"TWOGAUSSIANS",8,2.2281861,0.74003357,0.0057858597,0.3473592,0.031069864,0.50859195,0.043675475,0.248604,0.0027975577,0.33331934,0.02532148,0.50257075,0.03767697
375316653866487564,4120798576783040768,0.54696304,2321.5970822484633,1.4265128181686895,1.3745541E-5,19.197632,0.008684576,0.21321948,0.0053595123,0.094675,0.011122344,0.12914722,0.011217011,0.7287495,0.0023252987,0.06459452,0.0023650709,0.470218,0.019192865,null,null,null,null,"TWOGAUSSIANS",8,1.3982719,0.7287495,0.0023252987,0.36172935,0.013244397,0.46802077,0.01892832,0.21321948,0.0053595123,0.4,0.0,0.12694968,0.011331582
375316653866487564,4120798817300939136,0.5100258,2313.9962102321924,4.1815419089995,4.8935228E-5,19.661322,0.015864918,0.44524714,0.007041152,0.16486134,0.011427491,0.36646703,0.017410044,0.14426614,0.07362248,0.0097901635,0.027699059,0.11497178,0.48668694,null,null,null,null,"TWOGAUSSIANS",8,1.7533907,0.44524714,0.007041152,0.4,0.0,0.35909295,0.016623048,0.14490615,0.29598725,0.054824915,0.15511474,0.17711593,0.51785296
375316653866487564,4120800737151567232,0.60204095,2327.0705647163663,1.9933831499336643,1.0495155E-5,18.131887,0.008628136,0.31504562,0.0015061762,0.05729947,0.0028405664,0.3608376,0.020790994,0.8027936,0.013196885,0.023473166,0.017632151,0.061836235,0.033081323,0.054837223,0.012917254,0.31504562,0.0015061762,"TWOGAUSSIANS_WITH_ELLIPSOIDAL_ON_ECLIPSE1",9,3.4644825,0.31504562,0.0015061762,0.32087702,0.015907172,0.4704855,0.008568002,0.8036736,0.012555876,0.13144973,0.09874004,0.17088169,0.045393962
375316653866487564,4120802180260631936,0.5877272,2334.420098280185,0.34361735590040643,5.240123E-6,18.501938,0.0036304176,0.29267216,0.0037253834,0.024341531,0.0020022949,0.5757193,0.04191967,0.7962587,0.0015636204,0.022095403,0.0013628302,0.5117563,0.03327051,null,null,null,null,"TWOGAUSSIANS",8,3.7137668,0.29267216,0.0037253834,0.13631257,0.011212851,0.5757193,0.04191967,0.7962587,0.0015636204,0.12373425,0.007631849,0.5117563,0.03327051
375316653866487564,4120802253275581568,0.42923546,2295.4531444848913,0.7223907566135704,1.7482203E-5,19.738821,0.007896091,0.14560634,0.01621421,0.020581972,0.008657585,0.12239876,0.021564625,0.4156293,0.0016340585,0.020211628,0.0020487495,0.38991907,0.037446346,null,null,null,null,"TWOGAUSSIANS",8,2.8586097,0.4156293,0.0016340585,0.11318512,0.011472997,0.38991907,0.037446346,0.14560634,0.01621421,0.115259044,0.048482478,0.12239876,0.021564625
375316653866487564,4120803004894287360,0.54010683,2329.4875747909955,0.7635826343936244,1.3463818E-5,17.743027,0.011648777,0.27725485,0.011482842,0.08042492,0.007297154,0.4643252,0.050650142,0.7667336,0.0032008959,0.08419368,0.0057077045,0.36880967,0.010807182,null,null,null,null,"TWOGAUSSIANS",8,10.73194,0.27725485,0.011482842,0.4,0.0,0.4576005,0.051246267,0.7667336,0.0032008959,0.4,0.0,0.36208498,0.008944261
375316653866487564,4120803558989360896,0.44367015,2290.0878811757434,0.15079475271940984,2.2485505E-5,19.31376,0.005082004,0.2165767,0.0044065663,0.009006149,0.0028118575,0.21786533,0.06430281,0.67738914,0.034748014,0.025200566,0.016368106,0.058764342,0.031238306,0.040356196,0.0064253476,0.2165767,0.0044065663,"TWOGAUSSIANS_WITH_ELLIPSOIDAL_ON_ECLIPSE1",9,3.1394427,0.2165767,0.0044065663,0.050434437,0.015746402,0.2985777,0.06438962,0.67983913,0.028401945,0.14112316,0.09166139,0.13497497,0.034960754
375316653866487564,4120803730742982016,0.44940618,2326.473999658145,3.5945183142328605,6.931403E-5,19.208967,0.006188998,0.25557443,0.008860906,0.026693303,0.0553481,0.025608651,0.026665144,null,null,null,null,null,null,0.0729415,0.007542864,0.25557443,0.008860906,"ONEGAUSSIAN_WITH_ELLIPSOIDAL",6,2.5150316,0.25557443,0.008860906,0.1494825,0.26115882,0.17149162,0.021490522,null,null,null,null,null,null
375316653866487564,4120803765102777216,0.4311785,2337.6777629995554,2.124358941558613,3.298557E-5,19.361914,0.11684723,0.25806734,0.0103714755,0.11609688,0.028473511,0.23715319,0.1106104,0.72500324,0.013838961,0.13292512,0.04113678,0.25512832,0.10934177,null,null,null,null,"TWOGAUSSIANS",8,3.4044838,0.72500324,0.013838961,0.4,0.0,0.20544347,0.025940439,0.25874734,0.009087326,0.4,0.0,0.18800892,0.023289403
375316653866487564,4120805448729618176,0.49276853,2286.783552326226,2.2667549629444466,3.5424557E-5,19.141808,0.07325013,0.22803,0.0071980376,0.096186966,0.025930231,0.30666038,0.06767816,0.7369752,0.0066612544,0.11225289,0.025158472,0.2916492,0.06894082,null,null,null,null,"TWOGAUSSIANS",8,3.819445,0.22802,0.0072855377,0.4,0.0,0.27651766,0.017339608,0.7369752,0.0066484795,0.4,0.0,0.261477,0.016691087
375316653866487564,4120805689248054912,0.44276524,2334.475194429602,1.3166220524176182,5.0542098E-5,18.710613,0.8489662,0.35540858,0.011892363,0.16282552,0.17855813,0.29822442,0.8318752,0.82464516,0.015484125,0.11364274,0.03690428,0.26956806,0.4182305,null,null,null,null,"TWOGAUSSIANS",8,13.519751,0.3555686,0.010444849,0.4,0.0,0.20932882,0.041683804,0.82464516,0.015484125,0.4,0.0,0.1867731,0.03298962
375316653866487564,4120805929769990912,0.53762287,2369.4231833413573,2.0701771411793195,1.875577E-5,18.825037,0.028857306,0.23026882,0.005631693,0.09409367,0.010310819,0.36109382,0.026960919,0.73516303,0.004480072,0.09902628,0.010586236,0.32663313,0.028154729,null,null,null,null,"TWOGAUSSIANS",8,2.6812968,0.23026882,0.005631693,0.4,0.0,0.33861917,0.017939176,0.73516303,0.004480072,0.4,0.0,0.30415705,0.015948094
375316653866487564,4120806062915296000,0.54939866,2357.2156898941616,1.123071883030566,1.7038854E-5,18.463335,0.008572762,0.23705958,0.0046756174,0.0942122,0.0069015017,0.22071107,0.0086737,0.7211215,0.003582772,0.08247216,0.0055961455,0.22203806,0.01955406,null,null,null,null,"TWOGAUSSIANS",8,2.0402915,0.7211215,0.003582772,0.4,0.0,0.21582453,0.01950671,0.23705958,0.0046756174,0.4,0.0,0.21449706,0.007809073
375316653866487564,4120806239004320128,0.44703782,2377.322426774554,0.5638180624411403,6.903754E-5,18.712265,0.0067067416,0.2567663,0.0068753627,0.053140543,0.0149520645,0.15621144,0.102563664,0.7480654,0.0063497806,0.040834613,0.010046083,0.17708111,0.01678641,null,null,null,null,"TWOGAUSSIANS",8,4.8600335,0.7480654,0.0063497806,0.22867383,0.05625806,0.17708097,0.016787108,0.2567663,0.0068753627,0.29758704,0.08373156,0.1562113,0.10256396
375316653866487564,4120806823120017792,0.53373986,2343.689241883081,0.9442886441028617,9.931165E-6,19.10481,0.007749616,0.34779572,0.0019599493,0.034461793,0.0021173598,0.5670023,0.038036056,0.83105284,0.015516716,0.033742066,0.018716663,0.1260547,0.12547943,null,null,null,null,"TWOGAUSSIANS",8,4.3756895,0.34779572,0.0019599493,0.19298603,0.011857214,0.5670023,0.038036056,0.83105284,0.015516716,0.18895556,0.104813315,0.1260547,0.12547943
375316653866487564,4120808678546307840,0.5883297,2327.033246277431,1.510455269409742,1.2515484E-5,19.053095,0.008003709,0.31372645,0.0039398186,0.06258703,0.0051756254,0.63788414,0.0420547,0.80966663,0.004643368,0.07491197,0.009122967,0.24048167,0.012398279,null,null,null,null,"TWOGAUSSIANS",8,1.4298769,0.31372645,0.0039398186,0.35048735,0.028983502,0.6369943,0.042954344,0.80966663,0.004643368,0.4,0.0,0.23959182,0.013281291
375316653866487564,4120808846054285056,0.53936577,2342.333497156376,3.8390849676296956,9.417056E-6,18.837156,0.012523712,0.24668707,0.0026907013,0.07442234,0.0048256977,0.42375177,0.02109623,0.7525104,0.0019147074,0.068082325,0.0029868376,0.5329377,0.019137442,null,null,null,null,"TWOGAUSSIANS",8,5.38587,0.7525104,0.0019147074,0.38126102,0.01672629,0.53120404,0.018960977,0.24668707,0.0026907013,0.4,0.0,0.42201817,0.021245673
375316653866487564,4120809224009070720,0.44482654,2350.966536829183,0.8305011924034265,2.7433829E-5,17.282608,0.016379042,0.1894643,0.0070827086,0.08613174,0.010789871,0.23197757,0.01804467,0.69373035,0.008373062,0.08782421,0.013619471,0.17916803,0.015518517,null,null,null,null,"TWOGAUSSIANS",8,24.386364,0.1894643,0.0070827086,0.4,0.0,0.22588821,0.01623035,0.69373035,0.008373062,0.4,0.0,0.17307864,0.011012616
375316653866487564,4120809292730935680,0.49955,2336.5411338810923,3.3617104428659275,2.7013453E-5,19.3432,0.021520516,0.14065637,0.0060852603,0.069143705,0.0073797894,0.36097464,0.038393687,0.6390304,0.0048253466,0.07509901,0.007956385,0.47337434,0.036793582,null,null,null,null,"TWOGAUSSIANS",8,4.8191695,0.6390304,0.0048253466,0.4,0.0,0.4714103,0.036885813,0.14065637,0.0060852603,0.38720474,0.03357108,0.3590106,0.038126808
