Gaia/vari_eclipsing_binary/VariEclipsingBinary_675688-675713.csv
# %ECSV 1.0
# ---
# delimiter: ','
# meta: !!omap
# - RELEASE: Gaia DR3
# - TABLE: vari_eclipsing_binary
# - DESCRIPTION: >
#     This table describes the properties of the eclipsing binaries resulting from the variability analysis. 
# - CITATION: >
#     How to cite and acknowledge Gaia: 
#     https://gea.esac.esa.int/archive/documentation/credits.html 
# - KNOWN_ISSUES: >
#     Known issues: 
#     https://www.cosmos.esa.int/web/gaia-users/known-issues 
# - DOCUMENTATION: >
#     Tutorials and documentation: 
#     https://www.cosmos.esa.int/web/gaia-users/archive 
# datatype:
# - 
#   name: solution_id
#   datatype: int64
#   description: Solution Identifier
#   meta:
#     ucd: meta.version
# - 
#   name: source_id
#   datatype: int64
#   description: Unique source identifier
#   meta:
#     ucd: meta.id;meta.main
# - 
#   name: global_ranking
#   datatype: float32
#   description: Number between 0 (worst) and 1 (best)
#   meta:
#     ucd: stat.param
# - 
#   name: reference_time
#   datatype: float64
#   unit: d
#   description: Reference time used for the geometric model fit
#   meta:
#     ucd: time.epoch
# - 
#   name: frequency
#   datatype: float64
#   unit: d**-1
#   description: Frequency of geometric model of the eclipsing binary light curve
#   meta:
#     ucd: src.orbital
# - 
#   name: frequency_error
#   datatype: float32
#   unit: d**-1
#   description: "Uncertainty of \\texttt{frequency}"
#   meta:
#     ucd: stat.error
# - 
#   name: geom_model_reference_level
#   datatype: float32
#   unit: mag
#   description: Magnitude reference level of geometric model
#   meta:
#     ucd: phot.mag;em.opt
# - 
#   name: geom_model_reference_level_error
#   datatype: float32
#   unit: mag
#   description: "Uncertainty of \\texttt{geomModelReferenceLevel}"
#   meta:
#     ucd: stat.error;phot.mag;em.opt
# - 
#   name: geom_model_gaussian1_phase
#   datatype: float32
#   description: Phase of the Gaussian 1 component
#   meta:
#     ucd: time.phase
# - 
#   name: geom_model_gaussian1_phase_error
#   datatype: float32
#   description: "Uncertainty of \\texttt{geomModelGaussian1Phase}"
#   meta:
#     ucd: stat.error;time.phase
# - 
#   name: geom_model_gaussian1_sigma
#   datatype: float32
#   description: "Standard deviation [phase] of Gaussian 1 component"
#   meta:
#     ucd: stat.stdev
# - 
#   name: geom_model_gaussian1_sigma_error
#   datatype: float32
#   description: "Uncertainty of \\texttt{geomModelGaussian1Sigma}"
#   meta:
#     ucd: stat.error
# - 
#   name: geom_model_gaussian1_depth
#   datatype: float32
#   unit: mag
#   description: Magnitude depth of Gaussian 1 component
#   meta:
#     ucd: src.var.amplitude
# - 
#   name: geom_model_gaussian1_depth_error
#   datatype: float32
#   unit: mag
#   description: "Uncertainty of \\texttt{geomModelGaussian1Depth}"
#   meta:
#     ucd: stat.error;src.var.amplitude
# - 
#   name: geom_model_gaussian2_phase
#   datatype: float32
#   description: Phase of Gaussian 2 component
#   meta:
#     ucd: time.phase
# - 
#   name: geom_model_gaussian2_phase_error
#   datatype: float32
#   description: "Uncertainty of \\texttt{geomModelGaussian2Phase}"
#   meta:
#     ucd: stat.error;time.phase
# - 
#   name: geom_model_gaussian2_sigma
#   datatype: float32
[...]
#   datatype: float32
#   description: "Secondary eclipse: uncertainty of \\texttt{derivedSecondaryEclDuration}"
#   meta:
#     ucd: stat.error;time.duration
# - 
#   name: derived_secondary_ecl_depth
#   datatype: float32
#   unit: mag
#   description: "Secondary eclipse: depth"
#   meta:
#     ucd: src.var.amplitude
# - 
#   name: derived_secondary_ecl_depth_error
#   datatype: float32
#   unit: mag
#   description: "Secondary eclipse: uncertainty of \\texttt{derivedSecondaryEclDepth}"
#   meta:
#     ucd: stat.error;src.var.amplitude
solution_id,source_id,global_ranking,reference_time,frequency,frequency_error,geom_model_reference_level,geom_model_reference_level_error,geom_model_gaussian1_phase,geom_model_gaussian1_phase_error,geom_model_gaussian1_sigma,geom_model_gaussian1_sigma_error,geom_model_gaussian1_depth,geom_model_gaussian1_depth_error,geom_model_gaussian2_phase,geom_model_gaussian2_phase_error,geom_model_gaussian2_sigma,geom_model_gaussian2_sigma_error,geom_model_gaussian2_depth,geom_model_gaussian2_depth_error,geom_model_cosine_half_period_amplitude,geom_model_cosine_half_period_amplitude_error,geom_model_cosine_half_period_phase,geom_model_cosine_half_period_phase_error,model_type,num_model_parameters,reduced_chi2,derived_primary_ecl_phase,derived_primary_ecl_phase_error,derived_primary_ecl_duration,derived_primary_ecl_duration_error,derived_primary_ecl_depth,derived_primary_ecl_depth_error,derived_secondary_ecl_phase,derived_secondary_ecl_phase_error,derived_secondary_ecl_duration,derived_secondary_ecl_duration_error,derived_secondary_ecl_depth,derived_secondary_ecl_depth_error
[from data line 400]
375316653866487564,5943544454860803840,0.44547948,2253.3787437908936,2.525465471709365,1.2189309E-4,19.320498,0.11546465,0.3305255,0.01710839,0.09542139,0.0315861,0.48342517,0.122467786,0.81815624,0.008729621,0.08613307,0.022779765,0.5719845,0.09677912,null,null,null,null,"TWOGAUSSIANS",8,23.054403,0.81815624,0.008729621,0.4,0.0,0.5525125,0.05916971,0.3305255,0.01710839,0.4,0.0,0.46395192,0.099368215
375316653866487564,5943544660986727552,0.47465974,2265.3087209740916,0.03598624863247183,1.0806724E-6,18.274082,0.0029748261,0.19332704,4.7696393E-4,9.809069E-4,2.009875E-4,0.3430709,0.1196154,0.6169701,0.01804268,0.05769881,0.016997889,0.03827587,0.0145812575,0.012765554,0.0038490593,0.19332704,4.7696393E-4,"TWOGAUSSIANS_WITH_ELLIPSOIDAL_ON_ECLIPSE1",9,3.5151083,0.19332704,4.7696393E-4,0.0054930784,0.0011255301,0.36860186,0.11973274,0.6274201,0.020835018,0.32311332,0.09518817,0.059050635,0.01247818
375316653866487564,5943544661009839360,0.45772535,2280.0603420157395,0.3457228678195477,1.8845067E-5,14.129719,0.0019090975,0.34239677,0.0042190086,0.040952265,0.004243241,0.035828453,0.0030226647,0.8432169,0.0056027216,0.04568293,0.004675704,0.034029026,0.004280503,null,null,null,null,"TWOGAUSSIANS",8,35.991726,0.34239677,0.0042190086,0.22933269,0.023762152,0.03582845,0.003022664,0.8432169,0.0056027216,0.2558244,0.026183944,0.03402902,0.004280503
375316653866487564,5943544970224415360,0.49773192,2253.6791976895747,1.99839765020501,2.0057374E-5,19.620672,0.047972187,0.2716073,0.0048245285,0.08866022,0.013240811,0.53013456,0.05314219,0.76372945,0.0088458685,0.09875583,0.017282922,0.30512697,0.048629723,null,null,null,null,"TWOGAUSSIANS",8,3.1242158,0.2716073,0.0048245285,0.4,0.0,0.5101813,0.056157786,0.76372945,0.0088458685,0.4,0.0,0.28517208,0.02870001
375316653866487564,5943545343880123008,0.4870025,2245.2405376916004,0.45184536413552756,1.0345278E-4,18.040115,0.0040156203,0.22786593,0.089303255,0.010497909,0.0138397245,0.4483957,1892.4712,0.5990487,9.203592E-5,0.004253045,4.5157498E-4,0.067468174,0.0042874236,0.0023516326,0.006834124,0.22786593,0.089303255,"TWOGAUSSIANS_WITH_ELLIPSOIDAL_ON_ECLIPSE1",9,4.995257,0.22786593,0.089303255,0.058788292,0.07750246,0.45309898,1892.4824,0.5990587,8.732785E-5,0.023817053,0.0025288197,0.069707155,0.00500132
375316653866487564,5943545485620590464,0.4866084,2265.718796142185,0.05008968442295602,3.9200375E-5,18.654396,0.005225784,0.3209392,0.052918922,0.028399773,0.03267292,0.06386315,0.4722407,0.8582801,0.004493693,0.022190433,0.0029319979,3.6398778,5.5804005,null,null,null,null,"TWOGAUSSIANS",8,7.095405,0.8582801,0.004493693,0.12426643,0.016419189,3.6398778,5.5804005,0.3209392,0.052918922,0.15903872,0.18296836,0.06386315,0.4722407
375316653866487564,5943545519981669888,0.5253703,2252.635949691116,2.868217263910972,3.6857775E-5,17.844809,0.045083053,0.2566623,0.008261865,0.09480681,0.017250292,0.287634,0.04498797,0.777766,0.0077499175,0.11014331,0.01746639,0.2961916,0.044454817,null,null,null,null,"TWOGAUSSIANS",8,13.215437,0.777766,0.007752962,0.4,0.0,0.2732019,0.021321299,0.2566423,0.0083060665,0.4,0.0,0.26467076,0.02208848
375316653866487564,5943546241536201216,0.52074534,2205.9428981062774,2.247357234023189,1.4776299E-5,19.783758,0.025286812,0.19909357,0.0061004,0.072021976,0.0068408833,0.55471975,0.03056719,0.69321245,0.0055325064,0.0792196,0.0088417055,0.4653379,0.047536764,null,null,null,null,"TWOGAUSSIANS",8,2.294681,0.19909357,0.0061004,0.4,0.01420832,0.55096304,0.028498657,0.69321245,0.0055325064,0.4,0.0,0.46158123,0.047586247
375316653866487564,5943546649546533632,0.46869373,2269.8839768239623,4.052418370647987,8.826638E-5,19.31104,0.023441672,0.20667085,0.030659681,0.07448316,0.04084052,0.24586612,0.059631824,0.72834784,0.03271156,0.07439849,0.03633499,0.22443402,0.035446357,null,null,null,null,"TWOGAUSSIANS",8,4.5684223,0.20667085,0.030659681,0.4,0.11946783,0.24485262,0.05977315,0.72834784,0.03271156,0.4,0.16305265,0.2234205,0.030788172
375316653866487564,5943547512844787200,0.52408516,2262.8065193942975,0.8967276763283388,1.7362619E-4,18.460148,0.0032171144,0.36853507,0.021686407,0.09068123,0.024022074,0.03665241,0.009570861,0.7421643,0.0011837458,0.019217132,0.0039421497,0.4077976,0.0365989,null,null,null,null,"TWOGAUSSIANS",8,2.2993295,0.7421643,0.0011837458,0.10761593,0.022076039,0.40780511,0.03660172,0.36853507,0.021686407,0.4,0.0,0.03665239,0.009571308
375316653866487564,5943547581564067584,0.49173206,2277.210053278807,3.1183322131925473,3.8861508E-5,19.576292,0.009513821,0.2040842,0.009019103,0.057639405,0.0068557686,0.22517338,0.031487167,0.7117464,0.00991277,0.03850921,0.0144722,0.25056928,0.05383214,null,null,null,null,"TWOGAUSSIANS",8,2.0634606,0.7117464,0.00991277,0.21565157,0.08104432,0.2505689,0.053839825,0.2040842,0.009019103,0.32278067,0.038392305,0.22517298,0.03148761
375316653866487564,5943547925161801088,0.57067174,2248.1146887605064,3.6679074840575496,1.2260239E-5,19.40732,0.014963808,0.2740322,0.005133223,0.047825847,0.0082920045,0.3850619,0.056476593,0.7697519,0.0035895929,0.042342853,0.005122615,0.38937303,0.044566393,0.119086646,0.025422646,0.2740322,0.005133223,"TWOGAUSSIANS_WITH_ELLIPSOIDAL_ON_ECLIPSE1",9,3.1381712,0.7700919,0.0031788896,0.23711997,0.028686645,0.6273874,0.03230732,0.2740322,0.005133223,0.26782474,0.046435226,0.62323475,0.049360994
375316653866487564,5943548504975693184,0.5401187,2241.8415160431286,0.743669172732462,5.88331E-6,12.417779,0.00184262,0.29207858,0.0017864375,0.027561761,0.002355255,0.055315364,0.004176667,0.7931735,0.0012963555,0.026479594,0.0031889668,0.05580258,0.002681919,0.0055962945,0.00222064,0.29207858,0.0017864375,"TWOGAUSSIANS_WITH_ELLIPSOIDAL_ON_ECLIPSE1",9,48.767033,0.7931735,0.0012963555,0.14828573,0.017858215,0.06699464,0.002275362,0.29207858,0.0017864375,0.15434587,0.013189428,0.06650795,0.002302196
375316653866487564,5943548951649780224,0.57434934,2272.7721065926635,1.4106188950298673,1.6480448E-5,17.43159,0.0033432397,0.2779537,0.0038130928,0.06485335,0.0040127193,0.11261178,0.0055501056,0.7745757,0.0010332239,0.057365686,0.0013344344,0.23870009,0.005478161,null,null,null,null,"TWOGAUSSIANS",8,3.3872616,0.7745757,0.0010332239,0.32124785,0.0074728327,0.23863418,0.005466473,0.2779537,0.0038130928,0.36317873,0.022471227,0.11254587,0.0055421777
375316653866487564,5943549402630597632,0.49658373,2246.4961100410605,2.784488457501317,2.1119175E-5,19.301878,0.012004554,0.31339085,0.010049661,0.08533512,0.013719467,0.2902296,0.04693096,0.80888003,0.004629283,0.080357336,0.0058401967,0.26133296,0.013813024,null,null,null,null,"TWOGAUSSIANS",8,1.9872158,0.31339085,0.010049661,0.4,0.0,0.28488067,0.04989799,0.80888003,0.004629283,0.4,0.0,0.25598404,0.010740701
375316653866487564,5943549780587808000,0.5009647,2252.1665234647467,1.6613737130505422,7.7115204E-5,18.80166,0.011669083,0.13240398,0.0029676862,0.024447385,0.005133026,0.3779085,0.056584243,0.63416255,0.016638467,0.042921405,0.019907417,0.15068612,0.024829227,null,null,null,null,"TWOGAUSSIANS",8,7.5349874,0.13240398,0.0029676862,0.13690536,0.028744945,0.3779085,0.056584243,0.63416255,0.016638467,0.24035986,0.11148153,0.15068612,0.024829226
375316653866487564,5943549982450579200,0.46900734,2262.1792927486003,0.979614087984562,6.045559E-5,19.269913,0.008144268,0.25394103,0.010894846,0.070550285,0.011360252,0.18018557,0.013042422,0.8735991,0.036275513,0.074177794,0.04313324,0.03170962,0.012417789,null,null,null,null,"TWOGAUSSIANS",8,1.9344174,0.25394103,0.010894846,0.3950816,0.033333126,0.18017052,0.012985221,0.8735991,0.036275208,0.4,0.17808205,0.03169459,0.012372344
375316653866487564,5943550983178718080,0.51947504,2240.0271929337077,1.250909299014038,8.5587335E-6,19.784828,0.018433984,0.287994,0.012171988,0.05415241,0.009149817,0.5915161,0.10648729,0.7853576,0.0019636853,0.058305096,0.004630291,0.4974603,0.031042403,null,null,null,null,"TWOGAUSSIANS",8,2.616973,0.287994,0.012171988,0.3032535,0.051238976,0.5914664,0.106526315,0.7853576,0.0019636853,0.32650855,0.025929628,0.49741068,0.031056987
375316653866487564,5943551464238309120,0.48277143,2253.364164551408,0.7127874474754335,2.6270462E-5,19.860632,0.007004718,0.27636698,0.001567739,0.011188868,7.431831E-4,0.699598,0.22461656,0.7815872,0.0062848963,0.013614533,0.006215145,0.5035375,3.9488726,null,null,null,null,"TWOGAUSSIANS",8,1.9030995,0.27636698,0.001567739,0.06265766,0.0041618254,0.699598,0.22461656,0.7815872,0.0062848963,0.07624138,0.034804814,0.5035375,3.9488726
375316653866487564,5943551528633310080,0.44320402,2285.322094502104,0.06835991861831028,3.4991454E-4,17.328148,0.0045143063,0.21485767,0.009564382,0.026511723,0.0049993116,0.09332013,0.017906113,0.658865,0.015826408,0.10974667,0.01893499,0.09211186,0.021038564,null,null,null,null,"TWOGAUSSIANS",8,6.68496,0.21486767,0.009567093,0.14846565,0.027996147,0.093309596,0.01787914,0.658865,0.015826408,0.4,0.0,0.09207537,0.02107372
375316653866487564,5943551842172514304,0.45558587,2226.44400704223,3.4412893087639476,2.5518262E-5,19.295023,0.019456573,0.22433391,0.011181527,0.0759571,0.031520717,0.158962,0.02398707,0.7452902,0.0039945804,0.08519841,0.011524625,0.20780838,0.029997995,null,null,null,null,"TWOGAUSSIANS",8,2.516474,0.7452902,0.0039945804,0.4,0.0,0.20584114,0.028237723,0.22433391,0.011181527,0.4,0.05382825,0.15699479,0.030174136
375316653866487564,5943552254490435328,0.5403452,2246.8998939262456,3.6285969736991333,1.1198395E-5,19.845907,0.008420563,0.15697694,0.0019738213,0.0644997,0.0025512604,0.5743823,0.023226691,0.6699139,0.009172611,0.068156846,0.0043951613,0.7553111,0.036546655,null,null,null,null,"TWOGAUSSIANS",8,1.4243548,0.6699139,0.009172611,0.38167834,0.024612904,0.7545622,0.03598352,0.15697694,0.0019738213,0.3611983,0.014287058,0.57363343,0.02332148
375316653866487564,5943552284552574976,0.47557425,2203.6141549312874,0.5733136175619541,9.511699E-6,16.790354,0.0016078976,0.23519583,0.01673146,0.014267326,0.0137657,0.05839393,0.023260899,0.73307836,0.02104651,0.024868239,0.018377328,0.056165203,5.432781,null,null,null,null,"TWOGAUSSIANS",8,2.8289094,0.23519583,0.01673146,0.079897024,0.07708792,0.05839393,0.023260899,0.73307836,0.02104651,0.13926214,0.10291304,0.056165203,5.432781
375316653866487564,5943552662504864256,0.5656739,2240.9896655380467,2.5235369722535452,1.2094494E-5,18.564516,0.005971729,0.23271713,0.001886727,0.07793968,0.0028619287,0.3589638,0.0084617,0.73033905,0.0030730783,0.082277425,0.005049214,0.38120925,0.0205015,null,null,null,null,"TWOGAUSSIANS",8,2.5588682,0.73033905,0.0030730783,0.4,0.0,0.37578443,0.021827715,0.23271713,0.001886727,0.4,0.0,0.353539,0.008202319
375316653866487564,5943552937384752640,0.5538959,2233.6692945178315,0.9469300006200144,2.5055531E-5,18.58144,0.008513302,0.28849027,0.004309067,0.050292518,0.01165794,0.14585957,0.031224916,0.79011,0.0064095836,0.042738028,0.0037382331,0.6639459,0.035959635,0.055727426,0.010688933,0.28849027,0.004309067,"TWOGAUSSIANS_WITH_ELLIPSOIDAL_ON_ECLIPSE1",9,3.8142335,0.79011,0.006388226,0.23933296,0.020934105,0.77538854,0.029503753,0.28849027,0.004309067,0.28163812,0.06528446,0.25731376,0.02611543
375316653866487564,5943554625334193664,0.6417213,2229.5936060944987,3.0501149329771398,5.9986514E-6,18.870813,0.019899929,0.2448333,0.0017977678,0.045520134,0.004515229,0.42144477,0.048149534,0.74697185,0.0028427402,0.04829377,0.00453899,0.55321735,0.03942062,0.12622361,0.024343586,0.2448333,0.0017977678,"TWOGAUSSIANS_WITH_ELLIPSOIDAL_ON_ECLIPSE1",9,2.1768749,0.74697185,0.0028427402,0.2704451,0.025418343,0.8056176,0.013776428,0.2448333,0.0017977678,0.25491276,0.025285281,0.6738906,0.017382033
375316653866487564,5943554827167546880,0.64753956,2253.245573872916,0.47069557909395887,1.1198949E-6,13.05511,5.6687125E-4,0.58718413,5.162302E-7,0.008343794,1.9990448E-5,1.0909619,0.0043025985,null,null,null,null,null,null,null,null,null,null,"ONEGAUSSIAN",5,10.063044,0.58718413,5.162302E-7,0.046725247,1.11946516E-4,1.0909619,0.0,null,null,null,null,null,null
375316653866487564,5943555346869208064,0.5579311,2242.5674066267493,2.270757314229442,1.006432E-5,19.31048,0.017702121,0.2844469,0.0019072016,0.076219015,0.003264054,0.5411665,0.02085504,0.79802,0.0072505507,0.07055004,0.0073934817,0.568661,0.0243422,null,null,null,null,"TWOGAUSSIANS",8,2.1048522,0.79802,0.0072505507,0.39508024,0.030718278,0.56623167,0.02373709,0.2844469,0.0019072016,0.4,0.0,0.5387371,0.01956745
375316653866487564,5943555381250434304,0.57413346,2241.9370256669354,1.9273526350238226,1.6740294E-5,17.926596,0.005973024,0.27392748,0.0017570088,0.08305744,0.0027465895,0.37657,0.0077596363,0.7892208,0.0065389844,0.07607398,0.0067931283,0.19561704,0.011672942,null,null,null,null,"TWOGAUSSIANS",8,4.797419,0.27392748,0.0017570088,0.4,0.0,0.37367466,0.0074337097,0.7892208,0.0065389844,0.4,0.0,0.19272172,0.011717622
375316653866487564,5943556343323123200,0.5732983,2254.0367762410965,1.1338417465672705,1.0030334E-5,15.504281,0.00791215,0.23525353,0.0046519795,0.07722179,0.0037825892,0.48229828,0.028880985,0.75090235,0.0019170576,0.08919112,0.004218332,0.2482662,0.0075734216,null,null,null,null,"TWOGAUSSIANS",8,48.088272,0.23525353,0.0046519795,0.4,0.0,0.47680724,0.02891237,0.75090235,0.0019170576,0.4,0.0,0.24277504,0.0063075465
375316653866487564,5943556716951345664,0.4547184,2270.810491704494,0.5776849526237119,7.703845E-5,18.950668,0.009713609,0.27143317,0.0014895151,0.03067527,0.0020639468,0.1660846,0.010060484,0.7397085,0.021608172,0.08996008,0.023892036,0.06729166,0.030894082,null,null,null,null,"TWOGAUSSIANS",8,2.7505112,0.27143317,0.0014895151,0.17178151,0.011558102,0.16607584,0.010045165,0.7397085,0.021608172,0.4,0.0,0.0672828,0.030905012
375316653866487564,5943556721258904448,0.42972073,2305.5827198668994,1.2592311097552011,3.121838E-5,18.81146,0.009577755,0.3551043,0.0043379646,0.03072049,0.00368749,0.27812085,0.035381705,0.7981684,0.011013131,0.04834057,0.009371692,0.19484638,0.03278792,null,null,null,null,"TWOGAUSSIANS",8,6.264786,0.3551043,0.0043379646,0.17203474,0.020649945,0.27812085,0.035381705,0.7981684,0.011013131,0.2707072,0.052481476,0.19484638,0.03278792
375316653866487564,5943556824359489024,0.5455581,2255.4178220402023,0.899525127220533,1.136227E-5,18.53623,0.006628893,0.31829792,0.0038010872,0.053996097,0.0033819445,0.5858856,0.0496142,0.8196974,0.0062617646,0.06919124,0.006338844,0.13686334,0.011407486,null,null,null,null,"TWOGAUSSIANS",8,3.8956778,0.31829792,0.0038010872,0.30237815,0.01893889,0.5857587,0.049684618,0.8196974,0.0062617646,0.38747096,0.034387894,0.13673641,0.011405114
375316653866487564,5943557099216993024,0.52481854,2268.0911143931353,2.5828285667091078,2.0963946E-5,18.750341,0.009563024,0.35552797,0.0030661984,0.064145446,0.0037399498,0.38295254,0.029629085,0.6970982,0.013440399,0.019375762,0.027833465,0.09955169,46.024693,null,null,null,null,"TWOGAUSSIANS",8,4.623819,0.35552797,0.0030661984,0.3592145,0.020943718,0.38295254,0.029629085,0.6970982,0.013440399,0.10850427,0.1558674,0.09955196,46.024693
375316653866487564,5943557266706884864,0.4404216,2246.68363753577,1.877247484701888,8.005221E-5,19.019308,0.008971284,0.32255924,0.015086784,0.016644554,0.0146347815,0.2842808,272.2113,0.6469146,0.016021878,0.026082315,0.012388849,0.3690507,0.4567762,null,null,null,null,"TWOGAUSSIANS",8,5.2470255,0.6469146,0.016021878,0.14606096,0.06937756,0.3690507,0.4567762,0.32255924,0.015086784,0.093209505,0.08195478,0.2842808,272.2113
375316653866487564,5943557408454751872,0.5171562,2258.2026282041847,0.9368901913418234,2.4961075E-5,19.560308,0.01876872,0.28501818,0.0064805415,0.07744855,0.009660469,0.46394137,0.09945512,0.8004538,0.011555123,0.07828712,0.017072715,0.25532034,0.027741982,null,null,null,null,"TWOGAUSSIANS",8,2.6263604,0.28501818,0.0064805415,0.4,0.008952891,0.46108055,0.100817375,0.8004538,0.011555123,0.4,0.0,0.2524595,0.029759796
