Gaia/vari_eclipsing_binary/VariEclipsingBinary_624012-624429.csv
# %ECSV 1.0
# ---
# delimiter: ','
# meta: !!omap
# - RELEASE: Gaia DR3
# - TABLE: vari_eclipsing_binary
# - DESCRIPTION: >
#     This table describes the properties of the eclipsing binaries resulting from the variability analysis. 
# - CITATION: >
#     How to cite and acknowledge Gaia: 
#     https://gea.esac.esa.int/archive/documentation/credits.html 
# - KNOWN_ISSUES: >
#     Known issues: 
#     https://www.cosmos.esa.int/web/gaia-users/known-issues 
# - DOCUMENTATION: >
#     Tutorials and documentation: 
#     https://www.cosmos.esa.int/web/gaia-users/archive 
# datatype:
# - 
#   name: solution_id
#   datatype: int64
#   description: Solution Identifier
#   meta:
#     ucd: meta.version
# - 
#   name: source_id
#   datatype: int64
#   description: Unique source identifier
#   meta:
#     ucd: meta.id;meta.main
# - 
#   name: global_ranking
#   datatype: float32
#   description: Number between 0 (worst) and 1 (best)
#   meta:
#     ucd: stat.param
# - 
#   name: reference_time
#   datatype: float64
#   unit: d
#   description: Reference time used for the geometric model fit
#   meta:
#     ucd: time.epoch
# - 
#   name: frequency
#   datatype: float64
#   unit: d**-1
#   description: Frequency of geometric model of the eclipsing binary light curve
#   meta:
#     ucd: src.orbital
# - 
#   name: frequency_error
#   datatype: float32
#   unit: d**-1
#   description: "Uncertainty of \\texttt{frequency}"
#   meta:
#     ucd: stat.error
# - 
#   name: geom_model_reference_level
#   datatype: float32
#   unit: mag
#   description: Magnitude reference level of geometric model
#   meta:
#     ucd: phot.mag;em.opt
# - 
#   name: geom_model_reference_level_error
#   datatype: float32
#   unit: mag
#   description: "Uncertainty of \\texttt{geomModelReferenceLevel}"
#   meta:
#     ucd: stat.error;phot.mag;em.opt
# - 
#   name: geom_model_gaussian1_phase
#   datatype: float32
#   description: Phase of the Gaussian 1 component
#   meta:
#     ucd: time.phase
# - 
#   name: geom_model_gaussian1_phase_error
#   datatype: float32
#   description: "Uncertainty of \\texttt{geomModelGaussian1Phase}"
#   meta:
#     ucd: stat.error;time.phase
# - 
#   name: geom_model_gaussian1_sigma
#   datatype: float32
#   description: "Standard deviation [phase] of Gaussian 1 component"
#   meta:
#     ucd: stat.stdev
# - 
#   name: geom_model_gaussian1_sigma_error
#   datatype: float32
#   description: "Uncertainty of \\texttt{geomModelGaussian1Sigma}"
#   meta:
#     ucd: stat.error
# - 
#   name: geom_model_gaussian1_depth
#   datatype: float32
#   unit: mag
#   description: Magnitude depth of Gaussian 1 component
#   meta:
#     ucd: src.var.amplitude
# - 
#   name: geom_model_gaussian1_depth_error
#   datatype: float32
#   unit: mag
#   description: "Uncertainty of \\texttt{geomModelGaussian1Depth}"
#   meta:
#     ucd: stat.error;src.var.amplitude
# - 
#   name: geom_model_gaussian2_phase
#   datatype: float32
#   description: Phase of Gaussian 2 component
#   meta:
#     ucd: time.phase
# - 
#   name: geom_model_gaussian2_phase_error
#   datatype: float32
#   description: "Uncertainty of \\texttt{geomModelGaussian2Phase}"
#   meta:
#     ucd: stat.error;time.phase
# - 
#   name: geom_model_gaussian2_sigma
#   datatype: float32
[...]
#   datatype: float32
#   description: "Secondary eclipse: uncertainty of \\texttt{derivedSecondaryEclDuration}"
#   meta:
#     ucd: stat.error;time.duration
# - 
#   name: derived_secondary_ecl_depth
#   datatype: float32
#   unit: mag
#   description: "Secondary eclipse: depth"
#   meta:
#     ucd: src.var.amplitude
# - 
#   name: derived_secondary_ecl_depth_error
#   datatype: float32
#   unit: mag
#   description: "Secondary eclipse: uncertainty of \\texttt{derivedSecondaryEclDepth}"
#   meta:
#     ucd: stat.error;src.var.amplitude
solution_id,source_id,global_ranking,reference_time,frequency,frequency_error,geom_model_reference_level,geom_model_reference_level_error,geom_model_gaussian1_phase,geom_model_gaussian1_phase_error,geom_model_gaussian1_sigma,geom_model_gaussian1_sigma_error,geom_model_gaussian1_depth,geom_model_gaussian1_depth_error,geom_model_gaussian2_phase,geom_model_gaussian2_phase_error,geom_model_gaussian2_sigma,geom_model_gaussian2_sigma_error,geom_model_gaussian2_depth,geom_model_gaussian2_depth_error,geom_model_cosine_half_period_amplitude,geom_model_cosine_half_period_amplitude_error,geom_model_cosine_half_period_phase,geom_model_cosine_half_period_phase_error,model_type,num_model_parameters,reduced_chi2,derived_primary_ecl_phase,derived_primary_ecl_phase_error,derived_primary_ecl_duration,derived_primary_ecl_duration_error,derived_primary_ecl_depth,derived_primary_ecl_depth_error,derived_secondary_ecl_phase,derived_secondary_ecl_phase_error,derived_secondary_ecl_duration,derived_secondary_ecl_duration_error,derived_secondary_ecl_depth,derived_secondary_ecl_depth_error
[from data line 180]
375316653866487564,5489720377619778304,0.52386844,2237.0666478476537,4.079094340556668,1.9695233E-5,17.137184,0.020648144,0.3380622,0.0051921443,0.092662275,0.018970521,0.21040732,0.016468849,0.8238168,0.0073864306,0.0880515,0.01197006,0.22115402,0.02163549,null,null,null,null,"TWOGAUSSIANS",8,18.526834,0.8238168,0.0073864306,0.4,0.0,0.21363744,0.014564089,0.3380622,0.0051921443,0.4,0.0,0.20289053,0.01374795
375316653866487564,5489722748441795328,0.54899466,2213.2558369139333,4.052941510225935,1.2292047E-5,19.50068,0.014147006,0.25979528,0.0044521373,0.0648653,0.004835156,0.6875457,0.09311328,0.7533755,0.0035546576,0.059748355,0.0049291505,0.7554587,0.02697547,null,null,null,null,"TWOGAUSSIANS",8,3.1470916,0.7533755,0.0035546576,0.3345908,0.027603243,0.75508606,0.02701244,0.25979528,0.0044521373,0.3632457,0.027076872,0.68717307,0.09321444
375316653866487564,5489726356214269952,0.59516674,2223.785978264392,3.130436985934189,6.610323E-6,14.059463,0.012255139,0.27797407,0.0071607702,0.046089165,0.0065287882,0.27458456,0.06240029,0.7814423,0.0019420501,0.050729264,0.00789534,0.17271343,0.02960436,0.12139682,0.013577828,0.7814423,0.0019420501,"TWOGAUSSIANS_WITH_ELLIPSOIDAL_ON_ECLIPSE2",9,246.7623,0.27842405,0.006469175,0.25809932,0.036561213,0.5172767,0.05823663,0.7814423,0.0019420501,0.28408387,0.044213906,0.41550598,0.023995843
375316653866487564,5489728314719646976,0.4373979,2301.7320434634717,4.193475141225669,8.719633E-5,17.951977,0.013605123,0.3800272,0.010122302,0.05906485,0.012540905,0.14411396,0.0386797,0.85318375,0.020392664,0.03452383,0.018326439,0.153123,0.049859524,null,null,null,null,"TWOGAUSSIANS",8,28.867813,0.85318375,0.020392664,0.19333343,0.10262806,0.15312298,0.049863495,0.3800272,0.010122302,0.33076316,0.07022907,0.14411391,0.038677577
375316653866487564,5489746967760561280,0.5158797,2253.7699445530106,1.4180183329056224,1.9615794E-5,17.098469,0.015213089,0.16688766,0.012530275,0.11627584,0.029567381,0.054560356,0.015252497,0.6594404,0.006258106,0.099149205,0.020185122,0.07400151,0.0139115425,null,null,null,null,"TWOGAUSSIANS",8,1.1530508,0.6594404,0.006258106,0.4,0.0,0.06624918,0.0037222165,0.16688766,0.0125414515,0.4,0.0,0.04679758,0.0037790483
375316653866487564,5489754496841099392,0.60068256,2238.781783760401,2.7048371536583353,7.928923E-6,16.892866,0.020948788,0.2256509,0.0031444826,0.05747578,0.006227285,0.26191366,0.043200776,0.72649574,0.003310793,0.06053745,0.0068810773,0.24616764,0.044559147,0.06940593,0.024399806,0.2256509,0.0031444826,"TWOGAUSSIANS_WITH_ELLIPSOIDAL_ON_ECLIPSE1",9,16.644682,0.2256509,0.0031444826,0.32186437,0.034872796,0.4006592,0.01544184,0.72649574,0.003056942,0.33900973,0.038534034,0.3849093,0.00966301
375316653866487564,5489754771718981248,0.45219404,2247.4201359418457,2.2850297732278233,3.122328E-5,17.148401,0.04242047,0.26413167,0.033539347,0.113452144,0.09554463,0.121825255,0.027143253,0.71509886,0.00733193,0.05915557,0.010009607,0.4337175,0.046946824,null,null,null,null,"TWOGAUSSIANS",8,43.200733,0.71509886,0.00733193,0.33127117,0.056053802,0.43158367,0.044930194,0.26413167,0.033539347,0.4,0.0,0.11964527,0.03481965
375316653866487564,5489761643666658176,0.6510487,2241.5095886686645,2.0372709864222696,3.1211466E-6,14.045983,0.005434633,0.23085646,0.0013681174,0.112251,0.004009279,0.16759546,0.005100858,0.73067313,9.562315E-4,0.1022591,0.0030048431,0.17405832,0.0048836344,null,null,null,null,"TWOGAUSSIANS",8,6.228701,0.73067313,9.562315E-4,0.4,0.0,0.15159418,0.002412531,0.23085646,0.0013681174,0.4,0.0,0.14511709,0.0028570476
375316653866487564,5489762841957569152,0.47095868,2208.6031779274645,0.9544168818976909,3.2391086E-5,18.162493,0.005232937,0.1306894,0.0027392989,0.024244376,0.0032951648,0.07748219,0.008049457,0.62355524,0.008413082,0.053094767,0.01091169,0.16535465,0.03368156,null,null,null,null,"TWOGAUSSIANS",8,5.2195415,0.62355524,0.008413082,0.29733068,0.061105464,0.16535465,0.033681575,0.1306894,0.0027392989,0.1357685,0.018452924,0.07748219,0.008049455
375316653866487564,5489765766832347776,0.48492083,2219.956915165972,1.48081474787598,5.678801E-5,19.792795,0.005601092,0.18906471,0.004363019,0.015275447,0.0029152615,0.49932256,0.13174398,0.8485706,0.019379629,0.03533931,0.00866884,0.15138578,0.033863235,null,null,null,null,"TWOGAUSSIANS",8,1.646632,0.18906471,0.004363019,0.0855425,0.016325464,0.49932256,0.13174398,0.8485706,0.019379629,0.19790015,0.048545502,0.15138578,0.033863235
375316653866487564,5489769168449261952,0.5573339,2254.342911231046,3.138537125493547,9.806113E-6,18.298088,0.010135532,0.33992937,0.007061032,0.03677471,0.0118830595,0.36047995,0.16739151,0.82120806,0.002898079,0.043506194,0.0057309447,0.20265664,0.039310437,0.1602297,0.023634193,0.82120806,0.002898079,"TWOGAUSSIANS_WITH_ELLIPSOIDAL_ON_ECLIPSE2",9,9.941835,0.33831936,0.0073931976,0.20593838,0.066545136,0.6769038,0.1856492,0.82120806,0.002898079,0.24363469,0.03209329,0.52311575,0.030696979
375316653866487564,5489771779789588864,0.62675714,2233.9500912026133,3.6857600858048474,4.672111E-6,15.810485,0.0049803522,0.27500525,0.0018177875,0.047037203,0.00315722,0.18742375,0.015648603,0.77051246,0.0018230383,0.043569542,0.004682377,0.14349538,0.020954624,0.1204649,0.013925349,0.77051246,0.0018230383,"TWOGAUSSIANS_WITH_ELLIPSOIDAL_ON_ECLIPSE2",9,28.072578,0.27418524,0.001322092,0.26340833,0.017680433,0.42819655,0.014516341,0.77051246,0.0018230383,0.24398944,0.02622131,0.38442495,0.017508753
375316653866487564,5489782323930693760,0.5899809,2197.112131204728,3.5630281058561795,5.845468E-6,18.451817,0.0057005715,0.20876856,0.0017367091,0.046494424,0.0031405601,0.19774282,0.016499821,0.719112,0.0038258545,0.03552937,0.0073458357,0.15999982,0.013495702,0.11814719,0.009277525,0.20876856,0.0017367091,"TWOGAUSSIANS_WITH_ELLIPSOIDAL_ON_ECLIPSE1",9,2.6233585,0.20876856,0.0017367091,0.2603688,0.017587136,0.43403676,0.011418836,0.719112,0.0038258545,0.19896448,0.041136682,0.39529714,0.014378688
375316653866487564,5489785656823526400,0.6387935,2234.8868231466977,2.3800050502380143,1.0377173E-5,12.096658,0.011307706,0.23542072,0.0012259663,0.05749049,0.0038012594,0.29341128,0.023967702,0.74397415,0.005010206,0.055658963,0.005515479,0.24967542,0.031837385,0.0997681,0.012368283,0.23542072,0.0012259663,"TWOGAUSSIANS_WITH_ELLIPSOIDAL_ON_ECLIPSE1",9,335.64078,0.23542072,0.0012259663,0.32194674,0.021287054,0.49291942,0.007524359,0.74397415,0.005010206,0.3116902,0.030886682,0.4486078,0.024182249
375316653866487564,5489786279598738816,0.5820984,2241.278617962404,2.9372554464697735,8.189074E-6,15.179141,0.010479531,0.14180036,0.0017612771,0.03854166,0.0035823656,0.2787176,0.02255686,0.6302807,0.0045247152,0.048701227,0.012920932,0.3313581,0.11282232,0.12222718,0.013680638,0.14180036,0.0017612771,"TWOGAUSSIANS_WITH_ELLIPSOIDAL_ON_ECLIPSE1",9,136.84299,0.63168067,0.0041946745,0.27272686,0.072357215,0.5746883,0.12542447,0.14180036,0.0017612771,0.21583329,0.020061247,0.5231717,0.0077388627
375316653866487564,5489787172950300544,0.5121643,2266.8679803827017,3.2351061288747096,2.5528754E-5,18.665049,0.039604057,0.29237977,0.01614119,0.13922599,0.05101909,0.13936105,0.03741182,0.7848887,0.012133313,0.081860974,0.016116388,0.2049902,0.04027745,null,null,null,null,"TWOGAUSSIANS",8,2.8136969,0.7848887,0.012133313,0.4,0.0,0.18361604,0.0165937,0.29237977,0.01614119,0.4,0.0,0.11753818,0.035788197
375316653866487564,5489798198128798208,0.56116056,2219.634740496891,3.2841178159263373,1.0846953E-5,18.78948,0.008462766,0.20808765,0.003344056,0.08343696,0.0057379054,0.32446328,0.014301657,0.7014628,0.003473397,0.08070863,0.0037271404,0.3672044,0.008856104,null,null,null,null,"TWOGAUSSIANS",8,1.8838966,0.7014628,0.003473397,0.4,0.0,0.36131814,0.006677502,0.20808765,0.003344056,0.4,0.0,0.318577,0.014974203
375316653866487564,5489804043583224704,0.5605295,2205.8534673077397,1.8235441587771104,8.458573E-6,16.898352,0.003662039,0.14705102,7.291097E-5,0.013466574,9.141966E-4,0.072290614,0.0074350582,0.34069312,0.0025413204,0.038071074,0.0015823435,0.7204876,0.06981569,null,null,null,null,"TWOGAUSSIANS",8,20.9411,0.34069312,0.0025413204,0.213198,0.008861124,0.7204876,0.06981569,0.14705102,7.291097E-5,0.07541282,0.0051195007,0.07229236,0.0074353525
375316653866487564,5489806788063369216,0.48080498,2168.6614062977847,3.873329890208419,5.4384076E-5,19.58707,0.0073537184,0.35787383,0.0332717,0.021196203,0.014393009,0.38660517,1.7156124,0.7001304,0.013895339,0.028729042,0.04531689,0.35361165,0.27757323,null,null,null,null,"TWOGAUSSIANS",8,1.365344,0.35787383,0.0332717,0.11869874,0.08060085,0.38660517,1.7156123,0.7001304,0.013895339,0.16088264,0.23429011,0.35361165,0.27757323
375316653866487564,5489807823154412544,0.5527571,2199.368050239734,4.547214238472326,4.9360166E-5,16.613455,0.0043845167,0.7033324,0.0015550724,0.025214538,0.0057212473,0.6323571,0.110896,0.92796755,0.0069551603,0.024277277,0.006568348,0.036653373,0.011444539,null,null,null,null,"TWOGAUSSIANS",8,32.536995,0.7033324,0.0015550724,0.14120142,0.032038987,0.6323571,0.110896,0.92796755,0.0069551603,0.13595276,0.03678275,0.036653373,0.011444539
375316653866487564,5489818405954234112,0.53936386,2247.253006754047,1.7527774153596964,1.8018594E-5,12.955964,0.5831229,0.33534637,0.004187381,0.15546148,0.07219763,0.3215966,0.37232572,0.8382288,0.009734079,0.22221914,0.20285985,0.32468718,0.572492,null,null,null,null,"TWOGAUSSIANS",8,82.71771,0.3339964,0.0032813782,0.4,0.0,0.11421224,0.0064514675,0.8390188,0.008991224,0.4,0.0,0.06929881,0.00582548
375316653866487564,5489828709577433856,0.5353997,2214.6306440096982,3.4363905560849104,2.1465714E-5,18.19568,0.020335466,0.8076209,0.005758971,0.053871818,0.010012254,0.14765543,0.047481444,null,null,null,null,null,null,0.18629868,0.024652943,0.8076209,0.005758971,"ONEGAUSSIAN_WITH_ELLIPSOIDAL",6,28.511631,0.8076209,0.005758971,0.30168217,0.05606862,0.52024966,0.019393396,null,null,null,null,null,null
375316653866487564,5489831806252562048,0.59539104,2203.5806210039527,2.3252818873492216,9.138852E-6,14.084195,7.9698156E-4,0.7878803,0.0017143977,0.0686651,0.018523399,0.0025789714,0.0023481718,null,null,null,null,null,null,0.04374671,9.1744796E-4,0.7878803,0.0017143977,"ONEGAUSSIAN_WITH_ELLIPSOIDAL",6,11.266497,0.7878803,0.0017143977,0.38452458,0.09142093,0.09006892,0.0018319389,null,null,null,null,null,null
375316653866487564,5489833966617686784,0.48271993,2244.3246135657155,1.5387720393998192,1.0646099E-4,17.603796,0.006083424,0.33841553,0.027220786,0.024338985,0.014240294,0.29416493,8.071027,0.8162486,0.010221588,0.029821202,0.01570323,0.500664,0.37861162,null,null,null,null,"TWOGAUSSIANS",8,24.20178,0.8162486,0.010221588,0.16699873,0.087938085,0.500664,0.37861162,0.33841553,0.027220786,0.13629831,0.07974565,0.29416493,8.071027
375316653866487564,5489834864268683520,0.54015124,2250.619201930676,0.3532190229668213,1.3357691E-5,17.577047,0.002122848,0.27446717,0.00735359,0.059906077,0.019527916,0.022419304,0.004421918,0.6952621,8.724966E-4,0.047015127,0.0017762092,0.18797466,0.0020045843,null,null,null,null,"TWOGAUSSIANS",8,1.2987595,0.6952621,8.724966E-4,0.2632847,0.009946771,0.1879746,0.0020042604,0.27446717,0.00735359,0.335474,0.095599286,0.022419257,0.004422803
375316653866487564,5489835482744126720,0.5787541,2240.94964823713,0.23979930740067248,1.224948E-5,16.994678,0.0038937803,0.2581418,0.0018612685,0.0040239966,0.0012340596,0.5395697,0.12987655,0.75080305,0.009045354,0.01317304,0.015883278,0.050533347,0.033293266,null,null,null,null,"TWOGAUSSIANS",8,10.332237,0.2581418,0.0018612685,0.02253438,0.0069107334,0.5395697,0.12987655,0.75080305,0.009045354,0.073769026,0.08894636,0.050533347,0.033293266
375316653866487564,5489843900879818752,0.45368803,2209.3101221767824,2.5254380818267594,3.8139315E-5,16.110214,0.3810192,0.23901168,0.018893728,0.112028,0.14558253,0.11232449,0.3740653,0.7298396,0.01139381,0.11098747,0.07421394,0.13309038,0.27232495,null,null,null,null,"TWOGAUSSIANS",8,62.843918,0.7298396,0.011041079,0.4,0.0,0.11507789,0.008652334,0.23903167,0.019334534,0.4,0.0,0.094311826,0.020309176
375316653866487564,5489847371211650048,0.628881,2274.5163135413054,0.5741787331889613,3.3877911E-6,16.490955,0.0015127953,0.27768922,0.0020985364,0.033009157,0.0030961637,0.04852546,0.004917191,0.77584827,0.0010052097,0.039448712,8.0878695E-4,0.2329059,0.0038549334,0.021133611,0.002492852,0.27768922,0.0020985364,"TWOGAUSSIANS_WITH_ELLIPSOIDAL_ON_ECLIPSE1",9,2.0495803,0.7758883,9.815716E-4,0.2209128,0.004529207,0.27516752,0.0023293626,0.27768922,0.0020985364,0.18485129,0.017338516,0.09079263,0.004141548
375316653866487564,5489850394870374272,0.61394674,2236.2799625729986,0.116069953222417,2.3896722E-4,17.496462,7.3167536E-4,0.18717293,0.015242742,0.010092434,0.007411063,1.2158283,1.2791612,null,null,null,null,null,null,null,null,null,null,"ONEGAUSSIAN",5,1.6495819,0.18717293,0.015242742,0.05651763,0.041501954,1.2158283,0.0,null,null,null,null,null,null
375316653866487564,5489852696968044800,0.48883072,2200.08304138151,3.951011914874027,1.7687387E-5,19.360718,0.004479656,0.7659543,0.0050914604,0.025483543,0.009414041,0.09745546,0.36060387,null,null,null,null,null,null,0.09261928,0.006098396,0.7659543,0.0050914604,"ONEGAUSSIAN_WITH_ELLIPSOIDAL",6,2.7902446,0.7659543,0.0050914604,0.14270784,0.052718632,0.28269398,0.3608373,null,null,null,null,null,null
375316653866487564,5489860118676143104,0.5747356,2234.3185438847922,3.0997398384932464,1.2385099E-5,17.224136,0.014306746,0.277594,0.002778896,0.04816322,0.007925026,0.16729444,0.03760316,0.7853277,0.007814129,0.05666417,0.011008139,0.1330597,0.04030944,0.0904027,0.024676912,0.277594,0.002778896,"TWOGAUSSIANS_WITH_ELLIPSOIDAL_ON_ECLIPSE1",9,12.178586,0.277594,0.002778896,0.26971403,0.044380147,0.34809533,0.01412484,0.7853277,0.007814129,0.31731933,0.06164558,0.31343397,0.022152323
375316653866487564,5489863412913813248,0.516669,2254.998577890278,3.4996218147914036,2.387515E-5,19.021719,0.0053556515,0.26652855,0.0040139854,0.06806433,0.004790242,0.36435542,0.025352549,0.76766855,0.002738217,0.0856001,0.006171163,0.31287172,0.033424888,null,null,null,null,"TWOGAUSSIANS",8,2.038767,0.26652855,0.0040139854,0.38116026,0.026825354,0.36110064,0.02600677,0.76766855,0.002738217,0.4,0.0,0.30961692,0.03470877
375316653866487564,5489866853184863616,0.5897696,2216.5122778302093,2.959588670475216,3.5758826E-6,19.787457,0.004526548,0.27942303,0.0024280064,0.06575792,0.0030061947,0.78937936,0.06868949,0.78601986,0.004416569,0.047714762,0.003282257,0.47800818,0.019748434,null,null,null,null,"TWOGAUSSIANS",8,0.6815278,0.27942303,0.0024280064,0.36824438,0.01683469,0.78932005,0.068718,0.78601986,0.004416569,0.26720268,0.018380638,0.47794884,0.019747542
375316653866487564,5489872243366561664,0.52300626,2177.985044343763,4.221929536355544,1.823273E-5,19.422813,0.013257968,0.24171382,0.0037357742,0.080129616,0.013027549,0.26661265,0.020802932,0.7341812,0.003694207,0.0755744,0.006317867,0.27673903,0.022745233,null,null,null,null,"TWOGAUSSIANS",8,1.6176562,0.7341812,0.003694207,0.4,0.0,0.27406383,0.02232107,0.24171382,0.0037357742,0.4,0.0,0.26393744,0.023045871
375316653866487564,5489872350744359552,0.49647313,2198.9851219204097,3.725139174511532,2.2674647E-5,18.274885,0.11055616,0.15690848,0.0061754514,0.10946987,0.037322465,0.16820233,0.10617512,0.65948856,0.009879321,0.107806176,0.04899878,0.17286465,0.107450806,null,null,null,null,"TWOGAUSSIANS",8,2.9560955,0.65948856,0.009886312,0.4,0.0,0.14938313,0.014839284,0.15690848,0.0061398568,0.4,0.0,0.14471826,0.008996914
