Gaia/vari_eclipsing_binary/VariEclipsingBinary_691437-691587.csv
# %ECSV 1.0
# ---
# delimiter: ','
# meta: !!omap
# - RELEASE: Gaia DR3
# - TABLE: vari_eclipsing_binary
# - DESCRIPTION: >
#     This table describes the properties of the eclipsing binaries resulting from the variability analysis. 
# - CITATION: >
#     How to cite and acknowledge Gaia: 
#     https://gea.esac.esa.int/archive/documentation/credits.html 
# - KNOWN_ISSUES: >
#     Known issues: 
#     https://www.cosmos.esa.int/web/gaia-users/known-issues 
# - DOCUMENTATION: >
#     Tutorials and documentation: 
#     https://www.cosmos.esa.int/web/gaia-users/archive 
# datatype:
# - 
#   name: solution_id
#   datatype: int64
#   description: Solution Identifier
#   meta:
#     ucd: meta.version
# - 
#   name: source_id
#   datatype: int64
#   description: Unique source identifier
#   meta:
#     ucd: meta.id;meta.main
# - 
#   name: global_ranking
#   datatype: float32
#   description: Number between 0 (worst) and 1 (best)
#   meta:
#     ucd: stat.param
# - 
#   name: reference_time
#   datatype: float64
#   unit: d
#   description: Reference time used for the geometric model fit
#   meta:
#     ucd: time.epoch
# - 
#   name: frequency
#   datatype: float64
#   unit: d**-1
#   description: Frequency of geometric model of the eclipsing binary light curve
#   meta:
#     ucd: src.orbital
# - 
#   name: frequency_error
#   datatype: float32
#   unit: d**-1
#   description: "Uncertainty of \\texttt{frequency}"
#   meta:
#     ucd: stat.error
# - 
#   name: geom_model_reference_level
#   datatype: float32
#   unit: mag
#   description: Magnitude reference level of geometric model
#   meta:
#     ucd: phot.mag;em.opt
# - 
#   name: geom_model_reference_level_error
#   datatype: float32
#   unit: mag
#   description: "Uncertainty of \\texttt{geomModelReferenceLevel}"
#   meta:
#     ucd: stat.error;phot.mag;em.opt
# - 
#   name: geom_model_gaussian1_phase
#   datatype: float32
#   description: Phase of the Gaussian 1 component
#   meta:
#     ucd: time.phase
# - 
#   name: geom_model_gaussian1_phase_error
#   datatype: float32
#   description: "Uncertainty of \\texttt{geomModelGaussian1Phase}"
#   meta:
#     ucd: stat.error;time.phase
# - 
#   name: geom_model_gaussian1_sigma
#   datatype: float32
#   description: "Standard deviation [phase] of Gaussian 1 component"
#   meta:
#     ucd: stat.stdev
# - 
#   name: geom_model_gaussian1_sigma_error
#   datatype: float32
#   description: "Uncertainty of \\texttt{geomModelGaussian1Sigma}"
#   meta:
#     ucd: stat.error
# - 
#   name: geom_model_gaussian1_depth
#   datatype: float32
#   unit: mag
#   description: Magnitude depth of Gaussian 1 component
#   meta:
#     ucd: src.var.amplitude
# - 
#   name: geom_model_gaussian1_depth_error
#   datatype: float32
#   unit: mag
#   description: "Uncertainty of \\texttt{geomModelGaussian1Depth}"
#   meta:
#     ucd: stat.error;src.var.amplitude
# - 
#   name: geom_model_gaussian2_phase
#   datatype: float32
#   description: Phase of Gaussian 2 component
#   meta:
#     ucd: time.phase
# - 
#   name: geom_model_gaussian2_phase_error
#   datatype: float32
#   description: "Uncertainty of \\texttt{geomModelGaussian2Phase}"
#   meta:
#     ucd: stat.error;time.phase
# - 
#   name: geom_model_gaussian2_sigma
#   datatype: float32
[...]
#   datatype: float32
#   description: "Secondary eclipse: uncertainty of \\texttt{derivedSecondaryEclDuration}"
#   meta:
#     ucd: stat.error;time.duration
# - 
#   name: derived_secondary_ecl_depth
#   datatype: float32
#   unit: mag
#   description: "Secondary eclipse: depth"
#   meta:
#     ucd: src.var.amplitude
# - 
#   name: derived_secondary_ecl_depth_error
#   datatype: float32
#   unit: mag
#   description: "Secondary eclipse: uncertainty of \\texttt{derivedSecondaryEclDepth}"
#   meta:
#     ucd: stat.error;src.var.amplitude
solution_id,source_id,global_ranking,reference_time,frequency,frequency_error,geom_model_reference_level,geom_model_reference_level_error,geom_model_gaussian1_phase,geom_model_gaussian1_phase_error,geom_model_gaussian1_sigma,geom_model_gaussian1_sigma_error,geom_model_gaussian1_depth,geom_model_gaussian1_depth_error,geom_model_gaussian2_phase,geom_model_gaussian2_phase_error,geom_model_gaussian2_sigma,geom_model_gaussian2_sigma_error,geom_model_gaussian2_depth,geom_model_gaussian2_depth_error,geom_model_cosine_half_period_amplitude,geom_model_cosine_half_period_amplitude_error,geom_model_cosine_half_period_phase,geom_model_cosine_half_period_phase_error,model_type,num_model_parameters,reduced_chi2,derived_primary_ecl_phase,derived_primary_ecl_phase_error,derived_primary_ecl_duration,derived_primary_ecl_duration_error,derived_primary_ecl_depth,derived_primary_ecl_depth_error,derived_secondary_ecl_phase,derived_secondary_ecl_phase_error,derived_secondary_ecl_duration,derived_secondary_ecl_duration_error,derived_secondary_ecl_depth,derived_secondary_ecl_depth_error
[from data line 108]
375316653866487564,6082192046453333760,0.5261553,2180.9498101739273,2.555032690391295,1.4196339E-5,17.032663,0.035252016,0.25808746,0.003688466,0.1255581,0.013290652,0.25250554,0.031993378,0.7363305,0.0034547215,0.124957524,0.013480267,0.26521298,0.030225374,null,null,null,null,"TWOGAUSSIANS",8,8.769752,0.7363305,0.0034547215,0.4,0.0,0.20628613,0.008327238,0.25833747,0.003601849,0.4,0.0,0.19357398,0.00672147
375316653866487564,6082192871088625536,0.4799542,2188.87646340199,3.567313552204199,1.8941393E-5,19.551468,0.015856463,0.2590979,0.010564325,0.057922952,0.017688429,0.15467778,0.019611549,0.7495337,0.0036780734,0.06845394,0.0097459955,0.24589977,0.0288445,null,null,null,null,"TWOGAUSSIANS",8,2.8304474,0.7495337,0.0036780734,0.38334206,0.042417444,0.24578299,0.028895559,0.2590979,0.010564325,0.32436854,0.0990552,0.154561,0.019514063
375316653866487564,6082197539710217856,0.41285688,2200.50847055491,2.101493828229317,3.708529E-5,18.81756,0.03153178,0.22737926,0.0138181625,0.07219377,0.01851829,0.12871666,0.04791523,0.7545254,0.04218957,0.1116425,0.076816276,0.06689973,0.02563076,null,null,null,null,"TWOGAUSSIANS",8,5.5678825,0.22736926,0.0137903895,0.4,0.065419175,0.12600772,0.043471154,0.7545254,0.04218957,0.4,0.0,0.06418131,0.023788612
375316653866487564,6082198226904435712,0.5058072,2178.496842456832,2.741484764268567,2.8489134E-5,18.973726,0.008829773,0.2247529,0.011012312,0.040848177,0.01536618,0.08577316,0.048120525,0.7257718,0.0021981935,0.032162625,0.006877623,0.49379635,0.07695556,0.056127567,0.024295166,0.2247529,0.011012312,"TWOGAUSSIANS_WITH_ELLIPSOIDAL_ON_ECLIPSE1",9,10.353232,0.7257718,0.002170001,0.18011071,0.03851469,0.6060467,0.081157856,0.2247529,0.011012312,0.2287498,0.08605061,0.19802807,0.040019743
375316653866487564,6082198776661268736,0.6125154,2204.26288146042,1.4388254541238998,6.280862E-6,15.694489,0.0084993495,0.2281475,0.0022110734,0.114408016,0.0056019435,0.22169203,0.0078661265,0.7265258,7.5333106E-4,0.1018011,0.0027770663,0.26713565,0.008089551,null,null,null,null,"TWOGAUSSIANS",8,7.217199,0.7265258,7.5333106E-4,0.4,0.0,0.23449333,0.0029557827,0.2281475,0.0022110734,0.4,0.0,0.18902117,0.0046265894
375316653866487564,6082203380865088512,0.53394514,2181.2670684107575,3.388257111403965,2.1952419E-5,17.876192,0.018829884,0.25171143,0.0050487886,0.07930605,0.008927267,0.2723282,0.022957543,0.74407446,0.004352847,0.087543204,0.007917547,0.3684514,0.021602023,null,null,null,null,"TWOGAUSSIANS",8,16.613588,0.74407446,0.004352847,0.4,0.0,0.3622257,0.020783281,0.25171143,0.0050487886,0.4,0.0,0.26610258,0.021981321
375316653866487564,6082208466106430848,0.6059348,2189.947186768725,3.0663916217467477,1.0131396E-5,17.69024,0.013943863,0.27780917,0.0022426303,0.05468292,0.0030216537,0.4624896,0.038771007,0.773076,0.0027306003,0.047630142,0.0048968024,0.36952555,0.035196815,0.12250801,0.017180039,0.27780917,0.0022426303,"TWOGAUSSIANS_WITH_ELLIPSOIDAL_ON_ECLIPSE1",9,16.475636,0.27780917,0.0022426303,0.30622435,0.016921261,0.7074913,0.025553687,0.77357596,0.0023941416,0.2667288,0.027422093,0.61433357,0.03357578
375316653866487564,6082214998758801408,0.46244398,2182.2633216959684,0.6572006103050215,1.3329153E-4,16.469164,0.009889155,0.30212417,0.027848417,0.086746424,0.012353768,0.091568016,0.015947105,0.70212996,0.008695299,0.023192775,0.0074536228,1.0434685,0.48431414,null,null,null,null,"TWOGAUSSIANS",8,247.188,0.70212996,0.008695299,0.12987953,0.041740287,1.0434706,0.48431328,0.30212417,0.027848417,0.4,0.0,0.09156793,0.015946846
375316653866487564,6082215716013135872,0.6013099,2184.1942411881514,3.4848799795273706,8.735039E-6,18.41322,0.010011428,0.22450526,0.0016021356,0.04977356,0.005457095,0.2205937,0.023697553,0.725361,0.004438498,0.053791244,0.0050826245,0.22174938,0.021906737,0.09215544,0.012181448,0.22450526,0.0016021356,"TWOGAUSSIANS_WITH_ELLIPSOIDAL_ON_ECLIPSE1",9,2.2805037,0.725361,0.004383607,0.30123097,0.028462699,0.40605,0.0072402046,0.22450526,0.0016021356,0.27873194,0.030559732,0.40489966,0.024399316
375316653866487564,6082221424030548480,0.49817502,2226.5418569411518,2.318057191971109,1.5893722E-5,17.599615,0.16965057,0.28752038,0.005857539,0.12793009,0.08244636,0.09226295,0.16621621,0.77533364,0.006586816,0.11505448,0.04335088,0.11250481,0.1427785,null,null,null,null,"TWOGAUSSIANS",8,2.0865934,0.77533364,0.006586816,0.4,0.0,0.09072434,0.0050367606,0.2875704,0.00570974,0.4,0.0,0.07040741,0.0071980073
375316653866487564,6082227471336992256,0.6140705,2209.4273020301266,4.305534980088262,6.7967376E-6,18.311596,0.0058467686,0.27306414,0.0014854363,0.0655876,0.0018527886,0.59485,0.008702894,0.78028786,0.0014336634,0.068121165,0.0014761683,0.68398666,0.020155346,null,null,null,null,"TWOGAUSSIANS",8,3.6066353,0.78028786,0.0014336634,0.38147855,0.008266542,0.6830285,0.020182433,0.27306414,0.0014854363,0.3672906,0.010375616,0.59389186,0.008668669
375316653866487564,6082228880093910656,0.5303628,2241.3060245801626,1.308344224192995,1.8022587E-5,16.2171,0.007865693,0.26062563,0.0027949503,0.041740254,0.005032642,0.08418667,0.016637888,0.74671215,0.010057405,0.062195048,0.017912507,0.07108358,0.017892648,0.0151405195,0.008318395,0.26062563,0.0027949503,"TWOGAUSSIANS_WITH_ELLIPSOIDAL_ON_ECLIPSE1",9,6.0832767,0.26062563,0.0027949503,0.23374543,0.028182795,0.114459015,0.004571758,0.7483121,0.008505214,0.34829226,0.096816905,0.10115151,0.014930728
375316653866487564,6082229631707482112,0.47956353,2220.266609900529,0.6124658230249137,3.1423875E-5,17.831196,0.17908493,0.24131176,0.009023371,0.19047636,0.122604005,0.14190145,0.17483783,0.76004463,0.013674218,0.13942073,0.029046852,0.1536986,0.12221666,null,null,null,null,"TWOGAUSSIANS",8,1.6893542,0.76434463,0.007213043,0.4,0.0,0.07974117,0.006536814,0.23969176,0.0076862597,0.4,0.0,0.059128605,0.011050289
375316653866487564,6082231212255255808,0.51023185,2252.004070305088,1.044148711147301,7.109983E-5,19.392202,0.010608298,0.18536322,0.024858255,0.068546,0.024980308,0.03306932,0.013547422,0.6855029,0.0010791504,0.012697475,0.0011257521,0.47494972,0.014431872,null,null,null,null,"TWOGAUSSIANS",8,1.5145124,0.6855029,0.0010791504,0.07110586,0.006304212,0.47494972,0.014432145,0.18536322,0.024858255,0.38385758,0.074284725,0.03306932,0.013547064
375316653866487564,6082231796370985216,0.49154872,2194.5065369753593,3.0959588440178583,3.2733977E-5,17.540287,0.03909199,0.3330106,0.0051322016,0.12402815,0.021020157,0.14701653,0.038374506,0.8520309,0.0059665726,0.12259752,0.025071705,0.12842935,0.03663922,null,null,null,null,"TWOGAUSSIANS",8,3.7128198,0.33287063,0.0049221884,0.4,0.0,0.11708244,0.005442603,0.85223085,0.005856846,0.4,0.0,0.0985234,0.008374427
375316653866487564,6082233312500179200,0.65999275,2214.672786159916,2.084102602977121,3.296957E-6,15.515207,0.0022158588,0.2506495,8.0617797E-4,0.048894797,0.015269369,0.059351206,0.17008075,0.75153065,0.0063598678,0.040608782,0.009476845,0.061558984,0.019479234,0.094253264,0.0026132413,0.2506495,8.0617797E-4,"TWOGAUSSIANS_WITH_ELLIPSOIDAL_ON_ECLIPSE1",9,3.3656795,0.75153065,0.0060614403,0.22740918,0.053070333,0.25005946,0.023195203,0.2506495,8.0617797E-4,0.27381086,0.085508466,0.24785745,0.17131442
375316653866487564,6082234686889505664,0.53040373,2184.915491918003,1.5813753008567273,1.8339846E-5,16.477484,0.002357474,0.2631739,0.0059359698,0.074020214,0.0054544723,0.05828553,0.0028013329,0.766357,0.0034452383,0.069538906,0.006467069,0.10819565,0.008341993,null,null,null,null,"TWOGAUSSIANS",8,3.7847776,0.766357,0.0034452383,0.3894179,0.03339429,0.10785941,0.00849119,0.2631739,0.0059359698,0.4,0.002208987,0.057949293,0.0026510959
375316653866487564,6082243620421619456,0.5562262,2211.508897923229,3.6663411332420903,1.4277061E-5,16.42121,0.02246972,0.33218417,0.00556133,0.105930105,0.014320943,0.2252775,0.01962375,0.81506974,0.0031133036,0.10457887,0.010231257,0.21656016,0.021321112,null,null,null,null,"TWOGAUSSIANS",8,13.646237,0.33219415,0.005570874,0.4,0.0,0.20366274,0.009776209,0.81506974,0.0031133036,0.4,0.0,0.19494767,0.007454263
375316653866487564,6082246369200767360,0.5548337,2191.3297059043584,0.6334937478520593,1.6994874E-5,15.237759,0.0032340672,0.15009971,0.0020601032,0.027248753,0.0034309244,0.50706017,0.22246173,0.40225866,0.076945834,0.11119686,0.03324634,0.013828705,0.005936189,null,null,null,null,"TWOGAUSSIANS",8,69.468925,0.1501297,0.002045179,0.15259302,0.019213177,0.50811654,0.22294715,0.40225866,0.076945834,0.4,0.0,0.01382758,0.0059366375
375316653866487564,6082246708497751552,0.5689036,2200.63295996946,2.5196900259335147,1.863788E-5,18.017168,0.012889677,0.27241883,0.0040656985,0.082273245,0.004456493,0.45284742,0.025100954,0.7725667,0.0027829562,0.08564727,0.0048647244,0.43929562,0.021295328,null,null,null,null,"TWOGAUSSIANS",8,7.365402,0.27241883,0.0040656985,0.4,0.0,0.4422855,0.024697332,0.7725667,0.0027829562,0.4,0.0,0.42873368,0.021951796
375316653866487564,6082246811576944768,0.56133765,2202.7673559562313,0.26388341201451365,2.9223526E-4,18.633211,0.0029593608,0.20815216,0.009769439,0.028227504,0.01074039,0.022846568,0.008828688,0.37105078,0.0038464384,0.019851519,0.0019896475,0.41601554,0.044157334,null,null,null,null,"TWOGAUSSIANS",8,1.7935839,0.37105078,0.0038464384,0.11116851,0.011142026,0.41601554,0.044157345,0.20815216,0.009769439,0.15807402,0.060146183,0.022846568,0.008828688
375316653866487564,6082247636210526464,0.56274605,2237.893322090915,3.8197213987389818,1.6982876E-5,19.242176,0.01620773,0.2522972,0.0045120027,0.038139977,0.037495546,0.15055384,4.9756312E28,0.76564294,0.007517895,0.043326054,0.0113979485,0.21101026,0.038491488,0.13834186,0.019766757,0.2522972,0.0045120027,"TWOGAUSSIANS_WITH_ELLIPSOIDAL_ON_ECLIPSE1",9,2.0487726,0.76564294,0.007517895,0.24262589,0.06382851,0.48575258,0.036104836,0.2522972,0.0045120027,0.21358386,0.20997506,0.4272371,4.9756312E28
375316653866487564,6082249182398938496,0.45048755,2183.5012066395116,0.9274700893233393,2.864118E-5,17.629242,0.0026033365,null,null,null,null,null,null,null,null,null,null,null,null,0.048449166,0.0040547936,0.21887071,0.006073631,"ELLIPSOIDAL",4,6.8205442,null,null,null,null,null,null,null,null,null,null,null,null
375316653866487564,6082260280589785984,0.4477956,2164.6960536390243,0.2536327804796537,1.6952562E-4,18.333584,0.01029711,0.36751953,0.015738774,0.13822623,0.016780263,0.16546492,0.02130746,0.8187865,0.024741458,0.05754529,0.012793052,0.0859218,0.025880983,null,null,null,null,"TWOGAUSSIANS",8,8.223364,0.36751953,0.015738774,0.4,0.0,0.16053909,0.023454541,0.8187865,0.024741458,0.3222536,0.071641095,0.081860796,0.029208647
375316653866487564,6082261143884889984,0.4773358,2180.9645136382683,0.10622338005879452,8.5355445E-5,18.102755,0.0040699523,0.73535764,0.026595535,0.10385728,0.047660787,0.061943874,0.14587985,0.4829314,0.03093036,0.023214415,0.009490489,1.2217785,2.2879043,null,null,null,null,"TWOGAUSSIANS",8,2.2558568,0.4829614,0.030998236,0.13000073,0.053146742,1.2250088,2.28728,0.73535764,0.026595535,0.4,0.031922907,0.061942726,0.1458877
375316653866487564,6082261865439444096,0.44125327,2176.1453912565144,0.637428682218871,2.845977E-5,16.694407,0.0028233128,0.27036136,0.006218554,0.053169295,0.010050596,0.056048706,0.019172603,0.7279399,0.005984488,0.050222825,0.015219019,0.057408597,0.015734116,null,null,null,null,"TWOGAUSSIANS",8,7.8935323,0.7279399,0.005984488,0.28124782,0.085226506,0.057408478,0.015735181,0.27036136,0.006218554,0.29774806,0.056283336,0.056048587,0.019172713
375316653866487564,6082262651411835136,0.57578874,2168.910877510179,2.3494103778928013,7.969686E-6,18.489807,0.009098355,0.23662227,0.001934549,0.068330094,0.002500474,0.5083761,0.011847551,0.73368484,0.011673198,0.10084854,0.01706468,0.1536547,0.015216974,null,null,null,null,"TWOGAUSSIANS",8,2.7766473,0.23662227,0.001934549,0.38264853,0.014002655,0.5026987,0.010372465,0.73368484,0.011673198,0.4,0.0,0.14797588,0.017751798
375316653866487564,6082263407329911936,0.57286096,2186.9706345670006,3.193500351407915,9.964676E-6,18.519304,0.04891228,0.2341109,0.0038336597,0.119807705,0.013520702,0.38908976,0.046252012,0.74013555,0.0027100786,0.10877393,0.009684559,0.420289,0.047393437,null,null,null,null,"TWOGAUSSIANS",8,2.2445357,0.7401656,0.002709288,0.4,0.0,0.35093063,0.012132538,0.23410091,0.003843787,0.4,0.0,0.31962255,0.013423062
375316653866487564,6082263583426393856,0.44655725,2204.2804574059332,2.325232619025927,4.6101337E-5,15.411879,0.009880891,0.20527141,0.012125828,0.109123625,0.01882402,0.08064715,0.013852119,0.72559893,0.00921267,0.044157755,0.018262148,0.047223285,0.011501406,null,null,null,null,"TWOGAUSSIANS",8,74.119774,0.20527141,0.012125828,0.4,0.0,0.08025117,0.012875235,0.72560894,0.009202311,0.24728343,0.10226803,0.04683338,0.010500747
375316653866487564,6082264472478087296,0.47182146,2207.8986942070105,1.8367711187709765,2.7063787E-5,19.495455,0.011757913,0.25162733,0.010824749,0.03998325,0.00872626,0.41985378,0.067299195,0.75299007,0.0029039467,0.03918929,0.0051148348,0.17045443,0.023278283,null,null,null,null,"TWOGAUSSIANS",8,4.455767,0.25162733,0.010824749,0.2239062,0.048867054,0.41985378,0.067299195,0.75299007,0.0029039467,0.21946003,0.028643074,0.17045441,0.023278285
375316653866487564,6082267466076871040,0.58619446,2166.678671541648,2.5306607376940016,8.129436E-6,15.958264,0.008728101,0.12523091,0.0019527794,0.05822012,0.006654487,0.14540806,0.020925833,0.62806237,0.005808552,0.047368977,0.009301352,0.16201271,0.034929782,0.12314372,0.01127063,0.12523091,0.0019527794,"TWOGAUSSIANS_WITH_ELLIPSOIDAL_ON_ECLIPSE1",9,27.158764,0.62806237,0.005723164,0.26526627,0.05208757,0.40820765,0.040601358,0.12523091,0.0019527794,0.32603267,0.03726513,0.39168096,0.011042455
375316653866487564,6082270455367135744,0.44821504,2166.209941121924,3.1759057294039894,3.8614355E-5,19.26256,0.052359,0.31462684,0.009530546,0.09271794,0.026891673,0.2218116,0.045643296,0.8321938,0.02821551,0.10157416,0.036049284,0.24509001,0.060591638,null,null,null,null,"TWOGAUSSIANS",8,7.72593,0.8321938,0.028213749,0.4,0.0,0.23165298,0.055640325,0.31462684,0.009533437,0.4,0.0,0.20837791,0.028045807
375316653866487564,6082271176921692800,0.5276886,2152.221643035249,3.123648553505929,1.13263E-5,19.020144,0.015343228,0.28617904,0.0017613326,0.06774077,0.0028814634,0.5015741,0.0130576575,0.7826047,0.0046488587,0.07209817,0.009903442,0.5140089,0.07565055,null,null,null,null,"TWOGAUSSIANS",8,4.6946564,0.7826047,0.0046488587,0.4,0.017047562,0.51245755,0.07701749,0.28617904,0.0017613326,0.3793483,0.016136196,0.50002277,0.01176159
375316653866487564,6082273375951880320,0.56166714,2162.3607602473357,2.6275769428734304,9.486896E-6,17.690765,0.0066782176,0.21895793,0.0035835735,0.08764916,0.007472921,0.15850952,0.0063879606,0.72030747,0.0018560655,0.09009993,0.0039132657,0.19930555,0.005982387,null,null,null,null,"TWOGAUSSIANS",8,2.2633948,0.72030747,0.0018560655,0.4,0.0,0.1926431,0.0032527598,0.21895793,0.0035835735,0.4,0.0,0.15184712,0.0054173428
375316653866487564,6082275982990548096,0.4954895,2201.503908298147,3.5998694647046827,1.6479002E-5,19.15997,0.017648777,0.26294807,0.005825314,0.07004953,0.008436249,0.3001631,0.020205874,0.75822115,0.0066710245,0.08544932,0.009561738,0.20389086,0.01968918,null,null,null,null,"TWOGAUSSIANS",8,4.327024,0.26294807,0.005825314,0.3922774,0.031012107,0.29768413,0.01934955,0.75822115,0.0066710245,0.4,0.0,0.2014119,0.017878823
375316653866487564,6082277804056952320,0.5886162,2176.7887762924825,0.37103010734306174,1.2682547E-4,19.204895,0.0051476867,0.2782969,0.001582413,0.03360803,0.001648651,1.1265463,0.052483317,0.76313984,0.0010671874,0.03494608,0.004562754,0.10918146,0.00442732,null,null,null,null,"TWOGAUSSIANS",8,1.6203188,0.2782969,0.001582413,0.18820497,0.009232446,1.1265463,0.052483317,0.76313984,0.0010671874,0.19569805,0.025551423,0.10918146,0.00442732
