Gaia/vari_eclipsing_binary/VariEclipsingBinary_461702-461715.csv
# %ECSV 1.0
# ---
# delimiter: ','
# meta: !!omap
# - RELEASE: Gaia DR3
# - TABLE: vari_eclipsing_binary
# - DESCRIPTION: >
#     This table describes the properties of the eclipsing binaries resulting from the variability analysis. 
# - CITATION: >
#     How to cite and acknowledge Gaia: 
#     https://gea.esac.esa.int/archive/documentation/credits.html 
# - KNOWN_ISSUES: >
#     Known issues: 
#     https://www.cosmos.esa.int/web/gaia-users/known-issues 
# - DOCUMENTATION: >
#     Tutorials and documentation: 
#     https://www.cosmos.esa.int/web/gaia-users/archive 
# datatype:
# - 
#   name: solution_id
#   datatype: int64
#   description: Solution Identifier
#   meta:
#     ucd: meta.version
# - 
#   name: source_id
#   datatype: int64
#   description: Unique source identifier
#   meta:
#     ucd: meta.id;meta.main
# - 
#   name: global_ranking
#   datatype: float32
#   description: Number between 0 (worst) and 1 (best)
#   meta:
#     ucd: stat.param
# - 
#   name: reference_time
#   datatype: float64
#   unit: d
#   description: Reference time used for the geometric model fit
#   meta:
#     ucd: time.epoch
# - 
#   name: frequency
#   datatype: float64
#   unit: d**-1
#   description: Frequency of geometric model of the eclipsing binary light curve
#   meta:
#     ucd: src.orbital
# - 
#   name: frequency_error
#   datatype: float32
#   unit: d**-1
#   description: "Uncertainty of \\texttt{frequency}"
#   meta:
#     ucd: stat.error
# - 
#   name: geom_model_reference_level
#   datatype: float32
#   unit: mag
#   description: Magnitude reference level of geometric model
#   meta:
#     ucd: phot.mag;em.opt
# - 
#   name: geom_model_reference_level_error
#   datatype: float32
#   unit: mag
#   description: "Uncertainty of \\texttt{geomModelReferenceLevel}"
#   meta:
#     ucd: stat.error;phot.mag;em.opt
# - 
#   name: geom_model_gaussian1_phase
#   datatype: float32
#   description: Phase of the Gaussian 1 component
#   meta:
#     ucd: time.phase
# - 
#   name: geom_model_gaussian1_phase_error
#   datatype: float32
#   description: "Uncertainty of \\texttt{geomModelGaussian1Phase}"
#   meta:
#     ucd: stat.error;time.phase
# - 
#   name: geom_model_gaussian1_sigma
#   datatype: float32
#   description: "Standard deviation [phase] of Gaussian 1 component"
#   meta:
#     ucd: stat.stdev
# - 
#   name: geom_model_gaussian1_sigma_error
#   datatype: float32
#   description: "Uncertainty of \\texttt{geomModelGaussian1Sigma}"
#   meta:
#     ucd: stat.error
# - 
#   name: geom_model_gaussian1_depth
#   datatype: float32
#   unit: mag
#   description: Magnitude depth of Gaussian 1 component
#   meta:
#     ucd: src.var.amplitude
# - 
#   name: geom_model_gaussian1_depth_error
#   datatype: float32
#   unit: mag
#   description: "Uncertainty of \\texttt{geomModelGaussian1Depth}"
#   meta:
#     ucd: stat.error;src.var.amplitude
# - 
#   name: geom_model_gaussian2_phase
#   datatype: float32
#   description: Phase of Gaussian 2 component
#   meta:
#     ucd: time.phase
# - 
#   name: geom_model_gaussian2_phase_error
#   datatype: float32
#   description: "Uncertainty of \\texttt{geomModelGaussian2Phase}"
#   meta:
#     ucd: stat.error;time.phase
# - 
#   name: geom_model_gaussian2_sigma
#   datatype: float32
[...]
#   datatype: float32
#   description: "Secondary eclipse: uncertainty of \\texttt{derivedSecondaryEclDuration}"
#   meta:
#     ucd: stat.error;time.duration
# - 
#   name: derived_secondary_ecl_depth
#   datatype: float32
#   unit: mag
#   description: "Secondary eclipse: depth"
#   meta:
#     ucd: src.var.amplitude
# - 
#   name: derived_secondary_ecl_depth_error
#   datatype: float32
#   unit: mag
#   description: "Secondary eclipse: uncertainty of \\texttt{derivedSecondaryEclDepth}"
#   meta:
#     ucd: stat.error;src.var.amplitude
solution_id,source_id,global_ranking,reference_time,frequency,frequency_error,geom_model_reference_level,geom_model_reference_level_error,geom_model_gaussian1_phase,geom_model_gaussian1_phase_error,geom_model_gaussian1_sigma,geom_model_gaussian1_sigma_error,geom_model_gaussian1_depth,geom_model_gaussian1_depth_error,geom_model_gaussian2_phase,geom_model_gaussian2_phase_error,geom_model_gaussian2_sigma,geom_model_gaussian2_sigma_error,geom_model_gaussian2_depth,geom_model_gaussian2_depth_error,geom_model_cosine_half_period_amplitude,geom_model_cosine_half_period_amplitude_error,geom_model_cosine_half_period_phase,geom_model_cosine_half_period_phase_error,model_type,num_model_parameters,reduced_chi2,derived_primary_ecl_phase,derived_primary_ecl_phase_error,derived_primary_ecl_duration,derived_primary_ecl_duration_error,derived_primary_ecl_depth,derived_primary_ecl_depth_error,derived_secondary_ecl_phase,derived_secondary_ecl_phase_error,derived_secondary_ecl_duration,derived_secondary_ecl_duration_error,derived_secondary_ecl_depth,derived_secondary_ecl_depth_error
[from data line 188]
375316653866487564,4061250092293951360,0.49152517,2315.721907588829,0.3557537941975047,6.0784838E-5,17.507132,0.0062017264,0.76845086,0.011336056,0.03015575,0.0070808455,0.266425,0.06246476,null,null,null,null,null,null,0.020901222,0.009613053,0.76845086,0.011336056,"ONEGAUSSIAN_WITH_ELLIPSOIDAL",6,9.384663,0.76845086,0.011336056,0.16887219,0.039652735,0.30822745,0.060678292,null,null,null,null,null,null
375316653866487564,4061250195355402496,0.47715902,2283.9717910519516,2.308191187993463,6.5764936E-5,19.654493,0.10091307,0.74598414,0.045225654,0.13383235,0.19344126,0.0955862,0.21135592,0.47351474,0.01865394,0.064637095,0.009298574,0.34446502,0.038690887,null,null,null,null,"TWOGAUSSIANS",8,2.3504155,0.47579473,0.013565652,0.36196774,0.052072015,0.3563552,0.0616275,0.74537414,0.04508068,0.4,0.20348787,0.09528424,0.20409031
375316653866487564,4061250710754147456,0.56560236,2268.381048174074,0.5523298521241471,2.290331E-5,18.49305,0.0071298326,0.30430263,0.005956871,0.041416284,0.004630158,0.24267183,0.011358689,0.8089506,0.0034287742,0.043220427,0.0038865176,0.1967594,0.011297455,null,null,null,null,"TWOGAUSSIANS",8,2.167799,0.30430263,0.005956871,0.23193118,0.025928887,0.24267183,0.011358675,0.8089506,0.0034287742,0.24203439,0.021764498,0.19675939,0.011297458
375316653866487564,4061251878983117824,0.5482293,2258.307244652105,2.5836182307634634,4.5730838E-5,19.10666,0.047568627,0.21303228,0.016911678,0.10249697,0.02544211,0.2664209,0.046172645,0.7206799,0.012799072,0.09307084,0.021817733,0.35249314,0.046741396,null,null,null,null,"TWOGAUSSIANS",8,1.3722568,0.7206799,0.012799951,0.4,0.0,0.33162796,0.032120734,0.21303228,0.01691036,0.4,0.0,0.24555232,0.012778334
375316653866487564,4061253115929030784,0.4274569,2247.4147757854666,0.10647743374100213,2.506557E-5,18.686352,0.028786428,0.1553372,0.0323253,0.08460073,0.034609955,0.10204993,0.019787908,0.67730916,0.008009666,0.05984615,0.020065228,0.18111469,0.032779638,null,null,null,null,"TWOGAUSSIANS",8,3.4700308,0.67730916,0.008009666,0.33513844,0.112365276,0.1807453,0.0333591,0.1553372,0.0323253,0.4,0.023426045,0.10168054,0.019774482
375316653866487564,4061253493885614464,0.44806972,2324.369305391941,1.1446528459478267,6.947666E-5,19.332884,0.15012372,0.16399413,0.025104074,0.07753543,0.024764422,0.38544965,0.14917915,0.7019682,0.056392413,0.073115334,0.1152144,0.19407482,0.17012638,null,null,null,null,"TWOGAUSSIANS",8,4.604068,0.16399413,0.022236094,0.4,0.022804877,0.38451347,0.1248292,0.7019682,0.056428924,0.4,0.1901454,0.19313866,0.117545575
375316653866487564,4061253596965133696,0.531167,2264.42209710058,3.2322269149772342,2.2055568E-5,19.688786,0.046061642,0.26610562,0.0042115515,0.07517305,0.008505723,0.41278914,0.04390579,0.7744529,0.017844558,0.08291547,0.06638836,0.28151056,0.15051998,null,null,null,null,"TWOGAUSSIANS",8,1.7680854,0.26610562,0.0042066365,0.4,0.0,0.408966,0.01866558,0.7744529,0.017844558,0.4,0.003554646,0.2776874,0.17640683
375316653866487564,4061255521133646208,0.677405,2251.5752088886434,1.1264602141320268,3.2870291E-6,13.944672,0.0074316966,0.285348,0.0017466404,0.10912526,0.0034941928,0.28397352,0.007902388,0.7814798,8.94615E-4,0.09856287,0.002814442,0.2846909,0.0068363305,null,null,null,null,"TWOGAUSSIANS",8,17.370323,0.7814798,8.94615E-4,0.4,0.0,0.25478053,0.0025464946,0.285348,0.0017466404,0.4,0.0,0.2540488,0.0049254564
375316653866487564,4061255795988491520,0.4852806,2230.259929145269,2.7208970444873453,2.444201E-5,18.109228,0.010963012,null,null,null,null,null,null,null,null,null,null,null,null,0.15785941,0.015648782,0.25446272,0.0069459886,"ELLIPSOIDAL",4,26.303576,null,null,null,null,null,null,null,null,null,null,null,null
375316653866487564,4061256036518732672,0.56176823,2278.1882133059066,1.1775547449245791,4.1763833E-5,19.828497,0.024970673,0.28969294,0.01653099,0.06835809,0.015092352,0.5318598,0.10032728,0.7933355,0.008400312,0.08485622,0.0112146,0.489558,0.06159393,null,null,null,null,"TWOGAUSSIANS",8,1.8195081,0.28969294,0.01653099,0.38280535,0.041601162,0.5273149,0.101771966,0.7933355,0.008400312,0.4,0.0,0.48501304,0.06390583
375316653866487564,4061256208357107072,0.4744068,2265.9163931833014,2.739106225298831,1.03272105E-4,19.368828,0.01682837,0.27940363,0.031851888,0.0576476,0.02949808,0.26049176,0.040075604,0.74968046,0.0047690156,0.06929586,0.007011191,0.32677174,0.046458345,null,null,null,null,"TWOGAUSSIANS",8,5.3386073,0.74968046,0.0047690156,0.3880568,0.03814348,0.32667458,0.046473693,0.27940363,0.031851888,0.32282656,0.13569699,0.2603946,0.04018831
375316653866487564,4061258269896728832,0.531749,2251.080048026248,2.6669351806248347,2.8059918E-5,19.572935,0.014818668,0.2531342,0.01391701,0.086698525,0.010366142,0.37414604,0.024645772,0.7780724,0.006628072,0.079963855,0.0077535384,0.47969136,0.04781805,null,null,null,null,"TWOGAUSSIANS",8,2.715659,0.7780724,0.006628072,0.4,0.0,0.47379494,0.049475484,0.2531342,0.01391701,0.4,0.0,0.3682495,0.021724857
375316653866487564,4061260297118336128,0.492694,2206.736561532032,2.733305760949371,1.5069791E-5,19.555168,0.025941273,0.31146097,0.0036043385,0.060022004,0.008756518,0.4535592,0.057653133,0.7892711,0.011277892,0.08336067,0.013925527,0.34482193,0.03441628,null,null,null,null,"TWOGAUSSIANS",8,4.734475,0.31146097,0.0036043385,0.33612323,0.049036503,0.4525568,0.058395725,0.7892711,0.011277892,0.4,0.0,0.34381947,0.033531554
375316653866487564,4061260503277193984,0.49613208,2239.961760697954,0.867670509471474,2.5852594E-5,19.235607,0.024532314,0.23514122,0.027413081,0.0760551,0.020370346,0.32366705,0.18619001,0.730847,0.0074591213,0.066553146,0.009408607,0.42976892,0.026942132,null,null,null,null,"TWOGAUSSIANS",8,4.150753,0.730847,0.0074591213,0.3726976,0.040621135,0.42835167,0.025963666,0.23514122,0.027413081,0.4,0.031688377,0.3222498,0.18739091
375316653866487564,4061262358602505088,0.4905672,2220.6123219470896,2.972838789449238,8.237853E-5,19.948189,0.008955336,0.26520488,0.01293354,0.081777155,0.012212385,0.29607475,0.013631747,0.76011735,0.03709468,0.0479449,0.04276047,0.26583305,0.17221864,null,null,null,null,"TWOGAUSSIANS",8,1.2884108,0.26520488,0.01293354,0.4,0.0,0.29579443,0.013131661,0.76011735,0.03709468,0.26849142,0.18990518,0.26555276,0.1731432
375316653866487564,4061265244890865408,0.45123816,2301.8356243254425,1.9291831714484868,1.9120995E-4,18.223452,0.0037273439,0.12337624,0.009427009,0.042608112,0.005756923,0.22146668,0.11927259,0.75816554,0.010255,0.04480452,0.022436487,0.069027424,1.4487445,null,null,null,null,"TWOGAUSSIANS",8,1.776962,0.12337624,0.009427009,0.23860544,0.03223877,0.22146668,0.11927259,0.75816554,0.010255,0.2509053,0.12564433,0.069027424,1.4487445
375316653866487564,4061265485337292800,0.49287546,2251.227056155945,1.469681043634645,4.446707E-5,19.07328,0.040897276,0.15127556,0.0052481745,0.033005636,0.008850533,0.517548,0.074355766,0.48824036,0.012333166,0.087010115,0.02553553,0.2608836,0.053630304,null,null,null,null,"TWOGAUSSIANS",8,14.661951,0.15128556,0.0052439114,0.18483156,0.049562983,0.5176924,0.074697636,0.48824036,0.012333166,0.4,0.0042800014,0.26088345,0.0536305
375316653866487564,4061266000805124992,0.5889047,2264.345162161395,2.274688993277708,8.176129E-6,17.250664,0.007945496,0.29592916,0.0024292045,0.09001626,0.0036430634,0.34578213,0.013486017,0.79187685,0.0023880356,0.08328744,0.0042474326,0.4167555,0.015281514,null,null,null,null,"TWOGAUSSIANS",8,6.3168306,0.79187685,0.0023880356,0.4,0.0,0.40576327,0.017089576,0.29592916,0.0024292045,0.4,0.0,0.33478975,0.013375562
375316653866487564,4061266309971223040,0.475329,2285.315126556348,3.6683992178915656,2.5599524E-5,18.693497,0.06422776,0.25064048,0.010926903,0.094653495,0.029766593,0.26700547,0.06269358,0.7682918,0.01580933,0.092719965,0.029914413,0.22883938,0.05775173,null,null,null,null,"TWOGAUSSIANS",8,4.6833777,0.25064048,0.010975167,0.4,0.0,0.25611913,0.026315767,0.7682918,0.015737753,0.4,0.0,0.21795338,0.022675306
375316653866487564,4061266344330867328,0.46337515,2279.6938994142633,0.19984933267770727,1.3216662E-4,19.628332,0.09005273,0.2934333,0.026383005,0.1972491,0.078935325,0.26126328,0.07914289,0.51445156,0.0029951616,0.03730395,0.0037810095,0.452208,0.048985947,null,null,null,null,"TWOGAUSSIANS",8,2.6362839,0.51445156,0.0029951616,0.20890214,0.021173652,0.5707443,0.024094768,0.2934333,0.026383005,0.4,0.0,0.24023546,0.01979204
375316653866487564,4061266477483542912,0.5728028,2263.226755989368,2.0861306053001516,7.203554E-6,13.06294,0.009932641,0.22993825,0.0021086815,0.116800874,0.0071111093,0.13192,0.00913817,0.75104874,0.007627753,0.10855047,0.016171506,0.065927416,0.010345403,null,null,null,null,"TWOGAUSSIANS",8,22.765545,0.22992826,0.0021051343,0.4,0.0,0.119043574,0.0018037076,0.75118876,0.0075871227,0.4,0.0,0.05308226,0.0033300717
375316653866487564,4061266653568461056,0.6045302,2248.500471254112,0.12444649752702565,1.2105571E-5,18.776098,0.0070347893,0.18603243,0.029383443,0.026258,0.010282187,0.91139877,0.93238366,0.69350916,0.008502839,0.051239334,0.007817586,0.16829328,0.030773334,null,null,null,null,"TWOGAUSSIANS",8,2.620033,0.18603243,0.029383443,0.1470448,0.057580248,0.91139877,0.93238366,0.69350916,0.008502839,0.28694028,0.043778483,0.16829328,0.030773334
375316653866487564,4061267890519685632,0.53020453,2184.453771966958,1.0656712466105631,6.634837E-5,18.869202,0.14913127,0.21037066,0.038792208,0.11754784,0.14868668,0.18137898,0.109543115,0.7643325,0.012805075,0.043766946,0.0063867588,1.8295099,0.6636192,null,null,null,null,"TWOGAUSSIANS",8,11.83482,0.7643325,0.01277639,0.2450949,0.03576585,1.8281126,0.6660318,0.21037066,0.038792208,0.4,0.0,0.17984347,0.052181374
375316653866487564,4061268749514585856,0.57768023,2271.6447709430504,3.264045965766847,2.9428447E-6,17.91512,0.0056792954,0.11183814,0.073779054,0.12416353,0.06835539,0.012309203,0.010634159,0.41893697,8.1771315E-5,0.0016502558,7.721564E-5,0.28934884,0.005480271,null,null,null,null,"TWOGAUSSIANS",8,2.2720013,0.41893697,8.1771315E-5,0.009241432,4.324076E-4,0.28991932,0.006632603,0.11183814,0.073779054,0.4,0.0,0.012301791,0.010585629
375316653866487564,4061269501159124736,0.59695894,2259.162133632314,0.862113388453351,9.485895E-6,16.897293,0.015787942,0.28832048,0.007130596,0.08643982,0.010197062,0.34111747,0.02000287,0.7867447,0.0049327654,0.092364125,0.008067998,0.24475345,0.017314108,null,null,null,null,"TWOGAUSSIANS",8,10.705862,0.28832048,0.007130596,0.4,0.0,0.3299161,0.01612505,0.7867447,0.0049327654,0.4,0.0,0.23355192,0.013604662
375316653866487564,4061270398782376832,0.56533355,2271.139227121409,0.7173378721687871,5.196823E-6,18.439293,0.004331378,0.3917568,3.2405305E-4,0.020673042,0.0014478726,0.532024,0.049329005,0.8904956,0.0036664444,0.02476418,0.0029324822,0.11077979,0.024589073,null,null,null,null,"TWOGAUSSIANS",8,2.4421885,0.3917568,3.2405305E-4,0.115769036,0.008108087,0.532024,0.049329005,0.8904956,0.0036664444,0.1386794,0.016421901,0.11077979,0.024589073
375316653866487564,4061270806810866304,0.5211124,2258.834607170358,2.5624614204080993,1.0259728E-5,17.975338,0.008614782,0.30162314,0.0015191294,0.08730569,0.0031175674,0.48544404,0.026652683,0.8150209,0.0085363025,0.070777625,0.0094428165,0.30451858,0.10003268,null,null,null,null,"TWOGAUSSIANS",8,4.9921455,0.30162314,0.0015191294,0.4,0.0,0.4814312,0.026977597,0.8150209,0.0085363025,0.3963547,0.048023112,0.30050582,0.10115559
375316653866487564,4061271807534831104,0.47754818,2268.255710808444,2.378900044049234,2.4435169E-5,19.0824,0.09429495,0.36037165,0.011356474,0.114415966,0.018104026,0.34863192,0.06664094,0.7740152,0.038389616,0.20443541,0.11478469,0.10949488,0.09193071,null,null,null,null,"TWOGAUSSIANS",8,2.0738301,0.36492163,0.005611633,0.4,0.0,0.31234735,0.07067723,0.7740152,0.038389616,0.4,0.0,0.05752815,0.014876076
375316653866487564,4061271940701288832,0.6617946,2267.634356593102,2.1178343895893983,3.6594383E-6,16.698507,0.014719235,0.3451897,0.0011172767,0.061272874,0.0035253647,0.30683511,0.034039505,0.85056776,0.0021276043,0.05821434,0.003918201,0.39059702,0.034087844,0.07130531,0.019119151,0.3451897,0.0011172767,"TWOGAUSSIANS_WITH_ELLIPSOIDAL_ON_ECLIPSE1",9,6.0083685,0.85056776,0.0021276043,0.3260003,0.021941926,0.5329448,0.021545622,0.3451897,0.0011172767,0.3431281,0.019742042,0.44934568,0.009612699
375316653866487564,4061272563515942528,0.45741916,2257.0594741166037,0.1756368612944945,4.1661722E-5,19.401108,0.20564431,0.2713938,0.035675343,0.021508906,0.02639764,0.9696094,620.7242,0.86206937,0.007987324,0.13479164,0.08278903,0.21611689,0.20085326,null,null,null,null,"TWOGAUSSIANS",8,4.092699,0.2713738,0.036199547,0.12044987,0.14782678,0.97129655,620.7213,0.86206937,0.007987324,0.4,0.0,0.21563995,0.15780991
375316653866487564,4061272872690204288,0.56546056,2262.516090355915,1.6429054438250001,2.470814E-5,19.099459,0.004737703,0.3866951,0.0016551751,0.09326458,0.0038386357,0.422773,0.049149275,0.79463315,0.012960349,0.031479016,0.022014538,0.08743683,7.851393,null,null,null,null,"TWOGAUSSIANS",8,0.57724476,0.3866951,0.0016551751,0.4,0.0,0.42276657,0.049153063,0.79463315,0.012960349,0.1762825,0.123281404,0.08746004,7.8514047
375316653866487564,4061272907050030976,0.47278997,2204.433482250178,2.230647992006283,4.1405598E-5,19.833899,0.033441048,0.27151063,0.005040217,0.0670627,0.010142305,0.3942698,0.0483181,0.690629,0.05630985,0.05466901,0.05738766,0.80921173,6.850366,null,null,null,null,"TWOGAUSSIANS",8,3.8035223,0.690629,0.05630985,0.30614647,0.17545412,0.8091995,6.850731,0.27151063,0.005040217,0.37555113,0.05679691,0.39425755,0.048031874
375316653866487564,4061274483303760640,0.622694,2274.8623378163206,0.6237440625037967,4.0793075E-6,16.225512,0.002747795,0.34694445,3.500235E-4,0.05182874,6.929415E-4,0.2449288,0.0034387978,0.8466257,0.010925618,0.05634157,0.0071040653,0.068157874,0.007921956,null,null,null,null,"TWOGAUSSIANS",8,6.227791,0.34694445,3.500235E-4,0.29024094,0.0038804722,0.24492319,0.003434887,0.8466257,0.010925618,0.31551278,0.039782766,0.06815225,0.007919917
375316653866487564,4061275720253976192,0.62550527,2285.182621733057,2.04414487661214,1.0271461E-5,18.335129,0.016035628,0.3294847,0.002405761,0.040581286,0.005102056,0.32968292,0.03590964,0.8276816,0.0040638116,0.05079364,0.004943071,0.31502843,0.037126057,0.1288797,0.019904198,0.3294847,0.002405761,"TWOGAUSSIANS_WITH_ELLIPSOIDAL_ON_ECLIPSE1",9,3.7607358,0.3294847,0.002405761,0.22725521,0.028571514,0.58744013,0.018650308,0.8279416,0.003541371,0.2844444,0.027681198,0.5727573,0.015843438
375316653866487564,4061278061011858688,0.44576606,2279.2995444206645,0.6770188931231641,1.7326328E-4,19.710209,0.030873291,0.23147209,0.021305632,0.08325868,0.019837756,0.3790041,0.17601746,0.67459846,0.015961058,0.12789503,0.02535349,0.23096426,0.032067914,null,null,null,null,"TWOGAUSSIANS",8,5.155298,0.2317421,0.021309623,0.4,0.0076854117,0.36291793,0.18378907,0.67459846,0.015961058,0.4,0.0,0.21428749,0.029569067
375316653866487564,4061278301528988416,0.44491437,2294.6833547582446,3.0859844130623437,7.353251E-5,19.416681,0.21960229,0.38108942,0.011851079,0.21694298,0.05692542,0.5547443,0.2127596,0.9662217,0.014846906,0.047032926,0.014331712,0.15078105,0.056398522,null,null,null,null,"TWOGAUSSIANS",8,6.351613,0.38108942,0.011851079,0.4,0.0,0.46679848,0.05969118,0.97635174,0.021841547,0.2633844,0.080257595,0.16955,0.060528066
