Gaia/vari_eclipsing_binary/VariEclipsingBinary_459288-459299.csv
# %ECSV 1.0
# ---
# delimiter: ','
# meta: !!omap
# - RELEASE: Gaia DR3
# - TABLE: vari_eclipsing_binary
# - DESCRIPTION: >
#     This table describes the properties of the eclipsing binaries resulting from the variability analysis. 
# - CITATION: >
#     How to cite and acknowledge Gaia: 
#     https://gea.esac.esa.int/archive/documentation/credits.html 
# - KNOWN_ISSUES: >
#     Known issues: 
#     https://www.cosmos.esa.int/web/gaia-users/known-issues 
# - DOCUMENTATION: >
#     Tutorials and documentation: 
#     https://www.cosmos.esa.int/web/gaia-users/archive 
# datatype:
# - 
#   name: solution_id
#   datatype: int64
#   description: Solution Identifier
#   meta:
#     ucd: meta.version
# - 
#   name: source_id
#   datatype: int64
#   description: Unique source identifier
#   meta:
#     ucd: meta.id;meta.main
# - 
#   name: global_ranking
#   datatype: float32
#   description: Number between 0 (worst) and 1 (best)
#   meta:
#     ucd: stat.param
# - 
#   name: reference_time
#   datatype: float64
#   unit: d
#   description: Reference time used for the geometric model fit
#   meta:
#     ucd: time.epoch
# - 
#   name: frequency
#   datatype: float64
#   unit: d**-1
#   description: Frequency of geometric model of the eclipsing binary light curve
#   meta:
#     ucd: src.orbital
# - 
#   name: frequency_error
#   datatype: float32
#   unit: d**-1
#   description: "Uncertainty of \\texttt{frequency}"
#   meta:
#     ucd: stat.error
# - 
#   name: geom_model_reference_level
#   datatype: float32
#   unit: mag
#   description: Magnitude reference level of geometric model
#   meta:
#     ucd: phot.mag;em.opt
# - 
#   name: geom_model_reference_level_error
#   datatype: float32
#   unit: mag
#   description: "Uncertainty of \\texttt{geomModelReferenceLevel}"
#   meta:
#     ucd: stat.error;phot.mag;em.opt
# - 
#   name: geom_model_gaussian1_phase
#   datatype: float32
#   description: Phase of the Gaussian 1 component
#   meta:
#     ucd: time.phase
# - 
#   name: geom_model_gaussian1_phase_error
#   datatype: float32
#   description: "Uncertainty of \\texttt{geomModelGaussian1Phase}"
#   meta:
#     ucd: stat.error;time.phase
# - 
#   name: geom_model_gaussian1_sigma
#   datatype: float32
#   description: "Standard deviation [phase] of Gaussian 1 component"
#   meta:
#     ucd: stat.stdev
# - 
#   name: geom_model_gaussian1_sigma_error
#   datatype: float32
#   description: "Uncertainty of \\texttt{geomModelGaussian1Sigma}"
#   meta:
#     ucd: stat.error
# - 
#   name: geom_model_gaussian1_depth
#   datatype: float32
#   unit: mag
#   description: Magnitude depth of Gaussian 1 component
#   meta:
#     ucd: src.var.amplitude
# - 
#   name: geom_model_gaussian1_depth_error
#   datatype: float32
#   unit: mag
#   description: "Uncertainty of \\texttt{geomModelGaussian1Depth}"
#   meta:
#     ucd: stat.error;src.var.amplitude
# - 
#   name: geom_model_gaussian2_phase
#   datatype: float32
#   description: Phase of Gaussian 2 component
#   meta:
#     ucd: time.phase
# - 
#   name: geom_model_gaussian2_phase_error
#   datatype: float32
#   description: "Uncertainty of \\texttt{geomModelGaussian2Phase}"
#   meta:
#     ucd: stat.error;time.phase
# - 
#   name: geom_model_gaussian2_sigma
#   datatype: float32
[...]
#   datatype: float32
#   description: "Secondary eclipse: uncertainty of \\texttt{derivedSecondaryEclDuration}"
#   meta:
#     ucd: stat.error;time.duration
# - 
#   name: derived_secondary_ecl_depth
#   datatype: float32
#   unit: mag
#   description: "Secondary eclipse: depth"
#   meta:
#     ucd: src.var.amplitude
# - 
#   name: derived_secondary_ecl_depth_error
#   datatype: float32
#   unit: mag
#   description: "Secondary eclipse: uncertainty of \\texttt{derivedSecondaryEclDepth}"
#   meta:
#     ucd: stat.error;src.var.amplitude
solution_id,source_id,global_ranking,reference_time,frequency,frequency_error,geom_model_reference_level,geom_model_reference_level_error,geom_model_gaussian1_phase,geom_model_gaussian1_phase_error,geom_model_gaussian1_sigma,geom_model_gaussian1_sigma_error,geom_model_gaussian1_depth,geom_model_gaussian1_depth_error,geom_model_gaussian2_phase,geom_model_gaussian2_phase_error,geom_model_gaussian2_sigma,geom_model_gaussian2_sigma_error,geom_model_gaussian2_depth,geom_model_gaussian2_depth_error,geom_model_cosine_half_period_amplitude,geom_model_cosine_half_period_amplitude_error,geom_model_cosine_half_period_phase,geom_model_cosine_half_period_phase_error,model_type,num_model_parameters,reduced_chi2,derived_primary_ecl_phase,derived_primary_ecl_phase_error,derived_primary_ecl_duration,derived_primary_ecl_duration_error,derived_primary_ecl_depth,derived_primary_ecl_depth_error,derived_secondary_ecl_phase,derived_secondary_ecl_phase_error,derived_secondary_ecl_duration,derived_secondary_ecl_duration_error,derived_secondary_ecl_depth,derived_secondary_ecl_depth_error
[from data line 409]
375316653866487564,4039980005457671168,0.55009985,2419.101110249771,1.2314264998877056,1.4813816E-5,14.519497,0.004575795,0.29070926,0.0052732294,0.038701653,0.02941411,0.035222057,0.06752912,0.78523433,0.008782583,0.039905377,0.0070605814,0.11591895,0.020726783,0.034542654,0.007196064,0.29070926,0.0052732294,"TWOGAUSSIANS_WITH_ELLIPSOIDAL_ON_ECLIPSE1",9,64.27073,0.7856143,0.007950956,0.2234701,0.039539255,0.18492815,0.018488197,0.29070926,0.0052732294,0.21672925,0.16471902,0.10430729,0.07593186
375316653866487564,4039980142855243264,0.43636954,2459.6818510458183,2.1389077975456976,7.3477546E-5,19.206085,0.48158702,0.35134858,0.024213025,0.14729525,0.048441004,0.64312655,0.41328007,0.8162608,0.045269,0.14881507,0.099110834,0.29961297,0.4587855,null,null,null,null,"TWOGAUSSIANS",8,6.261778,0.3526286,0.020488866,0.4,0.0,0.48024192,0.06407175,0.8162608,0.045269,0.4,0.0,0.13925378,0.092109345
375316653866487564,4039980177216162176,0.43555743,2416.3234918600488,0.732702962178999,1.6660144E-5,18.980839,0.013603769,0.27152473,0.005882645,0.04777228,0.0054331864,0.21339273,0.0142368255,0.6110876,0.018994123,0.0493043,0.035670746,0.286846,1572.8617,null,null,null,null,"TWOGAUSSIANS",8,5.209362,0.6110876,0.018994123,0.2761041,0.19975618,0.286846,1572.8617,0.27152473,0.005882645,0.26752478,0.030425845,0.21339273,0.014236825
375316653866487564,4039980241741047680,0.44800895,2426.701591177158,0.1453573209550527,4.584007E-5,19.14508,0.08510686,0.23401004,0.022168301,0.15038538,0.077179715,0.19851965,0.07692854,0.7398641,0.009121794,0.060314436,0.011190325,0.26467943,0.07419398,null,null,null,null,"TWOGAUSSIANS",8,6.9729137,0.73992413,0.009210002,0.33776084,0.06266582,0.24488164,0.038063183,0.23401004,0.022168301,0.4,0.0,0.17713052,0.04548014
375316653866487564,4039980241741100928,0.47330037,2403.885050665029,0.07586629573217434,5.539948E-5,19.584438,0.01567956,0.29905945,0.007345077,0.079477385,0.014237636,1.066706,0.9728954,0.6624821,0.06417762,0.066191375,0.03586264,0.2649136,0.13399926,null,null,null,null,"TWOGAUSSIANS",8,2.744223,0.29905945,0.007345077,0.4,0.015363648,1.0666264,0.97291994,0.6624821,0.06417762,0.3706717,0.13065174,0.26486468,0.130463
375316653866487564,4039980452133683712,0.4430684,2392.5800670967346,0.15620095025371508,7.2129005E-5,19.587837,0.047767855,0.092144646,0.023845961,0.067747146,0.046319842,0.10599647,0.0478954,0.53142923,0.029572418,0.03967106,0.062156722,0.39515316,0.15244007,null,null,null,null,"TWOGAUSSIANS",8,4.688862,0.53142923,0.029572418,0.22215794,0.19238846,0.39515278,0.1547909,0.092144646,0.023840878,0.37938404,0.23020463,0.10599607,0.046562
375316653866487564,4039980486493405312,0.5431289,2379.722445380507,1.136771460880183,2.0772974E-5,18.392445,0.031548735,0.3157099,0.006511508,0.10083298,0.013637513,0.26892874,0.031191645,0.8339033,0.0062649953,0.10759218,0.02275596,0.15710916,0.029576397,null,null,null,null,"TWOGAUSSIANS",8,3.0670753,0.31569988,0.006513474,0.4,0.0,0.2505763,0.021294478,0.8339133,0.0062759113,0.4,0.0,0.13875178,0.0131153455
375316653866487564,4039980589607846656,0.5172044,2376.7649549244734,2.378936267128056,2.3439816E-5,19.15706,0.015964335,0.2399101,0.0070142164,0.0721906,0.008382615,0.44429466,0.049716104,0.7268605,0.0055728536,0.080154486,0.0062484303,0.43103442,0.02254043,null,null,null,null,"TWOGAUSSIANS",8,4.5916157,0.2399101,0.0070142164,0.4,0.011881199,0.44128603,0.05097654,0.7268605,0.0055728536,0.4,0.0,0.42802578,0.021633293
375316653866487564,4039980653947912704,0.4227179,2432.1346308128564,2.28377053101045,3.8785733E-5,19.270292,0.009844696,0.16828333,0.00840955,0.009467378,0.011496039,0.14928514,334.04074,0.354651,0.014103598,0.048980996,0.017401058,0.31296572,0.07001656,null,null,null,null,"TWOGAUSSIANS",8,6.1901827,0.354651,0.014103598,0.27429357,0.09744593,0.31296572,0.07001656,0.16829333,0.008434257,0.053017322,0.06437782,0.14951004,334.04053
375316653866487564,4039980688417374848,0.46085778,2405.928638854158,1.4762576974757982,2.390934E-5,19.265858,0.03835626,0.44678155,0.005851384,0.121606424,0.013845702,0.40432903,0.032916322,0.83437496,0.013075032,0.08358519,0.011196454,0.16817917,0.042162307,null,null,null,null,"TWOGAUSSIANS",8,3.572406,0.44679153,0.0058461744,0.4,0.0,0.39788818,0.028005509,0.83437496,0.013075032,0.4,0.0,0.16425243,0.038858514
375316653866487564,4039980757136846336,0.53972507,2409.574774841206,3.1237038380119277,1.2500234E-5,19.500437,0.027637582,0.2829776,0.0038885602,0.08117311,0.0072783157,0.45808905,0.04204432,0.78286594,0.0049036657,0.08726443,0.012919309,0.4505905,0.029620208,null,null,null,null,"TWOGAUSSIANS",8,3.3435423,0.2829776,0.0038885602,0.4,0.0,0.4470309,0.039993577,0.78286594,0.0049036657,0.4,0.0,0.43953228,0.029954199
375316653866487564,4039980864450628864,0.4767013,2440.465190302919,3.3261789815799,1.4486483E-4,19.380762,0.02527324,0.35811806,0.005054782,0.060542423,0.015283578,0.36085656,0.069889866,0.8170994,0.008285514,0.076474,0.01109074,0.35819915,0.04668458,null,null,null,null,"TWOGAUSSIANS",8,6.4208946,0.35811806,0.005054782,0.33903757,0.07714065,0.3605629,0.07041884,0.8170994,0.008285514,0.4,0.003423649,0.35790548,0.04657395
375316653866487564,4039980894437559808,0.57256347,2401.4887000551566,1.0388414009820661,2.0873948E-5,17.509926,0.0030155478,0.2694709,0.011608531,0.05043951,0.009853357,0.4849915,0.19071601,0.7732301,0.00337776,0.06824455,0.0060669114,0.10430812,0.0119962385,null,null,null,null,"TWOGAUSSIANS",8,4.76338,0.2694709,0.011608531,0.28246126,0.055178802,0.4849441,0.19077875,0.7732301,0.00337776,0.38216946,0.029119955,0.104260735,0.012025368
375316653866487564,4039981104928520576,0.44524068,2439.44027942856,0.09920788250018969,3.6174332E-4,19.094173,0.019954136,0.27351117,0.0327145,0.10766119,0.036395676,0.1346412,0.027389554,0.66784024,0.02792571,0.09319559,0.03142089,0.2969724,0.1390195,null,null,null,null,"TWOGAUSSIANS",8,5.113077,0.66784024,0.02792571,0.4,0.0,0.29307982,0.13904105,0.27366117,0.034335956,0.4,0.0,0.13062274,0.024559299
375316653866487564,4039981208047991936,0.45211384,2430.706606783292,1.040358933518091,7.414917E-5,19.586355,0.036397714,0.3147252,0.0031357787,0.049570434,0.0153310215,0.25879344,0.021293277,0.82721317,0.0074459836,0.06632059,0.025135765,0.15783355,0.031863645,null,null,null,null,"TWOGAUSSIANS",8,3.9116216,0.3147252,0.0031357787,0.27759442,0.085853726,0.25877166,0.021414533,0.82721317,0.0074459836,0.37139532,0.11753093,0.15781175,0.031687256
375316653866487564,4039981311086829312,0.62241775,2385.251108915957,1.592562350917823,6.155756E-6,18.170826,0.0041783145,0.25102466,0.0016320205,0.057085086,0.0021430517,0.423138,0.015406736,0.7368327,0.0027616948,0.07596332,0.004815225,0.11856475,0.006214022,null,null,null,null,"TWOGAUSSIANS",8,2.0571983,0.25102466,0.0016320205,0.3196765,0.01200109,0.42291132,0.015409433,0.7368327,0.0027616948,0.4,0.0,0.11833808,0.0062213843
375316653866487564,4039981547413644288,0.47025552,2387.450934028945,0.09721621924843238,2.5191253E-5,18.607544,0.14843322,0.23737371,0.010124365,0.14072655,0.06372835,0.32106328,0.11218096,0.692315,0.018146962,0.09427532,0.037871677,0.27193654,0.13559434,null,null,null,null,"TWOGAUSSIANS",8,4.4955974,0.23738371,0.010064527,0.4,0.0,0.2811283,0.02046811,0.692315,0.018146962,0.4,0.057056833,0.23390312,0.050404284
375316653866487564,4039981620364978816,0.5450331,2382.5802456225756,1.0684581839411569,6.044128E-5,17.756517,0.00488797,0.29895243,0.008518214,0.029149257,0.019462204,0.54353625,1.48119355E11,0.79755086,0.002210547,0.034118686,0.0032104861,0.15575416,0.024507161,0.024591256,0.009657575,0.29895243,0.008518214,"TWOGAUSSIANS_WITH_ELLIPSOIDAL_ON_ECLIPSE1",9,13.096026,0.29895243,0.008518214,0.16323583,0.10898834,0.5927187,1.48119355E11,0.79759085,0.0021175698,0.19106463,0.017978722,0.20493294,0.020861212
375316653866487564,4039981689044188800,0.59207004,2383.830534429048,2.4358230428260073,1.4181668E-5,17.626698,0.008685624,0.28441942,0.0035763837,0.052875176,0.0046793157,0.4612158,0.03845358,0.78329146,0.004280671,0.07062601,0.0049876026,0.8985254,0.050271947,null,null,null,null,"TWOGAUSSIANS",8,26.77765,0.78329146,0.004280671,0.39550567,0.024844779,0.89817035,0.050371,0.28441942,0.0035763837,0.29610097,0.026204169,0.4608607,0.03857019
375316653866487564,4039981891010049664,0.46618068,2408.4923058794143,0.05585573295844089,7.699479E-5,19.010769,0.08935475,0.2149866,0.01696294,0.13349542,0.047673132,0.1785785,0.08967383,0.6823886,0.016325394,0.10428853,0.023844173,0.24752776,0.090899765,null,null,null,null,"TWOGAUSSIANS",8,2.7791166,0.6823886,0.016325394,0.4,0.0,0.2150116,0.03159345,0.21502662,0.016799763,0.4,0.0,0.14562227,0.019177286
375316653866487564,4039981929562918400,0.43338403,2426.8307573543702,0.929449641610058,3.808357E-5,19.299278,0.011270116,0.15561697,0.001876146,0.040483594,0.004445277,0.26188928,0.021212528,0.7041198,0.008883796,0.06528759,0.0073158434,0.3884986,0.06561267,null,null,null,null,"TWOGAUSSIANS",8,2.1232076,0.7041198,0.008883796,0.3656105,0.040968724,0.38849768,0.06561344,0.15561697,0.001876146,0.22670813,0.024893552,0.26188833,0.021212632
375316653866487564,4039982032716753408,0.5930523,2438.260616471245,4.092974817085106,7.877934E-5,19.556906,0.008864817,0.45875254,0.011368165,0.057653747,0.023732558,0.7416793,0.5765618,0.8059881,0.015880944,0.06044769,0.015848177,0.35189196,0.8635224,null,null,null,null,"TWOGAUSSIANS",8,0.5302507,0.45875254,0.011368165,0.322861,0.07700273,0.7416791,0.5765774,0.8059881,0.015880944,0.33850706,0.08874979,0.35189173,0.8635229
375316653866487564,4039982067041357312,0.52493674,2354.8467150732263,1.7113619569740641,2.5239728E-5,18.435055,0.0076093995,0.19261006,0.004003144,0.020334857,0.005449805,0.09945642,0.015116292,0.69925547,0.019859744,0.029805843,0.02933805,0.08047591,0.023994157,0.11006625,0.00983407,0.19261006,0.004003144,"TWOGAUSSIANS_WITH_ELLIPSOIDAL_ON_ECLIPSE1",9,6.2203226,0.19261006,0.004003144,0.1138752,0.030518906,0.3195887,0.013945936,0.69925547,0.019859744,0.16691272,0.16429308,0.3002246,0.034200635
375316653866487564,4039982097169939840,0.45178536,2376.9780994350162,0.20469636197731655,1.01044854E-4,19.640236,0.19016883,0.28583586,0.010173001,0.090341985,0.04706361,0.25833687,0.1870564,0.8123988,0.020478105,0.07863074,0.05005297,0.31479335,0.16934887,null,null,null,null,"TWOGAUSSIANS",8,3.5337706,0.8123988,0.020612717,0.4,0.11702642,0.31040126,0.07213583,0.28583586,0.010077048,0.4,0.0,0.2539445,0.08822179
375316653866487564,4039982135760888832,0.4862829,2373.1657358321863,0.5246176978971955,2.0451302E-5,19.765556,0.012756586,0.14902854,0.0049497215,0.028961817,0.0046969056,0.35494223,0.046766005,0.7376274,0.0043575866,0.03729078,0.0064114914,1.2122204,0.7564676,null,null,null,null,"TWOGAUSSIANS",8,1.3179368,0.7376274,0.0043575866,0.20882837,0.03590435,1.2122204,0.7564676,0.14902854,0.0049497215,0.16218618,0.026302671,0.35494223,0.046766005
375316653866487564,4039982170081225728,0.43002117,2407.8133670639254,1.8439401056557527,1.6545442E-5,18.448097,0.1386679,0.10613619,0.0032856953,0.050145622,0.011299145,0.29064986,0.03392085,0.569138,0.021430122,0.20395431,0.15903747,0.12543456,0.12819985,null,null,null,null,"TWOGAUSSIANS",8,10.258196,0.10662618,0.0030690406,0.28081548,0.06327522,0.27872965,0.036359847,0.569138,0.021430122,0.4,0.0,0.10004842,0.026311692
375316653866487564,4039982200249309696,0.41789454,2390.4824365010377,1.8121940000739156,5.295082E-5,19.135038,0.010260844,0.24393089,0.003008538,0.0267255,0.0039996193,0.37077737,0.15753654,0.5534364,0.053503588,0.11338209,0.06278613,0.124421805,0.04635647,null,null,null,null,"TWOGAUSSIANS",8,5.1105776,0.24407089,0.0029951325,0.14966281,0.022397866,0.37376535,0.15739773,0.5534364,0.053503588,0.4,0.113153905,0.12440691,0.046374835
375316653866487564,4039982337688461952,0.54457366,2414.7454356877283,2.6123644370170394,1.10678175E-5,19.063057,0.022795398,0.28508076,0.00240825,0.098344706,0.006925985,0.35340554,0.022292836,0.7936945,0.0038435594,0.097152494,0.010415183,0.31805977,0.01925447,null,null,null,null,"TWOGAUSSIANS",8,1.4185402,0.28508076,0.00240825,0.4,0.0,0.33067006,0.015007636,0.7936945,0.0038435594,0.4,0.0,0.29532495,0.013634697
375316653866487564,4039982341880435328,0.4686563,2403.8154778597495,1.8646481388466702,5.548464E-5,19.825823,0.03191994,0.32684484,0.08266534,0.025758134,0.04120168,0.5003959,0.32211703,0.7647575,0.077145256,0.11248367,0.045923736,0.18240294,0.07379271,null,null,null,null,"TWOGAUSSIANS",8,1.9420182,0.32684484,0.08270713,0.14424555,0.23072942,0.5003999,0.29883638,0.7647575,0.077145256,0.4,0.0,0.18231294,0.068744846
375316653866487564,4039982410639773824,0.45558405,2456.174676904418,0.08335871592517119,1.2154037E-5,19.238916,0.01611585,0.23244523,0.008553746,0.09735222,0.014690753,0.11785674,0.020127203,0.7642601,0.0046029496,0.027127411,0.0038985251,0.21405165,0.023498125,null,null,null,null,"TWOGAUSSIANS",8,2.588476,0.7642601,0.0046029496,0.1519135,0.021831742,0.21402854,0.023461543,0.23244523,0.008553746,0.4,0.0,0.117832474,0.020087885
375316653866487564,4039982784366296832,0.5220599,2381.087050391502,4.287237049156171,1.6607932E-5,19.282019,0.062896684,0.2758367,0.0037591099,0.04512075,0.016604742,0.28200334,0.14172707,0.7765753,0.080857284,0.03835032,0.018188927,0.4971504,0.35062307,0.16206405,0.080817245,0.2758367,0.0037591099,"TWOGAUSSIANS_WITH_ELLIPSOIDAL_ON_ECLIPSE1",9,12.825442,0.7765753,0.08078199,0.2147618,0.101858,0.82127094,0.4731026,0.2758367,0.0037591099,0.2526762,0.092986554,0.6061309,0.07533603
375316653866487564,4039982960395353984,0.42110184,2445.3740010064053,2.1024006191782036,6.270335E-5,19.439104,0.017590655,0.48771262,0.018817648,0.06182714,0.029694833,0.11176646,0.66072494,0.8250962,0.008369952,0.039390456,0.0140197575,0.19453195,0.044257946,null,null,null,null,"TWOGAUSSIANS",8,5.490462,0.8250962,0.008369952,0.22058655,0.07851064,0.19453198,0.04425797,0.48771262,0.018817648,0.346232,0.16629106,0.11176646,0.66072494
375316653866487564,4039983063509239808,0.44923815,2409.6677346364936,2.8808151451110144,4.5355704E-5,19.354988,0.19197637,0.2629501,0.011735603,0.10866201,0.04909284,0.23921292,0.17532954,0.76482606,0.012873228,0.12804753,0.06636972,0.22304535,0.18519308,null,null,null,null,"TWOGAUSSIANS",8,2.4939797,0.2629301,0.011858681,0.4,0.0,0.19102189,0.023694245,0.76482606,0.012864202,0.4,0.0,0.17464809,0.014576527
375316653866487564,4039983127961795968,0.4595649,2430.358044756998,0.8890532744569712,4.8904978E-5,18.303238,0.022883864,0.22349553,0.0075039607,0.05552174,0.00997608,0.46322307,0.14167559,0.737207,0.0074298303,0.042932324,0.018371766,0.4570216,0.103808,null,null,null,null,"TWOGAUSSIANS",8,4.2085795,0.22349553,0.0075039607,0.31092173,0.055866048,0.46322194,0.14167883,0.737207,0.0074298303,0.24042101,0.102881886,0.45702046,0.10384908
375316653866487564,4039983235272724352,0.49881577,2384.1222480582674,1.9925717883989775,2.4258423E-5,19.307255,0.022688674,0.34156546,0.014971672,0.085344516,0.012599795,0.43453977,0.03997077,0.8501328,0.0034380541,0.087751836,0.005233641,0.47463155,0.026750492,null,null,null,null,"TWOGAUSSIANS",8,2.878902,0.8501328,0.0034380541,0.4,0.0,0.46249816,0.023518592,0.34156546,0.014971672,0.4,0.0,0.42240646,0.036208052
375316653866487564,4039983338352591104,0.48174143,2378.632240492072,0.16145332900190779,3.086886E-5,19.515821,0.03254106,0.40493485,0.12103666,0.08614248,0.09866523,0.22809282,5425.5293,0.75528866,0.010316079,0.10884649,0.017663466,0.32115132,0.032588184,null,null,null,null,"TWOGAUSSIANS",8,2.9161103,0.75528866,0.010316079,0.4,0.0,0.3190779,0.028355459,0.40676484,0.12278115,0.4,0.36805522,0.2278167,5425.5303
