Gaia/vari_eclipsing_binary/VariEclipsingBinary_674563-674576.csv
# %ECSV 1.0
# ---
# delimiter: ','
# meta: !!omap
# - RELEASE: Gaia DR3
# - TABLE: vari_eclipsing_binary
# - DESCRIPTION: >
#     This table describes the properties of the eclipsing binaries resulting from the variability analysis. 
# - CITATION: >
#     How to cite and acknowledge Gaia: 
#     https://gea.esac.esa.int/archive/documentation/credits.html 
# - KNOWN_ISSUES: >
#     Known issues: 
#     https://www.cosmos.esa.int/web/gaia-users/known-issues 
# - DOCUMENTATION: >
#     Tutorials and documentation: 
#     https://www.cosmos.esa.int/web/gaia-users/archive 
# datatype:
# - 
#   name: solution_id
#   datatype: int64
#   description: Solution Identifier
#   meta:
#     ucd: meta.version
# - 
#   name: source_id
#   datatype: int64
#   description: Unique source identifier
#   meta:
#     ucd: meta.id;meta.main
# - 
#   name: global_ranking
#   datatype: float32
#   description: Number between 0 (worst) and 1 (best)
#   meta:
#     ucd: stat.param
# - 
#   name: reference_time
#   datatype: float64
#   unit: d
#   description: Reference time used for the geometric model fit
#   meta:
#     ucd: time.epoch
# - 
#   name: frequency
#   datatype: float64
#   unit: d**-1
#   description: Frequency of geometric model of the eclipsing binary light curve
#   meta:
#     ucd: src.orbital
# - 
#   name: frequency_error
#   datatype: float32
#   unit: d**-1
#   description: "Uncertainty of \\texttt{frequency}"
#   meta:
#     ucd: stat.error
# - 
#   name: geom_model_reference_level
#   datatype: float32
#   unit: mag
#   description: Magnitude reference level of geometric model
#   meta:
#     ucd: phot.mag;em.opt
# - 
#   name: geom_model_reference_level_error
#   datatype: float32
#   unit: mag
#   description: "Uncertainty of \\texttt{geomModelReferenceLevel}"
#   meta:
#     ucd: stat.error;phot.mag;em.opt
# - 
#   name: geom_model_gaussian1_phase
#   datatype: float32
#   description: Phase of the Gaussian 1 component
#   meta:
#     ucd: time.phase
# - 
#   name: geom_model_gaussian1_phase_error
#   datatype: float32
#   description: "Uncertainty of \\texttt{geomModelGaussian1Phase}"
#   meta:
#     ucd: stat.error;time.phase
# - 
#   name: geom_model_gaussian1_sigma
#   datatype: float32
#   description: "Standard deviation [phase] of Gaussian 1 component"
#   meta:
#     ucd: stat.stdev
# - 
#   name: geom_model_gaussian1_sigma_error
#   datatype: float32
#   description: "Uncertainty of \\texttt{geomModelGaussian1Sigma}"
#   meta:
#     ucd: stat.error
# - 
#   name: geom_model_gaussian1_depth
#   datatype: float32
#   unit: mag
#   description: Magnitude depth of Gaussian 1 component
#   meta:
#     ucd: src.var.amplitude
# - 
#   name: geom_model_gaussian1_depth_error
#   datatype: float32
#   unit: mag
#   description: "Uncertainty of \\texttt{geomModelGaussian1Depth}"
#   meta:
#     ucd: stat.error;src.var.amplitude
# - 
#   name: geom_model_gaussian2_phase
#   datatype: float32
#   description: Phase of Gaussian 2 component
#   meta:
#     ucd: time.phase
# - 
#   name: geom_model_gaussian2_phase_error
#   datatype: float32
#   description: "Uncertainty of \\texttt{geomModelGaussian2Phase}"
#   meta:
#     ucd: stat.error;time.phase
# - 
#   name: geom_model_gaussian2_sigma
#   datatype: float32
[...]
#   datatype: float32
#   description: "Secondary eclipse: uncertainty of \\texttt{derivedSecondaryEclDuration}"
#   meta:
#     ucd: stat.error;time.duration
# - 
#   name: derived_secondary_ecl_depth
#   datatype: float32
#   unit: mag
#   description: "Secondary eclipse: depth"
#   meta:
#     ucd: src.var.amplitude
# - 
#   name: derived_secondary_ecl_depth_error
#   datatype: float32
#   unit: mag
#   description: "Secondary eclipse: uncertainty of \\texttt{derivedSecondaryEclDepth}"
#   meta:
#     ucd: stat.error;src.var.amplitude
solution_id,source_id,global_ranking,reference_time,frequency,frequency_error,geom_model_reference_level,geom_model_reference_level_error,geom_model_gaussian1_phase,geom_model_gaussian1_phase_error,geom_model_gaussian1_sigma,geom_model_gaussian1_sigma_error,geom_model_gaussian1_depth,geom_model_gaussian1_depth_error,geom_model_gaussian2_phase,geom_model_gaussian2_phase_error,geom_model_gaussian2_sigma,geom_model_gaussian2_sigma_error,geom_model_gaussian2_depth,geom_model_gaussian2_depth_error,geom_model_cosine_half_period_amplitude,geom_model_cosine_half_period_amplitude_error,geom_model_cosine_half_period_phase,geom_model_cosine_half_period_phase_error,model_type,num_model_parameters,reduced_chi2,derived_primary_ecl_phase,derived_primary_ecl_phase_error,derived_primary_ecl_duration,derived_primary_ecl_duration_error,derived_primary_ecl_depth,derived_primary_ecl_depth_error,derived_secondary_ecl_phase,derived_secondary_ecl_phase_error,derived_secondary_ecl_duration,derived_secondary_ecl_duration_error,derived_secondary_ecl_depth,derived_secondary_ecl_depth_error
[from data line 475]
375316653866487564,5933605964923872384,0.48747724,2213.7620776870963,2.6416885817778604,2.7259706E-5,16.863829,0.08341827,0.20776634,0.007484391,0.10973957,0.048849642,0.10882783,0.079222,0.7254034,0.0090494845,0.10692731,0.04201597,0.112085894,0.079275735,null,null,null,null,"TWOGAUSSIANS",8,10.065927,0.72542346,0.008861561,0.4,0.0,0.09937125,0.01198122,0.20774634,0.0073301126,0.4,0.0,0.09610982,0.008279758
375316653866487564,5933606136744743424,0.56108266,2208.4422842803847,3.3932476628247876,1.6941065E-5,18.311998,0.016860802,0.277298,0.002675453,0.08360013,0.0077649727,0.33344793,0.029428024,0.79284173,0.006602793,0.08903998,0.008016621,0.37996572,0.020616155,null,null,null,null,"TWOGAUSSIANS",8,5.6814103,0.79284173,0.006602793,0.4,0.0,0.37171188,0.017574858,0.277298,0.002675453,0.4,0.0,0.32519424,0.030322757
375316653866487564,5933606587792931584,0.45850715,2219.2727925447944,0.0680171406470235,1.3040593E-4,19.140043,0.036931362,0.2504493,0.0054469975,0.05707951,0.011406773,0.56704277,0.35540298,0.6965628,0.012999408,0.08775513,0.055407897,0.5057145,3.6703463,null,null,null,null,"TWOGAUSSIANS",8,6.734873,0.2504493,0.0054469975,0.31964526,0.063877925,0.56635565,0.35602075,0.6965628,0.012999408,0.4,0.099395625,0.5050261,3.6716397
375316653866487564,5933606622118879616,0.61604184,2215.0471990398482,3.034996241929738,6.750898E-6,17.016582,0.013630416,0.32087603,0.0019593167,0.049117245,0.003312792,0.33206588,0.03187693,0.82170457,0.003195348,0.055078235,0.004397164,0.41344935,0.039139003,0.121016055,0.019721802,0.32087603,0.0019593167,"TWOGAUSSIANS_WITH_ELLIPSOIDAL_ON_ECLIPSE1",9,21.67667,0.82170457,0.0031501045,0.3084381,0.024624119,0.65546054,0.031739347,0.32087603,0.0019593167,0.27505657,0.018551635,0.5740837,0.011088846
375316653866487564,5933606931358957696,0.4455526,2193.4349094314207,3.3028698032973374,5.6158762E-5,19.311352,0.056465615,0.27157712,0.0036171917,0.014384045,0.010520132,1.5118124,349110.2,0.72869486,0.07364599,0.04407952,0.20643526,0.13375059,0.7092997,0.101956725,0.035584647,0.27157712,0.0036171917,"TWOGAUSSIANS_WITH_ELLIPSOIDAL_ON_ECLIPSE1",9,6.367231,0.27157712,0.0036143598,0.080550656,0.05891274,1.7157243,349110.2,0.73672485,0.04323356,0.24684532,0.30725497,0.32583833,0.7238712
375316653866487564,5933607373670220544,0.602192,2206.740666285414,2.661544277732645,6.4826418E-6,17.601648,0.009793476,0.1892455,0.0019683645,0.04460432,0.0043921266,0.18541516,0.028431987,0.6874031,0.0036995553,0.04772387,0.0045011304,0.26748425,0.028594596,0.10454131,0.019535111,0.1892455,0.0019683645,"TWOGAUSSIANS_WITH_ELLIPSOIDAL_ON_ECLIPSE1",9,7.5573707,0.68763304,0.0034064155,0.2672537,0.02520633,0.47654158,0.012015955,0.1892455,0.0019683645,0.24978419,0.024595909,0.3944971,0.01526892
375316653866487564,5933607378035912448,0.53052306,2206.157262663094,1.276702442803804,2.2314234E-5,18.219427,0.0049532414,0.27053532,0.0022337337,0.023762556,0.0023604047,0.6168826,0.10190472,0.7666063,0.004935514,0.023168063,0.0024732535,0.72533745,0.104155436,null,null,null,null,"TWOGAUSSIANS",8,12.599585,0.7666063,0.004935514,0.12974115,0.01385022,0.72533745,0.104155436,0.27053532,0.0022337337,0.1330703,0.013218266,0.6168826,0.10190472
375316653866487564,5933607721664875648,0.64972234,2203.2361258587116,2.177697551652716,4.951081E-6,15.498231,0.013834483,0.27900392,0.0030786078,0.059191935,0.0039508757,0.31161556,0.030159112,0.7868458,0.0014082699,0.0589693,0.0073207095,0.29704323,0.025438232,0.117655076,0.015989166,0.7868458,0.0014082699,"TWOGAUSSIANS_WITH_ELLIPSOIDAL_ON_ECLIPSE2",9,33.980644,0.28035393,0.0025074703,0.33147484,0.022124905,0.546392,0.0077502057,0.7868458,0.0014082699,0.3302281,0.040995974,0.532292,0.03843129
375316653866487564,5933608026530670464,0.5818357,2218.581966767193,1.653490412791686,4.0110694E-6,18.685568,0.0158886,0.26638576,0.0027624348,0.029663634,0.004927111,0.35920292,0.021715827,0.7659544,0.0011584631,0.029572997,0.0024705154,0.5619433,0.035941888,0.03375229,0.023524405,0.26638576,0.0027624348,"TWOGAUSSIANS_WITH_ELLIPSOIDAL_ON_ECLIPSE1",9,6.051877,0.7659544,0.0011535039,0.1656088,0.013834886,0.62944734,0.014138376,0.26638576,0.0027624348,0.16611634,0.02759182,0.42670745,0.036931433
375316653866487564,5933608065230967296,0.48172078,2208.440204029514,2.986774932021301,2.7697984E-5,18.876558,0.003335312,null,null,null,null,null,null,null,null,null,null,null,null,0.07100966,0.0041496153,0.23541084,0.005776021,"ELLIPSOIDAL",4,2.6566339,null,null,null,null,null,null,null,null,null,null,null,null
375316653866487564,5933608271421357696,0.47623792,2215.3890603057143,1.0191233958037882,1.0740109E-5,18.275408,0.0039332327,0.26703686,0.0048300023,0.057792976,0.006599784,0.07305028,0.0072527784,0.76887995,0.0032296765,0.049708057,0.004092058,0.23434046,0.043950215,null,null,null,null,"TWOGAUSSIANS",8,2.6110957,0.76887995,0.0032296765,0.27836514,0.022915525,0.23433588,0.043954708,0.26703686,0.0048300023,0.32364067,0.03695879,0.0730457,0.007253949
375316653866487564,5933608748060223872,0.5495665,2201.8372488536124,1.201233032429565,2.7946595E-5,17.421492,0.0050887945,0.09635888,0.01215756,0.0101890005,0.007407092,0.07067511,0.03264005,0.85097617,0.0013485968,0.037643135,0.0011131079,0.63109744,0.040632226,0.00441128,0.0081770215,0.85097617,0.0013485968,"TWOGAUSSIANS_WITH_ELLIPSOIDAL_ON_ECLIPSE2",9,26.39519,0.85097617,0.0013485968,0.21080156,0.0062334044,0.63991994,0.04050101,0.09635888,0.012176472,0.057058405,0.041479718,0.07068248,0.032646324
375316653866487564,5933609096054399872,0.5118284,2224.395717621183,2.2517664575313936,1.558754E-5,19.715067,0.03189811,0.15382574,0.008449717,0.09118839,0.014075712,0.35415027,0.037319485,0.67182827,0.0036337306,0.092122085,0.008923195,0.423229,0.032688618,null,null,null,null,"TWOGAUSSIANS",8,2.1034143,0.67182827,0.0036337306,0.4,0.0,0.4089435,0.024140505,0.15382574,0.008449717,0.4,0.0,0.33986494,0.032901026
375316653866487564,5933609439651902976,0.59393406,2219.723368051447,1.810087699745984,1.3341209E-5,16.551514,0.005558197,0.29694465,0.0017439234,0.036382772,0.0017362577,0.42679375,0.0148027865,0.8015581,0.002366247,0.040160164,0.0022972235,0.451772,0.016639078,0.030160598,0.009862698,0.8015581,0.002366247,"TWOGAUSSIANS_WITH_ELLIPSOIDAL_ON_ECLIPSE2",9,26.289673,0.8015581,0.002366247,0.22489692,0.012864451,0.5120932,0.013408338,0.29701465,0.0017119813,0.20374352,0.009723043,0.48706502,0.008519009
375316653866487564,5933609508340187648,0.43472907,2210.054207500716,0.034173167670447264,5.4994187E-5,19.9235,0.0063135345,0.13510586,0.009780607,0.05257621,0.006994964,0.24698825,0.053373616,0.6704311,0.007860584,0.06317155,0.008317427,0.2954221,0.0399736,null,null,null,null,"TWOGAUSSIANS",8,2.4721282,0.6704311,0.007860584,0.3537607,0.046577588,0.29540983,0.039989766,0.13510586,0.009780607,0.29442677,0.039171796,0.24697596,0.053381998
375316653866487564,5933609680138797952,0.45513934,2211.267047265547,2.625561559693447,5.4044187E-5,19.14758,0.0347143,0.23473334,0.019966086,0.10813046,0.03262919,0.1434468,0.03752827,0.7478825,0.011386332,0.094191454,0.023353351,0.16804355,0.03257932,null,null,null,null,"TWOGAUSSIANS",8,2.607347,0.7478925,0.011378612,0.4,0.0,0.15572079,0.020443961,0.23473334,0.019966086,0.4,0.0,0.13111684,0.019530773
375316653866487564,5933610023767469312,0.5621629,2187.2927645702885,1.2695249619075315,1.8127415E-5,16.803135,0.003728487,0.47672343,0.0018103449,0.030827539,0.0029001948,0.43704936,0.015434434,null,null,null,null,null,null,null,null,null,null,"ONEGAUSSIAN",5,27.653767,0.47672343,0.0018103449,0.17263421,0.01624109,0.43704936,0.0,null,null,null,null,null,null
375316653866487564,5933610298614586496,0.58938444,2217.2983980852187,1.863904537859873,9.231516E-6,18.069956,0.008112882,0.21373151,0.0030300587,0.07797909,0.004035763,0.3859837,0.011195202,0.706106,0.0027862021,0.0751024,0.0048531955,0.40831664,0.010825764,null,null,null,null,"TWOGAUSSIANS",8,4.2181354,0.706106,0.0027862021,0.4,0.0,0.40506783,0.011206748,0.21373151,0.0030300587,0.4,0.0,0.3827349,0.011141154
375316653866487564,5933610539163720576,0.43880925,2234.3758905269806,0.22315202083957372,3.993291E-5,18.270435,0.018212713,0.16635557,0.016132254,0.08569103,0.01863659,0.090108335,0.012357428,0.580277,0.020576606,0.15489537,0.037836485,0.08730564,0.016689021,null,null,null,null,"TWOGAUSSIANS",8,3.0687344,0.16987556,0.012754942,0.4,0.0,0.08405062,0.014025142,0.580277,0.020576606,0.4,0.0,0.07865225,0.010244092
375316653866487564,5933610672208349568,0.6199527,2229.703688626087,0.9313685263346921,5.706268E-6,16.95683,0.008112205,0.32886556,0.0023177918,0.053413298,0.009187403,0.061494753,0.02112638,0.81764156,0.0023794936,0.061269794,0.0024191216,0.38518488,0.021103011,0.074400075,0.011892478,0.32886556,0.0023177918,"TWOGAUSSIANS_WITH_ELLIPSOIDAL_ON_ECLIPSE1",9,8.08154,0.81879157,0.0020387073,0.34311086,0.0135470815,0.5332776,0.011470718,0.32886556,0.0023177918,0.29911447,0.05144946,0.21025068,0.009859433
375316653866487564,5933610882761100800,0.4988222,2245.4579015384916,1.5018599931619423,1.4626606E-5,18.498531,0.020150123,0.34455836,0.012601583,0.109218545,0.02415373,0.14710164,0.017417662,0.83873796,0.008061342,0.09538673,0.014389453,0.15696718,0.020205755,null,null,null,null,"TWOGAUSSIANS",8,2.3126936,0.83873796,0.008061342,0.4,0.0,0.14274383,0.008424046,0.34455836,0.012601583,0.4,0.0,0.13287014,0.011657846
375316653866487564,5933611123249032704,0.44512603,2204.8776217478758,3.4251446611677996,2.9057686E-5,19.618351,0.010013679,0.23297422,0.0058763996,0.07731591,0.0074734706,0.26929483,0.021710167,0.7626262,0.0065975403,0.06894621,0.008272028,0.24496366,0.027520116,null,null,null,null,"TWOGAUSSIANS",8,4.786909,0.23297422,0.0058763996,0.4,0.0,0.2685643,0.021706618,0.7626262,0.0065975403,0.3860988,0.040623993,0.24423315,0.027662143
375316653866487564,5933611123279308672,0.5122968,2232.9828780870725,3.597036604956243,1.5242377E-5,18.140165,0.007962044,0.55583644,0.0027970956,0.052723072,0.0070570577,0.35174522,0.018803593,0.27589884,0.017211474,0.055536278,0.029135665,0.030166091,0.0175923,null,null,null,null,"TWOGAUSSIANS",8,12.318883,0.55583644,0.0027970956,0.2952492,0.039519522,0.3517453,0.018803881,0.27589884,0.01721526,0.31100315,0.16315973,0.030166356,0.017592605
375316653866487564,5933611157609025152,0.4683321,2242.3923819310726,1.5492752175733095,6.6394874E-5,19.833036,0.012337647,0.6144544,0.015189068,0.02471169,0.011144715,0.20230459,0.98380876,0.80317736,0.0010013583,0.01217334,0.0021390358,2.5405467,1.6809969,null,null,null,null,"TWOGAUSSIANS",8,3.306093,0.80317736,0.0010013583,0.068170704,0.0119786,2.5405467,1.6809969,0.6144544,0.015189068,0.13838547,0.062410407,0.20230459,0.98380876
375316653866487564,5933611398126232320,0.54494834,2217.9109601478176,1.5400900952779502,4.1122703E-6,19.531515,0.0058237417,0.2834423,9.840591E-4,0.050622813,0.0017862918,0.6926967,0.035770055,0.7944569,0.004260426,0.05598083,0.0034234347,0.19900851,0.011692104,null,null,null,null,"TWOGAUSSIANS",8,1.2855005,0.2834423,9.840591E-4,0.28348774,0.010003234,0.6926894,0.035773028,0.7944569,0.004260426,0.31349266,0.019171234,0.19900122,0.011691111
375316653866487564,5933611432486224000,0.55842066,2211.390334591799,1.9280434901367673,9.551301E-6,17.809244,0.010817395,0.26934242,0.0023453436,0.08417708,0.003917424,0.33343673,0.011900876,0.77137005,0.0053509413,0.11904668,0.01177322,0.13657731,0.0107814325,null,null,null,null,"TWOGAUSSIANS",8,3.5440228,0.26934242,0.0023441203,0.4,0.0,0.31568325,0.008627973,0.77137005,0.0053509413,0.4,0.0,0.11878342,0.0065265144
375316653866487564,5933611432516838144,0.42899355,2156.493462769612,0.5794238156728811,8.219503E-5,19.026688,0.4029027,0.4104505,0.041813377,0.18533716,0.16245157,0.31249762,0.39758366,0.8018505,0.012656913,0.042448103,0.012068586,0.21979278,0.05854852,null,null,null,null,"TWOGAUSSIANS",8,18.545969,0.4104505,0.041813377,0.4,0.0,0.29365724,0.060712334,0.8018505,0.012656913,0.23770937,0.06758408,0.23598109,0.06498673
375316653866487564,5933611501205770880,0.56910145,2208.386946717071,2.394238857961079,9.344057E-6,17.949299,0.016814634,0.1608024,0.0020508033,0.09759772,0.0058785053,0.42729717,0.0142649375,0.66529775,0.002669007,0.100506686,0.0048225503,0.400758,0.017971113,null,null,null,null,"TWOGAUSSIANS",8,6.171792,0.1608024,0.0020508033,0.4,0.0,0.39499733,0.013417132,0.66529775,0.002669007,0.4,0.0,0.36845642,0.012230929
375316653866487564,5933611604285225088,0.47519535,2158.5155702566067,2.6809003158523654,4.0229792E-5,19.725246,0.015817335,0.22164382,0.015884385,0.07656671,0.021329872,0.23225749,0.022896849,0.72177047,0.007986252,0.09912699,0.013612354,0.21797422,0.017550098,null,null,null,null,"TWOGAUSSIANS",8,2.0014606,0.22164382,0.015884385,0.4,0.06941965,0.22453997,0.02497689,0.72177047,0.007986252,0.4,0.0,0.21025538,0.01590191
375316653866487564,5933611638675381888,0.60186285,2209.0263942002184,0.5559751648000438,5.1117993E-5,16.129278,0.0012148039,0.28163072,0.026707372,0.10982579,0.029743517,0.0075199236,0.0029772103,0.7889679,0.0102001615,0.02585337,0.012006105,0.29024133,0.111997455,null,null,null,null,"TWOGAUSSIANS",8,3.9827113,0.7889679,0.0102001615,0.14477888,0.06723419,0.29022187,0.11201684,0.28163072,0.026707372,0.4,0.0,0.007499974,0.0029938556
375316653866487564,5933611668640612224,0.6052456,2203.273195652557,2.373764103880934,6.9194066E-6,15.052008,0.009556665,0.26021525,0.0030201578,0.06526717,0.0073271473,0.13350834,0.022773111,0.7637733,0.0028097266,0.060459428,0.0068921014,0.14103414,0.01956028,0.07662891,0.011295646,0.26021525,0.0030201578,"TWOGAUSSIANS_WITH_ELLIPSOIDAL_ON_ECLIPSE1",9,42.218784,0.7637733,0.0028097266,0.3385728,0.03859577,0.2941075,0.007924157,0.26021525,0.0030201578,0.36549616,0.041032024,0.2866583,0.011202466
375316653866487564,5933611844803245952,0.5268039,2216.6461630297185,2.2927705924274417,2.3325221E-5,17.15595,0.008089511,0.22697636,0.0038274145,0.052903093,0.0070417556,0.09731653,0.02364384,0.7237281,0.0056631,0.041375387,0.011510102,0.10238682,0.020765197,0.04889821,0.011404592,0.22697636,0.0038274145,"TWOGAUSSIANS_WITH_ELLIPSOIDAL_ON_ECLIPSE1",9,9.098381,0.72409815,0.0050422978,0.23170216,0.064456575,0.20014578,0.017783655,0.22697636,0.0038274145,0.29625732,0.03943383,0.19511157,0.011807949
375316653866487564,5933612154041426048,0.4769349,2200.3677983992666,2.7771916188904475,2.1361157E-5,19.595217,0.018310748,0.25260103,0.011707465,0.06383521,0.026843777,0.40145385,0.13138719,0.74718136,0.0069532315,0.07370288,0.009405554,0.3324837,0.027378501,null,null,null,null,"TWOGAUSSIANS",8,3.6569142,0.25260103,0.011707465,0.35747716,0.047144737,0.4006087,0.13735391,0.74718136,0.0069532315,0.4,0.014235381,0.33163857,0.025810458
375316653866487564,5933612222791002752,0.64465815,2209.211347840491,1.5031512084704126,3.1049524E-6,16.357414,0.009264509,0.2559708,0.0016623258,0.104255535,0.005096375,0.31209496,0.008664941,0.7550407,0.0012343453,0.09603384,0.0030097878,0.3115173,0.008559222,null,null,null,null,"TWOGAUSSIANS",8,5.1770577,0.2559708,0.0016623258,0.4,0.0,0.28479278,0.010679686,0.7550407,0.0012343453,0.4,0.0,0.28422064,0.0035801623
375316653866487564,5933612291480683264,0.51215816,2197.098228672774,2.656401269707667,2.0506839E-5,17.554552,0.06809117,0.23173486,0.005717253,0.10025964,0.034200016,0.17080306,0.06422991,0.7382159,0.0058323024,0.106898226,0.03015991,0.17799434,0.06430615,null,null,null,null,"TWOGAUSSIANS",8,8.279628,0.7382159,0.005857955,0.4,0.0,0.16043554,0.009966416,0.23173486,0.005685227,0.4,0.0,0.1532494,0.00996738
