Gaia/vari_eclipsing_binary/VariEclipsingBinary_677820-677843.csv
# %ECSV 1.0
# ---
# delimiter: ','
# meta: !!omap
# - RELEASE: Gaia DR3
# - TABLE: vari_eclipsing_binary
# - DESCRIPTION: >
#     This table describes the properties of the eclipsing binaries resulting from the variability analysis. 
# - CITATION: >
#     How to cite and acknowledge Gaia: 
#     https://gea.esac.esa.int/archive/documentation/credits.html 
# - KNOWN_ISSUES: >
#     Known issues: 
#     https://www.cosmos.esa.int/web/gaia-users/known-issues 
# - DOCUMENTATION: >
#     Tutorials and documentation: 
#     https://www.cosmos.esa.int/web/gaia-users/archive 
# datatype:
# - 
#   name: solution_id
#   datatype: int64
#   description: Solution Identifier
#   meta:
#     ucd: meta.version
# - 
#   name: source_id
#   datatype: int64
#   description: Unique source identifier
#   meta:
#     ucd: meta.id;meta.main
# - 
#   name: global_ranking
#   datatype: float32
#   description: Number between 0 (worst) and 1 (best)
#   meta:
#     ucd: stat.param
# - 
#   name: reference_time
#   datatype: float64
#   unit: d
#   description: Reference time used for the geometric model fit
#   meta:
#     ucd: time.epoch
# - 
#   name: frequency
#   datatype: float64
#   unit: d**-1
#   description: Frequency of geometric model of the eclipsing binary light curve
#   meta:
#     ucd: src.orbital
# - 
#   name: frequency_error
#   datatype: float32
#   unit: d**-1
#   description: "Uncertainty of \\texttt{frequency}"
#   meta:
#     ucd: stat.error
# - 
#   name: geom_model_reference_level
#   datatype: float32
#   unit: mag
#   description: Magnitude reference level of geometric model
#   meta:
#     ucd: phot.mag;em.opt
# - 
#   name: geom_model_reference_level_error
#   datatype: float32
#   unit: mag
#   description: "Uncertainty of \\texttt{geomModelReferenceLevel}"
#   meta:
#     ucd: stat.error;phot.mag;em.opt
# - 
#   name: geom_model_gaussian1_phase
#   datatype: float32
#   description: Phase of the Gaussian 1 component
#   meta:
#     ucd: time.phase
# - 
#   name: geom_model_gaussian1_phase_error
#   datatype: float32
#   description: "Uncertainty of \\texttt{geomModelGaussian1Phase}"
#   meta:
#     ucd: stat.error;time.phase
# - 
#   name: geom_model_gaussian1_sigma
#   datatype: float32
#   description: "Standard deviation [phase] of Gaussian 1 component"
#   meta:
#     ucd: stat.stdev
# - 
#   name: geom_model_gaussian1_sigma_error
#   datatype: float32
#   description: "Uncertainty of \\texttt{geomModelGaussian1Sigma}"
#   meta:
#     ucd: stat.error
# - 
#   name: geom_model_gaussian1_depth
#   datatype: float32
#   unit: mag
#   description: Magnitude depth of Gaussian 1 component
#   meta:
#     ucd: src.var.amplitude
# - 
#   name: geom_model_gaussian1_depth_error
#   datatype: float32
#   unit: mag
#   description: "Uncertainty of \\texttt{geomModelGaussian1Depth}"
#   meta:
#     ucd: stat.error;src.var.amplitude
# - 
#   name: geom_model_gaussian2_phase
#   datatype: float32
#   description: Phase of Gaussian 2 component
#   meta:
#     ucd: time.phase
# - 
#   name: geom_model_gaussian2_phase_error
#   datatype: float32
#   description: "Uncertainty of \\texttt{geomModelGaussian2Phase}"
#   meta:
#     ucd: stat.error;time.phase
# - 
#   name: geom_model_gaussian2_sigma
#   datatype: float32
[...]
#   datatype: float32
#   description: "Secondary eclipse: uncertainty of \\texttt{derivedSecondaryEclDuration}"
#   meta:
#     ucd: stat.error;time.duration
# - 
#   name: derived_secondary_ecl_depth
#   datatype: float32
#   unit: mag
#   description: "Secondary eclipse: depth"
#   meta:
#     ucd: src.var.amplitude
# - 
#   name: derived_secondary_ecl_depth_error
#   datatype: float32
#   unit: mag
#   description: "Secondary eclipse: uncertainty of \\texttt{derivedSecondaryEclDepth}"
#   meta:
#     ucd: stat.error;src.var.amplitude
solution_id,source_id,global_ranking,reference_time,frequency,frequency_error,geom_model_reference_level,geom_model_reference_level_error,geom_model_gaussian1_phase,geom_model_gaussian1_phase_error,geom_model_gaussian1_sigma,geom_model_gaussian1_sigma_error,geom_model_gaussian1_depth,geom_model_gaussian1_depth_error,geom_model_gaussian2_phase,geom_model_gaussian2_phase_error,geom_model_gaussian2_sigma,geom_model_gaussian2_sigma_error,geom_model_gaussian2_depth,geom_model_gaussian2_depth_error,geom_model_cosine_half_period_amplitude,geom_model_cosine_half_period_amplitude_error,geom_model_cosine_half_period_phase,geom_model_cosine_half_period_phase_error,model_type,num_model_parameters,reduced_chi2,derived_primary_ecl_phase,derived_primary_ecl_phase_error,derived_primary_ecl_duration,derived_primary_ecl_duration_error,derived_primary_ecl_depth,derived_primary_ecl_depth_error,derived_secondary_ecl_phase,derived_secondary_ecl_phase_error,derived_secondary_ecl_duration,derived_secondary_ecl_duration_error,derived_secondary_ecl_depth,derived_secondary_ecl_depth_error
[from data line 75]
375316653866487564,5962231543995014784,0.57033724,2225.209506880577,1.9352266609106603,1.0838186E-6,18.064756,0.0022206143,0.16967979,1.7471766E-7,1.14435745E-4,2.4164665E-6,0.40177915,0.0065224436,0.7747274,0.00934016,0.026470643,0.008140275,0.024822341,0.011504213,null,null,null,null,"TWOGAUSSIANS",8,1.4363323,0.16967979,1.7471766E-7,6.4084015E-4,1.35322125E-5,0.40177915,0.0065224436,0.7747274,0.00934016,0.1482356,0.045585543,0.024822341,0.011504213
375316653866487564,5962232918387171328,0.5537039,2196.9304193187954,3.4426029276704386,2.0798305E-5,19.291397,0.017773747,0.32671654,0.007449671,0.04255632,0.006099682,0.66574156,0.029077081,0.78900653,0.058439232,0.044838026,0.009742832,4.6804147,8.017789,null,null,null,null,"TWOGAUSSIANS",8,8.579468,0.78900653,0.058439232,0.25109294,0.05455986,4.6804147,8.017789,0.32671654,0.007449671,0.23831539,0.03415822,0.66574156,0.029077062
375316653866487564,5962234090910185728,0.47302467,2346.368523889495,2.3954051995681955,1.5460111E-5,19.701416,0.06463159,0.26174778,0.011919252,0.08157859,0.018358199,0.4644797,0.11520102,0.7727537,0.0083851125,0.074948244,0.028890574,0.37017694,0.46654746,null,null,null,null,"TWOGAUSSIANS",8,1.8167058,0.26174778,0.011919252,0.4,0.0073455726,0.4604431,0.11219831,0.7727537,0.0083851125,0.4,0.089302406,0.36614037,0.4703264
375316653866487564,5962237148922487680,0.5372053,2244.643723552171,1.757490027167263,4.6525518E-5,19.59418,0.03085943,0.21678233,0.010308282,0.10223946,0.016943498,0.29254204,0.029927475,0.71955395,0.007523446,0.074081495,0.009490915,0.42673162,0.030363686,null,null,null,null,"TWOGAUSSIANS",8,0.992742,0.71955395,0.0075228945,0.4,0.01833521,0.4152169,0.021574916,0.21678233,0.010308282,0.4,0.0,0.28102353,0.022638885
375316653866487564,5962237385148356608,0.51576656,2233.4675852623723,0.344295790077334,2.2202636E-4,16.523409,0.0035798978,0.20660946,0.017768491,0.033721086,0.018865304,0.048997447,0.015305365,0.81680626,0.0017839854,0.047891896,0.0014942952,0.3358046,0.009324998,null,null,null,null,"TWOGAUSSIANS",8,14.263437,0.81680626,0.0017839854,0.26819462,0.0083680535,0.3358046,0.009324998,0.20660946,0.017768491,0.18883808,0.1056457,0.048997447,0.015305365
375316653866487564,5962238415940021504,0.43473965,2213.392261257488,1.0781561987644046,7.9039804E-5,17.600225,0.008722715,null,null,null,null,null,null,null,null,null,null,null,null,0.06574444,0.012985076,0.14060047,0.010243164,"ELLIPSOIDAL",4,34.727646,null,null,null,null,null,null,null,null,null,null,null,null
375316653866487564,5962238592038357376,0.6115416,2212.6823607291276,2.5942990905007344,1.5504971E-5,18.84025,0.013422554,0.30032253,0.0025062219,0.06354369,0.0031647123,0.6562281,0.023511253,0.79740775,0.017038222,0.04747401,0.039583195,0.22353947,0.025696024,null,null,null,null,"TWOGAUSSIANS",8,3.2090473,0.30032253,0.0025062219,0.35584468,0.01772239,0.6561996,0.022932554,0.79740775,0.017038222,0.26585448,0.13042773,0.22351089,0.027558822
375316653866487564,5962239416724468608,0.47317305,2203.9670313128718,3.43806058017271,5.8174315E-5,16.034262,0.24026437,0.5545633,0.088591136,0.32721606,0.27262864,0.2103121,0.22337317,0.8145638,0.017521678,0.023282213,0.018133828,1.1271479,1.0770993,null,null,null,null,"TWOGAUSSIANS",8,97.77932,0.8145638,0.017521678,0.13038039,0.10154944,1.1660656,1.115228,0.5545633,0.088591136,0.4,0.0,0.083363,0.018209599
375316653866487564,5962240340084654336,0.53060776,2227.80752388471,2.270139707927712,4.9048915E-5,18.130335,0.03119693,0.21235898,0.008530294,0.101842575,0.02076994,0.25728497,0.025904719,0.71239555,0.0063189245,0.092897266,0.011640649,0.30378154,0.030731367,null,null,null,null,"TWOGAUSSIANS",8,6.195656,0.71239555,0.0063189245,0.4,0.0,0.28322148,0.011811567,0.21235898,0.008530294,0.4,0.0,0.23672222,0.030070513
375316653866487564,5962241718827025408,0.62265605,2180.2213927771286,1.0019792410038275,1.0374194E-5,16.023582,0.007933396,0.2471581,0.015354669,0.016876454,0.015491655,0.6644931,7.455468E7,0.7501429,0.0020512824,0.01863835,0.0012152031,0.5070034,0.02224717,0.011430445,0.013204595,0.2471581,0.015354669,"TWOGAUSSIANS_WITH_ELLIPSOIDAL_ON_ECLIPSE1",9,57.309082,0.2471581,0.015354669,0.094508134,0.08675327,0.68735397,7.455468E7,0.7501429,0.0020512824,0.10437476,0.0068051373,0.52985626,0.024304181
375316653866487564,5962241753201103616,0.48381215,2197.2731597177167,2.5581058038380897,3.0774885E-5,19.198364,0.025238257,0.23394586,0.008308957,0.06231716,0.042491097,0.25501174,0.0772525,0.73490036,0.004481553,0.07680173,0.012420762,0.23945445,0.021891978,null,null,null,null,"TWOGAUSSIANS",8,1.9796786,0.23394586,0.008308957,0.3489761,0.07124257,0.2542632,0.08908955,0.73490036,0.004481553,0.4,0.0,0.23870592,0.0177012
375316653866487564,5962243157589318400,0.4593108,2161.1306720153507,3.1160625644017976,1.1000102E-4,19.166683,0.042085726,0.2507703,0.06741709,0.05290779,0.1020652,0.23332635,0.08747158,0.7442386,0.01079987,0.0631259,0.010684977,0.22665088,0.048156798,null,null,null,null,"TWOGAUSSIANS",8,7.2367153,0.2507703,0.06741709,0.29628363,0.14143462,0.23329304,0.10020028,0.7442386,0.01079987,0.35350507,0.059835874,0.22661759,0.042942856
375316653866487564,5962243196295860608,0.5098888,2164.295216636244,0.2245915975123783,4.888281E-6,17.904005,0.00518359,0.21371906,6.220993E-5,0.0019596263,5.2148385E-5,0.4031853,0.00872508,0.6050375,0.053737585,0.10798842,0.033117715,0.03272691,0.00886238,null,null,null,null,"TWOGAUSSIANS",8,4.9016714,0.21371906,6.220993E-5,0.010973908,2.9203095E-4,0.40322992,0.008714331,0.6050375,0.053737585,0.4,0.0,0.03272546,0.008848045
375316653866487564,5962244124008963456,0.5828321,2203.86121093268,1.5248695339327725,1.1593575E-4,16.819681,0.0024292402,0.49287623,0.0019829306,0.023416188,0.0013070336,0.27719232,0.026299048,0.7988715,0.07096348,0.023805566,0.12562253,0.014473454,0.0063656275,0.0019121686,0.002215985,0.49287623,0.0019829306,"TWOGAUSSIANS_WITH_ELLIPSOIDAL_ON_ECLIPSE1",9,2.0622792,0.49287623,0.0019768034,0.13113065,0.007319388,0.28101665,0.026360964,0.7994815,0.07155509,0.13331117,0.2561738,0.014932386,0.006946005
375316653866487564,5962245738865157632,0.47894534,2240.577452447288,2.6498944145878585,4.028433E-5,18.303858,0.3149742,0.2453555,0.009779362,0.1645276,0.038386337,0.5476323,0.28927258,0.74989116,0.008266051,0.17216097,0.05442472,0.5057353,0.29076365,null,null,null,null,"TWOGAUSSIANS",8,6.1731024,0.2443255,0.009749904,0.4,0.0,0.22099549,0.01726821,0.75097114,0.007988881,0.4,0.0,0.17500222,0.027278079
375316653866487564,5962246494783870080,0.48476446,2228.0213267044414,1.9523432713279743,1.1315303E-6,19.33372,0.010397575,0.6119623,2.1031432E-5,0.001999005,1.2714803E-4,2.6059399,0.64530385,0.8295188,0.02380284,0.11424992,0.045758147,0.07828516,0.016595682,null,null,null,null,"TWOGAUSSIANS",8,2.5093684,0.6119623,2.1031432E-5,0.011194428,7.1202894E-4,2.6187022,0.66319954,0.8295188,0.02380284,0.4,0.0,0.078274295,0.016694829
375316653866487564,5962246662277843456,0.47481892,2207.289901466218,0.8033479468910188,1.2509032E-4,16.41177,0.0022951642,0.83284956,0.047961388,0.05135447,0.027699895,0.01630472,0.004763057,0.5700891,0.0019382731,0.07217877,0.0035148433,0.2541955,0.026470853,null,null,null,null,"TWOGAUSSIANS",8,9.77374,0.5700891,0.0019382731,0.4,0.0,0.25419554,0.026470948,0.8296596,0.05120831,0.28758505,0.15511942,0.016668525,0.004753826
375316653866487564,5962246804017540992,0.54174423,2215.7859311048674,2.4480332886652385,2.1874303E-5,19.307007,0.016751628,0.30067548,0.0025068517,0.06986654,0.004605717,0.5525504,0.054786872,0.7953381,0.0028153136,0.067376055,0.0075814347,0.60972524,0.053109884,null,null,null,null,"TWOGAUSSIANS",8,4.8026752,0.7953381,0.0028153136,0.3773059,0.042456035,0.6084061,0.053839527,0.30067548,0.0025068517,0.39125264,0.01915727,0.5512313,0.055049367
375316653866487564,5962246937158953344,0.5714911,2304.617664546488,2.3724327987122336,5.2254973E-6,18.291725,0.01985251,0.23118167,0.0013736053,0.08983575,0.0042430675,0.48602283,0.018362014,0.73608947,0.0040751705,0.097480975,0.009377041,0.4432061,0.040724006,null,null,null,null,"TWOGAUSSIANS",8,3.9085543,0.23118167,0.0013736053,0.4,0.0,0.4615601,0.009198309,0.73608947,0.0040751705,0.4,0.0,0.41874176,0.046831533
375316653866487564,5962246941454795264,0.5097578,2300.6692217545988,4.154803347221462,8.3915176E-5,19.251347,0.017377054,0.42131436,0.012880073,0.07909785,0.008315012,0.7267232,0.062593594,0.7845355,0.049249787,0.062337283,0.02386091,0.08809744,0.06066075,null,null,null,null,"TWOGAUSSIANS",8,12.95614,0.42131436,0.012880073,0.4,0.0,0.7267011,0.06259257,0.7845355,0.049249787,0.3490888,0.13331896,0.08809452,0.060681593
375316653866487564,5962246975814532224,0.51320374,2282.98781820432,3.41146783689218,3.3567234E-5,19.202063,0.033577926,0.32361117,0.034851167,0.030522471,0.014751717,0.19159241,0.17621544,0.72995895,0.018324105,0.046725713,0.024117973,0.45945677,0.133848,0.13105892,0.043800093,0.72995895,0.018324105,"TWOGAUSSIANS_WITH_ELLIPSOIDAL_ON_ECLIPSE2",9,18.840906,0.72995895,0.018324105,0.261664,0.13506065,0.7215743,0.11108688,0.3163212,0.036527425,0.17092584,0.082609616,0.37842655,0.19588007
375316653866487564,5962249587155010560,0.44234163,2291.2361900140713,2.932615982804328,3.825797E-5,19.748932,0.013643794,null,null,null,null,null,null,null,null,null,null,null,null,0.14080946,0.01930957,0.10299066,0.009807911,"ELLIPSOIDAL",4,5.691826,null,null,null,null,null,null,null,null,null,null,null,null
375316653866487564,5962249827725186304,0.60295254,2366.9039717463006,0.5204124916511632,1.9738463E-6,18.14638,0.0031993922,0.24731302,0.0053524016,0.03875733,0.0020392868,0.65278536,0.05887595,0.75302416,9.715983E-4,0.051016714,0.0016084523,0.1493343,0.0040046247,null,null,null,null,"TWOGAUSSIANS",8,1.7605599,0.24731302,0.0053524016,0.21704106,0.011420006,0.6527853,0.058875903,0.75302416,9.715983E-4,0.28569362,0.009007333,0.14933422,0.0040046126
375316653866487564,5962249965112163328,0.5291661,2309.5092302835183,2.1428660824033257,8.58896E-6,18.688066,0.019337347,0.29688388,0.007819028,0.0711741,0.011761865,0.3775951,0.020279681,0.7991507,0.0033297061,0.08025768,0.008645959,0.24084865,0.020036226,null,null,null,null,"TWOGAUSSIANS",8,3.763456,0.29688388,0.007819028,0.39857498,0.022570994,0.3751782,0.019096052,0.7991507,0.0033297061,0.4,0.0,0.23843174,0.017291889
375316653866487564,5962250102603153024,0.5593712,2328.960761466899,0.8521580857724986,4.712808E-6,18.951632,0.014628809,0.19646628,0.0015156283,0.0503733,0.0023391873,0.65025723,0.020832656,0.6617691,0.046023756,0.04479448,0.028027557,0.17494646,0.030999523,null,null,null,null,"TWOGAUSSIANS",8,7.425245,0.19646628,0.0015156283,0.28209049,0.013099449,0.6502571,0.02081276,0.6617691,0.046023756,0.2508491,0.1471139,0.17494635,0.030906096
375316653866487564,5962250205630518144,0.46836707,2316.2395888937444,2.8881008791663674,2.0940102E-5,19.4388,0.023090456,0.43356788,0.011383281,0.15185745,0.024127398,0.27279046,0.019642077,0.79105073,6.425606E-4,0.010347152,0.0015447304,0.122347705,0.014709346,null,null,null,null,"TWOGAUSSIANS",8,4.76898,0.43356788,0.011383281,0.4,0.0,0.27037618,0.017665444,0.79105073,6.425606E-4,0.057944052,0.00865049,0.13704838,0.021798467
375316653866487564,5962250343069666048,0.46749312,2316.8745201177694,2.869851802937988,2.7350405E-5,18.467714,0.0046051256,null,null,null,null,null,null,null,null,null,null,null,null,0.08007021,0.005907918,0.28963035,0.009056596,"ELLIPSOIDAL",4,6.113372,null,null,null,null,null,null,null,null,null,null,null,null
375316653866487564,5962250961596705408,0.6016942,2340.9117397821437,0.006506853525208909,1.094073E-5,16.875692,0.0014349039,0.21566898,7.761843E-4,0.014569078,0.0029750168,0.017275233,0.005724559,0.43791676,0.0024095112,0.023090228,0.0023398628,0.31305012,0.005025202,null,null,null,null,"TWOGAUSSIANS",8,2.7861173,0.43791676,0.0024095112,0.12930529,0.013103231,0.31305012,0.005025202,0.21566898,7.761843E-4,0.08158684,0.016660094,0.017275233,0.005724559
375316653866487564,5962251992337440768,0.46630302,2174.5435760160126,0.9416367372973448,5.3250133E-5,19.34121,0.042649545,0.5522637,0.04767865,0.19723687,0.09063203,0.12330357,0.03372718,0.42447376,8.7990606E-4,0.017092258,0.005497619,0.34524736,0.19702572,null,null,null,null,"TWOGAUSSIANS",8,2.7035205,0.4247538,9.276168E-4,0.09571665,0.030786665,0.4353383,0.22119786,0.5522637,0.04767865,0.4,0.0,0.113383465,0.020382749
375316653866487564,5962252301575265792,0.50037116,2177.6491950212076,0.42117958985972986,6.016787E-5,19.253963,0.36719036,0.101819925,0.041438017,0.077518955,0.0474904,0.23151296,0.2613777,0.48575556,0.025383402,0.13739565,0.06245795,0.5644437,0.36565793,null,null,null,null,"TWOGAUSSIANS",8,12.787381,0.48575556,0.025383402,0.4,0.0,0.55149394,0.098274276,0.108589925,0.033371724,0.4,0.020243337,0.2307406,0.10084322
375316653866487564,5962253091849690496,0.41018367,2131.4662496030382,0.18340200171209178,3.6147052E-5,19.43037,0.006830307,0.22580609,0.058742385,0.0670679,0.030412499,0.10672758,0.016111238,0.5969937,0.027239852,0.047425017,0.023143439,0.21469386,0.09005385,null,null,null,null,"TWOGAUSSIANS",8,1.6459776,0.5969937,0.027239852,0.2655801,0.12960325,0.2146938,0.090051755,0.22580609,0.058742385,0.37558025,0.1420909,0.1067275,0.016108144
375316653866487564,5962253401087462144,0.49603274,2245.107220966472,1.921230851041285,1.5868902E-5,18.612995,0.006418681,null,null,null,null,null,null,null,null,null,null,null,null,0.18575703,0.008317358,0.26057398,0.003511589,"ELLIPSOIDAL",4,9.665041,null,null,null,null,null,null,null,null,null,null,null,null
375316653866487564,5962254290143318272,0.59712225,2295.272232110562,2.9773906734051345,6.072808E-6,18.190405,0.019909041,0.21488273,0.0030418474,0.048461773,0.008880488,0.23505533,0.04455158,0.7155,0.0018267096,0.050779305,0.0060944054,0.35423762,0.043567576,0.09207447,0.027423013,0.21488273,0.0030418474,"TWOGAUSSIANS_WITH_ELLIPSOIDAL_ON_ECLIPSE1",9,4.9083877,0.7155,0.001760138,0.2843641,0.03412867,0.5383813,0.032117732,0.21488273,0.0030418474,0.2713859,0.049730733,0.4192018,0.0244539
375316653866487564,5962254294440070528,0.5779579,2350.412033613317,3.4787314569780556,1.1085964E-5,17.584713,0.007536423,0.28124362,0.0055541815,0.04624142,0.0061626644,0.33189014,0.03421056,0.78018576,0.0046967617,0.045130555,0.002935524,0.25898245,0.02693045,0.07058555,0.010318368,0.28124362,0.0055541815,"TWOGAUSSIANS_WITH_ELLIPSOIDAL_ON_ECLIPSE1",9,6.6245503,0.28124362,0.0055541815,0.25895196,0.03451092,0.47306076,0.032338135,0.78027576,0.004338373,0.25273108,0.016438935,0.40014735,0.021867966
375316653866487564,5962254466239017472,0.4216994,2300.240230586859,2.268142647292236,6.17855E-5,19.679157,0.08063014,0.26332372,0.015361523,0.11239199,0.051663842,0.15271159,0.07577902,0.77151954,0.02054243,0.08622072,0.049358316,0.16758804,0.07071782,null,null,null,null,"TWOGAUSSIANS",8,3.9542806,0.77152956,0.020517545,0.4,0.06416872,0.1556984,0.029062998,0.26332372,0.015360979,0.4,0.0,0.14080581,0.031806223
375316653866487564,5962254500649938432,0.46391964,2287.3363307977856,2.585014327480129,5.6104673E-5,18.597412,0.038751334,0.28143024,0.011022618,0.07785571,0.011234725,0.42343542,0.047127213,0.83214426,0.0019200792,0.019575447,0.0045970352,0.89820987,0.6341916,null,null,null,null,"TWOGAUSSIANS",8,36.58007,0.83214426,0.0019200792,0.10962251,0.025743397,0.8982098,0.6341917,0.28143024,0.011022618,0.4,0.0038400083,0.42343533,0.047127154
375316653866487564,5962254530670607744,0.44744712,2314.893085286593,1.2464728184843716,4.086518E-5,16.62713,0.009417725,0.17732196,0.0270704,0.01892186,0.016055943,0.08504945,0.024578728,0.56767017,0.00755276,0.123839155,0.0127622355,0.2577036,0.01787167,null,null,null,null,"TWOGAUSSIANS",8,21.285643,0.56767017,0.00755276,0.4,0.0,0.2575549,0.018009806,0.17751196,0.02789085,0.10596241,0.089913286,0.08669986,0.025168939
