Gaia/vari_eclipsing_binary/VariEclipsingBinary_663358-663376.csv
# %ECSV 1.0
# ---
# delimiter: ','
# meta: !!omap
# - RELEASE: Gaia DR3
# - TABLE: vari_eclipsing_binary
# - DESCRIPTION: >
#     This table describes the properties of the eclipsing binaries resulting from the variability analysis. 
# - CITATION: >
#     How to cite and acknowledge Gaia: 
#     https://gea.esac.esa.int/archive/documentation/credits.html 
# - KNOWN_ISSUES: >
#     Known issues: 
#     https://www.cosmos.esa.int/web/gaia-users/known-issues 
# - DOCUMENTATION: >
#     Tutorials and documentation: 
#     https://www.cosmos.esa.int/web/gaia-users/archive 
# datatype:
# - 
#   name: solution_id
#   datatype: int64
#   description: Solution Identifier
#   meta:
#     ucd: meta.version
# - 
#   name: source_id
#   datatype: int64
#   description: Unique source identifier
#   meta:
#     ucd: meta.id;meta.main
# - 
#   name: global_ranking
#   datatype: float32
#   description: Number between 0 (worst) and 1 (best)
#   meta:
#     ucd: stat.param
# - 
#   name: reference_time
#   datatype: float64
#   unit: d
#   description: Reference time used for the geometric model fit
#   meta:
#     ucd: time.epoch
# - 
#   name: frequency
#   datatype: float64
#   unit: d**-1
#   description: Frequency of geometric model of the eclipsing binary light curve
#   meta:
#     ucd: src.orbital
# - 
#   name: frequency_error
#   datatype: float32
#   unit: d**-1
#   description: "Uncertainty of \\texttt{frequency}"
#   meta:
#     ucd: stat.error
# - 
#   name: geom_model_reference_level
#   datatype: float32
#   unit: mag
#   description: Magnitude reference level of geometric model
#   meta:
#     ucd: phot.mag;em.opt
# - 
#   name: geom_model_reference_level_error
#   datatype: float32
#   unit: mag
#   description: "Uncertainty of \\texttt{geomModelReferenceLevel}"
#   meta:
#     ucd: stat.error;phot.mag;em.opt
# - 
#   name: geom_model_gaussian1_phase
#   datatype: float32
#   description: Phase of the Gaussian 1 component
#   meta:
#     ucd: time.phase
# - 
#   name: geom_model_gaussian1_phase_error
#   datatype: float32
#   description: "Uncertainty of \\texttt{geomModelGaussian1Phase}"
#   meta:
#     ucd: stat.error;time.phase
# - 
#   name: geom_model_gaussian1_sigma
#   datatype: float32
#   description: "Standard deviation [phase] of Gaussian 1 component"
#   meta:
#     ucd: stat.stdev
# - 
#   name: geom_model_gaussian1_sigma_error
#   datatype: float32
#   description: "Uncertainty of \\texttt{geomModelGaussian1Sigma}"
#   meta:
#     ucd: stat.error
# - 
#   name: geom_model_gaussian1_depth
#   datatype: float32
#   unit: mag
#   description: Magnitude depth of Gaussian 1 component
#   meta:
#     ucd: src.var.amplitude
# - 
#   name: geom_model_gaussian1_depth_error
#   datatype: float32
#   unit: mag
#   description: "Uncertainty of \\texttt{geomModelGaussian1Depth}"
#   meta:
#     ucd: stat.error;src.var.amplitude
# - 
#   name: geom_model_gaussian2_phase
#   datatype: float32
#   description: Phase of Gaussian 2 component
#   meta:
#     ucd: time.phase
# - 
#   name: geom_model_gaussian2_phase_error
#   datatype: float32
#   description: "Uncertainty of \\texttt{geomModelGaussian2Phase}"
#   meta:
#     ucd: stat.error;time.phase
# - 
#   name: geom_model_gaussian2_sigma
#   datatype: float32
[...]
#   datatype: float32
#   description: "Secondary eclipse: uncertainty of \\texttt{derivedSecondaryEclDuration}"
#   meta:
#     ucd: stat.error;time.duration
# - 
#   name: derived_secondary_ecl_depth
#   datatype: float32
#   unit: mag
#   description: "Secondary eclipse: depth"
#   meta:
#     ucd: src.var.amplitude
# - 
#   name: derived_secondary_ecl_depth_error
#   datatype: float32
#   unit: mag
#   description: "Secondary eclipse: uncertainty of \\texttt{derivedSecondaryEclDepth}"
#   meta:
#     ucd: stat.error;src.var.amplitude
solution_id,source_id,global_ranking,reference_time,frequency,frequency_error,geom_model_reference_level,geom_model_reference_level_error,geom_model_gaussian1_phase,geom_model_gaussian1_phase_error,geom_model_gaussian1_sigma,geom_model_gaussian1_sigma_error,geom_model_gaussian1_depth,geom_model_gaussian1_depth_error,geom_model_gaussian2_phase,geom_model_gaussian2_phase_error,geom_model_gaussian2_sigma,geom_model_gaussian2_sigma_error,geom_model_gaussian2_depth,geom_model_gaussian2_depth_error,geom_model_cosine_half_period_amplitude,geom_model_cosine_half_period_amplitude_error,geom_model_cosine_half_period_phase,geom_model_cosine_half_period_phase_error,model_type,num_model_parameters,reduced_chi2,derived_primary_ecl_phase,derived_primary_ecl_phase_error,derived_primary_ecl_duration,derived_primary_ecl_duration_error,derived_primary_ecl_depth,derived_primary_ecl_depth_error,derived_secondary_ecl_phase,derived_secondary_ecl_phase_error,derived_secondary_ecl_duration,derived_secondary_ecl_duration_error,derived_secondary_ecl_depth,derived_secondary_ecl_depth_error
[from data line 502]
375316653866487564,5835091789025744768,0.5269773,2153.8989684227113,2.15542511160204,1.4065796E-5,17.359156,0.06511429,0.24237715,0.005275933,0.12236621,0.046125587,0.11646411,0.061587438,0.7277269,0.0037343418,0.1110678,0.027421007,0.1751039,0.0595946,null,null,null,null,"TWOGAUSSIANS",8,4.418679,0.7277269,0.0037343418,0.4,0.0,0.15050744,0.0061375513,0.24241716,0.005088071,0.4,0.0,0.09182248,0.0045087873
375316653866487564,5835092098240256256,0.50511503,2167.1663401905885,2.8617256437350735,1.4853928E-5,19.5762,0.019237893,0.30062315,0.006751529,0.096180394,0.01017005,0.34294337,0.021429593,0.7978478,0.0038378492,0.08891829,0.0075498503,0.40647128,0.02622378,null,null,null,null,"TWOGAUSSIANS",8,3.1270945,0.7978478,0.0038378492,0.4,0.0,0.38790548,0.028432336,0.30062315,0.006751529,0.4,0.0,0.32437676,0.018834313
375316653866487564,5835092819817479424,0.51213187,2169.257649008019,0.3211739600628028,5.319434E-6,17.608057,0.040020745,0.14223208,0.0023462675,0.015655957,0.0013895255,0.56057787,0.024948072,0.41442102,0.13862891,0.1911778,0.19777997,0.025765542,0.038118407,null,null,null,null,"TWOGAUSSIANS",8,30.085487,0.14226209,0.0023461604,0.08767336,0.0077813426,0.5682629,0.024267158,0.41442102,0.13862891,0.4,0.0,0.02407998,0.012681878
375316653866487564,5835092957256448256,0.6161589,2162.6538770971624,0.3750642361959109,8.375557E-6,14.968379,4.549656E-4,0.17235343,0.001069006,0.0051617846,5.816283E-4,0.061440825,0.01817318,0.6746261,6.664401E-4,0.014660222,7.373244E-4,0.26019263,0.019903889,0.0013872947,7.62919E-4,0.17235343,0.001069006,"TWOGAUSSIANS_WITH_ELLIPSOIDAL_ON_ECLIPSE1",9,7.8038235,0.6746261,6.664401E-4,0.08209725,0.004129017,0.26296666,0.020464117,0.17235343,0.001069006,0.028905993,0.0032571184,0.064215414,0.01931537
375316653866487564,5835093197750461184,0.5460334,2140.698836882696,2.8201982045364393,1.304279E-5,19.183512,0.00925863,0.26588738,0.003530018,0.08813042,0.005883278,0.39727363,0.011661938,0.75402766,0.0033824353,0.082568996,0.005441325,0.409125,0.012897854,null,null,null,null,"TWOGAUSSIANS",8,2.1995115,0.75402766,0.0033824353,0.4,0.0,0.40014043,0.01321634,0.26588738,0.003530018,0.4,0.0,0.38828894,0.011626052
375316653866487564,5835093197774682112,0.52492356,2179.577045064881,2.876722915675004,1.05443505E-5,18.274271,0.015818577,0.25595722,0.003060884,0.09019586,0.0065770503,0.3217783,0.015554299,0.74693227,0.0035282734,0.095747106,0.0067543257,0.28819823,0.018137233,null,null,null,null,"TWOGAUSSIANS",8,7.0069323,0.25595722,0.003060884,0.4,0.0,0.30745062,0.0118466625,0.74693227,0.0035282734,0.4,0.0,0.27386996,0.014693833
375316653866487564,5835093438297586944,0.4820341,2153.93369587426,1.0824585368481405,1.9700243E-5,17.541716,0.0012442309,null,null,null,null,null,null,null,null,null,null,null,null,0.033118993,0.0015220672,0.22999471,0.004541877,"ELLIPSOIDAL",4,2.500201,null,null,null,null,null,null,null,null,null,null,null,null
375316653866487564,5835093850609754880,0.5045163,2138.689312452045,2.1096296701736073,1.3020651E-5,16.57833,0.024714071,0.19110447,0.004377575,0.1097141,0.021782108,0.0725237,0.023566522,0.68861145,0.0037851017,0.12561134,0.031107975,0.07949791,0.021307308,null,null,null,null,"TWOGAUSSIANS",8,3.771605,0.68861145,0.0037851017,0.4,0.0,0.06395398,0.0054487977,0.19112447,0.004403323,0.4,0.0,0.05703308,0.0034257248
375316653866487564,5835094262902693504,0.4353524,2139.204113583273,0.06588816947574153,1.2327624E-4,18.867788,0.09701596,0.25017112,0.013965774,0.065676376,0.009999195,0.33311257,0.08568372,0.6945112,0.0327747,0.22644328,0.2500995,0.07710956,0.08648101,null,null,null,null,"TWOGAUSSIANS",8,9.256067,0.25091112,0.013446077,0.3677877,0.055995494,0.32115087,0.07761937,0.6945112,0.0327747,0.4,0.0,0.05009205,0.011944347
375316653866487564,5835094327281635968,0.5785992,2136.09064550249,3.1834648610399503,7.806762E-6,18.542171,0.010956548,0.27060074,0.002505705,0.044153925,0.005100041,0.27390876,0.018644253,0.76082486,0.00221575,0.039344992,0.004954347,0.16534758,0.021697447,0.112723924,0.01199518,0.27060074,0.002505705,"TWOGAUSSIANS_WITH_ELLIPSOIDAL_ON_ECLIPSE1",9,4.4021893,0.27060074,0.002505705,0.24726197,0.02856023,0.4993565,0.012121465,0.76222485,0.0018398294,0.22033195,0.027744342,0.39006686,0.013498977
375316653866487564,5835094400341681280,0.46987247,2177.8007574594203,2.1871103623351913,1.8452818E-5,18.71615,0.011128337,0.25247347,0.00446544,0.07858016,0.008067769,0.1697967,0.015094672,0.7555672,0.014541226,0.10689474,0.023516852,0.091045514,0.011804658,null,null,null,null,"TWOGAUSSIANS",8,2.7703032,0.25247347,0.0044659195,0.4,0.0,0.16397654,0.014452988,0.7555672,0.014541226,0.4,0.0,0.08522208,0.009483777
375316653866487564,5835094400341710080,0.51547253,2102.15181444928,2.5919580581514707,1.4125957E-5,19.714092,0.014377716,0.2459116,0.0049067107,0.08167458,0.009947114,0.51393676,0.02986392,0.7507321,0.003063303,0.08639399,0.004729695,0.38859946,0.020069838,null,null,null,null,"TWOGAUSSIANS",8,2.5152066,0.2459116,0.0049067107,0.4,0.0,0.5041756,0.03319932,0.7507321,0.003063303,0.4,0.0,0.37883824,0.01849307
375316653866487564,5835094640883785088,0.63551474,2155.4681137419234,0.23655221944609414,4.079408E-5,12.5466585,0.0023114358,0.29358768,0.0064899484,0.018673722,0.008888334,0.040419575,0.030640036,0.7957989,0.0022664256,0.021774815,9.262867E-4,0.8932985,0.053541042,0.02307751,0.0033150383,0.29358768,0.0064899484,"TWOGAUSSIANS_WITH_ELLIPSOIDAL_ON_ECLIPSE1",9,417.90015,0.7957989,0.0022664256,0.12193896,0.0051872055,0.9394446,0.051543396,0.29358768,0.0064899484,0.10457284,0.04977467,0.08657459,0.03276162
375316653866487564,5835095220631464832,0.46292567,2156.7565507864447,0.11470599814598707,6.2328334E-5,18.593714,0.01033556,0.08106845,0.012770329,0.03612708,0.014389817,0.061260697,0.03511332,0.7576147,0.04042876,0.0057883873,0.028948635,0.46199447,507.40417,0.031422425,0.01443541,0.7576147,0.04042876,"TWOGAUSSIANS_WITH_ELLIPSOIDAL_ON_ECLIPSE2",9,9.518193,0.7576147,0.04042876,0.03241497,0.16211236,0.5248393,507.4075,0.08835845,0.018757533,0.20231165,0.08058297,0.07486021,0.02922387
375316653866487564,5835095259336411904,0.47437015,2176.617084685538,1.735523561455153,2.9925863E-5,18.979645,0.008061501,0.32626906,0.008196429,0.047937382,0.0069309394,0.27950695,0.016119156,0.8093432,0.018506635,0.06462985,0.0075524845,0.33110234,0.080357015,null,null,null,null,"TWOGAUSSIANS",8,5.6197057,0.8093432,0.018506635,0.36192718,0.042293914,0.3310863,0.08034849,0.32626906,0.008196429,0.26844934,0.03881326,0.2794909,0.01610901
375316653866487564,5835095362415608832,0.44567457,2142.3625216233777,0.8234484018887492,5.431558E-5,18.798737,0.004474298,0.4298375,0.009542704,0.033246107,0.00823146,0.093457446,0.028195256,0.77118343,0.0014239124,0.016186168,0.0019853937,0.28256622,0.041395742,null,null,null,null,"TWOGAUSSIANS",8,4.9145737,0.77118343,0.0014239124,0.09064254,0.011118204,0.28256622,0.041395742,0.4298375,0.009542704,0.1861782,0.046096176,0.093457446,0.028195256
375316653866487564,5835095877834788352,0.45279115,2162.2161301168244,3.7143970698684625,5.0274502E-5,18.961454,0.053151872,0.27909237,0.008390162,0.1095316,0.038231265,0.2634393,0.04260303,0.785402,0.015301148,0.070781596,0.01618943,0.2779515,0.057957307,null,null,null,null,"TWOGAUSSIANS",8,15.170161,0.785402,0.015316941,0.3963769,0.04705472,0.26780772,0.042167958,0.27909237,0.008390162,0.4,0.0,0.25327924,0.04852531
375316653866487564,5835096049610820864,0.5373723,2140.484979013631,3.0511938537071788,6.9273556E-6,19.509169,0.0074521275,0.22147352,0.0016169667,0.07641308,0.0024900658,0.4262277,0.013211622,0.7318257,0.0033912729,0.082274616,0.0035399266,0.48912984,0.025392413,null,null,null,null,"TWOGAUSSIANS",8,1.7585555,0.7318257,0.0033912729,0.4,0.0,0.4839375,0.025774295,0.22147352,0.0016169667,0.4,0.0,0.4210354,0.013154782
375316653866487564,5835096388862016768,0.62557274,2169.962605707884,2.3111785498585027,5.004291E-6,16.943274,0.0066895,0.2536725,0.0021199957,0.05056413,0.005227504,0.13403763,0.016087692,0.76235795,0.0030723976,0.048428133,0.00483643,0.13802956,0.013622286,0.10077643,0.00781955,0.2536725,0.0021199957,"TWOGAUSSIANS_WITH_ELLIPSOIDAL_ON_ECLIPSE1",9,6.6905823,0.76235795,0.0030723976,0.27119756,0.027084008,0.33898178,0.005060853,0.2536725,0.0021199957,0.2831591,0.029274022,0.3355895,0.009189072
375316653866487564,5835096629416536448,0.5081086,2156.465399971402,3.560225207889019,2.0785741E-5,18.409588,0.011956667,0.23082726,0.006261012,0.100979984,0.009635497,0.18593167,0.01350805,0.73668087,0.005731059,0.09760236,0.01054863,0.18078661,0.011793301,null,null,null,null,"TWOGAUSSIANS",8,4.249882,0.23082726,0.006261012,0.4,0.0,0.17163312,0.01127664,0.73668087,0.005731059,0.4,0.0,0.16648915,0.010339925
375316653866487564,5835096736828302592,0.44268095,2145.5794705806416,2.530183996977519,4.2404525E-5,18.166332,0.196601,0.27416992,0.008869637,0.14729723,0.047303192,0.18298459,0.17463931,0.7691003,0.011570519,0.16695137,0.07878881,0.17029901,0.18853037,null,null,null,null,"TWOGAUSSIANS",8,3.614728,0.2749299,0.008616423,0.4,0.0,0.09050235,0.007434904,0.7691003,0.011570519,0.4,0.0,0.07511725,0.011511692
375316653866487564,5835097458382388096,0.5904513,2131.355721518144,0.9379856091882889,3.553024E-5,17.778677,0.0033160837,0.2424622,0.01647306,0.034534093,0.026298156,0.099326335,1.2564896E9,0.74242604,0.0023667703,0.03383838,0.0037131777,0.64137954,0.22999287,0.014673116,0.0046020513,0.2424622,0.01647306,"TWOGAUSSIANS_WITH_ELLIPSOIDAL_ON_ECLIPSE1",9,2.7549345,0.74242604,0.0023552668,0.18949492,0.020793796,0.67072576,0.23328692,0.2424622,0.01647306,0.19339092,0.14726968,0.12867257,1.2564896E9
375316653866487564,5835097870675547264,0.4681321,2136.4356345591696,2.8056916149850797,2.8497188E-5,19.559246,0.010637555,0.23058808,0.008548708,0.08759487,0.011539878,0.20099361,0.01852545,0.7336792,0.0092948675,0.06902434,0.00753449,0.23878235,0.013513207,null,null,null,null,"TWOGAUSSIANS",8,1.6930923,0.7336792,0.0092948675,0.38653627,0.037863825,0.23631294,0.0120185325,0.23058808,0.008548708,0.4,0.0,0.19852416,0.018771624
375316653866487564,5835097905059017344,0.5161834,2142.236646865258,0.053051538873575076,9.912424E-6,18.085464,0.0014748769,0.32519752,2.9475839E-6,0.0024208387,1.15066505E-5,0.2378668,0.0014702679,0.7537248,0.007300335,0.016480153,0.008305003,0.020989561,0.011576806,null,null,null,null,"TWOGAUSSIANS",8,2.2780704,0.32519752,2.9475839E-6,0.013556697,6.443724E-5,0.2378668,0.0014702679,0.7537248,0.007300335,0.09228886,0.046508014,0.020989561,0.011576806
375316653866487564,5835098145553553408,0.49041608,2155.05115480347,3.554673732481635,2.2747627E-5,18.936533,0.006912199,0.2520151,0.008447787,0.07187705,0.011893787,0.21620214,0.023802212,0.747537,0.0036666647,0.068338886,0.0048266635,0.24381322,0.01186469,null,null,null,null,"TWOGAUSSIANS",8,3.2330222,0.747537,0.0036666647,0.38269776,0.027029315,0.24310495,0.011795514,0.2520151,0.008447787,0.4,0.026025109,0.21549387,0.024303265
375316653866487564,5835098248656460288,0.61019725,2147.129841358986,1.5382686484312877,5.0688577E-6,14.786827,0.0012921988,0.2666964,0.0012957971,0.03505162,0.003208342,0.08268112,0.014606284,0.7692459,0.0013789549,0.038324263,0.0022853385,0.08430824,0.0041121384,0.045508336,0.0019091744,0.2666964,0.0012957971,"TWOGAUSSIANS_WITH_ELLIPSOIDAL_ON_ECLIPSE1",9,10.553395,0.7692459,0.0013789549,0.21461588,0.012797896,0.17530145,0.004135137,0.2666964,0.0012957971,0.19628908,0.017966716,0.17369768,0.015602938
375316653866487564,5835098347396401920,0.59053636,2148.4060514583302,2.6589517132635025,7.6245756E-6,18.591244,0.008007347,0.2015392,0.001871004,0.084084675,0.003641022,0.4220299,0.011938035,0.70417655,0.0016613876,0.08176521,0.0025523077,0.40969425,0.00956595,null,null,null,null,"TWOGAUSSIANS",8,2.5023232,0.2015392,0.001871004,0.4,0.0,0.4136066,0.0123941265,0.70417655,0.0016613876,0.4,0.0,0.40127096,0.008612839
375316653866487564,5835099279448643328,0.6370182,2166.951548394455,0.21014283632850025,1.0745567E-6,15.962328,5.086061E-4,0.20498754,2.6780774E-6,0.008887531,2.5416768E-5,0.3035483,4.5524928E-4,null,null,null,null,null,null,null,null,null,null,"ONEGAUSSIAN",5,2.4936147,0.20498754,2.6780774E-6,0.049770173,1.423339E-4,0.3035483,0.0,null,null,null,null,null,null
375316653866487564,5835099378195836672,0.5290857,2152.14037926039,3.2677663377580837,1.3530506E-5,18.6052,0.16948247,0.31628832,0.0040794886,0.14516857,0.03818216,0.33185452,0.16411377,0.79694504,0.0050077476,0.12390299,0.02479133,0.34367314,0.15639864,null,null,null,null,"TWOGAUSSIANS",8,1.9845707,0.79694504,0.0050077476,0.4,0.0,0.24139225,0.008427802,0.31654832,0.0035261891,0.4,0.0,0.22787885,0.0123385945
375316653866487564,5835099519967434752,0.69583607,2141.9210159518384,0.3731849115082307,1.0742675E-6,14.698412,5.534741E-4,0.24630141,3.9640177E-4,0.015724495,3.121115E-4,0.31575483,0.0074428823,0.74513984,0.0021784126,0.01726022,0.0025676293,0.30925694,0.030283796,0.0020300085,6.96148E-4,0.24630141,3.9640177E-4,"TWOGAUSSIANS_WITH_ELLIPSOIDAL_ON_ECLIPSE1",9,6.38141,0.24630141,3.9640177E-4,0.088057175,0.0017478244,0.31981486,0.0074059884,0.74513984,0.0021784126,0.09665724,0.014378725,0.31331676,0.030286044
375316653866487564,5835099554327168512,0.61651886,2142.502203639905,3.0874717510780076,2.6240461E-6,18.704865,0.0041534547,0.22213882,5.972642E-4,0.04151106,0.0012531169,0.3310459,0.010450853,0.7242762,0.001855163,0.054362584,0.002655177,0.39727625,0.026529267,0.104702085,0.006750881,0.22213882,5.972642E-4,"TWOGAUSSIANS_WITH_ELLIPSOIDAL_ON_ECLIPSE1",9,1.3765519,0.7242762,0.001855163,0.30443048,0.014868991,0.606633,0.026863374,0.22213882,5.972642E-4,0.23246193,0.007017454,0.54044044,0.0077900006
375316653866487564,5835099618678681600,0.62201,2127.7165397010444,1.4303043158872577,6.394813E-6,16.722095,0.007830344,0.19838518,0.0010586357,0.10503815,0.0035912443,0.2270075,0.0073171267,0.6972078,0.0023673153,0.09611068,0.004293082,0.21317567,0.008402053,null,null,null,null,"TWOGAUSSIANS",8,2.6800911,0.19838518,0.0010586357,0.4,0.0,0.20725809,0.0038259265,0.6972078,0.0023673153,0.4,0.0,0.19343117,0.006590277
375316653866487564,5835099726104673664,0.48902777,2113.176054620287,3.919928628058059,4.0480078E-5,19.469152,0.023709396,0.20377246,0.011059231,0.08491874,0.022195235,0.29185575,0.01832511,0.6720116,0.0074521783,0.07713586,0.012661585,0.27887908,0.048057903,null,null,null,null,"TWOGAUSSIANS",8,2.3963976,0.20377246,0.011059231,0.4,0.0,0.2892365,0.013881425,0.6720116,0.0074521783,0.4,0.0,0.2762599,0.04870979
375316653866487564,5835100134117859840,0.5212127,2152.9287795368255,3.3591389059570975,1.818059E-5,18.730782,0.015706114,0.25267768,0.003970222,0.08923083,0.008284636,0.25865746,0.01652768,0.7349801,0.004375555,0.08549939,0.0074621188,0.2747189,0.017336918,null,null,null,null,"TWOGAUSSIANS",8,3.9659145,0.7349801,0.004375555,0.4,0.0,0.2681094,0.014842612,0.25267768,0.003970222,0.4,0.0,0.25204787,0.0146686025
375316653866487564,5835100340266453632,0.5357126,2134.044558642688,2.724952300863413,1.7035676E-5,18.481594,0.00961041,0.27821797,0.0035126344,0.08932877,0.0056196577,0.3453696,0.018100135,0.78520817,0.0034811075,0.07525383,0.0053178477,0.24544917,0.010413675,null,null,null,null,"TWOGAUSSIANS",8,3.8951561,0.27821797,0.0035126344,0.4,0.0,0.3402505,0.018650584,0.78520817,0.0034811075,0.4,0.0,0.24033017,0.009142121
375316653866487564,5835100447680463616,0.65860194,2147.4541178976783,2.39156046501663,3.7376828E-6,17.044888,0.0038827509,0.16604917,0.0011792117,0.09115419,0.0015252297,0.3959288,0.0060376925,0.665634,0.0010447525,0.085922815,0.001581602,0.44209483,0.0042218124,null,null,null,null,"TWOGAUSSIANS",8,2.90634,0.665634,0.0010447525,0.4,0.0,0.42670125,0.0036120813,0.16604917,0.0011792117,0.4,0.0,0.38053507,0.005744369
