Gaia/vari_eclipsing_binary/VariEclipsingBinary_388086-388492.csv
# %ECSV 1.0
# ---
# delimiter: ','
# meta: !!omap
# - RELEASE: Gaia DR3
# - TABLE: vari_eclipsing_binary
# - DESCRIPTION: >
#     This table describes the properties of the eclipsing binaries resulting from the variability analysis. 
# - CITATION: >
#     How to cite and acknowledge Gaia: 
#     https://gea.esac.esa.int/archive/documentation/credits.html 
# - KNOWN_ISSUES: >
#     Known issues: 
#     https://www.cosmos.esa.int/web/gaia-users/known-issues 
# - DOCUMENTATION: >
#     Tutorials and documentation: 
#     https://www.cosmos.esa.int/web/gaia-users/archive 
# datatype:
# - 
#   name: solution_id
#   datatype: int64
#   description: Solution Identifier
#   meta:
#     ucd: meta.version
# - 
#   name: source_id
#   datatype: int64
#   description: Unique source identifier
#   meta:
#     ucd: meta.id;meta.main
# - 
#   name: global_ranking
#   datatype: float32
#   description: Number between 0 (worst) and 1 (best)
#   meta:
#     ucd: stat.param
# - 
#   name: reference_time
#   datatype: float64
#   unit: d
#   description: Reference time used for the geometric model fit
#   meta:
#     ucd: time.epoch
# - 
#   name: frequency
#   datatype: float64
#   unit: d**-1
#   description: Frequency of geometric model of the eclipsing binary light curve
#   meta:
#     ucd: src.orbital
# - 
#   name: frequency_error
#   datatype: float32
#   unit: d**-1
#   description: "Uncertainty of \\texttt{frequency}"
#   meta:
#     ucd: stat.error
# - 
#   name: geom_model_reference_level
#   datatype: float32
#   unit: mag
#   description: Magnitude reference level of geometric model
#   meta:
#     ucd: phot.mag;em.opt
# - 
#   name: geom_model_reference_level_error
#   datatype: float32
#   unit: mag
#   description: "Uncertainty of \\texttt{geomModelReferenceLevel}"
#   meta:
#     ucd: stat.error;phot.mag;em.opt
# - 
#   name: geom_model_gaussian1_phase
#   datatype: float32
#   description: Phase of the Gaussian 1 component
#   meta:
#     ucd: time.phase
# - 
#   name: geom_model_gaussian1_phase_error
#   datatype: float32
#   description: "Uncertainty of \\texttt{geomModelGaussian1Phase}"
#   meta:
#     ucd: stat.error;time.phase
# - 
#   name: geom_model_gaussian1_sigma
#   datatype: float32
#   description: "Standard deviation [phase] of Gaussian 1 component"
#   meta:
#     ucd: stat.stdev
# - 
#   name: geom_model_gaussian1_sigma_error
#   datatype: float32
#   description: "Uncertainty of \\texttt{geomModelGaussian1Sigma}"
#   meta:
#     ucd: stat.error
# - 
#   name: geom_model_gaussian1_depth
#   datatype: float32
#   unit: mag
#   description: Magnitude depth of Gaussian 1 component
#   meta:
#     ucd: src.var.amplitude
# - 
#   name: geom_model_gaussian1_depth_error
#   datatype: float32
#   unit: mag
#   description: "Uncertainty of \\texttt{geomModelGaussian1Depth}"
#   meta:
#     ucd: stat.error;src.var.amplitude
# - 
#   name: geom_model_gaussian2_phase
#   datatype: float32
#   description: Phase of Gaussian 2 component
#   meta:
#     ucd: time.phase
# - 
#   name: geom_model_gaussian2_phase_error
#   datatype: float32
#   description: "Uncertainty of \\texttt{geomModelGaussian2Phase}"
#   meta:
#     ucd: stat.error;time.phase
# - 
#   name: geom_model_gaussian2_sigma
#   datatype: float32
[...]
#   datatype: float32
#   description: "Secondary eclipse: uncertainty of \\texttt{derivedSecondaryEclDuration}"
#   meta:
#     ucd: stat.error;time.duration
# - 
#   name: derived_secondary_ecl_depth
#   datatype: float32
#   unit: mag
#   description: "Secondary eclipse: depth"
#   meta:
#     ucd: src.var.amplitude
# - 
#   name: derived_secondary_ecl_depth_error
#   datatype: float32
#   unit: mag
#   description: "Secondary eclipse: uncertainty of \\texttt{derivedSecondaryEclDepth}"
#   meta:
#     ucd: stat.error;src.var.amplitude
solution_id,source_id,global_ranking,reference_time,frequency,frequency_error,geom_model_reference_level,geom_model_reference_level_error,geom_model_gaussian1_phase,geom_model_gaussian1_phase_error,geom_model_gaussian1_sigma,geom_model_gaussian1_sigma_error,geom_model_gaussian1_depth,geom_model_gaussian1_depth_error,geom_model_gaussian2_phase,geom_model_gaussian2_phase_error,geom_model_gaussian2_sigma,geom_model_gaussian2_sigma_error,geom_model_gaussian2_depth,geom_model_gaussian2_depth_error,geom_model_cosine_half_period_amplitude,geom_model_cosine_half_period_amplitude_error,geom_model_cosine_half_period_phase,geom_model_cosine_half_period_phase_error,model_type,num_model_parameters,reduced_chi2,derived_primary_ecl_phase,derived_primary_ecl_phase_error,derived_primary_ecl_duration,derived_primary_ecl_duration_error,derived_primary_ecl_depth,derived_primary_ecl_depth_error,derived_secondary_ecl_phase,derived_secondary_ecl_phase_error,derived_secondary_ecl_duration,derived_secondary_ecl_duration_error,derived_secondary_ecl_depth,derived_secondary_ecl_depth_error
[from data line 871]
375316653866487564,3416961665848469248,0.49616402,2345.0943325169974,1.7373980953350863,9.8121825E-5,19.22822,0.004299353,0.24434721,0.0019187552,0.037036046,0.0037038897,0.05567237,0.0049293875,0.7579468,2.4826833E-4,0.036404178,8.9595723E-4,0.2612792,0.003359867,null,null,null,null,"TWOGAUSSIANS",8,0.52910954,0.7579468,2.4826833E-4,0.2038634,0.0050173607,0.2612792,0.003359867,0.24434721,0.0019187552,0.20740186,0.020741783,0.05567237,0.0049293875
375316653866487564,3416963972247121792,0.51297754,2300.658816972076,0.29601970811874334,2.6640606E-5,18.908445,0.008673046,0.24029967,5.7550764E-4,0.0121240225,0.0017928826,0.16274582,0.005666786,0.52208525,0.008953929,0.053296562,0.019159032,0.35274556,0.01202474,null,null,null,null,"TWOGAUSSIANS",8,5.2444496,0.52208525,0.008953929,0.29846075,0.10729057,0.35274556,0.01202474,0.24029967,5.7550764E-4,0.067894526,0.010040143,0.16274612,0.005666175
375316653866487564,3416972695324193920,0.46221554,2222.7235914269995,3.6628720962878214,1.0484618E-4,18.99059,0.02526861,0.36427802,0.02424008,0.09945716,0.037233055,0.14107697,0.028738191,0.8475997,0.009968045,0.077296846,0.025430722,0.17067312,0.0312854,null,null,null,null,"TWOGAUSSIANS",8,4.6359086,0.8475997,0.009968045,0.4,0.08030527,0.16644397,0.029820051,0.36427802,0.02424008,0.4,0.0,0.13684657,0.024335647
375316653866487564,3416974516390306688,0.5643359,2294.0657597026225,0.11056668339527194,2.7029805E-6,18.20816,0.0048646927,0.3081981,0.08218542,0.086732425,0.047234267,0.012934318,0.006469771,0.72007877,0.009454346,0.0527123,0.011416411,1.4734323,0.9067929,null,null,null,null,"TWOGAUSSIANS",8,1.3687207,0.72007877,0.009454346,0.29518887,0.063931905,1.4734153,0.9069683,0.3081981,0.08218542,0.4,0.0,0.01291705,0.006360066
375316653866487564,3416975341024132480,0.5306024,2279.9532371509467,2.883619695827612,5.4465745E-5,18.469149,0.0047239396,0.26882097,0.010177641,0.06702652,0.0056050136,0.45283628,0.04016806,0.80638516,0.020775454,0.020550067,0.013146618,0.026914697,0.010921024,null,null,null,null,"TWOGAUSSIANS",8,4.304009,0.26882097,0.010177641,0.3753485,0.031388078,0.45283625,0.040168066,0.80638516,0.020775454,0.11508037,0.073621064,0.026914695,0.010921026
375316653866487564,3416975375383783040,0.5908959,2252.26853856384,2.1378717721694294,1.1952145E-5,16.141031,0.010089809,0.24740425,0.004560129,0.0775572,0.009648394,0.15520987,0.020079002,0.7407042,0.0014403615,0.07782235,0.0040541193,0.24265456,0.008826165,null,null,null,null,"TWOGAUSSIANS",8,15.410302,0.7407042,0.0014403615,0.4,0.0,0.24075419,0.0078118443,0.24740425,0.004560129,0.4,0.0,0.15330951,0.020510662
375316653866487564,3416978192882550784,0.6370527,2300.938121823877,2.4351374919403557,5.57763E-6,17.82052,0.01731859,0.3129565,0.007164646,0.048971742,0.0068167523,0.51775753,0.045675825,0.8201331,0.003897214,0.04413916,0.009230807,0.36523685,0.07078394,0.13169727,0.030988436,0.3129565,0.007164646,"TWOGAUSSIANS_WITH_ELLIPSOIDAL_ON_ECLIPSE1",9,8.01554,0.3129565,0.007164646,0.27424178,0.038173813,0.7811507,0.024599958,0.8201331,0.00366721,0.2471793,0.05169252,0.62809485,0.09275164
375316653866487564,3416984102757395584,0.47797427,2238.908637325264,0.5122208614891429,7.758531E-5,14.893049,0.011740623,0.18124984,0.01845731,0.022129023,0.020732896,0.19023497,0.27653977,0.501577,0.03958829,0.2776256,0.2569501,0.012734173,0.010516245,null,null,null,null,"TWOGAUSSIANS",8,3.8861415,0.18130983,0.01862113,0.12392253,0.11610422,0.19238521,0.27620673,0.501577,0.03958829,0.4,0.0,0.007741729,0.002680401
375316653866487564,3416990532323682944,0.48283297,2322.2681071449633,2.3447658970090393,2.8423081E-5,19.14235,0.030738665,0.23759548,0.02745829,0.0860772,0.018502722,0.39537,0.06995137,0.633635,0.11579309,0.113123536,0.09593251,0.08187426,0.08977904,null,null,null,null,"TWOGAUSSIANS",8,1.9889654,0.23769549,0.027264806,0.4,0.0,0.39247254,0.07204804,0.633635,0.11579309,0.4,0.22702521,0.07880797,0.094611205
375316653866487564,3416994788636476416,0.55532235,2291.0546422550888,3.143409610868086,1.5267533E-5,19.118835,0.016960938,0.26616204,0.009926174,0.07230093,0.033241652,0.42729077,0.20814924,0.77546954,0.0026237746,0.07034333,0.0041387836,0.45632556,0.029883098,null,null,null,null,"TWOGAUSSIANS",8,3.5392551,0.77546954,0.0026237746,0.39392266,0.021802984,0.4548206,0.029054934,0.26616204,0.009926174,0.4,0.15552753,0.4257858,0.21063069
375316653866487564,3417002313419008512,0.5364753,2301.1680479794045,2.9985672646149677,2.9180197E-5,18.806932,0.013853597,0.2701014,0.010250284,0.081636846,0.0121784825,0.27775937,0.0409082,0.75249404,0.0032861545,0.08551501,0.0059964717,0.2313872,0.015255839,null,null,null,null,"TWOGAUSSIANS",8,2.550907,0.2701014,0.010250284,0.4,0.0,0.27357703,0.041894022,0.75249404,0.0032861545,0.4,0.0,0.22720484,0.012555295
375316653866487564,3417011384391916288,0.46958375,2306.545145811737,3.9561298647573486,3.08543E-5,19.832083,0.031652477,0.18038186,0.007477253,0.08445281,0.013900297,0.57657486,0.10055767,0.66400146,0.005579149,0.08932351,0.012048332,0.4309273,0.04287211,null,null,null,null,"TWOGAUSSIANS",8,2.7083066,0.18038186,0.007477253,0.4,0.0,0.5645941,0.10883015,0.66400146,0.005579149,0.4,0.0,0.41894636,0.045367733
375316653866487564,3417014889085305600,0.5441926,2226.1233136260157,0.34209019683730413,7.982303E-5,19.14608,0.0062886393,0.30371752,0.0077039124,0.014691798,0.010099688,0.053227767,0.23827747,0.5825048,0.014564088,0.058139026,0.0077675637,0.34824228,0.014775902,null,null,null,null,"TWOGAUSSIANS",8,1.3903818,0.5825048,0.014564088,0.32557854,0.043498356,0.34824228,0.014775902,0.30371752,0.0077032465,0.08227407,0.05655825,0.053231306,0.23827495
375316653866487564,3417016435273562368,0.4827155,2292.5766839770668,0.08527974362480435,7.0211994E-5,19.364367,0.0069265715,0.31065735,0.040050153,0.060528643,0.025487073,0.057295524,0.033184536,0.93530154,0.0039868583,0.041225884,0.0040734923,0.17140916,0.0094423685,null,null,null,null,"TWOGAUSSIANS",8,1.0057083,0.93530154,0.0039868583,0.23086494,0.022811558,0.17140916,0.009442378,0.31065735,0.040050153,0.3389604,0.1427276,0.057295524,0.03318454
375316653866487564,3417018806093743360,0.5502583,2306.1302475001003,0.35633095497392714,7.3083764E-5,17.9278,0.0021234152,0.31328374,0.0040000076,0.024249008,0.0028641948,0.17269112,0.0059661614,0.78322935,0.050959595,0.03820009,0.03503335,0.21633969,32730.158,null,null,null,null,"TWOGAUSSIANS",8,1.7383449,0.78322935,0.050959595,0.21392052,0.19618677,0.21633969,32730.158,0.31328374,0.0040000076,0.13579445,0.01603949,0.17269112,0.0059661614
375316653866487564,3417019394505446272,0.68915933,2292.437453668954,0.4008432812222218,1.0109393E-5,15.211068,9.053434E-4,0.45331028,0.0018638299,0.027136685,0.0013712622,0.45777065,0.010789197,0.6436493,0.009962899,0.05489836,0.015199011,0.011577321,0.005164781,null,null,null,null,"TWOGAUSSIANS",8,8.290612,0.45331028,0.001865202,0.15196544,0.0076790685,0.45779902,0.010791982,0.6436493,0.009962899,0.3074308,0.085114464,0.011577321,0.005164781
375316653866487564,3417020768893264896,0.61839736,2270.5367895371564,0.9050465616339549,1.4178858E-4,18.281279,0.0029093358,0.38373557,0.08194435,0.05414151,0.04101596,0.07066321,0.04938586,0.80754316,9.81839E-4,0.02981943,0.0029350333,0.55863875,0.050473742,null,null,null,null,"TWOGAUSSIANS",8,1.6781389,0.80754316,9.81839E-4,0.16698882,0.016436188,0.55863875,0.05047378,0.38373557,0.08194435,0.30319247,0.13413234,0.07066321,0.04938704
375316653866487564,3417023582097678464,0.6003487,2305.244183653594,3.132167267146996,1.2169588E-5,19.716074,0.011242007,0.23549922,0.0052364157,0.030627256,0.004672576,0.64852345,0.042495172,0.724636,0.003033983,0.033341005,0.0040886556,0.5326687,0.038369868,0.10357757,0.031142423,0.23549922,0.0052364157,"TWOGAUSSIANS_WITH_ELLIPSOIDAL_ON_ECLIPSE1",9,2.2247815,0.23549922,0.0052364157,0.17151263,0.026166426,0.8556786,0.033457212,0.724996,0.00296315,0.18670963,0.022896472,0.7388919,0.033620548
375316653866487564,3417026055999018112,0.53318894,2305.4795315959623,3.5373831136219196,2.5029442E-5,16.81398,0.057644065,0.26143298,0.0068133236,0.11355772,0.025663063,0.2090784,0.054080322,0.7526634,0.0063146167,0.11349227,0.028852416,0.20011263,0.051542267,null,null,null,null,"TWOGAUSSIANS",8,10.414519,0.26145297,0.0068557644,0.4,0.0,0.17587718,0.012794481,0.7526634,0.0063146167,0.4,0.0,0.16691285,0.013351535
375316653866487564,3417026060294666240,0.6223799,2298.565414759225,3.2534653336911306,7.047576E-6,10.066429,0.010845853,0.24165817,0.0035782082,0.041404605,0.007465968,0.15602459,0.017319353,0.74193615,0.0029528714,0.04967343,0.00527824,0.22246301,0.02524029,0.11828418,0.013053091,0.24165817,0.0035782082,"TWOGAUSSIANS_WITH_ELLIPSOIDAL_ON_ECLIPSE1",9,284.95468,0.74193615,0.0026154174,0.2781712,0.029558145,0.45902973,0.018790007,0.24165817,0.0035782082,0.2318658,0.04180942,0.392592,0.01233769
375316653866487564,3417028048865173120,0.5305757,2230.6462442555885,3.696184432918022,1.5399592E-5,19.058458,0.013026035,0.26186022,0.0065203775,0.08066235,0.007870889,0.17084616,0.012816576,0.77325875,0.03736086,0.05500204,0.01915284,0.16001338,0.06049077,null,null,null,null,"TWOGAUSSIANS",8,1.0701143,0.26186022,0.0065203775,0.4,0.0,0.17057802,0.011831228,0.77325875,0.03736086,0.30801144,0.092110015,0.15974523,0.059168007
375316653866487564,3417033275839672192,0.498939,2213.836990622529,2.753144340809643,5.071531E-5,19.238335,0.14849415,0.24627966,0.011716265,0.14753215,0.0536519,0.34726697,0.13610834,0.7264986,0.0073508625,0.109603606,0.021573711,0.43298888,0.12216291,null,null,null,null,"TWOGAUSSIANS",8,2.554124,0.7264986,0.0073508625,0.4,0.0,0.33859456,0.045667227,0.24633966,0.011702897,0.4,0.0,0.25046977,0.027647123
375316653866487564,3417037257272929024,0.650283,2293.589805506674,2.3983086062608745,6.1126075E-6,15.656653,0.012142124,0.22424443,0.0019601719,0.10255663,0.0055742543,0.24597354,0.011560056,0.7204649,9.1083255E-4,0.09645882,0.0043477286,0.25700343,0.011156228,null,null,null,null,"TWOGAUSSIANS",8,8.950441,0.7204649,9.1083255E-4,0.4,0.0,0.23661736,0.0045859567,0.22424443,0.0019601719,0.4,0.0,0.22558478,0.00451856
375316653866487564,3417037703949600384,0.5396416,2311.943029336699,1.2498350836841787,8.688102E-6,18.100775,0.005737519,0.20970415,0.0013412385,0.036056925,0.001617025,0.24835336,0.0057763215,0.7159172,8.76378E-5,0.03081524,6.318373E-4,0.20698164,0.005752222,null,null,null,null,"TWOGAUSSIANS",8,5.108791,0.20970415,0.0013412385,0.20191877,0.00905534,0.24835336,0.0057763215,0.7159172,8.76378E-5,0.17256534,0.0035382886,0.20698164,0.005752222
375316653866487564,3417039494952469760,0.52005136,2303.69283578195,3.4384830347731774,2.3943884E-4,19.70285,0.008773071,0.6530683,0.0018252134,0.028871972,0.0052153883,5.480002,11.521793,null,null,null,null,null,null,null,null,null,null,"ONEGAUSSIAN",5,2.1303318,0.6530683,0.0018252134,0.16168305,0.029206175,5.480002,0.0,null,null,null,null,null,null
375316653866487564,3417050004736489600,0.6196601,2315.0437885357196,3.999144817681337,6.8981644E-6,16.520132,0.023703046,0.27845538,0.0011044032,0.040859167,0.006774585,0.38323504,0.058301803,null,null,null,null,null,null,0.18160383,0.047015723,0.27845538,0.0011044032,"ONEGAUSSIAN_WITH_ELLIPSOIDAL",6,31.26544,0.27845538,0.0011044032,0.22881134,0.037937675,0.7464426,0.03654598,null,null,null,null,null,null
375316653866487564,3417050107815753856,0.55257756,2331.5110400042468,4.548400146985079,2.5198728E-5,19.454119,0.007969194,0.42303988,0.014543682,0.016794326,0.012261176,0.5813468,0.47597787,0.64095855,0.0044302954,0.037690118,0.0050629447,0.11938577,0.028165575,null,null,null,null,"TWOGAUSSIANS",8,1.7042494,0.42303988,0.014543682,0.094048224,0.068662584,0.58134687,0.47597787,0.64095855,0.0044302954,0.21106467,0.028352492,0.11938577,0.028165575
375316653866487564,3417050898089750528,0.6084064,2327.4023694079606,2.420661832433128,9.187563E-6,16.77119,0.020475077,0.29013443,0.021574851,0.0526572,0.025735883,0.124650516,0.048909005,0.7791241,0.0029162767,0.05616523,0.04095665,0.076204784,0.5918787,0.098407626,0.025693964,0.7791241,0.0029162767,"TWOGAUSSIANS_WITH_ELLIPSOIDAL_ON_ECLIPSE2",9,8.260525,0.28730443,0.016052773,0.2948803,0.14412095,0.32076192,0.00829098,0.7791241,0.0029162767,0.31452528,0.22935724,0.2730156,0.61460054
375316653866487564,3417062923998279296,0.44177663,2301.6430927116544,0.3061340895777825,3.6420683E-5,17.527359,0.004289012,0.16913073,0.0056588375,0.06646272,0.007468471,0.11887787,0.012875495,0.8009617,0.106039345,0.06483616,0.048297983,0.08907298,0.048489194,null,null,null,null,"TWOGAUSSIANS",8,5.632719,0.16913073,0.005657311,0.37219122,0.041823436,0.11887595,0.01280564,0.8009617,0.106039345,0.3630825,0.12530173,0.08907108,0.0475234
375316653866487564,3417069727227997312,0.54149973,2293.1988296485897,1.410159296085315,3.8880997E-5,19.151648,0.0039560515,0.5302926,0.0059825294,0.0553636,0.007051166,0.5074176,0.4773195,null,null,null,null,null,null,null,null,null,null,"ONEGAUSSIAN",5,0.90440476,0.5302926,0.0059825294,0.31003615,0.03948653,0.5074176,0.0,null,null,null,null,null,null
375316653866487564,3417072407286075008,0.5565484,2391.8729321923183,0.01039074303805111,2.8349836E-5,18.453741,0.015065059,0.22204478,0.016575774,0.07766176,0.048907712,0.064421296,0.011968777,0.7504755,0.031027267,0.06940624,0.0120833395,0.86198336,0.44488835,null,null,null,null,"TWOGAUSSIANS",8,1.7537581,0.7504755,0.031027267,0.38867494,0.06705542,0.8613455,0.44499046,0.22204478,0.016575774,0.4,0.041796535,0.063783474,0.014736903
375316653866487564,3417082307184569728,0.55350995,2239.6213745531886,2.9955310338787777,1.36241415E-5,18.341301,0.016315134,0.28635377,0.004012851,0.09405969,0.010434578,0.26004314,0.014703381,0.7855087,0.0042879954,0.08957861,0.006156491,0.2927168,0.019784948,null,null,null,null,"TWOGAUSSIANS",8,3.449389,0.7855087,0.0042879954,0.4,0.0,0.2793649,0.015160324,0.28635377,0.004012851,0.4,0.0,0.246691,0.014768681
375316653866487564,3417082307186317568,0.5885101,2238.003966905174,2.1629377050777854,8.09809E-6,13.521842,0.012842251,0.1929684,0.030159442,0.07696176,0.019312501,0.49575123,0.09051578,0.6919365,0.0017007351,0.070274085,0.0035306576,0.3885509,0.015284769,null,null,null,null,"TWOGAUSSIANS",8,365.73676,0.1929684,0.030159442,0.4,0.0,0.49305516,0.08955285,0.6919365,0.0017007351,0.39353487,0.017258715,0.38585484,0.0137559455
375316653866487564,3417082955726331392,0.5621081,2268.5405137021335,3.6202563391356617,2.8777356E-5,19.924776,0.007376221,0.2484308,0.00866819,0.066411674,0.0088556055,0.68741244,0.13497306,0.7142305,0.013044308,0.043330576,0.009939046,0.5419724,0.08750454,null,null,null,null,"TWOGAUSSIANS",8,1.561846,0.2484308,0.00866819,0.3719054,0.04070983,0.6874037,0.13499732,0.7142305,0.013044308,0.24265122,0.055658657,0.54196364,0.087549165
375316653866487564,3417083849079600384,0.6382644,2231.0163679011575,2.924357188705941,4.316545E-6,18.3937,0.011544644,0.30822536,0.0013658376,0.045127403,0.004082533,0.48585996,0.03465352,0.8069224,0.0010605908,0.048576258,0.0030935367,0.37774956,0.030235248,0.13328151,0.016253447,0.30822536,0.0013658376,"TWOGAUSSIANS_WITH_ELLIPSOIDAL_ON_ECLIPSE1",9,3.1607852,0.30822536,0.0013658376,0.25271344,0.022862185,0.752422,0.03871153,0.8070724,8.8748976E-4,0.27202705,0.017323805,0.6442958,0.021764465
375316653866487564,3417084158315335936,0.5053515,2261.2511595731735,2.72940996146051,3.95686E-5,14.93138,0.008535875,0.69075745,0.0052361116,0.036070727,0.0063543664,0.41061363,0.055411115,null,null,null,null,null,null,null,null,null,null,"ONEGAUSSIAN",5,34.20287,0.69075745,0.0052361116,0.20199606,0.035584453,0.41061363,0.0,null,null,null,null,null,null
