Gaia/vari_eclipsing_binary/VariEclipsingBinary_229798-229821.csv
# %ECSV 1.0
# ---
# delimiter: ','
# meta: !!omap
# - RELEASE: Gaia DR3
# - TABLE: vari_eclipsing_binary
# - DESCRIPTION: >
#     This table describes the properties of the eclipsing binaries resulting from the variability analysis. 
# - CITATION: >
#     How to cite and acknowledge Gaia: 
#     https://gea.esac.esa.int/archive/documentation/credits.html 
# - KNOWN_ISSUES: >
#     Known issues: 
#     https://www.cosmos.esa.int/web/gaia-users/known-issues 
# - DOCUMENTATION: >
#     Tutorials and documentation: 
#     https://www.cosmos.esa.int/web/gaia-users/archive 
# datatype:
# - 
#   name: solution_id
#   datatype: int64
#   description: Solution Identifier
#   meta:
#     ucd: meta.version
# - 
#   name: source_id
#   datatype: int64
#   description: Unique source identifier
#   meta:
#     ucd: meta.id;meta.main
# - 
#   name: global_ranking
#   datatype: float32
#   description: Number between 0 (worst) and 1 (best)
#   meta:
#     ucd: stat.param
# - 
#   name: reference_time
#   datatype: float64
#   unit: d
#   description: Reference time used for the geometric model fit
#   meta:
#     ucd: time.epoch
# - 
#   name: frequency
#   datatype: float64
#   unit: d**-1
#   description: Frequency of geometric model of the eclipsing binary light curve
#   meta:
#     ucd: src.orbital
# - 
#   name: frequency_error
#   datatype: float32
#   unit: d**-1
#   description: "Uncertainty of \\texttt{frequency}"
#   meta:
#     ucd: stat.error
# - 
#   name: geom_model_reference_level
#   datatype: float32
#   unit: mag
#   description: Magnitude reference level of geometric model
#   meta:
#     ucd: phot.mag;em.opt
# - 
#   name: geom_model_reference_level_error
#   datatype: float32
#   unit: mag
#   description: "Uncertainty of \\texttt{geomModelReferenceLevel}"
#   meta:
#     ucd: stat.error;phot.mag;em.opt
# - 
#   name: geom_model_gaussian1_phase
#   datatype: float32
#   description: Phase of the Gaussian 1 component
#   meta:
#     ucd: time.phase
# - 
#   name: geom_model_gaussian1_phase_error
#   datatype: float32
#   description: "Uncertainty of \\texttt{geomModelGaussian1Phase}"
#   meta:
#     ucd: stat.error;time.phase
# - 
#   name: geom_model_gaussian1_sigma
#   datatype: float32
#   description: "Standard deviation [phase] of Gaussian 1 component"
#   meta:
#     ucd: stat.stdev
# - 
#   name: geom_model_gaussian1_sigma_error
#   datatype: float32
#   description: "Uncertainty of \\texttt{geomModelGaussian1Sigma}"
#   meta:
#     ucd: stat.error
# - 
#   name: geom_model_gaussian1_depth
#   datatype: float32
#   unit: mag
#   description: Magnitude depth of Gaussian 1 component
#   meta:
#     ucd: src.var.amplitude
# - 
#   name: geom_model_gaussian1_depth_error
#   datatype: float32
#   unit: mag
#   description: "Uncertainty of \\texttt{geomModelGaussian1Depth}"
#   meta:
#     ucd: stat.error;src.var.amplitude
# - 
#   name: geom_model_gaussian2_phase
#   datatype: float32
#   description: Phase of Gaussian 2 component
#   meta:
#     ucd: time.phase
# - 
#   name: geom_model_gaussian2_phase_error
#   datatype: float32
#   description: "Uncertainty of \\texttt{geomModelGaussian2Phase}"
#   meta:
#     ucd: stat.error;time.phase
# - 
#   name: geom_model_gaussian2_sigma
#   datatype: float32
[...]
#   datatype: float32
#   description: "Secondary eclipse: uncertainty of \\texttt{derivedSecondaryEclDuration}"
#   meta:
#     ucd: stat.error;time.duration
# - 
#   name: derived_secondary_ecl_depth
#   datatype: float32
#   unit: mag
#   description: "Secondary eclipse: depth"
#   meta:
#     ucd: src.var.amplitude
# - 
#   name: derived_secondary_ecl_depth_error
#   datatype: float32
#   unit: mag
#   description: "Secondary eclipse: uncertainty of \\texttt{derivedSecondaryEclDepth}"
#   meta:
#     ucd: stat.error;src.var.amplitude
solution_id,source_id,global_ranking,reference_time,frequency,frequency_error,geom_model_reference_level,geom_model_reference_level_error,geom_model_gaussian1_phase,geom_model_gaussian1_phase_error,geom_model_gaussian1_sigma,geom_model_gaussian1_sigma_error,geom_model_gaussian1_depth,geom_model_gaussian1_depth_error,geom_model_gaussian2_phase,geom_model_gaussian2_phase_error,geom_model_gaussian2_sigma,geom_model_gaussian2_sigma_error,geom_model_gaussian2_depth,geom_model_gaussian2_depth_error,geom_model_cosine_half_period_amplitude,geom_model_cosine_half_period_amplitude_error,geom_model_cosine_half_period_phase,geom_model_cosine_half_period_phase_error,model_type,num_model_parameters,reduced_chi2,derived_primary_ecl_phase,derived_primary_ecl_phase_error,derived_primary_ecl_duration,derived_primary_ecl_duration_error,derived_primary_ecl_depth,derived_primary_ecl_depth_error,derived_secondary_ecl_phase,derived_secondary_ecl_phase_error,derived_secondary_ecl_duration,derived_secondary_ecl_duration_error,derived_secondary_ecl_depth,derived_secondary_ecl_depth_error
[from data line 323]
375316653866487564,2021406021235389312,0.5461099,2256.210393042267,2.4033157269444234,2.191912E-5,19.435648,0.017722368,0.27701557,0.0046720984,0.08847417,0.007144327,0.41764113,0.018387238,0.77967393,0.0030706106,0.09338753,0.0053244964,0.39598495,0.019844364,null,null,null,null,"TWOGAUSSIANS",8,1.4695046,0.27701557,0.0046720984,0.4,0.0,0.39982536,0.013552125,0.77967393,0.0030706106,0.4,0.0,0.3781688,0.0155039225
375316653866487564,2021406055621533312,0.5810299,2244.4570394560824,0.38984841800637876,1.1365964E-5,14.995102,5.7917455E-4,0.20331319,3.1835045E-4,0.015981715,9.226623E-4,0.14953034,0.00929479,0.70441955,0.0021008917,0.014912692,0.0010608576,0.14040297,0.023602068,null,null,null,null,"TWOGAUSSIANS",8,7.0442023,0.20331319,3.1835045E-4,0.0894976,0.0051669087,0.14953034,0.00929479,0.70441955,0.0021008917,0.08351108,0.0059408024,0.14040297,0.023602068
375316653866487564,2021406227391154816,0.4448354,2225.6760958437335,0.36789626842142753,3.612196E-6,18.884527,0.0056388634,0.25178808,0.0016242104,0.015844218,0.0013845231,0.2262053,0.015342699,0.74203384,0.004960693,0.031568494,0.003997245,0.19698882,0.035238087,null,null,null,null,"TWOGAUSSIANS",8,5.3589563,0.25178808,0.0016242104,0.08872762,0.0077533294,0.2262053,0.015342699,0.74203384,0.004960693,0.17678356,0.022384573,0.19698882,0.035238087
375316653866487564,2021406227391226496,0.5389031,2252.2989593116995,2.451173976091956,7.025955E-6,19.499743,0.01656861,0.24837062,0.0035544392,0.07678594,0.0044871517,0.48411456,0.023073843,0.7436233,0.0045144875,0.07544452,0.0052372883,0.54199076,0.025546264,null,null,null,null,"TWOGAUSSIANS",8,3.0395088,0.7436233,0.0045144875,0.4,0.0,0.5377933,0.024565259,0.24837062,0.0035544392,0.4,0.0,0.4799171,0.021816315
375316653866487564,2021406360503276416,0.52233076,2250.679999936806,1.6538944893721463,1.434369E-5,18.494467,0.015572371,0.23916535,0.009652723,0.10470013,0.016525384,0.10309246,0.01587296,0.7419299,0.0033765614,0.077052966,0.008546565,0.23424502,0.016998138,null,null,null,null,"TWOGAUSSIANS",8,3.1774266,0.7419299,0.0033765614,0.4,0.0,0.22809698,0.015993018,0.23916535,0.009652723,0.4,0.0,0.096942104,0.011873092
375316653866487564,2021406467909377792,0.5687689,2255.544690100185,3.3914840975880214,8.732508E-6,19.293364,0.0059190374,0.2198188,0.0042345407,0.06345988,0.0039916206,0.56542647,0.018282505,0.7167796,0.0016887509,0.07205758,0.0017387519,0.686564,0.014713749,null,null,null,null,"TWOGAUSSIANS",8,2.6373012,0.7167796,0.0016887509,0.4,0.0011873757,0.6852896,0.014684991,0.2198188,0.0042345407,0.35537535,0.022353075,0.56415206,0.018429266
375316653866487564,2021406708456532480,0.68859273,2221.6102558675525,0.3851018046401711,6.037813E-6,16.299683,7.8874E-4,0.1569728,0.0057299337,0.018118694,0.009608107,0.3445105,24362.455,0.64895993,2.508629E-4,0.016810145,1.5975174E-4,0.7074979,0.0055821217,null,null,null,null,"TWOGAUSSIANS",8,3.0540087,0.64895993,2.508629E-4,0.09413681,8.946098E-4,0.7074979,0.0055821217,0.1569728,0.0057299337,0.10146468,0.053805396,0.3445105,24362.455
375316653866487564,2021407666173533696,0.46725708,2255.772546270292,0.8084265667865269,1.4537695E-5,19.057062,0.010571244,0.20739855,0.002086465,0.028549679,0.003776258,0.37234035,0.06288625,0.70404005,0.005915245,0.03497677,0.0046289847,0.30735803,0.042582415,0.037691567,0.017219575,0.20739855,0.002086465,"TWOGAUSSIANS_WITH_ELLIPSOIDAL_ON_ECLIPSE1",9,10.60552,0.20739855,0.002086465,0.15987821,0.021147044,0.44772348,0.06686861,0.7041201,0.0057747504,0.19586991,0.025922315,0.38270837,0.036722586
375316653866487564,2021407773582377856,0.55899525,2241.2184724752856,4.06470255886195,9.185984E-6,19.39005,0.008876441,0.20103285,0.0029083872,0.072804034,0.0059159514,0.6094993,0.05861298,0.69702196,0.002837011,0.071937025,0.0031278532,0.54321593,0.01631329,null,null,null,null,"TWOGAUSSIANS",8,1.8344638,0.20103285,0.0029083872,0.4,0.008037435,0.6068191,0.05988377,0.69702196,0.002837011,0.4,0.006766515,0.54053575,0.016020576
375316653866487564,2021408495163309184,0.49315548,2280.939266684964,0.40834653761979406,4.6259298E-5,16.451355,0.0012782813,0.20956014,0.0032141337,0.026487505,0.003502235,0.12947069,0.035609525,0.4405394,0.051048614,0.07637701,0.07696524,0.0035219854,0.0080836965,null,null,null,null,"TWOGAUSSIANS",8,5.903869,0.20957014,0.0032140345,0.14833003,0.019612517,0.12950706,0.035627767,0.4405394,0.051048614,0.4,0.38106528,0.0035219854,0.0080836965
375316653866487564,2021408873120585216,0.5176984,2287.8000347265797,2.5269614809102623,8.368853E-6,19.60463,0.017625842,0.28354466,0.0021332381,0.07826579,0.005017759,0.42368287,0.018936982,0.7887496,0.004646187,0.080614686,0.006324436,0.3908625,0.021720015,null,null,null,null,"TWOGAUSSIANS",8,2.899868,0.28354466,0.0021332381,0.4,0.0,0.41849893,0.017490232,0.7887496,0.004646187,0.4,0.0,0.38567856,0.020270377
375316653866487564,2021409010559331712,0.62842757,2256.1483794368064,0.8889169558308287,3.6227825E-6,17.100973,0.0019942163,0.23263468,0.0010561132,0.042900257,0.0011812786,0.2711425,0.009168083,0.731,8.1940985E-4,0.04255043,0.001001923,0.2699788,0.00830663,0.0321795,0.0031406453,0.23263468,0.0010561132,"TWOGAUSSIANS_WITH_ELLIPSOIDAL_ON_ECLIPSE1",9,3.1921105,0.23263468,0.0010561132,0.24024144,0.0066151605,0.33550143,0.00767763,0.73105,7.800809E-4,0.2382824,0.0056107687,0.33433113,0.0072441106
375316653866487564,2021409074922796160,0.61349684,2250.1759246252996,1.0169637916469316,4.093145E-6,18.646164,0.0034009218,0.2369928,0.006726929,0.052392107,0.005728719,0.08873423,0.012374918,0.7269918,7.595369E-4,0.03954458,5.998807E-4,0.8727647,0.021220738,null,null,null,null,"TWOGAUSSIANS",8,2.7795334,0.7269918,7.595369E-4,0.22144964,0.003359332,0.87276465,0.021220744,0.2369928,0.006726929,0.2933958,0.032080825,0.088734135,0.012374964
375316653866487564,2021409388516528384,0.41523123,2271.439054331922,0.6452574526691489,2.5788197E-5,18.913363,0.005887338,0.23831892,0.0039883545,0.012291909,0.005076273,0.11313267,0.07678058,0.7208385,0.005416162,0.028031625,0.008481406,0.19152975,0.02608009,null,null,null,null,"TWOGAUSSIANS",8,10.056412,0.7208385,0.005416162,0.1569771,0.04749587,0.19152975,0.02608009,0.23831892,0.0039883545,0.06883469,0.028427128,0.11313267,0.07678058
375316653866487564,2021409457208303616,0.4335245,2257.1831777239036,0.16701501949208541,2.7348324E-5,19.483149,0.015444438,0.24392547,0.016365182,0.0353044,0.04028046,0.038663097,0.037249975,0.5123343,0.006475547,0.060484875,0.0035315887,0.45333293,0.056973204,0.08027678,0.018015584,0.24392547,0.016365182,"TWOGAUSSIANS_WITH_ELLIPSOIDAL_ON_ECLIPSE1",9,6.682125,0.5144043,0.005893864,0.33871529,0.019776898,0.45571107,0.05747258,0.24396546,0.016464792,0.19770466,0.20296259,0.19924065,0.05054182
375316653866487564,2021409457236018944,0.59150445,2262.767706074385,0.39977049399587145,6.542554E-6,17.201178,9.244793E-4,0.23690657,0.0013022084,0.016378101,0.0014029292,0.11685068,0.0035889244,0.7402533,0.012991101,0.0123887025,0.0061919224,0.41168323,0.26180357,null,null,null,null,"TWOGAUSSIANS",8,2.0120294,0.7402533,0.012991101,0.06937674,0.034674767,0.41168323,0.26180357,0.23690657,0.0013022084,0.09171736,0.0078564035,0.11685068,0.0035889244
375316653866487564,2021409972605526144,0.5051612,2265.147034034216,2.6552812236417758,1.430351E-5,19.417515,0.01101287,0.21907564,0.0046460857,0.07198901,0.007037281,0.4219558,0.03332601,0.7151609,0.0055243922,0.06624265,0.0060172165,0.5132029,0.04263298,null,null,null,null,"TWOGAUSSIANS",8,5.297013,0.7151609,0.0055243922,0.37095883,0.033696413,0.5119986,0.042921975,0.21907564,0.0046460857,0.4,0.0251132,0.4207515,0.033682726
375316653866487564,2021410110044548096,0.4825955,2280.6197151820447,2.741316375674816,1.24928065E-5,19.082203,0.018155323,0.1829949,0.0036491994,0.08462468,0.008396137,0.23377056,0.019843515,0.6759106,0.004720634,0.09108458,0.012055147,0.2255269,0.018094005,null,null,null,null,"TWOGAUSSIANS",8,3.6975093,0.1829949,0.0036491994,0.4,0.0,0.22664501,0.017079432,0.6759106,0.004720634,0.4,0.0,0.21840122,0.01610011
375316653866487564,2021410384920350208,0.521338,2236.555168899469,0.35467124673421646,6.8867676E-6,17.047613,0.0022972585,0.34583256,0.0013066832,0.019041922,8.5808645E-4,0.2220547,0.014810899,0.8553528,0.007386891,0.0121636335,0.004063463,0.30006513,0.034118503,null,null,null,null,"TWOGAUSSIANS",8,11.611276,0.8553528,0.007386891,0.068116345,0.022755394,0.30006513,0.034118503,0.34583256,0.0013066832,0.106634766,0.004805284,0.2220547,0.014810899
375316653866487564,2021410522361169280,0.46935037,2244.510624240287,2.6468913933437306,1.4915049E-5,19.601103,0.02398321,0.23025319,0.011722899,0.09149318,0.018813958,0.21964556,0.026577998,0.73846805,0.003434196,0.08490135,0.009423573,0.27125406,0.025543831,null,null,null,null,"TWOGAUSSIANS",8,3.0541945,0.73846805,0.003434196,0.4,0.0,0.2636075,0.020104514,0.23025319,0.011722899,0.4,0.0,0.21199884,0.017459158
375316653866487564,2021410724190331520,0.53619695,2265.0848759780592,2.492571815969828,1.261353E-5,18.30619,0.00834346,0.3169191,0.0038778617,0.087736994,0.0043429392,0.33357343,0.012148354,0.8084821,0.003239011,0.088629924,0.0040247235,0.3244935,0.014626434,null,null,null,null,"TWOGAUSSIANS",8,5.7264185,0.3169191,0.0038778617,0.4,0.0,0.32325682,0.011175719,0.8084821,0.003239011,0.4,0.0,0.31417686,0.01429383
375316653866487564,2021410728519719296,0.5189204,2276.5829628344727,0.41564115300180593,2.0876592E-5,19.39399,0.004655339,0.26998928,0.0068957554,0.010708607,0.006390486,0.78220016,0.027298296,0.7693971,3.1302494E-4,0.006585934,9.421527E-4,0.21130216,0.039148025,null,null,null,null,"TWOGAUSSIANS",8,3.0867236,0.26998928,0.0068957554,0.0599682,0.03578672,0.78220016,0.027298296,0.7693971,3.1302494E-4,0.03688123,0.005276055,0.21130216,0.039148025
375316653866487564,2021410900344810752,0.6235227,2243.429635467168,1.9746585807941643,2.162607E-6,16.081375,0.0033583017,0.25878492,6.4068846E-4,0.08244938,0.0016753064,0.4215095,0.006673719,0.75996166,0.0012615679,0.085316174,0.001891331,0.28786013,0.00618815,null,null,null,null,"TWOGAUSSIANS",8,10.245834,0.25878492,6.4068846E-4,0.4,0.0,0.41352087,0.0071898513,0.75996166,0.0012615679,0.4,0.0,0.2798715,0.00628905
375316653866487564,2021412309067659520,0.49419042,2281.4002859496077,1.65219472477091,1.4647068E-5,19.645815,0.009764579,0.22946222,0.010296014,0.07069656,0.009011411,0.21170995,0.026863754,0.6980018,0.0042820023,0.060637105,0.005880224,0.4321141,0.030576892,null,null,null,null,"TWOGAUSSIANS",8,3.3390837,0.6980018,0.0042820023,0.33956778,0.032929253,0.43195188,0.030650826,0.22946222,0.010296014,0.39590076,0.04179353,0.21154773,0.026866293
375316653866487564,2021412648330631168,0.5773654,2262.948295428987,2.3007203620656016,5.1579595E-6,18.499308,0.015771525,0.23634098,0.0012900421,0.06159172,0.004081265,0.34454,0.034914702,0.7384086,0.0025347047,0.05485617,0.0044409116,0.30054462,0.036004238,0.09798497,0.020445075,0.23634098,0.0012900421,"TWOGAUSSIANS_WITH_ELLIPSOIDAL_ON_ECLIPSE1",9,5.0878096,0.23634098,0.0012900421,0.34491363,0.022855084,0.5404116,0.0092380205,0.7384086,0.0025347047,0.30719456,0.024869107,0.49638316,0.015266256
375316653866487564,2021412755748331136,0.5431372,2269.5559177282853,2.716572206866769,7.458597E-6,16.532017,0.0042024422,0.27013433,0.0019090984,0.017755957,0.030579,0.055602126,0.019420438,0.77206683,0.010878914,0.039623693,0.010755256,0.03458051,0.012156964,0.07502076,0.0066734357,0.27013433,0.0019090984,"TWOGAUSSIANS_WITH_ELLIPSOIDAL_ON_ECLIPSE1",9,13.042767,0.27013433,0.0019090984,0.09943336,0.1712424,0.20564356,0.029665755,0.77206683,0.010545495,0.22189267,0.06022943,0.18459983,0.00643106
375316653866487564,2021412820129323648,0.5071834,2271.441057239735,2.389870481196069,1.3909169E-5,18.666576,0.28054854,0.18170957,0.004138385,0.11915539,0.039522037,0.27441323,0.2594354,0.6843268,0.0035034097,0.12603901,0.056351043,0.25361225,0.27188888,null,null,null,null,"TWOGAUSSIANS",8,3.3099723,0.18168958,0.0042756884,0.4,0.0,0.2102041,0.01061382,0.6843468,0.0034537837,0.4,0.0,0.18929118,0.013751851
375316653866487564,2021413064940401536,0.5246589,2263.583912756751,2.881604073623041,1.1319834E-5,19.565916,0.022819303,0.17044367,0.0032328337,0.06712713,0.006223827,0.44065937,0.026333528,0.67311424,0.002803234,0.07554727,0.007180607,0.5302567,0.024605935,null,null,null,null,"TWOGAUSSIANS",8,3.111601,0.67311424,0.002803234,0.4,0.007964298,0.52830005,0.024764715,0.17044367,0.0032328337,0.37591192,0.034853432,0.4387028,0.025812404
375316653866487564,2021413163726726272,0.55276227,2247.7040585824852,3.4679023883808413,7.282292E-6,18.073114,0.021827945,0.15096359,0.0013525794,0.055783235,0.006299318,0.3220263,0.04321006,0.64537174,0.0072729043,0.05428666,0.009043037,0.3581097,0.05275339,0.079318486,0.026890982,0.15096359,0.0013525794,"TWOGAUSSIANS_WITH_ELLIPSOIDAL_ON_ECLIPSE1",9,13.681,0.6458917,0.006571018,0.3040053,0.050641004,0.5165497,0.050668195,0.15096359,0.0013525794,0.31238613,0.035276182,0.4806438,0.015084009
375316653866487564,2021413442943422720,0.5528717,2271.09055707655,2.104902281918725,5.585174E-6,19.302496,0.011310241,0.2807807,0.0014170158,0.048572723,0.0034699459,0.42540595,0.04995007,0.7979964,0.023669623,0.047823153,0.022760795,0.02674038,0.035686117,0.10214546,0.021470156,0.2807807,0.0014170158,"TWOGAUSSIANS_WITH_ELLIPSOIDAL_ON_ECLIPSE1",9,1.576553,0.2807807,0.0014170158,0.27200726,0.019431697,0.6296956,0.045920152,0.7979964,0.023669623,0.26780966,0.12746045,0.228649,0.0154539915
375316653866487564,2021413545977178112,0.54720724,2251.9626555545597,2.766680941574223,1.3302797E-5,19.262665,0.012479391,0.2941899,0.0034657496,0.044517584,0.0058944775,0.16610596,0.044405162,0.7711077,0.0064303577,0.05170667,0.011234735,0.15956314,0.025762582,0.11332596,0.018144744,0.2941899,0.0034657496,"TWOGAUSSIANS_WITH_ELLIPSOIDAL_ON_ECLIPSE1",9,2.6292424,0.2941899,0.0034657496,0.24929847,0.033009075,0.39275753,0.032580562,0.7764177,0.0038808368,0.28955737,0.06291451,0.38256106,0.01805968
375316653866487564,2021413576043641600,0.49893937,2250.0763513864817,2.8234424191160743,9.838072E-6,18.669647,0.009361488,0.23886175,0.0047913906,0.087510966,0.008625295,0.1671512,0.009776765,0.73564947,0.0037584787,0.08528785,0.008661689,0.2104312,0.017404117,null,null,null,null,"TWOGAUSSIANS",8,3.4213588,0.73564947,0.0037584787,0.4,0.0,0.2050424,0.019114438,0.23886175,0.0047913906,0.4,0.0,0.16176239,0.008311873
375316653866487564,2021414606835842560,0.46491665,2259.117118766413,3.0722919548938816,1.4983601E-5,18.881433,0.0034695745,0.5824636,0.0038966304,0.006145674,0.0010164208,0.83294725,0.6283534,0.8268019,0.027508674,0.019755531,0.024533987,0.036324855,1.488134,null,null,null,null,"TWOGAUSSIANS",8,3.5468888,0.5824636,0.0038966304,0.034415774,0.0056919563,0.83294725,0.6283534,0.8268019,0.027508674,0.11063097,0.13739033,0.036324855,1.488134
375316653866487564,2021414611174301440,0.60943514,2262.548886605999,0.2028777788727935,6.0369104E-5,15.635336,6.2531786E-4,0.4183674,0.0010146933,0.017307874,0.0012695652,0.4911349,0.06067644,0.6988808,0.018340794,0.013888844,0.0077665607,0.006973615,0.0051719947,null,null,null,null,"TWOGAUSSIANS",8,7.0193577,0.4183674,0.0010146933,0.0969241,0.007109565,0.4911349,0.06067644,0.6988808,0.018340794,0.07777753,0.04349274,0.006973615,0.0051719947
