Gaia/vari_eclipsing_binary/VariEclipsingBinary_138124-140299.csv
# %ECSV 1.0
# ---
# delimiter: ','
# meta: !!omap
# - RELEASE: Gaia DR3
# - TABLE: vari_eclipsing_binary
# - DESCRIPTION: >
#     This table describes the properties of the eclipsing binaries resulting from the variability analysis. 
# - CITATION: >
#     How to cite and acknowledge Gaia: 
#     https://gea.esac.esa.int/archive/documentation/credits.html 
# - KNOWN_ISSUES: >
#     Known issues: 
#     https://www.cosmos.esa.int/web/gaia-users/known-issues 
# - DOCUMENTATION: >
#     Tutorials and documentation: 
#     https://www.cosmos.esa.int/web/gaia-users/archive 
# datatype:
# - 
#   name: solution_id
#   datatype: int64
#   description: Solution Identifier
#   meta:
#     ucd: meta.version
# - 
#   name: source_id
#   datatype: int64
#   description: Unique source identifier
#   meta:
#     ucd: meta.id;meta.main
# - 
#   name: global_ranking
#   datatype: float32
#   description: Number between 0 (worst) and 1 (best)
#   meta:
#     ucd: stat.param
# - 
#   name: reference_time
#   datatype: float64
#   unit: d
#   description: Reference time used for the geometric model fit
#   meta:
#     ucd: time.epoch
# - 
#   name: frequency
#   datatype: float64
#   unit: d**-1
#   description: Frequency of geometric model of the eclipsing binary light curve
#   meta:
#     ucd: src.orbital
# - 
#   name: frequency_error
#   datatype: float32
#   unit: d**-1
#   description: "Uncertainty of \\texttt{frequency}"
#   meta:
#     ucd: stat.error
# - 
#   name: geom_model_reference_level
#   datatype: float32
#   unit: mag
#   description: Magnitude reference level of geometric model
#   meta:
#     ucd: phot.mag;em.opt
# - 
#   name: geom_model_reference_level_error
#   datatype: float32
#   unit: mag
#   description: "Uncertainty of \\texttt{geomModelReferenceLevel}"
#   meta:
#     ucd: stat.error;phot.mag;em.opt
# - 
#   name: geom_model_gaussian1_phase
#   datatype: float32
#   description: Phase of the Gaussian 1 component
#   meta:
#     ucd: time.phase
# - 
#   name: geom_model_gaussian1_phase_error
#   datatype: float32
#   description: "Uncertainty of \\texttt{geomModelGaussian1Phase}"
#   meta:
#     ucd: stat.error;time.phase
# - 
#   name: geom_model_gaussian1_sigma
#   datatype: float32
#   description: "Standard deviation [phase] of Gaussian 1 component"
#   meta:
#     ucd: stat.stdev
# - 
#   name: geom_model_gaussian1_sigma_error
#   datatype: float32
#   description: "Uncertainty of \\texttt{geomModelGaussian1Sigma}"
#   meta:
#     ucd: stat.error
# - 
#   name: geom_model_gaussian1_depth
#   datatype: float32
#   unit: mag
#   description: Magnitude depth of Gaussian 1 component
#   meta:
#     ucd: src.var.amplitude
# - 
#   name: geom_model_gaussian1_depth_error
#   datatype: float32
#   unit: mag
#   description: "Uncertainty of \\texttt{geomModelGaussian1Depth}"
#   meta:
#     ucd: stat.error;src.var.amplitude
# - 
#   name: geom_model_gaussian2_phase
#   datatype: float32
#   description: Phase of Gaussian 2 component
#   meta:
#     ucd: time.phase
# - 
#   name: geom_model_gaussian2_phase_error
#   datatype: float32
#   description: "Uncertainty of \\texttt{geomModelGaussian2Phase}"
#   meta:
#     ucd: stat.error;time.phase
# - 
#   name: geom_model_gaussian2_sigma
#   datatype: float32
[...]
#   datatype: float32
#   description: "Secondary eclipse: uncertainty of \\texttt{derivedSecondaryEclDuration}"
#   meta:
#     ucd: stat.error;time.duration
# - 
#   name: derived_secondary_ecl_depth
#   datatype: float32
#   unit: mag
#   description: "Secondary eclipse: depth"
#   meta:
#     ucd: src.var.amplitude
# - 
#   name: derived_secondary_ecl_depth_error
#   datatype: float32
#   unit: mag
#   description: "Secondary eclipse: uncertainty of \\texttt{derivedSecondaryEclDepth}"
#   meta:
#     ucd: stat.error;src.var.amplitude
solution_id,source_id,global_ranking,reference_time,frequency,frequency_error,geom_model_reference_level,geom_model_reference_level_error,geom_model_gaussian1_phase,geom_model_gaussian1_phase_error,geom_model_gaussian1_sigma,geom_model_gaussian1_sigma_error,geom_model_gaussian1_depth,geom_model_gaussian1_depth_error,geom_model_gaussian2_phase,geom_model_gaussian2_phase_error,geom_model_gaussian2_sigma,geom_model_gaussian2_sigma_error,geom_model_gaussian2_depth,geom_model_gaussian2_depth_error,geom_model_cosine_half_period_amplitude,geom_model_cosine_half_period_amplitude_error,geom_model_cosine_half_period_phase,geom_model_cosine_half_period_phase_error,model_type,num_model_parameters,reduced_chi2,derived_primary_ecl_phase,derived_primary_ecl_phase_error,derived_primary_ecl_duration,derived_primary_ecl_duration_error,derived_primary_ecl_depth,derived_primary_ecl_depth_error,derived_secondary_ecl_phase,derived_secondary_ecl_phase_error,derived_secondary_ecl_duration,derived_secondary_ecl_duration_error,derived_secondary_ecl_depth,derived_secondary_ecl_depth_error
375316653866487564,1214989520110520960,0.44363335,2168.07016460455,1.4633281454617109,5.652182E-5,18.4401,0.018002348,0.21508034,0.011375278,0.10103479,0.023510916,0.11617629,0.022211898,0.70866126,0.011186657,0.097965434,0.019710155,0.12809815,0.019442849,null,null,null,null,"TWOGAUSSIANS",8,4.94702,0.70866126,0.011186657,0.4,0.0,0.11853724,0.013983788,0.21508034,0.011374696,0.4,0.0,0.10661481,0.020783907
375316653866487564,1214990928859802624,0.45741263,2169.94205413962,3.4914223662209127,6.0885734E-5,18.728903,0.007663493,0.16963218,0.027858214,0.045119796,0.032954693,0.038379684,0.0073586614,0.5071201,0.018255921,0.11230989,0.01725253,0.15119423,0.020863922,null,null,null,null,"TWOGAUSSIANS",8,3.1275249,0.5071201,0.018255921,0.4,0.0,0.15116495,0.020736732,0.17213218,0.026621688,0.25267085,0.15764433,0.040060308,0.007815819
375316653866487564,1215073460951734272,0.54157335,2216.2312954560957,0.43742057770037174,1.1020135E-5,17.875603,0.0020194529,0.52960914,0.0029469088,0.025146494,0.007852314,0.19603072,14.281474,0.8813111,3.5555082E-4,0.012098544,5.4711057E-4,0.18350945,0.001844456,null,null,null,null,"TWOGAUSSIANS",8,1.9813535,0.52960914,0.0029469088,0.14082037,0.04397296,0.19603072,14.281474,0.8813111,3.5555082E-4,0.06775185,0.0030638191,0.18350945,0.001844456
375316653866487564,1215089098928033792,0.58163214,2177.0125753403618,2.8093418938377095,1.8791152E-5,14.672656,0.01653986,0.2674362,0.0060263365,0.08201253,0.006150509,0.4901277,0.022227926,0.7689905,0.0023423096,0.08363747,0.00470808,0.46461603,0.015909398,null,null,null,null,"TWOGAUSSIANS",8,249.03325,0.2674362,0.0060263365,0.4,0.0,0.48038036,0.017950373,0.7689905,0.0023423096,0.4,0.0,0.45486867,0.013183862
375316653866487564,1215114387695489024,0.50859207,2174.2947845248077,0.2855906846387067,6.0490747E-5,19.797993,0.0076199695,0.28837946,0.007973273,0.043864623,0.0044261245,0.8031497,0.18998544,0.68595487,5.6200475E-4,0.012665813,0.0012011562,0.30057162,0.023781288,null,null,null,null,"TWOGAUSSIANS",8,2.1242633,0.28837946,0.007973273,0.24564189,0.024786297,0.8031497,0.18998544,0.68595487,5.6200475E-4,0.07092855,0.0067264745,0.30057162,0.023781288
375316653866487564,1215142974997739904,0.54266727,2201.3548342997833,4.195895680810705,1.9852841E-5,19.279354,0.012300337,0.19431825,0.002191454,0.051987045,0.003343027,0.4505292,0.019120388,0.72077656,0.016204856,0.090404354,0.030419048,0.24659252,0.53272533,null,null,null,null,"TWOGAUSSIANS",8,2.2520103,0.19431825,0.002191454,0.29112744,0.01872095,0.44989988,0.018855285,0.72077656,0.016204856,0.4,0.028715873,0.24596295,0.5334715
375316653866487564,1215163281603021312,0.57924545,2186.4437221683315,3.355306664878659,1.2550663E-5,16.776773,0.020905565,0.22428305,0.005309757,0.08601403,0.013726954,0.36025023,0.043274105,0.71979636,0.0024037836,0.08306675,0.005003021,0.3686913,0.020111877,null,null,null,null,"TWOGAUSSIANS",8,16.603033,0.71979636,0.0024037836,0.4,0.0,0.36019215,0.012807702,0.22428305,0.005309757,0.4,0.0,0.3517511,0.051219076
375316653866487564,1215233474253353600,0.47951335,2113.479166625218,4.810042638123838,3.503242E-5,19.115713,0.08249161,0.24857193,0.009277286,0.11735899,0.03128382,0.19553898,0.08243735,0.76024663,0.008512865,0.11872133,0.02903985,0.23964514,0.07951122,null,null,null,null,"TWOGAUSSIANS",8,2.2303069,0.7602866,0.00867107,0.4,0.0,0.19838065,0.021851774,0.24850193,0.009235335,0.4,0.0,0.1542989,0.02006364
375316653866487564,1215467021690298880,0.54212433,2183.5265150794257,0.5119754384769117,7.836701E-5,14.665802,0.010530991,0.2676181,0.0070105037,0.037731193,0.006532036,0.72768563,0.1346554,0.7519767,0.018006392,0.049213935,0.031658463,0.28504887,1.2313327,0.02030993,0.016428053,0.2676181,0.0070105037,"TWOGAUSSIANS_WITH_ELLIPSOIDAL_ON_ECLIPSE1",9,538.7255,0.2676181,0.0070105037,0.21129468,0.0365794,0.7683051,0.13888305,0.75238675,0.017724989,0.27559802,0.17728738,0.32528755,1.2350259
375316653866487564,1215478600922135424,0.6515345,2192.3539342222134,2.6530112544077142,5.5079204E-6,14.0081625,0.0055784355,0.27181703,0.001843045,0.07220253,0.0019336151,0.53170884,0.007426172,0.77308166,0.0011949063,0.07999661,0.0016780309,0.54081345,0.006933358,null,null,null,null,"TWOGAUSSIANS",8,111.55737,0.77308166,0.0011949063,0.4,0.0,0.53608644,0.0064614112,0.27181703,0.001843045,0.4,0.0,0.52698183,0.0068631144
375316653866487564,1215527524894417152,0.5178949,2192.023584795215,0.5158871134798463,2.7677514E-5,18.72777,0.0034223665,0.34196573,9.593312E-5,0.009222339,1.4744759E-4,0.349208,0.0036205316,0.8256211,5.8593425E-5,0.013869023,3.0852034E-4,0.38953936,0.0036497589,null,null,null,null,"TWOGAUSSIANS",8,3.0646405,0.8256211,5.8593425E-5,0.07766653,0.0017277139,0.38953936,0.0036497589,0.34196573,9.593312E-5,0.0516451,8.2570646E-4,0.349208,0.0036205316
375316653866487564,1215598099796604928,0.49412638,2193.2698707823383,3.18382199765704,1.5196888E-5,19.850069,0.01934395,0.23576507,0.0036939692,0.08926641,0.006414444,0.40217155,0.020199351,0.7343454,0.009103869,0.092749245,0.023245031,0.2890169,0.055858254,null,null,null,null,"TWOGAUSSIANS",8,1.723738,0.23576507,0.0036939692,0.4,0.0,0.3869244,0.013558516,0.7343454,0.009103869,0.4,0.0,0.2737696,0.0671543
375316653866487564,1215683346307969024,0.5797048,2143.326619880547,3.992982311559355,1.3060755E-5,19.129992,0.024504725,0.21939357,0.0031674788,0.051895972,0.008021097,0.33064443,0.048148792,0.7158647,0.0050800745,0.04765283,0.005222541,0.34334958,0.060652357,0.1047901,0.026774101,0.21939357,0.0031674788,"TWOGAUSSIANS_WITH_ELLIPSOIDAL_ON_ECLIPSE1",9,2.5434895,0.7162147,0.0045722034,0.26685587,0.029246228,0.5528333,0.01587905,0.21939357,0.0031674788,0.29061747,0.044918142,0.54022104,0.024281578
375316653866487564,1215756468126616320,0.4512557,2146.905520601657,0.6505415174670639,1.5773627E-4,16.811836,0.0040842,0.3384923,0.004301049,0.0057858024,0.001866546,2.3523238,35.856197,0.8185523,0.04974932,0.047746643,0.058816,0.05767313,6.8550425,null,null,null,null,"TWOGAUSSIANS",8,62.096054,0.3384923,0.004301049,0.032400496,0.010452657,2.3523238,35.856197,0.8185523,0.04974932,0.26738122,0.3293696,0.05767313,6.8550425
375316653866487564,1215920192280253824,0.5268275,2129.08140323411,2.105792084283093,1.2491402E-5,17.00537,0.0028366342,0.23844968,0.0010202467,0.027951008,0.0025867824,0.3610715,0.06751934,0.7418566,0.0019083649,0.030350612,0.0017974463,0.25547016,0.024584124,0.026306346,0.005172347,0.23844968,0.0010202467,"TWOGAUSSIANS_WITH_ELLIPSOIDAL_ON_ECLIPSE1",9,23.181622,0.23844968,0.0010202467,0.15652564,0.014485981,0.4136842,0.06836299,0.7418566,0.0019083649,0.16996343,0.010065699,0.30805874,0.02450319
375316653866487564,1215929327675028608,0.5774358,2165.262088631623,4.573604104752507,8.478807E-6,19.29352,0.0075659743,0.2236468,0.0020800447,0.030897481,0.0040120864,0.60202706,0.03849563,0.72086245,0.0018556594,0.03262277,0.0017121967,0.6720662,0.034236655,0.048792407,0.010206243,0.2236468,0.0020800447,"TWOGAUSSIANS_WITH_ELLIPSOIDAL_ON_ECLIPSE1",9,2.5576923,0.7208924,0.0018295326,0.1826875,0.009588301,0.7696214,0.033376887,0.2236468,0.0020800447,0.17302589,0.022467684,0.6996118,0.035851233
375316653866487564,1215953452507017344,0.545644,2143.1590187579445,3.425246630490901,1.1396193E-5,13.986751,0.122783005,0.13868687,0.0020537262,0.21534634,0.022875119,1.0998662,0.10541728,0.63653904,0.0018934573,0.1872777,0.018345565,1.0480378,0.143384,null,null,null,null,"TWOGAUSSIANS",8,69.64044,0.63653904,0.0018934573,0.4,0.0,0.20973098,0.0068980088,0.14035687,0.002233062,0.4,0.0,0.17248093,0.008987496
375316653866487564,1215991110782817152,0.5255784,2108.8183746335067,1.5839538404787277,5.6411172E-6,17.603792,0.0028967368,0.27724212,0.0034145277,0.025569825,0.0025904814,0.23838711,0.015561137,0.7777476,0.001340909,0.014597931,0.0019879057,0.05413679,0.0053524724,null,null,null,null,"TWOGAUSSIANS",8,6.4525743,0.27724212,0.0034145277,0.14319101,0.014506696,0.23838711,0.015561137,0.7777476,0.001340909,0.08174841,0.011132273,0.05413679,0.0053524724
375316653866487564,1216081163358270464,0.47595268,2099.4499399502192,0.8112921597868787,7.085608E-6,19.19627,0.0028542138,0.10023334,0.0033969167,0.0070396946,0.0029593369,0.5988457,2.9224,0.65997565,0.003832926,0.014472376,0.0024063983,0.050450288,0.003518864,null,null,null,null,"TWOGAUSSIANS",8,2.2483985,0.10023334,0.0033969167,0.03942229,0.016572285,0.5988457,2.9224,0.65997565,0.003832926,0.0810453,0.013475831,0.050450288,0.003518864
375316653866487564,1216232281786269056,0.43529323,2118.8513382419615,3.998381506997507,1.057942E-4,19.31498,0.01455792,0.21427023,0.008495437,0.02317148,0.006314051,0.76946443,0.33776566,0.5223926,0.008293937,0.045327656,0.00510068,0.22403146,0.048931364,0.036107738,0.021027906,0.21427023,0.008495437,"TWOGAUSSIANS_WITH_ELLIPSOIDAL_ON_ECLIPSE1",9,7.3046985,0.21427023,0.008495437,0.1297603,0.035358686,0.84167963,0.3401561,0.52528256,0.008023663,0.25383487,0.028563807,0.23367919,0.05230935
375316653866487564,1216254095921268992,0.46093354,2110.706070377476,1.2237268291484107,5.907899E-5,19.109034,0.004112226,0.5172832,0.03149469,0.02811548,0.02984172,0.039682455,0.023975696,0.8547515,0.0036715562,0.012915917,0.005128893,0.39777225,0.49987543,null,null,null,null,"TWOGAUSSIANS",8,3.3712752,0.8547515,0.0036715562,0.072329134,0.028721802,0.39777225,0.49987543,0.5172832,0.03149469,0.15744668,0.16711362,0.039682455,0.023975696
375316653866487564,1216293850138674816,0.5110999,2096.2067545710984,2.6618763489271084,1.2066328E-5,18.133986,0.004222443,0.62647736,0.018447533,0.008827864,0.0038293758,3.945987,27.476309,null,null,null,null,null,null,null,null,null,null,"ONEGAUSSIAN",5,18.079546,0.62647736,0.018447533,0.04943604,0.021444505,3.945987,0.0,null,null,null,null,null,null
375316653866487564,1216294026236714496,0.52549523,2108.85761181415,1.8888054903968137,7.4663367E-6,17.291292,0.003289267,0.15133187,7.850951E-4,0.022231089,0.0011099923,0.5256527,0.053359453,0.2894431,0.039368555,0.061113153,0.073813185,0.016380206,0.0068943994,null,null,null,null,"TWOGAUSSIANS",8,11.565536,0.15137187,7.207417E-4,0.1244941,0.0062159565,0.52692807,0.056172527,0.2894431,0.039368555,0.34223366,0.22535275,0.016380208,0.0068972977
375316653866487564,1216330997315122560,0.62776,2049.969460917549,3.4225005334627454,2.365619E-6,16.307968,0.017344452,0.2641795,0.0018712399,0.052007,0.0042380034,0.39384714,0.03871477,0.76235855,0.001294956,0.05371804,0.003428909,0.49758124,0.03435884,0.10120697,0.020277813,0.2641795,0.0018712399,"TWOGAUSSIANS_WITH_ELLIPSOIDAL_ON_ECLIPSE1",9,37.76251,0.7625086,0.0011361511,0.30082104,0.01920189,0.69995844,0.010328064,0.2641795,0.0018712399,0.2912392,0.023732819,0.5962486,0.011339445
375316653866487564,1216362092878937472,0.59778875,2094.035619301552,2.7369440577570625,9.647967E-6,17.762043,0.0069327736,0.26053315,0.0029176695,0.084015414,0.0047059297,0.3122507,0.008685617,0.75358546,0.0017374351,0.07674214,0.0028630246,0.39179936,0.008762258,null,null,null,null,"TWOGAUSSIANS",8,4.7898407,0.75358546,0.0017374351,0.4,0.0,0.38698977,0.008374403,0.26053315,0.0029176695,0.4,0.0,0.30744112,0.008598592
375316653866487564,1216375974212763648,0.5788415,2081.1576770678016,4.3179293997569745,4.570933E-6,19.087587,0.0083288355,0.24128471,0.0010289198,0.048469644,0.0028123795,0.4421227,0.02218695,0.7408823,0.0031780857,0.052729122,0.00297759,0.38679576,0.028345643,0.11893952,0.01160752,0.24128471,0.0010289198,"TWOGAUSSIANS_WITH_ELLIPSOIDAL_ON_ECLIPSE1",9,2.5798054,0.24128471,0.0010289198,0.27143,0.015749326,0.67999524,0.018405383,0.7409323,0.0027984544,0.29528308,0.016674504,0.6246669,0.021439126
375316653866487564,1216377928418985216,0.5376362,2064.8899317173496,1.3508851697753388,2.1620986E-6,18.196093,0.004299966,0.29055855,1.772175E-4,0.016299827,5.19477E-4,0.7402295,0.028009064,0.7875663,0.019888807,0.016076954,0.011472864,0.19538246,0.041106977,null,null,null,null,"TWOGAUSSIANS",8,9.035698,0.29055855,1.772175E-4,0.09127903,0.0029090713,0.7402295,0.028009064,0.7875663,0.019888807,0.090030946,0.06424804,0.19538246,0.041106977
375316653866487564,1216406554379406976,0.52252376,2124.9756425456862,3.0433111108644604,1.3989847E-5,13.397611,0.37056303,0.23706697,0.003346619,0.20083281,0.034536928,1.1747078,0.35858342,0.73393905,0.0033887427,0.19971123,0.031133648,1.203935,0.2937797,null,null,null,null,"TWOGAUSSIANS",8,213.60435,0.73393905,0.0033887427,0.4,0.0,0.22734912,0.010741115,0.23990697,0.0031651421,0.4,0.0,0.19709653,0.007349763
375316653866487564,1216415384832127232,0.52535987,2072.5136908894974,1.8927959964917471,4.7165104E-5,13.94592,0.002653406,0.8505298,1.3078022E-5,0.0051470413,9.654324E-5,1.1244347,0.03474741,null,null,null,null,null,null,0.005856348,0.0043621208,0.8505298,1.3078022E-5,"ONEGAUSSIAN_WITH_ELLIPSOIDAL",6,292.88004,0.8505298,1.3078022E-5,0.028823432,5.406421E-4,1.1361474,0.04225336,null,null,null,null,null,null
375316653866487564,1216432255464219136,0.47264096,2115.2013444471,0.4795470931221971,1.6419097E-5,17.309435,0.0032246273,0.62003577,7.8372896E-4,0.017153194,0.0013802906,0.26432812,0.009569242,null,null,null,null,null,null,0.0064085927,0.0061118454,0.62003577,7.8372896E-4,"ONEGAUSSIAN_WITH_ELLIPSOIDAL",6,18.12255,0.62003577,7.8372896E-4,0.096057884,0.0077296277,0.2771453,0.010700619,null,null,null,null,null,null
375316653866487564,1216463694624383744,0.46677315,2089.334153874421,3.289349683591399,3.0809682E-5,17.649477,0.5960656,0.28515074,0.007935126,0.11141222,0.08175938,0.1738526,0.45275268,0.7786506,0.0064411242,0.12733379,0.15465456,0.16134527,0.57844305,null,null,null,null,"TWOGAUSSIANS",8,12.210702,0.28521076,0.007886488,0.4,0.0,0.13892823,0.017665613,0.7786506,0.0064411242,0.4,0.0,0.12628861,0.011014528
375316653866487564,1216502654269055872,0.49539918,2118.7941441953108,4.082503863412353,1.3832138E-5,17.776796,0.0045721573,0.27928603,0.006133583,0.07362178,0.006372448,0.15431903,0.011216374,0.77707005,0.005233381,0.08640883,0.011583442,0.1322271,0.036390807,null,null,null,null,"TWOGAUSSIANS",8,3.9273055,0.27928603,0.006133583,0.4,0.015519711,0.15226483,0.011289745,0.77707005,0.005233381,0.4,0.0,0.13017286,0.03744391
375316653866487564,1216569900574087808,0.5480963,2114.227847119098,3.8389382181753637,7.2095963E-6,15.05236,0.04830731,0.25299075,0.0073445905,0.043718535,0.01567051,0.35577452,0.10746594,0.7440965,0.0065154713,0.054556105,0.008912467,0.97482836,0.1150756,0.1152399,0.068547495,0.25299075,0.0073445905,"TWOGAUSSIANS_WITH_ELLIPSOIDAL_ON_ECLIPSE1",9,1270.115,0.7445665,0.006096557,0.3055142,0.049909815,1.2046143,0.115543775,0.25299075,0.0073445905,0.2448238,0.08775485,0.5862418,0.05182767
375316653866487564,1216592779862610816,0.5725579,2120.1886066019683,1.9201771012582494,9.682312E-6,18.972454,0.0028731106,0.35659242,0.0023128306,0.029913992,0.0024954893,0.2313164,0.037446685,0.85221815,0.0010720002,0.023836944,0.0021654433,0.58023155,0.01950511,null,null,null,null,"TWOGAUSSIANS",8,2.5670195,0.85221815,0.0010720002,0.1334869,0.012126483,0.58023155,0.01950511,0.35659242,0.0023128306,0.16751835,0.01397474,0.2313164,0.037446685
375316653866487564,1216611475857422464,0.46982607,2071.6957733094314,4.211668455646824,2.6107538E-5,18.610706,0.012651383,0.18463847,0.0049118428,0.08308302,0.008863503,0.1571874,0.015078731,0.6798315,0.007826414,0.09905514,0.014048057,0.15608864,0.017288491,null,null,null,null,"TWOGAUSSIANS",8,4.4141326,0.18463847,0.0049118428,0.4,0.0,0.15049222,0.012730315,0.6798315,0.007826414,0.4,0.0,0.14939253,0.017638057
375316653866487564,1216696030876418944,0.45634976,2144.708191701684,0.42302755737997844,1.8740984E-4,18.158276,0.056352876,0.24800059,0.061161634,0.16681626,0.2876686,0.028593935,0.052887116,0.723306,0.01792554,0.059721947,0.024540488,0.81865007,10.91706,null,null,null,null,"TWOGAUSSIANS",8,3.528409,0.723306,0.01792554,0.33444288,0.13742673,0.813024,10.924163,0.24800059,0.061161634,0.4,0.31248623,0.022270974,0.00872518
